10.63015,10.63015,10.63015,10.63015,9.89949,10.0,9.21954,9.21954,9.21954,10.0,9.43398,9.43398,9.43398,9.43398,9.43398,8.94427,8.94427,8.94427,8.94427,8.94427,8.94427,8.94427,8.94427,8.94427,9.84886,9.48683,9.84886,9.84886,9.84886,9.84886,9.43398,9.43398,9.43398,9.43398,8.60233,8.60233,8.60233,9.21954,8.48528,8.48528,7.07107,7.07107,7.07107,7.07107,6.40312,6.40312,6.40312,5.83095,5.83095,5.83095,4.47214,4.47214,65.19202,61.03278,63.00794,59.07622,58.03447,52.00961,54.00926,55.03635,50.03998,48.25971,46.87217,51.1957,47.80167,45.89118,48.27007,52.17279,44.91102,47.29693,46.17359,47.80167,48.50773,44.27189,48.46648,43.86342,47.53946,46.51881,47.53946,47.53946,46.09772,46.09772,48.10405,45.18849,47.92703,46.09772,48.38388,46.84015,49.76947,45.61798,44.92215,46.09772,45.35416,42.19005,42.42641,43.10452,41.19466,41.04875,31.0,37.01351,27.01851,32.06244,29.15476,25.01999,25.4951,22.47221,25.70992,25.4951,20.61553,42.95346,41.62932,45.54119,50.69517,46.84015,47.29693,48.6621,49.72927,53.93515,56.22277,54.00926,56.00893,62.0,58.07753,56.0357,57.21888,61.29437,59.5399,62.514,62.28965,58.69412,63.63961,64.28841,60.41523,61.84658,64.56005,59.13544,61.40033,60.72891,64.03124,54.40588,63.89053,59.84146,62.39391,61.66036,60.67125,55.9017,59.90826,64.32729,54.45181,59.68249,62.20129,63.28507,61.13101,59.13544,60.00833,60.00833,58.13777,65.00769,67.02984,65.03076,61.0082,66.18912,68.02941,64.28063,66.00758,71.0
10.77033,10.44031,10.44031,10.44031,10.44031,9.48683,9.21954,9.21954,10.19804,9.21954,9.21954,9.05539,9.05539,9.05539,9.05539,9.0,9.0,9.0,9.0,9.0,9.0,9.0,9.0,9.0,9.0,9.0,9.05539,9.0,10.0,10.0,9.0,9.0,9.05539,9.05539,9.05539,9.05539,9.05539,8.24621,8.24621,8.24621,8.24621,7.28011,7.61577,7.61577,6.32456,6.7082,6.7082,5.83095,5.83095,5.0,5.0,5.0,57.42822,53.33854,54.08327,54.20332,53.60037,51.0392,54.67175,53.00943,52.43091,49.57822,46.75468,45.96738,48.10405,46.66905,45.27693,46.75468,43.93177,45.45327,47.01064,42.2019,47.85394,42.2019,46.04346,42.05948,43.909,46.95743,46.64762,45.48626,47.16991,47.01064,43.41659,50.56679,45.79301,45.61798,43.82921,48.01042,45.48626,43.01163,45.27693,44.40721,42.80187,43.13931,38.8973,36.06938,40.45986,34.82815,31.62278,37.01351,31.40064,28.01785,30.52868,27.45906,26.41969,22.36068,24.69818,26.92582,24.16609,48.01042,43.27817,43.18565,47.42362,43.93177,47.38143,46.75468,46.2277,50.9902,50.21952,50.24938,56.30275,56.0357,53.0,59.5063,55.54278,60.00833,58.60034,59.5063,61.32699,54.23099,59.80803,61.68468,60.44005,56.08921,58.24088,57.55867,65.25335,56.04463,55.97321,54.81788,56.32051,58.24088,51.5461,57.00877,57.93962,56.61272,53.45091,56.61272,56.36488,53.7122,58.18075,56.79789,57.3062,56.82429,54.91812,59.64059,62.20129,58.00862,61.91123,57.80138,61.40033,62.43397,55.07268,61.29437,60.20797,64.44377
10.81665,10.81665,10.81665,10.81665,10.0,10.0,10.0,10.0,9.21954,9.21954,9.21954,9.89949,9.89949,9.89949,9.89949,9.21954,9.21954,9.21954,9.21954,9.21954,9.21954,10.0,9.21954,10.0,10.0,10.0,10.0,10.0,10.0,10.0,10.63015,10.63015,9.89949,9.89949,9.89949,9.21954,9.21954,9.21954,8.60233,8.60233,8.06226,8.06226,8.06226,6.7082,6.7082,6.7082,6.32456,6.32456,6.32456,5.38516,5.09902,5.09902,67.41662,59.05929,60.37384,54.626,56.79789,57.27128,54.56189,58.13777,52.0,48.8467,49.39636,48.10405,50.32892,45.60702,47.43416,45.17743,49.81967,49.81967,47.07441,46.38965,45.89118,44.55334,46.01087,44.40721,45.27693,50.35871,45.0,47.01064,47.16991,44.10215,51.0,52.03845,50.01,52.0,49.16299,50.24938,49.36598,46.52956,48.25971,44.92215,43.56604,43.9659,41.76123,43.32436,43.65776,37.0,36.35932,40.31129,32.75668,30.41381,33.12099,30.4795,27.80288,26.24881,26.1725,25.4951,23.60085,46.09772,50.35871,46.27094,48.27007,47.85394,48.27007,51.86521,49.98,52.80152,49.0408,52.20153,56.64804,57.56735,64.4748,62.17717,57.98276,64.3506,61.29437,62.76942,58.82176,59.40539,63.60031,61.40033,64.53681,60.959,62.20129,65.29931,65.19202,55.17246,60.959,53.41348,60.20797,54.03702,61.07373,58.41233,61.40033,59.20304,54.40588,61.58734,63.52952,60.03332,57.45433,57.24509,64.88451,54.70832,62.76942,61.77378,57.70615,62.64982,62.39391,58.13777,63.90618,69.77105,61.40033,66.30988,68.0,64.84597
11.40175,10.19804,10.19804,10.19804,10.19804,9.21954,10.04988,10.04988,10.04988,9.05539,10.04988,10.0,9.0,9.05539,9.0,10.04988,9.05539,9.05539,9.05539,9.05539,9.05539,9.05539,9.05539,9.05539,9.05539,9.05539,9.05539,10.04988,9.05539,10.04988,9.0,9.0,9.0,9.0,9.0,9.0,9.0,8.06226,8.24621,8.24621,8.24621,7.28011,7.28011,7.28011,7.28011,6.32456,6.32456,5.83095,5.83095,5.83095,5.83095,5.0,60.1415,58.72819,60.20797,53.75872,53.90733,51.73973,48.41487,51.62364,50.20956,47.50789,45.79301,43.82921,43.04649,44.40721,45.45327,44.94441,47.70744,42.04759,41.34005,42.04759,47.42362,46.52956,48.8467,46.23851,47.85394,41.78516,48.8467,49.39636,47.16991,46.23851,41.14608,47.16991,43.86342,50.56679,42.54409,47.41308,50.9902,42.72002,47.42362,40.71855,46.64762,42.63801,41.40048,38.60052,36.12478,33.6006,38.94868,34.82815,33.30165,30.41381,29.73214,25.6125,23.02173,29.06888,24.41311,25.07987,21.18962,42.04759,41.23106,41.67733,46.64762,45.22168,47.50789,47.16991,45.45327,48.27007,47.63402,56.58622,52.34501,62.28965,55.9017,55.60576,51.73973,57.62812,61.29437,61.05735,58.00862,60.21628,60.90156,62.64982,62.26556,61.29437,60.82763,56.79789,60.83584,56.79789,60.41523,53.66563,59.5063,60.82763,55.07268,62.64982,54.08327,53.25411,58.5235,53.25411,52.20153,54.91812,57.48913,60.21628,60.0,57.31492,63.03174,55.17246,58.13777,56.85068,58.25805,63.78087,60.10824,62.36986,59.46427,62.36986,63.78087,60.81118
10.04988,9.05539,10.04988,9.05539,9.05539,9.05539,9.0,8.0,8.0,8.06226,8.0,8.06226,8.06226,8.06226,8.06226,8.24621,8.24621,8.24621,7.28011,8.24621,8.24621,8.544,8.24621,8.544,8.544,8.544,8.544,8.544,8.544,8.24621,8.24621,8.24621,8.24621,8.24621,8.06226,8.06226,8.06226,8.0,7.0,7.0,7.07107,6.0,6.08276,6.08276,5.09902,5.09902,5.38516,5.38516,5.38516,4.47214,4.47214,3.60555,61.05735,58.82176,53.2635,54.40588,54.67175,51.85557,49.67897,48.10405,48.79549,50.93133,48.10405,51.62364,50.9902,44.59821,47.50789,45.45327,47.63402,45.27693,44.10215,44.94441,48.30114,43.56604,42.04759,42.48529,42.72002,43.909,46.64762,50.08992,50.9902,48.8467,45.17743,49.1935,46.23851,44.77723,46.06517,45.79301,48.8774,46.04346,45.0,43.60046,44.04543,43.27817,40.31129,44.20407,38.18377,38.41875,36.12478,34.20526,30.80584,31.06445,32.64966,27.20294,29.41088,28.84441,25.05993,25.4951,21.18962,43.46263,42.19005,44.40721,45.60702,48.16638,46.01087,46.09772,47.50789,52.63079,50.24938,53.75872,53.60037,54.20332,53.60037,56.0803,58.5235,57.45433,58.66856,60.53924,60.00833,59.61543,58.5235,59.13544,57.28001,58.69412,57.00877,55.65968,58.5235,56.64804,59.13544,50.32892,56.921,57.24509,55.15433,55.71355,52.55473,57.00877,56.36488,52.80152,56.0803,55.56978,52.47857,52.47857,57.45433,58.30952,53.0,54.70832,58.24946,54.40588,60.20797,58.41233,66.4003,64.07027,62.20129,60.30755,60.46487,61.84658
11.04536,10.19804,10.04988,10.04988,10.04988,10.19804,10.19804,9.48683,9.21954,9.21954,9.21954,9.48683,9.48683,8.544,8.544,9.84886,8.94427,8.94427,8.94427,8.94427,8.94427,8.94427,8.94427,8.94427,8.94427,9.43398,9.43398,8.94427,8.94427,9.84886,8.94427,8.94427,8.94427,8.94427,9.48683,9.48683,9.21954,8.24621,8.06226,8.06226,8.06226,8.06226,7.0,7.0,7.0,6.0,6.0,6.08276,5.09902,5.09902,5.09902,5.38516,59.68249,64.2028,54.40588,55.07268,56.30275,51.62364,52.69725,49.64877,53.23533,50.08992,47.92703,46.8188,48.33218,43.65776,42.72002,44.94441,49.33559,47.80167,42.05948,47.53946,46.87217,48.6621,45.12206,41.59327,42.04759,47.07441,42.42641,44.72136,45.54119,46.27094,50.01,49.64877,41.48494,48.83646,46.52956,42.44997,45.70558,41.0,47.12749,44.38468,42.72002,40.8534,40.31129,39.82462,36.23534,38.91015,33.01515,34.66987,31.06445,29.20616,31.89044,28.01785,26.40076,25.6125,22.02272,26.40076,20.61553,45.09989,41.59327,46.32494,47.07441,45.54119,46.23851,43.46263,47.01064,49.65884,49.64877,54.20332,56.30275,58.30952,56.0357,56.0803,56.22277,62.62587,55.44367,55.44367,60.959,62.24147,64.3506,59.39697,57.38467,59.5483,58.0,58.41233,61.84658,55.44367,56.0803,54.48853,55.17246,56.63921,54.45181,57.28001,56.58622,55.15433,53.03772,53.03772,59.03389,55.15433,56.61272,56.61272,61.40033,55.0,63.25346,56.61272,60.74537,63.28507,64.40497,59.20304,63.82006,59.90826,61.61169,58.00862,68.26419,56.0357
9.84886,9.84886,10.29563,9.84886,9.84886,8.06226,8.06226,8.60233,8.60233,8.60233,8.60233,8.60233,8.60233,7.81025,7.81025,8.48528,7.81025,8.48528,7.81025,8.48528,8.48528,9.21954,7.81025,8.60233,9.21954,8.60233,8.60233,9.21954,8.60233,8.60233,8.48528,9.21954,8.48528,8.48528,8.48528,7.81025,7.81025,7.81025,7.2111,7.2111,6.7082,6.7082,6.7082,5.38516,5.38516,5.38516,5.38516,5.09902,5.09902,5.09902,4.0,4.0,61.26989,61.26989,60.53924,55.4617,60.00833,52.92447,53.85165,56.0803,46.48656,50.28916,44.38468,46.17359,50.21952,47.85394,45.88028,48.6621,46.09772,47.09565,49.49747,46.69047,48.0,50.24938,46.04346,46.04346,47.0,50.08992,45.01111,42.0119,48.0,51.08816,48.09366,48.04165,47.01064,48.01042,45.17743,47.09565,50.15974,50.15974,44.40721,42.42641,43.56604,43.41659,44.38468,42.72002,40.49691,39.39543,35.4683,41.14608,29.54657,28.23119,31.06445,27.73085,27.45906,25.4951,26.24881,24.75884,22.80351,44.40721,42.0119,45.04442,43.10452,43.93177,44.55334,45.35416,47.07441,53.16014,50.0,48.70318,54.23099,58.82176,55.71355,59.05929,55.9464,58.18075,57.69749,56.0803,64.00781,55.21775,60.80296,61.07373,60.60528,59.20304,58.60034,57.31492,52.49762,56.63921,55.15433,54.56189,57.62812,56.22277,53.82379,55.60576,54.81788,56.61272,53.60037,54.40588,54.91812,59.48109,56.36488,56.60389,60.37384,55.4617,58.83026,60.41523,56.46238,60.83584,58.13777,55.07268,61.46544,66.64083,57.77543,59.80803,63.07139,64.88451
10.0,9.21954,9.21954,10.0,9.21954,7.81025,8.48528,8.48528,8.48528,9.21954,7.81025,7.81025,8.60233,8.60233,7.81025,8.06226,8.06226,7.2111,8.06226,8.06226,8.06226,8.06226,8.06226,8.544,8.94427,7.61577,8.06226,8.94427,8.94427,8.06226,8.06226,8.06226,8.60233,8.60233,7.81025,7.81025,7.81025,7.07107,7.07107,7.07107,6.40312,6.40312,6.40312,5.0,5.0,5.0,4.47214,5.38516,4.47214,4.47214,4.12311,3.16228,65.37584,62.39391,63.03174,56.22277,55.14526,53.23533,54.23099,54.23099,48.01042,48.01042,53.03772,47.0,49.16299,49.0102,43.01163,44.55334,50.9902,44.40721,47.85394,44.72136,47.07441,42.37924,47.53946,47.12749,45.22168,49.64877,46.17359,45.88028,47.16991,47.01064,43.9659,45.22168,46.57252,47.75982,45.60702,43.93177,48.05206,49.33559,44.91102,38.20995,42.57934,43.01163,47.09565,43.01163,44.04543,36.01389,35.12834,37.12142,30.01666,34.52535,33.24154,28.63564,32.14032,24.69818,30.08322,20.61553,25.55386,45.65085,37.94733,44.64303,44.91102,45.39824,44.55334,50.24938,50.15974,47.16991,51.08816,52.00961,55.03635,54.0,60.13319,56.4358,54.74486,60.87693,60.63827,60.20797,60.44005,57.72348,58.5235,55.65968,56.30275,63.32456,59.48109,55.03635,56.0803,53.7122,58.5235,50.69517,56.85948,53.45091,54.78138,54.81788,54.42426,50.44799,53.36666,57.07013,56.51548,57.00877,54.91812,55.7853,57.70615,54.45181,55.03635,53.08484,58.07753,59.21149,60.40695,63.07139,64.03124,59.4138,56.4358,63.03174,65.06919,59.5399
10.04988,10.04988,9.05539,9.05539,9.05539,9.0,9.0,9.0,9.05539,8.06226,9.05539,8.06226,8.06226,8.06226,8.06226,8.24621,8.24621,8.24621,8.24621,8.24621,8.24621,8.24621,8.544,8.544,8.544,8.544,8.94427,8.544,8.544,8.544,8.24621,8.544,8.24621,8.24621,8.24621,8.24621,8.06226,8.0,7.0,7.0,7.0,7.0,6.0,6.0,6.0,5.0,5.09902,4.12311,4.12311,4.12311,4.12311,3.60555,67.95587,59.90826,60.60528,59.07622,63.41136,57.48913,55.60576,56.61272,51.22499,53.03772,52.00961,53.03772,53.03772,51.62364,50.93133,53.41348,50.60632,48.25971,49.67897,45.48626,53.0,48.02083,47.41308,46.64762,45.27693,48.30114,47.88528,48.30114,49.73932,46.61545,48.33218,52.3259,48.37355,50.15974,45.17743,49.92995,46.14109,49.24429,48.60041,48.01042,42.72002,45.22168,44.04543,46.09772,45.25483,40.36087,39.05125,37.48333,37.80212,32.20248,30.23243,30.88689,28.17801,27.73085,28.30194,23.25941,24.04163,46.64762,46.61545,40.22437,47.38143,48.10405,48.10405,46.69047,48.83646,52.63079,50.32892,54.67175,55.21775,57.80138,58.83026,59.16925,56.4358,62.64982,57.24509,61.7171,64.07808,63.90618,63.32456,56.61272,61.98387,62.29767,64.88451,60.72891,62.93648,55.36244,58.5235,56.30275,62.29767,57.87055,58.5235,58.87274,56.85948,57.38467,55.9464,60.41523,60.41523,63.52952,59.36329,60.53924,63.06346,56.4358,58.82176,57.2014,59.68249,61.03278,61.58734,62.42596,66.21933,71.56116,61.85467,63.60031,66.85058,66.61081
9.89949,9.21954,9.21954,9.21954,9.21954,8.60233,8.60233,8.60233,8.60233,8.06226,8.06226,8.06226,8.06226,8.06226,7.61577,8.544,7.61577,7.61577,8.544,8.544,7.61577,8.544,7.61577,8.24621,8.544,8.24621,8.24621,8.544,8.544,8.544,7.61577,8.544,8.94427,8.06226,8.06226,8.06226,8.06226,7.2111,6.40312,6.40312,6.40312,6.40312,5.65685,5.65685,5.65685,5.0,5.0,4.47214,4.47214,4.47214,4.47214,4.12311,60.07495,60.00833,61.07373,57.14018,54.08327,58.03447,53.03772,55.14526,51.15662,44.28318,47.07441,48.05206,52.49762,49.24429,45.89118,50.0,48.50773,45.88028,48.08326,47.53946,48.33218,46.61545,45.88028,48.75449,45.54119,47.85394,46.95743,49.1935,47.16991,48.30114,41.14608,48.33218,44.28318,47.01064,46.09772,43.65776,47.92703,43.86342,47.80167,40.5216,43.9659,44.55334,40.60788,43.28972,41.10961,39.05125,39.05125,40.0125,30.06659,31.14482,30.26549,32.0,29.27456,29.15476,27.65863,23.08679,17.46425,44.28318,41.62932,45.31004,43.86342,43.46263,44.91102,43.65776,46.57252,50.44799,52.46904,51.24451,56.4358,56.00893,54.08327,52.03845,55.00909,59.00847,61.52235,57.14018,56.14268,57.28001,61.66036,59.84146,59.66574,61.40033,56.29387,56.04463,55.08176,59.66574,57.87055,55.10898,56.51548,53.36666,50.9902,58.0517,54.45181,52.7731,56.7186,54.74486,55.7315,56.32051,58.03447,57.0,57.00877,56.22277,57.31492,57.03508,59.0,57.42822,60.00833,62.03225,60.13319,60.13319,56.0357,64.0,60.13319,66.0303
11.18034,9.84886,9.84886,9.84886,9.84886,9.84886,9.84886,9.48683,9.48683,9.48683,9.48683,9.21954,9.21954,9.21954,9.21954,9.21954,9.05539,9.05539,9.05539,9.05539,9.05539,9.05539,9.05539,10.0,10.04988,10.04988,9.05539,10.04988,10.04988,9.21954,9.05539,9.21954,9.21954,9.21954,9.48683,8.544,8.544,8.544,7.61577,7.61577,7.2111,7.2111,7.2111,5.83095,6.40312,5.83095,5.65685,5.65685,5.0,5.0,4.24264,4.24264,56.0357,63.0,60.03332,59.07622,60.40695,59.0,53.15073,51.62364,52.03845,53.33854,57.21888,50.9902,54.58938,44.64303,49.81967,51.62364,48.10405,46.23851,49.98,48.75449,50.53712,49.76947,47.01064,43.86342,47.41308,50.69517,48.37355,45.65085,46.06517,47.01064,48.76474,47.42362,45.18849,47.41308,52.35456,46.51881,52.0,50.9902,46.84015,46.17359,50.28916,45.12206,44.91102,44.72136,38.63936,40.4475,38.0,39.11521,31.0,36.12478,29.06888,27.07397,26.07681,28.86174,25.17936,25.07987,23.4094,48.75449,44.77723,44.77723,47.01064,50.28916,49.64877,48.50773,48.50773,54.81788,50.63596,58.0517,60.82763,56.7186,62.514,59.13544,62.03225,64.00781,61.03278,60.00833,61.81424,62.28965,64.77654,61.18823,58.42089,63.15061,60.40695,62.0967,59.84146,59.22837,58.0517,60.82763,61.66036,60.20797,57.87055,62.80127,58.24946,59.5399,56.22277,57.14018,61.0082,58.13777,60.00833,62.00806,67.02984,61.0,58.21512,62.07254,65.03076,62.39391,60.29925,64.19502,65.27634,67.1193,60.03332,62.03225,65.27634,66.61081
10.63015,9.89949,9.89949,9.89949,9.21954,9.89949,8.48528,9.21954,9.21954,7.81025,9.21954,8.60233,8.60233,8.06226,8.06226,8.06226,8.06226,8.06226,8.544,8.06226,8.06226,7.61577,8.06226,8.544,8.544,8.544,8.544,8.544,8.544,8.94427,8.94427,8.94427,8.94427,8.06226,8.60233,8.60233,8.60233,7.2111,7.81025,7.81025,7.07107,7.07107,6.40312,6.40312,6.40312,5.83095,5.83095,5.0,5.0,4.47214,5.38516,4.12311,68.18358,66.0,55.3263,54.08327,56.32051,60.20797,53.15073,55.14526,50.24938,53.60037,49.81967,50.0,52.81098,45.60702,47.07441,46.17359,51.24451,45.88028,45.54119,46.17359,50.53712,44.77723,47.70744,46.14109,46.32494,51.0,45.48626,45.79301,46.64762,48.25971,51.97115,53.0,47.16991,51.31277,46.51881,47.92703,46.52956,47.50789,47.01064,46.23851,45.31004,43.08132,41.7732,39.92493,43.41659,37.64306,37.33631,37.21559,34.23449,30.26549,32.14032,29.06888,27.01851,24.33105,25.31798,25.70992,22.56103,43.86342,43.65776,45.35416,45.60702,45.27693,47.07441,48.83646,46.52956,49.49747,51.35173,54.08327,53.00943,57.00877,59.13544,60.13319,56.32051,63.1981,60.53098,58.69412,63.1981,61.66036,63.06346,61.40033,60.44005,61.03278,61.84658,61.68468,67.23095,55.97321,60.87693,55.7853,59.90826,53.85165,58.42089,59.90826,57.48913,57.07013,59.43904,57.31492,58.69412,63.3877,55.00909,58.30952,61.03278,57.21888,54.08327,59.0,61.03278,61.03278,58.07753,62.0,69.02898,67.00746,62.00806,65.49046,69.06519,67.00746
10.63015,10.63015,10.0,10.0,9.43398,10.0,9.43398,9.43398,9.43398,8.94427,9.43398,8.94427,8.94427,8.544,8.94427,8.94427,9.48683,8.544,8.24621,9.48683,8.544,9.48683,9.48683,9.21954,9.21954,9.48683,9.48683,9.48683,9.21954,9.48683,9.48683,9.48683,9.48683,8.544,8.94427,8.94427,9.43398,8.06226,8.06226,7.2111,7.2111,7.81025,7.2111,6.40312,6.40312,5.65685,5.65685,5.65685,4.24264,5.0,5.0,4.47214,61.52235,61.98387,61.84658,58.94065,58.24946,56.56854,58.24088,51.78803,49.72927,51.24451,52.20153,53.48832,55.36244,50.59644,48.38388,49.76947,50.32892,50.53712,42.94182,53.25411,47.80167,48.02083,46.32494,46.04346,42.2019,44.40721,51.40039,48.54894,48.01042,47.20169,51.22499,51.0392,47.20169,48.01042,48.01042,48.8774,44.82187,46.32494,49.24429,48.30114,51.0,46.23851,44.92215,44.77723,43.56604,44.59821,35.17101,42.44997,33.95585,30.80584,29.27456,31.40064,28.07134,34.05877,25.01999,25.01999,25.96151,45.48626,44.77723,45.27693,52.3259,50.56679,43.9659,46.48656,47.12749,51.66237,53.60037,53.46027,53.23533,59.43904,62.514,62.39391,64.07027,61.0082,64.00781,62.03225,63.00794,60.00833,67.02984,63.3877,60.53098,60.82763,61.07373,60.40695,60.40695,64.28063,63.03174,56.88585,59.21149,53.03772,58.21512,62.1289,58.03447,57.0,59.13544,55.14526,61.0082,60.03332,64.38167,57.72348,68.73136,56.7186,60.44005,61.84658,55.7315,63.34824,67.60178,62.514,65.76473,61.40033,63.63961,66.91039,61.39218,61.39218
11.18034,11.04536,10.04988,11.18034,10.19804,10.04988,10.04988,10.04988,10.04988,9.0,10.0,10.04988,9.0,9.05539,9.0,9.05539,10.04988,9.05539,9.05539,9.05539,9.05539,9.05539,9.05539,9.21954,9.21954,9.21954,10.19804,9.05539,10.04988,9.21954,9.05539,9.05539,9.0,9.0,9.0,9.0,9.0,8.06226,8.06226,8.06226,8.24621,8.06226,7.28011,7.28011,7.28011,6.32456,6.32456,5.83095,5.38516,5.83095,5.83095,5.0,62.64184,55.7315,60.92618,51.62364,57.77543,55.9017,49.76947,51.86521,47.85394,50.9902,51.42956,47.16991,47.85394,44.94441,43.26662,48.60041,46.8615,45.80393,47.63402,40.80441,49.20366,41.72529,43.86342,45.60702,44.55334,46.04346,42.42641,43.18565,44.82187,46.01087,45.96738,45.45327,45.27693,48.27007,46.2277,46.61545,45.0,46.64762,43.60046,43.56604,46.14109,42.05948,42.05948,40.24922,41.14608,36.68787,35.1141,33.24154,33.54102,32.01562,30.59412,26.07681,28.16026,24.0,26.07681,22.0,21.0,40.60788,43.27817,44.55334,46.69047,47.63402,47.43416,46.32494,47.50789,48.8774,49.92995,51.42956,54.58938,57.80138,60.90156,61.09828,57.28001,60.74537,57.58472,59.77458,61.13101,56.30275,58.24946,54.74486,57.87055,55.9017,60.20797,58.0517,62.28965,57.87055,58.0517,51.97115,59.4138,54.74486,58.42089,56.08921,54.45181,52.88667,54.34151,53.45091,57.24509,59.90826,60.08328,60.08328,55.36244,58.5235,57.00877,60.53924,61.03278,58.18935,60.44005,59.09315,63.97656,65.78754,56.36488,60.00833,59.5063,67.06713
11.0,11.04536,11.04536,11.04536,10.04988,10.04988,10.19804,10.19804,10.19804,9.21954,10.19804,10.19804,9.21954,9.21954,9.48683,9.84886,9.84886,9.84886,8.544,8.94427,8.544,9.84886,9.84886,8.94427,9.84886,9.84886,9.84886,9.84886,9.84886,9.84886,9.48683,9.48683,9.48683,9.48683,9.48683,9.21954,9.21954,8.06226,8.06226,8.06226,8.06226,8.0,7.0,7.0,7.0,6.0,6.08276,6.08276,6.08276,5.09902,5.38516,5.38516,56.72742,55.17246,57.00877,58.0,56.0803,55.80323,51.0392,53.41348,48.82622,45.80393,46.04346,49.92995,48.02083,46.95743,46.64762,48.46648,50.9902,48.10405,46.51881,41.10961,51.62364,47.12749,43.9659,45.88028,47.75982,44.94441,44.14748,51.1957,43.9659,44.91102,50.80354,50.96077,46.84015,48.70318,46.8188,45.54119,45.69464,46.48656,45.61798,45.61798,42.95346,42.19005,42.80187,39.35734,37.01351,41.88078,35.22783,32.80244,33.24154,33.97058,32.64966,28.42534,29.06888,22.80351,23.43075,21.09502,21.47091,42.42641,44.94441,44.77723,46.09772,46.06517,47.16991,44.65423,48.02083,50.24938,47.70744,55.80323,54.40588,57.2014,57.80138,55.17246,60.10824,58.69412,55.97321,56.58622,55.0,59.07622,61.58734,61.22091,57.2014,59.68249,58.41233,55.22681,59.64059,57.98276,57.68882,53.85165,61.05735,58.30952,57.42822,54.08327,56.85948,50.80354,60.1415,56.22277,58.0,57.38467,55.9017,60.1415,59.5483,57.28001,55.31727,58.89822,56.63921,62.28965,62.93648,58.41233,58.00862,65.94695,62.96825,64.66065,63.70243,57.38467
11.18034,10.81665,10.81665,10.81665,10.81665,10.0,10.0,10.0,10.0,9.21954,10.0,9.89949,9.89949,9.89949,9.89949,9.89949,9.21954,9.21954,9.21954,9.21954,9.21954,10.0,9.21954,10.0,10.0,10.0,10.0,10.0,10.0,10.0,9.21954,10.63015,9.21954,9.89949,9.21954,9.89949,9.21954,8.60233,8.60233,8.60233,7.2111,7.2111,7.2111,7.2111,6.7082,5.83095,6.7082,6.7082,5.38516,5.38516,5.38516,5.09902,61.7171,61.05735,57.24509,56.79789,59.94164,53.23533,50.56679,54.12024,47.75982,45.69464,49.39636,46.57252,46.57252,50.96077,44.27189,46.09772,49.47727,46.09772,42.95346,43.56604,44.10215,46.52956,46.01087,45.17743,47.01064,48.09366,47.09565,48.0,49.0,51.0392,46.01087,50.15974,48.09366,46.01087,43.01163,45.17743,52.15362,46.38965,46.69047,44.91102,42.44997,41.10961,43.08132,40.16217,38.60052,34.53983,33.61547,38.91015,30.80584,29.96665,32.20248,25.80698,29.41088,23.85372,24.83948,27.58623,26.1725,42.10701,42.0,42.10701,49.64877,47.07441,43.41659,43.41659,45.35416,51.41984,48.76474,49.39636,53.7122,60.16644,60.83584,55.00909,59.16925,57.45433,57.45433,57.45433,60.74537,56.85948,63.60031,58.89822,60.30755,58.0,58.0517,58.72819,61.6198,57.28001,62.28965,55.31727,59.5483,53.2635,55.44367,58.79626,58.00862,55.0,57.80138,57.80138,60.74537,58.66856,57.45433,60.53924,61.77378,57.45433,58.18075,55.56978,59.03389,63.07139,59.94164,63.06346,66.18912,65.29931,63.07139,64.40497,66.85058,64.07808
11.31371,11.31371,11.31371,10.63015,9.89949,9.89949,9.89949,9.21954,10.63015,10.0,10.0,10.0,10.0,9.43398,9.43398,10.29563,9.43398,8.94427,8.94427,9.43398,9.43398,9.43398,8.94427,9.84886,10.29563,9.84886,9.84886,10.29563,10.29563,9.84886,10.29563,10.29563,9.43398,9.43398,9.43398,9.43398,9.21954,9.21954,8.48528,8.48528,8.48528,7.81025,7.81025,6.40312,6.40312,6.40312,6.40312,5.83095,5.83095,5.83095,5.38516,5.38516,58.5235,60.74537,59.20304,58.30952,57.87055,51.5461,54.78138,52.39275,52.95281,45.35416,48.05206,48.27007,47.38143,53.33854,49.16299,46.0,53.03772,46.01087,47.16991,46.01087,44.01136,44.04543,43.18565,50.35871,46.01087,49.09175,45.39824,46.52956,50.08992,46.69047,44.18144,50.35871,48.04165,44.10215,45.39824,41.0,52.15362,46.01087,49.0408,42.10701,42.19005,45.54119,41.7732,42.75512,37.85499,32.38827,35.73514,35.73514,28.4605,35.1141,29.52965,27.313,28.6531,30.52868,24.20744,25.80698,23.34524,44.14748,45.27693,47.04253,42.04759,48.01042,47.38143,46.69047,47.38143,49.49747,50.63596,52.17279,55.10898,56.51548,60.63827,54.40588,55.97321,59.5063,62.16912,57.77543,58.66856,59.07622,62.26556,57.45433,60.03332,59.68249,60.53924,59.36329,59.07622,61.29437,59.16925,56.30275,60.20797,55.22681,58.83026,59.16925,52.83938,55.07268,56.36488,59.5063,59.46427,57.38467,55.71355,57.00877,63.32456,56.85948,56.36488,62.24147,56.921,61.09828,63.60031,62.58594,63.32456,60.74537,60.16644,68.30813,61.35145,68.30813
10.29563,9.43398,9.43398,10.29563,9.43398,8.60233,8.60233,8.60233,8.60233,9.21954,8.48528,8.48528,8.48528,8.48528,8.48528,9.21954,7.81025,7.81025,8.60233,7.81025,8.48528,8.60233,7.81025,8.60233,8.60233,8.60233,8.60233,9.43398,8.60233,8.60233,9.21954,9.21954,8.48528,8.48528,8.48528,7.81025,7.81025,7.81025,7.2111,7.2111,5.83095,6.7082,6.7082,5.38516,5.38516,5.38516,5.38516,5.09902,5.09902,4.12311,4.0,4.0,62.64982,56.93856,66.85058,55.97321,56.85948,58.69412,51.86521,55.9464,43.9659,50.32892,45.27693,48.05206,48.83646,45.27693,46.09772,49.09175,45.70558,49.64877,52.08647,44.10215,51.0392,44.28318,48.04165,47.04253,46.01087,48.04165,48.16638,45.09989,46.09772,48.01042,46.01087,47.04253,47.01064,50.0,45.04442,48.0,49.0,48.01042,49.16299,43.28972,41.30375,42.75512,41.0,42.44997,44.55334,37.0,40.16217,34.9285,34.0147,30.67572,31.38471,29.52965,26.41969,23.32381,25.80698,25.0,24.04163,43.0,46.27094,42.57934,43.56604,43.17407,45.60702,45.60702,47.29693,50.0,46.48656,51.0,50.9902,59.23681,58.18075,57.70615,57.14018,60.03332,55.47071,61.58734,60.46487,61.03278,60.60528,56.22277,63.12686,58.0,58.0,55.86591,60.82763,48.83646,62.36986,54.67175,60.44005,59.03389,54.81788,52.15362,52.43091,52.80152,54.91812,55.80323,59.36329,62.1289,46.52956,56.85948,59.03389,58.60034,60.82763,58.60034,57.58472,60.83584,55.9464,57.70615,62.76942,65.55151,58.18075,61.46544,70.93659,63.32456
10.19804,10.19804,10.44031,10.19804,9.21954,9.21954,8.544,8.544,8.544,8.544,8.544,8.544,8.94427,8.94427,8.94427,8.06226,8.06226,8.06226,8.60233,8.60233,8.60233,9.21954,8.60233,8.60233,8.60233,8.60233,8.60233,9.21954,9.21954,8.60233,8.60233,8.60233,8.60233,8.60233,8.06226,8.06226,7.61577,8.544,7.28011,7.28011,6.32456,6.32456,6.08276,6.08276,5.09902,5.09902,5.0,5.0,5.0,5.0,4.12311,4.12311,63.51378,59.16925,58.18075,60.20797,55.03635,58.59181,51.42956,53.22593,49.98,51.47815,50.69517,51.26402,50.15974,46.48656,44.92215,47.07441,49.24429,47.16991,50.21952,44.91102,50.35871,45.70558,48.04165,48.25971,46.27094,49.09175,45.54119,48.0,43.10452,47.01064,48.25971,47.85394,51.08816,50.01,45.27693,51.35173,47.16991,47.38143,47.53946,43.68066,39.84972,44.01136,41.23106,42.05948,44.77723,36.24914,38.47077,34.43835,34.1321,30.80584,32.75668,25.4951,30.0,23.43075,24.20744,26.87006,24.83948,44.0,46.09772,38.32754,46.52956,44.91102,44.14748,48.76474,46.8188,49.39636,50.15974,52.80152,52.80152,58.18075,57.24509,56.60389,56.30275,62.76942,50.80354,59.40539,59.66574,56.72742,62.482,57.31492,61.07373,55.22681,58.0,59.4138,60.10824,55.15433,60.10824,57.31492,58.0,53.07542,57.38467,56.58622,53.8145,52.00961,56.61272,55.60576,59.68249,62.42596,53.85165,57.80138,54.91812,55.47071,59.03389,58.66856,57.14018,58.18075,58.83026,62.17717,61.7171,60.74537,56.60389,59.5063,69.35416,59.94164
9.21954,8.48528,9.89949,9.89949,9.21954,8.48528,7.81025,8.60233,7.81025,8.60233,8.60233,8.06226,8.06226,8.06226,8.06226,7.61577,7.61577,7.61577,7.61577,7.61577,7.61577,8.544,7.61577,8.544,8.94427,8.544,8.544,8.544,8.544,8.544,8.94427,8.94427,8.06226,8.06226,8.06226,8.06226,7.2111,7.81025,7.07107,7.07107,6.40312,5.65685,6.40312,5.65685,5.65685,5.0,5.0,4.47214,4.47214,4.47214,4.47214,3.16228,61.07373,64.19502,58.85576,56.22277,61.81424,52.7731,54.45181,54.91812,57.87055,49.64877,49.64877,47.80167,53.14132,50.59644,46.48656,48.8467,52.0,49.76947,45.61798,49.24429,45.61798,50.24938,44.41846,48.54894,46.64762,46.87217,50.21952,49.64877,47.20169,48.54894,48.01042,46.04346,50.77401,47.01064,50.24938,51.97115,47.16991,47.16991,48.30114,47.01064,46.23851,47.16991,44.27189,40.71855,42.37924,40.79216,34.20526,38.07887,27.29469,30.41381,30.14963,31.14482,30.26549,31.01612,26.07681,23.0,23.34524,46.32494,39.81206,43.86342,45.88028,47.75982,44.92215,44.64303,47.53946,49.0306,54.34151,50.24938,55.44367,56.08921,56.22277,53.15073,57.00877,59.00847,60.07495,56.0357,57.21888,59.13544,59.5399,58.54912,61.0,56.29387,58.69412,56.75385,57.00877,60.20797,54.33231,57.27128,57.70615,52.61179,52.46904,59.07622,55.57877,53.23533,58.13777,55.00909,56.0357,58.00862,56.00893,51.0098,64.00781,55.03635,55.57877,57.42822,63.15061,61.40033,64.28063,61.07373,63.28507,58.69412,63.28507,64.07027,60.82763,64.28063
9.43398,9.43398,9.43398,10.0,8.60233,8.94427,8.94427,8.544,8.06226,7.61577,8.544,8.24621,8.544,8.24621,8.544,8.24621,8.06226,8.06226,8.06226,8.24621,8.24621,8.24621,8.06226,8.06226,9.05539,8.0,8.06226,8.06226,9.05539,8.06226,8.24621,8.24621,8.24621,8.24621,8.24621,7.28011,7.28011,7.61577,6.7082,6.7082,5.83095,6.7082,5.83095,5.83095,5.0,5.0,5.0,4.24264,4.24264,4.24264,4.24264,3.60555,62.28965,59.13544,60.03332,58.03447,55.0,59.03389,56.22277,59.00847,52.08647,51.24451,49.36598,50.08992,48.05206,51.0392,47.51842,49.72927,48.05206,50.69517,48.76474,45.88028,47.16991,46.23851,46.51881,44.59821,46.8188,49.0408,44.27189,49.39636,51.26402,48.46648,47.85394,50.32892,49.76947,45.54119,51.07837,47.80167,46.84015,51.86521,45.35416,42.2019,46.87217,41.97618,42.42641,46.38965,43.28972,37.05401,35.0571,37.0,33.06055,28.01785,30.0,25.0,27.65863,22.80351,21.37756,23.32381,23.08679,43.38202,44.38468,42.15448,48.08326,43.68066,41.97618,44.91102,44.55334,51.35173,47.26521,51.0392,53.03772,56.14268,54.08327,60.03332,55.22681,62.514,59.68249,59.84146,57.07013,54.57105,62.8172,56.29387,59.66574,56.30275,58.82176,58.24088,58.94065,56.32051,58.82176,52.20153,58.82176,57.00877,55.31727,57.00877,54.40588,54.12947,52.95281,55.10898,56.7186,58.85576,53.33854,57.03508,59.03389,55.14526,62.07254,59.4138,56.0803,63.03174,58.07753,59.03389,61.13101,61.07373,58.07753,68.06614,65.03076,62.03225
9.21954,9.21954,8.60233,9.21954,8.60233,8.60233,8.60233,8.06226,8.06226,8.06226,8.06226,8.06226,8.06226,7.61577,7.61577,8.544,8.24621,7.28011,8.24621,8.24621,8.24621,8.24621,8.24621,8.24621,8.24621,8.24621,8.24621,8.544,8.24621,8.24621,8.544,8.544,8.544,7.61577,7.61577,7.61577,8.06226,7.2111,7.2111,7.2111,6.40312,6.40312,5.65685,5.0,5.0,4.24264,5.0,5.0,3.60555,3.60555,3.60555,3.60555,60.41523,65.73431,62.36986,56.7186,58.42089,52.17279,61.40033,54.45181,52.95281,46.27094,49.09175,47.01064,54.23099,52.03845,45.0,49.36598,46.17359,49.25444,49.36598,46.87217,46.57252,45.89118,48.76474,47.29693,42.95346,46.32494,45.88028,49.0408,50.01,48.76474,51.24451,46.32494,54.12947,50.69517,46.09772,46.87217,47.07441,44.91102,45.89118,44.72136,45.27693,42.04759,44.18144,44.01136,39.01282,37.33631,33.24154,37.01351,29.83287,28.16026,25.70992,29.12044,26.57066,27.51363,26.57066,24.73863,23.70654,43.56604,39.62323,42.57934,42.10701,44.04543,43.10452,43.04649,41.10961,49.25444,52.34501,52.7731,52.95281,57.27128,56.51548,57.72348,55.36244,56.46238,57.93962,58.82176,62.64982,55.07268,59.05929,56.85948,59.94164,56.82429,58.60034,57.14018,56.93856,57.3062,54.20332,55.47071,56.79789,57.24509,54.56189,56.0803,55.54278,54.42426,55.9464,56.85948,55.65968,56.46238,58.94065,55.97321,60.40695,57.56735,57.87055,61.13101,55.10898,59.03389,62.36986,59.22837,59.90826,61.84658,61.39218,59.66574,61.18823,62.80127
9.21954,10.19804,9.21954,10.19804,9.21954,9.05539,9.05539,9.0,9.05539,8.06226,9.05539,9.0,9.0,9.0,9.0,8.06226,9.05539,8.06226,8.06226,8.06226,8.06226,8.06226,8.06226,8.06226,9.05539,9.21954,9.21954,8.06226,9.05539,8.06226,9.0,8.06226,9.0,8.0,8.0,8.0,8.06226,7.28011,7.28011,7.28011,6.08276,7.28011,6.32456,6.32456,5.38516,5.38516,5.38516,4.47214,3.60555,3.60555,3.60555,3.60555,60.08328,60.16644,62.24147,62.24147,55.54278,54.20332,51.88449,61.32699,47.50789,51.10773,51.97115,46.14109,49.73932,44.65423,44.65423,48.9183,49.81967,47.63402,43.60046,46.8615,53.90733,46.01087,48.79549,50.20956,46.01087,51.85557,46.69047,46.69047,48.83646,51.66237,47.38143,49.51767,48.27007,50.91169,47.38143,50.80354,49.20366,47.80167,45.80393,44.10215,42.43819,44.65423,44.77723,39.66106,40.16217,36.40055,38.27532,37.10795,33.24154,29.83287,31.40064,28.44293,25.31798,28.16026,24.02082,22.36068,24.18677,40.81666,41.88078,42.80187,45.96738,45.96738,46.69047,44.40721,45.0,48.25971,50.0,55.75841,52.69725,56.4358,59.05929,59.94164,56.46238,57.38467,52.81098,58.5235,62.36185,57.28001,61.61169,53.85165,61.68468,57.28001,57.87055,58.94065,61.98387,54.12947,57.97413,54.12947,58.94065,57.42822,52.95281,54.74486,55.7853,53.75872,57.56735,56.30275,56.85948,61.68468,52.20153,57.38467,61.09828,58.30952,56.46238,57.97413,58.59181,59.23681,62.76942,63.56099,60.82763,65.9242,55.9464,68.54196,65.39113,68.54196
11.0,10.04988,11.04536,10.0,11.0,10.04988,10.04988,10.04988,10.19804,9.05539,10.19804,10.19804,9.21954,9.21954,9.21954,9.48683,8.544,9.48683,8.544,8.544,8.544,8.544,9.84886,8.94427,8.94427,9.84886,9.84886,9.84886,8.94427,9.84886,8.544,9.48683,9.48683,9.21954,9.48683,9.21954,9.21954,8.06226,8.06226,8.06226,8.06226,8.0,8.0,7.0,7.0,6.08276,6.08276,6.08276,6.08276,5.09902,5.38516,5.38516,58.89822,57.80138,56.30275,57.45433,57.45433,54.40588,52.00961,53.82379,49.73932,51.89412,50.60632,48.46648,53.7122,46.8188,45.27693,47.75982,49.76947,45.18849,48.76474,45.60702,47.43416,44.92215,44.55334,43.28972,43.68066,50.80354,45.09989,46.09772,47.51842,47.26521,43.17407,49.64877,47.07441,47.51842,49.49747,49.0408,45.54119,45.12206,46.23851,46.48656,44.01136,44.77723,42.94182,40.31129,41.34005,38.01316,37.20215,34.82815,34.20526,31.241,31.62278,28.6007,28.3196,24.83948,25.0,24.04163,21.63331,44.28318,44.38468,44.27189,49.64877,44.59821,45.61798,45.31004,45.31004,51.0,48.75449,52.69725,54.91812,58.30952,60.0,60.44005,54.20332,56.58622,60.81118,57.28001,57.28001,58.89822,60.1415,56.58622,55.60576,64.2028,59.5483,59.81639,59.64059,53.25411,58.41233,53.60037,58.24946,53.07542,55.22681,57.31492,56.63921,55.15433,53.8145,56.58622,62.28965,59.4138,57.2014,58.89822,58.25805,52.49762,50.21952,58.60034,59.90826,57.68882,61.61169,59.64059,61.40033,65.43699,59.64059,64.03124,67.95587,65.60488
10.04988,10.04988,10.19804,10.04988,9.05539,9.05539,9.21954,8.24621,8.24621,9.48683,8.24621,8.544,8.544,8.544,8.544,8.94427,8.06226,7.61577,8.06226,8.06226,8.06226,8.06226,8.06226,8.06226,8.94427,8.06226,8.94427,8.94427,8.94427,8.94427,8.544,8.94427,8.94427,8.544,8.544,8.24621,8.24621,8.06226,7.07107,7.07107,7.07107,6.0,6.0,6.0,5.0,5.0,5.09902,5.09902,5.09902,4.12311,4.47214,4.47214,62.80127,57.48913,61.22091,56.40035,54.40588,54.03702,55.56978,56.0357,51.86521,50.21952,55.0,51.10773,51.31277,46.95743,46.06517,45.31004,48.10405,46.23851,46.61545,44.77723,49.72927,46.17359,47.80167,46.84015,44.92215,47.53946,44.64303,50.44799,51.66237,47.67599,46.09772,47.43416,43.68066,49.0306,46.17359,49.64877,47.12749,49.98,49.76947,45.17743,41.23106,44.28318,41.67733,39.11521,38.83298,40.60788,38.41875,36.12478,33.30165,33.30165,30.41381,31.241,25.6125,24.83948,26.40076,22.2036,20.24846,43.41659,43.56604,38.60052,44.91102,42.05948,44.01136,42.04759,45.88028,49.65884,46.23851,53.23533,53.22593,56.79789,56.61272,54.20332,54.67175,63.41136,60.10824,57.38467,55.97321,56.56854,60.81118,55.86591,59.39697,60.30755,58.79626,58.00862,58.13777,58.24946,57.62812,56.85068,60.30755,54.81788,52.49762,54.03702,53.2635,53.15073,53.03772,51.62364,53.15073,55.9017,52.49762,58.13777,59.81639,56.63921,58.69412,56.0803,55.60576,60.60528,60.80296,60.80296,62.42596,63.41136,62.36986,66.06815,63.82006,60.46487
10.29563,10.29563,9.43398,10.29563,9.43398,9.43398,9.43398,9.43398,9.21954,9.21954,9.21954,9.21954,8.48528,8.48528,8.48528,9.21954,9.21954,9.21954,8.60233,8.60233,9.21954,8.60233,8.60233,9.43398,9.43398,9.43398,9.43398,9.43398,9.43398,9.43398,9.21954,9.21954,9.21954,9.21954,9.21954,8.48528,8.48528,8.48528,7.81025,7.81025,7.2111,7.2111,6.40312,6.40312,5.83095,5.83095,5.83095,4.47214,4.47214,4.47214,4.47214,4.12311,64.88451,61.61169,56.0803,59.03389,62.16912,60.03332,59.03389,58.18075,52.7731,52.0,50.53712,52.0,54.08327,46.8188,55.36244,53.93515,52.39275,52.17279,54.12024,49.64877,51.47815,49.0306,47.04253,48.50773,46.69047,47.51842,49.09175,47.09565,50.35871,54.00926,52.0,50.15974,46.01087,48.0,50.01,48.50773,50.24938,52.61179,49.64877,51.62364,47.53946,46.87217,42.37924,39.56008,42.37924,37.94733,41.18252,38.48376,36.71512,34.1321,35.51056,28.6531,30.0,27.80288,23.60085,26.62705,24.04163,43.56604,44.55334,47.80167,47.53946,47.43416,44.38468,46.95743,51.42956,53.0,53.7122,54.20332,55.9464,58.30952,59.16925,62.00806,59.46427,62.482,56.72742,60.30755,60.82763,60.82763,69.35416,58.0517,57.98276,62.96825,63.70243,59.66574,66.8431,59.5483,61.7171,53.8145,55.44367,58.79626,57.28001,58.72819,58.72819,55.22681,57.00877,56.22277,61.85467,60.60528,58.5235,62.00806,61.91123,56.30275,63.63175,64.40497,60.0,63.13478,62.1289,63.06346,64.41273,67.6757,62.76942,64.4748,69.97142,66.57327
11.18034,11.18034,10.04988,11.18034,10.19804,10.04988,10.04988,10.04988,10.04988,9.05539,10.04988,10.0,10.0,9.0,9.0,10.04988,9.05539,9.05539,9.05539,9.05539,9.05539,9.05539,9.05539,9.21954,10.04988,10.19804,10.19804,10.04988,9.05539,10.19804,9.05539,9.05539,9.0,9.0,9.0,9.0,9.0,8.06226,8.24621,8.06226,8.06226,7.07107,7.28011,7.28011,7.28011,6.32456,6.32456,5.83095,5.83095,5.83095,5.0,5.0,57.70615,63.24555,55.22681,56.85068,61.84658,52.20153,55.44367,48.60041,57.38467,48.10405,49.81967,49.51767,48.27007,48.83646,43.93177,45.96738,48.27007,49.0408,45.45327,43.41659,44.94441,49.09175,39.96248,43.01163,48.25971,48.8774,48.01042,47.41308,48.01042,49.24429,45.65085,47.50789,48.01042,43.60046,46.32494,44.04543,43.60046,47.20169,49.20366,46.2277,43.27817,45.27693,46.69047,44.55334,36.06938,38.28838,34.05877,35.80503,31.90611,33.83785,30.88689,26.0,26.57066,29.41088,25.63201,21.93171,21.2132,46.09772,40.31129,45.27693,42.72002,46.2277,41.23106,48.9183,43.27817,49.67897,51.62364,53.2635,55.44367,58.0517,57.68882,57.42822,59.36329,57.42822,61.7171,55.75841,61.26989,64.07808,62.6099,60.82763,59.5063,58.87274,65.30697,58.87274,55.54278,64.2573,54.08327,58.30952,55.03635,59.23681,53.85165,56.921,51.89412,58.13777,55.07268,52.39275,61.29437,59.48109,61.91123,52.15362,62.68174,57.3062,58.66856,59.36329,61.7171,59.40539,64.40497,58.25805,63.25346,60.53924,56.30275,63.51378,64.63745,64.03124
11.40175,10.63015,10.63015,10.63015,10.63015,9.89949,9.89949,9.89949,9.89949,9.89949,9.89949,9.21954,9.21954,9.21954,9.21954,9.43398,9.43398,9.43398,9.43398,9.43398,9.43398,9.43398,9.43398,9.43398,9.43398,9.43398,9.84886,10.29563,9.43398,10.29563,9.43398,9.43398,9.43398,9.43398,9.43398,9.21954,9.21954,8.48528,8.48528,7.81025,7.81025,7.07107,7.81025,6.40312,6.40312,6.40312,5.83095,5.83095,5.83095,5.38516,5.38516,4.47214,56.88585,62.8172,55.10898,55.9017,58.24946,55.10898,56.7186,54.74486,53.23533,49.09175,47.26521,49.25444,48.09366,49.0408,47.01064,46.38965,50.01,45.89118,44.04543,49.16299,45.54119,47.38143,42.75512,48.50773,46.17359,49.24429,48.6621,45.89118,46.32494,45.60702,44.38468,47.67599,50.48762,44.40721,46.09772,46.27094,46.04346,43.41659,46.27094,41.0,46.01087,45.0,42.10701,37.48333,39.20459,40.26164,37.0,37.10795,28.86174,33.24154,30.67572,27.73085,27.45906,27.29469,23.32381,21.9545,24.20744,43.46263,43.01163,44.38468,41.7732,48.25971,44.10215,43.18565,47.16991,50.03998,51.08816,51.0098,54.0,57.0,57.0,54.23099,61.81424,58.24946,59.03389,59.03389,63.06346,59.13544,62.29767,63.56886,58.5235,58.5235,59.80803,61.46544,60.53924,59.46427,56.921,54.23099,56.0803,56.0803,56.30275,57.58472,57.58472,62.03225,58.24088,53.60037,60.44005,54.40588,55.7315,57.27128,63.15061,53.60037,62.514,59.68249,57.28001,57.97413,63.78871,59.5399,66.48308,61.39218,65.49046,71.56815,67.0,63.34824
11.04536,10.04988,10.19804,10.04988,10.19804,10.19804,10.19804,9.21954,10.19804,9.21954,9.21954,9.48683,9.48683,9.48683,9.48683,9.84886,8.94427,8.94427,8.94427,9.84886,9.84886,9.84886,8.94427,9.43398,9.84886,9.43398,8.94427,9.84886,9.84886,9.84886,9.84886,9.84886,9.48683,9.48683,9.48683,9.21954,8.24621,8.24621,8.06226,8.06226,7.07107,7.07107,7.07107,6.0,6.0,6.0,6.0,6.0,6.08276,5.09902,5.09902,4.12311,60.10824,56.56854,60.959,56.63921,55.86591,53.8145,53.15073,54.48853,50.9902,51.66237,48.41487,51.73973,43.82921,49.40648,48.82622,49.09175,49.73932,46.64762,43.56604,46.09772,48.75449,45.17743,49.39636,51.47815,44.28318,46.06517,46.61545,48.10405,48.33218,47.53946,47.01064,51.26402,49.39636,50.28916,46.61545,47.42362,46.51881,47.53946,51.47815,48.02083,37.44329,43.909,46.2277,37.44329,39.66106,38.41875,39.62323,33.94113,34.05877,33.97058,30.61046,29.41088,29.0,28.42534,25.55386,21.93171,26.40076,40.31129,42.54409,44.41846,44.41846,45.22168,45.60702,48.01042,49.40648,50.32892,53.07542,55.15433,55.86591,55.15433,53.07542,56.22277,61.22091,61.7171,58.00862,62.43397,64.3506,59.03389,58.83026,63.06346,64.88451,59.03389,60.92618,58.18075,58.60034,57.69749,59.94164,51.47815,63.28507,57.80138,56.4358,58.66856,59.36329,55.07268,54.6443,59.68249,59.64059,55.75841,60.44005,61.84658,65.43699,60.0,55.60576,56.72742,58.69412,58.0517,61.6198,64.38167,59.4138,62.28965,61.55485,65.29931,67.20863,59.66574
10.81665,10.0,9.21954,10.0,9.21954,10.0,9.21954,9.89949,9.21954,8.48528,9.21954,9.21954,9.21954,8.60233,8.60233,8.60233,8.60233,8.60233,8.60233,8.60233,8.06226,9.43398,8.60233,8.94427,9.43398,9.43398,9.43398,9.43398,9.43398,9.43398,8.60233,9.43398,8.60233,8.60233,9.21954,8.48528,8.48528,7.81025,7.07107,7.07107,7.2111,7.2111,6.40312,5.83095,5.83095,5.83095,5.83095,4.47214,4.47214,4.47214,4.12311,4.12311,59.9333,57.80138,58.60034,62.26556,57.98276,56.93856,51.62364,57.3062,51.89412,53.7122,50.08992,50.69517,52.92447,47.16991,49.0408,47.29693,46.84015,48.50773,49.72927,45.70558,50.9902,46.69047,45.70558,46.32494,47.16991,50.63596,49.24429,47.51842,46.38965,52.34501,48.83646,52.17279,42.42641,51.47815,44.72136,43.41659,44.38468,45.88028,42.75512,47.43416,45.22168,42.72002,45.61798,42.15448,39.82462,39.05125,36.40055,40.80441,31.62278,34.82815,32.55764,30.41381,28.42534,25.45584,23.43075,27.65863,26.41969,43.01163,45.04442,40.1995,43.93177,46.32494,45.89118,47.75982,44.64303,52.81098,47.80167,50.69517,54.08327,58.5235,63.07139,59.94164,57.70615,64.66065,58.82176,54.3783,57.80138,57.80138,64.81512,54.81788,57.62812,62.24147,58.0517,63.70243,63.12686,55.17246,58.25805,53.75872,56.63921,55.17246,56.63921,58.0517,58.79626,56.85068,54.20332,55.47071,56.60389,63.51378,57.98276,55.47071,60.74537,58.30952,56.0803,58.13777,60.90156,64.40497,59.90826,61.29437,68.02941,72.71864,59.5399,60.90156,66.64833,64.49806
11.18034,10.19804,10.19804,10.19804,10.19804,10.19804,10.19804,9.48683,9.48683,9.21954,9.48683,9.48683,9.48683,8.544,8.544,9.84886,8.94427,8.94427,8.94427,8.94427,8.94427,8.94427,8.94427,8.94427,8.94427,8.94427,9.43398,8.94427,8.94427,8.94427,8.94427,8.94427,8.544,8.544,9.48683,9.48683,9.21954,8.24621,8.06226,8.06226,8.06226,7.07107,7.0,7.0,7.0,6.0,6.08276,5.09902,5.09902,5.09902,5.09902,5.09902,60.37384,56.82429,58.69412,61.91123,61.46544,54.12947,50.53712,53.22593,48.8467,46.17359,49.98,48.76474,51.41984,44.14748,45.88028,47.53946,50.9902,46.57252,44.38468,46.38965,48.50773,47.07441,44.10215,46.17359,46.32494,49.16299,45.17743,49.16299,50.63596,50.0,47.04253,47.67599,48.37355,48.01042,45.17743,45.39824,48.37355,45.39824,46.32494,46.32494,43.68066,42.44997,46.61545,41.23106,39.0,38.94868,34.98571,36.71512,30.0,31.06445,27.65863,30.4795,25.6125,25.4951,22.62742,22.67157,23.60085,44.04543,44.01136,42.04759,49.25444,46.38965,44.55334,42.57934,44.64303,48.27007,52.39275,53.85165,58.24088,56.64804,55.54278,55.03635,55.9464,62.16912,59.16925,58.59181,58.66856,58.83026,65.60488,60.46487,60.60528,59.81639,61.61169,59.20304,57.48913,60.20797,56.72742,56.22277,58.41233,58.00862,55.80323,61.85467,63.00794,52.20153,56.61272,54.91812,56.0803,56.4358,59.03389,61.05735,59.16925,56.93856,62.43397,58.5235,61.7414,61.29437,67.77905,62.6099,59.03389,62.64982,61.7414,66.24198,68.44706,57.69749
11.18034,10.77033,10.77033,9.84886,10.77033,9.84886,9.48683,9.48683,9.48683,9.48683,9.48683,10.19804,9.21954,9.21954,9.21954,10.04988,9.05539,9.05539,9.05539,9.05539,9.05539,10.04988,9.05539,9.05539,9.05539,10.04988,10.04988,10.04988,10.04988,10.04988,9.05539,9.05539,9.21954,9.21954,9.21954,9.21954,9.48683,8.544,8.544,7.61577,7.61577,7.61577,6.7082,6.7082,6.7082,5.83095,5.83095,5.83095,5.0,5.0,5.65685,5.0,62.62587,59.77458,63.90618,55.65968,57.77543,55.36244,56.921,56.0803,51.62364,55.9464,48.33218,50.11986,52.47857,47.88528,48.54894,46.32494,48.54894,47.20169,45.80393,45.48626,48.16638,48.83646,50.24938,46.8615,46.09772,48.10405,44.55334,51.62364,50.24938,48.10405,46.69047,48.79549,48.16638,51.62364,46.01087,45.0,47.42362,47.63402,44.82187,42.2019,40.81666,42.19005,41.62932,41.62932,42.15448,41.14608,35.34119,36.24914,30.59412,31.40064,30.80584,25.96151,26.30589,22.36068,24.08319,24.02082,24.0,41.86884,40.80441,43.01163,45.0,46.14109,44.29447,47.92703,47.42362,47.42362,49.64877,48.38388,57.72348,55.97321,59.43904,59.66574,55.7315,61.18823,57.55867,59.5399,59.13544,57.21888,65.19202,62.20129,60.07495,60.13319,61.0082,60.07495,59.03389,56.0,61.03278,57.03508,59.21149,58.07753,58.13777,57.03508,57.21888,54.08327,58.69412,58.21512,57.70615,57.97413,54.57105,57.87055,59.22837,61.39218,53.45091,59.90826,56.61272,61.35145,60.20797,58.5235,64.84597,61.84658,59.46427,59.77458,61.98387,64.19502
10.29563,10.29563,10.0,10.0,10.0,10.0,10.0,9.21954,9.21954,9.21954,9.21954,9.21954,8.48528,8.48528,8.48528,9.21954,9.21954,9.21954,8.60233,8.60233,8.60233,8.60233,8.60233,8.60233,8.60233,8.60233,8.60233,8.60233,8.60233,9.21954,8.60233,8.60233,8.60233,7.81025,8.48528,8.48528,9.21954,7.81025,7.2111,7.2111,7.2111,7.2111,7.2111,6.7082,6.7082,5.83095,5.38516,5.38516,5.38516,5.09902,5.09902,5.0,63.1981,60.29925,61.03278,55.00909,54.00926,57.14018,55.00909,57.0,48.09366,46.04346,50.24938,49.36598,51.47815,46.69047,46.87217,47.07441,52.7731,45.54119,49.72927,48.38388,47.80167,49.0408,46.51881,42.54409,46.09772,51.07837,43.65776,45.69464,44.27189,46.06517,49.39636,52.0,46.48656,47.53946,48.30114,47.43416,45.22168,44.94441,47.12749,45.88028,42.57934,46.38965,40.4475,40.79216,37.12142,38.11824,37.0,33.06055,34.0147,32.06244,30.01666,30.26549,24.33105,24.18677,21.18962,21.37756,20.12461,43.46263,44.59821,41.97618,45.70558,44.55334,44.01136,45.54119,51.15662,50.03998,48.09366,52.34501,55.00909,58.13777,57.55867,58.54912,55.10898,62.58594,55.31727,59.66574,56.51548,59.48109,62.62587,60.72891,60.40695,58.30952,59.77458,55.03635,65.0,54.23099,59.23681,52.81098,59.09315,54.40588,55.36244,59.77458,58.94065,55.36244,57.72348,56.921,55.54278,57.42822,57.42822,60.20797,59.3043,57.27128,56.22277,58.30952,61.07373,62.28965,61.20457,61.29437,65.06919,70.5762,62.1289,66.27217,69.18092,63.78871
9.48683,9.48683,9.48683,9.48683,8.544,8.544,8.544,8.544,8.544,8.06226,8.06226,8.06226,8.06226,8.06226,8.06226,8.60233,7.81025,7.81025,7.81025,8.60233,8.60233,8.60233,7.81025,8.48528,8.48528,8.48528,7.81025,8.60233,9.21954,7.81025,8.60233,8.60233,8.60233,8.60233,8.06226,7.61577,7.61577,7.61577,7.61577,7.28011,6.32456,6.32456,6.32456,5.09902,5.09902,5.09902,5.0,5.0,5.0,5.0,4.12311,4.12311,64.40497,65.19202,55.9464,57.24509,57.24509,56.35601,56.0803,56.79789,50.28916,47.75982,50.69517,49.0408,52.20153,52.49762,47.12749,51.1957,49.47727,51.62364,47.51842,42.57934,49.25444,48.27007,52.15362,51.47815,48.37355,49.64877,53.33854,48.37355,50.01,49.0102,46.09772,48.16638,46.01087,50.24938,47.26521,49.49747,49.09175,45.54119,46.84015,43.93177,45.54119,40.16217,40.71855,42.72002,40.8534,39.0,37.12142,37.69615,30.61046,29.15476,31.06445,29.20616,30.41381,22.62742,27.80288,22.67157,22.62742,41.0,45.17743,42.04759,46.32494,43.68066,44.64303,43.9659,49.39636,50.32892,47.42362,46.61545,54.626,57.38467,57.70615,57.80138,55.47071,57.68882,56.85068,56.30275,56.63921,57.48913,58.0517,55.86591,58.72819,58.72819,61.52235,57.28001,58.69412,57.31492,60.959,56.0803,58.72819,58.69412,57.38467,55.9017,57.48913,56.22277,54.81788,57.80138,57.80138,55.80323,58.5235,61.05735,60.20797,54.91812,60.74537,55.47071,58.30952,59.94164,61.05735,61.40033,65.76473,63.63175,59.5399,62.64982,63.95311,64.41273
9.84886,8.94427,10.29563,9.84886,9.43398,8.94427,8.60233,8.60233,8.60233,8.60233,8.60233,8.60233,9.21954,8.48528,7.81025,8.48528,7.81025,8.48528,7.81025,8.60233,8.48528,8.60233,7.81025,8.60233,8.60233,8.60233,8.60233,8.60233,8.60233,8.60233,8.60233,9.21954,8.48528,8.48528,7.81025,8.48528,7.81025,7.81025,7.2111,7.2111,6.40312,5.83095,6.7082,5.83095,5.38516,4.47214,5.38516,5.38516,5.09902,4.12311,4.12311,4.12311,66.28725,61.98387,61.18823,60.20797,61.66036,52.17279,54.23099,56.4358,51.97115,51.15662,55.00909,52.15362,54.00926,50.0,47.01064,49.64877,52.61179,51.35173,46.38965,49.81967,50.9902,48.05206,48.27007,47.53946,51.78803,53.16014,45.35416,46.23851,50.0,49.47727,47.29693,46.87217,51.92302,45.54119,50.0,46.09772,48.27007,48.27007,50.35871,47.09565,46.27094,44.10215,42.0,46.04346,42.0119,38.11824,36.49658,39.31921,30.41381,30.59412,32.75668,29.83287,27.89265,22.47221,24.35159,25.29822,21.93171,45.54119,42.75512,41.59327,44.10215,45.27693,45.04442,46.09772,47.04253,51.35173,52.61179,52.23983,53.46027,55.3263,56.75385,59.20304,58.94065,59.43904,62.64982,60.00833,60.92618,61.32699,62.96825,57.69749,63.97656,55.4617,62.6099,55.56978,64.41273,59.03389,57.77543,53.23533,58.13777,56.82429,55.4617,59.9333,57.77543,55.97321,57.58472,56.04463,54.40588,57.58472,58.46366,55.02727,63.56099,59.43904,54.12947,59.43904,56.88585,59.22837,62.96825,60.01666,64.93843,65.73431,62.64982,63.1981,65.9242,70.40597
9.89949,9.21954,9.89949,10.63015,9.21954,8.48528,8.48528,8.60233,9.21954,9.21954,8.48528,8.60233,8.60233,8.60233,8.60233,8.06226,8.06226,8.06226,8.06226,8.94427,8.94427,8.94427,8.06226,8.94427,8.94427,8.544,8.544,8.94427,8.94427,8.94427,8.06226,9.43398,8.60233,8.60233,8.60233,7.81025,7.81025,7.81025,7.07107,7.07107,6.40312,6.40312,6.40312,5.0,5.0,5.0,4.47214,4.47214,4.47214,4.12311,4.12311,4.12311,67.00746,60.07495,57.00877,53.00943,55.44367,57.0,54.14795,56.0803,50.03998,54.08327,47.85394,50.01,53.36666,52.49762,49.47727,48.27007,53.85165,47.42362,46.8188,46.51881,48.75449,50.08992,50.60632,47.85394,48.30114,51.47815,50.53712,49.64877,47.88528,47.88528,46.06517,47.16991,49.1935,48.30114,44.77723,50.69517,50.08992,52.92447,49.39636,43.65776,41.78516,43.32436,41.7732,43.73786,42.42641,40.02499,39.62323,39.45884,34.0147,34.1321,32.14032,29.0,31.01612,29.15476,29.0,21.09502,21.09502,41.10961,46.17359,41.23106,43.93177,45.27693,47.04253,43.10452,47.01064,51.0098,51.0098,52.15362,53.08484,56.0,57.31492,58.42089,56.51548,60.20797,59.48109,58.69412,58.82176,61.13101,62.29767,62.36185,59.77458,59.61543,63.32456,58.60034,58.30952,57.38467,63.69458,56.921,62.29767,58.18935,56.29387,55.7853,55.08176,52.63079,54.12947,53.60037,58.21512,59.43904,55.44367,61.13101,62.20129,57.14018,60.00833,60.13319,56.0357,66.27217,63.07139,66.0303,64.28063,62.39391,58.03447,66.1211,65.06919,68.11755
11.40175,11.40175,10.19804,10.44031,10.19804,10.19804,10.19804,9.21954,10.19804,9.05539,10.19804,10.04988,10.04988,9.0,10.0,10.0,9.0,9.0,10.04988,10.0,9.05539,9.05539,9.0,10.04988,10.04988,10.04988,10.04988,10.04988,10.04988,9.0,10.0,10.0,10.0,9.0,9.05539,9.05539,9.21954,8.06226,8.06226,8.24621,7.28011,7.61577,7.28011,6.32456,6.7082,5.38516,5.83095,5.38516,5.38516,5.0,5.0,4.24264,66.61081,61.68468,59.61543,56.61272,60.74537,56.61272,53.36666,59.46427,51.62364,50.69517,48.46648,46.95743,52.55473,50.9902,47.01064,53.7122,47.88528,48.82622,46.64762,48.60041,51.0392,50.60632,46.8615,47.01064,48.30114,49.20366,48.25971,49.0408,49.0408,52.49762,47.63402,48.25971,46.61545,53.82379,48.41487,46.40043,49.39636,47.70744,48.02083,48.33218,41.23106,43.82921,44.28318,43.38202,42.54409,37.94733,32.38827,37.64306,30.06659,32.01562,31.14482,28.01785,31.0,27.07397,25.0,25.07987,26.24881,45.60702,45.60702,44.82187,43.86342,49.81967,47.80167,47.16991,51.10773,53.82379,52.15362,57.45433,55.56978,57.70615,61.09828,61.68468,57.58472,60.74537,63.06346,59.43904,59.22837,60.63827,63.78871,59.4138,61.18823,62.39391,63.95311,60.53098,62.39391,60.01666,59.3043,56.4358,58.54912,58.13777,56.88585,58.54912,60.53098,55.10898,60.41523,58.69412,61.13101,60.87693,57.28001,64.7611,56.75385,58.24088,59.23681,57.87055,64.56005,65.0,59.48109,58.5235,67.6757,70.21396,57.28001,61.32699,66.7308,64.84597
9.48683,8.544,8.94427,9.84886,8.544,8.544,8.06226,8.06226,8.06226,8.06226,8.06226,8.06226,8.60233,8.60233,8.06226,7.81025,7.81025,7.81025,7.81025,7.81025,7.81025,8.48528,7.81025,8.48528,8.48528,7.81025,8.48528,8.48528,8.48528,7.81025,7.81025,8.48528,7.81025,7.81025,7.2111,7.2111,7.2111,7.61577,6.7082,6.7082,6.32456,6.32456,6.32456,5.09902,5.09902,5.09902,5.09902,5.0,4.0,4.0,4.0,4.12311,63.90618,61.39218,63.15061,57.87055,58.46366,54.40588,55.08176,55.54278,53.36666,49.64877,51.35173,50.08992,48.01042,50.24938,47.16991,50.01,52.08647,50.15974,49.0408,49.25444,50.24938,50.15974,47.85394,44.55334,48.50773,51.62364,47.09565,50.21952,47.51842,49.24429,52.34501,51.62364,49.81967,48.6621,50.48762,48.37355,44.04543,51.35173,49.0102,47.04253,42.19005,44.40721,44.28318,44.04543,41.30375,36.67424,34.48188,34.78505,33.52611,27.73085,30.8707,28.79236,27.51363,26.0,23.32381,23.70654,25.23886,42.19005,41.30375,43.28972,46.09772,45.04442,46.0,43.04649,47.38143,48.25971,44.55334,52.7731,53.36666,56.51548,55.31727,55.97321,56.85948,57.24509,56.85948,61.46544,61.26989,57.77543,62.64982,61.26989,61.29437,58.59181,61.7414,58.5235,59.20304,60.46487,61.91123,53.53504,59.05929,56.82429,53.23533,57.3062,56.79789,54.12024,56.82429,51.88449,59.23681,60.40695,58.24088,56.61272,60.72891,59.80803,59.43904,63.56099,56.04463,64.13267,59.90826,62.36986,62.58594,61.68468,59.90826,66.70832,66.70832,65.51336
9.84886,9.48683,9.48683,9.48683,9.48683,8.544,9.21954,8.24621,9.21954,8.24621,8.24621,9.05539,8.06226,8.06226,8.06226,9.0,8.0,8.0,8.0,8.0,8.0,9.0,8.0,8.06226,9.0,8.06226,9.05539,9.0,9.0,9.05539,8.0,8.0,8.0,8.06226,8.0,8.06226,8.06226,7.28011,7.28011,6.32456,6.32456,6.32456,6.32456,5.38516,5.38516,4.47214,4.47214,4.47214,3.60555,3.60555,3.60555,3.60555,64.14047,57.3062,57.14018,56.0357,58.82176,52.43091,58.00862,58.60034,51.08816,49.40648,52.63079,49.57822,52.34501,50.93133,50.44799,50.24938,48.83646,46.66905,43.13931,49.81967,48.02083,48.9183,49.64877,49.09175,45.45327,52.00961,50.21952,50.60632,46.2277,47.43416,47.88528,45.48626,51.61395,50.24938,47.88528,51.85557,49.57822,49.20366,50.9902,46.2277,45.27693,45.27693,43.93177,41.7732,39.96248,39.05125,36.23534,37.21559,32.20248,30.01666,30.41381,28.6531,31.30495,26.24881,30.36445,22.84732,22.56103,41.14608,42.43819,43.27817,46.8615,43.84062,44.04543,48.79549,46.2277,49.0408,51.61395,52.47857,52.83938,59.90826,52.47857,55.9464,57.3062,56.82429,62.03225,61.09828,54.78138,58.46366,64.88451,61.40033,62.8172,60.20797,59.80803,55.31727,55.7853,59.20304,57.56735,55.31727,58.94065,57.28001,55.65968,59.77458,53.85165,56.64804,55.36244,52.80152,54.626,55.9464,61.40033,60.41523,57.70615,55.00909,57.45433,59.68249,60.03332,61.05735,61.77378,61.58734,59.40539,61.40033,62.42596,64.07027,66.57327,68.24222
10.29563,9.43398,9.84886,9.84886,9.84886,8.94427,8.94427,8.544,8.94427,8.544,8.544,8.544,8.24621,8.24621,8.24621,9.21954,8.06226,8.06226,8.06226,8.06226,8.06226,8.0,8.06226,8.0,9.0,8.06226,9.05539,8.0,8.0,8.06226,8.06226,8.06226,8.06226,8.06226,8.24621,8.24621,7.61577,7.28011,7.28011,6.32456,6.7082,6.7082,6.7082,5.83095,5.83095,5.0,5.0,5.0,5.0,4.24264,4.24264,4.47214,61.32699,61.03278,64.84597,58.60034,59.61543,53.48832,57.77543,54.12947,47.85394,53.66563,49.73932,49.24429,50.11986,46.32494,46.32494,49.64877,51.86521,52.20153,47.50789,51.22499,48.27007,45.60702,46.09772,45.25483,45.96738,45.34314,47.50789,48.27007,48.79549,47.01064,51.62364,50.93133,45.96738,49.51767,48.79549,46.75468,48.9183,50.32892,47.63402,44.10215,44.20407,44.72136,44.94441,42.54409,42.15448,38.07887,37.0,31.7805,31.62278,28.79236,34.52535,28.16026,28.16026,27.29469,24.33105,21.0238,22.36068,41.01219,41.03657,41.7732,45.80393,45.60702,45.79301,44.94441,48.76474,53.66563,48.75449,52.39275,53.66563,59.5063,57.58472,54.40588,58.46366,60.63827,54.58938,57.27128,60.01666,57.87055,59.21149,61.66036,60.20797,60.13319,60.03332,62.07254,60.67125,53.03772,57.31492,51.15662,60.07495,59.4138,59.4138,53.33854,59.21149,54.91812,54.91812,55.44367,57.00877,55.7315,55.65968,60.20797,58.5235,58.18935,60.16644,58.5235,60.00833,59.23681,62.29767,62.93648,60.74537,64.19502,61.68468,66.40783,64.62198,62.64982
11.7047,10.44031,10.44031,10.44031,10.19804,9.48683,9.48683,9.21954,9.21954,10.19804,10.19804,9.05539,9.05539,10.04988,9.05539,10.04988,9.0,9.0,9.0,9.0,9.0,9.0,9.05539,9.05539,10.0,10.0,10.0,10.0,10.0,10.0,9.0,10.0,9.05539,9.05539,9.21954,9.21954,8.24621,8.24621,8.24621,8.24621,7.61577,6.7082,7.61577,6.7082,5.83095,5.83095,5.83095,5.83095,5.0,5.0,5.0,4.24264,66.09841,61.68468,57.58472,59.77458,63.24555,50.59644,51.88449,53.85165,52.20153,47.53946,46.52956,50.60632,51.0,48.30114,46.06517,48.54894,47.70744,47.16991,45.79301,45.0,45.80393,49.20366,42.44997,48.10405,44.68781,48.41487,50.44799,44.55334,44.20407,48.9183,51.22499,48.41487,47.63402,46.75468,49.20366,46.61545,46.61545,47.01064,40.31129,50.21952,44.41846,44.29447,41.14608,41.14608,36.40055,37.0,33.52611,33.24154,33.54102,31.40064,29.27456,27.29469,30.01666,24.08319,24.33105,24.02082,22.2036,47.01064,42.42641,45.60702,46.04346,45.60702,44.94441,44.40721,45.65085,53.23533,53.33854,52.92447,55.54278,58.69412,61.84658,53.75872,57.56735,55.08176,61.40033,56.75385,58.0517,59.03389,61.18823,60.67125,59.13544,57.14018,60.20797,63.07139,58.21512,57.07889,56.4358,57.07889,60.03332,55.7315,57.31492,52.61179,55.7315,57.42822,56.88585,55.10898,59.84146,55.31727,60.44005,55.7853,59.13544,54.12024,59.46427,62.29767,56.64804,61.09828,57.87055,56.921,65.55151,60.16644,62.62587,67.6757,63.32456,65.19202
10.44031,10.77033,10.77033,10.77033,9.84886,9.84886,9.84886,9.84886,9.84886,10.29563,9.84886,9.43398,9.43398,9.43398,9.43398,10.0,8.60233,8.60233,9.21954,9.21954,9.21954,9.21954,9.21954,9.21954,9.21954,9.21954,9.21954,10.0,9.21954,10.0,10.0,10.0,10.0,9.43398,8.60233,8.94427,8.94427,8.544,8.544,8.544,7.61577,7.28011,7.28011,6.32456,6.32456,6.08276,6.08276,6.08276,6.08276,5.09902,5.0,5.0,64.84597,64.07808,61.13101,57.56735,58.24088,53.85165,55.65968,58.5235,52.20153,54.70832,53.60037,47.07441,49.0306,50.01,48.6621,46.27094,52.15362,48.25971,46.27094,47.09565,48.16638,45.01111,49.25444,50.01,44.10215,48.0,46.01087,47.26521,48.01042,50.24938,43.01163,54.23099,46.38965,47.16991,43.28972,49.0102,51.15662,49.0102,49.25444,45.01111,39.05125,42.29657,44.64303,41.97618,41.97618,35.22783,39.84972,31.95309,35.34119,27.20294,25.94224,27.29469,24.16609,25.07987,27.45906,24.20744,24.04163,40.11234,45.0,43.0,45.04442,43.28972,49.0306,43.56604,47.53946,53.15073,49.72927,51.86521,58.30952,59.46427,57.00877,55.4617,59.09315,63.95311,59.5399,62.17717,57.70615,58.82176,65.19202,56.61272,59.07622,62.20129,63.00794,60.959,65.43699,57.42822,58.60034,54.20332,61.03278,60.46487,54.3783,60.21628,52.80152,52.69725,57.70615,58.5235,55.9464,58.66856,55.9017,62.6099,60.00833,59.05929,59.90826,58.69412,56.0803,65.14599,60.16644,63.32456,65.14599,67.06713,61.68468,66.7308,72.12489,64.84597
10.44031,9.48683,9.48683,9.48683,9.48683,9.48683,8.94427,8.94427,8.544,8.94427,8.94427,8.06226,9.43398,8.60233,8.60233,8.60233,8.60233,8.60233,8.60233,7.81025,7.81025,9.21954,7.81025,8.48528,8.48528,8.48528,8.48528,9.21954,9.21954,7.81025,8.60233,8.60233,8.60233,8.60233,8.06226,8.06226,8.06226,7.61577,7.61577,7.61577,6.32456,6.32456,6.32456,5.09902,5.09902,5.09902,5.09902,5.0,5.0,4.0,4.0,4.0,65.0,60.87693,59.36329,59.07622,57.68882,58.30952,54.58938,55.07268,49.73932,50.11986,54.56189,48.33218,51.62364,47.41308,45.88028,46.17359,50.28916,48.76474,47.53946,46.87217,49.24429,41.97618,46.17359,44.91102,43.68066,50.48762,48.27007,46.38965,48.27007,47.51842,46.87217,48.83646,43.73786,50.63596,45.54119,44.64303,43.93177,43.73786,44.91102,46.48656,44.92215,40.31129,39.81206,39.35734,37.58989,31.38471,38.27532,35.35534,34.4093,29.20616,30.52868,25.4951,30.80584,25.4951,24.83948,20.24846,20.51828,40.80441,45.88028,35.8469,46.61545,39.92493,46.95743,49.73932,43.82921,48.54894,52.35456,47.70744,49.92995,55.22681,50.60632,57.00877,57.98276,59.4138,59.46427,55.15433,54.56189,54.56189,63.12686,59.03389,56.85068,57.42822,59.66574,58.82176,58.60034,54.40588,58.41233,52.80152,59.40539,54.81788,53.07542,53.07542,56.22277,53.75872,55.17246,54.56189,59.46427,54.48853,55.97321,55.22681,58.89822,57.62812,58.83026,59.36329,57.14018,63.00794,59.40539,62.20129,64.40497,62.43397,58.41233,63.51378,67.42403,62.62587
11.18034,11.18034,11.18034,11.18034,10.29563,10.29563,10.29563,10.29563,10.29563,9.43398,9.43398,10.0,10.0,10.0,10.0,10.0,9.21954,9.21954,9.89949,9.21954,9.89949,9.89949,9.21954,9.89949,9.89949,9.89949,9.89949,9.89949,9.89949,9.89949,9.21954,10.0,10.0,10.0,8.60233,8.60233,9.43398,8.94427,8.94427,8.06226,7.61577,7.61577,7.61577,6.32456,6.32456,6.32456,6.32456,6.08276,5.09902,5.09902,5.09902,5.09902,62.64982,61.7171,62.17717,53.7122,61.29437,55.9017,56.35601,56.4358,51.86521,49.39636,52.0,49.0408,49.98,53.16014,47.12749,50.44799,48.76474,50.48762,46.69047,49.25444,47.38143,47.67599,49.09175,46.27094,47.16991,51.15662,48.04165,49.0102,51.08816,49.09175,45.09989,52.00961,45.01111,46.27094,47.09565,46.27094,46.09772,44.40721,49.16299,45.12206,41.97618,38.60052,47.12749,41.76123,39.56008,37.94733,37.58989,38.48376,34.1321,28.42534,28.17801,27.01851,27.313,27.78489,24.83948,25.4951,21.26029,44.10215,46.38965,42.44997,48.05206,45.89118,45.88028,48.38388,47.53946,51.86521,51.47815,51.07837,50.9902,59.5063,59.94164,58.5235,59.64059,58.5235,59.90826,56.30275,61.7171,56.0803,62.36986,60.20797,59.5483,62.482,60.10824,62.36986,65.8559,59.39697,60.10824,55.9017,60.82763,58.69412,58.79626,63.89053,58.89822,60.20797,58.0517,57.62812,58.00862,60.21628,56.82429,60.74537,61.58734,58.18075,53.25411,58.30952,62.6099,63.56099,66.64083,63.13478,65.8635,68.0,63.28507,68.96376,66.03787,68.0
11.7047,10.44031,11.18034,11.40175,10.19804,9.21954,10.19804,10.19804,10.19804,10.04988,10.19804,10.04988,9.05539,10.04988,9.0,10.0,10.0,10.0,9.05539,10.04988,10.04988,10.04988,10.0,10.04988,10.04988,10.04988,9.05539,10.04988,10.04988,10.0,9.0,10.0,10.0,10.0,9.05539,9.05539,9.21954,8.06226,8.24621,8.06226,7.61577,7.28011,7.28011,6.32456,6.32456,5.38516,5.38516,5.38516,5.83095,5.0,5.0,4.24264,64.14047,60.53924,62.43397,59.94164,62.42596,59.68249,54.6443,58.24946,52.15362,51.86521,49.0408,48.60041,53.15073,47.50789,48.60041,50.20956,48.83646,45.45327,48.16638,46.01087,52.80152,43.27817,46.40043,48.41487,43.27817,42.05948,48.41487,51.0392,50.80354,50.60632,47.63402,51.0392,42.80187,50.80354,44.82187,43.18565,48.01042,47.20169,46.01087,48.9183,40.45986,43.60046,41.40048,42.63801,43.60046,37.21559,36.89173,34.66987,33.83785,31.76476,34.0,30.36445,29.54657,28.4605,23.4094,23.19483,23.19483,47.43416,45.60702,40.60788,47.42362,47.38143,45.96738,45.45327,49.0408,50.32892,52.20153,54.6443,57.14018,56.30275,59.68249,62.16912,57.3062,65.0,54.40588,62.03225,60.53924,63.56886,62.0967,56.61272,58.5235,60.16644,62.29767,62.58594,64.7611,62.36986,60.44005,57.48913,56.921,57.00877,61.40033,62.76942,59.13544,54.23099,60.08328,58.87274,59.09315,60.16644,59.03389,59.5063,63.06346,60.90156,54.58938,54.12024,58.18075,60.82763,61.29437,59.36329,68.50547,70.23532,59.94164,67.95587,70.83078,68.42514
12.04159,11.04536,11.18034,11.04536,11.04536,10.04988,10.19804,10.19804,10.19804,10.19804,10.19804,10.19804,10.44031,9.48683,9.48683,9.48683,9.48683,9.48683,9.84886,9.84886,9.84886,9.84886,9.84886,10.29563,9.84886,9.84886,9.84886,9.84886,9.84886,9.84886,9.84886,9.84886,9.84886,9.48683,9.21954,9.21954,9.21954,9.21954,8.06226,8.06226,8.06226,7.0,8.0,7.0,6.0,6.0,6.08276,6.0,6.08276,5.09902,5.09902,4.12311,60.1415,58.13777,59.39697,60.44005,57.38467,56.63921,55.15433,57.48913,53.07542,50.20956,53.75872,51.08816,48.83646,46.09772,48.41487,48.41487,53.00943,45.48626,49.92995,48.54894,44.10215,49.24429,48.46648,48.76474,46.14109,48.10405,50.11986,49.65884,45.17743,45.18849,46.52956,51.47815,43.04649,49.39636,45.27693,46.51881,47.88528,50.77401,48.82622,47.16991,41.40048,43.84062,43.18565,40.31129,40.36087,35.4683,36.40055,34.98571,29.41088,35.80503,30.01666,28.6531,30.0,29.15476,22.36068,26.4764,21.58703,42.54409,41.62932,43.38202,49.24429,45.27693,46.14109,46.61545,50.0,54.6443,52.63079,52.40229,54.45181,57.31492,60.10824,62.96825,58.0517,60.82763,61.40033,58.82176,63.24555,59.36329,64.66065,62.96825,59.5399,65.0,64.14047,60.82763,61.77378,59.94164,63.81222,59.94164,60.20797,57.3062,60.46487,58.30952,61.05735,57.98276,58.83026,58.24946,64.2028,62.80127,60.87693,56.22277,58.25805,58.25805,63.41136,63.12686,60.87693,64.3506,66.52819,65.29931,67.20863,66.6033,60.10824,65.79514,72.24957,66.52819
11.18034,10.77033,11.18034,9.84886,9.84886,9.84886,10.29563,10.29563,9.43398,9.43398,9.43398,9.43398,9.43398,8.60233,8.60233,9.21954,9.21954,9.21954,8.48528,9.21954,9.21954,8.48528,9.21954,8.48528,9.21954,9.21954,9.21954,9.89949,8.48528,9.89949,9.21954,9.21954,9.21954,8.60233,8.60233,9.43398,8.94427,8.06226,7.61577,7.61577,7.61577,7.28011,7.28011,6.32456,6.32456,6.08276,6.08276,5.09902,5.09902,5.09902,5.0,5.0,57.56735,61.98387,60.41523,58.24946,58.46366,50.44799,48.50773,54.12947,50.44799,52.34501,50.35871,51.15662,50.03998,49.0102,49.0408,45.04442,49.0102,48.01042,41.0,42.42641,50.48762,45.39824,43.17407,43.28972,44.72136,47.51842,47.85394,48.38388,45.12206,48.05206,47.29693,47.53946,44.91102,46.57252,45.54119,44.72136,44.91102,41.23106,45.27693,46.01087,43.04649,42.04759,39.31921,41.10961,41.10961,33.54102,36.49658,33.54102,33.24154,31.04835,31.57531,27.51363,28.86174,25.96151,23.70654,21.93171,21.47091,41.59327,36.22154,43.41659,48.0,47.16991,45.04442,42.57934,47.51842,51.35173,48.6621,55.31727,53.46027,55.7853,55.54278,54.42426,54.42426,59.61543,57.77543,62.76942,60.41523,58.59181,59.94164,56.82429,58.66856,61.29437,59.94164,58.82176,59.64059,57.14018,58.66856,52.47857,57.80138,52.83938,54.58938,59.05929,57.69749,53.31041,55.4617,56.85948,56.0803,55.97321,56.61272,59.23681,58.82176,57.28001,58.94065,58.24946,60.63827,60.44005,61.68468,61.61169,64.13267,61.40033,61.13101,66.70832,64.77654,61.18823
10.81665,10.81665,10.29563,10.29563,10.29563,10.29563,10.29563,9.84886,8.94427,9.84886,9.84886,9.48683,9.48683,9.48683,8.544,9.48683,9.21954,9.48683,9.21954,9.21954,9.21954,9.21954,9.21954,9.21954,9.21954,9.21954,9.21954,9.21954,9.21954,9.48683,9.21954,9.48683,9.48683,8.544,8.94427,8.94427,8.94427,8.06226,8.06226,8.06226,7.2111,7.2111,7.2111,6.40312,6.40312,5.65685,5.65685,5.0,4.24264,4.24264,4.24264,3.60555,67.36468,64.12488,59.13544,62.0,61.03278,60.0,55.0,54.00926,54.23099,54.08327,54.45181,53.15073,53.75872,45.89118,48.37355,45.88028,51.1957,47.80167,51.66237,48.08326,54.08327,47.75982,46.23851,49.98,44.64303,48.10405,46.8188,48.8467,47.01064,52.92447,47.92703,51.5461,49.39636,49.65884,48.8467,47.16991,47.29693,46.23851,43.01163,44.92215,44.91102,45.27693,43.18565,41.10961,45.17743,37.01351,36.0,36.05551,32.06244,34.0147,28.07134,30.41381,28.28427,27.45906,26.68333,23.4094,22.84732,43.41659,43.04649,44.28318,46.57252,44.64303,48.76474,44.14748,50.44799,50.9902,50.9902,52.23983,53.23533,58.21512,62.03225,59.07622,59.00847,65.12296,61.20457,61.07373,63.15061,64.49806,62.39391,60.20797,60.01666,61.39218,59.43904,61.61169,61.61169,59.22837,60.20797,59.43904,60.41523,56.56854,58.85576,61.39218,59.22837,56.4358,54.74486,60.29925,60.13319,61.29437,57.07889,58.0,58.03447,60.03332,66.00758,63.00794,60.00833,64.12488,63.00794,58.0,64.03124,66.00758,64.00781,63.07139,63.00794,63.3877
10.0,10.0,10.0,10.0,10.0,8.60233,9.21954,8.48528,8.48528,8.48528,8.48528,7.81025,9.21954,7.81025,7.81025,8.60233,8.06226,8.60233,8.06226,8.94427,8.06226,8.06226,8.06226,8.94427,8.94427,8.06226,8.06226,8.94427,8.94427,8.94427,8.06226,9.43398,9.43398,8.60233,7.2111,8.60233,7.81025,7.81025,7.07107,7.07107,7.07107,5.65685,6.40312,5.65685,5.0,5.0,4.47214,4.47214,4.47214,4.47214,4.12311,4.12311,59.3043,59.07622,57.55867,53.60037,59.84146,57.55867,55.7315,55.57877,51.97115,49.24429,49.33559,50.21952,52.88667,48.08326,45.88028,47.01064,51.86521,49.39636,48.33218,47.85394,47.88528,52.47857,47.70744,47.70744,48.25971,47.50789,44.94441,45.27693,46.04346,46.04346,49.09175,47.16991,48.25971,49.67897,47.16991,44.77723,42.19005,45.48626,48.33218,44.38468,46.09772,43.46263,41.10961,38.07887,43.68066,37.94733,37.10795,35.17101,32.06244,30.80584,29.01724,31.06445,27.16616,26.01922,26.01922,23.19483,23.08679,39.21734,40.31129,40.80441,43.9659,42.72002,41.97618,45.35416,48.37355,47.26521,50.03998,51.08816,54.08327,55.00909,52.0,52.15362,55.03635,57.00877,59.21149,58.42089,59.4138,60.20797,59.5399,61.84658,56.08921,61.13101,59.22837,55.7853,52.63079,59.20304,57.48913,55.54278,56.08921,55.7315,52.46904,57.70615,53.93515,56.32051,56.56854,60.40695,56.22277,57.21888,57.03508,56.00893,62.0,55.0,52.00961,54.00926,58.21512,58.13777,64.38167,62.39391,66.61081,59.07622,60.82763,63.12686,67.02984,67.36468
11.18034,11.18034,11.18034,11.18034,11.18034,10.29563,10.81665,10.0,10.0,10.0,9.43398,10.0,10.0,10.0,9.21954,9.89949,9.89949,9.89949,9.89949,9.89949,9.89949,9.89949,9.89949,9.89949,9.89949,9.89949,9.89949,9.89949,9.89949,9.89949,9.21954,9.89949,10.63015,9.21954,9.21954,8.60233,9.43398,8.94427,8.06226,8.06226,8.06226,6.7082,7.61577,6.7082,6.7082,6.32456,6.32456,6.32456,5.09902,5.09902,5.09902,5.0,65.0,64.88451,61.09828,53.31041,58.87274,52.39275,55.36244,51.26402,54.23099,46.84015,50.0,45.60702,49.64877,52.17279,47.29693,47.38143,48.25971,44.28318,44.18144,49.0102,45.39824,49.09175,46.04346,45.17743,47.0,46.0,50.01,42.10701,48.25971,44.10215,46.01087,47.01064,50.08992,48.16638,44.0,42.0,42.10701,48.16638,47.09565,43.04649,43.73786,41.48494,39.29377,47.07441,40.02499,35.4683,34.53983,36.76955,28.6007,30.01666,29.06888,29.54657,30.52868,27.20294,25.0,22.2036,23.34524,46.01087,40.04997,43.04649,44.10215,42.42641,42.10701,43.93177,41.48494,50.9902,52.88667,47.80167,52.81098,55.65968,55.15433,55.03635,62.64982,58.59181,59.90826,56.93856,57.45433,60.20797,62.42596,63.24555,57.2014,60.1415,61.85467,60.20797,58.13777,61.22091,56.85948,55.80323,52.80152,56.0357,56.85948,59.03389,57.42822,56.30275,56.79789,57.45433,59.48109,56.93856,65.0,59.03389,63.07139,53.7122,62.24147,60.83584,60.92618,64.2573,65.0,64.07808,63.32456,57.93962,63.69458,67.06713,64.19502,62.24147
10.19804,10.19804,10.19804,10.19804,9.21954,9.21954,9.21954,8.24621,8.24621,8.544,8.24621,8.544,8.544,8.544,8.544,8.94427,8.06226,8.06226,8.06226,8.06226,8.06226,8.06226,8.06226,8.60233,8.06226,8.06226,8.06226,8.60233,8.06226,8.06226,8.06226,8.94427,8.544,8.544,7.61577,7.28011,7.28011,7.28011,7.28011,7.07107,6.08276,6.08276,6.0,5.0,5.0,5.09902,5.09902,5.09902,5.09902,4.12311,4.12311,4.47214,64.53681,62.1289,59.03389,60.20797,60.46487,58.13777,56.85948,57.14018,55.47071,52.69725,51.86521,49.92995,53.7122,48.76474,47.85394,47.42362,51.07837,47.80167,46.52956,45.22168,49.0408,49.24429,48.76474,49.98,49.98,49.64877,47.12749,47.12749,46.32494,49.24429,50.9902,45.88028,50.69517,46.84015,47.43416,46.48656,52.20153,50.32892,43.46263,43.86342,47.01064,43.82921,46.64762,44.77723,39.66106,38.07887,36.23534,39.20459,32.52691,30.61046,30.0,28.3196,28.3196,27.20294,23.60085,23.02173,21.63331,41.7732,41.7732,40.5216,43.32436,45.88028,45.31004,46.09772,42.48529,49.64877,50.24938,52.15362,51.86521,54.58938,54.6443,54.40588,58.89822,56.63921,58.72819,60.82763,56.63921,56.72742,63.25346,60.1415,59.46427,60.60528,60.20797,57.48913,59.03389,58.00862,56.63921,55.60576,55.60576,56.72742,57.80138,56.0803,57.31492,59.4138,53.75872,55.15433,60.959,56.56854,61.07373,57.48913,64.03124,58.13777,58.41233,57.2014,62.24147,60.44005,64.81512,63.00794,62.1289,61.7171,62.482,63.60031,64.03124,63.89053
10.63015,10.63015,10.0,10.63015,10.0,10.0,10.0,9.43398,9.43398,9.43398,9.43398,8.94427,8.94427,8.94427,8.94427,9.84886,8.544,8.544,8.544,8.544,8.544,9.48683,9.48683,9.21954,9.48683,9.48683,9.48683,9.48683,9.48683,9.48683,8.544,9.48683,8.544,8.94427,8.94427,8.06226,8.06226,8.06226,8.06226,7.2111,7.07107,6.40312,6.40312,5.65685,5.65685,5.65685,5.65685,5.0,5.0,5.0,4.47214,3.60555,56.4358,58.54912,61.29437,59.21149,57.07889,55.08176,56.0803,58.07753,52.0,57.03508,53.08484,50.0,51.0392,48.25971,48.37355,49.47727,47.67599,46.87217,45.70558,50.44799,49.47727,46.84015,44.59821,43.17407,45.35416,49.72927,45.54119,46.09772,49.64877,51.5461,49.72927,51.5461,44.38468,47.12749,49.33559,42.95346,42.75512,46.09772,43.73786,41.4367,41.97618,47.26521,42.29657,39.31921,36.12478,40.04997,35.35534,36.12478,30.41381,33.73426,32.01562,31.57531,29.27456,26.92582,26.0,24.59675,24.41311,40.71855,41.48494,42.95346,44.18144,45.27693,45.17743,45.54119,47.51842,51.0392,48.0,50.15974,51.0098,56.00893,56.0803,55.44367,57.48913,59.84146,55.7853,56.29387,60.08328,61.40033,61.68468,53.60037,61.68468,58.5235,58.82176,57.24509,58.18935,57.24509,64.2573,56.30275,56.61272,55.54278,57.58472,57.58472,54.40588,54.40588,52.88667,56.88585,57.07013,54.74486,55.3263,56.88585,56.7186,57.07013,62.16912,61.52235,57.42822,65.76473,64.77654,59.3043,63.07139,67.60178,62.1289,62.39391,65.37584,61.29437
10.0,10.0,10.0,10.0,9.0,10.04988,9.05539,9.05539,9.05539,9.05539,9.05539,9.21954,9.21954,8.24621,8.24621,8.544,8.544,8.544,8.544,8.544,8.544,8.544,8.544,8.544,8.544,8.94427,9.84886,8.544,8.544,8.94427,8.544,8.544,8.544,8.544,9.21954,8.24621,8.24621,7.07107,7.07107,7.07107,7.07107,7.0,6.0,6.0,6.0,5.0,6.0,4.0,4.12311,4.12311,4.12311,4.12311,65.94695,65.06919,60.10824,56.58622,61.55485,56.63921,56.63921,56.56854,51.66237,48.83646,48.60041,55.44367,49.64877,49.20366,49.40648,51.97115,51.62364,48.54894,45.27693,45.61798,48.10405,49.65884,44.28318,46.09772,44.28318,47.85394,49.65884,50.15974,47.75982,49.98,49.39636,48.10405,47.43416,49.33559,50.92151,46.51881,49.98,51.0,51.62364,42.95346,50.53712,43.04649,45.0,42.72002,40.22437,40.22437,37.53665,36.79674,31.82766,32.55764,28.01785,29.0,30.41381,29.83287,26.92582,23.85372,21.09502,41.78516,40.70626,43.909,45.22168,42.43819,43.41659,45.45327,46.75468,50.32892,53.74012,52.34501,50.91169,53.15073,58.0,53.8145,60.60528,59.20304,61.29437,56.60389,59.36329,56.93856,60.90156,62.17717,59.48109,58.59181,57.3062,58.60034,59.03389,58.18075,54.12024,51.62364,57.69749,55.9464,56.82429,56.79789,55.22681,55.47071,59.40539,53.85165,57.2014,57.42822,60.44005,57.31492,58.89822,55.97321,57.31492,56.85068,60.10824,62.2254,63.89053,62.96825,68.593,63.78087,66.46804,65.06919,60.87693,66.48308
10.29563,10.29563,9.43398,10.29563,9.43398,9.43398,9.43398,8.60233,8.60233,9.21954,9.21954,9.21954,8.48528,8.48528,8.48528,9.89949,9.21954,9.21954,8.60233,9.21954,8.60233,8.60233,9.21954,8.60233,9.21954,9.21954,9.21954,9.21954,9.21954,9.21954,9.21954,8.48528,8.48528,8.48528,8.48528,9.21954,8.60233,7.2111,7.2111,7.2111,6.7082,6.7082,5.83095,6.7082,5.38516,5.38516,5.38516,4.47214,4.47214,4.12311,4.12311,4.12311,65.39113,59.03389,64.51356,60.00833,57.58472,54.42426,56.32051,57.24509,49.72927,56.04463,54.40588,52.81098,56.04463,50.9902,48.25971,52.46904,50.24938,51.24451,47.51842,49.0,51.0098,48.16638,47.16991,45.01111,48.01042,46.0,43.04649,47.04253,49.09175,48.09366,48.25971,48.04165,48.04165,49.0408,48.01042,46.01087,47.38143,47.04253,47.16991,48.37355,47.67599,43.17407,45.12206,43.56604,41.23106,41.78516,40.02499,34.52535,33.10589,34.48188,30.88689,32.69557,28.6531,28.17801,26.40076,25.23886,27.65863,39.05125,38.0526,40.04997,44.18144,42.19005,40.60788,45.54119,48.6621,50.21952,45.35416,52.49762,54.40588,54.57105,55.71355,55.54278,56.0803,58.18075,55.47071,58.18075,57.98276,63.28507,57.42822,58.60034,60.20797,62.43397,60.46487,57.80138,59.03389,54.03702,58.00862,51.61395,56.61272,57.2014,55.47071,57.68882,52.43091,54.58938,56.36488,56.79789,55.47071,54.56189,59.80803,58.18075,62.64184,58.69412,53.85165,59.5063,60.74537,58.30952,62.76942,62.62587,62.62587,66.7308,58.87274,67.23095,68.00735,65.55151
11.18034,11.18034,11.18034,11.18034,11.18034,10.29563,10.29563,9.43398,9.43398,10.81665,9.43398,10.0,10.0,10.0,10.0,10.0,9.21954,9.21954,9.89949,9.89949,9.89949,9.89949,9.21954,9.89949,10.63015,9.89949,9.89949,10.63015,10.63015,9.21954,10.0,10.0,10.0,10.0,10.0,9.43398,9.43398,8.94427,8.94427,8.94427,7.61577,7.61577,7.61577,6.32456,6.32456,6.32456,6.32456,6.08276,6.08276,6.08276,5.09902,5.0,70.45566,68.96376,63.13478,60.41523,60.82763,62.64982,54.58938,60.16644,55.00909,53.48832,55.71355,51.24451,54.40588,49.98,49.72927,51.1957,48.27007,53.93515,48.70318,46.27094,52.08647,47.67599,49.0408,46.09772,48.37355,50.35871,47.01064,52.0,48.50773,53.03772,47.26521,50.08992,50.24938,51.15662,46.04346,50.48762,51.35173,49.49747,50.01,44.64303,45.60702,48.38388,43.46263,41.76123,41.4367,39.56008,37.73592,42.94182,32.44996,31.76476,32.44996,28.42534,29.83287,27.58623,25.80698,21.26029,20.51828,42.29657,43.10452,45.89118,45.54119,44.92215,45.88028,47.01064,47.12749,51.26402,48.8467,51.0,57.24509,58.13777,57.70615,56.4358,54.91812,59.40539,58.00862,55.75841,61.40033,55.44367,63.41136,57.31492,61.07373,62.2254,62.24147,59.46427,57.28001,58.69412,57.98276,58.0,60.82763,54.56189,59.46427,59.03389,56.85068,57.00877,58.41233,56.85948,57.68882,59.07622,56.93856,61.40033,62.26556,60.53924,60.41523,63.63175,63.06346,66.30988,64.88451,65.51336,69.31811,63.50591,61.26989,66.24198,68.88396,68.8767
11.04536,11.04536,11.18034,11.04536,11.18034,10.04988,10.19804,10.19804,10.19804,10.44031,10.19804,10.19804,10.44031,9.48683,9.48683,9.84886,9.84886,9.84886,9.84886,9.84886,9.84886,9.84886,9.84886,10.29563,10.29563,9.84886,9.84886,10.29563,10.29563,9.84886,9.84886,9.84886,9.84886,9.84886,9.48683,9.48683,9.21954,9.21954,8.24621,8.24621,8.06226,7.07107,8.06226,7.0,7.07107,6.0,6.0,6.0,6.08276,6.0,5.09902,5.09902,62.62587,62.93648,58.79626,62.24147,65.79514,56.85068,60.0,53.74012,56.61272,49.09175,54.40588,54.91812,49.20366,48.02083,51.10773,48.30114,51.62364,50.56679,46.95743,51.97115,51.89412,49.65884,48.38388,46.61545,46.61545,46.95743,50.69517,51.86521,44.72136,53.14132,52.80152,51.89412,51.07837,46.17359,50.9902,47.92703,46.95743,47.42362,44.77723,45.48626,48.82622,46.04346,45.27693,42.44997,41.86884,39.69887,33.94113,38.28838,33.24154,30.4795,33.42155,29.20616,27.29469,29.41088,27.73085,25.05993,24.59675,43.41659,40.02499,45.22168,40.49691,44.29447,41.14608,43.41659,45.79301,51.88449,51.97115,53.60037,50.21952,58.59181,58.00862,54.56189,58.72819,59.66574,57.38467,54.48853,59.03389,63.89053,59.03389,64.66065,58.89822,60.46487,57.80138,61.85467,55.21775,60.21628,59.07622,60.0,55.47071,56.30275,59.66574,58.82176,58.00862,57.00877,57.48913,56.0803,58.0517,53.90733,63.78087,53.03772,68.0147,60.82763,59.4138,62.24147,60.87693,61.52235,67.17887,66.8431,65.94695,67.26812,62.36986,67.35726,60.60528,69.81404
11.40175,10.44031,10.19804,10.19804,10.19804,9.21954,10.19804,9.21954,9.05539,9.05539,9.05539,9.05539,9.05539,9.05539,9.0,9.0,9.0,9.0,9.05539,9.05539,9.0,9.05539,9.0,9.05539,9.05539,9.05539,9.05539,9.05539,9.05539,9.05539,9.05539,9.0,9.0,9.0,8.06226,9.05539,8.06226,8.06226,8.24621,7.28011,7.28011,6.32456,7.28011,6.32456,5.83095,5.83095,5.83095,5.0,5.0,5.0,4.24264,4.24264,64.4748,62.96825,58.60034,59.94164,59.03389,57.93962,56.85948,60.16644,54.56189,55.07268,51.97115,56.93856,58.24946,45.79301,51.31277,53.00943,53.2635,52.20153,48.41487,50.32892,51.62364,49.67897,47.38143,45.27693,48.79549,50.93133,46.66905,51.08816,50.20956,52.3259,50.20956,51.66237,47.38143,51.66237,49.57822,49.40648,49.51767,49.51767,51.62364,51.08816,45.45327,45.27693,48.54894,47.50789,42.19005,40.24922,39.81206,33.61547,35.8469,32.20248,31.62278,30.36445,24.69818,29.41088,23.5372,27.07397,22.02272,41.03657,40.36087,40.81666,46.40043,39.11521,41.88078,43.01163,43.41659,46.87217,48.54894,46.09772,49.24429,51.47815,50.59644,53.85165,52.95281,57.97413,59.43904,57.72348,54.74486,57.28001,56.56854,58.69412,55.57877,58.13777,57.42822,58.00862,59.21149,57.42822,57.21888,55.03635,54.74486,54.23099,53.93515,58.24946,52.95281,55.10898,53.93515,52.17279,61.40033,58.24946,58.5235,56.51548,57.24509,57.58472,56.30275,54.626,61.46544,62.03225,57.77543,60.53924,65.79514,65.14599,64.84597,59.80803,69.64194,64.62198
10.0,10.0,9.05539,10.04988,10.04988,9.05539,9.05539,8.24621,8.24621,8.24621,9.21954,8.24621,8.24621,8.544,8.24621,8.544,8.544,8.544,8.94427,8.94427,8.94427,8.94427,8.544,8.94427,8.94427,8.94427,8.94427,8.94427,8.94427,8.544,8.544,8.544,8.544,8.544,8.24621,8.24621,8.06226,8.06226,7.07107,7.07107,7.0,7.0,7.0,6.0,6.0,5.09902,5.09902,5.09902,5.09902,5.09902,4.47214,4.47214,66.88797,67.1193,56.30275,57.69749,63.15853,53.31041,60.16644,58.5235,58.5235,51.07837,52.49762,52.20153,45.22168,53.16014,50.0,50.80354,52.39275,52.61179,49.64877,50.08992,53.60037,51.24451,48.16638,50.24938,46.17359,51.0,49.09175,52.00961,53.08484,52.00961,49.25444,51.0,52.23983,49.0102,49.0102,50.15974,48.25971,46.27094,48.50773,48.27007,49.81967,44.91102,44.92215,43.68066,38.62642,41.14608,37.0,40.16217,32.64966,33.54102,31.06445,33.10589,30.8707,27.45906,27.01851,22.02272,24.08319,38.01316,36.05551,43.28972,43.56604,39.56008,43.01163,44.38468,45.88028,49.98,48.8467,49.24429,48.30114,54.12947,52.35456,48.25971,54.08327,59.90826,53.00943,57.98276,56.0357,60.959,58.0517,57.28001,57.48913,58.13777,58.41233,55.9017,56.63921,57.28001,56.63921,54.48853,53.74012,55.9017,56.58622,56.72742,55.22681,54.20332,54.6443,55.60576,56.85948,54.40588,58.18075,58.83026,60.53924,57.80138,55.47071,54.58938,63.63175,55.9464,60.83584,60.37384,65.79514,59.16925,61.29437,63.97656,67.97794,72.89719
12.04159,11.04536,11.04536,11.04536,11.04536,10.19804,10.19804,10.19804,10.19804,9.21954,10.19804,10.44031,9.48683,9.48683,9.48683,9.84886,9.48683,9.48683,8.544,9.84886,9.84886,9.84886,9.84886,9.84886,9.84886,9.84886,9.84886,9.84886,9.84886,9.84886,9.48683,9.48683,9.48683,9.48683,10.19804,9.21954,9.21954,9.05539,8.06226,8.06226,8.0,8.0,8.0,7.0,7.07107,6.08276,6.08276,6.08276,6.08276,5.09902,5.38516,5.38516,61.52235,63.78087,63.65532,58.89822,53.8145,57.62812,59.46427,56.0803,51.31277,51.08816,52.20153,50.60632,48.8774,49.40648,49.20366,49.24429,50.53712,51.47815,47.85394,47.01064,50.56679,48.30114,47.75982,47.16991,45.61798,48.8467,46.84015,46.8188,47.53946,47.16991,48.70318,50.69517,47.16991,53.85165,44.94441,51.47815,49.65884,46.09772,46.87217,49.1935,46.61545,47.50789,39.82462,41.40048,41.04875,40.45986,38.94868,36.06938,32.52691,31.1127,31.62278,29.73214,26.62705,26.07681,26.40076,29.06888,25.63201,41.97618,41.48494,40.80441,43.46263,42.72002,44.77723,44.65423,45.80393,45.65085,50.0,49.81967,50.44799,57.00877,56.72742,54.45181,50.91169,60.82763,56.63921,52.49762,54.81788,57.62812,58.25805,56.40035,57.62812,57.68882,58.82176,56.60389,57.45433,57.98276,56.30275,58.24946,59.90826,55.47071,56.60389,58.5235,56.61272,59.40539,53.03772,57.80138,56.63921,59.03389,57.31492,59.4138,62.482,60.1415,62.93648,58.0,60.81118,60.10824,63.63961,60.87693,62.24147,68.62215,61.84658,65.76473,67.89698,65.60488
10.44031,9.48683,10.77033,10.77033,9.84886,8.544,8.94427,8.94427,8.94427,9.43398,8.94427,8.60233,9.43398,8.60233,8.60233,9.21954,8.48528,8.60233,8.48528,8.48528,8.48528,8.48528,8.48528,9.21954,9.21954,8.48528,8.48528,9.89949,9.89949,9.89949,9.21954,9.21954,9.21954,9.21954,8.60233,8.60233,8.06226,8.06226,8.06226,8.06226,6.7082,6.32456,7.28011,5.38516,6.32456,5.09902,5.09902,5.09902,5.0,5.0,4.0,4.0,66.18912,59.90826,67.41662,61.26989,56.0803,58.30952,56.35601,58.83026,47.88528,54.70832,48.76474,49.1935,49.39636,47.01064,47.92703,48.10405,54.40588,53.75872,47.43416,46.87217,54.34151,49.24429,55.22681,52.95281,51.62364,48.37355,44.18144,50.80354,51.41984,51.15662,48.6621,50.80354,50.01,53.46027,47.38143,48.50773,55.31727,51.24451,45.89118,44.38468,43.32436,46.95743,46.14109,43.41659,42.05948,39.44617,36.35932,33.83785,35.80503,33.42155,29.06888,29.83287,29.15476,29.0,25.45584,23.32381,21.09502,38.0526,40.1995,39.62323,43.93177,41.76123,44.27189,42.05948,46.48656,45.31004,46.61545,53.0,49.24429,54.56189,54.20332,57.98276,53.60037,58.82176,59.66574,58.41233,60.30755,57.48913,60.20797,58.89822,58.0,62.80127,64.03124,58.13777,61.55485,53.8145,57.28001,54.03702,58.0,55.86591,58.0,54.45181,50.20956,51.62364,57.31492,55.86591,59.66574,57.62812,54.03702,59.20304,59.03389,60.80296,59.48109,55.47071,60.03332,60.03332,60.80296,61.77378,59.90826,67.23095,55.75841,69.33974,69.64194,66.64083
11.18034,11.18034,10.19804,11.18034,10.19804,10.19804,10.19804,9.21954,9.48683,9.48683,9.48683,9.84886,9.84886,8.94427,8.94427,8.94427,8.94427,8.94427,9.43398,9.43398,9.43398,9.43398,8.94427,9.43398,9.43398,9.43398,9.43398,9.43398,9.43398,9.43398,9.43398,9.43398,9.84886,8.94427,8.94427,8.94427,8.544,8.544,8.24621,8.24621,7.28011,7.28011,7.07107,7.07107,6.08276,6.08276,6.0,6.0,5.0,5.0,5.0,4.0,69.81404,67.35726,57.3062,62.00806,58.60034,56.0803,50.77401,56.0803,50.24938,52.35456,50.11986,49.1935,46.14109,45.18849,47.92703,48.10405,48.10405,46.84015,44.92215,46.17359,47.53946,45.12206,43.93177,43.73786,46.84015,49.47727,44.91102,44.55334,46.52956,49.49747,48.05206,50.01,47.29693,47.51842,49.47727,47.67599,46.57252,44.14748,49.0408,44.01136,43.86342,43.46263,40.31129,40.70626,43.41659,38.83298,33.28663,35.51056,36.61967,31.14482,29.0,26.24881,30.80584,23.43075,22.47221,25.23886,24.18677,42.0119,40.60788,44.91102,46.57252,44.27189,49.0408,48.8467,49.1935,52.7731,45.31004,53.66563,55.9464,57.24509,56.0803,60.0,55.21775,59.40539,58.13777,57.62812,59.4138,58.13777,63.65532,58.69412,59.46427,60.81118,60.82763,59.4138,62.36986,57.31492,60.87693,55.17246,56.63921,61.7171,59.4138,60.20797,57.98276,56.56854,56.72742,53.03772,58.0517,58.13777,55.80323,58.24946,61.40033,57.62812,57.45433,63.24555,56.61272,63.00794,62.00806,64.3506,68.26419,67.35726,61.85467,61.29437,65.0,70.45566
9.89949,9.21954,9.21954,9.89949,9.21954,9.21954,8.60233,8.60233,8.60233,8.06226,8.60233,8.06226,8.06226,8.06226,8.06226,8.544,7.61577,7.61577,7.61577,7.61577,7.61577,8.544,7.61577,8.24621,8.544,8.24621,8.544,8.544,8.544,8.544,7.61577,8.06226,8.06226,8.06226,8.06226,7.2111,7.2111,7.2111,6.40312,7.07107,5.65685,5.65685,5.65685,5.65685,5.0,5.0,5.0,4.47214,4.47214,4.47214,4.12311,4.12311,66.61081,65.37584,70.03571,60.82763,59.5399,59.84146,58.69412,56.56854,54.14795,53.33854,52.00961,45.27693,50.01,46.04346,47.09565,47.04253,52.08647,50.24938,53.23533,46.27094,47.85394,48.05206,47.07441,50.48762,44.91102,47.26521,41.4367,50.96077,45.35416,47.12749,45.89118,48.37355,50.01,50.9902,44.72136,47.38143,51.15662,50.35871,50.01,48.25971,44.04543,44.0,44.28318,44.40721,44.28318,40.4475,37.0,37.65634,31.95309,32.28002,29.83287,26.92582,31.7805,25.29822,25.80698,29.20616,25.55386,42.94182,43.46263,39.92493,46.84015,43.32436,47.29693,45.12206,45.89118,48.50773,47.38143,50.35871,51.24451,55.7315,52.03845,54.23099,54.33231,61.13101,56.32051,58.30952,57.55867,60.20797,62.0967,58.69412,62.0967,59.48109,56.75385,57.72348,57.58472,59.13544,60.72891,54.81788,64.84597,56.30275,58.0517,58.0517,55.54278,53.60037,57.07013,57.97413,60.67125,58.69412,57.70615,61.18823,61.66036,55.44367,63.3877,64.38167,64.77654,63.3877,64.12488,65.49046,64.28063,67.36468,61.52235,67.60178,71.06335,67.47592
11.18034,11.18034,10.29563,10.29563,9.84886,10.29563,9.43398,9.43398,9.43398,8.60233,9.43398,9.21954,9.21954,9.21954,9.21954,9.21954,9.21954,8.48528,8.48528,8.48528,8.48528,8.48528,8.48528,9.21954,9.21954,9.21954,9.21954,9.21954,9.21954,9.21954,8.48528,9.21954,9.21954,8.48528,8.60233,8.60233,8.60233,8.06226,8.06226,7.2111,6.7082,6.7082,6.7082,6.32456,5.38516,5.38516,5.38516,5.09902,5.09902,4.12311,4.12311,4.0,62.43397,60.41523,66.18912,58.13777,55.4617,61.58734,54.58938,57.69749,54.12947,56.35601,54.78138,52.39275,53.7122,49.64877,52.55473,46.48656,46.48656,50.69517,43.41659,43.9659,51.47815,46.87217,49.16299,45.35416,45.54119,48.37355,47.67599,48.25971,51.35173,50.01,51.47815,51.15662,42.75512,52.61179,48.83646,47.85394,43.17407,49.0408,45.54119,48.76474,45.54119,43.9659,41.14608,42.15448,41.18252,39.81206,36.71512,34.9285,33.61547,31.62278,31.89044,31.241,28.28427,26.87006,24.75884,27.20294,20.51828,43.73786,40.11234,42.04759,47.09565,42.10701,43.73786,42.42641,47.51842,47.53946,48.50773,48.76474,48.46648,54.12024,54.78138,54.626,49.76947,55.03635,55.9464,55.56978,57.14018,57.14018,58.30952,57.42822,59.81639,54.03702,55.44367,53.25411,53.90733,56.40035,60.46487,50.80354,59.66574,54.67175,56.63921,57.2014,52.69725,51.31277,57.70615,53.0,58.13777,56.35601,59.94164,57.98276,55.56978,59.94164,60.40695,58.60034,64.07808,62.6099,64.84597,62.64982,63.15853,67.23095,67.77905,68.94926,71.58911,65.0
11.0,11.04536,10.0,10.0,10.0,10.04988,10.19804,9.05539,9.05539,9.05539,9.05539,9.21954,9.21954,9.21954,8.24621,9.48683,9.48683,8.544,8.544,8.544,8.544,8.94427,8.94427,8.94427,8.544,8.94427,9.43398,8.94427,9.84886,9.84886,8.544,8.94427,8.544,8.544,8.544,8.544,9.21954,8.06226,7.07107,7.07107,7.07107,7.07107,7.0,6.0,6.0,6.0,6.0,5.09902,5.09902,4.12311,4.12311,4.12311,63.25346,61.52235,60.82763,64.3506,61.52235,56.63921,58.0,60.959,56.72742,56.63921,52.49762,51.61395,54.48853,51.22499,49.40648,45.48626,49.40648,48.37355,46.87217,48.76474,48.8467,51.0,44.38468,47.92703,48.8467,51.07837,49.98,48.08326,49.39636,55.97321,48.70318,54.12024,49.39636,51.86521,46.8188,48.75449,50.15974,49.39636,53.22593,51.42956,47.42362,49.92995,48.54894,47.43416,36.12478,45.22168,38.8973,36.87818,36.06938,36.06938,34.65545,31.82766,26.24881,30.0,26.40076,23.02173,27.313,40.31129,38.83298,42.43819,38.27532,41.86884,37.44329,44.55334,43.93177,51.66237,45.34314,51.62364,51.66237,53.07542,53.8145,52.43091,55.21775,55.75841,56.4358,50.24938,56.60389,59.16925,61.26989,54.12024,51.10773,56.85948,60.82763,57.38467,59.5063,55.54278,58.60034,53.31041,55.47071,52.83938,50.9902,51.0,52.80152,50.77401,56.93856,53.25411,57.98276,56.0357,53.74012,60.21628,57.80138,58.0517,55.0,56.56854,62.2254,59.5483,63.03174,60.82763,67.94115,63.25346,62.24147,67.94115,69.42622,70.00714
12.0,12.0,11.0,12.0,11.0,11.0,11.04536,11.04536,10.04988,10.04988,11.04536,10.19804,10.04988,10.04988,9.05539,10.19804,10.44031,9.48683,9.48683,9.48683,9.21954,9.48683,9.48683,9.48683,9.48683,9.48683,10.77033,9.48683,10.44031,10.44031,9.21954,9.21954,10.19804,9.21954,10.19804,10.04988,10.04988,9.0,9.0,9.0,9.0,8.0,8.06226,8.06226,7.07107,7.07107,7.28011,6.32456,6.32456,5.38516,6.32456,5.38516,69.6563,67.62396,62.28965,61.85467,61.22091,60.20797,56.58622,56.22277,58.0,57.98276,53.2635,51.73973,52.3259,49.57822,51.73973,48.60041,52.63079,49.92995,52.49762,49.81967,51.61395,44.41846,50.11986,52.69725,48.02083,51.0392,48.8774,50.15974,49.24429,50.9902,45.17743,54.12024,44.20407,53.7122,50.11986,51.31277,48.01042,48.60041,46.2277,46.09772,48.01042,48.9183,43.84062,47.38143,43.84062,41.03657,39.82462,37.64306,34.66987,30.61046,32.24903,28.6531,29.96665,25.29822,27.20294,27.78489,25.4951,39.56008,38.94868,40.31129,40.22437,38.47077,42.72002,40.45986,45.34314,46.66905,46.8615,48.9183,49.67897,49.51767,54.48853,52.3259,56.85948,56.61272,56.85068,57.42822,59.48109,58.5235,62.64982,58.66856,58.66856,55.9017,59.5399,59.16925,59.94164,56.36488,55.54278,55.00909,58.30952,56.36488,57.69749,60.37384,55.00909,55.21775,58.24946,56.4358,59.36329,58.83026,59.81639,60.30755,58.41233,59.66574,58.82176,62.20129,56.85068,62.00806,63.78087,60.46487,63.65532,68.76772,59.40539,62.96825,65.94695,68.11755
10.77033,10.77033,10.44031,11.7047,10.44031,10.44031,10.44031,10.44031,10.44031,9.21954,10.19804,10.04988,10.04988,10.04988,10.04988,10.04988,10.0,9.0,10.0,10.0,10.0,10.0,9.0,10.04988,10.04988,10.0,10.0,10.0,10.04988,10.0,10.0,10.0,10.0,9.0,9.05539,9.05539,9.05539,9.05539,8.24621,8.24621,7.28011,7.28011,7.28011,6.32456,6.32456,5.38516,5.83095,5.38516,5.38516,4.47214,5.0,5.0,66.48308,60.40695,58.85576,61.29437,59.03389,57.87055,57.00877,57.48913,54.12947,53.60037,51.66237,50.28916,48.38388,49.0408,52.63079,52.80152,49.24429,49.64877,46.51881,46.23851,49.09175,44.29447,51.31277,47.50789,47.16991,47.41308,46.87217,46.87217,45.60702,49.09175,45.48626,48.02083,47.88528,48.82622,49.73932,50.24938,47.01064,41.67733,43.82921,44.77723,46.84015,45.31004,44.64303,41.4367,38.62642,40.26164,39.45884,34.20526,32.14032,30.14963,32.0,30.0,29.15476,26.0,25.70992,27.01851,24.5153,41.04875,41.34005,41.67733,43.41659,44.28318,41.78516,45.54119,46.48656,48.33218,46.48656,51.86521,52.63079,53.16014,55.9017,56.51548,53.08484,56.56854,59.13544,60.07495,62.0,62.07254,62.0,57.14018,64.12488,57.07889,62.1289,55.14526,61.40033,58.07753,64.19502,57.03508,62.03225,58.21512,59.03389,60.03332,56.0803,56.0803,57.03508,56.22277,55.22681,57.31492,58.03447,66.37017,60.67125,60.29925,62.0967,63.78871,59.84146,57.07013,64.13267,61.98387,65.51336,66.61081,65.9242,63.78871,64.53681,66.61081
9.43398,9.43398,9.43398,9.43398,9.43398,8.60233,7.81025,7.81025,7.81025,8.48528,7.81025,8.48528,7.81025,8.48528,7.81025,7.81025,7.81025,7.81025,7.81025,7.81025,7.81025,7.2111,7.2111,7.2111,8.60233,8.06226,8.06226,8.60233,7.81025,8.06226,7.81025,7.81025,7.81025,7.81025,7.07107,7.07107,7.07107,7.2111,7.2111,6.40312,5.83095,5.83095,5.83095,4.47214,4.47214,4.47214,4.47214,4.12311,4.12311,4.12311,3.0,3.0,62.8172,62.03225,57.72348,59.66574,57.97413,54.34151,53.36666,54.12947,52.17279,50.9902,53.08484,49.0,51.0392,52.03845,47.01064,49.0102,50.03998,46.01087,46.09772,52.08647,48.16638,45.17743,43.93177,42.57934,44.72136,46.38965,45.89118,49.49747,45.54119,47.38143,44.55334,46.52956,47.26521,42.75512,46.52956,46.09772,46.87217,45.39824,46.09772,44.18144,44.01136,43.01163,41.59327,41.30375,37.10795,35.69314,33.95585,32.55764,29.83287,27.51363,28.79236,27.20294,27.20294,25.05993,25.4951,23.43075,20.0,40.31129,37.05401,40.11234,43.18565,43.10452,40.1995,47.09565,46.09772,49.16299,48.09366,50.63596,50.9902,56.29387,55.54278,52.81098,56.04463,56.32051,58.87274,57.87055,59.80803,57.93962,59.09315,59.5063,61.91123,63.13478,56.79789,60.82763,55.9017,58.18075,56.85948,60.37384,57.3062,54.23099,55.4617,59.61543,62.96825,54.23099,58.60034,56.36488,61.98387,57.58472,57.28001,55.36244,61.68468,52.63079,54.12947,59.90826,57.07013,61.81424,66.48308,63.56886,66.70832,65.0,61.84658,66.09841,63.78871,65.51336
11.18034,9.84886,9.48683,9.48683,9.48683,8.544,9.21954,9.21954,9.21954,9.21954,9.21954,9.21954,9.05539,9.05539,8.06226,9.05539,8.0,8.0,8.0,8.0,8.06226,8.06226,8.0,9.05539,9.05539,9.05539,9.05539,9.05539,9.05539,9.0,9.05539,9.05539,9.0,9.0,8.06226,9.05539,8.06226,8.06226,8.24621,7.07107,7.61577,7.61577,7.28011,6.32456,6.7082,5.83095,5.83095,5.83095,5.83095,5.0,5.0,4.24264,61.03278,65.96969,61.40033,57.56735,60.87693,52.49762,55.02727,53.14132,50.69517,49.0408,53.7122,49.24429,54.12024,50.11986,46.52956,51.10773,50.77401,50.11986,46.87217,47.43416,46.75468,48.01042,43.86342,41.40048,44.55334,48.9183,41.72529,45.34314,50.20956,49.51767,46.69047,49.51767,48.10405,45.96738,50.20956,50.20956,48.16638,49.67897,53.03772,42.19005,49.39636,46.14109,47.41308,45.27693,39.81206,43.38202,41.78516,35.4683,35.90265,26.57066,28.79236,29.12044,29.54657,30.41381,27.45906,27.0,28.07134,41.86884,42.0119,42.43819,41.34005,43.56604,40.81666,41.4367,42.19005,47.41308,47.85394,48.50773,51.07837,54.42426,54.70832,52.88667,55.7315,58.46366,57.27128,54.74486,55.3263,54.74486,62.39391,57.55867,57.03508,55.0,55.08176,56.0803,57.00877,56.0803,55.08176,53.08484,51.15662,54.23099,52.15362,56.4358,51.08816,57.55867,55.7315,52.61179,57.48913,52.63079,56.51548,57.07013,60.01666,58.94065,55.08176,56.61272,61.46544,60.08328,59.48109,61.35145,63.60031,61.98387,62.64184,68.06614,66.40783,64.84597
10.04988,10.04988,11.18034,10.04988,10.19804,9.05539,9.21954,8.24621,9.21954,9.48683,8.544,8.544,8.544,8.544,8.544,8.94427,8.06226,8.06226,8.60233,8.60233,8.06226,8.60233,8.60233,8.60233,8.60233,8.60233,9.21954,10.0,8.60233,8.60233,8.60233,8.60233,9.43398,8.60233,8.06226,8.06226,8.06226,8.544,7.61577,7.28011,7.28011,6.32456,7.28011,6.08276,6.08276,5.09902,5.0,5.0,5.0,5.0,5.0,4.12311,66.7308,63.00794,62.6099,62.43397,55.22681,63.06346,57.3062,55.07268,51.47815,55.9017,50.69517,51.89412,52.81098,49.98,54.08327,48.05206,54.74486,47.67599,45.70558,48.50773,50.24938,48.50773,51.15662,52.34501,51.47815,49.09175,45.09989,49.0408,53.0,53.15073,48.16638,51.0,49.0,51.0098,47.04253,52.23983,51.15662,50.63596,50.63596,43.17407,48.83646,44.14748,44.94441,42.75512,40.26164,39.56008,41.62932,42.04759,34.9285,28.84441,30.88689,28.01785,29.0,26.87006,28.6531,24.08319,24.83948,43.0,45.0,40.4475,41.97618,44.92215,44.92215,44.94441,49.0408,49.98,48.8467,52.3259,51.0,56.46238,53.23533,58.30952,55.75841,62.76942,56.85948,57.80138,57.00877,60.30755,56.22277,55.97321,60.60528,61.52235,58.89822,55.22681,59.39697,53.8145,58.69412,56.56854,59.4138,53.8145,56.56854,54.56189,55.86591,51.86521,58.82176,56.60389,59.16925,56.85948,55.75841,63.13478,61.58734,56.0803,62.76942,64.89992,60.82763,62.17717,66.24198,65.30697,60.16644,66.18912,61.7171,66.21178,68.96376,69.35416
10.29563,10.29563,9.43398,10.29563,9.43398,9.43398,9.43398,8.60233,9.21954,8.48528,9.21954,8.48528,8.48528,8.48528,9.21954,9.21954,9.21954,8.60233,8.60233,8.60233,8.60233,8.60233,8.60233,9.43398,9.43398,9.43398,9.43398,8.60233,9.43398,9.43398,10.0,9.21954,9.21954,9.21954,9.21954,8.48528,8.48528,8.48528,7.81025,7.81025,7.2111,7.81025,6.40312,6.40312,5.83095,5.38516,5.38516,5.38516,4.47214,4.47214,4.47214,4.12311,68.00735,63.82006,59.05929,61.58734,64.89992,51.62364,54.6443,52.83938,53.85165,50.53712,50.08992,53.31041,49.0408,53.7122,45.69464,47.75982,49.39636,50.28916,48.08326,50.9902,45.35416,51.92302,43.93177,45.60702,47.53946,50.9902,48.16638,51.35173,47.26521,51.08816,52.23983,51.08816,46.52956,49.09175,52.08647,46.87217,46.09772,49.0306,48.50773,51.86521,49.72927,47.12749,48.30114,44.59821,39.92493,42.94182,38.07887,42.48529,39.82462,33.01515,36.40055,31.76476,29.69848,29.73214,28.28427,31.1127,25.45584,44.40721,40.60788,39.31921,41.76123,44.92215,40.31129,46.8188,44.59821,50.56679,47.42362,50.08992,50.9902,58.66856,56.82429,53.25411,53.0,56.22277,57.2014,53.90733,58.72819,56.0803,60.1415,58.69412,56.58622,56.58622,58.69412,58.69412,56.56854,56.72742,54.67175,55.31727,53.03772,48.08326,52.40229,54.45181,55.86591,55.22681,55.21775,54.67175,52.80152,53.60037,54.91812,56.85948,58.00862,55.0,60.53924,61.85467,60.46487,63.13478,61.40033,59.07622,68.96376,63.82006,64.41273,64.00781,62.43397,68.42514
10.29563,10.29563,10.29563,10.29563,9.43398,8.94427,8.544,9.48683,8.544,8.544,9.48683,9.21954,9.21954,8.24621,8.24621,9.05539,9.05539,8.06226,9.0,9.05539,9.05539,9.0,9.0,9.0,9.0,9.05539,9.05539,10.0,10.0,9.05539,9.0,9.0,9.0,9.0,9.0,9.05539,9.05539,8.24621,8.24621,8.24621,7.28011,7.28011,7.61577,6.32456,6.32456,5.38516,5.83095,5.83095,5.0,5.0,5.0,4.24264,71.56815,61.81424,65.73431,59.90826,61.40033,58.85576,56.32051,57.28001,54.57105,48.76474,50.92151,50.9902,53.48832,50.15974,47.01064,50.53712,53.85165,52.15362,51.97115,49.39636,52.63079,49.92995,49.51767,45.80393,49.20366,49.81967,47.50789,50.9902,48.79549,54.45181,53.8145,50.20956,49.67897,53.07542,49.51767,50.32892,53.90733,52.49762,48.41487,47.43416,49.67897,44.82187,49.73932,47.16991,46.51881,39.44617,42.04759,37.16181,34.9285,35.73514,33.24154,33.52611,29.41088,31.57531,29.61419,31.57531,30.0,40.22437,41.18252,38.07887,43.86342,46.23851,42.15448,40.60788,46.17359,44.72136,47.53946,48.08326,49.0306,53.36666,56.88585,57.31492,52.08647,57.0,54.00926,57.21888,63.28507,58.30952,59.4138,59.5399,60.00833,56.14268,57.03508,55.7315,57.31492,55.44367,60.40695,55.22681,59.21149,57.55867,56.7186,56.0803,55.3263,53.03772,50.01,55.03635,58.42089,60.03332,56.4358,58.42089,61.81424,53.60037,57.42822,58.0517,59.03389,59.90826,63.78871,59.22837,67.72001,67.89698,59.84146,67.68309,70.83078,66.4906
11.0,12.04159,11.04536,12.04159,11.04536,10.04988,10.04988,10.19804,10.19804,10.19804,10.19804,10.19804,10.19804,10.44031,10.44031,9.48683,9.84886,9.48683,9.84886,9.84886,9.84886,10.29563,9.84886,10.29563,11.18034,10.29563,9.84886,10.29563,11.18034,10.29563,10.77033,10.77033,10.77033,10.77033,9.48683,9.48683,9.48683,9.21954,9.21954,9.21954,8.06226,8.06226,8.06226,7.0,7.0,7.0,7.0,7.0,6.08276,6.08276,5.09902,5.09902,70.71068,67.1193,64.3506,62.1289,58.82176,57.42822,57.68882,58.5235,54.08327,56.0803,48.82622,54.12947,54.23099,46.52956,51.0,50.92151,54.23099,48.70318,47.12749,41.23106,55.97321,46.57252,46.84015,47.53946,49.24429,51.41984,49.72927,51.24451,50.01,45.35416,48.50773,49.47727,49.24429,51.47815,47.29693,50.21952,49.81967,52.39275,53.16014,49.0408,49.0408,44.72136,49.24429,42.19005,44.77723,44.41846,36.05551,39.11521,41.04875,32.20248,33.30165,31.40064,32.55764,28.3196,29.06888,23.43075,28.01785,41.19466,42.75512,43.18565,42.57934,41.97618,44.38468,47.53946,44.59821,50.21952,47.75982,48.33218,52.80152,58.13777,54.12024,58.82176,55.47071,62.76942,55.22681,61.29437,58.41233,57.38467,59.46427,55.15433,60.20797,58.0517,60.1415,58.89822,58.0517,58.0517,62.28965,55.9017,59.39697,59.66574,58.89822,57.28001,61.7171,57.38467,59.66574,57.2014,58.89822,63.41136,55.60576,59.90826,62.1289,62.1289,59.64059,60.0,61.58734,69.11584,66.0303,64.88451,69.11584,65.80274,69.46222,72.42237,71.84706,64.81512
11.40175,11.40175,10.81665,10.81665,10.81665,10.81665,10.29563,10.29563,10.29563,9.84886,9.84886,9.84886,9.48683,9.48683,9.48683,9.48683,10.44031,9.48683,10.19804,9.21954,9.21954,9.21954,9.21954,10.04988,10.04988,10.19804,10.19804,10.19804,11.18034,10.19804,10.19804,10.19804,10.19804,10.19804,9.48683,9.48683,9.48683,8.544,8.544,8.94427,8.06226,8.06226,7.2111,7.2111,7.2111,6.40312,6.40312,6.40312,5.0,5.0,5.0,4.24264,66.91039,63.78871,63.03174,60.53098,65.03076,64.19502,52.03845,61.03278,50.03998,56.0,59.07622,52.08647,56.00893,48.01042,51.08816,50.35871,51.47815,49.47727,57.87055,49.81967,54.12024,50.80354,48.38388,46.57252,45.22168,50.01,48.38388,46.23851,47.42362,52.92447,53.7122,55.97321,49.98,49.0408,52.49762,53.45091,46.23851,53.75872,49.72927,52.63079,49.0306,50.48762,50.24938,48.37355,46.17359,38.0,40.1995,41.01219,40.11234,38.01316,33.37664,34.52535,32.01562,31.40064,31.32092,30.46309,28.23119,42.48529,42.05948,44.29447,41.78516,41.62932,46.8188,41.48494,42.2019,49.72927,43.17407,48.37355,49.24429,50.63596,55.3263,56.0357,50.03998,56.00893,54.91812,55.08176,50.48762,54.45181,58.94065,51.41984,52.7731,53.36666,55.10898,58.69412,59.22837,50.32892,53.36666,53.16014,54.34151,54.81788,50.69517,50.69517,57.07013,50.80354,54.74486,54.58938,54.03702,55.22681,59.07622,56.7186,59.21149,61.40033,54.00926,62.1289,62.1289,63.03174,64.07027,61.0,70.02857,68.02941,67.1193,65.0,63.03174,64.03124
11.18034,11.04536,10.04988,10.04988,9.05539,10.04988,10.0,9.0,9.0,9.0,9.0,9.05539,9.05539,9.05539,9.05539,9.21954,9.21954,9.21954,9.21954,9.21954,9.21954,9.48683,8.24621,9.48683,9.48683,9.48683,9.48683,9.48683,9.48683,9.48683,9.48683,9.48683,9.21954,9.21954,9.21954,9.21954,9.05539,8.06226,8.06226,8.0,7.0,8.0,7.0,7.0,6.08276,6.08276,6.08276,5.09902,5.09902,5.09902,5.38516,4.47214,66.7308,74.94665,69.33974,64.49806,62.26556,61.26989,66.28725,63.51378,60.53924,57.68882,56.40035,54.81788,56.0803,57.80138,53.41348,53.07542,57.98276,53.07542,52.3259,53.74012,55.31727,53.00943,52.63079,53.8145,54.67175,54.03702,55.60576,56.30275,55.0,54.20332,54.70832,56.0803,53.82379,57.2014,57.2014,55.21775,58.13777,54.03702,54.56189,54.45181,53.90733,50.9902,46.09772,52.49762,49.0408,45.48626,42.72002,42.94182,42.94182,34.98571,37.12142,34.17601,36.67424,33.24154,29.73214,26.92582,28.16026,32.28002,36.76955,34.43835,38.01316,34.0,38.07887,39.05125,40.80441,41.86884,42.52058,45.96738,48.83646,48.83646,48.08326,50.44799,47.80167,55.60576,47.70744,51.10773,50.32892,52.35456,57.69749,52.7731,54.78138,54.70832,51.42956,54.42426,50.92151,51.92302,53.75872,49.98,53.48832,51.5461,53.75872,53.75872,51.89412,50.08992,53.22593,52.7731,56.82429,54.626,58.83026,61.29437,59.48109,53.85165,64.14047,63.28507,57.00877,63.28507,62.76942,65.43699,65.21503,67.41662,63.00794,73.78347,73.78347,71.56116
11.31371,11.31371,11.31371,11.31371,10.63015,9.89949,10.63015,10.63015,10.63015,10.0,10.0,10.0,9.43398,9.43398,9.43398,10.29563,10.29563,10.29563,8.94427,9.84886,9.84886,9.84886,9.84886,9.48683,9.84886,9.84886,9.84886,9.84886,9.84886,9.84886,8.94427,9.84886,10.29563,9.43398,9.43398,9.43398,8.60233,8.60233,8.60233,7.81025,7.81025,7.07107,7.07107,6.40312,6.40312,6.40312,5.83095,5.0,5.0,5.0,4.47214,4.47214,65.52099,66.09841,66.09841,66.76077,69.42622,58.69412,59.48109,59.20304,57.00877,54.74486,55.54278,58.42089,57.31492,53.33854,54.33231,55.03635,54.23099,52.08647,51.0392,53.08484,54.0,54.08327,48.6621,46.27094,53.08484,56.22277,52.34501,50.24938,48.27007,53.93515,52.46904,55.9017,51.62364,48.50773,51.24451,51.24451,49.25444,51.24451,53.15073,55.22681,49.0,52.34501,44.55334,45.09989,43.17407,46.09772,39.81206,41.48494,39.84972,34.78505,32.98485,31.76476,28.63564,31.76476,28.30194,25.94224,26.90725,32.75668,37.33631,39.01282,42.0119,40.04997,37.12142,39.45884,40.4475,48.50773,43.73786,50.21952,44.64303,52.63079,50.69517,52.20153,51.89412,52.0,55.9017,53.33854,51.10773,55.47071,57.14018,56.85948,55.21775,57.31492,53.33854,58.25805,56.40035,54.67175,57.68882,57.45433,54.81788,54.40588,52.43091,51.40039,57.80138,53.53504,58.30952,55.22681,56.93856,53.33854,57.00877,61.32699,61.46544,57.77543,54.12947,59.77458,64.84597,62.36185,57.58472,62.96825,69.64194,66.7308,59.77458,68.30813,66.76077,66.48308
11.18034,11.18034,11.04536,11.04536,11.04536,10.04988,10.04988,10.04988,10.04988,10.0,10.0,10.0,10.0,10.04988,10.04988,9.05539,9.05539,9.05539,9.21954,9.05539,9.05539,9.21954,9.05539,9.21954,10.19804,9.21954,9.21954,10.19804,10.19804,9.05539,9.05539,10.04988,10.04988,9.05539,9.0,9.0,9.0,8.06226,8.06226,8.06226,7.07107,7.07107,7.07107,6.08276,6.32456,6.32456,5.38516,5.38516,5.38516,5.38516,4.47214,4.47214,64.63745,66.64833,66.57327,59.5399,63.82006,55.47071,55.60576,61.05735,56.30275,53.2635,53.41348,54.20332,49.57822,49.20366,50.9902,50.91169,54.45181,48.83646,50.9902,48.16638,50.80354,47.63402,51.47815,51.31277,47.42362,42.19005,48.60041,49.39636,46.04346,50.47772,48.01042,45.79301,46.40043,48.37355,47.43416,46.40043,49.40648,47.70744,49.92995,42.80187,49.51767,44.59821,46.75468,40.36087,36.06938,38.41875,36.05551,41.10961,31.30495,30.0,32.64966,26.41969,29.15476,27.20294,26.40076,25.70992,21.09502,36.89173,37.48333,40.36087,40.31129,39.59798,41.03657,45.34314,43.41659,45.48626,46.87217,54.20332,51.42956,52.80152,50.11986,52.39275,55.36244,62.16912,58.5235,53.75872,57.24509,52.63079,59.90826,60.01666,59.03389,55.9017,61.0,58.54912,57.87055,58.85576,58.0517,58.0517,59.22837,58.24946,58.24088,56.75385,57.72348,59.77458,60.72891,58.82176,57.93962,58.30952,57.00877,57.58472,60.41523,58.13777,60.00833,59.09315,60.41523,63.63175,66.03787,64.00781,65.51336,66.18912,69.77105,65.0,65.73431,68.47627
12.36932,11.40175,11.40175,11.40175,11.40175,10.19804,10.19804,10.04988,10.04988,10.04988,10.19804,10.04988,10.04988,9.05539,9.05539,10.0,9.0,9.0,9.0,9.0,9.0,9.05539,9.0,9.05539,9.0,9.05539,9.05539,10.0,9.0,9.05539,9.0,9.0,9.0,9.0,9.0,9.05539,9.05539,8.24621,7.28011,7.28011,7.28011,7.28011,7.61577,6.32456,6.32456,6.32456,6.32456,5.83095,5.83095,5.0,5.0,5.0,61.03278,70.29225,61.03278,56.63921,59.4138,59.66574,58.25805,55.31727,55.31727,53.07542,52.40229,53.03772,51.62364,51.66237,46.75468,50.77401,49.81967,45.48626,43.60046,48.25971,47.41308,46.95743,45.17743,46.09772,39.44617,46.52956,44.72136,46.95743,43.46263,46.51881,44.94441,48.33218,46.14109,42.05948,45.88028,42.94182,43.41659,44.29447,43.56604,40.22437,40.80441,39.66106,41.72529,36.40055,35.35534,36.76955,35.35534,34.4093,27.01851,27.65863,27.20294,23.34524,25.07987,25.94224,23.76973,22.47221,24.35159,40.45986,39.05125,42.52058,40.60788,42.43819,43.56604,44.65423,46.32494,48.37355,49.39636,51.47815,52.80152,57.38467,60.00833,52.81098,55.97321,59.13544,65.0,59.20304,61.61169,63.15061,58.0517,64.62971,65.11528,59.68249,61.98387,60.67125,58.85576,59.03389,61.84658,60.20797,56.51548,56.29387,59.43904,58.94065,57.56735,57.58472,58.30952,55.65968,55.9464,59.80803,59.5063,61.26989,66.7308,60.03332,62.1289,65.51336,60.46487,59.36329,62.76942,63.51378,64.40497,66.28725,61.61169,72.00694,69.6563,69.63476
10.77033,9.84886,10.44031,10.44031,9.48683,9.48683,9.48683,9.48683,9.48683,8.24621,8.544,8.24621,8.24621,8.06226,8.06226,8.06226,8.06226,8.06226,8.0,8.0,7.07107,8.0,7.07107,8.0,8.0,8.06226,8.0,8.0,8.0,8.06226,7.07107,7.07107,7.07107,7.07107,7.28011,7.28011,6.7082,6.32456,6.7082,6.32456,5.83095,5.83095,5.83095,5.0,5.0,5.0,4.24264,4.24264,4.24264,4.24264,3.60555,3.60555,62.20129,62.68174,61.22091,61.03278,62.20129,60.0,53.74012,56.72742,55.17246,52.40229,55.9017,50.93133,53.07542,48.79549,47.38143,46.69047,46.09772,47.01064,45.45327,43.27817,46.61545,45.22168,43.56604,43.82921,46.04346,41.6173,44.41846,43.04649,42.80187,45.48626,45.80393,47.41308,40.80441,42.43819,43.04649,38.27532,40.45986,40.0,42.2019,42.44997,37.01351,34.65545,40.31129,39.62323,34.65545,36.40055,33.83785,33.01515,23.70654,28.01785,25.05993,26.40076,25.94224,19.69772,21.93171,22.13594,22.2036,39.82462,39.69887,39.05125,44.59821,41.23106,43.60046,39.66106,46.87217,48.01042,51.0392,50.24938,53.23533,53.7122,58.59181,61.32699,57.77543,61.7414,58.18935,57.58472,57.97413,62.0967,66.76077,59.43904,58.46366,59.66574,62.64184,61.0,59.66574,59.43904,56.32051,55.54278,59.20304,56.04463,57.24509,56.30275,62.03225,56.36488,59.03389,56.46238,59.05929,59.05929,61.40033,60.82763,59.07622,57.14018,57.80138,58.5235,58.82176,61.85467,63.00794,63.41136,64.40497,66.28725,60.80296,70.0,61.22091,62.80127
11.40175,11.18034,10.19804,10.19804,10.19804,10.19804,9.21954,9.05539,9.21954,9.05539,9.05539,9.05539,9.0,8.0,8.0,8.0,8.0,8.0,8.06226,8.0,8.06226,8.06226,8.0,8.06226,8.06226,8.0,8.0,8.0,8.06226,8.0,8.0,8.0,8.0,8.0,7.07107,7.07107,7.28011,7.28011,6.32456,6.32456,5.83095,5.83095,5.38516,5.0,5.0,5.0,5.0,5.0,4.24264,4.24264,4.24264,3.60555,68.00735,62.62587,62.96825,61.68468,59.46427,61.35145,58.30952,57.58472,54.78138,54.78138,53.48832,50.9902,54.58938,49.24429,48.75449,46.64762,46.14109,48.25971,46.32494,43.41659,49.40648,43.01163,45.96738,42.80187,43.60046,46.87217,44.20407,47.50789,46.2277,43.27817,42.80187,42.52058,42.80187,44.20407,41.88078,42.72002,45.0,41.67733,43.26662,41.14608,38.01316,37.94733,36.24914,36.71512,34.20526,33.52611,30.80584,29.41088,28.16026,29.01724,27.07397,24.0,22.09072,25.01999,21.09502,23.34524,16.12452,41.23106,41.34005,40.31129,47.50789,43.82921,43.82921,44.94441,47.92703,51.26402,48.46648,54.40588,53.45091,56.46238,60.16644,62.58594,56.88585,63.78871,58.69412,65.11528,62.00806,58.42089,62.03225,63.00794,63.00794,62.00806,65.03076,62.00806,65.03076,58.03447,61.0082,57.00877,58.00862,56.0,60.03332,61.13101,61.07373,56.4358,55.44367,60.82763,60.41523,59.43904,62.0967,59.22837,63.32456,57.28001,63.60031,60.44005,61.03278,63.69458,64.84597,63.56886,66.85058,66.09841,57.56735,62.03225,70.88018,64.07808
10.29563,10.29563,9.84886,10.29563,8.94427,8.94427,8.544,8.544,8.544,8.544,8.544,8.24621,8.24621,8.24621,8.24621,8.24621,8.06226,8.06226,8.06226,8.06226,8.24621,8.06226,7.07107,8.06226,8.06226,8.06226,8.06226,8.06226,8.06226,7.07107,7.28011,7.28011,7.28011,7.28011,7.28011,7.28011,6.32456,6.7082,5.83095,5.83095,5.83095,5.83095,5.0,5.0,5.0,4.24264,4.24264,4.24264,3.60555,3.60555,3.60555,3.60555,66.28725,61.98387,64.53681,59.68249,60.01666,55.9017,56.51548,58.85576,56.32051,54.12947,53.75872,49.0408,57.56735,47.07441,47.80167,44.01136,51.26402,47.53946,46.51881,46.51881,47.88528,42.04759,44.77723,45.27693,44.29447,45.18849,44.41846,46.52956,42.48529,45.27693,43.41659,44.77723,44.29447,44.41846,43.26662,43.08132,41.62932,40.71855,44.27189,41.23106,38.27532,35.90265,39.05125,33.95585,35.73514,34.71311,28.16026,31.06445,27.0,28.07134,25.17936,24.0,25.70992,20.88061,20.88061,25.29822,19.92486,44.94441,41.18252,42.72002,47.16991,43.01163,46.48656,48.76474,50.0,50.96077,53.15073,53.75872,55.44367,55.9017,62.39391,63.12686,58.00862,61.03278,62.07254,63.07139,62.0,64.38167,67.36468,60.82763,61.29437,64.77654,62.96825,60.82763,61.40033,60.82763,61.66036,57.55867,57.42822,59.13544,61.13101,56.56854,58.03447,55.00909,61.20457,59.07622,58.07753,61.0082,55.14526,65.27634,63.50591,60.40695,60.20797,59.68249,65.51336,63.15061,65.76473,62.96825,65.51336,64.93843,59.03389,70.03571,66.4906,62.8172
10.77033,10.77033,9.84886,9.84886,9.84886,8.94427,8.94427,8.94427,8.94427,8.94427,8.94427,8.94427,8.60233,8.06226,8.06226,8.60233,7.81025,8.60233,7.81025,7.81025,7.81025,7.81025,7.81025,7.81025,7.81025,8.48528,8.48528,8.48528,7.81025,7.81025,7.81025,7.81025,7.2111,7.2111,8.06226,8.06226,6.7082,6.7082,6.32456,6.32456,6.32456,5.38516,5.38516,5.09902,5.09902,4.12311,4.12311,4.12311,4.0,3.0,3.0,3.0,62.76942,64.84597,65.55151,57.69749,60.00833,60.41523,59.94164,54.626,52.55473,49.24429,47.43416,52.0,51.62364,46.8188,45.22168,46.57252,49.81967,46.17359,41.7732,47.85394,47.16991,46.17359,47.04253,44.28318,43.10452,44.91102,42.19005,45.27693,42.42641,44.01136,50.0,45.0,43.18565,42.10701,43.04649,42.29657,40.1995,42.29657,38.32754,40.26164,40.26164,41.97618,39.21734,37.69615,33.10589,32.64966,34.0,29.54657,27.73085,29.68164,29.41088,23.60085,21.63331,20.0,21.40093,21.93171,20.0,44.92215,46.09772,46.09772,50.53712,49.64877,44.10215,47.43416,53.25411,51.0392,51.0392,55.47071,57.31492,60.80296,65.19202,63.12686,61.7171,67.88225,63.70243,62.24147,66.70832,68.60029,66.4003,65.80274,63.41136,65.0,64.53681,65.73431,60.21628,59.64059,61.84658,61.7171,64.03124,59.66574,59.81639,59.5483,59.03389,58.72819,59.5483,55.9017,57.48913,59.81639,59.36329,57.42822,60.74537,60.20797,61.05735,61.91123,59.05929,61.40033,63.81222,62.26556,63.06346,62.17717,64.3506,64.88451,64.00781,66.64083
11.31371,10.63015,10.63015,9.89949,10.0,9.21954,10.0,9.21954,9.43398,9.43398,9.21954,9.43398,8.60233,8.06226,8.06226,8.94427,8.94427,8.94427,8.544,8.544,8.544,8.544,8.94427,8.544,8.544,8.544,8.544,8.544,8.544,8.94427,7.61577,7.61577,7.61577,8.06226,8.06226,7.2111,7.81025,7.2111,6.40312,6.40312,6.40312,5.65685,5.65685,5.65685,5.0,4.24264,5.0,4.24264,3.60555,3.60555,3.60555,3.16228,61.0,60.53098,66.48308,61.39218,58.94065,54.91812,57.97413,50.21952,51.92302,53.36666,51.41984,52.81098,47.92703,49.64877,51.5461,47.43416,50.08992,45.69464,42.95346,43.909,48.8774,43.82921,46.64762,43.26662,40.31129,42.94182,43.04649,43.26662,44.28318,43.60046,44.94441,46.32494,43.82921,42.19005,44.41846,41.14608,43.86342,41.18252,41.78516,42.15448,39.21734,38.27532,39.05125,35.90265,34.9285,34.52535,35.0571,31.06445,29.15476,27.07397,27.01851,28.0,21.09502,21.0238,24.5153,22.56103,18.97367,48.10405,42.95346,47.12749,47.43416,48.27007,48.05206,47.29693,50.9902,51.24451,51.08816,57.14018,56.4358,64.07027,65.12296,62.00806,59.21149,67.06713,59.5399,62.39391,65.76473,63.3877,67.26812,62.16912,66.75328,61.13101,63.95311,62.36986,63.34824,56.29387,64.53681,58.0517,61.18823,62.36986,54.14795,62.64982,58.54912,55.22681,57.00877,54.00926,59.03389,58.00862,59.13544,60.03332,61.29437,60.29925,59.84146,62.16912,62.80127,59.68249,64.28063,61.52235,65.96969,66.37017,61.39218,64.7611,68.65858,66.37017
11.18034,11.18034,11.04536,11.04536,10.04988,10.04988,10.04988,10.0,9.0,9.0,9.0,9.05539,9.05539,9.05539,9.05539,9.05539,9.05539,9.05539,9.21954,8.24621,9.21954,9.21954,8.06226,9.48683,9.21954,9.21954,9.21954,9.21954,9.21954,9.05539,9.05539,9.05539,9.05539,8.06226,8.0,8.0,8.06226,8.0,7.0,7.07107,6.08276,6.08276,6.08276,6.32456,5.38516,5.38516,5.38516,4.47214,5.38516,4.47214,3.60555,3.60555,64.66065,62.17717,65.45991,60.53924,59.90826,58.5235,56.60389,56.82429,48.8774,51.85557,45.79301,49.09175,51.08816,47.01064,52.80152,46.75468,45.96738,45.45327,46.75468,46.69047,47.01064,46.66905,46.40043,43.93177,38.20995,43.93177,42.44997,45.60702,45.80393,46.40043,44.55334,45.34314,43.13931,41.40048,41.10961,41.01219,43.27817,45.96738,41.23106,41.88078,42.0119,43.01163,37.44329,37.73592,33.28663,31.76476,28.63564,32.20248,24.04163,28.4605,25.29822,23.5372,23.4094,21.09502,23.19483,23.02173,22.0,44.82187,43.27817,45.27693,47.42362,50.24938,50.0,47.63402,51.0392,53.25411,54.20332,57.45433,54.91812,62.43397,60.82763,61.7414,59.61543,62.64982,63.56886,62.62587,62.0967,62.58594,65.73431,64.13267,63.15061,62.80127,62.64184,60.63827,62.36986,61.61169,61.61169,58.24088,60.41523,58.46366,56.29387,58.24946,57.00877,55.02727,55.54278,57.38467,59.03389,60.92618,55.56978,57.70615,65.8635,56.85948,55.9464,62.6099,62.26556,60.53924,67.95587,63.51378,61.40033,64.89992,62.76942,68.50547,66.57327,69.06519
10.77033,10.77033,10.77033,10.77033,10.77033,9.84886,9.84886,9.84886,8.94427,9.43398,9.43398,9.43398,9.43398,9.43398,9.43398,8.60233,9.21954,8.60233,9.21954,9.21954,9.21954,9.21954,7.81025,9.21954,9.21954,8.48528,9.21954,9.21954,9.21954,9.21954,9.21954,8.60233,8.60233,8.60233,8.06226,8.06226,8.06226,8.06226,7.61577,7.61577,6.32456,6.32456,6.32456,6.32456,6.32456,5.09902,5.09902,5.09902,5.09902,5.0,4.0,4.0,64.88451,64.84597,61.26989,59.64059,63.52952,55.47071,56.46238,56.35601,47.92703,48.75449,49.24429,47.75982,49.39636,49.64877,45.88028,49.64877,49.64877,45.35416,44.14748,42.37924,48.37355,42.42641,45.70558,43.41659,44.40721,41.97618,43.93177,44.01136,42.0119,40.11234,46.38965,45.54119,45.27693,45.09989,41.30375,44.14748,46.32494,44.92215,43.17407,39.84972,43.08132,35.8469,36.76955,39.35734,35.34119,35.8469,25.94224,34.1321,29.83287,27.58623,25.4951,26.1725,22.80351,18.38478,23.43075,18.38478,23.25941,44.38468,45.88028,46.61545,48.8467,50.56679,49.24429,51.47815,48.76474,53.85165,53.60037,59.90826,55.0,63.00794,63.41136,61.22091,66.48308,65.11528,64.3506,65.76473,66.52819,63.12686,66.4003,65.60488,65.29931,63.41136,65.0,63.00794,65.0,63.00794,60.959,60.1415,64.2028,58.13777,59.46427,60.87693,55.97321,56.63921,55.97321,53.75872,60.44005,63.41136,58.82176,60.60528,62.43397,60.46487,63.00794,64.07027,63.52952,61.77378,63.52952,62.42596,68.0,67.95587,63.81222,64.84597,67.54258,68.96376
11.40175,10.63015,10.63015,10.63015,10.63015,9.89949,9.89949,9.89949,9.89949,9.21954,9.21954,9.21954,9.21954,9.21954,9.21954,9.43398,8.60233,8.60233,8.06226,8.94427,8.60233,8.94427,8.06226,8.94427,9.43398,8.94427,8.94427,8.94427,8.94427,8.94427,8.60233,8.60233,8.60233,8.60233,8.60233,7.81025,7.81025,7.81025,7.07107,7.07107,6.40312,6.40312,6.40312,6.40312,5.83095,5.0,5.83095,5.83095,4.47214,4.47214,4.47214,4.12311,68.06614,61.07373,66.0303,56.00893,61.07373,56.0357,57.00877,58.42089,52.03845,51.0098,50.08992,52.46904,50.21952,50.9902,46.52956,44.64303,50.01,48.38388,46.32494,41.0,47.75982,39.29377,44.59821,40.49691,45.88028,44.64303,39.56008,45.69464,44.77723,45.18849,41.10961,46.17359,44.59821,46.48656,41.62932,44.94441,45.12206,42.95346,41.7732,39.62323,45.39824,40.04997,39.11521,38.01316,33.06055,33.24154,32.38827,33.24154,27.45906,26.30589,26.92582,28.28427,26.24881,22.82542,23.32381,23.08679,19.72308,44.77723,46.84015,47.53946,50.01,47.51842,49.36598,52.34501,53.15073,58.03447,53.08484,62.0,61.20457,64.00781,59.13544,61.66036,57.55867,65.76473,62.8172,67.26812,63.06346,63.56099,71.56815,63.60031,67.44627,64.2573,66.21933,63.90618,64.84597,62.64184,65.80274,58.18935,63.56886,61.40033,57.27128,59.66574,62.16912,53.93515,58.0517,58.54912,60.53098,65.49046,59.3043,63.1981,60.00833,63.03174,63.1981,65.03076,62.07254,62.07254,64.00781,66.18912,67.06713,67.00746,62.0,71.00704,70.00714,65.03076
12.0,11.04536,11.04536,11.04536,10.04988,10.04988,10.04988,10.04988,10.19804,9.05539,10.04988,9.21954,9.21954,9.21954,9.21954,9.48683,8.544,8.544,8.544,8.544,8.544,8.544,8.544,8.544,8.544,8.544,8.544,8.544,8.544,8.544,8.24621,8.544,8.24621,8.24621,8.24621,8.06226,8.06226,8.0,7.0,7.0,7.0,7.0,6.08276,6.08276,6.08276,6.08276,5.09902,5.38516,5.38516,4.47214,4.47214,4.47214,60.10824,63.03174,56.63921,57.31492,61.55485,50.20956,58.13777,49.49747,52.49762,43.60046,47.20169,51.31277,49.0408,46.64762,42.63801,44.10215,50.47772,47.41308,41.88078,46.14109,44.72136,42.48529,39.21734,42.05948,40.31129,45.61798,43.38202,46.57252,43.65776,43.32436,43.65776,43.08132,43.08132,42.95346,47.53946,38.58756,41.88078,45.79301,43.01163,44.65423,42.19005,38.01316,40.36087,36.87818,32.64966,40.36087,28.42534,31.62278,28.42534,25.55386,25.23886,25.05993,25.23886,19.23538,19.23538,22.13594,18.43909,46.32494,42.19005,44.04543,48.27007,50.93133,44.59821,49.57822,48.83646,54.56189,52.40229,57.62812,56.72742,60.87693,63.00794,60.80296,63.13478,62.26556,64.41273,60.03332,61.84658,65.74192,65.55151,64.4748,61.26989,63.56099,61.32699,62.96825,63.15853,65.19202,57.00877,58.87274,58.30952,57.58472,55.4617,59.94164,61.40033,57.3062,56.30275,55.21775,66.21933,61.22091,60.44005,57.48913,66.21933,57.38467,54.56189,59.46427,62.36986,64.38167,62.96825,60.87693,68.11755,66.52819,62.93648,60.81118,64.38167,70.0928
10.44031,10.19804,10.19804,10.19804,10.19804,9.21954,9.05539,9.05539,8.06226,9.05539,9.05539,8.06226,8.0,8.0,8.0,8.0,8.0,8.0,8.06226,8.06226,8.06226,8.06226,8.0,8.06226,8.06226,8.06226,8.06226,8.06226,8.06226,8.0,8.0,8.0,8.0,7.0,7.07107,7.07107,7.28011,7.28011,6.32456,6.32456,5.83095,5.38516,5.38516,5.38516,5.0,5.0,5.0,4.24264,4.24264,4.24264,3.60555,3.60555,65.0,59.36329,61.29437,60.53924,58.83026,57.14018,51.40039,61.29437,49.64877,52.43091,48.01042,47.80167,51.73973,48.60041,46.2277,44.59821,48.83646,46.09772,48.79549,45.27693,46.69047,44.20407,40.80441,44.04543,44.04543,44.68781,41.03657,43.01163,46.61545,45.0,41.01219,48.60041,42.2019,46.04346,40.36087,42.52058,40.60788,44.59821,40.36087,39.62323,38.94868,39.66106,38.28838,34.66987,38.60052,32.75668,29.96665,31.76476,30.8707,25.07987,26.92582,26.24881,21.18962,21.93171,23.19483,19.41649,18.0,43.18565,42.43819,41.04875,49.64877,46.32494,48.37355,48.76474,48.75449,54.12024,51.89412,56.30275,59.13544,60.92618,62.64184,60.16644,60.16644,66.94027,61.39218,67.26812,61.66036,63.78871,63.63961,63.63961,62.514,62.39391,61.81424,65.00769,65.27634,60.20797,64.12488,55.22681,63.28507,55.57877,57.70615,62.16912,59.90826,55.08176,59.90826,57.28001,60.16644,58.5235,55.15433,60.40695,63.52952,60.37384,57.69749,59.48109,60.41523,63.63175,62.64982,63.56099,66.03787,61.29437,62.96825,66.24198,67.23095,65.8635
10.29563,10.29563,9.84886,9.84886,9.84886,8.94427,8.94427,8.544,8.544,8.544,8.544,8.544,8.544,8.24621,7.28011,8.24621,8.24621,7.28011,8.06226,7.07107,7.07107,7.07107,7.28011,7.07107,8.06226,8.06226,7.07107,8.06226,8.06226,8.06226,7.07107,7.07107,7.28011,7.28011,7.28011,7.61577,6.7082,6.7082,6.7082,5.83095,5.83095,5.83095,5.83095,5.0,5.0,4.24264,5.0,4.24264,4.24264,3.60555,4.47214,4.47214,58.5235,57.00877,59.05929,59.5063,61.7171,57.00877,51.62364,56.79789,48.02083,49.92995,52.47857,49.24429,53.0,49.09175,49.24429,48.82622,44.82187,47.42362,44.40721,43.86342,47.63402,41.23106,43.27817,43.86342,42.63801,38.8973,40.31129,39.69887,44.55334,42.63801,45.45327,44.55334,40.36087,44.20407,42.42641,41.7732,42.42641,40.36087,41.23106,39.96248,38.58756,38.47077,38.01316,34.88553,34.9285,38.07887,30.46309,31.7805,25.4951,26.57066,27.20294,24.33105,24.33105,21.2132,19.41649,22.02272,18.02776,45.0,45.60702,44.82187,49.39636,45.65085,49.73932,50.11986,51.42956,54.12024,52.39275,57.77543,57.77543,59.80803,65.55151,61.40033,61.13101,66.48308,61.61169,63.78871,62.64982,61.40033,63.50591,64.28063,63.1981,64.38167,65.76473,66.1211,65.00769,62.39391,60.07495,60.20797,61.13101,59.4138,59.5399,57.55867,57.87055,56.22277,56.29387,55.65968,57.58472,57.48913,57.27128,58.5235,60.53924,56.921,65.74192,59.80803,62.76942,61.32699,64.07808,64.40497,64.4748,68.02941,63.97656,69.31811,61.77378,62.17717
10.19804,9.21954,9.21954,9.21954,9.21954,9.21954,8.544,8.544,8.544,8.544,8.544,8.544,7.61577,7.61577,7.61577,8.06226,8.06226,8.06226,7.2111,7.2111,7.2111,7.2111,7.2111,7.2111,7.2111,7.2111,7.2111,8.06226,8.06226,8.06226,6.7082,7.61577,7.61577,6.7082,7.61577,7.28011,7.28011,6.08276,6.08276,6.08276,6.08276,5.09902,5.0,5.0,5.0,4.0,4.0,4.0,3.0,3.16228,3.16228,3.16228,60.959,66.4003,54.56189,57.62812,62.93648,52.49762,56.58622,54.45181,48.79549,51.08816,47.42362,50.20956,46.75468,46.75468,45.45327,45.0,46.64762,46.32494,41.34005,40.80441,47.85394,46.51881,39.81206,42.54409,40.70626,41.88078,42.05948,40.31129,46.51881,41.23106,43.46263,42.94182,41.18252,41.18252,39.39543,39.35734,39.82462,40.22437,41.10961,43.01163,39.82462,42.63801,36.76955,36.06938,32.64966,36.23534,29.06888,36.40055,29.83287,28.01785,22.82542,26.07681,25.07987,23.4094,17.11724,22.84732,20.22375,43.86342,46.32494,46.61545,49.0408,49.0408,49.0408,48.83646,48.83646,58.0,52.3259,58.0517,58.41233,60.959,66.70832,59.36329,62.26556,66.03787,63.81222,64.14047,63.56099,68.54196,68.942,63.97656,64.88451,65.9242,63.07139,67.08204,66.70832,59.80803,64.88451,59.09315,60.83584,58.13777,57.27128,63.15853,58.59181,57.24509,59.68249,58.5235,61.40033,62.20129,60.30755,60.0,62.80127,61.84658,61.55485,62.28965,63.03174,65.19202,64.38167,59.4138,66.48308,67.17887,62.2254,65.06919,61.52235,67.89698
10.04988,10.04988,9.05539,9.05539,9.05539,9.0,9.0,8.0,8.0,8.06226,8.06226,8.06226,8.06226,8.06226,8.06226,8.24621,7.28011,7.28011,7.28011,7.28011,7.28011,7.28011,7.28011,7.28011,7.28011,7.61577,7.61577,7.28011,8.24621,7.28011,7.07107,7.28011,7.07107,7.07107,7.07107,7.07107,7.0,6.0,6.0,6.08276,5.09902,5.09902,5.09902,5.09902,4.12311,4.12311,4.12311,3.60555,3.16228,3.16228,3.60555,3.60555,67.77905,61.46544,60.53924,58.87274,64.07808,49.65884,55.22681,51.62364,52.0,47.16991,49.64877,48.54894,51.10773,48.02083,45.79301,45.48626,48.54894,47.80167,40.80441,43.41659,46.09772,42.63801,40.36087,41.03657,41.23106,41.03657,42.44997,41.72529,41.72529,43.18565,42.44997,43.27817,45.27693,45.25483,43.18565,43.13931,42.63801,40.0,46.32494,41.86884,41.40048,39.11521,38.47077,36.67424,34.78505,34.9285,31.7805,29.41088,25.0,27.16616,29.12044,23.34524,25.0,27.29469,22.09072,22.0,19.0,44.68781,44.82187,49.64877,49.73932,49.1935,48.30114,51.89412,52.80152,56.46238,56.921,56.921,58.94065,65.19202,66.94027,60.01666,64.53681,66.70832,66.48308,61.98387,65.37584,69.18092,69.46222,69.02898,69.06519,67.02984,67.06713,68.02941,67.00746,64.00781,68.00735,56.0803,57.00877,61.07373,61.29437,62.28965,62.1289,56.7186,59.68249,60.67125,61.40033,60.44005,61.09828,56.921,63.56886,59.48109,53.85165,64.51356,60.53924,62.24147,66.21178,62.24147,69.07966,62.39391,61.46544,65.45991,63.56099,67.54258
10.29563,10.29563,9.84886,9.84886,8.94427,8.94427,8.94427,8.544,8.544,8.544,8.544,8.24621,8.24621,8.24621,8.24621,8.24621,8.06226,8.06226,8.06226,8.06226,8.06226,8.06226,8.06226,8.0,8.06226,8.06226,8.06226,8.06226,8.06226,8.06226,8.06226,8.06226,8.24621,7.28011,7.28011,7.28011,7.28011,6.32456,6.7082,6.7082,5.83095,5.83095,5.83095,5.0,5.0,5.0,4.24264,4.24264,3.60555,3.60555,3.60555,3.60555,61.07373,64.19502,62.16912,57.07889,57.42822,52.61179,49.36598,53.46027,46.69047,49.81967,45.54119,43.93177,49.72927,46.57252,42.72002,47.85394,46.48656,47.01064,42.95346,43.46263,45.61798,44.01136,43.56604,42.04759,42.95346,42.54409,42.94182,41.18252,43.38202,43.56604,41.59327,44.28318,38.48376,39.0,41.59327,44.01136,37.57659,40.49691,41.0,41.0,40.79216,37.36308,35.51056,32.98485,35.01428,36.12478,34.0,31.01612,25.07987,28.28427,24.73863,25.07987,21.58703,25.07987,22.13594,22.13594,20.12461,49.73932,47.88528,51.62364,47.43416,50.59644,51.41984,51.1957,53.36666,60.67125,56.88585,55.10898,60.01666,64.77654,67.74216,65.12296,66.06815,62.03225,67.1193,64.00781,67.60178,66.75328,69.58448,67.60178,63.1981,65.27634,65.27634,63.15061,63.63961,61.18823,64.77654,61.52235,59.68249,56.7186,57.55867,63.1981,61.29437,61.0,61.0082,60.00833,60.00833,58.03447,60.40695,56.32051,63.3877,60.20797,55.22681,61.40033,63.63961,59.5399,66.61081,61.0,62.8172,64.93843,64.13267,68.41053,66.94027,61.84658
11.18034,10.77033,10.77033,10.29563,9.84886,9.84886,9.84886,9.48683,9.48683,9.48683,9.48683,9.21954,9.21954,9.21954,8.544,9.21954,8.24621,8.24621,8.06226,8.24621,8.24621,8.06226,8.06226,8.06226,8.06226,8.06226,8.06226,8.24621,8.24621,9.05539,8.24621,8.24621,8.544,8.544,8.544,7.61577,7.61577,7.61577,6.7082,6.7082,6.7082,6.7082,6.40312,5.83095,6.40312,5.0,5.65685,5.65685,5.0,5.0,4.24264,4.24264,63.50591,57.69749,59.68249,56.30275,51.31277,54.70832,49.73932,52.7731,46.14109,44.65423,42.19005,44.41846,43.60046,47.43416,41.88078,44.82187,45.80393,41.10961,41.72529,41.72529,41.23106,38.20995,42.2019,39.05125,41.03657,42.0119,40.36087,42.42641,41.03657,45.22168,38.8973,38.94868,43.41659,41.86884,36.87818,38.28838,42.0119,44.55334,38.28838,38.94868,36.12478,36.89173,35.0,34.98571,33.12099,30.41381,31.76476,28.23119,23.76973,23.76973,24.16609,25.0,21.84033,22.09072,21.84033,16.03122,17.02939,43.93177,46.04346,41.6173,49.64877,49.64877,48.46648,50.11986,47.53946,54.78138,53.22593,55.02727,56.921,59.13544,62.64184,62.0967,60.87693,67.05222,59.22837,63.78871,62.64982,63.50591,68.73136,63.28507,64.07027,64.03124,64.38167,63.1981,63.12686,57.07889,64.38167,53.15073,61.81424,58.85576,57.55867,59.03389,57.27128,52.88667,55.31727,57.72348,57.24509,59.90826,56.46238,61.09828,60.16644,58.69412,53.66563,57.27128,59.5399,60.41523,58.30952,65.76473,61.77378,64.84597,60.37384,62.64982,66.64833,63.07139
11.18034,10.19804,10.19804,10.19804,9.21954,9.21954,9.21954,9.21954,9.21954,8.544,8.544,8.544,8.544,8.544,7.61577,8.94427,8.06226,8.94427,8.06226,7.61577,7.61577,8.06226,8.06226,8.06226,8.06226,8.06226,8.06226,8.06226,8.06226,8.06226,7.61577,7.61577,7.61577,7.28011,7.61577,7.28011,7.28011,7.28011,6.08276,6.08276,7.07107,6.08276,6.08276,6.0,6.0,5.0,5.09902,5.09902,5.09902,4.12311,4.12311,4.12311,56.30275,58.41233,57.45433,53.33854,58.5235,53.53504,50.21952,49.09175,50.24938,48.76474,45.61798,46.51881,52.0,44.77723,44.94441,43.46263,45.18849,42.37924,40.16217,45.88028,43.41659,45.60702,39.29377,39.81206,39.05125,43.73786,40.4475,38.63936,41.0,41.59327,42.72002,44.38468,38.8973,41.48494,40.02499,39.56008,38.32754,39.92493,38.07887,40.8534,37.16181,33.01515,38.58756,36.40055,30.80584,33.6006,29.20616,32.44996,27.58623,26.07681,27.01851,21.93171,21.40093,21.63331,20.80865,19.31321,19.23538,47.80167,39.84972,43.65776,46.09772,49.24429,45.79301,49.64877,48.25971,55.9464,52.47857,51.40039,56.85068,62.80127,62.28965,61.07373,63.03174,65.05382,65.76473,60.20797,66.21933,66.06815,65.94695,63.60031,64.2028,64.07027,64.2028,63.24555,64.2028,57.80138,59.40539,56.0803,58.25805,58.0517,58.0517,59.4138,56.0803,53.8145,53.07542,55.17246,61.55485,58.13777,62.00806,55.0,62.1289,57.00877,59.03389,59.40539,60.90156,61.58734,61.61169,61.03278,63.24555,64.40497,59.07622,65.19202,67.60178,63.81222
11.18034,10.77033,10.77033,10.77033,9.84886,10.77033,9.48683,9.48683,9.48683,9.21954,9.48683,9.21954,9.21954,9.21954,9.21954,9.21954,9.05539,8.06226,9.05539,8.06226,8.06226,9.05539,8.06226,8.06226,9.05539,9.05539,9.05539,8.06226,9.05539,8.06226,8.24621,8.24621,8.24621,8.24621,8.24621,7.28011,8.544,7.61577,6.7082,6.7082,6.7082,6.7082,5.83095,5.83095,5.83095,5.0,5.0,5.0,5.0,4.24264,4.24264,4.24264,58.0517,62.80127,58.69412,58.69412,58.46366,52.17279,57.48913,53.36666,54.12947,50.9902,49.0408,50.28916,47.12749,47.43416,46.48656,45.65085,47.92703,48.70318,43.04649,45.69464,47.16991,42.05948,40.31129,43.04649,43.82921,46.52956,46.32494,44.41846,42.54409,44.65423,44.65423,43.26662,42.72002,45.27693,41.88078,43.82921,41.14608,44.28318,44.92215,41.23106,39.56008,39.29377,36.34556,38.60052,37.48333,31.40064,30.14963,31.01612,28.28427,28.01785,28.01785,24.02082,24.18677,23.08679,22.13594,21.2132,19.31321,40.8534,44.59821,43.93177,50.01,50.44799,47.67599,50.24938,51.47815,55.14526,53.60037,58.07753,61.03278,63.1981,63.1981,63.00794,66.1211,71.56815,67.47592,64.38167,65.11528,64.13267,72.03471,67.08204,67.26812,66.28725,66.4906,63.78871,67.26812,65.52099,61.98387,60.01666,64.93843,62.96825,58.85576,63.78871,59.84146,60.20797,62.03225,60.00833,65.00769,62.03225,62.1289,64.19502,68.35934,64.19502,62.96825,65.49046,65.49046,66.37017,62.28965,67.74216,66.28725,66.91039,65.37584,70.03571,71.58911,65.62012
11.31371,10.63015,10.63015,9.89949,10.63015,9.21954,10.0,9.21954,9.21954,9.21954,9.21954,9.43398,8.60233,8.60233,8.60233,8.94427,8.06226,8.94427,8.94427,8.94427,8.94427,8.94427,8.94427,8.544,8.94427,8.544,8.544,8.94427,8.94427,8.544,8.06226,8.94427,8.06226,8.06226,8.06226,8.06226,7.2111,7.81025,7.07107,7.07107,6.40312,6.40312,6.40312,5.65685,5.65685,5.0,5.0,5.0,5.0,4.47214,4.47214,4.47214,70.34913,63.12686,59.3043,55.57877,59.5399,50.63596,54.91812,56.08921,48.83646,47.07441,48.27007,45.54119,50.59644,44.94441,43.01163,42.37924,48.70318,42.72002,43.46263,41.62932,39.82462,44.77723,42.94182,44.41846,44.77723,42.54409,40.24922,43.56604,45.27693,40.49691,43.26662,43.56604,42.95346,45.17743,39.44617,38.94868,44.72136,41.14608,39.39543,36.68787,34.78505,34.71311,37.10795,34.9285,34.52535,32.01562,32.06244,30.59412,27.07397,25.01999,25.0,26.01922,22.2036,18.02776,20.22375,17.72005,17.08801,42.44997,44.91102,44.40721,49.0306,48.25971,47.09565,46.17359,51.0,55.08176,53.08484,55.3263,59.21149,60.13319,60.29925,57.31492,61.0,64.19502,60.41523,59.43904,62.16912,59.43904,65.0,64.7611,62.93648,62.93648,64.53681,58.18935,63.56886,59.90826,60.16644,57.72348,64.03124,55.9017,59.22837,58.46366,56.4358,55.57877,59.4138,57.55867,61.03278,62.07254,56.00893,59.00847,60.03332,60.03332,63.12686,61.13101,62.39391,64.62971,64.38167,62.514,63.63961,64.28063,60.82763,66.48308,65.62012,66.75328
10.77033,10.77033,9.84886,9.84886,9.84886,9.48683,9.84886,8.94427,8.94427,8.94427,8.94427,8.94427,8.94427,8.06226,8.06226,8.60233,7.81025,8.60233,7.81025,8.60233,8.06226,7.81025,8.60233,7.81025,8.60233,8.60233,8.60233,8.60233,7.81025,8.60233,7.2111,8.06226,8.06226,7.61577,8.06226,7.61577,7.61577,7.28011,6.32456,6.32456,6.32456,6.08276,6.08276,6.08276,6.0,5.0,5.0,5.0,5.0,4.0,4.12311,4.12311,62.6099,61.91123,56.82429,55.03635,54.12024,54.58938,49.64877,52.83938,47.01064,48.10405,50.15974,51.26402,46.48656,41.78516,44.27189,46.32494,48.76474,45.12206,43.32436,45.60702,45.54119,44.91102,41.30375,41.7732,38.32754,38.63936,43.28972,41.10961,41.19466,45.17743,40.31129,45.12206,44.28318,44.18144,40.60788,43.41659,42.57934,41.76123,38.62642,41.10961,40.8534,37.58989,37.16181,34.88553,31.76476,31.06445,30.23243,29.41088,29.06888,23.34524,25.45584,22.02272,20.61553,21.40093,22.82542,18.38478,20.80865,45.12206,44.40721,42.42641,42.72002,43.46263,47.41308,48.8467,47.41308,53.23533,53.33854,53.23533,53.0,62.16912,56.30275,61.22091,56.85068,62.20129,59.66574,58.0517,60.10824,60.87693,62.93648,60.82763,65.19202,62.28965,61.52235,60.1415,57.28001,59.39697,59.4138,57.31492,57.98276,57.28001,59.5483,59.4138,55.31727,54.45181,59.03389,54.81788,60.21628,61.40033,59.36329,59.07622,61.91123,57.14018,58.83026,60.90156,60.41523,60.41523,64.00781,61.84658,66.64833,66.7308,57.80138,67.1193,63.81222,64.41273
10.81665,10.81665,10.0,9.43398,10.0,9.43398,9.21954,8.60233,8.60233,9.21954,9.21954,9.21954,8.48528,8.48528,7.81025,8.48528,7.81025,8.48528,7.81025,7.81025,7.07107,7.81025,7.81025,7.81025,7.81025,7.81025,7.81025,7.81025,7.81025,8.48528,7.07107,7.07107,7.07107,7.07107,7.2111,7.2111,7.2111,7.2111,6.7082,5.83095,6.32456,5.38516,5.38516,5.38516,5.09902,5.09902,5.09902,4.12311,4.12311,4.0,4.0,4.0,63.00794,60.67125,56.22277,53.23533,56.0357,56.0,51.0,53.00943,48.01042,47.09565,46.01087,52.23983,46.38965,46.09772,48.16638,49.36598,47.16991,46.69047,42.29657,40.80441,46.09772,43.41659,42.72002,37.94733,38.32754,39.56008,40.02499,40.5216,39.05125,42.37924,41.0,42.72002,39.29377,43.41659,41.4367,40.60788,41.4367,40.4475,39.20459,39.20459,36.01389,39.0,39.01282,32.14032,31.57531,31.257,30.80584,28.63564,29.41088,24.33105,24.16609,24.69818,24.69818,21.63331,20.12461,17.49286,19.23538,45.35416,46.84015,40.60788,45.17743,46.0,49.09175,51.0392,52.0,54.0,51.0098,56.22277,58.69412,54.45181,58.85576,61.0,58.69412,65.0,57.97413,63.15061,59.90826,65.45991,64.84597,60.40695,64.2573,62.96825,64.19502,59.23681,62.39391,58.18075,61.98387,58.30952,60.74537,60.16644,58.82176,59.90826,58.94065,57.48913,56.29387,57.27128,58.0517,61.39218,59.3043,64.62971,59.5399,59.07622,57.03508,57.31492,60.00833,56.0803,65.19202,64.12488,64.00781,66.48308,59.03389,61.0,63.0,63.07139
10.0,10.04988,9.05539,10.04988,9.05539,9.05539,9.05539,8.06226,8.06226,8.24621,8.24621,8.24621,8.24621,8.24621,8.24621,7.61577,7.61577,7.28011,7.61577,7.61577,7.61577,7.61577,7.28011,7.61577,7.61577,7.61577,7.61577,7.61577,7.61577,7.61577,7.28011,7.28011,7.28011,7.28011,7.07107,6.08276,7.07107,7.07107,6.0,6.0,5.0,5.0,5.0,5.09902,4.12311,4.12311,4.12311,4.12311,4.12311,4.12311,3.60555,3.60555,58.60034,64.63745,62.62587,54.40588,56.85068,52.20153,54.03702,51.22499,48.79549,49.57822,48.10405,46.01087,47.42362,48.10405,47.38143,46.75468,50.20956,42.0119,44.68781,44.68781,45.27693,40.0,43.01163,44.20407,37.44329,42.43819,41.34005,45.65085,41.67733,46.06517,42.80187,43.60046,39.96248,40.80441,42.0119,42.2019,38.27532,41.40048,39.69887,38.20995,43.27817,38.20995,36.40055,33.97058,34.20526,28.01785,27.29469,28.84441,27.29469,24.59675,26.24881,22.84732,25.05993,20.88061,21.58703,19.64688,17.26268,43.18565,46.01087,43.93177,46.40043,48.27007,47.63402,47.20169,48.60041,55.21775,53.7122,55.00909,57.3062,60.74537,60.82763,63.07139,60.16644,65.0,60.74537,63.56099,63.69458,60.72891,65.80274,61.84658,63.89053,65.30697,65.45991,63.56099,62.0967,59.90826,59.48109,58.5235,61.68468,57.87055,58.69412,62.62587,62.62587,57.77543,57.77543,59.94164,60.41523,56.79789,58.59181,59.16925,61.29437,60.41523,60.90156,65.73431,59.64059,60.80296,61.91123,62.1289,66.28725,68.00735,61.40033,69.06519,66.61081,65.21503
11.40175,11.40175,10.63015,11.40175,10.63015,10.0,9.89949,9.89949,9.89949,9.89949,9.89949,9.21954,9.21954,9.21954,9.21954,9.21954,8.60233,8.60233,8.60233,8.60233,8.60233,8.60233,8.60233,9.43398,9.43398,9.43398,8.60233,8.60233,8.60233,8.60233,8.60233,9.21954,9.21954,8.48528,8.48528,7.81025,7.81025,7.81025,7.81025,7.2111,6.40312,6.40312,6.7082,5.83095,5.83095,5.38516,5.38516,5.38516,5.38516,4.47214,4.12311,4.12311,67.62396,60.82763,59.05929,56.79789,57.77543,53.48832,56.85948,53.66563,50.59644,50.59644,46.17359,47.53946,49.0306,48.08326,42.72002,45.35416,47.51842,48.6621,43.18565,42.42641,43.10452,43.28972,43.01163,41.10961,37.33631,44.01136,42.0,41.10961,38.0526,41.19466,44.18144,43.10452,43.28972,45.09989,40.0,42.29657,42.10701,40.1995,40.02499,38.83298,36.87818,35.1141,32.28002,38.62642,36.76955,32.64966,30.88689,32.44996,26.07681,24.69818,20.80865,23.85372,25.80698,25.4951,20.61553,21.9545,18.38478,45.17743,47.12749,46.57252,50.59644,47.75982,49.98,49.39636,53.14132,55.22681,55.9464,59.48109,59.16925,61.26989,63.06346,62.1289,63.60031,67.00746,62.482,61.40033,65.94695,62.80127,70.83784,63.89053,63.70243,63.65532,67.17887,65.76473,65.79514,62.93648,64.44377,59.46427,61.6198,56.85068,62.62587,61.7171,62.20129,54.08327,61.03278,59.90826,59.90826,64.14047,61.7171,62.26556,65.79514,58.13777,59.09315,62.64982,66.21178,67.1193,65.39113,64.07808,65.55151,68.44706,62.64982,64.2573,67.23095,65.39113
11.40175,11.40175,11.40175,11.40175,11.40175,10.0,10.63015,9.89949,9.89949,9.89949,9.89949,9.89949,9.89949,9.89949,9.21954,9.21954,9.21954,9.21954,8.60233,9.21954,9.21954,8.60233,9.21954,8.60233,9.21954,8.60233,8.60233,9.21954,8.60233,9.21954,8.48528,9.21954,8.48528,8.48528,8.48528,7.81025,7.81025,7.2111,7.2111,7.2111,7.2111,5.83095,6.7082,5.83095,5.38516,5.38516,5.38516,5.38516,5.09902,4.12311,4.12311,4.12311,65.76473,63.95311,58.54912,52.7731,58.42089,51.08816,53.23533,54.14795,49.0102,49.0102,48.09366,45.04442,45.01111,44.0,46.01087,43.04649,46.04346,47.38143,40.79216,43.41659,43.73786,41.0,43.93177,38.63936,42.19005,44.55334,38.8973,41.48494,42.75512,40.5216,38.32754,41.97618,41.97618,42.75512,36.12478,38.0526,40.11234,38.01316,41.01219,38.0526,35.0571,32.01562,36.01389,35.22783,32.06244,34.52535,29.73214,31.04835,23.76973,23.08679,22.36068,21.18962,21.93171,18.86796,20.24846,18.35756,19.79899,42.42641,43.41659,45.04442,47.16991,48.01042,46.09772,45.09989,48.16638,52.46904,52.34501,59.68249,58.30952,60.53098,60.67125,61.39218,61.84658,67.68309,63.24555,63.32456,66.12866,67.06713,65.78754,62.76942,64.07808,63.69458,64.07808,65.30697,63.97656,60.92618,66.30988,57.24509,59.61543,59.13544,63.60031,62.24147,59.77458,58.18935,58.46366,58.69412,63.15061,56.75385,59.5399,61.81424,59.68249,59.43904,64.12488,60.01666,62.80127,65.19202,66.75328,65.12296,65.03076,63.50591,60.53098,71.02816,65.9242,63.50591
11.04536,10.0,11.0,10.0,10.0,9.0,9.0,9.05539,9.05539,9.05539,9.05539,9.05539,9.05539,9.05539,8.06226,9.21954,8.24621,8.24621,8.24621,8.24621,8.24621,8.24621,8.24621,8.24621,8.24621,8.24621,8.24621,8.24621,8.24621,8.24621,8.24621,8.24621,8.06226,8.06226,8.06226,8.0,7.0,7.0,7.0,7.0,6.08276,6.08276,6.08276,5.09902,5.09902,5.09902,4.12311,4.12311,4.12311,4.12311,3.16228,3.60555,63.70243,55.17246,63.63961,56.58622,61.52235,60.10824,50.20956,54.45181,50.9902,53.03772,49.49747,49.67897,49.57822,45.45327,48.16638,48.54894,47.20169,47.41308,45.80393,43.909,46.06517,42.05948,47.41308,43.56604,45.61798,41.34005,41.14608,43.08132,43.86342,43.46263,43.04649,49.09175,37.57659,44.28318,37.73592,42.05948,40.81666,47.01064,38.58756,40.60788,38.8973,39.82462,33.97058,32.64966,35.80503,29.20616,31.62278,29.15476,32.20248,26.07681,26.0,24.69818,26.83282,23.4094,20.24846,21.84033,18.11077,47.50789,50.60632,43.26662,52.00961,45.34314,48.60041,50.9902,50.93133,58.89822,52.3259,60.20797,58.72819,65.06919,65.05382,67.62396,62.00806,68.76772,65.19202,66.28725,67.74216,66.57327,70.49113,66.18912,62.76942,64.88451,69.35416,68.44706,68.942,59.9333,64.84597,59.48109,64.14047,60.46487,65.21503,64.00781,62.68174,58.60034,61.61169,61.85467,59.81639,66.06815,58.0,68.11755,64.44377,60.87693,65.76473,65.76473,65.79514,66.52819,67.89698,67.17887,72.12489,73.5527,62.24147,67.26812,71.44928,70.71068
11.31371,10.63015,10.63015,10.63015,10.63015,9.21954,10.0,10.0,9.21954,10.0,8.60233,9.43398,9.43398,9.43398,8.60233,8.94427,8.06226,8.06226,8.06226,8.94427,8.06226,8.06226,8.06226,8.94427,8.94427,7.61577,8.06226,8.94427,8.06226,8.94427,8.06226,8.06226,8.60233,8.60233,7.2111,7.81025,7.81025,7.07107,7.07107,7.07107,6.40312,5.65685,6.40312,5.65685,5.0,5.0,5.0,4.47214,4.47214,4.47214,4.47214,4.12311,66.1211,59.07622,62.0,59.03389,56.0803,54.0,54.03702,55.08176,48.50773,50.01,48.16638,45.17743,48.16638,45.70558,42.29657,45.70558,49.64877,41.48494,47.07441,44.92215,48.10405,41.78516,46.17359,42.15448,44.27189,44.94441,37.64306,41.78516,44.01136,42.05948,40.16217,42.72002,38.48376,45.88028,36.24914,43.68066,41.76123,43.17407,40.02499,37.10795,36.12478,37.33631,33.06055,36.12478,35.12834,31.01612,33.0,31.257,22.2036,27.45906,26.30589,21.84033,21.58703,18.02776,21.18962,18.97367,17.49286,45.17743,46.27094,44.18144,53.08484,49.0408,50.01,48.04165,55.03635,52.03845,54.23099,60.53098,57.21888,60.07495,62.96825,63.78871,60.63827,69.42622,59.48109,67.18631,61.84658,68.30813,68.30813,64.19502,65.14599,64.2573,65.55151,65.30697,67.41662,57.87055,65.45991,59.23681,66.40783,62.96825,61.03278,65.52099,61.84658,56.29387,56.7186,60.20797,62.514,64.62971,60.20797,65.62012,64.19502,61.0,63.00794,66.1211,64.00781,63.0,64.12488,64.00781,66.0,66.00758,60.0,70.02857,73.10951,66.0
10.29563,10.29563,9.84886,10.29563,8.94427,8.94427,8.94427,8.544,8.94427,8.544,8.544,8.544,8.544,8.544,8.24621,8.24621,8.24621,7.28011,8.24621,7.28011,7.28011,7.28011,7.28011,7.07107,8.06226,8.24621,8.24621,7.28011,7.28011,7.28011,7.28011,7.28011,7.28011,7.28011,6.7082,6.7082,7.2111,6.7082,5.83095,6.40312,5.65685,5.65685,5.65685,5.0,5.0,5.0,5.0,4.47214,3.60555,3.60555,4.12311,4.12311,64.03124,59.03389,60.53098,60.00833,59.13544,51.47815,58.07753,52.15362,54.33231,46.17359,50.35871,47.38143,48.6621,45.70558,46.69047,48.38388,45.12206,43.08132,44.27189,44.92215,45.69464,42.05948,37.69615,43.68066,42.37924,44.59821,42.72002,41.23106,40.31129,43.46263,45.18849,43.86342,41.10961,38.91015,45.22168,38.32754,38.27532,41.0,37.85499,41.4367,36.34556,38.20995,36.12478,32.38827,32.01562,35.12834,29.15476,28.01785,25.17936,26.57066,27.65863,25.0,20.61553,21.0238,20.24846,20.24846,17.0,47.75982,44.64303,45.89118,48.83646,48.83646,47.09565,45.17743,51.08816,54.00926,56.00893,57.07889,58.03447,61.0082,62.0,55.3263,65.76473,61.52235,63.15061,61.18823,62.0967,63.56099,67.72001,64.7611,64.03124,64.03124,62.16912,63.78871,63.24555,62.36185,58.82176,63.06346,59.66574,59.43904,59.22837,61.13101,59.03389,60.63827,56.56854,57.21888,60.07495,56.22277,64.03124,59.07622,67.06713,55.00909,60.07495,60.07495,60.0,67.0,67.02984,65.00769,67.47592,67.00746,65.12296,66.61081,60.03332,65.0
10.44031,10.44031,9.48683,9.48683,8.544,9.48683,8.94427,8.94427,8.544,8.06226,8.94427,8.06226,8.06226,8.06226,8.06226,8.06226,8.60233,7.2111,7.2111,7.81025,7.2111,7.81025,7.81025,7.81025,7.81025,7.81025,7.81025,7.2111,7.2111,7.2111,7.2111,7.2111,7.2111,6.7082,6.7082,6.7082,6.32456,6.32456,5.38516,6.32456,5.09902,5.09902,5.09902,5.09902,4.12311,4.0,4.0,4.0,3.0,3.0,3.0,3.16228,63.78087,59.4138,59.5483,58.69412,58.79626,55.80323,57.62812,55.21775,50.60632,49.73932,48.01042,48.02083,51.0392,48.02083,47.41308,46.51881,49.1935,47.01064,44.77723,42.04759,45.69464,42.94182,42.54409,41.78516,39.0,44.72136,43.46263,45.31004,40.8534,42.44997,41.78516,43.9659,42.72002,42.37924,42.15448,43.41659,38.48376,42.54409,43.04649,40.31129,33.6006,39.40812,35.0,34.82815,33.94113,34.71311,30.41381,31.89044,29.06888,27.80288,25.4951,23.85372,24.18677,19.72308,21.09502,20.24846,18.97367,42.37924,43.41659,44.28318,48.37355,49.40648,47.43416,48.27007,51.40039,55.97321,52.49762,55.17246,55.86591,58.25805,62.96825,61.52235,57.80138,66.4003,61.40033,61.84658,64.2028,61.61169,62.68174,64.07027,65.0,65.0,64.40497,62.43397,63.51378,60.37384,62.43397,57.14018,60.74537,59.40539,59.64059,58.00862,58.5235,53.07542,57.00877,64.2028,61.52235,60.87693,58.69412,59.4138,65.11528,62.36986,62.80127,59.66574,61.7171,64.03124,66.70832,63.89053,69.2026,66.52819,61.40033,66.06815,63.25346,71.50524
10.63015,10.63015,10.0,10.63015,10.0,9.21954,10.0,10.0,10.0,8.60233,9.43398,9.43398,8.94427,8.94427,8.06226,8.94427,8.94427,8.94427,8.544,7.61577,8.94427,7.61577,8.06226,8.544,8.544,8.544,8.94427,8.544,8.544,8.94427,7.61577,8.06226,8.06226,8.06226,7.2111,7.2111,7.81025,6.40312,6.40312,6.40312,5.65685,5.65685,5.65685,5.0,5.0,5.0,4.47214,3.60555,3.60555,3.60555,3.16228,3.16228,60.53098,61.61169,61.66036,60.20797,54.33231,52.23983,52.03845,54.45181,50.35871,50.24938,50.0,47.04253,50.03998,46.09772,48.01042,48.25971,47.16991,43.10452,43.18565,44.10215,45.89118,41.30375,42.2019,41.59327,42.57934,42.57934,39.20459,40.79216,40.60788,42.44997,41.59327,46.87217,38.83298,46.52956,40.79216,41.04875,36.0,40.1995,42.0119,38.01316,38.01316,35.12834,33.24154,33.13608,36.67424,31.40064,34.20526,27.89265,28.16026,27.89265,26.40076,24.69818,22.82542,20.80865,21.09502,17.20465,20.80865,43.41659,48.16638,44.28318,50.0,43.10452,46.01087,47.09565,49.25444,49.49747,53.60037,53.93515,55.9017,59.90826,58.24088,59.90826,57.24509,64.84597,62.29767,62.93648,67.06713,60.83584,66.30988,63.07139,63.50591,65.0,58.18075,63.50591,56.85948,63.06346,60.37384,57.27128,63.69458,60.00833,59.23681,59.61543,56.0803,60.08328,61.35145,58.5235,60.63827,60.16644,58.69412,59.22837,59.84146,62.0967,59.5399,62.80127,63.63961,60.29925,61.98387,63.50591,65.27634,68.06614,63.50591,69.58448,70.34913,63.63961
10.77033,9.48683,9.48683,9.48683,9.48683,9.48683,9.48683,8.24621,8.24621,8.24621,9.21954,8.06226,8.06226,8.06226,8.06226,8.06226,8.06226,8.06226,8.0,8.0,7.07107,7.0,7.07107,8.0,8.0,8.0,7.0,8.0,8.0,7.07107,7.07107,8.06226,7.07107,7.07107,7.28011,7.28011,6.32456,6.32456,6.32456,5.38516,5.83095,5.83095,5.83095,5.0,5.0,4.24264,4.24264,4.24264,4.24264,4.24264,3.60555,3.60555,60.40695,61.03278,61.46544,57.58472,59.23681,55.02727,51.07837,51.47815,50.9902,47.41308,51.62364,50.15974,46.09772,45.79301,47.50789,48.37355,53.53504,49.40648,41.6173,44.65423,46.8615,44.94441,41.72529,43.86342,43.41659,45.0,43.01163,43.18565,43.27817,43.84062,44.59821,43.41659,38.60052,41.10961,41.86884,42.0119,43.26662,39.40812,38.83298,39.81206,39.92493,36.40055,36.24914,37.12142,33.10589,32.28002,30.67572,29.12044,24.73863,25.96151,23.34524,23.08679,23.02173,21.37756,20.09975,20.09975,17.26268,43.909,41.40048,42.94182,46.09772,47.85394,44.59821,47.16991,49.39636,54.12024,48.76474,54.40588,56.29387,57.00877,61.39218,56.56854,57.55867,55.9017,62.514,59.3043,61.0082,61.03278,64.00781,66.0,64.00781,60.00833,60.0,60.03332,60.03332,61.0,57.0,57.00877,62.07254,58.03447,56.14268,57.21888,58.07753,58.21512,60.82763,55.57877,58.69412,59.43904,58.94065,61.18823,61.35145,62.64184,57.72348,59.66574,57.38467,64.84597,67.72001,61.98387,65.0,70.5762,60.40695,66.48308,63.56099,66.40783
10.77033,10.77033,9.84886,10.77033,9.84886,9.84886,8.94427,8.94427,8.94427,8.06226,9.43398,9.43398,8.60233,8.60233,8.60233,8.60233,8.60233,8.60233,7.81025,7.81025,7.81025,7.81025,7.81025,7.81025,7.81025,8.48528,8.60233,7.81025,7.81025,8.60233,7.2111,7.2111,7.2111,7.2111,7.61577,7.61577,6.7082,6.7082,6.32456,6.32456,6.08276,6.08276,5.09902,5.09902,5.09902,4.0,4.0,4.0,4.0,3.0,3.0,3.16228,65.76473,60.20797,63.63175,61.40033,62.6099,54.3783,52.7731,60.82763,52.92447,49.76947,49.76947,53.85165,45.88028,46.23851,49.76947,51.26402,51.86521,47.16991,48.38388,47.12749,48.83646,48.27007,48.83646,40.5216,41.23106,42.05948,43.01163,43.56604,44.55334,45.27693,46.09772,42.57934,41.59327,45.54119,43.73786,43.93177,42.44997,43.01163,41.4367,39.0,39.39543,39.35734,39.82462,34.88553,33.28663,35.51056,33.28663,32.80244,29.69848,26.90725,29.0,26.07681,24.08319,22.47221,20.80865,23.85372,19.20937,41.7732,42.44997,43.65776,45.88028,45.18849,46.95743,45.69464,52.3259,51.42956,50.53712,52.15362,57.14018,59.07622,60.46487,56.72742,59.81639,66.06815,62.93648,66.6033,62.93648,62.96825,65.06919,64.44377,65.19202,65.11528,62.28965,62.36986,63.12686,60.959,62.24147,58.0,62.24147,62.24147,60.87693,63.65532,61.84658,56.85068,58.25805,57.2014,58.24946,63.24555,58.83026,66.88797,63.63175,61.29437,62.64982,63.07139,65.79514,59.16925,65.0,64.88451,67.1193,66.24198,64.49806,69.35416,66.64833,69.46222
11.40175,10.77033,10.77033,10.44031,9.48683,10.44031,9.84886,9.84886,9.84886,8.94427,9.84886,8.94427,8.94427,8.94427,8.94427,9.43398,8.60233,8.06226,8.60233,8.60233,8.60233,8.60233,8.60233,8.60233,8.60233,8.60233,8.60233,8.60233,8.60233,8.60233,8.06226,8.06226,8.06226,8.06226,7.61577,7.61577,7.61577,7.28011,7.28011,6.32456,6.08276,6.08276,6.08276,6.08276,5.09902,5.0,5.0,5.0,5.0,4.0,5.09902,4.12311,60.74537,60.53924,57.93962,61.13101,61.03278,53.16014,57.56735,56.64804,56.30275,53.45091,51.41984,48.05206,49.24429,47.67599,49.25444,44.55334,49.36598,47.51842,45.89118,47.16991,46.09772,48.01042,41.01219,43.18565,43.01163,45.09989,43.0,46.04346,44.0,41.04875,47.01064,41.0,42.0119,41.19466,43.04649,39.31921,41.10961,40.31129,38.07887,41.59327,36.13862,37.36308,35.17101,30.67572,29.54657,32.69557,30.41381,32.20248,25.94224,24.16609,27.45906,24.18677,24.18677,19.20937,18.02776,19.10497,19.84943,41.0,40.4475,43.41659,41.48494,48.50773,41.10961,47.43416,49.0408,49.0408,54.23099,52.92447,56.46238,59.09315,56.82429,59.05929,60.90156,57.14018,62.68174,60.21628,62.00806,60.60528,65.43699,63.70243,60.30755,62.36986,62.20129,60.959,59.5483,60.44005,60.44005,63.00794,57.62812,60.21628,56.40035,56.85948,53.82379,62.96825,58.18075,59.05929,58.59181,53.23533,64.07808,61.84658,64.88451,56.36488,60.40695,61.03278,59.80803,63.69458,65.0,64.4748,67.35726,67.35726,62.39391,69.77822,65.9242,70.83784
10.77033,10.77033,10.77033,10.77033,10.44031,9.84886,9.48683,9.48683,9.48683,9.21954,9.48683,9.21954,9.21954,9.21954,9.21954,9.21954,9.05539,9.05539,9.05539,9.05539,9.05539,9.05539,8.06226,9.0,9.05539,9.05539,8.06226,9.05539,9.05539,9.05539,8.06226,8.06226,8.06226,8.24621,8.24621,7.28011,7.61577,7.28011,6.7082,6.32456,6.7082,5.83095,5.83095,5.83095,5.0,5.0,5.0,5.0,3.60555,4.24264,4.24264,2.82843,64.84597,60.72891,64.51356,62.29767,63.90618,56.921,53.48832,53.85165,55.71355,51.86521,56.30275,49.76947,54.23099,46.52956,51.26402,50.08992,50.11986,44.94441,46.87217,44.77723,48.82622,45.27693,45.48626,44.65423,43.01163,46.32494,45.79301,42.0119,43.60046,44.82187,48.41487,47.80167,43.01163,46.40043,42.72002,41.88078,41.88078,42.43819,41.67733,42.04759,41.23106,39.84972,40.31129,42.04759,36.40055,34.71311,32.01562,32.01562,27.01851,27.07397,28.07134,23.02173,25.07987,25.01999,22.02272,24.33105,24.73863,42.2019,40.49691,42.72002,46.64762,47.01064,46.23851,47.53946,50.28916,54.08327,48.70318,56.51548,56.32051,58.69412,60.01666,61.39218,58.54912,64.13267,62.28965,64.28063,61.07373,62.03225,65.19202,64.0,66.1211,64.19502,63.0,60.07495,63.03174,62.0,63.00794,57.0,62.1289,60.03332,61.03278,63.07139,61.07373,54.58938,59.5399,58.69412,60.01666,63.56099,62.58594,60.20797,62.93648,59.20304,68.41053,64.28841,62.93648,64.51356,63.24555,61.09828,67.77905,68.00735,65.25335,67.35726,72.73239,64.19502
11.7047,11.7047,10.77033,10.77033,10.77033,10.77033,9.84886,9.84886,9.84886,9.84886,9.84886,10.29563,10.29563,9.43398,9.43398,9.43398,9.43398,8.60233,9.43398,9.43398,8.60233,10.0,8.60233,9.21954,8.60233,9.21954,8.60233,8.60233,9.43398,8.60233,8.60233,9.43398,9.43398,8.06226,8.06226,8.06226,7.61577,7.61577,7.61577,7.61577,6.32456,6.32456,6.32456,6.08276,5.09902,5.09902,5.09902,5.09902,5.09902,5.0,4.0,4.0,63.63175,61.05735,63.95311,60.53924,59.48109,58.66856,54.58938,56.79789,50.15974,49.65884,45.17743,53.85165,50.15974,44.01136,48.46648,50.32892,49.0408,42.44997,44.27189,42.05948,44.64303,42.05948,46.17359,41.7732,42.2019,45.88028,40.79216,41.30375,45.17743,40.1995,43.73786,49.47727,46.87217,44.38468,42.42641,48.10405,41.4367,42.05948,42.72002,40.71855,34.9285,37.12142,38.07887,35.77709,40.31129,32.64966,33.6006,29.83287,29.69848,26.1725,28.42534,21.40093,24.20744,25.4951,22.67157,20.80865,21.47091,42.10701,47.85394,45.89118,44.92215,48.08326,49.33559,44.77723,47.16991,55.9464,49.24429,51.89412,57.77543,58.5235,63.06346,59.64059,59.40539,63.60031,59.03389,64.07027,63.89053,62.96825,64.44377,62.24147,61.84658,64.3506,62.00806,62.24147,62.93648,56.56854,65.06919,55.86591,67.17887,58.72819,60.959,59.5483,61.55485,56.0357,56.22277,54.6443,61.05735,65.73431,59.94164,62.68174,61.05735,62.68174,61.32699,60.90156,61.40033,64.88451,61.29437,63.50591,66.24198,70.49113,59.48109,65.55151,68.0,65.36819
11.18034,11.18034,10.29563,10.29563,10.29563,10.29563,10.29563,9.43398,9.43398,9.43398,9.43398,10.0,8.60233,9.21954,8.60233,9.21954,8.48528,8.48528,8.48528,8.48528,7.81025,8.48528,8.48528,8.48528,8.48528,8.48528,8.48528,8.48528,8.48528,8.48528,7.81025,7.81025,7.81025,7.2111,8.06226,8.06226,8.06226,6.7082,6.7082,6.7082,6.32456,6.32456,6.32456,5.09902,5.09902,5.09902,5.09902,5.09902,5.0,4.0,5.0,4.12311,61.98387,60.44005,61.52235,59.22837,61.68468,56.51548,52.95281,56.29387,51.62364,53.93515,51.47815,51.24451,52.46904,44.91102,44.40721,47.09565,48.09366,48.01042,46.0,44.10215,45.17743,44.10215,44.28318,42.10701,41.01219,45.27693,41.0,43.28972,45.01111,47.51842,42.0119,47.38143,41.10961,40.11234,43.41659,39.05125,40.0125,39.01282,41.10961,40.1995,42.29657,38.63936,37.85499,36.67424,39.29377,31.62278,32.20248,28.79236,27.73085,26.0,25.05993,22.36068,25.80698,21.63331,20.0,17.02939,20.61553,45.39824,43.04649,42.29657,48.09366,44.28318,47.04253,47.26521,48.6621,51.24451,50.48762,52.88667,54.34151,55.7853,62.64184,62.62587,58.18935,66.7308,60.74537,60.53924,60.16644,62.6099,66.21178,61.91123,59.36329,65.51336,60.20797,61.91123,64.00781,56.0803,63.95311,56.35601,61.05735,55.03635,60.83584,58.60034,59.09315,56.79789,51.42956,60.83584,59.61543,61.35145,58.94065,59.90826,62.0967,60.16644,59.68249,59.66574,64.32729,61.61169,61.84658,60.16644,64.53681,71.19691,62.64184,64.28841,69.857,61.18823
12.04159,11.40175,10.63015,11.31371,10.63015,10.63015,10.0,10.0,10.0,9.43398,9.43398,9.43398,9.43398,9.43398,9.43398,8.94427,8.94427,8.94427,8.94427,8.94427,8.94427,8.94427,8.94427,8.94427,8.94427,8.544,8.94427,8.94427,9.84886,8.94427,8.94427,9.43398,9.43398,8.60233,8.60233,8.06226,8.60233,7.81025,7.81025,7.07107,7.07107,7.07107,6.40312,5.65685,5.65685,5.0,5.0,5.0,5.0,4.47214,4.47214,4.47214,64.07027,61.0082,60.13319,57.03508,60.03332,55.14526,55.0,56.0357,53.03772,46.01087,52.23983,45.04442,51.0098,50.24938,47.26521,45.70558,53.23533,47.29693,46.32494,48.38388,44.38468,44.27189,42.05948,44.92215,40.79216,45.12206,40.02499,44.38468,43.32436,43.65776,40.8534,45.22168,46.48656,43.17407,41.10961,40.60788,42.2019,40.02499,37.85499,39.62323,40.31129,38.11824,38.0,40.0125,36.49658,33.37664,28.44293,33.37664,26.01922,28.28427,27.20294,24.5153,23.25941,21.54066,24.35159,18.02776,17.49286,45.22168,43.56604,46.09772,46.27094,48.25971,42.04759,47.01064,45.04442,55.00909,57.00877,55.0,59.00847,60.07495,62.28965,61.39218,64.13267,66.28725,66.4906,62.58594,63.90618,63.24555,67.06713,64.2573,65.45991,65.45991,64.51356,67.23095,62.76942,61.84658,63.32456,60.44005,60.40695,62.76942,60.08328,60.72891,61.98387,55.7853,60.67125,62.64982,62.20129,59.84146,60.29925,60.53098,64.28063,55.3263,61.29437,63.50591,64.07027,65.06919,68.11755,66.1211,66.0,68.46897,65.03076,71.17584,70.00714,69.06519
11.0,11.0,11.0,11.0,11.0,10.0,10.0,10.04988,10.04988,10.04988,10.04988,9.21954,9.21954,9.21954,9.21954,9.21954,9.21954,9.21954,9.48683,9.48683,9.21954,9.48683,8.24621,8.544,9.48683,8.544,8.544,9.48683,9.48683,8.24621,8.24621,8.24621,9.21954,8.24621,8.06226,8.06226,8.06226,8.06226,7.07107,7.0,7.0,6.0,6.0,6.0,6.08276,5.09902,5.09902,5.09902,5.09902,5.09902,4.12311,4.12311,66.4003,66.4003,64.2028,63.00794,62.80127,62.20129,56.22277,57.00877,53.15073,52.63079,50.60632,55.9017,55.17246,50.20956,48.08326,48.79549,50.60632,50.21952,45.60702,47.63402,46.61545,45.22168,44.65423,42.72002,45.22168,45.79301,41.34005,45.17743,43.41659,45.22168,44.40721,46.14109,38.94868,44.29447,42.19005,44.10215,44.65423,44.20407,41.7732,39.82462,40.45986,34.65545,40.31129,38.18377,38.18377,35.0,33.6006,34.66987,27.78489,28.01785,31.06445,26.41969,28.6531,21.47091,21.47091,23.08679,23.34524,44.59821,46.75468,45.34314,48.9183,46.87217,49.81967,48.60041,48.25971,55.22681,54.58938,59.07622,58.18075,62.76942,64.41273,63.56099,62.39391,69.07966,65.55151,63.90618,67.05222,69.64194,68.96376,65.96969,61.84658,65.14599,67.05222,67.44627,69.2315,57.97413,67.05222,62.36185,63.32456,61.68468,58.82176,63.89053,57.87055,56.85948,59.80803,60.83584,61.7414,63.56099,60.90156,63.13478,60.74537,61.05735,64.89992,67.95587,61.91123,66.21933,64.3506,67.42403,69.52697,67.95587,68.60029,70.76722,75.60423,66.4003
10.0,10.0,10.04988,10.0,9.05539,9.0,9.05539,9.05539,9.05539,8.06226,8.06226,8.24621,8.24621,8.24621,8.24621,8.24621,7.28011,7.28011,7.61577,7.61577,7.61577,7.61577,7.28011,7.61577,7.61577,7.61577,7.61577,7.61577,7.61577,7.61577,7.28011,7.28011,7.28011,7.28011,7.07107,7.07107,7.07107,6.08276,6.08276,6.0,6.0,5.0,5.0,5.0,4.12311,4.12311,4.12311,4.12311,4.12311,4.12311,3.60555,3.60555,67.20863,67.17887,64.3506,61.52235,60.1415,61.6198,55.22681,58.69412,50.9902,51.40039,50.32892,52.49762,57.38467,46.2277,48.82622,48.01042,48.76474,47.01064,47.16991,44.41846,46.61545,47.01064,42.94182,43.38202,43.909,47.41308,44.29447,44.59821,47.53946,47.43416,47.01064,44.41846,44.01136,43.01163,46.51881,43.38202,40.31129,40.81666,39.40812,37.73592,39.40812,39.82462,37.01351,37.20215,34.65545,36.06938,31.1127,32.52691,28.01785,25.0,26.41969,25.4951,23.32381,22.36068,23.02173,23.25941,17.08801,47.01064,44.41846,45.17743,45.60702,50.60632,46.01087,48.27007,50.24938,51.73973,53.03772,53.03772,55.86591,61.55485,60.44005,61.22091,61.85467,64.07027,62.96825,62.43397,64.00781,62.6099,66.64833,64.40497,60.82763,62.64982,65.76473,63.50591,65.74192,59.03389,60.37384,58.59181,60.41523,57.80138,57.45433,61.05735,54.3783,56.0803,57.98276,58.00862,61.22091,62.00806,59.5483,61.61169,64.53681,61.6198,58.25805,64.44377,58.72819,66.48308,64.38167,61.55485,68.0147,70.03571,65.94695,66.48308,67.17887,65.79514
10.77033,9.84886,9.84886,9.84886,9.84886,8.94427,8.94427,8.94427,8.94427,8.94427,8.94427,9.43398,8.60233,8.60233,8.60233,8.60233,8.60233,8.60233,7.81025,7.81025,7.81025,7.81025,8.60233,7.81025,7.81025,8.48528,8.60233,7.81025,7.81025,8.60233,7.81025,7.81025,7.2111,7.2111,8.06226,8.06226,6.7082,6.7082,6.32456,6.32456,6.32456,5.38516,5.09902,5.09902,5.09902,4.12311,5.0,4.0,4.0,4.0,3.0,3.0,65.76473,66.18912,65.39113,58.60034,59.13544,56.0803,53.66563,56.0803,53.48832,52.80152,49.39636,47.12749,49.24429,51.24451,47.80167,48.50773,46.87217,47.67599,47.53946,47.09565,45.70558,44.28318,46.01087,45.39824,42.04759,44.18144,45.17743,44.01136,42.0,48.01042,44.04543,46.17359,40.4475,43.01163,40.04997,41.4367,40.79216,46.09772,44.91102,41.48494,43.41659,39.56008,36.05551,35.1141,36.76955,35.73514,36.67424,29.41088,30.01666,31.90611,26.83282,26.41969,28.6007,24.83948,24.83948,22.80351,21.40093,42.57934,43.01163,43.9659,47.12749,49.76947,47.92703,45.61798,49.39636,55.54278,55.03635,56.0803,56.82429,61.40033,61.58734,59.64059,61.40033,67.62396,63.25346,61.07373,64.44377,68.62215,70.17834,61.52235,60.82763,67.89698,62.93648,61.55485,62.93648,60.87693,63.03174,57.48913,62.28965,58.69412,55.9017,60.30755,58.25805,62.482,56.22277,56.22277,58.83026,55.80323,59.05929,61.91123,60.82763,56.79789,61.09828,63.13478,66.70832,61.26989,66.21178,65.29931,67.23095,65.9242,59.80803,68.54196,69.77822,64.07808
10.0,10.29563,9.43398,10.29563,9.43398,9.43398,8.94427,8.94427,8.94427,8.544,8.94427,8.544,8.544,8.544,8.544,8.544,8.24621,7.28011,7.28011,7.28011,7.28011,7.28011,7.28011,7.07107,7.28011,8.24621,8.24621,7.28011,8.24621,7.28011,7.28011,7.28011,7.28011,7.28011,7.61577,6.7082,6.7082,6.7082,6.40312,5.83095,5.65685,5.65685,5.0,5.65685,5.0,4.24264,5.0,5.0,4.24264,3.60555,4.47214,4.47214,61.03278,62.07254,60.20797,59.00847,61.0,55.00909,55.03635,54.08327,49.0,51.0098,49.0408,47.01064,47.38143,45.12206,48.04165,48.25971,47.07441,45.60702,41.7732,47.51842,44.91102,41.10961,42.37924,45.60702,38.07887,41.97618,44.64303,43.86342,41.78516,44.59821,43.41659,45.12206,40.26164,44.64303,42.2019,38.32754,41.76123,44.55334,43.93177,41.04875,37.05401,38.11824,38.11824,37.21559,34.05877,34.36568,31.7805,27.16616,28.63564,28.63564,24.5153,24.16609,24.69818,24.73863,20.61553,19.31321,18.78829,43.32436,39.56008,43.01163,51.47815,45.39824,45.54119,45.09989,47.16991,53.03772,53.15073,56.00893,57.03508,58.07753,61.07373,57.42822,55.7315,62.36986,60.41523,62.16912,64.7611,63.06346,65.0,66.09841,62.36185,63.32456,67.18631,61.40033,64.51356,61.09828,60.08328,56.61272,56.30275,56.75385,56.32051,57.48913,56.04463,50.96077,58.85576,57.55867,58.54912,55.57877,61.07373,58.54912,62.20129,57.0,65.00769,63.12686,59.03389,63.03174,65.00769,61.03278,64.03124,68.0,60.00833,65.37584,67.02984,67.1193
11.18034,11.04536,11.04536,11.04536,10.04988,10.04988,10.0,10.0,10.0,10.0,10.0,9.05539,9.05539,9.05539,9.05539,9.05539,9.05539,9.05539,9.21954,9.21954,9.21954,9.21954,9.05539,8.24621,9.21954,8.24621,8.24621,9.21954,9.21954,9.21954,8.24621,8.24621,9.05539,8.06226,8.06226,8.0,8.0,8.0,7.0,7.0,7.07107,6.08276,6.08276,6.08276,5.09902,5.09902,5.09902,5.09902,5.09902,4.12311,4.47214,3.60555,63.25346,53.41348,60.20797,56.0803,55.31727,60.30755,55.97321,58.79626,48.10405,53.07542,48.9183,45.34314,47.42362,46.2277,45.27693,48.01042,49.40648,41.40048,48.41487,40.22437,45.22168,41.34005,42.48529,43.909,39.35734,42.54409,45.22168,44.72136,45.61798,45.17743,43.04649,42.72002,40.49691,43.04649,40.22437,42.63801,41.6173,45.22168,40.80441,37.53665,39.82462,40.45986,38.28838,38.18377,33.94113,32.80244,33.28663,31.90611,30.0,28.17801,25.4951,23.85372,26.07681,21.18962,21.47091,25.29822,20.22375,46.40043,45.0,45.27693,48.83646,48.27007,48.83646,50.44799,51.85557,52.63079,54.03702,54.91812,59.40539,56.61272,61.40033,63.95311,62.64982,69.35416,60.53924,63.97656,64.84597,67.41662,63.90618,64.2573,62.03225,65.45991,62.76942,59.77458,65.45991,56.61272,63.69458,57.24509,62.76942,58.30952,56.64804,57.77543,62.16912,56.93856,59.48109,55.9464,58.00862,62.68174,56.0803,65.19202,58.60034,61.22091,59.64059,60.21628,64.44377,63.03174,59.66574,64.81512,64.66065,69.81404,66.06815,70.29225,68.62215,70.17834
11.18034,11.04536,10.0,11.04536,10.0,10.04988,10.04988,10.0,10.0,9.0,9.0,9.0,9.05539,9.05539,9.05539,9.05539,9.05539,9.05539,9.21954,9.21954,8.24621,9.21954,8.06226,8.24621,9.21954,9.21954,9.21954,9.21954,9.21954,8.06226,9.05539,9.05539,8.06226,8.06226,8.0,8.0,8.06226,7.07107,7.07107,7.07107,6.08276,6.08276,6.08276,6.32456,5.09902,5.38516,5.38516,5.38516,4.47214,4.47214,3.60555,3.60555,57.3062,55.47071,58.5235,59.05929,61.05735,52.35456,54.6443,53.85165,49.39636,49.92995,49.20366,43.82921,49.40648,49.40648,46.40043,44.68781,48.10405,47.38143,47.01064,42.44997,44.55334,41.03657,40.60788,38.94868,41.03657,46.09772,44.59821,42.0119,44.20407,42.52058,45.60702,46.69047,42.63801,41.86884,41.40048,40.31129,40.45986,39.69887,40.36087,39.05125,40.60788,36.40055,34.66987,39.11521,38.27532,30.46309,30.46309,33.61547,27.20294,26.68333,22.47221,20.88061,27.20294,22.56103,23.08679,22.09072,23.19483,47.38143,46.2277,44.04543,47.16991,47.70744,49.24429,51.62364,51.10773,54.56189,53.7122,54.626,58.18075,63.52952,60.41523,59.80803,58.94065,62.64184,61.39218,62.36185,61.40033,60.20797,66.28725,64.93843,62.16912,63.63961,61.39218,62.64982,64.38167,61.66036,62.16912,58.54912,60.40695,58.24946,59.48109,57.00877,62.64184,56.30275,59.13544,56.921,60.53924,62.64982,58.18075,64.07808,63.52952,59.03389,61.85467,61.40033,59.90826,63.63175,64.49806,61.40033,65.8635,67.97794,57.69749,62.1289,69.46222,70.17834
9.84886,8.94427,9.84886,8.94427,8.94427,8.544,8.544,8.544,8.544,8.544,8.24621,8.24621,8.24621,7.28011,7.28011,8.06226,7.07107,7.07107,7.07107,7.07107,7.07107,7.07107,7.07107,7.0,7.07107,7.0,7.0,8.06226,7.0,7.0,7.07107,7.07107,7.07107,7.07107,7.07107,7.28011,6.32456,6.32456,5.38516,5.38516,5.38516,5.38516,4.47214,4.47214,4.47214,3.60555,3.60555,3.60555,3.60555,2.82843,2.82843,2.82843,66.70832,61.52235,61.0,58.69412,55.36244,58.5235,52.39275,54.12024,44.59821,51.86521,48.10405,47.53946,50.32892,47.53946,43.86342,47.01064,50.15974,46.95743,48.76474,41.34005,44.29447,45.0,44.04543,43.04649,45.22168,43.04649,42.80187,41.86884,44.65423,45.60702,40.45986,45.60702,44.65423,42.80187,39.40812,44.10215,43.909,43.26662,39.44617,35.77709,35.8469,40.81666,42.37924,37.0,38.62642,32.69557,30.80584,30.80584,28.16026,27.45906,27.89265,24.73863,25.07987,22.02272,24.08319,19.0,19.64688,43.68066,43.93177,41.97618,48.37355,47.29693,48.50773,49.64877,49.64877,53.08484,56.0803,53.08484,51.15662,58.00862,57.03508,65.00769,56.32051,65.62012,61.52235,66.75328,60.67125,61.40033,67.08204,58.69412,64.7611,64.53681,62.80127,59.43904,63.32456,59.22837,60.01666,56.56854,64.32729,56.7186,59.3043,58.69412,59.4138,56.0803,56.00893,61.0,58.0,60.07495,54.14795,61.03278,61.52235,58.21512,61.81424,60.01666,62.96825,65.30697,62.58594,65.30697,65.73431,64.03124,54.91812,65.73431,69.857,62.36986
11.18034,11.18034,11.18034,10.19804,10.19804,10.19804,10.04988,10.04988,10.04988,10.04988,10.04988,10.04988,9.05539,9.0,9.05539,9.0,9.0,9.0,8.06226,9.0,8.0,9.0,9.0,8.06226,9.0,9.05539,9.05539,9.05539,8.06226,9.0,8.0,8.0,8.0,8.0,8.06226,8.06226,8.06226,7.28011,7.28011,7.28011,7.28011,6.32456,6.32456,6.32456,5.38516,5.38516,5.38516,4.47214,5.0,5.0,5.0,4.24264,62.93648,61.6198,57.00877,55.17246,57.62812,55.9017,53.15073,55.9017,51.40039,53.90733,46.40043,46.61545,49.40648,44.20407,48.41487,48.82622,45.45327,44.10215,43.909,45.22168,45.61798,42.48529,48.8467,41.14608,43.46263,46.09772,44.77723,45.31004,43.56604,45.54119,44.72136,45.69464,40.31129,49.65884,39.92493,41.04875,41.67733,41.67733,40.70626,36.71512,39.66106,38.60052,38.8973,36.06938,36.06938,36.06938,29.73214,31.82766,29.0,25.6125,25.80698,23.85372,23.32381,22.84732,23.25941,24.35159,22.84732,45.48626,47.63402,45.22168,48.9183,45.25483,49.51767,50.20956,53.90733,55.9017,56.0803,59.40539,61.22091,61.61169,64.14047,62.96825,61.85467,67.23095,66.64083,63.95311,66.24198,67.1193,68.02941,64.88451,70.83784,68.30813,66.70832,62.24147,67.77905,64.62198,64.88451,57.70615,62.24147,61.29437,63.97656,62.76942,54.70832,55.9464,56.4358,60.20797,63.00794,63.82006,60.87693,62.36986,61.7171,63.03174,61.6198,63.65532,60.82763,64.3506,60.82763,63.03174,61.52235,70.29225,66.06815,68.68042,70.00714,65.76473
11.40175,10.44031,10.44031,10.44031,10.44031,9.48683,9.48683,9.48683,9.48683,8.544,9.48683,9.48683,8.544,8.544,8.544,8.94427,8.06226,8.06226,8.06226,8.06226,8.06226,8.06226,8.06226,8.06226,8.06226,8.06226,8.06226,8.06226,8.06226,8.94427,7.61577,8.06226,7.61577,7.61577,7.61577,7.28011,7.28011,7.07107,6.08276,6.08276,6.08276,6.08276,6.0,6.0,5.0,5.0,5.0,5.09902,5.09902,4.12311,4.12311,4.12311,60.00833,59.9333,63.32456,60.16644,62.24147,56.0803,50.9902,55.36244,49.98,49.39636,46.48656,45.54119,48.76474,45.88028,44.92215,45.60702,48.50773,44.91102,44.14748,44.72136,47.26521,46.87217,43.41659,40.11234,41.97618,44.72136,41.0,43.04649,42.42641,46.04346,44.10215,47.26521,39.81206,41.4367,39.62323,40.26164,36.49658,38.60052,40.49691,41.10961,37.64306,37.33631,34.9285,35.34119,34.0,34.48188,33.83785,31.38471,26.40076,27.01851,24.04163,22.62742,21.26029,22.67157,18.60108,22.02272,17.80449,45.0,46.09772,46.38965,46.52956,48.83646,45.54119,45.35416,49.64877,52.81098,53.14132,55.9464,58.60034,59.46427,64.40497,61.77378,60.90156,70.3278,62.76942,63.51378,66.57327,66.4003,67.00746,64.53681,63.25346,64.38167,67.20119,63.12686,66.6033,59.81639,62.482,56.0803,61.6198,62.20129,61.7171,60.80296,55.47071,58.00862,57.3062,59.90826,59.5399,57.80138,59.09315,59.94164,59.03389,55.4617,61.84658,64.84597,60.41523,59.61543,63.07139,60.16644,68.35203,68.54196,65.55151,72.23573,64.4748,61.32699
9.84886,9.84886,9.48683,9.48683,9.48683,8.544,8.544,8.24621,8.24621,8.24621,8.544,8.24621,8.24621,8.24621,7.07107,8.06226,7.07107,7.07107,7.07107,7.07107,7.07107,7.07107,7.07107,7.0,7.07107,7.07107,7.07107,7.07107,7.07107,7.07107,7.07107,7.07107,7.07107,7.07107,7.28011,6.32456,6.7082,6.32456,5.83095,5.83095,5.83095,5.83095,5.0,5.0,5.0,4.24264,4.24264,4.24264,4.24264,4.24264,3.60555,3.60555,61.05735,60.21628,63.82006,57.3062,51.31277,54.6443,50.0,55.22681,47.20169,50.21952,49.40648,45.60702,43.41659,49.67897,44.59821,47.42362,48.08326,47.42362,43.13931,43.84062,42.52058,43.84062,43.93177,43.18565,38.94868,41.01219,43.86342,42.72002,43.41659,45.48626,37.80212,39.69887,37.80212,41.40048,43.13931,43.18565,41.10961,37.53665,42.44997,36.12478,35.38361,37.53665,40.60788,33.01515,32.64966,31.90611,32.20248,28.23119,26.40076,26.57066,27.65863,24.35159,24.5153,23.5372,25.29822,20.02498,18.0,43.01163,42.42641,43.13931,49.49747,45.96738,50.93133,50.60632,48.60041,53.00943,51.61395,58.5235,58.82176,62.20129,60.90156,61.26989,59.9333,64.41273,61.09828,61.68468,61.03278,63.32456,65.96969,65.0,67.05222,64.28841,65.14599,61.40033,61.84658,58.24088,67.35726,56.75385,60.87693,56.04463,56.75385,59.90826,58.87274,58.5235,57.77543,57.69749,56.82429,59.5063,57.70615,58.18075,56.93856,61.29437,58.24946,58.66856,59.94164,62.76942,63.60031,59.64059,62.1289,64.49806,62.26556,59.81639,65.73431,65.51336
11.18034,10.29563,10.81665,10.29563,10.29563,9.43398,9.43398,9.43398,9.43398,9.43398,9.43398,9.21954,9.21954,9.21954,8.60233,9.21954,9.21954,8.60233,8.48528,9.21954,9.21954,9.21954,8.48528,8.48528,8.48528,8.48528,8.48528,9.21954,9.21954,7.81025,8.60233,8.60233,8.60233,8.06226,8.06226,8.06226,8.06226,7.61577,6.7082,6.7082,6.32456,6.32456,6.32456,5.38516,5.09902,5.09902,5.09902,5.09902,5.09902,4.0,4.0,4.0,63.13478,55.60576,63.81222,56.93856,60.20797,53.0,54.58938,52.15362,49.64877,53.85165,46.52956,47.42362,47.85394,50.15974,42.04759,46.48656,50.28916,47.16991,43.32436,41.78516,45.60702,42.72002,41.48494,40.80441,43.9659,43.56604,39.62323,43.41659,43.01163,43.56604,41.59327,39.05125,39.29377,42.05948,40.26164,41.4367,41.4367,41.78516,39.56008,41.59327,36.76955,36.35932,34.48188,34.0147,34.66987,32.20248,32.80244,29.83287,26.24881,24.08319,21.93171,24.20744,24.75884,22.02272,19.20937,21.9545,20.12461,45.35416,45.31004,47.01064,48.46648,45.61798,52.80152,51.10773,48.37355,56.0803,52.15362,55.22681,57.42822,58.24946,61.40033,63.12686,63.65532,61.84658,64.3506,63.70243,66.6033,63.65532,68.593,64.44377,62.28965,65.29931,63.78087,66.4003,66.21933,61.40033,63.03174,57.00877,60.959,57.31492,60.87693,60.10824,60.959,55.17246,57.48913,61.84658,62.00806,59.81639,56.85948,60.0,58.83026,55.60576,55.0,60.46487,63.28507,63.13478,65.0,65.76473,63.95311,68.8186,62.68174,65.36819,65.8635,59.36329
12.08305,10.77033,10.77033,10.77033,10.77033,10.77033,9.84886,9.48683,9.48683,9.48683,9.48683,9.21954,9.21954,9.21954,9.21954,9.21954,9.05539,9.05539,9.05539,8.24621,8.24621,9.21954,8.24621,9.05539,9.05539,9.05539,9.05539,9.05539,9.05539,8.06226,8.24621,8.24621,8.24621,8.24621,8.544,7.61577,7.61577,7.61577,6.7082,6.7082,6.7082,6.7082,5.83095,5.83095,5.83095,5.0,5.0,5.65685,4.24264,4.24264,4.24264,4.24264,62.64982,62.76942,60.00833,59.09315,57.69749,53.22593,53.23533,55.9464,51.97115,49.09175,47.41308,46.14109,50.24938,45.27693,47.16991,46.8615,44.20407,46.09772,44.20407,43.41659,48.08326,42.63801,46.8615,42.44997,44.82187,45.25483,43.18565,43.27817,43.86342,46.01087,43.13931,43.27817,42.42641,39.05125,40.36087,46.09772,40.0,42.63801,37.44329,37.80212,34.1321,36.05551,36.05551,33.54102,36.67424,31.30495,29.54657,30.08322,29.73214,25.4951,23.08679,23.5372,23.19483,19.0263,21.2132,16.0,19.0,43.82921,45.17743,47.88528,52.7731,48.8467,49.98,52.81098,49.76947,56.64804,54.23099,57.97413,55.54278,62.0967,62.36986,63.95311,65.11528,69.05071,64.49806,66.28725,64.38167,68.11755,66.27217,64.03124,66.06815,64.19502,64.19502,63.0,63.03174,63.07139,64.19502,59.03389,66.1211,62.28965,62.39391,65.27634,58.69412,57.70615,60.16644,59.22837,58.94065,62.36185,60.72891,62.96825,65.55151,58.87274,64.51356,61.68468,62.64982,66.48308,62.76942,65.0,64.41273,68.02941,61.7414,69.77822,72.89719,66.24198
11.0,11.04536,10.04988,10.0,10.04988,10.04988,10.04988,9.05539,9.05539,9.05539,9.05539,9.21954,9.05539,9.05539,8.06226,9.21954,8.24621,8.24621,8.24621,8.24621,8.24621,8.24621,8.24621,8.24621,8.24621,8.24621,8.24621,8.24621,8.24621,8.24621,8.06226,8.06226,8.06226,7.07107,8.06226,8.0,8.0,7.0,7.07107,6.08276,6.08276,6.08276,6.08276,6.08276,5.09902,5.38516,5.38516,4.47214,4.47214,4.47214,4.47214,4.47214,65.94695,57.98276,58.0,58.79626,57.31492,58.41233,49.67897,55.9017,49.0408,45.34314,48.79549,49.40648,51.61395,47.80167,45.22168,44.94441,45.48626,47.50789,46.61545,41.67733,48.02083,43.909,44.29447,43.909,40.70626,42.54409,39.35734,42.15448,43.82921,44.38468,43.41659,46.95743,38.47077,40.71855,40.70626,40.80441,41.14608,41.04875,38.41875,36.12478,36.61967,34.71311,35.38361,33.24154,32.01562,30.4795,29.83287,28.6007,29.96665,24.41311,22.36068,23.76973,24.16609,18.68154,22.56103,21.09502,20.22375,41.67733,46.32494,41.40048,49.0408,47.01064,47.01064,48.83646,50.20956,58.72819,51.62364,52.34501,57.48913,60.959,60.44005,63.00794,61.03278,65.19202,65.8635,62.76942,61.26989,61.7171,67.97794,64.88451,63.07139,66.21178,61.32699,64.41273,60.83584,59.9333,61.29437,54.20332,63.07139,56.79789,56.4358,57.80138,61.40033,57.14018,56.85948,60.21628,57.2014,61.7171,54.03702,58.89822,58.0517,54.81788,57.28001,60.1415,59.5483,63.78087,66.48308,63.63961,64.3506,64.3506,60.10824,63.65532,62.24147,62.93648
10.29563,10.29563,10.29563,10.29563,8.94427,8.94427,8.94427,8.544,8.544,8.544,8.544,8.544,8.544,8.544,7.61577,8.24621,8.24621,7.28011,8.24621,8.24621,8.24621,8.24621,7.28011,8.24621,8.24621,7.07107,8.06226,7.28011,8.24621,7.07107,7.28011,7.28011,7.28011,7.28011,6.32456,6.7082,6.7082,5.83095,5.83095,5.83095,5.0,5.0,5.0,4.24264,4.24264,4.24264,4.24264,3.60555,3.60555,3.60555,3.16228,3.16228,65.00769,59.0,63.1981,54.0,63.00794,49.0,57.0,55.00909,52.23983,48.25971,50.24938,48.6621,48.6621,49.81967,49.0408,45.89118,48.37355,46.32494,45.12206,43.9659,44.94441,43.86342,46.48656,41.10961,41.97618,40.49691,40.31129,45.31004,41.4367,44.77723,41.23106,40.49691,41.76123,42.72002,42.54409,45.60702,42.95346,40.26164,38.07887,34.9285,37.48333,35.35534,37.12142,37.21559,32.06244,28.0,27.16616,31.40064,27.01851,24.18677,26.07681,22.80351,24.33105,23.25941,22.80351,20.61553,19.72308,46.09772,42.57934,45.01111,46.27094,47.01064,46.01087,50.08992,46.0,53.46027,54.08327,55.22681,57.27128,58.85576,61.98387,60.63827,59.48109,63.78871,59.20304,62.36986,64.51356,64.51356,64.62198,63.15853,61.46544,66.30988,59.46427,57.58472,60.74537,57.93962,59.46427,57.00877,60.00833,58.5235,54.70832,57.00877,57.24509,54.70832,57.07013,61.13101,59.84146,59.5399,56.00893,59.21149,61.40033,57.42822,58.07753,59.03389,57.0,63.00794,62.00806,61.0082,66.00758,61.03278,61.0,61.03278,62.0,66.0
10.81665,10.81665,10.29563,10.81665,10.81665,10.29563,10.29563,9.43398,9.84886,9.84886,9.84886,9.84886,9.84886,8.94427,8.94427,9.48683,8.544,8.544,8.24621,8.544,8.544,8.24621,8.24621,8.24621,9.21954,8.24621,8.24621,8.24621,8.24621,8.24621,8.544,8.544,8.544,7.61577,7.61577,7.61577,7.61577,7.2111,7.2111,7.2111,6.40312,6.40312,6.40312,5.83095,5.0,5.65685,5.65685,5.0,5.0,5.0,5.0,4.47214,64.28841,59.66574,63.90618,54.70832,57.00877,50.28916,57.38467,54.12024,47.43416,50.21952,48.8467,50.11986,51.42956,48.33218,44.28318,47.41308,46.52956,44.77723,43.41659,45.80393,42.2019,42.72002,43.18565,41.7732,44.40721,45.80393,41.86884,41.10961,39.05125,42.52058,37.64306,41.7732,41.7732,40.60788,41.6173,40.22437,42.43819,36.61967,40.22437,37.21559,38.41875,32.64966,35.77709,36.40055,33.61547,34.9285,32.31099,26.92582,27.20294,26.24881,25.29822,22.84732,22.2036,21.58703,20.0,19.0,14.03567,47.80167,46.38965,46.09772,51.15662,48.0,48.09366,47.16991,52.08647,52.00961,56.00893,57.21888,58.30952,61.20457,62.28965,63.50591,59.13544,62.39391,64.93843,63.95311,63.63961,61.39218,65.30697,61.39218,66.70832,64.53681,64.28841,63.34824,59.66574,62.8172,61.98387,56.7186,61.0,61.52235,61.40033,65.27634,58.13777,60.13319,57.00877,62.00806,64.12488,60.03332,61.29437,60.20797,62.80127,59.03389,66.75328,64.62971,63.34824,65.0,66.09841,64.53681,61.98387,66.70832,58.46366,68.62215,64.7611,69.857
11.40175,11.18034,11.18034,11.40175,10.19804,10.19804,10.19804,10.04988,10.04988,9.05539,10.04988,10.0,9.05539,9.05539,9.05539,9.0,9.0,9.0,9.05539,9.0,9.0,9.05539,8.06226,9.05539,9.05539,9.05539,9.05539,8.0,9.0,9.05539,8.0,8.0,8.0,8.0,8.0,8.06226,8.06226,7.07107,7.28011,7.28011,7.28011,6.32456,6.32456,6.32456,5.38516,5.38516,5.38516,4.47214,4.47214,4.47214,4.47214,4.24264,60.92618,57.77543,57.3062,54.12024,57.80138,57.70615,50.24938,55.56978,51.0,50.24938,48.60041,46.8615,47.01064,45.0,44.94441,44.82187,48.01042,46.40043,48.79549,40.36087,46.01087,40.36087,44.82187,45.27693,40.45986,42.52058,38.8973,42.63801,41.03657,40.60788,40.45986,44.68781,38.8973,45.34314,38.8973,41.7732,41.03657,41.72529,36.79674,40.60788,36.05551,34.98571,39.35734,33.12099,35.77709,30.52868,33.10589,26.83282,27.85678,24.16609,24.35159,20.88061,25.0,18.11077,17.46425,18.0,21.0238,45.60702,46.04346,43.26662,49.73932,43.41659,48.30114,51.42956,48.8467,53.31041,48.10405,56.921,57.87055,60.08328,61.40033,65.14599,57.48913,65.0,58.85576,63.06346,66.4906,66.75328,66.75328,61.40033,64.49806,64.03124,61.40033,63.1981,65.27634,59.00847,63.28507,58.21512,61.29437,59.5399,60.41523,61.40033,59.43904,56.51548,58.69412,61.61169,61.98387,66.09841,55.54278,62.03225,61.7414,58.60034,58.69412,64.41273,59.48109,64.49806,64.41273,65.79514,64.84597,68.88396,59.68249,65.0,70.66116,59.05929
10.63015,10.63015,9.89949,9.89949,9.89949,9.21954,9.21954,8.48528,8.48528,9.21954,9.21954,9.21954,7.81025,7.81025,7.81025,8.60233,8.06226,8.06226,8.06226,8.06226,7.2111,8.06226,8.06226,7.61577,8.06226,8.06226,8.06226,7.2111,7.2111,8.06226,7.2111,7.2111,7.2111,7.2111,7.81025,7.07107,7.07107,6.40312,6.40312,6.40312,6.40312,5.83095,5.83095,5.83095,4.47214,4.47214,4.47214,4.47214,4.12311,4.12311,4.12311,4.12311,55.54278,62.58594,63.63961,61.18823,55.44367,56.56854,47.38143,57.55867,48.83646,47.07441,49.25444,46.27094,49.0102,47.01064,45.17743,51.0392,45.01111,43.04649,43.01163,45.09989,46.52956,41.30375,40.31129,41.4367,40.11234,43.18565,44.28318,41.7732,43.28972,44.38468,43.73786,42.29657,36.12478,41.7732,38.63936,41.10961,38.0526,36.12478,38.0526,39.01282,37.05401,38.0,34.52535,31.257,32.01562,30.80584,31.7805,30.41381,28.4605,27.313,26.68333,26.92582,21.2132,24.59675,19.41649,20.51828,17.69181,43.01163,45.27693,43.28972,45.89118,47.29693,46.57252,45.35416,50.59644,52.55473,54.08327,55.36244,55.36244,59.23681,55.9464,62.64982,59.9333,60.37384,61.77378,63.52952,62.96825,61.85467,65.0,61.91123,64.89992,62.20129,63.28507,62.43397,61.85467,58.24946,64.14047,58.83026,59.90826,57.80138,58.66856,61.29437,56.79789,57.77543,61.32699,58.69412,58.82176,58.87274,60.63827,62.96825,58.82176,58.94065,64.7611,61.84658,62.36986,62.36986,62.8172,63.15061,70.03571,66.94027,63.78871,63.32456,64.56005,62.58594
11.31371,11.40175,10.63015,11.31371,10.63015,10.63015,10.0,10.0,10.0,10.0,10.0,9.43398,9.43398,9.43398,9.43398,9.43398,8.94427,8.06226,8.94427,8.94427,8.94427,8.94427,8.06226,8.94427,8.94427,8.94427,8.94427,8.94427,9.43398,8.94427,8.60233,8.60233,8.60233,8.60233,7.81025,7.81025,7.81025,7.81025,7.07107,7.07107,6.40312,6.40312,6.40312,6.40312,5.83095,5.0,5.83095,5.38516,4.47214,4.47214,4.47214,4.12311,65.62012,60.20797,62.07254,57.03508,55.00909,54.00926,52.23983,60.03332,48.04165,47.0,47.38143,47.16991,51.08816,46.38965,44.04543,44.72136,46.09772,43.73786,45.70558,45.35416,44.92215,43.17407,41.23106,44.64303,42.2019,44.38468,38.60052,40.80441,42.37924,42.72002,39.39543,43.01163,41.4367,43.68066,38.60052,43.56604,39.81206,41.0,41.7732,36.34556,35.35534,35.12834,41.04875,33.0,34.1321,28.63564,32.75668,27.29469,25.31798,22.56103,24.5153,22.47221,25.0,19.92486,21.18962,20.12461,18.35756,45.17743,46.09772,50.15974,50.08992,48.50773,49.36598,48.37355,47.38143,53.46027,53.15073,54.12024,53.60037,60.87693,60.16644,63.60031,59.48109,65.80274,65.19202,66.30988,63.90618,66.70832,66.30988,58.69412,62.6099,61.7171,65.39113,62.64982,68.47627,58.13777,63.15853,58.69412,63.97656,59.80803,57.00877,59.80803,58.18935,59.13544,59.48109,56.75385,59.03389,62.36986,58.85576,63.50591,64.38167,58.54912,57.21888,62.28965,66.1211,65.00769,66.48308,63.1981,67.47592,67.47592,62.28965,68.593,69.18092,67.00746
10.19804,10.19804,10.19804,10.19804,9.21954,9.21954,9.05539,9.05539,9.05539,9.05539,9.05539,8.06226,9.0,8.0,8.0,8.0,8.0,8.0,8.06226,8.06226,8.0,8.06226,8.0,7.07107,8.06226,7.07107,7.07107,8.06226,8.06226,7.0,7.0,7.0,7.0,7.0,7.07107,7.07107,6.08276,6.08276,6.08276,6.32456,5.38516,5.38516,5.38516,4.47214,4.47214,4.47214,5.0,3.60555,4.24264,3.60555,3.60555,3.60555,56.0803,59.9333,57.80138,55.15433,56.35601,51.88449,54.12024,57.3062,53.85165,49.73932,47.88528,46.52956,48.02083,48.16638,47.20169,44.20407,46.2277,44.68781,42.52058,44.82187,45.27693,44.04543,41.72529,41.7732,39.69887,42.42641,41.86884,45.45327,41.72529,43.27817,42.52058,40.31129,41.10961,39.69887,39.62323,36.12478,41.03657,41.23106,38.60052,37.58989,39.11521,38.01316,37.58989,34.48188,33.10589,32.69557,28.79236,29.41088,26.68333,29.83287,23.76973,24.35159,26.68333,20.88061,22.2036,17.0,18.02776,45.22168,43.26662,43.82921,42.95346,47.85394,46.95743,48.33218,47.53946,55.15433,53.7122,54.78138,57.58472,62.03225,59.77458,58.82176,64.03124,59.22837,63.15061,61.98387,64.13267,61.81424,65.49046,65.9242,60.29925,64.12488,65.62012,58.21512,61.29437,65.06919,58.42089,58.21512,59.5399,56.4358,57.07013,55.44367,57.55867,57.56735,60.44005,58.82176,56.921,56.61272,62.96825,58.18935,64.07808,56.79789,58.30952,55.71355,61.7414,61.26989,68.44706,62.6099,66.64083,62.39391,66.85058,63.56099,63.06346,68.60029
11.7047,10.77033,10.77033,10.77033,10.77033,9.84886,9.84886,9.84886,9.84886,8.94427,8.94427,8.94427,8.94427,8.94427,8.06226,9.43398,8.60233,8.06226,8.60233,8.06226,8.06226,8.60233,8.60233,7.81025,8.60233,8.60233,8.60233,8.60233,8.06226,8.60233,8.06226,8.06226,8.06226,7.61577,7.61577,7.61577,7.61577,7.28011,6.32456,6.08276,6.08276,6.08276,6.08276,6.0,5.0,5.0,5.0,5.0,5.0,4.12311,4.12311,4.12311,62.6099,61.29437,61.77378,61.26989,60.41523,58.66856,53.22593,55.07268,51.47815,51.0,56.0803,52.92447,53.85165,46.8188,49.39636,47.53946,47.75982,46.8188,46.17359,42.75512,51.1957,48.27007,46.69047,41.30375,40.26164,45.35416,42.44997,40.60788,39.05125,44.55334,38.83298,42.75512,38.32754,44.91102,40.79216,40.80441,40.5216,37.85499,41.76123,37.69615,36.05551,40.70626,36.35932,32.75668,33.61547,32.75668,29.83287,29.83287,29.69848,27.01851,26.90725,24.83948,22.02272,22.80351,20.80865,17.20465,18.78829,46.17359,47.53946,44.01136,52.0,51.42956,51.47815,47.16991,47.70744,52.47857,51.31277,55.31727,59.40539,61.22091,57.48913,65.19202,60.82763,65.19202,65.06919,61.52235,64.53681,65.8559,63.70243,63.41136,62.62587,62.80127,63.12686,62.80127,65.94695,62.80127,66.70832,60.30755,64.53681,60.1415,58.13777,63.63961,61.55485,60.87693,62.28965,57.38467,61.84658,60.959,59.07622,66.28725,63.00794,62.68174,62.17717,59.68249,65.29931,61.91123,62.76942,61.91123,66.88797,70.21396,62.76942,68.50547,75.66373,67.60178
10.81665,10.81665,10.0,10.0,10.0,9.43398,10.0,10.0,9.21954,9.21954,9.21954,9.21954,8.48528,8.48528,8.48528,8.48528,8.48528,8.48528,7.81025,7.81025,7.81025,7.81025,7.81025,7.81025,7.81025,7.81025,7.81025,7.81025,7.81025,7.81025,7.81025,7.81025,7.07107,7.07107,7.81025,7.81025,7.2111,7.2111,6.7082,5.83095,6.7082,5.38516,5.38516,5.38516,5.38516,5.09902,5.09902,4.12311,4.12311,4.12311,4.0,4.0,61.39218,59.22837,62.39391,59.5399,55.7315,54.23099,54.45181,53.46027,52.15362,51.08816,49.0408,47.01064,48.09366,48.01042,47.01064,45.01111,49.09175,42.19005,42.29657,46.27094,45.35416,41.30375,44.64303,45.60702,41.10961,41.7732,41.10961,40.02499,39.84972,42.44997,38.83298,45.60702,41.23106,37.94733,43.28972,40.60788,41.30375,35.0571,38.32754,38.0526,39.01282,38.0526,38.0526,35.01428,33.73426,34.36568,27.45906,23.4094,32.75668,23.76973,26.68333,24.69818,18.68154,24.59675,17.49286,18.02776,16.27882,41.19466,45.54119,42.42641,44.28318,47.43416,48.38388,48.50773,50.96077,50.69517,52.39275,56.64804,54.42426,56.61272,60.00833,57.24509,56.79789,60.37384,61.91123,57.70615,63.50591,65.36819,62.1289,62.96825,65.8635,62.20129,61.40033,65.0,63.24555,57.98276,60.41523,55.75841,59.94164,59.94164,56.46238,59.94164,55.9017,56.79789,57.77543,57.38467,59.13544,53.14132,64.53681,64.03124,60.63827,60.63827,60.67125,63.95311,62.80127,58.85576,60.20797,60.82763,68.46897,65.51336,64.13267,68.06614,64.62971,61.0
12.04159,11.31371,10.63015,11.40175,10.63015,10.63015,9.89949,9.89949,9.89949,9.89949,9.89949,9.21954,9.21954,9.21954,9.21954,9.21954,9.21954,8.60233,8.60233,8.60233,8.60233,8.60233,8.60233,9.43398,8.60233,8.60233,8.60233,8.60233,9.21954,8.60233,9.21954,8.48528,8.48528,8.48528,8.48528,7.81025,7.81025,7.81025,7.2111,7.2111,7.2111,6.7082,6.7082,5.83095,5.83095,5.38516,5.38516,5.38516,4.47214,4.12311,4.12311,4.12311,68.96376,65.25335,59.5399,60.41523,56.29387,56.04463,51.97115,54.58938,52.7731,52.46904,53.33854,46.38965,50.15974,47.09565,43.18565,46.09772,48.16638,44.18144,46.01087,44.0,44.10215,45.09989,45.17743,45.01111,43.01163,44.10215,43.01163,39.45884,38.32754,43.41659,45.17743,44.10215,40.1995,44.04543,39.01282,41.4367,43.10452,39.11521,42.0119,36.34556,36.22154,37.65634,36.13862,35.51056,33.52611,32.89377,29.15476,29.54657,27.29469,26.83282,21.0238,21.9545,20.61553,22.2036,21.40093,19.10497,16.40122,46.04346,44.01136,42.0,45.0,45.27693,50.24938,51.0098,50.63596,53.75872,50.63596,55.57877,54.91812,58.69412,60.16644,61.40033,60.16644,69.26038,60.53924,62.29767,63.56099,64.62198,67.1193,62.6099,65.76473,62.6099,62.64982,61.05735,62.17717,60.03332,63.13478,57.69749,59.48109,60.53924,62.03225,61.46544,57.38467,54.626,61.03278,60.16644,62.64184,61.98387,57.28001,65.30697,60.41523,59.43904,59.5399,60.40695,59.43904,61.0,62.96825,68.65858,66.4906,66.4906,58.69412,67.05222,75.66373,69.42622
11.18034,10.29563,9.84886,9.84886,9.84886,8.94427,9.84886,9.84886,8.94427,8.544,8.544,9.48683,8.24621,8.24621,8.24621,8.24621,8.24621,8.24621,8.06226,8.06226,8.24621,8.06226,8.06226,8.06226,8.06226,8.06226,8.06226,8.06226,8.06226,8.24621,8.24621,8.24621,8.24621,7.28011,7.61577,7.61577,7.61577,6.7082,6.7082,6.7082,5.83095,5.83095,5.83095,5.0,5.65685,4.24264,5.0,5.0,4.24264,4.24264,4.47214,3.60555,60.01666,57.72348,60.44005,57.87055,59.66574,54.12024,55.65968,52.49762,53.85165,47.75982,48.46648,51.26402,51.86521,51.62364,51.5461,46.06517,47.85394,44.77723,44.28318,48.30114,45.27693,43.56604,40.60788,45.60702,44.94441,43.60046,43.909,46.61545,43.56604,44.40721,42.72002,45.80393,44.40721,41.88078,42.43819,42.72002,41.04875,42.05948,38.07887,40.31129,41.62932,36.68787,33.52611,35.1141,30.36445,35.35534,29.83287,31.40064,24.33105,23.19483,26.07681,25.01999,23.02173,22.0,21.0238,21.84033,17.08801,42.72002,40.5216,44.59821,43.73786,44.14748,45.54119,46.69047,48.6621,51.1957,50.01,53.15073,54.14795,56.0357,60.13319,59.00847,58.03447,61.0082,58.07753,58.00862,61.66036,61.66036,63.50591,61.66036,63.95311,62.16912,62.96825,60.53098,58.54912,58.69412,61.52235,60.67125,58.30952,58.13777,59.3043,58.13777,57.21888,55.00909,58.03447,58.0,60.07495,55.14526,57.70615,57.70615,61.98387,56.56854,60.20797,57.55867,63.15061,62.16912,65.11528,64.53681,69.42622,63.56099,64.32729,64.7611,63.78871,64.53681
11.7047,10.44031,10.44031,10.44031,10.44031,10.44031,10.19804,10.19804,9.21954,10.04988,9.21954,9.05539,9.05539,9.05539,9.05539,9.0,9.0,9.0,9.0,9.0,9.0,9.05539,9.0,9.05539,9.0,9.0,9.0,9.0,9.0,9.0,8.0,9.0,9.0,8.0,8.06226,8.06226,7.28011,7.07107,7.28011,7.28011,6.32456,6.32456,6.32456,5.38516,5.38516,5.38516,4.47214,4.47214,4.47214,4.47214,3.60555,3.60555,60.01666,59.66574,60.44005,56.51548,59.20304,56.88585,54.12024,58.24088,48.76474,51.92302,47.75982,49.0408,51.92302,46.61545,46.48656,45.31004,46.06517,45.31004,50.15974,47.50789,45.27693,43.82921,44.82187,44.40721,41.67733,43.56604,42.72002,45.60702,44.04543,45.0,44.65423,42.43819,42.2019,43.26662,39.96248,41.88078,42.72002,40.49691,40.81666,42.94182,38.91015,35.17101,34.48188,34.17601,33.24154,31.62278,34.52535,33.24154,30.26549,31.14482,26.07681,27.01851,21.0,20.02498,21.0238,21.2132,20.88061,43.32436,44.92215,43.32436,45.60702,43.41659,43.41659,46.09772,46.87217,51.35173,49.16299,52.00961,53.03772,61.07373,60.0,58.0,57.03508,61.03278,60.29925,61.40033,57.55867,58.85576,67.60178,60.20797,60.41523,59.03389,62.16912,61.0,57.70615,57.70615,59.03389,57.70615,59.03389,56.14268,58.30952,59.13544,60.13319,55.00909,59.00847,59.0,59.3043,60.00833,59.3043,58.69412,59.84146,55.57877,58.69412,60.41523,62.58594,58.46366,61.68468,60.41523,64.28841,68.24954,60.41523,69.12308,68.00735,66.76077
10.44031,10.44031,10.44031,9.48683,9.48683,9.48683,9.84886,9.84886,8.94427,8.94427,9.84886,8.94427,8.94427,8.06226,8.06226,9.43398,8.60233,8.60233,7.81025,8.60233,8.06226,8.60233,8.60233,7.81025,8.60233,8.60233,8.60233,8.60233,8.60233,8.60233,7.2111,7.2111,8.06226,7.2111,7.61577,7.61577,7.61577,6.32456,6.32456,6.32456,6.08276,6.08276,5.09902,5.09902,5.09902,4.0,4.0,4.0,4.0,3.0,3.16228,3.16228,60.53924,61.84658,64.40497,61.85467,59.05929,61.05735,56.30275,59.90826,51.31277,55.56978,52.3259,52.3259,55.00909,48.33218,48.30114,47.16991,49.98,50.92151,47.43416,42.37924,51.66237,43.01163,43.68066,41.23106,43.9659,46.17359,43.73786,44.38468,46.09772,47.67599,45.39824,46.69047,43.17407,46.57252,46.09772,46.57252,43.01163,40.80441,41.10961,41.23106,44.38468,43.82921,37.57659,34.88553,35.22783,31.7805,38.83298,31.38471,31.14482,28.6007,27.45906,24.41311,24.75884,22.80351,22.67157,21.63331,25.0,44.77723,46.64762,45.17743,47.50789,46.8615,48.27007,46.40043,50.9902,53.8145,51.22499,58.0517,58.0,60.82763,60.1415,61.84658,57.00877,66.06815,59.66574,65.60488,66.85058,66.28725,65.73431,61.58734,65.19202,66.03787,65.73431,61.91123,62.76942,61.91123,64.3506,54.6443,64.07027,58.24946,57.2014,60.80296,57.80138,56.0803,61.55485,57.28001,55.97321,63.03174,58.0517,61.7171,63.25346,63.25346,66.61081,63.60031,64.66065,66.0303,66.4003,67.1193,63.24555,67.1193,65.19202,67.42403,74.33034,71.56116
10.77033,10.77033,10.77033,10.77033,9.84886,9.84886,9.84886,8.94427,8.94427,8.94427,8.94427,9.43398,9.43398,8.60233,8.60233,8.60233,8.60233,8.60233,8.60233,8.60233,8.60233,8.60233,7.81025,8.48528,9.21954,7.81025,8.48528,9.21954,9.21954,7.81025,8.60233,8.60233,8.60233,8.60233,8.06226,8.06226,8.06226,7.61577,6.7082,6.7082,6.32456,6.32456,6.32456,5.38516,5.38516,5.09902,5.09902,5.09902,5.09902,4.12311,4.0,4.0,67.26812,63.25346,58.83026,58.0,57.98276,56.85948,60.53924,53.00943,53.25411,51.10773,48.37355,50.24938,52.35456,50.9902,48.76474,47.42362,49.0408,48.38388,45.69464,46.23851,46.48656,47.75982,42.95346,44.59821,41.4367,44.92215,44.64303,41.7732,45.88028,46.69047,40.5216,43.01163,42.44997,45.22168,42.37924,43.46263,43.08132,45.88028,44.59821,40.70626,38.01316,39.66106,39.11521,34.98571,33.42155,32.55764,31.89044,33.01515,31.241,24.75884,28.01785,24.69818,25.4951,24.83948,21.26029,21.9545,17.46425,43.01163,44.38468,47.53946,45.17743,47.88528,47.01064,48.01042,53.25411,51.61395,55.21775,59.07622,56.61272,60.80296,60.60528,61.6198,62.93648,60.82763,64.38167,63.78087,63.25346,62.00806,64.03124,68.0147,65.43699,65.0,64.03124,64.40497,59.20304,64.07027,63.41136,58.89822,60.30755,61.40033,60.60528,64.03124,59.5483,59.4138,56.56854,58.13777,64.2028,59.46427,58.82176,60.1415,65.29931,60.60528,67.95587,65.80274,64.63745,66.57327,65.73431,70.17834,71.86793,67.62396,63.82006,67.41662,68.26419,68.8186
12.08305,12.08305,11.18034,11.18034,11.18034,10.29563,10.29563,10.29563,10.29563,9.43398,9.43398,9.43398,10.0,10.0,10.0,9.21954,9.21954,9.21954,9.21954,9.21954,9.21954,9.89949,8.48528,8.48528,9.89949,8.48528,9.21954,9.21954,9.89949,8.48528,9.21954,9.21954,9.21954,8.60233,8.60233,8.60233,8.06226,8.06226,8.06226,8.06226,6.7082,6.7082,6.7082,6.32456,5.38516,5.38516,5.38516,5.38516,5.09902,5.09902,4.12311,4.12311,65.76473,59.94164,64.41273,53.53504,60.82763,55.9464,55.07268,57.3062,52.3259,50.08992,48.75449,48.08326,46.8188,44.59821,46.48656,46.84015,46.48656,43.17407,46.17359,45.22168,45.60702,44.38468,44.10215,45.54119,41.59327,42.75512,38.47077,44.55334,40.4475,43.10452,42.75512,46.69047,42.19005,41.30375,39.05125,45.60702,42.95346,43.93177,39.84972,39.92493,36.05551,36.24914,41.59327,35.8469,36.67424,31.38471,30.0,32.44996,25.0,27.01851,29.06888,26.90725,21.2132,22.67157,20.51828,22.47221,24.20744,45.89118,46.8188,44.64303,49.76947,45.18849,51.47815,51.88449,54.56189,55.00909,54.58938,55.47071,57.68882,66.28725,67.6757,65.21503,59.81639,62.62587,61.22091,69.31089,62.96825,64.44377,64.38167,63.78087,65.79514,65.19202,67.17887,62.482,65.11528,60.82763,67.26812,57.31492,67.26812,61.52235,58.72819,61.6198,57.38467,56.63921,56.72742,64.38167,60.21628,63.82006,59.90826,61.05735,65.0,65.0,57.98276,62.68174,63.52952,65.36819,61.40033,64.3506,63.81222,68.88396,60.41523,70.66116,70.71068,66.24198
10.19804,9.05539,10.04988,9.05539,10.04988,9.05539,9.0,8.0,8.0,9.0,8.0,8.0,8.0,8.06226,7.07107,8.06226,7.07107,8.06226,7.28011,7.28011,7.28011,7.28011,7.07107,7.28011,7.28011,7.28011,7.28011,8.24621,7.28011,7.07107,7.07107,7.07107,7.07107,7.07107,7.0,7.0,7.0,6.0,6.08276,6.08276,6.08276,5.09902,5.09902,4.12311,4.12311,4.12311,4.47214,4.47214,4.47214,3.60555,3.60555,3.60555,63.03174,64.53681,65.19202,58.89822,63.25346,56.72742,55.22681,56.0803,54.45181,51.66237,47.38143,48.16638,52.49762,50.0,45.34314,50.0,50.21952,46.04346,43.60046,44.77723,45.79301,44.94441,44.29447,43.82921,46.14109,41.40048,43.56604,45.65085,43.82921,44.28318,44.77723,45.17743,44.28318,44.72136,45.22168,41.67733,40.70626,40.81666,42.63801,41.86884,37.48333,37.48333,38.8973,34.71311,34.71311,31.06445,32.20248,31.241,26.40076,26.83282,25.4951,26.07681,22.2036,22.36068,20.61553,21.54066,20.02498,42.63801,44.04543,44.59821,48.10405,49.57822,49.20366,46.01087,45.34314,53.15073,54.20332,57.80138,57.42822,61.91123,61.40033,62.26556,62.6099,65.76473,64.07808,66.64083,64.07808,64.2573,67.06713,68.00735,66.40783,67.77905,62.03225,61.84658,63.24555,62.64184,62.93648,62.96825,60.74537,62.29767,56.36488,59.5063,56.46238,59.03389,58.13777,58.30952,54.70832,61.05735,58.41233,61.91123,63.82006,60.80296,56.61272,61.22091,66.06815,62.96825,65.43699,65.11528,67.17887,70.80254,63.25346,67.20119,66.21933,67.47592
11.40175,10.19804,10.19804,10.19804,10.19804,10.19804,10.19804,9.05539,9.05539,9.05539,9.05539,9.05539,9.0,9.0,9.0,9.0,9.0,9.0,9.05539,9.05539,9.05539,9.05539,8.06226,9.05539,9.05539,9.05539,9.05539,9.05539,9.05539,8.06226,8.06226,9.05539,9.0,8.0,8.0,8.06226,8.06226,7.07107,7.07107,7.07107,6.32456,6.32456,6.08276,5.38516,5.38516,5.38516,4.47214,4.47214,4.47214,4.47214,4.47214,3.60555,65.14599,61.13101,62.36185,61.68468,55.65968,57.00877,48.10405,53.45091,51.86521,51.24451,51.62364,50.08992,48.37355,47.01064,47.16991,45.27693,49.1935,45.22168,44.65423,44.29447,47.80167,38.01316,45.34314,40.22437,40.22437,43.41659,42.0119,41.86884,41.23106,46.61545,43.82921,48.16638,40.80441,41.23106,40.22437,43.26662,37.20215,41.04875,41.67733,39.44617,35.77709,37.69615,34.17601,36.67424,38.62642,32.57299,30.59412,29.41088,34.23449,23.5372,25.4951,24.35159,24.33105,24.0,21.0,22.2036,22.09072,45.65085,45.69464,44.94441,50.0,46.17359,51.66237,48.50773,49.47727,53.36666,52.63079,55.9017,57.70615,59.84146,61.29437,62.20129,58.03447,67.02984,61.07373,65.00769,62.28965,65.03076,62.20129,61.07373,64.28063,64.38167,63.12686,62.16912,69.26038,58.42089,63.28507,55.44367,63.00794,57.0,64.00781,62.0,62.03225,56.0803,56.0357,59.07622,56.22277,63.63961,58.69412,65.11528,62.36986,67.18631,61.0,66.4906,62.93648,62.29767,61.13101,61.68468,65.25335,67.68309,61.84658,67.44627,68.30813,66.94027
10.63015,10.63015,9.89949,10.63015,9.89949,9.89949,9.89949,9.21954,9.21954,8.60233,9.21954,9.21954,8.60233,8.60233,8.60233,8.60233,8.60233,8.60233,8.06226,8.06226,8.06226,8.06226,8.06226,8.06226,8.06226,8.06226,8.06226,8.06226,8.06226,8.60233,7.2111,7.81025,7.81025,7.81025,7.81025,7.07107,7.81025,7.07107,6.40312,6.40312,5.83095,5.83095,5.83095,5.83095,5.38516,5.38516,5.38516,4.47214,4.12311,4.12311,4.12311,4.0,61.40033,56.7186,59.00847,59.03389,57.14018,58.00862,48.09366,57.07889,52.00961,51.0098,47.0,48.50773,49.16299,43.10452,45.27693,43.68066,46.52956,46.69047,43.93177,43.93177,45.54119,42.44997,45.54119,41.7732,43.41659,42.95346,41.0,42.72002,38.8973,46.48656,44.38468,45.88028,37.65634,41.4367,38.8973,44.72136,43.41659,40.1995,43.41659,38.32754,39.45884,37.0,38.0526,34.0,35.22783,30.26549,31.04835,28.28427,29.83287,25.70992,23.34524,25.63201,22.80351,16.55295,20.61553,21.47091,19.10497,43.9659,42.44997,42.29657,46.04346,44.18144,49.25444,46.0,53.00943,50.01,53.00943,52.08647,58.21512,58.13777,59.5399,63.50591,60.87693,63.56099,56.75385,67.18631,62.93648,62.29767,62.62587,59.61543,62.93648,65.9242,63.60031,62.39391,70.38466,55.15433,63.32456,51.26402,63.90618,61.35145,57.56735,55.36244,58.18935,53.16014,55.57877,59.22837,58.0517,61.18823,56.56854,58.85576,59.03389,59.4138,63.12686,64.12488,62.39391,60.40695,58.54912,65.06919,62.00806,66.18912,56.22277,64.19502,68.26419,63.1981
10.29563,9.43398,10.0,9.43398,9.43398,8.60233,8.60233,7.81025,7.81025,7.81025,7.81025,7.81025,7.81025,8.48528,7.07107,7.81025,7.2111,7.2111,7.81025,7.81025,7.2111,7.2111,7.2111,7.2111,7.81025,7.2111,7.2111,7.81025,7.81025,7.2111,7.81025,7.81025,7.81025,7.07107,7.07107,7.07107,6.40312,6.40312,5.83095,5.83095,5.83095,5.83095,5.83095,4.47214,4.47214,4.47214,4.12311,4.12311,4.12311,3.0,3.0,3.0,64.07808,59.36329,65.0,59.9333,55.71355,55.9464,54.626,58.30952,47.92703,50.28916,44.38468,49.0408,53.45091,48.76474,47.29693,44.14748,48.09366,48.09366,42.57934,45.70558,47.26521,45.04442,43.28972,47.0,44.10215,49.36598,42.42641,45.01111,46.04346,43.01163,45.04442,45.09989,48.0,48.01042,41.30375,43.41659,43.56604,45.35416,41.23106,41.48494,42.2019,38.62642,40.16217,37.33631,38.07887,31.7805,34.0,36.67424,32.24903,25.80698,27.80288,25.6125,24.41311,22.80351,24.20744,20.80865,20.51828,42.29657,43.73786,43.17407,48.50773,47.53946,48.70318,45.61798,50.15974,57.70615,50.32892,58.13777,60.41523,56.85948,65.36819,60.90156,56.22277,63.60031,59.64059,62.00806,57.28001,61.6198,68.62215,57.31492,58.0517,60.87693,64.44377,63.63961,67.26812,56.58622,63.65532,54.56189,59.4138,56.56854,60.87693,59.46427,59.66574,54.81788,57.42822,61.29437,59.05929,65.51336,56.60389,59.5399,63.52952,57.24509,64.41273,59.68249,61.46544,65.39113,60.83584,62.76942,64.84597,67.60178,54.56189,67.41662,66.70832,65.79514
11.31371,11.31371,11.31371,11.31371,9.89949,9.89949,9.89949,9.21954,9.21954,9.21954,9.21954,10.0,10.0,8.60233,9.21954,9.43398,8.94427,8.06226,8.94427,9.43398,8.60233,8.94427,8.06226,8.94427,8.94427,8.94427,8.94427,9.43398,9.43398,8.94427,8.60233,8.60233,8.60233,8.60233,8.60233,7.81025,7.81025,7.81025,7.07107,7.07107,6.40312,6.40312,6.40312,6.40312,5.83095,5.83095,5.83095,5.38516,5.38516,4.47214,4.47214,4.12311,61.98387,57.70615,64.03124,58.46366,58.24088,53.60037,54.91812,55.10898,51.35173,53.15073,50.24938,49.36598,51.35173,44.18144,44.72136,43.10452,50.03998,42.04759,47.01064,41.19466,45.09989,40.11234,44.10215,44.72136,44.18144,43.41659,44.04543,45.39824,44.72136,42.19005,42.29657,41.59327,41.4367,43.28972,41.19466,45.01111,41.19466,40.0125,45.39824,39.11521,36.22154,38.83298,38.07887,37.64306,38.07887,30.67572,32.57299,31.04835,30.08322,26.92582,23.70654,22.47221,26.07681,17.08801,23.60085,21.40093,19.20937,46.17359,43.04649,43.18565,48.0,51.24451,47.26521,48.09366,52.03845,57.27128,53.75872,58.46366,59.90826,61.18823,62.36185,62.62587,59.03389,64.4748,60.92618,66.30988,62.6099,63.50591,65.39113,61.58734,64.49806,63.81222,68.44706,62.68174,65.8635,60.21628,65.51336,59.05929,64.00781,61.26989,58.13777,58.59181,60.92618,55.03635,57.87055,60.16644,59.46427,64.51356,57.24509,61.35145,60.63827,61.61169,61.68468,63.89053,61.98387,63.63961,62.36986,62.80127,66.91039,65.73431,62.36185,68.41053,68.73136,70.0928
10.04988,9.05539,10.04988,10.04988,9.05539,9.05539,9.0,8.0,8.0,8.0,8.0,8.0,8.06226,8.06226,7.07107,8.06226,7.07107,7.07107,7.28011,7.28011,7.07107,7.28011,7.07107,7.28011,8.06226,7.28011,7.07107,7.28011,7.28011,7.07107,7.07107,7.07107,7.07107,7.0,7.0,7.07107,7.07107,6.08276,6.08276,6.08276,5.38516,5.38516,5.38516,4.47214,4.47214,4.47214,4.47214,4.47214,3.60555,3.60555,4.24264,3.60555,66.48308,57.31492,61.84658,57.28001,57.31492,55.17246,52.80152,56.72742,53.8145,52.80152,46.09772,46.8615,46.8615,47.20169,45.80393,47.16991,46.14109,44.28318,46.32494,40.24922,45.18849,42.94182,42.05948,40.71855,41.14608,41.62932,41.59327,43.68066,44.01136,46.61545,43.01163,48.46648,40.16217,44.27189,42.04759,41.62932,44.72136,42.95346,40.70626,40.22437,39.96248,37.73592,35.22783,39.20459,31.89044,33.24154,31.89044,31.82766,29.83287,26.40076,27.01851,24.69818,26.90725,21.09502,23.60085,20.0,17.88854,40.24922,44.10215,44.40721,50.32892,46.09772,50.93133,48.08326,48.08326,53.03772,50.20956,53.07542,59.03389,57.48913,61.07373,62.1289,55.22681,62.68174,60.20797,63.63175,60.82763,64.88451,64.4748,58.18075,60.90156,61.7414,60.90156,60.92618,59.48109,59.61543,63.97656,57.27128,61.32699,58.60034,59.05929,59.94164,57.45433,55.21775,56.40035,55.80323,58.89822,61.22091,54.67175,59.20304,60.87693,59.46427,59.4138,54.67175,60.20797,63.65532,62.24147,65.29931,65.43699,70.00714,60.81118,66.52819,67.26812,65.11528
9.48683,9.48683,9.48683,9.48683,9.48683,8.544,8.24621,8.24621,8.24621,8.24621,8.24621,8.06226,8.06226,8.06226,8.06226,8.0,8.0,7.0,8.0,8.0,8.0,8.0,8.0,8.0,8.0,8.0,8.0,8.0,8.0,8.0,7.0,7.0,7.07107,7.07107,7.07107,7.07107,7.07107,6.32456,6.32456,5.38516,5.38516,5.38516,5.38516,4.47214,4.47214,4.47214,3.60555,3.60555,3.60555,3.60555,2.82843,2.82843,65.11528,59.43904,63.89053,59.20304,64.19502,57.72348,53.45091,53.14132,49.33559,53.85165,52.92447,47.92703,47.92703,46.09772,45.17743,46.32494,48.76474,45.80393,46.87217,41.88078,46.04346,46.04346,47.42362,44.10215,43.01163,45.27693,41.88078,42.44997,44.82187,43.18565,41.7732,47.01064,43.26662,43.01163,41.23106,44.65423,43.41659,41.67733,43.909,39.81206,42.94182,38.01316,38.27532,42.04759,36.40055,31.62278,31.95309,30.80584,27.65863,26.68333,26.4764,25.07987,25.0,23.0,25.17936,21.09502,20.02498,42.72002,45.61798,40.71855,49.76947,48.33218,46.61545,48.08326,52.20153,55.54278,54.08327,55.97321,55.7853,62.64184,61.84658,61.52235,57.14018,65.37584,61.40033,66.91039,64.03124,63.00794,66.06815,60.00833,61.07373,65.03076,61.0082,63.03174,62.1289,58.21512,59.00847,59.03389,64.0,59.03389,56.00893,59.07622,58.00862,56.88585,60.29925,59.4138,59.22837,62.96825,55.31727,57.87055,59.43904,63.32456,62.36185,63.32456,62.64184,63.32456,64.03124,69.28925,67.72001,67.72001,63.78871,64.84597,71.8401,63.60031
11.40175,11.18034,11.18034,10.44031,10.19804,10.19804,10.04988,10.04988,10.04988,10.04988,9.05539,10.04988,9.05539,9.05539,9.05539,10.0,9.05539,9.05539,9.0,9.05539,9.0,9.05539,9.05539,9.05539,9.0,9.05539,9.05539,9.05539,9.05539,9.05539,8.0,8.0,9.0,8.0,8.0,8.0,8.06226,7.28011,7.28011,7.28011,7.28011,7.28011,6.32456,6.32456,6.32456,5.38516,5.38516,5.0,5.83095,5.0,5.0,5.0,63.06346,66.88797,60.46487,54.3783,55.60576,51.61395,55.07268,49.40648,56.0357,47.70744,45.34314,46.8615,48.79549,46.2277,43.93177,48.79549,48.9183,43.86342,41.72529,43.18565,43.01163,41.40048,38.60052,43.60046,42.80187,41.40048,41.88078,42.43819,41.10961,39.66106,41.04875,43.56604,44.10215,44.65423,39.96248,38.83298,42.2019,42.43819,37.80212,36.40055,39.59798,33.30165,35.80503,37.20215,34.4093,36.35932,29.68164,31.90611,25.05993,23.85372,23.32381,23.02173,21.0238,22.80351,17.72005,21.37756,19.41649,45.27693,42.2019,41.88078,48.02083,41.88078,48.75449,47.88528,46.52956,52.35456,50.56679,51.62364,56.64804,58.87274,58.18935,57.00877,60.16644,64.56005,61.61169,60.63827,60.20797,60.20797,64.93843,65.11528,62.1289,64.12488,60.53098,58.13777,59.21149,61.81424,58.85576,59.84146,58.85576,60.41523,55.9017,61.84658,54.12024,57.56735,57.87055,58.18935,57.38467,60.72891,61.26989,60.83584,59.48109,57.24509,59.05929,58.13777,59.68249,64.14047,66.7308,64.84597,64.14047,64.14047,66.03787,66.7308,64.89992,62.1289
11.0,11.0,10.0,11.0,10.0,10.0,10.0,10.04988,10.04988,9.05539,10.04988,9.21954,9.05539,9.05539,8.06226,9.21954,9.21954,9.21954,8.24621,8.24621,8.24621,8.24621,8.24621,8.544,8.544,8.544,8.544,8.24621,8.544,8.544,8.24621,8.24621,8.06226,8.06226,8.06226,8.06226,8.06226,7.0,7.0,7.0,7.0,7.07107,6.08276,6.08276,6.08276,5.09902,5.09902,5.38516,5.38516,4.47214,4.47214,4.47214,60.90156,62.1289,60.44005,60.21628,53.60037,57.62812,55.80323,52.00961,50.60632,48.27007,48.9183,45.60702,52.40229,46.75468,46.01087,46.40043,48.16638,42.80187,40.31129,44.82187,44.82187,45.60702,43.26662,40.80441,39.20459,41.23106,41.34005,43.41659,43.56604,45.27693,40.81666,44.94441,42.43819,43.82921,41.04875,42.63801,37.53665,40.45986,41.03657,37.01351,37.64306,38.20995,37.48333,36.06938,31.40064,33.61547,30.23243,31.90611,30.88689,25.94224,26.62705,22.84732,20.12461,21.84033,20.88061,17.72005,19.23538,41.40048,39.69887,41.01219,48.16638,45.60702,48.01042,47.01064,48.02083,51.62364,53.53504,55.9464,55.56978,57.68882,59.16925,60.83584,59.5063,60.00833,62.39391,63.24555,58.5235,60.44005,65.52099,63.89053,62.0967,59.20304,60.08328,60.44005,60.87693,60.16644,60.63827,56.04463,60.87693,62.36185,60.72891,57.58472,58.5235,58.18075,58.13777,55.47071,59.05929,56.79789,59.5399,59.16925,61.58734,61.40033,57.62812,59.07622,59.36329,60.21628,67.95587,61.40033,65.0,64.40497,65.45991,63.41136,66.0303,62.96825
11.40175,11.40175,10.63015,10.63015,10.63015,10.63015,9.21954,9.89949,9.21954,9.21954,9.89949,9.21954,9.21954,9.21954,9.21954,8.60233,9.21954,7.81025,8.60233,8.60233,8.60233,8.60233,8.06226,8.60233,8.60233,8.60233,8.60233,8.60233,8.60233,7.81025,8.60233,9.21954,8.48528,8.48528,8.48528,7.07107,7.81025,7.81025,7.81025,7.2111,6.40312,5.83095,5.83095,5.83095,5.83095,5.38516,5.38516,5.38516,4.47214,4.12311,4.12311,4.12311,65.45991,59.90826,60.92618,59.5399,58.13777,55.47071,55.03635,52.35456,48.30114,48.46648,48.8467,45.69464,50.9902,47.53946,43.86342,43.93177,49.0408,46.32494,39.84972,41.7732,43.73786,38.63936,43.28972,42.57934,41.4367,42.29657,41.04875,44.04543,40.11234,43.18565,38.01316,45.09989,39.45884,46.17359,39.01282,43.93177,41.97618,41.0,40.26164,39.21734,37.0,36.05551,39.0,38.62642,35.34119,33.10589,28.30194,29.06888,25.80698,24.41311,24.83948,23.85372,21.40093,24.08319,20.51828,19.10497,18.86796,44.38468,44.28318,44.94441,45.69464,43.46263,44.29447,49.24429,49.24429,52.47857,52.83938,56.40035,54.6443,59.36329,60.46487,60.21628,60.82763,61.7171,61.07373,61.7171,65.06919,61.7171,65.11528,59.5483,63.03174,62.28965,64.66065,58.89822,59.03389,57.48913,58.69412,53.75872,58.69412,55.9017,57.98276,59.4138,56.58622,56.0803,57.00877,57.62812,62.00806,61.40033,56.82429,59.36329,62.1289,58.83026,56.60389,58.83026,63.13478,65.76473,64.88451,63.97656,64.84597,69.83552,55.9464,67.1193,64.88451,73.92564
11.18034,10.29563,10.29563,10.29563,9.43398,9.43398,9.43398,9.43398,9.43398,8.60233,8.60233,8.60233,9.21954,8.60233,7.81025,8.48528,8.48528,8.48528,7.81025,7.81025,8.48528,8.48528,8.48528,7.81025,7.81025,8.48528,7.81025,8.48528,8.48528,8.48528,7.07107,7.81025,7.81025,7.81025,7.81025,7.2111,7.2111,6.7082,5.83095,5.83095,5.38516,5.38516,5.38516,5.38516,5.38516,4.12311,4.12311,4.12311,4.12311,3.16228,3.0,3.0,67.6757,66.85058,65.45991,64.00781,64.49806,59.81639,60.74537,56.93856,54.20332,55.07268,53.33854,51.42956,51.42956,46.51881,47.16991,49.24429,47.92703,46.23851,47.92703,46.48656,45.60702,44.38468,43.41659,44.38468,43.93177,50.44799,42.2019,44.14748,41.97618,48.05206,45.89118,45.89118,45.12206,42.42641,41.0,43.01163,41.10961,43.65776,45.88028,41.78516,38.91015,40.81666,39.82462,36.23534,37.20215,35.1141,37.44329,35.4683,29.0,29.06888,24.83948,24.83948,19.84943,20.61553,21.9545,21.63331,22.02272,45.88028,48.38388,46.09772,49.1935,51.10773,50.47772,48.54894,51.86521,56.93856,54.6443,54.20332,60.44005,57.80138,62.36986,60.959,61.6198,65.19202,62.28965,59.39697,65.11528,64.38167,65.11528,66.8431,67.47592,65.60488,63.12686,61.22091,63.25346,63.41136,60.959,61.40033,63.25346,57.31492,60.81118,65.06919,62.24147,61.52235,60.20797,57.31492,60.30755,59.81639,67.20119,64.03124,65.19202,61.03278,68.24222,64.66065,67.41662,65.8635,67.74216,64.63745,67.6757,71.02112,61.58734,69.46222,66.37017,68.60029
11.6619,10.29563,11.18034,10.29563,11.18034,9.84886,9.84886,9.84886,9.84886,9.48683,9.84886,9.48683,9.48683,8.544,8.24621,9.21954,8.24621,8.24621,8.06226,9.05539,8.24621,8.06226,8.24621,8.06226,8.06226,8.24621,8.06226,9.05539,8.06226,9.21954,8.06226,8.24621,8.24621,8.24621,7.28011,7.61577,7.61577,6.7082,6.7082,6.7082,6.7082,5.83095,5.83095,5.0,5.0,5.0,5.0,5.0,4.24264,4.24264,3.60555,3.60555,66.85058,62.76942,62.64982,63.97656,61.46544,57.24509,57.77543,57.77543,57.24509,54.12947,51.0392,51.42956,49.64877,49.39636,49.64877,53.23533,48.01042,43.60046,44.10215,43.13931,46.01087,41.7732,44.55334,43.13931,42.2019,43.93177,46.01087,45.96738,43.86342,45.27693,46.69047,45.96738,41.10961,43.84062,39.59798,48.16638,42.44997,43.18565,41.23106,43.26662,42.43819,41.18252,36.71512,35.35534,34.88553,34.53983,36.05551,33.10589,30.08322,27.20294,26.92582,25.70992,24.73863,24.18677,26.07681,18.11077,21.09502,42.80187,46.64762,46.40043,45.79301,48.30114,48.75449,48.76474,48.75449,54.12947,53.48832,59.80803,61.03278,66.7308,65.80274,63.32456,63.56099,68.41053,62.58594,63.34824,67.46851,65.76473,67.26812,63.50591,65.62012,64.12488,68.73136,62.1289,63.1981,63.28507,68.65858,59.68249,62.514,60.82763,60.82763,62.8172,59.03389,60.41523,61.68468,57.48913,61.68468,63.24555,63.56886,62.93648,63.90618,64.62198,62.24147,65.76473,71.19691,63.52952,63.97656,72.44998,68.942,68.44706,68.35203,66.30988,64.84597,67.60178
12.04159,11.04536,11.04536,10.04988,11.04536,10.04988,10.04988,10.0,10.0,9.0,10.0,9.0,9.0,9.05539,9.0,9.05539,8.06226,9.05539,8.06226,8.06226,8.06226,8.06226,9.05539,8.24621,8.24621,8.24621,8.24621,9.05539,8.06226,9.21954,8.06226,8.06226,8.06226,8.06226,8.0,8.0,8.0,7.07107,7.07107,7.07107,7.07107,6.08276,6.08276,6.32456,5.38516,5.38516,5.38516,4.47214,4.47214,4.47214,4.47214,4.47214,62.20129,61.03278,59.20304,55.97321,63.12686,53.75872,55.9017,53.90733,53.8145,48.83646,49.67897,47.50789,48.27007,47.50789,45.96738,43.86342,48.9183,42.2019,40.0,44.40721,47.50789,44.94441,37.44329,41.67733,40.71855,42.94182,41.67733,40.31129,41.34005,43.41659,43.26662,40.70626,39.81206,42.72002,39.11521,39.66106,43.01163,41.04875,39.82462,37.80212,40.60788,34.65545,37.53665,34.71311,31.89044,31.14482,32.20248,32.80244,28.30194,26.24881,22.82542,23.25941,21.09502,21.93171,26.92582,23.08679,17.46425,42.80187,43.86342,42.52058,47.42362,45.45327,47.50789,48.41487,49.0408,52.49762,54.03702,56.85948,56.0357,60.74537,57.68882,60.82763,61.77378,65.36819,64.88451,63.56099,63.56099,65.0,66.12866,65.78754,62.62587,65.96969,64.2573,63.95311,60.92618,64.51356,61.35145,60.16644,63.32456,58.69412,56.79789,62.17717,56.35601,57.70615,62.64982,57.24509,61.05735,60.74537,64.3506,59.90826,66.61081,60.46487,57.28001,61.7171,65.05382,59.66574,65.29931,63.60031,62.62587,67.00746,61.07373,69.2026,69.2026,69.31089
11.7047,10.77033,10.77033,10.77033,10.77033,10.44031,9.48683,9.48683,9.48683,9.21954,9.21954,9.21954,9.21954,9.21954,9.21954,9.21954,9.05539,8.06226,8.06226,8.06226,8.06226,9.05539,8.06226,8.06226,9.05539,9.0,9.05539,9.05539,8.06226,8.06226,8.24621,8.24621,8.24621,8.24621,8.24621,8.24621,7.28011,7.61577,7.61577,6.7082,6.7082,6.7082,5.83095,5.83095,5.83095,5.0,5.0,5.65685,4.24264,4.24264,4.24264,4.24264,65.11528,55.9017,61.39218,57.72348,56.75385,57.87055,54.40588,58.0517,51.1957,47.29693,50.59644,48.50773,50.21952,47.53946,47.43416,49.76947,52.49762,48.8467,46.23851,38.48376,46.06517,40.24922,41.59327,43.38202,44.01136,43.38202,38.58756,40.31129,44.29447,43.60046,43.41659,45.17743,38.94868,41.67733,39.0,47.75982,42.72002,43.08132,37.94733,38.8973,35.44009,41.4367,39.20459,35.69314,35.22783,30.14963,30.14963,26.07681,25.17936,27.01851,23.08679,25.0,24.33105,24.5153,23.08679,21.84033,18.38478,46.61545,47.16991,47.01064,48.8467,45.18849,48.46648,48.46648,50.32892,51.86521,53.75872,57.97413,57.28001,58.5235,62.36986,61.81424,60.29925,67.47592,64.28063,64.49806,69.06519,67.06713,66.0,63.00794,63.00794,64.03124,67.00746,66.0303,61.29437,62.03225,68.06614,56.0,62.1289,61.0,61.13101,62.1289,58.13777,58.21512,60.29925,61.20457,61.66036,66.37017,61.18823,62.96825,64.32729,61.13101,60.82763,62.96825,61.61169,69.63476,62.58594,68.24954,65.96969,66.48308,61.39218,67.08204,71.02112,65.76473
10.44031,9.48683,9.48683,9.48683,9.48683,8.24621,9.21954,9.21954,8.24621,8.24621,8.24621,8.06226,8.06226,8.06226,8.06226,8.0,8.0,8.0,8.0,7.0,7.0,8.0,7.0,7.07107,8.0,7.07107,8.06226,8.0,7.0,7.0,7.07107,7.0,7.07107,7.07107,7.07107,7.07107,7.07107,6.32456,6.32456,5.38516,5.38516,5.38516,4.47214,4.47214,4.47214,4.47214,4.47214,3.60555,3.60555,2.82843,2.82843,2.82843,65.0,59.9333,61.32699,55.9017,58.59181,58.18075,55.22681,57.70615,51.97115,54.12024,52.80152,51.61395,48.25971,46.32494,44.40721,48.08326,49.40648,41.7732,49.0408,43.27817,45.96738,45.25483,43.84062,43.13931,42.42641,44.59821,41.01219,46.75468,44.04543,38.8973,39.11521,44.82187,42.52058,46.2277,42.43819,42.42641,41.03657,37.48333,39.69887,36.23534,39.05125,34.66987,40.0,32.80244,33.12099,29.06888,32.64966,31.30495,29.96665,27.51363,24.69818,24.69818,27.65863,21.84033,25.0,17.72005,20.09975,42.80187,45.48626,44.94441,44.72136,44.28318,49.76947,46.23851,47.16991,51.26402,51.62364,54.08327,53.75872,58.94065,60.44005,65.25335,55.57877,68.06614,60.67125,67.47592,59.5399,63.28507,66.37017,63.12686,60.13319,62.20129,64.28063,63.1981,65.12296,57.03508,59.4138,57.42822,61.40033,58.69412,57.42822,59.68249,59.68249,56.75385,59.90826,56.51548,58.5235,61.98387,55.36244,60.74537,62.24147,63.24555,64.4748,60.92618,62.6099,65.30697,61.26989,63.06346,65.36819,67.97794,58.69412,66.48308,66.70832,63.07139
10.19804,10.44031,9.48683,10.19804,9.48683,9.21954,9.48683,8.544,8.544,8.544,8.544,8.544,8.544,7.61577,7.61577,8.06226,8.06226,8.06226,8.06226,7.2111,7.2111,8.06226,8.06226,7.2111,8.06226,8.06226,8.06226,8.06226,7.2111,8.06226,7.2111,7.2111,6.7082,6.7082,7.61577,7.61577,7.28011,6.32456,6.08276,6.08276,6.08276,6.08276,5.09902,5.09902,5.09902,4.0,4.0,4.0,4.0,3.0,3.16228,3.16228,60.74537,58.00862,60.90156,60.90156,58.66856,56.93856,54.12947,55.56978,51.88449,50.53712,47.85394,48.8467,51.47815,47.42362,47.16991,48.10405,46.09772,42.44997,48.10405,44.91102,47.51842,41.76123,42.42641,40.02499,41.23106,46.32494,45.54119,45.54119,41.76123,43.41659,44.18144,42.95346,42.75512,41.7732,38.47077,40.49691,41.4367,38.32754,38.27532,43.32436,42.54409,38.27532,34.1321,35.77709,35.8469,34.88553,29.06888,31.06445,30.23243,25.6125,26.90725,22.67157,22.67157,20.61553,24.41311,22.80351,21.0238,44.38468,45.22168,44.38468,46.51881,47.42362,47.88528,48.37355,53.00943,53.85165,53.82379,51.86521,58.60034,60.46487,62.20129,60.44005,58.00862,61.6198,60.87693,58.89822,63.78087,66.52819,66.52819,62.62587,62.36986,64.53681,62.36986,63.78087,58.60034,60.82763,62.93648,60.10824,61.84658,56.72742,57.28001,62.24147,58.72819,55.9017,58.25805,56.72742,60.60528,62.20129,61.29437,64.14047,63.13478,57.98276,62.76942,63.51378,59.36329,64.14047,66.03787,61.7171,66.18912,71.56116,62.64982,71.58911,65.51336,65.73431
11.7047,10.77033,10.77033,11.7047,10.77033,9.84886,9.84886,9.84886,9.84886,9.84886,9.84886,9.43398,9.43398,9.43398,8.94427,9.43398,8.60233,8.60233,8.60233,8.60233,8.60233,8.60233,8.60233,8.60233,8.60233,8.60233,8.60233,8.60233,8.60233,8.06226,8.06226,8.06226,8.06226,8.06226,7.61577,7.61577,7.61577,7.61577,7.28011,7.28011,6.08276,6.08276,6.08276,6.08276,5.09902,5.09902,5.0,5.0,5.0,4.0,4.0,4.12311,63.52952,60.83584,62.76942,59.9333,55.9017,58.30952,48.70318,55.54278,49.0408,49.0408,47.16991,43.32436,47.75982,45.22168,47.43416,44.92215,48.76474,47.29693,45.70558,41.19466,43.41659,43.41659,47.38143,42.29657,42.75512,41.30375,40.1995,42.10701,41.59327,43.10452,39.05125,46.01087,38.47077,42.19005,34.52535,45.89118,41.0,43.41659,41.7732,37.10795,39.56008,34.78505,36.76955,34.9285,36.67424,30.88689,29.68164,30.01666,26.24881,22.67157,26.24881,23.60085,24.75884,21.93171,21.2132,19.84943,19.23538,44.55334,47.38143,44.55334,50.96077,45.22168,47.12749,47.75982,48.70318,53.31041,52.7731,56.79789,58.18075,61.26989,58.59181,60.82763,58.60034,61.91123,59.16925,66.4003,61.40033,62.20129,64.66065,62.00806,64.53681,60.30755,61.22091,62.24147,63.78087,59.66574,60.30755,54.03702,62.62587,58.41233,56.85068,61.03278,60.60528,54.6443,61.40033,61.29437,63.50591,64.00781,55.47071,64.41273,62.64982,63.06346,62.29767,63.15853,57.69749,60.08328,63.56099,66.70832,68.70953,71.58911,60.82763,65.9242,69.64194,68.02941
10.44031,10.44031,10.19804,10.44031,9.21954,9.21954,9.21954,9.21954,9.21954,9.05539,9.21954,9.05539,9.05539,9.05539,9.05539,8.06226,9.0,8.0,8.0,8.0,8.0,8.0,8.0,8.06226,9.05539,8.0,8.0,8.0,8.0,8.0,8.0,8.0,8.0,8.0,7.07107,7.07107,7.07107,7.07107,7.28011,6.32456,5.38516,6.32456,5.38516,5.38516,5.38516,4.47214,4.47214,4.47214,4.47214,3.60555,3.60555,3.60555,64.49806,62.28965,58.69412,60.29925,60.67125,54.74486,51.47815,55.9017,54.58938,49.24429,51.78803,48.83646,50.21952,50.69517,46.09772,46.84015,46.57252,47.43416,43.32436,46.17359,44.94441,45.18849,40.24922,43.46263,41.23106,45.61798,44.72136,42.72002,41.34005,42.48529,44.72136,44.28318,40.71855,38.07887,45.18849,39.92493,39.81206,41.76123,40.49691,41.0,38.32754,38.47077,38.63936,38.63936,31.57531,31.01612,31.01612,32.06244,29.27456,29.0,29.12044,28.44293,23.5372,22.56103,22.09072,19.69772,20.88061,47.42362,42.05948,45.88028,47.53946,49.64877,45.60702,47.67599,49.81967,55.3263,52.61179,55.57877,56.32051,58.85576,64.12488,62.00806,60.13319,63.00794,59.5399,63.07139,62.64982,61.66036,69.87131,61.81424,61.81424,60.53098,61.40033,66.09841,64.13267,60.41523,60.67125,60.01666,61.98387,59.3043,59.84146,61.29437,63.28507,58.07753,62.1289,59.0,65.06919,63.00794,62.1289,61.13101,67.47592,62.514,63.3877,65.62012,61.40033,63.78871,65.27634,66.61081,70.21396,72.44308,65.76473,68.46897,61.98387,69.87131
12.04159,11.40175,11.40175,11.40175,11.40175,10.0,10.0,10.0,10.0,10.0,9.43398,10.29563,9.43398,10.29563,9.43398,8.94427,8.94427,8.94427,8.94427,8.94427,8.94427,8.94427,8.544,8.544,9.48683,9.48683,8.544,8.544,9.48683,8.544,8.94427,8.94427,8.94427,8.06226,8.06226,8.06226,8.06226,7.81025,7.81025,7.81025,6.40312,6.40312,6.40312,5.65685,5.65685,5.65685,5.0,5.0,5.0,5.0,4.47214,4.47214,69.857,67.26812,66.4906,57.07013,58.30952,55.22681,53.60037,54.58938,50.03998,54.58938,50.80354,50.03998,50.15974,48.04165,47.0,45.0,49.0102,47.04253,47.09565,44.28318,45.27693,41.30375,42.95346,41.04875,44.28318,42.57934,41.30375,41.97618,44.28318,39.62323,43.41659,43.93177,44.28318,45.70558,39.29377,42.0119,41.30375,39.45884,42.10701,40.0,39.01282,37.05401,37.05401,39.31921,33.13608,30.14963,29.42788,29.83287,26.24881,23.4094,27.313,25.96151,25.0,22.47221,22.47221,17.88854,17.69181,41.10961,45.70558,44.28318,53.75872,46.87217,51.66237,47.53946,49.98,56.85948,55.65968,57.00877,59.09315,60.40695,64.2573,64.88451,63.28507,65.74192,64.84597,65.29931,66.03787,61.05735,70.21396,65.80274,63.28507,63.82006,66.88797,64.3506,64.3506,62.42596,65.0,59.16925,63.13478,60.90156,56.30275,64.84597,57.70615,59.16925,60.41523,60.53924,64.2573,63.32456,58.94065,61.13101,59.20304,61.68468,66.48308,63.60031,66.94027,68.65858,65.51336,65.11528,68.46897,71.06335,68.24954,70.85901,72.03471,67.91171
11.18034,10.77033,9.84886,10.77033,9.84886,9.84886,9.48683,9.48683,8.544,8.24621,8.544,8.24621,8.24621,8.24621,8.24621,8.24621,8.06226,8.24621,8.06226,8.06226,8.06226,8.06226,7.07107,8.0,8.06226,8.06226,8.06226,8.06226,8.06226,7.07107,8.06226,8.06226,7.28011,7.28011,7.28011,7.28011,6.7082,6.7082,6.7082,6.7082,5.83095,5.83095,5.83095,5.0,5.0,4.24264,4.24264,4.24264,4.24264,4.24264,3.60555,3.60555,67.05222,64.56005,63.90618,55.65968,63.56886,59.43904,55.36244,59.13544,52.92447,50.59644,52.81098,49.39636,50.9902,46.51881,47.42362,46.95743,49.24429,47.41308,48.02083,42.72002,48.02083,40.49691,45.0,43.82921,42.0119,47.70744,39.82462,46.09772,39.82462,47.01064,44.40721,47.70744,40.49691,48.60041,43.82921,42.19005,39.44617,39.96248,41.88078,42.15448,34.0147,38.07887,39.56008,36.40055,37.94733,30.36445,29.42788,27.89265,29.06888,26.0,27.29469,22.09072,25.01999,23.02173,22.0,19.10497,21.58703,42.19005,43.56604,43.82921,46.61545,46.23851,48.46648,50.28916,49.0408,50.96077,47.75982,53.60037,57.97413,61.84658,63.15061,60.67125,59.13544,64.38167,63.28507,62.39391,63.07139,65.27634,68.02941,58.00862,60.07495,63.1981,62.07254,65.37584,64.00781,59.3043,65.00769,55.03635,62.00806,57.07889,57.00877,61.07373,61.07373,56.14268,60.13319,59.5399,62.8172,62.58594,59.22837,62.58594,61.13101,63.06346,67.35726,65.25335,63.06346,68.96376,64.56005,63.32456,69.92138,71.7844,59.20304,62.36185,71.7844,66.48308
10.19804,10.19804,10.19804,10.19804,10.04988,9.21954,9.05539,9.05539,9.05539,9.05539,9.05539,9.05539,8.0,8.0,8.0,8.0,8.06226,8.0,8.06226,8.06226,8.06226,8.06226,8.0,8.06226,8.06226,8.06226,8.06226,8.06226,8.06226,8.0,8.0,8.0,7.0,7.0,7.07107,7.07107,7.07107,7.07107,6.32456,6.32456,5.38516,5.38516,5.38516,4.47214,4.47214,4.47214,5.0,4.47214,4.24264,4.24264,4.24264,3.60555,62.00806,65.0,61.84658,60.21628,61.85467,58.18075,56.22277,55.47071,55.21775,54.20332,50.80354,49.20366,48.41487,49.81967,52.40229,49.51767,48.79549,45.34314,46.01087,46.01087,44.82187,41.01219,41.04875,43.60046,42.52058,43.41659,43.18565,44.10215,39.66106,45.22168,42.63801,39.69887,43.93177,42.2019,39.59798,41.03657,40.31129,42.44997,43.27817,38.28838,38.8973,36.87818,37.01351,38.01316,36.40055,32.24903,32.20248,26.57066,26.57066,22.13594,24.5153,24.04163,20.61553,21.37756,20.39608,21.09502,16.0,44.65423,48.01042,43.60046,50.32892,45.27693,43.18565,43.18565,44.82187,48.9183,52.49762,56.40035,55.47071,59.20304,58.5235,59.16925,58.59181,64.41273,58.59181,62.64982,59.80803,61.09828,64.62198,62.03225,62.96825,62.29767,63.56099,58.82176,61.68468,58.5235,58.5235,58.24088,59.46427,55.65968,57.93962,56.46238,56.0803,56.79789,60.37384,57.70615,57.24509,58.30952,61.03278,58.30952,60.74537,56.4358,57.98276,57.68882,62.68174,61.40033,63.25346,61.22091,66.8431,71.28113,63.51378,72.62231,63.82006,61.61169
10.77033,10.77033,10.77033,10.77033,9.84886,9.84886,9.84886,8.94427,8.94427,8.94427,8.94427,9.43398,8.06226,8.60233,8.06226,8.60233,8.60233,8.60233,7.81025,7.81025,7.81025,7.81025,8.60233,7.81025,7.81025,8.48528,7.81025,8.60233,7.81025,8.60233,7.2111,7.2111,7.2111,7.2111,8.06226,8.06226,7.61577,6.7082,6.32456,6.32456,6.32456,5.38516,5.09902,5.09902,5.09902,5.09902,4.12311,4.0,4.0,4.0,3.0,3.0,64.07027,60.74537,59.68249,57.42822,64.88451,54.3783,58.18075,56.0803,55.56978,49.1935,52.80152,54.78138,51.07837,51.42956,48.76474,47.75982,50.32892,48.38388,39.84972,47.43416,42.95346,46.84015,43.17407,46.52956,45.88028,39.62323,50.01,41.59327,45.35416,42.42641,45.35416,42.75512,45.60702,40.79216,45.89118,44.01136,41.48494,40.16217,39.56008,39.56008,42.37924,36.23534,38.07887,38.01316,31.76476,38.01316,34.1321,32.80244,28.84441,26.1725,26.90725,27.58623,23.34524,24.04163,20.51828,18.60108,20.80865,44.14748,43.01163,48.38388,44.27189,50.15974,44.38468,50.53712,49.64877,51.62364,51.47815,57.14018,57.42822,59.68249,58.82176,56.0803,61.6198,59.20304,66.46804,57.38467,64.38167,64.38167,63.03174,64.3506,63.63961,63.70243,62.28965,59.4138,60.44005,62.482,60.20797,60.959,56.63921,57.28001,53.75872,57.98276,59.4138,61.07373,58.79626,57.62812,61.61169,58.83026,64.66065,59.20304,67.41662,57.80138,61.58734,63.81222,61.77378,65.29931,69.11584,61.91123,65.36819,69.46222,70.49113,64.14047,61.91123,66.03787
11.0,10.04988,10.04988,10.04988,10.04988,10.04988,10.04988,9.05539,9.05539,9.21954,9.05539,9.21954,9.21954,9.21954,8.24621,9.21954,8.24621,8.24621,8.544,8.544,8.544,8.544,8.24621,8.544,8.544,8.544,8.544,8.544,8.544,8.24621,8.24621,8.24621,8.24621,8.24621,7.07107,8.06226,8.06226,7.0,7.0,7.0,6.0,6.0,6.0,5.0,5.09902,5.09902,5.09902,5.09902,4.12311,4.12311,4.12311,3.16228,65.76473,65.11528,61.52235,60.87693,62.36986,55.44367,55.86591,57.38467,52.3259,53.8145,52.34501,52.34501,53.75872,48.16638,45.25483,51.08816,49.0408,47.16991,45.45327,43.60046,48.25971,45.22168,44.10215,45.22168,44.41846,43.82921,45.27693,46.51881,40.81666,46.06517,41.14608,45.27693,41.34005,44.29447,44.40721,42.54409,41.04875,43.82921,39.40812,38.8973,39.62323,40.45986,38.8973,37.53665,31.89044,36.40055,32.44996,35.0,28.63564,25.55386,26.62705,24.59675,29.96665,21.93171,19.92486,20.22375,21.09502,45.18849,42.48529,46.04346,48.60041,47.01064,45.45327,48.83646,53.00943,52.20153,53.74012,57.28001,58.0517,59.39697,63.12686,61.07373,59.40539,66.21933,62.96825,62.96825,62.1289,64.3506,67.23095,64.00781,64.84597,65.29931,61.77378,66.21178,61.7414,62.24147,62.16912,63.07139,59.05929,60.53924,60.74537,62.64982,64.14047,59.07622,60.80296,58.00862,63.41136,60.60528,63.03174,62.482,65.29931,60.44005,68.593,64.38167,62.93648,67.26812,67.20863,62.93648,70.93659,70.83784,63.78087,72.12489,68.76772,65.05382
11.31371,10.63015,10.63015,10.63015,9.21954,9.21954,9.21954,10.0,9.21954,8.60233,8.60233,9.43398,9.43398,9.43398,8.06226,8.94427,8.94427,8.94427,8.544,7.61577,8.06226,8.544,8.06226,8.544,8.544,8.544,8.544,8.544,8.544,8.94427,8.06226,8.06226,8.06226,8.06226,7.2111,7.2111,7.81025,6.40312,6.40312,6.40312,6.40312,5.65685,5.65685,5.0,5.0,5.0,5.0,4.24264,3.60555,3.60555,3.60555,3.16228,63.32456,65.80274,60.82763,59.77458,61.98387,55.08176,53.60037,54.74486,54.74486,48.37355,53.60037,50.48762,51.62364,50.9902,48.37355,49.0102,47.01064,49.0102,43.01163,47.0,47.04253,46.27094,46.38965,47.01064,41.4367,45.09989,42.19005,43.56604,43.28972,47.67599,46.27094,48.16638,44.40721,45.09989,45.39824,38.01316,43.10452,43.04649,42.10701,42.42641,41.7732,39.01282,37.48333,35.51056,31.04835,34.48188,31.95309,34.53983,27.85678,29.06888,30.23243,27.29469,25.05993,21.63331,22.47221,22.2036,20.0,42.95346,41.10961,45.39824,45.54119,50.15974,50.01,50.15974,48.83646,50.08992,49.16299,53.33854,53.75872,62.20129,57.07013,60.41523,61.84658,61.40033,67.05222,63.89053,66.21178,59.23681,67.97794,61.26989,62.64982,62.64982,63.56099,63.15853,61.29437,59.94164,58.13777,57.24509,59.48109,60.37384,57.69749,61.7414,56.64804,53.75872,62.0967,62.03225,63.56099,59.46427,61.52235,55.7315,66.09841,60.63827,58.69412,60.16644,65.76473,66.4906,68.73136,62.28965,68.26419,61.98387,67.89698,70.45566,67.74216,65.0
11.40175,10.63015,9.89949,10.63015,9.89949,9.21954,9.89949,9.89949,9.21954,9.21954,9.21954,9.21954,8.60233,8.60233,8.60233,9.43398,8.60233,8.60233,8.06226,8.06226,8.06226,8.06226,8.60233,8.06226,8.06226,8.06226,8.94427,8.94427,8.06226,9.43398,8.06226,8.06226,8.06226,8.06226,7.81025,7.81025,7.81025,7.07107,6.40312,6.40312,6.40312,6.40312,5.65685,5.0,5.0,5.0,4.47214,4.47214,3.60555,3.60555,3.16228,3.16228,61.40033,64.77654,62.28965,62.28965,60.13319,58.03447,55.22681,54.14795,50.48762,54.45181,53.08484,48.04165,51.0392,47.16991,46.01087,46.17359,49.0408,44.28318,46.04346,46.38965,49.64877,45.89118,42.75512,43.17407,39.62323,45.88028,43.56604,46.84015,44.91102,43.68066,38.83298,45.89118,43.68066,41.10961,43.17407,41.30375,41.30375,39.62323,42.42641,40.0125,39.01282,38.11824,38.20995,40.0,35.51056,33.13608,34.36568,32.55764,31.04835,28.86174,26.24881,24.73863,24.04163,22.13594,23.4094,25.23886,22.47221,42.2019,40.60788,42.29657,46.17359,46.09772,48.01042,47.04253,47.0,53.08484,55.3263,55.3263,54.33231,60.82763,59.43904,60.16644,56.75385,65.73431,60.87693,64.19502,59.13544,62.29767,63.90618,58.82176,63.32456,60.41523,61.29437,59.09315,61.84658,54.12024,61.46544,53.7122,62.76942,59.23681,55.97321,58.5235,57.87055,53.16014,56.30275,55.54278,59.66574,62.36986,57.70615,62.36986,61.40033,54.74486,67.47592,60.29925,64.00781,61.40033,63.28507,64.77654,64.93843,67.36468,59.84146,66.1211,66.1211,67.18631
10.63015,10.63015,10.0,10.0,10.0,10.0,9.43398,9.43398,9.43398,8.94427,9.43398,9.43398,8.94427,8.94427,8.94427,8.94427,8.94427,8.544,8.544,8.544,8.544,8.544,8.94427,8.544,8.544,8.544,8.544,8.544,8.544,8.94427,8.544,8.544,8.544,8.544,8.06226,8.06226,7.81025,7.2111,7.2111,7.2111,7.07107,6.40312,6.40312,5.65685,5.65685,5.0,5.0,5.0,5.0,3.60555,4.47214,3.60555,64.07027,63.50591,58.13777,55.3263,59.13544,55.14526,54.23099,57.55867,50.03998,50.01,52.00961,48.01042,53.00943,46.09772,47.09565,46.27094,48.16638,45.89118,46.09772,41.04875,45.89118,40.02499,41.76123,41.97618,42.44997,43.41659,43.9659,41.76123,41.0,41.76123,43.68066,50.01,42.44997,45.60702,44.92215,39.05125,41.30375,39.45884,37.48333,45.04442,39.05125,37.01351,40.11234,38.11824,39.31921,32.55764,33.73426,31.40064,30.80584,28.86174,27.51363,25.0,23.4094,23.08679,21.0238,24.41311,22.82542,44.38468,41.97618,43.93177,46.27094,45.17743,47.16991,47.09565,48.37355,54.0,50.03998,52.23983,56.0803,58.03447,62.514,59.68249,59.03389,62.80127,59.66574,59.84146,59.48109,58.85576,63.24555,57.00877,58.5235,58.87274,61.09828,61.84658,61.68468,54.08327,58.5235,55.65968,59.48109,56.61272,54.40588,55.97321,55.7853,54.12024,55.54278,58.0517,60.53098,57.55867,58.13777,57.31492,62.39391,58.07753,55.03635,63.1981,58.0,67.02984,63.03174,62.20129,70.17834,69.06519,60.07495,66.18912,65.06919,66.06815
11.04536,11.04536,10.04988,10.04988,10.04988,10.04988,10.04988,9.05539,9.05539,9.05539,9.05539,9.21954,9.21954,8.24621,8.24621,8.544,8.544,8.544,8.544,8.544,8.24621,8.544,8.544,7.61577,8.544,8.544,8.544,8.544,8.544,8.544,8.24621,8.24621,8.24621,7.28011,8.24621,8.06226,8.06226,7.07107,7.0,7.0,6.0,7.0,6.0,6.0,6.08276,5.09902,5.09902,5.09902,5.09902,4.12311,4.47214,4.47214,58.72819,63.25346,57.38467,58.69412,62.00806,55.44367,58.13777,52.80152,54.03702,47.80167,46.87217,51.31277,46.87217,49.92995,44.77723,47.85394,51.42956,46.95743,44.77723,42.05948,48.70318,43.32436,41.48494,44.01136,41.14608,42.94182,44.64303,39.56008,45.60702,39.56008,44.14748,44.92215,44.94441,42.05948,43.68066,39.92493,42.94182,43.41659,43.41659,39.81206,39.81206,40.49691,36.89173,35.0,33.01515,30.23243,27.80288,31.14482,26.1725,27.65863,23.60085,22.67157,23.43075,21.63331,23.85372,22.47221,20.59126,46.95743,44.41846,43.82921,46.40043,44.68781,44.68781,45.96738,47.50789,53.74012,52.3259,52.40229,55.22681,61.7171,60.87693,60.30755,62.1289,61.40033,61.05735,61.85467,63.97656,62.16912,65.74192,58.18075,62.17717,62.64982,63.81222,64.88451,62.17717,59.94164,57.69749,59.05929,57.80138,55.00909,58.66856,58.13777,58.83026,56.30275,61.7171,59.03389,60.30755,61.07373,60.10824,55.31727,62.24147,58.0517,61.6198,63.03174,58.69412,64.3506,64.38167,64.44377,63.25346,67.89698,62.24147,69.81404,65.94695,60.81118
10.0,10.0,10.0,10.0,10.0,9.21954,9.21954,8.48528,8.48528,8.48528,8.48528,8.48528,8.48528,8.48528,7.81025,7.81025,7.2111,7.2111,7.2111,8.06226,8.06226,8.60233,7.2111,8.06226,8.60233,7.2111,7.61577,8.06226,8.06226,8.06226,7.2111,7.81025,7.81025,7.81025,6.40312,6.40312,7.07107,6.40312,6.40312,6.40312,5.65685,5.0,5.83095,5.0,4.47214,4.47214,4.47214,4.12311,4.12311,4.12311,3.16228,3.0,63.3877,58.54912,66.27217,54.14795,58.03447,59.00847,54.14795,59.07622,53.0,54.00926,48.01042,50.01,50.15974,45.54119,52.61179,46.69047,47.16991,52.95281,45.70558,44.72136,44.38468,43.73786,50.69517,45.12206,44.14748,47.29693,47.12749,47.12749,45.22168,44.92215,45.12206,48.27007,42.95346,47.12749,43.32436,42.2019,44.14748,44.55334,42.19005,37.21559,40.31129,39.45884,37.01351,39.01282,39.11521,31.06445,33.13608,31.14482,32.06244,28.63564,23.08679,26.68333,28.16026,18.38478,21.93171,21.9545,23.08679,46.84015,45.70558,42.75512,44.10215,47.16991,46.04346,49.0102,51.35173,53.03772,54.14795,56.56854,53.33854,58.21512,60.67125,61.98387,58.69412,68.15424,59.48109,63.89053,66.7308,67.44627,65.79514,58.5235,61.68468,61.03278,60.08328,57.77543,62.76942,57.93962,61.7414,56.85948,60.53924,61.03278,61.09828,59.48109,59.13544,52.63079,55.7853,54.57105,59.84146,61.98387,56.56854,62.64982,60.67125,61.29437,61.13101,60.13319,59.3043,63.12686,67.1193,64.28063,67.06713,70.17834,60.29925,71.17584,73.06162,71.25307
10.29563,10.29563,10.29563,10.29563,9.43398,8.94427,8.94427,8.94427,8.544,8.544,8.544,8.544,8.544,8.24621,7.28011,8.24621,8.06226,8.24621,8.06226,8.24621,7.28011,8.06226,7.07107,8.06226,8.06226,8.06226,8.06226,8.06226,8.06226,8.06226,7.28011,8.24621,7.28011,7.28011,7.28011,7.28011,6.32456,6.7082,5.83095,5.83095,5.38516,5.83095,5.0,5.0,5.0,3.60555,4.24264,4.24264,4.24264,3.60555,3.60555,3.60555,62.8172,64.7611,65.80274,60.87693,54.23099,61.35145,54.70832,59.23681,51.62364,51.5461,51.86521,47.01064,46.06517,49.1935,45.17743,44.41846,49.24429,47.41308,48.37355,46.04346,44.20407,39.05125,43.01163,43.01163,45.22168,44.40721,41.7732,43.41659,46.2277,43.93177,46.66905,46.01087,42.52058,45.60702,39.69887,41.88078,41.6173,43.26662,44.94441,37.44329,40.49691,35.35534,37.94733,38.07887,32.89377,33.10589,32.01562,29.73214,26.92582,28.4605,22.2036,25.70992,25.0,21.0,22.36068,22.0,21.2132,46.14109,44.72136,44.38468,47.53946,44.92215,48.08326,44.59821,50.01,52.63079,51.66237,57.70615,57.07013,57.48913,58.85576,61.20457,60.29925,67.06713,64.0,62.00806,60.07495,63.3877,66.18912,62.514,63.12686,60.20797,59.13544,62.64982,60.53098,56.00893,61.07373,55.14526,61.13101,58.07753,59.07622,61.0082,59.0,55.0,59.3043,56.7186,59.21149,61.66036,54.12947,59.22837,61.39218,58.24946,57.27128,61.18823,59.20304,62.93648,64.28841,65.45991,66.40783,70.61161,56.29387,66.40783,68.00735,69.42622
10.63015,10.0,10.0,10.0,10.0,10.0,10.0,8.60233,9.43398,9.43398,9.43398,9.43398,8.94427,8.94427,8.06226,8.94427,8.544,8.94427,8.544,8.544,8.544,8.544,8.544,8.544,8.544,8.544,8.544,8.544,8.544,8.94427,7.61577,8.06226,8.06226,8.06226,7.2111,7.2111,7.81025,6.40312,6.40312,6.40312,5.65685,5.65685,5.65685,5.0,5.0,5.0,4.47214,3.60555,3.60555,3.60555,3.60555,3.16228,60.03332,64.03124,61.20457,63.12686,59.03389,59.00847,58.00862,55.22681,51.0392,51.15662,50.24938,51.08816,51.78803,44.40721,46.38965,50.44799,49.49747,45.12206,41.97618,45.12206,46.84015,42.44997,42.72002,40.49691,44.14748,45.88028,41.97618,42.72002,45.54119,46.8188,43.68066,49.0408,40.71855,43.01163,43.9659,42.75512,41.7732,41.7732,41.7732,40.1995,38.20995,39.05125,37.01351,35.22783,34.23449,35.22783,35.51056,29.06888,30.36445,32.01562,28.79236,25.96151,21.54066,25.4951,21.63331,20.59126,19.23538,42.72002,44.28318,48.8467,50.32892,48.08326,50.44799,49.39636,49.72927,55.54278,55.31727,59.3043,58.54912,60.67125,58.42089,59.00847,65.06919,66.61081,60.29925,63.07139,66.06815,65.19202,63.63961,64.49806,64.62971,62.96825,61.66036,60.01666,60.40695,58.24946,62.80127,57.31492,62.64982,61.66036,60.20797,59.4138,57.31492,62.07254,62.07254,58.03447,59.00847,62.0,60.03332,61.07373,64.12488,61.07373,66.27217,66.37017,66.28725,61.40033,64.12488,63.1981,65.49046,65.12296,68.26419,69.18092,71.56815,68.18358
11.18034,11.04536,11.04536,10.04988,10.04988,9.05539,10.04988,9.05539,9.05539,9.0,9.0,9.0,9.0,9.05539,9.05539,9.05539,8.06226,9.05539,8.24621,8.06226,8.06226,9.05539,8.06226,8.24621,9.21954,8.06226,8.06226,9.21954,8.24621,8.06226,8.06226,8.06226,8.06226,8.06226,8.0,8.0,7.07107,7.07107,7.07107,7.07107,6.08276,6.08276,6.08276,5.09902,5.09902,4.12311,4.47214,4.12311,4.12311,4.47214,3.60555,3.60555,62.43397,61.77378,59.68249,56.60389,58.83026,59.36329,53.53504,54.91812,49.20366,51.86521,51.08816,48.41487,52.40229,47.38143,45.80393,48.10405,46.01087,43.13931,42.44997,45.25483,44.82187,41.01219,45.22168,41.86884,41.7732,41.40048,40.36087,43.41659,43.26662,43.93177,41.10961,43.27817,40.49691,43.82921,40.31129,42.80187,40.45986,39.05125,43.18565,37.64306,42.44997,41.6173,36.35932,35.80503,32.80244,33.61547,31.76476,29.96665,24.69818,26.24881,24.35159,23.25941,21.18962,24.35159,18.97367,20.02498,21.09502,43.60046,45.34314,44.55334,48.9183,42.43819,47.80167,46.2277,50.21952,53.53504,52.15362,58.66856,59.05929,59.16925,59.48109,62.16912,61.84658,64.41273,63.32456,63.32456,61.68468,61.84658,66.09841,65.52099,63.60031,64.56005,61.40033,62.8172,62.8172,62.8172,63.60031,58.94065,59.48109,61.03278,61.03278,63.90618,61.46544,56.64804,59.61543,59.61543,58.66856,60.83584,59.05929,61.40033,62.43397,59.68249,60.20797,60.03332,63.81222,63.51378,64.3506,66.88797,64.14047,66.28725,64.14047,69.97142,68.7968,63.00794
11.40175,11.40175,11.40175,11.40175,11.40175,10.0,10.63015,10.63015,9.89949,9.89949,9.89949,9.89949,9.89949,9.89949,9.21954,9.21954,8.60233,8.60233,8.60233,9.21954,9.21954,8.60233,8.60233,9.43398,9.43398,8.60233,8.60233,8.60233,9.43398,8.60233,8.60233,9.21954,9.21954,8.48528,8.48528,8.48528,8.48528,7.81025,7.81025,7.2111,7.2111,6.40312,7.2111,5.83095,5.83095,5.83095,5.38516,5.38516,5.38516,5.38516,4.12311,4.12311,60.87693,62.36986,61.98387,61.0,60.63827,53.60037,55.44367,52.46904,54.58938,47.85394,49.49747,49.0306,47.51842,48.09366,50.08992,46.01087,50.08992,43.01163,42.0,45.09989,46.27094,45.17743,44.18144,44.10215,42.29657,38.20995,41.19466,41.7732,41.59327,44.28318,43.41659,43.28972,43.93177,43.18565,43.18565,40.11234,40.04997,41.01219,43.01163,34.9285,35.01428,34.52535,36.67424,33.37664,35.17101,32.57299,28.16026,30.67572,21.18962,25.94224,24.16609,23.70654,24.69818,22.82542,19.20937,18.43909,15.81139,44.55334,41.4367,48.83646,47.01064,50.08992,48.01042,46.01087,49.36598,50.15974,56.4358,56.7186,55.54278,60.53098,62.96825,60.16644,62.36185,59.46427,65.19202,61.35145,64.07808,68.15424,64.88451,63.95311,61.84658,59.48109,68.42514,63.13478,59.03389,62.6099,62.16912,58.60034,60.92618,58.18075,62.39391,61.46544,56.0803,57.93962,61.35145,60.16644,60.63827,60.16644,61.98387,60.41523,63.95311,61.18823,57.72348,61.18823,61.81424,63.95311,67.74216,66.61081,65.62012,65.51336,71.19691,70.85901,63.95311,69.05071
11.31371,11.31371,10.63015,11.31371,9.89949,9.89949,9.21954,9.21954,9.21954,9.21954,9.21954,8.60233,8.60233,8.60233,8.60233,8.60233,8.06226,8.06226,8.94427,8.94427,8.06226,8.94427,8.06226,8.94427,8.94427,8.06226,8.06226,8.06226,8.94427,8.06226,8.60233,8.60233,8.60233,7.81025,7.81025,7.81025,7.81025,7.07107,7.07107,7.07107,6.40312,6.40312,6.40312,5.83095,5.0,5.0,5.0,4.47214,4.47214,4.47214,4.47214,4.12311,60.03332,59.0,63.03174,54.14795,51.0392,53.0,51.15662,54.33231,47.16991,53.33854,47.26521,46.52956,45.54119,44.72136,45.27693,43.56604,48.37355,44.64303,42.44997,37.64306,45.18849,38.07887,41.4367,38.48376,39.56008,41.78516,41.14608,45.61798,42.54409,38.62642,39.21734,41.4367,42.37924,44.28318,36.76955,38.32754,41.48494,41.23106,39.81206,37.05401,34.23449,35.12834,37.05401,33.13608,33.24154,30.01666,29.15476,27.29469,25.31798,25.31798,21.84033,22.56103,21.84033,22.13594,23.08679,18.86796,18.86796,43.68066,41.7732,40.02499,48.05206,45.54119,50.01,46.01087,51.15662,55.14526,50.01,52.0,53.08484,60.00833,59.03389,59.3043,61.18823,65.76473,56.88585,61.39218,60.41523,62.36986,62.58594,61.68468,64.28841,64.2573,62.0967,56.921,65.14599,56.921,62.64184,53.75872,62.36185,58.5235,55.10898,61.13101,56.88585,56.88585,56.08921,60.53098,61.29437,60.53098,52.23983,59.21149,60.00833,63.12686,66.00758,59.00847,63.00794,62.00806,62.03225,62.00806,64.07027,66.18912,61.13101,67.1193,68.06614,62.03225
10.63015,10.0,10.0,10.0,10.0,9.21954,9.43398,8.60233,8.60233,8.06226,8.60233,8.06226,8.06226,8.06226,8.06226,7.61577,7.61577,7.61577,7.28011,7.61577,7.61577,7.61577,7.61577,7.28011,7.28011,7.61577,7.61577,7.61577,7.61577,7.61577,7.61577,7.61577,7.61577,6.7082,7.2111,7.2111,7.2111,6.40312,6.40312,6.40312,5.65685,5.65685,5.65685,5.0,5.0,5.0,4.47214,4.47214,3.60555,3.60555,4.12311,3.16228,59.5399,59.3043,63.50591,56.32051,59.68249,53.33854,53.93515,56.32051,51.97115,51.97115,49.47727,45.12206,51.47815,44.38468,47.07441,46.48656,46.23851,48.46648,42.37924,47.01064,42.94182,37.94733,41.67733,40.70626,40.71855,43.41659,42.72002,41.59327,43.86342,42.54409,44.72136,43.41659,37.12142,41.14608,42.05948,37.57659,39.81206,40.31129,38.60052,40.5216,37.65634,40.79216,34.20526,32.75668,34.23449,32.24903,32.01562,28.0,27.01851,25.07987,26.01922,23.02173,21.09502,19.10497,19.69772,18.68154,21.54066,43.08132,44.14748,46.17359,47.29693,47.07441,46.17359,46.09772,49.25444,54.45181,51.15662,54.03702,56.0,60.0,60.07495,59.21149,57.21888,63.3877,61.29437,59.13544,58.42089,62.16912,65.62012,61.98387,61.84658,61.61169,61.61169,60.16644,60.87693,56.08921,62.16912,57.72348,60.20797,56.56854,55.9017,59.4138,56.4358,53.75872,58.13777,55.3263,57.03508,61.0,59.3043,63.03174,55.08176,58.03447,59.03389,60.29925,60.20797,58.69412,60.53098,61.66036,65.76473,70.45566,63.50591,65.76473,67.46851,65.76473
9.84886,9.84886,9.84886,9.84886,8.94427,8.544,8.544,8.544,8.544,8.24621,8.24621,8.24621,8.24621,8.24621,8.24621,8.06226,8.06226,7.07107,7.07107,7.07107,7.07107,7.07107,7.07107,7.0,7.07107,7.0,7.0,7.07107,7.0,7.0,7.07107,7.07107,7.07107,7.07107,7.07107,7.28011,6.32456,6.32456,5.38516,5.38516,5.38516,5.38516,5.0,4.47214,4.47214,3.60555,3.60555,3.60555,2.82843,2.82843,2.82843,2.82843,60.74537,57.87055,60.53924,55.9464,54.12947,56.30275,51.07837,57.00877,47.42362,50.60632,49.39636,46.40043,47.50789,45.48626,49.1935,48.41487,48.8774,43.26662,47.20169,41.88078,46.2277,43.01163,45.27693,42.42641,42.42641,42.42641,41.01219,45.27693,43.18565,41.03657,39.62323,44.55334,41.03657,43.86342,36.06938,41.7732,42.52058,41.03657,40.60788,37.01351,37.20215,35.77709,39.44617,34.48188,36.23534,32.24903,26.0,28.79236,27.45906,25.07987,24.35159,23.76973,23.5372,25.31798,20.22375,19.10497,19.0263,43.909,44.65423,43.82921,50.08992,47.16991,49.64877,47.92703,50.59644,53.45091,52.63079,55.54278,54.12024,60.16644,61.0,62.96825,57.42822,66.48308,60.20797,64.19502,65.37584,62.20129,67.1193,59.00847,64.03124,63.12686,63.12686,59.07622,60.00833,59.03389,64.07027,54.0,64.19502,59.07622,57.55867,60.82763,54.45181,53.93515,56.51548,54.91812,59.43904,57.56735,59.66574,59.13544,63.56886,58.5235,57.24509,58.69412,60.37384,60.00833,63.32456,68.15424,63.06346,64.2573,59.61543,65.80274,67.54258,65.55151
11.40175,11.40175,10.81665,11.40175,10.0,10.0,10.0,9.43398,9.43398,9.43398,9.43398,9.43398,9.43398,8.94427,8.94427,8.94427,8.544,8.544,8.544,8.544,8.544,8.544,8.544,8.544,8.544,8.544,8.544,8.544,8.544,8.544,8.94427,8.94427,8.06226,8.06226,8.06226,8.06226,7.2111,7.2111,7.81025,7.07107,6.40312,6.40312,6.40312,5.65685,5.65685,5.0,5.0,5.0,5.0,4.47214,4.47214,4.47214,66.27217,64.12488,61.66036,59.4138,63.63961,52.34501,55.57877,56.56854,50.80354,47.51842,43.9659,47.29693,49.0408,49.0306,45.88028,46.57252,46.48656,47.12749,48.10405,39.21734,47.42362,42.94182,44.29447,38.58756,43.04649,47.88528,37.73592,40.81666,39.81206,41.67733,46.06517,41.59327,44.72136,45.65085,41.59327,41.14608,40.31129,40.24922,39.56008,39.05125,38.60052,41.0,33.37664,37.48333,33.13608,32.75668,30.06659,30.01666,27.0,25.01999,24.5153,24.08319,25.31798,24.08319,21.84033,21.54066,16.76305,47.16991,46.8188,46.32494,51.24451,51.62364,52.61179,50.63596,52.46904,55.3263,59.3043,59.0,59.00847,64.03124,65.03076,62.20129,62.64982,67.18631,61.66036,64.38167,63.63961,72.18033,67.89698,65.9242,64.7611,65.25335,63.78871,63.78871,66.94027,61.84658,64.7611,55.9017,60.82763,61.52235,60.40695,60.13319,61.40033,58.30952,58.03447,61.07373,65.00769,66.00758,66.0303,65.19202,65.12296,60.20797,58.24946,60.29925,60.53098,69.58448,66.27217,65.27634,66.09841,71.44928,59.4138,71.11259,70.40597,66.91039
11.18034,10.44031,10.44031,10.19804,9.48683,9.48683,9.48683,9.48683,9.48683,8.544,8.544,8.544,8.544,8.544,7.61577,8.06226,8.06226,8.06226,8.06226,8.06226,8.06226,8.06226,8.06226,7.2111,8.06226,8.06226,8.06226,8.06226,8.06226,8.06226,7.61577,7.61577,7.61577,7.61577,7.61577,7.28011,7.28011,7.07107,6.08276,6.08276,6.08276,6.08276,6.0,6.0,5.0,5.0,5.0,5.09902,4.12311,4.12311,4.12311,4.12311,63.82006,63.78087,61.91123,57.68882,63.51378,53.82379,56.0357,56.0803,52.15362,51.10773,47.01064,53.31041,51.07837,45.69464,46.09772,46.95743,46.61545,46.8188,44.77723,43.41659,45.22168,40.49691,43.56604,39.05125,43.01163,43.17407,43.56604,43.9659,42.44997,42.95346,37.65634,44.91102,44.38468,40.79216,39.05125,41.4367,40.26164,39.56008,40.49691,38.27532,37.33631,37.12142,37.21559,34.1321,33.83785,32.20248,29.96665,31.89044,29.20616,27.58623,26.1725,22.62742,21.2132,20.51828,22.47221,22.82542,20.0,45.88028,44.77723,47.85394,52.83938,49.24429,49.92995,48.41487,51.86521,55.80323,54.81788,56.85068,59.66574,62.24147,63.70243,61.52235,62.482,67.94115,65.94695,65.06919,67.35726,66.21933,70.60453,63.24555,69.81404,65.21503,65.0,61.61169,63.82006,60.21628,58.00862,61.61169,63.41136,59.03389,61.84658,59.46427,57.38467,58.72819,61.55485,56.58622,58.13777,62.62587,65.21503,61.84658,63.78087,59.20304,65.60488,66.0303,61.85467,64.07027,63.82006,63.60031,66.88797,71.21798,64.89992,68.60029,67.1193,67.1193
11.18034,9.84886,10.77033,9.84886,9.84886,9.84886,9.48683,9.48683,8.544,9.21954,8.544,9.21954,8.24621,8.24621,8.24621,9.05539,8.06226,8.06226,8.06226,8.06226,8.06226,8.06226,8.06226,8.0,8.06226,8.06226,8.06226,8.06226,8.06226,8.06226,8.06226,8.06226,8.24621,7.07107,7.28011,7.28011,7.61577,6.7082,6.32456,6.7082,5.83095,5.83095,5.83095,5.0,5.0,5.0,5.0,4.24264,4.24264,3.60555,3.60555,3.60555,68.30813,62.64184,62.76942,60.74537,59.5063,53.85165,53.31041,55.9464,43.86342,50.56679,47.01064,51.0,52.15362,46.06517,46.09772,44.94441,44.40721,47.63402,43.82921,42.72002,44.82187,41.23106,43.93177,39.20459,40.36087,38.41875,39.82462,42.52058,41.72529,40.31129,41.03657,42.44997,41.7732,41.86884,38.94868,40.0,37.80212,40.80441,38.60052,38.83298,33.83785,38.07887,30.8707,33.12099,35.34119,31.7805,31.95309,29.83287,30.59412,26.4764,26.4764,23.19483,23.34524,19.23538,19.0263,23.08679,22.36068,44.94441,46.95743,44.77723,51.62364,48.8467,52.81098,47.43416,51.26402,55.08176,54.40588,58.69412,56.51548,63.34824,60.63827,58.69412,63.3877,68.46897,63.07139,65.12296,64.00781,59.0,66.00758,62.07254,66.00758,68.11755,64.07027,64.0,62.00806,61.0082,67.1193,56.0357,61.0082,58.21512,61.20457,60.20797,60.53098,60.53098,64.32729,62.36986,62.58594,59.48109,61.98387,63.60031,61.03278,63.24555,58.5235,61.03278,64.2573,63.89053,66.12866,66.7308,67.23095,68.35203,66.48308,68.15424,66.64083,64.2573
10.81665,10.0,9.43398,10.0,9.43398,9.43398,9.43398,9.43398,9.43398,8.94427,8.94427,8.94427,8.94427,8.544,7.61577,8.544,8.544,7.61577,8.24621,8.24621,7.61577,8.24621,7.61577,8.24621,8.24621,8.544,8.544,8.544,8.544,7.61577,7.61577,7.61577,7.61577,7.61577,7.2111,7.2111,7.2111,6.40312,6.40312,6.40312,5.65685,5.65685,5.65685,4.24264,4.24264,4.24264,4.24264,4.24264,3.60555,3.60555,3.60555,3.16228,59.0,63.07139,60.00833,58.00862,56.0,62.03225,57.00877,55.0,51.15662,54.00926,49.09175,51.0098,51.08816,46.01087,51.0392,46.27094,46.17359,43.73786,46.27094,45.12206,46.57252,46.69047,42.72002,42.75512,42.75512,41.59327,42.2019,43.01163,40.26164,42.44997,41.23106,46.69047,40.80441,41.76123,35.69314,40.1995,41.97618,41.19466,41.10961,43.01163,38.11824,37.05401,35.22783,35.51056,32.55764,30.06659,30.41381,31.7805,30.67572,27.85678,24.35159,27.313,23.08679,21.54066,21.0238,18.43909,18.35756,44.94441,47.16991,47.53946,49.0408,50.44799,49.0306,51.47815,54.08327,56.32051,54.45181,57.00877,60.07495,63.12686,65.06919,65.12296,61.13101,63.1981,59.21149,62.514,65.73431,64.32729,64.53681,61.84658,63.34824,62.8172,61.61169,63.78871,65.25335,62.36986,65.0,55.7853,64.03124,60.41523,60.01666,60.63827,56.29387,59.5399,62.39391,55.3263,61.03278,62.07254,57.0,60.03332,61.07373,62.0,63.00794,67.00746,63.3877,63.00794,62.1289,67.02984,65.27634,69.02898,62.07254,68.11755,70.06426,62.00806
11.18034,10.19804,10.44031,10.19804,10.19804,9.21954,9.21954,9.48683,9.48683,9.48683,9.48683,8.544,8.544,8.94427,8.544,8.94427,8.06226,8.06226,8.06226,8.06226,8.06226,8.06226,8.06226,8.06226,8.06226,8.06226,8.06226,8.06226,8.06226,8.06226,8.06226,8.06226,7.61577,7.61577,7.61577,7.28011,7.28011,7.28011,7.28011,6.08276,6.08276,6.08276,6.08276,5.09902,5.0,5.0,5.0,5.0,4.0,4.0,4.0,4.12311,61.61169,64.2028,59.68249,51.31277,63.24555,54.20332,57.45433,54.3783,52.47857,50.24938,51.47815,48.76474,48.30114,45.61798,48.8774,43.82921,46.61545,44.01136,44.28318,42.37924,47.80167,41.4367,38.8973,42.95346,42.37924,44.64303,44.27189,40.26164,44.92215,44.55334,41.48494,43.41659,42.44997,42.2019,40.26164,38.8973,41.76123,40.26164,44.92215,37.69615,41.14608,36.12478,38.27532,34.66987,35.80503,33.30165,30.0,28.84441,27.01851,26.90725,24.83948,25.4951,23.02173,21.26029,21.54066,21.18962,16.55295,47.16991,46.51881,46.61545,50.08992,51.42956,48.82622,49.73932,52.20153,55.22681,56.40035,60.87693,58.89822,61.55485,63.65532,60.10824,61.55485,66.46804,67.35726,63.65532,65.06919,65.94695,68.11755,68.8186,66.61081,67.95587,63.24555,66.21933,69.2026,63.25346,64.81512,62.62587,62.00806,60.20797,57.38467,66.52819,64.3506,63.12686,61.6198,58.69412,62.24147,63.65532,61.6198,63.41136,67.00746,58.82176,59.40539,61.85467,63.63175,69.64194,67.20119,64.63745,69.06519,69.06519,67.42403,66.7308,68.24222,67.74216
9.84886,8.94427,9.43398,9.84886,8.94427,8.94427,8.06226,8.60233,8.06226,8.60233,8.60233,7.81025,7.81025,7.81025,7.81025,7.81025,7.07107,7.07107,7.07107,7.07107,7.07107,7.07107,7.07107,7.07107,7.07107,7.07107,7.07107,7.07107,7.81025,7.07107,7.07107,7.07107,7.07107,6.40312,6.40312,6.40312,5.83095,5.83095,5.83095,5.83095,5.38516,5.38516,5.38516,4.12311,4.12311,4.12311,4.12311,4.0,4.0,3.0,3.0,3.0,63.50591,58.60034,57.38467,56.79789,56.0803,53.14132,51.47815,53.85165,50.59644,50.69517,43.68066,47.80167,48.76474,40.79216,46.84015,43.73786,50.80354,44.01136,41.4367,41.97618,46.52956,44.10215,41.10961,41.19466,46.01087,43.28972,37.05401,40.04997,42.0119,41.01219,39.01282,43.04649,42.0,39.20459,38.0526,43.18565,43.10452,38.20995,40.60788,38.47077,37.12142,33.24154,39.84972,38.32754,35.1141,30.67572,31.38471,30.46309,28.6531,24.41311,23.25941,22.36068,23.70654,20.24846,23.02173,24.08319,18.60108,43.32436,45.88028,46.48656,49.24429,47.85394,49.65884,50.24938,45.17743,53.53504,50.11986,55.75841,56.30275,60.20797,60.0,61.84658,59.46427,65.29931,60.30755,59.5483,65.76473,60.10824,67.89698,59.5483,61.07373,60.30755,61.6198,57.62812,60.82763,58.0517,57.28001,56.56854,59.46427,55.17246,58.13777,55.60576,56.72742,54.03702,60.74537,55.47071,60.03332,60.03332,57.70615,58.18075,62.17717,59.68249,60.41523,61.7171,59.9333,63.56099,56.82429,62.24147,66.12866,63.07139,60.41523,67.62396,65.55151,62.76942
10.19804,10.19804,9.21954,9.21954,9.21954,9.21954,9.05539,8.06226,8.06226,8.06226,8.06226,8.0,8.0,8.0,8.0,8.0,8.0,8.0,7.0,7.0,7.0,7.0,7.0,7.07107,8.06226,8.06226,7.07107,8.0,7.0,7.0,7.0,7.0,7.07107,7.07107,7.07107,7.07107,6.08276,6.32456,6.32456,5.38516,5.38516,5.38516,4.47214,4.47214,4.47214,3.60555,3.60555,3.60555,2.82843,2.82843,2.82843,2.82843,66.70832,58.24946,63.34824,58.46366,60.74537,57.56735,55.65968,56.75385,51.5461,51.41984,49.64877,49.1935,52.20153,48.8467,47.01064,50.53712,49.73932,47.50789,45.17743,44.94441,46.14109,45.48626,44.20407,45.17743,39.66106,46.87217,43.01163,42.63801,43.60046,45.27693,43.27817,45.60702,42.19005,49.64877,39.66106,45.65085,40.31129,44.41846,41.67733,36.67424,38.94868,38.07887,37.94733,38.27532,32.98485,31.04835,35.17101,26.92582,25.31798,28.16026,24.5153,23.02173,22.09072,20.09975,22.0,19.0263,17.72005,45.31004,46.23851,43.32436,50.44799,49.72927,50.44799,47.38143,50.80354,55.44367,54.34151,56.32051,58.54912,59.84146,61.03278,62.03225,58.07753,65.0,64.07027,61.0,64.62971,61.20457,66.75328,60.53098,64.49806,62.64982,60.07495,59.21149,63.63961,57.07013,63.15061,56.14268,62.80127,57.42822,55.14526,58.03447,61.0082,55.03635,57.00877,57.14018,59.3043,58.42089,56.29387,57.31492,60.82763,58.5235,58.24946,57.07013,60.44005,65.51336,60.87693,63.06346,65.19202,69.37579,61.84658,67.44627,68.94926,67.18631
12.20656,10.81665,11.40175,11.40175,10.81665,10.0,10.0,10.0,10.0,10.63015,10.0,9.89949,9.89949,9.21954,9.89949,9.21954,9.21954,9.21954,9.21954,9.21954,9.21954,9.21954,9.21954,9.21954,9.21954,8.60233,9.21954,9.21954,9.21954,9.21954,8.48528,9.21954,8.48528,8.48528,7.81025,7.81025,7.81025,8.06226,7.2111,7.2111,6.7082,6.7082,6.7082,5.38516,5.38516,5.38516,5.38516,5.09902,5.09902,4.12311,4.12311,4.12311,63.78871,59.77458,62.8172,57.56735,57.48913,55.9017,56.88585,51.1957,53.93515,46.87217,50.44799,48.83646,47.07441,49.25444,46.27094,44.0,51.0098,44.04543,48.01042,44.01136,44.01136,42.04759,46.09772,42.04759,42.0119,47.0,41.0,45.54119,45.09989,43.56604,41.10961,41.04875,43.18565,41.04875,42.0119,43.04649,38.0526,44.04543,39.11521,37.21559,39.11521,36.87818,38.63936,35.69314,34.78505,31.95309,28.6531,28.63564,23.32381,24.69818,24.41311,23.02173,23.02173,20.61553,22.47221,21.93171,21.26029,49.0408,45.04442,44.04543,48.50773,50.24938,50.21952,50.9902,50.0,51.97115,58.69412,59.46427,56.921,61.35145,60.40695,58.69412,64.40497,66.30988,65.29931,65.30697,66.03787,63.81222,68.7968,64.63745,66.7308,67.1193,64.88451,62.20129,61.29437,62.43397,61.91123,59.68249,63.51378,60.90156,59.68249,57.80138,55.9017,59.9333,60.83584,61.09828,59.13544,59.09315,64.28841,61.98387,62.8172,61.84658,62.36185,64.19502,66.94027,64.7611,66.28725,68.44706,72.00694,65.73431,62.36185,65.11528,69.2315,69.92138
12.04159,12.04159,10.63015,11.31371,10.63015,10.63015,10.0,10.0,10.0,10.0,10.0,9.43398,9.43398,9.43398,9.43398,8.94427,8.94427,8.94427,8.94427,8.94427,8.94427,8.94427,8.94427,8.94427,8.94427,8.544,8.544,8.94427,8.94427,8.94427,8.94427,8.94427,8.06226,8.06226,8.06226,8.06226,7.81025,7.81025,7.07107,7.07107,7.07107,7.07107,6.40312,5.65685,5.65685,5.0,5.0,5.0,5.0,4.47214,4.47214,4.47214,67.1193,57.27128,58.5235,58.82176,53.48832,57.93962,50.32892,56.921,52.49762,46.57252,47.53946,49.0306,44.14748,47.85394,42.57934,44.14748,50.80354,49.25444,46.38965,42.19005,49.16299,43.18565,43.0,44.0,43.10452,43.01163,43.01163,39.0,40.11234,46.09772,41.10961,42.0119,44.0,43.01163,38.01316,42.10701,42.29657,39.45884,43.93177,41.30375,37.21559,38.07887,34.48188,33.52611,33.52611,27.313,30.8707,29.96665,23.60085,24.69818,24.18677,25.0,23.34524,22.2036,22.02272,21.26029,18.60108,46.27094,47.07441,48.27007,52.88667,48.08326,47.43416,45.69464,47.01064,55.36244,53.66563,53.66563,58.59181,58.66856,61.40033,64.66065,61.58734,66.0303,61.40033,65.0,61.40033,61.61169,67.47592,61.84658,63.00794,63.65532,62.00806,60.87693,67.35726,60.30755,62.80127,56.63921,63.25346,58.25805,57.80138,62.00806,55.47071,58.66856,53.53504,57.80138,60.82763,64.88451,55.54278,62.24147,61.32699,59.61543,61.84658,62.76942,58.82176,68.00735,62.39391,62.96825,67.05222,65.19202,61.98387,64.84597,67.35726,62.64184
11.7047,11.40175,10.44031,10.77033,10.77033,10.44031,10.44031,10.19804,10.19804,9.21954,9.21954,9.21954,9.21954,9.21954,9.21954,9.05539,9.05539,9.05539,9.05539,9.05539,9.05539,9.05539,9.0,9.0,9.05539,9.0,9.0,8.06226,9.05539,9.05539,8.06226,8.06226,8.24621,8.24621,8.24621,8.24621,8.24621,7.61577,7.61577,7.61577,6.7082,6.7082,5.83095,5.83095,5.83095,5.83095,5.83095,5.0,5.0,4.24264,4.24264,4.24264,63.63961,59.3043,60.01666,52.7731,59.20304,50.80354,56.7186,52.95281,51.97115,47.29693,47.16991,50.96077,47.92703,47.12749,44.59821,44.01136,47.92703,45.31004,44.01136,43.38202,43.41659,43.56604,39.11521,43.04649,39.82462,44.40721,42.19005,38.27532,43.26662,39.11521,42.72002,45.22168,41.88078,40.31129,38.83298,37.21559,40.24922,36.89173,44.29447,39.0,38.91015,34.17601,38.07887,33.52611,32.55764,30.08322,30.41381,31.40064,25.17936,24.69818,23.02173,22.02272,23.02173,20.22375,22.36068,20.39608,18.02776,41.97618,44.55334,46.17359,47.51842,46.09772,50.08992,47.51842,49.09175,52.00961,53.00943,54.23099,56.22277,61.20457,59.21149,61.20457,60.82763,59.68249,64.53681,59.68249,59.66574,66.48308,67.46851,63.60031,65.14599,60.44005,62.64184,64.19502,62.0967,60.01666,62.58594,59.90826,60.41523,60.01666,57.70615,57.87055,58.54912,55.7315,59.4138,60.53098,60.00833,61.13101,59.5399,55.03635,64.28063,58.00862,61.52235,61.29437,61.52235,66.18912,65.19202,62.80127,60.67125,66.61081,66.61081,66.48308,66.09841,61.81424
10.63015,9.89949,9.21954,9.89949,9.21954,9.21954,9.21954,9.21954,9.21954,8.60233,9.21954,8.60233,7.81025,7.2111,7.2111,8.60233,8.06226,7.2111,7.61577,8.06226,7.2111,7.61577,7.2111,7.61577,8.06226,8.06226,8.06226,7.2111,8.06226,7.2111,7.2111,7.2111,7.2111,7.2111,7.07107,7.07107,7.07107,6.40312,6.40312,6.40312,5.83095,5.83095,5.83095,5.38516,4.47214,4.47214,4.47214,4.12311,4.12311,4.12311,4.12311,4.0,64.07027,59.00847,61.13101,55.03635,58.21512,55.22681,55.14526,55.03635,47.09565,51.15662,49.36598,47.85394,46.52956,45.70558,45.54119,48.76474,44.38468,46.57252,47.12749,40.80441,45.22168,44.91102,46.8188,44.01136,38.27532,40.80441,40.5216,42.54409,39.84972,46.52956,39.56008,45.22168,41.10961,42.05948,36.67424,42.95346,39.84972,39.84972,37.10795,39.20459,35.35534,35.01428,38.01316,35.01428,35.12834,32.06244,34.05877,28.16026,28.28427,27.89265,24.33105,26.4764,20.61553,18.02776,19.69772,18.02776,21.47091,42.94182,42.72002,42.37924,50.28916,46.69047,48.05206,46.87217,50.63596,51.78803,49.24429,56.00893,58.21512,61.03278,61.03278,63.0,60.00833,64.19502,62.03225,64.77654,61.40033,65.37584,63.78871,62.80127,64.32729,63.06346,63.34824,63.34824,61.84658,59.90826,61.18823,59.66574,59.68249,59.22837,55.44367,61.40033,57.70615,56.4358,56.14268,59.21149,59.03389,61.13101,57.03508,61.29437,58.03447,62.00806,59.3043,59.13544,61.29437,63.28507,62.07254,64.0,62.03225,68.00735,61.13101,67.1193,65.00769,66.18912
11.31371,11.31371,9.89949,10.63015,9.89949,9.89949,9.89949,9.21954,9.89949,9.21954,9.21954,9.43398,9.21954,8.60233,8.60233,8.60233,9.43398,8.06226,8.94427,8.60233,8.60233,8.06226,8.06226,8.94427,8.94427,8.94427,8.94427,8.06226,8.94427,8.06226,8.06226,8.60233,8.60233,7.81025,8.60233,7.81025,7.81025,7.81025,7.07107,7.07107,6.40312,6.40312,6.40312,5.65685,5.65685,5.0,5.0,4.47214,4.47214,4.47214,4.47214,4.47214,63.07139,60.41523,63.97656,59.5063,54.42426,59.09315,55.4617,57.69749,50.32892,51.26402,50.92151,47.80167,50.96077,43.68066,45.12206,47.85394,46.38965,48.37355,48.05206,40.02499,46.17359,43.28972,45.17743,44.40721,41.30375,47.38143,36.01389,40.04997,43.18565,43.04649,42.0119,43.04649,40.4475,45.04442,39.05125,42.04759,40.4475,43.41659,39.62323,39.31921,33.73426,33.52611,40.16217,37.10795,34.53983,28.79236,30.88689,30.8707,27.29469,26.07681,26.83282,24.41311,24.20744,20.51828,20.61553,19.84943,19.84943,43.93177,50.9902,43.01163,46.61545,43.86342,49.76947,50.56679,50.56679,57.70615,50.69517,51.42956,56.79789,60.82763,65.0,65.21503,55.44367,68.00735,59.20304,62.42596,64.3506,64.66065,66.48308,58.69412,63.65532,65.05382,63.70243,65.06919,67.88225,59.4138,65.06919,51.62364,62.36986,56.63921,60.1415,57.62812,59.03389,55.47071,58.24946,58.5235,59.16925,66.37017,56.82429,63.28507,58.69412,61.77378,57.93962,63.97656,64.4748,64.4748,60.83584,60.37384,66.85058,70.77429,54.626,67.77905,68.44706,62.39391
10.19804,10.19804,9.05539,9.21954,9.05539,9.05539,8.06226,9.0,9.05539,8.0,8.0,8.0,8.0,8.0,8.0,8.06226,8.06226,8.06226,7.07107,8.06226,7.07107,8.06226,7.07107,7.28011,8.06226,7.28011,8.24621,8.06226,8.06226,7.07107,7.07107,7.07107,7.0,7.0,7.0,7.0,7.0,6.08276,6.08276,6.08276,5.09902,5.09902,5.09902,4.12311,4.12311,4.12311,4.12311,3.60555,3.60555,3.60555,3.60555,2.82843,65.29931,61.7414,65.29931,62.16912,58.30952,58.13777,55.9464,60.82763,58.18075,53.0,50.77401,49.09175,49.39636,50.77401,46.61545,47.63402,49.51767,46.8615,47.63402,43.86342,47.42362,46.66905,46.75468,43.13931,42.42641,41.03657,44.59821,44.40721,46.09772,44.68781,45.80393,46.8615,44.55334,46.2277,41.86884,42.42641,43.27817,44.68781,41.04875,46.8615,39.20459,38.8973,41.04875,40.49691,35.51056,35.22783,28.17801,31.30495,32.31099,26.57066,29.73214,23.76973,23.76973,19.41649,23.34524,19.92486,21.0,43.93177,50.24938,45.22168,51.31277,49.24429,50.08992,48.8467,55.03635,55.54278,54.12024,58.30952,55.54278,63.56099,63.89053,66.09841,62.96825,64.53681,60.87693,66.94027,68.46897,65.19202,68.46897,65.19202,66.09841,64.77654,65.11528,63.1981,64.07027,61.20457,62.39391,57.42822,60.53098,60.07495,59.03389,59.68249,58.24946,58.24946,62.93648,57.87055,59.77458,59.80803,61.68468,57.38467,62.6099,61.26989,60.90156,64.88451,60.83584,64.88451,63.50591,65.76473,66.28725,70.21396,62.17717,67.23095,69.35416,67.54258
11.18034,11.18034,10.04988,11.18034,10.04988,10.04988,10.04988,9.05539,10.04988,9.0,9.05539,9.0,9.0,9.0,9.05539,9.05539,9.05539,8.06226,9.05539,9.21954,9.05539,9.21954,8.06226,8.24621,9.05539,9.05539,9.05539,9.05539,9.21954,9.05539,9.05539,9.05539,9.05539,8.06226,8.0,8.0,8.06226,8.06226,7.07107,7.07107,6.08276,6.08276,6.08276,5.38516,5.09902,5.38516,5.38516,5.38516,4.47214,4.47214,4.47214,3.60555,60.87693,58.94065,61.13101,56.32051,57.56735,56.04463,51.42956,54.42426,54.08327,50.28916,53.48832,46.51881,52.80152,47.42362,42.54409,46.64762,49.20366,47.70744,43.04649,43.909,46.14109,46.32494,42.44997,43.60046,40.81666,41.18252,40.22437,43.86342,40.36087,43.41659,42.43819,48.02083,41.6173,41.23106,41.04875,42.43819,42.72002,41.59327,41.67733,39.21734,43.38202,42.04759,34.9285,37.16181,33.52611,33.13608,34.1321,29.83287,29.27456,29.0,28.0,26.01922,24.08319,20.02498,21.58703,23.5372,16.49242,46.01087,44.68781,45.80393,46.64762,50.47772,46.87217,50.08992,49.1935,56.85948,55.9464,56.64804,55.9464,64.40497,58.30952,59.13544,58.69412,64.13267,61.84658,63.78871,66.27217,60.20797,66.18912,61.20457,59.5399,62.514,61.66036,59.21149,65.00769,61.0082,58.03447,59.00847,56.14268,60.40695,57.21888,56.4358,56.22277,50.63596,54.34151,60.20797,59.48109,60.87693,55.97321,59.66574,61.09828,58.30952,61.13101,64.19502,58.87274,61.35145,67.77905,61.46544,62.17717,66.09841,61.03278,65.45991,64.51356,65.19202
11.18034,10.29563,10.81665,10.29563,10.29563,10.29563,9.43398,9.43398,9.43398,8.60233,9.43398,9.21954,9.21954,9.21954,8.60233,9.21954,8.48528,8.48528,8.48528,8.48528,8.48528,8.48528,8.48528,7.81025,8.48528,8.48528,8.48528,8.48528,8.48528,8.48528,7.81025,7.81025,7.81025,7.81025,8.60233,8.06226,8.06226,7.2111,6.7082,6.7082,7.28011,6.32456,6.32456,6.32456,6.08276,5.09902,5.09902,5.09902,5.0,5.0,5.0,4.0,59.66574,65.73431,59.22837,61.39218,59.43904,59.66574,54.91812,58.42089,54.12947,49.49747,47.26521,51.15662,51.08816,48.16638,45.54119,48.16638,48.04165,44.01136,44.01136,47.0,49.09175,45.17743,42.29657,43.73786,40.11234,46.27094,45.70558,45.54119,43.28972,43.41659,46.52956,45.39824,43.18565,38.83298,40.4475,44.10215,39.05125,43.0,43.04649,41.10961,44.10215,41.30375,38.47077,34.52535,31.62278,32.57299,31.62278,28.79236,25.63201,28.16026,24.69818,28.23119,23.4094,24.18677,21.26029,20.80865,21.93171,49.0102,46.01087,49.0102,51.24451,47.16991,48.50773,48.37355,54.12947,50.01,54.57105,54.70832,61.68468,65.14599,64.07808,61.09828,61.7414,64.84597,68.47627,63.52952,63.50591,61.05735,63.13478,64.88451,67.1193,61.61169,62.76942,59.90826,62.20129,64.3506,61.05735,57.80138,60.53924,62.17717,53.33854,58.59181,56.85948,58.18075,58.13777,57.38467,62.03225,58.69412,62.64184,60.00833,62.58594,60.16644,65.52099,65.25335,61.18823,63.63961,67.91171,68.15424,65.30697,63.32456,65.96969,66.48308,66.4906,62.58594
10.19804,9.21954,10.19804,9.21954,9.21954,9.21954,9.21954,8.24621,8.24621,8.544,8.544,7.61577,8.544,7.61577,7.61577,8.06226,8.06226,7.61577,7.2111,8.06226,8.06226,7.2111,7.2111,7.2111,7.2111,7.2111,7.2111,7.2111,7.2111,7.2111,7.2111,8.06226,7.61577,6.7082,6.7082,6.32456,6.32456,6.32456,6.32456,6.08276,5.09902,5.09902,5.0,5.0,5.0,4.0,4.12311,4.12311,4.12311,4.12311,3.16228,3.16228,61.40033,59.46427,62.68174,59.40539,58.25805,53.00943,53.25411,54.81788,49.09175,56.0803,50.53712,48.8774,49.39636,47.50789,45.61798,47.01064,51.47815,48.10405,44.01136,43.86342,44.27189,44.01136,41.97618,43.9659,43.68066,42.05948,39.29377,45.60702,41.48494,44.64303,43.41659,45.35416,45.54119,42.75512,40.16217,44.94441,43.68066,39.56008,43.46263,37.58989,37.57659,39.35734,38.47077,38.58756,36.40055,30.23243,31.89044,31.82766,29.0,25.0,28.28427,21.93171,21.09502,22.2036,22.47221,17.20465,21.09502,41.10961,48.10405,46.95743,46.51881,44.29447,50.77401,50.24938,49.64877,56.40035,52.43091,58.0,58.41233,59.20304,64.38167,60.87693,56.63921,68.76772,63.12686,62.96825,64.03124,57.42822,63.60031,58.82176,62.00806,60.21628,66.0303,60.20797,62.96825,58.82176,60.21628,55.56978,57.48913,56.85948,59.81639,59.5483,55.60576,53.90733,57.28001,51.73973,55.15433,56.63921,53.82379,61.52235,62.00806,58.89822,56.40035,60.60528,58.24946,62.20129,63.00794,62.68174,63.82006,65.45991,58.60034,65.0,70.17834,67.95587
10.04988,10.04988,10.04988,10.04988,9.05539,9.05539,9.0,9.0,9.0,9.0,9.0,9.05539,8.06226,8.06226,8.06226,8.24621,8.24621,8.24621,8.24621,8.24621,8.06226,8.24621,8.24621,8.24621,8.24621,8.24621,8.24621,8.24621,8.24621,8.24621,7.07107,8.06226,7.07107,7.07107,7.07107,7.0,7.0,6.08276,6.08276,6.08276,6.08276,5.09902,5.09902,5.09902,5.09902,4.12311,4.12311,3.60555,3.60555,3.60555,3.60555,2.82843,66.37017,61.77378,62.96825,59.90826,61.40033,54.6443,54.81788,53.33854,51.0392,49.0408,49.0408,49.81967,52.40229,50.24938,45.60702,44.59821,47.38143,47.38143,48.16638,46.75468,48.41487,45.22168,41.88078,44.04543,39.20459,44.65423,42.72002,42.2019,41.6173,46.64762,46.87217,46.64762,39.69887,42.0119,39.11521,43.27817,42.0119,42.0119,41.23106,44.59821,34.65545,36.76955,37.44329,34.66987,36.40055,34.05877,31.06445,29.96665,27.78489,25.94224,26.41969,24.69818,25.96151,22.47221,21.58703,19.10497,19.41649,48.08326,48.9183,47.63402,48.41487,54.08327,49.73932,46.32494,55.47071,57.45433,49.73932,54.12024,55.9017,58.59181,61.09828,64.62198,60.08328,65.45991,64.19502,61.35145,66.70832,64.03124,65.73431,64.03124,63.34824,64.32729,62.58594,65.62012,63.78871,61.61169,63.56099,57.27128,59.43904,61.39218,59.43904,59.13544,57.56735,58.69412,60.92618,56.30275,59.61543,57.3062,58.66856,60.03332,63.28507,59.68249,54.70832,57.68882,58.83026,64.3506,60.74537,61.85467,66.61081,66.57327,60.03332,65.0,69.89278,63.24555
9.84886,9.48683,9.48683,9.84886,8.544,8.544,8.24621,8.24621,8.24621,8.24621,8.24621,8.24621,8.24621,7.28011,7.28011,8.06226,7.07107,7.07107,7.07107,7.07107,7.07107,7.0,7.07107,7.0,7.07107,7.0,8.0,7.07107,7.07107,8.0,7.07107,7.07107,7.07107,7.07107,7.28011,7.28011,6.32456,5.83095,5.83095,5.38516,5.83095,5.38516,5.0,4.47214,4.47214,3.60555,3.60555,3.60555,3.60555,2.82843,3.60555,2.82843,69.57011,63.89053,65.30697,60.74537,57.58472,54.42426,55.9464,57.87055,52.55473,46.23851,50.92151,49.65884,50.15974,45.61798,48.76474,49.92995,46.95743,47.16991,47.41308,49.64877,48.41487,44.10215,46.2277,43.04649,45.65085,46.32494,46.2277,46.8615,44.68781,46.8615,42.80187,46.87217,45.79301,45.22168,40.81666,45.17743,40.31129,43.909,44.72136,40.71855,39.82462,42.72002,42.37924,39.0,36.68787,32.55764,35.17101,32.55764,29.27456,29.61419,27.29469,24.02082,23.02173,22.0,22.2036,20.22375,17.46425,48.10405,48.01042,47.43416,48.76474,50.11986,49.1935,51.47815,52.92447,51.89412,52.39275,57.87055,61.68468,65.14599,66.94027,65.25335,62.80127,59.5399,63.28507,62.80127,66.37017,63.1981,70.06426,63.00794,67.1193,67.06713,64.28063,62.03225,63.00794,61.13101,62.1289,61.13101,60.03332,56.0803,61.07373,55.7315,57.42822,58.0517,59.84146,61.18823,61.61169,58.0517,60.41523,59.20304,64.84597,58.82176,60.72891,62.62587,61.98387,68.62215,64.2573,64.19502,66.12866,69.89278,63.24555,69.64194,66.70832,64.84597
10.63015,10.63015,9.89949,10.0,9.89949,9.89949,8.48528,9.21954,9.21954,9.21954,9.21954,9.21954,8.60233,8.60233,8.60233,8.60233,8.60233,8.06226,8.06226,8.06226,8.06226,8.06226,8.06226,8.06226,8.06226,8.06226,8.06226,8.06226,8.06226,8.06226,7.2111,8.06226,7.2111,7.2111,7.81025,7.81025,7.07107,7.07107,6.40312,6.40312,6.40312,6.40312,5.0,5.0,5.0,4.47214,4.47214,4.47214,3.60555,3.60555,3.16228,3.16228,67.06713,59.23681,64.19502,62.03225,61.7414,59.46427,56.921,57.93962,47.12749,51.41984,49.24429,48.76474,47.29693,45.12206,48.50773,47.16991,49.64877,42.19005,42.19005,46.04346,48.04165,42.04759,44.04543,42.04759,41.01219,43.0,44.01136,43.01163,43.10452,45.01111,37.21559,45.01111,41.01219,40.0,40.0125,43.41659,37.48333,40.31129,43.56604,38.83298,39.84972,41.23106,37.36308,38.27532,31.38471,32.89377,30.88689,31.76476,28.84441,25.55386,28.30194,24.20744,24.83948,19.41649,23.60085,21.2132,19.41649,44.04543,45.09989,41.30375,48.37355,48.50773,50.96077,49.0306,51.66237,53.75872,54.42426,53.85165,58.69412,62.64982,59.23681,59.94164,59.48109,64.00781,61.85467,65.8635,61.91123,62.42596,62.42596,63.60031,65.60488,63.82006,64.03124,58.25805,61.40033,60.60528,62.00806,58.00862,60.44005,59.90826,55.75841,62.17717,56.60389,59.16925,54.70832,57.24509,58.60034,57.69749,59.13544,60.41523,59.46427,59.23681,61.03278,63.24555,63.06346,58.5235,63.56099,64.2573,63.24555,65.19202,63.60031,64.51356,70.21396,65.25335
10.0,10.0,10.0,9.21954,9.21954,9.21954,9.21954,8.48528,8.48528,8.48528,8.48528,8.48528,7.81025,7.81025,7.81025,8.60233,7.81025,7.81025,7.2111,7.2111,7.2111,8.06226,8.60233,8.06226,7.2111,8.06226,8.60233,8.60233,7.2111,7.81025,7.2111,7.81025,7.81025,7.07107,7.07107,7.07107,7.07107,6.40312,6.40312,6.40312,5.83095,5.83095,5.0,4.47214,4.47214,4.47214,4.47214,4.12311,3.16228,3.16228,3.16228,3.0,60.20797,62.58594,60.53098,61.0,58.03447,53.93515,55.22681,51.24451,54.33231,53.15073,48.25971,47.01064,50.01,50.0,48.25971,47.09565,50.24938,48.16638,47.38143,44.55334,47.67599,45.27693,43.41659,44.91102,44.14748,43.17407,44.92215,42.44997,43.73786,43.9659,43.93177,46.09772,39.81206,42.42641,45.35416,37.48333,42.42641,39.31921,43.04649,43.28972,43.04649,39.01282,36.22154,37.12142,34.71311,33.37664,33.95585,29.83287,28.4605,23.5372,27.20294,23.76973,25.29822,23.32381,22.82542,22.2036,18.38478,47.16991,46.01087,46.04346,48.09366,47.51842,47.51842,49.49747,50.21952,53.93515,57.97413,56.75385,56.32051,62.36185,58.87274,59.46427,65.0,64.62198,62.16912,64.88451,66.30988,66.64833,65.0,62.6099,64.66065,65.36819,67.08204,59.16925,61.77378,58.18075,58.30952,56.82429,62.17717,59.94164,58.30952,60.92618,59.46427,58.5235,57.24509,61.98387,59.77458,62.0967,59.43904,60.44005,63.56099,60.01666,59.84146,62.80127,64.28063,62.514,67.47592,67.60178,63.3877,65.11528,64.77654,63.34824,70.25667,65.62012
12.16553,11.04536,11.04536,11.04536,11.04536,10.04988,10.0,10.0,10.0,9.0,10.0,10.0,9.0,9.0,9.05539,9.05539,9.21954,9.05539,8.06226,8.06226,8.06226,8.24621,8.24621,8.24621,9.05539,9.21954,9.21954,8.06226,8.06226,9.21954,8.06226,8.06226,8.06226,8.06226,8.06226,8.0,8.0,7.07107,7.07107,7.07107,7.07107,7.07107,6.32456,6.08276,5.09902,5.09902,5.38516,5.38516,4.47214,4.47214,4.47214,4.47214,65.06919,65.11528,58.79626,56.63921,58.79626,51.62364,56.63921,51.85557,54.03702,51.40039,47.43416,48.01042,51.31277,51.22499,47.20169,43.909,47.50789,47.16991,43.82921,42.72002,47.01064,43.86342,42.15448,47.43416,42.54409,44.27189,42.72002,45.60702,44.38468,39.21734,41.76123,42.44997,43.46263,41.10961,40.80441,41.78516,40.71855,40.71855,43.32436,36.76955,42.48529,39.44617,39.20459,34.20526,34.05877,35.22783,29.73214,37.01351,27.65863,26.40076,24.08319,25.4951,24.08319,22.80351,22.84732,17.49286,17.88854,45.34314,46.40043,47.42362,51.62364,50.77401,48.76474,54.08327,53.85165,54.70832,53.23533,58.18075,58.18075,62.6099,62.76942,60.83584,62.93648,62.39391,64.84597,60.16644,62.96825,63.32456,65.45991,68.30813,64.56005,63.78871,59.90826,62.36986,62.8172,63.32456,60.72891,58.82176,60.40695,62.76942,60.00833,62.6099,59.48109,60.90156,59.5399,57.69749,57.80138,59.36329,62.42596,61.61169,62.80127,60.46487,66.70832,64.38167,64.44377,58.0,65.19202,62.24147,67.35726,65.29931,62.2254,69.52697,60.10824,63.63961
11.40175,10.19804,10.19804,10.19804,10.19804,9.21954,10.19804,9.05539,9.05539,9.05539,9.05539,9.05539,9.0,9.0,9.0,9.0,9.0,8.0,8.06226,8.06226,8.06226,9.05539,8.0,8.06226,9.05539,8.06226,8.06226,9.05539,9.05539,8.06226,8.06226,8.0,8.0,8.0,8.06226,8.06226,7.07107,7.07107,7.07107,7.07107,6.32456,6.32456,6.32456,5.38516,5.38516,4.47214,4.47214,4.47214,4.47214,4.47214,3.60555,3.60555,59.16925,55.47071,57.48913,58.18075,58.5235,53.33854,53.60037,56.0357,49.0408,49.92995,50.47772,49.81967,50.0,48.9183,47.80167,47.38143,47.42362,46.66905,41.7732,41.7732,45.45327,42.42641,40.45986,40.80441,43.27817,43.27817,40.49691,46.61545,42.63801,45.0,45.60702,42.2019,39.20459,41.40048,40.60788,37.64306,40.36087,41.03657,40.36087,40.45986,39.69887,36.23534,37.21559,33.6006,31.40064,35.8469,32.64966,30.52868,28.23119,26.68333,27.85678,27.20294,25.29822,21.84033,22.80351,20.09975,20.0,46.2277,44.65423,45.79301,48.8774,51.47815,46.61545,47.53946,48.10405,52.55473,53.31041,55.71355,56.64804,59.23681,62.58594,61.98387,56.56854,64.56005,62.58594,61.18823,59.68249,62.96825,65.27634,65.9242,62.36986,61.39218,66.61081,61.40033,62.39391,61.52235,59.03389,57.70615,57.07013,58.85576,59.03389,55.7853,56.51548,58.94065,58.87274,58.69412,53.66563,58.30952,59.94164,57.69749,63.52952,59.16925,59.03389,58.60034,62.17717,60.20797,64.07027,62.26556,64.66065,62.64982,67.41662,63.81222,67.23095,67.74216
10.63015,9.89949,10.0,9.21954,9.21954,9.21954,9.21954,8.60233,8.60233,8.60233,8.60233,8.60233,8.06226,8.06226,8.06226,8.06226,8.06226,8.06226,7.61577,7.61577,7.61577,7.61577,7.61577,7.61577,7.61577,7.61577,7.61577,7.61577,7.61577,8.06226,7.2111,7.2111,7.2111,7.2111,7.81025,6.40312,7.07107,6.40312,5.65685,5.65685,6.40312,5.83095,5.0,5.83095,5.83095,4.47214,4.47214,4.47214,4.47214,4.12311,4.12311,4.12311,55.03635,57.07889,57.03508,52.23983,58.07753,54.08327,55.03635,53.08484,51.08816,53.00943,50.03998,48.04165,50.03998,48.01042,43.10452,48.37355,50.08992,45.35416,42.57934,46.09772,46.09772,46.87217,38.07887,38.63936,43.56604,43.73786,42.75512,42.2019,42.2019,42.72002,42.75512,44.40721,41.30375,40.26164,42.75512,39.31921,41.30375,38.63936,38.0526,40.0,40.0125,34.1321,34.52535,37.33631,34.36568,33.54102,30.80584,29.12044,25.29822,28.4605,25.07987,24.04163,20.61553,22.84732,17.80449,16.27882,19.41649,49.47727,43.56604,48.16638,44.10215,47.16991,46.01087,48.01042,50.03998,54.58938,53.03772,54.23099,55.7315,59.5399,63.50591,57.48913,62.0967,62.0967,62.0967,57.56735,59.80803,60.40695,67.05222,64.4748,59.61543,61.7414,62.29767,59.23681,59.80803,58.87274,56.64804,56.32051,57.58472,55.65968,56.921,54.08327,58.24088,56.51548,63.06346,58.24946,59.84146,57.27128,57.87055,57.42822,61.40033,55.3263,52.03845,56.32051,62.00806,64.19502,65.27634,61.13101,67.36468,65.49046,62.28965,61.29437,66.0303,60.07495
10.19804,10.04988,10.04988,10.04988,9.05539,9.05539,9.05539,9.05539,9.05539,8.0,8.0,8.0,8.0,8.0,8.0,8.06226,8.06226,7.07107,8.06226,7.07107,8.06226,7.07107,7.07107,7.28011,8.06226,7.07107,7.07107,7.07107,8.06226,7.07107,7.07107,7.07107,7.0,7.0,7.0,7.07107,7.07107,7.07107,6.08276,6.08276,5.38516,5.38516,5.38516,5.38516,4.47214,4.47214,4.47214,4.47214,4.24264,4.24264,4.24264,3.60555,59.48109,59.09315,56.0357,54.70832,60.20797,56.0803,52.43091,52.43091,52.00961,49.64877,50.21952,52.00961,47.63402,47.42362,47.63402,46.01087,48.10405,45.96738,42.42641,43.84062,46.66905,43.13931,39.20459,44.55334,39.20459,40.31129,46.01087,41.40048,41.86884,44.20407,43.60046,45.34314,35.60899,41.86884,41.03657,44.04543,41.7732,38.8973,40.31129,39.82462,43.18565,41.04875,37.73592,37.73592,33.6006,31.7805,26.40076,31.30495,29.96665,25.0,24.35159,21.58703,26.24881,21.54066,22.36068,20.39608,24.08319,47.50789,43.82921,48.82622,47.43416,47.01064,47.85394,49.1935,50.9902,53.7122,53.66563,53.48832,55.36244,59.61543,61.03278,59.90826,62.8172,60.41523,63.34824,59.43904,61.39218,61.18823,66.91039,61.52235,63.15061,65.19202,62.64982,59.4138,58.42089,61.52235,54.74486,52.46904,59.03389,54.74486,57.87055,56.75385,57.00877,55.54278,56.32051,58.24088,57.38467,58.18935,60.92618,57.00877,61.77378,53.7122,56.60389,56.79789,61.91123,58.30952,63.52952,62.43397,62.64982,63.95311,62.76942,68.0,63.51378,64.49806
10.77033,10.77033,9.84886,10.77033,9.84886,9.84886,9.84886,8.94427,8.94427,8.94427,8.94427,8.94427,8.94427,9.43398,9.43398,8.60233,8.60233,8.60233,8.60233,8.60233,8.60233,8.60233,8.60233,8.60233,8.60233,8.60233,8.60233,8.60233,8.60233,8.60233,8.60233,8.60233,8.06226,8.06226,8.06226,7.61577,7.61577,7.61577,7.61577,7.28011,6.32456,6.32456,6.32456,5.09902,5.09902,5.09902,5.09902,5.0,5.0,4.0,4.0,4.0,53.00943,64.2028,61.91123,54.91812,59.20304,50.21952,53.7122,53.82379,50.24938,50.47772,48.82622,47.88528,48.02083,47.01064,47.16991,47.92703,47.88528,48.10405,45.69464,45.69464,50.0,43.65776,43.68066,43.01163,46.23851,43.32436,41.4367,44.59821,43.68066,43.17407,43.01163,39.84972,44.94441,43.65776,43.65776,41.23106,41.10961,40.31129,41.23106,38.58756,39.11521,39.96248,39.66106,38.83298,34.05877,32.80244,27.65863,35.38361,28.42534,22.80351,26.24881,25.80698,26.24881,24.18677,22.2036,21.09502,17.72005,49.76947,47.85394,49.24429,52.83938,50.60632,48.8774,49.64877,52.00961,57.62812,61.85467,54.67175,63.89053,62.42596,65.06919,63.03174,65.05382,69.29646,67.00746,64.81512,66.21933,64.81512,67.00746,67.20119,62.62587,67.42403,66.70832,62.62587,59.36329,62.42596,61.40033,58.00862,60.0,61.61169,60.0,63.89053,60.44005,59.4138,62.93648,61.40033,59.20304,55.17246,61.55485,61.55485,68.60029,60.80296,64.2028,61.40033,62.1289,64.07027,66.03787,62.43397,67.95587,65.0,61.85467,69.33974,62.1289,66.7308
11.18034,11.04536,11.04536,11.04536,10.04988,10.04988,10.04988,10.0,10.04988,9.0,9.0,9.0,9.0,9.0,9.0,9.05539,9.05539,9.05539,8.06226,8.06226,8.06226,8.06226,8.06226,8.06226,9.05539,8.24621,8.24621,8.06226,8.06226,8.06226,8.06226,8.06226,8.0,8.0,8.0,8.0,8.06226,7.07107,7.07107,7.07107,7.07107,7.28011,6.32456,6.32456,5.38516,5.38516,5.38516,4.47214,4.47214,4.47214,5.0,5.0,60.40695,66.12866,58.18075,57.93962,62.62587,55.9017,59.23681,53.85165,50.9902,51.62364,52.3259,47.88528,52.47857,46.52956,46.52956,49.39636,49.39636,46.14109,44.94441,44.20407,46.2277,43.86342,42.44997,45.34314,41.40048,42.0119,45.60702,45.0,44.20407,45.34314,47.50789,43.93177,46.8615,46.09772,44.04543,40.0,43.26662,41.67733,43.01163,42.43819,40.22437,38.91015,36.05551,36.68787,37.33631,32.57299,28.86174,32.31099,27.65863,24.73863,27.65863,24.18677,23.34524,20.22375,19.0263,21.09502,18.02776,46.64762,50.08992,48.10405,49.98,53.45091,52.63079,52.63079,53.36666,56.51548,55.10898,58.42089,58.69412,64.49806,64.38167,65.12296,66.18912,64.28063,67.06713,60.07495,65.00769,63.07139,69.18092,68.26419,64.28063,67.26812,64.28063,60.29925,64.07027,59.3043,61.0,62.07254,59.03389,59.00847,59.13544,58.07753,60.13319,59.5399,57.55867,57.55867,63.78871,59.90826,57.00877,55.54278,63.32456,55.10898,63.15853,61.68468,57.58472,63.90618,67.35726,62.29767,64.51356,66.48308,64.19502,65.55151,65.78754,69.28925
10.29563,9.43398,10.29563,9.43398,9.43398,8.06226,8.60233,8.60233,8.60233,8.60233,8.60233,8.60233,8.60233,7.81025,7.81025,8.48528,7.07107,7.81025,7.81025,7.81025,7.07107,7.81025,7.07107,7.81025,7.81025,7.07107,7.81025,8.48528,7.81025,7.07107,7.07107,7.81025,7.81025,7.81025,6.40312,7.2111,6.7082,6.7082,6.7082,5.83095,5.38516,5.38516,5.38516,4.12311,4.12311,4.12311,4.12311,4.12311,4.0,4.0,3.0,3.0,63.95311,62.16912,62.96825,59.4138,57.70615,57.07013,58.30952,55.3263,47.38143,46.27094,47.38143,51.15662,48.16638,48.01042,45.01111,46.01087,48.16638,47.09565,46.0,45.27693,46.38965,44.18144,46.17359,44.10215,44.28318,45.70558,40.11234,46.09772,44.18144,45.54119,42.42641,45.27693,41.7732,48.83646,40.4475,42.0119,42.29657,40.0125,40.0125,41.19466,40.0,36.22154,40.0,39.62323,39.45884,31.06445,34.20526,33.24154,27.20294,27.85678,29.15476,24.59675,23.76973,25.55386,19.72308,21.26029,17.69181,45.39824,46.01087,45.01111,50.15974,50.35871,49.81967,50.01,51.41984,51.41984,56.88585,57.27128,60.44005,64.84597,65.9242,60.00833,62.16912,66.85058,63.07139,64.88451,67.54258,62.43397,65.8635,63.28507,64.14047,66.88797,63.52952,62.26556,62.64982,60.03332,63.06346,53.66563,58.13777,59.5399,57.00877,60.74537,58.60034,56.64804,55.36244,61.03278,58.94065,58.18935,59.90826,59.90826,62.58594,53.85165,62.64982,60.01666,61.81424,68.06614,65.9242,64.62971,65.76473,61.98387,57.42822,60.40695,65.11528,62.80127
9.84886,9.84886,9.84886,9.84886,8.94427,8.544,8.94427,8.06226,8.06226,8.06226,8.06226,8.06226,8.06226,7.81025,7.2111,7.81025,7.81025,7.81025,7.81025,7.81025,7.81025,7.81025,7.07107,7.07107,7.81025,7.07107,7.07107,7.81025,7.81025,7.07107,6.40312,7.81025,7.2111,7.2111,7.2111,6.7082,6.7082,6.7082,6.7082,6.32456,5.38516,5.09902,5.09902,4.12311,4.12311,4.12311,4.0,4.0,4.0,4.0,3.0,3.16228,66.0303,62.68174,60.74537,56.30275,60.20797,50.60632,55.07268,55.9017,49.1935,48.75449,51.47815,47.88528,48.33218,49.24429,44.77723,49.76947,44.94441,47.16991,44.59821,43.68066,47.85394,47.80167,46.32494,44.64303,43.68066,45.89118,44.92215,39.31921,45.12206,46.38965,43.32436,45.89118,41.7732,43.41659,45.12206,44.38468,46.09772,41.48494,45.22168,39.81206,39.92493,33.61547,38.83298,37.21559,34.48188,34.0,30.80584,34.20526,30.23243,29.0,27.58623,26.24881,25.45584,23.34524,22.02272,18.60108,18.35756,49.24429,49.24429,51.47815,48.76474,54.81788,46.40043,47.43416,50.80354,54.67175,57.28001,58.13777,57.38467,58.69412,62.36986,65.19202,61.40033,63.25346,65.21503,62.36986,63.24555,60.80296,68.7968,62.76942,59.36329,66.03787,66.28725,65.19202,58.66856,60.21628,60.0,57.00877,54.91812,57.48913,57.00877,59.66574,60.30755,59.5483,55.22681,56.56854,57.31492,58.89822,59.64059,59.66574,60.74537,59.46427,52.63079,62.68174,63.60031,63.00794,63.51378,62.80127,63.81222,65.19202,58.5235,67.74216,63.82006,69.06519
11.04536,11.04536,11.18034,11.04536,11.04536,10.04988,10.19804,10.19804,10.19804,9.21954,9.21954,9.48683,9.48683,9.48683,9.48683,9.48683,8.544,8.544,8.94427,8.544,8.544,8.544,8.544,8.94427,8.94427,8.94427,8.544,8.94427,9.48683,8.544,8.544,8.544,8.544,8.544,8.24621,8.24621,8.24621,8.24621,8.06226,7.07107,7.0,7.0,7.0,6.0,6.0,5.0,5.0,5.09902,5.09902,5.09902,4.12311,4.12311,58.13777,59.4138,58.0517,58.0,56.85068,50.24938,55.31727,56.58622,47.50789,50.9902,44.20407,47.43416,43.60046,44.04543,49.20366,45.48626,46.14109,40.49691,43.04649,46.51881,46.52956,45.65085,40.31129,40.8534,41.18252,40.24922,44.28318,44.38468,39.92493,42.37924,36.76955,40.8534,42.54409,40.31129,39.0,39.35734,41.67733,38.47077,39.66106,38.47077,36.87818,36.05551,37.80212,33.6006,33.24154,35.38361,30.41381,31.1127,29.41088,25.05993,22.47221,24.18677,23.02173,23.60085,22.47221,23.08679,17.88854,49.09175,45.45327,46.66905,49.57822,48.10405,53.07542,48.83646,53.60037,53.82379,55.47071,60.0,58.24946,62.42596,55.00909,58.18075,61.32699,64.14047,63.50591,60.83584,62.39391,64.62198,62.76942,64.4748,64.07808,62.03225,62.39391,58.87274,59.13544,58.18935,62.64982,58.18075,56.79789,58.18075,55.03635,59.5399,51.88449,58.5235,57.42822,53.82379,56.0803,52.80152,56.72742,59.66574,66.52819,56.0803,56.72742,56.58622,57.98276,60.81118,64.44377,60.20797,61.55485,59.39697,62.93648,66.46804,62.93648,63.03174
10.63015,9.89949,9.89949,9.89949,9.89949,9.21954,9.21954,9.21954,9.21954,8.60233,9.21954,8.60233,8.60233,8.60233,8.60233,9.43398,8.06226,8.06226,8.06226,7.61577,7.61577,7.61577,8.06226,7.61577,8.94427,8.06226,8.94427,8.06226,8.06226,8.06226,7.61577,8.06226,8.06226,8.06226,8.06226,7.2111,7.81025,6.40312,6.40312,6.40312,6.40312,5.65685,5.65685,5.0,5.0,5.0,5.0,5.0,3.60555,3.60555,3.60555,3.16228,61.32699,55.03635,60.00833,56.46238,60.74537,53.7122,54.08327,58.69412,48.46648,50.59644,54.70832,50.96077,50.44799,46.32494,51.41984,50.63596,49.49747,48.37355,45.89118,42.75512,47.01064,45.17743,44.01136,45.09989,43.73786,44.01136,43.18565,43.01163,45.01111,45.17743,47.09565,48.04165,38.0,43.0,38.01316,45.01111,39.31921,42.29657,45.27693,43.28972,38.07887,41.97618,38.60052,37.36308,35.73514,31.01612,34.43835,28.63564,32.24903,29.15476,32.24903,26.41969,22.82542,22.80351,23.85372,20.80865,21.26029,48.46648,50.9902,46.09772,57.80138,47.88528,51.0392,51.0392,57.42822,54.91812,57.45433,61.40033,56.61272,60.30755,61.22091,65.11528,59.66574,67.88225,58.0,69.35416,65.11528,60.87693,65.79514,63.25346,66.52819,65.29931,63.78087,60.20797,63.89053,58.13777,62.36986,53.75872,60.87693,58.69412,57.28001,59.46427,56.0803,56.30275,57.68882,57.48913,57.2014,60.46487,57.3062,64.00781,61.29437,57.27128,64.51356,60.37384,65.30697,62.17717,59.03389,63.50591,63.15853,65.79514,62.39391,71.11259,70.38466,64.88451
11.18034,10.04988,10.04988,10.04988,10.04988,9.05539,9.05539,9.05539,9.05539,9.0,9.0,9.0,9.0,9.05539,9.05539,9.05539,8.06226,8.06226,8.24621,8.06226,8.06226,8.24621,8.06226,8.24621,9.21954,8.24621,8.24621,9.21954,8.24621,8.06226,8.06226,8.06226,8.06226,8.06226,8.0,8.0,8.0,7.0,7.07107,7.07107,6.08276,6.08276,6.08276,5.09902,5.09902,5.38516,5.38516,4.12311,4.12311,4.12311,3.60555,3.60555,61.7414,55.03635,61.7171,59.5063,60.82763,53.7122,59.16925,55.4617,54.56189,52.0,51.97115,48.54894,50.60632,49.09175,51.10773,48.27007,46.09772,45.22168,40.80441,46.2277,43.84062,46.2277,44.55334,46.09772,43.84062,40.36087,46.66905,47.20169,45.34314,43.93177,44.55334,44.55334,45.96738,39.05125,45.27693,43.18565,40.36087,40.36087,38.60052,41.04875,42.72002,41.18252,36.71512,35.80503,34.88553,36.40055,31.62278,31.7805,33.73426,28.86174,25.31798,25.4951,23.4094,23.5372,25.17936,23.02173,22.09072,50.11986,47.88528,51.0,50.69517,56.30275,49.0408,51.86521,55.08176,55.36244,59.13544,61.84658,61.81424,60.87693,64.93843,62.64982,65.12296,64.49806,67.1193,62.1289,61.52235,62.00806,64.07027,64.0,62.07254,62.03225,60.00833,61.0082,61.03278,64.12488,61.03278,59.03389,60.20797,61.52235,53.46027,57.87055,57.42822,59.22837,62.80127,56.75385,59.13544,56.08921,62.29767,58.94065,61.84658,59.09315,60.74537,61.35145,62.64982,60.37384,70.21396,66.24198,64.49806,65.30697,64.4748,68.44706,65.74192,68.96376
11.18034,10.29563,10.81665,10.81665,10.29563,9.43398,10.0,10.0,10.0,10.0,10.0,9.21954,9.21954,9.21954,9.21954,9.21954,8.48528,8.48528,8.48528,8.48528,8.48528,9.21954,8.48528,9.21954,9.21954,9.21954,9.21954,9.21954,9.21954,8.48528,8.48528,8.48528,9.21954,8.48528,7.81025,7.81025,7.81025,8.06226,8.06226,7.2111,6.7082,6.7082,6.7082,5.38516,5.38516,5.38516,5.38516,5.09902,5.09902,5.09902,4.12311,4.12311,61.09828,66.30988,62.93648,58.69412,58.18935,56.921,56.04463,58.5235,53.48832,49.33559,49.0408,50.28916,50.0,46.87217,46.69047,46.38965,49.0408,50.0,45.70558,42.10701,46.17359,45.04442,44.01136,43.01163,43.01163,46.38965,44.0,43.10452,49.09175,45.17743,41.0,47.04253,44.10215,41.10961,42.0,43.10452,43.28972,43.41659,40.1995,42.05948,38.47077,39.05125,37.0,39.20459,34.48188,34.17601,32.75668,33.24154,27.78489,28.17801,28.17801,24.41311,25.55386,24.41311,21.63331,18.60108,21.93171,46.09772,47.12749,48.76474,49.33559,50.15974,47.42362,49.65884,52.83938,60.53924,55.22681,57.45433,61.91123,61.05735,66.7308,63.00794,63.89053,65.0,64.44377,62.62587,67.89698,63.70243,67.88225,67.17887,62.28965,65.76473,67.20863,60.10824,63.65532,60.20797,61.55485,58.69412,59.4138,56.0803,57.98276,60.959,59.40539,56.85948,57.98276,61.05735,60.82763,62.64982,58.69412,59.94164,65.0,55.54278,61.32699,64.41273,61.7414,65.55151,63.07139,61.46544,68.00735,64.07808,62.39391,62.96825,65.25335,64.56005
9.43398,9.43398,9.43398,9.43398,9.43398,8.94427,8.94427,8.94427,8.06226,8.544,8.94427,8.544,7.61577,8.544,8.544,8.24621,8.24621,7.28011,7.28011,8.06226,7.28011,8.24621,7.07107,8.06226,8.24621,7.07107,8.06226,8.24621,8.06226,7.07107,7.28011,7.28011,7.28011,7.28011,7.28011,7.28011,6.32456,6.7082,5.83095,5.83095,5.83095,5.83095,5.0,5.0,5.0,3.60555,4.24264,4.24264,3.60555,3.60555,3.60555,2.82843,67.1193,54.14795,63.12686,62.00806,55.00909,56.0,53.00943,54.00926,53.00943,46.09772,50.35871,47.38143,47.67599,45.70558,47.51842,51.1957,49.47727,46.57252,47.12749,44.38468,47.75982,43.9659,43.86342,42.15448,40.80441,43.41659,44.27189,47.42362,45.54119,44.38468,42.72002,43.32436,44.59821,45.88028,43.32436,46.09772,43.9659,39.29377,42.95346,42.44997,44.55334,40.79216,39.05125,38.63936,33.13608,34.0147,35.12834,31.01612,28.01785,26.68333,23.19483,23.34524,22.2036,23.4094,23.76973,15.81139,20.61553,49.49747,42.42641,46.38965,49.0102,50.01,49.0102,49.0,50.08992,53.23533,52.03845,57.07889,59.68249,61.40033,59.68249,61.18823,60.63827,62.58594,61.68468,63.32456,64.56005,60.74537,65.39113,60.53924,60.74537,63.90618,62.96825,57.58472,62.03225,54.78138,60.40695,57.93962,57.77543,63.24555,57.28001,59.90826,57.00877,55.7853,55.9017,55.10898,58.85576,57.87055,59.00847,55.08176,61.13101,62.03225,66.0303,62.03225,62.0,62.07254,57.0,64.07027,65.12296,62.03225,62.00806,64.0,66.0303,62.28965
11.18034,10.29563,10.29563,10.29563,10.29563,8.94427,9.43398,9.43398,9.43398,9.43398,9.43398,9.43398,8.60233,8.60233,8.60233,9.21954,8.48528,8.48528,8.48528,8.48528,8.48528,8.48528,8.48528,8.48528,8.48528,8.48528,8.48528,8.48528,8.48528,8.48528,7.81025,9.21954,8.60233,7.81025,7.81025,7.2111,7.2111,8.06226,6.7082,6.7082,6.7082,6.7082,6.32456,5.38516,5.38516,5.38516,5.09902,5.09902,5.09902,4.12311,4.12311,4.0,62.6099,64.88451,61.84658,57.38467,56.36488,55.47071,52.55473,57.69749,53.22593,48.10405,48.46648,46.48656,49.47727,49.64877,45.88028,46.32494,51.41984,47.53946,47.29693,42.72002,45.70558,42.57934,44.10215,41.4367,42.75512,43.28972,43.10452,48.16638,46.09772,42.0119,44.28318,44.10215,39.31921,44.04543,41.30375,46.09772,40.60788,43.41659,35.90265,40.26164,36.13862,37.16181,37.57659,32.20248,38.62642,33.54102,28.63564,28.63564,29.15476,24.41311,26.92582,23.34524,23.34524,21.40093,23.34524,25.4951,20.80865,45.12206,49.0408,45.22168,52.55473,50.15974,46.95743,50.53712,48.75449,54.91812,51.97115,59.07622,56.61272,63.24555,63.24555,64.03124,58.89822,66.8431,63.12686,63.63961,62.28965,63.63961,66.48308,62.36986,60.87693,65.11528,64.44377,61.40033,65.29931,60.959,65.19202,54.45181,62.93648,58.69412,57.31492,61.55485,57.00877,56.72742,58.25805,59.40539,61.29437,60.46487,55.56978,61.91123,64.49806,56.79789,64.49806,65.76473,61.7414,62.24147,64.00781,65.36819,65.79514,62.64982,59.48109,66.18912,74.24958,64.41273
9.84886,9.84886,9.48683,9.84886,8.544,8.544,8.544,8.24621,8.544,8.24621,8.24621,8.24621,8.24621,8.06226,8.06226,8.06226,8.06226,7.07107,8.06226,7.07107,7.07107,8.06226,7.0,7.0,8.0,8.0,8.0,8.06226,8.06226,7.07107,7.07107,7.07107,7.07107,7.07107,7.28011,7.28011,7.28011,6.32456,5.38516,5.83095,5.83095,5.83095,5.0,4.47214,5.0,4.24264,3.60555,4.24264,2.82843,2.82843,2.82843,2.82843,63.78871,61.52235,61.98387,51.78803,56.7186,53.93515,52.17279,55.9017,51.41984,50.0,48.50773,48.27007,48.50773,46.23851,46.48656,46.51881,48.8467,47.01064,46.09772,43.86342,45.61798,39.81206,41.34005,40.31129,39.96248,43.41659,41.18252,46.40043,46.14109,42.19005,42.0119,44.94441,45.27693,42.54409,39.44617,43.38202,42.94182,43.82921,43.65776,42.15448,39.0,34.48188,37.33631,38.60052,34.20526,34.36568,30.14963,33.06055,28.28427,30.01666,25.07987,22.36068,25.17936,24.02082,21.58703,21.58703,19.41649,43.82921,44.27189,48.46648,47.80167,46.32494,46.09772,46.69047,51.62364,52.46904,55.44367,56.14268,56.0803,61.13101,63.03174,64.00781,62.00806,57.00877,58.13777,60.20797,61.29437,58.0517,66.75328,62.514,62.80127,63.15061,60.40695,60.01666,61.18823,55.7315,59.68249,55.31727,57.31492,56.7186,56.22277,57.21888,58.03447,56.00893,57.00877,57.0,55.14526,55.0,59.3043,56.14268,62.28965,58.54912,56.56854,59.68249,60.41523,56.08921,60.01666,60.16644,62.58594,61.84658,58.85576,65.9242,62.96825,59.84146
10.63015,10.0,9.89949,10.0,9.21954,9.21954,9.21954,9.21954,8.48528,8.48528,9.21954,9.21954,9.21954,7.81025,7.81025,8.60233,8.60233,8.60233,8.06226,8.06226,8.06226,8.06226,8.60233,8.06226,8.06226,8.06226,8.06226,8.06226,8.06226,8.06226,7.2111,8.60233,7.81025,7.81025,7.81025,7.81025,7.07107,7.07107,6.40312,6.40312,6.40312,6.40312,5.0,5.0,5.0,5.0,4.47214,3.60555,4.47214,3.60555,3.16228,3.16228,62.0967,61.68468,58.24946,54.57105,53.93515,55.31727,53.16014,51.41984,48.27007,53.15073,50.15974,48.25971,49.81967,45.27693,43.56604,44.55334,49.09175,45.09989,42.0,43.01163,45.09989,45.09989,42.29657,43.18565,42.04759,41.4367,41.04875,41.30375,43.10452,43.28972,43.56604,42.57934,37.01351,43.18565,38.47077,41.04875,41.10961,42.04759,41.0,39.0,38.11824,37.21559,38.63936,35.35534,36.67424,29.83287,30.80584,33.24154,29.41088,27.20294,26.83282,26.24881,22.84732,20.59126,24.69818,20.24846,22.02272,45.17743,48.50773,48.05206,47.80167,50.0,47.75982,50.32892,48.33218,52.0,56.79789,55.9464,60.03332,58.13777,63.13478,64.14047,60.80296,62.96825,59.40539,61.91123,62.20129,64.2028,63.78087,61.61169,62.00806,62.93648,60.80296,61.6198,60.20797,58.89822,59.20304,58.13777,60.21628,59.20304,55.80323,58.00862,57.3062,54.20332,55.9464,54.91812,54.58938,59.9333,60.92618,59.61543,62.39391,59.46427,61.09828,58.5235,57.97413,61.68468,59.77458,63.32456,63.06346,63.78871,60.87693,62.64184,62.36185,66.21933
11.0,11.04536,10.04988,11.0,10.04988,10.04988,10.04988,10.04988,10.04988,9.05539,9.05539,9.21954,9.05539,8.24621,8.24621,9.48683,8.544,8.24621,8.544,8.544,8.544,8.544,8.544,8.544,8.544,8.544,8.544,8.544,8.544,8.544,8.24621,8.24621,8.24621,8.24621,8.24621,8.06226,8.06226,7.0,7.0,7.0,7.0,7.0,6.08276,6.08276,6.08276,5.09902,5.09902,5.09902,5.09902,4.47214,4.47214,4.47214,66.8431,56.0803,60.959,64.38167,56.58622,57.48913,57.38467,53.8145,50.9902,45.96738,49.67897,47.42362,47.63402,44.68781,45.45327,48.25971,49.81967,44.40721,43.60046,41.40048,45.65085,43.82921,43.38202,44.28318,41.67733,43.41659,42.48529,43.909,47.41308,41.59327,43.04649,45.17743,40.31129,46.51881,38.07887,40.49691,41.34005,40.22437,39.66106,37.44329,39.20459,34.82815,39.69887,35.35534,33.24154,31.89044,31.241,28.3196,28.30194,27.80288,27.80288,22.84732,21.54066,21.93171,22.84732,21.84033,19.64688,45.80393,48.16638,49.49747,49.57822,48.79549,48.9183,50.80354,56.0803,55.60576,55.21775,56.85948,58.82176,61.85467,62.43397,61.7171,60.41523,64.41273,64.49806,64.4748,68.02941,62.64982,63.32456,62.96825,68.15424,61.68468,60.83584,60.08328,62.76942,62.39391,60.53924,57.27128,58.87274,60.40695,57.93962,57.77543,58.59181,57.70615,55.56978,57.68882,59.36329,59.07622,57.2014,64.3506,61.40033,59.20304,65.29931,63.70243,64.03124,65.76473,62.96825,61.55485,62.93648,68.0147,59.5483,66.48308,69.35416,65.19202
11.18034,10.29563,11.18034,10.29563,10.29563,8.94427,9.43398,9.43398,9.43398,9.43398,9.43398,8.60233,8.60233,8.60233,8.60233,9.21954,8.48528,8.48528,8.48528,8.48528,8.48528,8.48528,8.48528,8.48528,8.48528,8.48528,8.48528,9.21954,8.48528,8.48528,7.81025,8.48528,8.48528,7.81025,7.81025,7.81025,7.2111,7.2111,6.7082,6.7082,6.7082,5.83095,6.7082,5.38516,5.38516,5.38516,5.38516,5.09902,5.09902,5.09902,4.12311,4.12311,59.90826,64.53681,61.98387,60.16644,56.04463,52.7731,55.10898,57.70615,50.01,50.48762,51.62364,48.09366,49.09175,42.10701,44.18144,47.16991,49.09175,43.0,44.01136,44.0,47.26521,46.01087,45.17743,42.29657,43.41659,45.39824,44.18144,43.56604,41.4367,43.41659,40.79216,43.56604,39.81206,41.30375,37.48333,43.28972,40.1995,42.0119,46.04346,36.01389,38.0526,37.33631,33.37664,35.22783,34.9285,30.36445,31.95309,35.17101,26.40076,28.23119,25.07987,22.47221,22.80351,24.18677,21.09502,17.69181,19.20937,46.87217,44.72136,51.41984,50.21952,52.92447,54.40588,52.49762,55.15433,53.85165,55.03635,59.9333,59.94164,64.41273,62.64982,63.13478,62.76942,65.19202,63.60031,62.96825,63.24555,62.96825,66.8431,64.81512,64.07027,62.20129,65.21503,64.53681,63.25346,66.21933,61.03278,57.62812,64.63745,60.80296,58.30952,61.58734,59.16925,57.70615,61.7414,59.09315,60.41523,58.18075,63.24555,61.46544,63.56886,61.98387,62.16912,64.84597,66.76077,63.06346,68.00735,63.60031,65.51336,67.18631,64.03124,68.41053,67.44627,61.40033
10.63015,10.0,10.0,10.0,10.0,9.21954,9.43398,9.43398,8.60233,9.43398,8.60233,8.60233,8.06226,8.06226,8.06226,8.94427,8.544,7.61577,7.61577,7.61577,7.61577,8.544,7.61577,7.61577,7.61577,8.544,8.544,8.544,8.544,8.544,7.61577,7.61577,7.61577,7.61577,7.2111,7.2111,7.2111,6.40312,6.40312,6.40312,5.65685,5.65685,5.65685,5.0,5.0,4.24264,4.24264,4.24264,3.60555,3.60555,3.60555,3.16228,63.07139,58.07753,60.03332,56.0357,61.03278,57.31492,52.08647,52.08647,48.01042,53.03772,49.0,51.15662,49.36598,46.17359,48.01042,46.01087,49.09175,42.75512,44.28318,44.91102,45.88028,43.56604,42.44997,40.80441,40.4475,42.42641,42.72002,40.79216,43.68066,43.32436,41.97618,44.14748,40.79216,43.01163,43.93177,41.7732,40.02499,36.49658,38.20995,39.20459,36.01389,40.04997,38.20995,31.57531,33.54102,33.06055,31.57531,30.41381,29.61419,27.20294,23.76973,24.16609,25.63201,21.18962,20.59126,20.24846,22.62742,46.57252,49.49747,48.04165,50.08992,49.0,48.01042,49.0102,52.00961,56.00893,55.22681,59.5399,56.4358,62.28965,61.0,61.0,60.44005,64.32729,64.84597,62.96825,63.56886,64.51356,62.62587,62.76942,62.62587,64.2573,63.56886,61.68468,63.56886,59.46427,60.44005,54.40588,61.68468,57.97413,55.7853,57.28001,56.29387,58.46366,58.0517,54.91812,60.01666,56.4358,57.03508,57.70615,59.07622,61.13101,58.03447,58.03447,61.0,63.03174,64.00781,64.00781,65.03076,64.0,68.02941,66.0303,66.18912,66.00758
9.21954,9.21954,9.21954,9.21954,9.21954,9.21954,8.06226,8.06226,8.06226,8.06226,8.06226,8.0,8.0,8.0,8.0,8.0,8.0,7.0,7.0,7.0,7.0,7.0,7.0,7.07107,7.07107,7.07107,7.07107,7.0,7.0,7.0,7.0,7.0,7.07107,7.07107,7.07107,7.07107,6.08276,6.32456,5.38516,5.38516,5.38516,5.38516,4.47214,4.47214,4.47214,3.60555,3.60555,3.60555,2.82843,2.82843,2.82843,2.82843,65.52099,60.16644,60.53924,57.00877,60.00833,51.26402,56.64804,55.15433,50.56679,51.42956,48.75449,51.0,50.9902,53.33854,45.27693,43.56604,49.73932,47.43416,44.41846,43.41659,45.80393,43.93177,42.42641,43.60046,43.26662,45.80393,44.82187,46.01087,43.13931,44.59821,43.86342,44.59821,45.48626,43.86342,46.01087,41.88078,43.18565,46.87217,44.40721,35.8469,39.96248,38.47077,39.39543,38.01316,39.0,34.17601,30.67572,33.24154,25.4951,26.4764,26.68333,25.4951,26.07681,26.01922,24.02082,17.0,22.0,48.30114,47.01064,48.70318,46.84015,51.24451,47.80167,51.97115,49.24429,55.7315,53.60037,55.44367,58.42089,63.34824,63.28507,59.07622,62.00806,59.00847,62.00806,62.07254,62.514,59.21149,71.17584,61.07373,63.00794,62.1289,63.07139,60.00833,64.19502,60.20797,60.07495,61.0082,60.03332,57.03508,59.00847,63.00794,60.00833,59.13544,60.53098,58.42089,61.61169,57.55867,59.22837,58.85576,64.7611,60.44005,58.5235,63.60031,62.93648,65.45991,66.40783,62.03225,66.30988,63.24555,60.44005,68.30813,67.35726,68.00735
12.08305,11.18034,11.18034,11.18034,11.18034,9.84886,10.29563,10.29563,10.29563,9.43398,10.29563,9.43398,9.43398,9.43398,8.60233,10.0,9.21954,8.60233,9.21954,9.21954,9.21954,9.21954,8.60233,9.21954,9.21954,9.21954,9.21954,9.21954,9.21954,9.21954,8.60233,8.60233,8.60233,8.60233,8.06226,8.06226,8.06226,7.61577,7.61577,7.61577,6.32456,6.32456,6.32456,6.32456,5.09902,5.09902,5.09902,5.09902,5.09902,5.0,4.0,4.0,59.13544,62.93648,60.41523,60.16644,56.29387,53.45091,51.1957,58.69412,50.48762,48.50773,47.07441,49.25444,48.16638,46.17359,45.70558,45.09989,48.04165,43.18565,44.01136,46.09772,45.01111,46.01087,42.19005,44.10215,42.0119,42.10701,43.10452,41.30375,43.04649,41.0,40.1995,44.18144,42.29657,43.28972,41.30375,43.10452,39.45884,43.0,44.04543,40.0,40.1995,33.37664,36.34556,34.71311,33.24154,32.75668,29.83287,29.73214,27.73085,27.20294,24.69818,20.61553,23.85372,25.4951,21.09502,21.26029,16.40122,49.24429,44.64303,48.08326,51.62364,48.8467,49.24429,48.46648,52.39275,57.70615,58.18075,57.98276,61.58734,60.53924,61.03278,64.66065,65.43699,67.41662,64.03124,63.60031,64.53681,67.35726,66.4003,61.84658,65.19202,64.38167,62.96825,63.70243,63.78087,60.959,59.81639,59.20304,63.41136,61.85467,62.80127,62.96825,57.45433,54.58938,60.20797,57.98276,60.41523,64.07808,60.74537,64.07808,62.76942,60.00833,66.94027,61.98387,63.78871,64.7611,65.52099,63.32456,70.88018,70.21396,65.45991,64.56005,70.0928,67.68309
11.0,11.0,11.04536,11.0,10.04988,10.0,10.04988,10.04988,10.04988,9.05539,9.05539,9.21954,9.21954,9.21954,9.21954,9.21954,9.21954,8.24621,8.544,8.544,8.544,8.544,8.24621,8.544,8.544,8.544,8.544,8.544,8.544,8.24621,8.544,8.24621,8.24621,8.24621,8.06226,8.06226,8.06226,8.06226,7.0,7.0,6.0,6.0,6.0,6.0,5.09902,5.09902,5.09902,5.09902,5.09902,4.12311,4.12311,3.16228,65.19202,62.96825,62.28965,57.48913,58.89822,55.17246,56.63921,53.03772,52.34501,48.83646,45.27693,46.8615,48.08326,45.34314,46.8615,47.50789,47.43416,45.48626,45.22168,45.0,44.10215,45.48626,39.82462,42.94182,40.81666,41.34005,42.54409,44.29447,42.94182,42.04759,41.14608,43.909,39.35734,41.18252,39.11521,42.80187,42.80187,42.2019,38.60052,41.86884,36.76955,36.23534,37.48333,36.12478,34.05877,31.14482,31.62278,31.40064,28.6531,27.73085,25.05993,22.36068,21.0238,24.69818,22.36068,18.0,20.88061,46.52956,47.80167,52.20153,50.0,52.40229,51.66237,50.93133,49.51767,55.86591,53.2635,60.30755,57.80138,63.78087,64.07027,63.51378,64.66065,66.88797,62.26556,66.37017,66.24198,67.53518,63.07139,64.88451,65.30697,63.15853,65.74192,59.61543,63.95311,62.64982,61.29437,55.9017,60.41523,58.59181,55.9464,59.48109,55.75841,57.00877,59.40539,62.00806,60.44005,60.0,58.79626,61.07373,60.82763,59.66574,58.41233,63.25346,65.19202,67.20863,63.63961,63.65532,62.93648,65.76473,65.43699,68.593,66.46804,67.88225
10.0,10.0,9.21954,9.21954,9.21954,9.21954,9.21954,9.21954,9.21954,8.48528,8.48528,8.48528,7.81025,7.81025,7.81025,7.81025,7.81025,7.81025,7.2111,7.2111,7.2111,7.2111,7.81025,7.2111,7.2111,7.2111,7.2111,7.2111,7.2111,7.81025,7.07107,7.81025,7.81025,7.07107,7.07107,7.07107,7.07107,6.40312,6.40312,6.40312,5.83095,5.83095,5.83095,5.38516,5.38516,5.38516,5.09902,4.12311,4.12311,4.12311,4.0,4.0,56.29387,59.03389,56.88585,56.7186,59.5399,52.17279,53.93515,51.97115,51.62364,50.24938,51.24451,47.09565,50.15974,47.16991,50.01,48.01042,49.0102,44.18144,48.04165,43.04649,48.04165,45.39824,40.60788,38.01316,42.0119,43.10452,41.7732,39.45884,40.79216,41.59327,45.54119,42.04759,40.11234,41.4367,42.10701,39.05125,41.01219,39.20459,40.0,39.01282,37.12142,39.05125,32.55764,36.22154,32.98485,32.28002,30.36445,29.73214,29.15476,24.69818,24.59675,21.63331,20.61553,23.60085,22.47221,21.47091,20.51828,48.16638,45.09989,45.0,50.63596,47.67599,49.64877,54.12024,51.1957,52.63079,54.34151,55.36244,57.48913,62.16912,62.64184,61.32699,60.92618,67.23095,62.24147,63.07139,63.52952,63.06346,66.7308,65.8635,62.17717,63.13478,62.17717,61.91123,63.28507,63.81222,62.26556,55.07268,61.91123,58.5235,56.82429,58.66856,58.13777,55.54278,59.80803,59.80803,56.04463,59.46427,58.18935,59.20304,57.27128,61.18823,59.48109,63.06346,61.61169,63.50591,63.78871,63.34824,64.62971,61.61169,59.5399,66.21933,66.09841,65.25335
10.0,9.0,9.0,9.0,9.0,8.0,8.0,8.0,8.0,8.06226,8.06226,8.06226,8.06226,7.07107,7.07107,7.28011,7.28011,7.07107,7.28011,7.28011,7.28011,7.28011,7.28011,7.61577,7.28011,6.32456,7.28011,7.28011,7.28011,7.28011,7.28011,7.28011,7.07107,7.07107,6.08276,6.08276,6.0,6.0,6.0,6.0,5.09902,5.09902,5.09902,4.12311,4.12311,4.12311,4.12311,4.47214,4.12311,3.60555,3.60555,3.60555,57.80138,58.41233,63.24555,55.80323,53.25411,53.41348,48.60041,54.91812,46.87217,47.43416,49.73932,51.86521,47.88528,44.41846,45.27693,46.06517,47.42362,44.38468,47.01064,42.37924,45.60702,43.46263,43.9659,41.78516,40.80441,39.56008,45.22168,44.40721,41.97618,43.68066,38.8973,44.91102,41.97618,43.56604,36.13862,39.84972,37.0,42.37924,40.16217,36.24914,39.82462,37.12142,37.58989,32.24903,32.75668,30.52868,32.80244,31.40064,27.65863,24.83948,26.24881,23.43075,23.43075,22.67157,22.80351,20.61553,17.80449,44.40721,48.41487,43.60046,48.9183,47.38143,49.0408,48.9183,49.57822,51.62364,48.79549,58.60034,57.00877,60.0,61.61169,59.07622,57.3062,63.51378,61.05735,65.29931,63.13478,60.82763,65.76473,58.30952,61.26989,63.15853,62.17717,58.30952,63.07139,59.03389,62.76942,53.23533,59.94164,58.66856,55.47071,55.75841,53.82379,54.08327,59.03389,56.85068,59.5483,54.67175,57.98276,59.4138,58.0,57.28001,60.10824,58.0517,55.60576,58.25805,61.7171,61.84658,62.62587,62.482,59.5483,65.60488,67.62396,59.81639
10.63015,9.89949,9.89949,9.89949,9.21954,9.89949,9.21954,9.21954,9.21954,8.60233,9.21954,8.60233,8.60233,8.60233,8.60233,8.60233,8.06226,8.06226,8.06226,8.06226,8.06226,8.06226,8.06226,7.61577,8.06226,8.06226,8.06226,8.06226,8.06226,8.06226,8.06226,8.06226,7.2111,7.2111,7.81025,7.07107,7.07107,7.07107,5.65685,5.65685,6.40312,5.83095,5.0,5.0,5.0,4.47214,4.47214,3.60555,3.60555,3.60555,3.16228,3.16228,60.37384,58.59181,65.19202,60.41523,54.78138,54.626,52.88667,54.08327,52.80152,53.85165,50.59644,51.62364,51.66237,48.27007,46.17359,48.37355,47.07441,45.27693,42.75512,44.91102,44.55334,43.56604,43.28972,44.72136,41.4367,43.28972,40.11234,44.0,41.04875,39.20459,42.19005,47.04253,41.10961,42.10701,40.04997,41.97618,38.83298,42.75512,42.05948,39.21734,39.56008,39.56008,36.68787,33.83785,36.24914,33.12099,31.76476,29.06888,29.73214,26.90725,25.23886,26.07681,27.45906,25.4951,21.93171,22.80351,19.84943,45.27693,50.21952,47.07441,54.57105,52.20153,50.32892,51.89412,53.31041,55.4617,55.54278,59.03389,57.24509,58.87274,65.29931,61.85467,58.82176,67.23095,63.12686,66.28725,67.35726,62.36986,66.6033,63.03174,66.85058,62.482,64.2028,59.66574,64.44377,60.959,64.53681,60.60528,59.03389,57.80138,59.66574,58.60034,62.00806,55.75841,60.41523,56.93856,58.87274,62.43397,59.48109,61.77378,64.84597,60.92618,59.80803,60.83584,59.09315,63.50591,61.84658,62.03225,63.32456,65.9242,63.90618,64.51356,71.30919,63.15853
10.63015,10.63015,10.0,10.0,10.0,10.0,9.43398,9.43398,9.43398,8.60233,9.43398,8.60233,8.06226,8.06226,8.06226,8.06226,8.06226,7.61577,7.61577,7.61577,7.61577,7.61577,7.61577,7.61577,7.61577,7.61577,7.61577,7.61577,7.61577,8.06226,7.61577,7.61577,7.61577,7.2111,7.2111,7.2111,7.07107,6.40312,6.40312,5.65685,6.40312,6.40312,5.65685,5.0,5.0,4.47214,4.47214,4.47214,4.47214,4.47214,4.12311,4.12311,62.03225,66.0,60.20797,58.21512,59.07622,55.0,52.61179,52.34501,51.15662,49.49747,47.38143,48.37355,47.51842,48.27007,48.25971,47.80167,50.0,46.32494,41.7732,43.9659,41.4367,48.08326,40.49691,41.4367,39.92493,40.49691,42.72002,42.95346,41.4367,43.65776,42.37924,43.9659,42.37924,39.21734,44.59821,40.5216,38.8973,36.13862,38.47077,40.31129,39.05125,38.11824,40.0125,31.0,31.01612,36.12478,26.07681,29.42788,25.31798,23.5372,26.4764,26.24881,21.54066,22.84732,19.69772,19.72308,20.24846,46.17359,43.68066,49.98,47.29693,53.93515,47.26521,50.63596,56.0357,58.30952,56.22277,57.14018,59.03389,61.0,62.03225,58.30952,61.13101,63.63961,66.4906,63.3877,62.36986,62.58594,63.06346,65.73431,63.06346,67.68309,61.81424,63.60031,61.84658,67.18631,60.41523,55.7853,58.0517,59.22837,58.30952,59.03389,59.4138,58.30952,58.85576,61.13101,52.0,59.13544,63.07139,56.00893,65.06919,58.03447,59.03389,58.00862,66.27217,60.07495,66.48308,64.12488,64.49806,64.07027,66.1211,66.18912,64.07027,70.06426
11.18034,11.04536,10.04988,11.18034,10.04988,10.04988,10.04988,10.04988,9.05539,9.0,9.0,9.0,9.0,9.0,9.0,9.05539,9.05539,8.06226,8.06226,8.06226,8.06226,8.06226,8.06226,8.06226,8.06226,8.06226,8.06226,8.06226,8.06226,8.06226,8.0,8.0,8.0,8.0,8.0,8.0,8.06226,7.07107,7.07107,7.07107,6.32456,6.32456,6.32456,6.32456,5.38516,5.38516,5.38516,4.47214,4.47214,4.47214,4.47214,4.24264,60.92618,62.62587,59.03389,55.54278,60.82763,51.42956,56.36488,52.7731,49.64877,47.16991,46.64762,49.24429,44.82187,47.70744,45.48626,43.60046,49.09175,44.68781,42.0119,47.42362,43.84062,40.36087,38.8973,40.31129,38.18377,42.52058,41.7732,40.31129,38.8973,39.62323,41.7732,43.27817,41.03657,39.59798,39.59798,41.72529,42.0119,40.60788,38.60052,35.0,35.80503,33.61547,37.57659,37.57659,35.77709,33.61547,29.73214,28.79236,25.63201,23.76973,25.29822,25.31798,23.5372,22.02272,21.09502,19.10497,20.09975,50.21952,49.1935,47.01064,51.47815,50.53712,49.39636,50.32892,52.92447,57.00877,56.921,56.75385,58.5235,64.03124,65.73431,58.69412,62.80127,64.93843,66.75328,60.67125,62.07254,64.28063,69.11584,62.20129,63.3877,65.00769,66.27217,65.0,63.00794,64.00781,61.29437,60.13319,57.42822,58.42089,59.68249,62.96825,58.24946,57.48913,55.31727,59.90826,61.98387,62.0967,59.23681,59.46427,64.2573,59.77458,63.07139,61.7414,57.24509,63.56099,65.79514,61.46544,62.6099,65.14599,59.09315,63.07139,66.70832,65.30697
10.04988,10.04988,10.04988,10.04988,9.05539,9.05539,9.05539,8.24621,8.24621,8.24621,8.24621,8.24621,8.24621,8.24621,7.28011,7.28011,7.61577,7.28011,7.61577,7.61577,7.28011,7.61577,6.32456,7.61577,7.61577,7.61577,7.61577,7.61577,7.61577,7.28011,7.28011,7.28011,7.28011,7.28011,6.08276,6.08276,6.08276,6.0,6.0,6.0,5.0,5.09902,5.09902,4.12311,4.12311,4.12311,4.12311,4.12311,4.47214,3.60555,3.60555,3.60555,61.55485,58.69412,61.55485,51.62364,51.62364,55.22681,49.81967,51.62364,51.66237,49.81967,48.9183,44.68781,49.0408,44.65423,43.56604,48.25971,46.64762,49.73932,48.76474,36.71512,41.59327,43.56604,40.71855,43.909,42.04759,43.41659,37.57659,42.48529,38.94868,43.86342,42.48529,42.95346,40.24922,43.46263,40.81666,42.19005,41.67733,41.6173,37.44329,39.69887,36.12478,32.44996,39.05125,33.24154,37.64306,31.82766,26.90725,28.42534,27.45906,27.45906,25.80698,21.0238,21.40093,24.59675,18.35756,17.08801,21.54066,45.79301,43.82921,47.20169,49.67897,48.27007,48.27007,48.08326,49.51767,50.91169,52.40229,58.25805,58.72819,60.20797,61.22091,63.51378,58.82176,64.40497,62.76942,64.3506,60.20797,60.74537,65.29931,59.48109,64.41273,63.07139,63.63175,61.7414,64.84597,56.82429,62.16912,50.08992,60.90156,58.66856,58.13777,57.80138,57.68882,54.6443,56.85948,53.2635,57.48913,60.44005,55.9017,59.46427,60.82763,58.0,56.0803,59.39697,57.98276,62.24147,60.10824,61.84658,65.11528,68.593,57.28001,60.20797,63.70243,61.07373
9.48683,9.48683,9.84886,9.48683,8.544,8.544,8.94427,7.61577,8.06226,8.06226,8.06226,8.06226,8.06226,8.06226,7.2111,7.2111,6.40312,7.2111,6.40312,7.2111,7.2111,7.81025,6.40312,7.07107,7.81025,6.40312,6.40312,7.07107,7.07107,6.40312,7.2111,7.2111,7.2111,6.7082,6.7082,5.83095,6.7082,6.32456,5.38516,5.38516,5.09902,5.09902,5.09902,4.12311,4.12311,4.0,4.0,4.0,4.0,3.0,3.16228,3.16228,63.32456,60.63827,60.63827,58.0517,59.90826,52.63079,55.9017,51.97115,52.7731,48.05206,49.25444,46.52956,46.27094,48.01042,45.27693,48.09366,50.03998,45.0,47.01064,42.04759,43.18565,44.04543,42.57934,42.10701,43.18565,43.18565,38.20995,39.31921,39.31921,39.31921,40.0,40.4475,41.01219,41.30375,36.49658,41.30375,41.7732,43.10452,39.31921,37.01351,41.10961,36.87818,36.87818,35.22783,33.54102,33.95585,29.61419,31.04835,24.16609,24.16609,24.35159,23.76973,22.56103,23.85372,22.47221,17.80449,17.20465,46.04346,41.4367,46.87217,47.51842,50.44799,47.80167,49.72927,51.1957,53.16014,56.30275,56.85948,55.71355,57.38467,62.24147,56.4358,63.50591,62.64982,64.88451,60.82763,62.76942,60.74537,64.66065,66.21933,62.80127,62.80127,64.2028,62.20129,62.42596,61.03278,57.98276,60.53924,56.93856,56.82429,56.93856,57.3062,57.24509,60.41523,58.59181,57.69749,57.38467,57.38467,56.921,54.78138,62.0967,57.28001,57.48913,58.0517,59.43904,61.98387,63.78871,61.84658,66.94027,61.39218,64.28841,66.91039,64.13267,64.32729
10.0,10.0,10.0,10.0,9.0,9.0,9.0,9.05539,9.05539,8.06226,8.06226,8.24621,8.06226,8.06226,7.07107,8.24621,8.24621,8.24621,7.28011,7.28011,7.28011,7.28011,7.28011,7.28011,7.28011,7.61577,7.61577,7.28011,7.28011,7.28011,7.07107,7.07107,7.07107,7.07107,7.07107,7.07107,7.07107,6.0,6.0,6.08276,6.08276,5.09902,5.09902,5.09902,4.12311,4.12311,4.12311,3.16228,3.16228,3.16228,3.16228,3.60555,62.68174,57.14018,62.1289,56.61272,58.13777,56.85068,50.60632,57.42822,50.0,53.15073,49.57822,48.9183,49.57822,45.34314,47.38143,44.20407,45.45327,41.40048,43.13931,44.82187,46.04346,37.80212,40.22437,42.0119,41.6173,40.0,39.11521,42.72002,41.67733,44.29447,39.96248,46.61545,37.01351,43.60046,37.73592,42.63801,39.69887,40.31129,39.62323,35.35534,37.53665,39.62323,39.05125,38.28838,34.4093,33.42155,33.61547,30.8707,27.73085,28.17801,25.07987,24.04163,24.59675,24.35159,20.61553,21.18962,20.88061,45.0,48.10405,44.82187,50.93133,49.57822,50.9902,51.85557,54.08327,53.60037,54.81788,60.46487,60.46487,60.0,65.0,64.00781,59.23681,65.8635,59.61543,63.07139,64.2573,68.00735,66.09841,59.23681,62.39391,65.45991,63.32456,62.93648,63.60031,62.36185,63.60031,59.23681,62.62587,58.30952,56.30275,61.84658,56.0803,56.82429,60.82763,57.80138,58.5235,60.41523,53.41348,59.64059,57.45433,63.24555,61.29437,62.43397,66.4003,60.46487,60.21628,61.7171,67.17887,66.21933,64.03124,63.41136,68.41053,61.40033
10.63015,10.63015,9.89949,10.63015,9.89949,9.21954,9.89949,8.48528,9.21954,8.48528,9.21954,9.21954,8.48528,8.60233,7.81025,8.60233,8.06226,8.60233,8.06226,8.06226,8.06226,8.06226,8.06226,8.06226,8.06226,8.06226,8.06226,8.06226,8.06226,8.06226,7.2111,7.2111,7.2111,7.2111,7.81025,7.07107,7.07107,7.07107,6.40312,5.65685,6.40312,6.40312,5.65685,5.0,5.0,5.0,4.47214,3.60555,4.47214,3.60555,3.16228,3.16228,61.0,58.85576,59.3043,58.69412,57.70615,61.40033,53.23533,52.61179,51.35173,53.33854,51.15662,48.01042,49.0,43.04649,47.16991,50.03998,46.09772,44.28318,44.04543,43.10452,46.27094,44.10215,41.59327,37.85499,44.55334,40.1995,40.1995,40.4475,40.4475,45.12206,42.42641,43.56604,41.0,43.28972,39.62323,40.11234,40.0,39.05125,38.0526,39.11521,38.0526,39.11521,35.35534,35.35534,31.04835,32.75668,34.20526,31.32092,29.54657,26.57066,27.29469,25.05993,21.84033,20.59126,21.26029,19.41649,21.26029,48.76474,49.25444,46.38965,52.34501,48.01042,51.0098,47.16991,50.15974,54.14795,55.3263,58.54912,60.01666,60.82763,62.96825,64.32729,61.18823,67.46851,66.09841,65.25335,63.60031,62.93648,63.56886,66.7308,65.39113,65.39113,66.70832,64.07808,59.23681,61.84658,61.84658,56.30275,62.76942,61.46544,61.84658,58.82176,56.32051,57.56735,60.87693,61.13101,61.39218,60.20797,62.39391,63.50591,61.52235,55.9017,62.64982,63.50591,64.12488,63.1981,62.20129,63.50591,65.37584,66.48308,65.27634,63.1981,68.11755,64.12488
11.40175,11.40175,10.63015,11.40175,10.63015,9.89949,9.89949,9.89949,9.89949,9.21954,9.21954,9.21954,9.21954,9.21954,9.21954,8.60233,8.60233,8.60233,8.60233,8.60233,8.60233,9.43398,8.06226,8.94427,8.94427,8.94427,8.94427,9.43398,9.43398,8.06226,8.60233,8.60233,8.60233,8.60233,7.81025,7.81025,7.81025,7.81025,7.07107,7.07107,6.40312,6.40312,6.40312,6.40312,6.40312,5.0,5.0,5.83095,4.47214,4.47214,4.47214,4.47214,63.24555,60.72891,62.0967,59.13544,59.48109,51.24451,53.85165,54.81788,47.80167,47.07441,49.47727,45.54119,48.37355,49.16299,44.28318,42.0119,47.01064,46.04346,43.10452,41.04875,45.04442,43.01163,41.30375,42.10701,42.0119,44.10215,40.1995,40.1995,43.18565,45.54119,43.28972,40.79216,41.30375,41.19466,37.12142,39.31921,40.04997,39.11521,39.01282,37.21559,37.33631,36.34556,39.81206,39.45884,38.32754,33.73426,32.98485,31.62278,24.16609,25.05993,24.16609,23.08679,24.69818,25.23886,21.47091,21.18962,21.40093,46.52956,48.27007,45.70558,51.66237,54.08327,51.86521,53.31041,52.0,58.87274,51.62364,59.48109,55.9464,62.64982,63.95311,63.28507,62.96825,64.07027,64.07027,62.43397,61.03278,60.0,67.42403,63.41136,68.00735,65.94695,65.21503,61.7171,63.78087,61.7171,63.60031,61.22091,60.80296,59.40539,59.07622,59.36329,61.58734,56.0803,61.05735,59.5399,62.16912,61.32699,60.40695,60.53924,63.90618,56.46238,65.80274,60.72891,63.89053,63.60031,64.19502,64.19502,71.7844,68.30813,63.24555,65.80274,72.53275,66.09841
9.21954,9.21954,9.21954,9.21954,9.21954,8.24621,8.06226,8.06226,8.06226,8.06226,8.06226,8.06226,8.0,7.0,7.0,7.0,7.0,7.0,7.07107,7.07107,7.07107,7.07107,7.0,7.07107,7.07107,7.07107,7.07107,7.07107,7.07107,7.0,7.0,7.0,7.0,7.0,6.08276,6.08276,6.08276,6.08276,6.08276,6.08276,5.38516,5.38516,5.38516,4.47214,4.47214,4.47214,4.47214,3.60555,3.60555,3.60555,4.24264,3.60555,61.29437,63.13478,58.00862,55.21775,56.22277,51.31277,56.22277,51.62364,51.31277,46.04346,49.40648,46.69047,47.38143,41.72529,43.86342,45.25483,47.42362,45.34314,43.41659,42.52058,46.40043,41.40048,42.72002,39.82462,40.49691,42.05948,42.72002,41.34005,39.96248,41.88078,42.43819,42.72002,38.01316,39.81206,39.40812,40.31129,39.82462,40.49691,37.44329,40.0,40.36087,36.12478,36.06938,33.24154,34.71311,32.55764,33.28663,33.42155,27.78489,29.52965,24.18677,25.0,25.55386,19.69772,20.61553,19.69772,17.72005,44.68781,43.86342,46.04346,47.80167,50.77401,45.27693,48.8774,50.77401,55.56978,54.20332,54.626,57.69749,55.03635,60.41523,61.46544,64.51356,62.96825,63.56886,57.28001,63.06346,62.58594,65.96969,66.28725,66.70832,63.15061,64.7611,58.85576,65.30697,62.36986,60.63827,58.5235,58.46366,55.36244,55.71355,59.13544,57.93962,54.08327,58.18935,59.61543,56.85948,59.23681,60.37384,61.26989,60.90156,57.70615,57.2014,60.03332,59.36329,56.85948,60.90156,61.29437,64.66065,64.49806,68.50547,60.46487,65.80274,65.21503
9.43398,9.43398,9.43398,9.43398,8.60233,8.60233,8.60233,8.60233,8.60233,7.81025,8.48528,8.48528,8.48528,8.48528,7.81025,7.81025,7.81025,7.81025,7.81025,7.81025,7.81025,7.81025,7.81025,7.2111,7.2111,7.81025,7.81025,7.81025,7.81025,7.81025,7.81025,7.81025,7.07107,7.07107,7.07107,7.07107,6.40312,6.40312,6.40312,6.40312,5.83095,5.83095,5.0,4.47214,4.47214,4.47214,4.47214,4.12311,3.16228,3.16228,3.16228,3.16228,64.62198,59.5063,58.69412,59.09315,61.09828,55.54278,50.15974,51.62364,50.15974,48.08326,52.49762,46.57252,51.62364,48.76474,45.12206,50.63596,49.64877,45.70558,45.54119,47.38143,43.28972,44.18144,41.04875,42.29657,40.31129,43.18565,42.04759,41.01219,40.11234,45.09989,42.10701,44.04543,43.18565,44.01136,43.10452,37.12142,40.4475,42.95346,41.59327,41.97618,39.81206,41.0,36.68787,36.13862,31.62278,31.7805,34.9285,31.01612,29.41088,26.41969,30.01666,25.55386,25.6125,23.32381,26.40076,22.62742,22.67157,47.26521,49.16299,49.49747,49.0408,54.57105,49.33559,52.49762,50.44799,57.69749,58.87274,60.00833,57.58472,63.07139,62.64982,63.06346,63.81222,63.28507,62.76942,63.06346,62.80127,62.68174,68.41053,66.4003,63.89053,62.482,65.80274,60.30755,64.81512,61.07373,60.44005,57.80138,61.07373,60.0,60.80296,63.82006,58.60034,60.03332,59.68249,59.36329,62.6099,61.40033,59.48109,58.18075,64.4748,57.27128,59.03389,62.24147,60.72891,63.69458,63.32456,62.39391,67.41662,68.02941,62.39391,67.23095,64.2573,65.9242
10.29563,10.29563,9.43398,9.43398,8.60233,9.43398,8.60233,8.60233,9.21954,7.81025,8.60233,9.21954,7.81025,7.81025,7.81025,8.48528,7.81025,7.81025,7.81025,7.81025,7.81025,7.81025,7.81025,7.2111,7.81025,7.81025,7.81025,7.2111,7.81025,7.81025,7.81025,7.81025,7.07107,7.07107,7.07107,7.07107,6.40312,6.40312,6.40312,6.40312,5.83095,5.83095,5.0,5.38516,4.47214,4.47214,4.47214,4.47214,4.12311,3.16228,4.12311,3.16228,63.89053,60.53924,63.24555,58.5235,56.30275,59.80803,53.75872,54.42426,51.24451,47.75982,50.44799,50.21952,48.6621,43.17407,48.25971,44.55334,45.70558,44.91102,44.40721,44.72136,46.38965,44.18144,42.19005,43.10452,41.04875,40.0125,40.0125,41.01219,39.01282,42.10701,47.04253,45.09989,40.31129,43.04649,42.0,38.83298,41.30375,40.4475,39.62323,41.7732,37.36308,41.0,36.68787,37.0,34.17601,35.35534,33.12099,30.8707,31.90611,29.06888,28.30194,27.45906,23.85372,22.62742,24.83948,22.62742,19.10497,47.04253,45.0,47.01064,50.01,46.38965,48.50773,52.17279,51.35173,56.51548,55.10898,59.48109,54.81788,59.43904,65.14599,61.68468,59.5063,63.32456,58.59181,62.64982,62.76942,60.82763,67.41662,66.37017,62.26556,65.51336,62.64982,60.0,63.81222,61.03278,63.24555,57.80138,65.19202,58.66856,58.13777,60.41523,60.41523,57.77543,59.48109,58.18075,58.60034,60.92618,58.5235,61.35145,63.56886,57.56735,65.25335,61.03278,60.87693,64.84597,61.03278,60.44005,63.32456,67.44627,61.98387,64.28841,68.94926,67.35726
11.0,10.04988,10.04988,10.04988,10.04988,10.04988,9.05539,9.05539,9.05539,9.21954,9.21954,9.21954,9.21954,8.24621,8.24621,8.24621,8.544,8.24621,8.544,8.544,8.544,8.544,8.544,8.544,8.544,8.544,8.544,8.544,8.544,8.24621,8.544,8.24621,8.24621,8.24621,8.06226,7.07107,7.07107,7.07107,7.07107,7.0,6.0,6.0,6.0,5.0,5.0,5.09902,5.09902,5.09902,5.09902,4.12311,4.12311,4.12311,63.12686,65.29931,64.44377,58.0,57.80138,57.38467,55.86591,55.86591,53.03772,50.93133,51.73973,48.10405,48.10405,48.9183,48.41487,46.09772,46.61545,49.39636,41.23106,41.88078,45.65085,45.48626,45.79301,42.72002,42.19005,45.17743,43.909,44.28318,39.81206,39.82462,43.41659,46.06517,44.41846,42.05948,38.01316,43.41659,41.88078,41.88078,45.22168,41.10961,41.72529,37.48333,38.8973,35.38361,31.14482,34.71311,32.80244,31.40064,31.38471,27.78489,23.02173,24.69818,27.313,21.47091,23.76973,20.24846,23.34524,47.53946,49.40648,51.31277,48.54894,53.00943,53.2635,52.00961,53.8145,58.0,56.58622,59.4138,64.44377,63.63961,65.94695,64.03124,64.66065,68.50547,65.45991,68.50547,66.24198,67.23095,68.60029,67.60178,66.24198,65.29931,67.1193,67.23095,66.64833,61.77378,65.29931,60.83584,64.00781,62.17717,62.76942,65.76473,59.07622,59.07622,61.29437,61.40033,62.62587,64.81512,58.60034,65.94695,64.44377,60.959,63.63961,61.52235,67.20863,67.17887,67.88225,65.76473,67.20863,64.3506,65.19202,75.74299,65.76473,68.62215
11.7047,10.44031,10.44031,10.44031,10.44031,9.48683,9.21954,9.21954,9.21954,9.21954,9.21954,9.21954,8.24621,9.05539,8.06226,9.05539,8.0,8.06226,8.0,8.0,8.0,8.0,8.0,8.0,8.0,8.0,8.0,8.0,8.0,8.0,8.06226,8.06226,8.06226,8.06226,8.06226,8.06226,8.24621,7.28011,6.32456,6.32456,6.32456,6.32456,6.7082,5.38516,5.38516,5.83095,5.83095,5.0,5.0,5.0,5.0,4.24264,62.96825,59.61543,56.64804,57.77543,59.09315,54.626,51.42956,53.85165,48.76474,49.64877,48.33218,52.69725,46.95743,45.27693,45.22168,44.40721,50.80354,46.2277,45.80393,40.80441,49.67897,45.45327,40.45986,43.82921,40.0,40.60788,38.94868,43.13931,40.36087,42.44997,41.72529,46.69047,37.80212,42.52058,41.10961,43.01163,42.63801,38.83298,43.909,37.73592,36.05551,39.96248,37.58989,34.0,34.9285,31.01612,31.95309,31.95309,30.08322,26.92582,24.33105,21.09502,29.27456,22.02272,21.09502,22.09072,17.11724,48.83646,48.16638,50.77401,48.8774,50.80354,52.69725,50.9902,54.58938,58.13777,53.66563,55.36244,60.53924,62.24147,65.78754,63.24555,65.96969,68.15424,63.34824,66.48308,64.32729,65.30697,71.56815,64.32729,66.61081,64.49806,67.89698,67.36468,69.35416,61.66036,64.62971,57.07013,67.74216,62.39391,61.98387,61.81424,61.18823,59.03389,60.16644,60.87693,62.64184,62.0967,55.54278,60.40695,59.09315,59.5063,62.17717,61.32699,61.32699,63.69458,67.23095,66.18912,64.88451,69.46222,66.85058,65.39113,68.02941,66.12866
11.40175,10.81665,11.40175,10.0,10.0,10.0,9.43398,9.43398,9.43398,9.43398,9.43398,8.94427,8.94427,8.94427,8.94427,8.94427,8.544,8.544,8.544,8.544,8.544,8.544,8.544,8.544,8.544,8.544,8.544,8.544,8.544,8.544,7.61577,8.94427,8.94427,8.06226,8.06226,8.06226,8.06226,7.2111,7.81025,7.2111,6.40312,6.40312,7.07107,5.65685,5.65685,5.65685,5.0,5.0,5.0,5.0,5.0,4.47214,62.62587,61.13101,62.29767,54.42426,54.40588,55.36244,51.07837,52.49762,47.01064,45.22168,46.09772,48.8467,46.23851,45.65085,39.0,37.58989,47.88528,46.52956,42.54409,43.01163,40.0,40.49691,40.60788,40.80441,42.0119,42.0119,37.44329,43.60046,43.82921,41.03657,36.87818,39.96248,40.60788,46.2277,33.42155,42.05948,43.82921,41.34005,44.29447,37.57659,35.35534,37.33631,37.69615,35.1141,34.71311,28.86174,30.41381,30.41381,24.02082,27.01851,24.02082,27.16616,28.07134,19.10497,21.09502,17.26268,18.24829,47.50789,45.45327,46.09772,52.20153,48.54894,50.24938,48.8774,54.12947,54.20332,55.03635,57.00877,55.22681,62.24147,60.00833,63.56886,63.56886,65.45991,61.84658,66.48308,64.03124,63.95311,62.36986,61.52235,65.9242,68.593,61.0,61.52235,62.80127,60.20797,62.80127,56.4358,57.87055,58.85576,60.63827,60.67125,59.43904,58.5235,58.94065,59.77458,55.97321,58.5235,57.24509,60.72891,61.84658,53.48832,59.5063,58.30952,60.37384,63.90618,60.92618,59.80803,60.92618,65.9242,63.69458,68.94926,64.2573,61.09828
10.44031,10.44031,9.48683,9.48683,9.48683,8.544,8.544,8.544,8.544,8.544,8.544,8.94427,8.06226,8.06226,8.06226,8.06226,8.06226,8.06226,7.2111,7.2111,7.2111,7.81025,7.81025,7.81025,7.81025,7.81025,7.81025,7.81025,7.81025,7.81025,7.2111,7.2111,7.2111,7.2111,8.06226,6.7082,6.7082,6.32456,6.32456,6.32456,6.32456,6.32456,5.09902,5.09902,5.09902,4.12311,4.12311,4.12311,4.0,3.0,4.0,3.16228,64.14047,63.51378,59.5399,61.26989,55.47071,58.18075,50.77401,52.7731,47.41308,51.42956,46.61545,50.9902,50.9902,45.54119,41.23106,46.61545,45.31004,42.05948,44.01136,40.80441,45.70558,40.02499,41.0,39.29377,39.81206,39.62323,41.30375,41.97618,43.41659,44.40721,42.42641,44.55334,38.47077,38.83298,40.02499,39.84972,39.56008,38.47077,39.29377,38.07887,43.32436,39.39543,38.91015,38.91015,32.24903,34.1321,33.54102,30.80584,31.40064,26.62705,25.6125,24.83948,23.34524,23.43075,20.0,23.43075,17.80449,48.6621,44.55334,45.89118,47.43416,46.48656,50.15974,51.26402,49.65884,54.12947,51.47815,57.3062,55.22681,62.26556,61.05735,62.1289,60.21628,63.00794,61.40033,65.0,61.84658,63.78087,63.65532,62.96825,63.70243,66.48308,62.93648,59.5483,62.36986,62.93648,59.46427,56.58622,61.55485,63.03174,56.85068,62.24147,61.40033,55.21775,56.40035,56.40035,61.61169,59.40539,59.05929,57.3062,59.68249,61.05735,58.13777,62.17717,62.17717,61.29437,65.76473,63.28507,64.84597,65.36819,60.82763,64.88451,68.09552,65.51336
11.04536,11.18034,10.19804,11.18034,10.19804,9.21954,9.21954,9.21954,9.21954,9.48683,9.21954,8.544,9.48683,8.544,8.544,8.544,8.544,8.544,8.94427,8.06226,8.94427,8.94427,7.61577,8.06226,8.94427,8.94427,8.94427,8.94427,8.94427,7.61577,8.544,8.94427,8.544,8.544,7.28011,7.28011,7.28011,7.07107,7.07107,7.07107,6.08276,6.08276,6.0,6.0,5.0,5.0,5.0,5.0,5.0,4.12311,4.12311,4.12311,58.83026,55.75841,61.22091,57.45433,55.0,55.80323,54.81788,50.77401,44.68781,55.0,49.40648,47.63402,43.93177,43.93177,44.04543,44.68781,48.08326,38.94868,43.13931,44.68781,45.80393,40.60788,44.40721,37.01351,39.59798,41.7732,41.40048,42.19005,44.65423,42.72002,36.61967,46.2277,40.49691,42.0119,40.80441,42.80187,40.60788,41.72529,41.72529,35.4683,35.38361,37.01351,36.87818,35.35534,34.1321,34.4093,32.64966,31.06445,30.8707,28.17801,25.0,21.84033,22.47221,22.80351,22.2036,21.37756,21.2132,44.94441,48.16638,46.75468,50.9902,47.38143,53.15073,54.03702,51.86521,56.40035,55.75841,57.62812,58.00862,59.81639,60.46487,60.90156,61.26989,68.96376,66.21178,68.0,67.06713,66.09841,65.55151,62.39391,67.23095,65.9242,65.79514,65.55151,64.56005,63.89053,69.07966,57.93962,62.96825,66.12866,60.40695,66.12866,60.00833,57.3062,60.41523,57.14018,62.1289,63.13478,60.41523,61.29437,60.46487,65.19202,58.60034,65.21503,62.68174,63.51378,68.50547,65.43699,67.00746,69.2026,63.24555,69.02898,70.0,66.0303
10.29563,10.29563,10.81665,10.29563,9.43398,9.43398,9.43398,8.60233,8.60233,8.60233,8.60233,8.60233,7.81025,7.81025,7.81025,8.48528,7.81025,7.81025,7.07107,7.07107,7.07107,7.81025,7.81025,7.81025,7.81025,7.81025,7.81025,7.81025,7.07107,7.81025,7.07107,7.81025,7.81025,7.81025,7.2111,7.2111,7.2111,6.7082,6.7082,6.7082,6.32456,6.32456,6.32456,5.38516,5.09902,5.09902,5.09902,5.09902,5.09902,4.0,5.0,4.0,62.20129,59.5399,58.42089,58.03447,56.0803,57.42822,49.0408,56.0803,51.24451,46.01087,48.04165,47.16991,48.37355,45.39824,45.04442,45.54119,46.17359,43.41659,40.04997,42.95346,44.72136,37.21559,41.76123,43.01163,41.10961,39.84972,40.60788,41.78516,40.79216,43.32436,42.44997,44.92215,36.13862,41.4367,40.80441,42.75512,40.5216,38.83298,39.31921,38.63936,40.11234,35.0,36.0,36.05551,34.05877,32.0,32.06244,28.44293,31.04835,27.16616,26.07681,25.4951,23.76973,20.59126,19.64688,18.38478,21.9545,42.29657,46.04346,48.01042,51.0392,50.15974,48.37355,51.15662,51.35173,58.30952,55.57877,58.0517,57.27128,63.89053,61.98387,62.36185,64.51356,67.35726,61.32699,65.55151,66.12866,66.85058,65.30697,64.41273,65.76473,65.0,64.84597,62.76942,67.1193,58.60034,61.26989,59.48109,60.37384,57.38467,58.5235,59.61543,55.71355,58.69412,61.68468,62.29767,58.24088,57.48913,56.7186,61.0,61.18823,58.0517,64.93843,62.39391,63.3877,60.40695,59.5399,63.15061,66.09841,66.37017,59.3043,65.9242,65.37584,62.28965
11.18034,10.77033,10.77033,10.77033,9.84886,9.84886,9.48683,9.48683,9.48683,9.21954,9.48683,9.21954,9.21954,8.24621,8.24621,9.05539,8.06226,8.06226,9.05539,8.06226,8.06226,8.0,8.06226,8.0,8.06226,8.0,8.06226,8.06226,8.0,8.06226,8.06226,8.06226,8.06226,8.06226,8.24621,7.28011,7.28011,7.28011,7.28011,6.32456,6.7082,6.7082,5.38516,5.83095,5.83095,5.0,5.0,4.47214,4.47214,3.60555,4.24264,4.24264,66.21933,60.40695,58.18075,58.18935,55.65968,54.40588,55.15433,57.38467,48.08326,51.07837,48.10405,46.95743,50.56679,46.51881,47.42362,43.56604,46.64762,38.94868,41.34005,45.0,43.26662,41.88078,41.03657,40.0,41.6173,40.60788,43.01163,40.36087,44.20407,42.44997,40.60788,43.41659,38.28838,41.72529,43.41659,38.94868,37.53665,39.20459,40.81666,42.04759,42.54409,36.24914,34.78505,39.0,37.0,32.57299,28.86174,32.01562,29.42788,27.07397,27.07397,25.07987,23.08679,23.08679,24.08319,22.02272,17.26268,48.60041,49.0408,50.47772,49.92995,51.10773,50.08992,52.7731,52.80152,53.22593,55.47071,55.97321,56.0803,60.92618,61.98387,62.64184,62.8172,66.48308,63.78871,64.7611,63.3877,63.3877,63.28507,61.29437,60.40695,65.27634,66.75328,63.1981,66.48308,61.66036,62.514,55.44367,62.64982,62.514,59.68249,59.5399,59.68249,59.22837,60.63827,57.48913,64.51356,62.93648,59.13544,61.35145,62.62587,61.35145,64.4748,61.68468,63.56886,60.74537,64.2573,63.32456,65.39113,66.12866,63.56099,69.77822,66.21178,68.70953
10.44031,9.48683,9.48683,9.48683,9.48683,9.48683,9.48683,8.544,8.544,8.06226,8.94427,8.94427,8.06226,8.06226,7.61577,8.06226,8.06226,8.06226,7.2111,7.2111,7.2111,7.2111,8.06226,7.81025,7.81025,7.81025,8.06226,7.2111,7.2111,8.06226,7.2111,8.06226,8.06226,6.7082,7.61577,7.61577,7.61577,6.32456,6.32456,6.32456,6.08276,6.08276,5.09902,5.09902,5.0,4.0,5.0,4.0,4.0,4.0,4.0,3.16228,57.48913,56.85068,63.81222,54.40588,56.93856,51.31277,53.82379,52.35456,49.73932,52.3259,52.47857,49.1935,51.0,47.50789,45.61798,45.31004,47.92703,43.46263,39.0,46.8188,45.88028,38.62642,43.41659,41.4367,40.49691,40.49691,43.32436,41.76123,42.05948,42.75512,41.10961,45.88028,41.10961,44.38468,38.8973,44.38468,41.78516,40.31129,42.48529,40.31129,36.71512,36.35932,40.22437,32.01562,35.0,34.20526,35.60899,28.6007,28.42534,28.42534,26.90725,26.87006,24.04163,23.32381,23.85372,22.82542,22.47221,48.83646,48.05206,51.66237,49.72927,52.0,50.69517,47.01064,51.07837,59.61543,51.0,54.70832,57.45433,64.00781,63.28507,60.80296,57.42822,65.80274,61.6198,63.82006,62.36986,60.10824,66.48308,63.63961,64.38167,65.06919,66.48308,59.4138,64.38167,58.72819,60.87693,57.28001,64.53681,57.98276,62.24147,60.1415,58.89822,55.97321,60.20797,62.80127,59.03389,59.07622,58.83026,61.29437,62.68174,58.83026,61.7171,62.76942,57.14018,61.91123,61.58734,67.6757,63.63175,67.95587,61.40033,66.64083,67.53518,63.51378
9.84886,8.94427,9.84886,8.94427,8.544,8.544,8.544,8.544,8.544,7.28011,7.28011,7.28011,7.28011,7.28011,7.28011,7.07107,7.07107,7.07107,7.07107,7.07107,7.07107,7.07107,7.07107,7.0,7.07107,7.0,7.0,7.07107,7.07107,7.07107,7.07107,7.07107,7.07107,6.08276,7.07107,6.32456,6.32456,6.32456,5.38516,5.38516,5.38516,5.38516,5.0,4.47214,4.47214,3.60555,3.60555,3.60555,2.82843,3.60555,2.82843,2.82843,55.65968,61.40033,63.32456,54.42426,52.7731,58.13777,47.75982,57.56735,49.24429,47.53946,45.65085,43.909,49.39636,39.82462,42.05948,48.54894,50.21952,46.04346,46.87217,43.01163,45.60702,39.62323,40.36087,39.69887,42.42641,41.72529,38.20995,41.72529,43.86342,41.01219,45.34314,48.10405,42.44997,43.13931,36.76955,45.45327,43.93177,39.62323,43.41659,42.52058,38.83298,38.01316,35.35534,39.44617,38.07887,32.24903,34.88553,31.76476,29.15476,27.89265,25.4951,30.46309,25.07987,25.17936,22.02272,22.02272,21.2132,49.24429,46.09772,42.04759,51.26402,47.01064,54.12024,46.84015,53.75872,57.56735,50.28916,53.60037,58.24946,60.41523,62.514,64.38167,55.03635,67.26812,61.07373,61.29437,63.12686,61.13101,66.0303,60.07495,63.07139,61.07373,62.03225,61.07373,64.00781,57.0,59.00847,56.0,64.03124,59.03389,54.33231,61.13101,58.30952,54.58938,57.87055,55.7315,58.0517,61.39218,55.7853,60.08328,57.97413,58.5235,55.97321,59.23681,61.09828,61.09828,56.30275,61.35145,62.76942,67.05222,55.15433,67.68309,68.44706,63.90618
10.63015,9.89949,10.63015,9.89949,9.89949,9.21954,9.21954,9.21954,9.21954,8.60233,9.21954,7.81025,7.81025,7.81025,7.81025,8.60233,7.2111,8.06226,7.2111,8.06226,8.06226,7.61577,8.06226,8.06226,8.06226,8.06226,8.06226,8.06226,7.61577,8.06226,7.2111,8.06226,8.06226,7.2111,7.81025,7.81025,7.07107,7.07107,6.40312,6.40312,6.40312,5.83095,6.40312,5.83095,5.83095,5.38516,5.38516,4.47214,5.38516,4.12311,4.12311,4.12311,64.62971,58.13777,64.28063,57.42822,59.3043,57.31492,54.91812,53.75872,52.7731,47.67599,47.53946,43.41659,47.80167,44.59821,46.17359,42.37924,45.31004,43.32436,45.88028,44.59821,47.92703,40.80441,41.18252,42.54409,39.35734,43.08132,39.92493,42.19005,43.08132,43.56604,38.01316,42.54409,40.71855,39.44617,44.72136,37.33631,40.31129,42.48529,42.54409,40.31129,42.72002,38.83298,38.47077,36.67424,33.13608,36.22154,32.06244,33.01515,28.16026,30.26549,28.01785,28.01785,24.18677,24.33105,20.39608,19.69772,18.68154,48.8774,45.18849,51.0,47.92703,50.28916,46.57252,50.28916,54.81788,57.28001,58.46366,53.75872,60.41523,62.96825,64.38167,62.514,64.03124,67.18631,66.00758,63.07139,65.0,64.03124,68.35934,67.26812,69.18092,62.28965,66.18912,61.66036,64.28063,62.96825,63.50591,60.67125,61.29437,60.40695,60.0,64.03124,60.00833,55.00909,58.00862,59.03389,60.53098,59.03389,61.07373,59.4138,61.40033,56.0357,58.24946,59.4138,61.18823,64.13267,64.93843,63.1981,61.98387,65.12296,59.3043,65.9242,64.53681,64.77654
10.04988,10.04988,9.05539,10.04988,9.05539,9.05539,9.21954,8.24621,8.24621,8.24621,8.24621,8.24621,8.24621,7.28011,7.61577,7.61577,7.61577,7.61577,7.61577,8.06226,7.61577,7.61577,7.61577,7.2111,7.61577,8.06226,8.06226,8.06226,8.06226,8.06226,7.61577,7.61577,7.61577,6.7082,7.61577,7.28011,7.28011,6.08276,6.08276,6.08276,6.08276,6.08276,5.0,5.0,5.0,4.0,4.0,4.0,4.0,3.16228,3.16228,3.16228,66.52819,58.0,58.13777,57.00877,52.63079,55.31727,56.0357,51.08816,48.60041,47.63402,48.8774,44.10215,48.54894,44.65423,45.60702,46.61545,47.70744,43.04649,44.77723,44.77723,42.37924,42.04759,39.21734,44.27189,41.78516,44.27189,43.46263,43.65776,42.37924,40.49691,40.31129,44.59821,40.16217,43.32436,41.10961,41.23106,38.07887,43.46263,38.48376,39.56008,42.94182,36.89173,37.01351,32.80244,36.05551,32.64966,29.69848,30.23243,29.73214,26.1725,27.65863,25.4951,22.67157,23.32381,20.80865,23.70654,23.4094,45.61798,47.50789,48.25971,51.61395,49.20366,48.9183,49.0408,50.93133,53.75872,53.74012,55.22681,55.31727,60.87693,61.84658,60.21628,63.82006,64.07027,59.64059,62.80127,59.90826,62.96825,66.88797,65.29931,63.63175,63.15853,62.64982,63.28507,58.59181,57.24509,60.46487,52.83938,56.0803,56.85948,55.22681,59.40539,58.00862,56.22277,57.42822,57.42822,57.80138,63.78087,56.56854,60.82763,61.55485,56.63921,63.65532,61.6198,61.84658,59.46427,63.65532,61.6198,67.26812,66.46804,57.31492,65.8559,71.06335,64.66065
11.18034,11.04536,11.04536,10.04988,10.04988,9.05539,9.0,9.0,9.0,9.0,9.0,9.0,9.05539,9.05539,8.06226,9.05539,8.06226,8.06226,8.24621,8.24621,8.24621,8.24621,8.24621,8.24621,9.21954,8.24621,8.24621,8.24621,8.24621,8.24621,8.24621,8.24621,8.24621,8.06226,8.06226,8.06226,8.0,7.0,7.0,7.0,7.0,6.08276,7.0,6.08276,5.09902,5.09902,5.09902,5.09902,5.09902,4.12311,4.47214,4.47214,62.96825,58.69412,58.30952,52.81098,60.00833,53.14132,52.92447,54.78138,50.08992,49.76947,47.41308,49.65884,45.65085,44.77723,44.72136,43.82921,43.909,41.88078,43.01163,44.82187,42.80187,39.66106,42.52058,43.86342,43.86342,38.8973,43.13931,41.7732,38.94868,41.03657,40.45986,44.04543,41.03657,41.01219,43.93177,41.72529,41.40048,39.69887,40.81666,41.04875,39.66106,38.91015,35.77709,37.21559,35.8469,35.34119,33.52611,30.41381,26.57066,28.63564,25.70992,23.5372,26.30589,26.01922,25.4951,21.2132,21.37756,44.94441,47.16991,49.65884,50.32892,50.9902,48.10405,47.43416,51.07837,52.49762,56.61272,58.46366,59.48109,62.36185,60.40695,63.78871,61.20457,65.62012,66.37017,60.20797,65.27634,61.13101,64.28063,64.00781,64.07027,62.00806,61.03278,61.03278,62.07254,62.00806,63.00794,57.07889,59.00847,61.20457,60.29925,60.53098,60.29925,56.56854,58.46366,57.55867,57.27128,59.90826,58.94065,58.69412,57.87055,59.77458,62.76942,57.87055,62.24147,61.84658,61.98387,62.39391,62.64982,64.51356,59.46427,62.29767,64.62198,69.07966
10.04988,9.05539,9.05539,9.05539,9.05539,8.06226,8.06226,8.06226,8.0,8.0,8.0,8.0,8.06226,7.07107,7.07107,7.07107,7.07107,7.07107,7.28011,7.07107,7.07107,7.28011,7.07107,7.28011,7.28011,7.28011,7.28011,7.28011,7.28011,7.07107,7.07107,7.07107,7.07107,7.07107,7.07107,7.0,6.0,6.0,6.0,6.08276,6.08276,5.09902,5.09902,5.09902,4.47214,4.47214,4.47214,4.47214,4.47214,3.60555,3.60555,3.60555,64.53681,65.19202,66.6033,61.07373,56.85068,59.66574,54.40588,60.10824,48.41487,51.22499,51.0392,45.80393,48.25971,45.0,46.87217,44.41846,47.41308,53.22593,47.88528,42.05948,45.88028,44.28318,43.32436,44.01136,41.59327,42.37924,43.08132,43.68066,43.32436,46.8188,43.9659,44.27189,41.76123,44.27189,43.32436,45.31004,43.01163,42.37924,43.38202,40.24922,40.71855,38.07887,38.01316,40.22437,36.40055,37.01351,33.6006,33.83785,29.0,27.58623,27.58623,26.1725,25.6125,23.34524,20.51828,21.63331,21.0238,48.54894,46.04346,48.60041,50.32892,49.57822,48.16638,50.20956,51.62364,56.58622,54.67175,58.25805,61.22091,61.7171,63.60031,62.20129,61.40033,69.06519,64.14047,64.07027,67.74216,65.76473,71.19691,61.7171,69.35416,63.90618,64.41273,63.56099,64.88451,62.17717,61.77378,61.7171,60.82763,61.40033,60.46487,58.83026,57.80138,55.21775,59.07622,63.00794,60.0,60.44005,58.0,65.05382,64.38167,59.46427,66.52819,62.28965,59.46427,59.66574,62.93648,69.35416,68.88396,62.28965,64.3506,65.94695,66.48308,64.2028
11.18034,9.84886,10.77033,9.84886,9.84886,9.48683,9.48683,9.48683,9.48683,9.48683,9.48683,9.21954,8.24621,8.24621,8.24621,9.21954,8.06226,8.24621,8.06226,8.06226,8.24621,8.06226,8.06226,8.06226,8.06226,8.06226,8.06226,8.06226,8.06226,8.06226,7.28011,8.24621,8.24621,8.24621,8.24621,8.24621,7.61577,7.61577,6.7082,6.7082,6.7082,6.7082,6.7082,5.83095,5.83095,5.0,5.65685,5.0,5.0,4.24264,5.0,4.24264,60.53924,55.65968,59.5063,53.7122,59.61543,52.39275,47.53946,55.03635,47.85394,49.64877,46.32494,48.37355,46.87217,42.94182,42.54409,42.19005,46.61545,45.48626,43.27817,37.80212,48.27007,39.82462,40.31129,37.64306,39.05125,43.13931,36.87818,41.03657,41.72529,41.72529,40.36087,41.72529,41.86884,41.72529,38.41875,40.80441,44.40721,44.82187,40.0,37.20215,34.4093,35.35534,34.43835,34.9285,33.24154,29.68164,32.89377,29.83287,29.42788,27.89265,25.31798,24.08319,24.02082,23.02173,21.0,24.18677,20.39608,48.79549,46.09772,43.93177,52.20153,47.70744,50.80354,48.02083,50.24938,54.58938,53.7122,56.79789,56.85948,61.7414,59.80803,66.48308,57.87055,66.76077,62.93648,63.89053,63.06346,63.34824,69.37579,63.06346,64.77654,62.514,66.91039,57.70615,66.28725,58.0517,65.30697,56.88585,61.81424,61.18823,58.24088,62.0967,56.75385,55.65968,56.61272,59.48109,59.46427,64.07808,57.58472,60.16644,62.96825,60.92618,55.03635,61.7414,60.37384,59.94164,59.94164,64.07808,62.64982,68.0,61.32699,65.30697,67.08204,63.97656
11.18034,10.77033,10.77033,9.84886,9.84886,9.84886,9.48683,9.48683,9.48683,9.48683,9.48683,9.21954,8.24621,8.24621,8.24621,9.21954,8.06226,8.06226,8.0,8.06226,8.0,8.0,8.06226,8.0,8.0,8.0,8.0,9.0,9.0,8.06226,8.06226,9.05539,8.06226,8.06226,8.24621,8.24621,7.28011,7.28011,7.28011,6.32456,6.7082,6.7082,6.32456,5.38516,5.38516,5.0,5.0,4.47214,4.47214,4.47214,4.24264,4.24264,59.84146,58.85576,55.54278,59.20304,58.94065,53.85165,57.97413,49.98,47.29693,50.28916,50.28916,49.64877,46.23851,49.24429,46.61545,46.51881,43.04649,44.29447,41.62932,46.32494,44.10215,44.72136,42.2019,40.81666,41.88078,40.49691,44.40721,44.40721,41.04875,42.80187,40.22437,42.80187,45.22168,38.60052,44.65423,40.70626,43.01163,38.94868,43.04649,41.78516,39.82462,35.44009,38.8973,32.57299,36.40055,31.57531,35.90265,31.32092,25.17936,29.01724,28.01785,27.07397,26.01922,24.02082,22.02272,23.19483,20.88061,47.16991,43.86342,47.01064,46.51881,49.64877,46.84015,49.72927,50.69517,51.78803,56.88585,57.70615,59.68249,61.61169,60.53098,59.3043,63.28507,62.07254,68.00735,62.1289,64.03124,62.1289,63.3877,63.3877,66.37017,68.26419,64.28063,64.19502,60.20797,64.28063,62.00806,61.03278,62.07254,59.07622,61.03278,62.1289,57.00877,58.30952,57.31492,58.30952,55.57877,56.7186,62.16912,60.87693,62.8172,62.36185,55.7853,59.66574,61.84658,64.56005,67.6757,63.60031,69.57011,65.73431,66.94027,67.46851,67.18631,63.32456
10.63015,11.40175,10.0,10.63015,10.0,10.0,9.43398,9.43398,9.43398,8.60233,9.43398,9.43398,8.94427,8.94427,8.94427,8.544,8.544,8.544,8.544,8.544,8.544,8.544,8.544,8.544,8.544,8.544,8.24621,8.544,8.544,8.544,8.544,8.544,8.544,8.544,7.61577,8.06226,8.06226,7.2111,7.2111,7.2111,6.40312,6.40312,6.40312,6.40312,5.65685,5.65685,5.65685,5.0,5.0,5.0,5.0,4.47214,62.1289,60.53098,60.13319,59.21149,56.88585,54.58938,47.38143,52.46904,48.83646,48.6621,50.21952,46.57252,44.91102,42.37924,42.44997,46.23851,45.31004,43.65776,43.9659,44.77723,41.59327,40.49691,42.19005,38.94868,41.78516,44.29447,40.31129,38.47077,39.82462,42.48529,41.18252,45.88028,37.58989,41.67733,36.24914,41.78516,41.14608,40.71855,39.92493,38.27532,35.8469,37.10795,36.87818,32.75668,38.0526,32.75668,31.57531,29.01724,25.01999,27.07397,24.0,22.02272,26.1725,23.5372,24.5153,22.13594,19.23538,45.27693,48.70318,47.43416,48.76474,49.0306,50.63596,49.64877,50.15974,56.0357,55.57877,58.0,58.07753,61.52235,62.03225,62.03225,58.07753,66.1211,64.28063,67.18631,63.06346,63.78871,66.91039,61.39218,66.75328,64.13267,60.53098,63.34824,63.34824,58.24946,64.49806,57.48913,62.64982,59.84146,60.29925,63.15061,63.28507,58.42089,61.03278,56.00893,58.00862,60.00833,62.07254,63.03174,60.07495,62.20129,57.07013,61.07373,61.66036,67.47592,62.28965,64.62971,65.76473,67.1193,63.50591,65.37584,67.89698,61.40033
11.18034,10.19804,10.04988,10.19804,10.04988,10.04988,9.05539,9.05539,9.05539,9.0,9.05539,9.0,9.0,9.0,8.0,8.06226,8.06226,8.06226,8.06226,8.06226,8.06226,8.06226,8.06226,8.06226,8.06226,8.06226,8.06226,9.05539,9.05539,8.06226,8.06226,8.06226,8.06226,8.06226,8.0,8.06226,7.07107,7.07107,7.07107,7.07107,6.32456,6.08276,6.08276,5.38516,5.38516,5.38516,5.38516,5.38516,4.47214,4.47214,3.60555,3.60555,62.76942,57.24509,56.79789,62.96825,57.93962,53.85165,54.58938,51.62364,49.65884,49.24429,47.85394,48.75449,49.24429,45.61798,42.05948,43.82921,46.87217,43.01163,43.01163,43.82921,43.27817,42.19005,40.31129,38.18377,44.20407,40.36087,42.63801,40.0,41.86884,43.13931,44.82187,43.26662,37.64306,43.41659,42.0119,39.96248,36.61967,42.43819,42.48529,37.94733,39.81206,36.40055,35.8469,36.24914,33.83785,36.68787,33.24154,33.52611,23.08679,26.0,24.33105,26.01922,25.01999,26.01922,19.10497,23.5372,18.02776,44.94441,47.63402,45.34314,48.83646,49.51767,49.51767,47.63402,52.00961,57.00877,55.21775,57.98276,60.74537,59.64059,61.29437,61.26989,62.17717,63.06346,66.85058,65.74192,64.51356,61.40033,64.51356,62.96825,62.64184,62.36185,63.32456,63.56099,67.44627,61.61169,61.98387,59.66574,58.24088,59.90826,58.69412,61.68468,61.68468,57.93962,58.60034,56.46238,60.37384,58.87274,61.7171,60.37384,61.77378,54.626,63.13478,67.08204,62.64982,64.88451,67.1193,65.36819,62.16912,61.7414,62.16912,66.24198,66.64833,66.21178
11.04536,10.19804,10.19804,11.18034,10.19804,10.04988,9.21954,9.21954,9.21954,9.21954,9.21954,9.21954,9.48683,8.544,8.544,8.544,8.544,8.544,8.94427,8.94427,8.94427,8.94427,8.544,8.94427,8.94427,8.544,8.94427,8.94427,8.94427,8.544,8.544,8.544,8.544,8.544,8.24621,8.24621,7.07107,7.07107,7.07107,7.07107,6.08276,6.0,6.0,6.0,6.0,5.0,5.0,5.0,5.09902,5.09902,4.12311,4.12311,61.40033,64.3506,58.83026,57.80138,57.42822,58.24946,51.86521,53.82379,45.48626,52.15362,49.24429,48.25971,48.8774,45.27693,46.95743,48.75449,43.82921,47.16991,41.78516,43.01163,42.05948,41.4367,42.95346,43.65776,41.10961,41.23106,42.2019,43.17407,44.91102,42.57934,40.80441,45.35416,37.64306,41.23106,41.4367,43.08132,41.78516,38.27532,42.04759,36.23534,35.80503,38.01316,39.11521,37.58989,33.6006,35.4683,28.28427,32.55764,30.4795,27.01851,27.58623,26.40076,25.4951,22.2036,24.08319,20.59126,20.24846,45.89118,48.27007,46.17359,51.47815,51.42956,50.9902,49.73932,52.0,56.93856,58.18075,58.83026,58.30952,62.76942,65.60488,61.84658,60.30755,65.60488,65.11528,69.52697,65.06919,65.76473,68.68042,65.79514,65.05382,65.11528,65.06919,61.55485,67.35726,60.44005,63.03174,58.0,63.65532,61.22091,58.72819,62.2254,61.52235,58.79626,59.66574,57.48913,60.60528,61.7171,63.24555,62.00806,60.80296,63.82006,59.64059,63.00794,61.58734,63.63175,61.61169,62.42596,66.24198,66.03787,60.46487,65.51336,70.17834,66.85058
10.19804,9.21954,9.05539,9.05539,9.05539,8.06226,8.06226,8.06226,8.06226,8.0,8.06226,8.0,8.0,8.0,7.0,7.07107,7.0,7.0,7.07107,7.07107,7.07107,7.07107,7.07107,7.07107,7.07107,7.07107,7.07107,7.07107,7.07107,7.07107,7.07107,7.07107,7.0,7.0,7.0,7.07107,6.08276,6.08276,6.08276,6.08276,5.38516,5.38516,5.38516,4.47214,4.47214,4.47214,4.47214,4.47214,4.47214,3.60555,4.24264,3.60555,65.8635,64.07027,59.68249,58.82176,58.24946,56.93856,60.21628,52.80152,51.08816,52.63079,48.60041,48.83646,48.9183,43.93177,46.66905,46.69047,48.08326,44.68781,45.34314,38.8973,43.60046,40.60788,42.80187,41.6173,38.60052,39.05125,42.0119,41.88078,45.45327,44.65423,42.43819,45.45327,40.22437,43.26662,36.87818,43.13931,39.40812,41.01219,43.13931,39.82462,37.01351,33.42155,41.40048,35.80503,30.88689,34.0,34.0147,32.64966,30.88689,28.79236,26.24881,25.07987,23.4094,21.84033,22.36068,24.33105,21.0238,48.37355,46.61545,43.41659,49.57822,53.15073,48.08326,47.01064,48.79549,56.72742,54.56189,51.85557,59.64059,64.03124,63.24555,61.58734,63.63175,65.8635,63.52952,64.84597,65.9242,62.24147,64.07808,60.74537,59.61543,63.56886,66.30988,60.08328,66.09841,56.61272,64.4748,60.72891,61.35145,62.76942,57.38467,57.77543,59.09315,58.69412,60.37384,56.79789,61.05735,56.82429,54.3783,60.03332,62.68174,60.41523,59.66574,60.74537,58.83026,66.21933,64.07027,63.82006,63.60031,66.85058,67.1193,64.3506,65.43699,62.80127
10.0,10.63015,9.89949,9.21954,9.21954,9.21954,8.48528,8.48528,8.48528,7.81025,8.48528,7.81025,7.81025,7.81025,7.81025,7.81025,7.81025,7.2111,7.2111,7.2111,7.2111,7.2111,7.2111,7.2111,8.06226,8.06226,8.06226,7.2111,7.2111,7.2111,7.2111,7.2111,7.81025,7.81025,7.07107,7.07107,7.81025,6.40312,6.40312,6.40312,5.83095,6.7082,5.83095,5.83095,5.38516,5.38516,5.38516,5.38516,5.09902,4.12311,4.0,4.0,59.43904,62.03225,60.44005,53.75872,52.88667,53.16014,52.63079,53.36666,48.27007,52.17279,45.35416,47.38143,49.64877,48.6621,45.54119,43.41659,45.09989,42.10701,43.04649,43.01163,44.18144,45.04442,44.40721,38.0,39.05125,40.11234,42.19005,39.20459,41.30375,43.18565,41.04875,39.20459,39.0,43.41659,42.29657,42.0,42.0119,41.04875,40.0125,40.60788,41.30375,36.22154,39.31921,37.33631,35.90265,34.48188,29.52965,28.63564,25.94224,26.40076,21.09502,25.80698,26.83282,23.32381,19.20937,20.80865,22.80351,46.69047,46.04346,47.09565,47.04253,51.15662,48.6621,47.38143,50.80354,54.81788,53.75872,56.75385,57.00877,62.36185,63.89053,61.68468,60.74537,62.76942,64.40497,61.26989,61.26989,62.64982,67.1193,64.88451,63.28507,59.36329,59.48109,63.13478,63.28507,58.30952,61.03278,60.46487,58.82176,54.70832,56.60389,63.13478,56.82429,59.48109,57.69749,58.18075,62.03225,54.78138,62.93648,61.09828,61.03278,57.97413,58.87274,60.44005,57.87055,58.82176,62.0967,62.58594,64.7611,65.96969,62.36986,62.93648,66.70832,65.96969
9.84886,8.94427,9.43398,8.94427,8.94427,8.06226,8.06226,8.06226,8.06226,8.06226,8.06226,7.81025,7.81025,7.81025,7.2111,7.81025,7.07107,7.07107,7.07107,7.07107,7.07107,7.07107,7.07107,7.07107,7.07107,7.07107,7.07107,7.81025,7.07107,7.07107,7.07107,7.07107,7.81025,7.2111,6.40312,7.2111,7.2111,6.7082,6.7082,5.38516,5.38516,5.38516,5.38516,4.12311,4.12311,4.12311,4.12311,4.0,4.0,4.0,4.0,3.16228,59.68249,63.13478,59.48109,56.82429,60.53924,52.35456,58.59181,52.7731,50.08992,47.42362,48.75449,46.8188,49.24429,46.61545,44.92215,42.72002,42.2019,42.95346,45.70558,43.17407,46.27094,43.18565,43.28972,44.01136,40.4475,43.18565,39.45884,44.0,44.10215,41.10961,43.18565,41.01219,45.17743,42.04759,38.11824,43.41659,44.91102,40.60788,46.52956,39.45884,38.83298,38.32754,39.21734,40.49691,37.16181,32.20248,30.01666,33.12099,27.45906,25.55386,28.01785,28.6007,24.75884,23.43075,21.93171,20.80865,17.80449,44.92215,46.23851,44.94441,51.0,50.11986,48.30114,46.51881,49.92995,53.25411,55.56978,57.2014,60.44005,60.80296,63.12686,62.00806,65.06919,62.96825,62.2254,60.1415,61.55485,66.70832,68.76772,63.78087,62.80127,62.96825,61.07373,63.25346,61.07373,60.30755,58.0517,59.5483,60.20797,58.0,56.63921,57.38467,61.55485,55.97321,58.0517,60.30755,56.40035,55.60576,59.64059,59.64059,64.07027,50.11986,62.76942,57.80138,58.59181,61.26989,67.1193,58.5235,65.76473,63.63175,59.48109,65.74192,65.74192,66.88797
10.0,9.43398,9.43398,9.43398,9.43398,8.60233,8.94427,8.06226,8.06226,7.61577,8.06226,8.544,7.61577,7.61577,7.61577,7.61577,7.28011,7.28011,7.28011,7.28011,7.28011,7.28011,7.28011,7.07107,7.28011,7.28011,7.28011,7.28011,7.28011,7.28011,7.28011,7.28011,7.28011,7.28011,6.7082,7.61577,6.7082,6.7082,6.7082,5.83095,6.40312,6.40312,5.0,5.65685,5.65685,5.0,5.0,5.0,4.24264,5.0,4.47214,4.47214,60.01666,63.15061,61.68468,55.7315,58.5235,52.49762,52.63079,55.97321,50.59644,49.0408,46.23851,44.77723,47.01064,46.61545,41.18252,42.72002,43.26662,41.88078,42.05948,42.54409,41.6173,44.10215,36.87818,40.49691,37.01351,42.0119,41.04875,43.13931,41.86884,37.48333,38.60052,42.43819,38.01316,39.82462,38.01316,42.94182,39.44617,41.04875,41.67733,39.92493,39.0,38.94868,34.9285,33.61547,34.78505,34.20526,33.95585,33.73426,28.63564,27.45906,28.01785,26.1725,23.34524,23.19483,22.02272,21.0238,20.0,46.04346,44.29447,45.65085,50.69517,48.46648,50.32892,50.32892,51.62364,54.40588,52.49762,53.60037,56.75385,60.63827,60.63827,61.66036,58.54912,64.38167,62.28965,68.11755,63.12686,62.0,65.00769,64.0,59.00847,63.00794,66.0303,62.07254,60.20797,58.07753,64.0,58.0,61.0,62.03225,61.0082,59.00847,60.07495,57.00877,57.55867,53.93515,59.22837,61.0,59.03389,61.0,61.61169,61.84658,55.54278,62.36185,60.72891,58.69412,64.28841,62.29767,60.72891,61.98387,55.31727,67.06713,67.72001,57.87055
10.77033,10.77033,9.84886,10.77033,9.84886,9.48683,9.48683,9.48683,9.48683,8.544,9.21954,9.21954,8.24621,8.24621,8.24621,8.06226,8.06226,8.06226,8.06226,8.06226,8.06226,8.06226,8.06226,8.06226,8.06226,8.0,8.06226,8.06226,9.05539,8.06226,8.06226,8.06226,8.24621,8.24621,8.24621,8.24621,7.28011,7.61577,7.61577,6.7082,6.7082,6.7082,5.83095,5.83095,5.83095,5.83095,5.0,5.0,5.0,5.0,4.24264,4.24264,60.20797,58.30952,57.42822,59.3043,54.34151,53.36666,53.46027,54.58938,48.50773,48.05206,46.17359,45.54119,48.76474,45.35416,41.4367,43.08132,45.69464,41.78516,44.77723,39.81206,44.28318,35.77709,43.909,38.91015,38.27532,42.54409,38.27532,41.34005,42.95346,40.49691,39.40812,43.26662,37.21559,40.70626,38.94868,39.35734,38.07887,40.8534,42.48529,37.16181,34.43835,38.8973,37.33631,33.83785,38.47077,34.9285,31.40064,29.27456,30.14963,25.07987,26.07681,23.02173,26.01922,20.02498,23.08679,21.58703,24.04163,45.69464,51.26402,45.35416,50.69517,47.07441,54.91812,49.64877,53.46027,57.31492,53.15073,55.08176,60.40695,62.20129,65.00769,63.0,62.20129,68.18358,60.67125,67.47592,65.76473,64.77654,68.24954,61.98387,67.60178,62.96825,65.30697,62.36986,62.80127,61.61169,65.76473,57.27128,66.61081,59.4138,61.40033,61.52235,58.07753,54.00926,60.00833,60.13319,59.00847,61.07373,56.0357,62.39391,61.52235,63.12686,63.50591,60.40695,58.42089,63.50591,59.3043,61.52235,64.13267,69.26038,59.43904,64.93843,68.65858,65.76473
10.19804,10.19804,9.05539,10.19804,9.05539,9.21954,9.05539,8.06226,8.06226,8.0,8.06226,8.0,8.0,8.0,8.0,8.06226,7.07107,7.07107,7.07107,7.07107,7.07107,7.07107,7.07107,7.28011,7.28011,7.07107,7.07107,7.28011,8.06226,7.07107,7.07107,7.07107,7.07107,7.07107,7.0,7.0,7.0,7.07107,6.08276,6.08276,5.38516,5.09902,5.09902,5.38516,5.38516,4.47214,4.47214,4.47214,4.47214,3.60555,4.24264,4.24264,62.76942,62.17717,56.30275,56.30275,63.00794,52.83938,51.40039,49.09175,49.81967,45.22168,44.68781,45.0,51.0392,46.01087,39.62323,46.01087,43.18565,43.86342,44.55334,45.0,45.60702,43.18565,41.67733,39.66106,39.82462,40.80441,41.40048,40.22437,39.44617,42.43819,45.0,47.20169,40.60788,41.04875,41.04875,41.01219,44.20407,43.60046,39.82462,40.36087,38.20995,37.48333,41.03657,35.4683,35.60899,34.98571,31.06445,31.40064,27.78489,27.73085,24.18677,25.29822,24.69818,22.80351,23.76973,18.97367,22.09072,48.10405,49.67897,48.60041,48.25971,50.77401,47.70744,51.47815,48.8774,53.23533,52.7731,59.5063,56.82429,59.09315,65.0,62.76942,60.72891,61.40033,63.32456,62.64184,61.98387,64.28841,63.32456,66.70832,61.81424,65.30697,62.36986,62.64982,61.98387,59.5399,61.18823,56.08921,59.68249,55.54278,57.48913,58.24088,56.32051,56.32051,57.93962,57.24509,63.15853,57.38467,57.77543,56.46238,62.16912,58.18075,62.1289,59.5399,58.66856,62.43397,60.41523,60.74537,62.76942,66.7308,57.80138,62.64982,61.05735,61.40033
10.04988,10.04988,10.04988,9.05539,9.05539,9.05539,9.21954,8.24621,8.24621,8.24621,8.24621,8.24621,7.28011,7.28011,7.28011,8.544,7.61577,7.61577,7.61577,7.61577,7.61577,8.06226,7.61577,8.06226,7.61577,8.06226,8.06226,8.06226,8.06226,8.06226,7.61577,7.61577,7.61577,7.61577,7.61577,7.28011,7.28011,7.07107,6.08276,6.08276,6.08276,6.08276,5.09902,5.09902,5.09902,5.0,5.0,4.0,4.0,4.12311,4.12311,3.16228,58.0,57.28001,58.69412,56.63921,58.0517,52.34501,53.07542,49.51767,50.91169,49.0408,48.01042,47.43416,49.39636,48.8774,45.27693,47.50789,43.56604,45.61798,42.72002,44.38468,43.86342,42.15448,40.8534,40.80441,41.78516,41.78516,43.01163,43.01163,41.76123,40.80441,41.76123,45.12206,39.21734,40.5216,38.32754,42.72002,40.16217,38.47077,42.48529,39.92493,41.23106,39.82462,36.05551,38.47077,38.27532,37.44329,32.80244,31.241,31.14482,30.61046,25.6125,28.3196,21.2132,27.20294,25.0,25.80698,22.2036,47.80167,47.50789,45.96738,52.49762,51.73973,48.08326,51.66237,52.63079,58.25805,53.90733,54.08327,60.21628,61.22091,62.68174,62.1289,62.76942,65.8635,62.26556,63.63175,63.95311,62.64982,70.26379,63.15853,63.97656,63.56099,65.30697,59.61543,63.15853,61.46544,62.17717,57.24509,61.32699,61.7414,59.94164,59.05929,60.21628,57.98276,57.14018,55.75841,60.80296,61.61169,60.30755,59.03389,64.53681,61.07373,60.20797,60.20797,63.65532,60.10824,59.4138,60.10824,61.55485,67.89698,60.1415,69.35416,68.0147,66.48308
10.0,10.0,10.0,10.0,9.0,9.0,9.05539,8.06226,8.06226,8.06226,8.06226,8.06226,8.06226,7.28011,7.28011,8.24621,7.61577,7.28011,7.61577,7.61577,7.28011,7.61577,7.61577,7.61577,7.61577,7.61577,7.61577,7.61577,7.61577,7.61577,7.28011,7.28011,7.28011,7.28011,7.28011,7.07107,7.07107,6.08276,6.0,6.0,6.0,6.0,5.0,5.0,5.0,5.09902,4.12311,4.12311,4.12311,3.16228,3.16228,3.16228,59.5483,66.8431,59.5483,57.31492,59.39697,56.56854,55.15433,53.90733,50.93133,46.75468,48.9183,46.69047,47.01064,48.16638,43.01163,46.87217,44.65423,45.79301,41.88078,41.18252,44.28318,41.59327,42.05948,41.14608,39.96248,43.909,42.95346,39.39543,43.04649,48.70318,42.54409,42.95346,43.38202,45.61798,41.23106,41.88078,37.58989,36.05551,42.80187,38.27532,41.6173,38.60052,37.80212,34.65545,34.71311,34.71311,35.35534,31.89044,30.4795,28.3196,29.41088,25.55386,25.55386,25.05993,22.82542,21.47091,19.31321,47.41308,50.08992,51.62364,50.80354,48.9183,48.41487,49.67897,49.57822,55.17246,58.69412,58.0517,60.20797,62.93648,63.12686,61.61169,66.28725,63.51378,60.21628,61.29437,66.18912,65.29931,64.84597,63.95311,66.7308,68.09552,64.84597,61.7414,63.52952,60.82763,59.03389,58.18075,57.69749,61.7414,55.9464,63.06346,57.3062,58.5235,57.00877,58.41233,63.78087,59.40539,58.79626,60.959,61.55485,57.62812,56.63921,59.5483,60.87693,65.29931,63.63961,65.05382,64.3506,67.88225,59.39697,67.89698,64.53681,64.38167
10.81665,10.29563,10.29563,10.29563,10.29563,9.43398,8.94427,8.94427,8.94427,8.94427,8.94427,8.544,8.544,8.544,8.544,8.24621,8.24621,8.24621,8.24621,8.24621,8.24621,8.24621,8.24621,8.24621,8.24621,8.06226,8.06226,8.24621,8.24621,8.24621,8.24621,8.24621,8.24621,8.24621,8.544,7.61577,7.61577,7.61577,7.2111,7.2111,6.7082,6.7082,6.40312,5.83095,5.83095,5.0,5.0,5.65685,5.0,5.0,5.0,5.0,64.28841,57.97413,67.41662,56.32051,57.87055,53.75872,54.78138,56.64804,53.85165,54.12024,44.94441,46.95743,50.9902,50.15974,46.23851,47.01064,47.16991,44.94441,42.05948,41.88078,45.80393,39.44617,42.43819,40.22437,47.16991,45.0,41.03657,42.80187,44.40721,42.52058,41.6173,45.79301,43.56604,43.82921,38.83298,41.34005,42.43819,39.66106,44.59821,40.70626,36.67424,37.94733,39.84972,36.05551,35.90265,30.80584,29.83287,32.75668,29.06888,25.07987,26.07681,25.17936,23.08679,21.0238,23.19483,25.4951,20.09975,44.82187,50.0,50.21952,53.7122,51.97115,52.7731,46.95743,54.626,58.69412,57.00877,58.18935,59.20304,60.74537,63.60031,63.78871,65.30697,67.26812,66.09841,64.77654,66.75328,66.61081,70.5762,66.1211,66.18912,68.02941,66.37017,62.00806,70.00714,63.03174,67.1193,60.03332,61.0,62.03225,63.12686,63.50591,60.01666,56.32051,62.80127,58.85576,62.0967,60.20797,63.60031,67.68309,61.68468,61.40033,63.32456,63.60031,60.44005,64.84597,64.19502,62.03225,67.35726,62.64184,62.62587,69.64194,67.06713,63.32456
11.04536,11.04536,10.04988,10.04988,10.04988,10.04988,9.0,9.0,9.0,9.0,9.0,9.05539,8.06226,8.06226,8.06226,9.05539,8.24621,8.06226,8.24621,8.06226,8.06226,8.06226,8.24621,8.24621,8.24621,8.24621,8.24621,8.06226,8.24621,8.06226,8.06226,8.06226,8.06226,8.06226,8.0,8.0,8.0,7.0,7.07107,7.07107,7.07107,7.07107,6.32456,6.32456,6.32456,5.38516,5.38516,5.38516,5.38516,4.47214,4.47214,4.47214,61.40033,57.80138,63.41136,58.0,57.28001,55.31727,50.9902,53.2635,48.79549,51.85557,43.93177,45.34314,45.96738,46.2277,44.20407,46.04346,47.38143,43.82921,44.82187,39.44617,45.27693,40.49691,39.82462,43.56604,41.67733,40.70626,42.94182,40.24922,43.38202,40.71855,42.95346,46.09772,42.48529,43.41659,38.01316,40.31129,39.96248,41.88078,43.26662,42.19005,39.44617,41.86884,36.87818,36.79674,33.97058,33.30165,29.06888,32.80244,30.80584,27.01851,27.80288,28.01785,26.92582,21.09502,20.12461,22.47221,18.38478,48.41487,50.9902,47.42362,53.15073,49.0408,53.15073,53.53504,54.91812,59.07622,54.91812,58.83026,60.53924,61.85467,62.76942,62.17717,63.56099,67.97794,66.70832,65.74192,62.03225,64.51356,70.26379,62.62587,66.40783,63.56886,66.09841,64.51356,68.96376,65.45991,61.84658,61.68468,62.29767,63.24555,60.08328,59.23681,59.9333,59.9333,61.77378,58.13777,62.96825,62.26556,58.00862,61.03278,63.00794,57.80138,59.03389,56.85948,61.61169,64.66065,61.07373,66.06815,65.29931,68.0147,62.62587,65.94695,65.94695,61.52235
9.84886,9.84886,9.48683,9.84886,8.544,8.94427,8.544,8.544,8.544,8.24621,8.544,8.24621,8.24621,8.24621,8.24621,8.06226,8.06226,7.07107,7.0,7.07107,7.07107,7.0,7.07107,7.0,8.0,8.0,8.0,8.0,8.0,7.07107,8.06226,8.06226,8.06226,7.07107,7.28011,7.28011,7.28011,7.28011,6.32456,6.7082,5.83095,5.83095,5.83095,5.0,5.0,5.0,5.0,5.0,4.24264,4.24264,4.24264,3.60555,64.84597,56.0803,59.05929,54.626,57.14018,53.85165,51.62364,56.0803,48.54894,46.14109,49.24429,45.0,47.80167,44.68781,44.65423,48.79549,45.34314,41.03657,43.27817,47.38143,43.13931,40.36087,42.80187,39.62323,41.40048,41.86884,44.59821,40.45986,39.82462,42.80187,43.82921,40.60788,41.04875,42.2019,42.2019,39.82462,39.82462,42.0119,41.03657,42.44997,42.44997,36.79674,40.80441,39.62323,34.1321,38.58756,32.75668,29.52965,29.96665,24.59675,27.313,26.83282,26.83282,23.4094,26.0,23.08679,22.2036,46.14109,47.01064,43.909,50.56679,51.89412,49.76947,51.92302,52.20153,53.14132,52.81098,56.29387,56.75385,59.90826,61.13101,60.20797,65.30697,63.63961,64.77654,65.37584,64.07027,63.0,65.19202,66.00758,66.18912,65.06919,66.06815,62.07254,60.00833,61.03278,62.07254,59.07622,62.20129,58.13777,62.28965,62.514,57.31492,58.85576,57.27128,58.69412,57.87055,63.32456,60.53924,58.18935,61.09828,55.36244,60.16644,60.53924,62.16912,60.82763,63.32456,57.77543,65.79514,65.30697,64.88451,63.52952,59.80803,59.5063
10.29563,10.29563,9.43398,10.29563,9.43398,9.43398,8.60233,8.60233,8.60233,8.60233,8.60233,8.60233,9.21954,8.60233,9.21954,8.48528,8.48528,8.48528,8.48528,8.48528,7.81025,7.81025,7.81025,7.81025,8.48528,7.81025,7.81025,8.48528,8.48528,7.81025,8.48528,8.48528,8.48528,8.48528,7.81025,7.81025,7.81025,7.2111,7.2111,7.2111,6.7082,5.83095,6.7082,5.83095,5.83095,5.38516,5.38516,5.38516,5.38516,5.09902,4.12311,4.12311,57.28001,54.57105,58.0517,54.81788,56.32051,53.33854,52.46904,51.97115,48.6621,44.72136,44.72136,40.1995,47.16991,46.01087,46.17359,42.04759,43.0,42.0119,43.0,39.11521,46.27094,42.0,38.83298,39.31921,39.62323,40.60788,39.81206,41.0,42.57934,43.68066,37.85499,42.75512,40.79216,43.41659,40.02499,40.04997,44.10215,42.57934,40.0125,38.0526,41.01219,38.0526,38.20995,36.34556,37.12142,34.23449,32.28002,30.80584,30.80584,23.5372,26.57066,23.76973,25.94224,20.61553,21.93171,19.20937,23.60085,49.09175,51.24451,48.16638,53.23533,50.21952,52.63079,52.17279,55.08176,56.08921,55.08176,59.13544,63.56886,65.19202,60.53924,61.84658,63.56099,65.39113,60.90156,66.64833,62.6099,65.8635,65.8635,64.66065,68.50547,66.88797,65.8635,63.82006,62.42596,62.42596,61.05735,58.83026,61.40033,60.41523,58.59181,59.9333,57.69749,53.7122,59.23681,55.9464,57.58472,59.5063,60.16644,61.98387,62.36185,54.40588,65.14599,58.24088,58.94065,63.56099,64.28841,61.40033,66.21933,66.21933,58.46366,61.98387,65.51336,67.46851
10.04988,9.05539,9.05539,9.05539,9.05539,8.0,8.0,8.0,8.0,8.0,8.06226,8.06226,8.06226,7.07107,7.07107,8.24621,7.28011,7.28011,7.28011,7.28011,7.28011,7.28011,7.28011,7.61577,7.28011,7.61577,7.28011,8.24621,7.28011,8.24621,7.28011,7.28011,7.28011,7.07107,7.07107,7.07107,7.07107,6.0,6.0,6.0,6.0,6.0,6.08276,5.0,5.09902,4.12311,4.12311,4.12311,4.12311,3.16228,3.16228,3.60555,67.08204,57.77543,63.63175,59.05929,55.9464,59.03389,53.22593,56.64804,45.27693,51.86521,47.43416,48.54894,45.80393,43.26662,44.10215,51.0392,49.81967,42.2019,47.50789,42.63801,47.42362,42.42641,43.84062,43.84062,41.01219,41.7732,46.09772,42.42641,45.27693,43.18565,45.34314,48.27007,41.03657,43.93177,37.48333,44.68781,42.44997,40.31129,46.75468,43.60046,37.53665,42.63801,39.96248,39.35734,40.31129,33.61547,35.4683,34.17601,30.88689,31.95309,30.67572,27.85678,31.57531,24.5153,22.56103,26.30589,24.08319,50.24938,55.44367,50.32892,54.6443,49.40648,53.53504,52.69725,51.62364,54.58938,56.0803,56.36488,61.84658,61.7414,64.2573,67.6757,61.13101,71.30919,62.64184,69.92138,63.32456,65.0,67.68309,63.15061,69.46222,65.27634,63.56099,65.37584,70.45566,55.44367,66.09841,58.69412,62.96825,61.84658,57.72348,62.62587,62.8172,54.57105,58.69412,57.56735,61.40033,62.62587,56.0803,61.35145,62.16912,60.83584,59.48109,64.84597,58.83026,64.4748,60.00833,59.09315,64.40497,73.34848,55.4617,68.942,70.71068,59.9333
10.04988,10.04988,10.19804,10.04988,9.21954,9.05539,9.21954,9.21954,8.24621,8.24621,8.24621,8.24621,8.544,8.544,8.544,8.544,8.544,7.61577,8.06226,7.61577,7.61577,8.06226,7.61577,8.06226,8.06226,8.06226,8.06226,8.94427,8.94427,7.61577,7.61577,8.544,8.544,7.61577,8.24621,7.28011,7.28011,7.28011,7.07107,7.07107,6.08276,6.08276,6.0,5.0,5.0,5.0,5.0,5.0,5.0,5.09902,4.12311,4.12311,58.79626,53.03772,60.87693,55.17246,54.67175,53.15073,46.40043,53.75872,45.80393,47.80167,44.04543,47.43416,42.0119,42.19005,39.66106,40.31129,40.71855,43.86342,42.05948,38.83298,40.8534,39.82462,43.65776,41.62932,41.78516,39.92493,36.24914,38.27532,39.0,36.68787,39.56008,42.95346,36.76955,42.72002,38.01316,42.48529,39.81206,38.94868,41.18252,38.01316,32.80244,34.4093,36.05551,36.05551,38.18377,32.55764,31.82766,27.01851,28.84441,24.83948,27.78489,27.80288,27.01851,21.26029,19.23538,21.93171,23.4094,48.70318,47.53946,44.38468,52.83938,48.8774,50.11986,49.92995,51.62364,55.0,54.08327,56.40035,58.41233,64.40497,62.36986,62.24147,58.79626,70.03571,58.41233,63.89053,63.89053,61.07373,65.21503,57.62812,62.80127,65.60488,61.7171,63.28507,62.68174,58.66856,64.89992,55.47071,58.60034,56.30275,57.00877,58.41233,56.40035,47.50789,57.31492,55.9017,55.86591,62.93648,51.62364,62.36986,58.69412,60.10824,55.31727,55.17246,59.20304,62.00806,61.6198,58.60034,65.60488,63.70243,54.67175,63.41136,67.80118,57.62812
9.48683,9.48683,9.48683,9.48683,8.544,8.544,8.544,7.61577,7.61577,7.61577,7.61577,7.61577,7.61577,7.61577,7.61577,7.2111,7.2111,7.2111,7.2111,7.2111,7.2111,7.2111,7.2111,7.2111,7.2111,7.2111,7.2111,7.2111,7.2111,7.2111,7.2111,7.2111,8.06226,6.7082,6.7082,6.7082,6.32456,6.32456,6.08276,6.08276,6.08276,5.09902,6.08276,5.0,5.0,4.0,4.12311,4.12311,4.12311,4.12311,4.12311,3.16228,62.64982,60.41523,55.9464,56.36488,58.60034,53.22593,58.82176,51.86521,51.07837,46.23851,47.16991,47.75982,46.17359,48.76474,39.84972,45.12206,44.40721,43.93177,45.01111,46.38965,40.04997,44.55334,41.19466,42.57934,38.47077,42.0119,43.18565,44.10215,42.0119,43.0,38.01316,36.22154,44.04543,43.18565,41.04875,39.20459,44.55334,42.29657,42.44997,38.62642,43.68066,38.60052,38.8973,39.21734,34.9285,39.35734,29.96665,34.1321,26.62705,26.62705,26.40076,24.83948,20.51828,22.2036,22.67157,24.04163,21.63331,50.03998,48.25971,49.64877,46.52956,52.63079,50.92151,51.66237,54.78138,56.30275,57.58472,62.03225,57.93962,66.30988,62.24147,54.08327,61.29437,64.14047,71.56116,59.68249,64.81512,67.00746,65.21503,69.40461,64.40497,66.4003,70.60453,61.7171,59.66574,62.28965,57.48913,60.30755,60.30755,58.25805,59.07622,58.60034,58.00862,61.40033,61.40033,53.66563,56.4358,57.70615,60.82763,55.9017,63.50591,57.69749,58.18075,59.5063,60.53924,61.7171,63.15853,62.64982,62.36185,61.46544,66.85058,65.55151,59.23681,68.02941
8.60233,8.60233,8.60233,8.60233,8.60233,8.06226,8.06226,8.06226,7.2111,6.7082,6.7082,7.61577,6.7082,6.7082,6.7082,7.28011,7.28011,6.32456,7.28011,6.32456,7.28011,7.28011,6.32456,7.07107,7.28011,7.07107,7.07107,7.28011,7.28011,7.28011,7.28011,7.28011,6.32456,6.32456,6.32456,6.7082,6.7082,5.83095,5.83095,5.83095,5.0,5.0,5.0,5.0,4.24264,4.24264,4.24264,3.60555,3.60555,3.60555,3.60555,3.16228,60.13319,58.13777,58.00862,54.00926,56.0803,50.01,56.00893,52.00961,52.03845,44.04543,47.26521,46.38965,48.50773,46.52956,45.39824,47.29693,49.47727,46.57252,41.48494,41.48494,43.01163,41.78516,38.07887,39.56008,40.5216,43.32436,41.4367,44.28318,41.78516,43.82921,41.62932,43.46263,43.65776,39.92493,42.72002,40.16217,45.22168,39.84972,41.23106,40.26164,36.67424,40.4475,38.11824,35.22783,36.22154,34.0147,33.01515,34.1321,30.06659,30.06659,25.70992,30.01666,27.29469,22.2036,24.35159,22.80351,23.70654,45.88028,46.69047,50.80354,52.23983,50.15974,49.16299,50.03998,54.03702,61.0082,60.00833,56.00893,61.07373,65.19202,63.3877,61.98387,61.18823,64.13267,65.25335,63.56099,65.80274,58.5235,65.14599,67.35726,63.89053,65.14599,64.84597,64.19502,58.87274,62.29767,57.87055,57.87055,58.94065,60.72891,59.20304,58.69412,57.27128,56.56854,56.7186,57.70615,60.13319,57.31492,60.03332,55.3263,59.07622,56.0357,58.07753,60.29925,55.00909,63.1981,64.03124,62.07254,61.20457,59.21149,57.14018,64.00781,64.03124,66.0303
9.84886,8.94427,9.43398,8.94427,8.94427,8.06226,8.60233,8.06226,8.60233,8.60233,8.06226,7.81025,7.81025,7.81025,7.07107,7.07107,7.07107,7.07107,7.07107,7.07107,7.07107,7.07107,7.07107,7.81025,7.07107,7.07107,6.40312,7.81025,7.81025,7.81025,7.07107,7.07107,7.07107,7.07107,6.40312,7.2111,7.2111,6.7082,5.83095,5.83095,5.83095,5.38516,5.38516,4.47214,4.47214,4.12311,4.12311,4.12311,4.0,4.0,4.0,3.0,57.07013,58.5235,61.98387,52.81098,53.93515,57.21888,50.48762,59.5399,48.09366,47.51842,47.38143,47.0,43.04649,45.39824,46.17359,47.01064,48.01042,41.10961,47.0,40.04997,44.01136,42.29657,47.51842,43.93177,44.55334,42.04759,42.42641,42.75512,41.97618,41.48494,38.83298,46.09772,39.45884,45.70558,39.45884,42.19005,42.29657,43.10452,42.19005,39.01282,39.01282,35.01428,38.63936,36.49658,36.49658,30.59412,36.40055,30.26549,30.08322,27.73085,25.07987,26.83282,28.6531,22.84732,26.83282,20.59126,19.84943,48.04165,52.00961,43.0,55.10898,47.85394,58.03447,53.93515,54.23099,56.0,54.45181,56.04463,65.51336,74.73286,58.30952,71.06335,60.90156,68.41053,57.38467,66.09841,66.18912,63.56099,64.3506,59.94164,65.19202,64.84597,59.40539,67.97794,68.44706,53.31041,67.41662,51.86521,61.84658,59.9333,59.46427,56.82429,53.75872,55.71355,61.68468,59.13544,58.30952,62.0967,53.15073,64.7611,57.72348,56.29387,57.70615,58.0517,53.75872,61.98387,56.29387,61.98387,63.63961,65.30697,56.7186,67.47592,68.06614,65.76473
10.19804,9.21954,9.21954,9.21954,9.21954,8.24621,8.544,8.544,8.544,8.544,8.544,7.61577,7.61577,7.61577,7.61577,8.06226,7.2111,8.06226,7.2111,7.2111,7.2111,7.2111,7.2111,7.2111,7.2111,7.2111,7.81025,7.81025,7.2111,8.06226,7.2111,7.2111,7.2111,6.7082,7.61577,7.61577,6.7082,6.32456,6.32456,6.32456,6.08276,6.08276,5.09902,5.09902,5.09902,4.12311,4.0,4.0,4.0,4.0,4.0,3.16228,62.43397,56.85948,59.94164,54.56189,61.05735,55.22681,53.23533,52.7731,46.06517,49.65884,48.33218,47.75982,50.32892,44.38468,42.15448,44.01136,43.68066,40.16217,38.32754,40.5216,42.57934,45.54119,41.97618,42.57934,41.59327,41.97618,42.29657,38.63936,41.59327,44.28318,45.09989,41.04875,43.93177,42.19005,42.10701,43.17407,41.4367,42.95346,43.17407,40.79216,42.44997,43.65776,37.69615,36.05551,35.34119,38.07887,32.64966,33.10589,29.68164,28.6531,28.6007,25.80698,20.80865,25.45584,22.02272,25.0,24.20744,48.38388,49.0408,51.07837,50.08992,55.22681,52.83938,50.77401,55.44367,57.68882,59.03389,59.20304,61.7171,60.80296,60.87693,63.65532,62.24147,65.06919,65.11528,60.87693,64.44377,68.11755,70.17834,63.12686,66.70832,65.80274,61.84658,65.60488,62.482,59.64059,58.89822,60.959,61.07373,58.41233,58.13777,62.96825,57.28001,58.69412,60.0,57.31492,59.5483,60.60528,61.29437,61.29437,62.42596,56.40035,64.66065,64.89992,56.60389,57.45433,64.89992,60.53924,62.96825,64.88451,65.29931,67.60178,64.88451,64.00781
10.29563,9.84886,9.84886,9.84886,8.544,8.94427,8.544,8.544,8.544,8.24621,8.544,8.24621,8.24621,8.24621,8.24621,8.06226,8.06226,8.06226,8.06226,8.06226,8.06226,8.0,8.06226,8.0,8.0,8.06226,8.06226,8.06226,8.0,8.06226,8.06226,8.06226,8.06226,8.06226,7.28011,7.28011,7.28011,7.28011,6.32456,6.32456,6.7082,5.38516,6.32456,5.83095,5.38516,4.47214,4.47214,4.47214,5.0,3.60555,4.24264,4.24264,58.0517,57.87055,63.78871,56.51548,58.24088,59.66574,50.59644,57.72348,48.38388,50.59644,48.70318,45.54119,48.10405,44.77723,47.01064,39.82462,42.48529,42.54409,42.48529,42.43819,45.27693,43.41659,43.60046,41.67733,38.58756,37.44329,44.10215,39.69887,40.45986,42.0119,43.01163,47.20169,42.0119,43.27817,40.80441,39.35734,46.51881,41.67733,39.44617,44.01136,40.8534,38.27532,35.4683,36.05551,34.20526,34.20526,34.9285,33.52611,30.06659,28.0,29.01724,28.01785,23.08679,25.07987,24.02082,24.18677,23.34524,51.0,49.24429,47.42362,55.02727,52.0,55.08176,54.57105,54.34151,59.43904,52.63079,57.07013,62.16912,63.06346,63.95311,65.06919,64.19502,67.18631,61.0082,65.19202,66.1211,68.46897,66.06815,63.03174,68.00735,67.06713,68.00735,62.03225,62.1289,61.13101,67.00746,59.07622,64.00781,62.00806,59.00847,60.07495,56.0,59.03389,60.20797,55.10898,61.52235,60.53098,60.20797,61.18823,61.98387,61.18823,60.41523,61.39218,64.7611,58.18935,58.94065,61.13101,66.40783,65.0,56.75385,65.0,67.6757,60.16644
11.04536,10.0,10.0,10.0,10.0,9.0,9.05539,9.05539,9.05539,9.05539,9.05539,9.05539,9.05539,8.24621,8.24621,9.21954,8.24621,8.24621,8.544,8.544,8.544,8.544,8.24621,8.544,8.544,8.544,8.544,8.544,8.544,8.544,8.24621,8.544,8.24621,8.24621,8.24621,8.06226,8.06226,7.07107,7.0,7.0,7.0,6.0,7.0,6.0,6.0,5.0,5.09902,5.09902,5.09902,4.12311,4.12311,4.12311,55.97321,60.87693,55.22681,57.38467,60.30755,50.44799,53.03772,50.24938,45.27693,49.57822,49.20366,43.93177,47.50789,48.41487,42.80187,44.65423,44.41846,41.34005,42.72002,44.41846,42.04759,42.72002,42.72002,42.95346,39.39543,41.62932,42.72002,41.62932,42.15448,43.08132,41.18252,42.94182,41.78516,40.31129,37.57659,44.29447,40.24922,42.48529,40.31129,37.73592,43.04649,41.7732,38.60052,35.80503,34.82815,33.30165,35.35534,33.97058,27.01851,28.84441,26.40076,23.34524,25.6125,26.41969,25.0,21.93171,22.47221,47.80167,48.27007,50.93133,51.62364,51.62364,52.49762,52.49762,56.63921,58.79626,53.25411,59.07622,58.60034,66.03787,66.88797,63.52952,66.64083,68.26419,66.64083,63.13478,66.21178,68.942,64.88451,66.30988,60.53924,68.62215,64.62198,65.52099,68.35203,64.19502,66.30988,60.00833,63.56099,55.9017,62.6099,63.63175,60.41523,57.69749,61.91123,59.36329,60.0,63.24555,57.2014,61.29437,63.03174,58.25805,57.80138,61.6198,61.55485,65.06919,57.31492,64.03124,60.81118,67.94115,61.52235,65.19202,64.3506,67.89698
10.0,10.0,9.21954,10.0,9.21954,9.21954,8.48528,8.48528,8.48528,7.81025,8.48528,7.81025,7.81025,7.81025,7.81025,7.81025,7.81025,7.81025,7.2111,7.2111,7.2111,7.2111,7.2111,8.06226,8.06226,8.06226,8.06226,7.2111,8.06226,8.06226,7.2111,7.2111,7.2111,7.2111,7.81025,7.07107,7.07107,7.07107,5.65685,5.65685,6.40312,5.83095,5.0,5.0,5.0,4.47214,4.47214,4.47214,3.60555,3.60555,4.12311,3.16228,62.64982,60.37384,53.48832,59.23681,60.00833,49.64877,54.42426,48.70318,51.07837,45.54119,48.50773,47.85394,49.81967,46.09772,47.53946,48.6621,46.32494,43.93177,41.7732,47.09565,42.0119,45.0,40.11234,40.04997,39.0,43.0,44.01136,41.10961,42.0119,46.04346,44.01136,44.28318,44.0,43.01163,43.10452,40.0125,43.10452,43.01163,44.18144,39.62323,40.60788,37.65634,36.68787,36.67424,37.10795,35.17101,28.63564,33.95585,31.01612,31.7805,27.51363,29.52965,26.62705,23.32381,25.4951,21.93171,20.80865,50.01,48.27007,49.33559,50.32892,54.12947,49.76947,51.97115,55.9464,58.13777,59.05929,58.5235,57.68882,62.76942,68.8186,61.85467,67.00746,61.58734,69.02898,64.2028,69.35416,67.20863,68.0147,65.11528,62.24147,63.70243,65.06919,67.17887,64.3506,65.76473,55.17246,61.52235,58.69412,57.38467,56.0803,64.66065,58.60034,58.60034,58.5235,58.24946,62.43397,60.37384,60.82763,54.58938,62.64982,56.36488,52.92447,61.32699,59.5063,67.41662,68.54196,66.18912,67.97794,67.62396,66.85058,64.4748,61.32699,62.39391
10.0,9.21954,9.21954,9.21954,8.60233,8.60233,7.81025,8.48528,7.81025,7.81025,7.81025,7.81025,7.81025,7.81025,7.81025,7.2111,7.2111,7.2111,7.2111,7.2111,7.2111,7.2111,7.2111,7.2111,7.2111,7.2111,7.2111,7.2111,7.2111,7.2111,7.2111,7.81025,7.81025,7.07107,7.07107,6.40312,7.07107,6.40312,6.40312,6.40312,5.0,5.0,5.0,5.0,4.47214,4.47214,4.47214,4.12311,4.12311,4.12311,3.16228,3.0,65.30697,55.9017,59.84146,52.61179,56.7186,54.12947,52.46904,54.58938,48.04165,48.09366,46.17359,46.01087,47.04253,44.0,43.04649,45.04442,45.09989,44.10215,46.52956,39.05125,41.4367,42.19005,42.95346,42.44997,43.73786,41.7732,34.71311,41.23106,40.31129,42.95346,43.41659,45.89118,44.64303,42.75512,43.56604,45.54119,38.83298,41.97618,43.93177,39.01282,42.0119,39.01282,41.04875,36.22154,38.63936,33.06055,32.38827,31.257,25.0,26.68333,24.18677,26.68333,26.4764,27.51363,24.16609,24.69818,22.02272,51.0098,52.0,48.0,48.16638,50.24938,51.35173,52.7731,53.93515,54.74486,55.54278,57.93962,60.72891,63.56886,63.89053,64.07808,60.53924,70.2282,64.4748,63.97656,63.56099,64.40497,68.0,65.8635,64.49806,64.07027,63.52952,62.1289,64.88451,63.28507,61.91123,54.70832,60.90156,59.05929,59.94164,59.23681,57.27128,54.23099,57.27128,58.5235,64.51356,63.32456,56.921,59.48109,59.66574,59.43904,64.32729,63.78871,63.34824,64.13267,60.63827,63.15061,64.32729,61.98387,60.40695,64.93843,67.26812,63.15061
11.04536,10.04988,10.0,10.0,10.0,9.0,9.0,9.0,9.0,9.05539,9.05539,9.05539,9.05539,8.06226,8.06226,8.24621,8.24621,8.24621,8.24621,8.24621,8.24621,8.24621,8.24621,8.544,8.544,8.24621,8.24621,8.24621,8.24621,8.24621,8.24621,8.24621,8.24621,8.06226,8.06226,8.06226,7.0,7.0,7.0,7.0,6.08276,6.08276,6.08276,5.09902,5.09902,5.09902,5.09902,5.09902,5.09902,4.12311,4.47214,4.47214,56.58622,57.2014,59.81639,52.63079,55.86591,54.56189,51.66237,50.9902,47.50789,47.42362,48.10405,43.93177,46.75468,47.50789,42.52058,43.86342,46.2277,40.22437,43.41659,43.60046,39.35734,40.22437,43.46263,43.82921,43.04649,40.71855,41.14608,44.72136,38.01316,41.18252,40.31129,42.48529,39.39543,41.18252,40.81666,43.82921,41.34005,39.44617,37.73592,38.27532,35.60899,41.03657,37.48333,36.12478,31.89044,36.06938,31.82766,34.20526,30.52868,27.20294,23.85372,25.55386,24.41311,23.76973,23.70654,23.08679,20.61553,47.20169,46.2277,51.08816,52.34501,50.93133,51.73973,52.49762,53.90733,59.07622,55.0,62.76942,58.66856,64.07027,63.81222,57.3062,61.77378,70.3278,63.06346,64.84597,63.15853,65.39113,65.39113,67.06713,68.94926,66.48308,64.2573,60.87693,62.29767,65.80274,63.90618,59.61543,61.68468,61.46544,56.85948,63.07139,59.05929,55.00909,63.13478,54.70832,56.30275,58.83026,61.61169,62.20129,60.0,58.82176,64.53681,57.62812,59.66574,60.44005,61.84658,60.80296,63.03174,65.43699,60.959,65.29931,67.20863,66.52819
10.29563,10.29563,9.43398,10.29563,9.43398,8.94427,9.43398,8.60233,8.60233,8.60233,8.60233,8.60233,7.81025,7.81025,7.81025,8.48528,8.48528,7.81025,7.07107,7.07107,7.81025,8.48528,7.81025,7.81025,8.48528,7.81025,8.48528,8.48528,8.48528,8.48528,7.81025,7.81025,7.81025,7.81025,8.06226,8.06226,8.06226,6.7082,6.7082,6.7082,6.32456,6.32456,6.32456,6.32456,6.08276,5.09902,5.09902,5.09902,5.09902,5.0,5.0,4.0,57.00877,57.27128,53.75872,54.40588,57.58472,54.57105,54.70832,50.28916,48.70318,47.12749,48.50773,46.57252,46.69047,43.93177,42.29657,41.59327,43.18565,47.01064,41.04875,43.0,41.19466,40.1995,39.0,39.11521,38.11824,40.0,41.01219,39.11521,39.0,41.10961,43.04649,43.04649,44.01136,41.01219,43.04649,38.11824,36.12478,39.01282,41.10961,39.62323,39.45884,37.48333,32.75668,34.20526,29.61419,36.40055,30.88689,32.69557,31.38471,27.313,25.23886,26.40076,19.20937,22.47221,27.20294,21.93171,22.62742,48.0,46.01087,50.63596,50.63596,49.81967,49.47727,53.93515,50.69517,55.97321,56.75385,57.58472,60.53924,64.62198,62.64982,60.82763,64.49806,62.17717,65.51336,62.76942,66.28725,68.60029,65.60488,65.21503,65.45991,65.0,65.19202,59.81639,60.21628,62.482,61.85467,58.00862,59.40539,56.0803,56.61272,60.46487,56.30275,54.70832,55.47071,58.66856,56.79789,62.6099,55.02727,55.9017,59.46427,49.98,57.56735,61.09828,57.93962,58.18935,61.03278,59.13544,63.90618,61.35145,61.98387,62.03225,65.80274,63.06346
10.77033,9.84886,9.48683,9.84886,9.48683,9.48683,9.48683,9.21954,9.21954,9.21954,8.24621,8.24621,8.24621,8.06226,8.06226,8.06226,8.06226,8.06226,8.0,8.0,8.0,8.0,8.0,8.0,8.0,8.0,8.0,8.0,8.0,8.06226,8.06226,8.06226,8.06226,8.06226,8.24621,8.24621,7.28011,7.28011,7.28011,6.32456,6.32456,6.32456,6.32456,5.38516,5.38516,4.47214,4.47214,4.47214,4.47214,4.47214,4.24264,4.24264,60.37384,57.80138,60.41523,55.71355,58.18075,53.66563,54.20332,56.4358,51.47815,50.60632,51.10773,47.16991,43.56604,43.909,44.41846,44.10215,44.40721,42.52058,41.23106,45.25483,44.55334,46.69047,42.44997,41.03657,42.42641,41.10961,44.59821,45.34314,41.23106,43.93177,41.03657,46.01087,41.7732,43.41659,43.27817,40.31129,43.18565,40.45986,40.31129,39.40812,39.66106,43.56604,36.05551,38.27532,36.89173,32.64966,29.96665,33.24154,29.61419,27.20294,29.27456,25.29822,24.18677,26.30589,25.31798,23.19483,24.18677,46.40043,49.40648,44.68781,46.64762,57.80138,58.5235,59.36329,59.80803,51.07837,63.32456,59.5063,53.23533,65.8635,61.98387,63.56099,63.78871,67.1193,65.9242,65.0,68.68042,70.71068,72.53275,64.32729,74.95332,72.56721,62.8172,66.28725,63.03174,66.09841,64.53681,59.03389,60.01666,57.70615,59.77458,55.7853,56.75385,59.22837,57.58472,54.70832,57.93962,57.38467,60.41523,59.61543,61.26989,58.69412,67.23095,59.5063,62.64982,59.5399,61.29437,65.8635,63.97656,61.26989,65.0,64.14047,67.95587,67.08204
9.84886,9.84886,9.48683,9.48683,9.48683,8.544,8.544,8.544,8.544,8.24621,8.24621,8.24621,8.24621,8.24621,8.24621,8.06226,7.07107,7.07107,7.0,7.07107,7.07107,8.0,7.07107,7.0,8.0,8.06226,8.06226,8.0,8.0,8.06226,7.07107,7.07107,8.06226,7.07107,7.28011,7.28011,7.28011,6.32456,6.32456,6.32456,5.83095,5.83095,5.83095,5.0,5.0,5.0,5.0,5.0,4.24264,4.24264,4.24264,3.60555,65.8635,54.08327,53.53504,63.81222,53.82379,52.47857,50.77401,56.30275,47.43416,47.80167,49.0408,49.20366,50.0,44.04543,45.27693,43.13931,43.86342,41.6173,41.72529,38.94868,46.40043,40.22437,43.41659,41.04875,44.04543,43.60046,42.2019,43.82921,41.34005,41.34005,39.96248,44.41846,38.27532,44.41846,43.56604,39.66106,39.44617,42.80187,40.45986,38.20995,38.28838,42.44997,41.7732,36.12478,35.38361,34.71311,34.20526,30.52868,31.38471,29.15476,29.96665,25.55386,23.4094,23.25941,24.69818,24.5153,20.24846,47.50789,48.54894,46.40043,55.47071,50.56679,51.47815,50.32892,52.20153,56.0803,57.87055,60.08328,59.20304,62.03225,67.35726,60.87693,59.20304,65.11528,67.89698,67.89698,65.49046,63.03174,62.20129,63.12686,65.37584,63.3877,62.39391,64.19502,66.37017,59.3043,63.12686,58.07753,61.07373,57.55867,55.9017,60.01666,56.56854,54.57105,54.78138,54.81788,55.71355,57.28001,57.77543,61.68468,59.48109,62.76942,60.08328,56.79789,58.60034,59.48109,61.7414,62.64982,60.90156,63.06346,60.53924,62.1289,55.47071,61.91123
9.89949,9.21954,9.21954,8.48528,8.48528,7.81025,7.81025,7.81025,7.81025,7.2111,7.2111,7.2111,7.2111,7.2111,7.2111,7.61577,6.7082,6.7082,6.7082,6.7082,6.7082,6.7082,6.7082,6.7082,7.61577,7.61577,7.61577,7.61577,6.7082,6.7082,6.7082,7.2111,7.2111,7.2111,6.40312,6.40312,6.40312,5.65685,5.65685,5.65685,5.65685,5.0,5.0,5.0,5.0,3.60555,4.47214,4.12311,4.12311,3.16228,3.16228,3.16228,62.00806,58.0,61.0,58.00862,60.13319,55.08176,50.15974,49.0408,52.00961,44.01136,46.04346,46.01087,44.72136,46.09772,45.54119,42.42641,46.87217,40.60788,44.72136,41.4367,43.93177,43.41659,42.54409,45.35416,40.5216,43.93177,38.60052,44.01136,45.88028,46.8188,44.01136,43.65776,39.56008,45.88028,42.44997,40.5216,43.9659,41.48494,45.89118,40.4475,40.79216,39.11521,41.04875,39.01282,34.0147,35.01428,28.0,34.9285,27.07397,29.61419,27.01851,26.4764,25.17936,24.73863,23.4094,18.68154,20.12461,49.24429,51.1957,51.47815,50.48762,53.33854,49.0408,51.0392,57.03508,59.03389,56.0803,57.31492,58.54912,62.20129,63.63961,63.56099,64.56005,63.32456,65.30697,66.4906,65.52099,64.56005,65.78754,65.78754,66.7308,64.88451,65.14599,63.97656,63.69458,61.84658,63.69458,56.85948,58.87274,59.46427,58.87274,60.16644,58.24088,56.04463,56.29387,60.82763,57.31492,57.27128,58.21512,54.33231,63.12686,55.22681,61.13101,60.0,57.14018,56.00893,65.0,61.29437,62.03225,64.03124,62.0,65.00769,65.00769,64.19502
9.89949,9.89949,9.21954,9.89949,9.21954,9.21954,9.21954,8.60233,8.60233,8.60233,8.60233,8.60233,8.06226,8.06226,8.06226,8.94427,8.06226,7.61577,7.61577,7.61577,7.61577,7.61577,7.61577,7.61577,7.61577,7.61577,8.544,7.61577,7.61577,7.61577,7.61577,7.61577,8.06226,7.61577,7.2111,7.2111,7.2111,6.40312,6.40312,6.40312,6.40312,5.65685,5.65685,5.65685,5.0,5.0,5.0,4.24264,5.0,3.60555,3.60555,3.60555,62.514,57.55867,61.20457,57.07889,60.00833,55.08176,53.08484,51.0392,46.01087,49.0102,47.09565,47.09565,49.0408,46.17359,45.17743,48.83646,44.14748,45.70558,43.56604,40.79216,43.68066,41.23106,39.92493,41.10961,37.0,43.46263,40.8534,40.80441,46.48656,42.48529,42.37924,42.15448,39.56008,40.8534,41.4367,44.27189,37.85499,39.92493,42.75512,44.40721,41.59327,40.79216,35.35534,36.01389,38.01316,34.05877,35.01428,31.14482,29.06888,28.16026,31.01612,25.70992,22.80351,21.37756,20.12461,25.0,25.0,51.47815,54.33231,50.01,54.00926,52.00961,52.08647,52.15362,56.32051,59.68249,59.07622,55.10898,61.18823,66.61081,68.44706,67.46851,63.56886,68.68042,63.89053,65.52099,68.00735,65.19202,72.91776,68.35203,64.07808,67.53518,64.07808,66.70832,65.79514,64.84597,61.46544,59.09315,65.39113,57.58472,63.90618,59.80803,62.29767,59.43904,57.07013,55.7853,59.03389,59.43904,58.0517,64.77654,61.20457,58.42089,63.07139,59.3043,59.21149,63.03174,60.13319,60.13319,61.0082,65.06919,61.07373,63.0,64.00781,64.03124
10.04988,9.05539,9.05539,9.05539,9.05539,9.05539,8.24621,8.24621,8.24621,8.24621,8.24621,8.24621,8.24621,8.24621,7.28011,8.544,7.61577,7.61577,7.61577,7.61577,7.61577,8.06226,7.61577,7.61577,7.61577,8.06226,8.06226,7.61577,7.61577,8.06226,7.61577,7.61577,7.61577,7.28011,7.61577,7.28011,7.28011,6.08276,6.08276,6.08276,6.08276,6.08276,5.0,5.0,5.0,4.0,5.0,4.0,4.0,4.12311,4.12311,3.16228,56.60389,55.86591,53.74012,53.15073,53.03772,56.63921,48.79549,53.75872,46.66905,45.34314,46.61545,47.50789,46.09772,44.04543,47.70744,41.88078,42.2019,40.31129,39.40812,42.19005,43.08132,42.05948,41.23106,39.81206,42.94182,40.31129,39.81206,40.16217,42.94182,40.49691,40.16217,40.16217,39.39543,41.10961,42.05948,42.19005,40.71855,39.35734,43.56604,34.43835,36.35932,37.44329,39.20459,38.01316,33.24154,33.6006,32.55764,33.24154,29.73214,25.4951,28.42534,26.41969,25.23886,22.82542,20.24846,23.70654,20.59126,49.20366,53.15073,49.49747,50.9902,51.22499,50.80354,49.40648,54.40588,56.40035,53.00943,58.83026,59.05929,62.26556,65.73431,63.95311,62.39391,59.94164,60.92618,69.46222,60.74537,65.19202,66.48308,63.56886,63.32456,64.03124,62.96825,64.56005,63.32456,59.80803,63.56886,53.75872,60.74537,57.58472,58.87274,59.5063,57.27128,56.35601,56.35601,50.53712,58.83026,61.91123,53.41348,56.40035,58.60034,56.40035,54.56189,57.48913,57.80138,60.30755,57.62812,58.72819,57.38467,62.28965,50.93133,60.81118,64.44377,66.70832
11.0,10.0,10.0,10.0,10.0,10.0,10.0,9.05539,9.05539,9.05539,9.05539,9.05539,8.06226,8.06226,8.06226,8.24621,8.24621,8.24621,8.24621,8.24621,8.24621,8.24621,8.24621,8.24621,8.24621,8.24621,8.24621,8.24621,8.24621,8.24621,8.06226,8.06226,8.06226,8.06226,8.06226,8.0,8.0,7.0,7.07107,7.07107,7.07107,6.08276,6.08276,6.08276,6.08276,5.38516,5.38516,5.38516,4.47214,4.47214,4.47214,4.47214,62.93648,55.9017,58.0,55.22681,49.49747,55.15433,49.49747,53.03772,45.60702,50.20956,46.8615,46.04346,43.60046,41.04875,45.0,42.43819,45.27693,40.49691,46.04346,38.60052,44.77723,33.54102,42.95346,38.47077,41.18252,40.81666,37.57659,38.01316,41.23106,38.8973,38.91015,43.46263,36.89173,41.34005,39.92493,42.2019,39.44617,39.44617,38.01316,41.40048,34.05877,36.12478,34.71311,36.23534,36.23534,26.87006,32.20248,27.80288,30.23243,25.4951,21.63331,24.69818,24.16609,18.02776,23.08679,17.88854,19.92486,47.85394,50.9902,46.14109,53.00943,49.09175,55.31727,50.47772,53.41348,57.62812,53.75872,55.22681,58.72819,65.06919,62.96825,69.6563,58.41233,69.02898,58.24946,71.61006,65.73431,66.85058,67.6757,59.05929,64.00781,66.24198,61.85467,64.00781,67.1193,56.79789,68.96376,53.7122,63.63175,56.60389,58.83026,59.40539,53.82379,53.25411,56.61272,61.03278,60.60528,64.03124,57.00877,61.7171,58.89822,55.9017,60.1415,60.30755,58.79626,61.52235,55.17246,57.38467,60.87693,66.48308,54.48853,63.03174,63.70243,61.52235
10.77033,10.44031,10.44031,9.84886,9.48683,9.48683,9.21954,9.21954,9.21954,9.21954,9.21954,9.21954,9.21954,8.24621,8.24621,9.05539,8.06226,8.06226,8.06226,8.06226,8.06226,8.06226,8.0,8.0,8.06226,8.0,9.0,8.06226,8.06226,9.0,8.06226,8.06226,8.06226,8.06226,8.06226,8.24621,8.24621,7.61577,6.7082,6.7082,6.7082,6.7082,6.7082,6.7082,5.83095,5.83095,5.83095,5.0,5.0,5.0,5.0,4.24264,58.00862,57.14018,57.38467,53.41348,58.24946,49.40648,51.85557,50.60632,49.64877,46.2277,45.25483,43.86342,43.86342,43.13931,41.03657,42.52058,44.55334,39.82462,40.36087,40.60788,41.88078,39.82462,38.60052,40.45986,38.83298,39.40812,38.58756,42.0119,41.6173,42.19005,40.80441,36.05551,42.2019,38.60052,38.27532,42.52058,39.40812,42.52058,40.31129,39.20459,41.03657,38.41875,33.61547,38.60052,35.80503,35.8469,31.90611,29.96665,27.20294,22.82542,25.55386,26.92582,25.07987,22.13594,23.4094,21.09502,16.12452,47.63402,48.10405,47.38143,51.66237,49.20366,50.9902,50.9902,52.43091,55.47071,57.68882,61.77378,61.77378,63.81222,61.77378,60.37384,63.56099,68.44706,62.96825,67.77905,61.35145,66.12866,67.6757,67.35726,69.857,65.96969,62.36185,61.81424,61.84658,62.8172,61.68468,56.32051,61.68468,61.35145,55.03635,57.27128,57.00877,57.38467,63.50591,55.15433,59.05929,59.03389,61.05735,56.35601,62.1289,54.58938,57.2014,57.48913,60.959,57.2014,59.64059,60.0,59.20304,59.68249,60.46487,64.07027,62.42596,62.20129
10.81665,10.0,10.63015,10.0,10.0,9.21954,9.21954,9.21954,9.21954,9.89949,9.89949,8.48528,9.21954,9.21954,8.48528,8.60233,8.60233,8.60233,8.60233,8.60233,8.60233,8.60233,8.60233,8.60233,8.60233,8.60233,8.60233,8.60233,8.60233,8.60233,8.60233,8.60233,9.21954,7.81025,7.81025,8.48528,8.48528,7.81025,7.81025,7.2111,6.40312,6.40312,7.2111,5.83095,5.83095,5.83095,5.83095,5.83095,5.38516,4.47214,4.47214,4.12311,57.03508,57.00877,59.21149,54.00926,55.00909,56.14268,51.0392,54.03702,46.69047,47.0,47.16991,44.28318,47.51842,47.07441,40.60788,44.14748,44.91102,44.27189,37.85499,42.72002,42.37924,39.56008,40.16217,44.38468,41.78516,38.60052,39.81206,42.48529,40.31129,40.71855,39.84972,40.31129,44.01136,41.14608,45.54119,38.32754,41.4367,42.72002,40.26164,35.69314,35.73514,34.71311,38.11824,38.11824,36.01389,35.01428,31.0,34.1321,24.18677,25.31798,21.09502,26.1725,22.84732,26.24881,26.92582,22.13594,21.93171,48.38388,52.17279,51.41984,53.75872,54.23099,55.44367,55.08176,55.22681,60.0,61.03278,59.07622,58.03447,65.12296,65.06919,65.62012,62.514,68.35934,64.13267,66.4906,68.65858,72.27724,67.44627,68.68042,69.92138,68.70953,67.35726,67.77905,64.51356,65.14599,65.25335,60.44005,68.41053,60.44005,61.13101,64.32729,57.28001,58.24088,59.84146,63.78871,60.20797,61.66036,60.03332,63.28507,65.03076,58.07753,56.0803,59.13544,61.0082,61.13101,63.0,61.0082,63.03174,65.12296,60.07495,63.28507,69.11584,65.06919
9.89949,9.89949,9.21954,9.89949,8.48528,8.48528,9.21954,7.81025,7.81025,7.81025,7.81025,7.81025,7.81025,7.2111,7.2111,8.06226,7.2111,7.2111,6.7082,6.7082,6.7082,6.7082,6.7082,7.61577,7.61577,7.61577,7.61577,7.61577,7.61577,8.06226,7.2111,7.2111,7.2111,7.2111,7.2111,6.40312,7.07107,7.07107,6.40312,5.65685,6.40312,6.40312,5.0,5.83095,5.0,4.47214,4.47214,4.47214,4.47214,4.47214,4.12311,4.12311,56.00893,56.0357,57.03508,56.00893,55.00909,54.14795,47.0,55.08176,47.26521,44.10215,45.54119,42.57934,45.27693,42.44997,45.54119,44.14748,46.87217,40.5216,42.44997,43.32436,42.54409,41.97618,44.38468,40.8534,39.92493,41.10961,39.35734,38.47077,42.37924,44.28318,38.8973,44.01136,41.78516,43.46263,41.62932,43.41659,43.08132,40.80441,39.81206,44.40721,44.40721,38.20995,37.12142,37.33631,37.05401,35.0571,35.22783,32.0,28.16026,28.44293,28.28427,27.07397,23.34524,23.4094,24.73863,20.88061,18.38478,51.24451,48.50773,49.64877,54.45181,53.46027,52.03845,51.0392,56.0,58.00862,60.13319,64.28063,63.1981,67.1193,66.61081,64.38167,59.03389,67.08204,65.52099,68.88396,70.0928,70.21396,72.53275,69.92138,67.35726,72.44998,67.6757,65.78754,68.00735,65.19202,66.09841,56.61272,63.24555,61.03278,64.56005,63.06346,61.39218,57.97413,59.48109,56.04463,60.53098,59.84146,60.13319,62.39391,59.03389,57.55867,60.03332,56.22277,59.00847,62.07254,58.0,61.0082,66.0,64.00781,65.03076,69.18092,61.0082,62.00806
9.21954,8.60233,8.60233,8.60233,8.60233,8.60233,8.06226,8.06226,8.06226,8.06226,8.06226,8.06226,8.06226,6.7082,6.7082,7.61577,7.61577,6.7082,6.32456,6.32456,6.7082,7.28011,6.7082,7.28011,7.28011,7.28011,7.61577,7.28011,7.61577,6.7082,6.7082,6.7082,6.7082,6.7082,7.2111,7.2111,6.40312,6.40312,6.40312,6.40312,5.65685,5.65685,5.65685,5.0,5.0,5.0,4.47214,4.47214,4.47214,4.47214,4.12311,4.12311,59.07622,57.00877,56.32051,55.0,52.95281,54.45181,47.85394,54.12947,43.93177,47.80167,45.70558,45.35416,46.57252,43.65776,41.76123,44.29447,44.77723,44.29447,44.77723,39.39543,48.33218,37.0,39.96248,44.28318,39.39543,42.05948,40.70626,39.40812,38.27532,44.77723,42.43819,45.17743,40.80441,42.05948,41.04875,39.81206,39.11521,39.81206,41.14608,37.0,36.05551,41.0,33.52611,33.83785,35.90265,32.98485,33.06055,31.06445,30.41381,27.01851,28.01785,23.19483,24.0,18.11077,21.0,24.02082,20.39608,48.10405,52.17279,50.01,51.35173,50.01,53.33854,52.0,55.03635,59.00847,54.08327,61.0,63.00794,67.0,66.00758,69.26038,57.55867,71.70077,62.514,68.593,68.96376,63.32456,73.37575,65.73431,66.21933,68.68042,67.08204,65.14599,68.30813,57.24509,62.64184,62.36185,64.53681,64.03124,57.87055,60.41523,59.03389,57.70615,57.55867,60.13319,60.13319,62.1289,56.00893,60.40695,58.21512,58.03447,59.03389,60.00833,62.07254,62.00806,56.22277,60.07495,64.77654,63.1981,56.4358,61.52235,64.77654,59.03389
9.48683,9.21954,9.21954,9.48683,8.24621,8.24621,8.06226,8.06226,8.06226,8.06226,8.06226,8.0,8.06226,7.0,7.07107,7.0,7.0,7.0,7.0,7.0,7.0,7.0,7.07107,7.07107,7.07107,7.07107,7.07107,7.0,8.0,7.0,7.0,7.0,7.0,7.0,7.0,7.07107,7.07107,6.08276,6.08276,6.32456,5.38516,5.38516,5.38516,5.38516,4.47214,4.47214,4.47214,3.60555,3.60555,3.60555,3.60555,2.82843,55.15433,60.16644,55.9464,57.27128,52.80152,51.42956,50.9902,54.626,46.52956,48.76474,48.54894,42.94182,47.50789,47.70744,43.56604,44.82187,47.50789,43.27817,43.82921,39.05125,43.93177,41.03657,44.59821,43.84062,42.63801,40.36087,42.42641,39.59798,41.72529,42.52058,41.10961,41.72529,43.84062,45.34314,38.01316,38.20995,39.05125,42.80187,42.2019,39.11521,41.04875,39.35734,38.01316,33.10589,35.1141,35.34119,27.73085,31.32092,30.08322,25.70992,30.41381,26.68333,24.08319,21.09502,26.1725,19.23538,18.02776,53.60037,47.01064,50.47772,53.0,52.83938,53.23533,51.42956,55.9464,56.82429,60.53924,63.15853,59.80803,65.9242,64.4748,68.41053,64.93843,67.91171,69.05071,68.88396,70.03571,70.34913,70.85901,64.28063,68.35934,67.06713,63.63961,60.20797,61.03278,63.63961,63.1981,58.30952,63.12686,61.29437,60.40695,60.53098,58.85576,60.20797,58.5235,56.75385,56.921,58.5235,59.23681,57.93962,65.55151,58.5235,60.74537,57.00877,60.16644,59.09315,59.09315,61.7171,60.41523,58.69412,58.59181,59.23681,67.08204,64.4748
11.18034,10.19804,10.19804,10.19804,9.21954,9.21954,9.21954,9.21954,9.21954,8.544,8.544,8.544,8.544,8.544,7.61577,8.94427,7.61577,8.06226,8.06226,8.06226,8.06226,8.06226,8.06226,8.06226,8.06226,8.06226,8.06226,8.06226,8.06226,8.06226,7.61577,8.06226,7.61577,7.61577,7.61577,7.61577,7.28011,7.28011,7.07107,6.32456,7.07107,6.08276,6.08276,6.08276,6.0,5.0,5.0,5.0,5.0,5.09902,5.09902,4.12311,60.60528,59.03389,56.60389,52.80152,54.67175,51.40039,50.60632,47.16991,46.32494,44.65423,41.6173,41.88078,49.09175,43.41659,42.54409,43.65776,44.38468,44.38468,41.78516,41.0,43.32436,40.26164,38.8973,40.26164,37.94733,40.16217,38.60052,42.2019,43.68066,42.95346,39.29377,42.2019,40.26164,39.05125,43.68066,39.56008,38.8973,39.39543,38.91015,38.94868,36.67424,37.69615,31.62278,32.01562,32.01562,34.1321,28.42534,30.41381,33.24154,26.90725,24.08319,25.4951,25.45584,21.40093,21.09502,21.26029,16.64332,49.76947,49.1935,51.88449,53.33854,54.6443,52.20153,53.41348,56.0803,61.7171,57.48913,65.11528,62.28965,67.26812,69.35416,66.52819,65.43699,69.42622,68.11755,66.21933,69.33974,67.41662,71.34424,70.17834,68.8186,66.03787,68.00735,65.51336,63.81222,65.8635,61.91123,60.21628,62.1289,62.96825,59.07622,59.03389,62.00806,58.0517,58.69412,56.63921,60.20797,60.87693,59.4138,60.82763,61.22091,60.30755,62.2254,60.1415,60.30755,60.80296,60.1415,63.78087,63.25346,61.22091,63.12686,60.46487,65.45991,63.12686
10.44031,10.19804,10.19804,10.19804,9.21954,9.21954,9.21954,9.21954,9.05539,9.05539,9.05539,9.05539,8.06226,8.06226,8.06226,8.0,8.0,8.0,8.0,8.0,8.0,8.0,8.0,8.06226,8.06226,8.06226,8.06226,8.06226,8.0,8.06226,8.0,8.0,8.0,8.0,8.0,8.0,8.06226,7.07107,7.07107,6.32456,7.07107,6.08276,6.32456,6.32456,5.38516,5.38516,5.38516,4.47214,5.0,5.0,5.0,5.0,57.80138,55.56978,54.45181,55.44367,48.83646,49.0408,49.51767,50.24938,41.23106,42.44997,44.59821,41.40048,44.04543,40.36087,41.10961,40.22437,43.26662,40.0,41.6173,34.88553,39.44617,36.67424,38.48376,36.23534,39.35734,39.82462,38.47077,41.62932,39.44617,39.56008,38.62642,41.18252,37.44329,38.91015,37.69615,37.73592,37.12142,39.96248,38.01316,38.27532,34.0,35.60899,35.38361,32.20248,35.38361,29.73214,29.69848,30.41381,28.01785,25.80698,23.85372,24.41311,22.82542,21.84033,20.24846,20.61553,18.68154,49.67897,48.10405,50.44799,52.63079,51.22499,53.41348,53.25411,53.00943,57.68882,55.75841,60.46487,62.76942,60.20797,65.0,64.84597,63.06346,66.30988,65.9242,64.62198,66.48308,67.6757,70.83784,66.09841,69.46222,66.76077,63.32456,61.13101,65.52099,63.60031,65.45991,58.18935,61.35145,61.13101,59.09315,61.46544,54.78138,56.0803,58.18075,55.9464,55.75841,59.94164,57.2014,58.24946,56.85948,54.6443,54.40588,58.82176,58.24946,61.40033,59.66574,61.84658,57.98276,62.00806,59.5483,64.66065,61.22091,59.5483
9.21954,9.21954,9.21954,9.21954,8.48528,8.48528,8.48528,7.81025,8.48528,7.81025,8.60233,8.60233,7.2111,7.2111,7.2111,8.06226,8.06226,8.06226,7.61577,7.61577,7.2111,7.61577,8.06226,7.61577,7.61577,7.61577,7.61577,7.61577,7.61577,8.06226,7.2111,7.2111,7.2111,7.2111,7.2111,7.2111,6.40312,6.40312,6.40312,5.65685,5.65685,5.65685,5.65685,5.0,5.0,5.0,4.47214,3.60555,3.60555,3.60555,3.60555,3.16228,60.87693,57.87055,58.54912,56.56854,56.56854,53.46027,52.15362,54.33231,48.37355,46.17359,48.25971,44.01136,49.0408,46.27094,46.01087,43.28972,45.0,42.10701,44.01136,43.18565,43.41659,43.41659,41.0,39.31921,41.30375,43.18565,40.79216,40.79216,39.81206,46.57252,40.79216,43.41659,42.19005,39.11521,42.42641,41.01219,41.30375,38.0,42.0119,43.0,41.30375,41.04875,39.11521,37.21559,34.05877,31.57531,33.54102,31.62278,29.61419,29.96665,26.83282,26.92582,22.82542,24.16609,20.61553,21.63331,22.2036,51.1957,52.23983,50.15974,55.0,52.00961,55.14526,55.14526,53.60037,60.67125,59.4138,60.82763,60.40695,67.60178,67.68309,69.37579,67.72001,70.88018,69.28925,72.12489,67.1193,65.19202,68.00735,67.62396,68.54196,66.70832,69.07966,66.64083,69.31811,64.4748,67.54258,58.69412,70.26379,62.16912,61.84658,60.92618,60.53924,59.13544,61.68468,59.48109,59.66574,58.69412,64.03124,61.98387,65.30697,62.16912,57.55867,62.64982,63.78871,56.32051,58.54912,63.1981,62.20129,67.08204,60.20797,65.27634,69.58448,61.0
9.0,9.0,8.0,9.0,8.0,8.0,8.0,7.0,7.0,7.07107,7.07107,7.07107,7.07107,7.07107,7.07107,7.28011,6.32456,6.08276,6.32456,6.32456,6.32456,6.32456,6.32456,6.32456,6.32456,6.32456,6.32456,6.32456,7.28011,6.32456,6.08276,7.07107,7.07107,6.08276,6.0,6.0,6.0,6.0,6.0,6.08276,5.09902,5.09902,5.09902,4.12311,4.12311,4.12311,4.47214,4.47214,3.60555,3.60555,3.60555,3.60555,62.93648,58.69412,55.15433,52.49762,55.80323,51.08816,52.40229,46.69047,50.20956,49.67897,44.68781,43.60046,47.16991,43.41659,43.26662,45.48626,43.41659,43.04649,42.48529,39.92493,41.4367,36.23534,43.86342,35.4683,40.71855,43.32436,40.49691,41.10961,38.62642,38.07887,39.56008,39.81206,39.0,42.05948,39.56008,43.46263,38.27532,39.0,40.71855,35.34119,39.35734,36.40055,35.80503,37.64306,35.35534,33.24154,29.73214,30.4795,25.4951,26.24881,26.92582,25.0,22.02272,21.26029,21.26029,23.25941,21.93171,47.63402,46.8615,51.66237,50.91169,50.93133,54.45181,50.44799,54.67175,56.0803,53.00943,59.07622,61.29437,60.74537,64.66065,62.26556,61.29437,70.83078,64.84597,64.84597,68.42514,69.35416,73.00685,66.70832,62.62587,65.78754,64.84597,64.19502,62.76942,63.24555,65.39113,54.23099,63.69458,61.7414,58.13777,60.37384,57.24509,58.18075,52.69725,57.98276,58.60034,61.85467,53.82379,60.0,57.80138,57.42822,60.81118,57.31492,60.82763,56.0803,60.10824,58.0,59.4138,64.38167,57.62812,60.82763,58.0517,62.28965
10.44031,10.44031,9.21954,10.44031,9.21954,9.21954,9.21954,9.05539,9.05539,8.06226,9.05539,9.0,8.0,8.0,8.06226,8.0,8.0,8.0,8.0,8.0,8.0,8.0,8.06226,8.06226,8.06226,8.06226,8.06226,8.0,8.0,8.06226,8.0,8.0,8.0,8.06226,8.0,7.07107,7.07107,7.07107,7.28011,7.28011,6.32456,6.32456,6.32456,6.32456,5.38516,5.38516,5.38516,5.83095,4.47214,4.47214,5.0,5.0,52.61179,61.0,57.27128,48.27007,54.12024,49.0306,50.96077,54.34151,47.12749,46.17359,43.32436,40.80441,41.76123,44.28318,41.23106,46.06517,43.46263,39.82462,40.71855,39.82462,41.18252,37.44329,42.43819,41.67733,39.40812,40.45986,41.10961,41.86884,39.11521,40.60788,38.41875,42.43819,39.20459,38.60052,40.60788,40.49691,40.81666,38.83298,42.05948,39.82462,34.66987,37.69615,37.33631,34.78505,34.71311,32.57299,31.32092,32.98485,23.5372,26.1725,22.36068,20.39608,22.09072,22.2036,24.08319,20.02498,19.10497,51.97115,49.0306,48.50773,52.15362,52.0,53.00943,51.0098,51.08816,55.0,57.0,63.00794,62.03225,64.12488,66.37017,64.62971,66.48308,68.88396,67.08204,66.4906,69.2315,65.96969,69.42622,66.70832,67.68309,63.89053,68.06614,62.36185,63.06346,63.32456,63.34824,56.51548,64.53681,59.68249,61.98387,60.67125,57.55867,56.22277,58.21512,61.40033,61.0,59.03389,59.21149,60.03332,61.40033,57.14018,61.52235,58.54912,57.55867,63.15061,59.21149,63.63961,60.01666,66.91039,59.66574,66.28725,61.0,62.64982
10.19804,10.19804,9.21954,10.19804,9.48683,9.21954,9.48683,8.544,8.544,8.544,8.544,8.544,8.544,7.61577,7.61577,8.06226,8.06226,8.06226,8.06226,8.06226,8.06226,8.06226,8.06226,8.60233,8.06226,8.06226,8.06226,8.60233,8.06226,8.06226,8.06226,8.06226,8.06226,8.06226,7.61577,7.61577,7.28011,7.28011,7.28011,6.32456,6.08276,6.08276,6.08276,5.09902,5.09902,5.09902,5.09902,5.0,5.0,5.0,4.0,4.0,59.4138,60.82763,56.0357,49.51767,51.73973,50.20956,50.91169,50.32892,49.0408,42.80187,47.50789,40.0,45.34314,44.65423,39.82462,41.18252,46.04346,41.34005,39.11521,39.11521,42.04759,37.57659,39.56008,37.69615,35.8469,41.14608,37.58989,37.16181,38.91015,39.92493,38.62642,39.0,40.8534,39.05125,39.56008,39.35734,40.31129,36.05551,38.58756,34.1321,36.71512,36.23534,38.60052,35.22783,32.44996,31.1127,28.28427,30.41381,23.60085,26.24881,25.4951,24.83948,22.36068,22.02272,18.86796,18.38478,18.43909,49.0408,49.0408,50.20956,51.73973,52.3259,52.49762,52.20153,52.00961,56.61272,57.14018,56.61272,58.00862,62.42596,63.13478,60.41523,62.64982,63.52952,65.76473,64.84597,66.12866,64.07808,67.77905,66.7308,62.64982,68.30813,67.06713,62.96825,68.70953,62.03225,60.00833,58.13777,60.16644,60.37384,58.18075,58.13777,56.79789,57.27128,56.93856,59.07622,61.85467,60.60528,61.40033,58.41233,64.44377,57.2014,57.00877,60.87693,60.959,60.959,61.07373,60.82763,60.82763,61.7171,58.79626,60.82763,60.10824,62.96825
11.40175,10.63015,10.63015,10.63015,10.63015,9.89949,9.21954,9.21954,9.89949,9.21954,9.21954,9.21954,9.21954,9.21954,9.21954,8.60233,8.60233,8.60233,8.60233,8.60233,8.60233,8.60233,8.06226,8.06226,9.43398,8.94427,8.06226,8.60233,8.60233,8.60233,8.60233,8.60233,8.60233,7.81025,7.81025,7.81025,7.81025,7.81025,7.81025,7.81025,6.40312,6.40312,6.40312,5.83095,5.83095,5.83095,5.83095,5.38516,5.38516,4.47214,4.47214,4.12311,57.00877,56.46238,60.74537,57.24509,54.23099,55.02727,46.23851,53.85165,48.46648,43.9659,47.29693,45.60702,44.14748,41.7732,39.62323,40.60788,45.27693,40.11234,40.1995,39.11521,40.1995,39.01282,40.0125,39.0,39.11521,41.0,39.01282,41.04875,41.19466,41.10961,42.10701,37.01351,41.0,43.10452,38.01316,42.10701,42.19005,43.10452,40.02499,38.07887,34.23449,33.24154,35.44009,34.48188,31.95309,33.54102,34.88553,31.95309,27.29469,24.59675,23.25941,23.02173,22.67157,24.20744,23.34524,21.40093,18.43909,48.37355,48.83646,47.29693,51.5461,50.15974,52.39275,52.80152,50.56679,58.13777,53.22593,60.83584,58.18075,60.82763,66.7308,63.81222,63.00794,70.0,69.40461,65.80274,64.03124,67.35726,69.42622,65.94695,67.20863,65.19202,65.43699,65.94695,64.44377,61.55485,64.44377,55.97321,58.13777,61.07373,60.30755,59.81639,57.2014,54.6443,60.03332,58.30952,59.9333,60.82763,58.60034,60.82763,61.7414,58.18075,60.37384,58.18075,58.30952,61.09828,62.03225,63.56886,61.98387,62.96825,59.13544,63.69458,68.68042,63.32456
10.29563,10.29563,10.29563,10.29563,9.84886,8.94427,8.94427,8.544,8.544,8.544,8.544,8.544,8.544,8.544,8.544,8.24621,8.24621,8.24621,8.06226,8.24621,8.24621,8.06226,8.06226,8.06226,8.24621,8.06226,8.06226,8.06226,8.06226,8.06226,8.24621,8.24621,8.24621,8.24621,8.24621,7.28011,7.61577,7.61577,6.7082,6.7082,6.7082,6.7082,5.83095,5.83095,5.83095,5.0,5.0,5.0,5.0,4.24264,4.24264,4.24264,58.5235,54.81788,55.36244,51.5461,49.64877,52.49762,46.8188,49.39636,45.54119,47.01064,47.01064,45.69464,45.61798,42.04759,44.77723,43.60046,43.82921,46.40043,40.81666,36.79674,42.0119,36.87818,40.45986,38.8973,41.40048,40.80441,39.69887,41.72529,38.41875,36.06938,38.94868,44.59821,38.41875,41.03657,37.80212,40.22437,37.20215,40.49691,39.11521,37.44329,34.4093,38.58756,35.8469,34.0147,34.53983,27.73085,32.20248,32.28002,25.0,25.0,24.73863,24.33105,22.56103,22.02272,23.08679,19.10497,19.23538,47.53946,51.26402,46.84015,54.57105,49.64877,52.7731,52.61179,52.61179,59.84146,53.23533,60.40695,58.69412,62.514,65.27634,66.00758,59.0,67.0,64.12488,66.00758,65.19202,66.91039,70.71068,64.49806,65.27634,65.30697,65.03076,61.29437,66.48308,61.40033,65.06919,57.31492,65.19202,60.29925,58.03447,61.03278,58.07753,53.15073,56.14268,62.28965,60.53098,61.29437,55.7315,62.16912,62.16912,58.69412,60.41523,60.63827,57.24509,56.51548,59.90826,60.16644,65.52099,60.87693,55.36244,62.93648,68.41053,65.14599
10.81665,10.81665,10.29563,10.81665,9.43398,9.43398,8.94427,8.94427,8.94427,8.94427,8.94427,8.94427,8.94427,8.94427,8.544,8.544,8.24621,8.24621,8.24621,8.24621,8.24621,8.24621,8.24621,8.24621,8.24621,8.24621,8.24621,8.24621,8.24621,8.24621,8.544,8.544,8.544,7.61577,7.61577,7.61577,8.06226,7.2111,7.2111,7.2111,6.40312,6.40312,6.40312,5.65685,5.0,5.65685,5.65685,5.0,5.0,5.0,5.0,4.47214,63.28507,57.55867,56.56854,57.55867,55.31727,46.69047,53.93515,48.6621,48.05206,47.53946,44.14748,42.72002,45.88028,42.37924,45.22168,41.23106,44.72136,42.95346,39.35734,41.62932,41.18252,42.54409,41.04875,37.73592,39.66106,44.29447,37.73592,39.66106,38.58756,43.41659,38.01316,40.80441,41.67733,41.34005,41.40048,40.70626,41.34005,41.59327,37.33631,40.31129,35.73514,33.95585,36.40055,35.90265,33.54102,28.79236,30.26549,29.42788,26.30589,25.17936,24.5153,23.0,22.02272,19.0263,25.0,21.58703,20.61553,50.69517,45.54119,47.85394,51.24451,51.0098,51.0098,53.08484,53.00943,59.0,58.13777,58.30952,61.13101,63.1981,65.37584,67.47592,65.11528,65.96969,65.11528,68.73136,66.21933,69.12308,74.0,66.21933,68.41053,69.26038,62.8172,66.76077,63.60031,61.98387,63.34824,60.44005,62.36986,59.22837,61.39218,62.80127,60.67125,60.53098,59.84146,62.39391,61.07373,60.13319,59.00847,61.03278,67.26812,56.00893,57.55867,63.50591,61.66036,62.39391,65.19202,64.07027,63.3877,62.514,59.07622,62.514,59.84146,66.09841
10.0,9.0,9.05539,9.0,9.0,8.0,8.06226,8.06226,8.06226,7.07107,8.06226,7.07107,7.07107,7.07107,7.07107,7.28011,7.28011,7.28011,7.28011,7.28011,7.28011,7.28011,6.32456,7.28011,7.28011,6.32456,7.28011,7.28011,7.28011,6.32456,7.28011,7.28011,7.28011,6.08276,6.08276,6.08276,6.0,6.0,6.0,6.0,5.09902,5.09902,5.09902,4.12311,4.12311,4.12311,4.47214,4.47214,4.47214,3.60555,3.60555,3.60555,60.1415,58.25805,56.56854,51.62364,56.58622,48.9183,50.9902,56.56854,48.08326,48.83646,43.41659,47.01064,48.82622,42.63801,43.60046,44.65423,47.41308,41.88078,45.27693,40.31129,46.14109,42.48529,39.0,40.31129,35.77709,41.23106,39.66106,41.62932,42.54409,40.70626,40.31129,43.86342,41.23106,43.08132,38.47077,40.24922,36.89173,39.44617,37.73592,38.83298,34.4093,35.22783,34.71311,32.55764,36.12478,32.55764,26.24881,27.65863,25.80698,25.80698,25.0,21.9545,21.09502,21.63331,22.82542,21.54066,20.88061,44.82187,49.57822,46.01087,48.16638,51.66237,52.40229,48.9183,51.22499,55.44367,55.0,55.75841,53.85165,62.96825,61.91123,61.40033,63.50591,63.50591,63.52952,63.06346,65.30697,66.18912,65.19202,63.69458,60.16644,61.68468,62.76942,60.40695,64.51356,58.24088,61.46544,58.82176,60.00833,60.41523,57.24509,57.3062,61.29437,56.0803,55.07268,59.16925,61.05735,60.46487,56.4358,61.03278,57.42822,59.20304,54.45181,56.56854,55.17246,62.24147,63.03174,60.87693,60.60528,65.79514,61.6198,60.44005,67.89698,65.11528
9.21954,10.19804,9.05539,10.04988,9.05539,9.05539,8.06226,8.0,8.06226,8.0,8.0,8.0,8.0,8.06226,8.06226,7.07107,8.06226,7.07107,7.07107,7.07107,7.07107,7.07107,7.07107,7.28011,7.28011,7.28011,7.28011,7.07107,7.28011,7.07107,7.07107,7.07107,7.07107,7.07107,7.0,6.0,6.0,6.08276,6.08276,6.08276,5.09902,5.38516,5.09902,5.38516,4.47214,4.47214,4.47214,4.47214,3.60555,3.60555,3.60555,3.60555,64.49806,60.37384,59.36329,58.83026,54.91812,55.9464,54.91812,51.97115,49.09175,48.54894,49.64877,45.48626,46.2277,49.40648,44.68781,46.8615,45.45327,45.96738,45.80393,38.94868,44.68781,42.44997,41.40048,41.10961,38.94868,44.04543,40.45986,45.0,42.43819,44.94441,41.23106,43.18565,39.62323,42.2019,40.36087,43.84062,38.20995,40.36087,43.13931,39.05125,37.64306,37.44329,35.80503,34.48188,32.24903,31.40064,31.7805,29.41088,29.15476,25.0,24.35159,25.4951,23.4094,22.2036,21.58703,20.22375,21.0238,45.45327,48.54894,48.02083,49.39636,50.60632,51.88449,48.46648,54.23099,60.53924,55.02727,56.61272,59.77458,67.05222,62.93648,65.73431,65.11528,66.70832,64.13267,65.62012,64.38167,65.06919,67.36468,68.11755,65.12296,66.1211,69.05071,63.00794,66.48308,60.03332,65.62012,59.3043,60.82763,62.64982,57.21888,61.66036,57.72348,57.00877,59.48109,58.69412,57.58472,60.74537,61.35145,60.40695,58.30952,60.41523,57.87055,57.77543,59.9333,59.9333,61.77378,64.00781,63.63175,65.30697,59.94164,67.95587,66.18912,68.60029
11.40175,11.40175,11.40175,11.40175,11.40175,10.0,10.0,9.43398,9.43398,9.43398,9.43398,9.43398,9.43398,8.94427,8.94427,8.94427,8.94427,8.544,8.544,8.544,8.544,8.544,8.544,8.544,8.544,8.544,8.544,8.94427,8.94427,8.544,8.94427,8.94427,8.94427,8.06226,8.06226,8.06226,8.06226,7.81025,7.81025,7.81025,7.07107,7.07107,7.07107,5.65685,5.65685,5.65685,5.0,5.0,5.0,4.47214,4.47214,4.47214,69.12308,60.20797,58.85576,51.97115,56.56854,50.80354,57.21888,50.35871,48.04165,46.27094,50.35871,52.0,48.0,47.01064,47.04253,46.52956,48.6621,44.28318,44.01136,45.39824,43.56604,45.54119,39.29377,44.38468,43.28972,42.75512,39.05125,42.72002,44.92215,43.32436,40.5216,40.8534,41.23106,46.32494,41.23106,43.41659,41.7732,45.17743,40.31129,38.01316,38.01316,37.01351,36.05551,35.22783,34.1321,32.01562,33.73426,29.12044,30.08322,21.84033,25.0,21.54066,24.16609,22.36068,24.59675,22.47221,19.10497,50.08992,51.35173,51.47815,50.63596,50.96077,48.76474,52.20153,54.78138,56.30275,57.77543,61.35145,60.92618,66.09841,70.26379,68.0,66.03787,65.76473,66.03787,66.7308,66.28725,65.36819,73.23933,66.8431,69.06519,67.1193,64.63745,66.85058,68.00735,65.45991,64.07027,58.5235,64.07027,60.53924,62.26556,65.0,60.82763,57.3062,55.4617,59.5063,64.2573,64.51356,61.03278,58.87274,61.40033,62.0967,58.69412,62.8172,60.16644,69.42622,68.65858,62.64982,67.36468,65.51336,58.24946,70.5762,67.60178,63.78871
10.77033,10.77033,9.48683,10.77033,9.48683,9.48683,9.48683,9.48683,9.48683,8.24621,9.21954,9.21954,9.05539,8.06226,8.06226,9.05539,9.05539,8.06226,8.06226,8.06226,8.06226,8.06226,8.06226,8.0,8.0,9.0,8.06226,8.06226,9.05539,8.06226,8.06226,8.06226,8.24621,8.24621,7.28011,7.28011,7.28011,7.28011,6.32456,6.7082,5.83095,5.83095,5.38516,5.0,5.0,5.0,5.0,4.24264,3.60555,3.60555,3.60555,3.60555,61.03278,62.03225,61.07373,53.15073,58.07753,53.0,57.14018,51.0,52.03845,47.16991,49.16299,46.87217,50.48762,45.89118,42.19005,42.2019,43.17407,46.17359,45.60702,46.32494,44.38468,43.32436,39.39543,42.37924,41.10961,40.8534,45.61798,42.15448,41.23106,42.04759,38.27532,45.22168,36.87818,40.5216,46.17359,42.05948,39.56008,40.5216,39.81206,39.81206,38.63936,41.19466,36.34556,34.1321,33.01515,36.05551,29.06888,28.07134,29.42788,26.92582,26.68333,24.73863,24.5153,20.24846,21.09502,20.0,18.02776,43.93177,42.29657,48.09366,50.01,52.00961,47.09565,49.0408,50.48762,52.15362,55.44367,54.45181,56.88585,63.63961,64.53681,58.94065,60.72891,65.45991,62.39391,60.72891,64.62198,61.46544,66.12866,65.39113,64.62198,62.64982,63.69458,62.6099,61.32699,61.7414,59.09315,57.38467,59.61543,57.24509,57.87055,56.30275,62.62587,53.85165,57.72348,56.32051,58.24946,59.22837,58.42089,57.55867,62.28965,58.07753,57.00877,58.21512,59.07622,66.0,60.0,64.03124,63.12686,63.03174,60.00833,67.06713,61.03278,65.03076
9.84886,9.84886,8.94427,9.84886,8.94427,8.94427,8.06226,8.06226,8.06226,8.06226,8.06226,7.2111,7.2111,7.2111,7.81025,7.81025,7.07107,7.07107,7.07107,7.07107,7.07107,7.07107,7.07107,7.07107,7.07107,7.07107,7.07107,7.07107,7.81025,7.07107,6.40312,7.07107,7.07107,6.40312,7.2111,5.83095,5.83095,6.7082,5.38516,5.38516,5.38516,5.09902,5.09902,4.12311,4.12311,4.0,4.0,4.0,4.0,3.0,3.16228,3.16228,60.0,59.07622,59.36329,54.20332,58.41233,56.61272,51.31277,56.85948,50.77401,46.64762,45.27693,49.39636,48.02083,45.61798,44.77723,46.61545,45.54119,45.69464,44.94441,43.08132,45.22168,42.37924,41.23106,39.0,44.01136,45.88028,39.56008,43.68066,42.72002,39.56008,41.76123,44.94441,44.01136,45.60702,42.54409,45.31004,42.72002,42.05948,38.48376,38.01316,38.91015,34.66987,35.80503,39.40812,34.05877,31.62278,30.41381,29.83287,28.42534,25.4951,22.02272,23.02173,21.09502,23.85372,25.55386,17.49286,18.68154,42.72002,42.54409,44.28318,47.01064,47.50789,48.25971,46.61545,49.40648,55.0,51.31277,52.3259,56.72742,61.07373,60.1415,65.06919,56.0803,61.84658,61.22091,63.25346,63.00794,64.66065,67.00746,60.21628,58.60034,60.46487,59.40539,60.20797,64.41273,57.80138,58.41233,55.47071,56.22277,55.0,59.40539,56.61272,59.20304,54.56189,56.58622,57.28001,60.10824,62.2254,54.03702,56.63921,60.87693,55.97321,60.20797,57.62812,59.81639,56.61272,59.81639,62.80127,60.21628,65.0,56.40035,62.80127,61.03278,65.73431
11.18034,11.18034,11.18034,11.18034,10.19804,10.19804,10.04988,10.04988,10.04988,9.05539,9.05539,9.0,9.0,9.0,9.0,9.05539,9.05539,9.05539,9.05539,9.0,9.0,9.05539,8.06226,9.05539,9.05539,9.05539,9.05539,9.05539,9.05539,8.06226,8.0,9.0,8.0,8.06226,8.0,8.06226,8.06226,8.06226,7.07107,7.28011,7.28011,6.32456,6.32456,6.32456,6.32456,5.38516,5.38516,5.0,5.0,5.0,5.0,4.24264,61.85467,58.60034,58.82176,54.81788,61.07373,58.82176,53.8145,53.00943,52.80152,53.15073,51.62364,48.10405,52.34501,46.69047,44.55334,47.42362,47.50789,46.40043,47.50789,42.43819,47.80167,42.2019,44.77723,44.65423,43.82921,45.80393,45.48626,41.18252,43.56604,45.27693,40.70626,46.09772,41.04875,44.65423,43.82921,42.80187,41.40048,41.7732,41.72529,38.94868,40.36087,41.7732,39.40812,39.05125,35.8469,36.05551,28.6531,34.0,27.313,26.40076,28.6531,22.47221,26.0,22.09072,24.73863,22.09072,17.11724,45.22168,46.66905,44.55334,47.42362,46.8615,46.69047,50.60632,52.00961,56.0357,52.43091,53.53504,60.53924,62.76942,64.49806,63.06346,61.32699,63.07139,66.7308,62.39391,64.19502,64.2573,68.94926,63.56886,65.0,63.15061,68.30813,66.70832,60.63827,62.0967,67.18631,60.44005,62.93648,60.72891,60.53924,61.35145,59.80803,59.61543,58.69412,61.32699,63.06346,65.39113,56.0803,65.36819,64.00781,57.98276,68.26419,61.85467,60.21628,62.68174,65.21503,60.60528,67.00746,67.6757,60.44005,69.63476,66.21933,66.0303
11.40175,10.44031,11.7047,10.44031,10.77033,9.48683,10.77033,9.84886,9.84886,9.84886,9.84886,9.84886,9.84886,8.94427,9.43398,9.43398,8.60233,9.43398,8.60233,8.60233,8.60233,9.21954,8.60233,9.21954,9.21954,8.60233,9.21954,10.0,9.21954,8.60233,8.60233,8.60233,8.60233,8.60233,8.06226,8.06226,7.61577,7.61577,7.61577,7.61577,7.28011,6.32456,7.28011,6.32456,6.08276,5.09902,5.09902,5.09902,5.0,5.0,4.0,4.0,62.24147,60.16644,61.03278,55.15433,59.13544,56.921,52.95281,53.16014,53.60037,51.66237,48.27007,48.27007,48.05206,47.38143,46.32494,48.09366,47.01064,48.16638,44.04543,43.10452,42.0119,44.04543,44.01136,37.21559,44.01136,44.10215,43.28972,42.42641,46.17359,42.10701,39.20459,45.09989,45.27693,45.54119,36.12478,46.01087,42.0119,44.04543,44.28318,43.41659,39.31921,37.33631,40.1995,35.22783,33.52611,30.36445,34.0,31.95309,26.92582,27.45906,24.18677,24.69818,26.92582,25.4951,22.80351,20.51828,21.2132,46.17359,45.89118,45.89118,48.50773,48.8467,48.10405,49.98,53.22593,53.31041,50.15974,57.70615,57.80138,59.03389,60.03332,60.46487,62.42596,66.03787,60.80296,65.60488,59.5483,62.24147,63.12686,65.11528,63.70243,62.93648,63.89053,60.10824,62.93648,63.70243,63.25346,59.5483,61.55485,58.79626,56.61272,62.96825,58.60034,58.5235,59.90826,56.60389,57.24509,60.53924,56.4358,59.48109,64.07808,59.5399,59.61543,59.9333,62.16912,57.56735,67.54258,64.4748,63.69458,65.78754,66.30988,64.84597,69.07966,65.78754
11.04536,11.04536,11.18034,11.04536,10.19804,10.19804,10.19804,10.19804,10.19804,9.21954,10.19804,9.48683,9.48683,9.48683,9.48683,9.48683,8.94427,8.544,8.94427,8.94427,8.94427,8.94427,8.94427,8.94427,8.94427,8.94427,8.94427,8.94427,8.94427,8.94427,8.94427,8.94427,8.94427,8.544,8.544,8.24621,8.24621,8.24621,8.24621,7.07107,7.07107,7.07107,7.07107,6.0,6.0,5.0,5.0,5.0,5.0,5.09902,4.12311,4.12311,63.12686,62.482,56.72742,57.28001,60.81118,54.56189,53.07542,54.48853,51.62364,51.62364,50.20956,46.01087,50.32892,46.40043,44.82187,47.50789,50.60632,45.65085,42.72002,42.43819,45.27693,44.29447,42.95346,42.04759,39.82462,49.24429,44.28318,41.23106,40.8534,48.10405,47.53946,44.77723,42.37924,42.15448,44.01136,39.35734,43.82921,41.67733,43.82921,41.34005,38.83298,39.40812,39.05125,38.60052,39.69887,38.18377,31.14482,33.24154,29.96665,26.62705,25.4951,25.23886,25.6125,23.32381,19.69772,21.54066,22.13594,45.48626,42.63801,47.01064,50.20956,50.93133,46.01087,49.81967,51.85557,52.80152,55.44367,56.0357,57.98276,59.07622,63.28507,63.13478,61.7171,61.77378,66.21178,57.69749,65.39113,64.4748,64.2573,66.40783,63.56886,60.40695,62.62587,63.60031,58.94065,59.20304,58.5235,58.5235,62.03225,57.69749,61.84658,59.09315,59.03389,60.41523,62.6099,57.45433,59.36329,57.70615,65.19202,57.68882,63.24555,58.60034,61.85467,63.03174,57.80138,61.07373,64.53681,60.30755,65.29931,64.53681,64.66065,66.6033,65.05382,64.3506
11.40175,10.63015,10.63015,10.63015,10.63015,9.89949,9.89949,9.89949,9.89949,9.21954,9.89949,9.21954,9.21954,9.21954,9.21954,8.60233,8.60233,8.60233,9.43398,9.43398,8.60233,8.60233,8.60233,9.43398,8.60233,8.94427,8.94427,9.43398,9.43398,8.60233,8.60233,8.60233,8.60233,8.60233,8.60233,7.81025,8.48528,7.81025,7.81025,7.81025,6.40312,6.40312,7.2111,6.40312,5.83095,5.83095,5.83095,5.38516,5.38516,5.38516,4.47214,4.12311,66.00758,55.57877,62.20129,54.0,53.15073,50.03998,49.09175,51.0392,50.15974,54.0,47.0,50.08992,45.27693,46.52956,46.17359,42.57934,47.67599,46.17359,43.17407,43.68066,43.9659,42.44997,45.35416,39.92493,43.01163,45.22168,39.56008,38.27532,42.05948,42.15448,44.01136,44.92215,43.17407,44.27189,39.0,44.38468,39.29377,41.59327,42.57934,37.12142,39.31921,38.11824,38.11824,36.01389,34.05877,32.14032,31.04835,31.257,26.92582,25.0,26.68333,22.84732,25.29822,26.24881,22.36068,20.59126,20.80865,40.71855,45.18849,43.08132,42.72002,45.60702,45.70558,49.24429,48.27007,50.48762,50.80354,53.00943,53.0,58.30952,61.03278,58.07753,55.3263,60.29925,58.42089,61.40033,58.54912,56.88585,63.32456,59.48109,60.44005,63.60031,61.03278,59.13544,60.16644,60.72891,64.51356,52.81098,57.56735,59.20304,55.7853,56.08921,55.7853,54.12947,56.29387,56.29387,59.5399,58.0517,57.07889,60.53098,52.61179,53.46027,61.29437,57.03508,62.00806,59.13544,61.0082,60.03332,61.07373,63.00794,60.03332,64.07027,67.00746,60.0
9.89949,9.21954,9.21954,9.21954,9.21954,9.21954,8.60233,8.60233,8.60233,8.06226,8.06226,8.06226,8.06226,8.06226,8.06226,8.544,7.61577,7.61577,7.61577,7.61577,7.61577,7.28011,7.28011,8.24621,8.24621,8.24621,8.24621,8.24621,8.24621,8.24621,7.61577,8.544,7.61577,7.61577,7.61577,7.61577,6.7082,7.2111,7.2111,6.40312,5.83095,5.83095,6.40312,5.0,5.0,4.24264,4.24264,4.24264,3.60555,3.60555,3.60555,3.16228,60.72891,59.90826,65.76473,58.54912,61.98387,55.10898,56.56854,58.54912,55.10898,53.46027,53.03772,48.0,49.0,48.0,51.24451,47.01064,50.0,50.0,46.17359,46.17359,47.16991,47.26521,46.09772,44.38468,48.50773,48.6621,44.92215,46.84015,47.51842,46.57252,47.85394,46.32494,46.09772,50.69517,45.35416,45.89118,48.05206,45.89118,46.52956,41.59327,41.10961,43.04649,44.01136,40.0,44.04543,37.65634,35.51056,35.51056,27.65863,30.41381,29.73214,28.44293,25.96151,28.23119,23.76973,28.23119,24.18677,43.56604,44.18144,44.0,46.04346,42.04759,47.26521,47.38143,46.09772,51.62364,49.0306,52.20153,52.49762,60.44005,59.61543,60.53924,56.85948,61.26989,59.94164,61.29437,57.80138,57.98276,65.0,61.29437,57.38467,62.482,59.20304,62.482,61.03278,55.47071,58.82176,54.03702,62.1289,56.0803,57.68882,55.9464,53.7122,51.42956,56.93856,54.91812,63.07139,58.60034,61.09828,59.61543,56.61272,55.03635,61.13101,58.82176,58.69412,66.28725,60.44005,61.40033,59.13544,68.00735,58.18935,60.20797,68.88396,65.51336
11.18034,11.18034,11.18034,11.18034,11.18034,9.84886,10.77033,9.84886,10.77033,9.84886,9.84886,10.44031,10.44031,10.44031,9.48683,10.19804,10.19804,10.19804,9.05539,10.04988,10.19804,10.04988,10.04988,10.04988,10.19804,10.04988,10.04988,10.04988,10.04988,10.04988,10.19804,10.19804,10.19804,9.21954,10.19804,10.19804,9.48683,9.48683,8.94427,8.544,8.544,7.61577,8.06226,6.7082,6.7082,6.7082,7.2111,6.40312,6.40312,5.65685,5.65685,5.65685,65.74192,60.08328,66.21178,58.5235,62.24147,58.30952,56.79789,58.60034,53.85165,55.07268,51.31277,53.22593,55.0,55.07268,52.15362,53.25411,49.64877,50.47772,47.01064,50.32892,52.3259,49.67897,53.03772,51.62364,50.9902,52.34501,55.86591,55.17246,50.91169,49.67897,52.34501,50.93133,50.9902,49.57822,50.20956,51.40039,48.9183,49.20366,50.0,46.40043,49.40648,45.22168,47.50789,42.54409,40.70626,43.38202,39.56008,40.8534,32.64966,35.35534,34.71311,31.7805,29.83287,29.61419,29.61419,22.36068,26.01922,40.0,41.01219,40.31129,43.01163,41.40048,44.10215,45.17743,44.77723,47.53946,45.61798,47.92703,51.62364,51.07837,53.16014,52.49762,51.92302,60.08328,56.29387,53.75872,57.87055,59.13544,57.31492,59.4138,60.20797,55.14526,53.23533,54.33231,51.0098,54.14795,59.00847,54.08327,55.00909,56.0357,48.16638,59.5399,51.0098,54.12947,49.49747,55.57877,56.75385,52.17279,56.75385,57.56735,55.36244,55.36244,56.64804,59.13544,61.35145,60.41523,57.93962,63.89053,62.24147,62.39391,65.55151,66.40783,60.82763,62.03225
11.04536,11.04536,11.04536,11.0,10.04988,11.04536,10.04988,10.04988,10.04988,9.21954,10.19804,10.19804,9.48683,9.48683,9.21954,9.48683,9.84886,9.48683,9.84886,9.84886,9.84886,9.84886,9.84886,9.43398,10.29563,10.29563,10.29563,9.84886,9.84886,10.29563,9.84886,9.84886,9.84886,9.84886,10.44031,9.48683,9.48683,9.21954,8.24621,9.21954,8.06226,8.06226,8.06226,8.06226,7.0,7.0,7.0,6.0,6.0,6.0,6.08276,6.08276,60.82763,65.43699,63.65532,61.55485,61.55485,60.20797,57.98276,60.81118,55.97321,55.86591,54.40588,56.40035,55.0,52.69725,50.0,51.31277,58.5235,53.25411,52.7731,49.64877,56.46238,50.08992,53.48832,53.85165,50.92151,53.48832,48.38388,51.24451,56.64804,57.87055,54.08327,57.72348,53.85165,56.46238,51.92302,58.69412,58.82176,54.78138,54.12947,49.64877,50.56679,54.12024,50.24938,46.52956,49.92995,44.40721,48.41487,40.0,42.0119,35.60899,36.61967,35.22783,34.65545,30.4795,32.80244,32.52691,27.65863,43.04649,42.80187,38.60052,45.96738,36.87818,45.27693,42.52058,46.75468,48.79549,44.59821,48.60041,51.86521,52.00961,49.92995,54.6443,48.54894,55.75841,55.22681,57.69749,55.00909,56.36488,56.46238,53.85165,53.14132,56.32051,58.18935,59.48109,55.97321,51.5461,56.30275,49.64877,57.58472,53.75872,53.48832,53.22593,51.97115,47.85394,51.88449,55.00909,54.20332,53.0,56.0357,64.63745,55.0,55.44367,61.55485,58.72819,55.86591,58.79626,57.00877,63.12686,66.6033,68.68042,59.66574,65.43699,68.68042,62.2254
11.04536,11.04536,11.04536,11.04536,11.04536,10.04988,10.0,10.0,10.0,10.04988,10.0,10.04988,10.04988,10.04988,10.19804,10.19804,9.21954,10.19804,9.48683,10.44031,10.44031,10.44031,10.44031,10.77033,10.44031,10.44031,10.44031,10.77033,10.77033,10.44031,10.44031,10.44031,10.44031,10.44031,10.19804,10.19804,10.04988,10.04988,9.05539,9.05539,9.0,8.0,9.0,8.0,7.0,7.0,7.0,7.07107,6.08276,6.08276,6.08276,5.09902,64.3506,64.66065,66.21933,60.10824,58.13777,57.98276,55.9017,60.20797,53.8145,55.44367,53.03772,55.44367,55.60576,48.79549,50.9902,56.22277,53.41348,53.0,51.10773,51.42956,56.4358,51.62364,53.66563,49.76947,53.23533,49.76947,53.66563,52.55473,53.66563,54.23099,50.11986,54.78138,51.26402,57.38467,51.92302,55.54278,55.71355,52.0,55.54278,53.31041,53.33854,53.60037,48.01042,46.8615,47.20169,46.75468,41.23106,45.27693,36.23534,36.12478,33.97058,37.53665,32.01562,33.6006,27.65863,29.06888,26.40076,45.65085,41.67733,44.41846,42.63801,47.01064,48.01042,44.82187,50.0,49.20366,51.62364,55.86591,53.74012,54.67175,52.00961,55.0,57.80138,59.40539,59.36329,53.33854,60.74537,63.28507,62.17717,63.52952,57.00877,57.56735,55.54278,55.71355,54.78138,55.36244,52.80152,51.89412,54.12024,52.92447,54.70832,55.00909,52.47857,55.22681,51.97115,54.58938,55.56978,55.21775,56.85068,57.38467,58.60034,57.80138,52.49762,50.80354,56.58622,59.66574,56.72742,60.959,61.84658,63.12686,61.6198,66.52819,65.94695,64.53681
10.81665,10.81665,10.29563,10.29563,9.43398,9.43398,8.94427,8.94427,8.94427,8.544,9.84886,9.48683,9.48683,9.48683,9.48683,9.48683,9.21954,9.21954,9.21954,9.21954,9.21954,9.21954,9.21954,9.05539,10.19804,9.21954,9.21954,10.19804,10.19804,9.21954,9.21954,9.21954,9.21954,9.21954,9.48683,9.48683,9.84886,8.544,8.544,7.61577,8.06226,8.06226,7.2111,7.2111,6.40312,6.40312,6.40312,6.40312,5.0,5.0,5.65685,4.24264,60.01666,64.13267,58.30952,53.23533,55.14526,53.60037,55.3263,51.24451,52.15362,46.52956,51.0392,50.01,51.0,49.09175,48.25971,52.61179,48.16638,43.73786,45.39824,46.32494,48.76474,48.27007,48.10405,45.60702,47.29693,44.91102,49.47727,50.56679,50.69517,53.48832,49.39636,50.92151,47.43416,46.48656,53.75872,49.0408,48.08326,53.85165,52.46904,51.62364,49.49747,46.69047,49.0408,46.27094,43.10452,43.10452,37.33631,39.05125,36.22154,38.20995,34.36568,32.38827,26.4764,29.12044,30.59412,26.24881,28.4605,48.38388,47.29693,49.0306,47.16991,52.15362,48.09366,50.03998,52.00961,51.35173,54.00926,52.08647,56.22277,56.0803,60.07495,57.87055,62.58594,61.98387,66.09841,57.00877,62.76942,58.69412,57.77543,61.09828,56.46238,59.61543,61.03278,55.9017,59.03389,54.12947,56.30275,52.3259,51.42956,54.12947,54.626,53.14132,55.08176,51.92302,52.88667,50.21952,50.9902,53.60037,55.57877,54.91812,58.94065,51.24451,56.22277,58.42089,55.9017,58.69412,52.34501,57.21888,61.20457,56.22277,60.29925,58.13777,62.80127,61.40033
10.44031,10.44031,9.48683,10.44031,9.48683,9.48683,9.48683,9.84886,8.94427,8.94427,8.94427,8.94427,8.94427,8.06226,8.94427,8.60233,8.60233,8.60233,8.60233,8.60233,8.60233,8.60233,8.60233,8.48528,8.60233,9.21954,9.21954,9.21954,9.21954,8.60233,8.60233,8.60233,8.60233,8.60233,9.43398,8.94427,8.94427,8.544,7.61577,7.61577,7.28011,7.28011,7.28011,7.28011,7.07107,6.08276,6.08276,6.08276,6.0,5.0,5.0,5.0,59.5483,58.00862,57.14018,54.70832,54.08327,54.08327,47.43416,51.86521,51.86521,47.01064,48.30114,48.33218,46.09772,45.65085,47.41308,46.8188,44.38468,44.38468,43.32436,46.17359,44.64303,44.91102,43.73786,45.35416,45.35416,45.89118,43.93177,46.87217,49.24429,49.81967,43.41659,46.69047,47.85394,45.70558,46.09772,46.84015,45.35416,47.67599,43.68066,46.32494,43.68066,44.77723,41.18252,42.48529,35.8469,42.95346,38.01316,34.98571,33.61547,32.80244,30.8707,30.23243,29.69848,24.75884,26.1725,24.75884,24.83948,49.98,43.82921,51.0,48.82622,51.40039,50.77401,52.80152,53.53504,57.2014,55.60576,55.31727,59.46427,60.20797,61.55485,58.0517,62.36986,60.959,64.03124,63.25346,66.4003,61.29437,66.0303,64.66065,62.42596,60.90156,60.74537,57.68882,58.00862,57.80138,56.60389,55.75841,56.60389,56.40035,52.69725,57.2014,53.15073,50.60632,50.24938,54.81788,51.66237,53.8145,53.15073,54.45181,56.85068,54.03702,57.80138,54.40588,55.80323,55.60576,56.22277,55.44367,60.80296,60.44005,58.82176,63.00794,60.44005,59.40539
10.77033,10.77033,9.84886,10.77033,9.84886,9.84886,9.43398,9.43398,9.43398,9.43398,9.43398,9.43398,9.43398,8.60233,8.60233,9.21954,9.21954,9.21954,9.21954,9.21954,9.21954,9.21954,9.21954,9.21954,9.21954,9.21954,9.21954,9.21954,9.21954,9.21954,9.21954,9.21954,9.21954,8.60233,8.60233,8.60233,8.06226,8.06226,7.61577,7.61577,7.61577,7.61577,7.61577,6.32456,6.32456,6.32456,6.32456,6.08276,5.09902,5.09902,5.0,5.0,58.41233,55.44367,55.75841,52.20153,52.80152,46.87217,51.10773,47.80167,44.77723,42.05948,42.94182,42.48529,46.52956,45.69464,42.05948,43.32436,48.08326,44.01136,36.05551,41.76123,46.84015,45.35416,38.32754,43.17407,40.5216,46.87217,40.5216,42.75512,45.89118,41.30375,43.73786,46.32494,45.88028,45.35416,44.14748,43.01163,46.84015,40.80441,46.23851,39.81206,40.24922,38.94868,42.19005,41.59327,36.05551,31.89044,31.241,31.40064,27.58623,29.06888,30.41381,26.24881,21.93171,25.4951,25.55386,24.04163,21.93171,49.81967,50.21952,53.15073,53.14132,54.78138,53.7122,57.00877,60.41523,57.77543,59.05929,60.20797,63.06346,65.8635,65.19202,60.60528,66.06815,69.42622,67.88225,65.11528,68.593,69.31089,67.20863,63.70243,68.68042,68.11755,65.06919,62.62587,66.21933,60.60528,54.67175,59.03389,59.39697,57.38467,55.31727,58.69412,56.56854,59.66574,55.31727,54.20332,54.03702,55.44367,57.62812,56.22277,63.25346,54.81788,60.74537,56.61272,59.68249,61.58734,62.00806,61.05735,62.17717,59.40539,59.68249,65.51336,67.1193,59.90826
10.0,9.0,10.0,9.0,9.0,9.0,9.05539,9.05539,9.05539,9.05539,9.05539,8.24621,8.24621,8.24621,8.24621,8.24621,8.24621,8.24621,8.544,8.544,8.544,8.544,8.544,8.544,8.544,8.544,8.544,8.544,8.544,8.544,8.544,8.544,8.544,8.24621,8.24621,8.24621,8.06226,8.06226,8.06226,7.07107,7.0,6.0,7.0,6.0,6.0,5.0,5.0,5.09902,5.09902,5.09902,4.12311,4.12311,55.0,55.60576,55.17246,54.20332,52.63079,49.40648,53.15073,48.83646,47.38143,50.93133,45.96738,45.96738,46.09772,43.27817,44.59821,44.40721,43.26662,43.41659,40.81666,43.909,48.37355,47.70744,42.37924,42.05948,44.28318,39.39543,43.41659,41.23106,45.88028,46.09772,44.29447,44.28318,44.01136,44.94441,47.50789,45.27693,46.61545,45.65085,45.22168,44.20407,45.80393,44.04543,39.69887,38.41875,34.82815,38.18377,36.40055,32.52691,31.89044,30.88689,30.80584,28.17801,26.07681,25.05993,23.32381,24.35159,23.4094,51.88449,51.86521,51.61395,55.44367,52.80152,57.28001,56.40035,55.97321,57.62812,61.55485,59.66574,63.25346,63.12686,61.40033,63.51378,63.13478,65.19202,66.70832,64.41273,70.93659,66.12866,64.2573,68.02941,64.88451,62.64982,60.74537,58.82176,60.40695,60.40695,59.80803,56.04463,60.92618,53.85165,57.38467,57.69749,54.78138,56.36488,57.80138,56.4358,52.15362,56.93856,56.0357,61.05735,60.21628,51.31277,54.6443,52.69725,58.41233,57.62812,59.46427,58.72819,63.03174,62.00806,66.06815,60.87693,62.482,59.03389
11.0,10.0,10.04988,10.0,10.0,9.05539,9.05539,9.05539,9.05539,9.05539,9.05539,9.21954,9.21954,8.24621,8.24621,9.21954,9.48683,8.544,8.544,8.544,8.24621,8.544,8.544,8.544,8.544,8.94427,8.94427,8.544,8.544,8.544,8.24621,8.544,8.24621,8.24621,9.21954,9.21954,9.05539,8.06226,8.0,8.0,8.0,7.0,7.0,7.0,7.0,6.08276,6.08276,6.08276,5.09902,5.38516,5.09902,5.38516,55.86591,59.39697,59.5483,50.91169,53.74012,52.34501,52.40229,51.08816,52.00961,42.72002,48.27007,44.10215,48.60041,48.01042,47.70744,48.37355,50.56679,46.06517,42.94182,40.24922,45.18849,46.61545,43.9659,43.86342,39.82462,44.94441,46.8188,49.72927,44.27189,43.01163,43.68066,47.43416,49.24429,44.59821,49.24429,43.46263,44.38468,46.51881,44.72136,47.88528,46.06517,41.88078,40.80441,40.80441,39.05125,36.12478,37.53665,36.06938,33.97058,29.73214,29.83287,28.42534,25.80698,26.1725,26.07681,23.02173,24.35159,51.66237,50.15974,50.08992,51.47815,49.64877,49.09175,49.67897,52.80152,58.13777,55.9017,54.45181,56.72742,63.65532,66.48308,62.482,64.03124,60.80296,64.3506,58.82176,65.51336,62.96825,66.24198,59.9333,64.66065,63.28507,60.03332,60.20797,61.77378,59.48109,59.05929,56.82429,57.70615,55.47071,59.16925,52.43091,55.22681,50.80354,53.8145,56.61272,54.56189,55.44367,55.17246,56.85068,63.03174,55.60576,59.4138,55.15433,51.08816,61.7171,58.69412,56.63921,63.03174,63.65532,62.2254,65.11528,63.03174,61.84658
9.21954,7.81025,9.21954,8.48528,7.81025,7.81025,7.2111,7.2111,7.2111,7.2111,7.2111,7.61577,7.61577,6.7082,6.7082,7.61577,6.32456,7.28011,6.32456,7.28011,7.28011,7.28011,7.28011,7.28011,7.28011,7.28011,7.28011,7.28011,7.28011,7.28011,6.7082,7.28011,6.7082,6.7082,6.7082,6.7082,6.7082,5.83095,5.83095,5.83095,5.0,5.0,5.0,5.0,4.24264,4.24264,4.24264,3.60555,3.60555,3.60555,3.60555,3.60555,58.69412,60.67125,58.0517,53.15073,53.36666,53.46027,52.17279,49.64877,46.27094,48.0,49.0102,47.0,53.03772,50.01,43.28972,46.09772,50.35871,50.03998,40.0,42.95346,44.18144,47.38143,44.92215,42.75512,45.12206,45.89118,37.10795,43.41659,45.60702,46.32494,41.48494,46.32494,46.09772,48.76474,40.5216,48.25971,46.38965,47.85394,43.28972,43.41659,42.04759,36.01389,39.20459,42.0,39.05125,34.23449,31.257,36.87818,31.57531,30.14963,27.20294,26.24881,30.46309,25.94224,26.07681,23.70654,18.35756,52.39275,54.12947,52.15362,53.23533,57.31492,53.00943,53.15073,57.03508,61.13101,59.03389,60.53098,57.07013,61.0,62.80127,64.28841,61.13101,64.51356,67.35726,63.06346,65.78754,65.45991,66.21178,65.74192,60.83584,63.95311,64.88451,55.9017,60.92618,60.41523,62.64982,55.00909,60.82763,61.32699,59.23681,58.18075,58.82176,56.921,55.36244,56.921,57.97413,58.94065,51.92302,53.85165,58.46366,55.44367,57.97413,57.42822,56.4358,63.3877,57.07013,58.54912,64.53681,63.34824,62.36986,63.78871,62.64982,60.82763
10.81665,10.81665,9.43398,10.81665,9.43398,9.43398,8.94427,8.94427,8.94427,8.94427,8.94427,8.544,8.544,8.544,8.544,8.24621,8.24621,8.24621,8.24621,8.24621,8.24621,8.24621,8.24621,8.24621,8.24621,8.06226,8.06226,8.24621,9.21954,8.06226,8.24621,8.24621,8.24621,8.24621,8.24621,8.544,8.544,7.61577,8.06226,6.7082,6.7082,6.7082,5.83095,5.83095,5.83095,5.83095,5.83095,5.65685,5.0,5.0,5.0,4.24264,60.03332,55.00909,60.29925,48.6621,52.03845,50.01,47.04253,54.23099,44.18144,48.37355,46.87217,41.97618,45.89118,44.64303,43.73786,43.9659,44.72136,42.44997,40.49691,42.05948,40.71855,38.27532,40.71855,40.31129,40.24922,41.23106,40.70626,44.28318,44.27189,39.39543,37.57659,41.14608,37.57659,46.95743,39.81206,41.76123,44.72136,37.58989,38.27532,39.21734,34.53983,37.12142,36.12478,39.01282,36.12478,33.13608,32.06244,31.01612,28.0,27.07397,25.07987,27.0,26.1725,22.09072,21.54066,23.5372,23.76973,47.42362,48.8467,45.88028,51.5461,48.05206,50.80354,53.15073,57.48913,54.58938,54.23099,58.03447,60.00833,61.13101,61.03278,60.13319,59.07622,69.11584,59.4138,68.26419,63.1981,65.12296,68.35934,64.13267,68.44706,67.26812,66.4906,59.13544,65.73431,58.24088,66.91039,56.51548,63.78871,58.54912,59.68249,62.514,56.32051,52.95281,57.70615,56.56854,60.13319,60.00833,57.07889,59.00847,58.13777,59.00847,60.13319,63.1981,58.30952,64.12488,56.0803,63.03174,61.03278,64.07027,60.29925,70.02857,68.02941,57.07889
10.77033,9.48683,9.48683,9.48683,9.48683,9.48683,9.21954,9.21954,8.24621,8.24621,9.21954,8.06226,8.06226,8.06226,8.06226,8.0,8.0,8.0,8.0,8.0,8.0,8.0,8.0,8.0,9.0,8.06226,9.05539,9.0,8.0,8.0,8.0,8.0,8.06226,8.06226,8.06226,8.06226,8.06226,7.28011,7.28011,7.28011,7.28011,6.32456,6.7082,6.32456,5.38516,5.83095,5.83095,5.0,5.0,5.0,5.0,5.0,59.68249,58.94065,57.00877,56.88585,52.7731,53.60037,47.53946,53.15073,48.10405,45.88028,47.07441,43.65776,49.0408,42.95346,44.94441,45.18849,46.14109,43.41659,40.24922,41.88078,43.01163,41.40048,41.40048,44.10215,37.58989,41.88078,41.23106,44.68781,46.61545,41.10961,46.8615,44.65423,42.0119,45.80393,37.12142,45.22168,44.29447,44.10215,44.72136,38.91015,41.88078,43.46263,40.80441,38.27532,40.02499,35.1141,34.48188,32.75668,29.42788,30.26549,26.01922,26.01922,27.07397,24.02082,21.09502,24.08319,21.58703,47.70744,50.53712,48.54894,53.66563,53.85165,52.39275,53.16014,53.14132,57.00877,56.04463,59.03389,59.48109,63.56099,61.0,67.08204,63.3877,70.17834,68.46897,68.26419,67.02984,67.00746,70.00714,67.0,67.26812,68.18358,65.03076,67.36468,68.35934,61.29437,67.00746,59.13544,63.03174,63.00794,62.03225,62.00806,62.0,56.0803,63.12686,60.40695,64.19502,65.49046,58.0517,64.32729,60.82763,62.39391,65.51336,60.82763,62.16912,65.9242,63.34824,62.16912,64.7611,65.76473,60.29925,64.77654,66.70832,66.09841
9.21954,8.48528,9.21954,8.48528,8.48528,7.07107,7.81025,7.81025,7.81025,7.81025,7.81025,7.81025,7.2111,7.2111,7.2111,8.06226,6.7082,6.7082,6.7082,7.61577,7.61577,7.61577,7.61577,7.61577,7.61577,7.61577,7.61577,7.61577,7.61577,7.61577,7.61577,7.61577,8.06226,7.2111,7.2111,7.2111,7.2111,7.07107,6.40312,5.65685,5.65685,5.65685,5.65685,5.0,5.0,4.24264,4.24264,3.60555,4.47214,3.16228,3.16228,3.16228,60.87693,56.4358,54.74486,56.51548,53.46027,51.62364,53.60037,53.93515,48.38388,44.38468,44.59821,46.84015,47.53946,46.61545,44.38468,45.18849,44.77723,45.31004,43.41659,46.32494,43.56604,47.50789,44.29447,38.28838,41.04875,42.72002,41.18252,41.6173,47.70744,48.01042,44.65423,42.72002,44.94441,43.01163,44.10215,48.30114,42.48529,45.27693,48.33218,40.71855,43.38202,43.01163,38.60052,41.23106,40.02499,38.27532,35.90265,33.37664,30.14963,32.14032,27.16616,23.19483,31.40064,30.01666,23.19483,19.23538,22.09072,42.2019,42.19005,44.29447,50.11986,51.47815,42.94182,45.69464,52.39275,52.20153,54.626,55.7853,56.75385,56.32051,60.63827,56.51548,62.80127,59.84146,62.16912,61.29437,63.50591,64.62971,64.03124,66.0,63.00794,65.27634,64.07027,61.13101,59.07622,61.13101,64.00781,57.03508,59.07622,61.07373,58.00862,60.13319,57.00877,57.00877,61.03278,56.00893,57.00877,56.00893,56.56854,57.21888,60.67125,56.7186,52.88667,56.08921,55.31727,59.22837,58.85576,55.44367,56.51548,55.31727,61.84658,62.64982,55.9017,63.15061
9.43398,8.94427,8.94427,9.43398,8.06226,8.06226,7.61577,7.61577,7.61577,7.61577,7.61577,7.61577,7.61577,7.28011,7.28011,7.28011,7.07107,7.07107,7.07107,7.07107,7.28011,7.07107,7.07107,7.07107,8.06226,8.06226,8.06226,8.06226,8.06226,8.06226,7.28011,8.24621,7.28011,7.28011,7.28011,7.28011,7.61577,6.7082,5.83095,5.83095,5.83095,5.83095,5.0,5.0,5.0,5.0,4.24264,4.24264,4.24264,3.60555,3.60555,3.60555,64.03124,59.21149,59.13544,56.0357,60.07495,54.08327,55.08176,54.00926,54.0,52.08647,45.17743,48.25971,49.16299,48.83646,43.10452,47.29693,54.40588,49.24429,49.0408,47.43416,50.32892,46.48656,45.61798,45.69464,47.16991,49.39636,43.41659,47.50789,47.01064,48.33218,48.30114,44.29447,47.75982,51.97115,43.82921,46.84015,47.53946,43.38202,50.59644,46.32494,47.80167,43.56604,41.4367,41.48494,43.17407,35.51056,34.52535,43.0,32.14032,28.0,30.06659,29.0,23.02173,27.07397,27.16616,25.0,23.76973,43.73786,47.80167,43.28972,50.15974,44.18144,49.0408,45.01111,52.0,56.00893,51.0098,56.22277,58.13777,63.12686,60.40695,59.5399,58.0517,63.56099,64.03124,63.15061,62.93648,60.08328,67.06713,62.96825,66.40783,68.44706,63.15853,61.09828,62.16912,59.9333,63.56099,54.78138,62.39391,59.23681,57.93962,63.24555,59.80803,54.40588,57.87055,64.03124,59.03389,60.01666,56.29387,59.03389,61.81424,54.91812,58.0517,59.03389,57.31492,65.27634,58.69412,59.3043,64.28063,61.0082,58.85576,66.48308,64.07027,64.03124
9.43398,9.43398,8.60233,9.43398,8.60233,8.06226,8.06226,7.61577,7.61577,7.61577,7.61577,7.28011,7.61577,7.61577,7.61577,7.28011,8.24621,7.07107,8.24621,8.24621,7.28011,8.24621,7.07107,8.06226,8.06226,8.06226,8.06226,8.24621,8.24621,8.06226,8.24621,8.24621,8.24621,7.28011,7.28011,7.28011,7.28011,6.7082,6.7082,6.7082,5.83095,5.83095,5.83095,5.83095,5.0,5.0,5.0,4.24264,4.24264,3.60555,3.60555,3.60555,56.7186,53.15073,61.18823,55.3263,55.7853,54.91812,51.62364,57.31492,56.88585,50.01,50.28916,49.0408,48.76474,50.92151,48.08326,52.80152,49.76947,45.61798,44.77723,44.77723,47.42362,40.81666,45.65085,49.24429,43.909,49.64877,45.48626,48.37355,46.61545,50.80354,45.45327,50.21952,48.01042,45.22168,44.40721,50.11986,48.25971,49.65884,47.01064,42.94182,44.77723,43.46263,44.59821,41.4367,40.80441,35.73514,38.83298,37.85499,32.24903,29.42788,26.30589,23.08679,32.24903,26.07681,27.07397,27.45906,20.09975,41.14608,47.42362,42.72002,50.59644,47.80167,46.57252,46.09772,49.81967,52.95281,49.0306,51.47815,55.3263,60.53098,59.4138,63.07139,57.31492,60.03332,64.07027,61.20457,62.20129,64.12488,64.28063,61.66036,63.50591,59.66574,67.74216,58.54912,60.82763,59.22837,64.13267,55.10898,60.20797,57.70615,56.7186,60.20797,58.21512,55.44367,59.00847,55.44367,60.20797,58.00862,56.0,57.03508,57.03508,56.00893,59.07622,62.39391,57.03508,58.13777,58.21512,61.66036,56.56854,61.29437,56.4358,67.74216,68.06614,62.00806
10.0,10.0,9.21954,9.21954,9.21954,9.21954,9.21954,8.48528,8.48528,7.81025,8.48528,9.21954,8.60233,8.60233,8.60233,8.60233,8.60233,8.60233,8.06226,8.06226,8.06226,8.06226,8.06226,8.06226,8.94427,8.94427,8.94427,8.94427,8.94427,8.94427,8.06226,8.94427,8.06226,8.06226,8.60233,7.81025,7.81025,7.81025,7.81025,7.07107,7.07107,6.40312,5.65685,5.65685,5.65685,5.0,5.0,5.0,5.0,4.47214,4.47214,4.47214,56.85948,61.05735,54.58938,61.98387,56.36488,54.08327,51.89412,50.15974,47.53946,44.28318,46.17359,46.32494,51.41984,50.01,47.80167,47.51842,48.05206,42.42641,41.59327,46.27094,48.16638,47.16991,42.0,43.04649,44.18144,45.17743,45.09989,44.01136,43.01163,44.01136,46.04346,49.0102,46.01087,45.09989,46.01087,44.72136,45.01111,44.04543,42.19005,43.73786,43.41659,45.88028,39.29377,40.5216,38.62642,39.39543,39.0,34.9285,30.67572,32.64966,30.08322,29.68164,26.41969,24.69818,26.41969,25.94224,24.04163,51.0392,47.26521,49.25444,47.51842,52.61179,45.70558,52.39275,53.60037,53.45091,54.12947,58.18075,60.74537,61.09828,63.56099,59.9333,62.64982,62.16912,65.29931,66.24198,66.28725,60.60528,61.40033,67.80118,60.80296,67.80118,64.66065,60.30755,61.07373,60.44005,59.03389,59.5483,61.07373,58.60034,58.00862,56.85948,58.5235,54.91812,60.53924,57.68882,65.19202,58.30952,59.9333,58.18075,62.16912,56.4358,59.48109,57.69749,61.84658,61.26989,59.09315,62.76942,65.39113,64.40497,59.5399,63.50591,59.94164,68.15424
11.0,11.0,10.04988,11.0,10.04988,10.0,9.0,9.05539,9.05539,9.21954,9.05539,9.21954,9.21954,9.21954,9.21954,8.24621,9.21954,8.24621,9.48683,8.544,8.544,9.48683,8.24621,8.94427,9.48683,9.48683,9.48683,8.544,9.48683,8.544,9.21954,9.21954,9.21954,8.24621,8.06226,8.06226,8.06226,8.06226,8.06226,8.0,6.0,7.0,7.0,6.0,6.08276,5.09902,5.09902,5.09902,5.09902,5.09902,5.09902,4.12311,60.16644,57.27128,61.26989,60.41523,57.24509,50.69517,55.36244,53.7122,48.02083,49.64877,46.52956,41.88078,46.52956,45.22168,43.909,48.01042,49.20366,46.09772,44.82187,42.44997,41.86884,45.34314,43.18565,43.13931,41.10961,43.84062,42.42641,44.68781,47.42362,39.62323,45.25483,47.42362,42.44997,45.96738,38.94868,42.52058,45.27693,44.40721,43.01163,37.53665,40.31129,39.82462,37.58989,44.29447,38.47077,36.40055,34.20526,34.48188,31.57531,29.73214,29.83287,25.4951,26.68333,26.30589,25.31798,21.09502,26.01922,48.37355,51.61395,51.40039,54.45181,48.79549,53.03772,48.79549,54.56189,59.81639,52.80152,61.22091,57.2014,64.63745,65.51336,65.19202,62.64982,69.46222,66.21178,67.08204,65.19202,68.35203,66.85058,67.44627,66.48308,63.89053,66.09841,63.32456,61.0,58.69412,65.14599,58.94065,62.36185,61.84658,58.82176,59.48109,59.90826,55.36244,57.00877,55.02727,58.87274,61.46544,55.9464,60.00833,61.77378,57.58472,60.16644,61.7171,59.16925,64.84597,60.41523,60.90156,64.40497,67.1193,59.16925,63.50591,63.06346,64.40497
9.48683,9.48683,9.21954,8.544,9.21954,8.24621,8.24621,8.24621,8.24621,8.24621,8.24621,8.06226,8.06226,7.07107,7.07107,8.0,7.0,7.0,7.0,7.0,7.0,7.0,7.0,7.07107,7.07107,7.0,7.0,8.06226,7.07107,7.0,7.0,7.0,7.0,7.0,7.07107,7.07107,7.28011,6.08276,6.32456,6.32456,6.32456,5.38516,5.38516,5.38516,4.47214,4.47214,5.0,5.0,5.0,4.24264,4.24264,3.60555,58.00862,59.90826,60.74537,55.22681,52.43091,51.86521,52.43091,51.40039,50.0,49.40648,44.59821,47.50789,48.27007,46.01087,42.44997,43.13931,45.27693,41.86884,43.86342,41.86884,41.04875,40.0,42.0119,40.0,42.54409,42.72002,42.63801,44.72136,39.11521,42.05948,41.6173,42.72002,44.94441,43.909,40.80441,39.66106,40.0,47.80167,38.8973,38.8973,40.36087,36.12478,38.20995,36.79674,33.42155,33.01515,28.84441,32.55764,30.88689,28.17801,25.07987,26.0,25.4951,21.84033,22.13594,19.92486,21.84033,47.88528,47.70744,46.87217,48.9183,48.79549,49.57822,48.10405,50.20956,55.15433,53.03772,56.63921,58.41233,60.87693,56.61272,60.80296,60.53924,63.28507,60.20797,64.00781,61.7171,61.68468,64.40497,66.12866,61.7414,66.7308,65.19202,61.68468,64.84597,56.32051,61.68468,60.08328,59.46427,55.36244,52.39275,52.55473,53.75872,58.60034,57.3062,55.03635,59.36329,59.48109,57.45433,59.03389,58.30952,54.6443,51.62364,57.45433,60.0,58.5235,55.80323,60.0,60.0,58.5235,57.14018,61.29437,61.03278,59.03389
11.40175,10.0,10.29563,10.0,9.43398,9.43398,9.43398,9.43398,9.43398,8.94427,8.94427,8.94427,8.544,8.544,7.61577,8.544,8.544,8.544,8.24621,8.24621,8.544,8.24621,8.544,8.24621,8.24621,8.24621,8.544,8.544,8.24621,8.544,8.544,8.544,8.544,7.61577,8.06226,8.06226,8.06226,7.2111,7.2111,7.2111,6.40312,6.40312,6.40312,5.65685,5.65685,5.65685,5.0,4.24264,5.0,4.24264,3.60555,3.60555,59.03389,56.0803,56.0,53.33854,56.0803,56.22277,52.46904,53.23533,45.27693,48.50773,44.18144,47.16991,46.87217,46.57252,47.38143,43.9659,43.68066,42.15448,39.56008,40.80441,43.65776,42.05948,43.86342,40.26164,40.49691,41.23106,42.95346,39.39543,41.23106,41.23106,46.09772,43.86342,38.58756,47.01064,35.77709,40.80441,39.21734,41.78516,41.10961,44.14748,41.4367,37.10795,37.33631,36.34556,36.05551,35.12834,36.01389,33.0,28.0,27.65863,26.4764,25.31798,21.0,27.29469,22.80351,22.47221,20.24846,44.40721,47.41308,44.65423,48.46648,49.39636,46.17359,48.08326,51.66237,53.36666,55.7853,53.85165,55.54278,61.84658,62.8172,62.64982,57.0,64.62971,61.07373,63.00794,64.07027,63.03174,64.28063,60.20797,60.07495,62.20129,62.03225,61.0,64.38167,58.42089,64.38167,55.44367,60.07495,54.23099,52.34501,59.07622,57.31492,57.00877,57.03508,57.07889,58.13777,57.07889,61.13101,60.20797,59.07622,56.4358,61.0082,56.22277,60.40695,61.29437,59.3043,60.82763,64.53681,65.49046,60.20797,62.64982,66.75328,61.66036
10.29563,10.29563,9.43398,9.43398,9.43398,9.43398,8.60233,8.60233,8.60233,7.81025,8.60233,8.48528,8.48528,7.81025,8.48528,8.48528,7.81025,7.81025,7.81025,7.81025,7.81025,7.81025,7.81025,8.60233,7.81025,8.60233,8.60233,7.81025,8.60233,7.81025,7.81025,7.81025,7.81025,7.81025,7.81025,7.81025,7.81025,6.40312,6.40312,6.40312,5.83095,5.83095,5.83095,5.83095,5.38516,4.47214,4.47214,4.47214,4.12311,4.12311,4.12311,3.16228,64.14047,64.63745,60.53924,56.85948,55.22681,58.60034,53.85165,56.30275,49.73932,57.80138,50.9902,49.64877,47.41308,41.59327,46.09772,42.37924,45.22168,47.92703,47.43416,42.37924,47.12749,42.37924,42.57934,40.02499,44.64303,41.0,39.29377,43.93177,44.72136,47.26521,47.80167,45.54119,42.57934,49.64877,43.56604,44.01136,43.68066,40.80441,42.72002,37.16181,38.01316,42.54409,41.59327,34.0,35.51056,32.64966,36.06938,30.80584,32.64966,26.40076,27.65863,29.68164,26.40076,21.40093,25.45584,25.0,22.2036,48.01042,48.25971,47.26521,54.45181,46.87217,49.24429,51.92302,51.92302,55.02727,50.59644,52.92447,57.58472,64.4748,59.9333,68.88396,61.58734,70.17834,62.96825,64.07027,63.24555,61.84658,67.35726,62.36986,64.44377,63.12686,61.22091,62.28965,65.79514,58.72819,61.52235,55.22681,60.20797,57.28001,58.13777,59.5483,60.44005,55.21775,60.80296,61.6198,58.30952,61.29437,58.13777,63.82006,61.29437,59.68249,60.83584,59.5399,61.32699,64.84597,57.3062,66.24198,63.52952,69.83552,60.41523,65.0,64.66065,60.46487
9.21954,9.21954,8.48528,9.21954,8.48528,8.48528,7.81025,7.81025,7.81025,7.81025,7.81025,7.2111,7.2111,7.2111,7.2111,7.2111,6.7082,6.7082,7.61577,7.61577,6.7082,7.61577,6.7082,7.61577,7.61577,7.61577,7.61577,7.61577,7.61577,7.61577,6.7082,7.2111,7.2111,7.2111,7.2111,6.40312,6.40312,6.40312,5.65685,5.65685,5.65685,5.65685,5.0,5.0,5.0,3.60555,4.47214,4.47214,4.47214,3.16228,3.16228,3.16228,66.00758,64.0,64.07027,59.21149,55.03635,56.22277,55.0,53.00943,50.15974,54.23099,49.09175,48.37355,48.37355,46.52956,47.07441,47.29693,46.57252,47.85394,48.50773,45.35416,44.59821,44.27189,43.01163,44.72136,44.94441,44.59821,43.08132,44.38468,45.88028,43.46263,43.86342,45.54119,45.69464,48.75449,44.64303,44.91102,43.65776,45.54119,43.9659,40.60788,41.7732,39.45884,39.45884,39.31921,39.11521,36.01389,32.14032,36.12478,31.14482,30.0,29.06888,28.07134,25.17936,24.73863,23.76973,22.13594,22.13594,41.88078,47.01064,49.24429,44.01136,48.08326,46.32494,49.47727,51.78803,51.1957,53.93515,53.75872,55.57877,60.53098,60.07495,56.00893,61.20457,66.0303,58.13777,64.12488,66.06815,61.81424,62.80127,61.81424,61.0,59.66574,61.18823,59.90826,60.87693,58.24946,65.25335,56.51548,61.84658,55.10898,57.42822,57.07013,55.9017,56.56854,58.42089,56.0803,59.3043,62.28965,57.00877,57.14018,62.07254,59.0,56.32051,61.0082,62.07254,63.1981,64.07027,66.00758,60.03332,66.00758,62.28965,67.06713,67.06713,68.00735
11.18034,11.18034,10.29563,10.29563,10.29563,9.84886,9.43398,9.43398,9.43398,9.43398,9.43398,8.60233,9.21954,9.21954,9.21954,9.21954,9.21954,9.21954,8.48528,8.48528,9.21954,8.48528,8.48528,9.21954,9.89949,9.21954,8.48528,9.89949,9.89949,9.21954,9.21954,9.21954,9.21954,8.60233,8.60233,8.60233,8.60233,8.06226,8.06226,8.06226,7.61577,6.7082,6.7082,6.32456,6.32456,5.38516,5.38516,5.09902,5.09902,5.09902,5.09902,4.0,61.13101,58.24088,57.87055,59.80803,57.56735,55.97321,51.78803,59.13544,52.88667,50.69517,46.32494,46.09772,48.50773,44.28318,49.25444,46.04346,46.01087,47.09565,43.01163,43.18565,47.01064,39.01282,42.04759,46.09772,45.0,40.0125,40.0,45.39824,42.0119,42.95346,40.0125,47.09565,47.09565,46.09772,39.05125,46.01087,46.17359,43.04649,46.04346,42.57934,38.32754,39.20459,40.5216,38.63936,42.2019,35.44009,34.43835,32.89377,31.30495,29.68164,30.41381,28.3196,25.55386,25.0,25.55386,23.43075,24.08319,45.88028,48.05206,43.41659,50.03998,45.09989,51.0,49.09175,51.08816,51.35173,54.45181,54.45181,56.4358,58.69412,62.58594,61.84658,57.28001,67.05222,59.23681,63.56886,63.95311,61.7414,66.30988,59.94164,63.15853,63.52952,60.92618,63.06346,61.91123,57.70615,60.83584,54.12947,65.36819,59.48109,58.66856,59.03389,57.70615,54.12947,57.58472,57.87055,55.54278,60.53924,56.75385,58.5235,63.06346,55.36244,62.64184,61.35145,60.87693,62.0967,61.68468,62.58594,62.0967,65.0,64.19502,65.51336,70.0928,64.32729
10.44031,10.44031,10.44031,9.48683,9.48683,9.48683,9.48683,9.48683,9.48683,8.544,8.94427,8.94427,8.06226,8.06226,7.61577,9.43398,8.60233,8.60233,7.81025,8.60233,8.06226,8.60233,8.60233,7.81025,8.60233,8.60233,8.60233,8.60233,8.60233,8.60233,8.06226,8.60233,8.06226,8.06226,8.94427,8.94427,8.544,7.61577,7.28011,7.28011,7.28011,6.32456,6.32456,6.08276,6.08276,6.08276,6.08276,5.0,5.0,5.0,5.0,5.09902,62.96825,58.5235,59.20304,58.82176,58.5235,55.54278,53.15073,54.34151,46.57252,46.69047,45.89118,50.9902,45.54119,48.05206,46.52956,44.18144,45.0,47.01064,45.09989,47.01064,51.24451,42.04759,45.01111,43.04649,43.10452,45.0,44.18144,44.55334,48.50773,47.85394,45.09989,48.25971,41.04875,43.28972,47.38143,44.01136,46.0,44.28318,45.39824,44.28318,42.04759,39.81206,37.21559,37.48333,35.17101,34.71311,36.68787,32.57299,31.62278,31.62278,30.8707,25.55386,27.78489,25.94224,21.93171,23.60085,23.02173,43.28972,45.17743,42.10701,51.0392,47.09565,46.38965,50.48762,51.1957,52.88667,54.81788,60.16644,53.36666,55.9017,55.02727,62.76942,61.84658,63.69458,57.3062,61.77378,60.82763,59.36329,66.57327,61.58734,61.29437,62.20129,60.20797,57.00877,56.30275,60.80296,58.83026,53.85165,60.46487,62.1289,57.14018,55.21775,59.5399,55.07268,58.66856,52.7731,53.22593,58.59181,57.93962,62.64982,61.68468,58.18935,59.46427,57.58472,61.40033,58.5235,57.24509,63.24555,63.89053,61.98387,57.97413,64.19502,65.14599,62.03225
9.48683,9.48683,8.544,9.48683,8.544,8.544,8.544,8.94427,8.544,8.06226,8.06226,8.06226,8.06226,8.06226,8.06226,8.60233,8.60233,8.06226,7.81025,7.81025,7.81025,7.81025,7.81025,7.81025,7.81025,9.21954,9.21954,7.81025,8.60233,8.60233,8.60233,8.06226,8.06226,8.06226,8.06226,8.06226,8.06226,6.7082,7.61577,7.61577,6.32456,6.32456,6.32456,6.32456,5.09902,5.09902,5.09902,5.0,4.0,4.0,4.0,4.0,62.28965,54.56189,58.0517,62.2254,62.24147,57.28001,53.15073,54.56189,50.24938,50.32892,47.50789,49.51767,49.81967,46.40043,48.01042,49.92995,53.60037,51.88449,46.64762,46.52956,50.24938,50.08992,47.88528,44.29447,45.65085,46.06517,43.41659,50.9902,45.61798,47.16991,47.42362,50.9902,42.05948,47.53946,45.17743,43.909,44.10215,44.10215,46.61545,47.63402,43.01163,43.60046,41.7732,42.42641,38.94868,34.65545,36.76955,34.20526,35.80503,30.01666,30.80584,30.23243,30.01666,23.70654,28.17801,26.07681,22.80351,50.28916,48.38388,48.46648,50.53712,46.95743,51.47815,47.70744,51.86521,55.80323,52.80152,53.2635,55.60576,60.60528,63.12686,63.65532,63.03174,65.94695,58.25805,62.36986,61.85467,60.44005,67.1193,61.05735,61.05735,62.64982,63.63175,66.7308,63.13478,56.4358,60.90156,55.47071,59.36329,55.75841,58.83026,60.74537,59.07622,57.80138,57.2014,55.31727,63.41136,61.40033,59.4138,59.81639,57.31492,60.20797,67.89698,62.24147,63.63961,65.06919,63.78087,62.28965,66.21933,65.11528,55.9017,67.20863,67.94115,64.44377
10.04988,10.0,10.0,9.05539,9.0,9.0,9.05539,9.05539,9.05539,8.06226,9.05539,8.06226,8.06226,8.06226,8.06226,8.24621,8.544,8.544,7.28011,7.61577,8.544,7.61577,8.544,8.544,8.544,8.94427,8.94427,8.544,8.544,9.48683,8.24621,8.544,8.24621,8.24621,8.24621,8.24621,8.06226,7.07107,7.0,7.0,7.0,6.0,6.0,6.0,6.0,5.0,5.09902,4.12311,4.12311,4.12311,4.12311,4.12311,59.81639,54.40588,58.25805,60.20797,56.56854,53.07542,54.45181,55.31727,51.62364,46.69047,51.08816,50.44799,52.20153,49.20366,45.80393,47.20169,47.01064,47.50789,44.29447,45.27693,46.09772,44.72136,41.23106,42.04759,44.72136,44.28318,42.95346,47.85394,44.28318,47.16991,44.92215,49.65884,47.53946,52.3259,43.86342,46.95743,45.79301,49.24429,49.73932,45.69464,41.6173,41.04875,45.34314,41.86884,40.31129,38.28838,38.20995,33.97058,36.06938,32.55764,33.42155,29.20616,26.24881,27.73085,23.70654,27.29469,23.25941,42.48529,44.77723,39.96248,46.2277,49.81967,49.57822,50.20956,51.62364,53.8145,51.08816,54.67175,59.5483,61.84658,57.42822,60.53924,58.5235,66.28725,61.91123,62.43397,62.26556,63.06346,64.00781,63.50591,63.07139,64.07808,61.32699,58.87274,61.46544,58.30952,60.82763,56.85948,60.16644,56.36488,57.27128,58.60034,53.23533,50.9902,58.83026,54.58938,58.83026,58.30952,55.97321,60.0,56.72742,58.60034,58.5235,60.60528,56.0803,60.30755,60.80296,59.66574,63.70243,65.29931,61.7171,64.38167,60.30755,62.482
10.44031,10.44031,10.19804,10.19804,9.21954,9.21954,9.05539,9.05539,9.05539,9.05539,9.05539,9.05539,9.0,9.0,9.0,9.0,9.0,8.0,9.05539,9.05539,9.05539,9.05539,8.06226,9.05539,9.05539,9.05539,9.05539,9.05539,10.04988,9.05539,9.05539,9.05539,9.05539,9.05539,9.0,8.06226,8.06226,8.06226,8.06226,8.06226,7.28011,7.28011,7.28011,6.32456,6.32456,6.32456,5.38516,5.38516,5.38516,5.38516,4.47214,4.47214,58.94065,60.92618,61.7414,59.48109,58.69412,55.36244,51.89412,52.80152,49.1935,48.54894,46.52956,49.73932,48.37355,45.48626,47.01064,44.82187,53.0,49.20366,46.8615,41.86884,48.16638,45.96738,44.04543,46.75468,45.45327,43.86342,44.59821,45.27693,45.96738,48.83646,48.10405,48.10405,45.96738,46.2277,47.38143,48.16638,47.38143,46.75468,49.67897,44.04543,42.2019,44.65423,43.56604,41.88078,39.44617,38.47077,34.53983,35.51056,32.28002,33.83785,34.20526,28.63564,26.4764,23.02173,25.31798,23.0,27.29469,41.7732,47.63402,48.54894,47.01064,48.30114,48.30114,49.73932,49.1935,53.7122,51.07837,57.56735,60.40695,60.08328,61.68468,61.40033,62.0967,59.66574,64.49806,61.81424,63.3877,61.03278,64.28063,63.07139,62.39391,62.0,62.20129,62.03225,63.03174,64.07027,61.13101,58.30952,60.07495,60.53098,58.07753,59.4138,57.21888,56.56854,55.31727,59.5399,54.74486,60.87693,55.08176,59.77458,60.72891,55.65968,60.16644,58.82176,58.87274,63.32456,60.40695,59.23681,60.83584,66.48308,60.74537,59.9333,62.64982,63.06346
10.77033,10.77033,9.84886,9.48683,9.84886,9.84886,9.84886,9.43398,8.94427,8.06226,9.43398,9.43398,8.60233,8.60233,8.60233,8.60233,9.21954,8.60233,7.81025,7.81025,7.81025,8.48528,8.48528,8.48528,8.48528,8.48528,9.21954,8.48528,8.48528,8.48528,8.48528,9.21954,8.60233,7.81025,8.60233,8.60233,8.60233,8.06226,7.61577,7.61577,7.61577,7.61577,6.32456,6.32456,6.32456,6.32456,6.08276,5.09902,5.09902,5.0,5.0,5.0,60.53924,60.03332,60.41523,54.58938,59.03389,52.3259,48.33218,51.42956,46.51881,47.01064,48.46648,44.94441,51.86521,41.59327,44.64303,43.56604,46.87217,43.73786,42.37924,42.57934,44.72136,43.56604,42.0,42.57934,44.18144,37.21559,46.0,44.01136,43.41659,50.24938,46.01087,48.09366,42.0,46.38965,42.19005,48.50773,49.49747,44.40721,43.93177,42.72002,43.41659,42.95346,43.9659,39.21734,32.31099,35.34119,39.44617,33.10589,35.77709,28.01785,30.01666,30.01666,25.0,25.80698,25.4951,22.67157,24.75884,45.09989,46.69047,45.12206,50.92151,45.54119,46.23851,51.07837,52.80152,51.07837,53.66563,53.66563,57.70615,59.5063,62.26556,60.20797,60.44005,62.42596,63.89053,60.44005,62.28965,62.36986,61.52235,61.55485,65.06919,60.81118,65.06919,59.39697,60.1415,55.97321,60.10824,53.74012,60.10824,58.69412,57.28001,58.72819,56.56854,53.60037,56.22277,57.48913,57.68882,58.00862,58.83026,60.74537,57.98276,56.85948,60.53924,55.9464,59.5399,60.41523,58.66856,59.94164,60.82763,56.79789,57.70615,60.92618,62.26556,57.80138
10.29563,8.94427,10.29563,8.94427,9.43398,8.94427,9.43398,8.60233,8.60233,8.60233,8.60233,9.21954,8.48528,8.48528,7.81025,9.21954,8.48528,8.48528,7.81025,8.48528,8.48528,8.48528,8.48528,8.60233,8.60233,8.60233,9.21954,9.21954,9.21954,9.21954,7.81025,8.48528,8.48528,8.48528,8.60233,8.60233,8.60233,7.81025,7.2111,7.2111,6.7082,6.7082,6.7082,5.83095,5.38516,5.38516,5.38516,5.09902,5.38516,4.12311,4.12311,4.12311,59.5063,57.69749,64.07808,62.64982,58.5235,54.56189,52.55473,56.0803,50.69517,51.86521,48.50773,46.57252,49.0306,44.72136,45.89118,48.50773,48.6621,46.52956,44.91102,44.04543,50.01,49.0102,45.04442,45.04442,44.0,49.16299,45.54119,44.01136,46.17359,51.24451,48.37355,52.46904,46.0,51.24451,51.35173,45.04442,44.18144,45.04442,45.70558,50.35871,42.42641,42.29657,43.93177,44.28318,40.60788,38.63936,39.56008,36.68787,31.7805,33.24154,34.0147,30.8707,22.84732,26.83282,27.29469,27.45906,26.24881,48.50773,48.38388,47.80167,56.64804,50.53712,49.65884,53.22593,53.25411,58.24946,52.47857,59.07622,57.45433,61.03278,63.41136,63.41136,63.12686,71.06335,60.10824,62.96825,63.70243,64.53681,69.31089,62.36986,62.96825,64.53681,62.96825,60.30755,65.11528,61.07373,60.10824,57.28001,62.482,54.45181,58.72819,57.28001,59.46427,56.63921,56.85068,54.81788,59.07622,56.85948,57.98276,62.1289,57.98276,55.21775,60.92618,62.43397,63.50591,60.83584,59.94164,62.16912,66.48308,62.16912,58.69412,64.88451,63.56099,61.84658
8.544,8.544,8.544,8.544,8.544,8.544,7.61577,7.61577,7.61577,8.06226,7.61577,7.2111,8.06226,7.2111,7.2111,7.2111,7.2111,7.2111,7.81025,7.81025,7.81025,7.07107,6.40312,7.07107,7.81025,7.07107,7.07107,7.81025,7.81025,7.81025,7.81025,7.81025,7.81025,7.2111,6.7082,6.7082,6.7082,6.7082,6.7082,6.7082,5.38516,5.38516,5.38516,5.09902,5.09902,4.0,4.0,4.0,4.0,4.0,4.0,3.16228,62.36986,61.52235,58.00862,55.44367,54.67175,52.80152,48.01042,53.60037,48.25971,49.20366,43.60046,49.1935,48.30114,47.85394,47.41308,44.29447,47.53946,46.23851,44.01136,40.8534,47.16991,41.23106,45.70558,44.92215,42.72002,46.57252,42.37924,49.24429,47.12749,48.27007,42.44997,46.84015,45.60702,46.8188,42.75512,48.76474,50.32892,46.8188,44.38468,44.29447,41.14608,40.80441,41.34005,38.94868,42.72002,33.6006,36.79674,36.12478,32.01562,26.90725,28.28427,26.24881,26.1725,26.40076,25.55386,24.41311,26.07681,44.27189,49.65884,46.95743,52.15362,47.41308,55.22681,49.40648,55.80323,53.2635,50.60632,58.41233,55.31727,61.84658,60.87693,61.55485,61.07373,64.2028,60.0,62.62587,62.1289,58.60034,67.23095,59.90826,63.24555,61.40033,61.85467,57.24509,60.90156,57.24509,59.68249,55.56978,62.26556,56.30275,55.47071,58.00862,53.60037,52.20153,52.80152,55.22681,58.13777,59.4138,55.22681,58.0517,58.0,58.0,53.74012,55.17246,55.15433,59.66574,54.67175,59.5483,56.63921,62.96825,51.08816,57.2014,63.89053,60.10824
10.63015,10.63015,10.0,10.63015,9.21954,9.21954,10.0,9.43398,9.43398,8.06226,9.43398,9.43398,8.94427,8.94427,8.94427,8.94427,8.544,8.544,8.544,8.544,8.544,8.544,8.544,8.24621,9.48683,9.48683,9.48683,9.48683,9.48683,9.48683,9.48683,8.544,8.544,8.544,8.94427,8.06226,8.06226,8.06226,7.2111,7.2111,6.40312,7.2111,6.40312,6.40312,5.65685,5.65685,5.65685,5.65685,4.24264,4.24264,5.0,4.47214,62.16912,56.88585,58.30952,56.7186,57.70615,52.46904,52.00961,51.08816,48.09366,52.03845,47.16991,49.09175,55.00909,49.16299,53.00943,44.18144,47.26521,47.0,47.26521,42.2019,50.01,44.72136,42.72002,41.7732,43.56604,43.93177,41.48494,45.12206,43.41659,47.01064,50.21952,47.67599,43.73786,43.41659,46.84015,43.18565,46.17359,47.04253,43.10452,46.04346,45.04442,43.04649,44.04543,41.10961,41.4367,39.05125,36.13862,32.24903,33.52611,31.62278,29.15476,32.57299,25.29822,27.313,24.16609,24.41311,27.80288,50.0,47.07441,46.69047,48.83646,48.25971,51.08816,51.0392,52.34501,58.07753,57.07889,61.20457,55.14526,63.12686,62.16912,63.34824,63.56099,66.21933,62.64184,65.52099,65.45991,61.03278,65.9242,64.07808,61.35145,60.53924,59.80803,58.60034,59.9333,57.00877,59.5063,53.31041,58.87274,57.27128,53.48832,57.00877,57.28001,54.42426,56.61272,55.65968,56.75385,54.12024,58.0517,57.72348,60.01666,57.87055,53.03772,56.88585,57.31492,56.7186,61.81424,55.22681,60.53098,62.16912,61.81424,59.84146,67.89698,66.37017
10.04988,9.05539,9.05539,9.05539,9.05539,9.0,9.0,9.0,9.0,8.0,8.06226,8.06226,8.06226,8.06226,8.06226,8.24621,8.24621,8.24621,8.24621,8.24621,8.24621,8.24621,8.24621,8.544,8.24621,8.544,8.544,8.544,8.24621,8.544,8.24621,8.24621,8.24621,8.06226,8.24621,8.06226,8.06226,7.0,7.0,7.0,7.0,6.0,6.08276,6.08276,5.09902,5.09902,5.09902,4.12311,4.12311,4.12311,4.12311,3.60555,63.89053,58.41233,61.07373,51.66237,51.62364,50.32892,50.91169,55.15433,47.50789,46.8615,47.63402,45.45327,43.18565,47.38143,48.01042,42.80187,49.09175,47.88528,43.26662,41.18252,47.01064,45.27693,39.44617,44.77723,42.95346,44.72136,44.38468,41.14608,43.86342,46.61545,44.72136,45.18849,47.01064,47.92703,41.59327,50.47772,46.32494,38.58756,46.14109,39.35734,42.05948,40.0,43.93177,38.94868,34.65545,37.01351,37.48333,36.06938,30.41381,31.62278,27.58623,32.64966,27.45906,26.83282,25.94224,20.59126,25.63201,47.01064,44.40721,47.42362,48.79549,50.32892,49.67897,48.83646,53.03772,55.22681,56.61272,54.40588,60.20797,58.60034,56.60389,58.18075,59.16925,63.63175,59.9333,63.56099,65.55151,63.24555,63.69458,65.9242,64.84597,62.96825,58.30952,58.82176,58.5235,57.00877,58.5235,52.92447,58.5235,55.15433,55.71355,52.39275,53.23533,52.3259,55.9017,56.82429,55.07268,56.35601,56.0357,55.47071,55.47071,52.69725,59.66574,58.82176,53.60037,56.0803,57.00877,53.90733,60.959,58.25805,55.9017,61.52235,60.82763,63.12686
10.0,10.0,10.04988,10.0,10.04988,10.0,10.04988,9.05539,9.05539,9.21954,9.05539,9.21954,9.21954,9.21954,9.21954,9.48683,9.48683,8.544,8.544,9.48683,9.48683,9.48683,9.48683,9.84886,9.84886,9.48683,9.48683,9.84886,9.84886,9.48683,9.48683,9.48683,9.48683,9.21954,9.21954,9.21954,9.05539,9.05539,8.06226,8.06226,7.0,7.0,7.0,7.0,6.0,6.08276,6.08276,6.08276,6.08276,5.09902,5.09902,4.12311,56.22277,59.03389,55.86591,53.90733,55.17246,49.51767,55.31727,49.49747,51.62364,50.24938,46.69047,46.40043,52.00961,46.8615,41.86884,48.01042,52.69725,48.8774,42.72002,45.79301,49.24429,44.28318,42.37924,42.94182,41.59327,46.09772,47.16991,41.78516,43.32436,46.09772,44.01136,48.10405,44.01136,43.08132,43.46263,46.52956,44.94441,44.77723,46.61545,41.04875,44.65423,41.40048,41.6173,44.40721,40.60788,33.24154,33.97058,33.24154,33.24154,28.42534,29.73214,26.40076,27.80288,27.80288,25.80698,23.25941,24.04163,52.49762,50.32892,50.20956,48.82622,48.25971,51.85557,51.22499,51.86521,55.21775,59.68249,53.53504,59.16925,62.76942,67.60178,65.39113,64.62198,63.97656,64.84597,64.2573,61.35145,62.03225,67.35726,65.25335,64.84597,66.28725,61.68468,67.91171,59.90826,64.32729,59.13544,56.921,57.93962,55.97321,59.23681,57.27128,59.23681,57.38467,59.09315,55.9464,56.93856,54.12947,55.56978,61.58734,62.43397,56.61272,56.40035,59.81639,55.60576,57.48913,60.74537,61.6198,62.00806,62.80127,61.22091,59.20304,63.03174,60.0
11.31371,10.63015,10.63015,10.63015,10.63015,9.21954,10.0,10.0,10.0,9.43398,9.43398,9.43398,9.43398,9.43398,9.43398,8.94427,8.94427,8.94427,8.94427,8.94427,9.84886,9.84886,8.544,9.48683,9.48683,9.48683,9.48683,9.84886,9.84886,9.48683,8.94427,9.84886,9.43398,8.94427,8.94427,8.94427,8.94427,8.60233,8.60233,8.60233,7.81025,7.81025,7.07107,6.40312,7.07107,6.40312,6.40312,6.40312,5.83095,5.0,5.83095,5.0,62.514,57.55867,61.07373,56.0803,55.03635,55.00909,50.03998,57.00877,46.04346,47.16991,45.54119,43.28972,46.27094,44.72136,41.97618,44.28318,46.09772,44.64303,48.37355,39.62323,48.50773,45.88028,44.94441,43.9659,47.29693,40.8534,39.0,43.38202,46.09772,46.95743,44.77723,49.33559,41.76123,49.33559,43.32436,44.27189,43.17407,43.65776,44.72136,45.54119,39.29377,39.20459,42.0119,41.01219,40.0125,34.0147,39.01282,35.35534,31.01612,29.12044,27.89265,27.29469,26.24881,23.4094,27.20294,22.36068,18.78829,45.54119,50.69517,47.67599,52.61179,49.49747,54.33231,53.0,53.0,54.00926,51.15662,56.32051,61.20457,61.0082,63.1981,63.63961,61.0,66.21933,59.20304,67.05222,63.24555,64.51356,62.93648,62.03225,60.74537,64.4748,64.19502,62.24147,66.70832,59.23681,66.48308,55.15433,61.84658,55.54278,60.16644,57.56735,55.02727,52.88667,54.81788,55.54278,57.87055,60.63827,53.93515,56.29387,54.45181,56.08921,51.62364,59.03389,55.08176,61.20457,59.3043,61.29437,57.14018,64.49806,57.07889,59.13544,66.06815,64.03124
10.81665,10.0,9.21954,10.0,9.21954,9.21954,9.21954,9.21954,9.21954,8.48528,8.48528,9.21954,8.48528,9.21954,8.60233,8.60233,8.60233,8.60233,8.06226,8.06226,8.60233,8.94427,8.60233,8.94427,9.43398,9.43398,9.43398,9.43398,9.43398,9.43398,8.60233,8.60233,8.60233,8.60233,8.60233,8.60233,8.48528,7.07107,7.07107,7.07107,6.40312,6.40312,6.40312,6.40312,5.83095,5.83095,5.83095,5.0,4.47214,4.47214,4.47214,4.47214,58.60034,54.56189,57.24509,58.59181,53.7122,51.89412,52.80152,50.11986,45.31004,44.77723,49.64877,45.54119,46.32494,48.46648,46.09772,47.29693,48.50773,45.89118,45.70558,45.39824,48.04165,47.26521,43.10452,43.28972,39.11521,44.18144,46.01087,47.09565,47.04253,54.00926,46.04346,51.0098,44.18144,45.01111,42.0119,45.09989,47.16991,45.17743,46.38965,45.39824,46.69047,45.70558,40.71855,45.22168,38.32754,37.33631,36.24914,36.76955,31.30495,30.41381,28.6531,33.28663,23.60085,29.15476,28.6007,24.04163,24.08319,53.60037,52.55473,46.8188,64.4748,54.78138,51.0,50.80354,53.85165,61.05735,55.22681,48.37355,46.61545,55.80323,56.36488,70.17834,73.00685,65.94695,58.79626,64.44377,65.80274,67.80118,66.06815,63.65532,70.0928,62.80127,67.94115,64.3506,64.81512,65.36819,62.96825,53.03772,53.0,49.40648,50.47772,59.64059,62.96825,53.75872,53.75872,58.0,54.48853,55.0,55.21775,55.80323,58.5235,54.3783,55.56978,55.56978,53.7122,59.16925,59.36329,57.69749,65.8635,61.29437,55.00909,59.16925,62.6099,62.64982
9.0,9.0,9.0,9.0,8.0,8.0,8.06226,8.06226,8.06226,8.06226,7.07107,7.28011,7.28011,7.28011,7.28011,7.28011,7.28011,7.28011,7.61577,7.61577,7.61577,7.61577,7.61577,7.61577,7.61577,7.61577,7.61577,7.61577,7.61577,7.61577,7.28011,7.61577,7.61577,7.28011,7.28011,7.07107,7.07107,7.07107,7.0,6.0,6.0,6.0,6.0,5.09902,5.09902,5.09902,5.09902,5.09902,4.12311,4.47214,4.47214,3.60555,59.5483,53.75872,63.12686,53.75872,52.34501,51.66237,49.09175,57.28001,45.45327,49.40648,50.80354,48.01042,45.80393,43.56604,44.65423,44.72136,43.82921,42.48529,47.42362,43.41659,50.9902,42.48529,48.38388,45.54119,47.12749,43.01163,40.49691,43.9659,45.54119,48.76474,44.94441,47.16991,44.94441,47.80167,39.56008,50.08992,42.72002,45.54119,50.9902,43.909,43.909,43.56604,40.81666,42.43819,41.34005,37.64306,36.87818,31.89044,33.97058,32.64966,29.06888,26.1725,25.45584,26.92582,28.6007,26.07681,21.18962,42.04759,51.97115,42.54409,56.61272,46.09772,52.80152,48.9183,53.74012,54.81788,54.56189,60.10824,56.58622,62.24147,64.53681,65.29931,58.00862,67.20119,56.93856,70.83078,62.64982,67.60178,67.53518,62.6099,60.82763,61.84658,64.00781,59.9333,65.79514,55.54278,63.07139,52.7731,61.29437,51.88449,54.56189,56.35601,56.0803,50.47772,53.0,54.91812,56.0357,60.46487,49.81967,58.00862,58.0517,60.30755,53.03772,55.9017,60.1415,58.0,55.17246,58.69412,60.1415,65.06919,58.0,55.22681,68.62215,61.52235
9.21954,9.05539,9.05539,9.05539,9.05539,8.06226,9.0,8.0,8.0,8.0,8.0,8.06226,8.06226,8.06226,8.06226,8.24621,8.24621,8.24621,8.24621,8.24621,8.24621,8.24621,8.24621,8.24621,8.24621,8.544,8.544,8.24621,8.24621,8.544,8.24621,8.24621,8.24621,8.24621,8.06226,8.06226,8.06226,7.0,7.0,7.0,6.0,6.0,6.08276,6.08276,6.08276,5.09902,5.09902,4.12311,4.12311,4.12311,4.47214,4.47214,62.03225,57.87055,60.16644,55.02727,52.0,52.20153,51.62364,55.36244,47.92703,51.89412,46.61545,47.01064,47.88528,47.01064,41.6173,43.82921,50.47772,48.25971,46.61545,45.34314,44.55334,44.82187,46.66905,44.68781,45.45327,44.20407,44.68781,45.96738,44.59821,46.01087,50.24938,49.57822,40.31129,46.8615,45.96738,47.01064,48.41487,44.82187,47.70744,45.48626,42.63801,42.54409,42.48529,40.8534,43.08132,40.71855,35.34119,35.17101,34.0147,31.04835,32.28002,29.42788,26.24881,27.07397,24.02082,27.16616,20.02498,47.63402,46.61545,49.39636,49.24429,52.35456,52.92447,49.39636,50.28916,58.87274,56.0803,58.18935,57.00877,58.5235,61.68468,63.15061,61.81424,61.66036,58.21512,63.3877,61.13101,65.00769,63.0,62.07254,65.0,63.12686,61.03278,62.03225,65.27634,60.07495,57.14018,55.00909,60.00833,57.00877,57.03508,56.00893,57.03508,52.23983,54.45181,56.56854,59.4138,58.54912,51.5461,53.75872,55.9017,55.65968,51.41984,56.29387,56.921,60.41523,59.20304,56.921,59.13544,60.16644,54.70832,60.08328,63.69458,64.19502
10.0,10.0,9.21954,9.21954,9.21954,9.21954,8.48528,8.48528,8.48528,8.48528,8.48528,8.60233,8.60233,8.60233,7.81025,8.60233,8.06226,8.60233,8.06226,8.06226,8.06226,8.06226,8.60233,8.94427,8.94427,8.94427,8.94427,8.94427,8.94427,9.43398,8.06226,8.60233,8.60233,8.60233,8.60233,7.81025,8.48528,7.81025,7.07107,7.07107,6.40312,6.40312,6.40312,6.40312,5.83095,5.0,5.83095,4.47214,4.47214,4.47214,4.47214,4.12311,59.9333,61.68468,53.75872,56.921,57.38467,51.62364,51.86521,49.33559,48.08326,46.57252,50.59644,45.88028,47.29693,50.48762,48.37355,48.04165,47.0,45.09989,45.27693,47.01064,45.0,45.01111,43.18565,41.19466,45.04442,43.0,46.27094,44.40721,46.27094,49.16299,45.27693,48.04165,48.09366,42.0119,48.37355,45.0,44.18144,47.16991,45.39824,45.70558,49.49747,42.57934,38.83298,40.4475,38.60052,43.08132,38.48376,34.48188,31.7805,33.54102,30.88689,29.96665,27.78489,24.16609,25.45584,25.4951,22.67157,49.09175,51.0392,49.09175,51.97115,52.20153,47.67599,50.59644,55.36244,55.71355,60.08328,58.87274,61.09828,61.46544,62.03225,61.29437,65.8635,65.0,66.03787,63.00794,63.82006,62.42596,66.8431,65.60488,60.30755,65.0,64.89992,64.40497,60.20797,62.96825,58.79626,58.89822,58.13777,58.79626,59.66574,58.25805,56.40035,54.91812,54.70832,58.5235,55.56978,54.3783,57.38467,54.56189,60.37384,52.55473,54.20332,60.41523,54.42426,59.61543,61.32699,57.00877,61.40033,61.32699,56.0803,59.80803,61.09828,63.32456
10.77033,10.44031,10.44031,10.44031,9.48683,9.21954,9.21954,9.21954,9.21954,9.21954,9.05539,9.05539,9.05539,9.05539,9.05539,9.0,9.0,9.0,8.0,9.0,9.0,9.0,9.0,9.0,9.0,9.05539,9.05539,9.0,9.0,9.0,9.0,9.0,9.05539,9.05539,9.05539,9.05539,9.21954,8.24621,8.24621,7.28011,7.28011,7.28011,7.61577,6.7082,6.7082,5.83095,5.83095,5.83095,5.83095,5.0,5.0,5.0,55.9464,55.47071,60.20797,55.07268,56.60389,50.60632,50.77401,50.24938,46.87217,47.43416,47.80167,49.64877,48.79549,44.04543,44.82187,45.27693,44.68781,42.44997,44.68781,44.59821,44.40721,40.45986,40.49691,45.60702,43.27817,42.80187,47.20169,43.86342,46.61545,47.16991,45.17743,46.32494,44.65423,48.25971,46.32494,44.04543,44.59821,46.09772,43.18565,42.44997,45.25483,42.44997,39.20459,41.01219,38.83298,40.45986,35.22783,34.4093,28.23119,27.29469,29.96665,22.84732,26.24881,26.92582,25.4951,21.93171,22.80351,47.80167,46.66905,47.38143,49.51767,52.80152,51.97115,52.15362,50.08992,55.9464,57.70615,57.27128,60.83584,65.36819,63.15853,58.60034,63.60031,65.0,63.78871,64.28841,63.56099,63.15061,66.4906,63.34824,70.40597,65.9242,61.98387,59.5399,61.40033,62.80127,59.03389,60.82763,59.43904,58.0517,53.75872,60.63827,54.12947,56.75385,56.30275,55.97321,53.31041,54.40588,60.41523,58.18075,60.00833,58.60034,62.03225,56.85948,56.79789,59.9333,59.9333,58.60034,62.64982,59.09315,57.69749,59.05929,62.43397,57.70615
9.84886,8.94427,9.48683,9.48683,9.48683,8.544,8.24621,8.24621,8.24621,8.24621,8.24621,8.06226,8.06226,8.06226,8.06226,8.06226,8.0,8.0,8.0,8.0,8.0,8.0,8.0,8.06226,8.0,8.0,8.0,9.0,8.0,8.0,8.0,8.0,8.0,8.0,8.06226,8.06226,7.28011,7.28011,7.28011,7.28011,6.32456,6.32456,6.32456,5.83095,5.83095,5.83095,5.0,5.0,5.0,5.0,4.24264,4.24264,60.01666,56.08921,55.02727,54.81788,57.56735,53.15073,51.86521,47.12749,45.22168,49.39636,49.39636,46.23851,48.46648,49.65884,42.95346,43.60046,50.47772,45.80393,47.16991,46.61545,44.04543,49.09175,44.59821,46.75468,42.43819,45.60702,46.09772,44.55334,44.59821,46.01087,47.42362,45.96738,43.18565,43.86342,46.75468,46.2277,48.83646,48.10405,45.80393,44.10215,40.80441,41.18252,41.34005,42.19005,40.71855,37.0,35.4683,34.20526,32.57299,33.24154,27.65863,28.28427,28.63564,28.44293,24.18677,23.02173,23.08679,47.50789,49.39636,49.0408,51.5461,50.96077,44.38468,49.81967,49.81967,57.87055,54.58938,56.88585,61.40033,66.37017,63.3877,61.0082,60.03332,63.0,62.07254,66.27217,63.50591,63.1981,66.75328,63.3877,59.68249,67.08204,60.67125,59.68249,58.46366,59.84146,60.29925,58.69412,55.9017,59.21149,58.85576,56.32051,57.07889,57.21888,55.0,54.03702,58.13777,55.00909,57.42822,55.44367,58.69412,52.23983,57.31492,58.42089,56.32051,53.15073,60.82763,53.85165,62.8172,62.80127,55.10898,56.08921,57.28001,64.19502
10.44031,9.48683,10.44031,10.44031,9.48683,9.21954,9.21954,9.21954,9.21954,9.21954,9.21954,9.05539,9.05539,9.05539,8.06226,9.0,9.0,9.0,8.0,9.0,9.0,9.05539,9.0,9.05539,9.0,9.05539,9.05539,9.05539,9.0,9.05539,9.0,9.0,9.0,9.05539,9.05539,9.05539,9.05539,8.24621,8.24621,7.28011,7.28011,7.28011,7.28011,6.32456,6.32456,6.32456,5.83095,5.83095,5.83095,5.83095,5.0,5.0,59.90826,53.0,53.85165,52.80152,45.60702,49.20366,50.80354,50.60632,49.20366,46.01087,43.18565,42.42641,42.52058,41.72529,44.59821,49.0408,47.43416,43.27817,45.45327,38.01316,44.10215,42.2019,43.56604,42.43819,41.40048,42.72002,43.41659,41.67733,45.79301,46.51881,42.48529,47.88528,40.49691,45.65085,44.77723,43.60046,40.22437,46.61545,48.01042,41.72529,41.10961,42.63801,39.59798,42.44997,36.87818,37.80212,36.23534,31.241,32.44996,26.40076,29.68164,24.41311,26.41969,26.41969,22.80351,20.88061,21.18962,46.75468,46.40043,46.01087,53.03772,48.27007,50.32892,44.04543,51.22499,55.60576,49.64877,58.5235,62.96825,58.24946,61.40033,67.08204,61.29437,66.70832,62.39391,64.4748,59.80803,64.62198,68.00735,59.48109,60.72891,62.8172,63.32456,58.69412,63.56099,51.97115,61.84658,58.0517,58.24088,54.81788,57.87055,56.61272,55.02727,49.76947,54.08327,56.36488,55.54278,57.38467,56.82429,55.54278,56.79789,49.64877,61.91123,57.45433,55.22681,57.68882,62.26556,57.45433,63.24555,63.00794,53.85165,63.60031,63.41136,56.22277
10.29563,10.29563,10.29563,10.29563,9.43398,9.43398,9.43398,8.60233,8.60233,8.60233,9.21954,9.21954,8.48528,8.48528,8.48528,8.48528,8.48528,8.48528,9.21954,9.21954,9.21954,9.21954,8.60233,8.60233,9.21954,8.60233,8.60233,9.21954,9.21954,9.21954,9.21954,9.21954,9.21954,8.48528,8.48528,8.48528,8.48528,7.81025,7.81025,7.2111,7.2111,7.2111,7.2111,6.7082,6.7082,5.83095,5.83095,5.38516,5.38516,5.38516,5.09902,4.12311,64.84597,55.9464,61.84658,58.69412,55.03635,51.89412,50.69517,56.0803,47.12749,50.69517,46.8188,45.88028,46.84015,42.19005,47.80167,45.12206,43.41659,40.4475,44.10215,44.10215,44.28318,37.12142,45.01111,46.01087,43.01163,44.0,41.04875,45.27693,43.01163,46.09772,42.04759,48.0,48.09366,48.25971,46.04346,48.16638,47.0,46.17359,49.0408,44.55334,40.4475,44.28318,40.4475,40.26164,42.37924,35.8469,39.92493,32.69557,32.64966,31.38471,27.78489,25.4951,29.52965,23.85372,28.01785,22.67157,24.75884,43.73786,48.37355,48.27007,54.12024,48.8467,51.26402,49.98,52.39275,57.69749,52.39275,59.48109,55.54278,63.95311,59.68249,61.05735,60.80296,69.63476,61.03278,67.6757,67.80118,65.11528,68.62215,61.6198,66.48308,65.76473,64.3506,64.3506,64.3506,55.86591,63.63961,55.97321,60.87693,55.86591,59.20304,58.89822,56.72742,49.67897,56.22277,59.40539,58.82176,61.03278,54.08327,57.98276,60.03332,60.03332,61.29437,60.53924,58.18075,63.07139,61.84658,62.26556,60.82763,65.29931,55.4617,65.76473,65.39113,63.06346
10.29563,10.29563,10.81665,10.29563,10.29563,9.43398,10.0,9.21954,10.0,9.21954,9.21954,9.21954,9.21954,9.21954,9.21954,9.21954,9.21954,8.48528,9.21954,9.21954,9.21954,9.21954,8.48528,9.21954,9.21954,9.21954,9.21954,10.0,10.0,9.21954,9.21954,9.89949,9.89949,9.89949,8.48528,9.21954,9.21954,8.60233,8.60233,8.60233,7.2111,7.2111,8.06226,6.7082,6.7082,6.7082,5.83095,6.32456,6.32456,6.32456,5.09902,5.09902,60.53924,60.92618,51.62364,60.16644,58.30952,53.45091,55.65968,53.14132,52.81098,44.27189,50.28916,44.92215,46.87217,45.54119,46.32494,48.16638,47.26521,48.04165,45.09989,42.29657,47.04253,43.01163,42.0,42.10701,42.0119,46.0,46.01087,46.17359,44.0,45.17743,41.19466,47.01064,52.03845,46.0,46.09772,44.04543,42.10701,48.25971,46.87217,44.14748,44.55334,35.90265,46.52956,43.17407,38.60052,34.53983,35.77709,36.24914,31.95309,29.52965,30.52868,28.01785,29.68164,26.24881,24.83948,21.93171,22.62742,48.09366,45.09989,49.09175,51.0392,49.25444,48.16638,51.78803,49.81967,55.7315,52.61179,55.7853,58.18935,61.84658,63.89053,59.23681,62.16912,63.69458,59.48109,58.66856,62.96825,61.29437,64.89992,67.6757,60.20797,64.2028,62.43397,58.82176,60.87693,59.40539,63.00794,59.03389,63.82006,57.98276,57.98276,61.85467,55.75841,56.0803,55.00909,55.9464,57.27128,58.18075,56.36488,56.82429,59.46427,55.54278,60.00833,59.61543,55.00909,62.03225,61.84658,58.82176,63.56886,60.00833,56.64804,63.89053,62.96825,63.06346
10.29563,10.29563,8.94427,8.94427,8.94427,8.94427,8.94427,8.94427,8.94427,8.544,8.544,8.544,8.24621,8.24621,8.24621,8.24621,8.24621,8.24621,8.06226,8.06226,8.06226,8.06226,8.24621,8.06226,8.06226,8.06226,8.06226,8.06226,9.05539,8.24621,8.06226,8.06226,8.24621,8.24621,8.544,7.61577,7.61577,7.61577,7.61577,7.61577,7.2111,7.2111,6.40312,6.40312,6.40312,5.65685,5.65685,5.65685,5.65685,5.0,5.0,4.47214,56.30275,56.46238,54.23099,53.23533,54.78138,51.89412,54.70832,47.41308,52.39275,48.8467,49.24429,49.73932,46.04346,43.82921,44.77723,48.8774,48.60041,44.04543,40.80441,45.27693,48.10405,43.27817,47.38143,41.72529,43.93177,45.96738,45.96738,45.45327,45.96738,48.79549,42.42641,46.75468,43.18565,48.79549,47.42362,43.13931,44.04543,48.9183,46.40043,40.22437,42.80187,46.32494,43.82921,39.66106,37.21559,39.0,38.8973,34.17601,31.95309,31.32092,28.16026,29.15476,29.61419,27.45906,25.96151,23.02173,23.08679,44.55334,45.25483,46.01087,48.16638,47.80167,49.09175,51.0392,50.47772,53.82379,55.07268,57.77543,61.32699,59.9333,58.87274,55.7853,61.35145,65.45991,63.06346,61.18823,63.78871,67.46851,61.18823,63.78871,66.48308,60.20797,64.77654,61.07373,58.00862,57.55867,59.4138,58.21512,64.38167,58.54912,59.03389,59.03389,57.42822,57.48913,58.69412,52.95281,55.08176,55.54278,59.20304,54.08327,55.08176,53.36666,57.93962,53.14132,56.46238,59.13544,55.54278,56.921,56.36488,56.0803,55.71355,63.56099,55.36244,63.56099
9.48683,8.24621,9.48683,8.544,9.48683,7.61577,7.61577,7.61577,7.61577,8.06226,7.61577,8.06226,8.06226,8.06226,7.2111,7.2111,7.2111,7.2111,7.81025,7.81025,7.81025,7.81025,7.81025,7.81025,7.81025,7.81025,7.81025,7.81025,7.81025,7.81025,7.81025,7.81025,8.60233,7.81025,7.2111,8.06226,6.7082,7.61577,7.61577,6.32456,6.32456,6.32456,6.32456,5.09902,5.09902,5.09902,5.09902,5.0,5.0,5.0,4.0,4.12311,62.96825,61.68468,57.77543,59.9333,52.81098,49.98,56.61272,60.08328,50.92151,50.59644,48.05206,47.80167,47.85394,48.27007,53.45091,44.72136,49.81967,46.09772,49.36598,45.04442,49.09175,45.01111,44.01136,45.09989,46.0,47.09565,46.01087,46.38965,49.0102,48.16638,46.09772,50.01,53.0,49.25444,46.09772,49.09175,47.09565,49.0,50.24938,41.19466,47.51842,45.60702,47.16991,44.38468,41.23106,42.05948,41.10961,36.40055,31.01612,29.96665,34.53983,28.6531,27.78489,28.30194,26.41969,24.04163,22.67157,45.04442,46.04346,48.16638,47.26521,47.07441,48.83646,49.98,52.55473,54.08327,55.4617,59.03389,57.69749,59.23681,62.16912,60.41523,61.29437,63.13478,60.46487,65.45991,62.62587,64.44377,64.66065,64.44377,61.55485,65.19202,68.593,60.82763,62.28965,58.0,60.30755,53.2635,60.87693,57.48913,53.74012,56.22277,61.40033,58.82176,59.90826,55.21775,55.56978,58.18075,54.70832,54.20332,59.48109,55.22681,60.16644,59.48109,56.79789,59.23681,57.70615,60.83584,59.46427,61.7414,59.03389,64.2573,61.68468,68.942
10.44031,10.44031,10.44031,10.44031,9.48683,9.21954,9.21954,9.21954,9.21954,9.21954,9.21954,9.05539,9.05539,9.05539,9.05539,9.05539,9.0,9.0,9.0,9.0,9.0,9.0,9.0,9.0,9.0,9.05539,9.05539,9.0,9.0,9.0,9.05539,9.05539,9.05539,9.05539,9.05539,9.05539,9.05539,8.24621,8.24621,7.28011,8.544,7.28011,7.61577,6.32456,6.7082,6.7082,5.83095,5.83095,5.83095,5.0,5.0,5.0,56.93856,54.40588,57.45433,53.53504,52.00961,50.60632,50.21952,51.61395,46.8615,48.41487,48.10405,46.75468,45.25483,42.52058,43.18565,46.2277,43.86342,41.7732,42.63801,42.43819,44.20407,41.04875,43.26662,47.01064,42.0119,42.19005,43.56604,44.41846,46.87217,44.72136,44.41846,49.0408,46.14109,48.02083,42.19005,49.81967,45.0,47.01064,42.63801,41.7732,41.10961,43.18565,41.7732,38.01316,38.58756,39.82462,35.22783,32.75668,33.54102,32.20248,28.01785,32.24903,24.59675,23.08679,27.51363,23.76973,24.33105,48.01042,43.60046,46.2277,50.32892,48.83646,51.66237,50.93133,52.40229,54.03702,51.08816,56.40035,54.20332,61.29437,56.30275,59.68249,58.83026,63.95311,59.09315,61.26989,63.15853,63.89053,60.41523,58.82176,64.28841,60.41523,61.09828,57.28001,57.00877,57.97413,63.06346,58.69412,61.03278,58.5235,55.36244,57.58472,58.5235,50.15974,54.23099,55.15433,54.58938,58.13777,53.66563,54.56189,55.9017,57.80138,61.58734,57.14018,53.53504,58.83026,58.30952,59.90826,54.3783,61.85467,55.75841,56.93856,59.90826,64.07027
9.43398,9.43398,9.21954,8.60233,7.81025,8.60233,9.21954,8.48528,8.48528,8.48528,8.48528,8.48528,7.81025,7.81025,7.81025,8.60233,8.60233,7.81025,8.06226,8.06226,8.06226,8.06226,8.06226,8.06226,8.06226,8.94427,8.94427,8.06226,8.06226,8.60233,8.06226,8.06226,8.60233,8.06226,7.81025,7.81025,8.48528,7.07107,7.07107,7.07107,6.40312,6.40312,6.40312,5.83095,5.83095,5.0,5.83095,4.47214,4.47214,4.47214,4.12311,4.12311,61.39218,57.28001,57.48913,56.4358,58.42089,52.46904,53.15073,51.24451,47.26521,47.09565,49.0102,49.0102,50.0,47.04253,49.09175,49.16299,45.39824,46.27094,47.38143,45.70558,46.57252,48.6621,46.69047,45.31004,48.50773,46.87217,47.80167,44.27189,50.28916,47.75982,47.53946,50.32892,46.84015,48.10405,46.23851,46.32494,49.72927,46.32494,45.89118,46.09772,46.69047,47.38143,41.04875,43.18565,38.32754,38.0,38.11824,38.20995,35.12834,33.13608,28.86174,26.68333,29.06888,24.08319,23.5372,27.51363,23.25941,47.26521,46.0,49.0408,50.15974,54.08327,48.6621,54.23099,51.24451,56.29387,55.31727,60.44005,56.75385,60.20797,61.03278,65.19202,62.03225,66.12866,66.30988,63.69458,61.32699,63.56099,66.64083,63.63175,60.90156,70.49113,58.59181,60.74537,62.26556,57.68882,59.16925,55.21775,55.22681,59.09315,59.16925,57.69749,56.46238,55.9464,57.77543,53.48832,57.00877,60.53924,62.96825,57.00877,58.46366,57.28001,60.87693,61.40033,56.7186,56.29387,59.68249,59.5399,59.68249,58.24946,60.20797,65.76473,61.52235,61.61169
10.81665,10.0,10.81665,10.0,10.0,8.60233,9.21954,9.21954,9.21954,9.21954,9.21954,8.48528,9.21954,9.21954,8.48528,9.21954,8.60233,9.21954,8.60233,8.60233,8.60233,9.21954,8.60233,9.43398,9.43398,9.43398,9.43398,10.0,9.21954,10.0,9.21954,9.21954,9.21954,9.21954,8.48528,8.48528,8.48528,7.81025,7.81025,7.81025,7.2111,7.2111,7.2111,6.7082,6.7082,5.83095,5.83095,6.32456,5.38516,5.38516,5.38516,5.09902,57.48913,61.98387,58.69412,54.34151,55.08176,55.08176,52.7731,54.12947,48.05206,54.12947,46.01087,47.16991,51.35173,44.28318,45.09989,40.0,48.04165,47.04253,45.09989,42.10701,50.63596,42.04759,43.17407,45.17743,43.10452,42.42641,41.59327,42.95346,48.6621,46.57252,45.70558,49.81967,40.31129,49.0306,44.28318,48.16638,47.04253,44.10215,49.0102,45.0,40.4475,42.42641,42.29657,40.11234,43.41659,36.22154,36.87818,36.40055,29.73214,29.73214,31.38471,25.94224,29.54657,27.313,29.15476,21.2132,22.80351,51.1957,47.67599,45.17743,53.03772,47.01064,52.03845,50.08992,52.15362,57.42822,56.88585,56.56854,59.84146,61.66036,63.34824,65.78754,61.98387,66.40783,63.69458,61.68468,65.0,61.46544,62.64982,58.66856,60.90156,66.03787,61.29437,65.0,65.51336,57.14018,60.41523,53.66563,64.41273,58.59181,59.9333,55.54278,55.4617,53.85165,54.70832,54.23099,60.74537,63.32456,54.70832,59.09315,59.43904,56.04463,54.81788,53.60037,58.46366,58.69412,57.27128,61.61169,62.36986,66.48308,58.24088,65.96969,65.96969,58.0517
9.05539,9.05539,9.05539,9.05539,8.06226,9.05539,8.0,8.0,8.0,7.0,8.0,8.06226,8.06226,7.07107,8.06226,8.24621,8.24621,7.28011,8.24621,8.24621,7.07107,7.28011,7.28011,8.24621,8.24621,8.24621,8.24621,8.24621,8.24621,8.24621,8.24621,8.06226,8.06226,8.06226,8.06226,8.06226,8.0,7.0,7.0,7.07107,6.0,6.08276,6.08276,6.08276,5.09902,5.09902,5.09902,4.47214,4.47214,4.12311,4.47214,3.60555,58.89822,56.72742,56.58622,54.45181,57.28001,56.0803,53.15073,54.56189,55.97321,53.82379,50.21952,50.24938,51.47815,46.40043,45.80393,46.64762,45.79301,47.43416,42.94182,46.09772,46.23851,47.53946,42.54409,45.88028,47.92703,48.70318,47.53946,48.8467,50.08992,43.9659,46.61545,52.80152,49.76947,48.8467,44.64303,49.65884,48.75449,48.76474,49.24429,48.75449,44.72136,45.22168,43.01163,42.63801,38.8973,39.20459,36.87818,40.36087,35.35534,34.65545,29.69848,29.41088,27.80288,26.62705,25.94224,24.20744,26.57066,47.53946,46.61545,47.92703,51.10773,51.0392,50.24938,51.0392,51.86521,57.80138,53.41348,58.89822,59.39697,63.65532,62.93648,63.70243,63.65532,66.06815,60.44005,65.29931,66.61081,67.62396,67.6757,65.19202,65.29931,64.00781,63.07139,60.83584,65.76473,57.70615,62.1289,57.70615,60.82763,59.68249,58.13777,57.45433,58.30952,60.21628,57.98276,58.83026,54.6443,59.20304,54.20332,58.0517,60.87693,58.69412,63.12686,60.20797,59.4138,61.55485,58.79626,60.959,56.72742,58.13777,57.48913,60.44005,68.76772,60.20797
11.18034,10.29563,9.43398,9.84886,9.43398,9.43398,9.43398,9.43398,9.43398,8.60233,8.60233,9.21954,7.81025,7.81025,7.81025,8.48528,8.48528,8.48528,7.81025,7.81025,7.81025,7.81025,8.48528,7.81025,8.60233,8.60233,8.60233,8.60233,7.81025,9.21954,7.81025,7.81025,8.48528,8.48528,9.21954,9.21954,8.60233,7.81025,7.2111,7.2111,8.06226,6.7082,6.7082,6.7082,6.7082,6.32456,6.32456,5.38516,5.09902,5.09902,5.09902,5.09902,61.84658,60.83584,57.24509,50.69517,58.18935,50.92151,52.20153,48.46648,47.80167,48.08326,44.64303,44.14748,49.33559,46.32494,44.14748,42.04759,46.38965,45.04442,41.10961,47.0,49.09175,44.01136,39.20459,43.0,42.0119,43.0,44.01136,43.56604,43.18565,48.50773,45.27693,48.09366,47.04253,45.09989,42.0,43.10452,44.10215,48.09366,46.04346,45.12206,45.39824,43.93177,40.79216,38.07887,41.7732,37.85499,37.0,35.1141,32.20248,31.32092,28.63564,29.06888,29.68164,25.0,26.62705,23.60085,21.93171,45.01111,46.52956,49.81967,49.72927,49.0408,48.38388,50.0,50.56679,56.921,54.23099,53.22593,55.9464,62.76942,63.07139,57.70615,58.82176,65.21503,61.40033,59.36329,61.07373,62.36986,64.2028,62.36986,63.89053,61.55485,63.89053,63.63961,65.06919,64.3506,61.55485,57.48913,57.48913,53.74012,57.62812,53.75872,56.61272,57.2014,53.82379,56.85948,57.70615,58.5235,55.9017,57.45433,58.60034,55.00909,53.0,61.7414,53.48832,60.53924,57.70615,60.37384,64.88451,60.53924,59.9333,64.62198,58.18935,62.17717
10.04988,9.05539,10.0,9.05539,9.0,8.06226,8.0,8.0,8.0,8.06226,8.0,8.06226,8.06226,8.06226,7.07107,8.24621,7.28011,8.24621,7.28011,7.61577,8.24621,7.61577,7.28011,7.61577,8.24621,7.28011,7.28011,8.544,8.544,8.24621,8.24621,8.24621,8.24621,8.24621,8.06226,8.06226,8.0,7.0,7.0,7.0,7.07107,6.08276,6.08276,5.09902,5.09902,5.38516,5.38516,5.09902,5.38516,4.47214,4.47214,3.60555,62.93648,60.80296,59.40539,58.41233,52.63079,55.44367,50.60632,55.21775,52.15362,52.15362,51.86521,50.53712,45.79301,47.01064,48.37355,47.42362,46.17359,46.51881,46.23851,44.77723,52.88667,49.76947,46.32494,45.88028,43.01163,45.60702,41.97618,46.32494,48.50773,48.05206,50.44799,49.0306,47.43416,45.12206,44.14748,49.39636,49.0306,45.60702,46.17359,42.48529,42.54409,40.81666,46.14109,43.26662,41.6173,38.83298,34.20526,38.07887,34.65545,33.83785,31.1127,22.62742,33.30165,28.6007,25.4951,25.6125,23.70654,50.21952,47.12749,47.16991,51.07837,49.64877,48.75449,49.64877,53.22593,56.82429,51.31277,55.60576,57.42822,59.64059,64.53681,62.28965,62.93648,64.38167,62.36986,65.05382,61.84658,66.21933,66.8431,65.60488,65.21503,65.45991,64.40497,58.18075,66.28725,60.20797,61.22091,60.21628,58.5235,58.60034,59.66574,60.46487,56.40035,55.97321,57.80138,52.40229,55.97321,59.46427,54.45181,60.1415,58.0,52.34501,61.52235,60.1415,62.62587,60.87693,60.87693,62.36986,60.0,67.89698,55.22681,61.40033,59.81639,59.66574
9.05539,9.05539,9.05539,9.05539,8.06226,9.0,8.0,8.0,8.06226,8.06226,8.06226,8.06226,8.06226,7.07107,7.07107,8.24621,8.24621,7.28011,7.28011,7.28011,7.28011,8.544,7.61577,7.61577,8.544,8.544,8.544,8.544,8.544,8.544,8.544,8.24621,8.24621,8.24621,8.24621,8.24621,8.06226,7.07107,7.0,7.0,7.0,6.0,6.0,6.0,5.0,5.0,5.09902,4.12311,4.12311,4.12311,4.12311,3.16228,65.45991,57.45433,61.85467,57.80138,52.20153,50.80354,51.73973,52.49762,48.16638,48.9183,46.69047,43.86342,45.34314,45.45327,47.42362,44.82187,49.67897,44.68781,41.72529,46.04346,49.64877,44.41846,43.56604,41.88078,41.40048,46.32494,48.37355,46.14109,43.26662,47.41308,48.37355,48.37355,46.52956,51.88449,46.95743,44.65423,42.63801,47.20169,48.27007,44.40721,46.75468,43.41659,39.82462,42.44997,33.6006,36.87818,35.4683,36.23534,32.80244,31.76476,27.20294,31.06445,25.05993,26.24881,21.9545,27.20294,25.63201,48.25971,46.01087,48.10405,49.57822,51.08816,47.50789,45.80393,49.20366,58.00862,56.60389,54.3783,57.68882,59.64059,58.5235,61.29437,57.24509,62.64982,59.80803,63.07139,60.53924,63.24555,64.84597,63.06346,62.29767,60.44005,59.48109,58.46366,58.69412,58.46366,60.87693,54.12024,59.43904,58.94065,58.5235,60.44005,54.40588,54.42426,56.36488,52.0,55.9017,57.38467,55.22681,56.82429,56.35601,52.83938,54.3783,56.93856,55.9464,58.30952,62.43397,58.5235,61.07373,60.60528,59.36329,61.85467,60.21628,62.00806
9.05539,9.05539,9.05539,9.0,8.06226,8.06226,8.06226,8.06226,8.06226,7.28011,8.24621,8.544,7.28011,7.28011,7.28011,7.61577,7.61577,7.61577,7.61577,7.61577,7.61577,7.61577,7.61577,8.06226,8.06226,8.06226,8.06226,7.61577,8.06226,8.06226,7.61577,8.544,8.544,7.28011,8.24621,7.28011,7.28011,7.28011,7.07107,7.07107,6.08276,6.08276,6.0,6.0,5.0,5.0,5.0,4.12311,4.12311,4.0,4.12311,4.12311,57.62812,54.67175,59.66574,53.15073,56.85068,50.44799,52.00961,55.17246,50.20956,44.55334,45.96738,42.44997,53.90733,47.42362,42.63801,45.0,45.60702,44.20407,45.22168,47.50789,50.60632,46.95743,44.72136,45.65085,47.01064,49.24429,47.41308,42.54409,46.23851,52.0,47.92703,53.14132,44.77723,44.41846,43.32436,44.28318,42.19005,45.27693,47.01064,44.10215,44.40721,39.44617,43.86342,42.52058,39.59798,38.94868,36.79674,33.01515,35.35534,28.84441,33.30165,30.4795,28.42534,26.83282,18.86796,27.78489,25.63201,48.75449,49.92995,48.01042,50.44799,51.73973,48.79549,50.91169,50.9902,53.07542,54.67175,55.44367,56.85068,59.81639,62.42596,60.0,61.05735,62.1289,67.41662,63.95311,61.32699,63.50591,67.1193,66.30988,65.0,62.0967,61.32699,59.13544,61.68468,63.90618,63.97656,59.09315,61.32699,60.41523,57.87055,54.626,55.9464,52.80152,56.79789,54.70832,58.83026,59.48109,54.08327,59.40539,58.60034,55.75841,51.40039,61.58734,54.81788,58.25805,60.60528,56.85068,65.76473,60.60528,61.40033,61.7171,63.41136,58.00862
10.77033,10.44031,10.44031,10.44031,10.44031,9.48683,9.21954,9.21954,9.21954,9.21954,9.05539,9.05539,9.05539,9.05539,9.05539,9.0,9.0,8.0,9.0,9.0,9.0,9.0,9.0,9.05539,9.05539,9.05539,9.05539,9.05539,9.05539,9.05539,9.0,9.0,9.0,9.0,9.0,9.05539,9.05539,8.06226,8.06226,8.24621,7.28011,7.28011,7.28011,6.32456,6.32456,6.32456,6.32456,5.83095,5.38516,4.47214,5.83095,5.0,60.92618,64.07808,59.9333,57.27128,50.15974,47.42362,51.42956,54.12024,48.76474,43.56604,43.909,46.52956,45.79301,48.01042,42.80187,46.2277,46.01087,43.84062,41.86884,38.28838,46.66905,43.86342,45.34314,46.69047,43.84062,43.86342,41.86884,45.80393,48.60041,45.0,43.86342,48.27007,42.44997,45.80393,44.20407,42.44997,49.49747,47.38143,46.09772,42.42641,41.6173,41.23106,40.31129,39.11521,39.11521,35.35534,32.75668,33.54102,31.01612,29.06888,26.40076,27.85678,25.4951,26.4764,25.70992,25.31798,22.0,48.83646,48.08326,45.25483,52.80152,51.0392,49.81967,49.64877,49.1935,52.83938,54.08327,59.05929,57.24509,64.49806,61.84658,61.09828,60.08328,64.84597,60.63827,64.84597,63.34824,63.15061,69.05071,62.16912,64.13267,64.13267,65.11528,64.49806,60.67125,58.13777,61.52235,55.3263,60.40695,54.45181,54.57105,58.54912,52.7731,59.66574,56.30275,55.7853,58.5235,61.09828,55.36244,56.61272,55.36244,58.69412,52.80152,55.15433,59.46427,56.85948,57.58472,62.6099,61.7171,64.62198,58.18075,65.8635,63.50591,65.30697
10.19804,9.05539,9.05539,9.21954,9.05539,8.06226,8.0,8.0,8.0,8.0,8.0,8.06226,8.06226,8.06226,8.06226,8.24621,8.24621,8.24621,7.28011,8.24621,8.24621,8.24621,8.24621,8.24621,8.24621,8.544,8.544,8.24621,8.24621,8.544,8.06226,8.24621,8.06226,8.06226,8.06226,8.06226,8.06226,7.0,7.0,7.0,7.0,6.0,6.08276,6.08276,6.08276,5.09902,5.09902,4.12311,4.12311,4.12311,4.47214,3.60555,61.7171,60.30755,60.60528,59.66574,57.28001,53.74012,56.63921,55.86591,51.62364,48.83646,53.15073,49.81967,50.60632,49.49747,43.27817,45.60702,44.82187,50.47772,48.82622,45.27693,46.95743,41.59327,43.86342,46.23851,41.59327,41.67733,46.06517,49.39636,48.33218,46.8188,45.69464,48.46648,44.72136,44.38468,46.8188,45.18849,42.19005,44.72136,49.40648,47.41308,47.43416,44.41846,44.68781,41.10961,39.62323,37.53665,41.10961,36.12478,32.01562,31.89044,33.01515,33.24154,26.92582,26.92582,22.36068,23.85372,24.59675,47.85394,48.30114,47.88528,50.47772,53.00943,47.50789,52.49762,55.17246,58.72819,53.8145,59.4138,58.13777,55.86591,62.28965,63.03174,64.03124,66.4003,66.03787,67.6757,62.1289,61.26989,68.8767,66.18912,63.07139,63.15853,64.84597,63.56099,60.82763,57.77543,61.09828,59.9333,60.92618,55.00909,60.37384,56.4358,55.9017,56.85948,55.47071,56.0803,53.53504,58.18075,56.85948,59.07622,62.482,57.42822,53.75872,59.20304,63.03174,61.7171,61.22091,61.6198,61.52235,59.40539,62.93648,62.36986,69.02898,63.70243
10.19804,10.19804,9.21954,10.19804,9.21954,9.21954,9.48683,9.48683,9.48683,8.544,8.544,8.544,8.544,8.94427,8.544,8.94427,8.06226,8.06226,8.06226,8.06226,8.06226,8.06226,8.06226,8.06226,8.60233,8.60233,8.60233,8.06226,8.60233,9.43398,8.06226,8.06226,8.94427,8.94427,8.544,8.544,8.544,7.28011,7.28011,7.28011,7.07107,7.07107,7.07107,7.07107,6.0,6.0,6.0,5.0,6.0,5.09902,5.09902,5.09902,62.62587,61.03278,52.83938,54.08327,58.83026,53.23533,53.85165,51.10773,47.41308,46.06517,46.09772,43.46263,47.92703,41.10961,46.48656,46.8188,48.38388,47.80167,44.64303,39.31921,48.50773,47.51842,47.26521,41.59327,44.72136,47.67599,44.10215,43.28972,45.17743,49.16299,44.28318,51.0098,46.09772,41.30375,48.0,44.38468,45.17743,43.41659,44.72136,45.35416,42.15448,42.54409,40.31129,40.16217,41.62932,35.73514,38.01316,35.35534,34.43835,29.54657,30.52868,29.41088,26.62705,21.2132,21.2132,26.40076,23.43075,49.64877,48.08326,46.61545,50.56679,48.33218,48.75449,52.47857,51.42956,57.98276,53.0,56.61272,58.41233,63.81222,61.40033,62.80127,60.87693,67.35726,62.93648,62.93648,61.55485,62.96825,67.47592,59.46427,59.40539,63.51378,66.8431,65.0,63.25346,61.40033,61.84658,58.25805,64.03124,58.25805,58.25805,58.79626,58.79626,54.48853,55.97321,59.39697,57.38467,58.0517,57.80138,58.79626,61.84658,59.20304,62.64982,59.07622,58.24946,60.46487,57.00877,64.63745,66.7308,67.95587,57.42822,61.40033,69.89278,61.58734
9.21954,9.05539,9.05539,9.05539,8.06226,8.06226,8.0,8.0,8.0,8.0,8.0,8.06226,8.06226,7.07107,7.07107,8.24621,7.28011,7.28011,7.28011,7.28011,7.28011,7.28011,8.24621,7.28011,8.24621,7.61577,8.544,8.24621,7.28011,8.24621,7.28011,8.24621,7.28011,7.07107,8.06226,8.06226,7.07107,7.0,6.0,6.0,6.0,6.0,6.08276,5.09902,5.09902,5.09902,4.12311,4.12311,4.12311,4.12311,3.60555,3.16228,60.87693,61.84658,62.28965,60.82763,55.15433,56.58622,55.86591,51.62364,53.07542,52.49762,50.80354,47.42362,47.80167,47.80167,49.81967,46.32494,47.80167,45.27693,46.64762,42.05948,47.16991,42.94182,45.88028,43.32436,46.8188,46.23851,46.61545,45.54119,47.42362,47.16991,46.23851,48.46648,47.01064,48.10405,45.31004,44.77723,48.46648,46.09772,51.97115,44.94441,42.94182,41.6173,40.80441,42.2019,39.69887,38.60052,37.01351,34.71311,34.65545,29.69848,29.0,31.1127,32.01562,27.29469,25.80698,26.41969,27.78489,46.95743,48.82622,50.80354,50.60632,48.83646,52.49762,53.15073,59.39697,54.48853,56.58622,57.38467,56.61272,60.60528,60.80296,62.62587,61.05735,64.63745,62.64982,70.23532,64.88451,62.6099,71.11259,68.54196,64.07808,61.09828,61.84658,58.30952,63.15853,64.4748,65.19202,54.42426,63.06346,56.36488,58.18075,60.41523,61.40033,56.85948,59.5399,56.93856,58.5235,58.83026,58.41233,59.20304,57.42822,57.2014,65.79514,59.03389,61.55485,60.30755,63.12686,62.80127,64.38167,63.70243,58.72819,62.62587,65.76473,62.28965
10.29563,9.43398,8.94427,8.94427,8.94427,8.94427,8.94427,8.544,8.94427,8.544,8.544,8.544,8.24621,8.24621,8.24621,9.21954,8.24621,8.24621,8.06226,8.06226,8.06226,8.06226,8.24621,8.06226,9.05539,9.05539,9.05539,9.05539,9.05539,9.05539,8.06226,9.05539,8.06226,8.24621,8.544,8.544,8.544,7.61577,7.61577,6.7082,7.2111,6.7082,6.7082,5.83095,5.83095,5.0,5.0,5.0,5.0,5.0,4.24264,4.24264,60.13319,62.00806,55.7315,59.68249,55.9017,55.22681,48.83646,52.46904,50.63596,49.81967,51.24451,47.53946,49.0408,44.38468,45.88028,44.77723,44.01136,45.54119,42.95346,45.18849,43.56604,40.71855,47.20169,44.94441,44.65423,44.41846,46.52956,42.72002,40.22437,48.25971,47.16991,49.39636,44.94441,44.94441,47.88528,39.82462,43.41659,44.41846,48.76474,43.86342,44.01136,42.44997,37.64306,38.07887,38.27532,38.07887,36.22154,35.22783,31.01612,32.01562,26.30589,29.15476,27.16616,29.0,22.0,22.02272,24.04163,46.87217,45.17743,48.76474,48.10405,53.31041,48.10405,49.33559,50.96077,56.51548,57.48913,57.31492,60.40695,59.03389,62.1289,61.13101,64.0,69.18092,66.06815,64.03124,63.0,67.1193,63.50591,63.50591,65.76473,62.80127,65.27634,61.0,59.03389,59.68249,62.64982,56.7186,58.54912,59.4138,58.07753,58.07753,63.28507,54.00926,54.08327,58.0,60.00833,57.07889,63.1981,59.00847,60.20797,54.33231,63.50591,61.40033,59.84146,58.85576,61.52235,62.514,61.29437,62.64982,61.52235,60.82763,59.84146,66.70832
10.04988,9.05539,9.05539,9.05539,9.05539,8.06226,8.0,8.0,8.0,8.0,8.0,8.06226,8.06226,8.06226,8.06226,8.06226,8.24621,8.24621,7.28011,7.28011,8.24621,8.24621,8.24621,7.61577,8.24621,8.544,8.544,8.24621,8.24621,8.24621,7.28011,8.24621,8.06226,8.06226,8.06226,8.06226,8.06226,7.0,7.0,6.0,6.0,6.08276,6.08276,5.09902,5.09902,5.09902,5.09902,4.12311,4.12311,4.12311,4.47214,3.60555,67.97794,61.09828,55.9017,52.80152,53.22593,52.3259,50.77401,52.35456,49.24429,47.01064,45.27693,46.64762,50.24938,45.79301,45.22168,50.21952,48.60041,48.60041,41.23106,43.86342,45.96738,41.01219,46.09772,43.13931,43.13931,45.25483,41.72529,47.42362,45.34314,47.63402,44.82187,47.38143,45.60702,48.27007,43.60046,45.27693,46.01087,47.38143,43.60046,42.80187,39.82462,39.20459,45.80393,40.24922,37.12142,39.35734,35.34119,36.24914,34.9285,29.54657,31.76476,25.63201,24.04163,23.76973,22.36068,24.5153,23.02173,49.20366,49.51767,45.96738,50.44799,50.0,53.90733,50.21952,49.39636,54.91812,56.93856,55.75841,56.93856,58.18075,59.03389,59.94164,56.30275,65.30697,60.40695,65.14599,59.90826,63.06346,65.73431,60.01666,63.34824,63.3877,62.16912,61.98387,61.98387,58.69412,62.80127,51.78803,61.66036,60.01666,59.68249,57.48913,56.08921,56.51548,55.97321,56.30275,60.53924,55.36244,58.87274,55.54278,60.74537,57.00877,56.35601,56.4358,53.23533,57.00877,55.9464,63.13478,57.80138,64.88451,55.00909,59.48109,63.13478,64.84597
9.84886,9.84886,8.94427,8.94427,8.06226,8.94427,8.06226,8.60233,8.06226,7.81025,8.60233,7.81025,7.81025,7.81025,7.81025,8.48528,8.48528,7.81025,7.81025,7.81025,7.81025,7.81025,7.81025,7.81025,7.81025,8.60233,8.60233,7.81025,7.81025,7.81025,7.81025,8.48528,8.48528,7.81025,7.81025,7.81025,7.81025,7.2111,6.40312,7.2111,6.7082,6.7082,5.83095,5.83095,5.38516,4.47214,5.38516,4.47214,4.12311,4.12311,4.12311,4.12311,59.81639,60.74537,59.36329,58.5235,58.13777,51.97115,54.20332,55.07268,49.1935,52.83938,47.16991,47.01064,52.92447,46.61545,44.59821,45.88028,42.72002,46.48656,47.53946,46.57252,42.44997,43.41659,39.31921,41.76123,43.56604,47.38143,44.40721,42.04759,40.11234,48.25971,45.17743,47.16991,45.27693,46.01087,48.25971,45.70558,41.59327,41.0,43.17407,44.38468,44.14748,44.27189,41.14608,39.21734,36.05551,38.62642,36.67424,36.68787,30.88689,31.38471,28.6531,28.63564,26.41969,25.0,30.61046,22.62742,25.6125,49.47727,45.35416,51.62364,50.9902,52.7731,47.70744,49.24429,50.60632,56.0357,57.14018,53.82379,55.80323,59.81639,63.12686,60.1415,62.24147,63.65532,65.76473,61.52235,63.60031,65.94695,71.06335,66.06815,62.20129,61.03278,60.44005,60.21628,61.40033,61.91123,58.82176,58.00862,58.00862,57.80138,55.80323,58.89822,55.86591,53.75872,58.69412,60.87693,59.46427,58.69412,56.85068,52.40229,62.62587,56.61272,55.21775,61.84658,55.75841,59.40539,61.7171,56.85948,64.66065,62.43397,56.40035,63.13478,60.46487,64.40497
10.19804,9.21954,9.21954,9.21954,8.24621,8.24621,8.544,8.544,8.544,7.61577,8.544,8.544,7.61577,8.06226,8.06226,8.06226,8.60233,7.2111,7.2111,7.2111,7.2111,7.81025,8.60233,7.81025,7.81025,8.60233,8.60233,7.81025,8.60233,8.60233,8.60233,8.06226,8.06226,8.06226,8.06226,7.61577,7.61577,7.61577,6.32456,6.32456,6.32456,6.32456,6.08276,6.08276,5.09902,5.09902,5.09902,4.0,4.0,4.0,4.0,4.0,58.69412,60.30755,60.60528,53.03772,60.82763,50.9902,55.22681,51.08816,47.42362,47.63402,49.81967,44.65423,48.82622,47.70744,44.77723,45.18849,50.24938,45.79301,40.49691,45.65085,43.46263,43.82921,42.48529,44.72136,42.95346,42.04759,45.88028,44.77723,43.86342,49.98,46.23851,46.8188,44.77723,46.51881,44.27189,43.04649,44.28318,42.54409,43.82921,45.79301,44.94441,43.01163,41.88078,40.0,39.62323,37.48333,36.23534,35.35534,32.55764,31.14482,32.52691,31.06445,25.6125,26.83282,22.82542,22.36068,27.73085,48.50773,47.29693,48.10405,50.9902,51.89412,48.76474,49.24429,56.93856,54.20332,55.75841,57.00877,59.20304,60.60528,66.4003,61.7171,62.93648,62.2254,65.06919,63.65532,64.40497,65.60488,63.81222,65.45991,62.20129,63.51378,62.20129,62.43397,62.76942,60.20797,59.36329,59.90826,62.43397,55.9464,56.60389,54.6443,58.24946,55.80323,58.25805,54.67175,61.07373,58.79626,57.28001,60.10824,61.52235,60.10824,60.10824,55.97321,59.5483,62.93648,60.87693,61.55485,60.959,65.06919,59.4138,61.6198,62.93648,65.06919
