type,id,mac,rssi,rate,sig_mode,mcs,bandwidth,smoothing,not_sounding,aggregation,stbc,fec_coding,sgi,noise_floor,ampdu_cnt,channel,secondary_channel,local_timestamp,ant,sig_len,rx_state,len,first_word,data
CSI_DATA,20,1a:00:00:00:00:00,-46,11,1,0,1,1,1,0,0,0,1,-97,0,11,2,503935,0,44,0,384,0,"[0,0,0,0,0,0,0,0,0,0,0,0,-9,8,-8,8,-7,8,-7,7,-7,7,-6,6,-5,6,-4,6,-4,6,-3,5,-2,5,-2,5,-1,5,0,4,0,4,1,4,2,3,2,3,3,3,4,2,4,1,5,2,5,2,7,1,7,1,7,1,0,0,9,1,9,1,10,1,10,1,10,1,11,1,11,1,10,2,11,2,11,2,11,3,10,3,10,3,10,4,10,4,10,5,9,4,8,4,8,5,7,4,7,5,6,5,5,5,5,5,4,6,3,6,0,0,0,0,0,0,0,0,0,0,0,0,0,0,-72,37,-71,42,-64,42,-58,37,-58,42,-53,35,-48,36,-43,33,-42,32,-33,31,-32,34,-26,26,-22,30,-18,28,-9,30,-7,27,-4,29,-3,26,4,20,8,25,12,20,14,20,16,15,17,14,21,17,26,15,32,9,36,13,44,12,45,14,44,5,52,8,51,12,55,9,55,4,59,13,60,16,64,16,63,17,66,18,61,14,67,20,60,21,57,20,55,26,61,25,52,26,53,30,49,24,49,29,43,30,40,30,35,30,34,33,32,34,31,33,21,36,0,0,0,0,0,0,0,0,0,0,0,0,0,0,0,0,0,0,0,0,0,0,63,8,56,13,60,17,54,23,54,27,50,27,53,30,43,27,50,27,45,28,37,26,39,19,39,23,34,22,29,20,33,18,30,11,26,7,27,6,26,4,27,4,23,0,19,-7,20,-8,22,-10,17,-18,19,-17,18,-22,17,-19,9,-25,12,-32,9,-30,12,-33,9,-33,2,-41,3,-40,-2,-43,-5,-49,-6,-44,-11,-47,-17,-50,-16,-54,-21,-49,-29,-57,-27,-52,-32,-62,-34,-60,-41,-62,-37,-66,-44,-68,-52,-64,-55,-65,-50,-69,-53,-67,-54,-79,-56,-78,-52,-82,0,0]"
CSI_DATA,21,1a:00:00:00:00:00,-46,11,1,0,1,1,1,0,0,0,1,-97,0,11,2,523755,0,44,0,384,0,"[0,0,0,0,0,0,0,0,0,0,0,0,0,-14,0,-13,-1,-12,-1,-11,-2,-11,-1,-10,-2,-9,-2,-8,-3,-7,-3,-6,-3,-6,-4,-5,-4,-4,-4,-4,-4,-3,-5,-2,-5,-2,-5,-1,-5,0,-6,1,-6,1,-6,2,-6,2,-7,3,-8,4,-7,4,0,0,-8,5,-9,6,-9,6,-10,6,-9,5,-10,6,-10,7,-10,6,-11,6,-11,6,-12,5,-12,4,-11,4,-11,4,-12,3,-11,3,-11,3,-10,3,-10,2,-10,2,-10,1,-9,1,-10,0,-9,-1,-9,-2,-8,-2,0,0,0,0,0,0,0,0,0,0,0,0,0,0,4,-42,4,-39,2,-35,3,-36,-1,-38,0,-30,-1,-31,-1,-26,-2,-27,-6,-24,-4,-22,-5,-19,-7,-20,-7,-16,-7,-14,-9,-11,-11,-9,-10,-8,-12,-9,-12,-5,-11,-3,-14,-2,-12,2,-13,4,-13,3,-16,5,-16,9,-15,12,-17,14,-17,14,-17,15,-20,18,-20,17,-20,16,-21,19,-22,18,-24,21,-26,21,-27,18,-27,17,-29,20,-28,20,-27,16,-29,18,-27,14,-28,16,-27,12,-28,13,-26,12,-27,9,-26,9,-26,9,-25,7,-24,2,-23,2,-24,2,-24,-3,0,0,0,0,0,0,0,0,0,0,0,0,0,0,0,0,0,0,0,0,0,0,-21,26,-23,22,-24,19,-25,17,-26,19,-24,15,-23,14,-25,12,-26,12,-23,12,-22,11,-21,11,-20,12,-18,9,-16,9,-17,10,-13,11,-13,7,-9,9,-9,10,-8,9,-6,13,-6,10,-2,12,-2,12,1,12,2,11,5,13,5,13,7,13,8,12,10,13,11,13,12,14,14,13,15,14,17,10,21,10,20,8,24,8,21,6,25,6,26,7,28,5,29,2,31,4,35,1,36,0,35,-1,41,0,39,-1,42,-2,44,0,43,1,44,-1,43,0,48,1,0,0]"
CSI_DATA,22,1a:00:00:00:00:00,-46,11,1,0,1,1,1,0,0,0,1,-97,0,11,2,543036,0,44,0,384,0,"[0,0,0,0,0,0,0,0,0,0,0,0,3,-13,2,-12,2,-11,1,-11,1,-10,1,-9,0,-9,0,-8,-1,-8,-1,-7,-1,-7,-2,-6,-3,-5,-3,-4,-3,-4,-4,-3,-4,-3,-5,-2,-6,-1,-6,-1,-6,0,-6,1,-7,1,-8,2,-8,2,-8,2,0,0,-10,3,-10,3,-10,4,-11,4,-11,4,-11,4,-12,4,-12,3,-12,4,-13,3,-13,3,-12,1,-12,1,-12,1,-12,1,-12,0,-11,0,-11,0,-11,-1,-10,-1,-10,-2,-10,-2,-9,-3,-8,-3,-8,-4,-7,-4,0,0,0,0,0,0,0,0,0,0,0,0,0,0,16,-37,17,-37,11,-37,12,-34,10,-33,10,-30,9,-28,6,-25,7,-25,5,-24,1,-21,0,-21,-1,-21,-2,-18,-4,-15,-5,-16,-7,-14,-8,-12,-8,-11,-11,-8,-11,-7,-11,-5,-13,-2,-13,-2,-14,-1,-18,0,-18,3,-21,5,-22,6,-21,9,-23,9,-25,8,-26,7,-26,11,-26,10,-29,10,-31,9,-32,9,-31,6,-33,6,-32,8,-33,6,-33,5,-34,4,-31,3,-31,4,-30,1,-33,0,-30,0,-28,-1,-27,-2,-26,-4,-24,-4,-24,-6,-22,-7,-22,-9,-18,-11,0,0,0,0,0,0,0,0,0,0,0,0,0,0,0,0,0,0,0,0,0,0,-24,20,-25,16,-27,15,-28,13,-29,12,-29,9,-26,9,-28,6,-26,6,-24,5,-24,7,-21,7,-21,6,-21,5,-20,5,-17,7,-16,6,-15,6,-10,7,-9,8,-9,6,-7,8,-8,10,-4,9,-3,11,-3,13,-1,12,2,14,0,14,4,14,4,14,8,16,7,15,8,13,12,15,12,15,14,14,13,14,15,13,18,12,19,15,23,14,25,13,27,12,27,11,32,9,32,8,31,10,35,11,38,13,37,10,40,9,42,13,40,9,44,14,45,13,44,14,0,0]"
CSI_DATA,23,1a:00:00:00:00:00,-47,11,1,0,1,1,1,0,0,0,1,-97,0,11,2,563048,0,44,0,384,0,"[0,0,0,0,0,0,0,0,0,0,0,0,12,2,11,2,10,1,10,1,9,1,8,0,8,-1,7,-1,7,-1,5,-2,5,-2,5,-3,4,-3,3,-4,3,-3,2,-4,2,-5,1,-4,0,-5,0,-6,-1,-5,-1,-6,-2,-6,-3,-7,-3,-7,-4,-8,0,0,-5,-9,-5,-9,-5,-9,-6,-10,-5,-10,-6,-11,-6,-11,-5,-11,-6,-11,-5,-11,-4,-12,-4,-12,-4,-11,-3,-11,-3,-12,-3,-11,-2,-11,-2,-10,-2,-10,-2,-9,-1,-10,0,-9,0,-9,1,-9,2,-8,2,-7,0,0,0,0,0,0,0,0,0,0,0,0,0,0,79,29,78,31,71,28,65,21,71,19,61,24,58,13,57,15,50,10,47,7,45,3,38,3,36,-1,35,-4,34,-4,29,-10,23,-14,22,-13,20,-19,15,-19,13,-23,9,-23,4,-30,0,-31,-2,-31,-5,-38,-9,-33,-11,-40,-14,-43,-12,-44,-14,-47,-19,-45,-17,-50,-23,-49,-25,-51,-22,-56,-25,-56,-20,-59,-23,-58,-21,-61,-20,-60,-16,-65,-14,-66,-16,-68,-9,-61,-12,-62,-7,-57,-7,-57,-2,-55,-4,-59,-5,-55,1,-50,1,-49,8,-47,10,-45,16,-39,16,-37,0,0,0,0,0,0,0,0,0,0,0,0,0,0,0,0,0,0,0,0,0,0,-38,-54,-29,-52,-27,-55,-28,-58,-23,-56,-16,-55,-15,-52,-15,-54,-12,-53,-10,-49,-8,-49,-11,-45,-12,-41,-8,-38,-11,-36,-11,-32,-13,-32,-11,-33,-15,-25,-19,-22,-15,-21,-22,-18,-20,-14,-26,-12,-19,-8,-23,-1,-30,-2,-28,-2,-33,1,-27,4,-32,9,-37,13,-33,12,-31,20,-32,20,-33,28,-32,29,-31,29,-30,33,-32,38,-32,42,-27,43,-27,48,-26,51,-21,56,-26,66,-22,65,-22,66,-17,72,-26,77,-25,78,-24,79,-25,82,-26,76,-30,91,-23,93,-26,86,0,0]"
CSI_DATA,24,1a:00:00:00:00:00,-46,11,1,0,1,1,1,0,0,0,1,-97,0,11,2,573863,0,44,0,384,0,"[0,0,0,0,0,0,0,0,0,0,0,0,-1,-14,-1,-12,-3,-12,-2,-11,-2,-10,-2,-9,-3,-9,-3,-7,-3,-7,-3,-6,-4,-6,-4,-5,-4,-4,-5,-4,-5,-3,-5,-2,-5,-1,-5,-1,-5,0,-6,1,-5,1,-6,3,-6,3,-6,4,-7,4,-7,5,0,0,-8,6,-8,6,-8,7,-9,8,-9,7,-9,7,-10,7,-9,7,-10,7,-10,7,-10,6,-10,6,-11,6,-10,5,-11,4,-11,4,-10,4,-10,4,-10,3,-9,2,-10,2,-9,1,-9,1,-9,0,-9,-1,-8,-2,0,0,0,0,0,0,0,0,0,0,0,0,0,0,2,-40,6,-41,2,-38,-1,-37,2,-36,3,-31,0,-31,-1,-29,-2,-28,-2,-25,-5,-23,-5,-21,-8,-19,-6,-18,-7,-16,-10,-13,-12,-11,-8,-8,-10,-6,-13,-7,-13,-5,-13,-4,-12,0,-14,3,-13,2,-16,7,-18,6,-18,10,-16,10,-20,13,-19,11,-22,13,-23,14,-21,15,-23,17,-25,16,-26,19,-25,19,-28,16,-25,16,-30,17,-30,15,-29,14,-30,11,-29,11,-31,10,-30,8,-28,10,-28,7,-28,8,-24,4,-26,6,-23,5,-24,-1,-24,-3,-21,-2,-22,-6,0,0,0,0,0,0,0,0,0,0,0,0,0,0,0,0,0,0,0,0,0,0,-19,25,-21,22,-22,21,-24,19,-24,17,-24,17,-23,16,-22,16,-23,13,-20,11,-22,10,-20,12,-18,13,-17,9,-16,8,-15,10,-14,12,-14,12,-8,10,-7,10,-7,10,-6,10,-6,11,-3,11,0,11,0,12,1,12,3,12,5,12,7,13,9,13,11,13,11,13,13,11,14,12,15,11,20,11,18,11,21,8,22,7,23,8,26,7,25,6,29,6,27,2,33,-2,34,1,36,-1,34,1,38,-1,42,0,45,-4,44,2,43,1,44,1,45,-1,46,1,0,0]"
CSI_DATA,25,1a:00:00:00:00:00,-46,11,1,0,1,1,1,0,0,0,1,-97,0,11,2,583036,0,44,0,384,0,"[0,0,0,0,0,0,0,0,0,0,0,0,3,11,3,11,4,10,4,9,4,8,3,7,4,6,3,5,3,5,4,4,4,4,4,3,4,2,4,1,4,0,4,0,4,-1,4,-2,4,-2,3,-3,4,-4,4,-4,4,-5,4,-6,4,-6,4,-6,0,0,5,-8,5,-9,5,-9,5,-10,5,-9,6,-10,6,-10,6,-9,7,-10,8,-9,8,-9,8,-9,8,-8,8,-8,8,-8,8,-7,8,-7,8,-6,8,-6,7,-5,8,-4,8,-4,8,-3,7,-2,7,-1,7,0,0,0,0,0,0,0,0,0,0,0,0,0,0,0,30,75,26,76,23,69,22,70,24,66,24,58,27,52,23,51,24,44,23,44,21,38,26,35,30,29,26,24,27,20,27,14,27,13,23,8,23,1,28,0,23,-4,24,-4,25,-13,24,-17,22,-19,20,-25,23,-26,24,-31,28,-35,24,-40,23,-38,28,-43,29,-44,28,-47,29,-50,34,-49,34,-52,35,-52,37,-47,39,-53,42,-51,43,-49,39,-47,45,-50,40,-44,46,-47,45,-38,47,-39,43,-33,47,-34,46,-30,46,-24,43,-23,43,-19,44,-18,46,-15,41,-5,0,0,0,0,0,0,0,0,0,0,0,0,0,0,0,0,0,0,0,0,0,0,1,-63,11,-62,12,-63,17,-59,20,-58,22,-52,19,-49,23,-50,25,-52,24,-47,24,-45,21,-44,14,-42,15,-38,18,-34,20,-33,10,-33,12,-32,9,-26,-1,-29,-3,-28,-4,-24,-6,-24,-10,-21,-11,-23,-15,-20,-16,-25,-20,-20,-22,-19,-28,-16,-27,-14,-34,-11,-34,-12,-36,-10,-35,-7,-41,-10,-43,-8,-44,-4,-41,4,-50,8,-52,9,-53,12,-51,14,-59,19,-58,17,-57,20,-66,24,-66,31,-65,31,-73,38,-67,35,-77,38,-85,36,-83,36,-86,41,-85,39,-81,37,0,0]"
CSI_DATA,26,1a:00:00:00:00:00,-46,11,1,0,1,1,1,0,0,0,1,-97,0,11,2,593240,0,44,0,384,0,"[0,0,0,0,0,0,0,0,0,0,0,0,3,12,4,12,4,10,4,9,3,8,3,8,4,7,3,6,3,5,4,4,3,4,4,3,4,2,4,2,4,1,4,0,4,-1,4,-2,4,-2,4,-3,4,-3,4,-5,4,-4,5,-6,5,-6,5,-7,0,0,6,-8,6,-8,7,-9,6,-9,7,-9,7,-9,8,-9,7,-9,8,-9,8,-8,9,-9,9,-8,9,-7,9,-8,9,-7,10,-6,9,-6,9,-6,9,-5,9,-4,9,-3,8,-3,8,-3,8,-2,8,0,7,0,0,0,0,0,0,0,0,0,0,0,0,0,0,0,18,86,12,77,21,73,12,70,16,70,14,66,16,55,16,52,18,42,18,44,23,38,18,40,20,35,21,25,21,23,24,15,25,17,24,10,20,6,24,5,26,-2,23,-6,24,-9,30,-12,22,-17,23,-19,22,-23,24,-33,28,-29,29,-36,27,-37,26,-39,32,-41,36,-43,33,-45,40,-49,44,-49,40,-49,44,-46,46,-44,43,-44,48,-47,49,-44,48,-47,47,-39,50,-35,53,-36,47,-34,49,-33,45,-29,46,-24,43,-23,45,-17,44,-10,47,-14,45,-5,45,2,0,0,0,0,0,0,0,0,0,0,0,0,0,0,0,0,0,0,0,0,0,0,10,-62,21,-58,22,-56,27,-56,29,-52,32,-52,31,-47,30,-47,33,-47,27,-40,29,-41,25,-37,26,-38,23,-35,25,-32,21,-27,17,-35,19,-27,13,-27,8,-29,4,-23,2,-25,-1,-23,-4,-24,-4,-21,-11,-22,-14,-22,-16,-22,-19,-19,-25,-21,-21,-19,-26,-19,-30,-16,-34,-16,-34,-13,-39,-18,-39,-12,-43,-6,-45,-4,-49,3,-51,4,-56,2,-57,8,-56,6,-57,14,-69,18,-71,16,-66,19,-71,25,-76,23,-76,26,-79,31,-90,27,-79,25,-90,32,-90,29,-84,22,0,0]"
CSI_DATA,27,1a:00:00:00:00:00,-46,11,1,0,1,1,1,0,0,0,1,-97,0,11,2,603042,0,44,0,384,0,"[0,0,0,0,0,0,0,0,0,0,0,0,-12,6,-11,6,-10,5,-9,5,-9,5,-8,5,-7,5,-6,5,-6,5,-4,4,-3,5,-3,5,-2,5,-1,4,-1,4,0,4,1,4,1,4,2,3,3,4,3,3,4,3,5,3,6,3,6,4,7,3,0,0,8,4,9,4,9,5,9,4,9,4,10,5,10,5,9,5,10,5,10,6,10,6,8,7,9,6,8,7,8,7,8,8,7,7,7,7,7,7,6,7,5,8,4,7,4,7,3,7,2,7,1,7,0,0,0,0,0,0,0,0,0,0,0,0,0,0,-72,42,-66,42,-65,48,-58,35,-57,39,-52,38,-50,36,-49,40,-39,32,-33,32,-28,34,-28,34,-21,32,-22,29,-14,30,-11,28,-10,31,-3,26,4,25,7,26,10,22,12,24,16,17,18,16,23,16,28,14,33,15,35,12,39,15,41,12,42,12,49,9,48,14,52,13,56,11,62,19,58,17,60,19,63,25,58,19,61,22,60,28,59,30,58,27,53,28,52,27,50,31,49,31,42,30,37,32,42,32,39,32,32,34,30,39,28,39,24,37,16,34,0,0,0,0,0,0,0,0,0,0,0,0,0,0,0,0,0,0,0,0,0,0,60,-7,62,0,63,3,61,8,61,8,54,15,53,11,49,15,47,14,50,15,47,12,39,11,47,8,41,11,40,15,32,10,35,6,29,2,27,-4,30,2,25,-1,26,-6,21,-13,24,-12,19,-15,18,-19,15,-23,11,-23,17,-25,10,-31,7,-27,6,-37,5,-38,1,-37,2,-40,-2,-37,-6,-41,-11,-40,-11,-43,-21,-47,-19,-47,-25,-50,-25,-54,-34,-52,-33,-52,-39,-48,-42,-52,-49,-60,-47,-58,-52,-63,-49,-64,-58,-61,-58,-75,-53,-69,-59,-76,-61,-74,-51,-78,0,0]"
CSI_DATA,28,1a:00:00:00:00:00,-46,11,1,0,1,1,1,0,0,0,1,-97,0,11,2,613282,0,44,0,384,0,"[0,0,0,0,0,0,0,0,0,0,0,0,-11,-6,-10,-6,-11,-5,-10,-6,-9,-4,-9,-4,-8,-3,-7,-2,-7,-2,-7,-2,-6,0,-6,0,-6,1,-5,1,-5,2,-4,3,-4,3,-3,3,-3,4,-3,5,-2,5,-1,6,-1,6,0,6,0,8,0,7,0,0,1,9,1,9,1,10,2,9,1,10,0,11,1,11,1,11,0,11,0,11,0,12,-1,11,-1,11,-2,11,-2,10,-2,11,-2,10,-3,9,-3,9,-3,8,-4,8,-4,8,-4,7,-5,8,-5,6,-6,5,0,0,0,0,0,0,0,0,0,0,0,0,0,0,-62,-58,-67,-55,-64,-46,-51,-44,-56,-37,-50,-39,-47,-34,-51,-31,-45,-24,-42,-24,-40,-18,-38,-15,-36,-14,-33,-7,-33,-7,-29,1,-33,5,-28,10,-25,9,-19,12,-23,18,-15,12,-14,23,-8,26,-13,31,-12,36,-7,31,4,42,-1,43,0,49,0,45,5,52,4,51,1,55,7,55,-1,63,2,62,-1,60,0,66,-3,66,-1,60,-3,62,-4,65,-8,65,-8,62,-10,63,-15,59,-11,58,-19,53,-15,50,-19,49,-20,46,-20,47,-20,43,-27,37,-25,34,-30,30,0,0,0,0,0,0,0,0,0,0,0,0,0,0,0,0,0,0,0,0,0,0,14,60,10,62,9,57,3,59,0,62,-3,57,-7,55,-8,50,-8,57,-7,46,-8,50,-8,44,-5,42,-6,43,-7,39,-3,37,-2,32,2,31,4,28,4,27,6,28,10,22,15,21,18,17,20,17,22,14,24,11,22,8,24,5,30,4,29,2,34,0,34,-2,31,-3,37,-7,37,-10,36,-13,35,-21,40,-19,44,-31,41,-31,40,-36,41,-37,38,-44,40,-46,41,-50,45,-49,44,-59,49,-64,48,-62,45,-66,44,-69,58,-70,50,-70,53,-81,54,-76,53,-74,0,0]"
CSI_DATA,29,1a:00:00:00:00:00,-47,11,1,0,1,1,1,0,0,0,1,-96,0,11,2,623308,0,44,0,384,0,"[0,0,0,0,0,0,0,0,0,0,0,0,4,-13,3,-12,2,-11,2,-10,2,-9,2,-9,1,-8,0,-8,0,-8,-1,-7,-1,-6,-2,-6,-2,-5,-3,-5,-3,-5,-4,-4,-4,-3,-5,-3,-5,-2,-5,-1,-6,-1,-6,0,-7,0,-8,1,-8,1,-8,2,0,0,-9,2,-11,2,-10,2,-11,3,-11,1,-11,2,-12,2,-12,2,-12,2,-12,1,-12,1,-11,0,-11,0,-12,0,-12,-1,-11,-1,-11,-1,-10,-2,-10,-2,-10,-2,-9,-3,-9,-3,-8,-4,-8,-4,-7,-5,-6,-5,0,0,0,0,0,0,0,0,0,0,0,0,0,0,16,-83,18,-77,12,-76,12,-73,10,-70,7,-65,5,-59,6,-60,0,-47,0,-50,-3,-43,-4,-39,-7,-43,-9,-30,-15,-33,-15,-25,-14,-25,-20,-22,-16,-20,-20,-15,-27,-8,-23,-8,-26,-4,-25,0,-28,5,-34,6,-35,11,-36,20,-39,14,-43,24,-39,20,-49,26,-47,19,-52,29,-51,26,-56,23,-56,23,-60,27,-61,23,-60,25,-62,18,-62,26,-62,17,-65,20,-60,11,-62,15,-58,9,-60,9,-57,6,-54,6,-53,0,-50,-5,-50,-5,-46,-8,-45,-8,-43,-11,-37,-15,0,0,0,0,0,0,0,0,0,0,0,0,0,0,0,0,0,0,0,0,0,0,-33,49,-43,45,-42,42,-47,41,-48,36,-45,32,-44,28,-47,27,-48,25,-45,23,-47,23,-40,25,-40,20,-40,24,-34,19,-34,21,-24,23,-24,19,-19,20,-18,21,-17,19,-14,22,-9,21,-7,21,-2,25,1,24,3,24,3,29,5,24,13,26,14,25,23,30,22,29,24,26,27,27,27,26,33,23,34,22,37,22,43,20,46,21,51,17,56,15,57,13,64,14,57,8,63,10,70,8,75,10,77,5,84,6,85,-2,93,10,86,8,94,7,92,8,86,13,0,0]"
CSI_DATA,30,1a:00:00:00:00:00,-46,11,1,0,1,1,1,0,0,0,1,-96,0,11,2,643029,0,44,0,384,0,"[0,0,0,0,0,0,0,0,0,0,0,0,-1,-14,-1,-13,-2,-12,-2,-11,-2,-11,-2,-10,-3,-9,-3,-8,-3,-8,-3,-6,-3,-6,-4,-5,-4,-5,-4,-4,-5,-3,-5,-2,-5,-2,-5,-1,-5,0,-6,1,-6,1,-6,2,-6,2,-7,3,-8,4,-8,5,0,0,-9,6,-9,6,-10,6,-9,7,-10,6,-10,6,-10,7,-10,6,-11,6,-11,6,-11,6,-12,5,-12,5,-11,4,-12,3,-12,3,-11,3,-11,3,-11,2,-10,1,-11,1,-10,1,-10,0,-9,-1,-9,-2,-8,-3,0,0,0,0,0,0,0,0,0,0,0,0,0,0,7,-42,5,-40,2,-37,4,-38,1,-36,4,-31,2,-30,0,-27,-1,-26,-3,-22,-5,-23,-3,-20,-4,-20,-6,-16,-7,-14,-10,-13,-9,-11,-11,-10,-11,-8,-11,-5,-13,-4,-15,-4,-11,0,-14,0,-15,3,-18,4,-16,6,-19,8,-20,9,-19,13,-21,12,-23,13,-24,14,-24,13,-25,16,-27,14,-26,14,-29,15,-30,14,-29,15,-31,13,-30,12,-30,11,-32,11,-30,10,-29,9,-29,7,-28,7,-29,7,-26,4,-28,4,-27,1,-25,1,-25,-3,-22,-4,-23,-6,-19,-7,0,0,0,0,0,0,0,0,0,0,0,0,0,0,0,0,0,0,0,0,0,0,-19,26,-22,24,-22,21,-23,20,-26,18,-23,17,-22,16,-24,12,-25,14,-24,12,-21,13,-21,12,-20,12,-19,11,-17,8,-16,10,-15,12,-15,11,-10,10,-9,9,-7,8,-7,10,-6,10,-2,10,-2,11,-1,13,1,13,3,14,5,11,6,12,7,13,11,13,10,13,12,13,14,13,14,13,17,12,18,11,19,9,22,8,24,8,24,7,27,4,30,4,27,4,34,3,35,2,33,2,38,1,39,2,37,3,42,3,44,2,42,2,46,1,47,2,45,4,0,0]"
CSI_DATA,31,1a:00:00:00:00:00,-47,11,1,0,1,1,1,0,0,0,1,-96,0,11,2,653027,0,44,0,384,0,"[0,0,0,0,0,0,0,0,0,0,0,0,7,-11,6,-11,5,-10,5,-10,4,-9,4,-9,2,-9,2,-8,1,-8,0,-6,0,-7,-1,-6,-2,-6,-2,-5,-3,-5,-3,-5,-4,-4,-4,-4,-5,-3,-5,-2,-6,-2,-6,-2,-7,-2,-8,-1,-8,-1,-9,-1,0,0,-10,0,-10,-1,-11,-1,-11,0,-12,-1,-12,-1,-12,-1,-12,0,-13,-1,-12,-2,-13,-3,-12,-2,-11,-3,-12,-4,-11,-4,-12,-4,-10,-4,-11,-4,-10,-4,-10,-4,-9,-5,-8,-6,-7,-6,-7,-6,-6,-7,-5,-6,0,0,0,0,0,0,0,0,0,0,0,0,0,0,72,-45,62,-40,61,-50,55,-47,52,-45,48,-40,49,-38,42,-37,36,-35,30,-32,30,-34,25,-31,23,-33,13,-36,9,-31,9,-29,-1,-29,1,-29,-1,-23,-7,-24,-17,-19,-16,-26,-20,-22,-24,-17,-26,-11,-31,-20,-34,-16,-38,-11,-39,-15,-41,-13,-47,-12,-52,-17,-53,-17,-56,-19,-61,-10,-60,-19,-63,-22,-57,-20,-63,-23,-66,-24,-65,-25,-65,-26,-62,-27,-62,-31,-58,-29,-55,-27,-57,-34,-49,-34,-45,-33,-47,-31,-41,-32,-41,-34,-35,-36,-32,-38,-33,-44,-23,-41,-18,-39,0,0,0,0,0,0,0,0,0,0,0,0,0,0,0,0,0,0,0,0,0,0,-59,9,-58,3,-64,-1,-63,-5,-64,-10,-57,-8,-52,-11,-53,-19,-54,-15,-51,-14,-47,-15,-45,-11,-46,-13,-47,-8,-40,-13,-33,0,-33,1,-27,1,-36,0,-25,-2,-24,5,-26,6,-23,15,-23,3,-17,14,-16,22,-17,28,-17,25,-15,29,-7,29,-3,28,-6,32,-5,32,-5,33,-2,37,5,39,4,42,13,44,13,42,17,45,15,45,29,45,31,47,34,49,33,47,44,46,44,55,49,48,48,53,49,63,53,64,62,62,54,70,52,66,60,72,62,72,61,65,0,0]"
CSI_DATA,32,1a:00:00:00:00:00,-47,11,1,0,1,1,1,0,0,0,1,-96,0,11,2,663481,0,44,0,384,0,"[0,0,0,0,0,0,0,0,0,0,0,0,12,-4,11,-5,9,-4,9,-4,8,-4,8,-4,6,-5,6,-5,5,-5,4,-4,4,-5,3,-5,2,-5,2,-4,1,-5,0,-5,-1,-5,-1,-5,-2,-5,-3,-5,-3,-5,-4,-5,-4,-5,-5,-6,-6,-6,-7,-6,0,0,-8,-6,-8,-7,-9,-7,-9,-7,-9,-7,-9,-8,-9,-8,-9,-8,-9,-8,-8,-9,-8,-10,-7,-10,-7,-10,-7,-10,-6,-9,-6,-10,-6,-9,-5,-9,-5,-9,-5,-9,-4,-9,-3,-9,-2,-8,-1,-8,-1,-9,0,-8,0,0,0,0,0,0,0,0,0,0,0,0,0,0,84,-12,82,-15,75,-18,69,-12,62,-13,59,-10,59,-13,56,-11,50,-13,41,-17,36,-19,37,-19,33,-20,28,-15,25,-25,20,-25,18,-24,14,-26,9,-23,6,-25,-3,-26,-4,-26,-9,-25,-13,-27,-17,-26,-21,-30,-23,-28,-26,-30,-31,-30,-34,-34,-33,-32,-39,-33,-39,-35,-43,-36,-46,-36,-44,-41,-44,-40,-48,-44,-45,-46,-46,-47,-44,-47,-41,-51,-43,-48,-43,-51,-37,-54,-35,-53,-30,-55,-31,-49,-26,-50,-21,-50,-18,-48,-21,-49,-19,-48,-10,-46,-8,-47,-7,-42,0,-40,0,0,0,0,0,0,0,0,0,0,0,0,0,0,0,0,0,0,0,0,0,0,-60,-19,-58,-24,-55,-27,-54,-35,-48,-36,-42,-33,-43,-29,-40,-37,-38,-39,-41,-33,-35,-29,-31,-30,-39,-32,-33,-30,-27,-26,-29,-23,-29,-19,-26,-19,-27,-18,-30,-14,-26,-8,-26,-7,-24,-2,-25,5,-23,3,-20,13,-24,12,-24,15,-22,13,-22,18,-21,22,-20,29,-17,26,-18,29,-19,31,-14,35,-10,41,-10,41,-8,43,-5,52,-6,48,1,52,1,52,6,59,6,57,6,64,14,62,15,70,13,73,15,70,19,81,28,79,15,83,20,79,21,90,17,91,18,91,0,0]"
CSI_DATA,33,1a:00:00:00:00:00,-47,11,1,0,1,1,1,0,0,0,1,-96,0,11,2,673052,0,44,0,384,0,"[0,0,0,0,0,0,0,0,0,0,0,0,8,9,8,8,8,7,8,7,7,6,5,5,6,5,6,3,5,4,5,2,5,2,5,1,5,0,5,-1,5,-1,4,-2,4,-3,3,-3,3,-4,3,-4,3,-5,3,-6,2,-6,2,-8,2,-8,2,-8,0,0,2,-10,3,-10,2,-11,2,-11,3,-11,3,-11,3,-12,3,-12,4,-12,4,-11,4,-11,5,-11,5,-11,6,-11,6,-10,6,-10,6,-9,6,-9,6,-8,6,-7,6,-7,6,-7,7,-6,7,-5,7,-4,7,-3,0,0,0,0,0,0,0,0,0,0,0,0,0,0,46,66,43,67,48,62,41,59,43,57,38,51,38,45,38,41,33,35,36,35,34,28,31,24,36,25,32,19,29,15,30,9,31,4,25,3,25,-4,25,-3,27,-12,24,-12,19,-17,17,-21,20,-24,18,-29,18,-31,13,-37,17,-43,16,-48,16,-44,21,-49,20,-47,20,-50,18,-56,21,-56,23,-61,25,-57,31,-60,29,-60,31,-59,30,-61,32,-58,35,-56,36,-52,39,-53,39,-47,36,-48,35,-40,40,-39,40,-40,40,-35,36,-31,42,-28,40,-22,44,-17,41,-13,0,0,0,0,0,0,0,0,0,0,0,0,0,0,0,0,0,0,0,0,0,0,-24,-61,-16,-63,-12,-63,-8,-60,-1,-61,1,-61,2,-58,0,-56,4,-55,3,-50,9,-49,5,-46,4,-45,5,-41,3,-41,4,-40,-6,-34,4,-35,-7,-27,-10,-27,-10,-27,-11,-27,-14,-23,-20,-16,-19,-15,-16,-17,-22,-15,-25,-13,-29,-12,-30,-8,-30,-4,-39,-4,-31,-2,-37,-2,-40,-1,-43,9,-42,10,-40,11,-46,15,-45,22,-48,22,-48,27,-46,32,-53,36,-49,35,-51,49,-53,45,-54,47,-52,53,-66,55,-59,57,-64,58,-69,57,-66,58,-68,64,-71,59,-68,61,0,0]"
CSI_DATA,34,1a:00:00:00:00:00,-46,11,1,0,1,1,1,0,0,0,1,-96,0,11,2,683238,0,44,0,384,0,"[0,0,0,0,0,0,0,0,0,0,0,0,12,6,10,5,11,4,10,4,10,4,8,3,8,1,7,1,7,0,6,0,6,-1,5,-2,5,-2,5,-3,4,-3,3,-3,3,-5,2,-5,2,-5,1,-6,1,-7,0,-7,0,-8,0,-8,-1,-9,-1,-10,0,0,-2,-11,-1,-11,-2,-12,-2,-12,-2,-12,-1,-13,-2,-13,-2,-13,-2,-13,0,-14,0,-13,1,-14,1,-13,1,-13,2,-13,2,-12,2,-12,2,-11,3,-10,3,-10,3,-10,4,-9,5,-9,5,-8,5,-7,5,-6,0,0,0,0,0,0,0,0,0,0,0,0,0,0,34,22,31,21,31,21,28,20,26,19,24,16,25,16,24,12,23,11,20,9,18,7,19,5,19,4,18,3,16,2,14,-2,12,-4,12,-5,11,-6,9,-7,7,-9,8,-10,5,-12,5,-13,5,-15,3,-17,3,-18,1,-20,-1,-21,0,-22,-1,-24,-1,-25,-1,-28,-1,-28,-3,-29,0,-29,2,-32,-2,-33,1,-32,1,-32,2,-33,2,-34,3,-32,4,-33,5,-31,7,-32,8,-29,7,-29,7,-28,9,-24,9,-25,9,-24,10,-21,14,-23,13,-19,15,-17,17,-14,0,0,0,0,0,0,0,0,0,0,0,0,0,0,0,0,0,0,0,0,0,0,-16,-27,-15,-28,-12,-30,-11,-28,-7,-32,-5,-29,-5,-26,-4,-27,-5,-26,-3,-26,-2,-25,-3,-25,-3,-23,-3,-21,-4,-19,-3,-18,-4,-16,-5,-17,-5,-16,-7,-13,-8,-10,-8,-11,-8,-9,-10,-9,-11,-6,-12,-5,-13,-2,-15,-2,-15,-3,-13,0,-17,-1,-15,2,-17,3,-16,6,-18,7,-17,8,-20,10,-19,13,-21,13,-20,17,-17,15,-19,21,-19,20,-19,24,-17,24,-17,24,-19,27,-20,30,-19,35,-21,37,-19,35,-21,37,-21,36,-24,37,-24,40,-23,38,-25,38,0,0]"
CSI_DATA,35,1a:00:00:00:00:00,-46,11,1,0,1,1,1,0,0,0,1,-96,0,11,2,703152,0,44,0,384,0,"[0,0,0,0,0,0,0,0,0,0,0,0,9,-9,8,-9,6,-8,7,-8,6,-7,5,-8,4,-8,3,-7,3,-7,2,-6,2,-7,1,-6,0,-6,-1,-5,-1,-5,-2,-5,-3,-5,-4,-4,-4,-4,-5,-4,-5,-3,-6,-4,-6,-3,-7,-3,-8,-3,-9,-3,0,0,-10,-3,-10,-3,-11,-3,-11,-2,-11,-3,-12,-3,-12,-4,-12,-3,-12,-4,-11,-5,-12,-5,-11,-6,-11,-6,-11,-6,-10,-6,-11,-7,-9,-6,-10,-6,-9,-7,-8,-6,-8,-7,-6,-7,-6,-7,-5,-7,-4,-8,-3,-8,0,0,0,0,0,0,0,0,0,0,0,0,0,0,74,-41,68,-38,62,-40,58,-37,57,-43,50,-39,48,-35,44,-32,38,-31,33,-28,30,-32,21,-30,19,-31,17,-31,15,-28,9,-29,4,-28,7,-27,-1,-27,-7,-30,-12,-29,-13,-26,-20,-22,-21,-23,-24,-19,-27,-23,-31,-19,-33,-14,-42,-20,-47,-16,-47,-16,-52,-16,-49,-22,-52,-17,-54,-15,-53,-26,-56,-24,-59,-22,-60,-27,-55,-27,-57,-31,-55,-29,-59,-33,-58,-34,-49,-34,-52,-35,-43,-35,-50,-37,-43,-34,-37,-36,-37,-36,-37,-37,-34,-38,-31,-41,-24,-42,-20,-41,-16,-39,0,0,0,0,0,0,0,0,0,0,0,0,0,0,0,0,0,0,0,0,0,0,-63,5,-63,1,-64,-1,-62,-8,-58,-9,-54,-10,-50,-15,-51,-11,-54,-17,-52,-15,-46,-12,-42,-13,-46,-12,-45,-13,-40,-15,-35,-12,-33,-5,-32,-5,-30,-4,-27,-3,-24,-4,-29,4,-23,8,-24,5,-23,16,-16,17,-19,20,-14,22,-13,24,-10,28,-11,28,-10,31,-4,34,-6,38,-2,41,1,42,8,44,11,40,12,46,15,51,14,48,20,49,22,50,32,51,30,48,35,59,32,59,41,53,45,62,45,64,45,69,55,64,48,73,50,69,54,74,55,73,52,77,0,0]"
CSI_DATA,36,1a:00:00:00:00:00,-46,11,1,0,1,1,1,0,0,0,1,-96,0,11,2,713915,0,44,0,384,0,"[0,0,0,0,0,0,0,0,0,0,0,0,-9,10,-8,9,-6,9,-7,8,-7,7,-6,7,-5,7,-4,7,-3,6,-2,6,-2,6,-1,6,-1,5,1,4,1,4,2,4,3,4,3,3,4,2,4,2,5,2,6,1,6,1,7,1,8,1,8,0,0,0,9,0,10,1,10,0,11,0,10,0,11,1,11,1,11,1,12,2,12,2,12,2,11,2,11,3,11,3,11,3,10,4,10,3,9,4,9,4,8,4,8,5,7,5,6,5,5,5,5,6,4,6,0,0,0,0,0,0,0,0,0,0,0,0,0,0,-54,64,-52,62,-50,63,-41,56,-44,57,-33,48,-31,55,-30,46,-24,45,-24,41,-15,41,-12,38,-9,39,-13,30,-5,39,2,32,3,29,5,22,3,20,14,21,22,21,22,16,22,11,27,12,29,14,31,5,34,9,40,0,38,2,48,0,43,-3,44,-1,55,2,58,-1,60,-4,62,-1,67,0,59,-4,64,7,65,6,73,5,67,5,65,13,64,8,55,12,63,13,59,14,59,14,50,19,51,17,47,20,46,22,41,25,42,30,34,31,30,28,28,31,0,0,0,0,0,0,0,0,0,0,0,0,0,0,0,0,0,0,0,0,0,0,55,-33,54,-23,57,-24,59,-17,64,-12,57,-7,52,-9,54,0,53,-3,56,4,51,-1,46,-5,45,0,42,0,34,-2,36,-6,30,-8,29,-11,29,-7,24,-10,16,-11,20,-16,20,-18,14,-19,13,-18,6,-26,2,-22,7,-30,4,-26,-3,-33,-1,-33,-5,-31,-5,-36,-9,-38,-12,-37,-16,-34,-21,-41,-25,-42,-25,-33,-31,-39,-30,-34,-41,-40,-44,-37,-46,-46,-44,-32,-57,-45,-57,-38,-59,-38,-64,-42,-69,-47,-71,-42,-74,-40,-75,-47,-79,-48,-83,-49,-77,-49,-79,-56,0,0]"
CSI_DATA,37,1a:00:00:00:00:00,-47,11,1,0,1,1,1,0,0,0,1,-96,0,11,2,733521,0,44,0,384,0,"[0,0,0,0,0,0,0,0,0,0,0,0,7,-11,6,-11,4,-10,5,-10,4,-9,3,-9,2,-9,2,-8,1,-7,0,-7,0,-7,-1,-6,-1,-6,-2,-5,-2,-5,-3,-5,-4,-4,-4,-3,-5,-3,-6,-2,-6,-2,-7,-1,-7,-2,-8,-1,-8,-1,-9,-1,0,0,-10,-1,-10,0,-11,0,-11,0,-11,0,-12,0,-12,-1,-12,-1,-13,-1,-12,-2,-13,-2,-12,-3,-11,-3,-11,-3,-11,-4,-11,-4,-11,-4,-11,-4,-10,-4,-9,-5,-9,-5,-8,-5,-8,-5,-7,-6,-6,-6,-5,-6,0,0,0,0,0,0,0,0,0,0,0,0,0,0,51,-66,51,-61,43,-62,40,-61,44,-54,34,-51,35,-46,27,-46,24,-41,21,-41,18,-41,15,-38,9,-41,6,-34,6,-32,-1,-31,-5,-29,-6,-24,-7,-26,-14,-24,-19,-18,-17,-15,-23,-12,-25,-14,-27,-14,-31,-12,-36,-8,-38,-4,-43,-7,-46,2,-47,-2,-51,0,-53,-7,-54,-1,-57,-2,-61,-6,-67,-4,-65,-8,-64,-8,-65,-11,-66,-13,-65,-15,-63,-15,-63,-19,-55,-21,-58,-23,-56,-20,-56,-26,-52,-24,-51,-25,-46,-23,-45,-29,-42,-28,-37,-31,-31,-33,-28,-31,-24,-32,0,0,0,0,0,0,0,0,0,0,0,0,0,0,0,0,0,0,0,0,0,0,-54,35,-56,25,-61,19,-58,19,-63,16,-54,12,-54,7,-54,8,-54,8,-50,3,-47,2,-49,7,-47,4,-41,4,-38,3,-38,6,-33,10,-29,6,-28,9,-27,10,-22,11,-21,13,-15,20,-16,14,-15,18,-10,21,-10,23,-6,27,0,26,0,31,0,27,4,34,5,33,11,31,11,32,17,35,21,37,22,36,24,37,30,39,30,37,40,39,39,39,43,38,48,38,49,46,59,40,59,34,63,39,63,44,66,42,75,41,71,44,73,49,74,49,73,46,70,52,0,0]"
CSI_DATA,38,1a:00:00:00:00:00,-46,11,1,0,1,1,1,0,0,0,1,-96,0,11,2,763166,0,44,0,384,0,"[0,0,0,0,0,0,0,0,0,0,0,0,-12,-4,-12,-3,-11,-3,-11,-3,-10,-3,-10,-2,-9,-1,-8,-1,-8,0,-7,0,-7,0,-6,2,-6,2,-5,3,-4,3,-3,4,-3,4,-2,4,-2,5,-1,5,-1,5,0,6,1,6,1,7,1,7,2,8,0,0,3,9,2,9,3,11,3,10,2,10,2,11,3,12,2,11,2,11,1,11,1,12,0,11,0,11,0,12,-1,11,-1,11,-1,11,-2,10,-2,9,-2,9,-3,9,-3,9,-3,8,-4,7,-5,7,-5,6,0,0,0,0,0,0,0,0,0,0,0,0,0,0,-40,-15,-38,-14,-41,-12,-34,-11,-33,-10,-31,-9,-29,-7,-30,-5,-26,-6,-24,-6,-21,0,-21,-1,-19,0,-19,1,-16,2,-15,3,-13,7,-12,8,-10,8,-9,10,-6,12,-6,12,-2,14,-3,17,-2,13,0,18,3,21,4,19,4,22,7,22,6,22,11,25,10,26,8,27,11,25,7,31,9,30,11,29,8,33,7,32,6,32,6,32,4,34,4,32,3,30,0,31,0,29,-1,32,-1,26,-1,27,-2,26,-5,26,-4,25,-6,23,-8,22,-11,22,-11,19,0,0,0,0,0,0,0,0,0,0,0,0,0,0,0,0,0,0,0,0,0,0,22,21,20,22,20,23,18,24,16,26,14,25,13,24,10,25,12,25,11,24,11,23,9,21,11,22,9,17,8,18,7,16,10,14,7,12,11,11,7,10,10,8,12,8,9,4,13,4,12,2,10,0,13,-1,14,-3,14,-4,15,-5,12,-5,14,-9,16,-8,15,-11,15,-13,14,-13,14,-13,13,-19,13,-21,13,-22,11,-23,10,-28,11,-26,10,-28,8,-27,6,-35,6,-33,8,-34,8,-37,9,-41,11,-39,8,-40,12,-44,9,-44,10,-46,9,-47,12,-46,0,0]"
CSI_DATA,39,1a:00:00:00:00:00,-46,11,1,0,1,1,1,0,0,0,1,-96,0,11,2,773517,0,44,0,384,0,"[0,0,0,0,0,0,0,0,0,0,0,0,4,11,4,11,4,10,4,9,4,8,2,7,4,6,4,5,4,5,4,4,4,4,4,2,4,2,4,1,4,0,5,0,4,-1,4,-2,4,-3,4,-3,4,-4,4,-5,4,-5,4,-7,4,-7,4,-8,0,0,5,-9,6,-10,5,-9,5,-10,5,-10,6,-10,7,-11,6,-10,6,-10,7,-10,7,-10,7,-9,8,-9,7,-9,8,-8,8,-8,8,-8,7,-7,8,-7,7,-6,8,-5,8,-5,8,-4,7,-4,8,-2,7,-2,0,0,0,0,0,0,0,0,0,0,0,0,0,0,29,75,30,76,29,68,29,65,27,62,24,59,26,48,29,52,25,39,24,41,27,31,28,26,24,26,25,22,24,19,26,13,24,10,26,8,23,0,25,0,26,-4,24,-9,24,-13,21,-22,22,-21,21,-23,26,-30,20,-36,25,-36,20,-42,23,-43,26,-45,28,-48,26,-49,27,-52,30,-55,34,-54,30,-53,35,-52,32,-53,39,-50,41,-52,40,-47,43,-49,46,-44,43,-49,40,-45,39,-39,42,-34,42,-33,43,-31,42,-31,41,-27,39,-23,46,-17,44,-13,39,-9,0,0,0,0,0,0,0,0,0,0,0,0,0,0,0,0,0,0,0,0,0,0,3,-62,7,-61,15,-59,14,-58,17,-61,24,-55,20,-52,20,-52,23,-49,25,-44,24,-44,21,-45,21,-39,17,-35,12,-31,18,-27,9,-34,11,-31,5,-24,3,-27,-1,-25,2,-26,-7,-24,-7,-25,-14,-23,-12,-26,-16,-23,-20,-19,-22,-18,-28,-17,-28,-14,-35,-13,-38,-12,-35,-9,-36,-6,-36,-5,-39,-5,-44,-2,-42,4,-46,9,-51,10,-50,17,-54,16,-59,18,-53,18,-56,33,-61,32,-65,33,-62,33,-70,33,-74,30,-75,34,-78,36,-76,38,-83,40,-80,42,-78,41,0,0]"
CSI_DATA,40,1a:00:00:00:00:00,-46,11,1,0,1,1,1,0,0,0,1,-96,0,11,2,803838,0,44,0,384,0,"[0,0,0,0,0,0,0,0,0,0,0,0,10,-8,9,-8,8,-8,8,-7,7,-6,6,-6,5,-7,4,-7,4,-7,3,-6,3,-6,1,-6,0,-6,0,-6,-1,-5,-2,-5,-2,-5,-3,-4,-4,-4,-4,-4,-5,-4,-6,-4,-6,-4,-7,-4,-8,-4,-8,-4,0,0,-9,-4,-10,-4,-10,-4,-11,-4,-10,-4,-11,-5,-11,-5,-11,-5,-12,-6,-11,-6,-11,-6,-10,-7,-10,-7,-10,-7,-10,-7,-9,-8,-9,-8,-8,-7,-8,-7,-8,-7,-6,-8,-6,-8,-6,-8,-4,-8,-4,-8,-3,-8,0,0,0,0,0,0,0,0,0,0,0,0,0,0,69,-55,63,-49,54,-52,49,-49,52,-50,45,-43,43,-43,37,-40,35,-39,33,-40,20,-37,21,-36,15,-34,14,-32,10,-31,6,-32,4,-34,-2,-29,-7,-27,-10,-25,-17,-22,-16,-24,-19,-20,-24,-17,-27,-18,-30,-20,-32,-15,-39,-15,-40,-14,-49,-13,-47,-13,-54,-13,-54,-11,-56,-15,-58,-11,-62,-18,-63,-16,-65,-12,-63,-22,-64,-18,-63,-20,-64,-25,-64,-24,-64,-24,-59,-31,-60,-31,-53,-29,-52,-31,-48,-31,-46,-29,-43,-31,-41,-33,-39,-34,-34,-38,-28,-37,-25,-39,-17,-38,0,0,0,0,0,0,0,0,0,0,0,0,0,0,0,0,0,0,0,0,0,0,-64,14,-63,9,-63,6,-65,4,-62,-5,-59,-3,-54,-6,-52,-6,-59,-7,-51,-11,-47,-8,-51,-8,-49,-7,-41,-5,-44,-8,-40,-2,-35,0,-31,-3,-30,1,-32,7,-23,6,-28,12,-22,16,-17,19,-18,14,-14,23,-16,20,-16,22,-10,26,-8,30,-6,24,-5,38,-5,36,-3,36,1,42,8,39,11,37,15,39,15,45,17,45,27,44,24,48,27,44,35,51,34,50,44,52,46,53,53,51,54,52,49,58,58,62,61,59,60,66,57,61,59,67,69,67,66,66,0,0]"
CSI_DATA,41,1a:00:00:00:00:00,-46,11,1,0,1,1,1,0,0,0,1,-96,0,11,2,823066,0,44,0,384,0,"[0,0,0,0,0,0,0,0,0,0,0,0,-5,-12,-5,-12,-5,-10,-5,-11,-5,-9,-4,-8,-5,-7,-5,-7,-5,-6,-5,-5,-5,-5,-5,-3,-5,-2,-5,-2,-5,-2,-5,-1,-5,0,-5,1,-5,2,-5,3,-5,3,-5,4,-5,5,-5,5,-5,6,-5,6,0,0,-6,8,-5,8,-6,9,-6,8,-7,9,-7,9,-6,9,-7,10,-8,9,-8,9,-8,9,-8,8,-8,8,-8,8,-8,7,-9,8,-8,6,-9,6,-8,5,-8,5,-8,5,-8,4,-8,3,-8,3,-8,1,-8,0,0,0,0,0,0,0,0,0,0,0,0,0,0,0,-13,-84,-7,-78,-16,-77,-16,-73,-13,-70,-15,-64,-16,-57,-20,-59,-16,-46,-17,-46,-18,-43,-22,-41,-24,-34,-18,-26,-21,-21,-27,-17,-26,-16,-21,-12,-26,-11,-26,-4,-31,1,-26,3,-29,8,-29,12,-27,15,-28,19,-30,20,-30,30,-31,29,-34,38,-32,34,-36,39,-33,43,-42,48,-38,45,-46,47,-44,47,-45,50,-43,45,-48,43,-48,43,-50,43,-53,39,-52,42,-53,37,-57,34,-53,34,-54,33,-51,29,-46,26,-48,24,-48,21,-48,18,-48,8,-48,5,-45,1,-46,-1,0,0,0,0,0,0,0,0,0,0,0,0,0,0,0,0,0,0,0,0,0,0,-11,61,-16,60,-21,55,-27,59,-25,53,-30,49,-34,47,-31,48,-32,50,-26,38,-27,42,-28,40,-25,38,-24,35,-28,32,-22,35,-19,32,-15,29,-14,32,-12,30,-8,29,-5,25,1,28,8,25,12,24,13,23,14,21,15,26,19,24,25,23,23,21,31,20,30,15,31,16,37,17,37,15,41,11,45,10,43,8,51,4,53,1,52,-1,59,-3,56,-11,62,-9,68,-16,68,-15,69,-18,70,-24,75,-23,76,-24,84,-23,91,-21,82,-26,89,-25,88,-25,86,-21,0,0]"
CSI_DATA,42,1a:00:00:00:00:00,-46,11,1,0,1,1,1,0,0,0,1,-96,0,11,2,833048,0,44,0,384,0,"[0,0,0,0,0,0,0,0,0,0,0,0,-4,-13,-4,-11,-5,-11,-5,-10,-5,-10,-4,-8,-4,-8,-4,-7,-5,-7,-5,-5,-5,-5,-6,-4,-5,-3,-5,-2,-5,-1,-5,-1,-5,0,-5,0,-5,1,-5,2,-5,3,-5,4,-6,4,-6,5,-6,6,-6,6,0,0,-6,7,-7,8,-7,8,-7,8,-7,8,-7,9,-8,9,-8,9,-8,9,-9,8,-9,8,-9,7,-9,7,-9,7,-9,6,-9,6,-9,6,-9,5,-9,5,-9,4,-9,4,-9,3,-9,3,-9,2,-9,1,-8,0,0,0,0,0,0,0,0,0,0,0,0,0,0,0,-41,-73,-35,-74,-42,-64,-39,-62,-41,-63,-27,-55,-33,-49,-34,-47,-31,-43,-29,-35,-29,-31,-32,-27,-31,-25,-30,-17,-31,-18,-28,-14,-31,-8,-23,-3,-22,4,-24,4,-24,12,-22,14,-19,18,-15,20,-19,22,-12,29,-19,33,-19,35,-19,38,-19,43,-14,44,-18,51,-16,45,-19,55,-16,52,-19,58,-19,58,-20,60,-24,59,-23,57,-28,56,-30,57,-31,54,-30,56,-31,50,-32,56,-36,48,-33,49,-32,44,-32,44,-32,39,-32,42,-33,34,-35,28,-37,30,-36,23,-38,15,0,0,0,0,0,0,0,0,0,0,0,0,0,0,0,0,0,0,0,0,0,0,-5,61,-12,58,-15,60,-21,57,-20,53,-24,50,-17,51,-24,47,-23,49,-22,43,-24,43,-22,40,-18,43,-18,35,-19,35,-17,36,-8,33,-11,32,-5,30,-2,30,1,27,5,24,3,24,10,22,11,21,17,22,14,22,20,19,23,15,28,14,27,18,34,12,37,14,36,5,38,2,39,1,42,5,47,-2,42,-5,48,-8,47,-10,52,-18,51,-17,56,-24,55,-27,56,-34,56,-35,63,-38,60,-40,66,-43,66,-46,73,-48,79,-47,72,-49,81,-48,77,-48,73,-50,0,0]"
CSI_DATA,43,1a:00:00:00:00:00,-46,11,1,0,1,1,1,0,0,0,1,-96,0,11,2,853050,0,44,0,384,0,"[0,0,0,0,0,0,0,0,0,0,0,0,12,-5,11,-5,10,-4,10,-4,9,-4,8,-4,7,-5,6,-5,5,-5,4,-4,4,-5,3,-5,2,-5,1,-5,1,-5,-1,-5,-1,-5,-2,-6,-2,-5,-3,-5,-4,-5,-5,-5,-5,-6,-6,-6,-7,-6,-7,-6,0,0,-8,-6,-9,-7,-9,-7,-10,-7,-9,-8,-10,-8,-9,-8,-10,-9,-10,-9,-10,-9,-9,-10,-8,-10,-8,-9,-8,-10,-8,-10,-7,-9,-7,-9,-6,-9,-6,-9,-5,-9,-5,-9,-4,-9,-4,-9,-2,-9,-1,-9,-1,-8,0,0,0,0,0,0,0,0,0,0,0,0,0,0,78,-28,73,-28,75,-34,61,-29,59,-35,53,-27,55,-33,54,-28,43,-28,40,-31,31,-31,24,-24,23,-27,19,-25,13,-27,12,-25,13,-30,8,-23,2,-22,-4,-26,-8,-26,-8,-24,-14,-24,-19,-24,-23,-21,-25,-21,-28,-24,-34,-18,-39,-24,-43,-22,-42,-26,-45,-25,-44,-27,-51,-29,-55,-26,-57,-28,-57,-26,-57,-31,-58,-36,-55,-31,-55,-32,-50,-43,-48,-41,-51,-38,-46,-39,-47,-43,-42,-44,-43,-40,-36,-42,-38,-39,-34,-39,-34,-37,-31,-39,-21,-40,-19,-45,-17,-38,-10,-39,0,0,0,0,0,0,0,0,0,0,0,0,0,0,0,0,0,0,0,0,0,0,-61,-7,-62,-12,-60,-14,-61,-18,-58,-24,-55,-28,-52,-23,-47,-23,-49,-20,-49,-23,-42,-24,-39,-20,-43,-21,-38,-20,-34,-19,-36,-14,-36,-12,-32,-9,-33,-6,-31,-6,-27,1,-26,4,-24,5,-28,6,-26,8,-24,13,-23,17,-23,20,-20,23,-23,25,-16,24,-20,36,-13,36,-10,33,-13,40,-4,40,-3,43,-2,43,1,42,4,50,5,48,13,48,14,53,17,54,18,57,31,62,29,60,31,61,37,63,33,69,34,76,40,74,40,78,37,74,42,88,43,84,41,85,0,0]"
CSI_DATA,44,1a:00:00:00:00:00,-46,11,1,0,1,1,1,0,0,0,1,-96,0,11,2,863049,0,44,0,384,0,"[0,0,0,0,0,0,0,0,0,0,0,0,12,2,11,1,10,1,11,1,9,1,8,0,8,-1,7,-1,7,-2,5,-2,5,-2,4,-3,4,-3,3,-4,3,-4,2,-5,1,-5,1,-5,0,-6,0,-6,-1,-6,-2,-6,-2,-6,-3,-7,-3,-8,-4,-8,0,0,-5,-9,-5,-9,-6,-10,-5,-10,-5,-11,-5,-11,-5,-11,-5,-11,-5,-12,-5,-11,-5,-12,-4,-12,-4,-12,-4,-12,-3,-11,-3,-12,-2,-11,-2,-11,-2,-10,-1,-10,0,-10,0,-10,0,-9,1,-9,2,-8,2,-8,0,0,0,0,0,0,0,0,0,0,0,0,0,0,41,12,37,14,38,13,32,13,32,9,32,9,28,6,29,6,24,5,24,3,21,0,19,-2,19,-2,18,-3,14,-3,12,-4,13,-5,12,-9,11,-9,7,-9,6,-13,6,-14,1,-14,2,-17,-2,-17,-2,-17,-2,-18,-7,-20,-7,-21,-9,-23,-8,-23,-10,-27,-9,-25,-9,-28,-12,-27,-12,-29,-10,-29,-12,-31,-11,-31,-11,-34,-7,-32,-6,-35,-6,-34,-8,-35,-4,-32,-4,-30,-3,-31,-3,-31,-2,-28,-1,-28,-1,-28,2,-26,2,-27,4,-25,7,-22,8,-22,11,-20,0,0,0,0,0,0,0,0,0,0,0,0,0,0,0,0,0,0,0,0,0,0,-24,-24,-21,-24,-19,-27,-15,-27,-16,-26,-12,-26,-13,-26,-12,-24,-12,-27,-10,-24,-7,-24,-8,-22,-10,-22,-10,-22,-9,-20,-10,-18,-10,-16,-9,-15,-11,-12,-10,-12,-12,-10,-13,-8,-11,-7,-15,-5,-13,-4,-13,-3,-15,-4,-15,1,-15,-1,-17,3,-16,4,-17,7,-17,8,-17,9,-18,9,-18,12,-17,14,-17,15,-15,16,-15,23,-14,21,-13,23,-13,26,-14,28,-12,27,-10,28,-11,31,-11,35,-11,36,-12,39,-12,39,-10,43,-15,45,-14,41,-11,45,-12,47,-14,46,0,0]"
CSI_DATA,45,1a:00:00:00:00:00,-47,11,1,0,1,1,1,0,0,0,1,-96,0,11,2,893036,0,44,0,384,0,"[0,0,0,0,0,0,0,0,0,0,0,0,-4,11,-3,11,-2,10,-3,10,-2,9,-2,9,-1,8,0,7,0,7,1,6,1,6,2,5,2,4,3,3,3,3,4,2,3,2,4,1,5,0,5,0,6,-1,6,-1,6,-2,7,-3,7,-3,8,-3,0,0,9,-4,9,-4,10,-4,9,-5,10,-4,11,-5,10,-5,11,-4,11,-4,11,-3,11,-3,11,-3,11,-3,11,-2,10,-1,11,-1,10,-1,10,-1,10,0,9,0,9,0,8,1,8,1,8,2,7,2,6,3,0,0,0,0,0,0,0,0,0,0,0,0,0,0,-48,68,-46,64,-39,63,-39,59,-35,61,-32,51,-30,53,-25,51,-22,45,-16,40,-14,43,-13,38,-10,38,-4,34,-2,36,4,26,5,26,7,26,11,21,19,18,22,16,22,13,24,8,25,9,28,6,33,8,36,5,43,1,41,0,49,-3,46,-5,50,-6,52,-1,57,-3,55,-5,55,-3,60,-6,60,-3,61,2,58,3,64,3,67,6,62,11,62,9,56,7,62,11,53,13,61,16,52,13,50,12,49,17,46,14,45,19,42,24,36,24,36,26,29,27,0,0,0,0,0,0,0,0,0,0,0,0,0,0,0,0,0,0,0,0,0,0,51,-38,50,-30,57,-29,55,-25,61,-22,56,-18,50,-18,52,-11,55,-14,52,-13,49,-10,44,-11,45,-11,39,-11,37,-9,37,-15,33,-13,31,-15,30,-16,21,-18,21,-15,21,-23,18,-22,11,-25,16,-25,9,-28,8,-29,4,-30,0,-32,-2,-32,-4,-34,-8,-36,-8,-37,-15,-38,-16,-38,-19,-40,-24,-39,-26,-40,-31,-41,-33,-37,-33,-38,-45,-36,-42,-39,-49,-36,-48,-36,-50,-34,-60,-34,-65,-35,-63,-36,-72,-42,-70,-37,-76,-41,-73,-43,-79,-43,-80,-46,-77,-41,-78,-47,0,0]"
CSI_DATA,46,1a:00:00:00:00:00,-46,11,1,0,1,1,1,0,0,0,1,-96,0,11,2,903311,0,44,0,384,0,"[0,0,0,0,0,0,0,0,0,0,0,0,-10,-8,-11,-7,-10,-6,-10,-6,-9,-5,-8,-4,-8,-4,-8,-3,-7,-3,-7,-2,-7,-1,-6,-1,-6,0,-5,1,-5,2,-5,2,-4,3,-4,4,-3,4,-3,5,-2,5,-2,6,-2,6,-2,7,-1,8,-1,8,0,0,-1,9,-2,10,-1,11,0,11,-1,11,-2,11,-1,12,-2,11,-2,12,-2,11,-3,12,-3,11,-4,11,-4,11,-5,10,-4,10,-5,10,-5,9,-5,8,-5,8,-6,8,-6,7,-6,6,-7,6,-7,4,-7,4,0,0,0,0,0,0,0,0,0,0,0,0,0,0,-56,-55,-58,-57,-58,-56,-50,-49,-50,-47,-47,-47,-41,-40,-44,-38,-37,-28,-43,-28,-38,-23,-37,-19,-37,-17,-34,-10,-30,-8,-28,-4,-31,2,-26,4,-25,6,-23,12,-25,13,-19,16,-16,18,-14,21,-12,27,-16,31,-11,29,-9,40,-12,43,-11,43,-11,45,-12,53,-12,48,-8,58,-10,55,-18,58,-11,57,-11,62,-16,61,-20,62,-19,55,-23,62,-27,61,-25,59,-25,57,-29,52,-29,54,-25,52,-32,48,-27,41,-27,41,-31,44,-29,38,-33,34,-33,30,-34,24,-36,16,0,0,0,0,0,0,0,0,0,0,0,0,0,0,0,0,0,0,0,0,0,0,27,56,24,55,21,57,16,60,13,56,7,59,8,55,7,53,3,53,7,50,0,49,-1,48,7,44,10,45,6,42,2,38,5,38,7,33,11,25,15,28,14,26,19,25,20,20,22,18,22,13,22,15,24,11,29,9,30,7,35,0,31,1,36,-2,38,-5,35,-8,42,-8,38,-12,41,-14,44,-17,43,-27,46,-25,45,-29,43,-34,47,-38,48,-40,45,-45,42,-51,45,-49,41,-54,43,-60,48,-60,51,-59,52,-64,56,-66,54,-62,58,-71,59,-77,56,-66,0,0]"
CSI_DATA,47,1a:00:00:00:00:00,-46,11,1,0,1,1,1,0,0,0,1,-96,0,11,2,913567,0,44,0,384,0,"[0,0,0,0,0,0,0,0,0,0,0,0,6,-11,5,-11,4,-10,4,-9,3,-9,3,-8,2,-8,1,-8,1,-7,0,-6,0,-7,-1,-6,-1,-5,-2,-5,-3,-5,-3,-5,-4,-4,-4,-4,-5,-3,-5,-3,-6,-2,-6,-2,-6,-2,-7,-1,-8,-2,-9,-1,0,0,-10,-1,-10,-1,-11,-1,-11,-1,-11,-1,-11,-2,-12,-1,-12,-2,-12,-2,-12,-3,-12,-3,-11,-4,-11,-4,-11,-4,-11,-5,-10,-5,-10,-5,-9,-5,-9,-5,-8,-5,-8,-6,-7,-6,-6,-6,-6,-6,-5,-7,-4,-7,0,0,0,0,0,0,0,0,0,0,0,0,0,0,39,-74,36,-68,34,-70,33,-68,27,-65,30,-58,21,-56,18,-56,19,-47,11,-42,6,-47,3,-37,0,-39,1,-34,-2,-32,-9,-30,-8,-28,-16,-27,-16,-20,-19,-17,-26,-15,-21,-17,-24,-8,-27,-4,-27,-6,-34,-1,-39,-4,-41,-1,-46,1,-48,5,-50,6,-55,9,-50,5,-58,9,-55,15,-60,6,-59,11,-57,10,-65,4,-66,5,-61,3,-65,-1,-67,-1,-60,-10,-59,-8,-62,-5,-58,-8,-59,-14,-56,-11,-51,-12,-51,-12,-51,-15,-48,-16,-45,-19,-40,-26,-38,-29,-28,-28,0,0,0,0,0,0,0,0,0,0,0,0,0,0,0,0,0,0,0,0,0,0,-42,41,-50,37,-49,33,-52,29,-51,27,-53,24,-51,29,-48,22,-48,22,-48,15,-43,15,-43,14,-46,17,-43,13,-36,10,-33,16,-33,20,-28,17,-25,14,-24,18,-19,17,-17,23,-12,19,-13,22,-9,27,-6,26,-7,30,1,29,1,32,4,30,10,33,8,36,13,36,20,33,20,36,20,31,26,34,29,37,32,31,35,36,37,31,44,30,45,34,51,34,53,26,58,34,64,30,67,23,67,22,73,29,71,32,77,31,78,34,81,30,89,39,86,34,84,37,0,0]"
CSI_DATA,48,1a:00:00:00:00:00,-46,11,1,0,1,1,1,0,0,0,1,-96,0,11,2,925029,0,44,0,384,0,"[0,0,0,0,0,0,0,0,0,0,0,0,-10,8,-10,8,-8,8,-8,8,-7,6,-7,6,-6,6,-5,6,-4,6,-3,5,-3,5,-2,5,-1,5,0,4,0,4,1,4,1,4,2,3,3,3,3,3,4,3,5,2,5,3,6,2,7,3,8,2,0,0,9,2,9,3,10,3,10,2,10,3,10,4,10,4,10,4,11,4,10,4,10,5,9,5,9,5,9,6,9,6,9,6,8,6,8,6,7,6,6,6,6,6,5,6,4,6,4,6,3,7,2,7,0,0,0,0,0,0,0,0,0,0,0,0,0,0,-65,48,-65,45,-62,47,-52,43,-55,44,-49,40,-48,38,-42,39,-37,34,-31,34,-30,34,-21,34,-18,32,-18,25,-9,26,-6,30,-9,29,2,26,2,27,7,22,14,25,12,26,18,22,22,18,23,22,28,14,31,17,37,12,39,13,47,12,45,17,51,13,49,16,51,13,55,12,59,21,52,21,57,22,56,25,58,23,61,24,54,25,57,27,57,28,50,31,50,32,47,34,47,36,43,32,41,32,38,35,40,36,31,36,29,34,23,36,22,35,16,38,0,0,0,0,0,0,0,0,0,0,0,0,0,0,0,0,0,0,0,0,0,0,53,-25,57,-15,57,-13,63,-9,57,-8,57,-3,50,-3,53,0,55,3,49,1,50,-1,45,2,45,-4,44,-3,37,1,33,-5,37,-5,36,-4,33,-8,27,-5,24,-9,26,-14,20,-19,20,-19,21,-19,15,-25,13,-24,13,-30,6,-29,6,-36,7,-35,6,-40,6,-38,-2,-35,-3,-46,-5,-41,-8,-44,-13,-44,-15,-44,-20,-48,-21,-47,-30,-49,-29,-50,-34,-48,-38,-49,-45,-49,-42,-51,-47,-53,-49,-53,-47,-59,-57,-58,-58,-60,-57,-64,-58,-63,-63,-72,-64,-70,-62,-68,0,0]"
CSI_DATA,49,1a:00:00:00:00:00,-46,11,1,0,1,1,1,0,0,0,1,-96,0,11,2,932991,0,44,0,384,0,"[0,0,0,0,0,0,0,0,0,0,0,0,-13,1,-13,1,-11,1,-11,1,-10,1,-9,1,-8,2,-8,2,-7,2,-6,2,-6,3,-5,3,-4,3,-3,3,-3,3,-2,4,-1,4,-1,5,0,4,0,5,1,5,2,5,2,6,3,5,4,6,4,6,0,0,5,7,5,8,5,9,6,8,6,8,6,9,6,9,5,9,6,10,5,9,5,10,4,10,4,10,3,10,3,10,3,10,2,10,2,9,1,9,1,8,1,9,0,8,-1,8,-1,7,-2,7,-3,6,0,0,0,0,0,0,0,0,0,0,0,0,0,0,-85,1,-77,2,-78,6,-69,3,-67,12,-61,8,-58,11,-59,8,-48,14,-44,11,-39,12,-36,15,-34,15,-30,17,-28,16,-22,22,-18,27,-14,22,-11,24,-6,21,-2,25,3,23,5,23,11,28,9,28,13,31,19,27,25,29,26,32,31,32,30,33,40,36,34,35,37,39,41,37,45,45,41,48,42,46,39,48,37,48,35,48,39,48,38,52,37,53,35,48,33,50,26,52,26,52,27,49,18,46,18,47,15,47,16,44,8,42,8,45,0,44,-6,40,0,0,0,0,0,0,0,0,0,0,0,0,0,0,0,0,0,0,0,0,0,0,58,21,51,27,51,31,50,34,47,35,41,32,38,36,39,35,39,35,41,34,38,31,34,29,36,30,37,30,28,27,26,21,31,19,27,15,29,12,29,9,31,7,32,6,30,1,24,-4,28,-6,20,-14,25,-12,31,-17,24,-14,29,-24,24,-19,27,-26,26,-27,23,-34,24,-36,21,-40,20,-37,17,-44,13,-48,10,-50,9,-51,6,-54,6,-56,3,-61,-2,-63,0,-70,-6,-68,-13,-70,-11,-73,-13,-78,-12,-78,-20,-80,-11,-88,-16,-85,-17,-92,-19,-92,-13,-93,0,0]"
CSI_DATA,50,1a:00:00:00:00:00,-47,11,1,0,1,1,1,0,0,0,1,-96,0,11,2,943514,0,44,0,384,0,"[0,0,0,0,0,0,0,0,0,0,0,0,9,-8,9,-8,7,-8,7,-8,6,-7,6,-7,4,-7,3,-7,3,-7,2,-6,2,-6,1,-6,0,-6,-1,-5,-1,-5,-2,-5,-3,-4,-3,-4,-4,-4,-5,-4,-5,-3,-6,-3,-6,-3,-7,-3,-8,-3,-9,-3,0,0,-9,-3,-10,-3,-10,-3,-11,-3,-10,-3,-11,-4,-11,-4,-11,-4,-12,-4,-11,-5,-11,-5,-10,-5,-10,-5,-10,-6,-10,-6,-10,-6,-9,-6,-9,-6,-8,-6,-8,-6,-7,-7,-6,-7,-6,-6,-5,-7,-5,-7,-3,-7,0,0,0,0,0,0,0,0,0,0,0,0,0,0,75,-38,68,-39,70,-39,61,-38,56,-36,54,-31,49,-31,47,-32,41,-30,36,-28,30,-32,24,-31,20,-31,22,-26,20,-27,12,-30,9,-30,7,-28,0,-24,-6,-26,-13,-27,-10,-24,-15,-18,-19,-24,-25,-25,-24,-19,-30,-20,-31,-20,-37,-20,-43,-18,-43,-22,-48,-23,-47,-20,-52,-27,-49,-24,-57,-29,-56,-27,-59,-25,-56,-33,-58,-29,-53,-31,-52,-39,-50,-37,-50,-36,-45,-40,-45,-39,-45,-40,-41,-39,-41,-39,-36,-39,-37,-36,-32,-37,-30,-39,-25,-39,-20,-42,-17,-42,-8,-40,0,0,0,0,0,0,0,0,0,0,0,0,0,0,0,0,0,0,0,0,0,0,-64,10,-64,2,-61,4,-65,-1,-61,-9,-59,-12,-52,-7,-55,-10,-53,-5,-50,-14,-49,-12,-45,-11,-46,-8,-44,-11,-42,-9,-38,-5,-43,-3,-35,-2,-35,2,-33,2,-32,4,-28,13,-27,12,-28,11,-24,12,-17,21,-22,19,-17,26,-16,26,-13,30,-14,32,-13,39,-6,38,-1,40,-6,44,-1,43,0,44,4,44,5,43,9,48,10,49,21,52,15,54,26,54,28,53,29,60,39,60,38,58,43,62,39,64,41,69,48,68,44,74,46,70,51,80,53,80,48,76,0,0]"
CSI_DATA,51,1a:00:00:00:00:00,-47,11,1,0,1,1,1,0,0,0,1,-96,0,11,2,954879,0,44,0,384,0,"[0,0,0,0,0,0,0,0,0,0,0,0,12,1,11,1,11,0,10,0,9,0,8,0,7,-1,7,-2,6,-2,5,-2,5,-3,4,-3,4,-3,3,-4,3,-3,2,-5,1,-5,0,-5,0,-5,0,-6,-1,-6,-2,-6,-2,-7,-3,-7,-3,-8,-4,-8,0,0,-5,-9,-5,-9,-5,-9,-5,-10,-5,-10,-5,-11,-5,-11,-5,-11,-5,-11,-4,-11,-4,-11,-3,-12,-3,-11,-3,-11,-3,-11,-3,-11,-2,-11,-2,-10,-1,-10,-1,-9,0,-9,0,-9,1,-9,1,-9,2,-8,3,-7,0,0,0,0,0,0,0,0,0,0,0,0,0,0,90,10,80,4,81,0,71,5,71,2,67,5,60,-2,56,-3,52,-8,48,-10,42,-7,40,-10,36,-12,33,-14,29,-16,22,-20,25,-24,18,-18,13,-27,8,-26,4,-25,1,-29,0,-31,-5,-31,-7,-33,-16,-31,-13,-35,-24,-36,-25,-37,-27,-37,-28,-36,-34,-43,-29,-45,-36,-51,-37,-44,-38,-49,-37,-51,-38,-55,-39,-56,-32,-57,-36,-52,-30,-59,-31,-59,-28,-60,-25,-54,-22,-57,-20,-58,-22,-53,-17,-54,-16,-51,-9,-48,-8,-54,-11,-52,-4,-46,-1,-48,4,-46,12,-42,0,0,0,0,0,0,0,0,0,0,0,0,0,0,0,0,0,0,0,0,0,0,-56,-27,-52,-36,-51,-35,-50,-41,-46,-40,-44,-45,-41,-42,-38,-40,-39,-43,-36,-38,-33,-41,-33,-32,-32,-33,-35,-36,-33,-30,-26,-27,-33,-23,-26,-25,-29,-18,-26,-17,-30,-15,-36,-7,-26,-7,-28,-2,-31,4,-30,5,-26,7,-28,14,-31,9,-31,19,-24,16,-32,22,-27,27,-29,27,-25,33,-28,35,-19,38,-20,41,-19,46,-14,48,-21,49,-16,54,-13,60,-10,59,-2,60,-10,64,-9,70,1,70,-7,80,2,80,2,82,5,87,1,92,1,86,2,94,6,101,-4,90,0,0]"
CSI_DATA,52,1a:00:00:00:00:00,-47,11,1,0,1,1,1,0,0,0,1,-96,0,11,2,963037,0,44,0,384,0,"[0,0,0,0,0,0,0,0,0,0,0,0,12,1,11,0,10,1,10,1,9,0,8,0,8,-2,7,-2,6,-2,5,-2,5,-3,4,-3,4,-3,3,-4,3,-4,2,-4,1,-5,1,-5,0,-5,-1,-6,-1,-5,-2,-6,-2,-6,-3,-7,-3,-8,-4,-8,0,0,-5,-9,-4,-9,-5,-10,-5,-10,-4,-10,-5,-11,-5,-11,-5,-11,-5,-11,-4,-11,-4,-12,-3,-11,-3,-11,-3,-11,-2,-11,-1,-11,-2,-10,-1,-10,-1,-10,-1,-9,0,-9,1,-9,1,-8,2,-8,2,-8,3,-7,0,0,0,0,0,0,0,0,0,0,0,0,0,0,82,17,78,20,79,11,65,16,61,9,60,15,56,7,59,3,51,2,47,0,44,0,40,-3,37,-6,30,-6,27,-13,23,-13,24,-14,20,-16,14,-20,13,-20,8,-23,4,-25,5,-29,-2,-27,-2,-30,-9,-33,-11,-35,-13,-40,-17,-38,-21,-38,-20,-42,-23,-47,-20,-47,-26,-50,-25,-48,-23,-56,-27,-57,-27,-56,-24,-58,-20,-58,-22,-59,-20,-62,-18,-61,-19,-61,-13,-59,-10,-61,-11,-57,-7,-54,-5,-55,-5,-51,-4,-53,0,-48,2,-50,4,-48,7,-43,11,-42,17,-40,0,0,0,0,0,0,0,0,0,0,0,0,0,0,0,0,0,0,0,0,0,0,-54,-30,-48,-34,-51,-37,-44,-42,-45,-42,-40,-45,-39,-43,-34,-41,-34,-44,-32,-40,-29,-42,-29,-36,-31,-36,-26,-36,-26,-32,-26,-29,-29,-24,-28,-26,-24,-22,-26,-16,-27,-17,-29,-15,-28,-6,-28,-4,-26,-5,-32,2,-30,2,-30,6,-34,8,-32,15,-29,15,-35,23,-34,23,-32,24,-27,28,-29,27,-29,34,-24,36,-27,39,-22,48,-22,46,-19,50,-20,54,-16,57,-14,60,-6,59,-11,65,-8,70,-8,74,-9,76,-6,82,-9,83,-13,84,-10,85,-12,93,-10,91,-14,90,0,0]"
CSI_DATA,53,1a:00:00:00:00:00,-47,11,1,0,1,1,1,0,0,0,1,-96,0,11,2,973030,0,44,0,384,0,"[0,0,0,0,0,0,0,0,0,0,0,0,11,6,10,5,10,5,9,4,9,4,7,3,8,2,6,1,6,1,6,0,6,-1,5,-1,5,-1,4,-2,4,-3,3,-4,3,-4,2,-4,1,-5,1,-6,1,-6,0,-7,0,-7,-1,-8,0,-9,-1,-9,0,0,-2,-10,-2,-11,-2,-11,-2,-11,-1,-11,-1,-12,-1,-12,-1,-12,-1,-12,-1,-12,0,-13,1,-12,1,-12,1,-12,2,-11,2,-11,2,-11,2,-10,2,-10,2,-9,3,-9,3,-9,4,-8,4,-8,4,-6,4,-6,0,0,0,0,0,0,0,0,0,0,0,0,0,0,74,42,68,37,63,35,58,33,62,33,55,28,54,26,52,20,49,19,40,22,42,16,41,10,39,6,35,4,31,3,27,-2,26,-11,24,-12,23,-12,23,-15,20,-16,16,-21,14,-23,9,-26,7,-29,7,-34,4,-36,-5,-39,-5,-44,-5,-47,-4,-47,0,-51,-2,-51,-3,-57,-4,-52,-4,-59,-5,-64,-4,-61,1,-63,0,-63,-1,-67,7,-66,5,-63,5,-67,11,-60,11,-63,14,-61,14,-56,15,-51,19,-54,17,-45,20,-43,20,-42,23,-42,24,-35,29,-33,27,-25,0,0,0,0,0,0,0,0,0,0,0,0,0,0,0,0,0,0,0,0,0,0,-46,-42,-39,-46,-37,-51,-36,-51,-30,-48,-26,-47,-27,-47,-22,-50,-25,-52,-25,-44,-18,-47,-19,-45,-20,-39,-16,-39,-18,-37,-17,-35,-23,-32,-17,-30,-22,-25,-20,-20,-21,-19,-23,-18,-20,-14,-28,-11,-25,-10,-33,-4,-30,-6,-30,1,-34,-4,-37,9,-33,8,-37,13,-33,13,-37,18,-40,18,-39,24,-36,24,-37,26,-38,34,-35,36,-36,36,-36,45,-31,44,-31,50,-27,49,-33,54,-32,56,-31,63,-31,69,-33,73,-34,70,-33,81,-35,73,-38,79,-39,81,-36,86,-43,79,0,0]"
CSI_DATA,54,1a:00:00:00:00:00,-46,11,1,0,1,1,1,0,0,0,1,-96,0,11,2,983029,0,44,0,384,0,"[0,0,0,0,0,0,0,0,0,0,0,0,4,11,4,10,4,10,4,10,4,8,4,7,4,6,4,6,4,5,4,4,4,4,4,3,4,2,4,1,4,0,4,0,4,-1,4,-2,4,-2,4,-3,4,-4,4,-5,4,-5,4,-6,5,-7,4,-7,0,0,5,-8,5,-8,6,-9,5,-9,6,-9,6,-10,6,-10,6,-9,7,-10,8,-9,8,-9,8,-8,8,-8,8,-8,8,-7,8,-7,8,-7,8,-6,8,-6,7,-5,8,-4,8,-4,8,-3,8,-3,8,-1,7,-1,0,0,0,0,0,0,0,0,0,0,0,0,0,0,27,77,29,75,29,65,25,60,33,64,22,54,28,50,26,47,26,44,24,40,28,34,27,31,24,30,25,22,28,14,25,13,28,7,30,1,22,0,25,0,23,-7,25,-11,19,-15,18,-17,21,-18,20,-26,23,-30,15,-38,22,-36,20,-41,21,-43,20,-48,25,-48,23,-51,23,-53,25,-54,30,-56,28,-54,32,-54,34,-55,31,-53,35,-56,36,-51,36,-50,37,-46,38,-46,41,-42,39,-42,36,-39,40,-36,41,-36,41,-33,38,-26,38,-25,40,-23,39,-19,39,-10,0,0,0,0,0,0,0,0,0,0,0,0,0,0,0,0,0,0,0,0,0,0,-3,-62,9,-61,10,-57,15,-60,14,-59,15,-56,21,-51,17,-53,19,-54,20,-50,21,-45,14,-48,16,-47,10,-43,12,-38,13,-36,9,-39,4,-33,4,-32,-1,-33,1,-30,-5,-27,-7,-31,-12,-29,-11,-29,-16,-22,-20,-26,-21,-22,-27,-21,-30,-18,-28,-20,-37,-16,-35,-15,-39,-15,-39,-8,-46,-8,-47,-5,-46,-5,-45,2,-52,8,-52,7,-54,11,-61,9,-60,15,-54,22,-66,28,-59,22,-62,31,-66,35,-73,34,-69,39,-75,43,-77,41,-80,41,-81,40,-83,43,-81,38,0,0]"
CSI_DATA,55,1a:00:00:00:00:00,-47,11,1,0,1,1,1,0,0,0,1,-96,0,11,2,993015,0,44,0,384,0,"[0,0,0,0,0,0,0,0,0,0,0,0,0,12,1,12,2,10,2,10,1,9,1,8,2,8,2,7,2,6,2,5,3,5,3,4,4,3,4,2,4,2,4,1,4,0,4,0,4,-2,5,-2,5,-3,5,-4,5,-4,6,-5,6,-6,6,-6,0,0,7,-7,7,-7,8,-8,7,-8,8,-8,8,-8,8,-8,8,-8,9,-8,9,-7,10,-7,9,-7,9,-6,10,-6,10,-5,10,-5,9,-5,9,-4,9,-4,8,-4,9,-3,8,-3,8,-2,8,-1,8,0,7,1,0,0,0,0,0,0,0,0,0,0,0,0,0,0,-4,41,-3,37,-2,39,-3,37,1,33,1,32,-2,27,0,28,3,24,2,24,7,22,6,17,5,17,5,15,6,15,6,11,9,9,9,8,10,5,9,3,14,2,12,1,14,-2,11,-4,13,-6,15,-7,15,-10,16,-12,16,-13,18,-16,18,-14,21,-16,21,-15,22,-19,22,-18,26,-18,23,-19,25,-19,26,-17,27,-19,26,-18,27,-19,27,-14,26,-15,24,-14,27,-12,26,-11,26,-10,25,-9,26,-10,25,-8,24,-7,23,-5,21,-2,21,0,23,1,20,3,0,0,0,0,0,0,0,0,0,0,0,0,0,0,0,0,0,0,0,0,0,0,14,-28,15,-27,17,-23,19,-22,21,-25,22,-21,19,-20,18,-18,19,-18,20,-15,20,-17,16,-16,18,-19,15,-15,14,-13,12,-15,12,-14,10,-14,8,-14,7,-14,5,-14,5,-14,2,-15,1,-16,-1,-14,-2,-14,-3,-14,-6,-16,-4,-14,-8,-15,-11,-13,-12,-15,-13,-14,-14,-12,-16,-15,-17,-12,-18,-14,-20,-12,-21,-11,-24,-10,-25,-8,-26,-8,-28,-6,-30,-6,-32,-4,-32,-1,-34,-1,-35,0,-35,0,-38,-2,-39,-1,-42,0,-46,-1,-44,0,-48,-1,-46,0,-44,-2,0,0]"
CSI_DATA,56,1a:00:00:00:00:00,-47,11,1,0,1,1,1,0,0,0,1,-96,0,11,2,1003057,0,44,0,384,0,"[0,0,0,0,0,0,0,0,0,0,0,0,-13,1,-13,1,-11,1,-11,1,-10,1,-9,2,-8,2,-7,2,-7,2,-6,2,-5,3,-5,3,-4,3,-3,3,-3,3,-2,4,-1,4,0,4,0,4,1,5,2,5,3,5,3,5,4,5,4,5,5,6,0,0,7,6,6,7,7,8,8,6,7,7,7,8,7,8,7,8,7,8,7,8,7,9,6,9,5,9,5,9,5,9,5,9,4,9,4,9,3,8,3,8,2,8,2,8,1,8,0,7,0,7,-1,7,0,0,0,0,0,0,0,0,0,0,0,0,0,0,-41,-19,-37,-18,-41,-13,-30,-14,-33,-14,-30,-10,-31,-11,-31,-12,-25,-5,-23,-4,-22,-4,-21,-1,-19,-2,-17,0,-15,0,-15,5,-15,5,-13,8,-11,9,-8,10,-6,10,-5,11,-1,15,0,13,-2,15,1,17,1,17,6,17,5,19,7,22,6,23,8,25,6,25,10,28,9,25,11,30,10,30,9,28,7,32,9,31,7,29,3,34,4,33,3,34,3,32,2,29,-1,30,0,29,-2,29,-2,26,-3,27,-3,25,-4,27,-7,23,-8,23,-9,20,-11,17,0,0,0,0,0,0,0,0,0,0,0,0,0,0,0,0,0,0,0,0,0,0,22,24,21,24,19,25,17,28,14,26,14,25,12,24,8,26,10,25,10,22,9,24,8,21,11,21,11,20,8,20,8,18,9,17,9,15,9,14,11,11,11,9,11,10,11,5,12,7,12,5,15,0,12,-2,15,-1,15,-1,18,-5,12,-4,18,-7,17,-9,17,-14,18,-12,17,-14,16,-13,15,-16,15,-19,16,-20,15,-22,14,-24,16,-25,14,-27,11,-30,13,-33,11,-32,12,-34,13,-38,12,-37,13,-38,13,-39,15,-44,12,-42,15,-46,14,-46,14,-44,0,0]"
CSI_DATA,57,1a:00:00:00:00:00,-47,11,1,0,1,1,1,0,0,0,1,-96,0,11,2,1013216,0,44,0,384,0,"[0,0,0,0,0,0,0,0,0,0,0,0,-5,12,-4,11,-4,10,-3,10,-3,8,-3,8,-1,8,-1,7,-1,7,0,5,0,5,1,5,2,4,2,3,2,3,3,2,4,1,4,1,4,1,5,0,5,0,6,-1,6,-1,7,-2,8,-2,8,-3,0,0,8,-3,9,-3,10,-4,10,-4,10,-3,11,-3,11,-4,10,-3,11,-3,11,-2,12,-2,11,-1,11,-1,10,-1,10,0,10,0,10,-1,10,0,9,0,9,1,8,2,8,2,8,3,7,3,6,4,5,4,0,0,0,0,0,0,0,0,0,0,0,0,0,0,-35,75,-30,71,-26,73,-24,65,-25,63,-26,58,-21,53,-19,53,-11,42,-12,45,-8,45,-2,36,-2,35,-2,32,0,29,11,28,9,24,16,18,18,16,20,11,22,10,21,12,22,4,29,2,30,-2,30,-6,34,-5,34,-9,39,-11,43,-15,42,-16,52,-16,47,-15,55,-19,56,-18,61,-16,57,-16,60,-17,58,-14,60,-14,60,-9,62,-14,66,-12,64,-9,59,-4,60,-6,58,-5,57,1,54,-3,50,6,53,5,51,4,47,8,42,13,42,16,39,19,35,19,0,0,0,0,0,0,0,0,0,0,0,0,0,0,0,0,0,0,0,0,0,0,41,-46,43,-43,44,-37,52,-33,51,-31,49,-28,46,-25,48,-24,50,-25,45,-21,48,-19,42,-18,41,-24,38,-21,38,-17,32,-20,29,-26,29,-20,22,-21,21,-22,18,-22,17,-27,10,-24,7,-24,5,-26,1,-31,2,-32,-2,-31,-4,-31,-10,-32,-14,-34,-14,-35,-15,-37,-20,-34,-21,-35,-28,-37,-27,-34,-34,-33,-35,-35,-42,-31,-42,-37,-47,-34,-52,-28,-48,-29,-55,-30,-65,-23,-65,-27,-71,-22,-73,-24,-71,-26,-75,-28,-81,-24,-84,-26,-81,-22,-89,-29,-87,-25,-83,-30,0,0]"
CSI_DATA,58,1a:00:00:00:00:00,-47,11,1,0,1,1,1,0,0,0,1,-96,0,11,2,1023034,0,44,0,384,0,"[0,0,0,0,0,0,0,0,0,0,0,0,-9,-10,-9,-9,-9,-8,-8,-8,-8,-7,-7,-6,-7,-5,-7,-4,-6,-4,-6,-3,-6,-2,-6,-1,-5,-1,-5,0,-4,1,-5,2,-4,3,-4,3,-4,3,-3,4,-3,5,-2,5,-3,6,-2,7,-2,8,-2,8,0,0,-1,9,-2,10,-2,10,-1,11,-2,11,-2,11,-2,11,-2,11,-2,12,-4,11,-4,11,-4,11,-4,10,-4,10,-4,10,-5,10,-5,9,-5,9,-5,9,-5,8,-6,7,-6,7,-6,6,-6,5,-7,4,-7,4,0,0,0,0,0,0,0,0,0,0,0,0,0,0,-60,-54,-52,-55,-59,-46,-50,-47,-55,-45,-46,-40,-45,-39,-42,-34,-39,-27,-37,-27,-39,-19,-35,-19,-33,-10,-30,-9,-31,-6,-27,-6,-25,5,-23,5,-22,9,-20,12,-18,19,-16,14,-12,19,-8,28,-8,28,-7,33,-7,35,-7,41,-1,39,1,46,-3,49,-3,49,-1,51,4,57,2,58,0,60,0,60,6,62,-1,64,-1,60,-6,61,-9,61,-9,64,-10,61,-14,58,-12,59,-17,54,-12,54,-12,52,-16,50,-18,48,-17,46,-20,42,-22,42,-25,35,-28,35,-31,27,0,0,0,0,0,0,0,0,0,0,0,0,0,0,0,0,0,0,0,0,0,0,19,58,11,58,12,56,9,60,3,60,-2,57,2,53,0,56,-2,51,3,48,-7,50,-2,43,2,47,0,42,2,42,-2,42,4,38,7,33,9,30,7,27,13,28,13,25,14,22,17,22,24,17,25,11,26,10,26,9,28,9,33,4,29,4,36,-1,36,-2,37,-5,40,-7,42,-11,40,-10,45,-16,43,-22,45,-25,46,-29,46,-32,44,-34,44,-38,40,-39,44,-45,48,-46,46,-52,41,-59,48,-63,51,-63,50,-67,56,-66,52,-68,59,-72,51,-72,57,-70,0,0]"
CSI_DATA,59,1a:00:00:00:00:00,-47,11,1,0,1,1,1,0,0,0,1,-96,0,11,2,1044632,0,44,0,384,0,"[0,0,0,0,0,0,0,0,0,0,0,0,9,-9,8,-9,7,-8,6,-8,6,-7,5,-7,4,-7,3,-6,3,-6,2,-6,1,-6,0,-6,0,-5,-1,-5,-2,-4,-3,-4,-3,-4,-3,-3,-4,-3,-5,-3,-5,-2,-6,-2,-7,-2,-8,-1,-9,-1,-9,-1,0,0,-10,-1,-10,-1,-11,-1,-12,0,-11,-1,-12,-2,-12,-2,-12,-2,-12,-2,-13,-3,-13,-3,-12,-3,-11,-3,-11,-4,-11,-4,-11,-4,-11,-4,-10,-4,-10,-4,-9,-5,-9,-6,-8,-5,-8,-6,-6,-7,-6,-7,-5,-6,0,0,0,0,0,0,0,0,0,0,0,0,0,0,58,-55,58,-51,51,-58,41,-51,46,-51,43,-38,41,-44,35,-40,29,-41,19,-35,22,-40,14,-33,10,-30,11,-28,6,-25,1,-31,0,-27,-5,-24,-7,-20,-15,-22,-17,-14,-20,-15,-21,-10,-26,-7,-28,-9,-29,-7,-36,-3,-38,-4,-41,0,-50,4,-48,0,-51,1,-50,3,-56,5,-61,4,-64,-3,-64,-2,-66,2,-66,-3,-63,-2,-66,-4,-67,-9,-66,-10,-66,-11,-61,-9,-63,-9,-61,-15,-65,-16,-53,-16,-53,-12,-50,-20,-49,-18,-43,-19,-42,-27,-36,-28,-36,-28,-30,-27,0,0,0,0,0,0,0,0,0,0,0,0,0,0,0,0,0,0,0,0,0,0,-58,17,-62,13,-61,6,-62,0,-61,-4,-58,-8,-54,-5,-56,-6,-57,-6,-49,-11,-49,-10,-45,-6,-47,-5,-44,-6,-37,-7,-33,-2,-39,-1,-33,1,-30,3,-29,5,-25,6,-25,10,-21,19,-20,13,-18,21,-15,24,-16,24,-13,27,-11,28,-11,29,-2,32,-7,33,1,38,1,36,4,44,9,36,9,38,14,43,19,41,17,43,22,43,31,46,34,46,41,47,38,44,42,53,51,44,50,46,53,48,55,52,59,57,61,49,63,59,66,52,69,62,70,61,66,63,0,0]"
CSI_DATA,60,1a:00:00:00:00:00,-47,11,1,0,1,1,1,0,0,0,1,-96,0,11,2,1053210,0,44,0,384,0,"[0,0,0,0,0,0,0,0,0,0,0,0,-1,-13,-2,-12,-3,-11,-3,-11,-3,-9,-2,-8,-3,-8,-3,-7,-3,-6,-4,-5,-4,-5,-4,-4,-4,-3,-4,-2,-4,-1,-4,-1,-4,0,-4,0,-4,2,-4,2,-4,3,-5,4,-5,4,-5,6,-5,6,-5,6,0,0,-5,7,-6,8,-6,9,-6,9,-6,9,-7,9,-7,10,-7,9,-8,9,-8,9,-8,9,-9,8,-8,8,-9,8,-9,7,-9,7,-9,7,-8,6,-8,6,-8,5,-9,4,-9,4,-8,3,-8,3,-8,1,-8,1,0,0,0,0,0,0,0,0,0,0,0,0,0,0,-13,-76,-15,-74,-19,-73,-17,-69,-18,-64,-16,-60,-15,-53,-14,-55,-16,-43,-17,-46,-23,-34,-18,-32,-26,-30,-19,-20,-16,-19,-23,-14,-19,-9,-24,-7,-19,-2,-26,1,-24,5,-22,12,-19,13,-13,17,-19,23,-15,24,-18,28,-16,35,-17,37,-17,42,-18,43,-20,49,-18,48,-18,50,-22,54,-25,52,-26,59,-24,59,-27,55,-27,60,-31,55,-31,57,-34,57,-31,55,-35,49,-35,55,-37,51,-36,47,-38,46,-35,38,-36,37,-38,37,-37,35,-35,30,-35,22,-37,20,-39,18,0,0,0,0,0,0,0,0,0,0,0,0,0,0,0,0,0,0,0,0,0,0,-34,54,-39,50,-41,46,-44,47,-46,39,-49,36,-44,37,-43,32,-45,37,-43,27,-39,25,-40,28,-31,28,-31,28,-33,25,-30,24,-27,30,-24,19,-19,21,-11,20,-12,20,-13,27,-4,24,1,25,2,25,5,22,7,26,12,24,14,24,19,21,22,20,29,21,26,23,27,20,35,21,39,18,37,15,41,11,41,11,48,5,52,4,50,4,53,2,57,-6,58,-7,59,-8,60,-10,69,-21,63,-16,79,-19,75,-24,80,-25,85,-21,84,-20,84,-25,83,-24,86,-25,0,0]"
CSI_DATA,61,1a:00:00:00:00:00,-47,11,1,0,1,1,1,0,0,0,1,-96,0,11,2,1073026,0,44,0,384,0,"[0,0,0,0,0,0,0,0,0,0,0,0,9,7,8,6,9,6,8,5,7,4,6,4,6,2,6,2,5,1,5,1,4,1,4,-1,3,-1,3,-2,3,-2,2,-3,1,-3,1,-4,0,-4,0,-5,0,-5,-1,-6,-2,-6,-2,-7,-2,-8,-4,-8,0,0,-4,-9,-4,-10,-4,-10,-5,-10,-4,-11,-5,-11,-5,-11,-4,-11,-4,-11,-4,-12,-4,-12,-3,-12,-3,-12,-3,-12,-2,-12,-2,-11,-2,-12,-2,-11,-1,-11,-1,-10,-1,-10,0,-10,1,-10,1,-9,2,-8,2,-7,0,0,0,0,0,0,0,0,0,0,0,0,0,0,58,54,54,54,58,44,49,49,52,44,47,37,47,31,42,28,40,23,36,22,36,19,31,11,31,9,31,4,27,5,21,-1,24,-5,17,-10,13,-10,14,-13,7,-15,6,-19,0,-22,2,-28,0,-24,-4,-31,-9,-35,-12,-38,-12,-39,-16,-40,-20,-43,-23,-47,-19,-48,-24,-50,-26,-52,-22,-59,-27,-57,-24,-60,-21,-62,-22,-61,-26,-64,-19,-69,-20,-57,-20,-62,-18,-56,-16,-65,-11,-61,-13,-62,-9,-53,-8,-54,-5,-57,-6,-55,-2,-51,3,-49,5,-49,9,-44,14,-45,0,0,0,0,0,0,0,0,0,0,0,0,0,0,0,0,0,0,0,0,0,0,17,-69,19,-59,19,-64,23,-63,29,-60,31,-52,28,-53,31,-53,34,-55,30,-48,28,-43,29,-41,26,-43,23,-41,24,-38,24,-38,15,-36,13,-33,9,-29,3,-33,5,-22,0,-27,-1,-25,-7,-24,-14,-18,-10,-20,-14,-15,-21,-18,-21,-14,-27,-14,-26,-11,-28,-6,-34,-4,-36,-2,-35,-1,-39,3,-37,5,-37,5,-39,8,-40,15,-43,18,-45,25,-45,24,-47,37,-44,33,-42,41,-48,41,-46,47,-48,54,-53,55,-53,55,-49,62,-61,60,-57,64,-57,72,-55,66,-59,69,0,0]"
CSI_DATA,62,1a:00:00:00:00:00,-48,11,1,0,1,1,1,0,0,0,1,-96,0,11,2,1103082,0,44,0,384,0,"[0,0,0,0,0,0,0,0,0,0,0,0,-4,-12,-4,-12,-4,-11,-4,-10,-4,-9,-4,-8,-4,-7,-4,-6,-4,-6,-4,-5,-4,-5,-4,-4,-4,-3,-4,-2,-4,-1,-4,-1,-4,0,-3,1,-3,2,-3,2,-2,3,-2,4,-2,4,-2,5,-2,6,-2,6,0,0,-2,8,-2,9,-2,9,-2,9,-2,9,-2,10,-2,10,-2,10,-2,11,-3,10,-3,10,-3,10,-3,10,-4,10,-5,9,-5,10,-4,9,-5,9,-5,8,-4,8,-5,8,-5,7,-6,7,-6,6,-6,5,-6,4,0,0,0,0,0,0,0,0,0,0,0,0,0,0,-20,-83,-16,-71,-19,-69,-20,-68,-19,-66,-17,-59,-24,-57,-18,-54,-18,-45,-20,-45,-21,-36,-20,-30,-21,-32,-19,-25,-20,-25,-18,-15,-21,-12,-19,-5,-19,-6,-17,-4,-24,3,-17,4,-16,9,-15,13,-11,16,-8,24,-15,25,-10,31,-9,30,-9,38,-11,39,-8,42,-7,42,-5,47,-6,51,-7,47,-8,57,-8,54,-14,54,-9,56,-16,60,-16,57,-14,53,-21,59,-20,53,-21,57,-24,50,-20,53,-23,49,-21,48,-24,46,-23,43,-27,42,-28,38,-28,36,-32,31,-33,27,0,0,0,0,0,0,0,0,0,0,0,0,0,0,0,0,0,0,0,0,0,0,-53,60,-60,55,-61,47,-63,46,-69,47,-66,38,-66,43,-62,38,-67,40,-62,32,-67,32,-59,28,-56,31,-55,30,-51,25,-49,24,-45,26,-45,23,-41,24,-35,25,-29,23,-31,25,-26,26,-21,24,-20,22,-13,28,-11,26,-8,27,0,23,1,22,1,20,7,29,13,24,13,22,25,21,23,20,24,19,28,17,31,16,33,13,40,10,40,5,48,6,47,0,49,-3,57,-6,55,-12,58,-13,61,-17,67,-13,66,-19,75,-18,74,-22,75,-19,84,-29,80,-24,81,-27,0,0]"
CSI_DATA,63,1a:00:00:00:00:00,-48,11,1,0,1,1,1,0,0,0,1,-96,0,11,2,1123531,0,44,0,384,0,"[0,0,0,0,0,0,0,0,0,0,0,0,9,-9,8,-8,7,-8,6,-8,6,-7,5,-7,4,-7,3,-7,3,-6,2,-6,1,-6,0,-6,0,-5,-1,-5,-2,-4,-2,-4,-3,-3,-3,-3,-4,-3,-4,-3,-4,-2,-6,-2,-6,-1,-7,-1,-8,-1,-9,0,0,0,-10,0,-10,0,-11,0,-11,1,-11,0,-11,-1,-11,0,-12,0,-12,-1,-12,0,-12,-1,-11,-2,-12,-2,-11,-2,-12,-2,-12,-3,-11,-2,-11,-3,-10,-3,-10,-3,-10,-4,-9,-4,-8,-4,-8,-5,-7,-5,-6,-6,0,0,0,0,0,0,0,0,0,0,0,0,0,0,31,-20,31,-20,28,-20,27,-18,26,-19,21,-16,21,-19,20,-17,17,-16,14,-14,11,-14,10,-14,9,-16,6,-13,6,-12,1,-14,3,-13,0,-12,-2,-10,-3,-9,-6,-9,-8,-9,-7,-7,-10,-6,-10,-7,-14,-6,-14,-5,-17,-5,-18,-4,-19,-2,-21,-3,-23,0,-24,-3,-25,-2,-26,0,-29,-2,-28,-3,-29,-3,-29,-4,-31,-2,-31,-3,-29,-5,-29,-6,-31,-6,-28,-10,-29,-6,-28,-7,-28,-10,-24,-8,-25,-9,-24,-10,-23,-10,-21,-12,-22,-13,-20,-15,-18,-13,-14,-15,0,0,0,0,0,0,0,0,0,0,0,0,0,0,0,0,0,0,0,0,0,0,-42,0,-40,-5,-40,-7,-41,-8,-40,-11,-36,-10,-35,-13,-34,-14,-37,-16,-35,-16,-33,-15,-32,-14,-35,-14,-33,-15,-29,-14,-29,-13,-28,-10,-26,-11,-27,-11,-23,-11,-21,-8,-23,-5,-21,-4,-22,-3,-19,-2,-21,1,-17,2,-17,5,-14,2,-16,7,-13,8,-15,9,-13,10,-10,12,-11,11,-10,14,-7,13,-4,15,-2,15,1,15,1,18,4,20,3,20,9,22,8,19,12,25,12,23,14,23,13,27,19,27,18,27,23,27,21,28,21,30,24,33,21,32,21,33,0,0]"
CSI_DATA,64,1a:00:00:00:00:00,-47,11,1,0,1,1,1,0,0,0,1,-96,0,11,2,1133078,0,44,0,384,0,"[0,0,0,0,0,0,0,0,0,0,0,0,12,-1,10,-1,10,-2,9,-1,9,-1,7,-1,7,-3,6,-3,6,-2,4,-3,4,-3,3,-4,3,-3,2,-3,2,-4,0,-5,0,-4,-1,-4,-2,-4,-2,-5,-2,-5,-4,-6,-4,-5,-4,-6,-5,-6,-6,-6,0,0,-7,-7,-7,-7,-8,-7,-8,-8,-7,-8,-8,-9,-8,-9,-8,-9,-9,-9,-8,-9,-8,-10,-7,-10,-6,-10,-6,-10,-6,-10,-6,-10,-5,-10,-5,-9,-5,-9,-4,-9,-4,-9,-3,-10,-2,-9,-2,-9,-1,-9,0,-8,0,0,0,0,0,0,0,0,0,0,0,0,0,0,74,-14,64,-9,68,-15,59,-13,55,-13,50,-13,47,-13,44,-16,43,-17,40,-15,32,-17,26,-20,24,-19,21,-23,21,-19,14,-18,12,-24,4,-21,0,-22,-1,-20,-8,-25,-7,-18,-14,-20,-18,-17,-22,-16,-28,-18,-27,-19,-35,-18,-37,-18,-39,-21,-40,-22,-44,-16,-41,-17,-53,-18,-52,-16,-58,-28,-60,-19,-59,-20,-60,-22,-60,-21,-56,-27,-56,-34,-57,-35,-55,-30,-59,-31,-49,-32,-52,-37,-48,-36,-47,-35,-46,-34,-40,-33,-37,-32,-37,-31,-31,-38,-26,-41,-22,-37,-15,-38,0,0,0,0,0,0,0,0,0,0,0,0,0,0,0,0,0,0,0,0,0,0,-71,-34,-72,-38,-65,-44,-66,-47,-60,-51,-58,-54,-56,-52,-52,-49,-54,-56,-48,-54,-45,-55,-42,-55,-46,-50,-42,-51,-40,-48,-40,-45,-43,-42,-35,-38,-39,-34,-44,-29,-37,-28,-41,-24,-37,-20,-40,-20,-37,-20,-37,-13,-34,-12,-38,-6,-35,-3,-36,2,-30,4,-34,6,-30,14,-32,15,-26,17,-27,22,-24,24,-24,25,-19,29,-16,33,-12,34,-9,36,-8,42,-7,45,-1,46,12,53,8,54,11,58,18,57,11,64,11,65,12,69,16,72,13,70,18,75,21,80,21,77,0,0]"
CSI_DATA,65,1a:00:00:00:00:00,-47,11,1,0,1,1,1,0,0,0,1,-96,0,11,2,1153025,0,44,0,384,0,"[0,0,0,0,0,0,0,0,0,0,0,0,10,-2,10,-2,9,-2,8,-2,7,-2,6,-2,6,-3,5,-3,4,-4,3,-3,3,-4,2,-4,1,-4,0,-4,-1,-3,-2,-4,-2,-3,-3,-3,-4,-3,-4,-3,-5,-3,-6,-3,-7,-2,-7,-2,-8,-3,-9,-2,0,0,-10,-2,-10,-3,-11,-2,-12,-2,-11,-3,-12,-3,-12,-3,-12,-3,-13,-3,-12,-3,-13,-3,-12,-4,-12,-4,-12,-4,-12,-4,-11,-5,-11,-5,-11,-4,-10,-4,-10,-5,-9,-5,-9,-5,-8,-6,-8,-6,-7,-6,-6,-6,0,0,0,0,0,0,0,0,0,0,0,0,0,0,70,0,71,2,63,-1,60,-2,57,-1,50,-1,50,-7,46,-5,40,-6,32,-5,30,-11,29,-11,26,-12,19,-13,16,-11,13,-19,9,-19,0,-18,0,-14,-7,-15,-8,-18,-13,-16,-18,-16,-23,-16,-23,-16,-25,-13,-34,-15,-39,-12,-38,-14,-43,-10,-45,-13,-44,-14,-57,-16,-55,-12,-60,-12,-61,-18,-65,-18,-65,-13,-64,-21,-66,-16,-70,-18,-63,-23,-66,-23,-66,-23,-58,-27,-64,-24,-56,-28,-61,-24,-48,-22,-51,-26,-49,-27,-47,-28,-46,-27,-44,-33,-38,-32,-32,-30,-23,-34,0,0,0,0,0,0,0,0,0,0,0,0,0,0,0,0,0,0,0,0,0,0,-30,-69,-19,-68,-18,-77,-14,-67,-10,-77,-6,-65,-8,-71,-5,-68,-5,-73,-1,-74,-4,-65,-4,-63,-8,-66,-8,-60,0,-54,-5,-56,-8,-49,-3,-50,-12,-40,-12,-45,-13,-44,-16,-35,-15,-34,-22,-30,-20,-26,-24,-25,-23,-21,-22,-15,-27,-16,-25,-6,-34,-6,-26,-9,-31,0,-27,1,-34,2,-30,8,-28,12,-30,19,-27,21,-25,28,-27,26,-20,38,-19,34,-16,42,-13,38,-14,49,-11,49,-5,58,-8,58,-7,64,-3,67,-2,67,-7,69,-3,75,-1,77,0,73,-2,80,0,0]"
CSI_DATA,66,1a:00:00:00:00:00,-47,11,1,0,1,1,1,0,0,0,1,-96,0,11,2,1163400,0,44,0,384,0,"[0,0,0,0,0,0,0,0,0,0,0,0,0,-11,0,-11,-1,-9,-1,-9,-1,-8,-1,-8,-2,-7,-2,-6,-2,-5,-3,-5,-2,-4,-2,-3,-3,-2,-3,-1,-2,-1,-3,0,-2,1,-2,1,-2,2,-2,4,-2,4,-1,5,-1,5,-1,6,-1,7,0,7,0,0,0,9,0,10,0,10,1,10,0,11,0,11,0,11,1,11,1,12,0,12,-1,12,-1,12,-1,11,-1,12,-2,11,-2,11,-1,11,-2,11,-2,10,-2,9,-3,9,-3,9,-3,8,-3,8,-5,8,-5,6,0,0,0,0,0,0,0,0,0,0,0,0,0,0,7,-74,7,-65,2,-66,-3,-61,-2,-55,-3,-51,-8,-46,-3,-46,-2,-43,-12,-33,-10,-35,-10,-28,-16,-24,-8,-16,-13,-20,-9,-11,-13,-1,-13,0,-12,0,-9,8,-8,7,-9,12,-4,15,-4,23,-6,21,1,24,-1,32,5,33,3,40,5,43,8,43,7,49,14,49,14,51,17,55,14,58,14,61,12,57,12,63,11,62,14,61,11,68,8,64,11,65,7,59,7,68,6,66,5,60,5,54,3,53,-1,52,3,51,-5,50,-4,49,-5,49,-9,45,-15,40,0,0,0,0,0,0,0,0,0,0,0,0,0,0,0,0,0,0,0,0,0,0,-79,-19,-75,-25,-77,-29,-74,-29,-76,-33,-72,-38,-67,-35,-65,-41,-72,-37,-67,-37,-65,-36,-64,-32,-64,-31,-58,-35,-53,-31,-59,-26,-59,-26,-46,-25,-44,-19,-46,-14,-42,-15,-43,-19,-39,-10,-39,-5,-30,-1,-34,7,-30,4,-27,10,-20,6,-22,16,-15,12,-14,22,-13,22,-8,22,-4,21,-2,22,1,27,8,23,13,22,18,23,16,22,21,20,24,19,30,15,36,15,45,20,42,14,46,7,53,7,57,9,59,4,66,1,69,4,72,2,75,4,77,0,77,4,0,0]"
CSI_DATA,67,1a:00:00:00:00:00,-48,11,1,0,1,1,1,0,0,0,1,-96,0,11,2,1173122,0,44,0,384,0,"[0,0,0,0,0,0,0,0,0,0,0,0,4,-9,4,-8,2,-8,3,-8,2,-7,2,-6,1,-6,0,-6,0,-5,0,-4,-1,-4,-1,-3,-1,-3,-1,-2,-2,-1,-2,-1,-2,0,-2,1,-2,1,-2,2,-2,2,-2,3,-2,4,-2,5,-2,6,-1,6,0,0,-1,8,-1,8,-1,9,-1,9,-1,9,-1,10,-1,10,-1,10,-1,11,-1,11,-1,11,-2,11,-2,11,-2,10,-2,11,-2,11,-2,10,-2,10,-2,10,-2,9,-3,9,-3,8,-3,8,-3,8,-4,7,-4,6,0,0,0,0,0,0,0,0,0,0,0,0,0,0,-36,-55,-38,-45,-33,-42,-27,-39,-41,-44,-27,-41,-31,-42,-30,-31,-26,-27,-25,-23,-29,-20,-20,-19,-23,-15,-23,-7,-14,-8,-16,-2,-11,-1,-12,1,-5,3,-6,6,-3,7,0,9,2,11,9,9,12,16,19,15,19,17,23,17,28,19,30,18,31,23,35,23,39,24,42,20,47,24,42,22,47,25,51,26,49,29,50,30,47,31,48,34,51,35,48,29,49,29,51,30,40,30,51,26,40,34,39,29,38,31,38,28,40,30,32,33,29,33,29,33,22,34,0,0,0,0,0,0,0,0,0,0,0,0,0,0,0,0,0,0,0,0,0,0,-85,16,-87,10,-88,3,-88,1,-89,0,-84,-3,-80,-6,-82,-4,-86,-7,-82,-3,-77,-9,-78,-6,-79,1,-73,-3,-70,-6,-73,-2,-70,6,-63,2,-59,7,-57,7,-54,5,-55,11,-48,10,-43,15,-41,12,-36,19,-35,15,-29,21,-27,20,-19,24,-12,22,-11,24,-10,24,-5,22,0,27,4,22,5,17,5,19,12,19,19,14,19,8,24,6,25,6,30,-1,28,-4,37,-7,41,-9,34,-12,41,-14,46,-21,46,-20,48,-30,55,-30,49,-30,54,-39,59,-37,59,-36,0,0]"
CSI_DATA,68,1a:00:00:00:00:00,-48,11,1,0,1,1,1,0,0,0,1,-96,0,11,2,1183051,0,44,0,384,0,"[0,0,0,0,0,0,0,0,0,0,0,0,-7,-8,-7,-8,-7,-7,-6,-6,-6,-6,-5,-5,-5,-4,-5,-4,-5,-3,-4,-2,-4,-2,-4,-1,-3,-1,-3,0,-2,0,-2,0,-1,1,-1,1,0,1,1,2,1,2,2,2,3,2,4,3,4,3,5,3,0,0,6,3,7,4,7,4,7,4,8,4,8,4,9,4,8,5,9,5,9,5,9,5,8,6,8,5,8,5,8,6,8,6,8,6,7,5,7,6,7,5,6,6,6,6,6,6,5,6,4,6,3,6,0,0,0,0,0,0,0,0,0,0,0,0,0,0,-69,15,-62,14,-58,20,-54,14,-48,11,-47,16,-41,14,-44,17,-37,13,-33,16,-30,18,-29,17,-21,15,-23,16,-15,16,-13,15,-12,14,-5,8,-3,8,-1,5,9,5,9,2,9,2,13,-4,17,-7,19,-6,19,-11,21,-11,27,-12,30,-20,31,-19,32,-20,35,-25,32,-24,34,-30,44,-28,40,-30,41,-31,48,-33,46,-29,45,-29,49,-33,49,-31,53,-30,47,-28,51,-28,49,-28,50,-26,40,-21,46,-23,45,-22,42,-17,41,-15,42,-11,40,-15,42,-7,38,-1,0,0,0,0,0,0,0,0,0,0,0,0,0,0,0,0,0,0,0,0,0,0,20,81,16,84,13,84,8,86,7,89,-3,86,3,80,4,81,-1,85,1,82,-4,80,2,80,7,83,3,76,4,68,-1,70,14,69,10,64,13,57,10,59,9,55,15,55,19,50,16,48,21,44,25,39,24,38,29,31,25,27,26,25,27,19,30,16,30,11,33,4,31,2,29,-4,29,-3,31,-6,23,-9,27,-16,20,-23,22,-26,15,-28,18,-32,14,-35,9,-44,6,-44,5,-47,5,-49,2,-53,0,-52,-12,-58,-5,-57,-4,-58,-13,-64,-13,-68,-13,-72,0,0]"
CSI_DATA,69,1a:00:00:00:00:00,-48,11,1,0,1,1,1,0,0,0,1,-96,0,11,2,1193912,0,44,0,384,0,"[0,0,0,0,0,0,0,0,0,0,0,0,-8,8,-7,8,-6,7,-6,7,-5,6,-5,6,-4,6,-3,6,-3,5,-2,4,-2,4,-1,3,-1,3,0,3,1,1,1,1,1,1,2,0,2,0,2,-1,3,-2,3,-2,3,-2,3,-3,4,-4,4,-4,0,0,5,-6,6,-6,6,-6,6,-7,6,-7,7,-7,7,-7,7,-7,7,-7,8,-7,8,-7,8,-7,8,-6,8,-6,8,-6,8,-5,7,-5,7,-5,7,-5,7,-5,8,-4,7,-3,7,-3,7,-3,7,-2,6,-1,0,0,0,0,0,0,0,0,0,0,0,0,0,0,-67,37,-55,37,-55,40,-51,41,-51,35,-39,32,-41,32,-42,31,-30,29,-30,29,-24,30,-20,33,-16,28,-15,22,-12,20,-10,26,0,17,-1,14,0,14,6,10,10,7,8,3,13,3,16,-3,18,-1,21,-4,25,-6,26,-14,29,-13,30,-15,30,-20,41,-23,35,-16,39,-22,43,-28,48,-22,49,-27,47,-31,47,-26,54,-27,50,-29,52,-24,54,-18,56,-22,52,-18,47,-22,48,-15,52,-17,47,-17,47,-15,48,-13,51,-12,51,-6,44,-2,40,0,43,2,38,5,0,0,0,0,0,0,0,0,0,0,0,0,0,0,0,0,0,0,0,0,0,0,73,26,69,36,68,38,66,43,63,44,61,40,61,39,56,42,61,45,52,44,53,46,51,39,54,40,52,40,46,36,48,34,52,28,45,32,44,23,41,23,46,16,45,18,41,14,45,9,39,5,40,-1,40,-3,34,-3,31,-10,35,-14,29,-16,29,-21,26,-20,26,-22,23,-25,17,-34,22,-29,15,-33,12,-38,6,-43,2,-39,0,-41,-4,-41,-10,-46,-9,-43,-15,-42,-24,-51,-28,-50,-30,-54,-28,-59,-36,-58,-41,-57,-44,-65,-45,-60,-42,-62,-47,-63,-47,-62,0,0]"
CSI_DATA,70,1a:00:00:00:00:00,-47,11,1,0,1,1,1,0,0,0,1,-96,0,11,2,1203015,0,44,0,384,0,"[0,0,0,0,0,0,0,0,0,0,0,0,-12,0,-11,0,-10,1,-10,0,-9,1,-8,1,-8,2,-7,2,-6,2,-5,2,-4,3,-4,3,-3,2,-2,3,-2,3,-1,3,0,3,1,2,1,2,2,2,2,2,3,2,4,3,5,2,6,3,6,3,0,0,8,2,8,3,9,3,9,2,9,3,10,3,10,3,9,4,10,4,10,4,10,5,9,5,9,5,9,6,8,5,9,5,8,5,8,5,7,6,7,5,6,6,5,5,5,6,5,6,4,6,2,6,0,0,0,0,0,0,0,0,0,0,0,0,0,0,-77,-14,-75,-14,-76,-3,-66,-9,-59,-9,-58,-7,-58,-7,-57,-3,-48,2,-41,2,-38,8,-36,5,-36,6,-30,7,-25,10,-18,9,-18,13,-11,16,-11,13,0,14,3,21,0,17,8,17,12,18,12,17,17,19,19,18,27,19,28,20,35,21,37,25,38,25,39,24,47,28,48,25,45,30,45,32,49,30,52,34,55,36,45,36,50,34,47,41,52,42,48,39,41,43,40,44,42,39,36,37,32,34,32,40,29,36,28,41,24,41,19,41,17,38,9,39,0,0,0,0,0,0,0,0,0,0,0,0,0,0,0,0,0,0,0,0,0,0,39,63,30,69,28,68,27,71,20,70,19,67,17,65,17,65,10,69,12,64,13,62,10,60,14,62,9,59,10,57,10,51,13,49,10,44,13,41,15,37,16,33,16,35,15,29,20,27,19,22,26,18,20,13,25,12,25,6,25,6,26,0,30,-6,30,-3,27,-11,32,-12,32,-15,23,-19,28,-22,28,-23,27,-30,25,-36,20,-37,18,-41,17,-50,15,-47,17,-47,17,-56,10,-61,9,-65,9,-68,8,-75,2,-78,7,-84,8,-78,6,-89,8,-85,7,-86,0,0]"
CSI_DATA,71,1a:00:00:00:00:00,-47,11,1,0,1,1,1,0,0,0,1,-96,0,11,2,1213034,0,44,0,384,0,"[0,0,0,0,0,0,0,0,0,0,0,0,-4,-11,-4,-10,-4,-9,-4,-9,-4,-8,-4,-7,-4,-6,-4,-5,-4,-4,-4,-3,-4,-3,-4,-2,-4,-1,-4,-1,-4,0,-4,1,-3,2,-3,1,-3,3,-3,3,-2,4,-2,5,-2,5,-2,6,-2,7,-1,7,0,0,-1,9,-1,9,-1,10,-1,10,-1,11,-1,11,-2,11,-2,11,-2,12,-2,11,-3,12,-3,11,-3,10,-3,10,-4,10,-4,10,-4,10,-4,9,-4,9,-4,8,-5,8,-5,8,-5,7,-5,7,-6,6,-6,5,0,0,0,0,0,0,0,0,0,0,0,0,0,0,-13,-71,-18,-69,-21,-65,-18,-60,-22,-60,-21,-54,-21,-44,-18,-45,-15,-36,-20,-35,-21,-33,-19,-23,-22,-24,-17,-21,-20,-11,-20,-11,-16,-7,-17,-2,-14,3,-16,3,-15,13,-15,13,-12,19,-12,26,-9,22,-12,32,-10,30,-7,34,-8,41,-8,45,-2,42,-5,49,-2,51,1,53,2,56,-4,59,1,63,-1,63,-7,62,-3,66,-2,67,-7,62,-10,63,-10,69,-12,62,-13,63,-13,60,-10,59,-14,55,-17,57,-18,57,-15,50,-16,50,-21,41,-25,40,-26,36,-30,31,0,0,0,0,0,0,0,0,0,0,0,0,0,0,0,0,0,0,0,0,0,0,-65,46,-69,37,-69,30,-73,32,-70,25,-75,22,-66,24,-68,17,-71,17,-67,15,-70,17,-62,11,-62,20,-61,14,-59,11,-55,11,-52,19,-47,10,-40,12,-41,12,-39,13,-33,15,-29,16,-25,17,-23,21,-22,15,-12,20,-13,18,-8,20,0,20,-1,17,3,20,4,21,11,20,11,20,15,24,17,18,22,15,23,15,32,14,32,14,35,5,35,5,43,-1,41,-2,55,-11,48,-9,52,-13,57,-15,58,-10,63,-17,70,-20,74,-22,66,-22,76,-24,76,-22,72,-18,0,0]"
CSI_DATA,72,1a:00:00:00:00:00,-47,11,1,0,1,1,1,0,0,0,1,-96,0,11,2,1223541,0,44,0,384,0,"[0,0,0,0,0,0,0,0,0,0,0,0,10,1,10,0,9,0,9,0,7,0,7,-1,5,-1,5,-2,4,-2,4,-2,3,-2,2,-3,2,-3,1,-3,0,-3,-1,-3,-1,-3,-2,-3,-3,-3,-4,-3,-4,-3,-5,-3,-6,-3,-7,-3,-8,-3,-8,-2,0,0,-10,-3,-10,-3,-11,-3,-11,-2,-11,-3,-12,-3,-12,-3,-12,-4,-12,-3,-12,-4,-12,-4,-12,-5,-11,-5,-12,-5,-11,-5,-11,-5,-10,-5,-10,-5,-10,-5,-9,-5,-9,-5,-8,-6,-8,-6,-7,-6,-7,-6,-6,-6,0,0,0,0,0,0,0,0,0,0,0,0,0,0,75,16,67,14,66,5,57,13,59,7,56,10,50,-2,52,3,40,1,38,-2,35,-3,30,-6,21,-10,17,-10,18,-10,12,-12,13,-16,5,-16,6,-15,2,-18,-5,-13,-8,-14,-16,-15,-18,-12,-23,-10,-27,-14,-30,-10,-33,-7,-42,-11,-44,-7,-46,-8,-53,-6,-51,-7,-57,-5,-55,-6,-60,-10,-61,-11,-64,-8,-68,-12,-65,-11,-58,-13,-63,-16,-64,-19,-67,-16,-63,-14,-62,-17,-63,-20,-57,-19,-58,-22,-50,-20,-50,-24,-47,-21,-53,-20,-45,-24,-39,-23,-37,-28,-32,-32,0,0,0,0,0,0,0,0,0,0,0,0,0,0,0,0,0,0,0,0,0,0,2,-78,8,-80,12,-74,17,-81,18,-74,19,-75,22,-67,22,-71,23,-71,19,-67,23,-69,22,-64,18,-68,16,-66,19,-66,17,-56,11,-58,12,-51,8,-53,6,-54,4,-47,3,-49,0,-40,-4,-40,-8,-34,-14,-37,-8,-32,-19,-30,-21,-27,-22,-20,-25,-17,-27,-18,-24,-11,-26,-11,-30,-6,-26,-4,-26,-1,-27,7,-31,8,-32,16,-31,21,-25,23,-28,31,-27,33,-23,35,-28,45,-25,45,-19,49,-20,56,-19,55,-16,59,-16,65,-21,71,-12,64,-15,74,-16,80,-13,69,0,0]"
CSI_DATA,73,1a:00:00:00:00:00,-46,11,1,0,1,1,1,0,0,0,1,-96,0,11,2,1243238,0,44,0,384,0,"[0,0,0,0,0,0,0,0,0,0,0,0,10,-9,9,-8,8,-8,7,-7,7,-7,5,-6,4,-6,4,-6,3,-6,2,-5,2,-5,1,-4,1,-4,0,-4,0,-4,-2,-3,-3,-3,-3,-3,-3,-2,-4,-2,-5,-1,-6,-1,-6,-1,-7,0,-7,0,-7,1,0,0,-9,2,-9,2,-10,1,-11,2,-11,2,-11,2,-11,2,-11,2,-12,2,-12,1,-12,1,-12,0,-12,0,-11,0,-12,-1,-12,0,-11,-1,-11,-1,-11,-1,-10,-1,-10,-2,-9,-2,-9,-3,-8,-3,-8,-4,-7,-4,0,0,0,0,0,0,0,0,0,0,0,0,0,0,60,-61,62,-52,54,-58,45,-51,45,-52,37,-46,41,-45,36,-41,31,-44,27,-35,21,-35,20,-30,22,-31,12,-29,5,-27,0,-26,4,-27,-5,-21,-2,-16,-10,-16,-17,-13,-16,-6,-16,-6,-20,-7,-18,-2,-24,-1,-31,3,-32,6,-31,11,-38,13,-40,16,-45,9,-48,15,-49,12,-53,21,-55,16,-55,21,-56,18,-58,13,-59,17,-61,18,-63,20,-62,14,-61,13,-57,10,-65,8,-59,6,-62,4,-54,3,-53,0,-50,-1,-50,-3,-49,-4,-49,-10,-50,-9,-41,-14,-36,-14,0,0,0,0,0,0,0,0,0,0,0,0,0,0,0,0,0,0,0,0,0,0,-65,4,-64,-2,-67,-4,-63,-5,-68,-12,-59,-11,-62,-18,-58,-15,-60,-19,-59,-18,-57,-14,-49,-15,-56,-10,-52,-15,-48,-14,-46,-14,-43,-8,-44,-7,-41,-8,-36,-6,-35,-1,-34,-5,-30,4,-28,5,-25,7,-23,19,-22,14,-19,18,-18,16,-14,24,-10,21,-11,30,-10,26,-7,29,-7,30,0,34,5,37,9,36,11,35,17,38,17,37,23,40,25,36,31,46,33,40,40,37,41,42,44,44,50,47,57,49,62,48,64,46,65,52,67,57,74,56,72,54,67,64,0,0]"
CSI_DATA,74,1a:00:00:00:00:00,-46,11,1,0,1,1,1,0,0,0,1,-96,0,11,2,1263061,0,44,0,384,0,"[0,0,0,0,0,0,0,0,0,0,0,0,-5,9,-5,9,-3,9,-4,8,-3,7,-3,7,-2,6,-1,6,-1,5,0,4,1,4,1,3,2,2,3,2,3,1,4,1,4,0,4,0,4,-1,4,-1,5,-2,6,-2,6,-2,7,-4,7,-4,7,-5,0,0,9,-6,9,-6,10,-6,10,-6,10,-6,10,-6,10,-6,11,-6,11,-6,11,-6,12,-5,11,-4,11,-5,11,-4,11,-4,11,-3,11,-3,10,-3,10,-2,10,-2,10,-1,9,-1,8,-1,8,0,8,1,7,1,0,0,0,0,0,0,0,0,0,0,0,0,0,0,-51,56,-50,54,-40,58,-40,49,-38,48,-33,42,-36,39,-23,41,-20,37,-20,34,-11,37,-10,30,-6,28,-1,27,-2,26,5,19,10,23,13,16,15,17,20,12,22,9,27,8,24,-1,31,-2,35,-4,40,-11,40,-4,46,-14,42,-16,47,-15,50,-18,50,-19,56,-20,57,-28,59,-28,68,-20,64,-26,68,-22,67,-18,64,-22,67,-19,67,-20,67,-16,69,-15,66,-12,67,-16,65,-9,64,-10,60,-6,57,-1,55,-2,54,-5,53,2,51,7,43,9,42,11,40,15,0,0,0,0,0,0,0,0,0,0,0,0,0,0,0,0,0,0,0,0,0,0,66,-3,63,7,68,6,67,11,65,16,62,14,60,13,55,15,59,14,59,18,59,18,51,16,58,14,56,15,46,14,52,12,45,7,46,10,37,4,38,5,37,4,36,3,38,-2,31,-5,31,-3,25,-15,24,-11,23,-19,22,-17,18,-19,12,-25,16,-26,8,-27,10,-29,7,-27,1,-32,-1,-30,-4,-37,-7,-34,-15,-37,-14,-36,-23,-38,-26,-38,-32,-41,-32,-32,-42,-33,-44,-39,-45,-37,-51,-39,-54,-46,-57,-45,-59,-42,-64,-50,-70,-47,-70,-50,-66,-49,-66,-48,0,0]"
CSI_DATA,75,1a:00:00:00:00:00,-47,11,1,0,1,1,1,0,0,0,1,-96,0,11,2,1273046,0,44,0,384,0,"[0,0,0,0,0,0,0,0,0,0,0,0,-8,8,-7,8,-5,7,-5,7,-4,6,-4,5,-3,5,-2,5,-2,4,0,4,1,3,1,3,2,2,3,2,3,2,4,1,4,1,4,0,5,-1,5,-1,6,-1,6,-3,7,-3,8,-3,9,-4,9,-4,0,0,10,-5,10,-5,10,-5,11,-6,11,-6,12,-5,12,-6,11,-6,13,-6,12,-5,12,-5,12,-4,11,-4,11,-4,12,-3,12,-3,11,-2,11,-3,10,-2,10,-2,10,-1,9,-1,9,0,8,0,8,1,7,2,0,0,0,0,0,0,0,0,0,0,0,0,0,0,-48,52,-44,51,-41,61,-34,47,-31,50,-29,43,-28,40,-20,36,-18,37,-13,38,-7,34,-1,30,-1,22,2,24,6,19,9,16,14,12,16,7,20,5,21,4,29,-5,28,-2,27,-10,30,-7,30,-11,38,-16,39,-21,39,-26,44,-29,43,-31,43,-34,49,-39,49,-33,53,-40,50,-37,59,-41,63,-39,58,-41,61,-39,61,-39,59,-41,62,-40,62,-36,64,-34,61,-32,61,-28,58,-27,62,-25,59,-22,54,-20,53,-21,52,-16,51,-9,48,-7,53,-8,43,-6,42,1,0,0,0,0,0,0,0,0,0,0,0,0,0,0,0,0,0,0,0,0,0,0,64,16,58,22,59,22,61,30,53,27,55,33,47,28,51,30,47,32,48,28,50,31,44,25,50,26,45,20,38,20,39,15,37,13,37,16,38,12,35,10,33,6,30,2,30,-4,29,-3,26,-7,23,-12,25,-18,22,-18,20,-19,21,-21,11,-22,11,-28,14,-31,7,-26,7,-31,5,-35,1,-38,-3,-34,-12,-35,-13,-38,-16,-35,-21,-37,-28,-40,-30,-40,-35,-39,-35,-38,-42,-40,-46,-41,-39,-41,-53,-46,-57,-41,-66,-36,-61,-46,-69,-44,-69,-50,-70,-47,-64,-45,0,0]"
CSI_DATA,76,1a:00:00:00:00:00,-48,11,1,0,1,1,1,0,0,0,1,-96,0,11,2,1283734,0,44,0,384,0,"[0,0,0,0,0,0,0,0,0,0,0,0,-11,-1,-11,0,-9,1,-9,0,-8,0,-7,1,-6,1,-5,2,-5,2,-4,2,-4,2,-2,3,-2,3,-1,2,0,3,1,4,1,3,2,3,3,4,4,4,4,4,5,4,6,4,7,4,7,4,8,4,0,0,9,4,10,5,10,5,10,5,11,6,11,6,11,6,12,6,12,7,11,6,11,7,10,7,10,7,9,8,8,8,8,8,8,7,8,7,7,7,7,7,6,7,5,8,5,7,4,7,3,7,2,7,0,0,0,0,0,0,0,0,0,0,0,0,0,0,-75,-21,-75,-18,-71,-15,-60,-9,-58,-11,-55,-8,-52,-7,-46,-3,-43,-4,-39,-1,-34,7,-31,6,-28,12,-20,11,-20,10,-13,16,-8,15,-5,14,1,18,3,18,10,25,11,20,16,20,18,25,25,27,26,29,35,29,34,28,38,36,46,33,47,33,50,31,49,37,54,35,63,34,60,42,60,41,63,43,59,46,59,45,59,43,55,46,55,46,54,52,50,50,46,48,45,47,47,49,42,45,39,44,35,43,35,46,34,46,28,48,22,44,18,42,12,44,0,0,0,0,0,0,0,0,0,0,0,0,0,0,0,0,0,0,0,0,0,0,-7,72,-14,70,-13,69,-19,68,-20,69,-24,60,-22,59,-23,58,-24,59,-23,58,-21,51,-24,49,-20,54,-16,52,-16,46,-15,37,-10,37,-9,35,-6,35,-3,28,0,29,3,25,1,21,7,23,8,19,10,14,14,14,15,3,15,10,22,9,24,3,26,0,27,-2,26,-2,32,-6,30,-16,25,-16,31,-18,26,-20,28,-24,26,-29,25,-37,24,-35,23,-38,22,-43,10,-56,17,-56,12,-61,19,-65,16,-69,17,-69,13,-78,19,-76,16,-77,20,-88,20,-84,21,-86,0,0]"
CSI_DATA,77,1a:00:00:00:00:00,-48,11,1,0,1,1,1,0,0,0,1,-96,0,11,2,1293303,0,44,0,384,0,"[0,0,0,0,0,0,0,0,0,0,0,0,-4,-12,-4,-11,-5,-11,-4,-9,-4,-8,-4,-7,-4,-6,-4,-4,-4,-4,-4,-3,-4,-3,-5,-2,-5,-1,-4,0,-4,1,-4,2,-5,2,-4,3,-4,4,-4,5,-4,5,-3,6,-4,7,-3,8,-3,8,-3,9,0,0,-4,10,-3,10,-4,12,-3,12,-3,11,-4,12,-4,13,-4,12,-5,13,-5,13,-5,12,-5,12,-5,12,-6,11,-7,11,-6,10,-6,10,-7,10,-6,9,-6,8,-7,8,-7,7,-7,6,-7,6,-8,5,-7,3,0,0,0,0,0,0,0,0,0,0,0,0,0,0,-26,-69,-25,-63,-26,-65,-25,-62,-26,-62,-16,-55,-22,-36,-21,-39,-22,-37,-25,-30,-29,-25,-23,-15,-20,-21,-21,-12,-24,-10,-23,-6,-24,-2,-18,2,-23,9,-17,14,-19,18,-17,17,-16,22,-18,28,-11,31,-10,34,-11,40,-9,45,-15,50,-11,53,-14,53,-8,62,-9,55,-6,60,-5,63,-11,69,-9,67,-10,68,-9,70,-11,70,-12,67,-18,67,-20,68,-16,72,-16,63,-24,63,-24,59,-16,56,-18,58,-20,56,-22,53,-26,51,-25,43,-26,42,-29,40,-29,33,-32,30,0,0,0,0,0,0,0,0,0,0,0,0,0,0,0,0,0,0,0,0,0,0,-67,38,-67,30,-67,28,-72,24,-70,12,-73,15,-66,16,-63,13,-71,15,-62,8,-57,4,-53,7,-54,8,-57,5,-51,3,-44,7,-46,7,-41,3,-32,12,-32,10,-31,10,-25,6,-24,11,-18,8,-15,11,-8,17,-10,12,-8,21,0,17,6,15,4,16,11,15,11,18,18,17,16,16,18,10,21,13,21,14,27,8,30,4,33,6,38,-4,38,-1,45,-4,47,-11,39,-11,46,-17,49,-20,54,-24,55,-24,60,-21,62,-28,72,-30,65,-32,71,-31,68,-32,71,-31,0,0]"
CSI_DATA,78,1a:00:00:00:00:00,-48,11,1,0,1,1,1,0,0,0,1,-96,0,11,2,1303503,0,44,0,384,0,"[0,0,0,0,0,0,0,0,0,0,0,0,-5,-11,-5,-9,-5,-8,-5,-8,-6,-7,-4,-7,-5,-5,-5,-5,-5,-4,-5,-3,-5,-3,-5,-2,-5,-1,-5,0,-5,1,-5,1,-5,2,-4,2,-3,3,-4,5,-4,5,-4,6,-4,7,-4,8,-4,9,-4,9,0,0,-4,10,-4,11,-4,11,-4,12,-4,11,-5,12,-5,12,-5,12,-6,12,-6,12,-6,12,-6,11,-7,11,-7,11,-7,10,-8,10,-7,9,-7,8,-7,8,-7,7,-8,6,-7,7,-7,6,-8,5,-8,4,-7,2,0,0,0,0,0,0,0,0,0,0,0,0,0,0,-18,-71,-21,-66,-26,-71,-21,-58,-15,-54,-16,-57,-19,-43,-19,-43,-19,-32,-19,-37,-22,-27,-25,-28,-24,-22,-21,-13,-28,-16,-19,-4,-27,0,-24,2,-25,1,-21,6,-27,18,-19,18,-20,20,-20,26,-20,30,-19,33,-20,34,-17,43,-21,42,-20,52,-18,49,-24,66,-24,59,-24,68,-17,66,-29,68,-27,65,-23,70,-32,67,-29,63,-29,64,-32,67,-38,58,-36,62,-36,60,-36,55,-44,61,-32,52,-40,50,-33,46,-35,46,-39,43,-33,38,-35,32,-39,28,-39,23,-44,18,0,0,0,0,0,0,0,0,0,0,0,0,0,0,0,0,0,0,0,0,0,0,-64,41,-75,32,-66,28,-80,29,-71,17,-72,15,-69,17,-69,15,-70,10,-63,6,-66,8,-64,8,-62,9,-62,3,-59,0,-51,2,-51,8,-44,4,-39,2,-39,3,-36,9,-33,7,-25,10,-22,7,-16,9,-15,14,-12,11,-5,15,-8,11,-4,17,2,15,5,18,11,14,12,18,16,17,17,15,12,13,19,12,22,11,23,7,30,10,32,3,37,1,37,-3,41,-3,53,-3,45,-13,51,-13,49,-22,54,-16,61,-23,66,-24,69,-24,62,-27,76,-25,80,-32,70,-24,0,0]"
CSI_DATA,79,1a:00:00:00:00:00,-48,11,1,0,1,1,1,0,0,0,1,-96,0,11,2,1313041,0,44,0,384,0,"[0,0,0,0,0,0,0,0,0,0,0,0,-1,-10,-2,-10,-2,-9,-2,-8,-3,-7,-2,-6,-2,-6,-3,-5,-3,-4,-3,-4,-3,-3,-4,-3,-4,-1,-4,0,-4,1,-5,1,-5,1,-5,2,-5,3,-5,4,-4,5,-5,6,-5,6,-5,7,-5,7,-5,8,0,0,-5,9,-6,9,-6,10,-6,11,-6,10,-7,11,-7,11,-7,11,-7,11,-8,10,-8,10,-8,9,-8,10,-9,9,-8,8,-8,9,-8,8,-8,7,-8,7,-7,6,-8,6,-8,5,-8,4,-8,4,-8,3,-7,2,0,0,0,0,0,0,0,0,0,0,0,0,0,0,-3,-70,-2,-69,-9,-63,-5,-60,-10,-56,-13,-44,-8,-48,-13,-39,-16,-35,-11,-33,-20,-31,-16,-27,-19,-21,-16,-13,-18,-11,-23,-5,-23,-3,-23,1,-22,2,-18,12,-20,13,-21,20,-16,23,-21,28,-19,30,-26,36,-18,38,-19,38,-25,47,-19,54,-20,49,-23,61,-24,59,-24,60,-27,67,-23,60,-28,64,-29,70,-32,66,-26,65,-30,67,-32,62,-36,59,-34,62,-41,53,-36,57,-35,52,-36,53,-29,46,-37,50,-37,44,-39,38,-36,36,-37,33,-41,30,-37,26,-37,18,0,0,0,0,0,0,0,0,0,0,0,0,0,0,0,0,0,0,0,0,0,0,-82,19,-75,9,-78,2,-79,0,-86,2,-75,-5,-72,-8,-72,-11,-75,-7,-72,-10,-68,-14,-66,-9,-67,-10,-63,-12,-57,-16,-54,-7,-51,-2,-53,-7,-47,-1,-47,-1,-39,-5,-35,2,-36,3,-28,6,-26,2,-24,11,-21,9,-17,12,-15,14,-11,15,-9,16,-9,16,1,19,5,20,3,22,10,19,7,23,15,17,11,18,21,14,23,11,24,11,30,8,32,11,32,1,44,1,44,-1,46,-1,46,0,54,-6,56,-12,57,-14,64,-7,63,-18,75,-8,69,-9,71,-12,0,0]"
CSI_DATA,80,1a:00:00:00:00:00,-48,11,1,0,1,1,1,0,0,0,1,-96,0,11,2,1323237,0,44,0,384,0,"[0,0,0,0,0,0,0,0,0,0,0,0,-1,-11,-2,-10,-3,-9,-3,-8,-3,-8,-2,-6,-3,-5,-3,-5,-3,-4,-3,-3,-4,-2,-4,-2,-4,0,-4,0,-4,1,-4,2,-4,2,-4,3,-3,4,-3,5,-3,5,-3,7,-3,7,-3,8,-3,9,-3,9,0,0,-3,11,-3,12,-3,11,-3,13,-4,12,-4,13,-3,13,-4,12,-4,13,-4,13,-5,13,-5,12,-5,12,-5,11,-6,11,-6,11,-5,11,-5,10,-5,9,-5,9,-6,8,-6,8,-6,7,-6,6,-7,5,-7,4,0,0,0,0,0,0,0,0,0,0,0,0,0,0,-3,-33,-1,-30,-7,-32,-5,-29,-3,-27,-5,-24,-5,-20,-7,-19,-7,-18,-7,-17,-7,-16,-7,-11,-8,-11,-6,-7,-7,-6,-10,-1,-8,1,-8,3,-9,4,-10,5,-7,8,-8,11,-4,12,-6,15,-7,17,-5,17,-4,20,-5,22,-5,24,-6,27,-8,26,-5,31,-4,28,-5,33,-6,32,-8,35,-7,34,-5,34,-7,34,-7,32,-9,35,-10,36,-11,34,-11,34,-10,32,-12,32,-14,31,-12,28,-11,28,-10,27,-13,28,-13,26,-12,20,-14,19,-14,17,-16,15,-16,15,0,0,0,0,0,0,0,0,0,0,0,0,0,0,0,0,0,0,0,0,0,0,-42,4,-42,2,-40,-2,-42,-3,-39,-4,-41,-7,-37,-5,-37,-5,-41,-6,-35,-8,-37,-6,-35,-6,-36,-6,-31,-5,-30,-8,-28,-5,-29,-3,-26,-3,-24,-4,-22,-1,-21,-1,-20,1,-20,0,-18,4,-13,1,-15,6,-13,6,-13,9,-9,7,-9,8,-7,7,-5,11,-5,9,-2,10,-3,11,-1,10,2,11,3,10,3,9,7,10,10,9,10,7,13,7,15,5,18,4,13,-1,19,1,22,2,25,1,25,-1,28,-2,28,-4,33,-3,30,-6,35,-4,36,-3,34,-4,0,0]"
CSI_DATA,81,1a:00:00:00:00:00,-47,11,1,0,1,1,1,0,0,0,1,-96,0,11,2,1344566,0,44,0,384,0,"[0,0,0,0,0,0,0,0,0,0,0,0,5,-11,4,-10,3,-9,3,-9,1,-9,1,-8,1,-7,0,-7,0,-6,-2,-6,-2,-5,-3,-5,-3,-4,-4,-3,-4,-3,-5,-3,-5,-2,-5,-2,-6,0,-6,0,-7,0,-8,2,-8,1,-8,2,-10,3,-10,3,0,0,-11,4,-11,4,-12,5,-12,4,-13,4,-13,4,-13,5,-13,4,-13,4,-14,3,-14,3,-13,2,-13,2,-13,2,-13,1,-13,1,-12,1,-12,1,-12,0,-11,0,-11,-1,-10,-2,-9,-2,-9,-3,-9,-4,-7,-4,0,0,0,0,0,0,0,0,0,0,0,0,0,0,32,-72,35,-60,30,-62,29,-59,30,-55,25,-51,18,-47,16,-45,11,-43,7,-39,4,-41,-1,-36,-2,-36,-7,-28,-4,-26,-16,-19,-17,-18,-15,-17,-21,-13,-21,-7,-30,-5,-28,-8,-28,0,-34,4,-37,3,-46,5,-47,13,-44,17,-46,21,-51,27,-55,22,-58,27,-59,22,-56,27,-64,31,-67,27,-68,21,-66,25,-71,23,-65,24,-69,21,-74,19,-68,17,-71,18,-66,14,-69,10,-71,7,-66,6,-62,11,-58,2,-61,3,-57,-1,-53,-3,-51,-9,-48,-11,-48,-13,-41,-17,0,0,0,0,0,0,0,0,0,0,0,0,0,0,0,0,0,0,0,0,0,0,-75,2,-71,-2,-72,-9,-70,-15,-70,-17,-62,-15,-62,-17,-60,-19,-59,-22,-53,-19,-55,-20,-50,-17,-51,-13,-50,-19,-45,-13,-41,-11,-43,-12,-41,-10,-38,-3,-39,-4,-33,3,-30,5,-26,7,-27,7,-21,7,-23,15,-20,15,-20,21,-15,18,-14,21,-10,24,-8,25,-6,28,-3,27,-3,32,4,30,3,30,11,28,14,30,17,30,19,30,29,29,26,33,36,29,38,26,36,25,45,21,51,26,56,27,59,24,58,27,65,27,69,36,69,32,73,37,79,39,76,33,0,0]"
CSI_DATA,82,1a:00:00:00:00:00,-47,11,1,0,1,1,1,0,0,0,1,-96,0,11,2,1353029,0,44,0,384,0,"[0,0,0,0,0,0,0,0,0,0,0,0,6,9,6,8,6,7,6,6,6,6,6,4,5,3,5,2,4,2,5,1,5,0,4,-1,5,-1,4,-2,4,-3,4,-4,3,-4,3,-5,3,-6,3,-6,3,-7,2,-8,3,-8,2,-9,2,-10,2,-10,0,0,2,-12,2,-12,1,-12,2,-13,2,-13,3,-13,2,-13,3,-13,3,-14,3,-13,4,-13,4,-13,4,-12,4,-12,5,-12,5,-11,5,-11,5,-10,5,-9,5,-9,6,-8,6,-8,6,-7,6,-7,6,-5,6,-4,0,0,0,0,0,0,0,0,0,0,0,0,0,0,51,56,45,54,53,49,41,46,47,44,41,37,48,35,39,34,39,22,34,21,33,15,32,14,28,9,32,5,27,4,24,-10,27,-11,20,-12,20,-18,17,-22,20,-22,10,-29,9,-30,9,-39,5,-36,9,-43,8,-47,-3,-55,3,-54,0,-57,-1,-57,-2,-59,4,-61,-3,-65,-8,-68,1,-69,1,-68,-2,-72,3,-70,4,-72,1,-76,6,-76,12,-70,6,-68,9,-64,14,-69,17,-62,12,-66,19,-57,16,-57,19,-53,22,-53,19,-45,25,-44,25,-42,30,-39,32,-26,0,0,0,0,0,0,0,0,0,0,0,0,0,0,0,0,0,0,0,0,0,0,19,-67,25,-63,31,-60,33,-62,36,-61,36,-54,34,-50,36,-47,38,-51,35,-45,40,-42,34,-36,31,-38,29,-38,26,-33,29,-31,20,-35,14,-35,12,-27,12,-24,9,-30,1,-26,0,-24,-1,-25,-5,-19,-8,-26,-10,-21,-8,-20,-11,-18,-20,-19,-20,-13,-23,-12,-26,-12,-28,-10,-29,-10,-32,-5,-33,-2,-36,2,-32,6,-36,10,-39,15,-35,18,-39,17,-42,28,-40,27,-34,23,-46,31,-38,41,-45,42,-48,48,-46,49,-44,56,-58,55,-54,56,-59,57,-55,63,-57,63,0,0]"
CSI_DATA,83,1a:00:00:00:00:00,-48,11,1,0,1,1,1,0,0,0,1,-96,0,11,2,1363041,0,44,0,384,0,"[0,0,0,0,0,0,0,0,0,0,0,0,-5,10,-4,10,-4,9,-4,9,-2,8,-2,7,-2,7,-1,6,0,6,1,5,1,5,2,4,2,3,3,2,4,2,4,2,4,1,5,1,5,0,6,-1,6,-1,7,-2,7,-2,8,-3,9,-4,9,-4,0,0,10,-4,11,-4,11,-4,11,-5,11,-5,12,-4,12,-4,12,-4,12,-4,12,-4,13,-4,12,-3,12,-2,12,-2,12,-2,12,-2,11,-1,11,-2,11,-1,10,0,10,0,9,1,8,1,8,2,8,2,7,3,0,0,0,0,0,0,0,0,0,0,0,0,0,0,-29,66,-28,67,-26,59,-21,62,-20,55,-20,53,-14,48,-10,48,-8,41,-5,40,1,38,4,36,6,32,5,24,10,24,14,23,14,19,14,15,22,13,29,12,26,9,28,6,32,-2,33,-1,35,-1,41,-10,47,-8,44,-13,49,-12,50,-20,51,-16,55,-20,54,-22,60,-25,58,-26,63,-20,64,-23,66,-27,65,-20,65,-23,64,-24,65,-12,71,-10,66,-11,69,-7,59,-12,62,-7,64,-4,59,-5,59,-4,54,-6,51,0,49,4,44,11,41,16,43,15,35,19,0,0,0,0,0,0,0,0,0,0,0,0,0,0,0,0,0,0,0,0,0,0,72,-16,75,-9,71,-5,74,1,72,10,69,8,64,8,60,10,66,14,58,12,59,11,53,14,56,7,52,15,45,12,42,8,43,9,38,6,39,4,35,1,30,1,31,-1,25,-6,22,-11,22,-9,16,-19,13,-16,14,-20,10,-21,9,-19,1,-22,2,-22,0,-26,-5,-28,-3,-31,-8,-28,-11,-27,-15,-27,-16,-28,-21,-30,-25,-29,-29,-28,-33,-31,-39,-24,-38,-24,-53,-25,-55,-17,-53,-19,-56,-18,-59,-24,-63,-24,-68,-24,-74,-24,-72,-24,-73,-31,-79,-29,-78,-29,0,0]"
CSI_DATA,84,1a:00:00:00:00:00,-48,11,1,0,1,1,1,0,0,0,1,-96,0,11,2,1383345,0,44,0,384,0,"[0,0,0,0,0,0,0,0,0,0,0,0,9,-8,7,-8,7,-8,7,-7,6,-7,5,-7,4,-7,3,-7,2,-6,2,-5,2,-6,0,-6,-1,-5,-1,-5,-2,-5,-3,-5,-4,-4,-4,-4,-4,-4,-5,-3,-5,-3,-6,-3,-6,-3,-8,-3,-8,-3,-9,-2,0,0,-10,-3,-11,-3,-11,-3,-12,-3,-11,-4,-12,-4,-12,-4,-11,-4,-12,-4,-11,-5,-12,-6,-11,-6,-11,-6,-10,-6,-10,-7,-10,-6,-9,-7,-9,-7,-8,-7,-8,-7,-7,-7,-6,-7,-5,-7,-4,-8,-4,-8,-3,-7,0,0,0,0,0,0,0,0,0,0,0,0,0,0,59,-54,53,-48,44,-52,44,-48,46,-53,38,-37,40,-42,32,-40,26,-39,23,-31,18,-33,16,-29,12,-35,10,-30,2,-29,0,-24,-1,-27,-4,-24,-11,-23,-10,-23,-16,-14,-21,-17,-24,-11,-23,-10,-28,-11,-31,-10,-39,-8,-38,-5,-42,-7,-44,-1,-52,-4,-52,-5,-53,-5,-58,-5,-54,1,-62,-11,-61,-8,-64,-5,-64,-10,-58,-13,-61,-12,-66,-12,-62,-16,-67,-25,-58,-20,-56,-20,-59,-25,-49,-25,-48,-23,-48,-20,-44,-24,-44,-24,-43,-28,-37,-31,-33,-32,-25,-29,-26,-34,0,0,0,0,0,0,0,0,0,0,0,0,0,0,0,0,0,0,0,0,0,0,-78,-3,-80,-11,-75,-18,-76,-20,-76,-23,-69,-30,-64,-26,-62,-26,-63,-28,-57,-28,-56,-35,-52,-29,-56,-28,-54,-31,-47,-26,-41,-26,-46,-22,-36,-22,-39,-15,-40,-12,-32,-9,-32,-8,-28,-4,-28,1,-25,5,-26,8,-26,10,-21,16,-21,17,-18,22,-14,23,-15,25,-9,24,-9,25,-7,34,-3,31,-3,28,6,30,5,32,10,35,13,34,15,35,21,40,22,40,25,39,36,32,32,39,40,40,46,40,45,44,47,43,55,48,57,47,50,50,57,60,59,58,57,58,0,0]"
CSI_DATA,85,1a:00:00:00:00:00,-48,11,1,0,1,1,1,0,0,0,1,-96,0,11,2,1393612,0,44,0,384,0,"[0,0,0,0,0,0,0,0,0,0,0,0,4,11,4,10,5,9,4,8,4,7,3,6,4,6,4,5,3,4,4,3,3,3,4,2,3,1,4,0,4,0,4,-2,3,-2,3,-3,3,-3,3,-4,3,-5,3,-5,2,-6,3,-7,2,-8,2,-8,0,0,2,-10,3,-10,2,-11,2,-11,3,-11,3,-11,3,-12,3,-11,3,-12,4,-12,4,-11,4,-11,4,-10,4,-10,5,-10,5,-10,5,-10,5,-9,5,-8,5,-8,6,-7,5,-7,5,-6,6,-5,6,-4,6,-3,0,0,0,0,0,0,0,0,0,0,0,0,0,0,32,74,26,70,33,67,27,58,30,58,28,52,26,48,25,49,28,41,26,35,25,31,24,25,29,25,26,16,19,14,25,9,24,11,21,4,18,-2,23,-6,21,-12,22,-10,21,-20,12,-24,13,-27,15,-26,15,-32,13,-41,14,-42,11,-47,12,-43,13,-50,10,-48,14,-56,13,-54,17,-61,15,-65,14,-59,22,-57,22,-58,22,-59,27,-61,25,-60,25,-58,27,-58,31,-57,26,-58,27,-50,29,-44,29,-40,33,-40,33,-40,31,-34,33,-29,34,-24,36,-24,36,-19,0,0,0,0,0,0,0,0,0,0,0,0,0,0,0,0,0,0,0,0,0,0,42,-69,45,-65,46,-61,54,-60,57,-54,52,-51,53,-48,51,-42,58,-45,51,-36,56,-38,51,-37,46,-36,44,-33,41,-29,38,-28,38,-31,35,-25,34,-24,24,-17,21,-20,14,-25,12,-27,7,-22,3,-23,-1,-23,-1,-23,-2,-26,-7,-20,-16,-23,-12,-21,-21,-24,-22,-22,-21,-20,-30,-22,-35,-13,-32,-13,-34,-7,-34,-3,-43,-1,-45,-4,-42,2,-50,6,-51,7,-51,18,-54,12,-55,15,-61,23,-56,27,-62,27,-64,29,-64,39,-76,39,-67,37,-78,39,-77,37,-73,33,0,0]"
CSI_DATA,86,1a:00:00:00:00:00,-48,11,1,0,1,1,1,0,0,0,1,-96,0,11,2,1403026,0,44,0,384,0,"[0,0,0,0,0,0,0,0,0,0,0,0,-3,-13,-3,-12,-3,-10,-4,-10,-4,-10,-3,-8,-4,-8,-4,-7,-4,-6,-4,-5,-5,-5,-4,-4,-4,-3,-4,-2,-4,-1,-5,-1,-5,0,-4,1,-5,2,-5,2,-5,2,-5,3,-5,4,-6,5,-6,5,-6,6,0,0,-7,7,-7,7,-7,8,-7,8,-8,8,-8,8,-8,9,-7,8,-8,8,-8,8,-9,8,-8,7,-9,7,-9,7,-9,5,-10,6,-9,5,-9,5,-8,4,-9,3,-9,3,-8,2,-9,2,-8,1,-8,-1,-7,-1,0,0,0,0,0,0,0,0,0,0,0,0,0,0,-9,-81,-11,-81,-17,-74,-12,-71,-12,-68,-13,-61,-7,-55,-14,-55,-20,-49,-14,-47,-12,-41,-19,-37,-17,-38,-17,-25,-18,-21,-19,-22,-20,-19,-25,-9,-17,-9,-25,-1,-23,3,-23,4,-22,10,-24,12,-22,19,-31,22,-30,23,-28,32,-29,30,-32,32,-29,36,-37,37,-30,41,-37,45,-33,47,-42,48,-38,48,-36,48,-45,44,-47,45,-44,41,-44,46,-50,40,-45,37,-50,34,-53,35,-52,30,-48,31,-50,26,-47,24,-48,23,-45,21,-47,18,-45,11,-45,7,-40,5,-41,-2,0,0,0,0,0,0,0,0,0,0,0,0,0,0,0,0,0,0,0,0,0,0,-51,63,-55,52,-58,51,-61,47,-63,44,-62,36,-60,33,-63,37,-62,31,-55,28,-57,28,-54,24,-56,28,-50,25,-51,14,-43,18,-40,16,-41,18,-28,16,-25,19,-22,15,-22,20,-16,18,-12,14,-3,19,-6,23,-2,25,2,22,2,22,13,26,13,18,16,20,19,19,22,22,25,25,23,25,31,17,32,14,32,16,37,10,41,9,44,6,47,5,52,2,54,1,50,1,58,1,57,-12,61,-12,67,-12,68,-15,74,-21,83,-15,75,-18,84,-19,84,-19,85,-12,0,0]"
CSI_DATA,87,1a:00:00:00:00:00,-48,11,1,0,1,1,1,0,0,0,1,-96,0,11,2,1413443,0,44,0,384,0,"[0,0,0,0,0,0,0,0,0,0,0,0,-9,-9,-9,-8,-10,-7,-9,-8,-8,-6,-7,-6,-8,-5,-7,-4,-6,-3,-6,-2,-6,-1,-6,-1,-6,0,-5,0,-5,1,-5,2,-4,2,-3,3,-3,4,-4,4,-3,5,-3,6,-2,5,-3,7,-2,8,-2,8,0,0,-2,9,-2,9,-2,11,-2,10,-3,10,-3,11,-3,11,-3,11,-3,11,-3,11,-5,11,-5,10,-5,10,-5,10,-6,9,-6,9,-5,8,-6,8,-6,7,-6,7,-6,6,-6,6,-6,5,-7,4,-7,3,-7,2,0,0,0,0,0,0,0,0,0,0,0,0,0,0,-65,-53,-62,-53,-67,-40,-54,-40,-54,-42,-50,-49,-49,-34,-47,-35,-44,-28,-43,-25,-40,-22,-40,-16,-38,-11,-34,-9,-35,-8,-32,3,-28,3,-28,8,-21,8,-21,14,-21,22,-20,22,-18,24,-14,26,-17,28,-8,40,-11,38,-10,44,-6,41,-4,52,-8,48,-7,58,-7,54,-6,62,-6,57,-8,62,-6,62,-6,60,-12,65,-17,64,-16,65,-20,66,-19,63,-21,64,-21,56,-26,59,-28,54,-27,54,-27,48,-29,49,-28,43,-29,44,-30,36,-29,34,-33,30,-36,27,-35,21,0,0,0,0,0,0,0,0,0,0,0,0,0,0,0,0,0,0,0,0,0,0,6,78,-4,73,-7,73,-14,79,-19,70,-19,68,-20,62,-23,59,-21,64,-21,53,-28,55,-26,50,-22,53,-21,43,-18,44,-23,35,-15,37,-14,30,-14,27,-7,16,-3,19,-3,22,2,19,3,18,11,14,13,13,12,7,15,6,18,6,25,3,19,0,30,1,32,-2,31,-11,33,-8,38,-10,31,-15,40,-17,37,-20,32,-22,36,-27,38,-28,40,-33,41,-36,36,-43,46,-49,36,-48,38,-52,38,-56,42,-61,44,-65,39,-66,49,-70,46,-71,51,-79,50,-69,53,-73,0,0]"
CSI_DATA,88,1a:00:00:00:00:00,-48,11,1,0,1,1,1,0,0,0,1,-96,0,11,2,1423076,0,44,0,384,0,"[0,0,0,0,0,0,0,0,0,0,0,0,9,8,9,7,9,6,8,6,8,5,7,4,7,3,6,3,7,2,6,1,6,0,6,-1,5,-1,6,-2,5,-2,5,-3,4,-4,4,-4,4,-5,4,-6,2,-7,2,-7,2,-8,3,-9,2,-9,2,-10,0,0,2,-11,3,-11,3,-12,2,-12,3,-12,3,-12,3,-13,3,-12,4,-12,4,-12,5,-12,5,-11,5,-12,5,-11,6,-10,6,-11,5,-9,6,-9,6,-8,6,-7,6,-7,6,-7,6,-6,6,-6,7,-4,6,-3,0,0,0,0,0,0,0,0,0,0,0,0,0,0,50,65,44,61,48,56,43,52,43,53,40,48,39,47,39,39,42,37,35,32,33,27,32,21,33,17,32,14,31,12,30,4,32,3,33,-9,28,-12,25,-7,30,-20,28,-14,22,-24,28,-24,24,-28,22,-33,26,-34,22,-40,24,-44,21,-53,27,-45,29,-50,27,-45,24,-51,25,-52,29,-52,31,-60,29,-60,35,-54,33,-56,33,-51,42,-49,41,-52,42,-49,41,-44,46,-49,43,-42,47,-37,40,-33,45,-33,47,-29,45,-25,37,-23,42,-17,40,-15,42,-7,35,-3,0,0,0,0,0,0,0,0,0,0,0,0,0,0,0,0,0,0,0,0,0,0,-2,-71,5,-69,17,-68,18,-66,19,-65,21,-59,21,-59,23,-58,21,-55,29,-49,28,-51,27,-45,24,-46,23,-38,26,-32,28,-31,17,-29,18,-29,9,-21,11,-18,7,-19,3,-12,4,-12,-1,-9,-12,-10,-14,-7,-13,-5,-15,-5,-18,-1,-26,-1,-24,-2,-26,1,-29,0,-32,11,-36,6,-32,11,-34,9,-36,16,-40,16,-41,22,-36,25,-45,33,-44,33,-44,39,-44,37,-38,35,-45,42,-47,48,-50,50,-53,57,-55,55,-53,63,-63,58,-62,58,-62,68,-59,67,-67,63,0,0]"
CSI_DATA,89,1a:00:00:00:00:00,-47,11,1,0,1,1,1,0,0,0,1,-96,0,11,2,1433062,0,44,0,384,0,"[0,0,0,0,0,0,0,0,0,0,0,0,7,9,7,8,8,7,7,7,7,7,6,6,6,4,6,3,6,4,6,2,6,2,6,1,5,0,5,0,5,-1,5,-2,4,-2,5,-3,5,-3,5,-4,5,-5,5,-6,5,-6,5,-7,5,-8,5,-8,0,0,5,-9,7,-9,6,-9,6,-10,6,-9,7,-9,7,-9,8,-9,7,-9,8,-9,8,-9,9,-8,8,-7,8,-7,9,-6,9,-6,8,-6,8,-5,8,-4,8,-4,8,-3,8,-3,8,-2,7,-1,7,0,6,1,0,0,0,0,0,0,0,0,0,0,0,0,0,0,56,54,48,62,49,49,49,53,50,51,43,47,41,41,40,36,41,30,37,26,44,22,37,22,33,15,36,7,34,14,34,4,33,-3,28,-2,27,-5,30,-11,31,-17,31,-19,23,-23,24,-28,26,-31,24,-32,24,-40,24,-39,25,-41,26,-50,24,-49,23,-50,25,-52,28,-54,28,-57,33,-55,32,-58,31,-53,33,-56,38,-53,40,-54,39,-53,40,-52,42,-48,45,-45,44,-46,39,-41,44,-39,42,-31,44,-33,41,-31,44,-29,42,-23,42,-15,43,-11,42,-11,39,-4,0,0,0,0,0,0,0,0,0,0,0,0,0,0,0,0,0,0,0,0,0,0,0,-67,3,-62,11,-67,14,-60,24,-64,17,-54,17,-51,25,-51,28,-49,27,-46,27,-41,25,-37,25,-35,24,-29,25,-28,19,-22,19,-23,15,-20,13,-15,11,-14,0,-9,2,-8,-2,-8,-5,0,-10,1,-7,-1,-15,3,-14,6,-21,4,-21,8,-26,9,-25,7,-31,13,-32,16,-32,17,-31,21,-37,19,-35,24,-35,22,-38,27,-38,34,-43,33,-42,33,-44,45,-45,38,-47,44,-47,51,-41,55,-47,59,-55,63,-55,60,-56,62,-54,64,-64,61,-64,68,-58,64,-64,67,0,0]"
CSI_DATA,90,1a:00:00:00:00:00,-47,11,1,0,1,1,1,0,0,0,1,-96,0,11,2,1453027,0,44,0,384,0,"[0,0,0,0,0,0,0,0,0,0,0,0,4,11,4,10,5,10,4,9,4,8,4,7,4,7,4,6,5,5,5,4,5,3,5,2,5,2,5,1,6,1,6,0,6,-1,5,-1,6,-2,6,-3,6,-3,6,-3,7,-4,7,-5,7,-5,7,-6,0,0,8,-7,9,-7,9,-7,9,-8,9,-6,10,-7,10,-7,10,-7,10,-6,11,-6,10,-6,10,-5,10,-5,10,-4,10,-4,10,-3,10,-3,9,-2,10,-1,9,-1,9,0,8,0,8,1,8,1,7,2,6,3,0,0,0,0,0,0,0,0,0,0,0,0,0,0,14,79,16,74,23,74,18,67,17,63,13,61,19,56,17,57,20,44,20,48,25,40,22,35,24,31,24,26,24,29,27,20,31,13,27,10,28,10,30,7,30,1,33,1,34,-10,30,-10,34,-12,37,-18,41,-15,43,-25,40,-24,49,-26,45,-24,50,-32,46,-30,52,-33,51,-36,59,-31,56,-28,54,-37,55,-30,61,-28,60,-28,62,-21,60,-19,62,-20,57,-15,63,-13,58,-11,53,-10,57,-6,52,-5,50,-5,49,-3,45,2,43,9,39,7,41,15,34,15,0,0,0,0,0,0,0,0,0,0,0,0,0,0,0,0,0,0,0,0,0,0,31,-54,40,-48,43,-44,45,-44,45,-33,49,-36,43,-29,43,-27,41,-25,43,-20,43,-18,39,-10,42,-12,37,-8,34,-5,28,-8,31,-5,20,-2,17,-1,13,1,4,5,4,5,3,0,-4,7,-9,2,-14,4,-15,3,-17,4,-21,3,-26,7,-22,2,-31,0,-36,2,-32,1,-40,4,-39,2,-44,5,-46,9,-44,7,-50,13,-50,13,-54,19,-55,17,-58,22,-57,24,-55,31,-60,23,-67,31,-69,33,-77,33,-73,28,-80,34,-82,30,-83,30,-90,32,-87,36,-83,26,0,0]"
CSI_DATA,91,1a:00:00:00:00:00,-48,11,1,0,1,1,1,0,0,0,1,-96,0,11,2,1463043,0,44,0,384,0,"[0,0,0,0,0,0,0,0,0,0,0,0,-9,9,-8,9,-7,8,-7,8,-7,7,-5,7,-4,6,-3,7,-3,6,-2,6,-2,6,0,5,0,5,1,5,2,4,3,5,3,4,3,4,4,3,5,3,5,3,6,3,6,3,7,3,8,3,8,3,0,0,9,2,10,4,10,3,10,3,11,3,10,4,11,4,11,4,10,4,11,4,10,5,10,5,9,6,9,6,9,6,8,7,8,6,7,6,7,6,6,6,6,6,4,6,4,7,3,7,2,7,1,7,0,0,0,0,0,0,0,0,0,0,0,0,0,0,-60,51,-61,47,-50,55,-52,49,-48,48,-40,42,-43,43,-38,42,-31,38,-28,34,-22,37,-20,35,-14,36,-15,36,-6,33,-1,34,-1,33,6,28,6,27,10,30,17,28,16,25,18,22,24,24,30,24,30,23,39,21,41,21,44,19,50,17,50,19,58,23,51,19,55,22,54,18,56,25,59,28,61,26,61,29,58,29,57,32,60,35,60,37,57,36,51,37,52,35,44,36,40,41,36,39,34,38,33,39,28,40,28,41,22,39,20,42,12,40,4,37,0,0,0,0,0,0,0,0,0,0,0,0,0,0,0,0,0,0,0,0,0,0,62,17,57,22,58,25,55,28,55,35,44,35,43,33,41,35,39,35,34,36,29,39,27,34,30,36,20,33,17,29,12,31,13,26,11,20,7,15,3,19,3,12,3,10,-2,4,-5,3,-6,-4,-5,-5,-11,-12,-10,-13,-8,-18,-11,-19,-17,-22,-14,-25,-18,-27,-17,-26,-22,-27,-26,-33,-28,-33,-23,-34,-31,-34,-35,-34,-38,-38,-40,-39,-43,-38,-41,-42,-48,-44,-58,-45,-57,-47,-61,-43,-62,-51,-58,-53,-64,-52,-72,-54,-68,-61,-68,-58,-72,-63,-69,-65,-63,-65,0,0]"
CSI_DATA,92,1a:00:00:00:00:00,-48,11,1,0,1,1,1,0,0,0,1,-96,0,11,2,1473051,0,44,0,384,0,"[0,0,0,0,0,0,0,0,0,0,0,0,-12,-2,-12,-1,-11,0,-12,-1,-10,0,-9,0,-9,1,-8,1,-7,2,-6,1,-6,2,-4,3,-4,3,-3,3,-3,3,-2,4,-1,5,-1,5,0,6,0,6,1,5,2,5,2,6,3,8,3,8,4,8,0,0,4,9,5,9,4,10,6,9,5,10,5,10,5,10,5,10,5,10,4,11,4,11,3,11,3,11,3,10,2,11,2,11,1,10,2,10,1,10,1,9,-1,9,-1,8,-2,8,-3,8,-4,7,-4,6,0,0,0,0,0,0,0,0,0,0,0,0,0,0,-44,-9,-36,-6,-40,-4,-35,-4,-31,-4,-30,-3,-29,-4,-27,-2,-24,2,-23,3,-21,3,-19,6,-17,5,-14,5,-14,6,-11,8,-11,11,-10,12,-7,14,-3,13,-1,16,-2,13,-1,14,4,16,4,16,6,17,9,18,8,20,11,21,11,21,12,24,15,24,13,24,15,26,16,23,15,27,18,28,18,29,15,28,14,28,16,29,13,30,11,31,11,30,11,31,10,32,6,28,9,27,6,28,5,27,4,26,4,26,1,26,-2,25,-4,23,-6,22,-8,18,0,0,0,0,0,0,0,0,0,0,0,0,0,0,0,0,0,0,0,0,0,0,4,34,-1,31,-1,32,-4,33,-7,32,-8,30,-10,28,-11,26,-12,25,-11,23,-16,23,-11,20,-12,20,-14,17,-12,16,-13,12,-12,12,-10,9,-10,9,-8,4,-8,6,-8,-1,-5,2,-3,-1,-3,-4,-3,-3,1,-6,1,-9,1,-6,5,-9,2,-8,4,-14,4,-13,6,-15,8,-17,4,-16,6,-18,6,-20,7,-22,5,-25,7,-26,2,-25,5,-28,3,-30,1,-34,-2,-29,0,-34,0,-37,-2,-39,3,-40,2,-41,-1,-43,3,-48,2,-44,2,-49,3,-48,5,-48,0,0]"
CSI_DATA,93,1a:00:00:00:00:00,-49,11,1,0,1,1,1,0,0,0,1,-96,0,11,2,1493567,0,44,0,384,0,"[0,0,0,0,0,0,0,0,0,0,0,0,2,11,3,9,5,9,3,8,3,7,2,6,3,6,3,5,3,4,4,3,4,2,4,1,4,0,4,0,3,-1,4,-2,3,-3,3,-3,3,-4,3,-5,3,-6,3,-7,3,-8,2,-9,3,-10,2,-10,0,0,2,-11,2,-12,2,-12,2,-13,2,-13,3,-13,3,-14,3,-14,3,-14,4,-14,4,-14,4,-13,4,-13,4,-13,5,-13,5,-12,5,-12,5,-11,5,-11,5,-11,6,-10,6,-9,7,-9,7,-7,7,-6,7,-5,0,0,0,0,0,0,0,0,0,0,0,0,0,0,78,9,77,13,76,3,74,7,72,-3,50,-4,55,3,45,-8,48,-8,42,-11,38,-8,29,-12,35,-18,23,-19,19,-15,14,-19,10,-21,2,-23,-1,-22,-6,-20,-9,-25,-9,-21,-18,-25,-16,-30,-23,-31,-33,-30,-37,-26,-41,-22,-40,-27,-46,-29,-50,-28,-52,-26,-46,-28,-56,-25,-56,-26,-61,-34,-54,-32,-60,-32,-59,-38,-60,-37,-58,-39,-64,-34,-63,-40,-61,-41,-59,-38,-57,-41,-51,-43,-51,-39,-49,-47,-45,-38,-39,-46,-41,-43,-37,-47,-31,-45,-32,-46,-23,-43,-13,-42,0,0,0,0,0,0,0,0,0,0,0,0,0,0,0,0,0,0,0,0,0,0,39,-67,44,-56,45,-58,46,-50,54,-46,51,-46,50,-42,51,-31,59,-39,50,-38,56,-30,45,-28,52,-32,44,-25,40,-22,40,-22,39,-16,36,-15,27,-10,26,-6,29,-11,18,-4,19,-5,11,-1,11,1,7,5,7,6,-3,10,-2,6,-5,8,-9,14,-13,18,-16,16,-14,17,-15,21,-18,23,-14,26,-15,29,-17,33,-15,38,-15,39,-6,42,-11,42,-8,55,-6,56,-16,48,-12,57,-2,67,-4,67,-7,75,-4,72,-2,82,-4,84,-5,82,1,91,0,87,-5,90,0,0]"
CSI_DATA,94,1a:00:00:00:00:00,-49,11,1,0,1,1,1,0,0,0,1,-96,0,11,2,1503121,0,44,0,384,0,"[0,0,0,0,0,0,0,0,0,0,0,0,-7,8,-6,8,-5,8,-5,7,-4,7,-3,6,-2,6,-2,5,-1,5,0,4,0,4,1,3,1,2,2,2,2,1,3,0,3,0,4,-1,4,-2,4,-3,5,-3,5,-4,5,-5,6,-6,6,-7,6,-7,0,0,7,-9,8,-9,8,-10,8,-10,8,-10,9,-10,9,-11,9,-11,9,-11,9,-11,9,-11,10,-10,10,-10,10,-10,10,-10,10,-10,10,-9,9,-9,9,-8,9,-8,10,-7,10,-6,10,-6,9,-5,9,-4,9,-3,0,0,0,0,0,0,0,0,0,0,0,0,0,0,29,68,28,65,33,61,32,53,29,43,23,42,29,35,29,37,23,34,32,32,22,23,22,20,25,11,24,5,28,6,16,0,18,-8,17,-9,9,-5,8,-13,11,-24,8,-25,-2,-24,-2,-30,-5,-32,-2,-37,-3,-43,-10,-46,-10,-46,-17,-53,-13,-54,-17,-55,-24,-60,-21,-59,-24,-59,-18,-64,-28,-62,-29,-64,-18,-67,-23,-66,-22,-68,-20,-71,-19,-72,-15,-70,-17,-67,-19,-70,-17,-71,-13,-67,-12,-65,-14,-60,-8,-62,-10,-63,-4,-58,8,-53,4,-55,5,-52,13,-47,0,0,0,0,0,0,0,0,0,0,0,0,0,0,0,0,0,0,0,0,0,0,70,20,69,23,67,32,64,39,62,39,56,37,54,37,53,32,59,39,53,41,49,43,43,38,47,32,42,38,32,38,31,30,33,28,24,28,27,25,24,21,16,12,10,15,12,17,6,12,9,12,3,5,1,5,0,0,-8,0,-10,-2,-7,-1,-13,1,-15,-10,-21,-5,-22,-7,-25,-8,-25,-8,-30,0,-23,2,-37,-1,-40,4,-38,3,-40,1,-45,13,-49,10,-56,15,-59,16,-47,24,-55,29,-55,23,-63,24,-65,28,-71,29,-68,36,-72,37,-67,37,-75,35,0,0]"
CSI_DATA,95,1a:00:00:00:00:00,-49,11,1,0,1,1,1,0,0,0,1,-96,0,11,2,1513041,0,44,0,384,0,"[0,0,0,0,0,0,0,0,0,0,0,0,6,8,6,7,6,6,6,5,6,5,5,4,5,3,4,2,4,2,4,1,3,0,2,-1,2,-1,1,-2,1,-2,0,-3,-1,-3,-1,-4,-2,-4,-3,-5,-3,-5,-5,-5,-5,-5,-6,-6,-7,-6,-8,-6,0,0,-9,-7,-10,-8,-10,-7,-11,-7,-11,-8,-12,-8,-12,-8,-12,-8,-13,-9,-13,-9,-13,-9,-12,-9,-12,-9,-12,-9,-11,-10,-11,-10,-11,-9,-10,-9,-10,-9,-10,-9,-9,-10,-9,-9,-8,-10,-7,-10,-6,-10,-5,-10,0,0,0,0,0,0,0,0,0,0,0,0,0,0,69,-10,67,-10,64,-13,59,-14,53,-21,47,-12,44,-17,41,-13,34,-15,27,-19,28,-19,22,-15,17,-20,17,-18,9,-17,8,-20,0,-16,-7,-15,-6,-12,-15,-16,-16,-7,-17,0,-22,-1,-24,3,-29,6,-35,5,-38,8,-43,12,-41,14,-45,20,-46,22,-52,23,-48,23,-53,25,-49,27,-58,33,-58,34,-60,36,-63,34,-67,33,-64,32,-66,33,-71,32,-66,34,-67,32,-69,23,-69,23,-67,26,-61,21,-62,20,-57,22,-56,20,-59,17,-62,12,-59,1,-50,-2,-47,0,0,0,0,0,0,0,0,0,0,0,0,0,0,0,0,0,0,0,0,0,0,0,53,-52,57,-47,55,-46,57,-43,60,-40,60,-36,56,-34,60,-37,53,-34,56,-32,53,-32,54,-28,53,-32,53,-33,42,-22,40,-19,40,-23,27,-16,34,-21,28,-17,27,-18,21,-14,15,-12,9,-9,9,-3,4,-4,1,-6,2,-5,-3,-1,-7,-5,-8,3,-16,3,-19,8,-18,7,-14,7,-17,12,-13,15,-15,22,-17,19,-15,35,-17,39,-13,33,-13,32,-10,41,-10,38,-8,55,-1,52,0,51,0,60,4,56,5,62,11,64,11,65,6,74,15,77,13,72,8,71,0,0]"
CSI_DATA,96,1a:00:00:00:00:00,-50,11,1,0,1,1,1,0,0,0,1,-96,0,11,2,1523077,0,44,0,384,0,"[0,0,0,0,0,0,0,0,0,0,0,0,-11,4,-10,5,-9,5,-9,4,-8,4,-7,4,-6,4,-5,4,-4,4,-3,3,-3,3,-2,3,-1,2,-1,1,0,1,1,1,1,0,1,-1,2,-1,2,-2,2,-3,3,-4,3,-4,4,-5,4,-6,4,-7,0,0,4,-9,5,-9,5,-10,5,-10,5,-11,5,-11,5,-12,5,-12,5,-13,6,-12,6,-13,7,-12,7,-12,7,-12,6,-12,7,-12,7,-12,6,-12,6,-11,6,-11,7,-11,7,-10,7,-10,8,-9,8,-8,8,-7,0,0,0,0,0,0,0,0,0,0,0,0,0,0,-1,80,-1,73,4,68,3,63,8,64,5,60,4,55,10,55,15,47,9,42,10,37,13,26,11,25,18,25,12,21,11,12,12,7,11,5,5,3,7,-2,11,-8,5,-6,-7,-21,-5,-16,0,-16,-8,-22,-7,-27,-15,-31,-23,-32,-23,-39,-28,-37,-26,-48,-29,-35,-30,-46,-37,-45,-34,-59,-38,-51,-46,-52,-38,-59,-44,-53,-43,-56,-44,-63,-43,-65,-43,-61,-42,-57,-44,-55,-43,-60,-40,-53,-40,-58,-33,-58,-37,-57,-33,-57,-31,-57,-26,-54,-24,-52,-18,-52,-11,-55,0,0,0,0,0,0,0,0,0,0,0,0,0,0,0,0,0,0,0,0,0,0,38,63,32,72,28,61,27,70,24,60,21,71,20,66,20,63,21,69,24,65,22,56,19,56,19,54,19,55,13,48,13,44,23,43,8,39,13,34,18,30,13,22,12,20,12,16,14,7,13,5,9,0,13,-2,9,-5,4,-9,8,-15,0,-18,-5,-19,1,-22,-4,-18,-11,-29,-10,-26,-9,-29,-20,-30,-14,-27,-25,-27,-26,-30,-31,-26,-37,-23,-41,-25,-46,-18,-36,-25,-48,-21,-53,-18,-56,-11,-60,-16,-70,-5,-69,-6,-82,-12,-75,-3,-78,-11,-86,-3,-84,-4,0,0]"
CSI_DATA,97,1a:00:00:00:00:00,-50,11,1,0,1,1,1,0,0,0,1,-96,0,11,2,1533278,0,44,0,384,0,"[0,0,0,0,0,0,0,0,0,0,0,0,-13,2,-12,2,-11,3,-11,2,-9,2,-8,2,-7,3,-6,3,-6,2,-5,2,-4,2,-3,2,-3,1,-2,1,-1,1,0,1,0,0,0,-1,1,-1,1,-2,2,-3,2,-4,3,-4,3,-5,4,-6,4,-7,0,0,4,-8,4,-9,5,-10,4,-10,5,-10,5,-11,5,-12,5,-12,5,-13,5,-12,6,-13,6,-12,6,-12,6,-13,6,-12,6,-13,6,-12,5,-12,5,-12,5,-11,6,-11,6,-11,6,-10,7,-10,7,-9,7,-8,0,0,0,0,0,0,0,0,0,0,0,0,0,0,-19,79,-19,75,-13,72,-12,71,-8,67,-5,61,-3,61,-8,57,-3,48,1,44,10,40,0,32,6,34,6,23,8,25,4,17,4,15,3,11,2,1,2,-2,4,-6,-2,-4,-1,-6,-3,-11,-3,-16,-10,-15,-10,-24,-10,-24,-14,-33,-25,-33,-17,-32,-24,-40,-26,-34,-35,-43,-36,-39,-34,-50,-40,-43,-45,-46,-40,-48,-39,-50,-44,-56,-46,-54,-35,-52,-44,-54,-43,-48,-48,-53,-48,-52,-43,-52,-42,-52,-41,-46,-42,-48,-34,-49,-37,-49,-28,-51,-28,-57,-24,-47,-14,-54,0,0,0,0,0,0,0,0,0,0,0,0,0,0,0,0,0,0,0,0,0,0,19,72,18,68,13,71,12,72,7,69,6,63,12,61,2,66,6,69,6,63,0,61,7,58,8,61,8,49,1,47,1,50,12,45,5,45,11,32,3,29,5,24,4,22,6,17,6,9,6,11,6,1,9,6,7,0,9,-6,6,-7,2,-14,6,-13,5,-22,-2,-15,-3,-21,-5,-26,-12,-24,-15,-27,-15,-29,-19,-24,-17,-27,-29,-28,-31,-26,-37,-26,-43,-21,-55,-35,-48,-28,-52,-26,-60,-18,-60,-22,-64,-23,-72,-12,-74,-23,-71,-17,-79,-24,-79,-18,-85,-18,0,0]"
CSI_DATA,98,1a:00:00:00:00:00,-48,11,1,0,1,1,1,0,0,0,1,-96,0,11,2,1563580,0,44,0,384,0,"[0,0,0,0,0,0,0,0,0,0,0,0,9,3,9,3,8,2,8,2,7,1,6,1,6,0,5,0,4,-1,4,-1,3,-1,2,-2,2,-2,1,-3,0,-3,-1,-3,-2,-3,-2,-3,-3,-3,-4,-3,-5,-3,-6,-3,-6,-3,-8,-3,-9,-3,-9,-2,0,0,-11,-2,-11,-2,-13,-2,-13,-2,-13,-2,-14,-2,-14,-2,-14,-2,-15,-2,-15,-2,-15,-3,-15,-3,-15,-3,-15,-3,-15,-3,-15,-3,-14,-3,-14,-3,-14,-3,-13,-3,-13,-4,-13,-4,-12,-5,-12,-5,-11,-6,-9,-6,0,0,0,0,0,0,0,0,0,0,0,0,0,0,58,-47,54,-41,43,-43,42,-46,42,-39,34,-42,30,-35,32,-34,29,-30,20,-31,14,-33,8,-29,6,-28,9,-22,1,-20,-5,-16,-6,-16,-9,-11,-12,-9,-12,-8,-13,-4,-18,2,-17,6,-24,13,-21,14,-24,21,-24,23,-25,24,-29,33,-25,39,-30,36,-33,44,-37,41,-33,52,-31,52,-37,46,-43,54,-39,60,-43,58,-43,59,-41,54,-45,58,-47,64,-47,61,-47,62,-44,58,-42,57,-49,56,-45,50,-40,47,-43,49,-43,48,-44,42,-51,39,-53,37,-47,33,-46,19,0,0,0,0,0,0,0,0,0,0,0,0,0,0,0,0,0,0,0,0,0,0,-13,-74,0,-74,-3,-73,0,-77,6,-76,6,-71,8,-69,12,-73,12,-72,12,-72,12,-67,14,-61,11,-63,18,-60,12,-55,9,-51,9,-55,13,-48,8,-43,12,-38,4,-38,5,-29,3,-27,-1,-25,2,-23,-3,-14,-6,-10,0,-6,-3,-7,-6,-4,-10,2,-5,4,-7,9,-13,12,-3,15,-8,14,-10,19,-2,22,0,25,0,30,0,26,1,28,3,28,21,34,11,36,16,33,20,37,30,38,28,49,32,43,41,50,44,48,36,44,42,46,43,56,49,51,53,54,0,0]"
CSI_DATA,99,1a:00:00:00:00:00,-46,11,1,0,1,1,1,0,0,0,1,-96,0,11,2,1583146,0,44,0,384,0,"[0,0,0,0,0,0,0,0,0,0,0,0,-9,9,-8,8,-7,8,-7,8,-6,7,-5,7,-4,7,-3,7,-3,6,-2,5,-1,6,-1,5,0,4,1,4,1,4,2,4,3,3,3,3,4,2,4,1,5,1,6,0,6,0,7,-1,8,-1,8,-1,0,0,10,-2,10,-2,11,-2,11,-3,11,-3,12,-3,13,-3,12,-3,13,-3,13,-2,14,-2,13,-1,13,-1,13,-1,13,0,13,0,13,0,12,0,12,0,12,1,12,2,11,2,10,3,10,4,9,4,8,5,0,0,0,0,0,0,0,0,0,0,0,0,0,0,31,71,30,68,33,73,28,66,29,60,23,57,25,49,31,47,23,43,26,37,31,32,30,30,28,23,27,21,27,18,27,13,25,9,24,2,24,-3,26,-7,25,-10,18,-12,19,-17,22,-22,17,-24,21,-28,21,-31,20,-42,16,-43,15,-45,16,-46,14,-49,22,-50,16,-61,16,-57,20,-63,16,-63,15,-64,25,-67,20,-69,22,-70,26,-72,23,-66,29,-69,26,-63,33,-65,36,-64,30,-59,32,-60,32,-58,30,-56,38,-51,38,-48,43,-44,38,-39,39,-33,46,-30,0,0,0,0,0,0,0,0,0,0,0,0,0,0,0,0,0,0,0,0,0,0,33,-53,42,-52,40,-46,49,-50,44,-42,49,-40,44,-41,46,-37,47,-38,48,-31,50,-29,41,-30,42,-30,42,-27,39,-25,40,-19,37,-30,29,-22,27,-20,22,-18,18,-17,17,-18,13,-19,6,-17,5,-19,1,-17,1,-21,-3,-17,-9,-15,-15,-22,-16,-18,-20,-13,-20,-14,-26,-11,-23,-15,-28,-14,-35,-6,-38,-5,-36,-5,-39,-2,-41,3,-43,-1,-47,5,-51,4,-50,8,-55,25,-56,19,-59,20,-60,26,-66,29,-65,31,-73,25,-78,30,-72,35,-79,35,-80,39,-77,35,0,0]"
CSI_DATA,100,1a:00:00:00:00:00,-47,11,1,0,1,1,1,0,0,0,1,-96,0,11,2,1593120,0,44,0,384,0,"[0,0,0,0,0,0,0,0,0,0,0,0,5,11,5,10,6,9,6,9,5,8,4,7,5,7,4,6,4,5,4,4,5,4,5,2,5,2,5,2,4,1,5,0,4,-1,4,-1,4,-2,3,-3,3,-3,4,-4,3,-5,2,-6,3,-6,3,-7,0,0,3,-8,4,-9,4,-10,3,-10,4,-10,4,-10,4,-11,4,-11,5,-11,5,-10,6,-11,6,-10,6,-10,6,-10,7,-10,7,-10,7,-9,7,-9,7,-9,7,-8,7,-7,7,-7,7,-6,8,-5,8,-4,8,-3,0,0,0,0,0,0,0,0,0,0,0,0,0,0,18,74,21,76,25,70,18,68,20,65,14,60,24,56,23,52,20,48,22,45,23,41,20,39,19,36,18,28,21,27,24,18,25,20,20,14,20,11,25,9,23,-4,22,1,21,-9,20,-7,20,-14,20,-18,21,-19,26,-25,21,-27,23,-36,23,-37,28,-37,22,-40,27,-48,28,-43,27,-50,29,-52,28,-48,34,-48,31,-54,35,-55,42,-54,39,-47,40,-48,40,-51,44,-51,43,-47,46,-41,44,-38,38,-42,45,-36,45,-38,42,-32,42,-24,47,-21,45,-17,43,-9,0,0,0,0,0,0,0,0,0,0,0,0,0,0,0,0,0,0,0,0,0,0,29,-63,31,-59,36,-58,39,-58,38,-52,49,-52,44,-50,48,-45,45,-47,43,-46,50,-42,44,-38,44,-38,41,-34,42,-31,42,-32,39,-31,35,-25,35,-26,27,-21,22,-16,22,-22,17,-21,12,-21,13,-20,7,-19,6,-18,1,-20,-6,-16,-7,-21,-7,-17,-13,-21,-20,-17,-13,-15,-24,-17,-27,-10,-29,-11,-29,-14,-30,-5,-36,-2,-37,-6,-40,3,-47,5,-50,6,-48,10,-47,14,-54,16,-57,17,-56,23,-62,27,-66,27,-72,25,-74,22,-74,28,-78,27,-78,33,-79,23,0,0]"
CSI_DATA,101,1a:00:00:00:00:00,-47,11,1,0,1,1,1,0,0,0,1,-96,0,11,2,1603027,0,44,0,384,0,"[0,0,0,0,0,0,0,0,0,0,0,0,8,-11,8,-11,6,-10,7,-10,6,-9,6,-9,5,-9,4,-8,4,-8,2,-7,3,-8,2,-7,1,-7,0,-6,0,-6,-1,-5,-2,-5,-2,-5,-3,-4,-3,-4,-3,-4,-4,-3,-5,-3,-6,-3,-7,-2,-7,-2,0,0,-8,-2,-8,-2,-9,-2,-9,-2,-10,-2,-10,-3,-10,-3,-11,-2,-11,-3,-11,-4,-11,-3,-10,-4,-11,-5,-10,-5,-10,-5,-11,-5,-9,-5,-10,-5,-9,-6,-9,-6,-8,-6,-7,-7,-7,-7,-6,-7,-5,-8,-4,-7,0,0,0,0,0,0,0,0,0,0,0,0,0,0,55,-60,64,-63,56,-57,55,-57,54,-59,46,-47,45,-55,44,-45,41,-48,41,-40,29,-39,24,-41,22,-39,25,-41,20,-37,12,-38,12,-34,5,-32,3,-28,-1,-32,-8,-23,-6,-26,-10,-19,-12,-21,-18,-21,-21,-16,-22,-17,-34,-11,-33,-13,-35,-10,-39,-6,-41,-10,-48,-12,-47,-12,-50,-11,-55,-16,-56,-12,-64,-10,-57,-11,-56,-15,-59,-13,-62,-18,-60,-19,-64,-24,-59,-21,-60,-22,-53,-22,-60,-27,-49,-26,-50,-30,-52,-32,-48,-30,-42,-32,-41,-38,-34,-39,-32,-41,-27,-39,0,0,0,0,0,0,0,0,0,0,0,0,0,0,0,0,0,0,0,0,0,0,-74,13,-70,6,-80,2,-75,-4,-76,-11,-66,-13,-67,-14,-67,-15,-69,-21,-67,-23,-64,-21,-59,-23,-60,-20,-58,-25,-53,-23,-52,-24,-47,-20,-48,-20,-36,-18,-40,-19,-36,-15,-34,-14,-31,-15,-32,-6,-24,-5,-24,-4,-21,1,-19,6,-16,8,-13,8,-13,12,-10,14,-5,17,-7,19,-2,19,2,26,2,28,7,27,12,26,13,32,18,28,24,31,24,25,27,37,30,32,35,27,35,34,41,38,43,37,51,47,57,43,58,45,64,51,65,52,73,57,61,57,67,56,0,0]"
CSI_DATA,102,1a:00:00:00:00:00,-47,11,1,0,1,1,1,0,0,0,1,-96,0,11,2,1613059,0,44,0,384,0,"[0,0,0,0,0,0,0,0,0,0,0,0,9,7,9,6,9,6,8,7,8,5,7,4,7,4,6,3,6,3,5,2,5,1,5,1,4,0,4,-1,3,-1,3,-2,2,-3,2,-3,1,-3,1,-4,0,-5,0,-5,-1,-6,-1,-7,-1,-7,-2,-8,0,0,-3,-8,-3,-9,-3,-11,-4,-10,-3,-11,-3,-11,-4,-11,-4,-12,-3,-12,-3,-12,-3,-12,-2,-12,-3,-12,-2,-12,-2,-12,-2,-13,-2,-12,-1,-12,-1,-11,-1,-11,0,-11,1,-10,1,-10,1,-10,2,-9,3,-8,0,0,0,0,0,0,0,0,0,0,0,0,0,0,64,46,63,44,66,36,58,38,61,32,51,35,52,28,47,26,45,22,45,22,42,11,38,13,35,7,33,7,29,3,28,0,29,-2,21,-8,16,-9,16,-13,19,-16,15,-18,6,-21,3,-23,-2,-24,-7,-27,-7,-32,-10,-32,-13,-39,-14,-36,-16,-37,-20,-45,-19,-43,-29,-44,-28,-46,-28,-51,-24,-56,-33,-55,-26,-52,-29,-56,-26,-57,-26,-62,-30,-59,-26,-60,-20,-60,-22,-62,-20,-57,-20,-59,-18,-59,-14,-56,-9,-55,-14,-60,-5,-56,-1,-51,1,-53,4,-52,8,-47,0,0,0,0,0,0,0,0,0,0,0,0,0,0,0,0,0,0,0,0,0,0,12,-73,19,-70,18,-70,24,-69,27,-66,33,-64,28,-64,35,-63,38,-65,36,-61,38,-58,38,-56,36,-57,39,-53,31,-49,38,-45,26,-54,32,-42,28,-39,22,-37,26,-35,21,-35,16,-32,11,-28,8,-25,7,-24,5,-20,0,-22,1,-17,-7,-16,-9,-10,-12,-15,-15,-11,-15,-10,-23,-1,-24,-2,-20,-2,-18,5,-22,9,-26,9,-26,11,-28,19,-28,20,-29,27,-24,29,-33,43,-31,39,-29,45,-31,48,-33,53,-31,57,-35,60,-41,64,-37,63,-43,71,-44,73,-41,75,0,0]"
CSI_DATA,103,1a:00:00:00:00:00,-47,11,1,0,1,1,1,0,0,0,1,-96,0,11,2,1623267,0,44,0,384,0,"[0,0,0,0,0,0,0,0,0,0,0,0,6,10,6,8,6,8,6,8,5,7,4,6,5,6,5,5,4,4,4,3,4,2,5,2,5,1,4,0,4,0,5,-1,3,-2,3,-2,3,-3,3,-4,3,-4,3,-5,2,-6,2,-7,2,-7,2,-8,0,0,2,-9,2,-10,2,-10,2,-10,2,-10,3,-11,3,-11,3,-11,3,-11,3,-11,3,-12,4,-12,4,-11,4,-11,5,-10,5,-10,5,-10,5,-10,5,-9,5,-8,5,-8,6,-8,6,-8,6,-6,6,-6,6,-4,0,0,0,0,0,0,0,0,0,0,0,0,0,0,33,70,31,70,34,65,28,57,27,60,24,50,25,47,30,45,24,38,24,38,24,34,21,32,25,27,25,22,24,18,23,14,25,9,20,8,25,0,23,1,23,-9,25,-9,19,-10,18,-16,18,-19,15,-23,16,-27,17,-30,19,-36,16,-38,13,-44,20,-44,16,-46,18,-48,17,-52,20,-54,19,-56,20,-58,25,-58,21,-56,25,-60,32,-59,26,-57,33,-56,32,-51,29,-57,33,-49,32,-48,33,-47,35,-45,38,-43,36,-40,35,-39,35,-31,38,-29,40,-27,41,-21,0,0,0,0,0,0,0,0,0,0,0,0,0,0,0,0,0,0,0,0,0,0,23,-67,31,-65,33,-67,37,-63,41,-62,40,-60,41,-58,45,-57,45,-54,50,-48,48,-50,48,-50,48,-50,48,-43,46,-41,49,-38,41,-41,43,-32,37,-32,37,-28,33,-23,27,-30,27,-29,22,-25,20,-25,14,-25,10,-19,9,-20,7,-22,5,-16,-1,-17,-7,-16,-8,-16,-12,-10,-13,-11,-18,-10,-16,-7,-23,-4,-26,-3,-30,-3,-29,3,-33,8,-40,7,-41,8,-39,13,-33,21,-41,24,-45,27,-50,28,-54,31,-52,32,-55,35,-63,33,-66,34,-67,39,-66,43,-65,41,0,0]"
CSI_DATA,104,1a:00:00:00:00:00,-47,11,1,0,1,1,1,0,0,0,1,-96,0,11,2,1634271,0,44,0,384,0,"[0,0,0,0,0,0,0,0,0,0,0,0,-6,-11,-6,-10,-6,-10,-6,-10,-5,-8,-5,-8,-6,-7,-5,-6,-6,-6,-5,-5,-5,-4,-5,-3,-5,-3,-5,-2,-5,-1,-5,0,-5,0,-4,1,-4,2,-4,3,-4,3,-4,4,-4,4,-4,5,-4,6,-4,7,0,0,-4,8,-4,8,-4,9,-4,10,-4,10,-4,10,-4,11,-4,10,-5,11,-5,10,-6,10,-6,10,-6,10,-6,10,-7,9,-7,9,-6,9,-6,8,-7,8,-7,8,-7,7,-7,7,-8,6,-8,5,-8,4,-8,3,0,0,0,0,0,0,0,0,0,0,0,0,0,0,-34,-66,-37,-68,-34,-60,-30,-59,-34,-64,-28,-50,-33,-48,-32,-46,-29,-39,-32,-39,-26,-29,-28,-32,-29,-25,-31,-24,-28,-18,-30,-16,-28,-10,-26,-3,-26,-1,-26,7,-29,9,-26,10,-22,12,-22,19,-23,19,-20,24,-19,25,-12,36,-21,37,-23,43,-19,41,-19,50,-21,45,-20,49,-19,56,-22,54,-24,54,-24,54,-28,58,-28,59,-24,60,-26,62,-27,59,-25,58,-30,61,-30,55,-35,54,-31,52,-35,49,-34,47,-39,45,-38,46,-36,42,-34,38,-40,32,-41,30,-41,23,0,0,0,0,0,0,0,0,0,0,0,0,0,0,0,0,0,0,0,0,0,0,-30,69,-33,64,-38,61,-44,59,-48,58,-50,55,-48,51,-53,47,-51,52,-55,47,-53,45,-54,44,-50,47,-52,43,-53,31,-47,31,-43,35,-45,31,-40,27,-38,27,-37,26,-31,22,-29,23,-24,24,-24,19,-15,19,-13,17,-12,17,-5,18,-2,15,1,15,1,14,10,13,9,12,12,8,14,12,19,10,21,5,24,4,24,-2,32,1,32,-6,33,-7,39,-15,38,-19,36,-17,39,-26,43,-23,48,-25,52,-32,47,-33,58,-38,61,-36,62,-40,66,-45,68,-46,72,-40,0,0]"
CSI_DATA,105,1a:00:00:00:00:00,-46,11,1,0,1,1,1,0,0,0,1,-96,0,11,2,1663972,0,44,0,384,0,"[0,0,0,0,0,0,0,0,0,0,0,0,-5,-12,-6,-11,-6,-11,-5,-11,-5,-10,-5,-8,-5,-8,-5,-7,-5,-6,-5,-6,-5,-5,-5,-5,-6,-4,-5,-3,-5,-3,-5,-2,-5,-1,-5,0,-5,1,-5,1,-5,1,-5,3,-6,3,-6,4,-6,5,-6,5,0,0,-6,6,-7,7,-7,7,-7,8,-7,7,-8,8,-8,8,-8,8,-8,8,-9,7,-10,7,-9,7,-9,7,-9,6,-10,6,-10,6,-10,6,-10,5,-10,4,-9,4,-10,3,-10,3,-10,2,-10,2,-9,0,-9,0,0,0,0,0,0,0,0,0,0,0,0,0,0,0,-41,-65,-37,-65,-43,-61,-42,-58,-38,-57,-35,-56,-40,-49,-33,-45,-32,-44,-33,-38,-35,-37,-34,-33,-31,-33,-36,-25,-29,-22,-31,-17,-30,-12,-29,-7,-27,-6,-29,-2,-27,2,-27,3,-24,10,-27,14,-27,19,-23,20,-23,24,-23,25,-22,29,-25,37,-24,34,-23,42,-27,42,-28,45,-27,49,-29,51,-32,49,-26,51,-32,52,-31,51,-34,52,-40,45,-42,52,-42,50,-38,43,-42,46,-42,45,-43,40,-45,40,-42,37,-40,38,-42,32,-41,29,-46,23,-44,19,-44,13,-44,10,0,0,0,0,0,0,0,0,0,0,0,0,0,0,0,0,0,0,0,0,0,0,12,71,2,69,2,71,-5,73,-13,69,-15,70,-11,67,-17,67,-16,65,-22,62,-27,61,-21,58,-23,58,-22,53,-21,47,-22,52,-21,49,-22,43,-20,39,-14,39,-12,39,-11,34,-12,33,-3,29,-5,27,-5,31,3,21,5,21,7,20,7,18,8,14,16,17,18,8,19,9,20,7,21,3,25,4,29,1,27,-4,33,-4,33,-11,32,-14,38,-15,42,-19,39,-20,35,-29,38,-31,42,-32,47,-36,50,-39,52,-43,53,-43,61,-46,60,-44,63,-51,64,-52,63,-48,0,0]"
CSI_DATA,106,1a:00:00:00:00:00,-46,11,1,0,1,1,1,0,0,0,1,-96,0,11,2,1673582,0,44,0,384,0,"[0,0,0,0,0,0,0,0,0,0,0,0,11,4,11,4,11,3,11,3,10,3,9,2,9,1,8,1,7,1,7,0,6,0,6,-1,5,-2,5,-2,5,-2,4,-4,3,-4,3,-4,3,-5,2,-5,2,-5,1,-7,1,-6,0,-7,0,-8,0,-9,0,0,-2,-10,-1,-10,-2,-11,-2,-11,-1,-11,-1,-11,-1,-12,-1,-12,-1,-13,0,-12,0,-12,1,-12,1,-12,1,-12,1,-11,2,-12,2,-11,2,-11,3,-11,2,-10,3,-10,4,-10,4,-9,5,-8,5,-7,5,-6,0,0,0,0,0,0,0,0,0,0,0,0,0,0,71,32,69,29,64,27,65,24,67,26,57,24,58,22,58,18,49,10,42,15,45,9,43,7,42,9,36,4,37,-1,34,-5,34,-8,28,-12,24,-18,24,-15,23,-16,19,-20,13,-21,14,-25,8,-29,9,-34,4,-35,-1,-36,-1,-43,-3,-43,-3,-44,-4,-47,-4,-49,-9,-51,-12,-53,-8,-58,-7,-54,-7,-58,-3,-61,-1,-62,-2,-61,1,-60,1,-62,0,-65,6,-61,7,-61,11,-59,6,-60,15,-54,11,-50,13,-55,16,-50,18,-51,24,-47,24,-40,26,-35,29,-34,0,0,0,0,0,0,0,0,0,0,0,0,0,0,0,0,0,0,0,0,0,0,-43,-55,-36,-59,-34,-63,-27,-65,-29,-63,-20,-60,-19,-67,-19,-63,-16,-68,-14,-59,-10,-63,-11,-63,-14,-61,-8,-58,-6,-54,-3,-51,-6,-51,-7,-48,-9,-41,-9,-44,-5,-37,-9,-34,-7,-25,-10,-27,-10,-25,-15,-17,-12,-18,-15,-19,-18,-12,-21,-9,-18,-5,-21,-2,-22,-3,-26,4,-22,5,-22,8,-23,7,-23,11,-25,18,-21,23,-23,30,-20,29,-21,29,-22,37,-20,36,-24,40,-25,48,-19,51,-18,59,-24,56,-18,59,-22,65,-25,69,-23,67,-20,76,-19,77,-24,81,0,0]"
CSI_DATA,107,1a:00:00:00:00:00,-46,11,1,0,1,1,1,0,0,0,1,-96,0,11,2,1693504,0,44,0,384,0,"[0,0,0,0,0,0,0,0,0,0,0,0,13,-4,11,-4,12,-4,11,-4,10,-4,9,-4,9,-5,7,-4,7,-4,7,-5,6,-5,6,-5,4,-5,4,-5,3,-5,3,-6,2,-6,1,-6,0,-6,0,-6,-1,-6,-1,-6,-2,-7,-3,-7,-3,-8,-4,-8,0,0,-5,-8,-5,-9,-5,-9,-6,-10,-5,-10,-6,-10,-6,-11,-5,-11,-6,-11,-6,-11,-5,-11,-4,-12,-4,-11,-4,-11,-3,-12,-3,-11,-3,-12,-3,-11,-2,-11,-1,-10,-1,-11,0,-10,1,-10,2,-9,2,-9,3,-8,0,0,0,0,0,0,0,0,0,0,0,0,0,0,84,-25,73,-19,81,-28,66,-24,71,-25,70,-20,63,-19,63,-24,57,-21,50,-25,44,-22,39,-28,36,-26,30,-20,31,-25,21,-29,27,-30,17,-27,19,-27,8,-30,13,-31,7,-28,-1,-28,-1,-33,-7,-30,-7,-33,-15,-29,-17,-35,-24,-35,-26,-40,-20,-32,-39,-36,-28,-39,-35,-43,-39,-39,-44,-50,-38,-49,-39,-47,-40,-51,-36,-47,-41,-50,-41,-57,-38,-57,-32,-56,-30,-57,-30,-55,-27,-59,-27,-57,-23,-53,-22,-51,-17,-55,-17,-49,-13,-54,-9,-49,-2,-54,1,-45,4,-40,0,0,0,0,0,0,0,0,0,0,0,0,0,0,0,0,0,0,0,0,0,0,-66,-7,-63,-17,-61,-18,-64,-28,-56,-33,-58,-37,-56,-29,-53,-31,-51,-35,-48,-36,-47,-38,-47,-33,-48,-37,-41,-33,-37,-34,-32,-33,-34,-34,-28,-26,-31,-25,-27,-20,-27,-20,-27,-16,-23,-15,-25,-12,-24,-6,-25,-2,-18,-1,-17,3,-16,6,-18,8,-17,15,-15,17,-11,18,-11,23,-12,19,-3,27,-9,25,-6,31,-2,30,-3,35,-5,37,9,37,7,47,9,46,13,47,22,48,17,50,21,58,19,58,23,67,29,69,35,64,34,71,29,67,35,81,36,84,33,81,0,0]"
CSI_DATA,108,1a:00:00:00:00:00,-46,11,1,0,1,1,1,0,0,0,1,-96,0,11,2,1704136,0,44,0,384,0,"[0,0,0,0,0,0,0,0,0,0,0,0,7,-13,6,-13,5,-12,5,-11,5,-11,4,-10,3,-11,3,-10,3,-9,1,-9,2,-9,1,-8,0,-8,-1,-7,-2,-7,-2,-7,-3,-6,-3,-6,-4,-5,-5,-5,-5,-5,-5,-5,-6,-5,-7,-4,-8,-4,-9,-4,0,0,-10,-4,-10,-4,-11,-4,-11,-4,-11,-4,-12,-5,-12,-5,-12,-5,-12,-5,-12,-6,-12,-6,-11,-7,-11,-7,-11,-7,-11,-8,-10,-7,-10,-7,-9,-8,-9,-8,-8,-8,-7,-9,-7,-9,-6,-8,-5,-8,-4,-9,-3,-8,0,0,0,0,0,0,0,0,0,0,0,0,0,0,54,-64,57,-56,48,-57,50,-56,46,-56,42,-52,43,-52,41,-50,32,-45,33,-49,27,-49,26,-43,21,-50,20,-42,15,-37,7,-41,9,-41,5,-40,0,-36,-5,-32,-10,-33,-9,-32,-14,-29,-20,-27,-20,-27,-24,-29,-25,-26,-31,-28,-33,-29,-39,-24,-40,-27,-40,-28,-45,-29,-49,-29,-50,-24,-53,-31,-54,-26,-57,-35,-56,-35,-58,-34,-53,-40,-54,-43,-50,-46,-55,-44,-51,-46,-47,-42,-44,-47,-42,-44,-38,-44,-36,-45,-35,-46,-33,-47,-29,-50,-21,-51,-17,-49,-14,-48,-4,-48,0,0,0,0,0,0,0,0,0,0,0,0,0,0,0,0,0,0,0,0,0,0,-57,32,-62,31,-59,24,-66,21,-68,21,-62,12,-60,11,-65,10,-64,7,-62,2,-55,2,-55,-1,-58,0,-55,0,-50,-9,-45,-6,-46,0,-40,0,-40,-3,-34,1,-31,1,-26,-2,-22,5,-23,8,-22,6,-14,9,-15,12,-11,14,-10,14,-8,18,-4,19,-5,24,-2,25,2,22,4,25,8,27,11,25,15,33,14,28,20,32,25,33,31,30,32,33,37,34,40,34,40,29,48,33,53,34,57,37,57,42,54,40,64,42,67,45,60,47,69,54,73,49,69,51,0,0]"
CSI_DATA,109,1a:00:00:00:00:00,-46,11,1,0,1,1,1,0,0,0,1,-96,0,11,2,1713046,0,44,0,384,0,"[0,0,0,0,0,0,0,0,0,0,0,0,8,9,8,9,9,8,8,8,8,7,7,6,7,6,7,5,7,5,6,4,6,3,6,3,6,2,6,1,6,0,6,0,6,-1,5,-2,5,-2,5,-3,5,-4,5,-4,4,-5,5,-6,5,-6,5,-7,0,0,4,-8,5,-9,5,-9,5,-10,5,-9,6,-10,6,-10,6,-10,6,-10,7,-10,7,-10,8,-9,8,-9,8,-9,8,-8,8,-8,8,-8,8,-7,8,-7,8,-6,8,-5,8,-5,8,-4,8,-3,8,-2,8,-1,0,0,0,0,0,0,0,0,0,0,0,0,0,0,66,52,61,50,61,46,56,44,55,44,53,40,56,40,49,34,49,30,47,27,48,28,43,18,45,21,42,14,36,13,36,11,40,3,36,-2,34,-3,33,-7,34,-11,32,-9,26,-15,25,-17,28,-20,23,-24,23,-30,22,-35,27,-37,24,-40,22,-42,23,-45,19,-45,19,-50,22,-52,25,-54,21,-57,21,-58,27,-56,31,-59,31,-58,34,-57,36,-57,32,-59,31,-49,41,-53,36,-46,40,-49,39,-45,38,-42,41,-41,41,-34,40,-36,43,-29,45,-22,43,-20,43,-11,0,0,0,0,0,0,0,0,0,0,0,0,0,0,0,0,0,0,0,0,0,0,-27,-60,-24,-58,-20,-61,-15,-63,-12,-61,-7,-62,-5,-62,-4,-57,-1,-63,0,-58,4,-56,3,-51,2,-54,4,-47,5,-49,5,-48,3,-45,11,-38,4,-36,4,-32,0,-29,-1,-26,-5,-27,-6,-20,-6,-17,-13,-12,-12,-14,-13,-11,-13,-11,-22,-5,-17,-4,-26,-2,-25,1,-26,7,-24,6,-31,8,-27,13,-34,14,-29,17,-32,24,-31,23,-30,29,-37,29,-35,38,-34,34,-40,43,-36,45,-33,49,-34,53,-38,55,-41,60,-41,63,-44,64,-40,68,-49,69,-48,71,-50,69,0,0]"
CSI_DATA,110,1a:00:00:00:00:00,-46,11,1,0,1,1,1,0,0,0,1,-96,0,11,2,1723020,0,44,0,384,0,"[0,0,0,0,0,0,0,0,0,0,0,0,8,9,8,9,8,8,8,8,8,7,7,6,8,5,7,5,7,4,7,4,6,3,6,2,6,2,6,1,6,1,6,0,5,-1,5,-2,6,-2,5,-3,5,-3,5,-4,4,-5,5,-6,5,-6,5,-7,0,0,5,-8,6,-8,6,-9,5,-9,6,-9,6,-9,6,-10,7,-10,7,-10,7,-9,8,-10,8,-9,8,-9,8,-9,8,-8,9,-8,9,-8,8,-7,9,-6,8,-6,8,-5,8,-5,9,-4,9,-3,8,-1,7,-1,0,0,0,0,0,0,0,0,0,0,0,0,0,0,52,59,52,53,56,57,50,57,44,52,43,53,45,46,46,48,38,39,41,36,37,34,43,27,38,29,36,21,35,22,39,14,36,11,35,8,31,4,28,5,37,-6,29,-5,29,-12,32,-13,32,-12,31,-20,29,-20,25,-28,28,-33,31,-34,26,-32,32,-41,26,-39,30,-44,28,-47,35,-43,33,-50,35,-50,36,-47,42,-49,37,-49,41,-49,44,-44,44,-47,47,-39,48,-40,50,-38,48,-35,50,-29,46,-29,50,-28,50,-23,48,-21,45,-14,49,-13,46,-4,46,-4,0,0,0,0,0,0,0,0,0,0,0,0,0,0,0,0,0,0,0,0,0,0,-29,-58,-17,-63,-17,-58,-12,-65,-6,-63,0,-66,-2,-60,4,-62,6,-65,4,-60,8,-58,7,-53,7,-53,8,-53,9,-46,8,-42,9,-43,10,-37,3,-37,0,-30,1,-28,3,-24,0,-24,-6,-19,-3,-18,-9,-17,-10,-14,-17,-13,-15,-12,-23,-9,-18,-6,-22,-7,-23,0,-26,-2,-27,2,-28,5,-34,7,-31,9,-35,13,-32,22,-36,23,-33,25,-40,27,-38,31,-40,29,-41,41,-44,40,-43,42,-45,44,-42,47,-49,50,-50,54,-57,60,-55,56,-57,59,-59,63,-63,57,0,0]"
CSI_DATA,111,1a:00:00:00:00:00,-46,11,1,0,1,1,1,0,0,0,1,-96,0,11,2,1733889,0,44,0,384,0,"[0,0,0,0,0,0,0,0,0,0,0,0,12,6,11,6,12,6,10,5,9,4,9,3,9,3,8,2,8,2,7,1,7,0,7,-1,7,-1,6,-1,5,-2,5,-3,5,-3,5,-3,4,-4,4,-5,3,-5,3,-6,3,-6,2,-7,3,-8,2,-9,0,0,2,-10,2,-10,2,-11,1,-11,2,-11,2,-11,2,-12,2,-12,3,-12,3,-12,4,-12,4,-12,4,-11,4,-11,5,-11,5,-11,5,-10,5,-9,5,-9,5,-9,6,-8,6,-8,7,-7,7,-6,7,-5,7,-4,0,0,0,0,0,0,0,0,0,0,0,0,0,0,67,52,58,47,65,51,54,46,57,46,48,44,46,36,50,36,49,28,46,24,42,23,40,23,43,19,41,15,40,11,35,2,42,1,36,-1,35,-3,35,-7,34,-12,31,-10,24,-17,22,-20,20,-25,23,-30,22,-31,21,-33,19,-36,19,-44,16,-36,20,-43,19,-44,20,-52,16,-50,26,-50,25,-56,24,-56,27,-57,29,-54,29,-56,30,-56,30,-59,33,-57,34,-50,37,-50,41,-47,39,-45,41,-43,40,-37,46,-34,42,-32,41,-32,40,-26,44,-22,42,-15,42,-11,0,0,0,0,0,0,0,0,0,0,0,0,0,0,0,0,0,0,0,0,0,0,-41,-49,-33,-53,-30,-55,-28,-58,-20,-60,-21,-60,-13,-57,-14,-60,-11,-62,-8,-53,-6,-58,-7,-53,-9,-52,-8,-50,2,-47,0,-44,-3,-40,1,-40,-2,-36,-3,-28,-3,-26,-4,-25,-6,-22,-9,-19,-12,-15,-12,-13,-18,-16,-20,-11,-18,-6,-28,-4,-19,-1,-24,0,-26,5,-28,6,-30,11,-30,7,-27,11,-31,15,-29,21,-26,24,-33,29,-29,27,-30,31,-35,34,-35,40,-34,33,-34,49,-35,48,-38,54,-35,56,-35,63,-34,62,-44,65,-44,64,-41,71,-44,68,-46,70,0,0]"
CSI_DATA,112,1a:00:00:00:00:00,-46,11,1,0,1,1,1,0,0,0,1,-96,0,11,2,1743526,0,44,0,384,0,"[0,0,0,0,0,0,0,0,0,0,0,0,-11,-8,-11,-8,-11,-6,-11,-8,-9,-6,-9,-5,-8,-4,-9,-4,-8,-3,-7,-3,-8,-2,-8,-1,-8,-1,-7,-1,-7,0,-6,1,-6,1,-5,2,-6,3,-5,3,-4,4,-5,5,-4,5,-4,6,-4,6,-4,7,0,0,-4,8,-4,8,-4,9,-3,10,-4,10,-5,10,-4,11,-5,11,-5,10,-5,10,-6,11,-7,10,-7,9,-7,10,-7,9,-8,9,-7,9,-7,8,-8,8,-7,7,-8,6,-8,6,-8,6,-9,4,-8,3,-8,2,0,0,0,0,0,0,0,0,0,0,0,0,0,0,-58,-61,-51,-61,-55,-51,-45,-54,-46,-52,-49,-46,-45,-38,-48,-41,-43,-32,-43,-40,-43,-31,-40,-33,-40,-26,-40,-17,-37,-16,-35,-12,-39,-9,-39,-3,-32,-5,-29,1,-38,11,-27,10,-27,13,-27,18,-31,16,-28,25,-26,20,-24,29,-28,36,-30,36,-26,39,-26,46,-30,41,-22,49,-23,48,-36,55,-33,50,-35,51,-39,51,-36,50,-35,48,-41,54,-38,55,-39,56,-43,52,-45,48,-46,46,-43,43,-44,40,-46,38,-47,33,-44,31,-45,33,-47,20,-46,18,-47,13,-44,8,0,0,0,0,0,0,0,0,0,0,0,0,0,0,0,0,0,0,0,0,0,0,30,53,23,59,17,55,15,66,11,56,5,61,9,55,-2,61,2,55,1,50,-2,56,-1,48,3,52,-6,46,-2,43,-7,43,-4,41,-3,33,-5,31,0,30,-4,26,3,28,3,23,9,20,8,17,16,13,14,11,18,14,19,10,22,6,21,0,25,-2,25,0,28,-5,34,-3,32,-4,28,-7,35,-16,33,-16,33,-20,36,-24,36,-28,45,-30,36,-36,39,-31,35,-43,38,-44,41,-45,40,-48,48,-51,55,-54,42,-62,57,-58,50,-55,48,-67,57,-67,60,-63,0,0]"
CSI_DATA,113,1a:00:00:00:00:00,-46,11,1,0,1,1,1,0,0,0,1,-96,0,11,2,1763036,0,44,0,384,0,"[0,0,0,0,0,0,0,0,0,0,0,0,-7,-12,-7,-10,-8,-10,-7,-9,-7,-8,-6,-8,-7,-7,-6,-6,-6,-6,-6,-5,-6,-5,-7,-3,-7,-2,-6,-2,-7,-2,-6,0,-6,0,-6,0,-6,2,-6,2,-6,3,-6,3,-6,4,-6,5,-7,5,-6,6,0,0,-6,7,-7,8,-7,8,-7,9,-8,9,-8,9,-8,9,-8,9,-8,9,-9,9,-9,8,-10,8,-10,8,-10,8,-10,7,-10,7,-10,7,-10,6,-10,5,-10,5,-10,4,-10,4,-10,3,-10,2,-10,1,-9,0,0,0,0,0,0,0,0,0,0,0,0,0,0,0,-36,-71,-32,-69,-35,-60,-36,-62,-36,-62,-31,-59,-32,-49,-32,-46,-31,-41,-28,-39,-30,-36,-31,-31,-36,-29,-31,-23,-29,-23,-29,-16,-33,-14,-33,-10,-32,-9,-36,-3,-38,5,-27,5,-27,7,-30,14,-29,18,-32,20,-31,23,-30,29,-32,27,-31,36,-34,36,-36,41,-34,41,-34,45,-37,48,-42,46,-39,52,-37,55,-43,52,-45,54,-45,53,-47,51,-49,45,-54,49,-52,42,-54,45,-50,40,-56,39,-50,33,-47,33,-51,33,-54,27,-51,26,-55,16,-51,14,-50,8,-46,3,0,0,0,0,0,0,0,0,0,0,0,0,0,0,0,0,0,0,0,0,0,0,-1,62,-5,57,-10,58,-10,58,-15,59,-22,56,-16,48,-23,51,-22,51,-21,44,-24,46,-21,44,-21,45,-25,40,-20,34,-22,33,-18,38,-20,29,-11,28,-5,25,-7,23,-3,24,-2,22,-1,20,2,22,7,20,8,21,14,17,14,15,17,14,23,9,25,9,27,10,26,9,30,7,34,6,35,8,36,1,37,-4,40,-3,39,-8,42,-14,46,-10,47,-20,49,-20,53,-17,50,-25,49,-31,56,-35,62,-32,61,-39,61,-36,66,-39,69,-38,73,-43,66,-41,70,-42,0,0]"
CSI_DATA,114,1a:00:00:00:00:00,-46,11,1,0,1,1,1,0,0,0,1,-96,0,11,2,1773568,0,44,0,384,0,"[0,0,0,0,0,0,0,0,0,0,0,0,10,6,9,5,10,5,9,5,9,4,8,4,8,3,7,2,7,2,7,1,6,1,6,-1,6,-1,5,-2,5,-2,5,-3,5,-3,4,-4,4,-4,3,-6,3,-6,3,-7,2,-8,2,-8,3,-9,2,-9,0,0,2,-11,3,-11,1,-11,1,-12,2,-11,2,-13,2,-13,2,-12,3,-13,3,-13,3,-14,4,-13,4,-12,4,-13,5,-12,4,-12,5,-12,5,-11,5,-10,5,-10,6,-9,6,-9,6,-9,7,-8,7,-6,7,-5,0,0,0,0,0,0,0,0,0,0,0,0,0,0,63,46,59,36,63,36,56,37,57,33,52,32,51,27,51,22,44,21,45,20,44,14,41,7,38,7,41,3,36,0,35,-8,36,-9,26,-10,28,-14,25,-14,27,-21,21,-19,23,-28,19,-28,15,-26,15,-35,13,-36,11,-40,10,-46,5,-52,5,-49,8,-55,7,-49,6,-59,1,-59,9,-63,6,-61,4,-66,8,-66,15,-66,8,-65,14,-71,14,-65,19,-72,17,-68,21,-65,25,-68,20,-58,24,-61,23,-57,29,-51,30,-53,31,-51,34,-42,36,-42,35,-40,42,-32,0,0,0,0,0,0,0,0,0,0,0,0,0,0,0,0,0,0,0,0,0,0,-28,-49,-23,-57,-17,-54,-15,-58,-11,-58,-10,-61,-6,-56,-4,-55,-2,-57,-1,-51,-1,-56,1,-49,-1,-49,-2,-48,7,-47,3,-39,-2,-44,1,-32,-3,-32,-3,-29,-5,-26,-5,-23,-4,-19,-10,-18,-12,-15,-13,-16,-18,-10,-19,-9,-23,-3,-22,0,-17,-3,-25,2,-26,4,-25,7,-28,10,-30,7,-25,15,-29,17,-33,19,-30,23,-33,22,-28,28,-33,33,-30,34,-31,34,-31,39,-34,46,-30,51,-33,48,-34,57,-32,59,-35,62,-38,64,-34,59,-38,72,-38,69,-37,65,0,0]"
CSI_DATA,115,1a:00:00:00:00:00,-48,11,1,0,1,1,1,0,0,0,1,-96,0,11,2,1813298,0,44,0,384,0,"[0,0,0,0,0,0,0,0,0,0,0,0,-11,8,-10,8,-9,8,-9,7,-7,7,-8,7,-6,7,-6,6,-5,6,-4,6,-4,6,-3,5,-3,5,-2,5,-1,4,0,4,1,4,1,3,2,3,2,3,3,2,4,2,5,2,5,2,6,1,7,1,0,0,8,0,8,0,10,0,10,0,10,0,10,0,11,0,11,0,11,0,12,1,12,1,11,2,11,2,12,2,11,2,12,2,11,3,11,2,11,3,10,3,10,4,9,4,8,5,8,6,7,6,6,7,0,0,0,0,0,0,0,0,0,0,0,0,0,0,-64,44,-65,48,-64,45,-57,39,-58,46,-50,34,-48,39,-43,40,-43,37,-37,35,-25,32,-31,35,-25,33,-26,33,-21,32,-11,27,-9,32,-6,28,-3,25,5,24,7,21,9,22,7,18,13,20,21,13,19,10,27,12,28,6,35,8,38,5,42,5,45,6,49,5,47,-1,52,-3,55,1,60,0,57,2,63,1,62,-2,65,4,65,2,64,5,67,7,59,9,68,12,59,13,68,12,56,13,54,14,54,16,53,20,57,23,51,32,51,30,43,30,35,32,0,0,0,0,0,0,0,0,0,0,0,0,0,0,0,0,0,0,0,0,0,0,65,20,60,30,65,34,58,35,64,41,53,39,51,41,49,44,48,46,44,47,46,49,36,45,42,46,38,46,29,41,35,39,26,32,21,34,23,30,23,30,22,31,20,21,18,21,17,14,21,9,13,9,16,3,14,1,13,-4,14,-9,14,-12,12,-15,7,-18,8,-20,3,-22,4,-21,-3,-24,-4,-30,-4,-32,-5,-38,-8,-32,-12,-37,-12,-37,-18,-42,-18,-43,-31,-49,-31,-44,-28,-45,-37,-46,-34,-58,-41,-57,-49,-56,-44,-59,-49,-57,-49,-63,-49,-59,-49,-61,0,0]"
CSI_DATA,116,1a:00:00:00:00:00,-48,11,1,0,1,1,1,0,0,0,1,-96,0,11,2,1823025,0,44,0,384,0,"[0,0,0,0,0,0,0,0,0,0,0,0,-13,1,-12,1,-12,2,-11,1,-11,1,-9,1,-9,2,-8,2,-7,2,-7,2,-6,3,-5,3,-4,3,-3,3,-3,3,-2,3,-1,3,0,2,0,2,1,2,2,2,3,2,3,2,4,1,5,1,6,1,0,0,7,1,8,1,9,0,10,0,10,0,11,1,11,0,11,1,12,0,12,1,12,1,12,1,12,2,12,2,12,2,12,2,12,2,11,2,11,3,11,3,11,4,10,4,10,5,9,5,8,6,7,6,0,0,0,0,0,0,0,0,0,0,0,0,0,0,-26,77,-27,71,-26,77,-23,68,-18,73,-18,64,-14,59,-13,58,-15,53,-6,50,-1,52,-3,47,-3,41,6,38,3,39,8,29,7,23,7,20,13,18,9,12,15,5,15,3,17,0,15,-4,15,-7,21,-17,17,-16,20,-24,15,-23,20,-33,19,-28,19,-37,20,-41,20,-43,19,-43,26,-47,25,-49,20,-56,27,-55,22,-57,29,-62,27,-56,31,-60,30,-56,30,-54,35,-61,39,-58,33,-57,36,-53,32,-53,35,-49,36,-49,36,-44,46,-38,41,-37,43,-36,49,-24,0,0,0,0,0,0,0,0,0,0,0,0,0,0,0,0,0,0,0,0,0,0,73,18,66,21,73,27,67,34,63,39,62,35,59,37,59,40,61,42,56,45,55,43,55,39,52,44,49,43,39,39,43,35,40,34,37,34,34,28,33,24,25,25,27,19,23,15,25,12,20,9,17,9,16,1,14,-3,7,-4,7,-9,8,-10,6,-16,0,-14,-1,-17,-6,-25,-3,-21,-10,-25,-14,-27,-15,-23,-20,-22,-18,-25,-34,-24,-29,-29,-35,-30,-42,-24,-52,-34,-49,-27,-52,-24,-50,-21,-56,-27,-69,-28,-67,-20,-69,-29,-74,-23,-84,-25,-77,-25,-81,-30,0,0]"
CSI_DATA,117,1a:00:00:00:00:00,-49,11,1,0,1,1,1,0,0,0,1,-96,0,11,2,1843040,0,44,0,384,0,"[0,0,0,0,0,0,0,0,0,0,0,0,2,-13,1,-12,0,-12,0,-11,0,-10,0,-9,-1,-9,-1,-8,-1,-7,-2,-6,-2,-6,-2,-5,-2,-4,-3,-3,-2,-2,-2,-2,-2,-1,-2,0,-2,1,-1,2,-1,2,-1,3,0,4,0,5,0,5,1,6,0,0,2,8,2,8,3,9,3,9,3,10,3,10,4,11,4,11,4,12,4,12,4,12,3,12,3,12,4,12,3,13,3,12,3,12,3,12,3,12,3,11,2,12,2,11,1,11,0,11,-1,11,-2,10,0,0,0,0,0,0,0,0,0,0,0,0,0,0,-62,-56,-65,-57,-65,-42,-55,-45,-55,-40,-48,-42,-52,-30,-52,-31,-44,-24,-35,-23,-41,-17,-35,-13,-34,-14,-33,-9,-31,-7,-24,-3,-24,4,-18,3,-15,4,-8,9,-9,6,-6,12,1,6,9,8,11,11,17,11,18,8,26,8,26,12,34,12,33,16,45,12,44,13,55,13,50,5,57,14,56,16,62,18,63,15,66,15,63,16,65,14,64,17,70,15,67,16,65,21,64,20,59,20,61,17,58,20,60,21,56,25,55,22,46,28,48,26,46,30,39,32,0,0,0,0,0,0,0,0,0,0,0,0,0,0,0,0,0,0,0,0,0,0,-73,18,-73,6,-75,2,-79,2,-74,-5,-76,-3,-66,-7,-73,-10,-81,-7,-73,-7,-66,-9,-65,-5,-69,-7,-62,-8,-61,-10,-56,-6,-56,-8,-49,-10,-45,-3,-39,-5,-38,-4,-36,-3,-32,-7,-24,2,-26,1,-21,8,-10,0,-10,4,-5,6,-7,10,1,7,5,8,9,6,12,14,14,6,18,6,16,1,22,3,24,1,27,-9,26,-12,35,-14,31,-16,35,-18,33,-19,47,-32,47,-37,39,-31,43,-44,47,-47,43,-48,44,-50,49,-55,51,-53,57,-64,53,-70,55,-64,0,0]"
CSI_DATA,118,1a:00:00:00:00:00,-49,11,1,0,1,1,1,0,0,0,1,-96,0,11,2,1853385,0,44,0,384,0,"[0,0,0,0,0,0,0,0,0,0,0,0,-10,8,-9,8,-9,7,-8,7,-7,7,-6,6,-6,6,-5,5,-4,5,-3,4,-3,4,-2,4,-1,3,-1,2,0,2,0,2,1,1,1,0,1,-1,2,-2,2,-2,3,-3,3,-4,3,-5,4,-6,4,-6,0,0,4,-8,5,-9,5,-9,5,-10,5,-10,5,-11,6,-11,6,-11,6,-12,6,-12,6,-13,6,-12,6,-12,7,-12,7,-12,7,-12,7,-12,6,-11,7,-11,6,-11,7,-10,8,-9,8,-9,8,-8,8,-8,8,-6,0,0,0,0,0,0,0,0,0,0,0,0,0,0,19,79,18,78,21,69,14,65,16,69,19,60,18,59,21,46,16,50,23,45,22,40,21,27,13,28,20,27,15,19,18,19,14,13,15,5,9,2,9,-7,6,-3,10,-7,5,-10,-2,-18,-2,-20,-4,-26,-2,-27,-11,-19,-12,-31,-16,-35,-15,-41,-22,-44,-18,-42,-22,-51,-27,-47,-25,-54,-33,-48,-33,-55,-27,-64,-38,-53,-31,-54,-28,-64,-31,-59,-29,-66,-28,-57,-28,-63,-27,-66,-30,-60,-24,-61,-18,-64,-22,-64,-18,-61,-19,-56,-11,-58,-8,-60,-5,-54,1,-55,0,0,0,0,0,0,0,0,0,0,0,0,0,0,0,0,0,0,0,0,0,0,71,19,67,23,67,27,72,33,59,34,71,39,63,33,61,39,61,38,59,39,54,39,49,38,53,38,54,37,44,42,40,34,41,31,37,32,36,27,31,23,27,23,25,22,23,19,17,15,17,11,14,5,9,4,5,2,7,-10,5,-1,5,-4,-1,-4,-5,-8,-7,-10,-8,-7,-18,-13,-17,-11,-20,-11,-20,-12,-28,-7,-34,-9,-37,-2,-40,-4,-43,-3,-45,1,-61,3,-57,8,-54,11,-56,9,-65,13,-68,11,-68,22,-72,15,-75,20,-83,28,-81,24,-87,15,0,0]"
CSI_DATA,119,1a:00:00:00:00:00,-49,11,1,0,1,1,1,0,0,0,1,-96,0,11,2,1893115,0,44,0,384,0,"[0,0,0,0,0,0,0,0,0,0,0,0,-7,-12,-7,-12,-7,-10,-7,-10,-7,-9,-6,-8,-6,-7,-6,-6,-6,-6,-5,-5,-5,-4,-5,-3,-5,-3,-4,-2,-4,-1,-4,0,-3,0,-3,1,-2,2,-2,2,-1,3,0,4,0,4,1,5,1,5,2,6,0,0,3,7,3,7,4,8,4,8,5,9,5,9,5,10,5,10,5,10,5,11,5,11,5,11,5,11,5,11,4,11,4,12,4,11,4,11,3,11,3,11,2,11,2,11,1,11,0,11,-1,10,-2,9,0,0,0,0,0,0,0,0,0,0,0,0,0,0,-85,22,-82,18,-79,25,-74,26,-74,24,-64,20,-60,20,-64,28,-53,23,-47,22,-38,24,-42,21,-39,21,-33,17,-29,20,-21,22,-19,20,-13,16,-8,15,-4,9,-2,12,-1,14,5,16,6,13,17,6,29,7,21,6,23,5,34,-2,37,-6,36,-6,44,-6,46,-1,48,-8,45,-7,56,-5,53,-15,58,-14,64,-12,67,-7,62,-13,60,-10,67,-8,72,-5,71,-7,60,-10,67,-2,67,-2,61,-2,63,1,59,-1,57,-1,60,2,61,13,53,14,52,18,47,21,0,0,0,0,0,0,0,0,0,0,0,0,0,0,0,0,0,0,0,0,0,0,11,73,4,73,-3,70,-2,78,-8,70,-12,69,-10,64,-14,71,-15,72,-19,62,-23,59,-18,58,-19,58,-18,62,-16,48,-20,47,-17,50,-17,34,-16,36,-14,37,-14,27,-8,26,-7,19,-7,24,-3,15,-4,14,-2,3,3,8,3,2,1,-7,6,-3,11,-12,7,-10,7,-11,8,-18,11,-19,5,-22,6,-25,6,-26,-3,-38,0,-39,-4,-39,-2,-34,-11,-48,-13,-48,-23,-52,-14,-51,-20,-52,-24,-58,-25,-64,-24,-73,-32,-71,-25,-79,-31,-77,-31,-87,-37,-87,-33,-89,0,0]"
CSI_DATA,120,1a:00:00:00:00:00,-49,11,1,0,1,1,1,0,0,0,1,-96,0,11,2,1903048,0,44,0,384,0,"[0,0,0,0,0,0,0,0,0,0,0,0,-14,2,-13,2,-12,3,-12,2,-11,2,-10,2,-9,3,-8,3,-7,3,-6,3,-6,3,-5,3,-4,3,-3,3,-2,3,-1,3,-1,2,0,2,1,2,2,1,2,1,3,1,4,0,5,0,6,0,6,-1,0,0,8,-2,8,-2,9,-2,10,-3,10,-3,10,-3,11,-3,11,-3,11,-3,12,-3,12,-3,12,-2,12,-2,12,-2,12,-2,12,-2,12,-2,12,-2,12,-1,11,-1,11,0,11,0,11,1,11,1,10,2,9,3,0,0,0,0,0,0,0,0,0,0,0,0,0,0,-19,86,-30,83,-15,84,-19,79,-14,72,-16,63,-11,66,-13,63,-4,54,-7,54,-4,49,1,43,3,39,3,35,6,34,12,28,9,26,12,18,15,15,21,8,13,5,18,3,12,0,21,-7,12,-15,19,-17,18,-22,16,-24,15,-29,14,-32,6,-34,14,-42,18,-45,12,-49,14,-48,21,-50,16,-57,19,-63,18,-63,14,-60,21,-61,21,-63,19,-63,20,-66,27,-57,27,-60,23,-63,23,-62,24,-53,25,-55,30,-58,31,-56,27,-50,36,-45,33,-40,35,-39,41,-33,0,0,0,0,0,0,0,0,0,0,0,0,0,0,0,0,0,0,0,0,0,0,64,31,65,39,59,39,59,45,59,54,53,48,46,47,44,49,48,52,40,53,40,51,37,46,36,48,34,47,27,47,28,42,30,41,23,36,24,34,22,35,15,25,16,23,12,14,12,14,10,16,8,6,6,-2,5,-3,6,2,2,-9,-1,-9,1,-10,-6,-12,-7,-14,-16,-12,-11,-22,-16,-22,-23,-21,-18,-16,-27,-18,-29,-23,-37,-15,-39,-21,-41,-22,-46,-20,-49,-6,-55,-17,-62,-17,-68,-13,-74,-14,-69,-15,-78,-12,-83,-17,-82,-14,-94,-20,-89,-18,-90,-20,0,0]"
CSI_DATA,121,1a:00:00:00:00:00,-49,11,1,0,1,1,1,0,0,0,1,-96,0,11,2,1913557,0,44,0,384,0,"[0,0,0,0,0,0,0,0,0,0,0,0,6,-13,5,-13,3,-12,4,-12,3,-10,3,-10,2,-10,1,-9,1,-8,0,-7,0,-7,-1,-6,-1,-5,-2,-4,-2,-4,-2,-3,-3,-3,-3,-2,-3,-1,-3,0,-3,1,-4,2,-4,2,-4,3,-5,4,-4,5,0,0,-5,7,-5,7,-5,8,-5,9,-6,9,-6,9,-6,10,-6,10,-6,11,-7,10,-7,11,-8,10,-8,10,-8,10,-8,10,-8,10,-8,10,-8,10,-8,9,-8,9,-9,8,-9,8,-9,7,-10,6,-10,5,-10,4,0,0,0,0,0,0,0,0,0,0,0,0,0,0,-61,-62,-63,-61,-62,-49,-62,-53,-52,-54,-47,-51,-53,-38,-50,-44,-47,-38,-45,-36,-40,-35,-40,-32,-41,-25,-33,-16,-32,-15,-26,-4,-31,-5,-25,-1,-21,3,-21,3,-17,6,-12,9,-9,15,-2,14,-3,17,0,18,11,20,15,26,18,24,18,29,18,32,21,39,22,36,32,42,32,43,32,44,36,48,32,46,34,52,40,56,38,55,41,56,37,58,37,51,34,52,34,60,31,56,35,51,28,54,30,53,26,55,24,62,18,62,19,60,17,52,4,58,-1,46,0,0,0,0,0,0,0,0,0,0,0,0,0,0,0,0,0,0,0,0,0,0,-54,50,-54,45,-56,47,-61,43,-65,40,-65,32,-65,33,-66,33,-64,30,-65,25,-62,27,-63,21,-61,25,-54,18,-46,11,-51,15,-45,12,-45,9,-37,12,-36,9,-35,2,-26,8,-27,4,-13,0,-13,9,-13,8,-5,6,-6,7,1,6,2,3,9,2,7,4,14,-2,16,-3,21,-2,23,-6,22,-9,20,-8,23,-11,29,-17,25,-19,26,-25,37,-27,40,-35,32,-41,41,-52,43,-42,41,-44,43,-48,45,-56,43,-63,49,-65,59,-66,50,-73,55,-72,58,-68,57,-76,0,0]"
CSI_DATA,122,1a:00:00:00:00:00,-49,11,1,0,1,1,1,0,0,0,1,-96,0,11,2,1925361,0,44,0,384,0,"[0,0,0,0,0,0,0,0,0,0,0,0,11,-7,11,-7,9,-7,10,-7,8,-6,8,-6,7,-6,6,-6,5,-6,4,-5,3,-5,2,-5,2,-4,1,-4,0,-4,0,-3,-1,-3,-2,-3,-2,-2,-3,-2,-3,-1,-4,0,-5,0,-6,1,-6,1,-7,2,0,0,-8,3,-8,3,-9,4,-9,4,-10,4,-10,5,-11,5,-11,5,-11,5,-11,5,-12,5,-12,5,-12,5,-12,5,-12,4,-13,4,-12,4,-12,4,-12,3,-12,3,-12,2,-12,2,-11,1,-11,1,-11,0,-11,-1,0,0,0,0,0,0,0,0,0,0,0,0,0,0,-5,-95,0,-89,-5,-82,-9,-79,-8,-80,-8,-74,-11,-64,-6,-62,-11,-64,-12,-49,-13,-46,-6,-43,-11,-43,-11,-37,-13,-34,-17,-26,-18,-22,-18,-22,-15,-13,-13,-6,-17,0,-14,-3,-13,9,-11,6,-10,15,-10,18,-13,19,-3,31,-6,31,-3,33,-4,42,-4,47,-1,45,-2,50,4,53,-2,56,0,57,1,63,-6,63,4,64,0,69,-5,69,-7,67,-5,69,-7,64,-10,71,-12,63,-7,67,-8,59,-12,62,-11,59,-16,62,-21,61,-22,59,-25,54,-24,50,-27,39,0,0,0,0,0,0,0,0,0,0,0,0,0,0,0,0,0,0,0,0,0,0,-76,-10,-75,-16,-73,-20,-66,-25,-69,-31,-64,-30,-63,-27,-63,-32,-66,-36,-64,-39,-59,-37,-55,-33,-51,-38,-48,-33,-45,-35,-47,-30,-42,-26,-39,-28,-34,-28,-32,-21,-22,-18,-29,-19,-26,-13,-16,-9,-17,-9,-18,-1,-15,-1,-11,3,-5,10,-3,8,-3,8,7,15,7,7,9,14,10,5,16,8,20,12,25,12,25,14,31,9,33,16,42,9,40,7,47,8,45,4,63,-8,61,-4,60,-7,67,-3,70,-3,75,-6,84,-7,86,-3,86,-10,93,-9,89,-5,96,-5,0,0]"
CSI_DATA,123,1a:00:00:00:00:00,-49,11,1,0,1,1,1,0,0,0,1,-96,0,11,2,1933147,0,44,0,384,0,"[0,0,0,0,0,0,0,0,0,0,0,0,0,14,1,13,2,12,1,11,2,10,1,9,2,8,2,8,2,7,2,6,2,5,3,4,2,3,3,2,2,2,3,1,2,0,2,-1,2,-2,1,-2,1,-3,1,-4,1,-5,0,-6,0,-7,-1,-7,0,0,-1,-9,-1,-10,-2,-10,-3,-11,-2,-11,-2,-12,-3,-12,-3,-12,-3,-13,-2,-13,-2,-14,-2,-13,-2,-13,-2,-13,-2,-14,-2,-14,-2,-13,-2,-13,-1,-13,-1,-13,0,-13,0,-12,1,-12,1,-12,3,-11,3,-10,0,0,0,0,0,0,0,0,0,0,0,0,0,0,80,32,81,36,76,26,68,26,70,29,62,23,69,21,61,16,53,15,47,17,41,6,42,9,41,2,40,4,35,3,30,-3,26,-8,20,-11,19,-10,7,-12,5,-14,7,-9,3,-16,-6,-20,-12,-18,-16,-16,-20,-13,-25,-13,-26,-20,-29,-16,-37,-16,-35,-18,-47,-17,-49,-17,-47,-16,-48,-23,-49,-26,-56,-25,-59,-31,-59,-26,-58,-30,-61,-29,-64,-32,-63,-29,-60,-32,-60,-29,-57,-34,-61,-34,-49,-32,-53,-39,-49,-34,-53,-34,-49,-34,-43,-39,-43,-46,-35,-42,-29,-42,0,0,0,0,0,0,0,0,0,0,0,0,0,0,0,0,0,0,0,0,0,0,34,-61,43,-57,49,-57,46,-58,54,-51,51,-45,55,-47,56,-38,56,-43,57,-41,58,-35,50,-35,54,-34,53,-31,43,-28,46,-28,41,-29,39,-22,30,-23,27,-21,33,-18,25,-17,21,-14,11,-13,12,-14,8,-14,5,-9,-1,-12,0,-4,-10,-8,-9,-5,-12,-4,-14,4,-19,4,-16,7,-18,7,-16,11,-21,14,-19,20,-22,29,-21,20,-26,24,-26,32,-24,34,-21,36,-21,57,-25,55,-26,51,-26,62,-30,69,-26,68,-24,72,-26,76,-32,78,-24,86,-27,82,-31,84,0,0]"
CSI_DATA,124,1a:00:00:00:00:00,-49,11,1,0,1,1,1,0,0,0,1,-96,0,11,2,1953339,0,44,0,384,0,"[0,0,0,0,0,0,0,0,0,0,0,0,-6,11,-5,11,-4,10,-4,9,-3,9,-3,8,-2,8,-2,7,-1,6,-1,5,-1,5,0,4,0,3,1,3,1,2,2,2,1,0,2,0,2,-1,2,-2,2,-3,2,-4,2,-4,2,-5,2,-6,2,-7,0,0,2,-8,3,-9,2,-10,2,-11,2,-10,3,-11,2,-12,2,-12,2,-13,3,-13,4,-13,4,-13,4,-13,4,-13,4,-13,4,-13,4,-12,4,-12,4,-12,4,-12,5,-11,5,-11,6,-10,6,-9,7,-9,7,-8,0,0,0,0,0,0,0,0,0,0,0,0,0,0,49,65,50,63,51,56,44,59,48,50,42,49,40,46,43,40,43,36,36,31,35,31,33,20,34,17,29,13,24,12,28,9,23,5,19,-4,14,-4,10,-9,10,-12,7,-8,4,-14,-2,-14,-5,-18,-8,-23,-13,-24,-12,-23,-20,-24,-28,-28,-23,-28,-31,-34,-29,-33,-35,-31,-42,-38,-38,-43,-45,-41,-42,-40,-44,-41,-51,-45,-49,-45,-44,-52,-45,-48,-49,-53,-47,-53,-48,-54,-43,-47,-45,-50,-41,-53,-40,-49,-39,-50,-39,-50,-36,-51,-31,-52,-25,-50,-19,-52,-13,-48,0,0,0,0,0,0,0,0,0,0,0,0,0,0,0,0,0,0,0,0,0,0,71,-31,69,-23,74,-17,68,-20,69,-10,73,-8,77,-6,69,-5,69,-3,68,-4,66,3,71,-5,71,-5,60,2,57,3,54,-4,49,1,48,1,47,-1,35,-10,42,-3,35,-5,31,-2,24,-10,29,-1,18,-6,9,-2,14,-6,8,-8,4,-10,-6,-9,-10,-9,-1,-8,-13,-11,-14,-8,-18,-7,-19,-6,-26,1,-23,0,-29,9,-30,10,-32,16,-35,14,-38,20,-38,21,-51,20,-46,20,-50,38,-45,38,-53,42,-54,43,-54,51,-60,46,-58,53,-69,52,-61,54,-68,58,0,0]"
CSI_DATA,125,1a:00:00:00:00:00,-48,11,1,0,1,1,1,0,0,0,1,-96,0,11,2,1963661,0,44,0,384,0,"[0,0,0,0,0,0,0,0,0,0,0,0,7,-10,6,-9,6,-9,5,-8,5,-8,4,-7,3,-7,2,-6,2,-6,1,-6,1,-6,0,-5,-1,-4,-1,-3,-2,-3,-2,-3,-3,-2,-3,-1,-3,0,-4,0,-4,1,-4,2,-4,3,-5,4,-5,4,-5,5,0,0,-6,7,-6,7,-6,8,-6,9,-7,8,-7,9,-7,10,-7,10,-7,11,-8,11,-8,11,-9,10,-9,10,-9,10,-9,10,-9,10,-9,10,-8,9,-9,9,-8,9,-9,8,-9,8,-9,7,-10,6,-10,5,-10,4,0,0,0,0,0,0,0,0,0,0,0,0,0,0,-36,-76,-26,-62,-37,-67,-31,-58,-38,-60,-32,-55,-32,-43,-35,-47,-28,-35,-30,-35,-25,-30,-32,-26,-25,-25,-25,-18,-19,-16,-19,-7,-22,-6,-19,-4,-18,4,-10,4,-8,10,-8,8,-7,13,-2,18,2,16,5,30,7,22,16,33,15,26,19,34,21,38,26,41,21,37,32,43,32,46,39,47,36,48,42,51,34,53,39,54,40,57,41,60,42,58,39,60,38,58,35,61,35,61,32,57,33,60,32,56,30,57,30,54,22,55,16,58,22,54,9,53,7,52,0,0,0,0,0,0,0,0,0,0,0,0,0,0,0,0,0,0,0,0,0,0,-68,7,-79,12,-72,0,-79,-2,-72,-6,-72,-6,-66,-9,-75,-6,-77,-8,-63,-11,-64,-14,-62,-13,-70,-11,-55,-11,-54,-13,-53,-10,-53,-8,-51,-11,-44,-13,-51,-3,-40,-9,-37,-2,-35,-8,-27,-1,-23,1,-20,-1,-17,5,-19,4,-9,2,-9,6,-2,8,3,11,4,12,8,13,12,5,12,12,9,8,20,11,19,4,28,4,28,5,27,-1,38,-4,33,-10,39,-14,40,-9,44,-13,38,-20,49,-22,50,-26,60,-28,63,-31,69,-31,64,-29,71,-41,69,-42,68,-40,0,0]"
CSI_DATA,126,1a:00:00:00:00:00,-48,11,1,0,1,1,1,0,0,0,1,-96,0,11,2,1973021,0,44,0,384,0,"[0,0,0,0,0,0,0,0,0,0,0,0,6,9,6,8,6,7,6,7,6,6,5,5,5,4,5,3,5,3,4,2,4,1,4,0,3,0,3,-1,3,-1,2,-2,2,-3,1,-3,0,-4,0,-5,-1,-5,-2,-6,-2,-6,-3,-7,-3,-8,-4,-8,0,0,-5,-9,-6,-9,-7,-10,-7,-10,-7,-10,-8,-11,-8,-11,-8,-11,-8,-12,-8,-12,-8,-13,-7,-13,-7,-13,-7,-12,-7,-13,-7,-13,-7,-13,-6,-12,-6,-12,-6,-12,-5,-12,-5,-12,-4,-12,-3,-12,-2,-12,-1,-11,0,0,0,0,0,0,0,0,0,0,0,0,0,0,62,-34,66,-27,66,-34,49,-32,52,-26,47,-28,49,-27,41,-34,37,-29,33,-31,29,-26,21,-29,20,-30,15,-21,13,-27,10,-24,2,-21,0,-18,-6,-17,-8,-15,-13,-13,-16,-13,-17,-8,-26,-11,-24,-7,-30,-4,-32,-3,-43,8,-45,10,-40,8,-44,15,-49,17,-49,15,-55,21,-50,20,-63,18,-66,26,-62,24,-66,19,-66,25,-68,22,-71,20,-70,17,-73,20,-73,21,-67,20,-71,14,-68,16,-64,9,-67,14,-64,13,-69,7,-62,8,-65,-2,-63,-4,-55,-3,-51,-14,0,0,0,0,0,0,0,0,0,0,0,0,0,0,0,0,0,0,0,0,0,0,-19,-69,-15,-69,-13,-73,-8,-76,-3,-76,-3,-78,0,-68,1,-73,-3,-69,5,-69,9,-67,6,-60,4,-67,5,-64,9,-55,9,-56,6,-59,16,-54,3,-48,2,-44,3,-41,-1,-37,0,-33,2,-30,0,-29,-4,-19,-1,-16,-11,-15,-8,-11,-10,-10,-11,-2,-14,3,-14,6,-11,7,-10,9,-15,15,-13,20,-12,22,-5,23,-9,19,-2,31,1,26,0,37,4,40,4,41,16,49,17,45,16,51,19,50,23,55,21,62,24,57,24,67,33,66,35,71,24,75,34,76,0,0]"
CSI_DATA,127,1a:00:00:00:00:00,-48,11,1,0,1,1,1,0,0,0,1,-96,0,11,2,1983050,0,44,0,384,0,"[0,0,0,0,0,0,0,0,0,0,0,0,3,10,3,9,4,8,4,9,3,7,3,7,4,6,4,5,3,5,4,3,4,3,4,2,4,2,4,1,5,0,4,-1,4,-2,4,-2,4,-3,4,-4,4,-5,3,-5,3,-6,3,-7,3,-8,4,-9,0,0,3,-10,3,-11,3,-11,3,-12,3,-11,3,-12,3,-12,3,-13,3,-13,4,-13,5,-13,5,-12,4,-13,5,-12,5,-12,5,-12,5,-12,6,-11,6,-11,5,-11,6,-10,6,-10,7,-9,7,-8,8,-7,7,-6,0,0,0,0,0,0,0,0,0,0,0,0,0,0,14,68,8,62,22,60,14,59,19,63,13,48,17,46,16,50,21,45,21,35,21,35,25,32,24,27,25,23,17,18,23,13,27,10,23,3,18,3,26,-2,22,-5,25,-9,23,-16,20,-17,18,-19,23,-29,21,-29,16,-35,19,-34,15,-39,20,-46,18,-50,25,-51,19,-54,17,-60,18,-65,25,-65,19,-66,25,-66,27,-64,26,-68,29,-67,31,-66,28,-68,30,-63,33,-64,38,-62,34,-64,35,-58,32,-55,40,-54,38,-55,39,-50,40,-47,43,-43,41,-36,43,-30,0,0,0,0,0,0,0,0,0,0,0,0,0,0,0,0,0,0,0,0,0,0,61,-31,62,-26,63,-21,61,-12,68,-13,64,-10,61,-5,66,-4,65,-3,62,-2,63,-2,59,-3,55,-1,59,0,46,4,53,11,45,2,44,6,39,4,37,8,29,1,29,2,25,1,15,-2,17,-1,19,-4,15,-8,11,-9,7,-9,6,-13,6,-11,-5,-15,-6,-9,-9,-11,-10,-14,-16,-10,-12,-11,-21,-8,-23,-10,-29,-6,-30,-8,-32,-8,-33,-5,-39,0,-37,1,-38,-5,-46,2,-49,2,-48,8,-57,10,-58,12,-65,13,-65,14,-66,14,-66,10,-69,12,-74,15,0,0]"
CSI_DATA,128,1a:00:00:00:00:00,-46,11,1,0,1,1,1,0,0,0,1,-96,0,11,2,1994079,0,44,0,384,0,"[0,0,0,0,0,0,0,0,0,0,0,0,5,-11,5,-10,4,-10,4,-9,3,-9,3,-8,2,-8,1,-8,1,-8,0,-7,0,-7,-1,-7,-2,-7,-3,-6,-3,-5,-4,-6,-4,-5,-5,-5,-5,-4,-6,-3,-6,-3,-7,-3,-7,-3,-8,-2,-9,-2,-10,-2,0,0,-11,-1,-11,-2,-12,-2,-13,-1,-12,-1,-13,-2,-13,-2,-14,-2,-14,-2,-14,-2,-15,-3,-13,-3,-14,-3,-13,-4,-13,-4,-13,-5,-13,-5,-12,-4,-12,-5,-11,-5,-11,-6,-10,-6,-10,-7,-9,-7,-8,-8,-6,-8,0,0,0,0,0,0,0,0,0,0,0,0,0,0,27,-65,23,-65,22,-64,23,-62,12,-59,12,-54,11,-59,14,-56,10,-47,1,-45,-2,-49,-2,-41,-4,-39,-6,-38,-7,-35,-15,-30,-18,-33,-17,-28,-20,-22,-22,-21,-33,-24,-29,-17,-32,-13,-33,-9,-33,-7,-37,0,-46,-1,-45,3,-48,2,-51,8,-51,10,-56,10,-54,9,-58,13,-59,17,-64,15,-67,17,-66,16,-76,13,-69,11,-70,11,-76,12,-73,7,-75,7,-70,3,-72,7,-68,1,-66,-1,-65,-3,-65,-5,-63,-3,-60,-2,-61,-11,-57,-16,-57,-20,-50,-21,-48,-24,0,0,0,0,0,0,0,0,0,0,0,0,0,0,0,0,0,0,0,0,0,0,-64,12,-61,6,-65,4,-65,-3,-66,-6,-64,-9,-58,-6,-64,-16,-59,-18,-56,-19,-57,-20,-49,-17,-54,-18,-47,-20,-45,-20,-39,-20,-43,-17,-37,-21,-30,-19,-33,-11,-29,-14,-26,-14,-23,-7,-19,-6,-19,-3,-13,0,-8,4,-11,6,-10,5,-6,7,-5,11,-1,18,-6,15,0,17,7,19,9,13,14,21,15,22,13,18,17,19,24,16,25,25,29,23,32,19,33,16,42,23,39,17,49,18,46,16,48,22,50,19,58,19,61,18,62,20,68,22,66,21,65,27,0,0]"
CSI_DATA,129,1a:00:00:00:00:00,-45,11,1,0,1,1,1,0,0,0,1,-96,0,11,2,2004199,0,44,0,384,0,"[0,0,0,0,0,0,0,0,0,0,0,0,-13,0,-12,1,-12,1,-11,1,-11,1,-10,2,-9,2,-9,3,-8,3,-7,3,-7,3,-6,4,-6,4,-5,4,-4,4,-4,6,-3,6,-2,5,-2,6,-1,6,0,6,1,7,1,7,1,8,2,8,3,9,0,0,3,10,3,10,4,11,4,11,4,11,4,12,4,12,4,12,4,12,3,12,3,13,2,13,2,13,2,13,1,12,1,12,0,12,0,12,0,11,0,11,-1,10,-2,10,-3,10,-4,9,-4,9,-5,8,0,0,0,0,0,0,0,0,0,0,0,0,0,0,-77,3,-75,1,-70,9,-69,3,-65,5,-60,3,-59,4,-52,5,-49,10,-46,12,-40,16,-37,12,-39,19,-34,17,-32,18,-26,26,-25,28,-22,26,-19,24,-13,27,-5,34,-6,31,-5,34,1,33,6,38,8,41,12,37,13,45,14,46,22,47,19,48,23,49,21,52,27,51,29,54,28,59,29,58,30,60,25,63,27,63,27,67,17,68,24,66,20,68,17,69,16,66,12,67,11,66,11,60,6,61,5,61,2,60,0,58,-2,58,-7,54,-13,45,-23,46,0,0,0,0,0,0,0,0,0,0,0,0,0,0,0,0,0,0,0,0,0,0,48,32,49,38,45,44,43,47,42,51,33,52,34,46,27,51,31,51,30,52,22,53,25,50,25,44,22,40,16,43,16,39,18,37,12,31,8,31,14,30,9,23,21,20,13,23,14,18,12,17,15,8,10,6,15,5,14,2,14,-2,16,-9,18,-6,15,-11,15,-11,17,-15,14,-21,8,-18,11,-27,13,-23,12,-30,9,-31,3,-37,2,-40,1,-45,5,-44,0,-50,1,-52,-6,-54,-2,-56,-3,-64,-9,-65,-11,-69,-6,-75,-8,-70,-9,-82,-8,-81,-12,-75,0,0]"
CSI_DATA,130,1a:00:00:00:00:00,-45,11,1,0,1,1,1,0,0,0,1,-96,0,11,2,2013032,0,44,0,384,0,"[0,0,0,0,0,0,0,0,0,0,0,0,-13,2,-12,3,-11,3,-11,3,-10,3,-9,3,-8,4,-7,4,-7,4,-6,4,-6,4,-5,5,-5,4,-4,5,-3,5,-2,6,-2,5,-1,6,0,6,0,6,1,6,2,6,2,6,3,7,3,8,4,8,0,0,5,8,5,9,6,9,6,9,6,9,6,10,6,10,6,10,6,11,5,11,5,11,4,11,3,11,3,11,4,11,3,11,3,11,3,10,2,10,2,10,1,10,1,10,-1,10,-2,9,-2,8,-3,7,0,0,0,0,0,0,0,0,0,0,0,0,0,0,-82,13,-74,11,-77,18,-68,13,-61,13,-64,19,-57,18,-63,16,-47,16,-50,18,-43,23,-40,20,-39,19,-33,19,-31,25,-23,27,-23,28,-19,31,-17,25,-11,29,-2,35,-7,30,2,37,5,36,8,33,10,36,12,40,21,44,22,43,26,45,27,42,33,53,27,49,35,54,36,49,40,57,37,59,36,56,34,61,33,60,33,59,33,65,32,63,32,67,26,66,27,66,24,64,23,64,20,59,15,64,11,58,8,57,8,61,1,53,-2,55,-7,50,-13,47,0,0,0,0,0,0,0,0,0,0,0,0,0,0,0,0,0,0,0,0,0,0,58,23,61,27,52,30,51,32,46,34,48,44,43,39,42,39,43,40,38,40,36,41,31,40,38,37,32,40,29,37,24,39,23,36,25,33,21,27,19,27,14,18,20,21,18,11,21,14,17,11,17,5,18,0,22,-5,21,-7,21,-14,16,-11,19,-13,16,-16,15,-20,16,-22,13,-21,7,-29,9,-30,8,-33,5,-35,4,-42,4,-43,0,-44,-5,-48,-10,-50,-2,-49,-4,-55,-15,-59,-21,-64,-17,-62,-15,-67,-24,-68,-22,-72,-19,-66,-21,-83,-23,-79,-19,-80,0,0]"
CSI_DATA,131,1a:00:00:00:00:00,-46,11,1,0,1,1,1,0,0,0,1,-96,0,11,2,2023026,0,44,0,384,0,"[0,0,0,0,0,0,0,0,0,0,0,0,-12,-5,-12,-5,-11,-4,-11,-4,-10,-3,-10,-3,-10,-2,-9,-1,-8,-2,-8,-1,-8,0,-7,0,-7,1,-6,2,-6,2,-6,3,-5,3,-4,3,-4,4,-4,5,-3,5,-3,6,-3,6,-2,7,-2,8,-1,8,0,0,-1,9,-1,10,-1,11,-1,10,-1,11,-2,12,-2,12,-2,12,-2,12,-2,12,-3,12,-3,12,-3,12,-4,12,-4,11,-5,11,-5,10,-5,10,-6,9,-6,8,-6,8,-6,8,-7,7,-7,7,-7,5,-8,4,0,0,0,0,0,0,0,0,0,0,0,0,0,0,-65,-44,-63,-42,-63,-35,-58,-36,-60,-34,-54,-35,-55,-30,-52,-30,-51,-21,-42,-21,-47,-16,-46,-12,-46,-13,-42,-3,-34,-6,-37,-1,-40,0,-30,2,-31,8,-26,10,-29,16,-28,18,-22,22,-19,23,-18,27,-17,34,-17,34,-13,39,-14,44,-12,46,-11,47,-14,51,-10,50,-6,55,-12,59,-12,56,-12,61,-12,67,-15,63,-16,63,-16,65,-18,63,-20,64,-21,65,-26,61,-23,59,-30,59,-29,58,-29,49,-29,49,-34,47,-34,43,-34,43,-38,36,-40,33,-41,28,-39,22,0,0,0,0,0,0,0,0,0,0,0,0,0,0,0,0,0,0,0,0,0,0,37,61,28,60,26,64,21,62,18,69,15,63,11,66,6,65,4,68,7,64,-1,63,-2,61,3,60,1,61,0,54,-5,55,-2,51,-4,48,0,42,0,41,-2,38,4,33,-1,31,3,30,4,26,8,22,8,15,15,14,12,14,15,12,16,9,16,4,22,5,20,-3,25,-4,22,-5,25,-8,23,-12,23,-16,27,-19,26,-25,24,-23,26,-30,30,-35,29,-32,30,-50,29,-47,27,-44,34,-56,34,-58,27,-60,33,-62,37,-63,34,-65,40,-74,39,-69,37,-70,0,0]"
CSI_DATA,132,1a:00:00:00:00:00,-46,11,1,0,1,1,1,0,0,0,1,-96,0,11,2,2033044,0,44,0,384,0,"[0,0,0,0,0,0,0,0,0,0,0,0,3,-14,2,-13,1,-13,2,-12,1,-11,1,-11,0,-10,0,-10,-1,-9,-2,-8,-1,-9,-2,-8,-3,-7,-3,-6,-3,-6,-4,-6,-4,-5,-4,-4,-5,-3,-6,-3,-6,-3,-7,-2,-7,-2,-8,-1,-8,-1,-9,0,0,0,-10,0,-10,0,-11,0,-12,0,-11,0,-12,0,-12,1,-12,0,-13,0,-13,-1,-13,-2,-12,-2,-12,-2,-12,-2,-12,-3,-12,-4,-11,-4,-11,-3,-11,-5,-10,-4,-10,-5,-9,-6,-9,-5,-8,-7,-7,-7,-6,-7,0,0,0,0,0,0,0,0,0,0,0,0,0,0,22,-79,21,-72,19,-76,12,-72,13,-66,16,-67,13,-62,11,-60,9,-54,7,-50,-1,-51,1,-45,-4,-45,-3,-38,-3,-35,-9,-36,-10,-32,-13,-32,-16,-25,-18,-22,-21,-25,-20,-21,-26,-13,-27,-13,-29,-10,-33,-8,-35,-10,-37,0,-41,-5,-44,2,-45,3,-49,7,-49,3,-54,7,-55,10,-60,5,-57,6,-60,6,-62,5,-60,6,-59,6,-63,-3,-67,-2,-65,-3,-65,-2,-64,-6,-58,-10,-59,-10,-55,-8,-55,-10,-55,-15,-53,-17,-48,-16,-47,-24,-38,-27,-41,-30,-32,-31,0,0,0,0,0,0,0,0,0,0,0,0,0,0,0,0,0,0,0,0,0,0,-47,48,-53,46,-56,37,-62,36,-61,35,-63,30,-56,29,-59,24,-65,25,-60,18,-61,12,-58,16,-59,17,-58,11,-55,9,-51,5,-50,11,-44,8,-43,5,-39,7,-37,6,-31,8,-30,7,-28,9,-22,6,-20,13,-16,13,-17,15,-14,6,-6,15,-3,17,-2,17,-1,16,10,16,8,17,13,12,17,16,16,16,22,15,26,16,28,16,34,10,37,13,39,10,43,10,42,8,50,7,55,7,51,7,62,6,66,11,69,9,75,12,73,9,79,14,80,10,80,9,0,0]"
CSI_DATA,133,1a:00:00:00:00:00,-46,11,1,0,1,1,1,0,0,0,1,-96,0,11,2,2043141,0,44,0,384,0,"[0,0,0,0,0,0,0,0,0,0,0,0,-6,11,-5,10,-4,10,-5,9,-4,9,-4,8,-3,8,-3,7,-2,7,-2,7,-1,6,0,6,1,5,1,5,2,4,3,4,3,3,3,3,4,2,4,2,5,2,5,1,6,1,7,0,8,0,8,0,0,0,9,-1,10,-1,10,-1,11,-2,10,-1,10,0,11,-1,11,-1,11,-1,12,0,12,0,11,1,11,1,11,1,11,2,11,2,11,2,10,2,10,3,9,3,9,3,8,4,8,4,7,5,6,5,5,5,0,0,0,0,0,0,0,0,0,0,0,0,0,0,-31,69,-31,66,-24,66,-23,63,-25,64,-18,57,-15,56,-18,52,-15,51,-12,46,-4,44,-1,41,-2,39,-1,36,1,38,3,30,10,32,11,24,12,23,18,23,20,21,27,16,23,10,23,10,27,4,35,2,37,2,38,0,42,-2,42,-3,43,-7,45,-10,52,-11,51,-11,56,-15,56,-8,57,-12,60,-17,61,-9,63,-11,64,-6,67,-6,63,-2,67,-2,60,-2,68,0,62,5,60,3,58,6,53,4,55,6,54,10,49,14,48,19,46,22,40,24,32,27,0,0,0,0,0,0,0,0,0,0,0,0,0,0,0,0,0,0,0,0,0,0,60,-39,63,-29,65,-28,66,-25,68,-16,64,-14,66,-16,68,-11,66,-15,70,-4,68,-3,62,-3,64,-5,61,1,53,6,57,1,57,-1,48,2,43,-2,45,5,41,-1,38,-2,33,-5,33,-3,24,-2,29,-8,22,-11,20,-9,16,-11,14,-15,9,-13,6,-16,4,-12,-1,-19,-2,-16,-9,-17,-10,-18,-12,-20,-12,-19,-23,-19,-22,-17,-28,-18,-34,-16,-38,-16,-43,-16,-44,-11,-47,-13,-52,-16,-53,-16,-59,-16,-60,-20,-64,-12,-68,-20,-73,-18,-75,-23,-75,-22,-78,-27,0,0]"
CSI_DATA,134,1a:00:00:00:00:00,-46,11,1,0,1,1,1,0,0,0,1,-96,0,11,2,2053362,0,44,0,384,0,"[0,0,0,0,0,0,0,0,0,0,0,0,-11,5,-10,5,-9,5,-9,4,-8,5,-8,4,-7,5,-6,5,-6,5,-5,4,-5,5,-4,5,-3,4,-2,4,-2,4,-1,5,0,4,0,5,1,5,1,5,2,4,3,5,3,5,4,5,5,5,5,5,0,0,6,5,6,6,7,6,8,6,7,7,8,7,7,7,7,8,8,8,7,8,7,8,6,9,6,8,6,8,5,9,5,9,5,8,5,8,4,8,4,8,3,8,2,8,2,8,1,8,0,8,-1,7,0,0,0,0,0,0,0,0,0,0,0,0,0,0,-72,12,-68,19,-69,18,-59,17,-60,18,-57,13,-56,17,-51,16,-45,14,-43,15,-41,27,-34,19,-34,22,-31,23,-29,25,-22,23,-20,28,-17,23,-15,27,-5,24,-9,29,-5,28,2,27,7,33,6,30,14,30,14,31,16,33,19,38,24,38,22,34,27,47,30,37,32,43,35,48,33,49,32,47,33,52,34,52,32,52,27,52,31,53,27,56,25,60,23,57,23,53,21,58,17,59,14,53,12,50,11,51,10,52,8,51,-2,48,-5,44,-4,46,-12,41,0,0,0,0,0,0,0,0,0,0,0,0,0,0,0,0,0,0,0,0,0,0,44,0,61,23,38,15,42,17,74,19,64,46,52,48,55,18,48,65,41,48,32,46,47,25,26,41,39,31,13,40,37,39,42,43,18,52,2,25,34,22,25,12,21,33,28,22,9,39,16,10,7,8,15,6,19,-7,12,7,19,11,9,3,11,-10,13,7,-2,-12,1,-11,11,-14,-5,-27,7,-22,-3,-22,1,-29,-2,-28,-5,-25,-8,-33,-12,-37,-14,-40,-15,-46,-19,-44,-19,-45,-25,-50,-20,-53,-21,-59,-29,-60,-22,-65,-25,-61,-26,-68,-25,-73,-26,-75,0,0]"
CSI_DATA,135,1a:00:00:00:00:00,-46,11,1,0,1,1,1,0,0,0,1,-96,0,11,2,2063495,0,44,0,384,0,"[0,0,0,0,0,0,0,0,0,0,0,0,8,8,8,7,8,6,8,7,7,6,6,5,7,5,6,4,6,3,6,2,6,2,5,1,6,1,5,0,5,-1,5,-1,4,-2,5,-3,4,-4,4,-4,4,-4,4,-5,3,-6,4,-7,4,-7,4,-8,0,0,4,-9,4,-10,4,-10,4,-11,4,-10,4,-11,4,-11,4,-11,5,-11,5,-11,6,-10,6,-10,6,-10,6,-10,7,-9,7,-9,7,-9,6,-8,7,-8,7,-7,7,-6,7,-7,7,-6,7,-5,8,-4,7,-3,0,0,0,0,0,0,0,0,0,0,0,0,0,0,54,59,49,55,51,51,44,53,51,53,42,48,42,47,44,35,39,40,37,33,35,29,37,27,38,21,41,22,32,13,36,13,37,8,32,3,32,-2,33,-3,31,-9,31,-11,28,-15,26,-16,24,-16,25,-26,25,-28,29,-36,24,-36,22,-46,29,-40,28,-49,28,-42,23,-50,25,-52,33,-55,25,-57,28,-55,32,-57,34,-59,37,-59,40,-55,40,-55,36,-53,45,-49,43,-52,42,-43,44,-50,42,-38,40,-39,44,-36,44,-36,44,-33,48,-26,45,-18,44,-17,46,-13,0,0,0,0,0,0,0,0,0,0,0,0,0,0,0,0,0,0,0,0,0,0,-15,-71,-6,-70,-1,-72,0,-68,8,-72,10,-69,11,-66,12,-67,15,-67,23,-63,20,-59,22,-58,19,-61,28,-54,28,-47,26,-50,21,-51,21,-44,16,-42,15,-41,10,-34,12,-30,12,-32,8,-29,6,-26,2,-25,1,-24,-1,-17,-4,-19,-3,-11,-6,-9,-13,-9,-13,-7,-16,-4,-16,-1,-16,2,-24,2,-22,5,-23,10,-26,16,-24,15,-30,18,-26,20,-32,29,-26,26,-40,36,-35,41,-34,42,-43,47,-41,51,-41,48,-49,53,-56,53,-51,50,-59,64,-51,60,-60,60,0,0]"
CSI_DATA,136,1a:00:00:00:00:00,-46,11,1,0,1,1,1,0,0,0,1,-96,0,11,2,2093143,0,44,0,384,0,"[0,0,0,0,0,0,0,0,0,0,0,0,12,-3,11,-3,11,-4,11,-3,9,-3,8,-3,8,-4,7,-4,7,-4,6,-4,6,-4,5,-4,4,-5,4,-5,3,-5,2,-6,2,-6,1,-6,0,-6,0,-5,-1,-6,-1,-6,-1,-7,-2,-8,-3,-8,-4,-8,0,0,-4,-8,-5,-9,-5,-10,-5,-10,-4,-10,-5,-11,-5,-11,-5,-11,-5,-11,-4,-11,-4,-11,-3,-12,-3,-12,-2,-11,-3,-11,-2,-11,-1,-11,-2,-11,-1,-10,-1,-10,0,-10,0,-10,1,-9,2,-9,3,-8,3,-7,0,0,0,0,0,0,0,0,0,0,0,0,0,0,74,-22,79,-23,69,-30,66,-24,67,-23,59,-22,60,-24,55,-22,53,-20,48,-22,41,-25,39,-21,39,-28,33,-28,29,-23,26,-26,25,-26,18,-27,18,-25,12,-31,8,-33,5,-33,1,-31,-4,-30,-2,-30,-10,-36,-16,-39,-16,-39,-18,-39,-24,-39,-25,-38,-24,-39,-28,-46,-32,-47,-32,-49,-34,-50,-33,-55,-33,-56,-34,-57,-30,-56,-28,-59,-26,-62,-27,-59,-24,-60,-20,-58,-20,-62,-17,-59,-18,-62,-12,-53,-11,-53,-8,-53,-3,-54,-2,-51,2,-52,7,-49,9,-45,15,-39,0,0,0,0,0,0,0,0,0,0,0,0,0,0,0,0,0,0,0,0,0,0,-74,7,-63,-10,-74,-10,-67,-16,-72,-20,-67,-23,-63,-22,-63,-28,-66,-27,-61,-30,-56,-36,-57,-30,-54,-34,-53,-33,-46,-32,-43,-29,-42,-30,-37,-32,-36,-24,-36,-23,-31,-23,-36,-20,-32,-18,-26,-17,-28,-12,-22,-8,-22,-7,-19,-3,-22,-2,-17,4,-14,5,-15,9,-15,12,-12,15,-9,16,-9,17,-3,22,-2,26,-2,27,3,32,5,35,9,34,8,38,16,43,17,42,18,43,20,42,24,47,30,51,32,59,33,57,37,63,32,62,35,69,33,77,34,73,35,81,0,0]"
CSI_DATA,137,1a:00:00:00:00:00,-46,11,1,0,1,1,1,0,0,0,1,-96,0,11,2,2113338,0,44,0,384,0,"[0,0,0,0,0,0,0,0,0,0,0,0,12,6,11,5,12,5,11,5,10,4,9,3,10,2,8,2,8,2,8,1,7,0,7,-1,6,-1,6,-2,6,-2,6,-3,5,-4,4,-4,4,-5,4,-6,4,-6,3,-7,3,-7,3,-8,2,-8,2,-9,0,0,2,-10,3,-11,2,-11,2,-12,2,-12,2,-12,3,-12,3,-13,3,-12,4,-12,4,-12,5,-12,5,-12,5,-12,5,-11,5,-11,6,-11,5,-10,5,-9,6,-9,6,-9,6,-8,7,-7,7,-6,7,-5,7,-4,0,0,0,0,0,0,0,0,0,0,0,0,0,0,80,27,74,26,73,22,68,27,63,21,60,19,60,15,59,15,55,13,51,8,51,10,45,4,45,5,43,0,39,-1,38,-8,38,-10,34,-15,27,-15,29,-15,24,-21,23,-23,19,-25,19,-30,13,-33,14,-33,11,-35,8,-43,9,-45,8,-45,6,-46,4,-53,4,-52,0,-55,-1,-55,5,-62,2,-63,7,-65,6,-65,11,-65,11,-64,12,-66,10,-65,15,-64,17,-60,20,-59,20,-60,18,-60,25,-51,24,-51,26,-49,27,-47,28,-46,29,-40,32,-37,33,-36,36,-27,0,0,0,0,0,0,0,0,0,0,0,0,0,0,0,0,0,0,0,0,0,0,-50,-49,-42,-52,-40,-56,-36,-59,-32,-62,-27,-66,-27,-61,-22,-65,-21,-61,-20,-63,-13,-63,-15,-57,-15,-57,-11,-55,-6,-49,-6,-51,-8,-48,-4,-47,-7,-43,-9,-41,-7,-34,-7,-35,-7,-28,-8,-24,-12,-25,-15,-19,-10,-19,-15,-12,-10,-10,-17,-5,-11,0,-16,0,-20,4,-13,4,-21,7,-21,12,-17,11,-19,21,-19,19,-16,28,-16,33,-19,32,-20,36,-14,41,-15,44,-10,50,-14,51,-10,54,-14,59,-15,65,-15,68,-14,72,-22,76,-17,73,-19,81,-20,82,-21,78,0,0]"
CSI_DATA,138,1a:00:00:00:00:00,-46,11,1,0,1,1,1,0,0,0,1,-96,0,11,2,2123027,0,44,0,384,0,"[0,0,0,0,0,0,0,0,0,0,0,0,8,-12,7,-10,6,-11,6,-10,6,-10,5,-9,4,-10,4,-9,3,-9,2,-8,2,-8,1,-8,0,-8,0,-7,-1,-7,-2,-7,-2,-7,-3,-6,-3,-5,-4,-6,-4,-5,-6,-5,-6,-5,-7,-5,-8,-5,-8,-5,0,0,-9,-5,-11,-5,-11,-5,-12,-5,-10,-6,-11,-5,-12,-5,-12,-6,-12,-6,-12,-7,-11,-8,-11,-8,-10,-8,-10,-8,-10,-8,-10,-8,-9,-9,-9,-8,-8,-8,-8,-8,-7,-8,-6,-9,-6,-9,-4,-9,-3,-9,-2,-9,0,0,0,0,0,0,0,0,0,0,0,0,0,0,40,-70,39,-66,37,-68,37,-66,28,-66,32,-57,24,-59,22,-56,24,-51,19,-51,15,-52,11,-43,5,-45,6,-40,2,-40,-3,-36,-9,-40,-6,-31,-10,-32,-16,-29,-16,-29,-16,-25,-24,-22,-23,-20,-28,-17,-33,-16,-37,-13,-37,-14,-42,-16,-46,-11,-45,-8,-50,-8,-48,-10,-56,-7,-60,-7,-54,-14,-61,-13,-60,-10,-64,-13,-61,-12,-62,-15,-59,-16,-63,-17,-63,-20,-62,-21,-58,-21,-58,-24,-55,-26,-52,-23,-52,-24,-45,-25,-45,-27,-42,-31,-40,-30,-38,-36,-28,-35,-22,-37,0,0,0,0,0,0,0,0,0,0,0,0,0,0,0,0,0,0,0,0,0,0,-59,28,-62,25,-63,18,-71,16,-67,6,-66,8,-65,6,-62,0,-61,4,-62,-1,-58,-7,-57,-3,-61,0,-55,-11,-52,-10,-48,-8,-46,-6,-40,-11,-42,-6,-37,-5,-34,-6,-36,0,-27,-2,-27,1,-21,1,-19,6,-15,8,-14,9,-11,8,-11,12,-8,12,-4,15,-2,11,3,14,5,16,8,19,10,17,16,20,21,19,17,18,24,21,30,21,32,27,38,24,39,15,51,19,51,18,51,19,51,18,59,26,61,26,67,23,67,31,69,24,74,36,75,32,74,41,0,0]"
CSI_DATA,139,1a:00:00:00:00:00,-46,11,1,0,1,1,1,0,0,0,1,-96,0,11,2,2133006,0,44,0,384,0,"[0,0,0,0,0,0,0,0,0,0,0,0,8,-10,7,-10,7,-10,6,-9,6,-9,5,-9,4,-9,3,-9,3,-8,2,-8,2,-8,1,-8,0,-7,-1,-6,-1,-7,-2,-7,-2,-6,-3,-6,-4,-5,-4,-6,-5,-5,-5,-5,-6,-5,-7,-5,-7,-5,-8,-5,0,0,-9,-5,-9,-6,-10,-6,-10,-5,-10,-5,-11,-6,-11,-6,-11,-7,-11,-6,-11,-7,-11,-8,-10,-8,-9,-8,-9,-8,-9,-9,-9,-9,-8,-9,-8,-9,-7,-9,-7,-8,-6,-9,-5,-9,-4,-9,-3,-9,-3,-9,-2,-8,0,0,0,0,0,0,0,0,0,0,0,0,0,0,58,-58,52,-56,50,-61,46,-52,47,-52,43,-49,38,-43,38,-47,33,-46,30,-45,22,-42,22,-42,21,-40,17,-42,11,-38,5,-39,6,-38,1,-33,0,-32,-6,-31,-10,-31,-13,-31,-15,-28,-15,-24,-19,-26,-26,-27,-34,-25,-36,-23,-34,-24,-42,-20,-41,-23,-47,-25,-48,-30,-47,-29,-53,-27,-53,-33,-58,-33,-56,-30,-54,-34,-55,-35,-55,-34,-50,-40,-54,-42,-51,-44,-48,-43,-48,-42,-43,-45,-41,-44,-36,-44,-36,-46,-38,-46,-30,-45,-29,-43,-22,-46,-20,-47,-12,-43,-6,-42,0,0,0,0,0,0,0,0,0,0,0,0,0,0,0,0,0,0,0,0,0,0,-61,23,-65,20,-66,16,-71,11,-71,5,-69,2,-65,-1,-68,-3,-65,-3,-66,-4,-62,-10,-57,-9,-61,-7,-58,-13,-52,-17,-48,-14,-49,-9,-43,-12,-40,-14,-34,-12,-36,-6,-31,-4,-30,-4,-31,-7,-23,-4,-19,4,-20,3,-14,9,-10,4,-8,14,-7,12,-3,13,-4,13,-3,18,1,18,8,23,7,23,11,24,15,25,17,26,20,23,27,28,29,28,33,30,36,32,40,28,42,30,49,30,46,34,54,38,54,39,61,39,62,45,59,44,65,50,65,48,66,57,0,0]"
CSI_DATA,140,1a:00:00:00:00:00,-46,11,1,0,1,1,1,0,0,0,1,-96,0,11,2,2143371,0,44,0,384,0,"[0,0,0,0,0,0,0,0,0,0,0,0,-7,-11,-8,-9,-8,-10,-7,-10,-8,-9,-6,-8,-7,-7,-7,-7,-7,-6,-7,-5,-7,-4,-7,-4,-7,-3,-6,-3,-7,-2,-7,-1,-6,0,-6,-1,-6,1,-7,1,-6,2,-6,3,-6,3,-6,4,-7,5,-7,5,0,0,-7,6,-8,7,-8,8,-8,8,-8,8,-9,7,-8,8,-9,7,-9,8,-10,8,-11,7,-10,7,-10,6,-11,6,-11,5,-11,5,-11,5,-10,4,-11,4,-10,3,-10,2,-10,2,-10,1,-10,0,-9,-1,-8,-1,0,0,0,0,0,0,0,0,0,0,0,0,0,0,-48,-62,-45,-66,-54,-57,-43,-55,-37,-52,-38,-52,-44,-49,-40,-47,-39,-40,-38,-35,-38,-38,-39,-29,-37,-26,-37,-23,-31,-17,-37,-14,-37,-9,-35,-8,-34,-5,-32,-2,-38,7,-33,3,-31,7,-28,14,-29,16,-32,21,-29,27,-28,28,-28,30,-31,39,-27,36,-34,42,-33,39,-33,46,-33,47,-40,46,-37,49,-39,48,-42,48,-48,46,-48,48,-46,49,-47,44,-50,43,-47,43,-52,37,-53,42,-53,38,-49,27,-53,29,-49,27,-52,25,-52,19,-45,16,-50,13,-47,5,-44,-5,0,0,0,0,0,0,0,0,0,0,0,0,0,0,0,0,0,0,0,0,0,0,18,69,7,72,10,69,3,71,-8,72,-10,72,-10,64,-14,67,-15,68,-17,61,-22,60,-21,59,-16,56,-18,51,-22,47,-21,46,-18,49,-22,41,-19,38,-17,33,-15,34,-9,30,-8,29,-6,24,-3,25,-1,22,-1,22,2,12,5,14,9,16,9,9,15,7,17,4,16,5,24,4,22,0,25,-3,26,-6,29,-15,27,-15,26,-15,31,-20,35,-24,32,-27,34,-29,40,-27,39,-36,37,-39,43,-41,42,-44,47,-49,50,-48,54,-51,56,-56,57,-57,58,-63,61,-60,0,0]"
CSI_DATA,141,1a:00:00:00:00:00,-46,11,1,0,1,1,1,0,0,0,1,-96,0,11,2,2153833,0,44,0,384,0,"[0,0,0,0,0,0,0,0,0,0,0,0,5,-12,4,-12,3,-11,4,-11,2,-10,2,-9,1,-10,1,-9,0,-8,0,-8,-1,-8,-1,-7,-2,-7,-3,-6,-2,-6,-3,-6,-5,-5,-4,-5,-5,-4,-5,-4,-6,-3,-7,-3,-7,-3,-8,-2,-9,-2,-9,-2,0,0,-10,-1,-10,-2,-11,-1,-11,-1,-11,-2,-12,-2,-12,-2,-12,-2,-13,-2,-12,-3,-13,-3,-12,-4,-11,-4,-11,-4,-11,-5,-12,-5,-11,-5,-11,-5,-10,-5,-10,-5,-9,-6,-8,-6,-8,-6,-7,-7,-6,-7,-5,-7,0,0,0,0,0,0,0,0,0,0,0,0,0,0,25,-74,21,-73,19,-69,15,-66,19,-69,16,-62,15,-56,9,-55,14,-52,5,-49,2,-48,0,-44,-2,-45,-3,-40,-6,-38,-13,-35,-12,-36,-10,-32,-16,-26,-19,-26,-26,-20,-21,-19,-23,-16,-32,-15,-29,-10,-32,-6,-39,-5,-41,-6,-45,-5,-49,3,-42,0,-51,3,-48,1,-57,3,-57,5,-56,1,-62,-1,-61,-1,-61,-1,-62,-1,-65,0,-67,-2,-62,-11,-66,-9,-60,-9,-62,-9,-57,-15,-62,-15,-55,-12,-49,-19,-49,-24,-52,-19,-45,-22,-44,-29,-39,-31,-39,-29,-31,-32,0,0,0,0,0,0,0,0,0,0,0,0,0,0,0,0,0,0,0,0,0,0,-47,49,-51,44,-58,42,-62,34,-66,33,-63,27,-61,26,-62,24,-66,23,-61,19,-63,18,-59,16,-61,17,-58,15,-52,7,-50,10,-45,13,-48,5,-42,8,-40,10,-36,8,-34,5,-27,8,-24,7,-23,8,-17,15,-15,12,-10,14,-12,12,-10,14,-1,15,-5,16,-1,14,5,15,8,19,11,15,13,19,18,18,23,17,24,18,26,13,33,15,37,14,39,12,42,14,43,5,52,7,58,13,55,11,59,17,64,13,69,6,69,9,72,15,81,18,80,14,78,21,0,0]"
CSI_DATA,142,1a:00:00:00:00:00,-46,11,1,0,1,1,1,0,0,0,1,-96,0,11,2,2193051,0,44,0,384,0,"[0,0,0,0,0,0,0,0,0,0,0,0,11,-3,10,-3,10,-4,9,-3,9,-3,7,-4,7,-4,6,-4,5,-4,5,-4,5,-5,4,-6,3,-6,2,-6,2,-5,1,-6,0,-6,0,-7,-1,-6,-2,-7,-2,-7,-3,-7,-3,-7,-4,-8,-5,-8,-5,-8,0,0,-6,-9,-7,-10,-7,-10,-7,-10,-7,-10,-7,-11,-8,-11,-7,-11,-8,-11,-7,-12,-7,-12,-5,-12,-5,-11,-5,-12,-5,-12,-5,-12,-4,-12,-4,-11,-4,-12,-3,-11,-2,-11,-1,-10,-1,-10,0,-10,1,-9,2,-8,0,0,0,0,0,0,0,0,0,0,0,0,0,0,74,-17,70,-14,69,-21,61,-20,59,-21,52,-16,57,-18,51,-19,49,-18,40,-26,40,-20,39,-21,32,-21,27,-27,22,-27,19,-29,16,-30,7,-32,12,-28,2,-30,0,-37,0,-31,-7,-31,-9,-35,-10,-36,-15,-34,-23,-37,-29,-37,-28,-40,-34,-39,-33,-37,-35,-45,-34,-46,-41,-48,-42,-50,-37,-53,-39,-56,-43,-54,-39,-60,-37,-56,-35,-58,-37,-59,-37,-62,-38,-61,-32,-60,-34,-67,-24,-65,-25,-57,-20,-60,-17,-58,-16,-60,-14,-55,-10,-55,-1,-56,-4,-57,0,-48,6,-47,0,0,0,0,0,0,0,0,0,0,0,0,0,0,0,0,0,0,0,0,0,0,-65,-21,-61,-27,-69,-32,-63,-34,-60,-41,-52,-42,-48,-39,-47,-50,-47,-48,-47,-44,-44,-47,-41,-41,-47,-42,-36,-45,-32,-41,-32,-42,-27,-38,-29,-35,-29,-34,-25,-29,-22,-26,-27,-24,-23,-22,-25,-16,-21,-13,-21,-9,-20,-8,-21,-4,-18,1,-19,2,-17,7,-20,9,-16,9,-16,14,-17,17,-12,21,-15,17,-7,24,-9,26,-4,32,1,35,-1,39,3,37,5,43,8,42,12,44,12,49,16,49,16,56,19,59,17,66,25,63,21,68,21,66,28,76,23,79,24,79,0,0]"
CSI_DATA,143,1a:00:00:00:00:00,-46,11,1,0,1,1,1,0,0,0,1,-96,0,11,2,2203483,0,44,0,384,0,"[0,0,0,0,0,0,0,0,0,0,0,0,11,0,10,-1,10,0,10,-1,9,-1,8,-2,8,-2,7,-2,7,-3,6,-3,5,-4,5,-4,4,-4,4,-4,3,-5,3,-6,2,-6,2,-6,1,-6,0,-7,0,-7,-1,-8,-1,-8,-2,-9,-3,-9,-3,-10,0,0,-4,-11,-4,-11,-4,-12,-5,-12,-4,-12,-4,-12,-4,-13,-4,-13,-4,-13,-3,-13,-3,-13,-2,-13,-2,-13,-2,-13,-2,-13,-1,-13,-1,-13,-1,-12,0,-12,0,-11,1,-11,1,-11,3,-10,3,-10,3,-9,4,-8,0,0,0,0,0,0,0,0,0,0,0,0,0,0,75,-2,74,0,69,-6,64,-3,63,-4,57,-5,58,-6,51,-6,52,-8,39,-9,41,-15,38,-13,38,-21,29,-20,29,-21,23,-22,25,-26,16,-24,12,-26,8,-29,6,-33,8,-35,-2,-36,-3,-38,-4,-37,-7,-41,-13,-45,-20,-43,-18,-44,-25,-49,-24,-50,-24,-53,-31,-55,-31,-55,-32,-57,-27,-58,-32,-62,-32,-66,-27,-68,-30,-63,-28,-71,-24,-67,-24,-67,-26,-72,-14,-63,-17,-67,-15,-64,-18,-68,-13,-60,-8,-63,-10,-61,-1,-61,-5,-59,3,-57,6,-55,11,-53,18,-42,0,0,0,0,0,0,0,0,0,0,0,0,0,0,0,0,0,0,0,0,0,0,-57,-39,-47,-46,-54,-46,-47,-50,-45,-57,-37,-55,-36,-52,-30,-55,-34,-57,-31,-59,-22,-58,-22,-55,-30,-55,-21,-52,-15,-50,-18,-49,-20,-40,-11,-43,-20,-37,-19,-39,-15,-37,-18,-31,-10,-27,-16,-22,-15,-22,-13,-15,-15,-12,-17,-13,-17,-6,-19,-1,-17,1,-16,6,-16,6,-16,8,-20,12,-18,19,-16,20,-13,23,-12,23,-11,27,-12,30,-10,37,-11,35,-6,43,0,35,-5,50,-4,49,1,53,2,57,1,65,2,67,6,65,3,73,4,75,7,78,8,75,5,79,0,0]"
CSI_DATA,144,1a:00:00:00:00:00,-46,11,1,0,1,1,1,0,0,0,1,-96,0,11,2,2213151,0,44,0,384,0,"[0,0,0,0,0,0,0,0,0,0,0,0,-6,-11,-6,-11,-7,-10,-7,-10,-6,-9,-6,-8,-6,-7,-6,-6,-6,-6,-6,-4,-6,-5,-6,-3,-6,-3,-7,-2,-6,-1,-7,0,-7,0,-6,1,-7,2,-7,2,-7,3,-7,4,-7,4,-7,5,-8,6,-7,6,0,0,-8,7,-8,8,-9,8,-9,9,-9,8,-9,8,-9,9,-9,9,-10,9,-11,8,-11,8,-11,7,-11,7,-11,7,-11,6,-12,6,-11,6,-11,5,-11,5,-11,4,-11,3,-10,3,-10,2,-10,2,-10,0,-9,-1,0,0,0,0,0,0,0,0,0,0,0,0,0,0,-32,-66,-31,-63,-33,-62,-28,-55,-32,-57,-30,-50,-30,-49,-30,-40,-29,-43,-28,-41,-31,-34,-29,-27,-34,-29,-31,-24,-33,-18,-30,-15,-34,-11,-33,-7,-29,-6,-34,0,-38,3,-36,8,-28,12,-32,18,-29,21,-36,20,-35,26,-31,30,-36,31,-37,37,-36,41,-42,41,-41,39,-39,45,-41,53,-45,44,-43,49,-47,53,-49,47,-46,46,-49,49,-50,50,-55,46,-58,44,-55,40,-57,45,-56,36,-56,39,-51,29,-56,33,-53,26,-51,27,-55,21,-57,16,-53,17,-50,9,-51,1,0,0,0,0,0,0,0,0,0,0,0,0,0,0,0,0,0,0,0,0,0,0,-10,69,-19,64,-23,65,-29,58,-34,60,-31,56,-34,54,-37,50,-40,50,-40,50,-42,45,-40,45,-39,42,-42,39,-37,35,-37,35,-32,34,-33,30,-27,26,-27,25,-26,21,-21,23,-22,25,-16,19,-7,18,-5,24,-6,18,-3,18,0,14,3,14,7,14,12,12,15,13,17,11,18,12,21,6,21,5,23,3,25,2,33,-4,29,-4,33,-6,33,-9,37,-13,40,-18,39,-11,43,-16,46,-26,45,-26,51,-28,51,-32,56,-34,63,-33,59,-36,65,-39,62,-37,61,-37,0,0]"
CSI_DATA,145,1a:00:00:00:00:00,-46,11,1,0,1,1,1,0,0,0,1,-96,0,11,2,2223043,0,44,0,384,0,"[0,0,0,0,0,0,0,0,0,0,0,0,-8,9,-8,9,-6,9,-6,8,-5,8,-5,7,-4,7,-4,7,-3,7,-2,6,-2,7,-1,6,0,6,1,5,1,5,2,5,3,5,3,4,4,4,5,4,5,4,6,3,6,3,7,2,8,3,9,2,0,0,10,2,10,2,11,3,11,2,12,3,12,3,12,3,11,3,12,3,12,4,12,4,11,5,12,5,11,5,10,6,11,5,10,6,10,6,10,6,9,6,8,6,8,7,6,7,6,7,5,8,4,8,0,0,0,0,0,0,0,0,0,0,0,0,0,0,-51,54,-50,59,-40,52,-40,50,-41,51,-34,44,-33,44,-34,40,-29,43,-26,42,-18,37,-15,39,-14,41,-7,40,-10,34,-2,36,4,32,6,26,7,28,14,29,19,28,16,24,20,19,27,18,28,18,30,22,33,14,43,14,44,13,51,12,52,13,55,14,56,12,58,16,60,10,64,15,62,21,64,16,66,21,63,18,64,21,66,25,66,25,66,27,58,30,61,32,59,31,57,33,55,30,49,31,45,35,48,35,44,36,40,37,34,40,31,42,24,44,0,0,0,0,0,0,0,0,0,0,0,0,0,0,0,0,0,0,0,0,0,0,65,-18,66,-10,70,-7,71,-4,68,5,67,5,61,9,64,11,64,14,63,14,57,16,53,15,63,15,54,20,45,19,41,20,46,17,38,17,42,16,35,16,30,14,32,12,28,8,22,5,25,6,17,-1,19,-2,17,-7,17,-6,15,-10,7,-14,9,-17,8,-19,6,-16,3,-23,-1,-22,-3,-23,-4,-27,-12,-22,-11,-28,-13,-26,-22,-27,-24,-30,-27,-30,-33,-28,-29,-31,-37,-35,-44,-30,-44,-34,-50,-35,-48,-37,-56,-37,-56,-40,-57,-42,-58,-47,-56,-45,-60,-43,0,0]"
CSI_DATA,146,1a:00:00:00:00:00,-47,11,1,0,1,1,1,0,0,0,1,-96,0,11,2,2233047,0,44,0,384,0,"[0,0,0,0,0,0,0,0,0,0,0,0,-12,-4,-11,-3,-11,-2,-11,-3,-10,-1,-9,-2,-9,0,-8,0,-7,0,-7,1,-7,1,-6,2,-6,2,-5,3,-4,3,-4,4,-3,4,-2,4,-2,4,-1,5,-1,6,0,6,0,6,1,7,2,7,2,8,0,0,3,8,3,9,4,10,4,9,4,10,4,11,5,11,4,11,4,11,4,11,4,12,3,11,3,12,2,12,2,11,2,12,1,11,1,11,1,11,0,10,-1,10,-1,10,-1,10,-2,10,-3,9,-3,8,0,0,0,0,0,0,0,0,0,0,0,0,0,0,-66,-26,-67,-29,-65,-16,-66,-23,-66,-19,-54,-16,-55,-14,-54,-9,-53,-12,-44,-8,-45,-3,-41,-1,-42,1,-42,4,-34,3,-31,11,-32,16,-24,16,-23,16,-21,18,-17,24,-13,24,-9,25,-7,27,-5,31,0,37,3,37,9,41,7,40,11,48,15,41,15,52,18,54,20,51,18,54,19,60,20,61,24,61,22,65,18,62,20,67,16,70,15,72,16,66,9,64,15,68,5,67,7,70,3,62,3,64,-3,56,0,61,-2,52,-5,57,-12,56,-13,49,-24,46,0,0,0,0,0,0,0,0,0,0,0,0,0,0,0,0,0,0,0,0,0,0,25,66,19,67,17,70,9,73,11,74,2,68,-2,66,-5,69,-6,69,-7,70,-12,67,-12,62,-8,64,-9,60,-14,53,-13,51,-13,54,-11,46,-6,43,-8,39,-7,37,-4,29,0,28,-1,24,-1,24,1,18,7,16,7,21,10,13,12,8,15,10,15,3,17,-1,18,3,20,-2,24,-8,27,-5,23,-15,21,-16,20,-24,23,-23,21,-24,27,-28,19,-35,18,-32,17,-47,20,-36,18,-48,17,-55,20,-59,20,-58,19,-65,22,-65,20,-65,23,-73,25,-75,23,-75,0,0]"
CSI_DATA,147,1a:00:00:00:00:00,-48,11,1,0,1,1,1,0,0,0,1,-96,0,11,2,2243496,0,44,0,384,0,"[0,0,0,0,0,0,0,0,0,0,0,0,-5,-10,-5,-10,-6,-8,-5,-8,-6,-7,-5,-7,-5,-6,-6,-6,-5,-4,-4,-3,-5,-3,-4,-3,-5,-2,-5,-1,-4,1,-5,0,-4,1,-3,1,-3,2,-3,3,-2,4,-2,4,-2,5,-2,6,-2,6,-1,7,0,0,-1,9,-1,8,-1,9,-1,9,-1,9,-1,10,-1,11,-1,11,-1,11,-1,11,-2,11,-2,11,-2,11,-2,11,-3,11,-4,11,-3,10,-3,10,-4,10,-4,9,-4,9,-4,9,-5,8,-5,8,-6,6,-6,5,0,0,0,0,0,0,0,0,0,0,0,0,0,0,-8,-36,-8,-34,-9,-33,-10,-33,-10,-29,-8,-28,-10,-23,-10,-25,-10,-21,-8,-21,-12,-16,-9,-18,-13,-14,-11,-12,-10,-9,-12,-8,-11,-8,-11,-5,-10,-3,-11,1,-10,4,-10,3,-10,7,-9,9,-9,10,-8,11,-8,13,-7,14,-7,20,-7,19,-5,21,-7,25,-7,24,-6,27,-4,26,-8,31,-6,29,-5,31,-8,29,-7,33,-6,34,-9,33,-9,33,-10,34,-11,31,-11,29,-11,32,-12,32,-15,29,-13,25,-13,27,-14,26,-14,26,-16,21,-16,22,-19,21,-19,17,0,0,0,0,0,0,0,0,0,0,0,0,0,0,0,0,0,0,0,0,0,0,-28,25,-29,10,-28,16,-38,7,-32,7,-50,27,-28,-26,-40,23,-42,8,-29,-17,-52,21,-39,14,-23,8,-47,3,-26,10,-38,5,-30,-7,-38,9,-36,2,-7,-8,-35,-6,-36,-8,-5,-1,-12,-9,-19,-6,-41,17,-16,0,-2,3,-7,2,-12,8,3,12,-2,15,-4,13,1,7,3,22,9,24,6,20,9,12,12,7,11,6,15,8,12,1,18,2,19,0,22,0,19,1,25,-2,23,-7,26,-5,25,-7,27,-7,31,-9,35,-9,32,-10,35,-11,38,-13,35,-8,0,0]"
CSI_DATA,148,1a:00:00:00:00:00,-49,11,1,0,1,1,1,0,0,0,1,-96,0,11,2,2253034,0,44,0,384,0,"[0,0,0,0,0,0,0,0,0,0,0,0,3,-11,3,-11,2,-9,2,-9,1,-8,1,-8,0,-7,-1,-7,-1,-6,-2,-5,-2,-4,-3,-3,-2,-4,-2,-2,-3,-2,-3,-1,-3,0,-3,0,-3,2,-3,2,-3,3,-3,4,-3,3,-3,5,-3,6,-3,7,0,0,-3,8,-3,8,-3,10,-3,10,-3,10,-3,11,-3,11,-4,10,-4,12,-4,11,-4,12,-4,11,-4,11,-4,11,-5,11,-5,11,-4,11,-4,10,-5,10,-4,9,-5,9,-5,9,-5,8,-6,8,-7,7,-7,6,0,0,0,0,0,0,0,0,0,0,0,0,0,0,39,-55,38,-56,29,-55,28,-55,24,-55,20,-48,23,-43,17,-47,14,-39,12,-38,1,-38,7,-34,-1,-34,3,-24,0,-25,-4,-24,-10,-19,-12,-16,-16,-11,-12,-9,-16,-2,-11,5,-14,7,-15,12,-17,12,-18,16,-23,24,-17,29,-26,32,-21,37,-23,36,-24,41,-27,39,-29,51,-25,54,-30,53,-26,57,-25,61,-30,60,-34,60,-30,60,-35,57,-37,64,-37,60,-36,57,-36,59,-34,53,-41,53,-32,48,-35,53,-34,53,-32,48,-34,43,-39,42,-46,34,-37,33,-45,28,0,0,0,0,0,0,0,0,0,0,0,0,0,0,0,0,0,0,0,0,0,0,-65,-49,-57,-51,-57,-53,-50,-62,-52,-62,-46,-59,-52,-59,-50,-64,-46,-61,-44,-60,-37,-63,-40,-56,-42,-59,-37,-61,-28,-58,-34,-54,-36,-52,-27,-50,-29,-41,-28,-42,-28,-37,-26,-39,-30,-28,-28,-24,-20,-25,-25,-15,-22,-14,-18,-11,-16,-6,-21,-5,-14,2,-14,4,-16,4,-9,8,-9,16,-4,15,-5,18,1,21,3,19,5,25,4,26,15,26,16,26,18,29,22,27,32,34,35,32,39,24,36,32,46,38,46,40,47,34,54,37,55,36,64,43,56,30,59,36,0,0]"
CSI_DATA,149,1a:00:00:00:00:00,-50,11,1,0,1,1,1,0,0,0,1,-96,0,11,2,2263013,0,44,0,384,0,"[0,0,0,0,0,0,0,0,0,0,0,0,6,-8,6,-8,5,-8,5,-7,3,-7,4,-7,2,-6,2,-6,1,-5,1,-4,1,-4,0,-3,-1,-2,-1,-2,-1,-1,-2,-1,-3,0,-2,0,-2,1,-3,2,-2,3,-3,3,-3,4,-3,5,-3,6,-3,6,0,0,-4,8,-3,8,-4,9,-3,10,-4,10,-4,10,-4,11,-4,10,-4,11,-5,11,-5,11,-5,11,-4,11,-5,10,-5,10,-5,11,-5,10,-5,10,-5,9,-5,9,-5,9,-6,9,-6,8,-6,7,-7,7,-7,6,0,0,0,0,0,0,0,0,0,0,0,0,0,0,56,-46,51,-48,46,-47,39,-40,41,-41,33,-38,29,-39,34,-31,24,-32,24,-34,18,-31,19,-25,13,-24,7,-20,3,-18,-7,-13,-3,-19,-6,-11,-4,-3,-6,1,-12,-1,-12,2,-10,8,-13,14,-15,14,-13,21,-16,27,-17,34,-18,31,-14,39,-17,40,-14,47,-17,50,-18,52,-12,53,-22,58,-26,55,-26,59,-27,63,-24,65,-23,59,-19,67,-23,65,-28,67,-27,60,-21,65,-21,61,-28,61,-29,55,-25,55,-30,53,-23,51,-30,54,-29,46,-29,42,-32,40,-33,34,0,0,0,0,0,0,0,0,0,0,0,0,0,0,0,0,0,0,0,0,0,0,-18,-78,-13,-78,-12,-81,-6,-79,-1,-82,-5,-77,1,-78,4,-76,-1,-78,6,-76,2,-75,2,-73,-3,-75,1,-69,8,-68,3,-63,-2,-70,7,-62,2,-52,2,-54,1,-48,0,-47,-1,-39,-5,-41,-7,-35,-12,-24,-10,-23,-17,-26,-10,-21,-14,-14,-7,-10,-14,-7,-16,-3,-10,1,-14,5,-10,7,-10,13,-11,10,-11,14,-5,22,0,27,7,26,9,32,7,39,11,34,26,35,23,40,22,42,25,42,29,52,34,46,39,47,42,53,40,48,50,51,50,63,43,56,0,0]"
CSI_DATA,150,1a:00:00:00:00:00,-49,11,1,0,1,1,1,0,0,0,1,-96,0,11,2,2273042,0,44,0,384,0,"[0,0,0,0,0,0,0,0,0,0,0,0,-7,8,-6,8,-5,7,-5,7,-4,6,-4,6,-3,5,-2,5,-2,4,-1,3,-1,3,0,2,0,1,0,1,0,0,1,-1,1,-1,1,-2,1,-3,1,-4,1,-4,0,-5,0,-6,0,-7,0,-8,0,-8,0,0,-1,-10,-1,-10,-1,-11,-2,-12,-1,-12,-1,-13,-2,-13,-2,-13,-2,-14,-2,-14,-2,-14,-1,-14,-1,-13,-1,-14,-1,-14,-1,-14,-1,-13,-1,-13,-1,-13,-1,-12,-1,-12,0,-12,0,-12,1,-11,2,-11,2,-10,0,0,0,0,0,0,0,0,0,0,0,0,0,0,30,62,25,59,30,44,34,50,29,44,22,43,28,35,27,35,23,27,23,24,18,21,18,21,21,11,17,12,12,9,16,4,9,2,9,-3,7,-1,-1,-6,0,-9,-4,-16,-10,-11,-15,-9,-18,-16,-22,-14,-26,-15,-32,-15,-32,-17,-36,-15,-42,-23,-47,-19,-44,-20,-50,-20,-54,-18,-50,-28,-59,-22,-59,-25,-56,-26,-63,-23,-59,-27,-62,-25,-59,-25,-64,-24,-58,-25,-62,-30,-54,-30,-64,-22,-58,-24,-52,-26,-53,-30,-51,-29,-53,-23,-48,-26,-45,-27,-45,-30,-35,-36,0,0,0,0,0,0,0,0,0,0,0,0,0,0,0,0,0,0,0,0,0,0,74,22,69,26,71,26,73,33,73,30,71,33,67,31,64,40,67,40,68,32,69,33,63,34,67,32,64,28,55,31,57,35,52,28,54,27,44,19,51,18,46,19,42,13,40,16,37,7,36,6,30,2,27,3,24,-4,20,-3,18,-5,12,-6,9,-10,8,-11,1,-11,1,-17,-1,-16,-6,-14,-12,-8,-15,-7,-21,-4,-21,-6,-24,-4,-32,-2,-35,-3,-31,-1,-46,-2,-43,5,-41,10,-48,15,-54,13,-51,23,-57,23,-63,22,-62,30,-60,33,-64,31,-64,34,0,0]"
CSI_DATA,151,1a:00:00:00:00:00,-50,11,1,0,1,1,1,0,0,0,1,-96,0,11,2,2283137,0,44,0,384,0,"[0,0,0,0,0,0,0,0,0,0,0,0,-5,-11,-5,-10,-5,-9,-4,-9,-5,-8,-4,-6,-4,-6,-3,-5,-4,-4,-3,-3,-3,-3,-3,-2,-3,-1,-2,0,-2,0,-2,1,-1,1,-1,1,1,1,1,2,1,3,2,3,3,3,4,4,4,4,5,4,0,0,6,5,7,5,7,5,8,6,8,5,8,6,9,6,10,7,9,6,10,7,9,8,9,7,9,6,9,6,9,7,9,7,9,6,9,6,8,6,8,6,8,7,8,7,7,7,6,7,5,8,4,7,0,0,0,0,0,0,0,0,0,0,0,0,0,0,-27,-64,-23,-65,-32,-61,-26,-54,-25,-54,-27,-48,-25,-43,-25,-36,-14,-31,-21,-33,-23,-25,-21,-20,-25,-16,-20,-16,-15,-13,-13,-8,-16,-3,-8,-1,-6,3,-5,3,1,10,4,9,3,10,11,13,11,17,12,17,18,20,23,17,24,23,28,24,34,23,39,27,36,23,42,28,45,25,50,32,48,24,50,30,52,29,58,33,56,34,57,33,54,32,56,29,55,33,54,34,52,32,52,32,49,36,48,31,49,32,48,31,47,33,42,34,36,35,31,38,30,41,0,0,0,0,0,0,0,0,0,0,0,0,0,0,0,0,0,0,0,0,0,0,-79,-17,-76,-24,-69,-27,-74,-29,-73,-32,-72,-36,-68,-36,-69,-35,-70,-41,-69,-34,-67,-39,-68,-32,-66,-33,-62,-32,-58,-33,-56,-34,-63,-26,-53,-28,-46,-21,-49,-26,-43,-18,-47,-22,-36,-16,-32,-10,-39,-13,-33,-5,-23,-3,-26,-4,-16,-3,-20,-2,-16,1,-9,7,-7,8,-1,4,-3,9,5,3,3,8,15,6,14,1,16,4,18,2,26,-1,29,-2,27,-2,40,-9,42,-2,38,-13,44,-15,48,-15,48,-15,53,-28,57,-23,60,-26,58,-26,62,-30,65,-36,67,-38,0,0]"
CSI_DATA,152,1a:00:00:00:00:00,-49,11,1,0,1,1,1,0,0,0,1,-96,0,11,2,2303228,0,44,0,384,0,"[0,0,0,0,0,0,0,0,0,0,0,0,-10,-7,-10,-6,-10,-5,-9,-5,-9,-4,-8,-4,-7,-3,-7,-2,-6,-2,-6,-1,-5,-1,-4,0,-4,0,-3,0,-2,1,-2,1,-1,1,0,1,1,1,1,2,2,2,3,2,4,2,5,2,6,2,6,2,0,0,8,2,9,2,10,2,10,2,10,2,11,2,11,2,11,2,12,2,12,3,12,3,12,3,12,3,12,3,12,3,12,3,12,3,11,3,11,3,10,3,10,4,10,4,10,5,9,5,8,6,7,6,0,0,0,0,0,0,0,0,0,0,0,0,0,0,-58,53,-58,46,-57,47,-44,44,-42,44,-41,34,-37,45,-31,41,-30,37,-22,30,-18,34,-14,27,-10,26,-17,27,-8,19,-1,18,1,20,2,14,6,8,6,7,10,4,15,-2,11,-1,11,-5,15,-8,16,-15,18,-21,20,-27,25,-29,19,-34,24,-29,25,-39,25,-37,28,-44,27,-42,29,-50,31,-52,25,-54,31,-51,32,-57,29,-56,39,-53,37,-55,40,-50,37,-56,36,-55,38,-50,38,-50,33,-50,35,-52,33,-47,37,-47,37,-47,42,-41,48,-36,44,-33,43,-27,0,0,0,0,0,0,0,0,0,0,0,0,0,0,0,0,0,0,0,0,0,0,16,75,10,77,13,74,11,82,0,81,2,80,2,72,5,77,-2,74,-2,74,-2,75,1,77,-5,73,-4,72,-6,59,-4,62,1,64,-1,55,-3,57,0,52,5,48,-1,41,1,33,-1,37,-3,37,9,32,-2,24,1,24,4,18,6,11,1,5,8,4,-1,2,4,2,2,-6,-2,-7,3,-13,-8,-14,-1,-16,-7,-21,-15,-21,-12,-27,-14,-34,-23,-27,-22,-32,-28,-42,-29,-39,-33,-32,-37,-36,-36,-43,-39,-50,-47,-47,-53,-48,-53,-51,-57,-56,-58,-63,-51,-61,0,0]"
CSI_DATA,153,1a:00:00:00:00:00,-49,11,1,0,1,1,1,0,0,0,1,-96,0,11,2,2325106,0,44,0,384,0,"[0,0,0,0,0,0,0,0,0,0,0,0,6,10,6,9,6,8,6,8,5,7,5,6,5,5,4,4,4,3,4,2,4,2,3,1,3,0,2,0,2,-1,2,-2,1,-2,0,-2,0,-3,-1,-4,-2,-4,-2,-4,-3,-5,-4,-6,-4,-6,-5,-6,0,0,-6,-7,-7,-7,-8,-8,-8,-8,-8,-8,-9,-9,-9,-9,-9,-9,-10,-10,-10,-10,-10,-10,-9,-10,-9,-10,-9,-10,-9,-10,-9,-10,-9,-10,-8,-10,-8,-10,-8,-10,-7,-11,-7,-10,-6,-10,-6,-11,-4,-11,-3,-10,0,0,0,0,0,0,0,0,0,0,0,0,0,0,73,-22,73,-19,74,-25,62,-21,61,-18,62,-22,54,-25,48,-22,42,-19,37,-21,35,-20,32,-20,23,-23,22,-18,13,-14,14,-18,7,-22,3,-17,2,-16,-2,-13,-4,-9,-11,-10,-13,-5,-14,-4,-21,1,-25,2,-26,4,-32,4,-33,9,-35,12,-36,14,-48,16,-41,14,-51,16,-46,27,-54,23,-53,22,-56,22,-56,26,-57,23,-54,23,-63,22,-66,25,-62,26,-61,21,-58,19,-67,21,-65,16,-62,20,-57,14,-58,15,-61,9,-56,10,-57,5,-53,1,-55,0,-52,-11,0,0,0,0,0,0,0,0,0,0,0,0,0,0,0,0,0,0,0,0,0,0,7,-76,14,-76,15,-74,17,-81,21,-75,20,-72,24,-67,27,-66,23,-71,26,-66,30,-66,26,-61,25,-64,25,-61,32,-60,27,-51,23,-59,22,-43,18,-47,15,-41,17,-38,15,-38,14,-35,11,-32,7,-27,8,-23,2,-22,2,-17,1,-13,-4,-9,-2,-5,-13,0,-4,2,-2,2,-4,9,-5,7,-6,13,-8,13,-8,19,3,24,-10,29,-2,30,0,40,4,37,5,41,4,40,6,44,14,44,13,52,18,54,17,61,30,65,23,66,24,66,28,77,31,75,25,70,0,0]"
CSI_DATA,154,1a:00:00:00:00:00,-49,11,1,0,1,1,1,0,0,0,1,-96,0,11,2,2343029,0,44,0,384,0,"[0,0,0,0,0,0,0,0,0,0,0,0,-4,11,-3,11,-2,10,-2,9,-2,9,-2,8,-1,7,0,7,0,6,0,5,0,5,1,4,1,3,1,2,2,1,2,1,2,0,2,-1,1,-2,2,-3,1,-4,1,-5,1,-5,1,-6,1,-7,1,-8,0,0,0,-9,0,-10,0,-11,0,-12,0,-11,0,-12,0,-13,0,-13,0,-14,0,-14,1,-14,1,-14,1,-13,1,-13,1,-14,1,-14,1,-13,1,-13,1,-13,1,-13,2,-12,2,-12,3,-11,3,-11,4,-10,5,-9,0,0,0,0,0,0,0,0,0,0,0,0,0,0,54,50,55,52,58,46,51,40,51,43,44,40,53,30,46,31,39,25,36,21,36,22,33,18,33,6,32,6,23,11,22,2,23,-3,21,-2,12,-3,11,-5,7,-13,3,-11,-8,-11,-3,-15,-8,-18,-12,-18,-20,-22,-25,-21,-30,-23,-34,-27,-32,-25,-40,-26,-39,-24,-43,-34,-51,-24,-47,-36,-52,-26,-56,-30,-54,-39,-53,-39,-59,-39,-52,-35,-55,-38,-59,-36,-53,-32,-56,-36,-47,-38,-54,-34,-48,-40,-47,-41,-48,-36,-49,-38,-44,-38,-39,-42,-38,-40,-36,-45,-24,-46,0,0,0,0,0,0,0,0,0,0,0,0,0,0,0,0,0,0,0,0,0,0,76,-23,74,-15,74,-18,75,-15,76,-12,73,0,76,-9,72,0,68,-3,75,-2,68,2,62,-5,69,0,59,-4,50,6,63,1,59,-6,55,-3,44,-2,42,3,44,1,38,-1,33,-6,27,-5,22,-5,18,-7,17,-7,13,-10,12,-3,5,-8,5,-9,-5,-8,-3,-5,-6,-4,-7,-6,-17,2,-13,-2,-20,3,-21,3,-25,8,-26,9,-29,10,-33,18,-33,23,-31,23,-37,19,-39,29,-37,37,-48,40,-44,52,-44,44,-50,50,-47,50,-48,55,-55,59,-50,58,-56,62,0,0]"
CSI_DATA,155,1a:00:00:00:00:00,-49,11,1,0,1,1,1,0,0,0,1,-96,0,11,2,2353207,0,44,0,384,0,"[0,0,0,0,0,0,0,0,0,0,0,0,1,11,1,10,2,10,1,9,1,8,1,7,2,7,2,6,2,5,2,4,2,4,2,3,2,2,2,1,2,0,2,0,2,-1,1,-2,1,-2,1,-3,0,-4,0,-5,0,-5,-1,-6,-1,-7,-2,-8,0,0,-2,-9,-3,-10,-3,-10,-3,-11,-3,-11,-3,-12,-4,-12,-4,-12,-4,-13,-4,-13,-3,-13,-3,-13,-3,-13,-3,-13,-2,-13,-3,-13,-3,-13,-2,-13,-2,-13,-2,-12,-1,-12,-1,-12,0,-12,0,-11,2,-11,2,-10,0,0,0,0,0,0,0,0,0,0,0,0,0,0,70,25,67,20,74,9,61,15,63,9,58,11,56,7,52,6,50,0,48,1,43,-4,32,-1,30,-2,33,-3,27,-6,22,-7,19,-9,8,-12,8,-8,7,-12,3,-19,-3,-16,-10,-9,-18,-14,-15,-16,-23,-12,-25,-10,-34,-10,-37,-9,-40,-10,-43,-9,-49,-8,-48,-8,-51,-3,-54,-3,-63,-3,-61,-5,-64,-1,-62,-5,-65,-9,-60,1,-71,-10,-68,-5,-71,-10,-66,-9,-72,-9,-66,-9,-63,-8,-61,-12,-62,-10,-62,-7,-54,-13,-59,-14,-53,-17,-54,-21,-48,-25,-39,-31,0,0,0,0,0,0,0,0,0,0,0,0,0,0,0,0,0,0,0,0,0,0,55,-53,67,-44,64,-46,70,-45,67,-37,68,-33,63,-35,64,-30,70,-32,65,-28,67,-34,64,-26,60,-32,57,-28,57,-26,56,-17,55,-28,49,-24,41,-27,49,-23,38,-18,31,-20,33,-17,25,-16,22,-16,19,-16,11,-12,9,-12,10,-11,3,-9,2,-6,-8,-12,-10,-3,-11,-1,-9,-2,-15,-5,-7,0,-17,7,-15,10,-24,17,-20,22,-14,19,-23,31,-16,33,-20,35,-24,46,-27,50,-22,46,-19,49,-20,61,-24,61,-20,66,-26,75,-19,72,-20,76,-19,83,-19,78,0,0]"
CSI_DATA,156,1a:00:00:00:00:00,-49,11,1,0,1,1,1,0,0,0,1,-96,0,11,2,2363235,0,44,0,384,0,"[0,0,0,0,0,0,0,0,0,0,0,0,-12,-4,-11,-3,-11,-2,-11,-3,-10,-2,-9,-2,-8,-1,-7,0,-7,0,-6,0,-5,0,-4,1,-4,1,-3,1,-2,2,-2,2,-1,2,0,2,1,2,2,2,2,2,3,1,4,1,5,2,6,2,7,1,0,0,8,1,9,1,10,1,10,1,10,1,11,1,12,1,12,1,12,1,12,1,12,2,12,2,12,2,12,2,12,3,12,3,12,3,11,3,11,3,11,3,10,4,10,4,10,4,9,5,8,6,7,6,0,0,0,0,0,0,0,0,0,0,0,0,0,0,-41,61,-40,56,-38,64,-30,56,-35,53,-27,52,-23,50,-28,49,-20,42,-19,46,-10,36,-11,34,-1,36,-5,30,-1,25,-2,25,1,22,3,19,8,9,5,7,12,-1,13,4,17,-6,15,-5,14,-9,20,-16,20,-14,21,-20,21,-30,22,-34,24,-33,26,-40,22,-36,27,-44,19,-46,32,-43,32,-54,34,-48,43,-50,35,-54,37,-56,39,-53,40,-55,42,-55,39,-52,39,-49,42,-50,40,-45,41,-47,37,-45,39,-41,38,-44,40,-42,45,-32,44,-31,44,-26,45,-25,0,0,0,0,0,0,0,0,0,0,0,0,0,0,0,0,0,0,0,0,0,0,55,51,51,54,51,55,46,61,38,65,42,60,39,57,33,58,37,62,37,60,28,63,30,55,32,58,27,60,26,58,20,54,30,52,17,47,18,45,18,35,11,40,16,35,12,27,8,29,14,20,21,21,9,16,15,13,10,9,14,7,8,-2,10,-4,5,-3,1,-7,0,-11,-1,-14,-1,-15,-9,-16,-9,-14,-11,-22,-21,-27,-18,-21,-28,-23,-29,-26,-36,-28,-29,-23,-37,-24,-44,-23,-43,-29,-49,-24,-59,-36,-56,-30,-65,-35,-60,-31,-65,-41,-73,-39,-61,-36,0,0]"
CSI_DATA,157,1a:00:00:00:00:00,-49,11,1,0,1,1,1,0,0,0,1,-96,0,11,2,2373969,0,44,0,384,0,"[0,0,0,0,0,0,0,0,0,0,0,0,0,-12,-1,-12,0,-11,0,-10,-1,-9,-1,-9,-1,-8,-2,-7,-2,-6,-2,-6,-2,-5,-3,-5,-3,-3,-3,-3,-3,-2,-3,-1,-3,0,-3,0,-2,1,-2,1,-2,2,-2,3,-2,4,-2,5,-2,6,-2,6,0,0,-1,8,-1,9,-1,9,-1,10,-1,10,-1,11,-1,11,-1,11,-1,11,-2,12,-1,12,-2,12,-2,11,-2,11,-3,11,-3,11,-3,11,-3,11,-3,11,-3,10,-4,10,-4,9,-4,9,-5,9,-5,8,-6,7,0,0,0,0,0,0,0,0,0,0,0,0,0,0,13,-80,8,-73,6,-78,9,-70,0,-70,3,-62,-4,-52,-4,-59,-3,-50,-3,-47,-3,-46,-12,-38,-12,-34,-9,-27,-7,-26,-8,-21,-15,-12,-12,-11,-13,-7,-10,-4,-15,2,-9,5,-10,7,-7,13,-8,20,-10,16,-8,19,-6,26,-9,33,-2,41,1,42,-1,51,-5,44,-1,56,2,56,4,56,4,65,-2,59,3,66,-1,66,0,65,0,73,0,66,6,71,-4,66,-3,68,-5,68,-2,63,-6,62,-3,55,-6,62,-7,57,-10,59,-19,52,-18,56,-22,47,-26,46,0,0,0,0,0,0,0,0,0,0,0,0,0,0,0,0,0,0,0,0,0,0,-69,-34,-64,-41,-64,-44,-60,-49,-59,-52,-59,-54,-56,-53,-55,-54,-53,-57,-53,-52,-53,-55,-52,-48,-48,-50,-43,-50,-42,-51,-41,-45,-42,-47,-34,-40,-34,-41,-36,-37,-36,-28,-33,-27,-27,-27,-24,-15,-23,-14,-23,-14,-17,-6,-14,-14,-14,-9,-13,2,-13,0,-8,3,-7,4,-8,5,-1,5,5,10,2,10,9,13,11,16,21,10,25,14,27,14,31,15,38,10,39,9,35,8,47,13,52,5,55,5,61,4,63,4,70,-1,73,8,72,2,78,5,80,5,75,10,0,0]"
CSI_DATA,158,1a:00:00:00:00:00,-49,11,1,0,1,1,1,0,0,0,1,-96,0,11,2,2383032,0,44,0,384,0,"[0,0,0,0,0,0,0,0,0,0,0,0,12,-3,11,-3,10,-3,9,-3,8,-3,7,-3,6,-4,6,-4,5,-4,4,-3,3,-4,3,-4,2,-3,1,-3,0,-3,-1,-3,-1,-3,-2,-2,-3,-2,-3,-1,-4,-1,-5,0,-5,0,-6,0,-7,1,-7,1,0,0,-9,2,-9,2,-10,3,-10,3,-11,3,-11,4,-12,4,-12,4,-12,4,-12,4,-13,4,-13,3,-13,3,-13,3,-13,3,-13,3,-13,3,-12,3,-12,3,-12,2,-12,2,-12,1,-12,0,-12,0,-11,-1,-10,-2,0,0,0,0,0,0,0,0,0,0,0,0,0,0,24,-74,19,-76,18,-65,20,-67,22,-71,15,-60,10,-57,9,-61,12,-47,6,-48,2,-46,-3,-39,1,-36,1,-31,-10,-26,-13,-24,-11,-19,-7,-15,-14,-10,-10,-4,-10,-2,-14,0,-14,4,-10,10,-11,11,-16,19,-14,22,-14,30,-12,36,-11,38,-16,33,-11,45,-15,48,-13,52,-12,51,-16,51,-16,56,-10,63,-16,59,-16,62,-17,61,-20,65,-23,66,-19,66,-18,64,-21,69,-25,56,-25,62,-23,57,-23,56,-29,58,-33,53,-30,47,-29,51,-34,43,-32,43,-38,37,0,0,0,0,0,0,0,0,0,0,0,0,0,0,0,0,0,0,0,0,0,0,-71,-36,-64,-43,-62,-48,-63,-47,-61,-52,-56,-47,-53,-47,-53,-54,-52,-53,-52,-55,-47,-57,-50,-55,-51,-47,-46,-55,-37,-47,-41,-47,-45,-45,-39,-47,-33,-38,-24,-40,-24,-36,-29,-32,-32,-27,-22,-22,-20,-20,-22,-14,-16,-13,-16,-3,-15,-5,-11,-4,-13,2,-5,2,-7,3,-7,9,0,10,3,11,4,12,8,13,13,11,14,14,17,16,24,16,28,19,29,17,35,10,37,15,42,22,51,13,47,16,58,18,56,16,68,16,68,22,73,11,73,17,76,17,73,20,0,0]"
CSI_DATA,159,1a:00:00:00:00:00,-49,11,1,0,1,1,1,0,0,0,1,-96,0,11,2,2393567,0,44,0,384,0,"[0,0,0,0,0,0,0,0,0,0,0,0,-12,1,-11,1,-11,2,-10,1,-9,1,-8,2,-7,2,-6,2,-6,2,-5,2,-4,2,-3,2,-3,2,-2,2,-1,2,0,2,0,1,1,1,2,1,2,0,3,0,4,0,4,-1,5,-1,6,-2,6,-2,0,0,8,-3,8,-3,9,-4,9,-4,10,-4,10,-4,11,-4,11,-4,11,-5,11,-4,12,-4,12,-4,12,-4,12,-4,12,-3,12,-4,12,-3,11,-3,11,-3,11,-3,11,-2,11,-2,11,-1,11,0,10,1,9,1,0,0,0,0,0,0,0,0,0,0,0,0,0,0,-14,77,-13,79,-4,74,-7,62,-4,68,-4,56,-1,54,-4,50,-1,48,0,45,6,38,8,37,11,32,15,27,6,24,10,23,17,18,12,6,13,8,13,5,9,-2,12,-8,4,-10,6,-14,6,-20,2,-25,1,-27,0,-27,3,-40,4,-39,-2,-41,-7,-46,-1,-48,-5,-53,-8,-58,-4,-64,-11,-61,-7,-63,-12,-64,-15,-59,-7,-66,-4,-66,4,-65,-1,-69,-4,-65,-5,-70,-5,-66,-6,-63,-2,-67,-6,-65,-8,-64,-6,-58,3,-60,6,-53,17,-57,13,-53,20,-47,0,0,0,0,0,0,0,0,0,0,0,0,0,0,0,0,0,0,0,0,0,0,63,40,61,48,60,55,58,49,58,57,56,58,54,53,52,55,55,51,45,55,46,61,49,53,43,57,40,57,38,51,45,46,41,43,37,46,29,40,27,30,41,33,33,33,26,24,22,24,25,20,21,16,22,13,16,8,14,5,14,5,16,-3,10,0,10,-5,1,-11,1,-14,-4,-11,-3,-17,-10,-18,-14,-14,-14,-11,-19,-13,-27,-15,-32,-9,-37,-13,-38,-8,-35,-9,-47,-11,-52,-7,-59,-8,-56,-13,-59,-14,-67,-15,-72,-7,-74,-16,-79,-14,-72,-6,-78,-5,0,0]"
CSI_DATA,160,1a:00:00:00:00:00,-49,11,1,0,1,1,1,0,0,0,1,-96,0,11,2,2413058,0,44,0,384,0,"[0,0,0,0,0,0,0,0,0,0,0,0,-8,8,-7,7,-5,7,-6,6,-5,6,-4,5,-3,5,-2,4,-2,4,-1,3,-1,3,0,2,0,2,1,1,1,1,1,0,2,-1,1,-1,2,-2,2,-2,2,-3,3,-4,3,-5,3,-6,3,-6,3,-7,0,0,3,-9,4,-10,3,-10,4,-11,4,-10,4,-11,4,-12,4,-12,4,-13,4,-12,5,-12,6,-12,6,-12,4,-12,5,-12,4,-11,4,-11,4,-11,4,-11,4,-11,5,-11,5,-9,5,-9,6,-8,7,-7,6,-7,0,0,0,0,0,0,0,0,0,0,0,0,0,0,-40,51,-47,49,-37,54,-26,50,-33,46,-28,41,-27,42,-20,37,-19,34,-18,30,-10,28,-11,28,-10,28,-2,17,2,15,-2,16,2,14,5,12,7,5,10,3,13,-2,15,-7,11,-8,13,-11,15,-16,19,-21,20,-28,17,-28,18,-36,16,-38,15,-42,17,-47,18,-43,13,-56,12,-62,26,-61,23,-66,23,-71,24,-64,17,-66,20,-65,21,-70,28,-64,25,-64,25,-62,28,-65,21,-61,28,-67,25,-60,24,-56,25,-58,24,-54,30,-51,33,-52,35,-46,36,-42,31,-39,0,0,0,0,0,0,0,0,0,0,0,0,0,0,0,0,0,0,0,0,0,0,41,63,31,74,28,72,28,77,27,77,22,74,19,74,20,71,23,75,18,72,15,76,16,68,18,75,15,69,13,64,9,63,17,59,11,52,14,57,13,49,15,47,12,48,9,39,13,36,10,35,13,27,10,22,14,22,16,18,16,15,11,7,10,6,12,3,10,-2,11,-4,6,-10,5,-10,0,-14,1,-15,-2,-17,-9,-15,-15,-23,-15,-24,-21,-29,-23,-29,-39,-35,-35,-31,-33,-33,-41,-39,-42,-39,-42,-39,-51,-34,-54,-42,-49,-42,-51,-40,-58,-44,-65,-45,0,0]"
CSI_DATA,161,1a:00:00:00:00:00,-48,11,1,0,1,1,1,0,0,0,1,-96,0,11,2,2433042,0,44,0,384,0,"[0,0,0,0,0,0,0,0,0,0,0,0,-8,-7,-8,-7,-9,-7,-8,-6,-7,-5,-6,-5,-6,-3,-6,-2,-6,-3,-6,-1,-6,-1,-5,0,-4,0,-4,1,-3,1,-3,3,-3,3,-1,4,-1,4,0,4,0,5,1,5,1,6,2,7,3,7,3,7,0,0,4,9,4,9,5,10,5,9,5,10,5,11,5,11,5,11,6,11,5,12,5,12,5,12,4,13,5,12,4,12,4,12,4,12,3,11,3,11,3,11,2,11,2,11,1,11,0,10,-1,9,-2,9,0,0,0,0,0,0,0,0,0,0,0,0,0,0,-31,-60,-30,-59,-42,-52,-30,-51,-31,-45,-32,-46,-35,-42,-35,-33,-31,-27,-27,-32,-31,-20,-27,-18,-27,-17,-20,-13,-22,-11,-23,-4,-23,0,-17,4,-20,11,-15,11,-13,19,-10,17,-7,20,-6,28,-4,26,-1,34,4,40,11,40,5,43,12,48,12,49,13,54,10,51,21,58,20,58,18,64,17,64,15,63,14,63,12,71,17,70,15,70,19,69,16,70,12,71,9,69,7,67,11,69,8,65,1,65,-2,62,-3,62,1,57,-8,59,-6,59,-12,52,-19,50,0,0,0,0,0,0,0,0,0,0,0,0,0,0,0,0,0,0,0,0,0,0,-56,49,-60,46,-59,34,-71,37,-65,30,-71,27,-66,27,-73,20,-71,23,-64,24,-64,18,-63,23,-64,24,-60,19,-59,14,-57,14,-56,15,-53,7,-46,12,-46,9,-35,7,-40,12,-35,13,-26,15,-29,17,-26,18,-17,12,-19,13,-15,13,-8,17,-10,10,-1,15,5,10,8,8,9,9,13,14,10,6,15,9,19,3,25,2,26,-1,25,-3,38,-7,32,-8,37,-9,39,-14,43,-12,45,-19,46,-25,45,-25,53,-29,47,-35,65,-32,49,-29,53,-38,62,-39,57,-34,0,0]"
CSI_DATA,162,1a:00:00:00:00:00,-46,11,1,0,1,1,1,0,0,0,1,-96,0,11,2,2463745,0,44,0,384,0,"[0,0,0,0,0,0,0,0,0,0,0,0,5,10,5,9,5,8,5,8,5,7,4,6,5,5,5,4,4,4,5,3,5,2,5,2,5,1,5,0,5,0,5,-1,5,-2,5,-3,4,-4,5,-4,4,-5,5,-5,4,-6,5,-7,5,-8,5,-8,0,0,5,-9,5,-10,5,-11,5,-11,6,-10,6,-11,6,-11,6,-11,7,-11,7,-10,8,-11,7,-10,7,-10,8,-10,8,-9,8,-9,8,-9,8,-8,8,-7,8,-7,8,-6,8,-6,8,-6,8,-5,9,-3,8,-2,0,0,0,0,0,0,0,0,0,0,0,0,0,0,28,64,23,60,33,59,24,62,30,57,23,50,28,45,24,40,28,37,26,38,26,33,26,25,26,27,29,23,29,15,30,13,30,8,33,6,31,0,25,-4,30,-9,27,-10,28,-13,29,-17,25,-17,31,-27,29,-30,26,-37,30,-37,27,-44,32,-45,33,-47,32,-47,34,-51,33,-54,37,-58,38,-52,40,-56,40,-56,43,-54,44,-57,43,-56,44,-53,47,-54,44,-49,46,-51,52,-44,52,-46,50,-36,48,-40,52,-34,50,-33,46,-30,52,-24,49,-23,45,-19,47,-10,0,0,0,0,0,0,0,0,0,0,0,0,0,0,0,0,0,0,0,0,0,0,21,-66,23,-63,24,-63,32,-59,38,-59,34,-56,40,-49,43,-50,42,-52,41,-51,44,-47,37,-47,36,-48,44,-43,38,-33,34,-37,33,-36,34,-32,33,-31,31,-28,27,-27,22,-31,22,-27,14,-23,14,-22,11,-23,5,-18,5,-26,1,-16,-3,-19,-4,-17,-10,-13,-12,-17,-14,-15,-17,-13,-19,-8,-21,-11,-24,-4,-25,-5,-32,-1,-33,0,-31,4,-37,6,-38,12,-42,12,-36,14,-44,14,-47,17,-54,18,-55,23,-58,33,-61,37,-68,28,-66,35,-65,36,-69,36,-70,34,0,0]"
CSI_DATA,163,1a:00:00:00:00:00,-46,11,1,0,1,1,1,0,0,0,1,-96,0,11,2,2473108,0,44,0,384,0,"[0,0,0,0,0,0,0,0,0,0,0,0,-12,-2,-12,-2,-10,-1,-10,-1,-10,-1,-9,0,-8,1,-8,1,-7,1,-6,2,-6,2,-5,3,-5,3,-4,3,-4,3,-3,4,-3,4,-2,4,-1,5,-1,5,0,5,1,6,1,6,2,7,2,7,3,7,0,0,4,8,4,9,5,9,5,9,5,10,5,10,5,11,5,11,5,10,4,11,4,11,3,12,3,11,3,12,2,11,2,11,1,11,2,10,1,10,1,9,0,10,-1,10,-1,9,-2,9,-3,8,-3,7,0,0,0,0,0,0,0,0,0,0,0,0,0,0,-69,-20,-70,-21,-69,-15,-60,-13,-57,-14,-57,-12,-52,-11,-51,-10,-49,-6,-45,0,-44,-1,-38,3,-38,7,-33,10,-31,11,-27,13,-26,19,-20,15,-16,22,-16,19,-12,27,-9,25,2,26,-1,30,1,33,7,33,7,35,11,39,15,41,18,46,18,43,27,46,25,47,25,52,25,46,29,53,33,55,31,54,32,62,24,59,27,59,25,65,23,62,28,64,20,59,20,62,14,64,15,61,13,58,11,54,10,56,8,54,5,51,-2,51,-3,47,-8,42,-16,43,0,0,0,0,0,0,0,0,0,0,0,0,0,0,0,0,0,0,0,0,0,0,27,64,17,68,16,69,9,72,9,69,5,70,3,67,-1,67,-1,67,-1,60,-9,65,-6,63,-6,61,-7,62,-6,58,-6,51,-4,53,-8,49,-3,47,-6,47,1,40,0,36,2,33,0,34,4,34,6,26,13,22,6,19,10,17,18,16,12,10,17,11,17,4,19,0,22,-1,19,-3,17,-7,21,-13,20,-15,19,-20,21,-23,16,-27,23,-30,18,-34,15,-35,19,-47,19,-47,13,-47,13,-52,14,-56,14,-56,16,-60,17,-64,17,-68,19,-74,16,-79,20,-74,0,0]"
CSI_DATA,164,1a:00:00:00:00:00,-46,11,1,0,1,1,1,0,0,0,1,-96,0,11,2,2483056,0,44,0,384,0,"[0,0,0,0,0,0,0,0,0,0,0,0,-12,4,-11,5,-10,5,-10,4,-9,4,-8,4,-7,4,-7,5,-6,4,-5,4,-5,4,-4,5,-4,4,-2,5,-2,5,-1,5,0,4,1,4,1,5,2,5,2,5,3,5,4,4,4,5,6,5,6,5,0,0,7,5,8,6,9,6,9,5,8,6,9,6,10,7,9,7,9,7,9,7,9,7,8,8,8,8,8,8,7,8,8,9,6,8,6,8,6,8,5,8,4,8,4,8,3,9,2,8,1,8,0,8,0,0,0,0,0,0,0,0,0,0,0,0,0,0,-69,26,-65,28,-66,30,-54,30,-56,26,-48,30,-48,26,-48,26,-43,25,-39,28,-33,27,-29,28,-25,28,-21,31,-22,24,-16,29,-11,28,-14,27,-5,27,-4,23,5,25,6,28,11,25,15,25,17,26,25,28,27,24,28,22,31,22,40,25,39,22,43,26,44,26,49,25,50,25,54,29,53,29,58,29,53,36,52,34,53,38,49,37,54,40,53,40,51,42,48,42,41,44,43,41,40,41,37,42,38,42,30,43,30,44,26,45,19,44,17,44,6,45,0,0,0,0,0,0,0,0,0,0,0,0,0,0,0,0,0,0,0,0,0,0,69,27,65,36,61,36,66,46,56,47,52,46,51,45,48,52,49,49,45,50,41,54,41,47,46,51,42,50,36,49,33,50,37,43,28,43,29,39,30,38,25,34,24,33,21,28,26,20,19,24,19,13,19,12,20,13,20,6,21,7,15,-3,15,-4,15,-5,11,-9,15,-11,8,-14,6,-15,6,-18,2,-23,2,-26,0,-33,-4,-32,-9,-36,-10,-39,-13,-37,-22,-43,-22,-41,-21,-45,-24,-49,-23,-53,-26,-55,-31,-59,-34,-60,-32,-62,-36,-67,-39,-73,-33,-68,0,0]"
CSI_DATA,165,1a:00:00:00:00:00,-46,11,1,0,1,1,1,0,0,0,1,-96,0,11,2,2503052,0,44,0,384,0,"[0,0,0,0,0,0,0,0,0,0,0,0,2,-11,1,-11,0,-11,0,-10,-1,-9,-1,-8,-1,-7,-1,-7,-2,-7,-2,-6,-2,-6,-4,-5,-4,-4,-4,-3,-4,-3,-5,-3,-5,-2,-5,-1,-5,-1,-6,0,-6,0,-7,1,-7,1,-7,2,-8,2,-8,3,0,0,-9,4,-10,4,-10,4,-10,4,-10,5,-11,5,-11,5,-11,5,-12,5,-12,4,-12,4,-12,3,-12,3,-11,3,-12,2,-12,2,-11,2,-11,1,-11,1,-11,1,-10,0,-10,-1,-10,-1,-9,-2,-9,-3,-8,-3,0,0,0,0,0,0,0,0,0,0,0,0,0,0,24,-67,21,-63,19,-66,19,-63,16,-59,17,-54,13,-49,12,-56,9,-42,9,-44,2,-42,-1,-37,-4,-32,-7,-35,-7,-32,-15,-24,-11,-23,-16,-21,-14,-16,-22,-11,-22,-13,-24,-6,-25,1,-32,-3,-26,3,-30,7,-35,4,-42,10,-38,13,-45,15,-45,20,-52,17,-47,19,-54,19,-53,21,-57,24,-59,27,-58,24,-63,18,-64,21,-59,20,-65,18,-65,15,-67,19,-63,12,-62,13,-64,13,-58,8,-60,11,-57,4,-55,6,-57,4,-53,1,-50,-6,-50,-9,-50,-9,-42,-20,0,0,0,0,0,0,0,0,0,0,0,0,0,0,0,0,0,0,0,0,0,0,-70,23,-76,16,-73,12,-78,10,-75,-1,-77,2,-71,2,-76,0,-77,1,-74,-1,-74,-7,-68,-3,-70,-7,-72,-10,-64,-13,-60,-10,-62,-11,-54,-11,-52,-10,-49,-13,-48,-11,-46,-8,-45,-7,-39,-8,-37,-10,-32,-2,-33,-3,-23,1,-24,3,-17,0,-17,5,-13,8,-11,11,-6,9,-5,11,-3,14,3,13,0,10,7,10,11,17,15,11,20,18,22,12,29,7,29,13,42,13,41,12,44,13,45,16,50,14,54,17,57,14,61,20,62,17,64,15,73,14,65,19,0,0]"
CSI_DATA,166,1a:00:00:00:00:00,-46,11,1,0,1,1,1,0,0,0,1,-96,0,11,2,2513167,0,44,0,384,0,"[0,0,0,0,0,0,0,0,0,0,0,0,-11,4,-10,4,-9,5,-9,4,-8,4,-7,4,-7,5,-6,4,-5,5,-5,4,-4,5,-3,4,-3,4,-2,4,-1,4,-1,5,1,4,1,5,2,4,3,4,3,4,4,4,5,4,6,4,6,5,7,4,0,0,8,4,9,5,9,5,10,5,9,6,10,6,10,6,10,6,10,6,10,6,10,7,9,7,8,7,8,7,8,7,8,7,7,8,7,7,7,7,6,7,6,7,5,8,4,8,3,7,3,8,2,7,0,0,0,0,0,0,0,0,0,0,0,0,0,0,-62,33,-64,32,-61,36,-58,28,-51,32,-49,28,-47,32,-45,29,-38,30,-31,26,-28,30,-27,26,-27,27,-17,28,-16,25,-10,30,-11,31,-5,26,-3,23,3,27,9,26,10,25,13,21,23,23,20,25,29,24,26,21,37,26,37,22,39,22,44,21,45,26,49,24,55,28,52,23,57,30,57,29,55,29,57,30,56,32,57,30,58,38,55,34,55,34,54,41,51,37,50,41,47,41,47,33,37,40,39,38,38,38,32,38,29,41,26,41,21,43,11,42,0,0,0,0,0,0,0,0,0,0,0,0,0,0,0,0,0,0,0,0,0,0,70,23,65,31,67,33,65,39,59,41,53,46,54,45,53,49,56,50,52,47,47,49,48,49,49,46,46,51,40,51,36,48,36,48,29,46,32,41,31,39,28,37,30,38,28,30,24,28,23,24,22,17,20,19,22,14,17,16,19,7,13,6,13,3,11,-3,9,-7,11,-6,8,-13,5,-11,0,-15,0,-18,-3,-20,-8,-25,-8,-27,-10,-28,-12,-32,-21,-31,-22,-40,-23,-38,-27,-40,-27,-43,-28,-47,-36,-52,-39,-50,-39,-61,-35,-52,-38,-61,-42,-66,-39,-63,0,0]"
CSI_DATA,167,1a:00:00:00:00:00,-46,11,1,0,1,1,1,0,0,0,1,-96,0,11,2,2523027,0,44,0,384,0,"[0,0,0,0,0,0,0,0,0,0,0,0,11,-3,10,-3,9,-4,9,-3,9,-4,7,-4,7,-5,6,-4,5,-5,5,-5,4,-5,3,-5,3,-5,2,-5,1,-6,1,-6,0,-5,-1,-6,-1,-6,-2,-6,-2,-6,-4,-6,-4,-7,-5,-7,-5,-7,-6,-8,0,0,-7,-8,-7,-9,-7,-9,-8,-9,-8,-9,-8,-10,-8,-10,-7,-10,-8,-11,-8,-10,-7,-11,-7,-11,-6,-11,-6,-11,-5,-11,-5,-11,-5,-11,-4,-10,-4,-10,-3,-10,-3,-10,-2,-10,-1,-10,-1,-10,0,-9,1,-8,0,0,0,0,0,0,0,0,0,0,0,0,0,0,68,-12,69,-13,67,-11,61,-13,65,-17,53,-9,55,-15,51,-17,49,-16,42,-17,40,-16,31,-17,31,-24,28,-27,27,-20,20,-23,17,-27,11,-25,8,-21,8,-25,7,-32,-2,-28,-1,-24,-11,-34,-9,-27,-15,-35,-21,-32,-25,-32,-26,-32,-36,-36,-31,-37,-36,-41,-38,-40,-41,-42,-44,-44,-41,-47,-43,-51,-43,-50,-42,-52,-43,-54,-42,-55,-40,-54,-39,-58,-39,-59,-37,-53,-33,-61,-25,-53,-30,-55,-28,-49,-24,-52,-25,-53,-14,-52,-16,-49,-10,-54,-8,-51,-4,-50,2,-44,0,0,0,0,0,0,0,0,0,0,0,0,0,0,0,0,0,0,0,0,0,0,-64,-44,-50,-46,-55,-52,-49,-54,-49,-57,-44,-53,-43,-58,-40,-60,-41,-61,-40,-62,-30,-63,-31,-59,-35,-62,-26,-63,-22,-51,-23,-53,-25,-53,-20,-49,-17,-45,-16,-43,-19,-40,-17,-37,-20,-38,-19,-33,-14,-27,-19,-24,-16,-22,-15,-12,-13,-15,-17,-13,-14,-4,-16,-7,-13,0,-11,3,-11,4,-8,8,-12,11,-9,16,-5,20,-9,24,-6,22,-3,27,0,31,2,37,4,33,1,40,4,43,14,43,10,55,13,57,18,54,20,59,18,65,15,63,16,71,16,71,16,68,0,0]"
CSI_DATA,168,1a:00:00:00:00:00,-46,11,1,0,1,1,1,0,0,0,1,-96,0,11,2,2533547,0,44,0,384,0,"[0,0,0,0,0,0,0,0,0,0,0,0,-12,4,-10,4,-10,5,-10,4,-9,4,-8,4,-7,5,-7,4,-6,4,-5,4,-5,5,-4,5,-3,4,-3,5,-2,4,-1,5,0,5,0,5,1,5,2,5,2,5,4,5,4,6,5,5,5,6,6,6,0,0,6,6,7,7,8,7,8,7,8,7,8,8,8,8,8,8,8,8,8,9,8,9,7,10,7,10,6,10,6,10,6,9,5,9,5,8,4,9,4,8,3,9,2,9,1,9,1,9,0,8,-1,7,0,0,0,0,0,0,0,0,0,0,0,0,0,0,-68,33,-66,31,-60,30,-58,26,-58,31,-54,25,-49,30,-48,28,-37,26,-39,29,-32,28,-31,26,-25,30,-25,30,-23,27,-16,31,-10,31,-6,27,-8,25,2,29,1,32,6,30,13,27,13,24,18,28,24,27,23,28,31,30,34,34,38,29,33,31,40,33,42,41,43,36,49,35,49,42,49,40,54,36,46,41,46,41,46,43,43,52,47,49,40,50,41,52,41,52,35,49,32,53,29,48,30,47,27,47,25,49,20,50,16,49,7,50,4,46,0,43,0,0,0,0,0,0,0,0,0,0,0,0,0,0,0,0,0,0,0,0,0,0,69,4,67,12,73,19,70,22,67,28,64,31,59,29,60,33,61,34,57,35,55,41,53,38,55,42,53,38,49,41,44,33,48,34,39,36,41,31,39,33,37,29,31,27,26,21,27,20,20,19,25,17,16,10,18,7,20,8,21,5,10,3,18,-3,11,-9,11,-11,6,-14,9,-19,2,-14,1,-19,-4,-22,-3,-21,-3,-28,-10,-26,-11,-28,-10,-29,-20,-33,-16,-35,-24,-37,-27,-39,-30,-44,-32,-44,-35,-50,-42,-51,-38,-57,-44,-60,-39,-60,-40,-72,-39,-64,0,0]"
CSI_DATA,169,1a:00:00:00:00:00,-45,11,1,0,1,1,1,0,0,0,1,-96,0,11,2,2543828,0,44,0,384,0,"[0,0,0,0,0,0,0,0,0,0,0,0,6,-11,5,-11,5,-10,4,-9,4,-9,3,-9,3,-8,1,-8,2,-8,1,-7,0,-7,-1,-6,-1,-6,-2,-6,-2,-5,-3,-6,-4,-5,-4,-5,-5,-4,-5,-4,-6,-3,-7,-3,-7,-3,-8,-3,-8,-3,-9,-2,0,0,-10,-2,-11,-2,-11,-2,-12,-2,-11,-2,-12,-2,-12,-3,-12,-3,-13,-3,-12,-3,-13,-4,-12,-5,-12,-5,-11,-5,-11,-5,-12,-5,-11,-6,-10,-5,-10,-6,-9,-5,-9,-6,-8,-6,-7,-7,-7,-7,-6,-7,-5,-7,0,0,0,0,0,0,0,0,0,0,0,0,0,0,44,-54,51,-60,42,-55,40,-54,43,-52,38,-51,36,-49,32,-42,27,-44,25,-42,19,-40,15,-36,14,-34,9,-39,7,-35,-3,-34,2,-33,-7,-31,-3,-28,-14,-27,-15,-25,-18,-27,-20,-19,-25,-24,-26,-18,-31,-21,-37,-22,-42,-17,-43,-16,-40,-13,-46,-12,-52,-11,-52,-12,-60,-13,-60,-10,-59,-16,-62,-16,-58,-16,-63,-22,-66,-20,-65,-19,-65,-24,-61,-24,-64,-28,-56,-27,-64,-28,-54,-27,-56,-33,-51,-30,-46,-30,-51,-34,-47,-31,-43,-36,-39,-38,-36,-37,-28,-43,-22,-39,0,0,0,0,0,0,0,0,0,0,0,0,0,0,0,0,0,0,0,0,0,0,-72,16,-70,8,-72,3,-77,0,-77,-9,-68,-12,-66,-11,-67,-20,-70,-15,-67,-17,-66,-20,-62,-20,-64,-23,-59,-23,-53,-25,-53,-28,-52,-18,-48,-20,-47,-19,-47,-23,-38,-18,-41,-15,-39,-14,-34,-12,-28,-13,-29,-5,-26,-7,-26,0,-18,-6,-16,3,-12,2,-14,6,-7,10,-6,10,-3,14,-1,17,5,15,6,18,6,17,11,19,15,21,21,20,23,18,24,28,32,23,32,22,36,24,43,30,44,30,48,36,52,35,57,34,55,39,54,39,67,41,58,41,63,51,0,0]"
CSI_DATA,170,1a:00:00:00:00:00,-46,11,1,0,1,1,1,0,0,0,1,-96,0,11,2,2553022,0,44,0,384,0,"[0,0,0,0,0,0,0,0,0,0,0,0,-11,4,-10,4,-10,4,-10,4,-9,4,-8,4,-7,5,-6,5,-6,5,-5,4,-5,4,-4,5,-3,5,-3,4,-2,5,-1,5,0,5,1,5,1,5,2,5,2,5,3,5,3,5,4,5,5,6,6,5,0,0,7,6,7,6,7,6,8,6,8,6,8,7,8,7,8,8,9,7,8,8,8,8,7,9,6,8,7,8,6,8,6,9,5,9,5,8,4,8,5,8,4,8,3,8,2,8,1,8,0,8,0,7,0,0,0,0,0,0,0,0,0,0,0,0,0,0,-73,8,-73,16,-67,13,-62,18,-58,21,-55,10,-57,17,-50,14,-51,21,-38,19,-38,26,-36,24,-32,23,-30,19,-24,24,-19,25,-19,30,-10,27,-7,27,-7,32,-2,27,-2,26,4,26,10,35,15,27,18,32,21,27,23,30,26,33,31,37,31,32,37,33,38,38,44,35,47,37,47,43,44,39,48,44,46,45,44,41,43,48,44,48,38,47,37,52,43,48,34,51,30,51,34,54,30,45,28,47,26,43,24,50,17,52,12,49,8,52,7,48,1,40,0,0,0,0,0,0,0,0,0,0,0,0,0,0,0,0,0,0,0,0,0,0,58,41,53,45,54,52,52,54,45,56,42,55,42,58,39,58,38,61,34,57,30,60,32,54,28,59,30,60,22,51,23,48,25,46,25,48,20,43,24,40,18,46,19,39,20,34,17,33,18,26,14,22,18,19,17,16,13,9,15,9,13,7,14,0,12,-3,10,-4,12,-8,10,-13,8,-16,6,-15,8,-19,6,-25,-2,-24,-2,-34,-2,-35,-5,-38,-6,-37,-13,-48,-12,-43,-13,-42,-16,-53,-15,-61,-16,-60,-21,-62,-16,-62,-25,-64,-19,-70,-21,-75,-19,-81,0,0]"
CSI_DATA,171,1a:00:00:00:00:00,-46,11,1,0,1,1,1,0,0,0,1,-96,0,11,2,2563515,0,44,0,384,0,"[0,0,0,0,0,0,0,0,0,0,0,0,5,-12,4,-11,2,-12,2,-11,2,-10,2,-9,1,-9,1,-9,0,-8,-1,-8,-1,-7,-2,-7,-2,-6,-3,-6,-3,-5,-4,-5,-5,-4,-5,-4,-5,-3,-6,-3,-6,-3,-7,-2,-8,-2,-8,-1,-9,-1,-9,-1,0,0,-10,0,-11,0,-11,0,-12,1,-12,0,-12,0,-13,0,-13,0,-13,0,-14,-1,-13,-2,-12,-2,-12,-2,-12,-2,-12,-3,-12,-3,-11,-3,-11,-3,-11,-4,-10,-4,-10,-5,-9,-5,-8,-5,-8,-5,-7,-6,-6,-7,0,0,0,0,0,0,0,0,0,0,0,0,0,0,15,-80,14,-69,16,-71,7,-68,9,-63,7,-62,2,-54,4,-55,3,-49,-2,-53,-4,-43,-9,-42,-8,-42,-9,-37,-9,-35,-15,-28,-13,-27,-19,-23,-17,-23,-22,-18,-27,-14,-27,-16,-29,-10,-31,-5,-33,-6,-36,-1,-36,2,-41,6,-42,4,-41,11,-50,11,-51,10,-50,10,-55,14,-51,21,-59,14,-62,17,-61,18,-64,10,-61,12,-63,11,-64,10,-66,4,-68,0,-66,0,-64,3,-66,-1,-60,-1,-57,-1,-59,-5,-56,-5,-53,-9,-52,-8,-46,-17,-41,-20,-42,-19,-36,-28,0,0,0,0,0,0,0,0,0,0,0,0,0,0,0,0,0,0,0,0,0,0,-51,49,-60,42,-58,41,-66,35,-62,32,-66,30,-61,30,-68,24,-69,27,-68,17,-69,20,-68,17,-67,17,-70,10,-64,6,-57,9,-59,15,-51,6,-51,5,-48,5,-45,3,-42,8,-37,6,-33,7,-36,8,-26,9,-23,11,-22,11,-18,11,-16,12,-10,13,-12,15,-5,14,-1,11,3,13,7,14,9,14,15,13,15,9,23,10,23,11,30,5,39,10,36,9,39,5,51,7,53,5,48,3,54,7,59,6,59,6,70,4,72,5,68,6,77,9,74,7,75,12,0,0]"
CSI_DATA,172,1a:00:00:00:00:00,-46,11,1,0,1,1,1,0,0,0,1,-96,0,11,2,2573067,0,44,0,384,0,"[0,0,0,0,0,0,0,0,0,0,0,0,11,2,10,2,10,1,9,1,9,1,9,0,8,0,7,-1,7,-1,6,-2,6,-2,5,-3,5,-3,5,-4,4,-3,4,-5,3,-5,2,-5,2,-5,1,-6,1,-7,0,-7,0,-7,0,-8,-1,-9,-1,-9,0,0,-1,-10,-1,-11,-2,-11,-2,-11,-2,-11,-1,-12,-1,-12,-1,-12,-1,-12,0,-12,0,-12,0,-12,1,-12,1,-12,1,-12,2,-11,2,-11,2,-10,3,-10,3,-9,3,-9,4,-9,4,-9,5,-7,5,-7,5,-6,0,0,0,0,0,0,0,0,0,0,0,0,0,0,80,17,73,15,67,10,65,10,62,7,54,7,59,6,58,5,53,-1,43,5,45,-3,38,-4,39,-4,37,-11,32,-13,30,-14,32,-17,22,-16,21,-21,23,-23,17,-28,13,-21,9,-28,7,-30,5,-29,5,-35,-3,-41,-7,-46,-6,-45,-8,-39,-8,-49,-9,-50,-11,-52,-15,-56,-14,-59,-13,-57,-16,-63,-18,-64,-7,-66,-11,-66,-12,-64,-11,-69,-6,-63,-9,-71,-2,-61,3,-65,3,-59,-1,-65,3,-58,10,-52,12,-54,12,-55,13,-49,18,-52,15,-45,25,-42,30,-34,0,0,0,0,0,0,0,0,0,0,0,0,0,0,0,0,0,0,0,0,0,0,-45,-52,-42,-54,-43,-63,-38,-65,-34,-65,-28,-66,-27,-64,-19,-65,-22,-66,-17,-67,-15,-63,-13,-62,-19,-65,-11,-61,-7,-56,-5,-60,-12,-54,-1,-53,-5,-45,-5,-45,-3,-44,-3,-41,-10,-35,-10,-26,-6,-30,-12,-26,-8,-22,-9,-13,-10,-16,-10,-11,-11,-9,-13,-2,-15,0,-13,3,-16,2,-15,8,-17,10,-14,12,-13,19,-12,26,-9,22,-11,33,-10,33,-9,39,-11,40,-2,46,-8,44,-2,48,-9,57,-8,64,-4,61,-3,59,-6,67,-3,70,-6,75,-6,78,-11,82,0,0]"
CSI_DATA,173,1a:00:00:00:00:00,-46,11,1,0,1,1,1,0,0,0,1,-96,0,11,2,2583134,0,44,0,384,0,"[0,0,0,0,0,0,0,0,0,0,0,0,-13,0,-12,1,-11,1,-11,1,-10,1,-9,1,-9,2,-8,2,-7,2,-7,3,-6,3,-6,3,-5,4,-4,4,-4,4,-3,5,-2,5,-2,5,-1,5,-1,5,0,5,0,6,1,6,2,6,2,8,3,7,0,0,3,8,4,9,4,9,4,10,4,10,4,10,4,11,4,10,4,10,3,11,3,11,2,11,2,11,2,11,1,11,1,11,1,11,0,10,0,10,-1,9,-2,8,-2,9,-2,8,-3,8,-4,7,-4,6,0,0,0,0,0,0,0,0,0,0,0,0,0,0,-73,-7,-75,-7,-75,2,-68,-3,-64,-2,-60,-4,-58,-3,-57,1,-52,3,-50,7,-46,6,-41,11,-42,9,-35,12,-35,14,-30,16,-34,18,-24,19,-20,23,-20,25,-15,28,-13,29,-5,31,-7,33,0,37,0,41,7,37,9,46,8,44,17,46,14,50,16,46,14,51,22,58,19,56,20,61,20,59,21,63,16,66,16,64,16,63,15,74,14,67,15,71,10,66,5,65,1,61,5,68,2,60,-3,54,-4,56,-10,53,-12,53,-18,48,-15,49,-19,45,-31,38,0,0,0,0,0,0,0,0,0,0,0,0,0,0,0,0,0,0,0,0,0,0,56,49,48,48,49,50,44,55,38,59,34,65,32,58,28,61,32,70,27,64,24,61,24,61,26,61,19,58,17,61,12,52,15,53,13,49,14,46,9,45,5,37,12,34,8,30,14,27,12,28,9,21,10,21,6,12,11,13,13,6,13,6,17,5,14,0,16,-8,18,-7,11,-14,15,-13,12,-18,11,-23,6,-30,11,-32,6,-34,6,-32,3,-41,-1,-42,-5,-49,3,-52,-3,-54,-4,-59,-4,-64,-6,-68,-7,-66,-1,-71,-3,-71,-3,-86,-3,-82,1,-80,0,0]"
CSI_DATA,174,1a:00:00:00:00:00,-46,11,1,0,1,1,1,0,0,0,1,-96,0,11,2,2593677,0,44,0,384,0,"[0,0,0,0,0,0,0,0,0,0,0,0,10,7,10,6,9,4,9,5,8,4,8,4,8,3,7,2,7,1,7,1,7,1,6,0,6,0,6,-1,5,-2,5,-3,4,-4,4,-4,4,-5,4,-6,3,-6,2,-7,3,-7,3,-8,3,-9,3,-9,0,0,2,-10,3,-11,2,-11,2,-12,3,-11,3,-12,3,-13,3,-12,3,-13,4,-12,5,-12,5,-11,5,-12,5,-11,6,-11,6,-11,6,-10,6,-10,6,-9,6,-8,7,-8,6,-7,7,-7,7,-5,8,-4,7,-3,0,0,0,0,0,0,0,0,0,0,0,0,0,0,31,14,30,17,28,11,27,13,28,11,22,10,26,9,23,6,22,8,19,5,21,4,19,2,19,1,18,1,17,-2,14,-3,15,-4,13,-5,12,-6,12,-9,10,-12,10,-11,7,-11,6,-15,5,-14,2,-18,4,-17,1,-21,1,-21,1,-23,2,-24,-1,-24,-2,-24,0,-25,-2,-27,1,-29,0,-29,0,-31,-1,-30,2,-31,5,-31,3,-32,3,-30,4,-31,5,-27,5,-30,5,-28,8,-29,9,-26,9,-26,8,-24,10,-22,11,-22,12,-19,15,-18,15,-17,16,-13,0,0,0,0,0,0,0,0,0,0,0,0,0,0,0,0,0,0,0,0,0,0,-3,-30,-9,-41,-22,-34,-3,-26,3,-32,-4,-27,-6,-33,-3,-31,1,-24,2,-24,1,-35,18,-34,0,-52,0,-10,-3,-7,-5,-3,9,-40,21,-32,14,-33,8,-9,9,-24,-3,-18,-2,-19,0,-18,-7,-11,-7,-19,6,-11,-3,3,-12,-11,8,-4,-18,-11,-9,-15,-13,4,-19,7,-8,-10,-18,2,-5,-5,-8,4,-8,6,-7,7,-8,8,-10,14,-9,13,-11,16,-9,16,-8,22,-10,19,-9,22,-8,24,-11,25,-11,27,-10,30,-12,28,-11,32,-13,33,-13,34,-14,33,0,0]"
CSI_DATA,175,1a:00:00:00:00:00,-46,11,1,0,1,1,1,0,0,0,1,-96,0,11,2,2623051,0,44,0,384,0,"[0,0,0,0,0,0,0,0,0,0,0,0,7,-10,7,-10,5,-9,5,-9,5,-9,4,-8,3,-9,3,-8,2,-8,1,-7,0,-8,0,-7,-1,-7,-2,-6,-2,-5,-3,-5,-3,-5,-4,-5,-4,-5,-6,-4,-6,-4,-7,-4,-7,-3,-8,-3,-9,-3,-10,-2,0,0,-11,-2,-11,-2,-12,-2,-12,-2,-13,-2,-12,-3,-13,-3,-13,-3,-13,-3,-13,-4,-14,-4,-12,-5,-13,-5,-12,-5,-12,-5,-12,-6,-11,-6,-11,-5,-10,-6,-10,-6,-9,-7,-9,-7,-7,-7,-7,-7,-6,-8,-5,-8,0,0,0,0,0,0,0,0,0,0,0,0,0,0,39,-59,40,-58,35,-60,33,-57,28,-52,26,-51,20,-42,22,-52,22,-43,18,-40,9,-39,9,-39,3,-39,5,-34,1,-39,-5,-35,-6,-33,-10,-22,-9,-28,-17,-24,-22,-19,-16,-19,-27,-18,-27,-13,-30,-12,-34,-8,-37,-6,-42,-3,-45,-3,-50,0,-48,0,-52,1,-55,-2,-60,2,-54,6,-69,-5,-62,-1,-68,0,-67,-1,-69,-7,-65,-4,-66,-5,-68,-10,-68,-10,-66,-15,-61,-14,-63,-17,-59,-18,-62,-18,-55,-17,-51,-20,-52,-18,-48,-23,-44,-25,-41,-32,-36,-35,-33,-34,0,0,0,0,0,0,0,0,0,0,0,0,0,0,0,0,0,0,0,0,0,0,-68,19,-73,12,-72,9,-77,7,-72,0,-71,-4,-69,-6,-67,-10,-68,-8,-66,-11,-67,-11,-65,-13,-67,-16,-63,-18,-58,-18,-51,-12,-58,-10,-49,-12,-48,-14,-44,-13,-42,-8,-41,-11,-37,-6,-35,-7,-31,-5,-27,1,-26,4,-23,4,-22,1,-20,8,-14,9,-14,17,-10,15,-7,16,-8,19,-1,19,2,22,7,19,10,23,13,21,16,24,24,22,25,31,25,26,31,25,33,23,39,25,45,28,44,31,53,30,52,31,59,29,60,37,59,32,70,33,70,37,63,43,0,0]"
CSI_DATA,176,1a:00:00:00:00:00,-46,11,1,0,1,1,1,0,0,0,1,-96,0,11,2,2633020,0,44,0,384,0,"[0,0,0,0,0,0,0,0,0,0,0,0,7,-9,6,-9,5,-8,5,-8,5,-8,4,-7,3,-8,2,-7,2,-7,1,-6,1,-7,0,-6,-1,-6,-2,-6,-2,-5,-3,-5,-3,-5,-4,-4,-4,-4,-5,-4,-5,-3,-6,-3,-7,-3,-8,-2,-9,-2,-9,-2,0,0,-10,-2,-11,-3,-11,-2,-12,-2,-11,-2,-12,-3,-12,-3,-12,-3,-12,-3,-13,-3,-13,-4,-12,-4,-12,-5,-11,-5,-12,-5,-11,-5,-10,-5,-11,-5,-10,-5,-9,-5,-9,-6,-8,-6,-8,-7,-7,-7,-6,-7,-5,-7,0,0,0,0,0,0,0,0,0,0,0,0,0,0,57,-43,58,-36,53,-39,50,-32,46,-37,42,-35,41,-36,37,-30,35,-33,26,-32,27,-37,15,-33,17,-30,14,-29,11,-32,5,-31,6,-32,1,-27,-4,-25,-10,-26,-12,-27,-14,-25,-16,-19,-23,-22,-22,-23,-29,-24,-27,-19,-35,-18,-39,-20,-44,-17,-41,-19,-46,-20,-51,-17,-56,-20,-57,-18,-62,-24,-58,-22,-57,-23,-62,-25,-59,-28,-61,-28,-59,-30,-61,-32,-56,-31,-58,-34,-55,-34,-50,-35,-54,-35,-47,-38,-44,-36,-44,-35,-42,-35,-38,-39,-34,-39,-27,-43,-21,-39,-19,-43,0,0,0,0,0,0,0,0,0,0,0,0,0,0,0,0,0,0,0,0,0,0,-69,-2,-67,-8,-72,-18,-71,-20,-70,-23,-63,-26,-61,-26,-62,-26,-61,-30,-60,-29,-56,-29,-52,-30,-57,-34,-53,-30,-49,-31,-47,-26,-47,-31,-40,-30,-40,-24,-39,-26,-36,-23,-34,-20,-35,-17,-29,-15,-28,-14,-24,-6,-22,-6,-22,-2,-17,4,-16,3,-15,6,-18,6,-18,12,-11,14,-9,17,-8,20,-4,17,-4,25,1,25,6,27,7,31,11,33,13,32,22,34,18,34,22,43,28,40,32,38,32,46,35,47,34,47,41,46,42,54,43,53,42,57,44,56,45,58,0,0]"
CSI_DATA,177,1a:00:00:00:00:00,-46,11,1,0,1,1,1,0,0,0,1,-96,0,11,2,2643616,0,44,0,384,0,"[0,0,0,0,0,0,0,0,0,0,0,0,-6,-11,-5,-10,-7,-9,-6,-9,-6,-8,-5,-7,-6,-6,-6,-6,-6,-5,-5,-4,-6,-4,-6,-3,-6,-2,-6,-1,-5,-1,-6,0,-6,1,-5,1,-5,2,-5,3,-6,4,-5,4,-5,4,-5,6,-6,6,-5,7,0,0,-6,7,-6,8,-6,9,-6,10,-7,9,-7,10,-7,10,-7,10,-8,10,-8,9,-8,10,-8,9,-9,9,-9,9,-9,8,-9,8,-9,8,-9,7,-9,7,-9,6,-9,5,-9,5,-9,4,-9,3,-9,2,-9,1,0,0,0,0,0,0,0,0,0,0,0,0,0,0,-38,-60,-40,-62,-41,-52,-34,-55,-33,-53,-32,-46,-33,-41,-35,-41,-34,-34,-31,-34,-32,-26,-32,-20,-28,-26,-31,-18,-29,-13,-31,-5,-34,-6,-28,1,-27,3,-28,7,-29,13,-28,12,-21,16,-22,20,-25,25,-26,27,-22,28,-20,38,-20,41,-17,48,-25,43,-21,50,-23,49,-21,51,-20,60,-29,54,-28,56,-24,57,-31,57,-28,58,-31,60,-34,59,-34,60,-37,57,-38,53,-40,53,-38,51,-42,50,-38,46,-42,44,-39,38,-41,39,-39,33,-44,31,-45,25,-46,20,-43,11,0,0,0,0,0,0,0,0,0,0,0,0,0,0,0,0,0,0,0,0,0,0,2,71,-8,70,-12,69,-19,70,-23,68,-26,63,-25,64,-24,62,-29,62,-30,61,-32,61,-32,57,-29,56,-31,53,-34,48,-33,50,-30,50,-29,40,-23,36,-25,38,-20,34,-22,38,-15,31,-13,27,-11,26,-9,27,-5,28,-1,25,0,18,7,22,9,17,8,14,12,12,17,12,17,10,19,10,16,4,23,0,21,-5,26,-3,27,-9,34,-10,35,-17,33,-17,34,-15,38,-31,41,-31,41,-29,44,-33,48,-33,50,-38,48,-43,54,-40,52,-45,60,-48,54,-43,59,-43,0,0]"
CSI_DATA,178,1a:00:00:00:00:00,-46,11,1,0,1,1,1,0,0,0,1,-96,0,11,2,2655113,0,44,0,384,0,"[0,0,0,0,0,0,0,0,0,0,0,0,-11,3,-10,3,-10,3,-9,4,-8,3,-7,3,-6,4,-6,4,-5,4,-5,4,-4,5,-3,5,-3,4,-2,4,-1,4,0,5,0,5,0,5,2,4,2,5,3,5,4,5,4,5,5,5,6,6,6,6,0,0,7,6,8,7,8,7,9,6,8,7,8,8,9,8,8,8,9,8,8,9,8,9,8,9,7,9,7,9,7,10,6,9,6,10,5,9,5,9,5,9,4,9,3,9,2,9,2,9,0,8,0,8,0,0,0,0,0,0,0,0,0,0,0,0,0,0,-68,25,-61,23,-62,29,-49,25,-49,21,-48,19,-43,32,-45,27,-39,22,-40,27,-31,27,-27,25,-21,26,-24,21,-17,26,-12,24,-9,25,-7,28,2,23,3,23,8,31,7,26,15,25,13,25,17,25,24,22,30,23,36,25,36,28,41,26,41,25,44,34,44,34,53,29,52,29,56,34,56,35,60,40,56,42,56,39,49,32,52,43,54,41,54,43,53,43,47,43,50,45,47,47,42,42,36,44,39,44,29,43,34,44,24,49,24,48,16,51,5,42,0,0,0,0,0,0,0,0,0,0,0,0,0,0,0,0,0,0,0,0,0,0,65,19,59,30,58,34,59,36,52,38,54,39,44,41,49,42,49,45,43,47,46,45,44,42,42,46,40,45,35,44,31,44,37,38,31,36,33,35,29,29,27,30,29,29,25,19,27,21,24,18,24,12,16,11,19,8,18,7,21,-1,22,-1,18,-6,14,-2,18,-10,13,-12,11,-18,7,-17,10,-21,10,-21,7,-26,1,-28,-5,-30,-3,-31,-7,-37,-13,-38,-13,-38,-11,-40,-16,-41,-23,-48,-20,-58,-24,-53,-29,-57,-30,-66,-31,-60,-28,-69,-34,-69,-29,-71,0,0]"
CSI_DATA,179,1a:00:00:00:00:00,-46,11,1,0,1,1,1,0,0,0,1,-96,0,11,2,2663049,0,44,0,384,0,"[0,0,0,0,0,0,0,0,0,0,0,0,-11,1,-11,1,-11,0,-10,1,-9,2,-8,2,-8,3,-7,3,-6,3,-6,3,-6,3,-5,4,-4,4,-4,4,-3,4,-2,5,-1,5,-1,5,0,5,1,5,1,5,2,6,3,7,4,6,4,7,4,7,0,0,6,7,6,8,6,8,7,8,7,9,7,9,7,9,6,10,7,9,6,10,7,10,6,10,5,10,5,10,5,10,5,10,4,11,4,9,3,9,3,9,2,9,2,10,1,9,0,9,0,9,-2,8,0,0,0,0,0,0,0,0,0,0,0,0,0,0,-77,-12,-70,-11,-68,-7,-53,-14,-61,-4,-57,-2,-57,-7,-56,-3,-48,1,-44,4,-42,9,-39,10,-37,11,-33,14,-27,12,-24,18,-21,24,-18,22,-15,25,-14,23,-9,29,-6,28,-1,28,1,30,6,31,7,37,13,38,17,34,20,40,20,44,22,44,27,47,25,48,31,52,34,49,32,56,29,59,33,61,28,57,28,64,30,61,29,62,29,65,29,63,27,64,23,59,15,60,20,61,17,57,10,54,11,59,5,54,4,56,4,54,-1,56,-1,55,-12,47,0,0,0,0,0,0,0,0,0,0,0,0,0,0,0,0,0,0,0,0,0,0,42,57,34,59,32,63,30,67,27,66,22,66,16,65,14,68,14,70,16,64,14,66,12,62,14,63,11,63,4,56,2,53,11,54,4,51,9,46,5,48,0,42,9,40,8,30,10,35,9,28,12,23,9,21,13,19,15,14,14,13,15,8,19,6,14,4,20,1,19,0,13,-11,19,-8,18,-13,18,-16,17,-23,15,-27,11,-28,11,-31,13,-31,9,-35,8,-38,5,-44,7,-48,7,-56,5,-58,2,-61,3,-61,4,-72,2,-63,2,-73,2,-78,7,-76,0,0]"
CSI_DATA,180,1a:00:00:00:00:00,-46,11,1,0,1,1,1,0,0,0,1,-96,0,11,2,2673032,0,44,0,384,0,"[0,0,0,0,0,0,0,0,0,0,0,0,-11,-5,-11,-4,-10,-3,-10,-3,-10,-3,-9,-3,-8,-1,-7,-1,-8,-1,-7,0,-6,0,-6,1,-6,1,-5,2,-5,2,-5,3,-4,4,-3,4,-3,4,-2,5,-2,5,-1,6,-1,7,-1,8,-1,8,0,8,0,0,1,9,0,10,1,11,1,11,0,11,1,12,1,12,0,12,0,12,0,12,-1,12,-1,12,-1,12,-2,12,-2,12,-2,11,-3,11,-2,10,-3,10,-3,10,-4,9,-4,9,-5,9,-5,8,-6,7,-6,6,0,0,0,0,0,0,0,0,0,0,0,0,0,0,-60,-35,-58,-35,-63,-32,-55,-25,-59,-28,-51,-22,-57,-25,-46,-19,-44,-15,-43,-16,-41,-8,-36,-6,-41,-4,-36,2,-34,3,-31,8,-28,11,-27,10,-24,15,-21,19,-19,24,-14,24,-13,26,-9,28,-9,34,-9,39,-5,39,-3,49,-3,46,4,48,6,48,5,55,6,56,11,58,11,63,0,63,8,65,11,65,6,70,3,66,2,70,2,68,-3,67,1,69,-4,63,-5,68,-9,65,-5,63,-11,59,-12,58,-16,57,-17,57,-19,51,-21,47,-25,47,-27,41,-31,36,0,0,0,0,0,0,0,0,0,0,0,0,0,0,0,0,0,0,0,0,0,0,23,66,18,67,17,66,8,68,5,72,5,68,1,68,-5,68,-6,73,-4,66,-10,69,-9,62,-9,63,-11,62,-14,55,-13,58,-8,51,-13,50,-7,46,-7,43,-8,41,-6,37,-10,37,-3,34,-2,35,-1,29,1,23,5,18,6,19,11,16,9,12,14,9,17,7,16,1,18,0,17,-4,20,-2,20,-6,20,-10,22,-15,20,-17,21,-26,20,-23,24,-31,23,-31,25,-33,23,-39,20,-42,21,-45,24,-51,24,-55,26,-57,29,-60,27,-59,29,-66,26,-65,32,-71,0,0]"
CSI_DATA,181,1a:00:00:00:00:00,-47,11,1,0,1,1,1,0,0,0,1,-96,0,11,2,2683121,0,44,0,384,0,"[0,0,0,0,0,0,0,0,0,0,0,0,7,8,7,7,8,6,7,6,7,5,6,5,6,4,5,4,5,3,6,2,6,1,6,0,5,0,5,-1,4,-1,5,-2,4,-3,4,-4,3,-4,3,-5,3,-6,2,-6,2,-7,2,-8,1,-8,2,-9,0,0,1,-10,1,-11,2,-11,2,-12,2,-12,2,-12,1,-13,2,-12,2,-13,2,-14,3,-13,3,-13,3,-13,4,-12,4,-12,4,-12,4,-12,3,-11,4,-11,4,-10,5,-9,5,-9,6,-9,6,-8,7,-7,6,-5,0,0,0,0,0,0,0,0,0,0,0,0,0,0,45,55,46,50,49,41,44,42,45,40,41,38,42,34,42,31,38,24,38,24,40,19,30,17,34,10,38,10,33,8,30,0,33,-1,26,-8,22,-5,29,-13,20,-21,16,-18,16,-19,14,-27,11,-29,11,-33,15,-37,9,-38,6,-43,3,-46,6,-53,3,-50,1,-54,-1,-58,-2,-56,6,-67,3,-65,0,-69,5,-65,9,-66,6,-69,8,-70,8,-69,8,-69,8,-62,16,-69,18,-63,15,-61,18,-60,16,-54,21,-56,23,-52,24,-51,31,-47,25,-47,34,-43,36,-35,0,0,0,0,0,0,0,0,0,0,0,0,0,0,0,0,0,0,0,0,0,0,4,-76,13,-71,13,-72,22,-72,29,-69,28,-68,28,-63,36,-62,35,-66,33,-59,36,-59,36,-51,31,-58,32,-52,37,-45,29,-44,31,-46,32,-44,28,-42,30,-35,23,-34,19,-37,19,-31,13,-27,14,-20,8,-24,10,-21,5,-21,-7,-17,-9,-15,-1,-15,-6,-11,-13,-14,-12,-13,-12,-11,-20,-7,-18,-2,-23,-3,-21,-4,-21,8,-27,7,-27,13,-29,20,-31,24,-36,25,-28,21,-30,24,-39,29,-35,36,-43,41,-42,48,-40,47,-44,44,-45,44,-46,56,-50,50,-50,53,0,0]"
CSI_DATA,182,1a:00:00:00:00:00,-48,11,1,0,1,1,1,0,0,0,1,-96,0,11,2,2693055,0,44,0,384,0,"[0,0,0,0,0,0,0,0,0,0,0,0,10,-2,9,-2,9,-2,9,-3,8,-3,7,-3,6,-4,5,-4,5,-4,4,-4,3,-4,3,-4,3,-4,2,-5,1,-4,0,-5,0,-4,-1,-4,-2,-4,-3,-5,-3,-4,-4,-5,-5,-4,-6,-5,-7,-5,-7,-5,0,0,-9,-4,-9,-5,-10,-5,-10,-5,-10,-5,-11,-6,-11,-6,-11,-6,-11,-7,-12,-7,-11,-7,-11,-7,-10,-8,-10,-7,-10,-8,-10,-7,-10,-8,-9,-7,-9,-8,-9,-7,-8,-9,-7,-8,-7,-9,-6,-9,-5,-8,-4,-8,0,0,0,0,0,0,0,0,0,0,0,0,0,0,73,-8,69,-10,67,-15,63,-11,63,-16,54,-13,54,-17,47,-16,45,-18,38,-18,35,-20,26,-19,26,-24,24,-23,21,-16,16,-23,11,-24,6,-22,2,-20,-2,-31,-2,-23,-7,-24,-13,-16,-16,-20,-20,-22,-24,-25,-34,-20,-35,-19,-39,-22,-40,-20,-45,-18,-47,-23,-48,-20,-51,-20,-60,-21,-54,-24,-62,-27,-62,-25,-61,-26,-61,-27,-64,-30,-64,-34,-64,-33,-66,-36,-57,-31,-62,-34,-56,-35,-59,-41,-53,-40,-46,-31,-45,-33,-45,-42,-45,-37,-40,-43,-35,-42,-27,-40,-20,-44,0,0,0,0,0,0,0,0,0,0,0,0,0,0,0,0,0,0,0,0,0,0,-48,-59,-45,-61,-41,-65,-35,-66,-32,-73,-26,-71,-24,-64,-23,-71,-15,-72,-19,-70,-9,-69,-14,-62,-15,-67,-9,-64,-8,-57,-8,-59,-7,-57,-10,-58,-14,-46,-8,-45,-7,-46,-8,-42,-11,-37,-9,-37,-10,-33,-13,-28,-13,-21,-9,-15,-12,-18,-12,-11,-13,-7,-16,-3,-20,-2,-16,4,-14,2,-16,8,-19,7,-12,15,-15,18,-12,25,-12,23,-10,25,-13,33,0,39,2,36,-7,39,-2,47,4,51,8,48,6,59,10,58,11,63,10,64,7,65,12,75,10,72,8,74,0,0]"
CSI_DATA,183,1a:00:00:00:00:00,-48,11,1,0,1,1,1,0,0,0,1,-96,0,11,2,2703157,0,44,0,384,0,"[0,0,0,0,0,0,0,0,0,0,0,0,-7,-8,-8,-7,-7,-7,-7,-6,-7,-5,-6,-5,-6,-4,-5,-3,-6,-3,-5,-2,-5,-1,-4,-1,-4,-1,-3,0,-3,1,-2,1,-2,2,-1,2,-2,3,0,3,0,4,1,4,2,5,2,5,3,6,3,6,0,0,3,7,4,8,5,9,5,9,4,9,5,10,5,10,5,10,5,10,5,11,5,11,5,11,4,10,4,11,4,11,3,11,4,11,3,10,2,10,2,9,1,9,1,10,1,9,0,9,-1,9,-2,8,0,0,0,0,0,0,0,0,0,0,0,0,0,0,-44,-53,-41,-53,-45,-46,-41,-42,-38,-44,-36,-40,-37,-44,-38,-30,-30,-30,-27,-22,-31,-18,-22,-16,-32,-14,-22,-8,-27,-1,-23,0,-23,4,-20,6,-9,9,-14,12,-17,15,-7,16,-5,21,3,20,7,21,10,29,13,31,16,33,19,30,24,39,20,40,24,45,23,47,25,46,37,50,30,54,32,54,36,57,31,59,28,59,29,59,31,63,31,64,33,59,26,58,29,66,22,62,26,59,24,55,22,64,21,55,20,57,20,56,8,54,6,55,0,52,-5,48,0,0,0,0,0,0,0,0,0,0,0,0,0,0,0,0,0,0,0,0,0,0,-47,58,-51,57,-54,55,-54,53,-62,51,-62,47,-61,42,-68,44,-64,44,-64,41,-62,33,-62,38,-65,41,-57,37,-56,28,-57,31,-52,31,-48,27,-48,24,-42,29,-37,23,-34,21,-33,24,-31,23,-27,22,-21,21,-19,19,-12,16,-16,14,-7,15,-9,18,-1,16,4,16,10,13,10,13,15,6,15,14,15,7,21,3,22,-3,23,-8,27,-8,30,-8,33,-14,36,-14,34,-16,37,-25,34,-29,35,-31,43,-39,48,-37,48,-41,48,-44,47,-41,51,-41,48,-49,54,-46,0,0]"
CSI_DATA,184,1a:00:00:00:00:00,-49,11,1,0,1,1,1,0,0,0,1,-96,0,11,2,2723019,0,44,0,384,0,"[0,0,0,0,0,0,0,0,0,0,0,0,-6,7,-5,7,-4,7,-4,6,-4,6,-3,5,-3,4,-2,4,-1,3,-1,2,-1,2,0,2,1,1,0,0,0,-1,1,-1,1,-2,0,-2,1,-3,0,-4,1,-5,0,-6,0,-6,0,-7,0,-8,0,-9,0,0,-1,-10,0,-11,-1,-11,-1,-12,-1,-11,-1,-13,-1,-13,-1,-12,-1,-14,-1,-13,-1,-13,-1,-13,-1,-13,-1,-13,0,-13,0,-13,-1,-12,-1,-12,0,-12,0,-11,0,-12,0,-11,0,-11,1,-10,2,-10,2,-9,0,0,0,0,0,0,0,0,0,0,0,0,0,0,-48,38,-50,38,-43,37,-45,34,-39,36,-35,30,-27,28,-27,31,-21,24,-16,24,-14,22,-12,20,-12,20,-9,16,-3,13,3,4,2,3,4,7,3,6,3,-4,12,-6,10,-8,2,-13,8,-18,3,-22,4,-23,6,-29,10,-35,8,-40,12,-38,6,-48,7,-48,8,-54,5,-51,0,-62,6,-62,9,-66,4,-63,8,-70,0,-70,2,-68,5,-70,6,-74,5,-73,6,-67,3,-73,6,-66,6,-69,4,-61,4,-64,6,-58,6,-62,11,-55,12,-58,16,-53,13,-52,20,-47,0,0,0,0,0,0,0,0,0,0,0,0,0,0,0,0,0,0,0,0,0,0,-16,74,-24,68,-24,76,-29,77,-34,71,-32,71,-31,72,-33,75,-35,75,-31,70,-33,68,-32,67,-32,70,-30,69,-27,61,-29,60,-26,67,-26,57,-18,56,-22,51,-17,48,-15,51,-10,44,-11,41,-10,40,-1,36,0,32,5,26,3,21,5,23,5,15,10,14,8,8,14,6,7,4,7,-5,9,-9,11,-12,5,-15,6,-17,1,-17,0,-28,-3,-28,-8,-33,-8,-29,-7,-33,-16,-39,-16,-40,-20,-38,-26,-44,-28,-41,-31,-41,-31,-49,-33,-49,-38,-53,-37,-54,-38,-51,0,0]"
CSI_DATA,185,1a:00:00:00:00:00,-50,11,1,0,1,1,1,0,0,0,1,-96,0,11,2,2743029,0,44,0,384,0,"[0,0,0,0,0,0,0,0,0,0,0,0,-4,-10,-5,-9,-4,-8,-4,-7,-4,-7,-4,-6,-4,-6,-4,-4,-4,-4,-3,-3,-3,-2,-3,-2,-3,-1,-2,0,-2,1,-2,1,-1,2,0,1,0,2,1,3,2,3,2,4,3,4,4,4,5,5,5,5,0,0,6,6,6,6,7,7,8,7,8,7,8,8,9,8,9,7,9,8,8,8,9,8,8,9,8,8,9,9,7,8,8,8,8,8,7,8,7,8,7,7,6,8,6,8,6,8,5,8,4,8,3,8,0,0,0,0,0,0,0,0,0,0,0,0,0,0,-4,-66,-11,-74,-11,-59,-14,-60,-10,-59,-4,-47,-17,-41,-10,-43,-9,-34,-13,-36,-16,-31,-10,-31,-12,-21,-14,-19,-11,-14,-10,-8,-9,-7,-7,-4,-6,2,-6,9,-2,10,-3,14,-1,17,2,18,6,17,13,24,8,27,16,24,16,38,22,31,24,36,26,42,28,44,30,42,35,45,33,43,34,49,36,51,37,53,36,55,40,57,34,57,37,56,41,52,32,52,34,56,27,57,28,53,32,58,29,51,28,51,26,48,25,50,21,52,19,48,13,52,9,46,0,0,0,0,0,0,0,0,0,0,0,0,0,0,0,0,0,0,0,0,0,0,-75,-35,-68,-42,-70,-46,-67,-44,-68,-50,-58,-49,-62,-50,-62,-50,-63,-51,-59,-54,-56,-49,-61,-49,-58,-49,-57,-47,-50,-46,-53,-47,-57,-43,-45,-43,-48,-37,-42,-34,-37,-29,-42,-33,-37,-32,-33,-26,-32,-21,-32,-20,-27,-13,-24,-14,-19,-13,-23,-5,-16,-8,-10,-1,-12,-2,-12,2,-7,4,-7,9,-4,7,-1,8,8,9,12,9,12,7,18,3,19,8,25,1,31,0,34,6,34,3,42,0,44,-4,47,5,48,-6,53,-11,63,-6,57,-9,66,-12,65,-9,65,-8,0,0]"
CSI_DATA,186,1a:00:00:00:00:00,-49,11,1,0,1,1,1,0,0,0,1,-96,0,11,2,2753026,0,44,0,384,0,"[0,0,0,0,0,0,0,0,0,0,0,0,5,-10,4,-10,2,-9,2,-8,2,-8,2,-7,1,-8,1,-6,0,-5,0,-5,-1,-4,-1,-4,-1,-3,-2,-2,-1,-1,-2,0,-2,0,-3,0,-2,2,-2,2,-3,3,-2,4,-2,4,-2,5,-2,6,-2,7,0,0,-2,8,-2,9,-2,9,-2,10,-2,9,-2,10,-2,10,-2,10,-2,11,-2,12,-3,12,-3,11,-3,11,-2,12,-3,11,-3,12,-3,11,-3,11,-4,10,-3,10,-4,10,-4,9,-4,9,-4,9,-5,8,-5,7,0,0,0,0,0,0,0,0,0,0,0,0,0,0,40,-64,40,-55,33,-57,30,-51,24,-53,20,-49,25,-39,21,-51,17,-35,14,-36,9,-34,6,-27,4,-32,5,-21,-2,-18,0,-18,-6,-22,-7,-10,-4,-3,-6,-9,-9,1,-11,3,-11,8,-12,7,-15,16,-15,22,-8,23,-10,31,-12,34,-13,38,-11,47,-11,51,-14,42,-10,54,-10,56,-12,56,-11,59,-10,58,-10,64,-13,63,-9,65,-9,66,-9,63,-10,74,-13,64,-13,63,-11,70,-12,61,-13,60,-14,55,-20,58,-16,58,-18,53,-21,51,-25,48,-22,53,-31,43,0,0,0,0,0,0,0,0,0,0,0,0,0,0,0,0,0,0,0,0,0,0,-31,-70,-29,-81,-23,-77,-21,-81,-12,-77,-14,-75,-13,-76,-11,-78,-16,-81,-10,-80,-10,-78,-12,-75,-18,-74,-12,-78,-13,-72,-9,-65,-12,-67,-6,-61,-10,-58,-10,-52,-9,-50,-9,-49,-14,-42,-10,-36,-14,-34,-16,-29,-13,-28,-13,-23,-13,-22,-18,-17,-9,-12,-14,-11,-11,-3,-8,-1,-8,4,-8,6,-10,5,-2,2,-1,10,3,13,5,13,8,19,14,20,16,20,26,25,36,28,32,30,33,31,41,35,41,32,44,33,49,31,54,34,52,32,62,39,55,32,59,39,0,0]"
CSI_DATA,187,1a:00:00:00:00:00,-49,11,1,0,1,1,1,0,0,0,1,-96,0,11,2,2763057,0,44,0,384,0,"[0,0,0,0,0,0,0,0,0,0,0,0,-5,9,-4,9,-3,8,-3,8,-3,7,-3,6,-2,6,-1,5,-1,5,0,4,0,4,0,3,1,2,1,1,1,1,1,0,1,-1,1,-1,1,-2,1,-3,1,-4,1,-5,1,-5,1,-6,1,-7,1,-8,0,0,1,-9,1,-10,1,-11,0,-11,1,-11,1,-12,1,-12,1,-12,1,-13,1,-13,1,-14,2,-13,2,-13,2,-13,2,-13,2,-13,2,-13,2,-13,2,-12,2,-12,3,-12,3,-11,3,-11,4,-10,5,-10,5,-9,0,0,0,0,0,0,0,0,0,0,0,0,0,0,49,56,42,49,40,47,43,43,43,42,38,43,34,33,38,30,35,21,31,26,30,24,26,17,32,15,20,8,23,9,17,5,13,5,13,0,3,-8,10,-7,2,-12,1,-10,-3,-14,-8,-15,-10,-17,-14,-16,-15,-19,-24,-22,-21,-25,-31,-21,-34,-29,-32,-33,-39,-27,-44,-30,-50,-31,-49,-36,-47,-27,-53,-30,-56,-33,-52,-37,-52,-41,-51,-46,-51,-40,-53,-37,-49,-45,-54,-41,-54,-42,-51,-41,-49,-43,-52,-35,-49,-41,-41,-42,-44,-38,-33,-38,-38,-43,-33,-48,-27,-48,0,0,0,0,0,0,0,0,0,0,0,0,0,0,0,0,0,0,0,0,0,0,75,-24,73,-17,76,-16,82,-13,81,-9,79,-5,75,-5,81,-1,80,-2,77,2,78,5,76,1,71,1,68,2,63,4,64,3,67,1,56,6,56,1,54,2,52,4,47,1,45,2,39,-3,35,-2,30,1,32,1,25,-7,14,-3,21,-6,8,-11,5,-9,3,-9,3,-15,-1,-10,0,-5,-6,-9,-7,-5,-14,-1,-19,-4,-21,3,-21,7,-26,14,-31,20,-33,19,-35,12,-36,21,-40,29,-38,30,-49,34,-37,37,-48,41,-48,38,-44,43,-52,51,-57,48,-54,46,0,0]"
CSI_DATA,188,1a:00:00:00:00:00,-58,11,1,0,1,1,1,0,0,0,1,-96,0,11,2,2773028,0,44,0,384,0,"[0,0,0,0,0,0,0,0,0,0,0,0,-5,10,-5,9,-4,9,-4,8,-3,8,-3,7,-2,7,-2,6,-1,5,-1,4,0,4,0,3,1,2,1,2,1,1,1,0,1,-1,2,-1,2,-2,2,-3,2,-4,2,-4,1,-5,1,-6,1,-7,1,-8,0,0,1,-10,1,-10,1,-11,0,-12,0,-12,0,-12,0,-13,1,-13,1,-13,1,-14,1,-14,1,-14,1,-14,1,-14,1,-14,2,-13,2,-13,2,-13,2,-13,2,-12,3,-12,3,-12,4,-11,4,-11,4,-10,5,-10,0,0,0,0,0,0,0,0,0,0,0,0,0,0,45,51,44,49,44,47,43,45,42,42,41,38,40,34,38,32,36,28,34,23,32,20,30,17,28,12,26,9,23,6,20,4,16,1,13,-1,9,-4,6,-6,2,-8,-1,-10,-5,-11,-9,-14,-13,-16,-16,-18,-20,-19,-24,-21,-28,-21,-32,-23,-36,-23,-40,-24,-43,-24,-47,-24,-49,-24,-52,-25,-54,-26,-56,-28,-57,-29,-58,-30,-58,-31,-58,-33,-58,-33,-58,-33,-57,-34,-57,-33,-56,-33,-55,-33,-54,-32,-53,-32,-51,-33,-49,-34,-45,-36,-43,-37,-40,-39,-37,-40,-35,-41,0,0,0,0,0,0,0,0,0,0,0,0,0,0,0,0,0,0,0,0,0,0,78,-5,78,-4,78,-3,79,-1,79,1,78,3,78,4,77,6,77,7,76,8,74,9,73,10,71,10,69,10,67,11,64,9,61,9,58,8,55,7,52,5,49,4,45,3,41,2,38,0,35,-1,31,-2,28,-3,24,-4,20,-5,16,-6,13,-7,10,-8,6,-8,3,-9,-1,-8,-4,-7,-7,-5,-11,-3,-13,-1,-16,2,-19,5,-22,8,-24,11,-28,14,-30,18,-33,21,-35,23,-38,27,-41,30,-44,33,-46,35,-47,39,-49,41,-50,43,-52,44,-52,45,-53,46,0,0]"
CSI_DATA,189,1a:00:00:00:00:00,-49,11,1,0,1,1,1,0,0,0,1,-96,0,11,2,2783299,0,44,0,384,0,"[0,0,0,0,0,0,0,0,0,0,0,0,-5,-12,-6,-11,-5,-10,-5,-10,-5,-8,-4,-7,-5,-6,-5,-6,-4,-5,-4,-4,-4,-4,-4,-3,-4,-2,-3,-1,-3,-1,-2,0,-2,1,-2,1,-1,2,0,2,1,3,1,3,2,4,3,4,3,5,4,5,0,0,5,6,6,7,7,7,7,7,7,7,8,8,8,8,8,8,9,9,8,9,8,10,8,9,8,9,8,9,8,10,8,10,8,10,7,9,7,9,7,9,6,10,6,9,6,9,5,9,3,10,2,10,0,0,0,0,0,0,0,0,0,0,0,0,0,0,-73,4,-75,4,-74,11,-62,11,-55,12,-52,12,-57,17,-54,11,-46,8,-39,11,-41,17,-32,14,-34,15,-28,13,-18,11,-16,16,-14,16,-7,12,-2,16,-3,6,2,7,9,10,11,3,16,6,19,0,20,-2,31,-7,30,-6,31,-8,31,-15,38,-16,42,-22,44,-20,44,-25,46,-25,54,-24,48,-32,52,-30,55,-32,55,-32,56,-27,64,-32,61,-31,58,-36,64,-26,61,-27,61,-27,59,-26,54,-23,59,-23,57,-22,50,-22,55,-21,56,-18,50,-10,52,-7,52,1,0,0,0,0,0,0,0,0,0,0,0,0,0,0,0,0,0,0,0,0,0,0,-50,61,-53,54,-54,52,-61,52,-64,53,-60,49,-56,43,-61,44,-64,45,-57,45,-61,43,-55,42,-54,51,-57,39,-53,34,-53,36,-51,37,-48,32,-41,37,-39,35,-36,28,-39,30,-34,28,-30,29,-18,22,-18,24,-20,18,-11,16,-7,19,-2,15,-6,8,3,9,7,6,8,4,6,3,9,-8,9,-1,7,-9,3,-13,11,-15,8,-18,12,-24,10,-28,9,-32,3,-33,14,-37,5,-41,4,-43,6,-52,-4,-57,2,-63,-2,-62,3,-66,-5,-69,-8,-79,-6,-74,-2,-74,0,0]"
CSI_DATA,190,1a:00:00:00:00:00,-49,11,1,0,1,1,1,0,0,0,1,-96,0,11,2,2793581,0,44,0,384,0,"[0,0,0,0,0,0,0,0,0,0,0,0,10,5,9,4,9,3,8,3,8,3,7,2,6,1,6,1,5,0,5,0,4,-1,3,-1,3,-1,2,-2,1,-2,1,-2,0,-2,-1,-2,-2,-2,-2,-3,-3,-2,-4,-2,-5,-3,-6,-2,-7,-2,-7,-2,0,0,-9,-2,-10,-2,-10,-2,-11,-2,-11,-2,-12,-2,-13,-2,-12,-2,-13,-2,-13,-2,-13,-2,-13,-2,-13,-2,-13,-3,-13,-3,-13,-3,-13,-3,-12,-3,-12,-3,-12,-3,-11,-4,-12,-4,-11,-4,-11,-5,-10,-6,-9,-6,0,0,0,0,0,0,0,0,0,0,0,0,0,0,58,-43,58,-43,57,-49,44,-40,46,-42,41,-38,39,-37,37,-36,33,-38,18,-29,18,-33,17,-29,10,-28,12,-25,6,-20,7,-23,2,-21,2,-13,-6,-9,-4,-8,-7,-6,-7,-3,-13,3,-17,7,-20,9,-17,12,-16,17,-18,23,-28,26,-24,27,-25,37,-33,38,-31,35,-35,39,-26,43,-33,46,-33,47,-31,55,-35,53,-36,56,-40,54,-36,51,-40,57,-39,56,-42,52,-38,54,-43,51,-40,50,-37,49,-38,49,-37,47,-40,46,-37,48,-45,40,-44,38,-44,26,-40,28,0,0,0,0,0,0,0,0,0,0,0,0,0,0,0,0,0,0,0,0,0,0,-6,-78,3,-78,5,-79,6,-82,9,-82,7,-75,8,-73,13,-73,13,-75,13,-76,21,-69,16,-70,11,-70,14,-68,19,-61,11,-60,10,-59,13,-55,8,-57,5,-54,5,-46,4,-46,7,-39,2,-37,0,-31,-6,-29,1,-21,-8,-22,-2,-20,-5,-13,-8,-15,-11,-11,-3,-10,-7,-4,-7,2,-8,9,-7,8,-5,10,-3,20,-7,17,3,25,6,29,6,33,15,28,15,33,17,29,17,33,27,34,29,43,36,46,33,46,37,50,37,52,35,57,45,65,52,54,49,58,0,0]"
CSI_DATA,191,1a:00:00:00:00:00,-49,11,1,0,1,1,1,0,0,0,1,-96,0,11,2,2823015,0,44,0,384,0,"[0,0,0,0,0,0,0,0,0,0,0,0,11,2,10,1,11,0,10,1,9,0,7,0,7,-1,6,-1,6,-1,5,-2,4,-2,3,-2,3,-2,2,-2,1,-2,0,-3,-1,-2,-1,-2,-2,-2,-3,-2,-4,-2,-5,-2,-5,-2,-6,-1,-7,-1,-8,-1,0,0,-9,0,-10,0,-11,0,-12,0,-11,0,-12,0,-13,0,-13,0,-13,0,-14,0,-14,0,-14,0,-14,0,-13,-1,-14,-1,-13,-1,-14,-1,-13,-1,-13,-1,-12,-1,-12,-2,-12,-2,-12,-3,-12,-3,-11,-4,-10,-5,0,0,0,0,0,0,0,0,0,0,0,0,0,0,29,-65,27,-64,22,-73,20,-62,22,-65,22,-52,18,-48,12,-52,13,-43,8,-42,7,-42,-1,-40,1,-35,4,-29,-3,-30,-7,-23,-6,-19,-8,-16,-10,-7,-11,-7,-13,0,-15,-5,-10,7,-8,6,-16,13,-12,19,-15,25,-13,27,-12,32,-10,38,-13,39,-12,43,-15,42,-14,47,-11,54,-17,58,-20,62,-12,65,-21,65,-14,62,-13,62,-19,61,-20,60,-17,65,-22,58,-18,60,-21,66,-20,63,-23,59,-19,57,-18,52,-18,49,-27,49,-26,49,-34,48,-34,42,-34,40,0,0,0,0,0,0,0,0,0,0,0,0,0,0,0,0,0,0,0,0,0,0,-55,-56,-46,-64,-47,-65,-48,-69,-35,-69,-39,-68,-32,-65,-31,-72,-39,-70,-32,-69,-30,-72,-31,-67,-30,-66,-26,-69,-24,-64,-23,-60,-32,-57,-21,-54,-27,-53,-24,-49,-21,-46,-22,-47,-19,-31,-21,-33,-16,-27,-21,-24,-18,-17,-18,-15,-11,-12,-14,-12,-10,-4,-8,-5,-15,3,-8,5,-6,10,-3,9,-1,11,2,8,10,12,8,15,16,13,16,15,23,21,24,23,28,21,42,22,39,20,43,23,48,22,48,23,57,26,58,19,66,26,56,25,69,26,69,28,67,32,0,0]"
CSI_DATA,192,1a:00:00:00:00:00,-49,11,1,0,1,1,1,0,0,0,1,-96,0,11,2,2833032,0,44,0,384,0,"[0,0,0,0,0,0,0,0,0,0,0,0,10,5,9,4,9,3,9,4,8,3,7,3,7,2,6,1,5,1,5,1,4,0,4,-1,3,-1,2,-1,2,-2,1,-3,0,-2,0,-3,-1,-2,-2,-3,-2,-3,-3,-3,-5,-3,-6,-4,-6,-3,-7,-3,0,0,-8,-3,-9,-4,-9,-4,-10,-3,-10,-4,-11,-4,-12,-3,-11,-4,-12,-4,-12,-4,-12,-4,-12,-5,-12,-5,-11,-4,-12,-5,-11,-5,-12,-4,-10,-5,-11,-5,-10,-5,-11,-5,-11,-5,-10,-6,-9,-6,-7,-7,-7,-7,0,0,0,0,0,0,0,0,0,0,0,0,0,0,68,38,64,37,66,27,60,26,59,25,52,24,56,17,50,16,52,11,36,9,39,4,36,7,33,5,27,-2,25,-2,26,-5,16,-7,15,-3,8,-8,9,-13,7,-14,1,-16,-4,-7,-12,-10,-17,-15,-18,-15,-21,-15,-31,-12,-32,-11,-37,-11,-41,-12,-44,-12,-49,-12,-53,-11,-55,-6,-64,-9,-56,-8,-65,-11,-63,-17,-67,-10,-63,-13,-63,-15,-65,-12,-70,-16,-67,-15,-63,-14,-67,-17,-62,-15,-59,-16,-59,-16,-57,-23,-57,-19,-56,-21,-55,-19,-49,-29,-50,-35,-40,-36,0,0,0,0,0,0,0,0,0,0,0,0,0,0,0,0,0,0,0,0,0,0,72,-33,72,-25,74,-29,73,-25,76,-19,74,-19,72,-16,75,-16,77,-20,71,-17,81,-14,70,-14,72,-19,72,-15,68,-9,63,-15,59,-17,56,-11,54,-16,53,-12,49,-14,47,-15,43,-9,33,-10,35,-10,30,-12,23,-8,20,-14,13,-15,11,-17,8,-10,0,-8,-1,-13,-6,-6,-6,-9,-9,-6,-7,-8,-11,0,-20,5,-16,6,-23,6,-22,11,-23,16,-22,21,-25,24,-28,20,-30,32,-25,34,-31,44,-32,51,-29,50,-32,58,-40,63,-37,55,-37,71,-40,67,-36,65,0,0]"
CSI_DATA,193,1a:00:00:00:00:00,-49,11,1,0,1,1,1,0,0,0,1,-96,0,11,2,2843123,0,44,0,384,0,"[0,0,0,0,0,0,0,0,0,0,0,0,7,-10,6,-10,4,-10,4,-9,4,-8,3,-8,2,-8,2,-7,1,-6,1,-6,0,-6,0,-5,-1,-4,-1,-3,-2,-3,-2,-2,-2,-1,-2,-1,-3,0,-3,1,-3,2,-3,3,-3,3,-4,4,-4,5,-4,6,0,0,-4,7,-4,8,-4,9,-4,10,-4,10,-4,10,-4,11,-4,11,-4,12,-5,12,-5,12,-6,11,-6,11,-5,11,-5,12,-5,12,-6,11,-5,11,-5,11,-5,10,-6,10,-6,9,-7,9,-7,8,-8,7,-8,6,0,0,0,0,0,0,0,0,0,0,0,0,0,0,-50,-57,-45,-58,-46,-55,-45,-47,-47,-47,-34,-47,-40,-37,-40,-39,-33,-38,-31,-33,-33,-21,-30,-23,-32,-17,-28,-14,-19,-10,-23,-4,-21,2,-16,5,-14,2,-14,4,-4,8,-7,8,-1,7,1,14,7,12,12,20,14,19,24,21,24,27,32,18,28,24,34,29,32,27,41,28,46,31,42,34,49,34,46,39,46,35,49,41,52,43,54,36,54,36,55,36,53,44,49,43,45,39,48,39,46,34,40,45,42,45,44,41,39,42,29,45,38,41,29,43,20,42,0,0,0,0,0,0,0,0,0,0,0,0,0,0,0,0,0,0,0,0,0,0,-79,13,-75,9,-81,5,-79,1,-83,-3,-79,-8,-77,-5,-75,-7,-74,-4,-73,-7,-73,-2,-73,-6,-71,-4,-68,-9,-65,-10,-67,-7,-63,1,-62,-9,-54,-4,-51,-3,-49,-6,-49,-5,-47,-3,-37,4,-33,0,-34,4,-26,4,-27,5,-20,8,-20,8,-13,12,-9,11,-6,10,-2,12,0,7,5,4,9,12,7,4,9,0,19,-1,22,-3,21,-6,25,-9,27,-12,31,-15,29,-18,31,-19,33,-26,37,-27,49,-36,51,-36,50,-36,53,-39,53,-42,55,-47,56,-50,58,-50,0,0]"
CSI_DATA,194,1a:00:00:00:00:00,-49,11,1,0,1,1,1,0,0,0,1,-96,0,11,2,2853043,0,44,0,384,0,"[0,0,0,0,0,0,0,0,0,0,0,0,-7,-10,-7,-9,-8,-8,-7,-7,-7,-7,-6,-6,-6,-5,-6,-4,-5,-4,-5,-3,-5,-2,-4,-2,-4,-1,-3,0,-2,0,-2,1,-1,1,-1,1,0,2,1,2,1,2,2,3,3,3,4,3,4,4,5,4,0,0,7,4,7,5,8,5,9,5,9,5,10,5,10,5,10,5,10,6,10,6,11,6,10,6,10,6,10,6,10,7,10,6,10,6,9,6,9,6,9,6,8,7,8,7,8,7,7,7,6,8,5,8,0,0,0,0,0,0,0,0,0,0,0,0,0,0,-74,11,-69,13,-64,19,-58,21,-61,18,-52,16,-51,14,-50,14,-45,13,-36,14,-35,19,-31,14,-28,19,-22,17,-17,16,-11,12,-9,14,-5,14,-4,4,1,8,8,11,4,4,14,5,13,-2,12,-1,23,-1,25,-7,31,-16,31,-12,33,-17,34,-20,37,-21,44,-21,35,-31,45,-30,47,-30,48,-26,49,-33,56,-34,50,-36,52,-33,54,-32,56,-31,59,-37,55,-30,56,-31,56,-27,57,-34,52,-32,52,-25,50,-23,47,-26,51,-25,57,-20,54,-13,51,-9,47,-5,0,0,0,0,0,0,0,0,0,0,0,0,0,0,0,0,0,0,0,0,0,0,-21,75,-23,70,-30,75,-28,71,-34,75,-32,68,-32,65,-34,65,-38,66,-36,68,-40,62,-36,60,-37,64,-35,61,-35,50,-33,58,-27,54,-33,50,-24,48,-24,49,-25,46,-19,45,-21,36,-15,39,-16,34,-9,29,-6,23,0,27,-3,19,-2,21,0,14,5,13,5,11,2,7,10,10,10,0,8,-2,7,-8,11,-13,7,-14,6,-14,4,-22,3,-25,0,-29,1,-35,4,-33,-3,-41,-9,-46,-10,-45,-10,-64,-14,-63,-15,-63,-10,-59,-16,-73,-16,-78,-20,-72,-19,-73,0,0]"
CSI_DATA,195,1a:00:00:00:00:00,-49,11,1,0,1,1,1,0,0,0,1,-96,0,11,2,2863381,0,44,0,384,0,"[0,0,0,0,0,0,0,0,0,0,0,0,-5,10,-4,9,-3,7,-3,8,-2,7,-2,6,-2,6,-1,5,-1,5,0,4,0,3,0,3,0,2,0,1,1,0,1,0,1,-1,1,-2,1,-2,1,-3,0,-4,0,-5,0,-5,0,-6,0,-7,0,-8,0,0,-1,-9,-1,-10,-1,-11,-2,-11,-1,-11,-1,-12,-2,-12,-2,-12,-2,-13,-1,-13,-1,-14,-1,-13,-1,-13,-1,-13,-1,-13,-1,-13,-1,-13,-1,-13,-1,-12,-1,-12,0,-12,1,-11,1,-11,2,-11,2,-11,3,-10,0,0,0,0,0,0,0,0,0,0,0,0,0,0,47,52,36,51,41,46,37,46,46,42,33,38,39,35,33,36,35,25,31,25,29,20,25,9,24,14,18,9,16,2,18,4,12,2,11,-4,6,-4,8,-8,0,-10,0,-9,-12,-9,-5,-11,-17,-8,-18,-12,-25,-14,-28,-10,-32,-17,-37,-18,-38,-17,-43,-15,-48,-15,-53,-14,-56,-17,-58,-19,-61,-14,-65,-10,-61,-23,-64,-18,-64,-18,-64,-19,-71,-18,-61,-19,-63,-14,-63,-19,-61,-20,-66,-19,-66,-21,-58,-22,-57,-23,-55,-22,-54,-18,-51,-26,-50,-23,-43,-28,-41,-34,0,0,0,0,0,0,0,0,0,0,0,0,0,0,0,0,0,0,0,0,0,0,78,-2,78,3,76,7,75,18,78,20,79,16,77,19,74,17,75,18,74,19,76,23,73,17,72,15,69,15,63,15,66,17,62,10,58,18,62,15,52,5,48,5,55,4,44,8,45,-4,40,-4,30,-13,29,-1,27,-11,23,-5,26,-5,18,-10,12,-9,11,-12,-2,-6,-1,-14,-4,-16,-1,-15,-7,-11,-12,-9,-14,-3,-20,-6,-24,-1,-27,0,-30,9,-29,8,-34,2,-38,15,-37,24,-46,25,-40,30,-45,33,-44,33,-54,36,-50,34,-57,43,-54,41,-57,46,0,0]"
CSI_DATA,196,1a:00:00:00:00:00,-49,11,1,0,1,1,1,0,0,0,1,-96,0,11,2,2873653,0,44,0,384,0,"[0,0,0,0,0,0,0,0,0,0,0,0,-11,0,-10,1,-9,0,-9,0,-8,1,-7,1,-7,1,-6,1,-5,1,-4,1,-3,1,-3,1,-2,1,-1,1,-1,1,0,1,1,0,1,0,2,-1,2,-1,3,-1,4,-2,4,-2,5,-3,6,-4,6,-4,0,0,7,-6,8,-5,8,-6,8,-7,9,-7,9,-6,9,-7,9,-8,9,-8,9,-7,10,-8,10,-7,10,-7,10,-7,10,-7,10,-7,10,-7,8,-7,9,-6,8,-6,9,-6,9,-5,9,-4,9,-4,9,-3,8,-2,0,0,0,0,0,0,0,0,0,0,0,0,0,0,-68,-9,-65,-4,-61,2,-54,0,-58,0,-52,-4,-53,4,-49,2,-44,7,-38,2,-30,9,-25,7,-24,7,-25,11,-16,6,-11,10,-12,9,-6,8,1,7,4,3,5,0,10,0,11,-1,14,-4,17,-5,24,-7,27,-15,27,-12,33,-22,33,-20,37,-18,37,-22,44,-24,49,-30,46,-28,45,-31,49,-31,53,-33,48,-36,54,-34,57,-36,53,-33,56,-35,60,-35,53,-31,54,-39,55,-34,62,-34,56,-32,54,-32,54,-31,51,-25,51,-25,58,-24,52,-21,49,-13,49,-12,0,0,0,0,0,0,0,0,0,0,0,0,0,0,0,0,0,0,0,0,0,0,-49,61,-52,55,-52,62,-56,59,-64,53,-64,52,-60,49,-60,48,-60,48,-59,49,-61,41,-56,44,-59,53,-57,46,-49,39,-52,43,-46,46,-50,40,-44,43,-38,44,-34,39,-34,41,-32,34,-25,33,-23,32,-15,34,-15,29,-13,25,-8,21,-1,25,-4,15,4,16,7,14,6,11,10,10,13,6,16,2,12,0,18,-3,15,-10,16,-10,16,-13,10,-18,15,-28,8,-30,9,-25,16,-33,9,-40,11,-47,14,-56,10,-54,7,-56,16,-58,5,-61,8,-67,8,-67,7,-71,0,0]"
CSI_DATA,197,1a:00:00:00:00:00,-47,11,1,0,1,1,1,0,0,0,1,-96,0,11,2,2894767,0,44,0,384,0,"[0,0,0,0,0,0,0,0,0,0,0,0,-5,-10,-6,-10,-6,-8,-6,-8,-5,-7,-5,-6,-6,-5,-6,-5,-5,-4,-5,-3,-5,-3,-5,-2,-5,-1,-5,0,-5,1,-4,1,-4,2,-4,2,-4,4,-4,4,-3,4,-3,5,-3,6,-3,7,-2,8,-2,8,0,0,-2,9,-2,10,-2,11,-2,11,-2,11,-2,12,-2,12,-2,12,-3,13,-4,12,-4,13,-4,12,-4,12,-4,12,-5,11,-5,12,-5,11,-5,10,-5,10,-6,10,-6,9,-6,9,-6,8,-7,8,-7,6,-7,6,0,0,0,0,0,0,0,0,0,0,0,0,0,0,-23,-65,-20,-58,-23,-54,-23,-52,-26,-51,-22,-45,-26,-45,-22,-41,-22,-35,-23,-30,-22,-28,-25,-26,-25,-25,-23,-15,-21,-16,-30,-10,-25,-3,-21,-5,-22,2,-23,9,-23,7,-21,10,-22,20,-18,22,-18,21,-18,29,-16,36,-12,38,-13,37,-11,49,-11,49,-16,54,-17,52,-13,57,-13,59,-16,58,-14,59,-14,64,-21,64,-24,67,-23,64,-22,69,-24,62,-23,68,-24,63,-28,64,-30,62,-30,56,-30,52,-33,56,-31,49,-34,53,-33,44,-34,43,-41,37,-40,31,-42,31,0,0,0,0,0,0,0,0,0,0,0,0,0,0,0,0,0,0,0,0,0,0,-45,55,-48,51,-49,48,-59,43,-62,41,-62,39,-63,36,-65,28,-67,34,-63,32,-65,28,-62,28,-63,27,-62,22,-58,18,-58,21,-56,22,-52,17,-47,17,-42,13,-39,10,-36,9,-33,10,-32,14,-29,14,-27,13,-21,8,-16,16,-16,10,-11,14,-10,15,-5,14,-2,17,4,15,4,13,9,9,13,6,13,7,17,8,20,4,21,4,22,-3,29,-3,31,-5,30,-5,31,-8,39,-9,44,-16,39,-15,51,-17,49,-19,53,-26,63,-25,56,-23,63,-29,60,-31,61,-28,0,0]"
CSI_DATA,198,1a:00:00:00:00:00,-46,11,1,0,1,1,1,0,0,0,1,-96,0,11,2,2903088,0,44,0,384,0,"[0,0,0,0,0,0,0,0,0,0,0,0,-10,6,-8,5,-8,6,-7,5,-7,6,-6,5,-5,5,-4,5,-4,5,-3,5,-3,6,-1,5,-1,5,0,4,0,4,1,4,2,4,3,4,3,3,4,4,4,3,5,3,6,3,7,3,8,3,8,3,0,0,9,3,9,4,10,4,11,3,11,4,11,5,12,5,11,5,12,5,11,5,12,5,11,5,11,6,10,7,10,6,10,6,10,7,9,6,8,7,8,6,7,7,6,8,6,7,5,7,4,8,3,8,0,0,0,0,0,0,0,0,0,0,0,0,0,0,-59,32,-58,32,-49,36,-48,27,-49,34,-43,22,-40,32,-35,31,-31,29,-29,26,-27,32,-24,30,-19,26,-14,27,-8,27,-8,30,-3,28,1,27,3,31,10,25,12,31,17,24,19,18,23,24,25,21,32,22,35,20,44,15,43,22,45,16,44,19,51,20,56,20,57,20,60,17,60,27,60,25,67,28,65,28,65,27,68,26,68,30,63,35,63,36,58,33,63,36,57,38,56,38,49,35,48,40,49,36,45,39,41,41,38,43,33,45,25,42,25,45,0,0,0,0,0,0,0,0,0,0,0,0,0,0,0,0,0,0,0,0,0,0,63,31,58,34,63,38,51,42,52,54,45,47,46,45,43,50,45,52,46,56,37,55,37,50,38,53,35,54,25,45,29,50,31,39,23,44,19,39,29,39,22,36,20,33,19,30,18,25,22,24,17,11,13,14,11,10,17,7,19,2,15,-2,13,-4,18,-4,9,-5,10,-9,8,-13,10,-17,3,-23,4,-22,0,-23,-1,-23,-5,-29,-5,-30,-9,-33,-10,-37,-18,-44,-20,-42,-21,-42,-27,-44,-26,-51,-28,-52,-31,-45,-29,-54,-34,-56,-36,-61,-35,-61,-38,-61,0,0]"
CSI_DATA,199,1a:00:00:00:00:00,-46,11,1,0,1,1,1,0,0,0,1,-96,0,11,2,2914098,0,44,0,384,0,"[0,0,0,0,0,0,0,0,0,0,0,0,10,3,9,2,9,2,9,2,8,1,7,1,7,0,7,-1,6,-1,5,-2,5,-2,5,-3,4,-3,4,-4,3,-4,3,-5,2,-6,2,-6,1,-6,0,-6,0,-7,0,-8,-1,-8,-2,-9,-2,-10,-2,-10,0,0,-3,-11,-3,-11,-3,-12,-4,-11,-3,-12,-3,-13,-3,-13,-3,-13,-3,-13,-3,-13,-2,-14,-1,-14,-1,-13,-1,-14,0,-13,0,-13,0,-13,0,-12,1,-12,1,-11,1,-11,2,-10,2,-10,3,-10,4,-9,4,-7,0,0,0,0,0,0,0,0,0,0,0,0,0,0,60,37,56,32,59,30,56,27,57,20,47,25,50,20,46,12,44,16,38,8,41,6,39,3,37,4,32,-1,29,-7,28,-15,25,-13,22,-15,23,-19,23,-22,17,-23,13,-23,9,-30,6,-34,8,-34,7,-39,1,-41,-1,-47,-3,-48,-6,-53,-11,-52,-9,-57,-5,-60,-7,-59,-13,-64,-9,-69,-11,-67,-12,-71,-8,-71,-8,-71,-8,-73,-5,-69,-6,-74,-3,-71,-1,-67,-2,-70,8,-64,7,-68,7,-60,9,-63,8,-60,11,-58,11,-53,17,-54,20,-51,23,-46,28,-41,0,0,0,0,0,0,0,0,0,0,0,0,0,0,0,0,0,0,0,0,0,0,-15,-65,-9,-66,-6,-71,1,-67,3,-71,8,-66,10,-66,13,-64,13,-66,14,-57,14,-60,13,-58,11,-63,12,-56,17,-53,15,-49,11,-50,12,-49,13,-42,7,-41,9,-42,5,-38,5,-34,-1,-33,2,-25,-2,-25,-5,-25,-7,-18,-8,-19,-12,-18,-13,-12,-16,-9,-18,-9,-17,-8,-22,-5,-22,0,-21,0,-22,6,-26,7,-30,16,-23,18,-28,19,-25,25,-24,28,-28,33,-21,37,-29,35,-30,40,-30,46,-34,54,-29,56,-32,55,-31,60,-34,61,-35,64,-36,64,-34,64,0,0]"
CSI_DATA,200,1a:00:00:00:00:00,-46,11,1,0,1,1,1,0,0,0,1,-96,0,11,2,2933629,0,44,0,384,0,"[0,0,0,0,0,0,0,0,0,0,0,0,-3,10,-2,10,-2,10,-2,9,-1,8,-1,8,0,7,0,7,0,7,1,6,1,6,2,5,2,5,3,4,3,3,4,3,4,3,4,2,4,1,4,1,5,0,5,0,5,0,6,-1,7,-1,7,-1,0,0,8,-2,8,-2,9,-3,9,-3,9,-3,10,-3,10,-3,10,-3,10,-2,11,-2,11,-2,10,-1,10,-1,11,-1,10,0,11,0,10,0,9,1,9,1,9,1,8,2,8,2,7,3,6,3,6,4,5,4,0,0,0,0,0,0,0,0,0,0,0,0,0,0,-3,73,-6,69,-1,68,0,64,2,65,1,60,1,58,5,57,7,46,1,47,8,41,9,40,21,37,17,29,19,28,18,23,22,22,19,18,20,19,25,13,31,11,25,8,26,8,31,1,32,0,28,-5,33,-8,34,-12,37,-11,39,-17,42,-17,48,-20,45,-21,48,-26,46,-30,57,-26,51,-26,54,-30,61,-24,52,-25,58,-24,63,-27,63,-19,59,-22,60,-14,62,-22,61,-18,56,-12,53,-14,60,-9,52,-7,57,-4,52,-1,48,6,46,10,49,5,39,19,0,0,0,0,0,0,0,0,0,0,0,0,0,0,0,0,0,0,0,0,0,0,43,-56,47,-52,57,-52,59,-48,64,-36,62,-41,63,-41,63,-34,66,-38,66,-30,65,-27,60,-24,67,-27,62,-19,58,-18,58,-21,54,-21,52,-15,49,-17,47,-19,39,-10,40,-13,34,-11,38,-14,35,-17,28,-18,21,-15,20,-14,12,-13,14,-14,5,-14,1,-17,5,-20,-1,-12,-5,-20,-5,-20,-8,-15,-15,-13,-18,-14,-22,-11,-23,-8,-30,-7,-38,-8,-33,-3,-36,-8,-46,-5,-48,-6,-50,1,-53,4,-54,4,-55,3,-64,3,-70,-1,-67,4,-73,0,-74,3,-75,-3,0,0]"
CSI_DATA,201,1a:00:00:00:00:00,-46,11,1,0,1,1,1,0,0,0,1,-96,0,11,2,2943500,0,44,0,384,0,"[0,0,0,0,0,0,0,0,0,0,0,0,9,-10,8,-10,5,-10,7,-9,6,-8,5,-8,5,-8,4,-8,3,-8,2,-7,2,-7,1,-7,1,-7,-1,-6,-1,-6,-2,-6,-2,-5,-3,-5,-3,-5,-4,-4,-5,-4,-6,-4,-6,-3,-7,-4,-8,-4,-9,-3,0,0,-10,-3,-10,-3,-11,-3,-11,-3,-11,-3,-11,-3,-12,-3,-11,-4,-12,-4,-12,-4,-12,-5,-12,-6,-11,-6,-11,-6,-11,-6,-11,-6,-10,-6,-10,-6,-10,-7,-9,-6,-8,-8,-7,-8,-7,-7,-6,-8,-5,-8,-4,-8,0,0,0,0,0,0,0,0,0,0,0,0,0,0,61,-42,58,-42,48,-47,44,-39,49,-41,45,-41,50,-37,45,-40,32,-36,32,-35,28,-36,22,-29,23,-35,20,-28,13,-30,15,-31,8,-33,3,-29,1,-27,-2,-26,-6,-28,-11,-25,-15,-23,-17,-23,-18,-22,-22,-21,-29,-21,-32,-18,-38,-17,-37,-20,-41,-16,-42,-19,-47,-22,-53,-22,-55,-19,-52,-27,-53,-25,-58,-25,-56,-25,-60,-31,-57,-28,-56,-28,-55,-33,-57,-33,-53,-36,-50,-34,-47,-37,-47,-41,-41,-33,-40,-36,-36,-37,-37,-36,-30,-39,-27,-38,-24,-40,-19,-39,-13,-40,0,0,0,0,0,0,0,0,0,0,0,0,0,0,0,0,0,0,0,0,0,0,-74,6,-76,-1,-74,-10,-74,-14,-72,-16,-68,-16,-70,-21,-72,-22,-72,-26,-67,-26,-67,-27,-64,-26,-70,-30,-60,-31,-56,-32,-49,-29,-52,-26,-45,-24,-46,-26,-47,-25,-43,-18,-46,-25,-34,-22,-37,-13,-31,-18,-33,-8,-26,-4,-28,-4,-22,-1,-21,0,-19,1,-18,5,-16,8,-16,11,-12,13,-5,15,-5,15,-2,20,4,17,8,22,7,24,13,26,20,30,20,30,22,30,22,35,27,35,33,31,33,39,41,40,43,40,50,44,48,49,46,48,54,55,50,57,50,53,0,0]"
CSI_DATA,202,1a:00:00:00:00:00,-46,11,1,0,1,1,1,0,0,0,1,-96,0,11,2,2953058,0,44,0,384,0,"[0,0,0,0,0,0,0,0,0,0,0,0,10,5,10,4,10,4,10,3,7,4,7,1,8,-1,6,2,7,1,6,1,5,-1,5,-2,4,-2,4,-2,4,-2,2,-3,3,-4,2,-4,1,-5,0,-6,0,-6,-1,-6,0,-6,-1,-8,-2,-8,-2,-8,0,0,-3,-10,-2,-10,-3,-11,-4,-10,-3,-11,-3,-11,-3,-12,-3,-12,-3,-12,-3,-12,-2,-12,-1,-12,-2,-12,-1,-13,-1,-11,0,-12,0,-11,0,-11,0,-11,0,-10,1,-10,2,-10,2,-9,3,-8,3,-8,3,-7,0,0,0,0,0,0,0,0,0,0,0,0,0,0,56,34,79,56,50,30,58,43,36,29,58,30,43,34,38,34,38,38,43,21,41,12,46,27,30,9,37,8,44,2,28,-2,28,-4,16,-8,23,-10,20,-15,20,-19,17,-21,10,-23,8,-24,-1,-30,6,-33,2,-36,-4,-39,1,-38,-6,-42,-3,-43,-7,-46,-6,-49,-4,-55,-12,-57,-2,-59,-6,-63,-10,-61,-8,-65,-4,-64,0,-66,2,-62,-1,-67,3,-64,0,-61,8,-64,11,-59,8,-62,10,-55,12,-54,14,-52,11,-57,16,-47,21,-48,20,-42,25,-39,29,-34,0,0,0,0,0,0,0,0,0,0,0,0,0,0,0,0,0,0,0,0,0,0,-15,-76,-8,-74,-7,-79,-3,-77,2,-79,5,-74,6,-77,11,-76,10,-74,13,-74,18,-74,15,-70,13,-68,16,-67,18,-61,20,-60,18,-61,22,-60,15,-49,14,-53,10,-46,11,-53,12,-44,11,-40,6,-37,6,-40,5,-28,-2,-28,-2,-27,-6,-24,-8,-23,-10,-18,-11,-15,-13,-13,-15,-12,-19,-3,-16,-3,-19,-3,-18,2,-24,11,-22,10,-23,18,-23,24,-27,27,-26,22,-18,39,-24,33,-25,40,-31,50,-38,59,-34,56,-30,59,-46,49,-32,61,-40,62,-54,62,-40,66,0,0]"
CSI_DATA,203,1a:00:00:00:00:00,-46,11,1,0,1,1,1,0,0,0,1,-96,0,11,2,2963050,0,44,0,384,0,"[0,0,0,0,0,0,0,0,0,0,0,0,4,10,5,9,5,8,5,8,4,7,4,6,4,5,4,5,4,4,4,4,4,3,4,2,4,1,4,1,4,0,4,-1,4,-1,4,-2,4,-3,4,-3,4,-4,4,-5,4,-5,4,-6,4,-7,4,-8,0,0,4,-8,5,-9,4,-9,4,-10,5,-10,5,-10,5,-10,5,-10,6,-10,6,-10,7,-10,7,-9,7,-9,7,-9,7,-8,7,-8,7,-8,7,-7,7,-7,7,-6,7,-6,7,-5,7,-5,7,-4,7,-3,7,-2,0,0,0,0,0,0,0,0,0,0,0,0,0,0,26,66,23,71,28,61,17,56,25,58,20,54,21,54,19,45,24,43,19,37,25,32,22,33,27,33,30,22,22,20,26,13,26,12,24,5,23,4,27,0,27,-4,25,-1,25,-13,26,-12,24,-19,24,-23,25,-27,25,-31,24,-34,27,-41,23,-36,30,-45,28,-41,30,-45,30,-46,31,-50,31,-48,34,-49,39,-49,42,-50,39,-49,41,-51,42,-50,43,-53,43,-46,46,-43,49,-39,42,-40,42,-40,44,-39,44,-26,43,-31,44,-27,45,-17,39,-16,46,-15,41,-10,0,0,0,0,0,0,0,0,0,0,0,0,0,0,0,0,0,0,0,0,0,0,20,-70,30,-70,34,-64,35,-70,40,-64,45,-59,41,-57,46,-52,51,-59,49,-50,48,-52,49,-49,53,-49,49,-48,46,-42,46,-35,44,-42,43,-35,38,-34,34,-33,35,-30,31,-34,31,-30,24,-22,28,-21,19,-24,19,-21,14,-22,9,-18,8,-18,8,-20,2,-19,-5,-15,-5,-17,-11,-15,-12,-13,-14,-13,-13,-8,-20,-4,-23,-3,-27,0,-32,9,-32,3,-31,9,-38,12,-37,13,-40,15,-42,19,-46,24,-52,23,-50,28,-56,29,-66,30,-60,30,-62,33,-64,32,-72,34,0,0]"
CSI_DATA,204,1a:00:00:00:00:00,-46,11,1,0,1,1,1,0,0,0,1,-96,0,11,2,2973009,0,44,0,384,0,"[0,0,0,0,0,0,0,0,0,0,0,0,5,10,5,9,6,8,5,8,5,7,4,6,4,6,5,5,5,4,5,4,5,3,5,2,5,1,5,1,5,1,5,-1,4,-2,4,-2,4,-3,4,-3,4,-5,4,-5,4,-5,4,-6,5,-7,5,-8,0,0,4,-8,5,-9,5,-10,5,-10,5,-9,5,-10,5,-10,5,-10,6,-11,6,-10,7,-10,7,-9,7,-9,7,-9,8,-9,8,-8,7,-9,7,-7,7,-7,7,-7,7,-6,7,-6,7,-5,8,-4,8,-2,7,-2,0,0,0,0,0,0,0,0,0,0,0,0,0,0,33,69,31,69,32,59,29,59,26,62,25,56,25,47,27,49,26,39,25,38,27,34,26,30,29,32,26,26,29,19,24,14,32,16,23,7,30,2,25,-1,28,-8,27,-7,21,-14,28,-16,27,-19,28,-19,27,-25,25,-36,24,-32,30,-39,29,-40,28,-43,30,-43,34,-47,31,-47,36,-54,34,-47,39,-50,40,-51,42,-53,43,-52,50,-46,47,-48,50,-47,45,-43,45,-41,51,-40,49,-34,48,-37,44,-34,47,-22,45,-23,47,-25,41,-15,44,-11,45,-12,41,-1,0,0,0,0,0,0,0,0,0,0,0,0,0,0,0,0,0,0,0,0,0,0,9,-77,18,-72,26,-70,32,-70,37,-70,39,-66,41,-67,43,-63,45,-61,40,-57,45,-58,45,-56,50,-54,44,-53,47,-46,44,-43,45,-45,41,-40,35,-41,30,-34,34,-33,30,-33,27,-29,25,-29,20,-30,20,-27,17,-21,7,-26,11,-22,2,-18,0,-15,-3,-18,-4,-17,-9,-14,-12,-10,-13,-9,-14,-8,-20,-7,-21,-2,-24,-3,-27,5,-29,3,-35,8,-35,14,-38,14,-42,15,-45,19,-46,23,-55,24,-51,29,-52,30,-60,31,-66,36,-58,31,-67,34,-72,40,-67,36,0,0]"
CSI_DATA,205,1a:00:00:00:00:00,-46,11,1,0,1,1,1,0,0,0,1,-96,0,11,2,2993156,0,44,0,384,0,"[0,0,0,0,0,0,0,0,0,0,0,0,9,7,8,7,8,6,8,6,7,5,7,5,6,4,6,4,6,3,5,2,6,1,6,0,6,0,5,-1,5,-1,4,-2,5,-3,4,-3,4,-4,4,-4,4,-4,3,-5,3,-6,3,-7,3,-8,3,-8,0,0,3,-9,3,-9,3,-11,4,-10,3,-11,4,-11,4,-11,4,-11,5,-11,5,-10,5,-10,5,-10,5,-10,6,-10,6,-9,6,-9,6,-8,6,-8,7,-7,6,-6,7,-6,7,-6,6,-5,7,-5,7,-4,6,-3,0,0,0,0,0,0,0,0,0,0,0,0,0,0,49,55,51,57,49,51,43,52,43,50,43,45,39,36,41,37,40,33,39,31,39,27,30,19,35,21,33,19,30,13,33,11,33,10,28,-3,29,1,23,-4,29,-13,28,-10,27,-12,24,-22,22,-19,18,-27,19,-29,22,-37,20,-36,18,-40,26,-42,22,-50,22,-47,24,-53,21,-55,24,-59,21,-54,21,-58,25,-56,26,-56,31,-55,35,-54,35,-52,33,-58,38,-52,40,-47,42,-45,37,-44,40,-38,36,-41,41,-38,40,-31,38,-33,38,-29,36,-21,43,-15,42,-11,0,0,0,0,0,0,0,0,0,0,0,0,0,0,0,0,0,0,0,0,0,0,-20,-72,-15,-75,-7,-69,-6,-74,-1,-70,6,-71,5,-65,5,-67,10,-73,13,-65,17,-66,15,-63,10,-66,16,-62,20,-58,19,-52,16,-58,18,-49,13,-50,10,-48,7,-40,8,-42,12,-35,8,-36,6,-35,3,-30,2,-27,-4,-26,-5,-21,-8,-19,-8,-18,-13,-16,-14,-10,-15,-10,-18,-6,-18,1,-17,-4,-22,4,-27,6,-26,10,-28,15,-27,19,-33,24,-27,22,-29,28,-27,36,-33,33,-37,42,-33,45,-39,44,-46,49,-43,51,-51,55,-46,48,-51,59,-54,59,-49,57,0,0]"
CSI_DATA,206,1a:00:00:00:00:00,-45,11,1,0,1,1,1,0,0,0,1,-96,0,11,2,3023045,0,44,0,384,0,"[0,0,0,0,0,0,0,0,0,0,0,0,9,7,8,6,9,5,9,5,8,5,7,4,7,3,7,3,6,3,6,2,6,1,6,0,6,0,5,0,5,-1,5,-3,5,-3,4,-3,4,-4,4,-5,4,-5,3,-6,4,-6,3,-7,4,-8,3,-8,0,0,4,-9,4,-10,4,-10,4,-10,4,-10,5,-11,5,-11,5,-11,5,-11,5,-10,6,-10,6,-10,6,-10,6,-9,7,-9,7,-8,7,-8,7,-7,7,-7,7,-6,7,-6,7,-6,7,-5,7,-4,7,-2,7,-2,0,0,0,0,0,0,0,0,0,0,0,0,0,0,56,51,57,52,56,46,52,40,49,46,44,46,48,35,46,36,43,30,36,29,43,21,37,20,38,13,37,8,32,14,37,4,36,5,38,-3,32,-6,34,-9,32,-13,31,-15,27,-21,21,-19,27,-24,25,-26,24,-28,23,-41,24,-36,26,-40,24,-42,24,-46,26,-50,30,-51,25,-51,29,-52,30,-57,30,-56,36,-53,33,-55,37,-51,38,-54,43,-56,38,-56,42,-51,43,-48,43,-44,44,-46,46,-40,44,-34,44,-32,46,-29,44,-26,45,-20,43,-15,43,-12,43,-7,0,0,0,0,0,0,0,0,0,0,0,0,0,0,0,0,0,0,0,0,0,0,-39,-63,-27,-68,-23,-68,-19,-70,-14,-66,-12,-68,-6,-66,-4,-72,-5,-73,-4,-65,6,-63,3,-63,5,-64,0,-60,5,-57,9,-52,3,-55,11,-48,3,-47,5,-44,2,-37,1,-38,-1,-36,-5,-27,-9,-30,-1,-24,-5,-21,-12,-22,-8,-16,-14,-17,-15,-13,-17,-11,-18,-8,-19,-6,-21,-3,-21,4,-26,4,-22,4,-27,13,-26,14,-27,17,-27,23,-28,28,-31,30,-28,31,-34,41,-33,39,-34,41,-33,49,-38,50,-37,56,-37,57,-50,56,-45,60,-50,63,-48,66,-45,60,0,0]"
CSI_DATA,207,1a:00:00:00:00:00,-45,11,1,0,1,1,1,0,0,0,1,-96,0,11,2,3033018,0,44,0,384,0,"[0,0,0,0,0,0,0,0,0,0,0,0,8,7,8,7,8,7,8,7,7,6,7,5,7,4,7,4,7,3,6,2,6,2,6,1,6,0,6,0,5,-1,6,-2,5,-3,5,-3,4,-4,5,-5,5,-5,4,-6,4,-6,4,-7,4,-8,5,-8,0,0,4,-9,5,-10,5,-11,5,-10,5,-10,5,-11,6,-11,5,-11,6,-11,7,-10,7,-10,7,-10,7,-10,7,-10,8,-8,8,-8,7,-8,7,-8,8,-7,7,-7,8,-5,8,-5,7,-5,8,-4,7,-3,7,-2,0,0,0,0,0,0,0,0,0,0,0,0,0,0,43,59,48,57,46,55,38,47,44,53,38,47,38,44,40,39,33,35,34,33,35,24,32,22,34,24,35,18,31,14,31,8,36,6,33,-1,31,-3,29,-4,32,-13,32,-11,30,-16,29,-19,25,-24,28,-24,25,-30,27,-33,30,-36,31,-41,28,-42,28,-49,28,-42,31,-47,30,-52,33,-52,37,-52,35,-56,38,-51,36,-52,35,-55,44,-50,45,-50,45,-47,44,-46,48,-46,46,-40,42,-42,42,-33,43,-31,47,-30,46,-28,44,-24,44,-20,43,-17,42,-12,37,-5,0,0,0,0,0,0,0,0,0,0,0,0,0,0,0,0,0,0,0,0,0,0,-6,-68,-2,-70,1,-70,7,-71,10,-66,14,-67,15,-65,15,-67,16,-65,18,-58,24,-62,21,-61,20,-59,22,-55,21,-49,23,-48,20,-49,20,-45,17,-35,15,-40,19,-32,12,-40,12,-32,11,-32,6,-27,1,-27,-1,-25,-7,-21,-2,-18,-7,-19,-7,-16,-12,-13,-14,-9,-20,-10,-20,-6,-19,-4,-22,-1,-25,2,-23,3,-34,6,-29,13,-33,14,-38,16,-34,24,-38,25,-35,24,-43,30,-43,34,-46,39,-45,40,-47,45,-54,47,-52,50,-51,45,-60,49,-60,56,-55,49,0,0]"
CSI_DATA,208,1a:00:00:00:00:00,-46,11,1,0,1,1,1,0,0,0,1,-96,0,11,2,3054688,0,44,0,384,0,"[0,0,0,0,0,0,0,0,0,0,0,0,5,-11,5,-10,3,-10,3,-10,3,-9,2,-9,1,-8,1,-8,1,-8,0,-7,-1,-8,-2,-6,-2,-6,-2,-6,-3,-5,-4,-5,-4,-4,-4,-4,-5,-4,-6,-4,-6,-3,-7,-3,-8,-3,-8,-2,-9,-2,-9,-2,0,0,-10,-1,-11,-2,-11,-1,-12,-1,-11,-1,-12,-1,-12,-1,-12,-2,-13,-2,-13,-3,-13,-3,-12,-3,-12,-3,-11,-4,-12,-4,-11,-4,-11,-4,-9,-4,-10,-4,-9,-5,-9,-5,-8,-5,-8,-6,-7,-6,-6,-6,-5,-6,0,0,0,0,0,0,0,0,0,0,0,0,0,0,37,-68,34,-61,22,-70,24,-63,21,-60,25,-53,16,-54,13,-54,13,-48,10,-47,8,-42,5,-42,-3,-43,-2,-36,-9,-34,-9,-37,-14,-33,-12,-27,-15,-29,-22,-25,-26,-21,-23,-19,-24,-15,-31,-14,-33,-9,-34,-10,-37,-5,-47,0,-45,-2,-51,0,-54,4,-58,7,-51,-1,-57,1,-57,5,-66,0,-66,-2,-64,4,-70,-1,-67,1,-71,-1,-67,-3,-70,-5,-68,-3,-67,-4,-66,-6,-68,-10,-62,-17,-59,-10,-55,-12,-54,-15,-50,-18,-48,-20,-46,-23,-44,-23,-38,-25,-30,-31,0,0,0,0,0,0,0,0,0,0,0,0,0,0,0,0,0,0,0,0,0,0,-60,37,-66,27,-65,24,-69,19,-70,17,-67,11,-64,11,-72,5,-74,2,-70,0,-66,0,-64,2,-67,0,-64,2,-62,-5,-57,6,-60,1,-52,-4,-57,1,-45,1,-44,-2,-41,-3,-39,1,-34,5,-30,10,-27,9,-26,8,-24,10,-17,11,-13,14,-14,12,-9,14,-12,18,-7,23,2,24,6,22,6,24,9,25,11,21,16,26,24,24,26,21,34,22,31,26,35,20,44,14,42,24,47,24,51,22,52,25,58,25,61,21,66,28,67,24,69,29,69,31,71,30,0,0]"
CSI_DATA,209,1a:00:00:00:00:00,-46,11,1,0,1,1,1,0,0,0,1,-96,0,11,2,3063038,0,44,0,384,0,"[0,0,0,0,0,0,0,0,0,0,0,0,-2,-12,-3,-12,-4,-10,-3,-11,-3,-10,-3,-9,-4,-8,-4,-7,-4,-7,-4,-6,-4,-6,-5,-5,-5,-4,-6,-4,-6,-3,-6,-3,-6,-1,-6,-1,-6,0,-7,1,-6,1,-7,2,-7,2,-8,3,-8,4,-8,4,0,0,-9,5,-9,5,-10,6,-10,6,-10,6,-11,5,-11,6,-11,5,-11,5,-11,5,-12,5,-12,4,-12,4,-12,4,-12,3,-12,3,-11,2,-11,2,-11,1,-10,1,-11,0,-10,0,-9,-1,-9,-2,-9,-3,-8,-3,0,0,0,0,0,0,0,0,0,0,0,0,0,0,-4,-70,-8,-67,-11,-67,-7,-62,-12,-62,-11,-62,-13,-51,-10,-51,-14,-48,-14,-46,-14,-47,-17,-33,-19,-39,-22,-30,-19,-22,-26,-24,-31,-24,-28,-11,-26,-15,-27,-9,-33,-7,-32,-1,-31,4,-32,6,-34,9,-35,7,-30,14,-36,22,-42,21,-45,27,-41,27,-50,31,-47,25,-48,35,-51,35,-58,32,-52,36,-58,38,-56,35,-63,33,-52,33,-60,31,-68,27,-61,25,-62,20,-61,22,-62,21,-56,19,-59,13,-58,13,-53,11,-56,7,-51,1,-49,-2,-49,-7,-44,-14,-42,-13,0,0,0,0,0,0,0,0,0,0,0,0,0,0,0,0,0,0,0,0,0,0,-29,68,-33,65,-43,61,-47,63,-42,53,-50,53,-48,50,-50,46,-54,45,-54,40,-50,44,-50,41,-51,42,-50,36,-50,29,-43,29,-48,39,-45,29,-40,30,-37,26,-30,20,-33,30,-26,19,-30,26,-21,18,-16,26,-10,21,-10,20,-12,22,-4,24,1,16,7,20,2,19,8,15,10,14,11,19,12,15,22,11,27,8,29,8,26,6,32,6,36,3,43,-2,41,1,48,-1,53,-2,49,-6,54,-9,57,-9,60,-10,64,-14,69,-10,63,-10,76,-12,73,-15,73,-8,0,0]"
CSI_DATA,210,1a:00:00:00:00:00,-46,11,1,0,1,1,1,0,0,0,1,-96,0,11,2,3073052,0,44,0,384,0,"[0,0,0,0,0,0,0,0,0,0,0,0,10,-5,9,-5,8,-5,8,-5,7,-5,6,-5,6,-5,5,-5,4,-5,3,-6,3,-6,2,-6,2,-6,1,-5,0,-5,-1,-6,-2,-6,-2,-5,-3,-5,-3,-6,-4,-6,-4,-6,-5,-6,-6,-6,-6,-7,-7,-6,0,0,-8,-7,-9,-7,-9,-7,-9,-7,-9,-8,-9,-8,-10,-8,-9,-9,-10,-9,-9,-9,-9,-9,-8,-10,-8,-10,-8,-10,-7,-10,-7,-9,-7,-9,-6,-10,-6,-9,-5,-9,-5,-9,-3,-9,-3,-9,-2,-9,-1,-9,0,-8,0,0,0,0,0,0,0,0,0,0,0,0,0,0,72,-27,62,-23,66,-27,53,-27,54,-31,48,-26,46,-26,45,-25,40,-23,37,-28,27,-26,28,-31,25,-26,23,-32,15,-27,15,-27,10,-28,4,-30,-1,-27,0,-27,-9,-30,-12,-27,-15,-27,-14,-30,-27,-26,-28,-25,-35,-26,-36,-25,-35,-31,-39,-24,-38,-25,-46,-27,-50,-28,-56,-28,-55,-31,-59,-37,-60,-37,-59,-39,-60,-42,-60,-35,-59,-40,-56,-49,-55,-49,-54,-47,-49,-46,-50,-42,-47,-42,-42,-51,-41,-50,-35,-44,-37,-45,-35,-45,-29,-41,-21,-47,-19,-46,-12,-48,-9,-45,0,0,0,0,0,0,0,0,0,0,0,0,0,0,0,0,0,0,0,0,0,0,-66,-22,-66,-25,-67,-30,-64,-39,-64,-41,-57,-42,-57,-40,-54,-44,-57,-44,-51,-43,-50,-51,-44,-46,-52,-47,-46,-41,-43,-43,-36,-42,-44,-38,-32,-37,-33,-31,-39,-30,-34,-27,-35,-28,-28,-21,-31,-19,-26,-20,-26,-15,-20,-9,-24,-6,-23,-4,-23,1,-19,4,-21,6,-16,9,-15,9,-13,17,-12,22,-10,24,-11,20,-7,26,-5,34,-2,32,3,35,5,36,6,40,10,40,16,38,19,46,20,46,19,47,26,57,27,61,25,59,29,65,29,64,35,72,35,67,35,70,0,0]"
CSI_DATA,211,1a:00:00:00:00:00,-46,11,1,0,1,1,1,0,0,0,1,-96,0,11,2,3103382,0,44,0,384,0,"[0,0,0,0,0,0,0,0,0,0,0,0,8,-8,7,-8,7,-8,6,-8,5,-7,4,-7,4,-7,3,-7,3,-7,2,-7,2,-6,1,-6,0,-6,-1,-6,-1,-6,-2,-6,-3,-5,-3,-5,-4,-5,-5,-4,-5,-4,-6,-4,-7,-4,-7,-4,-8,-4,-9,-4,0,0,-10,-4,-10,-4,-11,-4,-11,-4,-11,-5,-11,-5,-12,-5,-11,-5,-12,-5,-12,-6,-11,-6,-11,-7,-10,-7,-10,-7,-10,-7,-10,-7,-9,-7,-9,-7,-9,-7,-8,-7,-8,-7,-7,-8,-6,-8,-5,-8,-4,-8,-3,-8,0,0,0,0,0,0,0,0,0,0,0,0,0,0,54,-52,57,-48,47,-52,42,-43,44,-50,39,-40,38,-41,37,-43,31,-37,23,-39,17,-37,15,-38,11,-36,11,-33,3,-29,-1,-32,-2,-37,-4,-29,-9,-28,-10,-24,-19,-26,-20,-28,-22,-23,-23,-22,-29,-20,-32,-18,-36,-20,-38,-15,-44,-18,-46,-14,-48,-18,-58,-19,-53,-17,-61,-19,-60,-11,-59,-23,-64,-17,-67,-23,-63,-22,-67,-24,-65,-23,-60,-28,-62,-30,-66,-30,-56,-33,-58,-27,-58,-30,-57,-29,-51,-31,-51,-35,-46,-39,-45,-34,-44,-41,-34,-40,-32,-42,-27,-36,-20,-43,0,0,0,0,0,0,0,0,0,0,0,0,0,0,0,0,0,0,0,0,0,0,-70,15,-68,10,-70,4,-69,-1,-68,-5,-66,-14,-68,-9,-67,-14,-65,-14,-62,-14,-61,-16,-56,-16,-62,-17,-61,-22,-53,-18,-48,-20,-52,-12,-52,-15,-43,-15,-47,-15,-40,-18,-41,-11,-35,-4,-32,-5,-35,-4,-31,2,-24,5,-19,8,-24,6,-20,10,-18,10,-14,17,-16,15,-16,19,-9,20,-1,22,0,23,4,25,7,24,7,28,8,35,16,33,19,33,23,34,28,36,33,28,32,34,37,37,41,38,45,42,46,44,51,45,54,50,52,44,54,52,54,56,51,55,0,0]"
CSI_DATA,212,1a:00:00:00:00:00,-46,11,1,0,1,1,1,0,0,0,1,-96,0,11,2,3113231,0,44,0,384,0,"[0,0,0,0,0,0,0,0,0,0,0,0,-10,6,-9,6,-8,6,-8,6,-7,5,-7,5,-6,6,-5,5,-5,6,-4,4,-3,5,-3,5,-2,5,-2,5,-1,5,0,5,1,5,1,4,2,5,2,5,3,5,3,5,4,5,6,4,6,5,6,5,0,0,7,6,7,5,8,6,8,6,8,6,8,7,8,7,8,7,9,8,8,8,8,8,7,9,7,8,7,9,6,8,6,9,5,9,6,8,5,8,4,8,3,9,3,8,2,8,1,8,1,8,0,7,0,0,0,0,0,0,0,0,0,0,0,0,0,0,-68,30,-65,26,-60,29,-58,30,-59,31,-47,27,-50,30,-44,26,-44,25,-40,23,-29,26,-26,31,-32,32,-24,29,-18,26,-13,28,-13,30,-6,26,-6,29,-2,31,5,33,7,31,9,27,14,28,18,27,18,33,24,27,28,33,29,33,39,32,39,31,42,34,43,36,44,33,47,35,45,44,47,40,51,43,47,43,48,46,48,47,43,46,42,51,46,51,37,51,39,49,34,50,34,53,32,46,31,51,26,49,25,51,18,53,13,51,9,48,8,48,1,47,0,0,0,0,0,0,0,0,0,0,0,0,0,0,0,0,0,0,0,0,0,0,71,-10,65,-1,73,4,68,9,73,15,62,19,61,20,64,20,64,22,63,23,60,25,60,26,60,22,64,30,52,29,49,28,50,22,47,24,43,21,42,20,41,20,39,17,33,14,33,12,31,10,30,2,29,4,23,-3,27,-2,23,-4,20,-11,18,-10,17,-13,16,-16,12,-18,10,-21,9,-23,6,-23,5,-26,3,-31,-1,-29,-8,-35,-5,-36,-13,-40,-12,-39,-22,-49,-23,-44,-22,-42,-29,-54,-27,-55,-35,-56,-37,-60,-35,-61,-36,-60,-36,-69,-35,-66,-37,-65,0,0]"
CSI_DATA,213,1a:00:00:00:00:00,-46,11,1,0,1,1,1,0,0,0,1,-96,0,11,2,3123032,0,44,0,384,0,"[0,0,0,0,0,0,0,0,0,0,0,0,-5,-11,-6,-10,-6,-10,-5,-9,-5,-8,-5,-8,-6,-7,-6,-6,-5,-6,-6,-5,-5,-5,-6,-4,-6,-4,-6,-3,-6,-2,-6,-1,-6,-1,-6,0,-6,1,-6,2,-6,2,-6,3,-6,3,-6,4,-7,5,-7,5,0,0,-7,6,-8,6,-7,7,-8,7,-8,7,-8,7,-8,8,-8,8,-9,7,-9,7,-10,7,-10,6,-10,6,-10,6,-10,5,-10,5,-10,5,-10,5,-10,4,-10,3,-10,3,-9,2,-9,2,-9,0,-9,-1,-9,-1,0,0,0,0,0,0,0,0,0,0,0,0,0,0,-40,-59,-41,-59,-47,-50,-38,-49,-37,-48,-34,-44,-34,-41,-36,-39,-32,-29,-34,-32,-35,-29,-38,-28,-37,-25,-33,-21,-31,-19,-29,-15,-34,-8,-29,0,-29,-2,-28,-3,-30,5,-26,9,-25,13,-25,14,-26,20,-26,25,-22,25,-21,31,-30,29,-24,41,-27,37,-28,43,-25,43,-29,46,-27,45,-33,52,-32,48,-30,54,-34,55,-38,53,-40,53,-37,52,-40,50,-43,50,-43,49,-45,47,-48,44,-47,43,-49,40,-46,32,-46,31,-45,34,-44,28,-44,24,-45,20,-48,14,-43,8,0,0,0,0,0,0,0,0,0,0,0,0,0,0,0,0,0,0,0,0,0,0,20,67,13,64,4,69,5,71,-5,70,-8,69,-9,68,-6,62,-17,68,-16,60,-21,64,-18,58,-15,60,-17,58,-18,51,-14,50,-15,56,-23,50,-21,45,-15,41,-16,36,-14,31,-15,33,-8,30,-6,30,-2,21,-4,24,5,25,9,22,5,22,11,19,14,16,17,12,21,18,18,13,16,6,20,5,21,3,28,2,27,0,31,-8,29,-10,33,-12,34,-19,32,-16,32,-20,35,-22,36,-34,41,-31,44,-35,44,-38,51,-42,54,-39,51,-38,59,-47,55,-49,57,-43,0,0]"
CSI_DATA,214,1a:00:00:00:00:00,-46,11,1,0,1,1,1,0,0,0,1,-96,0,11,2,3133042,0,44,0,384,0,"[0,0,0,0,0,0,0,0,0,0,0,0,9,-7,8,-7,7,-7,7,-7,7,-6,6,-6,5,-6,5,-6,4,-6,4,-6,3,-6,2,-6,1,-6,1,-6,0,-6,-1,-6,-1,-6,-1,-6,-3,-5,-3,-5,-3,-5,-4,-5,-5,-5,-6,-5,-6,-6,-7,-6,0,0,-8,-5,-8,-6,-8,-6,-10,-6,-9,-6,-9,-7,-10,-7,-9,-7,-10,-7,-10,-8,-10,-8,-8,-8,-8,-9,-8,-8,-8,-9,-8,-9,-7,-9,-7,-9,-7,-9,-6,-9,-5,-9,-4,-9,-4,-9,-3,-9,-3,-9,-1,-8,0,0,0,0,0,0,0,0,0,0,0,0,0,0,70,-36,59,-35,59,-36,57,-29,52,-35,50,-31,43,-33,46,-32,41,-30,38,-31,31,-31,27,-34,25,-33,22,-32,19,-32,16,-32,9,-35,9,-32,6,-32,0,-32,-4,-36,-9,-26,-16,-29,-15,-28,-16,-29,-19,-29,-24,-31,-31,-24,-32,-31,-39,-29,-38,-26,-40,-30,-40,-29,-48,-32,-49,-31,-49,-37,-53,-33,-52,-41,-51,-42,-52,-41,-49,-38,-53,-44,-53,-43,-51,-45,-47,-49,-46,-44,-42,-46,-43,-45,-38,-44,-39,-44,-29,-49,-32,-46,-26,-48,-24,-49,-14,-48,-12,-46,-5,-48,0,0,0,0,0,0,0,0,0,0,0,0,0,0,0,0,0,0,0,0,0,0,-70,5,-72,-5,-71,-6,-75,-15,-72,-17,-71,-18,-65,-23,-66,-24,-67,-24,-64,-28,-63,-27,-59,-29,-65,-29,-60,-33,-56,-35,-50,-29,-49,-26,-43,-31,-49,-22,-40,-29,-43,-23,-40,-24,-35,-18,-34,-19,-35,-13,-31,-10,-28,-7,-24,0,-26,2,-26,5,-24,6,-22,8,-19,15,-23,11,-16,14,-10,20,-11,21,-10,23,-8,24,-1,30,-3,29,4,32,5,32,9,37,10,39,21,41,13,42,22,45,26,45,28,51,28,51,36,50,33,59,34,56,36,63,42,65,31,65,0,0]"
CSI_DATA,215,1a:00:00:00:00:00,-47,11,1,0,1,1,1,0,0,0,1,-96,0,11,2,3143581,0,44,0,384,0,"[0,0,0,0,0,0,0,0,0,0,0,0,-11,3,-11,3,-10,3,-11,3,-9,2,-9,3,-8,3,-7,4,-7,3,-6,4,-5,4,-5,4,-4,4,-3,4,-2,4,-2,5,-1,5,-1,4,1,4,1,4,1,5,3,4,3,5,4,5,5,5,5,5,0,0,6,5,7,6,7,6,8,6,8,7,8,7,9,7,9,7,9,7,8,7,8,8,8,8,8,8,7,9,7,8,7,9,7,9,7,8,5,8,6,8,5,9,4,9,3,9,2,9,2,9,1,8,0,0,0,0,0,0,0,0,0,0,0,0,0,0,-68,14,-69,10,-66,14,-63,13,-55,13,-53,13,-55,15,-52,19,-45,16,-42,20,-38,22,-34,20,-33,21,-26,24,-27,21,-23,24,-24,25,-15,24,-16,20,-7,29,-1,25,-5,26,6,27,7,27,13,25,15,29,19,31,25,31,27,32,29,34,29,32,38,33,34,33,40,35,44,30,44,41,49,42,52,39,44,46,41,42,42,43,41,47,43,48,41,51,39,48,39,51,34,51,35,53,32,46,28,51,28,50,25,47,23,47,15,48,17,49,8,45,4,46,0,0,0,0,0,0,0,0,0,0,0,0,0,0,0,0,0,0,0,0,0,0,67,24,61,28,61,34,60,37,61,46,51,48,52,46,46,48,54,53,50,52,46,55,43,50,50,49,44,49,34,50,35,47,38,46,33,45,31,45,30,38,27,34,31,34,28,32,28,28,28,16,25,21,21,19,23,11,23,8,21,7,24,-3,24,0,23,-8,22,-10,18,-12,22,-17,16,-19,16,-18,11,-25,13,-27,11,-24,8,-28,5,-35,-2,-34,-2,-41,-7,-48,-3,-49,-6,-49,-10,-54,-10,-60,-8,-58,-16,-58,-20,-63,-12,-64,-20,-72,-18,-68,-16,-76,0,0]"
CSI_DATA,216,1a:00:00:00:00:00,-48,11,1,0,1,1,1,0,0,0,1,-96,0,11,2,3153009,0,44,0,384,0,"[0,0,0,0,0,0,0,0,0,0,0,0,6,7,7,7,6,6,6,6,6,5,5,4,5,4,5,3,5,3,5,2,5,1,4,0,4,0,4,-1,4,-1,4,-2,3,-2,2,-3,1,-3,2,-4,2,-4,1,-5,0,-6,0,-7,0,-7,0,-8,0,0,-1,-9,0,-10,-1,-10,-1,-10,-1,-11,-1,-11,-1,-12,-1,-11,0,-12,0,-11,0,-12,0,-12,0,-12,1,-12,1,-11,2,-11,1,-11,1,-11,2,-10,2,-10,2,-10,3,-10,3,-9,4,-9,4,-8,5,-7,0,0,0,0,0,0,0,0,0,0,0,0,0,0,41,52,36,54,41,47,33,42,35,48,33,42,34,40,27,34,34,33,28,30,32,26,28,23,27,18,27,16,29,15,25,8,29,7,25,-1,23,-4,20,-9,18,-10,17,-13,14,-17,14,-16,11,-23,11,-27,9,-27,3,-39,6,-33,4,-45,4,-47,6,-51,3,-49,1,-55,4,-54,4,-56,4,-61,4,-59,7,-60,6,-69,12,-62,9,-63,10,-61,10,-66,13,-60,16,-65,14,-62,14,-61,19,-59,17,-55,25,-53,20,-50,25,-47,25,-47,26,-43,30,-34,34,-34,0,0,0,0,0,0,0,0,0,0,0,0,0,0,0,0,0,0,0,0,0,0,11,-76,12,-70,20,-72,24,-75,24,-73,28,-68,34,-66,36,-68,41,-63,35,-61,42,-63,38,-56,38,-61,40,-62,40,-50,36,-50,31,-54,35,-43,30,-40,27,-41,27,-43,22,-38,22,-30,17,-33,17,-37,8,-34,9,-28,8,-29,0,-24,-2,-26,-1,-20,-11,-21,-8,-22,-12,-20,-19,-15,-16,-10,-21,-11,-29,-10,-24,-5,-30,0,-31,0,-34,0,-38,8,-23,5,-43,14,-42,11,-41,18,-25,20,-47,27,-46,29,-31,34,-55,37,-55,33,-44,49,-61,35,-61,39,-52,48,0,0]"
CSI_DATA,217,1a:00:00:00:00:00,-48,11,1,0,1,1,1,0,0,0,1,-96,0,11,2,3163148,0,44,0,384,0,"[0,0,0,0,0,0,0,0,0,0,0,0,7,6,7,6,7,5,7,5,6,4,5,3,5,2,5,2,5,1,4,1,4,0,3,-1,3,-1,2,-2,2,-2,1,-3,1,-3,0,-3,-1,-4,-1,-4,-2,-5,-3,-5,-3,-5,-4,-6,-5,-6,-6,-6,0,0,-7,-6,-8,-7,-8,-7,-9,-7,-9,-8,-9,-8,-10,-8,-10,-8,-10,-8,-10,-9,-10,-9,-10,-9,-10,-9,-10,-9,-9,-10,-9,-9,-9,-9,-9,-9,-8,-9,-8,-9,-7,-9,-7,-9,-7,-10,-6,-10,-5,-10,-3,-9,0,0,0,0,0,0,0,0,0,0,0,0,0,0,59,-27,62,-28,52,-29,49,-29,47,-28,46,-26,43,-31,37,-23,32,-26,30,-27,21,-25,20,-25,20,-26,17,-22,8,-23,7,-23,3,-19,-1,-19,0,-12,-8,-11,-12,-15,-16,-13,-18,-6,-25,-1,-23,-2,-27,3,-30,3,-34,4,-35,6,-42,17,-42,17,-43,19,-51,17,-52,22,-49,22,-58,20,-57,20,-59,25,-62,21,-59,26,-60,30,-62,21,-68,20,-66,27,-65,17,-63,20,-58,17,-62,19,-59,18,-57,17,-61,15,-57,9,-55,9,-57,0,-56,2,-54,-1,-44,-6,0,0,0,0,0,0,0,0,0,0,0,0,0,0,0,0,0,0,0,0,0,0,-36,-72,-28,-73,-32,-77,-29,-79,-23,-78,-16,-73,-18,-77,-12,-80,-14,-77,-16,-78,-9,-76,-16,-74,-13,-76,-9,-73,-6,-72,-11,-66,-16,-67,-3,-57,-8,-57,-11,-59,-8,-51,-10,-53,-14,-50,-13,-42,-7,-35,-14,-35,-14,-28,-17,-21,-17,-23,-18,-14,-15,-14,-21,-15,-19,-7,-21,0,-20,1,-15,6,-18,10,-16,12,-15,16,-11,18,-7,21,-4,28,-7,28,-2,27,1,28,2,46,7,40,10,40,11,48,18,56,17,50,24,53,20,51,23,54,25,69,28,61,29,61,0,0]"
CSI_DATA,218,1a:00:00:00:00:00,-49,11,1,0,1,1,1,0,0,0,1,-96,0,11,2,3173009,0,44,0,384,0,"[0,0,0,0,0,0,0,0,0,0,0,0,-10,0,-10,0,-9,1,-9,0,-8,1,-7,1,-6,1,-5,2,-5,2,-4,1,-3,2,-2,2,-2,2,-1,2,0,1,0,1,1,1,1,1,3,1,3,0,4,-1,5,-1,5,-2,6,-1,7,-2,7,-3,0,0,8,-2,9,-3,9,-4,10,-5,10,-4,11,-4,11,-4,11,-4,11,-4,11,-4,11,-4,12,-4,11,-3,12,-3,11,-3,11,-3,11,-3,11,-3,11,-3,10,-3,10,-2,10,-2,10,-1,9,-1,9,1,8,1,0,0,0,0,0,0,0,0,0,0,0,0,0,0,-62,1,-62,0,-64,-2,-58,0,-53,4,-45,3,-44,2,-42,9,-37,7,-35,9,-28,14,-24,7,-22,14,-15,8,-13,8,-7,13,-13,14,-5,10,0,7,6,7,7,6,8,8,17,4,19,-2,23,2,26,0,30,-7,30,-10,33,-14,39,-9,42,-16,45,-22,48,-20,48,-23,49,-21,58,-24,56,-24,58,-26,61,-27,59,-23,53,-27,59,-24,62,-25,68,-25,63,-26,57,-25,63,-21,63,-23,59,-25,54,-21,56,-16,56,-19,57,-14,52,-12,51,-7,49,0,50,3,0,0,0,0,0,0,0,0,0,0,0,0,0,0,0,0,0,0,0,0,0,0,-39,70,-43,62,-45,61,-50,62,-50,61,-56,59,-50,56,-58,56,-56,58,-50,57,-59,53,-56,56,-52,52,-50,53,-53,47,-52,44,-47,52,-39,42,-43,44,-31,45,-34,46,-36,41,-25,33,-27,28,-26,32,-18,31,-16,25,-14,28,-9,20,-2,21,-2,21,4,20,5,14,10,8,10,11,11,6,17,1,15,-4,17,-2,18,-9,16,-8,15,-18,18,-20,15,-26,13,-28,21,-31,15,-33,11,-42,11,-48,13,-43,13,-52,7,-56,9,-59,4,-55,6,-64,8,-64,-1,-64,0,0]"
CSI_DATA,219,1a:00:00:00:00:00,-49,11,1,0,1,1,1,0,0,0,1,-96,0,11,2,3183825,0,44,0,384,0,"[0,0,0,0,0,0,0,0,0,0,0,0,-1,8,-1,9,1,8,0,7,0,6,0,5,1,5,0,4,0,3,1,2,1,1,1,1,0,1,0,0,1,-1,0,-2,1,-2,0,-3,0,-3,-1,-4,-2,-5,-2,-5,-2,-6,-3,-7,-3,-7,-3,-8,0,0,-5,-9,-4,-9,-5,-10,-5,-10,-5,-10,-5,-10,-6,-10,-6,-11,-6,-11,-6,-12,-6,-12,-5,-12,-6,-11,-5,-11,-4,-12,-5,-11,-5,-11,-5,-11,-5,-11,-4,-10,-4,-10,-4,-10,-3,-10,-2,-9,-1,-9,-1,-9,0,0,0,0,0,0,0,0,0,0,0,0,0,0,-14,56,-14,52,-8,53,-7,53,-10,48,-11,41,-17,35,-4,38,3,33,2,31,4,26,6,22,5,25,11,12,6,12,-2,10,6,10,9,6,7,-5,4,-8,5,-10,4,-14,6,-13,-1,-20,4,-25,-4,-26,-6,-31,-10,-30,-8,-41,-13,-43,-15,-43,-15,-47,-14,-47,-17,-54,-27,-54,-17,-59,-21,-63,-23,-61,-21,-64,-23,-63,-29,-62,-22,-63,-23,-63,-25,-64,-18,-63,-24,-62,-23,-65,-16,-59,-18,-59,-22,-56,-21,-57,-16,-58,-11,-53,-5,-54,-4,-53,-6,-55,1,-50,0,0,0,0,0,0,0,0,0,0,0,0,0,0,0,0,0,0,0,0,0,0,53,54,51,60,48,60,51,65,47,67,43,71,46,68,39,68,43,72,37,67,34,69,40,63,42,66,38,65,30,62,33,56,36,61,30,54,30,46,30,49,34,48,33,40,30,40,23,32,26,27,26,28,21,21,20,14,21,14,17,14,17,7,20,4,11,-3,10,-5,12,-7,6,-11,8,-10,3,-8,-3,-18,-11,-15,-4,-18,-11,-15,-18,-19,-19,-18,-23,-17,-35,-15,-37,-11,-40,-13,-46,-17,-45,-17,-45,-17,-52,-18,-61,-17,-57,-14,-61,-16,-63,-10,-63,-19,0,0]"
CSI_DATA,220,1a:00:00:00:00:00,-49,11,1,0,1,1,1,0,0,0,1,-96,0,11,2,3213050,0,44,0,384,0,"[0,0,0,0,0,0,0,0,0,0,0,0,-10,-4,-10,-3,-9,-3,-9,-3,-8,-2,-7,-2,-6,-2,-6,-1,-5,-1,-4,0,-4,0,-3,0,-2,0,-2,0,-1,0,0,0,1,0,1,0,2,0,3,-1,3,-1,4,-1,5,-1,6,-2,7,-2,7,-3,0,0,8,-4,9,-4,10,-4,10,-5,10,-5,11,-5,11,-6,11,-6,11,-6,11,-5,12,-5,12,-5,12,-5,12,-5,11,-5,11,-5,12,-5,10,-5,10,-5,10,-5,10,-4,10,-4,10,-3,10,-2,10,-1,9,0,0,0,0,0,0,0,0,0,0,0,0,0,0,0,-46,45,-45,51,-39,51,-33,48,-34,45,-31,44,-29,37,-28,40,-20,38,-20,31,-16,25,-12,23,-7,24,-3,20,-3,17,-2,12,-2,9,4,7,2,4,6,-3,8,-6,7,-9,6,-12,7,-18,3,-15,11,-28,7,-27,1,-40,4,-35,1,-50,4,-37,1,-47,3,-54,0,-52,1,-53,-3,-62,-3,-57,-3,-64,3,-61,-1,-60,-5,-68,-1,-69,0,-65,2,-66,3,-62,2,-65,2,-58,1,-68,5,-62,4,-56,2,-54,4,-59,8,-56,11,-52,12,-53,11,-46,16,-45,0,0,0,0,0,0,0,0,0,0,0,0,0,0,0,0,0,0,0,0,0,0,7,78,-1,76,-9,77,-2,80,-9,83,-13,78,-12,76,-7,75,-10,87,-12,80,-16,71,-9,72,-1,81,-12,72,-8,66,-5,66,-1,64,-6,60,-5,49,-3,50,-2,55,-8,61,6,45,4,48,-4,38,7,26,9,26,6,26,7,22,8,21,8,12,11,5,15,6,4,1,6,1,8,-4,14,-5,6,-9,7,-14,3,-12,-2,-21,-3,-21,-13,-27,-13,-28,-19,-30,-17,-36,-18,-28,-27,-32,-32,-40,-39,-39,-36,-42,-44,-41,-41,-42,-44,-41,-53,-39,-56,-43,-58,-47,0,0]"
CSI_DATA,221,1a:00:00:00:00:00,-49,11,1,0,1,1,1,0,0,0,1,-96,0,11,2,3223863,0,44,0,384,0,"[0,0,0,0,0,0,0,0,0,0,0,0,-5,9,-5,8,-5,9,-4,7,-3,7,-3,6,-2,6,-2,5,-1,5,-1,4,-1,3,0,3,0,2,0,1,0,0,1,0,1,-1,1,-2,0,-2,0,-3,0,-4,0,-5,-1,-6,-1,-7,-1,-8,-2,-8,0,0,-2,-9,-2,-10,-3,-11,-4,-11,-3,-11,-3,-12,-4,-12,-4,-12,-4,-13,-4,-13,-4,-13,-3,-13,-4,-13,-4,-13,-3,-13,-3,-13,-4,-12,-4,-12,-3,-12,-3,-12,-3,-12,-2,-11,-2,-11,-1,-11,-1,-11,0,-10,0,0,0,0,0,0,0,0,0,0,0,0,0,0,36,59,34,53,44,54,35,45,34,42,28,42,29,33,31,33,27,28,26,30,25,23,21,21,22,17,23,13,18,10,17,2,13,-1,8,-5,7,1,3,-5,-4,-5,-7,-13,-12,-12,-11,-11,-19,-11,-24,-12,-23,-12,-27,-14,-35,-17,-37,-11,-40,-18,-49,-21,-42,-17,-59,-17,-58,-15,-55,-18,-54,-21,-63,-18,-59,-22,-60,-26,-65,-19,-65,-23,-63,-19,-67,-21,-63,-21,-61,-20,-59,-25,-57,-22,-59,-24,-52,-26,-52,-23,-50,-19,-50,-23,-47,-24,-48,-21,-42,-28,-36,-31,0,0,0,0,0,0,0,0,0,0,0,0,0,0,0,0,0,0,0,0,0,0,80,18,81,21,71,22,81,28,73,34,75,36,75,33,68,33,82,30,70,22,70,33,71,27,71,26,66,27,63,30,61,30,66,20,54,27,56,13,48,19,50,24,48,20,48,7,41,2,34,7,31,2,27,3,29,3,25,-4,19,-4,13,-5,12,-8,8,-8,1,-10,-5,-20,-3,-3,-5,-4,-13,-10,-15,-8,-20,-2,-20,-6,-29,-1,-28,-1,-32,10,-33,2,-44,17,-42,13,-41,16,-50,21,-49,22,-47,28,-55,32,-58,32,-56,33,-65,38,-57,37,-59,35,0,0]"
CSI_DATA,222,1a:00:00:00:00:00,-50,11,1,0,1,1,1,0,0,0,1,-96,0,11,2,3233045,0,44,0,384,0,"[0,0,0,0,0,0,0,0,0,0,0,0,-4,-11,-4,-10,-5,-9,-5,-9,-4,-8,-4,-7,-4,-6,-4,-6,-4,-5,-4,-4,-4,-3,-3,-3,-3,-2,-2,-1,-2,0,-2,0,-1,1,-1,1,0,1,1,2,2,3,3,4,2,4,3,4,4,5,4,5,0,0,5,6,6,6,7,6,7,6,7,6,8,7,8,7,8,7,8,7,8,8,8,8,8,8,7,8,8,8,7,8,7,8,7,8,7,8,7,7,6,7,6,8,6,7,5,7,4,8,3,8,2,7,0,0,0,0,0,0,0,0,0,0,0,0,0,0,-17,-67,-17,-66,-17,-64,-14,-62,-19,-58,-19,-53,-13,-44,-20,-45,-18,-33,-9,-34,-20,-32,-19,-24,-15,-25,-15,-23,-13,-17,-13,-10,-12,-8,-12,-6,-7,-5,-10,-1,-6,7,1,7,0,11,9,11,6,14,17,17,12,24,20,25,23,30,30,23,27,33,33,34,33,31,38,35,36,34,38,43,33,41,45,42,45,42,46,47,43,41,40,46,46,46,47,51,44,49,44,47,46,55,38,44,37,49,33,43,35,45,34,44,31,46,20,44,21,42,20,46,14,41,0,0,0,0,0,0,0,0,0,0,0,0,0,0,0,0,0,0,0,0,0,0,-72,-23,-72,-31,-62,-39,-71,-38,-63,-40,-67,-45,-67,-41,-64,-39,-71,-45,-59,-40,-64,-46,-65,-39,-70,-42,-59,-42,-58,-43,-60,-37,-59,-32,-47,-29,-52,-29,-45,-28,-44,-27,-44,-24,-44,-14,-35,-10,-34,-12,-33,-15,-25,-13,-29,-3,-19,-2,-19,4,-15,-1,-8,7,-8,7,-3,11,-4,10,3,9,3,16,9,7,5,10,19,14,18,6,21,6,23,9,30,7,34,0,38,9,39,3,48,-3,48,-2,52,-5,55,-7,56,-17,67,-11,60,-13,67,-16,68,-19,71,-19,0,0]"
CSI_DATA,223,1a:00:00:00:00:00,-50,11,1,0,1,1,1,0,0,0,1,-96,0,11,2,3243039,0,44,0,384,0,"[0,0,0,0,0,0,0,0,0,0,0,0,4,-11,5,-8,2,-8,3,-9,2,-7,2,-7,0,-7,0,-7,0,-6,0,-5,-1,-4,-2,-3,-1,-3,-1,-2,-1,-2,-1,-1,-2,0,-1,1,-2,1,-1,2,-1,3,-1,4,0,4,0,5,1,6,0,6,0,0,2,7,2,8,2,9,3,10,2,9,3,9,3,10,3,9,3,10,3,11,3,11,3,10,3,10,2,10,3,11,3,10,3,10,3,9,3,10,3,9,2,9,2,8,1,9,1,8,0,8,-1,8,0,0,0,0,0,0,0,0,0,0,0,0,0,0,13,-45,19,-51,-24,-62,9,-60,-9,-58,-15,-52,11,-54,32,-38,-2,-44,7,-31,-7,-35,0,-27,-4,-29,-7,-20,1,-17,-8,-9,-1,-13,-5,-8,-8,-3,-12,0,-9,3,1,9,-2,9,3,16,1,17,3,22,8,24,7,26,9,28,16,28,16,34,21,37,20,42,23,45,31,46,24,48,26,50,27,48,34,55,33,51,33,52,33,54,34,54,37,54,33,51,38,51,35,50,36,48,30,42,34,47,26,47,31,43,22,41,26,46,22,45,21,44,14,41,0,0,0,0,0,0,0,0,0,0,0,0,0,0,0,0,0,0,0,0,0,0,12,-78,8,-72,19,-78,19,-75,19,-74,22,-76,18,-77,24,-74,18,-80,25,-69,23,-67,16,-71,16,-71,21,-61,19,-58,12,-72,5,-55,18,-64,10,-49,-5,-43,18,-50,2,-50,17,-51,0,-44,-12,-44,-22,-36,-7,-31,0,-18,-7,-10,-19,-10,8,-4,-17,-9,-30,0,12,11,-7,17,-30,17,17,23,-12,-3,-33,18,5,-6,11,54,-23,30,5,26,26,57,64,22,62,21,22,-16,54,45,72,66,67,-8,19,25,67,95,49,92,66,44,70,-27,69,3,59,3,0,0]"
CSI_DATA,224,1a:00:00:00:00:00,-50,11,1,0,1,1,1,0,0,0,1,-96,0,11,2,3253638,0,44,0,384,0,"[0,0,0,0,0,0,0,0,0,0,0,0,-7,-9,-8,-8,-8,-8,-7,-7,-6,-6,-6,-5,-6,-5,-5,-4,-5,-3,-4,-2,-5,-2,-4,-1,-2,-1,-2,0,-2,0,-1,0,-1,1,0,1,1,1,1,1,2,2,3,2,4,2,5,2,5,2,6,3,0,0,7,2,8,3,8,4,9,4,9,3,10,3,11,3,10,3,11,4,11,4,11,4,10,5,10,4,10,4,10,5,10,4,10,5,9,4,9,4,9,3,9,5,8,4,8,5,7,5,6,6,5,6,0,0,0,0,0,0,0,0,0,0,0,0,0,0,-36,-60,-38,-59,-36,-51,-37,-47,-38,-47,-34,-43,-31,-38,-30,-35,-28,-35,-26,-33,-28,-24,-24,-14,-26,-16,-24,-12,-17,-11,-13,-3,-18,-8,-13,-1,-5,3,-6,1,-4,8,2,12,4,6,6,12,15,9,15,9,24,12,30,18,29,18,34,16,40,21,40,18,45,18,48,18,47,16,50,24,58,19,55,18,58,21,58,24,60,24,60,24,60,25,60,21,57,25,62,26,53,27,55,27,47,28,50,23,50,23,48,25,46,26,39,31,41,26,34,31,28,32,0,0,0,0,0,0,0,0,0,0,0,0,0,0,0,0,0,0,0,0,0,0,-78,-4,-76,-13,-76,-19,-73,-17,-80,-23,-75,-19,-78,-22,-76,-23,-75,-22,-68,-25,-71,-32,-70,-24,-76,-20,-67,-23,-61,-18,-59,-17,-63,-15,-62,-16,-46,-17,-52,-9,-48,-11,-46,-8,-40,-7,-43,0,-35,3,-34,-2,-29,0,-22,0,-20,4,-18,6,-13,12,-10,11,-5,14,0,13,4,8,7,13,10,12,16,7,17,11,16,9,25,5,28,5,32,-2,32,-2,31,-6,31,-16,32,-11,41,-17,44,-15,46,-26,49,-23,51,-33,57,-33,54,-36,62,-40,57,-34,60,-46,0,0]"
CSI_DATA,225,1a:00:00:00:00:00,-49,11,1,0,1,1,1,0,0,0,1,-96,0,11,2,3263041,0,44,0,384,0,"[0,0,0,0,0,0,0,0,0,0,0,0,-8,8,-7,8,-6,7,-6,7,-5,6,-5,6,-4,6,-3,5,-3,4,-2,4,-2,3,-1,3,-1,2,0,1,0,1,0,0,1,-1,1,-1,1,-2,1,-3,1,-4,1,-5,1,-5,1,-6,1,-7,1,-8,0,0,1,-9,1,-10,1,-11,1,-11,1,-12,1,-12,1,-12,1,-12,1,-13,1,-13,1,-14,2,-13,2,-13,2,-13,2,-13,2,-13,2,-12,2,-13,2,-12,2,-12,2,-12,3,-11,3,-10,4,-10,4,-10,4,-8,0,0,0,0,0,0,0,0,0,0,0,0,0,0,24,60,28,68,33,64,32,60,29,50,27,49,28,44,33,38,27,34,23,34,25,24,23,20,24,21,20,18,12,15,17,7,16,0,13,4,6,-1,4,-4,3,-8,0,-11,-4,-12,-4,-11,-13,-16,-15,-11,-21,-15,-20,-16,-33,-28,-29,-27,-33,-32,-37,-28,-43,-28,-48,-30,-47,-29,-46,-39,-51,-35,-50,-28,-52,-42,-53,-35,-53,-38,-57,-40,-49,-45,-53,-40,-55,-38,-55,-36,-52,-40,-49,-36,-48,-39,-47,-38,-47,-36,-45,-41,-41,-35,-36,-39,-33,-43,-28,-40,-30,-40,0,0,0,0,0,0,0,0,0,0,0,0,0,0,0,0,0,0,0,0,0,0,75,14,79,19,73,25,75,27,71,32,73,33,75,36,74,30,73,35,70,29,73,36,67,30,69,32,59,29,61,28,58,28,62,22,57,20,53,16,55,19,53,12,46,11,48,6,35,3,32,4,34,-6,25,-1,24,-3,22,-7,18,-7,10,-9,12,-13,1,-14,0,-8,1,-15,1,-15,-9,-16,-13,-13,-15,-12,-19,-10,-23,-8,-29,-7,-32,-10,-31,-1,-33,0,-46,8,-45,6,-45,8,-49,11,-54,19,-60,15,-60,19,-62,24,-60,21,-72,24,-67,31,-65,30,0,0]"
CSI_DATA,226,1a:00:00:00:00:00,-49,11,1,0,1,1,1,0,0,0,1,-96,0,11,2,3283203,0,44,0,384,0,"[0,0,0,0,0,0,0,0,0,0,0,0,-11,3,-10,4,-9,4,-9,3,-8,3,-7,3,-6,4,-5,3,-5,3,-4,2,-3,2,-2,2,-2,2,-1,1,-1,1,0,1,1,0,1,-1,2,-1,2,-2,2,-3,3,-3,3,-4,4,-5,5,-5,5,-6,0,0,5,-8,6,-8,6,-9,6,-9,6,-9,7,-10,7,-10,7,-10,7,-11,7,-11,8,-11,8,-10,8,-10,8,-10,8,-10,8,-10,7,-10,7,-10,7,-10,7,-9,7,-9,7,-8,7,-7,8,-7,8,-6,8,-5,0,0,0,0,0,0,0,0,0,0,0,0,0,0,-17,65,-12,61,-8,59,-11,58,-5,55,-3,50,-4,55,-4,46,4,34,-1,35,6,34,5,27,6,26,5,25,4,12,4,12,10,9,9,5,4,2,8,2,6,-2,3,-8,0,-12,1,-16,-1,-17,-1,-22,1,-27,-6,-27,-13,-29,-12,-35,-13,-43,-16,-43,-15,-39,-17,-45,-21,-45,-17,-53,-25,-48,-25,-56,-23,-54,-23,-56,-24,-53,-20,-57,-19,-61,-22,-56,-20,-51,-26,-54,-19,-60,-22,-56,-19,-53,-16,-51,-18,-50,-14,-50,-14,-51,-9,-51,-6,-47,-8,-46,0,-42,0,0,0,0,0,0,0,0,0,0,0,0,0,0,0,0,0,0,0,0,0,0,54,57,31,67,19,59,13,63,32,36,21,41,11,54,21,41,42,39,51,48,30,62,17,47,36,83,47,72,2,61,3,40,13,59,20,28,33,55,41,45,22,39,8,41,27,22,14,18,15,39,14,4,37,20,5,25,6,5,21,-13,1,10,23,-12,12,3,21,0,17,-12,5,-13,-4,-11,2,-12,-1,-16,-7,-16,-8,-20,-14,-18,-15,-24,-25,-19,-27,-20,-29,-20,-29,-17,-38,-17,-39,-17,-46,-20,-48,-20,-52,-15,-60,-17,-63,-17,-64,-11,-70,-12,-62,-18,0,0]"
CSI_DATA,227,1a:00:00:00:00:00,-49,11,1,0,1,1,1,0,0,0,1,-96,0,11,2,3293088,0,44,0,384,0,"[0,0,0,0,0,0,0,0,0,0,0,0,7,8,7,7,7,6,7,6,6,5,5,4,5,3,5,3,4,2,4,1,3,1,3,0,2,0,1,-1,1,-1,0,-2,0,-2,-1,-2,-2,-2,-3,-3,-4,-3,-5,-3,-5,-3,-6,-3,-7,-3,-8,-3,0,0,-9,-4,-10,-4,-11,-4,-11,-3,-12,-4,-12,-4,-13,-4,-13,-4,-13,-4,-13,-5,-13,-5,-13,-5,-13,-5,-13,-5,-13,-5,-13,-5,-13,-5,-12,-5,-12,-5,-11,-5,-11,-6,-11,-5,-10,-6,-10,-6,-9,-7,-8,-7,0,0,0,0,0,0,0,0,0,0,0,0,0,0,57,-39,54,-32,54,-39,45,-35,47,-38,44,-34,36,-34,41,-32,33,-28,27,-26,20,-30,13,-24,12,-23,15,-25,14,-15,2,-8,1,-12,-4,-18,-1,-10,-8,-5,-6,2,-11,4,-11,3,-11,11,-17,15,-14,15,-13,23,-15,29,-23,29,-18,36,-17,34,-17,40,-23,41,-20,49,-19,49,-25,52,-24,58,-19,55,-27,60,-21,60,-26,60,-26,55,-25,60,-25,63,-29,59,-26,62,-25,53,-30,57,-21,50,-28,53,-22,50,-26,49,-26,50,-32,45,-35,41,-32,36,-33,34,0,0,0,0,0,0,0,0,0,0,0,0,0,0,0,0,0,0,0,0,0,0,12,-77,16,-77,15,-76,21,-80,29,-79,25,-72,19,-74,26,-75,24,-73,26,-72,29,-69,22,-72,22,-73,25,-70,25,-64,22,-63,16,-66,19,-60,13,-52,14,-58,6,-56,10,-48,8,-43,6,-44,7,-42,-2,-34,-3,-28,-4,-25,-5,-27,-8,-22,-10,-12,-11,-18,-15,-12,-13,-8,-14,2,-12,4,-11,7,-10,9,-7,13,-5,13,-8,22,-4,25,-3,31,3,27,2,31,8,36,10,41,19,38,17,38,25,48,22,46,26,50,33,49,33,55,35,60,42,59,40,63,0,0]"
CSI_DATA,228,1a:00:00:00:00:00,-49,11,1,0,1,1,1,0,0,0,1,-96,0,11,2,3303054,0,44,0,384,0,"[0,0,0,0,0,0,0,0,0,0,0,0,5,9,5,8,5,7,5,6,5,6,4,5,4,4,4,3,4,3,3,2,3,1,2,1,2,0,1,0,1,-1,0,-2,0,-2,-1,-2,-2,-2,-2,-3,-3,-3,-4,-3,-4,-4,-6,-4,-6,-4,-7,-4,0,0,-8,-5,-9,-5,-10,-5,-10,-5,-10,-5,-11,-5,-11,-5,-11,-5,-12,-6,-12,-6,-12,-6,-12,-6,-12,-6,-12,-6,-11,-6,-11,-6,-12,-6,-11,-6,-11,-6,-10,-6,-10,-6,-10,-6,-9,-7,-9,-7,-8,-7,-6,-7,0,0,0,0,0,0,0,0,0,0,0,0,0,0,71,-15,68,-14,65,-16,55,-14,55,-14,54,-20,48,-19,47,-18,41,-18,33,-18,29,-18,27,-18,19,-21,16,-17,17,-13,7,-15,5,-15,5,-7,2,-11,-8,-10,-11,-4,-9,-4,-8,4,-15,5,-15,5,-24,14,-24,15,-27,22,-28,24,-32,24,-33,22,-36,32,-36,34,-38,37,-41,40,-49,41,-43,42,-40,43,-47,43,-45,41,-52,39,-41,47,-51,44,-49,50,-49,47,-50,43,-48,40,-47,41,-45,43,-42,35,-46,38,-46,35,-46,34,-48,31,-44,26,-45,23,-47,9,0,0,0,0,0,0,0,0,0,0,0,0,0,0,0,0,0,0,0,0,0,0,32,-76,40,-72,39,-70,43,-73,45,-69,48,-62,41,-59,42,-65,49,-65,43,-65,47,-60,47,-53,44,-64,45,-60,43,-60,38,-56,36,-57,35,-47,35,-52,29,-48,28,-52,26,-49,22,-36,20,-40,9,-37,8,-36,10,-32,4,-32,2,-26,-6,-22,0,-22,-2,-16,-12,-14,-9,-11,-16,-2,-13,-4,-11,0,-13,8,-9,6,-10,13,-14,15,-7,15,-11,27,-10,26,-4,35,-8,41,-4,45,3,40,4,50,1,51,6,49,10,53,11,64,12,56,16,69,17,69,22,72,0,0]"
CSI_DATA,229,1a:00:00:00:00:00,-49,11,1,0,1,1,1,0,0,0,1,-96,0,11,2,3333045,0,44,0,384,0,"[0,0,0,0,0,0,0,0,0,0,0,0,-11,0,-10,0,-9,1,-9,1,-8,1,-7,1,-6,1,-5,1,-5,1,-4,1,-3,1,-3,1,-2,1,-2,1,-1,1,-1,0,0,-1,1,-1,1,-1,2,-1,3,-2,3,-2,3,-2,4,-3,5,-3,5,-4,0,0,6,-5,6,-5,8,-6,7,-6,8,-6,8,-6,8,-7,9,-7,9,-7,9,-8,9,-7,9,-6,9,-7,10,-7,9,-6,9,-7,9,-7,8,-7,8,-6,8,-6,8,-5,9,-5,8,-5,8,-4,8,-3,8,-2,0,0,0,0,0,0,0,0,0,0,0,0,0,0,-69,-8,-63,-3,-62,0,-54,4,-54,0,-49,-2,-47,4,-45,2,-42,8,-40,9,-34,11,-25,11,-23,5,-18,6,-16,8,-19,7,-8,10,-7,9,-6,8,0,3,10,0,7,6,11,1,15,-6,14,-4,21,-8,24,-16,25,-18,34,-19,35,-23,35,-23,32,-28,40,-25,40,-27,41,-33,41,-34,44,-46,49,-45,51,-40,48,-36,50,-39,49,-41,53,-42,55,-50,46,-36,50,-42,51,-38,50,-36,44,-35,48,-33,47,-34,45,-36,49,-32,49,-28,46,-24,46,-21,43,-11,0,0,0,0,0,0,0,0,0,0,0,0,0,0,0,0,0,0,0,0,0,0,-51,66,-54,58,-61,58,-56,55,-62,60,-61,53,-64,53,-60,51,-65,53,-63,57,-66,49,-59,52,-59,56,-58,56,-54,47,-58,47,-52,48,-50,42,-43,49,-45,46,-34,48,-36,52,-26,38,-28,45,-25,47,-22,37,-17,35,-11,33,-9,31,-3,37,4,26,3,24,11,22,9,15,11,17,13,8,20,7,15,8,15,2,20,-6,18,-9,21,-12,24,-17,20,-23,19,-24,10,-29,16,-28,8,-34,12,-45,13,-53,5,-48,8,-53,10,-60,7,-60,6,-68,6,-66,1,-72,0,0]"
CSI_DATA,230,1a:00:00:00:00:00,-49,11,1,0,1,1,1,0,0,0,1,-96,0,11,2,3343047,0,44,0,384,0,"[0,0,0,0,0,0,0,0,0,0,0,0,-2,-11,-3,-10,-3,-9,-3,-9,-3,-8,-3,-7,-3,-7,-3,-6,-3,-5,-3,-4,-3,-4,-4,-3,-3,-2,-3,-2,-2,-1,-3,-1,-2,0,-2,1,-2,1,-1,2,0,2,0,4,0,4,1,5,1,6,1,6,0,0,2,7,2,8,3,8,3,8,3,8,3,10,4,10,4,10,4,11,3,10,3,11,3,10,3,10,3,11,2,11,2,11,3,11,2,10,2,10,2,10,1,9,1,9,0,9,-1,9,-2,9,-2,8,0,0,0,0,0,0,0,0,0,0,0,0,0,0,-9,-68,-6,-67,-10,-58,-7,-57,-14,-57,-13,-49,-17,-46,-16,-46,-15,-39,-16,-40,-16,-33,-17,-26,-17,-23,-17,-17,-17,-23,-17,-10,-12,-6,-10,-6,-14,-4,-14,5,-10,9,-11,4,-4,10,-2,17,-3,17,4,25,3,26,6,25,12,29,14,35,9,36,16,45,21,37,19,43,27,48,17,51,23,48,25,47,24,56,28,60,22,57,24,61,20,61,20,55,18,58,21,60,18,58,20,54,19,57,20,53,17,60,12,54,13,50,8,52,5,48,-1,48,-4,47,0,0,0,0,0,0,0,0,0,0,0,0,0,0,0,0,0,0,0,0,0,0,-76,7,-77,1,-79,-5,-79,-10,-80,-7,-80,-16,-84,-15,-80,-14,-82,-14,-74,-13,-79,-20,-74,-14,-78,-11,-74,-17,-73,-17,-67,-14,-69,-12,-65,-8,-61,-9,-56,-6,-53,-6,-61,-5,-52,1,-49,0,-45,4,-41,2,-41,4,-39,9,-27,14,-29,10,-25,8,-19,16,-14,17,-8,22,-7,25,-8,21,2,21,3,18,2,20,10,21,12,18,17,19,26,17,24,14,30,13,43,15,42,12,43,9,46,5,43,2,51,-3,58,1,64,-2,55,-1,66,-5,66,-8,69,-6,0,0]"
CSI_DATA,231,1a:00:00:00:00:00,-48,11,1,0,1,1,1,0,0,0,1,-96,0,11,2,3353031,0,44,0,384,0,"[0,0,0,0,0,0,0,0,0,0,0,0,2,-11,2,-10,1,-10,1,-9,1,-8,0,-8,-1,-7,-1,-7,-1,-7,-2,-5,-2,-5,-3,-5,-2,-4,-3,-3,-4,-3,-4,-2,-4,-2,-4,-1,-5,0,-5,0,-4,1,-5,1,-5,2,-6,3,-7,3,-7,4,0,0,-8,5,-7,6,-8,7,-8,6,-8,6,-9,6,-9,7,-9,7,-10,7,-10,7,-10,7,-10,6,-10,6,-10,6,-11,5,-11,6,-10,5,-10,4,-10,4,-10,4,-11,4,-9,3,-9,2,-10,1,-9,0,-9,0,0,0,0,0,0,0,0,0,0,0,0,0,0,0,15,-63,14,-58,13,-61,11,-54,5,-56,11,-50,6,-48,-1,-47,1,-41,1,-40,-2,-43,-8,-35,-9,-31,-10,-24,-10,-26,-17,-21,-13,-22,-16,-18,-18,-12,-18,-6,-21,-4,-20,-1,-24,4,-22,6,-26,12,-27,19,-27,19,-27,22,-27,23,-33,29,-28,32,-33,39,-34,35,-35,39,-31,41,-41,47,-39,46,-39,41,-43,48,-42,47,-42,47,-47,46,-48,46,-46,45,-43,45,-47,46,-51,42,-48,38,-46,39,-48,39,-46,36,-47,31,-49,29,-46,21,-50,22,-48,19,-48,14,0,0,0,0,0,0,0,0,0,0,0,0,0,0,0,0,0,0,0,0,0,0,-70,22,-75,17,-73,12,-82,9,-78,3,-78,-4,-75,-3,-76,-3,-78,-4,-73,-7,-75,-15,-74,-8,-78,-10,-72,-15,-67,-13,-62,-10,-70,-5,-62,-13,-60,-9,-55,-12,-50,-14,-50,-10,-47,-5,-47,-5,-36,-3,-41,5,-36,6,-31,8,-28,8,-28,17,-20,7,-20,15,-16,13,-10,21,-8,20,-5,19,-1,22,1,28,1,22,6,23,10,22,12,21,18,20,24,22,26,22,36,19,34,17,33,21,39,14,40,23,51,20,50,14,53,21,56,16,67,21,66,19,67,15,0,0]"
CSI_DATA,232,1a:00:00:00:00:00,-46,11,1,0,1,1,1,0,0,0,1,-96,0,11,2,3375308,0,44,0,384,0,"[0,0,0,0,0,0,0,0,0,0,0,0,3,10,3,9,3,8,3,8,3,7,3,7,3,6,4,5,4,5,4,4,4,3,4,2,4,2,4,1,4,1,5,-1,5,-1,5,-2,4,-3,5,-4,5,-4,5,-5,5,-5,5,-7,5,-7,5,-8,0,0,6,-9,6,-9,6,-10,7,-10,7,-10,7,-11,7,-11,7,-10,8,-11,9,-10,8,-10,8,-10,8,-9,9,-9,9,-8,9,-8,9,-8,8,-7,9,-7,8,-6,9,-5,8,-5,9,-5,8,-4,8,-2,8,-2,0,0,0,0,0,0,0,0,0,0,0,0,0,0,-2,68,-3,72,0,67,-3,67,-1,63,-3,56,7,47,6,46,5,46,10,44,16,37,13,32,15,33,21,31,20,22,20,19,25,20,21,11,24,8,26,2,30,1,31,0,31,-7,30,-14,31,-17,35,-22,30,-21,41,-24,36,-28,39,-33,40,-37,49,-40,43,-36,46,-46,46,-48,53,-43,55,-47,47,-52,55,-43,55,-48,59,-45,61,-43,60,-43,60,-44,58,-41,60,-43,57,-35,59,-33,60,-27,57,-24,59,-23,56,-22,55,-20,52,-11,53,-8,52,-5,52,5,0,0,0,0,0,0,0,0,0,0,0,0,0,0,0,0,0,0,0,0,0,0,46,-50,48,-46,55,-42,58,-43,57,-36,61,-34,63,-33,63,-32,62,-34,60,-27,61,-27,60,-26,61,-24,57,-24,57,-22,55,-14,51,-22,47,-19,44,-24,46,-22,40,-21,36,-20,36,-23,30,-21,26,-21,23,-19,20,-21,14,-22,14,-19,9,-23,8,-25,6,-27,-2,-21,-5,-30,-7,-22,-9,-25,-11,-25,-16,-24,-18,-21,-25,-20,-26,-15,-34,-16,-32,-19,-41,-15,-36,-10,-49,-11,-48,-12,-54,-5,-49,-6,-59,-4,-61,-6,-65,-3,-69,-1,-74,-3,-76,-1,-73,0,-75,2,0,0]"
CSI_DATA,233,1a:00:00:00:00:00,-46,11,1,0,1,1,1,0,0,0,1,-96,0,11,2,3383042,0,44,0,384,0,"[0,0,0,0,0,0,0,0,0,0,0,0,-9,7,-8,6,-7,7,-7,6,-6,6,-5,6,-5,6,-4,6,-4,5,-2,4,-2,5,-1,5,-1,5,0,4,0,4,1,4,2,4,2,3,3,3,4,3,4,3,5,3,6,2,7,2,7,2,8,1,0,0,9,2,9,2,10,2,10,2,10,2,11,3,11,3,10,3,12,3,11,4,11,4,11,5,10,5,10,5,10,5,10,5,9,5,9,5,8,5,7,5,7,6,6,6,5,6,5,7,4,7,3,6,0,0,0,0,0,0,0,0,0,0,0,0,0,0,-54,51,-50,47,-43,47,-45,40,-40,44,-36,39,-34,38,-31,40,-27,35,-26,32,-19,35,-15,30,-13,36,-6,34,-3,25,-2,27,6,29,11,27,13,24,11,18,17,24,16,20,23,17,26,17,31,9,33,12,36,9,41,7,48,8,46,3,49,7,55,4,53,8,57,6,56,2,63,6,67,9,67,7,66,12,65,16,61,13,63,16,66,21,67,20,67,19,57,22,57,23,57,23,53,21,50,24,51,27,47,25,47,29,42,32,37,33,33,30,25,36,0,0,0,0,0,0,0,0,0,0,0,0,0,0,0,0,0,0,0,0,0,0,68,-18,71,-8,69,-5,75,0,74,4,71,8,72,8,66,11,73,13,68,14,68,15,61,14,67,16,65,18,62,17,53,18,52,13,54,14,53,11,47,12,47,11,43,8,37,7,42,1,35,4,32,-1,33,-5,33,-4,26,-5,24,-7,17,-13,22,-17,16,-17,15,-16,13,-18,9,-23,9,-24,3,-24,0,-26,0,-31,-5,-31,-11,-35,-15,-30,-21,-36,-23,-29,-21,-36,-28,-37,-31,-37,-40,-39,-43,-39,-41,-40,-49,-46,-51,-44,-47,-42,-58,-51,-54,-48,-52,-50,0,0]"
CSI_DATA,234,1a:00:00:00:00:00,-46,11,1,0,1,1,1,0,0,0,1,-96,0,11,2,3403475,0,44,0,384,0,"[0,0,0,0,0,0,0,0,0,0,0,0,-4,-11,-4,-11,-5,-10,-4,-10,-4,-9,-4,-9,-4,-7,-4,-7,-4,-6,-4,-5,-5,-4,-5,-4,-5,-3,-5,-3,-6,-2,-5,-1,-6,-1,-5,0,-6,0,-5,1,-5,2,-6,2,-6,3,-6,4,-7,5,-7,5,0,0,-7,6,-8,6,-8,6,-8,6,-8,7,-9,7,-8,7,-9,7,-9,7,-9,6,-10,6,-10,6,-9,5,-10,5,-10,4,-10,4,-9,4,-10,3,-9,3,-9,3,-9,2,-9,2,-9,1,-8,0,-8,-1,-8,-2,0,0,0,0,0,0,0,0,0,0,0,0,0,0,6,-72,-2,-66,-3,-69,-5,-61,-1,-61,-3,-55,0,-54,-3,-54,-7,-45,-4,-53,-14,-40,-14,-36,-17,-41,-14,-33,-13,-29,-20,-28,-24,-26,-18,-21,-21,-21,-26,-17,-34,-12,-23,-7,-26,-1,-29,-1,-35,6,-35,9,-33,6,-45,14,-40,20,-46,17,-42,12,-52,19,-43,20,-57,28,-49,24,-55,29,-55,31,-55,26,-61,19,-60,24,-64,19,-64,20,-58,13,-61,16,-64,14,-60,14,-65,9,-53,7,-57,4,-56,6,-53,4,-54,-5,-53,-1,-44,-7,-43,-11,-42,-17,-37,-21,0,0,0,0,0,0,0,0,0,0,0,0,0,0,0,0,0,0,0,0,0,0,-43,60,-47,59,-47,54,-57,53,-54,47,-59,45,-56,40,-61,39,-56,41,-62,32,-63,31,-60,35,-58,34,-65,32,-60,21,-55,23,-57,29,-52,23,-50,22,-43,23,-37,19,-41,20,-32,17,-35,19,-32,22,-27,20,-23,18,-19,19,-16,17,-9,18,-10,17,-4,18,0,17,2,18,6,13,6,18,10,13,13,17,19,15,22,11,22,8,29,10,31,9,36,6,43,0,43,4,48,1,53,-2,55,-2,60,-3,58,-2,64,-5,70,-3,70,0,80,-6,79,-8,79,-3,0,0]"
CSI_DATA,235,1a:00:00:00:00:00,-46,11,1,0,1,1,1,0,0,0,1,-96,0,11,2,3423020,0,44,0,384,0,"[0,0,0,0,0,0,0,0,0,0,0,0,10,2,9,2,10,2,9,1,8,1,7,1,7,0,6,-1,6,-1,5,-2,5,-2,5,-3,4,-3,3,-4,3,-4,2,-5,2,-5,1,-5,1,-6,0,-6,0,-7,-1,-7,-1,-7,-2,-8,-2,-9,-2,-9,0,0,-3,-10,-3,-10,-4,-11,-4,-11,-3,-11,-3,-12,-3,-12,-3,-12,-3,-12,-3,-12,-2,-12,-2,-12,-2,-12,-1,-12,-1,-12,-1,-12,-1,-11,0,-10,0,-10,0,-10,1,-10,2,-9,2,-9,2,-8,3,-7,3,-7,0,0,0,0,0,0,0,0,0,0,0,0,0,0,59,29,63,27,60,24,54,23,53,22,45,23,48,18,46,14,41,10,38,11,38,3,38,5,34,-2,30,-2,28,-7,28,-8,23,-14,21,-18,22,-17,13,-20,13,-24,12,-23,7,-26,6,-30,2,-30,3,-38,-2,-36,-8,-39,-7,-46,-10,-45,-10,-48,-7,-53,-12,-55,-15,-53,-17,-54,-14,-61,-16,-62,-15,-64,-10,-68,-10,-64,-7,-67,-4,-66,-9,-67,-5,-68,-2,-64,0,-65,4,-60,1,-60,5,-55,7,-52,6,-55,11,-49,11,-49,15,-44,17,-41,19,-39,23,-33,0,0,0,0,0,0,0,0,0,0,0,0,0,0,0,0,0,0,0,0,0,0,-31,-71,-26,-75,-22,-72,-20,-75,-15,-75,-10,-74,-11,-72,-5,-75,-6,-76,-4,-74,4,-74,2,-72,-3,-72,1,-69,5,-68,4,-66,6,-65,6,-56,2,-55,5,-55,-3,-52,1,-51,0,-46,0,-44,-1,-41,-6,-37,-9,-35,-4,-30,-12,-28,-10,-23,-11,-17,-15,-18,-16,-14,-18,-10,-15,-11,-18,-6,-17,-2,-19,2,-23,10,-17,9,-19,13,-21,21,-22,26,-19,28,-19,33,-15,31,-18,36,-16,44,-17,46,-19,51,-24,54,-21,57,-24,62,-26,61,-26,65,-23,67,-27,68,0,0]"
CSI_DATA,236,1a:00:00:00:00:00,-46,11,1,0,1,1,1,0,0,0,1,-96,0,11,2,3463129,0,44,0,384,0,"[0,0,0,0,0,0,0,0,0,0,0,0,-4,10,-4,9,-3,9,-3,9,-2,8,-2,8,-1,7,-1,6,0,7,0,5,1,6,1,5,2,4,2,4,2,4,3,3,3,2,4,2,4,1,5,1,5,1,6,0,6,0,7,0,8,-1,8,-1,0,0,9,-2,10,-1,10,-2,10,-2,10,-1,11,-1,11,-1,10,-1,12,-1,11,0,11,0,10,0,10,1,10,1,11,2,10,2,9,2,9,2,9,2,8,2,8,3,7,3,7,3,6,4,5,5,4,4,0,0,0,0,0,0,0,0,0,0,0,0,0,0,-35,66,-35,59,-29,62,-28,56,-27,59,-25,59,-22,48,-19,52,-13,43,-16,44,-10,45,-10,40,-8,40,1,34,3,33,8,28,10,27,15,24,18,22,20,22,20,25,21,14,22,14,29,14,30,10,30,10,35,10,42,2,43,3,50,-1,49,-2,55,0,57,2,59,1,57,-2,57,4,62,2,66,3,61,6,65,5,64,7,69,6,63,15,62,14,62,14,56,14,59,15,56,22,49,17,53,20,49,22,51,23,44,27,38,30,35,28,36,32,24,29,0,0,0,0,0,0,0,0,0,0,0,0,0,0,0,0,0,0,0,0,0,0,57,-42,62,-38,67,-35,67,-28,72,-25,71,-23,70,-19,69,-17,75,-17,70,-15,67,-13,63,-10,69,-12,66,-10,61,-2,59,-10,63,-9,53,-6,53,-5,46,-4,45,-4,46,-5,39,-7,39,-10,39,-8,34,-13,25,-8,24,-15,23,-10,23,-15,16,-18,13,-16,12,-14,7,-21,6,-21,4,-21,-2,-21,-7,-17,-8,-19,-17,-19,-22,-20,-23,-24,-31,-22,-36,-22,-31,-21,-44,-22,-44,-23,-45,-22,-52,-22,-54,-20,-57,-21,-72,-22,-68,-23,-67,-27,-70,-34,-73,-28,-71,-33,0,0]"
CSI_DATA,237,1a:00:00:00:00:00,-45,11,1,0,1,1,1,0,0,0,1,-96,0,11,2,3483406,0,44,0,384,0,"[0,0,0,0,0,0,0,0,0,0,0,0,10,-5,9,-5,9,-5,8,-5,7,-4,7,-4,6,-5,5,-5,5,-5,4,-5,4,-6,3,-5,2,-5,1,-5,1,-6,0,-6,0,-6,-1,-5,-1,-5,-2,-6,-3,-6,-2,-5,-5,-6,-5,-8,-5,-7,-5,-7,0,0,-7,-10,-6,-12,-7,-9,-7,-10,-10,-8,-7,-8,-6,-12,-9,-9,-6,-9,-5,-11,-8,-8,-6,-9,-5,-10,-1,-9,-4,-9,-4,-11,-3,-9,-2,-13,-3,-10,-4,-10,1,-8,0,-9,0,-10,2,-9,3,-7,2,-6,0,0,0,0,0,0,0,0,0,0,0,0,0,0,54,-43,53,-47,49,-49,45,-45,43,-42,45,-43,38,-38,40,-40,29,-35,25,-31,19,-36,19,-38,18,-34,12,-29,6,-33,1,-31,1,-29,-3,-28,-5,-27,-8,-29,-14,-27,-15,-22,-14,-20,-27,-18,-19,-18,-37,-22,-28,-21,-44,-8,-39,-21,-43,-19,-22,-20,-51,-18,-43,-19,-68,-37,-66,-11,-66,-16,-62,-54,-72,-27,-48,-28,-75,-33,-70,-49,-62,-36,-55,-44,-68,-5,-60,-26,-51,-34,-42,-29,-47,-31,-43,-35,-52,-11,-46,-29,-25,-36,-59,-30,-37,-38,-30,-44,-28,-40,-1,-46,0,0,0,0,0,0,0,0,0,0,0,0,0,0,0,0,0,0,0,0,0,0,-75,13,-75,1,-72,-1,-78,-12,-74,-8,-70,-15,-71,-12,-70,-17,-67,-19,-68,-18,-66,-20,-62,-19,-67,-21,-59,-25,-59,-19,-56,-25,-58,-20,-49,-23,-50,-16,-47,-18,-43,-18,-44,-18,-42,-12,-38,-15,-36,-9,-39,1,-30,-1,-28,0,-30,3,-27,3,-23,2,-18,9,-15,8,-15,13,-11,16,-5,20,-8,17,-2,21,2,20,3,25,7,24,16,23,16,27,19,30,23,32,29,32,35,32,31,37,39,39,43,42,44,45,49,42,45,53,52,47,50,53,55,55,57,51,0,0]"
CSI_DATA,238,1a:00:00:00:00:00,-46,11,1,0,1,1,1,0,0,0,1,-96,0,11,2,3503028,0,44,0,384,0,"[0,0,0,0,0,0,0,0,0,0,0,0,-10,-7,-9,-7,-10,-6,-9,-6,-8,-5,-8,-5,-8,-4,-8,-3,-7,-2,-7,-1,-7,-1,-7,-1,-6,0,-6,0,-6,1,-6,2,-5,2,-4,3,-5,4,-4,4,-4,4,-4,5,-3,6,-3,7,-3,7,-3,8,0,0,-3,9,-4,10,-3,10,-3,10,-4,10,-4,11,-4,10,-4,10,-5,10,-5,10,-5,10,-6,10,-6,9,-6,9,-6,8,-7,8,-7,8,-6,7,-6,7,-6,7,-6,6,-7,5,-7,5,-7,4,-7,3,-7,2,0,0,0,0,0,0,0,0,0,0,0,0,0,0,-53,-46,-53,-47,-53,-44,-45,-42,-52,-44,-41,-38,-45,-36,-46,-32,-46,-27,-37,-22,-38,-26,-34,-16,-39,-17,-33,-10,-31,-7,-37,-2,-33,2,-29,5,-27,2,-31,11,-27,10,-28,20,-23,18,-20,22,-24,23,-22,27,-18,28,-12,37,-18,39,-15,44,-15,43,-20,47,-16,46,-19,51,-18,55,-24,52,-19,54,-21,57,-25,55,-28,56,-25,55,-31,55,-26,57,-33,59,-36,48,-37,47,-38,45,-34,44,-37,39,-38,38,-35,33,-38,33,-36,31,-36,26,-37,22,-39,15,-40,10,0,0,0,0,0,0,0,0,0,0,0,0,0,0,0,0,0,0,0,0,0,0,35,65,25,66,22,67,19,71,13,69,8,65,7,69,6,69,4,74,5,68,-3,66,0,63,-3,69,-4,64,-3,55,-6,56,-5,54,-5,56,0,46,-1,46,-3,42,-4,46,1,38,2,31,4,35,6,33,5,26,5,30,8,21,14,19,10,19,14,11,16,13,17,7,18,2,24,3,20,-1,21,-4,23,-7,29,-15,26,-16,26,-19,25,-22,23,-28,26,-25,19,-37,29,-38,24,-40,31,-50,33,-49,32,-56,34,-58,41,-61,36,-57,44,-66,38,-65,46,-61,0,0]"
CSI_DATA,239,1a:00:00:00:00:00,-90,11,1,0,1,1,1,0,0,0,1,-96,0,11,2,3523020,0,44,0,384,0,"[0,0,0,0,0,0,0,0,0,0,0,0,3,7,3,7,3,6,3,6,4,5,4,4,4,4,4,3,4,3,4,2,4,2,4,1,4,0,4,0,4,0,4,-1,3,-1,3,-2,3,-3,3,-3,3,-4,3,-4,3,-5,3,-6,3,-7,3,-7,0,0,3,-9,3,-9,3,-10,3,-10,4,-10,4,-10,4,-11,4,-10,5,-10,5,-10,5,-10,5,-10,5,-10,5,-10,6,-9,6,-9,6,-9,6,-8,6,-8,6,-8,6,-7,6,-6,6,-6,6,-5,6,-5,6,-4,0,0,0,0,0,0,0,0,0,0,0,0,0,0,70,-14,68,-14,66,-14,64,-14,61,-15,58,-15,54,-16,50,-17,47,-18,43,-19,39,-19,35,-20,31,-22,28,-23,24,-24,20,-24,16,-26,13,-26,9,-26,5,-28,2,-28,-2,-28,-6,-29,-9,-30,-12,-31,-16,-32,-20,-33,-23,-34,-26,-36,-29,-37,-32,-39,-34,-40,-36,-42,-38,-43,-39,-44,-41,-45,-41,-46,-41,-48,-41,-49,-40,-50,-39,-51,-38,-52,-36,-52,-34,-53,-32,-53,-30,-53,-28,-52,-26,-52,-24,-51,-22,-50,-19,-49,-16,-48,-13,-46,-10,-45,-7,-44,-5,-43,-3,-42,0,0,0,0,0,0,0,0,0,0,0,0,0,0,0,0,0,0,0,0,0,0,-58,-47,-57,-49,-54,-51,-52,-52,-50,-54,-48,-56,-45,-57,-43,-58,-41,-59,-39,-58,-37,-58,-36,-58,-35,-57,-33,-56,-31,-55,-30,-53,-29,-50,-28,-48,-26,-45,-26,-42,-25,-39,-24,-36,-24,-33,-23,-30,-22,-28,-22,-25,-21,-21,-21,-18,-21,-15,-21,-11,-20,-8,-20,-4,-19,-1,-19,3,-18,7,-17,10,-15,14,-14,17,-12,20,-10,24,-8,27,-5,30,-2,33,0,37,2,40,4,43,6,46,8,50,10,54,12,56,12,60,13,64,14,66,15,69,15,71,15,73,15,74,0,0]"
CSI_DATA,240,1a:00:00:00:00:00,-46,11,1,0,1,1,1,0,0,0,1,-96,0,11,2,3532998,0,44,0,384,0,"[0,0,0,0,0,0,0,0,0,0,0,0,10,5,9,4,9,3,8,4,9,3,7,3,7,2,7,1,6,1,6,0,6,0,6,-2,5,-2,5,-3,4,-3,4,-4,4,-4,3,-4,2,-5,3,-6,2,-6,1,-7,1,-7,1,-8,1,-9,0,-9,0,0,0,-10,0,-11,0,-12,0,-12,1,-12,1,-13,1,-12,1,-12,1,-12,2,-12,2,-13,4,-12,3,-11,3,-11,3,-11,4,-11,4,-11,4,-9,4,-9,4,-9,5,-8,5,-8,5,-7,6,-6,6,-5,5,-4,0,0,0,0,0,0,0,0,0,0,0,0,0,0,60,38,58,41,56,37,51,36,54,30,46,26,48,26,43,23,44,18,34,19,37,14,36,10,35,8,35,3,32,2,29,-2,32,-5,24,-10,24,-14,21,-15,22,-21,19,-20,16,-23,15,-24,13,-31,11,-32,10,-38,9,-44,9,-43,7,-48,7,-48,6,-51,8,-53,4,-56,3,-60,2,-61,5,-59,11,-61,8,-65,10,-60,15,-61,17,-63,20,-61,17,-59,20,-59,23,-58,22,-58,19,-54,23,-46,24,-46,25,-40,27,-43,26,-42,29,-34,29,-32,37,-29,34,-18,0,0,0,0,0,0,0,0,0,0,0,0,0,0,0,0,0,0,0,0,0,0,-32,-68,-23,-69,-20,-74,-13,-73,-12,-75,-6,-74,-5,-69,-1,-75,0,-75,4,-74,7,-71,5,-69,5,-69,7,-68,8,-64,4,-60,5,-63,11,-58,3,-51,6,-49,5,-44,5,-48,7,-42,4,-37,-1,-36,-1,-36,-2,-32,-6,-28,-9,-26,-11,-20,-12,-21,-14,-13,-12,-14,-19,-8,-17,-4,-19,-4,-18,-2,-22,2,-23,10,-22,12,-23,14,-24,20,-26,23,-26,25,-23,30,-20,29,-29,36,-25,39,-28,46,-30,55,-31,46,-34,57,-36,58,-34,57,-38,66,-37,64,-37,65,0,0]"
CSI_DATA,241,1a:00:00:00:00:00,-46,11,1,0,1,1,1,0,0,0,1,-96,0,11,2,3543051,0,44,0,384,0,"[0,0,0,0,0,0,0,0,0,0,0,0,-12,-2,-10,-1,-11,-1,-9,-1,-9,-1,-9,-1,-8,0,-7,1,-7,1,-6,1,-6,1,-5,3,-5,2,-5,3,-4,3,-3,4,-3,4,-2,5,-2,5,-1,5,0,5,1,6,1,6,1,7,1,7,2,7,0,0,3,8,3,9,3,9,3,10,3,10,3,10,3,10,3,11,3,11,3,11,2,11,2,11,1,11,1,11,0,10,0,10,0,11,0,9,-1,9,-1,8,-1,8,-2,8,-3,8,-3,7,-4,6,-4,6,0,0,0,0,0,0,0,0,0,0,0,0,0,0,-71,-23,-65,-20,-66,-15,-55,-8,-56,-9,-56,-12,-53,-6,-56,-5,-49,-7,-42,-1,-38,3,-37,7,-37,6,-33,8,-27,10,-22,19,-24,13,-18,22,-18,17,-15,23,-11,28,-7,23,-5,27,-1,31,1,27,8,31,7,32,15,41,14,41,17,46,17,43,27,49,19,45,25,55,21,56,23,58,29,56,29,58,20,61,25,59,26,59,24,62,22,58,20,63,19,63,14,60,8,62,11,57,7,52,4,55,3,51,0,49,0,51,-3,48,-7,51,-11,42,-16,35,0,0,0,0,0,0,0,0,0,0,0,0,0,0,0,0,0,0,0,0,0,0,37,66,33,64,28,68,24,74,22,70,19,70,19,73,16,70,16,76,17,69,6,68,10,68,14,70,10,64,5,63,2,59,8,61,4,56,4,53,4,53,6,49,6,46,7,42,10,33,12,35,12,33,11,30,12,23,19,26,14,17,11,10,15,16,14,10,14,-1,22,1,22,-3,18,-5,20,-9,18,-19,16,-15,18,-22,15,-23,15,-26,18,-31,15,-33,11,-39,8,-40,15,-48,10,-52,9,-57,12,-62,12,-57,20,-67,5,-69,9,-70,7,-76,18,-74,0,0]"
CSI_DATA,242,1a:00:00:00:00:00,-47,11,1,0,1,1,1,0,0,0,1,-96,0,11,2,3553380,0,44,0,384,0,"[0,0,0,0,0,0,0,0,0,0,0,0,6,9,5,8,6,6,5,7,5,6,4,5,5,4,5,3,5,3,5,2,4,2,5,1,5,1,4,-1,4,-1,4,-1,4,-2,3,-3,3,-4,3,-4,3,-5,2,-6,3,-6,3,-7,3,-8,3,-8,0,0,2,-9,3,-10,2,-11,3,-10,3,-10,3,-11,4,-11,4,-11,4,-11,5,-11,6,-11,5,-10,5,-10,5,-10,6,-9,6,-9,6,-9,6,-8,6,-7,6,-7,6,-7,6,-7,6,-6,6,-5,6,-3,6,-3,0,0,0,0,0,0,0,0,0,0,0,0,0,0,25,54,36,62,39,50,29,51,34,51,30,43,30,39,34,39,27,38,24,28,30,25,26,22,30,21,28,13,27,13,26,11,25,4,26,-3,20,-4,22,-9,25,-13,21,-12,19,-18,19,-21,18,-25,18,-28,16,-28,14,-38,11,-40,16,-49,14,-46,15,-49,13,-51,16,-55,10,-58,20,-55,15,-56,18,-62,21,-60,23,-59,23,-63,26,-58,28,-60,25,-59,26,-51,32,-58,27,-50,25,-53,34,-45,31,-46,31,-42,28,-40,29,-40,34,-32,32,-32,35,-29,35,-15,0,0,0,0,0,0,0,0,0,0,0,0,0,0,0,0,0,0,0,0,0,0,21,-75,31,-67,33,-71,36,-67,44,-63,44,-61,44,-57,46,-61,43,-59,48,-59,52,-54,47,-55,47,-54,46,-52,44,-47,41,-47,43,-47,46,-42,34,-41,36,-39,36,-38,30,-37,29,-32,25,-29,24,-30,17,-32,14,-29,11,-30,6,-24,2,-24,5,-21,-8,-24,-3,-17,-9,-17,-9,-17,-13,-15,-16,-14,-19,-6,-21,-2,-18,-1,-32,-1,-29,0,-30,6,-34,12,-33,9,-34,23,-41,17,-40,18,-41,26,-45,25,-48,29,-46,30,-54,30,-49,34,-57,37,-58,36,-59,43,0,0]"
CSI_DATA,243,1a:00:00:00:00:00,-47,11,1,0,1,1,1,0,0,0,1,-96,0,11,2,3563037,0,44,0,384,0,"[0,0,0,0,0,0,0,0,0,0,0,0,4,-10,4,-10,3,-9,3,-9,2,-8,2,-8,1,-8,1,-7,0,-7,-1,-6,-1,-6,-1,-6,-2,-5,-2,-4,-3,-4,-4,-4,-4,-3,-4,-3,-5,-2,-5,-2,-6,-1,-7,0,-7,-1,-8,0,-8,0,-9,1,0,0,-10,1,-10,1,-11,1,-11,2,-11,1,-11,1,-12,2,-11,1,-12,1,-12,0,-13,0,-12,-1,-11,-1,-11,-1,-11,-2,-12,-2,-10,-2,-10,-2,-10,-2,-10,-2,-9,-3,-9,-3,-8,-4,-7,-4,-7,-5,-6,-5,0,0,0,0,0,0,0,0,0,0,0,0,0,0,33,-59,33,-59,24,-58,32,-51,22,-58,22,-47,19,-52,14,-49,16,-49,9,-38,7,-43,0,-32,-1,-34,1,-35,-4,-31,-10,-23,-15,-24,-14,-22,-16,-16,-21,-13,-24,-13,-24,-11,-24,-9,-28,2,-28,0,-33,1,-37,4,-39,11,-40,11,-46,16,-46,14,-50,23,-53,18,-52,16,-55,22,-55,24,-65,18,-58,18,-65,13,-66,18,-63,19,-67,19,-66,16,-68,15,-58,9,-68,15,-60,5,-65,5,-51,8,-56,6,-54,5,-51,-2,-49,-5,-54,-10,-48,-14,-42,-14,-40,-18,0,0,0,0,0,0,0,0,0,0,0,0,0,0,0,0,0,0,0,0,0,0,-79,18,-79,8,-85,8,-84,4,-77,-6,-78,-8,-73,-3,-78,-13,-82,-12,-74,-12,-74,-16,-75,-19,-75,-15,-72,-18,-60,-16,-66,-18,-63,-13,-64,-15,-56,-13,-55,-15,-48,-14,-53,-10,-41,-11,-45,-8,-42,0,-34,2,-36,2,-32,1,-27,3,-24,9,-24,13,-19,12,-17,14,-12,15,-12,20,-9,16,-1,18,1,19,6,20,1,23,14,21,20,25,18,18,24,23,27,24,35,22,34,21,47,25,41,25,52,28,50,27,53,25,58,30,58,26,63,28,61,31,65,30,0,0]"
CSI_DATA,244,1a:00:00:00:00:00,-47,11,1,0,1,1,1,0,0,0,1,-96,0,11,2,3573030,0,44,0,384,0,"[0,0,0,0,0,0,0,0,0,0,0,0,10,-1,9,-2,8,-2,9,-2,7,-2,7,-2,6,-3,5,-3,4,-4,4,-3,3,-4,3,-4,2,-4,1,-4,1,-4,0,-5,0,-5,-1,-5,-2,-4,-3,-5,-3,-4,-4,-5,-5,-6,-5,-6,-6,-6,-7,-6,0,0,-8,-6,-8,-7,-9,-6,-9,-7,-9,-7,-9,-8,-9,-8,-9,-8,-10,-8,-9,-8,-9,-8,-8,-9,-8,-9,-8,-9,-7,-8,-7,-9,-7,-9,-6,-8,-7,-8,-6,-8,-5,-8,-4,-8,-4,-8,-3,-8,-2,-8,-1,-7,0,0,0,0,0,0,0,0,0,0,0,0,0,0,70,-9,64,-1,68,-9,53,-9,53,-8,54,-6,50,-9,47,-12,41,-12,43,-10,33,-10,25,-18,24,-19,23,-20,21,-17,11,-22,19,-22,7,-24,7,-22,5,-26,-5,-26,-5,-26,-13,-26,-12,-24,-14,-22,-16,-25,-29,-27,-28,-26,-38,-26,-36,-24,-39,-27,-42,-30,-41,-30,-53,-30,-46,-29,-51,-38,-53,-41,-56,-35,-51,-45,-53,-38,-47,-39,-51,-43,-53,-44,-52,-46,-46,-44,-42,-47,-42,-48,-38,-44,-38,-45,-34,-49,-28,-41,-29,-42,-28,-45,-18,-49,-18,-45,-11,-43,-10,-38,0,0,0,0,0,0,0,0,0,0,0,0,0,0,0,0,0,0,0,0,0,0,-59,-55,-52,-59,-48,-64,-45,-68,-43,-69,-41,-72,-40,-68,-36,-69,-33,-71,-32,-72,-28,-69,-34,-65,-30,-70,-27,-67,-23,-67,-21,-61,-26,-64,-18,-59,-20,-57,-17,-52,-24,-49,-25,-49,-19,-40,-20,-40,-21,-34,-25,-30,-17,-29,-22,-28,-20,-27,-22,-19,-21,-11,-23,-10,-25,-7,-21,-2,-23,2,-17,1,-20,8,-17,11,-15,14,-15,21,-15,21,-11,27,-7,30,-6,31,-4,37,-5,37,-5,37,6,45,-2,47,1,56,6,57,6,56,5,66,11,63,8,68,13,70,7,71,0,0]"
CSI_DATA,245,1a:00:00:00:00:00,-47,11,1,0,1,1,1,0,0,0,1,-96,0,11,2,3583052,0,44,0,384,0,"[0,0,0,0,0,0,0,0,0,0,0,0,-2,10,-1,9,0,8,0,8,0,7,-1,7,1,6,0,5,1,5,2,4,2,4,2,3,2,2,3,2,3,1,4,1,3,0,3,-1,4,-2,4,-2,4,-3,4,-4,4,-4,5,-5,5,-5,5,-6,0,0,6,-7,6,-7,6,-8,6,-8,7,-8,7,-8,7,-8,7,-8,8,-9,8,-8,9,-8,8,-7,8,-7,8,-7,8,-6,9,-6,8,-6,8,-6,8,-5,8,-5,8,-4,7,-4,7,-3,7,-2,7,-1,6,-1,0,0,0,0,0,0,0,0,0,0,0,0,0,0,-30,58,-20,59,-20,65,-19,50,-19,55,-15,52,-14,47,-12,48,-9,43,-4,40,-4,34,2,33,4,33,5,26,7,23,13,20,12,18,13,15,19,16,19,7,21,3,23,0,25,-3,26,-7,25,-8,29,-15,32,-14,30,-18,32,-22,38,-29,35,-28,43,-32,45,-28,44,-34,45,-34,47,-36,48,-35,50,-44,52,-36,51,-37,53,-37,54,-27,60,-30,59,-31,54,-27,55,-33,58,-27,57,-24,56,-25,54,-19,53,-17,52,-17,53,-12,46,-5,45,-3,46,-1,42,7,0,0,0,0,0,0,0,0,0,0,0,0,0,0,0,0,0,0,0,0,0,0,75,-12,78,-8,79,-7,84,0,79,7,74,9,75,8,76,7,80,9,71,15,70,16,73,14,73,13,69,16,66,17,65,15,64,7,58,16,56,10,49,13,47,13,53,11,48,4,40,7,37,6,44,-4,38,-4,38,-8,26,-6,24,-5,21,-7,17,-13,12,-13,10,-17,6,-17,6,-19,2,-20,-4,-22,-3,-22,-7,-21,-10,-25,-22,-18,-20,-24,-25,-25,-29,-21,-38,-16,-39,-21,-43,-22,-46,-21,-46,-20,-50,-22,-56,-27,-63,-29,-62,-26,-68,-22,-67,-24,-64,-26,0,0]"
CSI_DATA,246,1a:00:00:00:00:00,-47,11,1,0,1,1,1,0,0,0,1,-96,0,11,2,3593041,0,44,0,384,0,"[0,0,0,0,0,0,0,0,0,0,0,0,-10,4,-8,4,-8,4,-7,4,-7,3,-6,3,-5,4,-4,4,-4,4,-3,4,-3,4,-2,4,-1,3,-1,3,0,3,1,3,2,3,2,3,3,2,3,2,4,2,5,1,5,2,6,1,7,1,7,1,0,0,9,0,9,1,10,0,10,0,10,0,10,1,11,1,11,1,11,1,11,2,11,1,11,2,10,2,10,2,10,2,10,3,9,3,9,3,9,3,8,3,8,4,7,4,7,4,6,4,5,5,4,5,0,0,0,0,0,0,0,0,0,0,0,0,0,0,-67,20,-61,20,-61,31,-60,18,-49,24,-49,23,-47,22,-46,22,-36,24,-32,21,-31,25,-24,27,-19,24,-14,20,-15,25,-9,27,-4,23,-2,22,6,20,11,20,11,22,13,18,13,15,21,13,28,6,33,14,32,10,38,9,46,6,46,4,42,3,56,5,49,13,55,9,59,5,62,10,58,5,59,9,64,10,66,10,64,6,67,13,68,16,65,22,62,13,61,21,62,19,51,16,55,22,47,19,52,18,44,20,49,26,42,30,37,29,33,28,28,33,0,0,0,0,0,0,0,0,0,0,0,0,0,0,0,0,0,0,0,0,0,0,60,51,54,58,54,60,54,65,45,67,43,67,37,63,37,66,37,68,36,66,37,71,36,63,34,64,28,65,32,65,26,62,29,58,26,52,28,55,29,52,24,44,27,45,24,37,27,32,28,33,28,26,19,24,23,21,22,17,24,13,17,6,24,3,21,4,22,-1,17,-8,16,-10,18,-7,14,-18,10,-18,10,-24,4,-25,7,-24,3,-32,1,-31,-8,-33,-6,-36,-10,-40,-14,-44,-14,-47,-16,-51,-21,-55,-23,-60,-24,-64,-21,-57,-25,-67,-29,-72,-28,-68,0,0]"
CSI_DATA,247,1a:00:00:00:00:00,-47,11,1,0,1,1,1,0,0,0,1,-96,0,11,2,3613117,0,44,0,384,0,"[0,0,0,0,0,0,0,0,0,0,0,0,7,6,7,5,7,5,6,5,5,4,6,3,6,2,5,1,4,1,4,0,3,0,3,-1,3,-1,2,-2,2,-3,2,-3,1,-4,0,-4,0,-5,0,-5,-1,-6,-2,-6,-2,-7,-2,-7,-4,-8,-3,-8,0,0,-4,-9,-4,-10,-5,-11,-5,-11,-5,-10,-5,-11,-5,-11,-6,-12,-5,-11,-4,-12,-4,-13,-3,-11,-3,-12,-3,-12,-3,-12,-2,-11,-2,-11,-2,-10,-2,-10,-2,-10,-1,-10,0,-10,0,-10,1,-9,1,-9,2,-8,0,0,0,0,0,0,0,0,0,0,0,0,0,0,42,50,39,48,46,38,40,42,40,37,37,35,36,29,33,25,32,25,28,21,31,16,30,11,23,9,26,5,24,0,19,-1,19,-7,14,-9,9,-12,13,-16,5,-19,10,-20,-2,-21,3,-29,-2,-28,-2,-27,-9,-38,-14,-37,-17,-37,-20,-41,-19,-43,-27,-49,-21,-48,-24,-53,-30,-54,-24,-59,-32,-56,-34,-57,-29,-59,-23,-62,-29,-64,-24,-62,-28,-64,-27,-60,-21,-60,-17,-60,-18,-59,-19,-62,-17,-57,-12,-57,-10,-59,-9,-54,-10,-49,-6,-51,-4,-51,3,-47,10,-43,0,0,0,0,0,0,0,0,0,0,0,0,0,0,0,0,0,0,0,0,0,0,39,-72,45,-62,47,-61,50,-60,54,-59,57,-59,54,-54,58,-50,55,-47,54,-51,59,-45,52,-45,52,-51,54,-44,56,-37,52,-44,47,-46,43,-46,41,-36,43,-40,42,-37,33,-37,33,-36,25,-30,21,-35,15,-34,17,-28,14,-25,8,-28,2,-28,1,-23,3,-26,-5,-20,-8,-20,-6,-20,-16,-19,-14,-12,-21,-9,-18,-7,-25,-2,-26,-3,-30,9,-31,6,-33,10,-31,11,-39,22,-38,22,-31,26,-39,32,-45,31,-43,34,-44,37,-48,39,-45,43,-55,47,-48,47,-49,48,0,0]"
CSI_DATA,248,1a:00:00:00:00:00,-47,11,1,0,1,1,1,0,0,0,1,-96,0,11,2,3623382,0,44,0,384,0,"[0,0,0,0,0,0,0,0,0,0,0,0,-11,1,-10,2,-9,2,-9,2,-8,2,-7,2,-6,3,-5,3,-5,2,-4,2,-4,3,-2,3,-2,3,-1,3,-1,3,1,3,1,3,1,3,2,3,3,2,4,2,5,3,5,3,7,3,7,3,8,2,0,0,9,2,9,3,11,3,10,3,11,3,11,3,12,4,12,3,11,3,12,4,12,4,11,5,11,5,11,5,10,5,10,5,9,5,9,5,9,5,8,5,8,5,7,6,6,6,6,6,4,6,4,6,0,0,0,0,0,0,0,0,0,0,0,0,0,0,-67,10,-60,6,-66,10,-57,5,-51,13,-47,7,-45,11,-43,10,-36,15,-33,11,-29,13,-27,16,-27,19,-16,17,-10,16,-10,19,-5,19,3,18,3,15,7,16,10,19,13,14,19,15,19,13,25,13,29,15,31,12,39,11,44,10,50,10,44,7,56,4,57,10,60,5,60,2,66,11,66,9,65,11,64,13,64,12,66,9,69,14,68,14,69,15,62,17,66,18,58,19,59,19,57,21,50,20,48,24,51,20,48,22,45,26,40,25,35,26,31,30,0,0,0,0,0,0,0,0,0,0,0,0,0,0,0,0,0,0,0,0,0,0,23,68,18,77,20,76,18,78,10,79,12,77,5,81,7,76,5,77,6,72,0,72,7,71,7,71,0,71,3,71,0,62,7,62,-3,57,2,61,8,56,4,44,3,51,0,42,11,46,11,34,14,35,8,28,9,30,16,26,15,19,18,15,19,12,18,10,22,7,22,6,22,-2,18,-2,17,-12,17,-17,15,-19,16,-19,13,-25,10,-27,5,-31,8,-32,7,-35,4,-42,3,-42,-2,-52,-3,-53,-6,-56,-9,-62,-7,-64,-9,-60,-7,-68,-14,-75,-7,-70,0,0]"
CSI_DATA,249,1a:00:00:00:00:00,-47,11,1,0,1,1,1,0,0,0,1,-96,0,11,2,3633029,0,44,0,384,0,"[0,0,0,0,0,0,0,0,0,0,0,0,7,6,6,5,6,5,6,5,6,4,5,3,5,2,5,1,4,1,4,0,3,-1,4,-2,3,-2,2,-2,2,-3,2,-4,1,-4,1,-4,0,-5,-1,-5,-1,-5,-2,-7,-2,-6,-3,-8,-3,-9,-4,-9,0,0,-4,-9,-5,-10,-5,-10,-6,-11,-6,-11,-6,-12,-6,-12,-6,-12,-5,-12,-5,-12,-5,-12,-5,-12,-4,-12,-3,-12,-3,-12,-3,-12,-4,-12,-4,-11,-3,-11,-2,-10,-2,-10,-1,-10,-1,-10,0,-9,1,-9,1,-8,0,0,0,0,0,0,0,0,0,0,0,0,0,0,43,41,43,38,48,42,42,40,39,36,39,33,34,24,39,24,35,20,29,14,28,8,29,8,28,5,18,3,16,-3,20,-5,18,-12,15,-10,14,-15,9,-16,6,-23,6,-22,-3,-27,-4,-29,-4,-26,-8,-33,-14,-33,-19,-38,-18,-42,-24,-45,-27,-44,-32,-53,-27,-48,-35,-53,-35,-47,-33,-57,-38,-58,-39,-56,-34,-57,-31,-59,-29,-60,-32,-63,-30,-62,-29,-61,-32,-63,-25,-63,-24,-63,-22,-60,-23,-58,-18,-56,-17,-56,-17,-54,-13,-53,-9,-46,-8,-52,0,-49,8,-46,0,0,0,0,0,0,0,0,0,0,0,0,0,0,0,0,0,0,0,0,0,0,45,-63,50,-59,51,-56,58,-52,57,-52,61,-48,58,-48,61,-46,63,-47,55,-43,62,-42,58,-41,57,-45,56,-42,53,-39,52,-34,56,-43,48,-35,44,-37,38,-35,39,-33,38,-36,27,-33,28,-36,26,-28,20,-31,20,-25,18,-27,10,-25,10,-32,3,-22,0,-26,-4,-22,-9,-18,-7,-21,-12,-11,-11,-18,-20,-15,-24,-8,-23,-1,-29,-2,-28,4,-27,6,-30,9,-31,16,-33,19,-33,21,-32,25,-37,30,-43,34,-41,38,-45,41,-45,41,-46,40,-48,47,-48,54,-47,45,0,0]"
CSI_DATA,250,1a:00:00:00:00:00,-47,11,1,0,1,1,1,0,0,0,1,-96,0,11,2,3644455,0,44,0,384,0,"[0,0,0,0,0,0,0,0,0,0,0,0,-9,-6,-8,-5,-8,-4,-8,-4,-8,-3,-6,-3,-7,-2,-6,-1,-6,-1,-5,0,-5,0,-4,1,-4,2,-3,2,-3,2,-2,3,-2,3,-1,4,0,4,1,5,1,5,2,5,2,6,3,6,4,7,4,7,0,0,5,8,6,9,6,9,6,9,6,9,6,10,7,10,7,10,6,10,6,10,6,11,5,11,5,10,5,10,4,11,4,10,4,11,4,9,3,9,3,9,2,9,2,9,2,9,1,9,-1,9,-1,8,0,0,0,0,0,0,0,0,0,0,0,0,0,0,-54,-37,-51,-41,-49,-34,-46,-31,-47,-31,-41,-24,-46,-25,-38,-26,-37,-20,-29,-14,-30,-6,-31,-5,-26,0,-23,0,-22,4,-19,10,-17,8,-16,12,-15,17,-11,19,-6,20,-5,22,2,24,3,28,6,30,8,33,14,38,20,40,17,41,26,42,23,44,28,49,27,50,32,52,30,52,32,58,34,59,35,59,32,60,34,59,32,62,31,64,35,63,29,65,26,60,29,60,21,60,22,60,18,55,18,58,15,56,11,54,11,52,8,55,7,49,-4,49,-7,45,0,0,0,0,0,0,0,0,0,0,0,0,0,0,0,0,0,0,0,0,0,0,-27,69,-36,61,-35,65,-42,64,-49,64,-50,58,-47,57,-50,55,-49,55,-51,56,-53,51,-50,50,-45,54,-46,46,-42,41,-46,44,-43,46,-44,41,-32,38,-32,41,-31,37,-29,37,-32,32,-23,33,-23,32,-13,32,-15,24,-7,29,-4,29,-3,26,-2,20,8,22,6,16,9,15,9,14,12,13,18,12,19,4,19,5,21,-3,20,-4,26,-6,28,-8,28,-18,28,-21,34,-18,34,-24,31,-29,33,-36,33,-43,35,-40,39,-47,43,-46,40,-51,42,-58,34,-56,39,-55,0,0]"
CSI_DATA,251,1a:00:00:00:00:00,-47,11,1,0,1,1,1,0,0,0,1,-96,0,11,2,3653428,0,44,0,384,0,"[0,0,0,0,0,0,0,0,0,0,0,0,0,9,1,9,2,8,1,8,1,7,1,6,2,5,2,4,3,4,3,3,3,3,3,2,3,1,3,0,3,-1,3,-2,3,-2,3,-3,3,-3,3,-4,3,-5,3,-6,3,-6,3,-7,3,-8,3,-8,0,0,3,-10,4,-11,3,-11,3,-12,4,-11,4,-12,4,-12,4,-12,4,-12,5,-12,6,-12,6,-11,5,-11,6,-11,6,-11,6,-11,6,-10,6,-10,6,-9,5,-9,6,-8,6,-8,7,-7,7,-7,7,-5,7,-4,0,0,0,0,0,0,0,0,0,0,0,0,0,0,6,60,9,65,10,61,6,55,15,55,10,45,13,45,13,39,14,36,13,32,15,26,14,21,20,17,20,20,20,13,20,7,22,3,22,6,19,0,21,-4,20,-13,23,-15,13,-18,18,-22,20,-27,19,-28,16,-38,13,-42,14,-42,9,-50,15,-53,14,-55,11,-53,14,-61,15,-64,18,-65,14,-64,16,-69,19,-67,19,-70,19,-68,20,-73,22,-68,18,-65,22,-60,24,-70,26,-63,24,-58,26,-55,26,-56,28,-54,28,-52,28,-47,32,-45,30,-42,35,-38,36,-29,0,0,0,0,0,0,0,0,0,0,0,0,0,0,0,0,0,0,0,0,0,0,70,-30,71,-19,75,-18,79,-13,76,-10,80,-6,71,-8,79,1,77,-3,73,-2,77,0,69,-6,70,-6,66,0,63,3,65,-2,63,-4,61,4,54,0,50,-5,46,4,45,-4,44,-3,38,-9,41,-7,38,-15,29,-11,28,-15,19,-13,21,-19,14,-14,12,-19,9,-18,5,-17,5,-18,-1,-23,-7,-21,-10,-23,-14,-17,-13,-13,-20,-18,-25,-10,-30,-15,-35,-12,-33,-9,-38,-1,-42,-4,-47,-2,-47,2,-52,1,-58,2,-59,7,-63,2,-64,7,-69,10,-67,13,-66,7,0,0]"
CSI_DATA,252,1a:00:00:00:00:00,-47,11,1,0,1,1,1,0,0,0,1,-96,0,11,2,3663263,0,44,0,384,0,"[0,0,0,0,0,0,0,0,0,0,0,0,-4,-10,-4,-9,-5,-8,-5,-8,-4,-7,-4,-6,-5,-6,-4,-5,-5,-4,-5,-3,-4,-3,-4,-2,-5,-1,-5,0,-4,0,-4,2,-4,2,-3,3,-3,3,-3,4,-3,5,-3,5,-3,6,-2,7,-3,8,-2,8,0,0,-2,9,-2,10,-2,11,-2,11,-2,11,-2,11,-2,12,-2,12,-3,12,-3,12,-4,13,-4,12,-3,12,-4,11,-5,11,-5,11,-5,11,-4,10,-5,10,-5,9,-6,9,-5,9,-6,8,-6,7,-7,6,-7,5,0,0,0,0,0,0,0,0,0,0,0,0,0,0,-24,-64,-17,-57,-22,-60,-28,-50,-22,-51,-21,-48,-23,-41,-23,-42,-22,-33,-21,-35,-24,-25,-23,-22,-27,-22,-21,-15,-20,-9,-20,-6,-26,0,-21,1,-20,5,-20,11,-21,15,-13,16,-17,19,-11,23,-17,27,-13,33,-14,33,-8,40,-6,43,-13,48,-4,50,-5,55,-4,52,-3,59,-2,61,-5,68,-3,71,-5,65,-14,67,-8,73,-8,72,-7,72,-14,68,-13,65,-15,66,-14,68,-18,68,-16,62,-15,58,-17,61,-21,58,-21,54,-20,47,-26,48,-26,46,-29,42,-32,37,0,0,0,0,0,0,0,0,0,0,0,0,0,0,0,0,0,0,0,0,0,0,-66,44,-67,44,-66,41,-71,37,-70,34,-70,27,-71,26,-72,26,-70,25,-70,20,-71,22,-66,20,-66,25,-67,21,-64,11,-60,16,-63,21,-58,15,-57,22,-52,19,-43,15,-47,17,-42,17,-36,18,-35,20,-30,21,-24,15,-24,22,-19,13,-16,17,-12,17,-10,24,-5,20,-3,18,2,20,5,16,10,16,10,17,14,14,21,13,24,12,27,5,30,6,29,3,32,3,41,-4,40,-7,44,-6,46,-15,53,-14,50,-15,60,-17,60,-19,56,-23,67,-25,64,-22,62,-24,0,0]"
CSI_DATA,253,1a:00:00:00:00:00,-48,11,1,0,1,1,1,0,0,0,1,-96,0,11,2,3703117,0,44,0,384,0,"[0,0,0,0,0,0,0,0,0,0,0,0,4,-10,3,-10,2,-9,2,-9,1,-9,1,-7,1,-7,0,-6,-1,-6,-1,-5,-1,-6,-2,-5,-2,-4,-3,-3,-3,-3,-4,-2,-3,-2,-4,-1,-4,0,-4,1,-4,1,-5,2,-5,2,-5,3,-5,4,-6,5,0,0,-7,5,-7,6,-7,6,-7,7,-7,7,-8,7,-8,7,-8,7,-9,8,-9,8,-10,8,-9,7,-9,7,-9,6,-10,7,-9,6,-9,6,-9,5,-9,5,-9,5,-9,4,-9,3,-9,3,-9,2,-9,1,-9,0,0,0,0,0,0,0,0,0,0,0,0,0,0,0,14,-30,11,-27,10,-30,7,-28,8,-27,5,-26,4,-24,4,-24,4,-21,0,-18,0,-19,0,-15,-2,-15,-2,-14,-3,-13,-6,-8,-5,-12,-7,-9,-8,-5,-9,-3,-8,-1,-10,-3,-10,1,-10,4,-10,3,-13,9,-9,8,-8,10,-12,15,-11,15,-13,14,-12,17,-14,17,-14,20,-15,22,-18,22,-17,23,-18,24,-21,23,-19,26,-17,25,-19,24,-22,24,-23,23,-23,23,-21,23,-24,22,-21,18,-22,19,-21,18,-23,18,-19,17,-22,15,-22,13,-21,8,-22,9,-24,6,0,0,0,0,0,0,0,0,0,0,0,0,0,0,0,0,0,0,0,0,0,0,-40,5,-42,1,-42,0,-44,-3,-42,-6,-42,-6,-42,-7,-40,-9,-41,-9,-41,-10,-37,-10,-39,-8,-42,-10,-37,-11,-34,-11,-35,-8,-34,-10,-29,-8,-30,-6,-29,-8,-30,-9,-28,-7,-26,-5,-26,-3,-21,-3,-22,1,-19,-1,-19,2,-15,2,-16,4,-12,7,-13,6,-11,6,-8,8,-8,8,-4,12,-3,10,-2,12,0,12,0,10,3,14,6,11,7,11,8,11,13,11,16,8,16,11,17,12,22,12,20,12,22,11,28,8,29,12,27,12,30,14,30,11,30,12,0,0]"
CSI_DATA,254,1a:00:00:00:00:00,-49,11,1,0,1,1,1,0,0,0,1,-96,0,11,2,3713047,0,44,0,384,0,"[0,0,0,0,0,0,0,0,0,0,0,0,-3,-10,-4,-9,-4,-9,-4,-8,-3,-8,-3,-7,-4,-6,-4,-5,-4,-5,-4,-4,-4,-4,-3,-3,-3,-2,-3,-2,-3,-1,-3,0,-3,0,-3,0,-2,2,-1,2,-1,3,-1,3,-1,4,0,5,0,5,0,6,0,0,1,6,1,7,1,8,2,9,2,9,2,9,2,9,2,10,1,10,1,10,1,11,1,10,0,10,0,10,0,10,0,10,0,10,0,9,-1,9,0,9,-2,9,-2,8,-2,8,-2,8,-4,7,-4,6,0,0,0,0,0,0,0,0,0,0,0,0,0,0,-29,-59,-34,-52,-34,-54,-34,-45,-32,-50,-29,-40,-32,-39,-29,-37,-29,-32,-25,-30,-32,-25,-27,-22,-22,-16,-26,-9,-22,-12,-22,-7,-18,-5,-18,-1,-13,3,-11,5,-15,10,-14,13,-2,13,0,16,3,14,4,17,8,27,8,26,9,29,12,33,18,30,19,39,23,38,26,43,26,38,21,44,26,44,25,41,29,47,27,50,28,51,27,55,30,56,26,51,27,49,25,58,20,56,19,55,12,50,20,49,16,48,14,52,12,45,8,44,4,45,0,46,-4,44,0,0,0,0,0,0,0,0,0,0,0,0,0,0,0,0,0,0,0,0,0,0,-57,57,-62,52,-69,51,-71,48,-70,42,-72,37,-69,40,-72,42,-72,42,-75,34,-75,34,-71,35,-71,39,-67,31,-65,28,-68,30,-64,35,-58,26,-59,29,-52,30,-48,27,-48,33,-48,25,-39,25,-34,27,-28,27,-30,24,-26,26,-20,27,-10,30,-13,26,-5,25,1,21,2,22,1,26,6,19,11,21,14,16,18,12,19,19,27,11,26,7,30,7,29,4,34,-3,32,-9,36,-11,41,-12,41,-14,47,-13,43,-23,48,-26,57,-26,55,-26,56,-29,53,-35,55,-31,0,0]"
CSI_DATA,255,1a:00:00:00:00:00,-49,11,1,0,1,1,1,0,0,0,1,-96,0,11,2,3723967,0,44,0,384,0,"[0,0,0,0,0,0,0,0,0,0,0,0,5,8,5,7,6,6,5,6,5,5,4,5,5,4,4,3,4,3,4,2,3,2,3,1,3,0,2,0,2,-1,1,-1,1,-1,0,-2,0,-2,-1,-2,-2,-3,-2,-3,-3,-3,-4,-4,-4,-4,-5,-4,0,0,-6,-4,-7,-5,-8,-5,-8,-5,-8,-5,-9,-6,-9,-6,-9,-6,-10,-6,-9,-7,-10,-7,-9,-7,-9,-7,-9,-7,-9,-7,-9,-8,-9,-7,-9,-7,-8,-7,-8,-7,-7,-8,-7,-7,-7,-8,-6,-8,-5,-8,-4,-8,0,0,0,0,0,0,0,0,0,0,0,0,0,0,69,-6,64,-9,59,-14,58,-12,51,-15,49,-12,43,-13,44,-13,38,-15,35,-14,31,-16,27,-14,25,-17,22,-11,15,-20,16,-14,9,-18,4,-15,2,-11,-1,-9,-5,-9,-7,-5,-12,-10,-10,-3,-11,-2,-16,4,-19,3,-27,11,-24,15,-29,13,-33,19,-29,20,-34,21,-43,25,-34,26,-44,24,-43,26,-43,29,-45,27,-51,25,-42,28,-47,29,-52,30,-54,29,-50,28,-52,31,-51,27,-48,27,-45,19,-44,16,-42,21,-47,22,-46,21,-45,12,-45,11,-44,12,-38,3,0,0,0,0,0,0,0,0,0,0,0,0,0,0,0,0,0,0,0,0,0,0,5,-80,11,-81,17,-85,18,-87,21,-83,19,-76,23,-75,23,-79,27,-83,19,-84,26,-75,19,-76,22,-84,19,-80,19,-71,26,-65,17,-72,22,-65,11,-64,6,-56,10,-62,11,-64,5,-50,8,-53,-4,-50,-9,-47,-7,-38,-10,-39,-9,-34,-14,-31,-16,-25,-17,-27,-23,-14,-23,-16,-25,-14,-28,-7,-25,-5,-22,-1,-22,6,-23,10,-17,12,-18,14,-20,21,-19,22,-17,26,-9,32,-5,36,-9,43,-6,44,-4,49,-1,52,2,55,-4,64,2,54,3,63,5,63,4,68,0,0]"
CSI_DATA,256,1a:00:00:00:00:00,-49,11,1,0,1,1,1,0,0,0,1,-96,0,11,2,3733039,0,44,0,384,0,"[0,0,0,0,0,0,0,0,0,0,0,0,-1,10,0,10,0,9,0,9,0,7,0,7,1,6,1,6,1,5,1,4,1,4,1,3,1,2,1,1,1,1,1,1,0,0,0,-1,0,-1,-1,-2,-1,-2,-2,-3,-2,-3,-3,-4,-3,-4,-4,-5,0,0,-5,-6,-5,-6,-6,-7,-6,-7,-7,-7,-7,-8,-7,-8,-7,-8,-8,-9,-8,-9,-8,-9,-8,-9,-8,-9,-8,-9,-7,-9,-7,-10,-7,-9,-7,-9,-6,-9,-6,-8,-6,-9,-6,-8,-5,-8,-5,-8,-4,-9,-3,-8,0,0,0,0,0,0,0,0,0,0,0,0,0,0,54,37,50,33,53,29,51,27,48,29,40,27,49,19,43,22,41,11,34,10,33,8,28,9,32,6,31,0,22,1,20,2,19,-1,14,-4,9,-3,7,-3,3,-1,-2,-3,-4,-2,-3,-1,-8,-4,-14,-4,-16,0,-24,0,-27,3,-27,2,-31,4,-32,3,-35,3,-44,5,-41,4,-44,6,-49,8,-49,7,-53,8,-52,5,-49,9,-51,5,-57,8,-58,10,-55,4,-54,7,-57,3,-58,7,-49,3,-52,1,-49,-1,-52,-4,-52,-1,-46,0,-47,-8,-44,-8,-42,-14,0,0,0,0,0,0,0,0,0,0,0,0,0,0,0,0,0,0,0,0,0,0,71,-44,72,-36,75,-38,79,-37,84,-34,78,-31,74,-31,84,-24,77,-25,84,-32,80,-27,78,-30,79,-41,75,-30,67,-27,68,-22,69,-30,68,-23,59,-28,56,-30,52,-29,57,-34,47,-29,38,-35,38,-37,31,-36,30,-28,27,-31,24,-24,21,-33,12,-24,9,-29,2,-27,-1,-24,-3,-25,-9,-22,-8,-18,-14,-16,-19,-13,-20,-13,-23,-10,-24,-2,-26,5,-28,5,-29,8,-23,14,-35,18,-27,23,-36,32,-35,36,-35,35,-35,45,-34,45,-38,40,-37,52,-38,57,-38,57,0,0]"
CSI_DATA,257,1a:00:00:00:00:00,-50,11,1,0,1,1,1,0,0,0,1,-96,0,11,2,3743037,0,44,0,384,0,"[0,0,0,0,0,0,0,0,0,0,0,0,-11,4,-10,4,-9,4,-9,4,-8,4,-7,3,-6,4,-5,4,-5,3,-4,3,-4,3,-3,3,-3,2,-2,2,-2,1,-1,1,-1,0,-1,0,0,-1,0,-1,0,-2,0,-3,0,-4,0,-4,0,-5,0,-6,0,0,0,-7,0,-8,0,-9,-1,-9,0,-9,0,-10,0,-10,0,-11,-1,-11,0,-11,0,-12,1,-11,1,-11,0,-11,0,-11,0,-12,0,-11,0,-11,0,-11,0,-10,0,-10,1,-10,1,-10,2,-9,2,-9,3,-8,0,0,0,0,0,0,0,0,0,0,0,0,0,0,-7,61,0,61,4,61,-2,65,-1,54,-5,52,-1,51,2,50,4,41,7,38,14,36,9,33,10,32,14,26,5,22,8,21,8,16,5,11,7,12,9,3,4,1,0,2,-2,-2,-4,-4,-10,-5,-9,-7,-10,-11,-15,-15,-19,-21,-22,-16,-24,-18,-31,-22,-30,-21,-37,-26,-34,-23,-44,-27,-41,-26,-41,-26,-46,-25,-46,-30,-48,-28,-45,-31,-49,-36,-50,-33,-42,-33,-43,-34,-43,-39,-42,-34,-42,-33,-41,-24,-39,-29,-43,-29,-35,-27,-30,-30,-30,-34,-24,-42,-25,-36,0,0,0,0,0,0,0,0,0,0,0,0,0,0,0,0,0,0,0,0,0,0,54,66,56,73,51,69,47,74,45,72,44,77,49,74,46,70,48,74,40,67,42,77,45,64,47,72,43,72,40,65,40,62,46,57,42,57,43,57,46,46,40,44,41,44,36,38,42,32,33,29,40,28,32,22,36,15,34,15,35,8,30,1,27,-3,24,-5,20,-11,23,-10,14,-16,10,-13,6,-15,7,-13,3,-23,-4,-22,-10,-20,-12,-21,-18,-19,-27,-17,-28,-30,-32,-19,-37,-15,-44,-17,-45,-13,-48,-18,-53,-14,-56,-14,-56,-15,-62,-15,-72,-10,-73,-8,0,0]"
CSI_DATA,258,1a:00:00:00:00:00,-50,11,1,0,1,1,1,0,0,0,1,-96,0,11,2,3756044,0,44,0,384,0,"[0,0,0,0,0,0,0,0,0,0,0,0,8,-6,8,-6,7,-6,7,-6,6,-5,5,-5,4,-5,4,-5,3,-5,2,-4,2,-4,2,-4,1,-3,1,-3,1,-2,0,-1,0,-1,0,0,0,0,0,1,1,1,1,2,1,3,1,3,1,4,2,5,0,0,2,6,2,6,3,7,3,7,3,8,3,8,3,8,4,8,4,9,4,9,4,10,4,9,4,9,4,10,3,9,4,10,3,9,4,9,4,9,4,8,3,8,3,8,2,8,2,8,1,8,1,8,0,0,0,0,0,0,0,0,0,0,0,0,0,0,10,-62,8,-63,6,-67,4,-57,0,-58,-5,-54,-4,-47,-5,-51,-7,-42,-5,-38,-4,-39,-6,-32,-10,-29,-4,-24,-9,-23,-8,-22,-4,-17,-3,-11,-8,-8,-4,-5,2,-6,-1,-3,3,-5,9,-2,9,1,15,4,14,4,17,6,27,7,30,10,33,7,35,9,33,13,45,9,41,10,45,11,41,9,47,10,48,12,51,12,50,13,57,14,52,11,53,13,54,13,58,13,54,16,46,11,53,15,46,14,50,14,48,13,45,12,40,14,37,20,42,22,38,19,0,0,0,0,0,0,0,0,0,0,0,0,0,0,0,0,0,0,0,0,0,0,-8,-89,-3,-83,1,-87,3,-88,7,-89,2,-87,5,-88,4,-94,5,-90,4,-87,6,-87,-4,-82,-4,-89,-7,-79,-4,-77,-7,-76,-12,-75,-7,-70,-12,-67,-15,-61,-20,-56,-14,-57,-15,-51,-22,-46,-16,-41,-26,-39,-27,-37,-26,-34,-25,-25,-25,-23,-18,-19,-22,-8,-21,-11,-21,-7,-19,1,-19,4,-17,7,-10,9,-8,15,-2,19,-6,18,3,16,4,20,12,19,17,18,14,16,22,18,26,17,32,19,37,24,43,16,50,20,60,18,51,13,65,11,62,12,64,15,0,0]"
CSI_DATA,259,1a:00:00:00:00:00,-50,11,1,0,1,1,1,0,0,0,1,-96,0,11,2,3763649,0,44,0,384,0,"[0,0,0,0,0,0,0,0,0,0,0,0,-11,0,-10,0,-10,1,-9,1,-9,1,-8,1,-7,1,-6,1,-6,1,-5,1,-5,1,-4,1,-3,1,-3,0,-2,0,-2,0,-2,-1,-1,-1,-1,-2,-1,-2,-1,-3,-1,-4,0,-4,0,-5,0,-6,-1,-6,0,0,-1,-8,0,-8,-1,-9,-1,-10,-1,-10,-1,-10,-1,-11,-1,-11,-1,-11,-1,-11,-1,-12,-1,-12,-1,-11,-1,-11,-1,-11,-1,-11,-1,-11,-1,-11,-1,-10,-1,-10,-1,-10,0,-10,0,-10,0,-10,1,-9,1,-8,0,0,0,0,0,0,0,0,0,0,0,0,0,0,-11,32,-7,29,-6,30,-6,28,-4,28,-4,24,-2,23,-2,20,-2,20,-2,22,1,14,1,15,1,14,0,11,1,9,2,12,1,6,0,5,2,5,0,2,-2,3,-3,0,-5,-1,-8,0,-8,-3,-10,-3,-9,-3,-13,-2,-14,-2,-16,-4,-17,-5,-20,-4,-20,-5,-22,-5,-22,-1,-23,-7,-28,-3,-26,-5,-26,-4,-27,-6,-27,-5,-31,-8,-27,-5,-29,-4,-27,-5,-27,-5,-29,-6,-24,-6,-28,-5,-27,-2,-28,-4,-24,-3,-25,-5,-22,-8,-23,-9,-21,-8,-20,-8,0,0,0,0,0,0,0,0,0,0,0,0,0,0,0,0,0,0,0,0,0,0,-11,39,-13,42,-14,40,-17,43,-17,40,-16,42,-16,42,-14,38,-16,40,-13,39,-15,42,-12,37,-11,41,-11,39,-9,39,-7,34,-7,37,-5,35,-3,33,-3,29,0,30,0,32,3,26,4,25,4,19,7,22,7,17,7,16,7,16,8,12,8,8,8,7,7,5,7,3,8,1,5,-1,7,-3,7,-3,2,-5,3,-7,1,-9,-4,-10,-5,-11,-5,-11,-8,-11,-9,-13,-13,-13,-17,-10,-17,-13,-21,-14,-22,-12,-26,-11,-30,-14,-28,-10,-31,-10,-31,-9,-31,-10,0,0]"
CSI_DATA,260,1a:00:00:00:00:00,-50,11,1,0,1,1,1,0,0,0,1,-96,0,11,2,3773077,0,44,0,384,0,"[0,0,0,0,0,0,0,0,0,0,0,0,4,9,4,8,5,7,4,7,4,6,3,5,4,4,3,4,3,3,3,3,2,2,2,2,1,1,1,1,0,1,0,1,-1,1,-1,1,-2,1,-3,1,-3,1,-4,1,-4,1,-5,2,-6,2,-6,2,0,0,-7,3,-8,4,-8,4,-9,5,-9,4,-9,5,-10,5,-10,5,-10,5,-10,5,-11,5,-10,5,-10,5,-10,5,-10,5,-10,5,-10,5,-9,5,-10,5,-9,5,-9,4,-9,4,-9,4,-9,3,-9,2,-8,1,0,0,0,0,0,0,0,0,0,0,0,0,0,0,34,-4,29,-5,31,-7,30,-7,28,-9,25,-8,20,-9,23,-11,17,-9,17,-8,16,-7,13,-8,11,-8,12,-6,8,-7,6,-8,6,-7,3,-3,4,-2,3,-1,4,2,2,3,2,3,3,6,1,6,0,10,0,10,0,12,1,13,4,18,4,17,1,19,4,20,7,23,4,21,3,27,5,30,5,29,3,30,5,27,4,27,6,28,8,29,7,30,7,29,5,28,8,30,7,25,6,27,6,25,3,24,5,24,3,25,2,24,2,22,1,22,-4,22,0,0,0,0,0,0,0,0,0,0,0,0,0,0,0,0,0,0,0,0,0,0,42,-4,45,1,43,0,49,2,43,3,45,5,41,1,42,2,45,2,45,2,44,2,41,-2,43,-4,40,-2,39,-2,33,-2,39,-7,33,-5,31,-8,33,-9,30,-9,26,-10,23,-11,22,-11,19,-11,16,-12,15,-11,14,-13,12,-13,8,-15,6,-12,2,-13,3,-11,0,-9,-4,-9,-2,-5,-5,-7,-6,-3,-6,-1,-9,0,-6,2,-8,5,-9,8,-9,8,-10,12,-5,10,-7,14,-4,18,-3,22,-1,19,-4,26,0,24,-1,31,-2,27,3,34,4,34,2,37,0,0]"
CSI_DATA,261,1a:00:00:00:00:00,-50,11,1,0,1,1,1,0,0,0,1,-96,0,11,2,3783521,0,44,0,384,0,"[0,0,0,0,0,0,0,0,0,0,0,0,-5,9,-4,8,-3,8,-4,7,-3,6,-3,6,-2,5,-2,5,-2,4,-1,3,-1,3,-1,2,-1,2,-1,1,-1,0,-2,0,-2,-1,-2,-1,-3,-1,-3,-2,-4,-2,-4,-3,-5,-3,-5,-4,-6,-4,-7,-4,0,0,-8,-5,-8,-5,-9,-5,-10,-5,-10,-6,-10,-6,-11,-6,-11,-5,-12,-6,-11,-6,-12,-6,-11,-6,-11,-6,-11,-6,-11,-6,-11,-6,-11,-5,-11,-5,-11,-5,-10,-5,-10,-5,-9,-5,-9,-6,-8,-6,-8,-7,-7,-7,0,0,0,0,0,0,0,0,0,0,0,0,0,0,34,49,38,43,43,36,38,35,34,40,36,30,33,26,32,26,27,26,27,21,25,16,23,14,21,16,14,8,13,13,9,7,7,7,10,2,1,7,0,4,0,7,-8,7,-7,7,-12,8,-14,15,-16,14,-19,18,-22,24,-27,20,-27,22,-32,20,-32,25,-27,31,-39,30,-41,34,-39,39,-40,41,-38,37,-41,36,-42,34,-42,37,-49,44,-48,42,-45,39,-41,35,-40,46,-45,40,-38,41,-38,34,-35,38,-40,35,-41,31,-37,30,-36,30,-37,33,-36,26,-37,17,0,0,0,0,0,0,0,0,0,0,0,0,0,0,0,0,0,0,0,0,0,0,46,69,43,73,43,73,36,75,41,79,36,78,36,75,37,74,41,71,41,74,40,72,44,62,49,71,43,62,37,56,47,58,44,54,39,51,42,46,40,41,41,37,39,44,44,35,38,27,39,24,35,14,33,14,30,10,26,3,24,4,20,-2,19,-4,10,-5,13,-6,14,-8,4,-9,2,-7,1,-12,-4,-6,-12,-7,-10,-8,-20,-8,-16,-4,-17,3,-29,2,-38,5,-34,6,-31,13,-34,20,-36,26,-41,22,-45,28,-50,31,-46,33,-47,41,-47,42,-49,47,0,0]"
CSI_DATA,262,1a:00:00:00:00:00,-50,11,1,0,1,1,1,0,0,0,1,-96,0,11,2,3793026,0,44,0,384,0,"[0,0,0,0,0,0,0,0,0,0,0,0,-4,8,-3,8,-2,7,-3,7,-2,6,-2,5,-1,5,-1,4,-1,3,-1,2,-1,2,-1,2,-1,1,-1,0,-1,0,-2,-1,-2,-1,-2,-2,-3,-2,-3,-3,-4,-3,-5,-3,-5,-4,-6,-4,-7,-4,-7,-4,0,0,-8,-5,-9,-5,-10,-5,-10,-5,-10,-5,-11,-6,-11,-5,-11,-5,-12,-5,-12,-5,-12,-6,-11,-6,-11,-6,-12,-5,-11,-5,-12,-5,-11,-5,-11,-5,-11,-5,-10,-4,-10,-5,-10,-5,-9,-5,-9,-5,-8,-6,-7,-6,0,0,0,0,0,0,0,0,0,0,0,0,0,0,38,52,30,50,34,47,33,37,31,37,19,41,27,34,26,27,27,24,19,23,18,20,21,18,17,14,16,8,10,9,12,7,6,8,-1,4,2,-1,-3,1,-5,4,-10,5,-14,5,-19,4,-16,7,-20,12,-28,11,-31,15,-34,15,-36,20,-41,21,-47,23,-46,20,-43,27,-46,26,-50,22,-47,30,-48,36,-56,31,-54,31,-53,35,-50,36,-56,33,-54,37,-52,35,-56,30,-54,30,-48,34,-49,34,-45,30,-46,29,-48,30,-41,28,-49,24,-47,20,-45,17,-41,15,0,0,0,0,0,0,0,0,0,0,0,0,0,0,0,0,0,0,0,0,0,0,33,77,23,80,24,84,21,79,18,82,21,86,21,78,17,80,24,78,27,80,21,86,22,72,32,79,21,68,21,68,26,68,28,65,29,61,30,56,32,51,29,49,29,46,29,38,28,35,29,30,25,24,24,20,24,16,22,9,18,11,19,6,13,-2,17,-2,7,-2,5,-2,4,-8,1,-3,-5,-5,-3,-8,-11,-7,-11,-10,-22,-6,-15,-6,-24,-6,-26,2,-38,9,-37,8,-36,9,-36,12,-41,14,-45,20,-48,23,-55,25,-50,28,-56,32,-52,38,-54,32,0,0]"
CSI_DATA,263,1a:00:00:00:00:00,-50,11,1,0,1,1,1,0,0,0,1,-96,0,11,2,3803319,0,44,0,384,0,"[0,0,0,0,0,0,0,0,0,0,0,0,1,-10,1,-9,0,-8,0,-7,0,-7,0,-6,-1,-5,-1,-5,-1,-4,-1,-3,-1,-2,0,-2,0,-1,0,-1,0,0,1,1,1,1,2,2,2,2,3,2,3,3,4,3,5,4,6,4,6,4,7,4,0,0,9,5,9,5,10,5,11,5,10,5,11,5,11,5,11,5,12,5,13,5,12,6,12,6,11,5,11,5,12,5,12,5,11,5,11,4,11,4,10,4,10,5,9,4,9,5,8,5,8,6,6,6,0,0,0,0,0,0,0,0,0,0,0,0,0,0,-46,-32,-48,-33,-47,-24,-44,-26,-37,-17,-37,-23,-39,-21,-28,-17,-31,-15,-23,-9,-18,-5,-22,-11,-10,-6,-17,-2,-6,-4,-5,-5,-2,-7,1,0,0,0,13,-5,9,-5,13,-8,16,-5,20,-14,23,-15,23,-18,23,-18,32,-28,32,-29,34,-29,35,-28,41,-31,37,-35,41,-42,45,-41,47,-43,44,-50,48,-48,47,-43,49,-49,44,-50,46,-44,49,-53,45,-47,48,-46,48,-49,45,-41,44,-47,41,-41,39,-39,42,-42,40,-38,41,-39,43,-32,36,-30,39,-31,42,-19,0,0,0,0,0,0,0,0,0,0,0,0,0,0,0,0,0,0,0,0,0,0,-65,-56,-60,-64,-58,-62,-61,-66,-58,-66,-55,-72,-55,-67,-51,-69,-62,-66,-53,-58,-59,-65,-51,-58,-63,-56,-56,-53,-54,-50,-44,-47,-53,-47,-47,-41,-49,-34,-45,-33,-47,-37,-39,-31,-32,-29,-37,-24,-34,-13,-29,-13,-30,-9,-30,-4,-25,-3,-25,-5,-17,1,-14,-4,-10,-2,-8,4,-3,7,2,4,-1,5,1,7,12,-3,11,-1,8,2,22,-4,22,-7,20,-15,27,-17,37,-24,29,-18,23,-21,29,-29,34,-36,34,-39,31,-44,35,-42,35,-49,36,-50,33,-50,35,-51,0,0]"
CSI_DATA,264,1a:00:00:00:00:00,-49,11,1,0,1,1,1,0,0,0,1,-96,0,11,2,3813058,0,44,0,384,0,"[0,0,0,0,0,0,0,0,0,0,0,0,2,-8,1,-8,1,-7,1,-6,0,-5,0,-5,0,-4,0,-4,0,-3,-1,-2,-1,-2,-1,-1,-1,0,0,0,0,1,0,2,0,2,1,3,1,3,2,4,2,4,3,5,3,5,4,6,5,6,5,7,0,0,6,7,6,8,8,8,8,8,8,9,8,9,8,9,8,9,9,9,9,9,9,9,8,9,8,9,8,9,8,9,9,9,8,8,8,8,8,8,7,8,7,8,6,8,5,7,5,8,4,8,3,8,0,0,0,0,0,0,0,0,0,0,0,0,0,0,-33,-39,-36,-39,-39,-32,-30,-27,-32,-27,-27,-29,-27,-20,-25,-21,-19,-16,-23,-13,-14,-9,-16,-7,-15,-3,-13,-1,-9,1,2,0,1,-3,0,5,6,0,16,2,16,0,15,-2,21,3,30,2,21,-2,37,-1,39,-5,43,-7,41,-4,52,-8,47,-10,56,-13,57,-11,56,-16,57,-22,58,-19,62,-15,62,-22,62,-20,66,-14,70,-17,65,-19,64,-22,69,-21,61,-21,64,-24,63,-14,63,-22,51,-18,57,-18,52,-12,55,-10,49,-11,48,-8,47,-9,44,-3,46,6,0,0,0,0,0,0,0,0,0,0,0,0,0,0,0,0,0,0,0,0,0,0,-58,-63,-48,-69,-53,-69,-52,-70,-46,-71,-43,-67,-40,-66,-45,-73,-48,-71,-41,-66,-49,-71,-43,-61,-50,-62,-43,-60,-35,-56,-37,-54,-43,-53,-39,-51,-37,-43,-38,-34,-38,-32,-32,-39,-30,-25,-28,-20,-30,-23,-25,-22,-21,-16,-23,-13,-17,-11,-15,-6,-9,-9,-10,-2,-5,3,-2,3,-5,5,3,2,2,6,8,1,10,-3,9,4,14,5,19,-3,18,-10,21,-10,27,-9,29,-23,28,-20,33,-19,34,-26,37,-23,39,-30,36,-30,44,-34,43,-37,45,-37,44,-40,43,-38,0,0]"
CSI_DATA,265,1a:00:00:00:00:00,-48,11,1,0,1,1,1,0,0,0,1,-96,0,11,2,3833025,0,44,0,384,0,"[0,0,0,0,0,0,0,0,0,0,0,0,7,1,6,0,6,0,6,0,5,-1,4,-1,3,-2,2,-2,2,-2,1,-2,0,-2,-1,-2,-1,-2,-2,-2,-3,-2,-4,-2,-4,-2,-5,-2,-5,-1,-6,-1,-7,-1,-8,0,-9,0,-9,1,-10,1,-10,1,0,0,-12,2,-13,3,-13,3,-13,4,-13,3,-14,3,-14,4,-14,4,-14,4,-15,3,-15,3,-14,3,-14,3,-14,3,-14,2,-13,2,-14,2,-12,2,-12,2,-12,2,-12,1,-12,1,-12,0,-11,-1,-10,-2,-9,-2,0,0,0,0,0,0,0,0,0,0,0,0,0,0,20,-56,25,-46,19,-52,15,-45,7,-42,5,-32,7,-30,6,-33,6,-29,0,-27,-7,-17,0,-16,-13,-10,-7,-11,-12,-9,-10,1,-12,4,-12,6,-12,9,-11,14,-17,14,-16,20,-13,28,-9,32,-8,40,-7,41,-5,41,-6,48,-10,50,-3,56,-4,50,-5,58,-2,60,3,64,4,66,-1,66,1,70,5,72,0,69,4,73,-1,71,-7,77,1,73,-7,77,-4,66,-2,68,-2,67,-3,62,-8,64,-5,56,-7,57,-10,54,-8,57,-10,53,-17,57,-21,43,-25,42,0,0,0,0,0,0,0,0,0,0,0,0,0,0,0,0,0,0,0,0,0,0,1,-78,10,-78,10,-81,12,-82,17,-83,18,-70,18,-73,14,-73,15,-79,18,-70,21,-69,18,-67,16,-71,23,-67,19,-62,18,-54,15,-53,12,-52,12,-49,15,-48,6,-43,10,-44,7,-38,12,-36,9,-28,5,-23,0,-17,-4,-20,3,-13,2,-10,-3,-9,2,-8,-5,-2,1,-1,0,1,2,2,6,8,4,9,5,12,12,11,11,18,18,14,19,22,19,20,27,19,33,23,38,23,35,19,38,20,41,23,39,21,48,22,51,26,49,28,55,29,55,23,56,27,0,0]"
CSI_DATA,266,1a:00:00:00:00:00,-48,11,1,0,1,1,1,0,0,0,1,-96,0,11,2,3843034,0,44,0,384,0,"[0,0,0,0,0,0,0,0,0,0,0,0,0,8,0,7,1,6,1,6,1,4,1,4,2,3,2,2,2,2,2,1,2,0,2,-1,2,-1,2,-2,2,-3,2,-4,2,-4,1,-5,1,-6,1,-6,0,-7,0,-8,0,-8,0,-9,-1,-10,-1,-11,0,0,-2,-12,-1,-12,-2,-13,-2,-13,-2,-13,-2,-14,-2,-14,-2,-14,-2,-14,-2,-14,-1,-15,-1,-14,-1,-14,-1,-14,0,-13,0,-14,0,-13,0,-13,0,-12,0,-12,1,-12,1,-11,2,-10,2,-10,3,-9,3,-8,0,0,0,0,0,0,0,0,0,0,0,0,0,0,53,16,52,16,54,4,46,10,45,5,37,5,37,1,34,-5,32,-1,23,-5,19,-7,15,-7,16,-13,14,-15,8,-13,3,-9,-1,-17,-8,-17,-13,-18,-16,-15,-18,-18,-20,-18,-22,-18,-29,-19,-30,-16,-43,-17,-42,-11,-49,-15,-43,-15,-49,-12,-62,-13,-62,-15,-60,-14,-66,-14,-68,-10,-70,-16,-72,-14,-76,-12,-73,-19,-70,-21,-71,-23,-72,-21,-69,-20,-73,-14,-67,-16,-72,-20,-63,-22,-66,-21,-65,-24,-56,-21,-53,-22,-52,-21,-52,-24,-48,-28,-46,-28,-40,-32,-34,-34,0,0,0,0,0,0,0,0,0,0,0,0,0,0,0,0,0,0,0,0,0,0,77,-33,73,-24,77,-23,77,-18,79,-12,76,-11,71,-13,74,-3,72,-8,77,-8,72,-5,69,-5,70,-8,66,-6,60,-1,61,1,59,-5,50,2,45,-2,47,-2,41,0,39,1,34,-2,30,1,26,-2,21,-2,15,-2,18,-3,10,-1,8,-1,1,-1,1,0,-1,1,-4,1,-5,4,-9,9,-10,4,-12,12,-12,15,-15,13,-12,20,-15,26,-20,28,-19,25,-16,34,-13,34,-19,35,-13,40,-16,42,-19,52,-12,51,-13,57,-19,60,-23,56,-22,69,-20,62,-20,63,0,0]"
CSI_DATA,267,1a:00:00:00:00:00,-48,11,1,0,1,1,1,0,0,0,1,-96,0,11,2,3853033,0,44,0,384,0,"[0,0,0,0,0,0,0,0,0,0,0,0,1,8,2,8,3,7,2,6,3,5,3,4,3,3,3,3,3,2,3,1,3,1,3,-1,3,-1,3,-2,3,-2,3,-3,3,-4,3,-5,2,-5,2,-6,2,-7,1,-8,2,-8,1,-10,1,-11,1,-10,0,0,0,-12,1,-13,0,-13,0,-14,0,-12,0,-14,0,-14,0,-13,0,-14,1,-14,2,-14,2,-13,2,-13,2,-13,3,-13,3,-12,2,-13,3,-11,2,-12,2,-11,3,-11,3,-10,4,-9,4,-8,6,-7,6,-6,0,0,0,0,0,0,0,0,0,0,0,0,0,0,20,54,22,55,28,47,27,44,29,42,21,38,18,34,17,30,19,23,21,20,19,12,19,11,22,10,21,-3,21,0,20,-6,19,-8,15,-16,14,-16,15,-21,10,-26,11,-27,7,-29,4,-29,8,-38,4,-42,-4,-45,-8,-50,-3,-49,-12,-50,-10,-51,-10,-57,-8,-60,-11,-66,-16,-65,-7,-66,-7,-72,-10,-69,-9,-71,-12,-76,-8,-69,-5,-70,-7,-70,-5,-75,-2,-67,-3,-66,-2,-68,2,-62,2,-63,2,-60,4,-58,5,-59,8,-51,15,-46,13,-48,17,-43,22,-42,0,0,0,0,0,0,0,0,0,0,0,0,0,0,0,0,0,0,0,0,0,0,70,13,70,24,72,23,71,25,68,31,63,30,65,32,63,38,63,39,57,40,58,33,54,33,57,34,46,38,48,35,46,31,46,28,37,28,37,28,30,24,23,27,26,28,26,22,20,18,16,18,14,11,11,11,11,7,6,4,5,6,-2,0,2,2,-4,0,-9,0,-13,0,-15,1,-15,2,-18,1,-20,7,-23,3,-27,4,-27,1,-29,5,-33,15,-35,14,-43,14,-42,12,-46,15,-46,16,-53,18,-52,25,-51,23,-55,18,-59,21,-59,29,-59,29,-60,24,0,0]"
CSI_DATA,268,1a:00:00:00:00:00,-47,11,1,0,1,1,1,0,0,0,1,-96,0,11,2,3873230,0,44,0,384,0,"[0,0,0,0,0,0,0,0,0,0,0,0,-11,-1,-10,0,-9,0,-9,0,-9,1,-7,0,-7,2,-6,2,-6,3,-5,2,-4,3,-3,4,-3,4,-3,4,-2,4,0,5,0,5,1,5,1,5,2,5,2,6,3,6,4,6,5,6,6,7,6,7,0,0,7,8,7,8,7,9,8,8,8,9,8,9,8,9,7,9,8,10,7,10,7,10,7,10,6,10,6,11,5,10,5,10,5,10,4,9,4,9,4,9,3,9,2,9,1,9,1,9,0,8,-1,7,0,0,0,0,0,0,0,0,0,0,0,0,0,0,-67,-25,-65,-18,-62,-14,-55,-19,-53,-11,-47,-13,-49,-11,-44,-6,-42,-1,-38,0,-37,4,-29,8,-28,8,-24,15,-24,14,-17,18,-16,19,-9,20,-9,26,-5,29,1,31,-3,31,4,29,10,35,15,32,18,41,14,38,23,40,25,44,30,46,28,46,29,54,27,53,33,53,36,58,37,57,41,63,42,58,36,57,33,64,37,64,34,63,28,67,29,66,26,62,26,62,21,64,25,57,18,58,15,54,15,59,12,54,7,52,3,53,2,52,-7,48,-11,42,0,0,0,0,0,0,0,0,0,0,0,0,0,0,0,0,0,0,0,0,0,0,-27,71,-31,68,-34,68,-41,63,-48,63,-42,57,-44,54,-43,54,-48,52,-47,54,-48,46,-46,42,-48,45,-47,40,-45,34,-44,30,-41,32,-39,23,-35,26,-35,24,-33,23,-25,18,-28,11,-21,12,-23,9,-20,8,-13,2,-9,-1,-7,2,-5,0,2,-5,0,-1,2,-6,1,-9,6,-14,9,-17,11,-18,13,-16,13,-23,13,-28,10,-24,10,-32,13,-35,13,-40,10,-43,15,-43,12,-48,10,-53,12,-56,12,-59,8,-66,11,-67,17,-71,16,-63,19,-76,17,-74,14,-67,0,0]"
CSI_DATA,269,1a:00:00:00:00:00,-47,11,1,0,1,1,1,0,0,0,1,-96,0,11,2,3883644,0,44,0,384,0,"[0,0,0,0,0,0,0,0,0,0,0,0,-10,-1,-10,-1,-9,0,-9,0,-8,0,-7,1,-7,1,-6,2,-6,2,-5,2,-5,3,-4,4,-4,3,-3,4,-2,4,-1,5,-1,5,0,5,0,6,1,6,1,6,2,7,2,7,3,7,3,8,4,8,0,0,5,9,5,9,5,10,5,10,5,10,5,11,5,11,5,11,5,11,4,11,4,11,4,11,3,11,3,11,2,10,2,10,2,10,1,10,1,10,0,9,0,9,-1,9,-1,8,-2,8,-3,7,-3,6,0,0,0,0,0,0,0,0,0,0,0,0,0,0,-66,-15,-67,-13,-62,-8,-56,-13,-52,-5,-53,-5,-49,-4,-49,-3,-42,-1,-39,5,-32,7,-31,12,-29,14,-27,14,-23,16,-21,18,-21,22,-15,27,-12,28,-14,26,-6,34,-7,31,0,33,-1,38,6,34,14,42,17,36,19,42,21,47,22,48,22,48,25,56,25,51,28,57,27,57,27,61,27,58,32,58,27,65,23,68,23,66,23,64,19,68,21,67,19,66,16,63,9,62,11,62,7,58,8,55,2,48,-1,54,-4,50,-3,49,-10,50,-16,46,-19,38,0,0,0,0,0,0,0,0,0,0,0,0,0,0,0,0,0,0,0,0,0,0,4,74,-5,74,-8,70,-14,69,-16,67,-20,66,-21,67,-25,64,-27,64,-29,57,-35,50,-35,48,-30,52,-31,46,-31,45,-34,39,-30,40,-29,37,-26,32,-22,31,-22,25,-21,26,-19,16,-17,16,-14,13,-10,11,-13,6,-6,6,-3,6,-3,1,0,-5,2,-5,2,-7,4,-11,5,-10,4,-16,10,-15,12,-19,8,-19,9,-27,9,-29,9,-32,5,-35,10,-40,7,-40,-2,-50,2,-54,5,-50,5,-58,11,-60,12,-61,7,-58,11,-72,8,-65,13,-73,8,-75,9,-70,0,0]"
CSI_DATA,270,1a:00:00:00:00:00,-47,11,1,0,1,1,1,0,0,0,1,-96,0,11,2,3893129,0,44,0,384,0,"[0,0,0,0,0,0,0,0,0,0,0,0,-11,4,-10,3,-9,4,-9,4,-7,4,-6,4,-6,4,-5,5,-5,5,-4,4,-3,5,-2,5,-2,5,-1,5,0,5,1,5,1,5,2,5,2,5,3,5,4,5,5,5,5,5,6,6,7,6,7,6,0,0,8,6,8,6,9,7,9,7,9,7,9,7,10,7,9,7,9,7,9,8,9,8,8,9,8,9,8,9,7,9,7,9,6,9,6,8,5,8,5,8,4,8,4,8,3,8,2,8,1,7,0,7,0,0,0,0,0,0,0,0,0,0,0,0,0,0,-71,11,-69,15,-66,16,-59,13,-54,16,-46,13,-48,15,-48,18,-47,15,-36,20,-33,20,-25,21,-22,23,-19,27,-17,24,-13,23,-11,32,-7,30,-3,30,0,31,6,33,12,31,11,29,20,31,20,33,23,37,29,35,35,35,37,35,43,38,39,41,44,34,47,39,46,38,53,43,49,47,49,44,50,45,52,51,48,52,50,53,48,53,43,52,44,57,40,54,41,53,35,54,33,57,30,53,26,54,23,50,20,50,22,49,12,50,9,50,8,43,2,42,0,0,0,0,0,0,0,0,0,0,0,0,0,0,0,0,0,0,0,0,0,0,30,68,25,69,22,71,16,71,9,72,8,70,3,69,-1,70,-2,69,-7,66,-9,65,-7,61,-4,62,-9,61,-9,49,-10,52,-6,48,-11,41,-5,44,-8,38,-4,33,-7,26,-9,26,-9,19,-7,18,-6,16,-5,10,-4,4,4,8,3,7,-2,0,5,-6,5,-6,3,-9,3,-13,1,-19,1,-23,-2,-20,-1,-23,1,-26,1,-33,-2,-37,-9,-36,-6,-44,-10,-41,-16,-45,-13,-46,-15,-52,-18,-57,-16,-66,-21,-62,-19,-66,-17,-73,-16,-69,-16,-76,-22,-74,-13,-78,0,0]"
CSI_DATA,271,1a:00:00:00:00:00,-46,11,1,0,1,1,1,0,0,0,1,-96,0,11,2,3913226,0,44,0,384,0,"[0,0,0,0,0,0,0,0,0,0,0,0,-3,11,-2,10,-1,9,-1,9,-1,8,0,7,0,7,1,7,1,6,2,5,2,5,3,5,3,4,4,3,4,3,5,2,5,2,5,1,6,1,6,0,6,0,7,-1,7,-1,8,-2,9,-2,9,-3,0,0,10,-3,10,-3,11,-4,11,-3,11,-3,11,-3,11,-3,11,-3,12,-3,12,-2,12,-2,11,-1,11,-1,11,-1,11,0,11,0,10,0,10,0,10,1,9,1,10,2,9,2,8,3,7,3,7,4,6,4,0,0,0,0,0,0,0,0,0,0,0,0,0,0,-23,68,-18,66,-16,61,-14,58,-13,59,-11,55,-7,48,-7,48,-1,43,1,42,4,38,8,40,9,38,15,34,17,30,16,25,20,25,22,24,23,15,24,14,31,12,28,11,32,1,36,1,32,-2,40,-1,44,-4,42,-5,50,-7,53,-9,51,-10,58,-11,59,-10,60,-13,58,-18,61,-10,66,-17,68,-17,67,-10,69,-13,64,-9,64,-2,67,-3,64,-4,65,0,64,2,64,2,63,1,56,3,54,7,53,9,57,7,53,14,48,18,44,25,40,22,34,26,0,0,0,0,0,0,0,0,0,0,0,0,0,0,0,0,0,0,0,0,0,0,68,-29,67,-24,71,-13,72,-13,71,-7,69,-3,62,-3,63,2,71,1,61,4,58,6,59,4,60,7,57,10,50,9,49,9,46,6,40,6,38,9,35,3,32,8,30,6,24,1,24,2,21,3,15,-3,10,-1,13,-8,7,-5,8,-5,4,-10,-2,-10,-5,-10,-4,-13,-7,-11,-13,-17,-12,-15,-17,-11,-21,-13,-25,-17,-31,-13,-31,-13,-33,-16,-39,-12,-39,-8,-45,-14,-48,-12,-54,-4,-61,-9,-62,-11,-62,-11,-65,-11,-75,-12,-68,-10,-72,-14,-82,-13,-73,-14,0,0]"
CSI_DATA,272,1a:00:00:00:00:00,-46,11,1,0,1,1,1,0,0,0,1,-96,0,11,2,3923028,0,44,0,384,0,"[0,0,0,0,0,0,0,0,0,0,0,0,-10,-7,-9,-6,-9,-5,-9,-5,-8,-4,-8,-4,-7,-3,-7,-3,-7,-2,-7,-1,-6,-1,-6,0,-6,1,-6,1,-6,2,-5,3,-5,3,-4,4,-4,4,-4,5,-4,5,-3,6,-3,7,-3,7,-3,8,-3,8,0,0,-3,9,-3,10,-3,10,-2,11,-3,10,-3,11,-3,11,-4,11,-4,11,-4,11,-5,11,-5,11,-5,10,-4,10,-6,9,-6,9,-6,9,-6,8,-6,8,-6,7,-7,7,-6,7,-7,6,-7,5,-7,4,-7,3,0,0,0,0,0,0,0,0,0,0,0,0,0,0,-58,-47,-59,-46,-56,-38,-56,-40,-49,-36,-47,-37,-50,-28,-47,-25,-43,-20,-40,-21,-38,-13,-35,-15,-40,-12,-34,-2,-34,-3,-35,4,-35,8,-30,13,-28,11,-27,22,-27,21,-27,20,-21,30,-19,29,-18,32,-19,38,-18,38,-13,45,-12,48,-14,49,-10,54,-22,59,-16,53,-14,60,-12,61,-17,59,-19,59,-18,63,-17,66,-20,67,-21,66,-24,59,-27,62,-29,63,-30,55,-32,56,-37,53,-34,56,-32,51,-30,48,-32,43,-35,39,-36,38,-39,32,-39,29,-44,23,-39,15,0,0,0,0,0,0,0,0,0,0,0,0,0,0,0,0,0,0,0,0,0,0,17,74,5,72,2,73,-3,71,-8,74,-11,67,-11,67,-12,64,-17,70,-20,62,-22,63,-18,57,-12,56,-21,56,-20,50,-20,49,-19,48,-19,43,-16,35,-17,41,-13,35,-10,29,-12,31,-6,26,-5,24,-1,19,0,20,1,21,4,11,8,6,6,5,10,5,15,0,15,-1,16,-4,21,-3,20,-9,16,-10,21,-15,21,-18,22,-21,22,-25,25,-26,30,-31,24,-33,17,-44,24,-42,28,-47,29,-53,28,-50,33,-58,34,-60,40,-60,36,-56,43,-67,38,-70,41,-67,0,0]"
CSI_DATA,273,1a:00:00:00:00:00,-47,11,1,0,1,1,1,0,0,0,1,-96,0,11,2,3933507,0,44,0,384,0,"[0,0,0,0,0,0,0,0,0,0,0,0,10,-5,10,-5,9,-5,8,-5,7,-5,6,-4,6,-5,5,-5,4,-5,3,-5,3,-6,2,-6,2,-6,1,-6,1,-6,0,-6,-1,-6,-2,-6,-2,-6,-3,-6,-3,-6,-4,-6,-4,-7,-5,-7,-6,-7,-6,-7,0,0,-7,-8,-7,-8,-8,-8,-8,-9,-8,-9,-8,-9,-8,-9,-8,-9,-8,-10,-7,-10,-7,-11,-7,-10,-6,-10,-6,-10,-5,-11,-5,-10,-5,-11,-4,-10,-4,-10,-4,-9,-2,-10,-2,-9,-1,-9,0,-9,0,-9,1,-8,0,0,0,0,0,0,0,0,0,0,0,0,0,0,75,-30,70,-27,63,-30,56,-24,59,-28,51,-25,53,-27,47,-28,43,-25,37,-26,37,-28,30,-26,28,-29,24,-31,18,-28,14,-30,8,-36,5,-27,2,-29,-2,-29,-11,-32,-7,-28,-14,-31,-12,-34,-19,-38,-23,-33,-28,-31,-29,-31,-35,-35,-37,-37,-42,-36,-45,-40,-44,-37,-48,-40,-49,-39,-46,-47,-53,-45,-51,-47,-48,-47,-51,-47,-44,-49,-40,-52,-45,-55,-45,-52,-39,-55,-42,-52,-28,-51,-37,-53,-27,-48,-25,-51,-20,-51,-22,-52,-18,-52,-10,-49,-11,-45,0,-45,4,-43,0,0,0,0,0,0,0,0,0,0,0,0,0,0,0,0,0,0,0,0,0,0,-72,-14,-74,-20,-73,-25,-72,-31,-67,-39,-63,-41,-60,-38,-56,-43,-61,-43,-57,-42,-49,-44,-49,-40,-52,-41,-49,-40,-43,-38,-44,-43,-46,-33,-39,-33,-38,-35,-33,-26,-34,-28,-31,-22,-28,-24,-26,-19,-29,-12,-25,-9,-23,-7,-23,-4,-23,-7,-20,3,-19,5,-17,4,-18,7,-16,16,-14,15,-8,15,-7,20,-8,20,-2,23,-1,26,3,28,6,36,11,43,13,40,15,36,21,46,22,49,24,45,28,52,30,54,33,59,35,59,36,61,36,60,39,71,40,71,33,72,0,0]"
CSI_DATA,274,1a:00:00:00:00:00,-47,11,1,0,1,1,1,0,0,0,1,-96,0,11,2,3943027,0,44,0,384,0,"[0,0,0,0,0,0,0,0,0,0,0,0,11,2,11,1,11,0,10,0,9,0,8,0,8,-2,7,-1,6,-3,6,-2,5,-3,5,-4,4,-3,4,-4,3,-4,3,-5,2,-5,1,-6,1,-6,0,-7,0,-7,-1,-8,-1,-7,-1,-8,-2,-9,-3,-9,0,0,-4,-10,-3,-11,-4,-11,-4,-11,-4,-12,-4,-13,-4,-12,-3,-12,-3,-13,-2,-13,-3,-13,-1,-13,-1,-13,-1,-13,-1,-12,0,-12,0,-12,0,-11,1,-11,1,-10,1,-10,2,-10,3,-9,4,-8,4,-7,4,-7,0,0,0,0,0,0,0,0,0,0,0,0,0,0,77,5,69,11,67,4,62,8,58,5,57,4,55,3,57,-1,47,0,45,-3,39,-6,35,-9,34,-11,33,-12,31,-12,22,-16,27,-19,21,-20,15,-18,12,-24,11,-26,9,-28,2,-32,-4,-28,0,-30,-1,-35,-7,-38,-13,-45,-13,-41,-21,-46,-15,-44,-19,-49,-17,-49,-24,-53,-22,-52,-23,-55,-24,-62,-27,-59,-19,-61,-21,-61,-16,-62,-13,-65,-11,-65,-14,-66,-11,-56,-9,-67,-7,-61,-3,-57,1,-55,1,-58,5,-54,6,-53,7,-48,11,-46,15,-45,19,-38,23,-34,0,0,0,0,0,0,0,0,0,0,0,0,0,0,0,0,0,0,0,0,0,0,-59,-48,-51,-55,-56,-57,-51,-63,-47,-64,-39,-66,-36,-61,-33,-68,-36,-63,-32,-64,-30,-70,-28,-62,-29,-61,-25,-62,-25,-56,-21,-52,-27,-53,-20,-51,-23,-48,-23,-44,-22,-43,-19,-38,-16,-34,-25,-32,-19,-30,-20,-25,-16,-22,-18,-17,-20,-10,-25,-12,-20,-4,-22,-6,-21,-1,-20,2,-21,4,-18,11,-22,11,-19,12,-17,17,-17,22,-13,26,-9,28,-11,27,-8,34,-10,36,1,47,-6,50,-7,53,-2,59,-6,63,-3,65,-3,65,-7,64,-4,73,-2,76,-5,75,-5,79,0,0]"
CSI_DATA,275,1a:00:00:00:00:00,-47,11,1,0,1,1,1,0,0,0,1,-96,0,11,2,3952996,0,44,0,384,0,"[0,0,0,0,0,0,0,0,0,0,0,0,10,4,8,4,9,3,8,3,8,3,6,2,6,1,7,1,5,0,6,-1,5,-1,4,-2,4,-2,4,-3,3,-3,3,-4,2,-4,2,-4,2,-5,1,-5,0,-6,0,-6,0,-7,-1,-8,-1,-8,-2,-8,0,0,-2,-9,-2,-10,-2,-10,-3,-10,-2,-10,-2,-11,-3,-11,-2,-11,-2,-11,-2,-11,-1,-11,-1,-11,0,-11,0,-11,0,-11,0,-10,0,-11,0,-10,1,-10,1,-9,2,-9,2,-9,3,-8,3,-7,4,-6,4,-5,0,0,0,0,0,0,0,0,0,0,0,0,0,0,64,30,58,34,65,30,53,29,54,25,49,28,51,20,49,14,47,13,37,13,37,6,35,5,35,-1,33,-3,31,-1,28,-12,27,-11,21,-14,18,-17,14,-17,14,-21,9,-21,8,-23,8,-26,2,-31,1,-35,0,-38,-4,-39,-6,-37,-9,-44,-11,-43,-12,-50,-13,-50,-14,-52,-13,-53,-13,-55,-14,-55,-19,-58,-12,-62,-11,-61,-9,-60,-7,-58,-8,-60,-9,-64,-4,-64,0,-60,3,-60,1,-57,2,-53,2,-52,4,-52,8,-51,8,-44,11,-44,19,-38,18,-39,28,-32,0,0,0,0,0,0,0,0,0,0,0,0,0,0,0,0,0,0,0,0,0,0,-32,-73,-19,-77,-15,-79,-10,-80,-5,-79,-1,-76,-1,-72,1,-76,0,-80,3,-73,8,-73,5,-69,3,-71,4,-71,7,-62,2,-61,4,-62,11,-55,4,-51,0,-54,2,-48,0,-46,1,-40,-5,-39,-8,-40,-9,-35,-9,-29,-12,-31,-16,-31,-17,-24,-16,-20,-22,-17,-21,-17,-18,-11,-22,-10,-22,-5,-23,0,-27,1,-23,5,-28,13,-26,14,-24,21,-26,22,-28,30,-24,33,-19,32,-25,38,-21,48,-23,48,-26,53,-23,57,-27,58,-32,60,-26,64,-30,69,-28,70,-34,70,0,0]"
CSI_DATA,276,1a:00:00:00:00:00,-48,11,1,0,1,1,1,0,0,0,1,-96,0,11,2,3963031,0,44,0,384,0,"[0,0,0,0,0,0,0,0,0,0,0,0,-10,5,-9,5,-8,6,-8,5,-7,5,-6,4,-5,5,-5,4,-5,4,-3,4,-3,4,-2,4,-1,4,-1,4,0,3,0,4,1,3,2,3,2,2,3,3,4,2,4,2,5,2,6,2,6,2,7,2,0,0,8,1,8,3,9,2,9,2,9,3,10,2,10,2,10,3,10,3,10,3,10,3,9,4,9,4,8,4,9,4,9,5,8,5,8,4,7,5,7,5,6,5,5,6,5,6,4,6,4,6,2,6,0,0,0,0,0,0,0,0,0,0,0,0,0,0,-63,43,-60,37,-56,41,-52,35,-45,34,-46,28,-42,27,-41,36,-34,31,-29,28,-27,33,-21,30,-21,31,-19,26,-12,25,-13,28,-7,28,-3,22,3,23,7,19,8,21,13,17,13,16,20,16,24,14,25,17,32,11,35,9,35,10,41,4,46,10,46,12,53,13,54,11,53,4,56,11,60,14,61,10,59,17,56,15,60,17,58,21,57,24,63,23,56,20,58,22,50,25,50,26,48,24,44,23,43,26,40,26,39,32,32,34,27,36,21,33,14,32,0,0,0,0,0,0,0,0,0,0,0,0,0,0,0,0,0,0,0,0,0,0,80,13,81,24,79,20,81,27,74,32,71,34,68,34,68,41,66,39,64,39,62,38,59,37,61,37,62,35,51,37,50,36,55,30,45,29,48,27,45,25,40,27,43,21,37,15,40,15,39,15,35,5,31,6,30,0,29,0,28,-1,24,-2,27,-9,22,-13,18,-15,17,-20,13,-23,9,-25,11,-26,5,-27,3,-29,0,-28,-7,-33,-10,-31,-15,-33,-17,-36,-27,-40,-28,-41,-28,-39,-33,-40,-33,-50,-33,-54,-42,-50,-44,-56,-42,-51,-49,-67,-48,-63,-45,-64,0,0]"
CSI_DATA,277,1a:00:00:00:00:00,-48,11,1,0,1,1,1,0,0,0,1,-96,0,11,2,3973051,0,44,0,384,0,"[0,0,0,0,0,0,0,0,0,0,0,0,-5,-11,-5,-10,-5,-9,-5,-9,-5,-8,-5,-6,-5,-6,-5,-6,-5,-5,-5,-4,-5,-3,-5,-3,-5,-2,-5,0,-5,-1,-5,0,-4,1,-4,1,-4,2,-4,3,-4,4,-4,4,-4,4,-3,6,-4,6,-3,7,0,0,-4,9,-3,9,-3,9,-3,10,-4,10,-4,10,-4,10,-4,10,-5,10,-5,10,-5,10,-6,10,-5,10,-6,9,-7,9,-6,9,-6,8,-6,7,-7,7,-7,6,-7,6,-7,6,-7,5,-7,4,-8,3,-7,2,0,0,0,0,0,0,0,0,0,0,0,0,0,0,-10,-76,-17,-70,-23,-65,-9,-55,-18,-61,-8,-56,-19,-47,-18,-47,-19,-35,-19,-39,-19,-35,-19,-33,-21,-31,-19,-22,-18,-21,-18,-13,-21,-7,-23,-5,-19,-2,-22,0,-19,0,-22,11,-20,14,-19,13,-16,19,-19,20,-23,28,-20,35,-19,37,-23,40,-16,45,-19,50,-17,43,-17,45,-20,51,-30,57,-23,53,-21,58,-27,55,-26,62,-22,57,-30,54,-29,54,-32,56,-32,52,-31,49,-35,51,-34,45,-35,45,-36,36,-33,38,-33,36,-34,34,-37,29,-40,23,-40,21,-37,16,0,0,0,0,0,0,0,0,0,0,0,0,0,0,0,0,0,0,0,0,0,0,-61,59,-68,50,-65,46,-74,44,-73,39,-71,37,-70,34,-71,29,-74,34,-68,25,-70,30,-65,24,-66,29,-64,26,-61,23,-56,19,-57,25,-54,22,-47,23,-46,22,-43,23,-41,20,-37,21,-30,23,-29,25,-24,22,-22,23,-17,27,-14,24,-12,23,-5,21,-4,25,0,23,4,22,6,20,11,23,11,25,15,16,21,17,21,13,27,12,30,9,33,8,42,5,40,1,43,5,46,-1,49,-8,51,-8,55,-13,57,-14,61,-19,62,-14,68,-17,72,-19,76,-25,73,-21,0,0]"
CSI_DATA,278,1a:00:00:00:00:00,-48,11,1,0,1,1,1,0,0,0,1,-96,0,11,2,3983052,0,44,0,384,0,"[0,0,0,0,0,0,0,0,0,0,0,0,7,-8,7,-9,5,-8,5,-8,4,-7,4,-6,3,-7,2,-6,2,-6,1,-6,0,-6,-1,-6,-1,-5,-2,-5,-2,-4,-3,-3,-4,-3,-4,-3,-5,-2,-5,-2,-6,-2,-7,-1,-8,-1,-8,0,-9,0,-9,0,0,0,-10,1,-11,1,-11,1,-11,2,-11,1,-12,1,-12,1,-12,1,-13,0,-13,1,-13,0,-13,-1,-12,-1,-12,-1,-12,-2,-12,-2,-11,-2,-11,-2,-11,-2,-10,-2,-10,-3,-8,-3,-8,-4,-8,-4,-7,-5,-6,-5,0,0,0,0,0,0,0,0,0,0,0,0,0,0,30,-22,29,-20,25,-21,24,-17,23,-18,22,-19,19,-18,18,-17,15,-14,13,-15,12,-16,7,-14,7,-14,5,-12,4,-11,-1,-16,-1,-11,-1,-12,-5,-9,-7,-9,-9,-8,-10,-10,-10,-6,-13,-6,-14,-3,-19,-4,-17,-3,-21,-1,-22,-1,-25,0,-25,0,-29,3,-26,-1,-28,2,-28,2,-32,0,-31,1,-34,1,-33,-2,-33,-1,-30,2,-32,-1,-32,-2,-32,-5,-34,-5,-32,-5,-31,-4,-30,-5,-28,-7,-27,-9,-27,-8,-22,-6,-23,-9,-21,-10,-19,-14,-16,-12,-14,-14,0,0,0,0,0,0,0,0,0,0,0,0,0,0,0,0,0,0,0,0,0,0,-39,-15,-36,-20,-35,-23,-34,-25,-34,-26,-30,-26,-29,-25,-27,-27,-29,-28,-26,-27,-26,-27,-26,-25,-28,-24,-24,-23,-21,-24,-21,-22,-22,-19,-20,-17,-19,-16,-17,-19,-18,-16,-16,-15,-17,-11,-17,-11,-18,-8,-17,-4,-15,-2,-14,-1,-12,-2,-15,0,-10,2,-13,3,-10,4,-8,8,-9,9,-9,10,-6,10,-2,12,-3,14,-2,15,0,15,1,16,6,17,5,17,8,16,12,16,11,19,11,20,15,22,16,24,17,22,21,23,22,27,23,25,23,28,25,29,23,31,0,0]"
CSI_DATA,279,1a:00:00:00:00:00,-48,11,1,0,1,1,1,0,0,0,1,-96,0,11,2,4013983,0,44,0,384,0,"[0,0,0,0,0,0,0,0,0,0,0,0,-9,-5,-9,-5,-9,-4,-8,-4,-7,-3,-7,-2,-7,-1,-5,-1,-5,0,-5,0,-5,1,-4,2,-4,1,-3,2,-3,2,-1,3,-1,3,0,3,0,4,0,5,1,5,2,5,3,5,3,6,4,6,4,6,0,0,5,7,5,8,6,8,6,9,6,9,6,9,6,9,6,9,6,9,5,10,5,10,4,10,4,9,4,10,4,10,4,10,3,9,3,9,2,8,2,8,1,8,1,8,0,8,-1,7,-1,6,-2,6,0,0,0,0,0,0,0,0,0,0,0,0,0,0,-64,-28,-60,-28,-62,-23,-50,-22,-52,-20,-48,-17,-48,-14,-46,-15,-39,-11,-33,-4,-32,1,-28,0,-26,5,-27,6,-19,6,-17,6,-14,14,-9,14,-8,18,-6,16,1,24,3,23,9,25,7,20,13,25,17,29,23,30,25,30,27,32,35,30,30,38,41,36,37,34,43,45,41,43,43,44,43,45,43,44,44,45,40,45,37,53,42,54,39,55,36,58,36,49,33,51,27,51,31,47,23,48,22,47,17,42,17,47,14,42,10,41,9,39,4,39,-1,35,0,0,0,0,0,0,0,0,0,0,0,0,0,0,0,0,0,0,0,0,0,0,-13,84,-17,80,-22,79,-24,79,-28,79,-34,77,-27,71,-30,70,-29,72,-30,69,-29,67,-27,60,-26,65,-28,61,-24,54,-22,50,-24,57,-23,49,-16,47,-13,49,-10,48,-7,43,-8,39,-4,36,-2,39,7,36,5,25,10,29,7,29,11,26,16,23,14,15,24,17,20,10,24,8,26,6,26,6,27,2,31,-1,29,-8,22,-10,29,-14,31,-18,29,-25,27,-30,25,-42,23,-39,27,-38,23,-43,27,-50,26,-49,30,-55,28,-59,26,-60,32,-69,30,-65,26,-70,0,0]"
CSI_DATA,280,1a:00:00:00:00:00,-48,11,1,0,1,1,1,0,0,0,1,-96,0,11,2,4043590,0,44,0,384,0,"[0,0,0,0,0,0,0,0,0,0,0,0,-7,-6,-7,-6,-7,-5,-6,-4,-6,-4,-5,-3,-5,-2,-4,-2,-4,-1,-3,-1,-3,0,-2,0,-2,1,-1,1,-1,1,0,2,1,2,1,2,2,2,3,2,4,2,5,2,5,3,6,3,7,3,7,3,0,0,9,3,9,3,10,3,10,3,10,3,11,3,11,3,11,3,11,3,11,4,11,4,11,4,10,4,10,4,10,4,9,4,9,4,8,4,8,4,7,4,7,4,7,4,6,4,6,5,4,5,3,5,0,0,0,0,0,0,0,0,0,0,0,0,0,0,-28,16,-24,13,-23,16,-18,14,-17,15,-19,11,-16,13,-14,13,-13,10,-10,11,-6,9,-5,8,-5,9,-3,7,-4,5,1,6,1,5,3,3,3,1,4,1,8,-3,6,-3,9,-4,10,-6,9,-9,11,-10,10,-12,14,-15,13,-16,14,-20,11,-18,16,-22,15,-18,15,-25,14,-23,19,-25,19,-28,16,-26,19,-26,17,-25,20,-24,18,-23,19,-26,19,-21,20,-22,19,-22,20,-20,19,-19,18,-17,14,-19,17,-15,16,-15,17,-13,15,-11,17,-12,16,-9,14,-5,0,0,0,0,0,0,0,0,0,0,0,0,0,0,0,0,0,0,0,0,0,0,8,41,7,42,6,43,4,45,2,43,2,44,1,39,2,41,0,41,1,38,1,41,3,37,5,38,4,38,2,36,5,33,7,35,6,30,8,30,8,29,9,27,10,27,8,21,12,21,14,20,16,17,12,17,15,14,13,12,14,10,12,5,16,6,14,4,14,2,15,-2,13,-2,12,-5,13,-6,10,-6,11,-10,7,-10,7,-11,6,-15,4,-16,-1,-19,1,-17,-4,-21,-8,-21,-7,-21,-8,-23,-11,-27,-12,-25,-13,-28,-15,-26,-14,-29,-17,-29,-16,-30,0,0]"
CSI_DATA,281,1a:00:00:00:00:00,-48,11,1,0,1,1,1,0,0,0,1,-96,0,11,2,4053869,0,44,0,384,0,"[0,0,0,0,0,0,0,0,0,0,0,0,8,1,7,0,7,0,6,0,5,0,5,-1,4,-1,3,-1,3,-2,2,-2,1,-2,1,-2,0,-2,-1,-2,-1,-2,-2,-2,-3,-1,-3,-1,-4,-1,-5,-1,-5,0,-6,0,-6,0,-7,1,-8,1,-8,2,0,0,-9,2,-10,2,-11,2,-10,3,-11,3,-11,3,-11,3,-11,3,-11,3,-11,3,-12,2,-12,2,-11,2,-11,2,-11,1,-11,1,-10,1,-10,1,-10,1,-9,1,-9,0,-9,0,-8,0,-8,-1,-7,-2,-6,-2,0,0,0,0,0,0,0,0,0,0,0,0,0,0,35,-47,27,-45,27,-44,27,-44,17,-43,17,-36,15,-40,12,-32,6,-33,7,-26,3,-28,0,-24,-2,-20,-2,-13,-5,-13,-9,-9,-8,-6,-6,-2,-9,4,-12,6,-8,11,-13,15,-11,14,-7,21,-11,20,-9,27,-10,28,-5,35,-8,36,-5,45,-5,44,-5,54,-6,52,-4,55,-3,55,-7,53,-6,63,-5,58,-10,59,-8,62,-6,58,-11,59,-10,58,-10,60,-14,57,-10,57,-13,50,-10,51,-10,45,-10,44,-11,45,-12,44,-21,38,-17,38,-15,33,-19,29,-19,22,0,0,0,0,0,0,0,0,0,0,0,0,0,0,0,0,0,0,0,0,0,0,-48,-73,-48,-74,-42,-73,-43,-80,-38,-84,-35,-77,-33,-74,-33,-77,-37,-77,-35,-77,-36,-74,-39,-66,-39,-73,-36,-69,-31,-66,-36,-59,-43,-60,-37,-55,-35,-52,-39,-48,-34,-50,-36,-44,-40,-38,-40,-37,-35,-28,-43,-25,-35,-24,-38,-16,-36,-13,-41,-3,-31,-5,-30,-2,-31,2,-27,5,-27,10,-21,11,-20,14,-19,18,-15,21,-10,25,-6,26,-4,28,-1,31,8,34,12,30,14,31,21,32,25,32,27,31,34,42,38,38,44,35,44,37,42,32,49,35,46,33,55,37,0,0]"
CSI_DATA,282,1a:00:00:00:00:00,-49,11,1,0,1,1,1,0,0,0,1,-96,0,11,2,4063060,0,44,0,384,0,"[0,0,0,0,0,0,0,0,0,0,0,0,-9,1,-9,2,-8,2,-7,2,-6,2,-5,2,-5,2,-4,2,-3,2,-2,1,-2,2,-1,1,-1,1,-1,1,0,1,2,1,2,1,2,0,3,0,3,-1,4,-1,4,-2,5,-2,6,-2,6,-2,6,-3,0,0,7,-4,8,-4,9,-4,9,-5,9,-4,9,-4,10,-4,9,-4,10,-5,10,-4,10,-4,10,-3,10,-3,10,-3,9,-3,9,-3,9,-2,8,-3,8,-2,8,-2,8,-1,7,-1,6,0,7,0,6,1,5,1,0,0,0,0,0,0,0,0,0,0,0,0,0,0,-30,-3,-30,0,-26,1,-24,1,-23,1,-21,2,-21,2,-21,2,-18,2,-14,3,-14,5,-7,5,-7,6,-6,5,-4,5,-1,3,-3,4,2,5,1,3,4,3,6,1,7,1,8,0,10,0,13,0,13,-2,13,-2,17,-3,20,-5,21,-7,21,-8,23,-9,24,-7,25,-10,23,-11,28,-7,26,-9,27,-11,31,-8,28,-9,27,-9,30,-6,28,-7,29,-6,28,-7,26,-5,25,-4,26,-4,22,-5,25,-2,22,-3,19,0,21,-1,20,1,19,3,17,4,13,5,0,0,0,0,0,0,0,0,0,0,0,0,0,0,0,0,0,0,0,0,0,0,-4,43,-8,41,-9,42,-8,41,-13,42,-13,39,-14,37,-12,37,-14,39,-11,40,-14,37,-10,36,-13,38,-12,37,-11,36,-10,34,-7,33,-8,32,-4,31,-5,30,-2,27,-3,30,1,28,1,26,3,26,6,22,4,19,5,18,7,16,8,17,9,13,10,11,11,10,10,8,11,6,14,4,11,0,12,1,11,-2,11,-6,13,-7,11,-9,10,-10,8,-11,7,-15,6,-18,6,-20,6,-20,4,-21,4,-24,5,-26,2,-25,2,-30,0,-26,1,-31,0,-32,-1,-31,0,0]"
CSI_DATA,283,1a:00:00:00:00:00,-49,11,1,0,1,1,1,0,0,0,1,-96,0,11,2,4073128,0,44,0,384,0,"[0,0,0,0,0,0,0,0,0,0,0,0,8,-4,6,-4,6,-4,5,-3,5,-4,4,-4,3,-3,3,-3,2,-3,2,-3,1,-3,0,-3,0,-3,-1,-2,-1,-2,-2,-2,-3,-2,-3,-1,-4,-1,-4,0,-5,0,-5,1,-6,1,-6,1,-7,2,-7,3,0,0,-8,3,-9,4,-9,3,-9,4,-10,4,-10,4,-10,3,-10,3,-10,4,-11,4,-11,4,-10,2,-10,2,-10,3,-10,3,-10,2,-10,2,-9,2,-9,1,-8,1,-8,1,-8,0,-8,-1,-7,-1,-7,-1,-6,-2,0,0,0,0,0,0,0,0,0,0,0,0,0,0,29,-10,25,-9,24,-14,22,-12,21,-13,18,-7,15,-13,19,-11,14,-8,12,-10,9,-10,7,-10,7,-9,3,-8,3,-5,0,-6,-1,-6,-1,-2,-6,-6,-5,-4,-7,0,-10,-1,-10,-1,-12,2,-13,4,-14,4,-14,6,-19,8,-19,7,-18,11,-19,12,-20,12,-20,11,-20,15,-21,17,-27,18,-26,16,-24,16,-27,16,-27,16,-24,15,-26,14,-28,12,-32,16,-26,15,-24,12,-26,12,-26,10,-25,10,-21,9,-22,10,-22,8,-23,7,-18,5,-19,2,-17,1,-18,0,0,0,0,0,0,0,0,0,0,0,0,0,0,0,0,0,0,0,0,0,0,0,-12,-40,-11,-44,-8,-43,-5,-47,-4,-42,-3,-45,-4,-40,-4,-43,-3,-42,-2,-41,-1,-41,-5,-42,-5,-42,-3,-40,-2,-38,-6,-35,-6,-39,-5,-32,-7,-33,-6,-33,-7,-30,-8,-27,-9,-28,-9,-27,-12,-25,-13,-22,-12,-19,-13,-18,-13,-17,-14,-12,-12,-7,-18,-9,-16,-6,-15,-4,-12,-1,-13,0,-12,2,-14,1,-10,4,-11,9,-8,8,-7,8,-8,14,-3,14,-4,15,-2,20,-1,20,1,16,2,20,2,23,5,27,7,26,9,29,8,26,12,31,12,31,10,33,0,0]"
CSI_DATA,284,1a:00:00:00:00:00,-48,11,1,0,1,1,1,0,0,0,1,-96,0,11,2,4083538,0,44,0,384,0,"[0,0,0,0,0,0,0,0,0,0,0,0,5,7,5,6,5,5,4,5,4,4,4,3,4,3,3,2,3,1,3,1,2,0,2,-1,2,-1,1,-2,1,-2,0,-3,0,-3,0,-3,-1,-4,-2,-4,-2,-4,-3,-5,-3,-5,-4,-6,-5,-6,-5,-6,0,0,-6,-7,-6,-8,-7,-8,-7,-8,-7,-8,-8,-9,-8,-9,-8,-9,-8,-9,-7,-9,-7,-10,-7,-10,-7,-9,-7,-10,-6,-9,-6,-10,-6,-9,-5,-9,-5,-9,-5,-8,-4,-8,-4,-8,-3,-8,-3,-8,-2,-8,-1,-7,0,0,0,0,0,0,0,0,0,0,0,0,0,0,51,11,55,5,56,-2,51,2,49,-4,43,2,41,-9,37,-10,38,-6,32,-7,29,-6,20,-5,19,-10,14,-9,12,-15,10,-8,2,-15,-2,-12,-1,-13,-4,-13,-11,-11,-14,-10,-14,-5,-24,-7,-18,-10,-27,-9,-29,-4,-34,-2,-40,-3,-41,-4,-43,1,-48,-1,-44,-6,-53,2,-49,3,-53,-1,-58,1,-60,-1,-62,-1,-57,1,-59,1,-56,-2,-63,-7,-63,-6,-59,-10,-56,-6,-46,-7,-53,-12,-49,-10,-48,-12,-41,-10,-43,-10,-48,-12,-40,-16,-36,-17,-34,-18,-31,-20,0,0,0,0,0,0,0,0,0,0,0,0,0,0,0,0,0,0,0,0,0,0,8,-85,14,-78,17,-79,23,-86,28,-83,23,-81,23,-75,28,-75,27,-80,31,-77,27,-72,30,-72,24,-76,21,-76,26,-70,24,-67,19,-72,22,-61,13,-66,12,-59,14,-59,13,-55,7,-55,5,-52,0,-44,-4,-43,0,-40,-6,-39,-9,-34,-13,-36,-11,-26,-17,-28,-20,-25,-22,-19,-17,-13,-26,-9,-23,-11,-22,-4,-25,-5,-20,10,-22,5,-25,12,-21,10,-17,19,-17,23,-11,23,-15,28,-10,35,-13,39,-16,40,-9,49,-11,50,-15,56,-8,49,-5,57,-9,61,-9,60,0,0]"
CSI_DATA,285,1a:00:00:00:00:00,-48,11,1,0,1,1,1,0,0,0,1,-96,0,11,2,4093559,0,44,0,384,0,"[0,0,0,0,0,0,0,0,0,0,0,0,0,9,1,8,1,7,1,7,1,6,1,5,1,4,2,4,2,3,2,2,2,2,2,1,2,0,2,-1,2,-2,1,-2,1,-2,1,-3,1,-3,0,-4,1,-5,0,-6,0,-6,0,-7,-1,-7,-1,-8,0,0,-1,-9,-1,-10,-2,-10,-2,-10,-2,-10,-1,-11,-2,-12,-2,-11,-1,-11,-1,-11,-1,-12,-1,-11,-1,-11,0,-11,1,-10,0,-11,0,-10,1,-9,1,-9,1,-9,1,-9,1,-8,2,-8,1,-7,3,-7,3,-6,0,0,0,0,0,0,0,0,0,0,0,0,0,0,-1,29,0,27,1,27,2,27,2,24,2,21,3,20,4,18,3,16,5,15,7,13,6,11,7,10,5,7,7,6,7,3,8,1,7,1,6,-3,5,-3,7,-6,4,-7,4,-10,2,-12,2,-12,1,-14,2,-16,-2,-17,-2,-20,-2,-23,-2,-23,0,-24,-2,-24,-2,-27,-3,-28,-2,-30,0,-30,-3,-31,0,-32,-1,-32,0,-31,1,-31,0,-30,-1,-31,2,-30,0,-30,3,-27,1,-26,4,-27,3,-25,4,-24,4,-25,5,-21,6,-19,7,-18,8,-19,10,-16,0,0,0,0,0,0,0,0,0,0,0,0,0,0,0,0,0,0,0,0,0,0,43,1,41,7,41,9,42,10,42,11,40,13,39,12,39,13,41,14,38,14,38,15,38,13,38,11,37,12,34,12,32,12,35,9,31,10,30,7,31,6,26,8,26,6,24,5,24,2,22,1,22,-1,20,-2,19,-4,15,-4,16,-7,14,-7,10,-9,11,-8,8,-10,6,-10,6,-10,2,-10,2,-10,-1,-10,-5,-10,-3,-9,-10,-11,-9,-10,-12,-9,-13,-7,-18,-7,-17,-8,-19,-4,-21,-2,-23,-5,-27,-2,-25,-2,-29,-4,-30,-1,-31,-1,-31,-1,-33,-1,0,0]"
CSI_DATA,286,1a:00:00:00:00:00,-48,11,1,0,1,1,1,0,0,0,1,-96,0,11,2,4103050,0,44,0,384,0,"[0,0,0,0,0,0,0,0,0,0,0,0,4,8,4,7,4,6,4,6,4,5,3,4,3,3,3,3,3,2,3,2,3,0,3,0,2,0,2,-1,2,-2,1,-3,1,-3,0,-3,0,-4,-1,-5,-1,-6,-2,-6,-2,-6,-3,-8,-3,-8,-3,-8,0,0,-5,-9,-5,-10,-5,-10,-6,-10,-6,-10,-6,-11,-6,-11,-5,-11,-5,-11,-5,-11,-5,-12,-5,-12,-4,-12,-4,-12,-3,-11,-3,-11,-4,-10,-3,-10,-2,-10,-2,-9,-1,-9,-2,-9,-1,-9,-1,-8,0,-8,1,-7,0,0,0,0,0,0,0,0,0,0,0,0,0,0,7,30,6,26,8,25,8,25,6,23,8,23,8,18,9,19,7,14,9,14,7,11,8,9,8,7,7,5,7,5,7,3,5,-1,4,-2,5,-2,4,-6,5,-8,4,-7,1,-11,-1,-13,0,-13,-1,-17,-2,-16,-5,-17,-3,-19,-8,-21,-7,-21,-8,-27,-6,-24,-10,-28,-10,-27,-10,-30,-10,-29,-11,-29,-10,-30,-9,-31,-8,-30,-8,-34,-6,-30,-8,-30,-7,-29,-5,-30,-5,-33,-5,-29,0,-29,-3,-27,-2,-26,-1,-25,0,-23,3,-21,3,-20,5,-21,6,-18,0,0,0,0,0,0,0,0,0,0,0,0,0,0,0,0,0,0,0,0,0,0,39,-6,43,-1,39,0,43,2,41,2,40,4,41,7,42,9,42,7,38,6,40,5,38,5,40,3,37,4,34,5,31,4,36,2,30,3,31,3,28,3,25,2,26,1,23,-2,21,-3,21,-5,19,-5,18,-5,16,-5,13,-6,12,-8,9,-6,12,-10,7,-10,7,-8,5,-10,1,-10,-1,-10,-1,-9,-4,-6,-5,-8,-9,-7,-10,-7,-11,-4,-11,-4,-14,-3,-21,1,-20,1,-19,2,-24,3,-23,5,-27,3,-28,7,-30,7,-27,8,-30,11,-35,9,-31,7,0,0]"
CSI_DATA,287,1a:00:00:00:00:00,-48,11,1,0,1,1,1,0,0,0,1,-96,0,11,2,4123048,0,44,0,384,0,"[0,0,0,0,0,0,0,0,0,0,0,0,-9,-2,-9,-1,-8,-1,-8,-1,-7,-1,-5,0,-5,0,-4,1,-3,1,-3,1,-2,2,-2,2,-1,2,0,2,1,2,1,2,2,2,3,2,4,2,5,2,5,2,6,2,6,2,7,1,7,1,8,1,0,0,9,1,11,1,11,1,11,0,11,1,12,1,12,1,12,1,12,1,12,2,12,2,11,3,11,3,10,3,10,3,10,2,10,3,9,2,9,3,7,3,8,3,7,3,7,4,6,4,5,4,4,4,0,0,0,0,0,0,0,0,0,0,0,0,0,0,-61,-20,-66,-16,-57,-5,-57,-12,-49,-12,-43,-9,-44,-2,-39,-7,-33,-3,-35,2,-21,7,-21,6,-9,9,-12,6,-7,14,-5,10,-2,12,4,16,6,12,12,15,14,14,18,12,22,11,27,10,26,8,34,11,37,12,45,6,49,9,50,8,50,5,54,11,57,9,65,6,63,5,66,8,67,8,68,13,69,10,68,15,70,17,69,17,68,14,68,10,63,16,59,17,57,20,60,19,51,16,50,19,52,23,44,18,46,19,42,20,36,19,35,22,25,25,0,0,0,0,0,0,0,0,0,0,0,0,0,0,0,0,0,0,0,0,0,0,-34,79,-41,70,-37,72,-45,73,-44,67,-47,67,-49,63,-49,59,-52,65,-46,64,-50,61,-42,61,-47,63,-45,61,-41,56,-42,50,-39,54,-42,53,-34,50,-34,49,-31,41,-31,43,-27,39,-20,43,-13,37,-14,37,-7,31,-5,27,-3,25,-2,21,1,18,11,18,8,15,8,14,13,11,12,7,14,6,14,-5,17,-10,14,-11,17,-13,19,-23,19,-21,15,-29,9,-31,19,-39,12,-39,14,-42,15,-54,11,-52,7,-56,7,-56,14,-66,8,-60,9,-71,14,-72,12,-73,0,0]"
CSI_DATA,288,1a:00:00:00:00:00,-48,11,1,0,1,1,1,0,0,0,1,-96,0,11,2,4133038,0,44,0,384,0,"[0,0,0,0,0,0,0,0,0,0,0,0,-4,-8,-4,-7,-5,-7,-5,-6,-4,-5,-4,-4,-4,-3,-4,-2,-3,-2,-3,-1,-3,0,-2,1,-3,1,-2,2,-2,2,-1,3,-1,3,0,4,0,4,1,5,1,5,2,6,2,7,3,8,3,8,4,8,0,0,5,9,5,10,5,10,5,10,5,10,6,11,5,11,5,11,6,11,5,11,5,11,4,11,4,11,4,11,3,10,3,11,3,10,3,9,2,9,2,9,1,9,1,9,1,8,0,8,-1,7,-1,6,0,0,0,0,0,0,0,0,0,0,0,0,0,0,-32,-52,-30,-52,-32,-47,-25,-45,-25,-40,-23,-37,-27,-28,-23,-29,-20,-17,-21,-21,-19,-16,-18,-13,-19,-4,-14,-1,-11,0,-13,4,-8,13,-8,11,-5,15,-3,18,1,24,-2,26,9,22,10,28,11,34,14,36,13,32,24,41,26,39,29,42,27,47,30,52,28,49,37,51,34,55,38,54,42,55,39,56,30,58,30,64,34,60,36,66,27,60,34,64,25,60,30,58,24,59,23,53,24,54,20,53,18,48,17,47,13,44,10,45,6,40,3,39,-2,41,0,0,0,0,0,0,0,0,0,0,0,0,0,0,0,0,0,0,0,0,0,0,-69,36,-71,31,-74,28,-80,24,-77,18,-79,15,-74,18,-75,13,-76,18,-69,14,-76,11,-72,16,-76,12,-71,13,-64,6,-64,10,-66,14,-61,11,-54,11,-50,10,-43,9,-46,14,-37,9,-32,11,-30,7,-29,15,-27,14,-23,18,-18,15,-14,17,-12,14,-7,17,-3,14,2,14,8,10,11,9,10,13,16,6,17,5,21,-3,24,0,28,-8,28,-4,34,-6,32,-11,28,-26,37,-23,40,-26,43,-26,50,-27,53,-32,49,-34,57,-36,53,-36,59,-41,57,-44,58,-37,0,0]"
CSI_DATA,289,1a:00:00:00:00:00,-48,11,1,0,1,1,1,0,0,0,1,-96,0,11,2,4143142,0,44,0,384,0,"[0,0,0,0,0,0,0,0,0,0,0,0,-4,8,-3,8,-2,6,-2,6,-1,5,-1,5,0,4,0,3,0,3,1,2,2,1,2,1,2,0,2,-1,2,-2,3,-2,3,-3,3,-3,3,-5,4,-5,4,-6,4,-6,3,-7,4,-8,4,-9,4,-9,0,0,4,-10,5,-11,5,-11,5,-12,5,-12,6,-12,5,-12,6,-12,6,-12,6,-12,7,-12,6,-11,6,-11,7,-11,7,-10,7,-10,7,-9,6,-10,6,-8,6,-8,7,-7,6,-7,6,-6,6,-6,6,-5,6,-4,0,0,0,0,0,0,0,0,0,0,0,0,0,0,-38,51,-35,47,-25,43,-25,44,-24,40,-19,37,-19,39,-17,33,-8,35,-7,27,-7,22,0,20,8,15,4,14,6,13,14,4,17,3,15,1,12,0,19,-6,20,-12,22,-11,19,-16,23,-20,26,-23,25,-25,30,-34,28,-40,29,-43,29,-48,28,-50,29,-51,35,-48,35,-51,38,-58,39,-53,39,-58,38,-57,46,-51,40,-55,44,-55,38,-59,46,-57,45,-54,45,-47,44,-52,45,-46,43,-47,39,-39,42,-38,41,-41,42,-33,39,-31,46,-24,39,-25,40,-20,33,-17,0,0,0,0,0,0,0,0,0,0,0,0,0,0,0,0,0,0,0,0,0,0,69,36,58,41,62,51,59,51,58,54,53,46,51,50,47,52,50,57,48,54,47,51,48,48,53,48,45,48,33,49,40,41,44,38,36,40,32,34,28,32,27,30,30,26,29,24,25,18,26,16,23,11,22,7,23,1,16,3,15,-1,12,-6,10,-8,12,-8,5,-11,3,-12,-1,-17,0,-19,-2,-22,-9,-20,-8,-19,-15,-23,-24,-25,-23,-26,-31,-29,-30,-27,-40,-24,-37,-26,-41,-28,-46,-27,-53,-36,-56,-32,-54,-30,-62,-38,-54,-36,-58,-41,-60,-35,-64,-40,0,0]"
CSI_DATA,290,1a:00:00:00:00:00,-47,11,1,0,1,1,1,0,0,0,1,-96,0,11,2,4163480,0,44,0,384,0,"[0,0,0,0,0,0,0,0,0,0,0,0,4,8,5,7,5,6,4,5,4,4,4,3,4,3,4,2,3,1,3,0,3,-1,3,-1,3,-2,3,-3,3,-3,2,-4,2,-5,2,-5,1,-6,1,-7,1,-7,0,-8,0,-8,-1,-9,-1,-10,-1,-10,0,0,-1,-11,-1,-13,-2,-13,-2,-13,-1,-13,-1,-14,-2,-14,-1,-13,-1,-14,0,-14,1,-14,1,-14,0,-13,1,-12,1,-12,2,-12,2,-12,2,-11,2,-11,2,-10,3,-10,3,-9,3,-9,3,-8,4,-7,5,-6,0,0,0,0,0,0,0,0,0,0,0,0,0,0,36,57,28,53,33,47,29,42,29,35,28,37,29,29,29,29,21,20,25,21,23,7,25,10,18,7,19,-2,18,-4,16,-10,18,-11,16,-14,12,-18,12,-20,9,-28,8,-24,-1,-31,4,-31,0,-40,-3,-41,-4,-43,-10,-44,-9,-50,-12,-54,-9,-53,-13,-58,-10,-56,-17,-66,-18,-58,-16,-69,-16,-68,-14,-65,-13,-67,-6,-67,-6,-67,-6,-72,-5,-66,-4,-66,-2,-67,-2,-67,-1,-65,1,-58,5,-62,6,-55,3,-54,9,-54,7,-47,8,-43,12,-42,16,-40,17,-33,0,0,0,0,0,0,0,0,0,0,0,0,0,0,0,0,0,0,0,0,0,0,38,-57,45,-55,44,-54,50,-57,50,-47,55,-50,50,-45,55,-43,56,-43,48,-41,51,-41,43,-36,50,-39,44,-35,44,-31,40,-30,38,-35,36,-31,36,-33,26,-28,27,-27,27,-29,21,-22,16,-25,14,-21,10,-24,7,-23,6,-21,3,-17,-6,-22,-8,-17,-10,-19,-17,-15,-14,-12,-22,-13,-22,-12,-25,-7,-26,-2,-28,4,-32,4,-37,4,-36,7,-41,10,-41,12,-40,20,-46,20,-46,22,-49,27,-48,31,-49,31,-60,37,-57,38,-62,37,-58,39,-65,42,-60,40,-57,41,0,0]"
CSI_DATA,291,1a:00:00:00:00:00,-46,11,1,0,1,1,1,0,0,0,1,-96,0,11,2,4173615,0,44,0,384,0,"[0,0,0,0,0,0,0,0,0,0,0,0,10,-3,9,-3,8,-4,7,-4,6,-4,5,-4,5,-4,3,-4,3,-4,2,-4,2,-5,1,-5,0,-5,-1,-5,-1,-5,-2,-5,-3,-5,-4,-5,-4,-4,-5,-5,-5,-5,-7,-5,-7,-4,-8,-5,-8,-5,-9,-5,0,0,-10,-5,-11,-6,-11,-6,-12,-6,-11,-6,-12,-7,-12,-6,-12,-7,-12,-6,-12,-7,-11,-8,-10,-8,-10,-8,-10,-8,-9,-8,-9,-8,-8,-8,-8,-8,-8,-8,-7,-7,-7,-8,-5,-8,-5,-7,-4,-8,-3,-7,-2,-7,0,0,0,0,0,0,0,0,0,0,0,0,0,0,70,0,67,1,61,-6,53,-4,51,-8,48,-8,45,-9,43,-12,38,-8,32,-11,25,-15,20,-19,20,-19,17,-22,10,-19,2,-21,2,-23,-2,-24,-1,-20,-8,-24,-11,-26,-14,-25,-18,-21,-21,-25,-24,-21,-31,-27,-33,-23,-37,-26,-46,-25,-47,-26,-49,-27,-56,-25,-51,-30,-57,-27,-57,-23,-61,-34,-58,-34,-65,-36,-59,-36,-57,-37,-57,-33,-56,-39,-54,-43,-55,-42,-52,-38,-50,-42,-43,-39,-48,-40,-39,-39,-37,-35,-37,-41,-35,-35,-32,-36,-23,-39,-23,-39,-17,-37,-13,-38,0,0,0,0,0,0,0,0,0,0,0,0,0,0,0,0,0,0,0,0,0,0,-46,-55,-42,-54,-38,-60,-36,-61,-35,-64,-28,-59,-25,-62,-24,-60,-27,-63,-21,-58,-22,-58,-21,-58,-26,-59,-22,-56,-19,-52,-13,-51,-21,-49,-20,-47,-24,-45,-19,-39,-18,-34,-20,-36,-18,-26,-24,-26,-20,-24,-21,-17,-23,-14,-25,-12,-21,-7,-23,-2,-24,-1,-25,4,-21,4,-21,14,-23,10,-22,19,-22,21,-19,26,-16,28,-18,31,-16,38,-10,42,-11,44,-9,49,-6,49,-2,58,-5,52,0,58,-1,62,-1,66,6,67,7,67,5,73,8,73,8,83,6,82,7,77,0,0]"
CSI_DATA,292,1a:00:00:00:00:00,-46,11,1,0,1,1,1,0,0,0,1,-96,0,11,2,4183526,0,44,0,384,0,"[0,0,0,0,0,0,0,0,0,0,0,0,-1,-11,-1,-10,-2,-10,-2,-9,-2,-9,-2,-8,-3,-7,-3,-6,-3,-6,-3,-5,-4,-5,-4,-4,-4,-3,-4,-2,-5,-2,-5,-1,-5,0,-5,0,-5,1,-6,2,-6,2,-6,3,-6,4,-7,4,-7,5,-7,5,0,0,-8,6,-8,7,-9,7,-9,8,-9,7,-10,7,-10,8,-10,7,-10,7,-11,6,-11,6,-10,6,-10,5,-10,5,-11,4,-11,4,-10,4,-10,3,-10,3,-10,2,-9,1,-9,1,-8,1,-8,0,-8,-1,-7,-1,0,0,0,0,0,0,0,0,0,0,0,0,0,0,0,-76,-1,-68,-4,-68,-8,-64,-5,-62,-5,-54,-6,-50,-9,-48,-10,-41,-11,-38,-22,-35,-16,-30,-18,-28,-15,-24,-17,-23,-24,-13,-21,-11,-24,-8,-25,-5,-29,-2,-27,4,-25,10,-24,11,-30,16,-26,19,-29,20,-30,24,-29,28,-33,29,-36,43,-37,36,-41,44,-42,38,-40,43,-41,44,-46,45,-48,46,-47,48,-51,45,-52,41,-49,40,-57,43,-54,38,-54,38,-53,32,-52,33,-57,30,-55,28,-52,21,-49,22,-48,20,-50,18,-45,11,-44,8,-41,3,-40,0,-39,-3,0,0,0,0,0,0,0,0,0,0,0,0,0,0,0,0,0,0,0,0,0,0,-28,63,-33,63,-36,59,-40,59,-42,54,-45,55,-40,56,-43,51,-44,53,-46,48,-46,46,-44,45,-46,46,-47,42,-42,40,-40,41,-38,43,-35,36,-32,36,-31,31,-23,33,-25,33,-21,33,-18,30,-14,29,-8,30,-13,30,-6,28,-1,26,5,26,4,26,9,24,13,24,19,22,22,21,23,20,27,16,33,19,32,16,37,14,40,12,46,11,48,5,51,3,53,2,64,-2,61,-3,64,-3,63,-8,68,-8,73,-7,73,-11,85,-5,80,-5,85,-3,86,-8,83,-8,0,0]"
CSI_DATA,293,1a:00:00:00:00:00,-46,11,1,0,1,1,1,0,0,0,1,-96,0,11,2,4193036,0,44,0,384,0,"[0,0,0,0,0,0,0,0,0,0,0,0,2,-13,1,-11,0,-11,0,-10,0,-9,0,-8,-1,-8,-1,-7,-1,-7,-2,-6,-2,-6,-3,-5,-3,-4,-3,-3,-4,-3,-5,-2,-5,-2,-5,-1,-5,-1,-5,1,-6,1,-6,2,-6,2,-7,3,-8,3,-7,3,0,0,-8,5,-9,5,-9,5,-10,6,-9,5,-10,6,-10,6,-10,6,-11,6,-12,5,-11,5,-11,4,-11,3,-11,3,-11,3,-10,2,-11,2,-10,2,-10,1,-10,1,-9,1,-9,0,-9,-1,-9,-1,-8,-2,-7,-2,0,0,0,0,0,0,0,0,0,0,0,0,0,0,-3,-73,2,-69,0,-72,-3,-62,-4,-63,-2,-59,-1,-50,-9,-50,-4,-43,-10,-43,-11,-34,-15,-36,-14,-30,-18,-25,-19,-24,-21,-17,-21,-17,-19,-8,-21,-13,-23,-5,-27,-4,-23,1,-22,5,-26,10,-23,18,-25,15,-28,20,-28,26,-30,26,-27,34,-33,32,-34,32,-35,34,-40,43,-38,45,-43,43,-42,44,-40,44,-50,43,-46,40,-47,42,-48,46,-51,39,-48,42,-50,33,-52,36,-53,31,-49,27,-49,27,-47,23,-51,20,-47,22,-46,18,-44,7,-44,8,-41,2,-35,-5,0,0,0,0,0,0,0,0,0,0,0,0,0,0,0,0,0,0,0,0,0,0,-18,64,-25,63,-30,63,-32,64,-35,56,-38,58,-37,54,-42,52,-39,55,-39,50,-45,53,-40,50,-40,50,-39,45,-38,41,-34,46,-34,45,-34,40,-29,40,-27,36,-21,38,-23,40,-19,38,-19,37,-14,34,-8,36,-6,31,-1,36,-2,29,7,31,6,28,13,31,15,26,15,27,25,30,22,30,28,28,34,22,30,21,35,15,36,16,47,11,43,9,45,12,52,0,66,2,56,-4,61,-3,61,-7,68,-4,74,-3,73,-10,80,-5,81,-8,83,-8,84,-7,79,-2,0,0]"
CSI_DATA,294,1a:00:00:00:00:00,-47,11,1,0,1,1,1,0,0,0,1,-96,0,11,2,4213246,0,44,0,384,0,"[0,0,0,0,0,0,0,0,0,0,0,0,8,6,8,5,7,4,7,5,6,3,6,3,5,2,5,1,4,1,4,0,4,-1,4,-1,3,-1,3,-2,2,-2,2,-3,1,-3,1,-3,0,-4,0,-4,-1,-4,-1,-5,-2,-5,-3,-6,-3,-7,-4,-7,0,0,-4,-8,-4,-8,-5,-9,-5,-8,-5,-10,-5,-10,-5,-10,-5,-10,-5,-11,-4,-10,-4,-11,-4,-11,-4,-11,-3,-11,-2,-10,-3,-11,-2,-10,-2,-10,-2,-10,-1,-9,-1,-9,-1,-9,0,-9,0,-8,1,-8,1,-7,0,0,0,0,0,0,0,0,0,0,0,0,0,0,45,50,44,50,51,40,40,38,41,39,32,34,36,27,39,27,34,23,31,22,32,16,28,13,27,10,24,7,25,3,23,0,23,-3,17,-5,15,-9,12,-10,11,-14,10,-12,2,-21,6,-21,3,-24,-1,-29,-4,-31,-5,-34,-8,-34,-13,-36,-11,-36,-9,-41,-14,-44,-18,-47,-18,-47,-17,-54,-21,-55,-17,-54,-15,-56,-12,-54,-17,-56,-11,-59,-9,-61,-8,-60,-9,-54,-7,-55,-6,-58,-2,-53,-3,-53,-1,-54,-1,-46,2,-49,3,-45,3,-47,10,-48,16,-36,18,-33,0,0,0,0,0,0,0,0,0,0,0,0,0,0,0,0,0,0,0,0,0,0,-20,-71,-17,-72,-17,-76,-5,-78,-7,-74,-1,-76,-2,-77,3,-75,0,-76,1,-76,7,-78,8,-71,5,-74,6,-75,7,-67,11,-69,4,-64,3,-63,2,-62,-4,-62,-3,-56,-5,-53,-5,-51,-7,-52,-10,-48,-13,-44,-13,-41,-16,-37,-20,-35,-20,-36,-17,-24,-31,-27,-28,-23,-27,-21,-31,-21,-31,-13,-30,-13,-33,-10,-33,-4,-37,1,-38,3,-39,5,-39,10,-40,17,-43,18,-44,29,-40,28,-42,31,-43,36,-45,41,-47,38,-51,43,-48,47,-51,45,-56,52,-53,53,-50,53,0,0]"
CSI_DATA,295,1a:00:00:00:00:00,-47,11,1,0,1,1,1,0,0,0,1,-96,0,11,2,4223009,0,44,0,384,0,"[0,0,0,0,0,0,0,0,0,0,0,0,0,10,0,9,1,8,1,8,1,7,1,6,1,6,1,5,1,4,2,3,2,3,2,2,2,1,2,1,2,0,3,-1,3,-1,3,-2,2,-3,2,-3,2,-3,2,-4,2,-5,2,-6,2,-7,2,-7,0,0,2,-8,2,-9,2,-9,3,-10,2,-10,3,-10,2,-11,3,-10,3,-11,4,-11,4,-11,4,-10,4,-10,4,-10,5,-9,5,-9,5,-9,5,-9,5,-8,4,-8,5,-7,5,-7,5,-7,5,-6,6,-5,5,-4,0,0,0,0,0,0,0,0,0,0,0,0,0,0,-2,61,-5,63,6,53,0,53,5,55,0,45,6,40,8,39,7,36,12,29,9,29,10,27,13,26,16,22,13,16,17,8,16,9,12,4,17,1,14,3,15,-7,13,-10,13,-13,12,-16,8,-17,14,-25,9,-26,9,-30,9,-31,5,-36,6,-38,3,-47,8,-47,5,-44,0,-50,3,-55,6,-56,3,-59,8,-55,5,-64,10,-60,10,-58,10,-59,13,-59,14,-55,16,-59,17,-54,15,-51,17,-51,15,-49,17,-53,20,-44,16,-42,21,-40,24,-37,21,-34,25,-27,0,0,0,0,0,0,0,0,0,0,0,0,0,0,0,0,0,0,0,0,0,0,71,-34,73,-21,74,-17,81,-19,75,-14,79,-10,75,-12,71,-10,81,-15,74,-9,78,-8,79,-8,71,-13,72,-10,73,-8,65,-5,66,-13,66,-8,57,-12,58,-17,53,-18,53,-17,50,-21,41,-18,45,-19,43,-23,36,-21,32,-24,27,-24,23,-26,23,-22,14,-32,12,-26,5,-28,10,-29,3,-33,0,-29,-9,-27,-11,-29,-13,-30,-16,-25,-24,-22,-26,-24,-35,-19,-33,-18,-32,-12,-42,-15,-45,-16,-49,-11,-53,-10,-52,-7,-63,-5,-58,-5,-61,-4,-71,-5,-67,2,-65,-2,0,0]"
CSI_DATA,296,1a:00:00:00:00:00,-47,11,1,0,1,1,1,0,0,0,1,-96,0,11,2,4253037,0,44,0,384,0,"[0,0,0,0,0,0,0,0,0,0,0,0,9,-9,8,-8,7,-8,7,-8,6,-7,5,-7,5,-7,4,-7,3,-6,2,-6,2,-6,1,-6,1,-5,0,-5,-1,-4,-2,-4,-2,-4,-3,-3,-4,-3,-4,-3,-5,-2,-5,-2,-6,-1,-6,-1,-7,-1,-8,0,0,0,-9,0,-10,0,-10,0,-11,1,-10,0,-11,0,-11,0,-11,-1,-12,0,-12,-1,-12,-1,-12,-2,-12,-2,-11,-2,-12,-2,-11,-2,-11,-3,-10,-3,-10,-3,-10,-3,-9,-4,-8,-4,-8,-4,-7,-5,-7,-5,-6,-5,0,0,0,0,0,0,0,0,0,0,0,0,0,0,71,-43,65,-35,60,-42,59,-37,57,-37,50,-33,44,-35,44,-33,41,-30,31,-32,30,-31,24,-24,21,-27,20,-28,12,-30,8,-27,3,-25,4,-22,0,-21,-3,-21,-10,-21,-14,-16,-15,-12,-18,-11,-20,-9,-25,-13,-29,-10,-33,-2,-39,-1,-40,-1,-44,-2,-46,-2,-50,-1,-52,-2,-58,-1,-56,-3,-61,-5,-60,-3,-60,-8,-62,-10,-63,-11,-61,-10,-64,-11,-64,-10,-57,-15,-61,-16,-54,-17,-57,-18,-47,-17,-48,-17,-47,-18,-44,-21,-45,-22,-40,-26,-38,-28,-31,-26,-27,-30,0,0,0,0,0,0,0,0,0,0,0,0,0,0,0,0,0,0,0,0,0,0,-70,-15,-66,-24,-69,-28,-69,-28,-68,-38,-60,-38,-63,-32,-57,-37,-60,-37,-57,-37,-53,-37,-55,-31,-60,-32,-52,-35,-48,-33,-45,-30,-45,-28,-42,-27,-39,-24,-40,-23,-35,-22,-39,-16,-36,-17,-39,-14,-32,-10,-33,-2,-26,-3,-28,-1,-31,2,-25,7,-21,9,-20,10,-20,16,-16,20,-12,22,-10,23,-10,26,-5,28,2,32,2,32,6,35,13,40,15,37,17,42,19,40,28,49,29,47,31,48,37,53,39,54,42,60,48,60,43,63,47,60,50,69,46,68,39,68,0,0]"
CSI_DATA,297,1a:00:00:00:00:00,-47,11,1,0,1,1,1,0,0,0,1,-96,0,11,2,4263034,0,44,0,384,0,"[0,0,0,0,0,0,0,0,0,0,0,0,9,7,10,6,8,5,9,6,7,4,7,4,7,3,6,2,6,2,5,1,5,1,4,0,4,0,4,-1,3,-1,3,-2,2,-3,1,-3,1,-3,0,-4,0,-4,-1,-5,-1,-5,-2,-6,-2,-7,-3,-7,0,0,-3,-8,-2,-8,-4,-10,-3,-9,-4,-10,-3,-10,-3,-11,-3,-10,-3,-11,-3,-10,-3,-11,-2,-11,-2,-11,-2,-11,-1,-10,-1,-11,0,-10,-1,-10,0,-9,0,-9,0,-9,2,-8,1,-8,2,-8,2,-7,3,-6,0,0,0,0,0,0,0,0,0,0,0,0,0,0,41,68,46,63,52,55,36,57,38,54,39,46,41,41,34,46,32,33,35,31,32,31,26,24,35,18,24,18,23,15,20,6,25,1,21,-2,16,-3,17,-4,14,-10,12,-13,8,-13,10,-19,3,-23,4,-24,1,-24,-1,-29,-3,-32,-4,-38,-5,-36,-10,-45,-9,-46,-12,-49,-10,-49,-14,-53,-14,-53,-13,-55,-7,-60,-11,-61,-9,-54,-7,-61,-4,-66,0,-64,-3,-64,-1,-58,7,-53,-1,-56,7,-52,3,-49,4,-57,10,-47,6,-49,15,-42,16,-42,20,-40,24,-35,0,0,0,0,0,0,0,0,0,0,0,0,0,0,0,0,0,0,0,0,0,0,13,-69,19,-69,20,-68,28,-66,27,-67,26,-61,27,-59,31,-62,32,-64,27,-58,30,-57,30,-53,28,-60,30,-60,29,-54,27,-47,27,-51,21,-45,18,-47,18,-46,18,-45,15,-49,9,-42,3,-42,1,-42,-3,-36,0,-37,-6,-35,-9,-28,-11,-27,-14,-23,-17,-26,-25,-22,-27,-18,-26,-16,-32,-12,-32,-9,-35,-10,-34,-3,-41,0,-40,3,-41,9,-47,8,-49,15,-47,20,-43,27,-48,33,-48,35,-57,43,-58,38,-58,44,-69,47,-71,47,-62,48,-68,56,-68,50,-63,57,0,0]"
CSI_DATA,298,1a:00:00:00:00:00,-48,11,1,0,1,1,1,0,0,0,1,-96,0,11,2,4273282,0,44,0,384,0,"[0,0,0,0,0,0,0,0,0,0,0,0,-11,6,-10,6,-9,7,-9,6,-8,5,-7,4,-6,5,-6,5,-5,4,-4,4,-3,4,-2,4,-2,3,-1,3,-1,3,0,3,0,2,1,2,1,1,2,1,3,1,3,0,4,0,4,0,5,-1,5,-1,0,0,7,-2,7,-2,8,-2,8,-2,8,-2,9,-2,9,-2,9,-1,9,-2,10,-1,10,-1,9,-1,9,0,9,0,9,0,9,0,9,0,8,0,8,0,8,1,8,1,7,1,6,2,6,2,6,3,5,3,0,0,0,0,0,0,0,0,0,0,0,0,0,0,-68,39,-64,41,-58,46,-52,40,-55,39,-48,40,-46,35,-47,37,-38,32,-36,29,-24,30,-24,28,-19,31,-20,26,-15,26,-9,23,-7,25,-6,22,-6,17,2,17,7,17,9,10,10,8,13,8,21,4,17,4,22,1,30,-2,31,-2,35,-7,34,-7,35,-11,40,-7,46,-11,47,-12,49,-10,47,-11,45,-11,56,-12,51,-12,53,-8,59,-7,57,-3,53,-4,53,-1,53,-8,48,2,51,-2,51,-1,50,3,49,3,46,3,39,10,41,10,38,15,37,18,30,20,0,0,0,0,0,0,0,0,0,0,0,0,0,0,0,0,0,0,0,0,0,0,75,5,70,8,73,10,71,15,71,22,67,22,66,18,64,22,67,26,67,30,64,27,63,22,65,23,63,23,54,26,57,19,59,13,54,16,53,19,56,10,43,12,52,5,46,6,43,6,41,1,42,-5,37,-3,36,-6,33,-6,34,-10,26,-15,26,-20,23,-20,17,-24,18,-28,18,-31,13,-32,7,-33,2,-37,0,-38,-2,-38,-10,-45,-9,-44,-15,-45,-21,-43,-32,-51,-30,-49,-33,-47,-36,-52,-42,-55,-43,-59,-47,-57,-49,-63,-46,-59,-55,-67,-55,-66,-48,-71,0,0]"
CSI_DATA,299,1a:00:00:00:00:00,-48,11,1,0,1,1,1,0,0,0,1,-96,0,11,2,4293016,0,44,0,384,0,"[0,0,0,0,0,0,0,0,0,0,0,0,-10,-7,-10,-7,-9,-6,-9,-6,-8,-5,-7,-5,-7,-4,-6,-3,-6,-3,-5,-2,-6,-2,-5,0,-5,-1,-4,0,-4,0,-3,1,-3,1,-2,2,-1,1,-1,2,0,3,0,3,1,3,2,4,2,4,3,4,0,0,4,5,3,6,4,7,5,5,5,7,5,7,5,7,5,7,5,8,5,7,5,8,4,9,3,8,4,9,3,8,3,8,3,8,3,8,2,8,2,7,1,7,1,7,0,7,0,7,0,6,-1,6,0,0,0,0,0,0,0,0,0,0,0,0,0,0,-32,-70,-29,-64,-40,-58,-31,-52,-31,-55,-25,-45,-31,-46,-33,-47,-31,-34,-24,-35,-26,-27,-24,-27,-27,-29,-27,-18,-23,-14,-20,-8,-20,-11,-18,-6,-14,1,-14,4,-15,2,-10,5,-12,9,-7,14,-3,13,-3,18,0,21,3,25,3,25,3,34,5,30,7,34,6,36,11,44,12,38,11,46,11,45,13,48,13,52,8,54,7,53,9,52,6,56,9,52,7,50,-1,50,4,53,1,53,-3,48,-3,46,-8,47,-6,45,-2,43,-5,36,-11,38,-17,35,-20,27,0,0,0,0,0,0,0,0,0,0,0,0,0,0,0,0,0,0,0,0,0,0,-22,72,-31,71,-31,71,-37,68,-41,65,-46,67,-44,61,-46,57,-48,61,-41,55,-47,57,-43,56,-45,59,-38,55,-40,49,-38,49,-39,51,-36,46,-31,50,-35,45,-28,44,-24,44,-21,37,-15,45,-17,42,-13,39,-11,35,-5,35,0,30,0,36,7,29,9,28,11,25,15,19,19,24,23,17,28,13,26,14,29,11,37,3,38,4,37,-4,40,-3,45,-12,45,-11,51,-13,52,-19,51,-25,54,-29,54,-30,59,-31,56,-35,64,-37,63,-38,75,-39,74,-40,67,-43,0,0]"
CSI_DATA,300,1a:00:00:00:00:00,-48,11,1,0,1,1,1,0,0,0,1,-96,0,11,2,4333041,0,44,0,384,0,"[0,0,0,0,0,0,0,0,0,0,0,0,-13,1,-11,1,-11,2,-11,1,-10,1,-9,2,-8,3,-7,3,-6,2,-6,2,-5,3,-4,3,-4,2,-3,3,-2,2,-1,3,0,2,0,2,1,2,1,2,2,1,3,1,4,1,4,1,4,2,6,1,0,0,7,1,8,1,8,1,9,1,8,1,9,1,10,1,10,2,10,2,10,2,10,3,10,4,9,4,9,4,10,4,9,4,9,4,8,3,8,4,8,4,7,4,6,5,6,5,5,6,4,6,3,5,0,0,0,0,0,0,0,0,0,0,0,0,0,0,-81,18,-74,10,-70,20,-65,17,-59,16,-52,13,-51,17,-53,17,-42,18,-40,17,-35,18,-30,15,-28,20,-28,17,-23,13,-12,20,-17,23,-9,17,-4,15,-5,12,2,11,5,11,9,8,11,10,15,9,19,7,25,2,27,1,32,1,32,1,33,-4,39,-4,40,-4,48,-5,46,-5,51,-7,53,-3,52,-9,56,0,55,-2,52,-6,54,1,60,4,52,1,50,4,56,6,52,4,53,6,49,7,46,8,40,11,43,11,44,11,38,15,40,18,31,18,25,24,0,0,0,0,0,0,0,0,0,0,0,0,0,0,0,0,0,0,0,0,0,0,58,50,50,52,50,56,45,58,43,64,41,62,40,58,36,64,44,62,37,61,37,61,39,54,42,57,36,57,35,54,40,47,39,47,32,47,35,43,34,37,34,40,35,36,34,30,35,27,35,25,38,17,33,18,35,16,31,10,37,5,34,2,32,-7,34,-9,28,-11,32,-16,29,-19,26,-19,25,-30,23,-31,18,-37,17,-39,11,-43,12,-45,3,-51,-2,-49,5,-56,0,-60,-6,-60,-9,-63,-9,-68,-14,-70,-13,-69,-12,-75,-16,-78,-18,-83,-21,-79,-16,-80,0,0]"
CSI_DATA,301,1a:00:00:00:00:00,-47,11,1,0,1,1,1,0,0,0,1,-96,0,11,2,4343548,0,44,0,384,0,"[0,0,0,0,0,0,0,0,0,0,0,0,8,6,8,5,8,4,8,4,7,3,6,3,6,2,5,1,5,1,4,0,4,0,4,-1,3,-1,3,-2,2,-2,2,-2,1,-2,0,-3,0,-3,-1,-3,-2,-4,-2,-4,-3,-4,-4,-4,-4,-5,-5,-5,0,0,-6,-5,-6,-6,-7,-6,-7,-6,-8,-7,-8,-7,-8,-7,-8,-8,-8,-8,-8,-8,-8,-8,-8,-8,-8,-8,-7,-9,-7,-8,-7,-9,-6,-9,-6,-8,-5,-8,-5,-8,-5,-8,-4,-8,-4,-8,-3,-8,-2,-8,-1,-8,0,0,0,0,0,0,0,0,0,0,0,0,0,0,73,-18,68,-21,65,-32,55,-25,54,-28,49,-26,48,-25,44,-25,38,-24,31,-24,27,-24,23,-23,21,-23,20,-20,18,-18,6,-26,14,-21,0,-14,1,-16,-4,-12,-9,-9,-8,-9,-12,-7,-16,-5,-19,-5,-21,3,-25,2,-28,3,-27,9,-33,8,-35,7,-39,11,-42,10,-40,12,-43,15,-52,16,-53,14,-50,14,-54,17,-53,13,-55,16,-54,11,-56,9,-53,13,-53,12,-53,12,-52,6,-55,6,-51,5,-50,3,-46,2,-44,2,-48,-2,-41,-9,-42,-9,-40,-9,-35,-15,0,0,0,0,0,0,0,0,0,0,0,0,0,0,0,0,0,0,0,0,0,0,-65,-43,-61,-44,-60,-49,-58,-52,-56,-56,-51,-56,-49,-54,-49,-55,-51,-57,-49,-52,-47,-54,-48,-53,-54,-51,-45,-52,-45,-50,-44,-47,-48,-41,-45,-42,-43,-39,-43,-38,-43,-38,-42,-35,-45,-27,-43,-22,-39,-23,-43,-12,-42,-13,-41,-13,-38,-7,-40,-2,-35,3,-36,7,-32,13,-28,11,-29,17,-28,24,-25,24,-20,29,-18,33,-19,38,-17,37,-8,40,-10,45,-2,50,3,45,1,47,9,57,13,56,17,60,16,66,18,66,22,65,24,74,24,66,29,74,33,74,30,75,0,0]"
CSI_DATA,302,1a:00:00:00:00:00,-48,11,1,0,1,1,1,0,0,0,1,-96,0,11,2,4353364,0,44,0,384,0,"[0,0,0,0,0,0,0,0,0,0,0,0,-11,1,-11,2,-10,3,-10,2,-9,2,-8,2,-7,3,-6,3,-6,2,-5,3,-4,3,-3,3,-3,2,-2,2,-1,2,0,2,0,2,1,2,1,1,2,1,3,1,3,1,4,0,5,0,6,0,6,-1,0,0,7,-1,8,-1,9,-1,9,-2,9,-1,10,-1,10,-2,10,-1,11,-2,11,-1,11,-1,11,0,10,0,10,0,10,0,10,0,10,1,10,0,9,1,9,1,9,1,8,2,8,2,7,3,7,3,6,3,0,0,0,0,0,0,0,0,0,0,0,0,0,0,-23,67,-25,59,-19,67,-14,61,-9,59,-12,50,-6,51,-11,51,-6,40,-5,42,1,37,6,33,6,35,3,27,7,23,11,17,12,16,10,10,11,9,11,2,17,2,12,-3,11,-6,11,-12,10,-14,13,-16,13,-19,11,-26,10,-28,15,-33,12,-32,15,-42,12,-36,10,-45,5,-47,17,-49,14,-52,13,-52,17,-54,19,-54,18,-57,22,-55,22,-54,21,-52,22,-50,21,-49,21,-50,22,-44,23,-46,22,-44,26,-44,24,-43,28,-36,26,-34,30,-30,28,-31,31,-22,0,0,0,0,0,0,0,0,0,0,0,0,0,0,0,0,0,0,0,0,0,0,76,-17,77,-11,80,-6,81,-5,80,-4,82,2,76,-1,77,2,82,5,75,3,79,7,75,2,78,-1,73,1,70,4,65,5,71,-11,60,-5,63,-7,60,-10,55,-11,56,-6,52,-12,47,-16,43,-16,43,-20,40,-21,36,-21,29,-22,29,-24,22,-30,18,-32,19,-33,9,-31,5,-36,4,-34,-1,-32,-6,-36,-12,-34,-20,-33,-18,-32,-24,-33,-32,-35,-33,-33,-39,-31,-47,-24,-47,-27,-54,-23,-58,-26,-56,-27,-67,-26,-64,-24,-72,-27,-69,-20,-78,-28,-81,-25,-77,-22,0,0]"
CSI_DATA,303,1a:00:00:00:00:00,-48,11,1,0,1,1,1,0,0,0,1,-96,0,11,2,4363885,0,44,0,384,0,"[0,0,0,0,0,0,0,0,0,0,0,0,10,-3,9,-3,8,-3,8,-3,7,-3,6,-3,5,-4,5,-4,4,-4,3,-4,3,-4,2,-4,1,-4,1,-4,0,-3,-1,-3,-1,-3,-2,-3,-3,-3,-3,-2,-4,-2,-4,-2,-5,-1,-6,-1,-7,-1,-7,-1,0,0,-9,0,-9,-1,-10,0,-10,0,-10,0,-11,0,-11,0,-11,0,-11,0,-11,-1,-12,-1,-11,-2,-11,-2,-11,-2,-11,-2,-11,-2,-10,-2,-10,-2,-10,-2,-10,-2,-9,-3,-9,-4,-8,-4,-8,-5,-7,-5,-6,-5,0,0,0,0,0,0,0,0,0,0,0,0,0,0,26,-67,28,-64,18,-62,19,-64,17,-56,11,-55,12,-46,10,-44,6,-43,3,-43,0,-38,1,-30,-3,-31,-5,-28,-8,-24,-10,-21,-11,-17,-12,-15,-16,-11,-16,-7,-18,-1,-16,0,-17,4,-14,8,-17,3,-19,16,-19,19,-22,23,-19,25,-22,28,-20,31,-23,39,-19,36,-18,42,-26,40,-27,40,-27,44,-27,46,-30,43,-31,47,-34,44,-31,41,-33,45,-32,45,-37,42,-38,43,-36,38,-36,37,-38,34,-34,34,-37,31,-37,33,-33,27,-35,21,-33,21,-39,22,-42,9,0,0,0,0,0,0,0,0,0,0,0,0,0,0,0,0,0,0,0,0,0,0,-69,35,-74,26,-77,26,-77,19,-79,15,-76,13,-77,12,-78,9,-86,12,-79,6,-83,12,-73,9,-74,15,-75,10,-65,6,-70,8,-67,12,-66,9,-61,7,-57,15,-52,10,-53,17,-50,17,-49,18,-43,19,-38,25,-36,19,-35,25,-32,23,-26,24,-19,28,-14,34,-18,23,-6,32,-6,30,-1,28,2,31,8,31,10,34,19,32,20,26,24,26,30,35,36,31,39,27,45,21,44,26,53,24,51,20,59,25,61,26,65,19,76,22,69,18,75,21,76,23,74,22,0,0]"
CSI_DATA,304,1a:00:00:00:00:00,-48,11,1,0,1,1,1,0,0,0,1,-96,0,11,2,4373025,0,44,0,384,0,"[0,0,0,0,0,0,0,0,0,0,0,0,5,9,5,8,5,7,5,7,5,6,4,5,5,5,4,4,4,3,4,3,3,2,3,1,3,0,3,0,3,-1,2,-1,2,-2,2,-2,1,-3,1,-4,1,-4,0,-5,0,-5,-1,-6,-1,-7,-1,-7,0,0,-2,-8,-2,-9,-2,-9,-2,-10,-2,-9,-2,-10,-2,-10,-2,-10,-1,-11,-1,-11,-1,-11,-1,-11,-1,-11,0,-10,0,-10,1,-10,0,-10,0,-9,1,-9,1,-9,2,-9,2,-8,2,-8,3,-8,3,-7,3,-5,0,0,0,0,0,0,0,0,0,0,0,0,0,0,37,60,33,56,36,51,30,48,31,49,30,38,30,40,27,35,24,29,28,32,27,26,23,19,26,20,23,14,19,10,19,8,19,3,19,3,16,-2,15,-3,16,-12,8,-13,6,-13,7,-17,5,-19,2,-22,3,-25,-3,-31,-7,-31,-5,-31,-10,-34,-6,-39,-8,-43,-12,-46,-16,-44,-11,-49,-10,-49,-15,-48,-9,-54,-7,-53,-7,-54,-10,-57,-2,-54,-4,-55,-1,-55,-2,-54,0,-55,2,-54,-3,-47,4,-48,8,-47,7,-44,10,-41,16,-40,13,-37,18,-37,21,-27,0,0,0,0,0,0,0,0,0,0,0,0,0,0,0,0,0,0,0,0,0,0,6,-83,14,-75,13,-79,18,-78,25,-80,28,-68,26,-68,30,-68,30,-73,35,-72,33,-70,31,-67,30,-69,36,-65,29,-56,33,-61,24,-60,30,-54,22,-55,23,-54,19,-52,20,-54,19,-48,9,-49,11,-41,5,-43,2,-40,-2,-38,-6,-40,-6,-31,-12,-33,-13,-25,-15,-29,-20,-25,-21,-23,-24,-15,-24,-12,-31,-10,-27,-7,-33,-3,-37,-2,-38,5,-36,5,-47,11,-38,16,-46,12,-47,15,-49,28,-51,28,-58,33,-57,32,-56,39,-58,39,-61,38,-65,42,-59,40,-62,46,0,0]"
CSI_DATA,305,1a:00:00:00:00:00,-48,11,1,0,1,1,1,0,0,0,1,-96,0,11,2,4383099,0,44,0,384,0,"[0,0,0,0,0,0,0,0,0,0,0,0,7,-9,6,-9,5,-8,5,-8,4,-7,3,-7,2,-7,2,-6,1,-6,1,-5,0,-5,0,-5,-1,-4,-1,-4,-2,-4,-2,-3,-3,-3,-3,-2,-3,-1,-4,-1,-4,0,-4,0,-5,0,-5,1,-6,1,-6,2,0,0,-7,3,-8,3,-8,4,-8,4,-9,4,-9,4,-9,4,-9,4,-10,4,-10,4,-11,4,-10,3,-10,3,-10,3,-10,2,-11,2,-10,2,-10,2,-10,2,-9,1,-10,1,-9,0,-8,-1,-8,-1,-8,-2,-7,-3,0,0,0,0,0,0,0,0,0,0,0,0,0,0,-21,-71,-28,-62,-30,-61,-25,-55,-22,-58,-20,-52,-24,-41,-28,-41,-25,-41,-23,-35,-21,-32,-24,-28,-18,-27,-22,-16,-18,-19,-24,-15,-22,-12,-21,-4,-16,-2,-17,6,-19,7,-22,6,-11,12,-9,12,-11,18,-9,18,-10,24,-5,31,-3,29,-2,37,-3,40,-1,39,-3,41,1,48,0,44,2,52,-4,52,-3,54,-6,55,-5,53,-8,56,-13,57,-10,55,-9,52,-12,51,-15,46,-23,51,-13,48,-19,46,-18,44,-15,45,-22,41,-23,36,-22,34,-25,35,-26,27,-29,24,0,0,0,0,0,0,0,0,0,0,0,0,0,0,0,0,0,0,0,0,0,0,-12,74,-21,78,-23,78,-30,77,-37,71,-38,71,-38,66,-42,65,-41,69,-39,64,-40,68,-39,62,-41,61,-41,57,-37,54,-36,53,-32,58,-38,47,-29,49,-29,49,-24,47,-23,45,-26,43,-19,41,-14,41,-16,43,-7,35,-8,33,0,30,-2,32,6,30,5,28,11,27,15,21,18,25,22,20,20,14,27,11,27,7,29,5,33,0,37,-4,41,-6,45,-3,47,-11,45,-14,47,-11,52,-20,49,-24,60,-29,64,-27,62,-32,66,-30,66,-29,68,-38,68,-33,66,-29,0,0]"
CSI_DATA,306,1a:00:00:00:00:00,-48,11,1,0,1,1,1,0,0,0,1,-96,0,11,2,4393038,0,44,0,384,0,"[0,0,0,0,0,0,0,0,0,0,0,0,-10,-6,-10,-6,-10,-5,-9,-5,-8,-4,-7,-3,-7,-3,-7,-2,-6,-2,-6,-1,-6,-1,-5,0,-5,0,-5,1,-4,1,-3,2,-3,2,-2,2,-2,2,-1,3,0,3,1,4,1,4,1,5,2,5,3,5,0,0,4,6,3,7,4,7,5,7,5,8,4,8,5,8,5,8,5,9,4,9,4,9,4,9,4,9,3,9,3,9,3,9,3,9,2,9,3,8,2,8,1,8,0,8,0,8,0,7,-1,7,-2,6,0,0,0,0,0,0,0,0,0,0,0,0,0,0,-30,-23,-27,-22,-28,-20,-25,-19,-27,-18,-24,-16,-25,-15,-23,-10,-22,-10,-19,-9,-20,-5,-16,-7,-17,-4,-16,-2,-13,-1,-14,0,-12,0,-10,3,-8,5,-7,6,-6,6,-4,5,-3,10,-1,9,0,9,2,11,2,12,6,12,7,15,7,16,8,17,10,18,11,19,12,20,10,21,14,21,14,21,14,21,14,24,11,24,12,25,10,25,11,26,12,27,11,25,8,26,6,25,8,26,5,24,6,23,4,24,5,23,2,22,1,21,-1,20,-3,20,-5,19,0,0,0,0,0,0,0,0,0,0,0,0,0,0,0,0,0,0,0,0,0,0,7,41,2,41,2,41,2,40,-3,42,-4,39,-4,37,-7,38,-5,42,-7,40,-8,38,-7,35,-6,37,-6,36,-8,33,-7,35,-3,32,-8,30,-3,29,-4,25,-4,27,-3,25,-1,23,1,23,1,19,3,20,3,18,4,15,3,14,8,12,7,8,9,10,9,6,12,3,13,4,12,2,13,1,13,-4,16,-6,17,-8,17,-9,17,-10,18,-11,17,-16,15,-15,16,-17,18,-19,20,-23,17,-24,18,-26,18,-28,18,-29,22,-31,20,-30,21,-33,20,-36,23,-32,0,0]"
CSI_DATA,307,1a:00:00:00:00:00,-48,11,1,0,1,1,1,0,0,0,1,-96,0,11,2,4403052,0,44,0,384,0,"[0,0,0,0,0,0,0,0,0,0,0,0,7,-10,6,-9,4,-9,5,-8,4,-8,4,-7,3,-8,2,-6,2,-7,1,-6,1,-6,-1,-5,-1,-5,-2,-5,-2,-3,-2,-3,-2,-3,-3,-2,-3,-2,-4,-2,-4,-1,-5,0,-5,0,-6,0,-7,1,-6,1,0,0,-8,2,-8,2,-9,2,-9,3,-9,2,-10,2,-10,2,-10,2,-10,2,-11,2,-11,2,-10,1,-10,1,-11,1,-10,0,-10,0,-10,0,-10,0,-10,-1,-9,-1,-9,-1,-8,-2,-8,-2,-8,-3,-8,-4,-7,-4,0,0,0,0,0,0,0,0,0,0,0,0,0,0,58,-50,52,-51,47,-47,41,-42,37,-46,37,-41,33,-43,32,-41,27,-39,18,-39,13,-35,15,-37,12,-37,9,-33,6,-22,-2,-25,3,-25,-3,-22,-6,-20,-11,-14,-12,-13,-14,-11,-13,-5,-17,-8,-21,-3,-26,-2,-27,-2,-30,5,-31,5,-31,12,-36,12,-42,13,-41,13,-46,10,-46,18,-50,17,-54,17,-53,17,-56,13,-57,15,-56,12,-58,13,-55,12,-58,12,-58,6,-58,8,-53,5,-56,1,-51,1,-51,0,-48,-5,-48,0,-47,-6,-47,-10,-44,-14,-41,-13,-34,-19,0,0,0,0,0,0,0,0,0,0,0,0,0,0,0,0,0,0,0,0,0,0,-80,10,-78,3,-81,-5,-84,-10,-84,-14,-77,-16,-78,-18,-77,-19,-78,-20,-75,-23,-71,-25,-69,-17,-74,-20,-69,-21,-64,-26,-61,-23,-64,-18,-57,-22,-54,-15,-52,-16,-49,-15,-49,-9,-43,-9,-42,-6,-38,1,-38,3,-30,1,-28,8,-27,9,-26,12,-20,17,-21,19,-12,16,-9,23,-11,23,-5,31,-3,31,3,25,5,32,9,38,10,33,16,34,20,37,25,38,31,38,40,33,38,38,41,37,42,41,49,45,50,45,57,45,58,52,59,46,59,59,57,50,58,50,0,0]"
CSI_DATA,308,1a:00:00:00:00:00,-48,11,1,0,1,1,1,0,0,0,1,-96,0,11,2,4413014,0,44,0,384,0,"[0,0,0,0,0,0,0,0,0,0,0,0,9,-7,8,-7,7,-7,7,-7,6,-6,5,-6,4,-6,4,-6,3,-6,3,-5,2,-5,1,-5,0,-5,-1,-4,-1,-4,-2,-4,-2,-3,-3,-3,-3,-3,-4,-2,-4,-2,-5,-1,-5,-2,-6,-1,-6,0,-7,0,0,0,-8,1,-9,1,-9,1,-10,1,-10,1,-10,1,-10,1,-10,1,-12,0,-11,0,-11,0,-11,0,-11,0,-11,-1,-11,-1,-11,-1,-10,-1,-10,-2,-10,-2,-9,-2,-9,-3,-8,-3,-8,-3,-7,-4,-7,-4,-6,-4,0,0,0,0,0,0,0,0,0,0,0,0,0,0,61,-43,59,-36,54,-45,48,-38,51,-42,47,-37,42,-35,41,-35,31,-33,30,-33,26,-34,20,-33,17,-25,17,-27,9,-28,9,-24,9,-24,0,-18,-2,-18,-7,-20,-11,-17,-15,-10,-12,-11,-17,-9,-18,-7,-24,-4,-27,0,-32,-1,-35,0,-36,7,-38,7,-45,10,-42,10,-47,8,-49,11,-54,4,-54,7,-53,9,-58,6,-57,5,-58,5,-62,2,-59,1,-58,1,-56,2,-57,-1,-59,-1,-57,-2,-51,-5,-51,-8,-49,-6,-48,-10,-46,-11,-44,-17,-41,-20,-34,-19,-34,-21,0,0,0,0,0,0,0,0,0,0,0,0,0,0,0,0,0,0,0,0,0,0,-77,-17,-75,-24,-74,-30,-73,-32,-68,-38,-66,-42,-66,-40,-63,-41,-66,-40,-63,-40,-61,-43,-58,-38,-59,-42,-49,-36,-50,-39,-46,-35,-52,-36,-42,-32,-47,-31,-41,-28,-38,-27,-39,-19,-36,-17,-37,-18,-31,-11,-32,-5,-28,-2,-30,-2,-25,0,-25,5,-15,12,-19,12,-13,16,-14,20,-15,21,-12,19,-6,27,-4,30,0,29,2,36,6,32,13,40,13,39,19,42,24,46,24,37,30,44,33,48,37,50,37,56,42,58,48,54,46,65,45,63,46,69,52,67,46,67,0,0]"
CSI_DATA,309,1a:00:00:00:00:00,-47,11,1,0,1,1,1,0,0,0,1,-96,0,11,2,4423051,0,44,0,384,0,"[0,0,0,0,0,0,0,0,0,0,0,0,3,11,3,10,3,9,3,9,3,8,3,6,3,6,3,5,3,5,3,4,3,4,3,3,3,2,4,1,3,1,3,0,3,-1,3,-2,3,-3,2,-3,3,-4,2,-5,2,-5,2,-6,2,-6,1,-7,0,0,2,-9,3,-10,2,-10,2,-10,2,-10,3,-11,3,-11,3,-11,3,-12,3,-11,4,-11,4,-11,4,-11,4,-10,5,-10,5,-9,5,-9,5,-9,5,-8,5,-8,6,-7,5,-7,5,-6,6,-6,6,-5,6,-4,0,0,0,0,0,0,0,0,0,0,0,0,0,0,7,73,8,72,20,65,11,66,17,65,9,59,14,54,11,49,17,41,14,44,17,37,18,35,20,28,22,26,19,21,20,15,20,18,18,7,20,6,20,0,16,-2,21,-9,16,-12,17,-14,13,-18,16,-19,15,-26,12,-31,13,-31,13,-37,9,-41,19,-40,13,-46,12,-45,13,-50,16,-52,14,-55,15,-57,21,-54,18,-56,23,-58,24,-60,25,-56,25,-55,27,-46,28,-56,32,-51,26,-52,31,-46,32,-47,32,-41,28,-42,30,-38,35,-33,33,-31,33,-24,38,-18,0,0,0,0,0,0,0,0,0,0,0,0,0,0,0,0,0,0,0,0,0,0,49,-60,54,-54,59,-53,60,-45,59,-43,57,-42,60,-39,66,-38,65,-37,63,-35,63,-32,55,-28,59,-34,57,-28,52,-24,53,-29,51,-30,46,-22,40,-24,36,-24,33,-20,34,-23,29,-25,21,-21,20,-20,12,-21,12,-21,9,-19,5,-18,2,-22,-4,-19,-9,-20,-10,-20,-17,-19,-17,-18,-21,-18,-25,-22,-27,-10,-31,-11,-37,-7,-40,-10,-41,-9,-47,2,-53,2,-49,4,-62,12,-62,6,-62,9,-64,13,-77,10,-71,18,-69,18,-78,13,-78,13,-85,18,-78,20,-86,19,0,0]"
CSI_DATA,310,1a:00:00:00:00:00,-47,11,1,0,1,1,1,0,0,0,1,-96,0,11,2,4433032,0,44,0,384,0,"[0,0,0,0,0,0,0,0,0,0,0,0,-7,10,-6,9,-5,9,-5,8,-4,8,-4,7,-3,7,-2,6,-2,6,-1,5,-1,5,0,5,1,3,1,3,2,3,2,2,2,1,3,1,3,0,4,0,4,-1,5,-1,5,-2,5,-3,6,-3,6,-4,0,0,7,-4,8,-5,8,-5,8,-6,8,-5,9,-6,9,-6,9,-5,10,-6,10,-5,10,-5,10,-4,10,-4,10,-4,10,-3,10,-3,9,-2,9,-3,9,-2,9,-2,9,-1,8,-1,8,0,8,0,7,1,6,2,0,0,0,0,0,0,0,0,0,0,0,0,0,0,-36,68,-41,65,-26,63,-26,59,-23,60,-23,51,-21,54,-19,45,-17,43,-10,40,-5,43,-3,35,0,35,-2,32,6,31,5,26,8,21,9,21,12,12,17,11,19,9,18,6,22,0,22,-1,27,-4,22,-12,25,-12,32,-16,36,-20,37,-22,35,-26,38,-27,42,-27,41,-33,43,-35,43,-33,48,-38,48,-36,52,-34,50,-33,53,-37,55,-30,54,-32,54,-31,54,-27,55,-33,48,-28,57,-25,48,-22,50,-20,50,-20,50,-19,48,-15,51,-8,44,-5,41,0,37,1,0,0,0,0,0,0,0,0,0,0,0,0,0,0,0,0,0,0,0,0,0,0,74,-9,69,-1,75,5,75,8,75,13,69,16,65,11,63,19,71,14,64,21,59,20,61,17,62,18,55,18,47,15,51,13,50,10,43,13,42,11,38,7,34,4,34,8,28,-3,27,0,25,-1,22,-11,19,-13,17,-9,16,-11,9,-15,3,-16,0,-21,-1,-22,-4,-27,-7,-24,-9,-31,-15,-29,-14,-28,-22,-26,-26,-33,-28,-36,-32,-31,-36,-32,-40,-33,-47,-33,-47,-28,-56,-31,-57,-33,-61,-29,-69,-36,-64,-37,-73,-30,-69,-34,-78,-34,-77,-39,-78,-34,-74,-34,0,0]"
CSI_DATA,311,1a:00:00:00:00:00,-47,11,1,0,1,1,1,0,0,0,1,-96,0,11,2,4443296,0,44,0,384,0,"[0,0,0,0,0,0,0,0,0,0,0,0,-3,-12,-3,-12,-4,-11,-3,-10,-4,-9,-3,-8,-4,-8,-4,-6,-4,-6,-4,-5,-4,-4,-5,-3,-5,-3,-4,-2,-4,-1,-5,-1,-4,0,-4,0,-4,2,-4,3,-4,3,-4,4,-4,5,-4,6,-5,6,-4,7,0,0,-4,8,-5,9,-5,9,-5,10,-5,10,-5,10,-5,10,-6,10,-6,10,-7,10,-7,10,-7,10,-8,9,-7,9,-8,8,-8,8,-8,8,-7,7,-8,7,-8,6,-8,6,-8,5,-8,5,-8,4,-8,2,-8,2,0,0,0,0,0,0,0,0,0,0,0,0,0,0,-6,-79,-2,-77,-8,-73,-11,-67,-12,-66,-8,-58,-11,-57,-12,-49,-10,-49,-18,-42,-17,-36,-15,-34,-21,-34,-16,-27,-19,-22,-15,-17,-22,-14,-17,-7,-18,-5,-22,-1,-23,3,-26,6,-18,13,-19,14,-22,18,-18,21,-27,24,-18,30,-23,33,-25,42,-24,38,-26,43,-24,40,-24,50,-30,49,-31,54,-33,54,-31,53,-30,54,-34,53,-36,53,-39,49,-40,56,-39,52,-38,44,-44,51,-44,45,-42,44,-42,41,-41,35,-41,38,-41,35,-38,31,-38,26,-41,20,-44,16,-43,12,0,0,0,0,0,0,0,0,0,0,0,0,0,0,0,0,0,0,0,0,0,0,-52,52,-54,46,-57,45,-60,35,-63,35,-60,27,-61,28,-60,23,-62,26,-59,21,-59,17,-55,22,-56,22,-54,17,-48,16,-46,16,-46,22,-40,17,-37,17,-30,20,-32,23,-27,14,-20,12,-19,16,-19,19,-13,17,-8,17,-8,22,1,20,3,18,6,16,8,18,13,22,18,18,25,16,25,18,30,17,37,15,37,12,40,8,44,10,46,9,49,7,55,6,54,1,58,-7,61,-6,67,-7,62,-11,73,-8,75,-6,78,-13,84,-11,79,-5,87,-14,86,-9,84,-11,0,0]"
CSI_DATA,312,1a:00:00:00:00:00,-47,11,1,0,1,1,1,0,0,0,1,-96,0,11,2,4453045,0,44,0,384,0,"[0,0,0,0,0,0,0,0,0,0,0,0,4,-11,3,-11,2,-11,2,-11,1,-9,1,-8,0,-9,0,-8,-1,-7,-1,-6,-2,-7,-3,-5,-3,-5,-4,-4,-3,-4,-5,-3,-4,-2,-5,-2,-5,-1,-5,0,-6,0,-7,1,-7,1,-7,2,-8,2,-8,3,0,0,-9,4,-10,4,-10,5,-10,5,-10,5,-11,5,-11,5,-11,5,-12,5,-12,4,-12,4,-12,3,-12,3,-12,2,-12,2,-12,2,-11,2,-11,2,-11,1,-10,1,-11,0,-10,0,-10,-1,-9,-2,-9,-3,-8,-3,0,0,0,0,0,0,0,0,0,0,0,0,0,0,36,-70,39,-70,29,-67,32,-62,27,-60,23,-58,19,-50,16,-49,13,-50,12,-42,8,-40,6,-39,1,-40,-1,-30,-6,-29,-10,-24,-11,-21,-16,-22,-15,-18,-20,-18,-23,-13,-22,-8,-26,-3,-31,-5,-28,1,-36,4,-36,6,-38,15,-40,12,-46,18,-45,19,-54,20,-49,18,-52,24,-53,30,-55,21,-62,26,-64,20,-62,19,-64,21,-64,17,-67,22,-65,17,-68,17,-62,13,-64,10,-63,6,-62,9,-62,6,-55,2,-55,1,-53,-4,-52,-10,-52,-12,-50,-11,-48,-14,-41,-18,0,0,0,0,0,0,0,0,0,0,0,0,0,0,0,0,0,0,0,0,0,0,-66,24,-67,22,-70,12,-68,8,-64,4,-64,-1,-59,-1,-65,-4,-70,-2,-63,-5,-60,-4,-55,-4,-58,-4,-51,-6,-48,-10,-45,-3,-43,3,-43,-4,-37,0,-34,-1,-32,4,-30,3,-26,6,-21,7,-22,8,-16,12,-14,17,-10,17,-8,19,-2,18,-4,25,-1,28,2,28,8,27,14,26,16,30,18,29,22,29,25,29,37,31,31,32,37,29,41,29,47,26,47,26,47,29,57,27,62,30,62,34,67,32,73,31,79,30,79,38,76,35,79,34,80,35,76,36,0,0]"
CSI_DATA,313,1a:00:00:00:00:00,-46,11,1,0,1,1,1,0,0,0,1,-96,0,11,2,4463416,0,44,0,384,0,"[0,0,0,0,0,0,0,0,0,0,0,0,-8,-9,-8,-8,-8,-8,-8,-7,-7,-6,-6,-6,-6,-4,-6,-4,-6,-4,-6,-2,-6,-2,-5,-1,-6,-1,-6,0,-5,0,-4,2,-4,2,-4,3,-4,3,-3,4,-3,4,-2,5,-2,6,-2,6,-2,7,-1,8,0,0,-2,9,-2,9,-2,10,-2,10,-2,10,-2,11,-2,11,-2,11,-3,11,-3,11,-4,11,-5,11,-4,10,-5,10,-5,9,-5,9,-5,9,-5,8,-5,8,-5,8,-6,7,-6,7,-7,6,-7,5,-7,4,-7,3,0,0,0,0,0,0,0,0,0,0,0,0,0,0,-51,-58,-46,-60,-55,-53,-50,-46,-44,-51,-43,-45,-46,-40,-41,-35,-38,-31,-33,-29,-38,-22,-34,-20,-35,-13,-34,-9,-30,-11,-29,-3,-25,2,-25,5,-23,8,-25,16,-22,15,-16,21,-15,22,-12,26,-10,27,-8,36,-7,36,-6,43,-8,43,-5,48,-2,50,-1,55,-4,57,2,56,-2,66,-3,62,-6,61,-4,64,-7,68,-8,67,-13,70,-15,68,-16,67,-14,65,-12,61,-23,63,-20,59,-19,59,-23,54,-23,52,-24,56,-22,49,-22,46,-27,40,-30,38,-35,34,-33,28,0,0,0,0,0,0,0,0,0,0,0,0,0,0,0,0,0,0,0,0,0,0,5,69,-2,68,-4,66,-7,65,-12,63,-19,58,-18,60,-20,56,-22,60,-18,56,-20,54,-20,53,-18,50,-19,45,-20,44,-18,42,-13,44,-13,35,-8,36,-1,34,-5,27,3,27,-3,26,1,22,5,24,7,19,11,19,15,11,17,11,22,9,18,5,28,5,27,5,31,-1,33,-5,34,-4,37,-9,42,-13,38,-16,41,-23,42,-20,47,-27,43,-33,48,-37,43,-38,53,-40,51,-45,49,-49,48,-53,52,-57,56,-58,56,-61,63,-58,61,-56,64,-64,63,-64,59,-62,0,0]"
CSI_DATA,314,1a:00:00:00:00:00,-46,11,1,0,1,1,1,0,0,0,1,-96,0,11,2,4473044,0,44,0,384,0,"[0,0,0,0,0,0,0,0,0,0,0,0,3,11,4,10,4,9,4,9,4,7,3,6,4,5,4,5,4,4,4,3,4,3,4,2,4,1,4,0,4,0,4,-1,4,-2,4,-2,4,-3,4,-4,3,-5,3,-6,3,-6,4,-7,4,-8,4,-8,0,0,3,-10,4,-10,4,-11,3,-11,4,-11,5,-11,5,-12,5,-11,5,-11,6,-11,6,-11,7,-10,7,-10,7,-10,7,-9,7,-9,7,-9,6,-9,7,-8,7,-7,7,-6,7,-6,7,-6,7,-5,7,-3,7,-3,0,0,0,0,0,0,0,0,0,0,0,0,0,0,27,71,27,69,33,66,28,62,26,57,22,49,25,47,27,43,22,37,27,37,26,27,28,23,26,25,25,20,23,18,26,8,29,5,24,3,25,-5,23,-5,29,-14,25,-12,17,-13,21,-20,16,-22,21,-31,18,-33,16,-35,14,-42,15,-42,18,-47,18,-52,19,-53,20,-56,19,-54,23,-60,20,-60,20,-62,25,-62,28,-60,29,-62,30,-55,30,-53,33,-57,32,-55,35,-55,37,-53,36,-48,36,-46,32,-43,37,-43,31,-42,36,-38,36,-29,39,-31,39,-24,40,-16,0,0,0,0,0,0,0,0,0,0,0,0,0,0,0,0,0,0,0,0,0,0,20,-63,27,-62,28,-57,35,-60,33,-53,36,-49,36,-48,38,-48,38,-51,34,-41,39,-42,38,-40,34,-41,28,-35,32,-33,29,-35,27,-36,25,-30,19,-31,14,-26,9,-25,9,-29,6,-27,4,-20,3,-22,0,-22,-3,-23,-9,-23,-12,-15,-19,-14,-17,-14,-26,-15,-27,-14,-32,-9,-35,-11,-37,-6,-36,-4,-44,-7,-38,0,-45,6,-49,7,-49,12,-53,10,-53,17,-53,18,-53,20,-59,24,-63,26,-61,26,-69,31,-68,31,-71,37,-76,36,-72,34,-77,35,-78,32,-74,33,0,0]"
CSI_DATA,315,1a:00:00:00:00:00,-46,11,1,0,1,1,1,0,0,0,1,-96,0,11,2,4483053,0,44,0,384,0,"[0,0,0,0,0,0,0,0,0,0,0,0,-12,4,-10,4,-9,4,-9,3,-8,4,-7,4,-7,4,-6,4,-6,4,-5,4,-4,4,-3,4,-2,4,-2,4,-1,4,0,5,1,4,1,4,2,4,2,4,3,4,4,4,4,4,5,5,6,4,6,5,0,0,7,5,8,5,8,6,9,5,8,6,8,6,8,7,9,6,9,7,8,7,8,8,7,8,7,8,7,8,7,8,7,8,6,8,5,8,5,8,5,7,4,8,3,7,3,8,1,7,1,8,0,7,0,0,0,0,0,0,0,0,0,0,0,0,0,0,-76,1,-75,1,-72,10,-64,10,-64,16,-61,6,-55,8,-52,7,-45,11,-40,15,-38,17,-27,17,-32,19,-24,23,-26,16,-15,25,-20,25,-12,21,-7,25,-5,24,3,29,7,27,9,24,12,27,15,24,20,29,22,29,25,26,30,33,39,32,42,32,43,35,38,36,46,33,48,39,48,40,51,41,49,46,48,44,46,46,45,50,45,44,40,54,44,50,40,53,36,53,35,50,34,49,30,44,28,45,27,46,24,49,23,50,11,46,11,47,5,43,3,46,0,0,0,0,0,0,0,0,0,0,0,0,0,0,0,0,0,0,0,0,0,0,55,38,50,43,43,46,46,46,40,53,34,51,34,46,33,49,30,53,30,46,24,45,23,44,29,49,29,41,22,41,19,35,23,34,20,31,24,26,24,27,23,18,23,19,20,15,24,13,21,7,24,2,16,-1,20,-3,21,-5,22,-10,19,-16,21,-15,15,-16,17,-23,20,-24,16,-29,16,-30,11,-35,12,-42,8,-42,10,-47,4,-48,6,-52,0,-58,0,-54,-4,-65,-6,-65,-10,-65,-10,-72,-11,-69,-8,-72,-12,-79,-9,-86,-8,-76,-7,-90,-12,-87,-13,-85,0,0]"
CSI_DATA,316,1a:00:00:00:00:00,-46,11,1,0,1,1,1,0,0,0,1,-96,0,11,2,4493402,0,44,0,384,0,"[0,0,0,0,0,0,0,0,0,0,0,0,6,10,5,9,6,8,6,8,6,7,4,6,5,5,5,4,5,3,5,3,5,2,5,1,5,1,5,-1,5,0,5,-2,5,-3,4,-2,4,-4,4,-4,3,-5,3,-6,3,-6,3,-8,3,-8,3,-8,0,0,3,-10,3,-10,4,-11,3,-11,4,-12,4,-11,4,-12,4,-12,5,-12,5,-12,6,-11,6,-11,6,-11,6,-11,6,-10,7,-10,6,-9,6,-9,6,-9,6,-8,6,-7,6,-7,7,-6,7,-5,7,-4,7,-3,0,0,0,0,0,0,0,0,0,0,0,0,0,0,41,65,40,63,44,57,34,57,39,50,35,48,34,41,34,42,33,33,31,31,31,22,29,20,34,18,29,14,30,10,31,3,29,2,31,-2,23,-7,25,-7,23,-10,20,-17,18,-26,20,-20,16,-28,21,-32,17,-31,14,-41,13,-40,15,-51,13,-50,15,-55,15,-51,20,-58,17,-58,19,-62,22,-64,17,-64,23,-62,21,-68,23,-62,26,-62,23,-59,27,-63,33,-55,34,-55,32,-55,32,-51,28,-51,34,-45,36,-48,32,-40,32,-40,35,-34,36,-29,39,-24,37,-21,0,0,0,0,0,0,0,0,0,0,0,0,0,0,0,0,0,0,0,0,0,0,6,-68,12,-67,17,-65,22,-65,22,-57,25,-59,26,-54,26,-55,29,-50,29,-48,27,-53,24,-49,25,-48,21,-44,22,-40,22,-37,13,-37,20,-33,12,-35,10,-32,9,-31,5,-27,2,-29,0,-23,-4,-21,-5,-21,-5,-20,-15,-22,-19,-14,-18,-17,-19,-11,-28,-10,-28,-13,-28,-7,-34,-6,-37,-3,-32,4,-37,4,-39,6,-40,12,-46,9,-45,17,-47,17,-45,19,-44,24,-51,36,-56,36,-52,33,-58,38,-61,39,-61,43,-65,47,-68,43,-64,47,-71,50,-71,52,-65,49,0,0]"
CSI_DATA,317,1a:00:00:00:00:00,-46,11,1,0,1,1,1,0,0,0,1,-96,0,11,2,4503035,0,44,0,384,0,"[0,0,0,0,0,0,0,0,0,0,0,0,-2,-12,-3,-11,-3,-10,-3,-10,-3,-9,-3,-9,-3,-8,-4,-7,-4,-6,-4,-5,-4,-5,-5,-5,-5,-3,-5,-3,-5,-3,-6,-2,-6,-1,-5,-1,-6,0,-6,1,-6,1,-6,3,-7,2,-7,4,-8,4,-7,5,0,0,-8,6,-8,6,-9,6,-9,7,-9,6,-9,7,-9,7,-10,7,-10,7,-11,6,-11,6,-11,5,-11,5,-11,5,-11,4,-11,4,-11,3,-10,3,-10,2,-10,3,-10,1,-10,1,-9,0,-9,0,-9,-2,-8,-2,0,0,0,0,0,0,0,0,0,0,0,0,0,0,4,-76,-1,-78,-7,-64,-5,-60,-7,-65,-4,-55,-6,-50,-8,-51,-3,-41,-13,-46,-12,-40,-16,-40,-20,-35,-17,-22,-19,-29,-20,-22,-24,-21,-30,-10,-26,-14,-23,-8,-31,-7,-27,-3,-27,6,-30,8,-29,13,-34,9,-34,23,-35,22,-37,29,-40,30,-38,31,-43,36,-40,33,-42,40,-45,36,-48,40,-51,39,-50,41,-52,39,-53,38,-51,37,-57,34,-58,32,-59,33,-52,26,-56,31,-55,24,-58,23,-56,21,-52,18,-54,17,-51,14,-44,11,-46,5,-47,2,-49,0,-44,-6,0,0,0,0,0,0,0,0,0,0,0,0,0,0,0,0,0,0,0,0,0,0,-57,36,-76,56,-40,63,-53,21,-65,52,-37,44,-42,30,-44,31,-46,37,-39,42,-41,27,-72,33,-78,24,-51,64,-2,48,-62,-17,-18,55,-17,-15,-34,54,-11,-7,-11,27,-7,34,-25,14,-14,15,-2,18,-7,26,-14,13,-13,34,-21,30,-21,18,2,42,41,18,26,39,-1,18,1,15,40,3,41,6,31,16,34,9,39,12,41,12,46,7,47,5,49,0,54,4,64,0,56,1,64,-6,66,-7,63,-6,68,-5,74,-8,81,-2,77,-5,80,-5,84,-8,76,-3,0,0]"
CSI_DATA,318,1a:00:00:00:00:00,-46,11,1,0,1,1,1,0,0,0,1,-96,0,11,2,4513054,0,44,0,384,0,"[0,0,0,0,0,0,0,0,0,0,0,0,11,-2,11,-2,10,-2,10,-2,9,-2,8,-3,7,-3,6,-4,6,-4,5,-4,5,-4,3,-5,3,-5,2,-5,2,-5,1,-6,0,-6,-1,-6,-1,-6,-2,-6,-2,-6,-3,-6,-3,-7,-4,-7,-5,-8,-5,-8,0,0,-6,-9,-7,-9,-7,-9,-7,-10,-7,-10,-7,-11,-7,-11,-7,-11,-7,-11,-7,-11,-6,-11,-6,-12,-5,-11,-5,-11,-5,-12,-4,-11,-4,-11,-4,-10,-3,-11,-3,-10,-2,-10,-1,-10,-1,-10,0,-10,0,-9,1,-8,0,0,0,0,0,0,0,0,0,0,0,0,0,0,76,4,75,6,69,2,66,3,61,0,57,-2,57,-3,55,-6,51,-8,39,-6,39,-12,34,-13,38,-15,34,-18,29,-14,21,-23,23,-28,17,-20,13,-23,12,-25,5,-26,4,-29,-2,-32,-9,-33,-6,-33,-16,-36,-16,-37,-17,-38,-21,-44,-24,-39,-26,-41,-26,-48,-28,-51,-30,-48,-31,-54,-29,-54,-29,-59,-33,-60,-30,-63,-28,-60,-28,-63,-27,-62,-22,-64,-24,-63,-19,-57,-16,-62,-12,-58,-14,-65,-6,-54,-6,-52,-2,-55,-5,-52,-1,-52,5,-51,7,-49,13,-45,15,-39,0,0,0,0,0,0,0,0,0,0,0,0,0,0,0,0,0,0,0,0,0,0,-63,-31,-53,-41,-56,-46,-49,-44,-49,-49,-39,-51,-41,-54,-34,-52,-34,-50,-37,-52,-30,-49,-30,-46,-33,-44,-30,-45,-17,-36,-24,-38,-22,-39,-25,-36,-19,-26,-23,-26,-21,-25,-23,-21,-19,-17,-24,-14,-23,-13,-21,-5,-19,-4,-19,-1,-21,1,-25,7,-15,6,-20,16,-24,13,-21,20,-20,21,-14,25,-16,29,-14,30,-13,33,-12,38,-10,43,-9,46,-6,43,-2,55,-4,51,-2,52,-1,56,1,64,0,69,4,80,7,75,9,77,0,77,5,83,5,87,4,86,-2,84,0,0]"
CSI_DATA,319,1a:00:00:00:00:00,-46,11,1,0,1,1,1,0,0,0,1,-96,0,11,2,4533025,0,44,0,384,0,"[0,0,0,0,0,0,0,0,0,0,0,0,-4,11,-4,10,-2,10,-3,9,-2,9,-2,8,-1,8,-1,7,0,7,1,6,1,5,1,5,2,4,2,4,2,3,3,3,3,2,4,2,5,1,5,0,5,0,5,-1,6,-1,7,-1,7,-2,8,-3,0,0,9,-3,9,-3,10,-3,9,-4,10,-3,11,-3,10,-3,10,-4,12,-3,11,-3,12,-2,11,-2,11,-2,11,-1,11,-1,11,0,10,0,10,0,10,0,9,1,9,1,8,2,8,2,7,3,7,4,6,4,0,0,0,0,0,0,0,0,0,0,0,0,0,0,-42,60,-41,64,-38,56,-35,54,-34,63,-27,53,-27,51,-24,44,-17,43,-12,39,-11,43,-7,40,-4,39,-2,35,-3,30,7,31,10,29,12,29,13,21,13,19,24,16,23,14,22,10,25,10,30,11,33,6,39,8,38,2,46,1,41,-5,45,-2,51,-7,55,-3,58,-7,58,-12,59,0,64,-9,63,-8,62,-1,69,-1,67,1,69,4,66,4,64,7,60,10,60,7,62,6,56,12,54,13,52,13,51,14,51,15,43,20,44,23,42,22,36,28,30,29,0,0,0,0,0,0,0,0,0,0,0,0,0,0,0,0,0,0,0,0,0,0,64,-26,65,-16,68,-12,63,-10,65,-5,65,-2,63,-5,60,2,65,0,60,5,55,6,51,2,58,2,51,8,46,6,45,-2,43,0,43,5,37,1,32,-2,30,1,31,-4,28,-9,24,-8,17,-12,20,-9,17,-14,10,-12,12,-15,2,-16,3,-22,-5,-21,-4,-26,-4,-23,-8,-25,-9,-30,-16,-30,-17,-31,-19,-30,-26,-26,-26,-29,-34,-31,-34,-35,-40,-29,-43,-31,-51,-28,-51,-35,-51,-33,-58,-30,-62,-30,-61,-36,-68,-36,-71,-38,-70,-39,-75,-40,-71,-40,-66,-46,0,0]"
CSI_DATA,320,1a:00:00:00:00:00,-46,11,1,0,1,1,1,0,0,0,1,-96,0,11,2,4563043,0,44,0,384,0,"[0,0,0,0,0,0,0,0,0,0,0,0,12,-2,10,-2,10,-2,10,-2,9,-2,8,-3,8,-4,7,-3,6,-3,6,-3,5,-4,4,-4,4,-5,3,-5,2,-5,2,-6,1,-5,0,-6,0,-5,-1,-6,-2,-6,-3,-6,-3,-7,-4,-8,-5,-8,-5,-7,0,0,-5,-8,-6,-9,-7,-9,-7,-10,-6,-10,-7,-10,-7,-11,-6,-11,-7,-11,-6,-12,-6,-12,-5,-12,-5,-11,-5,-11,-4,-12,-4,-11,-3,-11,-3,-11,-3,-11,-3,-10,-2,-11,-1,-10,0,-10,1,-10,1,-9,2,-8,0,0,0,0,0,0,0,0,0,0,0,0,0,0,83,-3,75,-7,68,-8,65,-7,65,-9,55,-8,59,-15,54,-12,48,-16,40,-17,42,-15,38,-18,35,-17,33,-20,29,-17,19,-23,20,-25,18,-23,9,-23,8,-28,0,-28,0,-26,-3,-27,-4,-32,-11,-26,-12,-33,-18,-33,-23,-37,-23,-39,-29,-37,-27,-37,-29,-38,-34,-41,-37,-46,-37,-47,-36,-51,-37,-49,-40,-51,-33,-57,-37,-51,-32,-53,-31,-61,-31,-55,-33,-59,-25,-55,-25,-60,-22,-59,-26,-59,-14,-52,-13,-55,-14,-54,-6,-56,-10,-54,-3,-52,-2,-50,4,-44,8,-41,0,0,0,0,0,0,0,0,0,0,0,0,0,0,0,0,0,0,0,0,0,0,-68,-26,-62,-28,-69,-35,-66,-36,-61,-41,-50,-43,-52,-42,-46,-45,-48,-47,-46,-47,-43,-47,-40,-42,-43,-42,-37,-45,-34,-41,-30,-39,-28,-34,-26,-38,-29,-29,-25,-27,-25,-24,-26,-21,-24,-21,-21,-16,-23,-12,-24,-6,-21,-5,-22,3,-23,6,-19,9,-18,7,-17,14,-16,14,-17,19,-21,21,-14,21,-12,28,-9,31,-4,32,-8,34,-3,41,-1,42,-2,43,5,47,7,43,7,59,7,58,11,61,16,65,17,69,18,71,19,74,17,76,16,74,17,83,16,80,17,85,0,0]"
CSI_DATA,321,1a:00:00:00:00:00,-46,11,1,0,1,1,1,0,0,0,1,-96,0,11,2,4573014,0,44,0,384,0,"[0,0,0,0,0,0,0,0,0,0,0,0,11,2,11,2,10,1,10,1,9,1,8,0,8,-1,7,-1,6,-1,5,-2,6,-2,5,-3,5,-3,3,-3,3,-4,3,-4,2,-5,1,-5,1,-6,0,-6,0,-6,-1,-7,-2,-6,-2,-8,-2,-8,-3,-8,0,0,-4,-9,-4,-9,-5,-10,-5,-10,-5,-10,-5,-11,-5,-12,-5,-12,-5,-12,-4,-11,-4,-12,-3,-12,-3,-12,-4,-12,-2,-12,-2,-12,-2,-11,-2,-11,-1,-10,-1,-10,0,-10,0,-10,1,-10,1,-9,2,-8,3,-7,0,0,0,0,0,0,0,0,0,0,0,0,0,0,67,32,70,36,68,32,62,26,59,23,55,24,57,22,55,17,50,19,44,8,44,4,39,9,37,4,38,-3,34,-7,34,-4,32,-14,25,-14,26,-15,21,-16,20,-21,16,-23,11,-23,6,-29,3,-33,5,-34,-4,-40,-3,-38,-6,-46,-11,-49,-13,-53,-9,-54,-10,-55,-12,-59,-18,-61,-11,-62,-16,-64,-12,-64,-10,-67,-6,-63,-8,-63,-6,-70,-11,-71,-5,-66,-3,-64,2,-67,3,-62,7,-62,7,-61,8,-53,11,-57,13,-54,16,-52,17,-49,15,-48,22,-42,27,-34,0,0,0,0,0,0,0,0,0,0,0,0,0,0,0,0,0,0,0,0,0,0,-39,-66,-30,-69,-26,-68,-18,-69,-17,-72,-11,-68,-10,-67,-6,-69,-4,-69,-4,-65,-3,-62,-2,-60,-6,-67,-2,-60,1,-51,0,-41,-6,-49,3,-42,-2,-39,-8,-41,-10,-39,-5,-29,-3,-28,-12,-25,-11,-23,-13,-20,-11,-21,-18,-14,-18,-15,-20,-4,-19,-1,-22,-1,-24,-1,-24,2,-24,9,-25,10,-24,14,-24,18,-24,24,-29,29,-30,25,-23,34,-30,33,-24,44,-25,43,-21,52,-22,53,-23,59,-24,60,-26,69,-21,67,-24,71,-28,75,-31,72,-32,81,-33,78,-31,84,0,0]"
CSI_DATA,322,1a:00:00:00:00:00,-46,11,1,0,1,1,1,0,0,0,1,-96,0,11,2,4593031,0,44,0,384,0,"[0,0,0,0,0,0,0,0,0,0,0,0,-12,-3,-11,-2,-12,-2,-11,-2,-10,-2,-8,-1,-9,0,-8,0,-8,0,-7,1,-7,1,-6,2,-5,2,-5,3,-4,3,-3,4,-3,4,-2,4,-2,4,-2,5,-1,5,0,6,0,6,1,7,1,7,2,7,0,0,3,8,3,9,3,10,4,10,3,10,3,10,3,11,3,11,4,11,2,11,2,11,1,12,1,11,1,11,1,11,0,11,0,11,0,9,-1,10,0,9,-2,9,-2,9,-3,8,-4,8,-4,8,-4,6,0,0,0,0,0,0,0,0,0,0,0,0,0,0,-79,-5,-73,-8,-77,0,-65,-3,-63,-2,-62,0,-59,2,-53,5,-49,4,-47,6,-42,11,-38,10,-37,12,-33,12,-30,13,-25,14,-25,19,-19,17,-19,17,-18,23,-11,30,-7,22,-2,27,6,30,3,32,7,34,13,30,16,36,19,39,21,37,23,41,27,41,24,40,30,47,29,45,33,51,34,52,33,52,30,54,28,55,26,55,25,63,23,61,28,61,20,58,19,54,17,62,13,56,11,56,11,54,12,54,6,56,4,55,-3,49,-6,50,-10,43,-16,39,0,0,0,0,0,0,0,0,0,0,0,0,0,0,0,0,0,0,0,0,0,0,55,48,53,53,46,53,48,60,40,55,33,62,35,55,29,61,30,61,29,56,21,59,22,57,25,57,21,52,16,51,15,47,17,45,14,40,12,35,21,38,13,31,18,27,10,26,18,18,15,19,18,16,16,6,17,9,17,5,20,0,16,-2,20,-10,20,-10,18,-11,20,-17,18,-21,16,-19,12,-28,15,-28,15,-35,14,-37,13,-39,9,-47,5,-46,4,-48,-7,-56,2,-58,-2,-62,4,-65,-1,-70,1,-73,2,-75,6,-77,1,-79,2,-84,0,-79,3,-86,0,0]"
CSI_DATA,323,1a:00:00:00:00:00,-46,11,1,0,1,1,1,0,0,0,1,-96,0,11,2,4604206,0,44,0,384,0,"[0,0,0,0,0,0,0,0,0,0,0,0,12,-4,11,-5,9,-4,9,-4,8,-4,7,-4,7,-5,6,-5,5,-5,5,-4,4,-5,3,-6,3,-5,2,-6,1,-5,1,-6,0,-5,-1,-5,-1,-5,-2,-5,-3,-5,-3,-5,-4,-6,-5,-6,-6,-6,-7,-6,0,0,-8,-6,-8,-7,-8,-8,-10,-7,-8,-8,-9,-8,-9,-8,-9,-8,-10,-8,-10,-9,-8,-10,-8,-10,-7,-10,-7,-10,-7,-10,-7,-10,-6,-10,-6,-10,-6,-10,-5,-9,-4,-9,-3,-10,-3,-9,-1,-9,-1,-9,0,-9,0,0,0,0,0,0,0,0,0,0,0,0,0,0,67,-35,70,-33,60,-37,58,-29,57,-33,48,-29,50,-33,44,-30,39,-31,34,-31,27,-35,29,-28,24,-27,21,-32,17,-28,15,-31,10,-33,4,-28,3,-27,-1,-27,-7,-30,-10,-25,-14,-20,-18,-21,-24,-22,-25,-24,-26,-23,-34,-23,-37,-23,-41,-19,-37,-22,-46,-21,-50,-29,-47,-23,-51,-21,-53,-26,-58,-28,-61,-28,-57,-29,-58,-29,-56,-34,-53,-32,-56,-34,-53,-37,-51,-37,-50,-41,-47,-41,-50,-42,-40,-36,-41,-40,-37,-41,-40,-41,-35,-42,-29,-45,-25,-42,-17,-43,-8,-40,0,0,0,0,0,0,0,0,0,0,0,0,0,0,0,0,0,0,0,0,0,0,-73,-13,-66,-21,-70,-23,-64,-25,-63,-30,-59,-36,-57,-33,-58,-35,-56,-38,-55,-34,-50,-39,-50,-40,-49,-36,-48,-35,-41,-34,-40,-35,-41,-27,-36,-24,-34,-26,-35,-22,-32,-21,-30,-16,-27,-14,-27,-13,-27,-11,-24,-2,-22,0,-20,2,-18,4,-18,7,-14,11,-13,14,-10,19,-8,23,-11,23,-6,25,-1,31,-2,29,0,28,5,37,7,35,15,40,12,42,17,43,19,40,29,41,30,47,34,52,30,52,41,61,35,58,40,64,40,65,41,67,41,72,47,71,43,75,0,0]"
CSI_DATA,324,1a:00:00:00:00:00,-46,11,1,0,1,1,1,0,0,0,1,-96,0,11,2,4613316,0,44,0,384,0,"[0,0,0,0,0,0,0,0,0,0,0,0,1,12,2,11,2,10,3,10,3,9,2,8,3,7,3,6,3,6,3,5,3,5,4,4,4,3,4,2,4,2,4,1,4,0,4,0,4,-1,5,-2,5,-2,5,-3,5,-3,5,-5,6,-5,6,-6,0,0,7,-6,7,-7,7,-8,7,-8,8,-8,8,-8,8,-8,9,-8,9,-8,10,-7,10,-7,10,-7,10,-6,10,-6,10,-5,10,-5,10,-5,10,-4,9,-4,9,-4,9,-3,9,-2,8,-2,8,0,8,1,7,1,0,0,0,0,0,0,0,0,0,0,0,0,0,0,18,73,13,69,26,72,13,65,18,57,20,59,17,52,16,49,21,41,21,40,23,38,23,32,22,31,20,24,22,25,26,18,28,12,25,7,22,7,28,-1,27,0,26,-6,24,-8,25,-11,28,-12,27,-13,28,-25,27,-29,25,-29,29,-36,26,-36,29,-41,29,-39,35,-43,29,-50,41,-49,37,-50,39,-47,40,-45,41,-45,42,-47,49,-51,45,-43,44,-46,45,-41,49,-43,50,-37,50,-35,47,-35,51,-29,47,-25,48,-23,44,-19,47,-16,47,-15,46,-10,45,-3,0,0,0,0,0,0,0,0,0,0,0,0,0,0,0,0,0,0,0,0,0,0,24,-70,29,-64,37,-64,42,-63,43,-57,46,-56,46,-50,46,-49,50,-47,45,-43,48,-46,44,-45,45,-41,41,-40,41,-33,42,-36,41,-33,37,-28,31,-25,30,-26,27,-25,23,-21,23,-22,17,-24,10,-24,5,-25,2,-22,1,-20,-6,-16,-6,-20,-11,-19,-15,-21,-14,-12,-15,-16,-23,-12,-25,-11,-27,-14,-28,-5,-31,-4,-40,0,-34,1,-42,8,-47,5,-46,9,-49,11,-50,11,-56,10,-53,18,-62,20,-62,21,-67,27,-67,26,-73,22,-69,23,-73,25,-75,25,-81,24,0,0]"
CSI_DATA,325,1a:00:00:00:00:00,-46,11,1,0,1,1,1,0,0,0,1,-96,0,11,2,4633019,0,44,0,384,0,"[0,0,0,0,0,0,0,0,0,0,0,0,-4,11,-4,10,-3,10,-3,9,-2,9,-2,8,-1,8,-1,7,0,7,0,6,1,6,1,5,2,5,3,4,2,3,3,3,4,2,4,1,4,1,5,1,5,0,6,-1,6,-1,7,-2,7,-3,7,-3,0,0,8,-4,9,-3,9,-4,10,-4,9,-4,10,-4,10,-4,11,-4,11,-4,11,-3,12,-3,11,-2,11,-2,11,-2,11,-2,11,-1,11,-1,10,-1,10,0,10,0,9,1,9,1,8,2,8,2,7,3,6,3,0,0,0,0,0,0,0,0,0,0,0,0,0,0,-35,66,-34,65,-33,59,-24,58,-27,62,-22,54,-21,50,-19,50,-15,46,-15,45,-10,42,-4,40,-2,38,1,38,5,33,10,28,7,32,10,21,13,19,17,19,20,17,22,15,22,10,26,8,30,1,33,3,37,-2,39,-2,41,-8,43,-10,46,-14,48,-11,51,-10,55,-16,52,-18,56,-10,62,-14,61,-13,62,-10,63,-13,67,-10,66,-10,66,-6,67,-7,64,-4,61,-5,61,1,61,3,56,2,54,4,54,8,52,7,48,13,45,19,46,18,41,19,36,26,0,0,0,0,0,0,0,0,0,0,0,0,0,0,0,0,0,0,0,0,0,0,65,-30,69,-27,69,-19,69,-18,73,-14,71,-5,70,-6,64,-2,71,-2,67,-2,64,0,61,0,58,1,58,3,53,2,52,6,48,-1,47,3,42,-2,41,-1,37,-2,32,0,34,-7,27,-5,24,-10,23,-10,16,-13,12,-17,12,-13,9,-19,7,-16,5,-21,-3,-22,-8,-20,-6,-24,-11,-25,-16,-24,-18,-25,-22,-27,-25,-25,-26,-25,-36,-25,-35,-29,-40,-23,-43,-20,-55,-21,-52,-26,-58,-20,-59,-26,-66,-24,-68,-24,-73,-21,-68,-30,-74,-30,-79,-31,-75,-32,-78,-37,0,0]"
CSI_DATA,326,1a:00:00:00:00:00,-46,11,1,0,1,1,1,0,0,0,1,-96,0,11,2,4643012,0,44,0,384,0,"[0,0,0,0,0,0,0,0,0,0,0,0,-13,-1,-12,0,-11,0,-12,-1,-10,0,-9,0,-9,1,-8,1,-7,2,-7,2,-6,3,-5,3,-5,3,-4,3,-4,3,-3,4,-2,4,-1,4,-1,4,-1,5,1,5,2,5,2,6,3,6,4,7,4,7,0,0,5,7,5,8,6,8,7,8,6,9,6,9,6,10,6,9,6,10,6,10,6,10,4,10,5,10,4,10,4,10,4,11,3,11,3,9,3,9,2,9,1,9,1,10,0,9,-1,9,-1,8,-2,7,0,0,0,0,0,0,0,0,0,0,0,0,0,0,-74,-2,-78,-3,-72,2,-65,-3,-65,3,-51,-2,-59,4,-56,5,-50,8,-47,6,-43,8,-37,15,-38,13,-34,15,-29,15,-24,20,-23,22,-23,22,-16,23,-12,26,-8,27,-4,25,-3,27,6,27,8,30,15,33,11,31,20,27,24,35,28,34,26,38,35,39,30,42,33,43,39,40,35,48,38,47,37,43,40,51,35,50,39,51,32,54,32,54,30,55,32,51,28,55,23,55,25,56,22,52,20,50,18,48,17,50,11,50,7,53,6,47,1,46,-4,41,0,0,0,0,0,0,0,0,0,0,0,0,0,0,0,0,0,0,0,0,0,0,52,50,43,57,42,59,41,64,34,68,28,64,32,66,26,64,28,62,25,64,16,63,17,58,22,62,16,59,20,49,10,50,13,43,8,43,16,41,11,37,12,32,12,30,16,28,18,20,15,20,17,15,16,14,16,10,14,3,19,0,21,-1,21,-5,21,-8,17,-13,19,-19,20,-18,14,-21,19,-22,17,-24,18,-34,13,-37,5,-41,11,-42,7,-47,6,-46,6,-49,1,-54,-1,-58,-3,-66,0,-71,-2,-68,-2,-80,1,-74,-5,-80,0,-85,-5,-84,1,-82,0,0]"
CSI_DATA,327,1a:00:00:00:00:00,-46,11,1,0,1,1,1,0,0,0,1,-96,0,11,2,4663042,0,44,0,384,0,"[0,0,0,0,0,0,0,0,0,0,0,0,10,5,10,5,9,4,9,4,8,3,8,3,7,1,7,1,7,1,6,0,6,-1,6,-2,5,-2,5,-2,4,-3,4,-4,3,-4,3,-4,2,-5,2,-5,2,-6,1,-7,0,-7,0,-8,0,-8,-1,-9,0,0,-1,-10,-1,-10,-1,-12,-2,-11,-1,-12,-1,-13,-1,-13,0,-12,-1,-13,-1,-12,0,-13,0,-13,1,-13,1,-13,2,-12,2,-12,2,-11,2,-11,3,-11,2,-10,4,-10,4,-9,4,-9,4,-8,5,-7,5,-6,0,0,0,0,0,0,0,0,0,0,0,0,0,0,58,45,55,49,62,45,47,39,52,38,50,33,45,29,49,25,44,26,41,22,38,17,38,15,36,8,30,5,30,2,29,-4,33,-4,23,-9,25,-10,23,-10,24,-17,19,-19,13,-26,8,-28,16,-33,11,-35,9,-31,0,-38,1,-44,-2,-45,5,-48,1,-56,2,-54,2,-59,-2,-55,2,-61,-1,-61,-1,-62,2,-66,7,-66,7,-65,8,-64,10,-67,8,-65,13,-63,17,-57,22,-62,15,-56,17,-55,23,-51,23,-53,28,-52,23,-46,29,-38,30,-36,32,-37,35,-27,0,0,0,0,0,0,0,0,0,0,0,0,0,0,0,0,0,0,0,0,0,0,-19,-72,-13,-75,-7,-71,-2,-76,2,-73,5,-72,4,-70,11,-67,12,-68,9,-64,18,-64,14,-63,13,-64,15,-56,14,-57,14,-53,16,-50,14,-43,6,-44,9,-37,5,-34,4,-34,3,-28,0,-27,-3,-27,-7,-28,-5,-20,-10,-18,-10,-18,-16,-17,-14,-9,-17,-10,-21,-6,-25,-4,-26,3,-26,2,-24,4,-29,12,-32,14,-30,20,-32,19,-29,23,-30,28,-30,32,-31,34,-35,38,-35,44,-34,46,-33,50,-38,57,-36,58,-39,60,-48,65,-42,58,-49,68,-45,67,-47,64,0,0]"
CSI_DATA,328,1a:00:00:00:00:00,-46,11,1,0,1,1,1,0,0,0,1,-96,0,11,2,4673272,0,44,0,384,0,"[0,0,0,0,0,0,0,0,0,0,0,0,-6,11,-5,11,-4,10,-4,10,-3,8,-3,8,-2,8,-1,7,-1,7,0,6,0,6,1,6,1,5,2,4,2,4,3,4,4,3,4,3,4,2,5,1,5,0,6,0,6,0,7,-1,8,-1,9,-1,0,0,9,-2,9,-2,10,-3,11,-3,10,-2,11,-3,12,-2,11,-3,12,-2,12,-1,13,-1,12,0,12,0,12,0,12,1,11,1,10,1,11,1,10,1,10,1,10,3,9,3,8,3,8,4,7,5,6,5,0,0,0,0,0,0,0,0,0,0,0,0,0,0,-39,61,-43,62,-33,58,-34,57,-33,56,-26,51,-25,45,-18,46,-18,42,-16,42,-9,40,-8,42,-6,42,-2,34,5,30,4,32,4,29,9,25,16,23,16,19,20,20,18,15,21,12,27,7,25,9,31,6,31,5,39,0,42,0,46,-5,44,-8,52,-6,50,-5,60,-6,55,-10,58,-7,65,-6,62,-7,63,-2,67,-6,62,0,63,-2,67,4,67,4,64,6,61,7,61,6,59,10,56,9,57,10,54,15,52,15,47,18,41,23,41,22,39,27,29,28,0,0,0,0,0,0,0,0,0,0,0,0,0,0,0,0,0,0,0,0,0,0,71,-28,68,-18,74,-14,77,-10,76,-4,67,-1,67,0,68,7,72,8,67,5,64,10,58,8,61,7,58,10,52,11,53,9,50,6,42,7,42,4,41,10,39,2,33,2,30,-2,23,-1,30,-3,24,-13,22,-11,17,-14,16,-12,12,-17,7,-18,9,-22,6,-22,-1,-20,-3,-27,-6,-24,-10,-27,-11,-27,-15,-27,-21,-31,-25,-29,-34,-28,-30,-31,-35,-28,-40,-30,-41,-24,-46,-27,-52,-29,-52,-31,-58,-32,-58,-32,-65,-35,-68,-39,-66,-38,-71,-39,-77,-39,-68,-43,0,0]"
CSI_DATA,329,1a:00:00:00:00:00,-47,11,1,0,1,1,1,0,0,0,1,-96,0,11,2,4683548,0,44,0,384,0,"[0,0,0,0,0,0,0,0,0,0,0,0,-1,-12,0,-12,-2,-11,-1,-11,-2,-9,-2,-9,-3,-8,-2,-8,-3,-7,-3,-6,-3,-6,-4,-5,-4,-5,-5,-4,-4,-3,-5,-3,-5,-2,-5,-1,-6,0,-6,0,-6,1,-6,2,-7,2,-7,3,-8,3,-7,4,0,0,-8,5,-8,5,-10,6,-9,6,-10,6,-10,5,-10,6,-10,6,-11,6,-11,5,-12,5,-11,4,-11,4,-12,4,-11,3,-12,3,-11,3,-11,3,-11,2,-10,2,-10,0,-10,1,-9,0,-9,-1,-9,-2,-8,-3,0,0,0,0,0,0,0,0,0,0,0,0,0,0,-6,-73,-7,-69,-8,-67,-9,-68,-10,-66,-7,-58,-11,-55,-7,-52,-14,-45,-18,-45,-15,-40,-19,-37,-22,-32,-23,-31,-20,-30,-25,-20,-25,-16,-27,-12,-23,-12,-25,-11,-30,-4,-26,1,-21,5,-34,7,-27,15,-31,14,-33,19,-35,24,-35,27,-35,28,-34,35,-41,36,-38,39,-44,39,-41,45,-45,41,-43,44,-46,46,-48,40,-55,42,-50,43,-53,40,-53,40,-58,41,-51,37,-55,37,-57,29,-51,27,-51,26,-55,27,-54,19,-56,16,-47,16,-49,8,-49,5,-49,6,-45,-6,0,0,0,0,0,0,0,0,0,0,0,0,0,0,0,0,0,0,0,0,0,0,-43,61,-44,56,-52,52,-56,53,-56,47,-59,49,-61,41,-57,40,-62,40,-56,31,-60,29,-54,30,-55,33,-58,29,-50,22,-49,21,-44,31,-46,21,-37,23,-36,18,-23,19,-35,23,-25,20,-24,20,-14,16,-16,25,-13,19,-7,18,-1,17,-2,20,2,15,7,22,11,18,13,19,12,15,16,18,21,14,26,10,28,9,30,8,34,1,37,2,42,5,46,0,45,-1,54,-14,52,-5,53,-9,61,-10,67,-6,71,-12,69,-14,77,-11,76,-12,77,-15,78,-20,75,-12,0,0]"
CSI_DATA,330,1a:00:00:00:00:00,-46,11,1,0,1,1,1,0,0,0,1,-96,0,11,2,4693023,0,44,0,384,0,"[0,0,0,0,0,0,0,0,0,0,0,0,-7,-10,-7,-9,-8,-8,-7,-8,-7,-7,-7,-6,-6,-5,-6,-5,-6,-4,-6,-3,-6,-3,-7,-2,-6,-2,-6,-1,-6,0,-5,1,-5,1,-4,2,-5,3,-4,3,-4,4,-4,5,-4,5,-4,6,-4,6,-4,7,0,0,-3,9,-4,9,-4,10,-4,9,-4,10,-5,10,-4,11,-5,11,-5,11,-6,10,-6,10,-7,9,-7,10,-6,10,-7,9,-7,9,-7,8,-7,8,-7,8,-7,7,-7,6,-8,6,-8,5,-8,4,-8,3,-8,2,0,0,0,0,0,0,0,0,0,0,0,0,0,0,-32,-64,-30,-65,-36,-62,-32,-57,-32,-58,-21,-49,-27,-47,-30,-45,-29,-34,-28,-37,-28,-31,-33,-29,-33,-22,-24,-23,-30,-21,-28,-13,-32,-6,-25,-3,-25,-2,-26,5,-24,8,-26,4,-23,12,-24,18,-18,22,-23,24,-21,29,-19,35,-23,37,-20,39,-21,43,-22,47,-28,49,-21,47,-21,54,-26,55,-24,53,-26,56,-26,58,-31,55,-36,61,-36,55,-36,58,-37,54,-35,52,-42,52,-41,46,-41,47,-40,43,-42,43,-38,39,-42,37,-37,33,-38,28,-42,22,-46,17,-41,16,0,0,0,0,0,0,0,0,0,0,0,0,0,0,0,0,0,0,0,0,0,0,-19,73,-26,70,-27,70,-31,65,-41,65,-39,60,-36,58,-43,54,-45,55,-43,53,-45,44,-43,42,-39,44,-37,37,-40,35,-39,37,-34,38,-31,32,-29,31,-25,33,-18,28,-20,28,-16,23,-15,26,-12,24,-8,22,-7,20,-2,20,5,18,7,17,7,16,13,13,15,13,20,12,24,9,24,5,26,6,28,4,29,-2,34,0,34,-6,38,-6,41,-9,43,-16,41,-16,43,-25,46,-25,51,-26,54,-26,57,-35,60,-30,62,-36,67,-37,64,-37,69,-40,70,-39,70,-38,0,0]"
CSI_DATA,331,1a:00:00:00:00:00,-46,11,1,0,1,1,1,0,0,0,1,-96,0,11,2,4713040,0,44,0,384,0,"[0,0,0,0,0,0,0,0,0,0,0,0,6,9,6,8,6,7,6,7,5,5,5,5,5,5,5,3,5,4,5,2,5,2,5,1,5,0,4,0,4,-1,4,-2,4,-2,3,-3,3,-4,3,-4,3,-5,3,-5,3,-6,2,-7,2,-8,2,-8,0,0,2,-10,2,-10,3,-11,2,-10,2,-11,3,-11,3,-11,3,-12,3,-12,4,-11,4,-12,4,-11,4,-11,5,-11,5,-10,5,-11,5,-10,5,-9,5,-9,5,-8,6,-8,6,-7,6,-7,6,-6,7,-5,6,-4,0,0,0,0,0,0,0,0,0,0,0,0,0,0,20,67,24,64,22,64,24,57,21,60,14,55,21,45,22,48,24,40,22,39,24,29,23,32,27,26,24,21,24,21,26,14,25,9,28,4,23,3,26,0,25,-7,28,-8,23,-15,27,-18,23,-14,27,-24,25,-28,24,-32,29,-34,29,-44,28,-37,28,-41,26,-42,31,-53,27,-47,38,-48,30,-50,27,-49,35,-53,40,-48,37,-53,40,-53,45,-52,40,-46,42,-46,49,-44,48,-41,49,-40,44,-39,45,-34,45,-34,48,-34,43,-27,40,-18,50,-19,43,-15,43,-8,0,0,0,0,0,0,0,0,0,0,0,0,0,0,0,0,0,0,0,0,0,0,23,-70,34,-62,35,-58,39,-58,41,-58,43,-59,44,-53,47,-48,48,-49,43,-42,47,-43,42,-44,47,-42,42,-37,41,-34,37,-32,39,-36,34,-30,25,-31,24,-28,26,-26,25,-28,20,-21,16,-21,9,-27,12,-21,9,-20,2,-22,-3,-21,-4,-23,-10,-20,-10,-19,-13,-19,-16,-19,-22,-14,-21,-16,-19,-10,-27,-6,-34,-12,-31,-5,-33,-2,-39,3,-42,3,-43,3,-44,7,-39,18,-53,14,-58,19,-54,13,-61,19,-60,22,-66,27,-71,26,-66,26,-69,25,-73,31,-72,23,0,0]"
CSI_DATA,332,1a:00:00:00:00:00,-46,11,1,0,1,1,1,0,0,0,1,-96,0,11,2,4723913,0,44,0,384,0,"[0,0,0,0,0,0,0,0,0,0,0,0,2,11,2,10,3,9,2,9,3,8,3,7,3,7,3,6,3,5,3,4,4,4,4,3,4,2,4,2,4,0,4,1,4,0,4,-1,5,-2,5,-3,4,-4,5,-4,5,-4,5,-5,5,-6,6,-6,0,0,6,-8,6,-8,7,-9,7,-9,6,-9,7,-9,8,-9,7,-9,8,-9,8,-9,9,-9,9,-8,9,-8,9,-8,9,-7,9,-7,9,-7,9,-6,9,-6,8,-5,9,-4,9,-4,9,-3,8,-2,8,-2,8,0,0,0,0,0,0,0,0,0,0,0,0,0,0,0,7,77,0,71,10,68,7,66,10,66,7,58,9,53,14,49,16,39,11,41,16,35,20,35,18,31,16,24,20,28,25,19,26,16,23,10,25,10,25,3,31,5,24,0,24,-8,28,-13,27,-12,31,-18,30,-25,34,-27,34,-28,35,-34,37,-33,38,-37,36,-36,37,-40,37,-44,43,-45,42,-48,44,-47,50,-48,52,-46,47,-47,54,-39,48,-44,56,-40,54,-38,56,-39,55,-34,51,-35,52,-28,53,-30,52,-29,54,-24,51,-23,56,-9,46,-9,47,-10,46,0,0,0,0,0,0,0,0,0,0,0,0,0,0,0,0,0,0,0,0,0,0,0,46,-61,49,-56,55,-46,57,-48,59,-44,56,-37,56,-36,58,-36,62,-37,62,-29,60,-35,57,-23,53,-30,52,-21,50,-22,46,-22,41,-25,40,-20,40,-21,34,-18,33,-16,31,-23,21,-20,20,-20,17,-16,15,-21,10,-25,8,-20,1,-19,-2,-24,-2,-18,-9,-18,-10,-18,-16,-24,-17,-22,-21,-20,-24,-15,-29,-18,-32,-18,-33,-10,-32,-11,-39,-4,-43,-8,-50,-1,-46,-1,-58,4,-56,6,-60,3,-62,6,-60,10,-72,12,-75,12,-78,10,-72,11,-80,9,-78,9,-77,14,0,0]"
CSI_DATA,333,1a:00:00:00:00:00,-46,11,1,0,1,1,1,0,0,0,1,-96,0,11,2,4733047,0,44,0,384,0,"[0,0,0,0,0,0,0,0,0,0,0,0,-9,-7,-9,-6,-9,-6,-8,-6,-8,-4,-7,-4,-8,-3,-7,-3,-6,-2,-6,-1,-6,-1,-6,0,-5,1,-5,1,-5,2,-4,2,-4,3,-4,3,-3,4,-3,4,-2,5,-2,6,-1,6,-1,7,-1,7,0,8,0,0,0,8,0,10,0,10,0,10,0,11,0,11,0,11,0,11,-1,12,-1,11,-1,11,-2,11,-2,11,-2,11,-3,11,-3,10,-3,10,-3,10,-3,9,-4,9,-4,8,-4,8,-4,8,-5,7,-5,6,-6,5,0,0,0,0,0,0,0,0,0,0,0,0,0,0,-50,-53,-51,-52,-53,-44,-49,-46,-46,-39,-43,-38,-44,-36,-41,-30,-38,-29,-38,-27,-37,-16,-38,-17,-38,-11,-35,-4,-33,-4,-30,1,-30,4,-28,9,-23,7,-23,14,-22,17,-21,17,-11,21,-14,27,-14,29,-9,30,-7,38,-10,40,-6,43,-8,48,-5,51,-4,53,-1,57,4,54,0,60,-5,62,-3,63,-2,64,-3,67,-3,68,-7,65,-12,65,-11,67,-11,68,-17,64,-15,66,-16,61,-15,59,-17,58,-19,53,-18,57,-22,53,-23,52,-25,46,-26,42,-34,38,-34,33,0,0,0,0,0,0,0,0,0,0,0,0,0,0,0,0,0,0,0,0,0,0,-6,75,-12,73,-13,73,-22,69,-24,72,-27,65,-24,64,-31,63,-28,64,-32,61,-33,63,-31,54,-29,54,-30,51,-27,44,-30,46,-25,44,-20,42,-18,38,-16,38,-15,33,-11,32,-6,30,-4,29,-3,26,6,22,3,22,4,17,8,20,14,17,11,19,18,14,21,10,18,8,26,2,22,-2,29,0,30,-1,33,-6,33,-12,36,-17,33,-19,37,-21,40,-24,36,-27,33,-33,38,-35,40,-41,46,-43,52,-45,47,-52,50,-58,56,-55,52,-56,55,-59,51,-60,56,-58,0,0]"
CSI_DATA,334,1a:00:00:00:00:00,-46,11,1,0,1,1,1,0,0,0,1,-96,0,11,2,4753070,0,44,0,384,0,"[0,0,0,0,0,0,0,0,0,0,0,0,6,9,5,8,6,8,6,7,5,6,5,5,6,4,5,4,4,3,5,2,5,2,5,1,5,0,4,-1,4,-1,5,-2,4,-3,3,-3,3,-4,3,-5,3,-5,3,-6,2,-6,2,-8,3,-8,2,-9,0,0,2,-10,3,-11,3,-11,2,-11,3,-11,3,-12,3,-12,3,-12,4,-12,4,-12,4,-12,5,-12,5,-12,5,-11,5,-11,6,-11,5,-10,5,-10,6,-9,6,-9,7,-8,6,-8,7,-7,6,-6,7,-5,7,-4,0,0,0,0,0,0,0,0,0,0,0,0,0,0,40,57,34,61,41,61,39,46,39,53,30,47,36,40,35,37,30,32,33,27,32,20,28,22,31,19,31,15,26,11,28,7,32,2,26,-6,20,-5,25,-13,21,-16,21,-15,18,-26,17,-28,17,-23,12,-33,14,-44,9,-40,11,-41,14,-48,11,-49,9,-53,8,-55,9,-56,6,-58,12,-61,10,-63,7,-67,11,-63,14,-67,16,-67,21,-66,20,-62,18,-63,19,-70,28,-66,23,-65,20,-57,25,-53,27,-56,26,-52,27,-49,25,-48,27,-42,35,-38,37,-36,38,-26,0,0,0,0,0,0,0,0,0,0,0,0,0,0,0,0,0,0,0,0,0,0,21,-72,28,-70,27,-63,35,-65,39,-61,43,-60,42,-54,42,-53,43,-56,45,-49,44,-48,42,-47,42,-46,40,-41,37,-37,32,-38,32,-38,31,-31,26,-31,22,-30,20,-34,15,-30,16,-30,12,-24,5,-22,5,-24,0,-23,-2,-25,-4,-24,-13,-16,-18,-14,-15,-19,-17,-16,-19,-11,-24,-9,-28,-9,-28,-9,-32,-3,-31,0,-33,7,-39,6,-40,7,-46,14,-40,17,-47,19,-40,21,-47,21,-49,27,-50,29,-52,33,-58,37,-60,40,-62,41,-56,40,-65,45,-66,42,-64,46,0,0]"
CSI_DATA,335,1a:00:00:00:00:00,-46,11,1,0,1,1,1,0,0,0,1,-96,0,11,2,4764697,0,44,0,384,0,"[0,0,0,0,0,0,0,0,0,0,0,0,-11,-6,-10,-4,-10,-4,-10,-4,-9,-3,-8,-3,-8,-1,-7,-1,-7,-1,-6,0,-6,-1,-6,1,-5,1,-5,2,-4,2,-4,3,-3,4,-3,4,-2,5,-2,5,-2,5,-1,6,-1,6,0,7,0,8,1,8,0,0,1,9,1,10,1,11,3,11,2,11,2,11,2,12,1,11,1,12,1,12,0,12,-1,12,0,12,0,12,-1,11,-1,11,-2,11,-2,10,-2,10,-2,9,-3,9,-4,9,-4,8,-4,8,-5,7,-5,6,0,0,0,0,0,0,0,0,0,0,0,0,0,0,-64,-37,-58,-42,-62,-31,-56,-29,-55,-33,-50,-29,-51,-24,-48,-18,-44,-18,-40,-12,-40,-7,-39,-6,-38,-4,-38,2,-32,1,-28,6,-26,12,-22,12,-20,16,-19,18,-16,24,-14,22,-10,25,-6,30,-6,31,-4,34,0,40,-2,39,4,43,6,47,8,48,6,52,10,56,10,58,14,62,12,61,11,60,8,64,11,68,11,64,6,68,5,67,6,68,2,68,-3,62,-1,68,-3,63,-6,65,-8,60,-10,63,-10,56,-9,56,-12,51,-15,50,-26,47,-27,43,-30,36,0,0,0,0,0,0,0,0,0,0,0,0,0,0,0,0,0,0,0,0,0,0,22,66,12,68,13,76,4,69,0,72,-2,68,-2,69,-5,70,-5,70,-9,71,-12,64,-14,61,-6,61,-8,59,-12,50,-12,53,-7,54,-11,47,-6,44,-3,39,-4,37,3,37,3,30,4,29,4,26,9,23,10,22,14,17,18,19,21,11,14,10,22,9,20,5,26,0,30,-5,30,-6,30,-9,29,-11,32,-16,32,-23,35,-19,31,-30,34,-32,35,-39,28,-37,35,-40,32,-47,31,-51,27,-57,34,-60,34,-60,33,-65,37,-65,37,-67,39,-72,36,-71,42,-74,0,0]"
CSI_DATA,336,1a:00:00:00:00:00,-46,11,1,0,1,1,1,0,0,0,1,-96,0,11,2,4773670,0,44,0,384,0,"[0,0,0,0,0,0,0,0,0,0,0,0,-1,11,-1,11,0,10,0,10,1,8,0,8,1,7,2,6,2,6,3,4,3,4,3,3,4,3,4,2,4,1,5,0,4,0,5,-1,5,-1,6,-2,5,-3,5,-4,5,-4,6,-5,6,-6,7,-6,0,0,7,-8,7,-8,8,-9,8,-9,8,-8,9,-9,8,-9,9,-9,9,-10,9,-8,10,-9,10,-8,10,-8,10,-8,10,-7,10,-7,10,-6,10,-6,9,-6,9,-5,10,-4,9,-4,9,-3,9,-3,9,-1,8,-1,0,0,0,0,0,0,0,0,0,0,0,0,0,0,-10,70,-11,69,-4,67,-3,62,-4,61,-1,54,1,54,3,49,3,44,6,45,8,36,8,35,14,34,11,28,15,24,21,16,20,18,16,15,21,9,27,6,26,3,23,3,25,-7,28,-10,31,-11,30,-16,29,-22,32,-26,34,-25,37,-30,39,-32,39,-39,42,-30,40,-40,42,-44,49,-41,48,-46,45,-48,51,-41,52,-39,52,-39,54,-43,57,-39,51,-39,52,-34,57,-39,55,-32,53,-33,55,-29,51,-27,52,-25,54,-21,47,-17,50,-9,48,-10,48,-6,45,1,0,0,0,0,0,0,0,0,0,0,0,0,0,0,0,0,0,0,0,0,0,0,61,-37,64,-28,65,-25,66,-23,63,-18,66,-16,66,-15,65,-9,66,-11,64,-11,61,-9,60,-8,60,-11,55,-7,53,-4,44,-8,50,-10,44,-3,42,-6,33,-7,31,-9,35,-10,24,-10,20,-14,20,-13,18,-19,15,-18,13,-21,11,-22,4,-23,1,-20,-1,-27,-5,-24,-8,-27,-9,-25,-14,-25,-18,-24,-20,-25,-27,-24,-29,-19,-31,-25,-37,-22,-40,-20,-44,-16,-49,-15,-47,-9,-51,-15,-59,-8,-57,-8,-67,-9,-66,-9,-73,-8,-76,-9,-74,-8,-78,-7,-81,-8,-81,-7,0,0]"
CSI_DATA,337,1a:00:00:00:00:00,-46,11,1,0,1,1,1,0,0,0,1,-96,0,11,2,4793029,0,44,0,384,0,"[0,0,0,0,0,0,0,0,0,0,0,0,7,-10,7,-10,5,-8,5,-8,4,-7,4,-7,3,-8,2,-7,2,-7,0,-6,0,-6,-1,-6,-1,-6,-2,-5,-2,-4,-3,-4,-3,-4,-5,-4,-5,-3,-5,-2,-6,-2,-6,-2,-7,-2,-8,-1,-9,-1,-9,0,0,0,-10,0,-11,-1,-12,-1,-12,0,-12,-1,-12,-1,-12,-1,-12,-1,-13,-1,-13,-1,-13,-1,-13,-2,-13,-3,-12,-2,-12,-3,-12,-4,-11,-3,-11,-4,-11,-4,-10,-4,-10,-5,-9,-5,-8,-5,-8,-6,-7,-6,-6,-7,0,0,0,0,0,0,0,0,0,0,0,0,0,0,58,-51,56,-48,51,-48,43,-45,39,-51,39,-44,36,-45,29,-42,28,-42,22,-37,18,-36,14,-35,10,-35,9,-31,5,-30,1,-30,-6,-31,-7,-30,-7,-31,-11,-21,-18,-21,-22,-18,-22,-14,-25,-14,-28,-9,-37,-12,-36,-7,-40,0,-44,-3,-48,1,-48,4,-54,5,-58,3,-60,2,-62,1,-62,-3,-69,2,-65,-1,-66,-3,-69,2,-65,-2,-65,-8,-69,-7,-68,-5,-66,-11,-64,-9,-60,-13,-66,-14,-55,-14,-57,-13,-57,-17,-49,-19,-51,-22,-43,-26,-46,-23,-41,-28,-35,-31,0,0,0,0,0,0,0,0,0,0,0,0,0,0,0,0,0,0,0,0,0,0,-71,-6,-68,-16,-70,-20,-68,-21,-67,-25,-64,-25,-63,-31,-59,-27,-57,-30,-60,-31,-57,-27,-51,-27,-53,-25,-50,-29,-47,-32,-42,-26,-39,-23,-40,-21,-36,-14,-37,-15,-39,-15,-33,-12,-32,-5,-29,-1,-29,-2,-25,10,-22,8,-22,9,-20,10,-15,16,-14,18,-14,23,-12,22,-11,25,-8,24,-6,30,-3,29,3,32,5,33,6,40,12,37,18,38,16,39,22,41,26,42,32,32,35,43,39,44,42,46,49,50,50,51,60,48,57,59,52,52,58,57,55,56,57,55,0,0]"
CSI_DATA,338,1a:00:00:00:00:00,-46,11,1,0,1,1,1,0,0,0,1,-96,0,11,2,4814065,0,44,0,384,0,"[0,0,0,0,0,0,0,0,0,0,0,0,9,-7,8,-7,7,-7,7,-7,6,-6,5,-6,5,-6,4,-6,3,-6,2,-5,2,-6,1,-6,0,-5,0,-5,-1,-5,-2,-5,-3,-5,-3,-5,-4,-4,-4,-4,-5,-4,-6,-3,-7,-3,-7,-3,-8,-3,-8,-3,0,0,-10,-3,-10,-3,-11,-4,-11,-3,-11,-4,-11,-4,-12,-4,-11,-4,-12,-4,-12,-5,-12,-5,-11,-6,-11,-6,-11,-6,-10,-6,-11,-6,-10,-6,-9,-6,-9,-7,-9,-6,-8,-7,-7,-7,-7,-7,-6,-8,-5,-8,-4,-8,0,0,0,0,0,0,0,0,0,0,0,0,0,0,73,-29,67,-34,64,-31,58,-28,54,-31,52,-31,50,-30,47,-34,40,-30,34,-30,28,-28,28,-28,24,-28,16,-29,11,-28,9,-26,6,-28,4,-27,2,-27,-5,-22,-11,-26,-14,-18,-18,-22,-20,-20,-23,-22,-30,-23,-31,-19,-37,-18,-38,-14,-46,-19,-44,-13,-51,-18,-51,-16,-53,-16,-55,-17,-58,-16,-61,-18,-66,-21,-61,-24,-65,-20,-66,-21,-63,-31,-61,-31,-63,-31,-61,-27,-58,-30,-53,-30,-56,-30,-50,-32,-46,-31,-47,-33,-42,-34,-42,-38,-37,-40,-35,-40,-28,-43,-20,-42,0,0,0,0,0,0,0,0,0,0,0,0,0,0,0,0,0,0,0,0,0,0,-68,-26,-64,-29,-61,-35,-58,-40,-58,-41,-52,-42,-51,-38,-49,-40,-48,-44,-45,-43,-43,-44,-37,-40,-43,-43,-39,-42,-36,-37,-34,-34,-36,-30,-30,-25,-28,-27,-28,-25,-26,-22,-29,-16,-26,-12,-26,-11,-29,-8,-27,0,-20,2,-24,6,-24,6,-17,11,-19,13,-22,19,-16,20,-14,22,-15,23,-15,27,-10,29,-8,37,-8,31,0,39,3,40,6,41,8,42,12,46,12,45,29,51,22,53,23,53,30,55,31,61,34,61,36,64,33,66,37,64,39,74,38,71,41,74,0,0]"
CSI_DATA,339,1a:00:00:00:00:00,-46,11,1,0,1,1,1,0,0,0,1,-96,0,11,2,4844541,0,44,0,384,0,"[0,0,0,0,0,0,0,0,0,0,0,0,-4,-12,-4,-11,-5,-10,-4,-10,-4,-9,-4,-8,-5,-7,-4,-7,-4,-6,-5,-5,-4,-4,-5,-4,-5,-3,-5,-2,-5,-1,-6,-1,-5,0,-5,1,-5,2,-5,3,-5,3,-5,4,-5,4,-5,5,-5,6,-5,6,0,0,-5,8,-6,8,-5,9,-6,9,-6,9,-6,9,-7,10,-6,10,-7,10,-8,10,-8,10,-8,9,-8,9,-8,9,-9,8,-8,8,-8,9,-8,7,-8,7,-8,6,-9,5,-9,5,-9,5,-9,3,-9,2,-8,1,0,0,0,0,0,0,0,0,0,0,0,0,0,0,-29,-74,-27,-76,-32,-66,-27,-61,-33,-66,-24,-59,-26,-53,-28,-48,-29,-43,-25,-37,-33,-36,-28,-32,-28,-30,-27,-22,-24,-19,-29,-13,-32,-12,-26,-4,-19,-1,-26,3,-28,5,-26,11,-25,14,-23,21,-22,19,-23,25,-22,27,-22,31,-24,36,-22,43,-22,39,-26,45,-22,47,-20,52,-23,54,-26,53,-30,55,-26,59,-33,57,-34,60,-29,57,-36,55,-39,57,-36,55,-38,56,-42,53,-42,51,-40,51,-42,43,-41,45,-45,41,-42,38,-42,34,-46,28,-43,23,-45,20,-43,17,0,0,0,0,0,0,0,0,0,0,0,0,0,0,0,0,0,0,0,0,0,0,-23,65,-26,61,-29,64,-33,61,-39,63,-40,54,-38,53,-42,51,-40,48,-39,44,-44,46,-38,41,-38,42,-34,38,-35,32,-32,36,-28,32,-25,34,-21,26,-18,30,-16,26,-16,25,-11,25,-11,22,-2,25,-1,20,3,24,4,22,6,19,14,21,17,18,19,13,22,16,23,12,24,12,31,10,28,8,35,6,33,4,41,-1,39,-6,46,-7,45,-8,49,-16,49,-13,56,-24,53,-22,58,-23,58,-30,66,-33,66,-36,66,-36,74,-33,71,-37,73,-40,76,-40,76,-36,0,0]"
CSI_DATA,340,1a:00:00:00:00:00,-46,11,1,0,1,1,1,0,0,0,1,-96,0,11,2,4863539,0,44,0,384,0,"[0,0,0,0,0,0,0,0,0,0,0,0,-4,-13,-5,-12,-5,-11,-5,-11,-4,-10,-4,-9,-5,-8,-5,-7,-5,-7,-5,-6,-5,-5,-5,-4,-5,-3,-6,-3,-5,-2,-6,-1,-5,0,-5,0,-5,2,-5,2,-5,3,-6,4,-5,4,-6,5,-6,6,-6,6,0,0,-7,7,-7,8,-6,9,-7,9,-7,9,-7,9,-8,10,-8,10,-8,10,-9,9,-10,9,-10,9,-10,8,-10,8,-10,7,-10,7,-10,7,-9,7,-10,6,-9,5,-10,5,-10,4,-10,3,-10,3,-10,1,-9,0,0,0,0,0,0,0,0,0,0,0,0,0,0,0,-25,-78,-25,-77,-29,-70,-25,-68,-29,-69,-27,-63,-31,-58,-27,-53,-25,-45,-25,-47,-24,-44,-26,-33,-25,-31,-24,-26,-23,-21,-29,-16,-32,-13,-26,-9,-22,-3,-24,-1,-29,9,-21,7,-24,11,-23,16,-24,14,-22,25,-23,26,-24,30,-24,33,-24,38,-23,41,-29,48,-26,46,-21,49,-23,50,-31,54,-29,56,-34,58,-34,55,-34,58,-36,55,-38,55,-42,52,-37,54,-41,49,-43,51,-44,45,-42,51,-42,40,-42,42,-49,39,-49,38,-48,30,-47,25,-46,24,-48,17,-47,12,0,0,0,0,0,0,0,0,0,0,0,0,0,0,0,0,0,0,0,0,0,0,-26,65,-32,60,-38,58,-38,56,-41,55,-46,53,-42,45,-42,46,-48,45,-48,41,-46,40,-38,38,-42,38,-35,35,-34,31,-31,31,-32,32,-30,30,-25,25,-23,25,-20,27,-20,24,-17,23,-7,26,-5,25,-3,23,2,18,3,21,6,21,14,20,14,20,19,17,20,18,22,17,28,16,30,12,28,12,34,10,36,2,44,3,39,-3,42,-5,44,-6,51,-10,52,-10,51,-21,55,-17,58,-25,61,-27,68,-31,69,-26,73,-34,74,-33,76,-35,79,-38,76,-35,81,-37,0,0]"
CSI_DATA,341,1a:00:00:00:00:00,-46,11,1,0,1,1,1,0,0,0,1,-96,0,11,2,4873771,0,44,0,384,0,"[0,0,0,0,0,0,0,0,0,0,0,0,11,-4,11,-5,9,-5,9,-4,9,-4,7,-5,7,-5,6,-5,6,-5,4,-5,4,-5,3,-5,2,-5,2,-5,1,-5,0,-6,-1,-5,-1,-5,-2,-4,-3,-5,-3,-5,-4,-5,-5,-5,-6,-5,-6,-6,-7,-5,0,0,-9,-6,-9,-6,-9,-6,-10,-6,-10,-6,-10,-7,-10,-7,-10,-7,-10,-8,-10,-8,-10,-8,-9,-9,-9,-9,-9,-9,-9,-9,-8,-9,-8,-9,-8,-9,-7,-9,-7,-9,-6,-9,-5,-9,-4,-9,-3,-9,-3,-9,-2,-9,0,0,0,0,0,0,0,0,0,0,0,0,0,0,76,-14,78,-11,70,-18,67,-12,69,-17,59,-13,59,-16,55,-17,49,-17,42,-15,42,-19,37,-20,31,-20,31,-19,25,-19,18,-26,16,-27,14,-23,8,-26,4,-24,0,-27,-6,-30,-8,-22,-11,-26,-15,-25,-17,-31,-22,-23,-31,-28,-32,-31,-35,-30,-39,-24,-40,-29,-43,-35,-45,-33,-46,-35,-49,-38,-47,-34,-52,-38,-49,-42,-48,-38,-47,-39,-52,-43,-53,-45,-50,-48,-45,-46,-42,-50,-38,-44,-41,-49,-37,-48,-32,-50,-33,-44,-30,-48,-25,-47,-23,-52,-19,-50,-12,-47,-8,-42,0,0,0,0,0,0,0,0,0,0,0,0,0,0,0,0,0,0,0,0,0,0,-57,-39,-51,-41,-55,-47,-48,-50,-46,-55,-39,-52,-38,-47,-32,-53,-36,-50,-36,-50,-28,-49,-29,-47,-30,-45,-31,-45,-21,-43,-21,-37,-21,-31,-22,-36,-23,-31,-22,-30,-18,-22,-24,-21,-20,-15,-22,-15,-22,-8,-22,-5,-21,-3,-23,5,-19,3,-22,6,-17,11,-20,14,-21,16,-21,21,-22,25,-17,28,-16,26,-14,30,-12,38,-7,42,-12,38,-1,42,0,45,-1,50,4,49,2,57,6,55,12,60,16,61,10,69,17,69,20,72,14,75,18,74,23,83,23,80,19,83,0,0]"
CSI_DATA,342,1a:00:00:00:00:00,-46,11,1,0,1,1,1,0,0,0,1,-96,0,11,2,4883483,0,44,0,384,0,"[0,0,0,0,0,0,0,0,0,0,0,0,11,-7,9,-7,9,-7,9,-6,8,-7,7,-6,6,-6,5,-6,4,-6,3,-6,3,-6,2,-6,1,-6,1,-6,0,-5,-1,-6,-1,-5,-2,-5,-3,-5,-4,-4,-5,-5,-6,-4,-6,-4,-7,-5,-8,-4,-8,-4,0,0,-9,-4,-10,-5,-10,-4,-11,-5,-10,-5,-11,-5,-11,-5,-12,-5,-12,-6,-12,-6,-12,-7,-11,-7,-10,-7,-10,-7,-10,-8,-10,-8,-10,-9,-9,-7,-9,-8,-9,-8,-7,-8,-7,-8,-6,-9,-5,-9,-4,-9,-3,-8,0,0,0,0,0,0,0,0,0,0,0,0,0,0,68,-51,64,-44,60,-51,53,-43,56,-45,52,-42,44,-37,46,-39,37,-33,36,-36,24,-36,25,-36,22,-35,18,-29,14,-31,6,-31,5,-30,3,-31,-2,-23,-10,-24,-10,-27,-15,-22,-21,-24,-21,-21,-25,-21,-25,-17,-32,-16,-39,-15,-42,-16,-46,-11,-47,-14,-53,-12,-52,-15,-58,-12,-56,-10,-63,-14,-63,-15,-66,-13,-64,-18,-68,-20,-64,-20,-64,-21,-65,-21,-67,-28,-64,-29,-60,-25,-56,-30,-56,-32,-56,-30,-49,-30,-48,-29,-49,-32,-48,-38,-39,-37,-34,-38,-30,-40,-22,-40,0,0,0,0,0,0,0,0,0,0,0,0,0,0,0,0,0,0,0,0,0,0,-68,-8,-69,-16,-66,-18,-70,-21,-64,-26,-59,-28,-58,-26,-54,-30,-58,-29,-51,-30,-50,-31,-48,-24,-49,-31,-46,-29,-44,-29,-38,-24,-42,-20,-32,-20,-31,-17,-33,-16,-27,-12,-29,-8,-24,-6,-28,-2,-22,-1,-22,7,-18,5,-22,10,-14,11,-15,17,-15,17,-13,23,-11,26,-6,27,-4,24,0,32,-1,28,3,35,7,37,11,37,14,36,18,41,20,44,19,45,28,43,38,50,36,47,40,51,39,53,43,55,49,57,51,59,55,63,52,60,56,67,55,65,55,72,0,0]"
CSI_DATA,343,1a:00:00:00:00:00,-46,11,1,0,1,1,1,0,0,0,1,-96,0,11,2,4903099,0,44,0,384,0,"[0,0,0,0,0,0,0,0,0,0,0,0,-9,-11,-9,-10,-9,-9,-8,-9,-8,-8,-7,-7,-7,-6,-6,-5,-7,-5,-6,-3,-6,-3,-6,-2,-6,-1,-6,-1,-6,-1,-5,1,-5,1,-4,2,-4,3,-4,3,-4,4,-4,5,-4,5,-4,6,-4,7,-3,7,0,0,-3,8,-3,9,-4,9,-4,10,-4,10,-4,10,-4,11,-4,10,-5,11,-5,10,-5,11,-6,10,-6,10,-6,10,-7,9,-7,9,-7,9,-7,8,-7,8,-7,7,-8,6,-8,6,-8,6,-8,5,-8,3,-8,2,0,0,0,0,0,0,0,0,0,0,0,0,0,0,-46,-70,-41,-66,-47,-65,-42,-60,-42,-56,-37,-54,-35,-48,-36,-43,-37,-40,-29,-37,-31,-28,-30,-24,-35,-27,-31,-17,-30,-16,-29,-12,-30,-8,-28,-3,-24,0,-25,-2,-28,6,-28,8,-23,17,-24,18,-19,20,-21,28,-20,26,-22,34,-23,37,-16,43,-20,46,-20,49,-22,48,-20,53,-19,52,-20,56,-21,57,-18,59,-25,61,-24,62,-26,58,-31,59,-30,57,-35,59,-32,52,-35,55,-39,52,-37,48,-37,47,-38,47,-36,43,-38,42,-37,38,-40,30,-44,22,-44,19,-43,17,0,0,0,0,0,0,0,0,0,0,0,0,0,0,0,0,0,0,0,0,0,0,-3,65,-10,68,-13,63,-20,62,-24,61,-24,58,-24,58,-22,58,-24,55,-26,52,-31,48,-27,44,-26,45,-26,41,-21,37,-23,35,-14,39,-18,34,-13,29,-12,30,-4,26,-7,28,-3,26,-1,23,3,23,5,15,4,16,8,19,13,13,17,12,18,15,25,12,23,7,30,7,31,4,30,0,30,-1,34,-3,34,-10,40,-10,38,-14,40,-15,44,-23,42,-26,41,-26,42,-34,48,-39,45,-40,48,-44,54,-48,56,-40,62,-48,66,-53,59,-46,71,-51,65,-54,66,-53,0,0]"
CSI_DATA,344,1a:00:00:00:00:00,-46,11,1,0,1,1,1,0,0,0,1,-96,0,11,2,4913047,0,44,0,384,0,"[0,0,0,0,0,0,0,0,0,0,0,0,-8,-10,-8,-9,-9,-9,-8,-9,-8,-8,-7,-7,-7,-6,-7,-5,-6,-5,-7,-4,-6,-3,-6,-2,-6,-2,-5,-1,-5,0,-5,1,-5,1,-5,1,-4,2,-4,3,-4,4,-4,4,-4,4,-4,6,-4,6,-3,7,0,0,-3,8,-4,9,-3,9,-3,10,-3,9,-4,10,-4,10,-4,10,-5,10,-5,10,-6,11,-6,10,-5,10,-6,10,-7,10,-6,9,-6,9,-6,9,-7,8,-7,8,-8,7,-7,6,-8,6,-7,5,-8,4,-8,2,0,0,0,0,0,0,0,0,0,0,0,0,0,0,-53,-65,-47,-61,-49,-59,-43,-57,-45,-53,-40,-53,-44,-42,-45,-46,-36,-37,-39,-34,-34,-28,-34,-23,-35,-20,-31,-17,-32,-16,-33,-11,-31,-5,-30,-3,-29,2,-27,3,-26,10,-27,9,-20,19,-18,20,-18,21,-20,28,-13,28,-21,31,-17,37,-13,43,-17,42,-13,48,-13,46,-13,52,-12,53,-18,59,-14,58,-15,57,-18,58,-22,66,-19,57,-27,62,-28,60,-27,60,-25,56,-28,58,-32,57,-32,55,-33,50,-34,46,-37,47,-39,44,-35,40,-38,33,-42,30,-46,27,-44,23,0,0,0,0,0,0,0,0,0,0,0,0,0,0,0,0,0,0,0,0,0,0,2,68,-7,69,-10,63,-14,70,-18,57,-22,60,-19,60,-25,57,-21,58,-22,48,-26,51,-24,48,-23,48,-23,43,-21,38,-21,33,-18,37,-17,33,-13,30,-8,29,-7,22,-3,26,-4,25,2,18,3,21,5,19,6,21,12,18,14,14,18,11,17,10,26,9,27,6,26,-1,28,1,35,2,28,-3,32,-3,38,-8,37,-13,40,-16,36,-21,42,-23,41,-24,43,-29,42,-32,45,-35,48,-41,48,-46,51,-50,51,-53,54,-57,63,-58,58,-49,59,-57,64,-58,65,-57,0,0]"
CSI_DATA,345,1a:00:00:00:00:00,-46,11,1,0,1,1,1,0,0,0,1,-96,0,11,2,4923125,0,44,0,384,0,"[0,0,0,0,0,0,0,0,0,0,0,0,4,11,4,11,5,10,5,10,5,9,4,8,4,7,4,6,4,6,5,4,4,4,4,3,4,2,5,2,4,1,5,0,4,0,4,-1,4,-2,4,-3,5,-3,5,-4,4,-5,5,-5,5,-6,5,-7,0,0,5,-8,5,-9,6,-9,6,-9,6,-9,6,-10,6,-10,6,-10,7,-10,8,-9,9,-9,8,-9,9,-8,8,-8,9,-8,9,-7,9,-7,9,-7,9,-6,9,-6,9,-5,8,-5,9,-4,9,-3,8,-2,8,0,0,0,0,0,0,0,0,0,0,0,0,0,0,0,38,75,35,71,40,61,36,62,37,61,34,55,32,47,37,45,32,41,31,39,29,34,26,33,33,27,27,26,28,20,28,12,30,8,25,6,26,6,26,1,28,-6,25,-11,23,-10,25,-18,21,-20,25,-23,22,-27,22,-35,23,-32,24,-37,23,-38,26,-42,22,-47,24,-46,22,-50,27,-55,24,-53,28,-56,31,-58,28,-56,30,-57,35,-58,36,-50,37,-54,38,-53,40,-55,44,-51,42,-46,38,-47,42,-45,41,-43,40,-35,44,-32,43,-25,45,-23,42,-19,44,-13,0,0,0,0,0,0,0,0,0,0,0,0,0,0,0,0,0,0,0,0,0,0,9,-68,16,-63,19,-64,23,-60,27,-59,29,-60,28,-56,33,-51,31,-54,29,-47,33,-48,28,-42,28,-45,29,-37,27,-34,22,-40,23,-39,23,-29,18,-30,14,-31,11,-27,5,-24,2,-26,2,-23,-4,-22,-8,-24,-6,-18,-10,-23,-13,-15,-15,-16,-17,-12,-19,-11,-21,-14,-28,-8,-30,-6,-32,-8,-35,-3,-34,2,-34,7,-37,10,-41,11,-41,11,-49,19,-47,18,-43,23,-46,27,-49,29,-55,37,-54,36,-60,37,-59,40,-63,43,-69,41,-70,45,-71,49,-68,52,-74,46,0,0]"
CSI_DATA,346,1a:00:00:00:00:00,-46,11,1,0,1,1,1,0,0,0,1,-96,0,11,2,4933064,0,44,0,384,0,"[0,0,0,0,0,0,0,0,0,0,0,0,7,10,7,9,7,8,6,8,6,7,6,6,6,5,5,5,5,4,5,3,5,3,5,2,5,1,5,1,5,0,5,-1,4,-2,4,-2,4,-3,4,-3,4,-4,4,-5,4,-5,4,-6,4,-7,4,-7,0,0,4,-9,4,-9,5,-9,4,-10,4,-10,5,-10,5,-11,5,-10,5,-11,6,-10,6,-10,6,-10,6,-9,7,-10,7,-9,7,-9,7,-8,7,-8,7,-8,7,-7,8,-6,7,-6,7,-5,8,-4,8,-3,7,-2,0,0,0,0,0,0,0,0,0,0,0,0,0,0,34,75,36,76,35,67,30,65,28,68,33,58,34,53,29,49,31,47,33,42,30,38,27,35,28,32,31,30,26,25,30,17,30,12,29,6,24,9,28,5,31,-1,30,-4,26,-12,23,-11,25,-20,31,-23,28,-18,25,-32,28,-31,28,-36,30,-35,28,-42,27,-39,31,-46,32,-46,36,-49,32,-49,34,-48,42,-50,46,-51,46,-52,43,-55,43,-45,46,-51,42,-47,49,-50,47,-45,50,-42,48,-35,51,-30,53,-31,52,-29,49,-28,48,-21,50,-16,50,-9,47,-2,0,0,0,0,0,0,0,0,0,0,0,0,0,0,0,0,0,0,0,0,0,0,8,-68,12,-65,20,-61,25,-62,23,-60,29,-57,28,-55,32,-48,33,-56,36,-47,33,-43,30,-44,27,-45,24,-42,28,-32,29,-31,20,-32,24,-31,19,-31,16,-30,11,-28,10,-29,8,-25,4,-24,2,-23,-8,-23,-4,-18,-8,-16,-12,-18,-17,-15,-15,-14,-25,-10,-24,-11,-23,-11,-29,-7,-31,-5,-33,-1,-40,-2,-36,2,-40,8,-44,6,-42,11,-45,15,-47,19,-50,15,-48,20,-53,27,-58,34,-63,30,-65,36,-64,37,-70,43,-72,43,-69,37,-80,45,-77,40,-74,39,0,0]"
CSI_DATA,347,1a:00:00:00:00:00,-46,11,1,0,1,1,1,0,0,0,1,-96,0,11,2,4943102,0,44,0,384,0,"[0,0,0,0,0,0,0,0,0,0,0,0,-13,-6,-12,-5,-12,-5,-11,-5,-11,-5,-10,-4,-9,-3,-9,-2,-8,-2,-8,-2,-7,-1,-7,0,-7,0,-6,1,-6,2,-6,2,-5,3,-4,3,-4,4,-3,4,-3,4,-3,5,-2,6,-2,6,-2,7,-1,8,0,0,-1,9,-1,9,-1,10,-1,10,-1,10,-1,11,-1,12,-1,11,-2,11,-2,11,-3,12,-3,11,-4,11,-4,11,-4,11,-4,10,-5,10,-5,10,-5,9,-4,9,-6,8,-7,8,-6,7,-7,6,-7,5,-7,4,0,0,0,0,0,0,0,0,0,0,0,0,0,0,-72,-46,-69,-46,-69,-36,-59,-40,-65,-37,-54,-32,-61,-30,-57,-29,-49,-21,-50,-23,-44,-16,-42,-13,-43,-10,-39,-9,-36,-5,-36,3,-36,2,-33,9,-30,9,-27,12,-26,17,-22,18,-21,21,-16,20,-14,25,-17,27,-12,35,-7,37,-9,39,-6,45,-4,46,-7,46,-3,51,-7,53,-2,55,-6,61,-5,60,-3,62,-10,63,-14,64,-14,61,-19,67,-16,64,-16,61,-17,62,-25,62,-24,58,-22,59,-27,51,-25,51,-29,50,-29,45,-29,45,-31,37,-33,37,-36,31,-37,24,0,0,0,0,0,0,0,0,0,0,0,0,0,0,0,0,0,0,0,0,0,0,36,54,21,60,24,59,19,61,17,58,9,60,8,58,6,59,5,63,5,57,0,58,1,47,5,52,1,47,0,41,-2,43,5,41,-3,34,7,31,4,30,8,28,9,26,7,25,8,18,16,15,13,11,15,12,18,4,19,7,23,1,20,2,27,-3,23,-7,24,-9,26,-11,26,-13,24,-15,30,-25,28,-26,31,-31,28,-32,30,-33,29,-36,30,-44,27,-45,25,-48,28,-57,27,-55,26,-62,28,-63,32,-68,31,-72,35,-73,39,-78,41,-74,37,-77,35,-81,0,0]"
CSI_DATA,348,1a:00:00:00:00:00,-46,11,1,0,1,1,1,0,0,0,1,-96,0,11,2,4953547,0,44,0,384,0,"[0,0,0,0,0,0,0,0,0,0,0,0,-1,-13,-1,-13,-2,-11,-1,-12,-2,-11,-1,-10,-2,-9,-2,-8,-2,-8,-3,-7,-3,-7,-4,-6,-5,-5,-5,-4,-5,-4,-5,-3,-5,-3,-5,-2,-5,-1,-6,-1,-6,0,-7,0,-7,1,-7,2,-8,2,-8,3,0,0,-9,4,-9,3,-10,5,-9,4,-10,4,-10,5,-10,5,-11,5,-12,4,-11,4,-12,4,-12,3,-11,3,-12,3,-12,1,-12,2,-11,2,-11,1,-11,1,-11,0,-11,-1,-10,-1,-10,-1,-9,-2,-9,-3,-8,-3,0,0,0,0,0,0,0,0,0,0,0,0,0,0,26,-77,27,-75,22,-74,17,-74,15,-69,17,-64,13,-62,10,-62,7,-55,11,-53,5,-48,1,-48,1,-43,-2,-39,-3,-38,-10,-36,-14,-29,-11,-28,-15,-22,-20,-22,-20,-18,-23,-18,-25,-13,-25,-8,-31,-9,-33,-4,-36,-5,-41,6,-41,3,-46,11,-46,9,-53,10,-50,9,-53,13,-58,16,-61,9,-64,12,-62,11,-65,11,-66,10,-65,10,-68,9,-67,4,-66,3,-63,3,-69,5,-63,-2,-62,-1,-57,-2,-59,-6,-57,-5,-56,-11,-54,-16,-49,-17,-45,-20,-46,-25,-40,-26,0,0,0,0,0,0,0,0,0,0,0,0,0,0,0,0,0,0,0,0,0,0,-52,37,-57,29,-57,24,-65,22,-60,15,-61,17,-55,12,-59,15,-61,14,-57,5,-55,3,-50,5,-48,5,-48,-1,-46,-1,-40,8,-37,5,-33,7,-28,6,-29,11,-27,10,-27,12,-16,9,-17,11,-10,13,-6,16,-7,21,-7,21,-5,19,1,21,3,18,9,24,8,21,13,23,16,27,20,29,18,26,26,26,25,24,32,23,35,22,37,23,44,21,44,18,48,13,64,19,55,20,59,13,65,13,71,18,74,22,79,16,79,19,79,23,83,21,78,23,82,21,0,0]"
CSI_DATA,349,1a:00:00:00:00:00,-46,11,1,0,1,1,1,0,0,0,1,-96,0,11,2,4963035,0,44,0,384,0,"[0,0,0,0,0,0,0,0,0,0,0,0,-1,-14,-2,-13,-3,-12,-2,-12,-2,-11,-2,-10,-3,-9,-3,-9,-3,-8,-4,-7,-3,-7,-4,-6,-4,-5,-4,-5,-5,-4,-5,-3,-5,-3,-5,-2,-6,-1,-6,-1,-6,0,-6,0,-6,1,-7,2,-8,2,-8,2,0,0,-9,3,-9,4,-10,4,-9,4,-10,4,-11,5,-11,5,-11,4,-11,4,-12,3,-12,3,-11,3,-12,2,-12,3,-11,1,-12,1,-11,1,-12,1,-11,0,-11,0,-11,-1,-10,-1,-10,-2,-9,-3,-9,-4,-8,-4,0,0,0,0,0,0,0,0,0,0,0,0,0,0,-6,-82,0,-82,-2,-81,-2,-78,-2,-72,-2,-74,-2,-58,-6,-64,-10,-54,-7,-50,-10,-53,-15,-40,-15,-39,-19,-39,-16,-35,-19,-35,-20,-31,-21,-24,-25,-23,-27,-19,-29,-16,-31,-10,-26,-4,-34,-1,-27,-1,-29,6,-35,6,-42,11,-41,10,-45,22,-44,24,-50,26,-44,18,-49,26,-48,29,-61,24,-57,29,-58,33,-61,29,-63,23,-64,27,-64,25,-60,21,-65,20,-63,19,-65,11,-66,11,-66,11,-65,14,-60,8,-60,6,-58,2,-59,-1,-54,-4,-50,-17,-49,-17,-41,-19,0,0,0,0,0,0,0,0,0,0,0,0,0,0,0,0,0,0,0,0,0,0,-28,62,-36,52,-37,46,-42,50,-49,49,-46,43,-42,42,-45,37,-44,37,-43,34,-47,28,-43,27,-42,30,-39,26,-35,20,-33,25,-29,25,-29,20,-25,14,-23,23,-19,18,-16,19,-10,20,-7,20,-5,16,2,19,0,20,3,22,6,18,15,20,11,20,22,16,18,21,20,14,25,17,30,16,31,12,38,8,36,13,37,6,43,8,46,7,49,2,54,-4,50,-4,63,-5,61,-6,64,-10,67,-17,70,-18,76,-11,86,-12,81,-12,81,-11,83,-9,85,-12,86,-10,0,0]"
CSI_DATA,350,1a:00:00:00:00:00,-46,11,1,0,1,1,1,0,0,0,1,-96,0,11,2,4973028,0,44,0,384,0,"[0,0,0,0,0,0,0,0,0,0,0,0,11,-7,10,-7,9,-7,9,-7,8,-6,7,-6,6,-7,6,-6,5,-6,4,-6,4,-6,2,-6,2,-6,1,-6,1,-6,0,-6,-1,-6,-1,-6,-2,-5,-2,-6,-3,-5,-4,-6,-5,-6,-6,-6,-6,-6,-6,-6,0,0,-8,-6,-8,-7,-8,-7,-9,-7,-9,-7,-9,-7,-10,-7,-9,-7,-10,-8,-9,-8,-9,-9,-8,-9,-8,-9,-8,-9,-8,-9,-8,-9,-7,-10,-7,-9,-7,-9,-6,-9,-5,-9,-5,-10,-4,-10,-2,-9,-2,-9,-1,-9,0,0,0,0,0,0,0,0,0,0,0,0,0,0,66,-50,69,-43,66,-51,58,-43,58,-45,52,-38,50,-45,48,-40,43,-35,39,-34,28,-35,28,-35,26,-36,27,-35,18,-31,11,-34,11,-32,10,-33,5,-33,0,-28,-5,-31,-7,-27,-16,-29,-15,-26,-17,-24,-24,-26,-28,-21,-31,-27,-37,-22,-39,-28,-40,-20,-46,-20,-44,-25,-50,-19,-53,-24,-56,-28,-58,-25,-59,-25,-54,-31,-59,-30,-59,-34,-55,-34,-53,-41,-59,-39,-49,-41,-53,-44,-47,-42,-52,-43,-44,-36,-44,-38,-38,-41,-36,-43,-36,-46,-29,-44,-22,-51,-21,-42,-14,-47,0,0,0,0,0,0,0,0,0,0,0,0,0,0,0,0,0,0,0,0,0,0,-64,-7,-60,-15,-64,-17,-64,-15,-58,-26,-54,-25,-48,-23,-52,-27,-49,-24,-43,-25,-43,-34,-39,-23,-44,-24,-36,-31,-35,-22,-32,-25,-33,-19,-27,-16,-28,-13,-25,-12,-24,-8,-24,-5,-24,-3,-19,2,-18,5,-17,7,-19,10,-16,13,-15,16,-13,18,-11,18,-9,22,-5,21,-4,27,-5,29,-1,29,2,33,4,30,6,35,7,42,12,39,20,38,16,41,25,46,28,47,35,41,33,46,45,50,38,52,43,51,51,60,56,60,52,60,52,62,55,70,50,68,55,69,0,0]"
CSI_DATA,351,1a:00:00:00:00:00,-46,11,1,0,1,1,1,0,0,0,1,-96,0,11,2,4983113,0,44,0,384,0,"[0,0,0,0,0,0,0,0,0,0,0,0,-15,-1,-14,0,-13,1,-12,0,-11,0,-10,0,-10,1,-10,2,-9,2,-8,2,-7,3,-7,3,-6,3,-5,3,-5,4,-4,5,-3,4,-3,5,-2,5,-1,6,-1,6,0,6,1,6,1,7,2,8,2,7,0,0,4,8,3,9,4,9,4,10,4,10,4,11,4,11,4,11,4,11,4,11,4,12,2,12,3,11,2,12,2,11,1,11,1,12,1,11,0,11,0,10,-1,10,-1,10,-2,10,-3,9,-4,8,-4,7,0,0,0,0,0,0,0,0,0,0,0,0,0,0,-81,-22,-78,-24,-83,-15,-71,-13,-73,-12,-64,-17,-66,-11,-62,-7,-58,-7,-53,-2,-48,-4,-44,1,-42,1,-45,10,-37,5,-34,11,-34,15,-30,17,-25,21,-21,22,-20,27,-16,24,-12,28,-13,30,-9,33,-7,36,-1,39,6,42,2,38,9,41,9,44,9,49,12,50,12,52,17,56,12,59,15,67,17,63,7,63,13,65,7,61,1,64,4,67,2,73,2,63,-5,68,-3,62,-7,62,-3,59,-7,57,-11,55,-9,58,-14,55,-18,50,-22,49,-24,42,-31,38,0,0,0,0,0,0,0,0,0,0,0,0,0,0,0,0,0,0,0,0,0,0,42,47,38,48,37,53,30,51,27,52,25,50,22,50,20,51,19,52,19,50,14,45,7,49,13,48,10,41,9,38,5,34,8,34,11,31,9,23,13,22,12,18,15,16,14,10,12,11,14,7,18,7,18,6,17,-2,19,-3,22,-6,20,-7,25,-12,22,-15,21,-18,24,-22,20,-21,20,-31,18,-30,20,-31,17,-40,19,-35,18,-42,16,-47,11,-53,14,-53,4,-52,14,-57,6,-61,2,-72,8,-75,7,-78,7,-81,11,-77,11,-76,18,-87,12,-92,15,-86,0,0]"
CSI_DATA,352,1a:00:00:00:00:00,-45,11,1,0,1,1,1,0,0,0,1,-96,0,11,2,4993505,0,44,0,384,0,"[0,0,0,0,0,0,0,0,0,0,0,0,-14,3,-14,4,-12,4,-12,3,-11,3,-10,3,-10,4,-9,4,-8,4,-7,4,-6,4,-6,5,-6,4,-4,5,-4,5,-3,5,-2,6,-2,5,0,5,0,5,1,5,1,6,2,6,3,6,4,7,5,7,0,0,6,7,6,7,7,8,7,8,7,8,7,9,7,9,7,10,7,10,6,9,6,10,5,11,5,11,5,11,4,10,4,11,4,11,3,10,3,10,2,10,2,10,1,10,0,9,-1,9,-2,9,-2,8,0,0,0,0,0,0,0,0,0,0,0,0,0,0,-85,3,-85,4,-83,13,-75,11,-72,12,-64,7,-68,10,-68,15,-54,10,-50,10,-47,15,-43,16,-42,18,-37,18,-35,17,-31,25,-32,26,-22,22,-18,27,-13,28,-8,29,-12,26,0,30,1,30,2,30,9,35,13,35,15,38,15,39,25,37,21,44,29,45,25,47,32,46,35,44,33,53,33,51,37,51,33,56,34,55,34,54,31,60,28,57,29,64,24,58,22,59,20,60,22,62,18,57,13,56,13,58,14,52,7,52,0,53,-7,51,-7,46,-17,43,0,0,0,0,0,0,0,0,0,0,0,0,0,0,0,0,0,0,0,0,0,0,53,37,46,40,44,42,44,46,41,46,31,48,33,50,28,46,26,45,26,48,24,46,20,40,22,42,19,38,19,35,17,32,15,30,14,27,17,21,18,18,12,14,20,10,16,10,17,4,21,0,17,0,18,-5,18,-8,20,-9,21,-12,16,-15,18,-20,17,-21,16,-24,17,-28,14,-30,15,-30,12,-35,11,-37,8,-43,6,-43,3,-45,0,-50,-1,-52,-2,-52,-5,-58,-4,-58,-12,-66,-13,-70,-11,-72,-11,-75,-16,-81,-14,-83,-11,-82,-12,-91,-16,-93,-15,-92,0,0]"
CSI_DATA,353,1a:00:00:00:00:00,-45,11,1,0,1,1,1,0,0,0,1,-96,0,11,2,5013114,0,44,0,384,0,"[0,0,0,0,0,0,0,0,0,0,0,0,5,12,5,11,5,11,4,11,5,9,4,8,4,8,5,7,5,6,4,5,5,5,5,4,5,3,5,2,5,2,5,1,5,0,5,0,5,-1,5,-2,5,-2,5,-3,5,-4,6,-5,6,-5,6,-5,0,0,6,-7,7,-7,7,-8,7,-8,7,-8,8,-8,8,-8,8,-9,9,-8,9,-8,9,-7,9,-7,9,-7,9,-7,10,-6,10,-6,9,-5,10,-5,10,-5,9,-4,9,-4,9,-3,9,-1,9,-1,8,0,8,1,0,0,0,0,0,0,0,0,0,0,0,0,0,0,13,87,12,79,15,80,5,75,10,76,7,70,11,67,11,63,14,59,17,52,13,52,17,45,16,45,18,39,18,37,20,30,25,26,25,24,21,15,27,16,28,12,28,10,29,3,33,4,34,-2,33,-6,36,-11,38,-14,39,-19,42,-22,39,-21,49,-22,46,-24,51,-25,48,-28,55,-26,53,-25,52,-31,58,-27,61,-26,58,-29,61,-23,57,-31,64,-25,65,-16,67,-21,66,-14,62,-16,61,-12,55,-6,60,-3,56,3,58,1,52,9,51,9,47,13,42,20,0,0,0,0,0,0,0,0,0,0,0,0,0,0,0,0,0,0,0,0,0,0,20,-61,28,-55,32,-53,35,-53,35,-48,37,-44,38,-40,40,-34,41,-33,34,-31,39,-27,37,-29,31,-31,32,-27,28,-22,28,-27,25,-25,22,-22,14,-20,15,-20,11,-14,9,-17,3,-18,1,-21,-3,-19,-10,-17,-7,-20,-12,-20,-13,-15,-16,-18,-15,-15,-23,-17,-25,-14,-28,-14,-29,-11,-31,-15,-33,-13,-38,-6,-38,-3,-43,-1,-42,-1,-48,4,-52,3,-52,6,-53,4,-65,7,-64,13,-62,19,-70,17,-76,20,-73,24,-84,21,-87,19,-85,15,-84,20,-88,24,-89,15,0,0]"
CSI_DATA,354,1a:00:00:00:00:00,-45,11,1,0,1,1,1,0,0,0,1,-96,0,11,2,5023221,0,44,0,384,0,"[0,0,0,0,0,0,0,0,0,0,0,0,11,-8,10,-8,9,-8,9,-7,8,-7,8,-6,7,-7,6,-6,5,-6,4,-6,4,-7,3,-7,2,-6,2,-6,1,-6,0,-6,0,-7,-1,-6,-2,-6,-2,-6,-3,-6,-4,-6,-4,-6,-5,-6,-6,-6,-6,-6,0,0,-7,-7,-7,-7,-8,-7,-9,-7,-8,-8,-9,-8,-9,-8,-9,-8,-9,-9,-8,-9,-8,-9,-8,-10,-7,-10,-7,-10,-7,-10,-7,-10,-6,-10,-6,-10,-5,-10,-4,-10,-4,-10,-3,-9,-2,-10,-2,-9,-1,-9,0,-8,0,0,0,0,0,0,0,0,0,0,0,0,0,0,77,-34,74,-29,76,-34,64,-31,64,-33,61,-33,57,-31,59,-27,51,-27,47,-33,43,-31,34,-33,35,-29,32,-28,24,-31,24,-29,19,-34,14,-33,15,-31,7,-28,0,-35,0,-31,-7,-27,-5,-35,-12,-30,-14,-35,-17,-34,-26,-35,-24,-30,-32,-34,-27,-34,-39,-38,-32,-39,-47,-46,-43,-40,-43,-46,-42,-49,-46,-47,-45,-51,-43,-48,-45,-55,-43,-54,-37,-56,-40,-56,-33,-57,-33,-57,-29,-54,-33,-58,-28,-55,-25,-54,-22,-57,-20,-54,-11,-55,-8,-51,-5,-53,0,-51,5,-46,0,0,0,0,0,0,0,0,0,0,0,0,0,0,0,0,0,0,0,0,0,0,-63,1,-60,-9,-62,-13,-61,-21,-54,-20,-57,-22,-50,-22,-45,-24,-47,-25,-45,-26,-37,-26,-40,-27,-42,-23,-31,-21,-29,-23,-30,-17,-27,-13,-24,-13,-24,-12,-21,-5,-21,-6,-17,1,-13,1,-17,8,-14,6,-13,12,-10,17,-11,17,-17,21,-9,21,-7,22,-10,27,-6,30,-8,28,-3,36,-2,34,2,35,4,42,7,40,13,41,10,43,21,44,20,49,20,50,25,54,33,57,38,58,37,55,35,60,39,64,44,66,47,65,45,73,42,70,43,80,47,77,39,81,0,0]"
CSI_DATA,355,1a:00:00:00:00:00,-45,11,1,0,1,1,1,0,0,0,1,-96,0,11,2,5043033,0,44,0,384,0,"[0,0,0,0,0,0,0,0,0,0,0,0,-14,-5,-14,-5,-13,-4,-13,-5,-12,-4,-11,-3,-11,-2,-10,-2,-9,-1,-9,-1,-9,-1,-8,0,-8,1,-7,2,-7,2,-6,3,-5,3,-5,3,-4,4,-4,5,-4,5,-3,6,-3,6,-2,7,-2,8,-2,8,0,0,-1,9,-1,10,-1,11,-1,11,-1,11,-1,12,-1,12,-1,12,-2,12,-3,12,-3,12,-3,12,-4,11,-4,12,-5,11,-4,11,-5,10,-5,10,-5,9,-5,9,-6,8,-7,8,-6,7,-7,6,-7,5,-8,4,0,0,0,0,0,0,0,0,0,0,0,0,0,0,-42,-18,-40,-20,-39,-15,-36,-16,-37,-16,-32,-15,-31,-12,-32,-11,-29,-11,-27,-9,-27,-7,-25,-5,-25,-3,-23,-2,-19,-1,-20,2,-19,3,-17,5,-16,5,-13,6,-15,9,-12,8,-9,12,-10,13,-9,14,-8,16,-7,18,-4,19,-5,19,-5,21,-5,22,-1,25,-1,26,-1,28,-1,29,-1,30,-1,31,-3,32,-4,32,-4,32,-4,32,-6,31,-7,31,-8,32,-7,31,-8,30,-9,30,-9,30,-12,28,-12,29,-13,26,-13,26,-12,23,-13,21,-17,18,-17,17,-19,13,0,0,0,0,0,0,0,0,0,0,0,0,0,0,0,0,0,0,0,0,0,0,15,26,12,25,11,26,9,27,8,26,5,27,6,25,2,26,2,26,3,24,-3,24,-1,21,-1,20,0,19,-1,17,1,16,2,13,1,12,4,10,3,10,6,10,5,7,5,5,6,5,9,3,7,0,9,0,9,-2,11,-4,11,-4,10,-6,12,-6,15,-9,13,-9,15,-11,13,-12,14,-14,14,-15,13,-17,13,-19,13,-20,13,-23,13,-23,12,-24,12,-26,9,-32,11,-31,8,-32,10,-35,12,-38,11,-39,11,-37,15,-41,13,-41,15,-44,13,-46,17,-43,0,0]"
CSI_DATA,356,1a:00:00:00:00:00,-45,11,1,0,1,1,1,0,0,0,1,-96,0,11,2,5063064,0,44,0,384,0,"[0,0,0,0,0,0,0,0,0,0,0,0,6,12,6,11,7,10,6,10,6,9,5,8,6,7,6,7,5,6,5,5,5,4,5,4,5,3,5,2,5,2,5,1,5,0,5,0,5,-1,5,-2,5,-2,5,-4,5,-4,6,-5,6,-5,6,-6,0,0,6,-7,7,-7,7,-8,7,-8,7,-8,8,-9,8,-9,8,-9,8,-8,9,-8,9,-8,9,-7,9,-7,10,-7,10,-6,10,-6,10,-6,9,-5,9,-5,9,-4,9,-3,9,-3,8,-2,9,-1,8,0,7,1,0,0,0,0,0,0,0,0,0,0,0,0,0,0,35,81,35,83,41,74,31,72,30,73,28,65,31,60,33,63,28,55,32,51,30,43,27,43,33,34,32,34,25,34,28,25,35,26,28,19,28,15,31,7,33,6,31,5,32,-2,31,-9,31,-10,32,-15,32,-17,35,-25,36,-21,40,-27,40,-28,39,-34,39,-34,41,-39,40,-39,46,-41,47,-45,45,-43,48,-40,49,-42,55,-41,60,-37,58,-33,56,-36,59,-30,61,-30,60,-30,59,-27,56,-24,54,-21,55,-19,53,-14,55,-11,52,-4,49,0,47,4,44,10,0,0,0,0,0,0,0,0,0,0,0,0,0,0,0,0,0,0,0,0,0,0,6,-57,10,-59,10,-56,17,-54,22,-50,21,-49,21,-49,26,-46,23,-41,26,-37,27,-37,22,-36,20,-35,19,-28,14,-29,14,-27,11,-26,6,-21,5,-21,3,-19,0,-15,-3,-20,-6,-17,-11,-13,-9,-15,-14,-14,-16,-14,-20,-16,-21,-10,-25,-9,-22,-10,-29,-10,-33,-4,-38,-3,-36,-1,-41,1,-38,5,-43,3,-43,3,-47,11,-46,13,-48,18,-52,17,-53,22,-57,25,-54,33,-57,35,-65,34,-64,34,-70,40,-74,43,-75,41,-81,38,-80,40,-84,45,-83,45,-88,45,0,0]"
CSI_DATA,357,1a:00:00:00:00:00,-45,11,1,0,1,1,1,0,0,0,1,-96,0,11,2,5073512,0,44,0,384,0,"[0,0,0,0,0,0,0,0,0,0,0,0,-12,8,-11,7,-10,8,-10,7,-9,7,-9,6,-8,7,-7,6,-7,6,-5,5,-5,6,-4,6,-4,5,-3,5,-2,5,-1,6,-1,5,0,5,1,5,1,5,2,5,2,5,3,5,4,5,5,5,5,5,0,0,6,5,7,6,7,6,8,6,7,6,8,7,9,7,8,7,8,8,8,8,7,9,7,9,6,9,6,9,6,10,6,9,5,9,5,9,4,9,4,9,3,9,2,8,1,9,1,8,0,8,-1,8,0,0,0,0,0,0,0,0,0,0,0,0,0,0,-79,40,-82,38,-64,39,-63,41,-65,44,-60,32,-56,37,-53,34,-51,34,-50,28,-41,36,-35,35,-36,31,-30,31,-26,30,-18,33,-20,34,-12,31,-12,31,-5,28,2,36,2,28,4,23,7,27,12,27,16,29,22,28,23,32,29,30,32,32,34,31,39,28,38,36,41,30,40,27,47,35,49,34,50,34,47,43,44,38,48,37,42,45,41,49,45,47,41,44,43,48,39,49,36,49,32,45,32,49,32,48,29,49,19,51,20,48,9,44,7,44,3,42,0,0,0,0,0,0,0,0,0,0,0,0,0,0,0,0,0,0,0,0,0,0,50,8,48,11,49,19,49,23,49,21,38,24,37,21,35,27,38,26,35,25,36,23,29,20,31,21,25,20,24,16,19,14,17,10,17,7,19,5,13,3,17,0,13,-1,13,-10,10,-10,16,-16,12,-17,11,-19,11,-25,12,-22,7,-27,5,-28,7,-31,1,-32,1,-38,-1,-37,-2,-38,-4,-41,-6,-42,-7,-41,-11,-44,-15,-46,-18,-50,-23,-56,-28,-49,-24,-50,-35,-60,-37,-58,-39,-52,-40,-65,-39,-61,-41,-63,-50,-67,-50,-72,-51,-73,-48,-83,-53,-76,-47,-75,0,0]"
CSI_DATA,358,1a:00:00:00:00:00,-45,11,1,0,1,1,1,0,0,0,1,-96,0,11,2,5084817,0,44,0,384,0,"[0,0,0,0,0,0,0,0,0,0,0,0,-12,9,-11,9,-10,8,-11,8,-9,7,-8,7,-8,7,-7,7,-6,7,-5,6,-5,6,-4,6,-4,6,-2,6,-2,6,-1,6,0,6,0,5,1,5,2,5,2,5,3,4,4,5,5,5,5,5,6,5,0,0,7,5,7,6,7,6,8,6,8,6,8,7,9,7,9,7,8,8,9,8,8,8,8,8,7,9,7,8,6,9,6,9,5,9,6,8,5,9,4,8,4,9,3,9,2,9,1,8,0,8,-1,8,0,0,0,0,0,0,0,0,0,0,0,0,0,0,-80,40,-82,35,-71,40,-70,37,-64,45,-65,35,-59,31,-56,36,-49,32,-43,31,-42,33,-40,32,-37,37,-30,33,-25,29,-21,29,-21,34,-16,29,-13,28,-6,29,-2,31,2,31,5,27,11,26,12,30,13,30,20,30,23,33,25,28,31,28,31,31,35,31,35,33,36,35,45,37,42,42,47,36,45,40,44,42,48,47,46,47,42,51,38,48,41,49,35,51,42,54,33,46,35,53,28,49,24,47,27,53,22,46,22,49,5,49,10,47,4,50,1,46,0,0,0,0,0,0,0,0,0,0,0,0,0,0,0,0,0,0,0,0,0,0,55,2,49,7,51,10,51,16,47,17,40,19,40,15,40,22,38,18,36,22,33,22,29,17,30,19,26,15,22,13,25,8,20,7,21,3,13,4,16,-2,15,-4,16,-6,14,-10,15,-9,13,-17,6,-19,8,-20,8,-22,9,-22,5,-24,2,-27,3,-36,-1,-31,-4,-35,-7,-35,-2,-42,-5,-43,-8,-46,-12,-44,-14,-48,-19,-45,-22,-48,-22,-54,-29,-53,-34,-48,-31,-54,-32,-56,-40,-60,-40,-61,-47,-63,-45,-67,-53,-70,-50,-71,-52,-73,-52,-76,-49,-80,-49,-78,0,0]"
CSI_DATA,359,1a:00:00:00:00:00,-45,11,1,0,1,1,1,0,0,0,1,-96,0,11,2,5093073,0,44,0,384,0,"[0,0,0,0,0,0,0,0,0,0,0,0,13,-6,12,-6,11,-6,11,-6,10,-5,9,-5,8,-6,8,-6,7,-6,6,-5,6,-6,5,-6,4,-6,3,-6,2,-6,2,-6,1,-6,1,-6,-1,-6,-1,-6,-1,-7,-3,-7,-3,-7,-4,-7,-4,-8,-5,-7,0,0,-6,-8,-6,-9,-6,-9,-7,-9,-6,-9,-7,-10,-7,-10,-7,-10,-7,-11,-6,-11,-7,-11,-5,-11,-5,-11,-5,-11,-4,-12,-4,-12,-4,-11,-4,-11,-3,-11,-2,-10,-1,-11,0,-10,0,-10,1,-9,2,-9,2,-8,0,0,0,0,0,0,0,0,0,0,0,0,0,0,85,-31,81,-33,76,-34,75,-34,72,-33,72,-28,63,-28,62,-32,56,-30,52,-30,45,-26,43,-24,43,-34,37,-29,30,-30,24,-31,24,-30,23,-29,18,-30,12,-32,9,-34,4,-32,1,-32,-1,-30,-10,-32,-8,-38,-13,-34,-22,-35,-19,-36,-29,-38,-28,-33,-32,-40,-29,-39,-34,-48,-38,-46,-35,-53,-35,-49,-37,-53,-34,-54,-33,-55,-29,-54,-33,-58,-31,-59,-33,-62,-30,-63,-24,-59,-23,-61,-20,-56,-17,-57,-13,-55,-13,-56,-7,-58,-3,-56,4,-50,3,-50,8,-46,13,-45,0,0,0,0,0,0,0,0,0,0,0,0,0,0,0,0,0,0,0,0,0,0,-57,2,-52,-6,-54,-6,-53,-11,-48,-16,-48,-14,-46,-16,-41,-19,-41,-22,-35,-16,-33,-18,-31,-18,-37,-16,-30,-15,-28,-11,-21,-9,-23,-7,-22,-2,-19,-3,-16,0,-17,1,-18,6,-10,10,-10,13,-12,13,-11,20,-8,21,-10,27,-12,22,-8,31,-2,27,-6,37,-6,38,-1,32,1,41,-1,42,5,41,8,43,11,44,15,48,15,49,20,50,21,54,25,55,25,52,28,62,30,62,34,62,35,66,38,70,44,72,47,70,44,81,42,71,47,84,45,86,42,84,0,0]"
CSI_DATA,360,1a:00:00:00:00:00,-45,11,1,0,1,1,1,0,0,0,1,-96,0,11,2,5103026,0,44,0,384,0,"[0,0,0,0,0,0,0,0,0,0,0,0,13,-7,12,-7,11,-7,10,-6,9,-6,9,-6,8,-7,7,-6,7,-6,5,-6,5,-6,4,-7,4,-6,3,-6,2,-6,1,-6,1,-6,0,-6,-1,-6,-1,-6,-2,-6,-3,-7,-3,-6,-4,-7,-5,-7,-5,-7,0,0,-6,-8,-6,-8,-7,-8,-8,-8,-7,-8,-7,-9,-8,-9,-7,-9,-8,-10,-7,-10,-7,-10,-6,-11,-6,-11,-5,-11,-5,-10,-5,-11,-4,-11,-4,-10,-4,-10,-3,-10,-2,-10,-2,-10,-1,-10,0,-9,1,-9,1,-8,0,0,0,0,0,0,0,0,0,0,0,0,0,0,88,-33,83,-26,80,-30,73,-25,72,-30,70,-25,61,-26,58,-24,55,-22,50,-23,44,-28,41,-27,37,-31,39,-28,32,-22,25,-33,26,-32,21,-31,20,-28,9,-29,7,-31,5,-34,0,-27,-4,-32,-9,-38,-7,-33,-15,-38,-19,-36,-23,-37,-24,-39,-27,-38,-30,-45,-29,-40,-28,-42,-35,-44,-40,-49,-38,-47,-36,-52,-36,-54,-34,-52,-38,-53,-32,-55,-27,-60,-30,-59,-29,-57,-28,-60,-23,-60,-20,-56,-17,-54,-13,-51,-14,-57,-12,-53,-10,-54,-3,-51,6,-50,4,-48,12,-42,0,0,0,0,0,0,0,0,0,0,0,0,0,0,0,0,0,0,0,0,0,0,-56,-5,-55,-9,-50,-14,-48,-18,-45,-24,-44,-23,-42,-20,-39,-19,-38,-22,-32,-20,-30,-15,-27,-18,-31,-16,-27,-14,-23,-17,-22,-14,-21,-6,-17,-8,-21,-4,-18,1,-19,3,-18,7,-13,11,-17,10,-12,17,-11,20,-15,21,-11,21,-12,24,-10,29,-7,28,-4,34,-3,35,-4,37,-4,39,0,43,-1,41,3,42,6,49,8,50,9,49,17,50,19,55,22,53,22,54,31,57,35,59,35,62,34,71,33,77,37,76,42,77,42,79,38,76,37,90,43,88,39,88,0,0]"
CSI_DATA,361,1a:00:00:00:00:00,-45,11,1,0,1,1,1,0,0,0,1,-96,0,11,2,5113289,0,44,0,384,0,"[0,0,0,0,0,0,0,0,0,0,0,0,-7,13,-6,13,-6,12,-6,12,-5,10,-5,10,-4,10,-3,9,-3,9,-1,8,-2,8,-1,8,0,7,1,6,1,6,2,5,2,5,3,5,3,4,4,4,5,3,6,3,5,3,6,2,8,2,8,2,0,0,9,1,10,2,10,1,11,1,11,1,11,2,11,2,11,2,12,2,11,3,12,4,11,4,10,4,10,4,10,5,10,5,10,5,9,5,9,5,8,6,8,6,7,6,7,6,5,7,4,7,3,7,0,0,0,0,0,0,0,0,0,0,0,0,0,0,-20,38,-20,35,-20,39,-17,35,-15,36,-17,33,-13,31,-15,30,-9,27,-9,26,-8,26,-7,24,-5,24,-3,23,-3,22,-2,18,0,19,1,18,3,15,5,14,8,13,8,13,9,10,12,9,12,10,14,9,17,6,17,5,19,6,22,4,21,7,24,4,24,6,28,4,29,3,30,5,28,2,29,2,31,6,29,5,30,8,31,9,31,11,30,9,27,12,29,11,27,13,26,14,26,13,26,12,22,14,22,15,22,17,18,17,17,17,14,18,11,18,0,0,0,0,0,0,0,0,0,0,0,0,0,0,0,0,0,0,0,0,0,0,20,-14,21,-14,23,-12,22,-10,23,-8,23,-8,21,-8,21,-4,20,-6,19,-4,17,-4,15,-5,16,-4,12,-3,11,-3,11,-4,9,-6,6,-5,7,-3,5,-6,4,-8,3,-9,0,-11,0,-11,0,-9,-4,-12,-3,-12,-4,-12,-6,-14,-7,-15,-9,-13,-9,-17,-10,-15,-12,-15,-13,-15,-14,-17,-16,-15,-19,-16,-17,-15,-20,-15,-21,-15,-24,-13,-30,-14,-27,-12,-27,-14,-36,-15,-33,-13,-34,-14,-33,-14,-39,-14,-38,-15,-43,-14,-43,-17,-43,-14,-46,-20,-44,-18,-46,-20,0,0]"
CSI_DATA,362,1a:00:00:00:00:00,-45,11,1,0,1,1,1,0,0,0,1,-96,0,11,2,5143047,0,44,0,384,0,"[0,0,0,0,0,0,0,0,0,0,0,0,15,-5,13,-4,13,-5,12,-4,11,-4,11,-4,10,-5,9,-4,8,-4,7,-4,7,-5,6,-5,6,-5,4,-5,4,-5,3,-7,2,-6,2,-6,0,-6,0,-7,0,-7,-1,-7,-2,-7,-3,-8,-3,-8,-3,-9,0,0,-4,-9,-5,-10,-4,-11,-5,-11,-4,-11,-5,-11,-5,-12,-4,-11,-4,-12,-4,-13,-4,-13,-2,-12,-2,-12,-2,-12,-2,-12,-2,-12,0,-12,-1,-11,0,-11,1,-11,1,-10,2,-10,3,-10,3,-9,3,-8,4,-7,0,0,0,0,0,0,0,0,0,0,0,0,0,0,44,-13,42,-12,41,-16,39,-12,36,-14,36,-12,32,-9,33,-12,27,-10,27,-12,22,-13,21,-12,21,-12,17,-13,16,-14,14,-14,13,-12,12,-13,7,-15,6,-15,4,-16,2,-14,1,-15,0,-18,-3,-17,-4,-17,-6,-19,-10,-19,-11,-20,-14,-20,-14,-19,-16,-24,-14,-22,-13,-22,-17,-22,-16,-26,-17,-26,-16,-25,-15,-30,-16,-27,-16,-29,-14,-30,-13,-31,-12,-32,-12,-31,-13,-31,-9,-31,-10,-31,-6,-26,-7,-27,-5,-29,-4,-27,-1,-27,-1,-26,4,-27,5,-25,7,-22,0,0,0,0,0,0,0,0,0,0,0,0,0,0,0,0,0,0,0,0,0,0,-27,-1,-25,-6,-24,-5,-24,-7,-22,-10,-23,-10,-21,-11,-17,-9,-17,-9,-17,-9,-15,-10,-15,-9,-14,-8,-14,-7,-11,-8,-12,-5,-10,-4,-8,-3,-10,-1,-10,2,-10,3,-9,5,-8,7,-9,7,-6,9,-6,9,-7,13,-6,13,-8,12,-5,16,-3,16,-6,20,-4,19,-4,19,-1,22,-2,23,3,22,2,23,3,24,5,27,5,26,8,27,7,29,10,29,11,32,12,29,13,33,15,32,15,36,17,37,17,41,18,41,20,43,14,40,17,47,19,45,15,46,0,0]"
CSI_DATA,363,1a:00:00:00:00:00,-45,11,1,0,1,1,1,0,0,0,1,-96,0,11,2,5153672,0,44,0,384,0,"[0,0,0,0,0,0,0,0,0,0,0,0,14,-3,13,-3,12,-3,12,-2,11,-2,10,-3,9,-4,8,-4,8,-3,7,-4,7,-4,6,-4,5,-4,4,-4,4,-5,3,-6,2,-6,2,-5,1,-6,1,-6,0,-6,-1,-7,-1,-7,-2,-8,-2,-8,-3,-8,0,0,-4,-9,-3,-9,-4,-10,-4,-10,-4,-10,-4,-11,-4,-11,-4,-11,-4,-11,-3,-12,-3,-12,-2,-12,-2,-11,-2,-12,-1,-12,-1,-11,0,-11,-1,-11,0,-10,0,-10,1,-10,2,-9,2,-9,3,-9,3,-8,3,-6,0,0,0,0,0,0,0,0,0,0,0,0,0,0,46,6,42,5,43,3,39,4,41,5,36,5,36,4,34,2,32,2,28,2,26,-1,25,-2,24,0,22,-3,19,-5,17,-6,21,-10,16,-8,14,-8,12,-10,9,-14,8,-14,6,-14,8,-13,6,-17,4,-17,4,-20,1,-20,-1,-22,-3,-22,-3,-23,-2,-28,-2,-25,-4,-30,-6,-28,-1,-29,-3,-31,-3,-33,0,-34,1,-33,-1,-33,-1,-34,2,-34,4,-33,4,-34,3,-31,6,-32,6,-31,7,-29,8,-27,9,-25,10,-26,12,-24,15,-20,15,-21,15,-18,16,-14,0,0,0,0,0,0,0,0,0,0,0,0,0,0,0,0,0,0,0,0,0,0,-27,-10,-22,-11,-23,-12,-21,-13,-19,-15,-16,-14,-17,-12,-14,-16,-16,-13,-14,-14,-11,-14,-13,-11,-12,-12,-10,-10,-9,-8,-9,-6,-10,-5,-7,-3,-7,-2,-11,-1,-9,2,-12,3,-10,5,-10,5,-10,7,-9,9,-11,10,-12,12,-11,11,-10,13,-9,14,-12,16,-13,16,-10,18,-10,20,-9,21,-9,21,-7,23,-7,25,-6,26,-3,26,-5,29,-4,30,-2,33,-2,31,-3,35,-2,36,3,36,1,40,0,42,2,43,4,43,-2,46,0,41,1,49,0,49,0,50,0,0]"
CSI_DATA,364,1a:00:00:00:00:00,-45,11,1,0,1,1,1,0,0,0,1,-96,0,11,2,5173062,0,44,0,384,0,"[0,0,0,0,0,0,0,0,0,0,0,0,0,-15,0,-14,-1,-13,-1,-13,-1,-12,-1,-11,-2,-11,-1,-10,-2,-9,-2,-8,-3,-8,-3,-7,-3,-7,-4,-6,-4,-5,-5,-5,-4,-4,-5,-4,-6,-3,-6,-2,-6,-2,-7,-1,-7,-1,-8,-1,-8,0,-8,0,0,0,-9,1,-10,1,-10,1,-11,2,-11,1,-11,1,-12,1,-12,1,-12,1,-12,0,-13,-1,-12,-2,-12,-1,-11,-1,-12,-2,-11,-2,-11,-3,-10,-3,-10,-3,-10,-3,-9,-4,-9,-4,-8,-5,-7,-5,-7,-6,-6,-6,0,0,0,0,0,0,0,0,0,0,0,0,0,0,-6,-43,-5,-44,-6,-42,-7,-40,-6,-38,-5,-36,-6,-35,-6,-33,-7,-28,-6,-29,-7,-26,-8,-26,-8,-24,-8,-21,-9,-21,-10,-18,-13,-16,-13,-15,-13,-11,-14,-10,-15,-10,-13,-6,-16,-5,-16,-1,-18,-2,-17,0,-19,2,-20,4,-22,3,-22,7,-22,6,-26,6,-25,6,-26,7,-27,8,-30,7,-30,9,-31,6,-31,7,-30,6,-32,6,-30,5,-32,4,-32,4,-30,1,-31,0,-30,-3,-31,0,-30,-3,-29,-2,-27,-5,-25,-5,-24,-7,-23,-11,-23,-12,-21,-13,-17,-14,0,0,0,0,0,0,0,0,0,0,0,0,0,0,0,0,0,0,0,0,0,0,2,25,-3,23,-5,22,-7,23,-6,23,-7,20,-7,20,-8,18,-8,19,-7,16,-8,19,-7,14,-6,13,-5,14,-5,10,-3,11,0,11,1,10,2,8,2,7,4,7,7,6,7,5,7,6,8,7,12,7,11,8,13,6,13,5,17,5,16,3,19,3,19,3,20,3,21,0,21,0,23,1,25,-2,24,-2,25,-3,26,-4,29,-6,31,-5,29,-6,30,-9,35,-11,37,-11,35,-12,34,-12,38,-13,39,-14,40,-15,44,-12,40,-12,47,-13,46,-14,44,-8,0,0]"
CSI_DATA,365,1a:00:00:00:00:00,-45,11,1,0,1,1,1,0,0,0,1,-96,0,11,2,5183062,0,44,0,384,0,"[0,0,0,0,0,0,0,0,0,0,0,0,13,-3,13,-4,11,-4,11,-3,10,-3,9,-3,9,-4,8,-4,8,-4,6,-4,6,-4,5,-5,5,-5,4,-5,3,-5,3,-6,2,-6,1,-5,1,-6,0,-6,0,-6,-1,-7,-1,-7,-2,-7,-2,-8,-3,-8,0,0,-4,-9,-4,-10,-4,-10,-4,-10,-4,-10,-4,-11,-4,-11,-4,-11,-4,-12,-3,-12,-3,-12,-2,-12,-2,-12,-1,-12,-1,-12,-1,-11,0,-11,0,-11,0,-10,0,-10,1,-10,2,-9,3,-9,3,-8,4,-7,4,-7,0,0,0,0,0,0,0,0,0,0,0,0,0,0,90,-6,91,-1,83,-8,75,-7,79,-3,72,1,67,-3,67,-6,62,-10,51,-6,48,-12,48,-12,45,-12,44,-17,38,-16,37,-17,31,-22,27,-21,23,-23,21,-23,18,-26,15,-27,9,-27,8,-27,7,-29,2,-36,-2,-39,-5,-39,-8,-43,-6,-44,-11,-46,-11,-49,-9,-53,-13,-55,-13,-55,-12,-57,-13,-59,-13,-62,-11,-64,-6,-64,-5,-61,-5,-62,-5,-70,-1,-66,0,-61,2,-63,7,-62,11,-63,5,-53,10,-49,11,-52,11,-48,14,-52,21,-47,25,-39,25,-37,26,-33,0,0,0,0,0,0,0,0,0,0,0,0,0,0,0,0,0,0,0,0,0,0,-52,-3,-44,-6,-47,-10,-43,-17,-44,-16,-38,-21,-36,-17,-36,-14,-32,-17,-32,-14,-26,-15,-28,-13,-30,-12,-28,-8,-23,-9,-19,-5,-22,-3,-19,-2,-21,-2,-18,2,-15,4,-19,7,-19,12,-18,19,-16,17,-16,20,-9,26,-14,25,-17,28,-15,32,-10,30,-13,35,-13,39,-11,40,-8,41,-4,46,-10,48,-2,49,-1,53,4,57,-1,53,6,61,4,57,9,66,11,58,10,60,10,65,20,70,22,76,17,85,19,82,23,84,13,87,15,93,14,96,16,96,11,99,0,0]"
CSI_DATA,366,1a:00:00:00:00:00,-45,11,1,0,1,1,1,0,0,0,1,-96,0,11,2,5193015,0,44,0,384,0,"[0,0,0,0,0,0,0,0,0,0,0,0,14,1,13,1,12,0,12,1,11,0,10,0,9,-1,9,-1,8,-1,8,-2,7,-2,7,-3,6,-3,6,-3,5,-4,4,-4,4,-5,3,-5,2,-5,2,-6,1,-6,1,-7,0,-7,0,-8,0,-9,-1,-9,0,0,-1,-10,-1,-10,-1,-11,-1,-11,-1,-11,-1,-11,-1,-12,-1,-12,-1,-12,0,-12,0,-12,1,-12,2,-12,1,-12,2,-11,2,-11,3,-11,2,-10,3,-10,2,-10,4,-9,4,-9,4,-8,5,-7,5,-6,5,-5,0,0,0,0,0,0,0,0,0,0,0,0,0,0,44,10,42,13,42,12,38,10,35,10,31,11,33,9,30,8,28,7,25,6,25,1,25,2,24,-1,21,1,20,2,18,-4,18,-5,16,-5,15,-7,15,-11,12,-10,11,-12,10,-13,7,-13,8,-15,6,-17,2,-18,4,-19,4,-19,1,-22,0,-23,1,-27,2,-26,0,-27,1,-27,3,-30,3,-32,2,-30,4,-34,6,-32,7,-32,6,-32,8,-30,7,-30,9,-28,11,-29,10,-30,11,-28,13,-26,12,-25,13,-23,13,-22,13,-23,15,-19,16,-17,16,-14,17,-11,0,0,0,0,0,0,0,0,0,0,0,0,0,0,0,0,0,0,0,0,0,0,-21,-12,-19,-14,-21,-14,-16,-15,-16,-15,-15,-16,-13,-15,-11,-15,-13,-16,-10,-15,-9,-15,-10,-13,-9,-11,-10,-10,-10,-10,-9,-9,-9,-6,-8,-7,-10,-4,-9,-2,-10,-2,-9,2,-11,2,-13,4,-12,6,-10,6,-11,7,-12,7,-15,10,-12,11,-13,11,-15,14,-13,16,-14,15,-14,17,-13,19,-13,19,-12,22,-12,22,-13,26,-10,24,-9,28,-9,29,-9,30,-8,30,-9,35,-8,35,-6,35,-7,39,-7,41,-8,42,-6,43,-11,44,-8,43,-10,49,-9,48,-9,46,0,0]"
CSI_DATA,367,1a:00:00:00:00:00,-45,11,1,0,1,1,1,0,0,0,1,-96,0,11,2,5203032,0,44,0,384,0,"[0,0,0,0,0,0,0,0,0,0,0,0,-7,13,-6,12,-5,11,-6,10,-5,10,-4,9,-4,9,-3,8,-3,8,-2,7,-2,7,-1,7,0,6,0,5,0,5,2,6,2,5,3,5,3,3,4,3,4,3,5,3,6,3,6,3,7,2,7,2,0,0,8,2,9,3,9,3,10,3,9,3,10,3,10,3,10,4,11,4,10,5,10,5,9,5,9,6,8,6,8,6,8,6,8,7,7,6,6,6,6,6,6,7,5,7,4,7,3,7,2,8,1,7,0,0,0,0,0,0,0,0,0,0,0,0,0,0,-21,40,-19,35,-18,39,-16,37,-17,34,-16,34,-13,29,-13,30,-12,27,-10,28,-7,25,-8,24,-3,23,-4,21,-3,20,-1,20,0,20,4,14,4,16,5,15,8,14,6,12,11,10,12,10,13,8,14,8,16,9,20,7,18,8,22,8,22,5,24,6,23,7,25,6,27,6,30,9,28,9,28,7,29,10,28,11,28,13,29,12,28,16,28,15,25,13,27,15,25,16,24,17,21,15,20,16,20,18,17,16,16,19,14,19,12,21,11,18,6,20,0,0,0,0,0,0,0,0,0,0,0,0,0,0,0,0,0,0,0,0,0,0,10,-20,15,-19,15,-18,17,-17,15,-15,15,-14,15,-14,13,-12,14,-12,13,-10,14,-9,13,-8,12,-10,11,-6,7,-7,7,-8,5,-10,4,-9,3,-10,1,-8,2,-9,-1,-10,-1,-12,-3,-10,-6,-14,-7,-14,-7,-12,-10,-12,-9,-14,-13,-14,-12,-12,-13,-13,-17,-15,-15,-14,-18,-17,-19,-12,-18,-15,-21,-14,-24,-14,-25,-13,-27,-16,-30,-12,-28,-13,-28,-12,-32,-11,-34,-10,-34,-12,-38,-11,-36,-10,-39,-12,-42,-12,-44,-12,-42,-17,-44,-14,-47,-15,-44,-14,-46,-19,0,0]"
CSI_DATA,368,1a:00:00:00:00:00,-45,11,1,0,1,1,1,0,0,0,1,-96,0,11,2,5213053,0,44,0,384,0,"[0,0,0,0,0,0,0,0,0,0,0,0,-8,-13,-8,-12,-9,-10,-8,-10,-8,-9,-7,-9,-7,-8,-7,-7,-7,-7,-7,-6,-6,-5,-6,-5,-6,-4,-6,-3,-6,-2,-7,-2,-6,-1,-6,0,-6,0,-6,1,-6,2,-7,2,-7,2,-7,3,-7,4,-7,5,0,0,-7,6,-8,5,-9,6,-8,6,-9,6,-9,7,-9,7,-9,6,-10,6,-10,6,-11,5,-11,4,-11,4,-11,4,-11,3,-11,3,-10,3,-10,2,-10,2,-10,1,-10,0,-10,0,-9,-1,-9,-1,-8,-3,-8,-3,0,0,0,0,0,0,0,0,0,0,0,0,0,0,-35,-83,-35,-80,-35,-76,-27,-71,-33,-71,-25,-66,-25,-60,-32,-61,-31,-58,-25,-51,-32,-47,-25,-38,-26,-39,-25,-34,-23,-32,-28,-25,-31,-24,-29,-21,-30,-17,-32,-12,-33,-10,-31,-9,-29,1,-36,2,-29,5,-32,9,-36,11,-37,21,-36,19,-41,24,-41,22,-46,29,-42,26,-46,29,-50,30,-52,29,-50,28,-50,34,-55,31,-57,27,-56,26,-60,26,-59,23,-60,23,-59,17,-62,16,-59,12,-60,14,-56,11,-55,5,-57,1,-54,0,-47,2,-47,-3,-47,-9,-44,-10,-39,-16,0,0,0,0,0,0,0,0,0,0,0,0,0,0,0,0,0,0,0,0,0,0,14,45,14,46,6,46,5,44,2,44,-2,44,-4,41,-2,35,-4,39,-3,36,-3,33,-1,32,-1,32,0,25,-1,22,0,23,3,23,4,19,7,16,9,13,12,9,16,10,19,11,24,12,22,8,25,2,28,2,30,5,33,1,39,5,35,-2,41,-5,43,1,38,-4,46,-3,47,-12,45,-8,51,-13,48,-19,54,-23,55,-21,56,-27,59,-21,54,-31,59,-34,61,-43,64,-41,64,-39,65,-46,68,-41,66,-50,70,-48,78,-46,77,-52,82,-51,84,-47,79,-47,0,0]"
CSI_DATA,369,1a:00:00:00:00:00,-45,11,1,0,1,1,1,0,0,0,1,-96,0,11,2,5223232,0,44,0,384,0,"[0,0,0,0,0,0,0,0,0,0,0,0,-5,-14,-5,-13,-6,-12,-5,-12,-5,-12,-4,-10,-5,-10,-5,-9,-5,-8,-5,-8,-5,-7,-6,-6,-6,-5,-6,-5,-6,-4,-6,-3,-6,-2,-6,-2,-6,-1,-7,0,-7,0,-7,1,-7,1,-8,2,-9,2,-8,3,0,0,-9,4,-10,4,-10,5,-10,5,-10,4,-11,4,-11,4,-11,5,-12,5,-12,4,-12,4,-11,3,-11,2,-11,2,-11,2,-11,1,-11,1,-11,1,-11,0,-10,0,-10,-1,-10,-1,-10,-2,-9,-2,-8,-3,-7,-4,0,0,0,0,0,0,0,0,0,0,0,0,0,0,-10,-93,-6,-80,-10,-89,-10,-79,-8,-77,-7,-75,-15,-64,-9,-68,-14,-59,-9,-60,-15,-52,-15,-45,-15,-48,-15,-39,-13,-42,-21,-34,-25,-31,-26,-27,-27,-22,-22,-22,-33,-19,-26,-13,-35,-7,-34,-10,-32,-3,-40,3,-37,2,-39,6,-41,11,-45,13,-43,11,-48,12,-49,11,-51,16,-48,12,-60,15,-61,11,-59,19,-62,14,-62,10,-62,14,-67,11,-64,7,-63,7,-67,1,-62,1,-64,-5,-60,0,-59,-5,-53,-8,-56,-11,-51,-15,-51,-18,-41,-21,-44,-18,-40,-25,-36,-29,0,0,0,0,0,0,0,0,0,0,0,0,0,0,0,0,0,0,0,0,0,0,-2,46,-6,49,-12,45,-12,46,-14,42,-18,41,-13,36,-16,34,-18,34,-15,32,-14,28,-15,29,-14,26,-12,24,-9,20,-5,24,-1,20,-5,21,2,19,7,17,8,16,11,12,9,16,21,15,22,16,21,15,25,12,29,15,28,13,32,12,28,11,40,12,37,11,38,6,45,9,45,3,45,5,50,0,52,0,55,-5,56,-2,59,-6,63,-5,61,-13,67,-16,66,-14,70,-17,74,-19,70,-18,79,-23,82,-25,88,-28,92,-21,86,-19,94,-15,95,-25,95,-16,0,0]"
CSI_DATA,370,1a:00:00:00:00:00,-45,11,1,0,1,1,1,0,0,0,1,-96,0,11,2,5233045,0,44,0,384,0,"[0,0,0,0,0,0,0,0,0,0,0,0,11,8,10,7,11,7,10,7,9,6,8,5,8,4,8,4,7,4,7,2,7,2,7,1,7,1,6,0,6,0,6,-2,5,-2,5,-3,4,-3,4,-4,4,-4,4,-5,4,-6,4,-6,4,-7,4,-7,0,0,3,-8,4,-9,5,-9,4,-10,5,-9,5,-10,5,-10,5,-10,5,-10,6,-10,7,-10,7,-9,7,-9,7,-8,7,-8,7,-7,7,-8,7,-7,7,-6,7,-6,8,-5,7,-5,7,-4,8,-3,7,-2,7,-1,0,0,0,0,0,0,0,0,0,0,0,0,0,0,81,46,74,48,73,39,67,42,68,39,56,38,57,34,56,33,54,28,50,26,49,19,43,18,45,16,45,15,40,11,38,6,43,2,35,-1,35,-5,33,-10,29,-13,26,-13,25,-20,25,-20,20,-30,21,-28,23,-33,19,-36,18,-39,17,-45,18,-40,20,-48,18,-49,18,-52,19,-54,19,-54,21,-58,24,-56,25,-54,27,-54,27,-54,29,-58,33,-58,30,-57,34,-48,35,-52,37,-44,35,-46,36,-42,35,-43,39,-38,39,-34,41,-32,42,-26,41,-23,39,-17,39,-12,0,0,0,0,0,0,0,0,0,0,0,0,0,0,0,0,0,0,0,0,0,0,-39,-31,-33,-34,-32,-36,-30,-34,-24,-41,-20,-37,-20,-38,-19,-37,-14,-34,-18,-35,-10,-30,-13,-27,-18,-25,-16,-27,-13,-17,-13,-17,-14,-13,-13,-14,-18,-10,-18,-6,-18,-8,-16,-3,-20,-4,-23,5,-31,2,-25,10,-26,8,-30,10,-32,14,-33,16,-26,18,-33,18,-30,23,-29,26,-33,30,-34,33,-33,33,-35,39,-32,39,-32,44,-33,49,-33,52,-36,52,-28,56,-32,55,-25,69,-33,63,-33,69,-31,73,-34,75,-34,77,-32,79,-38,77,-45,79,-41,90,-43,83,-45,88,0,0]"
CSI_DATA,371,1a:00:00:00:00:00,-45,11,1,0,1,1,1,0,0,0,1,-96,0,11,2,5253100,0,44,0,384,0,"[0,0,0,0,0,0,0,0,0,0,0,0,6,-13,6,-12,5,-12,5,-12,4,-11,4,-11,3,-10,3,-9,2,-10,1,-8,1,-9,0,-9,0,-8,-1,-7,-2,-6,-2,-7,-3,-6,-3,-6,-4,-5,-4,-5,-5,-5,-6,-5,-6,-4,-7,-4,-7,-4,-8,-4,0,0,-9,-4,-9,-4,-10,-4,-11,-5,-10,-5,-11,-5,-11,-5,-11,-5,-11,-6,-10,-6,-11,-7,-10,-7,-9,-7,-9,-7,-9,-7,-8,-8,-8,-8,-8,-8,-8,-8,-7,-7,-6,-8,-5,-8,-5,-8,-4,-8,-3,-8,-2,-8,0,0,0,0,0,0,0,0,0,0,0,0,0,0,22,-38,21,-38,19,-38,18,-36,17,-32,15,-33,15,-29,15,-31,13,-24,12,-27,8,-27,8,-24,6,-24,5,-21,2,-23,2,-22,0,-19,-2,-18,-4,-17,-7,-16,-8,-17,-9,-15,-8,-13,-11,-11,-13,-11,-14,-13,-14,-11,-19,-10,-20,-9,-21,-9,-24,-8,-27,-9,-25,-11,-27,-10,-26,-8,-29,-12,-31,-13,-29,-12,-29,-13,-28,-14,-27,-14,-27,-16,-28,-18,-27,-17,-26,-17,-25,-18,-25,-21,-25,-18,-22,-18,-21,-20,-20,-18,-17,-19,-15,-20,-12,-20,-12,-23,-10,-22,-6,-20,0,0,0,0,0,0,0,0,0,0,0,0,0,0,0,0,0,0,0,0,0,0,-16,19,-14,18,-17,16,-18,16,-17,14,-17,11,-17,9,-18,10,-18,10,-17,8,-17,7,-13,7,-15,8,-14,6,-10,7,-8,3,-7,9,-7,7,-5,6,-5,8,-2,9,-1,12,1,9,1,10,3,11,6,12,4,11,7,12,7,13,9,14,8,15,12,15,11,15,13,14,15,15,17,17,17,13,19,15,19,16,24,15,24,16,24,13,28,14,29,13,30,14,31,10,32,13,35,11,35,13,36,14,39,16,42,12,40,20,37,18,42,16,43,19,40,18,0,0]"
CSI_DATA,372,1a:00:00:00:00:00,-45,11,1,0,1,1,1,0,0,0,1,-96,0,11,2,5263067,0,44,0,384,0,"[0,0,0,0,0,0,0,0,0,0,0,0,12,-8,11,-8,9,-8,10,-7,9,-6,8,-7,7,-7,7,-7,6,-7,5,-6,5,-7,4,-7,3,-6,2,-6,2,-6,1,-7,1,-7,0,-6,-1,-6,-2,-6,-2,-6,-3,-7,-3,-6,-4,-7,-4,-8,-5,-8,0,0,-6,-9,-6,-8,-6,-9,-7,-9,-6,-9,-6,-9,-7,-10,-6,-10,-6,-10,-5,-11,-5,-11,-4,-11,-4,-11,-4,-11,-3,-10,-4,-11,-3,-11,-3,-10,-2,-10,-2,-10,-1,-10,0,-10,0,-9,1,-9,2,-8,2,-7,0,0,0,0,0,0,0,0,0,0,0,0,0,0,78,-46,78,-44,69,-45,63,-41,64,-46,57,-40,56,-38,54,-36,50,-38,42,-35,33,-37,34,-35,35,-35,27,-32,29,-33,23,-36,21,-38,16,-32,13,-28,4,-36,3,-38,1,-37,0,-33,-7,-35,-9,-30,-16,-34,-19,-40,-19,-38,-22,-38,-29,-40,-28,-42,-32,-45,-34,-41,-31,-46,-33,-43,-32,-46,-35,-53,-38,-48,-33,-55,-31,-53,-30,-56,-28,-56,-27,-57,-28,-62,-20,-57,-21,-56,-20,-56,-17,-58,-16,-51,-13,-55,-9,-51,-8,-51,-7,-52,2,-45,6,-48,8,-43,12,-39,0,0,0,0,0,0,0,0,0,0,0,0,0,0,0,0,0,0,0,0,0,0,-44,21,-43,19,-46,15,-43,9,-46,9,-38,5,-39,4,-37,2,-42,1,-37,-1,-36,-1,-29,4,-32,4,-27,4,-23,2,-22,4,-22,10,-19,9,-19,6,-15,7,-12,12,-10,14,-8,21,-10,18,-7,24,-2,26,-3,28,0,30,-2,31,1,30,4,31,4,35,8,37,11,41,12,42,17,43,15,45,21,45,22,44,27,48,27,52,32,53,32,52,34,53,40,48,43,53,41,57,54,55,56,58,55,63,54,65,61,65,58,69,52,73,60,76,56,77,52,78,0,0]"
CSI_DATA,373,1a:00:00:00:00:00,-45,11,1,0,1,1,1,0,0,0,1,-96,0,11,2,5273039,0,44,0,384,0,"[0,0,0,0,0,0,0,0,0,0,0,0,13,3,12,2,13,2,12,2,11,2,10,1,9,0,8,0,8,0,8,-1,7,-1,7,-2,7,-2,6,-2,5,-3,5,-4,4,-4,4,-4,3,-5,3,-5,3,-5,2,-6,2,-7,2,-8,2,-8,2,-9,0,0,1,-9,2,-10,2,-10,2,-10,2,-10,2,-11,2,-11,2,-11,3,-11,3,-11,4,-11,4,-10,4,-10,5,-10,5,-10,5,-9,5,-9,5,-8,6,-8,5,-7,6,-7,6,-6,7,-6,6,-5,6,-4,6,-3,0,0,0,0,0,0,0,0,0,0,0,0,0,0,38,26,33,22,37,20,31,20,33,22,26,18,28,16,29,18,27,13,24,12,25,10,22,8,23,9,23,6,19,3,19,0,20,3,17,0,17,-3,14,-3,15,-4,14,-6,14,-8,14,-11,12,-11,13,-13,13,-13,12,-16,13,-18,12,-19,10,-22,11,-22,14,-21,12,-22,12,-25,15,-26,14,-25,16,-27,17,-26,20,-27,19,-24,20,-23,19,-24,19,-21,19,-20,21,-20,22,-20,23,-20,21,-17,22,-18,22,-13,24,-13,21,-13,21,-11,23,-7,22,-5,22,-1,0,0,0,0,0,0,0,0,0,0,0,0,0,0,0,0,0,0,0,0,0,0,-21,-13,-19,-14,-18,-14,-18,-17,-17,-16,-14,-18,-12,-18,-12,-16,-10,-17,-11,-15,-10,-15,-9,-14,-10,-12,-11,-12,-8,-9,-7,-9,-9,-8,-9,-6,-7,-3,-11,-3,-10,-5,-12,-1,-12,1,-14,5,-11,3,-11,4,-11,5,-13,6,-16,7,-15,10,-13,9,-16,11,-17,12,-16,14,-14,15,-16,16,-14,17,-15,22,-16,21,-16,21,-16,25,-15,25,-16,27,-14,29,-14,28,-11,35,-15,33,-12,35,-14,35,-16,40,-18,39,-16,41,-18,40,-18,39,-22,41,-21,42,-25,44,0,0]"
CSI_DATA,374,1a:00:00:00:00:00,-45,11,1,0,1,1,1,0,0,0,1,-96,0,11,2,5283053,0,44,0,384,0,"[0,0,0,0,0,0,0,0,0,0,0,0,-8,12,-7,11,-6,11,-6,11,-6,10,-6,9,-5,10,-4,8,-4,8,-3,8,-2,7,-2,7,-1,7,-1,6,0,5,1,6,1,5,2,5,2,4,3,5,3,5,4,4,5,4,6,4,6,4,7,4,0,0,7,4,9,4,8,4,9,5,8,4,9,5,9,5,9,5,9,6,9,7,9,7,7,7,7,7,7,7,7,7,7,7,6,8,6,7,5,7,5,7,5,8,3,7,3,7,2,8,1,7,0,7,0,0,0,0,0,0,0,0,0,0,0,0,0,0,-43,72,-42,70,-34,74,-34,66,-30,67,-30,60,-28,58,-29,58,-23,52,-21,53,-18,47,-14,45,-9,49,-10,40,-4,44,2,40,-1,35,-2,31,6,28,9,35,17,29,11,26,18,19,25,22,22,23,26,26,30,22,35,19,38,19,41,20,38,17,51,17,43,18,51,17,52,12,52,22,52,22,55,20,55,25,52,22,52,27,50,27,52,32,52,32,49,30,50,31,48,33,43,34,38,35,36,34,37,33,34,35,28,39,24,39,19,42,18,40,13,36,0,0,0,0,0,0,0,0,0,0,0,0,0,0,0,0,0,0,0,0,0,0,26,-35,32,-35,29,-33,35,-29,35,-30,32,-23,30,-22,33,-21,32,-20,31,-19,28,-21,24,-19,29,-17,24,-15,23,-14,17,-16,9,-16,11,-17,8,-16,2,-14,4,-16,-1,-22,-5,-22,-2,-19,-5,-23,-11,-26,-11,-26,-16,-27,-16,-28,-16,-26,-21,-23,-23,-28,-26,-28,-26,-27,-31,-28,-32,-33,-35,-31,-41,-29,-38,-28,-44,-29,-47,-28,-50,-29,-54,-33,-60,-25,-59,-24,-64,-32,-62,-27,-69,-23,-70,-25,-71,-29,-79,-30,-86,-25,-83,-36,-81,-31,-87,-35,-87,-36,-82,-39,0,0]"
CSI_DATA,375,1a:00:00:00:00:00,-45,11,1,0,1,1,1,0,0,0,1,-96,0,11,2,5293508,0,44,0,384,0,"[0,0,0,0,0,0,0,0,0,0,0,0,-13,-8,-12,-7,-12,-6,-12,-7,-11,-6,-10,-5,-10,-4,-9,-4,-9,-4,-8,-3,-8,-3,-8,-1,-8,-1,-7,0,-7,0,-7,1,-7,1,-6,1,-6,2,-6,3,-6,3,-6,4,-5,4,-5,5,-6,6,-5,6,0,0,-6,7,-6,7,-6,8,-6,8,-7,8,-7,9,-7,9,-8,8,-8,9,-8,8,-9,8,-9,7,-9,6,-9,7,-9,5,-9,5,-9,5,-9,5,-9,4,-9,4,-9,3,-9,3,-9,2,-9,1,-9,0,-8,-1,0,0,0,0,0,0,0,0,0,0,0,0,0,0,-34,-29,-35,-27,-34,-26,-31,-25,-32,-23,-28,-22,-28,-22,-28,-20,-28,-18,-22,-17,-23,-15,-22,-11,-21,-12,-20,-7,-20,-8,-21,-6,-20,-4,-18,-3,-19,1,-17,-1,-17,2,-15,3,-16,5,-14,7,-14,8,-16,9,-14,11,-13,13,-16,16,-13,17,-14,18,-17,20,-15,19,-17,21,-17,22,-20,20,-19,22,-19,23,-21,22,-23,22,-20,20,-24,20,-22,20,-24,19,-22,19,-26,15,-25,14,-23,16,-22,13,-23,11,-24,9,-25,10,-22,9,-21,6,-22,4,-23,1,-23,-4,0,0,0,0,0,0,0,0,0,0,0,0,0,0,0,0,0,0,0,0,0,0,20,13,17,16,18,16,15,17,13,16,13,16,10,17,10,17,10,17,8,14,9,16,9,12,8,13,8,11,7,10,6,9,7,6,8,5,7,4,8,4,8,3,11,0,9,0,10,-2,12,-3,11,-4,12,-6,10,-5,14,-6,15,-9,11,-10,15,-11,16,-12,14,-13,16,-15,17,-14,18,-19,15,-19,16,-19,17,-22,15,-23,15,-27,17,-27,17,-29,15,-27,15,-30,16,-30,18,-34,17,-36,21,-36,19,-37,20,-40,26,-40,21,-36,23,-40,25,-42,24,-41,0,0]"
CSI_DATA,376,1a:00:00:00:00:00,-45,11,1,0,1,1,1,0,0,0,1,-96,0,11,2,5303039,0,44,0,384,0,"[0,0,0,0,0,0,0,0,0,0,0,0,0,-15,-1,-14,-1,-14,-1,-13,-1,-12,-1,-11,-2,-11,-2,-10,-2,-10,-2,-9,-2,-8,-3,-8,-3,-8,-4,-6,-4,-6,-5,-6,-5,-5,-5,-4,-5,-4,-6,-4,-7,-3,-7,-3,-7,-3,-8,-2,-9,-2,-9,-1,0,0,-10,-1,-10,-1,-11,-1,-11,-1,-11,-2,-11,-2,-12,-2,-11,-2,-12,-3,-12,-3,-12,-3,-11,-4,-11,-4,-11,-4,-10,-5,-10,-6,-10,-5,-9,-5,-9,-6,-8,-6,-8,-7,-7,-6,-6,-6,-6,-7,-5,-7,-4,-7,0,0,0,0,0,0,0,0,0,0,0,0,0,0,13,-44,11,-40,7,-42,10,-40,8,-38,8,-36,7,-35,7,-33,6,-31,5,-29,2,-29,2,-26,1,-27,-2,-23,-2,-22,-4,-21,-6,-20,-5,-18,-6,-15,-9,-16,-9,-15,-9,-14,-13,-12,-11,-11,-12,-10,-16,-10,-16,-9,-20,-8,-22,-7,-25,-6,-21,-7,-27,-5,-24,-7,-28,-7,-26,-7,-29,-9,-30,-8,-30,-9,-30,-11,-29,-12,-29,-11,-30,-11,-28,-13,-28,-13,-26,-15,-27,-17,-24,-16,-22,-18,-22,-17,-23,-16,-22,-19,-17,-19,-17,-18,-14,-19,-13,-20,-13,-21,-9,-21,0,0,0,0,0,0,0,0,0,0,0,0,0,0,0,0,0,0,0,0,0,0,-3,23,-7,25,-9,22,-11,20,-11,21,-12,19,-11,17,-13,14,-12,15,-12,14,-11,15,-10,13,-9,14,-9,12,-7,10,-5,10,-6,9,-4,10,-3,7,-1,10,0,8,1,8,5,9,3,10,6,9,10,9,8,9,9,11,10,9,13,8,14,7,16,8,17,10,18,9,18,9,18,9,21,6,24,5,24,6,25,5,26,6,26,5,31,5,30,3,33,3,33,5,36,5,37,4,38,4,39,3,42,0,44,0,45,5,44,5,47,5,47,5,44,5,0,0]"
CSI_DATA,377,1a:00:00:00:00:00,-45,11,1,0,1,1,1,0,0,0,1,-96,0,11,2,5313076,0,44,0,384,0,"[0,0,0,0,0,0,0,0,0,0,0,0,9,11,8,10,9,9,8,10,8,9,6,8,8,7,7,6,6,6,7,5,6,4,7,4,6,3,6,2,6,2,7,1,6,0,6,0,6,-1,6,-2,6,-2,6,-3,6,-4,6,-4,7,-5,7,-5,0,0,7,-6,8,-7,8,-7,8,-8,8,-7,9,-7,9,-7,10,-6,9,-7,10,-6,10,-6,10,-5,10,-5,10,-4,10,-4,10,-4,10,-3,10,-2,9,-2,9,-2,9,-1,9,-1,9,0,8,1,7,2,7,2,0,0,0,0,0,0,0,0,0,0,0,0,0,0,59,66,58,65,61,57,53,56,49,56,45,51,44,49,49,44,44,43,39,37,41,36,38,25,42,27,40,22,38,25,37,19,37,9,40,10,32,5,34,4,36,-4,33,-3,31,-11,30,-13,29,-10,30,-21,35,-19,30,-25,37,-29,33,-29,32,-28,35,-34,37,-32,37,-38,34,-43,41,-41,44,-41,39,-39,45,-41,47,-41,46,-40,49,-36,51,-37,51,-35,49,-30,55,-31,54,-27,54,-26,52,-19,53,-18,51,-16,52,-17,48,-13,48,-10,47,-3,43,4,39,10,0,0,0,0,0,0,0,0,0,0,0,0,0,0,0,0,0,0,0,0,0,0,-37,-37,-29,-39,-25,-40,-25,-43,-20,-42,-17,-41,-17,-43,-10,-39,-12,-37,-13,-36,-12,-37,-13,-34,-9,-30,-9,-28,-8,-25,-10,-23,-9,-19,-13,-19,-11,-12,-13,-11,-17,-8,-19,-12,-21,-9,-19,-2,-20,2,-25,1,-25,0,-29,1,-28,9,-34,11,-34,8,-38,17,-39,17,-33,17,-38,22,-38,21,-42,23,-39,27,-42,31,-44,35,-42,36,-45,42,-46,41,-44,46,-43,47,-38,51,-45,57,-48,61,-45,63,-54,64,-53,63,-54,65,-55,68,-55,69,-58,75,-59,75,-64,72,0,0]"
CSI_DATA,378,1a:00:00:00:00:00,-45,11,1,0,1,1,1,0,0,0,1,-96,0,11,2,5323047,0,44,0,384,0,"[0,0,0,0,0,0,0,0,0,0,0,0,-2,14,-1,13,0,13,-1,13,0,11,-1,11,0,10,0,9,0,9,1,8,1,8,2,7,2,6,3,6,3,5,3,5,4,4,4,4,5,3,5,3,5,2,6,2,6,1,7,1,8,1,8,1,0,0,9,0,9,0,10,0,10,0,10,1,10,1,10,1,11,1,11,1,11,1,11,2,10,2,10,3,10,3,9,4,10,4,9,3,9,4,8,4,8,4,7,5,6,5,6,5,5,5,5,6,4,6,0,0,0,0,0,0,0,0,0,0,0,0,0,0,-17,40,-15,39,-12,37,-13,37,-14,40,-13,34,-12,32,-11,29,-10,28,-9,29,-8,25,-4,25,-6,26,-1,21,-1,20,2,19,3,17,5,17,6,17,7,16,7,15,7,14,9,9,11,10,14,11,17,9,14,8,16,8,19,9,21,7,23,6,24,7,24,6,25,9,26,8,25,9,28,9,29,8,25,12,28,13,27,12,28,12,26,12,27,13,25,15,24,17,23,16,24,17,21,15,18,16,19,18,16,18,16,18,12,19,10,19,9,20,6,21,0,0,0,0,0,0,0,0,0,0,0,0,0,0,0,0,0,0,0,0,0,0,8,-25,9,-22,12,-22,13,-18,13,-19,13,-14,13,-16,15,-15,14,-14,13,-14,13,-13,9,-13,10,-10,9,-13,10,-9,6,-9,6,-10,5,-9,1,-8,1,-7,3,-7,-1,-11,-2,-10,-2,-10,-6,-11,-8,-10,-9,-11,-10,-13,-10,-13,-13,-11,-12,-10,-16,-10,-16,-10,-18,-11,-17,-10,-19,-14,-19,-13,-22,-11,-24,-10,-27,-7,-27,-11,-28,-8,-30,-10,-32,-9,-31,-7,-33,-9,-36,-9,-36,-7,-39,-7,-40,-8,-40,-6,-45,-9,-45,-10,-42,-12,-47,-13,-45,-11,-45,-13,0,0]"
CSI_DATA,379,1a:00:00:00:00:00,-45,11,1,0,1,1,1,0,0,0,1,-96,0,11,2,5344446,0,44,0,384,0,"[0,0,0,0,0,0,0,0,0,0,0,0,13,-8,12,-8,11,-7,12,-7,10,-6,9,-6,9,-7,8,-6,8,-6,6,-6,6,-7,5,-7,5,-7,4,-6,3,-6,2,-7,1,-7,1,-7,1,-7,0,-7,0,-7,-1,-8,-1,-7,-2,-8,-3,-9,-4,-9,0,0,-4,-9,-4,-10,-4,-11,-5,-11,-4,-10,-5,-11,-4,-12,-4,-11,-4,-12,-3,-12,-3,-12,-3,-12,-2,-12,-2,-12,-2,-12,-1,-12,-1,-12,0,-11,0,-11,1,-10,1,-10,2,-9,3,-9,3,-8,4,-8,4,-7,0,0,0,0,0,0,0,0,0,0,0,0,0,0,80,-38,78,-39,77,-42,69,-42,67,-39,65,-35,61,-34,61,-35,54,-32,49,-34,43,-33,37,-32,44,-30,35,-31,33,-32,22,-33,26,-34,19,-34,15,-32,12,-30,9,-36,5,-32,2,-34,-2,-34,-3,-32,-6,-36,-9,-35,-9,-46,-15,-38,-17,-44,-19,-44,-21,-46,-18,-44,-27,-49,-25,-47,-22,-55,-21,-57,-25,-54,-22,-56,-23,-60,-19,-57,-16,-61,-16,-58,-19,-61,-13,-61,-9,-60,-2,-59,-8,-56,-6,-52,0,-48,0,-50,3,-50,5,-52,9,-48,12,-46,18,-41,21,-35,0,0,0,0,0,0,0,0,0,0,0,0,0,0,0,0,0,0,0,0,0,0,-43,26,-44,20,-44,19,-48,18,-44,12,-45,10,-41,7,-42,5,-41,5,-40,3,-38,1,-32,3,-35,6,-29,5,-29,7,-24,3,-26,7,-21,7,-20,10,-14,12,-12,12,-13,17,-9,15,-6,18,-4,20,-4,23,1,28,1,30,0,28,2,33,5,34,7,38,6,40,9,40,13,40,15,41,19,40,19,43,21,46,26,49,27,47,32,51,32,49,38,53,40,47,40,51,40,58,46,55,50,61,54,66,51,66,55,67,53,74,51,72,53,76,54,80,48,80,0,0]"
CSI_DATA,380,1a:00:00:00:00:00,-45,11,1,0,1,1,1,0,0,0,1,-96,0,11,2,5373003,0,44,0,384,0,"[0,0,0,0,0,0,0,0,0,0,0,0,-1,14,-1,14,0,13,-1,13,0,12,-1,11,0,10,0,10,0,9,1,8,1,8,2,7,2,6,3,7,3,6,3,5,4,5,4,4,4,4,5,3,5,3,5,2,6,2,7,1,7,1,8,1,0,0,9,1,9,1,10,1,10,0,10,1,10,2,10,2,10,2,11,2,10,3,11,3,10,3,10,3,10,4,9,4,9,4,9,4,9,5,8,5,7,5,6,6,6,6,6,6,5,6,4,7,3,6,0,0,0,0,0,0,0,0,0,0,0,0,0,0,-1,42,-2,40,0,39,-2,38,-3,38,-2,36,-2,33,-2,33,-2,30,-2,30,3,28,3,25,3,26,3,21,4,23,6,18,8,18,6,16,6,14,9,15,10,13,9,12,14,11,12,9,13,6,17,8,17,7,19,6,17,7,22,3,21,5,25,4,23,3,25,1,25,3,26,6,28,5,28,4,27,7,29,7,26,7,29,11,28,9,26,11,26,10,25,11,24,12,22,14,24,12,19,14,18,15,19,15,17,15,13,16,13,16,9,19,9,17,0,0,0,0,0,0,0,0,0,0,0,0,0,0,0,0,0,0,0,0,0,0,-4,-25,-2,-23,0,-24,3,-24,4,-22,4,-22,4,-21,6,-20,5,-20,8,-19,7,-18,6,-15,4,-15,5,-15,6,-12,4,-11,3,-11,2,-11,0,-9,-1,-8,-2,-6,-4,-10,-4,-9,-7,-5,-7,-6,-10,-8,-10,-9,-12,-8,-11,-7,-16,-4,-16,-4,-18,-7,-18,-4,-19,-7,-19,-4,-22,-5,-22,-4,-24,-3,-25,-4,-27,0,-27,-1,-30,2,-30,0,-32,2,-32,3,-35,8,-38,7,-35,6,-37,5,-42,6,-41,6,-46,8,-47,5,-43,5,-46,4,-49,1,-48,4,0,0]"
CSI_DATA,381,1a:00:00:00:00:00,-45,11,1,0,1,1,1,0,0,0,1,-96,0,11,2,5383256,0,44,0,384,0,"[0,0,0,0,0,0,0,0,0,0,0,0,-11,-11,-10,-10,-11,-10,-11,-10,-10,-9,-9,-8,-9,-7,-9,-7,-8,-6,-8,-5,-8,-5,-8,-4,-8,-4,-7,-3,-7,-2,-8,-1,-7,-1,-7,0,-7,1,-7,1,-7,2,-7,2,-7,3,-7,4,-8,4,-7,4,0,0,-7,6,-8,6,-8,6,-8,7,-9,6,-9,7,-9,7,-9,7,-10,7,-10,6,-10,6,-11,5,-10,5,-10,5,-11,3,-11,3,-10,3,-10,3,-10,2,-10,2,-10,1,-10,1,-10,0,-9,-1,-9,-2,-8,-3,0,0,0,0,0,0,0,0,0,0,0,0,0,0,-71,-62,-69,-61,-71,-55,-63,-53,-66,-55,-55,-48,-55,-48,-54,-42,-49,-39,-48,-38,-50,-35,-46,-33,-44,-28,-47,-25,-41,-19,-43,-12,-43,-9,-37,-7,-34,-8,-38,-5,-36,3,-33,1,-30,5,-34,14,-34,13,-34,17,-34,21,-34,28,-33,28,-34,33,-31,31,-35,33,-34,35,-36,40,-41,40,-44,40,-43,42,-46,45,-47,40,-46,40,-47,39,-51,37,-53,34,-50,36,-50,28,-52,31,-52,26,-53,26,-47,23,-52,20,-50,18,-53,10,-50,12,-50,2,-51,5,-47,-1,-45,-9,0,0,0,0,0,0,0,0,0,0,0,0,0,0,0,0,0,0,0,0,0,0,44,24,40,29,38,28,36,34,31,35,24,36,27,38,25,37,25,35,20,32,20,35,20,29,24,27,16,25,15,22,12,19,16,15,18,18,16,10,20,9,15,4,22,2,21,4,18,0,21,-10,23,-10,23,-10,23,-9,26,-11,27,-21,26,-16,33,-25,32,-20,32,-27,35,-27,33,-28,33,-34,32,-37,34,-38,34,-44,31,-42,33,-53,36,-53,30,-59,31,-57,37,-66,38,-66,35,-67,39,-69,40,-75,40,-81,46,-77,52,-78,51,-83,49,-83,49,-86,53,-80,0,0]"
CSI_DATA,382,1a:00:00:00:00:00,-45,11,1,0,1,1,1,0,0,0,1,-96,0,11,2,5393551,0,44,0,384,0,"[0,0,0,0,0,0,0,0,0,0,0,0,5,13,5,12,6,12,5,11,5,11,5,10,5,9,5,8,5,8,5,7,5,6,5,5,6,5,6,4,5,4,6,3,5,2,5,2,6,1,6,0,6,0,6,-1,6,-2,7,-2,7,-3,7,-3,0,0,8,-4,9,-4,9,-4,9,-4,9,-4,10,-4,10,-4,10,-4,11,-4,11,-4,11,-3,10,-2,10,-2,10,-2,10,-1,10,-1,10,-1,9,-1,9,0,9,0,9,1,8,1,8,2,8,2,7,4,5,4,0,0,0,0,0,0,0,0,0,0,0,0,0,0,31,79,33,84,34,75,26,72,29,77,27,67,28,65,26,62,24,54,23,54,23,47,22,49,23,48,30,39,26,41,28,31,30,27,31,24,25,21,34,17,30,12,31,13,35,10,27,6,33,6,39,1,36,0,40,-8,41,-7,46,-12,40,-17,50,-11,50,-18,47,-18,48,-18,52,-18,55,-14,52,-13,61,-6,56,-5,64,-12,58,-11,61,-9,62,-10,60,0,63,-4,56,-2,57,3,53,9,50,9,52,15,50,12,45,14,42,20,38,22,38,22,30,27,0,0,0,0,0,0,0,0,0,0,0,0,0,0,0,0,0,0,0,0,0,0,-31,-40,-25,-41,-22,-45,-14,-43,-15,-47,-13,-46,-6,-43,-5,-42,-9,-42,-9,-41,-5,-42,-7,-37,-5,-38,-6,-28,-4,-26,-4,-28,-8,-23,-10,-21,-6,-19,-7,-16,-10,-9,-18,-12,-17,-14,-20,-9,-22,-3,-28,-2,-24,-9,-28,-3,-31,2,-35,7,-35,6,-37,5,-35,12,-38,8,-45,14,-45,16,-46,13,-41,18,-49,22,-48,30,-51,26,-52,27,-54,27,-54,37,-51,31,-61,41,-61,42,-59,43,-65,46,-68,49,-66,48,-75,53,-76,48,-82,48,-80,51,-77,47,-86,47,0,0]"
CSI_DATA,383,1a:00:00:00:00:00,-45,11,1,0,1,1,1,0,0,0,1,-96,0,11,2,5403081,0,44,0,384,0,"[0,0,0,0,0,0,0,0,0,0,0,0,-9,12,-9,11,-8,11,-7,10,-7,10,-7,9,-6,9,-5,9,-5,8,-4,8,-4,7,-3,7,-2,7,-1,6,-1,7,0,7,0,6,1,6,2,5,2,5,2,5,3,5,4,5,5,5,5,5,6,5,0,0,6,5,7,6,7,6,8,6,7,6,7,7,8,7,7,7,8,7,8,8,7,8,7,8,6,8,6,8,6,8,6,9,5,9,5,8,4,8,3,8,3,9,2,8,1,8,1,8,-1,8,-1,7,0,0,0,0,0,0,0,0,0,0,0,0,0,0,-47,71,-48,71,-40,74,-37,69,-36,72,-36,63,-36,64,-25,57,-30,55,-28,50,-18,54,-24,52,-17,45,-13,47,-15,46,-8,45,-9,42,-2,36,-3,35,8,35,10,34,7,31,17,24,18,26,17,24,25,25,30,27,32,24,31,25,39,29,39,22,44,25,44,24,49,25,48,22,45,28,51,23,53,30,50,30,53,31,48,33,47,35,45,35,46,37,42,37,47,39,42,40,40,43,32,38,37,38,29,39,28,42,31,42,17,44,17,43,13,42,4,40,0,0,0,0,0,0,0,0,0,0,0,0,0,0,0,0,0,0,0,0,0,0,29,-46,30,-39,32,-37,37,-36,40,-33,37,-28,32,-31,35,-25,33,-27,35,-22,35,-18,29,-19,25,-17,25,-18,25,-13,22,-17,19,-17,14,-18,11,-17,15,-14,8,-22,4,-20,-3,-18,-3,-20,-3,-19,-8,-25,-8,-25,-12,-25,-12,-29,-18,-26,-21,-25,-22,-31,-30,-28,-27,-27,-28,-29,-36,-28,-42,-29,-37,-35,-41,-30,-47,-29,-48,-29,-54,-29,-55,-30,-60,-24,-58,-23,-74,-25,-68,-25,-69,-23,-73,-26,-80,-32,-75,-32,-84,-32,-87,-39,-89,-33,-93,-40,-83,-37,-88,-43,0,0]"
CSI_DATA,384,1a:00:00:00:00:00,-45,11,1,0,1,1,1,0,0,0,1,-96,0,11,2,5413185,0,44,0,384,0,"[0,0,0,0,0,0,0,0,0,0,0,0,13,4,12,3,13,3,12,3,11,3,10,2,10,1,9,1,9,1,8,0,8,0,7,-1,7,-1,7,-1,6,-2,6,-3,5,-4,5,-4,4,-4,4,-5,4,-5,4,-6,4,-6,3,-7,3,-7,3,-7,0,0,3,-9,3,-9,4,-9,4,-10,4,-9,4,-10,5,-11,4,-10,5,-10,5,-10,6,-10,6,-9,6,-8,7,-9,7,-9,7,-8,7,-8,6,-7,7,-7,7,-6,7,-6,7,-5,8,-4,7,-4,7,-3,7,-2,0,0,0,0,0,0,0,0,0,0,0,0,0,0,45,10,43,10,42,8,39,7,39,8,35,9,33,8,32,8,31,5,27,5,28,3,28,2,27,1,24,0,23,1,21,-3,21,-4,19,-5,17,-7,15,-7,16,-9,14,-11,12,-13,12,-14,10,-14,9,-16,10,-16,7,-19,9,-18,7,-23,8,-23,8,-25,6,-23,8,-27,6,-26,10,-27,8,-29,8,-30,11,-29,11,-29,11,-27,14,-28,13,-27,14,-28,16,-26,15,-27,16,-23,18,-23,17,-22,17,-19,18,-19,18,-18,17,-18,20,-15,21,-12,20,-9,20,-7,0,0,0,0,0,0,0,0,0,0,0,0,0,0,0,0,0,0,0,0,0,0,-28,-4,-26,-5,-27,-5,-24,-7,-24,-9,-23,-13,-20,-10,-18,-10,-19,-11,-19,-10,-17,-12,-15,-11,-15,-8,-14,-9,-12,-8,-12,-5,-10,-6,-11,-5,-9,-5,-10,-1,-10,-1,-10,1,-11,2,-9,5,-9,5,-9,7,-8,7,-11,11,-8,12,-10,13,-7,13,-9,15,-10,17,-8,18,-8,20,-9,21,-7,22,-7,23,-6,25,-6,26,-4,25,-5,28,-4,30,-3,32,-3,31,3,34,1,36,1,37,1,40,-2,43,-1,44,-2,44,-4,45,-4,46,-5,49,-6,50,-6,50,0,0]"
CSI_DATA,385,1a:00:00:00:00:00,-45,11,1,0,1,1,1,0,0,0,1,-96,0,11,2,5433498,0,44,0,384,0,"[0,0,0,0,0,0,0,0,0,0,0,0,12,-7,12,-7,11,-7,11,-6,9,-6,9,-6,8,-6,8,-6,7,-6,6,-6,6,-6,5,-6,4,-6,4,-6,3,-6,3,-7,2,-6,1,-6,1,-6,0,-6,-1,-6,-2,-7,-2,-7,-2,-8,-3,-8,-3,-8,0,0,-4,-9,-4,-9,-4,-10,-4,-9,-4,-10,-4,-10,-4,-11,-4,-11,-4,-11,-4,-11,-4,-12,-2,-11,-2,-11,-2,-11,-2,-11,-1,-11,-1,-11,-1,-10,0,-10,0,-10,1,-10,1,-9,2,-8,2,-8,4,-8,3,-7,0,0,0,0,0,0,0,0,0,0,0,0,0,0,84,-25,86,-27,80,-29,72,-26,75,-30,67,-21,65,-23,65,-20,62,-24,54,-29,51,-28,48,-25,44,-30,41,-24,33,-22,29,-31,29,-27,25,-27,23,-24,19,-29,16,-31,11,-34,10,-32,4,-29,0,-34,2,-37,-5,-39,-9,-40,-5,-42,-14,-43,-9,-44,-15,-48,-11,-51,-17,-49,-19,-52,-17,-54,-16,-54,-18,-56,-17,-56,-14,-55,-14,-59,-8,-62,-10,-62,-9,-60,-1,-56,-8,-59,1,-58,0,-62,2,-51,3,-54,6,-53,6,-50,13,-53,15,-48,16,-43,21,-38,24,-34,0,0,0,0,0,0,0,0,0,0,0,0,0,0,0,0,0,0,0,0,0,0,-49,18,-45,16,-51,14,-48,7,-49,5,-47,2,-43,1,-42,-3,-43,-3,-41,-6,-42,-5,-36,-3,-37,-2,-34,-1,-27,-4,-25,0,-24,0,-26,-1,-17,2,-20,6,-15,5,-16,8,-12,14,-10,16,-6,17,-3,22,-7,22,-4,24,-4,31,-2,29,-2,29,2,36,0,37,3,39,4,42,10,41,11,42,14,46,15,47,19,50,21,47,25,56,24,48,28,58,30,53,30,58,36,62,39,64,41,68,39,78,40,72,47,78,41,80,46,74,44,88,40,88,43,88,0,0]"
CSI_DATA,386,1a:00:00:00:00:00,-45,11,1,0,1,1,1,0,0,0,1,-96,0,11,2,5463060,0,44,0,384,0,"[0,0,0,0,0,0,0,0,0,0,0,0,-5,-15,-4,-15,-6,-14,-5,-14,-5,-12,-4,-12,-5,-11,-4,-10,-4,-10,-5,-9,-5,-8,-5,-8,-6,-7,-6,-6,-5,-5,-6,-5,-6,-4,-6,-4,-7,-3,-7,-2,-7,-2,-8,-1,-7,-1,-8,0,-9,1,-9,1,0,0,-10,1,-11,2,-10,2,-11,2,-11,2,-11,1,-12,2,-12,1,-12,1,-12,0,-12,0,-12,0,-12,0,-12,-1,-12,-1,-12,-2,-11,-2,-11,-3,-10,-3,-10,-3,-10,-4,-9,-4,-9,-4,-8,-5,-7,-6,-6,-6,0,0,0,0,0,0,0,0,0,0,0,0,0,0,-34,-88,-29,-87,-30,-74,-32,-77,-28,-77,-26,-71,-24,-68,-24,-66,-28,-59,-23,-57,-25,-51,-23,-46,-28,-48,-26,-45,-26,-39,-29,-35,-28,-30,-31,-24,-30,-24,-29,-21,-31,-15,-29,-11,-37,-9,-32,-7,-35,-3,-39,3,-37,-2,-39,7,-41,10,-43,12,-44,16,-48,14,-48,15,-50,14,-52,16,-53,12,-54,17,-55,18,-58,15,-60,15,-60,12,-59,10,-61,6,-61,9,-55,1,-59,3,-58,-1,-59,-1,-54,-1,-52,-4,-51,-9,-49,-11,-46,-10,-46,-17,-43,-15,-37,-22,-33,-26,0,0,0,0,0,0,0,0,0,0,0,0,0,0,0,0,0,0,0,0,0,0,22,47,16,48,10,49,11,47,6,48,3,43,1,43,0,42,0,44,-1,43,-4,42,-4,38,0,32,-4,32,-3,25,-2,30,3,26,-1,19,4,18,7,18,8,16,10,13,15,9,16,8,18,3,21,7,21,4,23,6,28,2,31,-2,31,-3,35,-5,37,-3,35,-9,44,-7,44,-13,43,-14,46,-15,46,-19,51,-19,53,-23,52,-24,55,-29,57,-32,60,-29,59,-43,63,-37,67,-42,66,-47,74,-43,73,-45,77,-47,82,-42,84,-41,86,-43,88,-43,86,-44,0,0]"
CSI_DATA,387,1a:00:00:00:00:00,-45,11,1,0,1,1,1,0,0,0,1,-96,0,11,2,5473997,0,44,0,384,0,"[0,0,0,0,0,0,0,0,0,0,0,0,13,6,12,5,12,5,12,5,11,5,10,4,10,3,9,2,9,2,8,2,8,2,8,0,8,0,7,0,6,-1,6,-2,6,-2,6,-3,5,-3,4,-4,5,-4,4,-5,4,-5,4,-6,4,-7,4,-7,0,0,3,-8,4,-9,4,-9,4,-10,4,-9,4,-10,5,-10,5,-10,5,-10,6,-10,7,-10,7,-9,7,-9,7,-8,7,-9,7,-8,7,-8,7,-7,7,-7,7,-6,8,-5,8,-5,8,-4,8,-3,7,-2,7,-1,0,0,0,0,0,0,0,0,0,0,0,0,0,0,41,15,39,14,44,13,36,13,34,13,35,13,32,10,32,11,29,9,28,11,27,7,25,6,23,4,25,2,20,3,23,1,20,-4,18,-5,19,-4,15,-4,16,-6,15,-7,14,-10,11,-10,11,-12,12,-13,11,-16,9,-17,12,-17,9,-19,9,-20,11,-22,10,-23,9,-25,9,-22,12,-26,13,-26,11,-26,16,-26,14,-25,14,-26,16,-26,16,-25,17,-25,20,-24,19,-23,19,-22,19,-19,20,-18,20,-18,20,-17,19,-15,19,-13,21,-12,20,-10,19,-7,21,-3,0,0,0,0,0,0,0,0,0,0,0,0,0,0,0,0,0,0,0,0,0,0,-24,-2,-25,-8,-22,-7,-25,-8,-23,-13,-20,-13,-20,-11,-18,-14,-18,-12,-16,-12,-16,-14,-15,-12,-15,-11,-15,-11,-12,-10,-10,-8,-11,-6,-11,-8,-10,-2,-9,-4,-10,-1,-11,1,-8,2,-9,4,-9,5,-10,6,-9,4,-7,9,-8,9,-10,11,-7,11,-10,15,-9,15,-9,16,-8,18,-8,18,-11,20,-8,23,-8,22,-6,26,-8,24,-7,27,-8,31,-5,31,-6,31,-3,36,-6,36,-3,39,-3,41,-4,40,-6,41,-5,44,-11,44,-9,41,-6,50,-10,47,-10,46,0,0]"
CSI_DATA,388,1a:00:00:00:00:00,-48,11,1,0,1,1,1,0,0,0,1,-96,0,11,2,5483018,0,44,0,384,0,"[0,0,0,0,0,0,0,0,0,0,0,0,4,10,4,10,4,9,5,9,5,8,5,7,6,7,6,6,6,5,6,5,6,5,6,4,6,4,6,4,6,3,6,3,6,2,6,2,6,1,6,0,6,0,6,0,6,-1,6,-1,7,-1,7,-2,0,0,7,-3,8,-3,8,-4,9,-4,9,-4,9,-4,9,-4,9,-4,9,-3,10,-3,10,-3,10,-3,10,-2,10,-2,10,-2,9,-1,9,-1,8,0,8,1,8,1,7,2,6,2,6,3,5,3,4,4,4,4,0,0,0,0,0,0,0,0,0,0,0,0,0,0,92,-8,89,-8,86,-8,83,-9,79,-9,75,-9,71,-10,67,-10,63,-11,59,-12,56,-13,52,-14,48,-16,45,-17,42,-19,39,-20,36,-21,32,-22,29,-23,27,-25,24,-27,20,-28,17,-30,14,-31,12,-34,9,-36,7,-39,5,-41,3,-43,2,-46,0,-47,0,-50,-1,-52,-2,-54,-2,-55,-2,-57,-1,-58,0,-59,2,-59,3,-60,4,-61,7,-60,9,-60,11,-59,12,-58,14,-57,15,-56,17,-54,18,-52,20,-50,22,-47,23,-45,25,-41,27,-38,29,-36,31,-33,32,-31,0,0,0,0,0,0,0,0,0,0,0,0,0,0,0,0,0,0,0,0,0,0,-52,11,-52,9,-51,7,-51,4,-50,2,-49,-1,-47,-3,-46,-4,-44,-5,-42,-6,-40,-7,-38,-7,-36,-7,-33,-6,-31,-6,-29,-4,-27,-3,-24,-1,-22,1,-20,3,-18,6,-16,9,-15,11,-14,14,-12,16,-11,19,-9,22,-8,25,-7,28,-6,31,-4,33,-3,36,-2,38,0,41,1,43,3,46,4,48,6,50,8,53,10,55,12,56,14,59,17,62,19,63,21,66,23,68,24,71,26,73,27,77,27,79,26,83,26,86,26,89,25,91,25,92,24,93,23,93,0,0]"
CSI_DATA,389,1a:00:00:00:00:00,-45,11,1,0,1,1,1,0,0,0,1,-96,0,11,2,5493072,0,44,0,384,0,"[0,0,0,0,0,0,0,0,0,0,0,0,-15,6,-14,6,-12,5,-13,5,-12,5,-11,5,-11,6,-9,5,-9,5,-8,4,-8,5,-7,5,-6,5,-5,5,-4,5,-4,6,-3,6,-3,5,-2,6,-1,6,-1,6,0,6,1,6,1,7,1,8,2,8,0,0,3,8,3,9,3,10,3,9,4,9,4,10,3,10,3,10,3,11,2,11,2,11,1,11,1,11,1,11,0,10,0,11,0,10,0,10,-1,10,-2,9,-2,9,-2,9,-3,8,-4,8,-4,7,-4,6,0,0,0,0,0,0,0,0,0,0,0,0,0,0,-88,23,-88,25,-86,27,-76,24,-76,26,-69,18,-70,18,-65,20,-62,20,-55,21,-54,22,-45,23,-45,22,-42,24,-37,21,-33,25,-31,30,-30,27,-27,23,-19,31,-12,29,-13,29,-10,28,-9,35,-5,35,-2,37,2,38,4,42,2,41,13,41,9,42,15,46,14,44,13,50,14,50,15,52,15,55,18,56,14,58,10,61,8,61,6,56,11,58,7,61,3,56,6,59,2,56,1,54,-4,52,-5,52,-5,50,-8,51,-11,49,-17,46,-20,43,-20,37,-26,32,0,0,0,0,0,0,0,0,0,0,0,0,0,0,0,0,0,0,0,0,0,0,51,-17,48,-12,49,-8,50,-7,51,-3,49,-1,45,-1,43,6,44,3,40,4,35,6,33,7,34,3,33,6,28,6,29,1,22,-1,22,2,17,-1,20,-6,19,-5,16,-10,11,-12,15,-13,8,-16,6,-21,6,-22,5,-28,5,-27,2,-29,-4,-33,-1,-36,-1,-39,-4,-38,-4,-42,-4,-43,-6,-46,-12,-49,-12,-52,-17,-52,-19,-56,-24,-56,-24,-54,-26,-59,-28,-56,-30,-66,-30,-67,-38,-67,-38,-72,-37,-76,-39,-78,-48,-78,-41,-84,-37,-87,-42,-90,-43,-88,-39,-93,0,0]"
CSI_DATA,390,1a:00:00:00:00:00,-45,11,1,0,1,1,1,0,0,0,1,-96,0,11,2,5503169,0,44,0,384,0,"[0,0,0,0,0,0,0,0,0,0,0,0,9,10,9,9,9,9,9,9,8,8,7,7,8,6,7,6,7,6,7,5,6,4,7,3,6,3,6,2,6,2,6,1,6,0,5,0,5,-1,6,-2,6,-2,5,-3,6,-3,5,-4,6,-4,6,-5,0,0,6,-6,7,-6,7,-7,7,-7,7,-6,8,-7,8,-7,8,-6,9,-7,9,-6,9,-6,10,-5,9,-5,9,-4,10,-4,9,-4,9,-3,9,-3,9,-3,8,-2,8,-1,8,-1,8,0,8,1,7,1,6,2,0,0,0,0,0,0,0,0,0,0,0,0,0,0,62,65,59,63,65,59,54,57,54,62,48,52,50,49,49,45,48,47,43,45,43,35,37,39,41,32,40,27,38,25,41,17,39,17,35,11,35,11,33,8,33,0,34,1,33,-3,33,-8,37,-8,39,-14,33,-19,32,-19,33,-22,39,-31,39,-28,41,-30,36,-30,40,-35,41,-35,42,-33,46,-35,44,-36,54,-36,49,-30,50,-35,54,-28,52,-32,56,-25,52,-24,58,-28,57,-17,53,-22,52,-14,54,-12,47,-10,54,-5,53,-2,48,4,46,0,44,7,41,14,0,0,0,0,0,0,0,0,0,0,0,0,0,0,0,0,0,0,0,0,0,0,-47,-27,-43,-33,-43,-34,-37,-35,-34,-42,-27,-40,-28,-40,-21,-40,-19,-37,-22,-42,-22,-37,-17,-33,-16,-31,-14,-26,-13,-25,-14,-27,-19,-21,-16,-19,-14,-12,-17,-12,-14,-10,-19,-7,-21,-7,-19,-1,-20,4,-24,7,-23,5,-22,11,-28,18,-29,16,-25,18,-33,22,-35,25,-28,24,-32,25,-38,28,-35,36,-34,38,-34,42,-40,42,-37,45,-39,51,-38,43,-41,58,-36,55,-46,58,-42,59,-44,63,-41,67,-49,71,-48,75,-49,75,-60,72,-57,75,-57,83,-60,73,-61,76,0,0]"
CSI_DATA,391,1a:00:00:00:00:00,-45,11,1,0,1,1,1,0,0,0,1,-96,0,11,2,5513101,0,44,0,384,0,"[0,0,0,0,0,0,0,0,0,0,0,0,13,6,13,5,12,4,12,5,11,4,10,3,10,3,9,3,8,2,8,1,8,1,7,0,7,0,7,-1,6,-1,6,-2,6,-3,5,-3,5,-3,5,-4,4,-4,4,-5,4,-5,4,-7,4,-7,4,-8,0,0,3,-9,4,-9,4,-9,4,-10,4,-9,5,-10,5,-10,5,-10,5,-10,6,-10,6,-10,6,-9,7,-9,7,-9,7,-8,7,-8,7,-8,7,-7,7,-6,7,-7,7,-5,7,-5,7,-4,7,-3,7,-2,7,-1,0,0,0,0,0,0,0,0,0,0,0,0,0,0,38,27,35,26,36,23,33,21,31,21,28,21,29,18,29,20,25,15,25,16,25,14,23,11,23,11,21,7,20,9,19,4,21,4,21,2,20,1,16,-1,17,-5,14,-4,15,-7,15,-9,13,-9,14,-12,12,-12,14,-17,13,-17,13,-18,12,-17,14,-20,13,-20,15,-22,14,-22,16,-24,17,-22,17,-23,16,-22,19,-23,18,-22,21,-24,20,-22,22,-22,23,-20,21,-19,22,-18,22,-16,22,-16,22,-15,22,-13,22,-12,22,-10,22,-8,21,-6,21,-3,21,0,0,0,0,0,0,0,0,0,0,0,0,0,0,0,0,0,0,0,0,0,0,0,-24,-14,-21,-18,-19,-17,-19,-19,-18,-17,-15,-21,-13,-19,-11,-19,-12,-19,-11,-18,-8,-18,-9,-17,-9,-17,-7,-15,-6,-15,-6,-11,-9,-11,-7,-8,-10,-7,-8,-5,-8,-5,-8,-3,-9,-2,-11,-1,-9,1,-11,2,-11,4,-12,6,-12,5,-14,10,-11,10,-16,11,-14,12,-15,14,-16,13,-16,15,-14,17,-15,17,-17,18,-17,25,-18,22,-15,24,-16,28,-16,27,-16,29,-16,32,-16,33,-16,33,-17,37,-19,36,-19,37,-20,41,-22,42,-21,39,-24,43,-22,45,-21,43,0,0]"
CSI_DATA,392,1a:00:00:00:00:00,-45,11,1,0,1,1,1,0,0,0,1,-96,0,11,2,5523079,0,44,0,384,0,"[0,0,0,0,0,0,0,0,0,0,0,0,-13,7,-12,7,-11,7,-11,6,-10,6,-10,6,-9,6,-8,6,-8,6,-7,5,-6,6,-5,6,-5,5,-4,6,-4,5,-3,6,-2,6,-2,6,-1,5,0,6,0,6,1,6,1,6,3,6,3,7,3,7,0,0,4,7,4,8,5,8,5,8,5,8,5,9,5,9,5,9,5,10,5,10,5,10,4,10,3,10,3,10,2,10,2,11,2,10,2,10,1,10,0,9,-1,9,-1,9,-2,9,-2,8,-3,8,-4,7,0,0,0,0,0,0,0,0,0,0,0,0,0,0,-12,88,-18,86,-7,85,-8,83,-11,82,-11,73,-10,70,-8,66,-5,61,-2,64,0,56,-1,55,1,53,6,47,8,49,6,40,11,39,12,36,11,32,17,30,17,28,16,24,22,25,30,22,28,18,35,14,32,14,40,10,39,10,43,11,44,12,47,7,47,6,52,8,54,9,55,10,59,12,57,11,58,14,60,12,59,14,58,23,58,19,57,21,54,25,56,23,53,31,46,26,43,30,45,27,42,28,45,30,35,33,31,36,26,33,24,39,16,37,0,0,0,0,0,0,0,0,0,0,0,0,0,0,0,0,0,0,0,0,0,0,-4,-53,4,-51,8,-52,11,-56,12,-50,17,-47,13,-45,14,-45,19,-40,20,-36,23,-34,18,-36,15,-30,18,-28,16,-24,11,-23,8,-19,8,-21,5,-19,5,-18,-3,-15,-5,-16,-6,-18,-14,-14,-15,-13,-18,-13,-21,-15,-22,-14,-23,-12,-27,-13,-28,-11,-35,-11,-37,-13,-42,-8,-39,-10,-46,-8,-42,-8,-52,-7,-53,-4,-56,-5,-62,-2,-61,4,-62,0,-66,6,-71,2,-66,13,-70,5,-77,9,-76,8,-86,4,-88,7,-93,10,-101,2,-88,5,-100,-6,-93,-3,-97,-1,0,0]"
CSI_DATA,393,1a:00:00:00:00:00,-45,11,1,0,1,1,1,0,0,0,1,-96,0,11,2,5543052,0,44,0,384,0,"[0,0,0,0,0,0,0,0,0,0,0,0,-13,-10,-12,-9,-12,-8,-12,-9,-11,-8,-10,-7,-10,-6,-9,-5,-9,-5,-8,-5,-8,-5,-9,-3,-8,-3,-8,-2,-8,-2,-7,-1,-7,0,-7,0,-7,1,-7,2,-7,2,-7,3,-7,4,-7,4,-7,5,-7,6,0,0,-7,6,-7,6,-8,8,-7,7,-8,7,-8,8,-9,8,-9,7,-9,7,-9,7,-10,7,-10,6,-10,5,-10,6,-10,5,-10,5,-10,4,-10,4,-10,3,-9,3,-10,2,-10,2,-9,1,-9,0,-9,-1,-8,-2,0,0,0,0,0,0,0,0,0,0,0,0,0,0,-38,-30,-35,-28,-36,-27,-35,-24,-33,-25,-30,-23,-31,-21,-28,-21,-26,-19,-25,-18,-26,-15,-24,-14,-24,-13,-21,-10,-22,-12,-21,-6,-22,-7,-18,-5,-19,-2,-19,0,-20,2,-17,1,-16,5,-16,5,-17,7,-15,8,-15,10,-16,14,-16,13,-16,15,-14,17,-17,17,-16,17,-16,18,-16,20,-21,20,-20,22,-19,22,-23,22,-23,22,-22,19,-25,19,-24,18,-26,18,-27,17,-26,17,-26,14,-26,13,-24,11,-26,11,-26,9,-24,7,-23,7,-23,3,-22,3,-23,0,-23,-2,0,0,0,0,0,0,0,0,0,0,0,0,0,0,0,0,0,0,0,0,0,0,25,11,22,14,20,16,20,17,17,16,16,18,15,19,12,19,13,19,10,17,10,17,10,17,10,15,9,14,8,12,6,12,10,10,8,9,7,6,8,4,9,3,7,2,8,1,8,-2,9,-3,9,-2,10,-7,9,-6,14,-9,12,-12,12,-11,14,-12,16,-14,14,-16,14,-16,15,-17,15,-19,16,-20,15,-20,15,-25,18,-24,15,-27,15,-28,17,-32,16,-31,12,-34,16,-32,17,-36,16,-36,20,-39,20,-41,21,-42,22,-42,24,-40,23,-45,23,-44,26,-44,0,0]"
CSI_DATA,394,1a:00:00:00:00:00,-45,11,1,0,1,1,1,0,0,0,1,-96,0,11,2,5553546,0,44,0,384,0,"[0,0,0,0,0,0,0,0,0,0,0,0,14,2,13,2,12,2,12,2,11,2,10,1,10,1,9,0,9,0,8,0,8,-1,7,-1,7,-1,6,-2,6,-2,6,-3,5,-3,4,-4,4,-5,4,-5,4,-5,3,-6,3,-6,3,-7,3,-7,2,-8,0,0,2,-9,3,-9,3,-10,3,-10,3,-10,3,-10,3,-10,3,-10,4,-11,4,-11,5,-11,5,-10,5,-9,5,-9,5,-8,6,-9,6,-8,6,-8,6,-7,6,-6,6,-6,7,-5,7,-5,7,-4,7,-3,6,-3,0,0,0,0,0,0,0,0,0,0,0,0,0,0,45,10,43,8,44,7,41,9,38,8,36,7,36,7,34,6,31,5,30,4,28,3,26,1,25,1,24,1,23,1,22,-2,20,-4,19,-5,17,-7,15,-7,15,-11,12,-9,12,-11,12,-13,11,-14,8,-16,8,-16,7,-18,8,-19,4,-21,7,-22,6,-25,7,-25,8,-26,7,-27,8,-27,7,-30,9,-31,9,-29,10,-28,11,-29,13,-28,14,-28,16,-29,14,-26,14,-27,15,-24,16,-24,15,-21,17,-22,17,-19,17,-19,17,-17,20,-16,19,-12,20,-9,19,-7,0,0,0,0,0,0,0,0,0,0,0,0,0,0,0,0,0,0,0,0,0,0,-28,-2,-27,-4,-27,-6,-27,-8,-26,-8,-22,-10,-23,-12,-20,-11,-20,-12,-20,-10,-18,-12,-16,-11,-17,-10,-15,-8,-13,-9,-12,-8,-12,-7,-9,-6,-11,-3,-9,-2,-9,-2,-9,1,-9,4,-7,5,-8,6,-9,7,-7,8,-7,10,-9,11,-8,15,-7,15,-8,17,-8,19,-6,21,-7,22,-7,20,-4,22,-7,24,-5,26,-4,28,-6,28,-3,31,-3,31,-2,34,-1,34,2,35,1,37,1,39,0,40,-2,42,-2,46,-1,45,-4,46,-4,45,-4,51,-3,50,-4,49,0,0]"
CSI_DATA,395,1a:00:00:00:00:00,-45,11,1,0,1,1,1,0,0,0,1,-96,0,11,2,5583046,0,44,0,384,0,"[0,0,0,0,0,0,0,0,0,0,0,0,-14,-7,-14,-7,-13,-6,-13,-7,-12,-5,-11,-5,-11,-4,-10,-4,-10,-3,-9,-3,-9,-3,-9,-2,-8,-1,-8,-1,-8,0,-8,1,-7,1,-7,1,-6,2,-6,3,-6,3,-6,4,-6,4,-5,5,-6,6,-5,6,0,0,-5,8,-6,8,-7,8,-6,9,-6,8,-7,8,-7,9,-7,8,-7,9,-8,8,-8,8,-9,8,-9,7,-9,7,-9,6,-9,6,-9,6,-9,5,-9,5,-9,4,-9,3,-9,3,-9,2,-9,1,-9,0,-8,0,0,0,0,0,0,0,0,0,0,0,0,0,0,0,-35,-27,-34,-26,-35,-26,-30,-27,-30,-24,-27,-25,-31,-21,-30,-21,-27,-20,-24,-18,-25,-16,-23,-14,-24,-14,-21,-12,-21,-9,-20,-5,-22,-6,-20,-3,-19,-3,-17,-1,-18,3,-15,2,-17,5,-16,4,-16,6,-16,7,-15,9,-16,13,-15,13,-15,15,-15,15,-17,19,-16,17,-20,20,-16,18,-20,19,-21,19,-19,21,-23,17,-23,18,-21,17,-24,19,-24,17,-25,17,-23,16,-25,15,-26,13,-23,14,-23,9,-23,8,-25,8,-24,6,-23,7,-23,3,-24,3,-23,-1,-21,-4,0,0,0,0,0,0,0,0,0,0,0,0,0,0,0,0,0,0,0,0,0,0,24,11,22,14,22,13,19,16,17,16,17,18,14,17,12,20,14,17,11,17,9,16,10,16,9,15,8,13,9,12,6,12,8,8,6,8,8,5,7,5,7,4,8,2,6,1,8,-3,10,-1,8,-5,11,-5,10,-6,11,-8,13,-10,11,-11,14,-13,13,-13,14,-14,16,-17,15,-15,13,-16,15,-19,15,-20,15,-24,15,-23,13,-25,15,-26,14,-30,16,-30,15,-32,15,-33,16,-34,17,-35,18,-37,20,-40,19,-41,23,-40,20,-38,25,-43,26,-43,25,-41,0,0]"
CSI_DATA,396,1a:00:00:00:00:00,-45,11,1,0,1,1,1,0,0,0,1,-96,0,11,2,5593040,0,44,0,384,0,"[0,0,0,0,0,0,0,0,0,0,0,0,3,-15,2,-14,1,-13,2,-13,1,-12,2,-11,0,-11,0,-10,0,-10,0,-9,0,-9,-1,-8,-2,-8,-2,-7,-2,-7,-3,-7,-4,-6,-3,-6,-4,-5,-5,-5,-5,-5,-6,-4,-6,-4,-7,-4,-7,-4,-8,-3,0,0,-9,-3,-9,-4,-10,-3,-10,-4,-10,-4,-10,-4,-10,-4,-10,-5,-11,-5,-10,-6,-10,-6,-9,-6,-9,-7,-9,-7,-8,-7,-8,-7,-8,-7,-7,-7,-7,-7,-6,-7,-6,-8,-5,-8,-4,-8,-4,-8,-2,-8,-2,-8,0,0,0,0,0,0,0,0,0,0,0,0,0,0,12,-46,15,-43,10,-41,8,-38,12,-40,11,-36,9,-34,9,-34,7,-30,8,-29,3,-29,5,-27,3,-27,1,-23,4,-22,-1,-23,-1,-24,-3,-20,-4,-19,-5,-16,-7,-18,-10,-16,-11,-12,-13,-13,-13,-13,-16,-13,-16,-13,-15,-11,-18,-10,-20,-8,-18,-10,-24,-10,-23,-12,-25,-10,-25,-10,-25,-10,-28,-12,-26,-13,-27,-16,-28,-14,-25,-16,-25,-18,-24,-19,-25,-19,-24,-19,-22,-19,-20,-22,-20,-21,-17,-18,-18,-21,-16,-20,-15,-22,-14,-21,-10,-23,-8,-20,-5,-23,-2,-20,0,0,0,0,0,0,0,0,0,0,0,0,0,0,0,0,0,0,0,0,0,0,1,29,-2,27,-5,24,-6,23,-5,22,-10,21,-8,21,-11,22,-9,21,-11,16,-11,19,-11,17,-9,15,-9,13,-8,13,-7,13,-6,11,-5,7,-3,9,0,9,0,7,1,10,4,7,6,7,6,6,7,9,11,7,11,7,12,9,14,5,14,4,18,5,17,4,16,6,20,5,19,6,24,7,23,5,25,7,27,3,28,3,30,4,32,3,34,1,30,0,39,1,37,-1,38,0,40,1,42,3,44,2,47,3,48,6,45,5,47,5,48,7,46,9,0,0]"
CSI_DATA,397,1a:00:00:00:00:00,-45,11,1,0,1,1,1,0,0,0,1,-96,0,11,2,5603034,0,44,0,384,0,"[0,0,0,0,0,0,0,0,0,0,0,0,14,0,14,-1,12,-1,13,-1,12,0,11,-1,11,-1,9,-2,9,-2,8,-2,8,-2,7,-3,7,-3,6,-3,5,-4,5,-5,5,-5,4,-5,3,-5,3,-6,3,-6,2,-7,2,-6,1,-7,2,-8,1,-9,0,0,1,-9,1,-10,1,-10,1,-11,1,-11,1,-11,1,-11,2,-11,2,-12,2,-12,2,-11,3,-11,4,-10,4,-11,4,-10,4,-10,5,-10,4,-9,5,-9,5,-8,5,-8,6,-7,6,-6,6,-6,6,-4,6,-4,0,0,0,0,0,0,0,0,0,0,0,0,0,0,46,0,43,3,43,-2,40,-1,38,-1,33,1,33,2,34,2,31,0,29,-1,28,-4,26,-6,28,-4,24,-6,20,-5,18,-7,20,-10,17,-9,17,-9,13,-11,11,-12,10,-12,9,-14,8,-16,7,-15,6,-17,4,-18,3,-21,3,-21,3,-22,3,-21,1,-24,2,-24,1,-28,0,-27,4,-26,1,-31,3,-31,4,-30,3,-30,4,-31,6,-30,6,-29,8,-30,9,-30,10,-28,10,-27,11,-25,11,-24,11,-24,10,-23,13,-23,16,-19,18,-18,17,-14,17,-13,17,-12,0,0,0,0,0,0,0,0,0,0,0,0,0,0,0,0,0,0,0,0,0,0,-28,1,-26,-2,-26,-3,-27,-3,-26,-3,-23,-8,-24,-6,-23,-9,-22,-9,-20,-11,-18,-8,-17,-7,-19,-7,-17,-8,-16,-8,-13,-6,-14,-5,-11,-5,-9,-2,-10,-1,-8,0,-10,4,-9,3,-7,5,-9,7,-8,8,-8,10,-8,10,-9,12,-6,15,-5,14,-5,17,-5,19,-5,20,-4,21,-2,23,-2,21,-2,24,-1,29,0,30,1,30,4,29,2,30,3,34,5,31,8,33,6,33,8,35,8,39,5,41,4,43,5,43,3,47,5,46,4,49,6,52,2,51,0,0]"
CSI_DATA,398,1a:00:00:00:00:00,-45,11,1,0,1,1,1,0,0,0,1,-96,0,11,2,5615424,0,44,0,384,0,"[0,0,0,0,0,0,0,0,0,0,0,0,6,-14,5,-13,4,-13,4,-12,4,-11,4,-11,3,-11,3,-10,3,-9,1,-9,2,-9,0,-9,0,-8,-1,-7,-1,-7,-2,-8,-2,-6,-2,-6,-3,-6,-4,-6,-4,-5,-5,-5,-5,-5,-6,-5,-7,-5,-7,-5,0,0,-8,-5,-8,-5,-8,-6,-9,-6,-8,-6,-9,-6,-9,-6,-9,-6,-9,-7,-9,-8,-9,-8,-8,-9,-7,-8,-7,-8,-7,-9,-7,-9,-7,-9,-6,-9,-5,-9,-5,-9,-4,-9,-3,-9,-3,-9,-2,-8,-1,-9,0,-8,0,0,0,0,0,0,0,0,0,0,0,0,0,0,25,-38,23,-37,23,-39,22,-36,20,-34,18,-34,17,-29,19,-29,15,-26,14,-26,10,-27,10,-26,8,-26,9,-21,7,-22,4,-22,3,-21,2,-20,3,-17,-1,-17,-4,-18,-4,-18,-7,-14,-10,-15,-6,-15,-12,-15,-13,-13,-15,-13,-17,-14,-17,-15,-17,-16,-20,-15,-19,-16,-20,-18,-22,-16,-23,-20,-24,-18,-24,-20,-23,-21,-23,-20,-22,-23,-21,-22,-21,-23,-22,-24,-20,-23,-17,-24,-20,-23,-17,-25,-13,-22,-12,-22,-13,-23,-12,-25,-9,-22,-6,-23,-5,-24,-3,-24,0,-21,0,0,0,0,0,0,0,0,0,0,0,0,0,0,0,0,0,0,0,0,0,0,-9,24,-12,24,-14,20,-17,20,-17,20,-17,16,-16,16,-17,14,-18,17,-19,14,-17,13,-15,13,-13,11,-14,9,-13,9,-11,8,-11,10,-8,9,-6,7,-5,7,-5,6,-1,8,0,9,1,8,3,6,4,10,5,8,7,11,6,10,10,11,11,12,14,10,15,12,17,11,17,12,19,13,18,11,20,12,21,12,26,12,24,13,24,11,28,12,28,11,31,13,33,9,33,12,37,11,33,13,39,16,39,14,44,16,43,20,41,19,44,22,43,20,41,20,0,0]"
CSI_DATA,399,1a:00:00:00:00:00,-45,11,1,0,1,1,1,0,0,0,1,-96,0,11,2,5623296,0,44,0,384,0,"[0,0,0,0,0,0,0,0,0,0,0,0,-8,-12,-7,-11,-8,-11,-7,-11,-8,-11,-6,-9,-7,-9,-6,-8,-6,-8,-6,-7,-6,-7,-7,-6,-6,-5,-6,-5,-6,-4,-7,-3,-6,-2,-6,-2,-6,-1,-7,-1,-6,-1,-7,0,-7,1,-7,1,-8,2,-8,2,0,0,-8,2,-9,3,-9,3,-10,3,-9,3,-10,3,-10,3,-10,3,-10,3,-11,2,-11,2,-11,1,-11,1,-10,1,-11,0,-10,0,-10,-1,-9,-1,-10,-1,-9,-2,-9,-2,-8,-2,-9,-3,-8,-4,-6,-5,-6,-5,0,0,0,0,0,0,0,0,0,0,0,0,0,0,-60,-72,-63,-71,-56,-61,-49,-65,-54,-65,-45,-58,-47,-52,-43,-52,-44,-48,-42,-44,-44,-42,-36,-39,-38,-33,-40,-29,-35,-31,-37,-24,-40,-21,-39,-14,-35,-12,-38,-10,-36,-4,-37,-5,-34,4,-34,3,-35,10,-38,12,-35,13,-38,17,-38,15,-39,26,-42,25,-43,25,-42,28,-44,28,-47,29,-47,29,-48,33,-48,30,-51,27,-54,30,-57,27,-58,25,-58,19,-59,25,-54,18,-63,16,-55,10,-57,10,-53,9,-53,7,-55,6,-52,0,-47,-2,-48,-7,-47,-9,-47,-17,-39,-22,0,0,0,0,0,0,0,0,0,0,0,0,0,0,0,0,0,0,0,0,0,0,49,31,41,33,37,35,36,36,30,41,29,42,27,40,24,41,24,39,22,36,19,38,15,33,18,35,15,30,11,27,13,26,13,21,13,21,13,13,13,13,14,14,19,8,17,5,19,-2,16,0,21,-5,20,-5,25,-11,27,-14,31,-15,26,-16,33,-21,32,-22,31,-27,35,-29,35,-29,39,-31,36,-33,37,-38,41,-46,39,-45,40,-49,43,-47,41,-56,39,-54,47,-60,45,-63,44,-63,43,-68,54,-70,52,-73,57,-76,59,-72,60,-70,67,-78,60,-73,69,-74,0,0]"
CSI_DATA,400,1a:00:00:00:00:00,-45,11,1,0,1,1,1,0,0,0,1,-96,0,11,2,5634117,0,44,0,384,0,"[0,0,0,0,0,0,0,0,0,0,0,0,-15,-3,-14,-2,-13,-2,-14,-2,-12,-2,-11,-1,-11,0,-10,-1,-10,0,-9,0,-8,0,-8,1,-8,1,-7,1,-7,2,-6,3,-6,3,-5,3,-5,3,-4,4,-4,4,-4,5,-4,5,-3,6,-3,7,-3,7,0,0,-2,8,-3,8,-3,9,-3,9,-3,9,-3,9,-3,9,-4,10,-4,10,-4,10,-5,9,-6,9,-6,9,-6,9,-6,8,-6,8,-6,7,-6,7,-7,7,-6,6,-7,6,-7,5,-7,5,-8,3,-8,2,-7,2,0,0,0,0,0,0,0,0,0,0,0,0,0,0,-48,-8,-43,-8,-45,-4,-41,-5,-39,-4,-39,-7,-35,-5,-39,-5,-31,-3,-32,-2,-30,-1,-27,0,-26,0,-24,2,-23,2,-22,4,-21,5,-19,8,-17,6,-17,9,-16,11,-16,9,-12,14,-10,12,-10,13,-10,18,-7,15,-6,19,-5,19,-5,24,-4,22,-4,25,-6,22,-4,27,-2,25,-6,30,-4,26,-5,30,-8,28,-7,27,-6,27,-9,26,-10,29,-11,31,-12,28,-12,24,-13,24,-12,25,-15,24,-14,22,-15,20,-16,20,-17,18,-17,14,-18,13,-18,12,-20,8,0,0,0,0,0,0,0,0,0,0,0,0,0,0,0,0,0,0,0,0,0,0,25,0,27,2,24,4,27,7,24,7,25,9,22,8,22,10,20,9,18,9,16,10,16,9,16,9,14,9,14,7,10,6,11,4,9,5,10,2,10,-1,10,-1,9,-2,7,-4,9,-5,8,-8,7,-9,7,-10,5,-13,6,-12,7,-15,4,-14,7,-18,7,-19,6,-21,6,-22,5,-22,4,-23,4,-25,4,-26,1,-31,2,-31,0,-31,1,-35,-1,-32,1,-35,-6,-35,-3,-36,-4,-39,-4,-42,-2,-44,-4,-46,-4,-46,-2,-52,-1,-45,1,-49,-1,-52,1,-50,0,0]"
CSI_DATA,401,1a:00:00:00:00:00,-45,11,1,0,1,1,1,0,0,0,1,-96,0,11,2,5643107,0,44,0,384,0,"[0,0,0,0,0,0,0,0,0,0,0,0,-6,12,-5,13,-5,12,-4,11,-4,11,-5,10,-3,10,-3,9,-3,8,-2,8,-2,8,-1,7,0,7,0,6,0,6,1,6,1,6,1,5,2,5,3,5,4,4,4,4,4,4,5,4,6,4,6,4,0,0,7,4,8,4,8,4,8,4,8,5,8,5,9,5,9,5,9,6,8,6,8,7,7,7,7,7,7,7,6,7,6,8,6,7,6,7,5,8,5,7,4,8,3,7,2,7,2,7,0,7,0,7,0,0,0,0,0,0,0,0,0,0,0,0,0,0,-14,43,-15,41,-15,40,-9,36,-10,40,-9,34,-9,31,-10,31,-9,30,-6,30,-3,27,-4,26,-3,25,-4,24,-2,22,-1,22,0,21,2,17,2,17,3,16,6,16,9,18,9,14,10,12,9,12,14,13,16,9,17,8,18,9,18,9,19,9,18,12,22,11,23,9,24,10,24,11,24,12,25,11,25,16,25,14,24,14,25,15,24,18,24,17,21,18,23,18,19,19,19,19,18,19,16,21,14,18,13,19,10,21,8,21,6,21,5,20,2,20,0,0,0,0,0,0,0,0,0,0,0,0,0,0,0,0,0,0,0,0,0,0,-4,-27,-1,-28,2,-28,4,-27,6,-24,7,-24,5,-23,8,-21,7,-22,8,-18,7,-18,8,-18,9,-18,7,-15,7,-14,6,-13,3,-13,4,-11,4,-10,0,-10,1,-9,-3,-8,-5,-10,-7,-8,-6,-8,-9,-6,-9,-7,-11,-7,-13,-8,-17,-6,-17,-8,-18,-8,-18,-8,-20,-6,-20,-7,-24,-4,-22,-6,-28,-4,-25,-4,-28,-3,-28,-2,-33,-4,-34,-2,-32,-1,-33,-2,-40,-2,-40,-1,-40,1,-39,-1,-44,-2,-43,-4,-48,-2,-50,-5,-47,-8,-50,-6,-47,-7,-48,-10,0,0]"
CSI_DATA,402,1a:00:00:00:00:00,-45,11,1,0,1,1,1,0,0,0,1,-96,0,11,2,5653680,0,44,0,384,0,"[0,0,0,0,0,0,0,0,0,0,0,0,13,6,12,5,12,5,12,5,10,5,10,4,9,3,9,3,8,2,8,1,8,1,7,0,7,0,7,-1,6,-1,6,-3,5,-3,5,-3,4,-3,5,-4,5,-5,4,-5,4,-6,4,-7,4,-7,4,-7,0,0,3,-9,4,-9,4,-9,4,-10,4,-10,4,-10,5,-10,4,-10,4,-10,6,-10,6,-10,6,-9,6,-9,6,-9,6,-8,6,-8,7,-8,7,-7,6,-7,6,-7,7,-6,7,-5,7,-5,7,-4,7,-3,6,-2,0,0,0,0,0,0,0,0,0,0,0,0,0,0,43,18,42,17,41,14,37,15,37,11,33,16,32,12,32,11,31,10,27,10,26,8,27,6,27,5,24,1,22,2,22,-2,19,-4,20,-4,18,-4,18,-6,15,-8,15,-7,12,-11,10,-11,12,-14,9,-15,9,-16,11,-19,11,-19,6,-20,8,-22,7,-24,10,-23,8,-25,6,-25,9,-26,9,-28,7,-29,9,-28,11,-30,13,-30,15,-29,15,-26,15,-29,15,-25,16,-27,18,-22,18,-23,16,-22,17,-20,17,-18,17,-18,17,-17,19,-11,19,-10,19,-10,19,-6,0,0,0,0,0,0,0,0,0,0,0,0,0,0,0,0,0,0,0,0,0,0,-27,-9,-25,-13,-23,-13,-25,-15,-22,-15,-20,-16,-20,-17,-19,-15,-17,-17,-17,-14,-13,-17,-13,-13,-13,-12,-11,-12,-11,-12,-11,-11,-12,-11,-11,-8,-12,-6,-10,-4,-9,-1,-8,-2,-9,0,-10,3,-8,2,-11,6,-12,6,-11,9,-12,10,-10,11,-11,12,-11,14,-10,16,-11,17,-10,18,-12,20,-12,21,-11,23,-12,26,-10,26,-11,28,-10,29,-12,30,-9,33,-9,32,-4,38,-7,36,-5,38,-7,40,-8,44,-10,44,-9,45,-12,44,-12,44,-13,48,-10,46,-12,48,0,0]"
CSI_DATA,403,1a:00:00:00:00:00,-45,11,1,0,1,1,1,0,0,0,1,-96,0,11,2,5673049,0,44,0,384,0,"[0,0,0,0,0,0,0,0,0,0,0,0,-1,-15,-1,-14,-2,-14,-2,-14,-2,-13,-1,-11,-2,-11,-2,-11,-2,-10,-3,-9,-2,-9,-3,-8,-3,-7,-4,-7,-4,-6,-5,-6,-5,-5,-5,-5,-5,-4,-6,-4,-6,-3,-7,-2,-7,-3,-8,-2,-8,-2,-9,-1,0,0,-9,-1,-10,-1,-10,-1,-10,-1,-10,-1,-11,-2,-11,-1,-11,-1,-12,-2,-12,-3,-12,-3,-11,-4,-11,-4,-11,-4,-10,-5,-10,-5,-10,-5,-9,-5,-9,-5,-8,-5,-8,-6,-8,-6,-7,-6,-6,-7,-5,-7,-4,-7,0,0,0,0,0,0,0,0,0,0,0,0,0,0,-1,-44,5,-45,2,-42,2,-43,2,-40,4,-37,1,-34,0,-34,3,-31,0,-31,-1,-29,-2,-29,-3,-27,-4,-25,-5,-22,-7,-23,-7,-18,-6,-18,-8,-16,-9,-16,-12,-15,-12,-13,-14,-12,-14,-9,-15,-7,-18,-9,-19,-7,-21,-6,-22,-6,-23,-5,-23,-5,-23,-4,-23,-3,-26,-5,-28,-3,-27,-5,-31,-4,-28,-5,-29,-6,-32,-8,-29,-7,-31,-11,-27,-9,-30,-10,-27,-14,-28,-11,-26,-14,-24,-14,-21,-14,-22,-14,-18,-15,-21,-17,-19,-16,-17,-16,-16,-18,-12,-21,-10,-19,0,0,0,0,0,0,0,0,0,0,0,0,0,0,0,0,0,0,0,0,0,0,6,27,0,26,-1,25,-4,26,-3,26,-5,23,-6,22,-6,21,-10,22,-8,19,-8,18,-5,17,-8,19,-7,14,-7,13,-7,13,-4,14,-3,11,-3,8,0,9,1,8,3,8,3,10,3,6,6,6,10,6,10,6,11,6,10,6,14,4,12,5,17,4,17,3,18,4,23,2,20,4,23,2,25,1,25,0,26,-2,28,-2,30,-3,31,-1,33,-3,32,-4,36,-8,37,-7,38,-5,39,-6,42,-8,43,-7,43,-8,46,-5,48,-6,49,-6,46,-4,45,-1,0,0]"
