type,id,mac,rssi,rate,sig_mode,mcs,bandwidth,smoothing,not_sounding,aggregation,stbc,fec_coding,sgi,noise_floor,ampdu_cnt,channel,secondary_channel,local_timestamp,ant,sig_len,rx_state,len,first_word,data
CSI_DATA,46,2a:00:00:00:00:00,-44,11,1,0,1,1,1,0,0,0,1,-96,0,11,2,864656,0,44,0,384,0,"[0,0,0,0,0,0,0,0,0,0,0,0,6,-11,6,-11,5,-12,5,-12,4,-12,6,-12,5,-12,5,-13,5,-12,4,-13,5,-13,4,-13,4,-13,4,-13,4,-13,4,-14,3,-14,4,-13,3,-13,3,-13,3,-13,3,-14,4,-14,3,-14,3,-14,3,-14,0,0,4,-14,4,-14,3,-14,4,-13,3,-13,4,-13,4,-12,4,-12,4,-12,5,-12,4,-11,5,-10,4,-10,4,-10,4,-9,5,-8,5,-9,4,-7,4,-7,4,-7,4,-6,4,-6,4,-5,4,-5,4,-5,3,-4,0,0,0,0,0,0,0,0,0,0,0,0,0,0,24,-53,27,-57,23,-55,27,-54,26,-62,24,-60,22,-61,26,-63,24,-64,19,-63,22,-62,22,-65,21,-70,21,-66,23,-70,17,-68,20,-75,14,-70,15,-71,15,-69,19,-73,16,-73,8,-66,14,-69,12,-68,15,-72,12,-69,12,-75,11,-75,6,-73,12,-72,15,-71,15,-70,13,-73,14,-70,16,-67,13,-64,17,-62,18,-70,16,-66,19,-61,18,-58,24,-59,22,-54,21,-49,23,-50,23,-42,24,-45,17,-37,21,-34,24,-34,18,-35,20,-32,24,-29,19,-27,21,-27,21,-23,0,0,0,0,0,0,0,0,0,0,0,0,0,0,0,0,0,0,0,0,0,0,-41,-38,-34,-41,-26,-43,-24,-49,-17,-45,-14,-42,-8,-47,-7,-42,3,-46,4,-41,10,-37,11,-34,15,-30,18,-28,21,-23,24,-16,24,-17,23,-11,22,-8,27,-5,24,0,25,4,23,8,23,15,22,21,16,18,20,24,15,22,16,26,20,26,14,31,12,31,16,28,13,31,15,34,17,35,14,30,13,34,16,34,16,32,12,37,15,34,16,32,19,27,16,34,24,32,23,30,25,30,27,29,26,27,29,26,35,32,32,28,39,26,34,27,42,25,39,26,0,0]"
CSI_DATA,47,2a:00:00:00:00:00,-45,11,1,0,1,1,1,0,0,0,1,-96,0,11,2,894677,0,44,0,384,0,"[0,0,0,0,0,0,0,0,0,0,0,0,-11,-4,-12,-3,-12,-3,-13,-4,-12,-3,-13,-4,-12,-3,-13,-2,-12,-3,-12,-3,-13,-3,-12,-2,-13,-3,-13,-2,-13,-2,-13,-1,-13,-1,-13,-1,-13,-1,-13,-1,-13,-1,-13,0,-13,-1,-13,-1,-13,-1,-14,-1,0,0,-14,0,-13,-1,-13,0,-13,0,-13,-1,-13,-1,-12,-1,-12,-1,-12,-2,-11,-2,-11,-2,-11,-3,-10,-3,-10,-3,-9,-3,-10,-3,-9,-3,-9,-3,-8,-3,-7,-3,-7,-3,-7,-3,-6,-3,-6,-3,-6,-3,-5,-4,0,0,0,0,0,0,0,0,0,0,0,0,0,0,-55,-23,-51,-21,-58,-20,-60,-22,-65,-19,-65,-18,-64,-19,-62,-21,-68,-19,-63,-17,-64,-19,-64,-21,-71,-18,-66,-19,-66,-11,-68,-6,-71,-7,-68,-10,-65,-13,-71,-7,-72,-8,-72,-8,-69,-4,-69,-6,-68,-8,-73,-7,-74,-6,-71,-1,-71,-6,-71,0,-69,-3,-75,-12,-68,-8,-68,-3,-68,-4,-67,-10,-64,-12,-65,-15,-66,-14,-65,-12,-59,-12,-62,-10,-59,-13,-57,-10,-56,-13,-47,-15,-47,-18,-45,-15,-39,-19,-37,-19,-37,-19,-36,-15,-32,-19,-33,-18,-32,-20,-24,-18,-19,-21,0,0,0,0,0,0,0,0,0,0,0,0,0,0,0,0,0,0,0,0,0,0,-30,44,-32,39,-34,35,-41,33,-42,24,-44,19,-42,11,-43,8,-39,7,-40,-1,-36,-7,-36,-6,-30,-7,-28,-16,-25,-18,-21,-17,-17,-24,-13,-22,-13,-20,-3,-26,-4,-26,3,-30,9,-26,6,-27,10,-30,19,-27,19,-24,17,-26,21,-24,23,-26,24,-20,23,-23,29,-18,31,-21,31,-19,29,-22,32,-24,33,-24,30,-27,28,-23,32,-21,32,-25,31,-24,32,-30,30,-24,30,-28,32,-34,27,-31,27,-31,25,-34,23,-34,22,-40,28,-37,23,-45,23,-43,25,-50,18,-46,0,0]"
CSI_DATA,48,2a:00:00:00:00:00,-45,11,1,0,1,1,1,0,0,0,1,-96,0,11,2,915892,0,44,0,384,0,"[0,0,0,0,0,0,0,0,0,0,0,0,0,-12,0,-13,0,-13,0,-14,0,-13,0,-13,0,-13,0,-12,0,-13,-1,-13,-1,-13,-1,-14,-1,-13,-2,-13,-2,-13,-2,-13,-3,-12,-2,-13,-3,-13,-2,-13,-3,-13,-3,-13,-3,-13,-4,-13,-3,-13,-3,-13,0,0,-3,-13,-3,-14,-3,-13,-3,-13,-2,-13,-3,-13,-1,-13,-1,-12,-1,-12,-1,-11,-1,-12,0,-11,0,-11,0,-11,0,-10,1,-10,0,-9,0,-8,0,-9,1,-8,1,-8,1,-7,2,-7,1,-6,1,-6,2,-6,0,0,0,0,0,0,0,0,0,0,0,0,0,0,13,-62,15,-56,8,-66,7,-61,7,-63,8,-66,3,-62,11,-71,3,-69,5,-69,0,-68,5,-67,4,-66,1,-70,1,-67,-3,-67,-3,-73,-5,-70,-7,-68,-5,-65,-8,-76,-7,-66,-9,-71,-10,-71,-4,-69,-6,-68,-8,-68,-13,-67,-6,-66,-14,-70,-10,-65,-9,-70,-8,-65,-8,-69,-9,-66,-8,-68,-8,-67,-1,-63,2,-60,-2,-64,2,-63,5,-60,3,-57,5,-57,5,-55,3,-51,8,-48,8,-47,8,-45,10,-43,11,-41,11,-36,4,-38,11,-32,11,-31,13,-32,12,-28,0,0,0,0,0,0,0,0,0,0,0,0,0,0,0,0,0,0,0,0,0,0,-52,-17,-46,-24,-42,-27,-40,-33,-33,-32,-31,-39,-24,-40,-15,-42,-16,-36,-7,-40,-7,-42,2,-40,2,-36,9,-30,9,-30,12,-24,18,-19,14,-16,23,-13,24,-6,24,-5,29,-1,28,0,25,0,24,8,26,10,27,14,27,15,25,16,25,19,25,18,26,26,25,25,24,21,28,23,22,30,21,22,28,24,26,25,28,26,29,30,27,22,35,26,30,27,34,21,31,17,34,24,36,20,38,18,38,22,45,22,42,15,45,18,40,15,55,12,56,17,53,15,0,0]"
CSI_DATA,49,2a:00:00:00:00:00,-45,11,1,0,1,1,1,0,0,0,1,-96,0,11,2,924651,0,44,0,384,0,"[0,0,0,0,0,0,0,0,0,0,0,0,-8,8,-9,9,-8,8,-9,9,-9,9,-9,8,-9,9,-9,9,-9,8,-7,9,-8,10,-8,10,-7,10,-7,10,-7,10,-7,10,-7,10,-7,9,-7,10,-7,10,-7,10,-7,10,-7,10,-6,11,-6,11,-7,11,0,0,-7,10,-7,10,-7,11,-7,9,-7,9,-7,10,-7,9,-7,9,-8,9,-7,8,-7,8,-7,7,-7,7,-7,7,-7,6,-7,6,-6,5,-6,5,-6,4,-6,4,-6,4,-7,3,-6,3,-6,3,-6,2,-5,2,0,0,0,0,0,0,0,0,0,0,0,0,0,0,-54,22,-56,26,-56,33,-57,29,-56,32,-55,33,-59,33,-60,33,-56,35,-56,32,-59,35,-52,33,-61,38,-51,40,-50,37,-53,45,-52,43,-51,45,-54,45,-50,41,-57,46,-51,42,-46,49,-51,46,-51,42,-52,47,-49,48,-48,50,-47,45,-51,53,-50,49,-56,48,-50,42,-50,46,-50,41,-52,41,-52,38,-51,40,-51,36,-55,36,-51,35,-49,33,-52,33,-49,35,-48,26,-44,24,-45,21,-45,21,-45,17,-41,17,-37,15,-36,11,-38,12,-32,12,-34,6,-33,9,-33,4,0,0,0,0,0,0,0,0,0,0,0,0,0,0,0,0,0,0,0,0,0,0,21,48,14,52,7,51,-1,49,-3,47,-11,45,-15,40,-19,38,-22,40,-25,35,-26,29,-28,22,-23,22,-33,14,-31,14,-28,3,-29,0,-26,-5,-25,-8,-19,-14,-21,-14,-21,-21,-18,-19,-17,-25,-14,-23,-12,-24,-8,-30,-6,-30,-8,-34,-2,-36,-1,-31,3,-38,-1,-38,4,-39,1,-40,3,-39,3,-40,3,-41,3,-39,-2,-42,2,-37,1,-38,2,-42,-3,-40,-3,-39,1,-44,-6,-43,-8,-35,-10,-47,-8,-46,-10,-43,-19,-47,-15,-47,-15,-43,-20,-48,-21,-52,-25,-53,0,0]"
CSI_DATA,50,2a:00:00:00:00:00,-45,11,1,0,1,1,1,0,0,0,1,-96,0,11,2,936486,0,44,0,384,0,"[0,0,0,0,0,0,0,0,0,0,0,0,-13,3,-12,3,-12,4,-12,3,-12,3,-12,4,-12,4,-12,4,-12,4,-12,4,-12,4,-12,5,-12,4,-12,5,-11,5,-12,6,-11,6,-12,6,-11,6,-12,6,-11,6,-11,7,-12,6,-11,7,-12,6,-12,6,0,0,-11,7,-12,7,-11,6,-12,7,-11,5,-11,6,-11,6,-10,4,-11,5,-11,4,-11,3,-11,4,-10,3,-10,3,-10,2,-9,2,-9,3,-8,2,-8,2,-7,1,-7,1,-8,1,-7,1,-7,0,-7,0,-6,0,0,0,0,0,0,0,0,0,0,0,0,0,0,0,-57,17,-59,20,-55,21,-59,22,-65,24,-63,23,-60,28,-57,26,-63,25,-60,23,-58,30,-59,29,-61,29,-59,29,-57,28,-59,34,-64,37,-58,36,-58,36,-58,37,-58,39,-56,41,-55,42,-55,40,-53,37,-56,40,-59,44,-53,40,-57,39,-59,46,-58,38,-59,37,-58,44,-56,36,-55,36,-56,33,-54,33,-55,35,-52,30,-53,28,-59,33,-54,23,-53,24,-51,22,-51,21,-47,18,-48,19,-49,21,-42,9,-41,11,-41,10,-37,7,-37,7,-38,6,-35,5,-31,3,-29,2,0,0,0,0,0,0,0,0,0,0,0,0,0,0,0,0,0,0,0,0,0,0,15,52,8,50,2,48,-8,49,-11,48,-15,42,-20,43,-22,30,-28,36,-31,32,-29,23,-28,18,-32,16,-29,11,-30,7,-28,0,-26,-4,-26,-2,-23,-11,-20,-12,-17,-18,-17,-20,-15,-26,-8,-24,-7,-28,-9,-27,0,-28,-2,-30,-1,-33,2,-30,1,-33,2,-36,8,-35,7,-30,9,-38,10,-37,12,-37,11,-31,9,-38,6,-34,5,-38,6,-34,6,-37,4,-36,5,-39,3,-45,-1,-43,0,-40,-6,-39,-5,-44,-9,-46,-11,-44,-11,-44,-8,-47,-12,-48,-14,-52,-21,-49,0,0]"
CSI_DATA,51,2a:00:00:00:00:00,-45,11,1,0,1,1,1,0,0,0,1,-96,0,11,2,944644,0,44,0,384,0,"[0,0,0,0,0,0,0,0,0,0,0,0,-12,-1,-12,-1,-13,-1,-13,-2,-13,-2,-13,-1,-13,-1,-13,-1,-13,-1,-13,0,-13,0,-14,0,-13,1,-13,0,-13,0,-14,1,-13,2,-13,2,-13,2,-14,1,-13,1,-13,1,-13,1,-13,2,-13,2,-14,2,0,0,-13,2,-13,2,-13,2,-13,1,-12,1,-13,1,-13,1,-12,1,-12,1,-12,0,-12,-1,-11,0,-10,0,-10,-1,-10,-1,-10,-1,-9,-1,-9,-2,-8,-2,-8,-2,-8,-2,-7,-2,-7,-2,-7,-2,-6,-3,-6,-3,0,0,0,0,0,0,0,0,0,0,0,0,0,0,-54,8,-61,4,-57,8,-58,14,-60,7,-65,11,-64,17,-66,14,-67,15,-56,16,-63,21,-62,22,-69,25,-68,19,-62,17,-66,25,-64,26,-65,28,-63,26,-61,26,-65,32,-61,25,-53,32,-60,34,-56,34,-61,33,-64,34,-61,38,-64,36,-62,30,-69,33,-62,37,-58,33,-58,35,-58,32,-64,30,-60,31,-62,33,-57,32,-55,25,-57,25,-55,17,-53,22,-54,22,-55,19,-52,11,-49,9,-51,17,-39,9,-42,8,-38,10,-37,7,-38,8,-37,9,-37,1,-32,2,-31,-1,0,0,0,0,0,0,0,0,0,0,0,0,0,0,0,0,0,0,0,0,0,0,-14,51,-19,47,-23,46,-28,39,-31,38,-29,34,-31,27,-33,24,-42,23,-37,17,-37,10,-37,6,-32,3,-34,-1,-28,-5,-27,-12,-24,-11,-20,-17,-18,-17,-14,-17,-7,-22,-9,-26,-5,-23,-1,-24,2,-27,9,-28,8,-29,9,-31,12,-23,13,-30,14,-33,16,-30,13,-31,15,-27,17,-29,20,-29,17,-29,18,-32,22,-30,17,-37,22,-35,15,-34,17,-35,22,-33,12,-33,16,-37,8,-39,4,-36,2,-43,3,-41,6,-39,1,-46,2,-51,2,-49,1,-47,0,-52,-4,-48,0,0]"
CSI_DATA,52,2a:00:00:00:00:00,-45,11,1,0,1,1,1,0,0,0,1,-96,0,11,2,954667,0,44,0,384,0,"[0,0,0,0,0,0,0,0,0,0,0,0,10,4,10,4,10,4,11,5,11,4,11,4,11,4,11,3,11,4,11,3,11,3,11,3,11,3,12,2,11,3,12,2,12,2,12,2,12,2,12,2,12,2,12,1,12,1,12,1,13,2,12,1,0,0,12,1,12,1,12,1,12,2,11,2,11,2,12,2,11,2,11,2,11,2,10,3,10,3,9,3,9,3,8,3,8,3,7,3,7,3,7,3,6,3,6,3,6,2,5,3,5,3,4,3,4,3,0,0,0,0,0,0,0,0,0,0,0,0,0,0,52,18,59,17,56,14,60,14,63,17,58,11,61,9,62,9,62,6,66,10,68,9,63,9,65,7,62,9,64,8,67,4,70,2,65,3,64,4,64,-3,71,-4,68,-2,70,-11,67,-6,67,1,69,-5,69,-4,71,-4,68,-2,73,-8,73,-6,72,-2,70,-4,69,-8,68,-4,69,0,70,-3,66,1,67,0,64,7,61,9,60,7,59,9,57,4,56,9,51,10,53,10,48,11,43,12,40,12,42,14,39,14,33,12,33,11,35,14,28,14,27,15,0,0,0,0,0,0,0,0,0,0,0,0,0,0,0,0,0,0,0,0,0,0,25,-47,25,-40,34,-38,39,-34,43,-31,41,-22,39,-19,39,-12,39,-10,39,-2,32,3,33,7,32,6,27,14,21,15,17,17,14,19,11,17,7,22,1,23,0,21,-2,23,-6,22,-9,21,-15,22,-19,24,-21,21,-20,24,-21,21,-24,21,-23,19,-30,22,-27,20,-30,16,-33,19,-29,21,-28,19,-31,24,-31,21,-34,24,-26,21,-29,24,-28,21,-27,25,-26,24,-28,26,-26,27,-22,30,-22,30,-21,30,-20,32,-20,38,-22,40,-22,38,-23,45,-20,49,-19,50,0,0]"
CSI_DATA,53,2a:00:00:00:00:00,-45,11,1,0,1,1,1,0,0,0,1,-96,0,11,2,964670,0,44,0,384,0,"[0,0,0,0,0,0,0,0,0,0,0,0,-10,-9,-10,-8,-10,-8,-10,-8,-10,-9,-11,-8,-10,-8,-10,-8,-11,-7,-11,-8,-12,-7,-12,-8,-12,-7,-12,-7,-12,-6,-13,-6,-12,-6,-13,-6,-13,-6,-13,-6,-12,-6,-13,-6,-13,-6,-13,-6,-13,-6,-14,-6,0,0,-13,-6,-13,-6,-13,-6,-13,-6,-13,-6,-12,-7,-12,-6,-12,-6,-12,-6,-11,-7,-11,-7,-9,-6,-9,-7,-9,-6,-9,-6,-8,-6,-8,-6,-7,-6,-7,-6,-6,-6,-6,-6,-6,-5,-5,-5,-5,-5,-5,-6,-4,-5,0,0,0,0,0,0,0,0,0,0,0,0,0,0,-45,-33,-45,-40,-50,-29,-51,-28,-52,-31,-54,-31,-59,-30,-58,-34,-54,-33,-55,-25,-59,-29,-62,-28,-63,-30,-62,-30,-63,-29,-63,-21,-70,-26,-65,-22,-64,-24,-67,-19,-69,-22,-67,-19,-70,-16,-68,-16,-72,-19,-66,-19,-71,-16,-70,-16,-72,-19,-73,-12,-75,-17,-78,-14,-67,-16,-74,-15,-70,-19,-66,-22,-65,-18,-66,-19,-67,-25,-65,-22,-61,-20,-58,-25,-58,-22,-55,-23,-50,-23,-51,-23,-47,-26,-45,-20,-39,-22,-39,-24,-33,-21,-35,-20,-34,-22,-30,-18,-26,-22,-25,-20,-23,-21,0,0,0,0,0,0,0,0,0,0,0,0,0,0,0,0,0,0,0,0,0,0,-46,27,-44,19,-49,17,-50,8,-47,4,-45,-1,-41,-4,-39,-10,-37,-10,-31,-15,-33,-22,-27,-19,-26,-24,-17,-25,-15,-23,-5,-22,-7,-27,1,-24,2,-23,8,-19,10,-18,12,-21,16,-20,21,-15,24,-15,25,-16,25,-14,29,-13,30,-6,32,-7,30,-8,33,-7,33,-7,36,-5,34,-4,33,-4,33,-3,35,-2,38,-2,37,-7,40,-8,35,-9,37,-8,33,-9,31,-15,34,-10,33,-13,30,-23,34,-20,33,-24,33,-22,34,-25,36,-25,31,-30,32,-34,36,-39,32,-38,0,0]"
CSI_DATA,54,2a:00:00:00:00:00,-45,11,1,0,1,1,1,0,0,0,1,-96,0,11,2,994685,0,44,0,384,0,"[0,0,0,0,0,0,0,0,0,0,0,0,-1,10,-1,11,0,11,0,11,0,11,0,11,1,11,1,11,1,11,1,11,1,11,1,12,1,12,1,12,2,12,2,12,2,12,3,12,3,12,3,12,3,12,3,12,3,12,3,12,3,12,3,13,0,0,3,13,2,13,3,13,2,12,2,12,2,12,2,12,1,12,1,11,1,11,0,11,0,11,-1,10,-1,9,-1,9,-1,9,-1,8,-1,8,-1,7,-1,7,-1,7,-2,7,-2,6,-2,5,-2,5,-2,5,0,0,0,0,0,0,0,0,0,0,0,0,0,0,-9,57,-8,58,-6,63,-4,55,-1,62,-5,58,-4,63,1,62,0,61,1,65,5,63,3,65,10,69,6,65,7,69,14,67,13,69,18,65,16,66,13,66,18,70,17,67,21,68,20,72,15,69,19,67,20,70,25,71,24,68,24,70,21,70,23,73,19,71,21,72,20,69,14,74,14,72,8,68,11,73,13,65,6,67,9,69,8,61,6,60,2,55,7,57,4,53,0,50,0,45,-2,43,-5,39,-5,41,-5,39,-5,38,-7,34,-3,35,-12,29,0,0,0,0,0,0,0,0,0,0,0,0,0,0,0,0,0,0,0,0,0,0,46,23,42,28,37,30,34,36,33,35,19,38,16,36,11,40,8,40,5,36,-2,36,-7,28,-9,34,-14,28,-14,22,-22,17,-18,14,-24,11,-26,8,-23,-1,-27,-6,-27,-5,-27,-11,-26,-15,-31,-18,-28,-17,-25,-20,-26,-26,-22,-20,-25,-27,-22,-26,-24,-32,-27,-32,-26,-30,-28,-32,-25,-31,-26,-29,-29,-31,-26,-34,-27,-27,-26,-27,-26,-26,-27,-30,-28,-25,-32,-24,-26,-20,-24,-23,-31,-23,-34,-16,-40,-21,-42,-14,-46,-15,-46,-18,-40,-13,-48,-15,-52,-13,-53,-13,0,0]"
CSI_DATA,55,2a:00:00:00:00:00,-45,11,1,0,1,1,1,0,0,0,1,-96,0,11,2,1004679,0,44,0,384,0,"[0,0,0,0,0,0,0,0,0,0,0,0,5,-10,5,-10,4,-11,5,-11,4,-11,5,-11,5,-11,4,-11,4,-12,3,-12,4,-12,3,-12,3,-12,3,-12,3,-12,2,-13,2,-13,3,-12,1,-13,2,-13,2,-13,2,-14,2,-13,2,-14,2,-13,2,-14,0,0,2,-14,2,-14,2,-14,2,-13,2,-13,2,-13,4,-13,3,-12,4,-12,3,-11,3,-11,3,-11,4,-10,3,-10,4,-9,4,-8,3,-8,3,-8,3,-7,4,-7,3,-7,4,-6,3,-6,4,-6,3,-5,3,-5,0,0,0,0,0,0,0,0,0,0,0,0,0,0,30,-46,32,-48,31,-46,29,-45,30,-56,23,-52,29,-56,29,-58,23,-60,19,-58,25,-56,22,-60,24,-67,20,-64,20,-60,15,-67,14,-72,16,-70,14,-68,15,-67,15,-70,9,-69,9,-70,13,-71,16,-70,14,-74,13,-72,11,-74,9,-74,7,-75,12,-74,12,-76,14,-72,11,-73,12,-70,13,-74,16,-66,11,-70,16,-70,17,-65,19,-64,17,-59,23,-59,21,-59,26,-54,20,-48,22,-44,24,-49,17,-38,20,-36,20,-40,20,-31,22,-34,15,-28,23,-30,17,-29,21,-27,0,0,0,0,0,0,0,0,0,0,0,0,0,0,0,0,0,0,0,0,0,0,-33,-41,-27,-45,-21,-45,-15,-50,-11,-45,-2,-39,0,-46,4,-40,8,-40,12,-40,16,-30,15,-27,20,-27,24,-19,26,-10,25,-6,25,-2,26,1,27,2,27,9,22,10,24,17,22,18,20,20,18,25,18,29,17,29,11,30,18,35,14,34,9,36,10,35,9,41,12,41,11,39,7,38,6,35,7,37,13,33,11,42,12,39,11,38,12,35,15,40,14,36,14,32,18,36,22,35,22,38,28,33,29,28,27,34,31,34,29,30,38,30,41,35,39,35,0,0]"
CSI_DATA,56,2a:00:00:00:00:00,-45,11,1,0,1,1,1,0,0,0,1,-96,0,11,2,1026288,0,44,0,384,0,"[0,0,0,0,0,0,0,0,0,0,0,0,11,1,11,1,11,1,11,2,12,1,11,1,11,1,12,0,12,0,11,0,12,0,12,-1,12,-1,12,-1,12,0,13,-2,12,-2,12,-2,12,-2,12,-1,12,-2,13,-1,13,-2,12,-3,13,-2,13,-3,0,0,12,-2,13,-2,12,-2,12,-2,11,-1,12,-1,12,-1,11,-1,12,-1,11,0,11,-1,10,0,10,0,9,0,9,1,8,1,8,1,7,1,7,1,7,1,7,1,6,1,6,1,6,1,5,2,5,2,0,0,0,0,0,0,0,0,0,0,0,0,0,0,49,20,53,18,58,12,55,13,57,12,60,15,57,17,64,15,57,9,63,12,59,15,63,11,63,9,64,1,65,7,66,-2,67,1,63,-2,64,2,69,2,73,-3,73,-4,68,-6,66,-1,69,-2,71,-3,68,-3,70,-3,67,-1,70,-3,69,-4,69,-4,65,-2,67,-3,67,-1,69,-2,66,0,67,-2,67,3,67,6,60,6,58,12,58,7,56,5,54,9,51,11,48,7,47,8,45,12,41,10,41,14,37,9,36,11,33,10,34,11,23,11,30,18,0,0,0,0,0,0,0,0,0,0,0,0,0,0,0,0,0,0,0,0,0,0,27,-42,32,-36,31,-34,38,-31,38,-22,41,-18,42,-12,39,-9,40,-5,36,-7,35,4,31,10,32,9,28,15,19,19,16,18,15,20,6,24,2,18,1,27,-4,27,-8,24,-7,27,-14,25,-15,25,-18,23,-20,32,-23,33,-18,23,-28,26,-31,24,-33,23,-36,18,-29,18,-32,21,-30,18,-37,19,-37,24,-32,16,-36,23,-36,18,-31,23,-34,25,-32,28,-29,28,-32,29,-31,29,-29,29,-24,35,-29,33,-28,36,-19,37,-26,41,-20,43,-23,42,-25,39,-18,48,0,0]"
CSI_DATA,57,2a:00:00:00:00:00,-45,11,1,0,1,1,1,0,0,0,1,-96,0,11,2,1034816,0,44,0,384,0,"[0,0,0,0,0,0,0,0,0,0,0,0,4,9,5,9,6,9,5,9,6,10,5,9,6,9,6,9,6,9,7,9,6,10,7,9,6,9,7,9,7,8,8,8,7,8,7,8,8,8,9,8,8,8,8,8,8,9,8,8,8,9,8,8,0,0,8,8,8,8,8,8,8,8,7,8,8,8,7,8,6,8,7,8,6,8,5,8,5,8,4,8,4,7,4,7,4,7,4,7,3,6,3,6,3,6,2,6,2,5,2,5,1,5,1,5,1,5,0,0,0,0,0,0,0,0,0,0,0,0,0,0,31,47,32,50,35,49,40,43,42,47,39,48,39,49,41,42,45,47,41,47,43,49,47,46,48,47,49,43,44,47,47,42,54,43,52,40,51,36,55,43,57,38,60,39,54,37,57,40,54,40,54,42,58,40,57,39,57,43,58,39,57,37,59,33,57,39,57,35,58,38,53,40,53,38,56,37,50,43,51,38,49,44,46,36,40,41,41,39,38,37,38,36,32,35,34,32,27,34,29,33,29,32,25,34,21,32,20,29,15,27,14,28,15,27,0,0,0,0,0,0,0,0,0,0,0,0,0,0,0,0,0,0,0,0,0,0,46,-20,47,-13,47,-7,46,-6,46,-2,42,8,44,10,42,18,34,18,32,23,29,27,21,28,18,25,15,30,5,29,6,30,-1,26,-4,31,-7,22,-12,23,-18,16,-23,23,-23,18,-26,13,-29,12,-27,10,-31,10,-35,7,-38,4,-37,5,-38,1,-38,1,-38,1,-40,-1,-44,-3,-43,-3,-43,-5,-37,-4,-40,-4,-40,-2,-41,-3,-39,2,-42,1,-42,2,-42,4,-45,12,-39,9,-40,10,-44,12,-44,11,-43,15,-45,19,-41,18,-45,17,-50,24,-48,28,-51,28,0,0]"
CSI_DATA,58,2a:00:00:00:00:00,-45,11,1,0,1,1,1,0,0,0,1,-96,0,11,2,1044764,0,44,0,384,0,"[0,0,0,0,0,0,0,0,0,0,0,0,8,-8,8,-8,8,-8,9,-8,8,-8,8,-8,8,-9,8,-9,8,-9,8,-9,8,-9,8,-9,8,-9,7,-9,7,-9,8,-11,7,-10,7,-10,6,-10,7,-10,7,-10,7,-10,8,-10,7,-10,7,-10,7,-10,0,0,7,-10,7,-10,7,-10,8,-10,7,-9,7,-9,7,-9,7,-9,8,-8,7,-8,7,-7,7,-7,7,-7,6,-6,7,-6,6,-5,7,-5,6,-5,6,-4,6,-4,5,-4,6,-4,6,-3,6,-3,5,-3,5,-2,0,0,0,0,0,0,0,0,0,0,0,0,0,0,47,-33,49,-33,45,-41,45,-38,48,-47,51,-43,45,-45,44,-44,43,-48,48,-43,50,-39,45,-53,43,-54,38,-48,50,-51,44,-52,38,-56,43,-55,43,-54,46,-50,41,-60,42,-54,37,-58,40,-53,37,-55,39,-56,41,-53,42,-61,41,-61,39,-57,41,-58,46,-54,35,-54,42,-57,41,-55,40,-51,38,-54,40,-52,44,-47,43,-46,41,-39,41,-45,42,-40,41,-45,44,-41,42,-33,43,-30,39,-28,34,-25,38,-27,32,-18,32,-22,34,-21,31,-17,35,-16,33,-15,30,-13,0,0,0,0,0,0,0,0,0,0,0,0,0,0,0,0,0,0,0,0,0,0,-33,-39,-26,-43,-23,-44,-14,-49,-7,-50,-7,-43,-1,-46,5,-40,9,-38,11,-36,16,-31,19,-27,21,-27,24,-22,23,-16,25,-12,25,-11,23,0,29,-3,26,4,25,7,23,9,18,13,23,19,18,18,17,26,13,27,12,32,15,29,15,32,9,35,9,34,7,35,8,40,8,38,6,36,2,41,9,39,5,36,4,41,4,37,5,38,8,40,8,34,9,38,15,39,16,40,17,41,17,36,20,37,24,38,22,40,26,46,28,39,25,43,33,41,32,49,0,0]"
CSI_DATA,59,2a:00:00:00:00:00,-45,11,1,0,1,1,1,0,0,0,1,-96,0,11,2,1054823,0,44,0,384,0,"[0,0,0,0,0,0,0,0,0,0,0,0,-3,10,-3,11,-3,11,-3,11,-3,11,-3,11,-3,11,-3,11,-3,12,-2,12,-2,12,-2,12,-1,12,-1,12,-1,11,-1,12,-1,11,-1,12,0,12,0,12,-1,12,0,12,0,12,0,12,0,12,0,12,0,0,0,12,0,12,1,12,0,12,0,11,-1,11,-1,11,-1,11,-1,10,-1,10,-1,10,-1,10,-2,9,-2,9,-2,8,-2,8,-2,8,-2,7,-2,7,-2,7,-3,6,-3,6,-3,6,-3,5,-3,5,-3,4,0,0,0,0,0,0,0,0,0,0,0,0,0,0,-20,57,-18,56,-18,58,-19,55,-13,64,-19,61,-14,68,-13,64,-13,63,-12,62,-11,66,-12,61,-9,69,-8,66,-10,64,-7,69,-5,71,-4,70,-5,71,0,69,2,73,0,68,3,72,-2,68,-4,73,3,69,-1,68,5,72,3,70,7,66,-1,69,6,70,2,67,5,69,3,69,-3,65,2,66,0,65,-1,70,1,64,-1,63,-6,56,-6,60,-8,59,-6,52,-6,53,-11,47,-8,51,-7,46,-8,40,-7,44,-12,39,-11,38,-14,33,-15,32,-14,29,-15,32,0,0,0,0,0,0,0,0,0,0,0,0,0,0,0,0,0,0,0,0,0,0,42,30,36,33,35,36,28,43,23,44,19,40,13,38,12,41,4,40,-3,38,-8,40,-9,37,-15,32,-15,30,-19,26,-19,24,-24,17,-21,15,-24,9,-28,3,-22,4,-30,-2,-27,-7,-27,-8,-24,-14,-24,-14,-20,-16,-22,-20,-25,-23,-23,-24,-25,-27,-25,-30,-20,-30,-24,-30,-21,-36,-23,-34,-24,-33,-20,-32,-25,-36,-24,-29,-25,-32,-23,-28,-23,-33,-28,-30,-28,-27,-33,-28,-29,-24,-33,-25,-39,-22,-35,-26,-32,-22,-41,-22,-44,-21,-46,-24,-47,-24,-46,-19,-50,-24,0,0]"
CSI_DATA,60,2a:00:00:00:00:00,-44,11,1,0,1,1,1,0,0,0,1,-96,0,11,2,1074671,0,44,0,384,0,"[0,0,0,0,0,0,0,0,0,0,0,0,3,-12,3,-12,2,-12,2,-13,2,-13,3,-12,2,-13,2,-13,2,-13,2,-13,2,-13,2,-14,2,-13,1,-13,1,-13,1,-13,0,-13,1,-14,0,-13,0,-13,0,-13,0,-13,1,-13,0,-14,0,-13,0,-13,0,0,0,-13,0,-13,-1,-13,0,-13,0,-13,0,-13,0,-13,0,-12,1,-12,1,-12,1,-11,1,-10,2,-10,2,-10,1,-10,1,-9,2,-9,2,-9,1,-8,2,-8,2,-8,2,-7,3,-7,3,-7,3,-7,2,-6,0,0,0,0,0,0,0,0,0,0,0,0,0,0,8,-64,8,-60,-1,-62,-4,-62,4,-64,3,-62,4,-69,-1,-69,4,-69,-1,-62,-6,-65,-9,-63,-9,-69,-4,-70,-1,-69,-5,-69,-2,-74,-1,-69,-7,-64,-10,-71,-12,-68,-10,-63,-13,-71,-16,-66,-13,-67,-17,-68,-12,-68,-11,-70,-12,-68,-15,-70,-10,-65,-15,-65,-16,-67,-15,-66,-17,-64,-10,-62,-13,-65,-15,-62,-10,-64,-8,-62,-7,-61,-3,-59,-5,-57,-3,-59,-1,-53,-4,-54,0,-53,-1,-50,0,-48,-2,-44,1,-40,0,-41,0,-38,6,-36,8,-36,10,-32,10,-31,0,0,0,0,0,0,0,0,0,0,0,0,0,0,0,0,0,0,0,0,0,0,-49,-15,-45,-25,-39,-27,-41,-33,-32,-30,-28,-36,-26,-33,-22,-38,-19,-40,-12,-36,-4,-40,-1,-30,3,-31,7,-32,9,-29,11,-24,10,-21,15,-17,20,-16,23,-18,25,-8,26,-5,24,-3,23,1,29,6,28,7,23,8,24,15,22,16,27,21,22,17,25,20,23,18,29,20,25,25,23,24,24,21,21,18,21,29,23,24,25,21,24,21,26,19,30,20,29,18,31,9,34,10,32,13,36,13,41,12,37,12,39,12,43,10,41,7,51,12,48,7,54,5,0,0]"
CSI_DATA,61,2a:00:00:00:00:00,-44,11,1,0,1,1,1,0,0,0,1,-96,0,11,2,1084760,0,44,0,384,0,"[0,0,0,0,0,0,0,0,0,0,0,0,6,10,7,9,7,10,6,10,7,10,6,10,7,10,7,10,7,10,7,10,6,10,7,9,7,10,8,10,7,9,8,9,8,9,8,9,8,9,8,9,8,9,8,9,8,9,8,9,8,9,8,9,0,0,8,9,8,9,8,8,8,9,7,8,7,9,7,9,6,9,6,8,6,8,6,8,5,8,5,8,4,7,4,8,4,7,4,8,4,7,3,7,3,7,2,7,2,6,1,6,2,6,1,6,0,6,0,0,0,0,0,0,0,0,0,0,0,0,0,0,28,56,31,60,29,51,29,55,37,56,31,59,37,59,36,61,35,59,40,57,42,56,40,57,41,58,37,57,35,58,45,58,47,60,48,58,44,61,42,56,44,53,44,53,53,55,41,49,40,59,44,56,46,55,52,51,49,52,51,50,48,49,43,51,47,51,50,50,44,51,42,50,45,49,39,51,40,49,42,52,37,49,34,47,37,47,34,47,30,48,33,44,29,49,32,42,25,41,23,39,16,37,20,46,13,40,12,36,14,37,11,37,7,39,0,0,0,0,0,0,0,0,0,0,0,0,0,0,0,0,0,0,0,0,0,0,57,-13,54,-7,52,1,50,1,48,7,48,14,41,14,37,24,35,26,28,24,25,25,25,26,20,29,14,29,7,28,4,27,0,23,-5,22,-11,25,-10,18,-17,15,-20,11,-23,15,-23,16,-25,7,-30,2,-27,5,-30,5,-36,-2,-34,-6,-31,-2,-37,0,-33,-7,-31,-9,-38,-10,-37,-9,-31,-10,-29,-6,-37,-9,-31,-7,-31,-8,-33,-5,-32,-1,-40,-4,-28,2,-39,5,-37,2,-38,7,-40,6,-39,8,-42,5,-41,11,-47,13,-46,22,-54,24,-50,24,-50,25,0,0]"
CSI_DATA,62,2a:00:00:00:00:00,-45,11,1,0,1,1,1,0,0,0,1,-96,0,11,2,1104685,0,44,0,384,0,"[0,0,0,0,0,0,0,0,0,0,0,0,-12,3,-12,4,-12,4,-13,3,-13,4,-13,4,-13,4,-13,3,-13,4,-12,4,-13,4,-12,5,-12,5,-12,5,-13,5,-13,6,-12,6,-12,6,-12,6,-12,6,-12,5,-12,5,-12,6,-11,6,-12,6,-12,6,0,0,-12,6,-11,6,-11,6,-11,6,-11,6,-11,5,-11,5,-11,5,-11,5,-11,4,-11,4,-10,4,-10,4,-10,3,-9,3,-9,3,-9,3,-8,2,-8,2,-8,1,-8,1,-8,1,-8,1,-8,1,-7,0,-7,0,0,0,0,0,0,0,0,0,0,0,0,0,0,0,-60,20,-59,18,-60,26,-59,28,-63,20,-63,25,-64,26,-66,25,-64,26,-67,24,-61,26,-67,33,-69,31,-64,27,-65,30,-65,33,-71,35,-65,34,-63,37,-65,39,-65,38,-61,33,-61,39,-60,40,-60,33,-59,40,-61,35,-64,37,-58,37,-64,40,-59,37,-64,38,-60,39,-57,42,-53,37,-57,39,-54,35,-55,33,-55,36,-55,26,-56,29,-51,26,-53,22,-53,25,-50,23,-52,23,-49,23,-51,17,-41,14,-43,14,-42,18,-43,15,-42,12,-40,5,-37,4,-36,4,-36,1,0,0,0,0,0,0,0,0,0,0,0,0,0,0,0,0,0,0,0,0,0,0,7,53,0,53,-3,51,-13,50,-15,48,-20,40,-22,36,-22,35,-27,33,-30,26,-28,19,-31,17,-30,14,-30,5,-23,3,-28,-2,-24,-5,-24,-7,-19,-13,-17,-17,-17,-17,-12,-20,-9,-24,-5,-25,-4,-27,0,-26,1,-30,6,-30,7,-30,4,-33,7,-29,14,-30,10,-34,10,-31,9,-29,14,-33,12,-34,13,-29,11,-31,13,-33,7,-33,7,-36,10,-37,7,-32,8,-35,1,-39,2,-35,2,-40,-2,-36,-6,-36,-1,-39,-6,-42,-7,-48,-10,-44,-14,-48,-17,-50,-12,-50,0,0]"
CSI_DATA,63,2a:00:00:00:00:00,-45,11,1,0,1,1,1,0,0,0,1,-96,0,11,2,1117689,0,44,0,384,0,"[0,0,0,0,0,0,0,0,0,0,0,0,-4,-12,-5,-11,-5,-12,-5,-13,-5,-12,-5,-12,-4,-12,-5,-12,-5,-12,-5,-12,-5,-12,-5,-12,-6,-12,-6,-12,-6,-12,-6,-12,-6,-12,-6,-11,-7,-11,-6,-12,-6,-12,-7,-12,-6,-11,-7,-11,-7,-12,-7,-11,0,0,-6,-11,-7,-11,-7,-11,-7,-10,-6,-11,-6,-11,-6,-11,-6,-11,-5,-10,-5,-10,-6,-10,-5,-10,-4,-9,-4,-9,-4,-9,-4,-9,-3,-9,-3,-8,-3,-8,-2,-8,-2,-8,-2,-7,-2,-7,-2,-7,-1,-7,0,-7,0,0,0,0,0,0,0,0,0,0,0,0,0,0,-23,-58,-21,-56,-29,-58,-26,-59,-26,-60,-29,-62,-26,-63,-28,-66,-26,-59,-30,-61,-30,-59,-32,-60,-36,-65,-35,-61,-34,-60,-37,-63,-35,-62,-37,-62,-36,-67,-37,-62,-39,-63,-37,-58,-42,-60,-40,-52,-38,-60,-41,-59,-36,-56,-42,-59,-40,-56,-46,-53,-42,-52,-44,-63,-36,-52,-37,-58,-41,-53,-41,-57,-37,-53,-35,-50,-36,-57,-36,-54,-33,-49,-31,-54,-30,-47,-29,-51,-26,-48,-26,-46,-18,-52,-20,-44,-22,-45,-14,-43,-14,-43,-13,-41,-12,-39,-13,-39,-7,-35,-5,-35,-2,-36,0,0,0,0,0,0,0,0,0,0,0,0,0,0,0,0,0,0,0,0,0,0,-55,11,-55,1,-52,-4,-54,-7,-46,-15,-50,-20,-41,-19,-37,-21,-32,-24,-23,-22,-23,-29,-18,-29,-13,-32,-7,-28,-6,-28,1,-25,3,-27,7,-20,12,-21,16,-15,18,-14,22,-17,19,-5,24,-9,29,-3,24,-2,26,4,34,6,29,5,32,6,27,9,35,9,32,11,35,15,35,13,29,12,28,13,33,13,34,13,37,13,37,14,30,4,35,8,31,6,37,3,36,7,37,0,33,-2,41,-5,36,-2,40,-7,43,-10,43,-12,40,-15,49,-12,54,-17,46,-17,0,0]"
CSI_DATA,64,2a:00:00:00:00:00,-45,11,1,0,1,1,1,0,0,0,1,-96,0,11,2,1124629,0,44,0,384,0,"[0,0,0,0,0,0,0,0,0,0,0,0,-1,-12,-1,-12,-1,-13,-1,-13,-1,-13,-1,-13,-1,-13,-2,-13,-2,-13,-2,-13,0,-13,-1,-14,-2,-14,-2,-13,-2,-12,-3,-13,-3,-13,-2,-13,-3,-13,-3,-13,-3,-13,-3,-13,-3,-13,-3,-13,-3,-13,-3,-12,0,0,-3,-12,-3,-13,-3,-12,-3,-12,-2,-12,-3,-12,-2,-12,-3,-11,-2,-11,-2,-12,-1,-11,-1,-11,-1,-10,0,-10,-1,-10,-1,-9,0,-9,0,-9,0,-8,0,-8,0,-8,0,-7,1,-7,1,-6,2,-7,2,-6,0,0,0,0,0,0,0,0,0,0,0,0,0,0,-8,-63,-7,-63,-13,-61,-12,-64,-15,-68,-17,-68,-14,-65,-18,-70,-16,-68,-17,-64,-17,-64,-18,-70,-22,-73,-15,-66,-18,-67,-21,-67,-25,-69,-23,-67,-25,-69,-26,-71,-27,-68,-25,-62,-28,-65,-27,-65,-21,-63,-24,-69,-22,-65,-28,-64,-27,-63,-30,-65,-29,-63,-24,-64,-28,-62,-29,-64,-22,-62,-25,-59,-24,-61,-22,-61,-22,-62,-19,-56,-13,-58,-18,-56,-11,-58,-16,-56,-11,-51,-13,-53,-10,-47,-7,-49,-8,-45,-7,-45,-3,-44,-4,-45,-1,-40,1,-36,-1,-36,7,-37,6,-39,0,0,0,0,0,0,0,0,0,0,0,0,0,0,0,0,0,0,0,0,0,0,-56,8,-52,0,-56,-2,-56,-9,-42,-17,-44,-23,-40,-25,-34,-25,-32,-27,-26,-32,-18,-30,-15,-31,-12,-36,-7,-31,0,-29,5,-26,7,-26,8,-24,12,-20,15,-15,20,-11,23,-9,24,-7,28,-2,28,2,31,0,30,7,27,8,32,10,28,10,30,11,30,15,30,16,32,15,32,19,31,20,31,20,30,15,30,19,37,20,34,19,32,12,36,14,32,13,35,11,40,4,39,6,35,5,41,2,43,4,43,3,41,-2,45,-1,41,0,50,-6,51,-9,58,-3,0,0]"
CSI_DATA,65,2a:00:00:00:00:00,-45,11,1,0,1,1,1,0,0,0,1,-96,0,11,2,1134684,0,44,0,384,0,"[0,0,0,0,0,0,0,0,0,0,0,0,3,11,3,11,4,12,3,12,3,12,3,11,3,11,3,11,3,11,4,11,4,11,4,11,4,11,5,11,4,11,4,11,5,11,4,11,5,11,4,11,4,10,5,11,4,10,5,10,5,11,5,11,0,0,4,10,5,10,5,10,5,10,4,10,4,10,4,10,4,10,3,9,3,9,3,9,3,9,2,8,2,8,2,8,2,8,1,7,1,7,1,7,0,7,1,7,0,7,0,6,0,5,0,6,-1,5,0,0,0,0,0,0,0,0,0,0,0,0,0,0,19,60,14,56,20,62,20,61,23,67,21,61,28,61,23,70,23,65,23,66,30,64,24,66,27,71,25,63,27,62,29,64,29,66,29,65,26,64,31,63,36,63,29,60,33,60,35,61,32,60,30,61,32,62,33,62,34,62,33,59,34,58,37,66,33,54,36,57,31,55,28,54,32,54,30,56,29,56,28,52,28,52,22,53,21,52,17,50,20,45,21,47,18,50,15,44,13,40,14,38,12,41,9,40,8,40,4,36,2,39,2,35,0,32,0,0,0,0,0,0,0,0,0,0,0,0,0,0,0,0,0,0,0,0,0,0,51,-20,57,-13,49,-4,55,4,48,7,43,15,37,11,37,18,33,24,27,26,22,27,23,26,17,28,7,29,3,25,-4,26,-7,19,-14,22,-18,20,-17,16,-21,13,-28,16,-27,7,-32,7,-35,1,-36,0,-32,-5,-37,-6,-36,-2,-34,-10,-34,-9,-35,-10,-37,-13,-38,-15,-36,-18,-40,-15,-36,-14,-39,-15,-41,-13,-39,-14,-41,-15,-41,-11,-38,-14,-42,-11,-35,-7,-42,-2,-41,-1,-45,-5,-50,1,-45,-3,-46,0,-45,5,-52,4,-45,9,-52,11,-55,9,-57,11,0,0]"
CSI_DATA,66,2a:00:00:00:00:00,-45,11,1,0,1,1,1,0,0,0,1,-96,0,11,2,1144675,0,44,0,384,0,"[0,0,0,0,0,0,0,0,0,0,0,0,3,-12,3,-12,2,-13,3,-12,3,-13,3,-12,3,-13,3,-12,3,-13,3,-12,3,-13,3,-12,2,-12,2,-12,2,-12,2,-13,2,-12,2,-12,1,-12,1,-13,1,-12,1,-13,1,-13,1,-12,1,-12,1,-12,0,0,1,-12,1,-13,0,-12,1,-12,1,-11,1,-12,0,-11,1,-11,1,-10,2,-11,2,-10,2,-10,2,-9,2,-9,2,-9,2,-8,2,-9,2,-8,2,-7,2,-7,2,-7,2,-7,3,-6,3,-6,3,-6,2,-5,0,0,0,0,0,0,0,0,0,0,0,0,0,0,26,-59,25,-56,24,-64,19,-63,20,-63,24,-62,18,-61,26,-66,20,-61,22,-67,18,-63,18,-63,21,-66,19,-65,22,-67,16,-69,17,-69,14,-72,11,-67,15,-68,11,-70,11,-66,11,-70,5,-67,11,-65,8,-66,5,-65,6,-65,9,-64,8,-66,5,-69,7,-65,6,-64,9,-64,6,-64,6,-65,7,-63,7,-60,11,-60,10,-62,9,-57,11,-53,11,-53,12,-52,11,-47,11,-47,11,-47,12,-44,12,-43,13,-40,10,-39,12,-34,11,-34,13,-34,13,-30,12,-32,17,-27,0,0,0,0,0,0,0,0,0,0,0,0,0,0,0,0,0,0,0,0,0,0,-50,-16,-44,-28,-38,-29,-37,-32,-27,-35,-22,-37,-18,-36,-13,-38,-12,-39,-9,-33,0,-37,0,-30,7,-30,14,-22,16,-20,15,-17,25,-14,20,-7,18,-7,25,-3,27,4,25,9,26,11,25,17,23,20,22,22,24,25,23,23,22,29,20,30,20,31,16,32,21,33,21,32,19,35,21,33,14,33,17,34,16,34,19,33,21,33,19,34,25,35,25,33,23,28,33,30,29,26,29,28,34,25,33,27,35,26,35,22,38,27,39,24,46,29,49,24,49,22,0,0]"
CSI_DATA,67,2a:00:00:00:00:00,-45,11,1,0,1,1,1,0,0,0,1,-96,0,11,2,1156477,0,44,0,384,0,"[0,0,0,0,0,0,0,0,0,0,0,0,12,-2,11,-2,12,-2,13,-1,12,-2,13,-1,12,-2,12,-2,12,-2,12,-2,12,-2,13,-3,13,-2,12,-2,12,-2,12,-4,12,-3,12,-3,11,-3,11,-3,11,-3,12,-3,11,-3,11,-4,11,-3,11,-4,0,0,11,-4,11,-3,11,-3,11,-3,10,-2,10,-3,10,-3,10,-2,10,-2,10,-2,10,-2,9,-2,8,-2,8,-1,8,-1,8,-1,8,-1,7,-1,7,0,7,0,6,0,6,0,6,0,6,0,5,1,5,1,0,0,0,0,0,0,0,0,0,0,0,0,0,0,62,9,58,2,67,0,69,2,65,-1,67,-1,67,0,69,3,67,4,73,-2,71,-2,68,-2,71,-6,70,-1,70,0,69,-5,72,-4,71,-7,72,-3,70,-6,74,-13,69,-6,66,-12,68,-5,65,-5,66,-4,63,-10,65,-10,65,-13,66,-10,70,-12,67,-8,60,-11,63,-11,61,-8,60,-12,60,-11,60,-5,60,-12,59,-3,51,-9,54,0,55,-4,52,-3,56,-1,49,0,46,1,44,3,40,6,36,1,35,5,33,3,34,7,36,6,31,9,30,9,30,9,0,0,0,0,0,0,0,0,0,0,0,0,0,0,0,0,0,0,0,0,0,0,-10,-56,0,-53,1,-49,11,-52,17,-46,21,-43,21,-34,28,-32,28,-25,27,-22,29,-16,29,-14,32,-9,28,0,27,4,16,7,23,11,17,13,13,21,7,23,4,20,8,29,-2,29,-4,33,-8,31,-11,30,-11,33,-15,32,-18,30,-18,36,-19,36,-25,34,-27,34,-24,35,-29,31,-28,31,-25,28,-30,33,-29,33,-25,37,-24,36,-20,31,-26,36,-20,33,-22,35,-12,44,-19,43,-17,41,-14,43,-14,44,-12,43,-11,48,-15,51,-11,47,-5,55,-11,54,-6,53,0,0]"
CSI_DATA,68,2a:00:00:00:00:00,-45,11,1,0,1,1,1,0,0,0,1,-96,0,11,2,1164788,0,44,0,384,0,"[0,0,0,0,0,0,0,0,0,0,0,0,-3,-13,-3,-12,-4,-13,-4,-13,-4,-13,-3,-12,-4,-13,-4,-13,-4,-13,-5,-12,-4,-13,-4,-13,-5,-13,-5,-13,-4,-12,-5,-13,-6,-12,-5,-12,-5,-12,-5,-12,-5,-12,-6,-12,-5,-12,-6,-12,-5,-12,-5,-11,0,0,-5,-11,-6,-12,-5,-11,-5,-11,-5,-11,-5,-11,-5,-10,-4,-10,-4,-10,-4,-10,-4,-10,-3,-10,-3,-9,-3,-8,-3,-9,-3,-8,-2,-9,-2,-8,-2,-7,-2,-7,-2,-7,-2,-6,-1,-7,-1,-6,-1,-6,-1,-6,0,0,0,0,0,0,0,0,0,0,0,0,0,0,-14,-67,-14,-65,-19,-66,-22,-63,-18,-60,-21,-70,-21,-63,-20,-70,-26,-67,-23,-67,-25,-63,-22,-68,-26,-67,-26,-65,-26,-65,-33,-66,-25,-67,-24,-67,-28,-67,-32,-62,-34,-65,-29,-63,-29,-66,-32,-62,-25,-62,-31,-62,-30,-60,-28,-65,-27,-63,-32,-58,-29,-54,-32,-58,-29,-55,-32,-59,-28,-54,-29,-56,-29,-57,-23,-57,-26,-52,-23,-56,-24,-52,-18,-50,-19,-53,-19,-49,-16,-47,-17,-47,-10,-47,-14,-40,-10,-41,-10,-41,-3,-41,-5,-38,-8,-35,-8,-36,-4,-35,-2,-31,-1,-36,0,0,0,0,0,0,0,0,0,0,0,0,0,0,0,0,0,0,0,0,0,0,-46,18,-50,15,-50,12,-47,6,-45,-2,-43,-9,-40,-12,-38,-17,-30,-21,-24,-22,-23,-22,-19,-26,-15,-27,-10,-23,-1,-24,5,-30,5,-27,12,-21,14,-19,20,-20,22,-14,28,-11,29,-11,31,-8,35,-3,37,0,37,6,39,8,37,12,39,12,37,14,42,15,39,15,40,15,40,17,40,15,40,14,40,15,39,18,45,20,40,15,41,9,45,13,40,12,39,10,42,18,42,9,37,3,43,9,43,5,47,2,51,-5,54,-1,54,-6,55,-1,56,-7,56,-8,0,0]"
CSI_DATA,69,2a:00:00:00:00:00,-45,11,1,0,1,1,1,0,0,0,1,-96,0,11,2,1194682,0,44,0,384,0,"[0,0,0,0,0,0,0,0,0,0,0,0,-4,-12,-5,-11,-5,-12,-5,-13,-5,-13,-4,-13,-6,-13,-5,-12,-5,-12,-5,-13,-4,-13,-5,-13,-5,-13,-5,-13,-5,-12,-6,-12,-6,-12,-6,-12,-6,-12,-7,-12,-6,-12,-6,-12,-6,-12,-6,-12,-6,-12,-6,-12,0,0,-5,-12,-5,-11,-5,-11,-5,-10,-5,-11,-5,-11,-4,-11,-4,-11,-4,-10,-3,-10,-3,-10,-3,-9,-3,-9,-3,-9,-2,-9,-2,-8,-2,-8,-2,-8,-2,-7,-2,-7,-1,-7,-1,-6,-1,-6,-1,-6,-1,-6,0,-6,0,0,0,0,0,0,0,0,0,0,0,0,0,0,-19,-55,-20,-61,-24,-62,-24,-57,-26,-60,-24,-63,-27,-67,-27,-68,-28,-63,-29,-65,-27,-64,-26,-63,-31,-65,-25,-62,-24,-65,-30,-66,-34,-66,-33,-63,-37,-64,-38,-59,-40,-69,-32,-63,-33,-59,-34,-62,-30,-61,-30,-65,-32,-56,-36,-63,-32,-59,-35,-55,-33,-59,-35,-61,-28,-54,-35,-57,-35,-52,-26,-56,-28,-56,-22,-56,-25,-55,-23,-53,-26,-51,-19,-49,-19,-50,-18,-45,-15,-45,-19,-42,-12,-45,-12,-41,-8,-39,-10,-39,-8,-34,-7,-36,-6,-31,-7,-34,-5,-31,-6,-28,-2,-29,0,0,0,0,0,0,0,0,0,0,0,0,0,0,0,0,0,0,0,0,0,0,-42,31,-44,20,-45,19,-47,13,-46,10,-37,2,-40,-6,-34,-9,-37,-13,-33,-17,-26,-19,-21,-20,-17,-21,-9,-22,-6,-20,2,-22,4,-23,5,-21,10,-18,22,-14,23,-13,24,-12,27,-11,35,-8,34,-2,34,0,35,2,38,3,36,10,40,5,37,12,44,13,46,15,41,14,45,14,41,15,43,14,43,18,45,11,42,12,44,16,47,12,40,12,45,11,42,6,48,9,47,3,38,1,48,-2,45,0,48,-5,51,-4,45,-7,47,-6,56,-9,57,-10,54,-15,0,0]"
CSI_DATA,70,2a:00:00:00:00:00,-45,11,1,0,1,1,1,0,0,0,1,-96,0,11,2,1204777,0,44,0,384,0,"[0,0,0,0,0,0,0,0,0,0,0,0,11,2,11,2,12,2,12,3,12,3,11,2,12,2,12,2,12,2,12,2,12,2,13,1,13,2,12,1,12,2,13,1,12,1,12,1,12,1,12,0,12,1,12,1,12,0,12,0,12,1,12,0,0,0,11,1,12,0,11,1,12,1,10,1,11,1,10,1,10,1,10,1,10,1,9,1,8,1,8,1,8,1,8,2,7,1,7,2,6,1,6,1,6,2,6,1,5,1,5,1,5,1,4,2,4,2,0,0,0,0,0,0,0,0,0,0,0,0,0,0,54,21,55,25,62,18,60,23,64,21,63,21,60,20,66,20,62,20,65,16,69,16,66,13,70,13,68,17,65,15,75,14,76,12,69,15,71,9,70,11,74,10,70,6,70,9,67,6,67,8,72,10,67,8,66,7,65,11,70,5,66,10,69,8,63,5,67,14,63,6,65,10,60,11,61,6,53,13,57,14,52,14,51,14,47,14,49,11,49,18,37,14,44,15,39,13,36,7,36,13,34,15,30,13,33,12,30,14,30,13,26,13,28,15,0,0,0,0,0,0,0,0,0,0,0,0,0,0,0,0,0,0,0,0,0,0,2,-49,11,-49,14,-42,22,-40,19,-34,26,-34,24,-27,25,-22,29,-15,26,-13,29,-7,26,-3,23,0,23,3,23,11,10,14,12,18,6,20,4,20,-6,22,-7,18,-8,27,-15,24,-18,26,-22,25,-25,25,-32,22,-32,25,-33,24,-36,23,-34,22,-37,19,-37,20,-42,24,-43,21,-43,25,-42,17,-42,22,-41,22,-42,24,-38,28,-39,26,-39,27,-43,24,-38,27,-40,23,-36,28,-31,32,-34,32,-29,27,-29,33,-28,42,-27,39,-24,39,-27,47,-28,50,-23,47,0,0]"
CSI_DATA,71,2a:00:00:00:00:00,-45,11,1,0,1,1,1,0,0,0,1,-96,0,11,2,1214865,0,44,0,384,0,"[0,0,0,0,0,0,0,0,0,0,0,0,-11,6,-10,6,-11,7,-10,6,-10,7,-11,6,-11,7,-11,6,-11,7,-11,7,-11,7,-11,8,-11,8,-11,8,-10,7,-11,9,-10,8,-10,8,-10,8,-10,8,-10,8,-10,8,-11,8,-9,7,-10,8,-10,7,0,0,-10,7,-10,8,-9,7,-10,7,-9,7,-9,7,-9,6,-9,5,-9,6,-9,5,-9,5,-9,4,-8,4,-8,4,-7,4,-7,3,-8,3,-7,2,-6,2,-7,2,-6,2,-6,2,-6,2,-6,1,-6,1,-5,1,0,0,0,0,0,0,0,0,0,0,0,0,0,0,-41,30,-44,46,-40,42,-45,42,-45,50,-43,46,-42,51,-45,50,-43,50,-45,48,-43,50,-45,52,-43,53,-43,49,-42,55,-40,59,-36,59,-39,57,-41,55,-35,57,-38,58,-44,58,-35,52,-35,54,-36,56,-39,56,-37,60,-38,62,-35,58,-35,57,-37,54,-42,57,-36,54,-35,53,-33,47,-37,48,-35,48,-35,48,-37,40,-35,46,-34,44,-37,43,-34,42,-31,41,-32,32,-34,31,-29,30,-31,31,-28,25,-26,22,-26,23,-27,24,-24,22,-29,22,-21,18,-23,18,-23,13,0,0,0,0,0,0,0,0,0,0,0,0,0,0,0,0,0,0,0,0,0,0,43,23,38,25,34,29,29,30,25,35,19,36,12,33,9,28,6,32,5,30,-4,26,-7,24,-8,19,-13,14,-14,8,-17,2,-17,3,-21,-3,-19,-5,-17,-9,-16,-19,-21,-23,-18,-27,-17,-24,-18,-32,-13,-33,-11,-37,-9,-40,-5,-40,-8,-44,-4,-42,-4,-44,-2,-46,-5,-45,-2,-48,-3,-43,0,-48,-5,-49,-4,-49,-7,-46,1,-47,-6,-47,-3,-44,-8,-50,-6,-44,-10,-35,-5,-41,-16,-45,-20,-45,-16,-43,-22,-37,-24,-42,-21,-46,-28,-39,-28,-43,-29,-43,-28,-44,0,0]"
CSI_DATA,72,2a:00:00:00:00:00,-45,11,1,0,1,1,1,0,0,0,1,-96,0,11,2,1234962,0,44,0,384,0,"[0,0,0,0,0,0,0,0,0,0,0,0,-6,9,-6,10,-5,10,-5,10,-6,10,-6,10,-5,10,-5,11,-6,11,-4,11,-5,11,-5,11,-4,11,-4,12,-5,11,-4,12,-4,12,-4,12,-4,11,-4,12,-4,12,-4,12,-4,11,-4,12,-4,12,-4,12,0,0,-4,12,-4,11,-4,11,-4,11,-5,10,-4,10,-4,10,-4,10,-5,9,-5,9,-4,9,-5,8,-5,8,-5,7,-4,7,-4,6,-4,6,-4,6,-4,5,-4,5,-4,5,-4,4,-4,4,-4,4,-4,4,-4,3,0,0,0,0,0,0,0,0,0,0,0,0,0,0,-31,47,-27,46,-31,51,-27,53,-26,57,-23,56,-22,59,-27,59,-25,59,-26,61,-26,61,-20,61,-22,65,-17,63,-20,68,-17,67,-16,71,-13,68,-15,65,-17,66,-14,72,-15,61,-11,70,-17,70,-19,64,-12,68,-16,66,-11,70,-17,62,-11,69,-11,66,-10,68,-16,67,-8,69,-10,60,-19,65,-15,58,-16,60,-16,59,-18,53,-14,52,-17,50,-19,50,-18,51,-21,47,-18,45,-23,39,-17,40,-16,37,-16,32,-20,35,-15,32,-17,29,-16,26,-18,24,-20,24,-20,22,0,0,0,0,0,0,0,0,0,0,0,0,0,0,0,0,0,0,0,0,0,0,45,6,41,12,42,16,39,18,30,19,26,24,24,21,19,26,11,29,7,22,1,23,0,23,-1,18,-8,14,-8,9,-14,7,-14,4,-16,-2,-18,-3,-19,-10,-19,-14,-22,-19,-22,-24,-21,-22,-25,-30,-21,-30,-20,-34,-21,-43,-17,-39,-19,-41,-12,-44,-16,-49,-16,-48,-11,-47,-13,-54,-14,-46,-16,-47,-17,-44,-17,-52,-18,-52,-19,-49,-12,-48,-17,-45,-16,-47,-19,-43,-19,-38,-18,-45,-21,-44,-26,-43,-28,-42,-30,-35,-31,-36,-28,-37,-32,-35,-35,-37,-38,-35,-40,-33,0,0]"
CSI_DATA,73,2a:00:00:00:00:00,-45,11,1,0,1,1,1,0,0,0,1,-96,0,11,2,1244676,0,44,0,384,0,"[0,0,0,0,0,0,0,0,0,0,0,0,-9,-7,-10,-7,-9,-6,-10,-7,-10,-7,-10,-6,-10,-7,-10,-6,-10,-6,-10,-6,-12,-6,-12,-6,-12,-6,-12,-6,-12,-6,-12,-6,-12,-5,-11,-5,-12,-5,-12,-6,-12,-6,-12,-5,-11,-5,-12,-5,-12,-6,-12,-5,0,0,-12,-5,-11,-6,-12,-5,-11,-5,-10,-6,-11,-5,-10,-6,-10,-6,-9,-6,-9,-6,-9,-5,-9,-6,-8,-6,-8,-5,-7,-6,-7,-6,-7,-5,-6,-5,-6,-5,-5,-5,-5,-5,-5,-5,-5,-5,-4,-4,-4,-5,-4,-4,0,0,0,0,0,0,0,0,0,0,0,0,0,0,-33,-45,-29,-43,-37,-49,-40,-40,-41,-42,-42,-42,-42,-40,-47,-43,-44,-38,-47,-44,-52,-41,-55,-40,-55,-40,-49,-40,-54,-39,-57,-39,-58,-46,-57,-41,-57,-37,-54,-39,-60,-35,-62,-34,-63,-35,-60,-35,-58,-39,-59,-37,-57,-39,-60,-35,-57,-37,-59,-36,-57,-36,-59,-37,-54,-41,-56,-36,-49,-31,-52,-43,-52,-31,-50,-36,-50,-32,-48,-34,-45,-35,-40,-36,-45,-38,-39,-33,-39,-36,-35,-32,-33,-34,-35,-30,-26,-32,-27,-26,-23,-28,-25,-27,-20,-28,-20,-27,-18,-28,-13,-25,-14,-24,0,0,0,0,0,0,0,0,0,0,0,0,0,0,0,0,0,0,0,0,0,0,-18,39,-21,35,-27,32,-27,32,-26,22,-30,22,-25,16,-23,11,-29,7,-23,2,-21,-1,-20,-10,-13,-5,-10,-11,-3,-10,-3,-14,7,-16,6,-13,9,-14,16,-13,26,-16,21,-14,27,-12,30,-11,34,-8,36,-8,41,-3,42,-5,44,1,47,-2,42,-1,51,-1,53,-3,45,-4,51,-2,53,3,49,3,54,0,50,6,51,2,48,-1,48,2,52,-4,51,2,47,3,55,-4,45,-5,44,-13,44,-11,45,-17,46,-13,43,-10,43,-13,39,-20,47,-22,52,-27,44,-26,0,0]"
CSI_DATA,74,2a:00:00:00:00:00,-45,11,1,0,1,1,1,0,0,0,1,-96,0,11,2,1255030,0,44,0,384,0,"[0,0,0,0,0,0,0,0,0,0,0,0,-5,9,-5,9,-4,9,-4,10,-4,9,-5,10,-5,10,-4,10,-4,10,-3,10,-4,11,-3,11,-3,11,-3,11,-4,11,-3,11,-3,11,-3,11,-2,11,-3,11,-3,11,-3,12,-3,11,-2,11,-3,11,-3,11,0,0,-3,11,-3,11,-3,11,-3,10,-3,10,-3,10,-3,10,-3,9,-4,9,-4,9,-4,9,-4,8,-4,8,-4,8,-4,7,-4,6,-4,6,-4,6,-4,5,-4,5,-4,5,-4,4,-4,4,-4,4,-4,3,-4,3,0,0,0,0,0,0,0,0,0,0,0,0,0,0,-37,44,-39,46,-36,50,-33,46,-33,56,-31,48,-28,54,-30,55,-25,55,-31,55,-26,58,-27,57,-29,59,-24,62,-28,57,-20,65,-24,68,-21,67,-23,66,-23,62,-27,68,-20,63,-20,68,-22,65,-23,63,-28,67,-23,68,-18,67,-21,64,-22,68,-20,68,-27,65,-20,61,-21,64,-24,60,-20,61,-29,56,-27,52,-26,55,-26,57,-26,46,-30,48,-27,48,-26,46,-27,44,-25,38,-27,36,-24,37,-23,33,-26,32,-23,32,-26,25,-22,27,-21,23,-22,26,-25,22,-26,19,0,0,0,0,0,0,0,0,0,0,0,0,0,0,0,0,0,0,0,0,0,0,51,-11,43,5,41,11,36,14,28,13,23,16,23,23,18,23,13,21,7,16,1,16,0,13,-1,14,-6,10,-10,6,-15,2,-20,-2,-18,-4,-19,-5,-18,-13,-16,-19,-20,-26,-20,-25,-20,-29,-21,-35,-19,-32,-19,-37,-18,-41,-20,-40,-16,-49,-17,-43,-19,-49,-11,-51,-10,-53,-15,-50,-11,-51,-10,-50,-15,-56,-14,-54,-14,-52,-15,-54,-16,-47,-13,-53,-16,-53,-14,-47,-24,-49,-19,-48,-18,-46,-26,-47,-24,-46,-26,-40,-28,-44,-32,-50,-32,-37,-36,-43,-38,-41,-41,-37,0,0]"
CSI_DATA,75,2a:00:00:00:00:00,-45,11,1,0,1,1,1,0,0,0,1,-96,0,11,2,1264660,0,44,0,384,0,"[0,0,0,0,0,0,0,0,0,0,0,0,4,-10,4,-10,3,-10,3,-11,3,-11,3,-11,3,-11,3,-11,3,-12,2,-12,2,-12,2,-13,1,-12,1,-13,2,-12,2,-13,2,-13,1,-12,1,-13,1,-13,1,-12,1,-13,1,-12,0,-13,0,-13,1,-13,0,0,2,-13,1,-12,1,-12,1,-12,2,-12,1,-12,2,-11,2,-11,2,-11,2,-10,2,-10,2,-9,2,-9,3,-9,3,-8,3,-8,3,-8,3,-7,3,-7,2,-6,2,-6,3,-6,3,-5,3,-5,3,-5,3,-5,0,0,0,0,0,0,0,0,0,0,0,0,0,0,40,-39,39,-44,33,-45,37,-45,36,-52,30,-49,32,-53,36,-57,31,-57,32,-56,33,-59,29,-57,31,-63,29,-62,26,-57,22,-63,24,-69,20,-67,20,-65,21,-66,26,-70,24,-67,20,-66,27,-66,22,-63,23,-73,19,-64,20,-69,23,-68,27,-70,19,-66,22,-70,21,-67,20,-64,22,-61,27,-59,29,-61,26,-58,33,-55,27,-57,24,-48,29,-51,26,-48,26,-51,24,-44,24,-43,23,-40,22,-42,23,-34,21,-33,26,-31,23,-27,21,-26,24,-27,20,-25,22,-20,22,-20,0,0,0,0,0,0,0,0,0,0,0,0,0,0,0,0,0,0,0,0,0,0,-45,1,-45,-10,-35,-16,-34,-14,-31,-19,-23,-17,-23,-19,-16,-23,-17,-20,-10,-21,-2,-21,3,-17,3,-17,9,-9,12,-4,16,7,14,6,15,4,14,10,17,18,17,19,19,24,17,26,16,29,17,31,19,34,16,41,14,43,15,47,14,48,12,44,14,53,11,51,11,55,10,54,10,53,12,52,13,54,13,53,13,56,16,57,16,50,12,53,19,52,14,52,13,53,15,48,19,50,21,50,22,50,27,45,29,45,26,50,23,46,34,46,35,44,39,41,0,0]"
CSI_DATA,76,2a:00:00:00:00:00,-45,11,1,0,1,1,1,0,0,0,1,-96,0,11,2,1274774,0,44,0,384,0,"[0,0,0,0,0,0,0,0,0,0,0,0,7,7,7,7,8,8,8,8,9,7,8,7,9,7,9,7,9,7,9,7,10,7,10,6,10,7,10,6,10,7,10,6,10,5,10,6,11,6,10,6,10,6,10,6,10,7,10,6,10,6,10,6,0,0,10,6,10,7,9,6,9,6,9,6,9,6,8,6,8,6,8,6,8,6,7,6,7,6,6,6,6,6,5,6,5,6,5,5,4,5,4,5,4,4,3,4,3,4,3,4,3,4,2,4,2,4,0,0,0,0,0,0,0,0,0,0,0,0,0,0,32,53,27,49,35,42,34,44,42,45,35,45,40,50,43,51,43,47,44,48,41,44,46,43,52,39,46,43,50,44,50,34,56,45,57,41,55,41,55,37,63,38,56,42,58,42,52,40,52,39,55,37,55,37,60,40,58,39,55,36,55,37,57,41,47,35,50,39,48,35,50,37,50,37,50,37,44,37,48,41,46,35,41,38,42,43,37,34,35,38,34,34,33,39,35,34,23,35,26,34,21,29,18,28,23,28,19,25,18,26,17,29,9,25,0,0,0,0,0,0,0,0,0,0,0,0,0,0,0,0,0,0,0,0,0,0,13,-40,18,-35,19,-35,25,-26,22,-24,23,-18,23,-17,20,-12,22,-6,16,-2,16,2,11,4,9,7,6,14,2,9,-5,14,-9,14,-18,9,-14,15,-25,14,-26,11,-34,13,-30,15,-35,14,-36,9,-39,9,-42,7,-46,9,-44,3,-54,2,-49,7,-57,0,-54,0,-53,-1,-58,-5,-57,-2,-53,0,-53,-2,-59,-1,-52,-4,-57,-1,-56,2,-59,6,-56,1,-54,6,-47,-1,-49,9,-54,10,-57,10,-55,8,-50,11,-53,18,-53,17,-48,16,-51,22,-53,25,-52,25,0,0]"
CSI_DATA,77,2a:00:00:00:00:00,-44,11,1,0,1,1,1,0,0,0,1,-96,0,11,2,1296584,0,44,0,384,0,"[0,0,0,0,0,0,0,0,0,0,0,0,8,-10,7,-10,7,-10,7,-10,7,-10,7,-10,7,-11,7,-11,7,-11,7,-11,8,-11,7,-11,7,-11,7,-11,7,-11,7,-12,7,-12,7,-11,6,-11,6,-11,7,-11,7,-12,8,-10,7,-11,7,-11,6,-10,0,0,7,-11,7,-10,6,-10,7,-10,6,-9,6,-10,6,-9,6,-9,6,-9,7,-8,6,-7,7,-7,7,-7,6,-7,6,-6,5,-5,6,-5,5,-5,5,-5,5,-5,5,-4,5,-4,4,-4,5,-3,5,-3,4,-2,0,0,0,0,0,0,0,0,0,0,0,0,0,0,35,-48,36,-49,32,-53,31,-52,35,-54,38,-50,32,-56,32,-56,29,-57,37,-59,29,-64,28,-62,32,-62,31,-57,33,-59,29,-58,28,-66,29,-59,27,-63,26,-65,30,-67,31,-60,22,-66,28,-64,26,-61,24,-65,24,-57,28,-63,30,-60,27,-56,32,-56,34,-58,27,-50,27,-55,30,-53,27,-51,26,-53,24,-51,23,-53,23,-49,25,-45,33,-40,31,-44,26,-39,29,-38,24,-34,29,-30,31,-31,29,-27,17,-29,23,-27,26,-23,24,-24,23,-20,27,-19,20,-16,23,-17,0,0,0,0,0,0,0,0,0,0,0,0,0,0,0,0,0,0,0,0,0,0,-39,-1,-37,-2,-34,-9,-33,-12,-27,-13,-25,-16,-21,-12,-19,-18,-16,-16,-7,-16,-1,-15,-2,-15,3,-14,8,-9,10,-10,12,-4,17,-1,17,2,24,7,24,10,27,12,25,16,21,19,23,23,27,23,20,29,20,35,23,34,24,35,22,40,15,38,25,39,23,43,27,41,22,46,20,46,19,42,16,48,18,41,26,49,22,47,22,37,26,43,29,47,26,42,19,42,27,40,32,39,33,41,34,38,34,42,36,42,38,41,37,42,41,41,41,40,48,33,0,0]"
CSI_DATA,78,2a:00:00:00:00:00,-44,11,1,0,1,1,1,0,0,0,1,-96,0,11,2,1304634,0,44,0,384,0,"[0,0,0,0,0,0,0,0,0,0,0,0,3,11,2,11,3,11,3,12,3,11,3,11,3,11,3,11,2,11,4,11,3,11,4,11,4,12,4,11,4,12,5,11,4,11,4,11,5,11,4,11,4,12,4,11,3,11,4,11,4,11,4,11,0,0,3,11,3,11,3,11,3,10,2,10,2,10,2,10,2,10,1,9,1,9,1,8,1,8,1,8,1,8,0,7,0,7,0,7,0,7,-1,6,-1,6,-1,6,-1,5,-1,5,-1,5,-1,5,-2,4,0,0,0,0,0,0,0,0,0,0,0,0,0,0,5,66,5,60,7,66,10,65,13,62,12,64,12,67,13,72,13,66,16,66,14,65,19,68,19,68,20,61,16,70,19,69,21,68,22,67,16,65,23,62,25,72,21,62,23,73,23,67,18,68,17,67,23,66,24,65,16,69,20,65,17,60,16,65,12,63,14,59,16,60,10,61,15,61,12,58,12,58,9,58,9,53,6,53,5,49,6,50,3,47,3,41,-1,46,1,41,-1,41,1,40,-3,34,-1,36,-2,34,-8,31,-2,31,-7,27,-10,25,0,0,0,0,0,0,0,0,0,0,0,0,0,0,0,0,0,0,0,0,0,0,28,-23,29,-24,31,-17,31,-14,30,-12,28,-1,24,0,22,4,22,4,21,7,11,11,10,13,5,12,0,15,-8,13,-10,13,-12,15,-16,7,-21,9,-25,8,-25,2,-33,1,-31,1,-32,-4,-38,-6,-41,-8,-40,-9,-41,-14,-42,-15,-47,-16,-42,-15,-47,-19,-47,-23,-48,-24,-48,-23,-44,-24,-45,-23,-48,-24,-46,-23,-49,-18,-48,-19,-46,-18,-47,-16,-50,-15,-47,-15,-49,-17,-51,-13,-48,-12,-52,-9,-55,-7,-50,-5,-57,-3,-61,-6,-57,0,-62,-2,-60,-1,-62,-2,0,0]"
CSI_DATA,79,2a:00:00:00:00:00,-44,11,1,0,1,1,1,0,0,0,1,-96,0,11,2,1325930,0,44,0,384,0,"[0,0,0,0,0,0,0,0,0,0,0,0,3,11,3,11,4,11,4,12,4,11,4,12,3,11,4,12,3,11,5,11,4,12,4,12,5,12,5,11,5,12,5,12,5,11,5,11,6,11,5,11,5,11,5,11,5,11,5,11,5,11,5,11,0,0,4,11,4,11,4,11,4,10,4,10,3,10,3,10,3,9,3,9,3,9,2,9,2,9,2,8,1,8,1,8,1,7,1,6,1,6,0,6,0,6,0,6,0,5,0,5,0,5,0,5,-1,4,0,0,0,0,0,0,0,0,0,0,0,0,0,0,7,61,3,58,6,63,12,63,11,63,9,68,8,62,9,68,8,66,14,68,13,66,17,64,18,71,14,63,15,67,18,70,18,68,18,72,16,67,17,63,24,69,19,65,22,66,21,67,21,64,20,67,21,61,22,63,14,67,19,68,19,64,17,64,16,60,20,63,16,57,15,57,16,57,13,58,10,55,9,53,6,52,6,52,5,51,6,48,3,48,3,44,3,44,-1,39,0,38,0,36,3,34,1,32,0,30,1,28,-3,26,-6,29,-4,30,0,0,0,0,0,0,0,0,0,0,0,0,0,0,0,0,0,0,0,0,0,0,35,-11,31,-12,28,-3,31,3,29,6,33,14,20,-2,8,9,19,9,17,2,3,22,-3,9,-1,14,-10,12,-13,9,-18,13,-12,7,-16,12,-34,5,-38,-13,-26,-9,-36,-4,-43,-15,-29,9,-20,-26,-29,-6,-30,-16,-42,-21,-35,-21,-40,-23,-33,-30,-30,-33,-42,-22,-37,-39,-48,-27,-40,-21,-37,-27,-33,-33,-36,-32,-40,-26,-42,-32,-36,-19,-42,-25,-40,-22,-45,-19,-50,-13,-42,-18,-43,-13,-45,-11,-39,-11,-40,-8,-48,-11,-50,-5,-49,-3,-55,-5,-60,-2,-51,-1,0,0]"
CSI_DATA,80,2a:00:00:00:00:00,-44,11,1,0,1,1,1,0,0,0,1,-96,0,11,2,1334907,0,44,0,384,0,"[0,0,0,0,0,0,0,0,0,0,0,0,-3,10,-3,11,-3,11,-2,12,-2,11,-3,13,-3,12,-3,12,-3,12,-2,11,-2,12,-2,13,-2,12,-1,13,-2,13,-1,12,-2,13,-2,11,-1,12,-1,12,-2,12,-1,12,-2,12,-1,12,-1,12,-1,12,0,0,-2,12,-1,11,-2,12,-2,10,-2,11,-2,10,-3,10,-3,9,-3,9,-2,9,-3,9,-3,9,-3,8,-3,8,-3,6,-3,7,-3,6,-3,6,-3,6,-3,5,-3,5,-3,5,-3,4,-3,4,-3,4,-3,4,0,0,0,0,0,0,0,0,0,0,0,0,0,0,-31,54,-26,58,-20,61,-21,56,-21,63,-28,64,-24,64,-18,68,-19,66,-20,65,-21,67,-21,64,-20,70,-21,68,-23,63,-16,72,-19,79,-21,73,-17,70,-17,67,-14,77,-18,68,-13,75,-14,69,-15,66,-14,73,-17,68,-18,69,-17,65,-10,69,-16,69,-15,68,-14,64,-16,64,-12,61,-21,61,-15,57,-20,62,-21,59,-19,56,-21,52,-20,50,-20,49,-21,45,-21,46,-15,44,-19,40,-15,37,-19,36,-17,34,-14,36,-17,28,-20,29,-16,27,-16,22,-17,25,-19,22,0,0,0,0,0,0,0,0,0,0,0,0,0,0,0,0,0,0,0,0,0,0,38,-1,35,11,29,9,31,15,24,15,20,18,15,17,12,21,11,19,3,18,-8,17,-5,16,-14,12,-18,10,-20,3,-20,3,-23,0,-23,-8,-24,-7,-25,-16,-30,-17,-31,-24,-28,-29,-30,-29,-24,-35,-26,-32,-27,-37,-23,-40,-25,-40,-25,-42,-19,-39,-22,-46,-24,-42,-20,-48,-19,-53,-21,-44,-19,-44,-21,-45,-19,-46,-21,-47,-22,-49,-24,-39,-27,-42,-30,-43,-25,-36,-33,-36,-32,-33,-30,-37,-37,-35,-35,-36,-36,-33,-38,-34,-40,-36,-39,-25,-44,-27,-51,-29,-48,-28,0,0]"
CSI_DATA,81,2a:00:00:00:00:00,-45,11,1,0,1,1,1,0,0,0,1,-96,0,11,2,1354683,0,44,0,384,0,"[0,0,0,0,0,0,0,0,0,0,0,0,12,-1,11,-1,12,-1,12,-1,12,-1,12,-2,12,-2,12,-2,12,-2,12,-2,12,-2,12,-3,12,-3,12,-3,12,-3,13,-4,12,-3,12,-4,11,-3,12,-3,12,-2,12,-3,12,-3,12,-3,12,-3,11,-3,0,0,11,-3,12,-3,11,-2,11,-2,10,-1,10,-2,10,-2,9,-1,9,-1,10,-1,9,-1,8,-1,8,0,8,-1,7,0,7,0,7,0,6,0,6,0,5,0,5,0,5,0,5,0,5,0,4,1,4,1,0,0,0,0,0,0,0,0,0,0,0,0,0,0,61,5,60,9,62,-1,62,2,63,-1,64,-5,55,-5,67,-5,58,-7,64,-7,70,-8,66,-7,68,-9,66,-8,71,-8,69,-14,66,-16,64,-11,65,-7,72,-14,70,-13,64,-9,67,-18,64,-9,66,-10,64,-9,67,-11,65,-13,67,-10,68,-17,63,-13,65,-7,59,-8,62,-7,57,-6,57,-8,55,-5,55,-3,55,-3,57,3,53,0,49,3,48,4,45,1,38,2,44,-1,41,3,42,5,37,9,30,4,27,6,28,7,32,7,31,3,24,9,24,4,22,9,0,0,0,0,0,0,0,0,0,0,0,0,0,0,0,0,0,0,0,0,0,0,-19,-32,-15,-34,-10,-34,-7,-34,-3,-29,1,-26,4,-26,8,-22,9,-15,13,-15,13,-10,15,-6,13,1,13,7,14,8,12,15,14,19,8,22,9,27,4,30,0,28,2,32,-7,38,-5,37,-12,38,-11,44,-16,44,-21,45,-18,42,-25,44,-28,45,-29,45,-29,44,-29,43,-30,44,-31,47,-28,45,-28,48,-32,41,-30,49,-31,43,-25,44,-30,44,-26,45,-25,51,-26,44,-25,45,-19,49,-16,48,-17,49,-16,50,-10,54,-15,53,-16,48,-13,55,-7,58,-10,62,0,0]"
CSI_DATA,82,2a:00:00:00:00:00,-44,11,1,0,1,1,1,0,0,0,1,-96,0,11,2,1365469,0,44,0,384,0,"[0,0,0,0,0,0,0,0,0,0,0,0,-7,-9,-8,-10,-8,-9,-8,-10,-9,-9,-8,-9,-8,-9,-9,-9,-9,-9,-9,-8,-9,-8,-10,-8,-10,-9,-10,-9,-10,-9,-10,-8,-10,-8,-9,-8,-10,-8,-10,-8,-10,-8,-10,-8,-9,-7,-10,-8,-10,-8,-10,-8,0,0,-10,-8,-9,-8,-9,-8,-8,-8,-8,-8,-9,-8,-8,-8,-7,-7,-7,-8,-7,-7,-6,-7,-6,-7,-6,-7,-6,-7,-5,-7,-5,-7,-4,-6,-4,-6,-4,-6,-3,-5,-3,-6,-3,-5,-3,-5,-3,-4,-2,-4,-2,-5,0,0,0,0,0,0,0,0,0,0,0,0,0,0,-7,-70,-8,-61,-11,-62,-10,-63,-11,-66,-13,-67,-12,-62,-15,-69,-20,-63,-17,-60,-23,-68,-16,-61,-19,-63,-19,-68,-25,-63,-25,-63,-25,-70,-27,-66,-22,-67,-26,-64,-30,-63,-23,-67,-26,-63,-22,-63,-24,-62,-27,-63,-29,-59,-24,-65,-21,-64,-26,-62,-23,-63,-21,-61,-24,-59,-23,-59,-21,-61,-17,-58,-14,-53,-15,-54,-16,-59,-9,-54,-10,-49,-9,-47,-8,-46,-8,-48,-7,-44,-6,-43,-6,-33,-6,-40,-2,-35,7,-32,2,-31,3,-28,-2,-28,1,-28,2,-29,1,-27,4,-25,0,0,0,0,0,0,0,0,0,0,0,0,0,0,0,0,0,0,0,0,0,0,-26,24,-26,21,-29,18,-28,10,-28,9,-24,4,-20,-4,-22,-3,-19,-7,-15,-10,-12,-13,-9,-15,-3,-18,2,-14,6,-19,11,-19,15,-17,13,-20,23,-16,26,-10,30,-11,39,-6,37,-10,41,-7,44,-5,43,-4,47,4,50,3,51,4,53,8,50,6,50,11,54,11,49,14,56,17,53,10,59,12,56,9,57,18,56,16,55,13,54,12,54,9,54,10,49,7,57,14,56,8,58,5,61,10,58,7,58,0,60,0,67,2,58,2,63,-4,60,2,70,-2,0,0]"
CSI_DATA,83,2a:00:00:00:00:00,-44,11,1,0,1,1,1,0,0,0,1,-96,0,11,2,1375281,0,44,0,384,0,"[0,0,0,0,0,0,0,0,0,0,0,0,-6,-12,-6,-11,-6,-11,-6,-12,-6,-11,-6,-11,-6,-11,-6,-11,-6,-11,-7,-11,-7,-11,-7,-10,-7,-10,-7,-10,-8,-10,-8,-10,-7,-10,-7,-10,-8,-10,-7,-10,-7,-10,-7,-10,-7,-10,-8,-10,-7,-10,-7,-10,0,0,-7,-10,-6,-10,-7,-10,-6,-9,-6,-10,-6,-9,-5,-9,-5,-9,-4,-9,-4,-9,-4,-8,-4,-8,-3,-8,-3,-8,-2,-7,-2,-7,-2,-7,-2,-6,-2,-6,-2,-6,-2,-6,-1,-5,-2,-5,-1,-5,-1,-5,-1,-5,0,0,0,0,0,0,0,0,0,0,0,0,0,0,-6,-69,-5,-67,-16,-71,-11,-65,-17,-65,-15,-63,-13,-63,-17,-70,-20,-64,-19,-67,-19,-67,-23,-60,-20,-63,-22,-58,-20,-59,-27,-63,-28,-66,-29,-63,-26,-61,-29,-59,-27,-63,-24,-55,-32,-60,-24,-63,-22,-59,-26,-64,-27,-54,-30,-60,-27,-62,-29,-57,-26,-59,-22,-58,-20,-55,-20,-58,-21,-51,-18,-56,-17,-55,-15,-56,-14,-58,-9,-53,-15,-46,-11,-45,-10,-48,-7,-43,-7,-43,-6,-39,-2,-40,-4,-37,-2,-37,-1,-33,0,-35,2,-29,-1,-29,0,-27,0,-27,5,-27,5,-26,0,0,0,0,0,0,0,0,0,0,0,0,0,0,0,0,0,0,0,0,0,0,-23,26,-24,24,-22,18,-25,17,-24,12,-22,6,-21,5,-21,-3,-22,-2,-17,-9,-11,-9,-10,-12,-6,-18,1,-18,-1,-18,6,-19,10,-23,15,-18,21,-19,24,-17,28,-15,35,-17,30,-13,36,-10,40,-8,41,-10,44,-9,39,-4,46,-2,53,-5,47,0,53,3,51,4,52,5,52,6,53,4,51,3,53,3,55,0,58,2,59,5,56,-1,58,2,58,-1,55,0,54,-5,57,-2,60,-5,64,-2,65,-4,62,-6,64,-10,66,-7,57,-9,64,-5,69,-10,72,-8,0,0]"
CSI_DATA,84,2a:00:00:00:00:00,-43,11,1,0,1,1,1,0,0,0,1,-96,0,11,2,1395739,0,44,0,384,0,"[0,0,0,0,0,0,0,0,0,0,0,0,-4,-13,-4,-13,-5,-13,-5,-14,-5,-13,-4,-12,-4,-12,-4,-12,-4,-12,-5,-12,-5,-12,-5,-12,-6,-12,-5,-12,-5,-12,-6,-12,-6,-11,-6,-11,-6,-11,-5,-12,-5,-11,-6,-11,-5,-11,-6,-11,-6,-11,-5,-11,0,0,-5,-11,-5,-11,-5,-11,-5,-10,-4,-10,-4,-10,-3,-10,-4,-9,-3,-9,-3,-9,-3,-9,-2,-8,-2,-8,-2,-8,-2,-8,-2,-7,-1,-7,-1,-7,-1,-6,-1,-6,-1,-6,-1,-5,-1,-5,-1,-5,0,-5,0,-5,0,0,0,0,0,0,0,0,0,0,0,0,0,0,-15,-75,-18,-82,-11,-72,-20,-76,-16,-76,-15,-68,-19,-74,-16,-76,-15,-77,-17,-64,-17,-69,-22,-64,-23,-69,-21,-69,-18,-70,-21,-70,-21,-68,-22,-71,-23,-64,-28,-62,-24,-66,-24,-64,-24,-61,-25,-62,-22,-63,-26,-62,-25,-62,-27,-61,-19,-63,-21,-62,-17,-60,-21,-60,-24,-65,-24,-59,-20,-57,-16,-54,-12,-58,-15,-54,-12,-51,-15,-50,-12,-47,-7,-51,-4,-50,-7,-48,-7,-40,-7,-44,-4,-37,-4,-36,-3,-34,-1,-32,-3,-34,-1,-31,-3,-33,-1,-28,-2,-29,1,-26,5,-26,0,0,0,0,0,0,0,0,0,0,0,0,0,0,0,0,0,0,0,0,0,0,-19,27,-22,26,-22,25,-28,18,-26,18,-27,10,-27,6,-23,3,-21,0,-20,-1,-18,-6,-13,-11,-9,-14,-4,-13,0,-16,5,-13,7,-13,10,-9,19,-15,21,-15,22,-14,25,-12,29,-11,31,-9,36,-8,37,-7,36,-2,37,1,43,-2,42,2,42,-1,44,3,45,1,48,2,46,4,47,1,47,2,49,-2,54,1,55,-1,50,3,54,-5,51,0,54,-2,51,-3,56,-15,52,-8,57,-13,62,-13,64,-8,64,-11,65,-11,63,-9,64,-15,70,-15,72,-15,74,-18,0,0]"
CSI_DATA,85,2a:00:00:00:00:00,-43,11,1,0,1,1,1,0,0,0,1,-96,0,11,2,1415467,0,44,0,384,0,"[0,0,0,0,0,0,0,0,0,0,0,0,-15,0,-15,0,-14,0,-15,0,-15,0,-15,0,-15,0,-14,0,-14,0,-14,0,-14,0,-14,1,-14,1,-13,1,-13,1,-13,1,-14,2,-13,1,-13,2,-13,1,-13,1,-13,1,-13,1,-13,2,-13,1,-13,1,0,0,-13,1,-12,1,-12,1,-12,1,-11,0,-11,0,-11,0,-10,0,-10,0,-10,-1,-10,-1,-9,-1,-9,-1,-8,-1,-8,-2,-8,-1,-8,-1,-7,-1,-7,-1,-6,-2,-6,-2,-6,-2,-5,-2,-5,-1,-5,-1,-5,-2,0,0,0,0,0,0,0,0,0,0,0,0,0,0,-73,1,-73,-3,-77,8,-82,2,-79,6,-79,5,-76,3,-83,0,-72,5,-76,6,-78,7,-76,2,-77,7,-75,7,-74,7,-75,13,-74,10,-72,10,-69,9,-71,13,-73,19,-69,11,-70,18,-66,13,-72,14,-69,15,-70,13,-69,15,-66,14,-70,16,-66,13,-69,12,-61,14,-63,11,-61,13,-64,8,-61,7,-57,7,-58,5,-57,1,-55,3,-50,1,-50,7,-45,4,-46,-3,-41,-1,-39,-2,-40,-5,-36,-4,-34,-7,-35,-2,-27,-1,-30,-5,-33,-2,-28,-3,-27,-3,-24,-6,0,0,0,0,0,0,0,0,0,0,0,0,0,0,0,0,0,0,0,0,0,0,22,32,19,34,12,35,7,31,4,28,0,28,-3,25,-3,22,-6,22,-5,15,-10,11,-10,11,-10,6,-11,0,-9,-2,-9,-8,-7,-10,-7,-14,-3,-14,0,-16,0,-16,2,-22,4,-30,4,-31,7,-29,12,-33,13,-29,17,-33,14,-32,13,-32,14,-31,16,-32,16,-32,16,-32,15,-34,12,-40,15,-39,15,-40,16,-40,13,-43,12,-43,9,-44,10,-45,8,-46,10,-50,4,-49,10,-52,1,-58,5,-52,-3,-55,-1,-53,-2,-61,-2,-65,-1,-62,-3,-68,-3,-74,-4,-71,0,0]"
CSI_DATA,86,2a:00:00:00:00:00,-42,11,1,0,1,1,1,0,0,0,1,-96,0,11,2,1424659,0,44,0,384,0,"[0,0,0,0,0,0,0,0,0,0,0,0,14,-1,13,-1,14,-1,14,0,14,0,13,-1,14,-1,13,-1,14,-1,13,-1,13,-1,14,-2,13,-1,13,-1,12,-2,14,-2,12,-3,12,-2,12,-2,12,-3,12,-2,12,-2,12,-2,12,-3,13,-2,12,-2,0,0,12,-2,12,-2,11,-2,12,-2,10,-2,11,-2,11,-1,10,-1,10,-1,9,-1,9,0,9,0,8,0,8,0,7,0,7,0,7,0,6,0,6,0,5,0,5,0,5,0,5,0,5,0,4,1,4,1,0,0,0,0,0,0,0,0,0,0,0,0,0,0,70,16,76,16,72,10,76,15,83,18,70,13,78,15,73,16,75,17,73,12,74,10,74,11,74,11,76,12,73,16,75,9,71,9,73,9,71,12,76,2,71,1,76,6,66,5,73,4,72,5,69,2,72,4,68,2,69,7,74,1,65,6,70,6,67,4,59,4,69,8,61,8,60,8,55,3,58,12,52,8,56,11,51,14,49,12,45,11,45,13,43,12,35,13,41,12,31,11,33,13,27,9,29,11,27,6,29,14,25,14,26,12,21,10,0,0,0,0,0,0,0,0,0,0,0,0,0,0,0,0,0,0,0,0,0,0,-20,-40,1,-13,0,-47,-2,-34,2,-34,13,-14,14,-4,-1,-18,2,12,1,-27,8,-11,6,-12,11,-6,4,3,4,-2,11,5,0,9,-4,11,-7,22,13,28,-8,4,-1,31,2,45,-22,5,-7,17,-12,32,-26,26,-26,19,-23,23,0,6,-23,32,-28,32,-26,27,-28,17,-32,26,-28,27,-27,28,-26,25,-23,25,-27,29,-22,30,-24,42,-21,35,-29,37,-21,38,-13,43,-18,44,-14,46,-16,45,-19,53,-15,55,-8,57,-16,58,-16,60,-20,66,-13,65,-15,71,0,0]"
CSI_DATA,87,2a:00:00:00:00:00,-43,11,1,0,1,1,1,0,0,0,1,-96,0,11,2,1434676,0,44,0,384,0,"[0,0,0,0,0,0,0,0,0,0,0,0,-15,-5,-14,-5,-14,-5,-15,-5,-15,-5,-14,-5,-14,-4,-14,-4,-14,-5,-14,-4,-14,-4,-14,-4,-14,-4,-14,-4,-14,-4,-15,-3,-14,-3,-14,-3,-13,-2,-14,-3,-14,-3,-13,-3,-14,-3,-14,-3,-14,-3,-13,-2,0,0,-13,-2,-13,-3,-12,-3,-12,-3,-11,-3,-11,-3,-11,-3,-11,-4,-11,-4,-10,-3,-10,-4,-9,-4,-9,-4,-8,-3,-8,-4,-7,-4,-7,-4,-6,-3,-6,-3,-6,-3,-5,-3,-6,-3,-5,-3,-5,-2,-4,-3,-4,-3,0,0,0,0,0,0,0,0,0,0,0,0,0,0,-71,-32,-69,-35,-72,-30,-72,-25,-69,-31,-74,-32,-72,-32,-72,-34,-69,-30,-69,-33,-74,-27,-72,-25,-75,-22,-71,-29,-73,-29,-73,-23,-73,-27,-67,-23,-73,-27,-67,-20,-74,-21,-69,-18,-73,-17,-67,-17,-70,-19,-68,-17,-67,-18,-71,-20,-71,-21,-66,-19,-65,-21,-64,-20,-57,-18,-62,-19,-60,-16,-60,-22,-59,-20,-52,-21,-57,-21,-54,-18,-52,-22,-47,-21,-42,-23,-45,-22,-42,-24,-38,-21,-35,-22,-38,-18,-34,-23,-32,-17,-31,-17,-25,-13,-23,-15,-21,-21,-29,-12,-20,-13,-19,-14,0,0,0,0,0,0,0,0,0,0,0,0,0,0,0,0,0,0,0,0,0,0,8,39,4,37,3,37,-3,37,-4,34,-10,26,-7,24,-11,23,-10,19,-12,16,-15,9,-9,4,-7,4,-5,-1,-5,-2,-1,-10,2,-7,4,-9,8,-12,13,-16,15,-15,20,-16,19,-15,22,-18,26,-15,29,-17,28,-20,33,-21,30,-13,35,-19,29,-13,33,-14,37,-16,35,-19,33,-19,33,-22,32,-23,36,-23,36,-23,34,-21,33,-25,34,-28,37,-30,34,-32,30,-34,18,-39,25,-40,25,-40,23,-41,26,-45,28,-47,30,-52,26,-53,29,-57,28,-56,28,-59,27,-62,0,0]"
CSI_DATA,88,2a:00:00:00:00:00,-42,11,1,0,1,1,1,0,0,0,1,-96,0,11,2,1444679,0,44,0,384,0,"[0,0,0,0,0,0,0,0,0,0,0,0,10,9,10,9,10,9,10,9,10,9,10,9,10,9,10,9,10,9,10,9,10,8,10,8,10,8,10,8,10,8,11,7,10,7,10,7,10,6,10,7,10,7,10,7,10,6,11,6,10,6,10,6,0,0,9,6,10,6,9,6,9,6,8,6,8,6,8,6,7,6,7,6,7,6,7,6,6,5,5,5,5,5,5,5,4,4,4,5,4,4,3,4,3,4,3,4,3,3,3,3,3,3,2,3,2,3,0,0,0,0,0,0,0,0,0,0,0,0,0,0,47,59,48,56,52,57,52,54,55,51,56,56,51,53,51,59,52,55,55,53,56,53,51,50,57,51,49,51,49,52,55,45,56,50,56,47,59,47,57,47,63,43,52,43,58,44,54,41,52,44,58,41,57,38,60,39,57,40,57,43,53,39,55,39,47,40,52,36,44,34,48,40,47,36,45,37,45,40,43,35,39,34,37,33,31,38,37,31,31,34,27,31,25,32,23,30,21,26,20,24,21,22,19,23,19,16,16,19,19,21,15,19,12,21,0,0,0,0,0,0,0,0,0,0,0,0,0,0,0,0,0,0,0,0,0,0,3,-40,11,-38,11,-34,15,-32,12,-28,16,-21,13,-22,17,-18,13,-14,8,-8,11,-3,4,-3,4,-1,2,1,-5,3,-9,6,-9,8,-13,8,-19,7,-21,1,-26,8,-31,4,-29,5,-29,3,-31,0,-35,0,-33,1,-40,-2,-41,-1,-43,2,-36,3,-48,1,-43,0,-45,3,-47,2,-45,4,-46,3,-43,7,-47,6,-46,5,-47,7,-44,13,-46,17,-47,14,-44,18,-39,27,-40,22,-44,24,-47,30,-46,27,-49,28,-50,37,-47,35,-43,39,-56,39,-53,42,-57,45,0,0]"
CSI_DATA,89,2a:00:00:00:00:00,-42,11,1,0,1,1,1,0,0,0,1,-96,0,11,2,1457133,0,44,0,384,0,"[0,0,0,0,0,0,0,0,0,0,0,0,-3,-15,-3,-14,-4,-15,-3,-14,-3,-14,-3,-14,-3,-14,-3,-14,-3,-14,-4,-14,-4,-14,-4,-14,-4,-14,-4,-13,-4,-13,-5,-14,-5,-12,-5,-13,-5,-12,-5,-13,-4,-12,-5,-12,-4,-13,-5,-12,-4,-13,-4,-12,0,0,-4,-11,-4,-12,-4,-11,-4,-11,-3,-11,-3,-11,-3,-11,-2,-10,-2,-10,-2,-10,-2,-10,-1,-8,-1,-9,-1,-8,-1,-8,-1,-7,-1,-7,-1,-6,0,-6,-1,-6,0,-6,0,-5,-1,-5,0,-5,0,-5,0,-5,0,0,0,0,0,0,0,0,0,0,0,0,0,0,-6,-79,-9,-78,-11,-78,-7,-75,-12,-76,-12,-76,-12,-77,-16,-80,-9,-73,-12,-75,-11,-71,-14,-70,-22,-74,-16,-71,-15,-70,-21,-69,-22,-71,-22,-69,-18,-67,-24,-66,-28,-64,-22,-65,-22,-62,-22,-65,-19,-64,-23,-64,-21,-61,-23,-64,-24,-65,-23,-62,-24,-58,-25,-65,-21,-62,-21,-61,-18,-56,-17,-57,-14,-58,-14,-56,-12,-58,-14,-51,-12,-47,-9,-49,-5,-48,-8,-45,-7,-44,-6,-43,0,-37,-2,-36,0,-37,-1,-30,-1,-31,0,-30,-1,-29,-1,-25,-1,-24,3,-25,4,-23,0,0,0,0,0,0,0,0,0,0,0,0,0,0,0,0,0,0,0,0,0,0,-17,30,-18,22,-19,21,-19,18,-17,12,-18,13,-15,7,-15,4,-16,6,-10,4,-5,0,-4,-4,3,0,3,-5,10,-3,16,-2,15,-2,17,1,24,1,29,5,30,10,30,8,31,9,37,11,35,16,38,15,35,14,39,19,40,17,43,19,38,18,44,19,43,21,44,18,45,20,45,16,42,15,46,16,48,15,51,11,49,12,50,10,51,11,52,8,49,4,55,0,59,3,54,0,62,1,59,2,55,-5,60,-7,68,-3,67,-7,70,-10,68,-5,71,-11,0,0]"
CSI_DATA,90,2a:00:00:00:00:00,-41,11,1,0,1,1,1,0,0,0,1,-96,0,11,2,1474734,0,44,0,384,0,"[0,0,0,0,0,0,0,0,0,0,0,0,-3,-14,-3,-13,-4,-14,-3,-14,-3,-14,-3,-13,-4,-13,-4,-13,-4,-13,-4,-13,-3,-13,-3,-13,-4,-13,-4,-12,-4,-12,-5,-12,-4,-12,-5,-12,-4,-11,-5,-11,-5,-11,-5,-12,-4,-11,-5,-11,-4,-12,-4,-11,0,0,-5,-11,-4,-11,-4,-10,-4,-11,-3,-10,-3,-10,-3,-10,-3,-10,-3,-9,-2,-9,-1,-9,-1,-8,-1,-8,-1,-8,-1,-7,-1,-7,-1,-7,-1,-6,-1,-6,-1,-5,-1,-5,0,-5,0,-5,0,-4,0,-4,0,-4,0,0,0,0,0,0,0,0,0,0,0,0,0,0,-21,-74,-21,-72,-22,-74,-25,-69,-28,-70,-23,-72,-28,-72,-26,-76,-26,-70,-27,-69,-28,-67,-28,-69,-26,-67,-25,-63,-31,-64,-31,-62,-30,-70,-30,-64,-28,-62,-33,-63,-37,-59,-31,-61,-34,-57,-32,-57,-28,-60,-33,-57,-32,-59,-33,-60,-32,-59,-32,-56,-29,-55,-30,-57,-28,-55,-28,-55,-27,-51,-22,-51,-24,-53,-24,-48,-21,-50,-21,-48,-19,-48,-11,-47,-13,-46,-15,-43,-11,-41,-14,-38,-7,-38,-10,-36,-4,-32,-4,-32,-4,-29,-5,-26,-6,-26,-4,-23,-2,-25,-1,-24,1,-20,0,0,0,0,0,0,0,0,0,0,0,0,0,0,0,0,0,0,0,0,0,0,-6,18,-11,15,-11,11,-11,8,-10,7,-12,3,-8,0,-6,-3,-2,-2,-3,-6,4,-3,5,-10,7,-10,12,-10,13,-10,17,-13,23,-10,28,-9,28,-10,33,-8,34,-6,38,-8,39,-3,43,-2,45,3,42,0,43,5,48,3,49,2,48,7,43,6,46,4,52,7,47,2,50,6,49,4,51,0,52,2,51,2,55,-3,53,-2,52,-7,54,-6,58,-8,55,-8,61,-12,54,-13,58,-14,64,-17,63,-12,63,-15,67,-21,66,-20,66,-23,70,-21,74,-21,71,-22,0,0]"
CSI_DATA,91,2a:00:00:00:00:00,-41,11,1,0,1,1,1,0,0,0,1,-96,0,11,2,1495841,0,44,0,384,0,"[0,0,0,0,0,0,0,0,0,0,0,0,12,7,12,7,11,7,11,8,11,7,11,7,11,6,11,6,11,7,11,6,11,6,11,6,11,6,11,6,11,6,11,5,11,5,11,5,11,5,11,5,10,5,10,5,10,4,10,4,10,4,10,4,0,0,10,5,10,4,9,5,9,4,8,4,8,5,8,4,8,4,8,4,7,4,7,4,6,4,6,4,5,4,5,4,5,4,4,3,4,3,4,3,3,3,3,3,3,3,2,3,2,2,2,3,2,2,0,0,0,0,0,0,0,0,0,0,0,0,0,0,52,53,56,52,55,49,55,48,59,56,53,47,54,50,55,50,58,49,50,45,52,44,55,45,64,46,58,42,55,41,59,44,54,45,58,42,51,44,56,39,59,34,56,35,48,36,55,31,54,36,58,36,54,35,54,35,52,37,48,31,51,32,51,33,48,31,47,29,50,33,41,33,41,31,44,32,40,34,36,32,37,34,30,30,29,30,30,26,33,25,25,27,23,24,26,26,22,22,21,24,17,21,16,20,15,18,17,21,10,18,11,19,6,12,0,0,0,0,0,0,0,0,0,0,0,0,0,0,0,0,0,0,0,0,0,0,9,-13,8,-10,12,-7,12,-2,11,4,9,1,9,9,8,9,8,11,3,17,-1,17,-1,20,-4,25,-8,27,-13,24,-15,27,-16,26,-23,30,-21,27,-29,28,-32,24,-35,24,-40,24,-39,22,-44,21,-44,20,-44,18,-42,20,-45,20,-46,20,-46,22,-43,15,-47,20,-48,18,-46,20,-47,22,-47,27,-47,30,-50,27,-49,26,-47,29,-46,32,-47,31,-47,39,-46,36,-42,35,-45,41,-43,42,-46,44,-49,44,-49,45,-49,49,-52,50,-49,50,-51,54,-51,53,-53,61,0,0]"
CSI_DATA,92,2a:00:00:00:00:00,-42,11,1,0,1,1,1,0,0,0,1,-96,0,11,2,1505118,0,44,0,384,0,"[0,0,0,0,0,0,0,0,0,0,0,0,-10,10,-10,10,-9,10,-10,10,-9,10,-10,10,-9,10,-9,10,-9,10,-9,9,-9,9,-9,9,-9,9,-8,9,-8,9,-8,9,-8,9,-8,9,-7,9,-7,9,-7,8,-7,9,-7,8,-7,8,-8,9,-8,8,0,0,-7,8,-7,8,-7,8,-7,7,-7,7,-7,7,-7,6,-7,6,-7,6,-6,5,-7,5,-7,4,-6,4,-6,4,-6,3,-6,3,-5,3,-5,2,-5,2,-4,2,-4,2,-4,2,-4,1,-4,1,-4,1,-4,1,0,0,0,0,0,0,0,0,0,0,0,0,0,0,-52,54,-54,50,-52,58,-53,53,-54,55,-55,54,-49,56,-56,56,-51,53,-51,49,-55,53,-49,53,-52,51,-47,51,-49,47,-47,54,-50,51,-42,52,-46,50,-44,49,-43,57,-41,47,-39,51,-37,50,-37,46,-41,49,-38,45,-37,48,-39,48,-40,49,-40,48,-38,48,-35,44,-36,45,-33,43,-40,40,-36,38,-35,39,-39,38,-34,33,-32,26,-33,30,-35,28,-33,28,-32,25,-29,22,-27,20,-25,19,-24,19,-22,16,-23,15,-22,12,-19,11,-19,11,-21,9,-22,9,-20,8,0,0,0,0,0,0,0,0,0,0,0,0,0,0,0,0,0,0,0,0,0,0,9,10,10,15,5,13,1,16,-2,13,-6,14,-7,13,-15,9,-17,7,-17,8,-20,4,-23,0,-27,0,-26,-5,-28,-10,-28,-18,-31,-19,-29,-20,-32,-27,-29,-26,-29,-29,-28,-33,-24,-34,-28,-38,-25,-38,-24,-42,-20,-43,-25,-44,-24,-43,-22,-44,-21,-42,-23,-47,-20,-42,-23,-42,-22,-46,-24,-40,-24,-44,-26,-44,-26,-45,-31,-45,-28,-43,-30,-43,-33,-41,-38,-44,-32,-42,-42,-46,-40,-45,-40,-42,-44,-44,-45,-44,-42,-45,-48,-47,-48,-52,-45,-49,-51,-50,-61,-47,-56,-52,0,0]"
CSI_DATA,93,2a:00:00:00:00:00,-41,11,1,0,1,1,1,0,0,0,1,-96,0,11,2,1514657,0,44,0,384,0,"[0,0,0,0,0,0,0,0,0,0,0,0,13,3,13,4,13,4,13,4,12,4,13,4,13,3,12,3,13,3,12,3,12,3,13,2,12,2,12,2,12,2,12,2,12,1,11,1,11,1,11,2,11,2,11,2,11,1,11,1,11,1,11,1,0,0,11,1,10,1,10,2,10,1,9,1,9,2,9,2,8,2,8,2,8,2,8,2,7,2,6,2,6,2,6,2,6,2,5,2,5,2,5,1,4,2,4,2,4,1,4,1,3,1,3,2,3,2,0,0,0,0,0,0,0,0,0,0,0,0,0,0,67,38,67,39,66,36,67,34,69,34,69,34,65,36,67,38,61,37,66,34,65,35,64,31,65,33,59,32,61,28,66,30,64,30,61,30,62,28,61,22,64,22,60,25,59,20,60,23,55,22,61,24,60,22,56,18,55,22,61,20,59,17,57,21,48,19,54,19,50,18,48,19,48,23,47,19,44,21,42,22,40,15,43,21,37,22,35,22,37,20,31,19,27,20,30,16,25,15,22,15,22,19,18,13,19,14,22,13,16,11,16,15,14,15,0,0,0,0,0,0,0,0,0,0,0,0,0,0,0,0,0,0,0,0,0,0,12,-13,12,-11,13,-5,18,-5,14,1,12,5,11,9,16,12,11,15,12,17,9,21,6,23,5,27,-1,28,-5,30,-10,32,-14,34,-12,34,-17,33,-22,33,-22,32,-25,33,-28,31,-30,31,-33,31,-36,29,-37,26,-39,30,-39,25,-41,31,-39,30,-39,30,-40,26,-40,28,-38,31,-43,31,-35,31,-35,33,-36,31,-37,33,-38,34,-33,37,-36,41,-34,44,-33,43,-34,45,-32,47,-30,49,-34,51,-35,50,-30,49,-33,60,-37,61,-36,55,-38,59,-38,63,-33,69,0,0]"
CSI_DATA,94,2a:00:00:00:00:00,-43,11,1,0,1,1,1,0,0,0,1,-96,0,11,2,1534689,0,44,0,384,0,"[0,0,0,0,0,0,0,0,0,0,0,0,13,7,12,6,13,6,12,7,13,7,12,6,12,6,12,6,12,6,12,6,12,6,12,6,11,5,11,5,11,6,12,4,11,4,11,5,11,4,11,4,10,4,11,4,10,4,10,4,10,4,10,4,0,0,9,3,10,4,9,4,9,4,8,4,8,4,8,4,7,4,7,4,7,4,7,4,6,3,5,4,5,3,5,3,4,3,4,3,4,3,3,2,3,2,3,2,3,2,3,2,2,2,2,2,2,2,0,0,0,0,0,0,0,0,0,0,0,0,0,0,74,38,67,31,74,33,72,35,69,38,70,35,69,32,73,40,67,36,70,32,71,31,67,34,67,34,61,31,66,33,70,27,66,28,64,30,63,28,62,23,64,24,59,23,63,23,58,28,57,24,55,21,58,21,57,21,55,24,60,21,54,23,57,28,51,20,49,20,48,22,47,22,47,21,42,26,41,23,38,22,38,23,41,23,35,20,34,21,30,22,30,14,29,18,27,14,25,16,19,19,18,18,17,12,18,13,19,15,18,12,17,15,13,14,0,0,0,0,0,0,0,0,0,0,0,0,0,0,0,0,0,0,0,0,0,0,11,-16,13,-11,17,-8,17,-4,16,-2,14,3,17,4,13,10,15,16,11,17,9,21,9,17,8,28,3,31,-7,33,-3,28,-8,36,-17,33,-18,33,-19,33,-23,34,-28,34,-27,32,-28,35,-35,35,-32,33,-36,28,-37,27,-36,27,-36,32,-36,27,-36,30,-38,27,-38,29,-33,31,-39,34,-35,31,-31,33,-33,34,-30,38,-35,38,-29,42,-29,46,-27,42,-27,47,-30,47,-28,47,-21,50,-25,57,-32,51,-27,52,-24,65,-31,65,-26,62,-31,64,-31,71,-35,67,0,0]"
CSI_DATA,95,2a:00:00:00:00:00,-44,11,1,0,1,1,1,0,0,0,1,-96,0,11,2,1544693,0,44,0,384,0,"[0,0,0,0,0,0,0,0,0,0,0,0,-11,-11,-11,-11,-10,-11,-10,-11,-10,-11,-10,-11,-10,-11,-10,-10,-10,-11,-10,-11,-10,-10,-10,-10,-10,-10,-10,-10,-10,-10,-10,-9,-10,-9,-9,-8,-10,-9,-9,-8,-9,-9,-9,-9,-9,-8,-9,-8,-9,-8,-9,-7,0,0,-9,-8,-8,-8,-8,-7,-8,-7,-7,-7,-7,-7,-7,-7,-6,-7,-6,-7,-6,-6,-5,-6,-5,-6,-5,-6,-4,-6,-4,-5,-4,-5,-3,-4,-3,-4,-3,-4,-3,-4,-3,-4,-3,-3,-3,-3,-3,-3,-3,-3,-2,-3,0,0,0,0,0,0,0,0,0,0,0,0,0,0,-40,-67,-38,-67,-46,-68,-46,-66,-45,-60,-49,-68,-41,-63,-47,-72,-44,-62,-49,-64,-45,-62,-43,-61,-45,-63,-45,-58,-45,-56,-46,-54,-44,-61,-47,-55,-46,-57,-43,-50,-53,-52,-46,-50,-47,-51,-44,-50,-41,-51,-44,-50,-41,-43,-49,-48,-42,-46,-45,-45,-40,-39,-45,-43,-37,-40,-45,-42,-34,-38,-31,-41,-34,-42,-31,-40,-31,-43,-27,-36,-26,-32,-24,-35,-23,-35,-20,-31,-19,-29,-22,-29,-19,-27,-15,-24,-15,-25,-13,-20,-15,-19,-14,-19,-13,-18,-11,-16,-12,-16,-12,-18,-7,-15,0,0,0,0,0,0,0,0,0,0,0,0,0,0,0,0,0,0,0,0,0,0,-15,2,-18,-3,-16,-3,-15,-10,-14,-12,-9,-14,-7,-23,-4,-17,-1,-23,5,-21,7,-21,13,-26,15,-28,22,-29,27,-25,29,-19,33,-23,29,-16,36,-17,36,-16,42,-9,44,-9,45,-10,44,-9,46,-3,46,-4,47,-4,46,0,48,-2,48,-3,39,-4,55,-3,52,3,45,-2,50,0,43,-3,44,-7,49,-11,49,-5,49,-9,48,-10,43,-12,47,-19,46,-15,47,-22,49,-23,46,-23,49,-25,49,-31,54,-27,54,-32,54,-34,57,-35,53,-40,61,-43,67,-45,60,-42,0,0]"
CSI_DATA,96,2a:00:00:00:00:00,-44,11,1,0,1,1,1,0,0,0,1,-96,0,11,2,1565379,0,44,0,384,0,"[0,0,0,0,0,0,0,0,0,0,0,0,11,5,11,5,11,5,11,6,11,6,10,6,11,5,11,5,11,5,11,5,11,5,11,4,10,4,10,4,10,4,10,4,10,4,9,4,10,4,9,4,9,4,9,4,9,4,9,3,9,3,9,3,0,0,8,3,8,4,8,4,8,3,7,4,7,3,6,4,6,3,6,4,5,3,5,3,4,3,4,3,4,3,3,3,3,2,3,2,2,2,2,1,2,1,2,1,2,1,1,1,1,1,1,1,1,1,0,0,0,0,0,0,0,0,0,0,0,0,0,0,47,43,51,45,54,45,56,46,60,50,59,45,51,46,56,47,56,46,55,46,56,40,52,38,52,42,52,43,53,38,53,40,49,48,51,41,50,39,48,37,54,38,50,33,51,36,51,35,45,36,50,35,48,38,47,33,44,34,48,30,42,28,46,30,39,31,37,29,44,27,38,29,35,32,38,29,31,31,30,28,29,30,23,26,23,30,20,23,18,22,18,21,17,21,13,20,11,15,11,14,13,16,9,14,12,14,8,12,9,9,8,10,8,11,0,0,0,0,0,0,0,0,0,0,0,0,0,0,0,0,0,0,0,0,0,0,16,-3,19,2,19,5,17,8,15,9,13,14,9,19,5,25,2,26,-1,26,-6,28,-9,35,-12,34,-22,36,-23,36,-30,35,-31,32,-35,34,-41,32,-45,28,-45,27,-48,26,-48,25,-55,20,-56,19,-58,24,-57,16,-52,16,-54,13,-55,14,-54,12,-56,13,-55,14,-53,13,-54,14,-55,19,-51,17,-48,16,-51,17,-52,18,-53,19,-49,25,-49,26,-51,27,-45,25,-44,34,-43,28,-41,37,-43,36,-43,32,-47,38,-46,42,-49,46,-46,45,-44,45,-50,48,-45,49,0,0]"
CSI_DATA,97,2a:00:00:00:00:00,-45,11,1,0,1,1,1,0,0,0,1,-96,0,11,2,1576202,0,44,0,384,0,"[0,0,0,0,0,0,0,0,0,0,0,0,-8,-11,-7,-11,-8,-11,-8,-11,-7,-11,-7,-11,-7,-11,-7,-11,-7,-11,-7,-10,-8,-10,-7,-10,-7,-10,-7,-9,-7,-10,-8,-9,-7,-9,-7,-8,-7,-9,-7,-9,-6,-9,-7,-9,-6,-8,-7,-8,-6,-8,-6,-8,0,0,-6,-8,-6,-8,-5,-8,-5,-7,-5,-7,-4,-7,-4,-7,-4,-7,-4,-7,-3,-6,-3,-6,-3,-6,-2,-5,-2,-5,-2,-5,-2,-5,-1,-4,-2,-4,-1,-3,-2,-4,-1,-3,-1,-3,-1,-3,-1,-2,-2,-2,-1,-2,0,0,0,0,0,0,0,0,0,0,0,0,0,0,-42,-56,-46,-57,-45,-54,-45,-51,-48,-54,-43,-49,-46,-53,-44,-53,-47,-53,-47,-49,-49,-49,-47,-50,-52,-46,-49,-50,-46,-48,-46,-44,-48,-48,-45,-48,-42,-48,-48,-40,-48,-36,-44,-42,-40,-37,-45,-40,-42,-39,-48,-40,-44,-35,-44,-41,-42,-40,-41,-36,-43,-37,-42,-34,-34,-37,-40,-32,-34,-28,-32,-37,-28,-37,-34,-35,-23,-36,-29,-31,-24,-32,-22,-32,-18,-30,-18,-27,-16,-25,-17,-25,-13,-23,-13,-21,-10,-13,-9,-18,-10,-17,-7,-12,-7,-14,-10,-14,-6,-11,-8,-9,-7,-12,0,0,0,0,0,0,0,0,0,0,0,0,0,0,0,0,0,0,0,0,0,0,-21,-2,-21,-6,-17,-6,-15,-12,-14,-18,-9,-17,-6,-25,-2,-27,-1,-27,6,-33,9,-33,16,-35,22,-37,22,-37,32,-31,35,-38,33,-36,44,-31,40,-31,46,-28,49,-23,55,-21,57,-22,62,-19,59,-15,59,-18,59,-12,55,-7,61,-10,59,-10,64,-10,56,-8,61,-7,59,-10,63,-7,56,-12,57,-11,50,-9,57,-10,57,-13,54,-11,55,-16,48,-17,53,-22,52,-18,42,-23,46,-23,50,-26,51,-29,58,-31,51,-30,49,-31,52,-30,49,-35,49,-40,48,-38,49,-44,0,0]"
CSI_DATA,98,2a:00:00:00:00:00,-45,11,1,0,1,1,1,0,0,0,1,-96,0,11,2,1584692,0,44,0,384,0,"[0,0,0,0,0,0,0,0,0,0,0,0,10,-7,10,-7,10,-7,10,-7,10,-7,10,-7,10,-7,10,-7,10,-7,9,-7,9,-7,9,-8,9,-7,9,-7,8,-7,9,-7,8,-7,8,-6,8,-7,8,-6,8,-6,8,-6,8,-6,7,-7,7,-6,7,-6,0,0,7,-5,7,-5,7,-5,7,-5,7,-4,6,-4,6,-4,6,-3,6,-3,6,-3,6,-3,5,-2,4,-2,5,-2,4,-2,4,-1,4,-1,3,-1,3,-1,2,-1,2,-1,2,-1,2,-1,2,-1,1,-1,1,-1,0,0,0,0,0,0,0,0,0,0,0,0,0,0,56,-34,59,-33,56,-37,60,-36,56,-39,59,-35,55,-39,56,-36,56,-38,55,-31,55,-35,54,-37,52,-43,48,-31,58,-35,51,-35,51,-36,53,-39,51,-38,49,-36,50,-41,50,-34,44,-41,43,-38,42,-36,41,-34,47,-35,44,-32,41,-32,41,-34,42,-28,43,-30,37,-24,36,-29,36,-23,36,-25,36,-23,32,-26,41,-19,39,-18,31,-15,35,-13,27,-15,30,-16,27,-9,25,-7,24,-8,20,-9,20,-3,18,-6,17,-7,16,-2,13,-3,13,-5,15,-4,11,-2,8,-3,0,0,0,0,0,0,0,0,0,0,0,0,0,0,0,0,0,0,0,0,0,0,3,-18,3,-24,10,-18,11,-18,15,-14,19,-11,25,-7,29,-3,30,0,32,2,29,11,34,17,36,15,35,25,35,27,32,35,34,36,31,44,34,43,25,49,24,52,25,57,17,56,14,57,10,63,11,61,9,60,8,65,7,58,6,63,5,60,5,62,2,58,6,63,2,61,1,63,1,59,3,60,7,56,12,59,7,61,11,56,10,60,14,56,10,58,10,54,17,52,20,54,18,56,24,54,28,53,25,56,27,60,24,57,30,53,30,57,34,59,0,0]"
CSI_DATA,99,2a:00:00:00:00:00,-46,11,1,0,1,1,1,0,0,0,1,-96,0,11,2,1604691,0,44,0,384,0,"[0,0,0,0,0,0,0,0,0,0,0,0,11,0,11,0,11,0,11,0,11,0,11,0,11,0,10,0,11,0,11,-1,11,-1,10,-1,11,-1,10,-1,9,-1,10,-2,10,-2,9,-1,9,-1,9,-1,9,-1,9,-1,9,-1,9,-2,8,-1,8,-2,0,0,8,-2,8,-1,8,-1,7,-1,7,-1,7,0,7,0,6,0,6,0,6,0,6,0,5,1,4,1,4,0,4,1,4,1,3,1,3,0,3,0,2,1,2,1,2,0,2,0,2,0,1,0,1,0,0,0,0,0,0,0,0,0,0,0,0,0,0,0,65,18,56,14,69,13,62,6,63,14,59,11,62,9,62,14,59,11,63,8,64,9,66,5,65,1,60,8,60,5,63,4,60,9,60,7,56,7,59,0,60,0,58,3,54,-2,54,0,51,-2,54,1,54,0,53,2,50,9,53,2,46,-1,47,2,44,7,45,1,42,2,39,4,41,2,39,6,39,3,39,9,35,8,33,5,31,8,25,8,26,10,21,8,23,9,15,7,20,6,16,7,13,6,12,9,10,5,11,4,10,5,10,1,8,5,0,0,0,0,0,0,0,0,0,0,0,0,0,0,0,0,0,0,0,0,0,0,18,-15,20,-5,21,-4,20,-1,29,7,24,7,26,13,22,18,24,22,17,28,17,33,12,37,8,41,8,44,-1,46,-2,45,-6,50,-8,53,-14,53,-20,53,-22,53,-22,55,-31,53,-36,50,-38,52,-42,53,-35,52,-37,50,-41,48,-42,49,-38,46,-44,46,-45,49,-39,45,-43,50,-36,50,-36,47,-40,50,-41,43,-39,47,-38,49,-33,49,-36,51,-33,46,-31,48,-26,47,-25,54,-27,54,-29,49,-28,55,-28,55,-23,59,-20,60,-22,57,-24,55,-27,61,-21,58,0,0]"
CSI_DATA,100,2a:00:00:00:00:00,-46,11,1,0,1,1,1,0,0,0,1,-96,0,11,2,1615167,0,44,0,384,0,"[0,0,0,0,0,0,0,0,0,0,0,0,-11,4,-11,4,-10,4,-11,4,-11,4,-11,5,-10,5,-10,5,-10,5,-10,4,-10,4,-10,5,-10,5,-9,4,-9,4,-10,5,-9,5,-9,5,-8,5,-8,4,-8,4,-9,4,-9,4,-8,4,-8,4,-8,5,0,0,-8,4,-7,3,-8,3,-7,4,-7,3,-7,2,-6,2,-6,2,-7,2,-7,1,-6,1,-6,1,-5,1,-5,1,-6,0,-5,0,-4,0,-4,0,-4,-1,-3,-1,-3,0,-3,0,-3,0,-3,-1,-2,-1,-2,-1,0,0,0,0,0,0,0,0,0,0,0,0,0,0,-61,24,-57,25,-57,29,-58,25,-58,27,-58,30,-54,32,-56,29,-53,27,-58,30,-55,32,-54,32,-54,34,-49,32,-52,30,-51,31,-48,34,-45,33,-49,35,-45,31,-50,36,-46,33,-44,32,-45,28,-44,29,-46,31,-42,27,-43,31,-43,31,-41,27,-42,24,-44,25,-40,23,-40,22,-36,23,-41,23,-35,18,-34,17,-37,15,-37,13,-31,12,-32,11,-31,11,-28,10,-27,8,-23,1,-24,3,-23,4,-19,2,-18,3,-19,4,-17,4,-15,1,-11,0,-14,-1,-12,-2,-12,-2,0,0,0,0,0,0,0,0,0,0,0,0,0,0,0,0,0,0,0,0,0,0,-9,23,-13,22,-19,18,-24,19,-24,14,-31,11,-33,3,-36,0,-39,-4,-40,-8,-37,-15,-43,-18,-42,-24,-40,-31,-38,-34,-33,-38,-33,-44,-26,-46,-31,-50,-23,-53,-20,-54,-17,-61,-12,-61,-12,-61,-12,-67,-11,-65,-4,-67,-4,-68,-5,-65,-1,-68,3,-64,-2,-66,2,-63,-1,-63,-2,-64,-2,-65,-1,-59,-3,-63,-3,-60,-6,-63,-4,-62,-6,-62,-6,-57,-11,-62,-9,-57,-9,-52,-10,-59,-14,-57,-16,-59,-14,-61,-17,-57,-23,-61,-19,-60,-16,-56,-24,-62,-23,-64,-23,-61,0,0]"
CSI_DATA,101,2a:00:00:00:00:00,-47,11,1,0,1,1,1,0,0,0,1,-96,0,11,2,1624671,0,44,0,384,0,"[0,0,0,0,0,0,0,0,0,0,0,0,1,10,2,10,2,11,2,11,2,10,1,10,2,10,2,10,2,10,2,9,2,10,3,10,3,9,3,9,2,10,2,9,3,9,2,9,3,9,2,9,2,9,2,9,2,8,2,8,2,8,2,8,0,0,1,7,1,8,2,8,1,7,1,7,1,7,0,6,0,6,-1,6,-1,5,0,5,0,5,0,5,-1,4,-1,4,-1,4,-1,3,-1,3,-1,3,-1,2,-1,2,-1,2,-1,1,-1,1,-1,1,-1,1,0,0,0,0,0,0,0,0,0,0,0,0,0,0,-1,63,1,61,4,59,6,61,4,63,2,57,7,66,3,62,4,63,9,58,3,61,7,59,7,61,4,60,10,55,10,55,10,61,11,61,8,58,9,58,9,57,11,53,8,50,6,52,6,49,6,53,6,49,5,46,5,53,12,46,8,47,6,41,1,45,4,41,6,38,-2,38,2,40,3,37,-4,36,-4,36,-3,39,-4,32,-8,28,-5,27,-7,24,-5,24,-6,21,-12,21,-3,16,-7,15,-6,14,-4,16,-5,10,-6,14,-9,7,-5,6,-6,9,0,0,0,0,0,0,0,0,0,0,0,0,0,0,0,0,0,0,0,0,0,0,17,20,13,21,8,28,6,31,-1,28,-6,32,-11,33,-18,35,-22,34,-24,33,-29,34,-33,29,-43,27,-47,22,-50,19,-53,14,-55,13,-58,7,-58,7,-61,-3,-63,-4,-65,-9,-66,-11,-68,-9,-64,-20,-63,-18,-63,-22,-58,-26,-61,-26,-59,-23,-59,-25,-54,-26,-56,-27,-54,-27,-55,-27,-53,-27,-54,-25,-54,-24,-54,-22,-59,-22,-53,-24,-57,-21,-51,-18,-58,-21,-49,-16,-47,-12,-55,-15,-53,-11,-61,-9,-60,-12,-53,-7,-57,-8,-56,-8,-58,-7,-59,-2,-57,-7,-62,2,0,0]"
CSI_DATA,102,2a:00:00:00:00:00,-48,11,1,0,1,1,1,0,0,0,1,-96,0,11,2,1634801,0,44,0,384,0,"[0,0,0,0,0,0,0,0,0,0,0,0,-11,4,-11,4,-11,5,-11,4,-11,4,-11,4,-12,5,-11,5,-11,5,-10,5,-11,5,-10,5,-10,4,-10,5,-9,5,-10,5,-10,5,-10,5,-9,4,-10,4,-9,4,-9,4,-9,4,-9,4,-9,3,-9,3,0,0,-8,3,-8,3,-8,2,-8,3,-7,2,-7,2,-7,2,-6,1,-7,1,-7,1,-6,1,-6,0,-5,0,-5,0,-5,-1,-5,-1,-4,0,-4,-1,-4,-1,-3,-1,-3,-1,-3,0,-3,0,-2,0,-2,-1,-2,-1,0,0,0,0,0,0,0,0,0,0,0,0,0,0,-52,16,-56,16,-59,22,-59,18,-59,21,-56,20,-56,27,-64,24,-55,24,-61,19,-63,19,-57,23,-58,24,-58,21,-56,19,-57,25,-58,24,-52,26,-51,21,-51,23,-58,22,-54,21,-50,24,-47,16,-50,17,-48,20,-45,24,-48,22,-47,22,-44,22,-42,15,-47,15,-40,14,-43,14,-39,11,-40,8,-43,7,-39,10,-36,8,-36,5,-34,7,-32,1,-31,2,-27,5,-25,1,-24,4,-24,-8,-20,0,-18,-3,-19,-5,-11,0,-16,-3,-16,0,-12,-2,-11,-3,-10,-4,-10,-3,0,0,0,0,0,0,0,0,0,0,0,0,0,0,0,0,0,0,0,0,0,0,-26,14,-29,12,-32,5,-35,5,-37,-2,-36,-12,-35,-13,-35,-21,-39,-28,-35,-27,-33,-35,-32,-43,-32,-42,-29,-51,-23,-51,-19,-51,-18,-62,-11,-61,-6,-63,-6,-67,-2,-61,9,-64,7,-61,7,-68,12,-64,15,-64,15,-62,21,-60,20,-65,18,-57,19,-56,22,-60,19,-56,23,-52,18,-61,21,-52,19,-53,16,-56,13,-46,14,-53,16,-48,13,-56,15,-54,9,-55,10,-50,2,-58,4,-47,6,-50,-2,-54,-3,-57,-6,-58,-13,-54,-4,-57,-6,-59,-15,-56,-11,-59,-11,-57,0,0]"
CSI_DATA,103,2a:00:00:00:00:00,-48,11,1,0,1,1,1,0,0,0,1,-96,0,11,2,1645718,0,44,0,384,0,"[0,0,0,0,0,0,0,0,0,0,0,0,1,-12,0,-12,0,-12,1,-13,1,-12,1,-12,1,-12,1,-12,1,-12,-1,-12,0,-12,0,-12,0,-12,-1,-12,0,-11,0,-11,0,-11,1,-10,-1,-11,-1,-11,0,-11,0,-11,0,-10,-1,-10,-1,-10,0,-10,0,0,0,-9,0,-9,1,-9,0,-8,0,-8,1,-8,0,-8,0,-7,1,-6,1,-6,1,-6,1,-6,1,-5,1,-5,1,-4,2,-4,1,-4,1,-3,1,-2,1,-2,1,-2,1,-3,1,-2,1,-2,0,-2,0,-1,0,0,0,0,0,0,0,0,0,0,0,0,0,0,25,-56,25,-57,25,-63,24,-58,23,-63,22,-63,24,-62,23,-66,23,-66,21,-63,22,-64,22,-59,24,-63,21,-56,16,-61,14,-58,16,-64,13,-62,20,-61,14,-58,14,-59,16,-54,13,-54,15,-56,19,-53,23,-51,12,-49,13,-51,15,-49,12,-52,11,-51,16,-48,20,-47,14,-45,12,-36,15,-41,20,-40,13,-33,15,-34,19,-30,17,-28,15,-27,16,-27,16,-28,15,-22,14,-14,16,-16,14,-17,10,-14,12,-11,10,-13,7,-12,8,-9,8,-6,13,-9,3,-8,3,-3,0,0,0,0,0,0,0,0,0,0,0,0,0,0,0,0,0,0,0,0,0,0,21,-29,32,-24,34,-21,39,-18,38,-13,41,-14,46,-5,49,-2,50,9,51,5,54,16,50,20,55,26,56,31,51,35,46,37,49,46,41,46,45,48,34,59,30,56,33,58,30,56,28,58,26,59,27,63,24,60,19,57,16,60,16,62,14,54,15,62,17,56,15,57,17,51,13,54,17,46,20,44,18,49,25,50,26,44,20,40,24,43,28,43,25,36,34,34,32,35,31,33,39,38,35,35,44,31,45,28,40,30,39,29,46,28,54,30,50,35,0,0]"
CSI_DATA,104,2a:00:00:00:00:00,-48,11,1,0,1,1,1,0,0,0,1,-96,0,11,2,1656691,0,44,0,384,0,"[0,0,0,0,0,0,0,0,0,0,0,0,10,-6,10,-6,10,-6,10,-6,9,-6,9,-6,9,-6,10,-6,10,-6,9,-6,9,-6,9,-7,8,-6,8,-6,8,-6,9,-7,9,-7,8,-5,7,-6,8,-5,8,-5,8,-5,8,-5,7,-5,7,-5,7,-5,0,0,7,-4,6,-4,6,-4,6,-4,5,-3,6,-3,5,-3,5,-3,6,-2,5,-2,4,-2,4,-2,3,-2,4,-1,3,-1,3,-1,2,-1,2,0,2,-1,2,0,1,0,1,0,1,0,1,-1,0,0,1,0,0,0,0,0,0,0,0,0,0,0,0,0,0,0,58,-17,56,-15,60,-19,61,-10,64,-20,62,-20,57,-18,58,-14,55,-21,61,-20,59,-22,56,-21,60,-19,56,-18,56,-18,58,-22,61,-25,53,-28,58,-24,53,-25,56,-25,54,-25,52,-24,49,-19,44,-18,50,-23,44,-22,44,-19,45,-19,48,-19,41,-16,50,-21,32,-15,39,-17,38,-14,35,-11,34,-13,32,-10,32,-11,30,-9,32,-5,30,-1,29,-4,28,-2,23,-5,17,-3,18,0,23,-3,15,0,17,5,14,1,10,3,11,2,8,2,7,2,10,0,9,4,0,0,0,0,0,0,0,0,0,0,0,0,0,0,0,0,0,0,0,0,0,0,36,20,34,27,29,31,27,41,25,37,21,45,15,44,14,48,9,55,6,52,-3,57,-3,59,-7,62,-16,66,-24,63,-20,56,-29,67,-29,60,-30,61,-37,56,-36,51,-44,57,-38,49,-42,46,-47,49,-48,47,-52,43,-51,43,-48,37,-45,41,-45,38,-41,40,-39,35,-38,38,-36,35,-38,35,-35,30,-31,35,-30,34,-31,39,-24,40,-19,39,-22,35,-15,40,-18,34,-11,43,-9,40,-9,35,-7,46,-1,45,-2,45,1,50,2,55,1,45,6,53,9,58,15,55,0,0]"
CSI_DATA,105,2a:00:00:00:00:00,-49,11,1,0,1,1,1,0,0,0,1,-96,0,11,2,1684633,0,44,0,384,0,"[0,0,0,0,0,0,0,0,0,0,0,0,-11,-6,-10,-6,-10,-6,-11,-7,-10,-6,-11,-6,-11,-6,-11,-6,-11,-6,-10,-5,-11,-6,-11,-5,-11,-5,-11,-5,-10,-6,-11,-5,-10,-4,-10,-4,-10,-5,-10,-5,-9,-5,-10,-5,-8,-4,-9,-4,-9,-4,-8,-4,0,0,-8,-4,-8,-4,-8,-4,-7,-4,-7,-5,-6,-5,-6,-4,-6,-4,-5,-4,-5,-4,-5,-4,-4,-5,-3,-4,-3,-4,-3,-3,-3,-4,-2,-4,-2,-3,-2,-2,-1,-2,-1,-2,-1,-2,-1,-2,0,-2,-1,-1,0,-1,0,0,0,0,0,0,0,0,0,0,0,0,0,0,-47,-32,-42,-38,-44,-34,-47,-31,-45,-39,-48,-37,-47,-34,-44,-39,-46,-36,-46,-37,-48,-38,-48,-34,-51,-32,-45,-35,-45,-34,-50,-28,-48,-35,-47,-29,-44,-31,-47,-30,-46,-30,-47,-31,-46,-26,-40,-28,-40,-31,-40,-29,-40,-25,-38,-24,-39,-27,-36,-25,-34,-27,-34,-23,-33,-22,-36,-27,-32,-20,-30,-27,-27,-22,-25,-21,-22,-25,-27,-18,-24,-27,-21,-21,-15,-23,-16,-22,-9,-17,-14,-18,-10,-17,-5,-18,-5,-16,-6,-9,-3,-11,-5,-9,-5,-11,0,-6,-1,-3,0,-10,-1,-7,0,0,0,0,0,0,0,0,0,0,0,0,0,0,0,0,0,0,0,0,0,0,33,-41,37,-35,43,-29,46,-32,56,-33,54,-22,56,-24,61,-18,64,-15,68,-9,70,-7,71,0,70,0,72,7,69,13,69,11,72,15,69,18,73,23,67,26,66,26,65,28,63,37,55,34,58,36,56,36,55,32,50,31,51,31,45,26,46,29,45,28,45,29,47,25,41,20,40,21,38,14,38,12,37,10,39,7,33,8,37,0,33,1,35,-4,31,-6,32,-18,35,-17,32,-17,34,-19,37,-20,33,-15,39,-24,35,-30,35,-30,38,-31,37,-34,32,-34,0,0]"
CSI_DATA,106,2a:00:00:00:00:00,-49,11,1,0,1,1,1,0,0,0,1,-96,0,11,2,1694658,0,44,0,384,0,"[0,0,0,0,0,0,0,0,0,0,0,0,1,10,2,10,2,10,2,11,2,10,2,10,2,10,2,10,2,10,3,10,2,10,3,10,3,10,3,10,3,10,3,10,3,10,3,9,3,9,3,9,3,9,3,9,2,9,3,8,3,8,2,8,0,0,2,8,2,7,2,7,1,7,1,7,1,6,1,6,1,6,0,6,0,6,-1,5,0,5,-1,4,-1,4,-2,4,-2,3,-1,3,-2,3,-2,2,-2,2,-2,1,-2,1,-2,1,-2,1,-2,0,-2,0,0,0,0,0,0,0,0,0,0,0,0,0,0,0,54,1,55,5,55,0,51,-3,48,-6,56,-2,57,-4,58,-3,55,-1,50,-6,54,-8,56,-8,53,-7,48,-9,52,-3,55,-10,58,-11,52,-10,54,-8,52,-10,51,-15,46,-14,51,-12,48,-14,48,-11,41,-14,47,-14,50,-14,43,-12,43,-11,38,-8,40,-10,43,-7,42,-4,35,-9,36,-3,35,-5,34,0,32,0,33,-2,33,-3,26,2,24,5,26,5,25,1,23,7,20,0,14,6,17,6,9,8,11,5,7,5,6,7,5,6,5,6,4,6,2,4,0,0,0,0,0,0,0,0,0,0,0,0,0,0,0,0,0,0,0,0,0,0,-29,47,-39,48,-40,42,-49,39,-52,36,-56,35,-56,32,-59,34,-68,32,-67,23,-69,16,-74,18,-78,14,-78,14,-75,8,-79,3,-80,4,-81,0,-75,-2,-76,-3,-79,-11,-78,-5,-77,-8,-73,-15,-68,-20,-66,-11,-66,-18,-64,-14,-65,-10,-60,-13,-54,-9,-55,-12,-50,-8,-52,-11,-47,-4,-45,-4,-39,2,-40,-2,-38,3,-38,4,-34,3,-34,10,-32,16,-28,12,-26,17,-26,30,-24,21,-29,27,-18,30,-22,34,-19,37,-17,36,-14,39,-15,43,-18,44,-9,45,-6,48,0,0]"
CSI_DATA,107,2a:00:00:00:00:00,-50,11,1,0,1,1,1,0,0,0,1,-96,0,11,2,1704672,0,44,0,384,0,"[0,0,0,0,0,0,0,0,0,0,0,0,-1,-9,-2,-10,-2,-10,-2,-10,-2,-10,-2,-10,-2,-10,-2,-10,-2,-10,-3,-10,-3,-10,-3,-10,-3,-10,-3,-10,-3,-9,-3,-10,-3,-9,-3,-9,-3,-9,-3,-9,-3,-9,-3,-9,-3,-9,-3,-8,-3,-8,-3,-8,0,0,-2,-8,-2,-8,-2,-7,-2,-8,-2,-7,-2,-7,-1,-7,-1,-6,0,-6,0,-6,0,-6,0,-5,0,-5,0,-5,1,-4,1,-4,1,-4,1,-3,1,-3,1,-3,1,-2,1,-2,1,-2,1,-2,1,-1,1,-1,0,0,0,0,0,0,0,0,0,0,0,0,0,0,-39,-26,-36,-29,-38,-24,-47,-27,-43,-24,-49,-22,-47,-24,-48,-25,-47,-22,-48,-20,-49,-24,-46,-22,-52,-16,-47,-20,-47,-20,-49,-16,-50,-17,-51,-12,-45,-20,-51,-14,-50,-11,-49,-15,-44,-9,-46,-18,-47,-18,-47,-18,-44,-14,-48,-15,-39,-18,-41,-11,-37,-15,-37,-14,-35,-18,-38,-13,-38,-13,-32,-16,-29,-13,-27,-18,-29,-20,-24,-16,-27,-16,-21,-21,-16,-18,-23,-18,-14,-17,-14,-15,-14,-15,-12,-15,-14,-12,-12,-8,-10,-11,-10,-11,-1,-16,-5,-8,0,-8,6,-9,7,-5,0,0,0,0,0,0,0,0,0,0,0,0,0,0,0,0,0,0,0,0,0,0,57,-22,59,-16,61,-17,69,-4,67,2,67,7,71,7,72,15,73,15,72,21,74,24,70,31,75,29,79,38,68,39,70,44,68,46,67,45,59,47,65,53,60,56,57,59,52,56,48,56,46,54,49,57,44,58,40,49,37,49,40,49,35,45,33,38,35,38,30,37,33,38,32,31,32,22,27,22,32,26,33,17,27,13,31,9,32,9,26,6,29,1,31,-3,28,-7,22,-11,27,-11,27,-11,28,-12,29,-20,24,-19,25,-24,27,-27,25,-25,21,-32,0,0]"
CSI_DATA,108,2a:00:00:00:00:00,-51,11,1,0,1,1,1,0,0,0,1,-96,0,11,2,1714674,0,44,0,384,0,"[0,0,0,0,0,0,0,0,0,0,0,0,-3,7,-3,8,-2,8,-3,8,-3,8,-3,8,-2,8,-2,8,-2,8,-2,8,-2,9,-2,9,-2,8,-1,8,-1,8,-1,9,-1,8,-1,8,-1,8,-1,8,-1,7,-1,8,-1,8,-1,7,-1,7,-1,7,0,0,-1,7,-1,6,-1,6,-1,6,-1,6,-1,5,-1,5,-2,5,-2,5,-2,5,-2,5,-2,4,-2,3,-2,3,-3,3,-3,3,-2,2,-3,2,-3,1,-3,1,-3,1,-2,0,-2,0,-2,0,-2,0,-2,0,0,0,0,0,0,0,0,0,0,0,0,0,0,0,34,28,30,28,37,28,33,30,36,30,32,27,35,29,41,33,35,27,40,23,40,24,43,27,38,25,43,23,36,25,46,20,40,16,45,18,42,19,42,17,44,15,42,20,44,14,42,16,33,21,34,14,39,16,40,16,40,16,36,15,36,14,35,9,33,15,33,16,31,13,25,19,32,12,24,15,26,17,20,13,21,10,19,12,18,16,15,14,12,20,15,12,8,13,9,14,9,11,5,8,5,8,2,6,6,10,0,14,-2,5,-2,4,1,5,0,0,0,0,0,0,0,0,0,0,0,0,0,0,0,0,0,0,0,0,0,0,-61,-16,-66,-23,-63,-25,-65,-32,-58,-38,-57,-40,-58,-45,-56,-48,-64,-54,-52,-57,-51,-59,-52,-65,-55,-70,-48,-68,-44,-71,-42,-74,-42,-76,-38,-78,-38,-76,-31,-79,-30,-81,-28,-81,-28,-72,-24,-76,-23,-70,-20,-66,-19,-65,-15,-69,-17,-61,-17,-63,-15,-58,-15,-55,-14,-55,-19,-47,-19,-49,-17,-40,-21,-36,-23,-32,-18,-29,-16,-25,-27,-26,-26,-23,-26,-22,-22,-19,-26,-9,-28,-5,-27,-4,-26,-2,-28,-2,-30,5,-25,3,-32,8,-31,14,-30,15,-30,18,-30,21,-26,20,0,0]"
CSI_DATA,109,2a:00:00:00:00:00,-52,11,1,0,1,1,1,0,0,0,1,-96,0,11,2,1726319,0,44,0,384,0,"[0,0,0,0,0,0,0,0,0,0,0,0,2,-8,2,-8,2,-8,2,-8,2,-8,2,-8,2,-8,2,-8,2,-8,1,-8,1,-9,1,-9,1,-8,1,-8,1,-8,1,-9,1,-8,1,-8,1,-8,1,-8,1,-7,1,-7,1,-7,1,-7,1,-7,1,-7,0,0,1,-7,1,-6,1,-6,1,-6,1,-5,1,-5,1,-5,1,-5,2,-5,2,-5,2,-4,2,-3,1,-3,2,-3,2,-3,2,-3,1,-2,2,-2,1,-2,1,-1,1,-1,1,-1,1,-1,0,-1,1,-1,0,0,0,0,0,0,0,0,0,0,0,0,0,0,0,0,-20,-29,-23,-34,-25,-30,-34,-27,-29,-30,-31,-29,-36,-32,-32,-37,-30,-30,-33,-31,-31,-28,-32,-35,-35,-28,-32,-29,-28,-29,-37,-25,-37,-22,-35,-31,-36,-25,-35,-24,-40,-27,-29,-25,-32,-21,-23,-21,-32,-27,-36,-24,-25,-24,-27,-25,-28,-20,-28,-21,-25,-19,-24,-17,-21,-20,-24,-21,-22,-12,-22,-25,-21,-17,-24,-21,-16,-18,-10,-20,-12,-20,-10,-14,-12,-20,-9,-18,-8,-13,-4,-11,-3,-15,3,-14,-6,-9,-1,-9,-3,-5,-1,-12,1,-8,0,-8,3,-5,-1,-5,1,-5,0,0,0,0,0,0,0,0,0,0,0,0,0,0,0,0,0,0,0,0,0,0,63,8,64,18,67,20,70,24,65,28,64,28,60,40,63,41,65,51,58,56,62,54,53,56,61,65,59,75,51,71,44,71,50,77,44,76,38,75,32,75,30,70,27,79,29,71,24,70,21,81,28,72,21,67,18,66,16,60,17,63,12,57,17,53,14,51,15,48,17,45,16,38,15,37,18,38,15,34,21,32,16,24,18,27,18,18,24,14,18,12,14,6,21,6,20,6,24,-1,24,0,26,0,22,-6,27,-8,23,-9,28,-17,27,-16,22,-12,0,0]"
CSI_DATA,110,2a:00:00:00:00:00,-52,11,1,0,1,1,1,0,0,0,1,-96,0,11,2,1734693,0,44,0,384,0,"[0,0,0,0,0,0,0,0,0,0,0,0,-6,5,-6,5,-6,5,-6,5,-6,5,-6,5,-6,6,-6,6,-6,6,-6,6,-6,6,-6,6,-5,5,-5,5,-5,5,-5,6,-5,6,-5,5,-5,5,-5,5,-5,4,-5,4,-5,5,-4,4,-5,4,-4,4,0,0,-4,4,-4,4,-4,3,-4,3,-4,2,-4,2,-4,2,-4,2,-4,2,-4,2,-4,2,-3,1,-3,0,-3,0,-3,0,-3,0,-2,0,-2,0,-2,0,-2,0,-2,-1,-1,-1,-1,-1,-1,-1,-1,-1,-1,-1,0,0,0,0,0,0,0,0,0,0,0,0,0,0,15,32,15,31,19,32,19,26,27,33,21,32,22,32,28,37,27,34,21,30,27,28,28,27,29,29,27,28,29,29,28,26,29,34,25,27,27,25,30,28,26,24,28,25,24,24,27,24,24,21,26,23,26,23,24,22,21,23,13,21,18,21,22,25,21,15,20,15,15,15,19,18,11,14,17,15,14,13,8,15,7,10,9,15,9,16,7,20,4,11,7,10,2,10,2,11,2,5,-1,13,-2,5,-2,5,-3,8,-1,-1,-3,4,-4,0,2,-2,0,0,0,0,0,0,0,0,0,0,0,0,0,0,0,0,0,0,0,0,0,0,-66,-23,-62,-29,-66,-33,-64,-40,-63,-47,-55,-49,-58,-55,-58,-64,-58,-65,-56,-71,-52,-75,-46,-73,-51,-78,-46,-80,-41,-85,-38,-89,-36,-86,-31,-84,-29,-81,-21,-87,-19,-92,-16,-87,-13,-85,-16,-80,-10,-85,-9,-78,-6,-75,-5,-67,-5,-69,-6,-67,-5,-60,-3,-55,-1,-55,-9,-54,-7,-49,-6,-49,-6,-44,-12,-41,-14,-39,-12,-37,-13,-25,-20,-29,-15,-27,-19,-27,-17,-21,-19,-21,-23,-15,-20,-15,-25,-9,-24,-5,-29,-5,-24,2,-28,2,-29,8,-28,9,-31,6,-32,11,0,0]"
CSI_DATA,111,2a:00:00:00:00:00,-54,11,1,0,1,1,1,0,0,0,1,-96,0,11,2,1744679,0,44,0,384,0,"[0,0,0,0,0,0,0,0,0,0,0,0,5,-1,5,-1,5,-1,5,-1,5,-1,5,-1,5,-2,5,-2,5,-2,5,-2,6,-2,6,-2,6,-2,6,-2,5,-2,5,-2,5,-2,5,-2,5,-2,5,-2,5,-2,5,-2,4,-1,4,-1,4,-1,4,-1,0,0,3,-1,4,-1,4,-1,3,-1,3,-1,3,-1,3,-1,3,0,2,-1,2,-1,2,0,2,0,2,0,2,0,1,0,1,0,1,1,1,0,0,0,0,0,0,0,0,0,0,0,-1,0,-1,0,0,0,0,0,0,0,0,0,0,0,0,0,0,0,0,0,4,-17,2,-14,0,-16,-3,-17,2,-16,1,-18,0,-16,0,-19,0,-18,-2,-16,0,-16,-3,-16,-1,-15,1,-18,-3,-16,-1,-20,-1,-18,-1,-16,-2,-15,-1,-14,-1,-18,-3,-17,-2,-17,-3,-15,-1,-15,-3,-16,0,-13,-3,-13,-1,-12,-1,-15,0,-12,-2,-12,1,-13,0,-11,1,-9,-1,-12,-3,-9,0,-10,0,-11,2,-7,2,-5,3,-8,1,-5,3,-5,1,-6,2,-2,3,-3,0,-5,4,-2,3,-4,1,0,1,-1,-1,-1,2,-1,-1,0,1,-2,-1,0,0,0,0,0,0,0,0,0,0,0,0,0,0,0,0,0,0,0,0,0,0,0,30,18,27,22,26,22,26,30,22,31,21,33,19,33,19,35,17,39,16,38,12,44,10,43,10,45,5,45,5,45,-2,46,0,48,-2,45,-2,44,-5,44,-7,41,-10,46,-12,43,-11,39,-12,37,-11,36,-14,36,-12,32,-13,30,-11,32,-12,25,-9,27,-10,27,-8,23,-9,23,-9,19,-8,21,-6,20,-5,19,-3,19,-3,18,-2,17,-2,15,2,14,0,14,2,14,4,11,0,8,6,11,6,8,6,8,6,9,9,9,10,6,10,8,10,5,13,6,0,0]"
CSI_DATA,112,2a:00:00:00:00:00,-54,11,1,0,1,1,1,0,0,0,1,-96,0,11,2,1754684,0,44,0,384,0,"[0,0,0,0,0,0,0,0,0,0,0,0,-5,-3,-5,-3,-5,-3,-6,-3,-6,-3,-5,-2,-5,-2,-6,-2,-6,-2,-6,-2,-6,-2,-6,-2,-6,-2,-6,-2,-6,-2,-6,-2,-6,-2,-6,-2,-6,-2,-6,-2,-5,-2,-5,-2,-5,-2,-5,-2,-5,-2,-4,-2,0,0,-4,-2,-5,-2,-4,-2,-4,-2,-4,-2,-4,-2,-4,-2,-3,-2,-3,-2,-3,-2,-3,-2,-3,-3,-2,-2,-2,-2,-2,-2,-1,-2,-1,-2,-1,-2,-1,-2,-1,-1,-1,-1,0,-2,0,-2,0,-1,0,-1,0,-1,0,0,0,0,0,0,0,0,0,0,0,0,0,0,-11,6,-11,5,-11,7,-10,5,-11,9,-13,9,-9,8,-11,6,-11,9,-10,10,-14,10,-9,7,-11,11,-10,10,-11,9,-10,11,-10,13,-10,11,-9,12,-9,11,-10,12,-8,11,-8,12,-9,12,-8,10,-8,10,-8,8,-7,10,-7,7,-9,8,-8,8,-8,10,-7,5,-9,8,-7,8,-8,4,-6,6,-6,5,-4,4,-7,2,-5,3,-7,5,-5,3,-5,4,-5,2,-6,2,-7,1,-5,1,-6,0,-5,-1,-3,1,-5,0,-2,-2,-2,-1,-3,-3,-4,-3,-1,-1,0,0,0,0,0,0,0,0,0,0,0,0,0,0,0,0,0,0,0,0,0,0,-5,-36,0,-37,2,-35,4,-42,8,-37,8,-38,12,-37,16,-40,18,-41,19,-38,24,-38,25,-38,27,-40,30,-38,34,-36,31,-31,37,-36,32,-31,32,-29,34,-28,33,-26,38,-25,34,-20,36,-21,37,-19,33,-17,33,-13,32,-16,28,-14,30,-17,26,-14,26,-14,23,-14,22,-17,24,-13,23,-13,19,-13,16,-13,16,-12,16,-13,14,-13,12,-10,13,-13,10,-12,7,-14,8,-14,9,-13,6,-13,3,-12,5,-12,2,-13,2,-11,0,-13,-1,-15,-3,-13,-5,-14,-1,-14,0,0]"
CSI_DATA,113,2a:00:00:00:00:00,-53,11,1,0,1,1,1,0,0,0,1,-96,0,11,2,1764689,0,44,0,384,0,"[0,0,0,0,0,0,0,0,0,0,0,0,4,3,4,3,4,3,4,3,4,3,4,3,4,3,4,3,4,3,4,3,5,3,5,2,5,2,5,2,5,2,5,2,5,2,4,2,5,2,4,2,4,2,4,2,4,2,4,2,4,2,3,2,0,0,3,2,4,2,4,2,3,2,3,2,3,2,3,2,3,2,2,2,2,2,2,2,2,2,1,2,1,2,1,2,1,1,1,2,0,1,0,1,0,1,0,1,0,1,0,1,0,1,0,0,0,0,0,0,0,0,0,0,0,0,0,0,0,0,0,0,13,-8,13,-7,16,-9,14,-10,12,-7,13,-9,10,-9,13,-12,13,-10,10,-10,12,-10,10,-10,11,-13,10,-11,10,-11,11,-12,10,-10,12,-11,9,-10,10,-10,8,-13,10,-8,8,-11,11,-12,10,-8,9,-12,9,-11,9,-11,9,-8,9,-11,10,-9,9,-8,8,-9,6,-8,8,-9,7,-6,6,-6,7,-5,8,-7,9,-6,8,-4,7,-5,6,-3,7,-2,5,-2,9,-4,5,-1,5,-1,8,0,4,1,4,2,5,1,2,0,2,-1,3,1,1,1,1,-1,0,0,0,0,0,0,0,0,0,0,0,0,0,0,0,0,0,0,0,0,0,0,24,23,22,26,22,28,21,32,17,35,16,36,13,37,11,41,10,43,5,40,2,45,3,44,0,46,-4,45,-7,45,-9,44,-12,46,-13,42,-13,43,-18,41,-16,41,-20,42,-19,36,-22,35,-22,33,-21,32,-21,32,-22,29,-21,26,-18,26,-19,22,-20,23,-18,21,-17,22,-16,21,-15,19,-14,16,-13,20,-12,19,-9,17,-9,17,-8,19,-6,18,-5,18,-7,16,-6,16,-4,14,-2,15,-3,16,-4,16,-1,16,1,17,2,16,3,16,3,14,3,17,6,14,0,0]"
CSI_DATA,114,2a:00:00:00:00:00,-51,11,1,0,1,1,1,0,0,0,1,-96,0,11,2,1774664,0,44,0,384,0,"[0,0,0,0,0,0,0,0,0,0,0,0,2,-7,2,-7,2,-7,2,-7,1,-7,1,-7,1,-7,1,-7,1,-7,1,-7,1,-7,1,-7,1,-7,1,-7,1,-7,1,-7,1,-7,1,-7,0,-7,0,-7,1,-6,1,-7,1,-6,1,-6,1,-6,1,-6,0,0,1,-6,1,-6,1,-6,1,-5,1,-5,1,-5,1,-5,1,-5,2,-4,2,-4,2,-4,1,-4,1,-4,1,-4,2,-3,2,-3,1,-3,1,-2,1,-2,1,-2,1,-2,1,-2,1,-2,1,-2,1,-1,1,-1,0,0,0,0,0,0,0,0,0,0,0,0,0,0,-19,-30,-20,-33,-21,-27,-26,-30,-30,-24,-27,-34,-28,-21,-22,-26,-26,-25,-32,-24,-27,-22,-32,-18,-35,-20,-27,-22,-26,-19,-30,-18,-32,-23,-32,-15,-31,-22,-25,-15,-35,-17,-28,-20,-33,-16,-27,-19,-24,-20,-29,-19,-25,-17,-28,-15,-27,-18,-28,-16,-23,-9,-24,-16,-25,-18,-29,-19,-17,-19,-18,-19,-17,-20,-19,-16,-12,-15,-17,-11,-16,-13,-14,-14,-10,-13,-7,-13,-9,-15,-11,-16,-7,-11,-9,-14,-7,-13,-2,-13,-6,-9,-4,-10,-7,-11,-3,-9,-5,-7,-2,-8,-6,-2,0,0,0,0,0,0,0,0,0,0,0,0,0,0,0,0,0,0,0,0,0,0,16,-63,26,-61,31,-64,38,-63,41,-60,44,-56,50,-54,54,-50,61,-54,65,-47,73,-44,74,-43,81,-42,84,-36,82,-24,83,-23,81,-25,80,-17,81,-14,85,-6,83,-1,84,0,83,4,77,9,73,6,77,8,68,10,66,15,62,19,61,16,56,12,61,15,55,9,51,7,48,7,49,7,49,2,49,2,50,4,46,0,47,1,40,-4,46,-3,42,-1,34,-3,39,-11,39,-8,33,-13,40,-9,40,-11,36,-15,37,-19,37,-18,32,-19,29,-18,34,-17,33,-27,0,0]"
CSI_DATA,115,2a:00:00:00:00:00,-50,11,1,0,1,1,1,0,0,0,1,-96,0,11,2,1784686,0,44,0,384,0,"[0,0,0,0,0,0,0,0,0,0,0,0,-5,6,-5,6,-4,6,-4,6,-4,6,-4,6,-4,6,-4,6,-4,6,-4,6,-4,6,-4,6,-3,6,-3,6,-3,6,-3,6,-3,6,-3,6,-3,6,-3,6,-3,6,-3,6,-4,5,-3,6,-3,5,-3,5,0,0,-4,5,-3,5,-3,5,-4,4,-3,4,-3,4,-3,4,-3,4,-4,3,-4,3,-4,3,-3,3,-3,3,-3,3,-3,2,-3,2,-3,2,-3,1,-3,1,-3,1,-3,1,-3,1,-2,1,-2,1,-2,0,-2,0,0,0,0,0,0,0,0,0,0,0,0,0,0,0,26,26,21,34,28,36,21,32,24,38,29,30,25,37,24,35,28,33,26,34,25,29,23,27,25,29,24,27,30,26,26,24,27,25,24,28,27,32,25,25,29,25,28,24,27,29,23,29,23,27,24,25,23,21,18,27,17,24,22,23,26,21,21,22,18,23,21,27,15,21,17,24,12,21,15,28,11,25,15,16,12,23,17,21,4,20,6,17,0,17,7,18,6,15,1,17,6,16,1,12,5,13,2,13,1,10,-1,8,0,10,2,10,0,6,0,0,0,0,0,0,0,0,0,0,0,0,0,0,0,0,0,0,0,0,0,0,15,55,9,61,7,64,-2,63,-14,62,-16,64,-27,63,-30,66,-36,66,-36,63,-47,69,-54,63,-60,64,-56,55,-61,53,-65,51,-70,48,-73,43,-74,41,-74,36,-74,32,-77,26,-75,25,-80,19,-72,9,-74,15,-71,6,-68,2,-69,4,-68,2,-65,0,-67,4,-60,1,-61,5,-62,-2,-53,4,-53,2,-49,6,-49,6,-49,7,-45,4,-47,9,-43,12,-47,10,-38,14,-41,11,-41,13,-44,15,-40,11,-40,18,-39,13,-41,19,-43,21,-40,19,-41,24,-42,23,-42,22,0,0]"
CSI_DATA,116,2a:00:00:00:00:00,-48,11,1,0,1,1,1,0,0,0,1,-96,0,11,2,1804659,0,44,0,384,0,"[0,0,0,0,0,0,0,0,0,0,0,0,-3,8,-3,8,-2,8,-3,8,-3,8,-3,7,-3,7,-3,7,-3,7,-2,7,-2,7,-2,6,-2,7,-2,7,-2,6,-2,7,-2,6,-2,6,-2,6,-1,6,-2,6,-2,6,-2,6,-2,6,-2,6,-2,6,0,0,-3,5,-2,5,-2,5,-2,4,-2,5,-2,5,-2,4,-2,4,-3,3,-3,3,-3,3,-3,4,-2,3,-3,3,-3,2,-2,2,-3,3,-2,1,-2,1,-2,1,-2,1,-2,1,-2,1,-2,1,-2,1,-2,0,0,0,0,0,0,0,0,0,0,0,0,0,0,0,-10,53,-10,50,-8,51,-7,44,-4,46,-9,49,-8,46,-7,45,-8,47,-9,41,-6,42,-3,42,-6,42,-5,41,-5,39,-3,39,-3,43,-4,39,-5,37,0,37,-1,41,-4,39,0,39,-1,39,2,35,1,37,-4,34,-1,35,-2,36,0,34,-2,30,-5,36,-3,33,0,30,-3,26,-4,32,-2,28,-3,32,-2,28,-7,24,-9,22,-9,23,-7,25,-6,21,-9,24,-6,16,-8,18,-7,21,-7,13,-8,14,-7,9,-6,10,-5,9,-6,10,-8,13,-5,6,-7,5,0,0,0,0,0,0,0,0,0,0,0,0,0,0,0,0,0,0,0,0,0,0,-25,44,-29,42,-33,41,-42,40,-46,36,-48,32,-53,31,-56,33,-62,27,-60,22,-69,13,-70,12,-75,12,-75,3,-77,-3,-73,-3,-80,-4,-74,-13,-79,-16,-75,-15,-74,-23,-73,-27,-70,-29,-70,-30,-64,-33,-63,-32,-57,-38,-56,-36,-52,-31,-57,-34,-48,-34,-55,-34,-51,-30,-52,-32,-49,-32,-46,-31,-49,-28,-48,-27,-47,-29,-50,-25,-46,-21,-45,-20,-44,-22,-46,-18,-43,-17,-41,-18,-45,-18,-48,-17,-48,-11,-48,-10,-50,-9,-45,-10,-52,-10,-48,-13,-54,-10,-51,-9,-54,-13,0,0]"
CSI_DATA,117,2a:00:00:00:00:00,-47,11,1,0,1,1,1,0,0,0,1,-96,0,11,2,1834639,0,44,0,384,0,"[0,0,0,0,0,0,0,0,0,0,0,0,3,8,3,8,3,8,3,8,3,8,3,8,3,8,3,7,3,8,4,8,3,7,4,7,4,7,4,7,4,7,4,7,4,7,4,7,4,7,4,7,4,7,4,7,3,7,4,7,4,7,3,7,0,0,3,6,3,7,3,6,3,6,3,6,3,6,3,6,2,6,2,6,2,5,2,5,1,6,1,5,1,5,1,4,0,4,0,5,0,4,0,4,0,3,0,3,-1,3,-1,3,-1,3,-1,2,-1,2,0,0,0,0,0,0,0,0,0,0,0,0,0,0,50,4,44,2,46,-3,47,-1,54,-2,44,-2,41,1,49,-8,41,-1,43,-4,48,0,48,0,50,-3,48,-4,42,-4,45,-12,46,-10,45,-3,43,-4,50,-12,46,-10,47,-6,42,-8,38,-10,43,-10,40,-6,42,-6,41,-7,42,-6,42,-8,42,-10,41,-5,38,0,40,-4,37,-7,36,0,34,0,31,-1,36,-3,36,4,32,1,30,2,27,-2,25,0,27,3,27,4,25,6,22,5,24,7,19,8,16,5,18,4,16,4,14,0,11,5,12,9,15,5,0,0,0,0,0,0,0,0,0,0,0,0,0,0,0,0,0,0,0,0,0,0,49,19,48,30,48,38,42,37,39,45,34,47,34,53,32,60,31,63,24,61,21,69,21,70,14,75,11,74,5,76,-3,74,-2,75,-12,77,-13,73,-18,69,-24,63,-25,64,-31,69,-28,59,-29,62,-30,63,-35,59,-30,59,-31,51,-30,47,-30,47,-31,47,-32,45,-32,41,-28,40,-27,44,-26,42,-20,44,-26,39,-18,44,-22,43,-14,41,-17,38,-13,41,-12,42,-16,34,-16,42,-6,41,-7,36,-11,42,1,41,-3,46,-8,50,0,47,-6,49,-6,49,-2,49,0,0]"
CSI_DATA,118,2a:00:00:00:00:00,-53,11,1,0,1,1,1,0,0,0,1,-96,0,11,2,1864776,0,44,0,384,0,"[0,0,0,0,0,0,0,0,0,0,0,0,-3,0,-3,0,-4,0,-4,0,-5,0,-5,0,-5,0,-6,0,-6,0,-6,0,-7,0,-7,0,-8,0,-8,0,-8,0,-9,1,-8,1,-9,1,-9,1,-10,1,-10,1,-10,1,-10,1,-10,1,-10,1,-10,1,0,0,-10,2,-10,1,-10,1,-10,2,-9,1,-10,1,-10,2,-9,1,-10,2,-10,2,-10,2,-9,1,-9,1,-8,1,-9,1,-9,1,-8,1,-8,1,-8,1,-8,1,-8,1,-7,1,-7,1,-6,1,-7,0,-7,0,0,0,0,0,0,0,0,0,0,0,0,0,0,0,4,2,0,3,4,4,1,4,3,8,2,8,2,12,0,9,0,10,-2,10,-3,12,0,10,0,14,-3,14,0,16,4,17,1,19,2,19,-1,19,-1,18,-2,23,0,21,2,22,-1,24,0,24,1,23,-1,25,-2,25,-1,24,-1,22,-3,23,2,25,-1,23,1,24,2,24,3,24,3,26,0,21,3,25,4,22,2,19,2,21,0,25,2,23,1,23,0,18,0,21,-1,19,-1,17,1,16,2,17,1,15,1,17,0,17,-1,18,3,13,1,16,0,0,0,0,0,0,0,0,0,0,0,0,0,0,0,0,0,0,0,0,0,0,-32,36,-40,34,-39,30,-45,28,-46,23,-49,21,-48,14,-46,14,-48,11,-51,8,-49,3,-49,1,-50,0,-48,-5,-43,-8,-42,-10,-38,-7,-36,-13,-33,-10,-33,-17,-30,-13,-25,-15,-21,-17,-19,-16,-15,-18,-15,-14,-8,-13,-8,-15,-6,-12,-4,-14,1,-10,-1,-10,2,-10,1,-9,3,-6,6,-7,8,-5,8,-3,8,-2,7,-5,9,-2,10,-2,8,-1,10,1,10,-1,2,3,5,2,6,3,7,3,10,-1,2,0,4,-3,8,6,4,1,0,2,2,1,4,5,0,0]"
CSI_DATA,119,2a:00:00:00:00:00,-54,11,1,0,1,1,1,0,0,0,1,-96,0,11,2,1875289,0,44,0,384,0,"[0,0,0,0,0,0,0,0,0,0,0,0,-2,0,-2,0,-1,-1,-1,-1,-1,-2,-1,-2,-1,-3,-1,-3,-1,-3,-1,-4,-1,-4,-1,-5,-1,-5,-1,-5,-1,-6,-1,-6,-1,-6,-1,-6,-1,-7,-1,-7,-1,-7,-1,-8,-1,-7,-2,-8,-1,-8,-1,-8,0,0,-1,-8,-2,-8,-2,-9,-2,-8,-2,-8,-2,-8,-2,-8,-3,-8,-2,-8,-2,-8,-2,-8,-3,-8,-3,-8,-3,-8,-2,-7,-2,-8,-2,-8,-2,-7,-2,-7,-2,-6,-2,-6,-2,-7,-2,-7,-2,-7,-2,-6,-2,-6,0,0,0,0,0,0,0,0,0,0,0,0,0,0,-2,6,3,8,2,5,-1,7,-5,4,-3,2,-4,2,-4,0,-2,1,-7,0,-5,-1,-5,-1,-11,-1,-7,-5,-9,-2,-11,-8,-13,-3,-12,-3,-11,-2,-12,-5,-18,-5,-15,-3,-16,-3,-17,-5,-19,-5,-16,-3,-19,-5,-19,-6,-16,-4,-21,-7,-18,-3,-21,-5,-18,-5,-21,-5,-20,-5,-17,-3,-20,-2,-21,-1,-18,-3,-23,-2,-21,-5,-20,-1,-22,-4,-19,-4,-18,-2,-20,-5,-21,-2,-19,-4,-19,-2,-19,-2,-17,-2,-17,-3,-15,-3,-16,-1,-17,-3,-19,-3,-15,-5,0,0,0,0,0,0,0,0,0,0,0,0,0,0,0,0,0,0,0,0,0,0,-32,-39,-33,-46,-28,-44,-28,-53,-21,-47,-20,-52,-17,-51,-14,-50,-11,-56,-12,-50,-7,-53,-4,-50,-3,-49,-1,-48,1,-46,3,-39,3,-40,5,-41,3,-34,8,-35,2,-32,3,-29,6,-24,6,-21,3,-18,-2,-16,-2,-14,0,-12,-3,-10,2,-8,-2,-3,-2,-5,-8,-1,-7,-3,-6,1,-6,0,-9,1,-7,3,-12,7,-13,8,-12,7,-8,8,-14,7,-14,9,-14,10,-10,8,-15,6,-13,10,-14,9,-10,8,-13,12,-14,6,-13,12,-10,4,-13,6,-9,8,-10,3,0,0]"
CSI_DATA,120,2a:00:00:00:00:00,-54,11,1,0,1,1,1,0,0,0,1,-96,0,11,2,1884677,0,44,0,384,0,"[0,0,0,0,0,0,0,0,0,0,0,0,-2,1,-1,1,0,0,0,0,0,0,1,0,1,0,1,0,2,0,2,-1,3,-1,3,-1,4,-1,4,-1,4,-2,5,-2,5,-2,5,-2,6,-2,6,-2,6,-2,6,-2,7,-2,7,-3,7,-3,7,-3,0,0,7,-3,7,-3,7,-3,7,-3,7,-3,7,-3,7,-3,7,-3,7,-3,7,-3,7,-3,7,-3,7,-3,7,-3,7,-2,7,-2,7,-3,6,-2,6,-2,6,-1,6,-1,6,-2,6,-2,5,-2,5,-1,5,-1,0,0,0,0,0,0,0,0,0,0,0,0,0,0,1,7,0,7,-1,6,-2,5,3,5,-2,6,-1,-1,1,0,1,-1,-1,-4,1,-4,2,-6,2,-8,1,-7,0,-10,0,-8,5,-10,4,-14,1,-11,1,-12,-2,-15,2,-14,2,-17,2,-17,-1,-16,1,-20,4,-20,-2,-18,1,-19,2,-17,3,-16,2,-18,2,-20,4,-19,-2,-23,3,-21,2,-22,1,-21,3,-21,0,-20,-1,-23,2,-20,3,-18,0,-20,3,-19,3,-20,2,-18,2,-17,8,-15,4,-18,6,-16,1,-17,4,-15,3,-12,6,-11,3,-16,4,-14,0,0,0,0,0,0,0,0,0,0,0,0,0,0,0,0,0,0,0,0,0,0,-23,-45,-22,-48,-17,-51,-13,-53,-9,-53,-7,-49,-3,-54,-2,-50,1,-54,6,-50,7,-50,8,-50,12,-50,14,-45,13,-41,14,-40,17,-37,17,-35,13,-31,12,-30,12,-29,11,-28,17,-23,11,-22,9,-18,8,-16,8,-15,4,-13,2,-12,0,-10,-2,-9,-6,-9,-3,-8,-5,-7,-7,-6,-10,-6,-10,-7,-14,-6,-13,-4,-16,-5,-14,-2,-14,-4,-10,-1,-14,1,-15,-1,-14,-4,-15,-2,-16,-3,-18,-3,-15,-1,-17,2,-15,-2,-15,-1,-16,-3,-15,0,-19,0,-10,1,0,0]"
CSI_DATA,121,2a:00:00:00:00:00,-52,11,1,0,1,1,1,0,0,0,1,-96,0,11,2,1894755,0,44,0,384,0,"[0,0,0,0,0,0,0,0,0,0,0,0,-3,-3,-3,-3,-3,-2,-3,-2,-3,-2,-3,-1,-3,-1,-3,-1,-4,0,-4,0,-4,0,-4,1,-5,1,-5,2,-5,2,-5,3,-5,3,-5,3,-5,4,-6,4,-6,4,-6,4,-6,4,-6,4,-7,4,-7,4,0,0,-7,5,-7,5,-7,5,-7,5,-7,5,-7,5,-7,5,-7,5,-7,5,-7,5,-7,5,-8,4,-7,4,-8,4,-7,4,-7,4,-8,4,-7,3,-7,3,-6,3,-6,2,-7,2,-7,2,-7,1,-6,1,-6,1,0,0,0,0,0,0,0,0,0,0,0,0,0,0,-12,-1,-8,0,-9,2,-5,3,-7,3,-7,5,-5,4,-4,4,-1,2,-3,3,-2,5,-2,9,1,6,-1,6,1,7,3,8,2,7,2,8,4,11,8,7,7,13,7,9,8,13,7,14,7,13,9,12,8,13,12,15,12,13,12,15,9,17,12,16,9,16,9,16,12,14,10,14,11,13,10,14,11,16,11,18,11,15,13,18,12,14,10,13,9,19,9,16,7,17,8,14,6,15,5,15,4,17,4,14,4,12,4,11,2,12,0,13,-1,13,0,0,0,0,0,0,0,0,0,0,0,0,0,0,0,0,0,0,0,0,0,0,49,-21,39,-28,50,-9,48,-8,42,1,49,-16,59,6,45,-2,62,10,53,9,53,9,45,11,39,15,37,19,41,21,29,15,47,6,35,16,26,18,31,44,39,13,15,20,40,33,6,30,6,15,2,17,21,7,9,16,13,3,9,-1,-4,5,5,-4,11,-6,8,-10,6,-5,2,0,5,-3,5,-8,6,-9,5,-8,4,-12,2,-11,6,-11,3,-11,3,-15,0,-10,2,-10,1,-15,1,-15,2,-13,1,-15,2,-15,2,-14,1,-12,0,-14,1,-10,0,-11,0,0]"
CSI_DATA,122,2a:00:00:00:00:00,-52,11,1,0,1,1,1,0,0,0,1,-96,0,11,2,1904660,0,44,0,384,0,"[0,0,0,0,0,0,0,0,0,0,0,0,-3,1,-3,2,-3,2,-2,2,-2,2,-2,2,-1,2,-1,2,-1,3,0,3,0,3,1,3,1,3,1,3,2,3,2,4,3,4,3,4,3,4,3,4,3,5,4,5,4,5,4,5,4,5,5,5,0,0,5,6,4,6,5,6,5,5,4,6,5,6,5,6,5,5,5,6,5,6,5,6,5,6,4,6,4,6,4,6,4,7,3,6,4,6,3,6,3,6,3,6,2,5,2,5,2,5,1,6,1,5,0,0,0,0,0,0,0,0,0,0,0,0,0,0,-5,5,-3,10,-1,6,-3,6,-2,7,1,6,0,9,0,5,1,6,2,5,2,4,6,4,4,4,6,3,6,0,6,3,8,3,7,-2,10,0,9,0,14,-2,14,1,14,1,12,1,13,1,17,-3,15,-2,17,-1,18,0,16,-4,16,-1,18,-1,18,-4,19,-3,18,-2,18,-3,18,-2,19,-3,22,-2,17,-2,18,-2,19,-2,21,-1,19,-1,19,-1,17,0,17,1,18,0,15,2,16,3,16,3,15,3,16,4,13,4,12,3,13,5,12,5,0,0,0,0,0,0,0,0,0,0,0,0,0,0,0,0,0,0,0,0,0,0,2,-48,6,-52,9,-51,15,-49,19,-47,21,-46,24,-42,29,-41,32,-46,31,-38,34,-37,35,-36,34,-35,35,-33,38,-27,36,-28,35,-24,38,-22,32,-22,32,-18,28,-16,31,-16,29,-13,26,-11,25,-12,22,-13,18,-8,18,-8,16,-8,14,-9,11,-7,9,-7,8,-7,6,-9,3,-9,2,-9,-1,-9,-1,-10,-1,-10,-2,-13,-4,-9,-5,-11,-6,-11,-7,-12,-9,-10,-4,-11,-5,-11,-10,-11,-7,-10,-10,-10,-9,-8,-9,-8,-10,-9,-8,-7,-9,-9,-10,-3,-9,-7,0,0]"
CSI_DATA,123,2a:00:00:00:00:00,-52,11,1,0,1,1,1,0,0,0,1,-96,0,11,2,1914700,0,44,0,384,0,"[0,0,0,0,0,0,0,0,0,0,0,0,0,-1,0,-1,0,-1,-1,-1,-1,-1,-1,-1,-1,-2,-2,-1,-2,-2,-2,-2,-3,-2,-3,-2,-3,-2,-4,-2,-4,-2,-5,-2,-5,-2,-5,-2,-5,-2,-6,-2,-6,-2,-6,-2,-6,-2,-6,-2,-7,-2,-7,-2,0,0,-7,-2,-7,-2,-7,-1,-7,-2,-7,-1,-7,-1,-7,-1,-7,-1,-8,-1,-8,-1,-8,-2,-7,-1,-7,-1,-7,-1,-8,-2,-8,-2,-7,-1,-7,-2,-7,-2,-7,-2,-7,-2,-6,-2,-6,-2,-6,-2,-6,-3,-5,-3,0,0,0,0,0,0,0,0,0,0,0,0,0,0,2,-4,1,-3,2,-5,2,-3,-2,-4,0,0,-1,-3,1,0,-3,-1,-2,2,-3,0,-2,1,-5,1,-4,3,-4,7,-6,5,-7,6,-7,5,-8,7,-7,8,-7,10,-6,8,-6,11,-7,11,-9,13,-9,11,-8,13,-10,12,-9,14,-9,16,-9,12,-10,13,-10,13,-8,15,-7,17,-11,15,-8,17,-8,13,-10,16,-7,15,-7,16,-7,15,-11,15,-9,16,-10,16,-8,12,-8,15,-11,12,-8,14,-8,14,-8,11,-8,10,-9,9,-12,11,-10,11,-9,9,-10,6,0,0,0,0,0,0,0,0,0,0,0,0,0,0,0,0,0,0,0,0,0,0,-14,44,-18,46,-20,42,-26,46,-25,40,-30,42,-30,38,-33,39,-36,39,-35,34,-39,34,-39,32,-38,31,-39,26,-41,27,-37,24,-39,24,-36,17,-37,20,-32,17,-33,16,-33,15,-29,14,-31,12,-28,10,-27,10,-23,9,-22,9,-17,8,-18,8,-15,9,-14,8,-11,10,-9,8,-7,9,-5,8,-4,8,-4,11,-2,10,1,11,0,10,2,11,-1,10,1,9,5,10,-1,9,2,10,5,9,5,8,5,9,6,10,6,5,5,6,4,8,6,7,5,4,3,5,0,0]"
CSI_DATA,124,2a:00:00:00:00:00,-51,11,1,0,1,1,1,0,0,0,1,-96,0,11,2,1924683,0,44,0,384,0,"[0,0,0,0,0,0,0,0,0,0,0,0,1,-1,1,0,1,0,1,0,2,0,2,0,2,1,2,1,3,1,3,1,3,1,4,1,4,1,4,1,4,2,5,2,5,1,5,2,6,2,6,2,6,2,6,2,6,2,6,2,6,2,7,2,0,0,7,2,7,2,7,2,7,1,7,2,7,2,7,2,7,2,8,1,8,1,8,1,7,1,7,1,7,1,7,2,7,2,7,2,7,1,7,2,6,2,6,2,5,2,5,2,5,2,5,2,5,2,0,0,0,0,0,0,0,0,0,0,0,0,0,0,-2,-5,-2,-4,0,-2,-1,-3,-2,-3,2,-6,2,-4,3,-7,1,-7,3,-4,1,-8,1,-10,5,-8,5,-9,6,-11,4,-11,7,-11,5,-9,5,-12,7,-12,8,-11,5,-13,7,-14,9,-14,9,-15,10,-15,7,-15,7,-16,8,-16,7,-14,8,-17,10,-18,8,-15,8,-16,8,-17,7,-17,7,-19,8,-20,8,-16,8,-17,8,-17,10,-18,9,-18,9,-20,9,-19,7,-15,9,-15,7,-17,6,-12,8,-15,7,-13,8,-13,10,-13,9,-13,9,-13,7,-12,6,-11,0,0,0,0,0,0,0,0,0,0,0,0,0,0,0,0,0,0,0,0,0,0,38,-23,40,-21,42,-19,42,-17,46,-14,42,-10,45,-10,47,-8,50,-6,46,-6,46,-2,48,-2,48,-3,47,0,45,3,42,4,43,4,41,5,36,3,36,8,34,6,37,7,33,6,30,6,28,6,26,7,25,5,23,5,22,3,19,2,17,4,17,1,15,1,17,-1,15,-1,13,-1,10,-6,10,-3,9,-7,7,-5,9,-7,7,-6,6,-5,7,-8,3,-8,6,-6,5,-8,3,-6,4,-9,3,-8,2,-7,3,-9,4,-4,1,-6,1,-7,4,-5,5,-4,0,0]"
CSI_DATA,125,2a:00:00:00:00:00,-49,11,1,0,1,1,1,0,0,0,1,-96,0,11,2,1935343,0,44,0,384,0,"[0,0,0,0,0,0,0,0,0,0,0,0,2,0,2,0,2,0,3,0,3,0,3,0,4,0,4,0,4,0,4,0,5,0,5,0,5,0,5,0,6,0,6,-1,6,-1,6,0,7,-1,7,-1,7,0,7,-1,7,-1,8,-1,8,-1,8,-1,0,0,8,-1,8,-1,8,-2,8,-2,8,-2,8,-2,8,-2,8,-2,8,-2,8,-2,9,-1,8,-2,7,-2,8,-2,8,-1,8,-1,7,-1,7,-1,7,-1,7,-1,7,-1,6,-1,6,-1,6,-1,6,0,6,0,0,0,0,0,0,0,0,0,0,0,0,0,0,0,-2,-13,2,-11,1,-11,0,-16,1,-10,6,-15,3,-15,-1,-19,2,-17,5,-16,3,-21,3,-27,3,-28,6,-28,4,-26,-1,-25,4,-34,3,-34,6,-34,5,-36,-1,-34,6,-35,3,-39,5,-39,8,-42,2,-41,1,-40,0,-41,-1,-42,4,-43,4,-40,0,-50,6,-46,-2,-45,1,-42,1,-46,-2,-43,-4,-42,-2,-45,-3,-43,-4,-41,-4,-43,2,-44,4,-43,-1,-45,-4,-42,3,-36,2,-42,2,-38,0,-39,-5,-41,-2,-35,5,-34,9,-32,4,-31,6,-34,5,-33,0,0,0,0,0,0,0,0,0,0,0,0,0,0,0,0,0,0,0,0,0,0,49,-76,54,-77,57,-68,69,-73,66,-62,74,-58,76,-57,79,-55,83,-53,77,-50,85,-42,83,-43,84,-42,91,-34,84,-30,81,-23,86,-24,79,-17,76,-18,78,-16,72,-14,71,-9,64,-7,62,-10,59,-5,58,-9,50,-3,49,-10,43,-1,38,-10,32,-6,34,-3,27,-8,24,-9,19,-8,16,-7,20,-7,13,-7,14,-12,9,-11,14,-8,10,-6,6,-8,5,-12,7,-13,-3,-6,2,-6,6,-6,4,-9,6,-8,8,-11,6,-8,6,-6,5,-5,5,-9,6,-8,5,0,0,0]"
CSI_DATA,126,2a:00:00:00:00:00,-49,11,1,0,1,1,1,0,0,0,1,-96,0,11,2,1944746,0,44,0,384,0,"[0,0,0,0,0,0,0,0,0,0,0,0,2,1,2,1,2,1,3,1,3,1,3,1,4,1,4,1,4,1,5,1,5,1,6,1,6,1,6,1,6,1,7,1,7,0,7,1,7,1,8,0,8,1,8,0,8,1,8,1,8,1,9,1,0,0,9,0,9,0,9,0,9,0,8,0,9,-1,9,0,9,0,9,0,9,0,9,0,8,0,8,0,8,0,9,0,8,0,8,0,8,0,8,0,7,1,7,1,7,0,7,1,6,1,6,2,6,2,0,0,0,0,0,0,0,0,0,0,0,0,0,0,10,-11,8,-10,7,-10,10,-11,8,-11,10,-18,7,-14,7,-19,7,-19,9,-21,11,-25,9,-23,7,-23,9,-25,6,-31,9,-27,8,-30,4,-36,11,-37,6,-38,12,-38,8,-35,4,-45,5,-39,6,-39,9,-42,9,-45,4,-44,9,-46,11,-40,7,-45,8,-48,5,-39,4,-45,5,-50,8,-47,4,-49,7,-48,5,-45,2,-43,5,-46,4,-45,3,-50,3,-45,8,-46,5,-40,3,-40,5,-46,10,-38,3,-38,8,-35,6,-42,7,-37,14,-36,10,-31,15,-30,10,-32,0,0,0,0,0,0,0,0,0,0,0,0,0,0,0,0,0,0,0,0,0,0,38,-84,42,-77,47,-76,58,-74,60,-69,61,-62,66,-63,71,-62,81,-63,75,-55,78,-49,84,-46,80,-48,80,-39,81,-31,77,-28,76,-30,77,-19,76,-23,73,-17,65,-8,68,-12,61,-8,57,-8,55,-7,49,0,42,6,45,-1,39,1,36,3,30,3,32,2,22,4,21,4,13,3,12,3,6,2,12,0,12,-2,7,-2,6,0,6,-3,10,0,6,-2,7,-7,0,5,6,-4,0,-3,2,0,3,-2,4,0,1,3,3,3,7,-1,4,3,2,5,3,5,0,0]"
CSI_DATA,127,2a:00:00:00:00:00,-50,11,1,0,1,1,1,0,0,0,1,-96,0,11,2,1954675,0,44,0,384,0,"[0,0,0,0,0,0,0,0,0,0,0,0,-3,-3,-3,-3,-4,-3,-3,-3,-4,-3,-5,-3,-5,-2,-5,-3,-5,-3,-6,-3,-6,-3,-6,-3,-7,-3,-7,-3,-7,-3,-8,-3,-8,-3,-9,-3,-8,-3,-8,-3,-9,-3,-9,-2,-9,-3,-9,-3,-9,-3,-9,-3,0,0,-9,-2,-10,-3,-9,-2,-10,-2,-9,-3,-10,-2,-9,-1,-9,-2,-9,-2,-10,-2,-10,-2,-9,-3,-8,-2,-8,-2,-9,-3,-9,-2,-8,-3,-8,-3,-9,-3,-8,-3,-7,-3,-6,-3,-6,-3,-6,-3,-6,-4,-6,-4,0,0,0,0,0,0,0,0,0,0,0,0,0,0,-5,-8,-3,-7,-6,-7,-7,-7,-10,-4,-8,-6,-11,-5,-8,-7,-11,-5,-13,-4,-14,-4,-15,-2,-16,-4,-16,-4,-19,-6,-16,-3,-19,-3,-16,-2,-19,-3,-19,-2,-23,-2,-22,-5,-24,-2,-22,-3,-22,-4,-25,-1,-24,-3,-24,1,-24,-1,-27,-1,-25,2,-25,-3,-25,1,-26,-1,-24,0,-24,-1,-25,1,-23,0,-26,-2,-24,0,-26,0,-27,1,-24,1,-25,1,-23,-1,-24,0,-24,-2,-21,-3,-23,-2,-21,-3,-19,-3,-23,-6,-19,-3,-20,-4,-19,-5,-19,-8,-17,-7,0,0,0,0,0,0,0,0,0,0,0,0,0,0,0,0,0,0,0,0,0,0,-43,2,-44,-3,-44,-5,-44,-7,-44,-11,-42,-14,-39,-17,-41,-20,-40,-24,-37,-26,-38,-27,-36,-27,-35,-28,-34,-26,-28,-30,-26,-29,-27,-30,-19,-30,-21,-31,-17,-30,-15,-28,-11,-27,-12,-26,-11,-24,-8,-24,-6,-22,-5,-21,-4,-25,-1,-15,-2,-16,-2,-14,-1,-13,0,-10,-3,-9,0,-10,-1,-7,0,-8,1,-5,2,-3,1,-4,4,-4,3,-1,1,-4,1,-1,4,-2,5,-1,5,-4,3,0,3,-2,5,-1,5,-4,7,-1,4,-2,3,-1,6,0,8,-3,5,-3,0,0]"
CSI_DATA,128,2a:00:00:00:00:00,-49,11,1,0,1,1,1,0,0,0,1,-96,0,11,2,1964770,0,44,0,384,0,"[0,0,0,0,0,0,0,0,0,0,0,0,4,-1,4,-1,4,-2,3,-2,4,-2,4,-3,5,-3,5,-3,5,-3,5,-4,6,-4,5,-5,6,-5,6,-5,6,-5,6,-6,6,-6,7,-6,6,-6,6,-6,7,-7,7,-7,7,-7,7,-7,7,-7,7,-7,0,0,7,-7,8,-7,7,-8,7,-7,6,-7,7,-8,7,-7,7,-7,7,-6,7,-7,7,-7,6,-7,7,-7,6,-7,7,-5,7,-5,7,-6,6,-5,6,-4,7,-4,6,-4,6,-4,6,-4,6,-3,6,-2,5,-2,0,0,0,0,0,0,0,0,0,0,0,0,0,0,7,2,7,2,11,0,10,1,13,0,10,-2,9,-4,12,-3,10,-5,13,-4,11,-8,13,-9,14,-10,13,-8,15,-9,18,-11,13,-11,17,-13,14,-13,14,-14,15,-19,16,-17,16,-19,18,-20,18,-16,15,-17,17,-17,19,-18,19,-19,17,-18,18,-19,17,-21,15,-22,19,-19,19,-19,19,-20,19,-21,18,-21,18,-20,17,-20,16,-18,17,-18,18,-20,18,-20,18,-20,16,-18,18,-15,18,-16,16,-11,14,-13,15,-14,13,-12,17,-12,15,-9,15,-9,15,-8,13,-6,0,0,0,0,0,0,0,0,0,0,0,0,0,0,0,0,0,0,0,0,0,0,20,-38,25,-36,26,-34,30,-35,31,-32,31,-31,36,-28,36,-22,37,-25,37,-18,39,-18,41,-16,40,-15,40,-11,37,-7,37,-6,36,-5,35,-3,34,-2,31,-1,30,4,28,4,27,4,24,7,21,7,21,6,16,7,16,8,11,9,9,7,9,8,7,9,8,6,3,8,3,6,0,6,1,8,-1,5,-2,5,-3,6,-4,4,-4,3,-4,3,-3,5,-5,5,-7,5,-7,4,-5,8,-3,6,-7,8,-5,6,-6,8,-8,7,-7,8,-8,9,-6,7,-6,7,0,0]"
CSI_DATA,129,2a:00:00:00:00:00,-48,11,1,0,1,1,1,0,0,0,1,-96,0,11,2,1975117,0,44,0,384,0,"[0,0,0,0,0,0,0,0,0,0,0,0,4,-1,4,-1,4,-2,4,-2,4,-3,4,-3,4,-4,4,-4,4,-4,4,-5,4,-5,4,-6,4,-6,4,-6,4,-6,5,-7,4,-7,5,-8,4,-8,5,-8,5,-8,5,-8,5,-8,5,-9,5,-9,5,-9,0,0,5,-9,6,-9,5,-9,6,-9,5,-9,6,-9,6,-9,6,-9,6,-8,6,-9,6,-8,6,-8,6,-8,6,-7,6,-7,5,-7,6,-7,5,-6,6,-6,5,-6,6,-5,6,-5,6,-5,6,-4,5,-4,5,-3,0,0,0,0,0,0,0,0,0,0,0,0,0,0,13,-27,16,-31,8,-27,2,-21,3,-22,0,-27,1,-27,1,-29,-2,-33,-4,-31,-7,-24,-10,-31,-15,-32,-9,-32,-17,-33,-17,-35,-19,-40,-15,-39,-20,-37,-26,-39,-31,-33,-28,-42,-28,-38,-30,-37,-25,-40,-33,-41,-36,-42,-31,-42,-26,-42,-34,-49,-33,-43,-36,-48,-25,-43,-31,-43,-37,-42,-36,-42,-34,-40,-35,-46,-31,-44,-29,-47,-31,-47,-27,-44,-25,-45,-29,-44,-27,-35,-23,-45,-21,-43,-23,-41,-16,-38,-20,-42,-15,-39,-15,-41,-12,-32,-17,-36,-14,-35,-10,-36,-1,-32,0,0,0,0,0,0,0,0,0,0,0,0,0,0,0,0,0,0,0,0,0,0,-85,20,-86,9,-95,2,-92,-2,-93,-13,-84,-20,-85,-22,-79,-29,-89,-32,-84,-42,-76,-44,-73,-48,-68,-50,-58,-53,-59,-52,-51,-60,-45,-52,-43,-60,-34,-55,-33,-51,-24,-52,-26,-49,-17,-44,-7,-41,-5,-42,-5,-36,2,-29,4,-29,5,-23,7,-17,6,-22,8,-6,8,-10,15,-4,11,-3,16,1,11,7,21,7,15,9,18,10,12,18,20,11,13,11,11,16,15,14,22,17,12,15,16,15,20,15,20,20,20,16,21,17,24,17,24,16,28,22,22,22,21,14,0,0]"
CSI_DATA,130,2a:00:00:00:00:00,-49,11,1,0,1,1,1,0,0,0,1,-96,0,11,2,1984692,0,44,0,384,0,"[0,0,0,0,0,0,0,0,0,0,0,0,-6,-4,-6,-3,-6,-3,-6,-3,-6,-2,-6,-2,-7,-2,-7,-1,-7,-1,-7,0,-8,0,-8,1,-8,1,-8,1,-8,1,-9,2,-9,2,-9,2,-9,2,-10,2,-10,2,-10,2,-10,2,-10,3,-11,3,-11,3,0,0,-11,2,-11,3,-11,3,-11,2,-11,2,-11,2,-11,2,-11,2,-11,1,-11,1,-11,1,-11,1,-11,1,-10,1,-10,0,-10,0,-10,0,-9,0,-9,-1,-9,-1,-9,-1,-9,-2,-9,-2,-8,-2,-7,-2,-7,-2,0,0,0,0,0,0,0,0,0,0,0,0,0,0,-36,13,-35,6,-31,11,-26,12,-31,17,-29,15,-26,23,-20,19,-25,21,-20,22,-16,26,-17,29,-14,32,-11,32,-8,34,-10,39,-14,39,-10,40,-7,37,-10,38,-4,38,-10,39,-12,44,-7,45,-7,45,-6,57,-11,43,-11,51,-10,52,-7,54,-9,52,-10,55,-14,50,-13,55,-9,55,-16,52,-16,52,-10,49,-14,55,-10,56,-9,47,-14,51,-18,49,-20,48,-21,42,-21,46,-21,44,-20,39,-22,38,-24,36,-25,37,-21,32,-20,33,-19,29,-20,27,-28,28,-26,25,0,0,0,0,0,0,0,0,0,0,0,0,0,0,0,0,0,0,0,0,0,0,82,-33,84,-18,86,-14,87,-4,89,-4,83,7,85,8,85,15,84,26,83,24,75,35,71,44,67,39,61,43,55,44,43,43,46,47,37,48,34,44,29,42,19,37,20,41,14,38,8,32,-3,28,4,21,-2,21,-5,11,-8,9,-9,6,-10,-2,-9,-5,-8,-11,-7,-12,-12,-19,-7,-20,-4,-23,-8,-22,-13,-28,-11,-31,-9,-34,-4,-32,-7,-32,-5,-34,-13,-32,-2,-46,-2,-37,-8,-38,-11,-41,-10,-36,-9,-34,-9,-43,-5,-38,-9,-37,-10,-40,-9,-36,-11,-38,0,0]"
CSI_DATA,131,2a:00:00:00:00:00,-50,11,1,0,1,1,1,0,0,0,1,-96,0,11,2,2015404,0,44,0,384,0,"[0,0,0,0,0,0,0,0,0,0,0,0,-3,2,-2,2,-2,3,-2,3,-1,4,-1,4,-1,5,-1,5,-1,6,0,6,0,7,0,7,1,7,1,8,1,8,2,9,2,8,2,9,2,9,2,10,2,10,2,10,2,10,3,11,2,11,2,11,0,0,2,11,2,12,2,11,2,11,2,11,2,11,2,11,2,11,2,11,2,11,2,11,1,11,0,10,1,10,1,10,1,9,0,10,0,9,0,9,0,8,0,8,-1,8,-1,8,-1,7,-1,7,-1,7,0,0,0,0,0,0,0,0,0,0,0,0,0,0,-5,15,1,23,5,14,8,18,14,16,13,4,14,15,14,3,22,3,23,4,24,9,23,10,35,12,34,10,33,8,37,9,45,3,40,5,40,11,39,11,49,7,49,5,47,4,53,7,51,5,57,4,52,10,56,-1,57,5,58,2,55,10,64,4,57,4,59,6,58,4,54,4,57,6,56,5,60,4,55,11,54,7,51,8,53,12,52,2,56,6,51,14,48,17,43,6,43,15,40,8,42,10,36,10,38,7,40,10,38,8,37,14,32,14,0,0,0,0,0,0,0,0,0,0,0,0,0,0,0,0,0,0,0,0,0,0,69,-33,80,-25,82,-17,88,-11,88,-10,86,-1,82,3,82,11,88,16,84,18,77,26,76,26,74,30,71,39,64,38,57,41,62,44,51,49,45,45,41,42,39,46,27,45,27,40,21,41,19,40,18,38,9,30,5,30,1,30,-3,24,-8,26,-5,12,-13,14,-11,9,-13,3,-16,3,-17,6,-20,0,-19,-7,-20,-1,-21,-9,-22,-6,-18,-5,-22,-11,-21,-8,-22,-5,-21,-8,-22,-8,-20,-8,-19,-4,-18,-9,-26,-12,-22,-7,-24,-6,-20,-2,-31,-4,-24,-6,0,0]"
CSI_DATA,132,2a:00:00:00:00:00,-51,11,1,0,1,1,1,0,0,0,1,-96,0,11,2,2024630,0,44,0,384,0,"[0,0,0,0,0,0,0,0,0,0,0,0,-2,-3,-2,-3,-3,-3,-3,-3,-3,-3,-4,-4,-4,-4,-4,-4,-4,-4,-5,-4,-5,-5,-5,-5,-6,-5,-6,-5,-6,-5,-7,-5,-7,-6,-7,-6,-7,-6,-7,-6,-7,-7,-7,-6,-7,-6,-8,-6,-8,-7,-8,-6,0,0,-8,-7,-8,-7,-8,-7,-8,-6,-7,-7,-7,-7,-7,-7,-7,-7,-7,-6,-8,-6,-8,-6,-7,-6,-6,-6,-6,-6,-6,-6,-6,-6,-6,-6,-6,-5,-6,-6,-5,-5,-5,-5,-5,-5,-5,-5,-5,-5,-5,-5,-4,-5,0,0,0,0,0,0,0,0,0,0,0,0,0,0,-2,1,-6,1,-4,2,-3,3,-10,4,-6,3,-7,4,-10,9,-14,6,-11,7,-9,8,-11,7,-13,7,-14,8,-14,10,-18,8,-16,9,-15,10,-20,13,-16,10,-20,12,-20,12,-17,14,-20,15,-21,12,-21,14,-20,10,-21,15,-20,11,-20,14,-20,13,-19,14,-18,16,-18,18,-18,15,-19,12,-18,14,-20,14,-21,13,-20,10,-20,12,-19,11,-19,13,-18,12,-17,11,-17,10,-19,9,-18,12,-18,8,-17,9,-16,8,-14,9,-14,9,-15,11,-13,9,-12,5,-15,7,0,0,0,0,0,0,0,0,0,0,0,0,0,0,0,0,0,0,0,0,0,0,-37,20,-40,16,-43,12,-45,10,-43,7,-43,3,-43,1,-48,-3,-46,-4,-45,-5,-45,-9,-44,-11,-45,-11,-43,-13,-41,-19,-39,-17,-40,-19,-35,-20,-32,-19,-29,-23,-25,-27,-27,-22,-24,-27,-22,-26,-18,-22,-17,-24,-15,-22,-11,-23,-10,-19,-10,-18,-9,-16,-4,-17,-3,-15,-3,-14,-1,-12,0,-13,0,-13,2,-9,1,-9,1,-7,0,-7,0,-5,2,-4,2,-7,2,-7,1,4,-1,-2,1,-7,2,-3,1,-2,-2,-3,0,-7,2,-2,0,-4,3,-4,0,-5,1,-7,0,0]"
CSI_DATA,133,2a:00:00:00:00:00,-50,11,1,0,1,1,1,0,0,0,1,-96,0,11,2,2035125,0,44,0,384,0,"[0,0,0,0,0,0,0,0,0,0,0,0,3,-4,3,-4,3,-4,4,-5,4,-5,4,-5,4,-5,5,-5,5,-5,5,-5,5,-5,5,-6,5,-6,5,-6,5,-6,5,-6,6,-6,5,-6,5,-7,5,-6,6,-6,6,-7,6,-6,5,-7,6,-7,6,-7,0,0,6,-7,5,-7,5,-7,5,-7,5,-7,5,-7,5,-7,5,-7,5,-7,5,-7,5,-7,5,-7,4,-7,4,-7,5,-6,5,-6,4,-6,4,-5,4,-5,4,-5,4,-5,3,-5,3,-5,3,-5,3,-4,3,-4,0,0,0,0,0,0,0,0,0,0,0,0,0,0,-6,-21,-7,-19,-10,-27,-5,-24,-7,-28,-10,-28,-10,-27,-10,-27,-14,-33,-6,-30,-11,-35,-14,-33,-7,-32,-9,-34,-9,-42,-14,-28,-16,-44,-17,-40,-13,-40,-13,-40,-20,-43,-18,-39,-14,-36,-14,-39,-16,-39,-13,-46,-16,-38,-20,-42,-21,-46,-19,-40,-18,-37,-20,-41,-20,-42,-19,-41,-16,-36,-17,-41,-19,-37,-21,-44,-17,-43,-16,-37,-21,-40,-19,-37,-14,-37,-16,-42,-13,-38,-18,-35,-15,-30,-19,-31,-15,-34,-12,-28,-11,-31,-9,-32,-11,-27,-7,-28,-12,-22,-12,-25,-6,-30,0,0,0,0,0,0,0,0,0,0,0,0,0,0,0,0,0,0,0,0,0,0,58,-57,64,-49,61,-49,73,-46,71,-39,75,-38,81,-30,81,-25,93,-29,82,-20,86,-22,89,-12,85,-14,87,-8,86,2,84,2,86,6,83,11,79,8,75,24,72,19,77,15,70,24,64,20,60,20,63,23,54,24,49,27,41,21,37,22,37,18,34,21,35,19,27,20,30,19,24,15,23,13,17,6,21,15,22,4,18,10,16,9,19,4,18,3,17,5,9,-7,14,-3,20,2,16,-3,20,-1,15,-4,17,-6,23,-5,20,-3,25,-6,19,0,15,-1,0,0]"
CSI_DATA,134,2a:00:00:00:00:00,-49,11,1,0,1,1,1,0,0,0,1,-96,0,11,2,2045138,0,44,0,384,0,"[0,0,0,0,0,0,0,0,0,0,0,0,-4,5,-4,5,-4,5,-4,5,-4,5,-4,5,-4,5,-4,6,-5,6,-4,6,-5,6,-5,6,-5,6,-5,6,-5,6,-5,7,-5,7,-5,6,-4,6,-4,7,-5,6,-5,7,-5,6,-4,7,-4,7,-5,7,0,0,-4,7,-4,7,-4,7,-4,7,-4,7,-4,7,-4,7,-4,7,-4,7,-4,7,-5,7,-4,6,-4,6,-4,6,-4,6,-4,6,-4,6,-4,5,-4,5,-4,4,-4,4,-3,5,-3,4,-3,4,-4,4,-4,3,0,0,0,0,0,0,0,0,0,0,0,0,0,0,15,23,14,22,15,27,21,22,19,23,25,30,23,25,17,34,18,33,18,31,20,32,25,34,16,34,21,32,19,30,23,33,23,32,16,35,19,32,25,31,24,37,24,37,22,32,24,33,19,38,23,38,20,39,26,37,20,35,31,34,22,32,26,33,24,30,25,37,29,26,25,31,25,35,26,32,21,36,24,30,28,30,27,32,24,33,24,31,21,28,15,32,19,30,21,28,15,28,16,30,10,24,18,27,14,28,10,24,8,23,13,24,12,19,0,0,0,0,0,0,0,0,0,0,0,0,0,0,0,0,0,0,0,0,0,0,-55,48,-58,48,-61,44,-65,39,-69,38,-72,29,-74,30,-78,24,-82,28,-83,23,-82,12,-85,15,-88,7,-86,8,-84,4,-81,-3,-82,-4,-79,-6,-79,-5,-76,-19,-74,-17,-75,-17,-67,-20,-66,-24,-61,-29,-62,-18,-52,-24,-52,-22,-47,-26,-49,-24,-37,-23,-42,-25,-37,-17,-36,-18,-28,-19,-27,-13,-31,-15,-27,-11,-26,-6,-26,-6,-24,-4,-22,2,-23,2,-24,2,-22,3,-21,11,-25,6,-22,7,-25,11,-21,10,-23,11,-25,12,-25,15,-22,10,-33,9,-21,15,-28,14,0,0]"
CSI_DATA,135,2a:00:00:00:00:00,-50,11,1,0,1,1,1,0,0,0,1,-96,0,11,2,2054688,0,44,0,384,0,"[0,0,0,0,0,0,0,0,0,0,0,0,-3,-7,-3,-7,-4,-7,-4,-8,-4,-7,-4,-8,-3,-8,-4,-7,-4,-8,-4,-7,-4,-8,-4,-8,-4,-8,-4,-8,-4,-8,-4,-8,-4,-8,-4,-7,-5,-8,-5,-7,-4,-8,-4,-7,-4,-7,-5,-7,-4,-7,-4,-7,0,0,-5,-7,-4,-7,-5,-7,-5,-7,-5,-6,-5,-7,-5,-7,-6,-7,-4,-7,-4,-7,-4,-7,-4,-7,-4,-6,-4,-7,-3,-6,-3,-6,-4,-6,-3,-6,-3,-5,-3,-5,-3,-5,-3,-5,-3,-4,-3,-5,-2,-5,-2,-5,0,0,0,0,0,0,0,0,0,0,0,0,0,0,-8,-38,-15,-36,-13,-29,-21,-32,-16,-42,-17,-35,-15,-38,-19,-40,-14,-45,-12,-38,-19,-38,-21,-37,-19,-35,-16,-41,-21,-42,-19,-37,-19,-41,-21,-42,-20,-39,-22,-41,-20,-41,-16,-46,-20,-40,-23,-41,-19,-43,-18,-45,-20,-42,-33,-41,-23,-45,-24,-40,-27,-36,-23,-38,-23,-36,-25,-39,-24,-33,-25,-44,-27,-38,-24,-39,-29,-38,-28,-38,-25,-32,-21,-35,-23,-39,-23,-38,-22,-39,-21,-32,-22,-30,-17,-41,-15,-31,-16,-33,-15,-29,-12,-26,-11,-33,-14,-28,-8,-26,-12,-27,-11,-26,0,0,0,0,0,0,0,0,0,0,0,0,0,0,0,0,0,0,0,0,0,0,67,-18,71,-8,68,-2,77,1,69,7,72,6,76,11,80,16,79,17,77,22,80,29,79,30,78,30,77,36,73,40,70,41,68,46,63,42,59,46,58,47,61,51,57,48,50,49,49,48,43,45,45,46,39,46,36,41,30,38,33,41,28,36,24,39,28,26,17,24,27,23,21,21,25,20,18,16,17,15,17,9,24,9,23,5,23,10,22,2,18,4,26,0,22,0,23,-4,29,-7,23,-8,28,-2,25,-15,26,-7,25,-8,35,-12,28,-8,23,-16,0,0]"
CSI_DATA,136,2a:00:00:00:00:00,-48,11,1,0,1,1,1,0,0,0,1,-96,0,11,2,2064956,0,44,0,384,0,"[0,0,0,0,0,0,0,0,0,0,0,0,2,-8,2,-8,2,-9,3,-9,3,-9,3,-9,3,-9,3,-9,3,-10,3,-9,3,-10,3,-10,3,-10,3,-10,3,-10,2,-11,2,-11,2,-10,2,-10,2,-10,2,-10,2,-11,3,-10,2,-11,2,-11,2,-11,0,0,2,-11,1,-11,1,-11,1,-11,1,-10,1,-11,1,-11,1,-10,2,-10,2,-10,2,-10,2,-9,2,-9,2,-9,2,-9,2,-8,2,-9,2,-8,2,-7,2,-7,2,-7,2,-7,2,-7,2,-7,2,-6,2,-6,0,0,0,0,0,0,0,0,0,0,0,0,0,0,-34,-26,-33,-29,-40,-23,-38,-28,-35,-23,-39,-25,-38,-31,-46,-33,-38,-27,-43,-27,-47,-29,-41,-35,-49,-34,-46,-37,-40,-37,-47,-34,-46,-40,-47,-30,-43,-36,-50,-31,-48,-36,-44,-32,-48,-32,-49,-27,-41,-27,-45,-30,-51,-30,-47,-26,-50,-27,-48,-24,-46,-26,-51,-27,-51,-26,-48,-25,-51,-26,-48,-31,-46,-26,-43,-22,-50,-29,-44,-25,-49,-27,-41,-29,-46,-24,-39,-25,-32,-26,-38,-22,-41,-23,-37,-24,-33,-25,-39,-16,-27,-21,-31,-21,-29,-21,-23,-21,-25,-21,-22,-24,-16,-25,0,0,0,0,0,0,0,0,0,0,0,0,0,0,0,0,0,0,0,0,0,0,48,-45,51,-41,62,-36,60,-36,60,-27,65,-30,70,-26,68,-20,70,-22,72,-15,76,-9,76,-3,77,-8,78,1,75,6,76,5,77,3,74,12,72,9,74,16,65,19,66,17,64,18,60,25,53,30,51,22,51,24,48,22,45,24,41,18,35,17,36,19,30,21,31,17,25,14,26,8,25,8,29,6,26,14,27,3,22,3,23,-3,21,-2,22,-7,25,-10,17,-15,22,-12,19,-15,22,-15,27,-16,24,-17,24,-23,25,-21,23,-22,24,-31,25,-29,23,-30,0,0]"
CSI_DATA,137,2a:00:00:00:00:00,-47,11,1,0,1,1,1,0,0,0,1,-96,0,11,2,2075616,0,44,0,384,0,"[0,0,0,0,0,0,0,0,0,0,0,0,0,-10,0,-10,-1,-11,0,-11,0,-11,0,-11,-1,-11,-1,-11,-1,-12,-1,-12,-1,-12,-1,-12,-1,-12,-1,-12,-1,-12,-2,-13,-2,-12,-2,-13,-2,-12,-2,-12,-2,-12,-2,-12,-2,-13,-2,-13,-2,-13,-2,-12,0,0,-2,-13,-3,-13,-3,-12,-2,-13,-2,-12,-3,-12,-2,-12,-2,-12,-1,-12,-1,-12,-1,-11,-1,-11,-1,-11,-1,-10,0,-10,0,-9,0,-10,0,-8,0,-8,0,-8,0,-8,0,-8,0,-8,0,-7,1,-7,1,-6,0,0,0,0,0,0,0,0,0,0,0,0,0,0,-42,-26,-44,-22,-45,-18,-52,-20,-48,-20,-50,-17,-49,-20,-55,-27,-50,-22,-58,-22,-57,-20,-50,-26,-56,-20,-59,-19,-60,-23,-59,-19,-60,-19,-56,-21,-66,-18,-59,-20,-63,-18,-57,-17,-66,-16,-62,-16,-59,-16,-61,-16,-57,-16,-62,-14,-59,-9,-62,-17,-60,-14,-65,-12,-58,-13,-67,-9,-58,-9,-65,-17,-59,-12,-59,-15,-60,-21,-60,-18,-54,-14,-55,-20,-52,-22,-49,-20,-49,-17,-43,-19,-49,-15,-41,-13,-39,-18,-34,-10,-39,-18,-34,-17,-31,-11,-35,-15,-30,-19,-27,-14,-30,-17,0,0,0,0,0,0,0,0,0,0,0,0,0,0,0,0,0,0,0,0,0,0,12,-47,19,-53,20,-48,26,-53,29,-44,35,-47,38,-43,41,-46,49,-45,41,-37,51,-37,50,-31,54,-32,52,-29,59,-25,51,-25,63,-27,55,-23,59,-21,58,-14,62,-12,56,-9,56,-6,57,-1,56,5,52,2,47,5,47,0,47,3,45,3,36,1,40,3,34,4,36,3,34,-4,32,-3,28,-3,30,1,28,-3,27,-5,30,-12,27,-12,29,-12,23,-14,18,-10,24,-24,21,-21,20,-21,23,-27,26,-26,24,-26,21,-29,25,-34,15,-30,23,-33,18,-36,20,-36,0,0]"
CSI_DATA,138,2a:00:00:00:00:00,-46,11,1,0,1,1,1,0,0,0,1,-96,0,11,2,2104689,0,44,0,384,0,"[0,0,0,0,0,0,0,0,0,0,0,0,-11,2,-11,3,-11,3,-11,2,-10,3,-11,3,-11,3,-11,2,-11,3,-10,3,-11,3,-11,4,-10,3,-10,3,-10,3,-10,4,-10,4,-10,3,-10,3,-10,3,-9,3,-9,3,-9,3,-9,4,-9,3,-9,3,0,0,-9,3,-9,3,-9,3,-8,3,-8,2,-9,3,-8,2,-8,2,-8,2,-8,2,-7,1,-7,1,-7,1,-6,1,-7,0,-6,1,-6,0,-6,0,-6,0,-5,0,-5,0,-4,0,-5,0,-4,0,-5,-1,-4,-1,0,0,0,0,0,0,0,0,0,0,0,0,0,0,-59,12,-56,15,-58,20,-56,15,-57,16,-59,15,-55,16,-63,18,-52,19,-62,22,-59,17,-54,24,-55,22,-48,24,-53,21,-56,23,-57,27,-52,23,-60,28,-53,23,-57,24,-46,21,-51,30,-56,23,-50,22,-49,22,-47,21,-48,26,-46,22,-47,23,-52,24,-52,25,-39,20,-46,26,-44,20,-46,19,-42,19,-44,22,-39,17,-40,12,-38,16,-40,13,-41,12,-38,12,-35,8,-31,7,-34,5,-33,8,-31,0,-30,3,-27,2,-27,1,-28,4,-25,1,-24,1,-23,-2,-23,-1,0,0,0,0,0,0,0,0,0,0,0,0,0,0,0,0,0,0,0,0,0,0,-39,-20,-40,-25,-35,-26,-38,-35,-32,-30,-32,-42,-25,-40,-29,-41,-27,-46,-25,-47,-22,-49,-21,-49,-16,-57,-14,-59,-11,-62,-4,-54,-7,-62,1,-54,-5,-62,8,-60,5,-60,10,-60,12,-55,13,-55,15,-60,11,-58,13,-56,19,-58,17,-47,18,-51,16,-42,21,-50,13,-47,16,-47,14,-46,14,-47,10,-41,9,-43,10,-43,6,-47,3,-48,1,-41,3,-47,0,-40,3,-46,1,-42,-2,-50,-6,-48,-8,-52,-6,-47,-7,-51,-6,-51,-14,-59,-6,-51,-10,-55,-14,-60,-15,-55,0,0]"
CSI_DATA,139,2a:00:00:00:00:00,-48,11,1,0,1,1,1,0,0,0,1,-96,0,11,2,2119015,0,44,0,384,0,"[0,0,0,0,0,0,0,0,0,0,0,0,-10,4,-10,4,-10,5,-11,4,-10,5,-10,5,-10,5,-10,5,-10,5,-9,5,-10,6,-9,5,-9,5,-9,5,-9,5,-10,6,-10,6,-9,5,-9,5,-9,5,-9,5,-9,5,-9,5,-9,5,-9,5,-9,5,0,0,-9,5,-9,4,-9,4,-8,4,-8,3,-8,3,-8,3,-8,3,-8,3,-7,3,-8,2,-7,2,-6,2,-6,2,-6,1,-6,1,-6,1,-6,1,-5,1,-5,0,-5,0,-4,1,-4,0,-4,0,-5,0,-4,0,0,0,0,0,0,0,0,0,0,0,0,0,0,0,-54,2,-52,2,-52,7,-53,5,-61,11,-58,5,-60,12,-57,7,-55,12,-58,12,-56,4,-54,6,-62,4,-53,7,-57,12,-58,14,-60,13,-58,15,-57,12,-53,10,-56,17,-54,12,-53,19,-54,13,-50,15,-55,11,-52,13,-52,15,-53,13,-55,17,-51,12,-55,9,-51,9,-45,10,-45,7,-48,9,-43,6,-48,7,-40,8,-45,2,-42,3,-40,2,-41,6,-40,1,-33,4,-35,4,-33,-2,-30,1,-29,-3,-28,-5,-24,-4,-24,-4,-23,1,-22,-3,-21,-1,-18,-6,-19,-3,0,0,0,0,0,0,0,0,0,0,0,0,0,0,0,0,0,0,0,0,0,0,-35,-24,-35,-33,-35,-33,-31,-40,-28,-41,-28,-45,-22,-46,-20,-48,-19,-54,-14,-53,-12,-54,-11,-59,-7,-63,-4,-66,1,-62,8,-60,5,-59,11,-60,5,-63,19,-57,17,-55,22,-61,25,-56,26,-57,26,-58,28,-57,29,-56,34,-53,30,-47,27,-46,34,-42,33,-43,29,-40,28,-40,29,-37,27,-41,21,-42,24,-39,18,-40,21,-37,19,-35,16,-38,16,-43,11,-41,10,-43,16,-38,11,-42,6,-44,5,-48,2,-48,3,-46,2,-52,7,-51,2,-52,0,-48,0,-52,1,-48,0,0]"
CSI_DATA,140,2a:00:00:00:00:00,-48,11,1,0,1,1,1,0,0,0,1,-96,0,11,2,2124632,0,44,0,384,0,"[0,0,0,0,0,0,0,0,0,0,0,0,-6,-9,-5,-9,-6,-10,-6,-9,-6,-10,-5,-10,-6,-9,-7,-9,-6,-9,-7,-10,-6,-9,-7,-9,-7,-9,-7,-9,-7,-9,-7,-9,-7,-9,-7,-9,-7,-8,-7,-9,-6,-9,-7,-8,-6,-8,-8,-8,-7,-9,-6,-8,0,0,-7,-8,-7,-8,-7,-8,-6,-8,-5,-8,-6,-8,-6,-8,-5,-8,-5,-7,-4,-7,-4,-6,-4,-7,-4,-6,-3,-6,-3,-6,-3,-5,-3,-6,-3,-5,-2,-5,-2,-4,-2,-4,-2,-5,-2,-4,-2,-4,-2,-4,-2,-3,0,0,0,0,0,0,0,0,0,0,0,0,0,0,-19,-51,-22,-47,-24,-48,-28,-48,-30,-45,-29,-48,-28,-48,-30,-52,-28,-43,-31,-48,-26,-45,-30,-51,-34,-48,-33,-45,-31,-47,-38,-45,-37,-45,-37,-46,-30,-45,-40,-44,-36,-46,-33,-47,-35,-41,-36,-42,-34,-42,-35,-49,-37,-46,-37,-43,-36,-44,-37,-39,-35,-41,-34,-43,-26,-42,-31,-43,-30,-42,-27,-43,-24,-36,-25,-40,-26,-41,-21,-40,-25,-38,-23,-37,-19,-36,-17,-34,-19,-34,-15,-31,-13,-27,-14,-29,-12,-28,-12,-30,-10,-20,-8,-24,-11,-25,-6,-23,-9,-20,-9,-21,-6,-19,0,0,0,0,0,0,0,0,0,0,0,0,0,0,0,0,0,0,0,0,0,0,17,-47,26,-43,24,-42,30,-43,34,-41,37,-37,38,-32,45,-39,48,-37,47,-33,53,-28,55,-27,61,-30,58,-23,58,-18,58,-13,64,-13,64,-9,64,-12,61,-2,63,-1,70,-2,63,6,63,8,62,11,64,8,61,9,63,15,57,17,56,18,48,16,55,12,49,15,49,13,54,17,47,11,43,12,43,7,47,9,46,7,46,7,39,4,42,1,41,-3,37,-7,41,-2,37,-11,41,-9,43,-5,44,-4,38,-8,44,-14,45,-9,41,-14,47,-17,49,-18,44,-17,0,0]"
CSI_DATA,141,2a:00:00:00:00:00,-49,11,1,0,1,1,1,0,0,0,1,-96,0,11,2,2134728,0,44,0,384,0,"[0,0,0,0,0,0,0,0,0,0,0,0,9,-4,8,-3,8,-4,8,-3,8,-4,8,-4,8,-4,8,-4,8,-4,8,-4,8,-5,8,-5,8,-4,8,-4,7,-4,8,-5,8,-5,8,-6,8,-5,8,-5,7,-5,7,-5,7,-4,7,-5,7,-4,8,-5,0,0,7,-5,7,-4,7,-4,7,-5,6,-4,7,-4,7,-4,7,-3,7,-3,7,-4,7,-3,5,-2,5,-3,5,-3,5,-3,5,-2,5,-2,4,-2,4,-2,4,-2,4,-1,3,-1,3,-1,3,-1,3,-1,3,-1,0,0,0,0,0,0,0,0,0,0,0,0,0,0,51,-8,44,-13,44,-12,47,-16,45,-14,51,-16,44,-16,48,-15,47,-20,47,-15,47,-18,49,-23,49,-21,48,-16,45,-20,46,-26,48,-19,46,-24,48,-24,45,-22,47,-29,45,-26,46,-28,43,-24,44,-19,48,-22,43,-20,46,-23,43,-25,43,-24,39,-23,47,-19,44,-18,42,-23,42,-20,44,-15,39,-19,40,-14,37,-18,39,-15,38,-12,39,-14,38,-12,33,-11,30,-9,29,-5,32,-6,26,-8,26,-5,29,-4,24,-5,26,-1,20,-3,21,-3,24,-7,19,2,22,0,0,0,0,0,0,0,0,0,0,0,0,0,0,0,0,0,0,0,0,0,0,0,43,31,38,40,33,41,32,48,34,47,26,48,20,53,21,57,18,61,15,59,10,68,6,66,9,69,3,70,-1,73,-8,65,-4,75,-5,67,-8,71,-18,67,-19,67,-21,74,-20,66,-27,62,-24,66,-25,57,-31,56,-27,59,-25,51,-28,52,-29,52,-31,54,-28,46,-30,48,-28,47,-23,41,-23,40,-19,44,-18,44,-17,41,-19,42,-9,40,-6,48,-9,42,-10,40,-6,37,-5,38,-8,50,-2,40,1,43,1,44,0,49,5,45,4,40,0,50,5,44,8,41,0,0]"
CSI_DATA,142,2a:00:00:00:00:00,-49,11,1,0,1,1,1,0,0,0,1,-96,0,11,2,2155202,0,44,0,384,0,"[0,0,0,0,0,0,0,0,0,0,0,0,6,1,6,1,6,1,6,1,6,1,6,1,6,1,6,0,6,0,6,0,6,0,6,0,6,0,6,0,6,0,7,0,7,-1,6,0,7,0,6,0,7,0,7,0,7,-1,7,-1,7,0,7,-1,0,0,7,-1,7,0,7,0,7,0,6,0,6,0,6,0,6,0,6,0,6,0,6,0,5,1,5,1,5,1,5,1,5,0,4,1,4,0,4,0,4,0,4,1,3,1,3,1,3,1,3,1,3,1,0,0,0,0,0,0,0,0,0,0,0,0,0,0,32,-35,31,-32,24,-34,24,-33,25,-30,23,-30,23,-35,26,-37,22,-33,23,-32,24,-35,23,-32,21,-37,18,-32,19,-33,23,-35,19,-37,17,-35,18,-37,21,-34,18,-39,20,-31,14,-35,18,-40,20,-33,16,-38,16,-38,20,-37,20,-36,19,-37,21,-36,20,-37,16,-33,16,-36,24,-37,20,-34,17,-36,17,-33,20,-29,24,-29,20,-28,23,-26,20,-26,18,-28,17,-24,17,-26,19,-23,17,-21,17,-20,15,-16,15,-13,13,-16,14,-15,12,-17,17,-17,13,-13,16,-12,0,0,0,0,0,0,0,0,0,0,0,0,0,0,0,0,0,0,0,0,0,0,47,32,47,40,47,43,42,46,39,48,37,50,37,55,36,60,34,62,30,63,30,69,28,72,30,75,27,73,25,76,22,74,23,78,16,75,17,76,16,77,11,80,11,79,8,82,5,79,-2,79,9,79,-3,73,-1,75,-1,72,2,70,4,62,4,67,1,59,-1,60,0,58,4,55,3,53,6,47,11,49,7,45,8,46,15,43,15,39,19,37,23,36,20,33,17,36,26,30,26,37,26,36,24,34,25,34,29,30,20,30,30,33,30,32,32,32,0,0]"
CSI_DATA,143,2a:00:00:00:00:00,-49,11,1,0,1,1,1,0,0,0,1,-96,0,11,2,2164808,0,44,0,384,0,"[0,0,0,0,0,0,0,0,0,0,0,0,-7,-2,-7,-1,-7,-1,-7,-1,-7,-1,-7,-1,-7,-1,-7,-1,-7,-1,-7,-1,-7,-1,-7,-1,-7,-1,-7,-1,-8,-1,-8,0,-8,0,-7,0,-8,0,-7,-1,-8,-1,-8,-1,-8,-1,-8,0,-8,-1,-8,0,0,0,-8,0,-8,-1,-8,-1,-8,-1,-8,-1,-8,-1,-8,-1,-8,-1,-8,-1,-8,-1,-8,-1,-7,-2,-7,-2,-7,-2,-7,-2,-6,-2,-6,-2,-6,-2,-6,-2,-5,-2,-5,-2,-5,-2,-5,-2,-4,-2,-5,-2,-4,-2,0,0,0,0,0,0,0,0,0,0,0,0,0,0,-23,27,-25,25,-20,27,-25,21,-25,34,-26,27,-19,30,-21,29,-22,28,-18,23,-24,27,-21,27,-22,24,-20,28,-20,27,-20,30,-15,30,-18,34,-17,31,-17,34,-18,32,-15,29,-13,33,-16,30,-17,30,-18,31,-21,23,-16,34,-17,32,-20,33,-20,29,-24,36,-24,31,-17,33,-20,27,-20,29,-17,30,-19,34,-16,30,-25,30,-16,29,-19,30,-22,34,-20,26,-18,24,-16,20,-15,20,-15,22,-18,16,-17,19,-17,17,-18,17,-14,21,-15,17,-15,19,-14,14,-16,15,0,0,0,0,0,0,0,0,0,0,0,0,0,0,0,0,0,0,0,0,0,0,-40,-40,-38,-48,-35,-49,-34,-57,-31,-57,-27,-61,-26,-60,-27,-66,-31,-73,-23,-68,-24,-77,-21,-74,-25,-81,-26,-80,-16,-77,-11,-80,-13,-86,-13,-81,-12,-76,-10,-75,-11,-78,-9,-81,-9,-77,-5,-82,-5,-76,-1,-78,-4,-75,-4,-70,-2,-69,-4,-66,1,-62,-3,-62,-4,-57,-4,-55,-2,-57,-2,-51,-9,-47,-12,-50,-12,-47,-17,-46,-18,-45,-18,-40,-14,-46,-20,-39,-20,-33,-26,-41,-24,-35,-20,-36,-28,-32,-24,-37,-23,-35,-26,-33,-27,-35,-18,-36,-30,-29,-28,-36,-28,-29,0,0]"
CSI_DATA,144,2a:00:00:00:00:00,-50,11,1,0,1,1,1,0,0,0,1,-96,0,11,2,2174695,0,44,0,384,0,"[0,0,0,0,0,0,0,0,0,0,0,0,-3,4,-3,5,-2,4,-3,5,-2,4,-3,4,-3,4,-3,4,-3,4,-2,4,-2,4,-2,5,-2,5,-2,5,-2,5,-2,5,-2,5,-2,5,-2,5,-2,5,-2,5,-2,6,-3,6,-2,6,-2,6,-3,6,0,0,-3,6,-2,6,-2,6,-3,6,-2,6,-2,6,-2,6,-2,6,-3,6,-3,6,-3,6,-2,6,-2,5,-2,5,-3,5,-3,5,-2,5,-3,4,-3,4,-3,4,-2,4,-2,4,-2,4,-2,4,-2,3,-2,3,0,0,0,0,0,0,0,0,0,0,0,0,0,0,15,26,15,24,14,26,21,26,16,27,15,21,17,21,18,23,18,23,20,23,21,25,19,24,21,24,18,21,21,20,19,21,20,19,23,20,18,23,25,18,25,18,25,21,23,23,19,25,21,25,26,22,20,23,22,18,22,26,23,27,23,23,29,27,26,24,23,27,23,23,22,27,23,23,21,26,18,27,24,25,23,23,20,26,21,27,19,23,23,26,19,21,20,19,17,21,16,16,18,19,18,22,16,15,14,15,14,15,7,18,15,16,13,17,0,0,0,0,0,0,0,0,0,0,0,0,0,0,0,0,0,0,0,0,0,0,-62,7,-68,2,-60,2,-71,-7,-70,-11,-70,-11,-70,-14,-73,-17,-84,-17,-77,-17,-79,-23,-80,-24,-84,-24,-80,-26,-81,-30,-81,-29,-81,-31,-80,-31,-81,-27,-79,-35,-79,-33,-80,-32,-78,-31,-75,-32,-76,-34,-72,-32,-70,-26,-71,-31,-68,-26,-66,-24,-61,-23,-61,-20,-57,-21,-58,-17,-57,-14,-50,-14,-48,-8,-48,-6,-48,-7,-45,1,-48,0,-45,2,-44,8,-44,7,-45,10,-40,20,-41,12,-38,11,-39,16,-39,12,-35,12,-39,17,-39,16,-32,15,-36,15,-33,18,-34,15,0,0]"
CSI_DATA,145,2a:00:00:00:00:00,-50,11,1,0,1,1,1,0,0,0,1,-96,0,11,2,2204882,0,44,0,384,0,"[0,0,0,0,0,0,0,0,0,0,0,0,1,2,1,2,1,3,1,3,1,3,0,3,1,2,1,2,1,3,1,3,1,3,1,3,1,3,2,3,1,4,2,4,2,4,2,4,2,5,2,4,2,4,2,5,2,5,2,5,3,6,2,6,0,0,3,6,3,6,4,6,3,6,3,5,3,6,3,6,4,6,3,6,3,6,2,5,3,6,3,5,3,5,2,5,2,4,3,5,2,4,2,4,2,3,2,4,2,4,3,4,2,3,2,3,2,3,0,0,0,0,0,0,0,0,0,0,0,0,0,0,4,17,5,18,5,19,3,18,5,22,4,16,4,17,0,21,6,15,9,14,2,19,-1,18,4,18,4,21,-1,23,4,18,2,22,7,22,10,26,5,20,3,26,6,25,10,27,7,31,3,30,6,30,6,29,10,35,7,35,7,37,7,30,8,39,10,37,12,38,7,36,11,40,11,40,11,36,9,38,2,30,10,42,7,34,10,41,8,36,10,40,8,32,12,34,7,34,9,27,8,29,11,26,6,18,7,31,8,29,8,26,9,22,5,24,0,0,0,0,0,0,0,0,0,0,0,0,0,0,0,0,0,0,0,0,0,0,-43,-60,-42,-65,-36,-61,-36,-69,-30,-70,-33,-69,-31,-72,-31,-76,-33,-79,-29,-76,-33,-81,-33,-81,-38,-84,-35,-83,-32,-90,-25,-82,-34,-84,-27,-80,-29,-81,-23,-86,-30,-79,-28,-85,-28,-71,-29,-74,-30,-77,-30,-72,-30,-67,-30,-67,-28,-60,-34,-56,-28,-54,-31,-52,-30,-51,-32,-50,-28,-39,-35,-38,-29,-29,-34,-30,-38,-33,-31,-29,-36,-18,-29,-12,-32,-17,-31,-13,-32,-14,-29,-12,-33,-9,-29,-6,-32,-2,-29,-6,-31,-5,-30,-2,-32,0,-25,0,-26,4,-23,-3,-22,3,0,0]"
CSI_DATA,146,2a:00:00:00:00:00,-49,11,1,0,1,1,1,0,0,0,1,-96,0,11,2,2216547,0,44,0,384,0,"[0,0,0,0,0,0,0,0,0,0,0,0,-2,-4,-2,-4,-3,-4,-2,-4,-3,-4,-2,-4,-3,-4,-2,-4,-2,-4,-3,-4,-2,-4,-3,-4,-3,-5,-3,-5,-3,-5,-4,-5,-3,-5,-4,-5,-4,-6,-4,-6,-4,-6,-4,-7,-4,-6,-4,-6,-4,-7,-4,-6,0,0,-4,-7,-5,-8,-5,-7,-4,-7,-4,-7,-5,-8,-5,-8,-5,-7,-4,-7,-4,-7,-4,-7,-4,-7,-4,-7,-4,-7,-3,-7,-3,-6,-4,-7,-3,-5,-3,-5,-3,-5,-3,-5,-3,-5,-3,-5,-3,-5,-3,-4,-2,-4,0,0,0,0,0,0,0,0,0,0,0,0,0,0,-7,-10,-8,-7,-9,-8,-8,-8,-8,-7,-8,-8,-7,-7,-7,-8,-8,-8,-8,-9,-10,-8,-6,-9,-8,-8,-7,-12,-7,-10,-7,-11,-8,-9,-9,-11,-11,-10,-9,-12,-11,-11,-10,-12,-11,-12,-12,-11,-14,-12,-15,-14,-13,-13,-14,-16,-14,-15,-13,-14,-14,-12,-16,-14,-15,-13,-18,-15,-16,-16,-17,-16,-19,-16,-17,-17,-17,-18,-14,-14,-15,-17,-15,-14,-15,-15,-16,-15,-13,-15,-14,-13,-14,-14,-15,-14,-12,-12,-12,-9,-13,-10,-11,-10,-11,-11,-12,-11,-10,-10,-11,-9,-10,-10,0,0,0,0,0,0,0,0,0,0,0,0,0,0,0,0,0,0,0,0,0,0,32,-8,34,-6,35,-8,36,-5,37,-3,39,-4,37,-3,38,2,40,0,39,3,42,3,40,3,42,4,43,3,39,6,43,3,41,4,42,4,41,6,42,2,41,6,41,3,38,5,40,9,37,7,34,5,34,4,34,4,33,1,31,0,28,0,30,0,29,-1,25,-1,27,-1,22,-3,21,-4,22,-6,20,-5,20,-8,17,-8,15,-10,17,-7,14,-9,13,-10,17,-12,14,-11,14,-11,10,-14,10,-13,10,-11,10,-8,10,-8,10,-8,10,-9,10,-9,8,-6,0,0]"
CSI_DATA,147,2a:00:00:00:00:00,-48,11,1,0,1,1,1,0,0,0,1,-96,0,11,2,2224714,0,44,0,384,0,"[0,0,0,0,0,0,0,0,0,0,0,0,-1,-5,-2,-4,-2,-5,-1,-5,-1,-5,-1,-5,-1,-5,-1,-5,-1,-5,-1,-5,-2,-5,-2,-5,-2,-6,-2,-6,-2,-6,-2,-6,-3,-7,-3,-6,-3,-7,-3,-7,-3,-7,-3,-7,-3,-7,-3,-8,-4,-8,-3,-8,0,0,-4,-8,-4,-8,-4,-9,-3,-8,-4,-8,-4,-8,-4,-9,-4,-9,-3,-8,-3,-8,-3,-8,-3,-8,-3,-8,-3,-8,-2,-7,-2,-7,-3,-7,-2,-6,-2,-6,-2,-6,-2,-6,-2,-6,-2,-5,-2,-5,-2,-5,-2,-5,0,0,0,0,0,0,0,0,0,0,0,0,0,0,5,-28,-4,-23,1,-24,2,-23,-6,-25,-1,-22,-2,-23,-2,-25,-3,-26,0,-30,-1,-23,-4,-25,-4,-27,-2,-23,-1,-23,-4,-32,0,-35,-3,-36,2,-37,-4,-32,-5,-41,-5,-37,-10,-44,-2,-37,-5,-41,-2,-42,-3,-37,-4,-45,-9,-45,-11,-41,-8,-47,-9,-46,-6,-45,-10,-51,-9,-45,-6,-53,-4,-46,-9,-50,-7,-49,-7,-44,-7,-45,-9,-44,-6,-46,-2,-46,-7,-47,-3,-40,-5,-40,-3,-41,-8,-39,-3,-33,-3,-35,-7,-29,-1,-33,-2,-28,-3,-31,-5,-28,-3,-30,0,0,0,0,0,0,0,0,0,0,0,0,0,0,0,0,0,0,0,0,0,0,63,14,69,21,59,24,66,30,63,21,70,34,67,37,67,33,69,39,64,37,68,39,72,41,73,39,71,42,75,42,64,47,73,53,63,42,72,45,59,51,60,47,64,47,55,46,62,45,57,41,61,40,51,37,56,38,45,33,49,34,42,27,50,29,46,26,44,28,41,21,41,20,35,12,41,11,39,7,38,10,38,7,32,3,39,1,37,-1,34,-2,29,2,31,-2,30,-6,34,-3,33,-6,30,-5,32,-5,30,-7,29,0,26,3,31,-3,28,-3,0,0]"
CSI_DATA,148,2a:00:00:00:00:00,-47,11,1,0,1,1,1,0,0,0,1,-96,0,11,2,2236049,0,44,0,384,0,"[0,0,0,0,0,0,0,0,0,0,0,0,4,-3,4,-2,5,-3,4,-2,4,-2,5,-2,5,-2,4,-2,5,-2,5,-2,5,-2,5,-2,5,-2,5,-2,5,-3,6,-3,6,-3,6,-3,6,-4,6,-3,7,-3,7,-4,7,-4,7,-3,7,-3,8,-4,0,0,8,-4,8,-4,8,-4,9,-4,7,-4,8,-4,8,-4,7,-4,8,-4,8,-4,8,-4,7,-3,7,-3,7,-3,7,-3,7,-3,6,-3,6,-3,6,-3,5,-3,6,-3,5,-3,5,-3,4,-2,5,-2,5,-2,0,0,0,0,0,0,0,0,0,0,0,0,0,0,29,-11,24,-13,27,-16,25,-11,31,-12,27,-15,24,-13,27,-14,20,-10,28,-8,26,-6,27,-10,31,-9,21,-16,32,-16,31,-8,28,-13,28,-16,29,-15,32,-13,35,-16,35,-14,33,-17,36,-16,33,-18,36,-17,41,-23,37,-26,35,-25,40,-22,39,-22,48,-28,39,-21,41,-22,40,-24,44,-24,36,-24,46,-21,42,-19,45,-23,42,-24,46,-22,40,-21,42,-21,40,-19,40,-20,42,-17,37,-17,36,-15,35,-18,34,-14,33,-13,26,-16,26,-15,29,-16,28,-13,29,-10,0,0,0,0,0,0,0,0,0,0,0,0,0,0,0,0,0,0,0,0,0,0,12,63,7,66,2,64,-3,73,-2,64,-5,72,-8,71,-8,73,-13,76,-11,70,-14,74,-14,77,-13,80,-19,77,-17,79,-22,71,-17,80,-20,72,-20,78,-24,73,-22,72,-23,76,-21,71,-20,67,-22,62,-19,64,-18,64,-17,59,-18,54,-14,55,-10,47,-11,55,-9,46,-7,48,-5,46,0,44,0,40,5,41,3,38,6,38,8,36,9,35,10,35,8,33,10,34,11,34,14,30,16,30,17,28,13,29,15,28,17,30,18,28,10,25,18,28,13,26,15,24,0,0]"
CSI_DATA,149,2a:00:00:00:00:00,-47,11,1,0,1,1,1,0,0,0,1,-96,0,11,2,2245226,0,44,0,384,0,"[0,0,0,0,0,0,0,0,0,0,0,0,-5,1,-6,1,-5,1,-5,1,-5,1,-5,1,-6,1,-5,1,-6,1,-5,1,-6,1,-6,1,-6,2,-6,1,-6,1,-7,2,-7,2,-7,2,-7,2,-7,2,-7,2,-7,2,-8,2,-7,3,-8,2,-8,3,0,0,-8,3,-8,2,-8,2,-8,3,-8,2,-8,2,-8,2,-8,2,-9,2,-9,2,-9,2,-8,2,-8,1,-7,2,-8,1,-8,2,-7,1,-7,1,-6,1,-7,1,-7,1,-6,1,-6,1,-5,1,-5,1,-6,0,0,0,0,0,0,0,0,0,0,0,0,0,0,0,-31,7,-31,2,-29,11,-25,3,-24,6,-30,5,-22,4,-26,6,-30,3,-31,3,-34,2,-32,7,-34,8,-28,8,-35,4,-34,5,-32,10,-34,7,-34,9,-39,9,-40,9,-36,5,-37,10,-39,8,-42,7,-39,8,-41,13,-39,12,-39,10,-47,12,-47,10,-47,12,-42,13,-41,12,-47,11,-50,12,-46,15,-45,12,-46,9,-44,16,-49,12,-48,9,-43,9,-45,12,-46,11,-43,10,-44,7,-36,7,-38,5,-34,10,-36,9,-37,8,-28,8,-31,5,-29,8,-30,0,-30,4,0,0,0,0,0,0,0,0,0,0,0,0,0,0,0,0,0,0,0,0,0,0,6,-63,12,-65,13,-67,19,-67,21,-65,26,-69,30,-72,29,-72,30,-68,30,-68,40,-70,34,-77,34,-74,37,-73,41,-69,42,-71,39,-72,42,-67,39,-68,39,-64,40,-66,37,-63,38,-64,38,-59,37,-60,33,-60,34,-52,31,-54,31,-53,26,-49,24,-49,25,-49,22,-47,16,-45,17,-45,10,-47,10,-43,5,-43,6,-35,6,-38,-1,-40,-2,-39,-6,-35,-5,-32,-5,-36,-8,-33,-10,-31,-9,-38,-8,-35,-11,-33,-9,-33,-10,-34,-10,-29,-12,-31,-10,-32,-13,-35,-12,-30,0,0]"
CSI_DATA,150,2a:00:00:00:00:00,-47,11,1,0,1,1,1,0,0,0,1,-96,0,11,2,2254676,0,44,0,384,0,"[0,0,0,0,0,0,0,0,0,0,0,0,-2,4,-2,4,-1,4,-2,5,-2,5,-2,5,-2,4,-2,4,-2,5,-2,5,-2,5,-2,5,-2,5,-2,5,-2,5,-2,6,-2,5,-3,6,-2,6,-3,6,-3,6,-3,6,-3,6,-2,7,-2,7,-3,7,0,0,-3,8,-2,7,-3,8,-3,8,-3,8,-3,8,-3,8,-3,7,-4,7,-3,8,-3,7,-3,7,-3,7,-3,7,-3,6,-3,6,-2,6,-3,6,-3,5,-3,5,-3,5,-2,5,-2,5,-2,5,-3,4,-2,4,0,0,0,0,0,0,0,0,0,0,0,0,0,0,-7,21,-8,21,-10,25,-11,23,-8,22,-9,27,-12,26,-8,25,-10,27,-10,27,-11,20,-12,27,-12,27,-11,24,-10,24,-16,29,-16,28,-9,21,-12,28,-6,29,-12,36,-13,29,-16,34,-12,36,-14,33,-14,33,-12,34,-10,41,-17,38,-15,43,-18,37,-17,41,-16,45,-14,45,-16,37,-17,43,-12,44,-15,44,-17,47,-18,41,-17,43,-17,38,-14,41,-17,38,-16,41,-16,37,-19,33,-13,39,-19,31,-14,32,-12,29,-16,27,-12,27,-13,28,-11,27,-12,26,-13,23,0,0,0,0,0,0,0,0,0,0,0,0,0,0,0,0,0,0,0,0,0,0,-53,-40,-49,-47,-51,-45,-51,-51,-50,-50,-46,-60,-47,-57,-46,-61,-47,-64,-44,-61,-44,-65,-43,-69,-45,-67,-45,-68,-41,-72,-39,-69,-46,-70,-40,-67,-43,-69,-37,-70,-31,-68,-38,-69,-33,-63,-38,-66,-33,-62,-34,-61,-31,-57,-33,-58,-32,-51,-29,-48,-26,-42,-33,-44,-27,-43,-33,-34,-29,-43,-32,-33,-29,-28,-31,-29,-35,-23,-34,-26,-33,-20,-31,-19,-35,-22,-36,-15,-33,-17,-30,-10,-38,-10,-36,-15,-37,-11,-35,-11,-34,-9,-37,-8,-31,-11,-32,-10,-33,-9,-35,-6,-36,-5,0,0]"
CSI_DATA,151,2a:00:00:00:00:00,-48,11,1,0,1,1,1,0,0,0,1,-96,0,11,2,2274694,0,44,0,384,0,"[0,0,0,0,0,0,0,0,0,0,0,0,0,4,0,4,0,3,-1,4,0,4,-1,4,0,4,-1,4,-1,3,0,4,-1,4,0,4,-1,5,0,5,-1,4,-1,5,0,5,-1,5,0,5,0,5,0,5,0,6,-1,6,0,6,0,6,-1,6,0,0,-1,7,0,7,0,7,0,7,0,7,0,7,0,7,0,7,-1,7,-1,7,-1,6,0,6,0,6,0,6,-1,6,-1,5,0,6,-1,5,-1,4,-1,5,0,5,0,5,0,4,0,4,0,4,0,3,0,0,0,0,0,0,0,0,0,0,0,0,0,0,0,28,-2,27,-3,22,2,25,-2,24,-2,25,-3,22,-6,25,-1,22,-9,27,-2,23,-3,26,-4,25,-6,26,-6,25,-4,28,-4,26,-5,29,-6,27,-7,28,-4,29,-5,32,-2,32,-7,35,-3,35,-4,34,-4,34,-2,34,-5,37,-2,38,-6,37,-5,43,-4,34,-3,41,-2,37,-3,41,-3,41,-5,43,-5,42,-5,41,-7,37,-3,39,-3,39,-5,39,-2,38,-4,34,-2,35,-2,34,0,27,-6,30,-2,30,-4,26,-2,32,-3,25,-1,26,-5,25,-4,25,0,0,0,0,0,0,0,0,0,0,0,0,0,0,0,0,0,0,0,0,0,0,-57,-36,-58,-39,-55,-44,-57,-53,-55,-48,-52,-55,-51,-58,-52,-56,-55,-61,-49,-56,-50,-65,-51,-63,-56,-68,-53,-67,-50,-65,-51,-70,-52,-67,-46,-66,-50,-69,-44,-70,-46,-64,-46,-64,-43,-61,-42,-62,-40,-56,-44,-58,-38,-50,-40,-53,-38,-44,-43,-44,-37,-42,-45,-44,-40,-36,-40,-37,-43,-28,-39,-26,-40,-25,-37,-23,-37,-16,-39,-15,-41,-17,-39,-12,-37,-11,-40,-7,-36,-7,-39,4,-38,-1,-39,-1,-33,-1,-38,-2,-38,-4,-36,-1,-32,-3,-32,-7,-27,-2,-35,-3,-30,0,0,0]"
CSI_DATA,152,2a:00:00:00:00:00,-48,11,1,0,1,1,1,0,0,0,1,-96,0,11,2,2284673,0,44,0,384,0,"[0,0,0,0,0,0,0,0,0,0,0,0,1,-4,2,-4,1,-4,1,-5,1,-4,2,-4,2,-4,2,-4,3,-4,2,-4,2,-4,3,-4,2,-4,2,-5,3,-5,3,-5,3,-5,3,-5,2,-5,3,-5,3,-6,3,-5,4,-5,3,-6,3,-6,3,-6,0,0,4,-7,3,-7,3,-7,4,-7,3,-7,3,-7,4,-7,3,-7,4,-7,4,-6,4,-6,3,-6,3,-6,3,-6,3,-5,4,-6,3,-5,3,-5,3,-5,3,-4,3,-4,2,-4,2,-4,1,-4,2,-4,2,-4,0,0,0,0,0,0,0,0,0,0,0,0,0,0,17,-19,14,-20,17,-23,13,-19,11,-24,14,-15,15,-18,18,-21,17,-16,15,-15,13,-15,12,-18,19,-20,22,-17,20,-18,16,-19,21,-26,17,-23,19,-20,22,-22,20,-27,22,-21,22,-25,22,-26,23,-27,26,-27,25,-25,25,-30,19,-31,21,-31,26,-31,26,-35,24,-33,22,-28,26,-33,28,-28,21,-31,26,-35,23,-33,23,-34,27,-30,25,-32,24,-31,24,-32,24,-34,25,-28,23,-25,19,-34,21,-22,18,-21,17,-21,20,-22,15,-25,15,-26,16,-20,16,-23,19,-19,0,0,0,0,0,0,0,0,0,0,0,0,0,0,0,0,0,0,0,0,0,0,28,59,32,63,27,62,23,73,19,71,18,66,21,72,18,74,17,79,17,72,13,79,12,78,16,82,9,85,9,80,9,80,10,83,9,82,14,80,7,79,7,74,10,76,6,74,9,69,6,67,12,66,12,63,12,61,9,53,14,55,13,47,16,55,16,51,18,45,20,44,22,38,21,38,23,33,20,34,21,32,30,31,28,25,28,28,28,26,25,22,29,22,30,21,29,22,32,19,28,21,24,15,26,19,24,21,25,16,25,21,24,17,23,18,0,0]"
CSI_DATA,153,2a:00:00:00:00:00,-48,11,1,0,1,1,1,0,0,0,1,-96,0,11,2,2295670,0,44,0,384,0,"[0,0,0,0,0,0,0,0,0,0,0,0,3,-3,3,-3,3,-3,3,-3,3,-3,3,-3,4,-3,4,-3,3,-3,4,-2,4,-3,4,-3,4,-3,4,-3,4,-3,5,-4,5,-4,5,-4,4,-3,5,-3,5,-3,5,-4,6,-4,5,-4,6,-4,6,-4,0,0,6,-4,6,-4,6,-4,7,-5,5,-4,6,-5,6,-4,6,-4,7,-5,7,-4,6,-4,5,-4,5,-4,5,-3,6,-4,5,-4,5,-4,5,-4,5,-3,5,-3,4,-3,3,-3,3,-3,3,-3,4,-3,3,-3,0,0,0,0,0,0,0,0,0,0,0,0,0,0,18,-15,16,-16,15,-17,16,-15,18,-18,17,-17,15,-18,19,-14,12,-17,20,-11,18,-14,18,-17,20,-17,22,-12,22,-18,22,-18,23,-19,22,-19,19,-20,30,-24,27,-22,26,-22,25,-23,24,-22,28,-19,26,-24,33,-23,29,-25,30,-29,34,-31,36,-27,33,-31,31,-30,29,-33,36,-34,31,-30,34,-32,26,-28,30,-29,32,-29,33,-29,32,-28,32,-25,26,-26,30,-25,27,-29,29,-24,21,-23,28,-19,25,-21,24,-21,24,-18,17,-20,22,-18,18,-22,20,-15,20,-14,0,0,0,0,0,0,0,0,0,0,0,0,0,0,0,0,0,0,0,0,0,0,38,58,33,61,34,66,32,69,29,67,25,73,23,74,21,75,26,83,17,77,15,82,14,80,17,85,14,84,11,80,8,81,15,84,9,76,15,80,9,81,3,76,11,76,7,73,8,69,4,68,8,70,13,69,10,64,13,54,13,55,7,52,12,51,14,50,16,45,16,41,17,41,18,39,18,36,20,31,22,30,25,28,27,28,24,28,24,25,23,21,32,24,32,21,27,21,25,21,27,22,23,19,27,16,24,21,19,18,23,18,24,19,19,16,0,0]"
CSI_DATA,154,2a:00:00:00:00:00,-48,11,1,0,1,1,1,0,0,0,1,-96,0,11,2,2306850,0,44,0,384,0,"[0,0,0,0,0,0,0,0,0,0,0,0,-5,-1,-5,-2,-5,-2,-5,-2,-5,-2,-5,-2,-5,-2,-5,-2,-5,-2,-5,-3,-6,-3,-6,-2,-6,-3,-6,-3,-6,-3,-7,-3,-7,-2,-7,-3,-7,-3,-7,-4,-7,-3,-8,-3,-7,-3,-8,-3,-8,-4,-9,-3,0,0,-9,-3,-9,-3,-9,-4,-9,-3,-9,-4,-9,-4,-9,-3,-9,-4,-9,-3,-9,-3,-9,-3,-8,-4,-8,-4,-8,-4,-8,-3,-8,-3,-7,-3,-7,-3,-7,-2,-6,-3,-6,-3,-6,-3,-5,-3,-5,-3,-6,-3,-5,-3,0,0,0,0,0,0,0,0,0,0,0,0,0,0,-11,-4,-10,-3,-11,-4,-10,-3,-13,-4,-12,-3,-11,-5,-12,-5,-13,-6,-10,-4,-13,-8,-12,-6,-13,-7,-14,-7,-15,-5,-15,-5,-14,-4,-15,-8,-13,-5,-19,-7,-19,-6,-18,-8,-18,-7,-19,-7,-18,-8,-20,-6,-20,-8,-21,-7,-21,-7,-25,-5,-24,-9,-20,-7,-21,-8,-22,-7,-23,-6,-22,-9,-22,-9,-22,-9,-22,-10,-25,-9,-23,-9,-23,-7,-21,-9,-19,-9,-19,-8,-22,-8,-19,-10,-18,-7,-17,-7,-17,-8,-17,-7,-16,-7,-15,-9,-14,-8,-14,-6,-15,-4,-14,-6,0,0,0,0,0,0,0,0,0,0,0,0,0,0,0,0,0,0,0,0,0,0,-7,-35,8,-34,10,-26,4,-33,20,-39,19,-32,22,-42,40,-31,19,-45,21,-34,18,-39,22,-39,21,-30,25,-33,23,-35,22,-31,24,-30,37,-37,21,-32,26,-24,21,-30,22,-35,27,-20,19,-26,30,-14,30,-17,10,-37,5,-33,8,-19,16,-25,14,-29,6,-18,11,-29,19,-15,12,-17,11,-25,11,-19,7,-21,8,-17,2,-18,4,-17,3,-17,2,-20,3,-18,-1,-17,-2,-15,-2,-17,0,-16,0,-18,-1,-18,1,-15,-2,-16,-2,-16,0,-16,1,-17,1,-15,0,-12,0,0]"
CSI_DATA,155,2a:00:00:00:00:00,-47,11,1,0,1,1,1,0,0,0,1,-96,0,11,2,2324686,0,44,0,384,0,"[0,0,0,0,0,0,0,0,0,0,0,0,2,-4,2,-4,2,-4,3,-4,2,-4,3,-4,3,-4,3,-4,3,-4,3,-4,3,-5,3,-5,3,-5,3,-5,4,-6,4,-5,4,-6,4,-6,4,-6,4,-7,4,-6,4,-7,4,-6,4,-8,4,-7,5,-8,0,0,5,-8,4,-7,5,-8,5,-8,4,-8,5,-8,5,-8,5,-8,6,-8,5,-7,5,-7,5,-7,4,-7,4,-7,5,-6,5,-6,3,-6,4,-6,4,-5,4,-5,3,-5,3,-5,2,-5,3,-5,3,-4,3,-4,0,0,0,0,0,0,0,0,0,0,0,0,0,0,25,-13,18,-14,20,-9,21,-15,17,-14,21,-10,22,-12,25,-11,19,-11,27,-9,23,-11,23,-11,25,-11,24,-14,26,-11,25,-15,29,-17,26,-20,31,-15,31,-15,35,-20,32,-17,30,-24,34,-17,31,-20,33,-22,36,-24,39,-27,35,-20,42,-28,42,-25,41,-29,43,-27,38,-29,40,-27,41,-28,34,-27,39,-28,36,-28,41,-24,46,-20,42,-24,35,-24,36,-27,36,-26,36,-23,37,-18,35,-24,34,-20,29,-19,33,-21,31,-17,26,-20,24,-15,26,-16,29,-13,25,-13,0,0,0,0,0,0,0,0,0,0,0,0,0,0,0,0,0,0,0,0,0,0,31,61,27,64,21,60,22,68,19,67,18,70,11,74,10,71,7,76,10,72,8,78,6,77,9,80,9,80,4,80,-3,76,2,79,2,74,3,72,-3,74,-1,71,-2,73,-2,67,3,70,1,68,3,63,-2,60,-2,66,1,56,4,55,6,50,7,45,3,43,5,46,5,40,9,40,11,36,16,34,12,32,14,28,14,29,16,28,15,26,20,25,18,22,14,33,19,26,18,22,20,22,15,25,18,19,20,20,17,24,15,24,15,24,16,24,15,20,0,0]"
CSI_DATA,156,2a:00:00:00:00:00,-47,11,1,0,1,1,1,0,0,0,1,-96,0,11,2,2334701,0,44,0,384,0,"[0,0,0,0,0,0,0,0,0,0,0,0,-3,3,-4,3,-3,3,-4,3,-4,3,-4,3,-4,3,-4,3,-4,4,-4,3,-5,3,-4,4,-5,4,-4,4,-5,4,-5,5,-5,5,-5,5,-5,6,-5,6,-5,6,-5,6,-6,6,-5,6,-5,6,-6,6,0,0,-6,7,-6,7,-5,7,-6,7,-5,7,-5,7,-5,7,-5,7,-6,7,-6,7,-6,7,-5,6,-5,6,-5,6,-6,5,-5,5,-5,5,-5,5,-5,5,-4,4,-4,4,-4,4,-4,4,-4,4,-4,3,-4,3,0,0,0,0,0,0,0,0,0,0,0,0,0,0,-10,16,-15,20,-11,22,-11,22,-13,22,-11,20,-14,24,-14,24,-18,26,-17,22,-16,24,-14,20,-21,26,-16,22,-18,27,-19,28,-17,30,-18,32,-18,30,-17,31,-19,36,-16,33,-18,35,-19,38,-17,35,-18,40,-21,41,-19,45,-19,47,-20,49,-17,45,-22,49,-18,47,-20,50,-24,47,-22,47,-20,50,-19,45,-21,49,-25,53,-19,42,-22,42,-22,44,-21,43,-22,41,-20,40,-19,35,-16,38,-15,30,-17,31,-18,31,-19,28,-13,31,-14,28,-12,33,-17,23,-16,21,0,0,0,0,0,0,0,0,0,0,0,0,0,0,0,0,0,0,0,0,0,0,-62,-31,-56,-40,-55,-40,-60,-47,-57,-48,-53,-50,-55,-58,-50,-53,-56,-60,-52,-56,-51,-63,-51,-61,-54,-61,-50,-62,-46,-64,-46,-64,-47,-62,-44,-62,-48,-60,-40,-64,-39,-61,-40,-60,-36,-59,-41,-58,-37,-59,-39,-53,-39,-51,-34,-53,-35,-45,-36,-43,-30,-42,-31,-38,-31,-32,-28,-34,-30,-30,-27,-29,-31,-29,-28,-21,-30,-19,-32,-13,-29,-18,-28,-18,-30,-13,-33,-11,-28,-6,-26,-21,-31,-9,-27,-7,-30,-10,-28,-8,-28,-12,-31,-10,-28,-11,-25,-11,-26,-8,-22,-7,-25,-13,0,0]"
CSI_DATA,157,2a:00:00:00:00:00,-46,11,1,0,1,1,1,0,0,0,1,-96,0,11,2,2354776,0,44,0,384,0,"[0,0,0,0,0,0,0,0,0,0,0,0,1,3,1,4,1,4,1,4,0,4,0,4,1,4,1,4,1,4,1,5,1,5,1,5,1,5,1,6,1,6,1,6,2,6,2,6,2,7,2,7,2,7,2,7,2,7,2,8,2,8,3,8,0,0,2,8,2,8,3,9,2,8,3,9,3,9,3,9,2,8,2,8,2,8,2,8,1,8,1,8,2,8,1,7,1,7,1,7,1,6,1,5,1,5,1,5,1,5,1,5,0,5,0,5,0,4,0,0,0,0,0,0,0,0,0,0,0,0,0,0,4,21,-1,25,-1,28,1,25,3,24,1,29,4,25,1,30,-1,25,0,26,2,27,6,31,2,33,2,31,6,32,7,33,6,37,8,37,6,34,8,37,7,42,10,35,11,45,8,45,7,44,6,47,14,46,13,48,12,48,11,47,11,51,9,52,10,53,13,50,11,48,14,58,7,53,13,58,11,54,3,52,12,49,8,49,7,52,10,53,4,46,4,40,7,38,2,47,4,41,4,38,6,35,2,33,-1,34,1,29,-2,31,5,30,3,29,0,0,0,0,0,0,0,0,0,0,0,0,0,0,0,0,0,0,0,0,0,0,-60,28,-65,23,-68,22,-71,17,-67,13,-75,11,-74,4,-77,4,-79,3,-74,2,-72,4,-78,4,-82,2,-81,4,-79,-3,-76,-8,-74,-11,-70,-8,-74,-3,-75,-9,-68,-7,-72,-13,-65,-12,-68,-7,-68,-6,-62,-8,-57,-5,-57,-7,-48,-8,-52,-6,-48,-1,-51,-5,-47,-4,-44,-3,-39,-1,-39,3,-39,3,-35,4,-41,9,-33,8,-32,9,-28,8,-29,6,-30,6,-30,13,-23,11,-25,12,-27,7,-27,9,-28,9,-23,12,-22,10,-26,8,-26,11,-24,6,-24,5,-27,5,0,0]"
CSI_DATA,158,2a:00:00:00:00:00,-46,11,1,0,1,1,1,0,0,0,1,-96,0,11,2,2364660,0,44,0,384,0,"[0,0,0,0,0,0,0,0,0,0,0,0,4,-1,4,-1,4,-1,4,-1,5,-1,5,-1,5,-1,5,0,5,-1,5,-1,5,-1,6,-1,6,-1,6,-1,6,-1,7,-2,7,-2,7,-2,7,-2,8,-2,8,-1,8,-2,8,-2,8,-2,9,-2,9,-3,0,0,9,-3,9,-2,9,-2,9,-3,9,-2,9,-2,9,-2,9,-2,9,-2,9,-2,9,-2,8,-1,8,-1,7,-2,8,-1,8,-2,7,-1,7,-1,7,-1,6,-1,7,-1,5,-1,5,-1,5,-1,5,-1,5,-1,0,0,0,0,0,0,0,0,0,0,0,0,0,0,23,-2,25,-3,24,-1,22,-1,25,-1,27,0,19,0,30,-1,27,-4,29,0,26,-3,31,3,33,1,30,3,32,-3,38,-3,34,-4,31,-5,37,2,38,-3,41,-7,39,-2,43,-9,43,-7,43,-7,41,-5,46,-7,47,-11,50,-6,50,-9,50,-10,57,-11,51,-10,56,-10,52,-11,50,-6,51,-7,50,-8,53,-7,56,-8,53,-6,50,-11,51,-7,49,-10,49,-6,49,-7,48,-6,37,-7,41,-4,40,-3,39,-6,38,-2,33,-6,32,-2,29,-6,36,-3,30,1,0,0,0,0,0,0,0,0,0,0,0,0,0,0,0,0,0,0,0,0,0,0,8,65,5,70,-1,68,-4,70,-7,69,-8,73,-13,75,-13,72,-16,75,-16,74,-21,75,-22,76,-22,77,-23,76,-29,77,-28,70,-29,77,-30,67,-25,67,-28,64,-28,58,-31,62,-24,63,-23,60,-27,58,-21,62,-20,54,-21,52,-22,45,-18,51,-17,48,-13,47,-17,40,-9,39,-9,41,-9,39,-2,33,-4,34,-1,33,3,33,0,32,3,28,2,27,7,25,8,29,6,27,6,27,3,30,11,23,4,27,5,25,7,23,4,27,0,24,6,25,1,25,5,23,0,0]"
CSI_DATA,159,2a:00:00:00:00:00,-47,11,1,0,1,1,1,0,0,0,1,-96,0,11,2,2374659,0,44,0,384,0,"[0,0,0,0,0,0,0,0,0,0,0,0,-6,-1,-5,-1,-5,-1,-5,-1,-5,-1,-5,-1,-6,-1,-6,-2,-7,-2,-6,-2,-6,-1,-7,-2,-7,-1,-7,-1,-8,-1,-8,-1,-8,-1,-8,-1,-8,-1,-9,-1,-9,-1,-9,-1,-10,-1,-10,-1,-10,-1,-10,-1,0,0,-10,-1,-10,-1,-10,-1,-11,-1,-10,-1,-10,-1,-10,-2,-10,-2,-11,-1,-10,-1,-10,-2,-10,-2,-9,-2,-8,-2,-9,-2,-9,-1,-8,-1,-8,-1,-8,-2,-8,-2,-8,-2,-7,-2,-6,-2,-6,-1,-6,-2,-6,-2,0,0,0,0,0,0,0,0,0,0,0,0,0,0,-19,3,-20,-4,-25,-8,-23,-5,-23,-6,-24,-7,-20,-9,-23,-4,-23,-6,-24,-8,-26,-3,-28,-6,-30,-3,-31,-6,-29,-5,-36,-7,-33,-7,-35,-10,-37,-6,-38,-7,-39,-4,-37,-8,-43,-6,-41,-8,-43,-4,-47,-1,-49,-6,-47,-2,-52,-4,-52,-3,-53,-4,-49,-5,-49,1,-50,-6,-54,0,-53,-1,-53,-6,-49,-6,-53,-10,-51,-4,-50,-4,-53,-7,-51,-11,-44,-3,-42,-4,-44,-5,-41,-7,-41,-9,-39,-8,-38,-8,-36,-9,-38,-8,-31,-3,-29,-6,-31,-6,-29,-7,-27,-8,0,0,0,0,0,0,0,0,0,0,0,0,0,0,0,0,0,0,0,0,0,0,-10,-65,-7,-67,-6,-68,2,-72,6,-71,6,-74,9,-70,13,-72,13,-75,17,-77,22,-75,19,-77,21,-74,24,-68,25,-68,22,-75,23,-74,30,-69,30,-68,21,-64,27,-62,27,-66,32,-62,29,-58,28,-58,26,-55,29,-45,19,-51,24,-46,20,-47,20,-47,15,-45,16,-40,13,-38,12,-35,16,-39,6,-38,6,-34,2,-32,5,-32,0,-31,-2,-34,-1,-32,1,-31,-5,-25,-3,-24,-2,-26,1,-28,-1,-25,3,-28,-5,-26,-3,-29,-4,-25,-2,-24,1,-30,0,-26,0,-25,0,0]"
CSI_DATA,160,2a:00:00:00:00:00,-47,11,1,0,1,1,1,0,0,0,1,-96,0,11,2,2396522,0,44,0,384,0,"[0,0,0,0,0,0,0,0,0,0,0,0,4,-2,3,-2,4,-2,4,-2,4,-2,4,-2,4,-2,4,-3,5,-3,4,-2,5,-2,5,-3,5,-3,5,-3,5,-3,6,-4,6,-4,6,-4,6,-4,6,-4,6,-4,6,-4,7,-4,6,-5,7,-4,7,-5,0,0,7,-5,8,-5,7,-5,8,-5,7,-5,7,-5,7,-5,7,-5,8,-5,8,-5,8,-5,7,-4,7,-4,6,-4,7,-4,6,-3,6,-3,6,-3,6,-3,6,-3,6,-3,5,-3,5,-3,5,-3,5,-3,5,-2,0,0,0,0,0,0,0,0,0,0,0,0,0,0,20,-8,20,-6,17,-6,18,-4,22,-8,21,-6,20,-8,22,-9,20,-5,21,-12,24,-6,24,-11,24,-7,26,-13,23,-17,27,-16,33,-11,25,-19,27,-17,33,-14,31,-17,35,-18,29,-20,33,-17,32,-18,35,-18,38,-22,35,-24,36,-26,41,-27,41,-26,43,-27,39,-23,38,-30,40,-27,40,-26,40,-28,40,-28,40,-26,44,-22,46,-25,41,-24,37,-23,37,-26,36,-28,37,-21,37,-19,35,-21,34,-18,33,-16,34,-18,31,-15,27,-13,26,-17,29,-17,29,-16,27,-9,0,0,0,0,0,0,0,0,0,0,0,0,0,0,0,0,0,0,0,0,0,0,41,58,34,60,33,62,26,66,29,68,22,67,18,73,17,77,13,77,14,74,14,75,16,76,12,79,13,82,4,79,6,77,5,77,1,78,7,70,-4,74,-2,70,-5,71,3,67,0,61,-1,65,2,61,-2,64,1,60,2,55,2,49,2,50,1,46,0,44,5,39,0,40,5,42,5,36,6,34,6,31,12,34,8,30,11,27,12,26,14,27,8,28,15,21,11,25,13,26,17,22,10,24,10,22,12,24,10,24,7,21,5,23,7,25,11,27,0,0]"
CSI_DATA,161,2a:00:00:00:00:00,-47,11,1,0,1,1,1,0,0,0,1,-96,0,11,2,2424673,0,44,0,384,0,"[0,0,0,0,0,0,0,0,0,0,0,0,4,0,4,0,4,0,4,0,4,0,5,0,4,0,5,-1,5,0,5,0,6,0,5,-1,6,0,6,-1,6,-1,6,-1,7,-2,7,-1,7,-1,7,-1,7,-1,7,-2,8,-2,8,-2,8,-2,8,-2,0,0,9,-2,8,-2,9,-2,9,-2,8,-2,9,-2,9,-1,9,-2,9,-2,9,-2,9,-1,8,-1,8,-1,8,-1,8,-1,8,-1,7,-1,7,-1,7,-1,7,-1,6,-1,6,-1,5,-1,5,0,6,0,5,0,0,0,0,0,0,0,0,0,0,0,0,0,0,0,24,6,24,8,23,3,24,2,26,3,30,3,30,3,26,2,26,5,22,-1,31,-2,27,1,35,-2,27,-2,32,-2,34,-4,36,-4,34,-7,33,-6,37,-7,38,-9,39,-5,41,-12,43,-10,41,-8,41,-12,44,-7,44,-11,43,-10,46,-12,47,-8,44,-14,46,-14,48,-19,45,-20,47,-13,48,-17,48,-12,48,-16,49,-15,50,-8,49,-10,47,-6,45,-10,44,-11,47,-9,47,-7,41,-5,39,-6,36,-7,37,-4,38,-10,33,-6,33,-4,34,-5,34,-1,29,1,0,0,0,0,0,0,0,0,0,0,0,0,0,0,0,0,0,0,0,0,0,0,27,63,24,64,20,64,16,70,14,69,9,68,8,71,11,73,10,76,0,82,-6,81,-4,78,-5,79,-10,79,-9,80,-10,77,-10,77,-15,75,-10,74,-15,71,-14,68,-14,73,-14,66,-19,63,-23,66,-20,62,-21,66,-22,60,-19,53,-17,53,-14,53,-17,46,-10,45,-11,41,-10,38,-11,40,-6,37,-6,37,-6,35,-4,35,-5,33,-3,32,0,35,-1,26,2,25,-2,31,4,26,2,27,3,25,1,30,-3,23,-2,32,-6,27,-2,21,-6,24,-5,24,-4,24,0,0]"
CSI_DATA,162,2a:00:00:00:00:00,-46,11,1,0,1,1,1,0,0,0,1,-96,0,11,2,2444663,0,44,0,384,0,"[0,0,0,0,0,0,0,0,0,0,0,0,3,3,3,3,4,2,3,2,3,2,4,3,4,2,4,2,4,3,4,2,5,2,5,2,5,3,6,2,6,2,6,2,7,2,6,2,7,2,7,2,7,2,8,2,8,1,8,2,9,2,9,2,0,0,9,1,9,2,9,2,9,1,9,2,9,2,9,2,9,2,9,2,9,2,9,2,9,2,8,2,8,2,8,3,8,2,7,2,7,2,7,2,6,2,7,2,6,2,5,1,5,2,5,2,5,2,0,0,0,0,0,0,0,0,0,0,0,0,0,0,18,19,12,22,10,22,12,18,13,19,13,23,12,21,14,26,16,22,15,23,14,27,20,20,17,24,18,24,20,20,22,26,27,27,29,22,26,25,30,27,35,27,33,28,35,30,33,28,38,28,39,36,42,28,40,27,38,32,45,29,47,28,48,34,40,31,44,36,42,30,45,32,43,34,44,36,43,34,48,36,38,36,44,38,35,33,40,35,42,32,38,33,37,30,30,33,30,32,32,32,29,28,28,29,29,25,19,26,24,24,25,28,22,30,0,0,0,0,0,0,0,0,0,0,0,0,0,0,0,0,0,0,0,0,0,0,4,67,-5,66,-7,68,-16,74,-16,67,-18,71,-24,67,-26,72,-32,76,-29,64,-36,72,-35,68,-39,71,-41,70,-45,68,-44,59,-48,60,-43,60,-45,59,-53,56,-45,55,-52,52,-47,47,-48,45,-46,42,-51,45,-43,36,-47,38,-44,34,-40,36,-30,30,-36,29,-35,27,-34,25,-33,28,-28,21,-27,24,-28,22,-23,20,-23,22,-23,22,-20,21,-22,20,-21,15,-19,19,-20,17,-21,18,-18,15,-18,18,-19,15,-18,18,-19,16,-16,15,-18,11,-24,15,-24,9,-24,16,0,0]"
CSI_DATA,163,2a:00:00:00:00:00,-47,11,1,0,1,1,1,0,0,0,1,-96,0,11,2,2454716,0,44,0,384,0,"[0,0,0,0,0,0,0,0,0,0,0,0,-5,-1,-5,-2,-5,-1,-5,-1,-6,-1,-5,-1,-5,-1,-5,-1,-6,0,-6,0,-6,0,-7,0,-7,0,-7,0,-7,0,-8,1,-7,1,-8,1,-8,1,-9,1,-8,2,-9,1,-9,2,-9,2,-9,2,-10,3,0,0,-10,2,-10,2,-10,2,-11,2,-10,2,-10,3,-10,2,-10,2,-11,2,-11,2,-10,1,-10,1,-9,1,-9,1,-10,1,-10,0,-9,0,-9,0,-8,0,-8,0,-8,0,-7,0,-7,0,-7,0,-7,-1,-6,-1,0,0,0,0,0,0,0,0,0,0,0,0,0,0,-21,-9,-21,-4,-18,-7,-20,-11,-21,-10,-23,-10,-21,-9,-24,-8,-19,-7,-24,-5,-26,-10,-27,-2,-27,-6,-24,-6,-29,-7,-32,-3,-35,-3,-31,-2,-35,-4,-35,0,-39,-3,-38,-3,-40,2,-36,2,-36,4,-43,6,-45,-4,-45,6,-46,-1,-46,4,-51,-2,-56,2,-48,-1,-54,6,-48,1,-50,5,-51,2,-53,4,-53,3,-54,-2,-51,0,-50,-6,-51,0,-49,-3,-50,-1,-46,-4,-45,-7,-45,-3,-43,-5,-39,-8,-44,-6,-36,-4,-35,-1,-35,-6,-33,-7,-32,-9,-37,-11,0,0,0,0,0,0,0,0,0,0,0,0,0,0,0,0,0,0,0,0,0,0,-60,-33,-56,-29,-57,-38,-52,-51,-60,-48,-50,-48,-46,-44,-47,-63,-51,-71,-40,-68,-38,-64,-46,-65,-47,-68,-36,-73,-36,-68,-31,-67,-35,-78,-27,-64,-25,-68,-20,-67,-25,-69,-16,-73,-13,-67,-14,-64,-11,-64,-7,-60,-8,-58,-7,-58,-4,-49,-6,-50,-2,-43,-2,-44,-5,-41,-1,-37,-5,-38,-4,-37,-3,-33,-7,-38,-3,-31,-4,-30,-7,-32,-3,-33,-2,-24,-3,-24,-5,-26,1,-17,-4,-23,-1,-21,-5,-25,-3,-22,-1,-25,-1,-27,3,-27,4,-23,3,-21,6,-21,5,-24,0,0]"
CSI_DATA,164,2a:00:00:00:00:00,-48,11,1,0,1,1,1,0,0,0,1,-96,0,11,2,2464671,0,44,0,384,0,"[0,0,0,0,0,0,0,0,0,0,0,0,1,2,1,2,1,2,1,2,1,2,1,2,1,2,2,2,2,2,2,2,3,2,3,2,3,2,3,2,4,2,4,2,4,2,5,2,5,2,5,2,5,3,6,3,6,2,6,2,6,3,6,2,0,0,7,2,7,3,7,3,7,2,7,3,7,3,7,3,7,4,7,3,7,3,7,3,6,4,6,4,6,4,6,3,6,3,6,4,5,3,5,3,5,3,5,3,4,3,3,3,3,3,4,3,4,3,0,0,0,0,0,0,0,0,0,0,0,0,0,0,3,15,0,15,0,19,3,14,0,18,3,16,3,17,1,19,9,16,8,17,6,21,7,20,11,20,8,20,12,18,14,17,16,23,14,22,19,19,20,20,25,25,19,24,26,23,24,24,23,26,24,29,33,27,30,23,30,30,35,28,37,28,38,28,33,32,32,30,38,30,35,32,34,29,36,33,35,39,37,34,36,34,38,33,32,36,34,34,30,31,31,33,34,30,30,32,30,34,24,33,28,33,22,31,20,25,20,28,17,26,21,27,19,28,0,0,0,0,0,0,0,0,0,0,0,0,0,0,0,0,0,0,0,0,0,0,11,77,-1,75,-2,73,-11,78,-14,76,-16,74,-18,78,-26,78,-26,83,-26,79,-31,78,-34,79,-34,78,-40,81,-46,76,-44,70,-48,75,-45,70,-43,65,-47,61,-42,60,-54,64,-47,54,-42,54,-46,52,-47,50,-49,50,-46,46,-43,38,-39,36,-38,34,-39,31,-36,31,-33,29,-33,26,-30,30,-25,26,-23,24,-22,19,-23,23,-21,21,-15,18,-19,15,-18,20,-13,20,-17,11,-13,17,-11,10,-19,16,-18,10,-15,12,-19,12,-20,11,-21,8,-18,4,-17,4,-11,7,0,0]"
CSI_DATA,165,2a:00:00:00:00:00,-49,11,1,0,1,1,1,0,0,0,1,-96,0,11,2,2484677,0,44,0,384,0,"[0,0,0,0,0,0,0,0,0,0,0,0,0,0,0,0,0,1,0,1,0,1,0,1,1,1,1,1,1,2,1,2,1,2,1,2,2,3,2,3,2,3,2,3,3,3,3,4,3,4,3,4,3,5,4,5,3,5,4,5,4,6,4,6,0,0,5,6,5,6,6,6,5,6,5,7,6,7,6,7,6,7,5,7,5,7,5,7,5,7,5,7,5,7,4,6,5,6,5,6,4,6,4,6,4,5,4,5,4,6,4,5,4,5,3,5,3,5,0,0,0,0,0,0,0,0,0,0,0,0,0,0,4,0,1,0,1,0,3,-1,4,0,3,-1,2,0,4,-1,4,-1,5,-1,4,-1,6,-1,5,-2,7,-2,7,-2,6,-2,9,-2,8,-2,8,-3,12,-4,13,-5,11,-3,13,-5,13,-3,15,-5,15,-5,15,-6,19,-6,18,-3,19,-7,20,-6,21,-7,18,-4,19,-7,19,-8,20,-6,22,-9,21,-7,22,-10,24,-7,22,-8,22,-6,23,-5,21,-8,20,-7,20,-6,18,-4,18,-7,19,-3,18,-7,18,-5,20,-4,15,-6,15,-6,15,-5,15,-4,14,-3,0,0,0,0,0,0,0,0,0,0,0,0,0,0,0,0,0,0,0,0,0,0,-28,33,-22,34,-17,37,-17,47,-19,43,-24,40,-30,27,-22,40,-26,39,-33,47,-26,36,-14,36,-37,34,-31,29,-31,27,-29,25,-32,18,-32,26,-33,26,-29,25,-16,24,-35,36,-21,34,-17,22,-36,28,-30,26,-16,29,-28,17,-16,21,-23,13,-13,14,-14,10,-10,16,-6,15,-11,14,-8,14,-14,13,-9,13,-10,10,-10,10,-7,9,-4,10,-2,9,-4,11,-3,9,1,6,-2,8,-2,9,1,8,-3,5,-2,6,-2,5,-1,4,-2,5,-1,4,2,4,0,4,0,0]"
CSI_DATA,166,2a:00:00:00:00:00,-49,11,1,0,1,1,1,0,0,0,1,-96,0,11,2,2494665,0,44,0,384,0,"[0,0,0,0,0,0,0,0,0,0,0,0,-2,-2,-2,-2,-2,-2,-2,-2,-2,-2,-2,-2,-2,-3,-2,-3,-2,-3,-2,-3,-2,-3,-3,-3,-3,-4,-3,-4,-3,-4,-3,-5,-3,-5,-3,-5,-4,-5,-4,-6,-4,-6,-4,-6,-4,-6,-5,-6,-5,-7,-5,-7,0,0,-5,-7,-5,-8,-5,-8,-5,-8,-6,-8,-6,-8,-6,-8,-6,-8,-5,-8,-5,-8,-5,-8,-6,-8,-6,-8,-5,-8,-4,-8,-5,-7,-5,-8,-4,-7,-4,-7,-4,-7,-4,-7,-4,-7,-4,-6,-4,-6,-4,-6,-3,-6,0,0,0,0,0,0,0,0,0,0,0,0,0,0,-8,2,-9,2,-9,-1,-10,2,-11,1,-8,2,-12,5,-13,6,-12,3,-13,2,-18,1,-14,1,-19,-2,-18,2,-20,-2,-21,-4,-22,0,-21,0,-22,-3,-20,-2,-26,-1,-24,-4,-30,-2,-29,-2,-30,-7,-33,-2,-36,-2,-32,2,-33,-4,-36,-2,-39,-2,-39,-5,-38,1,-38,0,-43,1,-40,-6,-40,0,-42,-2,-44,-4,-44,1,-44,0,-46,-4,-40,-8,-42,-3,-41,-5,-39,-3,-38,-3,-35,-5,-34,-4,-36,-1,-34,-1,-33,-6,-32,1,-30,-3,-32,-4,-30,-4,-28,-5,0,0,0,0,0,0,0,0,0,0,0,0,0,0,0,0,0,0,0,0,0,0,60,-35,51,-7,31,-24,87,-44,44,-24,67,-55,66,-1,46,-38,58,-51,79,-54,75,-23,82,-11,72,-22,84,-14,80,-20,71,-16,79,-19,74,-10,64,-25,86,-26,85,-6,77,-4,64,8,64,-3,42,0,79,-26,58,4,51,22,36,-27,24,-28,65,-20,40,-34,30,2,43,-19,36,-13,29,-11,29,-10,25,-16,21,-17,20,-18,17,-15,11,-18,11,-15,10,-15,12,-13,3,-22,6,-17,6,-17,5,-17,4,-17,5,-16,1,-15,0,-15,6,-14,-4,-16,2,-10,2,-14,0,0]"
CSI_DATA,167,2a:00:00:00:00:00,-50,11,1,0,1,1,1,0,0,0,1,-96,0,11,2,2504666,0,44,0,384,0,"[0,0,0,0,0,0,0,0,0,0,0,0,2,1,2,1,3,1,3,2,3,2,3,2,3,2,3,2,3,2,3,2,3,2,3,2,4,2,4,2,4,3,4,3,4,3,4,3,4,3,5,3,5,4,5,4,5,4,6,4,6,4,5,4,0,0,6,4,6,4,6,4,6,4,6,5,7,5,7,5,7,5,6,5,6,5,6,5,6,5,6,5,6,5,5,4,5,4,6,4,5,4,5,4,4,4,4,4,5,4,4,3,5,3,4,3,4,3,0,0,0,0,0,0,0,0,0,0,0,0,0,0,8,-10,14,-10,18,-13,11,-13,13,-11,16,-14,13,-15,13,-17,11,-11,12,-13,16,-10,18,-12,15,-13,15,-15,15,-16,19,-15,22,-16,18,-13,18,-13,23,-18,25,-16,24,-16,23,-18,22,-22,25,-18,27,-18,27,-25,33,-25,29,-25,31,-25,29,-24,36,-23,32,-20,33,-26,34,-22,31,-26,28,-22,29,-29,33,-27,36,-28,33,-24,31,-28,34,-20,32,-21,35,-21,34,-19,32,-21,25,-22,29,-21,29,-20,28,-19,25,-16,24,-19,22,-14,23,-15,25,-13,25,-13,0,0,0,0,0,0,0,0,0,0,0,0,0,0,0,0,0,0,0,0,0,0,-50,57,-54,55,-56,49,-62,49,-61,48,-67,45,-66,44,-67,44,-72,46,-71,45,-76,40,-76,42,-79,40,-76,40,-77,41,-80,42,-78,40,-76,35,-73,36,-72,38,-69,36,-72,34,-67,33,-62,34,-64,31,-62,33,-63,37,-61,32,-53,31,-52,28,-45,30,-48,30,-38,27,-39,27,-34,28,-30,27,-26,29,-21,28,-22,26,-16,31,-11,26,-13,26,-8,27,-6,28,-1,23,1,31,2,24,3,23,4,19,1,21,1,25,7,25,5,20,6,21,9,20,7,21,8,19,0,0]"
CSI_DATA,168,2a:00:00:00:00:00,-49,11,1,0,1,1,1,0,0,0,1,-96,0,11,2,2514667,0,44,0,384,0,"[0,0,0,0,0,0,0,0,0,0,0,0,-4,-4,-4,-4,-4,-4,-4,-4,-4,-4,-4,-4,-4,-4,-4,-4,-4,-4,-4,-4,-4,-4,-4,-4,-5,-4,-5,-4,-5,-4,-5,-5,-5,-5,-5,-5,-5,-5,-5,-5,-5,-5,-5,-5,-5,-5,-6,-5,-6,-5,-6,-5,0,0,-6,-5,-6,-6,-6,-6,-6,-5,-6,-6,-7,-6,-6,-6,-6,-6,-6,-6,-6,-6,-6,-6,-6,-6,-6,-6,-6,-6,-5,-5,-5,-5,-5,-5,-4,-5,-4,-5,-4,-5,-4,-5,-4,-5,-4,-4,-4,-4,-4,-4,-3,-4,0,0,0,0,0,0,0,0,0,0,0,0,0,0,-26,4,-32,2,-28,6,-24,6,-28,8,-27,6,-22,7,-29,10,-25,10,-24,9,-30,6,-28,10,-30,7,-25,9,-26,14,-30,16,-28,13,-35,12,-32,16,-28,15,-29,15,-29,14,-36,15,-30,11,-33,13,-38,15,-32,12,-30,16,-36,16,-41,21,-36,23,-37,21,-34,17,-38,21,-36,21,-37,13,-28,18,-37,14,-38,20,-39,12,-35,15,-38,12,-33,18,-37,15,-32,10,-32,15,-33,13,-27,8,-33,13,-29,10,-27,13,-25,11,-27,9,-20,7,-18,12,-22,14,-24,9,0,0,0,0,0,0,0,0,0,0,0,0,0,0,0,0,0,0,0,0,0,0,61,-37,68,-37,68,-30,72,-28,70,-23,73,-18,76,-23,76,-17,87,-18,78,-17,81,-13,80,-14,89,-20,88,-19,90,-11,78,-9,84,-12,86,-8,80,-10,81,-6,79,-10,85,-10,73,-9,79,-8,76,-11,76,-13,70,-3,64,-11,64,-10,58,-16,59,-11,53,-12,49,-11,52,-14,41,-18,41,-18,40,-16,34,-19,31,-21,29,-24,29,-25,26,-26,19,-25,20,-29,16,-26,12,-35,20,-31,12,-31,12,-31,12,-28,11,-28,6,-29,8,-33,7,-27,-2,-31,-1,-35,-2,-30,0,0]"
CSI_DATA,169,2a:00:00:00:00:00,-49,11,1,0,1,1,1,0,0,0,1,-96,0,11,2,2544642,0,44,0,384,0,"[0,0,0,0,0,0,0,0,0,0,0,0,0,8,0,8,0,8,0,9,0,9,0,8,0,8,0,8,0,8,0,8,0,8,1,9,1,8,1,9,1,9,1,9,1,9,1,9,1,9,1,9,1,9,1,9,0,8,1,8,1,9,1,9,0,0,1,9,1,9,1,9,0,8,1,8,0,8,0,8,0,8,-1,8,-1,8,-1,8,0,7,0,7,-1,7,-2,6,-1,6,-1,6,-1,5,-1,5,-1,5,-1,5,-1,5,-1,4,-1,4,-1,4,-1,4,0,0,0,0,0,0,0,0,0,0,0,0,0,0,40,18,42,27,46,12,45,20,46,29,43,19,44,20,45,21,42,19,46,21,45,17,47,18,50,13,42,13,48,17,47,16,50,16,47,15,50,20,48,12,48,13,46,12,46,6,46,19,48,18,45,13,44,14,44,13,49,15,49,17,42,18,48,19,36,18,43,16,48,15,42,17,38,21,40,22,41,20,41,19,36,20,34,25,30,20,33,19,31,24,28,19,29,18,27,19,26,13,26,18,20,21,25,7,16,17,19,14,14,18,19,13,15,15,0,0,0,0,0,0,0,0,0,0,0,0,0,0,0,0,0,0,0,0,0,0,-35,48,-47,46,-46,45,-55,42,-54,37,-62,31,-62,31,-67,22,-67,32,-63,22,-74,22,-72,20,-80,17,-77,16,-81,8,-77,12,-75,12,-71,6,-74,0,-72,5,-66,3,-77,-4,-72,-6,-73,-8,-67,-13,-57,-15,-68,-11,-62,-12,-58,-10,-58,-10,-49,-4,-50,-10,-43,-2,-46,-3,-44,-3,-40,-1,-38,2,-33,-1,-36,3,-31,1,-32,10,-28,8,-27,11,-23,13,-24,24,-29,16,-26,20,-20,25,-23,25,-20,21,-23,21,-22,29,-24,34,-23,30,-24,37,-22,35,-18,38,0,0]"
CSI_DATA,170,2a:00:00:00:00:00,-49,11,1,0,1,1,1,0,0,0,1,-96,0,11,2,2554946,0,44,0,384,0,"[0,0,0,0,0,0,0,0,0,0,0,0,4,-9,4,-10,3,-10,4,-10,4,-10,4,-9,4,-10,4,-9,4,-9,3,-9,4,-9,3,-10,3,-10,4,-10,3,-10,4,-10,3,-10,3,-9,3,-9,3,-10,3,-9,3,-9,3,-9,3,-9,3,-9,3,-9,0,0,3,-9,3,-9,2,-9,3,-8,3,-8,3,-8,2,-8,3,-7,3,-8,4,-7,4,-8,3,-7,3,-6,3,-6,4,-5,3,-5,2,-5,3,-5,2,-4,2,-4,2,-4,2,-4,2,-4,2,-4,2,-3,2,-3,0,0,0,0,0,0,0,0,0,0,0,0,0,0,23,-53,23,-49,24,-61,15,-53,23,-52,18,-54,22,-60,22,-61,17,-54,20,-56,16,-55,22,-54,24,-56,21,-50,16,-58,17,-59,13,-60,15,-57,11,-52,15,-49,12,-59,18,-54,14,-56,11,-54,10,-52,14,-52,11,-50,11,-55,11,-53,14,-55,11,-51,7,-58,8,-50,9,-46,13,-41,11,-49,11,-49,14,-46,16,-43,15,-41,15,-41,20,-39,14,-40,14,-36,13,-38,13,-29,14,-28,12,-34,12,-27,12,-24,11,-27,13,-22,6,-21,8,-17,7,-26,9,-20,10,-17,0,0,0,0,0,0,0,0,0,0,0,0,0,0,0,0,0,0,0,0,0,0,51,30,46,39,45,40,43,46,37,47,37,49,33,53,31,57,29,61,25,59,29,61,22,64,24,64,18,64,20,70,7,65,8,73,8,67,9,71,2,66,2,64,4,63,-4,62,2,59,-1,55,2,54,-2,58,-6,55,-4,52,-1,53,-2,42,-3,48,1,39,1,38,4,34,3,40,5,30,15,29,12,32,18,29,14,26,18,26,23,23,24,24,24,20,34,20,28,21,32,20,35,22,34,23,38,23,42,20,39,23,45,20,52,20,48,24,50,17,0,0]"
CSI_DATA,171,2a:00:00:00:00:00,-48,11,1,0,1,1,1,0,0,0,1,-96,0,11,2,2564659,0,44,0,384,0,"[0,0,0,0,0,0,0,0,0,0,0,0,1,11,1,11,1,11,1,12,1,11,1,11,1,11,1,11,1,11,1,11,1,11,1,11,1,11,1,11,2,11,2,11,2,11,2,11,2,11,2,10,2,10,2,11,1,10,2,10,2,10,1,10,0,0,1,10,2,10,2,10,1,9,1,9,1,9,1,9,1,9,0,8,0,8,0,8,0,7,0,7,0,7,-1,6,-1,6,-1,6,-1,5,-1,5,-1,4,-1,4,-1,4,-1,4,-1,4,-1,4,-1,4,0,0,0,0,0,0,0,0,0,0,0,0,0,0,62,17,58,15,65,16,62,18,64,15,64,15,62,16,68,11,58,15,57,18,61,15,63,15,63,8,50,15,62,8,63,11,63,11,63,5,66,13,55,13,68,6,54,8,60,5,53,8,52,4,62,7,52,5,57,5,60,12,55,4,51,4,61,8,52,9,56,8,54,6,50,10,43,9,46,9,42,7,49,10,41,10,47,18,43,15,40,12,39,12,34,13,36,13,32,7,31,12,26,8,20,11,25,6,24,8,21,6,19,12,23,10,20,8,0,0,0,0,0,0,0,0,0,0,0,0,0,0,0,0,0,0,0,0,0,0,4,49,-1,55,-7,48,-14,53,-13,50,-20,53,-27,51,-23,50,-34,52,-28,45,-37,48,-40,44,-41,43,-44,45,-46,44,-43,39,-50,39,-44,37,-42,36,-49,31,-47,33,-51,24,-46,22,-46,20,-47,19,-46,23,-35,18,-50,25,-39,20,-37,25,-31,17,-38,18,-38,18,-26,15,-30,19,-28,16,-26,19,-29,23,-24,25,-22,23,-23,29,-15,30,-20,38,-18,33,-15,41,-11,32,-12,37,-9,47,-13,50,-12,40,-14,53,-14,54,-16,56,-16,53,-8,52,-11,59,-16,60,0,0]"
CSI_DATA,172,2a:00:00:00:00:00,-48,11,1,0,1,1,1,0,0,0,1,-96,0,11,2,2574672,0,44,0,384,0,"[0,0,0,0,0,0,0,0,0,0,0,0,-3,-12,-3,-13,-3,-12,-3,-13,-3,-13,-3,-13,-3,-12,-3,-12,-3,-12,-3,-12,-3,-13,-4,-13,-4,-13,-4,-13,-4,-13,-4,-12,-4,-13,-3,-12,-4,-12,-4,-12,-3,-12,-4,-12,-3,-11,-4,-12,-4,-12,-4,-12,0,0,-3,-12,-3,-11,-3,-12,-3,-10,-3,-11,-3,-11,-3,-11,-2,-10,-2,-10,-2,-9,-1,-9,-1,-9,-1,-9,-1,-9,-1,-7,-1,-7,-1,-7,-1,-7,-1,-6,-1,-6,-1,-6,-1,-6,-1,-6,-1,-5,-1,-5,-1,-5,0,0,0,0,0,0,0,0,0,0,0,0,0,0,-64,-9,-65,-13,-66,-9,-67,-10,-68,-8,-64,-10,-69,-13,-68,-8,-62,-13,-62,-12,-65,-4,-63,-8,-60,-1,-65,-8,-59,-9,-61,-4,-66,-8,-61,-7,-60,-4,-66,-3,-70,-2,-64,-3,-57,-1,-60,1,-60,-6,-66,-6,-59,-5,-60,-3,-58,-3,-64,-6,-60,-8,-62,-8,-57,-3,-57,-2,-52,-2,-50,-4,-51,0,-51,-3,-43,-4,-49,-5,-49,-7,-43,-13,-43,-12,-38,-8,-33,-9,-36,-7,-33,-10,-30,-3,-24,-8,-24,-11,-30,-4,-30,-7,-25,-3,-23,-4,-20,-8,-22,-8,-21,-10,0,0,0,0,0,0,0,0,0,0,0,0,0,0,0,0,0,0,0,0,0,0,-19,-45,-15,-53,-13,-52,-7,-52,-7,-50,-2,-53,3,-50,2,-58,8,-56,9,-55,21,-56,13,-53,21,-53,18,-51,22,-49,23,-49,23,-48,29,-51,30,-45,32,-45,32,-38,41,-48,34,-41,38,-45,36,-36,34,-35,42,-28,33,-31,33,-30,29,-33,29,-30,27,-32,27,-25,24,-34,20,-29,23,-30,21,-31,18,-32,22,-33,22,-37,21,-34,13,-40,10,-43,12,-38,12,-37,4,-35,3,-41,8,-49,6,-53,7,-46,13,-52,11,-57,10,-60,5,-56,8,-60,2,-64,3,-59,0,0]"
CSI_DATA,173,2a:00:00:00:00:00,-48,11,1,0,1,1,1,0,0,0,1,-96,0,11,2,2586000,0,44,0,384,0,"[0,0,0,0,0,0,0,0,0,0,0,0,2,-11,2,-10,1,-12,1,-11,1,-11,2,-10,1,-11,1,-11,1,-10,0,-11,1,-11,0,-11,1,-11,1,-11,1,-11,0,-11,0,-12,1,-11,0,-11,0,-10,0,-11,0,-10,1,-11,0,-11,0,-11,0,-10,0,0,1,-10,0,-10,0,-10,0,-10,0,-9,0,-10,0,-10,0,-9,1,-8,1,-8,1,-8,1,-8,1,-7,1,-7,1,-7,1,-6,1,-7,1,-6,1,-6,1,-5,1,-5,1,-5,1,-5,1,-5,1,-4,1,-4,0,0,0,0,0,0,0,0,0,0,0,0,0,0,11,-56,10,-48,9,-56,7,-57,5,-51,10,-49,10,-51,7,-53,9,-49,11,-52,8,-50,7,-52,6,-52,7,-52,8,-54,1,-54,2,-55,5,-54,2,-58,3,-50,2,-56,2,-51,-1,-53,1,-52,3,-56,4,-50,1,-53,-3,-50,4,-51,1,-49,1,-45,3,-53,2,-49,4,-52,1,-41,3,-45,2,-48,5,-48,5,-45,5,-38,5,-38,4,-38,9,-41,5,-34,5,-36,8,-31,7,-31,6,-28,7,-25,9,-25,7,-24,10,-24,6,-23,8,-20,8,-24,8,-21,7,-23,0,0,0,0,0,0,0,0,0,0,0,0,0,0,0,0,0,0,0,0,0,0,21,-60,20,-26,35,-17,50,-28,20,8,33,-38,44,-35,6,26,38,13,64,-8,28,6,49,-2,32,-23,56,10,44,20,48,19,40,21,63,17,58,33,39,37,61,35,47,24,3,29,18,27,35,37,20,44,55,8,30,54,32,61,11,18,4,16,10,20,18,24,21,24,34,24,27,19,20,23,23,19,25,22,27,20,29,20,28,17,26,17,30,15,30,15,29,12,35,13,38,11,41,14,38,11,40,11,43,10,41,13,40,10,44,13,52,12,46,10,0,0]"
CSI_DATA,174,2a:00:00:00:00:00,-48,11,1,0,1,1,1,0,0,0,1,-96,0,11,2,2594653,0,44,0,384,0,"[0,0,0,0,0,0,0,0,0,0,0,0,-8,-6,-7,-6,-8,-6,-8,-6,-8,-6,-8,-6,-8,-6,-9,-6,-8,-6,-9,-6,-9,-6,-9,-6,-10,-6,-10,-6,-9,-6,-10,-5,-9,-5,-10,-5,-9,-5,-10,-5,-10,-6,-9,-6,-9,-6,-10,-5,-10,-5,-9,-5,0,0,-10,-5,-10,-5,-9,-5,-9,-5,-8,-5,-9,-5,-9,-5,-8,-5,-8,-5,-8,-5,-8,-5,-7,-5,-7,-5,-7,-5,-6,-4,-6,-5,-5,-5,-5,-4,-5,-4,-4,-4,-5,-4,-4,-4,-4,-4,-4,-4,-3,-4,-4,-3,0,0,0,0,0,0,0,0,0,0,0,0,0,0,-19,-17,-17,-15,-22,-16,-21,-16,-21,-16,-21,-17,-21,-15,-21,-17,-19,-15,-21,-16,-22,-17,-21,-14,-24,-17,-21,-14,-24,-14,-23,-14,-24,-13,-25,-15,-26,-14,-24,-12,-28,-14,-23,-12,-26,-12,-24,-14,-24,-12,-24,-13,-24,-13,-25,-12,-23,-12,-26,-10,-24,-11,-27,-13,-23,-13,-26,-13,-23,-9,-25,-14,-22,-13,-20,-13,-21,-14,-20,-12,-20,-12,-22,-11,-19,-15,-17,-12,-18,-12,-15,-10,-16,-11,-15,-11,-14,-13,-14,-11,-16,-12,-13,-7,-11,-9,-11,-9,-11,-9,-9,-10,-9,-11,0,0,0,0,0,0,0,0,0,0,0,0,0,0,0,0,0,0,0,0,0,0,8,-31,10,-25,8,-35,21,-35,-12,-14,-1,-39,6,-45,14,-34,15,-23,-1,-24,14,-26,20,-26,19,-26,19,-28,22,-25,22,-20,23,-25,22,-15,20,-20,37,-22,33,-25,29,-9,38,0,15,-13,18,16,22,2,49,-13,25,-18,30,-15,21,-17,34,-6,31,-3,19,-7,23,2,25,-8,22,0,19,-2,16,-8,15,-5,17,-6,16,-6,16,-10,18,-8,16,-9,14,-10,12,-12,15,-10,17,-12,15,-11,17,-10,15,-14,17,-13,17,-15,14,-13,15,-15,18,-16,14,-16,0,0]"
CSI_DATA,175,2a:00:00:00:00:00,-49,11,1,0,1,1,1,0,0,0,1,-96,0,11,2,2604793,0,44,0,384,0,"[0,0,0,0,0,0,0,0,0,0,0,0,8,-2,8,-2,8,-2,8,-2,8,-3,8,-3,8,-3,9,-4,9,-3,9,-4,9,-4,9,-4,9,-4,9,-4,9,-4,10,-5,10,-5,10,-5,9,-5,9,-5,10,-5,10,-5,10,-5,10,-5,10,-5,10,-5,0,0,10,-6,10,-5,10,-5,10,-5,9,-5,9,-5,9,-4,9,-4,10,-4,9,-4,9,-3,8,-3,8,-3,8,-3,8,-3,8,-2,7,-2,7,-2,7,-2,6,-2,7,-2,6,-2,6,-1,5,-1,6,-1,5,0,0,0,0,0,0,0,0,0,0,0,0,0,0,0,6,-38,8,-44,0,-44,2,-42,4,-39,8,-46,0,-48,3,-47,5,-50,5,-51,-2,-50,-1,-50,-3,-49,-4,-54,-3,-54,-4,-50,-6,-53,-6,-54,-9,-53,-8,-55,-14,-57,-6,-48,-9,-49,-12,-63,-6,-58,-9,-58,-4,-60,-10,-56,-10,-57,-10,-55,-5,-50,-4,-56,-2,-58,-7,-51,-8,-53,-7,-53,-10,-58,-7,-62,-7,-53,-2,-53,-3,-52,2,-52,0,-51,1,-45,-1,-47,-4,-42,4,-40,6,-43,-1,-37,10,-29,-1,-30,8,-30,7,-32,8,-28,6,-30,5,-30,12,-28,0,0,0,0,0,0,0,0,0,0,0,0,0,0,0,0,0,0,0,0,0,0,44,-46,48,-37,54,-35,59,-28,61,-26,60,-22,63,-15,62,-7,67,-7,69,-7,70,-2,66,2,76,3,69,6,63,14,66,18,64,16,68,24,65,23,60,29,59,31,58,34,51,39,49,30,44,34,53,35,48,40,43,38,34,38,37,37,31,33,29,35,26,35,27,35,19,29,24,32,20,27,23,25,27,26,27,25,31,22,27,23,26,24,28,18,33,18,37,25,23,17,30,13,35,15,28,21,32,15,31,13,33,13,34,6,35,8,34,5,37,9,0,0]"
CSI_DATA,176,2a:00:00:00:00:00,-50,11,1,0,1,1,1,0,0,0,1,-96,0,11,2,2614811,0,44,0,384,0,"[0,0,0,0,0,0,0,0,0,0,0,0,-6,3,-6,4,-6,4,-6,4,-6,4,-7,4,-6,5,-7,5,-7,5,-7,5,-7,5,-7,6,-7,6,-7,6,-7,6,-7,7,-7,7,-7,7,-7,7,-7,7,-7,7,-7,7,-7,7,-7,7,-7,7,-7,8,0,0,-7,8,-7,7,-7,7,-7,8,-7,7,-7,7,-7,7,-7,7,-7,7,-8,6,-8,6,-7,6,-7,5,-7,5,-7,5,-7,5,-6,4,-6,4,-6,4,-6,4,-6,3,-5,3,-5,3,-5,3,-6,2,-6,2,0,0,0,0,0,0,0,0,0,0,0,0,0,0,8,29,12,34,13,38,17,32,13,30,20,31,15,40,14,37,17,35,18,38,21,37,24,32,24,35,21,39,26,36,24,42,31,42,25,35,26,35,26,35,32,39,27,42,28,37,32,35,34,41,37,41,34,43,33,38,33,44,30,38,30,36,33,42,36,39,36,40,30,34,30,41,30,44,33,39,28,40,25,34,30,39,27,40,24,38,25,34,26,37,22,35,20,35,21,37,12,29,16,28,14,28,14,32,14,31,10,26,6,28,10,21,7,23,0,0,0,0,0,0,0,0,0,0,0,0,0,0,0,0,0,0,0,0,0,0,-52,46,-53,45,-59,40,-66,37,-65,33,-62,28,-67,27,-68,26,-73,18,-74,20,-69,5,-70,7,-81,6,-76,-1,-76,0,-78,-5,-74,-6,-72,-7,-72,-14,-69,-15,-67,-14,-65,-19,-62,-17,-63,-27,-56,-31,-57,-31,-52,-28,-47,-26,-45,-27,-43,-27,-40,-26,-40,-19,-39,-24,-36,-25,-32,-24,-30,-20,-30,-16,-30,-22,-27,-18,-29,-10,-27,-17,-30,-10,-31,-8,-27,-7,-32,-4,-38,-17,-25,-3,-27,-6,-28,-4,-26,-2,-28,-2,-32,0,-32,-3,-37,-1,-34,2,-32,4,-31,10,0,0]"
CSI_DATA,177,2a:00:00:00:00:00,-50,11,1,0,1,1,1,0,0,0,1,-96,0,11,2,2624667,0,44,0,384,0,"[0,0,0,0,0,0,0,0,0,0,0,0,0,6,0,6,0,7,0,7,0,7,0,7,0,7,0,7,0,8,1,8,1,8,1,8,1,8,1,8,1,8,1,9,1,9,1,9,1,9,1,9,1,9,1,9,1,9,2,9,2,9,1,9,0,0,1,9,2,9,2,9,1,8,2,9,1,9,1,9,1,8,1,8,1,8,1,8,1,8,1,7,1,7,0,7,0,7,0,7,0,6,0,6,0,5,0,5,0,6,0,5,0,5,-1,5,-1,5,0,0,0,0,0,0,0,0,0,0,0,0,0,0,31,12,34,18,31,17,29,14,38,16,32,14,37,18,37,17,42,10,38,10,42,16,42,11,39,18,43,15,46,15,46,11,49,9,46,17,50,17,46,18,48,18,42,19,41,16,46,14,43,13,45,21,50,15,42,13,43,15,45,10,45,15,46,15,46,15,51,10,47,9,39,18,46,13,43,13,43,19,43,17,45,14,37,12,34,13,33,18,38,14,34,18,31,19,33,10,24,11,30,14,26,22,25,13,26,13,25,13,22,18,23,18,18,13,0,0,0,0,0,0,0,0,0,0,0,0,0,0,0,0,0,0,0,0,0,0,-13,67,-22,66,-25,65,-28,61,-32,59,-39,56,-37,56,-49,61,-52,55,-52,55,-56,51,-63,49,-56,56,-60,47,-65,47,-68,36,-66,41,-68,37,-63,37,-69,35,-67,25,-75,21,-64,25,-63,10,-64,14,-60,19,-57,11,-61,6,-57,10,-53,3,-52,6,-48,5,-46,5,-42,3,-43,3,-42,3,-36,11,-35,8,-35,4,-27,3,-30,3,-25,14,-23,12,-27,11,-20,9,-33,15,-23,17,-20,14,-23,17,-22,16,-22,14,-18,21,-16,19,-18,30,-19,22,-24,19,-24,28,0,0]"
CSI_DATA,178,2a:00:00:00:00:00,-48,11,1,0,1,1,1,0,0,0,1,-96,0,11,2,2655681,0,44,0,384,0,"[0,0,0,0,0,0,0,0,0,0,0,0,7,3,7,3,7,3,8,3,7,3,7,3,8,3,8,2,7,3,8,2,8,2,8,2,9,2,9,2,8,2,9,2,9,2,8,2,9,1,8,2,8,2,9,2,9,2,9,1,8,2,9,1,0,0,8,1,8,2,8,1,8,1,8,2,8,2,8,2,8,2,7,1,7,1,7,2,6,2,6,2,6,2,6,1,5,2,5,2,5,1,5,2,5,2,4,2,4,2,3,2,4,2,3,2,3,2,0,0,0,0,0,0,0,0,0,0,0,0,0,0,35,19,34,18,47,13,37,22,43,17,48,19,45,19,41,23,46,25,47,18,48,17,46,13,53,14,49,15,45,18,56,12,54,15,45,17,52,18,52,16,54,21,48,11,48,12,52,15,52,16,46,16,47,16,51,12,47,13,55,8,52,11,51,13,48,12,52,13,50,14,48,12,48,15,46,19,45,14,40,20,42,12,40,17,37,18,36,14,35,16,37,19,38,17,33,16,31,15,30,15,33,15,24,15,19,12,21,11,19,19,20,17,22,16,0,0,0,0,0,0,0,0,0,0,0,0,0,0,0,0,0,0,0,0,0,0,-5,54,-13,55,-14,53,-25,56,-28,49,-30,54,-31,50,-36,51,-41,48,-37,43,-47,43,-49,42,-48,46,-54,35,-58,38,-56,30,-62,29,-55,26,-65,31,-68,28,-59,21,-55,14,-52,17,-61,16,-58,10,-56,5,-56,8,-62,13,-60,1,-46,2,-65,3,-52,13,-42,6,-51,-3,-34,6,-35,10,-38,4,-40,8,-38,17,-47,8,-28,14,-37,25,-29,25,-30,19,-24,12,-26,4,-37,10,-20,27,-29,32,-25,13,-38,25,-32,40,-35,37,-25,31,-15,27,-19,29,-20,29,0,0]"
CSI_DATA,179,2a:00:00:00:00:00,-49,11,1,0,1,1,1,0,0,0,1,-96,0,11,2,2664662,0,44,0,384,0,"[0,0,0,0,0,0,0,0,0,0,0,0,6,5,6,5,6,4,6,4,6,5,6,4,6,4,6,4,6,4,7,4,7,4,8,4,8,4,8,4,7,4,7,4,7,3,7,4,8,4,8,4,8,4,7,4,7,3,8,4,7,4,7,3,0,0,7,3,7,4,8,4,7,3,7,4,7,4,7,5,6,4,6,4,6,3,6,4,5,4,5,4,4,4,4,4,4,4,4,4,4,4,3,3,3,3,3,4,3,3,2,3,2,3,2,3,2,3,0,0,0,0,0,0,0,0,0,0,0,0,0,0,30,31,28,29,32,34,31,33,38,32,35,31,33,30,34,31,36,25,34,25,37,25,36,26,37,26,39,25,36,23,41,23,46,29,47,22,43,23,48,22,49,21,42,24,44,23,43,23,43,23,44,24,48,21,51,19,50,19,48,22,45,21,49,16,40,21,43,18,46,24,41,23,44,20,41,24,38,22,42,23,35,20,38,22,34,23,35,19,28,24,32,23,27,19,24,21,23,20,25,21,24,20,21,19,17,19,16,19,16,18,16,18,14,20,0,0,0,0,0,0,0,0,0,0,0,0,0,0,0,0,0,0,0,0,0,0,-5,55,-13,58,-16,58,-18,58,-22,55,-29,54,-35,52,-38,50,-44,50,-42,46,-43,49,-45,46,-55,49,-61,39,-58,34,-56,36,-60,31,-58,31,-62,27,-69,22,-61,20,-66,16,-61,16,-60,15,-65,6,-63,9,-62,1,-57,2,-57,0,-58,3,-49,0,-57,3,-49,-3,-46,-2,-45,-2,-47,2,-42,5,-49,6,-41,10,-42,12,-41,6,-33,9,-35,10,-41,13,-35,15,-35,11,-37,17,-36,21,-35,17,-33,22,-37,18,-33,24,-41,27,-34,20,-34,28,-36,24,-32,21,0,0]"
CSI_DATA,180,2a:00:00:00:00:00,-49,11,1,0,1,1,1,0,0,0,1,-96,0,11,2,2674660,0,44,0,384,0,"[0,0,0,0,0,0,0,0,0,0,0,0,-6,-7,-6,-7,-7,-7,-7,-7,-6,-7,-6,-6,-6,-7,-6,-6,-7,-6,-7,-7,-7,-7,-8,-6,-9,-7,-8,-6,-8,-7,-9,-6,-8,-6,-8,-6,-9,-6,-9,-7,-8,-7,-9,-6,-8,-6,-9,-6,-9,-6,-8,-6,0,0,-9,-6,-9,-6,-9,-6,-8,-6,-8,-7,-8,-7,-8,-7,-7,-7,-7,-6,-7,-6,-7,-6,-7,-6,-6,-6,-6,-6,-5,-6,-6,-5,-5,-6,-4,-5,-4,-5,-4,-4,-4,-5,-4,-5,-3,-5,-3,-5,-3,-5,-3,-5,0,0,0,0,0,0,0,0,0,0,0,0,0,0,-30,-36,-28,-34,-31,-28,-31,-37,-36,-34,-34,-35,-32,-30,-40,-34,-34,-36,-37,-31,-39,-28,-40,-26,-43,-29,-43,-26,-42,-25,-41,-25,-44,-28,-44,-26,-47,-29,-44,-28,-46,-31,-46,-24,-50,-24,-40,-24,-46,-26,-47,-31,-46,-23,-47,-20,-48,-27,-53,-22,-45,-19,-52,-24,-46,-29,-46,-22,-50,-17,-43,-27,-42,-28,-40,-23,-40,-26,-44,-22,-38,-24,-39,-28,-37,-28,-36,-26,-31,-28,-32,-27,-32,-25,-25,-29,-23,-23,-25,-23,-26,-22,-24,-21,-21,-20,-18,-26,-20,-22,-19,-22,-19,-24,0,0,0,0,0,0,0,0,0,0,0,0,0,0,0,0,0,0,0,0,0,0,-3,-61,5,-64,11,-65,22,-64,21,-64,29,-62,32,-57,36,-55,44,-58,41,-56,50,-50,53,-53,57,-51,59,-45,62,-40,60,-33,62,-31,60,-32,57,-37,63,-20,60,-21,66,-20,62,-13,62,-11,59,-10,63,-5,63,-5,62,-7,47,0,53,-2,51,0,51,3,46,3,42,-1,48,-3,43,-6,36,-4,40,-13,40,-3,40,-3,41,-7,39,-10,41,-12,34,-13,39,-17,31,-11,34,-15,34,-18,40,-24,36,-20,35,-17,40,-21,37,-19,36,-22,38,-22,40,-19,34,-22,0,0]"
CSI_DATA,181,2a:00:00:00:00:00,-49,11,1,0,1,1,1,0,0,0,1,-96,0,11,2,2684981,0,44,0,384,0,"[0,0,0,0,0,0,0,0,0,0,0,0,-8,-1,-8,-1,-8,-1,-8,-1,-9,-1,-9,-1,-9,0,-9,0,-9,0,-10,0,-10,0,-10,1,-10,1,-10,1,-11,0,-11,1,-11,1,-11,1,-11,1,-11,1,-11,0,-11,1,-11,1,-11,2,-12,1,-12,2,0,0,-12,2,-12,1,-12,1,-12,2,-11,1,-12,1,-11,1,-11,1,-11,1,-11,1,-11,0,-10,0,-10,0,-10,0,-10,0,-10,0,-9,-1,-9,-1,-9,-1,-8,-1,-8,-1,-7,-1,-7,-1,-7,-1,-7,-2,-7,-2,0,0,0,0,0,0,0,0,0,0,0,0,0,0,-21,26,-20,22,-20,30,-22,32,-16,38,-19,27,-17,38,-20,42,-20,44,-12,36,-15,35,-13,40,-16,45,-16,42,-14,48,-13,49,-17,52,-15,46,-14,51,-11,54,-11,52,-17,59,-10,50,-15,59,-15,46,-15,59,-15,56,-11,58,-18,54,-9,52,-12,55,-13,55,-15,54,-1,55,-13,58,-12,52,-4,55,-17,57,-16,52,-14,51,-13,51,-19,56,-14,48,-16,46,-17,45,-14,40,-18,36,-19,42,-14,35,-12,37,-18,37,-15,30,-15,32,-16,32,-19,29,-17,26,-22,28,0,0,0,0,0,0,0,0,0,0,0,0,0,0,0,0,0,0,0,0,0,0,-66,-1,-64,-9,-67,-16,-61,-20,-62,-24,-57,-26,-57,-34,-51,-40,-57,-46,-52,-44,-51,-48,-47,-57,-41,-55,-42,-52,-38,-53,-33,-62,-26,-59,-27,-59,-26,-57,-19,-60,-17,-51,-8,-61,-11,-60,-8,-55,-2,-50,-7,-49,-8,-46,0,-43,-3,-48,-5,-45,2,-41,-1,-42,2,-41,-3,-42,6,-39,0,-34,-2,-34,-1,-28,-1,-28,-6,-29,-7,-32,-9,-32,-6,-27,-13,-29,-8,-28,-4,-33,-15,-26,-12,-27,-18,-30,-18,-28,-19,-29,-17,-24,-15,-26,-23,-30,-28,-27,-18,-23,-25,-21,0,0]"
CSI_DATA,182,2a:00:00:00:00:00,-52,11,1,0,1,1,1,0,0,0,1,-96,0,11,2,2705233,0,44,0,384,0,"[0,0,0,0,0,0,0,0,0,0,0,0,-1,-5,-1,-5,-1,-6,-1,-6,-1,-6,-1,-7,-1,-7,-1,-7,-1,-8,-1,-8,0,-8,0,-9,0,-9,0,-9,0,-10,0,-10,0,-10,0,-10,0,-10,0,-11,0,-11,-1,-11,0,-11,-1,-11,0,-11,-1,-12,0,0,-1,-12,-1,-12,-1,-12,-1,-12,-1,-12,-2,-12,-2,-12,-2,-12,-1,-12,-1,-12,-1,-12,-1,-11,-1,-11,-1,-11,-1,-11,-1,-10,-1,-10,-1,-10,-1,-9,-1,-9,-1,-9,-1,-9,-1,-8,-1,-8,0,-8,0,-8,0,0,0,0,0,0,0,0,0,0,0,0,0,0,-10,-1,-8,1,-13,-4,-11,-2,-14,-1,-15,-4,-15,-10,-13,-9,-15,-8,-13,-9,-15,-7,-19,-10,-19,-9,-19,-13,-20,-7,-16,-13,-20,-12,-22,-8,-23,-15,-22,-13,-25,-11,-19,-12,-23,-14,-22,-14,-24,-14,-28,-14,-23,-14,-26,-12,-27,-15,-23,-10,-27,-9,-27,-12,-29,-14,-27,-15,-27,-7,-25,-16,-25,-14,-24,-15,-30,-13,-29,-14,-28,-12,-23,-10,-24,-13,-22,-12,-24,-13,-22,-10,-24,-8,-23,-10,-23,-11,-21,-9,-19,-8,-17,-8,-20,-9,-14,-10,-18,-11,-17,-13,-17,-10,0,0,0,0,0,0,0,0,0,0,0,0,0,0,0,0,0,0,0,0,0,0,44,-9,47,-3,46,1,44,6,44,9,39,7,40,12,45,14,43,16,41,18,38,20,36,21,35,19,35,15,31,21,29,13,31,21,28,17,25,18,19,23,23,22,24,19,15,15,20,13,11,16,10,16,13,14,8,5,8,13,5,10,6,2,11,5,4,4,-2,8,4,6,3,3,3,4,0,-1,3,-2,1,-2,1,-4,3,-2,-1,-4,-1,-5,-1,-6,4,0,2,-10,-2,-8,2,-8,-1,-8,0,-8,-1,-9,0,-6,-1,-5,-1,-8,-4,-11,0,-9,0,0]"
CSI_DATA,183,2a:00:00:00:00:00,-50,11,1,0,1,1,1,0,0,0,1,-96,0,11,2,2716427,0,44,0,384,0,"[0,0,0,0,0,0,0,0,0,0,0,0,-4,1,-3,3,1,1,-4,3,-5,3,-7,-1,-3,5,-4,2,-1,3,-6,4,-5,2,-7,4,-7,4,-6,5,-7,4,-5,6,-8,6,-8,6,-8,6,-8,7,-8,7,-8,8,-8,7,-8,8,-8,8,-8,8,0,0,-9,9,-9,9,-9,9,-8,9,-8,9,-8,10,-8,10,-8,9,-9,10,-9,9,-9,9,-8,8,-8,8,-8,9,-8,8,-8,8,-8,8,-8,7,-7,7,-7,7,-7,7,-7,6,-7,6,-6,6,-7,5,-7,5,0,0,0,0,0,0,0,0,0,0,0,0,0,0,11,32,-1,-3,0,-2,-26,1,6,15,5,10,20,-9,3,21,10,7,-6,39,27,48,-15,28,3,14,-9,51,12,49,13,36,0,34,9,48,6,54,15,40,11,41,26,47,16,50,19,52,12,49,19,47,15,46,23,53,25,56,21,53,27,53,31,60,26,58,24,55,26,54,29,64,31,67,35,63,27,60,29,60,35,59,31,57,17,61,18,58,26,55,21,48,21,48,23,52,23,50,19,50,17,40,23,49,16,43,15,44,10,41,12,43,8,34,0,0,0,0,0,0,0,0,0,0,0,0,0,0,0,0,0,0,0,0,0,0,-83,16,-82,14,-83,7,-93,-3,-83,-7,-86,-11,-80,-11,-75,-16,-81,-16,-78,-26,-72,-25,-72,-29,-78,-32,-62,-39,-55,-30,-56,-29,-56,-27,-58,-33,-43,-36,-51,-27,-42,-27,-39,-23,-25,-27,-29,-31,-22,-30,-22,-23,-17,-21,-13,-21,-17,-16,-11,-12,-12,-13,-2,-15,-5,-2,-7,-13,0,-7,2,-2,9,-2,4,8,1,-6,6,1,10,6,6,4,2,8,-6,-6,6,-3,15,3,7,23,19,9,2,9,3,5,27,7,-4,0,0,2,20,-24,2,8,2,4,-9,-8,0,0]"
CSI_DATA,184,2a:00:00:00:00:00,-48,11,1,0,1,1,1,0,0,0,1,-96,0,11,2,2734680,0,44,0,384,0,"[0,0,0,0,0,0,0,0,0,0,0,0,3,-3,3,-4,2,-4,2,-5,2,-5,2,-6,2,-6,2,-7,1,-7,1,-7,1,-8,1,-9,0,-9,0,-9,0,-10,0,-11,-1,-11,-1,-11,-1,-11,-1,-12,-1,-12,-1,-13,-1,-13,-1,-13,-1,-14,-1,-14,0,0,-1,-14,-1,-15,-2,-14,-1,-14,-1,-14,-1,-15,-1,-15,-1,-14,0,-14,0,-14,0,-14,0,-14,0,-13,1,-13,1,-13,1,-12,1,-13,1,-11,1,-11,1,-11,1,-11,2,-10,2,-10,2,-10,2,-9,2,-9,0,0,0,0,0,0,0,0,0,0,0,0,0,0,2,-15,1,-22,-6,-23,-13,-16,-13,-24,-9,-19,-19,-16,-22,-16,-25,-14,-25,-18,-33,-12,-28,-14,-36,-13,-29,-14,-39,-18,-46,-8,-44,-20,-53,-14,-48,-14,-51,-7,-59,-6,-58,-10,-57,-11,-59,-2,-59,-11,-64,-4,-65,-11,-66,-13,-67,-11,-72,-8,-72,-12,-77,-11,-68,-7,-71,-5,-73,-7,-65,-14,-62,-9,-73,-3,-72,-13,-73,-12,-72,-11,-66,-20,-64,-17,-62,-12,-60,-14,-60,-17,-65,-19,-65,-14,-51,-21,-57,-16,-54,-18,-49,-12,-49,-14,-44,-21,-48,-23,-39,-24,-39,-24,0,0,0,0,0,0,0,0,0,0,0,0,0,0,0,0,0,0,0,0,0,0,-65,-1,-67,-6,-66,-10,-64,-17,-64,-24,-60,-29,-58,-32,-49,-29,-56,-36,-44,-38,-44,-47,-45,-40,-36,-44,-29,-41,-28,-42,-21,-43,-16,-42,-21,-37,-12,-40,-13,-36,-4,-33,-1,-32,8,-28,11,-29,15,-22,16,-21,19,-19,18,-17,20,-11,25,-10,24,-3,30,-6,26,2,26,1,32,12,28,5,28,11,31,16,30,15,32,15,30,17,37,16,36,18,38,16,28,17,39,16,25,18,27,16,36,8,30,15,28,17,29,12,25,19,27,7,26,14,27,5,24,7,0,0]"
CSI_DATA,185,2a:00:00:00:00:00,-48,11,1,0,1,1,1,0,0,0,1,-96,0,11,2,2745435,0,44,0,384,0,"[0,0,0,0,0,0,0,0,0,0,0,0,-5,4,-5,5,-5,6,-4,6,-4,6,-4,6,-4,7,-3,7,-3,7,-2,8,-2,8,-1,9,-1,8,-1,9,-1,9,-1,10,0,9,0,11,0,10,0,11,-1,11,0,12,-1,12,0,12,0,12,0,12,0,0,-1,13,-1,14,0,12,-1,13,-1,12,-1,13,-1,13,-1,12,-2,13,-2,13,-2,12,-3,11,-3,11,-3,11,-3,11,-3,10,-4,10,-3,9,-3,9,-4,8,-4,8,-5,8,-4,8,-4,7,-4,7,-5,7,0,0,0,0,0,0,0,0,0,0,0,0,0,0,-36,2,-38,5,-40,13,-33,10,-31,19,-32,18,-32,26,-24,22,-25,27,-31,29,-26,28,-21,31,-24,35,-22,39,-17,41,-15,40,-19,51,-19,56,-14,46,-19,53,-12,53,-22,51,-16,57,-18,61,-21,62,-21,62,-18,70,-14,65,-11,65,-13,62,-17,68,-16,69,-18,69,-18,68,-24,66,-24,67,-25,68,-24,67,-31,66,-25,62,-23,62,-26,62,-26,56,-32,58,-29,55,-26,54,-31,50,-27,51,-31,50,-29,39,-33,39,-29,44,-29,36,-32,39,-28,38,-32,33,-32,28,0,0,0,0,0,0,0,0,0,0,0,0,0,0,0,0,0,0,0,0,0,0,46,33,39,39,35,41,26,45,30,43,18,46,14,45,10,48,4,47,-3,48,0,42,-1,36,-16,37,-13,37,-18,22,-21,23,-16,19,-25,14,-23,9,-22,2,-23,2,-28,-7,-22,-18,-24,-13,-23,-19,-20,-21,-13,-24,-11,-33,-14,-32,-13,-37,-6,-35,-9,-40,-7,-45,-3,-45,4,-45,2,-44,-1,-47,0,-50,0,-53,2,-54,8,-51,6,-54,4,-55,7,-57,7,-52,2,-50,3,-54,7,-47,5,-48,7,-54,-2,-50,0,-53,3,-51,4,-47,-2,-50,0,-48,-2,-44,0,0]"
CSI_DATA,186,2a:00:00:00:00:00,-45,11,1,0,1,1,1,0,0,0,1,-96,0,11,2,2754660,0,44,0,384,0,"[0,0,0,0,0,0,0,0,0,0,0,0,6,-5,6,-5,6,-6,6,-6,5,-6,5,-7,5,-7,5,-8,5,-8,4,-8,5,-9,5,-9,4,-9,4,-10,4,-10,4,-11,3,-11,4,-11,3,-11,3,-12,3,-12,3,-12,4,-12,3,-13,3,-13,3,-13,0,0,3,-14,4,-14,3,-14,4,-14,4,-13,4,-13,4,-13,4,-13,5,-13,5,-13,5,-12,5,-12,5,-12,5,-11,5,-11,5,-10,5,-11,5,-9,5,-9,5,-9,5,-8,6,-8,6,-8,6,-7,6,-7,6,-6,0,0,0,0,0,0,0,0,0,0,0,0,0,0,-2,-48,-1,-40,-3,-45,-10,-43,-15,-40,-15,-44,-13,-41,-19,-49,-21,-41,-23,-46,-21,-40,-30,-41,-27,-40,-27,-36,-32,-36,-39,-39,-44,-40,-45,-42,-42,-44,-51,-40,-53,-38,-50,-40,-50,-38,-50,-40,-49,-43,-55,-45,-53,-38,-57,-42,-55,-41,-62,-42,-56,-42,-62,-45,-54,-47,-61,-46,-58,-42,-56,-48,-56,-45,-59,-42,-58,-48,-57,-50,-50,-46,-48,-53,-47,-50,-44,-51,-44,-51,-42,-45,-46,-46,-38,-44,-36,-50,-33,-43,-35,-42,-29,-46,-25,-40,-24,-44,-30,-43,-19,-44,-16,-45,0,0,0,0,0,0,0,0,0,0,0,0,0,0,0,0,0,0,0,0,0,0,-49,9,-46,4,-45,2,-46,-4,-39,-12,-35,-16,-33,-17,-31,-18,-26,-22,-25,-21,-15,-22,-15,-28,-12,-23,-11,-28,2,-24,6,-21,9,-21,11,-20,19,-19,22,-21,24,-17,26,-10,30,-12,34,-7,39,-1,36,-1,37,3,45,11,38,13,47,11,39,11,45,16,43,21,43,19,41,24,45,24,49,21,49,19,46,24,50,25,46,29,47,22,45,23,46,26,43,21,45,26,46,21,44,21,46,18,43,21,47,17,50,16,50,15,44,15,47,13,43,16,44,8,0,0]"
CSI_DATA,187,2a:00:00:00:00:00,-48,11,1,0,1,1,1,0,0,0,1,-96,0,11,2,2785017,0,44,0,384,0,"[0,0,0,0,0,0,0,0,0,0,0,0,4,5,4,5,4,6,5,6,5,6,5,6,5,6,5,6,6,5,7,6,6,6,7,6,7,6,7,5,7,6,7,6,8,5,8,6,9,6,8,5,8,6,9,6,8,5,8,6,9,7,8,5,0,0,9,6,9,6,9,6,8,5,8,6,8,6,8,6,7,6,7,5,7,6,6,5,6,6,6,6,6,6,5,5,5,5,4,6,4,5,4,4,4,4,4,4,3,4,3,4,3,4,3,4,2,4,0,0,0,0,0,0,0,0,0,0,0,0,0,0,12,34,22,34,24,29,23,33,34,27,30,29,32,25,37,34,34,32,37,30,38,27,39,30,41,25,38,28,41,29,43,29,43,35,47,29,48,28,52,22,59,29,50,25,58,31,55,23,50,27,51,25,56,25,50,25,49,27,55,28,55,24,53,28,53,26,53,28,56,22,51,30,51,29,47,30,48,31,48,24,49,24,40,27,42,28,35,29,38,26,40,24,35,26,36,27,28,24,30,23,28,19,29,23,29,24,21,23,19,20,22,23,20,23,0,0,0,0,0,0,0,0,0,0,0,0,0,0,0,0,0,0,0,0,0,0,22,15,20,22,19,26,14,29,8,29,6,31,0,34,-7,38,-5,35,-19,33,-19,34,-26,35,-28,35,-35,28,-37,26,-39,22,-45,25,-42,16,-49,13,-55,11,-52,10,-54,10,-58,5,-59,0,-61,-8,-58,-4,-57,-14,-59,-10,-58,-15,-58,-10,-60,-24,-60,-20,-58,-18,-56,-20,-58,-24,-55,-22,-50,-25,-50,-24,-49,-26,-53,-27,-46,-25,-44,-21,-46,-20,-56,-18,-44,-15,-41,-20,-38,-16,-39,-13,-34,-9,-37,-6,-35,-1,-32,1,-37,-7,-37,0,-35,2,-32,2,-34,11,0,0]"
CSI_DATA,188,2a:00:00:00:00:00,-50,11,1,0,1,1,1,0,0,0,1,-96,0,11,2,2805012,0,44,0,384,0,"[0,0,0,0,0,0,0,0,0,0,0,0,4,3,5,3,5,3,6,3,6,3,6,3,6,3,6,2,6,3,7,2,7,2,7,2,7,3,7,2,8,3,8,2,8,2,8,2,9,2,8,2,9,3,9,2,8,2,9,2,9,2,9,2,0,0,9,2,9,3,9,2,8,2,9,3,9,3,8,3,8,3,7,3,7,3,7,2,7,4,6,4,6,4,6,3,5,3,4,3,5,3,5,2,4,2,3,2,3,2,3,2,3,2,3,2,3,2,0,0,0,0,0,0,0,0,0,0,0,0,0,0,13,19,15,19,15,23,22,11,28,16,26,18,31,23,30,16,35,17,32,21,38,21,37,15,38,13,37,20,39,17,43,12,49,21,41,13,43,15,47,13,50,18,48,16,49,13,53,14,51,18,46,18,48,18,58,14,50,15,56,11,50,14,50,12,54,14,52,13,47,10,45,15,50,19,48,18,50,21,48,15,43,18,46,17,41,21,37,20,33,20,36,17,31,11,37,18,29,14,33,12,32,18,25,15,18,10,22,14,21,11,19,13,18,14,0,0,0,0,0,0,0,0,0,0,0,0,0,0,0,0,0,0,0,0,0,0,0,59,-8,55,-15,57,-22,58,-21,54,-30,53,-32,52,-39,49,-39,51,-49,46,-55,46,-57,43,-62,41,-65,28,-58,25,-70,20,-69,25,-72,16,-66,16,-70,8,-64,5,-67,2,-69,0,-66,-8,-65,-13,-69,-10,-63,-19,-61,-19,-65,-20,-57,-20,-59,-22,-57,-21,-53,-23,-54,-26,-54,-30,-51,-26,-51,-21,-43,-25,-45,-23,-43,-22,-39,-24,-47,-19,-35,-17,-41,-23,-33,-20,-32,-14,-34,-17,-37,-12,-33,-8,-32,-11,-30,-6,-30,-10,-25,-8,-26,1,-33,3,-27,1,-21,8,0,0]"
CSI_DATA,189,2a:00:00:00:00:00,-49,11,1,0,1,1,1,0,0,0,1,-96,0,11,2,2805187,0,44,0,384,0,"[0,0,0,0,0,0,0,0,0,0,0,0,-3,-6,-3,-6,-4,-6,-4,-6,-5,-6,-4,-6,-5,-6,-5,-6,-5,-6,-6,-6,-6,-6,-6,-6,-7,-6,-7,-6,-7,-6,-7,-7,-7,-6,-7,-7,-8,-6,-8,-7,-8,-7,-8,-7,-7,-7,-8,-6,-8,-7,-7,-7,0,0,-8,-7,-8,-7,-8,-7,-7,-7,-7,-7,-7,-7,-7,-7,-7,-7,-7,-7,-6,-6,-5,-6,-6,-7,-5,-6,-5,-6,-4,-6,-5,-6,-4,-6,-4,-5,-3,-5,-3,-5,-4,-4,-3,-5,-3,-4,-3,-5,-3,-4,-2,-3,0,0,0,0,0,0,0,0,0,0,0,0,0,0,-4,-30,-8,-30,-7,-27,-9,-24,-12,-33,-13,-31,-15,-34,-18,-38,-22,-36,-19,-35,-25,-33,-25,-32,-24,-35,-21,-34,-25,-39,-30,-30,-32,-40,-31,-38,-30,-41,-34,-36,-38,-46,-31,-40,-36,-35,-35,-42,-37,-38,-37,-41,-39,-39,-44,-39,-37,-43,-41,-42,-36,-37,-43,-42,-37,-38,-36,-42,-38,-38,-35,-45,-38,-48,-31,-39,-33,-40,-30,-39,-32,-40,-28,-35,-20,-44,-23,-38,-17,-39,-24,-34,-18,-33,-15,-31,-16,-29,-16,-28,-14,-31,-11,-25,-13,-20,-8,-26,-14,-26,-10,-21,-8,-20,0,0,0,0,0,0,0,0,0,0,0,0,0,0,0,0,0,0,0,0,0,0,23,-53,34,-50,36,-47,41,-45,44,-40,47,-33,48,-32,58,-29,59,-25,60,-21,65,-20,63,-9,67,-9,71,-4,70,5,62,8,69,12,63,15,69,22,65,25,61,26,63,32,59,32,54,39,54,42,52,42,49,43,46,44,44,44,48,45,40,44,37,45,35,46,36,44,28,44,32,46,27,41,28,44,30,41,25,40,28,36,27,36,28,41,23,32,27,35,29,34,22,31,19,31,23,23,23,23,23,19,24,19,23,17,22,12,30,12,20,12,27,8,0,0]"
CSI_DATA,190,2a:00:00:00:00:00,-51,11,1,0,1,1,1,0,0,0,1,-96,0,11,2,2815013,0,44,0,384,0,"[0,0,0,0,0,0,0,0,0,0,0,0,-5,-3,-5,-3,-6,-3,-6,-3,-7,-3,-6,-2,-7,-2,-7,-3,-8,-3,-8,-2,-8,-2,-8,-2,-8,-2,-8,-2,-8,-2,-9,-2,-9,-2,-9,-2,-9,-2,-10,-2,-9,-3,-9,-2,-10,-2,-10,-2,-10,-2,-9,-2,0,0,-10,-3,-10,-3,-10,-3,-10,-2,-9,-3,-9,-4,-9,-4,-9,-3,-8,-3,-9,-3,-8,-3,-8,-3,-7,-4,-6,-4,-7,-3,-6,-3,-6,-3,-6,-2,-5,-3,-5,-3,-5,-3,-4,-3,-4,-2,-4,-2,-5,-2,-4,-2,0,0,0,0,0,0,0,0,0,0,0,0,0,0,-16,-9,-13,-13,-22,-11,-21,-9,-26,-10,-27,-8,-29,-14,-35,-11,-34,-14,-30,-15,-38,-9,-40,-5,-39,-5,-43,-10,-39,-7,-46,-11,-44,-10,-41,-6,-47,-6,-47,-2,-52,1,-52,-4,-51,-7,-53,-5,-51,-8,-52,-3,-52,-6,-57,-7,-48,-7,-57,0,-53,-7,-53,-6,-46,-5,-47,-5,-53,-1,-51,-12,-51,-9,-49,-11,-50,-11,-45,-15,-50,-17,-46,-14,-45,-13,-40,-18,-35,-6,-38,-9,-38,-15,-32,-12,-33,-16,-30,-9,-26,-11,-26,-11,-25,-8,-20,-7,-21,-8,-22,-10,-22,-12,0,0,0,0,0,0,0,0,0,0,0,0,0,0,0,0,0,0,0,0,0,0,-31,-58,-23,-66,-22,-64,-15,-68,-3,-67,-4,-67,2,-72,10,-67,12,-72,19,-71,25,-67,37,-68,36,-65,41,-64,48,-52,51,-56,52,-54,53,-47,57,-43,59,-38,68,-37,63,-33,59,-21,62,-22,63,-13,62,-18,64,-21,59,-11,61,-7,59,-4,55,-1,57,0,54,3,56,-1,52,5,56,6,48,7,45,4,51,8,45,11,46,9,42,9,45,10,40,6,42,9,36,-2,36,0,37,4,37,2,34,3,37,5,23,-1,26,-2,29,-2,26,1,23,-7,27,-9,0,0]"
CSI_DATA,191,2a:00:00:00:00:00,-49,11,1,0,1,1,1,0,0,0,1,-96,0,11,2,2836637,0,44,0,384,0,"[0,0,0,0,0,0,0,0,0,0,0,0,-7,-6,-7,-5,-8,-5,-8,-6,-8,-5,-8,-4,-8,-5,-9,-5,-8,-5,-9,-4,-9,-5,-9,-5,-9,-5,-10,-5,-9,-4,-10,-4,-10,-3,-10,-4,-10,-5,-10,-5,-10,-4,-10,-4,-9,-5,-9,-5,-9,-6,-10,-5,0,0,-9,-6,-9,-6,-9,-5,-9,-5,-7,-5,-8,-5,-8,-5,-7,-5,-7,-6,-7,-6,-6,-5,-6,-6,-4,-5,-4,-5,-5,-4,-4,-5,-4,-5,-4,-4,-3,-4,-3,-4,-3,-4,-3,-3,-3,-3,-2,-3,-3,-3,-2,-3,0,0,0,0,0,0,0,0,0,0,0,0,0,0,-32,-33,-38,-28,-34,-24,-41,-26,-44,-21,-42,-23,-44,-20,-42,-18,-48,-17,-51,-17,-46,-19,-46,-18,-43,-14,-46,-18,-51,-13,-48,-10,-53,-14,-50,-14,-55,-21,-56,-13,-57,-7,-59,-17,-59,-11,-53,-14,-52,-15,-56,-16,-61,-15,-57,-13,-51,-17,-54,-15,-55,-20,-56,-19,-52,-17,-46,-13,-51,-18,-47,-15,-41,-25,-44,-14,-39,-22,-40,-19,-40,-20,-33,-22,-30,-21,-31,-23,-29,-23,-29,-19,-29,-13,-33,-19,-14,-22,-22,23,-18,-10,-16,-22,-21,-11,-18,-14,-17,-14,-17,-13,-19,-13,0,0,0,0,0,0,0,0,0,0,0,0,0,0,0,0,0,0,0,0,0,0,-54,-12,-57,-23,-56,-30,-49,-35,-47,-40,-41,-43,-35,-47,-35,-53,-31,-53,-26,-52,-17,-61,-13,-57,-11,-64,-8,-61,3,-59,5,-63,13,-59,21,-57,18,-54,21,-55,31,-49,35,-54,35,-48,33,-43,42,-38,38,-41,42,-32,46,-31,47,-34,45,-30,47,-27,47,-27,47,-22,44,-20,44,-19,46,-16,44,-20,40,-18,44,-15,44,-22,43,-18,40,-18,41,-22,44,-20,33,-20,35,-15,35,-25,37,-27,33,-23,36,-26,32,-23,37,-29,34,-28,33,-27,25,-24,26,-29,26,-30,0,0]"
CSI_DATA,192,2a:00:00:00:00:00,-48,11,1,0,1,1,1,0,0,0,1,-96,0,11,2,2845150,0,44,0,384,0,"[0,0,0,0,0,0,0,0,0,0,0,0,-2,-10,-2,-10,-2,-10,-2,-11,-2,-11,-2,-10,-2,-10,-3,-10,-3,-10,-4,-10,-3,-10,-3,-10,-4,-11,-4,-11,-4,-10,-4,-11,-4,-10,-4,-11,-4,-11,-4,-11,-4,-11,-4,-11,-3,-10,-5,-11,-4,-11,-3,-10,0,0,-3,-10,-4,-11,-3,-11,-2,-10,-3,-10,-3,-10,-2,-9,-1,-9,-2,-9,-1,-8,-1,-8,0,-8,-1,-7,-1,-7,-1,-6,-1,-6,-1,-6,-1,-5,-1,-5,-1,-4,-1,-5,0,-4,-1,-4,-1,-4,-1,-4,-1,-4,0,0,0,0,0,0,0,0,0,0,0,0,0,0,12,-54,9,-51,8,-50,10,-48,4,-50,2,-56,1,-53,-1,-57,2,-51,-2,-55,-5,-54,-1,-51,-5,-51,-2,-55,3,-57,-7,-55,-3,-61,-6,-60,-6,-60,-10,-55,-9,-62,-9,-55,-10,-59,-11,-54,-6,-58,-5,-60,-5,-55,-4,-56,-8,-55,-7,-59,-7,-54,-7,-58,-5,-52,-8,-48,-21,-44,-3,-54,5,-48,-1,-51,4,-51,3,-41,7,-37,5,-39,8,-42,7,-41,2,-34,4,-36,5,-29,4,-29,5,-27,5,-27,4,-25,0,-22,0,-20,4,-17,0,-19,1,-22,5,-19,0,0,0,0,0,0,0,0,0,0,0,0,0,0,0,0,0,0,0,0,0,0,-8,-50,0,-54,5,-49,9,-55,15,-52,18,-52,22,-49,31,-48,37,-46,37,-35,48,-39,47,-34,51,-33,54,-23,59,-20,57,-13,61,-11,54,-3,61,0,60,4,57,6,60,14,55,15,55,15,53,22,51,21,50,27,49,32,45,29,51,30,40,30,46,37,42,29,40,30,42,35,37,29,38,26,37,33,40,30,39,32,43,27,37,23,40,31,42,26,37,23,33,22,42,20,42,20,40,19,43,22,41,19,39,21,47,18,39,15,47,16,51,17,50,13,0,0]"
CSI_DATA,193,2a:00:00:00:00:00,-48,11,1,0,1,1,1,0,0,0,1,-96,0,11,2,2855195,0,44,0,384,0,"[0,0,0,0,0,0,0,0,0,0,0,0,6,7,6,6,6,6,7,6,7,6,6,6,6,6,7,5,7,6,7,5,7,5,7,5,8,6,8,5,8,5,8,5,8,5,7,5,8,5,8,6,8,6,8,6,7,6,7,6,8,6,7,5,0,0,7,6,7,6,6,6,6,6,5,6,6,6,5,6,4,5,4,5,4,5,4,5,3,5,3,5,3,5,3,4,2,4,2,3,2,3,2,3,2,3,2,3,2,3,2,2,1,3,2,3,1,3,0,0,0,0,0,0,0,0,0,0,0,0,0,0,23,47,23,48,20,41,26,42,25,43,27,44,24,43,25,41,31,44,31,39,32,42,27,41,34,41,27,41,32,43,36,42,35,42,37,43,33,41,42,38,42,41,40,42,37,43,33,44,33,42,32,47,38,45,35,45,32,43,35,44,32,44,24,51,29,45,26,41,24,40,20,43,22,41,20,34,18,44,19,40,18,38,14,37,12,33,13,33,9,27,9,31,6,30,9,25,6,26,4,25,6,21,3,22,10,18,7,21,6,18,9,19,4,20,0,0,0,0,0,0,0,0,0,0,0,0,0,0,0,0,0,0,0,0,0,0,50,8,48,15,45,25,39,25,42,32,34,35,26,44,27,46,21,51,16,54,12,53,8,55,3,59,-3,60,-8,56,-16,53,-22,58,-24,52,-23,49,-34,49,-37,50,-45,47,-45,42,-47,40,-47,36,-53,35,-51,30,-57,25,-55,23,-52,24,-54,21,-57,17,-60,16,-58,14,-57,13,-52,16,-54,14,-51,12,-51,9,-51,14,-52,9,-53,13,-48,9,-51,10,-45,7,-44,17,-46,12,-48,11,-45,16,-51,16,-48,14,-47,16,-52,16,-45,16,-49,17,-46,17,-49,22,0,0]"
CSI_DATA,194,2a:00:00:00:00:00,-48,11,1,0,1,1,1,0,0,0,1,-96,0,11,2,2874663,0,44,0,384,0,"[0,0,0,0,0,0,0,0,0,0,0,0,-1,-10,-1,-9,-2,-10,-1,-10,-2,-10,-2,-9,-2,-10,-2,-10,-3,-10,-3,-10,-3,-10,-3,-10,-3,-10,-3,-11,-4,-10,-4,-11,-4,-10,-4,-11,-4,-11,-4,-11,-4,-11,-4,-11,-4,-11,-4,-11,-3,-12,-3,-11,0,0,-3,-11,-3,-12,-2,-11,-2,-11,-2,-10,-2,-10,-2,-10,-1,-10,-1,-9,-1,-10,0,-9,0,-8,0,-8,0,-7,0,-7,0,-7,0,-7,0,-6,0,-6,0,-5,0,-5,0,-5,0,-5,0,-4,0,-5,0,-5,0,0,0,0,0,0,0,0,0,0,0,0,0,0,-54,-13,-49,-9,-56,-12,-52,-7,-50,-9,-46,-2,-53,-4,-50,-3,-47,3,-48,-1,-50,3,-49,-2,-51,5,-52,4,-53,4,-50,6,-54,5,-55,1,-55,10,-53,12,-60,11,-54,8,-58,13,-61,11,-57,8,-56,5,-64,3,-62,8,-60,4,-56,3,-58,2,-56,1,-56,3,-57,0,-51,-4,-57,-5,-48,0,-45,-6,-45,-4,-49,-4,-43,-4,-42,-9,-42,-9,-35,-4,-34,-10,-33,-12,-26,-10,-30,-10,-27,-12,-25,-5,-25,-4,-25,-6,-18,-4,-20,-4,-26,-6,-19,-9,-19,-3,0,0,0,0,0,0,0,0,0,0,0,0,0,0,0,0,0,0,0,0,0,0,-8,53,-18,46,-23,52,-30,46,-35,44,-36,35,-38,35,-45,24,-47,22,-46,16,-54,7,-51,0,-51,-2,-50,-13,-50,-21,-47,-26,-48,-22,-41,-30,-33,-35,-36,-32,-29,-36,-28,-40,-21,-47,-12,-49,-7,-55,-11,-53,0,-49,-7,-49,4,-52,-3,-55,3,-54,9,-61,5,-49,9,-50,9,-53,10,-56,16,-51,18,-55,17,-50,13,-48,12,-52,15,-56,18,-50,21,-51,18,-48,8,-52,15,-52,15,-50,17,-51,19,-53,16,-51,16,-55,21,-51,23,-45,18,-56,15,-58,19,-48,0,0]"
CSI_DATA,195,2a:00:00:00:00:00,-49,11,1,0,1,1,1,0,0,0,1,-96,0,11,2,2884703,0,44,0,384,0,"[0,0,0,0,0,0,0,0,0,0,0,0,4,6,4,5,5,6,5,6,5,6,6,6,6,6,7,6,7,6,7,6,7,6,8,5,8,6,8,5,9,6,9,6,9,6,9,6,9,6,9,6,9,6,10,6,9,6,10,6,9,7,9,7,0,0,9,7,9,7,9,7,8,7,8,7,8,7,7,7,7,7,7,7,7,7,6,7,5,6,5,6,5,6,5,6,4,5,4,5,4,5,3,4,3,4,3,4,3,3,3,3,3,3,2,4,3,3,0,0,0,0,0,0,0,0,0,0,0,0,0,0,32,-4,38,-7,40,-12,42,-12,42,-14,39,-14,36,-16,42,-16,35,-27,39,-25,40,-26,46,-21,47,-27,40,-26,39,-28,42,-29,52,-34,44,-38,42,-33,49,-32,46,-38,49,-34,43,-37,47,-35,51,-33,52,-34,48,-35,50,-32,53,-39,52,-37,53,-38,53,-32,54,-29,50,-28,51,-26,46,-31,47,-22,43,-26,50,-21,44,-16,43,-17,46,-19,40,-19,46,-15,41,-13,38,-15,34,-8,35,-14,32,-8,22,-7,27,-11,19,-7,22,-9,22,-8,28,-12,26,-8,21,-8,0,0,0,0,0,0,0,0,0,0,0,0,0,0,0,0,0,0,0,0,0,0,8,-77,15,-71,20,-70,37,-71,33,-62,46,-59,44,-50,49,-49,60,-43,53,-37,59,-28,60,-25,61,-19,62,-12,57,-9,56,2,52,5,47,9,45,12,44,14,41,27,41,31,34,28,27,31,24,33,28,33,17,40,16,38,11,40,8,39,6,40,2,39,-6,40,2,39,-2,38,-5,35,-4,37,-10,41,-6,36,-8,36,-15,41,-12,35,-9,40,-8,43,-11,35,-4,38,-10,36,-12,41,-9,36,-7,37,-5,44,-9,37,-15,41,-5,38,-3,35,-9,37,0,37,0,0]"
CSI_DATA,196,2a:00:00:00:00:00,-49,11,1,0,1,1,1,0,0,0,1,-96,0,11,2,2894685,0,44,0,384,0,"[0,0,0,0,0,0,0,0,0,0,0,0,-6,3,-6,3,-7,3,-7,3,-7,4,-8,4,-7,4,-7,5,-8,5,-7,4,-8,5,-8,5,-8,5,-8,6,-8,5,-8,6,-8,6,-7,6,-8,6,-8,6,-8,6,-9,7,-8,6,-8,6,-8,7,-9,7,0,0,-8,7,-8,7,-8,6,-8,6,-8,6,-8,6,-7,7,-7,6,-8,5,-7,5,-7,5,-6,5,-7,4,-6,4,-7,4,-7,4,-6,4,-6,3,-6,3,-5,3,-5,3,-5,3,-5,3,-5,2,-5,2,-5,2,0,0,0,0,0,0,0,0,0,0,0,0,0,0,-36,-3,-24,4,-33,6,-35,3,-32,10,-32,11,-32,14,-40,21,-42,15,-41,17,-46,17,-41,17,-47,19,-48,21,-40,21,-45,27,-46,25,-43,26,-50,27,-38,23,-50,28,-48,23,-49,35,-50,27,-46,30,-55,27,-51,26,-49,34,-56,29,-48,34,-46,31,-52,33,-50,25,-46,26,-47,27,-51,27,-48,30,-47,26,-50,28,-44,22,-42,22,-46,25,-44,25,-40,22,-43,23,-29,19,-38,13,-33,16,-39,12,-32,13,-28,12,-30,12,-32,14,-27,13,-29,14,-26,13,-28,11,0,0,0,0,0,0,0,0,0,0,0,0,0,0,0,0,0,0,0,0,0,0,-64,39,-74,33,-72,18,-82,22,-75,9,-79,3,-74,-6,-73,-13,-74,-17,-70,-21,-70,-25,-73,-27,-64,-34,-63,-34,-59,-39,-48,-42,-50,-50,-42,-43,-41,-46,-24,-47,-25,-47,-16,-51,-15,-42,-17,-44,-14,-43,-11,-45,-6,-37,-2,-46,2,-36,4,-41,11,-31,7,-35,10,-29,14,-33,11,-31,15,-29,13,-26,15,-28,14,-26,10,-30,17,-29,13,-23,20,-27,11,-20,13,-27,9,-30,15,-24,16,-21,11,-24,12,-21,12,-21,3,-27,10,-26,10,-19,3,-23,2,-21,2,-24,0,0]"
CSI_DATA,197,2a:00:00:00:00:00,-83,11,1,0,1,1,1,0,0,0,1,-96,0,11,2,2904667,0,44,0,384,0,"[0,0,0,0,0,0,0,0,0,0,0,0,4,5,4,5,4,5,4,6,5,6,5,6,5,6,5,6,5,6,6,6,6,6,6,6,6,6,7,5,7,5,7,5,7,5,7,5,7,5,8,5,8,5,8,5,8,5,8,5,9,5,9,5,0,0,10,5,10,5,9,5,9,5,9,5,9,5,9,5,9,5,8,5,8,6,8,6,8,6,8,6,7,6,7,6,7,6,6,6,6,6,6,6,5,5,5,5,5,5,4,5,4,5,4,5,4,5,0,0,0,0,0,0,0,0,0,0,0,0,0,0,21,-19,22,-20,24,-21,25,-22,26,-23,28,-24,29,-25,29,-26,30,-27,31,-28,31,-28,31,-29,32,-30,33,-31,32,-32,33,-32,34,-33,34,-34,35,-34,35,-35,35,-35,36,-35,36,-36,37,-37,37,-37,37,-38,36,-38,36,-37,36,-37,35,-37,34,-37,34,-36,34,-36,33,-37,33,-36,33,-36,32,-36,33,-35,33,-35,33,-34,32,-33,33,-32,32,-30,31,-29,32,-28,31,-26,30,-25,29,-23,28,-22,28,-21,27,-20,27,-19,27,-17,26,-16,26,-16,26,-15,26,-14,0,0,0,0,0,0,0,0,0,0,0,0,0,0,0,0,0,0,0,0,0,0,64,-39,66,-36,67,-32,69,-27,70,-22,73,-16,74,-10,75,-5,75,0,73,5,73,10,71,14,69,18,66,23,63,27,60,29,57,32,53,35,50,37,47,39,43,41,40,42,36,43,31,43,27,43,24,43,20,42,18,42,14,41,12,40,10,38,8,36,6,35,5,34,4,32,3,31,2,30,2,29,1,28,1,27,1,26,1,26,1,26,1,26,1,25,1,25,0,24,1,24,2,24,2,23,3,22,4,21,5,21,6,21,7,22,8,22,9,22,0,0]"
CSI_DATA,198,2a:00:00:00:00:00,-48,11,1,0,1,1,1,0,0,0,1,-96,0,11,2,2918300,0,44,0,384,0,"[0,0,0,0,0,0,0,0,0,0,0,0,-8,0,-8,-1,-8,0,-8,-1,-8,-1,-8,0,-8,0,-8,0,-8,0,-8,0,-9,0,-9,1,-9,0,-8,0,-8,0,-9,0,-9,1,-9,1,-8,1,-8,0,-8,0,-9,0,-8,0,-8,0,-8,1,-8,1,0,0,-8,1,-8,1,-8,1,-8,1,-7,1,-8,0,-7,0,-7,1,-8,0,-8,1,-8,0,-7,0,-7,0,-6,-1,-7,0,-7,0,-6,-1,-6,-1,-6,-1,-6,-1,-5,-1,-5,-1,-5,-1,-5,-1,-5,-1,-4,-2,0,0,0,0,0,0,0,0,0,0,0,0,0,0,-43,-8,-34,-2,-40,-5,-42,-5,-44,-2,-44,-6,-47,0,-49,2,-47,-1,-48,0,-46,-1,-46,-1,-49,-4,-45,4,-47,-5,-51,1,-51,2,-46,0,-48,4,-50,1,-53,6,-50,5,-50,4,-44,1,-47,5,-49,-1,-43,3,-49,6,-48,6,-52,7,-41,4,-48,11,-41,4,-43,10,-45,6,-46,10,-40,9,-44,7,-41,8,-42,6,-47,8,-43,1,-40,4,-38,6,-38,4,-38,2,-37,3,-34,3,-31,0,-34,-1,-32,-2,-32,1,-29,2,-27,-4,-28,-3,-26,-3,-26,-8,0,0,0,0,0,0,0,0,0,0,0,0,0,0,0,0,0,0,0,0,0,0,-60,-41,-54,-41,-47,-53,-59,-58,-40,-54,-36,-62,-38,-63,-34,-65,-28,-70,-20,-71,-14,-76,-12,-74,-12,-77,1,-76,-2,-75,3,-72,6,-77,9,-72,13,-69,19,-64,23,-64,22,-61,27,-60,22,-56,30,-55,27,-55,27,-52,30,-50,34,-43,29,-44,33,-47,32,-39,31,-40,32,-40,26,-38,29,-34,26,-28,26,-35,24,-35,23,-35,23,-29,21,-31,21,-30,19,-30,21,-30,13,-33,18,-36,18,-34,13,-34,17,-33,16,-32,11,-33,13,-34,7,-33,12,-37,10,-34,6,-32,0,0]"
CSI_DATA,199,2a:00:00:00:00:00,-48,11,1,0,1,1,1,0,0,0,1,-96,0,11,2,2924630,0,44,0,384,0,"[0,0,0,0,0,0,0,0,0,0,0,0,8,2,8,2,8,2,9,2,8,2,9,2,8,2,8,1,9,1,8,1,8,2,8,1,8,2,8,2,8,1,9,1,9,1,8,1,8,1,9,0,8,1,8,1,8,1,8,1,8,1,8,0,0,0,8,0,8,0,8,0,8,0,7,0,7,0,7,0,7,0,8,0,7,0,7,1,6,2,6,1,6,1,6,1,6,1,5,1,6,1,5,1,5,1,5,1,4,1,4,1,3,2,4,2,3,2,0,0,0,0,0,0,0,0,0,0,0,0,0,0,37,17,38,14,44,12,40,15,45,12,45,14,43,16,48,14,43,14,47,15,46,14,47,13,44,14,46,13,44,11,46,10,45,9,44,12,45,11,43,6,48,5,45,10,45,8,43,9,43,7,45,9,43,8,43,7,45,8,48,3,43,7,46,9,39,10,45,5,39,5,40,9,39,7,40,6,39,4,40,8,39,8,37,6,35,8,34,8,33,9,30,12,30,10,27,10,27,12,25,10,26,14,26,8,26,9,26,10,24,8,17,14,18,12,0,0,0,0,0,0,0,0,0,0,0,0,0,0,0,0,0,0,0,0,0,0,48,32,49,37,46,43,43,51,41,50,36,55,28,57,28,60,22,64,19,61,12,68,10,70,10,70,1,72,-5,70,-9,64,-15,70,-16,62,-16,68,-20,61,-21,60,-27,60,-28,56,-30,55,-35,52,-32,51,-38,48,-35,47,-36,39,-33,42,-35,36,-38,38,-35,34,-30,36,-33,34,-29,31,-28,40,-30,33,-27,31,-27,38,-27,29,-26,33,-31,38,-25,34,-26,33,-30,37,-28,34,-20,37,-21,31,-22,34,-20,31,-24,33,-25,38,-17,33,-19,34,-20,37,-19,38,0,0]"
CSI_DATA,200,2a:00:00:00:00:00,-48,11,1,0,1,1,1,0,0,0,1,-96,0,11,2,2934664,0,44,0,384,0,"[0,0,0,0,0,0,0,0,0,0,0,0,-10,2,-10,2,-10,2,-10,2,-10,2,-10,2,-9,1,-10,2,-10,2,-9,2,-10,2,-9,3,-9,1,-9,2,-9,2,-9,3,-9,3,-9,2,-8,2,-8,2,-8,2,-8,2,-9,3,-8,2,-8,2,-8,2,0,0,-8,2,-7,2,-7,2,-8,2,-7,2,-7,2,-7,2,-7,2,-7,1,-7,1,-7,1,-6,1,-6,1,-6,0,-6,0,-6,0,-6,1,-5,0,-6,0,-5,-1,-5,-1,-4,0,-4,-1,-4,-1,-4,-1,-3,-1,0,0,0,0,0,0,0,0,0,0,0,0,0,0,-53,17,-49,11,-52,14,-53,19,-53,17,-44,14,-51,21,-51,16,-50,16,-51,16,-53,19,-47,19,-51,20,-50,17,-44,23,-51,21,-48,23,-45,20,-44,18,-49,29,-44,25,-42,20,-41,23,-47,26,-38,24,-45,23,-41,21,-44,22,-40,18,-42,23,-42,21,-41,23,-34,16,-38,24,-37,21,-37,21,-35,18,-32,17,-37,16,-39,17,-36,17,-34,10,-33,10,-31,10,-26,8,-28,9,-31,6,-30,12,-25,4,-22,2,-24,4,-21,1,-23,4,-22,6,-22,1,-23,5,-16,-2,0,0,0,0,0,0,0,0,0,0,0,0,0,0,0,0,0,0,0,0,0,0,-51,14,-53,6,-57,0,-57,-2,-59,-11,-53,-13,-52,-19,-51,-22,-57,-27,-53,-32,-53,-36,-49,-42,-53,-44,-43,-47,-40,-56,-43,-56,-38,-58,-34,-59,-28,-56,-31,-58,-23,-63,-22,-66,-17,-65,-14,-64,-8,-66,-10,-67,-7,-61,-4,-62,-8,-66,-8,-58,-2,-60,2,-57,7,-57,2,-56,0,-55,4,-57,1,-51,-4,-58,-1,-54,-3,-56,-2,-51,-7,-53,-2,-53,-7,-52,-6,-50,-3,-51,-5,-52,-10,-55,-12,-50,-13,-54,-10,-52,-9,-57,-7,-55,-6,-53,-14,-51,-15,-56,-11,-53,0,0]"
CSI_DATA,201,2a:00:00:00:00:00,-48,11,1,0,1,1,1,0,0,0,1,-96,0,11,2,2944672,0,44,0,384,0,"[0,0,0,0,0,0,0,0,0,0,0,0,2,9,2,9,2,9,2,9,2,9,2,8,2,8,3,8,2,8,3,8,3,8,3,8,3,8,3,8,3,8,3,7,3,7,3,7,4,7,3,7,3,7,3,7,3,7,3,7,3,7,3,7,0,0,3,6,2,6,2,7,2,6,2,6,2,6,2,6,2,6,1,5,1,5,1,5,1,5,0,5,0,5,0,4,0,4,0,4,0,3,0,3,0,3,0,3,-1,3,-1,2,-1,2,-1,2,-1,2,0,0,0,0,0,0,0,0,0,0,0,0,0,0,50,17,50,14,50,9,52,12,57,10,55,7,50,8,49,6,48,4,51,6,48,6,45,3,52,5,49,4,46,3,48,0,45,3,46,0,48,0,44,0,49,-3,48,0,43,-6,40,-1,43,2,45,-1,42,1,45,1,37,-2,40,-3,42,-1,43,-4,40,4,34,1,38,2,36,2,33,2,30,1,31,4,32,4,31,6,28,9,26,8,29,6,24,2,25,7,23,10,21,7,17,7,18,10,16,7,14,7,11,7,9,7,11,6,9,3,5,5,0,0,0,0,0,0,0,0,0,0,0,0,0,0,0,0,0,0,0,0,0,0,46,1,43,5,42,11,39,19,40,21,42,25,35,32,37,33,33,41,33,41,25,43,28,50,28,55,21,61,18,59,13,61,14,60,7,61,6,64,0,62,-4,59,-8,67,-13,64,-12,65,-16,66,-17,66,-21,66,-24,62,-25,62,-24,64,-26,60,-31,56,-28,54,-31,56,-32,57,-31,58,-30,52,-27,55,-28,52,-27,55,-25,53,-24,54,-26,56,-25,57,-23,54,-23,50,-24,50,-22,51,-23,55,-22,53,-24,48,-22,53,-25,56,-17,51,-16,56,-19,54,-17,48,0,0]"
CSI_DATA,202,2a:00:00:00:00:00,-49,11,1,0,1,1,1,0,0,0,1,-96,0,11,2,2956938,0,44,0,384,0,"[0,0,0,0,0,0,0,0,0,0,0,0,5,8,5,8,5,7,6,8,5,7,5,7,5,7,5,7,5,7,5,6,5,6,6,6,6,6,6,6,6,6,6,6,6,6,5,5,6,6,5,6,5,6,5,6,4,5,5,5,5,5,4,5,0,0,4,5,3,5,3,5,3,4,3,5,3,4,2,4,2,4,2,4,2,3,2,3,1,3,1,3,1,3,1,2,1,2,0,2,0,2,0,2,0,1,0,1,0,1,0,1,0,1,0,1,0,1,0,0,0,0,0,0,0,0,0,0,0,0,0,0,52,-5,49,-5,56,-12,59,-13,52,-7,51,-11,49,-19,56,-15,43,-13,55,-14,45,-14,44,-16,50,-12,39,-14,49,-10,44,-18,42,-17,47,-15,44,-11,45,-18,46,-17,42,-14,43,-16,36,-14,37,-12,37,-15,39,-12,39,-10,36,-11,37,-10,35,-10,38,-6,27,-7,33,-10,29,-8,25,-11,24,-9,28,-5,25,-3,27,-1,25,-1,20,1,21,0,17,3,19,0,17,-2,19,2,16,2,14,6,12,5,7,3,5,3,10,-1,8,1,6,-2,7,3,4,1,0,0,0,0,0,0,0,0,0,0,0,0,0,0,0,0,0,0,0,0,0,0,32,-27,40,-18,41,-18,43,-11,41,-9,49,-3,46,-1,47,4,50,9,45,13,48,27,50,27,50,33,45,39,46,40,39,48,47,52,32,50,41,56,36,52,29,63,27,65,24,64,21,66,15,71,18,70,4,70,9,71,9,69,5,75,4,61,1,74,1,74,-3,68,1,64,-1,69,-4,58,-6,62,-2,65,-2,61,-4,63,3,61,-1,68,1,59,1,63,-4,65,3,58,6,60,1,53,5,56,7,56,5,61,0,61,3,56,3,64,10,58,7,52,0,0]"
CSI_DATA,203,2a:00:00:00:00:00,-49,11,1,0,1,1,1,0,0,0,1,-96,0,11,2,2964621,0,44,0,384,0,"[0,0,0,0,0,0,0,0,0,0,0,0,-5,9,-4,8,-4,9,-4,8,-4,9,-4,8,-4,8,-4,8,-4,8,-4,8,-4,8,-4,8,-4,8,-3,8,-3,7,-3,8,-3,7,-4,8,-3,7,-3,7,-3,7,-3,7,-4,6,-3,6,-3,6,-4,6,0,0,-3,5,-3,5,-3,5,-3,4,-3,4,-3,4,-3,4,-3,3,-3,3,-3,3,-3,2,-2,2,-2,2,-2,2,-2,1,-2,1,-2,2,-2,1,-1,1,-1,1,-1,1,-1,1,-1,1,-1,1,-1,1,-1,1,0,0,0,0,0,0,0,0,0,0,0,0,0,0,43,38,39,39,41,39,36,32,42,39,41,33,39,31,42,37,40,38,36,38,38,34,37,35,41,33,37,32,33,32,39,29,38,33,36,30,37,29,39,29,43,28,34,27,34,24,33,23,33,21,29,25,28,30,29,24,24,26,25,23,24,24,29,24,22,22,23,22,24,15,14,19,13,19,15,15,16,21,21,12,14,16,12,15,10,13,12,13,9,10,9,11,7,12,4,6,8,9,6,6,6,10,6,6,8,2,4,2,4,3,2,4,3,6,0,0,0,0,0,0,0,0,0,0,0,0,0,0,0,0,0,0,0,0,0,0,38,17,39,20,35,25,30,32,30,33,24,40,22,43,20,50,16,53,9,54,-1,56,-6,64,-6,63,-14,63,-16,56,-22,61,-28,65,-27,57,-34,59,-37,61,-44,52,-47,57,-50,56,-52,48,-58,40,-57,48,-61,40,-62,41,-62,36,-62,39,-57,30,-61,31,-61,29,-60,28,-59,29,-60,31,-56,26,-58,26,-57,20,-57,23,-55,27,-52,31,-52,24,-52,30,-52,27,-42,28,-47,29,-47,35,-46,32,-45,29,-43,29,-44,36,-45,34,-41,32,-45,32,-45,34,-42,35,0,0]"
CSI_DATA,204,2a:00:00:00:00:00,-48,11,1,0,1,1,1,0,0,0,1,-96,0,11,2,2975628,0,44,0,384,0,"[0,0,0,0,0,0,0,0,0,0,0,0,7,8,7,8,7,8,7,9,6,9,6,8,6,8,7,7,6,8,6,8,6,8,6,7,6,7,6,7,6,7,6,6,7,6,5,7,6,6,6,6,5,7,5,6,5,6,5,6,5,7,5,5,0,0,5,5,4,5,4,5,3,5,3,5,3,4,3,5,3,4,3,3,3,4,3,4,2,4,2,3,2,3,2,3,2,3,1,2,2,2,2,2,2,2,2,2,1,2,1,2,1,2,1,2,1,2,0,0,0,0,0,0,0,0,0,0,0,0,0,0,38,52,40,52,41,46,45,45,41,46,42,45,42,42,42,48,35,45,41,45,41,41,43,37,36,39,43,42,44,36,44,39,40,47,42,37,38,40,36,39,42,37,35,36,36,36,30,35,34,36,34,35,37,33,38,32,33,33,29,29,29,28,27,32,24,31,26,30,24,25,22,35,21,24,20,24,22,26,23,20,22,17,23,23,20,21,12,16,13,19,18,19,17,17,13,16,13,15,13,14,10,16,15,14,6,15,5,12,12,12,11,14,8,13,0,0,0,0,0,0,0,0,0,0,0,0,0,0,0,0,0,0,0,0,0,0,39,18,31,25,31,27,25,32,20,38,19,46,16,44,10,46,4,50,0,54,-6,52,-8,56,-15,57,-20,61,-26,55,-33,55,-32,59,-42,51,-44,52,-44,46,-53,45,-59,42,-53,43,-56,34,-63,33,-67,32,-60,29,-63,28,-61,24,-60,24,-58,21,-65,18,-62,18,-60,17,-63,16,-63,10,-52,16,-64,17,-58,16,-53,20,-56,12,-50,21,-52,19,-51,21,-44,22,-46,25,-50,24,-45,24,-48,26,-47,28,-47,30,-42,33,-50,33,-48,32,-46,31,-44,39,-47,34,0,0]"
CSI_DATA,205,2a:00:00:00:00:00,-46,11,1,0,1,1,1,0,0,0,1,-96,0,11,2,2984819,0,44,0,384,0,"[0,0,0,0,0,0,0,0,0,0,0,0,-8,-10,-8,-9,-8,-10,-8,-10,-8,-9,-7,-9,-8,-8,-7,-9,-8,-9,-8,-9,-7,-9,-8,-9,-8,-9,-7,-8,-7,-8,-8,-8,-8,-8,-7,-7,-7,-8,-7,-8,-7,-8,-7,-8,-7,-7,-7,-7,-6,-8,-6,-7,0,0,-6,-7,-6,-7,-5,-7,-6,-6,-5,-6,-5,-6,-5,-6,-4,-6,-4,-6,-4,-5,-5,-5,-4,-6,-3,-5,-3,-5,-3,-5,-3,-4,-3,-4,-3,-5,-3,-4,-3,-4,-2,-4,-2,-4,-2,-4,-2,-4,-2,-4,-2,-4,0,0,0,0,0,0,0,0,0,0,0,0,0,0,-35,-55,-29,-58,-32,-53,-35,-50,-35,-57,-28,-54,-34,-56,-36,-58,-34,-52,-33,-48,-34,-55,-33,-52,-41,-53,-33,-52,-34,-52,-38,-50,-35,-48,-36,-48,-35,-44,-35,-45,-37,-43,-35,-43,-35,-43,-29,-45,-34,-47,-29,-42,-34,-46,-31,-42,-32,-41,-28,-42,-31,-41,-31,-38,-24,-43,-22,-35,-27,-35,-17,-36,-22,-34,-20,-33,-20,-35,-23,-33,-20,-34,-21,-27,-14,-28,-16,-29,-13,-28,-15,-26,-17,-25,-14,-24,-15,-24,-13,-21,-12,-17,-12,-20,-12,-21,-12,-21,-11,-17,-9,-22,-6,-21,0,0,0,0,0,0,0,0,0,0,0,0,0,0,0,0,0,0,0,0,0,0,-33,-17,-30,-33,-30,-29,-26,-36,-25,-34,-16,-44,-14,-37,-9,-44,-3,-56,6,-54,10,-50,12,-56,17,-55,25,-54,28,-55,26,-54,30,-53,43,-49,35,-45,47,-44,46,-40,50,-39,55,-37,55,-33,61,-32,57,-31,55,-25,61,-23,59,-21,57,-23,61,-18,63,-22,60,-15,55,-15,63,-10,64,-16,57,-15,56,-19,58,-16,58,-17,58,-13,54,-20,51,-15,57,-19,50,-18,56,-18,55,-20,56,-25,53,-25,54,-23,52,-23,50,-23,55,-25,54,-24,51,-32,54,-33,54,-36,0,0]"
CSI_DATA,206,2a:00:00:00:00:00,-45,11,1,0,1,1,1,0,0,0,1,-96,0,11,2,2994663,0,44,0,384,0,"[0,0,0,0,0,0,0,0,0,0,0,0,-13,-4,-12,-3,-12,-2,-12,-4,-11,-4,-12,-3,-12,-3,-11,-3,-11,-3,-11,-3,-11,-3,-11,-3,-11,-3,-11,-3,-11,-3,-11,-2,-11,-2,-10,-2,-11,-2,-10,-2,-10,-2,-10,-2,-10,-2,-10,-2,-10,-2,-10,-2,0,0,-10,-2,-9,-2,-9,-2,-9,-2,-8,-3,-8,-2,-8,-3,-8,-2,-8,-2,-7,-2,-7,-3,-7,-2,-6,-2,-6,-3,-6,-3,-6,-3,-6,-2,-5,-2,-5,-2,-5,-3,-4,-3,-4,-2,-4,-3,-4,-3,-4,-3,-4,-3,0,0,0,0,0,0,0,0,0,0,0,0,0,0,-59,-26,-54,-29,-57,-23,-62,-26,-62,-27,-57,-26,-62,-21,-53,-22,-55,-22,-55,-26,-56,-23,-54,-27,-57,-25,-55,-23,-57,-22,-57,-19,-54,-22,-55,-17,-55,-24,-56,-18,-59,-15,-54,-17,-50,-16,-50,-20,-46,-23,-56,-18,-52,-21,-51,-19,-49,-20,-56,-16,-49,-17,-47,-16,-41,-18,-46,-14,-47,-15,-39,-19,-43,-19,-38,-17,-34,-16,-42,-19,-37,-22,-38,-17,-33,-15,-31,-17,-30,-12,-30,-17,-27,-17,-27,-14,-24,-16,-24,-19,-20,-17,-19,-15,-21,-16,-21,-16,-21,-15,-15,-13,-11,-16,0,0,0,0,0,0,0,0,0,0,0,0,0,0,0,0,0,0,0,0,0,0,-42,12,-43,5,-41,4,-44,-4,-46,-9,-46,-15,-40,-21,-40,-23,-41,-30,-36,-32,-36,-37,-31,-42,-29,-42,-27,-48,-21,-49,-20,-52,-15,-55,-9,-60,-6,-55,-4,-57,4,-55,5,-62,9,-55,9,-60,16,-59,12,-63,19,-60,20,-56,22,-54,27,-53,28,-51,29,-53,27,-50,31,-47,30,-51,31,-51,31,-47,29,-52,31,-46,26,-50,32,-48,30,-49,31,-46,29,-48,30,-48,27,-56,28,-50,27,-49,27,-52,28,-53,29,-52,25,-57,29,-52,22,-54,26,-57,25,-54,29,-57,0,0]"
CSI_DATA,207,2a:00:00:00:00:00,-45,11,1,0,1,1,1,0,0,0,1,-96,0,11,2,3004658,0,44,0,384,0,"[0,0,0,0,0,0,0,0,0,0,0,0,10,4,9,3,10,4,9,4,10,3,9,4,9,3,9,3,9,3,9,3,9,3,10,3,9,3,9,3,9,2,10,2,9,2,9,2,9,1,9,2,9,2,9,2,9,2,9,2,9,2,9,2,0,0,9,2,9,2,8,2,8,2,8,2,8,2,7,2,8,2,7,2,8,3,7,3,6,3,6,2,6,2,5,3,5,3,5,3,5,3,4,3,4,2,4,3,4,2,3,2,3,3,3,3,3,3,0,0,0,0,0,0,0,0,0,0,0,0,0,0,47,34,47,30,48,29,46,31,54,30,50,31,52,28,50,34,50,28,51,25,53,28,50,23,54,30,50,24,51,23,55,20,53,21,52,16,52,22,54,21,65,23,57,23,47,23,50,22,50,23,49,24,51,20,53,19,50,18,58,17,51,19,51,22,46,21,48,19,52,18,43,22,44,20,43,22,40,23,41,25,41,18,39,22,37,24,37,20,33,22,33,27,31,22,30,22,26,22,23,21,23,22,22,27,24,22,18,19,18,20,17,21,12,24,0,0,0,0,0,0,0,0,0,0,0,0,0,0,0,0,0,0,0,0,0,0,45,-15,45,-9,44,-2,46,2,46,8,45,12,42,21,44,18,42,26,39,28,36,34,33,37,31,41,17,43,22,41,13,50,11,50,9,49,8,51,0,51,-3,52,-8,51,-8,50,-16,51,-18,51,-14,50,-20,49,-28,48,-27,43,-31,46,-28,45,-36,41,-36,43,-38,41,-35,36,-37,39,-33,38,-36,41,-36,35,-36,40,-39,34,-35,36,-35,35,-36,35,-35,34,-33,43,-32,40,-35,40,-36,40,-33,37,-32,43,-30,40,-32,42,-32,44,-35,42,-36,49,-31,46,0,0]"
CSI_DATA,208,2a:00:00:00:00:00,-50,11,1,0,1,1,1,0,0,0,1,-96,0,11,2,3035464,0,44,0,384,0,"[0,0,0,0,0,0,0,0,0,0,0,0,-2,-6,-2,-6,-2,-6,-4,-7,-3,-6,-3,-6,-4,-6,-4,-6,-5,-6,-4,-6,-4,-6,-4,-6,-6,-6,-5,-7,-6,-6,-6,-6,-7,-6,-7,-6,-8,-7,-7,-7,-7,-7,-8,-7,-8,-7,-8,-7,-8,-8,-7,-8,0,0,-7,-8,-7,-8,-7,-9,-6,-7,-6,-8,-6,-8,-6,-7,-6,-8,-6,-8,-5,-7,-5,-8,-5,-7,-4,-7,-5,-7,-4,-7,-4,-7,-4,-6,-4,-6,-3,-6,-4,-6,-3,-6,-3,-5,-3,-5,-3,-5,-2,-6,-2,-6,0,0,0,0,0,0,0,0,0,0,0,0,0,0,-5,-32,-4,-29,-9,-32,-11,-31,-12,-32,-9,-34,-16,-31,-16,-30,-12,-32,-23,-30,-17,-28,-23,-28,-24,-30,-26,-26,-26,-28,-30,-30,-29,-19,-40,-35,-35,-29,-36,-31,-37,-31,-41,-30,-40,-29,-37,-36,-40,-32,-40,-35,-44,-37,-45,-35,-45,-36,-42,-39,-39,-34,-40,-39,-40,-41,-40,-39,-38,-38,-40,-41,-31,-43,-39,-37,-36,-37,-34,-40,-30,-40,-28,-41,-28,-35,-30,-35,-32,-41,-24,-41,-26,-39,-32,-32,-17,-30,-17,-30,-21,-30,-17,-31,-22,-32,-19,-23,-19,-25,-15,-29,-11,-28,0,0,0,0,0,0,0,0,0,0,0,0,0,0,0,0,0,0,0,0,0,0,-70,52,-74,46,-79,38,-87,30,-84,25,-82,16,-84,11,-84,4,-87,-3,-79,-7,-81,-16,-83,-19,-84,-22,-77,-30,-66,-31,-61,-39,-59,-40,-53,-40,-51,-42,-41,-44,-33,-44,-34,-46,-24,-46,-21,-48,-13,-44,-9,-43,-5,-45,-1,-40,9,-32,5,-30,11,-28,16,-24,19,-24,18,-21,23,-17,23,-24,21,-15,23,-10,26,-14,28,-12,28,-7,30,-8,33,-9,30,-10,28,-7,32,-9,32,-4,33,2,32,-3,37,0,35,0,39,2,39,2,33,-3,38,3,36,-4,37,-1,0,0]"
CSI_DATA,209,2a:00:00:00:00:00,-50,11,1,0,1,1,1,0,0,0,1,-96,0,11,2,3044676,0,44,0,384,0,"[0,0,0,0,0,0,0,0,0,0,0,0,3,3,3,3,3,3,4,4,3,2,4,3,4,3,4,2,5,2,5,2,5,2,6,1,6,2,6,2,7,1,7,1,7,1,7,1,8,2,7,1,7,2,9,2,9,2,9,1,9,2,9,2,0,0,9,2,9,2,9,2,9,3,8,3,8,2,8,2,7,2,8,3,7,3,8,3,7,2,6,2,7,2,6,3,6,3,6,2,5,3,6,2,5,3,5,3,5,2,4,2,4,2,4,3,4,3,0,0,0,0,0,0,0,0,0,0,0,0,0,0,5,12,6,11,6,8,5,9,8,7,7,10,6,13,9,10,9,9,11,7,9,9,10,11,15,11,11,7,15,11,16,8,15,8,17,9,18,10,19,7,22,7,19,6,22,7,22,8,23,9,24,10,21,8,23,8,24,9,24,10,26,9,27,12,25,10,26,9,26,10,21,10,23,9,21,10,21,12,21,9,19,12,18,12,19,10,21,11,19,11,19,9,16,12,17,11,16,12,13,9,13,9,12,8,15,8,14,8,13,9,11,10,8,8,0,0,0,0,0,0,0,0,0,0,0,0,0,0,0,0,0,0,0,0,0,0,37,-22,39,-20,39,-16,44,-12,42,-9,41,-5,42,-3,41,-4,45,1,39,2,41,7,40,9,42,10,41,14,37,16,34,16,32,15,29,17,28,16,28,19,25,21,24,19,16,20,16,18,13,21,14,19,7,20,6,19,8,17,4,18,0,14,3,14,0,12,0,11,-2,8,-3,8,-6,8,-6,7,-8,7,-7,7,-10,5,-9,4,-11,6,-9,3,-10,1,-13,-1,-12,3,-12,2,-11,-1,-14,2,-14,3,-14,0,-14,2,-14,1,-15,4,-14,0,-12,0,0,0]"
CSI_DATA,210,2a:00:00:00:00:00,-49,11,1,0,1,1,1,0,0,0,1,-96,0,11,2,3064816,0,44,0,384,0,"[0,0,0,0,0,0,0,0,0,0,0,0,2,-1,2,-1,2,-2,2,-2,2,-2,2,-2,2,-2,2,-3,3,-3,3,-3,3,-4,3,-4,3,-4,3,-4,3,-5,3,-5,3,-5,3,-6,3,-6,3,-6,4,-6,4,-7,4,-7,4,-7,4,-7,4,-7,0,0,5,-7,5,-7,5,-7,5,-7,5,-7,5,-7,5,-7,5,-7,5,-6,5,-6,5,-6,5,-6,4,-6,4,-5,4,-5,4,-4,4,-5,3,-4,3,-4,3,-3,3,-3,3,-4,3,-4,3,-3,2,-3,2,-3,0,0,0,0,0,0,0,0,0,0,0,0,0,0,-1,-7,-1,-7,-2,-14,-1,-14,0,-14,-6,-16,-3,-14,1,-17,0,-16,-7,-17,-4,-16,-5,-23,-9,-21,-6,-16,-9,-24,-9,-22,-12,-24,-13,-26,-14,-28,-14,-26,-22,-29,-20,-26,-17,-26,-20,-30,-18,-29,-19,-34,-20,-34,-22,-38,-19,-36,-22,-37,-21,-43,-21,-42,-15,-32,-17,-40,-17,-41,-16,-36,-15,-38,-21,-34,-15,-34,-16,-39,-14,-36,-9,-41,-7,-39,-12,-36,-12,-35,-9,-33,-6,-33,-9,-29,-5,-29,-6,-28,-5,-29,-7,-24,-6,-22,-3,-17,-1,-20,-2,-23,-6,-22,0,0,0,0,0,0,0,0,0,0,0,0,0,0,0,0,0,0,0,0,0,0,-76,-50,-74,-61,-63,-62,-67,-74,-57,-71,-56,-75,-49,-77,-50,-81,-48,-86,-37,-81,-39,-87,-34,-89,-32,-91,-26,-92,-23,-92,-17,-84,-14,-92,-13,-83,-10,-83,-7,-79,-6,-71,-3,-82,-3,-67,1,-70,3,-64,3,-61,4,-60,7,-59,9,-46,13,-48,7,-41,6,-41,5,-33,7,-34,6,-28,5,-30,7,-24,9,-19,5,-21,2,-19,0,-15,0,-13,4,-13,-1,-8,-1,-10,3,-5,0,-1,4,-9,-1,-1,5,-2,0,-2,3,0,6,1,0,5,3,2,6,1,8,4,0,0]"
CSI_DATA,211,2a:00:00:00:00:00,-50,11,1,0,1,1,1,0,0,0,1,-96,0,11,2,3075164,0,44,0,384,0,"[0,0,0,0,0,0,0,0,0,0,0,0,-1,1,-1,1,-1,1,-1,2,-1,2,-1,2,-1,2,-1,2,-1,2,-1,2,-1,3,0,3,0,4,0,4,0,4,0,4,0,4,0,5,1,5,0,5,1,6,0,6,0,6,1,6,1,7,1,6,0,0,1,7,0,7,1,7,1,6,0,7,0,7,1,7,0,7,0,6,0,6,0,6,0,6,0,6,0,5,0,5,0,4,0,5,0,4,0,4,0,3,0,3,0,4,-1,3,0,3,0,3,0,2,0,0,0,0,0,0,0,0,0,0,0,0,0,0,-3,3,-5,4,-7,4,-4,6,-5,10,-5,4,-6,10,-4,14,-6,10,-7,12,-7,9,-5,11,-11,14,-6,16,-6,21,-5,20,-9,19,-5,27,-8,29,-5,23,-9,33,-4,28,-6,32,-7,32,-9,35,-5,38,-7,33,-9,39,-10,42,-8,43,-10,38,-14,40,-6,39,-9,45,-6,41,-16,42,-10,39,-7,39,-12,44,-9,35,-10,33,-8,35,-14,36,-17,35,-18,36,-8,28,-8,31,-8,32,-9,26,-6,24,-5,22,-3,26,-10,23,-11,19,-11,20,-10,20,-6,18,0,0,0,0,0,0,0,0,0,0,0,0,0,0,0,0,0,0,0,0,0,0,-42,83,-47,78,-52,76,-65,74,-63,72,-65,68,-74,62,-68,63,-76,66,-70,53,-83,50,-83,55,-82,56,-83,49,-82,48,-82,44,-83,45,-78,37,-80,41,-78,31,-77,31,-79,27,-71,29,-71,24,-68,20,-63,24,-56,15,-58,16,-53,14,-49,15,-49,13,-45,15,-41,17,-42,14,-42,10,-29,11,-27,12,-23,16,-23,15,-25,14,-20,11,-18,11,-11,14,-11,11,-9,7,-14,10,-7,6,-7,7,-6,5,-5,8,0,3,-5,6,-4,4,1,-2,0,2,-3,3,-7,0,0,0]"
CSI_DATA,212,2a:00:00:00:00:00,-50,11,1,0,1,1,1,0,0,0,1,-96,0,11,2,3085994,0,44,0,384,0,"[0,0,0,0,0,0,0,0,0,0,0,0,0,-2,0,-2,0,-3,0,-3,0,-3,0,-3,-1,-3,0,-3,0,-4,0,-4,0,-4,0,-4,-1,-5,-1,-5,-1,-5,-1,-6,-1,-6,-1,-6,-1,-7,-1,-7,-1,-7,-1,-7,-1,-7,-1,-8,-1,-8,-1,-8,0,0,-1,-8,-1,-9,-1,-9,-1,-8,0,-8,0,-9,0,-8,0,-8,-1,-7,-1,-7,0,-7,0,-7,1,-7,0,-7,0,-6,0,-6,0,-6,0,-5,0,-5,0,-5,0,-5,0,-5,1,-5,1,-4,0,-4,0,-3,0,0,0,0,0,0,0,0,0,0,0,0,0,0,0,-3,-2,-1,0,-4,0,-4,0,-5,1,-5,1,-4,1,-6,0,-6,1,-7,-1,-8,0,-8,1,-11,-1,-10,-1,-11,-3,-13,-3,-12,-1,-13,-1,-11,-4,-13,-3,-16,-2,-14,-5,-18,-3,-17,-3,-16,-3,-18,-4,-16,-6,-21,-4,-20,-3,-21,-5,-21,-4,-21,-3,-21,-4,-24,-2,-21,-2,-22,-2,-22,-2,-22,-4,-23,-2,-21,-3,-19,-2,-19,-2,-19,-1,-18,0,-19,-3,-15,-4,-18,-1,-16,-2,-14,-4,-13,-1,-13,-3,-12,0,-12,1,-10,0,-9,0,-9,-2,-9,0,0,0,0,0,0,0,0,0,0,0,0,0,0,0,0,0,0,0,0,0,0,9,-42,13,-41,16,-39,19,-42,19,-37,23,-39,22,-38,24,-38,27,-38,25,-35,29,-35,27,-36,30,-35,31,-34,30,-33,30,-27,33,-32,30,-28,32,-29,31,-27,31,-23,31,-25,28,-21,29,-23,28,-21,28,-21,24,-18,25,-19,21,-13,22,-17,16,-12,19,-13,17,-15,17,-14,14,-12,13,-11,8,-11,9,-10,9,-12,8,-10,6,-10,6,-7,5,-9,3,-6,5,-7,0,-7,1,-6,2,-5,1,-7,2,-6,1,-6,1,-3,2,-4,-2,-4,3,-2,3,-2,2,1,0,0]"
CSI_DATA,213,2a:00:00:00:00:00,-50,11,1,0,1,1,1,0,0,0,1,-96,0,11,2,3094814,0,44,0,384,0,"[0,0,0,0,0,0,0,0,0,0,0,0,0,0,0,0,1,1,1,0,1,1,1,1,1,1,1,1,2,1,2,1,2,1,2,1,2,2,2,2,3,2,3,2,4,1,4,2,4,2,4,2,4,2,5,2,5,3,5,3,5,3,5,3,0,0,6,3,5,3,5,3,5,3,5,3,5,3,5,4,5,3,5,3,5,3,5,3,4,3,4,3,4,3,4,3,4,2,3,3,4,2,3,2,3,2,3,2,3,2,2,2,2,1,2,1,2,2,0,0,0,0,0,0,0,0,0,0,0,0,0,0,1,1,1,2,1,2,1,2,3,2,2,4,2,3,2,5,2,4,4,4,4,4,5,6,4,7,4,6,7,3,6,6,7,8,7,8,8,8,10,7,13,10,10,9,11,9,11,10,11,9,12,11,12,10,13,12,14,12,17,12,15,12,13,14,14,14,14,14,15,12,15,14,13,12,12,13,14,13,16,13,11,15,13,14,12,12,11,12,8,11,11,10,11,12,10,12,9,10,10,10,8,10,9,8,7,7,5,7,6,6,5,7,6,8,0,0,0,0,0,0,0,0,0,0,0,0,0,0,0,0,0,0,0,0,0,0,20,35,17,41,15,38,12,43,13,41,9,44,7,42,5,42,7,46,3,46,1,48,0,44,0,46,-2,46,-4,48,-3,43,-4,46,-5,40,-2,43,-8,42,-8,39,-7,43,-8,37,-9,37,-9,36,-7,34,-9,32,-8,31,-8,27,-6,27,-6,22,-6,25,-6,23,-5,21,-4,20,-2,18,-4,17,-1,16,-1,15,-1,14,0,14,-1,10,1,12,2,9,2,8,0,4,1,6,3,7,1,6,2,6,0,6,1,5,-1,0,0,2,3,1,-1,3,0,2,0,0]"
CSI_DATA,214,2a:00:00:00:00:00,-50,11,1,0,1,1,1,0,0,0,1,-96,0,11,2,3104816,0,44,0,384,0,"[0,0,0,0,0,0,0,0,0,0,0,0,-1,-1,-1,-1,-1,-1,-2,-2,-2,-1,-2,-2,-2,-2,-3,-2,-3,-1,-3,-2,-3,-2,-4,-2,-4,-2,-4,-2,-4,-3,-5,-2,-5,-3,-5,-3,-5,-3,-5,-3,-6,-4,-6,-3,-6,-4,-6,-4,-6,-4,-7,-4,0,0,-6,-4,-7,-4,-6,-4,-7,-4,-6,-4,-6,-5,-6,-5,-5,-5,-6,-4,-7,-4,-6,-4,-5,-4,-5,-4,-5,-4,-5,-4,-5,-4,-4,-3,-5,-3,-4,-3,-4,-3,-4,-3,-3,-3,-3,-3,-3,-2,-4,-3,-4,-3,0,0,0,0,0,0,0,0,0,0,0,0,0,0,0,0,-3,-1,-2,-2,-3,-2,-3,-2,-3,-3,-5,-4,-2,-3,-4,-4,-3,-5,-5,-3,-5,-4,-6,-5,-6,-5,-7,-6,-9,-6,-10,-5,-9,-7,-11,-5,-10,-8,-12,-8,-12,-10,-12,-9,-14,-10,-15,-9,-15,-12,-15,-10,-16,-10,-15,-12,-16,-10,-17,-11,-17,-13,-15,-11,-17,-11,-18,-12,-14,-12,-15,-12,-16,-13,-15,-13,-16,-13,-18,-14,-18,-11,-13,-11,-12,-10,-13,-12,-13,-12,-11,-12,-11,-10,-11,-12,-10,-8,-11,-8,-8,-8,-9,-8,-10,-7,-8,-9,-7,-8,-8,-6,0,0,0,0,0,0,0,0,0,0,0,0,0,0,0,0,0,0,0,0,0,0,-19,-40,-16,-41,-14,-44,-12,-43,-10,-45,-7,-43,-6,-46,-3,-47,-2,-48,-2,-46,1,-47,-1,-49,1,-49,1,-49,3,-46,5,-47,5,-46,8,-47,5,-44,8,-40,6,-40,10,-41,8,-40,8,-38,7,-37,6,-38,7,-35,8,-30,8,-28,6,-26,5,-26,5,-24,3,-21,3,-21,4,-21,2,-20,1,-19,-2,-16,-1,-14,-2,-15,0,-13,-2,-12,-4,-11,-1,-10,-3,-10,-3,-7,-6,-6,-3,-7,-4,-4,-2,-6,-4,-5,-6,-6,-4,-4,0,-4,-4,-1,0,-3,-1,-1,0,0]"
CSI_DATA,215,2a:00:00:00:00:00,-50,11,1,0,1,1,1,0,0,0,1,-96,0,11,2,3116627,0,44,0,384,0,"[0,0,0,0,0,0,0,0,0,0,0,0,0,-1,0,-1,0,-2,-1,-2,-1,-2,-1,-2,-1,-2,-2,-2,-2,-3,-2,-2,-2,-3,-3,-3,-2,-3,-3,-4,-3,-4,-4,-4,-4,-4,-4,-4,-4,-5,-5,-5,-5,-5,-5,-5,-5,-5,-5,-6,-5,-6,-6,-6,0,0,-6,-6,-5,-6,-6,-6,-6,-6,-5,-6,-5,-6,-5,-7,-5,-6,-5,-6,-5,-6,-5,-5,-4,-6,-4,-6,-3,-6,-5,-5,-4,-5,-3,-5,-4,-5,-4,-4,-4,-4,-3,-4,-3,-4,-2,-4,-2,-4,-3,-4,-3,-3,0,0,0,0,0,0,0,0,0,0,0,0,0,0,3,-2,3,-1,1,-1,1,-1,1,-2,-2,-4,0,-3,-3,-6,-2,-4,-4,-5,-3,-7,-3,-7,-4,-8,-6,-7,-4,-7,-6,-9,-7,-6,-9,-9,-8,-10,-10,-9,-12,-10,-13,-10,-13,-12,-13,-11,-9,-12,-14,-14,-14,-13,-15,-14,-14,-16,-17,-15,-18,-14,-17,-14,-16,-16,-15,-17,-17,-15,-15,-14,-14,-14,-14,-15,-13,-18,-15,-16,-14,-16,-14,-16,-11,-16,-13,-15,-9,-15,-14,-12,-14,-12,-11,-12,-11,-11,-13,-11,-9,-12,-9,-12,-7,-10,-6,-9,-5,-10,-9,-11,-9,-12,0,0,0,0,0,0,0,0,0,0,0,0,0,0,0,0,0,0,0,0,0,0,-21,-41,-17,-42,-16,-43,-12,-44,-12,-44,-10,-44,-7,-45,-5,-49,-5,-49,-3,-48,-2,-46,-1,-47,1,-48,2,-48,3,-46,2,-46,3,-43,5,-44,6,-38,6,-38,6,-38,7,-38,8,-39,8,-34,6,-32,7,-33,7,-28,4,-29,5,-27,5,-23,2,-22,3,-22,4,-21,1,-18,1,-17,1,-16,2,-15,1,-11,-1,-13,0,-10,-2,-9,-5,-7,-2,-7,-3,-7,-4,-6,-5,-3,-3,-5,-4,-3,-1,-4,-4,-1,-3,0,-2,2,-2,-2,-1,3,-2,0,-2,1,0,3,0,0]"
CSI_DATA,216,2a:00:00:00:00:00,-49,11,1,0,1,1,1,0,0,0,1,-96,0,11,2,3125653,0,44,0,384,0,"[0,0,0,0,0,0,0,0,0,0,0,0,1,-1,1,-1,1,-1,1,-2,1,-2,1,-2,1,-3,0,-3,0,-4,0,-4,0,-4,0,-5,0,-5,-1,-5,-1,-5,-1,-6,-1,-7,-1,-7,-2,-7,-2,-8,-2,-8,-2,-9,-2,-8,-2,-9,-2,-9,-2,-9,0,0,-2,-10,-2,-10,-2,-11,-2,-10,-2,-10,-2,-10,-1,-10,-1,-10,-1,-10,-1,-9,-1,-9,-1,-9,-1,-9,-1,-9,-1,-8,-1,-8,0,-8,-1,-8,-1,-7,-1,-7,-1,-7,0,-6,0,-6,0,-6,0,-6,0,-5,0,0,0,0,0,0,0,0,0,0,0,0,0,0,3,-2,1,-3,3,-5,3,-2,2,-5,0,-6,0,-4,-1,-5,-3,-5,-3,-6,-5,-6,-6,-8,-6,-6,-7,-7,-7,-7,-9,-7,-11,-7,-13,-7,-11,-6,-15,-9,-17,-8,-15,-9,-16,-7,-15,-9,-18,-9,-17,-10,-19,-10,-21,-8,-21,-7,-20,-10,-21,-10,-23,-12,-21,-11,-22,-11,-23,-14,-20,-12,-21,-10,-21,-12,-19,-13,-20,-14,-20,-13,-18,-14,-19,-11,-19,-13,-20,-11,-16,-13,-15,-12,-17,-12,-13,-10,-12,-11,-13,-12,-11,-10,-13,-8,-12,-8,-9,-8,-9,-9,-8,-9,0,0,0,0,0,0,0,0,0,0,0,0,0,0,0,0,0,0,0,0,0,0,-43,-14,-41,-17,-41,-21,-41,-24,-38,-26,-38,-28,-35,-29,-35,-30,-35,-33,-34,-32,-31,-34,-31,-37,-30,-37,-30,-36,-27,-37,-23,-36,-24,-38,-24,-36,-22,-36,-16,-36,-19,-31,-17,-34,-14,-32,-12,-30,-11,-28,-12,-29,-10,-25,-10,-24,-9,-24,-10,-22,-9,-19,-6,-17,-6,-17,-8,-13,-6,-13,-6,-11,-7,-9,-5,-11,-6,-7,-5,-5,-6,-5,-6,-2,-4,-3,-5,-2,-3,-3,-3,3,-4,0,-2,0,-2,1,-2,-1,-1,4,1,1,1,4,1,2,-1,3,4,4,3,2,0,0]"
CSI_DATA,217,2a:00:00:00:00:00,-49,11,1,0,1,1,1,0,0,0,1,-96,0,11,2,3135618,0,44,0,384,0,"[0,0,0,0,0,0,0,0,0,0,0,0,-2,0,-2,0,-2,1,-2,1,-1,1,-2,2,-1,2,-1,2,-1,3,-1,3,-1,3,-1,4,-1,4,-1,4,-1,5,0,5,0,6,-1,6,0,7,-1,7,-1,7,-1,8,-1,7,0,8,-1,9,-1,8,0,0,-1,9,-1,9,0,9,-1,9,-1,9,-1,9,-1,9,-1,9,-1,9,-1,8,-1,8,-1,8,-1,8,-2,8,-1,7,-1,7,-2,7,-1,6,-2,6,-1,6,-1,5,-2,6,-2,5,-1,5,-1,5,-1,4,0,0,0,0,0,0,0,0,0,0,0,0,0,0,-3,1,-5,2,2,3,2,0,2,1,6,9,2,7,1,2,9,9,9,3,12,8,10,0,15,2,15,8,17,11,19,6,24,6,24,7,25,10,29,10,32,10,32,9,35,8,35,9,34,10,38,12,39,13,39,14,43,13,46,12,52,16,49,13,44,11,49,5,50,13,44,11,40,12,43,14,47,8,42,11,43,14,42,20,39,22,44,16,44,16,38,14,38,18,34,13,31,13,30,14,32,14,29,8,30,10,25,10,25,5,22,13,22,12,0,0,0,0,0,0,0,0,0,0,0,0,0,0,0,0,0,0,0,0,0,0,67,53,62,62,56,63,60,73,53,71,50,71,47,75,44,81,40,89,36,84,33,85,31,89,32,89,26,91,29,87,22,79,19,80,16,85,21,79,16,82,11,75,11,82,9,67,6,71,2,62,6,60,4,60,3,61,0,50,3,46,4,43,5,37,3,31,8,31,8,34,5,28,10,23,2,21,2,18,8,20,5,15,7,14,5,10,8,12,6,6,8,-1,4,3,1,3,0,8,1,0,2,4,-1,-5,0,0,0,1,1,3,-2,-6,-3,-2,0,0]"
CSI_DATA,218,2a:00:00:00:00:00,-49,11,1,0,1,1,1,0,0,0,1,-96,0,11,2,3144649,0,44,0,384,0,"[0,0,0,0,0,0,0,0,0,0,0,0,2,0,2,0,2,1,2,1,2,1,3,1,3,1,3,1,3,1,3,1,4,1,4,1,4,2,5,2,5,2,6,2,6,2,6,2,6,2,6,2,6,2,7,2,7,2,7,3,7,3,7,2,0,0,8,2,7,3,8,3,8,2,7,3,8,3,8,3,7,3,8,2,7,2,7,3,7,3,6,3,6,2,6,2,6,2,6,2,6,2,6,1,5,1,5,1,5,1,5,1,4,1,5,1,4,1,0,0,0,0,0,0,0,0,0,0,0,0,0,0,9,-9,5,-11,4,-12,8,-10,8,-12,8,-9,8,-16,8,-17,14,-14,13,-17,9,-19,13,-18,15,-16,14,-19,16,-20,16,-22,21,-24,14,-26,25,-22,22,-25,24,-29,27,-27,23,-30,26,-30,24,-33,27,-30,24,-29,27,-37,28,-35,30,-37,31,-36,30,-33,28,-34,29,-39,29,-34,29,-34,25,-36,25,-38,27,-38,32,-33,27,-32,27,-32,24,-31,25,-29,27,-29,23,-27,22,-25,28,-29,22,-22,19,-25,18,-24,15,-17,16,-23,15,-24,17,-23,12,-22,14,-18,0,0,0,0,0,0,0,0,0,0,0,0,0,0,0,0,0,0,0,0,0,0,74,28,76,30,71,38,74,48,68,46,67,47,66,55,66,55,67,59,63,57,61,66,61,64,60,68,59,68,55,68,50,67,49,70,45,68,48,68,46,69,45,68,43,68,39,60,35,61,31,59,30,58,30,54,23,57,24,50,27,47,20,42,24,40,19,37,24,35,25,34,21,26,17,24,22,26,18,22,21,20,22,21,17,17,11,13,16,12,13,12,15,9,10,5,18,9,15,12,10,8,13,8,9,7,13,7,8,6,9,10,6,6,8,9,0,0]"
CSI_DATA,219,2a:00:00:00:00:00,-48,11,1,0,1,1,1,0,0,0,1,-96,0,11,2,3154904,0,44,0,384,0,"[0,0,0,0,0,0,0,0,0,0,0,0,4,-2,3,-2,4,-2,4,-2,4,-2,4,-2,4,-3,4,-3,5,-3,5,-3,5,-3,5,-3,5,-3,5,-3,5,-3,6,-4,6,-4,6,-4,6,-4,6,-4,7,-4,7,-4,7,-4,7,-4,7,-4,7,-4,0,0,7,-4,7,-4,7,-4,7,-4,7,-4,7,-4,7,-4,7,-4,7,-4,7,-4,7,-4,6,-3,6,-3,6,-3,6,-3,6,-3,5,-3,5,-3,5,-3,5,-3,5,-3,4,-3,4,-3,4,-3,4,-3,4,-2,0,0,0,0,0,0,0,0,0,0,0,0,0,0,1,-24,4,-24,5,-21,4,-24,1,-23,3,-25,7,-28,7,-28,1,-25,4,-25,3,-27,4,-29,3,-30,-1,-30,2,-35,1,-35,5,-39,3,-38,5,-40,6,-37,4,-43,1,-36,1,-41,2,-42,1,-41,0,-49,4,-44,2,-41,7,-46,2,-39,4,-44,6,-42,5,-42,2,-45,2,-42,5,-42,4,-46,6,-45,4,-42,2,-43,3,-43,8,-40,7,-42,4,-42,5,-38,4,-36,4,-34,7,-34,9,-31,2,-29,0,-32,1,-30,5,-29,2,-27,6,-27,3,-26,6,-28,0,0,0,0,0,0,0,0,0,0,0,0,0,0,0,0,0,0,0,0,0,0,69,-25,76,-19,75,-14,81,-7,78,-5,81,-2,80,0,84,1,86,10,82,10,78,18,85,16,82,16,84,23,80,25,75,25,75,28,75,35,74,25,72,31,70,32,68,37,60,34,61,35,55,39,56,35,55,35,53,35,47,36,46,30,40,30,36,30,38,25,35,22,38,23,33,21,32,20,28,17,32,19,32,17,27,15,24,14,27,16,30,11,27,9,23,15,27,9,25,7,28,7,23,10,21,8,21,6,22,9,16,2,16,8,21,1,25,5,0,0]"
CSI_DATA,220,2a:00:00:00:00:00,-48,11,1,0,1,1,1,0,0,0,1,-96,0,11,2,3164664,0,44,0,384,0,"[0,0,0,0,0,0,0,0,0,0,0,0,4,-5,3,-4,3,-4,3,-5,3,-5,4,-5,4,-5,4,-5,3,-6,4,-6,4,-6,5,-6,4,-6,4,-7,4,-6,4,-6,4,-7,5,-6,4,-7,4,-7,4,-7,5,-7,5,-6,5,-7,5,-7,5,-7,0,0,6,-7,5,-7,5,-7,6,-6,5,-6,5,-6,5,-6,4,-7,5,-6,5,-6,5,-5,4,-6,4,-6,4,-5,4,-5,4,-5,3,-5,4,-4,3,-4,3,-4,3,-4,3,-4,2,-4,3,-4,3,-3,4,-3,0,0,0,0,0,0,0,0,0,0,0,0,0,0,26,-14,22,-11,21,-20,21,-14,24,-21,24,-17,24,-21,25,-20,27,-23,25,-24,24,-21,29,-19,23,-22,26,-27,28,-21,27,-26,22,-27,32,-32,26,-29,28,-27,31,-36,32,-30,27,-29,29,-34,29,-29,31,-30,32,-35,34,-33,30,-38,34,-33,34,-30,35,-32,35,-33,28,-33,36,-23,28,-29,26,-29,30,-30,31,-29,31,-27,30,-23,33,-28,31,-27,25,-25,26,-27,28,-23,27,-19,26,-25,25,-18,22,-19,26,-20,16,-15,21,-20,20,-20,23,-16,19,-16,22,-13,0,0,0,0,0,0,0,0,0,0,0,0,0,0,0,0,0,0,0,0,0,0,74,9,70,12,74,20,72,27,76,29,65,32,67,38,68,45,69,47,69,46,60,55,61,55,62,59,57,61,54,60,54,68,53,61,46,67,44,61,41,66,38,66,41,65,31,68,30,63,29,64,28,65,22,63,21,53,19,57,17,54,16,52,15,48,16,43,17,40,18,43,16,42,14,42,11,33,14,36,15,32,17,24,12,31,16,31,15,32,13,23,18,27,14,25,16,26,10,27,17,25,10,26,14,21,12,24,10,27,18,23,13,25,20,21,0,0]"
CSI_DATA,221,2a:00:00:00:00:00,-48,11,1,0,1,1,1,0,0,0,1,-96,0,11,2,3214800,0,44,0,384,0,"[0,0,0,0,0,0,0,0,0,0,0,0,-3,5,-2,5,-2,5,-2,6,-2,5,-2,6,-2,6,-2,6,-2,6,-2,6,-2,6,-2,7,-2,7,-2,7,-2,7,-2,7,-2,8,-2,8,-1,8,-2,8,-2,8,-2,8,-2,8,-2,8,-2,8,-2,8,0,0,-3,8,-2,8,-2,8,-3,7,-3,8,-3,8,-3,7,-3,7,-3,6,-3,6,-3,6,-3,6,-3,6,-3,6,-3,5,-2,5,-2,5,-2,4,-2,4,-2,4,-2,4,-2,4,-2,4,-2,4,-2,3,-2,3,0,0,0,0,0,0,0,0,0,0,0,0,0,0,17,21,17,25,18,15,19,21,23,26,19,24,24,20,23,27,23,17,25,25,26,24,27,22,28,23,21,20,28,22,30,22,33,20,30,23,30,24,37,19,42,23,36,24,37,21,39,25,36,28,38,20,35,28,41,26,32,25,39,31,34,26,40,24,31,29,32,23,36,21,33,25,30,24,34,25,30,23,35,24,24,25,30,24,26,22,18,22,19,21,28,22,24,19,23,16,22,15,21,18,19,19,19,17,17,9,17,10,17,13,21,12,15,13,0,0,0,0,0,0,0,0,0,0,0,0,0,0,0,0,0,0,0,0,0,0,38,65,31,69,22,69,19,79,10,85,11,79,4,79,-2,80,-2,90,-11,77,-20,84,-20,78,-22,90,-29,81,-32,77,-37,75,-37,71,-43,72,-40,65,-42,59,-45,59,-49,63,-46,55,-54,48,-50,45,-51,41,-49,36,-51,40,-47,35,-49,35,-40,32,-43,28,-37,23,-41,23,-35,19,-35,21,-37,20,-34,19,-28,19,-33,20,-30,16,-26,17,-33,21,-29,18,-26,17,-19,18,-23,19,-23,20,-23,16,-29,21,-21,15,-30,17,-27,20,-21,14,-27,20,-28,17,-25,18,0,0]"
CSI_DATA,222,2a:00:00:00:00:00,-49,11,1,0,1,1,1,0,0,0,1,-96,0,11,2,3224791,0,44,0,384,0,"[0,0,0,0,0,0,0,0,0,0,0,0,1,-5,1,-6,1,-6,1,-6,1,-6,1,-6,1,-6,1,-6,2,-7,1,-7,1,-7,1,-7,1,-8,1,-8,1,-8,1,-8,1,-8,1,-8,1,-9,1,-8,2,-8,2,-9,2,-8,2,-9,2,-9,2,-9,0,0,2,-8,2,-9,2,-9,2,-8,2,-8,2,-8,2,-8,2,-8,3,-7,2,-7,2,-7,2,-7,2,-7,2,-6,2,-5,2,-5,2,-6,2,-5,2,-5,1,-4,1,-4,2,-5,1,-5,1,-5,1,-4,1,-4,0,0,0,0,0,0,0,0,0,0,0,0,0,0,-24,-20,-19,-28,-28,-18,-20,-19,-18,-21,-27,-26,-20,-17,-23,-27,-22,-25,-29,-22,-24,-24,-27,-24,-29,-21,-31,-24,-30,-28,-33,-22,-33,-28,-33,-25,-27,-28,-39,-25,-35,-27,-37,-30,-37,-27,-32,-35,-36,-32,-34,-31,-34,-26,-36,-30,-35,-28,-39,-30,-29,-27,-33,-28,-28,-30,-29,-37,-33,-27,-23,-33,-27,-30,-22,-30,-23,-25,-28,-29,-27,-23,-26,-30,-21,-26,-23,-27,-18,-23,-25,-27,-21,-25,-19,-24,-20,-24,-17,-24,-15,-20,-17,-23,-16,-18,-15,-15,-16,-19,-14,-16,-15,-19,0,0,0,0,0,0,0,0,0,0,0,0,0,0,0,0,0,0,0,0,0,0,-53,-59,-48,-69,-40,-69,-37,-74,-31,-77,-22,-82,-17,-82,-12,-80,-12,-87,-9,-83,2,-91,6,-88,-1,-88,13,-85,14,-81,18,-80,22,-80,33,-80,34,-77,37,-70,35,-67,44,-63,41,-61,41,-58,42,-54,41,-54,42,-46,40,-44,44,-37,42,-35,36,-31,41,-29,38,-23,42,-24,36,-24,35,-22,30,-21,27,-26,34,-18,26,-18,24,-22,22,-17,25,-19,26,-19,23,-15,17,-17,19,-16,23,-21,19,-16,17,-20,25,-27,18,-22,27,-24,25,-16,25,-14,24,-13,21,-20,0,0]"
CSI_DATA,223,2a:00:00:00:00:00,-47,11,1,0,1,1,1,0,0,0,1,-96,0,11,2,3244824,0,44,0,384,0,"[0,0,0,0,0,0,0,0,0,0,0,0,-8,1,-8,1,-8,2,-8,1,-8,1,-7,1,-8,2,-8,2,-8,1,-8,2,-8,2,-8,2,-8,2,-8,2,-8,1,-8,2,-8,2,-8,2,-8,2,-8,2,-8,1,-8,1,-9,1,-8,2,-8,1,-8,2,0,0,-8,2,-8,1,-8,1,-8,2,-7,1,-7,1,-7,1,-7,1,-7,1,-7,1,-7,1,-6,0,-6,0,-6,1,-6,0,-6,0,-5,0,-6,0,-6,0,-5,0,-5,0,-4,0,-4,0,-4,0,-5,0,-5,0,0,0,0,0,0,0,0,0,0,0,0,0,0,0,-42,-1,-37,6,-35,6,-33,7,-41,11,-42,3,-35,8,-42,7,-40,9,-41,11,-43,12,-39,14,-41,15,-41,9,-38,9,-43,10,-38,14,-38,16,-40,12,-42,13,-47,18,-43,12,-42,18,-40,17,-39,14,-41,17,-44,13,-40,15,-44,14,-43,11,-41,13,-46,13,-33,9,-39,15,-39,14,-38,13,-33,8,-35,12,-33,13,-39,15,-35,11,-31,10,-29,7,-33,10,-31,10,-31,5,-30,8,-25,10,-27,10,-26,7,-24,10,-28,9,-23,10,-21,7,-22,5,-25,3,-22,-2,0,0,0,0,0,0,0,0,0,0,0,0,0,0,0,0,0,0,0,0,0,0,-59,-33,-54,-42,-49,-44,-50,-52,-44,-53,-45,-56,-43,-59,-42,-61,-39,-69,-31,-67,-25,-69,-26,-73,-27,-80,-20,-81,-12,-80,-6,-74,-6,-83,-4,-76,-3,-76,3,-72,1,-68,10,-76,8,-67,11,-63,15,-62,14,-66,19,-60,22,-61,17,-53,15,-52,13,-51,19,-47,11,-47,13,-42,12,-42,14,-40,9,-40,15,-34,10,-41,9,-37,7,-36,5,-32,7,-36,5,-34,7,-33,-4,-37,-5,-36,-4,-29,-3,-37,-1,-35,0,-33,1,-39,1,-38,-5,-33,-4,-40,0,-37,-7,-36,0,0]"
CSI_DATA,224,2a:00:00:00:00:00,-47,11,1,0,1,1,1,0,0,0,1,-96,0,11,2,3254781,0,44,0,384,0,"[0,0,0,0,0,0,0,0,0,0,0,0,5,4,6,4,6,4,6,5,6,4,6,5,6,4,6,4,6,4,6,4,6,4,6,4,6,4,6,4,6,4,7,4,7,4,6,4,6,4,7,4,6,5,6,4,6,4,7,4,6,4,6,4,0,0,6,4,6,4,5,4,6,4,5,4,5,4,5,4,5,4,5,3,4,3,5,4,4,4,4,3,3,3,4,3,4,3,3,3,3,3,3,2,3,2,3,2,2,2,2,3,2,2,2,2,2,2,0,0,0,0,0,0,0,0,0,0,0,0,0,0,32,28,31,25,34,30,34,26,37,30,33,24,34,26,35,31,34,22,33,30,33,28,33,27,37,26,35,24,34,25,37,23,36,27,38,24,38,23,36,24,45,25,34,22,38,27,34,24,35,26,35,28,35,19,37,23,36,25,39,22,36,18,37,25,31,25,33,27,35,19,32,26,31,25,31,22,27,22,31,21,28,22,28,26,25,22,25,22,21,17,24,19,22,21,19,21,22,19,18,16,22,20,19,17,16,13,13,21,11,18,17,16,14,16,0,0,0,0,0,0,0,0,0,0,0,0,0,0,0,0,0,0,0,0,0,0,24,57,15,62,11,63,5,68,3,68,-3,70,-9,68,-12,71,-17,73,-20,70,-24,73,-29,66,-31,68,-38,60,-41,64,-41,60,-44,64,-42,55,-48,58,-53,52,-47,48,-55,44,-54,43,-54,38,-57,37,-55,37,-54,35,-52,31,-53,25,-55,26,-45,22,-49,25,-45,21,-47,20,-42,19,-38,19,-34,20,-38,21,-36,21,-36,21,-35,18,-30,19,-29,26,-30,26,-30,27,-27,31,-27,26,-24,28,-28,33,-24,29,-28,27,-24,34,-29,30,-27,31,-28,34,-28,31,-25,30,0,0]"
CSI_DATA,225,2a:00:00:00:00:00,-46,11,1,0,1,1,1,0,0,0,1,-96,0,11,2,3264957,0,44,0,384,0,"[0,0,0,0,0,0,0,0,0,0,0,0,3,7,3,6,3,6,3,6,4,7,4,6,3,6,4,6,4,6,4,6,4,6,4,6,4,6,4,6,4,6,4,6,4,6,4,6,4,6,4,6,4,6,4,6,4,6,4,6,4,6,4,6,0,0,4,5,4,6,4,6,3,5,3,6,3,6,3,6,3,5,3,5,2,4,3,4,2,4,2,5,2,4,2,3,2,3,2,4,2,3,1,3,1,3,2,3,1,3,1,3,0,3,1,3,1,3,0,0,0,0,0,0,0,0,0,0,0,0,0,0,19,46,21,43,21,39,24,38,23,38,21,37,24,40,28,37,23,40,22,36,25,35,28,36,25,34,26,39,26,39,26,38,25,40,22,37,26,38,31,38,28,35,29,35,31,35,31,33,25,36,27,35,29,38,27,40,25,41,25,35,25,36,26,35,28,35,29,35,24,30,20,32,24,32,26,30,23,34,24,26,18,26,15,27,18,30,15,29,12,28,17,23,16,28,15,26,12,24,18,20,13,19,14,19,8,24,7,20,9,21,7,20,5,21,0,0,0,0,0,0,0,0,0,0,0,0,0,0,0,0,0,0,0,0,0,0,-11,62,-17,60,-19,60,-31,63,-31,59,-37,58,-35,56,-43,57,-44,57,-53,49,-59,42,-62,42,-60,41,-68,35,-68,36,-67,36,-70,34,-67,30,-68,26,-70,22,-71,23,-74,22,-67,15,-71,9,-69,2,-67,6,-59,1,-64,2,-59,0,-63,-1,-52,1,-55,-1,-54,2,-55,1,-50,2,-47,2,-45,2,-44,1,-45,-2,-45,4,-42,3,-37,10,-35,12,-37,10,-38,11,-35,13,-32,16,-36,17,-37,17,-40,16,-39,15,-41,16,-38,24,-33,21,-46,20,-40,23,-41,22,0,0]"
CSI_DATA,226,2a:00:00:00:00:00,-47,11,1,0,1,1,1,0,0,0,1,-96,0,11,2,3286609,0,44,0,384,0,"[0,0,0,0,0,0,0,0,0,0,0,0,6,5,6,5,6,5,6,5,6,5,6,4,6,5,6,4,6,4,6,4,6,4,6,4,6,4,6,4,6,4,6,4,7,4,6,3,6,4,6,4,6,4,6,4,5,3,7,3,6,4,6,3,0,0,6,3,6,4,5,4,5,3,5,4,5,4,5,4,4,3,5,3,4,3,4,3,4,3,3,3,4,3,3,3,3,3,3,3,3,2,3,2,2,2,2,2,2,3,2,2,2,2,2,2,2,2,0,0,0,0,0,0,0,0,0,0,0,0,0,0,21,40,19,37,24,39,23,41,22,40,19,39,21,35,21,37,21,35,26,36,24,31,22,32,22,34,22,31,22,35,23,33,25,38,23,31,23,35,23,35,27,35,25,30,28,32,23,31,21,29,22,35,21,29,23,32,23,29,23,28,22,29,20,31,19,31,19,31,19,25,14,29,17,29,16,28,14,33,14,26,15,23,19,25,10,31,11,25,11,26,11,21,12,24,4,20,8,22,10,19,10,20,7,20,6,21,1,19,5,15,5,15,5,17,0,0,0,0,0,0,0,0,0,0,0,0,0,0,0,0,0,0,0,0,0,0,-11,54,-18,59,-24,57,-32,61,-33,52,-37,53,-44,50,-45,51,-53,52,-49,44,-59,45,-57,43,-66,44,-67,37,-70,34,-67,28,-71,31,-69,25,-72,22,-71,21,-71,17,-75,15,-70,10,-71,8,-72,3,-72,8,-66,2,-69,1,-62,0,-66,2,-53,3,-61,-2,-57,-2,-52,-1,-52,3,-48,1,-50,4,-50,3,-46,6,-43,4,-50,6,-43,11,-40,15,-38,12,-39,11,-41,12,-42,15,-39,22,-44,14,-38,19,-42,16,-39,17,-42,24,-36,23,-48,21,-44,20,-40,25,0,0]"
CSI_DATA,227,2a:00:00:00:00:00,-48,11,1,0,1,1,1,0,0,0,1,-96,0,11,2,3294625,0,44,0,384,0,"[0,0,0,0,0,0,0,0,0,0,0,0,-9,0,-9,0,-8,0,-9,0,-8,0,-8,0,-8,1,-8,1,-8,1,-8,0,-8,0,-8,1,-8,1,-8,1,-7,1,-8,1,-8,1,-7,1,-8,1,-7,1,-7,1,-7,1,-7,1,-7,1,-7,0,-7,1,0,0,-7,1,-7,0,-6,0,-7,1,-6,1,-6,0,-6,0,-6,0,-6,0,-6,0,-6,0,-5,0,-5,0,-5,0,-5,-1,-5,0,-5,0,-5,0,-5,-1,-4,-1,-4,0,-3,-1,-4,-1,-3,-1,-4,-1,-3,-1,0,0,0,0,0,0,0,0,0,0,0,0,0,0,-47,-6,-43,-5,-49,-3,-44,-2,-43,-2,-49,-1,-40,-2,-49,1,-42,0,-47,-2,-41,2,-43,6,-46,3,-41,8,-40,6,-39,5,-43,7,-36,6,-40,6,-41,5,-41,3,-41,6,-36,4,-38,7,-36,4,-34,4,-35,8,-35,7,-38,4,-36,7,-34,3,-35,4,-31,4,-35,3,-35,0,-28,1,-31,2,-28,6,-29,3,-31,1,-31,-2,-31,-3,-27,-1,-26,1,-28,-3,-28,-1,-27,-7,-22,-3,-23,-5,-25,-3,-20,-5,-17,-5,-19,-1,-18,-2,-18,-6,-16,-6,-16,-5,0,0,0,0,0,0,0,0,0,0,0,0,0,0,0,0,0,0,0,0,0,0,-40,-40,-37,-46,-35,-49,-34,-58,-25,-57,-24,-62,-19,-61,-19,-71,-16,-74,-12,-72,-8,-71,-8,-75,-4,-78,-1,-76,7,-82,11,-77,12,-79,15,-76,17,-75,26,-74,25,-73,28,-75,28,-67,27,-68,32,-67,30,-66,31,-61,34,-61,33,-55,30,-61,29,-50,32,-54,28,-47,28,-47,27,-50,26,-49,22,-45,21,-46,16,-48,16,-45,18,-47,13,-43,12,-46,6,-44,10,-45,8,-51,9,-47,3,-46,5,-47,2,-44,1,-44,1,-48,4,-52,0,-48,-1,-52,3,-52,-1,-49,0,0]"
CSI_DATA,228,2a:00:00:00:00:00,-48,11,1,0,1,1,1,0,0,0,1,-96,0,11,2,3305316,0,44,0,384,0,"[0,0,0,0,0,0,0,0,0,0,0,0,0,7,0,7,0,7,0,7,1,7,0,7,0,6,0,6,0,7,1,6,1,7,1,6,1,6,1,6,0,6,0,6,0,6,0,6,1,6,0,6,1,6,0,6,0,5,1,5,0,5,0,6,0,0,-1,5,0,5,0,5,-1,4,0,5,0,5,0,5,0,4,-1,4,-1,4,-1,4,-1,4,-1,4,-1,4,-2,3,-2,3,-1,3,-1,3,-2,2,-2,2,-2,2,-2,2,-1,2,-1,2,-2,2,-2,1,0,0,0,0,0,0,0,0,0,0,0,0,0,0,-15,44,-14,40,-13,44,-14,40,-13,42,-12,42,-12,37,-14,43,-8,36,-8,39,-11,36,-10,38,-12,36,-8,31,-6,35,-6,38,-2,41,-3,39,-6,40,-9,34,-4,40,-9,32,-5,36,-9,38,-6,32,-6,33,-8,30,-5,32,-6,33,-4,31,-6,32,-6,33,-8,29,-11,30,-3,26,-7,27,-10,27,-9,28,-11,24,-12,20,-12,23,-9,20,-8,23,-10,26,-8,22,-9,16,-16,16,-11,21,-9,16,-11,10,-12,11,-7,11,-14,13,-9,14,-10,12,-8,11,-11,6,0,0,0,0,0,0,0,0,0,0,0,0,0,0,0,0,0,0,0,0,0,0,-45,37,-53,31,-53,26,-62,22,-59,22,-64,19,-64,9,-65,8,-74,1,-69,2,-73,1,-77,-1,-79,-6,-82,-9,-79,-20,-71,-27,-79,-25,-75,-23,-75,-27,-68,-35,-73,-35,-69,-46,-63,-39,-65,-39,-65,-44,-61,-43,-57,-44,-56,-48,-49,-45,-50,-45,-43,-39,-49,-44,-43,-38,-41,-40,-43,-40,-39,-37,-41,-33,-40,-29,-43,-28,-41,-24,-44,-26,-44,-19,-39,-22,-44,-19,-42,-22,-34,-17,-38,-19,-42,-19,-50,-17,-46,-16,-49,-12,-45,-16,-51,-18,-38,-14,-48,-13,-48,-17,-50,-14,0,0]"
CSI_DATA,229,2a:00:00:00:00:00,-49,11,1,0,1,1,1,0,0,0,1,-96,0,11,2,3314650,0,44,0,384,0,"[0,0,0,0,0,0,0,0,0,0,0,0,-7,3,-7,3,-7,4,-7,3,-7,3,-7,3,-6,3,-6,4,-6,3,-6,3,-6,3,-6,3,-6,3,-6,3,-6,3,-6,3,-6,3,-6,2,-5,3,-5,3,-5,2,-5,3,-5,3,-5,2,-5,2,-5,2,0,0,-6,2,-5,2,-5,2,-5,2,-4,1,-5,1,-4,1,-5,1,-5,1,-5,1,-5,1,-4,1,-4,0,-4,1,-4,0,-4,0,-3,0,-4,0,-3,0,-3,0,-3,0,-3,0,-3,0,-3,0,-3,-1,-3,-1,0,0,0,0,0,0,0,0,0,0,0,0,0,0,-41,15,-36,12,-36,18,-40,17,-37,13,-37,13,-35,16,-39,16,-31,13,-32,13,-32,19,-32,17,-33,19,-32,13,-28,17,-31,18,-29,20,-27,22,-30,19,-28,19,-33,20,-28,16,-28,18,-26,15,-27,14,-26,15,-27,13,-24,14,-26,16,-25,16,-24,12,-28,18,-20,12,-25,17,-24,10,-21,10,-18,8,-19,13,-22,11,-25,5,-22,5,-24,7,-22,7,-18,9,-21,6,-23,5,-22,4,-15,5,-19,0,-18,-1,-17,-1,-14,1,-12,0,-14,1,-13,0,-11,-1,-16,-2,0,0,0,0,0,0,0,0,0,0,0,0,0,0,0,0,0,0,0,0,0,0,-54,-16,-51,-26,-50,-31,-54,-37,-52,-39,-46,-45,-44,-48,-43,-53,-46,-59,-43,-59,-39,-63,-37,-63,-37,-69,-36,-74,-30,-79,-24,-70,-26,-80,-22,-76,-18,-75,-12,-80,-6,-77,-6,-82,-7,-72,-5,-78,-1,-76,-4,-75,3,-73,6,-75,7,-65,3,-66,6,-63,3,-62,7,-59,4,-57,6,-58,3,-57,0,-50,-3,-51,-5,-50,-5,-48,-4,-52,-7,-44,-11,-51,-12,-46,-8,-47,-6,-43,-13,-47,-16,-43,-17,-43,-16,-43,-17,-39,-22,-45,-15,-47,-15,-42,-22,-46,-17,-43,-19,-43,0,0]"
CSI_DATA,230,2a:00:00:00:00:00,-49,11,1,0,1,1,1,0,0,0,1,-96,0,11,2,3328111,0,44,0,384,0,"[0,0,0,0,0,0,0,0,0,0,0,0,-9,-1,-8,0,-7,0,-8,-1,-7,-1,-7,0,-7,0,-7,0,-7,0,-7,0,-7,0,-7,0,-7,0,-7,0,-7,0,-7,1,-7,1,-6,0,-6,0,-6,0,-6,0,-6,0,-6,0,-6,0,-6,0,-6,0,0,0,-6,0,-5,-1,-5,0,-5,0,-5,0,-5,0,-5,-1,-5,0,-5,-1,-5,-1,-5,-1,-4,-1,-4,-1,-4,-1,-4,-1,-4,-1,-3,-1,-3,-1,-4,-1,-3,-1,-3,-1,-3,-1,-2,-1,-2,-1,-3,-2,-3,-2,0,0,0,0,0,0,0,0,0,0,0,0,0,0,-20,-8,-21,-7,-19,-7,-21,-7,-21,-7,-19,-7,-20,-5,-18,-5,-19,-4,-19,-5,-18,-4,-17,-5,-20,-3,-18,-4,-17,-5,-18,-3,-17,-4,-16,-2,-16,-3,-17,-3,-16,-2,-16,-2,-14,0,-13,-3,-15,-3,-15,-4,-15,-3,-15,-2,-13,-3,-16,-4,-14,-1,-15,-2,-12,-3,-12,-2,-13,-3,-11,-3,-10,-4,-10,-3,-11,-3,-13,-5,-12,-2,-10,-3,-10,-5,-8,-3,-10,-3,-11,-5,-8,-6,-8,-4,-9,-4,-7,-5,-8,-5,-6,-5,-6,-5,-6,-2,-4,-4,-6,-6,-6,-5,0,0,0,0,0,0,0,0,0,0,0,0,0,0,0,0,0,0,0,0,0,0,-7,-29,-3,-28,-3,-30,0,-32,3,-34,3,-35,7,-33,8,-34,12,-38,12,-36,17,-36,17,-36,17,-38,20,-35,22,-34,23,-33,25,-34,27,-33,26,-32,27,-31,26,-31,30,-31,31,-29,30,-28,31,-25,29,-24,29,-21,30,-23,28,-19,28,-20,27,-19,26,-19,25,-17,23,-19,23,-20,23,-18,19,-18,18,-18,18,-19,16,-20,17,-19,15,-20,14,-21,13,-20,13,-20,10,-22,12,-22,10,-22,8,-22,10,-23,10,-22,11,-24,12,-25,7,-24,9,-21,5,-24,8,-24,0,0]"
CSI_DATA,231,2a:00:00:00:00:00,-50,11,1,0,1,1,1,0,0,0,1,-96,0,11,2,3334660,0,44,0,384,0,"[0,0,0,0,0,0,0,0,0,0,0,0,-6,4,-6,4,-6,4,-5,4,-6,4,-5,4,-6,4,-5,4,-5,4,-4,4,-5,4,-5,4,-4,4,-5,4,-4,4,-5,4,-4,4,-4,4,-4,4,-4,3,-4,3,-4,3,-4,3,-4,3,-4,3,-4,3,0,0,-4,3,-4,3,-3,3,-4,3,-3,2,-3,2,-3,2,-3,2,-4,2,-4,2,-4,2,-3,1,-3,1,-3,1,-4,1,-3,1,-2,1,-3,1,-3,1,-3,0,-3,0,-2,0,-2,0,-2,0,-3,0,-3,0,0,0,0,0,0,0,0,0,0,0,0,0,0,0,-19,9,-18,8,-17,10,-18,9,-19,10,-18,9,-16,10,-15,10,-18,9,-16,10,-16,9,-15,9,-16,10,-13,9,-15,8,-12,11,-14,10,-15,9,-13,10,-12,9,-13,10,-14,9,-10,9,-12,8,-11,7,-11,6,-13,6,-12,9,-11,7,-11,8,-10,7,-11,5,-9,5,-10,6,-11,8,-10,4,-8,5,-10,5,-10,5,-11,3,-10,4,-10,2,-9,3,-8,5,-8,2,-9,4,-9,0,-7,2,-10,1,-8,1,-7,1,-8,0,-8,4,-5,2,-4,0,-7,-2,-5,-2,0,0,0,0,0,0,0,0,0,0,0,0,0,0,0,0,0,0,0,0,0,0,-23,-17,-22,-19,-22,-21,-22,-25,-21,-27,-19,-27,-18,-30,-17,-32,-16,-35,-14,-36,-12,-37,-11,-36,-12,-40,-10,-39,-7,-42,-7,-42,-6,-42,-2,-42,-4,-43,-2,-41,3,-43,1,-42,3,-44,2,-41,6,-41,6,-39,6,-37,6,-37,7,-35,7,-34,5,-32,3,-32,3,-31,5,-31,3,-28,2,-30,1,-28,1,-28,0,-26,-2,-25,-1,-25,-5,-25,-4,-24,-5,-24,-6,-22,-7,-21,-6,-24,-8,-24,-10,-22,-6,-24,-10,-22,-10,-24,-9,-23,-10,-24,-11,-24,-11,-23,-10,-22,0,0]"
CSI_DATA,232,2a:00:00:00:00:00,-50,11,1,0,1,1,1,0,0,0,1,-96,0,11,2,3344781,0,44,0,384,0,"[0,0,0,0,0,0,0,0,0,0,0,0,-6,-5,-5,-5,-6,-5,-6,-5,-5,-5,-5,-5,-5,-4,-5,-5,-5,-4,-5,-5,-5,-4,-5,-4,-5,-4,-5,-4,-5,-4,-5,-4,-5,-3,-5,-4,-5,-3,-5,-4,-4,-4,-4,-4,-4,-3,-4,-4,-4,-4,-4,-3,0,0,-3,-3,-4,-4,-3,-3,-3,-3,-3,-3,-3,-4,-3,-4,-3,-4,-3,-3,-2,-3,-3,-3,-2,-3,-2,-4,-2,-3,-2,-3,-2,-3,-2,-3,-2,-2,-2,-3,-1,-2,-1,-2,-1,-3,-1,-3,-1,-2,-1,-2,-1,-2,0,0,0,0,0,0,0,0,0,0,0,0,0,0,-28,-36,-29,-32,-27,-32,-29,-32,-30,-29,-27,-26,-28,-31,-30,-32,-28,-26,-25,-22,-29,-23,-31,-25,-32,-22,-28,-25,-27,-20,-26,-18,-27,-21,-24,-22,-27,-18,-26,-19,-24,-19,-22,-20,-22,-18,-21,-16,-22,-20,-24,-21,-21,-18,-23,-18,-19,-20,-22,-15,-16,-15,-18,-17,-19,-19,-20,-16,-20,-16,-16,-19,-17,-20,-16,-21,-15,-19,-14,-19,-15,-13,-9,-16,-12,-18,-11,-14,-10,-19,-10,-16,-9,-15,-6,-17,-8,-15,-8,-12,-8,-14,-5,-10,-3,-15,-5,-13,-6,-11,-8,-12,-5,-15,0,0,0,0,0,0,0,0,0,0,0,0,0,0,0,0,0,0,0,0,0,0,19,-54,27,-56,30,-57,40,-55,40,-52,47,-51,46,-48,53,-48,54,-47,63,-47,65,-41,70,-39,73,-42,75,-39,77,-35,79,-33,83,-33,84,-27,81,-26,82,-27,84,-20,86,-20,79,-15,84,-13,81,-12,80,-11,78,-10,78,-7,73,-6,74,-8,63,-8,67,-4,64,-4,62,-9,56,-10,60,-11,52,-13,58,-15,52,-16,53,-15,48,-19,45,-18,43,-21,44,-19,39,-24,41,-30,39,-22,45,-28,43,-32,41,-30,40,-30,39,-34,38,-30,37,-30,41,-28,35,-31,39,-33,0,0]"
CSI_DATA,233,2a:00:00:00:00:00,-50,11,1,0,1,1,1,0,0,0,1,-96,0,11,2,3355784,0,44,0,384,0,"[0,0,0,0,0,0,0,0,0,0,0,0,-6,-5,-6,-5,-6,-4,-6,-4,-6,-4,-5,-4,-5,-4,-5,-4,-6,-3,-5,-4,-5,-4,-6,-3,-5,-3,-6,-3,-5,-3,-5,-2,-5,-3,-5,-3,-5,-3,-5,-3,-5,-3,-5,-3,-4,-3,-5,-3,-5,-3,-4,-3,0,0,-4,-2,-5,-3,-5,-3,-4,-3,-4,-3,-4,-3,-4,-3,-4,-3,-3,-3,-3,-3,-3,-3,-3,-3,-3,-3,-3,-3,-3,-2,-2,-2,-3,-3,-2,-2,-2,-2,-2,-2,-2,-2,-2,-3,-2,-3,-2,-2,-2,-2,-1,-2,0,0,0,0,0,0,0,0,0,0,0,0,0,0,-16,-17,-14,-19,-17,-17,-14,-15,-15,-11,-16,-15,-17,-12,-15,-14,-11,-11,-13,-12,-14,-10,-13,-10,-13,-9,-12,-10,-13,-10,-13,-9,-14,-10,-13,-8,-13,-10,-14,-6,-15,-11,-13,-8,-14,-8,-12,-8,-12,-8,-12,-8,-12,-8,-12,-8,-10,-5,-13,-7,-10,-8,-10,-7,-10,-8,-13,-7,-9,-7,-8,-9,-10,-8,-9,-6,-9,-7,-8,-7,-8,-7,-7,-6,-8,-8,-7,-7,-7,-8,-6,-6,-7,-6,-4,-6,-3,-6,-4,-4,-5,-6,-5,-7,-2,-5,-3,-6,-4,-7,-4,-5,-4,-5,0,0,0,0,0,0,0,0,0,0,0,0,0,0,0,0,0,0,0,0,0,0,20,-21,24,-20,25,-18,30,-18,29,-17,31,-15,33,-13,33,-13,36,-13,35,-12,38,-10,39,-10,40,-8,42,-7,42,-5,42,-2,45,-6,44,-1,42,-3,44,1,43,0,44,5,40,3,41,3,40,5,39,5,38,4,39,5,33,6,35,5,33,4,33,3,31,2,30,2,31,1,28,0,25,-1,25,-2,26,-3,27,-5,27,-8,26,-8,24,-8,23,-8,22,-9,22,-13,22,-12,19,-13,20,-14,21,-13,17,-13,19,-15,20,-13,17,-15,20,-14,19,-16,18,-16,0,0]"
CSI_DATA,234,2a:00:00:00:00:00,-51,11,1,0,1,1,1,0,0,0,1,-96,0,11,2,3374657,0,44,0,384,0,"[0,0,0,0,0,0,0,0,0,0,0,0,-7,2,-7,2,-7,1,-6,2,-6,2,-6,2,-7,2,-6,2,-6,2,-5,2,-6,2,-6,2,-5,2,-5,2,-5,1,-5,2,-5,2,-5,2,-5,2,-5,1,-5,1,-5,1,-5,1,-5,1,-5,1,-5,2,0,0,-5,1,-4,1,-4,0,-4,1,-4,0,-4,0,-4,0,-4,0,-5,0,-4,0,-4,0,-3,-1,-3,0,-3,-1,-4,0,-3,0,-3,-1,-3,-1,-3,-1,-3,-1,-3,-1,-3,-1,-2,-1,-2,-1,-3,-1,-3,-1,0,0,0,0,0,0,0,0,0,0,0,0,0,0,-19,2,-21,3,-21,4,-20,4,-18,3,-20,4,-17,3,-19,5,-16,4,-18,5,-18,3,-18,4,-15,4,-14,5,-14,3,-14,6,-12,5,-12,4,-14,5,-14,3,-15,4,-13,4,-13,5,-13,5,-12,3,-12,4,-13,3,-11,5,-12,4,-11,3,-13,3,-12,5,-11,4,-9,2,-9,3,-10,2,-10,1,-9,1,-10,0,-11,2,-11,2,-12,1,-9,1,-7,1,-8,1,-11,1,-11,-2,-7,2,-9,-2,-9,-2,-7,0,-7,-3,-6,0,-4,-2,-6,-2,-8,-1,-6,-4,0,0,0,0,0,0,0,0,0,0,0,0,0,0,0,0,0,0,0,0,0,0,-4,-30,-1,-31,0,-32,2,-37,5,-34,6,-35,7,-35,10,-36,13,-39,10,-36,15,-39,16,-37,18,-40,20,-41,22,-41,22,-37,23,-42,24,-37,22,-38,26,-36,27,-34,28,-35,26,-32,28,-32,29,-32,28,-30,25,-30,28,-29,22,-26,25,-29,23,-25,22,-27,21,-24,18,-24,18,-25,17,-25,13,-23,13,-24,11,-24,9,-24,10,-23,5,-23,8,-25,6,-25,4,-23,1,-26,2,-23,1,-25,0,-26,0,-23,-1,-23,-1,-26,-1,-25,-1,-24,-1,-25,-3,-25,-5,-23,0,0]"
CSI_DATA,235,2a:00:00:00:00:00,-51,11,1,0,1,1,1,0,0,0,1,-96,0,11,2,3384871,0,44,0,384,0,"[0,0,0,0,0,0,0,0,0,0,0,0,-6,4,-6,4,-5,4,-5,4,-5,4,-5,4,-5,4,-4,4,-4,4,-4,3,-4,4,-4,4,-4,4,-4,3,-4,3,-4,4,-4,4,-4,3,-3,3,-4,3,-3,2,-4,3,-4,3,-3,2,-3,2,-4,3,0,0,-4,2,-3,1,-3,1,-4,2,-3,2,-4,1,-3,1,-3,1,-4,1,-4,1,-4,1,-3,0,-3,1,-3,0,-4,0,-3,1,-3,0,-3,1,-3,0,-3,0,-3,0,-2,0,-2,0,-2,0,-3,0,-2,0,0,0,0,0,0,0,0,0,0,0,0,0,0,0,-19,6,-21,7,-19,8,-19,8,-17,9,-17,7,-17,8,-16,8,-15,7,-14,7,-15,9,-13,5,-16,8,-12,9,-12,8,-12,5,-14,8,-13,8,-12,7,-13,8,-14,7,-10,7,-9,7,-10,7,-9,5,-11,5,-10,6,-9,4,-11,4,-11,5,-10,3,-12,6,-7,4,-8,3,-9,2,-7,4,-8,3,-7,1,-7,1,-10,0,-10,2,-8,0,-9,3,-9,0,-6,1,-10,-1,-8,-1,-6,-1,-7,-1,-7,-2,-8,-1,-7,-2,-6,0,-5,-1,-4,0,-4,-2,-6,-1,0,0,0,0,0,0,0,0,0,0,0,0,0,0,0,0,0,0,0,0,0,0,-17,-25,-13,-29,-13,-31,-10,-32,-9,-34,-6,-32,-6,-34,-3,-36,-4,-42,-3,-38,0,-41,3,-40,1,-42,4,-44,6,-41,8,-43,10,-43,10,-42,10,-39,13,-41,15,-40,15,-42,14,-38,14,-40,17,-39,15,-38,17,-36,17,-35,12,-33,15,-30,13,-31,12,-30,13,-28,10,-29,9,-27,8,-27,8,-26,6,-26,5,-26,3,-27,3,-25,2,-24,0,-24,-3,-25,-2,-23,-3,-19,-2,-23,-6,-21,-5,-22,-4,-23,-6,-22,-6,-24,-6,-24,-8,-21,-7,-24,-9,-19,-9,-24,0,0]"
CSI_DATA,236,2a:00:00:00:00:00,-51,11,1,0,1,1,1,0,0,0,1,-96,0,11,2,3394659,0,44,0,384,0,"[0,0,0,0,0,0,0,0,0,0,0,0,-7,2,-7,2,-6,2,-6,2,-6,2,-7,2,-6,2,-6,2,-6,2,-5,2,-6,2,-6,2,-6,2,-5,2,-5,1,-5,2,-5,2,-5,2,-5,2,-4,2,-4,1,-5,1,-4,1,-5,1,-4,1,-5,1,0,0,-4,1,-4,1,-4,0,-4,1,-4,0,-4,0,-4,0,-3,0,-4,0,-4,0,-4,0,-3,-1,-3,-1,-3,0,-3,0,-3,0,-2,-1,-3,-1,-3,-1,-3,-1,-3,-1,-2,-1,-2,-1,-2,-1,-3,-1,-2,-1,0,0,0,0,0,0,0,0,0,0,0,0,0,0,-21,-2,-20,-1,-18,0,-19,1,-20,0,-16,-1,-17,0,-15,2,-17,1,-17,1,-17,0,-15,2,-16,3,-15,2,-14,2,-14,3,-15,2,-15,4,-13,1,-15,2,-14,4,-16,1,-12,3,-12,2,-13,2,-11,1,-12,0,-11,3,-9,1,-12,0,-12,1,-12,-1,-10,0,-10,1,-13,0,-8,-1,-8,2,-7,0,-8,-1,-10,0,-11,0,-9,-3,-8,-3,-6,-2,-6,-2,-8,-2,-7,-2,-5,-2,-8,-3,-8,-2,-6,-4,-6,-3,-4,-1,-4,-1,-7,-2,-6,-3,-5,-2,0,0,0,0,0,0,0,0,0,0,0,0,0,0,0,0,0,0,0,0,0,0,0,-30,3,-30,5,-34,7,-33,9,-34,12,-33,13,-35,14,-33,17,-35,17,-36,21,-37,22,-34,23,-36,27,-35,28,-35,27,-34,27,-35,30,-31,28,-31,30,-31,30,-30,34,-29,33,-28,30,-26,31,-24,31,-24,30,-23,29,-22,30,-21,26,-22,25,-22,24,-20,24,-20,22,-20,22,-22,19,-20,20,-20,18,-22,15,-20,13,-22,11,-23,12,-22,12,-21,10,-24,6,-20,8,-22,6,-23,4,-22,5,-24,6,-22,3,-22,5,-24,4,-24,4,-24,2,-24,3,-20,2,-22,0,0]"
CSI_DATA,237,2a:00:00:00:00:00,-50,11,1,0,1,1,1,0,0,0,1,-96,0,11,2,3414677,0,44,0,384,0,"[0,0,0,0,0,0,0,0,0,0,0,0,-7,2,-7,2,-7,2,-6,2,-6,2,-6,2,-6,2,-6,2,-6,2,-6,2,-6,2,-6,2,-5,2,-5,2,-5,2,-5,2,-6,2,-5,2,-5,2,-5,2,-5,1,-5,1,-5,1,-4,1,-5,1,-5,1,0,0,-5,1,-4,0,-4,1,-5,1,-3,0,-4,0,-4,0,-4,0,-4,0,-4,0,-4,0,-3,0,-3,-1,-3,-1,-4,-1,-3,-1,-2,-1,-3,-1,-3,-1,-3,-1,-3,-1,-2,-1,-2,-1,-2,-1,-2,-1,-2,-1,0,0,0,0,0,0,0,0,0,0,0,0,0,0,-20,0,-20,1,-18,3,-22,3,-18,2,-18,2,-18,3,-20,4,-17,6,-18,3,-17,3,-16,3,-16,3,-15,4,-15,3,-14,5,-14,4,-12,5,-12,4,-15,5,-15,4,-12,6,-12,3,-13,1,-10,1,-11,3,-13,3,-11,3,-10,2,-13,0,-13,2,-12,2,-9,2,-9,3,-10,1,-8,1,-9,0,-9,2,-9,-1,-8,1,-9,0,-11,-2,-7,-1,-7,2,-9,-1,-9,0,-9,-1,-7,-2,-5,-1,-7,-3,-6,-1,-6,-3,-4,-1,-6,-2,-5,-1,-4,-3,-5,-4,0,0,0,0,0,0,0,0,0,0,0,0,0,0,0,0,0,0,0,0,0,0,-14,-28,-11,-31,-9,-31,-4,-36,-4,-35,-2,-35,1,-34,3,-37,3,-41,7,-39,8,-39,7,-42,8,-43,13,-41,15,-41,14,-40,15,-44,17,-41,18,-40,20,-37,22,-38,23,-38,23,-35,23,-34,23,-34,20,-34,22,-31,23,-29,22,-28,22,-31,17,-27,19,-28,19,-26,16,-24,17,-25,16,-24,12,-25,11,-24,10,-24,8,-23,7,-23,5,-25,5,-25,5,-26,5,-24,4,-23,2,-22,0,-24,1,-23,-3,-25,-4,-23,0,-22,-1,-25,-1,-21,-2,-24,-1,-24,-4,-23,0,0]"
CSI_DATA,238,2a:00:00:00:00:00,-50,11,1,0,1,1,1,0,0,0,1,-96,0,11,2,3424671,0,44,0,384,0,"[0,0,0,0,0,0,0,0,0,0,0,0,7,-2,6,-2,6,-2,6,-2,5,-2,6,-2,6,-3,6,-3,5,-2,5,-2,5,-2,5,-2,5,-2,5,-2,5,-2,5,-3,5,-3,5,-2,4,-2,4,-2,4,-1,4,-2,4,-2,4,-2,4,-1,4,-2,0,0,4,-1,3,-1,3,-1,4,-1,3,-1,3,-1,3,-1,3,-1,4,-1,3,0,4,0,2,0,2,0,2,0,3,0,2,0,1,0,2,0,2,0,2,0,2,0,1,0,1,0,1,0,1,0,1,0,0,0,0,0,0,0,0,0,0,0,0,0,0,0,21,3,17,0,21,1,17,0,19,1,19,2,17,-1,18,1,16,2,18,1,16,-2,19,0,17,0,15,-2,16,-1,16,-3,16,-2,18,-2,14,-2,15,-2,15,-1,16,0,14,-2,13,0,13,-1,14,-2,11,0,13,-3,11,0,12,0,14,0,10,0,9,-1,10,-1,9,0,9,0,10,-1,8,0,9,-1,9,0,7,0,9,2,10,0,7,2,7,2,6,1,7,3,5,2,5,2,5,1,5,2,6,2,4,2,2,0,4,0,4,3,3,4,0,0,0,0,0,0,0,0,0,0,0,0,0,0,0,0,0,0,0,0,0,0,8,27,6,30,5,29,1,34,1,30,-5,34,-6,33,-7,35,-9,34,-9,34,-12,37,-14,38,-16,38,-16,39,-20,38,-21,31,-22,39,-22,34,-24,34,-26,34,-26,32,-28,31,-29,29,-28,29,-31,29,-29,27,-28,28,-27,28,-24,20,-27,25,-23,21,-25,23,-21,22,-22,21,-22,21,-19,21,-18,18,-14,18,-15,20,-13,22,-14,21,-11,21,-11,21,-9,22,-8,22,-8,19,-8,21,-8,23,-5,23,-8,23,-6,21,-5,23,-5,24,-4,23,-2,22,-6,22,-3,21,0,0]"
CSI_DATA,239,2a:00:00:00:00:00,-49,11,1,0,1,1,1,0,0,0,1,-96,0,11,2,3434699,0,44,0,384,0,"[0,0,0,0,0,0,0,0,0,0,0,0,-5,5,-4,5,-4,6,-4,5,-4,5,-4,5,-4,5,-4,5,-4,5,-3,5,-4,5,-3,5,-3,5,-4,5,-3,4,-3,5,-3,5,-3,4,-3,4,-3,4,-3,4,-3,4,-4,4,-3,3,-3,3,-4,3,0,0,-4,3,-3,3,-3,3,-4,3,-3,3,-3,3,-3,2,-3,2,-3,2,-3,1,-3,2,-3,2,-3,1,-3,1,-3,1,-3,1,-3,1,-3,0,-3,0,-2,0,-3,0,-2,1,-2,0,-2,1,-2,0,-2,0,0,0,0,0,0,0,0,0,0,0,0,0,0,0,-17,36,-22,34,-15,36,-18,38,-19,31,-17,34,-15,32,-13,32,-14,32,-14,30,-14,28,-13,33,-11,33,-17,33,-17,30,-13,30,-12,34,-12,26,-12,28,-11,29,-12,27,-14,29,-10,28,-11,22,-9,27,-14,25,-14,29,-9,25,-14,21,-16,24,-14,20,-13,22,-8,22,-11,21,-14,19,-6,18,-10,17,-13,16,-11,15,-16,14,-11,16,-15,10,-10,13,-13,12,-10,13,-12,12,-13,11,-9,8,-8,7,-12,7,-11,6,-11,8,-8,7,-6,8,-9,7,-9,1,-10,2,0,0,0,0,0,0,0,0,0,0,0,0,0,0,0,0,0,0,0,0,0,0,-59,12,-62,6,-63,4,-70,-3,-67,-8,-65,-13,-67,-14,-71,-22,-71,-22,-69,-29,-69,-36,-69,-39,-68,-44,-68,-48,-66,-46,-66,-52,-63,-57,-63,-60,-59,-56,-56,-57,-56,-60,-55,-65,-49,-66,-46,-68,-39,-65,-40,-69,-35,-68,-36,-62,-36,-64,-31,-59,-33,-58,-28,-58,-29,-53,-26,-50,-31,-47,-29,-46,-31,-48,-30,-43,-31,-42,-29,-39,-29,-34,-35,-35,-31,-32,-37,-32,-33,-32,-35,-24,-37,-30,-40,-26,-38,-24,-39,-26,-34,-26,-40,-25,-39,-25,-36,-25,-42,-24,-41,-22,-40,-25,0,0]"
CSI_DATA,240,2a:00:00:00:00:00,-47,11,1,0,1,1,1,0,0,0,1,-96,0,11,2,3467987,0,44,0,384,0,"[0,0,0,0,0,0,0,0,0,0,0,0,3,-8,3,-8,2,-8,3,-8,3,-8,3,-8,3,-8,3,-8,3,-8,2,-8,2,-7,2,-8,2,-8,1,-8,2,-8,2,-8,2,-8,2,-7,1,-7,2,-7,2,-7,2,-7,2,-7,1,-7,2,-7,2,-7,0,0,2,-7,2,-7,2,-7,2,-6,2,-6,2,-6,2,-6,2,-6,3,-5,2,-5,2,-5,2,-5,2,-5,1,-4,2,-4,2,-3,1,-4,1,-3,2,-3,1,-3,2,-3,1,-3,1,-3,1,-3,1,-2,1,-2,0,0,0,0,0,0,0,0,0,0,0,0,0,0,38,-36,35,-32,36,-30,32,-26,37,-27,33,-28,34,-28,37,-28,29,-31,29,-28,29,-26,27,-30,34,-28,29,-29,28,-31,27,-32,30,-32,27,-33,31,-32,27,-26,28,-32,25,-27,27,-31,25,-28,27,-28,29,-28,23,-23,21,-27,24,-23,26,-25,27,-23,27,-23,25,-23,24,-26,22,-19,24,-19,22,-22,24,-25,22,-21,25,-18,24,-17,24,-15,23,-17,21,-18,23,-14,17,-10,20,-13,22,-13,17,-11,16,-3,14,-8,14,-10,18,-12,13,-7,14,-8,11,-8,12,-5,0,0,0,0,0,0,0,0,0,0,0,0,0,0,0,0,0,0,0,0,0,0,55,-3,63,0,57,12,63,15,62,18,61,23,54,28,58,32,61,42,59,34,54,47,56,50,54,56,55,56,54,64,41,60,44,74,41,62,41,67,35,70,35,68,26,75,20,67,25,70,22,73,18,69,16,69,15,67,11,62,11,62,9,57,14,59,12,52,10,52,9,57,12,54,11,47,12,44,13,45,15,47,16,47,18,39,18,42,21,40,20,36,21,35,22,37,23,35,28,39,25,34,26,37,27,40,29,38,24,33,33,34,35,42,31,39,0,0]"
CSI_DATA,241,2a:00:00:00:00:00,-47,11,1,0,1,1,1,0,0,0,1,-96,0,11,2,3484819,0,44,0,384,0,"[0,0,0,0,0,0,0,0,0,0,0,0,-8,-6,-8,-5,-8,-6,-8,-6,-8,-6,-8,-5,-8,-5,-8,-5,-8,-5,-8,-5,-8,-5,-8,-5,-8,-5,-8,-5,-8,-5,-9,-5,-8,-4,-8,-4,-8,-4,-8,-5,-8,-5,-8,-5,-7,-4,-8,-4,-7,-5,-7,-4,0,0,-7,-4,-8,-5,-7,-4,-7,-4,-6,-4,-7,-4,-6,-4,-6,-4,-6,-4,-6,-4,-6,-4,-5,-4,-5,-4,-5,-4,-5,-3,-5,-3,-4,-4,-4,-3,-4,-3,-4,-3,-4,-3,-3,-3,-3,-3,-3,-3,-3,-3,-3,-3,0,0,0,0,0,0,0,0,0,0,0,0,0,0,-41,-31,-37,-30,-48,-27,-45,-27,-40,-26,-38,-23,-41,-27,-43,-28,-41,-21,-40,-26,-43,-21,-41,-24,-44,-20,-42,-21,-42,-18,-46,-19,-47,-22,-44,-17,-38,-19,-41,-17,-46,-19,-40,-19,-42,-16,-45,-17,-43,-17,-41,-17,-43,-18,-47,-21,-44,-18,-39,-18,-40,-15,-42,-13,-34,-17,-37,-18,-42,-16,-36,-17,-30,-14,-35,-15,-32,-17,-30,-11,-33,-14,-30,-14,-26,-17,-26,-13,-24,-13,-26,-14,-23,-11,-22,-12,-21,-13,-22,-12,-17,-9,-21,-12,-20,-10,-20,-11,-17,-8,-16,-11,-18,-13,0,0,0,0,0,0,0,0,0,0,0,0,0,0,0,0,0,0,0,0,0,0,-13,-55,-9,-62,-7,-63,5,-64,8,-65,13,-68,14,-67,18,-69,22,-69,25,-66,34,-70,34,-70,37,-65,40,-65,45,-63,50,-58,52,-59,50,-53,58,-56,56,-54,59,-46,56,-46,58,-39,63,-39,68,-36,58,-39,59,-29,58,-27,56,-28,56,-28,49,-26,54,-24,55,-24,49,-25,49,-25,42,-21,44,-24,40,-24,39,-21,35,-25,33,-25,30,-26,34,-28,33,-29,29,-33,31,-29,27,-28,22,-37,27,-37,25,-35,25,-37,24,-41,26,-40,30,-42,27,-50,28,-38,27,-43,0,0]"
CSI_DATA,242,2a:00:00:00:00:00,-47,11,1,0,1,1,1,0,0,0,1,-96,0,11,2,3503890,0,44,0,384,0,"[0,0,0,0,0,0,0,0,0,0,0,0,5,-6,5,-6,5,-6,5,-6,5,-6,5,-6,5,-6,5,-6,5,-6,5,-6,5,-6,5,-6,5,-6,5,-6,5,-6,5,-7,5,-6,5,-6,5,-6,4,-6,5,-6,5,-6,5,-6,4,-6,5,-6,5,-6,0,0,5,-6,4,-5,5,-5,5,-5,4,-5,4,-5,4,-5,4,-5,5,-4,4,-4,4,-4,4,-4,3,-4,4,-4,4,-3,4,-3,3,-4,3,-2,3,-3,2,-3,3,-3,3,-3,3,-3,3,-3,3,-2,3,-2,0,0,0,0,0,0,0,0,0,0,0,0,0,0,36,-28,37,-29,38,-27,37,-22,33,-25,32,-24,31,-28,35,-27,31,-23,32,-25,36,-26,32,-24,37,-22,36,-29,33,-22,34,-26,34,-32,37,-29,35,-24,35,-25,36,-29,32,-27,35,-37,35,-26,33,-23,35,-26,33,-24,31,-27,30,-26,32,-27,37,-24,36,-21,30,-24,31,-25,32,-22,30,-20,28,-24,33,-20,32,-21,34,-17,26,-13,28,-14,27,-20,27,-20,25,-19,24,-14,24,-13,22,-16,23,-12,18,-9,19,-8,20,-8,21,-12,15,-10,19,-12,18,-8,21,-9,0,0,0,0,0,0,0,0,0,0,0,0,0,0,0,0,0,0,0,0,0,0,61,-28,64,-19,69,-14,72,-9,71,-8,69,-1,69,6,72,5,75,16,73,16,71,23,75,26,79,32,74,38,71,40,62,46,62,49,60,51,58,50,51,57,50,60,50,61,43,61,41,61,33,63,35,62,28,61,27,63,22,55,20,56,19,48,19,53,18,46,20,48,17,46,16,45,14,43,16,39,17,37,17,39,16,39,18,35,13,43,21,34,17,30,19,26,20,29,21,31,24,31,25,35,22,29,24,35,26,40,21,35,27,32,21,34,23,29,0,0]"
CSI_DATA,243,2a:00:00:00:00:00,-47,11,1,0,1,1,1,0,0,0,1,-96,0,11,2,3504627,0,44,0,384,0,"[0,0,0,0,0,0,0,0,0,0,0,0,-1,7,-1,7,0,7,-1,8,-1,7,-1,7,0,8,0,7,0,7,-1,7,-1,8,-1,8,-1,8,0,8,0,7,0,8,0,8,0,7,0,7,0,8,0,8,0,8,-1,7,0,8,0,8,0,7,0,0,0,8,0,7,0,8,0,7,0,7,0,7,0,7,0,7,0,6,-1,6,-1,6,-1,6,-1,5,-1,6,-1,4,-1,5,-1,5,-1,4,-1,4,-1,4,-1,4,-1,4,-1,4,-1,4,-1,4,-1,4,0,0,0,0,0,0,0,0,0,0,0,0,0,0,42,19,37,12,43,14,43,14,40,16,39,17,36,17,37,16,39,19,40,13,39,17,39,15,38,13,40,17,42,12,41,12,42,11,43,13,38,14,41,18,45,14,45,16,38,15,40,13,37,16,43,16,37,14,43,17,40,13,42,11,43,12,38,10,35,15,43,13,37,9,32,17,34,18,32,17,32,15,33,11,33,15,32,14,25,13,30,10,25,11,27,9,27,11,21,16,23,16,25,10,23,10,21,11,18,8,19,7,15,8,19,9,21,11,0,0,0,0,0,0,0,0,0,0,0,0,0,0,0,0,0,0,0,0,0,0,53,40,46,47,43,47,42,57,40,58,33,64,30,64,23,69,20,75,23,74,17,73,14,76,14,81,4,79,-4,82,-8,79,-9,79,-13,80,-15,72,-24,75,-25,71,-35,69,-27,71,-36,65,-36,61,-34,62,-37,54,-43,54,-40,52,-37,49,-34,43,-37,42,-39,37,-39,35,-30,39,-29,36,-28,33,-27,35,-26,33,-25,33,-23,32,-21,36,-19,30,-18,35,-12,33,-19,38,-15,32,-17,34,-17,35,-17,34,-17,33,-17,37,-16,41,-14,35,-19,37,-18,34,-17,40,0,0]"
CSI_DATA,244,2a:00:00:00:00:00,-49,11,1,0,1,1,1,0,0,0,1,-96,0,11,2,3515070,0,44,0,384,0,"[0,0,0,0,0,0,0,0,0,0,0,0,-7,-1,-7,0,-7,0,-7,-1,-7,0,-7,0,-7,0,-7,0,-7,0,-7,0,-7,0,-8,0,-7,0,-7,0,-7,0,-8,0,-7,0,-8,0,-7,0,-8,0,-7,-1,-8,0,-8,0,-7,0,-7,-1,-7,0,0,0,-7,0,-7,-1,-7,0,-7,0,-6,0,-6,0,-6,-1,-6,-1,-6,0,-7,-1,-6,-1,-5,-1,-5,-1,-5,-1,-5,-1,-6,0,-4,0,-5,-1,-5,-1,-4,0,-5,-1,-4,0,-4,0,-4,0,-4,-1,-4,-1,0,0,0,0,0,0,0,0,0,0,0,0,0,0,-34,-6,-37,-7,-37,0,-39,-2,-36,-4,-38,-3,-35,-3,-38,-2,-37,-2,-39,-2,-42,-7,-36,-1,-40,0,-37,0,-38,-3,-40,-4,-39,-3,-38,-2,-41,6,-42,-1,-46,2,-42,2,-40,0,-43,1,-40,0,-37,2,-44,-1,-35,-2,-41,-2,-41,0,-39,1,-43,1,-36,-1,-41,-2,-38,-3,-35,-2,-35,-3,-30,0,-31,-4,-38,-4,-36,-3,-35,-5,-26,-4,-28,-1,-28,2,-28,-5,-30,-2,-26,5,-25,-1,-26,-3,-25,-2,-26,-3,-24,1,-24,-3,-21,0,-22,-3,-18,-4,0,0,0,0,0,0,0,0,0,0,0,0,0,0,0,0,0,0,0,0,0,0,-67,-27,-62,-33,-61,-40,-57,-48,-55,-52,-49,-55,-49,-56,-44,-64,-43,-69,-43,-66,-35,-73,-33,-78,-31,-79,-30,-84,-23,-81,-20,-77,-13,-86,-11,-81,-4,-79,-4,-81,3,-80,2,-76,10,-78,14,-70,19,-67,13,-69,21,-60,23,-64,22,-56,22,-53,20,-50,21,-49,16,-44,17,-44,19,-41,19,-39,13,-38,12,-39,14,-33,13,-35,11,-34,9,-33,8,-28,8,-35,7,-33,12,-35,3,-36,4,-36,2,-36,3,-34,0,-37,3,-37,3,-36,4,-37,3,-37,1,-37,5,-37,0,0]"
CSI_DATA,245,2a:00:00:00:00:00,-49,11,1,0,1,1,1,0,0,0,1,-96,0,11,2,3527076,0,44,0,384,0,"[0,0,0,0,0,0,0,0,0,0,0,0,-2,5,-2,5,-2,5,-2,5,-2,5,-3,5,-2,5,-2,5,-2,6,-2,6,-3,6,-3,6,-2,6,-3,6,-2,6,-2,7,-2,7,-3,7,-2,7,-2,7,-3,7,-3,7,-3,7,-3,7,-3,7,-3,7,0,0,-3,6,-3,7,-3,6,-3,6,-3,6,-3,6,-3,6,-3,6,-3,5,-3,5,-3,5,-3,5,-3,5,-3,4,-3,4,-2,4,-2,4,-2,3,-2,3,-2,3,-2,3,-2,3,-2,3,-2,3,-1,3,-2,3,0,0,0,0,0,0,0,0,0,0,0,0,0,0,22,14,22,14,24,17,30,23,24,19,24,16,19,20,23,16,23,19,22,18,36,18,27,15,29,12,32,19,29,18,33,15,30,21,31,22,25,19,33,18,34,17,33,22,28,17,34,21,32,20,33,20,33,24,36,22,30,24,35,22,29,22,33,19,32,21,32,21,32,17,22,25,27,24,26,23,22,23,31,19,30,20,26,17,22,20,22,17,18,16,23,18,21,16,18,14,19,15,21,14,17,13,15,7,14,9,17,5,15,10,18,13,17,13,0,0,0,0,0,0,0,0,0,0,0,0,0,0,0,0,0,0,0,0,0,0,45,55,44,57,42,66,36,70,33,76,25,72,28,76,19,80,23,83,10,86,-3,82,-3,86,-6,85,-13,83,-13,77,-22,83,-21,84,-30,78,-25,77,-28,75,-34,74,-30,69,-38,62,-36,59,-48,51,-43,51,-42,45,-37,43,-42,45,-39,42,-37,33,-33,35,-30,28,-33,24,-31,28,-27,25,-24,27,-27,24,-23,26,-25,23,-22,23,-18,27,-16,24,-10,25,-18,23,-15,17,-13,24,-13,20,-19,20,-20,23,-12,19,-16,25,-14,25,-16,19,-14,23,-23,23,-17,26,0,0]"
CSI_DATA,246,2a:00:00:00:00:00,-49,11,1,0,1,1,1,0,0,0,1,-96,0,11,2,3536872,0,44,0,384,0,"[0,0,0,0,0,0,0,0,0,0,0,0,-4,4,-4,4,-4,4,-4,4,-4,4,-4,4,-4,5,-4,5,-4,5,-4,5,-4,5,-4,6,-4,6,-4,6,-4,6,-4,6,-4,6,-5,6,-4,7,-4,7,-5,7,-5,7,-5,6,-5,7,-5,7,-5,7,0,0,-5,6,-5,7,-5,6,-5,6,-5,6,-5,6,-5,6,-5,6,-5,5,-5,5,-5,5,-5,5,-5,4,-5,4,-5,3,-4,3,-4,4,-4,3,-3,3,-3,2,-3,2,-3,3,-3,3,-3,3,-3,2,-2,2,0,0,0,0,0,0,0,0,0,0,0,0,0,0,7,9,9,12,10,9,10,9,10,12,11,11,9,10,9,11,10,11,10,11,11,10,9,8,12,11,13,13,11,14,13,13,13,13,14,12,12,13,15,15,14,13,13,15,15,15,14,15,13,14,13,15,13,16,15,14,14,18,15,16,13,16,13,16,14,18,13,15,13,17,10,15,12,14,10,14,10,16,10,14,10,15,12,14,11,13,8,14,6,11,8,14,8,10,7,10,4,10,7,9,7,8,6,10,8,7,4,7,4,7,5,6,6,7,0,0,0,0,0,0,0,0,0,0,0,0,0,0,0,0,0,0,0,0,0,0,24,33,18,33,19,38,15,39,13,42,8,39,7,41,6,42,5,45,0,46,-5,44,-6,43,-5,45,-12,43,-12,40,-14,43,-15,41,-17,41,-18,36,-20,36,-22,34,-22,34,-25,32,-24,28,-25,25,-24,24,-22,20,-24,17,-25,17,-22,16,-22,14,-22,14,-21,13,-20,9,-17,12,-19,7,-16,9,-14,10,-14,6,-12,10,-12,8,-12,11,-11,6,-11,7,-7,7,-14,8,-10,7,-9,11,-11,9,-9,9,-8,9,-9,9,-11,8,-10,11,-12,9,-11,9,-9,8,0,0]"
CSI_DATA,247,2a:00:00:00:00:00,-49,11,1,0,1,1,1,0,0,0,1,-96,0,11,2,3544673,0,44,0,384,0,"[0,0,0,0,0,0,0,0,0,0,0,0,4,1,5,1,5,1,5,1,5,1,5,1,5,1,5,1,6,0,5,0,6,0,6,0,6,0,6,0,6,1,7,0,7,0,7,0,7,0,7,0,7,0,7,1,7,0,7,0,7,1,7,0,0,0,7,0,7,1,7,0,7,0,7,1,6,1,6,1,6,1,6,0,6,1,6,0,5,1,5,1,4,1,5,0,5,0,4,1,4,0,4,0,4,0,4,0,3,0,2,-1,3,0,3,0,3,0,0,0,0,0,0,0,0,0,0,0,0,0,0,0,21,26,12,22,22,22,25,24,25,20,29,20,25,17,24,20,23,19,27,17,26,20,30,19,30,24,26,20,30,18,36,21,34,21,38,22,33,24,36,23,39,23,33,19,39,21,35,15,35,19,40,22,36,18,39,24,39,23,42,20,39,21,44,22,32,24,38,24,38,19,36,24,31,21,32,18,32,18,34,22,34,20,30,16,28,21,29,20,30,17,24,18,23,17,26,18,20,13,18,15,17,15,23,15,19,12,10,7,17,8,18,9,16,13,0,0,0,0,0,0,0,0,0,0,0,0,0,0,0,0,0,0,0,0,0,0,24,72,18,82,14,73,3,84,-2,75,-4,82,-7,81,-12,83,-20,89,-21,78,-27,79,-29,84,-31,80,-39,80,-41,80,-48,69,-49,77,-42,67,-48,69,-51,59,-50,57,-55,55,-52,48,-52,49,-52,43,-49,41,-53,36,-55,39,-44,31,-47,32,-44,26,-46,23,-38,25,-36,24,-35,20,-37,25,-29,19,-29,22,-27,19,-29,20,-29,21,-26,12,-27,17,-22,19,-28,17,-17,20,-22,17,-23,19,-24,20,-23,20,-20,15,-24,18,-22,21,-18,14,-23,15,-20,23,-22,24,0,0]"
CSI_DATA,248,2a:00:00:00:00:00,-48,11,1,0,1,1,1,0,0,0,1,-96,0,11,2,3554807,0,44,0,384,0,"[0,0,0,0,0,0,0,0,0,0,0,0,2,5,1,5,1,5,1,5,1,5,2,5,2,5,2,5,2,5,2,6,2,6,2,6,2,6,3,6,3,6,3,6,3,6,3,6,4,6,4,6,3,6,3,7,3,7,3,7,3,7,3,6,0,0,3,7,4,7,3,7,3,6,3,6,3,7,3,6,3,6,3,6,2,5,2,5,2,6,2,5,2,5,1,4,2,4,1,4,1,3,1,3,1,3,1,3,1,3,1,3,1,3,1,2,1,2,0,0,0,0,0,0,0,0,0,0,0,0,0,0,4,25,4,27,2,29,0,31,-2,31,3,32,-1,33,3,34,6,33,10,26,4,31,10,31,7,33,5,37,5,38,4,35,6,39,8,41,10,45,12,38,10,43,8,40,13,44,11,41,11,39,11,42,10,42,8,44,7,47,14,41,8,42,9,45,6,45,10,42,6,41,3,42,4,43,7,39,6,41,3,39,4,33,-2,37,4,40,-1,36,-2,31,-1,32,0,26,-1,29,0,24,3,26,3,27,-1,22,6,19,1,20,-1,18,1,21,-1,16,0,0,0,0,0,0,0,0,0,0,0,0,0,0,0,0,0,0,0,0,0,0,-31,69,-40,65,-50,62,-56,60,-56,57,-57,49,-63,52,-63,50,-66,47,-72,45,-76,37,-76,39,-81,37,-86,28,-80,25,-73,22,-82,21,-78,19,-82,14,-80,11,-72,7,-78,6,-77,0,-68,-6,-70,-9,-67,-6,-61,-10,-60,-7,-61,-7,-59,-10,-48,-7,-51,-10,-46,-12,-48,-11,-46,-5,-39,-5,-37,-6,-38,-12,-30,-6,-32,-7,-37,-6,-29,-4,-31,-4,-29,-5,-32,-2,-30,2,-24,4,-30,0,-31,2,-31,-4,-24,0,-28,-1,-29,1,-26,4,-26,-1,-33,5,-26,1,0,0]"
CSI_DATA,249,2a:00:00:00:00:00,-48,11,1,0,1,1,1,0,0,0,1,-96,0,11,2,3564682,0,44,0,384,0,"[0,0,0,0,0,0,0,0,0,0,0,0,4,1,5,1,5,1,5,1,5,1,5,1,5,1,5,1,6,1,5,1,6,1,6,1,6,1,7,1,6,1,7,0,7,0,7,1,7,1,7,1,7,1,7,1,7,1,7,0,7,1,8,1,0,0,7,1,7,1,7,1,8,1,6,2,7,2,7,2,6,1,7,2,6,1,7,2,5,2,5,2,5,2,5,1,5,1,4,1,4,1,4,1,3,1,4,1,3,1,3,1,3,1,3,1,3,0,0,0,0,0,0,0,0,0,0,0,0,0,0,0,27,10,23,9,32,9,27,16,28,8,34,9,28,8,31,12,32,8,37,8,35,7,34,11,35,6,32,9,38,6,38,6,38,4,35,2,40,7,38,7,41,8,44,11,43,3,40,7,37,7,43,12,45,9,43,9,43,9,44,5,42,9,47,12,38,11,43,13,45,8,39,9,44,12,43,9,37,13,41,13,38,13,40,14,33,12,28,12,29,11,31,13,34,15,27,14,28,14,26,15,25,10,24,12,20,7,18,9,16,6,21,11,20,7,0,0,0,0,0,0,0,0,0,0,0,0,0,0,0,0,0,0,0,0,0,0,39,63,41,67,31,69,29,74,23,74,20,81,14,79,13,83,8,85,6,80,0,84,-4,87,-4,87,-13,84,-14,81,-17,82,-19,83,-24,77,-29,80,-30,76,-26,69,-35,73,-29,67,-31,66,-35,60,-31,58,-38,56,-37,51,-36,43,-36,45,-33,42,-33,42,-33,38,-30,37,-27,35,-22,34,-23,34,-22,34,-19,32,-18,25,-15,28,-18,31,-15,29,-13,27,-14,30,-9,29,-13,27,-13,30,-18,27,-10,22,-14,24,-7,28,-11,28,-12,25,-11,28,-11,29,-11,24,0,0]"
CSI_DATA,250,2a:00:00:00:00:00,-56,11,1,0,1,1,1,0,0,0,1,-96,0,11,2,3574659,0,44,0,384,0,"[0,0,0,0,0,0,0,0,0,0,0,0,2,-4,2,-5,2,-5,2,-6,2,-5,2,-5,1,-5,1,-5,1,-5,1,-6,1,-6,1,-7,1,-7,1,-6,1,-5,1,-6,0,-7,-1,-7,-1,-7,0,-7,0,-7,0,-7,-1,-8,-2,-9,-2,-9,-1,-9,0,0,-3,-10,-2,-10,-2,-10,-1,-9,-2,-9,-2,-9,-2,-9,-2,-9,-2,-9,-1,-10,0,-10,-1,-10,-1,-9,0,-9,0,-9,-1,-9,-2,-9,-1,-8,0,-7,0,-7,-1,-7,-1,-8,-1,-8,-2,-7,-1,-5,-1,-4,0,0,0,0,0,0,0,0,0,0,0,0,0,0,-21,-15,-22,-14,-24,-13,-25,-12,-25,-11,-27,-13,-29,-13,-29,-12,-27,-12,-28,-12,-29,-11,-31,-9,-32,-9,-32,-12,-33,-13,-34,-10,-36,-7,-37,-8,-38,-10,-39,-9,-40,-9,-40,-9,-41,-10,-42,-10,-43,-11,-44,-12,-45,-10,-47,-10,-46,-9,-46,-8,-47,-9,-47,-9,-45,-10,-45,-9,-45,-9,-44,-11,-44,-11,-44,-11,-43,-10,-43,-9,-42,-9,-41,-9,-40,-12,-38,-13,-37,-10,-34,-8,-33,-7,-32,-8,-31,-8,-30,-7,-29,-6,-27,-5,-25,-6,-23,-6,-22,-6,-22,-5,-21,-5,0,0,0,0,0,0,0,0,0,0,0,0,0,0,0,0,0,0,0,0,0,0,-2,-77,1,-80,7,-81,14,-82,19,-80,22,-78,25,-78,29,-81,32,-80,33,-78,37,-76,39,-76,41,-76,44,-74,49,-68,50,-67,50,-67,50,-64,51,-62,53,-59,54,-56,55,-54,55,-50,55,-46,53,-44,52,-43,52,-39,51,-35,48,-32,44,-32,41,-32,41,-30,39,-27,35,-26,33,-26,32,-26,31,-24,29,-22,26,-21,22,-23,21,-22,22,-21,21,-21,19,-21,18,-23,18,-25,17,-22,16,-21,17,-21,17,-19,17,-19,17,-22,17,-22,16,-21,15,-23,15,-23,17,-21,0,0]"
CSI_DATA,251,2a:00:00:00:00:00,-48,11,1,0,1,1,1,0,0,0,1,-96,0,11,2,3595172,0,44,0,384,0,"[0,0,0,0,0,0,0,0,0,0,0,0,-3,-3,-4,-3,-4,-3,-4,-4,-5,-4,-4,-3,-5,-4,-5,-4,-6,-4,-6,-4,-6,-4,-7,-4,-7,-4,-7,-4,-7,-4,-8,-4,-8,-4,-8,-4,-8,-4,-9,-4,-9,-5,-9,-5,-9,-5,-10,-4,-10,-5,-10,-5,0,0,-10,-5,-10,-5,-10,-5,-10,-5,-9,-5,-10,-5,-10,-5,-9,-5,-10,-5,-9,-5,-9,-5,-8,-5,-8,-5,-7,-5,-8,-5,-7,-4,-7,-5,-7,-4,-7,-4,-6,-4,-6,-4,-6,-4,-6,-4,-5,-3,-6,-4,-5,-3,0,0,0,0,0,0,0,0,0,0,0,0,0,0,-17,3,-15,0,-21,7,-19,8,-18,7,-22,8,-17,10,-19,8,-22,15,-22,19,-24,15,-21,15,-21,17,-22,24,-22,15,-25,25,-35,21,-29,29,-32,22,-29,30,-32,30,-29,27,-31,29,-30,29,-32,24,-34,29,-34,29,-33,34,-37,33,-34,38,-39,35,-41,36,-36,31,-34,32,-40,33,-36,35,-35,36,-35,34,-39,38,-39,30,-37,28,-39,22,-36,29,-32,27,-30,24,-32,24,-30,15,-31,23,-29,18,-28,16,-23,14,-26,16,-23,21,-23,19,-23,19,-19,19,-23,8,0,0,0,0,0,0,0,0,0,0,0,0,0,0,0,0,0,0,0,0,0,0,-78,7,-76,-2,-84,-9,-85,-13,-83,-18,-81,-19,-72,-28,-74,-30,-78,-35,-79,-37,-78,-41,-76,-44,-70,-44,-75,-53,-66,-45,-61,-55,-66,-49,-55,-56,-54,-58,-45,-57,-48,-61,-47,-56,-39,-57,-37,-53,-33,-53,-31,-52,-25,-55,-24,-53,-26,-47,-23,-43,-12,-40,-15,-36,-16,-36,-15,-37,-9,-34,-8,-32,-11,-29,-7,-25,-11,-25,-9,-26,-11,-25,-10,-22,-7,-28,-10,-17,-6,-15,-4,-22,-5,-14,-5,-20,-5,-13,0,-14,-11,-17,1,-16,-6,-19,-5,-16,-1,-22,0,-18,-1,-17,0,0]"
CSI_DATA,252,2a:00:00:00:00:00,-48,11,1,0,1,1,1,0,0,0,1,-96,0,11,2,3614657,0,44,0,384,0,"[0,0,0,0,0,0,0,0,0,0,0,0,3,0,3,0,3,0,3,0,3,-1,4,-1,4,-1,4,-2,4,-2,4,-3,4,-3,5,-3,5,-4,5,-4,5,-5,6,-5,6,-6,6,-6,6,-6,7,-6,7,-6,7,-7,7,-7,7,-8,8,-8,8,-8,0,0,8,-8,8,-8,8,-8,9,-8,8,-8,9,-8,9,-8,9,-7,9,-7,9,-7,9,-6,8,-7,8,-6,8,-6,8,-5,8,-5,7,-5,7,-5,6,-4,6,-4,6,-4,6,-4,5,-4,5,-4,5,-4,5,-3,0,0,0,0,0,0,0,0,0,0,0,0,0,0,5,-7,5,-4,6,-4,5,-8,0,-8,3,-8,3,-8,0,-11,1,-9,1,-9,1,-9,0,-11,-1,-12,-4,-14,-3,-12,-5,-14,-4,-16,-5,-18,-6,-17,-6,-18,-6,-18,-7,-19,-10,-19,-8,-23,-9,-23,-10,-23,-10,-25,-11,-24,-11,-25,-12,-23,-10,-25,-13,-27,-10,-26,-10,-25,-11,-26,-9,-23,-8,-26,-9,-26,-6,-26,-8,-26,-8,-27,-9,-26,-5,-26,-6,-24,-6,-22,-6,-24,-6,-20,-5,-22,-5,-19,-4,-18,-7,-18,-1,-18,-2,-15,-1,-17,-4,-15,-5,-18,-4,-15,0,0,0,0,0,0,0,0,0,0,0,0,0,0,0,0,0,0,0,0,0,0,-14,-45,-8,-43,-8,-47,-3,-45,1,-46,-1,-44,6,-48,8,-47,9,-46,11,-46,11,-45,12,-45,13,-45,15,-43,19,-38,21,-38,19,-37,22,-36,20,-32,24,-32,25,-28,23,-27,22,-25,20,-24,19,-19,19,-21,18,-17,16,-15,17,-13,17,-12,14,-12,12,-8,14,-7,12,-7,11,-6,8,-3,7,-5,7,-6,8,-1,6,-1,6,-1,5,-1,6,0,4,1,3,1,5,3,4,3,3,5,4,2,4,7,2,4,4,3,6,6,3,6,6,5,5,5,3,6,0,0]"
CSI_DATA,253,2a:00:00:00:00:00,-48,11,1,0,1,1,1,0,0,0,1,-96,0,11,2,3624687,0,44,0,384,0,"[0,0,0,0,0,0,0,0,0,0,0,0,-5,-2,-4,-2,-5,-2,-5,-2,-5,-1,-5,-1,-5,-1,-5,0,-6,0,-6,1,-6,1,-6,1,-6,2,-7,3,-6,2,-7,4,-7,3,-8,4,-7,4,-8,4,-9,4,-9,5,-10,5,-9,6,-10,5,-10,5,0,0,-10,5,-11,6,-10,5,-11,5,-10,5,-11,5,-11,5,-11,4,-11,3,-11,3,-11,3,-11,3,-10,3,-10,2,-10,1,-9,1,-10,2,-8,1,-8,1,-7,1,-7,0,-7,1,-7,1,-7,1,-6,1,-6,0,0,0,0,0,0,0,0,0,0,0,0,0,0,0,-7,5,-10,6,-8,6,-8,5,-8,5,-7,6,-7,8,-6,9,-7,9,-4,9,-3,10,-3,9,-2,11,0,12,0,13,0,15,-1,13,1,14,2,15,4,16,4,19,3,21,4,20,3,21,4,21,5,23,5,24,8,25,4,23,8,23,3,24,2,26,3,24,6,26,4,27,2,25,2,26,1,27,0,25,0,27,0,25,-3,26,-1,24,-3,22,-5,21,-5,20,-3,23,-3,18,-5,19,-3,19,-4,17,-4,14,-3,12,-4,12,-4,14,-3,13,-6,13,0,0,0,0,0,0,0,0,0,0,0,0,0,0,0,0,0,0,0,0,0,0,42,10,42,16,42,19,42,23,37,26,36,29,33,30,31,31,32,34,27,34,27,35,25,36,24,39,21,36,17,39,15,37,13,38,13,36,7,34,7,32,3,33,6,29,4,30,2,28,0,27,-2,26,-4,23,-3,21,-4,20,-4,14,-3,13,-5,11,-6,11,-4,7,-4,7,-3,7,-4,4,-3,3,-3,2,-3,-1,-4,-2,-1,-2,-4,-3,-4,-3,-5,-4,-7,-7,-5,-5,-5,-4,-5,-5,-4,-8,-5,-7,-5,-11,-3,-9,-6,-11,-6,-9,-6,-11,-5,-11,0,0]"
CSI_DATA,254,2a:00:00:00:00:00,-48,11,1,0,1,1,1,0,0,0,1,-96,0,11,2,3634905,0,44,0,384,0,"[0,0,0,0,0,0,0,0,0,0,0,0,-4,-2,-4,-2,-5,-1,-5,-1,-5,-1,-5,-1,-5,0,-5,0,-5,0,-5,1,-5,1,-5,2,-6,2,-6,2,-6,3,-6,3,-6,4,-6,4,-6,4,-7,5,-7,5,-7,5,-7,5,-8,6,-8,6,-8,5,0,0,-8,5,-9,6,-9,6,-9,5,-9,5,-9,5,-9,5,-9,5,-9,4,-9,4,-9,4,-9,4,-8,3,-8,3,-8,2,-7,2,-8,3,-6,2,-6,2,-6,1,-6,1,-6,1,-6,1,-5,1,-5,1,-4,1,0,0,0,0,0,0,0,0,0,0,0,0,0,0,-8,5,-9,5,-9,4,-8,6,-8,6,-8,6,-6,7,-5,8,-6,10,-5,11,-4,10,-3,10,-3,12,-1,11,0,11,1,13,1,12,1,15,3,13,5,17,5,17,6,16,5,17,6,18,6,20,7,20,5,22,6,22,6,22,6,23,6,23,6,26,4,25,6,25,4,23,4,24,3,24,5,22,3,23,4,24,1,22,0,24,-1,20,0,21,0,21,1,20,-1,20,0,16,-1,17,-1,14,0,17,0,14,-1,12,-1,11,-2,11,-1,12,-2,11,0,0,0,0,0,0,0,0,0,0,0,0,0,0,0,0,0,0,0,0,0,0,43,8,43,14,41,17,40,23,40,24,37,23,33,26,34,27,35,31,31,32,28,37,25,37,27,37,22,35,21,37,17,37,15,39,14,35,13,32,10,36,9,33,8,33,6,29,3,30,3,25,1,26,0,21,0,22,0,19,-2,16,-3,14,-3,13,-4,11,-1,10,-4,7,-3,7,-2,5,-4,5,-2,4,-2,0,-3,1,-2,1,-4,1,-2,-2,-2,-4,-4,-1,-3,-5,-2,-5,-4,-5,-6,-6,-7,-9,-6,-7,-5,-9,-5,-7,-8,-9,-6,-10,-6,-10,0,0]"
CSI_DATA,255,2a:00:00:00:00:00,-49,11,1,0,1,1,1,0,0,0,1,-96,0,11,2,3644986,0,44,0,384,0,"[0,0,0,0,0,0,0,0,0,0,0,0,-2,-4,-2,-4,-3,-4,-3,-3,-3,-3,-3,-3,-3,-3,-4,-3,-4,-2,-4,-2,-5,-2,-5,-2,-5,-2,-5,-2,-6,-1,-7,-1,-7,-1,-7,-1,-7,-1,-7,-1,-8,-1,-8,-1,-9,-1,-9,-1,-9,-1,-9,-1,0,0,-10,-1,-9,-1,-10,-1,-10,-2,-9,-2,-9,-2,-9,-1,-9,-2,-9,-2,-9,-3,-9,-3,-8,-2,-8,-2,-7,-2,-7,-3,-7,-3,-7,-2,-6,-3,-6,-3,-6,-3,-6,-3,-5,-2,-5,-2,-5,-2,-5,-2,-4,-2,0,0,0,0,0,0,0,0,0,0,0,0,0,0,-4,-10,-3,-13,-6,-13,-3,-10,-7,-8,-5,-7,-6,-8,-5,-8,-8,-9,-8,-7,-8,-7,-8,-5,-10,-7,-8,-2,-10,-4,-12,-1,-12,-3,-15,0,-15,-1,-15,0,-18,0,-17,0,-18,2,-18,1,-19,1,-20,-1,-22,-2,-23,5,-25,3,-26,1,-25,1,-25,0,-23,2,-24,3,-25,-1,-24,-1,-25,-1,-25,1,-26,2,-23,-5,-23,-3,-25,-4,-22,-4,-23,-2,-22,-3,-18,-4,-19,-4,-19,-3,-18,-6,-15,-4,-14,-6,-13,-5,-16,-3,-14,-1,-14,-3,-11,-3,-10,-4,0,0,0,0,0,0,0,0,0,0,0,0,0,0,0,0,0,0,0,0,0,0,-29,38,-36,36,-34,34,-40,31,-42,29,-41,25,-42,23,-43,23,-48,21,-44,19,-46,14,-46,13,-47,13,-46,11,-47,8,-44,5,-44,3,-43,2,-40,1,-43,-1,-36,-2,-38,-1,-35,-7,-32,-4,-32,-5,-29,-6,-28,-4,-27,-4,-22,-7,-21,-6,-19,-7,-18,-4,-15,-4,-11,-5,-14,-3,-12,-4,-10,-3,-8,-4,-7,-2,-6,-2,-3,-2,-1,1,-2,-4,0,-2,-3,-2,1,-5,1,-2,2,-2,3,-2,5,-1,4,-3,6,-2,7,-2,3,-5,7,-3,8,-4,9,-2,0,0]"
CSI_DATA,256,2a:00:00:00:00:00,-49,11,1,0,1,1,1,0,0,0,1,-96,0,11,2,3654790,0,44,0,384,0,"[0,0,0,0,0,0,0,0,0,0,0,0,-2,-4,-2,-4,-2,-4,-2,-4,-2,-4,-3,-3,-3,-3,-3,-3,-3,-3,-4,-3,-4,-3,-4,-3,-5,-3,-5,-2,-5,-2,-6,-2,-6,-2,-6,-2,-6,-1,-7,-1,-7,-2,-7,-1,-8,-2,-8,-1,-8,-2,-8,-2,0,0,-9,-2,-8,-2,-9,-2,-8,-2,-9,-2,-8,-2,-8,-3,-8,-2,-8,-3,-7,-3,-8,-4,-7,-3,-7,-3,-7,-3,-6,-4,-7,-4,-6,-3,-5,-4,-5,-3,-5,-3,-5,-3,-5,-3,-5,-2,-4,-2,-4,-3,-3,-3,0,0,0,0,0,0,0,0,0,0,0,0,0,0,7,-25,-1,-18,-1,-27,-1,-20,-4,-24,-5,-17,-5,-18,-9,-21,-8,-19,-9,-16,-15,-18,-16,-22,-17,-13,-16,-18,-16,-12,-19,-11,-21,-15,-22,-9,-24,-10,-25,-11,-31,-10,-33,-7,-30,-7,-33,-5,-35,-3,-37,-8,-35,-8,-43,-5,-43,-7,-43,-8,-44,-11,-48,-12,-39,-11,-52,-10,-42,-10,-46,-14,-44,-10,-45,-6,-46,-13,-43,-13,-40,-16,-42,-16,-39,-16,-36,-13,-36,-17,-33,-21,-29,-19,-33,-14,-25,-16,-23,-16,-24,-17,-23,-18,-26,-12,-20,-8,-23,-11,-19,-15,-15,-17,0,0,0,0,0,0,0,0,0,0,0,0,0,0,0,0,0,0,0,0,0,0,-49,77,-58,79,-60,68,-71,70,-70,59,-78,56,-78,49,-81,48,-87,48,-80,41,-87,35,-89,32,-92,30,-85,24,-91,27,-84,12,-83,15,-80,10,-81,11,-72,10,-69,9,-72,7,-64,0,-63,-2,-63,-4,-55,-3,-51,-3,-51,-5,-40,-4,-43,-1,-33,-7,-37,-4,-29,1,-25,2,-24,0,-21,5,-17,1,-15,1,-11,0,-9,3,-10,2,-4,1,-6,4,0,4,2,5,-1,4,3,2,10,-1,9,3,8,7,12,4,16,5,18,3,12,1,22,-1,20,2,21,2,0,0]"
CSI_DATA,257,2a:00:00:00:00:00,-48,11,1,0,1,1,1,0,0,0,1,-96,0,11,2,3664911,0,44,0,384,0,"[0,0,0,0,0,0,0,0,0,0,0,0,5,-2,5,-2,5,-2,5,-3,5,-3,4,-3,5,-4,4,-4,4,-4,3,-4,4,-5,4,-5,4,-5,3,-6,3,-6,3,-7,2,-7,2,-7,2,-7,3,-8,3,-8,3,-9,3,-9,2,-9,3,-10,3,-10,0,0,3,-10,4,-10,4,-10,4,-10,4,-9,5,-9,5,-9,5,-9,4,-9,4,-9,4,-9,5,-8,5,-7,5,-7,4,-7,4,-7,5,-6,4,-6,4,-5,4,-5,4,-5,4,-4,4,-4,4,-4,3,-4,3,-4,0,0,0,0,0,0,0,0,0,0,0,0,0,0,13,0,13,-1,15,-2,13,-1,14,-2,13,-4,14,-5,12,-6,13,-6,12,-5,12,-9,11,-9,13,-11,10,-10,11,-10,9,-11,11,-13,10,-14,7,-14,8,-17,5,-17,8,-18,6,-19,8,-18,6,-19,7,-22,7,-23,7,-23,8,-23,10,-23,10,-24,8,-24,9,-24,10,-23,9,-25,11,-23,13,-22,11,-24,13,-22,11,-22,13,-22,11,-21,13,-18,13,-18,14,-17,10,-18,12,-17,12,-16,13,-14,10,-12,11,-13,11,-12,9,-9,8,-8,8,-9,10,-10,10,-8,0,0,0,0,0,0,0,0,0,0,0,0,0,0,0,0,0,0,0,0,0,0,-45,-9,-43,-14,-45,-17,-42,-21,-42,-24,-38,-24,-38,-28,-38,-30,-36,-31,-33,-31,-29,-35,-28,-35,-29,-36,-25,-36,-22,-34,-20,-35,-19,-33,-18,-32,-16,-32,-15,-31,-13,-30,-13,-31,-8,-28,-9,-26,-7,-25,-6,-22,-7,-20,-5,-19,-3,-15,-5,-14,-5,-12,-6,-11,-5,-8,-4,-7,-4,-8,-8,-5,-5,-3,-6,-1,-7,-1,-6,1,-5,1,-6,3,-3,4,-5,6,-4,7,-4,7,-4,6,-5,9,-2,10,-4,10,-2,10,-1,13,-5,13,-2,11,-4,14,-1,14,1,13,0,0]"
CSI_DATA,258,2a:00:00:00:00:00,-47,11,1,0,1,1,1,0,0,0,1,-96,0,11,2,3675041,0,44,0,384,0,"[0,0,0,0,0,0,0,0,0,0,0,0,5,4,6,4,6,4,6,4,6,3,6,3,7,3,7,2,7,2,7,1,7,1,7,1,7,1,7,1,8,0,8,-1,9,-1,8,-2,9,-2,9,-2,9,-1,9,-2,9,-2,10,-3,10,-2,10,-2,0,0,11,-2,10,-2,11,-3,11,-2,11,-1,10,-1,10,0,10,-1,10,0,10,0,10,0,9,0,9,0,9,1,8,1,8,1,8,1,7,1,6,1,6,2,5,2,6,1,5,2,5,1,4,1,3,2,0,0,0,0,0,0,0,0,0,0,0,0,0,0,37,32,32,30,33,28,33,25,36,23,38,23,37,24,37,21,37,19,37,15,40,15,38,10,39,10,41,10,40,8,39,6,47,2,42,0,45,2,45,0,48,-7,49,-7,49,-8,45,-11,52,-7,56,-9,55,-4,57,-12,56,-9,61,-13,58,-7,60,-5,62,-8,60,-9,58,-7,59,-1,58,-2,63,-2,61,1,58,-1,57,3,53,3,56,12,55,8,49,10,47,6,45,8,51,14,37,11,38,11,37,13,35,12,36,12,31,14,29,17,26,11,26,10,0,0,0,0,0,0,0,0,0,0,0,0,0,0,0,0,0,0,0,0,0,0,-68,-57,-67,-59,-57,-67,-54,-78,-47,-75,-42,-75,-31,-71,-29,-77,-25,-81,-21,-75,-14,-81,-13,-75,-7,-76,-2,-74,1,-69,3,-65,3,-62,4,-58,8,-50,11,-48,13,-46,10,-44,11,-38,7,-31,9,-33,6,-26,8,-21,1,-17,2,-13,2,-13,-1,-8,-7,-3,-8,-4,-7,-2,-8,1,-10,3,-13,7,-14,9,-20,10,-17,12,-19,10,-21,17,-22,18,-25,21,-23,17,-29,24,-29,26,-22,26,-28,23,-29,27,-28,26,-28,32,-29,31,-32,34,-35,37,-33,32,-33,35,0,0]"
CSI_DATA,259,2a:00:00:00:00:00,-46,11,1,0,1,1,1,0,0,0,1,-96,0,11,2,3684953,0,44,0,384,0,"[0,0,0,0,0,0,0,0,0,0,0,0,4,-9,4,-9,3,-9,3,-9,2,-9,2,-9,2,-9,1,-9,1,-9,0,-9,0,-10,0,-10,0,-9,-1,-10,-1,-10,-1,-10,-2,-10,-3,-10,-3,-10,-3,-11,-3,-11,-3,-11,-3,-11,-3,-12,-3,-12,-3,-12,0,0,-3,-12,-2,-12,-2,-12,-3,-12,-2,-12,-2,-13,-1,-12,-1,-12,-1,-12,-1,-12,-1,-12,0,-10,0,-11,0,-10,1,-10,1,-9,1,-9,1,-9,1,-9,1,-8,1,-8,1,-7,1,-7,2,-6,2,-6,2,-6,0,0,0,0,0,0,0,0,0,0,0,0,0,0,30,-45,25,-47,27,-49,25,-47,28,-47,24,-51,19,-51,19,-49,17,-45,18,-44,8,-48,14,-49,12,-50,5,-49,5,-47,7,-47,2,-51,-5,-53,-7,-56,-5,-50,-6,-59,-10,-56,-14,-55,-14,-61,-12,-61,-15,-60,-12,-59,-19,-61,-15,-68,-18,-70,-13,-63,-19,-73,-14,-70,-21,-76,-12,-63,-8,-65,-8,-70,-6,-68,-6,-69,-5,-66,-1,-64,5,-59,1,-59,-1,-58,6,-57,3,-55,9,-57,8,-44,10,-52,13,-48,13,-42,9,-43,7,-39,10,-36,10,-32,14,-33,14,-30,0,0,0,0,0,0,0,0,0,0,0,0,0,0,0,0,0,0,0,0,0,0,-58,60,-60,56,-63,47,-69,41,-63,35,-75,27,-70,24,-73,20,-73,9,-65,10,-65,7,-63,2,-72,1,-62,2,-66,-6,-56,-4,-49,-6,-40,-15,-38,-14,-34,-12,-26,-14,-24,-20,-25,-12,-17,-14,-9,-14,-11,-9,-7,-9,-1,-4,3,-4,4,1,4,3,10,4,15,6,14,3,23,7,24,11,21,12,26,14,27,16,30,16,28,19,27,17,39,26,36,21,34,24,40,26,41,26,46,31,45,23,46,27,42,24,48,30,47,34,46,30,50,35,49,32,52,30,0,0]"
CSI_DATA,260,2a:00:00:00:00:00,-46,11,1,0,1,1,1,0,0,0,1,-96,0,11,2,3694659,0,44,0,384,0,"[0,0,0,0,0,0,0,0,0,0,0,0,9,2,9,1,9,1,9,1,9,1,9,1,9,0,8,0,9,-1,9,-1,9,-2,9,-2,9,-2,9,-3,8,-3,10,-4,9,-4,10,-4,9,-4,9,-5,9,-5,10,-4,10,-4,10,-5,11,-5,11,-5,0,0,11,-4,12,-5,11,-4,11,-4,11,-4,11,-4,11,-4,11,-3,10,-3,10,-2,10,-2,9,-2,9,-2,9,-2,9,0,8,0,9,0,7,0,7,0,6,0,7,0,6,0,6,0,6,0,5,1,4,1,0,0,0,0,0,0,0,0,0,0,0,0,0,0,52,9,49,11,56,7,52,9,53,10,57,9,46,1,56,4,50,-2,51,-1,46,1,49,-9,50,-5,49,-10,48,-7,54,-14,52,-19,59,-16,51,-24,47,-21,53,-32,54,-24,53,-31,55,-29,57,-29,57,-29,55,-30,57,-32,56,-33,62,-28,63,-31,66,-31,63,-26,65,-32,59,-30,61,-27,61,-24,63,-20,62,-21,62,-17,57,-16,57,-14,58,-9,58,-10,54,-8,48,-10,49,-10,50,-5,41,-8,42,-5,39,-4,40,-4,35,-5,33,5,36,3,32,0,32,5,0,0,0,0,0,0,0,0,0,0,0,0,0,0,0,0,0,0,0,0,0,0,-66,-39,-59,-49,-51,-53,-49,-55,-40,-59,-37,-63,-26,-64,-23,-64,-21,-64,-14,-63,-11,-59,-6,-62,-8,-59,2,-51,3,-50,5,-40,4,-40,5,-37,12,-33,11,-22,13,-18,14,-14,13,-14,12,-10,10,-4,13,-2,10,4,9,8,6,12,3,11,1,17,3,20,6,19,-1,30,-2,29,-6,26,-11,31,-7,34,-3,33,-7,39,-8,37,-9,39,-12,42,-8,43,-10,46,-4,46,-13,51,-14,51,-15,50,-12,53,-13,53,-10,59,-16,60,-17,53,-16,58,-16,59,-16,58,0,0]"
CSI_DATA,261,2a:00:00:00:00:00,-47,11,1,0,1,1,1,0,0,0,1,-96,0,11,2,3704790,0,44,0,384,0,"[0,0,0,0,0,0,0,0,0,0,0,0,0,10,0,10,2,9,1,10,1,9,1,9,2,8,2,9,3,9,3,8,3,9,4,8,4,9,5,9,4,9,5,9,5,9,5,9,6,8,5,9,6,10,6,10,6,10,6,10,6,11,6,10,0,0,5,11,5,10,5,11,5,11,4,10,4,11,3,11,3,10,2,10,2,10,2,10,2,9,1,8,1,8,1,9,0,8,1,7,0,7,0,7,-1,6,-1,6,-1,5,-1,5,0,5,-1,5,-1,5,0,0,0,0,0,0,0,0,0,0,0,0,0,0,8,60,5,57,5,55,8,54,13,53,11,50,14,52,21,51,10,50,15,47,22,46,27,45,28,48,26,47,26,45,30,43,31,48,29,44,32,45,34,39,39,40,42,44,45,42,40,42,42,44,45,44,42,48,48,50,39,52,42,53,39,50,44,51,37,50,39,52,33,48,35,58,32,54,35,48,31,54,25,46,30,47,26,50,18,46,24,47,18,44,18,40,16,46,20,42,13,38,13,35,9,35,6,34,11,33,9,32,7,30,3,29,5,27,0,0,0,0,0,0,0,0,0,0,0,0,0,0,0,0,0,0,0,0,0,0,9,-71,15,-67,22,-69,30,-64,33,-58,32,-55,37,-49,37,-51,45,-42,46,-35,45,-30,43,-25,44,-20,42,-15,43,-11,35,-7,29,-4,30,-6,26,-1,19,2,16,1,10,6,7,9,5,7,0,11,-3,12,-4,9,-13,12,-14,9,-21,10,-22,8,-28,10,-25,7,-29,12,-28,5,-34,4,-37,5,-37,5,-42,5,-46,7,-42,3,-42,4,-51,2,-50,5,-52,2,-57,12,-52,8,-52,7,-56,6,-58,4,-58,1,-57,6,-58,3,-63,2,-66,2,-70,6,-59,8,0,0]"
CSI_DATA,262,2a:00:00:00:00:00,-47,11,1,0,1,1,1,0,0,0,1,-96,0,11,2,3714663,0,44,0,384,0,"[0,0,0,0,0,0,0,0,0,0,0,0,10,2,10,2,10,1,10,1,9,1,9,0,10,0,10,-1,10,0,10,-1,9,-1,10,-2,9,-2,9,-2,10,-3,10,-4,10,-4,10,-4,10,-4,11,-4,11,-4,11,-4,11,-3,12,-4,11,-3,12,-4,0,0,12,-3,12,-3,11,-3,12,-2,11,-2,11,-2,11,-1,10,-1,10,0,10,0,9,0,10,0,9,1,9,1,8,1,8,1,8,1,6,1,6,1,6,1,5,1,6,2,6,2,5,1,4,1,4,1,0,0,0,0,0,0,0,0,0,0,0,0,0,0,58,24,51,26,61,22,57,16,55,16,54,13,51,12,57,7,47,3,57,7,54,3,54,3,58,1,52,0,54,-4,55,-8,53,-10,49,-8,53,-13,54,-11,61,-17,56,-12,61,-19,57,-16,60,-17,63,-18,63,-17,66,-18,64,-13,67,-15,67,-13,69,-9,62,-13,66,-10,62,-6,65,-1,62,-10,63,-1,65,-1,58,3,51,0,52,1,53,9,51,9,54,11,45,7,45,12,41,15,39,10,36,5,37,10,30,6,27,9,27,12,25,13,24,11,25,11,0,0,0,0,0,0,0,0,0,0,0,0,0,0,0,0,0,0,0,0,0,0,-66,-26,-58,-33,-53,-34,-50,-46,-43,-44,-40,-53,-31,-49,-32,-53,-26,-46,-19,-47,-11,-52,-5,-43,-2,-43,3,-37,4,-33,2,-26,4,-25,6,-19,12,-17,11,-9,11,-4,9,-1,9,2,6,10,7,14,8,16,1,27,5,26,-2,26,3,28,0,29,-7,35,-3,37,-5,42,-12,43,-12,39,-9,45,-18,45,-14,46,-18,51,-17,54,-15,49,-20,54,-16,52,-20,57,-18,60,-16,57,-22,60,-20,52,-21,58,-23,61,-23,61,-27,65,-21,57,-27,61,-25,66,-22,58,0,0]"
CSI_DATA,263,2a:00:00:00:00:00,-47,11,1,0,1,1,1,0,0,0,1,-96,0,11,2,3724995,0,44,0,384,0,"[0,0,0,0,0,0,0,0,0,0,0,0,-2,-10,-2,-9,-3,-10,-3,-10,-3,-10,-3,-9,-3,-9,-4,-9,-4,-9,-5,-9,-5,-9,-5,-9,-5,-9,-6,-10,-6,-9,-7,-9,-7,-8,-7,-9,-7,-9,-8,-9,-7,-10,-7,-10,-7,-10,-8,-10,-7,-11,-7,-10,0,0,-7,-10,-7,-10,-7,-11,-6,-10,-6,-10,-6,-11,-5,-10,-5,-10,-5,-10,-5,-10,-4,-10,-3,-9,-3,-9,-3,-9,-3,-9,-3,-8,-2,-8,-2,-7,-2,-8,-1,-7,-1,-7,-1,-6,-1,-6,-1,-6,0,-6,0,-5,0,0,0,0,0,0,0,0,0,0,0,0,0,0,2,-60,1,-59,-3,-56,-4,-53,-11,-57,-9,-54,-13,-54,-12,-57,-10,-53,-11,-46,-16,-49,-20,-47,-20,-49,-20,-49,-28,-51,-28,-46,-32,-51,-30,-48,-31,-44,-31,-47,-35,-47,-38,-45,-37,-45,-38,-47,-35,-53,-36,-55,-41,-50,-45,-51,-40,-52,-44,-54,-39,-54,-39,-52,-35,-60,-33,-56,-36,-59,-28,-51,-29,-58,-24,-56,-26,-55,-20,-54,-27,-52,-28,-48,-21,-49,-19,-49,-14,-48,-10,-44,-11,-43,-14,-42,-7,-36,-7,-41,-7,-37,-5,-33,-1,-35,-3,-28,-9,-31,-3,-27,-1,-28,0,0,0,0,0,0,0,0,0,0,0,0,0,0,0,0,0,0,0,0,0,0,-27,50,-34,48,-39,41,-42,38,-44,27,-45,21,-46,16,-47,11,-49,5,-46,0,-40,-3,-42,-9,-42,-12,-33,-15,-26,-23,-21,-26,-17,-27,-12,-27,-6,-26,1,-30,4,-29,8,-28,13,-29,19,-28,19,-25,26,-30,32,-22,36,-21,37,-18,44,-18,43,-18,44,-14,50,-9,50,-9,54,-7,53,-7,53,-8,55,-10,58,-7,60,-5,56,-5,63,-5,61,-4,60,-2,62,-1,59,-3,61,0,64,0,64,-3,67,-2,66,-2,69,-1,64,4,61,-2,67,0,65,-2,66,-2,0,0]"
CSI_DATA,264,2a:00:00:00:00:00,-48,11,1,0,1,1,1,0,0,0,1,-96,0,11,2,3734786,0,44,0,384,0,"[0,0,0,0,0,0,0,0,0,0,0,0,-2,-9,-2,-9,-3,-9,-3,-9,-3,-9,-3,-9,-3,-8,-4,-8,-4,-8,-4,-8,-5,-8,-5,-8,-5,-8,-5,-8,-5,-9,-6,-9,-6,-8,-6,-8,-6,-9,-5,-9,-6,-9,-6,-10,-5,-9,-6,-9,-6,-9,-5,-10,0,0,-5,-9,-5,-9,-5,-9,-5,-9,-4,-9,-4,-9,-4,-8,-3,-8,-4,-9,-3,-8,-4,-8,-3,-8,-2,-7,-2,-7,-2,-7,-2,-6,-2,-6,-2,-7,-1,-6,-1,-6,-1,-6,-1,-5,-1,-5,-2,-5,-1,-5,-1,-5,0,0,0,0,0,0,0,0,0,0,0,0,0,0,1,-50,-2,-49,-4,-55,-4,-47,-8,-49,-6,-49,-7,-53,-10,-52,-7,-44,-13,-52,-12,-43,-14,-44,-17,-45,-17,-44,-20,-44,-23,-46,-24,-50,-27,-41,-25,-49,-28,-48,-32,-53,-27,-47,-30,-52,-28,-52,-28,-51,-25,-50,-33,-45,-31,-54,-31,-52,-27,-52,-27,-54,-31,-53,-22,-47,-28,-52,-20,-45,-19,-50,-17,-47,-16,-47,-16,-41,-14,-47,-17,-41,-14,-47,-16,-39,-17,-39,-11,-39,-7,-39,-10,-39,-12,-36,-6,-34,-5,-30,-3,-31,-5,-27,-4,-27,-7,-25,-7,-29,-9,-22,-5,-24,0,0,0,0,0,0,0,0,0,0,0,0,0,0,0,0,0,0,0,0,0,0,-50,34,-59,28,-53,21,-66,14,-60,9,-61,-1,-58,-5,-57,-17,-55,-19,-56,-24,-48,-29,-43,-34,-45,-35,-35,-43,-30,-45,-23,-45,-21,-50,-11,-51,-6,-46,4,-45,12,-47,10,-48,15,-39,24,-43,28,-43,31,-38,37,-32,35,-31,40,-27,46,-27,42,-24,55,-17,50,-16,49,-10,52,-7,53,-7,49,-8,53,-7,54,-5,53,-5,57,2,51,-7,61,2,52,0,60,1,55,9,56,4,57,3,56,8,54,4,57,6,62,2,58,3,55,9,59,4,55,5,57,7,0,0]"
CSI_DATA,265,2a:00:00:00:00:00,-52,11,1,0,1,1,1,0,0,0,1,-96,0,11,2,3765627,0,44,0,384,0,"[0,0,0,0,0,0,0,0,0,0,0,0,-4,4,-4,4,-3,4,-3,4,-3,4,-3,4,-3,4,-3,5,-2,5,-2,5,-2,6,-2,6,-2,6,-2,6,-2,6,-2,7,-2,7,-2,7,-1,7,-2,8,-2,8,-2,8,-3,8,-2,8,-3,8,-3,8,0,0,-3,7,-3,8,-3,8,-3,7,-4,7,-4,7,-4,6,-4,6,-4,5,-4,5,-4,5,-4,5,-4,4,-4,4,-4,4,-3,3,-4,3,-3,3,-3,3,-3,2,-2,2,-3,2,-2,2,-2,2,-2,2,-2,2,0,0,0,0,0,0,0,0,0,0,0,0,0,0,1,31,7,27,10,24,11,24,17,24,16,24,17,19,17,22,15,24,20,19,22,20,21,16,24,16,22,20,26,17,26,17,32,17,28,13,29,19,38,15,38,17,35,18,33,20,35,16,37,14,37,27,39,19,42,26,33,24,36,20,35,23,36,24,31,26,36,26,30,29,26,24,29,25,23,25,28,20,24,28,22,25,23,28,21,22,22,22,19,17,15,22,12,25,11,19,13,18,10,14,8,13,9,15,7,10,11,10,10,10,9,10,10,10,0,0,0,0,0,0,0,0,0,0,0,0,0,0,0,0,0,0,0,0,0,0,62,-34,65,-23,68,-23,74,-8,77,0,70,6,74,11,69,21,74,24,64,33,65,45,64,48,60,48,58,55,45,61,38,61,36,64,28,65,20,71,12,70,7,73,3,71,-6,71,-7,72,-16,70,-14,64,-29,63,-33,55,-35,55,-41,50,-41,43,-43,45,-46,39,-42,40,-46,35,-48,35,-47,30,-45,26,-48,22,-46,27,-44,20,-42,23,-50,14,-46,15,-40,17,-43,4,-48,10,-45,16,-42,10,-41,10,-43,5,-43,12,-45,6,-39,4,-40,7,-34,5,-37,4,0,0]"
CSI_DATA,266,2a:00:00:00:00:00,-54,11,1,0,1,1,1,0,0,0,1,-96,0,11,2,3774641,0,44,0,384,0,"[0,0,0,0,0,0,0,0,0,0,0,0,0,4,0,3,1,3,1,3,1,3,1,3,1,3,2,3,2,3,2,3,2,3,3,3,3,3,3,3,3,3,4,3,4,3,4,3,4,4,4,4,4,4,4,4,4,4,4,4,4,5,4,4,0,0,4,4,4,5,4,5,3,4,3,5,3,5,3,5,2,4,2,4,2,4,2,4,2,4,1,4,1,4,1,3,1,3,1,3,1,2,1,2,1,2,0,2,0,2,0,1,0,1,0,1,0,1,0,0,0,0,0,0,0,0,0,0,0,0,0,0,18,10,18,16,16,10,15,8,15,3,23,6,19,4,19,3,20,0,18,-1,20,-2,22,6,20,0,28,-1,27,-4,28,-4,27,-7,26,-5,23,-10,28,-7,24,-7,30,-7,25,-11,33,-4,29,-7,34,-6,37,-1,35,-5,29,-6,37,-6,31,-7,30,4,30,1,33,-6,31,-3,31,-2,26,-1,25,4,30,1,25,6,24,3,22,8,23,2,20,3,15,-1,23,4,20,9,20,6,12,4,5,7,9,6,11,6,15,2,9,1,8,2,7,4,7,1,0,0,0,0,0,0,0,0,0,0,0,0,0,0,0,0,0,0,0,0,0,0,58,-45,58,-33,72,-35,72,-24,84,-18,73,-10,78,-4,82,1,84,9,90,14,81,24,86,33,84,30,79,43,70,47,67,57,63,54,65,64,56,60,42,73,41,68,33,74,34,71,31,69,25,77,20,69,14,70,5,67,7,70,1,65,-6,72,-5,60,-8,58,-12,58,-17,61,-15,54,-17,52,-14,48,-19,47,-18,47,-21,44,-17,44,-19,42,-24,38,-21,37,-25,32,-23,31,-21,33,-25,29,-24,29,-24,26,-22,26,-24,30,-27,26,-24,24,-16,19,-19,18,0,0]"
CSI_DATA,267,2a:00:00:00:00:00,-54,11,1,0,1,1,1,0,0,0,1,-96,0,11,2,3804685,0,44,0,384,0,"[0,0,0,0,0,0,0,0,0,0,0,0,-2,-2,-2,-2,-2,-2,-2,-2,-2,-2,-2,-2,-3,-2,-3,-2,-3,-2,-3,-2,-3,-2,-3,-2,-4,-2,-4,-2,-4,-2,-4,-1,-5,-1,-5,-1,-5,-1,-5,-1,-5,-2,-6,-2,-6,-1,-6,-2,-6,-2,-6,-1,0,0,-7,-1,-7,-2,-7,-2,-7,-1,-7,-2,-7,-2,-7,-2,-7,-2,-7,-1,-6,-1,-7,-1,-6,-2,-6,-2,-6,-2,-6,-1,-6,-1,-6,-2,-6,-1,-6,-1,-5,-1,-5,-2,-5,-2,-4,-2,-4,-2,-4,-2,-4,-2,0,0,0,0,0,0,0,0,0,0,0,0,0,0,-5,-1,-4,0,-5,0,-5,2,-4,3,-3,2,-4,3,-5,3,-2,2,-2,4,-2,5,-4,5,-1,4,-6,5,-6,5,-3,5,-4,6,-4,4,-5,8,-5,7,-3,11,-2,10,-4,12,-4,12,-3,12,-4,11,-5,10,-3,12,-6,13,-5,12,-5,12,-6,15,-4,13,-3,14,-6,16,-6,16,-4,13,-5,13,-4,15,-6,11,-3,12,-5,10,-3,14,-4,14,-5,13,-3,11,-5,13,-3,14,-5,8,-3,9,-3,8,-3,10,-2,7,-2,9,-5,8,-6,5,-7,6,0,0,0,0,0,0,0,0,0,0,0,0,0,0,0,0,0,0,0,0,0,0,-11,-39,-8,-38,-7,-42,-4,-42,-1,-44,1,-40,0,-43,3,-44,3,-49,7,-48,11,-46,9,-48,8,-48,12,-47,12,-43,13,-44,13,-44,17,-45,14,-40,17,-41,16,-39,16,-40,18,-38,15,-37,15,-35,13,-37,13,-33,13,-28,14,-32,10,-26,13,-26,11,-24,10,-25,9,-22,10,-22,8,-24,4,-20,6,-20,3,-19,0,-19,3,-18,2,-20,2,-15,3,-16,2,-13,-3,-17,1,-15,0,-12,-3,-12,0,-12,-1,-10,0,-10,-4,-13,-4,-8,0,-11,0,-8,-2,-7,0,0]"
CSI_DATA,268,2a:00:00:00:00:00,-52,11,1,0,1,1,1,0,0,0,1,-96,0,11,2,3814897,0,44,0,384,0,"[0,0,0,0,0,0,0,0,0,0,0,0,-5,1,-5,1,-5,1,-6,1,-6,1,-5,1,-6,2,-6,2,-6,2,-6,2,-6,2,-6,2,-6,2,-6,2,-6,3,-6,3,-6,3,-6,3,-6,3,-6,3,-6,3,-6,3,-6,3,-6,3,-7,3,-6,3,0,0,-6,3,-6,3,-6,3,-6,3,-6,2,-6,2,-6,2,-6,2,-6,3,-6,2,-6,2,-5,1,-5,1,-5,1,-5,2,-5,1,-5,1,-5,1,-5,1,-4,1,-4,1,-4,0,-3,0,-3,0,-3,0,-3,0,0,0,0,0,0,0,0,0,0,0,0,0,0,0,-2,23,-6,26,-1,26,3,23,2,25,-1,31,2,27,7,29,4,23,5,25,2,25,4,24,3,26,10,26,4,28,10,28,16,30,6,28,10,26,15,27,15,34,9,31,13,29,9,32,11,26,7,35,6,31,13,33,10,28,12,30,9,33,9,34,6,30,7,29,10,27,9,30,12,29,8,28,5,31,6,24,-3,23,3,26,6,29,3,29,-2,29,-2,17,-4,20,2,22,1,17,-3,13,1,13,-4,11,-1,18,-3,13,-2,15,-6,12,4,9,0,0,0,0,0,0,0,0,0,0,0,0,0,0,0,0,0,0,0,0,0,0,-69,-32,-63,-36,-60,-43,-64,-51,-57,-53,-63,-57,-52,-60,-52,-67,-55,-71,-48,-70,-50,-75,-51,-75,-48,-79,-44,-80,-35,-82,-28,-79,-29,-87,-30,-79,-28,-82,-30,-78,-21,-79,-22,-82,-16,-75,-19,-77,-16,-74,-16,-68,-15,-67,-12,-68,-16,-61,-9,-59,-9,-54,-14,-56,-8,-49,-12,-47,-7,-49,-15,-46,-13,-38,-20,-39,-15,-35,-17,-31,-21,-36,-21,-27,-16,-33,-21,-27,-19,-27,-16,-18,-24,-22,-24,-21,-24,-22,-21,-22,-19,-21,-25,-15,-29,-13,-17,-19,-30,-10,-25,-8,-25,-8,0,0]"
CSI_DATA,269,2a:00:00:00:00:00,-49,11,1,0,1,1,1,0,0,0,1,-96,0,11,2,3824670,0,44,0,384,0,"[0,0,0,0,0,0,0,0,0,0,0,0,-8,-2,-8,-1,-8,-1,-8,-1,-8,-1,-8,-1,-9,-1,-9,-1,-9,0,-9,-1,-9,0,-9,0,-9,0,-10,0,-9,0,-10,1,-10,1,-10,0,-10,0,-10,0,-10,0,-10,0,-10,0,-10,0,-10,0,-9,0,0,0,-9,0,-9,-1,-9,-1,-9,0,-8,-1,-8,-1,-8,-1,-8,-2,-7,-1,-7,-1,-7,-1,-6,-2,-6,-2,-6,-2,-6,-2,-5,-2,-5,-2,-5,-2,-4,-2,-4,-2,-4,-2,-3,-2,-3,-1,-3,-1,-3,-1,-3,-1,0,0,0,0,0,0,0,0,0,0,0,0,0,0,-21,35,-15,31,-18,41,-14,38,-10,35,-15,38,-12,40,-15,47,-10,37,-12,41,-3,39,-7,42,-3,47,-7,40,-7,43,-8,46,-8,47,-8,46,-6,46,-7,43,-2,54,-3,44,2,50,-2,50,-6,48,1,48,-11,42,-6,50,-5,45,-9,47,-9,42,-8,47,-7,39,-6,44,-6,37,-8,39,-4,40,-6,38,-6,39,-12,35,-11,30,-9,28,-14,34,-10,29,-12,26,-7,19,-6,25,-10,21,-8,15,-10,20,-10,12,-8,16,-8,12,-10,14,-7,11,-7,11,-4,13,0,0,0,0,0,0,0,0,0,0,0,0,0,0,0,0,0,0,0,0,0,0,-54,14,-66,17,-60,7,-71,-8,-53,-3,-79,-19,-72,-18,-68,-21,-74,-33,-57,-32,-66,-43,-59,-46,-64,-50,-60,-58,-56,-63,-45,-54,-51,-63,-36,-59,-43,-65,-38,-67,-32,-62,-28,-68,-18,-57,-21,-67,-24,-73,-17,-63,-9,-62,-15,-64,-9,-58,-11,-64,-5,-54,-10,-55,-9,-47,-9,-50,-12,-47,-11,-43,-11,-41,-5,-48,-15,-41,-16,-38,-13,-43,-12,-37,-17,-39,-15,-36,-20,-31,-20,-36,-27,-33,-23,-29,-27,-30,-22,-28,-24,-31,-26,-28,-31,-31,-24,-23,-29,-23,-34,-24,-33,-24,0,0]"
CSI_DATA,270,2a:00:00:00:00:00,-49,11,1,0,1,1,1,0,0,0,1,-96,0,11,2,3864687,0,44,0,384,0,"[0,0,0,0,0,0,0,0,0,0,0,0,-5,8,-5,8,-5,9,-5,9,-4,9,-5,9,-4,8,-5,9,-5,9,-4,9,-5,10,-4,10,-4,10,-4,10,-5,10,-4,11,-4,10,-5,10,-4,10,-4,10,-5,10,-5,10,-6,10,-4,10,-5,9,-5,9,0,0,-5,9,-5,9,-5,8,-5,7,-5,7,-4,7,-5,7,-5,6,-5,6,-5,5,-5,5,-4,5,-4,5,-4,4,-4,3,-4,3,-3,3,-3,2,-3,2,-3,2,-3,2,-2,2,-2,2,-2,2,-1,2,-1,2,0,0,0,0,0,0,0,0,0,0,0,0,0,0,-34,28,-32,32,-37,36,-37,33,-40,36,-36,38,-41,40,-33,37,-35,47,-36,40,-40,42,-38,43,-41,48,-38,53,-38,49,-37,48,-37,46,-29,52,-38,49,-33,55,-41,51,-44,53,-34,44,-41,44,-35,51,-45,48,-42,42,-41,54,-37,44,-40,47,-43,48,-40,41,-36,43,-37,37,-39,36,-39,34,-37,36,-38,32,-42,26,-27,28,-36,24,-34,22,-30,27,-23,22,-27,24,-21,16,-22,14,-27,11,-17,13,-16,10,-15,10,-15,8,-17,10,-7,10,-10,6,-7,10,-8,10,0,0,0,0,0,0,0,0,0,0,0,0,0,0,0,0,0,0,0,0,0,0,-43,54,-47,41,-61,33,-59,23,-64,19,-60,13,-61,7,-64,2,-68,-8,-65,-8,-67,-18,-60,-22,-64,-26,-53,-29,-53,-38,-48,-44,-42,-47,-34,-52,-33,-49,-23,-54,-19,-47,-19,-55,-19,-56,-20,-45,-8,-59,-12,-51,-1,-49,-3,-49,0,-44,2,-42,2,-43,-1,-40,2,-36,3,-37,3,-39,6,-37,3,-31,-2,-36,-1,-35,-4,-36,-1,-31,-11,-29,-4,-31,-3,-34,-4,-34,-5,-28,-12,-36,-21,-34,-18,-39,-18,-36,-25,-32,-18,-32,-16,-36,-22,-37,-27,-38,-26,-40,-28,-43,0,0]"
CSI_DATA,271,2a:00:00:00:00:00,-50,11,1,0,1,1,1,0,0,0,1,-96,0,11,2,3884693,0,44,0,384,0,"[0,0,0,0,0,0,0,0,0,0,0,0,-7,0,-7,0,-7,0,-8,0,-8,0,-8,0,-8,0,-8,0,-9,0,-8,0,-9,0,-9,1,-9,1,-9,1,-9,1,-10,1,-10,1,-10,1,-10,1,-10,1,-10,0,-10,1,-10,0,-10,1,-10,0,-10,0,0,0,-10,0,-9,0,-9,0,-9,0,-8,-1,-8,-1,-8,-1,-7,-1,-7,-1,-7,-1,-7,-1,-6,-1,-5,-1,-5,-1,-5,-1,-5,-1,-4,-1,-4,-1,-4,-1,-3,-1,-3,-1,-2,0,-2,0,-2,0,-2,0,-2,0,0,0,0,0,0,0,0,0,0,0,0,0,0,0,-9,28,-13,29,-15,38,-13,31,-10,37,-9,42,-7,42,-7,46,-6,37,-5,45,-11,39,-7,43,-5,46,-6,46,-10,38,-7,50,-5,44,-5,46,-4,48,-3,47,-2,53,-3,52,-1,51,-7,52,-8,46,-5,53,-11,50,-4,49,-7,52,-7,50,-15,42,-8,45,-8,42,-8,49,-10,37,-14,37,-10,36,-9,39,-9,35,-9,32,-11,29,-9,27,-10,24,-10,27,-15,21,-6,21,-6,18,-4,22,-6,12,-7,12,-1,10,0,10,-4,15,-3,10,0,11,-1,10,5,1,0,0,0,0,0,0,0,0,0,0,0,0,0,0,0,0,0,0,0,0,0,0,-47,69,-63,66,-62,61,-79,51,-76,47,-78,38,-84,37,-86,30,-84,22,-86,17,-86,13,-88,6,-88,4,-91,-2,-82,-8,-71,-18,-74,-17,-67,-25,-65,-20,-63,-26,-59,-22,-60,-32,-52,-27,-46,-33,-41,-33,-42,-29,-34,-29,-37,-34,-32,-30,-32,-27,-26,-23,-26,-28,-25,-26,-25,-22,-21,-19,-23,-25,-18,-16,-19,-18,-21,-20,-20,-18,-25,-20,-23,-16,-22,-9,-23,-15,-18,-11,-28,-10,-29,-10,-28,-19,-24,-18,-28,-13,-23,-12,-27,-12,-27,-17,-25,-11,-26,-8,-31,-15,-30,-15,0,0]"
CSI_DATA,272,2a:00:00:00:00:00,-52,11,1,0,1,1,1,0,0,0,1,-96,0,11,2,3894685,0,44,0,384,0,"[0,0,0,0,0,0,0,0,0,0,0,0,4,2,4,2,4,2,5,3,5,2,5,2,6,2,6,2,6,2,6,2,7,2,7,2,7,2,8,1,8,2,8,1,9,2,8,2,9,2,9,2,9,2,9,2,9,2,10,2,10,3,9,2,0,0,9,3,9,3,9,3,8,3,8,3,7,4,7,4,7,3,6,3,6,3,6,3,5,3,4,3,4,3,4,2,4,2,3,2,3,2,3,1,2,1,2,1,1,0,1,0,1,0,2,0,2,0,0,0,0,0,0,0,0,0,0,0,0,0,0,0,11,-7,11,-7,7,-7,8,-9,7,-10,10,-11,9,-9,9,-15,10,-16,11,-12,7,-13,9,-14,10,-18,8,-13,8,-18,9,-19,11,-20,7,-20,10,-21,11,-19,11,-22,10,-22,8,-22,8,-25,11,-24,11,-23,11,-20,10,-22,14,-22,15,-22,12,-20,10,-22,10,-20,9,-24,9,-18,10,-18,9,-18,10,-15,12,-18,7,-14,12,-14,10,-14,8,-14,10,-13,7,-12,5,-7,7,-7,5,-11,5,-5,5,-7,2,-4,5,-6,2,-7,1,-6,1,-6,-1,-5,-1,-7,0,0,0,0,0,0,0,0,0,0,0,0,0,0,0,0,0,0,0,0,0,0,46,-11,48,-11,48,-7,52,1,48,3,48,8,46,9,45,12,47,15,44,17,39,21,40,22,41,23,38,26,34,26,29,27,28,26,24,27,26,28,18,26,17,23,20,25,15,24,11,23,9,22,9,18,9,19,7,16,6,15,6,16,3,14,2,11,4,9,5,11,5,9,2,11,1,7,1,8,1,8,1,6,2,5,2,8,2,6,3,7,3,6,5,4,6,6,1,5,3,9,4,7,1,8,1,9,1,10,1,8,3,8,3,9,5,10,0,0]"
CSI_DATA,273,2a:00:00:00:00:00,-51,11,1,0,1,1,1,0,0,0,1,-96,0,11,2,3904672,0,44,0,384,0,"[0,0,0,0,0,0,0,0,0,0,0,0,0,-6,0,-5,-1,-6,-1,-6,-1,-6,-1,-6,-2,-6,-2,-6,-2,-6,-3,-6,-3,-6,-4,-7,-4,-7,-4,-7,-4,-7,-5,-7,-5,-7,-6,-7,-6,-7,-6,-8,-6,-8,-6,-8,-6,-9,-7,-9,-7,-9,-6,-9,0,0,-6,-9,-6,-10,-6,-9,-5,-9,-5,-9,-5,-9,-4,-9,-4,-9,-4,-8,-4,-8,-4,-8,-3,-8,-2,-7,-2,-7,-2,-7,-2,-6,-1,-6,-2,-5,-2,-5,-1,-5,-1,-4,-1,-4,-1,-3,-1,-3,-1,-3,-1,-3,0,0,0,0,0,0,0,0,0,0,0,0,0,0,-13,-4,-12,-4,-15,-6,-14,-5,-13,-3,-12,-1,-12,0,-15,0,-16,0,-13,-1,-15,1,-13,3,-14,3,-14,4,-18,2,-16,5,-17,6,-18,7,-18,7,-19,9,-20,10,-15,10,-21,10,-22,11,-20,11,-23,11,-22,11,-21,13,-23,9,-25,13,-24,11,-24,11,-23,7,-25,9,-25,8,-25,8,-21,9,-20,6,-23,7,-23,3,-21,4,-21,3,-17,3,-19,3,-18,4,-15,-1,-15,0,-15,1,-11,-2,-11,0,-12,-1,-7,1,-8,2,-9,0,-6,0,-6,1,-6,0,0,0,0,0,0,0,0,0,0,0,0,0,0,0,0,0,0,0,0,0,0,0,-35,33,-42,31,-40,23,-49,23,-43,18,-51,16,-46,11,-50,7,-51,5,-45,0,-47,-3,-49,-8,-46,-6,-46,-12,-44,-13,-37,-15,-40,-19,-33,-16,-32,-18,-27,-18,-24,-19,-23,-19,-18,-17,-18,-17,-14,-19,-15,-18,-10,-17,-9,-15,-6,-13,-6,-13,-6,-12,-3,-15,-2,-11,-4,-10,1,-8,1,-10,2,-7,1,-12,2,-7,1,-8,3,-7,3,-7,4,-8,3,-7,7,-6,2,-7,3,-10,2,-8,5,-10,4,-6,5,-13,5,-10,5,-13,3,-10,6,-11,4,-13,3,-11,0,0]"
CSI_DATA,274,2a:00:00:00:00:00,-51,11,1,0,1,1,1,0,0,0,1,-96,0,11,2,3914683,0,44,0,384,0,"[0,0,0,0,0,0,0,0,0,0,0,0,-2,5,-1,5,-1,5,-1,5,0,5,0,5,0,5,1,5,1,5,1,5,2,5,2,5,2,5,3,5,3,5,4,5,4,5,5,5,5,5,5,6,5,6,6,6,6,6,6,7,6,7,6,7,0,0,7,7,6,8,6,8,6,7,5,8,5,7,5,7,5,7,5,7,4,7,4,7,3,7,2,6,2,6,2,6,2,5,2,5,2,5,2,4,1,4,1,4,0,3,0,3,0,2,0,2,0,2,0,0,0,0,0,0,0,0,0,0,0,0,0,0,8,12,11,8,9,9,11,6,10,5,7,4,9,7,12,5,10,3,9,1,10,3,14,2,12,3,17,0,14,0,16,-2,15,-3,16,-5,17,-4,16,-3,18,-7,19,-8,17,-5,18,-7,21,-8,21,-7,20,-8,20,-8,21,-8,22,-7,23,-6,24,-8,22,-5,22,-4,21,-4,22,-7,21,-5,24,-7,22,-5,21,-4,19,-1,19,-2,18,-1,18,-2,18,-1,16,0,14,1,14,-1,13,1,12,0,7,4,11,-1,9,0,8,1,9,2,5,1,4,1,0,0,0,0,0,0,0,0,0,0,0,0,0,0,0,0,0,0,0,0,0,0,39,-33,38,-30,43,-26,46,-22,47,-16,49,-15,47,-15,49,-5,51,-5,46,-4,50,3,48,2,48,5,42,9,43,11,38,12,34,12,35,19,32,15,28,17,25,18,20,18,19,17,16,15,16,19,14,15,9,18,11,11,7,10,5,12,2,11,4,7,5,6,-2,8,2,4,1,4,0,6,-5,7,-3,6,-5,3,-3,5,-2,5,-5,4,-6,5,-6,4,-2,6,-6,6,-6,7,-5,7,-7,9,-4,6,-10,7,-10,8,-8,8,-7,7,-9,9,-9,11,0,0]"
CSI_DATA,275,2a:00:00:00:00:00,-52,11,1,0,1,1,1,0,0,0,1,-96,0,11,2,3935615,0,44,0,384,0,"[0,0,0,0,0,0,0,0,0,0,0,0,2,-4,2,-4,2,-4,2,-4,2,-4,2,-4,2,-5,1,-5,2,-5,1,-6,1,-6,1,-6,1,-6,1,-7,1,-6,1,-7,1,-7,1,-8,1,-7,1,-8,2,-8,2,-8,2,-8,1,-9,2,-9,2,-9,0,0,2,-8,2,-9,2,-8,3,-8,2,-8,3,-8,3,-8,3,-7,3,-7,3,-7,3,-6,2,-6,2,-6,2,-6,2,-5,2,-4,2,-5,2,-4,2,-4,1,-3,1,-3,1,-4,1,-3,1,-3,0,-2,0,-2,0,0,0,0,0,0,0,0,0,0,0,0,0,0,-4,-8,-4,-6,-3,-8,-8,-5,-8,-8,-6,-8,-9,-9,-12,-10,-8,-8,-9,-11,-8,-9,-9,-7,-11,-11,-10,-8,-12,-10,-11,-11,-13,-10,-13,-10,-15,-10,-17,-10,-18,-11,-13,-12,-18,-12,-16,-13,-18,-14,-17,-14,-17,-13,-15,-12,-18,-14,-18,-13,-18,-15,-18,-15,-17,-13,-15,-13,-16,-16,-12,-17,-14,-15,-14,-14,-16,-19,-14,-13,-14,-12,-12,-14,-11,-12,-10,-11,-8,-11,-12,-12,-8,-9,-7,-10,-8,-9,-9,-8,-10,-10,-6,-8,-6,-8,-7,-7,-5,-4,-5,-6,-6,-4,0,0,0,0,0,0,0,0,0,0,0,0,0,0,0,0,0,0,0,0,0,0,-5,-49,-1,-48,6,-47,9,-49,11,-46,15,-45,19,-44,21,-44,24,-48,21,-42,25,-39,27,-40,29,-40,28,-37,30,-38,32,-32,30,-30,31,-28,28,-26,29,-24,27,-23,29,-21,29,-17,27,-17,26,-15,23,-14,25,-14,20,-13,21,-10,19,-8,15,-10,15,-9,14,-9,15,-9,15,-8,10,-8,10,-9,8,-8,9,-5,8,-8,7,-6,5,-10,8,-5,6,-6,6,-5,9,-5,8,-5,5,-8,6,-7,9,-5,7,-8,6,-5,7,-7,5,-8,7,-5,7,-5,6,-7,0,0]"
CSI_DATA,276,2a:00:00:00:00:00,-49,11,1,0,1,1,1,0,0,0,1,-96,0,11,2,3965025,0,44,0,384,0,"[0,0,0,0,0,0,0,0,0,0,0,0,-9,-3,-10,-2,-9,-3,-10,-3,-9,-3,-9,-2,-10,-2,-10,-2,-10,-2,-10,-2,-10,-2,-11,-1,-11,-2,-11,-2,-11,-3,-12,-1,-11,-1,-11,-1,-11,-1,-11,-2,-11,-2,-11,-2,-11,-2,-11,-2,-11,-2,-11,-2,0,0,-10,-2,-10,-3,-10,-3,-10,-2,-8,-3,-8,-3,-8,-3,-8,-3,-8,-3,-8,-3,-8,-3,-7,-3,-6,-3,-6,-2,-6,-2,-6,-2,-6,-2,-6,-2,-5,-2,-5,-2,-5,-2,-4,-1,-5,-1,-5,-1,-5,-2,-5,-2,0,0,0,0,0,0,0,0,0,0,0,0,0,0,-36,-20,-41,-22,-39,-15,-43,-13,-49,-17,-46,-17,-48,-10,-52,-20,-44,-9,-52,-12,-49,-18,-48,-13,-54,-13,-55,-8,-48,-9,-50,-8,-58,-12,-52,-2,-54,-9,-59,-4,-58,-2,-58,-6,-54,-9,-56,-10,-60,-11,-56,-7,-56,-9,-59,-10,-52,-9,-49,-13,-56,-13,-56,-15,-55,-9,-52,-11,-52,-12,-43,-18,-40,-17,-42,-11,-43,-12,-42,-18,-38,-15,-41,-12,-36,-14,-38,-7,-35,-12,-30,-13,-34,-13,-28,-6,-24,-4,-23,-8,-24,-11,-24,-7,-31,-11,-25,-8,-23,-8,-18,-7,-20,-9,0,0,0,0,0,0,0,0,0,0,0,0,0,0,0,0,0,0,0,0,0,0,-54,-9,-54,-15,-55,-20,-53,-32,-53,-35,-45,-38,-44,-44,-38,-54,-40,-57,-34,-59,-25,-62,-19,-64,-16,-71,-9,-68,-4,-67,3,-70,7,-70,12,-69,15,-63,20,-61,24,-59,26,-58,31,-56,32,-57,39,-51,36,-45,37,-41,41,-42,36,-38,40,-41,37,-39,37,-38,37,-31,38,-35,40,-30,40,-31,37,-30,36,-32,33,-28,36,-28,32,-29,33,-33,31,-34,30,-27,30,-25,37,-31,30,-34,27,-34,34,-28,27,-32,21,-34,27,-33,29,-39,25,-33,15,-39,21,-39,23,-38,0,0]"
CSI_DATA,277,2a:00:00:00:00:00,-48,11,1,0,1,1,1,0,0,0,1,-96,0,11,2,3984692,0,44,0,384,0,"[0,0,0,0,0,0,0,0,0,0,0,0,-5,-10,-5,-10,-6,-10,-6,-10,-6,-10,-6,-9,-7,-9,-7,-9,-7,-9,-8,-9,-8,-9,-8,-9,-8,-9,-9,-9,-9,-9,-10,-9,-10,-9,-9,-10,-10,-10,-10,-10,-9,-10,-9,-11,-9,-11,-9,-11,-9,-11,-9,-11,0,0,-8,-11,-8,-11,-7,-11,-7,-11,-6,-10,-6,-10,-6,-10,-5,-10,-5,-9,-5,-9,-4,-9,-4,-8,-4,-8,-4,-8,-4,-7,-4,-7,-3,-7,-3,-6,-3,-6,-3,-6,-3,-6,-3,-5,-3,-5,-3,-5,-3,-5,-2,-5,0,0,0,0,0,0,0,0,0,0,0,0,0,0,-60,1,-53,1,-56,4,-52,4,-56,6,-52,8,-57,11,-58,15,-60,11,-53,8,-59,18,-58,10,-51,16,-57,17,-54,15,-55,21,-63,18,-57,27,-58,25,-62,26,-66,29,-61,24,-61,29,-64,27,-61,24,-58,32,-66,17,-66,26,-71,20,-63,20,-64,19,-61,13,-62,17,-59,14,-59,11,-56,8,-54,6,-56,3,-50,9,-51,3,-46,3,-45,5,-46,0,-42,0,-39,1,-36,2,-36,1,-34,3,-27,0,-33,-2,-28,-2,-23,-2,-26,-1,-32,4,-26,3,-26,0,-27,2,0,0,0,0,0,0,0,0,0,0,0,0,0,0,0,0,0,0,0,0,0,0,24,30,16,40,11,45,9,45,-1,46,-4,39,-11,40,-16,44,-19,40,-27,35,-35,28,-38,21,-41,19,-38,8,-42,5,-39,2,-43,-2,-43,-23,-38,-16,-44,-18,-33,-30,-32,-32,-33,-38,-27,-45,-21,-47,-21,-41,-14,-44,-9,-49,-13,-48,-11,-45,-11,-52,-6,-49,-2,-45,0,-54,1,-53,7,-52,8,-57,6,-48,6,-47,6,-50,4,-54,2,-54,5,-55,6,-53,1,-50,-2,-49,3,-55,4,-55,2,-57,4,-60,-3,-52,-6,-57,5,-62,2,-60,-4,-60,2,-60,-1,-59,0,0]"
CSI_DATA,278,2a:00:00:00:00:00,-50,11,1,0,1,1,1,0,0,0,1,-96,0,11,2,3995555,0,44,0,384,0,"[0,0,0,0,0,0,0,0,0,0,0,0,7,6,7,5,7,5,7,5,7,5,8,4,8,4,8,4,8,4,8,3,9,3,10,3,10,3,10,3,10,3,11,2,11,2,11,3,12,3,12,3,12,3,12,4,12,4,12,4,12,4,12,4,0,0,12,5,11,5,11,6,10,5,10,6,9,6,9,6,8,5,8,6,7,6,7,5,6,5,6,5,6,4,5,5,5,4,5,3,4,3,4,3,4,3,4,3,4,2,4,2,4,2,4,2,4,3,0,0,0,0,0,0,0,0,0,0,0,0,0,0,52,-25,46,-16,48,-26,42,-22,42,-21,45,-28,40,-22,44,-26,40,-28,41,-28,30,-29,34,-34,30,-39,31,-37,37,-35,35,-44,34,-45,27,-53,38,-48,37,-52,39,-52,33,-51,32,-53,36,-51,42,-48,40,-50,45,-54,41,-58,43,-55,48,-55,44,-50,49,-54,42,-46,43,-50,44,-44,45,-38,42,-38,45,-31,48,-33,47,-31,38,-25,38,-33,38,-28,36,-23,35,-20,23,-19,32,-26,24,-18,28,-26,20,-16,21,-16,27,-22,24,-20,16,-10,18,-17,20,-22,22,-14,0,0,0,0,0,0,0,0,0,0,0,0,0,0,0,0,0,0,0,0,0,0,-71,-11,-74,-25,-69,-26,-64,-41,-59,-46,-51,-52,-40,-54,-41,-55,-33,-62,-30,-58,-20,-64,-13,-61,-12,-55,-6,-54,3,-53,5,-49,19,-47,22,-36,15,-38,27,-32,23,-20,30,-20,28,-17,30,-13,34,-7,30,5,28,10,23,7,28,14,30,8,24,16,26,28,24,23,21,25,19,28,19,36,20,35,20,29,18,41,6,37,13,39,17,40,13,41,19,42,12,47,5,32,14,40,17,49,21,45,16,46,18,43,23,49,17,47,11,47,20,46,13,51,16,46,0,0]"
CSI_DATA,279,2a:00:00:00:00:00,-52,11,1,0,1,1,1,0,0,0,1,-96,0,11,2,4005956,0,44,0,384,0,"[0,0,0,0,0,0,0,0,0,0,0,0,2,-8,1,-7,0,-8,0,-7,0,-7,0,-7,-1,-7,-1,-6,-2,-6,-3,-7,-3,-7,-4,-7,-5,-7,-5,-7,-5,-7,-6,-7,-7,-7,-7,-8,-7,-8,-7,-8,-7,-9,-8,-9,-7,-10,-8,-10,-7,-10,-7,-10,0,0,-7,-11,-7,-11,-6,-11,-6,-11,-5,-10,-5,-11,-5,-10,-4,-10,-4,-10,-4,-10,-3,-10,-3,-9,-3,-8,-3,-8,-2,-8,-2,-8,-3,-7,-2,-7,-2,-7,-2,-6,-2,-7,-3,-6,-3,-6,-3,-6,-2,-6,-2,-6,0,0,0,0,0,0,0,0,0,0,0,0,0,0,-17,-9,-21,-11,-20,-7,-16,-9,-17,-6,-16,-5,-18,-2,-15,-4,-16,0,-16,-1,-13,1,-16,0,-16,5,-16,4,-16,5,-11,9,-15,6,-14,12,-14,14,-16,13,-17,17,-20,14,-17,16,-21,14,-21,16,-21,15,-19,17,-21,16,-23,15,-24,18,-24,16,-27,16,-25,10,-20,15,-24,11,-27,10,-26,12,-24,8,-25,8,-25,5,-21,8,-21,4,-20,3,-20,6,-22,7,-18,6,-18,4,-16,3,-17,6,-15,4,-13,3,-15,3,-15,2,-13,0,-13,4,-11,3,-16,2,0,0,0,0,0,0,0,0,0,0,0,0,0,0,0,0,0,0,0,0,0,0,45,-18,44,-14,50,-6,50,-1,46,0,45,6,42,7,44,12,43,17,41,18,37,19,31,20,31,23,28,24,24,27,18,20,19,26,15,22,11,22,10,18,7,16,6,14,5,16,5,8,2,7,1,9,3,-1,-1,0,-2,1,3,-5,-5,-5,2,-9,2,-10,2,-12,4,-14,3,-13,3,-16,3,-20,5,-21,4,-20,10,-19,4,-19,7,-20,8,-22,7,-21,13,-21,11,-19,5,-20,10,-23,9,-23,8,-21,8,-22,12,-25,9,-20,11,-22,11,-22,11,-23,0,0]"
CSI_DATA,280,2a:00:00:00:00:00,-50,11,1,0,1,1,1,0,0,0,1,-96,0,11,2,4025237,0,44,0,384,0,"[0,0,0,0,0,0,0,0,0,0,0,0,-8,-9,-8,-3,-7,-5,-8,-2,-6,-1,-7,-3,-7,-4,-5,-5,-7,-2,-6,-3,-7,-2,-7,-1,-7,-1,-6,0,-8,-1,-8,1,-8,2,-8,1,-9,1,-9,1,-9,1,-10,1,-10,1,-10,2,-11,1,-11,1,0,0,-11,1,-11,0,-12,0,-11,0,-12,-1,-11,-1,-11,-1,-11,-1,-11,-2,-10,-2,-11,-2,-10,-3,-10,-3,-10,-3,-9,-3,-9,-4,-8,-4,-8,-4,-8,-4,-7,-4,-7,-4,-7,-5,-6,-4,-6,-5,-6,-4,-6,-5,0,0,0,0,0,0,0,0,0,0,0,0,0,0,-66,33,-44,18,-34,-10,-61,23,-48,23,-30,-3,-43,14,-31,-11,-43,11,-23,27,-45,35,-18,25,-18,25,-31,32,-24,23,-18,27,-22,35,-23,35,-11,37,-14,36,-14,42,-19,36,-13,48,-11,41,-15,45,-19,51,-20,51,-19,45,-20,52,-19,50,-17,51,-22,59,-22,46,-25,55,-26,51,-24,55,-24,48,-31,48,-28,43,-28,48,-32,45,-35,43,-31,41,-27,43,-37,41,-35,33,-31,35,-30,34,-37,32,-33,29,-32,23,-34,26,-24,23,-30,20,-30,16,-27,20,-32,13,0,0,0,0,0,0,0,0,0,0,0,0,0,0,0,0,0,0,0,0,0,0,17,-77,30,-80,36,-69,44,-78,47,-61,47,-60,56,-55,56,-45,62,-48,55,-41,62,-30,59,-26,59,-21,62,-19,60,-18,51,-13,48,-12,39,-14,42,-7,40,-17,37,-8,30,-11,19,-7,17,-5,15,-9,15,-14,2,-21,7,-15,2,-17,-6,-25,-4,-22,-7,-28,-11,-22,-7,-31,-6,-38,-15,-38,-12,-33,-15,-45,-16,-38,-13,-52,-13,-53,-18,-45,-17,-47,-18,-48,-1,-54,-9,-52,-16,-75,-2,-57,-9,-54,-6,-73,-10,-58,-13,-41,-7,-74,-16,-72,-15,-80,-26,-61,-29,-37,0,0]"
CSI_DATA,281,2a:00:00:00:00:00,-49,11,1,0,1,1,1,0,0,0,1,-96,0,11,2,4034764,0,44,0,384,0,"[0,0,0,0,0,0,0,0,0,0,0,0,0,9,1,9,1,9,1,9,1,8,1,8,1,7,2,7,2,7,3,7,3,7,3,6,4,6,4,6,4,6,5,5,6,5,6,5,7,5,7,6,7,6,7,6,7,6,8,6,8,7,8,7,0,0,8,7,8,7,8,8,7,8,7,8,7,8,6,8,6,8,6,8,5,8,5,9,5,8,5,8,4,8,3,8,3,8,3,8,2,7,2,7,2,7,1,7,1,7,1,7,1,6,0,6,0,6,0,0,0,0,0,0,0,0,0,0,0,0,0,0,53,27,50,17,53,20,55,27,56,22,46,18,43,17,44,12,39,3,42,7,44,6,36,5,41,1,33,-3,37,4,36,-1,42,-11,42,-15,39,-12,43,-16,44,-17,39,-18,41,-28,45,-21,46,-21,49,-22,46,-19,45,-27,48,-22,51,-26,50,-28,50,-22,50,-25,49,-24,50,-24,51,-15,53,-19,57,-16,48,-20,54,-15,50,-6,56,-12,51,-4,50,-11,50,-1,43,-4,45,-3,46,-1,40,0,42,2,41,2,36,5,33,3,28,2,30,8,33,7,30,12,0,0,0,0,0,0,0,0,0,0,0,0,0,0,0,0,0,0,0,0,0,0,-48,65,-53,57,-66,53,-70,48,-70,37,-73,31,-74,27,-73,20,-75,15,-69,13,-77,5,-63,0,-75,-4,-64,-6,-57,-11,-51,-7,-48,-6,-49,-14,-41,-10,-40,-16,-34,-16,-32,-12,-28,-9,-21,-11,-23,-5,-16,3,-22,7,-18,8,-16,16,-8,15,-11,15,-8,21,-13,29,-9,26,-7,26,-11,33,-17,37,-14,40,-8,48,-10,46,-16,51,-16,54,-13,51,-12,50,-12,49,-14,64,-15,56,-21,54,-9,60,-14,55,-23,64,-28,72,-14,62,-7,65,-16,68,-18,64,-23,58,0,0]"
CSI_DATA,282,2a:00:00:00:00:00,-50,11,1,0,1,1,1,0,0,0,1,-96,0,11,2,4044800,0,44,0,384,0,"[0,0,0,0,0,0,0,0,0,0,0,0,-3,-11,-3,-10,-3,-10,-2,-10,-3,-9,-3,-9,-3,-8,-3,-8,-3,-8,-3,-8,-3,-7,-4,-7,-4,-7,-4,-6,-5,-6,-6,-6,-6,-5,-6,-6,-7,-5,-7,-6,-7,-6,-7,-6,-7,-6,-8,-6,-8,-7,-8,-7,0,0,-8,-7,-8,-7,-8,-7,-7,-8,-7,-8,-7,-8,-7,-8,-6,-8,-6,-8,-6,-8,-5,-8,-5,-8,-5,-8,-4,-8,-4,-7,-4,-7,-4,-8,-3,-6,-3,-6,-3,-6,-3,-6,-2,-7,-2,-7,-2,-6,-2,-6,-1,-6,0,0,0,0,0,0,0,0,0,0,0,0,0,0,-64,-5,-54,-4,-64,-9,-58,-1,-52,-9,-59,-10,-49,-6,-51,-3,-43,-5,-51,-4,-46,-4,-38,-4,-40,2,-34,4,-39,2,-36,6,-34,8,-32,12,-36,8,-29,16,-32,18,-36,17,-33,24,-35,27,-42,23,-37,17,-38,21,-40,29,-40,23,-43,24,-42,21,-47,22,-41,18,-46,26,-39,16,-44,15,-50,12,-44,15,-42,16,-43,10,-40,9,-43,13,-41,7,-40,7,-43,10,-40,3,-41,2,-32,3,-37,2,-32,4,-33,-1,-37,-10,-30,-2,-30,-3,-29,-3,-27,-6,-24,-3,0,0,0,0,0,0,0,0,0,0,0,0,0,0,0,0,0,0,0,0,0,0,-22,-78,-12,-87,-3,-81,6,-94,15,-78,27,-86,32,-84,36,-78,39,-69,42,-60,49,-64,53,-61,51,-56,50,-53,50,-43,45,-36,49,-40,50,-35,47,-37,41,-25,42,-27,32,-18,39,-18,32,-22,25,-16,24,-22,17,-20,16,-22,11,-17,6,-29,7,-23,6,-26,10,-31,4,-37,-2,-31,1,-41,-3,-32,-8,-45,-4,-47,-7,-46,-1,-51,-8,-47,-3,-52,-8,-52,-4,-56,-3,-55,-9,-53,-7,-55,-9,-61,2,-56,-7,-63,-7,-65,-2,-64,-5,-58,-9,-70,-1,-69,-1,-67,0,0]"
CSI_DATA,283,2a:00:00:00:00:00,-51,11,1,0,1,1,1,0,0,0,1,-96,0,11,2,4054657,0,44,0,384,0,"[0,0,0,0,0,0,0,0,0,0,0,0,-10,-4,-9,-3,-8,-3,-8,-3,-8,-3,-8,-2,-8,-2,-7,-1,-7,-1,-7,-1,-7,0,-7,0,-7,1,-6,1,-7,2,-7,3,-7,3,-7,3,-7,3,-7,4,-7,4,-8,4,-8,4,-8,5,-9,4,-9,5,0,0,-9,5,-9,4,-10,4,-9,4,-9,3,-10,3,-9,3,-9,3,-9,3,-9,3,-9,2,-9,1,-9,1,-9,1,-8,1,-8,1,-8,1,-8,1,-7,1,-7,0,-7,0,-7,0,-6,-1,-6,-1,-7,-1,-6,-1,0,0,0,0,0,0,0,0,0,0,0,0,0,0,-34,37,-42,33,-37,36,-32,28,-36,28,-33,27,-26,31,-26,25,-25,31,-24,24,-21,28,-21,22,-16,28,-17,30,-14,20,-13,21,-7,24,-9,30,-4,30,-3,28,2,33,-3,37,5,38,6,37,1,37,3,36,1,40,3,41,0,41,3,48,-2,37,1,49,-4,42,-7,50,-7,43,-6,46,-2,44,-5,43,-3,41,-6,43,-9,43,-14,38,-12,42,-9,37,-10,38,-15,28,-14,34,-12,28,-14,26,-16,28,-14,27,-17,24,-15,28,-18,24,-18,23,-13,20,-13,18,0,0,0,0,0,0,0,0,0,0,0,0,0,0,0,0,0,0,0,0,0,0,-77,-39,-75,-45,-67,-54,-66,-62,-58,-66,-54,-75,-48,-74,-44,-78,-34,-86,-31,-78,-17,-83,-17,-78,-10,-79,-8,-78,0,-81,0,-68,1,-73,7,-66,2,-60,8,-56,7,-57,12,-51,13,-49,7,-43,6,-38,7,-32,4,-35,3,-33,-4,-28,1,-30,-4,-28,-10,-34,-13,-29,-14,-25,-21,-27,-16,-23,-21,-20,-26,-24,-24,-27,-32,-25,-31,-29,-36,-26,-31,-30,-35,-25,-34,-26,-41,-28,-42,-27,-36,-30,-38,-28,-38,-26,-44,-24,-52,-20,-34,-50,-41,-27,-42,-23,-42,-27,-49,-38,0,0]"
CSI_DATA,284,2a:00:00:00:00:00,-51,11,1,0,1,1,1,0,0,0,1,-96,0,11,2,4064687,0,44,0,384,0,"[0,0,0,0,0,0,0,0,0,0,0,0,5,-4,5,-4,4,-4,4,-4,4,-4,3,-4,3,-4,3,-5,2,-5,2,-5,2,-6,1,-6,1,-6,0,-6,0,-7,-1,-8,-1,-8,-1,-8,-1,-9,-1,-9,-1,-9,-1,-10,-1,-10,-1,-10,-1,-11,-1,-11,0,0,-1,-11,0,-11,0,-11,0,-11,0,-11,0,-11,1,-11,1,-11,1,-11,1,-11,1,-11,2,-10,2,-9,2,-9,2,-9,2,-9,2,-8,2,-9,2,-8,2,-8,2,-8,2,-7,2,-7,2,-6,3,-6,3,-7,0,0,0,0,0,0,0,0,0,0,0,0,0,0,-2,-18,-3,-17,-6,-20,-1,-17,-4,-13,-5,-14,-7,-16,-5,-13,-8,-12,-7,-11,-10,-14,-8,-10,-10,-10,-10,-9,-11,-6,-12,-9,-15,-7,-14,-7,-16,-3,-19,-7,-18,-4,-15,-7,-21,-6,-22,-3,-20,-6,-21,-7,-22,-6,-22,-7,-26,-7,-24,-5,-24,-8,-23,-5,-23,-8,-27,-8,-25,-8,-25,-10,-26,-10,-25,-10,-23,-10,-24,-8,-25,-11,-21,-11,-21,-13,-21,-11,-21,-10,-16,-13,-17,-12,-19,-14,-15,-12,-14,-12,-17,-10,-15,-10,-15,-13,-10,-9,-16,-10,-10,-12,-12,-10,0,0,0,0,0,0,0,0,0,0,0,0,0,0,0,0,0,0,0,0,0,0,37,34,33,33,28,41,25,43,22,47,17,46,16,46,12,48,8,48,5,47,0,49,-4,47,-3,48,-6,45,-9,41,-14,39,-14,39,-14,34,-12,35,-16,34,-15,25,-18,21,-14,23,-13,23,-10,16,-11,15,-7,15,-7,14,-9,12,-2,9,-4,8,-1,9,-1,10,-3,2,7,5,4,4,1,4,9,3,9,2,11,3,8,3,11,4,13,3,13,-2,12,3,14,5,11,1,15,2,11,-8,21,3,13,4,15,-7,11,0,16,-4,18,-3,19,-3,16,-3,0,0]"
CSI_DATA,285,2a:00:00:00:00:00,-52,11,1,0,1,1,1,0,0,0,1,-96,0,11,2,4074657,0,44,0,384,0,"[0,0,0,0,0,0,0,0,0,0,0,0,-5,0,-4,1,-4,1,-4,1,-3,1,-3,2,-3,2,-2,2,-2,3,-2,3,-2,3,-1,4,-1,4,-1,4,0,5,0,5,0,6,0,6,0,6,0,7,0,7,0,7,-1,7,0,8,-1,8,0,8,0,0,-1,8,-1,8,-1,8,-1,8,-1,8,-1,8,-1,8,-1,8,-1,8,-1,8,-1,8,-2,7,-2,7,-2,7,-2,7,-2,7,-2,6,-2,7,-2,7,-2,6,-2,6,-2,5,-2,5,-2,5,-3,5,-3,5,0,0,0,0,0,0,0,0,0,0,0,0,0,0,-3,10,-7,12,-6,12,-5,9,-3,10,1,9,-1,8,-2,7,2,9,-1,8,0,7,3,8,5,7,6,6,5,5,7,5,9,5,9,6,12,7,15,5,14,5,13,7,16,6,19,7,15,8,17,6,18,7,20,8,19,6,21,8,17,10,18,13,17,9,17,9,19,10,16,10,18,13,20,10,16,12,17,12,15,12,13,12,16,13,16,13,15,13,13,9,15,12,13,12,11,11,13,11,11,10,9,10,12,11,10,11,11,14,9,10,5,11,0,0,0,0,0,0,0,0,0,0,0,0,0,0,0,0,0,0,0,0,0,0,2,-50,6,-49,12,-47,19,-48,18,-46,25,-44,28,-43,29,-42,35,-40,31,-36,39,-32,37,-30,37,-27,42,-24,39,-20,38,-15,36,-15,36,-11,34,-10,32,-3,29,-5,28,-1,29,-1,26,-4,24,1,14,-6,20,6,20,7,11,-3,9,1,9,3,8,1,2,2,3,-1,4,-1,3,-1,-4,-4,-1,-2,-3,-1,-4,-2,-4,-2,-5,-4,-4,-3,-5,-5,-8,-6,-7,-8,-7,-8,-11,-1,-11,-8,-9,-5,-14,1,-6,0,-18,-11,-11,-5,-14,-2,-14,-5,-13,-4,0,0]"
CSI_DATA,286,2a:00:00:00:00:00,-56,11,1,0,1,1,1,0,0,0,1,-96,0,11,2,4085030,0,44,0,384,0,"[0,0,0,0,0,0,0,0,0,0,0,0,2,3,2,2,2,2,1,2,1,1,1,1,1,0,0,0,0,-1,0,-1,0,-2,0,-2,0,-3,-1,-3,-1,-3,-1,-4,-1,-5,-1,-5,-1,-5,0,-6,0,-6,0,-6,0,-6,0,-6,0,-7,0,-7,0,0,0,-7,0,-7,0,-7,-1,-7,0,-7,0,-7,0,-7,0,-7,-1,-7,-1,-7,-1,-7,0,-7,0,-7,0,-7,0,-7,-1,-7,0,-7,-1,-7,-1,-7,-1,-6,0,-7,0,-6,0,-6,0,-6,0,-7,0,-6,0,0,0,0,0,0,0,0,0,0,0,0,0,0,16,-8,15,-4,12,-6,14,-5,13,-4,11,-6,7,-5,7,-3,4,-5,3,-4,2,-1,-1,0,3,1,-1,0,-3,-1,-3,-4,-8,2,-8,-3,-10,-4,-11,0,-11,-1,-15,-2,-14,1,-11,-1,-15,-3,-14,-3,-13,-1,-15,1,-19,-2,-17,-7,-19,-4,-20,-5,-17,1,-19,0,-20,-2,-16,-2,-18,-4,-18,1,-17,2,-19,-1,-17,-3,-18,-1,-19,-1,-19,-2,-21,-1,-15,-2,-13,-4,-15,1,-15,1,-20,-1,-16,-1,-18,-3,-17,0,-16,-1,-18,-1,-17,-4,-16,-3,0,0,0,0,0,0,0,0,0,0,0,0,0,0,0,0,0,0,0,0,0,0,-48,23,-53,17,-54,12,-53,9,-54,8,-53,2,-55,-5,-54,-5,-53,-8,-51,-12,-48,-15,-53,-12,-52,-18,-47,-20,-48,-20,-40,-20,-37,-20,-36,-21,-36,-24,-31,-23,-30,-19,-26,-19,-23,-21,-19,-17,-16,-20,-15,-11,-16,-14,-15,-12,-15,-9,-11,-15,-8,-3,-4,-5,-7,-1,-5,-3,-2,-4,-5,1,-2,4,-1,1,-4,4,0,8,-3,8,1,9,2,8,1,11,3,8,3,15,2,13,4,8,5,12,5,12,7,12,7,11,7,13,9,15,7,12,5,16,6,12,0,0]"
CSI_DATA,287,2a:00:00:00:00:00,-56,11,1,0,1,1,1,0,0,0,1,-96,0,11,2,4094669,0,44,0,384,0,"[0,0,0,0,0,0,0,0,0,0,0,0,-5,-2,-4,-2,-4,-2,-3,-2,-3,-2,-2,-2,-2,-2,-1,-1,-1,-1,0,-1,1,-1,1,-1,2,-1,2,-1,3,-1,4,-1,4,-1,4,0,5,0,5,0,5,0,6,0,6,0,6,0,6,0,6,0,0,0,7,-1,6,-1,7,-1,7,-1,6,-1,7,-2,7,-1,7,-2,7,-2,7,-2,7,-2,7,-2,7,-2,7,-2,7,-2,7,-3,6,-3,7,-3,7,-3,7,-3,7,-3,6,-3,6,-3,6,-3,7,-2,7,-2,0,0,0,0,0,0,0,0,0,0,0,0,0,0,-9,13,-10,8,-7,10,-6,8,-6,6,-6,9,-6,7,-5,4,-3,3,-4,1,-5,3,-2,-1,-2,-2,-4,-3,-2,-3,-1,-4,-1,-4,1,-10,-1,-6,-3,-10,-1,-9,0,-11,1,-12,-1,-13,4,-11,3,-17,1,-11,3,-14,2,-14,0,-15,3,-16,1,-13,2,-13,1,-13,1,-12,2,-17,1,-17,-2,-19,0,-17,-1,-14,0,-16,-2,-20,-2,-18,0,-19,0,-18,-2,-14,-3,-16,-1,-16,-1,-15,1,-13,-1,-13,-4,-14,0,-19,-1,-17,-1,-16,-1,-16,0,-15,0,0,0,0,0,0,0,0,0,0,0,0,0,0,0,0,0,0,0,0,0,0,49,-22,52,-14,46,-12,56,-11,50,-8,53,-6,52,0,49,4,51,1,48,3,49,10,48,7,49,7,47,9,44,13,41,5,43,8,35,8,38,11,32,16,33,11,29,15,26,9,26,15,21,10,20,5,20,4,17,5,13,6,13,1,12,3,8,1,7,3,6,0,6,0,3,-3,3,-7,0,-6,1,-7,2,-6,-3,-9,0,-5,-3,-6,-5,-11,-6,-9,-4,-6,-8,-10,-7,-6,-9,-5,-5,-10,-6,-5,-3,-7,-15,-6,-9,-7,-12,-8,-13,-8,-10,-3,0,0]"
CSI_DATA,288,2a:00:00:00:00:00,-54,11,1,0,1,1,1,0,0,0,1,-96,0,11,2,4106500,0,44,0,384,0,"[0,0,0,0,0,0,0,0,0,0,0,0,-1,1,-1,1,-1,1,0,1,0,1,0,1,1,1,1,1,2,1,2,1,3,1,3,1,4,2,4,2,4,2,5,2,5,2,6,3,5,3,6,3,6,3,6,3,6,4,6,3,6,4,7,3,0,0,7,3,7,4,6,3,7,3,6,3,7,3,7,3,7,3,7,3,7,3,7,3,6,3,6,3,6,3,7,3,6,3,6,3,6,3,6,3,6,3,6,3,5,3,6,3,5,3,5,4,5,4,0,0,0,0,0,0,0,0,0,0,0,0,0,0,1,4,0,6,3,2,1,2,-2,2,1,2,2,-1,0,-1,4,-2,2,-2,4,-6,1,-6,2,-5,7,-4,5,-4,5,-12,6,-9,7,-7,8,-12,9,-13,13,-18,10,-13,9,-14,13,-13,13,-12,15,-13,13,-13,14,-16,12,-14,13,-13,15,-14,13,-13,11,-14,13,-17,14,-14,18,-18,14,-16,15,-17,13,-16,12,-15,13,-16,10,-16,14,-17,11,-18,15,-18,12,-13,13,-15,12,-17,12,-13,9,-12,13,-14,10,-11,12,-11,13,-14,13,-13,11,-10,11,-13,0,0,0,0,0,0,0,0,0,0,0,0,0,0,0,0,0,0,0,0,0,0,16,-46,18,-49,24,-43,28,-45,31,-39,33,-38,36,-36,38,-32,41,-32,40,-31,42,-28,44,-26,45,-24,41,-24,40,-16,38,-16,40,-12,37,-11,38,-14,36,-10,38,-7,29,-7,31,-4,30,2,28,-1,22,-2,24,-4,17,-2,20,-1,18,3,14,1,12,1,11,0,8,1,8,0,4,-1,4,-2,8,-2,6,-3,3,-4,1,-4,1,-3,3,-2,1,-3,0,-3,1,-6,-1,-3,0,-3,-2,-3,-6,2,-4,2,-4,-2,-6,-1,-5,0,-3,1,-4,0,-6,3,0,0]"
CSI_DATA,289,2a:00:00:00:00:00,-53,11,1,0,1,1,1,0,0,0,1,-96,0,11,2,4114631,0,44,0,384,0,"[0,0,0,0,0,0,0,0,0,0,0,0,-2,2,-1,3,-1,3,-1,3,-1,3,-1,3,0,4,0,3,0,4,0,4,1,5,1,5,1,5,1,5,1,6,2,6,2,6,2,6,2,7,2,7,1,8,2,8,1,8,1,8,1,9,2,9,0,0,1,9,2,9,1,9,3,9,1,8,2,11,0,9,0,9,2,9,1,9,1,7,-1,6,1,6,-1,7,-1,9,0,7,-2,8,-1,7,0,7,0,8,-1,8,-1,6,-1,6,-2,5,-2,6,-1,5,0,0,0,0,0,0,0,0,0,0,0,0,0,0,4,6,3,3,7,4,8,6,7,3,4,4,3,5,6,4,6,6,9,0,7,4,10,1,12,2,13,0,13,4,14,1,18,1,16,4,16,4,19,1,21,2,18,3,21,-1,20,3,17,2,21,3,21,-1,22,2,21,6,20,0,29,8,26,5,21,3,19,5,23,1,18,6,24,-1,16,7,21,2,20,9,25,8,19,8,16,12,24,4,22,7,15,9,18,10,20,7,23,4,15,8,13,5,14,5,14,10,10,7,12,1,11,5,14,9,0,0,0,0,0,0,0,0,0,0,0,0,0,0,0,0,0,0,0,0,0,0,20,-42,25,-38,26,-38,33,-34,37,-30,35,-29,38,-25,38,-22,42,-21,40,-18,44,-16,43,-12,44,-11,44,-9,42,-4,37,-2,41,0,41,2,36,4,30,5,32,5,29,10,29,6,24,9,22,7,23,8,21,11,16,8,14,10,12,7,11,7,7,6,9,4,4,8,6,6,2,5,2,6,2,4,6,0,2,1,0,0,3,5,4,1,3,-2,-3,0,1,5,0,0,-1,1,0,1,-2,2,-1,4,-6,3,-13,9,-8,3,-5,6,-5,2,-4,2,0,0]"
CSI_DATA,290,2a:00:00:00:00:00,-51,11,1,0,1,1,1,0,0,0,1,-96,0,11,2,4124659,0,44,0,384,0,"[0,0,0,0,0,0,0,0,0,0,0,0,-1,-5,-1,-5,-1,-5,-1,-5,-2,-5,-2,-5,-2,-5,-3,-5,-3,-5,-4,-5,-4,-5,-5,-6,-5,-6,-5,-6,-6,-6,-7,-6,-6,-6,-7,-7,-7,-6,-7,-7,-7,-7,-7,-7,-8,-8,-8,-7,-8,-8,-8,-7,0,0,-8,-7,-8,-8,-8,-7,-9,-8,-8,-7,-8,-8,-8,-8,-8,-8,-8,-8,-8,-8,-8,-8,-7,-8,-7,-8,-7,-7,-7,-8,-7,-8,-6,-7,-6,-7,-6,-7,-6,-7,-6,-7,-5,-7,-5,-7,-5,-7,-4,-7,-4,-7,0,0,0,0,0,0,0,0,0,0,0,0,0,0,-12,-6,-9,-7,-10,-3,-9,-2,-10,-7,-9,-3,-11,-4,-12,2,-10,-2,-13,-2,-13,-1,-13,-1,-14,3,-16,4,-16,4,-16,8,-15,7,-18,6,-17,8,-22,9,-19,10,-20,10,-23,12,-22,9,-21,9,-24,10,-26,13,-22,9,-27,10,-26,12,-27,12,-22,11,-25,11,-25,11,-24,12,-23,13,-25,13,-25,8,-25,9,-25,5,-24,8,-21,8,-28,9,-24,8,-24,11,-19,11,-24,12,-26,6,-19,8,-20,4,-19,6,-20,6,-22,6,-19,5,-24,3,-20,5,-20,4,0,0,0,0,0,0,0,0,0,0,0,0,0,0,0,0,0,0,0,0,0,0,-12,43,-14,43,-19,42,-25,39,-27,42,-29,33,-33,33,-35,31,-39,31,-36,29,-36,27,-36,23,-40,20,-39,18,-36,16,-35,12,-36,8,-34,7,-34,6,-34,2,-32,-3,-32,0,-27,-1,-26,-3,-28,-1,-23,-3,-19,-6,-15,-5,-17,-7,-9,-6,-10,-3,-11,-5,-10,-5,-3,-5,-2,-5,-4,1,-4,-3,-5,-2,-3,-2,1,0,0,-2,2,2,1,-1,0,-2,1,-2,5,-6,1,-6,5,-3,5,-7,2,-4,-1,-7,3,-14,3,-1,2,-10,4,-11,5,-7,6,-6,0,0]"
CSI_DATA,291,2a:00:00:00:00:00,-51,11,1,0,1,1,1,0,0,0,1,-96,0,11,2,4134806,0,44,0,384,0,"[0,0,0,0,0,0,0,0,0,0,0,0,2,-4,2,-4,2,-5,2,-5,1,-5,1,-5,1,-6,1,-6,1,-6,0,-6,0,-7,0,-8,0,-8,-1,-8,-1,-9,-1,-9,-1,-10,-1,-10,-1,-10,-1,-10,-1,-10,-1,-11,-1,-11,-1,-11,-1,-11,-1,-11,0,0,-1,-11,-1,-11,-1,-12,-1,-11,-1,-12,-1,-12,-1,-12,-1,-12,-1,-11,-1,-11,0,-12,0,-11,0,-11,0,-11,0,-10,0,-10,1,-10,0,-10,0,-10,0,-9,1,-9,1,-9,1,-9,1,-8,2,-8,2,-8,0,0,0,0,0,0,0,0,0,0,0,0,0,0,-15,-21,-13,-19,-21,-20,-14,-13,-16,-16,-22,-20,-26,-17,-24,-12,-24,-13,-22,-7,-29,-5,-23,-12,-38,-6,-36,-7,-30,-2,-42,-5,-42,-4,-42,-4,-40,-6,-43,-10,-52,4,-48,-2,-53,-5,-49,1,-48,-8,-47,3,-51,-9,-57,4,-58,-11,-55,-5,-54,-1,-55,-4,-58,-4,-59,-1,-58,5,-53,-8,-60,2,-59,-1,-65,-1,-56,-6,-57,-13,-60,-5,-56,-10,-56,-5,-46,-7,-52,3,-46,-13,-52,0,-50,-9,-46,-8,-42,-16,-37,-8,-40,-7,-39,-10,-43,-13,-37,-14,-37,-18,0,0,0,0,0,0,0,0,0,0,0,0,0,0,0,0,0,0,0,0,0,0,-65,55,-71,53,-75,45,-89,38,-84,24,-86,29,-82,19,-89,12,-87,15,-86,5,-88,-10,-79,-13,-78,-14,-79,-16,-69,-23,-73,-25,-74,-24,-59,-28,-62,-29,-52,-31,-45,-36,-52,-36,-37,-37,-37,-34,-26,-29,-30,-31,-19,-36,-16,-30,-11,-25,-13,-29,-10,-23,-12,-18,-3,-21,1,-19,2,-14,-5,-16,4,-12,3,-7,9,-2,3,-7,5,-3,7,-7,5,-12,7,-7,9,-5,4,1,5,-5,12,-7,11,-10,12,-6,16,-11,16,-12,21,-11,19,-10,28,-11,20,-15,21,-12,0,0]"
CSI_DATA,292,2a:00:00:00:00:00,-50,11,1,0,1,1,1,0,0,0,1,-96,0,11,2,4144670,0,44,0,384,0,"[0,0,0,0,0,0,0,0,0,0,0,0,-5,-5,-5,-5,-5,-5,-6,-5,-6,-4,-6,-4,-6,-4,-7,-3,-7,-4,-7,-3,-8,-4,-8,-3,-9,-3,-9,-3,-10,-3,-10,-3,-10,-3,-10,-3,-11,-3,-11,-3,-11,-3,-11,-3,-11,-3,-12,-3,-12,-3,-12,-3,0,0,-12,-3,-12,-3,-12,-3,-12,-3,-11,-3,-12,-3,-12,-3,-11,-3,-12,-4,-12,-4,-12,-4,-11,-4,-10,-4,-11,-4,-10,-4,-10,-4,-10,-4,-9,-4,-9,-4,-9,-4,-9,-4,-8,-4,-8,-4,-8,-4,-8,-5,-7,-5,0,0,0,0,0,0,0,0,0,0,0,0,0,0,-16,-2,-13,-2,-14,2,-16,4,-17,2,-14,4,-16,3,-16,7,-14,6,-17,6,-13,7,-15,11,-16,11,-12,11,-15,13,-13,11,-16,15,-14,15,-17,17,-17,14,-22,16,-18,18,-18,17,-19,19,-18,16,-20,19,-20,17,-21,19,-18,21,-19,19,-22,18,-20,21,-20,15,-19,19,-21,20,-21,18,-20,20,-21,22,-21,18,-19,16,-18,16,-21,15,-22,14,-20,15,-20,16,-18,12,-19,15,-16,15,-18,11,-18,12,-18,14,-15,11,-17,13,-17,7,-16,9,-19,8,-18,9,0,0,0,0,0,0,0,0,0,0,0,0,0,0,0,0,0,0,0,0,0,0,-2,38,-8,38,-13,35,-17,36,-20,33,-22,34,-23,30,-26,31,-28,31,-26,29,-32,27,-31,23,-34,20,-34,21,-35,15,-33,9,-34,11,-32,6,-33,7,-31,2,-30,6,-33,2,-25,-2,-27,-3,-22,-2,-24,-7,-19,-7,-19,-4,-16,-7,-17,-10,-13,-8,-14,-8,-9,-9,-11,-8,-8,-10,-8,-8,-9,-8,-6,-9,-3,-11,-5,-9,-5,-7,-4,-7,-1,-8,-4,-11,-4,-9,2,-11,-2,-8,-3,-10,-6,-12,1,-13,-5,-11,-1,-14,-7,-15,2,-11,-3,-16,4,-16,-3,-12,0,0]"
CSI_DATA,293,2a:00:00:00:00:00,-50,11,1,0,1,1,1,0,0,0,1,-96,0,11,2,4156477,0,44,0,384,0,"[0,0,0,0,0,0,0,0,0,0,0,0,-3,-6,-3,-6,-4,-6,-4,-7,-4,-6,-4,-6,-4,-6,-5,-6,-5,-6,-5,-6,-6,-6,-6,-6,-6,-6,-7,-6,-7,-7,-8,-7,-7,-7,-7,-7,-8,-7,-8,-7,-8,-8,-8,-8,-8,-8,-8,-7,-8,-8,-8,-7,0,0,-8,-8,-8,-8,-8,-8,-8,-7,-8,-8,-8,-8,-8,-8,-7,-8,-8,-8,-7,-8,-8,-8,-7,-7,-6,-7,-6,-7,-6,-7,-6,-7,-6,-7,-6,-7,-5,-7,-5,-7,-5,-7,-5,-6,-5,-6,-4,-6,-4,-7,-4,-7,0,0,0,0,0,0,0,0,0,0,0,0,0,0,-37,-4,-33,-3,-29,-2,-35,0,-35,-6,-35,-2,-32,5,-31,1,-36,1,-33,1,-33,4,-35,6,-40,10,-39,10,-42,11,-44,14,-40,13,-45,14,-43,10,-41,13,-45,18,-47,14,-50,18,-47,17,-46,13,-48,14,-45,19,-51,20,-51,10,-55,16,-48,15,-50,14,-50,15,-49,21,-50,13,-49,13,-46,18,-53,16,-53,12,-46,10,-44,9,-42,12,-55,8,-51,13,-46,8,-44,11,-41,5,-45,5,-40,2,-34,4,-36,4,-33,6,-44,0,-40,-1,-37,-4,-34,3,-34,-3,0,0,0,0,0,0,0,0,0,0,0,0,0,0,0,0,0,0,0,0,0,0,-20,74,-32,68,-42,65,-48,66,-51,63,-51,62,-58,52,-61,53,-65,45,-73,38,-72,35,-70,33,-72,27,-80,22,-67,22,-77,14,-74,9,-69,5,-64,3,-65,-7,-66,-8,-63,-15,-60,-19,-49,-17,-47,-23,-42,-27,-39,-26,-38,-28,-29,-25,-27,-25,-29,-28,-21,-21,-25,-29,-20,-30,-15,-25,-12,-25,-2,-28,-15,-21,-15,-26,-9,-20,-12,-19,-4,-22,-10,-23,-9,-21,-6,-24,2,-26,-4,-25,-2,-21,-5,-24,-11,-28,-12,-29,1,-27,2,-26,-1,-28,-7,-33,-2,-37,2,-33,0,0]"
CSI_DATA,294,2a:00:00:00:00:00,-51,11,1,0,1,1,1,0,0,0,1,-96,0,11,2,4174677,0,44,0,384,0,"[0,0,0,0,0,0,0,0,0,0,0,0,4,2,4,2,4,2,5,2,5,2,5,2,5,1,5,1,6,1,6,1,6,1,7,1,7,0,7,0,7,1,8,0,8,0,8,1,8,0,8,1,8,1,9,1,9,1,9,1,9,1,9,1,0,0,9,1,9,1,9,1,9,1,8,1,8,1,8,1,8,1,8,2,8,2,8,2,8,1,7,1,7,1,7,2,7,2,7,1,6,2,6,2,6,2,6,2,6,1,6,1,6,1,5,2,5,2,0,0,0,0,0,0,0,0,0,0,0,0,0,0,9,-5,13,-7,9,-8,9,-6,10,-9,12,-9,12,-9,11,-8,11,-10,12,-11,8,-11,10,-13,8,-12,8,-14,10,-15,10,-15,10,-17,8,-15,11,-17,5,-16,10,-22,6,-21,12,-22,12,-21,13,-19,12,-20,12,-21,14,-23,14,-17,11,-20,9,-22,9,-19,10,-20,11,-20,10,-20,10,-19,12,-21,10,-19,11,-18,13,-20,10,-17,10,-20,12,-15,13,-18,12,-17,9,-14,8,-17,10,-16,8,-14,9,-16,11,-13,8,-15,9,-14,11,-14,9,-14,9,-12,9,-12,0,0,0,0,0,0,0,0,0,0,0,0,0,0,0,0,0,0,0,0,0,0,-6,-46,-3,-43,1,-46,4,-45,9,-45,11,-42,16,-44,18,-42,20,-42,21,-39,28,-38,27,-32,27,-35,29,-31,29,-28,29,-26,28,-27,32,-25,30,-23,31,-15,30,-14,27,-14,27,-10,30,-8,26,-6,25,-5,26,-5,21,-2,18,-3,20,-2,17,-1,14,1,13,0,15,0,14,3,11,4,9,4,9,2,9,5,9,6,7,1,9,1,7,5,7,5,8,6,8,2,10,4,6,5,7,6,8,10,4,9,1,13,8,3,8,8,8,9,6,14,5,8,0,0]"
CSI_DATA,295,2a:00:00:00:00:00,-53,11,1,0,1,1,1,0,0,0,1,-96,0,11,2,4185296,0,44,0,384,0,"[0,0,0,0,0,0,0,0,0,0,0,0,4,0,4,0,4,0,4,0,4,-1,4,-1,4,-1,5,-1,5,-1,5,-2,6,-2,6,-2,6,-2,6,-2,7,-2,7,-3,7,-2,8,-2,7,-2,8,-2,8,-2,8,-2,8,-2,8,-2,8,-2,8,-2,0,0,8,-2,8,-2,8,-2,8,-2,7,-2,8,-2,8,-2,8,-2,8,-2,8,-2,8,-1,7,-2,7,-2,7,-2,7,-1,7,-1,7,-2,6,-1,6,-1,6,-1,6,-1,6,-2,6,-2,6,-2,6,0,6,0,0,0,0,0,0,0,0,0,0,0,0,0,0,0,6,-10,1,-7,8,-10,2,-10,0,-8,3,-9,3,-11,4,-12,1,-11,1,-11,3,-9,2,-14,1,-15,1,-11,2,-13,-1,-16,3,-16,1,-16,1,-18,-1,-21,0,-17,1,-16,0,-21,-1,-21,2,-20,2,-20,3,-20,2,-21,3,-20,-1,-21,0,-19,-1,-19,0,-19,0,-21,-2,-18,4,-21,4,-21,2,-19,2,-18,-2,-20,0,-20,3,-17,6,-18,2,-20,4,-15,1,-16,3,-17,3,-15,3,-18,-1,-20,0,-17,0,-16,4,-15,2,-15,3,-13,3,-15,4,-15,0,0,0,0,0,0,0,0,0,0,0,0,0,0,0,0,0,0,0,0,0,0,-24,-42,-21,-45,-16,-44,-11,-48,-5,-46,-1,-47,-1,-46,4,-49,4,-46,6,-45,10,-44,14,-44,14,-45,18,-42,18,-41,20,-37,21,-39,23,-30,21,-33,23,-27,24,-30,24,-26,21,-21,28,-18,24,-19,21,-16,22,-13,20,-13,17,-12,19,-10,15,-9,14,-6,18,-3,14,-7,14,-5,11,-4,14,-5,8,-4,11,-2,9,-4,9,-3,4,0,7,-1,9,-2,6,-2,6,5,9,2,5,-1,7,1,6,2,6,0,7,2,9,2,3,0,10,2,6,3,7,2,0,0]"
CSI_DATA,296,2a:00:00:00:00:00,-53,11,1,0,1,1,1,0,0,0,1,-96,0,11,2,4194647,0,44,0,384,0,"[0,0,0,0,0,0,0,0,0,0,0,0,3,0,3,-1,3,0,3,0,4,-1,3,-1,4,-1,4,-1,4,-1,4,-1,5,-1,5,-1,5,-1,6,-1,6,-1,6,-2,6,-2,7,-1,6,-1,7,-1,7,-1,7,-1,7,-1,7,-1,7,-1,7,-1,0,0,7,-1,7,-1,6,-1,7,-2,6,-1,6,-2,6,-2,6,-2,7,-2,7,-1,7,-1,6,-2,6,-2,5,-2,6,-1,6,-1,5,-2,5,-1,5,-1,5,-1,5,-1,5,-2,5,-2,5,-2,5,-1,5,-1,0,0,0,0,0,0,0,0,0,0,0,0,0,0,1,-9,7,-7,2,-8,0,-13,1,-8,1,-10,1,-12,2,-10,2,-12,0,-11,-1,-11,-3,-12,4,-16,1,-14,0,-16,0,-17,-2,-18,3,-16,-1,-17,1,-19,-1,-19,0,-19,-1,-19,-1,-20,2,-16,1,-21,2,-21,-2,-21,1,-22,1,-19,2,-17,-1,-21,2,-19,-3,-19,-1,-18,2,-17,-2,-20,-1,-17,-3,-20,-1,-20,-2,-16,0,-15,3,-19,-1,-15,0,-16,-3,-16,-2,-14,1,-15,0,-16,-1,-14,-2,-16,-3,-15,0,-14,1,-14,-1,-14,-2,-15,2,-16,0,0,0,0,0,0,0,0,0,0,0,0,0,0,0,0,0,0,0,0,0,0,17,-46,22,-44,23,-43,27,-43,32,-38,35,-32,34,-32,38,-32,41,-32,41,-28,41,-26,42,-21,41,-20,41,-20,38,-16,43,-17,40,-17,42,-13,39,-10,37,-10,36,-4,35,-7,33,-3,33,-2,32,0,32,-1,26,2,25,-1,23,-1,23,3,20,0,19,-2,16,3,19,1,15,2,12,2,11,3,12,0,11,2,12,-1,12,-1,9,-4,9,0,8,1,7,-2,10,-2,11,0,7,-3,11,-1,5,1,4,0,2,-1,13,4,7,3,5,2,10,0,9,2,0,0]"
CSI_DATA,297,2a:00:00:00:00:00,-54,11,1,0,1,1,1,0,0,0,1,-96,0,11,2,4215182,0,44,0,384,0,"[0,0,0,0,0,0,0,0,0,0,0,0,-5,-2,-5,-2,-5,-3,-5,-3,-5,-3,-6,-3,-6,-3,-6,-3,-6,-3,-6,-3,-6,-3,-6,-3,-7,-3,-7,-3,-6,-3,-7,-3,-7,-3,-7,-4,-7,-4,-7,-4,-7,-4,-7,-4,-7,-4,-7,-4,-7,-4,-7,-4,0,0,-7,-3,-7,-4,-7,-4,-7,-3,-7,-3,-7,-3,-7,-3,-7,-3,-7,-3,-7,-3,-7,-3,-6,-3,-6,-3,-6,-3,-6,-2,-6,-2,-6,-3,-6,-2,-6,-2,-6,-2,-6,-2,-5,-2,-5,-3,-5,-3,-6,-2,-6,-3,0,0,0,0,0,0,0,0,0,0,0,0,0,0,-7,3,-7,8,-7,10,-6,7,-8,10,-8,11,-6,10,-7,10,-8,10,-9,9,-11,8,-9,9,-9,11,-8,11,-11,10,-8,11,-8,14,-9,11,-13,12,-10,13,-10,15,-12,14,-12,15,-10,12,-8,13,-9,13,-12,12,-10,12,-15,13,-12,11,-12,10,-9,12,-9,11,-7,13,-10,15,-8,10,-7,16,-9,12,-7,12,-12,12,-9,12,-10,11,-9,14,-7,13,-7,13,-6,10,-8,10,-4,9,-7,12,-6,10,-7,10,-7,8,-7,10,-5,10,-5,9,-8,11,-7,8,0,0,0,0,0,0,0,0,0,0,0,0,0,0,0,0,0,0,0,0,0,0,-34,-27,-32,-30,-29,-31,-30,-37,-26,-37,-26,-38,-23,-40,-20,-41,-21,-42,-19,-41,-16,-40,-17,-41,-17,-42,-12,-41,-11,-41,-8,-41,-8,-41,-7,-38,-9,-38,-6,-39,-7,-37,-5,-34,-4,-32,-4,-36,-6,-34,-2,-32,1,-31,-3,-29,0,-26,-4,-26,-3,-22,-1,-23,-2,-20,-3,-19,-4,-19,-3,-18,-4,-17,-6,-15,-4,-14,-5,-13,-8,-12,-8,-13,-3,-14,-6,-13,-6,-13,-7,-8,-9,-12,-10,-10,-9,-9,-8,-9,-7,-10,-12,-9,-6,-10,-7,-10,-10,-8,-8,-7,-11,-11,0,0]"
CSI_DATA,298,2a:00:00:00:00:00,-54,11,1,0,1,1,1,0,0,0,1,-96,0,11,2,4224686,0,44,0,384,0,"[0,0,0,0,0,0,0,0,0,0,0,0,-2,4,-2,4,-1,4,-2,4,-1,4,-2,4,-2,4,-2,4,-2,5,-2,5,-2,5,-2,5,-2,5,-2,5,-2,5,-2,6,-2,5,-2,6,-2,6,-2,6,-2,5,-2,6,-3,5,-2,6,-3,6,-3,5,0,0,-2,5,-2,5,-2,5,-2,5,-2,5,-2,5,-2,5,-2,5,-2,5,-2,5,-2,5,-2,5,-2,5,-1,4,-2,4,-2,4,-1,5,-1,4,-1,4,-1,4,-1,4,-1,4,-1,4,-1,4,-1,4,-2,4,0,0,0,0,0,0,0,0,0,0,0,0,0,0,26,6,20,6,23,6,20,0,21,12,27,9,21,6,27,6,27,1,25,5,23,2,29,2,29,7,23,12,27,5,32,11,31,2,32,12,31,7,33,10,32,6,26,10,27,11,35,10,28,6,28,13,26,15,28,5,29,12,29,14,25,13,34,14,32,9,31,15,30,5,29,10,24,10,32,9,27,5,24,8,25,4,28,10,30,14,29,11,20,14,21,9,25,8,22,4,19,6,22,11,21,5,25,1,20,1,20,3,18,5,26,10,25,8,0,0,0,0,0,0,0,0,0,0,0,0,0,0,0,0,0,0,0,0,0,0,5,86,-7,87,-15,89,-20,89,-26,86,-31,84,-33,84,-42,83,-50,82,-47,80,-42,80,-58,76,-53,73,-58,65,-60,65,-57,63,-59,61,-62,53,-58,53,-56,48,-60,46,-57,49,-57,42,-58,44,-53,37,-50,38,-48,30,-51,34,-44,27,-41,30,-39,22,-38,28,-36,17,-28,27,-26,26,-21,26,-25,22,-24,21,-23,23,-25,18,-17,26,-17,27,-9,28,-11,22,-12,26,-5,23,-8,16,-8,25,-14,24,-4,21,0,37,-5,15,-13,20,-8,15,-11,22,-9,15,-7,18,0,0]"
CSI_DATA,299,2a:00:00:00:00:00,-55,11,1,0,1,1,1,0,0,0,1,-96,0,11,2,4234684,0,44,0,384,0,"[0,0,0,0,0,0,0,0,0,0,0,0,1,-5,0,-4,0,-5,1,-5,1,-5,1,-5,1,-5,1,-5,1,-5,1,-5,1,-6,1,-5,1,-6,1,-6,1,-6,2,-7,2,-7,2,-6,1,-6,2,-7,2,-6,2,-7,3,-7,2,-7,2,-7,2,-7,0,0,2,-7,2,-7,2,-6,2,-6,2,-6,2,-6,1,-6,1,-6,2,-6,2,-6,2,-6,1,-6,1,-6,1,-6,2,-5,1,-5,1,-6,1,-5,1,-5,1,-5,1,-5,0,-5,0,-5,0,-5,1,-5,1,-5,0,0,0,0,0,0,0,0,0,0,0,0,0,0,-11,-1,-12,-3,-12,-3,-12,-5,-10,-3,-10,-3,-12,-4,-12,-5,-16,-6,-13,-5,-13,-6,-15,-4,-14,-8,-12,-4,-12,-6,-14,-1,-13,-5,-15,-4,-17,-6,-15,-4,-19,-6,-17,-2,-16,-5,-16,-9,-14,-6,-14,-9,-16,-6,-16,-5,-16,-6,-13,-7,-16,-6,-17,-6,-17,-8,-13,-5,-13,-6,-18,-7,-14,-3,-16,-9,-16,-8,-15,-4,-14,-3,-17,-2,-15,-5,-14,-2,-11,-5,-16,-2,-10,-3,-14,-3,-15,-2,-12,-4,-12,0,-11,-1,-10,-4,-8,-2,-12,-2,-12,-4,-12,-3,0,0,0,0,0,0,0,0,0,0,0,0,0,0,0,0,0,0,0,0,0,0,17,-38,22,-39,24,-38,31,-37,29,-37,32,-36,35,-33,32,-31,37,-31,40,-29,38,-26,38,-26,37,-27,40,-25,39,-23,36,-21,40,-19,39,-20,37,-19,39,-15,35,-15,35,-13,34,-12,33,-16,34,-12,31,-12,29,-9,25,-9,24,-9,26,-8,22,-9,25,-7,18,-7,22,-10,18,-9,18,-12,10,-12,13,-11,13,-10,8,-10,13,-12,10,-9,8,-11,10,-13,9,-14,3,-11,4,-11,5,-10,5,-13,5,-11,5,-11,-6,-15,2,-12,2,-17,3,-9,3,-14,3,-13,0,0]"
CSI_DATA,300,2a:00:00:00:00:00,-55,11,1,0,1,1,1,0,0,0,1,-96,0,11,2,4244671,0,44,0,384,0,"[0,0,0,0,0,0,0,0,0,0,0,0,-3,1,-3,1,-3,1,-3,1,-3,1,-4,1,-4,1,-4,1,-4,1,-4,1,-4,1,-5,1,-5,1,-5,1,-5,2,-6,2,-6,2,-6,2,-6,2,-6,2,-6,2,-6,2,-7,1,-7,2,-7,1,-7,2,0,0,-7,2,-7,2,-7,2,-7,2,-6,2,-6,2,-6,2,-6,2,-7,2,-7,2,-7,2,-6,2,-6,2,-6,2,-6,2,-6,2,-5,2,-5,2,-5,2,-5,2,-5,2,-4,2,-5,2,-4,2,-5,2,-5,2,0,0,0,0,0,0,0,0,0,0,0,0,0,0,2,8,3,6,2,6,6,6,3,6,2,6,4,10,1,8,5,12,5,9,4,10,4,10,5,10,3,13,5,8,3,9,3,9,2,9,0,14,2,13,2,11,2,15,4,15,1,17,1,16,0,14,0,14,-1,17,-2,17,0,15,0,15,1,16,1,14,1,16,1,14,3,16,3,15,4,12,2,15,3,15,5,12,4,13,2,13,1,16,3,12,5,12,5,13,3,14,4,11,3,9,5,13,5,8,5,12,2,8,3,11,1,10,3,8,0,0,0,0,0,0,0,0,0,0,0,0,0,0,0,0,0,0,0,0,0,0,-41,14,-41,11,-44,9,-45,6,-47,5,-44,3,-45,0,-48,-1,-50,-3,-46,-5,-44,-9,-48,-8,-47,-10,-45,-11,-44,-13,-42,-13,-41,-13,-41,-16,-40,-12,-36,-13,-36,-15,-36,-16,-31,-14,-32,-15,-33,-16,-28,-14,-27,-16,-28,-15,-25,-10,-23,-11,-23,-11,-22,-11,-18,-8,-19,-7,-21,-9,-14,-5,-16,-3,-16,-4,-13,-4,-12,-4,-13,2,-12,-2,-11,2,-15,0,-11,1,-6,4,-11,6,-9,3,-8,5,-13,3,-11,1,-11,12,-6,-1,-8,5,-7,3,-10,4,-7,3,0,0]"
CSI_DATA,301,2a:00:00:00:00:00,-55,11,1,0,1,1,1,0,0,0,1,-96,0,11,2,4264678,0,44,0,384,0,"[0,0,0,0,0,0,0,0,0,0,0,0,-1,-1,-1,-1,-1,-1,-1,-1,-1,-1,-2,-1,-2,-1,-2,-1,-2,0,-2,0,-3,0,-3,0,-3,0,-4,0,-4,0,-4,1,-5,1,-5,1,-5,1,-6,1,-6,1,-6,1,-7,1,-7,1,-7,1,-8,1,0,0,-8,1,-7,1,-8,1,-8,1,-7,1,-8,1,-8,1,-7,1,-8,1,-8,1,-8,1,-7,1,-7,1,-7,1,-8,0,-8,1,-7,1,-7,0,-7,1,-7,1,-7,0,-6,1,-6,1,-6,1,-6,0,-6,0,0,0,0,0,0,0,0,0,0,0,0,0,0,0,2,0,-2,-3,-1,-2,-1,0,0,-3,1,0,-4,1,2,-2,0,-1,1,-2,-1,3,-2,3,-1,8,-2,5,0,5,-1,6,0,9,-2,8,-2,7,-4,9,-1,14,-3,9,-1,11,-2,13,-2,12,-1,10,-4,13,-3,17,-1,14,-2,19,-4,17,-1,16,-6,17,-6,17,1,17,-4,19,-4,20,-1,21,-3,16,-4,16,-5,19,-2,18,-6,18,-3,19,-3,18,-2,17,-2,16,-4,17,-6,14,-1,15,-4,14,-3,17,-4,12,-4,15,-5,15,-4,13,-1,13,0,0,0,0,0,0,0,0,0,0,0,0,0,0,0,0,0,0,0,0,0,0,0,41,-9,45,-12,43,-16,46,-17,44,-21,41,-23,38,-27,42,-27,40,-28,37,-33,38,-32,35,-33,35,-35,31,-40,29,-36,26,-39,26,-34,24,-36,26,-35,20,-35,17,-35,18,-32,15,-33,15,-30,15,-29,15,-28,11,-27,14,-24,8,-25,9,-20,8,-21,10,-16,6,-19,6,-15,8,-13,7,-15,6,-16,7,-12,5,-8,8,-9,7,-7,9,-5,6,-6,8,-4,6,-4,10,-4,9,-4,2,-2,8,-4,3,-4,0,-3,-4,-2,5,-1,-1,-4,-4,0,-1,3,1,0,0]"
CSI_DATA,302,2a:00:00:00:00:00,-54,11,1,0,1,1,1,0,0,0,1,-96,0,11,2,4275960,0,44,0,384,0,"[0,0,0,0,0,0,0,0,0,0,0,0,0,1,0,1,0,1,0,0,1,0,0,0,0,0,1,0,1,-1,1,-1,1,-1,1,-2,1,-2,1,-2,2,-2,2,-3,2,-3,2,-4,2,-4,3,-4,3,-4,3,-5,3,-5,3,-5,4,-5,4,-5,0,0,4,-5,4,-6,4,-6,4,-6,4,-6,4,-6,5,-6,4,-6,5,-5,5,-6,5,-5,5,-6,5,-6,5,-5,5,-5,4,-5,5,-5,4,-4,4,-5,4,-4,4,-4,4,-4,4,-4,4,-4,4,-4,4,-4,0,0,0,0,0,0,0,0,0,0,0,0,0,0,4,0,1,1,2,7,1,3,0,0,1,0,6,1,0,1,1,-5,1,-1,1,-5,0,-3,0,-4,0,-4,2,-6,-3,-7,-4,-5,-2,-8,-3,-8,-8,-9,-8,-11,-5,-13,-8,-15,-6,-9,-4,-14,-4,-15,-7,-15,-7,-17,-9,-18,-11,-20,-8,-19,-8,-18,-6,-20,-9,-17,-7,-21,-8,-18,-9,-18,-9,-21,-11,-25,-9,-20,-9,-19,-8,-21,-8,-18,-9,-17,-7,-18,-8,-21,-8,-21,-7,-20,-5,-16,-7,-21,-6,-16,-3,-18,-5,-14,-5,-15,-5,-17,-6,-16,-2,-18,0,0,0,0,0,0,0,0,0,0,0,0,0,0,0,0,0,0,0,0,0,0,-43,-20,-40,-25,-43,-31,-57,-44,-41,-53,-43,-45,-42,-46,-30,-42,-36,-40,-47,-41,-18,-41,-10,-52,-12,-54,-12,-52,-6,-42,-11,-43,-8,-38,-10,-32,14,-30,12,-50,-5,-28,-5,-66,3,-46,-7,-45,10,-27,12,-53,-9,-43,9,-31,6,-25,7,-28,-3,-19,3,-26,-2,-22,-7,-7,14,-20,2,-23,-1,-1,-4,-12,-1,-7,-2,-10,-4,-10,-3,-11,-5,-9,-6,-6,-4,-4,-9,-6,-4,-7,-7,-4,-6,2,-4,-3,-5,0,-5,1,-6,1,-4,2,-8,2,-5,3,-5,5,0,0]"
CSI_DATA,303,2a:00:00:00:00:00,-53,11,1,0,1,1,1,0,0,0,1,-96,0,11,2,4284640,0,44,0,384,0,"[0,0,0,0,0,0,0,0,0,0,0,0,1,-2,1,-2,1,-2,0,-2,0,-2,0,-2,-1,-2,-1,-2,-1,-2,-2,-2,-2,-2,-3,-2,-3,-2,-3,-2,-4,-1,-4,-1,-5,-1,-5,-1,-6,-1,-6,-1,-6,-1,-7,-1,-7,-1,-7,-1,-8,-1,-8,-1,0,0,-9,-1,-9,-2,-9,-2,-9,-1,-9,-2,-9,-2,-9,-2,-9,-2,-10,-2,-9,-2,-10,-2,-9,-2,-9,-2,-9,-2,-9,-3,-9,-2,-8,-2,-8,-2,-8,-2,-8,-2,-8,-2,-7,-2,-7,-2,-7,-2,-7,-3,-7,-3,0,0,0,0,0,0,0,0,0,0,0,0,0,0,-1,-6,0,-7,0,-7,0,-6,-4,-7,-2,-7,1,-7,-1,-4,-5,-4,-1,-5,-3,-3,-2,-2,-6,-2,-6,1,-5,3,-6,3,-4,4,-7,6,-6,5,-5,7,-6,10,-10,8,-7,11,-11,9,-10,8,-13,11,-11,11,-12,12,-13,12,-11,14,-11,15,-11,14,-14,17,-14,17,-14,13,-16,14,-14,11,-17,16,-14,15,-16,14,-15,15,-12,12,-15,16,-15,12,-18,12,-9,15,-11,11,-16,14,-14,10,-13,11,-13,11,-13,12,-15,10,-13,10,-12,9,-15,10,-14,13,0,0,0,0,0,0,0,0,0,0,0,0,0,0,0,0,0,0,0,0,0,0,-4,42,-6,43,-10,41,-15,42,-18,43,-22,40,-23,38,-26,37,-29,39,-30,36,-30,34,-35,32,-34,31,-34,31,-36,29,-33,26,-34,27,-35,20,-33,22,-34,18,-31,17,-32,16,-33,14,-31,14,-25,13,-26,12,-27,8,-25,12,-21,8,-21,8,-19,10,-19,8,-13,9,-12,5,-12,8,-11,9,-10,10,-5,6,-5,7,-7,11,-3,6,-1,7,-4,3,1,9,0,6,-6,6,1,8,2,4,3,4,4,5,1,3,-2,4,11,-3,4,3,6,3,5,2,8,0,0,0]"
CSI_DATA,304,2a:00:00:00:00:00,-88,11,1,0,1,1,1,0,0,0,1,-96,0,11,2,4304683,0,44,0,384,0,"[0,0,0,0,0,0,0,0,0,0,0,0,0,-4,0,-4,0,-3,0,-3,-1,-3,-1,-3,-1,-2,-2,-2,-2,-2,-2,-1,-2,-1,-3,-1,-3,0,-3,0,-4,1,-4,1,-4,2,-5,2,-5,2,-5,3,-5,3,-6,3,-6,4,-6,4,-7,4,-7,5,0,0,-7,5,-7,5,-7,6,-8,6,-8,6,-8,6,-8,6,-8,6,-8,6,-8,6,-8,6,-8,6,-8,6,-8,5,-8,5,-8,5,-8,5,-8,5,-8,5,-8,5,-7,5,-7,4,-7,4,-7,4,-7,4,-7,4,0,0,0,0,0,0,0,0,0,0,0,0,0,0,-7,-8,-7,-7,-7,-6,-7,-5,-7,-4,-6,-3,-6,-2,-5,-2,-5,-1,-4,0,-4,1,-3,2,-2,3,-2,3,-1,4,0,5,1,6,1,7,2,8,3,9,3,10,4,12,4,13,5,14,5,15,6,16,7,16,7,17,7,18,8,19,8,20,8,21,9,21,9,22,9,22,9,22,9,22,9,22,9,23,9,22,9,22,9,22,8,22,8,22,8,22,8,22,7,21,7,21,7,20,7,20,7,19,6,19,6,19,6,18,5,18,5,19,5,18,0,0,0,0,0,0,0,0,0,0,0,0,0,0,0,0,0,0,0,0,0,0,25,36,23,37,21,38,19,40,17,42,14,43,12,44,10,45,8,45,6,45,5,45,3,45,2,45,0,44,-1,43,-3,42,-3,40,-5,39,-5,38,-6,36,-6,35,-7,34,-7,32,-6,31,-6,29,-6,27,-5,25,-4,23,-4,22,-3,20,-3,18,-2,16,-1,14,-1,13,1,11,2,10,3,9,4,8,5,7,6,5,6,5,6,3,7,2,7,2,7,0,7,-1,7,-1,7,-3,7,-3,7,-4,8,-4,8,-5,8,-6,8,-7,8,-8,8,-8,9,-8,0,0]"
CSI_DATA,305,2a:00:00:00:00:00,-50,11,1,0,1,1,1,0,0,0,1,-96,0,11,2,4315043,0,44,0,384,0,"[0,0,0,0,0,0,0,0,0,0,0,0,-3,1,-3,1,-2,1,-2,1,-1,1,-1,2,-1,2,0,2,0,2,1,2,1,2,2,2,2,2,3,2,3,2,4,1,5,1,5,2,5,1,6,2,6,2,7,2,7,2,7,2,8,2,8,2,0,0,9,2,9,2,9,2,10,2,9,2,10,2,9,2,10,2,10,3,10,3,10,3,9,3,9,3,9,3,9,3,9,3,9,3,8,3,8,3,8,3,8,3,7,2,7,2,7,2,7,3,6,3,0,0,0,0,0,0,0,0,0,0,0,0,0,0,-1,13,-1,8,2,11,-2,6,-2,7,1,8,-2,7,4,3,2,5,3,2,3,0,5,1,5,-1,7,-2,3,-5,6,-2,4,-6,6,-6,7,-5,7,-8,9,-12,8,-11,9,-12,10,-13,12,-11,10,-15,10,-14,12,-17,11,-17,12,-19,16,-21,12,-21,14,-19,15,-19,12,-22,17,-22,16,-18,17,-22,16,-21,15,-23,16,-21,17,-18,17,-20,18,-20,19,-19,15,-21,14,-18,16,-18,15,-15,14,-16,13,-17,14,-17,14,-16,14,-13,15,-11,12,-13,12,-14,0,0,0,0,0,0,0,0,0,0,0,0,0,0,0,0,0,0,0,0,0,0,5,-41,7,-43,12,-45,16,-44,18,-43,20,-40,26,-39,28,-35,30,-38,27,-34,32,-38,30,-32,32,-34,32,-31,35,-28,32,-26,32,-24,33,-23,31,-22,30,-20,29,-19,32,-19,27,-16,26,-13,26,-16,23,-13,20,-10,17,-12,17,-12,12,-12,12,-10,9,-7,8,-10,8,-10,6,-12,2,-14,1,-9,0,-9,2,-9,-1,-8,-4,-7,-2,-6,-6,-9,-4,-8,-8,-7,-5,-3,-7,-4,-6,-6,-7,-5,-10,-5,-10,-2,-11,-2,-13,-4,-9,-3,-11,-4,-11,-4,-11,-3,0,0]"
CSI_DATA,306,2a:00:00:00:00:00,-50,11,1,0,1,1,1,0,0,0,1,-96,0,11,2,4326720,0,44,0,384,0,"[0,0,0,0,0,0,0,0,0,0,0,0,0,-3,-1,-3,-1,-3,-2,-3,-2,-2,-2,-2,-2,-2,-3,-1,-3,-1,-3,-1,-4,0,-4,0,-5,0,-5,1,-5,1,-5,2,-6,2,-6,2,-6,3,-7,3,-7,3,-8,4,-8,4,-8,5,-8,5,-9,5,0,0,-9,5,-9,5,-10,5,-9,5,-9,5,-9,6,-10,6,-9,6,-10,5,-10,5,-10,5,-10,5,-10,5,-10,5,-10,4,-9,4,-9,4,-9,3,-9,4,-8,3,-8,3,-8,3,-8,3,-8,3,-8,2,-8,2,0,0,0,0,0,0,0,0,0,0,0,0,0,0,-16,-9,-13,-14,-12,-14,-10,-13,-11,-8,-9,-10,-17,-7,-11,-5,-16,4,-11,3,-12,7,-7,9,-14,12,-10,12,-10,12,-6,15,-9,11,-10,20,-7,21,-3,32,-1,27,-2,34,4,32,-2,35,-5,40,-1,40,-4,41,-2,42,2,48,3,52,0,51,-3,49,-3,52,-1,53,-5,54,-1,47,-4,54,-5,57,-5,53,-8,53,-3,57,-2,55,-12,50,-6,54,-12,55,-5,46,-10,50,-8,48,-7,47,-11,45,-12,46,-12,41,-12,40,-14,41,-10,38,-12,42,-14,39,0,0,0,0,0,0,0,0,0,0,0,0,0,0,0,0,0,0,0,0,0,0,66,57,52,65,53,69,43,82,40,80,35,84,31,86,25,92,21,91,21,91,16,92,11,93,10,91,4,86,1,82,-3,81,-4,81,-5,81,-15,78,-20,69,-15,66,-14,69,-16,57,-6,52,-6,53,-9,51,-8,44,-8,41,-5,38,-2,35,-5,33,-7,26,2,21,2,21,8,21,5,16,6,11,15,8,10,10,13,9,16,5,16,5,20,-4,17,-1,19,-6,20,1,21,-3,20,-7,16,-6,20,-10,20,-14,20,-14,22,-18,18,-10,20,-9,20,-14,12,-23,0,0]"
CSI_DATA,307,2a:00:00:00:00:00,-50,11,1,0,1,1,1,0,0,0,1,-96,0,11,2,4334641,0,44,0,384,0,"[0,0,0,0,0,0,0,0,0,0,0,0,-2,2,-2,2,-1,2,-1,2,0,2,0,2,1,2,1,2,2,2,2,2,3,2,3,2,4,2,4,2,5,2,6,1,6,1,6,1,7,1,8,1,8,1,8,1,9,2,9,1,10,1,10,1,0,0,11,2,11,1,11,1,11,2,11,2,11,2,11,2,11,2,11,2,12,3,11,3,11,3,10,3,10,3,10,3,10,3,10,3,9,3,9,3,9,3,9,3,9,3,8,3,8,3,7,4,7,4,0,0,0,0,0,0,0,0,0,0,0,0,0,0,3,7,4,8,6,6,3,5,3,3,5,4,5,0,6,-1,6,-1,6,0,5,-3,5,-5,5,-3,7,-6,6,-7,8,-8,8,-9,7,-11,6,-11,7,-13,6,-16,6,-15,6,-17,6,-19,9,-15,5,-20,8,-22,8,-23,10,-23,7,-20,8,-25,11,-23,12,-24,11,-27,11,-25,14,-24,10,-26,13,-27,9,-26,11,-25,12,-25,11,-25,12,-25,16,-25,14,-23,11,-22,14,-23,11,-22,14,-20,11,-23,11,-19,10,-22,12,-18,12,-17,12,-17,13,-16,13,-14,0,0,0,0,0,0,0,0,0,0,0,0,0,0,0,0,0,0,0,0,0,0,-12,-39,-11,-42,-4,-40,-6,-45,-2,-44,2,-45,4,-44,5,-44,8,-45,7,-43,13,-44,13,-42,13,-43,17,-39,16,-38,17,-34,18,-35,19,-32,19,-30,18,-30,15,-30,16,-24,16,-24,17,-23,16,-20,12,-20,12,-18,10,-17,9,-13,10,-13,8,-12,3,-13,5,-13,1,-14,1,-12,-2,-10,-3,-8,-3,-8,-4,-8,-5,-5,-5,-4,-8,-7,-8,-3,-11,-4,-10,-2,-15,-2,-13,-1,-10,-2,-14,-2,-9,-1,-9,-2,-9,0,-17,6,-12,1,-11,-1,-9,1,-11,0,0,0]"
CSI_DATA,308,2a:00:00:00:00:00,-50,11,1,0,1,1,1,0,0,0,1,-96,0,11,2,4354669,0,44,0,384,0,"[0,0,0,0,0,0,0,0,0,0,0,0,2,-1,2,-1,1,-2,1,-2,0,-3,1,-3,0,-3,1,-3,0,-3,0,-4,0,-5,0,-5,0,-5,-1,-5,-1,-6,-1,-7,-2,-7,-2,-6,-2,-7,-2,-7,-2,-8,-2,-9,-3,-9,-3,-9,-3,-9,-4,-10,0,0,-4,-10,-3,-10,-3,-10,-4,-10,-3,-11,-3,-10,-3,-10,-4,-11,-4,-11,-4,-10,-3,-11,-2,-11,-3,-10,-2,-11,-3,-10,-2,-10,-2,-10,-3,-9,-2,-9,-2,-9,-2,-9,-1,-8,-1,-8,-1,-8,-1,-8,-1,-8,0,0,0,0,0,0,0,0,0,0,0,0,0,0,18,8,14,4,17,4,11,4,12,-9,12,-7,10,-2,9,-5,9,-9,7,-11,7,-16,3,-21,5,-22,4,-21,7,-28,2,-26,1,-25,-7,-23,-6,-31,-10,-32,-8,-38,-9,-36,-14,-36,-11,-40,-12,-43,-11,-44,-15,-44,-18,-51,-17,-43,-24,-51,-16,-51,-25,-58,-20,-53,-22,-56,-22,-50,-23,-59,-22,-56,-19,-53,-22,-57,-20,-58,-21,-64,-20,-61,-11,-55,-18,-50,-17,-52,-15,-54,-15,-53,-12,-51,-11,-54,-14,-48,-13,-46,-10,-50,-11,-45,-4,-44,-9,-42,-10,-48,-5,-40,0,0,0,0,0,0,0,0,0,0,0,0,0,0,0,0,0,0,0,0,0,0,-67,-55,-61,-66,-50,-61,-53,-78,-51,-74,-42,-83,-37,-81,-37,-84,-31,-84,-24,-82,-22,-87,-19,-91,-17,-89,-4,-83,-7,-80,-7,-82,-10,-76,-2,-68,-3,-64,-5,-63,5,-63,3,-60,-3,-50,-3,-47,5,-50,-1,-44,-2,-41,0,-31,-2,-34,-2,-28,-6,-22,-3,-25,-9,-18,-8,-17,-11,-17,-10,-10,-14,-11,-20,-4,-17,-8,-18,0,-16,0,-16,4,-16,6,-22,8,-21,6,-17,1,-22,7,-18,15,-18,8,-13,9,-19,12,-20,4,-12,21,-20,11,-12,9,-9,11,-13,21,0,0]"
CSI_DATA,309,2a:00:00:00:00:00,-50,11,1,0,1,1,1,0,0,0,1,-96,0,11,2,4364919,0,44,0,384,0,"[0,0,0,0,0,0,0,0,0,0,0,0,0,-3,-1,-3,-2,-2,-1,-3,-3,-2,-2,-3,-3,-3,-3,-3,-4,-3,-4,-2,-5,-3,-5,-3,-5,-3,-5,-2,-6,-3,-7,-2,-7,-2,-8,-2,-8,-2,-8,-2,-8,-2,-9,-2,-9,-2,-10,-2,-10,-2,-11,-2,0,0,-10,-2,-11,-2,-11,-2,-12,-2,-11,-3,-11,-2,-11,-2,-11,-2,-11,-3,-11,-3,-11,-3,-11,-3,-10,-3,-10,-3,-9,-4,-10,-4,-9,-3,-9,-3,-9,-4,-9,-4,-9,-4,-8,-3,-8,-4,-8,-3,-7,-4,-7,-4,0,0,0,0,0,0,0,0,0,0,0,0,0,0,4,-6,4,-4,3,-6,1,-5,1,-8,-1,-5,-2,-6,-3,-8,-3,-9,-3,-8,-5,-8,-9,-8,-7,-11,-9,-9,-9,-9,-12,-12,-13,-11,-13,-6,-17,-12,-15,-9,-16,-10,-18,-7,-18,-8,-19,-10,-20,-10,-23,-9,-23,-10,-23,-10,-25,-11,-26,-11,-26,-12,-27,-16,-25,-9,-26,-14,-29,-14,-27,-14,-28,-13,-27,-12,-30,-14,-26,-17,-26,-16,-27,-16,-27,-15,-29,-15,-27,-15,-25,-14,-21,-13,-22,-17,-20,-15,-20,-14,-20,-16,-17,-13,-21,-14,-18,-16,-18,-12,-15,-15,-15,-15,0,0,0,0,0,0,0,0,0,0,0,0,0,0,0,0,0,0,0,0,0,0,-40,15,-41,11,-42,7,-45,2,-45,0,-41,-2,-43,-9,-43,-8,-46,-11,-41,-12,-42,-13,-41,-13,-41,-16,-40,-15,-36,-18,-33,-21,-35,-21,-31,-18,-31,-15,-28,-20,-26,-17,-25,-19,-23,-14,-22,-15,-20,-16,-19,-13,-21,-13,-17,-11,-15,-9,-16,-7,-15,-5,-12,-4,-11,-4,-11,-1,-11,-2,-7,2,-7,2,-7,2,-7,6,-6,4,-6,7,-4,5,-7,6,-6,10,-5,11,-3,10,-5,8,-2,8,-3,9,-4,9,1,10,-1,9,0,8,2,7,2,5,4,10,2,9,0,0]"
CSI_DATA,310,2a:00:00:00:00:00,-48,11,1,0,1,1,1,0,0,0,1,-96,0,11,2,4374657,0,44,0,384,0,"[0,0,0,0,0,0,0,0,0,0,0,0,2,0,2,0,2,0,2,-1,3,-1,3,-1,3,-2,3,-2,3,-3,4,-3,4,-4,4,-4,4,-4,4,-5,4,-5,4,-6,4,-6,5,-7,4,-7,5,-8,5,-8,5,-8,6,-8,5,-9,6,-9,6,-9,0,0,6,-10,6,-11,6,-10,6,-11,6,-10,7,-11,7,-11,7,-10,7,-10,7,-10,7,-10,7,-10,7,-10,7,-9,7,-9,6,-8,7,-9,6,-8,6,-8,6,-7,6,-7,6,-7,7,-7,6,-7,6,-6,6,-5,0,0,0,0,0,0,0,0,0,0,0,0,0,0,10,-1,9,-1,6,-9,0,-6,5,-12,9,-9,0,-13,-3,-15,1,-18,-4,-15,-6,-16,-6,-18,-5,-21,-11,-22,-13,-21,-18,-22,-19,-28,-16,-28,-17,-28,-19,-29,-24,-30,-29,-35,-27,-25,-27,-31,-31,-39,-32,-38,-33,-34,-34,-37,-39,-36,-39,-37,-42,-36,-42,-48,-38,-41,-41,-48,-41,-42,-46,-39,-35,-48,-40,-41,-43,-46,-40,-51,-40,-48,-43,-42,-36,-42,-34,-42,-30,-47,-36,-43,-32,-46,-30,-38,-26,-45,-20,-40,-27,-41,-28,-40,-27,-36,-21,-37,-21,-33,-21,-39,-19,-37,0,0,0,0,0,0,0,0,0,0,0,0,0,0,0,0,0,0,0,0,0,0,-78,-8,-82,-19,-83,-25,-81,-33,-76,-36,-74,-40,-71,-44,-74,-47,-67,-56,-66,-55,-63,-58,-61,-60,-61,-59,-51,-56,-51,-62,-47,-65,-47,-65,-40,-59,-39,-59,-37,-56,-30,-55,-33,-52,-33,-52,-30,-52,-27,-45,-26,-41,-20,-40,-22,-34,-23,-34,-19,-28,-21,-27,-18,-17,-23,-20,-17,-16,-18,-14,-14,-11,-19,-9,-21,-5,-17,0,-15,3,-18,3,-13,7,-19,4,-18,7,-20,9,-14,5,-16,9,-14,12,-15,11,-10,15,-8,12,-5,5,-9,25,-7,8,-7,8,-3,10,-3,12,0,0]"
CSI_DATA,311,2a:00:00:00:00:00,-49,11,1,0,1,1,1,0,0,0,1,-96,0,11,2,4384674,0,44,0,384,0,"[0,0,0,0,0,0,0,0,0,0,0,0,0,1,0,1,0,1,0,1,1,2,1,2,1,1,2,2,3,2,3,2,3,2,4,3,4,2,5,2,4,2,5,3,5,1,6,2,6,2,6,2,7,2,7,2,8,2,8,1,8,2,9,2,0,0,9,2,9,2,9,2,10,2,9,2,10,2,10,2,9,2,10,2,10,3,10,3,9,3,8,2,8,3,9,3,9,2,8,2,8,3,8,3,8,2,7,3,7,2,7,2,7,2,6,3,6,3,0,0,0,0,0,0,0,0,0,0,0,0,0,0,-7,5,-7,6,-1,10,4,4,3,10,4,7,2,10,2,11,5,6,9,20,15,14,11,15,13,14,14,14,19,17,23,13,23,13,29,12,27,13,32,16,35,15,37,17,39,17,38,11,42,15,46,16,45,14,53,14,46,13,53,11,48,14,57,15,51,14,56,13,55,17,55,17,51,17,55,16,58,18,53,18,55,21,57,22,51,22,53,17,52,17,47,22,48,24,45,12,52,18,43,21,44,18,39,14,40,14,39,16,35,12,37,16,32,21,0,0,0,0,0,0,0,0,0,0,0,0,0,0,0,0,0,0,0,0,0,0,78,9,75,20,77,24,80,33,75,36,72,42,73,45,71,48,72,48,66,52,64,57,63,58,61,57,58,60,48,57,46,59,48,62,38,59,43,53,41,54,34,55,34,52,29,42,34,46,30,40,28,40,23,35,23,37,22,32,24,30,16,22,19,18,20,17,19,15,24,13,16,11,22,8,14,4,18,-3,20,-2,14,-2,14,-3,13,-7,13,-6,12,-8,4,-8,8,-11,8,-11,11,-11,6,-12,13,-10,13,-11,-4,-19,9,-11,8,-12,3,-6,-2,-10,0,0]"
CSI_DATA,312,2a:00:00:00:00:00,-49,11,1,0,1,1,1,0,0,0,1,-96,0,11,2,4396882,0,44,0,384,0,"[0,0,0,0,0,0,0,0,0,0,0,0,-1,2,0,1,0,1,0,2,0,2,0,2,0,3,1,3,1,3,2,3,2,3,2,4,2,4,3,4,3,4,4,4,4,4,5,4,5,4,5,5,5,4,5,5,6,5,6,5,6,5,7,6,0,0,8,6,7,6,7,6,8,6,7,6,8,6,7,6,7,6,8,6,8,7,8,6,6,6,6,6,6,6,7,6,7,6,6,6,6,6,6,5,5,5,5,6,5,5,4,5,4,5,4,5,4,5,0,0,0,0,0,0,0,0,0,0,0,0,0,0,-3,4,-2,8,1,9,-4,6,-4,6,-1,10,3,10,0,17,1,15,5,14,6,16,9,18,9,18,8,20,11,24,14,19,15,22,15,21,16,27,25,22,25,25,25,29,29,29,29,28,28,34,33,33,34,30,40,33,40,33,39,36,43,33,41,34,37,31,42,36,41,36,49,35,40,37,42,40,38,36,42,36,38,39,45,40,39,36,38,36,37,37,41,36,39,40,35,33,38,40,34,35,33,35,29,35,30,32,26,28,27,31,20,34,26,39,0,0,0,0,0,0,0,0,0,0,0,0,0,0,0,0,0,0,0,0,0,0,59,49,58,58,50,60,54,68,49,71,48,72,37,77,39,84,32,82,29,77,27,83,28,83,21,87,15,80,17,79,11,75,13,79,9,76,8,73,7,71,-1,63,5,69,2,57,-1,51,3,49,1,54,2,45,-1,46,1,41,0,40,2,34,0,36,5,30,2,26,6,22,9,22,4,16,13,12,9,10,9,5,11,10,13,2,10,2,11,0,15,0,9,7,11,-4,13,-4,10,-5,10,-8,7,-3,6,-7,-1,-10,3,-1,7,-3,1,-4,0,-11,0,0]"
CSI_DATA,313,2a:00:00:00:00:00,-49,11,1,0,1,1,1,0,0,0,1,-96,0,11,2,4405549,0,44,0,384,0,"[0,0,0,0,0,0,0,0,0,0,0,0,1,-1,2,-1,2,-1,2,-1,2,-1,2,-1,3,-2,2,-2,3,-3,3,-2,3,-2,4,-3,4,-4,4,-4,4,-4,4,-5,4,-5,5,-5,4,-6,5,-6,5,-5,5,-6,5,-5,5,-7,6,-7,6,-7,0,0,7,-7,6,-8,6,-8,6,-8,6,-7,6,-8,6,-8,6,-8,7,-8,7,-7,7,-7,6,-7,6,-7,6,-7,6,-6,6,-7,6,-7,6,-6,6,-6,5,-5,6,-5,6,-5,6,-5,6,-5,5,-4,5,-4,0,0,0,0,0,0,0,0,0,0,0,0,0,0,3,1,2,4,8,2,6,2,12,-4,13,0,9,-5,14,-4,15,-10,16,-10,18,-12,20,-12,18,-14,19,-16,20,-17,19,-19,18,-24,20,-22,22,-24,21,-25,23,-31,29,-28,25,-34,26,-32,28,-36,26,-39,31,-39,33,-38,33,-41,26,-47,28,-42,30,-42,32,-43,33,-44,32,-44,36,-43,36,-48,37,-48,37,-46,37,-42,33,-42,35,-45,34,-43,34,-45,34,-47,35,-37,31,-37,39,-40,34,-33,30,-34,27,-31,31,-34,35,-26,32,-27,35,-31,28,-24,31,-23,0,0,0,0,0,0,0,0,0,0,0,0,0,0,0,0,0,0,0,0,0,0,22,-76,36,-74,42,-73,49,-74,52,-71,57,-63,56,-60,61,-57,66,-63,67,-54,70,-53,69,-52,74,-52,73,-43,74,-38,76,-33,68,-33,70,-27,64,-26,72,-20,68,-21,61,-19,58,-19,59,-18,54,-15,51,-19,42,-14,43,-12,40,-12,37,-10,27,-10,28,-7,24,-11,24,-11,16,-11,19,-7,15,-7,7,-9,10,-10,4,-12,6,-9,0,-11,4,-10,-1,-8,1,-9,-6,-4,-3,-3,-5,-9,-3,-7,-8,-7,-6,-9,-6,-9,-3,-3,-7,-4,-11,-1,-6,-2,-10,1,0,0]"
CSI_DATA,314,2a:00:00:00:00:00,-48,11,1,0,1,1,1,0,0,0,1,-96,0,11,2,4414761,0,44,0,384,0,"[0,0,0,0,0,0,0,0,0,0,0,0,-2,1,-2,2,-2,2,-2,2,-2,3,-2,3,-2,3,-2,3,-2,3,-2,4,-2,4,-2,4,-1,5,-2,5,-1,5,-1,6,-1,6,-1,6,-1,7,-1,7,-1,8,-1,8,-1,8,-1,8,-1,9,-1,8,0,0,-1,9,0,9,0,10,-1,9,0,10,0,10,-1,10,-1,10,-1,9,-1,10,-1,9,-1,9,-1,9,-1,9,-1,8,-2,8,-1,9,-1,7,-1,7,-1,7,-2,7,-2,7,-2,7,-2,6,-2,6,-2,6,0,0,0,0,0,0,0,0,0,0,0,0,0,0,-6,5,-6,5,-5,9,-5,3,-11,5,-8,6,-9,11,-12,17,-8,13,-9,15,-6,19,-9,22,-9,25,-7,20,-15,26,-5,30,-7,30,-8,31,-4,32,-6,38,-1,40,-6,41,-1,39,1,42,-8,39,-1,45,-4,48,-2,50,-5,52,-1,49,-5,49,-3,51,-1,53,-2,56,-5,58,-6,59,-8,56,-1,60,-3,63,0,58,-2,56,-8,54,-10,56,-9,56,-8,54,-2,55,-8,55,-8,50,-8,46,-8,46,-7,45,-5,45,-10,41,-11,42,-15,39,-14,37,-14,34,0,0,0,0,0,0,0,0,0,0,0,0,0,0,0,0,0,0,0,0,0,0,7,78,4,82,-3,82,-9,85,-17,82,-21,83,-22,80,-26,84,-34,87,-33,81,-44,70,-50,76,-47,73,-48,68,-48,64,-50,65,-52,63,-50,56,-48,51,-51,50,-50,45,-50,55,-45,40,-44,39,-46,34,-45,33,-44,28,-39,26,-33,26,-32,24,-27,22,-24,23,-23,17,-21,14,-19,14,-11,17,-14,15,-13,15,-12,16,-4,6,-4,10,-3,6,-4,7,0,4,-2,4,4,11,1,5,6,5,10,1,9,0,6,-5,6,2,4,0,6,2,3,0,-1,0,4,-3,0,0]"
CSI_DATA,315,2a:00:00:00:00:00,-47,11,1,0,1,1,1,0,0,0,1,-96,0,11,2,4435221,0,44,0,384,0,"[0,0,0,0,0,0,0,0,0,0,0,0,-2,2,-2,2,-2,2,-2,2,-3,2,-3,2,-3,3,-3,3,-3,3,-3,4,-3,4,-3,4,-3,5,-3,5,-3,5,-3,6,-2,6,-3,6,-2,6,-2,7,-2,7,-2,8,-3,8,-2,8,-3,8,-2,8,0,0,-2,9,-3,10,-2,9,-2,9,-3,9,-2,10,-3,10,-3,10,-3,9,-3,10,-3,9,-3,10,-3,9,-3,9,-4,9,-3,8,-4,9,-3,7,-3,7,-3,7,-3,7,-4,7,-4,7,-4,7,-4,6,-4,5,0,0,0,0,0,0,0,0,0,0,0,0,0,0,0,5,4,8,5,10,8,10,8,10,10,12,8,10,9,21,8,13,10,18,10,16,11,17,8,22,14,16,13,21,14,20,19,18,17,22,22,22,20,23,25,26,25,20,28,23,26,22,30,22,31,26,29,23,32,25,36,25,34,27,37,30,38,32,34,26,40,29,35,29,44,32,43,31,41,30,37,31,41,36,40,30,40,35,40,33,38,30,37,32,32,32,35,32,32,30,32,32,30,30,28,31,27,26,29,27,22,25,26,25,23,27,18,29,0,0,0,0,0,0,0,0,0,0,0,0,0,0,0,0,0,0,0,0,0,0,41,65,41,72,34,70,30,83,26,76,24,81,15,86,14,85,11,90,12,78,-4,89,-1,91,-5,88,-8,84,-13,87,-17,73,-20,82,-15,74,-16,71,-20,67,-17,66,-21,68,-22,58,-21,57,-22,53,-20,51,-23,44,-26,45,-16,35,-22,38,-8,31,-11,32,-15,30,-6,24,-5,24,-3,24,-8,15,-3,22,-2,14,-6,16,-3,15,2,11,-1,12,3,8,-1,10,0,9,4,8,1,5,1,8,2,1,3,5,1,5,2,5,-1,4,2,1,2,4,-4,6,0,0]"
CSI_DATA,316,2a:00:00:00:00:00,-47,11,1,0,1,1,1,0,0,0,1,-96,0,11,2,4444673,0,44,0,384,0,"[0,0,0,0,0,0,0,0,0,0,0,0,2,1,2,2,2,2,2,2,2,2,2,2,3,2,3,2,3,2,3,2,4,2,4,2,4,2,4,2,5,2,5,2,6,2,6,2,6,2,6,2,7,2,7,2,7,2,8,2,8,2,8,2,0,0,9,2,9,2,9,2,9,2,9,2,9,2,9,2,9,2,10,2,10,2,10,2,9,3,9,3,9,2,9,3,9,2,8,2,8,2,8,2,8,2,8,2,7,2,7,2,6,2,6,3,6,3,0,0,0,0,0,0,0,0,0,0,0,0,0,0,4,-3,6,-3,3,-4,4,-3,7,-7,4,0,5,-2,9,-2,4,-6,8,-5,9,-4,9,-3,11,-6,8,-6,9,-5,12,-7,9,-4,10,-9,11,-9,12,-10,12,-13,13,-10,12,-12,14,-12,12,-13,15,-14,13,-13,18,-16,17,-15,15,-17,17,-16,19,-19,15,-19,16,-18,16,-17,18,-20,17,-19,17,-20,17,-21,17,-19,17,-15,18,-16,17,-19,16,-18,17,-18,17,-15,16,-17,16,-16,17,-14,16,-12,14,-13,17,-12,13,-15,15,-11,14,-13,15,-9,16,-9,0,0,0,0,0,0,0,0,0,0,0,0,0,0,0,0,0,0,0,0,0,0,41,-2,43,0,38,3,44,7,42,8,44,12,41,13,40,17,43,19,38,17,36,23,37,22,40,23,39,27,37,25,30,24,33,26,31,26,30,26,24,26,25,27,24,27,20,25,19,25,20,24,18,22,16,20,17,23,14,17,16,17,13,15,13,14,11,12,11,11,11,10,10,9,9,8,5,7,7,6,8,6,6,4,4,5,7,2,6,0,4,1,7,1,4,2,4,2,5,2,5,0,1,1,-1,0,5,6,3,3,0,3,3,4,2,1,0,0]"
CSI_DATA,317,2a:00:00:00:00:00,-49,11,1,0,1,1,1,0,0,0,1,-96,0,11,2,4464673,0,44,0,384,0,"[0,0,0,0,0,0,0,0,0,0,0,0,1,-4,1,-4,0,-4,0,-4,1,-4,1,-4,1,-4,0,-4,0,-5,0,-4,0,-5,0,-5,0,-5,0,-6,-1,-6,0,-6,-1,-6,-1,-6,-1,-7,-1,-7,-1,-7,-2,-7,-1,-7,-2,-8,-2,-7,-1,-8,0,0,-2,-8,-3,-8,-3,-9,-2,-9,-3,-8,-3,-9,-3,-9,-2,-9,-2,-9,-2,-8,-2,-9,-2,-9,-2,-8,-2,-9,-2,-8,-2,-7,-2,-8,-2,-7,-2,-7,-1,-7,-1,-7,-1,-7,-1,-7,-1,-7,0,-6,-1,-6,0,0,0,0,0,0,0,0,0,0,0,0,0,0,-1,-9,2,-9,2,-9,0,-9,1,-10,4,-9,0,-11,0,-13,2,-8,2,-10,0,-11,0,-9,-2,-11,0,-11,0,-13,-1,-14,-2,-15,-1,-14,-2,-16,-4,-14,-6,-17,-4,-15,-4,-18,-6,-17,-6,-18,-7,-18,-6,-17,-9,-21,-6,-20,-8,-19,-6,-22,-9,-22,-7,-21,-10,-24,-10,-20,-8,-25,-10,-23,-11,-22,-9,-24,-10,-23,-7,-22,-8,-23,-8,-24,-7,-22,-8,-24,-6,-22,-6,-23,-4,-23,-5,-19,-6,-19,-8,-19,-5,-19,-4,-17,-3,-19,-1,-17,-3,-17,-3,-17,0,0,0,0,0,0,0,0,0,0,0,0,0,0,0,0,0,0,0,0,0,0,24,-30,26,-30,28,-28,34,-28,34,-23,36,-23,35,-21,41,-20,38,-20,40,-14,42,-12,41,-11,45,-11,42,-9,42,-7,40,-7,43,-8,40,-5,41,-3,38,-4,38,-3,36,-2,35,0,37,2,33,1,31,1,29,5,29,1,25,0,25,1,22,1,23,4,21,1,18,0,19,1,16,0,16,-1,15,-1,13,0,12,-1,13,-2,11,-3,9,-1,9,-3,9,-4,9,-1,9,-1,7,-2,9,-5,9,-2,9,-2,8,3,7,-4,8,1,10,0,8,1,9,0,0,0]"
CSI_DATA,318,2a:00:00:00:00:00,-48,11,1,0,1,1,1,0,0,0,1,-96,0,11,2,4475177,0,44,0,384,0,"[0,0,0,0,0,0,0,0,0,0,0,0,-1,3,-1,3,-1,3,-1,4,-1,3,-1,4,-1,4,-1,4,-1,4,0,4,0,4,0,4,0,5,0,5,1,5,1,5,1,5,1,5,2,6,2,6,2,6,2,6,2,6,2,6,2,7,2,7,0,0,3,7,2,8,3,8,3,7,3,8,3,8,3,8,3,8,2,8,2,8,2,8,2,8,2,8,2,8,1,7,1,7,1,7,1,7,1,7,1,6,1,6,0,7,0,6,0,6,0,6,0,5,0,0,0,0,0,0,0,0,0,0,0,0,0,0,17,14,12,12,15,15,13,15,15,14,15,12,10,13,15,11,19,11,21,13,19,12,17,15,25,15,19,10,21,14,25,12,21,12,27,12,23,8,27,12,29,15,27,8,30,9,29,9,31,13,36,13,37,14,37,8,41,13,41,8,44,13,41,14,42,11,37,9,37,10,43,13,47,8,42,14,42,14,44,15,47,16,45,18,39,18,41,21,42,16,43,21,41,24,37,15,39,20,32,21,35,21,34,17,30,10,31,22,28,15,26,22,26,21,0,0,0,0,0,0,0,0,0,0,0,0,0,0,0,0,0,0,0,0,0,0,49,59,49,66,44,66,42,75,35,74,30,80,29,80,19,84,22,87,16,82,6,86,7,88,1,91,1,89,-1,91,-9,79,-10,88,-11,79,-14,77,-16,76,-15,70,-23,73,-27,67,-21,61,-29,62,-17,60,-18,54,-23,56,-17,50,-24,50,-24,44,-19,38,-19,33,-16,37,-15,32,-14,34,-17,34,-9,29,-13,28,-11,30,-14,30,-5,22,-11,26,-8,23,-9,20,-6,16,-8,18,-10,24,-7,18,-12,22,-7,19,-8,19,-12,21,-11,14,-7,15,-10,20,-11,16,0,0]"
CSI_DATA,319,2a:00:00:00:00:00,-50,11,1,0,1,1,1,0,0,0,1,-96,0,11,2,4495734,0,44,0,384,0,"[0,0,0,0,0,0,0,0,0,0,0,0,-4,-3,-3,-3,-4,-3,-3,-3,-4,-3,-4,-3,-4,-3,-4,-3,-4,-3,-4,-3,-4,-2,-5,-3,-5,-3,-5,-2,-5,-2,-5,-2,-6,-2,-6,-2,-6,-2,-6,-2,-6,-3,-6,-3,-6,-2,-7,-3,-7,-2,-7,-2,0,0,-8,-2,-7,-3,-7,-3,-8,-2,-7,-3,-7,-3,-7,-3,-7,-3,-8,-3,-8,-3,-8,-3,-7,-3,-7,-3,-7,-3,-7,-3,-7,-3,-6,-3,-6,-3,-6,-3,-6,-3,-6,-3,-5,-3,-4,-3,-4,-3,-5,-4,-4,-3,0,0,0,0,0,0,0,0,0,0,0,0,0,0,-7,-7,-7,-9,-8,-8,-7,-10,-5,-8,-7,-9,-8,-9,-5,-10,-7,-9,-9,-7,-8,-9,-10,-9,-7,-9,-10,-7,-10,-11,-11,-7,-13,-8,-9,-10,-12,-10,-14,-8,-14,-9,-13,-7,-14,-9,-13,-10,-15,-9,-15,-10,-16,-9,-18,-9,-17,-8,-19,-9,-19,-8,-18,-11,-18,-9,-17,-12,-19,-12,-19,-11,-20,-11,-19,-9,-18,-10,-20,-12,-17,-10,-18,-14,-16,-13,-16,-12,-17,-13,-18,-14,-17,-13,-16,-13,-14,-13,-13,-10,-12,-13,-15,-13,-12,-10,-10,-11,-9,-11,-11,-12,-9,-13,0,0,0,0,0,0,0,0,0,0,0,0,0,0,0,0,0,0,0,0,0,0,-24,-34,-22,-37,-16,-36,-16,-42,-11,-39,-10,-42,-7,-42,-7,-43,-3,-47,-2,-43,2,-46,0,-47,2,-46,5,-45,9,-43,11,-41,13,-43,13,-41,11,-38,14,-37,13,-36,18,-34,14,-33,18,-29,17,-29,14,-30,17,-28,16,-29,15,-24,15,-23,13,-21,14,-20,13,-21,13,-20,10,-17,10,-18,10,-18,8,-14,10,-15,8,-13,9,-13,6,-12,7,-13,8,-12,5,-12,5,-13,4,-13,5,-12,6,-11,6,-8,7,-10,5,-13,5,-10,7,-8,5,-9,5,-10,5,-7,0,0]"
CSI_DATA,320,2a:00:00:00:00:00,-50,11,1,0,1,1,1,0,0,0,1,-96,0,11,2,4504651,0,44,0,384,0,"[0,0,0,0,0,0,0,0,0,0,0,0,-3,-3,-2,-4,-2,-4,-3,-4,-2,-4,-3,-4,-3,-4,-3,-4,-3,-4,-3,-4,-3,-4,-3,-4,-4,-4,-4,-4,-4,-5,-5,-4,-4,-4,-5,-4,-5,-4,-5,-4,-5,-4,-5,-5,-5,-5,-6,-5,-6,-5,-6,-4,0,0,-6,-5,-6,-5,-6,-5,-6,-5,-6,-5,-6,-5,-6,-5,-6,-5,-6,-5,-6,-5,-6,-5,-5,-6,-5,-6,-5,-6,-5,-5,-5,-5,-5,-6,-5,-4,-5,-4,-5,-4,-4,-5,-4,-5,-4,-5,-3,-5,-4,-5,-3,-4,0,0,0,0,0,0,0,0,0,0,0,0,0,0,-5,-9,-7,-11,-5,-11,-4,-9,-7,-10,-6,-9,-7,-8,-5,-10,-6,-9,-8,-9,-6,-10,-7,-10,-6,-11,-7,-11,-8,-10,-9,-11,-8,-13,-9,-9,-10,-11,-10,-10,-11,-13,-10,-10,-11,-11,-11,-11,-13,-12,-14,-11,-12,-10,-14,-9,-14,-13,-18,-11,-13,-11,-15,-13,-13,-12,-15,-13,-16,-12,-14,-14,-17,-12,-15,-14,-16,-14,-17,-13,-16,-14,-14,-13,-13,-15,-15,-14,-14,-17,-14,-12,-14,-13,-10,-14,-12,-14,-10,-11,-12,-11,-12,-11,-11,-13,-10,-10,-8,-10,-8,-12,-7,-13,0,0,0,0,0,0,0,0,0,0,0,0,0,0,0,0,0,0,0,0,0,0,-3,-39,3,-42,5,-42,9,-44,10,-40,14,-40,15,-40,17,-41,22,-44,20,-36,24,-38,25,-37,26,-38,29,-37,31,-37,30,-29,30,-32,30,-28,29,-27,30,-26,30,-25,31,-25,29,-21,28,-20,30,-19,27,-19,27,-17,27,-17,26,-14,23,-16,20,-11,23,-11,19,-12,20,-12,18,-10,17,-12,14,-12,14,-10,13,-10,12,-9,13,-11,10,-11,12,-9,10,-7,10,-8,7,-11,8,-7,9,-9,9,-10,9,-7,7,-8,7,-11,10,-4,6,-7,8,-8,9,-7,10,-8,0,0]"
CSI_DATA,321,2a:00:00:00:00:00,-48,11,1,0,1,1,1,0,0,0,1,-96,0,11,2,4524659,0,44,0,384,0,"[0,0,0,0,0,0,0,0,0,0,0,0,-1,-5,-1,-5,-1,-5,-1,-5,-1,-5,-1,-5,-1,-5,-1,-5,-1,-5,-1,-5,-1,-6,-2,-6,-2,-6,-2,-6,-2,-6,-3,-6,-3,-6,-3,-7,-3,-7,-3,-7,-3,-7,-3,-7,-3,-7,-4,-7,-4,-8,-4,-7,0,0,-4,-8,-4,-8,-4,-8,-4,-8,-4,-8,-4,-8,-4,-8,-4,-8,-3,-8,-3,-8,-3,-8,-3,-8,-3,-8,-3,-8,-3,-7,-3,-7,-3,-8,-2,-7,-2,-6,-2,-6,-2,-6,-2,-6,-2,-6,-2,-6,-2,-6,-1,-5,0,0,0,0,0,0,0,0,0,0,0,0,0,0,-19,-12,-20,-10,-24,-5,-23,-2,-28,-5,-26,-4,-23,-8,-25,-4,-27,-9,-31,2,-23,-2,-31,0,-26,-1,-29,3,-28,-4,-29,-1,-30,-3,-33,-1,-32,-2,-36,5,-32,4,-35,0,-34,3,-35,2,-33,6,-36,4,-43,4,-39,5,-36,5,-43,4,-40,3,-43,6,-39,11,-44,6,-39,3,-42,7,-39,6,-46,6,-38,4,-43,7,-45,4,-46,7,-38,-2,-41,2,-42,2,-38,-3,-38,3,-34,-3,-34,2,-37,3,-36,-2,-31,1,-29,2,-22,3,-29,-1,-30,-3,-29,-8,0,0,0,0,0,0,0,0,0,0,0,0,0,0,0,0,0,0,0,0,0,0,-54,-59,-51,-64,-43,-66,-47,-79,-38,-73,-32,-80,-30,-81,-25,-88,-26,-89,-17,-87,-12,-88,-9,-89,-4,-94,4,-90,7,-92,5,-84,3,-88,11,-80,9,-81,8,-77,16,-76,15,-75,18,-69,20,-67,26,-65,21,-67,21,-56,20,-58,19,-52,19,-56,17,-51,18,-49,16,-44,20,-39,18,-46,12,-40,11,-36,10,-38,14,-31,13,-30,10,-35,10,-26,10,-32,10,-30,4,-25,8,-27,6,-24,4,-24,5,-28,3,-23,-1,-24,-1,-27,14,-28,-1,-24,6,-26,3,-23,6,-17,0,0]"
CSI_DATA,322,2a:00:00:00:00:00,-49,11,1,0,1,1,1,0,0,0,1,-96,0,11,2,4534664,0,44,0,384,0,"[0,0,0,0,0,0,0,0,0,0,0,0,5,-1,5,-1,6,-1,5,-1,5,-1,5,-1,6,-1,6,-1,6,-1,6,-1,6,-2,6,-2,5,-2,6,-2,6,-2,7,-3,6,-3,7,-2,6,-3,6,-3,7,-2,7,-3,7,-3,7,-3,7,-4,8,-3,0,0,7,-3,7,-3,7,-3,8,-3,7,-3,8,-3,7,-2,7,-2,8,-2,8,-2,8,-2,7,-1,7,-2,6,-2,7,-1,6,-1,6,-1,6,-1,6,-1,6,0,5,0,5,-1,5,-1,5,0,5,0,4,0,0,0,0,0,0,0,0,0,0,0,0,0,0,0,27,6,31,3,31,1,33,-1,30,-1,31,-4,31,1,33,0,32,-3,29,2,29,1,30,-7,32,-3,32,-2,32,0,32,-7,36,-10,33,-5,37,-5,34,-12,38,-13,35,-9,34,-12,36,-10,38,-8,37,-14,41,-10,34,-14,38,-11,44,-12,38,-11,44,-11,35,-15,41,-15,42,-12,39,-12,35,-15,39,-13,41,-12,45,-10,40,-10,41,-9,42,-8,33,-9,40,-8,35,-3,35,-6,37,-6,27,1,30,-1,31,-4,29,-4,30,-6,27,-4,28,-3,28,2,24,1,0,0,0,0,0,0,0,0,0,0,0,0,0,0,0,0,0,0,0,0,0,0,65,32,64,34,66,40,61,45,61,52,53,56,51,53,47,60,51,66,45,66,38,74,39,79,38,74,27,81,24,75,22,79,21,74,11,75,14,69,10,68,5,67,6,72,4,67,0,64,-5,65,-4,58,-2,61,-9,60,-2,54,-7,51,-5,52,-9,48,-3,47,-1,44,0,39,-5,46,-6,42,-4,38,-5,39,-4,36,-3,35,-6,33,-4,37,-1,31,-2,32,-5,28,-5,30,-2,33,-3,29,1,32,-1,26,7,35,-13,31,0,30,-2,32,2,36,-3,33,0,0]"
CSI_DATA,323,2a:00:00:00:00:00,-47,11,1,0,1,1,1,0,0,0,1,-96,0,11,2,4544714,0,44,0,384,0,"[0,0,0,0,0,0,0,0,0,0,0,0,-4,6,-3,6,-3,6,-3,6,-3,6,-3,5,-3,6,-2,6,-3,6,-2,6,-3,7,-2,6,-2,7,-2,7,-2,7,-2,7,-2,7,-2,7,-2,7,-2,7,-2,7,-2,8,-2,7,-2,8,-2,8,-3,8,0,0,-3,8,-2,8,-2,8,-3,7,-2,8,-2,8,-3,8,-3,8,-3,7,-3,7,-3,7,-3,7,-3,7,-3,7,-4,6,-3,6,-4,6,-3,5,-3,4,-3,4,-3,4,-3,5,-4,4,-4,4,-3,3,-3,3,0,0,0,0,0,0,0,0,0,0,0,0,0,0,-21,34,-22,28,-19,37,-21,29,-23,32,-23,30,-26,29,-22,35,-18,36,-20,31,-23,28,-17,31,-18,29,-17,33,-11,34,-18,34,-13,35,-14,33,-18,36,-17,36,-14,37,-18,35,-13,42,-11,40,-24,41,-16,44,-14,37,-15,42,-19,45,-14,44,-11,37,-19,41,-16,42,-19,46,-16,43,-21,44,-22,39,-20,43,-20,43,-20,37,-21,30,-23,36,-22,39,-25,36,-24,34,-22,29,-23,27,-25,29,-22,25,-18,27,-19,27,-22,22,-19,21,-19,24,-22,19,-18,20,-20,19,0,0,0,0,0,0,0,0,0,0,0,0,0,0,0,0,0,0,0,0,0,0,-25,61,-31,62,-36,60,-44,55,-49,56,-53,54,-56,46,-61,48,-64,43,-66,42,-69,39,-72,33,-76,31,-76,20,-73,21,-73,10,-77,13,-68,1,-72,7,-69,-4,-72,-2,-71,-2,-67,-8,-66,-10,-63,-9,-60,-12,-58,-17,-53,-16,-52,-17,-51,-15,-42,-19,-45,-20,-43,-19,-43,-16,-45,-11,-31,-17,-37,-14,-37,-17,-35,-19,-36,-13,-34,-14,-34,-13,-34,-17,-35,-10,-32,-19,-28,-10,-33,-15,-28,-12,-33,-14,-35,-15,-34,-12,-31,-12,-28,-16,-31,-12,-37,-21,-35,-21,-29,-21,0,0]"
CSI_DATA,324,2a:00:00:00:00:00,-47,11,1,0,1,1,1,0,0,0,1,-96,0,11,2,4555351,0,44,0,384,0,"[0,0,0,0,0,0,0,0,0,0,0,0,3,6,3,5,3,6,3,6,3,6,3,6,3,5,3,5,3,6,4,5,3,5,4,5,4,6,4,6,4,5,4,5,4,5,4,5,5,5,5,6,4,5,5,6,5,5,5,6,5,6,5,5,0,0,5,6,5,6,5,6,5,5,5,6,5,6,5,6,5,5,4,5,4,5,4,6,4,6,4,6,3,6,3,5,3,5,3,5,3,4,2,4,2,4,2,4,1,5,2,4,1,4,1,4,1,4,0,0,0,0,0,0,0,0,0,0,0,0,0,0,8,44,5,40,9,39,12,39,14,40,10,39,12,41,12,41,12,37,13,40,13,38,9,37,16,38,14,38,12,39,19,37,21,39,18,36,19,40,26,35,25,36,22,38,25,40,24,37,17,41,26,39,22,37,29,36,24,41,26,39,24,41,30,45,24,39,25,38,27,36,22,44,21,42,21,41,20,42,23,40,20,40,22,40,18,42,19,40,15,37,18,35,16,34,11,38,12,38,9,29,13,31,12,32,9,30,3,25,6,32,6,29,8,26,0,0,0,0,0,0,0,0,0,0,0,0,0,0,0,0,0,0,0,0,0,0,27,59,18,60,9,67,7,75,-4,73,-4,71,-7,71,-17,76,-26,74,-25,71,-34,69,-35,72,-39,68,-42,69,-48,62,-46,57,-50,58,-51,57,-54,52,-59,43,-55,37,-56,36,-55,38,-54,32,-59,28,-56,26,-55,23,-51,21,-55,20,-50,25,-50,22,-47,15,-49,13,-47,13,-46,10,-44,12,-41,16,-44,8,-38,12,-41,14,-36,15,-37,13,-35,13,-40,12,-33,12,-43,13,-37,12,-39,10,-39,14,-39,11,-36,13,-39,13,-41,13,-39,11,-40,15,-42,15,-43,11,0,0]"
CSI_DATA,325,2a:00:00:00:00:00,-47,11,1,0,1,1,1,0,0,0,1,-96,0,11,2,4564656,0,44,0,384,0,"[0,0,0,0,0,0,0,0,0,0,0,0,-4,7,-4,6,-3,7,-4,6,-4,7,-4,6,-4,6,-4,7,-4,7,-3,7,-3,7,-3,7,-3,7,-3,7,-3,7,-3,7,-3,7,-3,7,-2,8,-2,8,-2,8,-2,8,-3,8,-2,8,-2,8,-3,8,0,0,-3,8,-2,8,-2,9,-3,8,-3,8,-2,8,-3,8,-2,8,-3,7,-3,7,-3,7,-3,7,-3,7,-3,7,-3,6,-4,5,-3,6,-3,5,-3,5,-3,5,-3,4,-3,5,-3,5,-3,4,-3,3,-4,3,0,0,0,0,0,0,0,0,0,0,0,0,0,0,-26,38,-26,32,-24,37,-27,31,-23,30,-25,31,-26,31,-27,29,-25,35,-28,34,-20,33,-18,31,-20,36,-23,34,-25,34,-19,40,-16,39,-17,42,-17,38,-17,38,-22,44,-16,42,-13,43,-18,39,-16,38,-16,40,-14,41,-18,48,-20,41,-18,42,-16,45,-20,40,-17,46,-18,50,-17,43,-18,47,-16,48,-19,41,-19,43,-18,39,-21,39,-19,36,-23,42,-18,38,-25,33,-19,30,-21,31,-22,33,-15,27,-18,25,-16,27,-17,24,-18,25,-18,21,-18,19,-19,22,-16,15,0,0,0,0,0,0,0,0,0,0,0,0,0,0,0,0,0,0,0,0,0,0,-34,51,-44,54,-49,52,-58,49,-56,41,-60,39,-62,31,-66,31,-72,27,-67,18,-75,18,-73,11,-75,9,-79,5,-74,-3,-74,-3,-75,-5,-70,-15,-71,-12,-70,-17,-64,-20,-69,-19,-61,-26,-58,-25,-54,-29,-52,-25,-51,-31,-50,-28,-44,-27,-48,-27,-41,-29,-43,-33,-41,-27,-40,-27,-40,-24,-34,-29,-32,-24,-34,-23,-33,-25,-35,-26,-34,-23,-30,-23,-32,-26,-31,-23,-32,-27,-33,-14,-34,-22,-35,-23,-34,-21,-36,-23,-37,-21,-43,-23,-32,-25,-36,-24,-42,-23,-40,-23,-38,-27,0,0]"
CSI_DATA,326,2a:00:00:00:00:00,-47,11,1,0,1,1,1,0,0,0,1,-96,0,11,2,4574663,0,44,0,384,0,"[0,0,0,0,0,0,0,0,0,0,0,0,0,-8,0,-7,0,-8,0,-8,0,-8,0,-8,0,-8,0,-8,-1,-7,0,-8,-1,-8,-1,-8,-1,-8,-2,-8,-2,-8,-2,-9,-2,-8,-2,-8,-2,-8,-2,-9,-2,-8,-2,-9,-2,-8,-3,-9,-3,-9,-2,-8,0,0,-2,-8,-2,-9,-3,-9,-2,-8,-2,-9,-2,-9,-2,-9,-2,-9,-1,-8,-2,-8,-1,-8,-1,-8,-1,-7,-1,-8,-1,-7,-1,-6,0,-7,0,-6,0,-6,-1,-6,-1,-6,0,-6,0,-6,0,-6,0,-5,0,-5,0,0,0,0,0,0,0,0,0,0,0,0,0,0,8,-44,7,-40,6,-44,6,-42,8,-42,6,-43,4,-41,9,-44,2,-37,-1,-37,6,-39,4,-41,4,-45,-2,-42,1,-42,-2,-42,-6,-46,-3,-42,-2,-41,-3,-45,-9,-47,-2,-40,-6,-45,-6,-44,-6,-47,-6,-52,-3,-42,-7,-48,-12,-48,-6,-47,-8,-46,-4,-49,-4,-52,-7,-50,-8,-44,-7,-51,-2,-52,0,-48,-5,-51,0,-45,-6,-39,-4,-43,0,-43,2,-42,1,-41,-1,-39,-2,-37,4,-39,2,-32,4,-32,2,-29,4,-26,4,-34,11,-32,7,-23,1,-24,3,-24,0,0,0,0,0,0,0,0,0,0,0,0,0,0,0,0,0,0,0,0,0,0,4,-66,10,-64,14,-67,25,-69,26,-66,32,-64,37,-60,42,-59,50,-54,48,-53,54,-49,59,-50,61,-49,64,-43,64,-32,62,-30,65,-26,63,-24,65,-20,65,-13,65,-9,67,-12,63,-5,63,-6,61,-4,52,-4,57,4,53,5,52,0,56,4,41,7,46,6,48,11,51,7,46,8,44,6,38,6,38,9,44,10,41,3,41,10,40,10,37,7,40,8,34,6,42,1,36,8,36,6,43,7,38,5,43,5,44,5,35,10,39,2,39,4,43,0,41,7,0,0]"
CSI_DATA,327,2a:00:00:00:00:00,-47,11,1,0,1,1,1,0,0,0,1,-96,0,11,2,4586730,0,44,0,384,0,"[0,0,0,0,0,0,0,0,0,0,0,0,4,5,4,5,5,5,4,5,4,5,4,5,5,4,5,5,5,5,5,5,5,5,5,5,5,5,6,5,6,5,6,5,6,4,6,4,6,5,6,5,6,5,6,4,6,4,7,5,7,5,7,4,0,0,6,4,6,5,6,5,6,5,6,5,6,5,5,5,5,5,6,5,5,5,5,5,4,5,4,5,4,5,4,4,4,4,3,4,4,4,3,4,3,4,3,4,2,4,2,4,2,3,2,4,2,4,0,0,0,0,0,0,0,0,0,0,0,0,0,0,31,28,28,27,33,30,33,23,34,27,34,24,33,25,33,25,34,24,36,23,33,21,36,22,39,25,40,22,38,24,40,20,36,19,40,19,40,19,38,19,45,20,45,23,44,17,44,19,43,16,43,21,46,21,46,16,41,21,46,16,43,22,46,20,47,21,43,22,47,19,43,24,42,22,41,21,38,21,38,21,43,26,41,26,37,24,35,21,33,25,30,26,33,25,27,22,26,21,24,23,21,21,22,22,20,20,19,18,19,17,18,18,16,19,0,0,0,0,0,0,0,0,0,0,0,0,0,0,0,0,0,0,0,0,0,0,55,29,54,32,55,41,49,45,47,51,44,54,40,58,35,66,28,66,27,69,20,70,19,74,16,75,5,72,1,69,-4,71,-6,72,-12,68,-13,66,-18,65,-23,56,-25,58,-27,59,-28,54,-32,52,-33,50,-29,43,-33,44,-36,42,-35,42,-30,40,-36,37,-34,36,-32,34,-33,33,-35,30,-29,33,-30,30,-33,31,-31,30,-27,28,-30,30,-31,29,-30,27,-28,30,-25,27,-28,25,-29,29,-27,27,-23,28,-25,25,-30,30,-26,31,-28,31,-33,27,-25,34,-27,29,0,0]"
CSI_DATA,328,2a:00:00:00:00:00,-47,11,1,0,1,1,1,0,0,0,1,-96,0,11,2,4594952,0,44,0,384,0,"[0,0,0,0,0,0,0,0,0,0,0,0,7,-5,7,-5,7,-5,7,-5,7,-5,7,-5,7,-6,7,-6,7,-6,6,-6,7,-6,7,-6,7,-6,7,-6,6,-7,7,-8,6,-8,7,-7,6,-7,6,-8,6,-8,6,-8,6,-8,6,-8,6,-8,7,-8,0,0,7,-8,6,-8,6,-8,7,-8,6,-7,6,-7,6,-7,6,-7,7,-7,7,-6,6,-6,6,-6,6,-6,5,-5,6,-5,6,-5,5,-5,5,-4,5,-3,5,-4,5,-3,4,-4,4,-4,4,-3,4,-3,4,-2,0,0,0,0,0,0,0,0,0,0,0,0,0,0,41,-19,40,-14,36,-18,38,-16,43,-24,39,-22,43,-22,40,-21,42,-22,39,-19,39,-25,37,-26,40,-29,36,-26,38,-29,33,-27,37,-34,33,-27,39,-31,39,-33,36,-34,39,-33,33,-33,36,-34,38,-34,39,-37,35,-36,40,-39,32,-38,38,-36,38,-34,37,-34,38,-34,36,-37,36,-38,34,-34,37,-34,39,-35,39,-35,39,-29,37,-31,37,-28,41,-27,38,-27,32,-26,33,-21,34,-17,33,-24,30,-15,29,-16,27,-14,29,-14,30,-13,26,-14,26,-14,24,-13,25,-8,0,0,0,0,0,0,0,0,0,0,0,0,0,0,0,0,0,0,0,0,0,0,58,-23,60,-14,64,-8,62,-3,68,1,63,4,67,13,70,18,66,21,66,26,64,33,59,36,62,36,54,45,51,46,46,54,41,53,36,53,36,51,38,53,29,54,33,55,23,60,21,48,20,53,24,57,13,52,16,54,9,53,8,48,5,49,4,50,5,45,9,48,7,47,5,47,5,43,5,45,-2,43,5,42,3,43,-1,42,3,39,9,42,6,34,12,42,5,40,9,34,10,42,9,38,14,37,9,39,9,40,11,39,13,37,8,40,15,41,0,0]"
CSI_DATA,329,2a:00:00:00:00:00,-46,11,1,0,1,1,1,0,0,0,1,-96,0,11,2,4604674,0,44,0,384,0,"[0,0,0,0,0,0,0,0,0,0,0,0,7,1,8,1,8,1,8,2,7,1,8,1,8,0,8,0,8,0,8,0,9,0,9,0,8,0,8,0,8,0,9,-1,9,-1,9,-1,9,-1,8,-1,9,-1,9,-1,9,-1,9,-1,9,0,10,-1,0,0,10,-1,9,0,9,0,9,0,9,0,8,-1,8,0,8,0,9,0,8,1,8,1,7,1,7,1,7,1,7,1,7,1,6,1,6,1,6,1,5,1,5,1,5,1,4,1,4,1,4,2,4,2,0,0,0,0,0,0,0,0,0,0,0,0,0,0,38,12,41,20,39,16,44,12,45,18,40,15,43,14,45,19,44,16,45,14,44,15,45,9,53,12,44,10,42,5,46,5,49,9,47,7,50,6,50,9,53,2,52,7,49,0,52,1,50,4,53,6,47,4,56,2,52,5,58,0,51,4,60,1,57,2,55,5,52,4,51,3,51,6,48,0,51,3,51,6,50,9,45,10,40,10,42,9,42,10,44,11,40,11,34,11,37,12,32,10,33,8,32,11,32,5,29,6,26,11,23,17,23,12,0,0,0,0,0,0,0,0,0,0,0,0,0,0,0,0,0,0,0,0,0,0,54,23,56,31,49,33,49,38,39,42,42,48,36,46,34,54,34,60,29,61,18,63,15,64,17,67,8,66,6,64,-1,65,-4,65,-9,63,-14,58,-14,57,-15,55,-21,58,-23,57,-23,53,-24,52,-24,52,-29,46,-26,48,-25,42,-33,35,-31,44,-32,36,-30,38,-28,38,-25,39,-27,35,-26,36,-27,29,-25,35,-30,36,-27,30,-26,31,-23,33,-25,33,-26,31,-21,31,-24,29,-20,34,-23,30,-19,36,-20,33,-13,34,-28,38,-19,36,-18,37,-19,34,-18,38,0,0]"
CSI_DATA,330,2a:00:00:00:00:00,-47,11,1,0,1,1,1,0,0,0,1,-96,0,11,2,4625455,0,44,0,384,0,"[0,0,0,0,0,0,0,0,0,0,0,0,8,-2,8,-3,7,-3,8,-3,8,-3,8,-3,8,-3,8,-3,8,-3,7,-4,8,-4,8,-5,8,-5,7,-5,8,-4,8,-5,9,-6,8,-5,8,-5,8,-5,8,-5,8,-5,8,-6,8,-6,9,-6,9,-7,0,0,9,-6,8,-6,9,-6,9,-6,9,-6,8,-5,8,-5,8,-5,9,-5,8,-5,8,-4,8,-4,7,-4,7,-4,7,-3,7,-3,7,-3,7,-3,6,-2,6,-2,6,-2,5,-2,5,-2,5,-2,5,-1,5,-1,0,0,0,0,0,0,0,0,0,0,0,0,0,0,45,-2,43,-3,52,-6,49,-5,48,-4,48,-4,50,-6,52,-5,47,-10,51,-9,50,-10,49,-10,53,-9,48,-11,52,-10,46,-15,53,-14,51,-16,53,-16,51,-14,53,-18,49,-23,50,-22,52,-20,50,-23,58,-21,51,-22,51,-26,54,-24,56,-23,56,-22,59,-24,58,-23,53,-24,52,-25,51,-21,55,-20,54,-22,53,-19,53,-17,47,-14,55,-12,52,-9,50,-11,50,-12,48,-12,39,-7,45,-11,41,-1,37,-2,35,-4,36,-2,37,-6,31,-1,31,0,24,0,30,4,0,0,0,0,0,0,0,0,0,0,0,0,0,0,0,0,0,0,0,0,0,0,63,-20,64,-8,66,0,68,4,64,14,67,14,64,17,61,22,56,30,54,30,55,36,48,42,50,42,44,46,40,50,35,45,35,52,29,52,29,52,18,53,15,49,21,50,14,48,11,51,10,50,7,49,7,47,-1,48,0,45,3,42,1,40,0,40,-1,41,-7,40,-9,41,-5,35,-3,36,-7,41,-12,31,-3,34,-7,38,-4,38,-4,37,-3,35,-6,36,-5,30,-3,37,0,38,-4,38,-9,35,-4,36,-4,37,-3,37,1,41,1,39,-6,40,1,42,0,0]"
CSI_DATA,331,2a:00:00:00:00:00,-46,11,1,0,1,1,1,0,0,0,1,-96,0,11,2,4634672,0,44,0,384,0,"[0,0,0,0,0,0,0,0,0,0,0,0,-7,6,-7,6,-6,7,-6,6,-7,6,-7,6,-6,6,-7,7,-6,7,-6,7,-6,7,-6,7,-6,8,-6,7,-6,7,-6,8,-6,8,-6,8,-5,8,-6,8,-6,8,-6,8,-6,8,-6,9,-6,9,-7,8,0,0,-7,8,-6,9,-6,8,-7,8,-7,8,-7,8,-7,8,-7,7,-7,6,-7,7,-7,6,-7,6,-7,6,-6,5,-7,5,-6,5,-7,5,-6,3,-6,4,-6,3,-6,3,-6,3,-6,3,-6,3,-5,2,-5,2,0,0,0,0,0,0,0,0,0,0,0,0,0,0,-18,45,-27,41,-22,49,-16,44,-22,48,-24,49,-17,45,-15,48,-21,49,-20,47,-16,49,-17,47,-16,51,-18,52,-18,52,-13,51,-13,51,-10,48,-13,53,-14,49,-7,60,-15,53,-10,56,-10,57,-12,58,-13,60,-10,55,-10,60,-8,58,-7,58,-9,60,-12,62,-11,59,-11,63,-11,54,-17,62,-13,59,-14,55,-18,53,-18,50,-17,51,-18,53,-18,51,-17,43,-19,42,-17,38,-19,43,-17,37,-19,33,-22,33,-19,31,-19,31,-16,26,-20,27,-16,25,-17,31,-21,22,0,0,0,0,0,0,0,0,0,0,0,0,0,0,0,0,0,0,0,0,0,0,16,62,10,66,3,65,-3,68,-8,61,-18,65,-20,60,-24,57,-35,62,-32,54,-36,49,-40,50,-43,47,-45,45,-49,38,-44,32,-51,29,-47,24,-54,21,-47,21,-47,14,-50,13,-50,5,-47,6,-46,-1,-44,-1,-45,-3,-44,-2,-39,-2,-41,-5,-35,-8,-36,-12,-36,-9,-35,-13,-36,-14,-37,-8,-29,-12,-29,-12,-32,-10,-31,-14,-36,-16,-27,-13,-32,-14,-30,-15,-31,-15,-37,-17,-33,-20,-30,-10,-36,-19,-36,-13,-34,-12,-32,-6,-49,-29,-36,-14,-41,-16,-44,-21,-41,-15,0,0]"
CSI_DATA,332,2a:00:00:00:00:00,-46,11,1,0,1,1,1,0,0,0,1,-96,0,11,2,4646021,0,44,0,384,0,"[0,0,0,0,0,0,0,0,0,0,0,0,-11,-1,-11,0,-10,0,-10,-1,-10,0,-10,0,-11,0,-11,0,-11,0,-10,0,-11,0,-11,1,-11,1,-11,1,-11,1,-11,2,-11,2,-11,1,-11,2,-11,2,-11,2,-11,2,-11,2,-11,3,-12,2,-11,2,0,0,-12,3,-12,2,-12,2,-12,2,-11,2,-10,2,-11,1,-11,1,-11,1,-10,0,-10,0,-9,0,-9,0,-9,-1,-9,-1,-9,-1,-8,0,-7,-1,-7,-1,-7,-1,-7,-1,-7,-1,-7,-1,-6,-1,-6,-2,-6,-2,0,0,0,0,0,0,0,0,0,0,0,0,0,0,-52,-20,-49,-15,-56,-12,-48,-12,-56,-14,-54,-11,-56,-8,-62,-12,-52,-10,-56,-10,-57,-13,-54,-9,-57,-9,-54,-5,-54,-10,-59,-4,-59,-1,-57,-3,-58,-2,-57,-4,-62,4,-58,-3,-60,4,-62,1,-60,1,-63,-3,-63,-1,-64,4,-63,3,-61,1,-65,3,-65,3,-62,-2,-61,1,-58,1,-63,-6,-59,-3,-59,-3,-59,-4,-56,-8,-52,-7,-51,-9,-53,-5,-54,-6,-50,-9,-42,-10,-40,-12,-41,-11,-38,-14,-33,-11,-38,-7,-34,-11,-34,-12,-30,-12,-30,-9,-27,-13,-28,-10,0,0,0,0,0,0,0,0,0,0,0,0,0,0,0,0,0,0,0,0,0,0,-50,39,-56,36,-59,26,-65,27,-68,18,-68,17,-67,4,-66,-2,-68,-9,-65,-10,-63,-13,-63,-15,-68,-17,-61,-26,-53,-30,-45,-28,-47,-32,-42,-38,-38,-35,-39,-36,-33,-36,-30,-43,-23,-36,-26,-38,-17,-40,-19,-37,-17,-43,-8,-39,-6,-39,-7,-39,-2,-37,-5,-37,0,-36,0,-38,-2,-35,3,-34,2,-35,3,-31,3,-34,4,-33,4,-34,9,-32,5,-39,4,-36,8,-33,7,-41,7,-39,2,-37,6,-41,7,-42,3,-46,6,-41,9,-47,9,-48,9,-45,6,-53,8,-54,0,0]"
CSI_DATA,333,2a:00:00:00:00:00,-46,11,1,0,1,1,1,0,0,0,1,-96,0,11,2,4674747,0,44,0,384,0,"[0,0,0,0,0,0,0,0,0,0,0,0,10,-6,10,-6,10,-5,10,-5,10,-5,10,-5,9,-5,9,-6,10,-6,8,-6,10,-6,10,-6,9,-6,9,-6,9,-6,9,-7,8,-7,8,-7,9,-8,9,-8,8,-7,9,-8,9,-7,9,-8,9,-7,9,-7,0,0,9,-7,9,-7,9,-8,8,-6,9,-6,9,-8,9,-6,8,-7,8,-6,7,-5,8,-5,8,-4,8,-4,7,-5,7,-3,6,-4,6,-4,5,-3,5,-3,5,-3,6,-3,6,-3,5,-3,5,-2,4,-2,4,-2,0,0,0,0,0,0,0,0,0,0,0,0,0,0,53,-27,59,-20,56,-27,49,-27,58,-23,53,-21,55,-26,56,-20,54,-25,53,-25,52,-24,49,-23,54,-21,51,-27,50,-28,53,-29,57,-31,43,-33,50,-31,51,-34,52,-34,51,-31,47,-37,48,-32,50,-31,52,-34,49,-33,50,-36,54,-29,50,-36,51,-33,50,-31,55,-33,45,-35,51,-36,45,-30,52,-30,52,-31,51,-24,47,-22,46,-25,46,-26,50,-19,42,-20,45,-16,37,-19,38,-14,41,-15,36,-13,34,-12,33,-13,33,-8,30,-5,29,-7,33,-7,32,-7,26,-3,0,0,0,0,0,0,0,0,0,0,0,0,0,0,0,0,0,0,0,0,0,0,-25,-67,-16,-69,-8,-67,0,-71,7,-65,11,-69,16,-62,24,-60,26,-58,31,-55,38,-49,38,-44,38,-42,41,-39,43,-31,44,-30,44,-23,46,-22,37,-18,40,-9,36,-5,41,-6,36,-3,32,1,34,7,33,5,25,9,30,11,28,11,28,12,23,14,25,19,24,18,19,18,18,20,15,24,16,20,17,23,21,23,22,25,18,27,15,26,21,27,16,30,21,26,27,26,21,31,21,37,25,38,23,37,24,39,27,39,23,39,22,43,29,53,26,50,28,50,0,0]"
CSI_DATA,334,2a:00:00:00:00:00,-46,11,1,0,1,1,1,0,0,0,1,-96,0,11,2,4684682,0,44,0,384,0,"[0,0,0,0,0,0,0,0,0,0,0,0,-12,-1,-12,-1,-11,-1,-13,-1,-12,-1,-12,-1,-12,0,-12,1,-12,0,-12,0,-12,0,-13,1,-12,0,-12,1,-12,1,-12,2,-13,2,-12,2,-12,2,-12,2,-12,2,-12,3,-12,2,-13,2,-12,2,-13,2,0,0,-13,2,-12,2,-13,2,-12,2,-12,1,-12,2,-12,2,-11,1,-12,0,-11,0,-11,0,-10,0,-10,0,-10,-1,-9,-1,-9,-1,-9,0,-8,-1,-8,-1,-7,-1,-7,-1,-8,-1,-7,-1,-7,-1,-6,-2,-6,-2,0,0,0,0,0,0,0,0,0,0,0,0,0,0,-64,-8,-59,-4,-61,-1,-60,-6,-66,-5,-63,-1,-66,-1,-64,0,-62,-4,-59,1,-59,4,-57,4,-65,6,-59,4,-63,2,-62,5,-65,9,-59,9,-66,7,-63,11,-65,12,-61,14,-62,17,-62,14,-61,12,-62,13,-66,14,-62,14,-65,11,-66,8,-68,9,-68,12,-63,11,-63,14,-62,9,-63,9,-61,9,-61,9,-60,7,-59,3,-60,6,-54,-1,-53,1,-58,6,-51,-1,-47,4,-49,-1,-47,2,-40,-2,-39,2,-39,-4,-37,-3,-38,3,-37,-4,-34,-6,-34,-7,-35,-8,0,0,0,0,0,0,0,0,0,0,0,0,0,0,0,0,0,0,0,0,0,0,4,71,-3,69,-6,63,-19,69,-23,64,-35,52,-31,54,-35,58,-43,47,-47,45,-45,38,-42,32,-55,39,-48,28,-47,20,-45,22,-46,13,-38,7,-35,9,-38,3,-33,-3,-34,-6,-35,-6,-26,-9,-22,-12,-24,-8,-24,-15,-18,-20,-16,-16,-13,-21,-12,-24,-9,-20,-12,-19,-4,-25,-2,-19,-6,-25,-3,-23,-5,-26,-1,-24,-2,-29,-3,-29,-4,-28,1,-31,-2,-34,-2,-33,-11,-39,-6,-34,-1,-38,-5,-41,-1,-40,-6,-38,-15,-48,0,-46,0,-47,0,-52,-1,-57,5,-51,0,0]"
CSI_DATA,335,2a:00:00:00:00:00,-46,11,1,0,1,1,1,0,0,0,1,-96,0,11,2,4694656,0,44,0,384,0,"[0,0,0,0,0,0,0,0,0,0,0,0,11,-1,10,0,11,-1,10,-1,11,-1,10,-1,11,-1,10,-1,10,-2,11,-1,11,-1,11,-2,11,-3,11,-3,10,-2,11,-3,11,-4,11,-4,11,-4,11,-3,12,-3,12,-4,12,-4,12,-5,12,-4,12,-4,0,0,11,-4,12,-4,11,-4,12,-4,11,-3,12,-4,11,-3,11,-3,11,-2,11,-3,11,-1,10,-2,9,-2,9,-2,9,-1,9,-1,9,-1,8,-1,7,-1,6,0,7,-1,6,0,7,-1,6,-1,6,0,5,0,0,0,0,0,0,0,0,0,0,0,0,0,0,0,50,9,53,10,57,9,60,6,60,1,53,4,62,-1,58,2,59,8,61,0,57,-4,57,1,60,-6,60,-1,59,-5,59,-8,63,-4,61,-4,59,-6,62,-8,66,-18,66,-11,62,-10,64,-15,66,-11,62,-10,69,-13,67,-14,66,-15,67,-18,64,-12,72,-6,69,-13,68,-15,65,-11,64,-5,65,-8,64,-7,62,-3,60,-4,58,-3,60,-2,58,0,54,-1,51,6,54,5,49,4,47,2,38,7,38,4,41,7,35,4,38,5,34,8,35,9,30,5,32,4,0,0,0,0,0,0,0,0,0,0,0,0,0,0,0,0,0,0,0,0,0,0,-19,-70,-12,-68,-8,-75,4,-73,9,-68,19,-68,23,-65,23,-60,24,-58,31,-55,31,-49,33,-43,31,-44,32,-33,32,-23,36,-31,31,-20,35,-18,35,-16,25,-14,25,-5,24,-7,25,-4,18,-3,13,-1,10,3,13,5,10,6,10,7,5,10,5,12,4,7,1,11,-3,15,0,13,1,14,-7,18,-5,19,-5,16,-4,19,-5,23,-5,24,-7,23,-4,26,-5,31,-1,34,-3,28,-2,38,-1,37,-9,34,-8,38,-11,35,4,45,-2,45,0,52,-2,51,-2,52,0,0]"
CSI_DATA,336,2a:00:00:00:00:00,-45,11,1,0,1,1,1,0,0,0,1,-96,0,11,2,4705484,0,44,0,384,0,"[0,0,0,0,0,0,0,0,0,0,0,0,-10,4,-9,3,-10,4,-10,4,-10,5,-10,4,-10,5,-10,5,-10,5,-9,6,-10,5,-10,7,-10,7,-10,6,-10,6,-10,7,-10,7,-10,7,-10,8,-10,7,-10,8,-10,8,-10,8,-10,8,-11,8,-10,8,0,0,-11,8,-11,8,-11,8,-11,8,-11,7,-11,8,-12,7,-11,6,-11,5,-11,5,-11,5,-11,5,-10,4,-10,4,-10,4,-9,3,-9,3,-8,2,-8,2,-8,2,-7,3,-8,2,-8,2,-8,2,-7,1,-7,1,0,0,0,0,0,0,0,0,0,0,0,0,0,0,-48,22,-46,22,-45,23,-46,21,-51,24,-48,30,-43,27,-49,25,-41,26,-44,32,-47,34,-44,33,-47,35,-45,30,-51,36,-44,41,-46,44,-44,41,-46,41,-45,47,-46,49,-47,47,-50,51,-46,50,-46,46,-46,51,-52,52,-49,51,-53,50,-51,55,-52,51,-53,52,-53,50,-48,51,-48,47,-58,44,-55,50,-53,43,-53,38,-54,37,-52,35,-54,37,-53,35,-53,32,-49,25,-49,31,-49,26,-48,25,-47,25,-41,21,-39,22,-38,17,-39,16,-36,12,-37,12,-34,12,-37,9,0,0,0,0,0,0,0,0,0,0,0,0,0,0,0,0,0,0,0,0,0,0,63,41,58,47,50,48,47,56,41,56,33,61,28,58,24,57,24,59,14,56,10,62,7,55,5,51,1,45,-2,45,-6,47,-6,38,-8,32,-5,30,-9,23,-10,22,-14,21,-7,14,-9,15,-7,11,-11,7,-4,3,-4,2,-3,1,-4,-2,-5,-6,-3,-4,-1,-8,3,-10,3,-15,1,-12,5,-9,2,-16,-2,-14,0,-17,-1,-26,-4,-21,-3,-22,1,-21,-6,-25,-12,-24,-5,-21,-9,-27,-10,-29,-12,-31,-10,-29,-13,-34,-15,-38,-11,-40,-16,-31,-21,-37,-18,-42,0,0]"
CSI_DATA,337,2a:00:00:00:00:00,-45,11,1,0,1,1,1,0,0,0,1,-96,0,11,2,4714720,0,44,0,384,0,"[0,0,0,0,0,0,0,0,0,0,0,0,0,-10,0,-10,0,-10,0,-10,-1,-10,-1,-11,-1,-10,-1,-10,-1,-10,-2,-11,-2,-11,-2,-11,-3,-11,-3,-11,-3,-11,-4,-12,-4,-12,-4,-12,-5,-12,-4,-12,-4,-12,-4,-13,-4,-12,-5,-12,-5,-13,-5,-13,0,0,-4,-14,-4,-13,-4,-14,-4,-13,-3,-13,-3,-13,-3,-13,-2,-13,-3,-13,-2,-12,-2,-12,-1,-12,-1,-11,-1,-11,-1,-11,-1,-11,0,-10,0,-10,-1,-9,0,-9,0,-9,1,-8,0,-7,0,-7,0,-8,1,-7,0,0,0,0,0,0,0,0,0,0,0,0,0,0,7,-45,7,-42,3,-49,-1,-40,4,-50,4,-47,1,-48,5,-53,-2,-54,2,-57,-2,-52,-7,-53,-8,-59,-5,-57,-4,-59,-9,-60,-14,-62,-13,-57,-15,-62,-17,-63,-17,-65,-14,-64,-22,-63,-20,-67,-22,-64,-23,-68,-21,-69,-24,-68,-19,-68,-24,-73,-16,-72,-22,-73,-20,-70,-21,-70,-20,-70,-16,-72,-15,-71,-18,-73,-12,-74,-13,-72,-11,-68,-9,-69,-5,-66,-6,-61,-1,-62,-4,-57,-1,-56,-3,-51,2,-54,0,-49,1,-45,-1,-43,-1,-43,1,-39,6,-38,5,-37,8,-37,0,0,0,0,0,0,0,0,0,0,0,0,0,0,0,0,0,0,0,0,0,0,-75,6,-74,-1,-69,-5,-74,-15,-69,-16,-65,-23,-58,-24,-61,-27,-56,-29,-54,-29,-46,-36,-44,-36,-39,-33,-37,-36,-30,-35,-29,-32,-25,-30,-22,-27,-16,-26,-17,-23,-18,-17,-9,-20,-14,-16,-9,-11,-4,-8,-7,-9,-5,-6,-4,-8,-4,-2,0,5,-7,2,-2,4,-1,8,3,6,1,8,5,7,3,18,4,11,8,14,7,14,10,11,10,11,9,16,14,14,11,13,9,16,14,14,19,8,24,12,23,10,25,12,30,8,31,10,34,9,35,10,36,9,40,13,0,0]"
CSI_DATA,338,2a:00:00:00:00:00,-44,11,1,0,1,1,1,0,0,0,1,-96,0,11,2,4725459,0,44,0,384,0,"[0,0,0,0,0,0,0,0,0,0,0,0,-8,5,-8,5,-8,6,-8,6,-8,6,-8,6,-8,7,-8,7,-8,7,-7,7,-7,8,-7,8,-7,9,-7,9,-7,9,-7,10,-7,10,-7,9,-7,10,-7,10,-7,11,-8,10,-8,11,-7,12,-8,12,-8,12,0,0,-9,12,-8,11,-9,12,-8,11,-9,11,-9,10,-9,10,-9,10,-9,9,-9,9,-9,9,-9,8,-9,8,-9,7,-8,6,-9,6,-8,6,-8,5,-8,5,-7,4,-7,4,-8,4,-7,4,-7,4,-6,3,-7,3,0,0,0,0,0,0,0,0,0,0,0,0,0,0,-45,9,-45,10,-45,9,-43,15,-43,15,-47,16,-45,24,-47,20,-43,20,-46,22,-47,29,-44,28,-50,29,-48,32,-46,27,-45,34,-50,38,-44,40,-47,41,-50,41,-51,46,-48,44,-50,48,-47,48,-48,48,-51,53,-51,48,-54,52,-55,53,-52,52,-53,52,-59,50,-53,48,-51,50,-57,47,-58,47,-57,50,-56,47,-58,44,-56,43,-59,39,-56,35,-60,32,-57,31,-54,28,-52,27,-52,23,-46,23,-49,21,-43,20,-43,22,-43,20,-41,18,-41,13,-41,12,-37,12,-39,9,0,0,0,0,0,0,0,0,0,0,0,0,0,0,0,0,0,0,0,0,0,0,44,57,35,58,31,61,26,64,21,64,13,64,12,62,7,58,4,63,-1,55,-3,58,-9,54,-6,52,-11,47,-11,41,-10,40,-10,36,-10,31,-11,28,-8,22,-10,17,-9,20,-5,16,-6,14,-2,11,0,7,2,7,0,7,2,1,1,2,7,1,3,-1,3,-2,5,-7,9,-5,5,-10,6,-11,10,-10,7,-10,6,-13,7,-11,8,-17,6,-15,8,-20,9,-20,8,-23,3,-23,1,-22,0,-28,3,-22,2,-29,2,-29,-2,-35,-2,-30,-5,-32,-6,-38,-6,-38,0,0]"
CSI_DATA,339,2a:00:00:00:00:00,-45,11,1,0,1,1,1,0,0,0,1,-96,0,11,2,4745170,0,44,0,384,0,"[0,0,0,0,0,0,0,0,0,0,0,0,9,-3,9,-3,8,-3,8,-4,9,-4,9,-4,9,-5,9,-5,9,-6,9,-6,9,-5,9,-6,9,-6,9,-7,8,-7,9,-8,8,-8,9,-8,9,-9,9,-9,10,-9,10,-9,10,-9,10,-10,11,-10,10,-9,0,0,11,-10,11,-10,10,-9,11,-10,11,-9,11,-9,11,-9,11,-8,10,-8,11,-7,11,-6,11,-7,10,-6,10,-6,10,-5,9,-5,10,-5,8,-4,8,-4,7,-4,7,-4,8,-4,8,-3,7,-3,7,-2,6,-2,0,0,0,0,0,0,0,0,0,0,0,0,0,0,46,-6,40,-8,46,-9,49,-6,48,-14,53,-13,47,-14,47,-16,51,-12,54,-20,53,-19,52,-22,53,-24,48,-20,48,-26,48,-33,51,-34,48,-33,51,-34,52,-36,58,-44,50,-41,50,-45,54,-38,57,-41,58,-40,55,-43,52,-51,63,-49,57,-56,57,-49,66,-51,65,-46,64,-50,54,-44,65,-45,67,-43,63,-44,72,-42,63,-39,60,-37,66,-34,61,-38,58,-35,61,-27,54,-26,58,-24,55,-22,48,-22,49,-16,50,-16,42,-15,48,-11,42,-9,44,-12,40,-12,40,-10,0,0,0,0,0,0,0,0,0,0,0,0,0,0,0,0,0,0,0,0,0,0,-29,-62,-23,-67,-16,-61,-12,-73,0,-66,-4,-66,6,-61,8,-58,12,-60,9,-55,11,-54,18,-50,12,-50,14,-43,23,-40,14,-31,18,-34,19,-27,17,-26,16,-23,13,-21,13,-17,10,-13,8,-14,9,-13,2,-11,4,-8,1,-1,2,-2,-2,-1,-3,2,-6,-2,-4,-2,-7,4,-9,-1,-11,4,-11,9,-14,11,-12,6,-11,8,-11,11,-14,16,-11,17,-7,15,-11,23,-1,23,-6,27,-7,21,-1,23,-5,26,-1,29,3,31,0,37,1,31,9,37,3,41,1,45,0,0]"
CSI_DATA,340,2a:00:00:00:00:00,-44,11,1,0,1,1,1,0,0,0,1,-96,0,11,2,4754683,0,44,0,384,0,"[0,0,0,0,0,0,0,0,0,0,0,0,-10,-2,-10,-1,-10,-2,-10,-2,-10,-2,-11,-1,-10,-1,-10,0,-11,-1,-11,0,-11,1,-11,1,-11,1,-12,1,-12,1,-12,2,-12,2,-12,2,-12,2,-12,2,-13,2,-13,2,-13,2,-13,3,-14,3,-14,3,0,0,-14,2,-14,2,-14,3,-14,2,-14,2,-14,2,-14,1,-13,1,-14,0,-13,0,-13,0,-12,0,-12,0,-12,0,-11,-2,-11,-1,-10,-1,-10,-2,-9,-2,-9,-2,-9,-2,-9,-1,-8,-2,-8,-1,-7,-2,-7,-3,0,0,0,0,0,0,0,0,0,0,0,0,0,0,-43,-20,-48,-16,-44,-18,-48,-17,-49,-19,-48,-15,-47,-12,-53,-12,-51,-10,-53,-12,-52,-11,-55,-9,-55,-6,-58,-7,-61,-4,-59,2,-62,-1,-60,-4,-60,-1,-67,2,-63,7,-67,4,-68,7,-68,8,-67,1,-69,8,-76,5,-73,12,-73,5,-73,10,-71,4,-75,6,-79,6,-75,4,-79,0,-75,0,-74,1,-77,0,-74,0,-68,-4,-72,-9,-62,-9,-68,-13,-64,-9,-59,-9,-59,-11,-54,-13,-63,-9,-51,-15,-45,-11,-46,-13,-44,-15,-43,-14,-46,-16,-39,-14,-34,-15,-33,-16,0,0,0,0,0,0,0,0,0,0,0,0,0,0,0,0,0,0,0,0,0,0,-14,62,-19,57,-24,59,-33,50,-32,53,-34,40,-36,41,-44,35,-45,34,-48,28,-44,26,-39,21,-44,24,-40,16,-36,10,-37,14,-37,8,-31,7,-26,-1,-25,-5,-24,3,-20,1,-16,-4,-15,-2,-13,-2,-8,-5,-7,-2,-8,-4,-5,-6,-4,-7,0,-6,0,-5,8,-7,5,-10,3,-7,5,-8,8,-10,12,-13,12,-10,13,-10,12,-11,12,-17,14,-18,12,-19,12,-20,13,-25,13,-28,14,-25,13,-23,12,-33,12,-31,5,-28,15,-37,15,-30,17,-40,15,-42,16,-38,0,0]"
CSI_DATA,341,2a:00:00:00:00:00,-43,11,1,0,1,1,1,0,0,0,1,-96,0,11,2,4764814,0,44,0,384,0,"[0,0,0,0,0,0,0,0,0,0,0,0,-8,-8,-8,-8,-9,-8,-9,-9,-9,-8,-9,-8,-10,-7,-9,-7,-10,-7,-10,-7,-10,-7,-11,-6,-11,-6,-11,-6,-11,-7,-12,-6,-12,-6,-12,-6,-13,-6,-13,-6,-12,-6,-13,-6,-13,-6,-14,-6,-14,-6,-14,-6,0,0,-14,-7,-14,-7,-14,-7,-13,-7,-12,-7,-13,-7,-13,-7,-12,-7,-12,-8,-11,-7,-11,-8,-10,-8,-10,-7,-9,-7,-9,-7,-9,-7,-8,-6,-8,-7,-7,-6,-7,-6,-6,-6,-6,-6,-6,-6,-6,-5,-5,-6,-5,-5,0,0,0,0,0,0,0,0,0,0,0,0,0,0,-39,-39,-32,-41,-40,-38,-42,-39,-47,-37,-44,-37,-47,-30,-46,-38,-47,-35,-44,-34,-53,-33,-51,-30,-52,-30,-54,-33,-56,-30,-56,-28,-57,-26,-58,-31,-59,-27,-61,-23,-68,-21,-64,-22,-66,-22,-65,-24,-64,-25,-72,-23,-70,-23,-72,-19,-72,-24,-74,-22,-72,-24,-75,-24,-73,-26,-74,-22,-73,-25,-66,-25,-67,-27,-66,-29,-62,-31,-61,-28,-62,-32,-60,-26,-60,-29,-59,-30,-53,-34,-51,-29,-47,-30,-47,-26,-41,-27,-38,-27,-39,-29,-38,-33,-38,-21,-34,-21,-32,-20,-29,-25,-26,-27,0,0,0,0,0,0,0,0,0,0,0,0,0,0,0,0,0,0,0,0,0,0,-49,35,-50,26,-48,24,-50,16,-51,15,-50,7,-52,7,-51,-1,-47,-2,-46,-4,-41,-9,-43,-7,-40,-12,-35,-19,-31,-15,-28,-16,-26,-19,-23,-20,-16,-13,-13,-17,-9,-17,-10,-13,-5,-15,-1,-14,-2,-10,1,-15,-1,-14,4,-14,9,-9,8,-7,7,-11,14,-6,15,-7,16,-6,17,-6,15,-8,18,-9,15,-14,25,-5,21,-11,25,-11,18,-14,24,-12,25,-15,19,-16,22,-12,22,-19,24,-21,30,-24,32,-20,31,-26,30,-29,33,-32,30,-30,33,-35,35,-35,34,-34,0,0]"
CSI_DATA,342,2a:00:00:00:00:00,-42,11,1,0,1,1,1,0,0,0,1,-96,0,11,2,4797002,0,44,0,384,0,"[0,0,0,0,0,0,0,0,0,0,0,0,-12,1,-12,2,-11,2,-13,2,-12,2,-12,2,-12,2,-12,2,-13,3,-12,3,-12,3,-12,4,-12,4,-12,4,-12,4,-12,5,-12,5,-12,5,-12,5,-12,5,-13,5,-13,5,-12,5,-12,6,-13,5,-13,6,0,0,-13,6,-13,5,-13,5,-12,4,-12,4,-13,4,-13,4,-12,4,-12,3,-12,3,-12,3,-11,2,-11,2,-11,2,-10,1,-10,1,-9,1,-9,1,-9,1,-8,0,-8,0,-8,0,-8,0,-8,0,-7,0,-7,-1,0,0,0,0,0,0,0,0,0,0,0,0,0,0,-61,-10,-64,-8,-64,-9,-62,-8,-68,-10,-66,-7,-61,-7,-63,-7,-63,-7,-66,-3,-69,0,-65,-6,-71,4,-68,1,-64,1,-71,6,-72,4,-69,8,-70,5,-70,5,-70,9,-71,9,-70,17,-72,13,-68,12,-75,8,-75,13,-76,19,-74,12,-75,18,-78,13,-73,14,-73,8,-72,10,-74,11,-73,7,-71,9,-71,7,-69,3,-69,4,-66,-2,-67,0,-66,-2,-62,0,-55,-2,-62,-6,-52,-5,-53,-6,-47,-7,-45,-6,-40,-5,-41,-3,-48,-9,-43,-9,-40,-9,-40,-9,-38,-12,0,0,0,0,0,0,0,0,0,0,0,0,0,0,0,0,0,0,0,0,0,0,4,47,-3,47,-5,45,-10,44,-16,42,-15,36,-21,33,-18,28,-23,26,-21,22,-27,13,-26,12,-25,10,-22,6,-22,7,-18,-4,-16,-2,-14,-8,-15,-5,-7,-15,-5,-11,-2,-15,-3,-16,-3,-12,0,-14,9,-19,7,-21,10,-20,9,-17,9,-19,15,-25,15,-21,15,-19,15,-18,15,-20,16,-24,19,-25,21,-26,20,-25,13,-26,17,-28,16,-30,12,-33,15,-32,15,-32,8,-36,10,-40,18,-41,10,-42,9,-46,16,-46,9,-52,9,-52,7,-51,11,-48,12,-55,11,-53,0,0]"
CSI_DATA,343,2a:00:00:00:00:00,-42,11,1,0,1,1,1,0,0,0,1,-96,0,11,2,4806541,0,44,0,384,0,"[0,0,0,0,0,0,0,0,0,0,0,0,11,2,11,1,11,1,11,2,11,1,12,1,11,1,11,0,11,1,11,0,12,0,12,0,12,0,12,-1,12,0,12,-1,13,-2,12,-2,12,-2,12,-2,12,-2,13,-1,12,-2,13,-2,13,-2,13,-2,0,0,13,-2,13,-1,13,-1,13,-1,13,-1,12,-1,13,0,12,0,12,0,11,0,11,1,11,1,10,1,10,1,9,1,9,1,9,1,8,1,8,1,8,1,7,2,7,1,7,1,7,2,6,2,6,2,0,0,0,0,0,0,0,0,0,0,0,0,0,0,45,30,48,31,53,29,55,29,57,27,57,28,55,29,58,30,61,25,59,25,59,26,60,24,66,24,60,18,67,21,62,17,66,17,67,16,71,17,68,13,74,14,68,16,68,10,70,15,70,13,73,15,70,11,72,10,72,11,76,13,74,14,76,15,69,12,75,7,67,14,70,15,69,16,72,18,67,19,67,23,67,22,61,23,59,20,60,20,60,22,54,19,47,20,51,17,44,21,43,21,42,24,39,22,41,21,38,25,36,26,32,23,32,26,0,0,0,0,0,0,0,0,0,0,0,0,0,0,0,0,0,0,0,0,0,0,15,-42,19,-39,19,-37,25,-37,25,-28,27,-26,30,-19,32,-18,29,-10,26,-12,26,-5,26,-1,21,0,17,1,20,8,14,6,7,11,8,11,5,9,1,13,-1,10,-4,12,-7,16,-9,11,-13,9,-15,12,-16,11,-18,13,-19,14,-19,11,-22,13,-27,9,-24,12,-24,13,-26,12,-29,14,-29,14,-27,18,-29,15,-27,17,-28,19,-28,23,-31,25,-29,25,-27,26,-23,33,-27,30,-28,31,-29,35,-31,34,-30,34,-31,44,-32,45,-30,42,-31,42,-37,46,-32,43,0,0]"
CSI_DATA,344,2a:00:00:00:00:00,-41,11,1,0,1,1,1,0,0,0,1,-96,0,11,2,4824792,0,44,0,384,0,"[0,0,0,0,0,0,0,0,0,0,0,0,6,9,6,8,7,8,7,9,7,9,7,9,7,9,7,8,8,8,8,8,8,8,9,8,8,8,9,8,9,8,10,8,10,7,10,7,10,8,10,8,10,8,10,8,10,8,11,7,11,8,11,8,0,0,11,9,11,9,11,9,10,8,10,9,10,9,9,9,9,9,8,9,8,9,8,9,7,9,7,9,6,8,6,8,6,8,5,8,5,8,4,7,4,7,4,7,4,7,3,7,3,6,2,7,2,6,0,0,0,0,0,0,0,0,0,0,0,0,0,0,16,57,14,55,22,57,20,52,31,53,27,52,21,56,26,60,28,53,28,56,33,54,37,52,38,60,36,52,38,54,40,54,45,55,46,54,42,57,41,49,49,58,47,52,56,53,51,51,53,51,53,58,49,52,57,50,51,54,57,56,51,54,61,59,50,58,54,61,50,55,54,59,53,58,53,56,50,55,43,57,40,56,37,59,35,56,38,59,37,58,28,49,29,52,28,50,25,46,23,46,25,43,23,45,21,43,16,39,18,41,14,42,11,43,0,0,0,0,0,0,0,0,0,0,0,0,0,0,0,0,0,0,0,0,0,0,35,-21,40,-18,36,-11,38,-6,32,-3,33,1,32,3,27,4,23,6,17,7,16,8,17,11,9,5,9,8,5,3,6,6,1,4,-2,2,-8,4,-9,-1,-11,-1,-12,-7,-9,-2,-14,-7,-13,-11,-15,-9,-16,-12,-16,-11,-19,-14,-23,-13,-17,-10,-23,-18,-20,-14,-29,-17,-24,-15,-27,-18,-25,-11,-24,-13,-27,-18,-28,-14,-31,-15,-28,-5,-29,-10,-33,-4,-32,-5,-31,-3,-35,-1,-37,0,-43,-5,-40,0,-42,4,-48,3,-50,9,-39,6,-48,5,-55,13,-50,14,0,0]"
CSI_DATA,345,2a:00:00:00:00:00,-42,11,1,0,1,1,1,0,0,0,1,-96,0,11,2,4838047,0,44,0,384,0,"[0,0,0,0,0,0,0,0,0,0,0,0,-11,-5,-11,-4,-11,-4,-12,-5,-12,-5,-12,-4,-12,-4,-12,-4,-13,-4,-13,-4,-13,-4,-13,-3,-13,-3,-13,-3,-13,-3,-14,-3,-14,-2,-14,-3,-14,-2,-14,-3,-14,-3,-14,-2,-15,-2,-15,-2,-15,-2,-15,-2,0,0,-15,-3,-15,-3,-15,-3,-15,-3,-14,-3,-15,-4,-14,-4,-13,-4,-13,-5,-13,-4,-12,-5,-12,-4,-11,-5,-11,-5,-10,-5,-9,-5,-10,-5,-9,-4,-9,-5,-8,-4,-8,-4,-8,-4,-7,-4,-7,-4,-7,-5,-6,-5,0,0,0,0,0,0,0,0,0,0,0,0,0,0,-49,-26,-54,-26,-48,-22,-55,-23,-61,-26,-57,-25,-63,-27,-61,-24,-61,-23,-68,-19,-60,-21,-65,-24,-68,-20,-67,-19,-64,-20,-70,-16,-73,-18,-72,-16,-69,-16,-77,-13,-73,-11,-72,-14,-73,-7,-77,-9,-80,-12,-77,-12,-80,-12,-79,-9,-78,-13,-82,-8,-84,-11,-80,-14,-80,-9,-77,-12,-81,-11,-76,-13,-77,-14,-74,-17,-76,-19,-72,-19,-69,-23,-66,-20,-69,-22,-62,-25,-58,-22,-59,-19,-52,-22,-55,-21,-45,-19,-44,-22,-46,-21,-41,-23,-44,-21,-43,-23,-39,-23,-35,-22,-33,-26,0,0,0,0,0,0,0,0,0,0,0,0,0,0,0,0,0,0,0,0,0,0,-12,43,-20,42,-19,40,-24,34,-27,31,-24,26,-26,24,-31,18,-28,18,-25,18,-26,10,-24,9,-18,11,-17,9,-15,3,-10,3,-9,4,-8,2,-2,-1,-1,2,2,2,3,-1,3,4,10,0,12,-1,14,0,13,0,20,0,17,1,19,-1,22,0,22,-1,20,3,21,-2,24,3,23,-5,24,-4,25,-2,25,-5,27,-6,26,-3,22,-13,26,-12,28,-12,20,-17,19,-20,23,-20,27,-23,25,-25,24,-29,27,-26,23,-33,23,-36,22,-38,23,-37,26,-38,26,-44,0,0]"
CSI_DATA,346,2a:00:00:00:00:00,-42,11,1,0,1,1,1,0,0,0,1,-96,0,11,2,4845412,0,44,0,384,0,"[0,0,0,0,0,0,0,0,0,0,0,0,-12,4,-12,4,-11,4,-13,4,-12,5,-13,5,-13,4,-12,5,-13,5,-12,5,-12,6,-12,6,-12,6,-12,7,-13,7,-12,7,-13,7,-12,7,-12,8,-12,7,-12,7,-13,7,-13,7,-12,8,-13,8,-13,8,0,0,-14,7,-13,7,-14,7,-13,6,-13,6,-13,6,-13,5,-13,5,-13,4,-12,4,-12,4,-12,4,-11,4,-11,3,-10,2,-11,3,-9,2,-9,2,-9,2,-8,1,-8,1,-8,1,-8,1,-8,0,-8,0,-7,0,0,0,0,0,0,0,0,0,0,0,0,0,0,0,-57,-2,-54,-1,-57,3,-60,1,-66,4,-65,6,-66,4,-65,8,-62,8,-66,6,-64,5,-69,12,-72,12,-68,10,-69,14,-64,20,-69,18,-68,20,-71,17,-72,19,-76,19,-69,22,-71,25,-70,19,-69,17,-74,22,-71,20,-73,26,-74,25,-75,26,-72,24,-76,23,-71,21,-73,20,-67,22,-69,10,-74,18,-74,13,-73,10,-67,9,-64,11,-63,4,-66,5,-65,10,-62,3,-58,2,-57,-2,-55,2,-48,1,-46,1,-45,-2,-44,1,-46,-3,-42,-3,-41,-5,-42,-3,-41,-7,0,0,0,0,0,0,0,0,0,0,0,0,0,0,0,0,0,0,0,0,0,0,7,44,2,43,-2,41,-7,41,-8,39,-14,34,-13,33,-14,26,-16,32,-15,24,-12,18,-13,20,-16,17,-15,16,-14,12,-10,7,-8,8,-10,0,-6,6,-2,2,0,0,0,-2,3,-5,2,-4,6,-5,11,-10,11,-7,8,-8,13,-8,12,-11,11,-10,13,-6,13,-9,14,-11,17,-14,14,-16,19,-17,17,-17,14,-16,11,-20,15,-19,18,-21,14,-25,11,-26,9,-27,16,-26,11,-27,8,-33,6,-31,6,-30,3,-35,3,-43,2,-44,2,-44,0,-43,6,-48,-1,-46,0,0]"
CSI_DATA,347,2a:00:00:00:00:00,-42,11,1,0,1,1,1,0,0,0,1,-96,0,11,2,4855047,0,44,0,384,0,"[0,0,0,0,0,0,0,0,0,0,0,0,0,-12,0,-13,0,-13,0,-14,0,-13,0,-13,0,-13,-1,-13,-1,-13,-1,-13,-1,-14,-1,-13,-2,-13,-2,-13,-2,-14,-3,-14,-3,-14,-2,-13,-3,-14,-3,-14,-2,-14,-3,-14,-3,-14,-4,-14,-3,-14,-3,-14,0,0,-3,-14,-2,-14,-3,-14,-3,-13,-2,-13,-2,-14,-2,-13,-2,-13,-1,-13,-1,-12,-1,-12,-1,-11,0,-11,0,-11,0,-10,0,-10,0,-10,0,-9,0,-9,0,-8,0,-8,0,-8,0,-7,0,-7,1,-7,1,-7,0,0,0,0,0,0,0,0,0,0,0,0,0,0,21,-61,19,-57,15,-62,16,-61,13,-63,15,-65,16,-66,16,-73,15,-67,14,-68,10,-71,3,-69,10,-73,2,-72,13,-73,2,-74,6,-82,6,-73,4,-82,6,-71,2,-77,3,-72,-4,-83,-2,-76,0,-76,2,-80,0,-72,-5,-77,-2,-80,-4,-79,-2,-76,1,-86,-1,-74,-1,-81,3,-72,4,-79,-1,-74,0,-82,5,-73,10,-72,4,-67,8,-62,9,-65,12,-59,11,-62,7,-54,13,-56,9,-49,12,-49,10,-45,9,-46,11,-42,11,-41,10,-40,16,-40,13,-37,15,-39,0,0,0,0,0,0,0,0,0,0,0,0,0,0,0,0,0,0,0,0,0,0,-42,-13,-40,-20,-37,-19,-32,-27,-28,-23,-25,-28,-25,-32,-20,-28,-19,-28,-13,-25,-10,-22,-9,-22,-7,-21,-4,-18,-2,-14,0,-15,0,-12,2,-6,8,-6,8,-4,5,-2,9,2,3,2,10,6,7,6,6,8,8,13,7,15,7,10,7,18,6,14,12,21,9,17,11,21,10,19,8,22,8,18,8,17,15,19,14,22,18,22,13,18,17,22,19,21,22,18,22,14,31,11,30,14,33,17,35,17,38,18,42,19,42,19,42,15,46,14,55,15,56,12,0,0]"
CSI_DATA,348,2a:00:00:00:00:00,-41,11,1,0,1,1,1,0,0,0,1,-96,0,11,2,4864661,0,44,0,384,0,"[0,0,0,0,0,0,0,0,0,0,0,0,10,8,10,8,10,8,10,8,10,8,10,8,10,7,10,7,11,7,11,7,10,7,11,7,11,7,11,7,11,7,12,6,12,6,12,6,12,6,12,6,12,6,13,6,12,6,13,6,13,6,13,6,0,0,13,6,12,6,12,6,12,6,11,6,11,6,11,6,11,6,10,6,10,6,9,6,9,6,8,6,8,6,7,6,7,5,7,5,6,5,6,5,6,5,6,4,5,5,5,4,5,4,4,5,4,4,0,0,0,0,0,0,0,0,0,0,0,0,0,0,36,49,38,52,45,51,43,48,42,50,42,54,49,48,47,52,44,56,45,51,50,51,48,48,52,47,51,48,48,51,54,48,57,47,53,43,50,48,62,46,63,47,55,50,59,45,62,43,57,46,61,43,66,46,61,45,58,44,63,40,61,42,59,43,56,45,65,42,54,39,57,46,54,42,54,43,55,46,51,44,50,41,44,44,45,39,43,41,40,40,38,36,31,41,34,33,31,33,31,32,27,33,28,27,28,31,23,29,24,30,21,33,16,29,0,0,0,0,0,0,0,0,0,0,0,0,0,0,0,0,0,0,0,0,0,0,34,-21,37,-15,38,-14,34,-6,35,-7,31,1,28,2,27,3,27,2,25,9,23,7,13,9,18,11,11,11,11,8,4,12,6,9,1,9,1,6,-3,9,-9,1,-6,3,-11,7,-12,0,-12,1,-12,-1,-17,-1,-20,-1,-20,-4,-19,-4,-18,-4,-27,-3,-23,-4,-21,-2,-25,-5,-20,1,-26,1,-27,3,-26,-3,-30,5,-26,2,-31,9,-27,6,-31,6,-30,12,-40,15,-33,17,-32,19,-33,19,-35,18,-35,19,-37,27,-39,18,-40,30,-41,33,-45,35,-47,29,0,0]"
CSI_DATA,349,2a:00:00:00:00:00,-42,11,1,0,1,1,1,0,0,0,1,-96,0,11,2,4874656,0,44,0,384,0,"[0,0,0,0,0,0,0,0,0,0,0,0,-13,-4,-13,-4,-13,-4,-13,-4,-13,-5,-13,-4,-14,-4,-14,-4,-13,-4,-13,-4,-14,-4,-14,-4,-14,-3,-13,-3,-13,-3,-14,-3,-14,-2,-14,-3,-14,-2,-14,-3,-14,-2,-14,-3,-14,-3,-14,-2,-14,-3,-14,-3,0,0,-14,-3,-14,-3,-13,-3,-14,-3,-13,-3,-13,-3,-12,-4,-12,-4,-11,-4,-12,-4,-11,-5,-10,-4,-10,-4,-9,-4,-9,-5,-9,-4,-8,-4,-8,-4,-7,-4,-7,-4,-7,-4,-7,-4,-6,-4,-6,-4,-5,-4,-5,-4,0,0,0,0,0,0,0,0,0,0,0,0,0,0,-64,-31,-61,-33,-66,-30,-65,-32,-67,-32,-66,-34,-63,-29,-67,-33,-64,-31,-67,-30,-66,-32,-67,-34,-72,-34,-63,-30,-69,-30,-72,-21,-74,-28,-69,-26,-71,-24,-68,-21,-75,-22,-70,-21,-75,-16,-71,-23,-68,-24,-69,-24,-75,-19,-75,-20,-71,-22,-79,-18,-74,-18,-78,-27,-68,-21,-73,-25,-69,-22,-63,-24,-64,-28,-62,-26,-62,-27,-59,-27,-58,-28,-56,-29,-51,-29,-56,-26,-52,-24,-46,-29,-48,-27,-49,-27,-38,-23,-37,-25,-36,-24,-33,-24,-32,-24,-31,-23,-30,-21,-26,-26,-23,-22,0,0,0,0,0,0,0,0,0,0,0,0,0,0,0,0,0,0,0,0,0,0,-15,37,-15,33,-22,31,-25,29,-23,23,-26,20,-21,14,-26,12,-27,9,-24,8,-23,4,-21,2,-20,1,-14,-2,-12,-6,-11,-6,-8,-7,-4,-12,-2,-10,0,-13,6,-8,4,-12,3,-12,8,-11,10,-13,12,-13,13,-15,16,-10,18,-10,18,-12,16,-9,20,-9,25,-9,21,-12,22,-10,22,-16,19,-16,19,-21,19,-18,22,-21,18,-20,16,-25,20,-22,20,-28,17,-30,21,-31,22,-35,20,-33,23,-33,25,-40,24,-36,27,-45,19,-48,23,-47,21,-53,31,-56,26,-54,0,0]"
CSI_DATA,350,2a:00:00:00:00:00,-43,11,1,0,1,1,1,0,0,0,1,-96,0,11,2,4906846,0,44,0,384,0,"[0,0,0,0,0,0,0,0,0,0,0,0,-12,9,-11,9,-11,10,-11,9,-11,9,-11,8,-12,9,-11,9,-11,9,-11,9,-11,9,-10,9,-10,9,-9,9,-9,9,-10,10,-9,10,-10,10,-9,10,-9,9,-9,9,-9,9,-9,9,-8,10,-9,10,-9,10,0,0,-8,9,-9,9,-9,9,-9,9,-9,8,-9,8,-9,7,-9,7,-9,7,-8,7,-8,6,-8,5,-8,5,-8,5,-7,4,-7,4,-7,4,-6,3,-6,3,-5,3,-6,3,-6,3,-6,3,-6,2,-5,2,-5,2,0,0,0,0,0,0,0,0,0,0,0,0,0,0,-51,52,-53,54,-49,54,-54,52,-57,54,-53,50,-51,54,-56,54,-55,53,-52,54,-57,56,-52,51,-58,54,-48,53,-52,49,-51,55,-46,55,-47,52,-45,54,-44,57,-46,58,-46,55,-39,56,-42,56,-40,53,-45,55,-41,55,-36,58,-43,56,-40,59,-39,53,-42,58,-40,51,-37,54,-39,51,-41,48,-38,48,-40,47,-42,46,-43,41,-37,39,-42,38,-39,32,-37,33,-35,28,-34,28,-32,27,-38,30,-32,20,-31,25,-32,19,-26,24,-32,24,-29,16,-27,16,-29,10,-27,11,0,0,0,0,0,0,0,0,0,0,0,0,0,0,0,0,0,0,0,0,0,0,37,21,34,28,24,27,22,29,18,28,14,28,8,29,9,27,7,30,5,27,-1,25,-7,20,-8,19,-10,16,-13,12,-16,6,-13,3,-16,2,-14,2,-16,-1,-16,-6,-14,-9,-16,-12,-15,-13,-17,-16,-16,-21,-9,-21,-14,-25,-15,-21,-15,-28,-13,-25,-11,-27,-16,-27,-15,-29,-15,-32,-15,-33,-15,-34,-15,-33,-19,-35,-21,-36,-25,-32,-23,-37,-19,-40,-28,-36,-28,-35,-28,-32,-30,-42,-35,-37,-39,-39,-40,-40,-43,-41,-45,-49,-43,-49,-41,-49,-50,-43,-53,-43,-51,-46,0,0]"
CSI_DATA,351,2a:00:00:00:00:00,-43,11,1,0,1,1,1,0,0,0,1,-96,0,11,2,4914631,0,44,0,384,0,"[0,0,0,0,0,0,0,0,0,0,0,0,0,14,1,14,1,14,0,15,1,14,0,13,0,14,1,13,1,13,1,13,1,13,1,13,1,13,1,13,1,13,2,13,2,13,2,12,2,12,2,12,2,12,2,12,2,12,2,12,2,12,2,12,0,0,1,12,2,12,1,12,1,11,1,11,1,11,0,11,0,11,0,10,0,10,-1,9,-1,9,-1,8,-1,8,-1,7,-1,7,-1,7,-1,7,-1,6,-1,6,-2,6,-1,5,-2,5,-2,5,-2,4,-2,5,0,0,0,0,0,0,0,0,0,0,0,0,0,0,10,76,9,74,16,79,12,74,15,75,9,71,13,77,15,78,15,74,11,71,18,72,13,71,15,69,16,72,13,70,17,66,16,70,18,67,15,68,22,67,23,70,21,64,27,62,21,61,21,64,25,64,27,61,26,63,22,63,25,63,19,61,24,57,23,63,19,62,21,60,18,60,19,57,18,59,14,59,14,55,14,52,11,54,8,55,4,47,5,43,5,42,5,45,4,36,1,40,3,37,2,36,1,34,1,32,-2,28,2,30,-5,30,-5,27,0,0,0,0,0,0,0,0,0,0,0,0,0,0,0,0,0,0,0,0,0,0,37,-14,35,-14,32,-5,33,-5,32,0,28,3,24,6,21,8,17,13,17,15,16,14,10,14,4,14,4,15,-4,13,-2,12,-3,10,-10,10,-16,8,-18,6,-20,6,-23,7,-22,1,-25,-3,-28,-7,-25,-7,-26,-4,-27,-5,-34,-6,-35,-6,-29,-5,-34,-7,-38,-5,-39,-9,-36,-9,-34,-9,-35,-7,-36,-8,-39,-4,-43,-4,-42,-5,-42,1,-42,-3,-49,-2,-42,2,-53,5,-49,10,-55,4,-57,6,-64,10,-62,5,-59,8,-50,15,-65,8,-67,13,-72,14,-71,10,0,0]"
CSI_DATA,352,2a:00:00:00:00:00,-43,11,1,0,1,1,1,0,0,0,1,-96,0,11,2,4924811,0,44,0,384,0,"[0,0,0,0,0,0,0,0,0,0,0,0,3,13,3,12,4,14,3,14,3,13,3,13,3,12,3,12,4,12,4,12,4,12,4,12,4,12,4,11,4,11,5,12,5,11,5,11,5,11,5,11,5,11,5,11,5,11,6,11,5,11,5,11,0,0,5,11,5,11,5,10,4,10,4,10,4,10,3,10,3,10,3,9,2,9,2,9,2,8,1,8,1,7,1,7,1,7,1,7,1,6,1,6,0,5,0,5,0,5,0,5,0,5,0,5,-1,5,0,0,0,0,0,0,0,0,0,0,0,0,0,0,3,75,3,81,3,79,6,77,4,79,3,75,2,76,5,81,7,75,7,78,6,73,3,71,10,75,9,73,11,72,10,70,8,75,9,73,8,72,12,66,18,70,15,69,16,67,16,67,9,67,15,69,13,66,19,70,14,68,19,69,14,67,11,64,14,62,9,65,7,61,6,63,14,61,8,59,3,62,5,54,4,54,3,51,-4,49,3,51,-6,46,-2,47,-3,40,-1,39,-6,36,-5,35,-7,37,-5,36,-4,34,-8,33,-7,29,-6,27,-12,26,0,0,0,0,0,0,0,0,0,0,0,0,0,0,0,0,0,0,0,0,0,0,27,-20,28,-16,25,-12,26,-9,26,-5,24,-4,20,2,18,4,16,5,17,6,8,7,4,8,1,12,-2,8,-4,7,-8,4,-10,6,-13,8,-15,4,-17,3,-23,0,-24,-3,-22,0,-27,-4,-27,-4,-31,-6,-26,-8,-29,-9,-35,-6,-37,-11,-35,-8,-37,-13,-41,-15,-36,-14,-41,-13,-41,-8,-35,-9,-41,-7,-42,-10,-50,-9,-47,-10,-44,-3,-48,-6,-55,-3,-48,-2,-47,4,-50,-5,-55,2,-60,2,-64,3,-61,5,-65,5,-70,2,-61,6,-72,5,-76,7,-74,7,0,0]"
CSI_DATA,353,2a:00:00:00:00:00,-42,11,1,0,1,1,1,0,0,0,1,-96,0,11,2,4934767,0,44,0,384,0,"[0,0,0,0,0,0,0,0,0,0,0,0,-2,-15,-2,-15,-2,-15,-2,-16,-2,-15,-1,-14,-1,-14,-2,-14,-1,-14,-2,-14,-3,-14,-3,-14,-3,-14,-4,-14,-3,-14,-4,-13,-4,-14,-3,-13,-4,-13,-4,-13,-3,-13,-4,-13,-3,-12,-5,-13,-5,-13,-4,-13,0,0,-3,-13,-3,-13,-4,-13,-3,-12,-2,-12,-2,-12,-2,-12,-2,-11,-1,-11,-1,-10,-1,-10,-1,-10,-1,-9,-1,-9,0,-8,0,-9,-1,-8,0,-8,0,-7,0,-7,0,-7,0,-7,0,-6,0,-6,1,-6,1,-6,0,0,0,0,0,0,0,0,0,0,0,0,0,0,13,-82,11,-77,12,-82,13,-75,10,-75,5,-76,10,-76,15,-81,11,-77,12,-72,9,-77,12,-73,11,-70,5,-69,4,-73,1,-69,7,-77,1,-72,-2,-74,2,-65,-1,-74,-1,-70,-7,-70,-3,-73,0,-69,1,-69,-1,-65,-8,-70,-7,-66,-6,-71,-1,-72,1,-63,-1,-67,-1,-66,-2,-62,0,-64,5,-65,4,-60,6,-56,6,-55,4,-53,6,-53,7,-49,7,-50,10,-47,9,-43,11,-41,11,-40,9,-41,10,-37,10,-37,12,-30,7,-30,8,-31,9,-29,12,-30,14,-27,0,0,0,0,0,0,0,0,0,0,0,0,0,0,0,0,0,0,0,0,0,0,-24,19,-25,15,-23,11,-24,8,-23,4,-20,0,-19,5,-16,-2,-11,-2,-9,-5,-5,1,-2,-3,2,-4,1,-3,5,-1,10,0,7,-1,10,5,16,4,20,8,19,9,23,13,22,14,26,13,27,15,25,17,26,12,26,17,29,17,29,20,27,14,34,19,32,21,36,21,34,18,33,17,36,15,40,16,39,17,46,14,41,15,46,13,43,15,48,13,51,13,44,8,54,11,53,11,59,10,59,13,64,12,63,4,67,8,63,9,70,6,72,13,77,9,0,0]"
CSI_DATA,354,2a:00:00:00:00:00,-42,11,1,0,1,1,1,0,0,0,1,-96,0,11,2,4946501,0,44,0,384,0,"[0,0,0,0,0,0,0,0,0,0,0,0,10,-11,10,-11,9,-11,10,-11,9,-11,9,-10,9,-11,9,-11,9,-10,8,-10,9,-10,9,-10,8,-10,8,-10,7,-10,8,-11,7,-10,7,-11,6,-11,7,-11,7,-10,7,-11,7,-10,6,-11,7,-10,7,-10,0,0,7,-10,7,-10,6,-10,7,-10,6,-9,6,-9,6,-8,6,-8,7,-8,7,-8,7,-7,6,-6,6,-6,6,-5,6,-5,5,-5,5,-5,5,-5,5,-5,4,-4,5,-4,4,-4,4,-3,4,-3,4,-3,4,-3,0,0,0,0,0,0,0,0,0,0,0,0,0,0,52,-58,53,-54,51,-64,56,-57,51,-59,55,-54,47,-54,52,-57,44,-50,47,-57,48,-54,48,-57,46,-56,40,-54,42,-51,40,-53,41,-60,41,-55,40,-56,40,-55,36,-58,37,-55,34,-58,33,-56,34,-54,35,-53,33,-49,32,-55,31,-52,32,-57,34,-55,36,-56,30,-49,32,-55,32,-48,37,-46,35,-50,33,-46,36,-42,33,-43,32,-39,36,-37,37,-35,32,-33,35,-31,23,-29,29,-28,26,-26,28,-26,26,-22,27,-23,25,-18,22,-21,23,-16,21,-16,22,-19,25,-16,0,0,0,0,0,0,0,0,0,0,0,0,0,0,0,0,0,0,0,0,0,0,-35,-16,-16,5,-30,-12,-18,7,-27,19,-23,-5,-23,7,-10,6,-9,6,-9,-10,-7,1,-4,1,-1,-1,1,-3,7,-1,3,11,13,4,5,1,-10,11,12,2,11,16,17,28,0,58,12,46,9,14,7,20,-8,7,15,17,20,33,0,33,26,33,8,27,18,25,19,46,30,47,11,38,28,41,22,35,28,37,25,36,30,40,28,34,30,37,33,34,34,36,33,37,37,37,42,38,44,39,44,39,47,40,47,43,52,53,47,42,52,43,58,48,54,48,0,0]"
CSI_DATA,355,2a:00:00:00:00:00,-42,11,1,0,1,1,1,0,0,0,1,-96,0,11,2,4954639,0,44,0,384,0,"[0,0,0,0,0,0,0,0,0,0,0,0,8,-13,7,-12,6,-13,7,-13,7,-13,7,-12,7,-12,6,-12,7,-12,6,-12,6,-12,6,-12,5,-12,5,-12,5,-11,5,-12,5,-12,5,-12,4,-12,4,-12,4,-11,4,-12,4,-12,3,-12,4,-12,4,-12,0,0,4,-11,4,-11,4,-11,4,-11,4,-10,4,-10,4,-10,4,-10,4,-8,4,-9,4,-8,4,-8,4,-7,4,-7,4,-7,4,-6,4,-6,3,-6,3,-5,3,-5,3,-5,3,-5,3,-4,3,-4,3,-4,3,-4,0,0,0,0,0,0,0,0,0,0,0,0,0,0,50,-60,49,-63,45,-64,47,-63,51,-63,48,-59,51,-61,51,-61,43,-59,42,-58,46,-59,42,-60,42,-63,41,-60,43,-56,43,-59,39,-63,35,-65,36,-58,35,-58,34,-65,36,-59,25,-60,28,-59,30,-60,31,-61,28,-59,24,-58,26,-59,30,-58,33,-62,28,-62,28,-57,29,-56,28,-53,31,-53,26,-51,30,-49,34,-50,33,-47,31,-48,29,-42,29,-41,26,-40,29,-40,23,-35,27,-33,26,-30,22,-27,23,-29,23,-27,19,-23,23,-25,25,-25,21,-21,22,-21,23,-19,0,0,0,0,0,0,0,0,0,0,0,0,0,0,0,0,0,0,0,0,0,0,-28,7,-28,6,-22,4,-22,-3,-16,-2,-16,1,-18,-3,-14,-2,-8,2,-8,-1,-3,-1,-6,2,1,6,1,1,2,9,4,14,6,10,7,16,11,14,10,16,12,18,10,18,7,25,9,24,12,27,11,30,11,32,14,34,16,31,14,30,16,35,14,36,19,34,20,32,21,37,21,37,23,34,26,37,24,34,27,37,33,40,31,37,30,39,38,39,33,38,40,35,43,41,42,37,47,39,46,41,45,39,54,47,58,43,46,45,56,45,60,45,59,45,0,0]"
CSI_DATA,356,2a:00:00:00:00:00,-41,11,1,0,1,1,1,0,0,0,1,-96,0,11,2,4984669,0,44,0,384,0,"[0,0,0,0,0,0,0,0,0,0,0,0,14,-2,14,-2,13,-2,14,-2,13,-2,13,-2,13,-2,13,-2,13,-2,12,-2,12,-2,12,-2,12,-2,11,-2,11,-3,11,-3,12,-3,10,-3,11,-3,10,-3,10,-3,10,-3,10,-2,10,-3,10,-3,10,-3,0,0,10,-3,10,-2,10,-3,10,-2,9,-2,9,-2,9,-1,9,-2,9,-1,8,-1,8,-1,7,0,7,0,7,0,6,0,6,0,6,0,6,0,5,0,5,0,5,0,5,1,4,1,4,1,4,1,4,1,0,0,0,0,0,0,0,0,0,0,0,0,0,0,76,10,80,7,81,8,79,9,82,7,77,12,81,7,79,10,79,11,74,9,77,5,74,6,76,7,69,5,70,13,69,3,72,1,70,-1,64,0,68,1,67,-4,64,1,62,-7,62,-3,60,-3,61,-5,62,-6,60,-3,60,-2,64,-6,61,1,63,0,55,-1,55,-5,58,1,55,0,55,-2,54,1,52,0,53,6,49,5,46,8,45,6,45,4,40,6,38,4,38,7,39,5,33,9,31,6,32,6,28,5,29,10,26,8,25,13,27,12,23,15,0,0,0,0,0,0,0,0,0,0,0,0,0,0,0,0,0,0,0,0,0,0,-18,-8,-16,-10,-13,-11,-8,-10,-9,-9,-6,-6,-3,-6,-5,-5,-2,-1,0,4,-4,5,-3,8,-2,6,-3,14,0,14,-1,19,-8,20,-5,24,-4,22,-8,25,-7,25,-11,31,-10,31,-14,32,-14,35,-12,35,-19,34,-17,35,-16,35,-17,38,-18,39,-16,39,-19,38,-17,42,-18,47,-17,45,-12,45,-18,43,-18,49,-13,50,-16,49,-7,54,-15,51,-11,56,-9,56,-9,55,-7,60,-4,63,-3,66,-6,67,-12,71,-9,79,-6,67,-7,73,-7,78,-8,80,-7,78,0,0]"
CSI_DATA,357,2a:00:00:00:00:00,-41,11,1,0,1,1,1,0,0,0,1,-96,0,11,2,4994663,0,44,0,384,0,"[0,0,0,0,0,0,0,0,0,0,0,0,-13,9,-13,9,-12,9,-12,9,-12,9,-12,8,-12,8,-12,8,-12,8,-10,8,-11,8,-11,9,-10,8,-10,8,-10,8,-10,9,-9,8,-9,8,-8,8,-9,8,-9,8,-9,8,-9,8,-8,8,-9,8,-9,8,0,0,-8,8,-9,8,-8,8,-8,7,-8,7,-8,7,-8,6,-8,6,-8,6,-8,6,-8,5,-8,5,-7,4,-7,4,-7,3,-6,3,-7,3,-6,3,-6,2,-6,2,-5,2,-5,2,-6,1,-5,1,-5,1,-5,1,0,0,0,0,0,0,0,0,0,0,0,0,0,0,-74,33,-69,36,-74,41,-74,31,-71,36,-73,32,-68,36,-71,34,-65,32,-69,33,-67,28,-65,31,-66,32,-62,29,-62,31,-59,34,-61,39,-54,36,-56,35,-51,32,-59,38,-56,34,-49,39,-47,32,-48,34,-52,34,-50,37,-47,39,-48,37,-47,40,-47,37,-47,36,-46,28,-46,33,-45,32,-50,30,-46,32,-49,29,-46,28,-43,25,-40,21,-42,22,-41,18,-42,19,-38,18,-35,17,-38,12,-38,11,-34,10,-29,7,-32,6,-31,6,-28,5,-28,5,-30,4,-28,4,-28,5,0,0,0,0,0,0,0,0,0,0,0,0,0,0,0,0,0,0,0,0,0,0,18,-5,18,-1,14,-1,18,-3,11,0,10,2,4,-3,1,-2,4,-3,2,-8,-3,-1,-4,-11,-8,-10,-6,-12,-6,-18,-5,-18,-8,-19,-7,-20,-9,-24,-8,-28,-10,-27,-7,-35,-7,-37,-12,-36,-9,-37,-5,-36,-8,-37,-5,-42,-5,-41,-10,-46,-6,-40,-11,-50,-6,-49,-5,-46,-8,-49,-5,-45,-9,-49,-13,-48,-14,-49,-14,-46,-16,-53,-21,-51,-19,-54,-22,-53,-22,-57,-23,-49,-20,-57,-26,-58,-31,-57,-30,-58,-36,-65,-33,-70,-38,-61,-33,-59,-41,-64,-37,-71,-39,-69,0,0]"
CSI_DATA,358,2a:00:00:00:00:00,-42,11,1,0,1,1,1,0,0,0,1,-96,0,11,2,5024644,0,44,0,384,0,"[0,0,0,0,0,0,0,0,0,0,0,0,-7,-13,-7,-13,-7,-13,-6,-13,-6,-12,-6,-12,-7,-12,-7,-11,-6,-11,-7,-11,-6,-11,-7,-11,-6,-11,-6,-10,-7,-10,-7,-10,-7,-9,-7,-9,-7,-9,-7,-9,-7,-9,-7,-9,-7,-9,-7,-9,-7,-9,-7,-9,0,0,-7,-9,-7,-9,-7,-9,-7,-9,-6,-9,-6,-8,-6,-9,-6,-8,-5,-8,-5,-9,-4,-8,-4,-8,-4,-7,-4,-7,-3,-7,-3,-7,-3,-7,-2,-7,-2,-6,-2,-6,-2,-6,-2,-6,-2,-6,-1,-5,-1,-5,0,-5,0,0,0,0,0,0,0,0,0,0,0,0,0,0,-18,-81,-18,-76,-21,-79,-18,-71,-22,-71,-21,-79,-19,-70,-20,-75,-17,-71,-23,-68,-18,-65,-22,-64,-20,-64,-19,-65,-22,-63,-28,-58,-25,-59,-28,-60,-23,-58,-27,-55,-29,-56,-25,-54,-29,-57,-26,-54,-24,-52,-25,-52,-27,-51,-30,-53,-31,-50,-32,-49,-30,-48,-27,-51,-26,-51,-25,-51,-26,-49,-22,-49,-22,-50,-24,-48,-19,-51,-18,-47,-18,-43,-18,-45,-13,-46,-17,-44,-11,-43,-12,-37,-9,-38,-7,-36,-4,-32,-6,-34,-1,-32,-1,-31,-3,-29,-1,-31,1,-23,3,-26,3,-22,0,0,0,0,0,0,0,0,0,0,0,0,0,0,0,0,0,0,0,0,0,0,13,21,11,19,8,21,5,19,4,16,3,17,4,12,5,10,7,11,8,5,8,3,10,3,10,-1,11,0,16,-3,17,-4,22,-7,23,-6,27,-5,28,-3,30,-7,37,-3,37,-4,43,-4,42,-3,40,-6,40,-3,49,0,45,2,46,-2,46,-5,50,-4,50,-3,50,-3,53,-1,51,-5,53,-7,56,-14,54,-12,54,-11,60,-8,59,-15,62,-11,60,-15,57,-13,63,-19,60,-16,59,-22,67,-16,65,-21,65,-24,64,-30,76,-13,64,-26,73,-25,76,-24,77,-22,0,0]"
CSI_DATA,359,2a:00:00:00:00:00,-42,11,1,0,1,1,1,0,0,0,1,-96,0,11,2,5035190,0,44,0,384,0,"[0,0,0,0,0,0,0,0,0,0,0,0,-3,-14,-2,-14,-3,-14,-2,-14,-3,-14,-2,-13,-3,-13,-2,-13,-3,-12,-3,-12,-3,-12,-3,-12,-3,-12,-3,-12,-3,-11,-4,-11,-4,-11,-4,-11,-4,-10,-5,-11,-4,-11,-4,-11,-4,-11,-5,-10,-4,-11,-4,-10,0,0,-4,-10,-4,-11,-4,-10,-4,-10,-3,-10,-3,-10,-3,-10,-3,-10,-2,-9,-2,-10,-1,-9,-1,-9,-1,-8,-1,-8,-1,-8,-1,-7,-1,-7,0,-7,0,-7,0,-6,0,-6,0,-6,0,-6,0,-5,1,-5,1,-5,0,0,0,0,0,0,0,0,0,0,0,0,0,0,-4,-84,-12,-80,-12,-77,-8,-73,-13,-79,-10,-74,-8,-74,-10,-76,-12,-73,-13,-67,-7,-70,-11,-63,-12,-67,-15,-64,-12,-62,-19,-59,-16,-65,-17,-60,-18,-59,-19,-58,-20,-59,-19,-59,-23,-54,-17,-53,-17,-55,-21,-60,-20,-58,-24,-55,-22,-55,-26,-52,-21,-52,-22,-58,-16,-54,-20,-52,-18,-56,-15,-52,-14,-51,-13,-53,-14,-51,-10,-50,-10,-50,-7,-46,-6,-42,-7,-47,-4,-46,-4,-40,-1,-37,-3,-40,0,-35,0,-30,1,-31,3,-30,4,-31,3,-31,7,-27,7,-24,8,-22,0,0,0,0,0,0,0,0,0,0,0,0,0,0,0,0,0,0,0,0,0,0,9,26,8,24,5,23,5,24,2,20,3,15,0,11,-2,13,4,9,5,8,5,6,11,2,10,4,12,0,16,-1,20,-1,19,-2,23,-3,24,-4,30,-2,33,-2,33,2,35,0,35,-1,41,0,41,-3,41,3,44,2,46,-1,45,3,47,5,47,0,53,2,52,1,54,4,53,2,53,-2,54,0,58,-4,58,-6,60,0,57,-7,57,-4,63,-4,62,-10,60,-8,63,-7,63,-11,69,-12,70,-12,68,-17,71,-14,76,-14,69,-11,76,-20,71,-16,80,-12,0,0]"
CSI_DATA,360,2a:00:00:00:00:00,-42,11,1,0,1,1,1,0,0,0,1,-96,0,11,2,5054648,0,44,0,384,0,"[0,0,0,0,0,0,0,0,0,0,0,0,10,-9,9,-9,10,-10,10,-9,9,-9,9,-8,9,-9,9,-8,8,-9,9,-8,9,-8,8,-8,7,-8,7,-8,7,-8,7,-9,6,-9,7,-9,6,-9,6,-9,6,-9,6,-9,6,-9,5,-9,6,-9,6,-8,0,0,6,-8,6,-9,5,-8,6,-8,6,-8,5,-8,6,-8,6,-7,6,-7,6,-7,6,-6,5,-6,5,-5,5,-5,5,-5,5,-5,5,-4,5,-4,5,-4,4,-3,4,-3,4,-3,4,-2,4,-2,4,-2,3,-2,0,0,0,0,0,0,0,0,0,0,0,0,0,0,53,-56,53,-55,50,-62,53,-56,48,-56,52,-52,47,-53,54,-54,47,-54,47,-51,48,-56,44,-53,46,-53,44,-51,41,-50,39,-52,40,-52,34,-51,34,-53,36,-53,35,-55,33,-51,29,-52,33,-51,30,-52,28,-51,28,-51,31,-55,29,-49,29,-55,27,-50,31,-49,30,-51,24,-51,27,-47,31,-48,27,-46,26,-49,28,-47,29,-42,29,-40,31,-37,27,-38,30,-36,27,-29,25,-31,27,-25,26,-30,27,-20,23,-26,25,-19,20,-20,22,-18,24,-16,21,-15,21,-11,24,-10,0,0,0,0,0,0,0,0,0,0,0,0,0,0,0,0,0,0,0,0,0,0,-16,20,-20,3,-16,25,-16,20,-34,22,1,13,-1,12,-20,21,-18,7,-1,2,-5,17,-4,7,-4,2,7,15,10,13,11,16,4,16,10,8,27,22,12,20,24,23,35,10,33,23,26,18,26,17,25,55,25,34,12,42,25,32,22,42,9,32,25,41,24,40,35,39,36,42,34,44,22,51,28,46,33,46,35,45,37,44,38,37,37,42,42,46,38,45,44,42,48,41,48,42,50,47,49,47,48,47,48,53,57,44,50,49,56,52,61,50,58,47,0,0]"
CSI_DATA,361,2a:00:00:00:00:00,-43,11,1,0,1,1,1,0,0,0,1,-96,0,11,2,5064656,0,44,0,384,0,"[0,0,0,0,0,0,0,0,0,0,0,0,-3,14,-2,13,-2,14,-2,14,-2,13,-2,13,-2,13,-2,12,-2,12,-1,12,-2,12,-1,12,-1,12,-1,12,-1,11,0,12,0,11,0,11,0,11,1,11,0,11,1,11,0,11,0,10,0,11,0,10,0,0,0,10,0,11,0,10,0,10,0,10,0,10,-1,10,-1,9,-1,9,-2,9,-2,9,-2,8,-2,8,-2,7,-2,7,-2,7,-3,6,-2,6,-3,5,-3,5,-3,5,-3,4,-3,4,-3,4,-3,3,-3,3,0,0,0,0,0,0,0,0,0,0,0,0,0,0,-15,78,-17,75,-13,80,-11,71,-10,73,-16,74,-12,70,-13,77,-14,68,-12,70,-11,62,-11,67,-13,68,-11,68,-9,61,-2,65,-9,69,2,62,-6,63,-1,64,4,63,-3,59,2,60,1,57,-2,58,1,63,-1,57,6,57,3,60,8,55,-1,57,-4,58,1,56,0,59,0,51,-3,53,-3,54,-3,52,-5,54,-3,52,-8,49,-8,50,-10,46,-8,44,-11,42,-10,38,-11,40,-10,34,-13,33,-14,31,-14,29,-14,30,-12,27,-10,25,-15,23,-18,23,-17,18,0,0,0,0,0,0,0,0,0,0,0,0,0,0,0,0,0,0,0,0,0,0,2,-33,5,-34,3,-27,6,-27,8,-23,10,-23,9,-16,8,-11,6,-12,4,-10,2,-9,1,-9,-6,-6,-10,-3,-14,-3,-13,-4,-19,-7,-19,-7,-23,-2,-23,-7,-31,-11,-30,-9,-27,-10,-38,-13,-37,-13,-36,-15,-36,-12,-42,-19,-42,-13,-43,-16,-41,-15,-45,-18,-45,-21,-47,-14,-52,-18,-51,-19,-46,-15,-51,-14,-51,-11,-53,-13,-55,-16,-59,-13,-60,-13,-62,-9,-59,-9,-64,-10,-63,-14,-65,-11,-66,-10,-70,-10,-74,-8,-73,-7,-69,-3,-76,-7,-81,-7,-83,-7,-84,-12,0,0]"
CSI_DATA,362,2a:00:00:00:00:00,-43,11,1,0,1,1,1,0,0,0,1,-96,0,11,2,5075185,0,44,0,384,0,"[0,0,0,0,0,0,0,0,0,0,0,0,-12,8,-11,9,-11,9,-12,9,-11,9,-12,8,-11,8,-10,8,-10,8,-10,8,-10,8,-10,8,-9,8,-9,8,-9,8,-8,8,-8,8,-8,8,-8,9,-8,8,-8,9,-8,8,-8,8,-8,8,-8,8,-8,8,0,0,-8,8,-8,8,-7,8,-7,7,-8,7,-8,7,-8,7,-8,6,-8,6,-8,5,-8,5,-7,4,-7,4,-7,4,-7,3,-7,3,-7,3,-6,3,-6,2,-6,2,-6,2,-6,2,-5,1,-5,1,-5,1,-5,0,0,0,0,0,0,0,0,0,0,0,0,0,0,0,-58,63,-55,52,-50,62,-56,54,-54,57,-55,57,-48,51,-55,59,-45,52,-51,55,-51,49,-43,54,-46,55,-39,48,-43,49,-38,53,-40,56,-39,50,-40,51,-37,46,-36,55,-37,43,-29,55,-29,53,-32,50,-35,54,-33,46,-29,50,-30,50,-32,52,-35,47,-34,51,-30,42,-34,53,-30,41,-36,48,-33,46,-29,46,-33,41,-36,39,-34,34,-36,36,-35,35,-35,28,-36,33,-32,29,-32,22,-29,21,-32,20,-30,20,-30,15,-29,15,-26,15,-21,11,-25,11,-25,7,-25,9,0,0,0,0,0,0,0,0,0,0,0,0,0,0,0,0,0,0,0,0,0,0,21,-30,23,-23,24,-18,23,-16,20,-12,21,-12,18,-8,15,-4,13,-4,10,-5,8,-6,2,-5,-5,-3,-2,-6,-7,-5,-11,-9,-13,-12,-14,-13,-19,-18,-18,-18,-18,-18,-21,-24,-23,-21,-26,-22,-24,-27,-28,-29,-27,-32,-27,-36,-23,-31,-31,-38,-28,-31,-31,-38,-34,-38,-33,-35,-37,-40,-33,-42,-30,-42,-35,-42,-39,-42,-43,-44,-45,-44,-36,-42,-44,-45,-44,-38,-48,-44,-45,-44,-47,-45,-48,-44,-50,-47,-52,-38,-56,-44,-59,-49,-59,-51,-53,-47,-61,-53,-66,-54,-64,-48,0,0]"
CSI_DATA,363,2a:00:00:00:00:00,-43,11,1,0,1,1,1,0,0,0,1,-96,0,11,2,5084676,0,44,0,384,0,"[0,0,0,0,0,0,0,0,0,0,0,0,14,2,13,2,14,1,13,2,13,2,12,2,12,2,13,1,12,1,12,1,12,1,12,1,12,1,11,1,11,1,12,0,11,0,12,0,10,-1,11,-1,11,0,10,-1,11,0,11,-1,11,0,10,0,0,0,10,0,11,0,10,0,11,0,9,0,10,0,9,0,9,1,9,1,9,1,8,1,8,1,7,2,7,2,7,2,6,2,6,2,5,1,5,2,5,2,5,2,5,2,4,2,3,2,3,2,2,2,0,0,0,0,0,0,0,0,0,0,0,0,0,0,78,1,80,3,79,-3,80,1,77,0,75,-1,70,-2,77,2,68,0,71,-1,73,-5,69,-5,73,-5,65,-1,70,-3,69,-7,65,-7,62,-7,66,-8,62,-16,68,-13,61,-10,62,-11,62,-14,60,-11,59,-12,61,-12,64,-15,60,-10,59,-14,59,-14,62,-14,54,-12,54,-14,55,-12,54,-9,51,-8,56,-7,54,-7,52,-2,50,-7,48,-1,45,0,45,-1,43,-1,46,1,37,5,38,6,37,4,35,1,33,4,31,7,29,6,29,6,28,12,25,8,22,10,0,0,0,0,0,0,0,0,0,0,0,0,0,0,0,0,0,0,0,0,0,0,-38,-6,-29,-9,-28,-12,-28,-13,-20,-16,-19,-13,-16,-14,-12,-12,-10,-12,-7,-6,-6,-7,-6,-3,-4,-2,-1,1,-2,6,4,10,1,12,0,18,1,21,-2,20,-5,25,0,29,-3,32,0,32,-9,34,-4,38,-6,39,-4,45,-6,42,-7,45,-6,44,-12,51,-13,49,-12,47,-11,51,-9,53,-9,53,-6,54,-8,51,-6,54,-5,57,-1,57,-6,59,-4,60,-2,63,-2,64,-3,62,2,66,0,66,-5,68,0,68,4,66,2,82,-1,75,-1,76,1,83,2,80,0,0]"
CSI_DATA,364,2a:00:00:00:00:00,-43,11,1,0,1,1,1,0,0,0,1,-96,0,11,2,5094684,0,44,0,384,0,"[0,0,0,0,0,0,0,0,0,0,0,0,-12,7,-13,7,-11,7,-12,7,-12,7,-12,6,-11,7,-11,7,-11,7,-10,7,-11,6,-11,7,-10,7,-10,7,-10,7,-10,7,-9,7,-9,7,-8,8,-8,7,-8,7,-8,7,-8,7,-8,8,-9,7,-8,7,0,0,-8,7,-8,7,-8,7,-8,7,-8,6,-8,6,-8,6,-8,5,-8,5,-8,5,-8,4,-8,4,-7,4,-8,3,-7,3,-7,3,-7,2,-6,2,-6,2,-6,2,-6,2,-6,1,-5,1,-5,1,-5,0,-5,0,0,0,0,0,0,0,0,0,0,0,0,0,0,0,-76,25,-73,27,-70,30,-72,18,-77,28,-72,27,-71,26,-71,23,-66,24,-68,23,-69,24,-66,26,-66,30,-59,29,-60,23,-58,29,-58,36,-58,32,-56,31,-57,31,-60,29,-54,28,-50,33,-51,27,-49,29,-54,36,-54,37,-49,34,-53,35,-50,34,-50,32,-51,31,-49,31,-45,31,-49,29,-48,28,-48,25,-52,22,-50,22,-47,20,-47,20,-43,19,-42,15,-43,15,-43,12,-41,13,-38,9,-34,10,-32,9,-32,8,-34,6,-32,2,-32,1,-29,0,-23,-3,-28,2,-26,1,0,0,0,0,0,0,0,0,0,0,0,0,0,0,0,0,0,0,0,0,0,0,35,-8,33,-4,27,1,29,5,27,6,19,6,19,7,14,7,12,2,7,3,8,5,4,0,2,-2,-5,-4,-6,-9,-4,-13,-6,-11,-6,-19,-9,-15,-12,-21,-11,-20,-9,-27,-9,-26,-9,-30,-11,-36,-10,-39,-8,-40,-6,-42,-7,-38,-5,-45,-7,-47,-9,-46,-8,-45,-12,-49,-7,-53,-8,-52,-11,-50,-11,-54,-14,-54,-16,-54,-16,-62,-18,-57,-17,-57,-21,-57,-16,-58,-19,-60,-19,-65,-22,-64,-27,-62,-20,-64,-28,-69,-30,-65,-25,-73,-26,-68,-27,-70,-29,-75,-34,-69,0,0]"
CSI_DATA,365,2a:00:00:00:00:00,-43,11,1,0,1,1,1,0,0,0,1,-96,0,11,2,5104683,0,44,0,384,0,"[0,0,0,0,0,0,0,0,0,0,0,0,5,-13,5,-13,5,-14,5,-14,5,-13,5,-13,5,-13,5,-13,4,-12,3,-12,4,-13,4,-12,3,-12,3,-12,3,-12,3,-12,3,-12,3,-11,2,-12,2,-12,3,-12,2,-12,2,-11,2,-12,2,-12,2,-11,0,0,2,-11,2,-11,2,-11,2,-10,3,-11,3,-10,3,-10,3,-9,3,-9,3,-9,3,-9,3,-8,3,-8,3,-8,3,-7,3,-6,3,-6,3,-6,3,-5,3,-5,3,-5,3,-5,3,-4,3,-4,3,-4,3,-3,0,0,0,0,0,0,0,0,0,0,0,0,0,0,41,-69,36,-67,36,-74,36,-68,35,-67,31,-71,33,-64,36,-71,30,-64,29,-67,37,-63,33,-61,31,-60,25,-61,28,-62,18,-61,17,-65,19,-69,19,-69,21,-59,20,-66,16,-56,18,-66,18,-61,20,-59,20,-63,15,-57,11,-62,14,-62,10,-63,14,-57,14,-63,15,-55,16,-58,16,-53,19,-56,18,-51,21,-58,18,-50,21,-43,20,-44,18,-44,21,-46,16,-43,20,-40,20,-38,23,-34,17,-31,25,-30,18,-23,25,-27,20,-25,20,-22,18,-21,19,-21,21,-20,22,-16,0,0,0,0,0,0,0,0,0,0,0,0,0,0,0,0,0,0,0,0,0,0,-20,25,-24,21,-21,15,-24,13,-20,9,-19,7,-17,4,-17,1,-13,2,-6,-2,-5,1,-2,-3,2,-2,7,-3,11,1,11,3,17,3,15,5,22,4,22,11,26,6,24,14,24,15,31,15,37,19,32,18,32,23,34,25,32,24,38,26,33,22,40,29,39,32,41,31,41,33,42,33,39,30,48,27,49,30,51,28,47,32,47,29,55,28,52,27,54,30,57,26,56,35,54,31,60,33,60,31,57,24,68,28,71,39,57,29,68,28,74,32,72,32,0,0]"
CSI_DATA,366,2a:00:00:00:00:00,-43,11,1,0,1,1,1,0,0,0,1,-96,0,11,2,5115284,0,44,0,384,0,"[0,0,0,0,0,0,0,0,0,0,0,0,-2,-14,-2,-13,-3,-14,-2,-14,-2,-14,-2,-13,-2,-13,-2,-12,-2,-13,-3,-13,-3,-13,-3,-12,-3,-12,-3,-12,-3,-11,-4,-12,-4,-11,-4,-11,-4,-11,-4,-11,-4,-11,-4,-11,-4,-11,-4,-11,-4,-11,-4,-10,0,0,-3,-10,-4,-11,-4,-10,-4,-10,-3,-10,-3,-10,-3,-10,-2,-10,-2,-9,-2,-9,-2,-9,-1,-9,-1,-8,-1,-8,-1,-8,-1,-7,-1,-7,-1,-7,0,-6,0,-6,0,-6,0,-6,0,-6,0,-5,0,-5,1,-4,0,0,0,0,0,0,0,0,0,0,0,0,0,0,-10,-78,-11,-76,-8,-80,-11,-75,-14,-71,-10,-75,-13,-73,-13,-79,-10,-72,-9,-69,-13,-65,-15,-68,-16,-68,-15,-69,-9,-65,-18,-65,-19,-68,-16,-63,-18,-64,-21,-63,-24,-63,-17,-59,-25,-60,-22,-59,-21,-59,-24,-62,-20,-58,-24,-58,-19,-62,-26,-56,-22,-55,-25,-57,-20,-57,-25,-55,-18,-50,-18,-55,-17,-54,-16,-56,-19,-54,-18,-49,-11,-46,-10,-50,-5,-47,-8,-46,-7,-45,-7,-43,-8,-41,-4,-39,-3,-36,0,-37,1,-37,0,-32,0,-32,-2,-27,2,-26,4,-27,4,-23,0,0,0,0,0,0,0,0,0,0,0,0,0,0,0,0,0,0,0,0,0,0,-8,22,-3,26,-12,20,-19,21,-20,14,-10,17,-14,13,-12,6,-12,5,-6,-1,-6,1,-1,6,2,-11,2,-5,13,-6,12,-8,11,-3,16,-1,19,-2,23,-3,28,2,33,-2,30,1,33,1,37,1,35,3,39,-4,43,-4,42,1,43,6,41,-2,51,-2,49,5,48,3,45,8,52,6,46,10,53,5,55,4,56,2,60,4,55,0,60,-2,60,-4,61,-2,60,-4,61,-2,63,-11,71,-9,68,-8,71,-6,72,-11,68,-6,67,-11,74,-5,77,-6,78,-8,0,0]"
CSI_DATA,367,2a:00:00:00:00:00,-42,11,1,0,1,1,1,0,0,0,1,-96,0,11,2,5124663,0,44,0,384,0,"[0,0,0,0,0,0,0,0,0,0,0,0,-10,-12,-10,-11,-10,-11,-9,-12,-9,-11,-9,-11,-9,-10,-10,-10,-9,-10,-9,-10,-9,-10,-9,-10,-9,-10,-9,-9,-9,-9,-10,-9,-9,-9,-9,-8,-9,-8,-9,-8,-9,-8,-9,-8,-9,-8,-10,-8,-9,-9,-9,-8,0,0,-9,-8,-9,-8,-9,-8,-9,-7,-8,-8,-8,-8,-7,-8,-7,-8,-7,-8,-6,-8,-6,-8,-5,-8,-5,-7,-5,-7,-5,-7,-4,-6,-4,-7,-4,-6,-4,-6,-3,-6,-3,-6,-3,-5,-2,-5,-2,-5,-2,-5,-2,-5,0,0,0,0,0,0,0,0,0,0,0,0,0,0,-35,-73,-28,-70,-34,-66,-34,-66,-35,-72,-38,-68,-33,-67,-35,-67,-31,-64,-35,-65,-35,-63,-37,-65,-36,-64,-34,-59,-36,-57,-39,-58,-41,-61,-40,-60,-38,-60,-33,-54,-40,-54,-38,-54,-40,-49,-36,-51,-33,-50,-39,-53,-36,-50,-41,-50,-35,-48,-39,-49,-37,-47,-40,-52,-34,-51,-36,-51,-34,-49,-28,-49,-26,-48,-31,-42,-27,-44,-30,-45,-24,-43,-25,-43,-22,-44,-25,-43,-19,-44,-16,-39,-11,-32,-16,-34,-13,-33,-9,-34,-10,-35,-7,-29,-13,-31,-6,-30,-7,-29,-4,-25,1,-26,0,0,0,0,0,0,0,0,0,0,0,0,0,0,0,0,0,0,0,0,0,0,4,30,-1,22,-1,24,-5,19,-6,20,-4,16,-9,10,-10,12,-8,7,-3,2,-6,1,-3,-4,0,-6,2,-7,6,-5,7,-6,8,-14,12,-13,15,-11,17,-11,23,-12,23,-13,28,-16,27,-12,35,-15,37,-15,33,-14,40,-15,37,-10,38,-17,37,-15,43,-15,45,-15,45,-10,46,-15,50,-14,43,-18,51,-17,53,-19,49,-21,52,-19,51,-23,56,-22,55,-25,53,-24,56,-24,57,-27,58,-29,58,-32,64,-27,62,-34,70,-34,63,-39,64,-33,68,-34,67,-33,70,-34,0,0]"
CSI_DATA,368,2a:00:00:00:00:00,-42,11,1,0,1,1,1,0,0,0,1,-96,0,11,2,5146231,0,44,0,384,0,"[0,0,0,0,0,0,0,0,0,0,0,0,-14,-5,-13,-5,-14,-5,-14,-5,-14,-5,-13,-5,-13,-4,-13,-4,-13,-4,-13,-4,-13,-5,-13,-4,-13,-4,-12,-4,-12,-4,-13,-3,-12,-3,-12,-3,-12,-2,-12,-3,-12,-3,-12,-3,-12,-3,-12,-2,-12,-3,-11,-2,0,0,-11,-2,-11,-3,-11,-3,-11,-2,-10,-3,-10,-3,-10,-3,-9,-3,-9,-3,-9,-3,-9,-3,-8,-3,-8,-3,-7,-3,-7,-3,-7,-3,-7,-3,-6,-3,-6,-3,-5,-3,-5,-3,-5,-3,-5,-3,-5,-3,-4,-3,-4,-3,0,0,0,0,0,0,0,0,0,0,0,0,0,0,-75,-19,-70,-19,-77,-17,-76,-18,-77,-12,-77,-17,-77,-16,-75,-17,-70,-17,-72,-14,-73,-14,-73,-7,-74,-12,-69,-9,-67,-10,-67,-10,-72,-12,-67,-1,-70,-9,-66,-2,-70,-3,-64,-5,-67,2,-61,0,-62,0,-61,-2,-62,2,-64,0,-60,-2,-62,0,-61,0,-64,-2,-55,1,-61,-2,-57,0,-57,-4,-55,-3,-55,-2,-54,-3,-51,-2,-48,-4,-49,-5,-46,-6,-46,-7,-44,-9,-39,-6,-39,-9,-36,-11,-37,-12,-32,-7,-32,-6,-29,-8,-27,-5,-27,-12,-25,-13,-24,-8,-23,-15,0,0,0,0,0,0,0,0,0,0,0,0,0,0,0,0,0,0,0,0,0,0,-3,12,18,9,11,33,6,36,14,8,11,26,2,3,-3,5,2,17,-2,9,-9,3,-16,-5,-4,3,-6,-8,-3,-11,2,-15,-1,-16,-7,-17,12,-31,-4,-32,-2,-12,23,-23,-4,-39,12,-55,10,-26,23,-37,18,-40,5,-20,34,-27,34,-29,3,-45,31,-38,23,-54,13,-45,27,-41,17,-46,22,-38,21,-47,23,-48,21,-50,21,-49,16,-50,21,-55,21,-56,18,-53,13,-62,17,-61,14,-58,15,-62,18,-63,16,-64,16,-71,18,-74,14,-71,20,-71,15,-75,17,-75,0,0]"
CSI_DATA,369,2a:00:00:00:00:00,-42,11,1,0,1,1,1,0,0,0,1,-96,0,11,2,5155639,0,44,0,384,0,"[0,0,0,0,0,0,0,0,0,0,0,0,-14,6,-13,6,-13,7,-13,6,-13,6,-13,5,-13,6,-13,5,-13,5,-12,6,-13,6,-13,6,-12,5,-11,6,-11,5,-12,6,-11,6,-11,6,-10,6,-10,6,-11,5,-11,5,-11,5,-10,6,-10,5,-10,5,0,0,-10,5,-10,5,-10,5,-10,4,-10,4,-10,4,-9,4,-9,3,-9,3,-9,3,-9,3,-8,2,-8,2,-8,2,-7,2,-7,1,-7,1,-6,1,-6,1,-6,1,-6,0,-6,0,-6,0,-5,0,-5,-1,-5,-1,0,0,0,0,0,0,0,0,0,0,0,0,0,0,-69,33,-68,33,-72,35,-70,32,-70,33,-74,34,-65,34,-73,32,-65,32,-71,35,-68,28,-68,28,-68,34,-60,30,-62,32,-61,34,-59,37,-56,36,-58,33,-56,30,-63,37,-55,29,-57,34,-52,32,-57,27,-55,31,-51,29,-50,35,-49,33,-51,35,-52,31,-58,30,-48,28,-52,29,-46,26,-49,26,-47,20,-48,21,-48,21,-48,17,-44,17,-43,18,-42,14,-42,18,-41,12,-36,9,-38,9,-33,7,-32,7,-32,6,-31,5,-28,6,-30,3,-27,2,-26,1,-26,1,-25,-1,0,0,0,0,0,0,0,0,0,0,0,0,0,0,0,0,0,0,0,0,0,0,25,1,22,4,18,7,15,9,14,9,10,10,8,9,4,9,4,4,-1,8,-3,4,-8,3,-9,0,-9,0,-12,-5,-12,-10,-14,-12,-12,-11,-17,-16,-14,-23,-14,-20,-15,-25,-17,-23,-16,-29,-17,-30,-18,-36,-14,-34,-13,-39,-11,-38,-20,-40,-13,-41,-14,-44,-13,-43,-14,-46,-14,-48,-13,-49,-16,-43,-16,-49,-19,-49,-22,-47,-23,-50,-22,-48,-23,-53,-21,-51,-22,-53,-30,-56,-27,-57,-29,-56,-28,-57,-31,-52,-32,-58,-30,-56,-33,-73,-26,-59,-35,-58,-38,-68,-35,-68,0,0]"
CSI_DATA,370,2a:00:00:00:00:00,-41,11,1,0,1,1,1,0,0,0,1,-96,0,11,2,5185475,0,44,0,384,0,"[0,0,0,0,0,0,0,0,0,0,0,0,14,-2,14,-2,13,-2,14,-2,13,-2,13,-2,13,-2,13,-2,13,-2,12,-2,13,-2,13,-3,12,-3,12,-3,12,-2,12,-3,11,-3,11,-3,11,-3,11,-3,11,-3,11,-3,11,-3,10,-3,10,-3,10,-4,0,0,10,-3,10,-3,10,-3,10,-3,9,-2,9,-2,9,-2,8,-1,9,-1,8,-1,8,-1,7,-1,7,-1,7,-1,7,0,6,0,6,0,5,0,5,0,5,0,5,0,5,0,4,0,4,0,4,0,4,0,0,0,0,0,0,0,0,0,0,0,0,0,0,0,80,-15,77,-12,77,-17,73,-16,79,-16,75,-14,75,-18,74,-16,72,-15,73,-13,72,-14,73,-16,72,-17,67,-16,69,-14,72,-22,70,-19,65,-19,65,-15,65,-17,65,-22,64,-21,58,-24,59,-20,63,-17,62,-19,58,-20,60,-24,59,-19,56,-23,54,-19,60,-22,54,-18,53,-19,54,-19,51,-16,54,-14,49,-18,49,-15,47,-10,50,-12,50,-11,46,-8,40,-8,37,-6,36,-7,40,-6,38,-4,34,-5,33,-3,32,-3,30,0,30,-1,29,-2,27,3,27,2,24,4,0,0,0,0,0,0,0,0,0,0,0,0,0,0,0,0,0,0,0,0,0,0,-18,-13,-18,-16,-12,-16,-7,-15,-9,-11,-6,-11,1,-20,1,-12,2,-11,3,-1,10,-6,6,-3,9,2,4,4,13,13,5,13,5,13,6,18,8,19,0,29,3,23,4,34,13,29,3,27,3,37,3,40,-10,42,-4,39,-2,43,-5,40,4,37,-2,44,-5,39,-1,47,-8,45,-4,54,-3,54,-1,52,-6,53,7,45,3,51,3,54,12,58,10,55,7,59,6,65,8,65,10,58,12,66,12,65,8,63,20,66,17,70,14,68,16,72,17,76,18,74,0,0]"
CSI_DATA,371,2a:00:00:00:00:00,-41,11,1,0,1,1,1,0,0,0,1,-96,0,11,2,5196240,0,44,0,384,0,"[0,0,0,0,0,0,0,0,0,0,0,0,-14,-8,-14,-7,-14,-7,-14,-7,-14,-7,-13,-7,-13,-7,-13,-7,-13,-7,-13,-7,-13,-7,-13,-6,-12,-6,-12,-6,-12,-6,-13,-5,-13,-5,-12,-5,-12,-4,-12,-4,-11,-5,-12,-4,-11,-5,-11,-4,-11,-5,-11,-4,0,0,-11,-4,-11,-5,-11,-4,-11,-4,-9,-4,-10,-4,-10,-5,-9,-5,-9,-4,-9,-5,-8,-5,-8,-5,-7,-5,-7,-4,-7,-4,-6,-4,-6,-4,-6,-4,-5,-4,-5,-4,-5,-4,-5,-4,-4,-4,-4,-4,-4,-4,-3,-4,0,0,0,0,0,0,0,0,0,0,0,0,0,0,-59,-52,-61,-60,-60,-54,-60,-59,-66,-59,-58,-53,-60,-61,-55,-53,-59,-50,-57,-47,-57,-53,-53,-53,-57,-53,-56,-47,-57,-47,-60,-42,-57,-43,-60,-43,-50,-43,-61,-42,-57,-39,-57,-41,-52,-33,-50,-42,-53,-38,-53,-39,-55,-37,-52,-34,-49,-40,-54,-36,-54,-34,-47,-36,-48,-33,-45,-33,-47,-33,-41,-34,-42,-34,-40,-33,-42,-39,-38,-36,-34,-33,-35,-31,-33,-32,-34,-28,-31,-30,-28,-30,-28,-27,-28,-28,-21,-26,-22,-29,-19,-27,-21,-24,-20,-25,-17,-25,-16,-23,-16,-26,-11,-24,0,0,0,0,0,0,0,0,0,0,0,0,0,0,0,0,0,0,0,0,0,0,1,24,-5,21,-7,21,-10,16,-10,17,-6,8,-10,9,-10,4,-8,4,-9,-3,-6,-2,-6,-8,-4,-9,0,-14,-1,-16,2,-17,6,-18,9,-20,10,-21,15,-23,15,-21,20,-25,23,-25,24,-24,25,-20,29,-27,30,-25,33,-22,34,-25,35,-26,35,-28,33,-24,37,-24,38,-23,37,-28,43,-30,40,-31,36,-33,36,-34,38,-33,40,-36,42,-37,36,-36,42,-41,36,-40,45,-47,43,-44,39,-46,42,-50,45,-50,43,-52,46,-59,50,-58,49,-58,44,-57,50,-55,49,-60,0,0]"
CSI_DATA,372,2a:00:00:00:00:00,-41,11,1,0,1,1,1,0,0,0,1,-96,0,11,2,5204671,0,44,0,384,0,"[0,0,0,0,0,0,0,0,0,0,0,0,3,-15,2,-15,2,-15,2,-15,2,-15,3,-14,2,-14,2,-14,2,-14,2,-14,2,-14,2,-14,1,-13,1,-13,1,-13,1,-13,0,-13,1,-13,0,-12,0,-13,0,-12,0,-12,0,-12,0,-12,0,-12,0,-12,0,0,0,-11,0,-11,0,-11,0,-11,0,-10,0,-10,1,-10,1,-10,1,-9,1,-9,1,-9,1,-8,1,-8,1,-8,1,-7,1,-7,1,-7,1,-6,1,-6,1,-6,1,-6,1,-5,1,-5,1,-5,2,-5,2,-5,0,0,0,0,0,0,0,0,0,0,0,0,0,0,41,-73,39,-69,33,-76,40,-67,33,-72,34,-71,36,-68,39,-75,34,-74,34,-69,36,-68,34,-64,36,-66,27,-66,24,-64,22,-67,26,-70,26,-68,27,-65,24,-62,23,-65,22,-60,18,-64,24,-60,21,-58,24,-59,18,-54,20,-63,13,-62,17,-62,15,-58,18,-57,15,-53,21,-55,16,-50,17,-51,20,-50,18,-49,21,-49,19,-48,17,-46,17,-44,15,-41,16,-39,18,-37,16,-34,17,-35,18,-31,17,-32,13,-26,17,-29,16,-25,16,-24,16,-22,15,-22,16,-23,16,-18,0,0,0,0,0,0,0,0,0,0,0,0,0,0,0,0,0,0,0,0,0,0,-23,5,-21,4,-20,1,-22,-6,-16,-5,-13,-7,-10,-11,-6,-11,-5,-8,-2,-11,5,-9,5,-9,10,-8,13,-7,14,-3,18,-1,20,2,21,3,23,5,24,11,27,14,25,14,26,14,31,17,30,18,30,19,32,23,31,27,30,24,35,28,26,29,36,30,35,31,33,32,36,33,34,32,34,28,38,30,42,27,43,28,46,32,45,24,48,30,48,28,47,28,54,29,53,30,55,30,59,30,58,30,63,28,65,30,61,35,62,31,74,28,77,34,73,37,0,0]"
CSI_DATA,373,2a:00:00:00:00:00,-40,11,1,0,1,1,1,0,0,0,1,-96,0,11,2,5214723,0,44,0,384,0,"[0,0,0,0,0,0,0,0,0,0,0,0,14,3,14,3,14,3,13,3,14,3,13,3,13,3,13,3,13,2,12,3,13,3,13,2,12,2,12,2,12,2,12,1,12,1,12,1,11,1,11,1,11,2,11,1,11,1,11,1,11,1,11,1,0,0,10,1,10,1,10,1,10,1,9,1,9,1,9,1,8,1,8,1,8,2,8,2,7,2,7,2,6,2,6,2,6,2,6,2,5,2,5,2,4,2,4,2,4,2,4,2,4,2,4,2,3,2,0,0,0,0,0,0,0,0,0,0,0,0,0,0,72,21,77,24,75,21,76,25,82,23,75,23,78,19,74,20,77,21,73,20,72,24,75,21,72,18,71,22,71,18,72,13,71,14,66,15,62,12,66,13,68,12,66,12,63,8,63,15,59,13,62,11,64,9,65,9,61,12,62,8,59,11,55,11,59,10,58,8,55,10,48,11,51,12,53,12,48,15,47,12,46,14,42,10,38,12,43,10,37,12,38,15,35,17,33,12,28,13,30,11,28,14,27,10,26,14,21,14,24,13,20,13,19,12,0,0,0,0,0,0,0,0,0,0,0,0,0,0,0,0,0,0,0,0,0,0,-10,-20,-7,-19,-2,-22,-3,-20,1,-18,0,-12,4,-11,6,-8,8,-5,6,-5,8,0,6,3,4,9,6,13,7,12,7,15,5,20,0,19,0,20,-3,25,-9,28,-3,28,-9,34,-9,33,-11,33,-12,36,-16,38,-17,38,-20,38,-18,38,-22,36,-19,39,-18,41,-28,40,-24,43,-22,40,-20,42,-21,42,-19,45,-21,45,-24,48,-15,53,-19,50,-18,53,-15,51,-22,58,-21,57,-15,59,-16,55,-15,61,-17,65,-14,70,-17,66,-18,70,-20,71,-20,74,-13,76,0,0]"
CSI_DATA,374,2a:00:00:00:00:00,-40,11,1,0,1,1,1,0,0,0,1,-96,0,11,2,5224859,0,44,0,384,0,"[0,0,0,0,0,0,0,0,0,0,0,0,11,9,11,9,11,9,10,8,11,9,10,8,11,8,10,8,10,8,11,8,10,8,10,8,10,7,10,7,9,7,11,6,10,6,10,6,10,5,10,6,9,6,10,6,9,6,9,5,9,6,9,5,0,0,9,5,9,5,8,5,9,5,7,5,8,5,7,5,7,5,7,5,7,5,6,5,6,5,6,4,5,4,5,5,5,4,5,4,4,4,4,4,3,3,3,3,3,3,3,3,3,3,2,4,2,3,0,0,0,0,0,0,0,0,0,0,0,0,0,0,68,49,72,42,69,41,69,38,74,42,67,42,67,43,66,44,68,41,64,39,65,35,64,37,69,36,61,38,65,36,65,34,64,33,61,31,61,30,62,28,64,24,63,27,57,24,60,27,57,25,56,26,60,24,59,21,58,25,56,24,56,21,56,24,56,25,52,22,55,21,48,23,47,21,51,18,46,21,43,21,40,19,40,22,37,22,35,18,37,20,32,19,32,20,34,22,30,18,26,20,23,20,27,15,24,17,23,19,18,20,17,19,15,20,0,0,0,0,0,0,0,0,0,0,0,0,0,0,0,0,0,0,0,0,0,0,-5,-22,0,-20,4,-22,4,-21,6,-19,8,-13,7,-9,7,-3,13,-3,7,0,8,4,8,10,4,8,4,12,0,17,-3,18,-2,23,-9,23,-6,24,-7,21,-12,21,-17,26,-20,29,-16,28,-26,32,-25,30,-30,27,-28,27,-31,29,-30,32,-33,32,-35,34,-30,30,-31,37,-34,33,-34,35,-35,38,-33,37,-31,38,-37,42,-31,43,-33,44,-34,46,-37,50,-32,47,-26,52,-30,55,-31,54,-34,54,-35,58,-35,60,-34,64,-38,65,-37,62,-40,63,-36,67,-37,70,0,0]"
CSI_DATA,375,2a:00:00:00:00:00,-41,11,1,0,1,1,1,0,0,0,1,-96,0,11,2,5235493,0,44,0,384,0,"[0,0,0,0,0,0,0,0,0,0,0,0,14,-5,14,-5,13,-5,14,-5,13,-4,14,-4,13,-4,13,-4,13,-4,11,-4,12,-4,12,-5,12,-4,11,-4,11,-4,11,-5,11,-5,10,-4,11,-5,11,-4,11,-4,11,-4,10,-4,10,-5,10,-5,10,-5,0,0,10,-4,9,-4,10,-4,9,-3,9,-3,9,-3,9,-3,8,-3,8,-2,8,-2,8,-2,8,-2,7,-2,7,-1,6,-1,6,-1,6,-1,6,-1,5,-1,5,-1,5,0,5,0,4,0,4,0,4,0,4,0,0,0,0,0,0,0,0,0,0,0,0,0,0,0,87,-8,78,-5,81,-10,79,-3,77,-6,80,-8,74,-9,83,-5,75,-6,76,-7,72,-6,74,-6,75,-6,71,-9,69,-6,69,-11,71,-11,67,-14,71,-11,64,-13,71,-11,64,-13,64,-14,64,-10,62,-12,61,-12,59,-11,59,-15,59,-15,63,-16,58,-13,63,-13,52,-11,60,-12,51,-13,55,-12,52,-7,51,-8,51,-8,51,2,49,-6,45,-5,45,1,42,-7,43,-3,37,-1,38,1,35,-2,34,3,30,1,33,2,31,4,27,5,28,4,26,4,26,5,21,9,0,0,0,0,0,0,0,0,0,0,0,0,0,0,0,0,0,0,0,0,0,0,-18,-16,-16,-18,-11,-17,-4,-17,-4,-18,-5,-15,1,-12,4,-13,5,-13,9,-7,11,-5,10,2,13,5,12,8,15,11,9,11,10,19,11,21,10,25,7,25,6,29,11,34,7,32,7,36,4,35,1,42,-1,40,-1,42,-4,38,-3,45,-3,43,-7,44,-6,46,-3,47,-5,49,-7,49,-6,43,-3,51,-2,52,0,53,2,58,4,51,1,59,6,59,3,59,4,59,4,63,5,61,3,66,8,61,12,70,14,74,8,69,9,71,11,75,12,76,10,77,0,0]"
CSI_DATA,376,2a:00:00:00:00:00,-41,11,1,0,1,1,1,0,0,0,1,-96,0,11,2,5245651,0,44,0,384,0,"[0,0,0,0,0,0,0,0,0,0,0,0,14,-5,14,-5,14,-5,14,-5,14,-5,13,-4,13,-5,12,-5,13,-5,13,-5,13,-4,13,-5,12,-4,12,-4,11,-5,12,-6,11,-5,11,-5,10,-6,10,-6,10,-6,10,-6,10,-5,10,-6,10,-5,10,-5,0,0,9,-6,9,-5,9,-5,9,-5,8,-4,9,-5,8,-5,8,-5,8,-4,8,-4,8,-3,7,-3,7,-2,6,-3,7,-3,6,-2,6,-2,5,-2,5,-2,5,-2,5,-2,4,-2,5,-1,4,-1,4,-1,4,-1,0,0,0,0,0,0,0,0,0,0,0,0,0,0,71,-30,78,-33,73,-33,79,-29,79,-32,71,-25,71,-35,74,-31,73,-27,75,-28,72,-28,68,-27,68,-34,67,-28,67,-24,64,-34,67,-33,64,-30,60,-28,64,-30,63,-33,65,-27,57,-29,54,-33,55,-32,56,-32,59,-31,54,-35,54,-30,55,-35,49,-33,52,-28,55,-30,48,-28,49,-26,45,-27,47,-31,43,-29,48,-25,43,-18,45,-20,44,-19,41,-18,37,-19,36,-14,37,-13,34,-12,33,-14,31,-9,31,-11,28,-7,31,-10,30,-6,30,-5,26,-4,20,-5,25,-3,0,0,0,0,0,0,0,0,0,0,0,0,0,0,0,0,0,0,0,0,0,0,-24,-12,-16,-12,-16,-16,-9,-15,-9,-14,-6,-13,-4,-13,5,-11,3,-11,9,-10,7,-4,11,-1,16,-1,14,3,16,11,13,13,13,15,17,17,13,22,12,22,14,26,14,29,12,36,13,33,16,38,7,40,5,38,7,39,14,41,9,44,8,43,6,44,7,47,8,46,9,45,6,48,10,47,11,52,13,49,12,47,12,50,19,56,12,54,18,57,17,54,24,53,23,55,22,60,29,57,23,67,25,59,29,66,27,69,29,69,29,68,35,68,29,79,0,0]"
CSI_DATA,377,2a:00:00:00:00:00,-41,11,1,0,1,1,1,0,0,0,1,-96,0,11,2,5256513,0,44,0,384,0,"[0,0,0,0,0,0,0,0,0,0,0,0,3,13,3,14,3,13,2,14,2,13,2,13,3,13,3,12,2,12,3,12,2,12,3,12,3,12,3,12,3,11,3,11,3,11,3,10,4,11,3,11,3,11,3,10,3,10,3,10,3,10,3,10,0,0,3,10,3,9,3,10,2,9,2,9,2,9,2,9,2,8,1,8,1,8,1,8,1,7,1,7,0,6,0,6,0,6,0,6,0,6,0,5,0,5,0,5,0,4,-1,4,-1,4,-1,4,-1,4,0,0,0,0,0,0,0,0,0,0,0,0,0,0,5,83,5,75,13,89,8,78,11,78,12,85,10,75,10,86,7,72,9,79,8,75,7,73,9,74,11,62,10,69,14,69,13,72,15,71,15,72,13,61,17,72,14,57,16,67,13,63,12,61,16,60,14,52,19,59,15,56,18,60,18,59,15,63,11,51,13,57,13,49,12,60,9,53,10,54,8,52,7,46,8,44,6,41,5,46,6,40,2,43,2,36,1,41,2,32,0,36,-2,30,-4,32,0,29,1,29,0,26,1,28,-3,25,-5,25,0,0,0,0,0,0,0,0,0,0,0,0,0,0,0,0,0,0,0,0,0,0,16,-16,18,-14,13,-12,15,-9,16,-1,16,-4,12,2,11,5,7,6,5,6,5,10,-5,10,-6,10,-9,13,-11,12,-13,11,-21,12,-19,10,-26,8,-28,7,-28,6,-32,5,-29,5,-37,5,-38,1,-41,3,-43,-1,-46,-3,-41,-1,-47,-3,-40,-3,-52,-3,-45,-6,-50,-5,-48,-7,-49,-3,-45,-3,-52,-4,-49,-2,-56,0,-60,-1,-50,4,-58,6,-57,4,-63,6,-59,10,-62,6,-63,7,-66,7,-63,6,-68,11,-73,19,-81,11,-65,12,-74,11,-84,15,-79,6,0,0]"
CSI_DATA,378,2a:00:00:00:00:00,-41,11,1,0,1,1,1,0,0,0,1,-96,0,11,2,5264629,0,44,0,384,0,"[0,0,0,0,0,0,0,0,0,0,0,0,1,14,1,14,1,14,1,15,1,14,0,13,1,14,1,13,1,13,2,13,1,13,2,13,1,13,2,12,1,12,2,12,2,12,1,11,3,12,2,11,2,11,2,11,2,11,2,11,2,11,2,10,0,0,2,10,2,10,2,10,1,10,1,9,1,9,1,10,1,9,0,8,1,8,0,8,0,8,0,7,0,7,-1,7,-1,6,-1,6,-1,6,-1,5,-1,5,-1,5,-1,5,-1,4,-1,4,-2,4,-2,4,0,0,0,0,0,0,0,0,0,0,0,0,0,0,0,86,6,79,1,79,2,73,1,81,0,76,3,80,2,78,2,76,4,71,2,73,0,76,1,76,3,70,3,68,10,71,8,73,5,69,8,66,7,65,8,65,7,61,12,60,11,64,10,62,12,60,10,61,10,60,9,58,12,59,8,57,7,59,7,58,10,54,9,51,3,50,7,51,6,47,3,52,2,48,4,44,1,44,-2,41,-1,45,-2,37,0,39,-3,35,-4,38,-3,33,-4,31,-2,28,-5,29,-4,28,-7,25,-9,29,-8,24,-10,22,0,0,0,0,0,0,0,0,0,0,0,0,0,0,0,0,0,0,0,0,0,0,16,-17,18,-12,15,-9,21,-5,15,-4,13,0,14,5,9,5,7,5,6,6,-1,8,-1,10,-8,11,-9,11,-11,11,-16,9,-18,11,-19,8,-21,7,-24,9,-29,11,-35,3,-32,4,-34,4,-40,-1,-35,2,-42,-2,-44,-3,-42,-5,-48,-7,-45,-7,-46,-12,-46,-6,-47,-4,-49,-3,-48,-7,-49,-5,-52,-5,-50,-5,-53,-3,-53,-4,-56,-4,-56,-3,-60,1,-56,-1,-63,1,-61,2,-61,3,-70,4,-70,0,-68,4,-70,7,-76,2,-68,5,-73,6,-80,10,-81,6,0,0]"
CSI_DATA,379,2a:00:00:00:00:00,-41,11,1,0,1,1,1,0,0,0,1,-96,0,11,2,5294682,0,44,0,384,0,"[0,0,0,0,0,0,0,0,0,0,0,0,-2,15,-2,15,-1,14,-2,15,-2,14,-2,14,-2,14,-1,14,-2,14,-1,13,-2,13,-1,13,-1,13,-1,13,-1,13,-1,12,-1,12,-1,12,0,12,-1,12,-1,11,-1,12,-1,11,0,11,0,12,0,11,0,0,-1,11,-1,10,-1,11,-1,10,-1,10,-1,10,-1,9,-1,9,-2,9,-2,8,-2,8,-2,8,-2,7,-2,7,-2,6,-2,6,-2,6,-2,6,-2,5,-2,5,-2,5,-2,4,-2,4,-2,4,-3,4,-3,3,0,0,0,0,0,0,0,0,0,0,0,0,0,0,-26,78,-18,77,-20,79,-20,74,-23,78,-21,78,-20,72,-26,76,-18,73,-22,73,-20,71,-21,69,-23,70,-18,68,-19,65,-19,63,-16,71,-16,70,-14,67,-12,61,-13,66,-13,62,-8,61,-11,61,-12,59,-10,63,-10,55,-8,59,-12,58,-8,57,-10,58,-11,60,-11,55,-11,53,-8,54,-12,52,-13,50,-14,46,-16,48,-12,45,-12,41,-16,41,-14,40,-14,42,-17,37,-12,35,-17,33,-11,31,-13,31,-12,27,-14,26,-12,28,-14,27,-12,20,-14,19,-17,23,-18,18,0,0,0,0,0,0,0,0,0,0,0,0,0,0,0,0,0,0,0,0,0,0,19,-11,19,-7,20,-6,21,-3,16,2,14,-1,11,4,10,8,8,9,5,9,-1,10,-2,12,-6,12,-10,8,-13,10,-17,5,-18,4,-19,4,-24,5,-28,0,-27,-1,-35,-2,-31,-4,-30,-4,-36,-13,-37,-10,-36,-12,-39,-12,-38,-14,-40,-14,-40,-15,-44,-16,-42,-19,-44,-18,-43,-17,-44,-19,-42,-19,-46,-17,-48,-18,-50,-15,-53,-17,-51,-11,-55,-18,-60,-15,-54,-14,-59,-10,-60,-14,-62,-15,-68,-12,-67,-14,-69,-18,-70,-12,-74,-18,-65,-14,-77,-16,-81,-19,-79,-15,0,0]"
CSI_DATA,380,2a:00:00:00:00:00,-41,11,1,0,1,1,1,0,0,0,1,-96,0,11,2,5314661,0,44,0,384,0,"[0,0,0,0,0,0,0,0,0,0,0,0,12,9,11,8,12,8,11,9,11,9,10,8,11,8,11,8,10,8,10,8,10,8,10,7,10,7,10,7,9,7,10,6,10,6,10,6,10,5,9,6,9,6,10,6,9,5,9,5,9,6,9,5,0,0,9,5,9,5,8,5,8,5,8,5,8,5,7,5,7,5,7,5,6,5,6,5,5,5,5,4,5,4,5,4,4,4,4,4,4,4,4,4,3,3,3,4,3,3,3,3,2,3,2,3,2,3,0,0,0,0,0,0,0,0,0,0,0,0,0,0,71,45,62,49,69,46,68,46,67,45,64,45,64,45,66,50,63,44,64,46,65,43,60,39,65,43,57,42,57,42,63,40,59,41,58,37,57,32,61,30,68,30,56,33,57,27,55,29,56,29,52,26,59,26,57,26,54,31,54,25,52,27,56,32,49,23,53,26,52,26,50,30,46,25,49,23,46,24,43,25,39,28,36,28,36,26,36,21,32,24,31,23,29,24,24,22,22,22,24,21,22,24,22,17,21,21,18,22,16,20,11,21,11,21,0,0,0,0,0,0,0,0,0,0,0,0,0,0,0,0,0,0,0,0,0,0,-3,-23,-1,-22,4,-20,6,-21,8,-15,5,-15,9,-13,9,-7,10,-4,8,-3,9,4,10,6,8,8,4,14,1,16,-1,18,1,21,-3,22,-7,25,-6,24,-10,24,-13,26,-17,32,-16,27,-23,31,-20,30,-21,29,-27,28,-26,26,-29,33,-33,31,-31,30,-30,34,-32,34,-34,36,-32,35,-32,37,-34,39,-38,37,-31,42,-33,43,-33,48,-35,49,-38,50,-34,50,-36,54,-32,52,-37,60,-37,53,-40,58,-41,58,-40,64,-40,62,-43,63,-46,68,-47,67,-43,67,0,0]"
CSI_DATA,381,2a:00:00:00:00:00,-40,11,1,0,1,1,1,0,0,0,1,-96,0,11,2,5334697,0,44,0,384,0,"[0,0,0,0,0,0,0,0,0,0,0,0,-1,-16,-1,-14,-1,-16,-1,-15,0,-15,0,-14,-1,-15,0,-14,-1,-14,-1,-14,0,-14,-1,-14,-1,-13,-1,-13,-1,-12,-2,-13,-2,-12,-2,-12,-2,-12,-2,-12,-2,-12,-2,-12,-1,-12,-2,-12,-1,-12,-2,-11,0,0,-2,-11,-2,-11,-2,-11,-2,-11,-1,-10,-2,-11,-1,-10,-1,-10,-1,-9,0,-10,0,-9,0,-8,0,-8,0,-7,0,-8,0,-7,0,-7,0,-6,0,-6,0,-6,0,-6,0,-6,0,-5,1,-5,1,-5,1,-5,0,0,0,0,0,0,0,0,0,0,0,0,0,0,-18,-81,-13,-79,-13,-83,-16,-79,-13,-77,-11,-83,-15,-76,-16,-84,-16,-75,-14,-79,-13,-72,-12,-76,-15,-71,-11,-69,-11,-71,-17,-69,-14,-72,-17,-67,-19,-71,-22,-62,-23,-68,-20,-65,-22,-64,-19,-61,-15,-58,-16,-61,-16,-57,-18,-61,-19,-58,-20,-57,-20,-54,-18,-60,-15,-53,-18,-58,-18,-52,-16,-58,-11,-53,-16,-51,-10,-50,-11,-48,-8,-48,-10,-46,-5,-45,-10,-42,-7,-42,-5,-38,-4,-37,-1,-33,-4,-35,0,-33,2,-30,-2,-28,-3,-32,-1,-30,3,-28,2,-23,4,-25,0,0,0,0,0,0,0,0,0,0,0,0,0,0,0,0,0,0,0,0,0,0,-18,19,-16,16,-17,14,-20,7,-16,7,-15,2,-17,-1,-13,-7,-13,-5,-10,-10,-3,-9,-2,-10,1,-13,5,-14,8,-14,7,-14,14,-16,17,-11,21,-13,25,-11,26,-10,28,-8,30,-9,30,-8,34,-6,35,-5,34,-4,43,-5,40,-5,43,-4,40,-2,50,-1,47,2,48,2,46,-1,49,-3,45,-3,48,-3,50,-5,51,-7,57,-6,54,-11,57,-12,57,-12,56,-8,62,-16,57,-12,62,-14,64,-11,65,-14,71,-21,66,-22,74,-14,65,-15,78,-20,82,-19,74,-21,0,0]"
CSI_DATA,382,2a:00:00:00:00:00,-40,11,1,0,1,1,1,0,0,0,1,-96,0,11,2,5344801,0,44,0,384,0,"[0,0,0,0,0,0,0,0,0,0,0,0,9,-12,9,-12,8,-13,9,-12,9,-12,9,-11,8,-12,8,-12,8,-11,7,-11,8,-11,7,-11,7,-11,7,-11,6,-11,7,-12,6,-11,6,-11,5,-11,5,-11,5,-11,5,-11,6,-11,5,-11,5,-11,5,-10,0,0,5,-11,5,-10,5,-10,5,-10,4,-9,4,-9,4,-9,4,-9,5,-8,4,-8,4,-7,4,-7,4,-6,4,-7,4,-6,3,-6,4,-6,4,-5,3,-5,3,-5,3,-5,3,-4,3,-4,3,-4,3,-4,3,-3,0,0,0,0,0,0,0,0,0,0,0,0,0,0,59,-58,63,-53,60,-53,59,-49,63,-52,59,-48,60,-47,58,-48,58,-49,54,-47,57,-46,56,-48,56,-50,51,-49,53,-44,51,-50,52,-51,51,-50,46,-45,46,-50,43,-51,43,-47,37,-50,42,-49,42,-43,42,-46,43,-45,36,-47,39,-47,38,-46,36,-47,38,-45,40,-44,35,-44,38,-43,35,-40,34,-38,36,-40,39,-43,34,-35,35,-35,33,-32,28,-31,32,-32,32,-26,29,-28,27,-24,27,-22,25,-19,26,-18,23,-18,26,-16,21,-17,22,-18,27,-12,25,-14,21,-9,0,0,0,0,0,0,0,0,0,0,0,0,0,0,0,0,0,0,0,0,0,0,-21,-13,-23,-18,-17,-16,-22,-11,-12,-19,-9,-9,-14,-15,1,-15,1,-17,3,-10,4,-8,13,-2,16,-9,3,4,18,-6,23,1,10,7,27,7,23,9,21,12,16,21,19,22,23,24,18,30,25,26,20,33,19,30,26,24,17,32,17,39,19,40,19,42,22,38,23,41,26,43,20,42,21,44,27,44,26,42,28,43,27,45,29,43,31,48,35,47,35,42,35,51,39,49,41,45,42,48,43,52,45,55,47,57,47,57,45,54,53,57,53,57,48,59,0,0]"
CSI_DATA,383,2a:00:00:00:00:00,-40,11,1,0,1,1,1,0,0,0,1,-96,0,11,2,5354688,0,44,0,384,0,"[0,0,0,0,0,0,0,0,0,0,0,0,-15,0,-15,1,-15,1,-15,0,-14,0,-15,0,-14,1,-14,1,-14,1,-13,1,-13,0,-14,0,-13,0,-13,0,-12,1,-13,1,-13,2,-12,1,-12,2,-12,2,-12,2,-12,2,-11,1,-11,2,-12,1,-12,2,0,0,-11,2,-10,1,-11,2,-10,1,-10,1,-10,1,-10,1,-9,1,-10,0,-9,0,-9,-1,-8,0,-8,-1,-8,-1,-7,-1,-7,-1,-7,-1,-7,-1,-6,-1,-6,-1,-6,-1,-6,-1,-5,-1,-5,-1,-5,-1,-5,-2,0,0,0,0,0,0,0,0,0,0,0,0,0,0,-77,-10,-81,-6,-76,-4,-81,-6,-86,-10,-80,-9,-76,-11,-81,-13,-74,-7,-74,-7,-74,-9,-72,-6,-70,-9,-69,-4,-67,-5,-69,-2,-70,-5,-70,-2,-68,-3,-67,2,-70,-1,-66,-1,-62,4,-61,-3,-63,0,-63,-2,-58,1,-60,4,-63,4,-63,1,-62,3,-65,1,-56,0,-57,4,-53,-1,-56,0,-54,-1,-54,-1,-52,-4,-49,-4,-51,-5,-49,-3,-45,-6,-44,-3,-42,-3,-42,-5,-34,-9,-35,-5,-30,-7,-29,-9,-33,-12,-30,-9,-30,-9,-27,-6,-24,-11,-24,-9,-25,-14,0,0,0,0,0,0,0,0,0,0,0,0,0,0,0,0,0,0,0,0,0,0,13,16,12,19,8,19,7,20,0,16,-1,15,-1,13,-9,11,-7,5,-10,5,-9,2,-10,-4,-10,-9,-13,-13,-11,-12,-7,-15,-7,-22,-11,-19,-5,-24,-3,-29,-1,-31,1,-34,1,-34,-2,-37,7,-39,-1,-40,7,-43,11,-42,8,-35,8,-43,8,-43,11,-42,13,-43,13,-49,9,-44,13,-49,10,-43,11,-48,5,-51,10,-52,10,-51,10,-52,8,-55,9,-59,6,-58,8,-64,8,-64,3,-62,2,-66,5,-63,0,-64,-1,-74,1,-76,3,-69,6,-74,4,-76,8,-74,0,0]"
CSI_DATA,384,2a:00:00:00:00:00,-41,11,1,0,1,1,1,0,0,0,1,-96,0,11,2,5365290,0,44,0,384,0,"[0,0,0,0,0,0,0,0,0,0,0,0,-15,5,-14,5,-14,5,-14,5,-14,5,-14,4,-13,5,-13,5,-13,5,-13,4,-13,4,-13,4,-12,4,-12,4,-12,4,-12,6,-11,5,-11,5,-11,5,-11,5,-11,5,-10,5,-11,4,-10,5,-11,5,-10,5,0,0,-10,4,-10,5,-10,4,-10,4,-9,4,-9,4,-10,4,-9,3,-9,3,-9,3,-9,2,-8,2,-8,2,-7,1,-7,2,-7,1,-7,1,-6,1,-7,1,-6,1,-6,1,-6,1,-5,0,-5,0,-5,0,-5,0,0,0,0,0,0,0,0,0,0,0,0,0,0,0,-76,24,-78,22,-75,31,-75,24,-80,29,-74,23,-77,28,-72,26,-76,26,-72,23,-70,25,-69,24,-70,29,-70,24,-68,22,-69,26,-64,30,-64,31,-56,26,-63,31,-60,32,-59,25,-56,31,-53,27,-55,29,-52,28,-57,32,-51,28,-54,32,-56,30,-55,27,-50,27,-54,28,-45,27,-51,28,-49,20,-48,26,-47,25,-49,24,-44,21,-46,19,-42,17,-44,13,-44,15,-37,16,-36,12,-35,12,-39,12,-31,9,-30,8,-28,10,-32,6,-29,5,-25,6,-25,2,-24,3,-23,2,0,0,0,0,0,0,0,0,0,0,0,0,0,0,0,0,0,0,0,0,0,0,21,12,19,15,13,16,13,18,4,12,3,15,2,11,-2,13,-5,9,-7,8,-9,5,-14,2,-13,-2,-14,-6,-13,-10,-14,-13,-15,-14,-15,-17,-16,-19,-15,-25,-13,-26,-15,-28,-13,-36,-11,-34,-11,-38,-11,-39,-9,-43,-8,-41,-8,-43,-10,-44,-7,-45,-9,-45,-5,-46,-8,-47,-10,-49,-11,-49,-7,-51,-10,-54,-10,-50,-13,-54,-15,-53,-17,-57,-18,-55,-22,-59,-13,-55,-23,-56,-23,-58,-25,-59,-25,-61,-23,-66,-24,-63,-27,-68,-24,-70,-26,-68,-31,-71,-29,-70,-32,-72,0,0]"
CSI_DATA,385,2a:00:00:00:00:00,-41,11,1,0,1,1,1,0,0,0,1,-96,0,11,2,5374666,0,44,0,384,0,"[0,0,0,0,0,0,0,0,0,0,0,0,-7,13,-7,13,-6,13,-7,13,-7,13,-7,12,-7,12,-7,12,-7,12,-6,12,-6,12,-6,12,-6,12,-5,11,-5,11,-5,12,-4,11,-5,11,-4,11,-4,11,-4,11,-4,11,-5,10,-4,11,-4,11,-4,10,0,0,-4,10,-4,10,-4,10,-4,9,-4,9,-4,9,-4,9,-4,8,-4,8,-4,7,-4,7,-5,7,-4,7,-4,6,-4,5,-4,5,-4,5,-3,5,-4,5,-4,4,-4,4,-4,4,-4,3,-4,3,-4,3,-4,3,0,0,0,0,0,0,0,0,0,0,0,0,0,0,-51,66,-48,72,-46,67,-49,64,-50,67,-45,58,-50,65,-48,62,-50,64,-47,59,-47,62,-44,58,-41,60,-44,63,-41,59,-42,63,-41,63,-37,56,-38,52,-36,56,-32,58,-35,57,-30,58,-32,58,-35,57,-33,54,-31,56,-27,60,-27,50,-30,55,-29,53,-27,47,-29,53,-28,50,-25,47,-27,44,-30,48,-28,46,-32,43,-28,37,-30,36,-27,41,-27,34,-27,34,-27,31,-27,31,-23,29,-27,28,-22,26,-27,25,-21,23,-24,21,-22,18,-21,21,-24,19,-19,16,-20,14,0,0,0,0,0,0,0,0,0,0,0,0,0,0,0,0,0,0,0,0,0,0,23,-7,21,-2,21,0,19,3,16,9,15,8,12,9,6,9,4,12,-1,11,-2,11,-5,8,-10,4,-15,7,-16,1,-21,0,-20,-4,-24,-2,-25,-8,-22,-12,-26,-11,-31,-13,-29,-18,-31,-22,-31,-25,-34,-21,-33,-24,-28,-29,-36,-33,-31,-29,-34,-33,-34,-31,-36,-35,-33,-34,-37,-38,-38,-35,-39,-34,-40,-35,-41,-35,-45,-36,-41,-33,-47,-36,-44,-35,-51,-38,-43,-30,-50,-38,-48,-38,-53,-40,-54,-37,-60,-42,-60,-37,-67,-37,-56,-41,-66,-44,-68,-39,-68,-47,-74,-45,0,0]"
CSI_DATA,386,2a:00:00:00:00:00,-40,11,1,0,1,1,1,0,0,0,1,-96,0,11,2,5384660,0,44,0,384,0,"[0,0,0,0,0,0,0,0,0,0,0,0,-4,-15,-4,-15,-4,-15,-3,-15,-3,-15,-3,-14,-3,-14,-4,-14,-3,-14,-3,-14,-3,-13,-3,-13,-3,-13,-4,-13,-3,-12,-4,-13,-4,-12,-4,-12,-4,-12,-4,-12,-4,-12,-4,-12,-4,-12,-4,-11,-4,-11,-4,-11,0,0,-4,-11,-4,-11,-3,-11,-3,-11,-3,-10,-3,-10,-3,-10,-2,-10,-2,-9,-2,-9,-1,-9,-1,-8,-1,-8,-1,-8,-1,-8,-1,-7,-1,-7,-1,-7,-1,-6,0,-6,0,-6,0,-6,0,-5,0,-5,1,-5,0,-5,0,0,0,0,0,0,0,0,0,0,0,0,0,0,-15,-82,-18,-80,-22,-75,-16,-78,-20,-78,-18,-76,-18,-76,-14,-78,-16,-76,-17,-66,-16,-70,-11,-73,-16,-71,-17,-67,-18,-65,-20,-67,-21,-65,-23,-67,-21,-66,-21,-67,-22,-61,-21,-61,-24,-58,-16,-59,-15,-60,-15,-63,-21,-58,-25,-60,-18,-57,-23,-55,-21,-55,-17,-53,-17,-55,-17,-53,-19,-53,-12,-49,-13,-49,-13,-51,-10,-55,-11,-50,-13,-50,-8,-43,-9,-45,-4,-42,-2,-38,-3,-38,-3,-35,-5,-36,0,-31,-3,-32,1,-34,2,-28,0,-31,0,-26,1,-26,7,-25,6,-25,0,0,0,0,0,0,0,0,0,0,0,0,0,0,0,0,0,0,0,0,0,0,-7,22,-14,19,-13,18,-13,15,-15,8,-13,6,-15,4,-13,-3,-10,-3,-8,-7,-6,-9,-2,-10,-3,-9,2,-13,8,-14,14,-14,15,-16,17,-16,17,-16,22,-13,23,-11,33,-17,33,-13,31,-12,34,-16,34,-12,42,-9,41,-12,40,-7,40,-9,43,-8,46,-9,44,-7,45,-2,51,-2,50,-5,48,-6,49,-11,50,-10,54,-13,53,-9,52,-14,56,-10,60,-15,54,-11,58,-18,62,-15,61,-15,61,-19,63,-18,60,-20,64,-20,72,-28,68,-17,70,-22,74,-23,73,-26,0,0]"
CSI_DATA,387,2a:00:00:00:00:00,-41,11,1,0,1,1,1,0,0,0,1,-96,0,11,2,5394741,0,44,0,384,0,"[0,0,0,0,0,0,0,0,0,0,0,0,12,-8,11,-8,12,-9,12,-8,12,-8,11,-7,11,-7,11,-8,11,-8,11,-8,11,-7,11,-7,10,-7,10,-7,9,-7,10,-8,9,-7,10,-7,9,-7,8,-8,8,-7,9,-7,9,-7,8,-7,9,-7,8,-7,0,0,8,-7,8,-7,8,-6,9,-6,7,-6,7,-6,8,-6,7,-5,7,-5,7,-4,7,-4,7,-4,6,-3,6,-3,6,-3,5,-3,6,-3,5,-2,5,-2,5,-2,5,-2,4,-2,4,-1,4,-1,4,-1,4,-1,0,0,0,0,0,0,0,0,0,0,0,0,0,0,60,-56,56,-58,57,-60,59,-55,61,-58,57,-51,56,-57,58,-58,54,-47,58,-49,55,-55,55,-50,53,-52,52,-47,50,-47,49,-48,53,-48,47,-47,49,-48,43,-49,44,-56,46,-47,42,-50,43,-45,43,-50,41,-47,41,-47,40,-49,40,-44,43,-48,41,-44,38,-45,38,-43,35,-44,38,-41,39,-42,36,-41,33,-42,37,-33,36,-33,37,-30,34,-29,37,-22,35,-26,33,-28,31,-24,29,-19,28,-24,33,-19,26,-18,28,-17,24,-13,24,-15,22,-13,23,-11,22,-7,23,-10,0,0,0,0,0,0,0,0,0,0,0,0,0,0,0,0,0,0,0,0,0,0,-23,1,-25,1,-22,-3,-18,-6,-14,-8,-11,-10,-10,-9,-5,-14,-2,-9,2,-11,5,-7,7,-6,11,-7,15,-6,16,0,21,0,22,4,19,6,23,10,26,9,23,16,27,18,25,21,27,25,27,24,26,31,25,33,25,33,29,33,29,33,31,35,29,36,29,40,32,34,32,39,31,42,33,37,35,42,34,41,38,42,36,40,41,41,36,41,44,41,42,45,41,49,42,43,47,46,48,45,50,46,52,47,55,52,50,50,50,56,58,51,55,51,59,54,0,0]"
CSI_DATA,388,2a:00:00:00:00:00,-41,11,1,0,1,1,1,0,0,0,1,-96,0,11,2,5415478,0,44,0,384,0,"[0,0,0,0,0,0,0,0,0,0,0,0,9,-12,8,-11,8,-13,8,-12,9,-12,8,-10,8,-11,8,-11,8,-11,8,-11,8,-11,8,-11,7,-11,7,-11,6,-10,6,-12,6,-11,6,-11,5,-10,5,-11,5,-10,5,-11,6,-10,5,-11,6,-10,6,-10,0,0,5,-10,5,-10,4,-9,5,-10,4,-9,5,-9,4,-9,5,-8,4,-8,5,-8,5,-7,5,-7,4,-6,4,-6,4,-6,4,-6,4,-6,3,-5,3,-5,3,-4,3,-4,3,-4,4,-4,3,-3,3,-3,3,-3,0,0,0,0,0,0,0,0,0,0,0,0,0,0,40,-76,37,-72,33,-74,37,-75,32,-71,36,-68,31,-68,36,-73,32,-67,36,-65,32,-66,32,-65,29,-71,29,-63,30,-64,27,-65,28,-64,26,-62,23,-57,22,-60,21,-68,24,-57,17,-63,16,-61,22,-62,19,-59,19,-60,17,-63,18,-60,15,-58,22,-60,18,-57,15,-56,17,-54,20,-51,16,-51,14,-52,15,-49,17,-47,17,-43,20,-44,18,-41,17,-41,16,-38,17,-38,18,-34,19,-34,18,-35,17,-28,15,-30,17,-29,11,-24,15,-26,17,-20,15,-21,17,-21,18,-21,0,0,0,0,0,0,0,0,0,0,0,0,0,0,0,0,0,0,0,0,0,0,-23,10,-23,6,-18,0,-20,-3,-13,-4,-15,-7,-12,-6,-4,-9,-3,-7,-2,-12,0,-7,6,-7,10,-5,11,-2,14,-6,17,-1,22,0,22,5,25,6,28,7,28,9,28,10,31,15,33,18,31,20,33,20,33,21,35,25,38,26,36,27,31,28,38,28,37,26,40,29,41,30,39,28,40,28,41,29,44,28,47,26,48,28,48,23,48,32,58,28,50,27,51,28,53,30,59,27,62,28,65,27,63,29,62,32,64,34,66,32,70,33,71,33,74,37,0,0]"
CSI_DATA,389,2a:00:00:00:00:00,-41,11,1,0,1,1,1,0,0,0,1,-96,0,11,2,5425761,0,44,0,384,0,"[0,0,0,0,0,0,0,0,0,0,0,0,-15,-3,-14,-3,-15,-3,-14,-4,-14,-4,-14,-3,-14,-3,-13,-3,-13,-3,-13,-3,-13,-3,-13,-3,-13,-3,-13,-3,-12,-2,-13,-2,-12,-1,-12,-2,-11,-1,-12,-1,-11,-2,-12,-2,-12,-2,-11,-1,-12,-1,-11,-1,0,0,-11,-1,-11,-1,-10,-1,-11,-1,-10,-2,-10,-2,-10,-2,-9,-2,-9,-2,-9,-2,-9,-2,-8,-2,-8,-2,-7,-2,-7,-2,-7,-2,-7,-2,-6,-2,-6,-2,-6,-3,-6,-3,-5,-3,-5,-3,-5,-3,-4,-3,-4,-3,0,0,0,0,0,0,0,0,0,0,0,0,0,0,-80,-15,-77,-18,-80,-18,-79,-16,-79,-19,-75,-19,-73,-22,-80,-19,-71,-17,-74,-15,-69,-15,-72,-14,-75,-10,-69,-13,-65,-17,-68,-15,-66,-17,-66,-10,-66,-10,-67,-7,-69,-7,-64,-9,-64,-6,-61,-4,-59,-6,-60,-8,-60,-9,-60,-5,-61,-9,-63,-4,-62,-6,-58,-7,-55,-2,-59,-6,-57,-9,-52,-7,-54,-6,-54,-6,-54,-7,-46,-9,-43,-9,-47,-11,-43,-11,-39,-10,-38,-11,-39,-8,-36,-12,-35,-10,-32,-13,-31,-12,-31,-10,-29,-9,-29,-10,-22,-11,-25,-16,-20,-13,-20,-13,0,0,0,0,0,0,0,0,0,0,0,0,0,0,0,0,0,0,0,0,0,0,11,19,12,16,7,20,4,17,2,14,-1,12,-2,11,-9,8,-10,6,-8,3,-11,-1,-9,-3,-7,-8,-10,-11,-12,-16,-7,-15,-7,-23,-8,-24,-2,-26,-4,-27,2,-28,-1,-36,5,-36,5,-36,8,-37,9,-37,12,-39,11,-43,17,-40,13,-43,15,-47,15,-46,16,-46,15,-47,19,-49,12,-46,11,-46,15,-51,17,-53,14,-50,15,-56,14,-53,14,-60,13,-58,14,-60,9,-64,10,-62,12,-62,8,-67,13,-64,12,-65,13,-72,16,-76,11,-72,9,-75,15,-76,12,-79,0,0]"
CSI_DATA,390,2a:00:00:00:00:00,-41,11,1,0,1,1,1,0,0,0,1,-96,0,11,2,5434641,0,44,0,384,0,"[0,0,0,0,0,0,0,0,0,0,0,0,-8,-13,-8,-13,-8,-13,-8,-13,-8,-13,-7,-13,-8,-12,-8,-12,-7,-12,-7,-12,-7,-12,-8,-11,-7,-12,-7,-11,-7,-11,-8,-10,-8,-10,-8,-10,-8,-9,-8,-10,-7,-10,-8,-10,-7,-10,-8,-9,-7,-9,-7,-9,0,0,-7,-9,-7,-9,-7,-9,-7,-9,-6,-8,-6,-9,-6,-9,-6,-8,-5,-8,-5,-8,-5,-8,-4,-7,-4,-7,-4,-7,-4,-7,-3,-7,-3,-7,-3,-6,-3,-6,-2,-6,-2,-6,-2,-5,-2,-5,-2,-5,-1,-5,-1,-5,0,0,0,0,0,0,0,0,0,0,0,0,0,0,-42,-72,-38,-69,-42,-68,-41,-71,-45,-70,-42,-65,-38,-68,-39,-68,-42,-65,-36,-67,-34,-65,-35,-62,-37,-63,-39,-57,-40,-51,-39,-57,-41,-60,-44,-55,-37,-58,-38,-50,-40,-52,-36,-50,-40,-43,-35,-54,-32,-48,-33,-51,-35,-45,-39,-43,-40,-45,-42,-46,-37,-44,-37,-47,-31,-43,-35,-47,-36,-39,-30,-43,-28,-41,-27,-42,-24,-42,-26,-41,-22,-38,-24,-39,-21,-37,-21,-41,-16,-38,-23,-33,-14,-31,-18,-31,-12,-31,-13,-33,-13,-29,-8,-29,-9,-27,-12,-25,-8,-23,-6,-24,-3,-23,0,0,0,0,0,0,0,0,0,0,0,0,0,0,0,0,0,0,0,0,0,0,-1,22,-6,22,-7,18,-8,16,-12,11,-11,9,-11,4,-9,3,-10,-1,-9,-2,-5,-6,-6,-8,-1,-11,-1,-13,3,-15,6,-17,8,-21,13,-19,14,-22,19,-24,23,-20,22,-21,26,-22,27,-20,32,-22,32,-24,37,-21,35,-21,36,-18,42,-19,38,-21,41,-19,42,-18,45,-18,47,-20,45,-23,43,-22,43,-26,46,-23,47,-29,49,-28,46,-30,49,-31,50,-32,49,-30,51,-33,51,-35,49,-36,57,-39,57,-38,57,-44,61,-47,52,-40,56,-37,58,-49,68,-50,63,-44,0,0]"
CSI_DATA,391,2a:00:00:00:00:00,-41,11,1,0,1,1,1,0,0,0,1,-96,0,11,2,5446176,0,44,0,384,0,"[0,0,0,0,0,0,0,0,0,0,0,0,0,14,0,14,0,14,0,14,0,14,0,13,0,13,0,13,0,13,0,13,0,13,0,12,0,12,1,12,0,12,1,12,1,11,1,11,1,11,1,11,1,11,1,11,0,11,1,11,1,11,1,10,0,0,1,10,1,10,1,10,1,10,0,9,0,10,0,9,0,9,-1,8,-1,8,-1,8,-1,8,-1,7,-1,7,-1,7,-1,6,-2,6,-2,5,-2,5,-2,5,-2,5,-2,5,-2,4,-2,4,-2,4,-3,4,0,0,0,0,0,0,0,0,0,0,0,0,0,0,-8,80,-10,82,-12,79,-7,80,-10,79,-9,76,-11,73,-11,77,-8,72,-10,72,-10,71,-11,68,-7,69,-7,68,-8,64,-2,68,-7,68,-2,66,-7,66,-1,63,2,64,-4,65,0,61,2,65,-2,58,2,60,0,57,2,58,-2,55,-1,55,4,53,3,58,0,53,0,55,3,54,-2,51,0,52,-3,50,-1,49,-2,50,-1,47,-3,43,-5,44,-7,43,-4,44,-7,38,-8,37,-6,37,-4,33,-7,29,-7,31,-9,29,-8,28,-11,26,-8,25,-12,20,-13,21,0,0,0,0,0,0,0,0,0,0,0,0,0,0,0,0,0,0,0,0,0,0,15,-17,19,-13,17,-9,18,-7,16,-4,17,-1,13,3,8,4,7,8,2,6,0,6,-4,10,-4,9,-9,11,-15,10,-16,6,-18,10,-22,6,-24,5,-26,3,-30,4,-32,1,-32,1,-37,-3,-38,-6,-40,-8,-38,-9,-42,-9,-43,-9,-44,-8,-43,-10,-49,-12,-45,-14,-49,-12,-47,-14,-48,-12,-49,-14,-49,-12,-50,-13,-54,-12,-56,-10,-57,-5,-59,-10,-58,-7,-57,-8,-55,-7,-63,-8,-63,-6,-68,-7,-69,-7,-66,-8,-72,-3,-73,-6,-67,-8,-75,-5,-79,-7,-79,-7,0,0]"
CSI_DATA,392,2a:00:00:00:00:00,-41,11,1,0,1,1,1,0,0,0,1,-96,0,11,2,5464783,0,44,0,384,0,"[0,0,0,0,0,0,0,0,0,0,0,0,-12,8,-12,9,-11,9,-12,8,-12,8,-12,8,-12,8,-11,8,-11,7,-10,8,-11,8,-11,8,-10,8,-10,8,-10,8,-10,8,-9,8,-9,7,-9,8,-9,7,-9,7,-9,7,-8,7,-8,8,-8,7,-8,7,0,0,-8,7,-8,7,-8,7,-7,6,-7,6,-8,6,-8,6,-7,6,-8,5,-7,5,-7,5,-7,4,-7,4,-7,4,-6,3,-6,3,-6,3,-6,3,-6,3,-5,2,-5,2,-5,2,-5,2,-5,1,-5,1,-5,1,0,0,0,0,0,0,0,0,0,0,0,0,0,0,-75,32,-68,35,-76,40,-73,28,-75,32,-73,33,-71,35,-75,35,-66,35,-70,30,-70,26,-65,30,-66,28,-61,32,-63,31,-61,35,-62,34,-58,34,-59,29,-56,32,-61,36,-55,30,-54,36,-55,31,-52,29,-54,33,-50,33,-48,37,-51,33,-53,35,-50,31,-51,35,-48,31,-51,33,-41,27,-47,27,-47,27,-46,25,-46,25,-46,21,-43,21,-39,19,-42,21,-37,19,-38,16,-33,18,-35,11,-32,11,-32,12,-33,11,-31,7,-29,8,-28,7,-31,9,-27,2,-28,3,-28,1,0,0,0,0,0,0,0,0,0,0,0,0,0,0,0,0,0,0,0,0,0,0,23,4,19,6,16,8,14,10,11,11,9,11,4,11,-3,11,-3,11,-6,5,-7,4,-13,1,-14,0,-12,-5,-16,-4,-14,-11,-17,-13,-17,-18,-18,-20,-16,-26,-16,-26,-16,-33,-13,-34,-17,-32,-16,-39,-16,-40,-13,-42,-12,-44,-12,-43,-16,-45,-12,-43,-13,-45,-11,-46,-13,-50,-12,-47,-13,-52,-15,-45,-17,-51,-18,-49,-23,-53,-19,-57,-22,-50,-24,-58,-21,-57,-25,-58,-27,-59,-26,-56,-25,-58,-29,-60,-31,-60,-34,-59,-34,-67,-36,-68,-34,-65,-45,-68,-40,-71,-42,-71,0,0]"
CSI_DATA,393,2a:00:00:00:00:00,-41,11,1,0,1,1,1,0,0,0,1,-96,0,11,2,5484780,0,44,0,384,0,"[0,0,0,0,0,0,0,0,0,0,0,0,7,12,7,11,8,12,7,12,7,12,7,11,7,11,7,11,7,11,7,11,7,11,7,10,6,10,7,10,6,10,8,10,7,9,7,9,7,8,7,9,6,9,7,9,6,8,7,8,6,8,7,7,0,0,6,7,7,8,6,7,6,8,5,7,5,7,5,7,5,7,4,7,4,7,4,7,3,6,4,6,3,6,3,6,3,5,3,6,2,5,2,5,2,5,2,5,1,5,1,4,1,4,1,4,0,4,0,0,0,0,0,0,0,0,0,0,0,0,0,0,34,74,36,70,35,70,33,75,33,72,33,73,30,74,31,76,32,72,29,72,30,70,31,66,34,68,29,67,27,64,32,64,32,65,30,60,30,58,32,58,33,58,33,57,33,57,29,53,25,53,27,55,30,53,28,50,30,55,35,50,31,50,27,51,24,49,26,49,28,46,23,49,22,45,23,43,19,46,19,43,22,42,15,39,15,43,14,40,12,37,13,35,9,34,12,36,7,35,9,33,6,33,6,33,7,27,4,28,3,26,-1,23,-3,26,0,0,0,0,0,0,0,0,0,0,0,0,0,0,0,0,0,0,0,0,0,0,2,-24,5,-22,7,-18,7,-15,11,-13,12,-8,8,-7,5,-4,9,-2,6,2,2,5,0,9,-2,10,-4,11,-10,16,-12,12,-14,18,-15,16,-18,18,-24,15,-27,15,-28,18,-33,17,-32,16,-34,16,-38,16,-39,14,-43,12,-42,10,-46,13,-42,12,-47,13,-48,12,-47,15,-50,14,-48,14,-47,18,-51,18,-48,16,-52,17,-56,20,-52,21,-56,24,-58,24,-53,22,-56,24,-60,26,-59,30,-60,29,-60,30,-60,32,-67,36,-68,38,-62,32,-68,34,-72,36,-72,35,0,0]"
CSI_DATA,394,2a:00:00:00:00:00,-41,11,1,0,1,1,1,0,0,0,1,-96,0,11,2,5494655,0,44,0,384,0,"[0,0,0,0,0,0,0,0,0,0,0,0,6,-14,6,-14,5,-14,6,-14,6,-13,6,-13,6,-13,6,-13,6,-12,5,-13,5,-12,5,-12,4,-12,4,-12,4,-12,4,-12,3,-12,4,-11,3,-12,3,-11,4,-11,3,-11,3,-11,2,-11,3,-11,3,-11,0,0,3,-11,2,-10,3,-11,3,-10,3,-10,3,-10,3,-9,3,-9,3,-8,3,-8,3,-8,3,-8,3,-8,3,-7,3,-7,3,-7,2,-6,2,-6,3,-6,3,-5,3,-5,3,-5,2,-5,3,-4,3,-4,3,-4,0,0,0,0,0,0,0,0,0,0,0,0,0,0,55,-62,60,-58,58,-64,57,-58,54,-60,58,-60,54,-59,59,-59,53,-56,58,-54,52,-55,51,-51,51,-55,50,-52,50,-51,44,-52,49,-57,45,-55,44,-54,43,-52,43,-55,41,-50,39,-55,37,-53,39,-49,35,-51,32,-47,37,-52,35,-48,34,-50,33,-49,36,-49,34,-48,34,-49,30,-44,35,-45,29,-46,33,-44,33,-41,34,-40,29,-38,33,-35,31,-32,30,-37,31,-33,25,-28,29,-27,26,-26,24,-28,23,-25,25,-24,25,-21,23,-23,25,-17,24,-17,24,-10,25,-12,0,0,0,0,0,0,0,0,0,0,0,0,0,0,0,0,0,0,0,0,0,0,-23,3,-26,0,-22,-3,-18,-5,-17,-5,-17,-9,-11,-8,-6,-10,-3,-9,-2,-8,3,-9,2,-4,9,0,13,0,18,3,16,5,17,10,20,13,20,15,24,19,22,21,24,22,25,24,26,26,24,31,24,32,23,33,24,33,25,36,27,39,23,39,29,39,27,41,28,42,28,41,28,40,28,40,30,42,31,46,37,42,36,45,38,43,37,44,39,47,41,44,42,47,42,44,48,43,50,42,47,50,51,49,58,48,52,58,52,47,59,50,62,56,62,55,0,0]"
CSI_DATA,395,2a:00:00:00:00:00,-42,11,1,0,1,1,1,0,0,0,1,-96,0,11,2,5514677,0,44,0,384,0,"[0,0,0,0,0,0,0,0,0,0,0,0,-16,-2,-16,-2,-15,-1,-15,-2,-15,-2,-15,-2,-15,-2,-14,-1,-14,-1,-14,-2,-14,-2,-14,-1,-13,-1,-13,-1,-13,-1,-13,0,-13,0,-13,0,-12,0,-12,0,-12,0,-12,0,-12,0,-12,0,-12,0,-12,0,0,0,-11,1,-11,0,-11,0,-11,0,-10,0,-10,0,-10,0,-10,0,-10,-1,-9,-1,-9,-1,-9,-1,-8,-1,-8,-1,-8,-2,-8,-1,-7,-1,-7,-1,-7,-2,-6,-2,-6,-2,-6,-2,-6,-2,-5,-2,-5,-2,-5,-3,0,0,0,0,0,0,0,0,0,0,0,0,0,0,-81,-24,-76,-26,-76,-23,-79,-23,-81,-24,-75,-30,-74,-24,-75,-24,-74,-19,-73,-22,-73,-22,-72,-22,-75,-20,-72,-21,-69,-19,-73,-18,-68,-21,-68,-14,-64,-16,-66,-14,-68,-11,-63,-12,-58,-9,-61,-12,-61,-11,-62,-15,-60,-6,-59,-9,-60,-12,-60,-7,-61,-10,-61,-10,-55,-9,-54,-7,-55,-7,-53,-11,-52,-9,-53,-12,-51,-12,-48,-14,-50,-13,-42,-13,-43,-13,-42,-11,-44,-14,-39,-13,-35,-15,-36,-15,-31,-13,-29,-12,-32,-15,-30,-14,-28,-15,-23,-14,-25,-12,-25,-16,-20,-17,0,0,0,0,0,0,0,0,0,0,0,0,0,0,0,0,0,0,0,0,0,0,16,17,15,20,10,20,2,19,0,16,1,13,-4,12,-6,8,-8,4,-5,-1,-7,-5,-12,-1,-5,-3,-7,-13,0,-15,-6,-17,2,-15,4,-23,-3,-28,10,-23,2,-28,8,-30,10,-31,10,-32,13,-32,15,-35,18,-37,17,-41,18,-36,19,-39,19,-39,21,-42,20,-40,23,-42,22,-45,23,-43,21,-46,20,-45,23,-43,20,-48,21,-53,20,-53,20,-52,20,-54,19,-56,18,-61,16,-60,18,-61,18,-62,16,-63,17,-65,16,-73,25,-71,22,-69,15,-75,21,-76,19,-76,0,0]"
CSI_DATA,396,2a:00:00:00:00:00,-42,11,1,0,1,1,1,0,0,0,1,-96,0,11,2,5524668,0,44,0,384,0,"[0,0,0,0,0,0,0,0,0,0,0,0,8,-12,9,-12,8,-12,9,-13,8,-12,9,-12,8,-12,8,-12,8,-11,7,-11,8,-11,7,-11,7,-12,6,-11,7,-11,6,-11,6,-11,6,-10,5,-11,5,-11,5,-10,5,-11,5,-10,4,-11,5,-10,5,-11,0,0,4,-10,5,-9,4,-10,4,-9,4,-9,4,-9,4,-9,4,-9,4,-8,4,-8,4,-8,4,-7,4,-7,4,-7,4,-6,4,-6,4,-6,3,-5,3,-5,3,-5,3,-5,4,-4,3,-4,3,-4,3,-4,3,-3,0,0,0,0,0,0,0,0,0,0,0,0,0,0,60,-54,61,-58,57,-58,56,-53,58,-59,57,-56,58,-59,58,-55,55,-57,55,-49,55,-53,53,-52,53,-51,55,-50,53,-52,49,-54,49,-56,41,-52,45,-51,47,-52,43,-54,45,-51,35,-52,40,-50,37,-48,38,-53,39,-47,29,-51,34,-49,37,-48,36,-47,32,-48,33,-46,32,-47,32,-48,34,-45,32,-43,31,-42,34,-41,30,-39,32,-40,29,-38,30,-34,28,-32,27,-32,27,-31,30,-26,25,-26,26,-21,25,-24,24,-20,26,-18,26,-19,23,-19,25,-15,23,-15,24,-10,0,0,0,0,0,0,0,0,0,0,0,0,0,0,0,0,0,0,0,0,0,0,-29,3,-22,-2,-22,-4,-22,-9,-18,-8,-12,-7,-10,-7,-8,-10,-3,-10,-1,-8,2,-6,7,-2,9,-1,13,-1,11,2,14,4,12,10,15,14,15,13,18,18,20,18,23,24,21,24,22,26,23,29,17,32,18,33,17,37,20,37,24,36,21,39,22,39,19,42,22,43,24,43,22,43,28,44,25,46,29,40,34,40,29,42,32,43,30,41,40,46,30,48,41,46,41,49,41,46,41,48,48,52,46,44,52,47,45,57,48,52,57,53,57,52,56,53,0,0]"
CSI_DATA,397,2a:00:00:00:00:00,-42,11,1,0,1,1,1,0,0,0,1,-96,0,11,2,5534713,0,44,0,384,0,"[0,0,0,0,0,0,0,0,0,0,0,0,10,10,10,10,10,9,10,10,10,10,9,9,9,9,9,9,9,9,9,8,9,9,9,8,9,8,9,8,9,8,9,7,9,7,8,7,9,7,9,7,8,7,9,6,8,7,9,6,8,6,8,6,0,0,9,6,8,6,8,6,8,6,7,6,7,6,7,6,6,6,6,5,6,5,6,5,5,5,5,5,5,5,5,5,4,5,4,4,4,4,3,4,3,4,3,4,3,4,2,4,2,4,2,4,1,4,0,0,0,0,0,0,0,0,0,0,0,0,0,0,48,62,54,61,55,59,58,57,54,59,54,55,56,59,54,59,50,54,52,52,53,52,50,53,53,53,48,54,50,52,49,49,50,49,49,44,41,46,54,44,55,40,49,45,49,38,44,38,47,40,48,37,51,43,46,37,46,38,49,37,43,33,47,37,46,33,46,32,43,34,38,34,40,36,38,31,38,37,35,31,34,32,32,36,33,32,28,32,28,28,27,30,23,28,24,28,19,25,19,26,20,26,16,25,15,23,15,28,13,25,10,24,10,23,0,0,0,0,0,0,0,0,0,0,0,0,0,0,0,0,0,0,0,0,0,0,-6,-24,-1,-24,3,-22,1,-21,3,-19,9,-13,7,-14,7,-11,7,-7,6,-4,6,3,1,5,3,7,2,12,-1,11,-5,16,-9,19,-10,17,-13,21,-17,20,-17,20,-19,23,-28,23,-29,21,-32,17,-29,24,-35,23,-33,22,-36,24,-38,24,-37,23,-42,25,-40,22,-41,21,-46,27,-42,26,-44,28,-41,26,-47,26,-44,32,-42,30,-42,37,-44,35,-49,39,-45,37,-46,37,-43,40,-46,44,-48,41,-52,45,-48,45,-49,48,-49,46,-48,52,-56,52,-57,53,-57,58,0,0]"
CSI_DATA,398,2a:00:00:00:00:00,-42,11,1,0,1,1,1,0,0,0,1,-96,0,11,2,5544666,0,44,0,384,0,"[0,0,0,0,0,0,0,0,0,0,0,0,-13,-8,-13,-8,-13,-8,-12,-9,-12,-8,-12,-8,-12,-8,-12,-8,-12,-8,-12,-7,-12,-7,-12,-7,-11,-7,-11,-6,-11,-7,-12,-6,-11,-6,-11,-6,-11,-6,-11,-6,-10,-6,-11,-6,-10,-5,-11,-5,-10,-5,-11,-5,0,0,-10,-5,-10,-6,-10,-5,-10,-5,-9,-5,-9,-6,-8,-5,-8,-5,-8,-5,-8,-5,-8,-5,-7,-5,-7,-5,-6,-5,-6,-5,-6,-5,-6,-5,-5,-4,-5,-5,-5,-4,-4,-4,-4,-4,-4,-5,-4,-4,-3,-4,-3,-4,0,0,0,0,0,0,0,0,0,0,0,0,0,0,-67,-47,-65,-48,-70,-45,-67,-47,-68,-45,-62,-45,-65,-49,-64,-47,-60,-51,-62,-42,-62,-43,-60,-40,-63,-41,-60,-41,-57,-43,-56,-36,-60,-40,-57,-39,-54,-37,-58,-33,-59,-31,-61,-35,-54,-27,-57,-26,-52,-31,-56,-28,-57,-28,-57,-28,-52,-29,-56,-25,-54,-26,-55,-26,-50,-22,-52,-29,-53,-23,-46,-29,-46,-24,-48,-20,-48,-26,-45,-25,-43,-27,-39,-27,-36,-28,-36,-21,-31,-23,-35,-25,-30,-24,-31,-24,-25,-26,-25,-19,-26,-20,-24,-22,-24,-19,-24,-24,-19,-24,-17,-20,-14,-22,0,0,0,0,0,0,0,0,0,0,0,0,0,0,0,0,0,0,0,0,0,0,7,26,4,23,0,23,-1,19,-6,18,-7,15,-10,11,-11,10,-8,5,-7,5,-8,-1,-7,-6,-4,-8,-2,-11,-1,-12,2,-16,2,-18,9,-19,5,-20,12,-26,13,-24,16,-25,20,-28,21,-25,27,-23,25,-26,30,-25,28,-24,28,-28,32,-27,32,-26,34,-29,36,-30,35,-34,38,-31,35,-35,39,-33,39,-35,40,-35,37,-35,39,-34,37,-45,35,-42,38,-48,40,-45,34,-46,37,-49,36,-52,36,-51,40,-54,38,-53,37,-56,44,-59,40,-57,41,-63,39,-61,43,-66,0,0]"
CSI_DATA,399,2a:00:00:00:00:00,-42,11,1,0,1,1,1,0,0,0,1,-96,0,11,2,5554673,0,44,0,384,0,"[0,0,0,0,0,0,0,0,0,0,0,0,14,-7,13,-7,13,-7,13,-7,12,-7,12,-6,12,-6,12,-6,12,-6,12,-6,12,-6,11,-7,11,-6,11,-6,10,-6,11,-7,10,-7,10,-6,9,-7,9,-6,9,-6,9,-7,9,-6,9,-7,9,-7,9,-6,0,0,9,-6,9,-6,8,-6,9,-6,8,-5,8,-5,8,-5,8,-5,8,-4,8,-4,8,-4,7,-4,6,-3,6,-3,7,-3,6,-3,6,-3,5,-2,5,-2,5,-2,5,-2,5,-1,5,-1,4,-1,4,-1,4,-1,0,0,0,0,0,0,0,0,0,0,0,0,0,0,74,-41,69,-41,69,-47,71,-37,74,-40,68,-38,70,-41,70,-40,65,-37,71,-40,69,-38,64,-37,65,-38,60,-39,65,-37,61,-38,59,-38,57,-38,56,-39,54,-38,57,-43,55,-34,51,-39,50,-41,51,-40,49,-37,50,-39,52,-41,48,-40,49,-38,46,-36,49,-35,48,-35,46,-34,49,-33,42,-28,45,-31,45,-30,42,-30,44,-23,44,-24,42,-26,39,-20,39,-21,36,-20,35,-21,34,-16,33,-19,31,-12,34,-13,30,-14,30,-10,27,-7,25,-11,30,-7,25,-3,25,-1,0,0,0,0,0,0,0,0,0,0,0,0,0,0,0,0,0,0,0,0,0,0,-30,-3,-29,-4,-22,-5,-21,-11,-19,-14,-13,-15,-13,-11,-6,-11,-3,-13,2,-8,2,-7,7,-5,6,0,11,1,7,3,13,8,13,8,15,13,14,14,14,19,16,25,14,27,18,28,16,30,16,34,17,34,15,37,14,41,13,38,14,38,16,42,16,41,16,41,14,46,14,46,16,45,16,49,18,50,17,48,22,49,22,47,25,49,25,51,26,51,24,51,37,52,32,55,32,54,34,54,35,60,35,58,39,59,37,67,37,61,42,63,40,62,47,67,0,0]"
CSI_DATA,400,2a:00:00:00:00:00,-42,11,1,0,1,1,1,0,0,0,1,-96,0,11,2,5564655,0,44,0,384,0,"[0,0,0,0,0,0,0,0,0,0,0,0,-6,13,-6,13,-5,13,-6,13,-6,13,-6,12,-5,12,-5,12,-5,12,-5,13,-5,12,-5,12,-4,12,-4,12,-4,11,-4,12,-3,11,-3,11,-2,11,-3,11,-3,11,-3,11,-3,11,-2,11,-3,11,-3,10,0,0,-3,10,-3,10,-3,10,-3,10,-3,9,-3,9,-3,9,-3,9,-4,8,-3,8,-3,8,-3,8,-3,7,-3,6,-3,6,-3,6,-3,6,-3,5,-3,5,-3,5,-3,5,-3,4,-3,4,-3,3,-3,3,-3,3,0,0,0,0,0,0,0,0,0,0,0,0,0,0,-24,78,-24,74,-23,82,-22,73,-20,74,-23,77,-20,75,-23,79,-21,69,-23,69,-18,70,-24,65,-25,69,-20,63,-17,64,-16,66,-18,70,-15,63,-14,64,-10,62,-11,70,-16,57,-9,63,-11,61,-12,57,-9,62,-10,59,-9,62,-13,61,-8,57,-10,56,-11,56,-5,55,-6,56,-9,52,-13,54,-11,53,-8,48,-11,48,-11,45,-9,46,-12,45,-15,45,-11,40,-9,39,-14,39,-14,36,-12,35,-15,34,-13,31,-16,29,-12,26,-11,27,-14,25,-11,22,-12,19,-17,21,0,0,0,0,0,0,0,0,0,0,0,0,0,0,0,0,0,0,0,0,0,0,24,-16,22,-13,20,-8,23,-8,22,-3,17,-1,16,2,10,6,6,7,6,6,0,5,1,5,-8,7,-8,4,-12,6,-15,1,-16,-1,-21,-3,-23,-4,-25,-3,-25,-4,-31,-7,-29,-11,-33,-15,-33,-15,-35,-17,-32,-20,-35,-19,-34,-20,-39,-22,-35,-23,-40,-24,-41,-26,-44,-26,-43,-27,-46,-25,-36,-22,-46,-25,-46,-22,-47,-24,-51,-24,-50,-19,-52,-24,-53,-21,-55,-20,-57,-23,-58,-23,-54,-19,-65,-20,-61,-19,-64,-18,-65,-17,-73,-26,-64,-15,-78,-15,-75,-19,-78,-19,0,0]"
CSI_DATA,401,2a:00:00:00:00:00,-42,11,1,0,1,1,1,0,0,0,1,-96,0,11,2,5574687,0,44,0,384,0,"[0,0,0,0,0,0,0,0,0,0,0,0,-14,-7,-13,-7,-13,-7,-13,-8,-13,-7,-13,-7,-13,-7,-12,-6,-13,-7,-12,-6,-12,-7,-12,-6,-12,-6,-12,-6,-11,-5,-12,-5,-12,-4,-12,-4,-12,-4,-12,-5,-11,-4,-11,-4,-11,-4,-11,-4,-11,-4,-11,-4,0,0,-11,-4,-11,-4,-10,-4,-10,-4,-9,-4,-10,-4,-10,-4,-9,-4,-9,-4,-9,-4,-8,-4,-8,-4,-7,-4,-7,-4,-7,-4,-7,-4,-6,-4,-6,-4,-5,-3,-5,-4,-5,-4,-5,-3,-5,-4,-4,-4,-4,-3,-4,-4,0,0,0,0,0,0,0,0,0,0,0,0,0,0,-67,-45,-67,-45,-65,-46,-65,-45,-73,-44,-63,-41,-69,-46,-64,-43,-66,-43,-67,-41,-63,-44,-62,-39,-64,-36,-63,-38,-61,-35,-67,-32,-61,-33,-58,-30,-55,-32,-64,-32,-61,-29,-58,-31,-59,-25,-59,-26,-53,-27,-58,-27,-63,-28,-57,-22,-56,-24,-59,-22,-55,-22,-53,-25,-54,-27,-51,-21,-50,-26,-53,-25,-46,-22,-45,-26,-45,-27,-45,-22,-43,-25,-40,-23,-39,-24,-38,-22,-40,-20,-37,-24,-30,-22,-33,-20,-28,-19,-27,-22,-25,-20,-21,-20,-24,-19,-20,-22,-19,-17,-16,-19,-17,-20,0,0,0,0,0,0,0,0,0,0,0,0,0,0,0,0,0,0,0,0,0,0,11,27,3,25,1,24,0,23,-5,18,-7,15,-8,15,-10,7,-9,4,-12,1,-7,-1,-6,-4,-6,-7,-5,-11,0,-11,0,-18,2,-17,7,-22,10,-20,10,-25,12,-24,14,-28,19,-29,22,-26,23,-31,22,-31,25,-31,26,-30,31,-30,29,-32,34,-32,33,-31,30,-37,34,-32,34,-36,34,-38,32,-38,33,-41,34,-37,35,-41,34,-39,36,-46,36,-46,36,-44,33,-47,38,-44,33,-53,36,-53,33,-56,36,-55,36,-59,37,-62,39,-58,36,-62,37,-68,37,-63,43,-67,0,0]"
CSI_DATA,402,2a:00:00:00:00:00,-42,11,1,0,1,1,1,0,0,0,1,-96,0,11,2,5584697,0,44,0,384,0,"[0,0,0,0,0,0,0,0,0,0,0,0,13,-8,12,-7,12,-8,12,-8,12,-8,12,-7,12,-7,12,-7,12,-7,11,-7,12,-7,11,-8,10,-8,10,-8,10,-7,10,-8,9,-8,9,-8,9,-8,9,-8,9,-7,9,-8,9,-7,8,-8,8,-7,8,-7,0,0,8,-7,8,-7,8,-7,8,-7,8,-6,8,-6,8,-6,7,-6,7,-5,7,-5,7,-5,7,-5,6,-4,6,-4,6,-4,6,-4,6,-3,5,-3,5,-3,5,-3,5,-2,5,-2,4,-2,5,-2,4,-2,4,-1,0,0,0,0,0,0,0,0,0,0,0,0,0,0,64,-45,64,-47,64,-49,63,-48,66,-44,63,-43,61,-46,66,-43,60,-47,59,-43,58,-40,57,-44,59,-45,52,-45,54,-38,54,-43,54,-44,54,-45,50,-41,47,-39,51,-43,43,-41,43,-44,42,-42,43,-44,46,-48,43,-43,45,-44,42,-41,41,-42,44,-40,42,-43,39,-42,38,-39,40,-35,41,-34,36,-34,38,-36,37,-40,40,-34,36,-31,35,-26,36,-27,35,-25,37,-26,33,-24,31,-17,29,-18,27,-18,27,-15,25,-15,24,-16,25,-12,25,-10,26,-9,26,-11,24,-7,0,0,0,0,0,0,0,0,0,0,0,0,0,0,0,0,0,0,0,0,0,0,-27,-2,-28,-6,-20,-8,-21,-9,-16,-10,-14,-12,-11,-12,-5,-8,-5,-10,-1,-11,2,-7,4,-5,10,-2,11,0,11,3,14,10,15,9,17,12,19,15,22,16,19,20,23,24,20,26,20,31,16,36,18,33,14,36,16,40,17,36,19,41,16,41,15,43,15,40,17,42,22,41,19,43,18,43,19,45,15,47,25,47,22,47,25,50,25,51,32,50,25,48,29,44,34,48,36,49,35,53,36,54,30,52,42,56,45,58,36,58,41,57,49,61,44,59,0,0]"
CSI_DATA,403,2a:00:00:00:00:00,-42,11,1,0,1,1,1,0,0,0,1,-96,0,11,2,5604802,0,44,0,384,0,"[0,0,0,0,0,0,0,0,0,0,0,0,-7,12,-7,13,-6,12,-7,13,-6,12,-7,12,-7,12,-6,11,-6,11,-5,11,-6,11,-6,11,-5,11,-5,11,-5,11,-5,11,-5,11,-4,10,-4,11,-4,11,-4,10,-4,10,-4,10,-3,10,-4,10,-4,10,0,0,-4,10,-3,9,-4,10,-4,9,-4,9,-3,9,-4,9,-3,8,-4,8,-4,7,-4,7,-4,7,-4,6,-4,6,-4,5,-4,6,-4,5,-4,5,-3,5,-3,4,-3,4,-4,4,-3,4,-4,3,-4,3,-4,3,0,0,0,0,0,0,0,0,0,0,0,0,0,0,-44,66,-40,67,-38,70,-39,68,-45,71,-40,71,-40,70,-37,67,-37,66,-38,61,-39,62,-36,62,-34,61,-36,60,-34,58,-35,64,-33,65,-29,59,-28,60,-29,62,-26,65,-27,59,-24,61,-21,59,-24,55,-22,57,-25,56,-22,61,-24,55,-24,57,-29,54,-24,52,-23,53,-18,51,-23,52,-26,49,-22,51,-24,48,-26,46,-25,43,-23,41,-25,36,-27,39,-24,39,-28,33,-23,31,-24,31,-21,29,-24,25,-21,25,-20,25,-21,26,-18,18,-19,20,-20,16,-20,18,-26,15,0,0,0,0,0,0,0,0,0,0,0,0,0,0,0,0,0,0,0,0,0,0,24,-14,21,-7,23,-6,19,-2,17,-1,16,3,9,3,6,4,7,6,4,5,-3,7,-2,8,-7,5,-9,1,-11,4,-18,2,-19,-4,-24,-2,-27,-7,-26,-10,-28,-15,-32,-16,-31,-19,-35,-19,-37,-25,-33,-22,-31,-27,-35,-31,-38,-28,-37,-29,-36,-33,-36,-30,-38,-34,-35,-35,-41,-36,-38,-39,-38,-36,-45,-33,-39,-36,-44,-35,-47,-35,-47,-33,-48,-33,-54,-34,-50,-35,-48,-35,-50,-36,-54,-30,-56,-36,-60,-32,-60,-32,-59,-36,-64,-36,-61,-37,-70,-36,-67,-33,-71,-35,0,0]"
CSI_DATA,404,2a:00:00:00:00:00,-42,11,1,0,1,1,1,0,0,0,1,-96,0,11,2,5615488,0,44,0,384,0,"[0,0,0,0,0,0,0,0,0,0,0,0,14,0,14,-1,14,-1,13,0,13,0,13,0,13,-1,12,0,13,0,12,0,12,0,13,-1,12,0,12,-1,11,0,12,-2,11,-1,11,-1,11,-2,11,-1,10,-1,11,-1,11,-1,11,-1,10,-1,10,-2,0,0,10,-1,10,-1,10,-1,10,-1,9,0,9,-1,9,0,9,0,8,0,8,0,8,1,7,1,7,1,6,0,6,1,6,1,6,1,5,1,5,1,5,1,5,1,5,1,4,1,4,2,4,2,3,2,0,0,0,0,0,0,0,0,0,0,0,0,0,0,77,5,83,8,77,3,80,1,79,3,74,5,75,7,77,4,72,5,73,4,71,7,72,8,72,2,70,1,68,4,72,1,67,3,62,-1,62,0,66,-1,67,-9,66,-3,58,-7,60,-2,58,-2,59,0,63,-2,55,-9,60,-4,59,-7,59,-6,58,-3,55,-4,58,-4,57,-7,51,3,52,-2,50,0,50,2,52,2,51,6,49,6,43,4,39,3,40,4,40,6,35,7,36,8,32,9,31,7,29,7,31,9,29,8,28,12,28,7,22,12,18,12,0,0,0,0,0,0,0,0,0,0,0,0,0,0,0,0,0,0,0,0,0,0,-23,-11,-16,-13,-19,-16,-7,-21,-11,-18,-1,-15,-6,-8,3,-12,5,-10,7,-6,7,-2,8,3,8,4,11,11,4,14,4,14,8,22,4,20,4,23,3,30,3,26,0,31,-2,35,-4,36,-5,36,-7,44,-8,40,-11,41,-15,45,-13,44,-12,44,-15,46,-13,44,-15,45,-21,50,-18,50,-16,49,-15,52,-14,51,-11,54,-11,50,-10,59,-16,54,-6,56,-10,51,-10,62,-9,62,-9,63,-6,63,-9,65,-4,63,-1,66,-2,67,-8,72,0,74,1,72,1,74,0,0]"
CSI_DATA,405,2a:00:00:00:00:00,-42,11,1,0,1,1,1,0,0,0,1,-96,0,11,2,5627150,0,44,0,384,0,"[0,0,0,0,0,0,0,0,0,0,0,0,-2,13,-2,13,-2,13,-3,14,-3,13,-3,13,-2,12,-2,12,-2,13,-2,12,-2,12,-2,12,-1,12,-1,12,-2,12,-1,12,-1,11,-1,11,0,11,0,11,-1,11,0,11,-1,10,0,11,0,11,0,11,0,0,-1,10,-1,10,-1,10,-1,10,-1,9,-1,10,-1,9,-1,9,-2,9,-2,8,-2,8,-2,8,-2,8,-2,7,-2,6,-2,6,-2,6,-2,6,-2,5,-2,5,-2,5,-2,4,-3,4,-3,4,-3,4,-3,3,0,0,0,0,0,0,0,0,0,0,0,0,0,0,-30,72,-29,71,-29,77,-31,70,-30,73,-25,74,-22,72,-28,75,-27,71,-27,67,-21,67,-22,69,-18,68,-21,63,-21,63,-22,69,-23,67,-19,66,-17,62,-17,62,-16,72,-19,59,-15,62,-10,63,-18,63,-18,58,-14,58,-13,66,-13,60,-13,56,-13,59,-15,58,-15,55,-12,60,-12,53,-19,55,-15,57,-15,52,-15,53,-16,48,-18,47,-18,45,-19,42,-17,38,-17,37,-20,37,-19,35,-19,36,-19,31,-19,30,-15,28,-17,25,-15,26,-18,21,-19,17,-20,25,-18,20,0,0,0,0,0,0,0,0,0,0,0,0,0,0,0,0,0,0,0,0,0,0,20,-15,24,-16,17,-11,23,-5,13,-4,19,-5,9,-2,12,-1,8,1,2,6,0,9,-3,9,-11,8,-11,0,-18,2,-21,2,-23,-4,-19,1,-32,-2,-31,-4,-33,-4,-32,-11,-32,-16,-39,-17,-36,-20,-38,-22,-39,-27,-41,-23,-41,-26,-38,-29,-36,-28,-42,-27,-41,-29,-46,-29,-47,-30,-43,-27,-42,-28,-47,-32,-46,-30,-48,-31,-50,-31,-50,-25,-54,-32,-52,-29,-49,-25,-59,-22,-52,-25,-59,-22,-59,-25,-59,-25,-62,-22,-62,-24,-66,-28,-66,-22,-74,-24,-75,-25,-71,-25,0,0]"
CSI_DATA,406,2a:00:00:00:00:00,-43,11,1,0,1,1,1,0,0,0,1,-96,0,11,2,5644666,0,44,0,384,0,"[0,0,0,0,0,0,0,0,0,0,0,0,11,9,10,8,11,9,10,9,10,9,10,8,11,8,10,8,10,8,10,8,10,7,10,7,10,8,10,7,9,7,10,7,10,6,10,6,10,6,9,6,9,6,9,6,9,6,9,5,9,6,9,5,0,0,9,5,9,5,8,6,9,5,8,5,8,6,8,6,7,5,7,5,7,5,6,5,6,5,5,5,5,5,5,5,4,5,5,5,4,5,4,5,3,4,3,4,3,4,2,4,2,4,2,4,1,4,0,0,0,0,0,0,0,0,0,0,0,0,0,0,61,34,63,40,67,33,71,37,72,35,65,32,67,35,65,31,63,32,64,33,62,29,62,32,64,26,66,32,60,27,65,23,60,27,63,25,57,25,65,19,62,18,63,20,60,18,63,19,59,21,58,20,60,16,58,18,57,20,60,13,59,17,58,16,57,17,55,17,55,17,50,20,52,19,51,18,49,20,46,18,45,20,45,18,41,21,42,20,38,20,38,17,33,16,32,16,30,18,31,21,27,18,27,22,29,17,24,20,20,19,16,18,18,19,0,0,0,0,0,0,0,0,0,0,0,0,0,0,0,0,0,0,0,0,0,0,-12,-22,-10,-24,-6,-25,-2,-22,1,-23,2,-17,5,-15,8,-10,7,-2,7,-1,4,0,7,4,6,7,3,12,-2,14,-5,13,-4,21,-7,21,-10,23,-13,28,-17,25,-19,27,-21,30,-25,28,-29,29,-29,30,-30,30,-31,29,-36,28,-36,31,-33,33,-38,32,-41,34,-42,30,-41,35,-37,35,-37,39,-35,37,-37,36,-39,37,-39,36,-35,43,-36,43,-36,44,-37,42,-37,48,-39,48,-30,52,-36,52,-35,53,-33,53,-31,60,-31,49,-32,62,-37,64,-31,66,-37,59,0,0]"
CSI_DATA,407,2a:00:00:00:00:00,-42,11,1,0,1,1,1,0,0,0,1,-96,0,11,2,5654663,0,44,0,384,0,"[0,0,0,0,0,0,0,0,0,0,0,0,-14,4,-14,4,-13,4,-13,4,-13,4,-13,3,-13,4,-13,4,-13,4,-12,4,-13,4,-12,5,-12,4,-12,5,-11,4,-12,5,-11,5,-11,5,-10,5,-11,5,-11,5,-11,5,-11,5,-10,5,-11,5,-10,5,0,0,-10,5,-10,5,-10,4,-10,5,-10,4,-9,4,-10,4,-9,4,-9,3,-9,3,-9,3,-8,2,-8,2,-8,2,-8,1,-8,1,-7,1,-7,1,-7,1,-6,0,-6,1,-6,0,-6,0,-6,0,-5,0,-5,-1,0,0,0,0,0,0,0,0,0,0,0,0,0,0,-72,16,-77,14,-73,18,-76,15,-78,18,-70,16,-72,17,-71,19,-73,17,-65,17,-72,17,-70,15,-72,16,-66,17,-67,17,-69,28,-68,25,-65,26,-63,22,-64,23,-64,23,-62,23,-55,24,-61,22,-61,22,-62,24,-60,24,-56,27,-58,23,-59,28,-56,27,-61,23,-54,24,-49,25,-54,20,-50,18,-53,17,-50,16,-52,16,-52,13,-50,11,-46,11,-48,9,-45,12,-42,6,-42,7,-39,11,-43,6,-34,1,-33,-1,-39,3,-31,-1,-33,-2,-35,-3,-29,0,-27,-5,-28,-4,0,0,0,0,0,0,0,0,0,0,0,0,0,0,0,0,0,0,0,0,0,0,24,7,20,12,18,14,14,13,11,14,11,10,5,12,-1,10,1,7,-4,11,-6,5,-8,-3,-9,-3,-12,-6,-7,-13,-8,-15,-10,-14,-9,-21,-7,-22,-5,-29,-2,-29,-1,-37,-2,-38,-1,-38,1,-37,-3,-43,2,-45,6,-46,7,-45,6,-46,4,-43,6,-46,7,-46,9,-47,6,-50,9,-54,6,-51,4,-53,8,-52,-2,-56,2,-54,1,-57,-2,-55,-5,-58,-3,-51,0,-56,-1,-59,-4,-57,-8,-59,-11,-57,-12,-56,-12,-66,-16,-73,-13,-66,-19,-66,-15,-66,-17,-71,0,0]"
CSI_DATA,408,2a:00:00:00:00:00,-42,11,1,0,1,1,1,0,0,0,1,-96,0,11,2,5684679,0,44,0,384,0,"[0,0,0,0,0,0,0,0,0,0,0,0,-14,2,-15,2,-14,2,-15,1,-14,2,-14,1,-14,2,-14,2,-14,2,-13,2,-13,2,-14,3,-13,2,-13,2,-13,2,-13,3,-13,3,-12,3,-12,3,-12,3,-12,3,-12,3,-12,3,-12,3,-12,3,-12,3,0,0,-12,3,-11,2,-11,3,-11,2,-11,2,-10,2,-10,2,-10,1,-10,1,-10,1,-10,1,-9,1,-9,0,-9,0,-8,0,-8,0,-8,0,-7,0,-7,-1,-6,-1,-7,-1,-6,-1,-6,-1,-6,-1,-5,-1,-5,-1,0,0,0,0,0,0,0,0,0,0,0,0,0,0,-77,-8,-73,-9,-79,-7,-76,-10,-81,-7,-75,-9,-77,-4,-77,-7,-74,-6,-72,-4,-74,-7,-72,-5,-76,-5,-74,-5,-71,-4,-76,2,-72,-1,-71,6,-66,2,-68,8,-72,6,-66,1,-65,8,-65,4,-68,3,-67,6,-65,12,-65,9,-63,7,-68,8,-60,7,-62,9,-55,8,-58,8,-61,8,-56,4,-57,5,-55,0,-52,2,-53,0,-53,0,-50,0,-50,-1,-50,-1,-45,0,-48,-2,-45,-6,-42,-2,-37,-7,-39,-4,-36,-7,-33,-6,-32,-9,-32,-6,-28,-9,-29,-10,-26,-11,0,0,0,0,0,0,0,0,0,0,0,0,0,0,0,0,0,0,0,0,0,0,18,21,13,22,11,20,5,23,2,19,3,16,-3,17,-5,16,-4,9,-4,8,-5,1,-3,-2,-7,-5,-5,-10,-3,-12,-4,-19,0,-18,2,-22,0,-18,6,-26,8,-28,11,-32,15,-30,11,-30,14,-34,20,-36,18,-36,18,-36,24,-37,19,-36,21,-37,21,-36,21,-39,26,-40,26,-42,25,-40,24,-42,21,-45,23,-45,24,-48,21,-45,17,-51,19,-51,18,-52,16,-51,17,-59,17,-57,12,-54,14,-62,11,-60,9,-63,9,-69,8,-62,8,-66,5,-67,7,-65,3,-74,0,0]"
CSI_DATA,409,2a:00:00:00:00:00,-43,11,1,0,1,1,1,0,0,0,1,-96,0,11,2,5704825,0,44,0,384,0,"[0,0,0,0,0,0,0,0,0,0,0,0,8,-13,8,-12,7,-13,8,-12,8,-12,8,-12,7,-12,8,-12,8,-12,6,-12,7,-12,7,-12,7,-12,6,-12,6,-11,6,-12,5,-12,5,-12,5,-12,5,-11,5,-11,5,-11,5,-11,4,-11,5,-12,5,-11,0,0,5,-11,5,-11,5,-11,5,-10,4,-10,4,-10,5,-10,5,-9,5,-9,5,-9,5,-8,4,-8,5,-7,5,-7,4,-7,4,-6,4,-6,4,-6,4,-5,4,-5,4,-5,4,-4,4,-4,4,-4,4,-4,4,-3,0,0,0,0,0,0,0,0,0,0,0,0,0,0,49,-61,46,-62,43,-65,49,-63,48,-64,45,-61,46,-68,48,-67,47,-64,45,-57,41,-61,44,-60,44,-64,44,-63,43,-56,41,-60,40,-61,40,-61,37,-61,36,-62,30,-59,35,-61,34,-56,30,-62,33,-55,34,-61,36,-59,29,-57,31,-58,27,-57,29,-54,34,-54,32,-58,29,-57,29,-54,29,-50,30,-52,27,-50,32,-51,30,-43,31,-45,31,-42,33,-37,29,-42,28,-33,29,-36,31,-32,30,-34,28,-26,28,-30,24,-30,25,-23,24,-23,25,-18,22,-19,23,-20,23,-15,0,0,0,0,0,0,0,0,0,0,0,0,0,0,0,0,0,0,0,0,0,0,-30,6,-28,0,-28,-2,-24,-7,-19,-6,-21,-9,-17,-12,-11,-9,-10,-7,-3,-7,-1,-8,-1,-9,7,-2,8,-2,11,1,17,3,14,9,18,11,13,13,21,14,22,18,21,21,18,26,22,30,19,26,17,31,17,35,19,34,19,33,23,38,16,39,20,36,23,37,19,40,24,44,23,44,24,41,25,37,26,41,34,39,30,38,34,40,33,40,37,43,31,36,41,40,40,39,41,38,43,35,47,41,48,38,50,39,52,42,49,41,60,42,58,40,58,42,0,0]"
CSI_DATA,410,2a:00:00:00:00:00,-43,11,1,0,1,1,1,0,0,0,1,-96,0,11,2,5714685,0,44,0,384,0,"[0,0,0,0,0,0,0,0,0,0,0,0,-14,-3,-14,-3,-14,-3,-14,-4,-14,-3,-14,-3,-14,-3,-14,-3,-14,-3,-13,-3,-14,-3,-13,-2,-13,-3,-13,-3,-13,-3,-13,-1,-13,-2,-12,-1,-13,-2,-12,-1,-12,-2,-12,-1,-12,-1,-12,-1,-12,-1,-12,-1,0,0,-12,-1,-11,-2,-12,-1,-11,-1,-11,-2,-11,-1,-11,-2,-10,-2,-11,-2,-10,-2,-10,-2,-9,-3,-8,-2,-8,-2,-8,-3,-8,-2,-7,-3,-7,-3,-7,-3,-6,-3,-6,-3,-6,-3,-6,-3,-5,-3,-5,-3,-4,-4,0,0,0,0,0,0,0,0,0,0,0,0,0,0,-64,-31,-68,-31,-67,-31,-70,-33,-75,-34,-68,-31,-68,-35,-68,-33,-68,-33,-65,-29,-68,-30,-68,-28,-70,-31,-66,-28,-67,-29,-67,-28,-72,-23,-64,-26,-64,-24,-67,-22,-67,-21,-65,-22,-63,-15,-59,-17,-62,-16,-60,-18,-64,-18,-60,-16,-61,-18,-65,-14,-62,-14,-62,-18,-55,-19,-58,-15,-58,-17,-56,-18,-52,-16,-54,-20,-53,-19,-55,-18,-51,-19,-50,-21,-47,-21,-45,-18,-43,-20,-40,-19,-34,-21,-37,-23,-34,-19,-30,-16,-28,-18,-26,-18,-29,-19,-26,-18,-25,-18,-22,-22,-17,-19,0,0,0,0,0,0,0,0,0,0,0,0,0,0,0,0,0,0,0,0,0,0,8,30,5,28,1,29,0,26,-3,24,-6,18,-8,14,-7,12,-6,6,-8,2,-6,0,-6,-5,-5,-7,0,-10,-2,-12,3,-17,4,-18,7,-20,9,-17,13,-21,14,-24,19,-25,22,-22,22,-25,26,-20,26,-26,30,-26,30,-29,33,-24,27,-23,36,-29,33,-25,34,-27,35,-28,34,-26,34,-30,33,-30,37,-34,32,-32,33,-36,32,-33,33,-41,34,-40,33,-41,27,-39,29,-45,29,-47,27,-47,26,-51,30,-49,30,-49,25,-54,32,-56,28,-60,32,-60,31,-61,30,-68,0,0]"
