type,id,mac,rssi,rate,sig_mode,mcs,bandwidth,smoothing,not_sounding,aggregation,stbc,fec_coding,sgi,noise_floor,ampdu_cnt,channel,secondary_channel,local_timestamp,ant,sig_len,rx_state,len,first_word,data
CSI_DATA,43,2a:00:00:00:00:00,-37,11,1,0,1,1,1,0,0,0,1,-96,0,11,2,840022,0,44,0,384,0,"[0,0,0,0,0,0,0,0,0,0,0,0,6,5,6,4,6,4,7,5,6,4,6,4,6,4,6,4,6,4,6,3,7,3,7,3,7,3,7,3,7,3,7,2,7,2,7,2,7,2,7,2,7,3,7,2,7,2,8,2,8,2,8,2,0,0,8,1,8,2,8,2,8,2,8,3,8,3,8,3,8,3,8,2,7,3,7,3,7,3,6,4,6,4,6,3,6,3,5,4,5,3,5,3,4,3,4,3,4,4,3,4,3,3,3,3,3,3,0,0,0,0,0,0,0,0,0,0,0,0,0,0,10,-48,2,-50,3,-50,6,-51,1,-48,1,-46,-2,-52,-3,-53,-3,-46,-4,-43,-6,-44,-5,-47,-7,-51,-7,-48,-4,-41,-15,-48,-14,-45,-14,-46,-15,-42,-13,-42,-17,-44,-13,-44,-19,-46,-17,-44,-19,-43,-16,-43,-20,-43,-20,-43,-20,-50,-21,-43,-18,-42,-25,-45,-20,-48,-23,-45,-25,-46,-19,-50,-24,-45,-21,-46,-19,-45,-20,-46,-14,-43,-12,-41,-10,-41,-13,-46,-8,-41,-6,-40,-8,-38,-9,-41,-7,-40,-5,-32,-5,-33,-2,-30,0,-32,0,-31,1,-33,1,-30,6,-27,0,0,0,0,0,0,0,0,0,0,0,0,0,0,0,0,0,0,0,0,0,0,57,1,55,3,56,7,56,8,54,14,55,11,57,13,58,18,60,16,56,17,61,20,61,25,65,24,66,28,66,28,59,31,64,28,58,35,63,30,61,37,56,39,55,42,52,36,53,39,52,44,54,34,50,34,49,38,47,33,48,33,46,32,46,29,51,34,47,30,44,26,45,25,44,22,48,22,49,21,46,20,48,19,47,13,47,17,52,16,46,15,54,14,50,13,52,7,53,10,47,8,53,10,55,3,50,7,46,4,58,6,56,6,45,-1,0,0]"
CSI_DATA,44,2a:00:00:00:00:00,-37,11,1,0,1,1,1,0,0,0,1,-96,0,11,2,851865,0,44,0,384,0,"[0,0,0,0,0,0,0,0,0,0,0,0,8,1,8,0,8,1,8,1,8,0,8,0,8,0,8,0,8,0,8,0,8,0,8,-1,8,-1,8,-1,7,-1,8,-2,8,-2,8,-2,7,-2,8,-2,8,-2,8,-2,8,-2,8,-2,8,-2,8,-3,0,0,8,-3,9,-2,8,-2,8,-3,8,-2,8,-2,9,-2,8,-2,8,-2,8,-2,8,-1,8,0,7,0,7,0,7,0,7,0,7,0,6,0,6,0,6,0,6,1,5,1,5,1,4,1,5,1,4,1,0,0,0,0,0,0,0,0,0,0,0,0,0,0,-32,-42,-35,-44,-32,-36,-35,-41,-39,-39,-33,-41,-34,-31,-37,-34,-34,-33,-34,-34,-34,-29,-37,-29,-35,-29,-37,-28,-35,-24,-40,-26,-41,-24,-41,-25,-40,-21,-38,-22,-40,-25,-42,-23,-42,-18,-41,-23,-40,-23,-41,-23,-42,-19,-44,-20,-44,-21,-48,-17,-44,-18,-47,-17,-45,-22,-45,-17,-43,-21,-43,-22,-44,-22,-48,-23,-43,-27,-39,-24,-44,-20,-40,-24,-38,-25,-38,-27,-36,-25,-32,-25,-32,-27,-30,-26,-27,-22,-23,-20,-24,-26,-20,-23,-20,-24,-21,-29,-21,-20,-23,-21,-17,-21,0,0,0,0,0,0,0,0,0,0,0,0,0,0,0,0,0,0,0,0,0,0,44,-36,44,-34,44,-35,49,-29,51,-34,50,-27,52,-24,59,-26,58,-28,57,-28,61,-27,63,-25,65,-29,62,-21,64,-17,69,-17,68,-17,69,-17,63,-19,69,-14,66,-7,70,-8,64,-6,63,-8,67,-6,67,-9,61,-6,62,-6,57,-10,59,-10,57,-11,58,-5,51,-10,52,-14,54,-11,52,-13,51,-14,52,-14,50,-18,49,-21,51,-17,46,-27,49,-25,50,-25,44,-26,44,-27,47,-28,45,-29,41,-25,45,-27,47,-27,41,-31,41,-28,38,-27,40,-34,45,-30,44,-31,0,0]"
CSI_DATA,45,2a:00:00:00:00:00,-37,11,1,0,1,1,1,0,0,0,1,-96,0,11,2,860122,0,44,0,384,0,"[0,0,0,0,0,0,0,0,0,0,0,0,5,6,5,6,6,6,6,6,5,6,5,5,6,5,6,5,6,5,6,5,6,5,6,5,6,5,6,5,6,5,7,4,7,4,7,4,7,4,7,4,7,4,7,4,7,4,7,3,8,4,7,3,0,0,8,3,8,4,8,4,8,3,7,4,8,4,7,4,7,4,7,4,7,4,6,5,6,5,6,5,6,5,5,4,5,4,5,5,4,4,4,4,4,4,3,4,3,4,3,4,2,4,2,4,2,4,0,0,0,0,0,0,0,0,0,0,0,0,0,0,8,-52,10,-42,4,-53,6,-47,6,-47,8,-45,1,-47,4,-49,6,-42,-1,-44,-3,-45,-1,-41,-4,-50,-3,-41,-3,-44,-6,-42,-5,-49,-10,-46,-8,-43,-7,-41,-9,-48,-8,-45,-13,-40,-11,-42,-11,-41,-11,-45,-12,-43,-11,-48,-14,-49,-14,-43,-14,-46,-17,-47,-15,-46,-15,-48,-12,-42,-12,-48,-13,-45,-10,-46,-11,-46,-2,-45,-11,-41,-5,-42,-4,-44,-6,-47,-2,-45,-2,-39,3,-40,1,-39,1,-36,3,-36,7,-33,0,-33,3,-31,5,-32,6,-29,5,-28,6,-24,0,0,0,0,0,0,0,0,0,0,0,0,0,0,0,0,0,0,0,0,0,0,56,3,52,4,54,9,57,13,54,12,56,15,56,16,56,15,59,19,58,17,58,26,60,28,61,25,62,31,60,34,57,35,60,32,54,36,58,35,50,32,54,36,56,40,53,39,49,40,52,35,50,37,46,38,47,35,40,39,49,36,40,30,47,36,44,34,42,30,44,31,43,28,42,25,48,22,42,21,45,24,46,20,45,17,43,16,48,19,48,18,48,16,45,13,45,13,51,11,52,15,53,14,50,11,50,13,43,12,49,11,62,7,47,7,0,0]"
CSI_DATA,46,2a:00:00:00:00:00,-37,11,1,0,1,1,1,0,0,0,1,-96,0,11,2,880993,0,44,0,384,0,"[0,0,0,0,0,0,0,0,0,0,0,0,-9,3,-8,3,-8,3,-8,3,-8,3,-8,3,-8,4,-8,4,-8,4,-7,4,-8,4,-8,4,-7,4,-7,4,-7,4,-7,5,-7,5,-7,5,-6,5,-6,5,-6,5,-6,5,-7,6,-6,6,-6,6,-7,6,0,0,-7,6,-6,6,-6,6,-7,7,-6,6,-7,6,-7,6,-7,6,-7,6,-7,5,-8,5,-7,4,-7,4,-6,4,-7,4,-7,4,-7,3,-6,3,-6,3,-6,3,-6,2,-5,2,-6,2,-5,1,-6,1,-6,1,0,0,0,0,0,0,0,0,0,0,0,0,0,0,52,7,54,8,56,3,49,5,54,5,46,0,49,-2,42,0,44,1,40,2,46,-1,45,-6,45,-9,45,-7,45,-3,47,-6,46,-8,46,-6,43,-7,46,-10,43,-10,48,-11,41,-14,46,-13,43,-11,41,-10,47,-12,44,-18,45,-15,46,-19,41,-11,43,-17,48,-16,42,-15,46,-14,45,-9,51,-14,46,-14,48,-14,47,-10,52,-9,48,-8,45,-5,40,-4,39,-3,45,-1,35,2,40,-4,31,0,35,-3,37,1,32,0,29,1,30,4,26,3,30,9,28,5,0,0,0,0,0,0,0,0,0,0,0,0,0,0,0,0,0,0,0,0,0,0,-4,56,-2,53,-6,58,-11,55,-19,58,-19,53,-11,55,-15,57,-18,61,-22,65,-28,59,-24,62,-27,63,-28,61,-30,60,-36,62,-34,57,-37,60,-31,56,-37,58,-37,53,-36,61,-40,60,-44,50,-38,52,-33,52,-39,47,-38,47,-37,48,-36,48,-37,45,-33,47,-33,45,-27,48,-29,48,-28,44,-23,46,-27,50,-22,48,-21,46,-22,46,-22,52,-20,50,-20,51,-20,50,-11,54,-9,52,-13,54,-11,51,-17,52,-15,53,-9,49,-16,53,-9,54,-14,57,-7,53,-5,51,0,0]"
CSI_DATA,47,2a:00:00:00:00:00,-37,11,1,0,1,1,1,0,0,0,1,-96,0,11,2,890039,0,44,0,384,0,"[0,0,0,0,0,0,0,0,0,0,0,0,0,-9,0,-9,-1,-9,-1,-9,-1,-9,-1,-8,-1,-8,-1,-8,-1,-9,-2,-8,-1,-9,-2,-8,-2,-9,-2,-8,-2,-8,-2,-9,-3,-8,-3,-8,-3,-8,-3,-8,-3,-8,-4,-8,-3,-9,-4,-8,-4,-9,-3,-8,0,0,-3,-9,-4,-9,-4,-9,-4,-9,-3,-9,-4,-9,-3,-9,-3,-9,-2,-9,-2,-9,-2,-9,-2,-8,-2,-8,-2,-8,-1,-8,-1,-7,-1,-8,-1,-7,0,-7,0,-6,0,-7,0,-6,0,-6,0,-6,1,-6,1,-5,0,0,0,0,0,0,0,0,0,0,0,0,0,0,-36,39,-31,35,-31,38,-30,36,-30,32,-27,38,-27,34,-33,37,-28,35,-29,35,-24,36,-24,33,-27,40,-21,38,-25,33,-19,42,-19,39,-23,40,-16,42,-20,39,-17,39,-18,38,-12,40,-17,42,-14,41,-16,41,-16,40,-13,44,-13,42,-13,46,-16,44,-19,49,-13,45,-14,48,-17,42,-20,43,-16,41,-20,42,-20,44,-22,41,-22,39,-21,35,-22,39,-22,37,-24,36,-23,31,-24,27,-24,33,-20,25,-21,22,-24,25,-19,20,-23,24,-22,23,-23,15,-23,18,-20,12,0,0,0,0,0,0,0,0,0,0,0,0,0,0,0,0,0,0,0,0,0,0,-47,-21,-47,-32,-43,-32,-43,-38,-44,-36,-46,-37,-36,-41,-45,-41,-48,-48,-38,-42,-41,-49,-46,-51,-42,-54,-45,-55,-40,-55,-33,-54,-39,-59,-31,-54,-37,-56,-28,-57,-29,-56,-27,-65,-26,-59,-30,-56,-25,-62,-27,-59,-25,-56,-22,-60,-25,-55,-26,-54,-20,-47,-22,-51,-22,-48,-20,-51,-23,-50,-26,-51,-27,-45,-28,-44,-28,-41,-34,-43,-31,-47,-33,-40,-32,-41,-36,-37,-32,-37,-27,-35,-33,-40,-34,-41,-34,-42,-36,-37,-41,-35,-39,-37,-36,-38,-32,-33,-42,-35,-45,-36,-40,-34,0,0]"
CSI_DATA,48,2a:00:00:00:00:00,-37,11,1,0,1,1,1,0,0,0,1,-96,0,11,2,901045,0,44,0,384,0,"[0,0,0,0,0,0,0,0,0,0,0,0,-8,-4,-8,-4,-8,-4,-8,-4,-8,-4,-8,-3,-8,-3,-8,-3,-8,-3,-8,-3,-8,-3,-9,-3,-8,-3,-8,-2,-8,-2,-9,-2,-8,-1,-9,-1,-9,-1,-8,-1,-9,-2,-9,-1,-9,-1,-9,-1,-9,-1,-9,-1,0,0,-9,-1,-9,-1,-9,-1,-9,-1,-9,-1,-9,-1,-9,-2,-9,-2,-9,-2,-9,-2,-9,-2,-8,-3,-8,-3,-8,-3,-8,-3,-7,-3,-7,-3,-7,-3,-6,-3,-6,-3,-6,-3,-6,-3,-5,-3,-5,-3,-5,-3,-4,-3,0,0,0,0,0,0,0,0,0,0,0,0,0,0,11,48,9,43,11,47,12,50,14,47,11,45,14,43,12,50,17,46,15,41,17,44,20,41,19,44,19,36,16,39,23,39,23,39,20,40,23,41,25,34,30,37,27,39,27,34,26,38,25,36,31,36,26,35,28,34,30,35,28,33,30,34,30,38,31,33,30,39,33,30,28,38,29,36,31,38,25,35,26,37,23,33,24,35,23,40,19,37,20,36,20,35,14,36,13,33,15,34,12,34,10,27,8,28,8,29,9,28,6,24,7,24,1,27,0,0,0,0,0,0,0,0,0,0,0,0,0,0,0,0,0,0,0,0,0,0,-52,11,-57,8,-54,6,-58,4,-54,1,-58,1,-54,0,-60,-1,-63,-1,-59,0,-65,-9,-68,-6,-67,-7,-67,-8,-64,-13,-66,-16,-68,-12,-64,-15,-66,-16,-64,-18,-61,-21,-65,-25,-61,-22,-62,-17,-62,-23,-60,-24,-56,-19,-58,-22,-50,-17,-57,-17,-48,-17,-54,-19,-50,-15,-52,-12,-51,-15,-55,-11,-49,-11,-48,-7,-53,-10,-53,-4,-49,-5,-52,-2,-52,-5,-52,2,-50,1,-53,10,-53,3,-49,3,-47,2,-50,3,-52,4,-49,6,-55,7,-47,7,-52,9,-57,8,-50,-2,0,0]"
CSI_DATA,49,2a:00:00:00:00:00,-37,11,1,0,1,1,1,0,0,0,1,-96,0,11,2,910224,0,44,0,384,0,"[0,0,0,0,0,0,0,0,0,0,0,0,-8,-6,-8,-6,-8,-6,-8,-6,-8,-6,-8,-5,-8,-5,-8,-5,-8,-5,-8,-5,-8,-4,-8,-4,-8,-4,-8,-4,-8,-4,-8,-4,-8,-3,-8,-3,-8,-3,-9,-3,-8,-4,-9,-4,-9,-3,-9,-3,-9,-3,-9,-3,0,0,-9,-3,-9,-3,-9,-3,-9,-3,-9,-4,-9,-4,-9,-4,-9,-4,-9,-4,-9,-4,-8,-4,-8,-5,-8,-5,-8,-5,-7,-4,-7,-4,-7,-5,-6,-4,-6,-4,-5,-4,-5,-4,-5,-5,-5,-5,-4,-5,-4,-4,-4,-4,0,0,0,0,0,0,0,0,0,0,0,0,0,0,-2,51,-3,40,-4,51,0,49,4,46,-1,44,-1,43,2,49,2,39,2,44,3,45,8,43,11,44,7,41,6,44,9,42,12,48,12,41,14,41,10,38,19,48,14,38,13,44,16,41,14,43,14,40,16,40,19,42,15,43,18,42,19,46,16,47,19,46,19,45,16,39,13,47,14,45,15,42,11,49,12,42,10,41,10,40,9,42,4,41,5,42,4,37,0,41,5,36,0,36,1,35,0,34,1,30,-1,30,-2,26,-2,25,-6,28,-6,24,0,0,0,0,0,0,0,0,0,0,0,0,0,0,0,0,0,0,0,0,0,0,-55,0,-55,-1,-52,-3,-61,-3,-59,-7,-58,-8,-61,-8,-54,-9,-60,-14,-59,-11,-61,-18,-60,-18,-69,-17,-67,-24,-65,-27,-59,-26,-66,-27,-58,-25,-60,-27,-62,-30,-61,-34,-59,-34,-56,-30,-58,-32,-57,-37,-59,-29,-50,-32,-53,-36,-49,-28,-52,-30,-43,-29,-51,-29,-48,-28,-50,-27,-51,-25,-49,-22,-46,-19,-49,-22,-50,-20,-49,-15,-50,-20,-51,-10,-52,-13,-52,-13,-51,-11,-45,-4,-50,-5,-49,-10,-53,-13,-51,-11,-51,-10,-54,-11,-54,-11,-47,-4,-52,-6,-59,-7,-49,-9,0,0]"
CSI_DATA,50,2a:00:00:00:00:00,-37,11,1,0,1,1,1,0,0,0,1,-96,0,11,2,920067,0,44,0,384,0,"[0,0,0,0,0,0,0,0,0,0,0,0,7,4,7,4,7,4,7,4,7,4,7,3,7,3,7,3,7,3,7,3,8,3,8,2,8,2,8,2,8,2,8,2,8,2,7,2,8,1,8,2,8,2,8,2,8,1,8,1,8,1,8,1,0,0,8,1,8,1,9,1,8,1,8,2,8,2,8,2,8,2,8,2,8,2,8,2,7,3,7,3,7,3,6,3,6,3,6,3,5,3,5,3,5,3,5,3,4,3,4,3,4,3,4,3,3,3,0,0,0,0,0,0,0,0,0,0,0,0,0,0,6,-60,3,-48,4,-54,5,-52,2,-50,1,-52,6,-51,-4,-51,-5,-49,-4,-45,-1,-47,-1,-45,-6,-48,-5,-47,-7,-45,-8,-47,-11,-50,-9,-48,-10,-49,-12,-46,-7,-44,-9,-44,-15,-45,-15,-46,-10,-45,-11,-45,-15,-43,-16,-46,-16,-46,-18,-46,-14,-44,-15,-50,-14,-48,-13,-45,-13,-45,-13,-47,-10,-48,-15,-48,-10,-51,-7,-49,-7,-45,-4,-42,0,-47,-5,-49,-4,-46,-1,-38,0,-40,3,-39,3,-38,3,-33,1,-33,4,-33,6,-29,3,-31,4,-27,6,-29,6,-25,0,0,0,0,0,0,0,0,0,0,0,0,0,0,0,0,0,0,0,0,0,0,53,-12,55,-7,50,-2,59,-1,60,0,58,5,57,10,56,8,64,12,64,8,64,9,63,10,70,6,68,15,67,19,62,22,66,25,66,27,62,25,65,35,60,33,63,31,56,28,59,28,58,26,57,27,54,31,54,32,53,31,51,31,48,27,53,26,54,28,47,25,50,26,47,21,47,19,50,15,50,17,55,12,51,16,49,12,50,11,53,8,49,9,55,5,48,8,52,8,50,7,52,8,53,4,53,5,50,5,52,4,55,5,52,8,49,2,0,0]"
CSI_DATA,51,2a:00:00:00:00:00,-37,11,1,0,1,1,1,0,0,0,1,-96,0,11,2,930339,0,44,0,384,0,"[0,0,0,0,0,0,0,0,0,0,0,0,-6,-7,-6,-7,-7,-7,-6,-7,-6,-7,-6,-7,-7,-6,-7,-6,-7,-6,-7,-6,-7,-6,-7,-6,-7,-6,-7,-6,-7,-6,-7,-5,-7,-5,-7,-5,-8,-5,-8,-5,-8,-5,-8,-5,-8,-5,-8,-5,-8,-5,-8,-5,0,0,-8,-5,-8,-5,-9,-5,-8,-5,-8,-5,-8,-5,-8,-6,-8,-5,-8,-5,-7,-5,-7,-6,-7,-6,-6,-6,-6,-6,-6,-6,-6,-6,-5,-6,-5,-5,-5,-5,-4,-5,-4,-5,-4,-6,-4,-5,-3,-5,-3,-5,-3,-5,0,0,0,0,0,0,0,0,0,0,0,0,0,0,-13,57,-10,46,-5,51,-10,47,-4,47,-1,50,-7,47,-5,49,-4,48,4,46,4,45,2,42,2,47,4,44,4,43,5,47,4,48,9,46,4,45,10,42,7,46,11,40,13,43,14,43,12,43,11,43,12,38,13,42,10,44,11,45,14,44,14,49,14,47,16,47,14,42,11,43,16,43,12,45,10,45,11,43,9,40,4,48,4,49,5,41,0,43,-2,39,-1,37,0,37,1,34,-1,29,-5,31,-1,35,0,36,-7,29,-6,28,-5,23,-9,25,0,0,0,0,0,0,0,0,0,0,0,0,0,0,0,0,0,0,0,0,0,0,-56,-7,-54,-14,-51,-14,-54,-15,-51,-22,-54,-20,-51,-22,-55,-22,-60,-28,-54,-24,-57,-33,-57,-29,-61,-31,-59,-34,-58,-33,-53,-37,-60,-42,-53,-43,-58,-38,-54,-47,-54,-39,-56,-41,-51,-38,-52,-44,-44,-43,-47,-39,-43,-46,-45,-43,-40,-35,-47,-41,-42,-36,-46,-38,-46,-32,-44,-33,-44,-32,-44,-26,-44,-30,-41,-30,-47,-27,-48,-23,-45,-24,-47,-22,-46,-21,-49,-18,-48,-21,-51,-12,-50,-16,-46,-13,-51,-17,-50,-17,-47,-14,-51,-10,-53,-14,-45,-9,-51,-13,-56,-9,-50,-10,0,0]"
CSI_DATA,52,2a:00:00:00:00:00,-37,11,1,0,1,1,1,0,0,0,1,-96,0,11,2,940034,0,44,0,384,0,"[0,0,0,0,0,0,0,0,0,0,0,0,-9,0,-9,0,-9,1,-9,0,-9,1,-9,1,-9,1,-9,1,-9,2,-8,1,-9,1,-9,2,-8,2,-8,2,-8,2,-8,3,-8,3,-8,3,-8,3,-8,3,-8,3,-8,3,-8,3,-8,4,-8,3,-8,4,0,0,-8,4,-8,4,-8,4,-8,4,-8,3,-8,3,-8,3,-8,3,-9,3,-8,3,-9,3,-8,2,-8,2,-7,2,-8,2,-8,2,-7,1,-7,1,-7,1,-7,1,-7,0,-6,0,-6,0,-6,0,-6,0,-6,-1,0,0,0,0,0,0,0,0,0,0,0,0,0,0,39,28,36,30,41,29,39,25,43,26,38,27,39,22,40,27,39,24,37,24,42,19,39,17,46,20,41,21,41,14,42,18,41,13,40,12,39,16,44,13,46,13,45,10,44,10,43,6,44,8,44,5,48,7,45,5,46,7,44,6,45,5,45,3,45,8,46,5,44,6,42,11,44,9,46,12,49,9,48,8,45,7,46,16,40,12,38,12,33,13,40,15,34,11,35,14,32,12,31,15,26,13,29,13,27,15,28,13,23,16,24,13,22,14,0,0,0,0,0,0,0,0,0,0,0,0,0,0,0,0,0,0,0,0,0,0,-32,42,-36,35,-39,40,-42,37,-48,31,-44,39,-47,36,-50,32,-50,35,-52,33,-53,34,-53,31,-57,36,-60,34,-58,28,-59,29,-59,28,-63,24,-60,26,-63,24,-64,24,-63,26,-69,21,-60,24,-61,19,-59,25,-58,17,-55,16,-59,17,-59,18,-51,21,-51,22,-52,20,-51,20,-48,23,-44,25,-45,24,-44,28,-42,28,-42,26,-41,27,-40,29,-38,33,-41,34,-38,32,-32,36,-38,32,-33,36,-35,35,-37,37,-38,39,-34,42,-33,37,-35,38,-38,37,-31,41,-39,44,0,0]"
CSI_DATA,53,2a:00:00:00:00:00,-37,11,1,0,1,1,1,0,0,0,1,-96,0,11,2,950420,0,44,0,384,0,"[0,0,0,0,0,0,0,0,0,0,0,0,-2,-10,-2,-9,-3,-9,-3,-9,-3,-9,-3,-9,-3,-8,-3,-9,-3,-9,-3,-9,-3,-9,-4,-8,-4,-8,-4,-8,-4,-8,-4,-8,-4,-8,-4,-8,-5,-8,-5,-8,-5,-8,-5,-8,-5,-8,-5,-8,-5,-8,-5,-8,0,0,-5,-8,-5,-9,-6,-8,-5,-8,-5,-8,-5,-8,-5,-9,-5,-8,-4,-8,-4,-8,-4,-9,-3,-9,-3,-8,-3,-8,-3,-8,-2,-7,-2,-8,-2,-7,-2,-7,-2,-6,-1,-6,-1,-7,-1,-6,-1,-6,0,-6,0,-5,0,0,0,0,0,0,0,0,0,0,0,0,0,0,-44,30,-40,32,-36,30,-40,36,-35,36,-34,31,-31,32,-36,33,-33,33,-27,33,-31,33,-31,33,-24,37,-29,40,-29,33,-21,37,-20,39,-19,40,-22,36,-24,39,-22,41,-21,44,-17,40,-19,42,-15,39,-17,42,-17,41,-14,47,-18,43,-17,43,-15,45,-16,45,-15,43,-14,44,-19,41,-24,42,-19,44,-18,44,-17,46,-20,41,-23,42,-22,38,-21,38,-21,36,-18,32,-27,41,-24,33,-22,33,-19,22,-19,27,-19,26,-20,22,-20,23,-23,24,-21,20,-24,18,-21,10,0,0,0,0,0,0,0,0,0,0,0,0,0,0,0,0,0,0,0,0,0,0,-29,-46,-27,-46,-27,-46,-22,-47,-26,-52,-23,-48,-23,-54,-18,-59,-23,-58,-22,-59,-19,-58,-23,-60,-20,-63,-20,-65,-14,-59,-14,-65,-13,-69,-10,-68,-13,-66,-7,-66,-7,-71,-9,-65,-7,-68,-9,-63,-5,-65,-12,-62,-6,-60,-6,-59,-6,-61,-7,-56,-7,-55,-8,-55,-11,-54,-9,-50,-9,-51,-14,-50,-17,-51,-20,-50,-15,-48,-19,-47,-21,-49,-25,-47,-24,-46,-23,-46,-23,-43,-28,-44,-24,-45,-24,-47,-29,-44,-32,-41,-35,-47,-34,-42,-27,-43,-33,-42,-32,-42,-28,-42,-34,-42,0,0]"
CSI_DATA,54,2a:00:00:00:00:00,-37,11,1,0,1,1,1,0,0,0,1,-96,0,11,2,960062,0,44,0,384,0,"[0,0,0,0,0,0,0,0,0,0,0,0,-3,-8,-4,-8,-4,-8,-4,-8,-4,-8,-4,-8,-4,-8,-4,-7,-4,-7,-4,-8,-4,-8,-5,-7,-5,-8,-5,-7,-5,-7,-5,-7,-5,-7,-5,-7,-6,-7,-6,-7,-5,-7,-6,-7,-5,-7,-6,-7,-6,-7,-6,-7,0,0,-6,-7,-6,-7,-6,-7,-6,-7,-6,-7,-6,-7,-6,-8,-6,-7,-5,-8,-5,-7,-5,-7,-4,-8,-4,-8,-4,-7,-3,-7,-3,-7,-3,-7,-3,-6,-2,-6,-2,-6,-2,-6,-2,-6,-2,-6,-1,-6,-1,-5,-1,-5,0,0,0,0,0,0,0,0,0,0,0,0,0,0,-25,48,-21,39,-19,46,-20,46,-21,39,-19,44,-23,43,-18,45,-14,41,-16,37,-13,39,-13,39,-7,44,-13,39,-13,39,-12,40,-9,41,-6,42,-7,41,-10,41,-6,43,-11,41,-2,44,-3,46,-1,43,-4,45,-5,42,-5,41,-6,40,-3,48,-5,43,-5,47,-1,43,-4,47,-2,45,-8,48,-3,47,-3,47,-6,46,-9,42,-12,43,-10,39,-14,40,-11,38,-13,38,-15,34,-14,32,-15,36,-16,31,-12,28,-14,33,-14,27,-15,26,-15,22,-14,25,-17,21,-17,18,0,0,0,0,0,0,0,0,0,0,0,0,0,0,0,0,0,0,0,0,0,0,-49,-21,-48,-23,-46,-22,-51,-29,-47,-26,-46,-33,-50,-29,-48,-32,-52,-31,-46,-37,-47,-43,-45,-43,-52,-41,-49,-43,-46,-44,-44,-45,-49,-47,-44,-50,-44,-52,-44,-47,-42,-49,-41,-53,-40,-49,-35,-49,-35,-54,-33,-46,-33,-53,-35,-49,-32,-46,-35,-49,-33,-43,-36,-47,-31,-42,-34,-38,-38,-39,-35,-34,-35,-34,-38,-37,-36,-36,-41,-32,-34,-34,-38,-30,-42,-33,-45,-28,-39,-29,-41,-23,-42,-30,-41,-25,-42,-24,-46,-23,-42,-30,-47,-25,-47,-29,-40,-24,-47,-22,-48,-23,-49,-29,0,0]"
CSI_DATA,55,2a:00:00:00:00:00,-37,11,1,0,1,1,1,0,0,0,1,-96,0,11,2,970049,0,44,0,384,0,"[0,0,0,0,0,0,0,0,0,0,0,0,6,-7,6,-7,6,-7,6,-7,5,-7,6,-7,5,-7,5,-7,5,-7,5,-7,5,-7,5,-8,4,-7,4,-7,4,-7,4,-8,4,-8,4,-7,3,-8,4,-8,4,-8,3,-8,4,-8,3,-8,4,-8,4,-8,0,0,4,-9,4,-9,4,-8,4,-9,4,-8,4,-8,4,-8,4,-8,5,-8,5,-8,5,-8,5,-7,5,-7,4,-6,5,-6,5,-6,4,-5,5,-5,5,-5,5,-4,5,-4,4,-4,4,-4,4,-4,4,-3,4,-3,0,0,0,0,0,0,0,0,0,0,0,0,0,0,-51,0,-54,-2,-58,1,-50,-2,-50,-1,-47,4,-49,4,-53,7,-48,5,-45,3,-48,7,-44,10,-45,11,-45,9,-47,10,-42,10,-39,9,-45,10,-43,13,-41,16,-41,18,-43,13,-45,15,-41,18,-44,17,-41,15,-38,11,-40,23,-43,18,-44,20,-46,22,-43,20,-43,21,-43,20,-44,20,-42,17,-42,17,-42,16,-43,13,-45,18,-46,12,-41,9,-41,9,-42,13,-44,9,-42,6,-39,4,-37,3,-38,6,-39,1,-31,0,-32,1,-25,3,-30,-2,-27,-3,-29,-2,-24,-7,0,0,0,0,0,0,0,0,0,0,0,0,0,0,0,0,0,0,0,0,0,0,-2,-55,0,-50,4,-55,5,-54,8,-55,12,-57,10,-55,15,-57,14,-60,17,-58,20,-60,19,-63,20,-64,27,-64,25,-63,25,-62,26,-65,27,-61,33,-61,34,-59,32,-57,29,-56,33,-60,33,-57,31,-53,31,-54,32,-50,31,-51,28,-54,29,-54,22,-49,24,-47,27,-48,25,-47,23,-50,21,-50,19,-46,18,-49,19,-46,10,-50,12,-51,7,-51,9,-51,10,-52,10,-49,5,-56,9,-52,9,-50,5,-55,11,-53,2,-52,2,-54,6,-53,-1,-47,2,-55,0,-56,3,-52,0,0]"
CSI_DATA,56,2a:00:00:00:00:00,-37,11,1,0,1,1,1,0,0,0,1,-96,0,11,2,981086,0,44,0,384,0,"[0,0,0,0,0,0,0,0,0,0,0,0,-6,-7,-6,-7,-6,-7,-6,-7,-7,-7,-6,-7,-6,-6,-7,-6,-6,-6,-7,-6,-7,-6,-7,-6,-7,-6,-7,-6,-8,-6,-8,-5,-7,-5,-7,-5,-8,-5,-8,-5,-8,-5,-8,-5,-8,-4,-9,-4,-9,-5,-8,-4,0,0,-8,-4,-9,-5,-9,-5,-8,-5,-8,-5,-9,-5,-9,-6,-8,-5,-8,-5,-8,-5,-7,-5,-7,-6,-7,-6,-7,-6,-6,-6,-6,-6,-6,-6,-5,-5,-5,-5,-5,-5,-4,-5,-4,-5,-4,-5,-4,-5,-3,-5,-3,-5,0,0,0,0,0,0,0,0,0,0,0,0,0,0,-8,48,-10,55,-5,51,-9,48,-6,53,-4,49,-1,43,-1,45,2,47,-3,48,0,45,3,41,6,48,2,45,2,45,8,44,7,49,6,43,6,44,11,40,9,46,12,42,16,42,12,45,10,43,14,47,16,43,17,40,16,40,17,41,13,45,19,43,13,45,17,42,17,43,10,44,16,45,17,43,19,46,11,46,9,40,5,46,10,46,7,45,5,47,5,35,-2,36,1,35,-4,35,-1,36,0,34,-3,32,-5,32,-2,34,-6,31,-6,24,-9,23,0,0,0,0,0,0,0,0,0,0,0,0,0,0,0,0,0,0,0,0,0,0,-56,-8,-57,-9,-53,-10,-55,-17,-55,-18,-58,-18,-56,-21,-58,-16,-58,-20,-55,-26,-58,-30,-60,-29,-64,-27,-61,-33,-60,-35,-55,-35,-61,-38,-55,-38,-62,-38,-51,-37,-50,-42,-58,-45,-52,-42,-49,-36,-47,-46,-52,-38,-45,-39,-49,-40,-44,-37,-44,-37,-42,-34,-44,-34,-45,-33,-43,-34,-45,-32,-45,-28,-47,-23,-43,-28,-44,-24,-52,-21,-48,-24,-46,-17,-50,-22,-50,-17,-49,-16,-49,-8,-49,-15,-48,-12,-45,-9,-52,-16,-54,-8,-51,-10,-56,-12,-45,-10,-57,-7,-53,-9,-57,-12,0,0]"
CSI_DATA,57,2a:00:00:00:00:00,-37,11,1,0,1,1,1,0,0,0,1,-96,0,11,2,1010431,0,44,0,384,0,"[0,0,0,0,0,0,0,0,0,0,0,0,-8,-6,-8,-5,-8,-5,-8,-6,-8,-5,-8,-5,-8,-4,-8,-4,-8,-4,-8,-4,-8,-4,-8,-4,-8,-4,-8,-4,-8,-4,-9,-3,-9,-3,-8,-3,-9,-3,-9,-3,-9,-3,-9,-3,-8,-3,-9,-3,-9,-3,-9,-2,0,0,-9,-2,-9,-3,-10,-3,-9,-3,-9,-3,-9,-3,-9,-3,-9,-3,-9,-3,-9,-3,-8,-4,-8,-5,-8,-5,-8,-5,-7,-4,-7,-4,-7,-5,-6,-4,-6,-4,-6,-4,-6,-4,-5,-5,-5,-5,-4,-5,-4,-4,-4,-4,0,0,0,0,0,0,0,0,0,0,0,0,0,0,12,53,9,51,15,50,8,50,8,44,14,46,14,44,15,48,18,46,17,39,16,38,20,39,16,43,16,40,21,38,22,39,24,42,25,43,23,36,24,38,23,37,24,33,29,34,28,38,26,38,26,37,26,32,32,34,29,35,28,38,27,41,31,36,29,38,29,38,27,34,26,41,31,42,29,40,24,40,23,40,24,41,23,38,17,39,21,41,13,37,17,36,12,34,13,34,10,33,9,33,14,31,9,33,5,33,6,30,5,28,5,25,-4,22,0,0,0,0,0,0,0,0,0,0,0,0,0,0,0,0,0,0,0,0,0,0,-56,10,-54,7,-54,3,-58,5,-56,1,-60,0,-57,-5,-59,-7,-66,-4,-61,-6,-68,-10,-66,-8,-69,-8,-66,-12,-66,-17,-63,-21,-68,-22,-67,-21,-68,-15,-65,-26,-66,-22,-66,-27,-62,-29,-63,-20,-59,-25,-57,-26,-55,-26,-60,-23,-55,-23,-55,-22,-52,-22,-55,-18,-54,-16,-51,-17,-53,-15,-52,-13,-53,-9,-53,-8,-51,-10,-53,-6,-49,-5,-49,-1,-51,-4,-51,0,-51,0,-49,4,-53,4,-50,2,-51,6,-53,6,-51,4,-49,5,-54,8,-50,10,-56,9,-56,5,-57,9,0,0]"
CSI_DATA,58,2a:00:00:00:00:00,-37,11,1,0,1,1,1,0,0,0,1,-96,0,11,2,1030036,0,44,0,384,0,"[0,0,0,0,0,0,0,0,0,0,0,0,2,-9,1,-9,1,-9,1,-9,1,-9,1,-8,0,-9,0,-9,0,-9,0,-9,0,-9,0,-9,0,-9,-1,-9,-1,-8,-1,-9,-1,-8,-1,-9,-2,-8,-2,-9,-2,-9,-2,-9,-1,-9,-2,-9,-2,-9,-2,-9,0,0,-2,-9,-2,-10,-3,-9,-2,-10,-2,-9,-2,-10,-2,-10,-1,-9,-1,-10,-1,-9,0,-9,0,-9,0,-9,0,-8,0,-8,0,-8,0,-8,0,-7,1,-7,1,-6,1,-6,1,-6,1,-6,1,-6,2,-5,2,-5,0,0,0,0,0,0,0,0,0,0,0,0,0,0,-38,28,-45,28,-37,32,-37,29,-37,32,-34,30,-31,33,-36,33,-33,35,-35,32,-33,33,-29,32,-29,33,-30,30,-33,29,-27,35,-27,33,-22,36,-28,33,-21,38,-23,39,-24,38,-22,38,-20,34,-22,40,-17,42,-19,37,-19,43,-22,42,-19,43,-20,42,-22,46,-18,41,-19,45,-17,46,-23,43,-20,42,-26,43,-22,43,-25,39,-23,35,-26,36,-27,36,-29,34,-28,35,-22,31,-24,29,-25,28,-27,24,-28,27,-25,20,-22,19,-20,24,-24,17,-20,18,-26,16,-23,16,0,0,0,0,0,0,0,0,0,0,0,0,0,0,0,0,0,0,0,0,0,0,-27,-44,-25,-47,-26,-50,-26,-53,-24,-53,-21,-51,-21,-52,-19,-55,-23,-57,-18,-57,-17,-60,-17,-61,-16,-67,-14,-67,-14,-66,-14,-60,-13,-69,-12,-65,-10,-66,-8,-68,-3,-65,-6,-67,-2,-68,-4,-63,4,-64,-1,-60,0,-59,-2,-60,-3,-53,-5,-58,-5,-54,-3,-57,-3,-55,-9,-49,-7,-56,-10,-54,-10,-46,-13,-50,-11,-50,-15,-45,-14,-45,-21,-46,-22,-48,-19,-45,-20,-44,-23,-48,-27,-45,-25,-44,-26,-42,-26,-44,-28,-44,-28,-44,-28,-49,-27,-39,-31,-42,-31,-42,-29,-42,0,0]"
CSI_DATA,59,2a:00:00:00:00:00,-37,11,1,0,1,1,1,0,0,0,1,-96,0,11,2,1040478,0,44,0,384,0,"[0,0,0,0,0,0,0,0,0,0,0,0,8,-4,8,-5,7,-4,7,-5,7,-5,7,-5,7,-5,6,-5,7,-5,6,-5,7,-5,6,-6,6,-6,6,-6,6,-6,6,-7,6,-7,5,-6,5,-7,5,-7,5,-7,5,-7,5,-7,5,-7,5,-7,5,-8,0,0,5,-8,5,-7,6,-8,5,-7,5,-7,5,-7,6,-7,6,-7,6,-7,6,-7,6,-6,6,-6,6,-6,6,-5,6,-5,6,-5,5,-4,5,-4,5,-4,5,-4,5,-3,5,-3,5,-3,5,-3,5,-2,5,-2,0,0,0,0,0,0,0,0,0,0,0,0,0,0,-39,-31,-40,-24,-42,-22,-45,-23,-42,-25,-42,-22,-41,-20,-43,-19,-43,-18,-41,-21,-41,-18,-43,-16,-40,-17,-40,-10,-45,-16,-42,-13,-45,-12,-47,-8,-41,-8,-44,-7,-49,-6,-47,-6,-45,-6,-46,-7,-46,-4,-43,-4,-45,-3,-49,-4,-46,-7,-49,0,-45,-1,-50,-1,-48,-4,-48,0,-47,-2,-48,-9,-44,-6,-45,-7,-42,-12,-44,-12,-46,-10,-45,-7,-46,-18,-45,-10,-40,-12,-39,-17,-34,-13,-34,-13,-31,-12,-33,-19,-29,-17,-30,-14,-26,-18,-28,-13,-23,-17,-19,-17,-20,-18,0,0,0,0,0,0,0,0,0,0,0,0,0,0,0,0,0,0,0,0,0,0,27,-47,31,-45,36,-42,38,-44,35,-41,37,-43,40,-37,41,-40,46,-40,44,-39,49,-44,48,-42,49,-43,53,-41,55,-39,56,-34,56,-37,56,-36,58,-35,56,-30,61,-27,63,-26,57,-27,58,-29,56,-28,56,-32,55,-25,54,-25,51,-22,53,-25,47,-24,52,-28,49,-28,44,-22,42,-28,45,-27,43,-26,38,-35,42,-32,38,-31,40,-30,33,-39,36,-33,39,-39,32,-42,37,-39,35,-38,33,-37,35,-41,34,-40,33,-40,31,-40,34,-41,25,-40,29,-42,32,-45,26,-48,0,0]"
CSI_DATA,60,2a:00:00:00:00:00,-37,11,1,0,1,1,1,0,0,0,1,-96,0,11,2,1050884,0,44,0,384,0,"[0,0,0,0,0,0,0,0,0,0,0,0,4,7,4,7,5,7,4,7,4,7,4,6,4,6,5,6,5,6,5,6,5,6,5,5,5,6,5,6,5,5,6,5,6,5,5,5,6,5,6,5,6,5,6,5,6,5,7,5,7,5,6,5,0,0,7,5,7,5,7,5,7,5,6,5,7,6,7,6,6,6,5,6,5,6,5,6,5,6,5,6,5,6,4,5,3,6,4,6,3,5,3,5,3,5,2,5,2,5,2,5,2,5,1,5,1,4,0,0,0,0,0,0,0,0,0,0,0,0,0,0,9,-49,9,-44,9,-49,5,-50,1,-53,3,-46,4,-47,-1,-45,0,-47,-3,-46,-3,-42,-3,-44,-6,-44,-5,-47,-3,-44,-7,-45,-9,-42,-8,-46,-9,-47,-12,-42,-14,-46,-10,-44,-14,-43,-16,-44,-13,-45,-17,-43,-14,-46,-13,-46,-17,-46,-18,-46,-12,-44,-16,-47,-13,-45,-20,-44,-16,-44,-12,-43,-17,-44,-16,-48,-13,-47,-10,-47,-10,-45,-7,-43,-5,-44,-6,-45,-10,-45,-4,-40,-1,-41,-4,-36,-1,-36,-1,-36,4,-34,6,-30,0,-31,3,-33,0,-30,3,-25,9,-26,0,0,0,0,0,0,0,0,0,0,0,0,0,0,0,0,0,0,0,0,0,0,55,9,52,13,52,16,55,15,48,19,47,22,52,21,50,23,52,26,53,25,55,30,54,32,53,32,61,36,55,40,52,36,55,40,48,40,50,40,52,39,50,42,52,42,45,43,44,41,44,42,47,41,41,41,42,41,38,40,43,42,40,37,39,35,39,31,43,32,44,31,43,29,43,27,38,28,43,28,46,23,49,23,43,19,42,23,47,19,46,19,42,13,44,14,48,14,52,11,51,18,47,18,55,10,55,16,50,10,49,14,53,13,53,1,0,0]"
CSI_DATA,61,2a:00:00:00:00:00,-37,11,1,0,1,1,1,0,0,0,1,-96,0,11,2,1060274,0,44,0,384,0,"[0,0,0,0,0,0,0,0,0,0,0,0,-2,-9,-2,-9,-2,-9,-2,-9,-3,-9,-2,-8,-3,-8,-3,-8,-3,-8,-4,-8,-3,-8,-4,-8,-4,-8,-4,-8,-4,-8,-5,-8,-4,-8,-4,-8,-5,-8,-5,-8,-5,-8,-5,-8,-5,-8,-6,-8,-6,-8,-5,-8,0,0,-6,-8,-6,-8,-6,-8,-5,-8,-6,-8,-6,-8,-6,-8,-5,-8,-5,-8,-4,-8,-4,-8,-4,-9,-4,-8,-4,-8,-3,-8,-3,-8,-3,-8,-2,-7,-2,-7,-2,-7,-2,-7,-2,-7,-1,-6,-1,-6,-1,-6,0,-6,0,0,0,0,0,0,0,0,0,0,0,0,0,0,-28,42,-30,35,-24,43,-21,38,-24,44,-22,44,-18,42,-21,44,-20,41,-17,42,-16,42,-17,39,-15,45,-10,40,-16,40,-10,43,-7,45,-4,42,-7,40,-10,44,-5,43,-9,43,-4,45,-10,43,-5,45,-9,44,-8,48,-2,44,0,45,0,43,-3,47,-3,49,-5,45,-1,47,-4,46,-7,50,-8,44,-5,44,-11,45,-10,45,-12,44,-11,42,-8,42,-13,41,-11,41,-16,35,-15,37,-17,31,-17,28,-18,31,-16,28,-13,29,-15,28,-19,27,-14,24,-17,18,-17,19,0,0,0,0,0,0,0,0,0,0,0,0,0,0,0,0,0,0,0,0,0,0,-45,-24,-45,-29,-43,-28,-45,-36,-42,-33,-41,-38,-44,-39,-42,-41,-43,-41,-39,-43,-43,-44,-41,-46,-48,-49,-43,-51,-39,-54,-34,-54,-39,-56,-39,-56,-38,-57,-33,-56,-32,-57,-32,-59,-31,-57,-31,-57,-30,-56,-30,-55,-26,-59,-27,-57,-28,-51,-30,-57,-25,-48,-30,-51,-24,-52,-30,-45,-27,-48,-28,-45,-33,-40,-31,-42,-33,-39,-38,-36,-37,-37,-35,-36,-35,-36,-40,-36,-37,-39,-35,-30,-41,-36,-42,-34,-39,-33,-42,-29,-41,-28,-45,-27,-41,-36,-43,-29,-44,-27,-46,-30,-48,-29,0,0]"
CSI_DATA,62,2a:00:00:00:00:00,-37,11,1,0,1,1,1,0,0,0,1,-96,0,11,2,1090036,0,44,0,384,0,"[0,0,0,0,0,0,0,0,0,0,0,0,0,-9,0,-9,-1,-9,0,-9,-1,-9,0,-9,-1,-9,-1,-9,-1,-8,-2,-8,-1,-9,-2,-8,-2,-8,-2,-8,-2,-9,-2,-8,-3,-8,-2,-8,-3,-9,-3,-8,-3,-8,-3,-8,-3,-8,-4,-8,-4,-9,-3,-8,0,0,-4,-9,-4,-9,-4,-9,-3,-8,-3,-9,-3,-9,-3,-9,-3,-9,-2,-9,-2,-9,-2,-9,-2,-9,-2,-8,-1,-9,-1,-8,-1,-8,-1,-8,0,-7,0,-7,0,-6,0,-6,0,-6,0,-6,0,-6,1,-5,1,-5,0,0,0,0,0,0,0,0,0,0,0,0,0,0,-39,38,-35,39,-29,40,-34,39,-30,40,-23,35,-25,43,-23,41,-27,43,-25,35,-24,38,-22,43,-24,41,-21,42,-21,40,-17,40,-18,45,-14,44,-14,43,-15,45,-12,44,-14,48,-7,43,-11,42,-12,44,-12,45,-10,45,-6,44,-13,49,-8,47,-11,44,-7,45,-9,47,-8,42,-12,50,-14,46,-12,49,-14,49,-13,47,-10,43,-16,45,-16,42,-19,45,-20,41,-21,37,-20,37,-21,31,-20,36,-20,28,-18,30,-16,27,-20,24,-20,26,-21,22,-23,24,-21,19,-20,20,0,0,0,0,0,0,0,0,0,0,0,0,0,0,0,0,0,0,0,0,0,0,-42,-34,-36,-34,-38,-42,-37,-40,-37,-44,-32,-42,-34,-44,-32,-46,-35,-49,-35,-51,-38,-57,-35,-57,-34,-57,-32,-62,-26,-54,-29,-66,-30,-58,-25,-66,-28,-59,-23,-58,-19,-57,-23,-66,-20,-65,-21,-61,-19,-65,-19,-61,-16,-61,-17,-59,-17,-58,-20,-55,-17,-54,-19,-51,-17,-52,-25,-45,-22,-48,-25,-44,-27,-51,-26,-47,-29,-44,-26,-42,-27,-43,-30,-45,-30,-43,-34,-46,-30,-40,-32,-37,-35,-42,-36,-36,-38,-38,-42,-38,-35,-40,-42,-35,-36,-38,-37,-37,-42,-37,-39,-36,-42,-35,0,0]"
CSI_DATA,63,2a:00:00:00:00:00,-37,11,1,0,1,1,1,0,0,0,1,-96,0,11,2,1110172,0,44,0,384,0,"[0,0,0,0,0,0,0,0,0,0,0,0,-2,-10,-2,-9,-3,-9,-3,-10,-3,-9,-3,-9,-3,-9,-3,-9,-3,-9,-4,-8,-4,-9,-4,-8,-4,-8,-5,-8,-5,-8,-5,-8,-5,-8,-5,-8,-6,-8,-5,-8,-5,-8,-6,-8,-5,-8,-6,-8,-6,-8,-6,-8,0,0,-6,-8,-6,-8,-7,-9,-6,-8,-6,-8,-6,-9,-6,-9,-5,-9,-5,-9,-5,-8,-4,-8,-4,-9,-4,-9,-4,-9,-3,-8,-3,-8,-3,-8,-3,-7,-2,-7,-2,-7,-2,-7,-1,-7,-1,-6,-1,-6,-1,-6,0,-5,0,0,0,0,0,0,0,0,0,0,0,0,0,0,-31,40,-33,35,-31,47,-25,42,-26,42,-27,43,-24,41,-25,44,-20,38,-22,40,-17,44,-19,40,-16,42,-16,41,-18,40,-19,45,-14,43,-15,44,-15,40,-11,43,-8,44,-10,44,-7,44,-6,42,-7,44,-7,45,-12,46,-5,48,-6,46,-8,42,-9,45,-9,47,-5,46,-3,51,-5,48,-11,50,-5,46,-7,49,-9,48,-13,44,-12,42,-17,45,-13,44,-12,38,-16,40,-16,36,-15,39,-20,38,-20,31,-20,29,-15,29,-17,27,-13,28,-19,24,-15,25,-16,15,-18,15,0,0,0,0,0,0,0,0,0,0,0,0,0,0,0,0,0,0,0,0,0,0,-39,-34,-37,-38,-38,-35,-37,-44,-35,-40,-35,-42,-37,-40,-34,-41,-39,-48,-37,-47,-29,-54,-36,-55,-35,-56,-30,-54,-29,-59,-28,-56,-32,-64,-23,-58,-27,-59,-28,-59,-20,-58,-28,-62,-20,-58,-20,-57,-19,-60,-22,-56,-16,-59,-15,-58,-20,-52,-20,-54,-16,-52,-22,-55,-26,-51,-22,-48,-27,-51,-26,-45,-25,-41,-27,-44,-26,-44,-29,-45,-32,-45,-31,-36,-33,-46,-32,-40,-33,-41,-39,-33,-34,-36,-38,-32,-38,-30,-40,-35,-36,-37,-41,-37,-45,-35,-38,-37,-47,-37,-46,-33,-39,-30,0,0]"
CSI_DATA,64,2a:00:00:00:00:00,-37,11,1,0,1,1,1,0,0,0,1,-96,0,11,2,1121204,0,44,0,384,0,"[0,0,0,0,0,0,0,0,0,0,0,0,-9,-3,-9,-2,-9,-2,-9,-3,-9,-3,-8,-2,-9,-1,-9,-1,-9,-1,-9,-2,-9,-1,-9,-1,-9,-1,-9,-1,-8,-1,-9,0,-8,0,-9,0,-9,0,-9,0,-9,0,-9,0,-9,1,-9,1,-9,0,-9,1,0,0,-9,1,-10,0,-9,1,-9,1,-9,0,-9,0,-9,0,-9,0,-9,0,-9,0,-9,0,-9,-1,-9,-1,-8,-2,-8,-1,-8,-1,-8,-2,-7,-2,-7,-2,-7,-2,-7,-2,-6,-3,-6,-3,-5,-3,-5,-3,-5,-3,0,0,0,0,0,0,0,0,0,0,0,0,0,0,24,47,27,45,32,43,27,43,26,38,24,41,28,34,32,36,28,34,32,31,30,31,29,33,34,31,26,29,30,32,33,29,36,34,30,28,32,25,34,23,40,27,32,25,35,22,39,23,37,26,37,25,38,24,43,21,38,27,41,22,41,22,41,23,40,25,42,23,42,23,40,31,40,26,37,28,43,30,38,24,34,25,34,29,36,34,31,25,24,31,26,30,26,31,26,30,21,25,21,26,20,26,18,26,15,27,12,28,15,27,10,26,11,19,0,0,0,0,0,0,0,0,0,0,0,0,0,0,0,0,0,0,0,0,0,0,-47,29,-43,29,-45,25,-47,25,-50,18,-52,22,-51,23,-54,19,-56,20,-58,21,-62,14,-64,14,-66,14,-65,10,-64,9,-65,9,-67,13,-66,4,-67,7,-65,5,-69,1,-64,4,-64,3,-64,0,-65,-2,-63,2,-59,-4,-57,1,-60,0,-61,0,-55,2,-57,5,-56,6,-51,3,-53,7,-51,5,-50,11,-52,13,-49,10,-50,11,-49,13,-51,14,-50,16,-52,18,-46,15,-53,17,-49,19,-45,25,-48,18,-46,22,-47,17,-48,23,-44,20,-47,27,-47,24,-47,26,-49,23,0,0]"
CSI_DATA,65,2a:00:00:00:00:00,-37,11,1,0,1,1,1,0,0,0,1,-96,0,11,2,1140210,0,44,0,384,0,"[0,0,0,0,0,0,0,0,0,0,0,0,7,4,7,3,7,3,7,3,7,3,7,3,7,2,7,2,7,2,7,2,7,2,7,2,7,2,7,2,7,1,8,1,7,1,7,0,7,0,7,0,8,0,8,0,7,0,8,0,8,0,8,0,0,0,8,0,8,0,8,0,8,0,8,0,8,0,8,0,8,1,8,1,8,1,8,1,7,2,7,2,6,2,6,2,6,2,6,2,5,2,5,2,5,2,5,2,4,2,4,2,4,2,4,2,3,2,0,0,0,0,0,0,0,0,0,0,0,0,0,0,-15,-52,-16,-55,-21,-48,-19,-48,-15,-44,-19,-43,-22,-45,-19,-45,-21,-39,-20,-41,-20,-39,-20,-37,-24,-38,-27,-40,-24,-36,-22,-37,-22,-37,-25,-37,-28,-35,-32,-31,-30,-37,-27,-35,-26,-33,-31,-33,-29,-33,-31,-38,-33,-33,-32,-37,-33,-34,-35,-31,-39,-35,-35,-32,-31,-33,-36,-35,-32,-31,-27,-35,-29,-32,-33,-35,-28,-39,-30,-35,-28,-39,-24,-37,-26,-34,-27,-37,-23,-39,-18,-35,-19,-30,-18,-35,-18,-27,-19,-29,-10,-29,-12,-28,-11,-32,-8,-29,-10,-30,-7,-28,-6,-22,0,0,0,0,0,0,0,0,0,0,0,0,0,0,0,0,0,0,0,0,0,0,48,-23,47,-20,49,-19,52,-20,53,-16,51,-13,52,-14,57,-9,62,-13,58,-9,56,-7,65,-6,66,-5,68,-4,65,-1,66,-3,68,2,68,7,66,3,65,5,64,9,68,7,66,12,64,10,63,10,64,9,60,11,59,13,60,11,57,10,52,8,55,6,54,6,52,7,58,7,52,0,52,-2,48,-1,52,-3,54,-5,51,-6,52,-10,52,-8,52,-8,47,-8,52,-7,48,-11,49,-9,56,-16,51,-11,48,-12,55,-13,56,-15,46,-16,54,-16,56,-15,47,-12,0,0]"
CSI_DATA,66,2a:00:00:00:00:00,-37,11,1,0,1,1,1,0,0,0,1,-96,0,11,2,1150351,0,44,0,384,0,"[0,0,0,0,0,0,0,0,0,0,0,0,8,-5,8,-5,7,-5,7,-5,7,-5,7,-5,7,-5,7,-5,6,-6,6,-5,6,-6,6,-6,6,-6,6,-6,5,-6,5,-7,5,-7,5,-7,5,-7,5,-7,5,-7,5,-7,5,-7,4,-7,5,-7,5,-8,0,0,5,-8,5,-8,5,-8,5,-8,5,-7,5,-8,5,-7,5,-7,6,-7,6,-7,6,-6,5,-6,5,-6,5,-6,6,-5,5,-5,5,-5,5,-4,5,-4,5,-4,5,-4,4,-3,4,-3,4,-3,5,-3,4,-2,0,0,0,0,0,0,0,0,0,0,0,0,0,0,-48,-28,-45,-25,-46,-20,-46,-19,-51,-16,-48,-12,-47,-16,-44,-17,-43,-17,-44,-14,-47,-10,-46,-8,-47,-11,-43,-9,-45,-8,-47,-7,-45,-7,-45,0,-40,-6,-46,-1,-46,4,-47,1,-44,-1,-42,0,-41,-4,-45,3,-46,4,-49,4,-43,4,-45,4,-48,4,-48,7,-48,2,-49,6,-42,6,-48,0,-51,6,-45,2,-45,0,-44,0,-46,-1,-49,-5,-41,-4,-41,-4,-41,-5,-42,-5,-35,-5,-39,-6,-35,-3,-33,-9,-34,-8,-32,-8,-29,-11,-29,-8,-25,-9,-26,-15,-24,-11,0,0,0,0,0,0,0,0,0,0,0,0,0,0,0,0,0,0,0,0,0,0,16,-45,23,-50,20,-50,25,-52,26,-47,29,-48,31,-45,31,-47,33,-47,37,-50,39,-50,41,-48,41,-53,41,-49,45,-47,46,-46,46,-48,49,-43,49,-44,54,-39,52,-42,53,-41,51,-42,54,-37,52,-36,50,-31,49,-37,51,-36,50,-33,50,-38,44,-36,47,-34,45,-38,40,-33,37,-37,37,-34,34,-36,33,-40,38,-40,30,-42,29,-42,30,-42,30,-46,28,-47,28,-43,23,-48,27,-45,25,-47,24,-47,25,-48,26,-50,19,-48,27,-53,23,-45,18,-51,23,-53,26,-48,0,0]"
CSI_DATA,67,2a:00:00:00:00:00,-37,11,1,0,1,1,1,0,0,0,1,-96,0,11,2,1160048,0,44,0,384,0,"[0,0,0,0,0,0,0,0,0,0,0,0,3,-9,2,-9,1,-9,2,-9,1,-9,2,-9,1,-9,1,-9,1,-9,1,-9,1,-9,0,-9,0,-9,0,-9,0,-8,0,-9,-1,-9,-1,-8,-1,-8,-1,-9,-1,-9,-1,-9,-1,-9,-2,-9,-2,-9,-1,-9,0,0,-1,-9,-2,-9,-2,-9,-1,-10,-2,-9,-1,-9,-1,-9,-1,-9,0,-9,0,-9,0,-9,0,-9,0,-9,0,-8,1,-8,1,-8,1,-8,1,-7,1,-7,2,-6,1,-6,1,-6,1,-6,1,-6,2,-5,2,-5,0,0,0,0,0,0,0,0,0,0,0,0,0,0,-45,27,-44,23,-41,26,-41,24,-40,26,-43,26,-39,28,-41,23,-36,24,-39,26,-37,29,-32,28,-35,32,-32,30,-33,29,-34,31,-32,30,-29,32,-29,36,-26,31,-26,37,-28,31,-23,36,-25,32,-27,36,-22,34,-24,40,-22,40,-27,38,-22,38,-22,37,-25,42,-25,37,-25,39,-24,36,-26,41,-23,40,-24,38,-29,37,-30,35,-27,35,-33,34,-31,33,-33,36,-27,29,-31,26,-31,26,-28,20,-26,21,-27,23,-26,20,-28,16,-26,17,-24,18,-25,12,-21,13,-24,7,0,0,0,0,0,0,0,0,0,0,0,0,0,0,0,0,0,0,0,0,0,0,-26,-41,-29,-44,-25,-46,-25,-50,-22,-49,-21,-53,-22,-51,-24,-53,-21,-52,-19,-57,-14,-60,-15,-57,-16,-60,-15,-64,-14,-62,-11,-65,-9,-66,-9,-63,-10,-65,-9,-66,-6,-65,-5,-63,-6,-63,-2,-64,1,-65,-2,-62,3,-61,3,-61,-4,-56,2,-61,0,-55,-6,-58,-8,-54,-5,-53,-6,-50,-6,-57,-10,-53,-9,-51,-9,-49,-14,-49,-15,-51,-16,-48,-19,-50,-21,-47,-22,-46,-24,-46,-21,-45,-24,-49,-23,-48,-23,-47,-23,-47,-29,-46,-26,-51,-28,-43,-24,-51,-30,-48,-32,-49,0,0]"
CSI_DATA,68,2a:00:00:00:00:00,-37,11,1,0,1,1,1,0,0,0,1,-96,0,11,2,1170175,0,44,0,384,0,"[0,0,0,0,0,0,0,0,0,0,0,0,-6,-7,-7,-7,-7,-7,-7,-7,-7,-7,-6,-7,-7,-7,-6,-6,-6,-6,-7,-6,-7,-6,-7,-5,-7,-6,-7,-5,-7,-6,-7,-5,-7,-5,-7,-5,-8,-5,-8,-5,-8,-5,-8,-5,-8,-4,-8,-4,-9,-4,-8,-4,0,0,-9,-4,-9,-4,-9,-5,-9,-4,-9,-5,-9,-5,-9,-5,-8,-5,-8,-5,-8,-5,-8,-5,-7,-5,-7,-6,-7,-6,-6,-5,-6,-5,-6,-6,-5,-5,-5,-5,-5,-5,-4,-5,-4,-5,-4,-5,-4,-5,-4,-5,-3,-5,0,0,0,0,0,0,0,0,0,0,0,0,0,0,-3,54,-4,51,-1,52,0,52,-5,52,-3,51,0,52,-4,53,4,48,-1,40,2,43,1,43,3,49,1,44,4,42,7,43,7,47,9,48,8,42,10,43,11,49,9,44,11,41,14,45,8,41,15,44,11,41,15,41,16,43,18,41,14,45,10,46,16,46,17,44,13,45,12,46,9,45,12,45,7,47,7,48,7,48,8,42,0,43,0,46,0,44,4,41,-5,39,0,40,-4,33,-3,33,-6,33,-6,31,-4,33,-10,26,-10,28,-7,22,-14,21,0,0,0,0,0,0,0,0,0,0,0,0,0,0,0,0,0,0,0,0,0,0,-51,9,-52,5,-56,3,-55,0,-56,0,-53,-5,-55,-8,-58,-8,-60,-6,-60,-13,-61,-15,-65,-12,-66,-17,-67,-16,-61,-27,-62,-24,-63,-28,-62,-26,-65,-28,-59,-31,-61,-32,-62,-34,-59,-31,-59,-32,-58,-31,-57,-32,-54,-35,-53,-33,-51,-31,-54,-28,-50,-30,-53,-27,-46,-25,-46,-23,-49,-23,-46,-22,-48,-20,-47,-18,-49,-18,-51,-16,-53,-17,-49,-15,-50,-12,-52,-15,-47,-9,-45,-10,-52,-12,-49,-5,-49,-8,-54,-12,-52,-10,-54,-5,-57,-2,-52,-10,-60,-5,-57,-10,-58,-5,0,0]"
CSI_DATA,69,2a:00:00:00:00:00,-37,11,1,0,1,1,1,0,0,0,1,-96,0,11,2,1190030,0,44,0,384,0,"[0,0,0,0,0,0,0,0,0,0,0,0,-3,8,-3,8,-3,8,-3,8,-3,8,-3,7,-2,8,-2,8,-2,8,-2,8,-2,7,-1,8,-1,8,-1,7,-1,7,0,8,0,7,0,7,0,7,0,7,0,7,0,8,0,8,1,8,1,8,0,8,0,0,1,8,1,8,1,8,0,8,1,8,0,8,0,8,0,8,-1,8,-1,8,-1,8,-1,8,-1,7,-1,7,-2,7,-2,6,-2,7,-2,6,-2,5,-2,5,-2,5,-2,5,-2,5,-2,5,-3,4,-3,4,0,0,0,0,0,0,0,0,0,0,0,0,0,0,44,-26,45,-28,45,-24,43,-28,44,-29,39,-24,33,-27,39,-26,38,-26,34,-29,32,-27,34,-29,33,-29,35,-35,33,-32,31,-34,28,-33,28,-35,25,-35,26,-37,27,-39,30,-32,21,-38,22,-37,23,-35,28,-38,24,-36,19,-38,21,-40,25,-40,22,-39,22,-40,20,-39,23,-41,25,-39,26,-37,24,-39,24,-41,23,-40,31,-38,27,-32,32,-31,28,-33,29,-32,26,-27,27,-27,27,-21,30,-28,28,-18,29,-22,28,-24,23,-16,27,-15,25,-18,26,-12,23,-11,23,-11,0,0,0,0,0,0,0,0,0,0,0,0,0,0,0,0,0,0,0,0,0,0,32,43,28,42,26,44,27,50,28,47,21,50,19,50,20,49,22,59,21,58,22,58,22,59,22,65,17,67,17,61,11,64,11,63,9,68,11,64,5,65,7,66,4,70,10,64,3,65,2,63,6,61,4,60,3,59,1,59,1,59,6,54,5,57,9,55,4,52,6,52,8,54,11,48,9,50,17,48,12,53,11,50,21,49,19,51,17,49,18,48,21,47,19,53,25,44,24,47,24,48,25,47,26,48,19,49,22,51,30,46,28,47,28,45,0,0]"
CSI_DATA,70,2a:00:00:00:00:00,-37,11,1,0,1,1,1,0,0,0,1,-96,0,11,2,1200050,0,44,0,384,0,"[0,0,0,0,0,0,0,0,0,0,0,0,-9,4,-9,4,-8,4,-9,4,-8,4,-8,4,-8,5,-8,5,-8,4,-7,5,-7,5,-7,5,-7,5,-7,5,-7,5,-6,6,-6,6,-6,5,-6,6,-6,6,-6,6,-6,6,-6,6,-6,6,-6,7,-6,7,0,0,-6,7,-6,6,-6,7,-6,7,-6,6,-6,7,-6,6,-6,6,-7,6,-7,6,-7,6,-7,5,-7,4,-7,5,-7,4,-7,4,-6,4,-7,3,-6,3,-6,2,-6,3,-6,2,-6,2,-5,2,-6,1,-6,1,0,0,0,0,0,0,0,0,0,0,0,0,0,0,53,21,46,24,41,22,46,20,47,23,45,19,46,17,44,16,46,14,39,16,43,15,41,14,45,15,39,12,40,9,46,6,44,7,42,8,42,7,43,4,43,7,47,2,40,2,40,3,41,1,43,4,44,3,46,-1,44,-1,47,-3,46,0,45,2,47,0,44,-2,50,-1,43,4,43,5,49,5,46,6,48,8,46,5,44,6,43,8,43,8,40,13,35,8,35,13,33,9,31,15,31,12,26,15,27,16,23,16,24,16,23,16,20,17,22,13,0,0,0,0,0,0,0,0,0,0,0,0,0,0,0,0,0,0,0,0,0,0,-11,53,-16,50,-15,50,-20,47,-22,50,-25,47,-27,47,-26,45,-36,53,-28,50,-32,48,-37,54,-40,59,-42,55,-45,54,-43,48,-47,49,-46,47,-43,43,-47,45,-42,44,-53,42,-47,41,-46,40,-47,37,-45,46,-49,42,-50,41,-42,36,-46,38,-45,37,-39,29,-39,33,-40,35,-36,40,-40,41,-37,36,-35,39,-31,42,-36,43,-32,43,-28,43,-30,41,-32,41,-26,45,-21,39,-28,43,-27,48,-27,46,-30,44,-28,45,-25,56,-28,51,-26,48,-26,49,-26,49,-22,46,0,0]"
CSI_DATA,71,2a:00:00:00:00:00,-37,11,1,0,1,1,1,0,0,0,1,-96,0,11,2,1210037,0,44,0,384,0,"[0,0,0,0,0,0,0,0,0,0,0,0,-7,-8,-7,-7,-7,-8,-7,-8,-7,-8,-6,-6,-7,-7,-7,-6,-7,-6,-7,-6,-7,-6,-7,-6,-7,-6,-7,-6,-7,-6,-8,-5,-8,-5,-8,-5,-8,-5,-8,-5,-8,-5,-8,-5,-8,-5,-9,-5,-9,-5,-8,-4,0,0,-9,-4,-9,-5,-9,-5,-9,-4,-8,-5,-9,-5,-9,-5,-8,-6,-8,-5,-8,-5,-8,-5,-7,-6,-7,-6,-6,-6,-6,-6,-6,-6,-6,-6,-5,-5,-5,-5,-5,-5,-4,-5,-4,-5,-4,-6,-3,-5,-3,-5,-3,-5,0,0,0,0,0,0,0,0,0,0,0,0,0,0,-10,54,-11,53,-3,56,-1,48,0,53,-3,51,-3,51,-2,48,1,46,4,44,2,42,3,43,7,49,7,48,6,44,9,40,12,42,14,44,12,42,13,39,13,43,14,41,18,37,15,40,15,43,15,43,20,41,21,41,21,40,22,40,21,39,25,41,20,44,22,39,22,40,21,40,19,46,17,43,19,43,17,41,18,45,15,39,14,44,11,43,9,42,7,36,8,38,9,40,3,34,6,33,4,32,2,32,-2,36,-1,28,-2,26,0,24,-4,24,0,0,0,0,0,0,0,0,0,0,0,0,0,0,0,0,0,0,0,0,0,0,-56,-8,-52,-11,-51,-10,-54,-17,-52,-18,-53,-18,-50,-22,-52,-21,-54,-25,-51,-22,-54,-27,-56,-27,-60,-29,-60,-33,-60,-37,-57,-37,-56,-39,-53,-39,-53,-36,-55,-37,-52,-40,-53,-45,-50,-36,-52,-39,-47,-43,-49,-40,-47,-41,-49,-39,-42,-37,-44,-39,-42,-36,-46,-34,-46,-31,-43,-32,-44,-34,-45,-30,-43,-25,-44,-22,-45,-20,-51,-19,-48,-20,-50,-16,-46,-17,-55,-15,-48,-11,-52,-11,-49,-11,-50,-8,-51,-8,-54,-14,-52,-10,-56,-9,-58,-12,-51,-10,-57,-8,-58,-7,-55,-9,0,0]"
CSI_DATA,72,2a:00:00:00:00:00,-37,11,1,0,1,1,1,0,0,0,1,-96,0,11,2,1220067,0,44,0,384,0,"[0,0,0,0,0,0,0,0,0,0,0,0,-4,-9,-4,-9,-4,-8,-5,-9,-5,-8,-4,-8,-5,-8,-5,-7,-5,-7,-5,-7,-5,-8,-5,-7,-5,-7,-6,-7,-6,-7,-6,-7,-6,-7,-6,-6,-6,-6,-6,-6,-6,-6,-7,-6,-6,-6,-7,-6,-7,-7,-7,-6,0,0,-7,-6,-7,-7,-8,-7,-7,-6,-7,-7,-7,-7,-7,-7,-7,-7,-6,-7,-6,-7,-6,-7,-5,-8,-5,-8,-5,-7,-4,-7,-4,-7,-4,-7,-3,-6,-3,-6,-3,-6,-3,-6,-3,-6,-2,-6,-2,-6,-2,-6,-1,-5,0,0,0,0,0,0,0,0,0,0,0,0,0,0,-26,42,-26,44,-27,48,-31,41,-23,47,-20,40,-20,47,-19,43,-16,41,-24,38,-18,42,-20,41,-17,43,-15,46,-15,41,-15,41,-11,49,-12,43,-12,45,-8,44,-7,45,-9,43,-7,44,-9,43,-7,39,-3,47,-1,41,-3,43,-7,44,-7,47,-6,45,-8,49,-9,46,1,47,-5,47,-8,47,-2,48,-7,45,-7,47,-9,46,-8,43,-14,45,-12,46,-15,42,-14,42,-18,38,-12,34,-17,37,-18,33,-16,26,-16,24,-16,28,-18,25,-16,23,-18,24,-18,19,-16,18,0,0,0,0,0,0,0,0,0,0,0,0,0,0,0,0,0,0,0,0,0,0,-48,-25,-46,-27,-47,-27,-49,-30,-45,-33,-44,-37,-46,-37,-42,-38,-48,-41,-46,-39,-46,-43,-45,-46,-49,-46,-47,-49,-42,-52,-38,-53,-43,-55,-39,-55,-36,-56,-37,-55,-34,-58,-36,-57,-34,-54,-31,-54,-33,-61,-33,-56,-29,-53,-28,-55,-32,-51,-33,-49,-28,-48,-30,-50,-31,-48,-31,-48,-31,-50,-33,-42,-33,-42,-34,-40,-31,-38,-42,-38,-36,-39,-37,-35,-40,-37,-44,-35,-40,-30,-38,-31,-40,-33,-42,-32,-46,-33,-41,-33,-46,-31,-45,-36,-51,-34,-43,-30,-48,-32,-50,-33,-44,-35,0,0]"
CSI_DATA,73,2a:00:00:00:00:00,-37,11,1,0,1,1,1,0,0,0,1,-96,0,11,2,1240044,0,44,0,384,0,"[0,0,0,0,0,0,0,0,0,0,0,0,8,3,8,3,8,3,8,3,8,3,7,2,8,2,8,2,7,2,7,2,8,2,8,1,8,1,7,1,7,1,8,1,7,0,7,0,8,0,8,0,8,0,8,0,8,0,8,-1,8,0,8,-1,0,0,8,-1,8,0,8,0,8,0,8,0,8,0,8,0,8,0,8,0,8,1,8,1,7,1,7,1,7,1,7,1,7,2,6,2,6,2,6,1,5,2,5,2,5,2,4,2,4,2,4,2,3,2,0,0,0,0,0,0,0,0,0,0,0,0,0,0,-5,-59,-9,-54,-12,-54,-7,-56,-9,-47,-9,-49,-8,-49,-8,-50,-9,-50,-11,-46,-13,-49,-13,-44,-15,-47,-14,-42,-12,-47,-15,-39,-20,-44,-19,-44,-18,-44,-20,-37,-26,-42,-23,-41,-23,-41,-23,-37,-21,-37,-22,-39,-25,-36,-25,-39,-29,-39,-30,-35,-26,-40,-26,-39,-27,-41,-28,-38,-24,-37,-27,-44,-25,-45,-23,-43,-25,-42,-22,-40,-20,-39,-22,-43,-15,-45,-18,-42,-19,-44,-15,-41,-13,-40,-14,-36,-11,-35,-9,-35,-7,-36,1,-32,-4,-33,-4,-30,-2,-33,-1,-28,0,-26,0,0,0,0,0,0,0,0,0,0,0,0,0,0,0,0,0,0,0,0,0,0,51,-14,52,-12,51,-9,57,-8,54,-8,52,-6,51,-5,57,-4,60,2,57,0,61,2,64,0,66,2,65,6,66,10,60,11,65,12,64,16,62,14,62,19,64,16,66,20,62,15,60,21,56,22,60,19,59,18,55,20,53,19,53,23,51,15,57,14,53,17,50,16,53,13,53,13,48,5,50,6,51,6,53,4,53,4,50,1,49,1,50,1,53,-2,53,1,52,1,55,-7,52,-4,54,-1,53,-6,54,-8,57,-4,51,-3,59,-4,57,-7,52,-8,0,0]"
CSI_DATA,74,2a:00:00:00:00:00,-36,11,1,0,1,1,1,0,0,0,1,-96,0,11,2,1250252,0,44,0,384,0,"[0,0,0,0,0,0,0,0,0,0,0,0,-1,-10,-2,-9,-2,-10,-2,-10,-2,-10,-2,-9,-2,-9,-3,-9,-2,-9,-3,-9,-3,-9,-3,-9,-3,-9,-3,-9,-3,-9,-4,-9,-4,-8,-4,-8,-4,-8,-4,-8,-4,-9,-5,-8,-4,-8,-5,-8,-5,-9,-5,-8,0,0,-5,-8,-5,-9,-5,-9,-4,-9,-4,-9,-4,-9,-4,-9,-4,-9,-4,-9,-3,-9,-3,-9,-3,-9,-2,-8,-2,-8,-2,-8,-1,-8,-2,-8,-1,-7,-1,-7,-1,-7,0,-7,0,-7,0,-6,0,-6,0,-6,0,-5,0,0,0,0,0,0,0,0,0,0,0,0,0,0,-33,38,-32,42,-33,44,-31,42,-27,46,-27,40,-27,39,-27,43,-27,42,-27,35,-23,37,-23,43,-25,44,-23,40,-20,39,-19,44,-18,42,-15,43,-18,43,-14,44,-15,44,-20,43,-11,44,-12,41,-12,40,-14,45,-12,43,-9,44,-12,47,-9,47,-11,45,-12,48,-8,45,-11,48,-9,45,-15,50,-11,50,-13,44,-14,47,-17,44,-17,41,-22,42,-18,43,-15,40,-19,38,-22,37,-23,35,-20,32,-16,29,-25,28,-22,27,-22,25,-21,25,-22,27,-18,23,-17,18,-18,20,0,0,0,0,0,0,0,0,0,0,0,0,0,0,0,0,0,0,0,0,0,0,-46,-22,-46,-24,-44,-27,-46,-29,-42,-31,-39,-31,-40,-34,-41,-36,-41,-36,-43,-41,-44,-48,-44,-46,-47,-43,-42,-44,-40,-52,-39,-54,-37,-56,-34,-57,-35,-51,-34,-62,-29,-57,-30,-58,-28,-58,-32,-55,-25,-58,-30,-53,-24,-55,-24,-54,-26,-51,-26,-49,-25,-47,-29,-50,-27,-45,-28,-46,-32,-46,-25,-43,-31,-43,-32,-40,-29,-42,-33,-37,-34,-40,-36,-38,-33,-39,-43,-37,-39,-35,-39,-39,-42,-38,-37,-35,-34,-40,-42,-34,-36,-35,-43,-33,-42,-36,-40,-33,-48,-30,-46,-31,-48,-35,0,0]"
CSI_DATA,75,2a:00:00:00:00:00,-37,11,1,0,1,1,1,0,0,0,1,-96,0,11,2,1270233,0,44,0,384,0,"[0,0,0,0,0,0,0,0,0,0,0,0,7,5,7,5,7,4,7,5,7,4,7,4,7,4,7,4,7,4,7,3,7,4,7,3,7,3,7,3,7,3,7,2,8,2,7,2,8,2,7,2,7,2,8,2,8,2,8,2,8,2,8,1,0,0,8,1,8,2,8,2,8,2,8,2,8,2,8,2,8,2,8,2,7,3,7,3,7,3,6,3,6,3,6,3,6,3,5,3,5,3,5,3,4,3,4,3,4,3,3,3,3,3,3,3,2,3,0,0,0,0,0,0,0,0,0,0,0,0,0,0,-9,-51,-14,-47,-10,-52,-10,-52,-12,-51,-14,-48,-15,-50,-11,-53,-13,-46,-12,-45,-16,-44,-18,-43,-17,-41,-16,-44,-18,-40,-18,-39,-22,-45,-23,-41,-19,-41,-19,-40,-28,-37,-29,-41,-29,-37,-30,-36,-27,-36,-24,-36,-30,-36,-33,-39,-29,-40,-30,-41,-29,-36,-30,-37,-28,-33,-31,-37,-30,-36,-28,-42,-28,-39,-28,-38,-29,-40,-26,-36,-22,-40,-22,-40,-21,-39,-16,-36,-18,-42,-15,-37,-13,-33,-13,-35,-10,-32,-9,-31,-11,-31,-7,-24,-7,-31,-3,-27,-6,-27,-2,-27,-2,-25,0,0,0,0,0,0,0,0,0,0,0,0,0,0,0,0,0,0,0,0,0,0,52,-8,55,-5,53,-7,56,2,55,0,55,1,53,2,57,6,62,5,60,7,62,10,60,13,65,12,66,13,62,14,63,16,66,21,64,23,64,21,63,18,65,22,66,25,60,25,67,27,59,30,61,23,53,22,56,25,54,23,59,21,50,23,57,22,53,22,51,19,55,16,49,13,49,15,53,10,51,10,53,8,54,12,53,5,54,5,56,5,54,1,56,2,51,0,50,0,48,-2,52,0,51,-5,51,-5,54,-3,54,-3,52,-7,58,-8,53,-11,0,0]"
CSI_DATA,76,2a:00:00:00:00:00,-37,11,1,0,1,1,1,0,0,0,1,-96,0,11,2,1280066,0,44,0,384,0,"[0,0,0,0,0,0,0,0,0,0,0,0,-7,-6,-7,-6,-7,-6,-7,-6,-7,-6,-7,-5,-8,-5,-8,-5,-8,-5,-8,-5,-8,-5,-8,-5,-8,-4,-8,-4,-8,-4,-8,-4,-8,-3,-8,-3,-8,-3,-8,-3,-8,-3,-9,-3,-8,-3,-9,-3,-9,-3,-9,-3,0,0,-9,-2,-9,-3,-9,-3,-9,-3,-9,-3,-9,-3,-9,-3,-8,-3,-8,-3,-8,-4,-8,-4,-7,-5,-7,-4,-7,-4,-7,-4,-6,-4,-6,-4,-6,-4,-6,-4,-5,-4,-5,-4,-5,-4,-4,-4,-4,-4,-4,-4,-3,-4,0,0,0,0,0,0,0,0,0,0,0,0,0,0,2,61,5,52,3,50,6,50,5,51,1,49,5,48,7,47,7,43,13,41,14,46,12,45,13,45,13,40,12,42,12,39,12,44,17,39,15,44,19,38,20,39,16,39,21,36,22,36,21,36,22,35,19,36,23,37,22,39,23,35,22,37,22,42,24,42,24,40,19,40,22,41,19,37,21,41,19,41,16,37,15,38,11,40,12,45,14,41,8,36,8,35,3,36,9,40,4,33,5,29,6,32,2,22,5,28,2,24,0,28,-1,22,-4,24,0,0,0,0,0,0,0,0,0,0,0,0,0,0,0,0,0,0,0,0,0,0,-51,4,-50,4,-57,-3,-52,-2,-57,-6,-55,-10,-57,-7,-58,-9,-64,-6,-62,-10,-60,-14,-62,-15,-66,-14,-66,-23,-66,-19,-67,-22,-67,-24,-64,-26,-61,-25,-61,-25,-58,-24,-63,-30,-61,-28,-58,-30,-56,-32,-61,-28,-57,-30,-51,-28,-56,-27,-53,-29,-48,-26,-52,-24,-53,-23,-51,-19,-52,-21,-51,-16,-49,-15,-52,-17,-52,-12,-52,-18,-52,-11,-53,-9,-53,-10,-52,-11,-49,-4,-59,-6,-56,-2,-52,-3,-54,0,-52,-1,-49,-2,-57,-2,-56,-4,-54,-1,-57,1,-57,5,-54,7,0,0]"
CSI_DATA,77,2a:00:00:00:00:00,-37,11,1,0,1,1,1,0,0,0,1,-96,0,11,2,1290033,0,44,0,384,0,"[0,0,0,0,0,0,0,0,0,0,0,0,7,-6,7,-6,6,-6,6,-6,6,-6,6,-6,6,-6,6,-6,6,-7,5,-6,5,-7,5,-7,5,-7,5,-7,4,-7,5,-7,4,-7,4,-7,4,-7,4,-7,4,-7,4,-8,4,-8,3,-8,3,-8,4,-8,0,0,4,-8,3,-8,4,-8,4,-8,4,-8,4,-8,4,-8,4,-7,5,-7,5,-8,5,-7,4,-7,4,-7,4,-6,5,-6,5,-5,5,-5,5,-5,5,-5,5,-4,5,-4,4,-4,4,-4,4,-3,4,-3,4,-3,0,0,0,0,0,0,0,0,0,0,0,0,0,0,-49,-16,-47,-15,-48,-11,-49,-8,-48,-9,-48,-9,-44,-7,-49,-9,-47,-5,-43,-4,-44,0,-47,2,-53,-3,-42,2,-46,-1,-43,4,-43,5,-41,5,-43,1,-39,3,-45,5,-43,5,-42,9,-45,11,-41,12,-45,11,-38,11,-40,11,-44,8,-43,10,-47,13,-47,10,-46,10,-42,11,-45,12,-46,7,-42,10,-45,13,-43,13,-43,9,-41,8,-42,2,-43,1,-44,3,-39,3,-40,-2,-39,-5,-39,-1,-35,-5,-34,-3,-27,-1,-33,-1,-29,-5,-25,-8,-24,-9,-27,-12,-21,-13,0,0,0,0,0,0,0,0,0,0,0,0,0,0,0,0,0,0,0,0,0,0,18,-52,13,-50,20,-47,21,-54,26,-53,29,-49,24,-51,26,-52,32,-55,30,-52,37,-51,41,-52,38,-54,40,-57,41,-56,41,-52,46,-53,42,-56,41,-53,47,-49,49,-53,49,-49,44,-49,49,-43,47,-44,49,-43,47,-46,45,-44,44,-41,44,-44,41,-43,38,-42,34,-42,34,-45,33,-45,32,-45,32,-41,30,-45,26,-42,34,-46,27,-49,23,-45,26,-50,24,-50,24,-44,17,-46,18,-51,17,-51,18,-53,17,-50,20,-51,21,-55,16,-58,19,-43,21,-49,16,-58,13,-52,0,0]"
CSI_DATA,78,2a:00:00:00:00:00,-37,11,1,0,1,1,1,0,0,0,1,-96,0,11,2,1300264,0,44,0,384,0,"[0,0,0,0,0,0,0,0,0,0,0,0,-10,-1,-10,-1,-9,-1,-9,-1,-9,0,-9,0,-9,0,-9,0,-9,0,-8,0,-9,0,-9,1,-9,1,-8,1,-8,1,-8,2,-8,2,-8,1,-8,2,-8,2,-8,1,-8,2,-8,2,-8,2,-8,2,-8,2,0,0,-8,2,-8,2,-8,2,-9,2,-8,2,-8,2,-9,2,-8,1,-9,1,-8,1,-9,1,-8,0,-8,0,-8,0,-8,0,-7,0,-7,-1,-7,-1,-7,-1,-6,-1,-6,-1,-6,-1,-5,-2,-5,-2,-5,-2,-5,-2,0,0,0,0,0,0,0,0,0,0,0,0,0,0,38,38,39,37,38,41,33,35,38,34,35,31,32,31,37,34,33,31,37,29,32,24,38,28,36,25,34,23,37,21,35,18,40,21,37,18,43,21,37,14,39,15,39,17,41,14,37,14,37,15,40,16,37,14,41,13,47,10,41,13,39,9,46,14,37,13,43,14,40,16,40,19,43,17,42,17,37,18,42,19,37,16,39,20,37,23,35,19,31,22,33,18,32,21,28,25,22,22,26,21,20,20,21,18,20,20,12,17,16,19,18,19,11,21,0,0,0,0,0,0,0,0,0,0,0,0,0,0,0,0,0,0,0,0,0,0,-35,40,-41,35,-43,33,-48,37,-44,36,-47,31,-47,29,-49,31,-56,30,-53,32,-54,28,-57,31,-60,35,-65,31,-64,26,-62,22,-67,25,-65,22,-62,20,-66,21,-62,16,-68,18,-60,16,-64,16,-65,16,-61,17,-59,17,-64,18,-59,13,-60,20,-54,16,-56,14,-55,16,-51,17,-52,17,-50,20,-48,21,-48,21,-48,28,-47,27,-51,29,-42,30,-48,28,-45,29,-44,34,-39,28,-38,32,-45,34,-44,33,-43,31,-39,35,-41,37,-43,33,-44,31,-41,42,-40,44,-39,34,0,0]"
CSI_DATA,79,2a:00:00:00:00:00,-37,11,1,0,1,1,1,0,0,0,1,-96,0,11,2,1310030,0,44,0,384,0,"[0,0,0,0,0,0,0,0,0,0,0,0,3,8,3,8,4,8,3,8,3,7,3,7,3,7,4,7,3,7,4,6,4,7,4,6,4,6,4,6,4,6,4,6,4,6,4,6,5,6,5,6,5,6,5,6,4,5,5,5,5,6,5,5,0,0,5,5,5,6,5,6,5,5,4,6,5,6,4,6,4,6,4,6,4,6,3,6,3,6,3,6,3,6,2,5,2,5,2,5,2,5,1,5,1,5,1,5,0,5,1,4,0,4,0,4,0,4,0,0,0,0,0,0,0,0,0,0,0,0,0,0,38,-36,35,-37,36,-42,35,-34,34,-39,29,-37,31,-34,32,-38,27,-36,28,-36,26,-37,25,-34,22,-39,22,-36,25,-37,24,-39,21,-40,23,-39,21,-36,19,-37,20,-43,21,-35,13,-39,16,-39,19,-36,19,-41,16,-41,15,-42,15,-43,16,-41,12,-42,19,-41,17,-41,12,-39,19,-40,18,-38,23,-41,18,-37,19,-39,19,-32,20,-34,20,-34,22,-34,20,-31,20,-30,18,-28,22,-25,21,-26,22,-20,20,-19,21,-21,22,-17,21,-17,18,-19,22,-14,20,-13,20,-11,0,0,0,0,0,0,0,0,0,0,0,0,0,0,0,0,0,0,0,0,0,0,41,31,40,35,40,33,40,41,41,38,40,43,35,46,34,44,35,51,35,51,34,54,32,56,35,57,34,54,34,60,27,61,31,62,26,64,29,62,21,63,26,63,21,67,20,61,20,61,19,61,25,56,19,56,21,56,16,56,20,58,16,50,21,53,19,49,20,51,21,50,22,48,24,44,26,44,27,46,28,47,27,42,33,39,28,44,35,43,34,42,28,41,34,42,34,38,33,41,35,39,34,38,37,40,40,40,34,41,38,38,37,39,43,41,0,0]"
CSI_DATA,80,2a:00:00:00:00:00,-39,11,1,0,1,1,1,0,0,0,1,-96,0,11,2,1340056,0,44,0,384,0,"[0,0,0,0,0,0,0,0,0,0,0,0,-7,-6,-6,-6,-7,-5,-7,-6,-7,-6,-7,-5,-7,-5,-7,-5,-7,-5,-7,-5,-7,-5,-7,-4,-7,-5,-7,-4,-7,-4,-8,-4,-7,-4,-7,-4,-8,-4,-8,-3,-8,-4,-8,-3,-8,-3,-8,-3,-8,-4,-8,-3,0,0,-8,-3,-8,-4,-8,-4,-8,-4,-8,-4,-8,-4,-8,-4,-8,-4,-8,-4,-7,-4,-7,-5,-7,-5,-6,-5,-6,-5,-6,-5,-6,-5,-5,-5,-5,-5,-5,-5,-4,-4,-4,-4,-4,-5,-4,-5,-3,-5,-3,-4,-3,-4,0,0,0,0,0,0,0,0,0,0,0,0,0,0,-5,48,-8,45,-8,50,-6,41,-7,40,-6,42,-6,42,-3,45,1,44,-1,38,-1,39,-1,41,1,41,1,41,-2,37,6,39,5,42,5,40,5,42,8,38,10,38,5,37,14,36,9,42,9,36,11,43,11,36,12,42,11,43,10,37,8,39,15,43,13,41,16,44,14,39,10,48,13,43,11,49,7,46,6,43,4,36,5,37,1,46,2,44,2,43,0,34,1,36,1,39,-1,31,-2,31,0,29,-9,28,-4,30,-7,29,-5,27,-9,25,-5,23,0,0,0,0,0,0,0,0,0,0,0,0,0,0,0,0,0,0,0,0,0,0,-51,-33,-52,-36,-47,-38,-50,-40,-52,-39,-47,-41,-46,-43,-47,-44,-52,-49,-46,-49,-49,-52,-50,-50,-51,-50,-49,-57,-47,-55,-40,-59,-47,-61,-42,-55,-47,-55,-39,-61,-45,-56,-41,-61,-36,-56,-42,-54,-37,-59,-39,-55,-32,-54,-35,-51,-34,-48,-40,-49,-35,-41,-40,-45,-37,-40,-34,-41,-37,-42,-41,-36,-37,-30,-37,-31,-40,-32,-40,-28,-45,-32,-41,-26,-42,-24,-46,-22,-39,-22,-45,-15,-48,-16,-43,-19,-48,-18,-44,-17,-45,-14,-50,-12,-47,-17,-47,-11,-51,-9,-44,-16,-49,-14,0,0]"
CSI_DATA,81,2a:00:00:00:00:00,-38,11,1,0,1,1,1,0,0,0,1,-96,0,11,2,1350045,0,44,0,384,0,"[0,0,0,0,0,0,0,0,0,0,0,0,1,-8,1,-8,1,-8,1,-8,1,-8,1,-8,0,-8,0,-8,0,-8,0,-8,0,-8,-1,-8,-1,-8,-1,-8,-1,-8,-2,-8,-2,-8,-2,-8,-2,-8,-2,-8,-2,-8,-2,-8,-2,-8,-3,-8,-3,-8,-3,-8,0,0,-3,-8,-3,-9,-3,-8,-3,-9,-3,-8,-3,-9,-3,-9,-3,-8,-2,-9,-2,-9,-1,-9,-1,-8,-1,-8,-1,-8,-1,-8,-1,-8,-1,-8,0,-7,-1,-7,0,-6,0,-6,0,-6,0,-6,0,-6,1,-5,1,-5,0,0,0,0,0,0,0,0,0,0,0,0,0,0,-43,25,-38,25,-37,23,-39,29,-35,20,-35,26,-35,22,-38,28,-33,23,-39,26,-31,29,-28,25,-36,25,-29,31,-32,24,-29,30,-32,35,-29,33,-24,31,-26,35,-27,35,-22,27,-22,35,-24,34,-27,33,-23,33,-27,36,-19,39,-28,35,-22,39,-23,39,-23,40,-23,37,-23,43,-21,40,-26,39,-27,41,-22,41,-25,35,-32,38,-31,34,-32,35,-32,34,-32,34,-29,29,-29,26,-32,22,-27,28,-27,23,-23,21,-25,24,-24,19,-23,23,-24,15,-23,16,-27,16,-28,11,0,0,0,0,0,0,0,0,0,0,0,0,0,0,0,0,0,0,0,0,0,0,-14,-61,-13,-59,-15,-59,-11,-64,-8,-59,-8,-62,-6,-57,-4,-67,-5,-67,-3,-67,6,-70,-2,-68,-5,-73,2,-73,3,-73,7,-66,4,-76,10,-70,5,-72,10,-68,10,-72,6,-67,11,-66,8,-66,10,-63,10,-64,8,-60,7,-61,9,-58,7,-60,6,-55,1,-57,1,-60,0,-53,1,-56,0,-54,-3,-46,-3,-46,-7,-51,-7,-47,-9,-46,-12,-48,-10,-46,-18,-47,-16,-43,-17,-45,-16,-46,-19,-42,-18,-45,-16,-44,-20,-49,-25,-46,-24,-44,-21,-40,-23,-40,-26,-41,-34,-38,0,0]"
CSI_DATA,82,2a:00:00:00:00:00,-38,11,1,0,1,1,1,0,0,0,1,-96,0,11,2,1370046,0,44,0,384,0,"[0,0,0,0,0,0,0,0,0,0,0,0,5,6,5,6,5,6,5,6,5,6,5,6,5,6,5,5,5,5,5,5,6,5,6,5,6,5,6,5,6,5,6,4,7,4,6,4,7,4,7,4,7,4,7,4,7,4,7,4,7,4,8,3,0,0,8,4,8,4,8,4,8,4,8,4,8,4,8,5,8,4,7,5,7,5,7,5,7,5,6,5,6,5,6,5,5,5,5,5,5,5,4,5,4,5,4,5,3,5,3,4,3,4,3,4,2,4,0,0,0,0,0,0,0,0,0,0,0,0,0,0,24,-46,26,-49,22,-47,18,-47,14,-44,19,-42,13,-44,16,-46,15,-42,12,-40,13,-44,9,-47,8,-44,10,-47,7,-42,5,-46,1,-50,3,-51,3,-49,4,-44,0,-47,3,-44,-1,-47,-4,-51,0,-49,1,-49,-1,-45,-6,-48,-3,-51,-5,-48,-5,-48,-5,-52,-5,-47,-9,-55,-3,-47,-1,-56,-7,-50,-7,-54,-2,-55,-4,-52,1,-51,3,-48,5,-55,4,-53,2,-50,5,-45,4,-43,4,-42,5,-38,9,-42,3,-38,7,-34,8,-34,7,-33,13,-35,10,-29,10,-24,0,0,0,0,0,0,0,0,0,0,0,0,0,0,0,0,0,0,0,0,0,0,52,19,54,21,50,22,53,23,47,25,50,28,48,30,49,31,50,32,48,35,47,38,52,36,53,46,51,41,48,47,44,43,47,49,40,45,47,52,37,49,36,48,39,49,32,44,36,46,32,49,32,45,30,46,33,47,28,42,35,45,27,35,33,41,32,38,32,37,38,41,32,36,29,31,32,35,37,27,35,28,36,30,35,23,34,33,37,27,37,23,42,28,38,24,35,24,42,21,40,28,40,24,45,16,45,25,45,22,47,22,46,17,46,20,0,0]"
CSI_DATA,83,2a:00:00:00:00:00,-37,11,1,0,1,1,1,0,0,0,1,-96,0,11,2,1380420,0,44,0,384,0,"[0,0,0,0,0,0,0,0,0,0,0,0,-9,3,-9,3,-9,3,-9,3,-9,3,-9,3,-9,4,-9,4,-8,4,-8,4,-8,4,-8,5,-8,5,-8,5,-7,4,-8,5,-7,5,-7,5,-7,5,-7,5,-7,5,-7,6,-7,6,-7,6,-7,6,-7,6,0,0,-8,6,-7,7,-7,6,-8,7,-7,6,-8,6,-8,6,-8,6,-8,6,-8,5,-9,5,-8,5,-8,4,-8,4,-8,3,-8,3,-8,3,-7,3,-7,2,-7,2,-7,2,-7,1,-7,1,-6,1,-6,1,-6,0,0,0,0,0,0,0,0,0,0,0,0,0,0,0,48,20,45,19,49,18,47,16,49,16,46,17,45,14,51,17,43,14,46,10,50,10,45,5,48,6,45,10,48,9,51,4,46,4,46,1,44,2,45,0,49,-5,44,0,43,-6,45,-3,47,-7,52,-8,50,-7,50,-5,50,-5,51,-7,47,-7,52,-12,50,-8,52,-12,49,-11,51,-7,54,-10,49,-12,55,-4,52,-5,53,-5,49,-4,50,0,45,1,48,3,44,1,45,2,42,6,38,5,35,7,39,4,36,4,31,10,29,6,30,6,31,9,27,13,0,0,0,0,0,0,0,0,0,0,0,0,0,0,0,0,0,0,0,0,0,0,-14,51,-15,48,-16,46,-23,48,-26,47,-24,50,-25,48,-24,50,-33,51,-31,47,-35,50,-34,45,-38,50,-38,49,-41,46,-39,45,-45,46,-46,43,-42,43,-45,39,-48,43,-48,37,-49,37,-49,32,-46,32,-45,35,-44,36,-45,36,-43,31,-44,31,-36,31,-38,30,-40,31,-37,31,-34,29,-36,31,-34,34,-31,32,-30,34,-32,36,-29,37,-30,37,-29,34,-28,39,-25,39,-24,39,-25,41,-20,40,-27,39,-27,45,-23,46,-28,43,-21,44,-21,45,-24,49,-28,47,-26,44,0,0]"
CSI_DATA,84,2a:00:00:00:00:00,-37,11,1,0,1,1,1,0,0,0,1,-96,0,11,2,1391145,0,44,0,384,0,"[0,0,0,0,0,0,0,0,0,0,0,0,9,-3,9,-3,8,-3,9,-3,8,-3,8,-4,8,-4,8,-4,8,-4,8,-4,8,-5,8,-5,7,-5,7,-5,7,-5,7,-6,7,-6,7,-5,7,-6,7,-6,7,-6,7,-6,7,-6,6,-7,7,-7,7,-7,0,0,7,-7,7,-7,7,-7,7,-7,7,-6,7,-7,7,-6,7,-6,8,-6,8,-6,8,-6,7,-5,7,-5,7,-5,7,-4,7,-4,7,-3,6,-3,7,-3,6,-3,6,-2,6,-2,5,-2,5,-2,5,-2,5,-1,0,0,0,0,0,0,0,0,0,0,0,0,0,0,-37,-45,-34,-38,-39,-37,-36,-42,-45,-40,-39,-38,-41,-40,-39,-38,-39,-35,-40,-38,-44,-30,-41,-31,-43,-31,-41,-28,-39,-31,-41,-23,-47,-29,-45,-24,-40,-29,-41,-25,-46,-20,-44,-20,-43,-16,-47,-19,-44,-24,-49,-20,-47,-20,-48,-17,-47,-18,-53,-14,-50,-16,-51,-18,-50,-18,-54,-21,-47,-18,-50,-19,-49,-20,-52,-19,-49,-24,-50,-18,-47,-25,-51,-23,-42,-27,-42,-24,-41,-24,-39,-24,-36,-27,-34,-28,-30,-23,-31,-21,-29,-21,-26,-22,-24,-21,-21,-21,-21,-21,-21,-24,-13,-24,0,0,0,0,0,0,0,0,0,0,0,0,0,0,0,0,0,0,0,0,0,0,27,-41,32,-36,36,-38,34,-38,39,-33,39,-32,45,-33,42,-32,47,-29,45,-32,51,-32,54,-27,53,-31,58,-30,57,-27,57,-26,59,-22,59,-23,54,-25,57,-20,58,-20,61,-13,58,-12,60,-17,57,-12,54,-15,52,-10,51,-8,53,-10,54,-13,50,-11,54,-12,48,-12,50,-11,48,-12,45,-20,44,-16,41,-21,47,-17,48,-21,44,-25,40,-24,44,-26,45,-28,42,-28,46,-28,41,-29,39,-33,43,-32,42,-33,42,-29,41,-36,44,-35,43,-33,42,-29,44,-33,49,-38,0,0]"
CSI_DATA,85,2a:00:00:00:00:00,-37,11,1,0,1,1,1,0,0,0,1,-96,0,11,2,1400092,0,44,0,384,0,"[0,0,0,0,0,0,0,0,0,0,0,0,-10,-1,-10,-1,-9,-1,-10,-1,-10,-1,-9,-1,-9,0,-9,0,-9,0,-9,0,-9,0,-9,1,-9,1,-9,1,-9,1,-9,2,-9,2,-9,2,-9,2,-9,2,-9,2,-9,2,-9,2,-9,3,-9,3,-9,3,0,0,-9,4,-9,3,-9,3,-9,3,-9,3,-9,3,-9,3,-9,2,-9,2,-9,2,-10,2,-9,1,-9,1,-8,1,-8,1,-8,0,-8,0,-7,0,-7,0,-7,0,-7,0,-6,-1,-6,-1,-6,-1,-6,-1,-5,-1,0,0,0,0,0,0,0,0,0,0,0,0,0,0,21,49,20,54,17,49,22,51,22,48,22,46,22,48,19,43,22,44,22,42,28,40,29,40,29,45,28,44,29,36,29,37,33,40,32,39,34,40,33,36,32,35,33,34,39,28,32,32,36,31,41,34,37,30,38,30,40,31,40,29,39,33,40,30,37,33,39,30,47,30,38,33,40,33,41,36,40,37,39,29,35,39,36,33,30,35,32,39,31,36,25,36,20,31,22,34,19,32,20,31,21,28,19,31,12,26,13,27,7,27,12,26,11,22,0,0,0,0,0,0,0,0,0,0,0,0,0,0,0,0,0,0,0,0,0,0,-41,26,-41,23,-45,21,-47,19,-48,19,-50,16,-50,13,-51,16,-56,16,-55,10,-56,8,-57,8,-58,9,-64,8,-64,5,-66,-3,-60,-2,-62,-3,-57,0,-61,-4,-61,-3,-66,-4,-64,-8,-60,-8,-56,-14,-61,-11,-59,-12,-58,-10,-53,-6,-50,-9,-49,-10,-55,-11,-52,-3,-50,-3,-51,-6,-48,-6,-45,-2,-49,-3,-52,1,-49,4,-54,0,-48,5,-48,3,-56,11,-46,8,-46,11,-50,10,-48,14,-53,12,-48,14,-54,11,-50,14,-58,16,-49,15,-54,12,-54,18,-52,21,0,0]"
CSI_DATA,86,2a:00:00:00:00:00,-37,11,1,0,1,1,1,0,0,0,1,-96,0,11,2,1421001,0,44,0,384,0,"[0,0,0,0,0,0,0,0,0,0,0,0,0,-10,0,-10,-1,-10,-1,-10,-1,-10,-1,-10,-1,-10,-2,-9,-1,-9,-2,-9,-2,-10,-2,-9,-2,-9,-3,-9,-3,-9,-3,-9,-3,-9,-3,-9,-4,-9,-4,-9,-4,-9,-4,-9,-3,-9,-4,-9,-4,-9,-4,-9,0,0,-4,-9,-4,-9,-5,-9,-4,-9,-4,-9,-4,-9,-4,-9,-3,-9,-3,-9,-3,-9,-2,-9,-2,-9,-2,-9,-2,-9,-1,-8,-1,-8,-1,-8,-1,-7,0,-7,0,-7,0,-6,0,-6,0,-6,0,-6,1,-5,1,-5,0,0,0,0,0,0,0,0,0,0,0,0,0,0,-48,31,-53,24,-46,29,-47,27,-45,32,-44,26,-41,33,-42,31,-37,35,-41,29,-37,35,-33,35,-33,34,-33,34,-39,33,-38,35,-35,35,-34,35,-30,33,-30,36,-26,40,-31,39,-27,41,-29,40,-30,38,-25,38,-27,39,-28,42,-24,44,-23,40,-23,40,-25,45,-24,44,-26,43,-28,44,-26,39,-25,42,-27,40,-29,43,-31,37,-28,36,-33,35,-32,33,-31,33,-32,26,-31,26,-26,21,-31,26,-31,24,-32,19,-27,20,-23,14,-24,15,-23,15,-25,13,-22,6,-23,8,0,0,0,0,0,0,0,0,0,0,0,0,0,0,0,0,0,0,0,0,0,0,-35,-31,-31,-35,-30,-34,-29,-41,-31,-41,-28,-47,-24,-47,-25,-45,-26,-51,-27,-51,-18,-52,-21,-53,-26,-57,-23,-58,-19,-61,-17,-60,-16,-64,-11,-63,-11,-66,-12,-68,-11,-65,-7,-68,-7,-62,-3,-60,-6,-64,-6,-59,-3,-60,0,-62,-1,-57,-3,-57,-5,-56,-2,-54,-5,-57,-4,-55,-10,-55,-6,-51,-9,-51,-10,-57,-15,-49,-11,-51,-12,-51,-13,-48,-18,-51,-21,-52,-15,-51,-15,-50,-22,-51,-25,-48,-21,-52,-19,-50,-22,-50,-25,-52,-24,-52,-21,-47,-22,-49,-30,-55,-34,-49,0,0]"
CSI_DATA,87,2a:00:00:00:00:00,-37,11,1,0,1,1,1,0,0,0,1,-96,0,11,2,1430037,0,44,0,384,0,"[0,0,0,0,0,0,0,0,0,0,0,0,6,6,6,6,6,6,6,6,6,6,6,5,6,5,6,5,6,5,7,5,6,5,6,4,6,4,7,4,7,4,7,4,7,3,7,3,7,3,7,3,7,3,7,3,7,3,7,3,8,3,7,2,0,0,8,2,8,3,8,3,8,3,7,3,8,3,7,3,7,3,7,3,7,3,7,4,6,4,6,4,6,4,5,4,5,4,5,4,4,4,4,3,4,3,3,3,3,4,3,4,2,4,2,3,2,3,0,0,0,0,0,0,0,0,0,0,0,0,0,0,10,-51,12,-59,7,-53,6,-54,6,-56,4,-49,3,-55,3,-55,5,-52,3,-49,-2,-51,-2,-50,-2,-54,-1,-49,-5,-47,-8,-48,-4,-52,-7,-48,-5,-47,-10,-45,-13,-48,-10,-49,-11,-46,-12,-48,-11,-45,-14,-44,-13,-46,-15,-45,-17,-44,-16,-48,-14,-46,-15,-46,-18,-48,-18,-45,-14,-47,-11,-46,-13,-47,-15,-47,-12,-48,-10,-47,-8,-47,-6,-47,-2,-48,0,-45,-1,-43,-4,-44,0,-36,0,-44,2,-31,-2,-33,4,-34,1,-32,3,-29,8,-28,7,-28,5,-23,7,-22,0,0,0,0,0,0,0,0,0,0,0,0,0,0,0,0,0,0,0,0,0,0,44,-1,47,1,49,1,49,4,50,6,42,11,46,9,48,9,54,14,55,17,57,22,54,19,59,22,53,26,52,25,56,30,52,31,57,32,52,29,49,36,52,41,54,38,51,41,51,40,44,41,43,38,45,39,42,37,46,38,42,37,43,35,45,34,38,31,46,29,47,34,45,32,43,27,43,25,47,25,47,21,47,27,48,22,49,20,51,22,44,21,52,14,50,19,51,17,53,13,60,14,51,17,53,20,53,17,57,10,58,10,58,11,61,6,0,0]"
CSI_DATA,88,2a:00:00:00:00:00,-37,11,1,0,1,1,1,0,0,0,1,-96,0,11,2,1440195,0,44,0,384,0,"[0,0,0,0,0,0,0,0,0,0,0,0,8,-5,7,-5,7,-5,7,-5,7,-5,7,-5,7,-6,7,-6,7,-6,6,-6,6,-6,6,-6,6,-6,6,-6,6,-6,6,-7,5,-7,5,-7,5,-7,5,-7,5,-6,5,-7,5,-7,4,-7,5,-7,5,-7,0,0,5,-7,5,-7,5,-7,5,-7,5,-7,5,-7,5,-7,5,-6,6,-6,6,-6,6,-6,5,-5,5,-5,5,-5,5,-4,5,-4,5,-4,5,-3,5,-3,5,-3,5,-2,4,-2,4,-2,4,-2,4,-2,4,-1,0,0,0,0,0,0,0,0,0,0,0,0,0,0,-57,-21,-52,-17,-55,-8,-54,-9,-53,-6,-55,-8,-49,-9,-52,-10,-48,-8,-48,-8,-53,-4,-48,0,-47,-1,-50,-2,-52,-6,-51,-1,-50,0,-47,-1,-49,1,-47,3,-49,6,-47,1,-46,9,-47,4,-46,7,-47,10,-44,6,-46,10,-45,8,-47,13,-47,8,-47,6,-44,8,-46,11,-50,8,-48,6,-46,8,-46,8,-46,7,-47,-1,-46,-2,-46,-3,-41,-5,-40,-5,-44,-8,-40,-3,-38,-5,-34,-6,-31,-11,-32,-7,-31,-8,-30,-8,-27,-9,-26,-11,-22,-10,-20,-10,-20,-14,0,0,0,0,0,0,0,0,0,0,0,0,0,0,0,0,0,0,0,0,0,0,-2,-47,2,-47,2,-50,9,-51,10,-53,11,-53,15,-51,13,-54,20,-54,17,-57,22,-55,25,-53,21,-61,26,-55,32,-56,34,-53,35,-58,35,-56,36,-54,34,-55,34,-55,38,-56,39,-51,38,-49,42,-49,41,-47,41,-44,42,-45,39,-43,43,-45,36,-45,37,-44,37,-44,32,-46,34,-49,31,-46,29,-47,31,-46,26,-45,28,-52,29,-46,24,-46,26,-50,25,-53,20,-48,20,-48,20,-48,20,-56,13,-52,15,-51,21,-53,17,-58,16,-54,16,-55,17,-59,12,-57,14,-58,0,0]"
CSI_DATA,89,2a:00:00:00:00:00,-37,11,1,0,1,1,1,0,0,0,1,-96,0,11,2,1450418,0,44,0,384,0,"[0,0,0,0,0,0,0,0,0,0,0,0,-9,-6,-8,-5,-9,-5,-8,-6,-9,-5,-8,-5,-8,-4,-8,-4,-8,-4,-8,-4,-9,-4,-9,-4,-8,-4,-8,-4,-8,-3,-9,-3,-8,-2,-9,-2,-8,-2,-8,-2,-8,-3,-9,-2,-9,-2,-8,-2,-9,-2,-9,-2,0,0,-9,-2,-9,-2,-9,-2,-9,-2,-8,-3,-9,-3,-9,-3,-8,-3,-8,-3,-8,-3,-8,-3,-7,-4,-7,-4,-7,-4,-6,-4,-6,-4,-6,-4,-6,-3,-5,-4,-5,-4,-5,-4,-4,-4,-4,-4,-4,-4,-3,-4,-3,-4,0,0,0,0,0,0,0,0,0,0,0,0,0,0,13,56,6,58,11,50,13,49,16,54,15,49,14,49,13,50,13,47,14,45,14,45,17,41,18,49,19,45,17,39,20,42,23,45,25,43,19,39,23,35,24,38,24,38,26,32,22,38,26,40,26,38,29,40,25,36,27,36,29,32,28,35,30,37,29,37,26,36,27,32,21,39,28,39,22,38,21,44,22,35,18,35,19,37,16,36,12,37,12,38,15,32,12,35,6,33,6,29,6,30,6,28,4,26,4,26,-4,24,-4,27,-2,23,-1,19,0,0,0,0,0,0,0,0,0,0,0,0,0,0,0,0,0,0,0,0,0,0,-46,19,-47,17,-47,16,-52,11,-51,11,-50,10,-50,9,-55,6,-59,7,-58,3,-59,3,-59,0,-64,0,-67,-1,-69,-10,-60,-11,-67,-10,-66,-11,-64,-8,-66,-17,-62,-14,-68,-19,-61,-15,-63,-15,-61,-23,-60,-19,-58,-20,-59,-21,-58,-18,-61,-22,-57,-18,-57,-18,-56,-15,-53,-13,-58,-17,-55,-13,-56,-13,-53,-14,-58,-11,-57,-3,-58,-6,-57,1,-58,0,-56,-1,-55,2,-52,5,-59,3,-57,1,-57,3,-57,4,-58,6,-57,5,-59,6,-54,8,-61,9,-63,10,-60,7,0,0]"
CSI_DATA,90,2a:00:00:00:00:00,-37,11,1,0,1,1,1,0,0,0,1,-96,0,11,2,1470204,0,44,0,384,0,"[0,0,0,0,0,0,0,0,0,0,0,0,-7,7,-7,7,-6,7,-6,7,-6,7,-6,7,-6,7,-6,7,-5,7,-5,7,-5,7,-5,7,-5,7,-4,7,-4,7,-4,8,-4,7,-4,7,-3,7,-3,7,-4,7,-3,7,-4,7,-3,7,-3,7,-3,7,0,0,-3,7,-3,7,-3,7,-3,8,-3,7,-3,7,-3,7,-4,7,-4,7,-5,7,-5,6,-4,6,-4,5,-4,5,-5,5,-5,5,-4,5,-5,4,-5,3,-4,3,-4,3,-4,3,-4,3,-4,2,-4,2,-4,1,0,0,0,0,0,0,0,0,0,0,0,0,0,0,57,-4,54,-3,55,-4,55,-7,50,-7,55,-10,51,-11,52,-10,46,-10,46,-5,43,-12,47,-11,51,-9,43,-10,47,-17,43,-14,45,-16,41,-15,43,-16,43,-20,43,-19,42,-18,37,-23,38,-20,37,-22,38,-21,40,-17,37,-20,40,-20,39,-28,37,-17,40,-25,39,-22,37,-20,36,-23,39,-17,37,-19,37,-18,39,-18,38,-16,38,-20,42,-10,38,-14,34,-12,36,-11,41,-8,35,-6,36,-6,34,-4,30,-6,29,-1,28,2,24,-2,23,1,24,2,25,2,17,9,0,0,0,0,0,0,0,0,0,0,0,0,0,0,0,0,0,0,0,0,0,0,16,47,13,45,11,48,14,53,9,50,4,52,6,50,-3,54,2,60,-3,56,-5,60,-3,56,-8,65,-7,65,-9,58,-13,63,-14,69,-15,58,-19,62,-22,62,-23,65,-23,68,-23,61,-24,64,-27,60,-25,56,-26,53,-29,58,-27,57,-27,57,-22,54,-23,54,-22,53,-21,55,-19,55,-20,54,-15,52,-11,55,-15,53,-11,54,-12,53,-11,55,-8,54,-8,54,-7,50,-2,58,-3,52,-4,56,0,57,-4,55,0,58,-3,60,1,56,0,55,4,58,0,61,7,59,0,0]"
CSI_DATA,91,2a:00:00:00:00:00,-37,11,1,0,1,1,1,0,0,0,1,-96,0,11,2,1500072,0,44,0,384,0,"[0,0,0,0,0,0,0,0,0,0,0,0,5,7,6,7,6,7,6,8,5,7,5,6,6,6,6,6,5,6,6,6,6,6,6,6,6,6,6,5,6,5,6,5,6,5,6,4,6,5,6,4,6,4,6,4,6,4,6,4,6,5,7,4,0,0,6,4,6,4,7,5,6,4,6,4,6,5,6,5,6,5,6,4,5,5,5,5,5,5,4,5,4,5,3,4,3,5,3,5,3,4,3,4,2,4,2,4,2,4,1,4,1,4,1,4,1,3,0,0,0,0,0,0,0,0,0,0,0,0,0,0,18,-52,20,-50,15,-57,17,-52,14,-48,15,-52,15,-52,14,-49,13,-48,9,-50,11,-45,6,-46,8,-47,6,-49,7,-47,3,-44,4,-47,4,-44,4,-47,5,-40,1,-46,0,-44,-1,-46,-1,-44,-3,-44,-4,-44,2,-43,-1,-42,-4,-43,-7,-45,-6,-42,-2,-46,-2,-44,-1,-44,-2,-37,0,-43,0,-42,-1,-41,0,-44,0,-38,4,-41,6,-43,9,-41,6,-38,7,-37,9,-32,13,-33,12,-31,9,-27,9,-28,11,-24,12,-24,10,-20,13,-23,16,-20,11,-20,16,-17,0,0,0,0,0,0,0,0,0,0,0,0,0,0,0,0,0,0,0,0,0,0,44,1,46,7,47,3,50,10,42,12,47,14,49,16,50,18,51,19,50,18,54,26,52,27,55,28,51,30,55,31,46,37,55,38,46,38,55,37,50,40,49,41,49,44,46,39,47,44,44,46,44,42,44,44,42,45,37,45,44,46,38,39,40,41,42,36,42,36,42,34,42,38,41,33,43,33,46,34,42,33,49,31,44,28,46,30,47,25,50,22,53,23,51,17,52,19,49,21,50,23,52,24,54,22,54,23,52,20,56,23,52,23,51,22,0,0]"
CSI_DATA,92,2a:00:00:00:00:00,-37,11,1,0,1,1,1,0,0,0,1,-96,0,11,2,1510802,0,44,0,384,0,"[0,0,0,0,0,0,0,0,0,0,0,0,-7,-7,-7,-7,-8,-7,-7,-7,-7,-7,-7,-6,-7,-6,-7,-6,-7,-6,-7,-6,-7,-5,-8,-5,-7,-5,-8,-5,-7,-5,-8,-4,-8,-4,-7,-4,-8,-4,-8,-4,-8,-4,-8,-4,-7,-4,-8,-4,-8,-4,-8,-3,0,0,-8,-3,-8,-4,-8,-4,-8,-4,-8,-4,-8,-4,-8,-4,-7,-4,-7,-4,-7,-4,-7,-5,-6,-5,-6,-5,-6,-5,-5,-5,-5,-5,-5,-5,-4,-4,-4,-4,-4,-4,-4,-4,-3,-5,-3,-5,-3,-4,-3,-4,-2,-4,0,0,0,0,0,0,0,0,0,0,0,0,0,0,-1,61,1,52,0,62,-1,55,0,54,6,54,1,56,9,58,7,48,5,55,4,48,8,49,10,48,8,49,7,47,7,44,9,49,8,45,10,43,12,43,17,41,11,44,14,43,16,42,17,43,13,40,17,36,19,41,15,44,16,39,16,38,18,39,20,40,20,40,18,35,10,44,16,43,11,40,12,45,6,40,10,39,11,41,5,43,5,38,2,36,5,34,3,37,4,32,2,29,-3,32,-4,30,0,27,-2,25,-4,24,-5,26,-6,21,-8,20,0,0,0,0,0,0,0,0,0,0,0,0,0,0,0,0,0,0,0,0,0,0,-46,11,-50,6,-46,4,-53,3,-55,-2,-56,1,-54,-4,-56,-9,-56,-7,-57,-7,-62,-10,-57,-10,-63,-15,-61,-15,-59,-17,-61,-20,-59,-19,-58,-26,-62,-23,-59,-26,-60,-29,-61,-30,-54,-31,-59,-27,-55,-32,-54,-30,-54,-33,-53,-31,-52,-28,-55,-29,-49,-24,-54,-30,-53,-25,-53,-23,-52,-24,-49,-22,-51,-19,-51,-17,-55,-17,-53,-17,-52,-16,-54,-11,-55,-13,-58,-12,-50,-12,-55,-5,-57,-7,-60,-5,-55,-3,-55,-6,-55,-5,-59,-6,-58,-9,-59,-4,-63,0,-60,-3,-62,0,0,0]"
CSI_DATA,93,2a:00:00:00:00:00,-37,11,1,0,1,1,1,0,0,0,1,-96,0,11,2,1520066,0,44,0,384,0,"[0,0,0,0,0,0,0,0,0,0,0,0,-10,1,-11,2,-9,2,-10,2,-9,2,-10,2,-10,2,-9,2,-10,2,-8,2,-9,3,-9,3,-9,3,-8,3,-9,3,-8,3,-8,3,-8,3,-8,3,-8,3,-8,3,-8,3,-8,3,-7,4,-8,4,-8,4,0,0,-8,4,-8,3,-8,4,-8,4,-8,3,-8,3,-8,2,-8,2,-8,2,-8,2,-8,2,-7,2,-7,1,-7,1,-7,1,-7,0,-6,0,-7,0,-6,0,-6,0,-6,-1,-5,-1,-5,-1,-5,-1,-5,-1,-5,-2,0,0,0,0,0,0,0,0,0,0,0,0,0,0,39,42,42,37,47,33,45,34,45,34,47,30,40,32,42,33,44,29,40,29,44,23,44,24,42,31,39,23,44,22,46,22,42,23,38,20,42,21,42,19,45,23,37,17,41,11,39,20,39,18,44,18,37,14,44,15,36,10,45,10,39,15,47,18,40,14,41,18,38,12,42,21,42,17,42,14,38,18,37,20,37,16,36,17,30,23,32,24,30,25,30,20,27,22,24,21,20,27,21,21,18,23,19,24,15,19,10,17,12,18,9,20,10,22,0,0,0,0,0,0,0,0,0,0,0,0,0,0,0,0,0,0,0,0,0,0,-17,46,-23,42,-24,43,-33,47,-26,42,-32,42,-32,40,-36,42,-38,42,-36,42,-41,43,-42,38,-44,47,-46,42,-52,42,-46,32,-55,41,-46,33,-57,36,-56,33,-54,30,-62,31,-52,31,-60,31,-57,25,-55,28,-53,24,-62,27,-56,19,-54,26,-48,21,-53,27,-52,24,-45,28,-50,31,-47,26,-41,28,-46,31,-43,32,-44,34,-49,33,-41,36,-44,37,-40,38,-43,39,-37,39,-37,40,-37,42,-39,41,-34,37,-40,40,-40,47,-45,46,-35,41,-43,43,-43,47,-37,42,0,0]"
CSI_DATA,94,2a:00:00:00:00:00,-37,11,1,0,1,1,1,0,0,0,1,-96,0,11,2,1530335,0,44,0,384,0,"[0,0,0,0,0,0,0,0,0,0,0,0,10,0,10,-1,9,-1,10,-1,9,-1,9,-1,9,-1,9,-2,9,-1,8,-1,9,-2,8,-2,8,-2,8,-2,8,-2,8,-3,8,-3,8,-3,7,-3,7,-3,7,-3,7,-3,7,-3,7,-4,8,-3,7,-4,0,0,8,-4,7,-3,8,-3,7,-4,7,-3,7,-3,7,-3,7,-3,8,-3,7,-2,8,-2,7,-1,6,-1,6,-1,6,-1,6,-1,6,-1,6,-1,5,-1,5,0,5,0,4,0,4,0,4,0,4,0,4,1,0,0,0,0,0,0,0,0,0,0,0,0,0,0,-29,-45,-28,-53,-33,-50,-30,-45,-30,-49,-32,-41,-31,-46,-30,-46,-30,-42,-34,-36,-27,-39,-37,-33,-35,-37,-31,-40,-31,-33,-36,-35,-35,-34,-33,-35,-32,-33,-35,-36,-36,-31,-38,-30,-36,-30,-35,-31,-32,-29,-33,-30,-36,-27,-34,-24,-32,-30,-43,-25,-35,-26,-35,-29,-35,-29,-36,-26,-35,-27,-30,-30,-30,-30,-33,-27,-32,-33,-33,-30,-29,-29,-26,-29,-28,-33,-24,-33,-24,-34,-18,-31,-19,-28,-17,-29,-13,-31,-17,-24,-13,-24,-8,-25,-10,-21,-6,-29,-9,-24,-9,-21,-4,-20,0,0,0,0,0,0,0,0,0,0,0,0,0,0,0,0,0,0,0,0,0,0,29,-36,32,-38,32,-32,37,-32,40,-33,40,-29,41,-29,46,-30,48,-29,47,-31,49,-27,51,-29,55,-33,58,-27,59,-23,63,-20,61,-23,60,-17,56,-19,60,-11,59,-15,63,-9,62,-12,63,-15,62,-13,63,-13,58,-11,56,-8,56,-9,59,-9,54,-11,58,-7,54,-8,54,-12,54,-14,54,-15,53,-16,52,-19,50,-19,56,-22,51,-20,49,-22,49,-22,49,-21,49,-21,47,-29,49,-27,47,-27,57,-25,48,-27,53,-30,50,-29,53,-29,48,-30,53,-33,48,-34,52,-28,0,0]"
CSI_DATA,95,2a:00:00:00:00:00,-37,11,1,0,1,1,1,0,0,0,1,-96,0,11,2,1540049,0,44,0,384,0,"[0,0,0,0,0,0,0,0,0,0,0,0,2,-10,2,-10,1,-10,2,-10,1,-10,2,-10,1,-10,1,-9,1,-9,0,-9,1,-9,0,-9,0,-9,0,-9,0,-9,0,-9,0,-9,-1,-9,-1,-9,-1,-9,-1,-9,-2,-9,-1,-9,-2,-9,-1,-9,-1,-9,0,0,-1,-9,-2,-9,-2,-9,-1,-9,-1,-9,-1,-9,-1,-9,-1,-8,0,-8,0,-8,0,-8,0,-8,0,-7,1,-7,1,-7,1,-7,1,-7,1,-6,1,-6,1,-5,2,-5,1,-5,1,-5,1,-5,2,-4,2,-4,0,0,0,0,0,0,0,0,0,0,0,0,0,0,-54,21,-52,22,-50,22,-53,22,-54,20,-52,22,-49,24,-53,23,-47,26,-48,21,-44,22,-45,20,-45,26,-40,23,-39,23,-41,27,-40,28,-40,30,-40,31,-37,26,-38,28,-36,26,-34,30,-36,28,-34,30,-36,30,-34,31,-31,33,-36,29,-34,37,-34,35,-36,31,-35,30,-36,30,-32,32,-38,32,-35,28,-35,23,-37,26,-37,23,-34,25,-38,17,-38,19,-35,20,-35,20,-34,11,-34,9,-31,13,-30,8,-29,4,-28,6,-28,4,-26,3,-23,0,-26,5,-20,-5,-23,-3,0,0,0,0,0,0,0,0,0,0,0,0,0,0,0,0,0,0,0,0,0,0,-36,-35,-30,-38,-30,-40,-30,-45,-26,-44,-25,-42,-24,-48,-24,-51,-29,-54,-27,-52,-23,-55,-23,-57,-23,-61,-17,-65,-16,-65,-13,-64,-14,-66,-9,-64,-9,-65,-4,-64,-4,-62,-8,-70,-4,-63,-3,-63,-2,-65,-3,-66,4,-63,-1,-69,2,-61,0,-66,0,-61,-6,-67,1,-55,-5,-60,-8,-58,-6,-61,-6,-54,-10,-57,-6,-54,-16,-58,-11,-58,-14,-58,-15,-55,-16,-59,-14,-55,-20,-51,-14,-57,-19,-53,-23,-58,-24,-55,-18,-54,-24,-54,-19,-62,-18,-53,-27,-57,-22,-58,-29,-52,0,0]"
CSI_DATA,96,2a:00:00:00:00:00,-37,11,1,0,1,1,1,0,0,0,1,-96,0,11,2,1550040,0,44,0,384,0,"[0,0,0,0,0,0,0,0,0,0,0,0,8,-5,8,-5,8,-5,8,-5,7,-5,7,-5,7,-5,7,-5,7,-5,6,-5,7,-6,6,-6,6,-5,6,-5,6,-5,6,-7,6,-6,5,-6,5,-6,5,-6,5,-6,5,-6,5,-6,5,-7,5,-6,5,-7,0,0,5,-7,5,-7,5,-6,5,-7,5,-6,5,-6,5,-6,5,-5,5,-6,6,-6,6,-5,5,-5,5,-4,5,-4,5,-4,5,-4,5,-3,5,-3,5,-3,4,-3,4,-2,4,-2,4,-2,4,-2,4,-1,4,-1,0,0,0,0,0,0,0,0,0,0,0,0,0,0,-52,-23,-48,-26,-51,-19,-47,-21,-52,-19,-51,-22,-49,-22,-52,-20,-49,-16,-44,-15,-51,-16,-50,-20,-49,-12,-46,-12,-43,-14,-47,-10,-50,-8,-43,-8,-45,-8,-40,-4,-51,-3,-46,-3,-43,-6,-48,-5,-44,-7,-46,-2,-44,-5,-44,0,-43,-1,-46,3,-46,3,-45,1,-40,1,-44,-2,-46,5,-44,-5,-42,-2,-44,-6,-40,-6,-41,-7,-40,-3,-42,-11,-41,-11,-39,-10,-35,-13,-31,-9,-33,-16,-29,-12,-30,-11,-28,-16,-26,-13,-23,-13,-23,-12,-22,-13,-21,-17,-20,-16,-15,-16,0,0,0,0,0,0,0,0,0,0,0,0,0,0,0,0,0,0,0,0,0,0,14,-48,17,-49,18,-44,20,-50,26,-48,28,-43,25,-45,29,-44,32,-49,32,-44,36,-47,39,-46,42,-50,42,-45,47,-44,47,-45,46,-45,45,-43,52,-48,49,-44,51,-41,54,-38,49,-37,51,-38,51,-36,50,-38,47,-35,51,-36,45,-36,47,-39,44,-33,46,-35,46,-32,45,-35,46,-35,43,-38,39,-38,44,-41,38,-36,36,-43,36,-43,36,-42,32,-44,34,-47,32,-41,31,-50,33,-46,29,-45,33,-50,32,-47,26,-47,30,-56,30,-53,28,-48,31,-49,31,-53,24,-53,0,0]"
CSI_DATA,97,2a:00:00:00:00:00,-36,11,1,0,1,1,1,0,0,0,1,-96,0,11,2,1560018,0,44,0,384,0,"[0,0,0,0,0,0,0,0,0,0,0,0,4,9,5,8,5,9,5,8,5,8,5,8,5,7,5,7,5,7,5,7,5,7,5,7,5,7,5,7,5,7,6,6,6,5,5,6,6,6,6,6,6,6,6,6,5,6,6,6,6,6,6,5,0,0,6,5,6,6,6,5,6,5,6,6,6,6,5,6,5,6,5,6,5,6,4,6,4,6,4,6,3,6,3,5,3,5,2,6,2,5,2,5,1,4,1,4,1,5,1,4,1,4,0,4,0,4,0,0,0,0,0,0,0,0,0,0,0,0,0,0,10,-57,13,-57,9,-55,10,-52,1,-56,5,-51,6,-49,2,-54,2,-53,3,-50,3,-47,3,-45,-1,-48,-2,-52,2,-47,-2,-49,-5,-51,-7,-46,-3,-45,-8,-47,-7,-47,-7,-46,-10,-45,-9,-40,-7,-44,-7,-48,-9,-46,-15,-40,-8,-47,-14,-42,-13,-43,-14,-47,-11,-44,-15,-42,-15,-44,-9,-42,-10,-44,-3,-45,-7,-43,-6,-41,-3,-39,-3,-36,0,-40,-4,-41,-2,-40,4,-36,5,-33,4,-38,3,-27,2,-29,5,-30,8,-24,4,-29,7,-26,10,-20,9,-26,12,-22,0,0,0,0,0,0,0,0,0,0,0,0,0,0,0,0,0,0,0,0,0,0,47,4,47,7,47,6,48,15,46,15,48,16,44,20,46,23,49,25,50,20,52,23,50,25,55,29,53,33,53,33,50,34,52,38,53,40,50,33,50,40,45,43,49,43,45,41,50,39,46,42,45,41,43,37,42,40,42,38,42,37,40,38,43,33,41,35,41,34,42,37,47,33,48,33,49,28,49,27,48,25,50,24,48,18,52,25,53,17,49,19,46,16,51,16,51,16,53,17,55,18,55,16,57,12,55,15,51,14,59,9,57,13,55,8,0,0]"
CSI_DATA,98,2a:00:00:00:00:00,-37,11,1,0,1,1,1,0,0,0,1,-96,0,11,2,1570132,0,44,0,384,0,"[0,0,0,0,0,0,0,0,0,0,0,0,10,1,10,1,10,1,10,1,10,1,9,0,9,0,9,0,9,0,9,-1,9,0,9,-1,9,-1,9,-1,8,-1,9,-2,8,-2,8,-2,8,-2,8,-2,8,-2,8,-2,8,-2,8,-2,8,-2,8,-2,0,0,8,-3,8,-2,8,-2,8,-2,8,-2,8,-2,8,-2,7,-2,8,-2,8,-1,8,-1,7,0,7,0,6,0,7,0,6,0,6,1,5,0,5,0,5,1,5,1,4,1,4,1,4,1,4,1,3,1,0,0,0,0,0,0,0,0,0,0,0,0,0,0,-33,-51,-33,-47,-34,-44,-37,-41,-38,-48,-33,-40,-35,-44,-37,-42,-33,-41,-30,-35,-33,-36,-36,-36,-39,-38,-35,-34,-30,-35,-35,-30,-39,-32,-38,-29,-34,-31,-36,-26,-37,-28,-39,-23,-36,-22,-36,-21,-35,-25,-42,-24,-36,-24,-33,-25,-39,-27,-37,-24,-35,-24,-42,-22,-40,-25,-38,-20,-40,-21,-38,-27,-37,-25,-36,-26,-33,-30,-36,-23,-35,-27,-30,-28,-27,-29,-29,-26,-26,-25,-27,-28,-22,-22,-19,-27,-22,-22,-17,-23,-18,-21,-14,-26,-12,-23,-11,-23,-10,-24,-10,-20,-10,-17,0,0,0,0,0,0,0,0,0,0,0,0,0,0,0,0,0,0,0,0,0,0,38,-30,39,-29,42,-30,41,-28,44,-26,45,-24,44,-24,49,-24,50,-27,54,-22,57,-14,53,-18,61,-19,62,-15,60,-14,64,-11,65,-11,64,-5,61,-12,63,-8,64,-8,66,-4,62,-5,60,-4,64,-1,66,-5,62,0,62,-4,63,-4,63,-8,56,-6,58,-4,59,-8,54,-5,60,-6,54,-12,55,-12,54,-11,52,-11,57,-21,54,-19,51,-21,51,-19,48,-23,45,-22,47,-21,51,-23,49,-28,50,-28,49,-26,56,-27,53,-33,53,-32,48,-30,50,-33,50,-28,50,-35,0,0]"
CSI_DATA,99,2a:00:00:00:00:00,-37,11,1,0,1,1,1,0,0,0,1,-96,0,11,2,1580414,0,44,0,384,0,"[0,0,0,0,0,0,0,0,0,0,0,0,-10,-5,-9,-4,-10,-4,-9,-5,-10,-4,-9,-4,-9,-3,-9,-3,-9,-3,-9,-3,-9,-3,-9,-3,-9,-3,-9,-3,-9,-2,-9,-2,-9,-1,-9,-2,-9,-1,-9,-1,-9,-1,-9,-1,-9,-1,-9,-1,-9,-1,-9,-1,0,0,-9,-1,-9,-1,-9,-1,-9,-1,-8,-2,-9,-2,-8,-2,-8,-2,-8,-2,-8,-2,-8,-3,-7,-3,-7,-3,-7,-3,-7,-3,-6,-3,-6,-3,-6,-3,-5,-3,-5,-3,-5,-3,-4,-3,-4,-3,-4,-3,-4,-3,-3,-3,0,0,0,0,0,0,0,0,0,0,0,0,0,0,20,53,23,54,30,54,20,46,27,48,28,48,22,48,25,43,25,45,26,44,28,42,33,39,30,34,27,39,29,44,31,39,30,38,29,37,32,36,28,31,35,34,31,30,36,30,33,26,32,30,33,33,32,24,36,27,35,30,32,27,33,29,37,30,31,24,36,31,34,28,32,32,34,28,35,29,31,30,26,26,24,31,21,32,22,32,24,32,19,30,19,27,15,31,19,25,14,28,8,23,13,24,11,21,10,26,7,23,8,21,3,21,2,22,0,0,0,0,0,0,0,0,0,0,0,0,0,0,0,0,0,0,0,0,0,0,-43,21,-45,19,-48,20,-53,14,-48,14,-54,13,-56,12,-56,13,-56,11,-56,7,-63,6,-63,5,-65,5,-67,0,-68,2,-63,-3,-69,0,-65,-9,-69,-7,-65,-5,-64,-5,-67,-6,-64,-8,-65,-17,-68,-18,-67,-10,-65,-15,-61,-13,-59,-8,-66,-12,-55,-10,-63,-5,-58,-4,-59,-3,-57,-1,-58,0,-56,-1,-56,1,-54,2,-60,2,-58,2,-54,11,-56,11,-54,11,-54,10,-53,16,-56,16,-57,20,-56,17,-62,17,-54,14,-59,16,-58,23,-51,18,-60,21,-63,25,-51,21,0,0]"
CSI_DATA,100,2a:00:00:00:00:00,-37,11,1,0,1,1,1,0,0,0,1,-96,0,11,2,1591111,0,44,0,384,0,"[0,0,0,0,0,0,0,0,0,0,0,0,6,7,6,7,6,7,6,8,6,7,6,7,5,6,6,6,6,6,6,6,6,6,6,6,6,6,6,5,6,5,6,5,6,5,6,5,6,5,6,5,6,5,6,5,6,4,7,4,7,5,6,4,0,0,6,4,7,5,7,5,6,5,6,5,6,5,6,5,5,5,5,5,5,5,5,5,4,5,4,5,4,5,3,5,3,5,3,5,2,4,2,4,2,4,2,4,1,4,1,4,1,4,0,3,0,3,0,0,0,0,0,0,0,0,0,0,0,0,0,0,6,-56,5,-58,8,-59,4,-51,5,-59,10,-52,7,-54,3,-53,4,-52,-3,-49,2,-49,-2,-48,-1,-56,-3,-48,-1,-49,-1,-48,-5,-51,-6,-50,-5,-47,-2,-43,-5,-47,-8,-44,-14,-46,-5,-49,-11,-43,-9,-49,-10,-43,-13,-44,-8,-43,-10,-43,-9,-42,-10,-45,-9,-43,-8,-47,-10,-45,-5,-44,-10,-43,-5,-44,-1,-44,-7,-44,-4,-40,-1,-38,3,-42,1,-40,7,-38,2,-34,5,-34,6,-38,5,-27,6,-28,9,-23,8,-25,7,-20,13,-22,9,-18,8,-18,12,-17,0,0,0,0,0,0,0,0,0,0,0,0,0,0,0,0,0,0,0,0,0,0,45,-5,47,0,48,-2,50,4,48,8,50,8,50,10,53,8,52,15,53,12,54,15,54,20,62,21,59,24,60,25,56,31,54,28,51,28,53,31,52,34,54,33,52,37,50,34,49,32,48,35,52,33,50,36,45,34,44,32,47,34,43,31,48,35,49,29,46,29,46,29,49,26,44,27,46,23,51,27,52,20,53,23,46,16,53,19,55,20,51,16,58,14,57,15,55,11,61,16,58,12,59,14,61,11,60,11,52,8,63,10,64,11,60,10,0,0]"
CSI_DATA,101,2a:00:00:00:00:00,-36,11,1,0,1,1,1,0,0,0,1,-96,0,11,2,1631013,0,44,0,384,0,"[0,0,0,0,0,0,0,0,0,0,0,0,10,0,10,0,9,-1,10,0,9,0,9,-1,9,-1,9,-1,9,-1,8,-1,9,-1,8,-2,8,-2,8,-2,8,-2,8,-2,8,-2,7,-2,7,-2,7,-2,7,-2,7,-2,7,-2,7,-3,7,-3,7,-3,0,0,8,-3,7,-3,7,-3,7,-3,7,-2,7,-2,7,-2,7,-1,7,-1,7,-1,7,-1,6,-1,6,0,6,0,6,0,5,0,5,0,5,0,5,0,4,0,4,1,3,1,3,1,3,1,3,1,3,1,0,0,0,0,0,0,0,0,0,0,0,0,0,0,-42,-50,-38,-43,-45,-43,-39,-35,-44,-39,-38,-40,-40,-35,-43,-43,-40,-38,-39,-36,-40,-35,-42,-29,-42,-34,-40,-25,-40,-26,-42,-29,-44,-31,-41,-30,-42,-27,-42,-22,-44,-23,-39,-22,-44,-22,-37,-18,-41,-22,-41,-21,-42,-19,-42,-17,-41,-21,-42,-20,-41,-18,-40,-22,-39,-20,-43,-23,-40,-18,-37,-28,-36,-23,-37,-22,-32,-27,-32,-25,-30,-20,-34,-25,-30,-25,-27,-26,-25,-30,-25,-26,-19,-29,-22,-24,-18,-21,-14,-23,-14,-27,-15,-20,-12,-23,-10,-27,-9,-21,-8,-17,-10,-20,0,0,0,0,0,0,0,0,0,0,0,0,0,0,0,0,0,0,0,0,0,0,24,-38,29,-39,29,-35,38,-38,37,-32,37,-34,37,-31,40,-28,43,-31,46,-30,50,-32,50,-33,50,-33,53,-31,59,-29,56,-26,59,-25,57,-24,62,-26,56,-22,59,-20,64,-23,58,-19,59,-17,62,-21,56,-20,57,-17,58,-17,56,-14,56,-19,51,-19,58,-18,54,-18,55,-21,53,-18,50,-20,52,-22,48,-28,53,-27,50,-28,53,-29,48,-31,45,-35,46,-33,44,-31,44,-34,47,-35,47,-36,49,-34,45,-32,45,-39,47,-42,47,-44,45,-38,48,-44,47,-44,43,-42,0,0]"
CSI_DATA,102,2a:00:00:00:00:00,-36,11,1,0,1,1,1,0,0,0,1,-96,0,11,2,1645324,0,44,0,384,0,"[0,0,0,0,0,0,0,0,0,0,0,0,-5,9,-5,9,-4,9,-5,9,-4,9,-5,8,-4,8,-4,8,-4,8,-3,8,-4,8,-4,8,-3,8,-3,8,-3,8,-3,8,-3,8,-3,8,-2,8,-2,8,-2,8,-2,8,-3,8,-2,8,-2,8,-2,8,0,0,-2,8,-2,8,-2,8,-2,8,-2,7,-2,7,-2,7,-3,7,-3,7,-4,7,-4,6,-4,6,-3,6,-3,5,-4,5,-4,5,-4,5,-4,4,-4,4,-4,3,-4,3,-4,3,-4,3,-3,2,-4,2,-4,2,0,0,0,0,0,0,0,0,0,0,0,0,0,0,58,-21,56,-18,58,-23,50,-15,56,-21,46,-20,50,-19,50,-22,46,-22,46,-18,46,-21,45,-24,46,-26,45,-23,42,-23,43,-25,44,-23,41,-25,40,-24,39,-30,39,-30,37,-27,35,-29,31,-28,35,-24,35,-27,36,-29,37,-26,34,-27,34,-30,35,-23,36,-28,35,-26,30,-29,33,-25,34,-27,34,-23,33,-25,39,-17,37,-20,36,-18,36,-14,35,-15,32,-15,34,-14,33,-13,29,-7,28,-9,28,-6,28,-6,26,-5,24,-3,22,-5,21,-4,23,0,20,2,18,1,0,0,0,0,0,0,0,0,0,0,0,0,0,0,0,0,0,0,0,0,0,0,25,37,23,38,20,38,19,43,20,46,21,43,19,44,15,47,14,50,14,49,10,51,12,56,12,58,7,60,6,60,4,54,5,65,2,57,3,60,0,59,0,59,0,61,-6,62,-3,63,-8,64,-2,59,-4,57,-7,58,-5,55,-6,60,-4,57,-5,58,-3,56,-1,55,-3,58,-3,55,0,55,1,54,6,56,5,56,7,56,10,55,9,58,12,54,8,53,11,53,14,52,14,58,14,56,18,53,17,55,18,57,19,59,15,55,25,59,20,61,20,59,0,0]"
CSI_DATA,103,2a:00:00:00:00:00,-36,11,1,0,1,1,1,0,0,0,1,-96,0,11,2,1650058,0,44,0,384,0,"[0,0,0,0,0,0,0,0,0,0,0,0,-11,-3,-11,-2,-11,-2,-11,-3,-11,-2,-11,-2,-10,-2,-10,-1,-10,-1,-10,-1,-10,-1,-10,-1,-10,-1,-10,-1,-10,-1,-10,0,-10,0,-9,0,-9,0,-9,0,-9,0,-9,0,-9,0,-9,0,-9,0,-9,0,0,0,-9,0,-9,0,-9,0,-9,0,-9,-1,-9,-1,-9,-1,-9,-1,-9,-1,-8,-1,-8,-2,-8,-2,-7,-2,-7,-2,-7,-2,-7,-2,-6,-3,-6,-3,-6,-3,-5,-3,-5,-3,-4,-3,-4,-3,-4,-3,-4,-3,-4,-3,0,0,0,0,0,0,0,0,0,0,0,0,0,0,27,57,22,57,28,56,26,53,29,56,27,49,29,48,25,50,24,45,27,48,26,43,30,43,31,46,30,40,27,39,32,39,34,41,26,39,27,39,26,38,32,37,29,35,29,32,30,32,31,33,28,30,33,32,32,34,32,37,32,33,32,31,34,36,29,31,33,33,35,33,28,38,25,28,26,33,26,33,24,32,25,33,21,35,14,37,13,30,11,34,13,28,11,29,10,28,9,30,9,27,8,23,7,25,7,26,1,21,3,21,2,20,-3,21,0,0,0,0,0,0,0,0,0,0,0,0,0,0,0,0,0,0,0,0,0,0,-39,31,-39,27,-39,22,-47,21,-44,17,-43,20,-45,17,-47,19,-52,20,-50,14,-58,10,-58,13,-60,11,-61,11,-64,12,-60,4,-62,4,-59,7,-65,6,-65,4,-60,2,-67,0,-62,-1,-61,-4,-62,-7,-61,0,-62,-5,-65,-7,-59,-5,-63,-1,-57,-1,-64,0,-58,1,-59,1,-60,6,-59,7,-53,7,-57,5,-59,6,-60,9,-62,10,-56,14,-57,13,-57,13,-59,18,-46,20,-55,22,-56,17,-56,23,-56,19,-58,16,-59,24,-59,23,-54,18,-61,22,-55,25,-54,26,0,0]"
CSI_DATA,104,2a:00:00:00:00:00,-36,11,1,0,1,1,1,0,0,0,1,-96,0,11,2,1660036,0,44,0,384,0,"[0,0,0,0,0,0,0,0,0,0,0,0,0,-11,-1,-11,-1,-11,-1,-11,-1,-10,-1,-10,-1,-10,-2,-10,-1,-10,-2,-10,-1,-10,-2,-10,-2,-10,-2,-10,-2,-10,-2,-9,-2,-9,-2,-9,-3,-9,-3,-9,-3,-9,-3,-9,-2,-8,-3,-9,-3,-9,-3,-9,0,0,-3,-9,-3,-9,-3,-9,-2,-8,-2,-9,-3,-9,-2,-9,-2,-9,-1,-8,-1,-8,-1,-8,-1,-8,0,-8,0,-8,0,-7,1,-7,0,-7,1,-6,1,-6,1,-5,1,-5,1,-5,1,-5,1,-5,1,-4,1,-4,0,0,0,0,0,0,0,0,0,0,0,0,0,0,-53,34,-50,32,-53,38,-47,31,-45,33,-46,31,-45,33,-48,36,-40,28,-41,35,-42,30,-40,36,-40,33,-37,34,-36,37,-32,36,-35,40,-33,41,-35,36,-30,32,-35,43,-31,36,-27,40,-27,35,-27,36,-32,37,-27,32,-26,39,-26,39,-25,38,-30,38,-31,38,-30,31,-32,41,-28,31,-35,33,-30,33,-28,33,-33,31,-32,25,-32,24,-32,26,-31,22,-30,26,-32,21,-27,19,-27,20,-31,16,-31,14,-28,9,-28,8,-25,7,-22,6,-23,8,-19,10,-21,7,-21,5,0,0,0,0,0,0,0,0,0,0,0,0,0,0,0,0,0,0,0,0,0,0,-38,-24,-39,-31,-29,-29,-36,-36,-32,-34,-31,-36,-31,-39,-29,-40,-33,-45,-28,-43,-30,-48,-33,-48,-33,-53,-27,-52,-31,-55,-21,-54,-26,-64,-16,-55,-23,-60,-15,-65,-19,-61,-14,-60,-17,-57,-16,-57,-20,-61,-16,-59,-14,-58,-14,-62,-10,-54,-16,-59,-16,-51,-18,-63,-15,-53,-13,-56,-16,-54,-17,-58,-17,-51,-19,-53,-25,-51,-27,-53,-28,-55,-23,-53,-23,-54,-27,-52,-26,-52,-30,-53,-26,-55,-28,-49,-32,-52,-33,-52,-34,-51,-35,-52,-37,-58,-34,-45,-36,-52,-40,-53,-31,-53,0,0]"
CSI_DATA,105,2a:00:00:00:00:00,-36,11,1,0,1,1,1,0,0,0,1,-96,0,11,2,1670171,0,44,0,384,0,"[0,0,0,0,0,0,0,0,0,0,0,0,-9,-7,-9,-6,-9,-6,-9,-7,-9,-6,-9,-6,-9,-6,-9,-6,-9,-6,-9,-6,-9,-5,-9,-5,-9,-5,-9,-5,-8,-5,-9,-4,-9,-4,-9,-4,-9,-4,-9,-4,-9,-4,-9,-4,-8,-4,-9,-4,-9,-4,-9,-3,0,0,-9,-4,-9,-4,-9,-4,-9,-4,-8,-4,-9,-5,-8,-5,-8,-5,-7,-4,-7,-5,-7,-5,-6,-5,-6,-5,-6,-5,-6,-5,-5,-5,-5,-5,-4,-5,-4,-4,-4,-4,-4,-5,-3,-5,-3,-5,-3,-4,-3,-4,-2,-4,0,0,0,0,0,0,0,0,0,0,0,0,0,0,21,59,18,56,19,51,18,54,25,57,18,50,18,52,21,49,20,49,21,48,17,45,27,44,25,48,22,48,24,48,25,44,29,47,25,45,24,41,29,43,28,42,24,36,30,37,30,37,28,39,27,37,32,38,30,35,26,40,28,37,28,36,27,37,26,35,29,36,28,34,24,37,25,42,24,35,23,36,20,36,20,35,18,39,15,37,15,35,11,35,10,32,10,30,10,31,6,27,5,26,6,26,4,25,2,26,1,25,3,24,-1,22,-2,20,0,0,0,0,0,0,0,0,0,0,0,0,0,0,0,0,0,0,0,0,0,0,-37,21,-38,20,-41,20,-42,18,-44,14,-44,15,-48,13,-49,13,-53,14,-51,13,-57,10,-53,9,-61,10,-60,5,-56,2,-57,2,-62,0,-62,-4,-63,-1,-62,-5,-57,-6,-63,-8,-64,-8,-60,-7,-60,-7,-60,-9,-59,-7,-57,-9,-58,-11,-57,-8,-55,-5,-58,-7,-54,-6,-55,-4,-59,-4,-55,-6,-56,-1,-57,-1,-56,3,-58,4,-56,3,-56,7,-56,8,-57,7,-57,8,-53,14,-52,12,-55,11,-56,13,-60,16,-59,14,-56,17,-60,14,-56,16,-59,13,-60,24,-61,19,0,0]"
CSI_DATA,106,2a:00:00:00:00:00,-36,11,1,0,1,1,1,0,0,0,1,-96,0,11,2,1680062,0,44,0,384,0,"[0,0,0,0,0,0,0,0,0,0,0,0,10,-1,10,-1,10,-1,10,-1,10,-1,10,-1,10,-2,9,-2,9,-2,9,-2,9,-2,9,-2,9,-2,9,-2,8,-2,9,-3,8,-3,8,-3,8,-3,8,-3,8,-3,8,-3,8,-3,8,-3,8,-3,8,-3,0,0,8,-3,8,-3,8,-3,8,-3,8,-2,8,-2,8,-2,8,-2,8,-2,8,-1,8,-1,7,-1,7,0,6,0,6,0,6,0,6,0,5,0,5,0,5,0,5,1,4,1,4,1,4,1,4,1,3,1,0,0,0,0,0,0,0,0,0,0,0,0,0,0,-42,-45,-38,-42,-43,-41,-41,-38,-42,-41,-41,-40,-41,-40,-42,-37,-39,-37,-42,-37,-43,-36,-41,-37,-44,-32,-41,-37,-40,-33,-41,-30,-43,-29,-40,-28,-38,-28,-39,-29,-44,-27,-40,-25,-41,-21,-41,-24,-38,-23,-41,-26,-41,-22,-41,-23,-38,-27,-42,-24,-41,-23,-37,-31,-38,-22,-42,-24,-41,-23,-38,-28,-39,-28,-37,-30,-32,-29,-31,-27,-31,-28,-28,-27,-24,-30,-25,-33,-23,-27,-23,-30,-20,-29,-21,-27,-16,-25,-15,-26,-17,-23,-13,-26,-10,-23,-12,-24,-8,-21,-7,-22,-4,-21,0,0,0,0,0,0,0,0,0,0,0,0,0,0,0,0,0,0,0,0,0,0,12,-42,19,-40,15,-42,24,-39,25,-38,28,-38,29,-41,29,-38,33,-39,36,-42,36,-37,40,-41,42,-46,46,-38,44,-37,45,-33,47,-36,52,-31,48,-33,51,-30,50,-32,53,-28,55,-28,54,-28,57,-25,56,-28,48,-24,52,-25,51,-24,51,-28,50,-23,50,-22,51,-25,46,-23,48,-30,47,-25,45,-28,46,-29,44,-28,44,-28,46,-32,44,-34,42,-34,46,-36,39,-32,44,-41,44,-38,43,-40,39,-39,41,-38,43,-39,44,-41,48,-45,40,-37,43,-43,43,-42,44,-44,0,0]"
CSI_DATA,107,2a:00:00:00:00:00,-36,11,1,0,1,1,1,0,0,0,1,-96,0,11,2,1700049,0,44,0,384,0,"[0,0,0,0,0,0,0,0,0,0,0,0,-7,8,-7,7,-6,8,-6,8,-6,8,-6,7,-6,8,-6,8,-6,8,-5,8,-6,8,-5,8,-5,7,-5,7,-5,7,-4,8,-4,8,-5,8,-3,8,-3,8,-4,7,-3,8,-4,8,-3,8,-4,8,-4,8,0,0,-4,8,-4,8,-3,8,-4,8,-3,7,-4,7,-4,7,-4,7,-4,7,-5,7,-5,6,-5,6,-4,5,-5,5,-5,5,-5,5,-5,4,-5,4,-5,4,-5,3,-5,3,-4,3,-4,3,-4,2,-4,2,-4,1,0,0,0,0,0,0,0,0,0,0,0,0,0,0,57,-14,61,-14,58,-15,56,-17,61,-19,56,-17,52,-17,54,-18,53,-19,48,-17,48,-24,47,-24,49,-25,47,-23,46,-23,48,-26,44,-25,46,-26,46,-22,43,-28,45,-30,44,-27,39,-29,40,-28,40,-22,41,-27,45,-27,39,-29,41,-26,40,-30,40,-25,44,-26,37,-27,39,-27,43,-28,45,-27,39,-27,41,-25,43,-25,43,-21,38,-20,40,-17,42,-21,40,-16,39,-16,37,-15,36,-9,35,-10,32,-5,30,-8,28,-5,25,-2,27,-3,29,-4,21,0,23,1,23,-1,0,0,0,0,0,0,0,0,0,0,0,0,0,0,0,0,0,0,0,0,0,0,18,37,19,41,18,42,16,44,13,44,8,47,10,47,9,51,7,56,7,53,6,56,7,58,6,55,0,61,-1,61,-4,59,-2,63,-6,59,-11,60,-9,61,-13,63,-14,64,-13,60,-13,64,-14,60,-15,63,-16,57,-15,58,-13,56,-13,57,-13,55,-15,60,-14,57,-10,52,-11,60,-8,57,-10,56,-7,56,-6,53,-1,56,-1,56,-1,54,2,55,0,57,1,54,10,59,5,57,10,58,9,58,10,55,10,58,7,58,8,62,11,56,10,58,11,62,10,53,0,0]"
CSI_DATA,108,2a:00:00:00:00:00,-37,11,1,0,1,1,1,0,0,0,1,-96,0,11,2,1710694,0,44,0,384,0,"[0,0,0,0,0,0,0,0,0,0,0,0,10,1,10,0,10,0,10,1,10,0,9,0,9,0,9,0,9,-1,9,-1,9,-1,9,-1,9,-1,9,-1,8,-1,9,-2,8,-2,9,-2,8,-2,8,-2,8,-2,8,-2,8,-2,8,-3,8,-3,8,-3,0,0,8,-3,9,-2,8,-2,8,-3,8,-2,8,-2,8,-2,8,-1,8,-1,8,-1,8,-1,7,-1,7,0,7,0,7,0,6,0,6,0,6,0,5,0,5,1,5,1,4,1,4,1,4,1,4,1,3,1,0,0,0,0,0,0,0,0,0,0,0,0,0,0,-32,-48,-36,-47,-42,-46,-35,-50,-35,-42,-39,-47,-38,-40,-38,-48,-35,-43,-40,-40,-38,-40,-37,-35,-39,-36,-40,-36,-39,-37,-40,-35,-37,-33,-39,-32,-40,-30,-40,-30,-42,-31,-39,-27,-43,-25,-42,-27,-39,-31,-41,-28,-40,-28,-42,-28,-39,-23,-42,-24,-42,-25,-41,-26,-38,-28,-43,-23,-39,-21,-38,-30,-40,-28,-39,-24,-36,-31,-35,-27,-35,-28,-33,-28,-28,-32,-35,-32,-25,-27,-27,-29,-21,-26,-26,-28,-21,-23,-19,-24,-20,-22,-16,-27,-12,-22,-13,-25,-12,-24,-14,-21,-8,-21,0,0,0,0,0,0,0,0,0,0,0,0,0,0,0,0,0,0,0,0,0,0,30,-36,33,-33,34,-30,38,-29,41,-33,40,-27,42,-31,44,-25,47,-26,48,-25,49,-19,56,-23,57,-27,57,-20,57,-18,59,-19,63,-17,59,-12,60,-16,63,-13,63,-11,62,-13,63,-11,63,-11,64,-9,63,-12,62,-7,64,-8,59,-6,59,-9,54,-11,57,-9,57,-11,56,-7,53,-12,53,-12,50,-14,56,-19,57,-14,53,-19,56,-18,47,-24,52,-20,54,-23,50,-26,50,-26,50,-24,51,-29,46,-30,51,-27,50,-27,45,-34,53,-30,49,-32,53,-36,51,-39,54,-30,0,0]"
CSI_DATA,109,2a:00:00:00:00:00,-37,11,1,0,1,1,1,0,0,0,1,-96,0,11,2,1730070,0,44,0,384,0,"[0,0,0,0,0,0,0,0,0,0,0,0,2,-11,1,-10,1,-10,1,-10,1,-10,1,-10,1,-10,1,-10,1,-10,0,-10,0,-10,0,-10,-1,-9,-1,-9,-1,-9,-1,-9,-1,-9,-1,-9,-2,-9,-1,-9,-1,-9,-1,-9,-1,-9,-2,-9,-2,-9,-2,-9,0,0,-2,-9,-2,-9,-2,-9,-1,-9,-1,-9,-1,-9,-1,-9,-1,-9,0,-8,0,-8,0,-8,0,-8,0,-8,0,-7,1,-7,1,-7,1,-7,1,-6,1,-6,1,-5,1,-5,1,-5,1,-5,1,-5,2,-4,2,-4,0,0,0,0,0,0,0,0,0,0,0,0,0,0,-46,35,-42,35,-44,34,-43,34,-45,37,-39,36,-43,37,-42,35,-34,33,-39,30,-37,36,-34,31,-33,40,-31,35,-37,36,-32,37,-31,39,-26,34,-31,31,-34,38,-27,36,-27,34,-26,38,-24,34,-28,35,-25,36,-26,38,-25,37,-23,41,-22,40,-26,37,-24,38,-20,37,-20,35,-25,37,-27,34,-26,33,-24,36,-28,34,-30,29,-29,26,-25,27,-28,26,-23,28,-26,28,-29,26,-26,19,-26,22,-24,15,-23,14,-25,11,-25,12,-21,15,-23,7,-20,11,-21,10,-18,2,0,0,0,0,0,0,0,0,0,0,0,0,0,0,0,0,0,0,0,0,0,0,-37,-34,-30,-35,-36,-38,-27,-43,-34,-41,-25,-44,-29,-44,-26,-47,-27,-50,-29,-50,-26,-53,-28,-54,-26,-61,-23,-58,-19,-58,-24,-64,-23,-61,-18,-66,-18,-63,-14,-61,-13,-63,-15,-65,-11,-66,-11,-67,-12,-64,-13,-67,-6,-60,-9,-63,-7,-61,-11,-57,-8,-59,-11,-59,-7,-59,-12,-56,-14,-58,-14,-57,-13,-49,-16,-54,-19,-53,-20,-49,-19,-50,-25,-48,-22,-51,-25,-48,-23,-48,-24,-53,-26,-48,-30,-50,-28,-44,-27,-48,-32,-44,-32,-45,-26,-45,-30,-50,-35,-50,-36,-45,-34,-45,0,0]"
CSI_DATA,110,2a:00:00:00:00:00,-38,11,1,0,1,1,1,0,0,0,1,-96,0,11,2,1740203,0,44,0,384,0,"[0,0,0,0,0,0,0,0,0,0,0,0,-8,-6,-8,-6,-8,-6,-8,-6,-8,-6,-7,-6,-8,-5,-8,-5,-8,-5,-8,-5,-8,-5,-8,-5,-8,-5,-7,-4,-7,-4,-8,-4,-8,-4,-7,-4,-8,-3,-8,-4,-7,-4,-8,-3,-7,-3,-8,-3,-8,-3,-7,-3,0,0,-8,-3,-7,-3,-8,-3,-7,-3,-7,-4,-7,-4,-7,-4,-7,-4,-6,-4,-6,-4,-6,-4,-6,-4,-6,-4,-5,-4,-5,-4,-5,-4,-5,-4,-4,-4,-4,-4,-4,-4,-3,-4,-3,-4,-3,-4,-3,-4,-3,-4,-2,-4,0,0,0,0,0,0,0,0,0,0,0,0,0,0,-12,52,-9,56,-8,56,-11,54,-8,53,-7,56,-6,53,-4,53,-4,48,-7,48,-5,46,-3,46,1,47,0,45,1,46,3,46,3,45,8,48,7,42,5,43,7,46,0,44,10,46,6,41,7,43,9,41,6,41,13,43,7,43,10,38,10,41,4,41,8,39,6,42,5,40,1,40,4,39,1,41,2,40,1,37,3,33,-3,35,-3,39,-4,36,-1,34,-7,31,-10,28,-10,24,-7,25,-8,29,-9,25,-11,21,-10,22,-7,23,-10,18,-10,18,-17,17,0,0,0,0,0,0,0,0,0,0,0,0,0,0,0,0,0,0,0,0,0,0,-47,-5,-50,-3,-50,-7,-51,-11,-51,-10,-52,-17,-53,-18,-54,-19,-54,-22,-55,-21,-58,-22,-56,-22,-65,-25,-61,-27,-61,-32,-56,-36,-58,-36,-58,-31,-60,-35,-58,-40,-54,-38,-53,-43,-52,-39,-56,-39,-54,-41,-53,-37,-51,-39,-50,-41,-44,-34,-48,-38,-42,-36,-51,-38,-49,-39,-49,-33,-45,-33,-46,-33,-46,-25,-49,-28,-49,-26,-53,-23,-49,-24,-49,-21,-50,-24,-51,-18,-49,-22,-55,-14,-52,-18,-52,-14,-56,-18,-49,-14,-55,-14,-54,-9,-59,-8,-49,-10,-56,-11,-58,-9,-61,-16,0,0]"
CSI_DATA,111,2a:00:00:00:00:00,-38,11,1,0,1,1,1,0,0,0,1,-96,0,11,2,1751018,0,44,0,384,0,"[0,0,0,0,0,0,0,0,0,0,0,0,9,-3,9,-3,9,-3,9,-3,9,-3,8,-3,8,-4,8,-4,8,-4,7,-4,8,-4,8,-4,7,-4,7,-4,7,-4,7,-5,7,-5,7,-5,6,-5,6,-5,6,-4,6,-5,6,-5,6,-5,6,-5,6,-5,0,0,6,-5,6,-5,6,-5,6,-5,6,-4,6,-4,6,-4,6,-4,6,-4,6,-4,6,-3,6,-3,5,-3,5,-2,5,-2,5,-2,5,-2,5,-2,5,-1,4,-1,4,-1,4,-1,4,-1,4,-1,4,0,3,0,0,0,0,0,0,0,0,0,0,0,0,0,0,0,-45,-35,-46,-27,-53,-29,-44,-28,-52,-29,-44,-24,-47,-26,-48,-22,-43,-20,-45,-16,-43,-17,-45,-18,-46,-20,-49,-19,-46,-15,-43,-11,-48,-13,-44,-11,-43,-10,-43,-15,-46,-11,-42,-9,-41,-5,-40,-9,-38,-9,-39,-10,-40,-8,-43,-2,-41,-10,-45,-7,-46,-5,-45,-6,-39,-7,-40,-3,-40,-9,-39,-6,-40,-9,-36,-11,-38,-11,-38,-11,-37,-13,-38,-12,-37,-12,-31,-16,-29,-16,-33,-13,-28,-12,-24,-16,-26,-18,-21,-14,-22,-15,-22,-15,-21,-18,-18,-16,-18,-15,-16,-17,-13,-17,0,0,0,0,0,0,0,0,0,0,0,0,0,0,0,0,0,0,0,0,0,0,31,-41,31,-40,35,-38,37,-39,43,-35,40,-36,40,-33,44,-37,48,-36,47,-36,49,-36,49,-36,56,-39,55,-35,57,-33,55,-29,61,-31,60,-30,59,-31,66,-27,63,-27,65,-23,63,-26,61,-27,66,-23,58,-28,59,-22,60,-18,56,-22,57,-23,54,-21,57,-22,56,-25,53,-24,53,-30,52,-29,47,-31,46,-33,42,-29,43,-35,43,-33,41,-36,40,-34,41,-39,34,-39,37,-44,36,-39,39,-41,34,-45,41,-38,34,-40,31,-46,36,-46,28,-44,31,-48,29,-50,34,-51,0,0]"
CSI_DATA,112,2a:00:00:00:00:00,-38,11,1,0,1,1,1,0,0,0,1,-96,0,11,2,1761068,0,44,0,384,0,"[0,0,0,0,0,0,0,0,0,0,0,0,10,-2,9,-3,9,-3,9,-2,9,-3,8,-3,8,-3,8,-3,8,-3,8,-3,8,-3,8,-3,8,-3,7,-3,7,-3,7,-4,7,-4,7,-4,7,-4,7,-4,7,-4,7,-4,7,-4,6,-4,7,-4,6,-4,0,0,6,-5,7,-4,6,-4,6,-5,6,-4,6,-4,6,-4,6,-3,6,-3,7,-3,6,-3,6,-2,6,-2,5,-2,6,-2,5,-2,5,-1,5,-1,5,-1,4,-1,4,-1,4,0,4,0,3,0,4,0,3,0,0,0,0,0,0,0,0,0,0,0,0,0,0,0,-41,-41,-40,-38,-46,-38,-45,-40,-43,-35,-39,-36,-37,-33,-41,-34,-43,-30,-33,-30,-37,-31,-38,-24,-40,-26,-39,-28,-38,-29,-42,-23,-40,-25,-43,-22,-38,-19,-39,-23,-38,-20,-37,-17,-38,-17,-38,-19,-34,-21,-38,-18,-39,-15,-38,-18,-38,-15,-41,-13,-38,-12,-42,-16,-37,-17,-39,-18,-35,-18,-32,-20,-35,-15,-36,-18,-35,-17,-35,-19,-36,-15,-29,-20,-29,-22,-29,-19,-26,-26,-27,-18,-25,-16,-20,-21,-16,-18,-24,-18,-19,-20,-20,-17,-15,-20,-13,-19,-13,-20,-13,-21,-11,-20,0,0,0,0,0,0,0,0,0,0,0,0,0,0,0,0,0,0,0,0,0,0,36,-32,41,-30,45,-28,48,-24,45,-33,47,-23,47,-24,50,-26,54,-28,51,-23,59,-20,58,-24,63,-18,63,-19,62,-21,66,-15,64,-18,68,-15,64,-16,65,-17,60,-16,69,-13,65,-11,64,-10,66,-6,64,-8,62,-7,61,-8,59,-11,60,-7,56,-6,63,-11,56,-10,53,-14,54,-15,53,-20,52,-17,52,-15,49,-17,50,-19,50,-21,46,-28,49,-27,47,-28,49,-28,42,-28,41,-31,42,-32,41,-38,41,-33,40,-37,42,-41,41,-35,36,-36,44,-36,38,-44,46,-43,0,0]"
CSI_DATA,113,2a:00:00:00:00:00,-37,11,1,0,1,1,1,0,0,0,1,-96,0,11,2,1800960,0,44,0,384,0,"[0,0,0,0,0,0,0,0,0,0,0,0,9,-5,9,-5,8,-5,9,-5,8,-5,8,-5,8,-5,8,-6,7,-6,7,-5,8,-5,7,-6,7,-6,7,-5,7,-6,7,-6,6,-6,6,-6,6,-6,6,-6,6,-6,6,-6,6,-6,5,-6,6,-6,6,-7,0,0,6,-7,5,-6,6,-6,6,-7,6,-6,6,-6,6,-6,6,-6,6,-6,6,-5,6,-5,6,-4,6,-4,6,-4,6,-4,6,-3,5,-3,5,-3,5,-3,5,-2,5,-2,4,-2,4,-2,4,-1,4,-1,4,-1,0,0,0,0,0,0,0,0,0,0,0,0,0,0,-60,-10,-59,-4,-62,-4,-60,-3,-62,-1,-54,-1,-53,0,-57,-5,-58,0,-52,-1,-50,0,-52,2,-55,3,-51,4,-49,2,-50,9,-52,3,-51,12,-49,7,-52,9,-53,15,-46,8,-44,12,-42,12,-45,12,-47,11,-46,13,-47,20,-45,11,-42,16,-47,14,-44,17,-44,15,-42,20,-45,16,-43,8,-45,13,-43,12,-45,9,-45,11,-44,5,-43,9,-40,7,-38,2,-39,2,-39,2,-36,-1,-31,0,-33,-2,-31,0,-30,-5,-33,-1,-29,-5,-27,-4,-24,-4,-23,-6,-20,-9,0,0,0,0,0,0,0,0,0,0,0,0,0,0,0,0,0,0,0,0,0,0,6,-50,12,-51,11,-49,14,-47,18,-47,23,-47,20,-49,24,-48,27,-53,27,-46,32,-53,31,-54,30,-59,35,-55,38,-51,39,-48,37,-53,42,-52,43,-49,43,-50,41,-50,44,-48,43,-48,45,-48,47,-47,45,-46,46,-46,46,-43,40,-43,38,-46,38,-40,40,-45,35,-46,34,-41,35,-43,33,-43,29,-46,28,-47,28,-46,25,-46,27,-46,19,-50,23,-50,22,-51,18,-51,16,-58,16,-54,14,-50,18,-52,17,-55,18,-56,16,-56,13,-57,10,-58,6,-61,11,-62,6,-62,0,0]"
CSI_DATA,114,2a:00:00:00:00:00,-37,11,1,0,1,1,1,0,0,0,1,-96,0,11,2,1810073,0,44,0,384,0,"[0,0,0,0,0,0,0,0,0,0,0,0,7,7,8,6,7,6,8,7,7,6,7,6,7,6,7,5,7,6,7,5,7,5,8,5,8,5,8,4,8,5,8,4,8,4,7,4,8,4,8,4,8,4,8,4,7,4,8,3,8,4,8,3,0,0,8,3,8,4,8,4,8,3,7,4,7,4,7,4,7,4,7,4,6,4,7,4,6,5,5,4,5,5,5,4,5,5,4,4,4,4,3,4,3,4,3,4,2,4,2,4,2,4,2,4,1,3,0,0,0,0,0,0,0,0,0,0,0,0,0,0,14,-58,19,-56,14,-59,14,-49,16,-56,14,-57,12,-54,14,-53,4,-55,11,-55,7,-49,6,-53,8,-54,8,-53,4,-51,-1,-52,5,-52,0,-54,4,-50,-3,-47,-5,-55,-3,-45,-3,-54,-2,-49,-1,-51,2,-50,-3,-46,-3,-51,-4,-54,-7,-47,-4,-49,-4,-50,-2,-47,-2,-50,-4,-41,1,-51,0,-50,0,-50,6,-47,2,-44,4,-42,3,-42,8,-43,10,-44,9,-40,6,-37,10,-38,12,-33,9,-31,14,-29,11,-28,10,-26,7,-24,15,-23,14,-22,12,-21,14,-19,0,0,0,0,0,0,0,0,0,0,0,0,0,0,0,0,0,0,0,0,0,0,43,5,45,10,43,7,49,11,43,15,45,18,45,19,47,24,47,21,47,24,47,28,48,30,52,30,51,33,48,39,48,32,48,40,44,42,48,36,42,42,40,45,41,43,40,40,40,42,41,45,44,42,36,42,38,45,41,40,40,43,36,41,41,38,37,37,39,35,39,35,40,38,37,31,41,34,41,29,46,33,48,30,45,27,46,26,47,27,46,25,50,16,54,23,50,20,51,23,51,22,50,23,60,19,55,18,51,21,56,15,61,15,56,17,0,0]"
CSI_DATA,115,2a:00:00:00:00:00,-37,11,1,0,1,1,1,0,0,0,1,-96,0,11,2,1820067,0,44,0,384,0,"[0,0,0,0,0,0,0,0,0,0,0,0,-3,9,-3,10,-3,9,-3,10,-3,9,-3,9,-2,9,-2,9,-2,9,-2,9,-2,9,-2,9,-2,9,-1,9,-1,9,-1,9,-1,9,-1,8,0,9,0,9,0,8,0,9,-1,8,0,9,0,9,0,9,0,0,0,9,0,9,0,9,0,8,0,8,0,9,0,8,-1,8,-1,8,-1,8,-2,8,-2,7,-2,7,-2,7,-2,6,-2,6,-2,6,-3,5,-3,5,-3,5,-3,4,-3,4,-3,4,-3,4,-3,3,-3,3,0,0,0,0,0,0,0,0,0,0,0,0,0,0,59,-16,53,-19,57,-19,59,-10,58,-21,48,-17,54,-18,49,-26,52,-19,47,-20,49,-22,48,-23,52,-21,48,-24,48,-21,45,-30,47,-28,42,-26,38,-24,40,-29,41,-28,43,-29,37,-29,35,-29,43,-25,38,-26,43,-30,39,-29,39,-28,38,-31,36,-31,40,-30,37,-28,37,-30,36,-32,40,-28,38,-30,38,-26,41,-20,39,-21,38,-18,40,-21,40,-20,36,-20,33,-19,39,-12,33,-8,34,-13,30,-10,33,-8,33,-4,26,-5,27,-4,26,-6,27,-2,25,-2,27,-2,0,0,0,0,0,0,0,0,0,0,0,0,0,0,0,0,0,0,0,0,0,0,18,37,15,40,16,43,14,45,15,46,6,47,5,44,0,49,5,53,2,51,0,53,1,54,-1,54,-2,60,-6,55,-9,56,-4,59,-10,59,-6,58,-10,58,-14,54,-15,61,-14,55,-16,59,-16,56,-15,57,-18,55,-19,56,-16,54,-15,51,-14,55,-17,53,-9,54,-13,53,-10,53,-14,51,-7,53,-6,52,-6,54,-4,51,-6,51,0,52,-2,56,1,56,4,50,0,55,2,52,7,52,9,53,4,55,6,52,10,56,10,55,14,57,15,54,13,57,18,58,0,0]"
CSI_DATA,116,2a:00:00:00:00:00,-36,11,1,0,1,1,1,0,0,0,1,-96,0,11,2,1830154,0,44,0,384,0,"[0,0,0,0,0,0,0,0,0,0,0,0,-3,10,-3,10,-2,9,-2,10,-2,9,-2,10,-2,9,-2,9,-2,9,-1,9,-2,9,-1,9,-1,9,-1,9,-1,9,-1,9,0,9,0,8,0,9,0,9,0,9,0,9,0,8,1,9,0,9,0,9,0,0,0,9,0,8,0,9,0,8,0,9,0,9,0,8,-1,8,-1,8,-2,8,-2,8,-2,8,-2,7,-2,7,-3,6,-3,6,-2,6,-3,5,-3,5,-3,5,-3,4,-3,4,-3,4,-3,4,-3,3,-3,3,0,0,0,0,0,0,0,0,0,0,0,0,0,0,61,-19,53,-19,55,-23,50,-23,49,-28,53,-22,48,-22,51,-26,47,-22,49,-21,46,-27,42,-29,47,-28,41,-29,43,-29,40,-28,44,-30,36,-31,39,-25,35,-33,40,-31,41,-32,36,-38,36,-32,35,-31,32,-30,35,-32,34,-36,34,-35,35,-35,33,-36,35,-36,36,-32,35,-36,35,-32,38,-34,35,-31,37,-29,41,-28,38,-26,33,-26,38,-29,37,-23,32,-23,31,-17,35,-21,34,-14,35,-14,29,-12,29,-9,27,-7,29,-7,27,-11,25,-8,24,-4,23,-3,22,-4,0,0,0,0,0,0,0,0,0,0,0,0,0,0,0,0,0,0,0,0,0,0,25,35,24,36,24,39,22,40,18,43,13,43,14,45,11,47,14,51,14,48,8,55,12,55,10,56,9,54,2,57,2,53,3,58,1,58,2,62,-7,59,-6,54,-7,55,-5,54,-6,56,-6,56,-7,60,-13,54,-8,56,-7,55,-6,57,-7,52,-9,54,-3,55,-7,49,-4,51,-4,56,0,51,2,54,3,50,2,48,8,52,6,54,5,49,8,50,8,47,16,53,9,49,12,52,12,50,12,52,15,54,18,55,16,54,20,54,23,52,13,54,26,55,0,0]"
CSI_DATA,117,2a:00:00:00:00:00,-36,11,1,0,1,1,1,0,0,0,1,-96,0,11,2,1840232,0,44,0,384,0,"[0,0,0,0,0,0,0,0,0,0,0,0,-3,10,-3,9,-2,10,-2,9,-2,9,-2,9,-2,9,-2,9,-2,9,-1,9,-1,9,-1,9,-1,9,0,9,0,9,0,9,0,8,0,9,1,8,1,9,0,8,1,9,0,8,1,8,1,9,1,8,0,0,1,9,1,9,1,8,0,9,1,8,1,8,0,8,0,8,0,8,-1,8,-1,8,-1,7,-1,7,-1,7,-2,7,-2,6,-2,6,-2,5,-2,5,-2,5,-2,5,-2,4,-2,4,-2,4,-3,4,-3,3,0,0,0,0,0,0,0,0,0,0,0,0,0,0,56,-30,45,-27,49,-36,46,-32,49,-37,45,-31,42,-38,47,-34,42,-32,42,-36,39,-34,38,-37,41,-36,37,-34,37,-36,32,-38,36,-38,31,-37,34,-39,31,-38,26,-42,28,-38,25,-42,24,-43,26,-41,28,-44,27,-41,25,-46,27,-43,31,-43,23,-43,30,-43,23,-39,23,-44,27,-45,27,-39,21,-43,24,-42,25,-42,30,-39,29,-32,29,-34,28,-33,28,-31,32,-33,26,-29,29,-25,25,-26,28,-22,23,-18,26,-19,23,-16,23,-18,22,-17,20,-13,21,-12,22,-10,0,0,0,0,0,0,0,0,0,0,0,0,0,0,0,0,0,0,0,0,0,0,26,35,21,37,21,35,21,42,18,42,15,41,18,46,12,45,10,49,12,44,9,50,9,53,12,56,8,54,6,56,1,52,0,60,0,53,-1,58,-2,57,3,57,-2,61,-6,55,-5,58,-8,52,-6,58,-7,55,-5,57,-5,52,-6,55,-3,49,-2,54,0,54,-1,53,3,53,2,54,3,48,5,55,5,50,12,51,11,55,14,50,12,52,16,51,13,47,18,50,15,53,22,48,22,47,22,54,23,52,26,50,28,55,21,49,28,51,32,54,31,49,0,0]"
CSI_DATA,118,2a:00:00:00:00:00,-36,11,1,0,1,1,1,0,0,0,1,-96,0,11,2,1850205,0,44,0,384,0,"[0,0,0,0,0,0,0,0,0,0,0,0,-11,-2,-11,-1,-11,-1,-11,-1,-10,-1,-10,-1,-10,-1,-10,-1,-10,-1,-10,0,-10,0,-10,0,-10,0,-10,0,-10,0,-10,1,-9,1,-9,1,-9,1,-9,1,-9,1,-9,1,-9,1,-9,2,-10,1,-10,2,0,0,-10,1,-10,1,-9,1,-9,1,-9,0,-9,1,-9,0,-9,0,-9,0,-9,0,-9,-1,-8,-1,-8,-1,-8,-1,-8,-2,-7,-2,-7,-2,-7,-2,-6,-2,-6,-2,-5,-2,-5,-2,-5,-2,-5,-2,-5,-3,-4,-3,0,0,0,0,0,0,0,0,0,0,0,0,0,0,23,57,18,53,27,54,25,50,29,56,23,50,28,51,24,48,27,46,24,44,26,44,31,44,27,49,29,43,33,41,31,40,31,40,32,45,32,39,34,41,33,37,35,37,34,35,30,40,31,33,32,34,37,34,36,33,37,35,38,30,36,33,35,34,32,34,33,35,32,36,28,33,25,36,30,39,27,39,27,35,27,36,25,35,23,38,20,36,19,34,15,37,15,31,13,33,11,29,12,30,7,29,4,27,1,28,8,26,2,23,2,23,0,24,0,0,0,0,0,0,0,0,0,0,0,0,0,0,0,0,0,0,0,0,0,0,-31,30,-34,28,-35,25,-40,20,-40,19,-42,22,-44,17,-46,16,-47,18,-45,19,-48,19,-49,16,-51,20,-56,15,-56,11,-57,9,-55,6,-58,7,-56,7,-62,3,-62,2,-63,-4,-65,1,-59,-1,-58,-1,-61,2,-62,-4,-58,-1,-60,-4,-58,-2,-58,-2,-55,-3,-58,0,-56,1,-56,-1,-58,2,-54,5,-54,6,-56,8,-55,12,-53,3,-50,14,-54,14,-57,13,-52,14,-49,17,-52,19,-55,21,-56,18,-55,18,-52,24,-53,22,-57,21,-52,18,-56,26,-57,23,-55,28,0,0]"
CSI_DATA,119,2a:00:00:00:00:00,-37,11,1,0,1,1,1,0,0,0,1,-96,0,11,2,1890021,0,44,0,384,0,"[0,0,0,0,0,0,0,0,0,0,0,0,-8,-8,-8,-8,-8,-8,-8,-8,-8,-8,-7,-7,-8,-7,-8,-6,-8,-6,-8,-7,-8,-7,-8,-7,-8,-6,-8,-6,-8,-6,-9,-5,-8,-5,-8,-5,-9,-5,-9,-5,-9,-5,-9,-4,-9,-4,-9,-4,-9,-5,-9,-4,0,0,-9,-4,-10,-4,-9,-4,-9,-4,-9,-5,-9,-5,-9,-5,-9,-5,-8,-4,-8,-5,-8,-5,-7,-6,-7,-5,-6,-5,-6,-5,-6,-5,-6,-6,-5,-5,-5,-4,-5,-4,-4,-5,-4,-5,-4,-5,-3,-5,-3,-4,-3,-4,0,0,0,0,0,0,0,0,0,0,0,0,0,0,12,55,12,55,18,59,15,56,16,53,19,55,14,49,20,55,19,47,13,51,23,50,19,45,24,47,24,46,18,44,23,43,25,44,24,41,22,44,27,36,31,42,25,37,31,39,31,36,28,40,28,39,29,39,32,38,28,38,33,38,29,35,33,39,30,36,32,34,31,37,24,43,27,41,28,39,27,41,24,35,21,38,19,37,19,40,14,36,16,38,16,31,11,36,10,37,9,32,10,32,5,27,7,29,5,25,4,27,3,26,2,25,3,19,0,0,0,0,0,0,0,0,0,0,0,0,0,0,0,0,0,0,0,0,0,0,-42,20,-44,16,-41,12,-53,14,-49,8,-49,6,-53,6,-50,5,-52,4,-53,1,-56,1,-54,-2,-60,-4,-60,-7,-62,-10,-58,-4,-66,-10,-61,-13,-63,-16,-61,-15,-61,-17,-59,-15,-59,-20,-58,-18,-58,-20,-62,-19,-57,-23,-59,-23,-54,-16,-60,-15,-50,-19,-57,-19,-53,-14,-54,-15,-55,-12,-51,-6,-50,-7,-52,-6,-51,-8,-56,-4,-55,-7,-53,0,-54,-3,-58,0,-53,0,-61,3,-57,3,-54,9,-53,8,-54,8,-59,11,-54,9,-57,7,-54,6,-57,16,-64,15,-61,14,0,0]"
CSI_DATA,120,2a:00:00:00:00:00,-37,11,1,0,1,1,1,0,0,0,1,-96,0,11,2,1900995,0,44,0,384,0,"[0,0,0,0,0,0,0,0,0,0,0,0,-10,-5,-10,-5,-10,-5,-10,-5,-10,-4,-10,-4,-10,-3,-10,-3,-10,-3,-10,-3,-10,-3,-10,-3,-10,-3,-10,-3,-10,-3,-10,-2,-10,-2,-10,-2,-10,-2,-10,-1,-10,-2,-10,-1,-9,-1,-10,-1,-10,-1,-10,-1,0,0,-10,-1,-10,-1,-10,-1,-10,-1,-10,-2,-10,-2,-10,-2,-10,-2,-10,-2,-9,-2,-9,-2,-9,-3,-8,-3,-8,-3,-8,-3,-7,-3,-7,-4,-6,-3,-6,-3,-6,-3,-6,-3,-5,-4,-5,-4,-4,-3,-4,-4,-4,-4,0,0,0,0,0,0,0,0,0,0,0,0,0,0,18,60,18,56,21,60,21,50,22,54,20,51,20,52,24,54,23,48,26,48,20,48,23,46,31,45,22,39,24,43,29,39,31,44,28,40,31,43,29,37,35,41,32,37,38,38,35,34,31,36,34,40,34,33,34,37,31,33,32,34,34,39,36,35,30,35,34,39,33,33,33,41,34,39,31,38,29,40,30,39,24,32,25,36,23,40,20,40,19,39,17,34,14,35,14,36,16,29,9,28,7,31,6,32,9,29,5,24,1,24,6,27,4,27,0,0,0,0,0,0,0,0,0,0,0,0,0,0,0,0,0,0,0,0,0,0,-43,22,-44,15,-45,15,-48,13,-45,13,-50,13,-53,7,-53,8,-58,5,-52,8,-58,4,-57,5,-64,8,-64,2,-64,-2,-57,-5,-63,-3,-64,-4,-64,-6,-59,-9,-60,-11,-62,-13,-58,-14,-63,-8,-62,-15,-62,-10,-57,-13,-61,-17,-55,-12,-61,-11,-57,-12,-59,-10,-54,-12,-53,-6,-57,-9,-52,-5,-53,-6,-56,-6,-54,-2,-57,-2,-56,-3,-50,4,-55,3,-53,6,-54,6,-50,8,-55,7,-52,8,-55,12,-52,11,-52,14,-56,17,-62,16,-53,12,-61,14,-62,18,-57,22,0,0]"
CSI_DATA,121,2a:00:00:00:00:00,-37,11,1,0,1,1,1,0,0,0,1,-96,0,11,2,1910262,0,44,0,384,0,"[0,0,0,0,0,0,0,0,0,0,0,0,-10,3,-10,3,-9,3,-9,3,-9,3,-9,3,-9,4,-9,4,-9,4,-8,3,-9,4,-9,4,-8,4,-8,4,-8,4,-8,5,-8,5,-8,5,-7,5,-7,5,-7,4,-7,5,-7,5,-7,5,-8,5,-8,5,0,0,-8,5,-8,5,-7,5,-8,5,-7,4,-8,5,-8,4,-8,4,-8,4,-8,4,-9,3,-8,2,-7,2,-7,2,-8,2,-7,2,-7,1,-7,1,-7,1,-6,1,-6,0,-6,0,-6,0,-5,0,-5,-1,-5,-1,0,0,0,0,0,0,0,0,0,0,0,0,0,0,55,27,58,24,53,22,55,21,57,20,53,17,50,17,55,17,51,13,46,16,55,17,53,11,52,6,49,11,51,10,50,7,50,11,50,4,46,4,53,3,52,2,52,5,46,0,50,-3,46,1,51,4,47,2,50,0,51,2,53,0,52,3,51,3,49,-2,54,0,51,0,51,5,47,2,50,-3,49,0,48,4,49,6,50,9,41,12,46,12,40,9,40,14,37,11,36,10,34,9,31,12,29,11,31,14,24,11,25,13,21,16,20,14,21,16,0,0,0,0,0,0,0,0,0,0,0,0,0,0,0,0,0,0,0,0,0,0,-12,41,-16,43,-19,46,-20,45,-28,46,-25,45,-27,49,-29,45,-33,45,-33,43,-40,44,-42,41,-43,44,-46,41,-41,44,-47,41,-48,42,-47,41,-50,43,-51,40,-50,39,-51,38,-50,35,-52,35,-56,32,-52,36,-51,33,-52,36,-52,35,-47,34,-47,37,-49,35,-47,34,-39,37,-44,37,-42,36,-36,33,-43,37,-40,38,-42,38,-34,39,-37,45,-36,42,-34,41,-28,44,-27,42,-28,44,-26,47,-26,46,-31,46,-31,48,-27,52,-31,50,-27,52,-31,55,-22,53,-22,51,0,0]"
CSI_DATA,122,2a:00:00:00:00:00,-37,11,1,0,1,1,1,0,0,0,1,-96,0,11,2,1920303,0,44,0,384,0,"[0,0,0,0,0,0,0,0,0,0,0,0,-11,-2,-11,-2,-10,-2,-11,-3,-10,-2,-10,-2,-10,-1,-10,-1,-10,-1,-10,-1,-10,-1,-10,0,-10,-1,-10,0,-10,0,-10,1,-10,1,-9,1,-9,1,-9,1,-9,1,-9,1,-9,1,-9,1,-10,1,-10,2,0,0,-10,2,-10,1,-10,1,-10,2,-9,1,-10,1,-9,1,-9,0,-10,1,-9,0,-9,0,-9,-1,-8,-1,-8,-1,-8,-1,-8,-1,-7,-1,-7,-1,-7,-1,-6,-2,-6,-2,-6,-2,-5,-2,-5,-2,-5,-2,-5,-2,0,0,0,0,0,0,0,0,0,0,0,0,0,0,32,52,27,51,36,50,33,44,35,40,30,43,34,42,31,44,33,39,31,37,33,37,32,38,37,36,31,35,34,38,38,36,38,32,39,30,34,30,38,28,42,25,38,31,42,27,37,25,38,25,38,27,39,25,41,25,39,26,40,21,43,25,42,22,39,24,43,22,42,22,38,26,39,25,40,24,39,24,39,22,38,26,37,29,30,29,31,25,28,28,28,25,29,26,24,25,21,24,21,26,18,23,18,24,15,22,14,19,11,26,13,25,6,26,0,0,0,0,0,0,0,0,0,0,0,0,0,0,0,0,0,0,0,0,0,0,-41,21,-41,21,-39,19,-51,19,-47,16,-45,15,-49,11,-49,9,-55,13,-53,10,-57,8,-56,6,-63,9,-56,8,-59,2,-59,2,-62,1,-59,-4,-63,-3,-59,-6,-57,-5,-60,0,-59,-13,-60,-12,-64,-6,-57,-6,-56,-6,-58,-3,-56,-6,-58,-1,-53,-5,-53,-4,-54,-4,-51,-2,-60,-3,-53,1,-49,3,-55,5,-50,7,-50,8,-56,8,-52,13,-52,12,-52,14,-50,13,-52,18,-49,16,-47,18,-48,20,-51,19,-49,22,-46,27,-56,26,-50,24,-52,29,-58,31,-52,30,0,0]"
CSI_DATA,123,2a:00:00:00:00:00,-37,11,1,0,1,1,1,0,0,0,1,-96,0,11,2,1930147,0,44,0,384,0,"[0,0,0,0,0,0,0,0,0,0,0,0,9,2,9,1,9,1,9,2,9,2,9,1,9,1,9,1,9,1,8,1,9,0,9,0,9,0,8,0,8,0,8,-1,8,-1,8,-1,8,-1,8,-1,8,0,8,-1,8,-1,8,-1,8,-1,8,-2,0,0,8,-2,8,-1,8,-1,8,-2,8,-1,8,-1,8,-1,8,0,8,-1,8,0,8,0,7,0,7,1,7,1,7,1,6,1,6,1,5,1,5,1,5,1,5,1,4,2,4,2,4,2,4,2,3,2,0,0,0,0,0,0,0,0,0,0,0,0,0,0,-21,-55,-21,-55,-22,-50,-19,-56,-22,-57,-21,-52,-23,-51,-21,-54,-22,-48,-19,-41,-20,-47,-24,-47,-24,-45,-26,-44,-24,-41,-25,-44,-28,-45,-33,-43,-25,-45,-26,-41,-28,-43,-32,-40,-33,-35,-31,-37,-26,-39,-29,-39,-27,-39,-29,-38,-34,-41,-36,-40,-31,-38,-30,-42,-28,-40,-30,-39,-31,-35,-27,-38,-22,-40,-30,-40,-24,-41,-22,-40,-22,-38,-23,-37,-12,-41,-16,-42,-17,-38,-15,-39,-10,-34,-13,-39,-9,-31,-12,-30,-5,-29,-7,-27,-3,-26,-2,-30,-5,-27,-2,-29,0,-22,0,0,0,0,0,0,0,0,0,0,0,0,0,0,0,0,0,0,0,0,0,0,36,-31,40,-28,43,-25,48,-22,47,-18,41,-20,47,-19,49,-16,54,-14,51,-18,53,-15,58,-10,60,-13,64,-12,61,-2,59,-2,62,0,60,-8,59,-2,59,2,61,3,66,5,56,3,57,6,59,4,61,1,57,9,56,9,56,8,58,8,50,7,52,5,52,4,54,0,50,4,52,1,48,1,49,-6,49,-4,52,-7,49,-5,50,-7,48,-8,56,-11,46,-8,56,-10,51,-12,46,-14,53,-19,49,-12,51,-14,57,-23,51,-22,49,-19,55,-22,60,-19,54,-20,0,0]"
CSI_DATA,124,2a:00:00:00:00:00,-38,11,1,0,1,1,1,0,0,0,1,-96,0,11,2,1940079,0,44,0,384,0,"[0,0,0,0,0,0,0,0,0,0,0,0,-8,6,-8,6,-7,6,-8,6,-7,6,-7,6,-7,6,-7,6,-7,6,-6,6,-7,6,-6,6,-6,6,-6,6,-6,6,-5,7,-5,7,-5,6,-5,7,-5,6,-5,6,-5,7,-5,7,-4,7,-5,7,-5,7,0,0,-5,7,-5,7,-5,7,-5,7,-5,6,-5,7,-5,6,-5,6,-6,6,-6,6,-6,6,-6,5,-5,4,-6,4,-6,4,-6,4,-5,3,-5,3,-5,3,-5,3,-5,2,-5,2,-5,2,-5,2,-5,1,-5,1,0,0,0,0,0,0,0,0,0,0,0,0,0,0,54,11,54,13,58,7,56,14,56,5,53,8,47,6,52,1,54,6,49,6,51,5,47,2,51,2,50,3,45,-2,46,-7,50,-2,43,-9,47,-1,43,-9,50,-11,45,-8,44,-10,42,-11,46,-7,46,-10,43,-5,46,-13,46,-14,48,-13,45,-14,44,-12,39,-10,48,-15,46,-11,47,-10,44,-9,45,-5,42,-5,48,-5,42,-6,41,-6,40,-1,37,-2,36,-1,37,1,38,5,34,3,27,0,31,1,27,6,28,9,26,3,21,3,24,6,23,9,24,10,0,0,0,0,0,0,0,0,0,0,0,0,0,0,0,0,0,0,0,0,0,0,-11,51,-10,44,-15,50,-14,50,-16,49,-24,44,-20,46,-25,48,-29,51,-25,51,-31,49,-28,53,-33,53,-30,49,-36,46,-39,48,-40,51,-43,46,-40,49,-41,51,-50,45,-44,44,-43,42,-45,45,-42,45,-42,41,-44,41,-45,41,-44,37,-41,40,-39,36,-35,41,-40,40,-36,35,-36,40,-32,38,-31,37,-30,45,-31,41,-25,39,-33,48,-24,47,-25,48,-25,48,-22,48,-21,46,-20,46,-21,49,-19,49,-17,53,-10,54,-11,53,-18,53,-13,52,-11,58,-11,59,-13,52,0,0]"
CSI_DATA,125,2a:00:00:00:00:00,-38,11,1,0,1,1,1,0,0,0,1,-96,0,11,2,1950051,0,44,0,384,0,"[0,0,0,0,0,0,0,0,0,0,0,0,-9,-6,-9,-5,-9,-5,-9,-5,-9,-5,-8,-5,-9,-4,-9,-4,-9,-4,-9,-4,-9,-4,-9,-4,-8,-4,-8,-4,-8,-3,-9,-3,-8,-3,-8,-3,-8,-2,-9,-2,-8,-2,-9,-2,-9,-3,-9,-2,-9,-3,-8,-2,0,0,-9,-2,-9,-2,-9,-2,-9,-2,-8,-2,-9,-2,-8,-3,-8,-3,-8,-3,-8,-3,-8,-3,-7,-4,-7,-4,-6,-4,-6,-4,-6,-3,-6,-4,-5,-4,-5,-4,-5,-4,-4,-4,-4,-4,-4,-4,-3,-4,-3,-4,-3,-4,0,0,0,0,0,0,0,0,0,0,0,0,0,0,21,58,15,54,24,59,22,52,23,57,19,50,16,46,17,47,19,48,18,47,19,44,21,45,30,42,24,45,18,43,23,42,24,44,24,38,24,39,28,38,30,37,25,36,28,35,29,33,28,36,27,38,29,32,32,35,31,33,30,34,34,33,30,34,33,33,32,34,30,33,25,34,30,34,30,36,26,35,23,36,23,33,23,38,13,37,15,37,15,34,16,38,15,37,9,37,8,28,12,27,7,28,8,26,4,24,1,19,4,26,0,20,2,25,0,0,0,0,0,0,0,0,0,0,0,0,0,0,0,0,0,0,0,0,0,0,-49,13,-50,12,-50,14,-56,11,-55,6,-54,3,-58,7,-55,5,-55,4,-58,-2,-64,-8,-62,-7,-68,-4,-67,-12,-63,-9,-67,-11,-67,-13,-68,-15,-65,-14,-60,-13,-63,-18,-69,-18,-66,-16,-60,-22,-61,-24,-62,-22,-54,-25,-57,-22,-57,-21,-58,-17,-55,-16,-58,-16,-54,-13,-51,-10,-57,-8,-55,-9,-57,-7,-52,-6,-51,-9,-54,-3,-58,-2,-52,2,-53,2,-58,-3,-54,4,-55,13,-49,10,-53,6,-56,12,-55,8,-55,7,-53,12,-57,11,-53,14,-57,13,-56,21,-51,25,0,0]"
CSI_DATA,126,2a:00:00:00:00:00,-38,11,1,0,1,1,1,0,0,0,1,-96,0,11,2,1960036,0,44,0,384,0,"[0,0,0,0,0,0,0,0,0,0,0,0,3,-10,3,-10,2,-10,2,-10,2,-10,2,-9,2,-10,2,-9,2,-9,1,-9,1,-9,1,-9,1,-9,0,-9,0,-9,0,-9,0,-9,0,-9,-1,-8,0,-9,0,-9,-1,-9,0,-9,-1,-8,-1,-9,-1,-9,0,0,-1,-9,-1,-9,-1,-9,0,-9,0,-8,-1,-8,0,-9,0,-8,1,-8,1,-8,1,-8,1,-7,1,-7,1,-7,2,-6,2,-6,2,-6,2,-5,2,-5,2,-5,2,-5,2,-4,2,-4,2,-4,2,-4,2,-4,0,0,0,0,0,0,0,0,0,0,0,0,0,0,-55,12,-54,14,-57,11,-57,12,-57,12,-51,15,-51,16,-49,20,-47,13,-47,13,-46,19,-46,11,-46,18,-45,15,-38,14,-42,19,-47,19,-41,16,-43,18,-42,22,-36,22,-39,19,-35,21,-37,21,-35,18,-37,27,-41,23,-34,21,-34,24,-38,24,-35,19,-40,24,-34,21,-33,24,-38,22,-36,22,-35,23,-35,21,-34,22,-38,16,-36,17,-39,13,-35,13,-38,11,-35,10,-34,10,-34,5,-29,10,-31,6,-29,0,-27,6,-24,-2,-23,0,-26,2,-22,0,-24,1,-20,-6,0,0,0,0,0,0,0,0,0,0,0,0,0,0,0,0,0,0,0,0,0,0,-12,-47,-13,-51,-11,-51,-3,-50,-7,-57,-1,-52,0,-53,2,-56,-3,-59,6,-58,8,-61,10,-62,5,-66,11,-66,10,-60,13,-62,12,-68,22,-67,17,-60,21,-60,17,-62,19,-67,24,-59,24,-59,27,-58,28,-58,29,-56,26,-54,21,-58,22,-58,23,-53,21,-54,19,-54,14,-53,12,-53,15,-51,10,-54,14,-56,8,-55,7,-52,12,-53,3,-52,5,-57,1,-52,0,-48,-1,-54,-1,-54,-7,-56,-7,-56,-3,-55,-9,-53,-12,-51,-7,-58,-8,-53,-12,-60,-14,-56,-14,-58,0,0]"
CSI_DATA,127,2a:00:00:00:00:00,-38,11,1,0,1,1,1,0,0,0,1,-96,0,11,2,1970158,0,44,0,384,0,"[0,0,0,0,0,0,0,0,0,0,0,0,-3,-10,-3,-10,-3,-9,-3,-10,-3,-9,-3,-9,-3,-9,-3,-9,-3,-9,-4,-8,-3,-8,-4,-8,-4,-8,-4,-8,-4,-8,-4,-8,-5,-8,-4,-7,-5,-7,-4,-7,-5,-7,-5,-7,-4,-7,-5,-7,-5,-7,-5,-7,0,0,-5,-7,-5,-7,-5,-7,-4,-7,-4,-7,-4,-7,-4,-7,-4,-7,-4,-7,-3,-7,-3,-7,-3,-7,-2,-7,-2,-7,-2,-6,-2,-6,-1,-6,-1,-6,-1,-5,-1,-5,-1,-5,-1,-5,0,-5,0,-5,0,-4,0,-4,0,0,0,0,0,0,0,0,0,0,0,0,0,0,-38,42,-44,43,-41,45,-34,48,-34,42,-36,42,-34,41,-39,46,-33,41,-30,41,-31,38,-25,39,-31,39,-25,42,-25,39,-22,42,-23,42,-22,38,-18,40,-21,38,-20,40,-17,38,-17,46,-18,41,-16,41,-17,39,-15,39,-13,38,-12,42,-10,39,-10,41,-12,39,-13,39,-20,42,-15,42,-15,41,-13,39,-17,39,-16,37,-19,31,-19,30,-18,34,-24,32,-18,32,-18,32,-19,25,-24,27,-17,26,-23,22,-17,15,-22,15,-20,17,-19,10,-16,10,-20,13,-19,11,-19,6,0,0,0,0,0,0,0,0,0,0,0,0,0,0,0,0,0,0,0,0,0,0,-34,-36,-37,-38,-34,-38,-31,-48,-30,-43,-29,-48,-29,-49,-30,-48,-28,-55,-33,-50,-28,-57,-29,-57,-33,-60,-27,-63,-24,-63,-20,-60,-27,-67,-18,-65,-22,-66,-16,-69,-13,-70,-17,-66,-15,-65,-19,-68,-15,-65,-17,-64,-11,-64,-10,-65,-12,-58,-14,-61,-16,-57,-15,-66,-19,-55,-16,-54,-23,-56,-21,-52,-21,-55,-23,-48,-27,-51,-27,-52,-29,-48,-23,-46,-30,-46,-32,-44,-30,-46,-33,-45,-38,-46,-35,-41,-37,-38,-39,-45,-39,-42,-41,-42,-42,-40,-42,-38,-40,-42,-48,-43,-45,-39,0,0]"
CSI_DATA,128,2a:00:00:00:00:00,-38,11,1,0,1,1,1,0,0,0,1,-96,0,11,2,1990042,0,44,0,384,0,"[0,0,0,0,0,0,0,0,0,0,0,0,-4,9,-4,9,-3,9,-4,9,-4,9,-4,8,-3,8,-3,8,-3,8,-2,8,-3,8,-2,8,-2,8,-2,8,-2,8,-2,8,-2,8,-1,7,-1,7,-1,8,-1,7,-1,8,-1,7,-1,7,-1,7,-1,8,0,0,-1,8,-1,7,-1,7,-1,7,-2,7,-2,7,-2,7,-2,7,-3,7,-3,6,-3,6,-3,6,-3,6,-3,5,-4,5,-3,5,-3,5,-3,4,-3,4,-4,3,-3,3,-3,3,-3,3,-3,2,-3,2,-3,1,0,0,0,0,0,0,0,0,0,0,0,0,0,0,55,-21,52,-15,56,-23,56,-20,54,-22,53,-19,50,-19,50,-20,46,-20,42,-20,45,-21,46,-14,42,-22,39,-20,42,-18,38,-20,36,-23,42,-20,35,-24,37,-27,39,-25,35,-23,38,-25,35,-29,34,-24,33,-27,34,-27,34,-28,34,-27,32,-28,32,-26,37,-25,29,-25,35,-30,33,-25,35,-24,35,-27,33,-21,33,-18,37,-19,31,-19,36,-10,36,-13,30,-12,31,-10,30,-11,28,-5,33,-8,27,-4,25,-2,23,-2,23,-1,22,0,18,1,21,-2,21,5,17,7,0,0,0,0,0,0,0,0,0,0,0,0,0,0,0,0,0,0,0,0,0,0,17,46,14,47,14,48,9,49,8,50,9,50,6,55,5,56,3,57,1,59,-4,61,-3,63,-3,67,-7,68,-7,65,-8,60,-13,67,-12,65,-9,65,-15,69,-17,65,-17,66,-15,65,-15,66,-20,63,-18,66,-16,60,-20,59,-17,60,-15,62,-16,55,-14,56,-12,54,-11,55,-12,58,-12,56,-5,54,-7,54,-6,54,-3,52,1,52,5,49,4,57,7,55,5,54,7,51,6,51,9,55,10,54,11,54,8,52,15,59,10,54,16,50,23,60,16,57,22,57,0,0]"
CSI_DATA,129,2a:00:00:00:00:00,-38,11,1,0,1,1,1,0,0,0,1,-96,0,11,2,2010060,0,44,0,384,0,"[0,0,0,0,0,0,0,0,0,0,0,0,-8,-7,-8,-6,-8,-6,-8,-6,-8,-6,-8,-6,-8,-5,-8,-5,-8,-5,-8,-5,-8,-5,-8,-5,-8,-5,-8,-5,-8,-4,-8,-4,-8,-3,-8,-4,-8,-3,-8,-3,-8,-3,-8,-3,-8,-3,-8,-3,-8,-4,-8,-3,0,0,-8,-3,-8,-3,-8,-3,-8,-3,-7,-4,-8,-3,-7,-3,-7,-4,-7,-4,-7,-4,-6,-4,-6,-5,-6,-5,-5,-4,-5,-4,-5,-4,-5,-5,-4,-4,-4,-4,-4,-4,-4,-4,-3,-4,-3,-4,-3,-4,-2,-4,-2,-4,0,0,0,0,0,0,0,0,0,0,0,0,0,0,16,52,6,56,16,56,16,56,13,52,16,51,13,49,19,53,16,47,13,47,18,45,18,43,19,47,19,45,21,43,21,45,22,42,21,39,21,41,22,37,27,37,20,36,24,35,25,36,21,34,25,40,25,38,24,36,25,36,24,32,24,32,28,35,21,35,26,35,27,28,22,37,22,34,25,34,17,34,18,39,17,31,15,35,11,38,14,32,8,30,10,29,9,31,7,29,4,29,3,27,3,25,1,24,0,25,-2,25,-2,21,-3,18,-3,17,0,0,0,0,0,0,0,0,0,0,0,0,0,0,0,0,0,0,0,0,0,0,-50,6,-50,4,-54,3,-56,1,-56,-7,-56,-9,-55,-2,-59,-10,-64,-7,-62,-10,-63,-14,-62,-16,-64,-14,-69,-21,-64,-19,-68,-23,-68,-22,-64,-28,-68,-25,-61,-25,-60,-30,-65,-31,-56,-30,-62,-26,-59,-31,-62,-27,-58,-31,-58,-30,-53,-25,-59,-25,-53,-23,-57,-22,-53,-19,-53,-24,-55,-19,-56,-17,-54,-16,-52,-12,-54,-12,-54,-7,-54,-10,-55,-5,-57,-5,-55,-2,-50,-3,-51,0,-53,-3,-52,6,-60,2,-58,1,-54,8,-55,10,-57,4,-54,8,-57,17,-59,12,-56,9,0,0]"
CSI_DATA,130,2a:00:00:00:00:00,-38,11,1,0,1,1,1,0,0,0,1,-96,0,11,2,2020043,0,44,0,384,0,"[0,0,0,0,0,0,0,0,0,0,0,0,4,-10,4,-10,3,-10,3,-10,3,-10,3,-9,3,-9,2,-9,3,-9,2,-9,3,-9,2,-9,2,-9,2,-9,2,-9,1,-9,1,-9,1,-9,1,-9,1,-9,1,-9,1,-9,1,-9,0,-9,1,-9,1,-9,0,0,1,-9,1,-9,1,-9,1,-9,1,-8,1,-9,1,-9,1,-8,2,-8,2,-8,2,-8,2,-7,2,-7,2,-6,3,-6,3,-6,3,-6,3,-5,3,-5,3,-4,3,-4,2,-4,3,-4,2,-4,2,-3,3,-3,0,0,0,0,0,0,0,0,0,0,0,0,0,0,-56,19,-60,13,-52,19,-56,16,-55,19,-54,15,-52,21,-50,18,-46,22,-46,18,-45,17,-45,26,-44,24,-47,23,-45,17,-44,25,-43,24,-40,25,-37,21,-42,21,-35,25,-36,27,-33,25,-37,29,-37,27,-32,27,-38,30,-34,27,-39,29,-37,28,-35,31,-33,30,-39,28,-37,31,-37,25,-33,26,-32,30,-35,29,-34,24,-35,22,-35,20,-39,16,-34,18,-34,15,-31,17,-33,12,-30,13,-31,8,-30,6,-26,7,-32,3,-29,3,-21,8,-25,2,-25,5,-18,1,-22,-2,0,0,0,0,0,0,0,0,0,0,0,0,0,0,0,0,0,0,0,0,0,0,-13,-50,-9,-53,-3,-54,1,-54,0,-55,5,-55,-2,-56,5,-58,4,-62,9,-60,13,-59,11,-58,13,-70,13,-63,15,-59,17,-62,14,-66,23,-65,20,-65,25,-66,21,-65,27,-65,24,-63,24,-57,27,-59,20,-58,24,-56,24,-56,26,-58,20,-57,20,-53,18,-53,18,-55,18,-55,13,-52,14,-57,9,-55,9,-53,12,-54,8,-59,5,-56,1,-54,3,-56,-4,-56,-2,-50,-8,-56,-5,-54,-5,-55,-7,-59,-7,-56,-11,-52,-12,-56,-13,-55,-8,-59,-8,-60,-16,-55,-18,-57,0,0]"
CSI_DATA,131,2a:00:00:00:00:00,-37,11,1,0,1,1,1,0,0,0,1,-96,0,11,2,2030811,0,44,0,384,0,"[0,0,0,0,0,0,0,0,0,0,0,0,0,10,0,9,1,10,0,10,0,9,0,9,0,9,0,9,0,9,1,9,1,9,1,9,2,8,2,8,1,8,2,8,2,8,2,8,3,8,2,8,2,8,3,8,2,8,3,8,3,8,2,8,0,0,2,8,3,8,3,8,2,8,2,8,2,8,2,8,2,8,1,7,1,7,1,7,1,7,1,7,0,7,-1,6,0,6,0,6,-1,6,-1,5,-1,5,-1,5,-1,5,-1,5,-1,4,-2,4,-2,3,0,0,0,0,0,0,0,0,0,0,0,0,0,0,36,-54,34,-45,32,-47,34,-49,33,-46,27,-41,29,-49,31,-45,30,-46,29,-43,21,-41,23,-46,23,-46,24,-44,26,-47,24,-46,20,-48,22,-47,20,-44,16,-46,18,-47,16,-46,12,-47,13,-47,11,-47,10,-46,14,-44,10,-45,11,-44,10,-46,11,-42,12,-46,9,-47,10,-49,14,-50,14,-41,14,-44,11,-43,18,-45,14,-41,17,-40,23,-37,20,-41,20,-40,21,-32,24,-33,22,-28,20,-31,18,-27,23,-25,20,-24,19,-21,15,-21,18,-21,22,-16,18,-15,19,-12,0,0,0,0,0,0,0,0,0,0,0,0,0,0,0,0,0,0,0,0,0,0,45,33,39,29,46,39,38,30,28,38,37,42,51,41,23,38,29,36,41,51,30,48,48,48,40,56,28,55,32,48,39,59,27,59,29,55,30,53,20,56,19,63,34,62,23,58,28,83,13,51,22,57,20,61,23,53,23,52,21,53,26,54,16,56,18,59,30,50,30,50,32,45,19,49,24,44,28,46,28,44,31,46,34,40,37,41,35,43,35,40,41,35,37,37,41,36,45,36,41,37,42,32,39,36,44,40,45,33,46,40,50,42,45,36,0,0]"
CSI_DATA,132,2a:00:00:00:00:00,-37,11,1,0,1,1,1,0,0,0,1,-96,0,11,2,2040198,0,44,0,384,0,"[0,0,0,0,0,0,0,0,0,0,0,0,6,-9,6,-9,5,-9,5,-9,5,-9,5,-9,5,-9,5,-9,5,-9,4,-9,4,-9,4,-9,3,-9,3,-9,3,-9,3,-10,3,-9,3,-9,2,-9,2,-9,3,-9,2,-9,3,-9,2,-9,2,-10,2,-10,0,0,3,-10,2,-10,2,-10,3,-9,2,-9,3,-9,3,-9,3,-9,4,-9,4,-9,4,-8,4,-8,4,-8,4,-7,4,-6,4,-6,4,-6,4,-6,4,-5,4,-5,4,-5,4,-4,3,-4,3,-4,4,-3,4,-3,0,0,0,0,0,0,0,0,0,0,0,0,0,0,-56,1,-60,-4,-60,3,-57,-3,-54,5,-56,1,-52,6,-57,5,-58,9,-47,6,-52,8,-50,7,-50,3,-49,6,-51,11,-52,11,-56,10,-48,13,-47,14,-48,14,-46,20,-47,13,-42,23,-45,17,-44,15,-44,18,-46,18,-47,27,-43,16,-44,20,-45,18,-45,21,-38,23,-42,19,-42,19,-47,23,-45,19,-42,15,-45,16,-44,11,-44,10,-45,10,-44,7,-41,10,-40,3,-38,3,-40,0,-40,2,-30,0,-35,-5,-29,-5,-32,-2,-29,-2,-27,-2,-21,-4,-24,-6,-23,-10,0,0,0,0,0,0,0,0,0,0,0,0,0,0,0,0,0,0,0,0,0,0,-6,-52,-3,-47,-3,-51,0,-53,1,-51,7,-47,9,-50,6,-52,9,-58,11,-56,17,-57,17,-57,11,-58,21,-59,20,-57,23,-60,19,-58,24,-53,31,-56,28,-53,26,-55,36,-55,33,-52,29,-50,33,-54,30,-56,30,-51,35,-50,29,-52,26,-49,28,-50,28,-46,28,-46,26,-46,28,-54,24,-49,20,-50,18,-53,17,-46,16,-54,18,-48,12,-55,11,-49,8,-54,12,-50,6,-57,9,-53,8,-53,3,-56,7,-53,4,-54,1,-59,6,-55,3,-54,4,-56,0,-61,0,-59,0,0]"
CSI_DATA,133,2a:00:00:00:00:00,-37,11,1,0,1,1,1,0,0,0,1,-96,0,11,2,2050036,0,44,0,384,0,"[0,0,0,0,0,0,0,0,0,0,0,0,-8,6,-8,6,-7,7,-8,6,-7,7,-7,6,-7,7,-7,7,-7,7,-7,7,-7,7,-6,7,-6,7,-6,7,-6,7,-6,7,-5,7,-5,7,-5,7,-5,7,-5,7,-5,7,-5,7,-5,7,-5,8,-5,8,0,0,-5,8,-5,8,-5,8,-5,8,-5,7,-5,7,-5,7,-5,7,-6,7,-6,7,-6,6,-6,5,-6,5,-6,5,-6,5,-6,4,-6,4,-6,3,-6,3,-5,3,-5,3,-5,2,-5,2,-5,2,-5,1,-5,1,0,0,0,0,0,0,0,0,0,0,0,0,0,0,58,10,60,5,56,5,58,11,62,3,51,7,57,7,58,4,56,6,56,4,54,-1,57,2,56,1,53,-3,51,-1,52,-2,54,-7,49,-5,54,-4,53,-7,51,-8,50,-6,50,-10,50,-12,47,-6,54,-10,49,-10,47,-13,45,-10,50,-10,53,-14,52,-7,49,-12,46,-12,49,-12,46,-8,47,-7,48,-11,48,-6,47,-4,48,-8,48,-2,47,-2,48,0,43,2,43,5,39,8,42,5,37,4,35,6,34,8,32,8,28,8,26,7,23,10,27,11,23,11,0,0,0,0,0,0,0,0,0,0,0,0,0,0,0,0,0,0,0,0,0,0,3,44,1,46,-5,48,-6,48,-8,53,-8,49,-9,48,-11,51,-13,51,-14,53,-20,56,-20,54,-21,59,-26,56,-26,52,-28,57,-28,52,-34,55,-30,50,-33,53,-34,51,-35,52,-37,51,-32,47,-41,50,-39,48,-37,43,-34,45,-37,47,-32,43,-32,44,-35,43,-34,43,-33,44,-34,44,-28,44,-29,44,-29,46,-26,47,-21,47,-21,47,-18,52,-20,50,-23,53,-18,44,-19,55,-19,51,-15,52,-10,54,-14,55,-16,55,-11,58,-12,52,-11,59,-7,62,-11,59,-11,64,0,0]"
CSI_DATA,134,2a:00:00:00:00:00,-36,11,1,0,1,1,1,0,0,0,1,-96,0,11,2,2060372,0,44,0,384,0,"[0,0,0,0,0,0,0,0,0,0,0,0,2,-11,2,-10,1,-11,2,-10,1,-11,1,-10,1,-10,1,-10,1,-10,1,-10,1,-10,1,-10,0,-10,0,-10,0,-9,-1,-10,-1,-10,-1,-10,-2,-10,-2,-10,-1,-10,-2,-10,-1,-10,-2,-10,-1,-10,-1,-10,0,0,-2,-10,-2,-10,-2,-10,-2,-10,-1,-10,-1,-10,-1,-10,-1,-10,0,-10,0,-10,1,-10,1,-9,1,-9,0,-8,1,-8,1,-8,1,-8,1,-7,1,-7,1,-6,2,-6,1,-6,2,-6,2,-5,2,-5,2,-4,0,0,0,0,0,0,0,0,0,0,0,0,0,0,-47,46,-41,43,-42,41,-44,41,-39,43,-43,39,-35,38,-39,44,-33,38,-34,38,-32,46,-34,44,-33,46,-29,41,-37,42,-28,43,-28,48,-29,44,-26,45,-23,45,-28,45,-24,47,-22,46,-22,48,-25,46,-22,48,-24,47,-23,50,-21,48,-20,53,-20,48,-25,48,-19,48,-21,47,-21,45,-22,47,-24,50,-20,46,-25,44,-31,45,-27,39,-27,38,-27,40,-25,38,-31,33,-26,29,-28,28,-28,27,-25,25,-24,22,-27,22,-26,21,-24,18,-23,20,-21,16,-26,15,-22,10,0,0,0,0,0,0,0,0,0,0,0,0,0,0,0,0,0,0,0,0,0,0,-39,-26,-34,-23,-31,-24,-36,-31,-32,-30,-31,-36,-30,-36,-34,-37,-34,-40,-30,-37,-31,-44,-28,-47,-34,-51,-24,-49,-26,-51,-27,-48,-22,-56,-25,-52,-22,-54,-22,-52,-18,-57,-21,-59,-17,-56,-16,-56,-12,-52,-16,-54,-15,-57,-14,-55,-14,-51,-21,-55,-13,-50,-18,-57,-17,-52,-19,-52,-18,-52,-18,-49,-21,-47,-20,-43,-23,-44,-27,-46,-24,-45,-29,-44,-29,-47,-28,-44,-30,-42,-30,-48,-34,-42,-32,-45,-33,-40,-31,-46,-31,-39,-39,-45,-40,-44,-35,-41,-44,-41,-43,-44,-38,-42,0,0]"
CSI_DATA,135,2a:00:00:00:00:00,-36,11,1,0,1,1,1,0,0,0,1,-96,0,11,2,2070059,0,44,0,384,0,"[0,0,0,0,0,0,0,0,0,0,0,0,-6,-9,-6,-9,-6,-9,-6,-9,-6,-9,-6,-8,-6,-8,-6,-8,-6,-8,-6,-8,-7,-8,-7,-7,-7,-8,-7,-7,-7,-7,-7,-7,-7,-6,-7,-7,-8,-7,-7,-7,-8,-7,-8,-7,-7,-6,-8,-6,-8,-6,-8,-6,0,0,-8,-6,-8,-7,-8,-7,-8,-6,-8,-7,-8,-7,-7,-7,-7,-7,-6,-7,-6,-7,-6,-7,-6,-7,-5,-7,-5,-7,-4,-7,-5,-6,-4,-7,-4,-6,-3,-6,-3,-6,-3,-6,-3,-6,-2,-6,-2,-6,-2,-5,-1,-5,0,0,0,0,0,0,0,0,0,0,0,0,0,0,-26,55,-22,57,-21,58,-21,53,-16,56,-22,57,-18,53,-17,49,-9,56,-12,48,-11,50,-9,51,-8,49,-9,53,-6,50,-6,53,-8,55,-3,56,-7,55,-4,52,0,52,-2,51,2,49,0,54,3,49,0,53,1,51,4,48,2,52,4,49,1,54,-1,54,-2,51,2,54,2,49,-2,47,1,52,4,52,1,50,-7,48,-5,45,-12,45,-9,41,-9,44,-11,45,-16,38,-14,36,-8,42,-13,32,-14,32,-12,30,-15,29,-13,24,-16,23,-17,20,-16,24,-15,21,0,0,0,0,0,0,0,0,0,0,0,0,0,0,0,0,0,0,0,0,0,0,-45,-3,-42,-3,-43,-9,-45,-14,-45,-14,-45,-14,-41,-16,-48,-19,-49,-23,-43,-24,-44,-25,-47,-25,-49,-29,-45,-31,-50,-34,-43,-37,-42,-37,-43,-40,-42,-40,-41,-40,-42,-37,-41,-45,-37,-39,-37,-41,-39,-44,-42,-47,-39,-45,-39,-44,-36,-42,-38,-37,-36,-38,-39,-40,-35,-35,-43,-35,-40,-36,-39,-38,-39,-31,-38,-33,-43,-34,-40,-32,-43,-34,-44,-32,-43,-32,-50,-27,-41,-28,-50,-24,-53,-25,-49,-20,-56,-25,-57,-24,-49,-26,-53,-24,-52,-22,-48,-20,-55,-20,-59,-22,-58,-24,0,0]"
CSI_DATA,136,2a:00:00:00:00:00,-36,11,1,0,1,1,1,0,0,0,1,-96,0,11,2,2080066,0,44,0,384,0,"[0,0,0,0,0,0,0,0,0,0,0,0,3,-10,3,-11,2,-10,3,-11,2,-10,3,-10,2,-10,2,-10,2,-10,1,-10,2,-10,1,-10,1,-10,1,-10,1,-10,1,-10,0,-10,0,-10,0,-10,0,-10,0,-10,0,-10,0,-10,-1,-10,-1,-10,0,-10,0,0,0,-10,0,-10,0,-11,0,-10,0,-10,0,-10,0,-10,1,-10,1,-10,2,-9,2,-9,1,-9,1,-8,2,-8,2,-7,2,-7,2,-7,2,-7,3,-6,2,-6,3,-5,2,-6,2,-5,2,-5,3,-5,3,-4,0,0,0,0,0,0,0,0,0,0,0,0,0,0,-60,8,-53,4,-60,10,-57,8,-57,9,-56,9,-57,14,-55,12,-53,11,-54,15,-52,16,-48,19,-50,20,-45,17,-47,19,-49,23,-53,20,-49,19,-48,22,-48,20,-51,19,-44,16,-48,29,-43,23,-45,26,-47,27,-43,27,-43,26,-48,27,-47,30,-45,21,-48,26,-42,24,-45,25,-43,22,-51,22,-46,23,-47,25,-44,19,-46,17,-48,17,-45,13,-46,8,-45,9,-42,11,-38,6,-38,3,-41,5,-41,4,-36,1,-31,1,-35,1,-32,2,-31,2,-27,-5,-28,-4,-25,-6,0,0,0,0,0,0,0,0,0,0,0,0,0,0,0,0,0,0,0,0,0,0,-22,-36,-21,-39,-20,-40,-13,-48,-14,-46,-11,-50,-10,-43,-10,-47,-11,-51,-7,-50,-6,-53,-4,-54,-7,-56,-2,-56,1,-59,6,-56,5,-60,8,-56,8,-56,9,-62,10,-60,11,-57,13,-52,13,-56,11,-56,7,-58,15,-56,15,-60,12,-51,13,-52,13,-54,9,-49,10,-53,8,-50,9,-53,9,-50,3,-49,5,-53,5,-51,-1,-54,5,-56,0,-53,2,-53,2,-53,-2,-55,0,-48,-4,-51,-9,-54,-7,-54,-9,-53,-9,-54,-6,-61,-7,-59,-5,-53,-11,-58,-12,-57,-9,-59,0,0]"
CSI_DATA,137,2a:00:00:00:00:00,-37,11,1,0,1,1,1,0,0,0,1,-96,0,11,2,2090972,0,44,0,384,0,"[0,0,0,0,0,0,0,0,0,0,0,0,9,-6,9,-6,8,-6,9,-6,8,-6,8,-6,8,-6,8,-6,8,-6,7,-6,8,-7,7,-7,7,-7,7,-7,7,-7,7,-7,6,-8,6,-7,6,-8,6,-7,6,-7,6,-8,6,-8,6,-8,6,-8,6,-8,0,0,6,-8,6,-8,6,-8,6,-8,6,-7,6,-8,6,-7,6,-7,7,-7,7,-7,7,-7,7,-6,6,-5,6,-5,7,-5,7,-5,6,-4,6,-4,6,-3,5,-3,5,-3,5,-2,5,-2,4,-2,5,-2,4,-2,0,0,0,0,0,0,0,0,0,0,0,0,0,0,-57,-20,-55,-18,-61,-17,-56,-16,-58,-17,-57,-14,-55,-15,-56,-15,-53,-15,-53,-16,-52,-13,-54,-10,-57,-10,-54,-8,-51,-8,-53,-4,-59,-7,-54,-2,-52,3,-49,-1,-53,1,-48,4,-46,3,-50,0,-51,1,-52,4,-49,1,-48,4,-50,5,-51,6,-50,0,-55,7,-47,0,-53,4,-49,6,-53,-4,-52,2,-51,1,-50,1,-49,-2,-46,-2,-51,-8,-44,-6,-43,-5,-44,-5,-39,-10,-39,-10,-35,-10,-34,-8,-32,-10,-29,-11,-35,-10,-31,-9,-25,-11,-29,-14,-26,-15,-23,-16,0,0,0,0,0,0,0,0,0,0,0,0,0,0,0,0,0,0,0,0,0,0,6,-42,12,-47,10,-43,13,-43,18,-43,20,-43,22,-44,19,-43,23,-45,25,-45,26,-45,30,-47,32,-47,34,-47,36,-45,37,-41,40,-47,35,-45,37,-44,45,-40,46,-42,42,-39,43,-35,39,-41,44,-36,43,-39,42,-35,40,-37,40,-38,43,-40,37,-37,39,-36,36,-39,38,-39,37,-39,36,-38,30,-35,32,-39,29,-44,30,-40,30,-49,26,-44,31,-44,27,-49,21,-45,20,-46,26,-45,21,-46,24,-52,19,-55,20,-50,19,-57,22,-58,18,-53,21,-56,14,-54,16,-55,0,0]"
CSI_DATA,138,2a:00:00:00:00:00,-37,11,1,0,1,1,1,0,0,0,1,-96,0,11,2,2110077,0,44,0,384,0,"[0,0,0,0,0,0,0,0,0,0,0,0,-3,10,-2,10,-1,10,-2,10,-2,10,-2,10,-2,9,-1,9,-1,9,-1,9,-1,9,-1,9,0,9,0,9,0,9,0,9,0,9,1,9,1,9,1,9,1,9,1,9,0,9,2,9,1,9,1,9,0,0,1,9,1,9,2,9,1,9,1,9,1,9,1,9,0,9,-1,9,-1,9,-1,8,-1,8,-1,8,-1,8,-2,7,-2,7,-2,7,-2,6,-2,6,-2,5,-3,5,-2,5,-2,5,-2,4,-3,4,-3,4,0,0,0,0,0,0,0,0,0,0,0,0,0,0,51,-22,50,-22,53,-25,53,-22,50,-29,47,-28,47,-24,47,-22,42,-29,46,-26,46,-27,44,-29,42,-26,39,-33,42,-31,39,-33,38,-32,37,-34,40,-33,36,-30,38,-38,33,-34,31,-41,33,-32,34,-37,33,-34,28,-36,25,-40,31,-37,34,-39,30,-39,32,-40,31,-34,32,-36,30,-36,33,-38,32,-35,34,-36,30,-33,34,-28,37,-29,34,-29,32,-27,33,-24,33,-27,31,-22,33,-19,31,-23,31,-15,28,-17,28,-16,27,-14,25,-12,26,-10,29,-8,21,-7,20,-9,0,0,0,0,0,0,0,0,0,0,0,0,0,0,0,0,0,0,0,0,0,0,18,42,15,44,10,43,11,52,8,45,7,50,6,48,3,52,4,54,4,49,-1,53,2,55,-1,56,-4,60,-3,58,-8,58,-6,65,-9,60,-4,57,-14,58,-10,55,-14,61,-7,54,-8,59,-12,54,-9,56,-14,54,-15,54,-11,52,-14,57,-12,47,-11,52,-8,56,-7,51,0,54,-8,47,2,45,0,53,0,50,2,51,4,53,3,45,4,51,12,53,8,50,14,51,11,50,11,52,16,48,17,51,21,50,22,50,16,53,16,50,21,53,24,49,23,52,0,0]"
CSI_DATA,139,2a:00:00:00:00:00,-37,11,1,0,1,1,1,0,0,0,1,-96,0,11,2,2120103,0,44,0,384,0,"[0,0,0,0,0,0,0,0,0,0,0,0,-8,7,-7,7,-7,7,-7,7,-7,7,-7,6,-7,7,-7,7,-7,7,-6,7,-6,7,-6,7,-6,7,-6,7,-5,7,-5,8,-5,7,-5,8,-4,7,-4,7,-4,7,-4,7,-5,8,-4,8,-4,8,-4,8,0,0,-5,8,-4,8,-4,8,-5,8,-4,7,-4,7,-5,7,-5,7,-5,7,-6,7,-6,6,-5,6,-5,6,-5,5,-6,5,-6,4,-5,4,-5,4,-5,3,-5,3,-5,3,-5,3,-5,2,-5,2,-5,2,-5,1,0,0,0,0,0,0,0,0,0,0,0,0,0,0,59,-13,54,-7,61,-15,55,-12,53,-12,59,-12,50,-10,58,-16,51,-14,50,-13,51,-14,43,-15,50,-18,46,-15,51,-13,46,-19,48,-18,47,-21,47,-24,41,-21,44,-25,46,-20,43,-24,40,-23,41,-23,43,-25,40,-24,45,-29,42,-24,44,-26,40,-24,42,-27,39,-27,45,-27,41,-26,39,-26,42,-25,40,-22,44,-24,45,-20,42,-21,44,-14,40,-10,36,-11,38,-11,37,-10,39,-7,35,-14,33,-5,34,-7,29,-6,30,-5,27,-5,27,0,24,-4,26,3,26,2,0,0,0,0,0,0,0,0,0,0,0,0,0,0,0,0,0,0,0,0,0,0,4,50,-1,52,-5,49,-5,50,-7,51,-7,54,-7,50,-8,57,-11,60,-12,55,-18,53,-20,55,-16,61,-25,60,-22,59,-21,56,-26,58,-27,56,-26,60,-24,57,-24,54,-32,54,-27,52,-31,50,-32,51,-26,56,-30,50,-28,55,-27,49,-26,55,-24,47,-23,52,-24,47,-17,46,-18,52,-19,48,-15,50,-16,50,-15,52,-15,51,-13,54,-7,52,-8,56,-7,50,-8,54,-9,51,3,53,2,55,3,50,-5,55,-2,54,-2,58,5,63,8,53,3,61,6,61,12,59,0,0]"
CSI_DATA,140,2a:00:00:00:00:00,-37,11,1,0,1,1,1,0,0,0,1,-96,0,11,2,2140087,0,44,0,384,0,"[0,0,0,0,0,0,0,0,0,0,0,0,-2,-10,-2,-10,-2,-10,-2,-10,-2,-10,-2,-9,-2,-9,-3,-9,-3,-9,-3,-9,-3,-9,-3,-9,-4,-8,-4,-8,-4,-8,-4,-8,-4,-8,-4,-8,-5,-7,-4,-7,-4,-7,-5,-8,-4,-8,-5,-7,-5,-8,-5,-7,0,0,-5,-7,-5,-8,-5,-8,-4,-8,-5,-8,-5,-8,-5,-8,-4,-8,-3,-8,-3,-8,-3,-8,-3,-8,-3,-7,-3,-7,-2,-7,-2,-7,-2,-7,-2,-6,-1,-6,-1,-5,-1,-6,-1,-6,-1,-5,-1,-5,0,-5,0,-5,0,0,0,0,0,0,0,0,0,0,0,0,0,0,-38,46,-33,41,-38,46,-34,48,-32,44,-31,43,-34,40,-33,45,-29,46,-31,43,-26,45,-28,39,-22,45,-26,39,-23,39,-24,43,-24,44,-21,39,-19,42,-16,40,-13,45,-19,44,-13,45,-17,48,-10,44,-13,43,-15,41,-16,47,-13,44,-10,48,-15,42,-14,49,-12,43,-10,49,-12,41,-12,46,-12,45,-12,41,-13,44,-14,40,-14,39,-20,41,-21,38,-21,38,-23,38,-22,31,-20,32,-19,30,-20,25,-17,24,-19,28,-21,25,-14,20,-21,16,-19,17,-17,13,-19,13,0,0,0,0,0,0,0,0,0,0,0,0,0,0,0,0,0,0,0,0,0,0,-33,-39,-29,-44,-29,-43,-30,-46,-27,-48,-29,-50,-29,-46,-26,-49,-25,-58,-24,-53,-22,-58,-24,-60,-24,-62,-22,-65,-20,-64,-18,-59,-21,-63,-13,-65,-19,-65,-14,-65,-14,-63,-15,-66,-9,-65,-10,-65,-9,-65,-10,-62,-11,-60,-7,-63,-14,-60,-14,-61,-10,-56,-12,-64,-15,-56,-15,-54,-16,-54,-21,-53,-18,-52,-22,-54,-26,-49,-23,-51,-27,-51,-26,-45,-33,-47,-31,-46,-30,-42,-32,-46,-38,-45,-37,-40,-41,-41,-43,-47,-38,-42,-43,-41,-42,-44,-41,-40,-47,-44,-44,-43,-43,-39,0,0]"
CSI_DATA,141,2a:00:00:00:00:00,-37,11,1,0,1,1,1,0,0,0,1,-96,0,11,2,2150112,0,44,0,384,0,"[0,0,0,0,0,0,0,0,0,0,0,0,5,-9,5,-9,4,-9,5,-9,4,-9,4,-9,4,-9,3,-9,3,-9,3,-9,3,-9,3,-9,3,-9,3,-9,2,-9,2,-9,2,-9,2,-9,1,-8,1,-9,1,-9,1,-9,2,-9,1,-9,1,-9,1,-9,0,0,1,-9,1,-9,1,-9,2,-9,1,-9,1,-9,1,-9,2,-8,2,-8,3,-8,3,-8,3,-7,3,-7,3,-7,3,-6,3,-6,3,-6,3,-5,3,-5,3,-5,3,-4,3,-4,3,-4,3,-4,3,-3,3,-3,0,0,0,0,0,0,0,0,0,0,0,0,0,0,-58,2,-53,5,-57,10,-57,7,-54,9,-56,8,-49,15,-57,9,-49,6,-50,11,-47,13,-48,12,-47,12,-42,9,-45,10,-43,15,-47,15,-45,16,-47,18,-39,17,-45,23,-39,21,-41,24,-40,18,-37,21,-39,20,-40,20,-39,22,-37,24,-38,21,-39,26,-44,25,-37,20,-40,26,-35,24,-41,19,-39,21,-35,21,-42,18,-42,16,-39,17,-42,14,-40,11,-38,14,-40,7,-34,8,-40,5,-31,8,-30,7,-32,2,-30,3,-28,1,-28,4,-28,0,-23,-1,-26,-2,-24,-2,0,0,0,0,0,0,0,0,0,0,0,0,0,0,0,0,0,0,0,0,0,0,-3,-52,-1,-53,5,-51,6,-54,4,-52,15,-54,11,-50,14,-53,11,-57,18,-59,16,-55,18,-57,20,-63,24,-64,22,-67,27,-56,27,-63,26,-58,28,-58,27,-57,27,-57,33,-58,30,-57,29,-55,32,-55,31,-56,33,-53,27,-53,26,-46,30,-54,26,-48,24,-51,23,-48,22,-51,24,-52,20,-51,18,-49,19,-51,14,-51,12,-56,9,-56,7,-50,7,-53,8,-52,10,-53,6,-47,2,-51,0,-53,1,-52,2,-51,-2,-54,-2,-61,0,-61,-5,-46,-5,-58,-9,-64,-2,-58,0,0]"
CSI_DATA,142,2a:00:00:00:00:00,-38,11,1,0,1,1,1,0,0,0,1,-96,0,11,2,2160175,0,44,0,384,0,"[0,0,0,0,0,0,0,0,0,0,0,0,5,-9,5,-9,5,-9,5,-9,4,-9,4,-8,4,-8,4,-8,4,-8,3,-8,4,-9,3,-9,3,-8,3,-8,3,-8,2,-9,2,-8,2,-8,1,-8,2,-8,2,-8,2,-8,2,-8,1,-8,1,-8,2,-9,0,0,2,-9,1,-9,1,-8,2,-8,2,-8,2,-8,2,-8,2,-8,3,-8,2,-7,3,-7,3,-7,3,-6,3,-6,3,-6,3,-6,3,-5,3,-5,3,-5,3,-4,3,-4,3,-4,3,-4,2,-3,3,-3,3,-3,0,0,0,0,0,0,0,0,0,0,0,0,0,0,-59,1,-59,-8,-55,-1,-58,0,-57,-3,-55,-1,-55,-2,-50,-3,-50,1,-47,3,-52,2,-48,4,-49,6,-48,6,-45,9,-46,10,-45,12,-42,11,-45,5,-48,11,-42,11,-42,12,-43,15,-41,16,-44,12,-41,15,-41,15,-41,19,-45,15,-44,16,-45,18,-43,13,-39,12,-40,16,-47,11,-43,12,-43,10,-43,9,-42,8,-41,6,-41,5,-45,5,-37,2,-35,7,-33,-1,-37,-1,-33,-2,-34,-6,-29,-2,-30,-6,-28,-7,-27,-6,-24,-6,-23,-6,-23,-9,-22,-10,-20,-10,0,0,0,0,0,0,0,0,0,0,0,0,0,0,0,0,0,0,0,0,0,0,-4,-54,2,-51,4,-52,6,-57,7,-53,8,-54,13,-58,13,-54,18,-56,13,-55,19,-57,17,-57,24,-61,24,-64,31,-57,28,-64,29,-61,32,-59,29,-60,37,-58,35,-57,36,-56,36,-54,36,-50,33,-50,31,-56,30,-51,32,-52,30,-48,30,-54,29,-47,31,-53,28,-48,28,-46,27,-47,24,-48,22,-46,19,-48,18,-46,17,-50,16,-51,16,-51,14,-57,14,-55,10,-52,15,-53,10,-56,7,-54,8,-53,0,-53,4,-53,1,-58,5,-59,5,-56,1,-56,1,-61,6,-59,0,0]"
CSI_DATA,143,2a:00:00:00:00:00,-38,11,1,0,1,1,1,0,0,0,1,-96,0,11,2,2180114,0,44,0,384,0,"[0,0,0,0,0,0,0,0,0,0,0,0,-6,8,-5,8,-5,8,-5,8,-5,8,-5,7,-5,8,-5,7,-5,7,-4,7,-4,7,-4,8,-3,7,-3,8,-3,7,-3,8,-3,7,-3,7,-2,7,-2,7,-3,7,-2,7,-3,7,-2,7,-2,7,-2,7,0,0,-2,7,-2,7,-2,7,-2,7,-2,7,-3,7,-3,7,-3,6,-4,6,-4,6,-4,6,-4,6,-4,5,-4,5,-4,4,-4,4,-4,4,-4,3,-4,3,-4,3,-4,3,-4,3,-4,2,-4,2,-4,2,-4,1,0,0,0,0,0,0,0,0,0,0,0,0,0,0,55,-8,58,-5,57,-11,58,-6,59,-13,50,-9,50,-13,52,-11,47,-13,46,-8,47,-13,46,-15,47,-16,47,-14,43,-17,43,-17,46,-20,43,-24,41,-16,41,-20,42,-23,42,-17,39,-23,39,-23,40,-20,40,-22,39,-22,36,-22,38,-23,40,-27,37,-19,39,-21,35,-17,38,-25,35,-22,33,-16,36,-16,36,-18,38,-14,36,-12,40,-10,36,-11,35,-8,34,-9,32,-7,34,-4,32,-1,27,-1,28,-3,27,1,25,1,26,1,25,0,22,-1,20,2,21,6,21,5,0,0,0,0,0,0,0,0,0,0,0,0,0,0,0,0,0,0,0,0,0,0,13,52,10,49,4,46,3,54,-3,55,-1,53,-5,52,-1,55,-9,60,-7,60,-8,60,-7,63,-12,63,-15,63,-15,63,-20,62,-19,62,-22,61,-20,59,-23,61,-23,57,-29,63,-29,60,-27,59,-29,57,-22,56,-28,55,-26,57,-22,53,-23,56,-21,50,-24,52,-22,51,-20,48,-19,52,-15,54,-14,53,-13,52,-12,55,-9,49,-9,52,-4,56,-2,54,-4,53,-3,50,-2,59,1,51,4,55,-1,53,4,55,7,50,8,59,5,56,6,51,10,54,8,59,10,54,0,0]"
CSI_DATA,144,2a:00:00:00:00:00,-38,11,1,0,1,1,1,0,0,0,1,-96,0,11,2,2190048,0,44,0,384,0,"[0,0,0,0,0,0,0,0,0,0,0,0,-8,-8,-8,-8,-8,-8,-8,-8,-7,-8,-7,-7,-7,-7,-7,-7,-7,-7,-7,-6,-7,-6,-8,-6,-8,-6,-8,-6,-7,-6,-8,-5,-8,-5,-7,-5,-8,-5,-7,-5,-7,-5,-7,-5,-7,-4,-8,-4,-8,-5,-8,-4,0,0,-8,-4,-8,-5,-8,-5,-7,-4,-7,-5,-7,-5,-7,-5,-6,-5,-6,-5,-6,-5,-6,-5,-5,-5,-5,-5,-5,-5,-4,-5,-4,-5,-4,-5,-3,-5,-3,-5,-3,-4,-3,-4,-2,-4,-2,-4,-2,-4,-2,-4,-2,-4,0,0,0,0,0,0,0,0,0,0,0,0,0,0,-18,55,-15,54,-18,57,-14,52,-13,51,-13,56,-15,55,-11,52,-11,50,-6,45,-10,47,-10,45,-10,53,-4,49,-2,44,-3,45,-2,48,-2,47,-2,45,-6,47,2,47,-2,46,5,45,2,43,3,47,1,43,1,45,7,45,3,40,5,41,1,43,3,40,0,44,4,40,1,42,2,43,1,42,0,42,-2,42,-5,42,-2,39,-5,35,-6,35,-11,38,-9,33,-11,26,-12,27,-9,30,-13,27,-12,21,-13,26,-10,18,-9,17,-8,18,-14,16,-15,17,-14,13,0,0,0,0,0,0,0,0,0,0,0,0,0,0,0,0,0,0,0,0,0,0,-48,-10,-45,-12,-50,-18,-48,-18,-50,-23,-50,-21,-50,-27,-47,-28,-47,-25,-48,-29,-52,-33,-53,-31,-53,-35,-52,-39,-50,-39,-50,-45,-51,-41,-48,-45,-50,-44,-49,-45,-45,-47,-46,-52,-44,-51,-49,-46,-41,-50,-44,-44,-38,-44,-39,-47,-39,-42,-39,-44,-41,-43,-42,-44,-43,-39,-43,-39,-41,-40,-41,-37,-42,-35,-45,-37,-41,-34,-44,-33,-45,-32,-49,-27,-46,-29,-52,-25,-48,-24,-46,-26,-50,-23,-52,-21,-52,-21,-56,-23,-54,-17,-54,-19,-54,-19,-55,-19,-59,-20,-57,-18,-61,-15,0,0]"
CSI_DATA,145,2a:00:00:00:00:00,-38,11,1,0,1,1,1,0,0,0,1,-96,0,11,2,2200089,0,44,0,384,0,"[0,0,0,0,0,0,0,0,0,0,0,0,-3,-10,-3,-10,-3,-10,-3,-10,-3,-10,-3,-10,-3,-9,-3,-9,-3,-9,-3,-8,-3,-9,-3,-9,-4,-9,-4,-8,-4,-8,-4,-8,-4,-8,-4,-7,-4,-8,-4,-8,-4,-7,-4,-8,-4,-7,-5,-7,-4,-7,-4,-7,0,0,-4,-7,-4,-7,-4,-8,-4,-7,-4,-7,-4,-7,-4,-7,-3,-7,-3,-7,-2,-7,-2,-7,-2,-7,-2,-7,-2,-7,-1,-6,-1,-6,-1,-6,-1,-5,-1,-5,0,-5,0,-5,0,-5,0,-4,0,-4,0,-4,0,-4,0,0,0,0,0,0,0,0,0,0,0,0,0,0,-42,47,-43,38,-34,50,-36,51,-34,46,-31,39,-37,43,-38,41,-33,40,-31,38,-31,41,-24,40,-27,47,-24,42,-24,41,-23,41,-25,43,-22,39,-24,43,-20,44,-18,45,-20,40,-14,39,-11,44,-17,38,-18,40,-17,42,-11,42,-12,41,-14,40,-12,41,-15,41,-13,42,-10,38,-13,41,-14,37,-13,42,-15,40,-17,43,-18,39,-17,33,-19,29,-20,31,-20,27,-21,31,-22,24,-22,21,-16,21,-22,21,-21,15,-15,14,-18,16,-16,21,-20,16,-15,16,-20,11,-18,6,0,0,0,0,0,0,0,0,0,0,0,0,0,0,0,0,0,0,0,0,0,0,-35,-42,-34,-40,-32,-43,-32,-46,-32,-47,-28,-50,-29,-52,-26,-55,-26,-53,-29,-54,-19,-59,-22,-61,-21,-61,-23,-63,-19,-65,-21,-62,-18,-67,-15,-66,-18,-63,-11,-62,-14,-69,-14,-68,-10,-71,-11,-64,-8,-66,-9,-68,-10,-61,-12,-63,-12,-62,-13,-65,-17,-59,-13,-59,-16,-57,-14,-55,-14,-60,-19,-53,-23,-54,-19,-54,-23,-52,-27,-54,-26,-53,-33,-51,-29,-49,-32,-53,-30,-47,-33,-41,-37,-48,-39,-44,-36,-45,-40,-49,-38,-46,-41,-49,-44,-49,-43,-42,-43,-45,-49,-39,-48,-47,0,0]"
CSI_DATA,146,2a:00:00:00:00:00,-38,11,1,0,1,1,1,0,0,0,1,-96,0,11,2,2220063,0,44,0,384,0,"[0,0,0,0,0,0,0,0,0,0,0,0,7,7,8,6,7,6,8,7,7,6,7,6,7,5,7,5,7,5,7,5,7,5,7,5,7,4,7,4,7,4,7,3,7,3,7,3,7,3,7,3,7,3,7,3,7,2,7,2,7,3,7,2,0,0,7,2,7,3,7,3,7,2,7,3,7,3,7,3,6,3,6,3,6,3,5,3,5,4,5,4,5,4,4,3,4,3,4,3,3,3,3,3,3,3,2,3,2,3,2,3,2,3,1,3,1,3,0,0,0,0,0,0,0,0,0,0,0,0,0,0,18,-61,16,-58,10,-61,13,-53,10,-57,13,-54,12,-57,9,-58,4,-50,9,-48,8,-49,6,-47,7,-53,3,-49,2,-49,-3,-44,-1,-54,-1,-46,-3,-48,-2,-49,-1,-45,-3,-46,-5,-45,-8,-43,-5,-46,-8,-43,-5,-42,-9,-44,-9,-43,-8,-43,-7,-42,-11,-44,-8,-42,-11,-45,-3,-45,-7,-44,-6,-44,-2,-41,-4,-44,2,-42,0,-35,0,-40,3,-37,1,-37,6,-33,2,-29,3,-28,7,-29,7,-26,8,-25,5,-24,8,-24,8,-20,11,-23,7,-20,7,-23,9,-16,0,0,0,0,0,0,0,0,0,0,0,0,0,0,0,0,0,0,0,0,0,0,52,12,44,19,46,20,49,24,41,25,47,31,41,32,46,33,45,37,47,35,44,38,47,40,50,41,53,45,43,45,39,48,45,48,42,48,43,48,38,54,40,54,41,56,38,52,40,50,41,54,42,49,37,49,36,48,40,46,38,50,35,44,35,48,36,40,41,42,37,42,40,39,37,38,44,34,43,32,49,35,43,33,45,33,45,29,48,29,43,26,49,19,47,24,50,22,53,16,56,15,51,18,57,15,56,15,53,15,56,16,58,16,58,21,0,0]"
CSI_DATA,147,2a:00:00:00:00:00,-37,11,1,0,1,1,1,0,0,0,1,-96,0,11,2,2231131,0,44,0,384,0,"[0,0,0,0,0,0,0,0,0,0,0,0,6,-9,6,-9,5,-9,6,-9,5,-8,5,-8,5,-8,5,-8,5,-8,4,-8,4,-8,4,-8,4,-8,3,-8,3,-8,3,-8,3,-8,3,-8,2,-8,2,-8,3,-8,2,-8,3,-8,2,-8,2,-8,2,-8,0,0,2,-8,2,-8,2,-8,2,-8,2,-8,3,-8,3,-7,3,-7,3,-7,3,-7,3,-7,3,-6,3,-6,3,-6,4,-5,4,-5,3,-5,3,-4,3,-4,3,-3,3,-3,3,-3,3,-3,3,-3,3,-2,3,-2,0,0,0,0,0,0,0,0,0,0,0,0,0,0,-55,-15,-60,-13,-60,-9,-55,-8,-56,-12,-56,-8,-54,-11,-61,-13,-58,-10,-49,1,-48,-4,-49,-3,-51,-8,-47,-3,-47,-4,-48,-1,-49,-2,-49,-2,-47,-6,-49,-2,-47,-1,-46,1,-43,5,-47,0,-44,4,-43,2,-44,6,-39,5,-41,6,-47,7,-43,3,-45,3,-45,0,-46,4,-45,1,-42,1,-44,2,-42,0,-37,-2,-42,-3,-41,-4,-38,-7,-39,-8,-36,-7,-34,-8,-32,-8,-27,-12,-27,-7,-25,-7,-24,-12,-25,-14,-22,-13,-20,-9,-20,-10,-20,-13,-16,-14,-15,-15,0,0,0,0,0,0,0,0,0,0,0,0,0,0,0,0,0,0,0,0,0,0,5,-53,6,-52,8,-53,9,-56,17,-52,18,-55,18,-53,19,-54,25,-55,23,-53,25,-54,26,-53,28,-62,37,-61,36,-55,40,-50,37,-56,41,-54,40,-54,44,-48,39,-52,45,-50,45,-45,44,-52,43,-45,43,-48,44,-45,43,-47,44,-45,42,-47,36,-46,36,-46,35,-43,38,-47,29,-47,35,-48,27,-45,29,-44,27,-45,26,-48,25,-52,23,-51,21,-50,24,-51,20,-52,20,-54,17,-56,13,-55,15,-57,10,-52,18,-54,15,-59,17,-59,11,-51,9,-58,7,-60,13,-63,0,0]"
CSI_DATA,148,2a:00:00:00:00:00,-38,11,1,0,1,1,1,0,0,0,1,-96,0,11,2,2240271,0,44,0,384,0,"[0,0,0,0,0,0,0,0,0,0,0,0,10,-1,10,-2,9,-2,10,-1,9,-1,9,-2,9,-2,9,-2,9,-2,8,-2,9,-2,9,-3,8,-2,8,-2,8,-3,8,-3,8,-3,7,-3,7,-3,7,-3,7,-3,7,-3,7,-3,7,-4,8,-3,7,-4,0,0,7,-4,7,-3,7,-4,7,-4,7,-3,7,-3,7,-3,7,-3,7,-3,7,-2,7,-2,7,-1,6,-1,6,-1,6,-1,6,-1,5,0,5,-1,5,-1,5,0,4,0,4,0,4,0,4,1,4,1,3,1,0,0,0,0,0,0,0,0,0,0,0,0,0,0,-40,-48,-36,-39,-41,-42,-43,-37,-47,-44,-40,-40,-44,-39,-36,-41,-37,-40,-42,-31,-39,-36,-40,-34,-43,-31,-37,-32,-35,-29,-39,-26,-40,-27,-42,-25,-42,-26,-39,-25,-41,-21,-41,-22,-43,-20,-39,-25,-40,-21,-41,-18,-42,-19,-44,-15,-40,-20,-44,-17,-41,-20,-45,-19,-38,-18,-37,-21,-38,-17,-40,-21,-41,-22,-39,-24,-37,-20,-34,-24,-36,-22,-35,-25,-35,-26,-32,-25,-28,-26,-27,-22,-21,-19,-22,-24,-21,-24,-20,-26,-16,-22,-13,-24,-15,-21,-15,-23,-11,-16,-13,-21,-11,-19,0,0,0,0,0,0,0,0,0,0,0,0,0,0,0,0,0,0,0,0,0,0,38,-37,41,-35,41,-33,48,-31,48,-33,46,-30,48,-25,50,-28,53,-26,48,-26,54,-25,59,-24,59,-27,62,-25,64,-19,63,-12,68,-19,60,-14,63,-14,60,-6,64,-12,69,-11,63,-13,61,-10,64,-11,63,-13,65,-9,62,-6,58,-12,59,-12,53,-9,57,-11,55,-11,56,-8,54,-13,56,-16,51,-18,44,-16,50,-19,53,-27,48,-24,46,-28,47,-26,45,-25,44,-28,43,-33,43,-32,41,-34,45,-33,44,-35,39,-33,40,-41,48,-42,43,-37,43,-38,45,-42,41,-47,0,0]"
CSI_DATA,149,2a:00:00:00:00:00,-37,11,1,0,1,1,1,0,0,0,1,-96,0,11,2,2250061,0,44,0,384,0,"[0,0,0,0,0,0,0,0,0,0,0,0,-7,-8,-7,-8,-7,-8,-7,-8,-7,-8,-6,-7,-6,-7,-6,-7,-6,-7,-7,-7,-7,-6,-7,-6,-7,-6,-7,-6,-7,-6,-7,-6,-7,-5,-7,-5,-7,-5,-7,-5,-7,-5,-7,-6,-7,-5,-7,-5,-8,-5,-7,-5,0,0,-7,-5,-8,-5,-8,-5,-7,-5,-7,-5,-7,-6,-7,-6,-7,-6,-6,-6,-6,-6,-6,-6,-6,-6,-5,-6,-5,-6,-4,-5,-4,-5,-4,-6,-4,-5,-3,-5,-3,-5,-3,-5,-3,-5,-3,-5,-2,-5,-2,-4,-2,-4,0,0,0,0,0,0,0,0,0,0,0,0,0,0,-14,57,-12,50,-3,56,-8,55,-8,52,-8,53,-4,53,-8,53,-2,48,-1,46,-3,54,3,49,1,49,1,47,-2,47,3,45,4,50,6,43,2,46,3,46,5,46,4,42,10,45,5,41,9,44,6,41,7,44,13,43,6,42,13,42,8,43,9,46,7,46,8,47,5,41,3,45,7,44,4,46,1,43,2,38,1,45,-3,42,0,43,-6,40,-2,37,-5,33,-9,33,-9,34,-6,26,-8,29,-11,28,-8,30,-10,28,-10,22,-12,25,-14,21,-10,16,0,0,0,0,0,0,0,0,0,0,0,0,0,0,0,0,0,0,0,0,0,0,-47,-3,-50,-7,-45,-9,-53,-15,-48,-17,-52,-16,-50,-17,-53,-18,-53,-20,-54,-23,-55,-29,-54,-28,-58,-35,-53,-35,-51,-33,-51,-31,-57,-40,-51,-39,-55,-39,-52,-41,-50,-42,-52,-39,-47,-39,-47,-42,-42,-40,-48,-41,-44,-43,-45,-41,-43,-38,-47,-41,-40,-32,-46,-36,-44,-32,-42,-30,-47,-32,-43,-28,-38,-28,-46,-28,-44,-24,-52,-26,-50,-23,-44,-24,-47,-22,-50,-22,-46,-19,-55,-15,-52,-14,-52,-14,-55,-9,-51,-14,-54,-16,-54,-11,-56,-17,-52,-13,-62,-10,-62,-9,-65,-11,0,0]"
CSI_DATA,150,2a:00:00:00:00:00,-37,11,1,0,1,1,1,0,0,0,1,-96,0,11,2,2270034,0,44,0,384,0,"[0,0,0,0,0,0,0,0,0,0,0,0,10,0,10,-1,10,-1,10,0,10,-1,9,-1,10,-1,9,-1,9,-1,9,-2,9,-2,9,-2,9,-2,9,-2,9,-2,9,-3,9,-3,8,-3,9,-3,8,-3,9,-3,9,-3,9,-3,9,-3,9,-3,9,-4,0,0,9,-4,9,-3,9,-3,9,-4,9,-2,9,-3,9,-2,9,-2,9,-2,9,-2,9,-2,8,-1,8,-1,7,-1,8,0,7,0,7,0,7,0,6,0,6,0,6,0,5,1,5,1,5,1,5,1,4,1,0,0,0,0,0,0,0,0,0,0,0,0,0,0,-36,-46,-36,-48,-35,-44,-36,-45,-38,-44,-36,-44,-37,-44,-34,-47,-35,-37,-36,-39,-34,-35,-38,-38,-40,-39,-39,-40,-39,-32,-40,-35,-43,-37,-38,-29,-39,-31,-36,-32,-41,-33,-43,-26,-43,-24,-41,-30,-39,-26,-41,-29,-41,-25,-41,-27,-44,-30,-45,-24,-44,-27,-46,-26,-48,-28,-45,-27,-46,-21,-44,-31,-46,-25,-42,-27,-41,-33,-40,-33,-40,-29,-36,-32,-35,-28,-35,-31,-33,-32,-27,-31,-31,-30,-28,-31,-26,-27,-23,-26,-22,-24,-22,-25,-16,-30,-17,-25,-13,-24,-15,-20,-13,-24,0,0,0,0,0,0,0,0,0,0,0,0,0,0,0,0,0,0,0,0,0,0,34,-30,41,-32,38,-26,44,-30,41,-30,41,-28,47,-26,48,-26,51,-20,50,-19,53,-21,57,-21,55,-23,59,-15,56,-18,58,-11,63,-14,61,-9,58,-10,61,-6,60,-12,64,-5,61,-4,59,-6,56,-2,61,-9,56,-4,60,-5,54,-3,55,-6,54,-5,54,-5,49,-4,54,-11,52,-9,49,-13,49,-18,51,-13,50,-14,50,-17,53,-15,49,-22,45,-18,46,-21,47,-24,44,-28,43,-28,48,-28,46,-25,44,-26,48,-30,47,-27,52,-28,46,-30,50,-34,49,-32,51,-36,0,0]"
CSI_DATA,151,2a:00:00:00:00:00,-37,11,1,0,1,1,1,0,0,0,1,-96,0,11,2,2280240,0,44,0,384,0,"[0,0,0,0,0,0,0,0,0,0,0,0,-4,-10,-4,-10,-5,-10,-4,-10,-4,-10,-4,-9,-4,-9,-4,-9,-5,-9,-5,-9,-5,-9,-5,-8,-5,-9,-5,-9,-5,-8,-6,-8,-6,-7,-6,-8,-6,-7,-6,-8,-6,-8,-7,-8,-6,-8,-7,-8,-7,-8,-6,-7,0,0,-6,-7,-7,-8,-7,-8,-6,-8,-6,-8,-7,-8,-6,-8,-6,-8,-5,-8,-5,-8,-5,-8,-4,-8,-4,-8,-4,-8,-3,-8,-3,-7,-3,-8,-3,-7,-3,-7,-2,-6,-2,-6,-2,-6,-2,-6,-1,-6,-1,-6,-1,-5,0,0,0,0,0,0,0,0,0,0,0,0,0,0,-22,51,-25,45,-21,57,-27,49,-20,54,-23,55,-20,51,-22,54,-18,52,-22,52,-20,49,-15,47,-15,52,-11,50,-15,46,-10,51,-10,53,-10,49,-8,48,-3,48,0,48,-8,46,3,53,1,51,-2,49,3,54,-1,47,-1,51,0,51,4,50,-3,51,2,51,0,50,3,52,-2,47,1,51,3,54,1,52,-6,55,-5,45,-5,48,-11,50,-11,46,-5,41,-11,44,-9,42,-13,40,-12,37,-12,36,-12,35,-12,26,-10,30,-8,31,-13,25,-20,28,-14,24,-18,19,0,0,0,0,0,0,0,0,0,0,0,0,0,0,0,0,0,0,0,0,0,0,-42,-14,-39,-14,-41,-18,-45,-21,-45,-23,-39,-25,-42,-27,-41,-27,-42,-29,-42,-30,-39,-36,-42,-34,-45,-38,-40,-37,-40,-42,-38,-43,-43,-44,-35,-47,-37,-44,-35,-43,-33,-44,-34,-49,-34,-46,-31,-48,-33,-50,-31,-46,-28,-46,-29,-48,-28,-45,-32,-46,-29,-45,-35,-46,-31,-43,-34,-39,-30,-40,-28,-38,-35,-37,-34,-36,-38,-38,-41,-32,-36,-39,-42,-32,-40,-35,-45,-33,-43,-32,-41,-22,-42,-29,-46,-33,-48,-27,-48,-27,-47,-21,-48,-28,-53,-29,-49,-26,-54,-22,-58,-31,-56,-23,0,0]"
CSI_DATA,152,2a:00:00:00:00:00,-37,11,1,0,1,1,1,0,0,0,1,-96,0,11,2,2310042,0,44,0,384,0,"[0,0,0,0,0,0,0,0,0,0,0,0,-11,-4,-11,-4,-10,-3,-11,-4,-10,-4,-10,-3,-10,-3,-10,-3,-10,-3,-10,-3,-10,-3,-10,-2,-10,-2,-10,-2,-10,-2,-10,-1,-10,-1,-10,-1,-10,-1,-10,-1,-10,-1,-10,-1,-10,-1,-10,0,-10,-1,-10,0,0,0,-10,0,-10,-1,-10,-1,-10,0,-10,-1,-10,-1,-10,-1,-10,-1,-10,-1,-10,-2,-9,-2,-9,-2,-8,-3,-8,-3,-8,-3,-7,-3,-7,-3,-7,-3,-6,-3,-6,-3,-6,-3,-6,-3,-5,-3,-5,-3,-5,-3,-4,-3,0,0,0,0,0,0,0,0,0,0,0,0,0,0,18,51,21,57,28,59,24,50,24,52,23,48,24,51,24,53,26,49,26,47,24,44,29,40,27,46,27,42,27,41,29,39,32,42,33,38,32,41,33,33,35,38,32,36,34,31,36,32,35,33,31,35,38,30,38,32,36,32,37,32,36,32,39,33,35,32,37,32,37,29,35,35,35,33,35,33,30,33,32,33,32,34,28,33,19,40,25,34,25,34,21,34,18,29,22,34,15,33,14,28,15,29,13,25,13,28,11,29,10,26,8,27,4,25,0,0,0,0,0,0,0,0,0,0,0,0,0,0,0,0,0,0,0,0,0,0,-41,24,-39,17,-44,15,-43,14,-44,15,-45,9,-46,8,-50,9,-53,10,-49,10,-52,3,-52,5,-59,2,-61,2,-59,2,-58,-3,-60,-2,-58,-6,-58,-2,-58,-8,-56,-4,-59,-10,-59,-9,-58,-9,-59,-12,-58,-10,-56,-12,-57,-11,-53,-9,-56,-9,-54,-8,-54,-4,-55,-7,-56,-3,-56,-7,-53,1,-51,0,-52,1,-52,0,-51,4,-55,6,-54,11,-54,8,-56,11,-52,7,-46,14,-51,15,-53,14,-52,17,-58,12,-54,10,-57,17,-60,19,-53,23,-59,20,-54,28,-57,18,0,0]"
CSI_DATA,153,2a:00:00:00:00:00,-37,11,1,0,1,1,1,0,0,0,1,-96,0,11,2,2351802,0,44,0,384,0,"[0,0,0,0,0,0,0,0,0,0,0,0,6,8,6,7,6,7,6,8,6,7,6,7,6,6,6,6,6,6,6,6,6,6,7,5,6,6,7,6,6,5,7,5,7,5,6,4,7,5,7,4,7,5,7,4,7,4,7,4,7,5,7,4,0,0,7,4,7,5,7,5,7,4,7,5,7,5,7,5,7,5,6,5,6,5,6,5,5,5,5,5,5,5,4,5,4,5,4,5,4,4,3,4,3,4,3,4,3,5,2,4,2,4,2,4,1,4,0,0,0,0,0,0,0,0,0,0,0,0,0,0,3,-56,9,-54,1,-58,2,-52,2,-57,3,-52,-3,-49,3,-58,-1,-48,2,-48,-3,-51,-8,-50,-4,-51,-6,-49,-2,-49,-8,-47,-6,-52,-8,-48,-10,-44,-8,-45,-15,-46,-7,-47,-12,-49,-12,-45,-10,-47,-12,-46,-13,-43,-18,-48,-14,-45,-16,-45,-12,-47,-13,-48,-12,-50,-13,-45,-13,-44,-12,-45,-9,-47,-15,-45,-9,-45,-8,-46,-7,-46,-7,-40,-4,-39,-4,-40,-2,-41,-1,-39,2,-37,1,-38,3,-30,3,-32,2,-31,4,-30,5,-30,9,-24,8,-25,8,-23,10,-21,0,0,0,0,0,0,0,0,0,0,0,0,0,0,0,0,0,0,0,0,0,0,46,-4,49,-3,46,2,50,2,48,8,52,6,51,8,51,8,49,12,48,15,53,16,51,21,58,20,56,22,55,25,48,25,55,25,53,27,54,29,51,32,49,31,51,31,51,31,47,30,47,33,46,34,43,34,48,35,42,30,49,28,43,28,49,27,43,26,45,28,43,21,45,22,45,19,45,21,47,19,49,15,49,19,47,15,51,20,55,12,51,11,53,5,52,9,50,4,54,9,55,5,54,9,58,7,54,8,50,7,54,5,61,6,53,2,0,0]"
CSI_DATA,154,2a:00:00:00:00:00,-37,11,1,0,1,1,1,0,0,0,1,-96,0,11,2,2360113,0,44,0,384,0,"[0,0,0,0,0,0,0,0,0,0,0,0,7,6,7,5,7,5,8,6,7,5,7,5,7,5,7,4,7,4,7,4,7,4,7,4,7,4,7,4,7,4,8,3,7,3,7,3,8,3,8,3,7,3,8,3,7,3,8,2,8,3,8,2,0,0,8,2,8,3,8,3,8,2,8,3,8,3,8,3,7,3,7,3,7,3,7,3,6,4,6,4,6,4,5,4,5,3,5,4,4,3,4,3,3,3,3,3,3,4,3,4,3,4,2,3,2,3,0,0,0,0,0,0,0,0,0,0,0,0,0,0,-12,-56,-6,-57,-9,-58,-11,-56,-10,-54,-10,-55,-11,-52,-12,-50,-10,-51,-11,-47,-13,-49,-11,-46,-17,-51,-16,-46,-16,-50,-15,-44,-16,-47,-15,-43,-17,-44,-17,-42,-23,-42,-16,-39,-24,-42,-25,-40,-18,-42,-22,-45,-21,-44,-25,-40,-22,-41,-25,-39,-23,-43,-29,-39,-25,-43,-25,-41,-22,-39,-21,-43,-19,-38,-21,-39,-22,-41,-18,-39,-16,-41,-14,-39,-12,-45,-17,-42,-10,-38,-13,-38,-7,-36,-11,-36,-5,-32,-10,-34,-6,-29,-7,-28,-6,-26,0,-25,-1,-23,2,-22,5,-23,0,0,0,0,0,0,0,0,0,0,0,0,0,0,0,0,0,0,0,0,0,0,47,-4,48,1,50,3,51,2,52,4,49,8,50,8,47,8,53,12,52,13,55,17,53,18,54,21,52,24,56,23,55,26,56,26,56,23,54,26,53,25,53,22,52,33,51,29,53,28,48,30,51,28,45,31,48,28,49,25,51,24,45,26,50,22,44,21,48,18,45,16,47,16,48,13,50,15,49,16,49,12,52,12,51,7,49,9,52,2,45,5,53,6,51,3,48,-3,55,2,53,3,50,0,57,-1,60,-2,55,-7,57,-3,60,-8,54,-4,0,0]"
CSI_DATA,155,2a:00:00:00:00:00,-37,11,1,0,1,1,1,0,0,0,1,-96,0,11,2,2372981,0,44,0,384,0,"[0,0,0,0,0,0,0,0,0,0,0,0,-2,-10,-3,-10,-3,-10,-3,-10,-3,-10,-3,-9,-3,-9,-4,-9,-3,-9,-4,-9,-3,-9,-3,-9,-4,-9,-4,-9,-4,-8,-4,-8,-4,-8,-4,-8,-5,-8,-5,-8,-5,-8,-5,-8,-4,-8,-5,-8,-5,-8,-5,-8,0,0,-5,-7,-5,-8,-5,-8,-5,-8,-5,-8,-5,-8,-5,-8,-5,-8,-4,-8,-3,-8,-3,-8,-3,-8,-3,-8,-3,-8,-2,-7,-2,-7,-2,-7,-1,-6,-1,-6,-1,-6,-1,-6,-1,-6,0,-6,0,-5,0,-5,0,-5,0,0,0,0,0,0,0,0,0,0,0,0,0,0,-26,49,-26,44,-29,50,-24,47,-26,48,-32,49,-26,45,-25,52,-18,43,-24,46,-19,47,-22,42,-19,46,-16,44,-19,42,-18,47,-13,47,-12,45,-13,48,-13,42,-13,44,-9,40,-6,48,-3,42,-7,45,-5,45,-7,41,-5,43,-9,44,-6,46,-6,41,-5,46,-4,43,-7,45,-5,41,-9,45,-4,45,-6,46,-9,40,-11,41,-9,37,-13,37,-15,38,-14,38,-16,37,-15,32,-16,32,-15,30,-16,28,-16,23,-16,18,-18,23,-15,17,-14,20,-16,16,-15,13,-18,14,0,0,0,0,0,0,0,0,0,0,0,0,0,0,0,0,0,0,0,0,0,0,-45,-20,-48,-26,-44,-26,-44,-31,-41,-29,-44,-34,-38,-33,-42,-38,-45,-41,-41,-35,-43,-44,-42,-45,-43,-50,-38,-52,-41,-50,-30,-48,-43,-54,-36,-49,-36,-54,-33,-55,-33,-48,-36,-55,-27,-50,-30,-53,-30,-59,-25,-55,-23,-51,-29,-54,-23,-46,-32,-54,-26,-46,-32,-51,-27,-47,-29,-46,-35,-44,-29,-44,-33,-36,-33,-42,-35,-40,-36,-45,-39,-37,-38,-37,-37,-41,-35,-32,-43,-33,-42,-34,-42,-29,-45,-27,-45,-31,-42,-31,-47,-35,-47,-30,-50,-28,-44,-30,-52,-34,-56,-27,-49,-29,0,0]"
CSI_DATA,156,2a:00:00:00:00:00,-37,11,1,0,1,1,1,0,0,0,1,-96,0,11,2,2380248,0,44,0,384,0,"[0,0,0,0,0,0,0,0,0,0,0,0,8,5,8,4,8,5,8,5,8,4,7,4,7,4,8,4,7,4,8,3,8,3,8,3,7,3,7,3,7,3,8,2,7,2,7,2,7,2,7,2,7,2,8,2,7,2,8,2,8,2,7,1,0,0,8,1,7,2,8,2,7,2,7,3,8,3,7,3,7,3,7,3,7,3,6,3,6,4,6,4,6,4,5,3,5,3,4,4,4,3,4,3,4,3,3,3,3,4,3,3,2,3,2,3,2,3,0,0,0,0,0,0,0,0,0,0,0,0,0,0,-4,-57,-6,-55,-9,-63,-3,-55,-3,-56,-6,-49,-5,-50,-5,-53,-6,-48,-7,-51,-12,-47,-13,-50,-9,-48,-10,-46,-9,-48,-12,-46,-13,-50,-13,-48,-11,-41,-11,-44,-13,-46,-16,-41,-17,-45,-15,-40,-15,-39,-15,-41,-20,-38,-17,-41,-18,-42,-18,-41,-13,-41,-20,-43,-15,-42,-15,-43,-13,-42,-12,-46,-18,-43,-11,-41,-11,-46,-12,-41,-14,-38,-7,-39,-8,-43,-5,-39,-2,-34,-5,-34,2,-34,0,-36,4,-33,6,-27,6,-27,6,-27,5,-27,9,-27,7,-25,6,-24,5,-19,0,0,0,0,0,0,0,0,0,0,0,0,0,0,0,0,0,0,0,0,0,0,44,-9,50,-7,50,-7,54,-2,55,-3,52,2,53,2,50,4,54,5,51,8,56,7,56,9,64,8,58,13,57,14,59,20,58,20,61,22,58,20,55,21,57,19,58,24,58,23,53,24,56,28,53,25,53,22,53,28,49,24,51,25,48,21,52,22,50,20,53,20,51,18,47,17,49,14,50,15,51,14,48,15,50,9,51,8,50,8,52,6,49,6,52,5,54,6,49,3,50,5,54,0,51,1,52,-1,54,-2,51,-7,60,-2,55,-3,58,-3,0,0]"
CSI_DATA,157,2a:00:00:00:00:00,-37,11,1,0,1,1,1,0,0,0,1,-96,0,11,2,2400092,0,44,0,384,0,"[0,0,0,0,0,0,0,0,0,0,0,0,-5,-10,-5,-10,-5,-10,-5,-10,-5,-10,-4,-9,-5,-9,-5,-8,-5,-8,-6,-9,-5,-9,-5,-8,-5,-8,-6,-8,-5,-7,-6,-7,-6,-7,-6,-7,-6,-6,-7,-7,-6,-7,-6,-6,-6,-7,-6,-7,-6,-7,-6,-6,0,0,-6,-6,-7,-6,-6,-6,-6,-6,-6,-6,-6,-6,-6,-7,-6,-6,-5,-6,-5,-7,-4,-6,-4,-7,-4,-7,-4,-6,-3,-6,-3,-6,-3,-6,-2,-5,-2,-5,-2,-5,-2,-5,-2,-5,-1,-5,-1,-5,-1,-4,-1,-4,0,0,0,0,0,0,0,0,0,0,0,0,0,0,-8,59,-13,61,-6,52,-9,57,-8,54,-10,54,0,52,0,53,-8,53,-2,48,-3,48,-1,49,1,50,0,51,1,47,2,48,4,49,5,45,7,40,8,47,11,43,5,46,8,42,5,39,2,37,7,40,7,46,10,38,9,42,9,41,12,40,11,37,16,43,8,41,10,38,10,41,9,37,8,37,8,40,2,39,5,40,1,35,-2,36,0,38,-4,32,-3,35,-4,29,-4,34,-7,26,-9,26,-6,25,-9,23,-4,20,-9,24,-8,24,-10,19,-9,18,0,0,0,0,0,0,0,0,0,0,0,0,0,0,0,0,0,0,0,0,0,0,-52,-11,-48,-15,-53,-15,-46,-21,-52,-24,-46,-20,-50,-24,-51,-29,-53,-28,-51,-34,-52,-33,-53,-35,-53,-38,-53,-42,-51,-39,-55,-43,-49,-39,-51,-40,-45,-43,-48,-47,-46,-48,-43,-49,-44,-51,-48,-49,-46,-48,-44,-48,-43,-43,-42,-43,-42,-42,-44,-40,-44,-37,-42,-38,-46,-37,-42,-37,-43,-32,-45,-32,-48,-32,-44,-29,-47,-29,-48,-26,-43,-26,-49,-19,-49,-21,-53,-22,-46,-20,-55,-19,-48,-19,-51,-12,-52,-14,-55,-14,-58,-12,-59,-8,-56,-14,-58,-12,-62,-7,-60,-14,-64,-7,0,0]"
CSI_DATA,158,2a:00:00:00:00:00,-38,11,1,0,1,1,1,0,0,0,1,-96,0,11,2,2410070,0,44,0,384,0,"[0,0,0,0,0,0,0,0,0,0,0,0,6,-9,6,-9,6,-9,6,-9,5,-8,6,-8,5,-8,5,-8,5,-8,4,-8,5,-8,5,-8,4,-8,4,-8,4,-8,4,-8,3,-8,3,-8,3,-8,3,-8,3,-8,3,-8,3,-8,2,-8,3,-8,3,-8,0,0,3,-8,3,-8,3,-8,3,-8,3,-7,3,-7,3,-7,3,-7,4,-7,4,-6,4,-6,4,-6,4,-6,4,-5,4,-5,4,-4,3,-4,4,-4,3,-4,3,-3,3,-3,3,-3,3,-3,3,-3,3,-2,3,-2,0,0,0,0,0,0,0,0,0,0,0,0,0,0,-62,-6,-56,-7,-63,-4,-59,-6,-59,-4,-58,-2,-49,-5,-51,-6,-53,-3,-50,-1,-50,-4,-47,-1,-55,0,-49,0,-46,0,-49,4,-45,4,-44,0,-50,-1,-48,5,-50,7,-45,6,-41,11,-40,7,-39,6,-46,6,-42,4,-44,11,-45,10,-41,11,-46,7,-47,11,-40,9,-45,12,-41,9,-40,4,-42,4,-38,5,-40,-1,-44,4,-40,-3,-38,-3,-36,-2,-38,-1,-36,-5,-35,-4,-30,-6,-31,-7,-28,-5,-28,-9,-26,-6,-24,-11,-23,-8,-18,-8,-18,-13,-18,-12,-16,-12,0,0,0,0,0,0,0,0,0,0,0,0,0,0,0,0,0,0,0,0,0,0,1,-52,8,-55,6,-51,12,-54,14,-55,18,-54,18,-53,21,-58,22,-58,22,-53,26,-57,27,-57,27,-60,30,-61,35,-60,33,-53,35,-58,33,-57,39,-56,40,-50,42,-48,45,-57,40,-48,38,-50,39,-48,40,-52,41,-52,38,-47,35,-46,36,-50,30,-41,33,-48,28,-43,29,-48,30,-48,30,-48,26,-47,23,-48,23,-50,22,-54,23,-53,17,-50,18,-57,13,-58,13,-55,16,-50,13,-54,12,-56,9,-62,8,-55,8,-56,5,-54,10,-62,8,-58,9,-57,6,-64,9,-59,0,0]"
CSI_DATA,159,2a:00:00:00:00:00,-38,11,1,0,1,1,1,0,0,0,1,-96,0,11,2,2420074,0,44,0,384,0,"[0,0,0,0,0,0,0,0,0,0,0,0,10,-3,10,-3,10,-3,10,-2,9,-2,9,-2,9,-3,9,-3,8,-3,8,-3,8,-3,8,-3,8,-3,8,-3,8,-3,8,-4,7,-4,7,-4,7,-4,7,-4,7,-3,7,-4,7,-4,6,-4,7,-4,7,-4,0,0,7,-4,7,-4,7,-4,7,-4,6,-3,6,-3,6,-3,6,-3,7,-3,7,-2,6,-2,6,-2,6,-1,5,-1,6,-1,5,-1,5,-1,5,-1,4,0,4,0,4,0,4,0,4,0,3,0,3,1,3,1,0,0,0,0,0,0,0,0,0,0,0,0,0,0,-52,-31,-52,-31,-50,-32,-47,-30,-48,-29,-43,-32,-51,-31,-50,-27,-47,-26,-47,-21,-45,-20,-46,-24,-50,-21,-43,-23,-44,-18,-47,-20,-43,-18,-46,-18,-44,-17,-42,-14,-45,-13,-41,-17,-43,-12,-44,-10,-40,-14,-45,-12,-41,-8,-41,-6,-43,-8,-43,-10,-40,-11,-42,-12,-38,-12,-39,-11,-39,-10,-37,-14,-40,-10,-39,-13,-36,-17,-33,-15,-36,-17,-34,-21,-33,-22,-30,-19,-28,-19,-24,-19,-24,-19,-26,-20,-23,-18,-22,-16,-17,-16,-16,-17,-13,-17,-13,-20,-13,-18,-10,-16,-7,-17,0,0,0,0,0,0,0,0,0,0,0,0,0,0,0,0,0,0,0,0,0,0,25,-45,26,-46,29,-44,36,-45,35,-41,34,-41,40,-42,43,-38,43,-43,44,-38,48,-39,50,-40,50,-42,55,-40,55,-38,57,-35,57,-38,54,-33,59,-36,57,-36,61,-33,62,-32,57,-29,58,-29,59,-25,56,-29,53,-26,56,-25,57,-27,51,-27,49,-27,52,-29,50,-27,50,-28,48,-35,46,-31,45,-35,44,-33,42,-34,44,-39,43,-40,38,-41,39,-39,36,-40,33,-40,32,-47,31,-41,33,-46,28,-47,36,-43,29,-42,34,-55,34,-50,29,-49,32,-45,30,-58,29,-54,0,0]"
CSI_DATA,160,2a:00:00:00:00:00,-38,11,1,0,1,1,1,0,0,0,1,-96,0,11,2,2430142,0,44,0,384,0,"[0,0,0,0,0,0,0,0,0,0,0,0,10,-4,9,-4,9,-4,9,-4,9,-4,8,-4,8,-4,8,-4,8,-4,8,-4,8,-4,7,-5,7,-4,7,-4,7,-4,7,-5,6,-5,6,-5,6,-5,6,-5,6,-5,6,-5,6,-5,5,-5,6,-5,5,-5,0,0,6,-5,6,-5,5,-5,6,-5,5,-4,5,-4,5,-4,5,-4,6,-4,6,-4,6,-3,5,-3,5,-2,5,-2,5,-2,5,-2,5,-1,4,-1,4,-1,4,-1,4,-1,3,-1,3,0,3,0,3,0,3,0,0,0,0,0,0,0,0,0,0,0,0,0,0,0,-49,-29,-52,-29,-59,-28,-45,-29,-53,-28,-54,-30,-47,-23,-49,-27,-47,-25,-47,-23,-45,-20,-48,-20,-42,-17,-45,-16,-43,-17,-46,-13,-46,-15,-45,-7,-48,-14,-41,-11,-51,-10,-41,-11,-43,-8,-44,-9,-38,-10,-44,-8,-37,-10,-40,-5,-42,-5,-45,-4,-41,-6,-48,-5,-36,-8,-40,-5,-39,-5,-38,-12,-40,-11,-42,-12,-33,-14,-38,-10,-40,-11,-36,-9,-35,-12,-31,-10,-34,-18,-28,-16,-30,-20,-19,-17,-25,-19,-22,-14,-21,-16,-18,-12,-14,-15,-19,-16,-14,-13,-13,-15,-13,-16,0,0,0,0,0,0,0,0,0,0,0,0,0,0,0,0,0,0,0,0,0,0,30,-44,33,-45,27,-37,40,-45,36,-39,40,-40,41,-37,39,-41,48,-40,41,-39,49,-39,47,-36,52,-46,55,-41,56,-37,54,-27,61,-38,56,-28,57,-34,61,-29,55,-30,65,-28,56,-27,62,-27,59,-24,56,-25,58,-27,61,-26,55,-23,57,-33,49,-24,55,-31,48,-27,46,-31,46,-30,46,-31,40,-33,43,-34,42,-35,42,-37,47,-43,33,-40,37,-42,38,-44,41,-42,35,-36,33,-38,37,-42,33,-45,31,-46,31,-48,27,-51,35,-57,32,-50,33,-54,25,-58,27,-50,0,0]"
CSI_DATA,161,2a:00:00:00:00:00,-38,11,1,0,1,1,1,0,0,0,1,-96,0,11,2,2440083,0,44,0,384,0,"[0,0,0,0,0,0,0,0,0,0,0,0,1,10,2,10,2,10,2,10,2,10,2,9,2,9,2,8,2,9,2,8,2,8,3,8,3,8,3,8,3,8,3,7,3,7,3,7,3,7,4,7,3,7,4,7,3,7,4,6,4,7,3,6,0,0,4,6,4,6,4,6,3,6,3,6,3,6,3,6,3,6,2,6,2,6,2,6,2,6,1,6,1,6,1,5,0,5,0,5,0,4,0,4,0,4,0,4,0,4,-1,4,-1,4,-1,3,-1,3,0,0,0,0,0,0,0,0,0,0,0,0,0,0,46,-41,47,-38,38,-42,39,-42,41,-44,38,-38,36,-43,34,-36,31,-45,34,-37,30,-42,31,-38,32,-38,28,-41,31,-36,26,-38,24,-40,26,-43,24,-41,25,-36,21,-42,22,-37,15,-42,16,-40,22,-40,19,-35,18,-43,14,-41,18,-41,18,-39,21,-36,17,-42,16,-36,18,-36,16,-38,17,-35,17,-36,17,-39,23,-36,19,-31,19,-32,22,-30,24,-27,22,-31,25,-27,24,-22,23,-23,22,-21,23,-20,21,-17,18,-19,18,-17,18,-18,19,-11,16,-12,19,-11,14,-13,0,0,0,0,0,0,0,0,0,0,0,0,0,0,0,0,0,0,0,0,0,0,32,40,26,40,27,44,26,47,21,49,21,47,17,53,24,55,20,58,15,56,14,59,17,60,18,63,16,68,12,66,12,63,15,67,12,65,7,62,7,67,6,65,6,68,7,65,2,67,2,63,3,67,4,62,2,62,8,60,8,61,6,57,8,60,10,55,12,56,15,53,11,53,8,53,17,51,19,49,17,50,19,50,25,49,23,47,29,48,20,48,35,45,29,47,31,43,36,40,36,46,33,46,35,43,37,44,36,42,41,45,44,48,45,45,0,0]"
CSI_DATA,162,2a:00:00:00:00:00,-38,11,1,0,1,1,1,0,0,0,1,-96,0,11,2,2450132,0,44,0,384,0,"[0,0,0,0,0,0,0,0,0,0,0,0,-1,10,-1,10,-1,10,-1,10,-1,9,-1,9,-1,9,0,9,-1,9,0,9,-1,8,0,8,0,8,0,8,0,8,1,8,1,8,0,8,1,7,1,7,1,7,1,7,0,7,1,7,1,8,1,7,0,0,1,7,1,8,1,7,1,7,0,7,1,7,0,7,0,7,-1,7,-1,7,-1,6,-1,6,-1,6,-1,6,-2,5,-2,5,-2,5,-2,4,-2,4,-2,4,-2,4,-2,3,-2,3,-2,3,-3,3,-3,2,0,0,0,0,0,0,0,0,0,0,0,0,0,0,49,-35,45,-36,47,-42,41,-36,42,-33,41,-35,40,-35,43,-39,35,-32,43,-34,35,-36,34,-34,37,-38,34,-34,34,-35,37,-36,34,-37,30,-33,31,-39,26,-36,29,-41,29,-32,27,-37,26,-35,32,-31,25,-36,25,-37,24,-38,26,-35,23,-39,26,-33,29,-35,23,-31,23,-34,25,-31,27,-32,29,-27,29,-34,28,-28,30,-27,29,-25,30,-24,29,-27,27,-21,26,-17,27,-17,28,-12,23,-12,28,-13,23,-6,23,-10,22,-7,24,-10,18,-5,23,-3,18,-6,19,-6,0,0,0,0,0,0,0,0,0,0,0,0,0,0,0,0,0,0,0,0,0,0,40,28,38,39,32,35,34,45,29,45,34,48,30,46,28,50,33,52,26,49,28,55,29,56,29,58,27,57,24,58,14,57,22,69,17,58,17,67,13,67,9,66,8,63,13,62,13,65,11,63,14,61,8,61,8,64,7,54,9,61,8,53,12,59,13,55,13,54,16,52,15,55,18,48,18,51,20,48,26,50,23,49,22,48,25,49,30,48,27,48,24,46,30,46,34,45,29,49,35,45,34,45,39,40,38,49,35,44,33,44,38,51,37,44,0,0]"
CSI_DATA,163,2a:00:00:00:00:00,-37,11,1,0,1,1,1,0,0,0,1,-96,0,11,2,2460039,0,44,0,384,0,"[0,0,0,0,0,0,0,0,0,0,0,0,-9,-7,-9,-7,-9,-7,-9,-7,-8,-7,-8,-7,-8,-6,-8,-6,-8,-6,-8,-6,-8,-6,-8,-5,-8,-6,-8,-5,-8,-5,-8,-5,-8,-4,-8,-4,-8,-4,-8,-5,-8,-4,-8,-4,-8,-4,-9,-4,-8,-4,-8,-4,0,0,-8,-4,-8,-4,-9,-4,-8,-3,-8,-4,-8,-5,-8,-5,-8,-5,-7,-4,-7,-5,-7,-5,-7,-5,-6,-5,-6,-5,-5,-5,-5,-5,-5,-5,-4,-4,-4,-4,-4,-4,-4,-4,-3,-5,-3,-5,-3,-4,-3,-4,-2,-4,0,0,0,0,0,0,0,0,0,0,0,0,0,0,-3,60,-8,56,-2,63,-5,54,-3,58,-5,53,-1,53,-3,57,1,51,1,48,-1,48,4,46,0,52,3,47,6,47,8,49,4,49,8,46,6,45,6,42,5,46,11,44,11,43,10,42,6,41,6,44,9,45,11,40,10,43,14,44,14,42,7,42,11,43,9,43,10,41,4,44,5,42,3,42,4,40,1,39,4,38,1,37,1,42,2,37,-7,36,-5,31,-4,31,-7,37,-7,27,-9,28,-6,23,-7,23,-8,26,-8,20,-8,23,-8,19,-9,16,0,0,0,0,0,0,0,0,0,0,0,0,0,0,0,0,0,0,0,0,0,0,-50,1,-50,-4,-52,-7,-52,-9,-55,-10,-53,-16,-52,-16,-51,-16,-58,-22,-55,-18,-54,-22,-57,-23,-61,-25,-59,-27,-56,-30,-52,-33,-55,-33,-56,-30,-59,-28,-53,-37,-54,-39,-54,-39,-53,-37,-55,-35,-51,-36,-53,-36,-49,-40,-50,-36,-48,-32,-48,-34,-47,-32,-46,-29,-48,-29,-45,-30,-46,-25,-49,-26,-49,-22,-48,-24,-54,-19,-54,-13,-51,-17,-48,-12,-53,-19,-52,-12,-51,-12,-51,-6,-48,-10,-53,-12,-54,-8,-59,-7,-56,-6,-60,-3,-59,-4,-56,-4,-62,-1,-65,-6,-57,-4,0,0]"
CSI_DATA,164,2a:00:00:00:00:00,-37,11,1,0,1,1,1,0,0,0,1,-96,0,11,2,2470690,0,44,0,384,0,"[0,0,0,0,0,0,0,0,0,0,0,0,-1,10,-1,10,0,10,0,10,0,10,-1,9,0,9,0,9,0,9,0,9,0,9,0,9,1,9,1,9,1,8,1,8,1,8,1,8,2,8,2,8,1,8,2,8,1,8,2,8,2,8,2,8,0,0,2,8,2,8,2,8,1,8,1,8,1,8,1,8,1,8,0,8,0,8,0,7,-1,7,-1,7,-1,7,-1,6,-1,6,-1,6,-2,5,-2,5,-2,5,-2,5,-2,4,-2,4,-2,4,-3,3,-3,3,0,0,0,0,0,0,0,0,0,0,0,0,0,0,44,-33,44,-34,43,-40,44,-34,42,-40,36,-38,40,-35,44,-39,36,-34,41,-35,35,-38,36,-38,34,-36,30,-35,28,-32,31,-41,30,-41,27,-39,27,-37,29,-33,26,-42,28,-38,22,-39,21,-39,22,-37,26,-37,22,-34,22,-40,23,-41,23,-38,20,-37,28,-37,26,-38,19,-40,23,-38,25,-36,22,-36,26,-37,24,-36,27,-30,32,-26,31,-25,31,-28,27,-28,27,-28,27,-23,28,-23,25,-20,23,-17,25,-16,23,-15,20,-13,27,-15,24,-13,21,-12,22,-9,21,-6,0,0,0,0,0,0,0,0,0,0,0,0,0,0,0,0,0,0,0,0,0,0,32,37,29,38,26,39,25,46,22,47,22,46,22,46,21,52,20,52,21,54,18,54,15,57,19,59,16,63,16,59,13,57,12,63,9,59,13,60,8,64,5,59,7,64,7,61,3,57,2,62,6,59,3,57,2,57,4,56,4,56,3,52,8,55,3,55,10,51,11,55,15,53,14,47,18,47,15,48,15,49,17,50,18,45,21,48,24,44,22,45,20,44,22,49,32,45,25,46,32,46,32,43,37,42,33,52,26,41,35,48,39,38,38,48,0,0]"
CSI_DATA,165,2a:00:00:00:00:00,-37,11,1,0,1,1,1,0,0,0,1,-96,0,11,2,2480350,0,44,0,384,0,"[0,0,0,0,0,0,0,0,0,0,0,0,3,9,3,9,4,9,4,9,4,9,3,8,4,8,4,8,4,8,4,8,4,8,4,8,5,8,4,7,5,7,5,7,5,6,5,6,5,6,5,6,5,6,6,7,5,6,6,6,6,7,5,6,0,0,5,6,6,7,6,6,5,6,5,6,5,7,5,7,5,6,4,6,4,6,4,6,4,7,3,7,3,6,2,6,2,6,2,6,2,5,2,5,1,5,1,5,1,5,1,5,0,5,0,4,0,4,0,0,0,0,0,0,0,0,0,0,0,0,0,0,12,-63,20,-51,18,-54,18,-53,19,-48,14,-54,13,-51,18,-55,12,-51,14,-51,7,-54,7,-48,10,-51,9,-52,8,-49,8,-51,7,-52,8,-51,5,-49,7,-46,3,-50,-1,-49,-1,-46,-3,-51,-1,-48,1,-50,3,-47,1,-53,0,-46,-6,-49,3,-47,0,-50,3,-47,-1,-48,0,-44,6,-45,3,-45,4,-48,4,-47,7,-44,4,-46,11,-44,11,-43,9,-43,14,-41,10,-38,16,-38,15,-34,14,-31,10,-30,15,-27,16,-26,13,-25,15,-19,15,-23,15,-21,14,-18,0,0,0,0,0,0,0,0,0,0,0,0,0,0,0,0,0,0,0,0,0,0,48,5,45,4,50,11,49,11,50,17,48,19,47,19,47,18,55,20,50,23,54,34,54,27,55,29,49,36,52,29,48,39,52,42,49,37,47,38,48,40,45,40,43,42,44,44,41,46,39,46,44,44,41,42,40,40,35,40,40,43,36,37,43,40,40,42,39,30,41,36,37,35,39,32,43,37,39,32,46,31,43,31,45,27,43,28,43,24,45,20,46,25,48,25,51,17,48,20,54,25,49,19,52,18,51,21,52,19,55,19,58,23,53,16,0,0]"
CSI_DATA,166,2a:00:00:00:00:00,-37,11,1,0,1,1,1,0,0,0,1,-96,0,11,2,2491012,0,44,0,384,0,"[0,0,0,0,0,0,0,0,0,0,0,0,3,-11,3,-10,3,-11,3,-10,2,-11,3,-10,2,-10,1,-10,1,-10,1,-10,2,-10,1,-10,1,-10,1,-10,0,-9,0,-10,0,-10,0,-10,-1,-10,-1,-10,-1,-10,-1,-10,0,-10,-1,-10,-1,-10,-1,-10,0,0,-1,-10,-1,-11,-1,-10,-1,-10,-1,-10,-1,-10,-1,-10,-1,-10,0,-10,1,-10,1,-9,1,-9,1,-9,1,-8,2,-8,2,-8,1,-8,2,-7,2,-7,2,-6,2,-6,2,-6,2,-6,2,-5,2,-5,2,-4,0,0,0,0,0,0,0,0,0,0,0,0,0,0,-47,27,-58,24,-53,30,-53,24,-52,32,-55,24,-48,31,-51,30,-43,29,-48,28,-44,31,-41,30,-44,32,-43,33,-42,36,-36,38,-36,41,-31,40,-38,37,-33,37,-38,40,-34,35,-28,37,-30,41,-34,40,-29,37,-33,41,-33,42,-28,41,-28,46,-31,40,-31,42,-31,38,-30,40,-29,38,-32,38,-32,37,-33,37,-31,35,-34,32,-33,34,-39,33,-34,29,-31,30,-36,29,-35,21,-34,21,-32,25,-31,19,-30,16,-30,16,-25,11,-24,17,-26,10,-23,12,-24,9,-28,7,0,0,0,0,0,0,0,0,0,0,0,0,0,0,0,0,0,0,0,0,0,0,-30,-39,-24,-42,-18,-45,-19,-48,-18,-49,-15,-49,-8,-53,-12,-55,-11,-57,-14,-54,-9,-59,-8,-57,-13,-60,-4,-63,-2,-64,3,-60,-2,-67,1,-59,2,-62,5,-57,7,-57,10,-63,10,-61,8,-63,7,-61,8,-61,3,-58,11,-59,8,-55,9,-61,1,-53,4,-55,2,-52,6,-56,1,-55,3,-51,0,-49,-5,-54,-10,-49,-9,-53,-14,-52,-11,-53,-8,-54,-19,-53,-11,-52,-22,-55,-15,-57,-19,-49,-17,-52,-19,-48,-21,-51,-28,-55,-21,-52,-23,-52,-31,-56,-31,-54,-27,-56,0,0]"
CSI_DATA,167,2a:00:00:00:00:00,-37,11,1,0,1,1,1,0,0,0,1,-96,0,11,2,2500334,0,44,0,384,0,"[0,0,0,0,0,0,0,0,0,0,0,0,-11,0,-11,1,-10,1,-11,0,-10,1,-11,1,-10,1,-10,1,-10,2,-10,2,-10,2,-10,2,-10,2,-10,2,-9,2,-10,3,-9,3,-9,3,-9,3,-9,3,-9,3,-9,3,-9,3,-9,4,-9,3,-9,4,0,0,-9,4,-9,3,-9,4,-9,4,-9,3,-9,3,-9,3,-9,3,-9,3,-9,2,-9,2,-9,1,-8,1,-8,1,-8,1,-8,1,-8,0,-7,0,-7,0,-7,0,-7,-1,-6,-1,-6,-1,-6,-1,-6,-1,-5,-1,0,0,0,0,0,0,0,0,0,0,0,0,0,0,54,35,43,35,49,32,50,32,48,30,48,33,50,29,50,33,48,27,46,25,45,23,47,23,54,22,46,21,48,23,53,17,52,18,52,19,46,20,45,12,50,15,48,15,52,11,47,14,48,8,50,16,48,8,51,10,48,8,53,8,49,8,52,12,48,10,54,13,49,5,49,15,50,14,47,12,47,15,44,14,44,17,45,19,42,17,39,17,42,17,36,16,37,21,33,18,35,18,30,19,28,17,27,16,25,19,22,18,19,20,23,20,21,22,0,0,0,0,0,0,0,0,0,0,0,0,0,0,0,0,0,0,0,0,0,0,-23,40,-26,39,-26,33,-31,42,-29,35,-33,37,-33,35,-37,35,-40,37,-39,36,-47,30,-43,35,-44,36,-48,31,-54,31,-52,27,-55,28,-54,26,-55,26,-59,23,-51,28,-59,27,-51,21,-54,24,-55,21,-52,20,-53,22,-53,20,-49,18,-53,22,-48,20,-55,21,-50,21,-47,19,-48,26,-42,23,-41,28,-43,29,-44,30,-42,32,-42,29,-37,30,-42,32,-39,34,-38,36,-42,41,-41,36,-41,40,-37,43,-33,45,-38,43,-45,49,-39,46,-33,45,-43,44,-35,52,-39,45,0,0]"
CSI_DATA,168,2a:00:00:00:00:00,-36,11,1,0,1,1,1,0,0,0,1,-96,0,11,2,2510767,0,44,0,384,0,"[0,0,0,0,0,0,0,0,0,0,0,0,-9,-8,-8,-8,-9,-7,-9,-8,-8,-7,-8,-7,-9,-6,-9,-7,-9,-7,-9,-6,-9,-6,-9,-6,-9,-6,-9,-6,-9,-6,-9,-5,-9,-5,-9,-5,-9,-5,-9,-5,-9,-5,-9,-5,-9,-5,-10,-4,-10,-5,-10,-4,0,0,-10,-5,-9,-5,-10,-5,-9,-5,-9,-5,-9,-5,-9,-5,-9,-5,-8,-5,-8,-6,-8,-6,-8,-6,-7,-6,-7,-6,-6,-6,-6,-6,-6,-6,-5,-5,-5,-5,-5,-5,-4,-5,-4,-5,-4,-5,-3,-5,-3,-5,-3,-5,0,0,0,0,0,0,0,0,0,0,0,0,0,0,-7,56,-8,56,0,62,-3,58,-1,57,-1,57,-3,55,2,64,2,53,3,52,5,53,10,52,5,55,8,52,5,48,10,51,10,58,8,54,11,48,12,48,14,53,10,49,18,48,14,46,14,49,21,50,16,46,15,48,18,52,20,45,16,47,19,48,12,49,18,49,15,48,14,51,14,49,14,51,11,50,9,47,9,43,5,44,3,46,3,43,2,46,4,39,-3,43,-2,39,-2,36,-4,33,1,30,-3,33,-6,28,-6,28,-8,28,-7,22,-8,21,0,0,0,0,0,0,0,0,0,0,0,0,0,0,0,0,0,0,0,0,0,0,-42,9,-48,4,-42,1,-49,5,-48,1,-49,-4,-46,-1,-48,-7,-55,-8,-48,-8,-49,-13,-53,-13,-53,-9,-56,-16,-52,-19,-51,-19,-58,-23,-52,-24,-52,-24,-57,-23,-52,-23,-51,-28,-53,-24,-48,-29,-49,-29,-52,-30,-46,-30,-48,-28,-46,-26,-52,-28,-43,-27,-52,-30,-45,-22,-49,-17,-54,-20,-48,-19,-44,-17,-50,-19,-51,-17,-51,-13,-49,-17,-54,-10,-53,-14,-57,-15,-51,-14,-47,-11,-55,-9,-54,-1,-51,-6,-54,-8,-53,-12,-57,-4,-55,-10,-57,-11,-60,-6,-62,-1,-58,-5,0,0]"
CSI_DATA,169,2a:00:00:00:00:00,-36,11,1,0,1,1,1,0,0,0,1,-96,0,11,2,2540026,0,44,0,384,0,"[0,0,0,0,0,0,0,0,0,0,0,0,-7,-10,-7,-9,-7,-9,-7,-9,-7,-9,-6,-8,-7,-8,-7,-8,-7,-8,-7,-8,-7,-8,-7,-8,-7,-8,-7,-8,-7,-7,-8,-7,-8,-6,-8,-7,-8,-6,-8,-6,-8,-7,-9,-6,-8,-6,-9,-6,-8,-7,-8,-6,0,0,-8,-6,-9,-7,-9,-6,-9,-6,-8,-7,-8,-7,-8,-7,-8,-7,-7,-7,-7,-7,-7,-7,-6,-7,-6,-7,-6,-7,-5,-7,-5,-6,-5,-7,-4,-6,-4,-6,-4,-6,-3,-6,-3,-6,-3,-6,-3,-5,-2,-5,-2,-5,0,0,0,0,0,0,0,0,0,0,0,0,0,0,-5,63,-8,55,-6,62,-4,56,-3,57,-3,58,-3,53,1,59,-3,53,0,54,-1,53,4,50,6,52,0,51,6,55,8,52,1,56,9,45,11,48,10,46,13,51,6,46,14,51,14,44,7,51,15,44,13,45,16,48,15,50,19,45,12,46,15,50,17,50,13,48,14,46,10,53,12,48,10,46,7,47,3,45,3,45,3,47,2,41,0,44,1,44,-3,37,-4,38,-2,36,-4,31,-5,31,-8,32,-7,27,-9,28,-6,27,-10,26,-10,23,-10,23,0,0,0,0,0,0,0,0,0,0,0,0,0,0,0,0,0,0,0,0,0,0,-42,8,-45,9,-45,-1,-49,3,-44,0,-47,-3,-48,-7,-49,-8,-53,-9,-51,-10,-53,-14,-50,-17,-53,-12,-55,-16,-51,-21,-53,-25,-55,-21,-52,-30,-54,-26,-47,-27,-53,-25,-50,-31,-45,-30,-48,-31,-49,-29,-47,-31,-43,-28,-45,-31,-45,-29,-47,-32,-45,-26,-49,-28,-48,-26,-45,-27,-45,-25,-42,-23,-45,-21,-47,-20,-46,-20,-50,-15,-54,-17,-53,-15,-59,-16,-51,-13,-50,-12,-51,-10,-48,-13,-55,-6,-54,-8,-53,-6,-57,-8,-57,-2,-58,-12,-55,-7,-63,-8,-64,-3,-57,-1,0,0]"
CSI_DATA,170,2a:00:00:00:00:00,-37,11,1,0,1,1,1,0,0,0,1,-96,0,11,2,2551019,0,44,0,384,0,"[0,0,0,0,0,0,0,0,0,0,0,0,-12,1,-11,1,-11,1,-11,0,-11,1,-10,1,-11,1,-10,2,-10,2,-10,2,-10,2,-10,3,-10,2,-10,2,-9,2,-10,3,-9,3,-9,3,-9,3,-9,3,-9,3,-9,4,-9,4,-9,4,-9,4,-9,4,0,0,-9,4,-10,4,-9,4,-9,4,-9,3,-9,3,-9,3,-9,3,-9,3,-9,3,-9,3,-9,2,-8,1,-8,1,-8,1,-8,1,-8,1,-7,0,-7,0,-7,0,-7,0,-6,-1,-6,-1,-6,-1,-6,-1,-5,-1,0,0,0,0,0,0,0,0,0,0,0,0,0,0,45,35,43,30,52,30,48,30,51,29,44,29,44,29,49,29,46,23,46,29,45,21,45,25,51,23,43,20,46,18,44,20,48,23,48,24,47,19,43,16,46,12,48,12,48,10,46,12,47,9,47,9,49,10,48,8,51,7,50,6,45,9,48,7,47,11,51,11,52,11,47,12,45,11,46,9,48,11,46,14,50,16,45,14,40,18,40,16,40,14,32,18,33,19,36,16,27,20,28,15,29,15,23,15,22,17,21,15,22,17,22,15,19,18,0,0,0,0,0,0,0,0,0,0,0,0,0,0,0,0,0,0,0,0,0,0,-25,35,-29,34,-28,34,-36,32,-34,29,-35,30,-33,32,-35,31,-39,32,-43,27,-44,31,-44,30,-51,32,-53,27,-53,26,-55,24,-56,26,-53,21,-54,25,-57,22,-53,25,-58,24,-54,21,-54,17,-55,17,-52,22,-53,16,-54,18,-50,16,-50,22,-48,17,-50,20,-50,17,-45,23,-47,26,-47,23,-44,23,-43,27,-43,24,-40,30,-41,28,-41,34,-43,33,-39,33,-37,39,-36,44,-36,39,-38,40,-36,38,-38,42,-37,43,-37,43,-39,50,-35,42,-41,44,-38,50,-33,49,0,0]"
CSI_DATA,171,2a:00:00:00:00:00,-37,11,1,0,1,1,1,0,0,0,1,-96,0,11,2,2560702,0,44,0,384,0,"[0,0,0,0,0,0,0,0,0,0,0,0,-7,8,-6,8,-6,9,-6,8,-6,8,-6,8,-6,8,-5,8,-5,8,-4,8,-5,8,-5,9,-4,8,-4,8,-4,8,-4,9,-3,8,-3,8,-3,8,-3,8,-3,8,-3,8,-3,9,-2,9,-3,9,-3,9,0,0,-3,9,-2,9,-2,9,-3,9,-2,8,-3,9,-3,8,-3,8,-4,8,-4,8,-4,8,-4,7,-4,7,-4,6,-5,6,-5,6,-4,6,-4,5,-4,5,-5,4,-5,4,-4,4,-4,4,-4,3,-4,3,-4,3,0,0,0,0,0,0,0,0,0,0,0,0,0,0,56,-11,59,-12,59,-18,54,-9,60,-14,55,-15,55,-14,52,-15,50,-16,52,-15,52,-13,51,-19,50,-16,46,-19,49,-17,45,-22,46,-24,46,-22,45,-18,45,-23,45,-22,46,-23,41,-27,41,-27,41,-26,42,-23,43,-28,43,-32,41,-23,41,-29,42,-30,44,-25,43,-27,37,-30,40,-25,41,-25,42,-27,46,-24,43,-21,43,-17,41,-18,45,-16,43,-12,42,-17,40,-13,39,-7,36,-7,36,-10,31,-3,35,-5,33,-5,32,-4,30,0,29,-2,27,-1,28,1,25,2,0,0,0,0,0,0,0,0,0,0,0,0,0,0,0,0,0,0,0,0,0,0,16,41,10,42,12,45,8,46,11,47,3,47,3,40,2,48,2,54,0,52,-5,54,-5,51,-4,59,-4,59,-12,58,-9,56,-9,54,-16,59,-14,54,-15,59,-13,57,-21,59,-17,55,-19,53,-18,55,-15,55,-23,55,-20,55,-18,50,-16,53,-20,48,-15,53,-17,54,-16,51,-9,52,-9,51,-7,50,-10,52,-8,47,-7,52,-2,54,-1,51,-4,55,-1,55,-2,53,9,51,3,57,7,53,4,55,5,54,8,54,4,57,8,60,12,56,11,62,12,59,8,57,0,0]"
CSI_DATA,172,2a:00:00:00:00:00,-37,11,1,0,1,1,1,0,0,0,1,-96,0,11,2,2570071,0,44,0,384,0,"[0,0,0,0,0,0,0,0,0,0,0,0,8,-6,8,-6,7,-7,8,-6,7,-6,7,-6,7,-6,7,-6,7,-6,6,-6,7,-7,6,-7,6,-7,6,-7,6,-6,6,-7,5,-7,6,-7,5,-7,5,-7,5,-7,5,-7,5,-7,5,-7,5,-7,5,-8,0,0,5,-8,5,-7,5,-8,5,-8,5,-7,5,-7,6,-7,5,-7,6,-6,6,-6,6,-6,6,-5,6,-5,6,-5,6,-4,6,-4,5,-4,5,-4,5,-3,5,-3,5,-3,4,-2,4,-2,4,-2,4,-2,4,-1,0,0,0,0,0,0,0,0,0,0,0,0,0,0,-59,-26,-56,-29,-57,-19,-59,-25,-58,-22,-58,-23,-57,-26,-56,-21,-55,-22,-54,-21,-53,-14,-52,-17,-55,-17,-54,-15,-54,-13,-53,-11,-55,-10,-55,-8,-48,-11,-50,-8,-56,-7,-52,-5,-50,-3,-46,-5,-52,-9,-48,-3,-50,-5,-54,2,-52,0,-54,-2,-53,-3,-54,-6,-50,-3,-52,-7,-50,-1,-48,-8,-50,-7,-52,-6,-52,-11,-51,-13,-46,-9,-47,-10,-44,-13,-44,-12,-41,-15,-37,-16,-38,-19,-34,-17,-32,-16,-31,-21,-29,-19,-27,-18,-27,-14,-27,-18,-24,-16,-21,-16,-18,-17,0,0,0,0,0,0,0,0,0,0,0,0,0,0,0,0,0,0,0,0,0,0,8,-46,14,-48,14,-48,21,-43,25,-45,26,-48,26,-43,26,-47,29,-46,30,-47,31,-47,39,-50,35,-50,38,-51,43,-43,44,-42,42,-48,47,-42,41,-44,51,-41,47,-39,47,-38,48,-42,47,-43,48,-38,44,-38,44,-42,49,-35,49,-34,44,-35,42,-37,44,-35,38,-35,40,-36,42,-40,39,-38,37,-41,37,-44,29,-39,31,-47,36,-43,31,-47,34,-44,32,-45,28,-48,32,-52,26,-52,30,-51,28,-49,25,-51,22,-53,24,-55,28,-59,27,-54,25,-57,25,-58,30,-56,0,0]"
CSI_DATA,173,2a:00:00:00:00:00,-37,11,1,0,1,1,1,0,0,0,1,-96,0,11,2,2581064,0,44,0,384,0,"[0,0,0,0,0,0,0,0,0,0,0,0,-1,-11,-2,-10,-3,-11,-2,-11,-2,-10,-2,-10,-3,-10,-2,-10,-3,-9,-3,-10,-3,-10,-3,-10,-3,-10,-3,-9,-4,-9,-4,-9,-4,-8,-4,-9,-5,-9,-5,-9,-4,-9,-5,-8,-4,-9,-5,-9,-5,-9,-5,-8,0,0,-5,-8,-5,-9,-5,-9,-4,-9,-5,-9,-5,-9,-4,-9,-4,-9,-4,-9,-3,-9,-3,-9,-3,-9,-2,-8,-2,-8,-2,-8,-1,-7,-2,-8,-1,-7,-1,-6,-1,-6,0,-6,-1,-6,0,-6,0,-6,0,-5,1,-5,0,0,0,0,0,0,0,0,0,0,0,0,0,0,-35,53,-29,55,-27,52,-27,48,-29,52,-24,48,-24,50,-27,46,-22,47,-17,47,-19,45,-19,50,-17,49,-21,51,-19,46,-17,49,-16,49,-16,47,-19,48,-9,47,-11,49,-11,46,-4,45,-6,46,-13,53,-11,48,-8,49,-9,53,-7,48,-5,48,-9,49,-11,50,-11,47,-5,45,-9,51,-13,44,-5,43,-7,47,-11,46,-14,45,-17,43,-16,38,-20,44,-18,41,-19,40,-16,34,-21,34,-21,32,-20,28,-20,30,-18,31,-16,27,-17,21,-19,18,-15,21,-20,17,-21,19,0,0,0,0,0,0,0,0,0,0,0,0,0,0,0,0,0,0,0,0,0,0,-44,-17,-38,-17,-43,-22,-45,-25,-42,-31,-37,-30,-43,-27,-40,-31,-46,-31,-40,-36,-40,-41,-39,-41,-40,-43,-39,-44,-38,-41,-40,-46,-41,-50,-37,-48,-39,-49,-36,-48,-35,-47,-34,-56,-32,-52,-30,-52,-29,-56,-32,-50,-30,-49,-30,-53,-30,-48,-33,-50,-27,-47,-29,-45,-36,-44,-34,-44,-33,-40,-32,-38,-35,-37,-33,-41,-34,-41,-38,-37,-37,-37,-43,-33,-40,-34,-47,-36,-41,-35,-38,-30,-40,-28,-47,-32,-48,-26,-46,-31,-45,-31,-52,-30,-50,-29,-47,-27,-55,-27,-55,-26,-54,-21,0,0]"
CSI_DATA,174,2a:00:00:00:00:00,-37,11,1,0,1,1,1,0,0,0,1,-96,0,11,2,2590433,0,44,0,384,0,"[0,0,0,0,0,0,0,0,0,0,0,0,-3,10,-3,9,-2,10,-2,9,-2,9,-2,9,-2,9,-2,9,-2,9,-2,9,-2,9,-1,9,-1,9,-1,9,-1,8,0,9,0,8,0,8,0,8,0,8,0,8,0,8,0,8,0,8,0,9,0,8,0,0,0,8,0,9,0,8,0,9,0,8,0,9,0,8,0,8,-1,8,-1,8,-2,8,-2,7,-2,7,-2,7,-3,7,-2,6,-2,6,-2,5,-3,5,-3,5,-3,5,-3,4,-3,4,-3,4,-3,3,-3,3,0,0,0,0,0,0,0,0,0,0,0,0,0,0,51,-35,52,-28,45,-37,46,-34,48,-34,45,-35,42,-31,46,-36,43,-31,42,-33,39,-39,34,-36,38,-35,35,-36,37,-32,34,-33,35,-38,35,-36,33,-38,33,-37,35,-44,30,-35,26,-38,26,-41,27,-39,29,-38,29,-38,26,-41,27,-43,29,-43,28,-40,31,-39,26,-38,27,-41,28,-39,31,-38,33,-40,30,-37,33,-36,34,-32,32,-33,31,-29,35,-27,37,-30,26,-25,33,-22,31,-20,30,-22,34,-17,30,-19,31,-19,28,-19,27,-13,24,-14,25,-11,22,-5,21,-4,0,0,0,0,0,0,0,0,0,0,0,0,0,0,0,0,0,0,0,0,0,0,30,35,29,36,27,37,25,44,24,40,21,44,20,44,22,48,21,50,17,51,15,58,16,57,17,56,17,58,12,60,11,57,9,61,5,56,9,65,10,58,4,57,5,64,1,59,2,59,0,59,2,57,-2,58,3,60,5,55,2,60,2,53,6,56,3,52,6,49,9,51,9,53,10,50,15,53,11,48,16,49,15,48,21,46,16,47,23,47,20,49,27,44,24,47,24,48,27,47,29,46,32,48,30,47,25,48,28,51,31,50,35,49,31,53,0,0]"
CSI_DATA,175,2a:00:00:00:00:00,-37,11,1,0,1,1,1,0,0,0,1,-96,0,11,2,2600058,0,44,0,384,0,"[0,0,0,0,0,0,0,0,0,0,0,0,-2,10,-2,10,-1,10,-1,10,-2,9,-2,9,-1,9,-1,9,-1,9,0,9,-1,9,0,9,0,9,0,9,0,9,1,8,1,8,1,8,2,9,2,9,2,8,2,8,1,8,2,8,2,8,2,8,0,0,2,8,2,8,2,9,1,8,2,8,2,8,2,9,2,8,0,8,0,8,0,8,0,8,0,8,0,7,-1,7,-1,7,-1,7,-1,6,-1,6,-2,5,-2,5,-2,5,-2,5,-2,5,-3,4,-3,4,0,0,0,0,0,0,0,0,0,0,0,0,0,0,57,-29,53,-30,49,-33,49,-30,49,-31,45,-27,45,-27,42,-33,36,-30,42,-31,37,-24,39,-33,41,-31,37,-33,38,-33,39,-36,40,-34,37,-36,31,-39,31,-30,31,-34,31,-34,27,-38,31,-37,32,-31,33,-38,31,-37,26,-38,30,-38,26,-36,26,-39,27,-35,26,-36,26,-41,29,-35,35,-34,26,-36,31,-35,34,-33,33,-29,30,-28,33,-25,33,-30,28,-27,31,-27,30,-22,27,-18,28,-16,29,-17,29,-16,26,-16,25,-12,24,-13,24,-9,23,-8,26,-6,21,-6,0,0,0,0,0,0,0,0,0,0,0,0,0,0,0,0,0,0,0,0,0,0,28,40,21,39,21,40,20,46,18,46,17,50,12,45,13,52,14,50,11,52,11,57,10,54,8,59,6,56,7,54,1,56,4,60,-1,62,4,63,-6,64,-8,63,-11,59,-4,57,-4,58,-5,59,-3,57,-3,57,-5,56,-6,54,-2,56,-1,54,-2,53,-2,51,1,51,1,54,1,51,5,51,5,51,7,48,9,48,8,52,13,49,12,52,14,50,14,49,15,47,23,47,20,47,21,49,17,50,26,46,24,50,25,50,21,52,23,56,26,51,32,47,0,0]"
CSI_DATA,176,2a:00:00:00:00:00,-37,11,1,0,1,1,1,0,0,0,1,-96,0,11,2,2621171,0,44,0,384,0,"[0,0,0,0,0,0,0,0,0,0,0,0,10,-5,9,-4,10,-5,9,-4,9,-5,9,-4,9,-4,9,-5,9,-4,8,-5,8,-5,8,-5,7,-5,7,-5,7,-5,8,-6,7,-5,7,-6,6,-5,7,-5,7,-5,7,-5,7,-6,6,-6,7,-6,6,-6,0,0,7,-6,7,-5,6,-5,7,-6,6,-4,7,-5,7,-5,7,-4,7,-4,7,-4,7,-4,7,-3,6,-3,6,-2,6,-2,6,-2,6,-2,5,-2,6,-1,5,-1,5,-1,5,0,4,0,4,0,4,0,4,0,0,0,0,0,0,0,0,0,0,0,0,0,0,0,-54,-36,-50,-34,-54,-31,-46,-32,-58,-32,-48,-33,-47,-30,-49,-29,-49,-25,-44,-23,-47,-26,-49,-22,-50,-21,-48,-22,-47,-17,-48,-18,-50,-23,-48,-16,-47,-17,-47,-18,-51,-13,-44,-10,-45,-7,-47,-13,-46,-9,-46,-13,-45,-12,-47,-7,-45,-9,-45,-9,-49,-13,-48,-12,-46,-12,-46,-7,-47,-10,-42,-12,-42,-8,-40,-12,-45,-13,-42,-12,-46,-20,-37,-15,-38,-19,-36,-17,-36,-21,-36,-19,-32,-20,-29,-19,-26,-19,-27,-21,-25,-21,-24,-18,-20,-19,-19,-18,-19,-18,-17,-18,-13,-22,0,0,0,0,0,0,0,0,0,0,0,0,0,0,0,0,0,0,0,0,0,0,27,-37,34,-41,33,-38,35,-37,41,-39,39,-33,42,-35,40,-35,49,-38,49,-37,51,-33,50,-36,51,-40,53,-35,58,-32,56,-27,55,-30,55,-29,58,-32,60,-27,56,-27,60,-30,54,-26,54,-31,59,-23,53,-26,59,-22,62,-21,53,-24,53,-24,50,-24,51,-21,50,-26,50,-24,47,-26,44,-31,44,-35,45,-33,45,-32,43,-35,42,-35,40,-38,39,-37,41,-45,37,-39,34,-38,38,-43,35,-49,34,-49,33,-44,31,-42,36,-52,36,-50,33,-49,31,-50,31,-49,30,-55,0,0]"
CSI_DATA,177,2a:00:00:00:00:00,-37,11,1,0,1,1,1,0,0,0,1,-96,0,11,2,2650047,0,44,0,384,0,"[0,0,0,0,0,0,0,0,0,0,0,0,5,-10,4,-10,4,-10,4,-9,4,-10,4,-9,3,-9,3,-9,3,-9,3,-9,3,-9,3,-9,3,-9,2,-9,2,-8,2,-9,2,-9,2,-8,1,-8,1,-8,1,-8,1,-8,2,-8,1,-8,1,-9,1,-8,0,0,1,-8,1,-8,1,-8,2,-8,1,-8,2,-8,2,-8,2,-7,3,-7,3,-7,3,-7,3,-7,3,-6,3,-6,3,-5,3,-5,3,-5,3,-4,3,-4,3,-4,3,-4,3,-4,3,-3,3,-3,3,-3,3,-2,0,0,0,0,0,0,0,0,0,0,0,0,0,0,-54,25,-54,25,-53,28,-54,31,-54,30,-53,21,-48,26,-50,27,-48,24,-48,28,-45,29,-39,28,-37,32,-41,24,-43,25,-39,30,-41,28,-37,28,-38,26,-36,33,-35,33,-34,30,-29,30,-30,33,-33,29,-28,32,-30,30,-31,29,-32,27,-33,32,-30,28,-31,33,-33,32,-30,31,-31,31,-35,28,-29,28,-26,29,-31,26,-35,24,-34,23,-30,21,-34,16,-34,16,-29,16,-29,19,-29,14,-25,14,-31,8,-26,11,-24,11,-25,7,-20,10,-20,8,-22,5,-20,3,-22,1,0,0,0,0,0,0,0,0,0,0,0,0,0,0,0,0,0,0,0,0,0,0,-15,-46,-10,-51,-10,-50,-4,-55,-5,-55,-1,-53,-8,-53,-3,-58,-2,-61,6,-60,12,-63,8,-65,5,-65,12,-62,12,-63,12,-66,12,-68,17,-66,9,-65,15,-65,10,-62,14,-68,16,-65,17,-63,22,-60,16,-60,18,-60,17,-58,14,-59,12,-55,9,-57,11,-57,7,-57,4,-55,4,-58,-1,-56,0,-53,5,-56,-4,-56,1,-53,0,-57,-11,-56,-7,-57,-7,-57,-8,-53,-20,-58,-18,-56,-19,-54,-20,-53,-18,-53,-18,-54,-19,-58,-20,-61,-17,-57,-23,-60,-27,-53,-25,-58,0,0]"
CSI_DATA,178,2a:00:00:00:00:00,-37,11,1,0,1,1,1,0,0,0,1,-96,0,11,2,2661105,0,44,0,384,0,"[0,0,0,0,0,0,0,0,0,0,0,0,-11,-2,-11,-2,-11,-2,-11,-2,-11,-2,-10,-2,-10,-1,-10,-1,-10,-1,-10,-1,-10,-1,-10,0,-9,-1,-9,-1,-9,0,-9,0,-9,0,-9,0,-9,1,-9,1,-9,1,-9,1,-9,1,-9,1,-9,1,-9,1,0,0,-9,1,-9,1,-9,1,-9,1,-8,0,-8,1,-8,0,-8,0,-8,0,-8,0,-8,-1,-7,-1,-7,-2,-7,-2,-7,-2,-7,-1,-6,-2,-6,-2,-6,-2,-5,-2,-5,-2,-5,-2,-4,-2,-4,-2,-4,-3,-4,-3,0,0,0,0,0,0,0,0,0,0,0,0,0,0,33,45,33,49,32,48,30,46,31,45,30,43,32,42,28,46,29,39,27,39,33,41,29,37,33,36,27,37,28,32,36,32,32,36,30,32,29,33,32,31,36,27,31,26,35,28,33,26,31,22,30,29,31,27,31,23,30,26,36,23,34,23,34,24,33,26,33,26,35,23,31,28,33,27,32,27,32,27,24,28,28,29,21,28,19,28,20,28,19,28,17,27,13,28,14,32,13,21,11,25,10,22,11,22,8,24,7,21,4,22,4,20,5,20,0,0,0,0,0,0,0,0,0,0,0,0,0,0,0,0,0,0,0,0,0,0,-47,22,-46,20,-46,17,-51,20,-49,14,-50,13,-51,14,-55,10,-59,11,-59,11,-59,7,-62,6,-63,11,-62,5,-64,4,-66,-2,-69,2,-66,-2,-65,-2,-62,-4,-69,-2,-70,-5,-65,-5,-63,-6,-62,-7,-63,-4,-61,-9,-61,-5,-61,-6,-56,-3,-56,-1,-57,-2,-59,3,-51,1,-56,6,-54,7,-52,9,-52,8,-51,9,-53,12,-56,9,-55,16,-49,14,-54,20,-50,16,-47,18,-50,19,-48,26,-54,25,-54,27,-53,26,-48,30,-49,24,-52,25,-51,30,-49,34,-54,27,0,0]"
CSI_DATA,179,2a:00:00:00:00:00,-37,11,1,0,1,1,1,0,0,0,1,-96,0,11,2,2671053,0,44,0,384,0,"[0,0,0,0,0,0,0,0,0,0,0,0,0,-11,-1,-11,-1,-11,-1,-11,-1,-11,-1,-10,-1,-10,-1,-10,-1,-10,-1,-10,-1,-10,-2,-10,-2,-9,-2,-9,-2,-9,-2,-9,-2,-9,-2,-9,-3,-9,-2,-9,-2,-9,-2,-9,-2,-8,-3,-8,-3,-9,-3,-8,0,0,-2,-9,-3,-9,-3,-9,-2,-8,-2,-8,-2,-9,-2,-9,-1,-8,-1,-8,-1,-8,0,-8,0,-8,0,-7,0,-7,1,-7,1,-6,1,-6,1,-6,1,-5,1,-5,1,-5,1,-5,1,-5,1,-4,1,-4,2,-4,0,0,0,0,0,0,0,0,0,0,0,0,0,0,-44,39,-44,42,-39,45,-41,42,-42,42,-37,41,-36,45,-36,42,-31,35,-36,38,-32,36,-36,37,-34,43,-32,39,-31,43,-30,39,-27,38,-27,39,-26,30,-25,39,-24,42,-25,41,-21,42,-20,40,-21,40,-20,37,-22,39,-22,40,-20,39,-23,40,-23,37,-22,38,-19,36,-19,40,-23,39,-24,39,-20,35,-21,39,-23,35,-25,32,-25,33,-31,33,-22,27,-23,25,-24,25,-29,24,-26,21,-26,22,-26,15,-26,11,-26,12,-24,11,-21,10,-22,13,-22,8,-21,7,-21,5,0,0,0,0,0,0,0,0,0,0,0,0,0,0,0,0,0,0,0,0,0,0,-37,-32,-33,-38,-34,-40,-33,-41,-33,-43,-29,-45,-32,-44,-29,-50,-31,-45,-29,-53,-28,-57,-26,-59,-27,-58,-23,-59,-19,-57,-22,-63,-21,-63,-19,-64,-21,-64,-20,-62,-12,-65,-20,-66,-14,-64,-16,-62,-12,-63,-14,-60,-9,-60,-12,-58,-13,-58,-19,-56,-12,-57,-13,-57,-17,-55,-19,-53,-19,-55,-19,-52,-21,-49,-20,-54,-24,-49,-27,-46,-25,-47,-33,-47,-30,-47,-33,-47,-29,-42,-34,-45,-36,-45,-36,-41,-38,-40,-42,-46,-41,-42,-38,-41,-35,-47,-40,-43,-45,-42,-43,-41,-46,-42,0,0]"
CSI_DATA,180,2a:00:00:00:00:00,-37,11,1,0,1,1,1,0,0,0,1,-96,0,11,2,2680117,0,44,0,384,0,"[0,0,0,0,0,0,0,0,0,0,0,0,10,1,10,1,10,0,10,1,9,1,9,0,9,0,9,0,9,0,9,0,9,0,9,-1,9,-1,8,-1,8,-1,9,-2,8,-2,8,-2,8,-2,8,-2,8,-2,8,-2,8,-2,8,-2,8,-2,8,-2,0,0,8,-2,8,-2,8,-2,8,-2,8,-2,8,-2,8,-2,8,-1,8,-1,8,-1,8,-1,7,0,7,0,6,0,7,0,6,0,6,1,5,1,5,1,5,1,4,1,4,1,4,1,4,1,3,1,3,2,0,0,0,0,0,0,0,0,0,0,0,0,0,0,-36,-43,-39,-40,-47,-44,-44,-39,-43,-40,-39,-37,-43,-33,-42,-40,-43,-37,-38,-38,-41,-31,-40,-34,-40,-33,-38,-28,-38,-32,-42,-31,-41,-28,-41,-32,-41,-27,-39,-24,-46,-25,-37,-23,-41,-22,-40,-20,-40,-21,-46,-22,-40,-19,-44,-22,-40,-21,-42,-18,-41,-21,-42,-21,-41,-20,-45,-22,-39,-21,-37,-24,-37,-24,-36,-21,-38,-25,-34,-24,-36,-24,-33,-26,-33,-27,-35,-28,-32,-24,-25,-23,-24,-26,-21,-25,-23,-24,-21,-21,-20,-21,-15,-19,-15,-24,-12,-21,-13,-21,-10,-19,-9,-20,0,0,0,0,0,0,0,0,0,0,0,0,0,0,0,0,0,0,0,0,0,0,30,-38,36,-35,36,-32,46,-31,44,-30,44,-31,44,-30,47,-28,49,-29,52,-26,57,-20,55,-27,61,-25,58,-21,58,-20,59,-16,63,-23,60,-13,63,-14,63,-18,63,-15,61,-12,64,-16,61,-12,65,-10,61,-15,57,-8,58,-10,54,-12,60,-16,55,-12,57,-16,52,-16,51,-16,55,-19,48,-25,50,-17,49,-21,48,-22,51,-25,45,-24,43,-29,47,-30,46,-31,41,-36,38,-32,43,-32,42,-33,41,-37,44,-35,42,-36,41,-40,42,-39,43,-42,46,-45,41,-44,46,-43,0,0]"
CSI_DATA,181,2a:00:00:00:00:00,-37,11,1,0,1,1,1,0,0,0,1,-96,0,11,2,2690357,0,44,0,384,0,"[0,0,0,0,0,0,0,0,0,0,0,0,-9,-6,-9,-6,-9,-6,-9,-6,-9,-6,-8,-6,-9,-5,-9,-5,-9,-5,-9,-5,-9,-5,-9,-5,-9,-5,-8,-4,-9,-5,-9,-4,-9,-4,-8,-3,-9,-4,-9,-4,-9,-4,-9,-4,-8,-3,-9,-3,-9,-4,-9,-3,0,0,-9,-3,-9,-4,-9,-4,-9,-3,-9,-4,-9,-4,-8,-4,-8,-4,-8,-4,-8,-4,-7,-4,-7,-5,-7,-5,-7,-5,-6,-5,-6,-5,-5,-5,-5,-4,-5,-5,-4,-4,-4,-4,-4,-5,-4,-4,-3,-4,-3,-4,-3,-4,0,0,0,0,0,0,0,0,0,0,0,0,0,0,-6,63,-5,60,-10,60,-7,56,-9,58,-7,55,-2,56,-5,53,-2,55,-3,51,-2,48,-2,52,-1,52,4,50,2,51,3,48,3,52,2,48,3,49,1,45,3,49,5,48,9,47,8,45,8,43,8,51,8,46,14,44,8,42,9,46,7,43,10,46,9,49,8,47,8,47,5,43,4,43,5,44,4,46,2,42,5,44,0,40,-1,44,-3,43,-6,40,-3,36,-6,35,-7,37,-8,33,-5,27,-9,27,-6,27,-12,25,-10,23,-13,21,-13,18,-14,21,0,0,0,0,0,0,0,0,0,0,0,0,0,0,0,0,0,0,0,0,0,0,-47,-1,-48,-2,-49,-10,-50,-9,-48,-9,-50,-12,-50,-16,-52,-18,-53,-19,-52,-20,-52,-25,-53,-22,-58,-26,-59,-30,-56,-30,-53,-32,-57,-37,-50,-33,-49,-30,-51,-32,-50,-36,-51,-40,-45,-37,-44,-38,-46,-42,-53,-34,-46,-39,-46,-40,-41,-35,-43,-34,-45,-33,-49,-35,-48,-31,-47,-33,-47,-28,-47,-28,-45,-22,-46,-24,-46,-21,-49,-22,-47,-21,-51,-19,-50,-20,-50,-17,-52,-18,-48,-10,-54,-17,-53,-6,-55,-15,-56,-15,-56,-14,-57,-13,-59,-10,-56,-9,-58,-8,-62,-9,-64,-10,0,0]"
CSI_DATA,182,2a:00:00:00:00:00,-37,11,1,0,1,1,1,0,0,0,1,-96,0,11,2,2700057,0,44,0,384,0,"[0,0,0,0,0,0,0,0,0,0,0,0,-9,7,-8,7,-8,7,-8,7,-8,7,-8,6,-8,7,-7,7,-7,7,-7,7,-7,7,-7,7,-7,7,-7,7,-6,7,-6,8,-6,7,-6,7,-5,7,-5,8,-5,7,-5,8,-6,7,-5,8,-6,8,-5,8,0,0,-5,8,-6,8,-5,8,-6,8,-6,7,-6,7,-6,7,-6,7,-6,7,-7,6,-7,6,-6,5,-7,5,-6,5,-7,4,-6,4,-6,4,-6,3,-6,3,-6,3,-6,2,-5,2,-5,2,-5,2,-5,1,-5,1,0,0,0,0,0,0,0,0,0,0,0,0,0,0,55,-1,53,1,58,-4,57,-1,53,-1,56,-1,53,-7,53,-7,52,-3,51,-5,53,-5,50,-9,52,-7,47,-6,52,-5,49,-14,50,-9,46,-14,46,-11,47,-18,48,-17,47,-15,46,-16,45,-15,45,-12,44,-18,44,-17,47,-21,48,-17,45,-20,41,-19,50,-16,47,-15,47,-16,48,-18,43,-13,47,-13,42,-12,49,-13,44,-9,47,-8,43,-6,44,-2,40,-2,40,-3,40,0,39,2,33,6,36,6,31,2,31,3,30,3,24,6,25,5,29,8,23,5,21,12,0,0,0,0,0,0,0,0,0,0,0,0,0,0,0,0,0,0,0,0,0,0,6,44,6,47,5,43,-3,46,-3,48,-6,53,-4,49,-8,47,-8,53,-10,53,-10,54,-12,52,-12,56,-16,54,-21,54,-20,55,-21,53,-22,55,-23,52,-25,51,-29,46,-28,51,-29,50,-29,48,-34,50,-29,49,-29,47,-29,47,-29,46,-26,50,-24,45,-25,45,-24,46,-24,43,-22,44,-18,44,-20,46,-18,51,-20,50,-13,51,-12,47,-12,49,-11,52,-7,51,-8,51,-7,48,-6,50,-6,50,-3,52,-7,53,-4,57,-4,56,-4,59,-2,56,-1,56,5,58,0,61,0,0]"
CSI_DATA,183,2a:00:00:00:00:00,-36,11,1,0,1,1,1,0,0,0,1,-96,0,11,2,2730049,0,44,0,384,0,"[0,0,0,0,0,0,0,0,0,0,0,0,-2,-12,-3,-11,-3,-11,-3,-11,-3,-11,-3,-11,-4,-11,-4,-10,-4,-10,-4,-10,-3,-11,-4,-10,-4,-10,-4,-10,-4,-10,-5,-10,-5,-9,-5,-9,-5,-9,-6,-9,-5,-9,-6,-9,-5,-9,-6,-9,-5,-10,-5,-9,0,0,-5,-9,-6,-10,-6,-9,-5,-9,-5,-9,-5,-10,-5,-9,-5,-9,-4,-9,-4,-9,-3,-9,-3,-9,-2,-9,-2,-9,-2,-8,-2,-8,-2,-8,-1,-7,-1,-7,-1,-7,-1,-7,-1,-6,0,-6,0,-6,0,-6,0,-5,0,0,0,0,0,0,0,0,0,0,0,0,0,0,-26,52,-30,58,-21,59,-25,55,-22,48,-23,56,-22,51,-21,53,-22,51,-17,53,-19,54,-18,52,-16,53,-14,48,-18,51,-12,50,-11,53,-9,50,-10,52,-6,50,-4,53,-12,47,-6,48,-5,50,-5,50,-4,51,-8,52,1,49,-4,54,-3,54,-7,52,-4,54,-8,52,0,52,-8,48,-6,51,-2,54,-5,53,-9,48,-12,49,-10,46,-15,45,-14,47,-14,42,-15,38,-16,37,-18,38,-16,32,-18,29,-16,31,-14,29,-16,29,-16,27,-17,24,-21,21,-17,19,-17,15,0,0,0,0,0,0,0,0,0,0,0,0,0,0,0,0,0,0,0,0,0,0,-38,-10,-38,-12,-43,-12,-42,-18,-43,-19,-41,-23,-40,-20,-41,-21,-45,-27,-41,-25,-44,-30,-39,-30,-42,-35,-43,-36,-38,-36,-40,-39,-41,-39,-38,-45,-37,-42,-39,-46,-41,-39,-36,-46,-35,-48,-38,-44,-33,-46,-35,-42,-32,-43,-32,-47,-30,-44,-38,-46,-31,-43,-31,-44,-34,-42,-36,-41,-32,-40,-36,-40,-37,-35,-39,-35,-38,-34,-36,-34,-41,-37,-39,-32,-42,-33,-47,-29,-44,-34,-52,-24,-49,-29,-48,-26,-48,-27,-52,-27,-50,-29,-50,-28,-52,-29,-52,-28,-53,-23,-56,-21,-59,-27,0,0]"
CSI_DATA,184,2a:00:00:00:00:00,-36,11,1,0,1,1,1,0,0,0,1,-96,0,11,2,2750072,0,44,0,384,0,"[0,0,0,0,0,0,0,0,0,0,0,0,8,-8,8,-7,8,-8,8,-7,8,-7,7,-7,7,-7,7,-7,7,-7,6,-8,7,-8,6,-8,6,-8,6,-8,6,-8,6,-9,5,-8,5,-8,5,-8,5,-8,5,-8,5,-8,5,-8,4,-9,5,-9,5,-9,0,0,5,-9,5,-9,5,-9,5,-9,5,-8,5,-8,6,-8,5,-8,6,-7,6,-7,6,-7,6,-7,6,-6,6,-6,6,-5,6,-5,5,-5,5,-4,5,-4,5,-3,5,-3,5,-3,4,-3,4,-3,4,-2,4,-2,0,0,0,0,0,0,0,0,0,0,0,0,0,0,-57,-25,-54,-30,-57,-25,-60,-24,-58,-27,-56,-25,-57,-19,-55,-21,-56,-19,-52,-17,-52,-21,-55,-16,-58,-17,-54,-11,-51,-17,-52,-8,-56,-13,-56,-10,-49,-9,-51,-7,-57,-8,-56,-7,-52,0,-53,-8,-52,-6,-53,-7,-52,-6,-52,-3,-51,-6,-54,-3,-53,-2,-57,-4,-49,-7,-53,-9,-52,-4,-51,-9,-51,-6,-51,-8,-50,-11,-51,-11,-47,-10,-50,-16,-48,-19,-44,-15,-40,-16,-39,-21,-38,-23,-39,-18,-35,-16,-37,-18,-29,-19,-24,-20,-28,-18,-27,-16,-20,-15,-22,-17,-19,-20,0,0,0,0,0,0,0,0,0,0,0,0,0,0,0,0,0,0,0,0,0,0,9,-44,10,-44,13,-41,17,-43,19,-48,21,-42,25,-41,23,-40,28,-45,26,-44,26,-43,31,-42,35,-43,37,-46,39,-48,38,-40,40,-44,41,-40,41,-42,42,-37,41,-37,49,-37,46,-36,44,-39,44,-34,46,-37,43,-33,42,-36,46,-31,47,-34,40,-33,47,-34,38,-32,37,-32,37,-34,38,-36,36,-38,38,-38,34,-42,37,-41,33,-45,29,-46,32,-44,32,-47,28,-41,31,-48,27,-49,27,-48,29,-48,29,-46,26,-46,30,-56,30,-55,24,-50,23,-56,22,-54,25,-51,0,0]"
CSI_DATA,185,2a:00:00:00:00:00,-36,11,1,0,1,1,1,0,0,0,1,-96,0,11,2,2760449,0,44,0,384,0,"[0,0,0,0,0,0,0,0,0,0,0,0,8,7,8,6,8,6,8,6,8,6,7,6,8,5,8,5,8,5,8,5,8,5,8,5,8,5,8,4,8,4,8,4,8,3,8,3,8,3,8,3,8,3,9,3,8,3,9,3,9,4,9,3,0,0,9,3,9,3,9,3,9,3,8,3,8,4,8,4,8,4,8,4,7,4,7,4,7,5,6,5,6,5,6,4,5,4,5,5,4,4,4,4,4,4,3,4,3,4,3,4,2,4,2,4,2,4,0,0,0,0,0,0,0,0,0,0,0,0,0,0,-15,-64,-18,-61,-19,-62,-16,-57,-18,-61,-16,-51,-17,-52,-21,-51,-19,-53,-22,-53,-22,-50,-22,-49,-21,-49,-29,-55,-24,-47,-26,-48,-26,-49,-24,-47,-24,-45,-24,-46,-33,-43,-28,-46,-29,-39,-25,-40,-31,-41,-32,-41,-30,-44,-31,-39,-29,-44,-35,-41,-29,-44,-29,-45,-32,-42,-29,-43,-31,-41,-26,-46,-32,-46,-26,-42,-24,-45,-23,-44,-22,-43,-19,-43,-20,-44,-16,-44,-12,-42,-16,-38,-12,-40,-11,-41,-5,-33,-9,-31,-8,-35,-5,-30,-2,-32,-3,-31,0,-28,-3,-25,2,-23,0,0,0,0,0,0,0,0,0,0,0,0,0,0,0,0,0,0,0,0,0,0,41,-21,39,-19,41,-14,43,-14,46,-14,43,-12,46,-8,47,-9,49,-6,50,-4,49,-5,53,-2,56,0,60,0,52,0,58,5,57,4,58,6,55,4,53,5,57,10,58,9,57,11,53,9,55,13,52,10,49,13,54,15,52,10,46,11,51,10,48,7,51,10,49,8,52,8,50,7,48,1,52,1,51,0,56,-2,54,2,52,-5,51,-2,54,-5,47,-6,56,-7,55,-8,53,-9,56,-14,58,-12,59,-15,59,-15,56,-16,57,-11,61,-18,58,-21,56,-18,0,0]"
CSI_DATA,186,2a:00:00:00:00:00,-36,11,1,0,1,1,1,0,0,0,1,-96,0,11,2,2770033,0,44,0,384,0,"[0,0,0,0,0,0,0,0,0,0,0,0,3,9,3,10,4,9,3,10,3,9,3,9,3,8,4,8,4,8,4,8,4,8,4,8,4,8,4,8,4,8,5,8,5,7,5,7,5,7,5,7,5,7,6,7,5,7,6,7,6,7,6,7,0,0,6,7,6,7,6,7,5,7,5,7,6,7,5,7,5,7,4,7,4,7,4,7,3,7,3,7,3,7,2,7,2,6,2,6,2,6,1,5,1,5,1,5,1,5,1,5,0,5,0,4,0,4,0,0,0,0,0,0,0,0,0,0,0,0,0,0,37,-48,37,-46,31,-50,31,-48,34,-51,31,-50,29,-52,29,-50,23,-49,25,-47,17,-46,20,-47,24,-49,18,-49,20,-44,21,-49,15,-53,17,-52,13,-48,14,-47,15,-51,11,-46,7,-49,14,-50,11,-49,16,-52,11,-49,13,-54,7,-53,10,-52,10,-52,8,-53,8,-48,7,-52,7,-49,14,-51,12,-49,12,-51,15,-47,16,-52,16,-42,16,-39,16,-40,15,-40,18,-41,18,-40,19,-30,19,-35,20,-27,19,-27,19,-27,17,-23,16,-25,15,-20,17,-22,18,-22,17,-14,0,0,0,0,0,0,0,0,0,0,0,0,0,0,0,0,0,0,0,0,0,0,36,19,37,27,40,25,36,30,38,31,32,31,34,32,33,36,30,39,33,41,32,43,33,41,37,45,29,44,31,47,27,46,30,50,29,49,27,51,22,55,22,52,22,55,19,52,26,48,20,53,24,49,19,50,20,50,21,48,23,48,22,44,24,48,22,45,22,46,26,45,20,49,25,42,27,44,31,40,35,40,35,41,34,34,36,37,38,37,34,33,39,37,37,39,41,36,44,28,43,34,41,30,49,35,44,40,44,31,50,32,51,32,46,30,0,0]"
CSI_DATA,187,2a:00:00:00:00:00,-36,11,1,0,1,1,1,0,0,0,1,-96,0,11,2,2780259,0,44,0,384,0,"[0,0,0,0,0,0,0,0,0,0,0,0,2,-11,2,-11,2,-10,2,-11,2,-10,2,-10,2,-10,1,-10,2,-10,1,-10,1,-10,1,-10,0,-10,0,-9,0,-10,0,-10,0,-10,0,-10,-1,-10,-1,-10,0,-10,-1,-10,-1,-10,-2,-10,-2,-10,-1,-10,0,0,-1,-10,-1,-10,-1,-10,-1,-10,-1,-10,-1,-10,0,-10,0,-10,1,-10,1,-9,1,-9,0,-9,0,-9,1,-9,2,-8,2,-8,1,-7,2,-7,2,-6,2,-6,2,-6,2,-6,2,-6,2,-5,2,-5,3,-4,0,0,0,0,0,0,0,0,0,0,0,0,0,0,-51,34,-47,29,-46,41,-49,33,-45,34,-44,33,-48,33,-48,35,-43,31,-42,33,-38,36,-37,40,-41,34,-38,38,-37,34,-35,41,-33,42,-34,38,-30,37,-33,37,-33,39,-29,39,-28,41,-31,39,-30,39,-31,38,-27,43,-30,46,-30,41,-24,44,-31,42,-35,42,-28,41,-29,43,-27,38,-32,40,-33,37,-32,40,-32,40,-36,35,-31,35,-35,35,-35,33,-36,30,-34,28,-33,24,-33,21,-31,22,-33,20,-25,15,-29,19,-30,14,-28,14,-28,13,-27,12,-24,12,-26,7,0,0,0,0,0,0,0,0,0,0,0,0,0,0,0,0,0,0,0,0,0,0,-32,-35,-32,-34,-30,-37,-27,-41,-27,-40,-22,-44,-24,-42,-24,-45,-25,-47,-17,-45,-25,-52,-24,-50,-21,-55,-16,-56,-16,-56,-12,-55,-17,-65,-11,-57,-10,-59,-8,-57,-8,-56,-6,-64,-6,-60,-10,-59,-7,-61,-12,-62,0,-60,-3,-58,-6,-55,-3,-58,-4,-52,-10,-55,-8,-49,-10,-54,-9,-54,-8,-54,-13,-50,-18,-49,-14,-52,-19,-47,-19,-49,-17,-50,-22,-49,-23,-49,-19,-52,-29,-47,-29,-49,-31,-49,-28,-51,-23,-45,-31,-49,-30,-48,-30,-49,-29,-45,-40,-52,-34,-49,-35,-49,0,0]"
CSI_DATA,188,2a:00:00:00:00:00,-37,11,1,0,1,1,1,0,0,0,1,-96,0,11,2,2800014,0,44,0,384,0,"[0,0,0,0,0,0,0,0,0,0,0,0,-11,-4,-10,-3,-11,-3,-10,-4,-10,-3,-10,-3,-10,-3,-10,-2,-10,-3,-10,-2,-10,-3,-10,-2,-10,-2,-10,-2,-10,-2,-10,-1,-10,-1,-10,-1,-10,-1,-10,-1,-10,-1,-10,-1,-10,-1,-10,-1,-10,-1,-10,-1,0,0,-10,-1,-10,-1,-10,-1,-10,-1,-10,-1,-10,-1,-10,-2,-9,-2,-10,-2,-9,-2,-9,-2,-9,-3,-8,-3,-8,-3,-8,-3,-7,-3,-7,-3,-7,-3,-6,-3,-6,-3,-6,-3,-5,-4,-5,-4,-5,-3,-4,-4,-4,-3,0,0,0,0,0,0,0,0,0,0,0,0,0,0,20,54,23,57,31,51,24,55,27,52,25,50,24,48,29,49,28,47,30,43,25,45,25,44,27,44,27,44,26,41,32,42,29,39,33,41,34,35,32,37,37,35,33,38,35,33,33,37,31,32,31,34,36,36,35,34,32,36,36,34,35,34,36,32,34,33,40,35,34,31,34,35,31,36,34,34,32,37,33,38,33,37,23,36,25,38,24,37,22,35,24,36,18,35,14,37,14,29,11,30,7,30,8,30,10,28,6,25,0,29,4,25,5,23,0,0,0,0,0,0,0,0,0,0,0,0,0,0,0,0,0,0,0,0,0,0,-44,21,-46,16,-47,12,-50,13,-47,12,-50,10,-51,10,-51,8,-54,4,-56,5,-58,1,-57,3,-58,1,-57,-3,-61,-1,-58,-9,-63,-3,-61,-4,-61,-10,-59,-9,-59,-7,-65,-11,-62,-12,-59,-9,-60,-10,-58,-11,-59,-12,-57,-13,-53,-11,-54,-2,-52,-7,-54,-10,-55,-5,-53,-2,-55,-4,-53,-4,-52,-3,-52,3,-55,2,-54,4,-53,6,-53,8,-51,6,-52,15,-49,12,-48,8,-53,16,-55,19,-55,19,-56,15,-49,18,-56,22,-55,18,-49,22,-59,23,-52,21,-57,27,0,0]"
CSI_DATA,189,2a:00:00:00:00:00,-37,11,1,0,1,1,1,0,0,0,1,-96,0,11,2,2810112,0,44,0,384,0,"[0,0,0,0,0,0,0,0,0,0,0,0,-10,3,-10,3,-9,3,-10,3,-9,3,-9,3,-9,3,-9,4,-9,3,-8,3,-9,4,-8,4,-8,4,-8,4,-8,4,-8,4,-8,4,-8,4,-8,5,-8,4,-8,4,-8,4,-7,4,-7,5,-8,5,-8,5,0,0,-8,5,-8,4,-8,5,-8,4,-8,4,-8,4,-8,4,-8,4,-8,3,-8,3,-8,3,-7,2,-8,2,-7,2,-7,1,-7,1,-7,1,-7,1,-6,0,-6,0,-6,0,-6,0,-5,0,-5,0,-5,-1,-5,-1,0,0,0,0,0,0,0,0,0,0,0,0,0,0,44,39,44,37,48,34,53,36,53,34,49,30,46,31,51,28,44,29,47,31,45,30,47,25,44,26,47,22,46,23,45,15,55,24,48,20,47,19,46,15,55,16,45,16,46,12,46,18,48,14,48,15,46,13,47,11,50,9,47,14,43,10,48,14,47,14,49,15,46,8,46,13,48,17,45,16,44,20,44,18,41,19,40,19,39,24,40,22,35,21,34,24,33,21,34,21,26,20,24,21,22,19,23,22,21,21,19,21,17,19,15,19,16,21,0,0,0,0,0,0,0,0,0,0,0,0,0,0,0,0,0,0,0,0,0,0,-30,37,-36,40,-35,37,-39,32,-40,33,-47,31,-44,29,-45,30,-49,31,-50,31,-49,31,-52,32,-55,32,-57,32,-58,27,-57,23,-63,28,-63,23,-57,22,-59,18,-63,21,-61,22,-57,20,-62,21,-60,18,-59,21,-61,13,-58,18,-58,18,-53,24,-48,16,-56,21,-52,20,-51,18,-52,23,-46,24,-45,26,-45,22,-45,28,-44,31,-47,33,-40,34,-44,35,-41,37,-41,34,-39,39,-41,36,-39,40,-38,39,-43,41,-36,41,-40,43,-43,47,-35,41,-36,49,-40,50,-39,47,0,0]"
CSI_DATA,190,2a:00:00:00:00:00,-37,11,1,0,1,1,1,0,0,0,1,-96,0,11,2,2830836,0,44,0,384,0,"[0,0,0,0,0,0,0,0,0,0,0,0,11,0,10,0,10,0,10,0,10,0,10,0,10,-1,9,-1,9,-1,9,-1,9,-1,9,-2,9,-1,9,-1,9,-2,9,-2,9,-3,8,-2,8,-2,8,-2,8,-2,8,-3,8,-3,8,-3,8,-3,8,-3,0,0,8,-3,8,-3,8,-3,8,-3,8,-2,8,-2,8,-2,8,-2,8,-2,8,-2,8,-1,7,-1,7,0,7,0,7,0,7,0,6,0,6,0,5,0,5,0,5,1,4,1,4,1,4,1,4,1,4,1,0,0,0,0,0,0,0,0,0,0,0,0,0,0,-41,-41,-41,-38,-43,-40,-40,-44,-46,-35,-42,-38,-46,-34,-45,-38,-42,-33,-40,-36,-47,-36,-41,-30,-42,-28,-42,-25,-45,-28,-43,-22,-45,-26,-40,-21,-47,-23,-41,-22,-46,-18,-41,-21,-44,-17,-43,-22,-41,-23,-40,-18,-42,-15,-45,-15,-45,-17,-49,-16,-43,-20,-47,-20,-42,-19,-48,-18,-43,-17,-43,-22,-43,-21,-44,-23,-45,-23,-39,-19,-41,-20,-35,-18,-35,-24,-36,-18,-31,-23,-28,-21,-22,-25,-28,-23,-28,-22,-23,-25,-19,-23,-20,-20,-16,-25,-15,-20,-13,-22,-13,-18,-11,-22,0,0,0,0,0,0,0,0,0,0,0,0,0,0,0,0,0,0,0,0,0,0,35,-33,37,-33,39,-30,42,-29,43,-28,44,-29,46,-23,50,-25,49,-20,47,-24,53,-25,56,-24,55,-27,57,-23,61,-21,55,-17,62,-19,58,-17,61,-16,56,-15,58,-13,64,-14,56,-12,60,-12,59,-11,62,-14,56,-13,57,-15,56,-13,56,-13,50,-16,55,-14,53,-13,52,-16,53,-17,52,-17,47,-20,49,-23,48,-26,45,-26,48,-29,44,-27,45,-26,45,-31,42,-35,40,-29,43,-34,43,-34,43,-33,41,-40,39,-42,41,-41,42,-39,35,-35,40,-43,41,-46,41,-46,0,0]"
CSI_DATA,191,2a:00:00:00:00:00,-37,11,1,0,1,1,1,0,0,0,1,-96,0,11,2,2840038,0,44,0,384,0,"[0,0,0,0,0,0,0,0,0,0,0,0,10,-4,10,-4,9,-4,10,-4,9,-4,9,-4,9,-5,8,-5,9,-5,8,-4,8,-5,8,-5,8,-5,8,-5,7,-5,8,-5,7,-6,7,-5,6,-5,6,-5,7,-5,7,-5,7,-6,6,-6,7,-6,7,-6,0,0,7,-6,7,-5,7,-6,7,-6,6,-5,7,-5,6,-5,7,-4,7,-5,7,-4,7,-4,6,-3,6,-3,6,-3,6,-3,6,-2,5,-2,5,-2,5,-2,5,-1,5,-1,4,-1,4,-1,4,-1,4,0,4,0,0,0,0,0,0,0,0,0,0,0,0,0,0,0,-50,-34,-46,-32,-55,-28,-52,-31,-43,-25,-51,-27,-45,-28,-51,-30,-44,-26,-46,-29,-46,-24,-51,-24,-48,-24,-45,-21,-44,-17,-41,-17,-50,-20,-46,-17,-46,-18,-43,-14,-50,-12,-43,-14,-46,-10,-43,-14,-44,-14,-43,-14,-42,-12,-43,-10,-44,-10,-44,-6,-48,-10,-45,-14,-37,-15,-47,-9,-44,-11,-41,-17,-40,-11,-40,-18,-36,-18,-40,-16,-39,-16,-35,-16,-30,-20,-34,-21,-33,-19,-28,-20,-32,-21,-25,-21,-23,-24,-23,-19,-23,-24,-21,-15,-21,-23,-12,-19,-18,-16,-13,-19,-11,-22,0,0,0,0,0,0,0,0,0,0,0,0,0,0,0,0,0,0,0,0,0,0,20,-44,27,-44,23,-38,30,-40,27,-42,38,-37,39,-36,36,-39,42,-37,37,-33,45,-37,45,-36,48,-42,50,-40,54,-41,47,-34,53,-39,47,-33,51,-34,53,-29,56,-28,56,-27,53,-23,53,-33,51,-27,53,-27,55,-29,55,-29,49,-25,50,-27,47,-28,50,-32,44,-31,42,-28,46,-32,43,-30,40,-27,42,-33,38,-32,44,-35,45,-37,33,-38,36,-40,35,-37,35,-42,32,-40,37,-43,35,-45,30,-46,34,-44,31,-45,31,-52,35,-52,33,-39,31,-56,30,-58,36,-50,0,0]"
CSI_DATA,192,2a:00:00:00:00:00,-37,11,1,0,1,1,1,0,0,0,1,-96,0,11,2,2850045,0,44,0,384,0,"[0,0,0,0,0,0,0,0,0,0,0,0,10,2,10,2,10,2,10,2,9,2,9,2,9,1,9,1,9,1,9,1,9,1,9,0,9,1,8,0,8,1,9,-1,8,-1,8,-1,8,-1,8,0,8,0,8,-1,8,-1,8,-1,8,-1,8,-1,0,0,8,-1,8,-1,8,-1,8,-1,8,0,8,0,8,0,7,0,7,0,7,0,7,0,7,1,6,1,6,1,6,1,6,1,5,2,5,1,5,1,4,1,4,1,4,2,3,2,3,2,3,2,3,2,0,0,0,0,0,0,0,0,0,0,0,0,0,0,-42,-52,-36,-46,-46,-46,-37,-45,-41,-41,-42,-42,-45,-43,-38,-44,-38,-38,-37,-37,-39,-40,-41,-35,-42,-33,-40,-29,-37,-34,-42,-32,-40,-29,-36,-31,-36,-26,-42,-21,-45,-25,-42,-26,-45,-25,-40,-23,-39,-24,-38,-22,-40,-21,-37,-21,-38,-20,-43,-21,-41,-16,-43,-20,-36,-18,-42,-21,-41,-19,-36,-23,-38,-19,-34,-21,-34,-22,-36,-21,-32,-19,-32,-21,-30,-28,-29,-22,-22,-24,-26,-22,-25,-24,-20,-25,-21,-21,-17,-19,-18,-20,-20,-20,-13,-25,-15,-24,-8,-21,-14,-19,-11,-20,0,0,0,0,0,0,0,0,0,0,0,0,0,0,0,0,0,0,0,0,0,0,39,-25,41,-24,44,-19,48,-22,50,-19,48,-17,51,-17,51,-18,53,-14,55,-12,57,-8,62,-12,60,-10,60,-9,60,-6,62,-7,63,-8,61,-8,63,-7,64,-6,61,-2,65,-5,64,-2,64,-2,61,2,62,-1,59,-5,60,-2,55,-2,60,-3,56,-7,60,-5,58,-7,51,-7,56,-11,52,-9,50,-14,52,-13,51,-11,48,-20,51,-20,54,-22,48,-25,49,-30,48,-29,48,-32,46,-33,50,-30,47,-36,50,-35,45,-31,45,-35,51,-32,41,-39,47,-40,46,-45,47,-40,0,0]"
CSI_DATA,193,2a:00:00:00:00:00,-37,11,1,0,1,1,1,0,0,0,1,-96,0,11,2,2860046,0,44,0,384,0,"[0,0,0,0,0,0,0,0,0,0,0,0,6,8,6,7,6,7,6,8,6,7,5,7,6,7,6,6,5,7,6,6,6,6,6,6,6,6,6,6,6,6,6,5,6,5,6,5,6,5,6,5,6,5,6,5,6,5,6,4,6,5,6,4,0,0,6,4,6,5,6,5,6,4,6,5,5,5,5,5,5,5,4,5,4,5,4,5,4,5,3,5,3,5,3,4,2,5,2,5,2,4,1,4,1,4,1,4,1,4,1,4,0,3,0,3,0,3,0,0,0,0,0,0,0,0,0,0,0,0,0,0,11,-60,10,-62,9,-62,5,-58,7,-58,5,-54,3,-56,6,-57,5,-50,4,-51,1,-50,1,-51,-3,-48,1,-49,-1,-47,-3,-49,-2,-49,-3,-47,-6,-46,-8,-47,-5,-46,-3,-42,-11,-42,-8,-43,-4,-47,-2,-43,-9,-43,-12,-45,-7,-43,-10,-45,-8,-41,-8,-43,-7,-43,-6,-44,-7,-43,-7,-40,-9,-43,-5,-41,-3,-41,-2,-38,-1,-39,-2,-39,5,-37,1,-38,6,-35,3,-32,9,-32,4,-32,5,-28,6,-23,7,-23,8,-21,8,-24,10,-21,11,-23,7,-21,9,-16,0,0,0,0,0,0,0,0,0,0,0,0,0,0,0,0,0,0,0,0,0,0,45,7,46,9,47,11,47,12,47,15,43,16,46,17,48,19,46,22,48,23,48,24,47,23,53,28,52,32,46,32,44,35,51,35,48,39,47,38,47,38,46,40,48,40,48,40,45,40,42,39,47,39,40,38,43,38,40,35,42,39,39,34,45,31,41,34,42,33,45,34,44,27,43,27,46,26,45,25,48,22,52,23,51,21,49,23,50,19,54,16,49,18,51,18,54,13,53,11,57,14,57,15,54,13,61,12,57,7,62,8,59,11,66,5,0,0]"
CSI_DATA,194,2a:00:00:00:00:00,-37,11,1,0,1,1,1,0,0,0,1,-96,0,11,2,2870045,0,44,0,384,0,"[0,0,0,0,0,0,0,0,0,0,0,0,0,11,1,10,1,11,1,10,1,10,0,9,1,9,1,9,1,9,1,9,1,9,1,9,2,9,2,8,2,8,2,8,2,8,2,8,3,8,3,8,2,8,3,8,2,8,3,8,3,8,2,8,0,0,2,8,3,8,3,8,2,8,2,8,2,8,2,8,2,7,1,7,1,7,0,7,0,7,0,6,0,6,-1,6,-1,6,-1,6,-1,5,-1,5,-1,4,-1,4,-1,4,-2,4,-2,4,-2,3,-2,3,0,0,0,0,0,0,0,0,0,0,0,0,0,0,38,-49,39,-46,34,-49,35,-51,33,-52,32,-46,31,-47,30,-50,30,-50,31,-47,24,-46,25,-48,22,-47,24,-48,24,-46,21,-46,21,-49,18,-45,18,-42,13,-42,10,-46,13,-47,10,-47,11,-47,11,-38,9,-47,12,-48,12,-49,9,-45,12,-45,10,-44,8,-46,10,-42,9,-42,10,-43,12,-45,10,-46,9,-42,13,-42,12,-37,13,-38,16,-35,16,-36,15,-32,16,-31,18,-26,15,-24,16,-28,16,-20,19,-23,15,-21,15,-18,17,-18,16,-16,15,-15,17,-12,19,-11,0,0,0,0,0,0,0,0,0,0,0,0,0,0,0,0,0,0,0,0,0,0,41,34,38,35,34,40,34,38,33,37,29,40,32,38,32,47,32,49,29,50,30,51,22,53,26,60,29,52,23,58,25,55,21,57,22,62,26,62,25,60,19,60,21,64,18,60,20,61,19,63,22,62,17,56,19,58,17,59,21,56,18,51,22,58,22,51,27,49,27,53,26,48,30,48,28,50,28,48,28,45,31,47,32,47,38,44,37,43,32,44,45,40,39,38,44,39,41,39,45,41,40,40,44,40,48,43,46,39,52,41,48,36,56,36,0,0]"
CSI_DATA,195,2a:00:00:00:00:00,-37,11,1,0,1,1,1,0,0,0,1,-96,0,11,2,2880122,0,44,0,384,0,"[0,0,0,0,0,0,0,0,0,0,0,0,6,8,6,8,6,8,6,8,6,8,5,7,5,7,6,7,6,7,6,7,6,6,6,6,6,6,6,6,6,6,6,5,6,5,6,5,6,5,6,5,6,5,6,5,6,5,6,5,6,5,6,5,0,0,6,5,6,5,6,5,6,5,6,5,5,5,5,5,5,5,4,5,5,5,4,5,4,5,3,5,3,5,3,5,2,4,2,5,2,4,2,4,1,4,1,4,1,4,1,4,0,4,0,3,0,3,0,0,0,0,0,0,0,0,0,0,0,0,0,0,21,-58,20,-59,17,-56,18,-57,22,-56,17,-52,14,-58,13,-58,10,-54,13,-48,11,-48,10,-50,11,-49,9,-48,13,-46,12,-47,10,-51,9,-49,9,-45,6,-51,3,-47,7,-48,1,-45,5,-43,9,-42,7,-45,3,-44,1,-45,4,-44,-1,-46,4,-39,6,-45,4,-42,3,-43,2,-43,10,-37,6,-41,9,-39,8,-39,10,-39,10,-38,9,-35,16,-34,12,-36,15,-32,12,-32,13,-26,19,-30,16,-24,15,-20,14,-22,15,-19,14,-20,14,-19,12,-12,17,-13,18,-9,0,0,0,0,0,0,0,0,0,0,0,0,0,0,0,0,0,0,0,0,0,0,48,-3,46,1,48,0,49,2,53,13,48,15,47,16,52,17,53,14,46,23,52,23,51,25,53,26,53,30,51,29,55,33,53,33,50,35,50,36,50,37,48,41,51,42,47,42,48,43,42,39,48,42,43,41,45,43,46,35,45,36,45,34,42,37,46,36,42,35,47,33,45,33,43,36,44,26,46,27,47,28,49,27,50,22,46,24,50,25,45,21,47,19,50,21,50,19,52,20,55,21,55,20,54,14,55,16,55,17,57,15,59,14,61,15,0,0]"
CSI_DATA,196,2a:00:00:00:00:00,-37,11,1,0,1,1,1,0,0,0,1,-96,0,11,2,2890039,0,44,0,384,0,"[0,0,0,0,0,0,0,0,0,0,0,0,-11,3,-11,3,-10,2,-10,2,-10,2,-10,3,-10,3,-9,3,-10,3,-9,3,-9,3,-9,3,-8,3,-8,3,-8,3,-8,4,-8,4,-8,3,-8,3,-8,3,-8,3,-8,3,-7,4,-7,4,-8,4,-8,4,0,0,-8,4,-7,3,-8,3,-7,4,-7,3,-7,3,-7,3,-8,3,-8,2,-8,2,-8,2,-7,1,-7,1,-7,1,-7,0,-7,0,-6,0,-6,0,-6,0,-6,0,-6,-1,-5,-1,-5,-1,-5,-1,-5,-1,-4,-1,0,0,0,0,0,0,0,0,0,0,0,0,0,0,40,43,39,41,45,38,45,32,46,33,50,34,43,36,43,31,40,29,44,31,40,29,44,31,43,31,41,28,42,26,40,21,46,22,46,23,42,21,42,19,45,18,39,16,44,15,42,17,41,22,42,20,35,13,42,14,42,16,42,15,41,14,47,18,40,19,37,18,43,16,36,16,34,18,34,21,36,21,37,20,32,17,30,24,30,21,32,20,30,22,28,21,23,22,22,21,19,21,15,19,17,19,17,21,12,19,12,20,14,19,7,19,10,19,0,0,0,0,0,0,0,0,0,0,0,0,0,0,0,0,0,0,0,0,0,0,-26,40,-31,42,-34,39,-38,33,-39,32,-42,33,-40,30,-45,31,-52,32,-46,31,-49,30,-52,31,-54,33,-53,31,-61,27,-59,25,-61,28,-56,24,-59,25,-59,18,-60,19,-66,19,-59,14,-59,19,-63,17,-56,16,-61,19,-62,19,-53,16,-56,25,-52,20,-55,24,-51,23,-52,17,-50,21,-54,24,-46,24,-48,28,-46,28,-49,35,-48,33,-43,35,-46,33,-45,36,-46,37,-42,36,-43,35,-40,39,-39,41,-41,39,-40,42,-40,44,-46,46,-36,38,-38,48,-46,46,-43,45,0,0]"
CSI_DATA,197,2a:00:00:00:00:00,-37,11,1,0,1,1,1,0,0,0,1,-96,0,11,2,2900047,0,44,0,384,0,"[0,0,0,0,0,0,0,0,0,0,0,0,-11,-3,-10,-2,-10,-2,-10,-2,-10,-2,-10,-2,-10,-1,-10,-1,-10,-1,-10,-1,-10,-1,-9,-1,-9,-1,-9,-1,-9,-1,-9,0,-9,0,-9,0,-9,0,-9,0,-9,0,-9,1,-9,1,-9,0,-9,0,-9,1,0,0,-9,1,-9,0,-9,0,-9,1,-8,0,-9,0,-9,0,-8,0,-8,0,-8,-1,-8,-1,-8,-2,-7,-2,-7,-2,-7,-2,-6,-1,-6,-2,-6,-2,-6,-2,-5,-2,-5,-2,-5,-3,-5,-2,-4,-3,-4,-3,-4,-3,0,0,0,0,0,0,0,0,0,0,0,0,0,0,40,48,34,43,37,45,38,47,37,43,40,45,34,44,35,44,36,36,35,40,35,34,40,34,37,33,37,33,33,34,34,31,40,34,38,29,37,31,32,28,39,30,33,28,35,28,36,26,34,25,33,23,36,24,37,25,39,28,39,24,37,25,39,25,31,24,38,26,33,21,37,28,32,23,34,26,33,29,31,21,30,24,28,27,26,28,24,28,22,28,29,26,22,28,17,27,15,26,14,21,17,19,13,22,12,19,13,18,7,23,8,25,9,21,0,0,0,0,0,0,0,0,0,0,0,0,0,0,0,0,0,0,0,0,0,0,-36,30,-42,28,-39,23,-46,26,-43,21,-50,24,-47,21,-52,23,-54,20,-49,19,-57,11,-58,21,-60,18,-62,13,-64,11,-58,8,-66,12,-60,8,-62,6,-61,10,-67,8,-66,5,-61,2,-61,2,-62,1,-58,5,-58,5,-62,2,-60,1,-60,6,-53,3,-60,3,-55,6,-55,9,-56,12,-51,13,-48,13,-51,16,-52,15,-53,20,-55,20,-50,21,-49,21,-51,24,-48,22,-44,25,-45,24,-43,27,-50,30,-49,32,-46,31,-49,30,-50,35,-46,31,-52,37,-55,35,-50,36,0,0]"
CSI_DATA,198,2a:00:00:00:00:00,-37,11,1,0,1,1,1,0,0,0,1,-96,0,11,2,2910053,0,44,0,384,0,"[0,0,0,0,0,0,0,0,0,0,0,0,-9,-7,-9,-7,-9,-7,-9,-7,-9,-7,-9,-6,-9,-6,-9,-6,-9,-6,-9,-6,-9,-6,-9,-5,-9,-5,-9,-5,-9,-5,-9,-4,-9,-4,-9,-4,-9,-4,-9,-4,-9,-4,-9,-4,-9,-4,-9,-3,-9,-4,-9,-3,0,0,-9,-3,-10,-3,-9,-3,-9,-3,-9,-4,-9,-4,-9,-4,-9,-4,-8,-4,-8,-4,-8,-4,-8,-5,-7,-5,-7,-5,-6,-4,-6,-4,-6,-5,-5,-4,-5,-4,-5,-4,-5,-4,-4,-4,-4,-4,-4,-4,-3,-4,-3,-4,0,0,0,0,0,0,0,0,0,0,0,0,0,0,2,57,-4,58,6,58,4,55,7,56,2,55,5,55,5,53,5,47,7,50,6,48,10,45,6,51,9,51,9,45,18,44,16,50,13,46,11,45,16,39,17,42,15,41,19,40,21,39,16,44,19,43,18,42,19,41,21,39,20,41,20,38,20,40,17,41,25,36,19,38,14,40,17,42,16,45,13,41,15,39,14,37,15,36,8,40,15,41,9,42,9,33,9,34,1,31,1,27,3,28,-2,29,-1,25,3,30,0,24,-3,24,-5,21,-5,22,0,0,0,0,0,0,0,0,0,0,0,0,0,0,0,0,0,0,0,0,0,0,-49,-1,-46,-6,-49,-5,-52,-12,-46,-15,-51,-14,-49,-17,-52,-19,-51,-24,-52,-19,-55,-25,-53,-26,-54,-24,-53,-30,-56,-29,-53,-34,-55,-32,-50,-37,-51,-35,-50,-33,-47,-41,-51,-38,-50,-39,-50,-35,-49,-37,-49,-33,-49,-36,-47,-36,-47,-30,-47,-31,-45,-30,-49,-31,-50,-28,-48,-26,-47,-27,-47,-22,-49,-22,-50,-20,-47,-18,-51,-20,-52,-20,-53,-14,-51,-18,-51,-9,-51,-10,-55,-4,-53,-11,-54,-6,-55,-9,-53,-4,-57,-2,-58,0,-59,-1,-57,-3,-60,0,-63,4,-62,1,0,0]"
CSI_DATA,199,2a:00:00:00:00:00,-37,11,1,0,1,1,1,0,0,0,1,-96,0,11,2,2930045,0,44,0,384,0,"[0,0,0,0,0,0,0,0,0,0,0,0,7,-9,6,-9,6,-9,6,-9,6,-9,6,-9,5,-9,5,-9,5,-9,4,-9,5,-9,5,-9,4,-9,4,-9,4,-9,4,-10,3,-9,3,-9,2,-9,3,-9,3,-9,2,-9,3,-9,2,-10,2,-10,3,-10,0,0,2,-10,2,-10,2,-10,3,-10,2,-9,2,-10,3,-9,2,-9,4,-9,4,-9,4,-9,3,-8,4,-8,3,-7,4,-7,4,-7,4,-7,4,-6,4,-6,4,-5,4,-5,3,-5,3,-5,3,-4,4,-3,4,-3,0,0,0,0,0,0,0,0,0,0,0,0,0,0,-62,8,-58,7,-55,10,-54,10,-54,16,-57,11,-55,11,-53,16,-50,12,-51,16,-46,17,-53,17,-50,20,-44,19,-44,13,-47,19,-47,25,-48,22,-46,23,-42,24,-42,27,-41,23,-39,27,-34,28,-40,30,-44,24,-39,22,-39,30,-38,27,-40,26,-42,32,-47,28,-40,26,-42,31,-38,30,-40,30,-40,25,-41,26,-39,27,-45,21,-42,18,-46,18,-39,19,-42,18,-44,13,-39,18,-40,11,-34,12,-36,11,-33,8,-34,8,-37,7,-31,6,-26,4,-26,5,-24,2,-29,-2,0,0,0,0,0,0,0,0,0,0,0,0,0,0,0,0,0,0,0,0,0,0,-3,-53,1,-50,0,-51,1,-51,2,-54,11,-52,3,-49,7,-53,8,-56,14,-49,16,-53,14,-55,16,-60,19,-63,24,-60,23,-56,25,-59,25,-54,21,-57,29,-55,27,-50,29,-56,28,-51,31,-53,29,-48,30,-51,30,-50,27,-53,22,-48,27,-49,23,-51,19,-49,20,-48,18,-48,18,-53,14,-53,13,-47,17,-48,15,-51,10,-52,10,-56,8,-52,7,-53,8,-52,3,-51,-6,-52,0,-55,-3,-52,-2,-58,-7,-52,-5,-54,3,-58,-6,-62,-6,-55,-6,-63,-9,-59,-5,-52,0,0]"
CSI_DATA,200,2a:00:00:00:00:00,-36,11,1,0,1,1,1,0,0,0,1,-96,0,11,2,2960045,0,44,0,384,0,"[0,0,0,0,0,0,0,0,0,0,0,0,5,8,6,7,6,7,6,7,5,7,5,7,6,6,6,6,6,6,6,6,6,6,7,6,6,6,6,6,6,6,7,5,7,5,6,5,7,5,7,5,7,5,7,5,7,5,7,4,7,5,8,5,0,0,7,5,7,5,7,5,7,5,7,5,7,6,7,6,6,5,6,6,6,6,6,6,5,6,5,6,5,6,4,6,4,6,3,6,3,5,3,5,3,5,2,5,2,5,2,4,1,4,1,4,1,4,0,0,0,0,0,0,0,0,0,0,0,0,0,0,17,-63,22,-56,12,-64,12,-54,12,-52,17,-55,14,-54,8,-55,12,-50,11,-52,5,-49,9,-51,9,-54,7,-49,6,-53,5,-53,3,-50,4,-52,4,-50,4,-51,-3,-55,-2,-51,-3,-52,2,-51,-3,-49,-1,-51,-3,-53,-7,-52,-4,-50,-8,-53,-2,-51,-1,-55,-2,-49,-2,-52,0,-50,6,-53,2,-54,4,-51,4,-54,3,-47,7,-48,7,-45,5,-50,7,-47,12,-45,12,-41,12,-37,13,-38,11,-36,12,-32,11,-34,15,-30,16,-29,17,-27,17,-21,13,-23,17,-23,0,0,0,0,0,0,0,0,0,0,0,0,0,0,0,0,0,0,0,0,0,0,45,-7,44,-2,44,-2,47,0,49,4,50,7,50,9,50,12,54,11,52,13,54,20,51,21,58,20,50,22,49,24,51,28,53,27,49,29,48,29,49,28,47,35,53,37,43,35,46,34,47,35,43,34,38,30,46,38,41,32,44,32,41,34,42,31,41,30,43,29,41,29,40,25,42,24,46,23,46,20,45,23,47,24,46,20,48,22,50,22,51,18,45,20,49,19,49,12,50,15,50,16,55,15,55,14,57,16,53,16,58,15,55,17,61,13,0,0]"
CSI_DATA,201,2a:00:00:00:00:00,-36,11,1,0,1,1,1,0,0,0,1,-96,0,11,2,2970058,0,44,0,384,0,"[0,0,0,0,0,0,0,0,0,0,0,0,2,9,2,9,3,9,2,10,2,9,2,8,2,9,2,8,2,8,3,8,3,8,3,8,3,8,3,8,3,8,4,8,4,7,4,7,4,7,4,7,4,7,4,8,4,7,5,7,4,8,4,7,0,0,4,8,5,8,5,8,4,8,4,8,4,8,4,8,4,8,3,8,3,8,2,8,2,8,2,8,1,7,1,7,1,7,1,7,0,6,0,6,0,5,0,5,0,6,-1,5,-1,5,-1,5,-1,4,0,0,0,0,0,0,0,0,0,0,0,0,0,0,18,-59,14,-54,11,-59,15,-53,15,-55,14,-55,12,-54,13,-54,12,-53,10,-53,11,-51,8,-50,9,-53,9,-52,10,-54,6,-48,3,-53,2,-49,4,-53,4,-47,-2,-51,-1,-47,-6,-51,-3,-51,-2,-52,-3,-48,1,-48,-6,-53,-4,-54,-5,-49,-2,-50,-4,-57,-5,-51,-5,-53,-7,-50,2,-54,-3,-52,0,-53,0,-52,-1,-47,4,-50,8,-46,6,-48,7,-46,9,-43,7,-41,9,-39,10,-39,12,-33,14,-33,13,-34,10,-31,12,-29,15,-25,13,-25,16,-24,12,-21,0,0,0,0,0,0,0,0,0,0,0,0,0,0,0,0,0,0,0,0,0,0,44,1,43,4,49,4,47,11,47,9,42,9,45,13,48,15,47,18,50,19,50,22,53,24,52,22,53,25,48,28,45,34,48,31,43,36,47,32,46,35,45,36,42,42,41,40,43,33,37,42,46,38,37,41,40,37,34,34,43,33,36,36,38,36,42,35,38,30,40,32,39,33,41,32,43,31,41,31,41,26,40,23,48,24,45,24,48,21,45,20,49,18,48,19,54,20,50,15,52,20,55,20,54,16,53,19,54,21,58,23,58,18,61,18,0,0]"
CSI_DATA,202,2a:00:00:00:00:00,-37,11,1,0,1,1,1,0,0,0,1,-96,0,11,2,2990037,0,44,0,384,0,"[0,0,0,0,0,0,0,0,0,0,0,0,-10,5,-9,5,-9,5,-9,5,-9,5,-9,5,-9,5,-8,6,-8,5,-7,5,-8,6,-8,6,-7,6,-7,6,-7,6,-7,7,-7,7,-7,6,-6,7,-6,6,-6,6,-6,7,-6,7,-6,7,-6,7,-6,8,0,0,-6,7,-6,7,-6,7,-6,7,-6,7,-6,7,-7,7,-6,6,-7,6,-7,6,-7,6,-7,5,-6,5,-6,5,-7,4,-7,4,-6,3,-6,3,-6,3,-6,3,-6,2,-5,2,-5,2,-5,2,-5,1,-5,1,0,0,0,0,0,0,0,0,0,0,0,0,0,0,50,26,51,28,52,20,51,21,51,20,51,18,47,17,47,18,46,15,48,13,49,10,52,16,51,12,44,7,50,10,46,9,51,8,48,9,45,5,42,9,51,1,46,8,52,1,45,-3,43,1,47,1,46,-2,45,-2,47,-1,48,-4,48,0,50,-2,44,1,46,-2,47,-3,47,5,48,0,50,2,46,1,45,6,43,2,44,8,42,10,40,6,40,9,35,15,34,10,38,15,33,14,34,7,29,8,28,13,24,10,23,12,26,13,23,15,17,20,0,0,0,0,0,0,0,0,0,0,0,0,0,0,0,0,0,0,0,0,0,0,-18,42,-22,42,-25,41,-28,41,-25,41,-28,39,-30,41,-33,39,-35,41,-33,40,-38,39,-40,39,-38,43,-44,43,-42,37,-42,32,-47,39,-47,36,-47,37,-48,33,-47,33,-51,36,-48,32,-48,28,-48,29,-44,33,-48,30,-45,33,-45,30,-48,32,-43,29,-44,31,-43,31,-36,32,-39,34,-41,33,-35,34,-35,37,-35,36,-35,38,-33,39,-33,40,-34,45,-32,40,-32,40,-31,48,-26,46,-28,41,-30,46,-27,47,-25,47,-27,51,-27,51,-22,47,-25,51,-29,53,-29,52,0,0]"
CSI_DATA,203,2a:00:00:00:00:00,-37,11,1,0,1,1,1,0,0,0,1,-96,0,11,2,3000036,0,44,0,384,0,"[0,0,0,0,0,0,0,0,0,0,0,0,-11,0,-11,0,-10,0,-11,0,-10,0,-10,0,-10,1,-10,1,-10,1,-10,1,-10,1,-10,1,-10,1,-10,1,-9,1,-9,2,-9,2,-9,2,-9,3,-9,2,-9,2,-9,3,-9,2,-9,3,-9,2,-9,3,0,0,-9,3,-9,2,-9,3,-9,3,-9,2,-9,3,-9,2,-9,2,-9,2,-9,2,-9,1,-9,0,-9,0,-8,0,-8,0,-8,0,-8,0,-7,0,-7,0,-7,0,-7,-1,-6,-1,-6,-2,-6,-2,-6,-2,-5,-2,0,0,0,0,0,0,0,0,0,0,0,0,0,0,42,44,43,37,40,39,36,38,41,39,36,39,37,32,40,37,38,34,37,35,39,29,38,31,38,29,37,29,38,28,41,28,41,30,42,23,40,25,40,23,41,22,42,22,39,20,39,18,39,21,43,23,45,23,44,18,41,18,45,19,40,20,40,22,41,21,43,22,43,20,39,22,40,25,39,24,38,22,37,23,37,26,32,26,32,28,31,24,26,28,28,30,23,23,24,27,22,26,18,22,19,25,16,24,15,24,14,25,12,27,10,23,11,20,0,0,0,0,0,0,0,0,0,0,0,0,0,0,0,0,0,0,0,0,0,0,-29,38,-31,33,-34,34,-39,31,-40,30,-40,29,-39,29,-42,27,-45,28,-50,29,-49,26,-50,27,-51,28,-54,27,-54,22,-57,21,-59,22,-60,22,-57,21,-58,12,-58,12,-62,16,-64,13,-58,17,-61,10,-54,12,-57,13,-56,19,-54,12,-53,14,-54,14,-52,11,-52,13,-50,16,-54,18,-48,20,-48,20,-46,18,-46,19,-44,24,-47,25,-47,25,-44,26,-47,31,-45,27,-44,30,-43,30,-43,35,-46,31,-47,35,-41,34,-40,41,-48,39,-42,33,-49,35,-45,42,-47,41,0,0]"
CSI_DATA,204,2a:00:00:00:00:00,-37,11,1,0,1,1,1,0,0,0,1,-96,0,11,2,3010055,0,44,0,384,0,"[0,0,0,0,0,0,0,0,0,0,0,0,-10,-3,-10,-3,-10,-2,-10,-3,-9,-3,-10,-2,-9,-1,-10,-1,-9,-2,-9,-1,-10,-1,-9,-1,-9,-1,-9,-1,-9,-1,-9,0,-9,0,-9,0,-9,0,-9,0,-9,0,-9,0,-9,1,-9,1,-9,0,-9,1,0,0,-9,1,-9,0,-10,0,-9,1,-9,0,-9,0,-9,0,-9,0,-9,0,-9,0,-9,-1,-8,-1,-8,-2,-8,-2,-7,-2,-7,-2,-7,-2,-6,-2,-6,-2,-6,-2,-6,-2,-5,-3,-5,-2,-5,-3,-5,-3,-4,-3,0,0,0,0,0,0,0,0,0,0,0,0,0,0,25,50,20,48,26,51,23,47,26,46,27,51,24,47,27,47,24,43,25,41,24,43,24,36,28,43,24,40,26,37,31,36,32,37,30,39,31,33,33,33,36,31,30,29,35,31,33,32,31,30,36,32,33,27,34,27,32,28,35,27,34,30,34,30,35,31,39,33,31,26,34,33,33,37,35,32,30,32,28,34,25,32,23,34,24,35,27,35,19,37,19,31,19,29,16,29,16,32,13,29,9,26,8,25,9,25,7,25,5,22,5,24,4,23,0,0,0,0,0,0,0,0,0,0,0,0,0,0,0,0,0,0,0,0,0,0,-42,20,-48,20,-45,15,-51,16,-50,16,-51,11,-50,10,-51,9,-56,4,-54,9,-58,3,-58,8,-62,8,-62,4,-63,-1,-60,-1,-66,0,-61,-3,-63,-1,-63,-2,-62,-6,-64,-9,-58,-6,-61,-9,-58,-7,-60,-8,-61,-10,-60,-6,-58,-9,-59,-5,-49,-5,-57,-7,-54,-9,-53,-4,-56,-1,-53,2,-49,0,-55,3,-57,6,-54,10,-53,4,-53,11,-52,9,-52,13,-52,15,-56,13,-52,12,-53,14,-48,21,-52,17,-51,21,-50,20,-59,23,-47,22,-54,22,-58,21,-59,20,0,0]"
CSI_DATA,205,2a:00:00:00:00:00,-38,11,1,0,1,1,1,0,0,0,1,-96,0,11,2,3020082,0,44,0,384,0,"[0,0,0,0,0,0,0,0,0,0,0,0,-9,-5,-9,-5,-9,-4,-9,-5,-9,-4,-9,-4,-9,-4,-9,-4,-9,-4,-9,-3,-9,-3,-9,-3,-9,-3,-9,-3,-9,-3,-9,-2,-9,-2,-9,-2,-9,-2,-9,-2,-9,-2,-9,-2,-9,-2,-9,-1,-9,-2,-9,-1,0,0,-9,-1,-9,-2,-9,-2,-9,-1,-9,-2,-9,-2,-9,-2,-9,-2,-8,-3,-8,-2,-8,-3,-8,-3,-7,-3,-7,-3,-7,-3,-7,-3,-6,-3,-6,-3,-6,-3,-5,-3,-5,-4,-4,-3,-4,-4,-4,-4,-4,-3,-3,-3,0,0,0,0,0,0,0,0,0,0,0,0,0,0,4,62,3,56,5,60,6,54,7,53,6,55,9,51,7,53,9,51,9,50,11,46,14,49,12,48,13,43,14,47,15,43,18,48,17,43,20,49,16,42,20,43,18,41,21,41,19,43,21,41,20,41,18,34,21,42,19,40,25,38,23,36,22,40,21,39,24,41,16,40,18,45,17,39,19,41,17,38,15,37,14,38,13,39,13,42,9,40,6,39,8,34,3,33,4,36,5,30,5,29,-5,29,-1,25,-2,29,-4,23,1,26,-4,21,-4,21,0,0,0,0,0,0,0,0,0,0,0,0,0,0,0,0,0,0,0,0,0,0,-49,5,-49,-2,-48,2,-57,-5,-53,-8,-55,-4,-53,-12,-54,-11,-59,-10,-55,-14,-58,-16,-59,-17,-65,-17,-61,-19,-63,-23,-56,-28,-66,-27,-56,-24,-64,-25,-56,-32,-56,-33,-58,-28,-55,-27,-60,-29,-58,-30,-56,-28,-55,-26,-53,-33,-47,-30,-52,-26,-49,-23,-58,-26,-52,-24,-54,-21,-56,-22,-52,-19,-48,-18,-50,-16,-53,-17,-55,-15,-56,-15,-53,-11,-53,-10,-54,-7,-55,-8,-48,-4,-53,-2,-61,-4,-54,1,-55,1,-59,1,-59,6,-56,-3,-55,-1,-61,-1,-64,5,-62,5,0,0]"
CSI_DATA,206,2a:00:00:00:00:00,-37,11,1,0,1,1,1,0,0,0,1,-96,0,11,2,3030046,0,44,0,384,0,"[0,0,0,0,0,0,0,0,0,0,0,0,-2,-11,-2,-10,-3,-10,-2,-11,-2,-10,-2,-10,-2,-10,-3,-9,-3,-9,-3,-9,-3,-9,-3,-9,-3,-9,-4,-9,-4,-9,-4,-9,-4,-8,-4,-8,-5,-8,-4,-8,-4,-8,-5,-8,-4,-8,-5,-8,-5,-8,-4,-8,0,0,-5,-8,-5,-8,-5,-8,-4,-8,-5,-8,-5,-8,-4,-9,-4,-8,-3,-8,-3,-8,-3,-8,-3,-8,-2,-8,-2,-8,-1,-7,-1,-7,-2,-7,-1,-6,-1,-6,-1,-6,0,-6,-1,-6,-1,-5,0,-5,0,-5,1,-5,0,0,0,0,0,0,0,0,0,0,0,0,0,0,-43,37,-40,34,-41,39,-34,33,-34,39,-36,39,-37,39,-39,38,-31,37,-33,42,-31,39,-33,42,-28,38,-32,38,-28,41,-28,39,-26,42,-25,42,-22,39,-18,36,-19,43,-19,38,-18,42,-19,38,-16,41,-16,41,-16,43,-16,41,-15,41,-13,43,-20,38,-17,44,-18,37,-15,45,-17,43,-16,43,-18,43,-18,41,-21,38,-20,35,-19,37,-26,31,-21,32,-21,31,-20,29,-23,29,-21,30,-20,25,-21,27,-22,19,-22,16,-20,20,-22,19,-21,17,-23,14,-19,13,-20,11,0,0,0,0,0,0,0,0,0,0,0,0,0,0,0,0,0,0,0,0,0,0,-28,-36,-30,-47,-27,-41,-27,-51,-24,-48,-24,-53,-23,-54,-18,-53,-23,-54,-20,-52,-13,-61,-15,-60,-22,-63,-15,-62,-13,-64,-13,-63,-16,-69,-10,-60,-14,-67,-13,-66,-10,-69,-10,-66,-6,-60,-6,-64,-3,-64,-7,-63,-3,-64,-6,-63,-6,-60,-9,-63,-12,-52,-14,-63,-9,-56,-15,-55,-15,-56,-18,-54,-12,-50,-19,-53,-17,-52,-20,-49,-24,-54,-22,-47,-27,-53,-29,-50,-29,-46,-31,-50,-32,-48,-31,-44,-28,-43,-33,-46,-33,-48,-34,-48,-38,-49,-34,-43,-39,-46,-42,-47,-42,-40,0,0]"
CSI_DATA,207,2a:00:00:00:00:00,-37,11,1,0,1,1,1,0,0,0,1,-96,0,11,2,3040300,0,44,0,384,0,"[0,0,0,0,0,0,0,0,0,0,0,0,1,9,1,9,1,9,1,9,1,8,1,8,1,8,1,8,1,8,2,8,2,8,2,8,2,7,2,7,2,7,3,7,3,7,2,7,3,7,3,7,3,7,3,7,3,6,3,7,3,7,3,7,0,0,3,7,3,7,3,7,3,7,3,7,3,7,2,7,2,7,2,7,1,6,1,6,1,6,1,6,0,6,0,5,0,5,0,5,-1,5,-1,4,-1,4,-1,4,-1,4,-1,4,-1,4,-2,3,-2,3,0,0,0,0,0,0,0,0,0,0,0,0,0,0,36,-45,40,-47,35,-46,31,-45,32,-45,29,-41,31,-42,30,-42,28,-42,29,-46,24,-43,25,-42,19,-43,23,-44,22,-40,20,-43,16,-44,20,-38,19,-42,16,-41,17,-44,17,-37,12,-45,13,-44,13,-40,15,-45,14,-38,15,-44,12,-43,15,-43,14,-41,15,-42,10,-43,11,-42,17,-41,19,-43,13,-43,15,-41,16,-39,17,-38,18,-39,23,-35,20,-35,21,-32,21,-30,19,-28,22,-26,18,-26,22,-20,19,-21,21,-16,19,-18,20,-20,15,-15,16,-10,18,-9,19,-7,0,0,0,0,0,0,0,0,0,0,0,0,0,0,0,0,0,0,0,0,0,0,39,25,39,31,39,30,40,31,40,38,40,41,38,41,37,41,39,39,34,46,34,51,36,52,39,52,33,54,32,56,31,55,33,62,26,62,31,59,23,57,26,59,27,60,24,62,25,61,20,63,26,56,16,57,23,56,20,56,24,56,20,52,25,53,25,51,27,50,24,50,29,46,30,42,30,47,32,44,33,46,31,45,35,41,31,43,37,41,37,41,42,45,39,36,38,36,44,36,43,35,40,39,40,38,43,43,43,39,52,38,55,41,44,41,0,0]"
CSI_DATA,208,2a:00:00:00:00:00,-36,11,1,0,1,1,1,0,0,0,1,-96,0,11,2,3060064,0,44,0,384,0,"[0,0,0,0,0,0,0,0,0,0,0,0,10,-2,10,-2,9,-2,9,-2,9,-2,9,-2,9,-3,8,-3,8,-3,8,-3,8,-3,8,-4,8,-4,8,-4,8,-4,8,-4,8,-5,7,-4,7,-4,7,-4,7,-4,7,-4,7,-4,7,-5,7,-5,7,-5,0,0,7,-5,7,-5,7,-5,7,-5,7,-4,7,-4,7,-4,7,-4,7,-4,7,-4,7,-3,7,-3,6,-2,6,-2,6,-2,6,-1,6,-1,5,-1,5,-1,5,-1,5,0,4,0,4,0,4,0,4,0,4,0,0,0,0,0,0,0,0,0,0,0,0,0,0,0,-44,-40,-40,-39,-47,-38,-43,-38,-44,-35,-43,-32,-40,-31,-44,-34,-41,-31,-46,-27,-42,-28,-44,-25,-42,-22,-43,-24,-39,-21,-48,-22,-47,-24,-49,-20,-44,-24,-43,-13,-48,-14,-42,-17,-43,-11,-41,-16,-38,-18,-40,-15,-42,-13,-47,-10,-44,-15,-43,-9,-45,-10,-46,-13,-40,-13,-45,-15,-41,-12,-42,-17,-44,-17,-41,-19,-38,-21,-39,-20,-35,-16,-38,-20,-34,-22,-35,-19,-31,-24,-32,-21,-32,-21,-25,-22,-24,-22,-22,-19,-21,-21,-17,-18,-16,-18,-18,-17,-15,-20,-12,-19,-13,-20,0,0,0,0,0,0,0,0,0,0,0,0,0,0,0,0,0,0,0,0,0,0,24,-39,29,-42,29,-40,35,-44,31,-33,40,-37,41,-35,42,-34,45,-35,45,-34,47,-35,47,-39,50,-39,51,-31,54,-28,51,-28,59,-31,52,-24,58,-26,54,-27,59,-21,63,-18,55,-20,57,-26,61,-20,56,-26,54,-19,61,-20,52,-19,58,-22,50,-20,60,-20,49,-16,53,-16,55,-18,48,-25,45,-28,47,-28,43,-28,45,-31,46,-27,40,-34,45,-33,41,-35,43,-33,39,-31,40,-35,40,-36,43,-36,38,-36,35,-42,38,-47,46,-47,37,-39,37,-46,40,-47,38,-45,0,0]"
CSI_DATA,209,2a:00:00:00:00:00,-36,11,1,0,1,1,1,0,0,0,1,-96,0,11,2,3080227,0,44,0,384,0,"[0,0,0,0,0,0,0,0,0,0,0,0,2,-11,1,-10,1,-10,1,-11,1,-10,1,-10,1,-10,0,-10,1,-10,0,-10,0,-10,-1,-10,-1,-10,-1,-9,-1,-10,-1,-10,-1,-9,-1,-9,-2,-9,-2,-9,-2,-9,-2,-10,-2,-9,-3,-9,-2,-10,-2,-9,0,0,-2,-10,-2,-10,-2,-10,-2,-9,-2,-9,-2,-10,-2,-10,-1,-9,-1,-9,-1,-9,-1,-9,0,-9,0,-8,0,-8,1,-8,1,-7,1,-7,1,-6,1,-6,1,-6,1,-6,1,-6,1,-5,1,-5,2,-5,2,-4,0,0,0,0,0,0,0,0,0,0,0,0,0,0,-57,18,-51,13,-55,23,-52,18,-50,20,-51,20,-48,20,-54,21,-45,18,-50,22,-48,21,-46,21,-44,25,-43,26,-41,24,-42,27,-45,27,-42,26,-40,29,-38,28,-43,31,-37,27,-37,33,-35,31,-33,27,-35,30,-36,31,-37,33,-35,29,-38,36,-37,33,-44,31,-34,29,-40,36,-36,30,-39,29,-38,28,-37,29,-35,29,-40,23,-38,20,-38,22,-36,20,-38,17,-40,21,-36,13,-36,15,-33,8,-30,10,-30,7,-27,6,-24,7,-29,7,-26,5,-27,2,-22,-3,-23,-2,0,0,0,0,0,0,0,0,0,0,0,0,0,0,0,0,0,0,0,0,0,0,-24,-38,-25,-44,-22,-42,-22,-50,-19,-44,-21,-49,-16,-50,-16,-50,-16,-56,-15,-54,-11,-57,-10,-59,-13,-65,-9,-60,-8,-64,1,-60,-2,-64,1,-58,1,-61,8,-62,5,-65,4,-61,4,-59,2,-62,9,-62,4,-62,11,-59,9,-65,7,-55,8,-59,5,-51,7,-62,3,-53,7,-58,4,-57,4,-54,3,-50,-1,-56,-3,-53,-7,-52,-6,-55,-8,-52,-6,-56,-13,-50,-9,-55,-14,-51,-14,-52,-17,-51,-17,-54,-11,-53,-12,-53,-13,-59,-14,-60,-18,-50,-15,-59,-21,-59,-19,-55,0,0]"
CSI_DATA,210,2a:00:00:00:00:00,-36,11,1,0,1,1,1,0,0,0,1,-96,0,11,2,3090207,0,44,0,384,0,"[0,0,0,0,0,0,0,0,0,0,0,0,8,-6,8,-6,7,-6,7,-6,7,-6,7,-6,7,-6,7,-6,7,-6,6,-6,6,-7,6,-7,6,-7,5,-7,5,-6,5,-8,5,-7,5,-7,4,-7,5,-7,5,-7,5,-7,5,-8,4,-8,4,-8,5,-8,0,0,5,-8,5,-8,5,-8,5,-8,5,-7,5,-7,5,-7,5,-7,6,-7,6,-7,6,-7,5,-6,5,-5,5,-5,6,-5,6,-5,5,-4,5,-4,5,-3,5,-3,5,-3,4,-2,4,-3,4,-2,4,-2,4,-2,0,0,0,0,0,0,0,0,0,0,0,0,0,0,-53,-25,-51,-19,-54,-14,-49,-20,-53,-14,-51,-17,-51,-12,-51,-16,-51,-13,-50,-13,-49,-7,-44,-4,-50,-6,-47,-2,-50,-6,-50,0,-51,0,-49,-2,-48,-1,-44,3,-50,-1,-46,1,-46,6,-44,1,-44,3,-49,4,-49,7,-43,7,-46,6,-50,10,-49,5,-51,10,-48,3,-48,9,-50,9,-48,1,-46,6,-48,4,-50,0,-45,-1,-45,-1,-45,0,-43,-1,-38,-2,-39,-3,-40,-8,-37,-9,-33,-10,-34,-7,-33,-8,-30,-10,-33,-8,-27,-12,-26,-10,-20,-8,-18,-11,-22,-12,0,0,0,0,0,0,0,0,0,0,0,0,0,0,0,0,0,0,0,0,0,0,9,-46,13,-46,15,-45,17,-46,19,-44,19,-47,23,-44,24,-45,29,-49,26,-48,31,-47,30,-48,31,-50,36,-52,37,-47,37,-42,37,-49,40,-48,40,-45,45,-42,40,-42,46,-45,41,-43,43,-45,42,-43,40,-42,43,-41,42,-41,41,-33,42,-40,41,-37,42,-39,39,-35,37,-38,36,-39,37,-38,35,-40,31,-42,34,-41,30,-42,32,-46,28,-44,30,-46,30,-50,22,-47,22,-46,26,-50,21,-49,24,-52,25,-48,21,-49,18,-53,23,-55,19,-50,23,-59,22,-55,17,-54,0,0]"
CSI_DATA,211,2a:00:00:00:00:00,-36,11,1,0,1,1,1,0,0,0,1,-96,0,11,2,3100032,0,44,0,384,0,"[0,0,0,0,0,0,0,0,0,0,0,0,-8,6,-8,7,-7,7,-8,7,-7,7,-7,7,-7,7,-6,7,-6,7,-6,7,-6,7,-6,7,-6,7,-5,7,-5,7,-5,7,-5,8,-5,7,-4,7,-4,8,-4,7,-4,8,-5,7,-4,8,-5,8,-5,8,0,0,-5,8,-5,8,-5,8,-5,8,-5,7,-5,8,-5,7,-5,7,-6,7,-6,6,-6,6,-6,6,-6,5,-6,5,-6,5,-6,4,-6,4,-6,4,-6,4,-5,3,-5,3,-5,3,-5,2,-5,2,-5,1,-5,1,0,0,0,0,0,0,0,0,0,0,0,0,0,0,56,13,56,9,58,12,55,5,55,8,52,11,50,6,53,3,50,7,52,4,48,-1,47,0,50,-4,50,2,51,-2,46,1,51,-2,50,-5,47,-4,47,-7,48,-9,46,-3,47,-9,46,-11,46,-6,49,-9,47,-12,47,-10,46,-12,49,-15,44,-11,52,-10,48,-9,48,-13,49,-9,45,-3,48,-7,46,-3,43,-3,46,-2,48,-1,43,2,43,4,40,0,40,4,39,7,37,8,33,6,33,8,30,6,31,8,27,7,27,12,23,7,22,13,23,10,18,11,0,0,0,0,0,0,0,0,0,0,0,0,0,0,0,0,0,0,0,0,0,0,5,46,-2,46,-2,48,-4,50,-5,53,-6,48,-14,47,-12,51,-16,53,-14,54,-20,56,-21,55,-20,61,-22,58,-28,56,-30,54,-29,60,-31,52,-31,55,-32,50,-37,48,-37,51,-36,52,-35,51,-35,49,-36,49,-38,50,-40,47,-37,44,-39,48,-32,44,-32,46,-33,47,-32,43,-32,50,-31,47,-27,46,-23,46,-28,48,-19,50,-23,47,-21,52,-20,49,-17,53,-17,47,-10,50,-12,53,-14,54,-18,52,-15,57,-13,52,-12,57,-18,55,-13,53,-14,54,-10,63,-13,56,0,0]"
CSI_DATA,212,2a:00:00:00:00:00,-36,11,1,0,1,1,1,0,0,0,1,-96,0,11,2,3120117,0,44,0,384,0,"[0,0,0,0,0,0,0,0,0,0,0,0,-8,7,-7,7,-7,7,-7,7,-6,7,-7,7,-6,7,-6,7,-6,7,-5,7,-6,7,-5,7,-5,7,-5,7,-5,7,-5,8,-4,8,-5,7,-4,7,-4,7,-4,7,-4,8,-4,7,-4,8,-4,8,-4,8,0,0,-4,8,-4,8,-4,8,-5,8,-4,7,-4,7,-4,7,-4,7,-5,7,-5,6,-6,6,-5,6,-5,5,-5,5,-6,4,-6,4,-5,4,-5,4,-5,3,-5,3,-5,3,-5,3,-5,2,-4,2,-5,1,-4,1,0,0,0,0,0,0,0,0,0,0,0,0,0,0,64,-3,56,-1,61,-9,55,-1,57,-5,61,-4,51,-9,55,-3,49,0,48,-6,47,-9,51,-9,49,-9,46,-9,50,-10,48,-16,49,-13,47,-17,45,-17,41,-14,46,-13,42,-10,39,-19,41,-12,45,-16,42,-13,42,-14,42,-22,45,-15,43,-23,48,-16,48,-16,44,-13,43,-18,42,-16,45,-14,44,-14,44,-13,43,-8,46,-6,45,-6,43,-6,41,-4,39,-6,41,0,35,3,38,5,36,-2,33,4,29,9,32,4,28,6,24,9,21,8,21,3,21,9,22,7,0,0,0,0,0,0,0,0,0,0,0,0,0,0,0,0,0,0,0,0,0,0,19,40,17,46,10,44,9,52,9,51,7,50,5,47,5,53,0,58,2,56,-2,57,1,60,2,60,-3,62,-11,63,-10,54,-11,65,-13,58,-11,56,-14,57,-16,58,-23,58,-14,59,-16,56,-15,57,-16,61,-19,58,-23,59,-17,53,-23,58,-18,49,-22,57,-18,50,-12,53,-16,50,-15,51,-12,51,-9,53,-8,53,-4,54,-6,55,-5,49,-7,57,-6,53,-3,54,1,57,-3,57,-1,57,0,57,5,53,5,61,6,59,0,62,1,54,6,60,5,66,1,63,0,0]"
CSI_DATA,213,2a:00:00:00:00:00,-36,11,1,0,1,1,1,0,0,0,1,-96,0,11,2,3130164,0,44,0,384,0,"[0,0,0,0,0,0,0,0,0,0,0,0,-6,8,-6,8,-5,8,-6,8,-5,8,-6,8,-5,8,-5,8,-5,8,-4,8,-5,8,-5,8,-4,8,-4,8,-4,8,-4,8,-4,8,-4,8,-3,8,-3,8,-3,8,-3,8,-3,8,-2,8,-2,8,-3,8,0,0,-3,8,-3,8,-3,8,-3,8,-3,8,-3,8,-4,8,-3,7,-4,7,-4,7,-5,7,-4,6,-4,6,-4,6,-5,5,-5,5,-4,5,-5,4,-5,4,-5,4,-5,3,-4,3,-4,3,-4,3,-4,2,-4,2,0,0,0,0,0,0,0,0,0,0,0,0,0,0,59,-4,58,-2,57,-4,59,-12,64,-6,57,-6,52,-5,56,-8,50,-9,53,-8,49,-9,49,-8,50,-11,44,-8,45,-15,46,-17,46,-14,48,-14,52,-16,44,-12,47,-18,41,-16,42,-19,42,-19,42,-19,45,-18,46,-19,40,-21,45,-17,41,-21,49,-22,48,-18,43,-19,43,-16,44,-20,41,-15,44,-16,45,-14,44,-12,47,-7,43,-12,42,-6,41,-10,42,-7,41,-6,38,-3,36,-2,33,-2,33,3,30,3,32,2,28,5,25,1,22,4,24,2,23,4,24,9,0,0,0,0,0,0,0,0,0,0,0,0,0,0,0,0,0,0,0,0,0,0,12,41,11,50,9,46,8,50,4,47,4,49,-1,52,0,51,0,58,1,55,-6,57,-7,57,-7,63,-4,62,-9,64,-11,57,-15,62,-14,59,-17,61,-22,57,-23,54,-22,60,-20,52,-19,54,-23,56,-23,61,-20,52,-21,57,-20,51,-17,55,-17,50,-20,53,-16,54,-15,49,-16,50,-12,52,-12,49,-8,49,-9,51,-8,56,-7,54,-1,51,-2,56,2,56,-3,57,-4,51,-1,58,3,56,1,60,-1,55,3,60,5,64,-2,64,3,54,3,59,7,62,7,58,0,0]"
CSI_DATA,214,2a:00:00:00:00:00,-36,11,1,0,1,1,1,0,0,0,1,-96,0,11,2,3140042,0,44,0,384,0,"[0,0,0,0,0,0,0,0,0,0,0,0,-5,-10,-5,-10,-6,-9,-5,-10,-6,-9,-5,-9,-5,-9,-6,-8,-5,-9,-6,-8,-6,-8,-6,-8,-6,-8,-6,-8,-6,-8,-7,-8,-6,-7,-6,-7,-7,-7,-7,-7,-7,-7,-7,-7,-7,-7,-7,-7,-7,-7,-7,-7,0,0,-7,-7,-7,-8,-7,-8,-7,-7,-6,-7,-6,-8,-6,-8,-6,-7,-5,-8,-5,-7,-5,-7,-4,-8,-4,-7,-4,-7,-3,-7,-3,-7,-3,-7,-3,-6,-2,-6,-2,-6,-2,-6,-1,-6,-1,-5,-1,-5,-1,-5,-1,-5,0,0,0,0,0,0,0,0,0,0,0,0,0,0,-37,51,-36,48,-35,53,-37,46,-32,50,-33,47,-29,48,-26,47,-22,45,-28,48,-30,44,-26,45,-22,44,-23,41,-19,46,-20,44,-21,47,-18,43,-18,47,-16,44,-16,45,-12,45,-11,49,-11,46,-19,42,-15,49,-16,44,-11,48,-12,49,-12,45,-7,46,-14,46,-10,44,-11,45,-12,43,-15,45,-16,46,-17,47,-19,42,-19,39,-18,37,-20,42,-20,39,-19,41,-21,37,-18,29,-23,29,-19,30,-19,24,-21,25,-22,21,-19,18,-17,19,-18,17,-17,16,-17,14,-21,12,0,0,0,0,0,0,0,0,0,0,0,0,0,0,0,0,0,0,0,0,0,0,-42,-16,-41,-24,-39,-23,-45,-33,-39,-32,-40,-32,-40,-33,-40,-35,-43,-37,-40,-35,-40,-42,-41,-41,-43,-42,-43,-48,-39,-50,-33,-50,-41,-51,-34,-50,-38,-53,-31,-54,-28,-50,-36,-58,-28,-54,-33,-55,-27,-52,-31,-57,-30,-53,-28,-52,-26,-46,-29,-49,-32,-46,-34,-53,-27,-45,-29,-47,-30,-48,-31,-43,-31,-42,-36,-41,-36,-40,-39,-39,-37,-41,-37,-37,-44,-37,-46,-37,-37,-39,-45,-31,-46,-35,-45,-37,-49,-36,-44,-35,-48,-34,-53,-33,-51,-40,-45,-32,-55,-32,-53,-36,-54,-39,0,0]"
CSI_DATA,215,2a:00:00:00:00:00,-37,11,1,0,1,1,1,0,0,0,1,-96,0,11,2,3160014,0,44,0,384,0,"[0,0,0,0,0,0,0,0,0,0,0,0,9,-4,9,-4,8,-4,8,-4,8,-4,8,-4,8,-4,8,-5,7,-5,7,-5,7,-5,7,-5,7,-5,6,-5,6,-5,7,-6,6,-6,6,-6,6,-6,6,-6,6,-6,6,-6,6,-6,5,-6,6,-6,6,-6,0,0,6,-7,6,-6,6,-6,6,-6,6,-5,6,-6,6,-5,6,-5,6,-5,6,-5,6,-5,6,-4,5,-4,6,-4,6,-3,6,-3,5,-3,5,-2,5,-2,5,-2,5,-2,4,-2,4,-2,4,-1,4,-1,4,-1,0,0,0,0,0,0,0,0,0,0,0,0,0,0,-47,-41,-45,-36,-54,-31,-45,-38,-45,-33,-49,-33,-43,-29,-50,-32,-41,-26,-45,-28,-44,-26,-44,-25,-44,-27,-42,-21,-45,-26,-41,-19,-43,-19,-45,-16,-45,-18,-44,-17,-50,-14,-41,-15,-47,-10,-43,-17,-42,-16,-44,-15,-46,-13,-45,-13,-48,-13,-44,-10,-42,-12,-48,-14,-45,-12,-47,-15,-43,-11,-48,-19,-43,-13,-43,-14,-40,-18,-43,-16,-38,-20,-34,-20,-32,-22,-34,-21,-34,-23,-35,-20,-36,-23,-30,-21,-23,-20,-23,-20,-25,-18,-19,-18,-16,-16,-15,-18,-15,-17,-18,-17,-17,-16,0,0,0,0,0,0,0,0,0,0,0,0,0,0,0,0,0,0,0,0,0,0,19,-41,24,-45,21,-42,28,-47,29,-42,32,-45,32,-40,32,-41,35,-42,35,-41,41,-44,42,-42,42,-45,44,-45,51,-42,48,-35,54,-44,51,-37,52,-38,54,-33,51,-33,51,-35,49,-30,51,-29,54,-32,53,-33,51,-29,52,-32,45,-28,50,-36,44,-27,50,-32,43,-33,42,-32,47,-34,42,-35,39,-32,39,-35,39,-34,40,-40,40,-38,37,-38,39,-45,37,-40,36,-43,34,-47,35,-39,33,-47,34,-49,34,-43,33,-50,33,-50,41,-51,33,-48,33,-54,32,-52,34,-47,0,0]"
CSI_DATA,216,2a:00:00:00:00:00,-37,11,1,0,1,1,1,0,0,0,1,-96,0,11,2,3171183,0,44,0,384,0,"[0,0,0,0,0,0,0,0,0,0,0,0,-5,8,-5,8,-4,8,-5,8,-4,8,-4,7,-4,8,-4,8,-4,8,-3,8,-4,8,-3,8,-3,8,-3,8,-3,7,-2,8,-2,8,-2,8,-2,8,-2,8,-2,8,-1,8,-2,8,-1,8,-2,8,-2,8,0,0,-2,8,-1,8,-1,8,-2,8,-2,8,-2,8,-2,8,-2,7,-3,7,-3,7,-4,7,-3,6,-3,6,-3,6,-4,5,-4,5,-3,5,-4,4,-4,4,-4,4,-4,4,-3,4,-4,3,-3,3,-4,3,-4,2,0,0,0,0,0,0,0,0,0,0,0,0,0,0,50,-23,53,-22,55,-28,47,-25,51,-27,49,-21,42,-27,46,-25,44,-24,45,-20,38,-26,41,-25,39,-29,40,-23,39,-25,35,-25,41,-30,35,-29,37,-31,35,-29,32,-35,34,-30,32,-34,31,-32,31,-31,32,-35,33,-32,31,-37,33,-34,30,-33,32,-33,31,-32,31,-31,28,-35,30,-32,33,-32,31,-31,32,-31,32,-33,33,-25,35,-21,33,-25,35,-21,33,-20,33,-18,30,-18,32,-15,26,-19,28,-10,28,-12,26,-7,27,-11,24,-10,24,-11,25,-6,23,-5,25,-4,0,0,0,0,0,0,0,0,0,0,0,0,0,0,0,0,0,0,0,0,0,0,23,44,20,48,18,50,21,50,16,50,14,51,14,49,12,55,10,57,10,55,8,58,6,60,6,63,6,62,2,63,2,59,5,71,0,61,-5,66,-4,65,-6,64,-4,63,-5,62,-7,61,-9,63,-5,61,-9,59,-8,63,-2,58,-6,64,-2,54,-1,56,-2,53,-3,54,1,57,2,55,4,53,6,52,4,51,9,54,9,57,10,53,12,57,10,51,16,56,15,50,16,55,16,53,18,50,21,59,21,56,22,59,22,59,20,50,22,59,27,59,24,52,0,0]"
CSI_DATA,217,2a:00:00:00:00:00,-37,11,1,0,1,1,1,0,0,0,1,-96,0,11,2,3180023,0,44,0,384,0,"[0,0,0,0,0,0,0,0,0,0,0,0,8,4,8,4,8,4,9,4,8,4,8,3,8,3,8,2,8,3,8,3,8,2,8,2,8,2,8,2,8,2,8,1,8,1,8,1,8,1,8,1,8,1,8,1,8,1,8,0,8,1,8,0,0,0,8,0,8,1,8,1,8,0,8,1,8,1,8,2,8,2,7,1,7,2,7,2,7,2,6,2,6,3,6,2,5,2,5,3,5,2,4,2,4,2,4,2,4,3,3,3,3,3,3,3,3,2,0,0,0,0,0,0,0,0,0,0,0,0,0,0,-10,-64,-2,-59,-12,-56,-9,-50,-8,-56,-9,-51,-13,-52,-10,-55,-7,-50,-10,-45,-12,-44,-18,-48,-15,-51,-13,-44,-13,-42,-18,-42,-21,-46,-17,-45,-19,-42,-18,-38,-20,-39,-22,-39,-25,-38,-22,-39,-18,-42,-22,-42,-21,-39,-24,-38,-25,-40,-26,-38,-24,-38,-27,-43,-18,-39,-24,-43,-23,-38,-22,-45,-19,-45,-23,-44,-19,-40,-19,-39,-15,-38,-19,-39,-14,-43,-10,-40,-11,-37,-8,-37,-9,-40,-7,-35,-5,-30,-4,-27,-6,-28,-2,-30,-1,-26,1,-25,1,-25,0,-25,3,-24,0,0,0,0,0,0,0,0,0,0,0,0,0,0,0,0,0,0,0,0,0,0,49,-17,51,-12,48,-9,56,-7,50,-4,51,-5,54,-2,59,1,59,-5,54,4,61,3,61,-2,63,3,63,8,62,9,58,13,66,16,60,14,66,14,60,20,62,19,62,23,59,20,58,18,57,20,58,16,58,18,56,20,52,19,57,21,55,12,58,16,56,15,57,12,54,12,53,11,50,5,54,4,52,7,54,4,55,4,51,1,53,4,56,1,52,0,57,-7,55,-3,54,-8,58,-6,62,-6,56,-6,60,-10,62,-7,52,-6,57,-7,59,-6,63,-8,0,0]"
CSI_DATA,218,2a:00:00:00:00:00,-37,11,1,0,1,1,1,0,0,0,1,-96,0,11,2,3190392,0,44,0,384,0,"[0,0,0,0,0,0,0,0,0,0,0,0,-4,9,-4,8,-3,8,-4,9,-4,8,-4,8,-3,8,-3,8,-3,8,-3,8,-3,8,-2,8,-2,8,-2,8,-2,8,-2,8,-1,8,-2,7,-1,8,-1,8,-1,8,-1,8,-1,8,-1,8,-1,8,-1,8,0,0,-1,8,-1,8,-1,8,-1,8,-2,8,-2,8,-2,8,-2,7,-3,7,-3,7,-3,7,-3,7,-3,6,-3,6,-3,5,-4,5,-3,5,-3,4,-3,4,-3,4,-4,3,-3,3,-3,3,-3,3,-4,2,-4,2,0,0,0,0,0,0,0,0,0,0,0,0,0,0,54,-6,54,-6,56,-8,54,-8,54,-9,48,-8,53,-9,51,-5,45,-10,44,-11,44,-13,41,-11,46,-10,49,-14,42,-15,41,-13,41,-13,41,-19,40,-18,38,-16,38,-19,41,-19,35,-22,38,-18,37,-20,39,-22,39,-21,38,-24,38,-22,38,-26,39,-23,40,-22,37,-17,34,-21,39,-20,36,-18,40,-19,40,-16,39,-19,38,-10,41,-13,38,-11,39,-11,36,-10,38,-12,37,-6,33,-1,34,-1,30,0,28,0,28,-3,26,1,27,1,24,1,22,0,20,5,22,4,0,0,0,0,0,0,0,0,0,0,0,0,0,0,0,0,0,0,0,0,0,0,16,48,13,49,14,51,5,53,9,55,6,51,1,53,0,53,1,60,-2,60,-9,60,-2,61,-2,65,-3,66,-10,62,-12,62,-10,62,-12,60,-11,63,-19,61,-19,62,-18,61,-18,59,-19,61,-18,56,-16,64,-22,58,-22,60,-14,57,-18,56,-16,52,-16,57,-13,53,-16,51,-13,55,-12,55,-9,53,-9,55,-3,54,-1,57,-9,56,-4,57,-5,57,1,58,2,54,7,55,-3,56,1,54,4,59,1,56,5,56,7,62,2,63,2,57,6,60,8,64,7,58,0,0]"
CSI_DATA,219,2a:00:00:00:00:00,-38,11,1,0,1,1,1,0,0,0,1,-96,0,11,2,3200012,0,44,0,384,0,"[0,0,0,0,0,0,0,0,0,0,0,0,0,9,0,9,0,9,0,9,0,9,0,8,0,8,1,8,0,8,1,8,1,8,1,8,1,7,2,8,2,7,2,8,2,7,2,7,2,7,2,7,2,7,2,7,2,7,3,7,3,7,3,7,0,0,3,7,3,7,3,8,2,7,2,7,2,7,2,7,2,7,1,7,1,7,1,7,1,7,0,7,0,6,0,6,-1,6,0,6,-1,5,-1,5,-1,4,-1,4,-1,4,-1,4,-1,4,-2,3,-2,3,0,0,0,0,0,0,0,0,0,0,0,0,0,0,48,-32,54,-28,42,-34,43,-30,42,-35,40,-30,38,-31,42,-32,35,-32,40,-34,33,-29,36,-33,30,-34,31,-32,33,-32,29,-34,34,-36,29,-37,27,-35,28,-35,25,-35,22,-35,21,-39,23,-38,24,-33,27,-36,22,-38,17,-37,22,-38,24,-42,22,-39,25,-41,22,-42,23,-40,23,-35,29,-37,26,-38,29,-36,27,-38,26,-36,29,-33,28,-30,26,-30,29,-26,26,-25,26,-22,25,-20,27,-22,26,-19,28,-14,25,-16,24,-13,22,-14,20,-10,22,-10,21,-8,22,-5,0,0,0,0,0,0,0,0,0,0,0,0,0,0,0,0,0,0,0,0,0,0,30,42,27,48,24,43,28,49,24,50,21,49,18,52,17,55,22,57,20,56,18,60,18,63,21,63,18,64,7,63,6,62,10,65,14,61,7,66,7,66,2,65,3,68,5,63,4,65,5,66,6,65,5,64,1,58,2,61,5,60,7,59,4,60,8,55,7,57,11,57,7,58,10,55,16,56,17,53,18,53,17,54,24,51,18,54,21,51,21,53,26,51,24,53,27,48,28,48,31,51,26,50,28,57,31,54,28,49,32,52,30,55,30,45,0,0]"
CSI_DATA,220,2a:00:00:00:00:00,-37,11,1,0,1,1,1,0,0,0,1,-96,0,11,2,3210316,0,44,0,384,0,"[0,0,0,0,0,0,0,0,0,0,0,0,-7,-7,-7,-7,-8,-7,-7,-7,-8,-7,-7,-6,-8,-6,-7,-6,-8,-6,-8,-5,-8,-5,-8,-5,-8,-5,-8,-5,-8,-5,-8,-4,-8,-4,-8,-4,-8,-4,-8,-4,-8,-4,-8,-4,-8,-4,-8,-4,-9,-4,-8,-4,0,0,-8,-4,-9,-4,-9,-4,-8,-4,-8,-4,-8,-4,-8,-4,-8,-5,-7,-5,-7,-5,-7,-5,-7,-5,-6,-5,-6,-5,-6,-5,-5,-5,-5,-5,-5,-4,-4,-4,-4,-4,-4,-4,-4,-5,-3,-5,-3,-4,-3,-4,-2,-4,0,0,0,0,0,0,0,0,0,0,0,0,0,0,-3,57,-3,56,2,55,3,48,7,52,3,50,3,53,6,49,8,49,8,44,8,45,10,44,11,47,10,47,10,42,11,44,13,45,15,42,13,38,17,41,17,40,15,40,20,38,19,43,18,43,20,41,18,42,18,40,25,38,19,38,15,43,19,40,20,38,23,38,19,41,19,36,16,42,18,39,16,41,15,38,15,41,10,42,7,42,6,38,5,38,8,31,3,30,6,37,7,27,2,32,2,25,2,26,0,26,-3,27,-1,27,-3,24,-2,20,0,0,0,0,0,0,0,0,0,0,0,0,0,0,0,0,0,0,0,0,0,0,-51,1,-52,0,-55,-3,-55,-3,-56,-9,-54,-9,-52,-9,-55,-12,-56,-14,-56,-16,-60,-23,-60,-25,-62,-20,-59,-21,-58,-19,-61,-27,-60,-24,-63,-28,-62,-28,-56,-29,-57,-30,-61,-26,-61,-30,-56,-35,-54,-34,-54,-30,-56,-33,-53,-28,-58,-29,-53,-30,-51,-26,-53,-25,-53,-26,-54,-20,-57,-21,-56,-20,-55,-20,-52,-16,-54,-19,-54,-19,-54,-13,-60,-10,-56,-14,-56,-13,-52,-12,-60,-9,-51,-10,-58,-3,-57,-3,-57,-4,-57,-5,-57,-3,-58,-3,-56,0,-62,-3,-61,-1,-60,5,0,0]"
CSI_DATA,221,2a:00:00:00:00:00,-37,11,1,0,1,1,1,0,0,0,1,-96,0,11,2,3220063,0,44,0,384,0,"[0,0,0,0,0,0,0,0,0,0,0,0,-4,8,-4,8,-4,9,-4,8,-4,8,-4,8,-3,8,-3,8,-3,8,-3,8,-3,8,-3,8,-2,8,-2,8,-2,8,-2,8,-2,8,-2,8,-1,8,-1,8,-1,8,-1,8,-2,8,-1,8,-1,8,-1,8,0,0,-2,8,-2,8,-1,8,-2,8,-2,8,-2,8,-2,8,-2,7,-3,7,-3,7,-4,7,-3,6,-4,6,-4,6,-4,5,-4,5,-4,5,-4,4,-4,4,-4,4,-4,4,-4,4,-4,3,-3,3,-4,2,-4,2,0,0,0,0,0,0,0,0,0,0,0,0,0,0,57,-12,54,-9,49,-10,52,-8,54,-12,53,-8,49,-17,48,-9,45,-12,46,-12,44,-15,41,-16,43,-11,41,-18,40,-15,42,-20,43,-19,44,-18,44,-20,39,-22,37,-23,36,-21,39,-22,42,-24,33,-20,37,-25,36,-23,38,-26,39,-22,41,-26,35,-22,39,-24,36,-23,36,-23,39,-24,38,-18,39,-23,42,-22,43,-21,41,-15,35,-14,36,-11,38,-9,34,-8,37,-14,35,-7,37,-8,34,-7,29,1,24,-1,29,-2,29,-1,25,4,25,-1,25,1,27,2,20,3,0,0,0,0,0,0,0,0,0,0,0,0,0,0,0,0,0,0,0,0,0,0,21,42,14,48,13,47,13,50,11,51,12,50,11,53,9,50,10,54,5,53,1,56,3,59,1,61,2,67,-4,62,-4,58,-6,62,-7,61,-4,64,-9,62,-9,63,-9,65,-11,60,-9,60,-16,61,-9,63,-16,59,-18,62,-11,57,-14,57,-14,53,-12,56,-11,56,-9,54,-8,56,-6,55,-7,53,-4,58,-9,55,1,55,1,53,1,54,2,56,2,52,-2,53,8,58,6,58,8,55,4,54,8,54,3,55,11,55,5,60,7,51,8,55,10,60,11,59,0,0]"
CSI_DATA,222,2a:00:00:00:00:00,-37,11,1,0,1,1,1,0,0,0,1,-96,0,11,2,3241017,0,44,0,384,0,"[0,0,0,0,0,0,0,0,0,0,0,0,-3,9,-3,9,-2,9,-2,9,-2,9,-2,9,-2,9,-1,9,-1,8,0,8,-1,9,0,8,0,8,0,8,0,8,0,8,0,8,0,8,1,8,1,8,1,8,1,8,1,8,2,8,1,8,1,8,0,0,1,9,1,8,1,9,1,8,1,8,1,9,1,8,1,8,0,8,-1,8,-1,8,-1,7,-1,7,-1,7,-2,6,-2,6,-2,6,-2,5,-2,5,-2,5,-2,5,-2,5,-2,4,-2,4,-2,4,-3,3,0,0,0,0,0,0,0,0,0,0,0,0,0,0,53,-28,53,-27,46,-23,46,-27,50,-24,50,-20,45,-30,44,-30,43,-24,42,-28,40,-24,37,-29,38,-33,38,-30,39,-27,36,-28,38,-35,36,-30,34,-29,36,-32,32,-37,30,-31,28,-37,32,-34,28,-35,28,-34,32,-34,30,-41,31,-33,34,-38,29,-37,31,-34,35,-32,28,-41,33,-32,32,-35,31,-38,31,-32,32,-34,37,-29,32,-27,36,-24,35,-26,32,-25,32,-18,33,-15,29,-16,31,-17,29,-15,30,-11,27,-12,22,-10,27,-11,29,-9,24,-7,24,-3,22,-6,0,0,0,0,0,0,0,0,0,0,0,0,0,0,0,0,0,0,0,0,0,0,30,33,26,37,29,40,27,42,25,44,25,39,23,45,21,46,28,52,21,50,19,53,18,53,21,57,16,58,14,55,9,60,16,60,10,57,12,62,8,63,8,61,5,61,4,61,2,62,-1,60,3,59,-1,59,-1,60,4,58,4,58,0,55,5,58,4,58,7,55,4,55,5,57,7,54,10,58,11,54,9,52,13,53,16,52,11,52,20,50,19,55,22,56,17,51,19,53,23,49,20,48,19,54,22,54,19,52,19,52,22,54,22,50,28,57,0,0]"
CSI_DATA,223,2a:00:00:00:00:00,-37,11,1,0,1,1,1,0,0,0,1,-96,0,11,2,3250547,0,44,0,384,0,"[0,0,0,0,0,0,0,0,0,0,0,0,-11,2,-10,3,-9,3,-10,3,-9,3,-9,3,-9,3,-9,3,-9,4,-8,3,-9,3,-9,4,-8,4,-8,4,-8,4,-8,4,-8,5,-8,4,-7,5,-7,5,-7,5,-7,5,-8,5,-7,5,-8,5,-8,6,0,0,-8,6,-8,5,-8,5,-8,5,-8,5,-8,5,-8,5,-8,4,-8,4,-8,4,-9,3,-8,3,-8,2,-8,2,-8,2,-8,2,-7,1,-7,1,-7,1,-6,1,-6,1,-6,0,-6,0,-5,0,-6,-1,-5,-1,0,0,0,0,0,0,0,0,0,0,0,0,0,0,49,35,41,34,48,27,48,32,45,25,43,24,46,24,42,28,45,21,42,23,43,22,42,19,42,19,43,18,42,17,45,16,46,12,46,14,43,15,43,14,46,11,47,10,44,11,41,8,40,12,45,12,44,9,45,8,42,9,47,7,50,7,47,9,47,7,45,10,45,8,40,14,44,16,42,11,39,14,43,14,42,17,39,15,37,15,35,16,35,20,38,20,31,17,30,16,26,20,25,18,25,19,23,18,21,17,17,19,17,18,18,19,16,16,0,0,0,0,0,0,0,0,0,0,0,0,0,0,0,0,0,0,0,0,0,0,-10,46,-12,42,-16,44,-19,43,-20,43,-22,39,-29,43,-27,40,-26,45,-29,46,-32,45,-33,46,-34,53,-38,50,-42,45,-45,44,-45,43,-42,37,-41,46,-47,38,-45,36,-51,34,-42,37,-45,41,-48,37,-49,39,-49,35,-49,35,-47,34,-47,36,-45,35,-48,37,-43,34,-48,34,-46,34,-45,33,-41,36,-39,36,-45,37,-39,40,-40,37,-40,37,-39,42,-38,41,-37,42,-38,39,-37,42,-36,39,-38,44,-32,46,-34,49,-31,49,-37,50,-33,40,-29,47,-32,51,-36,45,0,0]"
CSI_DATA,224,2a:00:00:00:00:00,-37,11,1,0,1,1,1,0,0,0,1,-96,0,11,2,3260022,0,44,0,384,0,"[0,0,0,0,0,0,0,0,0,0,0,0,-1,-10,-2,-10,-2,-10,-2,-10,-2,-10,-2,-9,-2,-9,-2,-9,-2,-9,-3,-9,-3,-9,-3,-9,-3,-9,-3,-9,-3,-9,-4,-8,-4,-8,-4,-8,-4,-8,-4,-8,-4,-8,-5,-8,-4,-8,-5,-8,-5,-8,-5,-8,0,0,-5,-8,-5,-9,-5,-9,-5,-8,-4,-9,-4,-9,-4,-9,-4,-9,-3,-9,-3,-9,-3,-8,-3,-8,-2,-8,-2,-8,-2,-7,-2,-7,-2,-7,-1,-7,-1,-7,-1,-6,-1,-6,-1,-6,0,-6,0,-6,0,-5,0,-5,0,0,0,0,0,0,0,0,0,0,0,0,0,0,-34,48,-30,48,-27,45,-29,44,-27,43,-28,43,-28,49,-27,46,-27,43,-23,44,-21,43,-19,43,-20,43,-18,43,-19,44,-19,44,-16,48,-16,45,-12,45,-11,44,-11,48,-14,45,-4,45,-8,46,-7,47,-11,46,-10,47,-7,47,-5,48,-3,55,-7,45,-7,47,-8,49,-9,48,-8,47,-11,49,-8,46,-12,46,-14,44,-12,43,-13,42,-14,43,-19,40,-19,42,-15,37,-20,35,-20,29,-18,35,-23,28,-17,26,-17,23,-16,22,-19,24,-18,20,-19,19,-14,17,-19,14,0,0,0,0,0,0,0,0,0,0,0,0,0,0,0,0,0,0,0,0,0,0,-48,-14,-43,-22,-46,-22,-46,-25,-46,-24,-44,-26,-42,-29,-46,-28,-44,-33,-48,-30,-44,-38,-46,-36,-47,-39,-46,-47,-46,-45,-43,-44,-42,-51,-41,-48,-44,-48,-37,-51,-42,-50,-41,-54,-40,-54,-38,-54,-31,-55,-34,-49,-27,-53,-32,-50,-29,-49,-31,-49,-33,-48,-35,-52,-31,-46,-36,-42,-34,-48,-34,-42,-39,-44,-37,-41,-37,-43,-40,-40,-41,-42,-39,-40,-41,-42,-45,-36,-39,-41,-45,-41,-45,-36,-47,-37,-45,-37,-43,-35,-44,-37,-47,-35,-46,-38,-45,-32,-51,-38,-52,-34,-51,-37,0,0]"
CSI_DATA,225,2a:00:00:00:00:00,-37,11,1,0,1,1,1,0,0,0,1,-96,0,11,2,3271074,0,44,0,384,0,"[0,0,0,0,0,0,0,0,0,0,0,0,-8,6,-8,6,-7,6,-8,6,-7,6,-7,6,-7,7,-7,7,-7,7,-6,7,-7,7,-6,7,-6,6,-6,7,-5,7,-6,7,-5,7,-5,7,-4,7,-4,7,-4,7,-4,8,-5,8,-4,8,-4,8,-5,8,0,0,-4,8,-5,8,-4,8,-5,8,-5,8,-5,8,-5,8,-5,7,-5,7,-6,7,-6,7,-6,6,-5,6,-5,6,-6,5,-6,5,-5,5,-6,4,-5,4,-5,4,-5,3,-5,3,-5,3,-5,2,-5,2,-5,1,0,0,0,0,0,0,0,0,0,0,0,0,0,0,56,5,55,7,54,3,56,1,56,1,51,-4,50,1,50,-3,50,-2,45,-2,55,-1,48,-1,49,-6,49,-5,44,-8,47,-12,48,-10,48,-10,42,-8,45,-11,43,-16,47,-14,41,-17,44,-17,39,-17,43,-14,47,-20,47,-22,45,-19,43,-21,45,-19,46,-17,48,-16,48,-19,46,-20,44,-18,45,-13,45,-16,45,-14,46,-9,47,-11,43,-6,46,-6,41,-6,39,-8,41,0,41,0,41,-2,30,0,33,2,32,3,27,3,30,6,27,4,29,3,27,4,22,8,0,0,0,0,0,0,0,0,0,0,0,0,0,0,0,0,0,0,0,0,0,0,9,46,0,45,5,51,0,49,-4,49,-4,50,-5,48,-8,53,-7,56,-9,57,-11,55,-14,56,-17,61,-19,60,-19,53,-22,55,-20,63,-23,58,-24,57,-28,58,-27,57,-29,59,-33,60,-27,55,-33,54,-31,55,-31,55,-29,52,-31,50,-25,55,-28,52,-24,50,-27,47,-26,50,-26,50,-25,51,-22,53,-19,57,-19,52,-18,50,-18,49,-11,54,-16,50,-11,54,-13,53,-6,50,-13,52,-6,52,-10,52,-9,55,-7,55,-6,58,-12,54,-6,58,-5,61,-5,51,-7,63,0,0]"
CSI_DATA,226,2a:00:00:00:00:00,-36,11,1,0,1,1,1,0,0,0,1,-96,0,11,2,3280056,0,44,0,384,0,"[0,0,0,0,0,0,0,0,0,0,0,0,2,-10,2,-10,1,-10,1,-10,1,-10,2,-9,1,-9,1,-9,1,-9,0,-9,1,-9,0,-9,0,-9,-1,-9,0,-9,0,-9,-1,-9,-1,-9,-2,-9,-1,-9,-1,-9,-2,-9,-1,-9,-2,-9,-2,-10,-2,-9,0,0,-2,-9,-2,-10,-2,-10,-1,-10,-1,-9,-1,-9,-1,-10,-1,-9,0,-9,0,-9,0,-9,0,-9,1,-8,1,-8,1,-8,1,-7,1,-7,1,-7,2,-6,2,-6,2,-6,2,-6,1,-6,2,-5,2,-4,2,-4,0,0,0,0,0,0,0,0,0,0,0,0,0,0,-53,27,-50,26,-45,33,-47,25,-44,34,-46,27,-46,32,-46,28,-41,27,-43,31,-38,30,-37,29,-35,33,-34,31,-36,33,-32,37,-36,41,-31,36,-31,36,-31,36,-24,35,-29,35,-24,36,-28,40,-29,37,-26,41,-26,41,-23,39,-27,41,-24,43,-25,42,-27,44,-29,40,-26,44,-25,40,-26,41,-27,40,-30,36,-31,40,-25,30,-27,35,-32,36,-36,31,-29,33,-31,25,-32,28,-32,22,-25,24,-32,21,-25,17,-25,17,-25,13,-22,17,-26,14,-26,13,-22,8,-23,5,0,0,0,0,0,0,0,0,0,0,0,0,0,0,0,0,0,0,0,0,0,0,-31,-41,-22,-40,-22,-44,-21,-49,-22,-47,-16,-49,-13,-50,-16,-52,-20,-54,-14,-51,-14,-58,-14,-59,-13,-63,-12,-64,-7,-64,-8,-58,-7,-63,-5,-61,-8,-67,0,-67,-5,-64,1,-64,0,-65,1,-60,2,-63,0,-63,2,-58,2,-62,1,-57,-1,-58,1,-55,-4,-59,-2,-56,-1,-57,-8,-52,-7,-56,-6,-52,-10,-53,-9,-50,-10,-54,-13,-57,-15,-52,-18,-52,-18,-50,-14,-51,-17,-56,-22,-52,-27,-50,-28,-50,-29,-55,-26,-51,-23,-48,-25,-52,-26,-52,-37,-55,-33,-48,-30,-49,0,0]"
CSI_DATA,227,2a:00:00:00:00:00,-36,11,1,0,1,1,1,0,0,0,1,-96,0,11,2,3300045,0,44,0,384,0,"[0,0,0,0,0,0,0,0,0,0,0,0,10,-3,9,-3,9,-3,9,-3,9,-3,9,-3,9,-4,9,-4,9,-3,8,-4,9,-4,9,-4,8,-4,8,-4,8,-4,8,-5,8,-5,8,-5,7,-5,7,-5,7,-5,8,-5,7,-5,7,-6,7,-5,8,-6,0,0,8,-6,8,-5,8,-5,8,-5,7,-5,8,-5,8,-4,8,-4,8,-4,8,-4,8,-4,7,-3,7,-3,7,-3,7,-2,7,-2,6,-2,6,-2,6,-1,6,-1,6,-1,5,-1,5,-1,4,-1,5,0,4,0,0,0,0,0,0,0,0,0,0,0,0,0,0,0,-50,-38,-45,-37,-45,-36,-47,-27,-49,-30,-45,-33,-50,-33,-45,-32,-47,-29,-44,-29,-43,-23,-43,-21,-49,-22,-46,-27,-46,-26,-42,-23,-46,-22,-45,-16,-47,-17,-46,-11,-48,-15,-45,-18,-46,-11,-47,-13,-46,-11,-49,-13,-45,-16,-52,-16,-46,-17,-50,-11,-49,-16,-55,-15,-46,-11,-51,-13,-49,-12,-46,-12,-45,-11,-43,-15,-44,-16,-48,-18,-44,-17,-39,-22,-38,-24,-39,-22,-36,-21,-36,-19,-34,-23,-28,-18,-27,-22,-29,-17,-27,-24,-25,-19,-21,-19,-22,-22,-16,-19,-19,-17,-16,-23,0,0,0,0,0,0,0,0,0,0,0,0,0,0,0,0,0,0,0,0,0,0,25,-42,28,-42,27,-40,33,-43,34,-37,34,-35,33,-38,35,-39,41,-39,38,-37,48,-36,48,-36,51,-40,51,-36,55,-34,49,-36,53,-40,52,-30,48,-35,53,-29,55,-32,57,-31,56,-29,53,-27,57,-24,55,-27,53,-26,55,-25,52,-26,53,-30,47,-26,51,-29,48,-27,50,-29,52,-33,50,-33,47,-30,46,-30,46,-33,45,-34,44,-38,41,-41,41,-40,42,-37,36,-39,37,-40,38,-39,37,-45,36,-44,41,-43,35,-41,36,-49,38,-47,33,-45,37,-53,39,-47,36,-47,0,0]"
CSI_DATA,228,2a:00:00:00:00:00,-37,11,1,0,1,1,1,0,0,0,1,-96,0,11,2,3311185,0,44,0,384,0,"[0,0,0,0,0,0,0,0,0,0,0,0,-9,5,-8,5,-8,5,-8,5,-8,5,-7,5,-7,5,-7,6,-7,6,-7,6,-7,6,-7,6,-6,6,-6,6,-6,6,-6,7,-6,6,-6,6,-5,6,-5,6,-5,6,-5,7,-6,7,-5,7,-5,7,-5,7,0,0,-5,7,-6,7,-5,7,-6,7,-5,6,-5,6,-5,6,-5,6,-6,6,-6,6,-6,5,-6,5,-6,4,-6,4,-6,4,-6,4,-6,3,-6,3,-5,3,-5,3,-5,2,-5,2,-5,2,-4,1,-5,1,-5,1,0,0,0,0,0,0,0,0,0,0,0,0,0,0,60,17,51,12,62,14,56,9,53,8,57,14,47,9,56,8,47,7,53,8,54,6,46,3,52,3,44,-1,48,-1,51,2,48,-3,48,-2,48,-4,46,-3,51,-5,43,-6,48,-9,44,-8,44,-10,47,-11,42,-11,48,-13,44,-7,49,-13,48,-8,53,-8,46,-4,51,-10,48,-7,52,-4,44,-6,49,-9,43,-4,43,-7,41,-4,44,3,42,2,42,4,38,4,34,6,36,9,33,7,33,5,31,9,28,8,29,6,28,7,24,8,24,9,25,8,22,9,0,0,0,0,0,0,0,0,0,0,0,0,0,0,0,0,0,0,0,0,0,0,-9,49,-15,49,-12,45,-17,55,-15,47,-18,47,-22,46,-24,52,-24,52,-24,47,-30,53,-27,49,-30,53,-35,54,-37,57,-37,47,-39,57,-36,46,-40,54,-41,50,-39,49,-44,49,-38,45,-43,49,-42,48,-39,47,-43,47,-48,48,-41,40,-42,46,-37,41,-39,46,-35,40,-30,46,-31,42,-31,47,-22,43,-30,44,-31,46,-29,53,-27,48,-27,46,-24,53,-18,46,-23,50,-24,59,-19,55,-15,50,-21,54,-19,50,-16,55,-19,59,-17,59,-14,48,-18,58,-16,64,-10,55,0,0]"
CSI_DATA,229,2a:00:00:00:00:00,-37,11,1,0,1,1,1,0,0,0,1,-96,0,11,2,3340060,0,44,0,384,0,"[0,0,0,0,0,0,0,0,0,0,0,0,4,7,5,7,5,7,5,8,5,7,4,6,4,6,5,6,5,6,5,6,5,6,5,6,6,6,5,6,5,6,5,5,5,5,5,5,6,5,6,5,6,5,6,5,6,4,6,4,7,5,6,4,0,0,6,4,6,5,6,5,6,4,6,5,6,5,6,5,6,5,5,5,5,5,5,5,5,5,4,5,4,5,3,5,3,5,3,5,3,4,2,4,2,4,2,4,2,4,2,4,2,4,1,3,1,3,0,0,0,0,0,0,0,0,0,0,0,0,0,0,16,-54,21,-53,16,-55,14,-53,12,-52,15,-51,12,-48,11,-56,9,-51,11,-51,9,-50,10,-51,3,-49,3,-47,7,-46,1,-45,0,-51,-2,-51,3,-45,-1,-46,-5,-47,2,-46,-7,-48,-8,-48,-8,-46,-7,-45,-3,-46,-5,-49,-7,-48,-6,-47,-6,-43,-8,-46,-5,-48,-9,-47,-7,-42,-5,-50,-5,-45,-7,-48,-3,-48,-4,-45,-4,-42,3,-40,6,-45,1,-41,2,-41,5,-37,5,-37,5,-35,7,-31,5,-28,5,-29,7,-26,4,-30,13,-22,6,-24,9,-19,11,-23,0,0,0,0,0,0,0,0,0,0,0,0,0,0,0,0,0,0,0,0,0,0,47,14,50,21,43,22,51,24,46,22,45,25,49,27,48,27,50,30,50,27,48,35,51,35,50,33,50,43,48,39,43,39,48,44,43,42,49,41,42,41,42,43,46,46,42,41,40,42,44,43,44,46,43,47,40,47,41,40,46,45,40,40,42,43,40,36,45,35,44,34,42,33,44,29,41,34,43,32,44,33,47,30,49,25,49,27,51,25,51,24,43,24,47,19,52,19,48,24,54,22,53,19,49,19,53,19,52,17,57,21,59,20,51,16,0,0]"
CSI_DATA,230,2a:00:00:00:00:00,-37,11,1,0,1,1,1,0,0,0,1,-96,0,11,2,3360762,0,44,0,384,0,"[0,0,0,0,0,0,0,0,0,0,0,0,-4,-9,-4,-10,-4,-9,-4,-10,-4,-9,-4,-9,-4,-9,-5,-8,-4,-8,-5,-8,-5,-8,-5,-8,-5,-8,-5,-7,-5,-8,-5,-7,-6,-7,-5,-7,-6,-7,-6,-7,-6,-7,-6,-7,-6,-7,-7,-7,-6,-7,-6,-7,0,0,-6,-7,-6,-7,-7,-8,-6,-7,-6,-7,-6,-7,-6,-7,-5,-7,-5,-8,-5,-7,-5,-7,-4,-7,-4,-7,-4,-7,-3,-7,-3,-7,-3,-7,-3,-6,-2,-6,-2,-6,-2,-6,-2,-6,-2,-5,-1,-5,-1,-5,-1,-5,0,0,0,0,0,0,0,0,0,0,0,0,0,0,-40,42,-43,40,-38,42,-35,40,-34,42,-37,40,-35,41,-36,40,-32,38,-29,39,-31,35,-30,41,-32,38,-26,42,-27,38,-23,38,-25,45,-20,40,-15,41,-25,41,-21,41,-19,40,-15,45,-17,40,-21,40,-19,43,-21,42,-14,45,-20,45,-15,44,-15,46,-21,46,-14,42,-17,44,-14,39,-18,42,-16,43,-20,44,-24,46,-22,36,-18,38,-22,33,-22,32,-23,38,-26,33,-23,28,-26,29,-25,28,-26,27,-24,24,-21,19,-20,23,-22,19,-22,19,-22,17,-20,15,-25,8,0,0,0,0,0,0,0,0,0,0,0,0,0,0,0,0,0,0,0,0,0,0,-47,-29,-39,-31,-40,-35,-41,-38,-38,-38,-33,-36,-35,-41,-35,-40,-39,-50,-36,-49,-36,-51,-33,-51,-36,-54,-36,-54,-31,-53,-28,-58,-27,-62,-26,-57,-30,-60,-25,-62,-28,-59,-23,-63,-24,-59,-29,-59,-22,-56,-22,-57,-23,-58,-15,-57,-18,-55,-22,-55,-17,-53,-25,-57,-20,-52,-25,-52,-26,-51,-23,-54,-28,-52,-30,-47,-26,-49,-28,-47,-33,-45,-32,-43,-32,-43,-38,-49,-30,-43,-39,-37,-37,-44,-35,-43,-38,-44,-35,-41,-42,-42,-46,-41,-38,-41,-37,-43,-39,-47,-43,-44,-44,-38,0,0]"
CSI_DATA,231,2a:00:00:00:00:00,-37,11,1,0,1,1,1,0,0,0,1,-96,0,11,2,3371188,0,44,0,384,0,"[0,0,0,0,0,0,0,0,0,0,0,0,2,-10,1,-9,1,-10,1,-9,1,-9,1,-9,1,-9,1,-9,0,-9,0,-9,1,-9,0,-9,0,-9,-1,-9,-1,-8,-1,-9,-1,-8,-1,-8,-2,-8,-2,-9,-2,-8,-2,-8,-1,-8,-2,-8,-2,-9,-2,-8,0,0,-2,-9,-2,-9,-2,-9,-2,-9,-2,-8,-2,-9,-1,-9,-2,-8,-1,-8,0,-9,0,-8,0,-8,0,-8,0,-8,0,-7,0,-7,0,-7,1,-6,1,-6,1,-6,1,-6,1,-6,1,-5,1,-5,2,-5,2,-4,0,0,0,0,0,0,0,0,0,0,0,0,0,0,-38,49,-35,37,-38,43,-31,39,-32,38,-33,37,-27,39,-29,42,-29,36,-27,36,-28,39,-22,39,-27,41,-22,38,-22,39,-25,39,-23,41,-18,41,-24,36,-20,41,-16,44,-19,39,-13,42,-14,42,-15,41,-14,42,-17,42,-12,44,-12,41,-15,45,-13,43,-18,45,-11,41,-10,49,-13,42,-16,43,-15,47,-17,48,-15,42,-16,36,-15,37,-26,36,-20,36,-19,35,-21,34,-22,32,-23,28,-20,28,-23,26,-22,24,-22,23,-21,21,-18,18,-17,20,-20,21,-17,14,-20,14,0,0,0,0,0,0,0,0,0,0,0,0,0,0,0,0,0,0,0,0,0,0,-38,-29,-38,-31,-38,-31,-39,-37,-40,-37,-37,-42,-32,-41,-33,-42,-35,-44,-35,-42,-36,-47,-34,-47,-37,-53,-35,-50,-32,-56,-30,-55,-32,-53,-29,-56,-29,-55,-28,-56,-25,-57,-26,-56,-27,-57,-24,-59,-20,-58,-23,-61,-22,-56,-23,-55,-20,-53,-26,-54,-22,-50,-25,-53,-23,-53,-22,-49,-26,-49,-26,-47,-26,-47,-26,-50,-27,-47,-31,-44,-30,-44,-35,-38,-32,-45,-37,-41,-38,-40,-31,-46,-36,-36,-42,-40,-36,-40,-36,-40,-38,-40,-34,-36,-45,-42,-41,-37,-37,-41,-42,-36,-45,-39,0,0]"
CSI_DATA,232,2a:00:00:00:00:00,-37,11,1,0,1,1,1,0,0,0,1,-96,0,11,2,3380036,0,44,0,384,0,"[0,0,0,0,0,0,0,0,0,0,0,0,-11,1,-10,1,-10,2,-10,1,-10,2,-9,2,-9,2,-9,2,-9,2,-9,2,-9,2,-9,3,-9,3,-8,2,-8,3,-9,3,-8,3,-8,3,-8,3,-8,4,-8,3,-8,4,-8,4,-8,4,-8,4,-8,4,0,0,-8,4,-8,4,-8,4,-8,4,-8,3,-8,4,-8,3,-8,3,-9,3,-9,3,-9,2,-8,1,-8,1,-8,1,-8,1,-7,1,-7,0,-7,0,-7,0,-6,0,-6,0,-6,0,-6,-1,-5,-1,-5,-1,-5,-1,0,0,0,0,0,0,0,0,0,0,0,0,0,0,48,35,41,31,44,34,43,28,43,23,47,24,44,28,44,28,36,20,42,21,42,20,45,21,43,23,41,20,44,19,44,20,47,20,42,15,45,15,40,14,47,14,41,9,46,13,39,8,40,11,47,12,45,12,44,7,46,10,44,4,45,7,53,8,44,9,50,11,43,6,45,14,42,11,43,12,42,12,43,11,40,15,39,14,41,18,36,14,41,17,33,17,37,19,31,20,26,15,23,17,23,18,24,14,20,19,21,14,18,16,20,18,16,19,0,0,0,0,0,0,0,0,0,0,0,0,0,0,0,0,0,0,0,0,0,0,-22,46,-30,44,-30,44,-31,47,-32,41,-38,41,-34,40,-38,39,-42,44,-38,40,-46,39,-45,39,-46,40,-52,40,-56,38,-51,32,-58,35,-54,34,-58,37,-54,32,-51,30,-59,33,-52,26,-59,28,-59,24,-59,28,-54,27,-56,28,-54,24,-51,34,-45,27,-53,29,-47,26,-50,29,-50,30,-46,32,-41,30,-42,29,-47,33,-45,35,-45,36,-37,34,-43,40,-37,36,-37,38,-30,37,-36,38,-34,39,-33,40,-36,39,-33,43,-38,42,-40,45,-35,42,-37,42,-39,48,-33,43,0,0]"
CSI_DATA,233,2a:00:00:00:00:00,-37,11,1,0,1,1,1,0,0,0,1,-96,0,11,2,3390484,0,44,0,384,0,"[0,0,0,0,0,0,0,0,0,0,0,0,-11,-1,-10,0,-10,-1,-10,-1,-10,-1,-10,0,-9,0,-10,0,-9,0,-9,0,-9,0,-9,1,-9,1,-9,1,-8,1,-9,2,-9,1,-9,1,-8,1,-9,1,-9,1,-9,1,-9,2,-8,2,-9,2,-8,3,0,0,-9,2,-9,2,-9,2,-9,3,-8,1,-9,1,-9,1,-9,1,-9,1,-9,1,-9,1,-8,0,-8,0,-8,0,-8,0,-8,-1,-7,-1,-7,-1,-7,-1,-6,-1,-6,-1,-6,-2,-6,-2,-5,-2,-5,-2,-5,-2,0,0,0,0,0,0,0,0,0,0,0,0,0,0,23,45,23,46,25,48,26,45,29,45,24,40,25,47,23,41,28,44,26,36,25,37,26,38,27,38,29,34,29,38,30,33,30,34,31,31,29,33,30,29,32,31,32,30,32,26,31,28,35,25,33,28,31,28,35,27,35,29,37,26,35,26,37,31,34,31,34,27,33,25,30,30,31,31,32,30,28,31,28,30,31,29,29,34,23,34,23,30,23,31,19,30,19,28,19,29,15,27,12,28,13,29,13,28,13,25,7,22,5,26,6,22,3,21,0,0,0,0,0,0,0,0,0,0,0,0,0,0,0,0,0,0,0,0,0,0,-38,31,-42,27,-43,27,-44,27,-46,26,-48,23,-51,20,-53,19,-56,19,-54,19,-57,19,-58,20,-59,18,-58,13,-62,19,-63,12,-62,11,-65,13,-62,8,-63,8,-60,8,-69,6,-64,2,-66,4,-66,2,-62,1,-60,-2,-61,0,-58,-4,-62,1,-53,4,-60,-1,-58,6,-60,0,-56,6,-53,6,-50,8,-52,14,-55,9,-54,10,-52,12,-52,16,-54,16,-55,17,-50,18,-47,23,-50,19,-55,15,-48,21,-49,22,-54,19,-50,25,-50,23,-48,21,-50,20,-54,24,-49,25,0,0]"
CSI_DATA,234,2a:00:00:00:00:00,-37,11,1,0,1,1,1,0,0,0,1,-96,0,11,2,3401385,0,44,0,384,0,"[0,0,0,0,0,0,0,0,0,0,0,0,-10,-2,-10,-1,-10,-1,-10,-2,-10,-2,-10,-1,-9,-1,-10,-1,-9,-1,-9,-1,-9,-1,-9,0,-9,0,-9,0,-9,0,-9,1,-9,1,-9,1,-9,1,-9,0,-9,0,-9,1,-9,1,-9,1,-9,1,-9,1,0,0,-9,2,-9,1,-9,1,-9,1,-9,0,-9,1,-9,0,-9,0,-9,0,-9,0,-9,0,-8,-1,-8,-1,-8,-1,-8,-1,-8,-1,-7,-2,-7,-1,-6,-2,-6,-2,-6,-2,-5,-3,-5,-2,-5,-3,-5,-2,-5,-3,0,0,0,0,0,0,0,0,0,0,0,0,0,0,26,46,28,44,29,46,31,44,32,42,28,42,28,40,24,40,28,36,30,32,30,38,29,33,27,36,31,35,29,33,31,29,32,32,31,32,34,27,34,29,33,27,34,27,35,24,32,27,34,24,36,26,35,25,41,23,36,24,40,22,38,22,39,26,37,26,38,25,35,26,34,31,38,27,33,27,26,30,32,27,29,30,29,28,24,33,28,31,21,27,21,29,19,29,18,28,18,27,15,23,12,26,11,25,14,26,8,23,9,19,7,22,5,22,0,0,0,0,0,0,0,0,0,0,0,0,0,0,0,0,0,0,0,0,0,0,-29,38,-36,33,-40,32,-42,32,-42,32,-44,32,-43,28,-44,28,-49,32,-51,29,-54,27,-56,27,-57,27,-57,29,-63,24,-60,20,-60,20,-60,22,-60,19,-66,13,-65,14,-63,14,-61,11,-62,15,-61,10,-61,13,-58,13,-59,11,-58,8,-58,10,-58,9,-60,12,-54,10,-55,12,-58,10,-54,14,-48,17,-52,14,-50,16,-52,19,-50,14,-50,25,-50,21,-52,22,-47,25,-50,20,-50,27,-46,27,-50,24,-46,21,-48,29,-43,31,-53,31,-44,30,-49,32,-51,36,-47,37,0,0]"
CSI_DATA,235,2a:00:00:00:00:00,-37,11,1,0,1,1,1,0,0,0,1,-96,0,11,2,3410121,0,44,0,384,0,"[0,0,0,0,0,0,0,0,0,0,0,0,-10,0,-10,0,-10,0,-10,0,-10,0,-10,1,-9,1,-9,1,-10,1,-9,1,-9,1,-9,2,-9,1,-9,2,-9,1,-9,2,-9,2,-8,2,-8,2,-8,2,-8,2,-8,2,-8,3,-8,3,-9,3,-8,3,0,0,-9,3,-9,3,-9,3,-9,3,-8,2,-8,2,-8,2,-8,2,-9,2,-8,2,-9,1,-8,1,-8,0,-8,0,-7,0,-7,0,-7,0,-7,0,-7,0,-6,-1,-6,-1,-6,-1,-5,-1,-5,-1,-5,-2,-5,-2,0,0,0,0,0,0,0,0,0,0,0,0,0,0,35,42,35,43,38,41,36,44,40,39,35,35,33,35,34,39,34,30,38,28,33,31,36,31,40,31,39,28,37,28,37,27,42,27,35,22,38,24,35,26,45,21,36,23,41,16,40,22,38,25,39,22,41,21,45,17,38,18,46,18,39,18,39,16,39,20,42,22,38,19,38,23,40,23,35,24,36,25,35,22,36,28,32,23,30,29,32,27,30,26,31,24,21,25,22,23,23,24,20,22,19,23,14,21,15,24,15,21,16,24,12,25,13,23,0,0,0,0,0,0,0,0,0,0,0,0,0,0,0,0,0,0,0,0,0,0,-30,39,-32,38,-35,40,-38,39,-41,36,-40,38,-43,34,-48,31,-45,38,-46,34,-56,32,-54,37,-55,38,-58,34,-56,26,-58,22,-60,31,-57,20,-58,22,-65,23,-62,22,-61,21,-60,22,-57,21,-63,19,-60,19,-59,16,-61,18,-55,13,-59,22,-55,13,-58,21,-56,16,-51,17,-53,21,-55,22,-48,20,-48,24,-48,26,-48,26,-48,26,-46,28,-48,28,-46,29,-43,29,-43,27,-44,31,-45,32,-44,31,-45,32,-47,38,-43,31,-44,32,-44,29,-46,37,-45,34,-42,34,0,0]"
CSI_DATA,236,2a:00:00:00:00:00,-37,11,1,0,1,1,1,0,0,0,1,-96,0,11,2,3420213,0,44,0,384,0,"[0,0,0,0,0,0,0,0,0,0,0,0,-4,9,-4,8,-4,9,-4,9,-3,9,-3,8,-3,8,-3,8,-3,8,-2,8,-2,8,-2,8,-2,8,-2,8,-2,8,-1,8,-1,8,-1,8,-1,8,-1,8,0,8,0,8,-1,8,0,8,0,9,0,8,0,0,0,8,0,9,0,8,0,9,-1,8,0,8,-1,8,-1,8,-1,8,-2,8,-2,8,-2,7,-2,7,-2,7,-3,6,-2,6,-2,6,-2,5,-3,5,-2,5,-3,5,-3,4,-2,4,-3,4,-3,4,-3,3,0,0,0,0,0,0,0,0,0,0,0,0,0,0,57,-6,53,-4,54,-7,54,-6,56,-5,50,-7,53,-10,46,-8,47,-6,45,-6,47,-10,45,-13,48,-12,45,-12,41,-16,43,-18,47,-18,46,-20,44,-17,44,-15,38,-19,45,-19,39,-20,38,-18,41,-17,43,-20,38,-22,37,-25,38,-23,43,-26,45,-25,45,-20,42,-19,45,-23,44,-22,38,-19,41,-17,41,-17,40,-12,44,-16,42,-13,41,-13,36,-11,39,-11,34,-8,39,-6,37,-4,36,-6,30,-3,31,-1,31,-6,28,1,29,-4,25,0,22,2,27,2,26,5,0,0,0,0,0,0,0,0,0,0,0,0,0,0,0,0,0,0,0,0,0,0,16,49,14,51,10,51,6,51,9,53,6,51,-2,52,0,54,-7,59,-4,59,-1,55,-2,60,0,63,-3,69,-9,65,-16,61,-14,59,-16,63,-11,60,-21,59,-20,59,-21,63,-18,60,-20,57,-21,55,-17,61,-24,60,-23,59,-19,56,-18,54,-21,52,-18,53,-19,57,-16,53,-16,54,-16,60,-12,52,-11,53,-8,52,-6,56,-7,53,-7,55,-7,52,-1,58,-4,49,-4,58,0,59,0,54,-1,53,1,55,6,54,2,62,0,60,3,54,-5,60,4,59,1,54,0,0]"
CSI_DATA,237,2a:00:00:00:00:00,-37,11,1,0,1,1,1,0,0,0,1,-96,0,11,2,3440661,0,44,0,384,0,"[0,0,0,0,0,0,0,0,0,0,0,0,-9,4,-9,5,-8,5,-9,5,-8,5,-8,5,-8,5,-7,5,-8,5,-7,5,-7,5,-7,5,-7,5,-7,5,-7,5,-7,6,-6,6,-6,6,-6,6,-6,6,-6,6,-6,6,-6,6,-6,6,-6,6,-6,6,0,0,-6,7,-6,6,-6,7,-6,6,-6,6,-6,6,-6,6,-6,6,-7,6,-7,5,-7,5,-6,4,-6,4,-6,4,-6,3,-6,3,-6,3,-6,3,-6,2,-5,2,-6,2,-5,2,-5,2,-5,1,-5,1,-5,0,0,0,0,0,0,0,0,0,0,0,0,0,0,0,58,12,53,14,51,10,54,11,55,9,51,7,47,7,47,8,46,6,45,8,47,4,46,5,48,4,48,1,44,-1,50,-1,48,-3,45,0,42,-1,47,-3,47,-6,44,-3,42,-9,39,-11,43,-3,44,-8,43,-12,47,-11,41,-5,42,-12,44,-12,44,-12,43,-8,43,-8,42,-10,44,-8,41,-6,41,-8,45,-9,47,-2,46,-3,42,1,43,2,41,-6,39,-1,41,1,36,4,33,0,32,3,33,7,31,2,29,2,26,4,26,4,26,7,24,8,19,10,0,0,0,0,0,0,0,0,0,0,0,0,0,0,0,0,0,0,0,0,0,0,-12,49,-18,47,-17,46,-18,50,-21,49,-22,48,-21,46,-24,51,-25,53,-29,55,-29,54,-37,51,-34,56,-37,53,-34,48,-37,48,-41,55,-42,51,-41,45,-41,47,-38,41,-46,49,-47,44,-45,45,-46,40,-40,44,-44,43,-39,42,-43,39,-44,45,-39,44,-37,40,-38,44,-36,40,-37,42,-36,44,-35,42,-33,46,-32,40,-28,43,-30,41,-27,49,-27,49,-26,50,-25,45,-24,52,-21,53,-19,49,-23,49,-20,49,-19,51,-14,52,-15,49,-17,51,-19,53,-16,54,-16,56,0,0]"
CSI_DATA,238,2a:00:00:00:00:00,-37,11,1,0,1,1,1,0,0,0,1,-96,0,11,2,3450059,0,44,0,384,0,"[0,0,0,0,0,0,0,0,0,0,0,0,6,-8,5,-8,5,-8,5,-8,5,-8,5,-8,5,-8,4,-8,4,-8,4,-8,4,-8,4,-8,3,-8,3,-8,3,-8,3,-9,3,-8,3,-8,2,-8,3,-8,3,-8,2,-8,3,-8,2,-9,2,-9,2,-9,0,0,2,-9,2,-9,2,-9,3,-9,3,-8,3,-9,3,-8,3,-8,4,-8,4,-8,4,-8,4,-7,4,-7,4,-7,4,-6,4,-6,4,-6,4,-5,4,-5,4,-4,4,-4,3,-4,3,-4,3,-4,4,-3,3,-3,0,0,0,0,0,0,0,0,0,0,0,0,0,0,-56,-5,-53,-11,-53,-4,-53,-3,-55,-3,-49,-6,-53,-1,-49,3,-48,2,-51,0,-50,1,-47,3,-48,7,-47,2,-44,1,-49,9,-44,9,-45,6,-42,2,-46,11,-42,12,-46,6,-42,13,-42,14,-45,11,-43,13,-43,11,-43,11,-43,13,-43,12,-45,12,-47,10,-47,16,-45,14,-47,13,-43,7,-46,9,-43,11,-48,5,-44,7,-46,6,-43,3,-40,2,-41,-1,-37,1,-40,-2,-35,-3,-39,-4,-31,-5,-34,-2,-27,-5,-28,-10,-26,-2,-27,-4,-26,-8,-21,-10,-19,-7,0,0,0,0,0,0,0,0,0,0,0,0,0,0,0,0,0,0,0,0,0,0,-10,-48,-4,-45,-2,-51,2,-54,0,-57,8,-53,1,-56,5,-56,4,-57,14,-55,16,-59,14,-60,15,-65,20,-57,17,-57,19,-61,20,-60,25,-61,23,-60,26,-62,26,-57,28,-61,29,-56,29,-56,34,-55,29,-55,31,-52,27,-53,30,-51,32,-53,28,-45,27,-50,26,-55,24,-48,23,-54,23,-52,22,-49,20,-52,22,-48,20,-54,16,-48,13,-55,11,-47,13,-55,13,-49,11,-48,10,-50,7,-55,8,-54,10,-54,8,-53,11,-53,7,-53,6,-56,6,-61,4,-57,7,-61,0,0]"
CSI_DATA,239,2a:00:00:00:00:00,-37,11,1,0,1,1,1,0,0,0,1,-96,0,11,2,3460050,0,44,0,384,0,"[0,0,0,0,0,0,0,0,0,0,0,0,8,-4,8,-5,7,-4,8,-4,7,-4,8,-5,7,-5,7,-5,7,-5,6,-5,7,-5,7,-5,6,-5,6,-5,6,-5,6,-6,6,-6,6,-6,5,-6,5,-6,5,-6,5,-6,6,-6,5,-6,5,-6,6,-7,0,0,6,-7,5,-6,6,-6,6,-6,6,-6,6,-6,6,-6,6,-6,6,-5,6,-5,7,-5,6,-4,6,-4,6,-4,6,-4,6,-3,5,-3,5,-3,5,-3,5,-2,5,-2,4,-2,4,-2,4,-1,4,-1,4,-1,0,0,0,0,0,0,0,0,0,0,0,0,0,0,-55,-19,-51,-11,-53,-12,-50,-12,-53,-8,-51,-8,-53,-8,-51,-4,-50,-7,-48,-10,-49,-3,-46,-1,-51,-4,-47,-4,-46,-2,-49,5,-46,2,-46,2,-45,3,-47,3,-50,9,-45,3,-44,8,-46,7,-45,7,-47,3,-47,6,-45,11,-50,6,-50,14,-48,7,-51,11,-45,4,-44,9,-45,9,-47,0,-42,3,-47,5,-47,2,-49,2,-43,1,-44,1,-41,-3,-42,-3,-41,-2,-40,-3,-39,-5,-38,-3,-31,-8,-31,-7,-31,-7,-27,-10,-26,-6,-27,-11,-23,-11,-26,-10,-23,-9,0,0,0,0,0,0,0,0,0,0,0,0,0,0,0,0,0,0,0,0,0,0,-5,-50,2,-51,1,-52,5,-55,9,-56,12,-55,13,-54,13,-57,17,-56,19,-58,16,-56,21,-58,17,-60,25,-61,28,-59,29,-57,28,-61,31,-59,28,-58,35,-56,33,-54,33,-56,35,-53,33,-53,34,-52,35,-52,36,-50,36,-49,35,-48,32,-49,32,-45,34,-49,31,-46,32,-45,33,-47,28,-49,26,-50,23,-52,22,-50,22,-54,21,-50,21,-48,21,-51,19,-53,17,-51,17,-56,16,-50,15,-53,12,-53,16,-55,15,-53,14,-56,12,-56,12,-54,8,-59,7,-58,13,-56,0,0]"
CSI_DATA,240,2a:00:00:00:00:00,-37,11,1,0,1,1,1,0,0,0,1,-96,0,11,2,3470072,0,44,0,384,0,"[0,0,0,0,0,0,0,0,0,0,0,0,7,-6,7,-6,7,-7,7,-6,6,-6,6,-6,6,-7,6,-6,6,-6,6,-6,6,-7,6,-7,5,-6,5,-6,5,-6,5,-8,4,-7,5,-7,4,-7,4,-7,4,-7,4,-7,5,-8,4,-8,4,-7,4,-8,0,0,4,-8,4,-8,4,-8,5,-8,5,-7,5,-7,5,-7,5,-7,5,-7,6,-7,6,-7,5,-6,5,-5,5,-5,6,-5,5,-5,5,-4,5,-4,5,-4,4,-3,5,-3,4,-3,4,-3,4,-2,4,-2,4,-2,0,0,0,0,0,0,0,0,0,0,0,0,0,0,-49,1,-56,-1,-53,2,-53,4,-59,3,-48,-2,-54,4,-50,3,-50,4,-44,3,-48,4,-48,8,-48,10,-53,7,-43,9,-45,14,-47,12,-45,12,-44,10,-49,12,-46,15,-48,13,-42,18,-46,15,-45,14,-46,14,-48,13,-48,13,-45,21,-41,18,-45,18,-44,17,-44,17,-44,14,-45,16,-44,16,-44,15,-42,15,-45,12,-47,8,-47,13,-46,5,-41,5,-43,10,-39,6,-40,5,-37,2,-40,5,-33,0,-38,-2,-33,-3,-29,-6,-26,-4,-28,-6,-27,-4,-21,-8,-24,-8,0,0,0,0,0,0,0,0,0,0,0,0,0,0,0,0,0,0,0,0,0,0,-10,-49,-11,-48,-9,-53,-4,-52,-5,-58,-1,-53,0,-55,-1,-52,0,-62,6,-62,6,-62,10,-60,6,-64,12,-63,14,-59,15,-65,12,-64,22,-67,17,-61,22,-61,19,-61,24,-61,25,-65,28,-61,31,-59,25,-58,25,-55,19,-56,21,-62,24,-57,24,-50,19,-57,20,-51,21,-55,18,-56,18,-51,16,-57,13,-53,14,-51,13,-52,17,-53,6,-53,10,-50,9,-55,4,-52,5,-50,5,-53,1,-52,4,-56,2,-56,5,-53,0,-56,5,-57,-4,-58,-3,-61,-1,-56,2,-57,0,0]"
CSI_DATA,241,2a:00:00:00:00:00,-37,11,1,0,1,1,1,0,0,0,1,-96,0,11,2,3480045,0,44,0,384,0,"[0,0,0,0,0,0,0,0,0,0,0,0,8,2,8,2,8,2,8,2,8,2,8,1,8,1,8,1,8,1,8,1,8,1,8,0,8,1,8,0,8,0,8,0,8,-1,7,0,8,0,8,0,8,0,8,0,8,-1,8,-1,8,-1,8,-1,0,0,8,-1,8,0,8,0,8,-1,8,0,8,0,8,0,8,1,8,0,8,0,8,1,7,1,7,1,6,2,6,2,6,2,6,2,5,1,5,2,5,2,5,2,4,2,4,2,3,2,3,2,3,2,0,0,0,0,0,0,0,0,0,0,0,0,0,0,-24,-51,-21,-44,-23,-49,-26,-47,-27,-44,-24,-45,-22,-44,-25,-46,-23,-44,-24,-40,-28,-39,-29,-38,-34,-35,-28,-35,-32,-37,-30,-30,-35,-35,-34,-34,-30,-34,-36,-34,-36,-32,-32,-33,-36,-30,-33,-29,-29,-33,-35,-32,-40,-30,-40,-31,-34,-30,-38,-29,-37,-26,-40,-29,-39,-30,-40,-29,-36,-29,-34,-32,-34,-30,-37,-33,-34,-33,-34,-31,-30,-34,-27,-31,-27,-35,-27,-31,-23,-34,-19,-32,-19,-29,-18,-29,-19,-34,-19,-28,-14,-28,-14,-28,-10,-28,-10,-27,-8,-25,-10,-25,-12,-22,0,0,0,0,0,0,0,0,0,0,0,0,0,0,0,0,0,0,0,0,0,0,40,-31,39,-29,43,-24,46,-25,49,-23,49,-19,51,-21,51,-19,57,-22,54,-18,57,-16,58,-16,65,-18,64,-15,62,-12,58,-9,65,-10,61,-4,63,-9,65,-1,60,-1,66,-2,61,-3,63,-4,65,-1,62,-5,62,4,59,3,56,1,57,-2,55,0,55,2,52,-3,54,-2,54,-6,56,-4,51,-8,53,-7,52,-4,52,-10,49,-12,46,-10,51,-15,51,-17,48,-11,49,-18,48,-15,49,-24,50,-22,49,-20,49,-24,49,-25,45,-20,48,-22,50,-23,52,-25,48,-20,0,0]"
CSI_DATA,242,2a:00:00:00:00:00,-37,11,1,0,1,1,1,0,0,0,1,-96,0,11,2,3490151,0,44,0,384,0,"[0,0,0,0,0,0,0,0,0,0,0,0,5,-9,5,-8,5,-9,5,-9,5,-9,4,-8,4,-9,4,-9,4,-8,3,-9,4,-9,3,-9,3,-9,3,-9,3,-8,2,-9,2,-9,2,-9,2,-9,2,-9,2,-9,2,-9,2,-9,1,-9,2,-10,1,-10,0,0,1,-10,1,-10,1,-9,2,-10,2,-9,2,-10,2,-9,2,-9,3,-9,3,-9,3,-9,3,-8,3,-8,3,-7,3,-7,3,-7,3,-7,3,-6,3,-6,3,-5,3,-5,3,-5,3,-5,3,-4,3,-4,3,-3,0,0,0,0,0,0,0,0,0,0,0,0,0,0,-57,2,-51,5,-53,6,-51,7,-49,8,-55,6,-50,10,-56,11,-42,8,-49,9,-45,10,-44,17,-49,14,-37,13,-43,10,-44,18,-41,18,-41,20,-43,16,-41,17,-46,21,-42,20,-39,21,-37,20,-36,22,-43,24,-40,22,-41,26,-40,25,-41,25,-40,27,-46,27,-37,22,-40,28,-43,24,-41,20,-39,23,-42,25,-39,20,-40,19,-42,17,-39,16,-37,10,-40,13,-42,13,-38,13,-40,11,-32,8,-38,6,-31,8,-32,5,-31,8,-31,2,-28,2,-27,1,-27,0,-28,1,0,0,0,0,0,0,0,0,0,0,0,0,0,0,0,0,0,0,0,0,0,0,-6,-53,-7,-54,1,-50,-1,-58,0,-54,5,-54,4,-56,4,-55,9,-61,5,-52,11,-57,12,-60,13,-62,17,-64,18,-63,20,-58,22,-64,22,-57,24,-63,20,-56,21,-59,26,-60,25,-55,24,-58,28,-57,26,-55,29,-53,27,-57,28,-52,23,-56,24,-46,25,-58,20,-48,20,-55,21,-52,16,-54,14,-51,14,-48,15,-51,11,-54,10,-53,6,-53,7,-54,3,-54,5,-54,0,-54,2,-51,4,-52,0,-56,3,-53,-5,-50,3,-53,2,-57,-4,-48,0,-52,-4,-56,-2,-55,0,0]"
CSI_DATA,243,2a:00:00:00:00:00,-36,11,1,0,1,1,1,0,0,0,1,-96,0,11,2,3501288,0,44,0,384,0,"[0,0,0,0,0,0,0,0,0,0,0,0,-2,9,-1,9,-1,9,-1,9,-1,9,-1,8,0,8,0,8,0,8,0,8,0,8,0,8,0,8,0,8,0,8,1,8,1,8,1,8,1,8,2,8,2,8,2,8,1,8,2,8,2,8,2,8,0,0,2,8,2,9,2,8,2,8,2,8,2,8,2,8,1,8,1,8,0,8,0,8,0,8,0,7,0,7,-1,7,-1,6,-1,7,-1,6,-1,6,-1,5,-2,5,-1,5,-2,5,-2,4,-2,4,-2,4,0,0,0,0,0,0,0,0,0,0,0,0,0,0,41,-40,38,-40,35,-38,34,-38,37,-36,33,-38,34,-38,30,-42,29,-39,33,-38,27,-34,25,-39,27,-40,24,-37,31,-39,24,-43,28,-42,22,-43,23,-43,22,-41,21,-44,20,-36,17,-46,19,-40,17,-45,18,-40,21,-42,17,-44,14,-42,16,-46,17,-48,19,-47,17,-42,15,-47,18,-43,22,-44,16,-48,19,-45,19,-44,18,-41,23,-41,26,-36,25,-38,23,-38,25,-37,26,-32,26,-33,20,-28,25,-25,22,-22,25,-17,25,-19,23,-17,17,-19,19,-19,20,-16,20,-12,0,0,0,0,0,0,0,0,0,0,0,0,0,0,0,0,0,0,0,0,0,0,38,35,38,34,36,40,33,41,31,43,31,44,32,44,30,46,31,48,30,44,26,52,27,51,31,51,29,59,26,59,21,59,23,63,20,60,21,60,17,59,19,58,15,64,15,59,18,61,14,56,17,58,13,58,14,57,8,55,15,54,13,50,16,54,12,55,15,49,19,49,19,51,17,44,20,46,20,48,24,44,25,46,26,42,23,45,30,44,27,44,28,41,29,44,32,47,28,42,31,39,33,42,34,41,31,45,28,40,36,40,42,42,36,44,0,0]"
CSI_DATA,244,2a:00:00:00:00:00,-36,11,1,0,1,1,1,0,0,0,1,-96,0,11,2,3520055,0,44,0,384,0,"[0,0,0,0,0,0,0,0,0,0,0,0,3,8,3,8,4,8,4,8,4,8,3,7,4,7,4,7,4,7,5,7,4,7,5,7,5,7,5,7,5,6,5,6,5,6,5,6,5,6,5,6,5,6,6,6,5,6,6,5,6,6,6,5,0,0,6,6,6,6,6,6,6,6,6,6,6,6,6,6,5,6,5,6,5,6,4,6,4,6,4,6,4,6,3,6,3,6,3,6,2,5,2,5,2,5,2,5,2,5,1,5,1,4,1,4,0,4,0,0,0,0,0,0,0,0,0,0,0,0,0,0,30,-48,28,-49,30,-48,23,-46,25,-46,21,-46,23,-50,23,-43,19,-46,19,-43,22,-42,19,-46,16,-45,18,-47,13,-42,15,-47,12,-50,11,-47,13,-46,7,-46,10,-49,13,-46,8,-49,5,-47,12,-46,6,-49,6,-47,7,-49,7,-50,6,-52,9,-44,9,-50,6,-52,4,-50,6,-47,7,-49,6,-49,9,-52,14,-49,10,-44,14,-42,10,-38,16,-44,18,-41,18,-38,17,-38,16,-35,17,-35,16,-31,16,-25,18,-26,15,-25,17,-26,20,-27,15,-21,15,-21,18,-18,0,0,0,0,0,0,0,0,0,0,0,0,0,0,0,0,0,0,0,0,0,0,47,19,43,25,45,21,46,32,42,30,38,30,42,35,40,36,45,39,41,39,43,41,46,42,48,44,43,49,44,48,36,49,40,54,40,51,38,48,34,53,32,53,33,54,32,56,35,53,31,53,35,49,29,52,32,52,30,49,32,52,27,47,32,50,32,43,30,43,36,44,34,47,32,42,33,42,30,37,36,37,36,39,37,33,38,38,42,38,38,35,39,38,42,35,42,33,45,32,44,33,48,33,48,29,44,30,37,32,48,30,46,34,51,32,0,0]"
CSI_DATA,245,2a:00:00:00:00:00,-37,11,1,0,1,1,1,0,0,0,1,-96,0,11,2,3540261,0,44,0,384,0,"[0,0,0,0,0,0,0,0,0,0,0,0,4,-9,3,-9,3,-9,3,-9,3,-9,3,-9,2,-9,2,-9,2,-9,2,-9,3,-9,2,-9,2,-9,2,-9,1,-9,1,-9,1,-9,1,-9,0,-9,0,-9,0,-9,0,-9,1,-9,0,-9,1,-9,0,-10,0,0,1,-10,0,-10,0,-10,1,-10,1,-9,1,-10,1,-9,1,-9,2,-9,2,-9,2,-8,2,-8,2,-8,2,-8,3,-7,2,-7,2,-7,2,-6,2,-6,2,-5,3,-5,2,-5,3,-5,3,-5,3,-4,3,-4,0,0,0,0,0,0,0,0,0,0,0,0,0,0,-52,17,-51,21,-54,27,-51,20,-46,19,-52,21,-41,25,-44,23,-44,25,-47,21,-38,24,-43,27,-41,28,-38,26,-42,24,-38,27,-39,28,-39,31,-40,29,-36,29,-38,35,-34,28,-31,34,-32,31,-35,31,-35,31,-35,33,-34,31,-33,35,-34,34,-34,37,-35,35,-33,34,-34,37,-30,31,-38,30,-32,33,-33,30,-37,31,-38,26,-37,25,-37,24,-34,22,-33,24,-30,20,-36,21,-37,16,-34,17,-34,12,-31,12,-33,9,-31,9,-28,11,-27,8,-27,8,-25,3,-27,4,0,0,0,0,0,0,0,0,0,0,0,0,0,0,0,0,0,0,0,0,0,0,-24,-38,-22,-47,-20,-48,-16,-52,-17,-51,-12,-50,-14,-49,-13,-57,-14,-55,-12,-56,-10,-59,-11,-54,-12,-63,-7,-60,-7,-61,-2,-59,-4,-65,3,-57,-2,-64,4,-61,3,-61,4,-64,8,-61,4,-60,4,-63,4,-62,7,-59,7,-61,4,-58,4,-62,2,-54,4,-55,5,-58,2,-54,2,-53,2,-57,-4,-56,-6,-54,-3,-52,-9,-51,-5,-53,-11,-53,-9,-55,-9,-55,-7,-54,-18,-52,-14,-51,-13,-51,-13,-51,-17,-51,-23,-51,-17,-53,-16,-57,-18,-46,-21,-56,-20,-52,-25,-58,0,0]"
CSI_DATA,246,2a:00:00:00:00:00,-36,11,1,0,1,1,1,0,0,0,1,-96,0,11,2,3570050,0,44,0,384,0,"[0,0,0,0,0,0,0,0,0,0,0,0,-10,2,-10,2,-9,2,-10,2,-9,2,-9,2,-9,3,-9,3,-9,3,-8,3,-9,3,-9,3,-8,3,-8,3,-8,3,-8,4,-8,4,-8,4,-8,4,-8,4,-8,4,-8,4,-8,4,-8,4,-8,4,-8,5,0,0,-9,5,-8,4,-8,4,-8,4,-8,4,-8,4,-8,4,-8,3,-9,3,-9,3,-9,3,-8,2,-8,2,-8,2,-8,1,-8,1,-7,1,-7,1,-7,1,-6,0,-7,0,-6,0,-6,0,-5,-1,-6,-1,-6,-1,0,0,0,0,0,0,0,0,0,0,0,0,0,0,49,22,45,25,48,22,46,18,51,25,48,18,48,18,50,17,44,19,44,16,46,11,42,13,45,7,43,6,46,9,46,6,50,13,45,7,48,11,49,5,45,7,47,9,46,4,42,4,47,6,45,2,42,2,47,4,48,1,47,4,47,1,52,5,49,4,49,2,50,3,49,9,42,5,45,6,42,4,43,12,43,5,42,13,40,10,41,12,35,13,33,15,35,16,36,17,32,16,30,17,31,13,27,16,26,17,20,18,18,17,19,19,18,19,0,0,0,0,0,0,0,0,0,0,0,0,0,0,0,0,0,0,0,0,0,0,-11,49,-11,46,-14,45,-23,52,-22,45,-21,45,-24,45,-23,45,-20,53,-23,49,-32,49,-29,52,-32,52,-35,53,-38,54,-37,48,-40,50,-43,44,-40,48,-42,44,-40,45,-42,46,-44,42,-44,41,-44,39,-47,42,-45,36,-46,38,-46,37,-43,39,-42,34,-42,42,-41,37,-39,38,-38,42,-37,42,-35,40,-35,42,-34,43,-35,45,-34,41,-28,44,-33,40,-30,47,-29,45,-27,47,-27,45,-27,44,-27,46,-26,46,-29,45,-30,51,-29,51,-28,45,-24,49,-29,53,-29,51,0,0]"
CSI_DATA,247,2a:00:00:00:00:00,-36,11,1,0,1,1,1,0,0,0,1,-96,0,11,2,3580267,0,44,0,384,0,"[0,0,0,0,0,0,0,0,0,0,0,0,9,-1,9,-1,9,-1,9,-1,9,-1,9,-1,8,-2,8,-2,8,-2,8,-2,8,-2,8,-2,8,-2,8,-3,8,-2,8,-3,8,-4,8,-3,8,-4,7,-4,8,-3,8,-4,8,-4,7,-4,8,-4,8,-4,0,0,8,-4,8,-4,8,-4,8,-4,8,-3,8,-4,8,-4,8,-3,8,-3,8,-3,8,-3,7,-2,7,-2,7,-2,7,-2,7,-1,6,-1,6,-1,6,-1,6,-1,6,0,5,0,5,0,4,0,5,0,4,0,0,0,0,0,0,0,0,0,0,0,0,0,0,0,-26,-43,-26,-43,-33,-45,-32,-47,-29,-47,-26,-38,-31,-45,-30,-42,-27,-39,-27,-41,-34,-34,-32,-38,-34,-40,-33,-36,-30,-33,-32,-34,-36,-34,-35,-31,-35,-27,-40,-27,-40,-27,-37,-29,-40,-27,-40,-28,-36,-28,-38,-22,-41,-28,-38,-24,-43,-26,-41,-27,-43,-22,-46,-25,-39,-23,-46,-25,-42,-24,-37,-24,-38,-23,-38,-27,-39,-30,-41,-31,-35,-30,-36,-29,-30,-29,-33,-32,-30,-30,-24,-22,-25,-26,-25,-28,-24,-28,-17,-27,-23,-24,-15,-28,-22,-24,-10,-22,-13,-22,-11,-24,-10,-24,0,0,0,0,0,0,0,0,0,0,0,0,0,0,0,0,0,0,0,0,0,0,41,-25,47,-21,45,-17,45,-18,53,-18,48,-13,50,-14,51,-14,55,-10,51,-13,60,-10,53,-11,60,-7,65,-10,59,-6,60,-5,64,-2,61,-2,65,-1,63,0,58,2,67,0,64,1,61,1,62,7,64,-1,59,4,59,3,59,2,59,-1,55,2,57,-1,57,-1,57,-2,56,0,52,-6,54,-6,56,-6,51,-9,58,-11,53,-12,50,-16,51,-13,52,-18,50,-15,51,-20,49,-16,50,-18,52,-22,53,-20,51,-18,50,-26,53,-22,52,-23,49,-25,53,-29,52,-25,0,0]"
CSI_DATA,248,2a:00:00:00:00:00,-37,11,1,0,1,1,1,0,0,0,1,-96,0,11,2,3591017,0,44,0,384,0,"[0,0,0,0,0,0,0,0,0,0,0,0,-4,8,-3,8,-3,8,-3,8,-3,8,-3,8,-2,8,-2,8,-2,8,-2,8,-2,8,-2,8,-2,8,-1,8,-1,8,-1,8,-1,8,-1,8,0,7,0,8,0,8,0,8,-1,8,0,8,0,8,0,8,0,0,0,8,0,9,0,8,0,8,0,8,0,8,0,8,-1,8,-2,8,-2,8,-2,8,-2,7,-2,7,-2,7,-3,7,-3,6,-3,6,-3,5,-3,5,-3,5,-3,4,-3,4,-3,4,-3,4,-3,4,-3,3,0,0,0,0,0,0,0,0,0,0,0,0,0,0,51,-26,46,-22,49,-26,44,-22,46,-19,48,-24,40,-17,49,-24,39,-21,45,-24,41,-22,40,-28,42,-31,36,-22,38,-22,36,-27,39,-30,37,-29,36,-27,34,-27,34,-31,35,-29,34,-31,33,-30,33,-27,38,-33,33,-33,32,-34,33,-32,34,-33,34,-33,40,-35,32,-33,36,-37,33,-32,36,-30,36,-34,33,-30,37,-31,40,-25,38,-25,39,-22,41,-23,34,-21,34,-22,34,-17,37,-15,31,-16,33,-9,29,-12,29,-12,25,-10,28,-10,22,-8,26,-4,28,2,27,-2,0,0,0,0,0,0,0,0,0,0,0,0,0,0,0,0,0,0,0,0,0,0,30,42,26,40,21,39,25,43,21,44,22,47,18,45,18,50,18,52,17,51,15,54,16,57,17,59,12,60,9,60,7,59,11,65,6,61,5,62,6,60,2,58,5,64,2,63,-3,63,-2,63,0,62,-3,61,-4,62,-4,57,1,57,-1,53,-1,58,-1,54,2,53,3,53,-3,52,8,53,6,52,4,48,6,53,8,56,11,52,7,58,12,49,13,49,16,55,15,50,12,52,18,49,16,54,15,51,18,51,13,52,18,49,19,52,21,53,21,49,0,0]"
CSI_DATA,249,2a:00:00:00:00:00,-37,11,1,0,1,1,1,0,0,0,1,-96,0,11,2,3600280,0,44,0,384,0,"[0,0,0,0,0,0,0,0,0,0,0,0,8,2,9,2,8,2,9,2,8,2,8,2,8,1,8,1,8,1,8,1,9,1,9,0,8,0,8,1,8,1,8,-1,8,-1,8,-1,8,-1,8,0,8,0,8,-1,8,-1,8,-1,9,-1,9,-2,0,0,9,-1,9,-1,9,-1,9,-2,9,-1,9,-1,9,0,8,0,9,0,8,0,8,0,8,1,8,1,7,1,7,1,7,1,6,1,6,1,6,1,5,1,5,1,5,2,4,2,4,2,4,2,4,2,0,0,0,0,0,0,0,0,0,0,0,0,0,0,-21,-53,-13,-48,-25,-52,-22,-48,-23,-47,-20,-48,-21,-45,-19,-48,-21,-45,-24,-46,-23,-42,-26,-44,-27,-40,-26,-38,-20,-36,-26,-39,-27,-36,-29,-40,-28,-38,-29,-35,-35,-38,-30,-35,-35,-34,-35,-34,-30,-34,-34,-30,-33,-34,-33,-34,-37,-34,-34,-32,-31,-36,-33,-35,-29,-30,-37,-38,-36,-31,-30,-39,-31,-30,-35,-40,-33,-34,-27,-33,-24,-35,-26,-35,-21,-40,-21,-40,-22,-40,-21,-37,-20,-34,-17,-34,-16,-31,-14,-30,-13,-26,-14,-28,-10,-25,-8,-22,-7,-27,-4,-26,-1,-26,0,0,0,0,0,0,0,0,0,0,0,0,0,0,0,0,0,0,0,0,0,0,44,-24,44,-21,41,-19,49,-17,48,-16,48,-14,49,-15,52,-13,58,-15,52,-13,57,-12,58,-8,60,-10,64,-9,61,-7,59,-3,67,-1,61,-3,67,-1,63,2,62,3,63,-1,58,4,64,5,65,8,59,4,59,6,60,5,56,7,57,7,57,5,59,5,55,4,57,2,56,1,53,-3,54,0,54,-2,51,-1,54,-3,55,-6,52,-6,53,-10,54,-8,52,-8,51,-11,54,-13,55,-13,54,-16,53,-12,56,-13,55,-17,51,-13,48,-18,55,-17,50,-19,55,-18,0,0]"
CSI_DATA,250,2a:00:00:00:00:00,-37,11,1,0,1,1,1,0,0,0,1,-96,0,11,2,3621065,0,44,0,384,0,"[0,0,0,0,0,0,0,0,0,0,0,0,-7,7,-6,7,-6,7,-6,7,-6,7,-6,7,-6,7,-5,7,-5,7,-5,7,-5,7,-5,7,-4,7,-4,7,-4,7,-4,8,-4,7,-4,7,-3,8,-3,8,-3,8,-3,8,-4,8,-3,8,-3,8,-4,8,0,0,-3,8,-3,8,-3,8,-4,8,-4,8,-4,8,-3,8,-4,8,-4,7,-5,7,-5,7,-4,7,-5,6,-5,6,-5,5,-5,5,-5,5,-5,4,-5,4,-5,4,-5,4,-4,3,-5,3,-5,3,-5,2,-4,2,0,0,0,0,0,0,0,0,0,0,0,0,0,0,56,-11,48,-5,55,-11,50,-9,49,-11,49,-9,43,-10,49,-12,42,-13,47,-15,47,-14,41,-19,46,-20,40,-18,43,-16,45,-24,46,-22,40,-22,44,-21,37,-23,42,-30,36,-19,40,-24,39,-28,39,-27,37,-28,35,-26,38,-29,35,-30,39,-28,34,-28,42,-31,36,-28,38,-32,35,-27,44,-28,40,-27,36,-31,39,-24,41,-21,37,-21,43,-21,42,-16,38,-21,40,-17,36,-11,39,-12,36,-13,33,-8,30,-8,32,-8,29,-7,26,-6,26,-8,32,-3,27,0,25,1,0,0,0,0,0,0,0,0,0,0,0,0,0,0,0,0,0,0,0,0,0,0,13,47,7,54,6,47,2,58,5,51,-2,56,0,56,-1,58,-6,58,-5,55,-8,59,-7,61,-10,63,-11,65,-14,65,-14,58,-16,67,-18,62,-14,66,-20,61,-16,66,-20,67,-16,64,-25,60,-25,58,-21,63,-20,63,-27,61,-21,52,-23,64,-22,49,-22,59,-18,55,-15,50,-19,59,-13,55,-12,50,-9,53,-12,52,-10,50,-7,58,-5,48,-2,59,-3,53,-4,54,1,53,4,59,3,54,-2,52,-4,53,-4,53,0,57,4,60,5,51,4,58,8,59,5,53,0,0]"
CSI_DATA,251,2a:00:00:00:00:00,-37,11,1,0,1,1,1,0,0,0,1,-96,0,11,2,3630029,0,44,0,384,0,"[0,0,0,0,0,0,0,0,0,0,0,0,0,-10,0,-9,-1,-10,0,-10,-1,-10,0,-9,-1,-9,-1,-9,-1,-9,-2,-9,-1,-9,-2,-9,-2,-9,-2,-9,-2,-9,-2,-9,-3,-9,-3,-9,-3,-8,-3,-9,-3,-9,-4,-9,-3,-9,-4,-9,-4,-9,-3,-9,0,0,-3,-9,-4,-9,-4,-9,-3,-9,-3,-9,-3,-9,-3,-9,-3,-9,-2,-9,-2,-9,-2,-9,-2,-9,-2,-9,-1,-8,-1,-8,-1,-8,-1,-8,0,-7,0,-7,0,-6,0,-6,0,-6,0,-6,0,-6,1,-5,1,-5,0,0,0,0,0,0,0,0,0,0,0,0,0,0,-38,34,-36,36,-35,39,-34,35,-29,39,-33,35,-32,36,-33,40,-27,39,-27,37,-27,40,-25,36,-24,43,-27,42,-25,40,-23,40,-24,47,-22,40,-18,41,-20,43,-20,43,-19,40,-13,39,-13,43,-12,41,-15,43,-16,40,-15,43,-15,42,-11,44,-17,41,-12,43,-13,45,-14,45,-14,44,-16,45,-15,43,-15,43,-18,44,-17,38,-21,37,-22,38,-22,35,-21,38,-21,35,-24,29,-19,29,-21,30,-19,26,-23,28,-19,28,-18,23,-19,24,-19,20,-17,17,-21,11,-19,13,0,0,0,0,0,0,0,0,0,0,0,0,0,0,0,0,0,0,0,0,0,0,-43,-31,-40,-37,-38,-39,-33,-41,-35,-41,-35,-44,-34,-39,-33,-41,-38,-47,-33,-47,-32,-54,-33,-54,-34,-54,-29,-58,-32,-52,-26,-56,-29,-59,-24,-60,-24,-60,-31,-59,-21,-57,-25,-64,-21,-60,-18,-63,-15,-61,-19,-60,-15,-61,-16,-61,-17,-58,-18,-61,-19,-55,-21,-56,-23,-54,-18,-53,-24,-54,-22,-49,-21,-50,-21,-52,-25,-49,-29,-50,-26,-47,-28,-45,-25,-45,-30,-44,-31,-44,-26,-38,-31,-40,-34,-39,-32,-41,-38,-43,-35,-43,-36,-38,-35,-45,-35,-39,-41,-46,-31,-38,-44,-41,0,0]"
CSI_DATA,252,2a:00:00:00:00:00,-37,11,1,0,1,1,1,0,0,0,1,-96,0,11,2,3650169,0,44,0,384,0,"[0,0,0,0,0,0,0,0,0,0,0,0,-9,-1,-9,0,-9,0,-9,0,-9,0,-9,0,-9,1,-9,1,-9,1,-9,1,-9,1,-9,1,-8,1,-8,1,-8,1,-9,2,-8,2,-8,2,-8,2,-8,2,-8,2,-8,2,-8,3,-8,2,-8,2,-8,3,0,0,-9,3,-9,2,-9,3,-9,3,-8,2,-8,2,-8,2,-8,2,-9,2,-8,2,-8,1,-8,1,-8,0,-8,0,-8,0,-7,0,-7,0,-7,0,-7,0,-6,0,-6,0,-6,-1,-5,-1,-5,-1,-5,-1,-5,-2,0,0,0,0,0,0,0,0,0,0,0,0,0,0,40,42,31,41,31,41,31,36,33,35,31,32,38,37,36,40,35,33,29,35,35,30,32,32,33,34,31,25,32,26,35,28,37,27,34,25,36,20,36,23,39,21,38,20,39,21,36,23,35,20,38,24,38,21,40,21,42,23,43,16,40,15,44,22,42,22,43,20,37,19,40,28,38,23,40,24,38,27,38,24,40,24,31,26,33,27,26,25,29,27,29,28,27,27,24,26,23,27,21,22,19,23,16,24,15,23,12,28,14,23,11,24,12,24,0,0,0,0,0,0,0,0,0,0,0,0,0,0,0,0,0,0,0,0,0,0,-35,36,-38,35,-39,35,-43,31,-43,33,-44,28,-44,29,-48,30,-54,27,-51,30,-55,27,-56,29,-56,26,-61,27,-56,25,-61,21,-63,20,-60,22,-60,21,-60,16,-63,19,-69,12,-64,14,-68,15,-62,14,-62,10,-59,12,-64,10,-60,9,-60,9,-58,13,-58,11,-57,11,-54,11,-54,14,-53,14,-52,14,-49,18,-49,17,-48,23,-52,23,-47,24,-49,24,-48,21,-48,25,-46,30,-47,26,-45,26,-50,23,-48,29,-47,28,-41,33,-46,26,-47,27,-49,30,-47,35,-45,30,0,0]"
CSI_DATA,253,2a:00:00:00:00:00,-37,11,1,0,1,1,1,0,0,0,1,-96,0,11,2,3660068,0,44,0,384,0,"[0,0,0,0,0,0,0,0,0,0,0,0,1,-10,1,-9,0,-10,0,-10,0,-9,0,-9,0,-9,0,-9,0,-9,-1,-9,0,-9,-1,-9,-1,-9,-1,-9,-1,-9,-2,-9,-1,-9,-1,-9,-3,-9,-2,-9,-2,-9,-2,-9,-2,-9,-3,-9,-3,-9,-2,-9,0,0,-2,-9,-3,-9,-3,-9,-2,-9,-2,-9,-2,-9,-2,-9,-2,-9,-1,-9,-1,-9,-1,-9,-1,-8,-1,-8,0,-8,0,-8,0,-7,0,-8,1,-7,1,-6,1,-6,1,-6,1,-6,1,-6,1,-6,1,-5,1,-5,0,0,0,0,0,0,0,0,0,0,0,0,0,0,-43,38,-42,30,-38,35,-37,43,-36,37,-36,35,-31,31,-37,33,-28,32,-32,32,-30,37,-32,36,-29,38,-26,36,-29,38,-23,42,-27,38,-26,37,-24,39,-21,41,-24,41,-15,39,-20,42,-16,43,-18,38,-18,41,-17,39,-14,42,-17,42,-20,46,-17,40,-19,48,-21,43,-22,48,-18,45,-22,46,-17,44,-15,42,-22,42,-18,41,-22,40,-24,35,-28,37,-22,34,-25,34,-21,33,-28,30,-21,31,-21,24,-21,23,-20,23,-20,19,-20,22,-20,15,-22,19,-21,21,-20,14,0,0,0,0,0,0,0,0,0,0,0,0,0,0,0,0,0,0,0,0,0,0,-32,-42,-33,-45,-27,-45,-29,-47,-23,-43,-25,-52,-26,-50,-29,-50,-22,-54,-27,-53,-22,-58,-24,-57,-26,-64,-19,-64,-21,-66,-19,-63,-21,-69,-14,-63,-14,-68,-17,-65,-12,-66,-11,-66,-11,-65,-12,-68,-7,-68,-10,-63,-9,-61,-8,-65,-7,-60,-8,-67,-7,-57,-11,-60,-14,-57,-13,-57,-18,-59,-16,-54,-16,-49,-18,-56,-19,-47,-19,-50,-23,-52,-22,-49,-23,-50,-26,-46,-25,-50,-24,-48,-27,-48,-29,-43,-29,-45,-29,-44,-30,-46,-32,-47,-30,-46,-29,-43,-33,-43,-40,-47,-31,-44,0,0]"
CSI_DATA,254,2a:00:00:00:00:00,-37,11,1,0,1,1,1,0,0,0,1,-96,0,11,2,3670811,0,44,0,384,0,"[0,0,0,0,0,0,0,0,0,0,0,0,7,4,7,4,7,4,8,4,7,4,7,4,7,3,7,3,7,3,7,3,8,3,8,2,8,3,8,2,7,3,8,2,8,1,7,1,8,1,8,2,8,2,8,1,8,1,8,1,8,1,8,1,0,0,8,1,8,1,8,1,8,1,8,2,9,2,8,2,8,2,8,1,8,2,8,2,7,2,7,3,7,3,6,2,6,2,6,3,5,2,5,2,5,2,4,3,4,3,4,3,4,3,3,3,3,3,0,0,0,0,0,0,0,0,0,0,0,0,0,0,-8,-51,-4,-53,-12,-53,-14,-47,-11,-48,-8,-50,-14,-47,-13,-46,-15,-49,-16,-43,-13,-46,-15,-42,-20,-47,-22,-43,-15,-46,-22,-44,-23,-46,-21,-42,-23,-38,-24,-39,-27,-42,-26,-39,-30,-37,-26,-43,-25,-39,-30,-39,-27,-37,-30,-39,-26,-36,-32,-37,-28,-37,-28,-40,-27,-38,-28,-41,-29,-37,-26,-40,-25,-43,-27,-40,-22,-42,-22,-38,-21,-38,-16,-40,-15,-42,-14,-43,-17,-37,-14,-37,-11,-38,-9,-36,-7,-28,-6,-31,-7,-31,-8,-30,-5,-30,-3,-25,-1,-27,-3,-25,1,-24,0,0,0,0,0,0,0,0,0,0,0,0,0,0,0,0,0,0,0,0,0,0,49,-10,53,-12,50,-9,54,-9,56,-2,55,-2,56,-4,57,-5,59,-4,57,3,65,4,65,5,62,4,64,5,64,9,61,13,68,11,61,15,63,11,65,15,63,21,64,21,61,20,64,19,59,21,60,15,58,24,58,23,56,17,62,19,48,21,58,17,54,16,52,16,51,13,52,13,49,11,54,13,51,9,53,5,52,7,53,3,54,1,52,2,49,0,55,1,52,1,55,-5,56,-5,51,-2,56,-5,51,-8,56,-7,53,-2,56,-7,53,1,56,-10,0,0]"
CSI_DATA,255,2a:00:00:00:00:00,-37,11,1,0,1,1,1,0,0,0,1,-96,0,11,2,3680225,0,44,0,384,0,"[0,0,0,0,0,0,0,0,0,0,0,0,-9,3,-9,3,-9,3,-9,3,-9,3,-9,3,-8,4,-8,4,-8,4,-8,4,-8,4,-8,4,-8,4,-8,4,-8,4,-7,5,-7,5,-7,5,-7,5,-7,5,-7,5,-7,5,-7,5,-7,6,-7,5,-7,6,0,0,-7,6,-7,6,-7,6,-7,6,-7,5,-7,5,-7,5,-7,5,-8,5,-8,5,-8,4,-7,4,-7,3,-7,3,-7,3,-7,3,-7,2,-7,2,-6,2,-6,2,-6,1,-6,1,-6,1,-5,1,-6,0,-5,0,0,0,0,0,0,0,0,0,0,0,0,0,0,0,44,28,47,29,44,24,43,26,47,25,46,22,41,20,45,22,40,18,42,17,43,13,43,11,49,15,44,13,43,14,41,10,47,11,48,9,43,7,42,11,45,8,43,5,49,3,43,7,45,8,46,7,47,-1,46,-1,47,3,45,0,46,2,47,-5,43,2,45,-3,45,1,44,4,48,5,47,0,44,3,46,7,42,8,44,6,40,8,42,9,41,14,39,11,35,13,36,13,32,12,26,9,28,13,27,11,23,16,23,16,22,15,22,15,21,16,0,0,0,0,0,0,0,0,0,0,0,0,0,0,0,0,0,0,0,0,0,0,-28,42,-29,43,-30,39,-36,44,-36,41,-38,37,-38,38,-42,40,-44,40,-44,40,-49,40,-48,41,-50,42,-52,43,-56,39,-58,35,-59,33,-57,34,-59,35,-60,30,-58,34,-63,31,-58,28,-61,27,-59,28,-56,32,-59,23,-56,28,-54,23,-55,24,-45,30,-56,27,-50,26,-45,31,-48,31,-48,28,-45,28,-44,33,-41,30,-39,36,-45,32,-38,35,-44,37,-42,38,-39,37,-27,35,-32,41,-33,39,-34,40,-33,38,-34,43,-35,42,-34,51,-31,39,-37,43,-28,44,-29,40,0,0]"
CSI_DATA,256,2a:00:00:00:00:00,-37,11,1,0,1,1,1,0,0,0,1,-96,0,11,2,3711040,0,44,0,384,0,"[0,0,0,0,0,0,0,0,0,0,0,0,-5,-9,-5,-8,-6,-9,-6,-9,-6,-9,-5,-8,-5,-8,-6,-7,-6,-8,-6,-8,-6,-8,-6,-7,-6,-7,-6,-7,-6,-7,-7,-7,-6,-6,-7,-7,-7,-6,-7,-6,-7,-7,-8,-6,-7,-6,-7,-6,-8,-7,-7,-6,0,0,-8,-6,-8,-7,-7,-7,-7,-6,-7,-6,-8,-7,-7,-7,-7,-7,-7,-7,-6,-7,-6,-7,-6,-7,-5,-8,-5,-7,-5,-7,-4,-7,-4,-7,-4,-6,-3,-6,-3,-6,-3,-6,-3,-6,-2,-6,-2,-6,-2,-5,-1,-5,0,0,0,0,0,0,0,0,0,0,0,0,0,0,-15,52,-7,46,-8,47,-2,51,-6,51,-11,49,-5,48,-2,53,-5,43,-2,46,-3,46,-1,44,-2,46,-1,45,2,42,6,47,4,48,6,44,8,46,5,46,9,45,6,41,8,45,9,43,2,45,8,44,8,43,12,42,13,42,11,44,14,45,8,47,13,41,12,48,9,42,8,50,6,47,8,44,7,45,5,47,7,44,4,40,2,47,1,46,2,45,-1,41,-5,40,-1,37,-4,31,-10,31,-9,30,-4,28,-2,28,-5,26,-7,25,-8,22,-13,23,0,0,0,0,0,0,0,0,0,0,0,0,0,0,0,0,0,0,0,0,0,0,-54,-4,-55,-9,-51,-7,-55,-11,-50,-15,-50,-16,-50,-21,-53,-23,-58,-26,-59,-24,-57,-29,-59,-28,-57,-29,-59,-32,-57,-36,-53,-35,-64,-33,-55,-39,-57,-37,-51,-43,-52,-42,-55,-43,-49,-42,-50,-41,-46,-45,-46,-43,-43,-41,-47,-42,-43,-36,-46,-37,-40,-32,-46,-39,-42,-36,-43,-33,-47,-34,-42,-33,-42,-29,-44,-26,-44,-28,-46,-22,-49,-25,-49,-21,-51,-21,-49,-21,-43,-20,-49,-18,-49,-19,-54,-21,-52,-15,-46,-18,-53,-17,-52,-16,-55,-10,-49,-13,-59,-14,-52,-12,-53,-10,0,0]"
CSI_DATA,257,2a:00:00:00:00:00,-37,11,1,0,1,1,1,0,0,0,1,-96,0,11,2,3730116,0,44,0,384,0,"[0,0,0,0,0,0,0,0,0,0,0,0,6,-8,5,-8,5,-8,5,-8,5,-8,5,-7,5,-8,4,-8,4,-8,4,-8,4,-8,4,-8,4,-8,3,-8,3,-8,3,-9,3,-8,3,-8,2,-8,2,-9,2,-8,2,-9,3,-8,2,-9,2,-9,2,-9,0,0,2,-9,2,-9,2,-9,2,-9,2,-9,2,-9,2,-9,2,-9,3,-9,4,-9,4,-8,3,-8,4,-7,3,-7,4,-7,4,-7,3,-7,4,-6,4,-6,3,-5,4,-5,3,-5,3,-5,3,-4,4,-3,3,-3,0,0,0,0,0,0,0,0,0,0,0,0,0,0,-53,6,-54,1,-51,3,-49,5,-56,4,-48,2,-51,1,-50,6,-47,8,-45,9,-46,8,-50,11,-44,13,-40,11,-48,12,-45,17,-48,15,-40,14,-43,15,-45,14,-46,19,-42,15,-39,20,-42,19,-41,17,-43,19,-43,22,-38,24,-42,20,-42,23,-41,22,-45,19,-41,24,-40,19,-45,19,-40,18,-39,25,-46,18,-41,16,-44,15,-47,17,-40,12,-45,10,-43,11,-38,10,-42,7,-38,3,-39,8,-33,3,-34,-2,-34,-2,-33,-3,-32,-2,-29,-1,-29,-3,-25,-5,-25,-6,0,0,0,0,0,0,0,0,0,0,0,0,0,0,0,0,0,0,0,0,0,0,-19,-48,-12,-46,-8,-53,-6,-55,-6,-56,-1,-55,-1,-56,1,-59,-2,-61,6,-56,6,-62,5,-62,6,-68,8,-67,8,-67,15,-63,16,-61,16,-66,17,-64,23,-63,23,-59,24,-63,25,-60,20,-56,25,-59,24,-60,23,-60,25,-54,25,-58,18,-53,18,-52,21,-53,20,-54,19,-50,20,-51,19,-53,13,-51,11,-53,14,-50,7,-52,10,-49,5,-53,7,-49,3,-55,4,-47,9,-52,4,-57,1,-51,0,-53,2,-60,-2,-53,2,-60,3,-57,1,-56,-2,-53,-5,-54,-1,-59,0,0]"
CSI_DATA,258,2a:00:00:00:00:00,-37,11,1,0,1,1,1,0,0,0,1,-96,0,11,2,3751032,0,44,0,384,0,"[0,0,0,0,0,0,0,0,0,0,0,0,1,-9,1,-9,0,-9,1,-9,0,-9,1,-9,0,-9,0,-9,0,-9,-1,-9,0,-9,0,-9,-1,-9,-1,-9,-1,-8,-1,-9,-1,-9,-1,-8,-2,-8,-2,-8,-2,-8,-2,-9,-2,-8,-3,-9,-3,-9,-2,-9,0,0,-2,-9,-2,-9,-2,-9,-2,-9,-2,-9,-2,-9,-2,-9,-2,-9,-1,-9,-1,-9,0,-9,-1,-8,-1,-8,0,-8,1,-7,1,-7,0,-7,1,-7,1,-6,1,-6,1,-6,1,-6,1,-6,1,-5,2,-5,2,-5,0,0,0,0,0,0,0,0,0,0,0,0,0,0,-45,25,-46,27,-42,31,-41,29,-44,34,-38,26,-38,26,-41,29,-42,32,-33,31,-38,28,-34,31,-36,33,-33,33,-33,32,-33,30,-31,35,-28,32,-23,33,-31,35,-26,36,-26,32,-22,35,-27,40,-23,34,-28,38,-25,41,-23,38,-23,39,-22,42,-23,37,-29,41,-26,37,-22,39,-25,39,-26,37,-28,37,-28,35,-29,36,-31,31,-30,32,-31,35,-34,31,-27,30,-25,29,-33,27,-32,20,-29,22,-28,14,-27,17,-29,18,-26,14,-27,15,-26,14,-21,14,-25,8,-23,8,0,0,0,0,0,0,0,0,0,0,0,0,0,0,0,0,0,0,0,0,0,0,-35,-36,-31,-39,-32,-42,-30,-43,-33,-47,-28,-44,-26,-47,-27,-46,-28,-54,-28,-53,-26,-54,-28,-56,-28,-56,-23,-58,-22,-60,-14,-61,-15,-64,-13,-70,-13,-59,-12,-62,-12,-63,-10,-61,-8,-66,-8,-64,-8,-65,-9,-59,-7,-59,-6,-58,-3,-56,-10,-57,-10,-56,-7,-52,-8,-55,-9,-52,-10,-48,-10,-53,-13,-52,-17,-53,-17,-47,-15,-47,-17,-47,-18,-48,-23,-49,-21,-51,-23,-43,-20,-48,-21,-49,-22,-41,-27,-47,-28,-42,-22,-46,-32,-47,-25,-45,-30,-45,-28,-46,-27,-46,-28,-49,0,0]"
CSI_DATA,259,2a:00:00:00:00:00,-37,11,1,0,1,1,1,0,0,0,1,-96,0,11,2,3770053,0,44,0,384,0,"[0,0,0,0,0,0,0,0,0,0,0,0,8,3,8,3,8,2,8,3,8,2,8,2,8,1,8,1,8,1,8,1,8,1,8,1,8,1,8,1,8,1,8,0,8,0,8,0,8,0,8,0,8,0,8,-1,8,-1,8,-1,8,-1,8,-1,0,0,8,-1,9,-1,8,-1,9,-1,8,0,8,0,8,0,8,0,8,0,8,0,8,1,7,1,7,1,7,1,7,1,6,1,6,2,6,2,6,1,5,1,5,2,5,2,5,2,4,2,4,2,4,2,0,0,0,0,0,0,0,0,0,0,0,0,0,0,-14,-57,-10,-51,-19,-51,-14,-56,-16,-50,-17,-48,-16,-48,-16,-52,-16,-49,-12,-41,-23,-42,-19,-45,-22,-44,-23,-43,-15,-43,-25,-43,-21,-42,-23,-42,-21,-38,-28,-39,-29,-34,-25,-38,-29,-36,-29,-37,-27,-42,-28,-34,-28,-35,-33,-37,-31,-38,-34,-38,-28,-36,-31,-39,-32,-39,-32,-35,-30,-31,-30,-37,-34,-38,-29,-39,-29,-43,-28,-36,-30,-38,-23,-41,-22,-44,-18,-38,-20,-38,-17,-37,-16,-34,-15,-35,-10,-27,-13,-32,-10,-32,-9,-29,-5,-31,-9,-30,-3,-30,-4,-30,-4,-27,0,0,0,0,0,0,0,0,0,0,0,0,0,0,0,0,0,0,0,0,0,0,47,-22,47,-12,50,-13,52,-13,54,-12,52,-7,54,-10,53,-6,56,-7,61,-3,61,0,62,3,67,1,65,6,67,5,66,4,62,8,65,14,65,12,64,11,60,13,66,13,59,18,60,18,61,15,60,18,59,17,58,21,53,16,56,17,52,12,56,14,54,12,53,13,58,12,52,9,49,5,53,3,53,4,53,4,49,-1,52,-1,51,-1,54,-4,50,-2,44,-9,53,-7,53,-8,51,-8,54,-6,50,-7,50,-8,56,-8,52,-11,53,-13,53,-11,54,-15,0,0]"
CSI_DATA,260,2a:00:00:00:00:00,-37,11,1,0,1,1,1,0,0,0,1,-96,0,11,2,3790209,0,44,0,384,0,"[0,0,0,0,0,0,0,0,0,0,0,0,-2,-10,-2,-10,-2,-10,-2,-10,-2,-9,-2,-9,-2,-9,-2,-9,-3,-9,-3,-9,-3,-9,-3,-9,-4,-9,-4,-8,-4,-8,-4,-8,-4,-8,-4,-8,-5,-8,-5,-8,-4,-8,-5,-8,-4,-8,-6,-8,-5,-8,-5,-8,0,0,-5,-8,-5,-8,-6,-8,-5,-8,-5,-9,-5,-9,-5,-9,-4,-9,-4,-9,-4,-9,-4,-9,-4,-8,-3,-8,-3,-8,-2,-8,-2,-8,-2,-8,-2,-7,-1,-7,-1,-7,-1,-7,-1,-6,-1,-6,-1,-6,0,-6,0,-5,0,0,0,0,0,0,0,0,0,0,0,0,0,0,-32,49,-33,38,-33,45,-25,44,-31,44,-30,42,-29,40,-26,45,-25,42,-25,40,-23,37,-23,41,-20,41,-18,44,-20,41,-12,43,-11,46,-14,46,-15,41,-12,40,-12,46,-16,41,-8,46,-11,42,-8,44,-11,44,-9,45,-7,44,-3,48,-5,45,-8,42,-10,46,-8,48,-6,46,-8,44,-8,44,-9,46,-9,43,-10,48,-13,47,-13,42,-21,42,-15,42,-14,41,-15,41,-17,38,-17,30,-19,36,-19,29,-18,28,-16,29,-20,25,-18,25,-18,22,-18,18,-18,18,-23,15,0,0,0,0,0,0,0,0,0,0,0,0,0,0,0,0,0,0,0,0,0,0,-45,-25,-43,-33,-45,-33,-41,-37,-42,-39,-42,-38,-42,-42,-43,-42,-42,-45,-43,-44,-36,-50,-39,-47,-46,-51,-37,-50,-33,-54,-36,-57,-40,-61,-31,-60,-32,-61,-31,-62,-29,-60,-30,-61,-31,-60,-26,-56,-24,-58,-26,-52,-21,-59,-20,-57,-21,-55,-25,-53,-25,-54,-23,-55,-22,-49,-26,-46,-30,-48,-25,-48,-27,-47,-31,-44,-32,-42,-34,-39,-31,-44,-34,-44,-31,-40,-37,-40,-30,-34,-41,-39,-38,-39,-40,-37,-42,-32,-42,-37,-41,-35,-44,-36,-41,-32,-43,-38,-43,-40,-47,-35,-41,-34,0,0]"
CSI_DATA,261,2a:00:00:00:00:00,-37,11,1,0,1,1,1,0,0,0,1,-96,0,11,2,3810019,0,44,0,384,0,"[0,0,0,0,0,0,0,0,0,0,0,0,1,9,1,8,2,9,2,9,2,8,2,8,2,8,3,8,2,7,3,8,2,8,3,8,3,8,3,7,3,7,3,7,3,7,4,7,4,7,4,7,4,7,4,7,4,7,5,7,5,7,4,7,0,0,4,7,5,7,5,7,4,7,4,7,5,7,4,7,4,7,4,7,3,7,3,7,3,7,2,7,3,7,2,7,2,6,2,7,1,6,1,6,1,5,0,5,1,5,0,5,0,5,-1,5,-1,4,0,0,0,0,0,0,0,0,0,0,0,0,0,0,35,-44,36,-43,28,-46,30,-37,29,-50,22,-40,28,-46,27,-44,21,-45,19,-45,22,-41,21,-43,20,-41,21,-43,17,-45,16,-41,20,-49,16,-47,11,-44,11,-41,11,-42,8,-43,7,-46,11,-46,11,-41,9,-46,11,-46,8,-46,7,-49,5,-47,8,-48,8,-49,8,-49,2,-46,8,-45,10,-41,5,-45,14,-47,7,-46,17,-47,13,-45,15,-42,16,-39,12,-44,15,-48,17,-37,15,-35,16,-35,16,-29,13,-29,20,-26,17,-27,15,-28,18,-25,18,-26,17,-21,21,-17,0,0,0,0,0,0,0,0,0,0,0,0,0,0,0,0,0,0,0,0,0,0,44,29,42,30,43,40,39,40,41,42,33,36,33,42,32,43,36,49,39,49,31,52,33,51,34,56,38,58,30,54,36,61,32,59,27,62,31,56,24,60,19,58,26,66,24,61,21,56,18,59,20,61,17,58,18,56,19,52,21,51,18,52,19,51,23,46,17,50,22,48,27,49,25,46,27,46,28,47,30,45,27,42,32,43,27,44,35,43,32,40,35,35,36,38,35,38,40,32,38,37,37,39,46,42,43,32,40,31,42,39,47,31,46,33,0,0]"
CSI_DATA,262,2a:00:00:00:00:00,-37,11,1,0,1,1,1,0,0,0,1,-96,0,11,2,3821036,0,44,0,384,0,"[0,0,0,0,0,0,0,0,0,0,0,0,7,-6,6,-6,6,-6,6,-6,6,-6,6,-6,6,-7,5,-7,6,-7,5,-7,6,-7,5,-7,5,-7,5,-7,4,-7,4,-8,4,-8,4,-7,4,-7,4,-7,4,-7,4,-8,4,-8,3,-8,4,-8,4,-8,0,0,4,-9,3,-8,3,-8,4,-9,4,-8,4,-8,4,-8,4,-8,5,-8,5,-8,5,-7,4,-7,4,-6,5,-6,5,-6,5,-6,4,-5,5,-5,5,-5,4,-4,5,-4,4,-4,4,-4,4,-3,4,-3,4,-3,0,0,0,0,0,0,0,0,0,0,0,0,0,0,-57,-14,-50,-19,-54,-11,-53,-9,-52,-9,-50,-5,-46,-7,-53,-6,-46,-3,-47,-3,-47,0,-48,1,-52,3,-43,3,-51,3,-47,6,-50,5,-46,9,-45,6,-43,8,-50,12,-45,6,-42,13,-43,9,-46,8,-43,12,-40,11,-43,16,-44,12,-46,17,-47,17,-45,14,-44,9,-47,11,-44,11,-44,11,-43,9,-44,11,-43,8,-45,10,-45,9,-49,7,-45,3,-44,7,-42,1,-39,-1,-40,4,-40,-1,-36,0,-36,-5,-35,-3,-33,-7,-31,-3,-29,-4,-24,-6,-26,-6,-28,-12,0,0,0,0,0,0,0,0,0,0,0,0,0,0,0,0,0,0,0,0,0,0,11,-56,11,-54,15,-52,20,-53,20,-50,22,-51,25,-48,23,-53,27,-54,27,-57,30,-55,29,-55,32,-58,40,-56,44,-52,39,-51,39,-57,42,-55,43,-55,45,-52,44,-49,49,-49,41,-50,42,-43,45,-47,41,-49,42,-44,42,-42,43,-42,41,-41,38,-42,43,-41,36,-41,33,-41,35,-42,33,-46,28,-39,29,-42,26,-43,23,-47,27,-45,20,-49,22,-46,21,-51,20,-46,16,-41,18,-46,16,-49,18,-48,14,-54,13,-52,10,-53,13,-56,12,-54,15,-58,13,-58,13,-55,0,0]"
CSI_DATA,263,2a:00:00:00:00:00,-37,11,1,0,1,1,1,0,0,0,1,-96,0,11,2,3840026,0,44,0,384,0,"[0,0,0,0,0,0,0,0,0,0,0,0,-1,9,-1,9,0,9,-1,9,0,9,-1,8,0,8,0,8,0,8,1,8,0,8,1,8,1,8,1,8,1,8,1,8,2,7,2,8,2,7,2,8,2,8,2,8,2,8,3,7,3,8,3,8,0,0,3,8,3,8,3,8,3,8,3,8,3,8,3,8,2,8,2,8,2,8,1,8,1,8,1,8,1,7,0,7,0,7,0,7,-1,6,0,6,-1,5,-1,6,-1,5,-1,5,-1,5,-2,5,-1,4,0,0,0,0,0,0,0,0,0,0,0,0,0,0,42,-28,43,-26,44,-33,42,-29,42,-30,39,-27,41,-35,37,-34,38,-37,33,-28,33,-28,33,-33,32,-34,31,-36,32,-32,29,-34,29,-35,26,-34,25,-35,26,-37,26,-37,24,-38,22,-36,22,-37,22,-36,25,-42,23,-40,19,-43,20,-41,23,-42,23,-40,24,-42,23,-40,20,-43,25,-41,19,-36,20,-40,24,-42,24,-41,23,-35,29,-36,23,-34,26,-36,24,-34,28,-29,28,-32,24,-27,25,-30,25,-19,25,-22,27,-22,24,-19,24,-17,23,-18,23,-18,22,-13,23,-12,0,0,0,0,0,0,0,0,0,0,0,0,0,0,0,0,0,0,0,0,0,0,21,50,19,47,19,48,18,51,16,56,16,53,14,56,9,56,8,62,12,63,9,60,9,64,11,62,9,63,3,61,2,69,1,63,-3,70,1,61,-5,65,-6,65,-7,67,-4,66,-2,63,-2,61,-2,62,-3,60,-5,58,-3,55,-5,58,-1,56,-1,54,-2,54,0,48,-1,53,3,54,2,51,7,46,12,46,9,53,9,47,15,49,11,49,14,50,16,45,20,41,16,52,17,50,21,46,21,47,26,46,29,45,23,54,22,50,29,44,23,46,29,44,0,0]"
CSI_DATA,264,2a:00:00:00:00:00,-37,11,1,0,1,1,1,0,0,0,1,-96,0,11,2,3850087,0,44,0,384,0,"[0,0,0,0,0,0,0,0,0,0,0,0,6,6,6,6,6,6,6,6,6,6,6,5,6,5,6,5,6,5,6,5,6,5,7,4,7,4,7,4,7,4,7,4,7,3,6,3,7,3,7,3,7,4,7,3,7,3,7,3,8,3,7,3,0,0,7,3,8,4,8,4,7,3,7,4,8,4,7,4,7,4,7,4,7,4,6,4,6,5,6,5,6,5,5,4,5,4,5,5,4,4,4,4,3,4,3,4,3,4,3,4,2,4,2,4,2,4,0,0,0,0,0,0,0,0,0,0,0,0,0,0,8,-50,3,-56,1,-52,7,-52,3,-52,5,-50,1,-52,0,-50,-3,-50,-4,-45,-2,-46,-7,-44,-7,-49,-2,-47,-6,-48,-13,-49,-12,-48,-12,-43,-13,-44,-13,-42,-12,-42,-9,-45,-16,-42,-14,-43,-12,-43,-11,-46,-16,-40,-16,-45,-21,-48,-18,-42,-14,-41,-20,-44,-19,-45,-18,-41,-19,-47,-11,-45,-15,-46,-15,-48,-14,-50,-12,-42,-12,-43,-10,-43,-6,-43,-9,-43,-2,-40,-1,-38,-5,-35,-6,-38,0,-30,-2,-33,1,-30,1,-30,7,-32,6,-29,5,-28,5,-27,6,-26,0,0,0,0,0,0,0,0,0,0,0,0,0,0,0,0,0,0,0,0,0,0,49,5,48,9,50,11,51,15,53,17,49,18,52,17,52,23,58,24,54,20,55,25,57,24,57,26,57,30,52,35,55,32,59,33,54,39,51,36,54,36,49,42,53,43,48,42,50,41,46,38,50,35,42,35,45,36,42,36,45,31,42,33,46,34,42,34,41,31,42,33,43,28,43,30,45,25,47,20,46,17,46,23,48,16,46,21,51,17,48,16,46,14,48,14,51,8,51,10,52,8,53,8,50,7,51,12,51,3,59,6,57,8,55,9,0,0]"
CSI_DATA,265,2a:00:00:00:00:00,-37,11,1,0,1,1,1,0,0,0,1,-96,0,11,2,3860647,0,44,0,384,0,"[0,0,0,0,0,0,0,0,0,0,0,0,6,-7,5,-7,5,-7,5,-7,5,-7,5,-7,5,-7,4,-7,4,-8,4,-8,4,-7,4,-8,3,-8,3,-8,3,-7,3,-8,3,-8,3,-8,2,-8,2,-8,3,-8,3,-8,3,-8,2,-8,2,-8,3,-9,0,0,2,-9,2,-8,2,-9,3,-9,3,-8,2,-8,3,-8,3,-8,4,-8,4,-8,4,-8,4,-7,3,-7,3,-7,4,-6,4,-6,3,-6,4,-5,4,-5,4,-5,4,-5,3,-4,3,-4,3,-4,4,-3,3,-3,0,0,0,0,0,0,0,0,0,0,0,0,0,0,-57,6,-57,1,-56,10,-51,10,-54,11,-50,10,-50,7,-48,11,-47,8,-45,12,-47,11,-50,13,-51,11,-46,16,-48,14,-46,17,-47,17,-44,14,-50,18,-42,22,-46,23,-40,19,-40,23,-39,22,-44,21,-44,22,-41,21,-38,25,-42,23,-43,27,-42,24,-47,25,-39,21,-41,25,-44,25,-42,21,-42,28,-42,24,-46,19,-42,20,-41,17,-41,15,-42,18,-45,16,-40,14,-39,11,-38,1,-35,9,-35,4,-33,5,-36,4,-27,1,-28,6,-25,0,-24,2,-30,-2,-26,-3,0,0,0,0,0,0,0,0,0,0,0,0,0,0,0,0,0,0,0,0,0,0,-9,-55,0,-54,-6,-54,-2,-57,0,-56,3,-57,5,-59,0,-61,11,-62,11,-58,13,-63,16,-64,16,-67,19,-70,19,-67,23,-64,20,-64,18,-66,20,-66,26,-60,29,-63,30,-66,30,-60,29,-58,30,-62,30,-56,29,-58,28,-58,21,-55,21,-55,23,-53,24,-53,19,-51,21,-51,18,-48,20,-51,15,-51,13,-53,11,-49,10,-54,10,-53,6,-57,7,-52,0,-55,4,-51,3,-53,4,-55,1,-51,-2,-52,0,-52,-1,-54,-1,-58,2,-61,2,-48,0,-62,-5,-54,-8,-59,0,0]"
CSI_DATA,266,2a:00:00:00:00:00,-37,11,1,0,1,1,1,0,0,0,1,-96,0,11,2,3870225,0,44,0,384,0,"[0,0,0,0,0,0,0,0,0,0,0,0,6,-7,6,-8,5,-7,6,-7,5,-7,5,-7,5,-7,5,-7,5,-7,3,-7,4,-8,4,-8,3,-8,3,-8,3,-8,3,-8,3,-8,3,-7,2,-8,3,-8,3,-8,3,-8,3,-8,2,-8,2,-8,3,-9,0,0,3,-9,2,-8,2,-9,3,-8,3,-8,3,-8,3,-8,3,-8,4,-8,4,-7,4,-8,3,-7,3,-7,4,-7,4,-6,4,-6,4,-6,4,-5,4,-5,4,-4,4,-4,3,-4,3,-4,3,-4,4,-3,3,-3,0,0,0,0,0,0,0,0,0,0,0,0,0,0,-57,-2,-53,0,-50,2,-53,0,-55,0,-50,-2,-49,-1,-51,0,-47,3,-47,4,-46,0,-45,7,-48,7,-43,6,-47,5,-49,13,-48,12,-47,10,-46,9,-48,11,-45,12,-46,9,-45,14,-43,14,-38,13,-43,14,-43,15,-42,16,-43,17,-43,21,-44,17,-43,18,-38,14,-40,18,-43,18,-47,15,-46,13,-41,14,-46,11,-44,12,-43,6,-44,9,-44,4,-40,7,-42,5,-39,3,-34,-2,-38,0,-36,-2,-35,-3,-30,-4,-32,1,-31,-2,-27,-3,-24,-3,-23,-5,-23,-7,0,0,0,0,0,0,0,0,0,0,0,0,0,0,0,0,0,0,0,0,0,0,-3,-54,4,-53,5,-55,8,-54,9,-55,9,-52,11,-56,13,-55,16,-59,15,-55,23,-61,18,-60,24,-62,24,-69,26,-61,33,-58,32,-56,30,-60,27,-59,35,-57,33,-56,35,-57,31,-53,34,-54,37,-54,34,-53,36,-52,31,-50,35,-50,32,-49,31,-48,30,-51,28,-48,26,-47,24,-47,29,-48,22,-46,20,-49,18,-47,17,-49,19,-49,11,-49,13,-52,15,-52,14,-52,5,-50,7,-56,8,-55,9,-56,6,-50,8,-52,7,-55,13,-59,2,-52,4,-54,3,-53,3,-51,0,0]"
CSI_DATA,267,2a:00:00:00:00:00,-37,11,1,0,1,1,1,0,0,0,1,-96,0,11,2,3891124,0,44,0,384,0,"[0,0,0,0,0,0,0,0,0,0,0,0,2,-10,2,-10,1,-9,1,-10,1,-10,1,-9,1,-9,0,-9,0,-9,0,-9,0,-9,0,-9,0,-9,0,-9,-1,-9,-1,-9,-1,-9,-1,-9,-2,-9,-2,-9,-1,-9,-2,-9,-1,-9,-2,-9,-2,-9,-2,-9,0,0,-2,-9,-2,-9,-2,-9,-2,-9,-2,-9,-2,-9,-2,-9,-2,-9,-1,-9,-1,-9,0,-9,0,-9,0,-8,0,-8,0,-8,1,-7,0,-7,1,-7,1,-7,1,-6,1,-6,1,-6,1,-6,1,-5,2,-5,2,-5,0,0,0,0,0,0,0,0,0,0,0,0,0,0,-53,20,-50,22,-47,23,-44,23,-50,27,-46,23,-43,26,-48,26,-45,24,-37,27,-40,25,-39,30,-41,27,-35,28,-38,24,-34,28,-36,30,-37,31,-36,30,-34,33,-32,36,-33,30,-28,32,-30,32,-29,30,-31,30,-29,33,-27,36,-27,39,-31,38,-27,35,-31,34,-26,34,-24,32,-28,35,-32,35,-31,36,-32,36,-30,36,-35,32,-32,33,-36,28,-32,27,-32,28,-33,27,-33,24,-29,20,-31,20,-29,13,-28,15,-29,17,-28,14,-28,12,-27,12,-21,10,-22,10,-24,8,0,0,0,0,0,0,0,0,0,0,0,0,0,0,0,0,0,0,0,0,0,0,-21,-50,-19,-50,-16,-53,-14,-55,-16,-54,-13,-54,-10,-56,-8,-59,-10,-64,-6,-57,-9,-65,-8,-61,-3,-67,-6,-67,1,-66,7,-69,6,-67,4,-65,2,-64,10,-70,8,-67,11,-70,11,-63,10,-63,9,-62,10,-63,7,-61,5,-61,7,-56,8,-59,7,-54,4,-53,5,-56,4,-55,4,-53,2,-51,-3,-52,1,-52,-1,-54,-7,-54,-8,-55,-10,-48,-9,-52,-10,-54,-13,-50,-17,-47,-8,-51,-16,-49,-18,-53,-18,-51,-20,-53,-23,-51,-23,-53,-21,-47,-22,-55,-19,-53,-28,-55,0,0]"
CSI_DATA,268,2a:00:00:00:00:00,-37,11,1,0,1,1,1,0,0,0,1,-96,0,11,2,3900529,0,44,0,384,0,"[0,0,0,0,0,0,0,0,0,0,0,0,4,8,4,7,4,7,4,7,4,7,3,7,4,7,4,6,4,6,4,6,4,6,4,6,5,6,5,6,4,5,5,5,5,5,5,5,5,5,5,5,5,5,6,5,5,5,6,5,6,5,6,5,0,0,6,5,6,5,6,5,6,5,6,5,6,5,6,5,5,5,5,5,5,5,4,5,4,6,4,5,3,5,3,5,3,5,3,5,2,5,2,4,2,4,2,4,2,4,1,4,1,4,1,4,1,4,0,0,0,0,0,0,0,0,0,0,0,0,0,0,7,-51,4,-54,-2,-55,1,-50,1,-51,-1,-45,1,-51,-2,-49,4,-48,-2,-47,-4,-47,-4,-42,-8,-47,-6,-49,-3,-47,-12,-47,-6,-46,-10,-41,-13,-41,-14,-44,-13,-46,-8,-41,-18,-41,-13,-43,-14,-40,-13,-45,-14,-44,-17,-41,-16,-40,-18,-41,-12,-44,-13,-43,-19,-39,-19,-42,-15,-42,-13,-46,-16,-39,-19,-42,-16,-43,-12,-44,-7,-42,-8,-40,-8,-43,-5,-42,-4,-41,-7,-37,-2,-34,-1,-38,0,-31,-3,-29,1,-28,0,-29,3,-29,4,-27,3,-29,4,-23,6,-22,0,0,0,0,0,0,0,0,0,0,0,0,0,0,0,0,0,0,0,0,0,0,53,3,52,3,48,6,54,9,50,15,55,14,54,15,52,15,51,18,53,16,56,25,55,26,57,22,58,24,58,30,55,30,57,30,53,31,55,31,54,37,54,38,54,38,48,36,49,36,46,38,51,36,47,39,45,34,45,29,47,34,42,34,48,31,49,27,43,27,50,29,43,24,42,20,46,23,43,21,50,18,49,16,48,12,49,16,50,13,47,13,50,15,45,12,48,12,52,10,50,13,49,5,52,8,54,9,48,7,55,6,54,3,50,3,0,0]"
CSI_DATA,269,2a:00:00:00:00:00,-37,11,1,0,1,1,1,0,0,0,1,-96,0,11,2,3910036,0,44,0,384,0,"[0,0,0,0,0,0,0,0,0,0,0,0,-6,7,-5,7,-5,7,-5,7,-5,7,-5,7,-4,7,-4,7,-4,7,-4,7,-5,7,-4,7,-4,7,-3,7,-3,7,-3,8,-3,7,-3,7,-2,7,-2,7,-2,7,-2,8,-3,8,-2,8,-2,8,-2,8,0,0,-2,8,-2,8,-2,8,-3,8,-2,8,-2,8,-2,8,-2,8,-3,7,-4,7,-4,7,-3,6,-4,6,-4,6,-4,6,-4,5,-4,6,-4,5,-4,4,-4,4,-4,4,-3,4,-4,4,-4,3,-4,3,-4,2,0,0,0,0,0,0,0,0,0,0,0,0,0,0,52,-20,51,-25,48,-26,51,-21,50,-20,46,-16,42,-20,50,-20,42,-22,38,-23,36,-26,41,-24,38,-28,40,-27,41,-24,38,-29,33,-24,36,-24,33,-24,34,-29,36,-36,35,-28,29,-36,32,-29,31,-26,27,-33,33,-34,32,-34,31,-34,35,-35,33,-29,34,-36,33,-36,29,-32,31,-38,33,-32,32,-34,32,-37,33,-32,33,-28,37,-29,37,-24,36,-24,33,-27,35,-18,32,-21,33,-16,32,-18,30,-14,28,-14,28,-11,28,-13,22,-14,22,-9,24,-10,24,-5,25,-1,0,0,0,0,0,0,0,0,0,0,0,0,0,0,0,0,0,0,0,0,0,0,17,44,20,49,21,50,18,53,16,56,15,50,17,53,13,56,14,56,10,61,5,64,5,63,10,67,0,65,1,63,2,66,3,66,-6,68,-5,67,-2,67,-6,67,-4,65,-12,67,-9,63,-12,65,-10,60,-13,58,-8,57,-8,59,-6,60,-10,59,-6,55,-5,56,-4,52,-2,56,0,53,-1,51,-1,54,2,54,6,51,4,51,12,55,7,49,10,54,12,47,15,47,15,48,13,50,16,46,16,54,16,47,17,50,16,53,21,51,16,53,17,51,22,53,0,0]"
CSI_DATA,270,2a:00:00:00:00:00,-37,11,1,0,1,1,1,0,0,0,1,-96,0,11,2,3920379,0,44,0,384,0,"[0,0,0,0,0,0,0,0,0,0,0,0,-9,-4,-9,-4,-9,-3,-9,-4,-8,-4,-9,-3,-9,-3,-9,-3,-9,-3,-8,-3,-9,-3,-9,-2,-9,-2,-9,-2,-9,-2,-9,-2,-9,-2,-8,-2,-9,-2,-9,-2,-8,-2,-9,-2,-8,-1,-9,-1,-9,-1,-9,-1,0,0,-9,-1,-9,-2,-9,-1,-9,-1,-9,-2,-9,-2,-9,-2,-8,-2,-9,-3,-8,-2,-8,-2,-8,-3,-7,-3,-7,-3,-7,-3,-7,-3,-6,-3,-6,-3,-6,-3,-5,-3,-5,-4,-5,-4,-4,-3,-4,-4,-4,-4,-4,-4,0,0,0,0,0,0,0,0,0,0,0,0,0,0,1,56,3,50,0,50,4,52,4,54,4,47,4,51,6,48,7,51,6,47,9,46,8,47,10,46,12,48,11,41,10,42,12,45,12,42,15,44,13,46,18,40,16,42,15,38,20,43,16,39,16,41,17,43,17,37,18,42,20,40,20,40,17,44,20,43,19,42,20,42,16,42,16,44,14,43,13,45,15,36,11,44,9,40,9,45,6,42,7,40,7,34,2,36,-1,37,2,28,2,28,-1,29,-1,28,-1,30,-5,27,-10,25,-8,26,-9,24,0,0,0,0,0,0,0,0,0,0,0,0,0,0,0,0,0,0,0,0,0,0,-52,18,-54,12,-54,6,-55,8,-58,7,-52,4,-59,3,-59,-1,-63,-2,-62,-5,-62,-3,-66,-7,-66,-8,-69,-9,-64,-13,-66,-15,-68,-13,-62,-19,-61,-15,-59,-21,-65,-23,-63,-23,-60,-24,-56,-24,-61,-26,-59,-24,-53,-26,-56,-24,-55,-23,-53,-23,-53,-20,-52,-19,-50,-19,-53,-20,-52,-17,-55,-19,-49,-17,-49,-12,-50,-12,-52,-8,-52,-11,-54,-3,-48,-4,-52,-2,-49,-6,-59,0,-50,-1,-54,2,-56,2,-53,-2,-56,-1,-57,1,-53,-1,-53,2,-58,-1,-58,7,-55,8,0,0]"
CSI_DATA,271,2a:00:00:00:00:00,-37,11,1,0,1,1,1,0,0,0,1,-96,0,11,2,3930281,0,44,0,384,0,"[0,0,0,0,0,0,0,0,0,0,0,0,1,-9,1,-9,0,-10,1,-10,0,-9,1,-9,0,-9,0,-9,0,-9,0,-9,0,-9,0,-9,-1,-9,-1,-9,-1,-8,-1,-9,-2,-9,-1,-8,-2,-8,-2,-9,-2,-8,-2,-8,-1,-9,-2,-9,-2,-9,-2,-9,0,0,-2,-9,-3,-9,-3,-9,-2,-9,-2,-9,-2,-9,-2,-9,-2,-9,-1,-9,-1,-9,0,-9,-1,-8,0,-8,0,-8,0,-7,0,-7,0,-7,1,-6,0,-6,1,-6,1,-6,0,-6,1,-6,1,-5,1,-5,2,-4,0,0,0,0,0,0,0,0,0,0,0,0,0,0,-36,35,-29,38,-33,44,-35,37,-31,42,-33,38,-29,39,-31,39,-24,38,-28,36,-28,38,-20,38,-26,41,-23,43,-24,37,-20,45,-22,43,-19,42,-19,43,-18,40,-16,46,-21,40,-14,39,-10,44,-14,42,-16,39,-12,39,-13,45,-13,44,-9,43,-13,47,-12,43,-13,44,-11,51,-15,42,-13,47,-13,43,-11,44,-15,43,-21,38,-18,41,-22,36,-22,37,-21,37,-18,32,-21,33,-17,33,-19,29,-21,26,-22,25,-20,25,-20,22,-23,24,-19,22,-21,16,-18,17,-23,16,0,0,0,0,0,0,0,0,0,0,0,0,0,0,0,0,0,0,0,0,0,0,-39,-33,-39,-37,-39,-37,-41,-44,-33,-44,-35,-40,-39,-41,-35,-45,-38,-51,-34,-49,-34,-55,-35,-52,-39,-54,-31,-57,-32,-60,-23,-63,-32,-62,-24,-60,-27,-61,-25,-61,-26,-62,-25,-64,-23,-63,-15,-61,-18,-59,-20,-64,-17,-61,-18,-62,-15,-57,-16,-57,-15,-52,-20,-54,-18,-50,-22,-50,-22,-52,-26,-50,-24,-48,-24,-47,-24,-44,-28,-45,-26,-44,-31,-42,-32,-43,-31,-40,-28,-41,-28,-40,-33,-42,-34,-36,-36,-39,-36,-38,-36,-32,-39,-38,-38,-40,-38,-37,-44,-39,-46,-37,-39,-34,0,0]"
CSI_DATA,272,2a:00:00:00:00:00,-37,11,1,0,1,1,1,0,0,0,1,-96,0,11,2,3941647,0,44,0,384,0,"[0,0,0,0,0,0,0,0,0,0,0,0,-5,-9,-5,-9,-5,-9,-5,-9,-5,-8,-5,-8,-5,-8,-5,-8,-5,-8,-5,-8,-6,-8,-6,-7,-6,-8,-6,-7,-6,-7,-6,-7,-6,-7,-6,-6,-7,-7,-7,-7,-7,-7,-7,-7,-6,-6,-7,-6,-7,-7,-7,-6,0,0,-7,-6,-7,-7,-7,-7,-7,-6,-7,-7,-7,-7,-7,-7,-7,-7,-6,-7,-6,-7,-6,-7,-5,-7,-5,-7,-5,-7,-4,-7,-4,-6,-4,-7,-4,-6,-3,-6,-3,-6,-3,-6,-3,-6,-2,-6,-2,-6,-2,-5,-1,-5,0,0,0,0,0,0,0,0,0,0,0,0,0,0,-17,56,-15,49,-16,47,-16,50,-17,47,-12,46,-16,47,-15,51,-10,39,-12,44,-12,45,-7,41,-7,44,-7,47,-6,49,-4,47,0,47,0,45,-4,47,0,40,-1,47,-4,44,1,47,-1,41,0,45,2,45,-1,42,10,49,7,46,6,44,0,45,5,48,2,46,2,45,5,44,6,46,-1,43,4,45,1,50,-1,45,-3,40,-2,39,-8,42,-4,41,-12,38,-7,36,-9,34,-8,33,-8,31,-8,30,-10,29,-9,29,-8,28,-11,21,-16,26,-9,20,-15,20,0,0,0,0,0,0,0,0,0,0,0,0,0,0,0,0,0,0,0,0,0,0,-49,-12,-48,-16,-52,-15,-53,-18,-51,-25,-52,-23,-46,-27,-47,-31,-53,-30,-52,-32,-50,-36,-46,-34,-57,-38,-50,-41,-53,-43,-50,-40,-57,-46,-50,-45,-46,-47,-46,-49,-44,-48,-46,-52,-42,-50,-47,-48,-40,-50,-43,-45,-39,-47,-38,-46,-37,-46,-41,-46,-40,-39,-36,-44,-37,-41,-35,-37,-38,-42,-39,-36,-37,-35,-44,-32,-40,-32,-43,-33,-41,-30,-46,-28,-44,-30,-47,-27,-44,-26,-50,-19,-49,-23,-49,-25,-48,-22,-49,-26,-49,-19,-52,-15,-50,-20,-51,-18,-56,-18,-51,-17,-52,-17,0,0]"
CSI_DATA,273,2a:00:00:00:00:00,-37,11,1,0,1,1,1,0,0,0,1,-96,0,11,2,3950654,0,44,0,384,0,"[0,0,0,0,0,0,0,0,0,0,0,0,9,-3,9,-3,8,-3,8,-3,8,-3,8,-3,8,-4,8,-4,8,-4,7,-4,8,-4,8,-4,7,-4,7,-4,7,-4,7,-4,7,-5,7,-4,7,-5,7,-5,6,-5,7,-5,7,-5,6,-5,7,-5,7,-5,0,0,7,-6,7,-5,7,-5,7,-5,7,-5,7,-5,7,-5,7,-4,7,-4,7,-4,8,-4,7,-3,7,-3,6,-3,7,-2,7,-2,6,-2,6,-2,6,-2,5,-1,6,-1,5,-1,5,-1,4,0,5,0,4,0,0,0,0,0,0,0,0,0,0,0,0,0,0,0,-50,-31,-40,-27,-45,-27,-46,-23,-48,-23,-43,-24,-47,-23,-48,-22,-46,-19,-46,-20,-42,-17,-42,-15,-46,-15,-47,-18,-44,-17,-48,-17,-47,-16,-42,-11,-44,-8,-45,-11,-45,-5,-45,-7,-47,-6,-43,-5,-41,-11,-46,-7,-47,-4,-48,0,-42,-9,-45,-5,-48,-6,-47,-4,-44,-3,-46,-4,-47,-6,-45,-11,-47,-11,-44,-11,-47,-10,-42,-8,-46,-8,-40,-13,-40,-13,-38,-13,-35,-15,-37,-14,-35,-10,-34,-14,-30,-13,-31,-16,-28,-15,-28,-17,-24,-10,-23,-17,-20,-12,-18,-15,-16,-16,0,0,0,0,0,0,0,0,0,0,0,0,0,0,0,0,0,0,0,0,0,0,21,-50,25,-44,26,-47,28,-47,33,-48,31,-47,31,-46,35,-48,35,-49,36,-48,41,-46,45,-42,42,-48,51,-42,50,-44,54,-41,50,-41,50,-37,51,-35,53,-44,58,-39,56,-35,55,-34,53,-33,55,-30,52,-30,53,-29,48,-32,50,-28,48,-29,45,-27,46,-36,43,-28,43,-31,46,-34,40,-34,42,-31,40,-32,40,-32,37,-36,33,-35,36,-39,36,-35,31,-41,32,-39,33,-39,30,-44,26,-45,32,-41,29,-43,32,-44,30,-45,30,-43,28,-47,29,-47,32,-48,31,-51,0,0]"
CSI_DATA,274,2a:00:00:00:00:00,-37,11,1,0,1,1,1,0,0,0,1,-96,0,11,2,3960160,0,44,0,384,0,"[0,0,0,0,0,0,0,0,0,0,0,0,7,6,7,5,7,5,7,6,6,5,6,5,6,4,7,4,7,4,7,4,7,4,7,4,7,4,7,4,7,4,7,3,7,3,7,3,7,3,7,3,7,3,7,3,7,3,7,3,8,3,7,2,0,0,8,3,8,3,8,3,7,3,7,4,7,4,7,4,7,4,7,4,7,4,6,4,6,4,6,4,6,5,5,4,5,4,4,4,4,4,4,4,3,4,3,4,3,4,2,4,2,4,2,4,2,4,0,0,0,0,0,0,0,0,0,0,0,0,0,0,-8,-54,-5,-55,-10,-54,-9,-49,-8,-53,-10,-49,-10,-47,-14,-49,-14,-49,-9,-45,-13,-47,-17,-44,-13,-45,-11,-43,-12,-47,-22,-42,-16,-44,-19,-39,-18,-44,-17,-38,-23,-44,-17,-41,-22,-42,-20,-36,-21,-42,-22,-38,-21,-40,-21,-40,-23,-41,-25,-40,-24,-37,-27,-42,-24,-41,-22,-40,-21,-37,-18,-38,-25,-43,-23,-44,-20,-43,-19,-38,-15,-37,-14,-41,-18,-43,-12,-42,-8,-38,-9,-37,-12,-36,-5,-39,-5,-33,-6,-30,-6,-31,-1,-28,-4,-30,-2,-28,-2,-28,3,-26,6,-24,0,0,0,0,0,0,0,0,0,0,0,0,0,0,0,0,0,0,0,0,0,0,47,-16,47,-11,51,-12,55,-9,50,-10,55,-5,57,-8,60,-1,58,-1,58,-1,59,3,63,3,64,3,66,7,61,7,65,9,64,13,63,16,63,16,64,17,57,20,62,21,61,23,57,21,57,25,59,21,55,19,55,18,52,22,56,16,50,20,55,13,52,14,50,13,51,13,52,9,45,9,51,10,48,8,45,0,49,5,51,0,49,5,57,1,47,1,55,-3,53,-3,48,-3,52,-3,53,-2,56,-5,57,-9,54,-7,55,-11,53,-4,56,-9,58,-5,0,0]"
CSI_DATA,275,2a:00:00:00:00:00,-37,11,1,0,1,1,1,0,0,0,1,-96,0,11,2,3970060,0,44,0,384,0,"[0,0,0,0,0,0,0,0,0,0,0,0,-7,7,-6,7,-6,7,-6,7,-6,7,-6,7,-5,7,-5,7,-5,7,-5,7,-5,7,-5,7,-4,7,-4,7,-4,7,-4,8,-4,7,-4,7,-3,7,-3,7,-3,7,-3,7,-3,7,-3,7,-3,8,-3,8,0,0,-3,8,-3,8,-3,8,-3,8,-3,7,-3,8,-3,8,-3,7,-4,7,-4,7,-4,7,-4,6,-4,6,-4,6,-5,6,-4,5,-4,5,-4,4,-4,4,-4,4,-4,4,-4,4,-4,4,-4,3,-4,2,-4,2,0,0,0,0,0,0,0,0,0,0,0,0,0,0,52,-3,55,-4,54,-7,48,-3,51,-7,47,-6,48,-4,50,-8,44,-8,42,-9,46,-12,47,-11,46,-16,44,-15,43,-12,41,-15,42,-19,44,-21,43,-19,38,-21,42,-22,40,-17,39,-17,40,-25,40,-20,37,-19,39,-21,40,-23,39,-21,36,-26,36,-24,41,-25,40,-20,37,-22,41,-23,39,-24,42,-23,41,-21,39,-16,44,-20,39,-14,44,-17,40,-14,37,-12,39,-9,37,-9,35,-9,31,-9,35,-10,33,-6,30,-4,28,-3,26,-4,24,2,27,-2,27,-2,23,3,0,0,0,0,0,0,0,0,0,0,0,0,0,0,0,0,0,0,0,0,0,0,8,51,6,50,6,50,3,57,1,55,-3,56,-5,56,-5,57,-8,61,-5,59,-15,61,-13,57,-12,63,-13,61,-21,64,-18,62,-21,67,-24,56,-23,62,-25,56,-24,56,-25,57,-29,53,-27,58,-30,56,-25,57,-27,52,-27,52,-25,49,-26,52,-27,49,-25,55,-24,49,-20,48,-18,52,-18,51,-11,48,-14,53,-14,50,-9,52,-8,50,-9,49,-6,52,-8,49,-2,54,-5,47,-2,52,3,54,5,50,-4,51,-1,51,1,52,1,57,5,50,3,54,7,53,5,51,0,0]"
CSI_DATA,276,2a:00:00:00:00:00,-37,11,1,0,1,1,1,0,0,0,1,-96,0,11,2,3990219,0,44,0,384,0,"[0,0,0,0,0,0,0,0,0,0,0,0,9,0,9,0,9,0,9,0,9,0,8,0,8,0,8,-1,8,0,8,-1,8,-1,8,-2,8,-2,8,-1,8,-1,8,-2,8,-2,8,-2,8,-2,8,-2,8,-2,8,-2,8,-3,8,-3,8,-3,8,-3,0,0,8,-3,8,-3,8,-3,8,-3,8,-2,8,-2,8,-2,8,-2,8,-2,8,-2,8,-2,7,-1,7,-1,7,-1,7,-1,7,-1,6,0,6,0,6,0,6,0,6,0,5,1,5,1,4,1,5,1,4,1,0,0,0,0,0,0,0,0,0,0,0,0,0,0,-35,-38,-33,-41,-39,-39,-40,-40,-37,-36,-39,-35,-36,-33,-34,-37,-37,-37,-35,-31,-33,-27,-40,-28,-38,-29,-36,-25,-32,-28,-38,-24,-38,-26,-37,-25,-35,-23,-35,-21,-43,-20,-37,-21,-42,-16,-39,-18,-37,-18,-41,-17,-39,-16,-46,-19,-40,-15,-45,-17,-42,-16,-45,-18,-41,-21,-47,-19,-41,-14,-40,-17,-39,-17,-40,-19,-43,-24,-43,-21,-40,-21,-35,-23,-35,-25,-34,-19,-33,-23,-31,-17,-30,-23,-25,-24,-23,-22,-25,-20,-23,-20,-22,-21,-21,-23,-20,-24,-16,-20,-16,-22,-15,-21,0,0,0,0,0,0,0,0,0,0,0,0,0,0,0,0,0,0,0,0,0,0,34,-39,37,-35,40,-36,44,-37,42,-32,47,-32,45,-32,49,-30,50,-29,53,-33,54,-29,56,-27,59,-29,59,-29,64,-25,61,-21,66,-23,61,-22,60,-17,65,-18,64,-13,63,-18,59,-12,62,-15,64,-12,60,-14,58,-14,62,-11,55,-13,58,-15,53,-11,57,-13,54,-15,50,-15,51,-16,51,-15,47,-18,49,-21,48,-21,49,-24,48,-18,46,-23,46,-27,43,-27,43,-32,42,-32,43,-29,43,-31,42,-28,37,-36,38,-38,42,-35,45,-36,40,-37,41,-37,38,-35,42,-36,0,0]"
CSI_DATA,277,2a:00:00:00:00:00,-37,11,1,0,1,1,1,0,0,0,1,-96,0,11,2,4000294,0,44,0,384,0,"[0,0,0,0,0,0,0,0,0,0,0,0,7,-8,6,-8,6,-8,6,-8,5,-8,5,-8,5,-8,5,-8,5,-8,4,-8,5,-8,4,-9,4,-8,4,-8,4,-8,4,-9,3,-8,3,-8,3,-8,3,-8,3,-8,2,-8,3,-8,2,-9,2,-9,2,-9,0,0,2,-9,2,-9,2,-9,3,-9,2,-9,3,-9,3,-9,3,-9,4,-9,4,-8,4,-8,3,-7,3,-7,3,-7,4,-7,4,-7,3,-6,4,-6,4,-6,4,-5,4,-5,3,-5,4,-4,3,-4,4,-4,4,-3,0,0,0,0,0,0,0,0,0,0,0,0,0,0,-56,-4,-52,-4,-57,2,-51,4,-53,0,-48,1,-49,1,-52,0,-45,5,-46,5,-45,7,-48,6,-51,12,-45,8,-41,5,-45,13,-47,9,-42,8,-47,12,-43,10,-44,12,-44,15,-39,15,-40,13,-41,16,-43,15,-41,17,-40,18,-41,15,-42,17,-42,18,-43,17,-41,16,-39,21,-42,18,-39,16,-41,18,-41,14,-41,13,-44,8,-44,12,-41,8,-38,9,-41,10,-36,8,-38,4,-37,5,-34,5,-32,1,-31,-3,-32,-6,-27,-5,-33,-1,-28,-4,-22,-3,-28,-6,-28,-6,0,0,0,0,0,0,0,0,0,0,0,0,0,0,0,0,0,0,0,0,0,0,-8,-53,-6,-54,-4,-57,-1,-56,-1,-58,2,-53,5,-54,9,-60,8,-61,12,-62,12,-61,15,-63,11,-63,17,-66,19,-66,22,-60,23,-62,26,-63,25,-61,28,-58,22,-56,32,-61,28,-53,30,-57,32,-54,27,-58,29,-54,30,-58,26,-51,28,-48,25,-50,24,-49,24,-46,24,-52,20,-50,21,-47,20,-48,19,-49,17,-50,16,-51,16,-51,7,-50,8,-52,10,-52,9,-50,1,-45,4,-52,0,-52,5,-56,6,-51,1,-48,1,-58,5,-56,2,-52,5,-56,-1,-54,-2,-56,0,0]"
CSI_DATA,278,2a:00:00:00:00:00,-37,11,1,0,1,1,1,0,0,0,1,-96,0,11,2,4010121,0,44,0,384,0,"[0,0,0,0,0,0,0,0,0,0,0,0,0,8,0,8,0,8,0,9,0,8,0,8,0,8,0,8,0,7,1,7,1,8,1,8,1,7,2,7,2,7,2,7,2,7,2,7,3,7,3,7,2,7,3,7,2,7,3,7,3,7,3,7,0,0,3,7,3,7,3,7,3,7,3,7,3,7,3,7,3,7,2,7,2,7,1,7,1,7,1,7,1,7,0,6,0,6,0,6,0,6,0,5,-1,5,-1,5,-1,5,-1,5,-1,5,-1,4,-2,4,0,0,0,0,0,0,0,0,0,0,0,0,0,0,39,-40,43,-32,32,-38,35,-34,36,-36,33,-36,33,-39,33,-32,33,-36,32,-37,29,-36,30,-34,29,-42,27,-35,32,-38,27,-37,25,-44,20,-41,24,-36,26,-38,26,-44,25,-39,19,-41,22,-41,20,-40,20,-39,19,-38,18,-43,21,-38,19,-47,16,-41,24,-40,17,-41,20,-46,17,-42,18,-40,16,-38,18,-42,22,-40,24,-37,21,-38,26,-37,25,-35,22,-34,24,-33,24,-30,28,-24,19,-28,28,-23,24,-27,22,-17,19,-19,24,-22,21,-18,21,-18,23,-15,24,-10,0,0,0,0,0,0,0,0,0,0,0,0,0,0,0,0,0,0,0,0,0,0,42,32,40,39,33,37,37,40,34,44,37,43,34,46,36,45,35,49,33,52,32,55,31,53,32,59,29,62,29,62,25,59,27,64,26,60,25,62,18,62,15,65,24,64,15,64,16,61,11,61,13,62,15,63,15,62,16,57,10,58,15,53,12,53,15,51,13,51,19,52,17,48,19,50,17,47,21,49,23,47,25,44,25,45,28,45,31,42,25,41,33,43,29,44,34,37,36,42,33,44,30,45,34,43,31,45,33,43,35,44,35,39,38,37,0,0]"
CSI_DATA,279,2a:00:00:00:00:00,-37,11,1,0,1,1,1,0,0,0,1,-96,0,11,2,4020877,0,44,0,384,0,"[0,0,0,0,0,0,0,0,0,0,0,0,-10,-2,-10,-2,-9,-2,-9,-2,-9,-2,-9,-2,-9,-1,-9,-1,-9,-1,-9,-1,-9,-1,-9,0,-9,-1,-9,0,-9,0,-9,1,-9,1,-9,1,-8,1,-9,1,-9,1,-9,1,-9,1,-9,1,-9,1,-9,2,0,0,-9,2,-9,1,-9,1,-9,2,-9,1,-9,1,-9,1,-9,1,-9,1,-9,1,-9,0,-8,0,-8,-1,-8,-1,-8,0,-8,0,-7,-1,-7,-1,-7,-1,-7,-1,-6,-1,-6,-2,-6,-2,-5,-2,-5,-2,-5,-2,0,0,0,0,0,0,0,0,0,0,0,0,0,0,29,45,31,46,36,42,27,37,33,42,30,40,32,35,29,40,31,39,34,31,34,30,32,33,33,34,31,28,30,28,36,25,35,34,35,26,33,27,36,25,39,24,37,22,37,21,37,21,37,23,42,24,37,17,41,19,38,23,39,18,36,18,42,20,42,20,38,20,39,19,36,20,43,24,38,23,42,22,40,21,37,21,39,23,35,25,35,25,32,22,27,27,26,26,28,20,22,25,25,26,21,21,20,23,20,19,15,22,15,22,12,23,11,26,0,0,0,0,0,0,0,0,0,0,0,0,0,0,0,0,0,0,0,0,0,0,-43,27,-43,24,-48,22,-55,23,-52,21,-52,19,-52,18,-57,17,-57,22,-58,22,-59,17,-62,14,-64,17,-64,15,-66,9,-63,5,-67,8,-66,5,-68,10,-65,2,-67,3,-65,4,-62,1,-61,2,-62,1,-67,6,-63,-3,-63,2,-59,-1,-59,4,-54,1,-60,0,-58,5,-52,8,-56,7,-55,8,-53,8,-48,8,-52,9,-49,12,-55,15,-49,19,-52,21,-50,20,-48,23,-48,27,-45,25,-45,22,-47,25,-49,21,-44,26,-45,30,-47,29,-46,25,-47,29,-51,29,-43,31,0,0]"
CSI_DATA,280,2a:00:00:00:00:00,-37,11,1,0,1,1,1,0,0,0,1,-96,0,11,2,4030101,0,44,0,384,0,"[0,0,0,0,0,0,0,0,0,0,0,0,-3,8,-3,8,-2,8,-2,8,-2,8,-2,8,-2,7,-2,8,-2,7,-1,7,-2,8,-2,7,-1,8,-1,7,-1,7,-1,7,-1,7,-1,7,0,8,0,7,0,7,0,7,-1,7,0,7,0,8,0,7,0,0,0,8,0,8,0,8,0,7,0,8,0,8,0,8,-1,8,-1,7,-2,7,-2,7,-2,7,-2,7,-2,7,-3,6,-3,6,-3,6,-3,5,-3,5,-3,5,-3,4,-3,5,-3,4,-3,4,-3,3,-3,3,0,0,0,0,0,0,0,0,0,0,0,0,0,0,46,-26,46,-27,46,-31,44,-25,45,-27,46,-29,37,-29,50,-28,37,-27,40,-24,38,-26,36,-28,37,-29,35,-25,35,-25,36,-29,34,-35,33,-36,33,-33,31,-29,32,-37,29,-31,28,-35,23,-35,29,-30,32,-32,28,-33,27,-37,28,-35,28,-32,26,-35,31,-34,27,-35,30,-39,27,-32,31,-34,29,-36,28,-33,29,-31,33,-29,29,-31,35,-25,32,-33,32,-27,34,-26,31,-22,33,-20,31,-20,31,-13,25,-17,27,-12,27,-12,24,-13,23,-10,26,-15,19,-8,24,-4,0,0,0,0,0,0,0,0,0,0,0,0,0,0,0,0,0,0,0,0,0,0,32,40,27,44,27,46,24,50,22,49,20,53,20,50,20,53,19,57,17,57,15,59,21,58,19,65,15,64,11,66,13,62,11,72,5,63,9,65,6,67,-6,67,0,67,-3,66,0,63,-2,64,2,62,0,64,-4,61,-2,53,-3,61,-2,50,-3,58,-2,52,3,52,2,53,2,53,5,50,8,51,8,50,14,51,12,51,17,44,14,49,16,47,14,46,15,48,14,48,17,47,20,47,19,46,18,47,24,49,21,56,24,50,27,48,30,49,24,46,0,0]"
CSI_DATA,281,2a:00:00:00:00:00,-37,11,1,0,1,1,1,0,0,0,1,-96,0,11,2,4040686,0,44,0,384,0,"[0,0,0,0,0,0,0,0,0,0,0,0,8,-5,8,-6,7,-6,7,-6,7,-5,7,-5,7,-6,7,-6,7,-6,6,-6,7,-6,6,-6,6,-6,6,-6,6,-6,6,-7,6,-7,5,-7,5,-7,5,-7,5,-7,5,-7,5,-7,5,-7,5,-7,5,-7,0,0,5,-7,5,-7,5,-7,5,-7,5,-7,5,-7,5,-7,5,-7,6,-6,6,-6,6,-6,6,-5,6,-5,6,-5,6,-4,6,-4,5,-4,5,-4,5,-3,5,-3,5,-3,5,-3,4,-3,4,-2,4,-2,4,-1,0,0,0,0,0,0,0,0,0,0,0,0,0,0,-48,-16,-54,-16,-55,-12,-45,-9,-49,-5,-49,-13,-45,-9,-52,-9,-48,-10,-47,-12,-48,-8,-48,-8,-50,-6,-47,-5,-46,-7,-45,-1,-48,-3,-50,0,-40,-1,-44,0,-47,0,-44,1,-47,3,-43,4,-43,2,-43,4,-44,5,-46,7,-43,5,-44,9,-44,8,-46,5,-47,1,-46,5,-46,9,-45,4,-44,2,-42,6,-45,4,-45,2,-44,-2,-41,-1,-41,-7,-41,-3,-38,-4,-39,-6,-41,-6,-33,-7,-36,-3,-32,-5,-34,-7,-30,-5,-26,-10,-28,-10,-23,-10,-23,-15,-27,-11,0,0,0,0,0,0,0,0,0,0,0,0,0,0,0,0,0,0,0,0,0,0,11,-52,13,-54,14,-52,16,-52,20,-52,23,-51,23,-51,23,-52,26,-56,29,-56,32,-58,33,-57,35,-59,37,-56,42,-51,40,-53,42,-56,40,-49,44,-50,43,-52,43,-48,47,-49,50,-47,48,-48,48,-45,46,-43,45,-40,42,-41,39,-44,41,-42,37,-40,36,-41,34,-41,34,-45,32,-38,33,-39,33,-42,29,-42,28,-43,26,-46,27,-43,24,-47,26,-46,20,-50,25,-47,18,-50,18,-47,18,-52,16,-53,19,-47,18,-51,17,-55,19,-51,14,-52,14,-54,20,-54,16,-54,0,0]"
CSI_DATA,282,2a:00:00:00:00:00,-37,11,1,0,1,1,1,0,0,0,1,-96,0,11,2,4071542,0,44,0,384,0,"[0,0,0,0,0,0,0,0,0,0,0,0,8,-5,7,-5,7,-5,7,-5,7,-5,6,-5,7,-6,6,-6,7,-6,6,-5,6,-6,6,-6,6,-6,5,-6,5,-6,6,-7,5,-6,5,-6,4,-7,5,-6,5,-6,4,-7,5,-7,4,-7,5,-7,5,-7,0,0,5,-7,5,-7,5,-7,5,-7,4,-6,5,-7,5,-7,5,-6,5,-7,5,-6,6,-6,5,-6,5,-5,5,-5,5,-5,5,-5,5,-4,5,-4,5,-4,5,-3,5,-3,4,-3,4,-3,4,-2,4,-2,4,-2,0,0,0,0,0,0,0,0,0,0,0,0,0,0,-50,-27,-46,-23,-52,-21,-48,-22,-45,-17,-50,-18,-47,-21,-44,-19,-44,-14,-46,-16,-43,-13,-43,-14,-49,-17,-44,-14,-43,-12,-43,-7,-52,-8,-48,-11,-44,-7,-42,-9,-46,-8,-48,-3,-46,-2,-44,-7,-47,-7,-45,-2,-45,-4,-44,-3,-45,-3,-45,1,-48,-4,-50,-5,-42,-3,-48,-1,-41,1,-44,-9,-45,-5,-48,-6,-45,-10,-49,-8,-46,-6,-43,-8,-43,-14,-38,-10,-41,-11,-37,-12,-36,-13,-35,-12,-31,-16,-31,-16,-31,-15,-25,-14,-26,-16,-22,-15,-24,-16,-20,-16,-19,-16,0,0,0,0,0,0,0,0,0,0,0,0,0,0,0,0,0,0,0,0,0,0,15,-51,19,-52,20,-51,21,-51,25,-50,25,-49,31,-50,33,-48,32,-52,31,-55,35,-54,36,-55,37,-58,47,-55,45,-51,48,-49,50,-52,49,-50,49,-50,51,-41,52,-42,52,-48,52,-46,51,-45,51,-38,48,-42,52,-39,49,-34,48,-38,46,-35,46,-35,51,-40,45,-34,43,-32,42,-40,41,-36,38,-40,38,-42,38,-38,31,-40,37,-41,27,-39,28,-39,31,-44,28,-43,29,-38,29,-45,29,-43,30,-45,30,-48,23,-47,22,-52,24,-50,25,-42,25,-51,29,-49,25,-49,0,0]"
CSI_DATA,283,2a:00:00:00:00:00,-37,11,1,0,1,1,1,0,0,0,1,-96,0,11,2,4090326,0,44,0,384,0,"[0,0,0,0,0,0,0,0,0,0,0,0,-2,-9,-2,-9,-2,-9,-2,-9,-2,-9,-2,-9,-2,-8,-2,-9,-2,-9,-3,-8,-3,-8,-3,-8,-4,-8,-3,-8,-3,-8,-3,-8,-3,-8,-3,-8,-4,-8,-4,-8,-4,-8,-4,-8,-4,-8,-5,-8,-5,-8,-4,-8,0,0,-4,-8,-4,-8,-4,-8,-4,-8,-4,-8,-4,-9,-4,-9,-3,-8,-3,-9,-3,-8,-3,-8,-3,-8,-3,-8,-2,-8,-1,-7,-1,-7,-1,-7,-1,-7,-1,-7,0,-6,0,-6,0,-6,0,-6,0,-6,0,-5,0,-5,0,0,0,0,0,0,0,0,0,0,0,0,0,0,-45,28,-39,27,-42,32,-41,28,-38,28,-45,31,-40,29,-41,29,-36,29,-38,31,-35,25,-34,35,-36,32,-28,28,-32,32,-29,31,-34,33,-29,36,-30,34,-27,34,-31,37,-23,31,-23,36,-24,35,-27,32,-27,37,-26,36,-23,38,-26,37,-24,37,-23,39,-26,41,-22,35,-26,39,-23,35,-30,38,-26,38,-29,34,-28,36,-31,35,-26,30,-30,29,-34,32,-27,31,-31,28,-28,22,-33,24,-30,22,-27,17,-27,18,-28,15,-26,14,-22,17,-25,13,-28,8,-25,10,-28,8,0,0,0,0,0,0,0,0,0,0,0,0,0,0,0,0,0,0,0,0,0,0,-33,-38,-33,-45,-30,-42,-33,-51,-28,-51,-29,-51,-23,-51,-24,-54,-21,-58,-23,-51,-20,-58,-21,-61,-24,-64,-21,-66,-18,-66,-14,-62,-11,-72,-10,-65,-12,-66,-8,-70,-9,-64,-6,-70,-3,-59,-7,-62,-2,-62,-3,-65,-2,-63,-4,-64,1,-53,-2,-62,-9,-52,-5,-58,-4,-56,-6,-55,-6,-50,-7,-51,-8,-47,-14,-49,-9,-53,-17,-55,-11,-56,-17,-44,-17,-50,-20,-45,-17,-48,-18,-46,-21,-48,-21,-44,-26,-45,-25,-44,-24,-46,-27,-47,-32,-44,-22,-40,-29,-46,-30,-52,-27,-42,0,0]"
CSI_DATA,284,2a:00:00:00:00:00,-37,11,1,0,1,1,1,0,0,0,1,-96,0,11,2,4100041,0,44,0,384,0,"[0,0,0,0,0,0,0,0,0,0,0,0,-7,6,-7,6,-7,6,-7,6,-7,6,-7,6,-7,6,-6,6,-6,6,-6,6,-6,7,-6,7,-5,7,-5,7,-5,7,-5,7,-5,7,-5,7,-4,7,-4,7,-4,7,-4,7,-5,7,-3,7,-4,8,-4,8,0,0,-5,8,-4,8,-4,8,-5,8,-4,7,-4,8,-4,7,-4,7,-5,7,-5,7,-5,7,-5,6,-5,6,-5,6,-6,5,-5,5,-5,5,-5,4,-5,4,-5,4,-6,3,-5,3,-5,3,-5,3,-5,2,-5,2,0,0,0,0,0,0,0,0,0,0,0,0,0,0,54,-2,50,-3,53,-7,52,-5,54,-8,48,-3,47,-5,50,-3,46,-8,43,-7,44,-9,41,-13,45,-10,44,-13,43,-14,42,-17,39,-18,42,-18,39,-18,43,-16,44,-19,39,-14,39,-21,39,-19,37,-20,39,-19,37,-21,36,-25,38,-21,35,-26,36,-24,40,-24,38,-21,37,-22,42,-24,40,-19,39,-25,42,-20,43,-21,41,-19,41,-19,40,-14,40,-13,34,-13,37,-9,40,-10,38,-6,33,-11,32,-4,32,-3,31,-4,32,-7,25,0,30,0,26,2,27,1,27,1,0,0,0,0,0,0,0,0,0,0,0,0,0,0,0,0,0,0,0,0,0,0,6,50,2,49,2,52,-5,57,-2,55,-5,57,-8,56,-9,57,-12,59,-10,55,-12,60,-16,59,-15,66,-20,64,-22,63,-25,59,-24,64,-28,60,-30,64,-27,58,-27,58,-36,58,-32,52,-31,56,-31,54,-30,55,-32,52,-32,50,-32,48,-31,52,-25,47,-25,50,-21,49,-23,46,-21,49,-28,47,-19,49,-17,47,-18,50,-18,50,-14,50,-10,47,-16,48,-7,47,-9,52,-7,48,-7,49,-2,52,-6,48,-4,53,-2,48,0,51,-3,55,1,54,0,53,4,52,-4,52,0,0]"
CSI_DATA,285,2a:00:00:00:00:00,-37,11,1,0,1,1,1,0,0,0,1,-96,0,11,2,4110060,0,44,0,384,0,"[0,0,0,0,0,0,0,0,0,0,0,0,-3,9,-2,8,-2,9,-2,9,-2,9,-2,8,-2,8,-1,8,-1,8,-1,8,-2,8,-1,8,-1,8,-1,8,-1,8,0,8,0,8,0,8,0,8,1,8,0,8,1,8,0,8,1,8,1,8,1,8,0,0,1,8,1,9,1,8,1,8,1,8,1,8,1,8,0,8,0,8,-1,8,-1,8,-1,8,-1,7,-1,7,-2,7,-2,6,-1,7,-2,5,-2,6,-2,5,-2,5,-2,5,-2,5,-2,4,-3,4,-3,3,0,0,0,0,0,0,0,0,0,0,0,0,0,0,47,-27,46,-25,43,-29,41,-25,45,-27,41,-24,42,-31,36,-28,41,-24,36,-26,38,-32,37,-30,37,-33,34,-32,35,-29,34,-30,31,-36,32,-30,29,-32,28,-33,28,-37,28,-36,22,-35,28,-38,29,-34,27,-38,26,-35,25,-35,27,-38,28,-37,24,-39,26,-39,23,-34,23,-39,26,-38,30,-35,27,-40,21,-36,28,-39,30,-33,31,-33,31,-31,30,-31,31,-32,30,-24,27,-24,32,-22,30,-22,29,-19,26,-15,27,-19,24,-18,26,-19,22,-13,22,-16,23,-10,25,-11,0,0,0,0,0,0,0,0,0,0,0,0,0,0,0,0,0,0,0,0,0,0,31,44,25,49,24,46,21,50,19,52,18,51,19,52,14,53,13,56,14,59,12,59,11,62,12,61,12,66,6,63,3,63,5,69,2,69,5,64,-2,63,-8,62,-3,66,-4,63,-4,61,-5,63,-3,63,1,60,-5,59,-4,54,-2,61,-2,54,-3,55,0,54,2,52,0,50,3,52,3,54,5,50,11,51,10,51,10,51,11,51,14,47,17,46,10,47,24,45,17,46,21,47,14,46,18,46,19,50,23,46,22,49,19,44,27,48,27,47,25,46,0,0]"
CSI_DATA,286,2a:00:00:00:00:00,-37,11,1,0,1,1,1,0,0,0,1,-96,0,11,2,4120047,0,44,0,384,0,"[0,0,0,0,0,0,0,0,0,0,0,0,-7,7,-6,6,-6,7,-6,6,-6,7,-6,6,-6,6,-5,6,-6,6,-5,7,-5,7,-4,7,-4,7,-4,7,-4,7,-4,7,-4,7,-4,7,-3,7,-3,7,-3,7,-3,7,-4,7,-2,7,-3,8,-3,7,0,0,-3,8,-3,8,-3,8,-3,8,-3,7,-3,7,-3,7,-4,7,-4,7,-4,7,-4,7,-4,7,-4,6,-4,6,-5,5,-5,5,-4,5,-4,4,-4,4,-4,4,-5,4,-4,4,-4,4,-4,3,-4,3,-4,2,0,0,0,0,0,0,0,0,0,0,0,0,0,0,52,-3,53,3,54,-4,52,-4,51,-6,53,-4,48,-11,51,-1,48,-7,49,-10,45,-5,47,-7,49,-11,49,-10,45,-10,50,-16,48,-11,43,-16,40,-12,41,-16,43,-21,41,-17,39,-20,40,-19,39,-18,36,-21,42,-16,39,-20,42,-23,40,-21,41,-19,41,-23,40,-26,39,-28,38,-22,39,-21,41,-25,46,-22,43,-21,44,-19,45,-14,44,-15,39,-16,40,-16,38,-11,38,-13,39,-9,36,-8,32,-7,32,-4,31,-4,29,-6,26,-4,28,-2,26,-1,28,-2,28,3,0,0,0,0,0,0,0,0,0,0,0,0,0,0,0,0,0,0,0,0,0,0,-3,55,-5,54,-6,57,-6,56,-10,56,-13,51,-15,56,-15,59,-19,58,-18,58,-21,60,-24,58,-21,60,-28,65,-32,63,-32,57,-32,65,-33,59,-32,58,-34,58,-40,56,-36,55,-39,52,-38,54,-37,49,-38,50,-36,51,-38,49,-35,50,-35,51,-31,46,-32,49,-28,46,-25,46,-28,52,-22,48,-21,49,-21,44,-19,45,-18,49,-18,49,-11,51,-11,51,-14,46,-13,47,-9,47,-11,53,-6,51,-6,51,-4,52,-5,49,-3,54,-4,54,-1,54,1,55,-1,53,-2,51,0,0]"
CSI_DATA,287,2a:00:00:00:00:00,-37,11,1,0,1,1,1,0,0,0,1,-96,0,11,2,4130159,0,44,0,384,0,"[0,0,0,0,0,0,0,0,0,0,0,0,9,2,8,2,8,2,8,2,8,2,8,2,8,1,8,1,8,1,8,1,8,1,8,1,8,1,8,1,8,1,8,0,8,-1,8,0,8,0,8,0,8,0,8,0,8,-1,8,-1,8,-1,8,-2,0,0,8,-1,8,-1,8,-1,8,-2,8,0,8,-1,8,0,8,0,8,0,8,0,8,0,8,1,7,1,7,1,7,1,6,1,6,1,6,1,6,1,5,1,5,2,5,2,4,2,4,2,4,2,4,2,0,0,0,0,0,0,0,0,0,0,0,0,0,0,-25,-50,-24,-52,-28,-45,-22,-48,-26,-47,-25,-47,-26,-46,-24,-47,-24,-44,-29,-41,-27,-40,-31,-41,-29,-36,-32,-37,-25,-40,-33,-36,-28,-37,-33,-37,-36,-36,-33,-31,-36,-34,-32,-33,-38,-34,-37,-31,-34,-28,-35,-31,-33,-29,-40,-32,-35,-29,-37,-29,-39,-33,-36,-29,-34,-31,-40,-28,-33,-28,-37,-28,-40,-30,-42,-30,-35,-31,-34,-30,-34,-31,-30,-31,-30,-34,-28,-35,-25,-33,-26,-32,-21,-29,-21,-35,-20,-29,-18,-28,-14,-27,-17,-27,-16,-27,-10,-26,-9,-29,-7,-25,-7,-27,0,0,0,0,0,0,0,0,0,0,0,0,0,0,0,0,0,0,0,0,0,0,48,-22,46,-22,49,-25,55,-23,52,-19,54,-15,55,-21,58,-15,61,-15,57,-16,61,-9,65,-9,70,-6,69,-3,71,-2,64,-1,70,-2,68,2,68,0,66,1,65,2,68,3,64,8,63,10,64,10,62,6,61,6,60,6,56,6,59,3,54,5,60,6,52,1,49,1,56,-1,53,1,48,-7,51,-6,52,-10,56,-8,53,-8,48,-15,50,-12,52,-13,47,-16,47,-14,47,-13,44,-23,49,-20,48,-15,53,-22,54,-22,54,-24,47,-20,56,-22,56,-31,51,-24,0,0]"
CSI_DATA,288,2a:00:00:00:00:00,-37,11,1,0,1,1,1,0,0,0,1,-96,0,11,2,4140067,0,44,0,384,0,"[0,0,0,0,0,0,0,0,0,0,0,0,-2,9,-1,9,-1,9,-1,9,-1,9,-1,8,-1,8,-1,8,-1,8,0,8,0,8,0,8,1,8,1,8,1,7,1,8,1,8,1,8,1,7,1,7,2,8,2,8,1,8,3,7,2,8,2,7,0,0,2,8,3,8,3,8,2,8,2,8,2,8,2,8,1,8,1,8,1,8,1,7,1,8,1,8,1,7,-1,7,-1,6,0,7,-1,6,-1,6,-1,5,-1,5,-1,5,-1,5,-1,5,-2,4,-2,4,0,0,0,0,0,0,0,0,0,0,0,0,0,0,51,-31,46,-28,46,-32,45,-34,43,-37,38,-32,36,-35,40,-29,36,-31,39,-29,37,-32,35,-33,34,-36,33,-35,32,-36,33,-35,35,-37,25,-36,27,-30,30,-33,27,-42,26,-37,26,-34,25,-38,29,-33,28,-39,23,-37,24,-40,28,-39,24,-38,26,-41,29,-42,23,-39,25,-39,24,-38,26,-39,25,-38,28,-36,26,-39,26,-34,30,-34,32,-33,32,-30,27,-31,28,-32,30,-23,33,-21,27,-19,27,-22,27,-18,27,-14,29,-16,19,-13,25,-13,20,-14,25,-8,22,-12,0,0,0,0,0,0,0,0,0,0,0,0,0,0,0,0,0,0,0,0,0,0,38,38,35,38,30,45,31,49,31,49,26,48,27,43,28,53,24,56,25,59,20,60,23,57,21,61,19,65,19,64,14,66,17,67,10,68,19,67,9,65,12,68,6,68,7,68,6,63,3,66,4,64,0,57,4,65,-1,53,5,59,6,55,7,58,7,54,8,57,10,52,6,52,11,49,13,49,12,48,15,47,17,52,21,48,15,48,21,51,13,46,27,42,22,44,21,46,30,45,24,46,26,46,32,48,26,51,28,42,28,44,32,53,32,48,0,0]"
CSI_DATA,289,2a:00:00:00:00:00,-37,11,1,0,1,1,1,0,0,0,1,-96,0,11,2,4150048,0,44,0,384,0,"[0,0,0,0,0,0,0,0,0,0,0,0,-4,9,-3,8,-3,9,-3,9,-3,8,-3,8,-2,8,-2,8,-2,8,-2,8,-2,8,-2,8,-1,8,-1,8,-1,7,-1,8,-1,7,-1,8,0,8,0,8,0,8,0,8,-1,8,1,8,0,8,0,8,0,0,0,8,1,9,1,8,0,8,0,8,0,8,0,8,0,8,-1,8,-1,8,-1,8,-1,8,-1,7,-1,7,-2,7,-2,6,-2,7,-2,6,-2,6,-3,5,-3,5,-2,5,-3,5,-3,4,-3,4,-3,3,0,0,0,0,0,0,0,0,0,0,0,0,0,0,44,-30,44,-30,46,-31,45,-27,45,-34,44,-27,39,-29,39,-32,36,-30,35,-30,35,-35,36,-30,34,-35,37,-35,34,-32,33,-35,32,-33,27,-39,29,-30,25,-39,30,-38,28,-35,23,-37,22,-37,28,-37,27,-37,27,-39,21,-42,24,-34,23,-39,23,-40,26,-41,25,-37,20,-41,25,-42,21,-36,25,-38,25,-36,28,-40,23,-34,28,-33,27,-31,28,-31,26,-32,30,-29,30,-29,27,-21,28,-27,25,-22,23,-19,29,-17,27,-17,26,-15,24,-16,24,-12,23,-12,23,-11,0,0,0,0,0,0,0,0,0,0,0,0,0,0,0,0,0,0,0,0,0,0,35,42,29,43,28,44,26,50,24,49,23,48,21,50,20,54,20,58,21,58,15,60,15,60,18,65,14,67,10,62,12,64,15,66,6,63,9,66,3,65,7,65,1,64,3,65,2,65,-4,63,3,60,-1,60,-5,52,2,60,2,60,3,53,4,52,3,54,7,58,5,50,9,50,9,50,7,48,13,43,16,47,12,49,14,49,16,47,23,49,24,48,21,48,20,48,26,45,21,43,26,43,24,44,26,46,26,44,25,47,27,50,32,48,26,47,0,0]"
CSI_DATA,290,2a:00:00:00:00:00,-37,11,1,0,1,1,1,0,0,0,1,-96,0,11,2,4160059,0,44,0,384,0,"[0,0,0,0,0,0,0,0,0,0,0,0,-2,9,-1,8,-1,9,-1,9,-1,8,-1,8,-1,8,-1,8,0,8,0,8,0,8,0,8,0,8,1,8,1,8,1,8,1,7,1,7,2,7,2,7,1,7,2,7,1,7,2,7,2,8,2,7,0,0,2,8,2,8,2,8,2,8,2,8,2,8,2,8,2,8,1,8,0,8,0,8,0,7,0,7,0,7,0,6,-1,6,0,7,-1,6,-1,5,-1,5,-2,5,-1,5,-1,5,-1,5,-2,4,-2,4,0,0,0,0,0,0,0,0,0,0,0,0,0,0,41,-35,43,-35,42,-42,38,-36,40,-35,36,-36,35,-33,39,-37,31,-33,38,-38,34,-34,34,-37,30,-38,28,-39,29,-39,26,-38,29,-41,24,-38,25,-36,23,-37,24,-47,24,-40,20,-41,22,-35,21,-38,22,-41,19,-37,22,-45,18,-42,19,-43,19,-45,18,-42,17,-40,13,-45,17,-41,20,-43,21,-45,20,-45,25,-41,25,-45,23,-37,27,-35,25,-37,24,-32,26,-35,24,-29,27,-30,22,-31,26,-27,27,-23,26,-23,23,-24,21,-23,20,-20,20,-14,25,-15,20,-13,0,0,0,0,0,0,0,0,0,0,0,0,0,0,0,0,0,0,0,0,0,0,37,41,33,41,32,40,35,47,30,46,28,49,29,48,25,50,25,54,22,58,23,59,24,60,27,63,20,61,24,66,15,62,17,68,12,64,18,70,12,67,12,65,11,64,8,67,9,64,5,62,6,64,7,62,8,61,6,59,8,63,9,50,10,58,11,56,12,52,13,57,12,49,12,47,13,49,19,46,17,51,21,49,16,44,18,46,24,40,19,44,29,48,27,46,28,42,29,43,27,44,31,41,32,39,35,51,24,45,34,42,36,48,34,42,0,0]"
CSI_DATA,291,2a:00:00:00:00:00,-37,11,1,0,1,1,1,0,0,0,1,-96,0,11,2,4180056,0,44,0,384,0,"[0,0,0,0,0,0,0,0,0,0,0,0,1,9,1,8,2,9,1,8,1,8,1,8,2,8,2,8,2,8,2,8,2,8,3,7,3,7,3,7,3,7,3,7,3,7,3,7,3,7,3,7,3,7,3,7,3,7,4,6,4,7,4,6,0,0,4,7,4,7,4,7,4,7,4,7,4,7,4,7,3,7,3,7,3,7,3,7,2,7,2,7,2,6,1,7,1,6,1,6,1,5,1,5,0,5,0,5,0,5,0,5,0,5,-1,4,-1,4,0,0,0,0,0,0,0,0,0,0,0,0,0,0,33,-40,32,-37,34,-44,32,-40,31,-40,30,-43,29,-44,33,-40,23,-36,28,-41,25,-37,21,-40,24,-42,21,-39,23,-43,22,-40,23,-41,19,-43,21,-40,18,-39,18,-45,15,-40,14,-42,17,-43,15,-42,15,-41,12,-42,12,-48,13,-46,12,-46,18,-44,14,-43,11,-40,15,-50,14,-40,15,-44,11,-47,14,-43,15,-40,20,-40,12,-36,19,-38,20,-40,22,-38,22,-36,21,-26,23,-33,21,-31,19,-25,17,-28,22,-21,21,-23,21,-23,20,-21,18,-22,16,-18,19,-16,0,0,0,0,0,0,0,0,0,0,0,0,0,0,0,0,0,0,0,0,0,0,41,26,45,30,39,30,43,37,36,36,39,40,36,38,43,40,37,49,38,44,40,51,39,53,39,53,37,54,37,58,21,59,30,61,27,57,31,57,23,64,27,60,22,63,23,57,22,62,20,58,25,61,21,57,20,60,17,50,24,57,18,46,23,53,20,50,21,48,19,45,17,45,23,44,26,41,27,42,31,47,31,47,32,37,28,47,31,40,33,39,34,39,34,37,37,36,37,36,33,37,35,37,39,34,42,35,31,35,44,39,47,39,44,30,0,0]"
CSI_DATA,292,2a:00:00:00:00:00,-37,11,1,0,1,1,1,0,0,0,1,-96,0,11,2,4190050,0,44,0,384,0,"[0,0,0,0,0,0,0,0,0,0,0,0,1,9,1,8,2,9,1,8,2,9,1,8,2,8,2,8,2,8,3,8,2,8,3,8,3,8,3,7,3,7,3,7,3,7,3,7,4,7,4,7,4,7,4,7,4,7,4,7,4,7,4,7,0,0,4,7,5,7,4,7,4,7,4,7,5,7,4,7,4,7,3,7,3,7,3,7,2,7,2,7,2,7,2,6,1,6,1,7,1,6,1,6,0,5,0,5,0,5,0,5,0,5,-1,4,-1,4,0,0,0,0,0,0,0,0,0,0,0,0,0,0,24,-45,29,-49,31,-49,25,-41,28,-47,29,-41,22,-46,23,-45,23,-42,22,-42,20,-44,16,-41,19,-42,16,-42,21,-44,13,-46,16,-47,10,-45,10,-42,9,-43,9,-44,11,-44,7,-43,9,-45,9,-45,8,-46,10,-43,6,-45,8,-44,9,-45,8,-47,8,-44,4,-47,8,-46,11,-44,8,-46,7,-45,6,-48,11,-45,12,-42,12,-46,18,-44,14,-41,15,-39,15,-38,18,-38,17,-32,18,-36,15,-29,15,-31,14,-29,16,-26,18,-23,15,-22,20,-19,15,-21,16,-18,0,0,0,0,0,0,0,0,0,0,0,0,0,0,0,0,0,0,0,0,0,0,48,20,46,29,43,26,44,29,47,32,43,34,44,31,43,36,45,38,44,43,42,45,43,48,45,47,43,50,39,50,41,53,42,52,37,56,33,52,35,57,34,53,31,61,27,56,32,55,25,58,31,56,22,51,26,51,24,52,26,48,23,48,26,48,29,47,26,42,32,47,28,45,29,43,30,43,32,39,33,40,30,37,34,34,32,35,37,33,35,37,42,31,37,30,37,27,45,27,44,29,43,31,43,29,44,29,42,31,42,30,47,30,42,30,0,0]"
CSI_DATA,293,2a:00:00:00:00:00,-37,11,1,0,1,1,1,0,0,0,1,-96,0,11,2,4201751,0,44,0,384,0,"[0,0,0,0,0,0,0,0,0,0,0,0,-4,8,-4,8,-3,9,-4,8,-3,9,-3,8,-3,8,-3,8,-3,8,-3,8,-3,8,-2,8,-2,8,-2,8,-2,8,-1,8,-1,8,-1,8,-1,8,-1,8,-1,8,0,8,-1,8,0,8,0,8,-1,8,0,0,0,8,0,9,0,8,-1,9,-1,8,0,8,-1,9,-1,8,-1,8,-2,8,-2,8,-2,8,-2,7,-2,7,-3,7,-3,6,-3,7,-3,6,-3,5,-3,5,-3,5,-3,5,-3,5,-3,4,-3,4,-3,3,0,0,0,0,0,0,0,0,0,0,0,0,0,0,48,-27,51,-25,46,-29,41,-31,43,-27,44,-28,37,-28,43,-29,38,-29,38,-25,37,-32,35,-33,36,-36,35,-28,38,-31,36,-26,32,-31,32,-34,31,-33,29,-34,32,-35,30,-32,23,-39,28,-36,24,-37,26,-37,28,-31,24,-34,29,-37,26,-41,28,-38,27,-37,26,-37,30,-40,27,-38,29,-38,27,-39,30,-40,31,-36,26,-32,30,-35,29,-31,33,-29,30,-31,27,-27,30,-24,28,-25,26,-23,29,-17,30,-20,25,-14,27,-17,24,-18,25,-17,24,-12,22,-10,26,-4,0,0,0,0,0,0,0,0,0,0,0,0,0,0,0,0,0,0,0,0,0,0,26,44,23,46,22,45,18,51,15,52,18,54,14,52,17,52,13,59,12,61,9,64,11,61,12,63,9,66,8,63,6,64,3,69,3,67,2,67,-3,63,-4,61,-1,68,-2,64,-6,65,-7,67,-3,64,-4,60,-3,59,-4,59,-3,58,-6,55,-4,56,-4,55,-1,53,4,56,0,51,0,51,3,50,7,50,7,50,9,49,11,52,14,52,12,48,14,49,21,45,19,46,20,49,20,47,19,47,18,45,20,50,27,51,24,46,21,46,26,47,27,54,0,0]"
CSI_DATA,294,2a:00:00:00:00:00,-37,11,1,0,1,1,1,0,0,0,1,-96,0,11,2,4211037,0,44,0,384,0,"[0,0,0,0,0,0,0,0,0,0,0,0,8,-4,8,-4,7,-4,8,-4,7,-4,7,-4,7,-5,7,-5,7,-5,6,-5,7,-5,7,-5,6,-5,6,-5,6,-5,6,-6,6,-6,6,-5,5,-6,5,-6,6,-6,5,-6,6,-6,5,-6,6,-6,6,-6,0,0,6,-6,6,-6,6,-6,6,-6,6,-6,6,-6,6,-6,6,-5,6,-5,6,-5,6,-5,6,-5,6,-4,6,-4,6,-4,6,-4,5,-3,5,-3,5,-3,5,-2,5,-2,4,-2,4,-2,4,-2,4,-1,4,-1,0,0,0,0,0,0,0,0,0,0,0,0,0,0,-49,-24,-46,-19,-50,-11,-48,-18,-52,-15,-52,-13,-47,-16,-47,-15,-45,-8,-51,-11,-45,-12,-48,-8,-50,-9,-43,-8,-48,-8,-45,-5,-43,-5,-49,-3,-48,-3,-43,-5,-48,0,-44,-1,-48,0,-46,-5,-42,-6,-47,-1,-41,3,-44,6,-46,1,-46,8,-48,2,-55,3,-45,-2,-49,2,-47,-1,-49,-3,-49,0,-47,-1,-43,-5,-45,-6,-46,-9,-45,-5,-43,-7,-45,-4,-41,-5,-43,-9,-38,-10,-35,-12,-34,-13,-32,-11,-32,-14,-27,-13,-29,-13,-28,-14,-23,-12,-22,-13,-21,-15,0,0,0,0,0,0,0,0,0,0,0,0,0,0,0,0,0,0,0,0,0,0,10,-50,15,-53,15,-51,20,-56,22,-51,25,-53,28,-48,29,-49,33,-52,27,-50,35,-47,35,-53,35,-55,39,-56,41,-55,45,-46,46,-54,47,-45,47,-47,50,-41,48,-44,52,-41,45,-41,46,-44,50,-37,45,-39,43,-42,47,-39,43,-35,44,-36,41,-34,43,-38,39,-35,37,-36,40,-37,37,-39,34,-37,31,-39,31,-36,31,-43,29,-41,23,-42,28,-45,27,-41,23,-46,24,-47,24,-47,28,-48,25,-50,21,-42,17,-50,26,-52,22,-55,18,-47,15,-54,19,-50,18,-49,0,0]"
CSI_DATA,295,2a:00:00:00:00:00,-37,11,1,0,1,1,1,0,0,0,1,-96,0,11,2,4221053,0,44,0,384,0,"[0,0,0,0,0,0,0,0,0,0,0,0,7,-6,7,-6,7,-6,7,-6,7,-6,7,-6,6,-6,6,-6,6,-6,5,-6,6,-6,6,-7,5,-7,5,-7,5,-6,5,-7,5,-7,5,-7,4,-7,4,-7,4,-7,4,-8,4,-8,4,-8,4,-8,4,-8,0,0,4,-8,4,-8,4,-8,4,-8,4,-8,4,-8,4,-8,4,-8,5,-8,5,-7,5,-7,5,-6,4,-6,4,-6,5,-6,5,-6,4,-5,5,-5,4,-5,4,-4,4,-4,4,-4,4,-4,4,-3,4,-3,4,-2,0,0,0,0,0,0,0,0,0,0,0,0,0,0,-57,-9,-58,-12,-54,-7,-55,-6,-56,-8,-51,-6,-53,-5,-49,-4,-50,0,-50,-5,-50,1,-45,-2,-51,5,-50,1,-47,-1,-48,4,-48,5,-47,9,-44,4,-48,12,-43,11,-45,10,-43,11,-43,11,-43,9,-45,9,-40,14,-44,16,-43,15,-46,16,-46,14,-44,15,-47,13,-41,16,-44,17,-42,13,-42,10,-44,15,-47,13,-46,10,-47,7,-44,8,-43,8,-38,2,-37,2,-45,5,-35,4,-37,0,-32,0,-33,0,-32,-3,-31,-4,-29,-2,-28,-6,-26,-4,-26,-8,-24,-12,0,0,0,0,0,0,0,0,0,0,0,0,0,0,0,0,0,0,0,0,0,0,5,-53,9,-48,11,-54,10,-53,16,-54,18,-50,20,-57,25,-51,23,-54,27,-58,24,-56,29,-54,30,-59,31,-61,36,-56,35,-58,34,-56,41,-57,36,-52,39,-50,42,-47,40,-49,42,-51,39,-46,44,-43,39,-51,40,-45,40,-42,38,-42,37,-49,34,-46,34,-43,31,-41,32,-41,33,-45,28,-41,24,-46,25,-49,20,-46,22,-45,26,-45,16,-51,16,-47,20,-50,11,-43,10,-49,14,-46,14,-51,9,-50,15,-49,8,-51,5,-57,11,-52,7,-51,5,-57,6,-55,3,-55,0,0]"
CSI_DATA,296,2a:00:00:00:00:00,-37,11,1,0,1,1,1,0,0,0,1,-96,0,11,2,4230052,0,44,0,384,0,"[0,0,0,0,0,0,0,0,0,0,0,0,1,9,2,9,2,9,2,9,2,9,1,8,2,8,2,8,2,8,3,8,2,8,3,8,3,8,3,8,3,8,3,8,3,7,3,7,4,7,4,7,4,7,4,7,4,7,5,7,5,7,4,7,0,0,5,7,5,7,5,8,4,7,4,7,5,8,5,8,4,8,3,7,3,7,3,8,3,8,2,7,2,7,2,7,1,7,1,7,1,6,1,6,1,5,0,5,0,5,0,6,0,5,-1,5,-1,4,0,0,0,0,0,0,0,0,0,0,0,0,0,0,35,-42,37,-47,35,-45,32,-43,33,-39,26,-42,32,-43,28,-40,28,-39,30,-41,24,-39,26,-43,27,-38,21,-41,28,-42,20,-39,22,-48,20,-43,18,-41,19,-40,16,-45,14,-41,12,-46,14,-44,14,-46,14,-46,15,-46,8,-47,11,-47,12,-46,14,-46,17,-46,16,-49,11,-47,18,-42,16,-47,14,-45,19,-42,16,-44,18,-42,20,-40,21,-40,20,-38,22,-37,26,-34,24,-34,20,-30,20,-30,22,-27,19,-29,21,-22,20,-25,22,-24,18,-22,19,-19,19,-18,21,-13,0,0,0,0,0,0,0,0,0,0,0,0,0,0,0,0,0,0,0,0,0,0,45,29,45,30,42,33,40,35,41,36,39,37,36,37,39,44,38,47,34,48,33,49,35,47,38,52,37,55,34,57,29,57,35,61,28,59,28,56,27,63,25,61,24,64,20,57,20,59,18,58,19,59,22,57,17,54,14,55,23,56,19,52,23,50,18,53,22,44,21,48,22,47,24,43,25,44,26,43,28,39,31,42,28,40,32,41,34,41,32,37,29,39,33,39,36,38,40,36,36,42,37,38,39,36,41,34,38,33,38,35,40,38,48,36,0,0]"
CSI_DATA,297,2a:00:00:00:00:00,-37,11,1,0,1,1,1,0,0,0,1,-96,0,11,2,4240063,0,44,0,384,0,"[0,0,0,0,0,0,0,0,0,0,0,0,3,8,3,7,4,7,4,8,4,7,3,7,4,7,4,6,4,6,4,7,4,7,4,6,4,7,4,6,4,6,5,6,5,5,4,5,5,5,5,5,5,5,6,5,5,5,6,5,6,6,5,5,0,0,6,5,6,5,6,6,6,5,6,5,6,6,6,6,5,6,5,6,4,6,4,6,4,6,4,6,3,6,3,5,3,5,3,6,2,5,2,5,2,4,2,5,1,5,1,5,1,5,0,4,0,4,0,0,0,0,0,0,0,0,0,0,0,0,0,0,15,-57,6,-57,8,-60,6,-57,4,-58,5,-52,7,-53,4,-53,2,-51,1,-50,2,-50,-2,-51,0,-47,-1,-50,-3,-49,-7,-46,-7,-53,-6,-47,-7,-44,-8,-43,-11,-44,-11,-44,-13,-45,-12,-46,-10,-45,-15,-42,-14,-42,-13,-48,-19,-46,-16,-46,-16,-48,-14,-47,-13,-50,-17,-44,-16,-43,-12,-48,-14,-45,-13,-43,-13,-47,-8,-47,-8,-44,-9,-45,-8,-46,-5,-48,-4,-44,1,-39,1,-35,1,-38,-2,-35,1,-37,-2,-33,1,-31,1,-31,5,-28,4,-31,8,-23,9,-23,0,0,0,0,0,0,0,0,0,0,0,0,0,0,0,0,0,0,0,0,0,0,51,12,51,15,49,17,54,20,50,22,50,25,51,28,49,25,54,30,51,25,54,35,53,31,55,39,55,38,51,38,53,43,52,47,51,44,49,44,48,47,49,47,48,48,43,44,49,44,45,46,46,40,41,42,43,43,42,42,42,40,40,36,44,40,45,39,41,34,44,32,42,32,42,28,44,24,42,23,47,23,46,27,47,22,50,23,47,20,42,19,46,14,50,16,50,13,48,12,51,15,53,14,50,14,56,14,51,14,56,8,56,5,57,14,0,0]"
CSI_DATA,298,2a:00:00:00:00:00,-37,11,1,0,1,1,1,0,0,0,1,-96,0,11,2,4250231,0,44,0,384,0,"[0,0,0,0,0,0,0,0,0,0,0,0,1,-10,1,-10,1,-10,1,-10,1,-10,1,-9,1,-10,0,-9,1,-10,0,-9,0,-10,0,-10,-1,-9,-1,-9,-1,-9,-1,-9,-1,-9,-1,-9,-2,-9,-2,-9,-2,-9,-2,-9,-2,-9,-3,-9,-3,-9,-2,-9,0,0,-2,-9,-2,-9,-2,-9,-2,-9,-2,-9,-2,-9,-2,-9,-2,-9,-1,-9,-1,-9,-1,-9,-1,-9,-1,-8,0,-8,1,-8,0,-8,0,-8,1,-7,1,-7,1,-6,1,-6,1,-6,1,-6,1,-6,2,-5,2,-5,0,0,0,0,0,0,0,0,0,0,0,0,0,0,-45,25,-48,25,-46,29,-46,29,-44,27,-46,27,-40,27,-47,32,-42,29,-39,28,-41,29,-40,26,-37,30,-34,31,-39,29,-33,34,-35,35,-34,35,-31,31,-31,34,-33,40,-30,30,-27,39,-29,33,-31,32,-31,36,-25,32,-25,38,-25,37,-28,39,-28,37,-31,40,-25,35,-24,43,-26,34,-28,37,-27,37,-30,39,-30,33,-33,32,-31,34,-34,31,-31,28,-31,32,-33,28,-35,19,-27,20,-30,23,-32,17,-26,16,-26,14,-27,14,-25,11,-26,12,-22,11,-26,11,-25,8,0,0,0,0,0,0,0,0,0,0,0,0,0,0,0,0,0,0,0,0,0,0,-24,-46,-24,-47,-24,-44,-20,-52,-20,-52,-18,-52,-18,-56,-11,-59,-13,-57,-15,-60,-13,-62,-14,-62,-12,-66,-8,-65,-6,-65,1,-62,0,-71,-2,-67,-1,-67,3,-67,7,-64,6,-67,4,-62,4,-66,5,-62,2,-63,2,-61,6,-60,5,-56,4,-62,3,-54,1,-55,-1,-53,-2,-55,-2,-56,-5,-53,-6,-52,-10,-52,-6,-54,-12,-50,-9,-50,-12,-50,-12,-49,-15,-48,-16,-48,-21,-51,-16,-50,-21,-46,-21,-47,-20,-49,-24,-47,-24,-45,-21,-50,-25,-45,-27,-51,-26,-49,-27,-58,0,0]"
CSI_DATA,299,2a:00:00:00:00:00,-37,11,1,0,1,1,1,0,0,0,1,-96,0,11,2,4260023,0,44,0,384,0,"[0,0,0,0,0,0,0,0,0,0,0,0,-1,9,0,9,1,9,0,9,1,9,0,8,1,8,0,8,1,8,1,8,1,8,1,8,1,8,2,8,2,8,2,8,2,8,2,7,2,7,3,7,2,7,3,7,2,7,3,7,3,8,3,8,0,0,3,7,3,8,3,8,3,7,3,8,3,8,3,8,3,8,2,7,2,7,1,8,1,8,1,7,1,7,0,7,0,7,0,6,0,6,0,5,0,5,-1,5,-1,5,-1,5,-1,5,-2,4,-2,4,0,0,0,0,0,0,0,0,0,0,0,0,0,0,35,-45,39,-36,36,-44,34,-40,37,-45,33,-44,32,-42,30,-44,28,-43,31,-41,27,-37,24,-39,26,-43,23,-42,25,-43,26,-41,19,-39,21,-43,20,-44,17,-37,18,-44,19,-42,12,-42,13,-43,12,-45,15,-44,13,-41,10,-46,14,-44,13,-45,16,-44,13,-51,10,-41,10,-50,11,-43,17,-43,11,-48,12,-47,14,-49,19,-45,17,-42,20,-38,21,-39,15,-38,20,-38,18,-30,23,-30,22,-34,23,-25,15,-26,19,-26,18,-22,20,-24,19,-21,15,-20,22,-18,20,-13,0,0,0,0,0,0,0,0,0,0,0,0,0,0,0,0,0,0,0,0,0,0,29,39,34,41,29,42,31,47,27,46,31,45,25,46,26,52,27,58,23,49,20,56,25,58,23,60,24,63,25,67,17,60,20,69,16,63,18,61,18,63,14,63,16,68,11,61,7,59,7,62,9,61,4,60,9,61,11,55,9,59,7,50,11,53,19,50,14,52,19,50,15,46,16,46,19,47,19,48,26,49,22,46,27,44,26,48,29,39,23,44,34,39,31,40,32,37,36,37,31,38,35,41,39,39,36,45,32,40,39,41,41,39,40,36,0,0]"
CSI_DATA,300,2a:00:00:00:00:00,-37,11,1,0,1,1,1,0,0,0,1,-96,0,11,2,4290040,0,44,0,384,0,"[0,0,0,0,0,0,0,0,0,0,0,0,7,6,7,6,7,6,7,6,7,5,7,5,7,5,7,5,7,5,7,5,7,4,7,4,8,4,7,4,7,4,7,3,8,3,7,3,8,3,8,3,8,3,8,3,7,2,8,3,8,3,8,2,0,0,8,2,8,3,9,3,8,2,8,3,8,3,8,3,8,3,8,3,7,3,7,4,7,4,6,4,6,4,6,4,6,4,5,4,5,3,5,3,4,3,4,3,4,4,3,4,3,4,3,4,2,3,0,0,0,0,0,0,0,0,0,0,0,0,0,0,10,-55,10,-54,6,-54,4,-50,4,-54,3,-52,6,-54,1,-56,4,-51,3,-50,-1,-52,-3,-49,-6,-54,-4,-48,0,-46,-7,-48,-3,-49,-6,-49,-6,-45,-8,-45,-6,-46,-9,-45,-7,-45,-12,-46,-13,-42,-13,-46,-14,-44,-12,-45,-14,-45,-13,-48,-11,-42,-9,-48,-12,-47,-15,-48,-15,-49,-10,-43,-12,-46,-10,-51,-10,-46,-8,-42,-4,-43,0,-44,0,-44,1,-46,-1,-38,2,-38,2,-36,2,-38,4,-33,5,-33,3,-30,5,-26,6,-30,6,-29,13,-26,9,-28,10,-22,0,0,0,0,0,0,0,0,0,0,0,0,0,0,0,0,0,0,0,0,0,0,53,1,50,5,52,5,55,9,55,12,52,11,55,13,56,13,57,19,54,19,57,23,58,24,59,25,60,30,56,29,53,32,54,33,56,32,53,35,59,34,56,37,54,42,55,36,49,36,49,37,53,42,42,40,43,37,46,38,47,37,45,34,44,34,42,33,42,26,48,27,44,25,48,23,49,28,47,25,50,22,47,22,49,21,47,18,53,17,50,15,52,14,51,13,49,10,52,12,54,13,53,15,55,11,57,6,48,8,55,13,59,7,54,11,0,0]"
CSI_DATA,301,2a:00:00:00:00:00,-37,11,1,0,1,1,1,0,0,0,1,-96,0,11,2,4301437,0,44,0,384,0,"[0,0,0,0,0,0,0,0,0,0,0,0,7,-7,7,-7,6,-7,6,-7,6,-7,6,-7,6,-7,5,-7,5,-7,5,-7,5,-7,5,-8,4,-7,4,-7,4,-7,4,-8,4,-8,4,-8,3,-8,4,-8,3,-8,3,-8,3,-8,3,-8,3,-8,3,-9,0,0,3,-9,3,-8,3,-8,3,-8,3,-8,3,-8,4,-8,3,-8,4,-8,4,-8,5,-7,4,-7,4,-7,4,-6,5,-6,5,-6,4,-5,4,-5,4,-5,4,-4,4,-4,4,-4,3,-4,3,-3,4,-3,4,-3,0,0,0,0,0,0,0,0,0,0,0,0,0,0,-59,-7,-51,-9,-52,-5,-55,-8,-53,-3,-52,-10,-55,-5,-50,-4,-47,0,-49,0,-52,1,-52,1,-51,-3,-49,3,-46,2,-47,4,-44,6,-50,6,-46,8,-47,7,-51,11,-45,11,-43,13,-42,10,-47,8,-46,9,-40,10,-42,15,-46,12,-43,15,-44,13,-47,15,-49,9,-42,15,-45,15,-42,15,-44,13,-45,16,-45,7,-43,8,-44,6,-45,3,-41,6,-42,8,-41,2,-38,0,-40,1,-34,-5,-33,-3,-32,-1,-32,-3,-28,-4,-31,-4,-31,-7,-27,-5,-26,-7,-25,-9,0,0,0,0,0,0,0,0,0,0,0,0,0,0,0,0,0,0,0,0,0,0,3,-56,3,-49,9,-52,12,-56,14,-54,13,-52,16,-53,18,-53,22,-58,19,-52,24,-57,26,-55,26,-61,30,-62,32,-61,34,-60,35,-59,32,-56,33,-59,40,-55,39,-51,41,-54,40,-53,38,-52,38,-51,35,-52,38,-48,36,-45,39,-48,32,-47,32,-44,31,-49,33,-43,29,-45,34,-47,30,-47,24,-44,23,-46,25,-48,19,-50,24,-50,16,-52,19,-50,13,-50,18,-48,16,-49,17,-47,10,-52,13,-51,10,-53,8,-52,4,-64,9,-59,5,-53,5,-58,3,-60,8,-62,0,0]"
CSI_DATA,302,2a:00:00:00:00:00,-37,11,1,0,1,1,1,0,0,0,1,-96,0,11,2,4310665,0,44,0,384,0,"[0,0,0,0,0,0,0,0,0,0,0,0,-7,-8,-7,-7,-7,-7,-7,-8,-7,-7,-7,-7,-7,-6,-8,-6,-7,-6,-7,-6,-7,-7,-7,-6,-7,-6,-7,-6,-7,-6,-8,-5,-8,-5,-8,-5,-8,-5,-8,-5,-8,-5,-8,-5,-8,-5,-8,-5,-8,-5,-8,-4,0,0,-8,-4,-9,-5,-9,-5,-8,-4,-8,-5,-9,-5,-8,-5,-8,-5,-8,-5,-7,-5,-7,-6,-7,-6,-6,-6,-6,-6,-6,-5,-6,-5,-5,-6,-5,-5,-5,-5,-4,-5,-4,-5,-4,-5,-3,-5,-3,-5,-3,-5,-2,-5,0,0,0,0,0,0,0,0,0,0,0,0,0,0,-2,58,0,55,-2,59,-1,51,-4,57,-1,53,1,47,-2,53,0,48,1,49,3,47,5,47,5,49,6,47,9,49,8,45,10,50,14,45,6,45,10,44,13,39,16,44,13,40,13,44,10,47,14,46,14,36,14,45,16,45,20,42,19,42,18,44,16,41,13,48,17,44,11,47,13,46,9,45,8,45,10,44,7,42,7,42,5,44,9,42,2,44,3,37,0,37,1,36,-4,33,-8,31,-3,31,-4,28,-4,32,-3,27,-5,27,-7,24,-9,25,0,0,0,0,0,0,0,0,0,0,0,0,0,0,0,0,0,0,0,0,0,0,-51,6,-51,4,-53,3,-57,-2,-53,-8,-57,-5,-56,-12,-58,-11,-60,-11,-56,-15,-60,-15,-60,-15,-64,-19,-64,-19,-61,-22,-63,-26,-64,-26,-61,-26,-63,-26,-58,-31,-52,-32,-58,-34,-55,-36,-59,-32,-57,-31,-55,-27,-56,-33,-57,-37,-48,-28,-52,-29,-50,-25,-53,-29,-49,-28,-48,-24,-47,-25,-46,-23,-46,-21,-50,-16,-50,-19,-50,-17,-51,-16,-57,-12,-52,-14,-54,-9,-53,-6,-53,-9,-52,-9,-51,-9,-53,-7,-52,-6,-54,-7,-60,-2,-55,-4,-53,-4,-57,5,-61,-1,-57,0,0,0]"
CSI_DATA,303,2a:00:00:00:00:00,-37,11,1,0,1,1,1,0,0,0,1,-96,0,11,2,4320072,0,44,0,384,0,"[0,0,0,0,0,0,0,0,0,0,0,0,8,-4,8,-4,8,-4,8,-4,8,-4,7,-4,7,-5,7,-5,7,-5,7,-5,7,-5,7,-5,6,-5,6,-5,6,-5,6,-6,6,-6,6,-5,5,-6,5,-6,6,-6,5,-6,6,-6,5,-6,5,-6,6,-6,0,0,5,-6,6,-6,5,-6,6,-7,5,-6,6,-6,6,-6,6,-6,6,-6,6,-6,6,-5,6,-5,5,-4,5,-4,6,-4,6,-4,5,-4,5,-3,5,-3,5,-3,5,-2,4,-2,5,-2,4,-2,4,-1,4,-1,0,0,0,0,0,0,0,0,0,0,0,0,0,0,-53,-16,-49,-19,-55,-15,-52,-17,-50,-17,-51,-14,-51,-14,-51,-10,-42,-13,-49,-13,-48,-10,-51,-8,-52,-3,-49,-4,-50,-8,-45,-6,-50,-3,-44,-3,-45,-6,-45,2,-47,3,-45,0,-45,0,-45,0,-48,2,-47,1,-45,4,-48,5,-44,1,-50,5,-48,4,-49,6,-47,1,-48,8,-46,7,-49,3,-47,0,-45,0,-48,0,-43,1,-44,1,-47,-1,-41,-8,-44,-7,-42,-5,-42,-6,-39,-6,-36,-8,-37,-13,-33,-10,-31,-11,-30,-11,-25,-9,-26,-11,-24,-14,-24,-12,-20,-16,0,0,0,0,0,0,0,0,0,0,0,0,0,0,0,0,0,0,0,0,0,0,7,-52,11,-49,14,-51,15,-51,19,-50,16,-54,18,-51,25,-53,31,-52,30,-54,30,-54,33,-49,33,-55,39,-58,39,-50,37,-51,40,-57,42,-50,43,-54,44,-52,44,-49,47,-47,45,-47,49,-47,45,-40,44,-46,44,-41,44,-42,44,-42,42,-45,40,-37,41,-39,37,-39,34,-42,38,-43,35,-43,29,-41,29,-46,29,-41,27,-42,27,-50,26,-46,28,-52,22,-50,26,-47,19,-54,20,-51,18,-50,22,-48,20,-47,22,-49,15,-54,20,-55,16,-53,19,-52,22,-55,19,-56,0,0]"
CSI_DATA,304,2a:00:00:00:00:00,-37,11,1,0,1,1,1,0,0,0,1,-96,0,11,2,4330045,0,44,0,384,0,"[0,0,0,0,0,0,0,0,0,0,0,0,10,0,9,-1,9,-1,9,-1,9,-1,9,-1,9,-2,9,-2,9,-2,8,-1,9,-1,8,-2,8,-2,8,-2,8,-2,8,-3,7,-3,8,-3,7,-3,8,-3,7,-3,7,-4,8,-3,7,-3,8,-3,8,-4,0,0,8,-4,8,-4,7,-4,8,-4,7,-3,7,-4,7,-4,7,-3,8,-4,8,-3,8,-2,7,-2,7,-1,7,-2,7,-2,7,-2,6,-1,6,-1,6,-1,6,-1,6,-1,5,0,5,0,5,0,5,0,4,0,0,0,0,0,0,0,0,0,0,0,0,0,0,0,-47,-35,-45,-31,-48,-30,-46,-31,-50,-26,-45,-25,-45,-28,-47,-30,-44,-27,-41,-22,-45,-21,-44,-25,-48,-20,-44,-20,-44,-17,-48,-17,-45,-19,-43,-15,-40,-17,-43,-16,-47,-9,-41,-12,-44,-11,-42,-13,-41,-16,-42,-16,-44,-7,-44,-7,-47,-8,-50,-4,-47,-5,-48,-9,-45,-7,-50,-7,-49,-9,-42,-12,-45,-12,-42,-13,-46,-11,-42,-12,-43,-15,-40,-13,-37,-19,-42,-14,-35,-19,-35,-15,-35,-14,-33,-19,-33,-18,-26,-21,-27,-15,-25,-19,-23,-20,-19,-14,-21,-15,-20,-20,-21,-17,0,0,0,0,0,0,0,0,0,0,0,0,0,0,0,0,0,0,0,0,0,0,24,-45,26,-47,26,-42,30,-48,31,-42,35,-44,36,-41,40,-37,42,-43,37,-41,44,-43,42,-43,46,-48,50,-43,55,-38,51,-38,53,-39,58,-34,61,-39,55,-32,57,-26,60,-32,56,-31,55,-34,60,-32,54,-34,55,-27,55,-26,52,-24,53,-33,50,-27,50,-33,51,-23,50,-28,51,-30,45,-28,38,-29,43,-35,42,-32,40,-40,42,-37,37,-38,34,-38,38,-38,38,-38,37,-37,36,-39,36,-40,38,-45,36,-47,31,-46,31,-47,34,-44,32,-44,31,-50,30,-50,34,-48,0,0]"
CSI_DATA,305,2a:00:00:00:00:00,-37,11,1,0,1,1,1,0,0,0,1,-96,0,11,2,4340098,0,44,0,384,0,"[0,0,0,0,0,0,0,0,0,0,0,0,4,-9,4,-9,3,-9,4,-9,3,-9,3,-9,3,-9,3,-9,3,-9,2,-9,3,-9,2,-9,2,-9,2,-9,1,-9,1,-9,1,-9,1,-8,0,-9,0,-9,0,-9,0,-9,1,-9,0,-9,0,-9,0,-9,0,0,0,-9,0,-9,0,-9,0,-9,0,-9,0,-9,0,-9,0,-9,1,-9,1,-9,1,-9,1,-8,1,-8,1,-8,2,-7,2,-7,2,-7,2,-6,2,-6,2,-6,2,-6,2,-6,2,-5,2,-5,3,-5,3,-4,0,0,0,0,0,0,0,0,0,0,0,0,0,0,-56,10,-60,13,-52,17,-54,15,-53,13,-49,16,-52,22,-43,18,-47,21,-47,16,-47,17,-47,19,-44,23,-45,19,-40,18,-43,20,-44,25,-36,25,-38,20,-42,26,-39,25,-40,25,-31,29,-34,27,-31,29,-34,25,-37,27,-36,24,-35,26,-38,28,-41,29,-37,28,-37,31,-33,26,-39,31,-38,26,-37,29,-40,32,-37,29,-35,25,-40,28,-37,19,-41,21,-41,19,-33,18,-35,16,-33,12,-36,11,-29,11,-35,10,-31,9,-30,5,-27,6,-31,7,-25,7,-26,-1,-26,1,0,0,0,0,0,0,0,0,0,0,0,0,0,0,0,0,0,0,0,0,0,0,-20,-50,-18,-47,-19,-56,-12,-49,-13,-58,-11,-50,-9,-50,-6,-54,-10,-59,-9,-65,2,-61,1,-61,-1,-65,1,-71,2,-58,9,-71,4,-67,9,-70,8,-62,8,-69,12,-64,12,-68,16,-69,13,-66,13,-64,12,-60,16,-58,14,-59,14,-62,8,-58,13,-57,9,-56,9,-57,9,-59,5,-53,3,-57,5,-59,4,-54,4,-54,-2,-57,2,-56,-4,-55,-5,-51,-6,-57,-6,-49,-6,-53,-2,-57,-14,-49,-14,-50,-12,-59,-12,-55,-15,-54,-8,-56,-14,-60,-16,-57,-18,-51,-14,-61,0,0]"
CSI_DATA,306,2a:00:00:00:00:00,-37,11,1,0,1,1,1,0,0,0,1,-96,0,11,2,4350136,0,44,0,384,0,"[0,0,0,0,0,0,0,0,0,0,0,0,-3,-9,-4,-9,-4,-9,-4,-9,-4,-9,-3,-8,-4,-8,-4,-8,-4,-8,-4,-8,-4,-8,-4,-8,-4,-8,-4,-8,-4,-7,-5,-8,-5,-7,-5,-7,-5,-7,-5,-7,-5,-7,-6,-7,-5,-7,-6,-7,-6,-7,-5,-7,0,0,-6,-7,-6,-7,-6,-7,-6,-7,-5,-7,-6,-7,-6,-7,-5,-7,-5,-7,-4,-7,-4,-7,-4,-7,-3,-8,-3,-7,-3,-7,-3,-6,-3,-7,-2,-6,-2,-6,-2,-6,-2,-6,-1,-6,-1,-6,-1,-6,-1,-5,0,-5,0,0,0,0,0,0,0,0,0,0,0,0,0,0,-22,55,-26,51,-19,56,-21,51,-14,48,-17,50,-18,46,-16,49,-15,46,-16,43,-14,43,-13,42,-12,48,-7,46,-9,46,-6,46,-8,50,-9,43,-2,41,-4,44,-4,45,-2,43,-3,46,0,42,0,46,0,45,3,43,3,47,6,42,1,46,1,44,4,42,1,44,8,45,4,41,0,47,2,42,3,43,3,42,-1,44,2,43,-4,40,-3,41,-5,44,-6,41,-8,37,-9,36,-8,38,-8,30,-9,30,-6,27,-11,27,-10,27,-9,25,-16,22,-12,24,-13,22,0,0,0,0,0,0,0,0,0,0,0,0,0,0,0,0,0,0,0,0,0,0,-51,-20,-48,-25,-46,-26,-47,-27,-46,-29,-49,-32,-46,-31,-49,-38,-48,-40,-47,-39,-45,-41,-50,-40,-52,-44,-48,-47,-46,-49,-44,-47,-50,-53,-40,-51,-41,-51,-45,-54,-41,-50,-40,-58,-40,-51,-37,-55,-35,-55,-40,-52,-34,-52,-37,-54,-35,-52,-36,-50,-33,-45,-37,-50,-37,-46,-40,-46,-36,-42,-35,-42,-39,-38,-34,-36,-40,-40,-41,-38,-39,-36,-45,-31,-39,-35,-48,-28,-39,-29,-47,-31,-48,-28,-48,-28,-48,-24,-50,-25,-52,-26,-51,-28,-50,-27,-50,-24,-53,-24,-56,-28,-53,-19,0,0]"
CSI_DATA,307,2a:00:00:00:00:00,-37,11,1,0,1,1,1,0,0,0,1,-96,0,11,2,4400075,0,44,0,384,0,"[0,0,0,0,0,0,0,0,0,0,0,0,-5,-9,-5,-9,-5,-8,-5,-9,-5,-8,-5,-8,-5,-8,-6,-7,-6,-7,-6,-7,-6,-7,-6,-7,-6,-7,-6,-7,-6,-7,-6,-6,-7,-6,-6,-6,-7,-6,-7,-6,-7,-6,-7,-6,-6,-6,-7,-6,-7,-6,-7,-6,0,0,-7,-6,-7,-6,-8,-6,-7,-6,-7,-6,-7,-6,-7,-7,-7,-6,-6,-6,-6,-6,-6,-7,-5,-7,-5,-7,-5,-7,-4,-6,-4,-6,-4,-6,-4,-6,-3,-6,-3,-5,-3,-6,-2,-6,-2,-5,-2,-5,-2,-5,-2,-5,0,0,0,0,0,0,0,0,0,0,0,0,0,0,-31,41,-29,41,-28,51,-27,44,-28,42,-27,40,-21,40,-25,40,-17,41,-21,43,-16,39,-15,38,-17,47,-14,43,-18,39,-14,42,-14,46,-13,46,-17,43,-14,39,-8,43,-9,37,-3,40,-10,42,-10,41,-7,42,-5,40,-6,41,-8,43,-5,45,-8,41,-7,45,-7,45,-9,46,-4,42,-9,44,-8,42,-7,44,-9,43,-12,43,-13,39,-13,37,-15,41,-16,40,-16,37,-17,34,-16,35,-14,33,-15,24,-18,23,-18,23,-17,27,-19,25,-18,20,-19,19,-21,17,-20,16,0,0,0,0,0,0,0,0,0,0,0,0,0,0,0,0,0,0,0,0,0,0,-50,-18,-47,-21,-43,-22,-47,-25,-48,-30,-49,-30,-44,-32,-48,-32,-45,-38,-45,-33,-49,-40,-48,-44,-51,-44,-47,-49,-47,-48,-36,-53,-43,-55,-41,-53,-43,-50,-40,-52,-36,-54,-38,-60,-38,-56,-37,-51,-30,-56,-34,-57,-29,-55,-34,-56,-28,-48,-29,-52,-27,-48,-29,-50,-32,-47,-30,-45,-35,-43,-29,-43,-29,-40,-30,-39,-33,-41,-33,-38,-37,-39,-34,-35,-37,-39,-40,-33,-40,-34,-42,-38,-42,-30,-38,-26,-46,-32,-41,-32,-41,-34,-44,-32,-45,-28,-43,-27,-48,-30,-53,-29,-46,-28,0,0]"
CSI_DATA,308,2a:00:00:00:00:00,-37,11,1,0,1,1,1,0,0,0,1,-96,0,11,2,4410042,0,44,0,384,0,"[0,0,0,0,0,0,0,0,0,0,0,0,-2,-9,-2,-9,-3,-9,-2,-9,-2,-9,-2,-9,-2,-9,-3,-8,-3,-8,-3,-8,-3,-8,-3,-8,-4,-8,-4,-8,-3,-8,-4,-8,-4,-7,-4,-8,-4,-7,-4,-8,-4,-8,-5,-8,-4,-7,-5,-7,-5,-8,-5,-7,0,0,-5,-7,-5,-8,-5,-8,-4,-8,-5,-8,-5,-8,-4,-8,-4,-8,-3,-8,-3,-8,-3,-8,-3,-8,-3,-8,-2,-8,-2,-7,-2,-7,-2,-7,-1,-6,-1,-6,-1,-6,-1,-6,-1,-6,-1,-6,0,-6,0,-5,0,-5,0,0,0,0,0,0,0,0,0,0,0,0,0,0,-25,47,-30,47,-26,44,-25,44,-25,45,-23,37,-22,39,-24,46,-19,46,-22,41,-18,42,-18,41,-16,41,-15,42,-13,43,-8,40,-11,47,-8,41,-11,41,-9,42,-13,41,-8,45,-5,44,-7,40,-8,44,-8,43,-5,42,-4,43,-5,46,-3,44,-6,44,-5,43,-3,48,0,47,-7,39,-4,44,-7,45,-9,45,-7,43,-8,41,-10,40,-13,39,-14,39,-11,37,-14,39,-13,36,-13,32,-11,35,-20,31,-18,30,-15,23,-13,27,-18,24,-16,23,-16,22,-17,21,-16,12,0,0,0,0,0,0,0,0,0,0,0,0,0,0,0,0,0,0,0,0,0,0,-46,-20,-47,-21,-45,-29,-44,-29,-47,-33,-43,-32,-43,-35,-43,-38,-46,-39,-44,-45,-44,-41,-49,-44,-44,-46,-51,-47,-42,-49,-40,-51,-43,-53,-40,-53,-41,-53,-37,-58,-38,-57,-32,-58,-33,-60,-31,-55,-32,-55,-33,-55,-25,-51,-30,-55,-29,-50,-29,-50,-31,-47,-31,-50,-30,-52,-30,-50,-29,-45,-31,-44,-30,-42,-33,-42,-35,-37,-34,-40,-31,-38,-39,-38,-38,-38,-39,-42,-31,-35,-41,-29,-39,-33,-40,-34,-45,-34,-40,-32,-43,-31,-45,-31,-40,-30,-39,-28,-48,-30,-45,-35,-45,-31,0,0]"
CSI_DATA,309,2a:00:00:00:00:00,-37,11,1,0,1,1,1,0,0,0,1,-96,0,11,2,4420018,0,44,0,384,0,"[0,0,0,0,0,0,0,0,0,0,0,0,-4,-9,-4,-9,-4,-9,-4,-10,-4,-9,-4,-9,-4,-8,-4,-8,-4,-9,-5,-8,-5,-8,-5,-8,-5,-8,-5,-8,-5,-8,-5,-7,-5,-7,-5,-7,-6,-7,-6,-7,-6,-7,-6,-7,-6,-7,-7,-7,-7,-7,-6,-7,0,0,-6,-7,-7,-7,-7,-7,-6,-7,-6,-8,-6,-8,-6,-8,-6,-7,-5,-8,-5,-7,-5,-8,-5,-8,-5,-8,-4,-8,-3,-7,-3,-7,-3,-7,-3,-6,-2,-6,-2,-6,-2,-6,-2,-6,-2,-6,-2,-6,-1,-5,-1,-5,0,0,0,0,0,0,0,0,0,0,0,0,0,0,-15,48,-21,45,-13,53,-18,41,-13,50,-16,54,-12,42,-15,45,-7,46,-6,47,-10,47,-8,46,-5,46,-5,44,-7,46,-4,44,-4,46,-1,45,-3,44,1,42,1,40,1,43,3,43,3,46,3,41,4,43,3,43,8,41,6,45,7,45,6,45,6,45,6,42,8,46,6,44,5,44,6,42,6,47,0,44,-1,44,1,43,2,43,-1,43,-3,43,-3,41,-7,36,-7,37,-9,31,-7,28,-8,31,-8,25,-9,26,-8,28,-9,25,-10,25,-11,21,-13,18,0,0,0,0,0,0,0,0,0,0,0,0,0,0,0,0,0,0,0,0,0,0,-51,-10,-51,-13,-47,-13,-54,-18,-47,-22,-48,-24,-47,-25,-50,-26,-51,-31,-59,-28,-53,-30,-52,-34,-59,-31,-54,-39,-51,-45,-48,-42,-50,-46,-50,-41,-51,-45,-46,-47,-45,-46,-50,-52,-40,-48,-44,-47,-43,-50,-43,-46,-39,-48,-41,-47,-37,-49,-36,-45,-35,-37,-40,-44,-34,-42,-38,-40,-37,-37,-38,-41,-40,-37,-41,-32,-37,-31,-40,-32,-42,-31,-42,-28,-42,-29,-45,-29,-44,-26,-45,-25,-42,-23,-48,-22,-48,-24,-46,-20,-50,-21,-52,-18,-50,-21,-47,-18,-52,-17,-50,-16,-46,-18,0,0]"
CSI_DATA,310,2a:00:00:00:00:00,-37,11,1,0,1,1,1,0,0,0,1,-96,0,11,2,4431031,0,44,0,384,0,"[0,0,0,0,0,0,0,0,0,0,0,0,-6,7,-5,7,-5,8,-5,7,-5,7,-5,7,-5,7,-5,7,-4,7,-4,7,-4,8,-4,8,-3,7,-3,7,-3,7,-3,8,-3,7,-3,8,-2,7,-2,8,-2,7,-2,7,-2,8,-1,8,-2,8,-2,8,0,0,-2,8,-2,8,-2,8,-2,8,-2,8,-2,8,-2,8,-2,8,-3,8,-3,8,-3,7,-3,7,-3,7,-3,6,-4,6,-4,6,-3,6,-4,5,-4,5,-4,4,-4,4,-4,4,-3,4,-3,3,-4,3,-4,3,0,0,0,0,0,0,0,0,0,0,0,0,0,0,52,-16,49,-7,49,-14,49,-13,54,-14,47,-13,48,-15,48,-11,48,-15,42,-18,47,-16,43,-20,45,-22,43,-23,44,-18,39,-21,41,-22,39,-26,42,-21,41,-23,38,-26,38,-21,35,-28,36,-24,35,-27,36,-26,41,-29,32,-30,36,-30,34,-35,36,-29,35,-28,34,-29,35,-27,41,-30,39,-24,38,-28,35,-26,39,-24,37,-20,42,-23,35,-20,39,-20,35,-21,37,-16,39,-17,38,-9,36,-12,32,-9,33,-7,32,-4,29,-7,29,-6,25,-5,25,-2,28,-2,25,0,0,0,0,0,0,0,0,0,0,0,0,0,0,0,0,0,0,0,0,0,0,0,19,48,14,48,15,46,11,55,10,51,9,52,5,54,6,57,6,61,1,61,3,62,6,66,2,69,1,66,-3,66,-11,67,-13,69,-11,64,-13,64,-12,60,-17,70,-19,63,-17,63,-20,63,-20,61,-14,61,-21,57,-20,58,-20,57,-19,54,-15,56,-14,59,-15,53,-16,50,-13,54,-14,52,-8,52,-6,53,-5,52,-5,51,-2,53,-2,52,1,53,1,51,3,47,6,49,7,53,11,48,4,50,8,52,7,47,6,51,7,54,13,51,10,55,16,50,12,54,0,0]"
CSI_DATA,311,2a:00:00:00:00:00,-37,11,1,0,1,1,1,0,0,0,1,-96,0,11,2,4440014,0,44,0,384,0,"[0,0,0,0,0,0,0,0,0,0,0,0,-6,-8,-6,-8,-6,-7,-6,-8,-6,-7,-6,-7,-6,-7,-6,-7,-6,-7,-7,-6,-7,-6,-7,-6,-7,-6,-7,-6,-7,-6,-7,-6,-7,-6,-7,-5,-7,-5,-7,-5,-7,-5,-7,-5,-7,-5,-8,-5,-8,-5,-8,-5,0,0,-8,-5,-8,-5,-8,-6,-7,-5,-8,-6,-8,-6,-8,-6,-7,-6,-7,-6,-7,-5,-7,-6,-6,-6,-6,-6,-6,-6,-5,-6,-5,-6,-5,-6,-4,-5,-4,-5,-3,-5,-3,-5,-3,-6,-3,-5,-3,-5,-2,-5,-2,-5,0,0,0,0,0,0,0,0,0,0,0,0,0,0,-23,52,-21,47,-15,53,-14,45,-12,48,-15,49,-14,46,-13,53,-12,45,-12,43,-10,46,-8,45,-7,48,-9,47,-7,42,-4,47,-1,49,-2,45,-2,49,-4,47,-1,49,-3,43,3,44,0,43,1,45,0,44,0,44,5,47,0,46,4,44,4,43,2,47,3,47,4,51,6,43,3,50,3,43,3,46,-3,45,1,43,-8,39,-5,46,-6,40,-4,43,-10,38,-10,34,-13,31,-10,35,-11,32,-11,27,-7,25,-10,22,-13,27,-14,24,-12,25,-11,19,-13,19,0,0,0,0,0,0,0,0,0,0,0,0,0,0,0,0,0,0,0,0,0,0,-49,-8,-58,-11,-49,-11,-55,-18,-52,-16,-50,-23,-53,-24,-53,-27,-55,-31,-50,-24,-54,-34,-55,-30,-58,-35,-56,-36,-54,-39,-52,-41,-55,-43,-50,-45,-51,-44,-46,-44,-50,-48,-49,-47,-45,-48,-48,-44,-44,-49,-43,-47,-38,-46,-42,-52,-39,-43,-41,-46,-34,-41,-42,-47,-42,-38,-39,-39,-41,-39,-40,-34,-38,-30,-45,-34,-41,-30,-43,-29,-46,-34,-44,-28,-46,-29,-44,-25,-44,-26,-45,-24,-48,-22,-45,-18,-51,-20,-48,-19,-45,-21,-49,-20,-52,-27,-50,-22,-55,-19,-58,-20,-50,-19,0,0]"
CSI_DATA,312,2a:00:00:00:00:00,-37,11,1,0,1,1,1,0,0,0,1,-96,0,11,2,4450091,0,44,0,384,0,"[0,0,0,0,0,0,0,0,0,0,0,0,-9,4,-8,4,-8,5,-8,4,-8,5,-8,4,-8,5,-7,5,-7,5,-7,5,-8,5,-7,5,-7,5,-7,5,-7,5,-7,6,-6,5,-6,6,-5,5,-6,6,-6,6,-5,6,-6,6,-6,6,-6,6,-6,6,0,0,-6,6,-6,6,-5,6,-6,7,-5,5,-6,6,-6,6,-6,6,-7,6,-7,5,-7,5,-7,4,-6,4,-6,4,-7,4,-6,3,-6,3,-6,3,-6,2,-6,2,-6,2,-5,2,-5,1,-5,1,-5,1,-5,0,0,0,0,0,0,0,0,0,0,0,0,0,0,0,48,12,55,10,53,9,49,8,52,10,51,8,45,7,49,6,50,3,49,6,50,4,46,-1,45,0,42,1,47,4,44,-6,48,-1,47,0,45,-2,42,-5,46,-9,45,-3,47,-7,40,-7,43,-7,41,-9,43,-7,43,-8,45,-8,42,-9,47,-7,47,-10,45,-9,45,-12,47,-9,43,-8,47,-8,42,-7,46,-5,44,-7,43,-1,44,2,44,2,42,0,38,4,37,3,41,4,31,4,33,9,34,5,30,7,28,6,27,7,28,7,21,10,21,12,20,13,0,0,0,0,0,0,0,0,0,0,0,0,0,0,0,0,0,0,0,0,0,0,-5,49,-7,51,-10,49,-12,54,-16,50,-15,53,-15,53,-19,52,-19,55,-23,52,-30,51,-29,51,-32,55,-36,58,-33,56,-37,50,-35,53,-38,52,-39,54,-39,49,-40,51,-36,54,-41,47,-44,45,-43,44,-43,46,-43,41,-42,43,-40,42,-42,41,-37,37,-39,41,-30,40,-32,43,-33,46,-29,40,-28,38,-29,43,-31,39,-28,41,-26,44,-20,47,-27,43,-23,46,-21,47,-18,43,-17,46,-14,49,-12,50,-19,51,-16,51,-13,48,-17,53,-15,43,-13,52,-13,54,-12,53,0,0]"
CSI_DATA,313,2a:00:00:00:00:00,-37,11,1,0,1,1,1,0,0,0,1,-96,0,11,2,4471413,0,44,0,384,0,"[0,0,0,0,0,0,0,0,0,0,0,0,2,5,6,8,5,12,1,11,1,6,5,4,8,6,7,7,6,6,6,4,8,3,8,3,8,2,8,1,9,0,9,1,7,0,6,-2,7,-6,10,-5,9,-2,6,-2,4,-5,5,-9,8,-8,8,-6,0,0,2,-7,2,-10,4,-11,5,-9,3,-7,0,-8,0,-10,1,-11,2,-10,2,-9,0,-8,-1,-8,-1,-9,-1,-9,-1,-8,-1,-7,-2,-7,-2,-6,-3,-6,-3,-6,-3,-6,-2,-6,-2,-5,-3,-4,-4,-4,-4,-5,0,0,0,0,0,0,0,0,0,0,0,0,0,0,44,-32,49,-34,43,-39,44,-36,31,-47,47,-29,42,-60,15,-23,37,-49,27,-24,33,-61,26,-33,12,-53,7,-38,11,-41,11,-49,12,-45,4,-44,7,-45,-7,-54,4,-41,3,-49,6,-52,-1,-45,-2,-56,-21,-59,-3,-30,-24,-46,-38,-52,-23,-47,-22,-39,-36,-53,-29,-52,-17,-38,-40,-28,-18,-28,-43,-32,-30,-23,-34,-45,-24,-28,-30,-28,-26,-27,-32,-34,-33,-22,-24,-28,-37,-25,-29,-23,-29,-27,-24,-24,-20,-17,-26,-17,-23,-20,-24,-13,-26,-19,-14,-9,-18,-24,-28,-25,0,0,0,0,0,0,0,0,0,0,0,0,0,0,0,0,0,0,0,0,0,0,-53,-5,-51,-8,-55,-4,-55,-3,-57,-8,-53,-4,-53,-7,-58,-5,-62,-3,-60,-5,-62,-9,-62,-3,-64,-1,-64,0,-61,-4,-68,-3,-68,7,-68,2,-65,6,-70,7,-68,5,-66,9,-67,7,-62,8,-62,9,-60,16,-56,12,-56,12,-56,19,-51,22,-51,24,-49,28,-47,33,-49,31,-41,30,-40,37,-37,36,-34,40,-28,42,-27,47,-23,45,-20,51,-20,48,-18,48,-15,49,-14,55,-9,52,-6,52,-3,53,2,57,0,53,7,54,7,52,16,52,14,50,19,50,26,52,0,0]"
CSI_DATA,314,2a:00:00:00:00:00,-37,11,1,0,1,1,1,0,0,0,1,-96,0,11,2,4480786,0,44,0,384,0,"[0,0,0,0,0,0,0,0,0,0,0,0,-3,-10,-4,-9,-4,-9,-4,-9,-4,-9,-4,-9,-4,-9,-4,-8,-4,-8,-4,-8,-4,-9,-4,-8,-5,-8,-5,-8,-5,-8,-5,-8,-5,-8,-5,-7,-5,-7,-5,-8,-5,-7,-6,-7,-5,-7,-6,-7,-6,-7,-6,-7,0,0,-6,-7,-6,-8,-6,-8,-5,-7,-5,-8,-5,-8,-5,-8,-5,-8,-5,-8,-4,-8,-4,-8,-4,-8,-3,-8,-3,-8,-2,-7,-3,-7,-2,-7,-2,-6,-2,-6,-2,-6,-2,-6,-1,-6,-1,-6,-1,-5,0,-5,0,-5,0,0,0,0,0,0,0,0,0,0,0,0,0,0,-35,44,-39,44,-31,47,-31,43,-31,41,-31,43,-28,41,-33,40,-25,43,-28,41,-24,45,-20,41,-26,43,-21,43,-29,41,-21,43,-21,51,-22,44,-18,41,-19,43,-19,43,-20,41,-12,43,-15,41,-16,40,-12,41,-11,41,-15,42,-11,47,-9,45,-12,44,-15,43,-15,42,-14,46,-14,41,-18,45,-16,45,-16,48,-20,38,-17,45,-21,40,-21,36,-22,39,-20,38,-25,34,-25,30,-23,28,-26,27,-22,22,-24,22,-21,23,-23,22,-21,20,-20,16,-24,21,-20,14,-22,13,0,0,0,0,0,0,0,0,0,0,0,0,0,0,0,0,0,0,0,0,0,0,-50,-23,-45,-24,-46,-24,-46,-26,-47,-32,-44,-31,-48,-32,-44,-34,-45,-39,-46,-39,-47,-41,-44,-42,-47,-50,-45,-51,-43,-54,-40,-56,-40,-59,-41,-57,-41,-55,-32,-57,-36,-58,-36,-57,-33,-54,-32,-60,-30,-55,-29,-56,-25,-57,-30,-52,-24,-54,-31,-51,-26,-52,-31,-54,-25,-44,-31,-47,-29,-45,-29,-46,-31,-43,-28,-45,-31,-38,-34,-42,-32,-43,-33,-38,-34,-42,-38,-42,-35,-40,-39,-35,-36,-38,-42,-32,-42,-34,-43,-40,-46,-38,-43,-35,-44,-38,-41,-36,-48,-33,-48,-39,-52,-35,0,0]"
CSI_DATA,315,2a:00:00:00:00:00,-37,11,1,0,1,1,1,0,0,0,1,-96,0,11,2,4490257,0,44,0,384,0,"[0,0,0,0,0,0,0,0,0,0,0,0,7,-6,7,-6,7,-7,7,-6,6,-6,6,-6,6,-7,6,-7,6,-7,5,-7,6,-7,6,-7,5,-7,5,-7,5,-6,5,-8,5,-7,5,-8,4,-7,4,-8,4,-7,4,-8,5,-7,4,-8,4,-8,4,-8,0,0,4,-8,4,-8,4,-8,4,-8,4,-7,4,-8,4,-8,4,-7,5,-7,5,-7,6,-7,5,-6,5,-5,5,-5,5,-6,5,-5,5,-5,5,-4,5,-4,4,-4,4,-4,4,-3,4,-3,4,-3,4,-2,4,-2,0,0,0,0,0,0,0,0,0,0,0,0,0,0,-61,1,-50,-6,-52,1,-50,-2,-52,0,-50,-3,-48,2,-53,-1,-51,0,-48,2,-52,6,-49,10,-49,9,-49,6,-48,2,-47,9,-49,11,-46,11,-45,14,-44,10,-44,15,-45,13,-38,19,-39,18,-41,15,-39,11,-43,15,-38,14,-43,13,-47,19,-43,14,-45,18,-41,16,-44,17,-41,15,-41,13,-45,17,-45,14,-40,18,-46,12,-44,14,-42,8,-43,8,-43,8,-41,5,-36,3,-39,0,-36,2,-31,0,-32,-2,-29,3,-31,-2,-28,-1,-27,-3,-26,-3,-26,-7,-20,-9,0,0,0,0,0,0,0,0,0,0,0,0,0,0,0,0,0,0,0,0,0,0,-9,-50,-2,-50,-2,-51,3,-54,6,-52,6,-52,6,-53,6,-57,8,-58,10,-55,17,-59,19,-57,17,-61,22,-63,23,-60,25,-58,25,-59,26,-58,24,-60,28,-58,26,-58,33,-57,30,-53,33,-50,36,-54,33,-54,32,-49,32,-52,31,-48,30,-51,25,-45,26,-51,22,-50,20,-50,22,-48,22,-47,18,-45,17,-50,20,-44,17,-49,16,-54,13,-48,13,-49,15,-52,5,-50,12,-53,5,-54,1,-54,8,-52,2,-53,6,-52,4,-56,6,-54,5,-52,5,-57,-1,-53,1,-56,0,0]"
CSI_DATA,316,2a:00:00:00:00:00,-37,11,1,0,1,1,1,0,0,0,1,-96,0,11,2,4510150,0,44,0,384,0,"[0,0,0,0,0,0,0,0,0,0,0,0,9,2,8,2,8,2,8,2,8,2,8,1,8,1,8,1,8,1,8,1,8,1,8,0,8,1,8,0,8,1,8,0,8,-1,8,0,7,0,7,0,8,0,8,-1,8,-1,8,-1,8,-1,8,-1,0,0,8,-1,8,-1,8,-1,8,-1,7,0,8,0,8,0,8,0,8,0,8,0,7,0,7,1,7,1,7,1,6,1,6,1,6,1,5,1,5,1,5,2,5,2,4,2,4,2,4,2,4,2,3,2,0,0,0,0,0,0,0,0,0,0,0,0,0,0,-20,-57,-19,-54,-24,-52,-20,-52,-25,-54,-24,-47,-18,-48,-19,-51,-23,-44,-25,-41,-25,-41,-26,-43,-25,-44,-28,-39,-27,-41,-30,-37,-29,-40,-24,-41,-31,-38,-27,-36,-37,-35,-33,-36,-33,-31,-36,-31,-29,-33,-33,-36,-30,-29,-35,-31,-36,-38,-38,-28,-32,-32,-36,-35,-35,-30,-36,-35,-33,-32,-29,-36,-33,-34,-35,-37,-31,-37,-29,-34,-27,-34,-26,-35,-23,-36,-21,-37,-22,-36,-18,-35,-15,-33,-18,-34,-11,-32,-13,-27,-14,-31,-11,-28,-7,-30,-8,-29,-7,-28,-2,-26,-2,-25,0,0,0,0,0,0,0,0,0,0,0,0,0,0,0,0,0,0,0,0,0,0,44,-24,47,-26,46,-25,52,-18,51,-19,50,-19,57,-15,52,-12,59,-17,56,-14,62,-7,62,-10,61,-10,66,-6,64,-5,65,-4,69,-3,62,1,65,0,64,0,63,4,65,7,67,4,63,8,63,10,63,4,61,8,61,7,56,7,61,6,49,4,56,8,51,2,51,0,57,5,56,-2,50,1,50,-2,54,-4,52,-4,53,-5,51,-9,51,-10,57,-15,50,-13,49,-11,46,-18,51,-15,53,-14,52,-16,52,-14,51,-22,50,-20,54,-19,52,-21,51,-23,53,-27,0,0]"
CSI_DATA,317,2a:00:00:00:00:00,-37,11,1,0,1,1,1,0,0,0,1,-96,0,11,2,4520356,0,44,0,384,0,"[0,0,0,0,0,0,0,0,0,0,0,0,-11,-1,-10,-1,-10,-1,-10,-1,-10,-1,-10,0,-10,0,-10,0,-10,0,-9,0,-10,0,-10,1,-9,1,-9,0,-9,1,-9,2,-9,2,-9,2,-9,2,-9,2,-9,2,-9,2,-9,2,-9,2,-9,2,-9,3,0,0,-9,3,-9,2,-9,2,-9,3,-9,2,-9,2,-9,2,-9,2,-9,2,-9,1,-9,1,-8,0,-8,0,-8,0,-8,0,-8,0,-7,-1,-7,-1,-7,-1,-7,-1,-6,-1,-6,-1,-6,-1,-5,-2,-5,-2,-5,-2,0,0,0,0,0,0,0,0,0,0,0,0,0,0,38,31,40,32,38,32,38,29,42,29,37,31,40,31,38,28,38,30,41,22,41,23,37,26,41,21,36,25,38,25,38,28,41,22,38,18,34,20,43,17,43,13,42,17,38,14,40,11,38,13,41,11,41,14,40,14,43,13,46,13,41,14,42,9,45,9,43,12,42,8,40,11,43,12,43,13,41,14,42,11,39,13,39,18,36,20,33,18,33,17,30,16,29,15,29,15,24,17,25,12,24,15,23,19,22,16,22,16,17,15,15,18,15,16,0,0,0,0,0,0,0,0,0,0,0,0,0,0,0,0,0,0,0,0,0,0,-32,33,-34,32,-35,33,-38,33,-43,29,-41,28,-45,31,-46,33,-45,31,-50,30,-52,29,-53,26,-55,26,-55,25,-54,23,-57,24,-60,22,-61,23,-57,18,-55,22,-57,19,-59,21,-61,18,-60,10,-61,11,-55,15,-52,9,-50,13,-55,18,-54,16,-56,16,-52,14,-51,15,-51,17,-48,20,-48,18,-47,19,-47,19,-46,21,-45,21,-44,21,-46,28,-43,29,-40,29,-39,28,-39,32,-39,32,-37,38,-39,34,-41,34,-44,36,-36,36,-37,34,-37,38,-41,36,-38,37,-38,38,0,0]"
CSI_DATA,318,2a:00:00:00:00:00,-37,11,1,0,1,1,1,0,0,0,1,-96,0,11,2,4530378,0,44,0,384,0,"[0,0,0,0,0,0,0,0,0,0,0,0,-9,4,-9,4,-8,4,-8,4,-8,4,-8,4,-8,4,-8,5,-8,5,-7,4,-8,5,-7,5,-7,5,-7,5,-7,5,-7,6,-6,5,-6,5,-6,5,-6,5,-6,5,-5,6,-6,5,-5,6,-6,6,-6,6,0,0,-6,6,-6,6,-5,6,-6,6,-6,6,-6,6,-6,6,-6,5,-7,5,-7,5,-7,5,-6,4,-6,4,-6,4,-6,3,-6,3,-6,3,-6,3,-6,2,-6,2,-6,2,-5,2,-5,2,-5,1,-5,1,-5,0,0,0,0,0,0,0,0,0,0,0,0,0,0,0,54,9,50,5,57,16,52,10,49,5,50,4,50,5,48,8,49,6,49,6,49,2,46,3,47,1,45,0,48,1,43,-3,45,2,45,-2,46,-2,42,-8,47,-7,44,-5,47,-11,42,-9,42,-6,40,-6,39,-11,45,-12,46,-10,47,-16,43,-14,48,-13,43,-9,42,-12,40,-9,43,-5,48,-9,43,-9,45,-6,46,-8,42,-1,45,-6,40,-2,41,-1,39,-1,38,2,41,1,33,3,32,4,34,7,32,6,28,6,28,6,22,7,26,7,24,5,23,8,0,0,0,0,0,0,0,0,0,0,0,0,0,0,0,0,0,0,0,0,0,0,-7,49,-8,52,-12,48,-15,53,-16,50,-19,50,-21,48,-24,51,-21,52,-25,53,-27,53,-31,53,-31,59,-30,53,-36,54,-37,50,-36,57,-38,48,-43,53,-40,48,-42,47,-44,46,-43,47,-44,45,-45,46,-43,50,-37,42,-41,42,-39,42,-41,47,-32,43,-34,45,-36,40,-34,44,-33,44,-32,40,-28,44,-23,45,-26,43,-26,43,-18,46,-20,48,-21,52,-21,48,-18,45,-19,51,-18,52,-16,49,-16,47,-17,46,-15,46,-14,53,-20,53,-16,42,-11,51,-14,52,-13,55,0,0]"
CSI_DATA,319,2a:00:00:00:00:00,-37,11,1,0,1,1,1,0,0,0,1,-96,0,11,2,4540041,0,44,0,384,0,"[0,0,0,0,0,0,0,0,0,0,0,0,5,6,6,6,6,6,6,7,6,6,6,6,6,5,6,5,6,5,6,5,6,5,6,5,6,5,6,5,6,5,7,4,6,4,6,4,7,4,7,4,6,4,7,3,6,3,7,4,7,4,7,3,0,0,7,3,7,3,7,4,7,3,7,4,7,4,7,4,7,4,7,4,6,4,6,4,5,5,5,5,5,5,4,4,4,4,4,4,4,4,3,4,3,4,3,4,3,4,2,4,2,4,2,4,1,3,0,0,0,0,0,0,0,0,0,0,0,0,0,0,-9,-57,-3,-55,-9,-52,-8,-54,-7,-50,-11,-51,-13,-48,-12,-55,-12,-49,-11,-48,-13,-44,-12,-49,-14,-46,-11,-48,-15,-49,-17,-44,-17,-50,-21,-44,-18,-46,-22,-43,-22,-40,-20,-41,-27,-41,-22,-41,-22,-42,-24,-40,-24,-37,-27,-47,-24,-40,-27,-40,-26,-37,-24,-38,-26,-39,-24,-43,-24,-38,-18,-40,-19,-41,-23,-46,-21,-47,-19,-40,-16,-43,-16,-40,-17,-44,-15,-39,-11,-48,-9,-33,-8,-39,-6,-39,-7,-37,-4,-33,-2,-33,-4,-33,-2,-29,2,-29,-1,-27,-2,-25,0,-26,0,0,0,0,0,0,0,0,0,0,0,0,0,0,0,0,0,0,0,0,0,0,51,-14,53,-10,53,-9,55,-8,52,-5,56,-2,56,-1,56,1,54,5,58,5,64,4,61,5,66,9,66,9,61,11,63,10,68,15,61,18,67,16,64,20,60,25,60,24,55,24,64,23,58,25,60,23,54,22,56,25,59,19,60,22,46,20,58,20,52,16,52,19,51,18,50,18,51,14,53,10,52,10,55,6,53,7,52,7,54,5,53,7,53,4,56,2,56,5,53,2,56,-2,56,0,59,-6,56,-3,55,-4,53,-7,58,-9,50,-5,58,-10,0,0]"
CSI_DATA,320,2a:00:00:00:00:00,-37,11,1,0,1,1,1,0,0,0,1,-96,0,11,2,4560014,0,44,0,384,0,"[0,0,0,0,0,0,0,0,0,0,0,0,7,5,7,5,7,5,7,5,7,5,7,5,7,4,7,4,7,4,7,4,7,4,7,3,7,4,7,3,7,3,8,3,7,2,7,2,8,3,8,2,7,3,7,2,7,2,8,2,8,2,8,2,0,0,8,2,8,2,8,2,8,2,8,2,8,3,8,3,7,3,7,3,7,3,7,3,7,4,6,4,6,4,5,3,5,3,5,4,5,3,4,3,4,3,4,3,4,4,3,4,3,4,3,3,2,3,0,0,0,0,0,0,0,0,0,0,0,0,0,0,-3,-58,2,-58,-8,-59,-7,-53,-7,-52,-7,-55,-3,-53,-9,-54,-7,-50,-13,-48,-9,-44,-11,-47,-12,-45,-13,-45,-10,-43,-17,-42,-16,-50,-17,-44,-15,-43,-17,-40,-24,-40,-19,-42,-20,-43,-18,-43,-19,-43,-20,-44,-22,-40,-25,-43,-24,-45,-25,-44,-23,-41,-25,-44,-20,-44,-22,-42,-23,-38,-22,-45,-22,-45,-18,-42,-18,-46,-15,-37,-14,-44,-13,-42,-10,-44,-13,-42,-9,-40,-9,-36,-5,-39,-5,-35,-7,-33,-4,-32,-3,-31,0,-31,0,-31,0,-26,0,-28,1,-28,3,-25,0,0,0,0,0,0,0,0,0,0,0,0,0,0,0,0,0,0,0,0,0,0,50,-10,50,-9,53,-4,56,-1,55,-3,54,1,55,2,55,1,63,3,60,6,60,11,61,9,66,9,68,14,63,18,61,19,64,19,56,25,63,21,60,22,60,22,62,25,58,29,59,25,57,26,59,26,52,32,58,34,54,25,54,27,50,24,54,20,51,21,50,19,54,18,53,18,48,15,48,13,50,13,53,11,54,13,53,5,52,7,54,8,52,5,53,4,51,4,50,2,57,5,57,2,57,-3,52,-3,57,0,52,-3,55,-2,58,-3,60,-1,0,0]"
CSI_DATA,321,2a:00:00:00:00:00,-37,11,1,0,1,1,1,0,0,0,1,-96,0,11,2,4570046,0,44,0,384,0,"[0,0,0,0,0,0,0,0,0,0,0,0,9,-2,9,-2,8,-2,9,-1,9,-2,9,-2,9,-3,8,-3,8,-3,8,-3,8,-3,8,-3,8,-3,8,-3,7,-3,8,-4,7,-4,7,-4,7,-4,7,-4,7,-4,7,-4,7,-4,7,-5,7,-4,7,-5,0,0,7,-5,7,-4,7,-4,7,-5,7,-4,7,-4,7,-4,7,-4,8,-4,8,-4,8,-3,7,-3,7,-2,7,-2,7,-2,7,-2,6,-1,6,-1,6,-1,6,-1,5,-1,5,0,5,0,4,0,5,0,4,0,0,0,0,0,0,0,0,0,0,0,0,0,0,0,-32,-46,-37,-44,-36,-42,-34,-38,-40,-37,-37,-40,-33,-38,-37,-34,-40,-37,-35,-35,-35,-33,-36,-32,-39,-28,-36,-32,-37,-32,-43,-27,-39,-30,-39,-27,-39,-26,-40,-26,-45,-25,-37,-25,-39,-18,-36,-20,-40,-24,-42,-16,-45,-18,-46,-17,-41,-19,-45,-16,-42,-20,-47,-21,-44,-22,-42,-19,-46,-17,-43,-21,-39,-19,-42,-22,-39,-24,-42,-24,-41,-25,-38,-24,-37,-27,-37,-25,-33,-27,-33,-26,-31,-26,-28,-26,-28,-25,-23,-25,-25,-22,-19,-22,-15,-21,-18,-22,-18,-25,-15,-22,-14,-23,0,0,0,0,0,0,0,0,0,0,0,0,0,0,0,0,0,0,0,0,0,0,35,-39,31,-40,34,-37,45,-36,42,-33,41,-31,43,-32,49,-29,53,-32,51,-34,59,-29,56,-27,58,-33,57,-27,62,-27,63,-24,63,-22,63,-20,62,-20,69,-17,63,-18,67,-14,63,-20,60,-16,63,-10,58,-19,61,-14,63,-11,61,-9,58,-15,50,-14,55,-14,52,-16,52,-15,55,-16,51,-17,52,-20,49,-22,50,-24,50,-22,45,-19,44,-23,46,-27,46,-30,42,-30,50,-30,42,-28,45,-32,41,-34,44,-29,42,-32,39,-36,43,-38,41,-40,41,-36,45,-39,42,-36,0,0]"
CSI_DATA,322,2a:00:00:00:00:00,-37,11,1,0,1,1,1,0,0,0,1,-96,0,11,2,4600040,0,44,0,384,0,"[0,0,0,0,0,0,0,0,0,0,0,0,5,-9,5,-8,5,-9,5,-8,4,-9,4,-8,4,-8,4,-9,4,-8,3,-9,4,-9,3,-9,3,-9,3,-8,3,-8,2,-9,2,-8,2,-9,2,-8,2,-9,2,-9,2,-9,2,-9,1,-9,1,-9,1,-9,0,0,1,-9,1,-9,1,-9,2,-9,1,-9,2,-9,2,-9,2,-9,2,-8,3,-9,3,-8,3,-8,3,-8,3,-7,3,-7,3,-7,3,-7,3,-6,3,-5,3,-5,3,-5,3,-5,3,-5,3,-4,3,-4,3,-3,0,0,0,0,0,0,0,0,0,0,0,0,0,0,-52,6,-54,6,-59,11,-54,10,-55,11,-49,7,-44,10,-52,16,-47,8,-48,12,-46,18,-44,15,-48,18,-42,13,-43,16,-42,19,-46,21,-42,22,-42,22,-41,18,-41,21,-38,21,-36,27,-39,22,-39,22,-39,22,-40,24,-36,23,-40,22,-39,26,-35,25,-37,25,-34,22,-39,24,-39,26,-39,21,-37,22,-37,25,-38,19,-43,19,-39,16,-43,17,-40,16,-42,19,-37,12,-36,10,-38,8,-33,10,-35,9,-31,3,-30,5,-32,2,-27,4,-25,1,-24,3,-28,0,-25,-4,0,0,0,0,0,0,0,0,0,0,0,0,0,0,0,0,0,0,0,0,0,0,-14,-46,-13,-50,-10,-51,-9,-52,-6,-55,-4,-52,-3,-53,-1,-55,-3,-61,2,-59,7,-59,5,-59,4,-66,8,-65,14,-70,12,-63,14,-68,15,-61,11,-62,16,-60,16,-67,21,-59,23,-61,20,-59,25,-56,20,-58,20,-56,19,-58,19,-51,18,-55,17,-52,16,-54,14,-57,12,-52,14,-57,14,-51,9,-51,9,-52,8,-51,2,-54,4,-52,3,-52,2,-56,3,-52,1,-56,-5,-56,1,-54,-7,-56,-5,-56,-2,-53,-3,-53,-7,-58,-6,-60,-5,-48,-11,-57,-11,-56,-9,-53,0,0]"
CSI_DATA,323,2a:00:00:00:00:00,-37,11,1,0,1,1,1,0,0,0,1,-96,0,11,2,4610790,0,44,0,384,0,"[0,0,0,0,0,0,0,0,0,0,0,0,8,4,8,4,8,4,8,5,8,4,8,4,8,3,8,3,8,3,8,3,8,3,8,3,8,3,8,3,8,3,8,2,8,2,7,1,8,2,8,2,8,2,8,2,7,1,8,1,8,1,8,1,0,0,8,1,8,2,9,2,8,1,8,2,8,2,8,2,8,2,8,2,7,2,7,2,7,3,7,3,7,3,6,3,6,3,6,3,5,3,5,3,4,3,4,3,4,3,3,3,3,3,3,3,3,3,0,0,0,0,0,0,0,0,0,0,0,0,0,0,-12,-57,-11,-54,-5,-51,-10,-52,-15,-54,-11,-53,-12,-54,-10,-53,-13,-48,-13,-49,-20,-42,-13,-48,-15,-51,-13,-48,-13,-44,-16,-45,-17,-47,-18,-44,-16,-43,-20,-39,-23,-43,-21,-39,-22,-39,-25,-40,-23,-40,-27,-38,-24,-37,-24,-39,-24,-43,-23,-38,-28,-40,-28,-43,-27,-39,-29,-38,-21,-35,-17,-44,-22,-38,-25,-40,-18,-42,-20,-41,-20,-37,-17,-39,-14,-44,-15,-44,-15,-41,-15,-36,-11,-39,-13,-36,-8,-32,-5,-30,-8,-33,-1,-32,-4,-29,0,-28,0,-28,2,-26,-2,-24,0,0,0,0,0,0,0,0,0,0,0,0,0,0,0,0,0,0,0,0,0,0,47,-12,51,-12,52,-10,51,-4,51,-6,55,-5,54,-5,53,-2,62,-1,58,2,59,7,58,4,66,7,65,11,67,15,59,13,66,14,57,16,62,18,62,15,60,15,66,22,56,20,56,22,57,24,60,23,55,25,57,24,51,21,58,20,47,17,56,16,51,15,52,19,53,13,52,10,48,11,50,11,52,13,56,3,56,6,51,2,50,7,52,-1,50,3,52,1,52,-1,50,-6,54,-5,48,-1,52,-3,55,-9,55,-9,46,-10,55,-6,60,-5,54,-10,0,0]"
CSI_DATA,324,2a:00:00:00:00:00,-37,11,1,0,1,1,1,0,0,0,1,-96,0,11,2,4630593,0,44,0,384,0,"[0,0,0,0,0,0,0,0,0,0,0,0,-9,3,-9,3,-9,3,-9,3,-8,3,-9,3,-8,4,-8,4,-8,4,-7,4,-8,4,-8,4,-7,4,-7,4,-7,4,-7,5,-7,5,-7,5,-6,5,-6,5,-6,5,-6,5,-6,5,-6,5,-7,5,-7,6,0,0,-6,6,-6,5,-6,6,-6,6,-6,5,-6,5,-7,5,-6,5,-7,5,-7,5,-7,5,-7,4,-7,3,-7,3,-7,3,-7,3,-6,3,-6,3,-6,2,-6,2,-6,2,-5,1,-5,1,-5,1,-5,1,-5,0,0,0,0,0,0,0,0,0,0,0,0,0,0,0,51,24,47,16,56,18,48,16,51,18,51,12,47,15,51,14,43,12,50,13,44,9,48,10,49,8,43,9,43,6,45,7,48,8,47,6,46,6,44,4,52,2,45,0,45,-3,43,-1,42,-1,45,1,43,-3,46,-1,47,0,49,-5,45,-5,50,-1,44,-5,47,-5,45,1,46,0,39,-1,45,1,42,1,46,6,42,7,44,7,40,8,41,6,37,8,38,5,36,8,34,10,30,13,31,8,25,13,28,12,28,13,23,10,24,11,18,12,22,15,0,0,0,0,0,0,0,0,0,0,0,0,0,0,0,0,0,0,0,0,0,0,-9,49,-14,50,-15,47,-18,49,-19,45,-25,42,-24,47,-28,47,-31,51,-25,50,-33,50,-37,49,-37,53,-41,55,-44,50,-44,44,-47,49,-45,44,-41,48,-47,44,-45,42,-49,43,-42,41,-47,40,-52,38,-50,37,-48,38,-51,37,-44,37,-46,38,-42,33,-44,39,-38,37,-40,36,-41,38,-39,38,-30,38,-32,40,-36,38,-35,39,-30,46,-27,46,-33,43,-30,45,-25,44,-30,48,-29,47,-24,47,-20,48,-23,47,-25,46,-25,49,-24,51,-21,47,-24,49,-22,51,-18,53,0,0]"
CSI_DATA,325,2a:00:00:00:00:00,-36,11,1,0,1,1,1,0,0,0,1,-96,0,11,2,4640096,0,44,0,384,0,"[0,0,0,0,0,0,0,0,0,0,0,0,-10,-3,-9,-3,-10,-3,-10,-3,-9,-3,-9,-2,-9,-2,-9,-2,-9,-2,-9,-2,-9,-2,-9,-1,-9,-1,-9,-1,-9,-1,-9,0,-9,0,-9,0,-8,0,-9,0,-8,0,-9,0,-9,0,-9,0,-9,0,-9,1,0,0,-9,1,-9,0,-9,0,-9,1,-9,0,-9,0,-9,0,-9,-1,-9,0,-9,0,-9,-1,-8,-1,-8,-2,-8,-2,-8,-1,-7,-2,-7,-2,-7,-2,-7,-2,-6,-2,-6,-2,-5,-3,-5,-3,-5,-3,-5,-3,-4,-3,0,0,0,0,0,0,0,0,0,0,0,0,0,0,25,45,23,47,26,47,23,46,30,45,27,46,25,42,26,41,25,42,28,40,30,39,31,38,33,35,33,37,29,34,33,38,34,33,31,30,32,31,33,29,37,31,34,27,36,27,36,26,34,29,34,28,32,27,34,29,34,31,39,26,35,27,39,26,33,24,39,25,36,23,34,26,36,28,38,30,37,30,35,25,32,24,29,33,24,35,24,33,22,30,23,32,21,32,20,29,17,25,15,26,18,28,14,26,15,27,13,26,6,24,9,23,7,24,0,0,0,0,0,0,0,0,0,0,0,0,0,0,0,0,0,0,0,0,0,0,-38,28,-44,25,-42,24,-48,25,-47,23,-53,19,-51,18,-51,20,-59,18,-51,16,-63,13,-61,15,-63,14,-64,9,-67,11,-63,2,-63,8,-60,9,-65,6,-64,0,-66,4,-72,0,-66,0,-61,-4,-63,-5,-65,-3,-63,-7,-62,1,-57,-4,-61,-2,-57,3,-62,2,-53,2,-55,0,-56,1,-52,3,-50,7,-50,4,-53,4,-52,12,-56,10,-52,16,-50,18,-52,17,-49,13,-50,22,-51,20,-50,21,-53,19,-50,21,-46,20,-53,29,-52,20,-48,18,-54,26,-54,23,-50,28,0,0]"
CSI_DATA,326,2a:00:00:00:00:00,-37,11,1,0,1,1,1,0,0,0,1,-96,0,11,2,4650044,0,44,0,384,0,"[0,0,0,0,0,0,0,0,0,0,0,0,-8,-6,-8,-6,-8,-6,-8,-6,-8,-6,-8,-5,-8,-5,-8,-5,-7,-5,-8,-5,-8,-4,-8,-4,-8,-4,-8,-4,-8,-4,-8,-4,-8,-3,-8,-3,-8,-3,-8,-3,-8,-4,-8,-4,-8,-3,-8,-3,-9,-3,-8,-3,0,0,-8,-3,-9,-3,-9,-3,-8,-3,-8,-3,-8,-4,-8,-4,-8,-4,-8,-4,-8,-3,-7,-4,-7,-4,-7,-4,-7,-5,-6,-4,-6,-4,-6,-5,-5,-4,-5,-4,-5,-4,-5,-4,-4,-5,-4,-4,-4,-4,-4,-4,-3,-4,0,0,0,0,0,0,0,0,0,0,0,0,0,0,0,54,-2,62,4,51,-3,50,-2,50,0,50,4,53,1,50,4,48,5,46,8,50,7,47,6,46,7,44,4,45,9,47,12,44,11,44,10,41,13,47,9,40,13,42,16,41,13,38,14,39,15,46,16,40,16,39,20,44,20,39,16,42,19,43,18,41,21,40,17,45,16,43,17,45,15,41,15,42,10,42,13,41,6,41,3,41,9,39,2,39,5,33,4,34,-1,37,4,32,-2,28,-3,30,-4,28,-1,27,-4,28,-4,25,-4,26,-8,25,0,0,0,0,0,0,0,0,0,0,0,0,0,0,0,0,0,0,0,0,0,0,-52,11,-46,7,-52,6,-54,4,-54,2,-52,0,-55,-1,-55,-5,-60,-5,-58,-6,-62,-10,-62,-9,-63,-15,-68,-11,-57,-15,-66,-21,-63,-18,-66,-26,-62,-22,-61,-25,-56,-26,-62,-31,-59,-26,-57,-27,-59,-26,-56,-24,-55,-30,-53,-29,-51,-28,-52,-26,-52,-25,-52,-26,-48,-22,-50,-19,-50,-21,-50,-22,-50,-14,-54,-16,-53,-10,-57,-13,-51,-12,-51,-13,-50,-10,-57,-14,-49,-7,-54,-11,-54,-7,-55,-3,-52,-4,-57,-2,-57,-7,-55,2,-56,-1,-51,1,-57,0,-56,-2,-54,1,0,0]"
CSI_DATA,327,2a:00:00:00:00:00,-37,11,1,0,1,1,1,0,0,0,1,-96,0,11,2,4680067,0,44,0,384,0,"[0,0,0,0,0,0,0,0,0,0,0,0,-8,5,-8,6,-7,5,-8,5,-7,5,-7,5,-7,5,-7,6,-7,5,-6,5,-7,6,-6,6,-6,6,-6,6,-6,6,-6,6,-6,6,-5,6,-5,6,-5,6,-5,6,-5,6,-5,6,-5,6,-5,7,-5,7,0,0,-5,7,-5,6,-5,7,-5,7,-5,6,-6,6,-6,6,-5,6,-6,6,-6,5,-7,6,-6,5,-6,4,-6,4,-6,3,-7,4,-6,3,-6,3,-6,3,-6,2,-6,2,-5,2,-5,2,-5,1,-5,1,-5,1,0,0,0,0,0,0,0,0,0,0,0,0,0,0,50,19,48,19,55,16,55,17,48,14,49,13,47,13,49,12,47,14,47,11,49,9,47,6,49,8,46,7,42,9,45,2,48,5,45,3,47,3,42,1,47,-1,46,2,43,-4,45,-3,44,-1,49,-2,46,-2,45,-7,48,-4,50,-6,46,-3,48,-2,42,-5,42,-4,43,-6,48,-4,45,-7,45,-3,45,0,43,3,43,0,43,7,45,7,44,8,45,7,38,11,35,14,33,7,30,16,30,10,26,14,26,14,25,11,22,11,24,13,24,12,21,14,0,0,0,0,0,0,0,0,0,0,0,0,0,0,0,0,0,0,0,0,0,0,-10,50,-9,50,-11,48,-18,49,-20,53,-20,54,-21,48,-24,53,-27,56,-25,50,-33,55,-31,49,-31,60,-36,54,-43,55,-42,51,-43,56,-43,49,-41,53,-44,46,-46,44,-47,50,-45,43,-46,44,-48,40,-44,48,-50,42,-48,41,-45,39,-44,43,-41,35,-39,40,-40,37,-38,37,-38,36,-38,41,-31,37,-31,41,-30,44,-29,44,-30,43,-26,44,-29,47,-30,43,-26,48,-27,43,-26,44,-20,48,-19,50,-23,44,-21,47,-21,53,-23,54,-25,48,-20,57,-21,48,-21,53,0,0]"
CSI_DATA,328,2a:00:00:00:00:00,-37,11,1,0,1,1,1,0,0,0,1,-96,0,11,2,4691019,0,44,0,384,0,"[0,0,0,0,0,0,0,0,0,0,0,0,5,7,5,6,6,7,5,7,6,7,5,6,6,6,6,6,6,6,6,6,6,5,6,5,6,5,6,5,6,5,7,4,6,4,6,4,6,4,7,4,7,4,7,4,7,4,7,3,7,4,7,3,0,0,7,3,7,4,7,3,7,3,7,4,7,4,7,4,7,4,6,4,6,4,6,4,6,4,5,5,5,4,5,4,4,4,5,5,4,4,3,4,3,4,3,4,3,4,3,4,2,4,2,4,1,3,0,0,0,0,0,0,0,0,0,0,0,0,0,0,3,-56,-2,-60,-2,-56,2,-52,0,-57,2,-51,-2,-50,-4,-52,-5,-52,-7,-48,-5,-46,-6,-46,-8,-48,-8,-45,-5,-47,-11,-45,-8,-51,-13,-46,-12,-42,-15,-47,-16,-44,-11,-43,-21,-40,-17,-43,-20,-43,-15,-46,-20,-39,-21,-42,-18,-43,-22,-43,-19,-44,-22,-48,-18,-44,-18,-47,-19,-40,-19,-46,-19,-43,-19,-46,-14,-45,-13,-43,-13,-43,-11,-43,-7,-44,-10,-43,-8,-42,-8,-36,-6,-36,-4,-39,-4,-31,-3,-32,-3,-32,0,-31,0,-31,0,-27,2,-24,6,-25,6,-26,0,0,0,0,0,0,0,0,0,0,0,0,0,0,0,0,0,0,0,0,0,0,45,-4,51,0,54,-1,55,5,54,5,54,3,55,7,53,12,59,12,57,11,57,17,62,17,63,18,63,21,63,25,59,29,64,30,56,31,59,26,59,31,58,32,59,31,52,30,53,31,56,37,56,32,53,36,51,33,47,32,50,32,49,28,48,27,47,24,47,24,51,21,45,24,46,19,50,18,50,15,52,14,50,19,53,16,50,12,51,12,43,12,47,4,47,8,47,4,49,3,52,6,52,7,55,3,58,2,55,7,58,3,57,-3,58,5,0,0]"
CSI_DATA,329,2a:00:00:00:00:00,-37,11,1,0,1,1,1,0,0,0,1,-96,0,11,2,4700260,0,44,0,384,0,"[0,0,0,0,0,0,0,0,0,0,0,0,6,-8,5,-8,5,-8,5,-8,5,-8,5,-8,5,-8,5,-8,5,-7,4,-8,4,-8,4,-8,4,-8,3,-8,3,-8,3,-8,3,-8,3,-8,3,-8,3,-8,3,-8,2,-8,3,-8,2,-8,2,-8,3,-8,0,0,3,-9,2,-9,3,-9,3,-9,3,-8,3,-8,3,-8,3,-8,4,-8,4,-8,4,-7,4,-7,4,-7,4,-6,4,-6,4,-6,4,-6,4,-5,4,-5,4,-4,4,-4,3,-4,4,-4,3,-3,4,-3,4,-3,0,0,0,0,0,0,0,0,0,0,0,0,0,0,-56,-11,-56,-7,-53,-3,-53,-4,-54,-1,-50,-2,-51,-2,-52,-5,-53,-4,-49,-1,-51,1,-52,-1,-50,3,-49,2,-43,2,-48,1,-53,9,-49,9,-49,5,-42,8,-47,5,-48,10,-43,14,-40,11,-40,9,-43,11,-45,10,-44,12,-46,10,-48,13,-49,16,-47,13,-46,12,-43,16,-46,11,-43,9,-47,7,-46,9,-45,9,-49,6,-45,4,-46,1,-39,2,-44,3,-37,3,-40,1,-36,-5,-36,0,-36,-7,-36,-5,-33,-4,-30,-6,-27,-6,-28,-5,-24,-9,-25,-9,-23,-13,0,0,0,0,0,0,0,0,0,0,0,0,0,0,0,0,0,0,0,0,0,0,-2,-51,0,-50,0,-52,4,-53,10,-56,12,-52,8,-57,11,-54,14,-58,18,-58,22,-58,23,-59,21,-62,25,-62,26,-60,26,-57,28,-63,31,-59,31,-55,33,-57,33,-55,35,-58,37,-52,37,-52,38,-51,36,-54,38,-48,36,-48,33,-47,29,-51,31,-49,29,-46,29,-46,29,-48,27,-45,23,-50,22,-49,27,-47,24,-47,20,-51,20,-49,16,-53,18,-53,12,-53,17,-49,13,-57,13,-53,13,-53,10,-56,11,-53,12,-52,11,-59,13,-59,11,-52,8,-60,9,-52,5,-63,0,0]"
CSI_DATA,330,2a:00:00:00:00:00,-37,11,1,0,1,1,1,0,0,0,1,-96,0,11,2,4711390,0,44,0,384,0,"[0,0,0,0,0,0,0,0,0,0,0,0,4,8,4,7,5,8,4,8,5,7,4,7,5,7,5,7,5,6,5,7,5,7,5,6,5,6,5,6,5,6,6,6,5,5,6,5,6,5,6,5,6,5,6,5,6,5,6,5,6,5,6,5,0,0,6,5,6,5,6,5,6,5,6,5,6,5,6,5,6,5,5,5,5,5,5,6,4,6,4,6,4,6,3,5,3,5,3,5,3,5,3,5,2,4,2,4,2,4,1,4,1,4,1,4,1,4,0,0,0,0,0,0,0,0,0,0,0,0,0,0,15,-58,11,-58,12,-55,12,-55,10,-55,12,-53,11,-51,4,-58,5,-49,7,-46,5,-47,8,-51,1,-49,3,-49,0,-50,1,-48,1,-50,-2,-47,-3,-50,-5,-45,-7,-44,-7,-47,-10,-44,-8,-45,-9,-43,-7,-45,-5,-44,-13,-41,-12,-47,-12,-47,-8,-46,-11,-47,-6,-44,-15,-48,-12,-42,-9,-49,-11,-46,-10,-44,-11,-48,-6,-45,-4,-44,-1,-44,0,-47,0,-45,2,-43,2,-34,0,-40,2,-36,4,-33,5,-31,5,-32,5,-31,5,-31,7,-29,7,-29,5,-23,15,-19,0,0,0,0,0,0,0,0,0,0,0,0,0,0,0,0,0,0,0,0,0,0,51,11,47,10,48,14,50,18,51,22,48,25,51,26,48,22,49,30,50,28,50,32,52,34,55,35,56,35,52,40,48,40,56,43,51,42,47,42,47,50,46,46,47,51,47,48,47,44,43,48,40,44,38,50,41,46,35,41,45,44,35,37,41,45,38,35,40,36,41,39,39,34,36,33,45,27,41,32,48,30,47,29,43,27,46,24,47,20,46,23,48,20,49,20,45,18,55,15,53,17,55,18,55,18,56,18,48,14,54,15,56,15,52,17,0,0]"
CSI_DATA,331,2a:00:00:00:00:00,-37,11,1,0,1,1,1,0,0,0,1,-96,0,11,2,4721047,0,44,0,384,0,"[0,0,0,0,0,0,0,0,0,0,0,0,7,-7,7,-7,6,-7,6,-7,6,-7,6,-6,6,-7,6,-7,6,-7,5,-7,6,-7,5,-7,5,-7,5,-7,5,-7,5,-8,4,-7,4,-7,4,-7,4,-7,4,-7,4,-8,4,-8,3,-8,4,-8,4,-8,0,0,4,-8,4,-8,4,-8,4,-8,4,-7,4,-8,4,-8,4,-7,5,-7,5,-7,5,-7,5,-6,4,-6,5,-6,5,-5,5,-5,4,-5,4,-4,4,-4,4,-4,4,-3,4,-3,4,-3,4,-3,4,-2,4,-2,0,0,0,0,0,0,0,0,0,0,0,0,0,0,-55,-6,-57,-1,-52,-5,-53,-3,-56,-2,-52,-4,-53,-3,-52,-2,-52,2,-49,-3,-49,2,-46,1,-50,0,-51,2,-48,4,-49,8,-49,6,-45,8,-47,4,-45,6,-48,11,-47,12,-44,13,-45,11,-41,7,-44,8,-46,15,-43,15,-47,14,-44,13,-47,17,-47,17,-45,14,-42,20,-39,15,-45,11,-45,10,-44,11,-44,14,-46,12,-48,6,-44,6,-41,9,-44,5,-39,7,-39,0,-40,-1,-37,3,-34,2,-35,-2,-31,-2,-33,-3,-31,-5,-29,-3,-24,-4,-26,-7,-24,-9,0,0,0,0,0,0,0,0,0,0,0,0,0,0,0,0,0,0,0,0,0,0,1,-50,2,-52,10,-49,9,-56,13,-54,14,-53,15,-52,17,-51,19,-58,21,-59,22,-60,25,-60,28,-62,29,-63,29,-55,33,-57,28,-62,38,-58,34,-54,36,-51,38,-56,36,-58,36,-54,39,-55,41,-50,35,-52,41,-49,36,-50,40,-47,38,-52,30,-45,35,-49,27,-45,30,-49,30,-50,27,-44,25,-48,25,-50,24,-49,21,-49,21,-47,17,-49,21,-49,14,-51,12,-47,11,-58,13,-52,12,-54,11,-52,16,-52,8,-53,7,-56,13,-57,9,-53,5,-60,10,-59,5,-52,0,0]"
CSI_DATA,332,2a:00:00:00:00:00,-37,11,1,0,1,1,1,0,0,0,1,-96,0,11,2,4730065,0,44,0,384,0,"[0,0,0,0,0,0,0,0,0,0,0,0,7,6,7,5,7,5,6,6,7,5,7,5,7,5,7,4,6,4,7,4,7,4,7,4,7,4,7,4,7,4,7,3,7,3,7,3,7,3,7,3,7,3,7,3,7,3,7,2,8,3,7,2,0,0,7,2,8,3,8,3,7,3,7,3,7,3,7,4,7,4,7,4,6,4,6,4,6,4,5,4,5,4,5,4,5,4,4,4,4,4,4,4,3,4,3,4,2,4,3,4,2,4,2,3,2,3,0,0,0,0,0,0,0,0,0,0,0,0,0,0,11,-57,9,-51,10,-59,9,-55,3,-57,9,-50,2,-50,3,-52,4,-54,0,-52,-1,-47,-1,-50,3,-52,-2,-50,0,-47,-4,-50,-6,-52,-6,-45,-4,-47,-5,-46,-6,-46,-7,-47,-8,-45,-9,-47,-6,-46,-9,-48,-8,-41,-11,-48,-8,-44,-15,-44,-13,-47,-10,-48,-12,-47,-10,-46,-11,-46,-6,-49,-4,-47,-9,-47,-9,-45,-6,-40,-3,-44,-3,-44,-1,-48,1,-45,4,-40,2,-38,7,-36,7,-35,0,-33,8,-33,8,-31,10,-28,10,-33,11,-28,11,-26,11,-22,10,-22,0,0,0,0,0,0,0,0,0,0,0,0,0,0,0,0,0,0,0,0,0,0,54,-11,48,-2,54,-3,53,2,52,2,52,6,56,8,55,10,57,9,58,12,58,15,62,16,63,17,66,19,62,20,57,29,64,24,61,27,59,24,56,33,53,31,61,34,54,36,54,33,53,35,55,37,51,33,50,34,49,31,48,30,44,29,50,29,44,31,47,28,49,25,50,27,47,25,47,21,49,24,52,17,53,23,49,15,51,15,53,17,49,12,44,9,52,13,47,13,57,9,52,8,53,12,53,6,56,12,52,7,57,8,59,9,57,8,0,0]"
CSI_DATA,333,2a:00:00:00:00:00,-37,11,1,0,1,1,1,0,0,0,1,-96,0,11,2,4740289,0,44,0,384,0,"[0,0,0,0,0,0,0,0,0,0,0,0,-10,-3,-10,-2,-10,-2,-10,-2,-10,-2,-10,-2,-10,-2,-9,-1,-10,-1,-9,-1,-10,-1,-10,-1,-9,-1,-9,-1,-9,-1,-9,0,-9,0,-9,0,-9,0,-9,0,-9,0,-9,0,-9,0,-9,1,-9,0,-9,1,0,0,-9,1,-9,0,-9,0,-10,1,-9,0,-9,0,-9,0,-9,-1,-9,-1,-9,-1,-9,-1,-8,-2,-8,-2,-8,-2,-8,-2,-8,-2,-7,-3,-7,-2,-7,-2,-6,-2,-6,-2,-5,-3,-5,-3,-5,-3,-5,-3,-5,-3,0,0,0,0,0,0,0,0,0,0,0,0,0,0,30,47,30,46,31,43,29,45,35,42,30,40,34,38,34,43,26,36,34,39,35,31,29,32,34,35,35,34,30,32,36,31,34,33,34,31,32,33,36,28,37,30,33,29,35,27,37,30,33,24,36,31,38,26,39,23,39,26,40,21,36,24,42,31,34,28,39,26,39,24,35,29,36,24,41,27,37,32,36,29,33,27,32,31,28,32,25,30,27,28,25,28,24,30,22,31,19,30,20,27,17,24,20,27,13,25,9,25,10,28,4,23,5,19,0,0,0,0,0,0,0,0,0,0,0,0,0,0,0,0,0,0,0,0,0,0,-36,34,-34,36,-37,35,-42,30,-47,32,-45,31,-45,34,-48,33,-49,30,-51,31,-59,27,-57,25,-61,27,-62,24,-64,19,-58,21,-71,18,-64,19,-66,18,-62,15,-61,15,-68,13,-62,13,-65,8,-64,5,-61,8,-62,7,-60,8,-60,6,-63,11,-58,7,-60,10,-57,8,-54,9,-53,14,-52,13,-49,12,-55,15,-50,13,-52,15,-50,19,-47,23,-48,26,-51,22,-46,21,-48,30,-47,23,-44,26,-49,28,-47,29,-47,26,-45,33,-52,31,-49,30,-52,30,-51,34,-49,31,0,0]"
CSI_DATA,334,2a:00:00:00:00:00,-36,11,1,0,1,1,1,0,0,0,1,-96,0,11,2,4750158,0,44,0,384,0,"[0,0,0,0,0,0,0,0,0,0,0,0,0,-10,0,-10,-1,-10,-1,-10,-1,-10,-1,-9,-1,-9,-1,-9,-1,-9,-2,-9,-2,-9,-2,-9,-2,-9,-2,-9,-3,-9,-2,-9,-2,-8,-3,-8,-3,-8,-3,-8,-3,-8,-3,-8,-3,-8,-4,-8,-4,-9,-4,-8,0,0,-4,-8,-4,-9,-4,-9,-4,-8,-4,-8,-4,-9,-3,-9,-3,-8,-3,-8,-2,-8,-2,-8,-2,-8,-2,-8,-2,-8,-1,-7,-1,-7,-1,-7,0,-6,0,-6,0,-6,0,-6,0,-6,0,-6,0,-6,1,-5,1,-5,0,0,0,0,0,0,0,0,0,0,0,0,0,0,-39,38,-43,36,-40,42,-39,32,-34,34,-33,33,-35,39,-37,42,-33,33,-34,39,-33,38,-29,37,-31,37,-28,37,-31,37,-25,41,-30,36,-25,38,-28,39,-24,38,-22,43,-20,40,-18,44,-21,42,-23,40,-21,43,-21,39,-15,47,-18,41,-20,40,-23,41,-20,43,-14,41,-16,46,-19,42,-20,42,-19,43,-19,41,-22,46,-23,40,-22,37,-23,37,-23,38,-22,36,-25,31,-23,31,-24,29,-24,24,-26,21,-22,26,-21,16,-22,19,-24,21,-22,19,-20,17,-23,14,-22,13,0,0,0,0,0,0,0,0,0,0,0,0,0,0,0,0,0,0,0,0,0,0,-36,-35,-37,-39,-35,-39,-33,-42,-31,-43,-29,-48,-29,-49,-28,-51,-29,-52,-27,-50,-27,-61,-27,-58,-28,-62,-24,-62,-22,-64,-21,-61,-26,-65,-15,-62,-16,-67,-15,-61,-11,-64,-14,-68,-11,-64,-11,-66,-8,-63,-12,-62,-9,-57,-11,-63,-9,-61,-11,-59,-12,-51,-16,-61,-14,-55,-14,-50,-13,-57,-16,-53,-17,-48,-15,-51,-17,-49,-20,-49,-25,-51,-24,-44,-24,-50,-25,-45,-31,-43,-28,-49,-28,-42,-32,-41,-30,-46,-28,-43,-31,-42,-36,-43,-35,-44,-34,-46,-39,-43,-35,-42,-40,-47,0,0]"
CSI_DATA,335,2a:00:00:00:00:00,-37,11,1,0,1,1,1,0,0,0,1,-96,0,11,2,4760294,0,44,0,384,0,"[0,0,0,0,0,0,0,0,0,0,0,0,-8,7,-7,7,-7,7,-7,7,-7,7,-7,7,-7,7,-6,7,-6,7,-6,7,-6,7,-6,7,-5,7,-5,7,-5,7,-5,8,-5,7,-5,7,-4,7,-4,7,-4,7,-4,7,-4,8,-4,7,-4,7,-4,8,0,0,-4,8,-4,8,-4,8,-5,8,-4,7,-4,8,-4,7,-4,7,-5,7,-6,7,-6,7,-5,6,-5,6,-5,5,-6,5,-6,5,-5,5,-5,4,-5,4,-5,3,-6,3,-5,3,-5,3,-5,2,-5,2,-5,1,0,0,0,0,0,0,0,0,0,0,0,0,0,0,51,-2,55,-3,57,-4,51,-6,55,-4,47,-2,47,-7,48,-6,42,-4,47,-7,48,-7,48,-8,43,-14,43,-7,44,-10,45,-12,46,-8,44,-13,41,-11,43,-15,40,-17,42,-15,38,-15,40,-17,39,-18,41,-17,40,-18,41,-18,41,-17,40,-22,42,-15,45,-16,40,-16,38,-17,40,-19,39,-17,41,-17,39,-14,41,-13,40,-16,41,-9,43,-10,42,-7,39,-6,35,-3,38,-4,36,0,33,-1,33,-2,30,0,32,-2,28,3,24,5,22,4,24,6,20,5,21,7,0,0,0,0,0,0,0,0,0,0,0,0,0,0,0,0,0,0,0,0,0,0,14,48,8,47,7,50,6,54,1,54,2,51,1,53,-3,56,-3,58,-2,61,-9,58,-12,59,-12,61,-11,61,-12,58,-18,63,-16,62,-19,59,-20,61,-18,59,-22,56,-28,61,-25,58,-23,54,-29,57,-30,53,-27,52,-23,53,-28,50,-19,50,-22,48,-23,51,-16,45,-20,46,-24,48,-17,48,-17,50,-17,50,-15,45,-10,48,-11,47,-8,52,-9,51,-5,49,-6,46,-2,54,-7,49,-2,54,-2,49,-5,54,-1,51,0,51,-4,51,2,57,-4,52,1,55,2,55,0,0]"
CSI_DATA,336,2a:00:00:00:00:00,-37,11,1,0,1,1,1,0,0,0,1,-96,0,11,2,4770069,0,44,0,384,0,"[0,0,0,0,0,0,0,0,0,0,0,0,3,-10,3,-10,2,-9,3,-10,2,-9,3,-9,2,-9,2,-9,2,-9,1,-9,2,-9,1,-9,1,-9,1,-9,1,-9,1,-9,0,-9,0,-9,0,-9,0,-9,0,-9,0,-9,0,-9,-1,-9,0,-9,0,-9,0,0,0,-10,0,-9,0,-10,0,-9,0,-9,0,-9,0,-9,0,-9,1,-9,1,-8,2,-9,1,-8,2,-8,2,-8,2,-7,2,-7,2,-7,2,-6,2,-6,2,-5,2,-5,2,-5,2,-5,2,-5,3,-4,3,-4,0,0,0,0,0,0,0,0,0,0,0,0,0,0,-53,17,-54,18,-55,23,-51,22,-48,20,-48,17,-45,22,-48,19,-43,18,-45,18,-47,21,-44,18,-42,26,-41,21,-43,19,-39,28,-39,28,-38,28,-40,26,-36,29,-38,34,-35,25,-33,33,-31,28,-35,24,-35,27,-33,27,-29,34,-31,28,-33,32,-34,32,-33,31,-32,31,-34,34,-34,31,-34,32,-34,28,-33,27,-36,25,-36,25,-36,21,-37,25,-34,20,-34,20,-35,16,-31,17,-34,14,-31,15,-33,13,-30,12,-30,9,-26,12,-28,8,-29,12,-25,7,-27,1,-24,4,0,0,0,0,0,0,0,0,0,0,0,0,0,0,0,0,0,0,0,0,0,0,-23,-42,-22,-47,-24,-45,-22,-56,-20,-50,-16,-53,-16,-55,-12,-56,-14,-61,-12,-55,-7,-62,-8,-64,-14,-64,-7,-64,-5,-68,0,-62,2,-72,2,-63,5,-72,8,-63,5,-63,5,-64,7,-60,6,-63,12,-61,6,-62,10,-59,10,-64,11,-53,6,-67,7,-54,6,-61,8,-55,4,-56,8,-58,6,-56,-2,-53,-4,-55,-1,-53,-3,-52,-1,-54,-7,-52,-7,-54,-9,-55,-10,-53,-8,-47,-8,-52,-8,-53,-12,-57,-18,-51,-15,-51,-16,-53,-18,-58,-18,-50,-26,-54,-22,-57,-21,-51,0,0]"
CSI_DATA,337,2a:00:00:00:00:00,-37,11,1,0,1,1,1,0,0,0,1,-96,0,11,2,4780034,0,44,0,384,0,"[0,0,0,0,0,0,0,0,0,0,0,0,4,-9,4,-9,3,-9,3,-9,3,-9,3,-9,3,-9,3,-9,3,-9,2,-9,3,-9,2,-9,2,-9,1,-9,1,-9,1,-9,1,-9,1,-9,1,-9,1,-9,1,-9,1,-9,1,-9,0,-9,0,-9,1,-9,0,0,1,-9,0,-9,0,-9,1,-9,1,-9,1,-9,1,-9,1,-9,2,-9,2,-9,2,-9,2,-8,2,-8,2,-8,3,-7,3,-7,2,-7,3,-6,3,-6,3,-5,3,-5,3,-5,3,-5,3,-4,3,-4,3,-4,0,0,0,0,0,0,0,0,0,0,0,0,0,0,-48,16,-58,14,-52,15,-47,18,-53,20,-48,16,-50,16,-46,17,-46,12,-46,17,-50,16,-44,21,-42,21,-39,21,-41,18,-38,22,-42,22,-42,25,-38,20,-38,23,-36,25,-37,25,-34,28,-35,28,-37,24,-34,29,-34,28,-35,30,-34,31,-38,29,-35,27,-37,26,-36,29,-35,30,-35,31,-38,29,-35,26,-36,28,-38,26,-40,24,-37,23,-41,22,-41,17,-33,15,-31,19,-38,14,-33,14,-34,10,-32,10,-32,9,-28,4,-28,5,-25,7,-25,6,-25,6,-21,-1,-25,0,0,0,0,0,0,0,0,0,0,0,0,0,0,0,0,0,0,0,0,0,0,0,-25,-43,-22,-46,-20,-49,-22,-52,-16,-54,-12,-56,-14,-54,-8,-53,-10,-57,-8,-60,-2,-63,-4,-64,-5,-65,-1,-65,-1,-64,4,-66,1,-66,6,-65,5,-65,7,-66,9,-65,10,-66,13,-63,11,-63,14,-58,10,-62,13,-58,14,-58,14,-62,10,-57,10,-55,12,-59,11,-54,7,-53,5,-54,4,-56,1,-55,5,-53,3,-53,-3,-53,-4,-51,-2,-54,-2,-55,-4,-59,-3,-52,-11,-58,-8,-49,-10,-57,-9,-54,-11,-57,-16,-54,-11,-55,-10,-54,-13,-58,-16,-54,-17,-53,-18,-46,0,0]"
CSI_DATA,338,2a:00:00:00:00:00,-37,11,1,0,1,1,1,0,0,0,1,-96,0,11,2,4800007,0,44,0,384,0,"[0,0,0,0,0,0,0,0,0,0,0,0,0,-10,-1,-10,-1,-10,-1,-10,-1,-10,-1,-9,-1,-9,-1,-9,-1,-9,-2,-9,-1,-9,-2,-9,-2,-9,-3,-9,-2,-9,-2,-9,-3,-8,-3,-8,-3,-8,-3,-8,-3,-8,-3,-8,-3,-8,-4,-8,-4,-9,-3,-8,0,0,-3,-8,-4,-9,-4,-8,-3,-8,-3,-9,-3,-9,-3,-9,-3,-9,-2,-8,-2,-8,-2,-8,-2,-9,-1,-8,-1,-8,-1,-7,0,-7,0,-7,0,-6,0,-6,0,-6,0,-6,0,-6,0,-6,1,-5,1,-5,1,-4,0,0,0,0,0,0,0,0,0,0,0,0,0,0,-37,43,-38,40,-34,41,-33,42,-30,40,-27,42,-27,40,-30,41,-30,41,-27,35,-25,38,-28,41,-23,40,-23,40,-21,36,-20,45,-23,45,-18,43,-18,41,-18,41,-20,43,-19,42,-11,41,-12,43,-13,42,-14,39,-14,40,-11,47,-14,43,-10,45,-14,44,-11,44,-12,46,-14,48,-10,43,-20,42,-16,41,-16,43,-17,40,-15,41,-21,43,-21,39,-21,35,-23,35,-21,30,-21,30,-22,31,-22,27,-21,23,-20,23,-22,21,-21,19,-20,19,-20,18,-21,17,-20,14,-17,17,0,0,0,0,0,0,0,0,0,0,0,0,0,0,0,0,0,0,0,0,0,0,-47,-28,-43,-28,-41,-30,-39,-35,-42,-36,-37,-34,-36,-41,-38,-42,-42,-50,-41,-45,-37,-49,-38,-48,-40,-54,-39,-56,-34,-55,-33,-53,-33,-60,-34,-61,-32,-57,-27,-57,-27,-57,-30,-64,-26,-62,-26,-60,-21,-62,-23,-61,-23,-57,-21,-58,-21,-57,-24,-55,-21,-52,-24,-54,-23,-52,-24,-50,-22,-49,-23,-48,-21,-47,-26,-46,-28,-46,-33,-49,-29,-40,-31,-43,-33,-42,-37,-41,-33,-38,-35,-42,-32,-43,-40,-38,-34,-40,-38,-43,-40,-36,-41,-34,-40,-35,-40,-37,-44,-39,-41,-38,-46,-33,0,0]"
CSI_DATA,339,2a:00:00:00:00:00,-37,11,1,0,1,1,1,0,0,0,1,-96,0,11,2,4820252,0,44,0,384,0,"[0,0,0,0,0,0,0,0,0,0,0,0,9,0,9,-1,8,0,8,0,8,-1,8,-1,8,-1,8,-1,8,-1,8,-1,8,-1,8,-2,8,-2,7,-2,7,-2,7,-2,7,-3,7,-2,7,-3,7,-3,7,-3,7,-3,7,-3,7,-3,7,-3,7,-3,0,0,7,-3,8,-3,7,-3,7,-3,7,-2,7,-3,7,-3,7,-2,7,-2,7,-2,7,-2,7,-1,7,-1,7,-1,6,-1,6,-1,6,0,5,0,5,0,5,0,5,0,4,0,4,0,4,1,4,1,4,1,0,0,0,0,0,0,0,0,0,0,0,0,0,0,-31,-44,-35,-46,-40,-35,-36,-38,-39,-39,-33,-38,-35,-36,-33,-38,-36,-31,-33,-35,-33,-33,-32,-34,-37,-32,-34,-30,-37,-31,-44,-29,-40,-28,-40,-25,-35,-27,-37,-28,-39,-23,-37,-21,-41,-22,-37,-22,-40,-22,-36,-26,-39,-20,-39,-22,-43,-20,-45,-22,-45,-20,-41,-24,-42,-27,-41,-22,-41,-21,-41,-22,-38,-21,-39,-24,-34,-25,-36,-26,-36,-26,-32,-24,-29,-29,-34,-28,-30,-25,-28,-27,-28,-30,-27,-31,-22,-24,-21,-27,-19,-27,-17,-23,-16,-24,-13,-24,-11,-26,-12,-20,-13,-26,0,0,0,0,0,0,0,0,0,0,0,0,0,0,0,0,0,0,0,0,0,0,31,-43,31,-42,34,-36,38,-35,39,-35,38,-32,44,-32,46,-35,49,-35,47,-31,50,-34,51,-31,54,-36,59,-34,58,-29,60,-25,60,-29,61,-25,59,-26,62,-20,63,-17,66,-20,62,-16,60,-14,61,-12,61,-19,61,-16,62,-15,57,-14,57,-15,52,-11,58,-14,54,-14,53,-15,53,-17,48,-16,50,-16,49,-19,46,-16,47,-24,46,-22,47,-31,43,-27,50,-24,43,-28,46,-29,46,-26,40,-30,47,-30,41,-28,42,-31,45,-33,46,-34,42,-28,44,-38,46,-35,50,-37,0,0]"
CSI_DATA,340,2a:00:00:00:00:00,-37,11,1,0,1,1,1,0,0,0,1,-96,0,11,2,4840998,0,44,0,384,0,"[0,0,0,0,0,0,0,0,0,0,0,0,4,7,4,7,5,7,4,8,4,7,4,6,4,6,4,6,4,6,5,6,5,6,5,6,5,6,5,6,5,6,5,5,5,5,5,5,6,5,6,5,6,5,6,5,5,4,6,4,6,4,6,4,0,0,6,4,6,5,6,5,6,4,6,5,6,5,6,5,6,5,5,5,5,5,5,5,5,5,4,5,4,5,3,5,3,5,3,5,3,5,2,4,2,4,2,4,2,4,2,4,1,4,1,4,1,4,0,0,0,0,0,0,0,0,0,0,0,0,0,0,26,-58,21,-51,17,-49,17,-46,16,-52,17,-45,16,-46,15,-52,13,-49,9,-43,11,-46,9,-47,11,-46,7,-47,8,-43,3,-49,7,-50,3,-50,3,-51,7,-44,0,-44,1,-44,-4,-42,-1,-44,-2,-44,-3,-52,-3,-42,-8,-46,-4,-46,-10,-51,-6,-40,-5,-52,-5,-46,-6,-47,-3,-45,0,-46,-1,-47,0,-51,4,-45,9,-44,2,-43,4,-42,1,-42,7,-46,9,-44,11,-36,11,-35,6,-38,9,-29,11,-30,11,-29,9,-28,12,-30,12,-27,10,-26,10,-22,12,-18,0,0,0,0,0,0,0,0,0,0,0,0,0,0,0,0,0,0,0,0,0,0,50,13,50,17,51,18,50,21,50,23,45,27,44,26,49,26,52,38,51,30,51,31,51,32,56,38,56,40,51,41,48,43,47,44,47,45,49,46,43,49,46,45,42,52,39,45,40,46,36,49,41,47,41,47,37,47,32,49,38,51,35,43,35,45,36,38,36,43,40,44,34,37,37,37,39,35,39,35,45,32,46,32,43,31,42,32,43,25,40,26,49,28,45,26,42,25,50,28,50,25,47,27,50,25,56,25,47,21,52,20,50,19,49,27,0,0]"
CSI_DATA,341,2a:00:00:00:00:00,-37,11,1,0,1,1,1,0,0,0,1,-96,0,11,2,4850154,0,44,0,384,0,"[0,0,0,0,0,0,0,0,0,0,0,0,9,1,9,0,9,0,9,1,9,0,9,0,9,0,9,0,9,0,8,-1,9,-1,8,-1,8,-1,8,-1,8,-1,8,-2,8,-2,8,-2,8,-2,8,-2,8,-2,8,-2,8,-2,8,-3,8,-2,8,-3,0,0,8,-3,8,-2,8,-2,8,-2,8,-2,8,-2,8,-1,8,-1,8,-1,8,-1,8,-1,7,0,7,0,7,0,7,0,7,0,6,1,6,0,6,1,5,1,5,1,5,1,4,1,4,1,4,1,4,1,0,0,0,0,0,0,0,0,0,0,0,0,0,0,-26,-56,-18,-51,-21,-46,-21,-49,-29,-44,-26,-48,-20,-46,-22,-48,-23,-48,-26,-40,-26,-39,-28,-42,-27,-45,-29,-40,-27,-36,-30,-36,-30,-34,-34,-36,-28,-38,-29,-32,-33,-32,-30,-33,-34,-33,-31,-28,-33,-34,-34,-32,-31,-29,-36,-27,-37,-33,-38,-25,-39,-27,-40,-29,-36,-29,-39,-27,-36,-31,-36,-34,-30,-32,-32,-29,-31,-34,-29,-31,-30,-33,-29,-29,-25,-32,-25,-35,-24,-34,-21,-31,-19,-34,-22,-32,-16,-27,-18,-27,-14,-29,-11,-25,-11,-28,-10,-28,-8,-25,-6,-23,-7,-24,0,0,0,0,0,0,0,0,0,0,0,0,0,0,0,0,0,0,0,0,0,0,42,-28,44,-27,45,-21,49,-18,49,-20,50,-19,52,-14,53,-15,59,-16,58,-11,59,-12,60,-11,62,-10,66,-10,67,-6,61,-6,67,-4,64,-2,64,-1,67,5,64,-1,69,6,63,6,63,0,65,3,63,3,62,6,62,5,54,9,58,6,53,7,58,3,59,0,56,4,55,0,54,-1,55,-7,54,-5,51,-2,55,-7,54,-8,55,-9,52,-10,50,-15,50,-10,51,-15,50,-17,48,-17,50,-18,53,-16,52,-19,52,-21,57,-21,45,-20,54,-21,55,-26,52,-25,0,0]"
CSI_DATA,342,2a:00:00:00:00:00,-37,11,1,0,1,1,1,0,0,0,1,-96,0,11,2,4890031,0,44,0,384,0,"[0,0,0,0,0,0,0,0,0,0,0,0,9,0,9,-1,9,-1,9,0,9,0,8,-1,9,-1,8,-1,8,-1,8,-1,8,-1,8,-2,8,-1,8,-2,8,-1,8,-3,8,-3,8,-3,7,-3,8,-2,8,-2,8,-3,8,-3,7,-3,8,-3,8,-3,0,0,8,-3,8,-3,8,-3,8,-4,7,-2,8,-3,8,-2,8,-2,8,-2,8,-2,8,-2,7,-1,7,-1,7,0,7,-1,7,-1,6,0,6,0,6,0,5,0,5,0,5,1,5,1,4,1,4,1,4,1,0,0,0,0,0,0,0,0,0,0,0,0,0,0,-44,-39,-38,-34,-41,-36,-42,-30,-45,-37,-42,-29,-42,-33,-46,-32,-41,-29,-39,-26,-43,-24,-42,-23,-47,-23,-41,-23,-37,-23,-40,-17,-49,-18,-40,-22,-40,-22,-45,-15,-47,-19,-44,-16,-45,-16,-44,-13,-42,-17,-41,-14,-43,-12,-42,-15,-42,-13,-44,-12,-43,-15,-47,-16,-43,-16,-46,-13,-43,-9,-41,-20,-43,-14,-44,-19,-45,-20,-41,-16,-41,-20,-40,-16,-34,-20,-32,-20,-36,-21,-32,-19,-31,-22,-29,-24,-25,-23,-23,-18,-25,-22,-22,-21,-21,-21,-17,-18,-18,-20,-15,-23,-16,-22,0,0,0,0,0,0,0,0,0,0,0,0,0,0,0,0,0,0,0,0,0,0,22,-45,26,-45,28,-48,31,-42,34,-43,34,-40,32,-43,39,-43,42,-46,42,-43,49,-39,48,-41,53,-44,51,-39,52,-39,55,-36,54,-39,56,-34,60,-35,57,-31,58,-29,59,-32,60,-28,60,-27,60,-26,58,-29,61,-23,55,-23,56,-21,54,-25,51,-22,54,-26,52,-23,50,-24,49,-24,46,-24,45,-27,42,-29,47,-26,41,-29,45,-32,37,-34,40,-31,44,-36,40,-38,38,-30,40,-38,34,-40,33,-41,36,-38,35,-39,38,-42,41,-42,36,-38,35,-45,36,-44,36,-42,0,0]"
CSI_DATA,343,2a:00:00:00:00:00,-37,11,1,0,1,1,1,0,0,0,1,-96,0,11,2,4911183,0,44,0,384,0,"[0,0,0,0,0,0,0,0,0,0,0,0,4,7,5,7,5,7,5,7,5,7,5,6,5,6,5,6,5,6,5,6,5,6,5,5,5,6,5,5,5,5,6,5,5,5,5,5,6,4,6,5,6,5,6,5,6,4,6,4,6,5,6,4,0,0,6,4,6,5,6,5,6,5,6,5,6,5,6,5,5,5,5,5,5,5,5,5,4,5,4,5,4,5,3,5,3,5,3,5,3,4,2,4,2,4,2,4,1,4,1,4,1,4,1,4,1,4,0,0,0,0,0,0,0,0,0,0,0,0,0,0,26,-51,30,-47,27,-52,24,-46,26,-50,24,-44,27,-49,19,-43,19,-45,16,-41,17,-45,15,-46,20,-46,22,-45,13,-46,15,-42,13,-49,12,-46,10,-44,12,-44,9,-43,8,-44,7,-44,5,-42,8,-42,5,-48,6,-45,0,-45,6,-41,2,-45,4,-46,5,-44,5,-49,4,-48,2,-44,9,-45,10,-47,11,-47,11,-45,17,-46,13,-39,11,-38,16,-42,13,-40,16,-39,13,-35,14,-33,17,-37,13,-27,16,-27,19,-25,16,-20,18,-21,21,-24,16,-20,19,-24,20,-15,0,0,0,0,0,0,0,0,0,0,0,0,0,0,0,0,0,0,0,0,0,0,48,12,50,14,49,17,52,19,49,20,46,24,47,26,47,28,52,33,48,38,49,33,48,41,54,38,48,44,45,45,45,47,43,48,44,49,42,46,41,50,39,51,42,55,37,51,36,51,37,52,35,48,33,49,37,50,33,50,37,44,35,46,35,43,33,46,32,44,37,47,34,44,35,42,35,40,37,38,40,38,42,35,39,31,39,34,42,36,39,26,42,33,41,33,39,25,47,29,42,32,44,29,49,27,43,27,42,31,52,26,49,27,50,24,0,0]"
CSI_DATA,344,2a:00:00:00:00:00,-37,11,1,0,1,1,1,0,0,0,1,-96,0,11,2,4922013,0,44,0,384,0,"[0,0,0,0,0,0,0,0,0,0,0,0,4,8,4,8,5,8,5,8,5,8,5,7,5,7,5,7,5,7,5,6,5,7,5,6,5,6,6,6,6,6,6,6,6,5,5,5,6,5,6,5,6,5,6,5,6,5,6,5,6,5,6,5,0,0,7,5,7,5,7,5,6,5,6,5,7,5,6,6,6,6,6,5,5,5,5,6,5,6,4,6,4,6,3,5,3,6,3,6,3,5,3,5,2,4,2,5,2,5,2,5,1,4,1,4,1,4,0,0,0,0,0,0,0,0,0,0,0,0,0,0,17,-57,12,-55,13,-57,12,-51,11,-54,9,-52,9,-49,11,-53,10,-45,9,-48,6,-46,6,-44,3,-51,3,-48,4,-47,1,-49,-1,-48,1,-42,-2,-46,1,-48,-4,-47,-2,-43,-6,-42,-6,-48,-3,-43,-4,-44,-8,-45,-8,-48,-5,-44,-9,-45,-7,-47,-3,-45,0,-51,-7,-48,-6,-41,-3,-49,-5,-46,-4,-47,-5,-49,-1,-42,0,-45,1,-44,0,-44,4,-41,7,-43,4,-38,11,-39,10,-35,11,-31,8,-32,12,-29,10,-27,13,-29,8,-28,8,-22,10,-24,13,-17,0,0,0,0,0,0,0,0,0,0,0,0,0,0,0,0,0,0,0,0,0,0,51,-2,54,4,48,6,56,7,54,6,54,13,53,15,53,14,53,17,60,18,55,20,58,24,64,22,59,27,56,30,55,32,58,35,56,39,57,37,54,39,50,34,52,41,49,41,48,41,49,43,46,39,47,43,46,39,42,39,46,40,44,33,48,39,46,36,42,34,45,33,41,30,46,31,46,29,44,27,48,25,43,27,47,21,49,27,47,22,50,24,47,16,49,20,49,13,51,17,51,19,50,15,54,17,50,15,51,12,52,17,50,17,55,15,0,0]"
CSI_DATA,345,2a:00:00:00:00:00,-37,11,1,0,1,1,1,0,0,0,1,-96,0,11,2,4930049,0,44,0,384,0,"[0,0,0,0,0,0,0,0,0,0,0,0,-8,-7,-8,-7,-8,-6,-8,-7,-8,-7,-8,-6,-8,-6,-8,-6,-8,-6,-8,-6,-8,-6,-8,-5,-8,-5,-8,-5,-8,-5,-8,-4,-8,-4,-8,-4,-9,-4,-9,-4,-8,-4,-9,-4,-8,-4,-9,-4,-9,-4,-9,-3,0,0,-9,-3,-9,-4,-9,-4,-9,-4,-9,-5,-9,-4,-9,-5,-8,-4,-8,-5,-8,-5,-8,-5,-7,-5,-7,-5,-7,-5,-6,-5,-6,-5,-6,-5,-5,-5,-5,-5,-5,-4,-4,-4,-4,-5,-4,-5,-3,-5,-3,-5,-3,-5,0,0,0,0,0,0,0,0,0,0,0,0,0,0,-15,55,-13,57,-8,54,-9,51,-6,56,-5,50,-7,53,-4,49,-4,52,-5,46,-2,48,2,45,-2,47,1,47,4,43,5,47,4,46,7,45,1,48,1,41,10,45,4,46,9,42,11,46,4,42,9,42,6,42,13,43,11,44,12,43,10,44,10,44,8,45,10,46,14,43,5,45,9,45,8,45,5,46,4,42,8,41,1,41,5,41,0,43,0,38,2,34,-3,38,-1,40,-3,29,-4,31,-5,29,-8,28,-5,28,-7,27,-4,26,-9,22,-7,21,0,0,0,0,0,0,0,0,0,0,0,0,0,0,0,0,0,0,0,0,0,0,-56,-4,-51,-9,-52,-14,-54,-16,-53,-16,-52,-18,-52,-21,-54,-21,-53,-23,-54,-24,-57,-25,-55,-29,-62,-28,-60,-30,-52,-36,-52,-36,-57,-38,-55,-38,-55,-42,-49,-42,-49,-42,-53,-47,-49,-42,-49,-44,-48,-45,-50,-40,-48,-40,-46,-47,-42,-43,-44,-41,-42,-36,-43,-39,-46,-37,-44,-37,-46,-35,-47,-32,-42,-34,-46,-28,-46,-23,-49,-23,-48,-28,-51,-26,-47,-25,-53,-20,-44,-20,-51,-23,-50,-22,-51,-16,-59,-16,-51,-16,-52,-18,-54,-15,-54,-13,-47,-9,-59,-14,-57,-15,-57,-14,0,0]"
CSI_DATA,346,2a:00:00:00:00:00,-37,11,1,0,1,1,1,0,0,0,1,-96,0,11,2,4940038,0,44,0,384,0,"[0,0,0,0,0,0,0,0,0,0,0,0,-9,-5,-9,-4,-9,-4,-9,-5,-9,-4,-9,-4,-9,-3,-9,-3,-9,-3,-9,-3,-9,-3,-9,-3,-9,-3,-9,-3,-8,-3,-9,-2,-9,-2,-8,-2,-9,-2,-9,-2,-9,-2,-9,-1,-9,-1,-9,-1,-9,-2,-9,-1,0,0,-9,-1,-9,-1,-9,-1,-9,-1,-9,-2,-9,-2,-9,-2,-8,-2,-9,-2,-9,-2,-8,-3,-8,-3,-7,-3,-7,-3,-7,-3,-7,-3,-7,-3,-6,-3,-6,-3,-5,-3,-5,-3,-5,-3,-5,-3,-4,-3,-4,-3,-4,-3,0,0,0,0,0,0,0,0,0,0,0,0,0,0,26,51,22,52,22,44,23,42,26,46,23,47,26,44,27,45,26,43,27,40,27,38,28,37,30,37,28,39,27,36,30,33,28,37,32,35,31,34,34,30,33,33,28,28,35,28,35,27,35,31,33,31,34,26,35,31,36,32,34,28,37,21,38,29,35,28,37,30,33,29,34,29,37,31,37,31,34,30,35,28,29,27,28,34,26,34,29,33,23,32,23,32,21,27,22,31,18,29,16,28,12,26,13,25,10,26,12,23,7,25,6,21,8,21,0,0,0,0,0,0,0,0,0,0,0,0,0,0,0,0,0,0,0,0,0,0,-44,28,-45,23,-47,24,-47,22,-48,20,-52,17,-49,19,-51,19,-57,21,-57,12,-58,10,-65,10,-64,11,-62,7,-62,8,-63,3,-70,8,-64,-1,-65,4,-68,0,-70,-3,-69,3,-64,-3,-65,-4,-67,-7,-62,-5,-62,-7,-59,-6,-59,-5,-62,-3,-56,-5,-61,-3,-58,1,-57,-2,-55,-2,-52,5,-53,4,-56,3,-55,3,-55,6,-55,9,-50,10,-55,13,-54,11,-54,10,-51,20,-48,16,-49,20,-50,18,-53,19,-52,17,-54,23,-56,22,-50,20,-56,21,-56,27,-56,26,0,0]"
CSI_DATA,347,2a:00:00:00:00:00,-37,11,1,0,1,1,1,0,0,0,1,-96,0,11,2,4950054,0,44,0,384,0,"[0,0,0,0,0,0,0,0,0,0,0,0,-10,2,-10,2,-10,2,-10,2,-9,2,-9,2,-9,2,-9,2,-9,2,-9,3,-9,3,-9,3,-8,3,-8,3,-8,3,-8,4,-8,4,-8,4,-8,3,-8,4,-8,3,-8,4,-8,4,-7,4,-8,4,-8,5,0,0,-8,5,-8,4,-8,4,-8,5,-8,4,-8,4,-8,3,-8,3,-8,3,-9,3,-8,3,-8,2,-8,2,-7,2,-8,1,-8,1,-7,1,-7,1,-7,1,-6,0,-6,0,-6,0,-6,0,-5,0,-6,-1,-5,-1,0,0,0,0,0,0,0,0,0,0,0,0,0,0,42,34,48,31,49,27,48,23,51,22,51,28,44,25,46,21,43,21,44,16,43,16,44,16,48,20,42,17,45,16,43,12,46,15,42,11,44,12,41,8,46,8,42,8,45,5,43,8,43,9,43,8,45,5,45,3,44,5,49,1,45,6,48,3,43,6,51,7,45,0,47,4,46,6,43,5,42,6,43,9,43,6,42,12,41,14,40,13,36,15,34,14,35,16,32,13,31,14,28,18,26,15,22,14,24,14,21,16,20,16,19,16,18,15,0,0,0,0,0,0,0,0,0,0,0,0,0,0,0,0,0,0,0,0,0,0,-20,44,-31,44,-27,42,-30,44,-34,43,-35,41,-36,40,-38,42,-42,45,-38,44,-41,39,-46,42,-49,46,-51,43,-55,40,-53,33,-58,38,-54,37,-54,39,-54,39,-56,32,-60,34,-57,30,-53,31,-63,29,-54,31,-58,27,-58,24,-56,30,-53,24,-47,29,-52,30,-48,29,-48,28,-47,31,-47,35,-43,28,-44,29,-41,31,-41,34,-39,36,-35,38,-37,41,-39,40,-40,36,-31,39,-35,39,-30,40,-37,45,-32,41,-33,43,-31,48,-30,49,-27,44,-29,48,-30,48,-33,43,0,0]"
CSI_DATA,348,2a:00:00:00:00:00,-37,11,1,0,1,1,1,0,0,0,1,-96,0,11,2,4960040,0,44,0,384,0,"[0,0,0,0,0,0,0,0,0,0,0,0,-9,4,-9,4,-8,4,-9,4,-8,4,-8,4,-8,5,-8,5,-8,5,-7,5,-8,5,-8,5,-7,5,-7,5,-7,5,-7,6,-7,6,-7,5,-6,6,-6,6,-6,6,-6,6,-6,6,-6,6,-6,6,-6,7,0,0,-6,7,-6,6,-6,6,-6,6,-6,6,-6,6,-6,6,-6,6,-7,6,-7,5,-7,5,-7,4,-7,4,-6,4,-7,3,-7,3,-6,3,-6,3,-6,3,-6,2,-6,2,-6,2,-5,1,-5,1,-6,0,-5,0,0,0,0,0,0,0,0,0,0,0,0,0,0,0,55,23,51,27,51,15,51,17,52,19,45,19,47,15,48,13,45,19,45,10,44,15,46,8,50,9,45,7,45,11,40,6,42,6,43,6,45,8,46,4,45,0,43,4,44,2,43,-2,44,2,43,0,43,2,44,-1,44,-1,46,-4,45,-1,48,0,45,1,45,-5,45,-1,45,4,41,1,42,-1,45,2,42,6,41,11,41,8,39,12,38,5,40,9,38,8,36,10,32,12,31,11,28,12,26,14,27,12,24,11,22,11,22,14,18,14,20,14,0,0,0,0,0,0,0,0,0,0,0,0,0,0,0,0,0,0,0,0,0,0,-11,44,-16,52,-16,48,-16,51,-18,53,-24,51,-25,47,-28,52,-32,52,-33,50,-30,50,-36,49,-38,57,-41,54,-43,54,-45,49,-44,50,-45,49,-46,46,-45,43,-54,43,-52,45,-52,44,-54,43,-56,35,-46,41,-47,34,-47,39,-48,35,-44,38,-46,39,-43,37,-42,38,-39,38,-42,39,-42,44,-35,39,-37,39,-37,42,-35,42,-34,44,-28,43,-29,45,-33,46,-26,44,-26,43,-27,46,-22,46,-25,53,-28,49,-26,47,-23,56,-27,52,-23,52,-23,52,-23,51,-24,50,0,0]"
CSI_DATA,349,2a:00:00:00:00:00,-37,11,1,0,1,1,1,0,0,0,1,-96,0,11,2,4970231,0,44,0,384,0,"[0,0,0,0,0,0,0,0,0,0,0,0,6,-8,5,-8,5,-8,5,-8,5,-8,5,-7,4,-8,4,-8,4,-8,4,-8,4,-8,4,-8,4,-8,3,-8,3,-8,3,-8,2,-8,3,-8,2,-8,2,-8,2,-8,2,-8,3,-8,2,-8,2,-8,2,-8,0,0,2,-9,2,-9,2,-8,2,-9,2,-8,2,-8,2,-8,3,-8,3,-8,3,-8,3,-7,3,-7,3,-7,3,-6,3,-6,3,-6,3,-6,3,-5,3,-5,3,-4,3,-4,3,-4,3,-4,3,-4,3,-3,3,-3,0,0,0,0,0,0,0,0,0,0,0,0,0,0,-48,14,-49,11,-50,20,-52,14,-51,14,-49,17,-50,17,-50,15,-44,18,-50,13,-43,14,-44,15,-45,20,-40,18,-40,19,-41,25,-43,24,-37,22,-37,21,-40,20,-38,30,-37,24,-33,29,-33,28,-36,26,-34,25,-35,28,-32,29,-35,28,-33,26,-36,27,-38,30,-35,25,-36,26,-34,27,-34,27,-38,25,-37,29,-40,23,-36,21,-34,21,-40,18,-37,16,-34,20,-33,14,-37,15,-34,13,-32,13,-33,5,-29,9,-31,8,-32,6,-27,5,-26,2,-23,7,-27,2,-28,0,0,0,0,0,0,0,0,0,0,0,0,0,0,0,0,0,0,0,0,0,0,0,-25,-45,-16,-45,-18,-44,-15,-49,-15,-51,-9,-52,-9,-53,-6,-58,-8,-58,-7,-57,-8,-60,-5,-61,-7,-61,-1,-63,1,-68,3,-62,3,-67,6,-63,9,-63,12,-62,11,-63,15,-63,12,-62,10,-67,13,-63,13,-58,16,-56,11,-58,11,-52,11,-59,9,-55,12,-58,12,-54,11,-54,11,-51,10,-57,5,-54,7,-56,3,-51,0,-53,-1,-52,-6,-53,-3,-54,-5,-52,-8,-51,-1,-50,-8,-50,-11,-52,-7,-54,-11,-48,-12,-49,-11,-51,-12,-52,-13,-51,-15,-53,-17,-57,-13,-55,0,0]"
CSI_DATA,350,2a:00:00:00:00:00,-37,11,1,0,1,1,1,0,0,0,1,-96,0,11,2,4980124,0,44,0,384,0,"[0,0,0,0,0,0,0,0,0,0,0,0,9,1,8,0,8,1,8,1,8,0,8,0,8,0,8,0,8,0,8,0,8,-1,8,-1,8,-1,8,-1,7,-1,8,-2,7,-2,8,-2,7,-2,7,-2,7,-2,7,-2,7,-2,7,-2,8,-2,7,-3,0,0,7,-3,8,-2,8,-2,8,-3,7,-2,8,-2,8,-2,7,-2,8,-2,8,-2,7,-1,7,0,7,0,6,0,6,0,6,0,6,0,6,0,6,0,5,0,5,0,4,1,4,1,4,1,4,1,4,1,0,0,0,0,0,0,0,0,0,0,0,0,0,0,-34,-47,-38,-44,-36,-44,-35,-42,-38,-43,-31,-37,-36,-40,-34,-39,-32,-39,-34,-29,-34,-36,-33,-31,-38,-34,-37,-36,-36,-30,-39,-33,-36,-30,-36,-28,-34,-25,-41,-29,-41,-25,-41,-21,-37,-20,-36,-24,-35,-28,-39,-27,-41,-28,-39,-25,-40,-26,-44,-19,-43,-24,-43,-25,-44,-22,-43,-24,-41,-23,-37,-25,-34,-27,-35,-26,-38,-30,-34,-30,-38,-26,-34,-27,-34,-34,-33,-31,-27,-30,-30,-31,-25,-27,-25,-27,-19,-25,-20,-27,-23,-26,-15,-23,-13,-20,-12,-24,-16,-21,-13,-27,-8,-27,0,0,0,0,0,0,0,0,0,0,0,0,0,0,0,0,0,0,0,0,0,0,27,-41,31,-39,35,-43,38,-41,40,-41,37,-34,40,-34,45,-31,53,-38,47,-36,49,-33,52,-31,56,-37,57,-33,54,-28,64,-26,57,-28,61,-23,59,-26,64,-22,65,-18,68,-18,64,-21,62,-19,65,-18,61,-19,57,-13,61,-18,62,-14,56,-14,56,-15,58,-14,54,-16,56,-15,54,-18,51,-19,52,-22,48,-21,52,-22,50,-24,50,-21,48,-21,45,-24,46,-25,47,-26,43,-30,45,-31,48,-34,43,-33,49,-28,42,-29,43,-35,47,-34,43,-33,43,-38,44,-35,45,-38,0,0]"
CSI_DATA,351,2a:00:00:00:00:00,-37,11,1,0,1,1,1,0,0,0,1,-96,0,11,2,4990023,0,44,0,384,0,"[0,0,0,0,0,0,0,0,0,0,0,0,4,8,4,7,4,7,4,7,4,7,4,6,4,6,4,6,4,6,4,6,4,6,5,6,4,6,5,6,4,5,5,5,5,5,5,5,5,5,5,5,5,5,5,5,5,5,6,4,6,5,6,4,0,0,6,4,6,5,6,5,6,5,5,5,6,5,5,5,5,5,5,5,5,5,4,5,4,5,4,5,4,5,3,5,3,5,3,5,2,4,2,4,2,4,2,4,1,4,1,4,1,4,1,4,0,4,0,0,0,0,0,0,0,0,0,0,0,0,0,0,19,-50,16,-53,12,-53,14,-50,12,-53,13,-51,12,-47,10,-52,9,-50,5,-47,6,-45,3,-51,4,-52,2,-44,3,-45,1,-45,1,-50,0,-48,-2,-45,-2,-45,-4,-43,-3,-43,-7,-43,-6,-44,-7,-42,-2,-46,-9,-40,-7,-48,-7,-48,-8,-46,-8,-49,-10,-43,-8,-42,-10,-48,-6,-44,-8,-48,-9,-46,-12,-47,-6,-49,-3,-45,-4,-43,-2,-46,-3,-40,0,-44,5,-40,2,-41,4,-33,4,-32,6,-31,7,-31,5,-28,5,-29,8,-31,8,-23,10,-27,7,-21,10,-21,0,0,0,0,0,0,0,0,0,0,0,0,0,0,0,0,0,0,0,0,0,0,48,11,50,11,49,20,52,19,48,20,50,21,49,22,52,21,52,30,51,29,52,29,54,36,56,35,57,40,50,40,50,42,51,45,49,47,50,42,45,50,49,45,49,48,46,47,43,47,40,47,44,48,39,48,38,48,40,44,41,43,37,40,40,41,42,39,41,38,43,36,39,36,38,35,38,32,43,29,45,32,46,34,45,27,46,32,50,27,45,27,44,19,47,19,46,15,52,17,50,19,53,20,53,22,51,23,48,24,54,21,54,14,50,15,0,0]"
CSI_DATA,352,2a:00:00:00:00:00,-37,11,1,0,1,1,1,0,0,0,1,-96,0,11,2,5000038,0,44,0,384,0,"[0,0,0,0,0,0,0,0,0,0,0,0,9,1,9,1,8,0,9,1,8,0,8,0,8,0,8,0,8,0,8,-1,8,-1,8,-1,8,-1,8,-1,7,-1,8,-2,7,-2,7,-2,7,-2,7,-2,7,-2,7,-2,7,-2,7,-3,7,-3,7,-3,0,0,7,-3,8,-2,7,-2,8,-3,7,-2,7,-2,7,-2,7,-2,8,-2,7,-2,7,-1,7,-1,7,-1,6,0,6,0,6,0,6,0,6,0,5,0,5,0,5,1,4,1,4,1,4,1,4,1,4,1,0,0,0,0,0,0,0,0,0,0,0,0,0,0,-27,-53,-22,-50,-28,-48,-28,-45,-27,-43,-28,-46,-26,-42,-30,-46,-25,-40,-26,-46,-29,-38,-33,-36,-29,-34,-28,-39,-33,-38,-32,-34,-34,-37,-30,-32,-33,-35,-29,-30,-32,-32,-31,-31,-37,-27,-35,-31,-32,-29,-33,-33,-39,-29,-36,-30,-37,-29,-40,-27,-37,-28,-41,-28,-34,-28,-42,-29,-33,-24,-37,-32,-37,-32,-40,-30,-34,-33,-30,-28,-30,-30,-30,-32,-28,-35,-28,-34,-24,-35,-22,-28,-23,-30,-20,-28,-19,-27,-15,-28,-16,-27,-13,-25,-14,-25,-9,-29,-11,-24,-6,-22,-6,-25,0,0,0,0,0,0,0,0,0,0,0,0,0,0,0,0,0,0,0,0,0,0,39,-34,46,-33,42,-29,49,-29,48,-25,49,-26,52,-24,52,-21,55,-24,52,-23,61,-20,60,-18,64,-22,62,-16,67,-17,62,-13,70,-10,62,-5,69,-6,68,-9,65,-9,68,-2,60,-4,70,-4,67,-2,64,-2,58,1,63,6,59,2,62,0,54,2,66,2,58,1,54,-4,59,-7,53,-2,52,-10,54,-8,55,-6,52,-13,56,-13,52,-15,56,-16,50,-17,50,-20,53,-22,47,-20,49,-21,52,-22,47,-22,53,-19,49,-27,56,-24,50,-22,55,-22,53,-25,49,-27,0,0]"
CSI_DATA,353,2a:00:00:00:00:00,-37,11,1,0,1,1,1,0,0,0,1,-96,0,11,2,5010351,0,44,0,384,0,"[0,0,0,0,0,0,0,0,0,0,0,0,0,9,0,9,0,9,0,9,0,8,0,8,0,8,0,8,0,8,1,8,1,8,1,8,2,8,2,8,2,8,2,7,2,7,2,7,2,7,2,7,2,7,2,7,2,7,3,7,3,7,3,7,0,0,3,7,3,7,3,8,2,7,2,8,2,8,2,8,2,8,1,8,1,7,1,7,1,7,1,7,0,7,0,6,0,6,0,6,-1,6,-1,5,-1,5,-1,5,-2,5,-1,5,-1,4,-2,4,-2,4,0,0,0,0,0,0,0,0,0,0,0,0,0,0,45,-35,44,-31,39,-35,42,-32,43,-39,38,-30,38,-33,40,-33,37,-37,36,-33,36,-31,31,-34,35,-36,35,-35,33,-32,31,-36,30,-38,33,-37,25,-34,29,-37,26,-39,25,-40,23,-40,25,-38,23,-41,26,-36,25,-34,20,-39,24,-39,23,-43,23,-39,26,-40,22,-42,21,-40,23,-39,24,-38,24,-38,23,-41,25,-39,29,-36,27,-32,29,-32,28,-33,28,-31,31,-25,29,-28,30,-24,25,-25,25,-19,27,-16,26,-18,26,-20,24,-17,24,-14,23,-13,22,-11,21,-8,0,0,0,0,0,0,0,0,0,0,0,0,0,0,0,0,0,0,0,0,0,0,35,36,39,37,36,36,38,43,35,42,30,41,28,45,30,46,36,50,24,51,29,56,29,52,28,61,29,63,25,62,23,63,22,63,16,67,15,63,17,60,14,64,19,69,13,63,12,64,9,68,11,63,6,65,6,64,7,57,8,59,9,55,10,57,11,56,12,53,13,55,11,55,16,54,18,53,18,49,20,52,18,50,22,48,20,51,22,50,21,45,21,43,23,47,26,46,29,46,26,49,31,43,30,48,31,48,24,45,32,50,34,47,37,44,0,0]"
CSI_DATA,354,2a:00:00:00:00:00,-37,11,1,0,1,1,1,0,0,0,1,-96,0,11,2,5020137,0,44,0,384,0,"[0,0,0,0,0,0,0,0,0,0,0,0,-6,-8,-6,-7,-6,-7,-6,-8,-6,-7,-6,-7,-6,-6,-6,-7,-6,-6,-7,-6,-6,-6,-7,-6,-7,-6,-7,-6,-7,-6,-7,-5,-7,-5,-7,-5,-7,-5,-7,-5,-7,-5,-7,-5,-7,-5,-7,-5,-7,-5,-7,-5,0,0,-7,-5,-8,-5,-8,-5,-7,-5,-7,-5,-7,-6,-7,-5,-7,-6,-7,-6,-6,-6,-6,-6,-6,-6,-5,-6,-5,-6,-5,-6,-5,-5,-4,-6,-4,-5,-4,-5,-3,-5,-3,-5,-3,-5,-3,-5,-2,-5,-2,-5,-2,-4,0,0,0,0,0,0,0,0,0,0,0,0,0,0,-17,56,-10,55,-8,60,-8,51,-10,53,-8,52,-1,50,-3,51,-2,47,-4,51,-4,43,-5,47,-3,49,2,43,3,42,1,43,4,45,7,47,6,44,4,44,9,44,8,42,9,42,5,44,9,41,7,46,8,41,11,43,9,46,12,46,12,44,8,46,8,44,10,46,7,47,7,49,5,42,7,44,1,43,2,43,3,40,2,41,0,49,1,37,-3,38,-6,35,-8,35,-6,30,-9,28,-6,30,-6,29,-7,28,-10,25,-9,24,-11,26,-11,22,-14,23,0,0,0,0,0,0,0,0,0,0,0,0,0,0,0,0,0,0,0,0,0,0,-49,13,-51,7,-52,5,-53,-1,-55,-2,-55,-5,-56,-8,-55,-9,-61,-9,-59,-6,-62,-9,-60,-13,-64,-18,-68,-15,-67,-23,-59,-26,-65,-28,-60,-24,-67,-27,-61,-29,-59,-31,-59,-34,-58,-32,-56,-34,-55,-31,-57,-32,-55,-33,-53,-35,-48,-32,-57,-29,-44,-27,-50,-29,-52,-33,-51,-30,-50,-26,-49,-28,-50,-24,-54,-22,-48,-23,-48,-20,-54,-19,-49,-14,-52,-13,-49,-14,-51,-14,-51,-16,-49,-14,-52,-13,-57,-14,-52,-9,-54,-8,-58,-9,-57,-11,-50,-9,-59,-8,-60,-9,-60,-9,0,0]"
CSI_DATA,355,2a:00:00:00:00:00,-37,11,1,0,1,1,1,0,0,0,1,-96,0,11,2,5041005,0,44,0,384,0,"[0,0,0,0,0,0,0,0,0,0,0,0,-10,2,-10,2,-9,2,-9,2,-9,2,-9,2,-9,3,-9,3,-9,3,-8,3,-9,3,-8,3,-8,3,-8,3,-8,3,-8,4,-7,4,-7,4,-7,4,-7,4,-7,4,-7,4,-7,4,-7,4,-7,4,-7,5,0,0,-7,5,-7,5,-7,5,-7,5,-7,4,-7,4,-7,4,-7,4,-8,4,-8,3,-8,3,-7,3,-7,2,-7,2,-7,2,-7,2,-7,1,-7,1,-6,1,-6,1,-6,0,-6,0,-5,0,-5,0,-5,0,-5,-1,0,0,0,0,0,0,0,0,0,0,0,0,0,0,49,23,48,30,52,25,50,22,44,21,44,22,45,25,47,18,43,22,44,15,42,15,42,20,46,17,45,14,43,15,48,12,47,12,43,8,40,11,45,10,44,5,43,10,41,5,43,4,38,6,46,5,43,0,44,3,45,4,46,5,41,4,45,1,43,4,47,2,46,4,45,8,47,3,44,5,45,2,44,6,46,10,41,9,39,13,37,11,37,9,37,7,34,14,32,13,32,13,32,11,26,13,26,15,24,17,22,15,24,12,19,14,17,17,0,0,0,0,0,0,0,0,0,0,0,0,0,0,0,0,0,0,0,0,0,0,-18,46,-22,47,-22,46,-25,48,-31,43,-28,46,-32,45,-37,40,-36,42,-40,48,-42,48,-45,46,-49,46,-46,46,-50,42,-56,43,-55,44,-53,42,-52,40,-56,39,-56,37,-60,36,-55,34,-56,31,-58,29,-54,32,-55,28,-51,29,-50,30,-52,32,-50,30,-53,31,-50,30,-44,27,-46,31,-45,31,-42,31,-43,30,-42,31,-39,35,-38,35,-38,42,-36,39,-38,42,-38,36,-30,46,-31,47,-32,45,-33,42,-33,46,-30,43,-26,46,-31,43,-27,44,-33,50,-28,48,-27,43,0,0]"
CSI_DATA,356,2a:00:00:00:00:00,-37,11,1,0,1,1,1,0,0,0,1,-96,0,11,2,5070066,0,44,0,384,0,"[0,0,0,0,0,0,0,0,0,0,0,0,-5,8,-5,8,-4,8,-5,8,-4,8,-4,7,-4,8,-4,7,-4,7,-3,8,-4,8,-3,7,-3,8,-3,7,-3,7,-3,8,-2,7,-2,7,-2,7,-2,7,-2,7,-2,7,-2,7,-1,8,-1,8,-1,8,0,0,-2,8,-2,8,-2,8,-2,8,-2,8,-2,8,-2,8,-2,8,-3,7,-3,7,-3,7,-3,7,-3,7,-3,6,-4,6,-4,5,-4,5,-4,5,-4,4,-4,4,-4,4,-4,4,-4,4,-4,3,-4,3,-4,2,0,0,0,0,0,0,0,0,0,0,0,0,0,0,55,1,50,-1,57,-4,54,1,55,3,51,-2,48,-2,47,-3,49,2,47,-6,47,-6,46,-2,49,-6,44,-9,44,-3,44,-13,47,-10,43,-12,42,-10,40,-13,42,-14,42,-14,38,-15,40,-16,40,-16,40,-14,43,-14,40,-15,43,-18,40,-16,40,-20,43,-17,42,-17,44,-18,42,-20,40,-12,39,-14,43,-15,43,-8,43,-9,45,-10,48,-4,41,-5,38,-7,41,-1,40,2,34,0,36,2,33,5,33,2,31,0,28,5,27,6,27,4,27,4,23,9,22,8,0,0,0,0,0,0,0,0,0,0,0,0,0,0,0,0,0,0,0,0,0,0,16,48,12,47,11,52,6,55,8,51,-1,50,1,54,0,58,0,58,-2,58,-5,64,-7,62,-5,64,-8,68,-14,63,-16,64,-16,65,-19,64,-17,67,-23,62,-26,59,-26,63,-22,59,-27,61,-26,58,-27,57,-28,57,-27,55,-30,55,-25,54,-25,51,-22,48,-24,50,-25,49,-22,52,-23,52,-20,51,-18,50,-14,52,-15,49,-14,48,-14,56,-13,47,-8,55,-10,52,-7,54,-12,51,-4,52,-6,54,-5,52,-3,53,-4,54,-8,53,-3,53,0,57,0,53,-1,56,0,0]"
CSI_DATA,357,2a:00:00:00:00:00,-37,11,1,0,1,1,1,0,0,0,1,-96,0,11,2,5080687,0,44,0,384,0,"[0,0,0,0,0,0,0,0,0,0,0,0,1,-10,1,-9,1,-9,1,-9,1,-9,1,-9,0,-9,0,-9,0,-9,0,-9,0,-9,0,-9,0,-9,-1,-9,-1,-8,-1,-9,-1,-8,-1,-8,-2,-8,-2,-8,-1,-8,-2,-8,-1,-8,-2,-8,-2,-9,-2,-8,0,0,-2,-9,-2,-9,-2,-9,-2,-9,-2,-9,-2,-9,-1,-9,-1,-9,-1,-8,0,-9,0,-8,0,-8,0,-8,0,-8,1,-7,1,-7,1,-7,1,-6,1,-6,1,-6,1,-5,1,-5,1,-5,1,-5,2,-4,2,-4,0,0,0,0,0,0,0,0,0,0,0,0,0,0,-53,22,-47,22,-47,25,-47,23,-47,25,-47,21,-44,27,-42,24,-41,23,-42,24,-38,26,-41,25,-41,25,-38,30,-34,26,-33,33,-36,33,-34,30,-31,29,-33,29,-32,33,-32,32,-27,33,-31,34,-28,28,-29,32,-30,34,-27,35,-27,30,-29,35,-30,37,-31,35,-30,34,-29,36,-28,36,-31,34,-31,32,-29,35,-31,29,-34,29,-31,27,-33,27,-35,27,-32,27,-32,21,-32,22,-30,17,-34,19,-28,12,-32,14,-29,13,-29,11,-28,13,-23,11,-26,11,-23,7,-25,5,0,0,0,0,0,0,0,0,0,0,0,0,0,0,0,0,0,0,0,0,0,0,-28,-45,-26,-41,-25,-49,-24,-49,-23,-53,-21,-50,-18,-52,-15,-55,-21,-56,-18,-61,-16,-61,-16,-61,-17,-64,-10,-64,-2,-66,-3,-66,-8,-66,0,-67,-4,-64,2,-71,5,-68,2,-68,1,-70,0,-67,1,-67,0,-64,5,-64,5,-61,2,-64,2,-62,7,-57,2,-58,1,-56,2,-56,-2,-59,0,-53,-3,-56,-4,-56,-6,-56,-11,-50,-6,-52,-12,-54,-9,-55,-14,-55,-11,-51,-16,-56,-19,-52,-14,-53,-18,-54,-17,-49,-19,-51,-24,-52,-20,-53,-20,-55,-24,-55,-24,-53,-24,-53,0,0]"
CSI_DATA,358,2a:00:00:00:00:00,-37,11,1,0,1,1,1,0,0,0,1,-96,0,11,2,5090210,0,44,0,384,0,"[0,0,0,0,0,0,0,0,0,0,0,0,1,-10,0,-10,0,-10,1,-10,0,-10,0,-9,0,-9,0,-9,-1,-9,-1,-9,0,-9,-1,-9,-1,-9,-1,-9,-1,-9,-2,-9,-2,-9,-2,-9,-2,-8,-2,-8,-2,-8,-2,-8,-2,-8,-3,-8,-2,-9,-2,-9,0,0,-2,-9,-3,-9,-2,-9,-2,-9,-2,-9,-2,-9,-2,-9,-2,-9,-1,-9,-1,-8,0,-8,0,-8,0,-8,0,-8,0,-7,0,-7,0,-7,0,-6,1,-6,1,-6,1,-6,1,-6,1,-5,1,-5,2,-5,2,-4,0,0,0,0,0,0,0,0,0,0,0,0,0,0,-39,34,-37,34,-40,35,-42,33,-41,37,-39,29,-37,33,-38,37,-35,36,-35,36,-36,35,-34,36,-33,39,-27,32,-31,33,-28,35,-32,39,-27,38,-29,36,-30,35,-26,39,-26,35,-21,40,-20,37,-22,35,-23,40,-20,36,-21,37,-22,42,-22,41,-23,40,-24,43,-23,40,-23,42,-22,42,-19,40,-20,37,-19,39,-23,33,-30,37,-25,37,-25,32,-31,32,-23,29,-28,28,-28,26,-27,17,-29,22,-25,21,-27,18,-25,22,-27,15,-23,15,-24,17,-22,13,-25,9,-23,7,0,0,0,0,0,0,0,0,0,0,0,0,0,0,0,0,0,0,0,0,0,0,-48,-30,-41,-28,-39,-33,-41,-38,-40,-40,-38,-39,-36,-42,-38,-43,-40,-47,-38,-49,-35,-50,-37,-53,-39,-55,-33,-59,-32,-60,-29,-58,-31,-62,-26,-59,-26,-58,-24,-63,-30,-62,-19,-64,-19,-65,-22,-63,-18,-65,-17,-64,-19,-61,-12,-61,-16,-60,-16,-57,-18,-60,-15,-55,-19,-54,-18,-55,-18,-52,-18,-51,-21,-52,-24,-51,-24,-49,-20,-49,-23,-49,-26,-50,-24,-47,-27,-45,-26,-42,-28,-41,-30,-46,-32,-44,-31,-43,-34,-50,-33,-44,-39,-42,-31,-46,-31,-42,-37,-42,-34,-44,-40,-40,0,0]"
CSI_DATA,359,2a:00:00:00:00:00,-37,11,1,0,1,1,1,0,0,0,1,-96,0,11,2,5100095,0,44,0,384,0,"[0,0,0,0,0,0,0,0,0,0,0,0,9,-3,9,-3,8,-4,8,-3,8,-4,8,-4,8,-4,8,-4,8,-4,7,-4,8,-4,7,-5,7,-4,7,-4,7,-4,7,-5,7,-5,7,-5,6,-5,6,-5,6,-5,6,-5,7,-6,6,-6,6,-6,6,-6,0,0,6,-6,6,-6,6,-6,7,-6,6,-5,7,-5,6,-5,7,-5,7,-5,7,-5,7,-4,7,-4,6,-3,6,-3,7,-3,6,-3,6,-2,6,-2,6,-2,5,-1,5,-1,5,-1,5,-1,4,-1,5,0,4,0,0,0,0,0,0,0,0,0,0,0,0,0,0,0,-46,-29,-48,-33,-43,-28,-43,-26,-53,-29,-47,-27,-42,-25,-47,-25,-39,-24,-44,-24,-42,-24,-41,-20,-47,-24,-43,-22,-42,-15,-45,-13,-44,-17,-46,-13,-43,-16,-41,-14,-47,-12,-45,-13,-42,-7,-44,-9,-39,-10,-49,-6,-43,-9,-45,-5,-45,-6,-47,-6,-46,-7,-48,-7,-45,-8,-46,-5,-43,-6,-43,-10,-43,-7,-46,-10,-41,-11,-44,-13,-38,-13,-43,-13,-39,-18,-41,-16,-38,-19,-35,-18,-36,-14,-32,-17,-28,-15,-26,-19,-29,-22,-25,-16,-24,-19,-21,-16,-19,-16,-16,-20,-19,-18,0,0,0,0,0,0,0,0,0,0,0,0,0,0,0,0,0,0,0,0,0,0,16,-50,21,-49,23,-45,27,-50,27,-46,27,-46,31,-45,34,-44,37,-48,40,-49,40,-44,41,-47,47,-48,50,-49,50,-49,52,-43,52,-43,53,-42,51,-41,58,-35,53,-38,61,-39,55,-35,52,-34,59,-32,56,-32,56,-34,53,-30,53,-30,50,-29,49,-30,50,-29,46,-30,45,-28,43,-30,48,-37,42,-33,45,-31,42,-35,41,-37,41,-40,35,-39,39,-35,39,-40,37,-35,35,-43,36,-41,33,-42,36,-47,35,-40,37,-44,34,-46,37,-45,29,-44,31,-45,31,-47,28,-46,0,0]"
CSI_DATA,360,2a:00:00:00:00:00,-37,11,1,0,1,1,1,0,0,0,1,-96,0,11,2,5110034,0,44,0,384,0,"[0,0,0,0,0,0,0,0,0,0,0,0,8,-4,8,-4,8,-4,8,-4,8,-4,8,-4,7,-4,7,-4,7,-4,7,-4,7,-4,7,-5,7,-4,6,-4,6,-4,7,-5,6,-5,6,-5,6,-5,6,-5,6,-5,6,-5,6,-5,5,-6,6,-6,6,-6,0,0,6,-6,6,-6,6,-6,6,-6,6,-5,6,-5,6,-5,6,-5,7,-5,6,-5,7,-4,6,-4,6,-3,6,-3,6,-3,6,-3,6,-2,5,-2,5,-2,5,-2,5,-2,4,-1,4,-1,4,-1,4,-1,4,0,0,0,0,0,0,0,0,0,0,0,0,0,0,0,-52,-23,-49,-23,-51,-24,-47,-19,-51,-17,-48,-19,-47,-19,-49,-18,-48,-20,-43,-16,-44,-14,-46,-13,-51,-11,-46,-11,-44,-9,-49,-8,-49,-9,-43,-4,-46,-7,-46,-9,-49,-8,-48,-7,-45,-3,-47,-4,-47,-4,-42,-4,-45,-4,-45,3,-41,-1,-46,4,-45,2,-49,-4,-43,-3,-47,-1,-43,0,-48,-8,-46,-4,-46,-3,-43,-7,-48,-5,-44,-4,-41,-8,-41,-11,-39,-12,-37,-10,-40,-14,-34,-15,-34,-15,-32,-15,-29,-15,-25,-16,-25,-11,-24,-19,-20,-16,-22,-20,-20,-20,-17,-15,0,0,0,0,0,0,0,0,0,0,0,0,0,0,0,0,0,0,0,0,0,0,6,-53,7,-50,12,-49,15,-56,17,-52,18,-54,19,-53,21,-52,24,-52,23,-54,31,-58,27,-55,29,-62,36,-57,38,-58,40,-53,42,-55,40,-51,42,-54,45,-47,43,-48,47,-51,44,-46,47,-47,46,-45,46,-45,47,-42,46,-47,49,-40,47,-42,43,-40,44,-39,40,-38,36,-45,38,-39,40,-42,37,-42,35,-43,33,-39,35,-44,32,-46,28,-44,31,-45,27,-48,28,-45,22,-45,21,-47,25,-51,23,-48,28,-48,22,-48,24,-54,22,-54,24,-49,30,-52,24,-50,25,-51,0,0]"
CSI_DATA,361,2a:00:00:00:00:00,-37,11,1,0,1,1,1,0,0,0,1,-96,0,11,2,5120119,0,44,0,384,0,"[0,0,0,0,0,0,0,0,0,0,0,0,-5,-9,-6,-8,-6,-8,-6,-9,-6,-8,-5,-8,-6,-8,-6,-7,-6,-7,-6,-7,-6,-8,-6,-7,-6,-7,-6,-7,-6,-7,-7,-7,-6,-6,-6,-6,-7,-6,-7,-6,-7,-6,-7,-6,-7,-6,-7,-6,-7,-6,-7,-6,0,0,-7,-6,-7,-6,-7,-6,-7,-6,-7,-6,-7,-7,-7,-7,-7,-7,-6,-7,-6,-7,-6,-7,-5,-7,-5,-7,-5,-7,-4,-7,-4,-6,-4,-6,-4,-6,-3,-6,-3,-5,-3,-6,-2,-6,-2,-5,-2,-5,-2,-5,-1,-5,0,0,0,0,0,0,0,0,0,0,0,0,0,0,-20,53,-24,48,-17,56,-14,49,-20,47,-14,47,-17,45,-17,50,-15,46,-13,49,-10,46,-7,46,-14,45,-8,44,-7,45,-5,45,-7,47,0,46,-9,43,-4,42,-2,46,-5,42,-2,41,-6,42,-1,40,-3,47,0,41,3,45,1,45,3,45,0,44,-4,48,0,43,2,45,-2,44,-5,49,-3,46,-3,45,-5,47,-8,46,-8,39,-5,41,-12,43,-9,40,-13,40,-14,32,-14,35,-15,32,-18,30,-17,29,-17,25,-15,23,-15,22,-13,22,-14,17,-15,21,-12,16,0,0,0,0,0,0,0,0,0,0,0,0,0,0,0,0,0,0,0,0,0,0,-47,2,-52,0,-50,-5,-58,-4,-50,-11,-56,-11,-52,-10,-53,-14,-59,-20,-54,-15,-59,-21,-60,-24,-62,-22,-63,-30,-61,-31,-55,-33,-63,-36,-57,-34,-59,-35,-57,-40,-53,-38,-57,-42,-49,-40,-53,-40,-48,-39,-51,-41,-47,-45,-49,-42,-40,-40,-47,-37,-44,-40,-46,-43,-45,-39,-44,-38,-44,-37,-45,-34,-40,-32,-43,-28,-43,-29,-47,-26,-44,-34,-45,-22,-47,-28,-51,-26,-49,-25,-48,-21,-53,-22,-53,-21,-55,-20,-50,-20,-49,-21,-53,-23,-54,-24,-48,-17,-53,-18,-58,-25,-53,-21,0,0]"
CSI_DATA,362,2a:00:00:00:00:00,-37,11,1,0,1,1,1,0,0,0,1,-96,0,11,2,5130014,0,44,0,384,0,"[0,0,0,0,0,0,0,0,0,0,0,0,2,-10,2,-9,2,-10,2,-9,2,-10,2,-9,1,-9,1,-9,1,-9,1,-9,1,-9,1,-9,1,-9,0,-9,0,-8,0,-9,0,-9,0,-9,-1,-8,-1,-9,-1,-9,-1,-9,-1,-9,-1,-9,-1,-9,-1,-9,0,0,-1,-9,-1,-9,-1,-9,-1,-9,-1,-9,-1,-9,-1,-9,-1,-9,0,-9,0,-9,1,-8,1,-8,1,-8,1,-8,2,-7,1,-7,1,-7,2,-6,1,-6,2,-6,2,-5,2,-5,2,-5,2,-5,2,-4,2,-4,0,0,0,0,0,0,0,0,0,0,0,0,0,0,-49,20,-44,19,-44,24,-47,24,-43,26,-42,21,-43,24,-44,27,-41,17,-38,22,-42,28,-39,24,-39,28,-38,25,-35,24,-36,29,-38,31,-33,27,-31,27,-33,29,-30,31,-30,29,-28,31,-28,29,-30,33,-30,34,-31,29,-27,33,-28,32,-30,37,-28,33,-31,36,-26,37,-30,35,-30,34,-31,35,-29,36,-30,32,-32,31,-33,30,-31,27,-32,28,-31,26,-32,23,-31,20,-27,16,-33,15,-32,20,-30,12,-28,14,-29,12,-25,8,-27,9,-25,9,-25,9,-26,5,-23,3,0,0,0,0,0,0,0,0,0,0,0,0,0,0,0,0,0,0,0,0,0,0,-29,-35,-29,-36,-28,-41,-26,-47,-26,-45,-23,-47,-21,-51,-23,-50,-22,-55,-20,-55,-17,-56,-18,-60,-22,-59,-16,-64,-13,-63,-8,-64,-10,-65,-6,-65,-10,-66,-5,-62,-3,-66,-4,-65,-3,-63,-1,-64,-3,-62,-3,-65,-1,-57,0,-59,-2,-61,-3,-57,-2,-56,-2,-57,-1,-57,0,-56,-5,-56,-3,-54,-7,-53,-11,-55,-11,-51,-15,-53,-14,-51,-13,-52,-14,-49,-14,-51,-16,-51,-13,-54,-20,-49,-17,-45,-18,-49,-20,-53,-17,-51,-17,-50,-20,-49,-23,-50,-22,-52,-26,-51,-22,-48,0,0]"
CSI_DATA,363,2a:00:00:00:00:00,-37,11,1,0,1,1,1,0,0,0,1,-96,0,11,2,5141226,0,44,0,384,0,"[0,0,0,0,0,0,0,0,0,0,0,0,7,-7,6,-7,6,-7,6,-7,6,-7,6,-7,5,-7,5,-7,5,-7,5,-7,5,-7,5,-7,4,-7,4,-7,4,-7,4,-8,4,-8,4,-8,3,-7,3,-7,3,-7,3,-8,3,-8,2,-8,3,-8,3,-8,0,0,3,-8,3,-8,3,-8,3,-8,3,-8,3,-8,3,-8,3,-8,4,-8,4,-8,4,-7,4,-7,4,-6,4,-6,5,-6,4,-6,4,-5,4,-5,4,-5,4,-4,4,-4,3,-4,3,-4,3,-3,4,-3,4,-3,0,0,0,0,0,0,0,0,0,0,0,0,0,0,-53,-15,-56,-6,-56,-6,-55,-5,-54,-9,-50,-5,-50,-7,-50,-5,-49,-6,-45,0,-50,4,-47,-1,-47,1,-51,3,-51,0,-48,7,-49,6,-48,8,-45,6,-45,10,-47,10,-48,9,-44,11,-45,10,-39,11,-42,10,-43,9,-43,12,-46,10,-41,13,-45,13,-50,14,-45,13,-44,13,-43,18,-47,12,-43,8,-43,8,-42,7,-46,9,-46,7,-44,3,-43,2,-43,2,-40,1,-38,0,-40,-4,-38,2,-36,-5,-32,-5,-33,-6,-28,-6,-25,-8,-25,-6,-29,-6,-26,-6,-22,-8,0,0,0,0,0,0,0,0,0,0,0,0,0,0,0,0,0,0,0,0,0,0,-5,-52,2,-48,2,-54,7,-52,8,-52,13,-52,14,-50,15,-55,17,-60,16,-58,23,-62,20,-59,20,-61,25,-62,26,-61,29,-59,31,-62,33,-57,32,-58,40,-57,41,-54,41,-56,39,-50,37,-58,37,-50,37,-50,38,-51,38,-47,40,-48,30,-50,30,-47,36,-51,32,-43,31,-48,36,-50,28,-48,27,-48,23,-56,24,-46,21,-53,21,-48,15,-50,20,-51,20,-53,17,-51,20,-51,16,-50,13,-51,14,-53,12,-53,7,-50,9,-56,15,-53,15,-54,5,-55,12,-56,9,-55,0,0]"
CSI_DATA,364,2a:00:00:00:00:00,-37,11,1,0,1,1,1,0,0,0,1,-96,0,11,2,5150023,0,44,0,384,0,"[0,0,0,0,0,0,0,0,0,0,0,0,-10,-3,-10,-3,-10,-3,-10,-3,-10,-3,-9,-3,-9,-3,-9,-2,-9,-2,-9,-2,-9,-1,-9,-1,-9,-1,-9,-1,-9,-1,-9,0,-9,0,-9,0,-9,0,-9,0,-9,0,-9,0,-9,0,-9,1,-9,1,-9,1,0,0,-9,1,-9,1,-9,0,-9,1,-9,0,-9,0,-9,0,-9,0,-9,0,-9,0,-9,-1,-8,-1,-8,-1,-8,-2,-8,-2,-7,-2,-7,-2,-7,-2,-7,-2,-6,-2,-6,-2,-5,-2,-5,-2,-5,-2,-5,-2,-5,-3,0,0,0,0,0,0,0,0,0,0,0,0,0,0,11,55,10,59,12,53,12,50,17,53,13,51,17,51,15,48,14,47,18,42,21,40,16,43,25,42,18,43,19,37,24,40,23,44,23,37,23,41,24,37,25,36,24,37,24,32,24,34,27,34,28,34,29,37,29,33,26,39,31,33,29,35,30,32,28,36,29,30,28,36,23,32,27,31,28,35,28,36,24,35,24,37,23,37,19,37,19,34,21,34,18,36,13,32,13,32,14,31,11,25,8,27,10,26,6,27,5,29,5,25,4,23,0,23,0,0,0,0,0,0,0,0,0,0,0,0,0,0,0,0,0,0,0,0,0,0,-50,21,-48,16,-48,11,-52,9,-58,8,-51,8,-54,9,-59,4,-61,7,-61,4,-64,-1,-63,2,-71,0,-68,-3,-66,-8,-65,-10,-67,-6,-65,-17,-62,-10,-62,-14,-65,-20,-69,-20,-68,-17,-63,-19,-64,-18,-62,-16,-61,-22,-60,-25,-56,-20,-56,-14,-58,-19,-57,-16,-57,-14,-55,-13,-59,-11,-53,-7,-57,-10,-52,-7,-53,-7,-54,-2,-53,-6,-58,-3,-51,-3,-59,2,-52,1,-48,6,-54,5,-55,7,-50,8,-57,7,-53,9,-60,10,-60,10,-54,9,-59,11,-57,10,-59,11,0,0]"
CSI_DATA,365,2a:00:00:00:00:00,-37,11,1,0,1,1,1,0,0,0,1,-96,0,11,2,5170156,0,44,0,384,0,"[0,0,0,0,0,0,0,0,0,0,0,0,9,2,9,2,9,2,9,2,8,2,8,2,8,1,8,1,8,1,8,1,8,1,8,1,8,1,8,1,7,0,8,0,8,0,8,0,7,-1,7,-1,8,0,8,-1,8,-1,8,-1,8,0,8,-1,0,0,8,-1,8,-1,8,-1,8,-1,8,0,8,-1,8,0,8,0,8,0,8,0,7,1,7,1,7,1,6,1,6,1,6,1,6,2,5,1,5,1,5,2,5,2,4,2,4,2,3,2,3,2,3,2,0,0,0,0,0,0,0,0,0,0,0,0,0,0,-25,-52,-26,-50,-28,-49,-26,-48,-27,-48,-28,-41,-30,-44,-31,-46,-28,-43,-28,-41,-29,-42,-28,-39,-31,-37,-32,-40,-27,-37,-32,-35,-35,-33,-32,-32,-28,-33,-33,-31,-36,-31,-37,-34,-34,-30,-35,-24,-31,-31,-40,-28,-37,-29,-35,-29,-34,-29,-38,-26,-36,-28,-35,-27,-39,-30,-39,-30,-36,-33,-34,-29,-32,-31,-37,-29,-35,-32,-31,-33,-27,-31,-28,-34,-28,-35,-26,-32,-24,-32,-27,-31,-22,-35,-17,-31,-16,-31,-14,-28,-14,-30,-14,-27,-12,-30,-6,-26,-6,-24,-8,-26,-5,-22,0,0,0,0,0,0,0,0,0,0,0,0,0,0,0,0,0,0,0,0,0,0,35,-35,34,-33,36,-32,45,-31,46,-30,43,-27,48,-29,47,-26,51,-27,52,-25,58,-26,55,-22,61,-22,59,-22,63,-18,67,-20,69,-16,63,-13,65,-14,62,-14,64,-8,62,-10,67,-6,64,-9,66,-5,65,-5,63,-1,58,-8,60,-1,60,-7,59,-4,59,-3,55,-6,57,-7,55,-7,53,-8,52,-13,55,-13,52,-12,51,-17,53,-15,54,-15,51,-17,53,-22,49,-21,47,-19,52,-19,48,-22,49,-21,47,-23,45,-23,47,-29,50,-29,52,-22,53,-28,51,-26,52,-28,0,0]"
CSI_DATA,366,2a:00:00:00:00:00,-37,11,1,0,1,1,1,0,0,0,1,-96,0,11,2,5190400,0,44,0,384,0,"[0,0,0,0,0,0,0,0,0,0,0,0,-2,9,-2,9,-1,9,-2,9,-2,9,-1,8,-1,8,-1,8,-1,8,-1,8,-1,8,0,8,0,8,0,8,0,8,1,8,1,8,1,7,1,8,1,8,1,8,1,8,1,7,2,8,1,8,1,8,0,0,1,8,2,8,2,8,1,8,1,8,1,8,1,8,1,8,0,8,0,7,0,7,0,7,-1,7,-1,7,-1,6,-1,6,-1,6,-1,6,-2,5,-2,5,-2,5,-2,5,-2,5,-2,4,-2,4,-2,3,0,0,0,0,0,0,0,0,0,0,0,0,0,0,47,-29,46,-33,41,-37,40,-34,41,-33,34,-35,40,-33,40,-38,35,-36,31,-32,36,-34,34,-36,34,-34,31,-38,32,-36,32,-35,32,-35,25,-39,29,-34,25,-40,22,-40,24,-33,19,-34,19,-41,24,-39,21,-38,22,-41,17,-45,19,-41,21,-40,25,-40,18,-39,20,-41,21,-43,21,-40,22,-40,19,-43,23,-41,26,-42,28,-36,25,-36,28,-36,26,-35,23,-32,27,-30,28,-28,23,-26,28,-26,26,-20,25,-16,28,-19,26,-16,19,-17,21,-18,20,-12,19,-11,23,-9,0,0,0,0,0,0,0,0,0,0,0,0,0,0,0,0,0,0,0,0,0,0,37,32,37,33,37,38,34,39,35,41,31,41,29,44,28,47,34,50,33,51,32,54,27,53,33,56,27,59,22,57,21,62,24,61,20,67,19,59,20,60,12,63,13,67,17,64,18,64,14,64,14,64,10,64,14,63,11,62,12,56,9,52,14,57,14,56,10,51,15,53,14,55,15,50,19,47,18,49,24,48,22,47,24,49,25,45,28,49,21,46,24,47,25,48,30,47,30,45,31,46,33,44,34,45,32,45,32,45,37,46,33,44,33,45,0,0]"
CSI_DATA,367,2a:00:00:00:00:00,-37,11,1,0,1,1,1,0,0,0,1,-96,0,11,2,5210887,0,44,0,384,0,"[0,0,0,0,0,0,0,0,0,0,0,0,8,-5,8,-5,7,-6,8,-5,7,-6,7,-5,7,-6,7,-6,7,-6,6,-6,7,-6,6,-6,6,-6,6,-6,6,-6,6,-7,6,-6,5,-6,5,-6,5,-6,5,-6,5,-7,5,-7,5,-7,5,-7,5,-7,0,0,5,-7,5,-7,5,-7,5,-7,5,-6,5,-7,5,-6,5,-6,6,-6,6,-6,6,-5,6,-5,6,-5,5,-4,6,-4,6,-4,5,-4,5,-3,5,-3,5,-3,5,-2,4,-2,4,-2,4,-2,4,-1,4,-1,0,0,0,0,0,0,0,0,0,0,0,0,0,0,-58,-22,-51,-18,-55,-17,-55,-20,-52,-17,-52,-18,-46,-14,-51,-17,-47,-16,-46,-15,-49,-13,-45,-12,-51,-12,-47,-10,-45,-8,-47,-5,-47,-5,-46,-3,-46,-7,-45,-4,-48,-1,-43,-2,-47,4,-45,-2,-43,-6,-44,1,-43,1,-41,0,-44,1,-48,4,-47,0,-45,6,-44,-3,-44,0,-44,3,-46,-4,-44,1,-44,-2,-47,-3,-45,-4,-42,-3,-41,-7,-43,-11,-42,-7,-38,-9,-39,-9,-35,-11,-33,-9,-31,-13,-28,-12,-27,-12,-26,-11,-25,-10,-24,-10,-23,-16,-21,-16,-22,-15,0,0,0,0,0,0,0,0,0,0,0,0,0,0,0,0,0,0,0,0,0,0,5,-47,9,-51,9,-48,14,-56,19,-50,16,-52,17,-51,19,-53,22,-53,24,-54,30,-58,29,-55,30,-58,35,-63,33,-58,38,-47,40,-57,42,-53,45,-55,40,-53,42,-50,46,-51,45,-46,44,-45,46,-46,41,-45,42,-44,47,-42,43,-39,45,-44,38,-42,38,-43,36,-44,39,-41,43,-46,41,-43,32,-44,30,-44,33,-49,31,-49,31,-45,25,-45,27,-51,25,-51,25,-48,20,-46,24,-50,22,-50,24,-52,22,-51,19,-53,19,-55,19,-55,21,-46,24,-53,22,-56,17,-56,0,0]"
CSI_DATA,368,2a:00:00:00:00:00,-37,11,1,0,1,1,1,0,0,0,1,-96,0,11,2,5220133,0,44,0,384,0,"[0,0,0,0,0,0,0,0,0,0,0,0,-9,-5,-9,-5,-9,-5,-9,-5,-9,-5,-9,-4,-9,-4,-9,-3,-9,-4,-8,-4,-9,-3,-9,-3,-9,-3,-9,-3,-8,-3,-9,-2,-9,-2,-8,-2,-9,-2,-9,-2,-9,-2,-9,-2,-8,-2,-9,-1,-9,-2,-9,-1,0,0,-9,-1,-9,-2,-9,-2,-9,-1,-9,-2,-9,-2,-9,-2,-8,-2,-8,-2,-8,-2,-8,-3,-8,-3,-7,-3,-7,-3,-7,-3,-7,-3,-6,-4,-6,-3,-6,-3,-5,-3,-5,-3,-5,-4,-5,-4,-4,-4,-4,-3,-4,-4,0,0,0,0,0,0,0,0,0,0,0,0,0,0,13,59,15,47,21,54,15,52,19,47,18,50,18,46,16,50,18,45,20,48,21,46,21,44,26,41,20,40,19,40,23,40,26,41,26,39,25,41,27,34,31,35,23,33,29,32,28,35,26,36,28,35,28,30,27,31,31,37,29,32,29,34,33,35,27,38,35,36,30,28,27,37,29,36,33,38,29,40,25,34,25,32,24,36,19,36,19,34,17,34,17,31,18,32,16,31,11,31,13,27,8,26,8,26,8,25,3,24,7,26,4,23,4,24,0,0,0,0,0,0,0,0,0,0,0,0,0,0,0,0,0,0,0,0,0,0,-44,21,-50,19,-46,16,-52,14,-49,15,-57,9,-52,11,-54,9,-60,8,-58,10,-60,7,-62,2,-66,4,-66,-1,-71,-4,-65,-3,-72,0,-63,-7,-67,-6,-65,-7,-70,-10,-67,-11,-59,-12,-63,-11,-60,-16,-65,-14,-60,-14,-64,-15,-58,-13,-62,-12,-49,-10,-61,-12,-57,-12,-54,-10,-59,-5,-55,-5,-48,-2,-57,-4,-57,-3,-59,2,-60,1,-50,6,-55,6,-54,8,-54,4,-54,11,-54,8,-50,12,-53,10,-53,12,-54,10,-53,15,-57,11,-52,13,-59,15,-56,22,-59,16,0,0]"
CSI_DATA,369,2a:00:00:00:00:00,-37,11,1,0,1,1,1,0,0,0,1,-96,0,11,2,5230615,0,44,0,384,0,"[0,0,0,0,0,0,0,0,0,0,0,0,-6,8,-6,8,-5,8,-6,8,-5,8,-5,7,-5,8,-5,7,-5,8,-4,8,-4,8,-4,8,-4,8,-4,8,-4,7,-3,8,-3,8,-3,8,-2,8,-3,8,-3,8,-2,8,-3,8,-2,8,-2,8,-2,8,0,0,-2,8,-2,8,-2,8,-2,8,-2,8,-2,8,-3,8,-3,8,-3,8,-4,8,-4,7,-3,7,-4,6,-4,6,-4,6,-4,5,-4,5,-4,5,-4,5,-4,4,-4,4,-4,4,-4,4,-4,3,-4,3,-4,3,0,0,0,0,0,0,0,0,0,0,0,0,0,0,56,-9,56,-5,48,-11,53,-10,54,-7,48,-8,47,-10,49,-8,47,-13,46,-10,46,-12,44,-13,45,-17,44,-18,46,-13,46,-12,47,-19,45,-17,40,-18,42,-17,45,-21,37,-21,38,-21,38,-20,37,-24,38,-24,39,-26,37,-23,39,-19,37,-25,37,-22,39,-24,37,-24,39,-23,40,-22,34,-22,40,-21,38,-23,42,-25,39,-20,41,-21,41,-13,40,-8,37,-12,37,-12,36,-10,36,-7,36,-8,32,-4,36,-5,28,-6,30,-6,29,-3,28,-1,27,-1,26,3,19,4,0,0,0,0,0,0,0,0,0,0,0,0,0,0,0,0,0,0,0,0,0,0,15,47,14,47,14,50,7,51,6,54,3,51,6,52,4,56,0,57,-2,58,-5,59,-5,61,-4,65,-12,65,-8,59,-13,66,-11,63,-18,67,-16,62,-17,61,-16,62,-23,63,-24,64,-21,59,-24,61,-23,60,-27,60,-24,56,-27,58,-18,54,-21,53,-20,55,-18,51,-18,52,-14,54,-16,54,-15,51,-15,54,-16,52,-13,53,-8,54,-4,52,-6,56,-7,58,-3,50,-2,51,3,53,1,55,2,54,3,59,4,53,4,61,-2,55,5,58,5,55,8,57,2,58,0,0]"
CSI_DATA,370,2a:00:00:00:00:00,-37,11,1,0,1,1,1,0,0,0,1,-96,0,11,2,5250425,0,44,0,384,0,"[0,0,0,0,0,0,0,0,0,0,0,0,-8,-7,-8,-7,-8,-7,-8,-7,-8,-7,-7,-6,-8,-6,-7,-6,-8,-6,-8,-6,-8,-6,-8,-6,-8,-6,-8,-6,-8,-6,-8,-5,-8,-4,-8,-4,-8,-4,-8,-4,-8,-5,-9,-4,-8,-4,-8,-4,-9,-4,-9,-4,0,0,-9,-4,-9,-4,-9,-4,-9,-4,-9,-4,-9,-5,-9,-5,-8,-5,-8,-4,-8,-5,-8,-5,-7,-6,-7,-5,-7,-5,-6,-5,-6,-5,-6,-5,-5,-5,-5,-5,-5,-5,-4,-5,-4,-5,-4,-5,-3,-5,-3,-5,-3,-4,0,0,0,0,0,0,0,0,0,0,0,0,0,0,4,59,5,55,6,57,3,52,4,53,5,51,6,46,5,57,8,45,11,51,6,48,9,45,11,51,12,41,14,47,12,41,13,46,18,43,16,44,12,43,18,44,14,42,23,44,17,40,13,43,21,39,14,36,26,37,20,46,24,41,22,40,22,44,17,43,21,44,18,35,19,44,13,43,15,40,13,44,15,42,14,38,13,38,10,44,11,41,8,43,5,36,6,40,3,37,-1,32,-2,29,-1,28,-3,31,0,29,-5,26,-7,26,-2,23,-6,22,0,0,0,0,0,0,0,0,0,0,0,0,0,0,0,0,0,0,0,0,0,0,-46,18,-49,17,-53,12,-55,11,-51,8,-56,5,-54,1,-55,0,-60,1,-57,-2,-59,-1,-64,-3,-64,0,-64,-5,-68,-7,-63,-11,-68,-13,-62,-16,-66,-13,-63,-17,-60,-23,-66,-21,-60,-17,-60,-19,-62,-17,-62,-19,-58,-18,-65,-25,-54,-23,-59,-21,-53,-18,-58,-20,-53,-16,-53,-16,-55,-17,-53,-16,-51,-14,-53,-9,-56,-12,-53,-7,-59,-7,-54,-6,-57,-4,-57,-5,-52,-5,-50,0,-48,-4,-58,1,-57,-1,-56,3,-55,4,-57,8,-58,4,-51,3,-59,3,-63,5,-60,0,0,0]"
CSI_DATA,371,2a:00:00:00:00:00,-37,11,1,0,1,1,1,0,0,0,1,-96,0,11,2,5260019,0,44,0,384,0,"[0,0,0,0,0,0,0,0,0,0,0,0,-10,2,-10,3,-10,3,-10,2,-9,3,-9,3,-9,3,-9,3,-9,3,-9,3,-9,3,-9,3,-8,3,-8,3,-8,3,-8,4,-8,4,-8,4,-7,4,-7,4,-7,4,-7,4,-7,4,-7,4,-8,4,-8,5,0,0,-7,5,-8,5,-7,5,-8,5,-7,4,-7,5,-8,4,-7,4,-8,4,-8,4,-8,3,-8,2,-7,2,-7,2,-7,2,-7,2,-7,1,-7,1,-7,1,-6,1,-6,0,-6,0,-6,0,-6,0,-5,-1,-5,-1,0,0,0,0,0,0,0,0,0,0,0,0,0,0,46,24,55,29,51,20,48,16,54,19,47,13,54,18,48,19,48,12,45,11,45,14,51,14,48,10,46,12,44,14,44,10,50,10,45,5,42,7,48,5,48,-2,46,6,44,0,41,-1,41,2,43,1,42,1,46,-1,46,0,46,0,45,-1,48,1,48,0,43,-2,46,-1,43,1,47,2,46,-1,49,4,40,5,43,6,43,6,39,12,39,8,36,8,37,7,34,9,32,9,30,13,31,13,28,13,28,14,23,10,21,11,21,10,20,13,17,15,0,0,0,0,0,0,0,0,0,0,0,0,0,0,0,0,0,0,0,0,0,0,-11,49,-14,46,-13,48,-19,51,-19,49,-23,47,-21,48,-26,49,-23,50,-29,51,-37,52,-36,49,-34,56,-38,53,-39,48,-41,52,-41,53,-46,50,-40,46,-45,47,-46,45,-47,49,-49,46,-50,42,-51,38,-46,40,-46,35,-42,37,-48,43,-38,38,-41,43,-44,41,-43,39,-40,39,-40,41,-36,39,-40,43,-38,42,-32,40,-32,42,-32,43,-30,48,-32,43,-31,52,-25,44,-27,46,-28,44,-27,51,-25,49,-26,50,-24,50,-25,52,-22,48,-26,48,-24,49,-21,47,-22,55,0,0]"
CSI_DATA,372,2a:00:00:00:00:00,-37,11,1,0,1,1,1,0,0,0,1,-96,0,11,2,5270489,0,44,0,384,0,"[0,0,0,0,0,0,0,0,0,0,0,0,-1,9,-1,8,-1,9,-1,9,-1,9,-1,8,-1,8,-1,8,-1,8,0,8,0,8,0,8,0,8,0,8,0,7,1,8,1,7,0,7,1,7,1,7,1,7,1,7,1,7,2,7,1,8,1,7,0,0,1,7,2,8,2,7,1,8,1,7,1,8,1,8,1,7,0,7,0,7,-1,7,0,7,-1,7,-1,6,-2,6,-1,6,-1,6,-2,5,-2,5,-2,4,-2,4,-2,4,-2,5,-2,4,-3,4,-3,3,0,0,0,0,0,0,0,0,0,0,0,0,0,0,38,-45,35,-44,33,-48,28,-44,33,-43,30,-41,33,-46,30,-44,28,-45,27,-43,25,-43,18,-40,23,-43,24,-43,25,-43,23,-42,19,-43,22,-42,18,-42,17,-43,19,-43,18,-40,10,-41,10,-48,14,-41,10,-46,10,-45,11,-47,12,-44,13,-43,12,-42,10,-44,9,-42,8,-45,11,-45,15,-47,13,-47,13,-42,10,-42,15,-43,15,-41,20,-36,17,-42,19,-38,18,-40,21,-34,19,-32,16,-30,19,-28,18,-30,21,-25,18,-22,16,-24,19,-18,20,-17,22,-17,21,-11,0,0,0,0,0,0,0,0,0,0,0,0,0,0,0,0,0,0,0,0,0,0,43,28,42,26,41,28,41,36,40,33,40,35,39,33,40,36,40,43,38,46,36,46,39,48,39,50,37,52,37,55,35,54,32,55,31,58,33,55,32,56,32,56,27,61,29,58,27,59,23,58,25,60,21,57,23,53,22,53,25,52,24,52,23,53,26,52,26,47,25,49,26,45,23,45,28,45,25,48,32,46,32,41,29,45,35,44,36,39,32,39,41,37,41,37,38,36,45,36,36,40,36,42,40,39,44,38,39,34,42,36,45,36,44,36,0,0]"
CSI_DATA,373,2a:00:00:00:00:00,-37,11,1,0,1,1,1,0,0,0,1,-96,0,11,2,5300213,0,44,0,384,0,"[0,0,0,0,0,0,0,0,0,0,0,0,-10,-4,-10,-4,-10,-4,-10,-4,-9,-4,-9,-4,-9,-3,-9,-3,-9,-3,-9,-3,-9,-3,-9,-2,-9,-3,-9,-2,-9,-2,-9,-1,-9,-1,-9,-1,-9,-1,-9,-1,-9,-1,-9,-1,-9,-1,-9,-1,-9,-1,-9,0,0,0,-9,0,-9,-1,-9,-1,-9,-1,-9,-1,-9,-1,-9,-2,-9,-2,-9,-1,-9,-2,-9,-2,-8,-2,-8,-3,-8,-3,-7,-3,-7,-2,-7,-3,-6,-3,-6,-3,-6,-3,-6,-3,-5,-3,-5,-3,-5,-3,-4,-3,-4,-3,0,0,0,0,0,0,0,0,0,0,0,0,0,0,10,52,13,54,17,55,14,52,19,55,11,51,13,52,17,50,16,46,17,48,17,44,18,45,22,43,21,42,20,43,21,40,20,42,25,39,22,41,24,35,27,40,24,38,28,34,24,37,22,41,26,40,23,36,28,37,29,35,30,35,29,30,26,36,25,36,31,37,29,31,25,37,26,39,23,37,22,40,18,36,22,35,21,34,14,35,18,33,15,38,16,35,12,33,14,32,10,29,8,29,11,30,8,27,4,29,2,31,2,25,2,25,0,21,0,0,0,0,0,0,0,0,0,0,0,0,0,0,0,0,0,0,0,0,0,0,-43,20,-51,17,-49,15,-51,16,-55,13,-55,8,-57,7,-60,7,-60,6,-62,7,-61,3,-61,3,-66,2,-66,-2,-62,-7,-63,-5,-70,-10,-63,-10,-69,-7,-64,-12,-67,-16,-64,-13,-63,-15,-63,-11,-63,-17,-58,-11,-58,-18,-55,-13,-57,-15,-60,-14,-53,-13,-53,-12,-56,-13,-55,-10,-58,-11,-52,-10,-53,-8,-54,-5,-53,-1,-53,-1,-54,-4,-57,1,-52,3,-54,2,-50,6,-50,3,-52,8,-57,7,-55,7,-56,8,-58,8,-56,11,-55,7,-49,11,-58,17,-58,14,-58,11,0,0]"
CSI_DATA,374,2a:00:00:00:00:00,-37,11,1,0,1,1,1,0,0,0,1,-96,0,11,2,5310224,0,44,0,384,0,"[0,0,0,0,0,0,0,0,0,0,0,0,-9,5,-9,4,-9,5,-9,4,-9,5,-8,4,-8,5,-8,5,-8,5,-7,5,-8,5,-8,5,-7,5,-7,5,-7,5,-7,6,-7,5,-7,5,-6,5,-6,5,-6,6,-6,6,-6,6,-6,6,-6,6,-6,6,0,0,-6,7,-6,6,-6,6,-6,7,-6,6,-6,6,-6,6,-6,6,-7,6,-7,5,-7,5,-7,4,-7,4,-6,4,-7,4,-6,3,-6,3,-6,3,-6,3,-6,2,-6,2,-5,2,-5,2,-5,1,-5,1,-5,0,0,0,0,0,0,0,0,0,0,0,0,0,0,0,55,11,56,13,53,10,56,14,52,11,50,11,51,10,49,10,45,8,50,7,52,6,44,5,53,0,46,7,49,4,48,0,46,2,49,-1,46,0,48,-2,47,-5,45,-2,42,-4,42,-8,44,-3,47,-8,43,-8,46,-9,43,-5,49,-7,47,-8,49,-9,40,-7,46,-10,45,-9,45,-4,47,-6,45,-3,42,-5,45,-3,41,0,45,6,41,5,39,0,42,1,35,5,37,8,35,4,35,8,32,8,29,9,30,9,21,3,20,7,22,8,25,7,21,9,0,0,0,0,0,0,0,0,0,0,0,0,0,0,0,0,0,0,0,0,0,0,-9,50,-11,48,-12,48,-15,51,-16,51,-22,48,-19,51,-21,50,-25,52,-27,50,-26,50,-28,54,-30,57,-36,53,-38,49,-37,52,-38,55,-42,51,-42,50,-42,53,-42,49,-42,49,-41,46,-44,45,-45,41,-44,47,-43,45,-46,42,-41,40,-38,42,-40,41,-43,43,-34,45,-36,42,-38,41,-33,42,-29,44,-33,42,-30,46,-28,50,-27,46,-24,49,-26,50,-25,50,-22,47,-20,47,-24,48,-16,48,-19,56,-20,48,-19,55,-19,55,-20,56,-18,48,-15,56,-20,57,-20,52,0,0]"
CSI_DATA,375,2a:00:00:00:00:00,-37,11,1,0,1,1,1,0,0,0,1,-96,0,11,2,5340094,0,44,0,384,0,"[0,0,0,0,0,0,0,0,0,0,0,0,-6,7,-6,7,-5,7,-6,7,-6,7,-5,7,-5,7,-5,7,-5,7,-4,7,-5,7,-4,7,-4,7,-4,7,-4,7,-4,8,-3,7,-3,7,-3,7,-3,7,-3,7,-3,7,-3,7,-2,8,-3,8,-3,8,0,0,-2,8,-3,8,-2,8,-3,8,-3,7,-3,8,-3,7,-3,7,-3,7,-4,7,-4,7,-4,6,-4,6,-4,6,-4,5,-4,5,-4,5,-4,4,-4,4,-4,4,-4,4,-4,4,-4,3,-4,3,-4,2,-4,2,0,0,0,0,0,0,0,0,0,0,0,0,0,0,54,-1,53,2,56,-4,54,-2,54,-5,52,-2,51,-6,55,-6,46,-3,50,-1,50,-10,47,-9,47,-12,44,-9,47,-9,46,-11,45,-16,43,-11,43,-14,43,-16,44,-19,45,-12,40,-19,39,-19,47,-16,40,-20,41,-15,41,-21,41,-20,41,-20,40,-22,45,-19,39,-16,41,-22,40,-19,42,-18,42,-15,38,-20,40,-17,42,-16,42,-13,45,-10,36,-11,42,-8,38,-6,36,-4,34,-7,34,-5,33,-4,29,-3,28,-1,32,-2,25,-1,28,1,25,0,22,4,26,3,0,0,0,0,0,0,0,0,0,0,0,0,0,0,0,0,0,0,0,0,0,0,9,43,6,48,3,51,-2,53,-3,51,-2,53,-7,52,-7,54,-9,58,-9,57,-13,58,-12,62,-11,65,-18,62,-18,62,-18,59,-23,62,-25,60,-26,60,-26,56,-29,57,-30,61,-30,57,-29,57,-30,52,-26,55,-29,51,-30,55,-26,50,-26,50,-24,45,-21,51,-21,51,-23,47,-24,52,-20,50,-16,49,-18,50,-14,53,-11,52,-12,51,-11,52,-9,52,-8,55,-9,53,-6,52,-8,52,-3,55,-2,53,-4,55,-3,57,0,54,-2,55,-1,57,-2,59,2,61,-1,54,0,0]"
CSI_DATA,376,2a:00:00:00:00:00,-37,11,1,0,1,1,1,0,0,0,1,-96,0,11,2,5350044,0,44,0,384,0,"[0,0,0,0,0,0,0,0,0,0,0,0,-6,8,-6,7,-5,8,-5,7,-5,8,-5,7,-5,7,-5,7,-5,7,-4,7,-5,7,-4,7,-4,7,-4,7,-3,7,-4,8,-3,7,-3,7,-2,7,-2,7,-3,7,-2,7,-3,8,-2,7,-2,7,-2,8,0,0,-2,8,-2,8,-2,8,-3,8,-2,8,-2,8,-2,8,-2,7,-3,7,-3,7,-4,7,-4,7,-4,6,-4,6,-4,6,-4,5,-4,5,-4,5,-4,4,-4,4,-4,4,-4,4,-4,3,-4,3,-4,3,-4,2,0,0,0,0,0,0,0,0,0,0,0,0,0,0,56,-3,56,-5,51,-4,52,-5,55,-8,50,-5,50,-6,49,-9,51,-8,44,-10,46,-9,50,-9,50,-15,49,-12,46,-11,48,-14,48,-16,44,-15,45,-16,42,-16,42,-17,41,-19,33,-19,43,-20,42,-19,40,-19,45,-22,37,-23,38,-23,41,-23,40,-23,42,-22,42,-21,38,-22,42,-22,40,-21,37,-22,41,-20,39,-20,44,-17,40,-17,38,-11,40,-13,40,-11,42,-7,37,-7,34,-5,35,-6,29,-5,30,-1,33,-3,32,0,30,-2,28,0,26,0,24,1,24,4,0,0,0,0,0,0,0,0,0,0,0,0,0,0,0,0,0,0,0,0,0,0,11,50,6,50,5,51,3,51,0,54,-3,48,-1,50,-5,57,-7,59,-6,57,-10,61,-10,57,-10,67,-17,67,-20,62,-21,61,-20,65,-22,62,-24,56,-25,56,-27,61,-29,63,-29,56,-28,58,-32,56,-29,56,-29,56,-30,57,-30,54,-28,52,-23,52,-23,51,-20,52,-21,46,-19,51,-20,54,-15,52,-18,50,-15,52,-12,51,-14,48,-10,51,-10,50,-5,52,-6,49,-4,56,-3,55,1,50,-2,54,-4,57,-2,55,-4,52,1,59,5,55,4,55,1,53,3,53,0,0]"
CSI_DATA,377,2a:00:00:00:00:00,-37,11,1,0,1,1,1,0,0,0,1,-96,0,11,2,5360561,0,44,0,384,0,"[0,0,0,0,0,0,0,0,0,0,0,0,9,3,8,2,9,2,8,3,8,2,8,2,8,2,8,1,8,1,8,1,8,1,8,1,8,1,8,1,8,1,8,0,7,0,8,0,7,0,8,0,8,0,8,0,8,0,8,-1,8,0,8,-1,0,0,8,-1,8,0,8,0,8,-1,8,0,8,0,8,0,8,1,8,0,8,0,8,1,7,2,6,2,6,2,6,1,6,2,6,2,5,2,5,2,5,2,5,2,4,2,4,2,4,2,3,2,3,2,0,0,0,0,0,0,0,0,0,0,0,0,0,0,-32,-48,-25,-51,-29,-47,-33,-43,-27,-48,-29,-45,-31,-46,-30,-47,-28,-47,-32,-44,-28,-39,-32,-39,-34,-36,-27,-35,-30,-37,-35,-38,-31,-40,-33,-33,-34,-35,-30,-31,-37,-30,-33,-34,-35,-30,-32,-26,-35,-31,-35,-32,-33,-30,-37,-28,-35,-32,-40,-30,-35,-27,-39,-27,-34,-26,-37,-33,-37,-29,-35,-31,-34,-33,-37,-31,-36,-32,-28,-29,-30,-26,-27,-35,-23,-39,-27,-33,-23,-35,-24,-31,-21,-31,-14,-31,-17,-31,-18,-26,-13,-27,-16,-27,-13,-29,-12,-23,-5,-25,-9,-21,-5,-23,0,0,0,0,0,0,0,0,0,0,0,0,0,0,0,0,0,0,0,0,0,0,32,-33,39,-37,38,-32,45,-35,40,-31,47,-28,44,-28,51,-26,53,-29,52,-27,58,-23,55,-18,61,-25,63,-19,61,-20,62,-16,63,-21,58,-11,66,-15,63,-10,61,-14,66,-10,60,-7,63,-6,63,-4,60,-9,60,-4,62,-7,54,-3,60,-6,54,-5,61,-7,54,-8,52,-10,56,-11,50,-13,45,-11,48,-12,54,-12,52,-17,49,-18,48,-17,52,-23,47,-20,45,-22,45,-29,47,-27,46,-27,47,-26,48,-27,47,-25,49,-29,49,-29,48,-24,55,-24,52,-31,56,-30,0,0]"
CSI_DATA,378,2a:00:00:00:00:00,-37,11,1,0,1,1,1,0,0,0,1,-96,0,11,2,5380487,0,44,0,384,0,"[0,0,0,0,0,0,0,0,0,0,0,0,9,-3,9,-3,8,-3,8,-3,8,-3,8,-3,8,-4,8,-4,8,-4,7,-4,8,-5,7,-5,7,-4,7,-4,7,-4,7,-5,6,-5,6,-5,6,-5,6,-5,6,-5,6,-5,6,-5,6,-6,6,-6,6,-6,0,0,6,-6,6,-6,6,-6,6,-6,6,-5,6,-5,6,-5,6,-5,7,-5,7,-5,7,-5,6,-4,6,-4,6,-4,6,-3,6,-3,6,-3,5,-3,6,-2,5,-2,5,-2,4,-1,5,-1,4,-1,5,-1,4,-1,0,0,0,0,0,0,0,0,0,0,0,0,0,0,-49,-23,-44,-33,-49,-26,-48,-24,-49,-25,-50,-22,-50,-23,-46,-25,-43,-22,-48,-20,-47,-16,-46,-19,-48,-15,-45,-15,-45,-17,-47,-15,-47,-16,-47,-11,-42,-13,-46,-8,-45,-5,-46,-11,-44,-8,-43,-10,-45,-11,-47,-6,-44,-7,-48,-7,-46,-8,-49,-4,-49,-3,-46,-5,-41,-4,-45,-4,-45,-4,-45,-8,-49,-8,-44,-10,-43,-10,-44,-9,-40,-10,-44,-13,-40,-14,-40,-16,-37,-16,-35,-15,-35,-15,-29,-16,-33,-17,-27,-11,-29,-18,-27,-16,-24,-15,-25,-15,-21,-15,-22,-15,-14,-14,0,0,0,0,0,0,0,0,0,0,0,0,0,0,0,0,0,0,0,0,0,0,16,-48,22,-48,22,-51,25,-50,28,-47,27,-45,30,-48,33,-47,37,-48,37,-46,39,-47,40,-47,37,-48,46,-45,48,-42,48,-42,52,-46,51,-39,50,-43,50,-39,52,-38,56,-39,53,-35,56,-33,51,-36,52,-34,50,-31,52,-33,49,-29,51,-32,44,-27,45,-35,44,-30,46,-32,47,-35,41,-37,39,-34,38,-37,39,-36,37,-38,38,-38,37,-43,37,-40,35,-42,34,-41,31,-46,33,-44,29,-44,27,-48,31,-47,31,-49,31,-46,32,-47,28,-45,33,-51,26,-50,29,-52,0,0]"
CSI_DATA,379,2a:00:00:00:00:00,-37,11,1,0,1,1,1,0,0,0,1,-96,0,11,2,5391111,0,44,0,384,0,"[0,0,0,0,0,0,0,0,0,0,0,0,-9,4,-9,5,-8,5,-8,5,-8,4,-8,4,-7,5,-7,5,-7,5,-7,5,-8,5,-7,5,-7,5,-7,5,-6,5,-7,6,-6,6,-6,6,-5,6,-5,6,-6,6,-6,6,-6,6,-5,6,-6,6,-6,7,0,0,-6,7,-6,6,-5,6,-6,7,-6,6,-6,6,-6,6,-6,6,-6,6,-6,5,-7,5,-6,4,-6,4,-6,4,-7,4,-6,3,-6,3,-6,3,-6,3,-6,2,-6,2,-5,2,-5,2,-5,1,-5,1,-5,1,0,0,0,0,0,0,0,0,0,0,0,0,0,0,53,18,55,19,52,16,52,14,54,12,49,15,48,10,46,12,52,10,47,12,47,6,46,6,49,4,43,7,46,5,45,1,49,2,46,1,44,4,44,1,46,-4,45,5,41,-2,44,-8,44,-3,47,-5,42,-4,45,-8,47,-8,46,-8,46,-7,46,-5,41,-6,47,-6,44,-6,44,1,45,-2,38,-2,42,-1,45,0,44,2,45,3,40,5,39,6,38,5,41,5,33,7,31,8,32,12,30,8,31,12,28,8,24,6,25,9,24,14,25,12,18,10,0,0,0,0,0,0,0,0,0,0,0,0,0,0,0,0,0,0,0,0,0,0,-7,52,-9,48,-13,54,-16,50,-18,50,-20,47,-21,53,-23,46,-27,54,-26,53,-32,52,-28,53,-31,56,-33,53,-38,52,-41,52,-40,56,-42,51,-45,50,-43,52,-43,51,-47,47,-48,44,-47,44,-46,44,-46,43,-41,42,-47,42,-40,38,-42,38,-38,42,-40,38,-40,40,-36,41,-36,44,-36,43,-32,46,-32,43,-27,41,-30,47,-28,42,-27,49,-30,47,-28,46,-24,44,-20,52,-25,52,-23,52,-21,49,-23,50,-22,50,-21,53,-22,57,-20,48,-19,52,-17,54,-18,54,0,0]"
CSI_DATA,380,2a:00:00:00:00:00,-37,11,1,0,1,1,1,0,0,0,1,-96,0,11,2,5400061,0,44,0,384,0,"[0,0,0,0,0,0,0,0,0,0,0,0,-2,-10,-3,-10,-3,-10,-3,-10,-3,-9,-3,-9,-3,-9,-3,-9,-3,-9,-3,-9,-3,-9,-4,-9,-4,-8,-4,-8,-4,-8,-4,-8,-4,-8,-4,-8,-5,-8,-5,-8,-5,-8,-5,-7,-5,-7,-5,-8,-5,-8,-5,-7,0,0,-5,-7,-6,-8,-6,-8,-5,-7,-5,-8,-5,-8,-5,-8,-5,-8,-4,-8,-4,-8,-4,-8,-4,-8,-3,-8,-3,-8,-2,-7,-2,-7,-2,-7,-2,-6,-2,-6,-2,-6,-1,-6,-1,-6,-1,-6,-1,-6,0,-5,0,-5,0,0,0,0,0,0,0,0,0,0,0,0,0,0,-35,42,-35,43,-29,42,-31,42,-29,45,-30,42,-27,45,-26,44,-29,43,-29,39,-22,39,-22,39,-22,43,-20,42,-19,39,-19,40,-15,46,-17,39,-16,40,-17,43,-9,42,-15,43,-11,39,-6,41,-16,43,-11,42,-11,44,-12,45,-7,43,-8,41,-8,40,-12,44,-10,47,-8,40,-16,40,-9,41,-14,42,-11,44,-14,45,-14,39,-16,40,-17,34,-18,36,-17,37,-20,30,-20,33,-19,27,-21,29,-13,24,-19,22,-21,18,-21,22,-16,20,-22,18,-21,21,-17,15,-18,15,0,0,0,0,0,0,0,0,0,0,0,0,0,0,0,0,0,0,0,0,0,0,-47,-21,-39,-21,-48,-24,-46,-25,-46,-31,-41,-33,-42,-34,-38,-38,-43,-35,-44,-38,-41,-41,-43,-44,-45,-48,-42,-45,-39,-48,-39,-55,-40,-49,-34,-55,-34,-47,-31,-53,-30,-51,-35,-56,-30,-56,-29,-54,-27,-56,-30,-56,-28,-57,-23,-51,-27,-50,-28,-50,-25,-48,-28,-51,-27,-47,-24,-46,-31,-45,-32,-46,-30,-45,-25,-41,-31,-39,-38,-39,-31,-41,-38,-40,-35,-39,-38,-39,-34,-36,-39,-31,-35,-34,-41,-33,-42,-34,-41,-33,-41,-34,-44,-35,-42,-34,-44,-34,-45,-34,-46,-31,-51,-35,0,0]"
CSI_DATA,381,2a:00:00:00:00:00,-37,11,1,0,1,1,1,0,0,0,1,-96,0,11,2,5411371,0,44,0,384,0,"[0,0,0,0,0,0,0,0,0,0,0,0,-10,-3,-10,-3,-9,-3,-9,-3,-9,-3,-9,-3,-9,-2,-9,-2,-9,-2,-9,-2,-9,-2,-9,-1,-9,-1,-9,-1,-9,-1,-9,0,-9,0,-9,0,-9,0,-9,-1,-9,-1,-9,0,-9,0,-9,0,-9,0,-9,1,0,0,-9,1,-9,0,-9,0,-9,0,-9,0,-9,-1,-9,-1,-9,-1,-9,-1,-9,-1,-9,-1,-8,-2,-8,-2,-8,-2,-8,-2,-7,-2,-7,-2,-6,-2,-6,-2,-6,-2,-6,-2,-5,-3,-5,-3,-5,-3,-5,-3,-4,-3,0,0,0,0,0,0,0,0,0,0,0,0,0,0,19,48,21,55,26,53,24,49,26,51,19,48,26,46,22,46,24,44,28,40,25,41,30,41,28,40,27,35,27,38,34,34,28,35,33,39,29,34,27,34,29,35,28,34,34,30,36,31,31,31,33,34,36,28,36,29,36,32,39,29,38,28,41,29,31,25,32,30,36,26,34,33,33,34,33,36,33,35,31,32,29,32,28,31,24,31,22,31,21,33,23,28,20,33,19,27,14,28,14,26,12,28,11,26,10,26,6,27,4,27,4,21,5,25,0,0,0,0,0,0,0,0,0,0,0,0,0,0,0,0,0,0,0,0,0,0,-45,28,-43,27,-45,23,-50,19,-54,20,-48,18,-55,16,-56,16,-59,16,-55,14,-60,9,-63,11,-62,12,-66,8,-63,10,-67,3,-68,4,-65,2,-63,-1,-61,1,-63,-3,-66,-5,-63,-4,-64,-3,-63,-5,-64,-3,-61,-8,-63,-6,-60,-7,-59,-6,-54,0,-57,-6,-57,-3,-53,-3,-58,0,-56,1,-53,4,-55,6,-51,6,-54,10,-54,7,-50,11,-55,12,-56,14,-49,11,-54,20,-53,17,-53,17,-52,16,-53,18,-51,18,-51,22,-54,15,-51,19,-56,23,-57,23,-55,16,0,0]"
CSI_DATA,382,2a:00:00:00:00:00,-37,11,1,0,1,1,1,0,0,0,1,-96,0,11,2,5420731,0,44,0,384,0,"[0,0,0,0,0,0,0,0,0,0,0,0,7,-7,7,-7,6,-7,7,-7,6,-7,6,-6,6,-7,6,-7,6,-7,5,-7,5,-7,5,-8,5,-7,5,-7,5,-7,4,-8,4,-8,4,-7,4,-8,4,-7,4,-8,4,-8,4,-8,3,-8,4,-8,4,-8,0,0,4,-8,4,-8,4,-8,4,-8,4,-8,4,-8,4,-8,4,-7,5,-7,5,-7,5,-7,4,-6,5,-6,5,-6,5,-5,5,-5,4,-5,4,-4,4,-4,4,-4,4,-4,4,-3,4,-3,4,-3,4,-2,4,-2,0,0,0,0,0,0,0,0,0,0,0,0,0,0,-53,-19,-57,-15,-54,-11,-58,-13,-56,-14,-48,-10,-54,-9,-50,-10,-49,-10,-50,-14,-54,-3,-45,-6,-49,-3,-45,-7,-46,-7,-49,-5,-49,-4,-46,-4,-43,-3,-49,0,-46,3,-44,1,-44,4,-47,6,-48,2,-47,5,-47,-1,-52,4,-49,6,-46,9,-46,6,-45,1,-47,0,-48,4,-51,4,-45,4,-42,2,-43,4,-45,-2,-45,-2,-49,-3,-46,-5,-41,-7,-41,-8,-38,-7,-40,-8,-37,-11,-33,-9,-33,-15,-33,-11,-31,-13,-28,-13,-29,-15,-27,-11,-26,-14,-21,-14,-22,-16,0,0,0,0,0,0,0,0,0,0,0,0,0,0,0,0,0,0,0,0,0,0,-5,-53,1,-48,1,-55,3,-51,6,-57,8,-51,10,-55,15,-55,10,-62,14,-63,22,-60,21,-58,21,-61,25,-57,26,-55,32,-62,30,-58,34,-61,34,-52,34,-59,37,-55,35,-56,38,-56,39,-53,41,-51,39,-47,37,-46,35,-45,39,-46,33,-48,37,-49,35,-46,33,-47,33,-43,33,-44,26,-47,28,-46,29,-48,27,-44,24,-46,22,-46,22,-53,19,-47,20,-51,21,-50,19,-52,20,-49,13,-58,12,-54,15,-54,17,-54,9,-54,15,-54,14,-57,16,-58,18,-54,10,-56,0,0]"
CSI_DATA,383,2a:00:00:00:00:00,-36,11,1,0,1,1,1,0,0,0,1,-96,0,11,2,5430132,0,44,0,384,0,"[0,0,0,0,0,0,0,0,0,0,0,0,6,7,6,7,6,7,6,7,6,7,6,6,6,6,6,6,6,6,6,6,6,6,6,5,6,5,6,5,6,5,7,5,7,4,6,4,7,4,7,4,7,4,7,4,6,4,7,4,7,4,7,4,0,0,7,4,7,4,7,5,7,4,7,5,7,5,7,5,6,5,6,5,6,5,6,5,5,5,5,5,5,5,4,5,4,5,3,5,3,5,3,4,3,4,2,4,2,4,2,4,2,4,1,4,1,4,0,0,0,0,0,0,0,0,0,0,0,0,0,0,12,-58,14,-55,10,-57,15,-48,13,-55,15,-51,8,-51,9,-48,7,-47,7,-49,3,-48,5,-47,3,-48,1,-52,3,-50,0,-49,3,-47,0,-48,-4,-46,-5,-48,-3,-50,-1,-45,-9,-47,-5,-46,-4,-48,-3,-48,-7,-37,-8,-44,-8,-48,-13,-44,-12,-45,-11,-47,-9,-46,-10,-48,-5,-45,-4,-49,-9,-49,-4,-47,-3,-49,4,-45,-3,-42,2,-43,2,-42,6,-44,5,-40,2,-37,5,-35,3,-35,9,-34,11,-31,7,-28,10,-30,12,-26,9,-28,8,-25,13,-26,11,-20,0,0,0,0,0,0,0,0,0,0,0,0,0,0,0,0,0,0,0,0,0,0,52,3,52,6,51,7,53,10,52,17,52,16,51,20,55,19,57,22,59,23,58,27,55,27,59,27,59,29,52,31,53,37,57,41,55,39,52,37,48,41,44,45,51,41,48,47,42,41,48,44,47,42,44,37,46,40,38,38,44,35,40,40,46,39,42,34,40,35,41,32,42,33,42,30,43,26,45,26,49,28,50,25,43,22,43,26,51,25,48,19,49,20,49,21,46,20,52,23,53,16,50,18,55,17,56,20,50,11,58,17,60,12,55,11,0,0]"
CSI_DATA,384,2a:00:00:00:00:00,-36,11,1,0,1,1,1,0,0,0,1,-96,0,11,2,5440046,0,44,0,384,0,"[0,0,0,0,0,0,0,0,0,0,0,0,2,9,2,8,2,9,2,9,2,8,2,8,2,8,2,8,2,8,3,8,3,8,3,7,3,7,3,7,3,7,4,7,4,6,4,6,4,6,4,6,4,6,4,6,4,6,5,6,5,7,5,6,0,0,4,6,5,7,5,6,4,6,4,6,5,7,4,7,4,7,3,7,3,7,3,7,3,7,3,7,2,6,2,6,2,6,2,6,1,5,1,5,1,5,0,5,0,5,0,5,0,4,0,4,-1,4,0,0,0,0,0,0,0,0,0,0,0,0,0,0,30,-49,28,-43,27,-47,27,-46,28,-46,24,-46,24,-49,24,-46,18,-43,21,-41,16,-42,14,-43,16,-47,15,-42,15,-44,13,-44,11,-48,13,-46,10,-45,8,-44,8,-44,10,-44,6,-43,4,-47,5,-45,6,-44,9,-46,4,-43,3,-45,3,-45,6,-45,5,-47,3,-43,4,-45,1,-46,4,-46,3,-44,6,-45,9,-43,7,-48,10,-39,14,-39,15,-40,12,-39,11,-34,16,-36,15,-31,12,-35,12,-29,15,-27,15,-25,14,-26,16,-28,14,-22,17,-22,16,-18,18,-15,0,0,0,0,0,0,0,0,0,0,0,0,0,0,0,0,0,0,0,0,0,0,42,18,45,24,41,26,43,33,42,33,43,33,38,33,41,34,39,40,38,40,37,44,41,43,40,45,39,47,36,46,35,48,38,53,35,56,34,50,30,54,34,55,32,56,26,58,28,51,27,56,26,53,25,55,22,52,22,47,27,53,26,45,27,48,25,45,29,43,27,41,28,42,29,42,29,45,32,40,33,40,34,41,36,36,36,38,40,41,37,33,38,35,37,32,40,32,40,30,43,32,39,29,46,30,43,31,41,29,50,29,48,29,47,31,0,0]"
CSI_DATA,385,2a:00:00:00:00:00,-36,11,1,0,1,1,1,0,0,0,1,-96,0,11,2,5450449,0,44,0,384,0,"[0,0,0,0,0,0,0,0,0,0,0,0,4,8,4,7,5,8,5,7,5,7,4,7,5,7,5,7,5,6,5,6,5,6,5,6,5,6,5,6,5,6,6,6,5,5,6,5,6,5,6,5,6,5,6,5,6,5,6,5,6,5,6,5,0,0,6,5,6,5,6,5,6,5,6,5,6,5,6,5,5,5,5,5,5,6,5,6,4,6,4,6,4,6,3,5,3,5,3,6,2,5,2,5,2,4,2,4,1,5,1,5,1,4,1,4,0,4,0,0,0,0,0,0,0,0,0,0,0,0,0,0,14,-55,14,-58,14,-56,16,-52,10,-54,15,-51,12,-51,9,-53,7,-47,9,-46,9,-48,7,-47,8,-46,5,-48,2,-48,4,-50,-2,-50,-1,-49,1,-40,1,-45,-1,-50,2,-49,-4,-45,-2,-46,1,-47,-3,-52,-4,-46,-7,-46,-3,-46,-9,-45,-6,-45,-5,-48,-6,-50,-9,-47,-7,-46,-2,-43,-3,-48,-1,-46,1,-48,1,-45,-1,-46,6,-45,2,-45,6,-38,9,-41,7,-34,10,-37,10,-37,7,-31,9,-32,12,-29,10,-26,12,-28,13,-26,11,-24,10,-24,13,-18,0,0,0,0,0,0,0,0,0,0,0,0,0,0,0,0,0,0,0,0,0,0,53,3,50,6,50,7,51,12,51,14,50,18,50,17,51,20,55,22,54,25,53,23,56,30,58,28,62,30,54,36,55,35,56,37,55,38,50,38,46,39,46,45,53,45,50,44,48,45,43,46,44,38,43,43,40,42,41,41,44,40,42,38,39,40,37,37,41,34,40,36,44,36,41,31,43,32,41,30,43,26,46,29,46,21,47,25,43,22,45,22,49,20,46,22,48,21,52,22,50,20,49,18,51,19,48,22,51,18,53,15,57,16,58,20,0,0]"
CSI_DATA,386,2a:00:00:00:00:00,-37,11,1,0,1,1,1,0,0,0,1,-96,0,11,2,5460435,0,44,0,384,0,"[0,0,0,0,0,0,0,0,0,0,0,0,7,5,8,4,8,4,8,5,7,4,7,4,7,3,7,3,7,3,7,3,8,3,8,2,7,3,7,3,7,3,7,2,8,2,7,2,8,2,7,2,7,2,7,2,7,1,8,1,8,2,8,1,0,0,8,1,8,2,8,2,8,1,8,2,8,2,8,2,7,2,7,2,7,2,7,3,7,3,6,3,6,3,5,3,6,3,5,3,5,3,4,3,4,3,4,3,3,3,3,3,3,3,3,3,2,3,0,0,0,0,0,0,0,0,0,0,0,0,0,0,-5,-55,-12,-55,-14,-55,-7,-54,-12,-54,-10,-48,-11,-53,-8,-54,-10,-51,-16,-45,-18,-50,-19,-44,-17,-43,-16,-45,-14,-47,-16,-46,-20,-46,-16,-43,-18,-40,-24,-41,-23,-45,-20,-41,-21,-38,-22,-42,-22,-40,-27,-40,-22,-39,-21,-41,-26,-42,-28,-38,-23,-42,-22,-39,-22,-43,-24,-42,-23,-44,-19,-39,-21,-46,-24,-42,-17,-44,-17,-37,-16,-44,-15,-42,-13,-41,-13,-41,-6,-36,-11,-38,-8,-35,-3,-38,-5,-34,-5,-32,0,-30,-3,-30,0,-28,3,-28,4,-29,-1,-25,2,-23,0,0,0,0,0,0,0,0,0,0,0,0,0,0,0,0,0,0,0,0,0,0,42,-24,42,-25,50,-18,52,-18,53,-16,50,-14,54,-14,55,-14,56,-11,60,-10,63,-7,62,-6,67,-3,63,-2,59,0,65,4,65,5,70,8,64,5,65,8,64,7,63,16,68,12,60,14,65,15,63,11,59,15,54,11,58,17,56,13,58,14,53,9,57,11,52,9,59,8,48,7,54,0,54,5,53,1,50,3,47,1,52,0,51,-1,57,-2,49,-2,51,-12,55,-9,52,-7,53,-7,57,-8,56,-6,53,-6,50,-3,54,-12,53,-8,57,-17,56,-13,0,0]"
CSI_DATA,387,2a:00:00:00:00:00,-37,11,1,0,1,1,1,0,0,0,1,-96,0,11,2,5470188,0,44,0,384,0,"[0,0,0,0,0,0,0,0,0,0,0,0,-10,-1,-10,-1,-10,-1,-10,-1,-10,-1,-9,-1,-10,0,-9,0,-9,0,-9,0,-9,0,-9,0,-9,0,-9,0,-9,0,-9,1,-9,1,-9,1,-8,1,-9,1,-8,1,-9,1,-9,1,-9,2,-9,1,-9,2,0,0,-9,2,-9,1,-9,1,-9,2,-9,1,-9,1,-9,1,-9,0,-9,0,-9,0,-9,0,-8,-1,-8,-1,-8,-1,-8,-1,-7,-1,-7,-2,-7,-1,-7,-2,-6,-2,-6,-2,-5,-2,-5,-2,-5,-2,-5,-2,-5,-2,0,0,0,0,0,0,0,0,0,0,0,0,0,0,38,44,36,33,42,33,42,37,43,31,38,34,40,30,40,36,40,30,39,31,39,28,41,18,41,27,39,29,39,29,44,19,42,19,46,21,40,22,43,17,45,18,41,19,46,15,41,17,39,17,42,16,41,14,45,15,45,17,43,11,42,10,47,11,43,13,45,16,41,14,42,18,43,15,40,17,43,18,44,17,38,15,38,17,37,23,35,19,30,23,32,20,32,17,32,20,25,22,20,19,25,24,22,20,22,22,15,20,17,20,17,17,14,19,0,0,0,0,0,0,0,0,0,0,0,0,0,0,0,0,0,0,0,0,0,0,-27,42,-32,39,-33,41,-38,39,-39,38,-39,36,-45,37,-45,36,-45,37,-46,34,-49,35,-53,33,-58,36,-57,35,-61,34,-54,26,-60,32,-58,26,-65,28,-61,27,-66,24,-65,24,-62,19,-63,23,-59,18,-58,23,-58,19,-59,17,-55,17,-56,18,-53,15,-59,23,-51,21,-51,15,-53,22,-48,22,-47,24,-49,23,-44,23,-48,30,-46,24,-40,28,-47,30,-46,34,-41,35,-43,38,-44,35,-41,33,-39,38,-40,36,-39,35,-40,41,-43,39,-38,37,-45,46,-41,42,-38,39,0,0]"
CSI_DATA,388,2a:00:00:00:00:00,-37,11,1,0,1,1,1,0,0,0,1,-96,0,11,2,5490383,0,44,0,384,0,"[0,0,0,0,0,0,0,0,0,0,0,0,2,-10,2,-10,2,-10,2,-10,1,-10,2,-9,1,-10,1,-9,1,-9,0,-9,1,-9,0,-10,0,-9,0,-9,0,-9,0,-9,0,-9,0,-9,-1,-9,-1,-9,-1,-9,-1,-9,-1,-9,-2,-9,-1,-9,-1,-9,0,0,-1,-9,-2,-10,-2,-10,-1,-9,-1,-9,-1,-9,-1,-9,-1,-9,0,-9,0,-9,0,-9,1,-9,1,-8,1,-8,2,-7,1,-7,1,-7,2,-7,2,-6,2,-6,2,-6,2,-6,2,-5,2,-5,2,-4,2,-4,0,0,0,0,0,0,0,0,0,0,0,0,0,0,-52,21,-51,20,-48,26,-50,23,-57,23,-48,25,-47,27,-44,26,-44,27,-42,23,-44,23,-43,24,-41,26,-41,26,-44,25,-37,28,-38,28,-35,30,-36,29,-35,30,-37,33,-35,29,-33,29,-33,32,-29,27,-32,30,-34,32,-33,34,-33,32,-33,39,-37,33,-36,37,-35,31,-35,34,-37,32,-34,30,-35,31,-37,31,-34,29,-39,23,-38,25,-39,24,-39,22,-36,19,-35,16,-36,15,-35,11,-35,12,-34,13,-30,12,-31,8,-28,7,-31,8,-25,8,-24,8,-26,2,-26,-2,0,0,0,0,0,0,0,0,0,0,0,0,0,0,0,0,0,0,0,0,0,0,-34,-40,-32,-36,-33,-39,-30,-49,-30,-49,-26,-47,-21,-46,-23,-50,-24,-52,-23,-57,-20,-58,-20,-58,-22,-61,-20,-67,-15,-62,-12,-66,-8,-65,-9,-68,-10,-64,-5,-70,-7,-67,-6,-66,-1,-66,-3,-67,-2,-64,-3,-66,1,-63,-1,-61,0,-62,-1,-60,-1,-57,-3,-59,-3,-60,-6,-55,-5,-58,-2,-56,-6,-51,-7,-53,-7,-51,-12,-54,-8,-52,-17,-54,-15,-48,-18,-51,-12,-48,-22,-50,-20,-53,-14,-47,-25,-50,-19,-54,-23,-52,-24,-54,-20,-51,-21,-51,-26,-45,-27,-51,-29,-53,0,0]"
CSI_DATA,389,2a:00:00:00:00:00,-37,11,1,0,1,1,1,0,0,0,1,-96,0,11,2,5500132,0,44,0,384,0,"[0,0,0,0,0,0,0,0,0,0,0,0,-1,9,-1,9,0,9,0,9,0,9,-1,9,0,8,0,8,0,8,1,8,1,8,1,8,1,8,1,8,1,8,1,8,2,8,1,8,2,8,2,8,2,8,2,8,2,8,3,8,2,8,2,8,0,0,2,8,3,8,3,8,2,8,2,8,2,8,2,8,2,8,1,8,1,8,1,8,0,8,1,7,0,7,-1,7,-1,7,0,7,-1,6,-1,6,-2,5,-2,5,-1,5,-2,5,-2,5,-2,4,-2,4,0,0,0,0,0,0,0,0,0,0,0,0,0,0,35,-34,42,-38,36,-43,35,-38,31,-38,34,-39,29,-41,33,-41,29,-43,26,-37,27,-42,25,-40,24,-42,30,-39,30,-40,25,-41,22,-43,21,-42,24,-34,18,-41,17,-44,18,-38,15,-44,16,-47,15,-42,15,-43,16,-41,11,-47,12,-48,15,-42,14,-44,10,-41,12,-44,12,-44,14,-47,12,-44,13,-48,14,-44,18,-49,16,-40,20,-40,19,-39,17,-34,16,-34,22,-31,22,-33,22,-31,24,-32,18,-26,22,-24,15,-24,15,-25,20,-24,18,-21,21,-20,18,-15,15,-12,0,0,0,0,0,0,0,0,0,0,0,0,0,0,0,0,0,0,0,0,0,0,38,34,33,38,39,40,32,46,31,43,31,45,30,47,27,52,33,51,29,51,26,58,25,56,28,59,24,54,24,64,23,61,20,66,17,62,17,61,20,67,16,66,13,63,12,59,12,67,12,62,13,65,10,60,9,58,11,55,10,58,10,55,13,56,15,55,16,53,21,57,16,50,16,49,20,52,23,47,20,50,23,43,27,43,25,49,32,45,26,44,31,46,28,43,30,44,30,42,37,41,33,42,34,41,34,45,36,43,38,45,38,38,40,38,0,0]"
CSI_DATA,390,2a:00:00:00:00:00,-37,11,1,0,1,1,1,0,0,0,1,-96,0,11,2,5510402,0,44,0,384,0,"[0,0,0,0,0,0,0,0,0,0,0,0,-10,0,-10,0,-10,0,-10,0,-9,0,-9,1,-9,1,-9,1,-9,1,-9,1,-9,1,-9,2,-9,2,-8,2,-9,2,-9,2,-8,3,-8,2,-8,2,-8,2,-8,2,-8,3,-8,3,-8,3,-8,3,-8,4,0,0,-8,3,-8,3,-9,3,-8,3,-8,2,-8,2,-9,2,-8,2,-9,2,-8,2,-9,2,-8,1,-8,1,-8,1,-8,0,-7,0,-7,0,-7,0,-7,0,-6,-1,-6,-1,-6,-1,-5,-1,-5,-1,-5,-1,-5,-1,0,0,0,0,0,0,0,0,0,0,0,0,0,0,35,40,39,45,34,40,35,37,36,39,36,40,36,37,34,35,36,35,33,36,32,31,39,28,34,32,35,30,36,28,40,29,46,26,40,22,40,24,39,23,40,20,40,19,37,20,42,22,38,21,39,20,41,18,45,18,43,15,47,20,41,18,44,15,41,19,43,19,44,20,39,19,38,18,39,20,39,26,41,20,35,26,37,22,31,24,32,26,31,24,35,27,27,25,27,29,26,24,22,23,20,23,18,24,19,23,17,24,16,18,13,19,11,21,0,0,0,0,0,0,0,0,0,0,0,0,0,0,0,0,0,0,0,0,0,0,-38,39,-39,34,-40,33,-44,34,-44,34,-49,32,-49,30,-51,24,-54,28,-56,28,-59,25,-59,28,-59,28,-60,24,-63,22,-63,22,-65,18,-63,17,-61,21,-66,14,-68,13,-65,13,-65,9,-61,10,-66,8,-60,11,-62,5,-62,8,-62,8,-57,10,-56,8,-60,9,-54,9,-55,10,-56,11,-52,14,-51,19,-51,16,-48,16,-50,23,-48,17,-49,25,-50,21,-49,25,-47,18,-47,22,-47,28,-43,32,-46,33,-46,33,-47,30,-47,31,-44,30,-42,31,-45,34,-46,35,-45,38,0,0]"
CSI_DATA,391,2a:00:00:00:00:00,-37,11,1,0,1,1,1,0,0,0,1,-96,0,11,2,5531037,0,44,0,384,0,"[0,0,0,0,0,0,0,0,0,0,0,0,-1,-10,-1,-10,-2,-11,-1,-10,-2,-10,-1,-9,-2,-10,-2,-9,-2,-9,-2,-10,-2,-10,-2,-9,-3,-9,-3,-9,-3,-9,-4,-9,-3,-8,-3,-9,-4,-8,-4,-8,-4,-8,-4,-8,-4,-8,-5,-9,-5,-9,-4,-8,0,0,-4,-8,-5,-9,-5,-8,-5,-9,-4,-8,-5,-9,-4,-9,-4,-9,-3,-9,-3,-9,-3,-9,-3,-9,-2,-8,-2,-8,-2,-8,-2,-8,-2,-8,-1,-7,-1,-7,0,-6,0,-6,-1,-6,0,-6,0,-6,0,-5,1,-5,0,0,0,0,0,0,0,0,0,0,0,0,0,0,-35,44,-32,48,-25,42,-28,48,-31,45,-29,42,-26,44,-28,48,-28,43,-21,41,-17,44,-19,44,-22,43,-19,43,-19,44,-18,41,-18,45,-16,43,-18,37,-15,44,-13,46,-16,43,-9,40,-8,42,-11,43,-12,45,-8,44,-11,45,-7,46,-10,46,-8,45,-11,48,-11,47,-4,47,-9,43,-15,45,-8,49,-13,43,-15,45,-11,41,-20,43,-18,39,-18,40,-17,39,-17,34,-20,34,-18,31,-18,32,-18,26,-19,25,-19,26,-20,21,-21,24,-17,21,-16,19,-22,19,-22,15,0,0,0,0,0,0,0,0,0,0,0,0,0,0,0,0,0,0,0,0,0,0,-50,-19,-48,-25,-46,-23,-48,-28,-46,-32,-44,-31,-40,-33,-45,-37,-46,-42,-46,-45,-47,-42,-46,-47,-46,-44,-43,-51,-44,-50,-41,-51,-42,-56,-35,-60,-34,-52,-37,-55,-35,-57,-31,-60,-32,-58,-31,-54,-29,-60,-28,-55,-26,-55,-31,-55,-30,-57,-28,-54,-29,-46,-29,-50,-28,-49,-30,-45,-25,-48,-32,-45,-28,-46,-30,-44,-33,-42,-38,-42,-35,-39,-37,-37,-38,-37,-40,-37,-37,-35,-39,-36,-43,-38,-40,-35,-44,-34,-42,-37,-41,-35,-45,-34,-42,-32,-46,-35,-49,-35,-48,-30,-46,-34,0,0]"
CSI_DATA,392,2a:00:00:00:00:00,-37,11,1,0,1,1,1,0,0,0,1,-96,0,11,2,5540050,0,44,0,384,0,"[0,0,0,0,0,0,0,0,0,0,0,0,7,-7,7,-7,6,-7,7,-6,6,-7,6,-6,6,-7,6,-7,6,-7,6,-7,6,-7,6,-7,5,-7,5,-7,5,-7,5,-8,4,-7,5,-8,4,-7,4,-7,4,-7,4,-8,5,-8,3,-8,4,-8,4,-8,0,0,4,-8,4,-8,4,-8,4,-8,4,-7,4,-8,4,-8,5,-7,5,-7,5,-7,5,-7,5,-6,5,-6,5,-6,5,-5,5,-5,5,-5,5,-4,5,-4,5,-4,5,-3,4,-3,4,-3,4,-3,4,-2,4,-2,0,0,0,0,0,0,0,0,0,0,0,0,0,0,-55,-16,-49,-12,-54,-9,-55,-10,-53,-11,-58,-7,-47,-8,-53,-6,-45,-5,-50,-6,-53,-3,-50,-1,-49,-2,-47,-3,-46,-3,-49,0,-47,2,-47,0,-48,3,-47,4,-48,7,-43,6,-41,7,-42,8,-41,7,-44,10,-44,7,-44,9,-45,11,-44,11,-49,10,-46,12,-43,10,-46,12,-44,15,-43,5,-43,9,-46,7,-45,0,-45,7,-42,3,-50,2,-41,-3,-41,0,-43,-4,-40,0,-38,-5,-36,-3,-33,-4,-31,-8,-34,-9,-33,-8,-28,-8,-24,-7,-28,-8,-24,-11,-24,-16,0,0,0,0,0,0,0,0,0,0,0,0,0,0,0,0,0,0,0,0,0,0,3,-53,7,-51,10,-51,11,-57,13,-52,18,-52,20,-51,21,-55,21,-57,24,-54,27,-52,31,-55,30,-60,32,-58,34,-56,36,-52,39,-59,44,-54,34,-54,40,-53,37,-52,46,-51,41,-49,46,-48,45,-45,41,-42,40,-43,42,-44,40,-41,41,-43,36,-43,41,-44,35,-45,33,-44,37,-45,33,-44,27,-43,29,-46,28,-44,25,-48,26,-47,22,-46,26,-49,20,-52,21,-51,21,-53,20,-52,21,-46,17,-53,17,-50,17,-50,14,-51,18,-57,15,-50,10,-54,15,-56,11,-57,0,0]"
CSI_DATA,393,2a:00:00:00:00:00,-37,11,1,0,1,1,1,0,0,0,1,-96,0,11,2,5551042,0,44,0,384,0,"[0,0,0,0,0,0,0,0,0,0,0,0,-10,2,-10,2,-9,2,-10,2,-9,2,-9,2,-9,2,-9,2,-9,2,-8,3,-9,3,-9,3,-8,3,-8,3,-8,3,-8,4,-8,4,-8,4,-8,4,-8,4,-8,4,-8,4,-8,4,-7,5,-8,5,-8,5,0,0,-7,5,-8,5,-8,5,-8,5,-7,4,-8,4,-8,4,-8,4,-8,4,-8,4,-8,4,-8,3,-8,2,-7,2,-8,2,-7,2,-7,1,-7,1,-7,1,-6,1,-7,0,-6,0,-6,0,-5,0,-6,0,-5,-1,0,0,0,0,0,0,0,0,0,0,0,0,0,0,43,32,41,35,45,32,44,29,40,32,45,29,40,29,43,29,40,22,43,26,41,23,42,20,44,20,39,21,42,21,42,16,44,20,38,18,40,19,46,18,47,13,39,14,43,12,43,10,44,12,42,10,42,8,43,9,45,9,43,10,44,11,44,11,42,13,48,10,43,9,46,15,41,9,44,8,42,14,41,15,40,17,39,20,39,20,33,17,37,20,33,22,31,20,27,19,27,23,27,17,26,18,26,15,18,18,20,18,17,18,13,18,14,18,0,0,0,0,0,0,0,0,0,0,0,0,0,0,0,0,0,0,0,0,0,0,-23,46,-27,43,-29,41,-37,45,-34,38,-34,44,-38,40,-38,43,-42,43,-43,38,-46,41,-50,40,-49,46,-54,41,-55,40,-53,31,-59,35,-58,29,-58,37,-61,32,-62,31,-60,31,-61,26,-62,27,-62,23,-57,24,-55,19,-61,22,-52,22,-55,26,-46,20,-56,26,-49,26,-50,27,-52,25,-47,29,-45,26,-46,31,-46,27,-45,29,-43,32,-43,32,-45,39,-40,33,-39,34,-33,37,-35,37,-34,41,-38,40,-34,36,-38,37,-37,43,-40,43,-36,43,-36,44,-39,45,-32,43,0,0]"
CSI_DATA,394,2a:00:00:00:00:00,-37,11,1,0,1,1,1,0,0,0,1,-96,0,11,2,5561263,0,44,0,384,0,"[0,0,0,0,0,0,0,0,0,0,0,0,3,-9,2,-9,2,-10,2,-9,2,-9,2,-9,2,-9,2,-9,2,-9,1,-9,2,-9,1,-9,0,-9,0,-9,1,-8,1,-9,0,-9,0,-8,0,-9,0,-9,0,-9,0,-9,0,-8,-1,-9,-1,-9,-1,-9,0,0,0,-9,-1,-9,-1,-9,0,-9,0,-9,0,-9,0,-9,0,-9,1,-9,1,-9,1,-9,1,-8,1,-8,1,-8,2,-7,2,-7,2,-7,2,-6,2,-6,2,-5,2,-5,2,-5,2,-5,2,-5,3,-4,3,-4,0,0,0,0,0,0,0,0,0,0,0,0,0,0,-54,12,-57,13,-51,16,-52,17,-57,17,-46,12,-46,19,-48,17,-47,16,-45,16,-47,14,-46,15,-41,19,-45,20,-42,16,-41,21,-46,23,-44,23,-43,21,-34,23,-32,23,-41,23,-32,27,-36,27,-38,25,-39,28,-37,25,-33,30,-33,24,-36,31,-36,28,-37,31,-38,30,-36,30,-37,30,-38,25,-37,28,-39,25,-38,26,-41,22,-40,20,-42,18,-40,20,-40,16,-35,19,-39,17,-35,12,-31,15,-30,5,-33,4,-30,5,-29,7,-29,4,-28,2,-29,3,-26,1,-26,-3,0,0,0,0,0,0,0,0,0,0,0,0,0,0,0,0,0,0,0,0,0,0,-22,-48,-13,-47,-18,-53,-15,-52,-9,-58,-6,-50,-9,-52,-8,-58,-11,-64,-5,-59,-4,-62,1,-64,-3,-68,5,-64,5,-68,10,-69,10,-68,7,-68,13,-62,13,-62,16,-62,15,-65,19,-63,19,-61,18,-60,14,-65,17,-55,17,-57,17,-58,17,-55,16,-57,12,-54,11,-54,13,-55,8,-55,7,-55,10,-58,4,-53,7,-50,5,-54,4,-54,-3,-54,1,-52,-4,-55,-3,-53,-10,-49,-6,-49,-5,-54,-10,-55,-9,-56,-8,-55,-11,-52,-9,-54,-10,-55,-13,-55,-15,-55,-13,-55,0,0]"
CSI_DATA,395,2a:00:00:00:00:00,-37,11,1,0,1,1,1,0,0,0,1,-96,0,11,2,5580050,0,44,0,384,0,"[0,0,0,0,0,0,0,0,0,0,0,0,-4,9,-3,9,-3,9,-3,9,-3,8,-3,8,-3,8,-3,8,-3,8,-2,8,-2,8,-2,8,-2,8,-1,8,-2,8,-1,8,-1,8,-1,8,0,8,-1,8,-1,8,0,8,0,8,0,8,0,8,0,8,0,0,0,8,0,8,0,9,0,8,0,8,0,8,0,8,-1,8,-2,8,-1,8,-2,8,-2,8,-2,7,-2,7,-3,6,-3,6,-3,6,-3,6,-3,5,-3,5,-3,5,-3,4,-3,4,-3,4,-3,3,-3,3,0,0,0,0,0,0,0,0,0,0,0,0,0,0,55,-19,51,-21,47,-25,49,-15,48,-23,47,-22,47,-26,49,-22,44,-23,41,-24,40,-21,41,-23,39,-22,39,-25,39,-22,36,-25,38,-29,38,-27,37,-23,36,-29,38,-31,36,-31,32,-32,34,-33,36,-30,31,-34,38,-33,32,-32,29,-36,33,-37,31,-33,34,-31,32,-32,30,-35,32,-33,34,-30,33,-33,33,-31,31,-28,35,-27,37,-27,34,-24,37,-23,37,-25,32,-21,39,-23,33,-18,34,-15,34,-8,30,-12,31,-9,29,-9,24,-6,26,-6,27,-7,26,-6,21,0,0,0,0,0,0,0,0,0,0,0,0,0,0,0,0,0,0,0,0,0,0,0,24,44,20,45,25,48,23,51,19,53,19,50,14,50,13,57,12,60,14,58,6,61,11,63,12,61,5,66,1,61,2,66,3,63,-6,65,-4,67,-7,63,-6,68,-7,63,-7,65,-10,67,-5,65,-7,65,-13,61,-8,58,-7,58,-9,58,-3,56,-6,58,-7,56,-5,53,-3,55,-5,49,-1,47,2,56,4,54,5,56,4,50,9,50,5,47,10,50,7,50,14,52,14,57,14,48,13,50,14,52,10,50,15,51,13,56,13,51,15,51,20,51,22,53,0,0]"
CSI_DATA,396,2a:00:00:00:00:00,-37,11,1,0,1,1,1,0,0,0,1,-96,0,11,2,5600055,0,44,0,384,0,"[0,0,0,0,0,0,0,0,0,0,0,0,9,0,9,0,9,0,9,0,9,0,9,0,9,-1,8,-1,8,-1,8,-1,8,-1,8,-1,8,-1,8,-1,8,-1,8,-2,8,-2,8,-2,8,-2,8,-2,8,-2,8,-3,8,-3,8,-3,8,-3,8,-3,0,0,8,-3,8,-3,8,-3,8,-3,8,-3,8,-3,8,-2,8,-2,8,-2,8,-2,8,-1,7,-1,7,-1,7,-1,7,0,7,0,6,0,6,0,6,0,5,0,5,1,5,1,5,1,4,1,4,1,4,1,0,0,0,0,0,0,0,0,0,0,0,0,0,0,-30,-48,-23,-45,-29,-44,-27,-41,-34,-48,-31,-44,-33,-42,-32,-44,-30,-40,-31,-37,-36,-37,-32,-35,-31,-36,-33,-39,-30,-33,-33,-35,-31,-35,-37,-32,-31,-27,-34,-33,-37,-24,-36,-30,-36,-28,-34,-28,-29,-28,-35,-28,-39,-24,-36,-24,-41,-29,-40,-25,-34,-27,-40,-27,-38,-29,-33,-31,-40,-25,-33,-27,-39,-30,-33,-33,-34,-33,-36,-29,-33,-32,-30,-31,-28,-34,-29,-33,-26,-32,-26,-33,-23,-29,-22,-31,-18,-26,-16,-24,-16,-26,-16,-29,-12,-26,-10,-26,-8,-24,-8,-27,-7,-24,0,0,0,0,0,0,0,0,0,0,0,0,0,0,0,0,0,0,0,0,0,0,34,-35,37,-36,42,-34,45,-33,44,-32,47,-26,46,-29,48,-31,50,-29,50,-29,55,-23,55,-23,58,-27,62,-21,62,-19,66,-20,62,-17,65,-14,62,-18,64,-17,60,-14,66,-9,66,-13,64,-5,59,-5,61,-9,62,-8,61,-8,60,-6,58,-6,54,-8,59,-4,55,-5,55,-11,57,-10,55,-11,50,-13,53,-13,49,-13,50,-16,51,-17,48,-19,45,-19,52,-25,50,-21,46,-24,48,-24,45,-26,49,-29,50,-25,47,-29,48,-29,45,-27,47,-28,48,-29,45,-28,47,-33,0,0]"
CSI_DATA,397,2a:00:00:00:00:00,-37,11,1,0,1,1,1,0,0,0,1,-96,0,11,2,5610012,0,44,0,384,0,"[0,0,0,0,0,0,0,0,0,0,0,0,9,-3,9,-3,8,-3,9,-3,8,-3,8,-3,8,-4,8,-4,8,-4,8,-4,8,-4,8,-5,7,-4,7,-4,7,-4,7,-5,7,-5,7,-5,6,-5,7,-5,6,-5,7,-5,7,-5,6,-6,7,-6,6,-6,0,0,7,-6,7,-6,7,-6,7,-6,6,-5,7,-5,7,-5,7,-5,7,-5,7,-5,7,-4,7,-4,6,-3,6,-3,7,-3,6,-3,6,-2,6,-2,6,-2,5,-2,5,-1,5,-1,5,-1,4,-1,5,-1,4,0,0,0,0,0,0,0,0,0,0,0,0,0,0,0,-45,-37,-47,-34,-43,-27,-49,-28,-47,-28,-44,-28,-42,-23,-48,-32,-42,-23,-42,-21,-43,-15,-41,-20,-45,-21,-42,-21,-42,-23,-45,-18,-47,-16,-46,-15,-45,-17,-40,-11,-45,-12,-45,-10,-43,-7,-44,-14,-38,-11,-44,-9,-41,-6,-44,-5,-46,-6,-46,-6,-48,-6,-51,-5,-44,-13,-50,-4,-46,-4,-45,-7,-44,-10,-44,-7,-45,-16,-45,-10,-44,-9,-43,-14,-37,-13,-42,-14,-36,-20,-35,-18,-37,-20,-35,-17,-31,-14,-27,-16,-32,-17,-28,-18,-24,-15,-21,-14,-20,-17,-19,-17,-17,-18,0,0,0,0,0,0,0,0,0,0,0,0,0,0,0,0,0,0,0,0,0,0,25,-45,31,-43,29,-43,33,-44,37,-41,35,-38,38,-40,42,-38,47,-40,41,-41,48,-40,51,-42,51,-42,53,-41,58,-37,55,-30,62,-34,54,-33,58,-35,59,-26,57,-26,62,-25,57,-22,55,-25,64,-23,53,-29,57,-25,58,-24,52,-19,54,-23,48,-25,56,-25,45,-20,50,-26,48,-28,47,-27,41,-31,44,-32,45,-28,41,-36,45,-35,40,-32,44,-34,37,-39,36,-37,38,-37,37,-37,34,-41,44,-42,34,-41,34,-43,35,-46,41,-46,33,-43,33,-48,35,-43,32,-42,0,0]"
CSI_DATA,398,2a:00:00:00:00:00,-37,11,1,0,1,1,1,0,0,0,1,-96,0,11,2,5620802,0,44,0,384,0,"[0,0,0,0,0,0,0,0,0,0,0,0,9,0,9,0,9,0,8,0,9,0,8,0,8,-1,8,-1,8,-1,8,-1,8,-1,8,-1,8,-1,8,-1,8,-1,8,-2,7,-2,8,-2,7,-2,7,-2,7,-2,7,-2,7,-2,7,-3,8,-2,8,-3,0,0,8,-3,8,-2,8,-2,8,-3,7,-2,8,-2,8,-2,7,-2,8,-2,8,-2,8,-1,7,0,7,0,7,0,7,0,6,0,6,0,6,0,6,0,5,1,5,1,4,1,4,1,4,1,4,1,4,2,0,0,0,0,0,0,0,0,0,0,0,0,0,0,-40,-45,-37,-38,-39,-34,-35,-36,-46,-34,-34,-36,-45,-34,-43,-35,-38,-36,-34,-25,-38,-30,-40,-26,-40,-25,-42,-28,-41,-25,-42,-24,-45,-27,-41,-21,-32,-23,-41,-23,-43,-16,-43,-19,-40,-17,-44,-16,-39,-18,-46,-20,-50,-18,-45,-17,-47,-20,-46,-15,-42,-16,-43,-17,-44,-21,-40,-19,-45,-18,-44,-17,-39,-18,-41,-15,-39,-18,-42,-19,-43,-22,-37,-25,-33,-26,-35,-23,-30,-22,-34,-21,-28,-20,-29,-23,-24,-20,-23,-20,-25,-23,-20,-19,-20,-22,-18,-24,-18,-21,-15,-21,-13,-22,0,0,0,0,0,0,0,0,0,0,0,0,0,0,0,0,0,0,0,0,0,0,29,-42,32,-34,36,-41,36,-38,42,-42,36,-33,44,-39,43,-39,44,-37,49,-39,56,-34,52,-33,56,-35,57,-34,59,-30,62,-30,56,-28,63,-29,60,-25,61,-27,58,-19,66,-22,64,-21,56,-20,59,-15,57,-24,61,-12,55,-17,59,-16,51,-21,57,-19,50,-16,53,-15,52,-20,52,-20,54,-19,50,-24,48,-19,47,-27,49,-25,43,-26,48,-33,44,-27,48,-32,41,-28,45,-27,38,-31,40,-32,41,-33,40,-38,42,-34,41,-43,44,-39,41,-34,42,-36,39,-38,40,-43,0,0]"
CSI_DATA,399,2a:00:00:00:00:00,-37,11,1,0,1,1,1,0,0,0,1,-96,0,11,2,5630508,0,44,0,384,0,"[0,0,0,0,0,0,0,0,0,0,0,0,-9,-5,-9,-4,-9,-4,-9,-5,-9,-5,-9,-4,-9,-3,-8,-3,-9,-3,-8,-4,-9,-3,-9,-3,-9,-3,-8,-3,-8,-3,-9,-2,-9,-2,-8,-1,-8,-2,-9,-2,-8,-2,-9,-1,-8,-1,-9,-1,-9,-2,-9,-1,0,0,-9,0,-9,-1,-9,-1,-9,-1,-9,-2,-9,-1,-9,-2,-9,-2,-9,-2,-9,-2,-8,-2,-8,-3,-8,-3,-8,-3,-7,-3,-7,-3,-7,-3,-6,-3,-6,-3,-6,-3,-6,-3,-5,-3,-5,-3,-4,-4,-4,-3,-4,-3,0,0,0,0,0,0,0,0,0,0,0,0,0,0,19,54,17,48,24,51,21,47,22,47,20,46,23,47,20,45,22,44,22,41,20,42,24,41,19,41,25,41,22,36,27,36,28,38,32,37,27,33,30,34,30,31,32,31,31,33,33,36,30,36,31,35,30,28,36,29,36,31,31,28,33,27,35,32,35,31,31,32,31,29,30,31,33,33,30,33,33,32,26,34,25,32,26,32,22,37,24,35,18,33,22,35,18,32,18,32,15,28,14,28,11,27,10,27,9,30,4,26,6,20,7,25,6,22,0,0,0,0,0,0,0,0,0,0,0,0,0,0,0,0,0,0,0,0,0,0,-51,26,-45,21,-50,19,-49,18,-51,15,-53,12,-52,13,-59,11,-58,5,-62,8,-61,6,-64,7,-66,9,-66,3,-67,3,-65,-3,-70,-2,-66,-4,-68,-4,-66,-11,-63,-11,-69,-10,-65,-11,-65,-13,-65,-14,-65,-9,-60,-11,-59,-15,-60,-12,-60,-13,-51,-13,-57,-4,-57,-10,-58,-9,-58,-7,-53,-7,-52,-4,-54,-2,-57,0,-54,1,-57,2,-53,7,-52,7,-54,9,-51,7,-48,6,-53,10,-51,11,-52,12,-56,15,-53,17,-58,20,-51,13,-53,13,-56,12,-57,19,-52,17,0,0]"
CSI_DATA,400,2a:00:00:00:00:00,-37,11,1,0,1,1,1,0,0,0,1,-96,0,11,2,5640049,0,44,0,384,0,"[0,0,0,0,0,0,0,0,0,0,0,0,-10,1,-10,2,-10,1,-10,1,-9,1,-9,2,-9,2,-9,2,-9,2,-8,2,-9,2,-9,3,-9,2,-8,2,-8,2,-9,3,-8,3,-8,3,-8,3,-8,3,-8,3,-8,3,-8,4,-8,4,-8,3,-8,4,0,0,-8,4,-8,4,-8,4,-8,4,-8,3,-8,3,-8,3,-8,3,-9,3,-9,3,-9,2,-8,2,-8,1,-8,1,-8,1,-8,1,-7,0,-7,0,-7,0,-7,0,-7,0,-6,-1,-6,-1,-5,-1,-6,-1,-5,-2,0,0,0,0,0,0,0,0,0,0,0,0,0,0,46,28,45,32,46,18,46,30,48,27,45,23,39,19,46,22,43,21,46,20,42,19,45,15,45,18,45,15,43,16,43,14,44,13,41,11,41,12,46,10,46,10,42,10,46,6,42,8,40,9,46,11,44,10,45,3,46,5,47,3,44,2,51,6,44,8,49,8,43,2,41,13,43,6,41,9,41,15,46,15,42,14,42,9,40,14,33,13,41,15,35,19,28,18,32,17,26,17,28,20,26,20,23,17,21,17,18,17,17,17,19,15,17,19,0,0,0,0,0,0,0,0,0,0,0,0,0,0,0,0,0,0,0,0,0,0,-18,50,-18,45,-20,44,-26,51,-26,46,-31,44,-32,43,-33,48,-37,48,-36,47,-38,47,-41,49,-43,51,-46,46,-49,49,-49,41,-49,45,-52,45,-55,41,-55,38,-58,37,-57,36,-52,36,-52,36,-57,35,-54,33,-53,34,-55,31,-48,28,-49,30,-44,27,-54,28,-46,33,-44,30,-45,33,-44,32,-39,31,-38,38,-36,34,-40,35,-42,37,-37,34,-38,39,-35,41,-33,41,-37,35,-35,39,-35,42,-30,43,-31,42,-29,45,-29,46,-34,49,-31,48,-29,46,-34,48,-29,51,0,0]"
CSI_DATA,401,2a:00:00:00:00:00,-37,11,1,0,1,1,1,0,0,0,1,-96,0,11,2,5651017,0,44,0,384,0,"[0,0,0,0,0,0,0,0,0,0,0,0,8,5,8,5,8,5,8,6,7,5,7,5,7,4,7,4,7,4,7,4,8,4,8,3,7,3,7,3,7,3,8,3,8,3,7,2,8,2,7,2,7,3,8,3,7,2,8,2,8,2,8,1,0,0,8,2,8,2,8,2,8,2,8,3,8,3,8,3,7,3,8,3,7,3,7,3,7,4,6,4,6,4,6,3,5,3,5,4,5,3,4,4,4,3,4,4,3,4,3,4,3,3,3,3,2,3,0,0,0,0,0,0,0,0,0,0,0,0,0,0,3,-59,4,-55,-3,-55,-3,-52,-2,-53,-1,-51,-2,-52,-2,-51,-3,-47,-8,-45,-7,-50,-7,-44,-9,-53,-10,-48,-6,-47,-12,-44,-11,-49,-15,-42,-12,-45,-15,-42,-14,-44,-13,-45,-17,-39,-18,-41,-14,-43,-19,-42,-21,-41,-21,-41,-20,-41,-25,-43,-22,-41,-18,-45,-18,-42,-19,-43,-22,-45,-16,-42,-17,-43,-14,-45,-13,-45,-11,-40,-11,-43,-10,-43,-12,-43,-8,-45,-3,-44,-2,-42,-1,-38,-4,-37,-4,-35,-2,-31,0,-35,1,-30,4,-33,6,-28,2,-26,2,-25,8,-26,0,0,0,0,0,0,0,0,0,0,0,0,0,0,0,0,0,0,0,0,0,0,48,-17,50,-9,54,-5,54,-2,56,-3,54,0,55,4,54,2,58,9,59,4,61,7,58,9,64,13,65,15,62,16,62,18,63,18,66,20,59,22,62,23,60,22,63,26,57,25,58,24,56,33,55,25,51,30,53,28,53,29,51,27,52,25,50,23,51,24,49,21,53,21,49,20,52,13,51,17,47,14,52,14,51,17,52,11,54,8,57,9,49,7,56,2,55,6,51,2,59,2,57,8,53,3,56,0,56,1,53,1,56,-1,52,3,57,-2,0,0]"
CSI_DATA,402,2a:00:00:00:00:00,-37,11,1,0,1,1,1,0,0,0,1,-96,0,11,2,5660036,0,44,0,384,0,"[0,0,0,0,0,0,0,0,0,0,0,0,1,9,1,9,2,9,1,9,1,9,1,8,2,8,2,8,2,8,2,8,2,8,2,8,3,8,3,8,3,8,3,7,3,8,3,7,4,7,4,7,4,7,4,7,3,7,4,7,4,7,4,7,0,0,4,7,4,8,4,8,3,7,4,8,4,8,3,8,3,8,2,7,2,7,2,8,2,8,2,7,2,7,0,6,0,7,1,7,0,6,0,6,0,5,-1,5,-1,5,-1,5,-1,5,-1,4,-2,4,0,0,0,0,0,0,0,0,0,0,0,0,0,0,39,-40,35,-39,32,-40,37,-37,39,-40,34,-36,34,-39,34,-36,35,-36,27,-38,27,-34,26,-39,28,-40,30,-39,21,-40,22,-35,25,-39,24,-40,20,-40,19,-38,20,-42,18,-40,18,-40,21,-41,15,-39,20,-42,18,-42,17,-44,16,-45,17,-46,20,-42,13,-40,17,-45,13,-40,17,-42,15,-43,20,-38,21,-42,21,-41,23,-37,24,-40,27,-39,24,-40,25,-33,24,-30,27,-31,26,-24,26,-31,21,-25,22,-23,24,-20,21,-17,19,-22,24,-19,22,-17,22,-15,22,-12,0,0,0,0,0,0,0,0,0,0,0,0,0,0,0,0,0,0,0,0,0,0,42,29,37,28,42,32,39,32,39,34,36,41,35,38,39,43,36,48,37,49,35,51,34,50,39,53,37,57,31,56,33,57,28,59,32,62,25,57,21,60,20,58,27,68,21,64,20,56,20,61,22,60,17,60,18,57,16,56,19,50,18,52,18,52,16,51,19,54,19,52,19,49,23,47,21,46,26,46,29,44,25,45,29,44,26,44,32,43,31,41,37,39,35,41,33,43,33,42,35,43,34,43,37,42,37,37,34,44,38,43,35,43,42,41,0,0]"
