10.0,10.0,10.29563,10.29563,10.29563,10.29563,10.29563,10.29563,11.18034,11.18034,11.18034,11.18034,11.18034,11.18034,11.18034,11.7047,10.77033,10.77033,10.77033,10.77033,10.77033,10.77033,10.77033,11.40175,10.77033,11.40175,10.44031,11.7047,11.7047,11.40175,10.77033,10.44031,10.44031,10.77033,9.48683,9.84886,10.77033,9.84886,8.94427,8.94427,8.94427,8.94427,8.94427,7.61577,8.06226,7.61577,8.06226,8.06226,7.2111,7.81025,7.81025,7.07107,47.67599,53.08484,46.0,45.04442,49.0408,41.4367,47.26521,48.37355,50.44799,51.15662,51.66237,52.63079,53.60037,51.92302,51.62364,47.42362,59.77458,57.28001,52.63079,58.82176,56.0803,52.20153,47.85394,57.27128,54.70832,50.32892,54.78138,57.38467,51.86521,52.92447,52.20153,52.92447,53.66563,48.8467,47.85394,52.39275,56.85948,51.89412,52.49762,48.30114,51.62364,41.76123,50.0,45.35416,47.12749,44.01136,39.56008,45.35416,34.71311,39.84972,32.01562,35.51056,37.33631,39.11521,36.0,37.01351,32.06244,28.16026,31.57531,29.42788,31.40064,34.52535,35.22783,36.01389,38.0,44.04543,46.17359,46.38965,43.41659,49.81967,58.69412,52.20153,52.81098,56.04463,53.22593,52.80152,52.3259,54.58938,60.82763,56.60389,57.14018,59.40539,63.51378,58.60034,53.82379,58.00862,56.85948,54.70832,55.21775,53.0,53.0,56.61272,49.73932,52.35456,48.37355,51.47815,56.35601,58.60034,56.0803,51.89412,56.0803,48.70318,54.42426,55.02727,52.20153,52.20153,53.85165,53.85165,54.74486,59.20304,47.29693,52.49762,58.85576,56.04463
9.48683,10.19804,10.04988,10.19804,10.19804,10.19804,10.04988,10.04988,10.04988,10.04988,11.04536,11.04536,11.04536,10.04988,10.04988,11.0,11.0,10.0,10.0,11.0,10.04988,10.0,10.0,11.0,11.0,11.0,11.0,11.0,11.0,10.0,10.0,10.0,10.0,10.04988,10.0,10.04988,10.04988,9.21954,9.05539,9.05539,9.05539,9.21954,8.24621,8.24621,8.24621,7.28011,7.28011,7.28011,7.28011,7.61577,6.7082,6.7082,51.0,45.54119,56.29387,44.91102,48.50773,54.12024,48.50773,55.36244,48.8467,52.0,50.15974,49.64877,49.64877,50.11986,52.92447,50.60632,59.23681,51.88449,52.3259,51.47815,54.20332,49.64877,53.0,54.56189,50.77401,53.22593,50.60632,54.6443,49.39636,55.80323,51.62364,55.56978,51.47815,53.22593,49.40648,53.22593,51.47815,52.35456,46.61545,45.18849,43.38202,49.0408,47.53946,44.59821,45.22168,43.46263,37.33631,42.37924,39.92493,39.05125,36.68787,34.78505,38.63936,33.37664,36.05551,34.05877,35.0571,28.6007,27.78489,29.15476,30.67572,31.38471,37.16181,37.33631,38.27532,43.41659,42.2019,49.49747,45.89118,50.80354,55.14526,57.03508,53.46027,58.21512,52.03845,57.87055,55.9017,59.84146,62.0967,55.31727,61.13101,58.30952,59.48109,54.78138,60.08328,55.15433,61.46544,48.10405,58.13777,54.40588,51.26402,57.87055,50.28916,48.10405,54.57105,52.63079,55.08176,56.32051,50.21952,53.75872,58.54912,49.49747,49.0102,51.15662,54.23099,54.23099,56.32051,53.46027,58.13777,58.42089,45.09989,60.13319,56.00893,49.0102
8.24621,9.48683,9.48683,9.48683,8.544,9.48683,9.48683,8.544,9.48683,8.94427,9.84886,9.84886,9.84886,8.94427,8.94427,10.29563,9.43398,8.94427,9.43398,9.84886,8.94427,9.43398,8.94427,9.43398,10.29563,9.43398,9.43398,10.29563,10.29563,9.43398,8.94427,9.84886,8.94427,8.94427,8.94427,8.544,8.544,8.544,8.544,8.544,7.28011,8.24621,7.28011,7.28011,7.28011,6.08276,7.07107,7.07107,6.08276,6.08276,6.0,6.08276,47.70744,45.80393,49.49747,46.40043,46.2277,44.04543,46.01087,50.9902,48.83646,46.66905,50.21952,48.27007,53.8145,47.01064,52.49762,54.70832,55.47071,53.53504,52.69725,54.91812,57.80138,53.82379,53.22593,51.62364,52.15362,53.85165,58.5235,52.15362,57.80138,56.4358,49.39636,53.85165,51.10773,57.80138,52.83938,54.6443,49.39636,52.69725,51.40039,48.01042,50.0,48.9183,46.8615,49.20366,43.27817,42.0119,43.18565,45.45327,36.87818,37.48333,35.35534,37.53665,40.31129,38.41875,35.0,34.48188,35.77709,26.57066,26.92582,29.73214,32.75668,30.08322,35.22783,36.61967,39.40812,43.18565,41.01219,43.27817,44.55334,53.8145,50.44799,51.31277,51.10773,57.70615,54.78138,52.7731,53.85165,55.65968,55.97321,57.97413,57.00877,56.08921,61.39218,56.56854,56.51548,53.15073,53.60037,47.53946,52.17279,55.9017,49.72927,50.63596,51.97115,50.96077,53.60037,51.5461,52.81098,52.39275,50.92151,50.69517,55.15433,54.78138,47.01064,45.88028,52.69725,52.7731,53.66563,49.1935,50.24938,57.38467,49.92995,54.626,49.73932,51.97115
8.544,8.544,8.24621,9.48683,8.544,8.544,9.21954,9.21954,9.21954,9.21954,9.21954,10.04988,10.19804,9.21954,9.21954,10.04988,10.04988,9.05539,9.05539,9.05539,9.21954,9.05539,9.05539,9.05539,10.04988,10.04988,10.04988,10.04988,10.04988,9.0,9.05539,9.05539,9.21954,9.21954,9.05539,8.06226,9.21954,8.24621,8.24621,8.24621,7.28011,8.24621,7.28011,7.28011,7.28011,6.32456,6.7082,6.7082,5.83095,5.83095,5.83095,5.83095,53.46027,54.12947,48.50773,53.15073,48.10405,48.70318,54.23099,55.00909,50.56679,52.80152,54.56189,47.50789,57.27128,51.47815,55.4617,54.6443,59.48109,57.3062,56.4358,58.30952,57.98276,56.4358,52.47857,57.45433,54.70832,54.6443,53.0,58.41233,62.43397,60.60528,53.82379,57.98276,59.94164,53.53504,54.40588,50.60632,54.70832,60.53924,54.12024,49.24429,48.02083,52.83938,49.64877,48.76474,48.10405,46.23851,40.71855,48.8467,44.01136,38.60052,38.60052,37.69615,39.21734,38.83298,38.32754,34.36568,35.01428,29.0,27.65863,31.38471,33.42155,35.34119,33.01515,38.91015,38.01316,46.17359,46.61545,45.12206,47.16991,53.85165,57.70615,54.08327,53.08484,58.00862,58.03447,56.00893,56.22277,56.88585,62.16912,55.31727,59.84146,58.46366,62.16912,56.04463,55.02727,54.12024,58.69412,51.24451,56.32051,52.88667,54.81788,55.54278,55.08176,50.9902,54.74486,54.57105,58.69412,50.80354,54.14795,56.32051,57.14018,50.15974,47.26521,53.23533,54.23099,52.08647,59.5399,53.00943,57.55867,55.08176,50.15974,52.46904,51.35173,61.29437
9.21954,9.21954,8.544,9.48683,9.48683,9.48683,9.48683,8.544,9.84886,9.84886,9.84886,9.84886,9.84886,9.84886,9.84886,10.29563,10.29563,9.84886,8.94427,9.84886,9.84886,10.29563,9.84886,10.29563,10.29563,10.29563,10.29563,10.29563,10.29563,10.29563,8.94427,9.84886,9.84886,8.94427,8.94427,8.544,9.48683,8.24621,8.544,8.544,7.28011,8.24621,7.28011,7.28011,7.28011,7.28011,7.07107,6.08276,6.08276,6.08276,6.0,6.0,52.49762,53.07542,52.34501,50.21952,51.10773,51.22499,51.31277,52.47857,51.31277,54.08327,49.24429,56.46238,58.13777,55.4617,51.88449,54.12024,59.05929,58.30952,54.78138,55.03635,59.13544,53.48832,51.5461,53.7122,52.39275,56.46238,52.20153,58.94065,54.42426,56.04463,51.24451,59.20304,52.92447,56.921,54.12947,49.76947,50.15974,54.42426,51.0,47.29693,48.10405,48.8467,48.46648,47.50789,46.64762,47.41308,43.909,41.62932,39.96248,38.07887,37.21559,37.44329,37.12142,38.27532,31.06445,31.06445,33.97058,29.83287,30.08322,28.17801,31.90611,31.90611,36.23534,36.12478,38.83298,45.34314,45.34314,45.27693,50.93133,53.07542,53.2635,56.0803,52.80152,56.93856,51.0,56.60389,57.69749,51.62364,64.19502,55.36244,55.02727,58.46366,55.36244,55.36244,59.20304,54.74486,53.93515,49.72927,54.91812,49.24429,55.97321,55.08176,54.70832,50.15974,49.76947,49.0408,57.24509,50.59644,52.39275,51.47815,55.00909,51.47815,47.88528,51.86521,52.43091,55.56978,50.77401,52.15362,52.80152,55.22681,51.73973,54.20332,60.80296,52.43091
8.544,8.544,8.94427,8.94427,8.94427,8.94427,8.94427,8.94427,8.94427,9.43398,9.84886,9.43398,10.29563,9.43398,9.43398,10.0,10.0,9.43398,9.21954,10.0,9.43398,10.0,8.60233,10.0,10.0,10.0,9.21954,10.0,10.0,9.21954,8.60233,10.0,9.43398,8.60233,8.60233,8.60233,9.43398,8.06226,8.06226,8.06226,7.61577,8.06226,7.61577,6.7082,6.7082,6.7082,6.32456,6.32456,6.32456,6.32456,6.08276,6.08276,55.22681,49.67897,54.40588,49.64877,48.60041,51.40039,49.64877,55.56978,49.65884,54.12947,49.24429,48.46648,55.36244,51.26402,53.66563,55.08176,61.03278,54.40588,56.0803,56.30275,60.44005,52.20153,57.07013,56.75385,52.49762,56.51548,55.54278,54.91812,54.57105,57.27128,52.55473,56.29387,51.24451,59.43904,50.44799,55.08176,51.1957,57.48913,53.14132,48.38388,50.92151,48.33218,48.33218,50.32892,52.80152,45.61798,44.28318,43.65776,36.23534,36.23534,38.58756,38.07887,39.81206,35.80503,37.44329,33.6006,33.97058,25.70992,28.4605,28.16026,35.73514,33.54102,34.66987,32.24903,38.83298,43.26662,41.40048,43.18565,48.10405,53.90733,52.34501,55.31727,51.22499,56.0357,53.7122,52.47857,53.53504,58.59181,63.52952,57.58472,60.53924,57.58472,58.69412,56.921,56.04463,52.0,59.61543,44.94441,57.93962,51.26402,53.31041,53.85165,54.626,46.09772,55.9464,50.24938,54.12024,53.22593,54.6443,54.58938,52.69725,54.6443,47.43416,54.08327,50.21952,53.82379,53.41348,52.00961,53.2635,49.40648,50.21952,58.13777,58.69412,49.67897
9.43398,8.94427,9.48683,9.84886,9.48683,9.84886,10.44031,10.44031,10.44031,10.44031,10.44031,10.44031,10.44031,10.44031,10.44031,11.18034,10.19804,10.19804,10.04988,10.19804,10.19804,10.04988,10.19804,11.18034,11.18034,11.18034,11.04536,11.18034,11.04536,11.04536,10.19804,10.19804,10.19804,10.19804,10.19804,10.19804,10.44031,9.21954,9.21954,9.21954,8.544,8.544,8.24621,7.28011,7.28011,7.28011,7.61577,7.61577,6.7082,6.7082,7.2111,6.40312,51.24451,51.62364,51.08816,47.38143,48.01042,49.0102,51.0392,48.25971,43.73786,53.15073,53.15073,51.35173,52.34501,53.46027,52.17279,57.56735,58.94065,52.88667,48.16638,57.72348,58.18935,53.93515,43.32436,51.78803,52.15362,53.93515,55.02727,54.42426,52.88667,57.93962,54.12024,53.45091,51.97115,48.70318,57.28001,46.09772,50.44799,54.70832,50.48762,50.9902,50.63596,46.38965,47.67599,47.80167,44.18144,47.09565,44.01136,43.28972,37.12142,39.11521,41.0,37.05401,34.0,35.0571,38.0526,36.05551,33.24154,29.41088,27.51363,25.96151,32.28002,33.54102,32.38827,37.21559,37.0,47.01064,47.09565,43.28972,51.35173,49.49747,50.80354,49.72927,56.30275,57.24509,54.626,54.56189,52.47857,57.62812,55.75841,58.30952,60.90156,56.30275,62.26556,56.60389,50.21952,53.82379,57.14018,48.25971,51.61395,52.80152,48.54894,51.40039,54.08327,55.9464,54.626,43.86342,53.85165,52.80152,56.79789,53.85165,51.86521,46.23851,57.80138,52.80152,55.71355,54.23099,50.32892,52.88667,52.39275,58.24088,47.16991,54.91812,48.27007,48.27007
10.0,9.05539,11.18034,10.04988,11.18034,10.04988,11.18034,10.19804,10.44031,11.18034,11.18034,11.40175,11.18034,11.40175,10.19804,12.64911,10.44031,11.40175,10.77033,11.7047,10.77033,11.18034,11.40175,11.7047,11.7047,11.40175,10.77033,11.7047,10.77033,11.7047,10.77033,10.77033,10.77033,10.44031,9.84886,10.44031,10.19804,9.21954,9.21954,9.21954,9.21954,8.24621,9.21954,8.24621,8.24621,8.24621,8.06226,8.06226,8.06226,8.0,7.0,7.07107,48.41487,50.77401,53.25411,44.65423,49.64877,49.64877,51.47815,49.1935,48.70318,53.85165,50.21952,57.38467,53.16014,49.98,54.12024,54.45181,60.20797,52.95281,51.1957,53.93515,60.82763,51.97115,53.46027,51.78803,52.95281,54.58938,55.10898,54.08327,52.15362,58.54912,52.15362,53.46027,51.78803,55.03635,54.45181,50.80354,51.78803,50.24938,47.29693,48.50773,48.27007,48.76474,44.91102,50.69517,45.60702,45.54119,43.08132,44.01136,42.15448,39.21734,37.73592,36.76955,37.57659,36.89173,33.54102,33.6006,36.12478,27.07397,29.73214,31.04835,35.1141,35.4683,34.48188,37.12142,40.22437,45.48626,38.83298,49.92995,48.41487,53.60037,55.17246,53.07542,57.38467,60.20797,58.83026,55.0,52.80152,53.33854,61.40033,56.60389,59.5399,60.37384,62.96825,51.89412,54.58938,55.03635,61.7171,47.85394,55.03635,50.15974,52.7731,54.626,54.58938,54.3783,58.5235,54.70832,52.20153,53.0,62.00806,56.85948,49.49747,53.60037,53.07542,58.69412,53.03772,53.03772,53.07542,51.73973,57.28001,56.58622,50.20956,51.66237,57.48913,46.87217
9.05539,9.0,9.05539,10.0,9.05539,9.0,9.05539,9.05539,9.05539,9.05539,10.04988,10.19804,10.04988,10.19804,10.04988,10.19804,10.19804,9.21954,9.21954,9.21954,9.21954,10.44031,9.21954,9.48683,10.44031,10.19804,9.48683,10.44031,10.44031,9.48683,9.21954,9.21954,9.21954,9.21954,9.21954,8.06226,9.05539,8.06226,8.06226,8.06226,8.0,8.06226,8.0,7.0,7.0,7.0,7.0,7.0,6.08276,6.08276,6.08276,6.32456,44.59821,47.53946,51.61395,48.8774,47.50789,48.02083,47.20169,54.81788,53.15073,52.20153,53.2635,52.34501,53.8145,53.07542,51.08816,53.07542,55.17246,57.38467,52.40229,54.56189,60.44005,51.62364,55.56978,55.44367,54.67175,56.0357,53.8145,54.20332,55.22681,57.62812,54.56189,56.40035,51.40039,56.40035,52.00961,54.48853,52.80152,52.00961,50.9902,50.24938,48.79549,50.44799,47.63402,48.83646,47.42362,43.27817,44.20407,45.25483,41.40048,35.0,41.10961,38.41875,38.01316,33.28663,37.21559,36.24914,31.7805,27.80288,26.24881,26.24881,32.64966,32.01562,36.89173,38.41875,40.60788,42.54409,42.95346,44.94441,45.88028,53.48832,52.63079,53.15073,47.38143,59.03389,51.47815,54.74486,57.42822,56.14268,61.0,54.03702,61.0082,58.13777,58.30952,54.91812,56.56854,53.33854,62.28965,46.38965,52.34501,50.15974,51.0098,53.08484,53.03772,50.08992,55.03635,47.16991,58.21512,55.7315,55.14526,59.84146,52.7731,55.9017,55.3263,54.74486,52.95281,53.15073,47.29693,53.15073,59.20304,61.98387,45.89118,50.44799,52.55473,54.42426
11.0,10.04988,11.18034,11.04536,11.04536,11.04536,11.18034,11.18034,11.18034,11.18034,11.18034,11.40175,12.16553,11.40175,11.18034,12.36932,11.40175,11.40175,11.40175,11.40175,11.40175,11.7047,11.40175,11.7047,11.7047,11.40175,11.7047,12.64911,11.7047,11.7047,11.40175,11.40175,11.40175,11.40175,11.18034,10.19804,11.18034,10.04988,10.04988,10.04988,9.05539,9.05539,9.05539,9.05539,8.06226,8.06226,8.0,8.0,8.0,8.06226,7.07107,7.07107,44.72136,46.61545,52.80152,47.20169,49.81967,49.57822,55.31727,53.07542,52.34501,52.40229,55.86591,50.44799,53.03772,52.49762,55.97321,56.61272,61.85467,56.0803,55.97321,57.80138,63.00794,54.48853,49.39636,55.75841,51.85557,51.40039,57.68882,58.66856,55.47071,59.94164,52.43091,52.49762,54.20332,56.30275,53.60037,49.57822,53.82379,52.80152,53.07542,49.57822,50.20956,49.40648,46.2277,48.10405,45.25483,44.55334,44.04543,45.34314,42.2019,40.0,38.01316,38.58756,35.80503,37.73592,34.98571,38.47077,38.32754,29.52965,28.01785,32.20248,33.83785,32.64966,37.53665,36.06938,38.20995,43.93177,45.48626,48.37355,49.92995,51.86521,51.88449,49.98,57.00877,55.71355,56.921,55.36244,53.15073,52.17279,61.39218,59.5399,59.5399,60.40695,60.67125,59.0,58.00862,57.14018,61.40033,52.23983,56.00893,50.15974,53.46027,54.00926,54.23099,55.57877,55.10898,50.69517,56.51548,55.57877,54.57105,52.17279,50.92151,50.28916,57.27128,54.42426,52.55473,57.77543,53.31041,57.24509,55.03635,55.36244,50.92151,55.9464,52.92447,51.07837
10.0,9.21954,9.21954,9.89949,9.89949,9.21954,9.89949,9.89949,10.63015,10.0,10.63015,10.81665,10.63015,10.0,10.0,11.40175,10.0,10.0,10.0,10.0,10.0,10.0,10.0,10.81665,10.81665,10.81665,10.81665,11.40175,10.81665,10.81665,10.0,10.0,10.0,9.21954,10.63015,9.89949,9.89949,9.21954,8.48528,8.48528,9.21954,8.60233,9.21954,7.81025,7.2111,7.2111,7.2111,7.2111,6.7082,6.7082,7.61577,7.28011,45.31004,51.62364,49.0408,48.50773,51.47815,46.38965,50.63596,50.15974,48.09366,46.17359,51.0098,52.15362,57.03508,55.00909,56.00893,55.44367,60.0,56.56854,50.15974,55.14526,60.20797,57.14018,48.50773,51.1957,55.14526,56.22277,53.93515,56.32051,52.61179,61.98387,54.45181,52.88667,56.56854,52.95281,53.75872,46.17359,54.58938,51.47815,49.0102,52.46904,54.03702,49.0,50.08992,51.0098,43.01163,52.00961,41.30375,44.01136,37.05401,37.85499,39.11521,40.4475,34.36568,37.36308,32.01562,37.94733,36.23534,30.0,27.01851,31.01612,33.24154,31.01612,28.63564,37.48333,40.26164,45.70558,49.0408,50.69517,49.98,51.86521,54.58938,48.8774,58.83026,53.33854,60.0,52.80152,54.40588,53.75872,60.1415,58.0,59.4138,58.13777,60.82763,53.41348,56.85068,54.03702,52.40229,55.9017,51.85557,54.20332,52.34501,50.93133,59.4138,54.81788,57.38467,46.69047,57.48913,51.62364,58.60034,51.85557,57.2014,49.81967,53.7122,51.0392,51.61395,52.20153,56.60389,53.25411,54.70832,52.47857,54.70832,56.35601,51.89412,50.08992
9.0,9.05539,9.05539,9.05539,9.05539,9.05539,9.21954,9.21954,9.21954,9.21954,10.19804,10.44031,10.19804,9.48683,9.21954,10.44031,9.48683,9.48683,9.48683,9.48683,9.48683,9.84886,9.48683,9.84886,10.77033,9.84886,9.84886,9.84886,10.77033,9.84886,9.48683,9.48683,9.48683,8.544,9.48683,8.544,9.21954,8.24621,8.24621,8.24621,8.24621,8.24621,7.28011,7.28011,7.07107,7.07107,7.07107,6.08276,6.08276,6.0,6.0,6.08276,47.88528,49.39636,45.0,48.25971,52.43091,45.45327,52.34501,55.44367,50.93133,48.16638,50.20956,50.9902,56.63921,56.58622,52.3259,55.47071,60.20797,58.79626,55.9017,62.80127,57.80138,60.60528,57.14018,54.20332,55.97321,60.0,56.30275,56.93856,58.41233,61.29437,58.00862,57.45433,56.72742,52.80152,53.23533,56.0803,55.60576,56.0357,55.9017,50.21952,50.47772,56.72742,52.63079,50.32892,47.38143,47.50789,46.75468,46.01087,40.31129,39.82462,41.01219,39.59798,38.01316,38.47077,36.61967,37.44329,34.78505,28.3196,25.4951,29.0,33.83785,37.44329,31.40064,37.01351,40.0,45.65085,45.65085,46.52956,44.77723,51.5461,52.88667,54.34151,56.08921,55.54278,51.62364,53.46027,57.00877,60.07495,54.14795,59.03389,58.00862,56.0357,58.00862,57.31492,55.57877,56.14268,56.22277,50.15974,54.03702,51.0098,53.08484,55.08176,50.15974,50.03998,52.34501,49.0408,54.14795,52.03845,53.93515,54.33231,59.22837,49.72927,53.45091,51.24451,51.41984,52.7731,54.81788,53.36666,57.93962,55.7853,50.59644,57.87055,50.32892,52.49762
8.94427,9.84886,9.48683,10.77033,9.84886,9.84886,10.44031,10.44031,10.44031,10.44031,10.44031,11.40175,10.44031,10.44031,10.44031,11.18034,11.18034,10.19804,11.18034,10.19804,10.19804,11.04536,10.19804,11.04536,11.18034,11.18034,11.04536,11.18034,11.18034,11.04536,10.19804,10.19804,10.19804,10.19804,10.19804,9.21954,10.44031,9.21954,9.21954,9.48683,8.544,9.48683,8.544,8.544,7.61577,7.61577,7.61577,7.61577,6.7082,6.7082,7.2111,6.40312,51.0392,47.04253,47.67599,47.51842,53.36666,49.0306,47.07441,50.21952,47.53946,48.70318,54.626,52.92447,56.0803,54.12947,55.02727,56.36488,57.38467,53.7122,55.15433,55.03635,58.59181,53.31041,51.0,55.9464,51.31277,55.47071,55.75841,54.91812,54.58938,58.5235,55.56978,55.80323,50.08992,55.07268,51.86521,52.3259,53.23533,48.82622,47.41308,49.73932,47.85394,51.07837,47.92703,45.18849,41.59327,44.94441,45.22168,42.94182,40.8534,41.76123,37.64306,37.36308,35.1141,40.02499,39.45884,37.01351,33.13608,26.57066,28.79236,25.0,31.32092,35.35534,33.54102,37.05401,38.01316,45.27693,41.04875,43.18565,49.0408,48.0,51.97115,50.21952,53.16014,56.32051,56.0803,52.20153,51.47815,52.92447,59.03389,56.35601,56.82429,54.70832,60.41523,55.80323,55.47071,56.22277,57.98276,45.27693,51.62364,51.42956,50.60632,51.42956,53.48832,55.54278,54.626,51.47815,52.35456,51.62364,58.82176,55.36244,49.72927,50.69517,52.49762,53.93515,51.92302,50.9902,52.95281,52.61179,52.23983,55.57877,50.35871,50.9902,49.0,48.01042
8.94427,9.84886,9.48683,10.77033,9.48683,9.84886,10.44031,10.44031,10.44031,10.19804,10.44031,11.18034,11.18034,10.19804,10.19804,11.18034,10.19804,10.19804,10.04988,10.19804,10.19804,10.19804,10.19804,11.04536,11.04536,11.04536,11.04536,11.04536,11.04536,11.04536,10.19804,10.19804,10.04988,10.19804,10.19804,9.21954,10.44031,9.21954,9.48683,9.48683,8.544,8.544,8.544,7.61577,7.61577,7.61577,7.61577,7.61577,7.2111,7.2111,7.2111,7.07107,47.07441,47.51842,48.76474,45.60702,50.59644,46.57252,44.59821,49.65884,51.47815,50.53712,52.35456,50.60632,60.21628,50.60632,55.07268,49.64877,54.70832,54.3783,52.35456,55.75841,59.03389,56.0357,49.51767,53.82379,57.80138,58.89822,55.21775,54.81788,52.80152,61.40033,57.38467,55.0,53.2635,54.48853,59.03389,49.40648,52.34501,53.75872,54.08327,51.40039,57.42822,50.60632,45.48626,50.47772,41.18252,46.52956,45.65085,43.909,39.81206,40.70626,38.94868,40.31129,39.81206,37.33631,35.73514,37.94733,35.12834,28.23119,29.54657,28.23119,29.73214,33.83785,32.57299,34.9285,40.60788,43.56604,45.17743,46.17359,47.0,56.22277,50.15974,54.74486,57.87055,55.9017,56.75385,51.97115,53.16014,57.97413,58.30952,59.61543,55.02727,52.39275,59.23681,58.66856,57.70615,58.18075,55.9464,52.39275,50.56679,52.0,51.92302,52.0,54.40588,49.39636,55.97321,46.17359,55.31727,53.7122,56.56854,51.1957,51.78803,51.47815,49.09175,52.23983,54.33231,52.15362,49.36598,49.36598,54.58938,53.08484,52.08647,59.13544,51.15662,44.01136
10.0,10.0,10.29563,10.81665,11.6619,10.29563,10.29563,11.18034,11.18034,11.18034,11.18034,12.08305,12.08305,11.7047,11.18034,13.0,11.7047,11.7047,10.77033,11.7047,12.08305,11.7047,10.77033,12.64911,11.7047,11.7047,11.7047,12.64911,11.7047,11.40175,10.77033,11.7047,11.7047,10.77033,10.77033,10.77033,11.18034,10.29563,9.84886,10.29563,10.29563,10.29563,9.43398,9.43398,8.60233,8.06226,8.60233,8.60233,8.60233,7.81025,7.81025,7.81025,50.63596,45.01111,52.08647,46.38965,48.16638,49.16299,42.75512,51.35173,47.80167,48.37355,48.50773,48.50773,55.9017,46.48656,51.97115,52.20153,56.64804,54.42426,55.02727,50.69517,58.87274,46.61545,55.9464,53.31041,51.26402,55.54278,45.69464,56.35601,57.00877,58.60034,51.89412,56.85948,52.20153,55.9017,46.95743,50.0,53.7122,50.9902,50.59644,52.0,50.28916,48.70318,44.14748,49.33559,47.85394,46.09772,42.57934,45.60702,38.32754,41.30375,36.40055,33.37664,36.34556,33.01515,36.05551,32.24903,32.24903,25.05993,30.08322,24.73863,33.52611,33.54102,35.90265,34.23449,36.49658,41.01219,41.0,47.01064,49.0102,55.3263,50.69517,53.15073,51.24451,58.24088,51.86521,57.93962,55.54278,53.22593,58.18075,54.58938,57.24509,54.20332,57.70615,56.93856,56.85948,56.61272,57.45433,44.94441,61.05735,55.22681,52.83938,51.62364,51.88449,47.41308,54.12947,51.07837,56.35601,54.12947,50.92151,54.78138,57.28001,54.12947,45.35416,52.88667,47.12749,52.95281,52.20153,55.31727,50.80354,54.34151,45.88028,54.34151,56.22277,55.54278
9.84886,9.84886,10.44031,10.77033,10.44031,9.48683,10.44031,10.44031,10.44031,10.44031,11.40175,11.18034,11.40175,11.18034,10.44031,11.18034,11.18034,10.19804,10.19804,11.18034,10.19804,11.18034,10.04988,11.04536,11.18034,11.04536,11.04536,11.04536,11.18034,11.04536,10.19804,11.18034,10.19804,10.19804,10.19804,10.19804,10.44031,9.48683,9.48683,9.48683,9.48683,9.48683,8.544,8.544,8.544,7.61577,7.61577,8.06226,8.06226,8.06226,7.2111,7.2111,51.47815,52.49762,51.62364,46.8188,47.53946,49.0408,45.61798,55.56978,47.53946,54.91812,50.77401,50.21952,55.56978,54.91812,51.47815,51.22499,59.64059,56.61272,53.00943,56.85068,62.62587,50.77401,57.62812,58.25805,53.60037,55.80323,51.73973,57.31492,54.81788,57.28001,52.49762,52.80152,48.25971,55.97321,50.9902,55.21775,53.8145,52.49762,55.07268,50.80354,48.9183,50.77401,51.62364,49.20366,49.73932,43.909,42.48529,46.06517,40.70626,37.58989,38.48376,42.37924,36.05551,36.40055,34.9285,36.13862,33.37664,25.6125,30.01666,28.30194,30.52868,34.98571,33.54102,37.12142,36.05551,41.78516,46.57252,44.38468,46.09772,51.78803,49.64877,53.08484,50.08992,56.32051,54.14795,57.07889,61.13101,55.44367,58.0517,56.88585,61.0,63.34824,57.07013,50.0,51.92302,56.32051,60.20797,48.38388,57.97413,55.54278,52.63079,54.12024,53.23533,52.7731,55.10898,50.35871,55.22681,53.23533,54.14795,55.03635,56.0357,52.15362,46.04346,48.01042,55.03635,52.03845,54.14795,57.14018,52.46904,55.00909,50.03998,55.14526,56.32051,57.42822
8.94427,8.94427,9.43398,9.43398,9.43398,9.43398,10.0,9.43398,10.0,10.0,10.81665,10.0,10.0,10.0,9.43398,10.63015,9.89949,10.0,9.21954,9.89949,9.21954,9.89949,10.0,9.89949,10.63015,10.63015,9.89949,10.63015,9.89949,9.89949,9.21954,10.63015,9.89949,9.21954,9.21954,10.0,10.0,9.43398,8.60233,8.60233,8.60233,8.60233,8.06226,8.06226,8.06226,7.2111,6.7082,6.7082,7.61577,7.61577,7.28011,7.07107,52.35456,50.08992,49.1935,46.61545,56.30275,48.70318,48.08326,49.81967,43.17407,51.41984,53.15073,47.51842,57.31492,52.39275,52.61179,55.22681,59.68249,57.07889,52.08647,53.15073,57.03508,56.00893,56.00893,51.0,55.08176,54.0,55.03635,52.0,54.03702,56.32051,52.03845,56.14268,53.03772,55.00909,54.14795,52.08647,51.08816,52.23983,50.15974,51.0392,47.26521,51.24451,48.27007,50.63596,49.49747,49.49747,45.89118,43.17407,40.5216,39.31921,40.80441,36.87818,38.07887,38.62642,37.57659,38.47077,36.35932,29.61419,30.59412,30.26549,33.95585,36.40055,37.64306,32.57299,37.69615,44.94441,40.49691,43.56604,49.40648,51.61395,55.60576,51.66237,51.62364,60.1415,54.48853,52.40229,56.22277,55.22681,61.61169,56.30275,56.0357,61.77378,57.14018,56.82429,54.70832,56.79789,63.63175,53.33854,57.3062,51.0,51.10773,51.88449,53.25411,50.0,54.40588,48.82622,55.22681,53.60037,55.97321,53.2635,55.86591,50.20956,55.86591,53.15073,51.73973,54.45181,54.56189,55.17246,53.07542,53.07542,53.07542,57.48913,58.83026,52.35456
9.48683,9.48683,8.94427,9.84886,9.84886,9.84886,10.29563,9.43398,10.29563,9.43398,10.29563,10.81665,10.29563,10.29563,9.43398,10.81665,10.0,10.29563,10.0,10.0,9.43398,10.0,9.43398,10.0,10.81665,10.81665,10.0,10.81665,10.81665,10.0,9.43398,9.43398,9.43398,9.43398,9.43398,10.29563,10.29563,8.94427,8.94427,8.94427,8.544,8.544,8.544,7.61577,7.61577,7.61577,7.28011,7.28011,7.28011,7.07107,7.07107,7.0,50.44799,50.80354,52.47857,47.16991,51.47815,47.70744,46.61545,50.11986,45.17743,51.07837,51.26402,49.0408,52.92447,48.70318,49.64877,54.12947,58.82176,53.85165,52.49762,60.16644,61.39218,54.57105,50.69517,50.28916,48.6621,55.65968,52.17279,54.91812,56.32051,55.22681,54.12947,58.94065,53.36666,58.5235,50.48762,55.02727,52.20153,52.88667,52.55473,50.44799,49.33559,49.39636,48.8467,49.98,46.8188,44.77723,43.56604,44.77723,39.96248,38.94868,39.35734,39.44617,38.07887,37.01351,37.64306,36.23534,39.62323,30.67572,32.98485,28.86174,29.73214,30.23243,34.0147,32.64966,38.94868,47.43416,45.80393,47.42362,48.82622,54.56189,53.07542,52.40229,52.00961,58.89822,52.00961,52.69725,58.24946,59.07622,64.4748,56.35601,58.60034,56.79789,59.94164,57.00877,59.61543,57.87055,60.16644,53.31041,56.32051,56.30275,52.80152,52.20153,55.71355,49.73932,56.35601,53.85165,59.68249,54.58938,55.22681,53.0,55.22681,51.0392,57.42822,57.2014,53.90733,51.86521,53.82379,53.60037,60.959,51.08816,47.63402,57.38467,53.8145,53.15073
8.60233,8.60233,8.94427,9.43398,9.43398,8.06226,8.94427,8.94427,8.94427,8.94427,9.84886,9.48683,9.84886,9.84886,9.84886,10.44031,9.48683,9.48683,9.48683,9.48683,9.48683,9.48683,9.48683,10.19804,10.44031,10.19804,10.19804,10.44031,10.44031,10.19804,9.48683,9.48683,9.48683,9.48683,9.48683,9.48683,9.48683,8.544,8.544,7.61577,7.61577,8.06226,8.06226,6.7082,7.2111,6.7082,6.40312,6.40312,6.40312,6.40312,5.65685,5.65685,54.03702,53.08484,51.08816,46.52956,46.27094,50.15974,50.35871,56.88585,48.50773,53.60037,52.20153,51.66237,55.97321,54.81788,50.28916,54.23099,57.38467,56.36488,56.30275,53.31041,59.9333,49.64877,53.7122,57.77543,55.97321,56.85948,52.3259,62.96825,59.03389,58.66856,56.35601,55.9017,54.626,62.17717,48.30114,56.85948,53.66563,56.79789,52.88667,51.0,48.33218,52.92447,51.86521,51.62364,51.78803,47.53946,47.29693,44.55334,43.9659,37.10795,38.63936,39.81206,38.63936,42.42641,37.33631,35.0,39.11521,27.313,29.12044,33.73426,35.17101,31.7805,39.11521,37.01351,41.04875,46.0,44.0,46.09772,44.18144,53.15073,54.12947,51.86521,52.49762,60.08328,54.23099,56.46238,55.9017,61.7171,66.28725,54.3783,60.90156,64.14047,58.66856,55.0,61.03278,51.86521,57.98276,43.82921,54.91812,54.08327,48.76474,56.60389,48.25971,52.47857,53.7122,54.12024,54.626,58.30952,52.49762,54.626,54.70832,50.69517,52.55473,54.08327,49.98,47.80167,53.45091,53.85165,53.46027,54.08327,50.21952,56.4358,54.58938,49.16299
8.48528,9.21954,9.21954,9.21954,9.21954,9.21954,10.0,10.0,10.0,9.43398,10.0,10.81665,10.81665,10.29563,9.43398,10.81665,10.29563,9.43398,10.29563,10.29563,10.29563,10.29563,9.43398,10.29563,10.29563,11.18034,11.18034,10.29563,11.18034,10.29563,9.43398,10.29563,10.29563,10.29563,9.43398,9.43398,10.0,8.60233,8.60233,8.60233,8.60233,9.21954,7.81025,7.81025,7.81025,7.07107,7.07107,7.07107,7.07107,6.40312,6.40312,5.83095,44.59821,50.59644,50.21952,45.70558,55.22681,46.69047,51.15662,52.46904,53.00943,51.0098,51.24451,54.14795,56.32051,55.03635,55.00909,53.60037,59.21149,60.29925,53.33854,57.31492,56.56854,57.14018,53.33854,53.93515,53.93515,51.78803,55.10898,55.31727,50.63596,61.61169,58.0517,56.7186,56.88585,55.44367,54.81788,51.62364,56.4358,53.15073,52.34501,55.22681,49.49747,50.08992,51.0098,51.0392,46.27094,47.01064,46.17359,47.09565,40.11234,40.04997,46.17359,37.33631,38.32754,38.32754,35.12834,39.05125,34.9285,29.27456,28.01785,32.55764,36.0,37.21559,37.05401,36.12478,40.4475,45.12206,42.75512,44.64303,46.32494,53.60037,54.70832,55.22681,55.4617,54.23099,58.5235,49.73932,58.00862,58.25805,65.80274,61.22091,58.89822,60.82763,60.20797,54.45181,56.58622,55.17246,55.15433,54.67175,53.74012,53.90733,53.15073,55.17246,53.41348,53.90733,58.82176,52.49762,58.00862,51.31277,58.30952,50.80354,59.16925,51.61395,53.7122,52.3259,60.37384,53.66563,57.24509,50.11986,54.42426,53.0,52.35456,57.24509,49.39636,59.61543
10.63015,10.0,10.81665,10.0,10.81665,10.0,10.81665,10.29563,10.81665,10.29563,10.81665,11.18034,11.18034,11.18034,10.29563,12.08305,10.77033,10.77033,10.77033,11.18034,11.18034,11.18034,10.77033,10.77033,10.77033,10.77033,11.7047,12.08305,11.7047,11.7047,10.77033,11.18034,11.18034,10.29563,11.18034,10.29563,10.29563,10.29563,9.43398,9.43398,9.43398,9.43398,9.43398,8.60233,8.60233,8.60233,7.81025,7.81025,7.81025,7.81025,7.81025,6.40312,48.50773,50.28916,51.78803,49.0306,48.25971,46.01087,49.09175,48.0,53.08484,51.0392,49.0102,48.01042,50.03998,54.0,56.0357,51.78803,60.20797,55.3263,48.04165,53.33854,54.91812,52.23983,51.62364,55.44367,52.23983,53.15073,53.75872,56.29387,51.47815,53.16014,49.49747,51.62364,54.45181,57.87055,50.63596,55.57877,55.57877,52.61179,50.03998,48.16638,50.24938,52.03845,48.01042,51.0392,50.0,47.01064,47.01064,47.16991,41.19466,36.49658,37.33631,36.40055,35.44009,34.48188,37.10795,33.52611,34.9285,26.68333,31.01612,30.06659,33.01515,36.22154,34.0147,34.23449,38.32754,45.39824,44.55334,48.50773,43.9659,55.65968,52.49762,50.9902,50.24938,59.48109,56.4358,51.88449,59.90826,56.0803,59.20304,57.80138,59.20304,63.78087,56.22277,54.45181,56.56854,55.22681,61.07373,50.9902,56.58622,53.03772,50.93133,56.58622,51.66237,49.67897,54.40588,52.43091,54.91812,54.40588,52.63079,50.11986,55.47071,50.24938,48.37355,48.54894,53.53504,59.05929,57.3062,54.12024,53.85165,53.23533,52.0,51.07837,53.48832,57.24509
9.05539,9.0,9.0,9.0,9.05539,9.0,9.05539,9.05539,9.05539,9.05539,10.04988,10.19804,10.19804,10.19804,9.21954,10.44031,9.48683,9.21954,9.48683,9.48683,9.21954,9.48683,9.21954,10.44031,10.44031,10.44031,9.48683,10.44031,9.48683,9.84886,9.48683,10.44031,9.48683,9.48683,9.21954,9.21954,9.21954,9.21954,8.24621,8.06226,8.06226,8.06226,8.06226,7.07107,7.0,7.0,7.0,7.0,7.0,7.07107,6.08276,6.32456,55.31727,51.62364,51.40039,46.8615,51.62364,52.63079,51.22499,49.81967,47.50789,52.47857,51.0,51.42956,54.58938,50.11986,54.70832,58.13777,60.37384,55.9464,55.03635,55.9464,63.32456,53.23533,57.28001,51.86521,54.626,57.69749,55.54278,60.74537,57.00877,60.16644,58.69412,59.80803,52.80152,55.71355,48.08326,54.42426,53.45091,52.80152,51.89412,53.85165,46.06517,51.10773,49.24429,47.88528,46.52956,46.87217,48.01042,40.70626,42.43819,40.22437,39.69887,40.80441,38.01316,38.20995,40.36087,37.53665,36.12478,28.23119,31.06445,25.23886,32.01562,32.80244,41.01219,38.83298,39.59798,46.2277,40.36087,47.80167,46.04346,50.0,51.0392,52.7731,54.12024,60.37384,51.5461,52.55473,57.69749,55.97321,60.72891,53.85165,60.63827,58.69412,63.60031,55.57877,61.0,52.61179,62.16912,50.9902,53.93515,52.63079,49.0408,55.10898,53.16014,50.28916,56.75385,50.44799,54.78138,55.97321,51.07837,55.36244,53.22593,52.7731,50.11986,51.42956,52.80152,51.97115,52.35456,49.92995,52.47857,55.56978,48.54894,59.36329,55.97321,48.41487
10.04988,9.05539,10.0,10.0,10.0,10.0,11.0,10.0,11.0,10.04988,11.0,11.04536,11.04536,11.04536,11.04536,12.04159,11.18034,11.04536,11.18034,11.18034,10.04988,11.18034,10.19804,11.18034,11.18034,11.18034,11.18034,12.16553,11.18034,11.18034,10.19804,11.18034,10.19804,10.04988,10.04988,10.04988,10.04988,10.04988,10.04988,10.0,9.0,9.0,9.0,8.0,8.06226,8.0,8.06226,8.06226,8.06226,7.07107,7.28011,7.28011,47.29693,45.18849,47.41308,47.53946,56.79789,50.77401,49.39636,49.73932,49.40648,53.0,49.64877,53.15073,55.21775,55.44367,56.22277,53.75872,56.58622,53.03772,52.34501,58.0,58.79626,55.9017,50.24938,58.25805,51.62364,53.03772,57.38467,53.2635,52.49762,58.0517,50.60632,57.38467,48.83646,56.22277,56.0803,51.66237,51.66237,49.0408,52.3259,53.07542,50.24938,53.07542,47.50789,48.9183,45.45327,49.67897,43.26662,44.82187,43.04649,42.80187,43.26662,42.54409,34.4093,33.54102,35.8469,37.16181,32.28002,26.40076,26.62705,33.28663,33.28663,33.97058,36.23534,37.12142,43.46263,46.17359,46.17359,44.64303,49.0408,53.36666,53.75872,51.15662,54.23099,57.03508,57.0,54.14795,56.0357,54.23099,62.80127,57.21888,54.91812,55.31727,63.50591,54.12947,58.46366,57.27128,57.70615,52.63079,56.61272,50.01,50.35871,53.60037,57.87055,51.62364,56.22277,53.15073,57.07889,54.08327,54.03702,51.0098,57.03508,53.23533,50.24938,51.0392,53.03772,54.14795,49.36598,49.81967,55.44367,52.08647,50.9902,58.18935,51.1957,50.21952
8.94427,9.43398,8.60233,9.43398,9.43398,9.43398,9.21954,9.21954,10.0,9.21954,10.0,9.89949,9.21954,9.21954,9.21954,9.89949,9.89949,9.21954,9.89949,9.21954,9.89949,9.21954,9.21954,10.0,9.89949,10.63015,10.63015,10.63015,10.63015,10.0,9.21954,9.89949,9.21954,9.21954,9.21954,9.21954,9.21954,8.60233,8.60233,8.60233,8.60233,8.60233,7.81025,7.81025,7.2111,7.2111,7.2111,6.7082,6.7082,6.7082,7.28011,6.32456,46.64762,46.32494,48.8774,45.60702,54.40588,42.72002,46.57252,45.54119,49.0408,47.12749,51.66237,55.7315,53.23533,50.63596,53.75872,55.44367,56.32051,52.34501,51.24451,53.0,59.0,54.14795,52.03845,53.0,52.08647,54.00926,52.15362,56.00893,54.00926,56.0803,50.24938,55.00909,54.23099,58.00862,51.24451,53.75872,47.04253,47.04253,46.27094,52.34501,51.0,48.37355,47.16991,47.51842,43.56604,47.07441,45.12206,41.59327,40.26164,39.84972,39.29377,36.13862,33.83785,37.57659,37.16181,40.24922,32.24903,28.28427,31.01612,28.63564,32.01562,32.20248,36.24914,34.53983,38.01316,46.51881,44.94441,47.16991,49.64877,55.0,53.07542,53.03772,50.9902,55.15433,54.20332,54.81788,57.2014,57.00877,60.53924,56.61272,59.16925,60.41523,56.85948,58.59181,62.17717,56.85948,59.05929,46.95743,56.82429,54.20332,48.82622,55.07268,54.70832,51.86521,52.80152,52.43091,53.82379,55.21775,51.85557,52.43091,52.63079,55.17246,46.69047,53.03772,54.48853,52.3259,53.8145,53.15073,49.40648,60.1415,48.27007,53.8145,50.80354,52.43091
8.544,9.48683,9.21954,9.21954,9.21954,9.21954,9.21954,9.05539,10.19804,9.05539,10.19804,10.04988,10.04988,10.04988,10.04988,10.04988,10.0,10.04988,10.0,10.0,10.0,10.0,9.05539,10.0,10.0,10.0,10.0,10.0,10.0,10.0,10.04988,10.0,9.0,9.05539,9.05539,9.05539,10.19804,9.21954,8.24621,8.24621,8.24621,8.24621,8.24621,7.28011,7.28011,6.32456,7.61577,6.7082,6.7082,6.7082,6.40312,6.40312,45.89118,42.57934,51.24451,50.44799,46.84015,49.72927,42.95346,49.39636,48.8774,50.32892,49.65884,51.07837,57.70615,51.88449,49.39636,52.47857,58.66856,52.47857,50.53712,53.23533,59.81639,52.15362,51.85557,55.97321,51.0392,56.40035,53.85165,51.40039,53.85165,56.22277,49.64877,52.63079,52.69725,55.97321,53.07542,50.47772,52.80152,53.15073,49.09175,50.77401,50.77401,49.64877,51.97115,46.95743,46.8188,46.48656,44.64303,41.62932,39.39543,34.48188,39.21734,35.17101,33.54102,33.83785,33.73426,32.38827,34.0147,25.6125,28.01785,29.83287,30.88689,29.06888,34.9285,34.53983,41.4367,44.27189,42.37924,41.97618,47.80167,49.24429,51.35173,53.0,51.08816,60.20797,53.15073,54.08327,52.23983,52.95281,58.42089,55.9017,58.5235,57.24509,58.24946,54.40588,58.87274,55.02727,59.48109,45.61798,54.23099,54.40588,50.0,54.08327,51.24451,53.16014,55.9017,48.83646,50.35871,49.64877,54.33231,59.03389,52.03845,54.45181,49.16299,51.35173,55.0,47.09565,52.03845,48.0,52.03845,55.03635,51.15662,54.03702,50.08992,48.25971
8.60233,8.60233,9.43398,9.43398,8.60233,9.43398,8.94427,8.94427,8.94427,8.94427,10.29563,9.84886,10.29563,9.84886,9.84886,10.77033,10.44031,9.84886,9.48683,9.48683,9.84886,10.44031,9.48683,10.44031,10.44031,10.44031,10.44031,10.44031,10.44031,10.19804,9.48683,9.84886,9.48683,9.84886,9.48683,8.544,9.84886,8.94427,8.94427,8.06226,8.06226,8.94427,8.06226,7.2111,7.2111,7.2111,6.40312,6.40312,6.40312,7.07107,6.40312,6.40312,50.28916,50.48762,49.0408,48.50773,52.34501,50.01,52.15362,49.0,49.16299,53.08484,44.28318,50.44799,60.63827,51.97115,51.66237,53.85165,57.28001,54.08327,56.61272,54.40588,53.48832,50.96077,52.80152,52.88667,50.59644,54.12024,52.0,55.00909,53.66563,54.12024,54.12947,55.9464,54.78138,54.20332,53.23533,54.08327,50.69517,55.03635,54.12024,51.26402,49.39636,49.64877,50.15974,50.69517,46.17359,47.80167,46.09772,45.35416,38.47077,35.69314,37.65634,38.47077,36.12478,36.49658,35.51056,36.12478,34.1321,25.4951,24.5153,31.01612,31.01612,33.37664,34.1321,37.65634,38.47077,43.9659,43.17407,46.48656,44.64303,55.97321,52.92447,51.0,51.97115,55.9464,54.91812,54.3783,57.38467,54.67175,64.53681,56.85068,56.63921,60.81118,61.40033,56.0803,58.0,57.38467,55.9017,50.91169,52.3259,50.9902,50.93133,51.62364,52.63079,51.22499,54.08327,48.54894,58.24946,54.3783,58.66856,50.80354,53.53504,50.56679,59.05929,55.54278,50.11986,54.23099,55.03635,49.76947,49.72927,52.92447,50.28916,51.78803,51.41984,53.85165
10.04988,9.21954,10.44031,10.44031,10.44031,9.48683,10.44031,10.44031,10.77033,10.77033,11.7047,10.77033,10.77033,11.18034,10.77033,12.08305,10.29563,11.18034,11.18034,11.18034,11.18034,10.29563,10.29563,11.6619,11.6619,11.6619,10.81665,11.6619,11.6619,11.6619,10.29563,11.18034,11.6619,10.29563,10.29563,10.29563,10.77033,9.84886,9.84886,9.84886,9.48683,9.84886,9.48683,8.544,8.544,7.61577,8.24621,8.24621,8.24621,8.24621,7.07107,7.07107,43.84062,51.62364,52.40229,48.60041,48.54894,46.87217,49.24429,49.09175,48.37355,49.39636,51.07837,50.56679,48.75449,55.15433,54.12947,55.02727,61.68468,49.98,49.76947,57.58472,57.72348,54.08327,52.17279,53.36666,55.36244,49.47727,57.28001,56.7186,56.29387,62.96825,50.21952,52.39275,51.66237,55.7853,50.9902,55.08176,51.78803,51.97115,52.81098,49.0408,49.98,46.61545,45.88028,47.16991,45.54119,46.14109,45.61798,41.59327,39.81206,39.44617,36.61967,36.24914,37.58989,40.80441,38.94868,33.28663,33.24154,25.63201,27.73085,29.68164,35.22783,35.80503,36.40055,37.80212,40.36087,45.60702,48.10405,48.9183,47.38143,55.97321,46.8615,49.39636,52.35456,62.68174,57.69749,58.60034,57.3062,57.00877,57.24509,60.92618,65.45991,58.5235,57.58472,54.81788,57.00877,57.72348,62.64184,50.9902,57.56735,55.36244,51.92302,58.24088,53.48832,54.70832,52.92447,52.3259,57.70615,48.33218,54.56189,54.12024,52.15362,51.10773,62.1289,52.35456,52.47857,50.60632,53.82379,54.6443,54.6443,51.61395,54.81788,59.81639,53.03772,50.60632
8.60233,8.60233,8.94427,8.94427,8.94427,8.06226,8.94427,8.94427,8.94427,8.544,9.84886,9.48683,9.84886,8.544,8.544,10.44031,9.48683,9.48683,9.48683,9.48683,9.48683,9.21954,9.48683,9.21954,9.48683,9.48683,9.21954,10.44031,9.21954,9.21954,8.544,9.48683,9.48683,8.544,8.544,8.94427,8.94427,8.06226,8.06226,8.06226,8.06226,8.06226,8.06226,7.2111,7.2111,7.2111,6.40312,6.40312,6.40312,6.40312,6.40312,6.40312,45.70558,50.35871,51.5461,46.09772,49.24429,45.88028,49.39636,50.59644,50.9902,53.75872,48.8774,48.8774,51.86521,51.42956,52.35456,48.60041,55.07268,54.91812,49.09175,52.63079,61.61169,53.25411,47.63402,50.60632,48.60041,53.8145,50.0,56.22277,54.81788,55.17246,53.15073,56.56854,48.60041,56.85068,51.66237,50.24938,51.08816,51.73973,52.43091,47.01064,48.41487,51.31277,43.82921,42.72002,45.79301,50.24938,46.51881,41.18252,43.41659,40.31129,35.77709,37.58989,34.0,34.17601,37.94733,33.95585,31.06445,23.76973,30.67572,28.4605,34.88553,31.01612,36.22154,35.90265,37.10795,43.41659,43.41659,51.0098,45.04442,58.0,53.60037,48.50773,52.61179,61.66036,56.29387,59.43904,59.90826,59.66574,59.61543,57.56735,62.62587,60.53924,58.5235,55.4617,57.00877,54.12024,64.40497,50.28916,56.36488,57.69749,53.14132,55.4617,50.69517,51.5461,57.56735,49.33559,55.65968,55.36244,58.69412,57.07013,53.60037,50.48762,58.69412,54.74486,54.08327,53.60037,51.62364,51.47815,48.04165,54.0,49.0102,56.0803,51.0392,45.09989
8.0,8.0,8.06226,9.0,8.06226,9.05539,9.05539,9.21954,9.21954,9.21954,9.21954,9.21954,9.21954,9.21954,9.21954,10.44031,9.48683,9.21954,8.544,9.48683,9.21954,9.48683,8.544,9.48683,9.48683,9.48683,9.84886,9.48683,9.48683,9.84886,8.24621,9.48683,9.48683,8.24621,8.544,8.24621,9.21954,8.24621,8.24621,8.06226,8.06226,8.06226,7.07107,7.07107,7.0,6.08276,6.0,6.0,6.0,6.0,6.08276,5.09902,47.67599,49.72927,48.75449,47.85394,54.08327,46.64762,51.42956,52.69725,49.39636,45.0,52.40229,46.2277,51.85557,55.31727,48.41487,55.22681,57.48913,58.69412,53.90733,52.63079,55.17246,55.17246,51.73973,50.93133,55.97321,53.8145,53.90733,55.44367,54.56189,57.00877,55.44367,57.00877,53.75872,55.44367,53.00943,45.96738,50.20956,56.0803,51.62364,51.08816,51.08816,46.69047,50.0,54.03702,45.60702,46.61545,43.13931,46.61545,41.40048,38.41875,39.82462,38.41875,39.40812,36.23534,34.78505,35.77709,34.20526,31.14482,30.0,31.06445,31.06445,34.20526,35.8469,37.0,37.69615,44.77723,41.78516,46.8188,45.35416,55.02727,55.7315,52.46904,54.14795,58.07753,53.00943,56.0357,51.15662,57.03508,64.93843,54.45181,57.70615,56.88585,58.85576,60.16644,56.51548,56.75385,62.64982,51.62364,55.54278,54.12947,51.1957,56.08921,57.42822,51.35173,52.00961,55.3263,56.00893,56.32051,55.00909,53.0,54.14795,48.25971,57.0,47.01064,52.03845,58.30952,52.34501,46.09772,55.7315,56.4358,45.70558,53.15073,52.61179,52.17279
10.0,9.21954,9.89949,10.63015,10.63015,9.89949,9.89949,9.89949,9.89949,10.63015,10.63015,10.63015,11.31371,10.63015,10.63015,11.40175,10.81665,10.0,10.0,10.81665,10.63015,10.81665,10.0,10.81665,10.81665,10.81665,10.81665,11.6619,10.81665,10.81665,10.0,10.81665,10.81665,10.0,10.0,10.0,10.63015,9.89949,9.21954,9.21954,9.21954,9.21954,9.89949,8.48528,8.48528,7.81025,7.81025,7.81025,7.81025,7.2111,7.2111,6.7082,51.89412,45.69464,52.20153,47.43416,47.53946,47.07441,49.09175,53.23533,42.75512,48.09366,50.48762,46.04346,53.15073,50.15974,50.03998,50.03998,59.07622,57.03508,57.00877,48.16638,58.03447,50.03998,52.46904,55.44367,52.46904,54.0,50.21952,59.68249,52.7731,53.15073,55.10898,55.44367,48.09366,59.22837,49.0306,53.03772,53.46027,51.24451,52.00961,45.04442,49.25444,44.10215,52.00961,49.0102,49.0408,48.09366,41.10961,41.10961,36.67424,37.65634,41.19466,35.22783,39.29377,34.71311,34.48188,36.68787,31.7805,31.06445,30.14963,31.01612,36.49658,32.75668,36.68787,36.87818,38.8973,44.94441,39.56008,46.09772,48.70318,57.69749,57.45433,56.30275,54.81788,61.40033,52.63079,58.89822,60.30755,55.9017,62.80127,55.97321,60.82763,58.0517,58.0517,57.48913,60.46487,57.2014,64.81512,50.0,63.81222,58.00862,57.00877,59.5483,57.38467,50.24938,55.9017,54.48853,60.959,55.17246,51.85557,56.63921,51.40039,58.79626,57.38467,56.40035,52.00961,54.70832,54.20332,57.00877,57.3062,56.85948,44.94441,54.70832,61.77378,51.97115
8.24621,7.61577,8.94427,8.544,8.544,8.544,8.94427,8.94427,8.94427,9.43398,9.43398,9.43398,9.43398,9.43398,9.43398,10.0,9.43398,9.43398,9.21954,9.21954,8.60233,9.21954,8.60233,10.0,10.0,10.0,9.21954,10.0,10.0,10.0,8.60233,9.21954,9.21954,8.60233,8.60233,9.43398,9.43398,8.06226,8.06226,8.06226,8.06226,8.06226,8.06226,6.7082,6.7082,6.7082,6.7082,6.32456,6.32456,6.32456,6.08276,6.08276,47.42362,47.38143,48.41487,46.61545,46.32494,48.01042,48.25971,49.92995,43.86342,52.35456,49.64877,52.3259,57.70615,49.1935,52.92447,53.75872,58.82176,50.44799,53.85165,53.60037,62.64184,51.26402,53.15073,53.14132,54.70832,58.18935,52.95281,58.69412,51.92302,56.32051,54.58938,55.57877,49.0408,54.81788,52.61179,53.45091,50.28916,51.92302,50.59644,52.92447,49.0408,53.15073,53.48832,48.10405,47.75982,47.75982,47.16991,42.54409,41.14608,37.12142,40.81666,39.81206,37.44329,38.41875,36.35932,37.44329,35.35534,29.15476,28.23119,29.06888,37.12142,34.1321,35.22783,35.80503,37.01351,44.68781,41.03657,47.38143,48.08326,50.20956,56.22277,57.68882,54.70832,61.77378,52.80152,56.36488,58.87274,57.00877,64.56005,56.32051,58.87274,62.29767,61.98387,54.70832,62.93648,53.36666,62.64184,47.53946,58.94065,54.81788,52.20153,54.81788,57.56735,53.7122,55.54278,51.24451,56.79789,54.78138,54.56189,56.35601,52.47857,54.58938,57.80138,48.8774,51.97115,54.56189,54.20332,53.82379,55.21775,57.2014,45.45327,50.44799,53.41348,46.09772
8.24621,8.24621,8.544,9.48683,8.544,8.544,8.544,8.94427,8.94427,8.94427,9.84886,8.94427,9.84886,8.94427,8.94427,10.29563,9.43398,9.43398,9.43398,9.43398,8.94427,9.43398,9.43398,10.0,10.29563,9.43398,10.0,10.81665,10.29563,9.43398,8.94427,9.43398,9.43398,8.94427,8.94427,8.94427,8.94427,8.544,8.544,8.544,8.544,7.61577,8.544,7.61577,7.28011,6.32456,7.28011,7.07107,6.08276,7.07107,6.0,6.0,44.55334,48.27007,47.80167,43.82921,52.00961,43.26662,49.64877,51.10773,52.3259,44.77723,48.76474,47.85394,52.20153,55.47071,50.53712,51.07837,59.46427,52.20153,50.59644,51.86521,56.921,54.78138,48.83646,50.92151,54.08327,50.59644,53.75872,56.75385,54.70832,56.75385,53.48832,54.70832,51.92302,57.97413,52.63079,49.0408,51.92302,53.16014,55.15433,46.61545,51.62364,46.52956,52.55473,51.62364,44.77723,49.09175,45.79301,46.95743,35.35534,39.82462,35.4683,37.20215,38.01316,36.12478,36.79674,35.4683,34.05877,28.79236,26.57066,29.83287,33.83785,35.4683,34.0,36.71512,40.49691,44.94441,43.18565,47.01064,48.08326,53.75872,48.83646,53.82379,56.30275,55.0,56.30275,51.62364,54.70832,56.35601,59.5063,58.30952,62.24147,60.53924,59.23681,57.56735,57.24509,60.08328,57.00877,55.36244,56.46238,53.48832,50.69517,52.92447,55.02727,57.24509,53.48832,52.3259,58.30952,50.9902,58.18075,52.47857,52.83938,48.8774,51.85557,49.64877,54.70832,49.92995,55.75841,50.24938,52.63079,49.24429,54.81788,56.61272,50.24938,52.63079
8.544,8.24621,9.21954,9.21954,9.21954,9.21954,9.05539,9.05539,9.05539,9.05539,10.04988,10.04988,10.04988,10.04988,10.04988,11.0,10.0,10.0,10.0,10.0,10.04988,10.0,9.0,10.0,10.0,10.0,10.04988,11.0,11.0,10.04988,10.0,10.0,10.0,9.0,9.0,9.05539,10.04988,9.05539,8.06226,8.06226,8.24621,8.06226,8.24621,7.07107,7.28011,7.28011,7.28011,6.32456,6.32456,6.7082,6.7082,5.83095,52.95281,47.04253,50.48762,41.59327,54.45181,48.37355,50.21952,49.72927,50.59644,48.08326,48.27007,49.33559,51.5461,53.48832,54.70832,54.78138,58.87274,60.92618,53.45091,54.12024,57.77543,51.07837,53.7122,54.23099,51.88449,57.24509,50.53712,57.98276,56.36488,58.59181,56.46238,56.79789,59.48109,57.24509,49.39636,50.92151,55.00909,53.7122,52.20153,54.626,51.62364,51.47815,47.75982,52.81098,47.51842,52.49762,41.4367,48.38388,35.73514,37.12142,38.47077,35.44009,40.04997,39.01282,35.01428,36.01389,34.0147,34.17601,29.06888,32.89377,31.62278,36.40055,35.17101,37.33631,42.19005,44.18144,45.09989,50.03998,49.0102,56.14268,59.3043,54.74486,54.57105,58.85576,52.39275,54.81788,60.16644,56.921,63.50591,63.97656,57.69749,56.79789,59.48109,60.41523,60.53924,59.36329,65.51336,54.20332,53.85165,53.66563,54.70832,59.94164,54.626,52.3259,56.30275,54.42426,58.82176,53.7122,58.5235,56.0803,58.5235,52.55473,55.10898,53.85165,51.66237,58.24946,61.39218,57.72348,55.44367,56.04463,49.49747,55.7315,57.42822,53.15073
8.06226,8.24621,8.24621,8.544,8.544,8.544,9.48683,8.544,8.544,8.544,9.84886,9.84886,9.84886,8.94427,8.94427,10.29563,9.43398,8.94427,9.43398,9.43398,8.94427,9.43398,9.43398,9.43398,9.43398,9.43398,9.43398,9.43398,10.29563,10.0,8.94427,9.43398,9.43398,8.94427,8.94427,8.94427,8.94427,8.544,7.61577,7.61577,7.61577,8.544,7.28011,7.61577,7.28011,6.32456,6.32456,6.32456,6.08276,6.08276,6.0,6.0,54.48853,49.67897,51.73973,49.67897,44.65423,46.61545,47.16991,55.21775,44.29447,52.47857,49.1935,48.75449,50.56679,46.61545,50.53712,51.24451,55.71355,52.81098,53.85165,52.20153,57.27128,53.14132,55.08176,53.14132,54.08327,53.75872,52.81098,54.81788,51.24451,61.39218,52.88667,52.39275,53.14132,57.56735,52.61179,53.14132,50.59644,52.20153,53.85165,48.08326,50.9902,51.47815,45.61798,45.69464,48.37355,48.33218,44.38468,43.82921,45.27693,40.31129,37.21559,40.22437,37.44329,36.76955,35.80503,36.06938,31.82766,29.15476,32.20248,33.24154,36.24914,34.0,40.24922,37.73592,42.44997,44.04543,47.50789,46.69047,47.38143,55.9017,58.00862,54.3783,52.00961,61.61169,51.88449,53.85165,54.58938,57.93962,61.46544,56.0803,61.68468,59.90826,56.36488,52.88667,61.98387,54.12024,62.96825,49.33559,58.82176,55.36244,57.97413,61.39218,57.93962,52.55473,55.03635,53.22593,54.78138,57.00877,54.91812,57.69749,59.9333,52.47857,51.10773,51.62364,55.22681,51.97115,52.35456,53.53504,50.80354,56.93856,47.50789,54.67175,52.47857,52.49762
8.544,8.544,8.94427,8.94427,8.94427,8.94427,8.94427,8.94427,9.43398,9.43398,10.29563,9.43398,10.29563,9.43398,9.43398,10.81665,10.0,9.43398,8.60233,10.0,9.43398,10.0,9.43398,10.0,10.0,10.0,10.0,10.0,10.0,10.63015,9.43398,10.0,9.43398,9.43398,9.43398,9.43398,9.84886,8.94427,8.06226,7.61577,8.544,8.544,8.544,7.61577,7.61577,6.7082,7.28011,7.28011,7.07107,7.07107,7.0,6.0,48.8774,48.33218,44.01136,46.09772,47.12749,45.22168,42.57934,52.39275,42.2019,49.47727,49.25444,50.80354,50.15974,52.34501,50.24938,51.24451,58.07753,53.23533,52.34501,48.04165,55.00909,54.08327,54.00926,52.15362,48.16638,54.14795,51.0098,55.08176,53.00943,54.23099,48.09366,56.00893,49.16299,57.14018,51.0392,45.09989,50.03998,49.16299,49.25444,50.35871,46.17359,48.83646,44.72136,45.70558,45.12206,43.9659,41.97618,39.84972,39.84972,37.33631,37.69615,39.39543,29.73214,36.23534,34.48188,36.71512,33.54102,28.07134,33.06055,31.257,31.40064,33.37664,36.34556,38.07887,39.29377,38.62642,42.54409,48.38388,47.16991,53.85165,52.15362,55.47071,50.80354,57.98276,54.56189,58.13777,56.0803,53.75872,60.10824,54.48853,61.52235,58.60034,61.55485,55.80323,56.61272,55.75841,61.03278,48.02083,58.5235,57.42822,52.00961,57.2014,53.90733,50.60632,55.86591,52.40229,60.82763,51.08816,53.74012,58.72819,50.24938,51.62364,53.15073,52.34501,50.32892,49.57822,53.8145,52.80152,55.60576,50.9902,47.01064,51.08816,51.08816,50.47772
10.04988,10.19804,10.19804,10.04988,10.19804,10.19804,10.44031,10.44031,10.44031,9.48683,10.44031,10.77033,10.44031,10.44031,10.44031,10.77033,10.77033,9.84886,9.84886,9.84886,10.77033,9.84886,9.84886,10.77033,10.77033,11.18034,11.18034,11.18034,11.18034,10.29563,9.84886,9.84886,9.84886,9.84886,9.84886,9.84886,10.77033,9.48683,9.48683,9.48683,9.21954,9.48683,8.24621,8.24621,8.24621,8.24621,8.06226,8.06226,7.07107,7.0,8.0,7.0,46.61545,43.04649,50.60632,43.60046,50.47772,43.84062,48.16638,49.81967,53.03772,45.34314,48.10405,49.57822,55.97321,50.93133,49.20366,52.15362,58.41233,50.21952,53.90733,52.49762,60.60528,53.0,50.47772,54.81788,53.41348,52.43091,51.97115,55.07268,56.0357,58.60034,53.33854,53.0,49.40648,57.00877,54.12024,50.44799,52.80152,51.22499,50.24938,49.81967,48.82622,48.27007,45.45327,50.93133,43.86342,46.01087,43.27817,41.7732,38.28838,35.80503,38.20995,37.64306,35.80503,31.06445,36.35932,34.66987,31.62278,28.01785,32.01562,33.24154,34.65545,30.41381,35.38361,36.12478,39.82462,44.04543,44.40721,45.79301,49.64877,55.56978,55.9017,55.97321,57.97413,59.46427,56.32051,54.57105,58.46366,59.22837,66.48308,58.69412,60.29925,60.67125,62.80127,61.07373,62.514,54.08327,62.03225,50.01,58.0,58.0,56.00893,61.03278,59.03389,53.60037,57.42822,56.88585,60.67125,58.30952,58.69412,56.08921,60.63827,49.47727,55.36244,60.16644,55.65968,56.75385,57.72348,54.12024,52.55473,56.75385,45.22168,56.32051,57.93962,46.51881
9.05539,10.04988,10.0,10.0,10.0,10.0,10.0,10.0,10.0,10.04988,11.0,11.04536,11.04536,11.04536,10.04988,11.18034,11.18034,10.04988,10.19804,11.18034,11.04536,10.19804,10.04988,11.18034,11.18034,11.18034,11.18034,11.18034,11.18034,11.18034,11.04536,11.04536,11.04536,10.04988,10.04988,10.04988,10.0,10.0,10.0,9.0,9.0,9.05539,9.05539,8.06226,8.06226,8.06226,7.07107,7.07107,7.28011,7.28011,7.28011,6.32456,42.37924,52.3259,46.61545,42.72002,48.76474,44.29447,49.09175,45.80393,50.9902,43.82921,45.80393,43.93177,54.56189,53.15073,50.21952,54.45181,56.63921,49.57822,48.10405,56.58622,55.31727,56.56854,47.80167,51.62364,48.83646,53.03772,55.17246,49.67897,50.24938,54.48853,51.66237,50.24938,55.17246,48.79549,55.9017,46.75468,51.73973,49.51767,49.67897,51.85557,56.22277,48.01042,48.25971,48.60041,40.22437,49.39636,41.88078,42.19005,38.94868,38.94868,36.67424,37.12142,35.8469,34.78505,33.52611,32.98485,31.40064,31.241,28.01785,32.01562,31.241,40.31129,36.79674,36.79674,39.69887,46.40043,46.32494,49.39636,49.09175,52.7731,52.80152,51.62364,57.28001,51.26402,61.68468,52.63079,53.75872,55.44367,59.4138,64.12488,58.03447,58.03447,55.7315,58.07753,56.0357,61.03278,53.15073,55.03635,51.0098,56.0,53.00943,61.0,53.00943,57.00877,57.21888,57.31492,55.08176,54.23099,59.84146,54.45181,62.58594,51.35173,51.47815,54.58938,53.93515,54.57105,54.34151,53.36666,53.36666,50.9902,54.34151,53.16014,50.21952,52.88667
8.0,8.06226,9.05539,8.06226,9.05539,8.06226,9.21954,8.24621,9.21954,9.21954,9.21954,9.48683,9.21954,9.48683,8.24621,10.77033,9.84886,9.48683,8.544,9.48683,9.48683,9.48683,9.48683,9.84886,9.84886,9.84886,9.84886,9.84886,9.84886,9.84886,8.544,9.48683,9.48683,8.24621,9.48683,9.48683,9.21954,8.24621,8.24621,7.28011,8.24621,8.24621,8.24621,7.07107,7.07107,6.08276,7.07107,6.0,6.0,6.0,6.08276,5.09902,47.75982,54.12024,48.82622,48.27007,45.22168,49.81967,49.67897,52.00961,50.9902,49.49747,52.20153,47.01064,54.67175,50.20956,47.42362,54.08327,59.66574,54.56189,54.81788,53.60037,58.00862,53.15073,54.3783,51.10773,52.15362,57.68882,53.85165,55.75841,56.85948,59.90826,51.10773,58.5235,54.40588,57.98276,51.62364,57.80138,55.22681,52.69725,53.60037,52.43091,50.0,49.49747,48.9183,49.51767,45.34314,45.27693,46.69047,45.25483,38.94868,37.53665,38.28838,41.01219,38.01316,36.05551,38.83298,34.98571,37.12142,26.62705,31.06445,32.01562,36.79674,33.97058,38.94868,39.59798,42.0119,47.50789,46.64762,46.64762,46.64762,53.66563,54.23099,52.55473,52.0,60.40695,52.88667,56.32051,53.36666,57.87055,64.93843,57.70615,61.13101,61.07373,63.3877,60.00833,59.13544,57.00877,62.00806,53.03772,61.0082,53.33854,55.3263,58.42089,58.69412,53.33854,57.87055,52.34501,60.40695,59.21149,58.24946,54.91812,53.46027,56.29387,45.54119,51.41984,55.02727,54.81788,56.61272,56.32051,57.87055,54.70832,47.53946,57.56735,53.14132,52.81098
8.06226,8.60233,8.60233,8.60233,8.60233,7.81025,8.48528,8.48528,8.48528,8.48528,9.21954,9.21954,9.89949,9.21954,8.48528,10.0,9.21954,9.21954,8.60233,9.21954,9.21954,10.0,8.60233,10.0,10.0,10.0,9.43398,10.0,10.0,10.0,9.21954,9.21954,9.21954,9.21954,8.60233,8.48528,8.48528,8.48528,7.81025,7.81025,7.81025,7.81025,7.81025,6.40312,6.40312,6.40312,6.40312,5.83095,5.83095,5.83095,5.38516,5.38516,47.12749,48.27007,47.29693,43.41659,46.52956,48.6621,49.0408,54.03702,49.0102,49.36598,44.01136,49.0,49.36598,57.0,49.0102,51.35173,61.29437,51.47815,53.75872,55.57877,56.08921,52.46904,52.17279,49.24429,55.3263,55.57877,50.01,57.27128,58.0517,55.9017,50.01,53.33854,56.4358,55.31727,50.69517,49.64877,50.9902,50.21952,57.21888,48.25971,52.23983,47.0,51.0,47.01064,42.10701,50.01,41.0,41.10961,34.1321,39.05125,35.12834,32.14032,37.05401,35.69314,34.20526,35.44009,34.0147,26.1725,30.01666,29.27456,35.01428,31.0,33.24154,34.0147,37.21559,43.73786,45.88028,48.08326,45.54119,54.81788,52.55473,53.23533,55.75841,55.9017,54.91812,49.73932,56.93856,62.42596,60.0,62.482,59.66574,61.52235,57.48913,55.86591,57.31492,58.69412,60.1415,51.66237,58.69412,54.56189,51.22499,60.82763,51.73973,49.57822,55.9017,50.44799,54.20332,56.22277,57.14018,54.81788,55.22681,51.86521,53.00943,51.31277,50.24938,52.83938,54.3783,55.00909,51.0392,53.23533,48.8774,54.20332,48.8467,51.62364
8.94427,8.60233,9.21954,9.43398,9.21954,8.60233,9.21954,9.21954,9.89949,9.21954,10.63015,9.89949,10.0,9.89949,9.21954,10.63015,10.0,9.89949,9.21954,10.0,9.89949,10.0,9.89949,10.63015,10.63015,10.63015,10.0,10.63015,10.0,10.81665,9.21954,10.0,10.0,9.21954,9.21954,9.89949,9.89949,9.21954,8.48528,7.81025,8.48528,7.81025,7.81025,7.81025,7.81025,7.07107,7.2111,6.40312,6.7082,6.7082,6.32456,5.38516,41.78516,46.17359,49.47727,46.87217,47.67599,45.54119,48.83646,50.24938,46.17359,51.0,46.27094,48.37355,58.21512,50.0,53.0,53.75872,57.14018,52.23983,49.25444,52.34501,56.29387,55.14526,54.58938,48.25971,51.35173,55.44367,54.91812,54.74486,53.46027,55.08176,51.78803,56.4358,51.08816,55.7315,50.9902,52.23983,51.78803,50.48762,54.08327,51.15662,49.0408,54.0,49.0102,47.01064,47.26521,44.04543,46.27094,38.01316,40.0,38.32754,39.31921,39.45884,32.75668,34.52535,36.76955,36.24914,31.38471,29.27456,29.15476,33.13608,35.0,37.0,41.01219,36.01389,39.45884,48.50773,44.91102,48.27007,49.24429,57.28001,56.0803,54.20332,53.66563,59.5063,54.12024,55.47071,54.70832,56.0803,59.40539,58.00862,61.07373,57.38467,61.29437,57.28001,58.69412,55.86591,59.66574,53.15073,60.10824,53.03772,52.63079,58.0517,55.60576,52.49762,52.80152,53.41348,55.80323,56.85068,59.07622,55.21775,56.61272,53.33854,58.5235,54.20332,54.58938,51.88449,52.7731,48.37355,55.03635,56.4358,42.94182,52.3259,50.15974,45.18849
9.21954,9.48683,9.48683,9.48683,9.48683,9.48683,9.84886,9.84886,9.84886,9.84886,10.77033,10.29563,9.84886,9.84886,9.84886,10.29563,10.29563,10.29563,10.29563,10.29563,10.29563,10.29563,9.43398,10.29563,10.29563,10.81665,10.81665,10.29563,10.29563,10.81665,10.29563,10.29563,10.29563,9.84886,10.29563,9.84886,9.84886,9.48683,8.544,8.544,8.544,8.544,8.544,8.24621,8.24621,7.28011,7.07107,7.07107,7.07107,7.07107,7.0,7.0,43.04649,47.01064,44.94441,44.59821,44.64303,43.41659,48.08326,50.0,45.35416,48.05206,49.16299,50.48762,53.15073,50.01,52.23983,51.0392,56.22277,51.0392,48.16638,49.0408,57.00877,51.0098,53.00943,48.04165,52.0,53.00943,52.23983,53.08484,51.0392,57.14018,49.16299,55.00909,51.08816,53.00943,47.01064,50.24938,51.0392,54.03702,50.15974,47.26521,51.0098,49.64877,48.50773,45.70558,41.0,45.60702,44.91102,41.76123,38.63936,38.8973,36.40055,36.68787,32.31099,33.61547,32.69557,33.83785,31.62278,28.0,26.0,32.0,32.06244,32.55764,34.1321,38.11824,41.7732,45.12206,42.2019,44.27189,49.0408,55.9464,51.10773,52.15362,53.60037,60.20797,56.72742,52.49762,56.61272,60.30755,59.4138,60.20797,62.2254,64.53681,55.86591,57.2014,59.66574,58.82176,60.30755,53.82379,60.21628,57.2014,53.8145,57.00877,57.38467,54.67175,59.39697,53.03772,56.58622,53.75872,58.79626,56.63921,53.15073,52.40229,50.9902,49.20366,55.0,54.03702,56.72742,52.80152,54.20332,55.21775,50.47772,51.22499,54.70832,49.81967
8.24621,8.544,8.544,9.48683,8.544,8.544,8.94427,8.94427,9.84886,8.94427,10.29563,9.43398,10.29563,9.43398,9.43398,10.81665,10.0,9.43398,9.43398,9.43398,9.43398,10.0,10.0,10.0,10.0,10.63015,10.63015,10.81665,10.0,10.63015,9.43398,9.43398,10.0,8.60233,10.0,9.43398,9.43398,8.06226,8.06226,8.06226,8.06226,8.06226,8.06226,6.7082,7.61577,6.7082,7.61577,6.32456,6.32456,6.32456,6.32456,6.08276,49.92995,50.32892,46.66905,46.69047,46.09772,51.85557,52.49762,49.57822,44.20407,49.20366,48.54894,51.10773,56.4358,49.39636,50.60632,49.76947,58.60034,54.12024,53.7122,47.92703,59.9333,51.88449,55.00909,50.15974,51.47815,52.7731,54.12947,54.78138,56.36488,55.7853,55.15433,56.85948,51.47815,54.78138,52.49762,53.23533,50.08992,50.53712,51.62364,46.09772,47.92703,52.15362,46.61545,51.10773,45.79301,44.65423,45.0,43.27817,44.04543,36.23534,39.66106,38.8973,35.4683,32.64966,37.53665,32.80244,38.83298,27.85678,30.08322,31.01612,36.05551,34.43835,37.44329,35.22783,42.2019,48.16638,45.27693,49.49747,53.15073,55.22681,52.00961,52.47857,52.69725,58.5235,52.80152,58.18075,54.08327,56.30275,58.18935,56.36488,61.98387,60.16644,62.39391,56.04463,59.20304,56.29387,62.0967,49.24429,60.87693,54.12947,55.54278,56.32051,57.58472,52.39275,55.54278,52.20153,56.0803,58.18935,56.36488,56.79789,54.23099,53.7122,55.9464,52.83938,55.00909,55.00909,49.76947,52.39275,54.58938,53.31041,47.43416,55.21775,53.85165,51.61395
9.43398,9.84886,9.84886,10.29563,9.84886,9.84886,10.44031,10.44031,10.44031,10.44031,10.44031,11.18034,10.77033,10.44031,10.44031,11.40175,10.19804,10.19804,10.19804,10.19804,10.44031,11.18034,10.19804,11.18034,11.18034,11.18034,11.18034,11.40175,11.40175,10.19804,10.44031,10.44031,10.44031,10.44031,10.19804,10.19804,10.44031,9.48683,9.48683,9.84886,8.94427,9.48683,8.94427,8.544,8.06226,7.61577,8.06226,8.06226,8.06226,7.2111,7.2111,7.07107,51.0392,48.01042,47.16991,45.04442,47.07441,43.9659,52.39275,52.88667,46.48656,50.59644,49.64877,49.0408,51.26402,52.39275,46.51881,51.31277,55.00909,53.66563,52.3259,47.88528,57.24509,52.39275,50.60632,52.7731,51.47815,55.36244,48.82622,56.61272,52.35456,51.86521,48.82622,53.7122,52.83938,57.80138,47.80167,51.07837,49.65884,52.7731,52.55473,48.75449,46.06517,44.01136,49.98,52.81098,49.47727,44.27189,42.2019,40.16217,36.87818,34.71311,36.49658,34.48188,35.12834,39.20459,35.01428,33.0,35.51056,30.52868,28.30194,31.38471,35.4683,34.9285,35.8469,38.32754,40.02499,45.89118,46.27094,48.50773,47.67599,56.7186,59.00847,55.22681,51.08816,59.21149,52.34501,58.69412,57.07013,62.03225,63.56886,60.08328,57.97413,59.13544,62.64184,57.24509,61.09828,54.626,64.2573,53.14132,61.46544,55.36244,58.5235,56.85948,55.36244,54.08327,57.28001,54.70832,58.24088,59.48109,53.36666,57.72348,55.7315,54.57105,55.7315,56.08921,54.34151,57.70615,57.70615,54.33231,59.68249,59.13544,43.56604,52.08647,50.08992,56.0803
8.0,9.05539,9.05539,10.04988,9.05539,9.05539,9.21954,9.21954,9.21954,9.21954,10.19804,10.44031,9.21954,9.21954,9.21954,9.48683,9.84886,9.48683,9.48683,9.48683,9.48683,9.84886,9.48683,9.84886,9.48683,9.84886,9.84886,9.48683,10.77033,9.84886,9.48683,9.48683,9.48683,9.48683,9.48683,9.48683,9.21954,8.24621,8.24621,8.24621,8.24621,8.24621,7.07107,7.07107,7.07107,7.07107,7.07107,6.0,6.0,6.0,6.08276,6.08276,43.41659,48.25971,48.9183,50.32892,50.93133,49.49747,51.08816,50.93133,53.41348,49.20366,50.60632,49.39636,53.00943,50.60632,55.47071,51.89412,62.76942,56.4358,50.80354,55.56978,55.4617,52.47857,52.3259,50.77401,50.24938,55.07268,53.23533,55.9017,53.7122,58.87274,51.47815,51.42956,54.3783,54.70832,54.23099,49.0408,53.0,50.53712,51.0392,47.16991,50.21952,52.00961,47.63402,46.2277,45.96738,48.60041,42.44997,41.03657,36.12478,36.12478,39.59798,39.69887,41.01219,37.44329,37.44329,35.51056,33.61547,31.7805,26.92582,33.54102,33.83785,36.05551,35.60899,39.11521,42.52058,42.80187,47.38143,48.10405,48.27007,52.80152,55.47071,51.86521,55.56978,60.90156,56.79789,54.12024,55.97321,54.70832,58.82176,58.87274,61.03278,61.39218,57.87055,55.7853,51.5461,61.66036,59.68249,52.39275,56.7186,59.22837,55.7853,54.81788,52.88667,56.921,59.13544,51.24451,60.72891,54.40588,58.69412,52.55473,58.87274,47.92703,55.47071,57.38467,51.89412,56.36488,51.47815,48.75449,52.35456,50.9902,51.0,53.85165,52.83938,52.15362
9.21954,9.21954,9.21954,9.21954,9.21954,9.21954,10.0,10.0,9.43398,9.43398,10.0,10.81665,10.0,9.43398,9.43398,11.18034,10.29563,10.29563,9.84886,9.84886,9.84886,9.84886,10.29563,9.84886,10.29563,11.18034,10.77033,10.77033,10.77033,10.77033,9.84886,9.84886,9.84886,8.94427,9.84886,10.29563,10.81665,8.60233,8.06226,8.60233,8.60233,8.60233,8.60233,8.60233,7.81025,7.2111,7.81025,6.40312,7.07107,7.07107,6.40312,6.40312,48.01042,53.33854,52.61179,45.12206,48.05206,47.80167,47.75982,49.24429,48.10405,50.96077,52.92447,53.23533,55.4617,52.39275,51.89412,53.22593,55.15433,50.15974,47.85394,52.83938,55.21775,56.35601,49.09175,52.20153,47.01064,49.64877,51.31277,53.0,55.75841,55.80323,53.85165,60.90156,55.00909,54.40588,49.20366,49.65884,53.00943,54.20332,52.35456,46.95743,46.52956,52.92447,45.31004,50.15974,46.48656,42.72002,46.48656,40.8534,42.05948,41.10961,41.23106,37.33631,33.24154,40.31129,34.36568,30.06659,33.06055,26.92582,29.68164,31.30495,35.8469,36.76955,38.91015,39.92493,39.56008,46.57252,45.88028,48.83646,50.63596,55.57877,54.08327,54.03702,49.09175,59.00847,59.4138,58.42089,56.22277,56.08921,60.41523,60.16644,62.0967,58.5235,57.97413,57.93962,56.921,57.24509,59.13544,54.12024,59.80803,60.16644,56.04463,57.00877,56.75385,57.07013,58.24946,56.32051,60.72891,58.24088,59.5399,57.27128,51.78803,52.95281,54.03702,52.46904,52.08647,53.08484,56.56854,50.48762,55.08176,55.03635,50.01,57.00877,53.15073,50.35871
9.84886,9.48683,10.44031,10.77033,10.44031,10.44031,10.44031,10.44031,10.44031,11.18034,11.18034,11.18034,11.18034,11.18034,11.40175,11.04536,11.04536,11.04536,11.04536,11.18034,11.18034,11.04536,10.04988,11.04536,12.04159,11.04536,11.04536,11.04536,11.04536,11.04536,11.18034,11.18034,11.18034,10.19804,10.19804,10.19804,10.19804,10.44031,9.21954,9.48683,9.48683,9.48683,9.48683,8.544,8.544,8.544,8.544,8.06226,8.06226,8.06226,7.2111,7.2111,55.9017,46.69047,54.42426,44.94441,48.08326,47.16991,48.46648,53.7122,47.01064,53.7122,48.30114,53.66563,53.7122,50.53712,48.33218,54.6443,55.47071,54.6443,52.7731,50.77401,59.81639,47.70744,54.81788,56.0357,50.77401,50.24938,51.85557,55.80323,54.3783,55.60576,49.92995,58.24946,47.43416,57.68882,45.45327,49.39636,52.15362,49.64877,54.56189,51.61395,47.16991,48.46648,48.76474,45.18849,45.54119,43.86342,42.72002,42.05948,37.33631,37.16181,37.10795,35.73514,36.13862,29.42788,33.01515,38.0526,32.01562,27.58623,30.4795,28.3196,32.01562,33.83785,36.89173,37.73592,42.54409,45.65085,39.39543,46.84015,49.64877,58.82176,52.95281,53.60037,56.56854,62.20129,54.0,58.07753,57.00877,57.03508,63.28507,56.22277,63.3877,62.39391,62.28965,59.4138,63.34824,51.41984,62.36986,53.15073,57.48913,54.58938,54.58938,58.94065,54.58938,54.45181,58.21512,55.44367,57.07889,58.21512,57.0,61.20457,56.22277,53.03772,53.03772,51.15662,57.03508,54.33231,55.03635,55.00909,54.14795,61.0,49.0408,54.14795,55.00909,50.80354
10.04988,10.04988,9.21954,10.19804,9.21954,10.19804,10.44031,10.44031,10.44031,9.48683,10.44031,10.77033,10.44031,10.44031,10.44031,10.77033,10.77033,9.48683,10.77033,10.77033,10.44031,10.77033,9.48683,10.77033,10.77033,11.18034,11.18034,10.77033,10.77033,11.18034,10.44031,10.77033,10.44031,9.48683,9.48683,9.48683,10.44031,9.21954,9.21954,9.21954,9.21954,9.21954,8.24621,8.06226,8.06226,7.07107,8.06226,7.0,7.0,7.0,7.07107,7.07107,42.80187,54.91812,53.2635,43.93177,53.07542,49.49747,46.69047,51.73973,47.42362,46.04346,48.41487,48.54894,55.75841,52.69725,50.80354,53.33854,58.30952,51.31277,50.47772,54.91812,53.31041,47.85394,50.53712,50.9902,53.23533,53.66563,49.73932,52.80152,57.80138,51.62364,51.42956,54.56189,51.0,51.88449,49.76947,48.02083,46.14109,50.24938,53.25411,50.08992,47.50789,45.48626,46.8615,48.60041,46.69047,46.40043,42.43819,43.18565,35.0,37.01351,36.23534,35.4683,36.87818,35.22783,32.64966,31.62278,31.38471,27.85678,28.23119,28.84441,31.06445,35.80503,37.64306,35.80503,36.87818,47.42362,43.86342,43.18565,48.27007,54.81788,52.47857,52.35456,52.7731,58.30952,52.92447,53.7122,54.08327,55.02727,62.64184,57.28001,59.20304,61.81424,57.28001,57.42822,57.27128,58.69412,56.56854,49.72927,55.10898,55.7315,54.40588,54.74486,57.24509,54.91812,54.40588,50.9902,59.48109,55.97321,55.97321,53.48832,55.03635,54.70832,51.62364,55.15433,52.92447,57.00877,55.4617,50.32892,56.0803,55.9464,52.39275,58.59181,58.18075,50.56679
8.06226,9.0,8.06226,9.0,8.0,9.0,9.05539,9.05539,9.05539,9.05539,10.04988,10.19804,9.05539,9.05539,9.05539,10.19804,9.21954,9.21954,9.21954,9.21954,9.21954,9.21954,8.24621,10.19804,9.21954,10.44031,9.48683,9.21954,10.19804,9.48683,9.21954,9.21954,9.21954,9.21954,9.21954,8.06226,9.05539,8.0,8.06226,8.06226,7.0,8.0,7.0,7.0,7.0,6.0,6.08276,6.08276,6.08276,6.08276,5.38516,5.38516,51.92302,48.76474,51.62364,46.95743,47.85394,47.16991,48.54894,56.0803,50.77401,49.73932,51.10773,52.43091,54.91812,53.41348,51.66237,49.49747,58.13777,53.03772,56.22277,53.15073,61.6198,51.66237,55.86591,54.03702,49.20366,58.41233,50.93133,55.31727,52.34501,61.07373,52.3259,54.45181,52.40229,55.9017,52.40229,51.40039,55.44367,54.81788,52.15362,49.64877,48.27007,48.01042,47.20169,49.92995,43.38202,47.50789,41.18252,43.41659,35.35534,36.67424,33.61547,36.67424,39.92493,35.17101,35.44009,35.73514,34.71311,29.41088,27.20294,29.73214,36.06938,34.65545,36.87818,35.22783,38.41875,44.77723,44.65423,44.77723,45.65085,49.76947,52.92447,52.20153,52.39275,56.61272,55.10898,57.42822,52.61179,56.0,56.00893,50.0,59.03389,57.07889,61.20457,52.23983,57.00877,56.22277,64.12488,47.16991,58.07753,56.4358,55.14526,53.15073,55.22681,52.08647,52.23983,55.03635,57.14018,55.03635,54.14795,53.08484,57.03508,53.15073,57.70615,53.15073,55.7315,52.46904,56.4358,52.17279,53.16014,50.24938,46.38965,55.10898,51.66237,48.27007
8.94427,9.84886,9.48683,9.48683,9.48683,9.48683,9.48683,9.48683,10.44031,9.21954,10.44031,10.44031,10.44031,10.19804,10.19804,11.18034,10.19804,9.21954,10.04988,10.19804,10.19804,10.19804,10.19804,10.04988,10.19804,11.18034,11.18034,10.04988,11.18034,10.04988,10.19804,10.19804,10.19804,9.21954,10.19804,9.48683,9.48683,9.48683,9.48683,8.544,8.544,8.544,8.544,7.61577,7.61577,7.61577,7.61577,6.7082,6.7082,7.2111,6.40312,6.40312,44.01136,44.0,51.0392,50.03998,43.28972,49.36598,49.49747,51.97115,49.24429,50.9902,53.14132,49.47727,50.69517,47.43416,52.88667,55.15433,53.14132,55.4617,46.57252,55.9464,59.5399,57.93962,51.88449,52.39275,47.16991,49.73932,56.36488,55.07268,50.9902,63.52952,53.22593,55.9464,52.39275,52.7731,51.47815,47.92703,51.42956,52.20153,50.59644,50.56679,51.26402,49.64877,47.29693,45.60702,42.42641,50.69517,43.93177,40.5216,41.4367,41.01219,40.11234,39.11521,32.0,35.01428,37.01351,37.05401,35.69314,31.38471,28.6531,33.28663,34.0147,34.9285,39.56008,36.05551,39.29377,44.38468,44.91102,48.16638,48.6621,55.22681,52.0,49.16299,55.22681,55.00909,54.74486,58.42089,57.07013,58.5235,57.58472,57.28001,66.09841,62.62587,58.5235,55.03635,56.85948,54.626,57.58472,55.36244,56.85948,51.26402,51.24451,60.16644,50.32892,54.08327,58.18935,50.69517,54.40588,53.75872,59.77458,57.00877,56.32051,52.63079,50.01,56.51548,54.12947,51.66237,57.55867,52.34501,55.3263,53.60037,55.10898,55.9017,52.08647,46.27094
9.84886,9.84886,9.43398,9.43398,9.43398,9.43398,10.0,10.0,10.0,9.21954,10.0,10.63015,10.0,10.0,10.0,10.63015,10.63015,9.21954,9.89949,9.89949,9.21954,9.89949,9.89949,9.89949,10.63015,11.31371,10.63015,10.63015,10.63015,10.63015,9.21954,9.21954,9.21954,9.21954,10.63015,10.0,10.0,8.60233,8.60233,8.60233,8.06226,8.94427,8.06226,8.06226,8.06226,6.7082,7.61577,7.61577,6.7082,6.32456,7.28011,7.07107,44.94441,49.39636,48.10405,46.23851,51.24451,44.38468,45.60702,45.12206,51.97115,47.51842,53.03772,50.15974,54.33231,53.08484,50.24938,53.08484,55.7315,53.0,43.04649,56.00893,56.0803,55.00909,49.25444,51.0392,49.0408,53.00943,56.0357,53.33854,50.0,58.13777,53.23533,52.34501,54.00926,52.03845,52.46904,45.0,46.01087,46.01087,47.0,50.03998,49.16299,48.01042,47.38143,42.29657,41.30375,48.01042,43.04649,40.1995,33.24154,38.83298,35.22783,34.52535,35.69314,37.0,30.46309,34.20526,34.1321,29.61419,28.16026,27.45906,32.75668,33.24154,37.0,34.48188,37.69615,45.31004,46.06517,46.32494,49.73932,55.47071,54.40588,48.9183,58.79626,57.31492,58.69412,54.45181,56.0803,57.00877,58.41233,59.5483,60.44005,60.80296,61.22091,57.42822,58.5235,56.93856,58.60034,51.61395,55.22681,50.80354,55.0,56.60389,52.80152,55.44367,56.63921,54.67175,58.69412,55.31727,59.39697,52.49762,54.45181,52.40229,47.42362,54.45181,56.0803,53.90733,58.0517,55.31727,55.60576,53.75872,49.81967,53.82379,49.40648,50.21952
9.21954,9.21954,8.544,9.21954,9.48683,9.48683,9.84886,8.94427,9.84886,8.94427,9.84886,9.84886,9.84886,9.84886,8.94427,10.29563,10.29563,8.94427,9.43398,9.43398,8.94427,10.29563,9.43398,9.43398,10.29563,10.29563,10.81665,10.29563,10.29563,10.0,8.94427,9.43398,8.94427,8.94427,8.94427,8.94427,9.84886,8.544,7.61577,8.544,8.544,8.544,7.61577,7.61577,7.28011,7.28011,7.07107,6.32456,6.08276,6.08276,6.0,6.0,55.15433,46.2277,47.43416,46.32494,46.40043,44.10215,46.64762,48.37355,46.64762,50.08992,48.33218,49.76947,51.62364,52.35456,50.69517,54.12024,55.54278,50.9902,50.69517,53.85165,55.97321,49.64877,52.49762,53.45091,50.32892,54.08327,48.70318,56.75385,57.38467,58.69412,52.39275,55.36244,55.02727,53.85165,52.88667,50.15974,54.70832,53.16014,50.15974,52.20153,44.59821,48.8774,46.95743,51.0,50.24938,46.52956,46.14109,42.54409,41.67733,37.57659,39.11521,37.44329,40.0,38.01316,36.79674,36.06938,35.4683,26.1725,29.06888,29.61419,34.53983,33.24154,39.92493,35.34119,42.04759,50.53712,42.48529,46.87217,49.20366,52.69725,51.73973,53.75872,51.85557,60.82763,51.08816,56.22277,54.67175,49.64877,61.77378,57.45433,62.16912,55.00909,57.80138,53.22593,58.13777,55.54278,62.64982,50.9902,53.85165,55.54278,55.9017,55.03635,58.18075,53.66563,57.80138,48.37355,52.3259,58.13777,51.97115,53.0,57.42822,50.80354,56.60389,50.44799,54.67175,54.03702,53.90733,50.80354,53.2635,56.40035,48.9183,53.41348,52.80152,51.66237
10.04988,10.0,10.0,11.0,10.0,10.0,10.04988,10.04988,11.04536,10.04988,11.0,11.04536,11.04536,11.04536,11.04536,12.04159,11.18034,11.04536,11.18034,11.18034,11.18034,11.18034,10.19804,11.18034,11.18034,11.18034,11.18034,12.16553,12.16553,11.18034,10.19804,11.18034,11.18034,10.04988,10.04988,10.04988,10.0,10.0,10.0,9.0,9.0,9.0,9.0,8.0,8.06226,8.0,8.06226,7.07107,7.07107,7.28011,7.28011,6.32456,51.41984,46.8188,45.27693,49.76947,53.0,49.39636,50.80354,50.21952,48.27007,51.62364,50.80354,49.20366,51.22499,46.66905,55.44367,53.90733,55.9017,53.74012,49.57822,51.66237,55.22681,52.34501,51.22499,53.03772,55.97321,50.24938,53.03772,55.17246,53.2635,61.84658,53.2635,53.75872,55.22681,52.49762,52.63079,52.40229,53.07542,51.62364,51.73973,48.60041,53.75872,49.81967,50.21952,46.09772,45.80393,46.32494,42.19005,40.81666,40.22437,37.58989,37.12142,38.01316,38.47077,33.61547,31.95309,32.28002,35.44009,28.17801,27.20294,34.82815,33.42155,31.82766,35.38361,40.60788,40.80441,48.27007,44.20407,49.39636,47.70744,54.6443,54.23099,52.49762,56.30275,57.87055,57.00877,54.57105,59.84146,59.13544,61.13101,62.20129,56.7186,59.07622,63.1981,57.07889,57.07889,57.0,61.13101,51.08816,53.03772,56.22277,59.00847,59.07622,56.0357,57.31492,59.68249,51.35173,60.53098,57.14018,58.30952,56.7186,58.0517,53.60037,58.69412,53.93515,49.49747,58.69412,54.91812,52.7731,52.39275,56.51548,53.45091,59.20304,55.08176,52.20153
10.63015,10.0,10.81665,11.40175,11.40175,10.0,10.81665,10.29563,10.81665,11.6619,10.81665,11.18034,11.6619,11.6619,11.6619,12.08305,11.18034,11.18034,11.18034,11.18034,11.18034,11.18034,11.18034,12.08305,12.08305,11.7047,11.7047,12.08305,12.08305,10.77033,11.18034,11.18034,11.18034,11.18034,10.77033,10.29563,10.29563,10.81665,10.81665,10.0,9.43398,9.43398,9.43398,8.60233,8.60233,8.60233,8.60233,7.81025,8.48528,7.81025,7.81025,7.81025,43.82921,49.39636,46.17359,46.48656,48.25971,51.1957,48.25971,53.23533,47.04253,47.04253,47.38143,48.04165,54.03702,54.08327,48.01042,53.33854,62.20129,53.75872,54.14795,49.25444,55.22681,50.15974,51.62364,51.15662,52.08647,52.61179,49.64877,57.07013,56.7186,56.51548,50.21952,59.22837,51.15662,58.42089,50.28916,53.33854,52.23983,52.23983,53.03772,47.09565,46.27094,51.0392,46.01087,47.16991,47.0,43.01163,41.30375,42.10701,38.01316,37.33631,37.65634,38.32754,37.65634,33.73426,34.71311,33.83785,32.57299,29.0,31.01612,29.15476,36.01389,34.1321,36.12478,34.71311,37.64306,44.01136,44.64303,45.88028,48.46648,56.61272,54.12947,50.80354,56.30275,57.14018,53.41348,55.97321,56.63921,57.98276,62.93648,59.5483,60.82763,61.52235,59.46427,56.85068,63.12686,57.48913,63.65532,51.08816,63.12686,55.60576,53.2635,61.6198,56.63921,55.9017,55.22681,58.0517,55.31727,58.0517,55.21775,59.03389,57.80138,53.00943,55.22681,56.0803,55.47071,63.00794,55.47071,54.20332,57.3062,57.14018,49.24429,54.70832,59.03389,52.35456
8.94427,8.544,9.21954,9.48683,9.48683,8.544,9.21954,9.21954,9.21954,9.05539,10.19804,10.19804,10.19804,9.21954,9.21954,10.04988,10.04988,9.05539,9.05539,9.0,9.05539,10.0,9.05539,10.0,10.0,10.04988,10.0,10.0,10.0,10.0,9.05539,10.0,9.0,9.05539,9.05539,9.05539,9.21954,9.21954,8.24621,8.24621,7.28011,8.24621,8.24621,7.28011,6.32456,7.28011,6.7082,6.32456,6.7082,6.7082,6.40312,6.40312,49.0306,51.07837,50.69517,50.32892,50.9902,49.24429,50.47772,51.97115,47.50789,51.10773,48.02083,54.3783,52.69725,53.82379,51.61395,58.41233,60.60528,56.0803,55.80323,55.17246,60.20797,52.63079,52.34501,52.40229,49.0408,57.38467,50.24938,56.63921,53.75872,58.13777,57.28001,56.63921,48.79549,53.8145,52.34501,52.3259,56.0803,50.93133,51.31277,54.20332,47.63402,50.47772,49.0408,51.40039,48.82622,44.40721,45.17743,41.88078,39.11521,36.76955,42.72002,37.69615,36.23534,37.57659,33.52611,34.71311,33.73426,26.87006,29.0,30.4795,34.20526,36.12478,34.0,34.88553,40.24922,48.8467,43.32436,45.22168,49.64877,54.08327,54.12024,54.33231,54.58938,59.68249,57.03508,57.21888,53.00943,58.69412,62.20129,58.21512,58.21512,59.3043,60.13319,60.01666,61.81424,57.48913,61.40033,54.91812,57.42822,56.56854,54.33231,56.08921,57.31492,52.15362,53.33854,54.14795,59.03389,58.00862,52.0,57.03508,53.00943,53.03772,56.0357,57.14018,52.0,49.0,54.33231,50.03998,51.62364,56.0803,49.09175,53.75872,56.88585,51.66237
10.19804,10.04988,10.04988,10.04988,10.04988,10.0,10.0,10.0,11.0,11.0,11.0,11.04536,11.0,11.0,10.0,12.16553,10.19804,10.04988,10.04988,11.04536,11.04536,10.04988,10.04988,11.18034,11.04536,11.18034,11.18034,11.18034,11.04536,11.18034,10.04988,11.04536,11.04536,10.04988,10.04988,10.04988,10.0,10.0,9.0,9.0,9.0,9.0,9.05539,8.0,8.06226,8.06226,8.06226,7.07107,8.24621,7.28011,7.61577,7.61577,49.98,43.38202,47.43416,43.56604,45.96738,42.52058,53.74012,47.42362,48.10405,46.69047,45.34314,47.38143,54.56189,51.62364,50.44799,47.70744,60.0,58.41233,51.66237,53.23533,53.33854,52.83938,53.85165,52.20153,49.81967,57.42822,51.47815,55.47071,51.62364,57.3062,49.65884,51.88449,53.25411,52.35456,51.89412,51.22499,50.21952,53.25411,51.22499,46.14109,46.32494,45.79301,47.43416,47.16991,43.13931,45.0,37.20215,45.45327,37.20215,36.40055,39.62323,34.71311,35.38361,37.80212,34.82815,34.20526,33.12099,26.24881,25.4951,26.90725,30.0,34.71311,34.66987,40.81666,37.12142,47.70744,44.72136,45.61798,47.53946,56.0803,53.14132,53.15073,52.88667,55.9017,54.33231,50.63596,55.00909,59.00847,60.00833,60.07495,61.07373,55.08176,58.07753,59.21149,56.0803,54.23099,57.03508,49.0408,57.0,55.08176,56.0357,57.31492,56.22277,54.00926,55.3263,54.74486,59.03389,55.08176,59.22837,54.12947,54.81788,54.57105,57.87055,58.24946,52.88667,56.29387,52.88667,52.81098,49.98,51.24451,49.33559,61.84658,55.36244,51.26402
8.06226,8.06226,8.60233,9.43398,8.60233,8.60233,9.21954,8.60233,9.21954,9.21954,9.21954,9.89949,9.21954,9.21954,9.21954,9.89949,9.21954,8.48528,9.21954,9.89949,9.21954,9.21954,8.48528,10.0,9.89949,9.21954,9.21954,9.89949,9.89949,9.21954,9.21954,9.21954,9.21954,9.21954,9.21954,8.48528,9.21954,8.60233,8.60233,8.06226,7.2111,8.06226,7.2111,7.2111,6.7082,6.7082,6.32456,6.32456,6.32456,6.32456,6.08276,5.09902,45.61798,50.53712,48.33218,51.62364,52.3259,51.26402,47.53946,50.96077,48.50773,52.95281,49.0306,46.09772,51.62364,50.48762,56.08921,54.14795,57.55867,56.22277,52.46904,50.48762,58.07753,50.35871,58.0,53.46027,55.00909,52.03845,50.15974,56.0803,58.13777,53.0,50.08992,53.33854,52.08647,57.03508,47.0,52.46904,49.36598,51.24451,52.17279,49.64877,41.7732,53.36666,46.69047,41.7732,46.17359,46.09772,43.68066,41.10961,42.05948,38.27532,38.48376,35.77709,37.73592,33.61547,35.35534,31.30495,32.64966,27.89265,30.41381,28.01785,33.13608,34.05877,36.0,33.01515,39.81206,43.93177,41.10961,45.12206,44.91102,51.5461,51.5461,54.56189,53.22593,61.7171,53.00943,56.30275,59.07622,62.36986,56.63921,53.74012,58.0,58.72819,58.0517,56.72742,53.2635,55.9017,63.70243,46.75468,59.46427,49.0408,55.15433,56.85068,52.3259,49.51767,59.46427,50.32892,58.0517,59.46427,55.80323,62.28965,58.25805,51.40039,59.5483,55.97321,57.68882,55.60576,47.80167,56.0357,53.53504,56.63921,48.41487,57.3062,55.21775,51.89412
9.05539,9.21954,9.21954,9.21954,9.21954,9.21954,9.48683,9.48683,9.48683,9.48683,10.44031,10.77033,9.48683,9.84886,9.48683,10.77033,9.84886,9.84886,9.84886,9.84886,9.84886,9.84886,9.84886,9.84886,9.84886,10.29563,10.29563,10.77033,10.77033,11.18034,9.48683,9.48683,9.84886,9.48683,9.84886,9.48683,9.48683,8.24621,8.24621,8.24621,8.24621,9.05539,8.06226,7.07107,7.07107,7.07107,7.07107,7.0,7.0,6.0,6.08276,6.08276,49.67897,49.57822,50.0,46.87217,47.01064,46.95743,50.53712,50.60632,47.53946,52.39275,50.92151,47.43416,52.0,48.33218,50.92151,51.41984,58.82176,54.12024,52.55473,50.44799,58.85576,51.66237,49.24429,55.7853,50.96077,56.04463,50.9902,54.33231,52.7731,57.70615,53.60037,52.17279,52.17279,57.48913,51.62364,49.0408,49.0306,53.36666,55.71355,48.6621,51.41984,49.64877,49.64877,49.98,44.77723,44.38468,44.77723,42.15448,38.47077,38.48376,38.94868,35.35534,38.83298,33.28663,33.28663,37.44329,38.18377,27.16616,30.59412,28.44293,31.04835,31.95309,37.58989,34.88553,37.12142,47.85394,42.19005,48.25971,50.80354,54.08327,50.9902,47.38143,51.73973,62.24147,50.93133,53.15073,57.42822,58.24946,59.94164,57.45433,60.20797,62.17717,59.07622,56.35601,54.56189,57.38467,62.17717,49.64877,55.54278,57.24509,52.83938,55.9017,53.33854,51.62364,55.21775,53.25411,59.40539,55.07268,61.22091,56.61272,53.41348,55.17246,55.80323,55.80323,53.60037,53.60037,54.81788,53.2635,55.9017,55.9017,53.15073,56.63921,55.31727,54.45181
9.05539,8.0,9.05539,9.05539,9.05539,9.0,9.05539,9.05539,9.05539,9.21954,9.05539,9.21954,9.05539,9.21954,9.21954,9.48683,9.21954,9.21954,9.48683,9.48683,8.544,9.48683,9.21954,9.48683,9.48683,9.48683,9.48683,9.48683,9.48683,9.48683,9.48683,9.48683,9.48683,8.544,8.544,8.24621,9.21954,8.06226,8.06226,8.06226,8.06226,8.06226,8.06226,7.0,7.07107,6.0,6.0,7.0,6.0,6.08276,6.08276,6.32456,50.93133,46.75468,53.60037,47.42362,54.48853,51.22499,48.25971,52.00961,45.79301,47.88528,50.08992,47.88528,54.20332,50.9902,54.20332,52.39275,58.59181,50.08992,50.69517,54.23099,60.16644,54.626,52.81098,48.75449,55.9464,53.85165,51.47815,55.31727,55.97321,59.20304,50.32892,51.26402,53.14132,53.16014,48.76474,54.626,53.45091,49.0408,50.53712,51.88449,47.41308,49.65884,50.15974,45.69464,44.41846,44.29447,42.19005,45.48626,41.03657,35.51056,37.20215,38.18377,36.79674,35.35534,35.4683,33.97058,32.20248,26.30589,27.85678,27.20294,33.52611,32.69557,37.21559,36.71512,38.58756,43.60046,42.63801,46.09772,46.75468,51.73973,51.62364,50.60632,53.0,58.41233,53.85165,53.85165,51.42956,56.36488,61.32699,59.80803,55.71355,61.40033,60.41523,53.60037,57.56735,54.57105,59.23681,50.59644,59.46427,53.45091,49.65884,54.12024,51.5461,53.14132,57.38467,52.80152,58.66856,55.03635,53.7122,54.20332,56.30275,53.0,60.41523,55.4617,51.42956,48.82622,56.0357,57.68882,51.62364,52.83938,51.97115,49.40648,54.81788,53.03772
8.60233,8.06226,9.43398,9.43398,9.43398,8.94427,9.84886,8.94427,9.84886,9.84886,9.84886,9.84886,9.84886,9.84886,8.94427,10.44031,9.21954,9.48683,9.48683,9.48683,9.48683,10.19804,9.48683,10.44031,10.44031,10.19804,10.19804,10.44031,10.44031,10.19804,9.48683,10.44031,9.48683,9.48683,9.21954,9.48683,9.48683,8.94427,8.544,8.06226,7.61577,7.61577,8.06226,7.61577,6.7082,6.7082,7.2111,6.40312,6.40312,6.40312,5.65685,5.65685,52.03845,51.0392,54.00926,50.15974,46.09772,48.01042,54.58938,53.93515,48.05206,48.76474,50.92151,47.75982,54.42426,52.49762,53.60037,55.15433,55.36244,55.02727,47.12749,55.4617,58.13777,54.08327,54.626,51.0,51.89412,54.626,53.31041,54.20332,53.23533,55.9017,55.47071,56.82429,57.27128,52.7731,50.77401,49.76947,53.22593,50.53712,49.39636,49.24429,49.0408,47.42362,49.0408,45.88028,47.12749,44.01136,44.91102,41.76123,38.32754,41.0,40.26164,36.22154,36.34556,34.52535,37.21559,29.01724,32.0,29.15476,29.68164,30.08322,30.67572,29.12044,34.71311,35.69314,38.60052,42.57934,39.20459,47.0,44.18144,52.00961,56.14268,51.5461,45.60702,56.7186,52.55473,56.61272,56.04463,53.85165,54.23099,57.69749,58.59181,55.54278,60.00833,52.83938,53.7122,57.98276,58.59181,50.60632,58.30952,49.65884,48.76474,56.79789,49.76947,52.0,53.14132,51.47815,55.54278,55.9464,54.12024,57.38467,54.12024,49.33559,58.69412,54.34151,54.57105,52.46904,56.75385,54.57105,48.83646,54.57105,52.39275,59.68249,58.03447,54.12947
9.05539,9.05539,10.0,10.0,10.0,10.0,10.04988,10.0,10.04988,10.04988,11.0,11.04536,10.04988,10.04988,10.04988,11.18034,10.19804,10.04988,10.19804,10.19804,10.19804,10.19804,10.04988,11.18034,11.18034,10.19804,10.19804,11.18034,11.40175,10.19804,10.19804,10.19804,10.19804,10.19804,10.04988,10.04988,10.04988,9.0,9.05539,9.0,8.0,9.0,9.0,8.0,8.0,7.0,7.07107,7.07107,7.07107,7.07107,6.32456,6.32456,51.10773,46.04346,53.60037,52.43091,44.65423,49.51767,46.66905,48.83646,47.63402,52.34501,45.22168,46.8615,55.60576,46.2277,52.40229,55.22681,56.22277,53.41348,51.66237,54.08327,59.07622,56.85068,53.23533,51.10773,51.61395,52.43091,53.25411,56.0803,52.20153,60.20797,51.97115,57.68882,51.47815,55.9464,50.60632,50.77401,48.54894,49.65884,49.64877,49.64877,45.60702,48.16638,45.96738,42.80187,43.13931,45.45327,43.13931,42.44997,39.59798,41.23106,39.40812,38.60052,34.71311,34.82815,33.12099,34.0,35.17101,27.73085,25.4951,30.41381,34.1321,32.75668,38.28838,39.59798,39.69887,44.20407,41.72529,47.43416,45.34314,55.31727,53.41348,53.7122,56.82429,63.07139,56.46238,56.46238,53.85165,52.55473,62.36185,57.56735,59.43904,62.36986,60.87693,57.31492,63.78871,58.0517,64.7611,49.81967,56.51548,55.10898,54.57105,60.01666,50.96077,54.57105,58.46366,52.49762,56.61272,57.56735,57.58472,58.18935,55.15433,52.20153,60.41523,55.15433,58.5235,57.27128,55.07268,52.80152,51.88449,62.03225,52.7731,59.9333,59.9333,55.07268
10.0,10.0,9.89949,10.63015,9.89949,9.21954,9.89949,9.89949,9.89949,9.89949,11.31371,10.63015,10.63015,10.63015,9.89949,11.40175,10.0,10.0,10.0,10.0,10.0,10.0,10.0,10.81665,10.0,10.81665,10.81665,10.81665,10.81665,10.81665,10.0,10.0,10.0,9.21954,9.21954,9.21954,9.89949,8.48528,8.48528,8.48528,8.48528,8.48528,8.48528,7.81025,7.81025,7.2111,7.2111,7.2111,7.2111,6.7082,7.61577,6.32456,48.50773,46.84015,50.08992,49.64877,45.54119,51.24451,49.0102,52.34501,47.0,52.15362,50.01,51.24451,56.4358,48.01042,49.0408,54.33231,55.44367,53.46027,50.35871,52.46904,58.69412,52.61179,53.46027,52.7731,52.61179,57.48913,50.69517,57.07013,52.46904,54.81788,50.9902,50.80354,48.50773,56.7186,47.51842,49.49747,50.63596,50.01,52.17279,44.0,47.04253,44.04543,43.04649,49.09175,44.0,45.01111,42.19005,42.04759,39.62323,37.0,38.32754,37.33631,36.22154,32.38827,28.79236,33.24154,32.31099,28.63564,30.08322,27.20294,29.73214,30.59412,33.24154,37.33631,34.20526,44.28318,39.11521,44.28318,46.01087,49.36598,50.80354,53.45091,49.39636,58.24088,52.0,57.58472,53.75872,49.39636,62.6099,55.9017,56.30275,58.82176,55.9017,56.22277,58.24946,55.0,60.74537,51.86521,56.61272,54.3783,53.7122,55.56978,54.58938,49.92995,61.58734,51.0,59.05929,54.12024,55.07268,57.38467,59.09315,52.80152,53.22593,55.71355,56.46238,55.71355,53.45091,55.71355,56.921,55.03635,52.0,56.30275,57.87055,55.7853
10.29563,9.84886,9.84886,10.29563,9.84886,9.84886,10.44031,9.48683,10.44031,9.48683,10.77033,10.44031,10.77033,10.44031,10.44031,11.40175,10.19804,10.44031,10.19804,10.19804,10.44031,10.19804,9.21954,10.19804,10.44031,10.19804,10.19804,10.44031,10.19804,10.19804,10.44031,10.44031,10.44031,9.48683,9.48683,9.48683,9.84886,8.94427,8.94427,8.94427,8.544,8.544,8.94427,7.61577,8.06226,7.61577,7.2111,7.2111,7.2111,7.2111,7.07107,7.07107,50.48762,51.1957,49.76947,42.72002,48.33218,42.54409,46.06517,51.0,47.50789,47.42362,50.21952,46.87217,53.0,50.24938,49.39636,52.63079,57.2014,52.80152,50.77401,53.41348,53.90733,54.20332,53.2635,53.2635,55.44367,53.15073,51.22499,53.75872,58.79626,52.40229,50.32892,50.93133,52.49762,52.80152,51.22499,51.22499,51.85557,50.44799,47.50789,48.25971,48.60041,46.14109,45.27693,47.41308,41.59327,43.41659,39.81206,44.28318,38.01316,37.57659,37.69615,37.12142,35.73514,34.48188,36.67424,36.13862,29.0,26.40076,28.3196,28.3196,30.4795,32.01562,35.80503,36.61967,37.58989,39.66106,44.59821,42.95346,46.09772,53.85165,50.96077,45.12206,52.95281,55.7315,54.45181,52.34501,55.22681,56.00893,60.0,56.00893,59.03389,58.21512,60.13319,60.40695,53.15073,57.70615,59.21149,52.34501,57.07889,55.08176,50.01,58.42089,54.03702,53.0,57.03508,55.00909,59.03389,55.03635,57.14018,51.0392,57.31492,49.49747,51.35173,55.3263,53.60037,58.0517,55.22681,57.31492,53.15073,57.31492,53.93515,61.39218,52.17279,58.24946
9.0,9.0,9.05539,10.0,9.0,10.0,10.04988,9.05539,10.04988,9.05539,10.04988,10.19804,10.19804,10.19804,10.04988,10.44031,10.44031,9.21954,10.44031,9.48683,9.21954,10.44031,9.48683,10.44031,10.44031,10.44031,10.77033,10.44031,10.44031,9.84886,9.48683,10.19804,9.48683,9.21954,9.48683,9.21954,10.19804,9.05539,8.06226,8.06226,8.06226,9.05539,8.06226,7.07107,7.0,7.07107,7.0,7.0,6.0,6.08276,6.08276,6.08276,57.70615,48.8774,54.03702,54.20332,53.00943,50.47772,48.79549,51.73973,51.08816,51.66237,57.38467,51.22499,54.67175,54.45181,53.03772,55.60576,59.5483,56.63921,49.67897,55.97321,60.21628,52.20153,52.83938,53.60037,54.20332,52.20153,57.14018,56.60389,57.38467,57.45433,49.92995,57.14018,48.82622,56.85948,52.7731,50.32892,52.47857,50.80354,50.9902,48.60041,46.2277,43.93177,48.10405,43.93177,43.18565,45.27693,39.62323,41.03657,37.48333,41.03657,44.82187,36.06938,38.94868,36.23534,33.01515,33.61547,32.31099,26.40076,25.80698,28.42534,31.82766,31.1127,36.79674,33.30165,34.05877,39.05125,39.20459,47.41308,43.909,51.62364,51.47815,50.59644,52.92447,55.97321,51.24451,54.91812,59.66574,56.29387,60.82763,54.74486,59.07622,60.20797,60.40695,54.08327,57.21888,53.0,57.31492,48.6621,58.21512,57.07889,53.75872,57.21888,52.39275,53.33854,55.10898,56.56854,55.9017,55.7315,58.24088,53.85165,55.36244,51.5461,57.24509,58.18935,55.36244,51.26402,55.36244,54.70832,53.14132,59.13544,48.33218,54.78138,57.69749,50.9902
10.0,10.0,10.04988,10.04988,10.04988,10.0,10.04988,10.04988,10.19804,10.19804,11.04536,11.18034,11.18034,10.19804,10.19804,11.40175,10.44031,10.44031,10.44031,10.44031,10.44031,10.77033,10.44031,10.77033,11.40175,10.44031,10.77033,11.7047,10.77033,10.77033,10.44031,10.77033,10.77033,9.48683,9.48683,9.21954,10.19804,9.21954,9.21954,9.21954,8.06226,9.21954,9.21954,8.06226,8.06226,8.06226,8.06226,7.07107,8.0,7.0,7.07107,7.07107,49.64877,44.77723,53.60037,50.0,50.44799,51.85557,50.9902,53.15073,50.9902,51.85557,53.2635,55.97321,55.17246,50.20956,54.56189,56.22277,57.62812,53.82379,51.85557,48.82622,58.60034,53.60037,55.56978,54.70832,53.00943,53.0,52.63079,55.56978,55.47071,57.3062,47.85394,56.0803,49.39636,54.12024,50.11986,51.97115,53.23533,50.60632,51.22499,48.01042,48.25971,46.66905,49.57822,45.48626,45.34314,45.34314,48.08326,43.18565,42.42641,38.94868,41.01219,40.60788,36.12478,35.51056,38.27532,34.48188,35.77709,29.73214,27.65863,26.40076,33.97058,28.3196,34.66987,36.12478,38.58756,39.66106,39.96248,49.1935,46.52956,54.70832,49.24429,55.02727,50.59644,61.13101,54.12024,57.48913,58.46366,56.08921,55.31727,57.07889,58.0517,60.00833,60.53098,58.00862,59.00847,55.00909,62.20129,48.16638,58.13777,56.0357,54.91812,54.33231,56.56854,49.25444,56.4358,56.88585,57.97413,56.88585,59.43904,60.08328,54.40588,57.87055,60.08328,61.13101,57.56735,54.08327,52.92447,58.18075,55.02727,63.90618,50.59644,63.56099,59.5399,51.10773
8.94427,9.84886,9.48683,9.84886,9.48683,9.84886,9.48683,9.48683,10.44031,9.21954,10.44031,10.44031,10.44031,10.19804,9.21954,10.19804,10.19804,9.21954,9.05539,10.19804,9.21954,10.04988,9.21954,10.04988,10.04988,10.19804,10.04988,10.04988,10.04988,10.04988,9.21954,10.19804,9.05539,9.21954,9.21954,9.21954,9.48683,8.544,8.24621,8.544,8.544,8.544,8.544,7.61577,7.61577,6.7082,6.7082,6.7082,6.7082,7.2111,6.40312,6.40312,57.00877,52.55473,54.78138,52.0,56.79789,49.65884,48.01042,50.47772,49.1935,56.60389,48.60041,51.62364,59.36329,52.69725,53.25411,57.62812,58.82176,55.97321,54.40588,57.38467,62.93648,53.00943,51.62364,51.40039,52.00961,49.20366,49.67897,53.03772,55.22681,56.56854,52.49762,56.40035,50.44799,51.66237,51.85557,49.20366,50.20956,48.60041,50.77401,52.00961,53.33854,52.15362,46.32494,45.61798,46.04346,47.70744,39.39543,42.95346,35.8469,39.39543,38.07887,36.68787,36.05551,32.55764,31.62278,36.13862,32.38827,23.60085,23.34524,27.01851,31.14482,30.4795,29.20616,34.20526,36.71512,42.54409,44.29447,44.28318,44.77723,49.65884,49.76947,50.59644,55.10898,55.54278,52.46904,51.97115,52.61179,55.44367,63.03174,59.0,61.0082,61.13101,60.03332,56.7186,56.14268,54.14795,62.03225,55.08176,53.15073,57.00877,51.0098,56.32051,59.0,54.00926,57.14018,52.03845,56.00893,51.0,53.33854,58.07753,56.56854,50.35871,55.57877,57.55867,54.23099,56.7186,54.45181,55.3263,58.85576,58.24946,56.22277,56.29387,55.7853,53.36666
10.0,9.89949,9.89949,9.89949,9.89949,9.89949,10.63015,10.0,10.63015,10.0,10.63015,10.81665,10.0,10.0,10.0,10.81665,10.29563,10.0,9.43398,10.29563,9.43398,10.29563,9.43398,10.29563,10.29563,10.29563,10.29563,10.29563,10.29563,10.29563,9.43398,10.29563,9.43398,9.43398,9.43398,9.43398,10.0,8.60233,8.60233,8.60233,8.48528,8.48528,7.81025,7.81025,7.81025,7.07107,7.07107,7.07107,7.07107,7.2111,7.2111,6.7082,54.57105,50.63596,55.14526,54.00926,48.04165,53.15073,47.26521,56.14268,48.6621,55.14526,57.48913,52.20153,53.60037,51.62364,48.37355,53.60037,60.16644,57.48913,53.85165,52.88667,57.56735,52.49762,52.20153,49.98,50.28916,53.16014,51.07837,53.48832,53.60037,54.42426,54.626,55.54278,50.0,58.30952,48.75449,51.86521,49.76947,53.48832,49.0408,46.57252,52.0,45.12206,49.47727,46.87217,47.29693,44.91102,45.39824,39.45884,42.57934,38.11824,39.11521,35.69314,36.01389,34.05877,35.0571,34.05877,34.36568,25.29822,28.4605,24.73863,32.55764,29.27456,35.01428,34.05877,37.33631,44.18144,39.01282,46.32494,39.62323,50.63596,53.16014,54.08327,52.80152,57.69749,50.53712,56.79789,52.3259,56.4358,59.16925,56.30275,61.03278,60.46487,57.80138,56.63921,60.20797,52.20153,56.85068,46.32494,60.80296,55.21775,53.33854,53.82379,53.33854,51.0,57.45433,54.12024,54.56189,56.4358,54.12947,60.41523,56.36488,60.16644,55.4617,57.27128,60.16644,56.32051,56.30275,48.70318,59.48109,59.48109,46.84015,59.80803,56.75385,51.41984
11.04536,11.0,11.0,11.0,11.0,10.0,11.04536,11.04536,11.04536,11.04536,11.04536,11.18034,11.04536,11.18034,11.04536,11.40175,11.18034,10.19804,10.19804,10.19804,11.18034,11.40175,10.19804,10.44031,11.40175,11.40175,11.7047,11.40175,11.40175,10.77033,10.19804,10.19804,10.44031,10.19804,10.44031,10.19804,10.19804,10.04988,9.05539,9.05539,9.05539,9.05539,9.05539,8.06226,9.05539,8.0,8.0,8.0,8.0,8.06226,8.06226,7.07107,47.42362,52.20153,52.34501,49.0408,48.27007,53.00943,50.21952,52.63079,49.39636,49.09175,50.11986,51.42956,52.35456,56.61272,48.37355,52.55473,57.80138,55.9464,54.20332,54.626,56.921,50.08992,52.20153,52.39275,51.47815,54.12947,51.86521,53.85165,57.69749,57.56735,47.53946,55.71355,50.9902,55.9464,50.0,51.47815,52.92447,52.3259,52.7731,49.65884,52.0,49.24429,47.88528,48.75449,44.94441,43.01163,44.65423,42.19005,39.96248,40.22437,38.60052,35.0,36.79674,33.94113,31.1127,32.55764,31.241,27.29469,26.41969,29.68164,34.0,30.23243,33.01515,33.83785,40.36087,43.18565,41.01219,41.72529,45.34314,50.20956,49.81967,50.0,50.24938,58.66856,51.0,52.35456,55.00909,52.20153,54.78138,54.42426,57.24509,58.94065,58.18075,50.96077,58.24088,53.45091,58.5235,48.50773,53.15073,57.72348,49.98,52.20153,57.00877,53.31041,59.80803,57.77543,58.30952,52.92447,59.48109,58.59181,57.24509,55.56978,60.46487,59.5399,54.20332,59.90826,56.93856,52.7731,55.80323,54.12024,52.43091,53.25411,60.44005,52.69725
10.0,10.0,9.89949,10.0,9.21954,10.0,9.89949,9.89949,9.89949,9.89949,10.63015,10.63015,10.63015,9.89949,9.89949,11.40175,10.0,10.63015,10.0,10.0,9.21954,10.0,9.21954,10.0,10.0,10.0,10.0,10.0,10.0,10.0,9.21954,10.0,10.0,9.21954,10.0,9.21954,9.89949,8.48528,8.48528,8.48528,8.48528,9.21954,8.48528,7.81025,7.81025,7.81025,7.2111,7.2111,7.2111,6.7082,7.61577,7.28011,51.47815,54.12947,57.21888,51.0392,47.01064,51.0,46.27094,52.00961,47.09565,52.03845,50.35871,53.46027,54.58938,47.85394,53.33854,54.34151,58.24946,56.51548,50.63596,54.81788,57.97413,50.35871,51.5461,50.59644,48.27007,52.20153,49.98,52.88667,56.61272,59.46427,50.59644,55.36244,47.80167,54.57105,51.86521,46.57252,52.39275,48.08326,47.53946,49.33559,48.08326,49.81967,41.7732,49.0306,45.89118,41.7732,45.17743,40.60788,38.32754,39.29377,40.11234,38.20995,35.22783,31.0,34.23449,34.36568,32.28002,26.68333,26.07681,24.33105,27.0,29.0,30.06659,32.06244,35.22783,41.19466,37.33631,47.85394,46.09772,51.24451,49.65884,48.75449,47.41308,56.85948,48.37355,58.66856,57.70615,53.22593,55.9464,51.31277,57.00877,59.5483,61.29437,53.90733,55.31727,53.15073,57.80138,47.20169,59.66574,51.22499,51.40039,55.21775,50.47772,54.91812,57.98276,53.33854,53.33854,53.85165,53.23533,58.13777,51.07837,53.7122,57.93962,55.03635,57.00877,52.0,54.23099,56.36488,55.54278,54.42426,49.76947,56.61272,54.08327,48.38388
9.48683,9.48683,8.94427,9.84886,9.84886,8.544,9.84886,8.94427,9.84886,10.29563,10.29563,10.29563,10.29563,9.43398,10.29563,10.81665,10.0,9.43398,10.0,9.43398,9.43398,10.0,8.60233,10.63015,10.0,10.0,10.0,11.40175,10.0,10.0,9.21954,10.0,9.43398,9.43398,8.60233,8.60233,9.43398,8.94427,8.94427,8.06226,8.06226,7.61577,8.06226,6.7082,7.28011,6.32456,7.28011,6.32456,6.08276,7.07107,6.0,6.0,52.34501,51.22499,52.43091,50.32892,57.62812,55.47071,48.33218,51.07837,52.80152,52.55473,48.76474,49.73932,59.5063,53.66563,50.92151,59.13544,58.87274,58.82176,56.46238,54.42426,61.98387,50.96077,52.88667,50.69517,53.31041,56.61272,50.28916,53.85165,51.86521,56.88585,54.40588,55.54278,53.14132,57.56735,48.08326,49.24429,55.08176,52.0,47.16991,45.88028,46.61545,44.29447,44.59821,50.53712,48.30114,44.29447,43.04649,45.27693,43.41659,32.44996,42.19005,35.80503,41.34005,34.20526,34.82815,35.0,33.6006,22.56103,28.28427,25.96151,35.1141,31.38471,34.43835,30.8707,34.48188,42.94182,42.54409,40.81666,45.0,46.64762,49.67897,49.57822,48.79549,59.46427,50.60632,48.16638,54.20332,51.62364,58.66856,57.14018,53.23533,56.36488,55.75841,53.66563,56.79789,52.35456,59.9333,47.50789,52.83938,54.58938,51.47815,55.9017,51.88449,54.20332,56.85948,52.15362,56.85948,59.07622,56.0803,56.60389,57.2014,54.40588,55.97321,52.63079,53.41348,55.22681,50.44799,54.03702,60.1415,57.62812,49.57822,57.98276,56.58622,54.56189
9.21954,8.60233,9.43398,10.0,9.43398,9.43398,10.29563,8.94427,9.84886,10.29563,10.29563,9.84886,10.29563,9.84886,9.43398,10.77033,9.48683,9.48683,9.48683,9.84886,9.84886,10.44031,8.544,10.44031,9.84886,9.48683,9.48683,10.44031,10.44031,10.19804,9.48683,9.48683,9.48683,8.544,9.48683,8.544,9.48683,8.94427,8.544,7.61577,7.61577,7.61577,8.06226,6.7082,6.7082,6.7082,7.2111,7.2111,6.40312,6.40312,5.65685,5.65685,47.38143,50.80354,57.00877,46.32494,52.55473,51.0,52.39275,58.30952,56.4358,55.47071,57.14018,55.07268,61.91123,51.47815,56.79789,53.60037,62.1289,53.60037,59.36329,55.0,58.24946,55.75841,57.48913,56.61272,54.20332,59.90826,49.20366,57.38467,55.22681,56.56854,52.49762,50.93133,53.00943,57.2014,50.32892,54.67175,53.15073,52.63079,52.83938,51.40039,50.80354,47.50789,48.37355,52.43091,47.42362,47.01064,42.94182,41.62932,43.04649,38.07887,35.4683,38.58756,32.57299,34.20526,33.95585,33.24154,33.06055,22.2036,25.23886,26.92582,32.24903,31.38471,36.71512,31.38471,34.78505,39.81206,41.97618,42.44997,45.35416,55.7853,51.97115,50.01,49.36598,58.03447,53.15073,54.33231,55.22681,58.42089,58.69412,55.7315,55.57877,56.08921,60.40695,52.63079,58.0517,51.41984,58.94065,48.76474,58.24088,52.17279,50.63596,56.56854,52.03845,49.64877,50.24938,49.16299,52.08647,53.08484,57.00877,57.14018,54.14795,54.08327,54.14795,57.0,55.22681,52.00961,59.07622,54.08327,54.23099,59.0,50.15974,62.28965,58.30952,57.55867
9.21954,8.48528,10.0,9.21954,10.0,9.21954,10.0,9.43398,10.0,9.43398,10.0,10.81665,10.0,9.43398,9.43398,10.29563,9.84886,9.43398,9.84886,9.84886,10.29563,9.84886,8.94427,9.84886,9.84886,9.84886,9.84886,10.77033,9.84886,10.44031,8.94427,9.84886,9.84886,8.94427,8.544,8.94427,8.94427,8.06226,8.06226,8.06226,8.06226,8.06226,8.06226,7.2111,7.2111,7.2111,6.40312,6.40312,6.40312,7.07107,6.40312,5.0,57.07013,51.66237,52.61179,48.83646,50.63596,52.23983,54.08327,54.0,54.00926,52.03845,50.08992,49.16299,52.23983,55.57877,57.07889,56.29387,61.98387,56.08921,57.55867,55.9017,61.61169,54.14795,56.04463,53.60037,53.60037,60.63827,52.7731,56.32051,55.31727,55.08176,53.45091,54.58938,53.75872,58.94065,50.96077,52.95281,55.31727,51.66237,53.23533,47.38143,48.25971,49.64877,49.81967,47.04253,48.16638,45.01111,44.04543,43.10452,44.04543,39.11521,39.11521,39.0,36.12478,38.20995,38.63936,35.17101,34.17601,26.57066,27.20294,29.61419,29.61419,30.41381,33.0,35.0571,39.05125,45.09989,42.29657,44.18144,44.55334,51.62364,53.75872,54.08327,52.20153,54.78138,49.65884,54.56189,52.3259,52.83938,61.29437,51.97115,56.93856,58.13777,55.56978,53.07542,58.89822,52.63079,53.60037,47.50789,54.81788,53.25411,54.3783,52.63079,53.53504,47.88528,51.86521,53.7122,59.48109,56.4358,52.80152,53.85165,57.27128,51.89412,53.85165,55.71355,56.79789,57.58472,53.48832,54.40588,55.71355,58.30952,50.59644,56.85948,53.93515,55.7853
9.21954,9.43398,8.94427,10.29563,8.94427,9.43398,9.84886,8.94427,10.29563,8.94427,10.29563,9.84886,9.84886,9.84886,9.84886,10.77033,9.84886,8.94427,9.48683,9.48683,9.48683,9.48683,9.84886,9.48683,9.84886,10.77033,9.48683,9.84886,10.44031,9.48683,9.84886,9.48683,9.48683,8.544,8.94427,8.94427,9.43398,8.94427,8.06226,8.06226,8.06226,8.60233,8.60233,7.81025,7.81025,6.40312,7.07107,7.07107,7.07107,7.07107,7.2111,5.83095,49.0,48.25971,56.22277,54.34151,50.35871,49.47727,48.05206,51.78803,46.32494,54.40588,55.08176,54.70832,57.87055,52.20153,58.18935,57.77543,57.93962,51.07837,48.70318,56.61272,65.9242,55.02727,53.22593,51.89412,51.07837,52.80152,54.12947,57.70615,52.3259,60.03332,56.79789,54.20332,52.3259,55.47071,50.11986,53.66563,50.24938,52.3259,45.54119,49.39636,49.0408,52.49762,44.59821,45.54119,47.53946,45.54119,50.44799,43.41659,41.48494,39.31921,38.07887,34.1321,36.87818,37.05401,36.01389,37.0,33.37664,26.92582,28.23119,27.73085,28.63564,31.38471,31.57531,32.89377,37.85499,41.7732,41.30375,48.04165,48.09366,51.08816,54.08327,54.14795,52.95281,57.42822,54.57105,53.15073,55.08176,57.28001,60.74537,58.18935,55.97321,59.05929,59.13544,60.37384,55.4617,51.47815,55.15433,51.47815,58.13777,53.85165,55.00909,59.09315,54.78138,49.0408,55.36244,51.07837,56.61272,55.36244,57.00877,56.32051,55.54278,56.75385,61.61169,56.29387,52.39275,55.9017,61.0,54.74486,55.14526,58.85576,48.25971,54.74486,50.24938,57.87055
8.94427,10.29563,8.60233,9.43398,9.43398,9.43398,10.0,10.0,10.0,9.21954,10.0,10.63015,10.0,10.0,10.0,10.63015,10.63015,9.21954,9.89949,9.89949,9.21954,9.89949,9.21954,9.89949,9.89949,9.89949,10.63015,9.89949,10.63015,9.89949,9.21954,9.89949,9.89949,9.21954,9.21954,9.21954,9.21954,8.60233,8.60233,8.60233,8.06226,8.60233,8.06226,7.2111,8.06226,7.2111,6.7082,6.7082,6.7082,6.7082,6.32456,6.08276,45.60702,46.75468,48.83646,45.27693,55.22681,53.90733,50.44799,55.44367,47.16991,49.73932,49.73932,52.15362,54.58938,51.31277,51.10773,56.35601,56.0803,53.85165,52.47857,50.24938,57.70615,50.9902,49.98,51.10773,48.30114,55.22681,47.01064,48.33218,51.47815,54.626,55.54278,55.00909,52.7731,52.80152,48.10405,43.04649,48.8774,48.75449,48.02083,50.11986,48.01042,48.9183,45.0,46.64762,46.87217,42.72002,41.23106,41.10961,41.23106,40.0,39.62323,36.06938,33.30165,31.89044,34.82815,32.75668,33.83785,25.29822,27.313,26.92582,29.52965,29.41088,32.64966,31.76476,38.83298,44.40721,38.94868,45.27693,44.59821,55.86591,51.08816,51.0392,48.02083,59.90826,50.77401,52.15362,56.85948,52.3259,57.27128,54.78138,56.64804,60.72891,57.27128,57.00877,56.32051,51.5461,56.04463,53.45091,57.56735,52.20153,52.49762,54.12024,54.42426,51.26402,54.23099,50.53712,57.38467,56.0803,55.00909,55.15433,50.60632,51.47815,53.66563,52.80152,56.30275,51.97115,55.9017,53.33854,58.5235,55.9464,50.47772,56.82429,55.21775,48.82622
9.05539,9.0,9.0,9.0,9.0,9.0,9.05539,9.05539,9.05539,9.05539,10.04988,10.04988,10.04988,9.05539,9.05539,10.19804,9.21954,9.21954,9.21954,9.21954,9.05539,9.21954,9.21954,9.21954,9.21954,9.21954,9.21954,10.19804,9.21954,9.48683,9.21954,9.21954,9.21954,9.21954,9.21954,9.21954,9.05539,8.06226,8.06226,8.06226,8.0,8.0,7.0,7.0,7.0,6.0,7.0,6.08276,6.08276,6.08276,6.32456,5.38516,51.1957,51.62364,57.69749,48.37355,52.83938,51.10773,50.08992,55.07268,54.3783,51.61395,50.60632,52.43091,58.25805,53.25411,54.08327,58.25805,57.62812,55.22681,55.0,54.40588,55.86591,53.41348,53.8145,52.49762,50.32892,57.48913,56.63921,61.55485,57.80138,60.20797,51.08816,53.75872,55.97321,56.63921,51.62364,50.44799,50.0,48.82622,54.03702,47.63402,47.63402,51.10773,48.25971,46.14109,50.11986,49.1935,45.65085,44.41846,45.27693,38.27532,37.73592,38.48376,44.28318,34.48188,33.83785,34.9285,34.20526,26.24881,27.20294,29.73214,32.64966,31.1127,34.05877,35.35534,36.12478,42.80187,42.54409,44.41846,44.72136,53.22593,52.81098,52.20153,51.1957,55.08176,48.50773,52.63079,56.22277,52.03845,61.29437,53.15073,60.13319,59.4138,62.07254,55.00909,57.03508,55.08176,60.20797,48.0,58.03447,52.46904,57.00877,55.22681,56.00893,52.08647,56.00893,55.00909,56.0803,59.21149,57.31492,53.23533,57.42822,56.4358,54.34151,54.74486,53.93515,50.80354,56.7186,53.15073,53.93515,58.69412,51.92302,55.7853,56.04463,49.24429
10.04988,10.19804,10.19804,10.19804,10.19804,10.19804,10.44031,10.44031,10.44031,10.44031,11.40175,11.7047,10.44031,10.44031,10.44031,12.08305,10.77033,10.77033,9.84886,10.77033,10.77033,10.77033,9.84886,11.18034,11.18034,11.18034,11.6619,11.18034,11.18034,10.29563,9.84886,9.84886,10.29563,9.84886,9.84886,9.84886,10.77033,9.48683,9.48683,9.48683,9.48683,9.48683,8.24621,8.24621,8.24621,8.24621,8.06226,8.06226,8.06226,8.0,8.0,7.0,42.0119,52.00961,53.03772,50.24938,54.03702,50.0,53.00943,53.25411,52.69725,53.25411,53.33854,51.47815,52.47857,54.08327,55.03635,57.3062,60.37384,51.89412,51.47815,57.69749,56.64804,59.03389,52.20153,55.15433,52.80152,58.18075,58.30952,57.48913,54.23099,60.08328,50.92151,57.00877,52.39275,54.70832,54.08327,54.58938,54.12024,50.08992,48.76474,51.07837,53.85165,50.53712,47.16991,48.37355,45.80393,47.88528,43.56604,44.65423,37.20215,40.60788,39.40812,35.38361,38.20995,38.94868,37.64306,40.36087,35.60899,28.30194,27.313,30.01666,30.8707,30.23243,36.40055,36.61967,35.8469,44.65423,40.36087,45.34314,46.09772,49.51767,49.40648,46.64762,54.91812,53.41348,57.14018,56.4358,57.69749,53.48832,60.16644,61.40033,62.29767,56.61272,57.93962,57.24509,58.24088,60.16644,58.18935,53.75872,58.0517,58.5235,56.30275,55.97321,57.77543,54.626,58.30952,52.92447,59.03389,57.93962,57.98276,60.37384,60.37384,54.12024,62.20129,58.66856,57.45433,57.24509,61.29437,56.0357,57.14018,56.30275,57.80138,64.40497,57.14018,57.62812
9.21954,9.21954,9.43398,10.0,8.60233,9.43398,9.43398,9.43398,9.43398,9.43398,10.29563,9.84886,10.29563,10.29563,10.29563,9.84886,9.84886,8.94427,9.84886,9.84886,9.84886,9.84886,8.544,10.44031,9.84886,10.44031,9.48683,10.77033,10.77033,9.48683,9.84886,9.84886,9.84886,8.94427,8.544,8.544,8.94427,8.94427,8.06226,8.06226,8.06226,8.06226,8.06226,7.2111,7.2111,7.2111,6.40312,6.40312,6.40312,6.40312,6.40312,5.83095,55.7315,49.24429,57.00877,49.16299,47.01064,47.0,54.23099,54.08327,49.16299,55.00909,51.78803,51.41984,56.56854,58.85576,53.60037,52.7731,59.68249,55.54278,52.7731,55.97321,63.06346,51.62364,55.02727,55.7853,52.63079,55.65968,53.45091,54.626,55.65968,57.93962,50.92151,53.7122,55.54278,60.72891,49.76947,60.08328,56.0803,55.15433,55.9017,47.12749,48.38388,47.38143,48.50773,48.6621,47.67599,46.87217,45.39824,41.30375,42.95346,39.11521,38.63936,35.51056,38.47077,35.0571,38.0526,34.36568,34.52535,24.73863,28.28427,30.08322,31.40064,29.06888,33.01515,36.49658,36.22154,38.11824,39.20459,41.97618,43.73786,50.63596,49.72927,51.62364,51.24451,54.08327,50.9902,54.12947,53.66563,53.85165,56.82429,52.47857,60.53924,56.85068,57.68882,51.22499,60.46487,55.80323,59.64059,45.80393,58.00862,55.0,52.69725,55.75841,51.10773,52.35456,56.93856,54.56189,54.56189,57.98276,54.626,59.03389,50.60632,50.9902,57.24509,56.64804,54.08327,56.75385,58.5235,55.71355,56.30275,54.70832,50.92151,52.81098,58.24088,55.36244
9.43398,10.0,9.21954,10.0,10.0,10.0,10.63015,10.63015,9.89949,9.89949,10.63015,11.31371,10.63015,9.89949,9.89949,11.31371,10.63015,10.63015,10.63015,10.0,10.0,10.0,10.0,10.0,10.0,11.40175,10.81665,10.63015,10.81665,10.81665,10.0,10.0,10.0,9.21954,10.0,9.21954,9.89949,8.48528,8.48528,8.48528,8.48528,9.21954,8.48528,8.48528,7.81025,7.81025,7.2111,7.2111,7.2111,7.2111,6.7082,6.32456,47.42362,49.1935,49.64877,50.15974,52.39275,53.36666,47.12749,51.92302,47.51842,54.91812,50.21952,50.24938,57.55867,46.69047,55.9017,51.0392,59.5399,55.03635,55.57877,54.14795,61.0082,54.23099,52.00961,52.23983,50.24938,54.23099,50.08992,51.0098,51.35173,58.07753,54.03702,56.00893,52.23983,55.03635,49.0408,51.62364,49.49747,53.00943,51.97115,53.33854,48.01042,46.09772,51.78803,51.66237,45.89118,45.35416,46.87217,39.21734,43.68066,41.76123,40.8534,40.16217,34.17601,32.31099,35.35534,37.44329,35.60899,23.08679,27.07397,27.0,30.06659,27.01851,37.01351,35.69314,35.69314,45.12206,38.83298,44.38468,48.10405,50.44799,54.12947,48.02083,46.87217,55.75841,49.09175,52.43091,54.48853,54.20332,59.46427,53.90733,54.45181,56.72742,57.38467,53.07542,61.55485,54.20332,58.69412,48.83646,59.20304,54.56189,50.20956,54.67175,57.31492,50.93133,56.0803,49.51767,59.39697,55.86591,51.40039,55.22681,52.43091,54.40588,51.0392,57.68882,56.60389,53.25411,55.0,54.6443,55.75841,59.68249,48.30114,58.5235,52.69725,48.82622
10.19804,10.44031,9.84886,10.44031,9.48683,10.44031,9.84886,9.84886,10.77033,9.84886,10.77033,11.18034,10.77033,10.29563,9.84886,11.18034,10.29563,10.29563,10.29563,10.29563,9.84886,10.29563,10.29563,10.29563,10.29563,10.29563,10.81665,10.29563,11.18034,10.29563,9.84886,10.29563,10.29563,9.84886,9.84886,9.84886,9.84886,9.48683,8.544,8.544,8.544,9.21954,8.24621,8.24621,8.06226,7.28011,8.06226,7.07107,7.07107,7.0,7.0,7.07107,48.16638,44.55334,48.79549,49.0408,51.40039,47.63402,50.21952,53.41348,50.77401,50.21952,52.7731,51.47815,54.12024,54.70832,54.58938,56.85948,60.90156,53.22593,55.07268,53.85165,60.40695,51.07837,55.54278,52.20153,52.7731,54.12024,44.27189,55.65968,51.62364,53.48832,51.47815,60.41523,51.89412,52.81098,50.96077,55.4617,53.85165,54.23099,50.11986,47.16991,49.1935,50.60632,44.41846,48.37355,44.29447,46.32494,44.40721,43.26662,38.41875,35.22783,39.20459,36.06938,37.48333,38.20995,36.12478,35.38361,34.48188,23.5372,27.20294,26.41969,29.96665,33.12099,34.66987,34.66987,34.66987,43.60046,41.03657,43.86342,45.60702,52.49762,52.63079,50.60632,50.0,57.42822,52.83938,54.70832,56.35601,54.12024,60.16644,56.0803,58.69412,60.40695,59.48109,61.13101,60.08328,55.36244,59.46427,50.92151,60.72891,57.87055,53.14132,58.18935,57.00877,54.12947,57.69749,54.626,59.09315,57.27128,60.41523,59.94164,58.66856,55.22681,52.47857,59.05929,54.08327,57.45433,59.68249,54.3783,58.13777,56.4358,51.97115,61.29437,55.80323,52.69725
8.94427,9.43398,8.60233,9.43398,9.43398,9.43398,10.0,9.21954,10.0,9.21954,10.0,10.63015,10.0,9.21954,9.21954,9.89949,9.89949,9.89949,9.89949,9.89949,9.21954,9.89949,9.89949,9.21954,9.89949,9.89949,9.89949,9.89949,9.89949,9.21954,9.21954,9.21954,9.21954,8.48528,9.89949,9.21954,9.21954,7.81025,7.81025,7.81025,7.81025,8.60233,7.81025,7.2111,7.2111,7.2111,7.2111,6.7082,6.7082,6.7082,6.32456,6.32456,49.24429,51.42956,50.15974,47.85394,52.80152,54.23099,52.0,51.26402,51.24451,50.69517,51.24451,50.24938,57.27128,52.95281,53.75872,56.7186,57.42822,56.7186,55.10898,57.55867,61.40033,49.64877,55.03635,54.45181,52.17279,57.55867,52.15362,56.00893,53.60037,59.0,54.03702,57.07889,51.97115,53.46027,52.03845,51.78803,50.24938,50.48762,50.44799,47.38143,52.61179,53.93515,46.32494,47.29693,46.84015,47.29693,45.88028,40.5216,42.37924,40.49691,40.16217,40.8534,40.70626,34.48188,36.67424,39.20459,36.23534,25.17936,28.16026,25.17936,31.7805,29.61419,37.85499,34.48188,34.78505,44.94441,41.78516,42.54409,47.42362,50.60632,49.24429,52.20153,50.0,58.60034,52.3259,52.40229,56.56854,56.58622,58.0,58.72819,60.1415,58.82176,60.959,59.20304,54.03702,56.93856,60.74537,49.20366,56.30275,53.25411,53.60037,56.60389,54.67175,55.9017,58.69412,57.31492,57.31492,59.03389,60.81118,57.31492,58.72819,59.66574,56.30275,55.0,59.46427,56.85068,55.22681,53.41348,55.21775,54.81788,56.22277,58.5235,56.0357,47.43416
9.48683,9.48683,10.19804,10.44031,10.19804,10.19804,10.19804,10.19804,10.19804,10.04988,11.18034,11.04536,11.18034,10.04988,10.04988,11.04536,10.04988,10.04988,10.0,10.04988,10.04988,10.0,10.04988,11.0,10.0,11.0,10.0,11.0,11.0,10.0,10.04988,10.0,10.0,9.05539,10.0,9.05539,10.04988,9.21954,9.21954,9.21954,9.21954,9.21954,8.24621,8.24621,8.24621,7.28011,7.28011,7.61577,7.61577,7.61577,7.2111,7.2111,55.14526,51.47815,51.41984,47.12749,55.54278,50.59644,52.20153,55.97321,50.56679,49.24429,49.73932,49.92995,53.7122,52.35456,54.12024,54.08327,59.16925,55.22681,50.11986,52.47857,59.81639,52.83938,55.0,52.69725,57.68882,57.98276,48.54894,60.21628,52.43091,54.03702,54.08327,53.82379,53.0,53.41348,49.81967,54.20332,49.73932,51.0,52.47857,48.37355,49.92995,46.04346,44.28318,46.61545,43.46263,43.86342,42.15448,48.46648,38.07887,37.64306,34.78505,35.8469,37.10795,35.51056,38.32754,36.01389,37.0,23.34524,28.01785,26.62705,32.24903,30.41381,33.6006,34.9285,33.10589,42.05948,43.32436,47.53946,47.29693,53.45091,51.97115,53.33854,48.04165,57.00877,52.0,56.0803,55.22681,55.44367,64.28063,56.51548,60.67125,60.41523,62.20129,55.08176,59.90826,58.18935,59.22837,49.64877,57.28001,52.95281,56.88585,58.24946,56.75385,54.74486,54.57105,54.74486,60.29925,55.22681,60.29925,59.3043,60.07495,57.07889,54.14795,54.14795,58.0,57.03508,59.00847,56.14268,57.21888,57.00877,54.23099,61.0082,62.07254,54.23099
9.21954,9.21954,9.05539,9.21954,9.21954,9.21954,9.05539,9.05539,10.04988,9.05539,10.04988,10.0,10.0,10.0,10.04988,10.0,10.0,9.0,10.04988,10.0,9.0,10.0,9.0,10.04988,10.04988,10.04988,10.04988,10.04988,10.04988,9.05539,9.0,10.0,9.0,9.0,9.0,9.0,9.05539,8.06226,8.06226,8.06226,8.06226,8.24621,8.06226,7.07107,7.28011,7.28011,7.28011,6.7082,6.32456,6.7082,6.7082,5.83095,55.08176,45.88028,52.20153,49.98,54.78138,58.30952,50.53712,55.47071,51.31277,55.9017,51.42956,54.91812,58.66856,47.70744,52.3259,58.41233,58.24946,53.41348,57.14018,54.20332,62.20129,49.09175,58.13777,54.56189,53.60037,52.20153,50.60632,55.15433,52.00961,58.72819,53.2635,57.00877,50.0,56.0803,49.51767,52.69725,51.08816,51.85557,53.82379,50.0,46.87217,52.7731,46.14109,48.54894,44.41846,45.65085,42.48529,38.07887,40.8534,39.92493,40.71855,38.27532,33.10589,32.64966,37.85499,36.34556,34.05877,25.23886,30.41381,25.55386,30.23243,30.0,35.8469,33.01515,35.8469,41.59327,35.77709,45.31004,42.72002,49.76947,53.93515,51.97115,49.09175,62.39391,50.08992,56.32051,56.22277,54.03702,55.08176,54.23099,59.3043,57.31492,60.07495,60.53098,62.16912,53.93515,63.63961,47.26521,58.24946,57.31492,52.15362,56.4358,56.4358,49.16299,59.21149,55.00909,58.00862,58.00862,57.00877,60.03332,52.0,58.07753,52.08647,59.00847,59.3043,53.93515,52.34501,57.55867,58.21512,62.1289,51.0098,54.00926,60.67125,50.48762
10.63015,10.0,10.0,10.0,10.0,10.0,10.81665,10.29563,10.81665,10.29563,10.81665,11.18034,10.81665,11.18034,10.29563,11.18034,11.18034,10.29563,9.84886,9.84886,10.29563,10.77033,10.29563,10.77033,10.77033,10.77033,10.77033,11.18034,10.77033,10.77033,9.84886,10.29563,9.84886,9.84886,10.29563,9.43398,10.29563,9.43398,9.43398,9.43398,8.60233,8.60233,8.60233,7.81025,7.81025,7.81025,7.81025,7.07107,7.07107,7.07107,6.40312,6.40312,51.62364,47.92703,52.92447,51.66237,51.62364,52.88667,52.34501,54.58938,47.16991,54.58938,55.57877,54.03702,61.03278,54.03702,53.08484,56.00893,59.00847,57.00877,54.00926,59.00847,61.0082,51.0,54.33231,54.0,52.03845,53.00943,53.23533,53.46027,49.0408,58.42089,55.00909,58.07753,51.0392,55.08176,52.34501,51.15662,53.46027,55.14526,48.04165,52.03845,49.16299,53.03772,45.09989,46.17359,45.04442,45.09989,46.17359,41.4367,42.42641,39.29377,41.4367,40.31129,35.69314,35.44009,38.27532,34.17601,35.8469,26.30589,26.01922,25.07987,29.01724,34.1321,31.14482,33.54102,36.49658,39.31921,44.38468,44.92215,47.16991,53.16014,47.53946,53.22593,51.10773,60.03332,55.47071,53.00943,52.63079,55.60576,55.97321,55.60576,58.41233,58.0517,54.70832,56.63921,56.56854,53.03772,55.15433,50.9902,58.0,55.31727,56.56854,60.82763,55.80323,49.20366,57.42822,57.2014,56.85948,60.80296,60.46487,60.21628,59.36329,54.70832,57.3062,58.83026,56.4358,54.20332,53.0,54.20332,62.64982,58.83026,49.65884,58.83026,59.9333,53.23533
9.21954,9.48683,9.48683,10.44031,9.48683,9.48683,9.48683,9.48683,9.48683,8.94427,10.29563,10.29563,10.29563,10.29563,9.84886,10.29563,10.29563,8.94427,9.43398,9.84886,9.84886,9.84886,8.94427,10.0,10.0,10.0,9.43398,10.29563,10.81665,9.43398,8.94427,9.84886,8.94427,8.94427,8.94427,8.94427,8.94427,8.544,8.94427,8.544,7.28011,8.544,7.28011,7.28011,7.28011,7.07107,7.07107,7.07107,6.08276,7.07107,6.0,6.0,52.15362,53.15073,56.56854,51.0392,55.31727,51.08816,52.49762,53.74012,50.93133,53.03772,53.07542,53.2635,54.45181,57.48913,53.15073,57.2014,63.41136,62.20129,52.63079,51.66237,62.80127,56.40035,52.69725,52.20153,57.38467,55.0,53.82379,54.08327,54.70832,55.22681,49.40648,56.0357,56.22277,54.40588,52.47857,48.01042,53.25411,49.92995,50.0,50.60632,48.25971,48.79549,49.57822,50.9902,47.01064,43.86342,45.45327,44.55334,36.06938,38.83298,36.40055,38.28838,40.60788,40.0,33.83785,37.21559,35.1141,23.25941,28.6531,29.68164,26.90725,33.6006,29.41088,36.23534,34.65545,41.03657,43.18565,44.68781,46.09772,52.40229,51.0392,47.50789,48.46648,55.4617,51.26402,51.47815,52.63079,54.40588,59.48109,53.36666,56.32051,54.81788,58.24088,56.08921,56.4358,54.58938,53.46027,48.83646,58.24946,54.74486,57.72348,56.7186,54.81788,50.69517,52.81098,55.71355,55.15433,58.30952,57.24509,58.82176,60.74537,53.14132,56.85948,55.71355,55.02727,57.27128,56.85948,57.38467,60.53924,58.30952,50.69517,59.05929,62.96825,57.45433
9.43398,10.0,10.0,10.81665,10.0,9.21954,9.89949,9.89949,9.89949,9.89949,10.63015,9.89949,10.63015,9.89949,9.89949,10.63015,10.0,9.21954,10.0,10.0,10.0,10.0,9.21954,10.0,10.63015,10.0,10.0,10.63015,10.63015,9.43398,9.21954,10.0,10.0,9.21954,9.21954,9.21954,9.89949,9.21954,8.48528,8.48528,8.48528,8.48528,8.48528,7.81025,7.81025,7.07107,7.2111,7.2111,6.7082,6.7082,6.32456,6.32456,55.9464,50.11986,53.48832,50.0,55.02727,51.07837,49.64877,60.20797,47.29693,51.41984,52.08647,54.58938,58.85576,48.50773,53.75872,54.03702,62.28965,58.13777,57.87055,51.78803,60.20797,53.08484,50.08992,53.15073,53.15073,57.07889,52.00961,60.00833,51.35173,54.03702,54.00926,52.0,51.0392,58.03447,53.08484,54.14795,54.03702,57.07889,51.15662,48.25971,46.01087,49.36598,48.83646,48.50773,48.50773,43.17407,44.38468,41.7732,39.62323,39.29377,40.79216,35.17101,34.48188,33.95585,36.40055,30.46309,34.98571,30.06659,24.5153,29.15476,31.14482,27.65863,33.24154,35.69314,37.36308,38.8973,40.16217,38.47077,42.95346,49.1935,48.01042,50.80354,52.20153,56.85068,50.32892,52.49762,55.17246,54.48853,60.81118,54.45181,53.8145,56.85068,50.93133,52.80152,57.00877,57.14018,56.85068,47.20169,60.44005,55.97321,50.20956,56.63921,54.45181,53.07542,53.74012,54.48853,57.48913,55.17246,56.0803,62.28965,59.81639,55.60576,53.90733,49.81967,57.70615,56.60389,61.58734,57.68882,51.86521,56.0357,54.91812,60.60528,60.53924,51.0
10.29563,10.29563,10.81665,10.81665,10.29563,10.81665,10.81665,10.81665,10.81665,10.0,11.40175,10.63015,10.81665,10.63015,10.63015,11.31371,9.89949,10.63015,9.89949,9.89949,9.89949,9.89949,9.89949,10.63015,10.63015,10.63015,10.63015,10.63015,10.63015,10.63015,9.89949,9.89949,9.89949,9.89949,9.89949,9.89949,10.0,9.21954,9.21954,8.60233,8.60233,9.43398,8.60233,8.60233,8.06226,7.2111,8.06226,7.61577,7.61577,7.61577,7.28011,7.28011,55.71355,48.8467,51.66237,53.75872,53.45091,53.60037,50.80354,50.63596,51.62364,52.95281,58.21512,51.0098,58.0,49.81967,51.35173,54.08327,58.00862,53.03772,53.23533,54.0,60.0,49.0102,51.15662,50.01,51.15662,52.00961,51.0,53.60037,55.08176,55.7315,50.15974,57.21888,50.08992,54.33231,51.41984,48.01042,54.08327,52.08647,48.04165,50.03998,46.04346,51.15662,45.04442,50.08992,42.19005,43.18565,44.72136,40.1995,40.26164,36.49658,39.20459,39.62323,34.53983,34.48188,34.20526,32.31099,35.0,24.18677,29.06888,29.15476,31.06445,31.0,31.40064,32.01562,34.52535,40.26164,41.97618,42.15448,44.14748,48.76474,49.24429,48.76474,51.0,53.7122,51.89412,50.24938,55.44367,54.20332,56.72742,53.8145,49.81967,58.0517,58.41233,52.40229,57.31492,55.17246,58.72819,53.07542,61.52235,55.15433,52.34501,54.56189,53.8145,54.20332,53.82379,55.21775,64.40497,61.61169,56.0803,58.60034,56.30275,56.40035,51.88449,55.47071,55.56978,54.20332,58.13777,56.0803,56.35601,60.41523,55.07268,59.03389,63.97656,51.26402
9.0,9.0,9.05539,10.04988,9.05539,9.05539,10.04988,9.05539,10.19804,9.21954,10.04988,10.19804,10.19804,10.19804,10.19804,10.44031,10.44031,9.48683,9.48683,9.48683,9.48683,9.48683,9.48683,9.48683,9.48683,9.84886,9.84886,10.44031,10.44031,9.84886,9.48683,9.48683,9.48683,8.544,9.48683,9.48683,9.21954,8.24621,8.24621,8.24621,8.24621,8.24621,8.24621,7.28011,7.07107,7.07107,7.07107,6.08276,6.0,6.0,6.08276,6.08276,51.89412,55.9464,54.67175,45.22168,50.44799,54.67175,53.90733,55.31727,53.07542,57.38467,54.67175,54.45181,57.62812,58.0,55.31727,54.6443,59.20304,59.40539,52.80152,55.47071,55.56978,55.97321,57.80138,58.24946,53.82379,55.75841,55.22681,56.35601,55.47071,60.41523,53.66563,57.24509,54.20332,55.07268,52.0,53.53504,57.98276,52.35456,50.24938,43.56604,50.47772,52.69725,50.24938,47.43416,45.22168,48.25971,43.93177,46.40043,43.27817,40.45986,37.48333,39.05125,37.48333,38.94868,41.23106,36.05551,33.61547,27.80288,29.20616,30.41381,34.05877,32.80244,29.20616,31.14482,39.05125,43.41659,39.96248,46.52956,48.37355,55.00909,50.56679,45.88028,53.14132,53.16014,50.96077,54.81788,54.74486,54.91812,53.33854,59.4138,60.53098,60.03332,60.01666,55.22681,55.3263,54.23099,59.3043,49.25444,58.30952,56.22277,50.35871,59.5399,54.57105,53.36666,56.51548,52.17279,61.61169,56.04463,55.36244,53.75872,61.40033,58.30952,54.20332,56.46238,55.71355,55.02727,60.72891,58.18075,58.18075,55.47071,55.00909,59.03389,55.22681,57.24509
9.21954,9.05539,10.04988,10.04988,10.04988,9.05539,10.0,9.05539,10.0,10.0,10.04988,10.0,10.0,10.0,10.0,11.04536,10.04988,10.0,9.05539,10.04988,9.05539,9.05539,9.05539,10.04988,10.04988,10.04988,9.21954,10.19804,10.19804,10.19804,9.05539,10.04988,9.05539,9.05539,9.05539,9.0,9.0,9.0,8.0,8.0,8.0,8.06226,8.06226,7.07107,7.07107,7.07107,7.07107,7.07107,6.32456,6.32456,6.7082,5.83095,50.47772,47.41308,52.00961,50.24938,47.43416,53.2635,53.03772,60.82763,46.66905,55.86591,52.34501,55.86591,57.00877,52.34501,51.73973,59.64059,62.00806,58.60034,52.63079,55.80323,62.42596,48.9183,57.80138,52.83938,53.85165,53.60037,49.64877,57.80138,55.47071,58.83026,51.31277,55.80323,47.70744,54.20332,45.17743,51.62364,54.70832,48.25971,53.41348,51.73973,46.32494,47.63402,48.41487,46.40043,44.59821,45.25483,46.01087,41.86884,40.60788,37.48333,37.64306,42.43819,34.71311,36.23534,35.8469,35.0,33.54102,25.94224,25.94224,26.41969,29.52965,29.06888,33.94113,33.30165,35.60899,38.20995,39.59798,45.80393,41.03657,53.07542,47.85394,47.16991,48.37355,56.82429,48.10405,55.15433,51.5461,50.96077,57.28001,51.62364,58.69412,56.7186,55.7853,53.60037,57.48913,54.45181,60.87693,48.37355,57.27128,54.91812,52.61179,57.27128,53.85165,50.9902,58.24088,50.59644,55.65968,53.16014,56.921,57.93962,55.36244,52.92447,59.5063,52.39275,52.83938,56.36488,57.69749,50.56679,55.75841,56.85948,56.64804,55.03635,60.03332,50.60632
8.48528,8.48528,9.21954,9.89949,9.21954,9.21954,9.21954,8.60233,9.21954,9.21954,9.21954,10.0,10.0,10.0,9.21954,9.43398,9.43398,8.06226,9.43398,9.43398,9.43398,9.43398,8.06226,9.43398,9.43398,8.94427,8.94427,10.29563,10.29563,8.94427,9.43398,8.94427,8.94427,8.06226,8.06226,8.06226,8.60233,8.60233,7.81025,7.81025,7.2111,7.81025,7.81025,7.2111,6.40312,6.40312,6.40312,6.40312,6.40312,5.83095,5.83095,5.83095,52.49762,54.74486,53.33854,51.24451,58.03447,50.15974,57.00877,57.14018,57.00877,52.0,57.07889,51.0392,59.13544,57.31492,55.44367,62.58594,54.91812,58.85576,53.75872,54.34151,58.0517,58.30952,54.81788,55.7853,51.1957,60.87693,52.20153,58.5235,57.56735,52.81098,49.0306,50.0,57.07013,54.40588,54.40588,52.95281,57.87055,54.81788,51.66237,51.1957,50.28916,48.16638,46.27094,51.62364,43.10452,44.18144,41.10961,45.09989,37.21559,41.10961,39.31921,36.12478,39.05125,39.0,39.11521,37.48333,31.95309,25.96151,25.17936,28.63564,29.15476,33.01515,30.06659,37.48333,37.0,42.10701,41.23106,45.89118,45.60702,52.63079,50.32892,46.09772,55.03635,55.9017,54.70832,50.56679,54.70832,56.0803,59.07622,52.43091,58.60034,59.40539,55.47071,54.56189,53.07542,56.85068,54.40588,48.60041,55.60576,54.91812,51.86521,53.82379,54.91812,57.3062,53.85165,54.3783,57.70615,55.00909,60.41523,51.0,57.24509,55.9017,50.44799,56.30275,55.54278,57.28001,59.23681,58.69412,53.16014,54.08327,54.23099,57.93962,55.54278,58.87274
9.05539,9.05539,10.04988,10.04988,10.04988,9.05539,10.0,10.0,10.0,10.0,10.0,11.0,10.0,10.0,10.0,11.04536,10.04988,10.04988,10.04988,10.04988,10.04988,10.04988,9.05539,10.04988,10.04988,10.19804,10.19804,11.04536,10.04988,10.19804,9.05539,10.04988,9.05539,9.05539,9.05539,9.05539,10.0,9.0,8.0,8.0,8.0,8.0,8.0,7.07107,7.07107,7.07107,7.07107,7.07107,6.32456,6.32456,6.7082,5.38516,50.69517,51.24451,55.4617,52.92447,56.79789,52.15362,55.9464,54.12947,53.0,53.7122,53.00943,53.00943,57.14018,57.80138,55.47071,58.13777,60.60528,58.00862,53.41348,55.44367,58.72819,56.72742,52.3259,53.90733,53.2635,57.38467,50.91169,55.86591,54.48853,55.86591,53.75872,51.73973,57.38467,54.48853,52.40229,48.41487,50.93133,53.2635,52.20153,50.9902,50.44799,48.83646,48.25971,47.43416,48.41487,45.22168,45.0,41.18252,39.40812,39.96248,35.8469,39.35734,34.88553,33.24154,34.0147,35.4683,34.52535,20.51828,22.80351,26.90725,33.6006,31.62278,31.90611,33.54102,35.8469,43.08132,38.27532,43.65776,45.31004,49.0408,48.6621,48.6621,55.3263,52.34501,49.09175,49.16299,48.0,58.07753,61.52235,55.00909,57.21888,55.44367,58.07753,55.9017,51.24451,55.7315,60.53098,46.38965,57.42822,56.7186,52.15362,52.46904,53.46027,54.08327,51.0392,52.00961,60.53098,57.03508,60.20797,56.22277,59.68249,52.15362,55.7853,56.08921,52.23983,56.4358,56.32051,51.47815,55.10898,56.56854,54.91812,63.56099,58.94065,61.03278
9.21954,9.21954,9.21954,9.21954,9.48683,9.21954,9.48683,9.48683,9.48683,9.48683,9.48683,9.84886,9.48683,9.84886,9.48683,9.84886,9.84886,8.94427,8.94427,9.84886,8.94427,9.43398,8.94427,9.43398,10.29563,10.29563,9.43398,10.29563,10.29563,9.43398,8.94427,8.94427,8.94427,8.06226,8.94427,8.94427,8.94427,8.544,7.61577,8.544,7.61577,8.544,7.61577,7.61577,7.28011,6.32456,7.28011,6.08276,6.08276,6.08276,6.0,6.0,51.62364,49.24429,55.47071,54.3783,54.20332,49.20366,52.47857,55.47071,51.86521,51.22499,54.67175,56.0803,58.79626,57.80138,54.56189,57.98276,64.3506,55.17246,53.07542,56.58622,58.79626,56.58622,49.67897,55.9017,54.56189,54.45181,53.75872,53.41348,55.17246,61.03278,51.08816,55.31727,50.20956,56.58622,50.0,55.22681,50.9902,53.8145,51.85557,50.93133,50.20956,51.85557,46.01087,47.42362,46.8615,47.70744,43.60046,44.77723,40.0,40.45986,40.81666,38.07887,40.24922,38.48376,38.07887,36.40055,34.52535,26.90725,27.65863,30.4795,31.1127,33.6006,30.41381,35.0,34.4093,43.56604,37.58989,41.59327,43.82921,50.53712,50.92151,51.41984,52.49762,55.71355,53.75872,52.7731,54.58938,54.08327,60.03332,56.0803,54.23099,55.03635,57.21888,52.08647,53.00943,55.00909,57.00877,52.08647,53.00943,56.0357,58.00862,56.14268,54.08327,53.15073,54.33231,49.0408,53.93515,52.34501,57.27128,52.17279,59.43904,52.49762,55.02727,51.1957,53.60037,55.08176,54.57105,52.88667,55.02727,58.94065,53.31041,55.36244,53.45091,56.75385
10.44031,10.19804,10.19804,10.19804,10.19804,10.19804,11.04536,10.04988,10.04988,10.04988,11.18034,11.04536,11.04536,10.04988,10.04988,11.0,10.0,10.0,10.0,10.0,10.0,10.0,10.0,11.0,11.0,11.0,10.04988,11.0,11.0,11.04536,10.0,10.0,10.0,10.0,10.0,10.0,10.04988,9.21954,9.05539,8.06226,9.05539,9.05539,9.21954,8.24621,8.24621,8.24621,7.28011,7.28011,7.61577,7.61577,6.7082,6.7082,53.31041,51.42956,54.40588,49.92995,46.2277,47.01064,52.00961,56.0803,50.80354,50.60632,48.79549,47.38143,57.28001,54.48853,52.40229,53.15073,58.69412,52.49762,51.62364,52.49762,57.62812,51.66237,53.00943,49.81967,50.32892,53.75872,50.0,54.81788,55.86591,54.08327,49.81967,52.20153,54.56189,53.60037,46.32494,50.9902,51.85557,50.80354,47.42362,49.40648,48.60041,46.66905,45.34314,46.01087,43.86342,43.13931,42.63801,44.04543,38.60052,39.05125,39.82462,38.60052,35.4683,32.24903,37.16181,34.0147,31.32092,24.83948,23.60085,24.75884,31.14482,32.52691,32.52691,38.01316,37.80212,42.0119,44.40721,45.79301,45.61798,49.73932,47.01064,46.8188,49.39636,52.92447,50.44799,50.44799,54.12947,52.39275,59.68249,52.61179,57.14018,61.20457,57.55867,52.15362,54.03702,52.08647,56.22277,51.0098,61.13101,55.22681,55.3263,56.22277,49.81967,53.60037,51.47815,52.95281,59.22837,52.95281,54.12024,55.10898,59.43904,51.41984,53.22593,52.49762,57.00877,54.08327,55.65968,58.18935,56.64804,51.86521,51.66237,59.46427,57.38467,54.23099
9.21954,9.89949,9.21954,9.89949,9.21954,9.21954,9.21954,10.0,10.0,10.0,10.63015,10.0,10.0,10.0,10.0,10.81665,9.43398,9.43398,9.43398,9.43398,9.43398,10.29563,9.43398,10.29563,10.29563,9.84886,9.84886,10.29563,10.29563,9.84886,9.43398,9.43398,9.43398,9.43398,8.94427,8.94427,8.60233,8.60233,8.60233,8.60233,7.81025,8.60233,7.81025,7.2111,7.07107,6.40312,7.07107,6.40312,6.40312,6.40312,5.83095,5.83095,52.80152,51.26402,52.63079,51.24451,53.60037,51.66237,51.97115,53.60037,55.44367,50.35871,55.03635,50.48762,56.0803,59.07622,53.08484,58.13777,59.00847,58.07753,56.00893,56.00893,59.0,53.03772,56.56854,55.22681,53.00943,53.15073,55.08176,62.80127,55.14526,58.42089,52.34501,55.22681,55.3263,58.85576,50.08992,47.01064,54.45181,52.15362,54.23099,47.16991,52.23983,48.0,49.0408,48.01042,49.25444,46.04346,45.39824,47.01064,35.17101,36.05551,37.33631,39.45884,39.62323,39.05125,40.71855,38.8973,34.43835,23.02173,28.01785,27.0,31.0,33.37664,34.05877,36.22154,35.44009,42.2019,42.72002,43.32436,43.65776,50.59644,46.95743,47.88528,55.75841,60.20797,51.85557,54.91812,54.67175,54.03702,58.0,58.0517,56.58622,55.86591,56.85068,51.22499,57.62812,58.79626,57.31492,48.83646,55.9017,56.63921,54.45181,55.9017,54.45181,51.08816,52.34501,52.49762,55.31727,56.0803,54.91812,54.20332,56.85948,51.10773,53.33854,55.47071,56.30275,58.59181,56.82429,55.47071,55.9464,55.60576,51.42956,58.59181,62.62587,54.626
9.89949,9.21954,10.0,9.21954,10.0,9.21954,10.0,9.43398,10.0,9.43398,10.0,10.29563,9.43398,9.43398,9.43398,10.29563,9.43398,9.43398,8.94427,8.94427,9.43398,9.84886,8.94427,9.84886,9.84886,9.84886,9.84886,9.84886,9.84886,9.84886,8.94427,8.94427,8.94427,8.94427,8.94427,9.43398,9.43398,8.60233,8.60233,8.60233,8.60233,7.81025,8.60233,7.07107,7.81025,6.40312,7.07107,7.07107,7.07107,6.40312,7.2111,5.83095,54.33231,48.83646,54.03702,55.03635,56.32051,53.23533,52.00961,50.35871,46.38965,54.12947,52.61179,52.95281,54.33231,52.95281,51.92302,56.64804,60.44005,53.16014,50.9902,57.87055,55.36244,54.34151,52.0,52.20153,50.69517,54.12024,50.69517,54.626,56.64804,61.26989,55.36244,55.9017,51.26402,51.89412,50.11986,50.0,50.92151,52.39275,50.44799,50.69517,47.75982,51.92302,45.88028,46.8188,46.57252,47.53946,42.72002,42.95346,41.59327,37.48333,43.04649,39.05125,35.69314,35.12834,34.0147,38.20995,33.06055,26.68333,28.28427,27.16616,26.07681,29.06888,35.0571,36.01389,40.1995,41.01219,42.29657,44.28318,45.17743,50.80354,49.72927,47.75982,50.69517,54.42426,54.56189,54.626,48.8467,53.7122,61.40033,55.22681,57.24509,56.61272,60.90156,56.30275,54.91812,56.0357,56.85948,52.43091,54.6443,52.63079,50.77401,57.14018,55.75841,53.66563,56.79789,51.47815,54.78138,54.56189,53.85165,59.61543,54.08327,57.28001,60.08328,55.54278,55.97321,51.24451,50.69517,53.36666,55.9017,57.48913,53.85165,60.87693,57.97413,53.60037
10.0,10.04988,10.04988,10.04988,10.04988,10.04988,10.19804,10.19804,10.19804,10.19804,11.18034,10.44031,10.19804,10.19804,10.19804,10.44031,10.44031,10.44031,9.48683,10.44031,9.48683,10.44031,9.48683,10.44031,10.44031,10.44031,9.84886,10.44031,10.44031,9.84886,9.48683,9.48683,9.48683,9.48683,9.48683,9.21954,10.19804,9.21954,8.24621,8.06226,8.06226,9.05539,9.05539,8.06226,8.06226,7.07107,8.0,7.0,7.0,7.07107,7.07107,7.28011,46.87217,55.47071,53.8145,49.51767,51.62364,44.20407,48.16638,50.32892,53.53504,47.43416,53.00943,51.86521,60.80296,56.61272,55.21775,50.60632,59.64059,54.91812,52.00961,59.40539,58.83026,54.70832,47.85394,50.77401,50.77401,56.93856,54.6443,53.33854,54.08327,50.9902,55.9464,52.35456,55.21775,51.47815,50.9902,45.80393,52.15362,53.25411,54.03702,49.39636,49.40648,46.04346,47.80167,46.61545,40.60788,50.44799,44.68781,43.93177,34.82815,38.20995,39.05125,37.53665,34.82815,34.71311,33.28663,36.23534,31.76476,26.92582,25.29822,29.96665,31.62278,31.90611,32.64966,32.80244,36.05551,40.22437,43.41659,42.0119,44.55334,48.79549,50.60632,49.64877,54.6443,54.67175,57.80138,48.54894,57.70615,53.31041,58.69412,60.53924,57.69749,62.03225,59.48109,57.77543,51.66237,57.72348,55.97321,52.20153,53.75872,58.24088,55.7853,55.36244,53.85165,55.02727,53.33854,52.92447,57.69749,52.39275,62.26556,54.58938,57.24509,53.31041,60.20797,57.24509,52.47857,55.9464,59.94164,51.31277,57.68882,55.9017,55.60576,59.64059,56.0357,56.85948
10.63015,10.63015,10.0,10.63015,10.0,10.0,10.81665,10.0,10.81665,10.29563,10.81665,10.81665,10.81665,10.29563,10.81665,11.18034,10.29563,10.29563,10.29563,10.29563,10.29563,10.29563,9.43398,9.84886,9.84886,10.29563,10.29563,11.18034,10.77033,10.77033,9.43398,10.29563,10.29563,9.43398,9.43398,9.43398,10.0,9.43398,9.43398,8.60233,8.60233,9.21954,8.60233,7.81025,8.48528,7.07107,7.81025,7.81025,7.81025,7.2111,7.2111,6.7082,58.03447,52.34501,55.08176,50.03998,56.00893,52.03845,52.23983,51.62364,49.64877,52.15362,51.78803,51.41984,56.88585,55.54278,54.58938,59.46427,61.13101,55.36244,53.36666,53.45091,56.921,56.51548,54.42426,56.32051,52.20153,54.40588,58.69412,54.42426,55.08176,57.93962,54.08327,56.61272,50.28916,53.85165,53.22593,56.921,54.70832,50.0,50.35871,51.1957,52.81098,47.07441,48.50773,50.9902,45.89118,45.39824,44.18144,44.18144,44.04543,40.0,43.04649,35.35534,39.05125,37.01351,35.22783,37.12142,38.60052,25.29822,24.73863,28.63564,30.8707,31.04835,32.24903,29.01724,37.0,45.39824,44.40721,46.0,42.0119,51.0392,48.09366,53.60037,47.85394,54.57105,56.61272,54.12947,57.77543,56.32051,62.76942,53.31041,59.03389,60.00833,60.53924,53.31041,61.7414,53.85165,58.13777,43.38202,56.0803,55.4617,52.39275,58.13777,56.36488,52.80152,58.18935,54.78138,57.24509,61.35145,61.13101,59.23681,61.35145,58.5235,53.48832,52.88667,57.72348,55.7853,59.66574,58.0517,58.46366,61.98387,53.60037,64.77654,57.55867,57.55867
10.81665,11.18034,11.18034,11.18034,11.18034,11.18034,10.77033,11.18034,12.08305,10.77033,11.7047,11.7047,11.7047,11.7047,10.77033,12.36932,11.40175,11.40175,11.40175,11.40175,11.7047,11.40175,10.44031,11.18034,11.40175,11.40175,11.18034,11.40175,11.40175,11.18034,10.44031,11.40175,11.40175,10.44031,10.44031,10.44031,11.40175,9.48683,9.48683,9.48683,9.48683,9.48683,9.84886,8.544,8.94427,8.544,8.94427,8.06226,8.06226,8.06226,7.81025,7.81025,52.46904,51.15662,50.01,53.00943,54.33231,50.01,51.08816,50.80354,53.93515,49.49747,51.78803,49.72927,56.88585,52.7731,54.12947,53.16014,57.28001,56.04463,50.9902,56.75385,56.30275,48.10405,51.26402,52.55473,52.63079,58.18935,52.20153,53.7122,54.42426,52.3259,49.33559,54.23099,53.75872,54.23099,49.64877,52.92447,48.33218,53.48832,48.08326,46.57252,48.46648,47.12749,49.98,45.88028,42.2019,43.68066,42.42641,44.28318,38.20995,37.48333,35.35534,35.0571,33.13608,28.0,36.12478,36.22154,30.59412,26.24881,25.70992,26.68333,32.31099,31.95309,32.75668,33.06055,35.35534,43.10452,40.0125,45.04442,47.09565,49.09175,52.08647,52.95281,51.41984,58.0517,50.96077,48.38388,53.48832,52.55473,61.7414,58.13777,57.24509,56.82429,58.60034,55.07268,55.07268,53.53504,59.23681,49.24429,56.35601,54.70832,54.12947,60.37384,50.11986,56.0803,56.64804,53.85165,63.56886,59.46427,59.48109,56.32051,56.32051,53.45091,57.72348,55.54278,57.48913,54.33231,55.7853,52.88667,59.03389,61.13101,52.7731,61.0,54.58938,57.31492
9.0,9.05539,9.21954,10.04988,9.21954,9.05539,10.19804,9.21954,10.19804,9.21954,10.19804,10.44031,10.19804,10.19804,9.21954,10.44031,9.48683,9.48683,9.48683,9.48683,9.48683,9.48683,9.48683,9.84886,9.48683,9.84886,9.84886,9.84886,9.84886,9.84886,9.48683,9.48683,9.48683,8.544,9.48683,8.544,9.21954,8.24621,8.24621,8.06226,8.24621,8.24621,8.06226,7.07107,7.07107,7.07107,7.0,6.08276,6.0,6.0,6.08276,6.08276,55.47071,52.20153,53.90733,48.16638,55.97321,53.8145,51.85557,60.82763,51.85557,52.00961,51.0392,51.31277,53.82379,56.40035,54.81788,58.18075,61.61169,54.70832,54.67175,55.75841,59.05929,48.54894,51.42956,53.25411,50.11986,54.91812,50.60632,53.23533,55.21775,56.79789,54.3783,55.56978,51.31277,54.56189,51.5461,49.64877,53.23533,51.42956,50.21952,48.37355,49.92995,49.81967,47.01064,50.80354,51.22499,47.01064,47.38143,41.23106,43.13931,41.23106,38.8973,38.20995,39.62323,34.20526,36.40055,37.73592,36.35932,26.83282,30.41381,26.07681,27.80288,28.6007,37.80212,35.0,37.48333,38.94868,40.45986,43.93177,46.2277,50.80354,51.62364,51.97115,50.15974,59.16925,50.9902,54.56189,56.0803,56.85948,57.56735,53.14132,57.97413,59.66574,56.61272,56.08921,56.51548,52.46904,62.36185,49.0306,60.53098,56.29387,51.5461,57.28001,56.32051,53.75872,52.0,54.40588,58.5235,58.24088,56.0803,53.66563,52.80152,51.0,57.00877,55.4617,52.69725,55.4617,56.0803,54.56189,54.6443,55.47071,47.50789,55.9464,59.16925,55.21775
9.48683,9.84886,10.29563,10.77033,10.77033,9.84886,10.29563,10.29563,10.29563,10.29563,11.18034,10.29563,11.18034,10.29563,10.29563,11.6619,10.81665,10.29563,10.0,10.81665,10.0,10.81665,10.0,10.81665,10.81665,10.0,10.0,11.40175,10.63015,10.63015,10.0,10.0,10.0,10.0,10.0,9.43398,10.29563,9.43398,9.43398,8.94427,8.94427,8.94427,8.94427,8.06226,8.06226,7.61577,7.61577,7.61577,7.28011,7.28011,7.07107,7.07107,49.65884,51.26402,53.31041,56.0803,51.5461,53.16014,55.54278,58.85576,54.91812,55.7315,52.61179,52.46904,57.42822,53.75872,55.57877,53.03772,61.13101,55.14526,59.13544,51.24451,61.13101,53.23533,49.0102,53.00943,57.07889,56.0357,55.0,59.13544,54.0,55.03635,54.14795,56.0357,53.0,59.13544,53.00943,52.0,51.0098,51.24451,53.00943,50.63596,46.17359,49.36598,49.25444,48.01042,47.51842,46.87217,50.28916,45.70558,40.80441,38.8973,38.62642,37.10795,38.8973,38.48376,33.83785,40.70626,34.4093,28.01785,27.16616,29.06888,32.01562,32.01562,34.71311,34.71311,41.0,43.93177,40.02499,46.17359,48.46648,53.45091,52.3259,53.23533,53.0,59.90826,55.44367,52.43091,51.22499,57.62812,61.7171,59.4138,59.46427,59.46427,61.7171,58.89822,61.40033,54.67175,62.93648,55.97321,59.46427,57.28001,55.15433,60.10824,54.45181,58.0517,58.0,53.41348,58.89822,59.81639,56.85068,56.63921,59.64059,56.85948,63.60031,57.42822,55.47071,58.30952,61.7171,59.05929,60.90156,56.61272,55.56978,60.41523,63.50591,54.23099
9.0,9.0,9.05539,9.0,9.0,9.0,10.04988,9.05539,9.05539,9.05539,10.04988,10.19804,9.05539,9.21954,9.05539,10.19804,9.21954,9.21954,9.21954,9.21954,9.21954,9.21954,9.21954,9.48683,9.48683,9.48683,9.48683,9.48683,9.48683,9.48683,8.24621,9.21954,8.24621,8.24621,9.21954,8.24621,9.21954,8.06226,8.06226,8.06226,8.06226,8.06226,7.07107,7.0,7.0,7.0,7.0,6.0,6.08276,6.08276,6.08276,6.32456,55.03635,47.85394,56.0357,50.24938,53.60037,48.60041,48.60041,59.03389,47.42362,60.10824,53.07542,55.31727,57.98276,51.62364,53.07542,57.38467,59.4138,57.31492,58.0517,53.90733,58.60034,52.40229,54.20332,55.97321,53.8145,57.68882,49.20366,54.91812,54.48853,57.2014,51.31277,55.47071,50.60632,58.5235,44.41846,58.0517,50.21952,53.41348,54.56189,48.27007,47.80167,48.79549,45.25483,47.38143,45.25483,45.96738,46.01087,43.27817,44.04543,40.36087,35.80503,38.28838,39.05125,37.73592,35.35534,38.47077,36.68787,29.0,27.65863,29.06888,34.65545,33.01515,33.6006,33.01515,36.40055,39.66106,42.05948,39.56008,41.62932,52.7731,51.07837,49.47727,51.5461,59.13544,50.21952,56.08921,55.7315,56.88585,58.13777,54.14795,59.03389,62.07254,59.07622,54.0,59.21149,51.0392,61.0082,49.0102,57.07889,56.0803,55.03635,58.03447,54.45181,48.16638,51.47815,52.34501,54.58938,57.55867,56.75385,56.04463,56.88585,53.93515,56.0803,53.45091,51.86521,55.97321,55.31727,52.49762,55.03635,54.08327,52.0,56.921,60.16644,51.89412
10.0,9.05539,10.04988,10.04988,10.04988,9.05539,10.19804,10.19804,10.19804,10.19804,11.04536,10.19804,10.04988,10.19804,9.21954,11.40175,9.48683,10.44031,9.48683,9.48683,9.48683,9.48683,10.44031,10.44031,10.44031,9.48683,9.84886,10.77033,9.84886,10.77033,8.544,9.48683,9.48683,9.48683,9.48683,9.48683,9.21954,8.24621,8.24621,8.24621,8.24621,8.24621,8.24621,7.07107,7.07107,7.07107,7.07107,7.07107,7.0,6.0,6.08276,6.08276,52.80152,51.66237,54.45181,50.32892,55.21775,49.0408,55.44367,54.81788,53.85165,51.62364,54.08327,54.70832,59.16925,54.6443,56.93856,55.4617,58.60034,60.03332,58.59181,51.07837,56.35601,56.4358,55.15433,52.7731,53.33854,58.18075,55.9464,54.23099,57.77543,59.90826,52.55473,51.86521,56.35601,50.9902,52.92447,54.56189,54.56189,50.15974,50.60632,47.01064,48.70318,49.65884,48.8774,48.25971,43.26662,46.04346,41.34005,42.52058,38.94868,36.40055,39.82462,37.01351,39.05125,34.71311,38.28838,34.65545,33.83785,26.0,27.73085,27.45906,32.64966,33.01515,34.1321,33.42155,34.82815,43.60046,42.44997,41.01219,46.66905,50.20956,48.27007,50.24938,52.69725,52.47857,53.22593,54.12947,52.83938,50.15974,59.61543,58.69412,59.77458,62.29767,56.85948,53.75872,54.81788,57.48913,61.68468,53.45091,56.75385,54.12947,53.75872,57.00877,51.42956,54.56189,59.05929,52.7731,59.5063,54.12947,58.18075,53.23533,56.35601,53.22593,50.60632,46.87217,54.20332,54.70832,55.56978,59.64059,55.22681,56.30275,52.20153,63.41136,53.41348,54.20332
10.77033,10.29563,10.29563,11.6619,10.29563,11.18034,10.81665,10.81665,10.81665,10.81665,11.6619,11.40175,11.6619,10.81665,10.81665,11.40175,11.40175,10.81665,11.40175,11.40175,10.81665,11.40175,10.0,11.40175,11.40175,11.40175,10.63015,11.40175,11.40175,10.63015,10.81665,11.40175,11.40175,10.0,10.0,10.0,10.81665,9.43398,9.43398,9.43398,8.94427,9.43398,8.94427,8.94427,7.61577,7.61577,8.544,7.61577,7.28011,7.28011,7.07107,7.07107,53.90733,49.0408,53.85165,49.64877,52.35456,48.37355,51.62364,52.80152,51.89412,50.11986,48.8467,52.92447,58.13777,50.69517,54.12947,51.86521,60.16644,54.42426,51.47815,52.55473,58.18935,52.39275,54.34151,53.75872,52.81098,55.08176,47.80167,56.7186,54.81788,53.85165,54.12947,56.04463,46.48656,59.90826,47.53946,53.75872,51.5461,48.50773,49.39636,43.65776,43.65776,48.75449,50.28916,43.68066,46.8188,42.95346,41.14608,42.19005,41.67733,36.35932,39.20459,36.61967,38.27532,33.83785,37.20215,35.38361,34.65545,26.57066,25.07987,28.63564,31.32092,28.6531,32.64966,33.54102,40.81666,43.56604,40.31129,45.80393,47.43416,52.15362,48.9183,52.40229,50.32892,58.79626,53.41348,58.0517,57.80138,61.03278,60.20797,57.80138,56.61272,60.82763,59.07622,57.70615,59.03389,52.7731,62.17717,49.64877,58.13777,51.47815,52.83938,59.48109,55.9017,53.85165,55.80323,56.61272,60.21628,57.68882,54.40588,62.20129,57.62812,57.62812,58.00862,56.61272,55.22681,57.28001,57.28001,56.63921,60.87693,63.03174,50.24938,61.55485,60.20797,58.41233
9.43398,8.94427,9.84886,9.84886,9.84886,9.84886,9.48683,9.48683,9.48683,9.48683,10.77033,10.44031,10.77033,9.48683,9.48683,10.44031,10.44031,9.21954,9.21954,9.21954,9.21954,10.19804,9.21954,10.19804,10.19804,10.19804,10.04988,10.19804,10.19804,10.04988,9.21954,9.21954,9.21954,8.24621,9.21954,8.24621,9.48683,8.544,8.544,7.61577,7.61577,7.61577,7.61577,6.7082,7.61577,6.7082,6.7082,5.83095,6.40312,6.40312,6.40312,5.65685,56.4358,56.32051,57.21888,50.01,49.64877,53.23533,50.35871,58.54912,53.60037,51.62364,49.64877,50.92151,51.66237,54.12947,52.63079,54.42426,59.90826,55.08176,54.70832,54.70832,58.87274,50.0,61.26989,57.69749,54.23099,54.626,52.3259,57.24509,57.27128,54.626,53.23533,53.22593,51.26402,58.13777,49.64877,52.20153,52.3259,54.12947,51.89412,44.94441,48.8467,49.64877,49.64877,49.33559,49.0408,44.64303,43.32436,43.68066,38.07887,39.05125,35.73514,37.36308,38.32754,39.11521,40.0125,33.01515,31.14482,25.70992,27.89265,26.1725,30.01666,36.05551,31.06445,36.01389,34.0147,41.04875,40.0125,43.93177,41.59327,53.15073,53.45091,50.0,49.76947,54.70832,53.31041,52.80152,51.89412,50.56679,64.88451,53.7122,57.80138,57.42822,56.4358,55.97321,53.0,57.2014,57.98276,51.40039,56.85068,57.14018,51.62364,56.4358,54.58938,46.64762,55.9464,55.00909,55.9017,55.9017,56.36488,50.92151,52.55473,56.921,54.12947,56.921,55.71355,58.0517,57.48913,54.40588,52.63079,55.97321,51.66237,54.57105,56.22277,53.08484
10.04988,11.04536,10.0,11.04536,11.04536,11.04536,11.0,11.0,11.0,11.0,11.0,11.04536,11.04536,11.04536,11.04536,11.18034,11.18034,10.19804,10.19804,11.18034,10.04988,11.18034,10.19804,11.18034,11.18034,11.18034,10.44031,11.18034,11.40175,10.44031,10.19804,10.19804,10.19804,10.04988,10.19804,10.19804,10.04988,9.05539,9.05539,9.05539,9.05539,9.05539,9.05539,8.06226,8.0,8.0,8.06226,8.0,8.06226,7.07107,8.24621,7.28011,55.02727,49.24429,51.62364,46.52956,51.31277,51.31277,57.80138,51.85557,52.80152,50.24938,55.22681,51.66237,57.31492,52.3259,56.58622,58.13777,62.93648,55.44367,46.75468,54.20332,58.60034,54.03702,52.00961,52.20153,51.66237,51.66237,51.08816,55.21775,53.75872,55.80323,52.80152,49.20366,55.17246,50.60632,51.0392,47.80167,52.49762,47.80167,51.62364,43.60046,47.01064,45.34314,46.69047,47.50789,41.6173,46.66905,42.52058,43.27817,36.06938,33.94113,37.44329,34.4093,34.4093,38.94868,37.16181,34.9285,29.12044,26.1725,24.08319,25.45584,28.30194,31.62278,31.62278,34.82815,37.21559,40.49691,42.72002,46.23851,42.54409,50.08992,50.0,47.80167,50.96077,51.41984,53.60037,49.47727,54.74486,59.07622,59.3043,59.21149,63.12686,54.00926,61.20457,56.0,52.0,58.07753,60.00833,50.01,56.14268,50.08992,54.0,57.07889,54.08327,58.07753,58.13777,54.23099,59.84146,55.14526,62.96825,54.12947,55.10898,53.93515,50.69517,54.57105,56.29387,58.82176,55.54278,56.51548,53.60037,55.7853,50.44799,63.32456,55.97321,49.33559
9.0,9.0,9.05539,10.04988,10.04988,9.05539,10.04988,9.05539,9.05539,9.21954,10.04988,10.19804,10.19804,10.19804,9.21954,10.44031,9.48683,9.21954,9.48683,9.48683,9.48683,9.48683,9.21954,9.48683,9.48683,9.48683,9.48683,10.44031,9.48683,9.48683,9.21954,9.48683,9.48683,9.21954,8.24621,8.24621,9.21954,8.06226,8.06226,8.06226,8.06226,8.06226,8.06226,7.07107,7.07107,7.0,7.0,7.0,7.07107,7.07107,6.32456,6.32456,53.03772,60.10824,51.73973,53.75872,58.25805,47.80167,52.0,53.41348,54.91812,51.0392,55.07268,51.88449,56.0803,55.9464,52.7731,56.85948,61.26989,59.03389,54.12024,56.36488,62.64982,55.4617,56.30275,52.7731,51.88449,59.5063,57.24509,55.36244,52.55473,57.24509,54.42426,54.12947,50.32892,50.92151,52.39275,50.15974,51.0,54.08327,55.56978,51.47815,51.47815,46.52956,50.60632,48.37355,45.27693,44.10215,41.34005,45.22168,35.60899,37.53665,35.60899,40.36087,40.0,37.53665,35.38361,33.30165,31.62278,28.16026,23.4094,28.79236,30.46309,32.20248,29.15476,30.52868,34.43835,43.56604,40.49691,40.45986,45.27693,47.80167,57.28001,46.2277,55.80323,53.82379,51.86521,50.24938,55.07268,52.35456,58.13777,59.48109,54.58938,54.56189,59.16925,57.00877,55.54278,53.85165,57.58472,53.31041,55.54278,53.31041,51.07837,53.31041,51.89412,55.00909,55.07268,54.70832,58.30952,49.24429,53.0,55.56978,56.0357,53.85165,51.62364,50.77401,51.0392,53.7122,54.40588,46.61545,53.82379,53.25411,50.21952,57.48913,50.44799,55.15433
9.89949,9.89949,10.0,10.63015,9.89949,9.89949,10.63015,10.0,10.63015,10.0,11.40175,10.81665,10.81665,10.81665,10.0,10.81665,10.81665,10.0,10.29563,10.81665,10.0,10.29563,9.43398,10.29563,10.29563,10.29563,10.29563,10.29563,10.29563,10.29563,9.43398,10.29563,9.43398,9.43398,9.43398,9.43398,10.0,8.60233,8.60233,8.60233,8.48528,9.21954,8.48528,7.81025,7.81025,7.07107,7.81025,7.81025,6.40312,7.81025,7.2111,6.7082,54.56189,49.24429,52.20153,53.16014,50.28916,56.32051,51.5461,52.81098,51.1957,54.81788,55.14526,51.47815,61.66036,49.36598,54.91812,57.14018,61.52235,58.13777,56.32051,52.0,65.03076,51.08816,58.03447,54.14795,52.08647,54.00926,49.0,55.03635,51.0098,61.07373,51.0392,62.00806,50.08992,51.0,51.35173,56.0803,53.08484,52.03845,52.15362,53.08484,48.0,50.35871,47.51842,47.38143,44.55334,43.41659,47.29693,39.20459,38.63936,39.05125,38.07887,36.05551,36.13862,34.9285,34.43835,36.67424,35.0,26.07681,26.4764,24.73863,31.40064,27.65863,34.48188,31.7805,37.36308,39.21734,38.47077,48.33218,46.61545,48.75449,51.10773,52.69725,50.47772,57.80138,49.0408,58.0517,55.86591,53.07542,60.82763,54.56189,54.03702,58.41233,62.28965,57.98276,64.03124,52.20153,66.28725,50.21952,58.41233,54.6443,52.3259,59.03389,52.40229,50.93133,57.28001,54.45181,60.10824,60.1415,57.48913,61.07373,55.44367,58.79626,58.0517,59.03389,58.41233,53.00943,53.60037,56.22277,59.40539,61.22091,47.16991,52.43091,60.21628,53.82379
9.21954,9.21954,9.05539,10.19804,9.21954,10.19804,10.04988,10.04988,10.04988,10.04988,10.04988,10.04988,10.04988,10.0,10.04988,10.0,10.0,9.0,10.04988,10.0,10.0,10.0,9.0,10.04988,10.04988,10.0,10.04988,10.04988,11.04536,9.05539,9.0,10.0,10.0,9.0,9.0,9.0,9.05539,9.05539,9.05539,9.05539,8.24621,8.24621,8.06226,7.07107,7.28011,7.28011,7.28011,7.28011,6.32456,6.7082,6.7082,6.40312,50.63596,50.63596,47.75982,51.62364,56.30275,52.88667,51.26402,52.92447,52.0,49.1935,53.23533,48.02083,57.69749,54.12024,55.00909,58.82176,59.68249,55.47071,47.41308,56.4358,54.70832,53.53504,53.25411,53.25411,49.73932,51.31277,51.86521,55.44367,53.82379,57.48913,52.63079,55.0,52.43091,53.2635,50.60632,51.73973,51.40039,52.63079,49.92995,52.47857,51.10773,46.87217,48.8774,49.40648,45.61798,43.909,46.61545,45.31004,40.49691,39.35734,41.4367,39.0,41.23106,34.36568,34.9285,36.13862,32.01562,26.40076,25.94224,26.40076,27.73085,30.80584,33.61547,30.36445,39.84972,46.09772,41.59327,42.29657,42.19005,48.50773,51.15662,48.0,54.12947,56.22277,52.95281,49.25444,53.15073,56.75385,60.87693,53.45091,58.46366,55.54278,58.24946,54.12024,57.87055,52.0,55.36244,56.0803,54.40588,49.98,50.69517,56.04463,54.81788,54.57105,54.40588,54.74486,58.54912,50.01,56.08921,53.15073,57.42822,53.46027,52.00961,57.07889,57.03508,59.07622,57.31492,54.00926,58.00862,58.03447,52.00961,54.23099,55.08176,54.33231
9.84886,9.84886,10.29563,10.29563,10.29563,10.29563,10.81665,10.81665,10.81665,10.81665,10.81665,11.40175,10.81665,10.81665,10.0,11.40175,10.63015,10.63015,9.89949,10.63015,10.63015,10.63015,10.63015,9.89949,10.63015,10.63015,9.89949,11.31371,11.31371,10.63015,9.21954,10.63015,9.89949,9.21954,9.89949,10.0,10.0,8.60233,8.60233,8.60233,8.60233,8.60233,8.60233,8.06226,8.06226,8.06226,8.06226,7.61577,7.61577,7.28011,7.28011,7.28011,51.42956,54.70832,52.20153,48.05206,49.0306,49.49747,49.64877,52.7731,50.35871,54.33231,53.00943,52.03845,60.00833,50.35871,55.22681,53.15073,56.14268,54.0,55.0,54.03702,59.07622,52.03845,51.24451,49.0408,47.09565,54.00926,50.08992,49.64877,54.08327,56.88585,52.23983,59.0,52.23983,52.23983,50.01,54.00926,52.0,47.67599,52.23983,46.01087,46.09772,52.03845,49.25444,47.38143,43.41659,48.50773,49.09175,44.14748,44.28318,37.21559,38.63936,37.64306,35.17101,35.1141,40.80441,33.61547,30.8707,25.07987,27.01851,27.07397,31.257,28.44293,34.52535,32.01562,32.75668,39.29377,41.4367,39.39543,42.72002,50.69517,51.89412,48.25971,52.35456,57.80138,50.21952,50.21952,55.31727,55.44367,60.81118,53.74012,53.74012,58.79626,60.87693,53.90733,53.90733,55.97321,58.69412,49.51767,58.0,51.85557,52.40229,54.03702,56.56854,48.9183,52.34501,51.73973,56.0803,57.38467,55.80323,58.60034,50.0,53.60037,52.47857,55.47071,53.60037,51.31277,52.20153,55.75841,54.58938,58.00862,53.23533,58.59181,58.59181,49.09175
10.04988,10.19804,10.44031,11.40175,10.44031,10.19804,10.44031,10.44031,11.40175,10.77033,11.40175,11.7047,11.7047,11.7047,11.7047,11.7047,11.7047,10.77033,10.77033,10.77033,10.77033,11.18034,9.84886,11.18034,11.18034,11.18034,11.18034,12.08305,12.08305,11.18034,10.77033,10.77033,11.18034,9.84886,10.77033,9.84886,10.44031,10.44031,10.44031,10.44031,9.21954,9.48683,9.21954,8.24621,8.24621,8.24621,8.06226,8.06226,8.06226,8.06226,8.0,7.07107,50.32892,47.53946,51.88449,46.95743,52.83938,50.15974,49.92995,58.5235,49.0408,50.47772,49.67897,51.08816,58.00862,47.80167,50.0,56.56854,58.79626,58.69412,52.40229,55.0,57.28001,53.03772,54.67175,51.62364,50.93133,58.69412,52.34501,53.15073,54.48853,55.22681,55.15433,57.28001,50.91169,58.13777,48.10405,51.66237,50.9902,49.51767,51.66237,53.75872,45.45327,47.38143,48.41487,49.51767,48.60041,43.01163,45.79301,42.43819,43.60046,40.22437,39.39543,37.58989,41.67733,34.88553,33.12099,37.12142,34.20526,25.6125,24.41311,25.6125,25.4951,24.69818,30.80584,34.1321,37.21559,43.82921,37.57659,44.72136,41.59327,50.15974,47.80167,44.92215,49.0306,57.48913,51.47815,50.80354,51.0098,52.00961,57.07889,56.00893,55.08176,57.03508,54.08327,55.22681,57.14018,50.24938,58.00862,49.0408,59.13544,55.03635,57.00877,52.03845,51.0,48.01042,59.21149,52.08647,60.40695,58.21512,56.4358,58.24946,60.63827,53.60037,57.42822,52.39275,55.10898,53.93515,54.91812,55.31727,52.39275,53.75872,47.12749,58.82176,54.81788,53.45091
9.84886,10.29563,9.43398,10.29563,9.43398,10.29563,10.0,10.0,10.0,10.0,10.81665,10.63015,10.63015,10.63015,10.0,10.63015,10.63015,10.0,9.89949,9.89949,9.89949,9.89949,9.21954,10.63015,9.89949,10.63015,10.63015,9.89949,10.63015,10.63015,9.21954,9.89949,9.89949,9.89949,9.89949,9.21954,10.0,9.21954,9.21954,8.60233,8.60233,8.60233,8.60233,8.06226,8.06226,7.2111,8.06226,7.61577,6.7082,7.61577,7.28011,7.28011,50.0,51.73973,51.0,49.1935,47.41308,48.8467,46.09772,48.75449,52.0,53.75872,55.08176,51.66237,52.88667,54.08327,58.82176,56.88585,63.60031,56.75385,50.44799,53.75872,57.27128,53.36666,53.15073,54.12947,51.78803,53.60037,53.75872,54.08327,53.46027,52.46904,53.08484,54.91812,51.66237,58.30952,50.24938,48.27007,53.60037,54.58938,50.96077,47.29693,49.36598,48.76474,47.12749,50.0,46.48656,49.0306,42.54409,42.37924,40.49691,41.4367,43.08132,39.39543,35.77709,38.94868,34.66987,35.80503,36.06938,22.84732,27.313,27.313,25.4951,30.46309,33.61547,33.10589,36.67424,38.01316,40.0,43.60046,45.48626,51.86521,44.55334,47.38143,50.32892,58.0517,53.41348,52.63079,52.80152,51.97115,58.24946,54.20332,56.4358,55.9464,59.07622,54.58938,54.12024,52.80152,59.9333,53.33854,57.27128,56.0803,53.7122,55.54278,52.47857,52.15362,52.47857,52.69725,59.07622,51.86521,56.85068,59.40539,59.20304,54.40588,60.959,53.41348,56.0803,51.73973,54.81788,51.62364,55.15433,58.72819,51.62364,58.72819,58.41233,49.57822
9.48683,9.21954,9.05539,9.21954,10.19804,9.21954,9.21954,9.21954,9.21954,9.05539,10.04988,10.04988,10.04988,10.0,9.05539,10.0,10.0,9.05539,9.0,10.0,9.0,9.0,9.0,10.04988,10.04988,10.0,9.0,10.0,10.04988,10.0,9.0,10.0,10.0,9.0,9.05539,9.05539,9.05539,8.06226,9.05539,8.06226,8.24621,8.24621,8.06226,7.28011,7.28011,7.28011,7.61577,7.28011,6.7082,6.7082,6.7082,5.83095,52.81098,47.75982,50.77401,49.76947,50.08992,48.33218,54.6443,55.22681,46.40043,52.15362,52.20153,51.0392,54.03702,52.20153,54.3783,53.8145,57.80138,51.08816,52.80152,51.66237,58.13777,53.2635,55.97321,54.48853,53.41348,51.66237,53.90733,54.45181,55.15433,54.48853,50.93133,55.22681,53.8145,56.0803,50.24938,54.45181,50.32892,53.07542,50.32892,51.66237,51.08816,49.40648,47.63402,49.40648,47.63402,44.41846,46.52956,39.40812,41.67733,39.82462,40.24922,38.58756,38.01316,35.35534,34.20526,34.0147,35.12834,23.43075,26.1725,22.80351,27.01851,29.20616,31.62278,35.51056,35.51056,36.24914,37.12142,41.23106,43.08132,45.88028,46.57252,48.83646,52.7731,54.91812,51.15662,52.46904,50.15974,49.0102,54.03702,56.00893,55.22681,56.22277,55.00909,54.23099,58.21512,54.23099,58.13777,51.24451,58.30952,52.34501,51.0,55.22681,61.98387,51.0392,60.0,51.0,53.00943,57.00877,56.14268,55.03635,55.03635,52.15362,52.34501,50.24938,54.74486,51.41984,51.97115,51.78803,53.93515,55.22681,49.81967,56.88585,53.60037,57.27128
10.0,9.43398,9.43398,10.29563,9.43398,10.29563,9.84886,9.84886,9.84886,9.84886,10.29563,10.77033,9.84886,9.84886,9.84886,10.77033,10.44031,9.84886,9.48683,9.48683,9.48683,9.48683,9.48683,10.44031,10.44031,10.44031,10.44031,10.44031,10.44031,10.19804,9.48683,9.48683,9.48683,9.48683,9.48683,8.544,9.84886,8.94427,8.94427,8.94427,8.06226,8.06226,8.06226,8.06226,7.2111,7.2111,7.2111,6.40312,6.40312,7.07107,6.40312,6.40312,45.09989,50.0,48.37355,54.33231,56.56854,47.29693,51.97115,48.05206,50.21952,49.64877,52.63079,52.20153,55.08176,57.72348,53.45091,56.0803,57.48913,55.15433,48.38388,58.82176,56.79789,56.921,51.89412,50.08992,53.48832,58.30952,54.626,57.70615,48.46648,59.5399,55.07268,51.89412,53.85165,51.0,55.9464,48.10405,48.76474,53.66563,52.92447,49.98,50.32892,46.17359,46.17359,44.27189,44.14748,48.38388,46.32494,46.32494,38.63936,39.81206,41.7732,40.4475,42.75512,34.1321,37.05401,35.01428,38.63936,26.24881,20.88061,23.76973,28.44293,32.24903,34.05877,32.28002,35.51056,37.65634,41.19466,39.01282,44.10215,43.10452,48.16638,45.12206,53.85165,50.01,53.85165,48.76474,47.16991,49.64877,52.55473,55.71355,58.18935,59.94164,57.93962,56.35601,55.71355,55.4617,56.85948,56.35601,55.00909,55.07268,52.80152,53.7122,55.4617,58.18075,55.15433,51.47815,55.36244,54.23099,56.04463,50.28916,55.7853,55.36244,56.61272,56.32051,55.10898,53.36666,59.66574,50.44799,54.74486,56.29387,51.47815,57.70615,52.61179,51.78803
9.84886,9.48683,9.21954,9.48683,9.48683,9.48683,10.19804,9.21954,9.21954,10.04988,10.19804,10.04988,10.19804,10.04988,9.21954,11.04536,10.04988,10.04988,10.04988,10.04988,9.05539,10.0,9.05539,10.0,10.0,10.0,10.0,10.0,10.0,10.0,9.0,10.0,9.0,9.0,9.05539,9.05539,9.05539,9.05539,8.06226,8.06226,8.24621,8.24621,8.24621,7.28011,7.28011,7.28011,7.61577,6.7082,6.7082,6.7082,7.2111,5.83095,52.20153,49.0306,52.49762,45.54119,55.15433,54.78138,53.7122,55.56978,49.64877,56.79789,55.07268,50.11986,54.70832,51.86521,54.6443,56.72742,58.24946,58.79626,50.0,55.44367,59.5483,52.69725,52.34501,55.44367,54.08327,53.00943,51.73973,54.48853,50.44799,58.0,55.17246,55.0,49.81967,56.22277,47.42362,54.81788,50.32892,51.22499,55.60576,51.40039,48.01042,53.00943,47.70744,47.20169,44.77723,46.32494,45.18849,41.67733,37.12142,39.0,41.62932,38.27532,34.53983,37.0,40.49691,33.95585,31.40064,23.34524,22.02272,25.0,29.06888,26.90725,34.0,32.24903,38.07887,39.0,36.05551,43.08132,41.78516,49.76947,47.43416,43.93177,46.69047,51.97115,47.26521,48.16638,55.00909,52.00961,54.00926,54.23099,58.00862,55.14526,58.00862,51.47815,56.4358,50.35871,56.22277,48.50773,53.60037,57.07013,53.23533,55.7315,54.74486,52.15362,54.08327,56.0,58.00862,55.03635,60.00833,59.00847,52.15362,57.0,56.4358,55.08176,57.03508,54.08327,55.3263,57.07013,55.3263,54.58938,51.0392,62.96825,60.41523,52.7731
10.77033,9.84886,9.84886,9.84886,9.84886,9.84886,10.29563,10.29563,10.29563,10.29563,11.18034,10.81665,10.29563,10.29563,10.29563,10.81665,10.0,10.81665,10.0,10.0,9.43398,10.0,10.0,10.0,10.0,10.81665,10.63015,10.81665,10.0,10.63015,10.0,10.0,10.0,9.43398,10.0,9.43398,10.29563,8.94427,8.94427,8.94427,8.94427,8.94427,8.94427,8.544,8.544,7.61577,8.24621,7.28011,7.28011,7.28011,7.07107,7.0,54.58938,54.70832,55.15433,51.42956,50.59644,50.59644,50.92151,53.14132,46.84015,52.20153,52.17279,53.15073,55.22681,53.60037,51.41984,56.32051,56.32051,50.80354,51.97115,54.33231,59.5399,51.62364,51.0392,51.97115,52.23983,50.08992,54.33231,58.00862,54.14795,54.00926,53.08484,56.14268,50.08992,52.08647,51.0098,51.47815,50.48762,50.03998,52.7731,49.09175,51.97115,47.53946,46.69047,47.53946,45.89118,47.07441,43.9659,43.32436,44.64303,39.21734,40.49691,37.36308,36.23534,33.61547,33.10589,34.98571,35.0,22.47221,22.0,25.31798,21.0238,27.0,29.42788,30.26549,29.61419,31.7805,34.9285,38.27532,40.8534,45.31004,45.69464,41.40048,48.02083,49.73932,52.43091,50.80354,47.63402,50.32892,54.67175,50.20956,50.93133,55.86591,50.24938,48.79549,55.9017,50.91169,52.34501,47.01064,54.20332,54.81788,52.34501,57.62812,53.07542,52.40229,57.62812,53.03772,53.15073,53.75872,56.22277,56.63921,55.97321,54.67175,55.44367,51.73973,54.56189,55.31727,53.15073,54.03702,55.9464,56.85068,55.47071,59.36329,55.22681,54.08327
8.24621,9.21954,9.05539,10.19804,9.21954,9.21954,9.05539,9.05539,9.05539,9.05539,10.04988,10.0,10.04988,10.04988,9.05539,10.0,10.0,9.0,9.0,9.0,9.0,10.0,9.0,10.04988,10.0,10.04988,10.04988,10.0,10.04988,10.04988,9.0,10.0,9.0,9.0,9.0,9.0,9.0,8.06226,8.0,8.06226,8.06226,8.06226,7.07107,7.07107,7.07107,6.08276,7.07107,6.32456,6.32456,6.32456,6.32456,5.38516,56.22277,59.13544,58.54912,54.91812,59.66574,53.46027,56.32051,55.08176,51.62364,48.08326,55.9464,53.48832,57.00877,56.64804,55.71355,59.03389,66.30988,62.24147,54.78138,59.09315,63.13478,55.00909,56.0803,55.4617,55.56978,60.53924,57.80138,58.5235,57.24509,61.85467,59.16925,54.70832,54.12024,55.07268,57.80138,53.7122,56.35601,54.70832,56.85948,56.0803,50.11986,46.61545,54.42426,55.71355,52.49762,50.15974,43.08132,49.0408,40.49691,37.94733,43.17407,40.02499,42.37924,41.4367,39.05125,37.0,36.05551,27.65863,21.40093,28.42534,25.80698,26.83282,26.40076,30.46309,35.8469,37.16181,37.36308,34.9285,41.7732,45.89118,44.04543,42.0119,47.0,51.24451,48.01042,46.01087,52.0,51.08816,56.7186,52.7731,61.61169,58.94065,53.93515,53.85165,55.54278,57.97413,55.36244,48.50773,52.81098,53.85165,52.17279,55.7315,54.34151,52.95281,53.60037,55.31727,59.03389,58.0517,64.03124,53.60037,57.55867,56.14268,56.7186,58.42089,56.0803,57.14018,60.53098,56.0803,55.22681,58.13777,52.00961,58.07753,58.13777,51.0392
10.44031,10.19804,10.19804,11.18034,10.19804,10.19804,11.04536,10.04988,11.04536,10.04988,11.04536,11.04536,11.04536,11.04536,11.04536,11.0,11.0,10.0,10.0,10.04988,10.04988,11.0,10.0,11.0,11.0,11.04536,11.04536,11.0,11.0,11.04536,10.0,11.0,10.0,10.04988,10.0,10.04988,10.04988,10.04988,9.05539,9.05539,9.21954,9.21954,9.21954,8.24621,8.24621,8.24621,8.24621,7.61577,7.61577,7.28011,7.61577,6.7082,57.03508,52.08647,53.60037,49.81967,50.44799,51.66237,55.31727,50.0,55.54278,54.08327,53.48832,51.86521,59.23681,57.00877,51.62364,58.60034,63.69458,57.77543,52.39275,59.03389,57.24509,58.60034,53.23533,56.36488,56.36488,60.41523,54.58938,59.5399,56.82429,59.90826,53.53504,53.23533,57.70615,57.70615,55.47071,49.76947,52.39275,55.00909,52.81098,50.56679,53.66563,49.33559,51.26402,53.48832,46.17359,50.32892,45.60702,49.47727,37.36308,39.62323,41.0,37.65634,43.18565,36.01389,38.0526,35.0,37.12142,23.34524,20.80865,22.80351,24.08319,26.07681,28.01785,28.63564,34.9285,36.71512,37.94733,36.68787,39.84972,47.53946,43.73786,44.04543,47.0,51.47815,45.17743,44.01136,47.16991,51.35173,52.95281,52.61179,54.58938,57.70615,52.61179,47.29693,55.36244,56.08921,53.60037,45.89118,53.36666,57.72348,54.12947,52.88667,52.95281,51.66237,55.14526,53.75872,54.91812,58.46366,59.3043,55.3263,58.07753,49.0408,54.00926,52.03845,53.08484,53.60037,56.14268,56.22277,60.0,54.14795,54.0,64.03124,56.0,55.03635
9.0,9.0,9.05539,10.0,10.0,10.0,10.04988,10.04988,10.04988,10.04988,11.04536,10.19804,11.04536,10.04988,10.04988,11.18034,10.19804,10.19804,10.19804,10.19804,10.19804,10.19804,10.19804,10.44031,10.19804,10.44031,10.44031,10.19804,11.40175,10.44031,9.21954,10.19804,10.19804,9.21954,10.19804,10.04988,10.04988,9.05539,9.05539,8.06226,8.0,9.0,8.0,7.0,7.0,7.0,7.07107,7.07107,7.07107,6.08276,6.32456,6.32456,62.96825,51.89412,55.75841,50.9902,54.58938,52.15362,54.70832,56.0803,58.83026,53.00943,58.41233,54.48853,58.24946,53.60037,54.6443,59.4138,69.6563,62.20129,59.20304,56.63921,64.3506,58.89822,60.30755,55.86591,55.31727,63.65532,54.48853,60.10824,60.82763,63.78087,58.0,63.03174,56.72742,62.96825,57.62812,56.72742,57.98276,57.28001,58.0517,54.48853,54.45181,53.41348,52.20153,54.91812,54.67175,49.57822,48.54894,47.50789,45.0,44.65423,42.63801,41.34005,42.05948,40.70626,41.78516,39.92493,38.07887,23.02173,21.63331,20.24846,25.6125,23.34524,25.4951,30.4795,27.58623,34.82815,33.6006,37.80212,41.34005,44.41846,46.06517,43.38202,44.01136,44.77723,42.05948,44.92215,41.7732,45.12206,54.58938,47.29693,51.47815,55.22681,50.9902,47.16991,50.03998,51.0392,54.08327,49.0102,50.0,54.58938,51.24451,53.33854,54.74486,48.6621,51.62364,53.23533,54.45181,51.78803,52.95281,52.08647,55.9017,55.54278,62.0967,52.88667,55.65968,49.24429,55.08176,53.93515,53.75872,55.7853,53.14132,58.42089,63.32456,54.42426
9.05539,9.21954,9.21954,10.19804,10.19804,10.19804,10.44031,9.21954,10.19804,9.48683,10.44031,10.77033,10.77033,9.84886,10.44031,10.77033,9.84886,9.48683,9.84886,9.84886,9.84886,9.84886,9.84886,10.29563,11.18034,10.29563,10.29563,11.18034,11.18034,10.29563,9.84886,9.84886,9.84886,9.84886,9.48683,9.48683,9.48683,9.48683,8.544,8.24621,8.24621,8.24621,8.24621,7.28011,7.07107,7.07107,7.07107,7.0,7.0,7.0,6.0,6.08276,53.33854,57.98276,54.67175,49.67897,53.03772,62.36986,53.07542,57.28001,55.44367,59.03389,55.86591,55.86591,63.25346,57.48913,60.87693,59.40539,60.959,62.62587,59.81639,53.8145,65.45991,53.00943,59.48109,57.98276,56.60389,62.68174,56.85948,63.06346,59.36329,63.81222,59.90826,60.21628,56.60389,63.28507,59.05929,57.98276,58.66856,60.53924,56.60389,58.60034,49.0408,50.32892,52.00961,53.41348,52.40229,48.27007,48.83646,48.41487,46.75468,37.48333,46.01087,42.42641,41.01219,43.27817,38.01316,38.27532,40.81666,20.12461,22.84732,21.40093,26.07681,25.80698,29.06888,27.65863,28.42534,35.35534,32.55764,40.60788,36.35932,44.82187,42.05948,45.27693,41.78516,45.61798,47.01064,48.33218,47.75982,50.69517,51.26402,48.05206,49.24429,46.69047,55.36244,55.22681,50.24938,47.67599,50.9902,44.72136,55.7315,50.21952,49.0408,54.57105,50.80354,48.05206,52.17279,49.47727,55.54278,51.92302,53.85165,54.12024,53.75872,51.66237,57.24509,50.69517,51.5461,52.80152,53.7122,59.23681,56.0803,60.40695,52.55473,53.7122,62.64982,56.0803
9.43398,9.43398,10.0,10.81665,10.0,9.43398,10.63015,10.0,10.0,10.63015,10.63015,10.63015,10.63015,10.63015,10.0,11.31371,9.89949,9.89949,10.63015,10.63015,9.89949,10.63015,9.89949,10.63015,10.63015,10.63015,10.0,10.63015,11.40175,10.0,10.63015,10.63015,10.63015,9.89949,9.89949,9.89949,9.89949,9.21954,9.21954,8.48528,8.60233,9.21954,8.60233,7.81025,7.2111,7.2111,7.2111,7.2111,6.7082,6.7082,6.32456,6.32456,53.36666,57.00877,54.23099,52.08647,54.34151,50.63596,50.01,57.03508,53.03772,55.08176,58.00862,57.0,57.0,57.0,63.00794,60.29925,61.07373,55.44367,57.03508,60.40695,59.4138,58.0,60.82763,58.54912,55.08176,60.40695,55.44367,60.20797,59.21149,61.18823,53.08484,56.0803,58.21512,58.42089,53.60037,59.13544,63.78871,58.54912,53.00943,51.0,53.08484,58.00862,51.08816,54.08327,50.35871,51.24451,48.04165,44.10215,40.1995,41.48494,41.30375,38.63936,37.10795,41.10961,37.33631,36.40055,39.81206,19.84943,20.80865,26.83282,26.83282,24.69818,29.83287,28.4605,31.62278,32.75668,35.35534,38.11824,37.12142,40.0125,43.10452,42.75512,44.72136,44.91102,44.01136,45.35416,43.56604,47.12749,47.92703,43.65776,48.33218,49.1935,49.0408,46.87217,47.43416,45.61798,53.23533,43.909,51.10773,50.08992,46.06517,50.24938,47.85394,45.79301,51.88449,50.9902,48.33218,53.7122,54.626,55.47071,53.7122,51.07837,49.33559,51.47815,53.14132,53.48832,55.36244,54.12024,53.48832,54.12024,53.45091,58.87274,53.75872,55.10898
11.0,11.04536,11.18034,12.04159,11.18034,11.04536,12.36932,11.18034,11.18034,11.40175,12.16553,12.16553,12.36932,12.36932,12.36932,11.7047,12.64911,11.40175,11.7047,11.7047,11.7047,12.08305,10.44031,13.0,12.64911,12.64911,12.08305,12.08305,13.0,12.08305,12.64911,12.08305,12.08305,11.7047,10.77033,10.44031,11.40175,11.40175,10.44031,10.44031,9.21954,10.44031,9.21954,9.21954,9.21954,8.24621,8.06226,8.24621,8.06226,8.0,8.0,7.0,51.66237,56.56854,51.61395,53.00943,58.5235,49.40648,53.85165,54.70832,53.7122,52.47857,56.79789,56.85948,59.9333,60.41523,57.68882,58.60034,61.7414,57.93962,52.92447,61.32699,65.9242,60.92618,52.17279,60.16644,58.5235,60.16644,63.60031,62.0967,59.77458,64.28841,56.32051,55.7853,60.63827,57.28001,56.29387,56.30275,58.0517,56.75385,56.921,54.08327,53.85165,54.12024,51.26402,48.46648,47.85394,49.64877,45.17743,49.65884,41.67733,42.05948,39.82462,41.14608,38.07887,42.43819,36.87818,35.4683,34.05877,23.08679,20.09975,24.33105,26.57066,29.06888,29.52965,29.96665,30.46309,33.61547,36.35932,36.23534,40.49691,40.60788,43.13931,40.45986,44.55334,43.41659,46.40043,42.80187,46.04346,42.2019,49.92995,50.24938,49.73932,51.47815,55.56978,49.76947,50.15974,46.61545,50.9902,47.42362,47.41308,47.41308,46.87217,52.47857,48.76474,51.0,54.70832,50.24938,50.77401,49.39636,54.40588,52.47857,54.81788,54.08327,47.50789,51.86521,52.40229,54.67175,57.48913,54.56189,56.0803,59.03389,53.60037,57.31492,57.28001,54.56189
10.29563,10.29563,10.77033,10.77033,10.77033,11.18034,10.77033,10.77033,10.77033,10.44031,11.7047,11.7047,11.7047,11.40175,10.44031,12.36932,11.40175,11.40175,10.19804,11.18034,10.44031,11.18034,10.44031,11.18034,11.18034,11.40175,11.18034,12.16553,12.16553,11.18034,10.19804,11.18034,11.18034,10.19804,11.18034,10.44031,10.44031,9.48683,9.48683,9.48683,9.48683,9.48683,9.48683,8.544,8.544,8.544,7.61577,7.61577,8.06226,8.06226,7.2111,6.40312,52.61179,53.93515,59.13544,55.36244,53.31041,56.64804,54.12947,57.00877,57.00877,57.69749,58.18075,56.93856,60.41523,56.46238,59.9333,60.90156,63.95311,59.40539,59.9333,56.60389,69.97142,61.40033,55.47071,58.5235,60.46487,62.68174,58.82176,61.22091,61.05735,67.47592,60.46487,61.03278,57.45433,59.40539,61.84658,55.56978,59.90826,58.00862,55.60576,55.21775,55.22681,55.9017,52.3259,52.83938,53.31041,53.23533,51.07837,45.18849,45.54119,40.49691,41.10961,44.59821,39.84972,41.0,39.05125,39.20459,39.20459,27.65863,22.67157,24.08319,29.83287,24.83948,33.54102,28.84441,32.44996,38.47077,37.73592,40.71855,40.31129,41.10961,43.73786,41.97618,43.28972,46.87217,42.19005,48.25971,45.70558,42.10701,49.0,49.16299,51.0098,50.63596,54.0,50.24938,50.15974,48.6621,53.15073,45.09989,53.15073,49.0408,48.09366,56.0803,52.03845,45.04442,53.08484,50.03998,52.03845,54.08327,54.08327,54.00926,50.08992,54.23099,57.70615,50.48762,55.7315,55.14526,53.60037,54.08327,55.57877,62.20129,57.42822,55.22681,61.18823,51.24451
9.21954,9.21954,10.04988,10.19804,10.19804,9.21954,10.04988,10.04988,10.04988,10.04988,11.04536,11.04536,10.04988,10.04988,10.04988,11.0,10.0,10.0,10.0,10.0,10.04988,10.0,10.0,11.04536,11.0,11.04536,10.04988,11.0,11.0,11.04536,10.0,10.0,10.0,10.0,10.0,10.0,10.04988,9.05539,9.05539,8.06226,9.21954,8.06226,8.24621,8.24621,7.28011,7.07107,7.28011,6.32456,6.32456,6.32456,6.7082,5.83095,60.07495,55.36244,59.23681,52.63079,54.08327,50.0,53.14132,58.87274,57.69749,55.54278,56.46238,57.27128,58.69412,60.37384,53.23533,61.58734,66.57327,60.74537,59.5063,58.83026,64.89992,59.16925,53.60037,55.75841,59.03389,64.41273,58.66856,62.00806,61.05735,63.25346,57.80138,57.98276,57.45433,62.1289,56.61272,55.00909,59.09315,58.59181,58.18075,56.79789,56.93856,54.12024,56.36488,54.56189,51.07837,50.92151,44.94441,47.75982,45.54119,37.85499,40.26164,40.60788,40.02499,37.05401,37.21559,35.22783,36.05551,21.09502,26.90725,27.45906,26.87006,26.87006,28.28427,26.40076,31.06445,35.51056,35.51056,35.8469,35.22783,43.909,42.54409,43.9659,42.44997,45.12206,40.60788,44.55334,45.09989,46.0,51.0098,48.04165,47.16991,49.0102,48.37355,52.08647,52.03845,48.04165,53.00943,45.09989,47.51842,50.63596,50.24938,50.24938,50.63596,46.0,51.15662,53.08484,56.0357,54.08327,52.00961,51.24451,52.15362,49.49747,52.03845,52.15362,53.23533,55.3263,55.08176,50.80354,55.31727,58.21512,51.1957,59.03389,59.90826,60.67125
10.0,10.0,9.43398,10.81665,9.43398,10.29563,10.29563,10.29563,10.29563,9.84886,11.18034,11.18034,11.18034,10.77033,11.18034,12.08305,11.7047,10.77033,10.44031,10.77033,10.77033,11.40175,10.77033,11.40175,11.7047,11.40175,11.40175,11.7047,11.7047,11.40175,10.44031,11.40175,10.44031,10.44031,10.77033,10.44031,10.77033,9.84886,9.84886,9.84886,8.94427,8.94427,8.94427,8.94427,8.06226,8.06226,8.06226,8.06226,7.2111,7.2111,7.81025,7.07107,50.32892,57.00877,50.35871,55.02727,59.21149,50.35871,53.08484,53.23533,50.03998,51.08816,53.03772,54.00926,65.06919,56.0357,58.13777,62.16912,63.07139,63.78871,59.07622,64.12488,63.56099,59.3043,52.7731,58.21512,57.70615,61.52235,58.24946,57.97413,55.57877,63.56886,59.43904,60.20797,61.66036,58.24946,61.68468,54.12947,56.56854,58.5235,57.31492,60.40695,54.91812,57.31492,54.08327,55.00909,53.33854,55.03635,49.0,48.0,44.10215,42.42641,47.01064,42.29657,40.1995,41.30375,40.79216,41.59327,42.37924,26.0,24.5153,23.76973,24.04163,26.68333,30.0,28.0,34.0147,37.33631,40.1995,40.60788,43.41659,45.39824,46.57252,45.31004,46.61545,48.33218,49.65884,46.09772,46.51881,46.64762,52.69725,50.24938,53.33854,52.43091,53.23533,54.03702,54.20332,51.62364,49.81967,51.22499,51.66237,51.85557,49.81967,56.40035,55.47071,51.62364,56.30275,52.69725,57.69749,51.86521,61.40033,50.24938,53.85165,50.11986,57.38467,54.626,51.62364,52.80152,55.4617,58.60034,57.93962,60.53924,56.85948,54.56189,56.0803,55.36244
9.84886,10.44031,10.44031,10.44031,10.44031,10.44031,10.44031,11.40175,11.40175,11.18034,12.16553,12.16553,12.16553,12.16553,11.18034,12.16553,12.16553,11.18034,12.04159,11.04536,11.18034,12.04159,11.18034,12.04159,12.04159,12.04159,12.04159,12.04159,13.0384,12.04159,11.18034,12.16553,12.16553,11.18034,11.18034,11.18034,11.40175,11.18034,10.19804,10.44031,9.48683,10.44031,9.48683,9.48683,8.94427,8.544,8.94427,8.06226,8.06226,8.06226,8.06226,7.81025,54.58938,50.01,55.71355,51.07837,45.54119,52.80152,50.60632,55.9464,50.11986,59.5063,54.70832,51.86521,61.05735,55.00909,57.80138,57.98276,61.29437,58.82176,55.22681,60.41523,66.57327,53.25411,56.63921,58.41233,55.21775,58.66856,56.30275,53.8145,58.00862,65.29931,59.36329,61.61169,56.30275,63.89053,56.63921,62.1289,57.80138,58.24946,54.70832,59.90826,55.22681,57.24509,53.66563,54.56189,52.7731,48.8467,55.36244,47.85394,48.8467,44.94441,44.92215,42.72002,43.41659,37.36308,37.33631,39.20459,35.22783,19.10497,24.08319,20.61553,28.3196,23.02173,29.20616,29.68164,30.41381,34.88553,34.17601,38.60052,40.49691,43.86342,47.12749,48.05206,45.70558,51.97115,47.16991,46.52956,44.01136,46.09772,52.08647,47.0,52.15362,52.95281,59.03389,54.33231,50.80354,44.55334,53.60037,43.18565,50.80354,48.37355,47.09565,54.91812,54.23099,46.38965,55.03635,50.03998,58.03447,54.33231,52.08647,57.03508,58.03447,52.34501,53.33854,55.14526,54.23099,55.7315,56.00893,52.46904,58.03447,58.13777,49.09175,59.03389,55.9017,53.75872
10.29563,9.84886,9.84886,10.77033,10.77033,9.84886,10.44031,10.44031,10.44031,10.44031,10.44031,11.40175,11.40175,11.40175,10.44031,12.16553,11.18034,11.18034,11.18034,11.18034,11.18034,11.18034,11.18034,11.18034,11.18034,11.18034,11.04536,12.16553,12.16553,12.04159,11.18034,11.18034,11.18034,11.18034,11.18034,11.18034,11.40175,10.44031,10.44031,9.48683,9.48683,10.44031,9.48683,9.48683,8.544,8.544,8.544,8.94427,8.06226,8.06226,8.60233,7.81025,46.38965,45.70558,49.98,52.20153,58.30952,46.61545,52.47857,50.9902,52.3259,48.01042,52.83938,51.31277,56.93856,55.80323,54.20332,51.08816,59.20304,59.20304,51.31277,54.20332,56.85068,59.20304,55.22681,59.81639,55.44367,61.55485,58.79626,60.81118,58.72819,65.19202,58.0517,53.03772,58.0,66.70832,55.86591,56.0803,57.98276,57.28001,59.03389,54.56189,53.8145,54.67175,53.00943,55.21775,51.0392,51.31277,51.10773,48.54894,39.11521,43.26662,44.72136,41.18252,36.05551,43.86342,38.60052,40.5216,37.65634,21.09502,21.9545,27.29469,28.17801,28.23119,29.06888,28.79236,34.78505,35.44009,37.33631,40.80441,38.27532,49.0408,47.09565,51.0,46.0,51.08816,52.0,50.08992,55.08176,51.0098,55.3263,50.35871,55.10898,58.24946,54.74486,49.72927,52.63079,53.16014,53.85165,49.81967,53.15073,58.24088,51.78803,54.91812,52.7731,53.75872,50.48762,57.21888,54.33231,58.85576,57.21888,55.03635,57.00877,50.01,54.14795,58.42089,55.00909,56.00893,57.03508,52.00961,52.46904,61.0082,60.03332,61.29437,60.29925,55.10898
10.04988,10.19804,10.19804,10.19804,10.19804,10.19804,10.44031,10.44031,10.44031,10.44031,11.40175,10.77033,11.40175,10.77033,10.44031,11.7047,11.18034,10.77033,11.18034,10.77033,10.77033,11.18034,10.77033,11.18034,11.18034,11.18034,11.18034,11.18034,11.18034,11.6619,10.77033,11.18034,11.18034,9.84886,10.77033,10.77033,10.77033,9.48683,9.48683,9.48683,9.48683,9.48683,9.48683,8.24621,8.24621,8.24621,8.24621,8.06226,8.06226,8.06226,8.0,7.0,50.24938,43.82921,48.83646,46.69047,53.15073,50.44799,48.10405,53.41348,45.60702,52.63079,57.80138,56.60389,54.08327,56.40035,56.60389,58.60034,56.82429,60.41523,56.82429,55.9464,61.32699,56.35601,60.83584,60.00833,60.83584,61.29437,55.15433,60.00833,60.83584,61.09828,61.32699,62.03225,62.03225,63.56886,59.66574,61.77378,59.5063,56.79789,58.13777,54.23099,56.0803,52.35456,52.83938,51.0,53.0,49.73932,48.27007,48.02083,46.32494,48.37355,40.60788,43.60046,37.80212,40.36087,40.36087,38.94868,35.80503,25.0,24.20744,23.43075,27.58623,26.1725,29.0,30.23243,33.97058,35.0,40.60788,42.43819,42.72002,46.87217,43.38202,44.92215,48.8467,51.86521,48.50773,53.60037,49.47727,51.62364,49.49747,54.12947,55.7315,55.57877,53.33854,50.03998,50.48762,48.09366,52.23983,46.38965,53.15073,57.31492,48.16638,53.08484,50.0,47.29693,53.36666,49.72927,50.44799,51.97115,53.75872,49.33559,52.20153,51.5461,57.69749,52.55473,49.76947,55.54278,58.60034,49.65884,51.62364,48.46648,48.8774,56.93856,57.27128,51.42956
8.60233,9.21954,9.21954,10.63015,9.21954,9.21954,9.21954,9.21954,9.21954,9.21954,9.89949,10.0,10.63015,10.0,10.0,10.0,9.43398,9.43398,10.29563,10.0,10.0,10.0,9.43398,10.29563,10.81665,10.29563,10.29563,10.81665,10.81665,10.29563,9.43398,10.81665,9.43398,9.43398,9.43398,8.60233,9.21954,9.21954,8.60233,8.48528,7.81025,7.81025,8.48528,7.07107,7.07107,7.07107,6.40312,6.40312,6.40312,6.40312,5.83095,5.83095,61.61169,54.81788,51.47815,51.97115,51.62364,52.08647,51.0098,50.0,51.08816,52.03845,51.15662,52.00961,54.45181,55.00909,53.60037,56.08921,56.88585,57.87055,54.74486,54.12947,57.48913,54.58938,52.63079,54.91812,53.46027,59.68249,55.97321,58.5235,58.69412,56.61272,53.60037,53.36666,58.69412,51.97115,51.41984,51.24451,55.57877,51.47815,53.23533,50.48762,52.46904,47.38143,48.25971,46.27094,48.04165,45.01111,46.0,44.0,36.12478,39.11521,38.47077,36.22154,37.21559,41.23106,33.73426,37.94733,31.7805,24.59675,29.06888,25.63201,29.73214,30.26549,31.57531,31.57531,35.22783,37.48333,40.04997,42.0119,43.01163,47.04253,48.16638,43.73786,45.12206,52.88667,51.26402,50.59644,52.0,52.80152,57.27128,55.03635,55.9464,55.9464,55.54278,54.70832,54.58938,53.85165,55.47071,52.20153,51.61395,52.80152,50.60632,54.3783,51.47815,50.11986,54.626,55.03635,54.23099,57.3062,58.18935,51.89412,56.35601,49.64877,48.76474,55.15433,53.16014,57.87055,56.61272,56.04463,54.34151,56.51548,46.57252,57.00877,60.16644,52.63079
11.40175,10.77033,12.08305,12.08305,12.08305,10.77033,11.6619,11.18034,11.6619,11.6619,12.08305,11.6619,12.52996,11.6619,11.6619,12.20656,10.81665,11.40175,11.40175,11.40175,11.40175,12.04159,11.40175,12.80625,12.20656,11.40175,11.40175,12.80625,12.04159,12.04159,11.40175,12.04159,12.04159,11.40175,10.63015,10.81665,10.81665,10.29563,10.29563,10.29563,10.29563,9.43398,10.29563,8.06226,8.94427,8.06226,8.94427,8.06226,8.544,8.544,7.28011,7.07107,51.86521,53.23533,57.48913,50.44799,50.44799,51.92302,50.9902,53.33854,50.48762,56.4358,52.08647,49.16299,54.14795,52.00961,53.00943,53.03772,61.29437,53.15073,53.0,51.47815,60.07495,47.01064,54.23099,53.03772,53.23533,54.23099,53.03772,57.87055,56.32051,55.3263,53.23533,55.14526,49.36598,55.57877,50.63596,55.03635,55.7315,52.15362,52.00961,49.0408,49.09175,47.0,51.0098,46.09772,47.16991,42.42641,45.54119,39.62323,38.47077,37.21559,38.47077,34.9285,35.22783,29.41088,36.05551,31.62278,33.10589,27.07397,25.70992,25.0,31.57531,26.30589,30.80584,34.9285,32.98485,38.8973,40.31129,44.94441,43.46263,49.24429,46.95743,52.35456,48.25971,51.97115,50.21952,52.43091,50.44799,53.75872,55.22681,53.03772,53.74012,57.38467,52.34501,52.49762,54.56189,53.8145,57.28001,45.25483,55.22681,53.03772,48.08326,55.17246,53.07542,49.51767,51.73973,50.44799,55.47071,54.67175,50.0,55.60576,55.56978,54.20332,55.75841,53.25411,51.88449,53.7122,51.31277,52.83938,53.66563,58.18075,52.0,56.36488,63.69458,56.35601
11.04536,11.0,11.04536,11.0,11.0,11.0,11.04536,11.04536,11.04536,11.04536,11.04536,11.04536,11.04536,11.18034,11.04536,12.16553,11.18034,10.19804,11.40175,11.40175,11.18034,11.40175,10.19804,11.40175,11.40175,11.40175,11.40175,11.40175,11.40175,10.44031,10.44031,11.40175,10.44031,10.19804,10.19804,10.19804,10.04988,10.04988,9.05539,9.05539,9.0,9.05539,9.05539,8.0,8.0,7.0,7.0,7.0,7.0,7.07107,6.08276,6.32456,54.42426,54.12024,54.12947,52.35456,60.20797,50.11986,56.40035,51.62364,55.80323,50.60632,53.41348,53.41348,57.62812,54.81788,56.61272,58.0517,61.7171,53.74012,47.50789,55.22681,56.63921,57.28001,51.40039,52.40229,51.66237,54.67175,55.9017,59.20304,55.44367,59.5483,54.67175,52.34501,52.3259,53.60037,50.24938,45.25483,54.20332,53.90733,50.32892,48.16638,49.51767,48.83646,50.91169,47.63402,43.41659,46.09772,42.63801,44.40721,31.38471,38.27532,33.61547,34.98571,35.22783,34.9285,32.64966,32.31099,32.01562,24.04163,23.43075,29.41088,29.68164,32.75668,32.24903,31.06445,36.23534,39.81206,41.4367,41.76123,45.31004,47.75982,49.72927,47.51842,53.46027,52.95281,53.23533,48.37355,54.03702,54.0,58.03447,53.03772,57.00877,55.0,55.22681,55.14526,52.23983,54.00926,53.08484,52.00961,51.08816,53.15073,51.0098,55.3263,51.0392,50.0,55.00909,51.15662,55.57877,55.03635,61.52235,52.7731,58.0517,46.87217,50.44799,54.12947,54.40588,54.40588,59.13544,54.12024,55.03635,56.30275,56.61272,61.35145,55.15433,61.84658
9.84886,9.43398,9.43398,10.29563,10.29563,9.43398,10.0,9.43398,9.43398,10.0,9.43398,10.0,10.0,10.0,9.43398,10.63015,9.21954,9.21954,9.21954,9.21954,9.21954,9.89949,9.21954,9.89949,9.89949,9.89949,9.89949,9.89949,9.89949,9.89949,9.21954,9.21954,9.21954,9.21954,9.21954,8.60233,8.60233,8.06226,8.06226,8.06226,7.2111,7.2111,7.61577,6.7082,6.7082,5.38516,5.38516,5.38516,6.32456,6.08276,6.08276,5.0,52.0,48.8467,55.97321,54.42426,49.64877,56.921,57.00877,59.77458,54.12947,57.28001,55.54278,54.57105,58.24946,53.15073,57.00877,54.23099,62.64982,57.55867,53.60037,57.42822,64.19502,50.63596,53.08484,55.3263,56.7186,55.44367,51.47815,56.0357,57.14018,56.00893,51.35173,54.74486,53.15073,54.14795,53.15073,50.63596,52.08647,53.33854,51.1957,47.07441,50.44799,50.32892,44.64303,48.50773,42.37924,40.49691,41.62932,42.05948,35.4683,33.24154,36.67424,32.31099,35.77709,30.52868,32.44996,30.80584,29.83287,27.0,29.15476,22.02272,31.14482,31.257,32.55764,31.57531,34.23449,40.26164,39.56008,43.01163,42.05948,47.75982,47.42362,50.60632,52.35456,55.4617,53.53504,52.00961,51.0392,52.49762,57.31492,53.2635,53.74012,58.0,56.72742,55.31727,55.97321,53.75872,57.98276,46.69047,57.28001,52.3259,50.24938,56.56854,51.08816,52.49762,53.90733,49.81967,59.03389,56.72742,55.47071,56.40035,57.14018,54.08327,55.03635,53.33854,60.53924,57.80138,53.33854,52.83938,52.83938,60.37384,52.15362,59.9333,61.84658,55.4617
11.7047,11.40175,11.40175,11.40175,11.40175,10.44031,11.18034,11.18034,11.18034,11.18034,11.18034,11.18034,11.18034,11.18034,10.19804,11.04536,11.04536,10.04988,10.04988,10.04988,10.04988,11.04536,10.04988,11.04536,11.04536,11.0,10.0,11.04536,11.04536,11.0,10.04988,10.04988,10.04988,10.04988,10.04988,9.21954,9.21954,9.21954,9.21954,8.24621,8.24621,8.24621,8.24621,7.28011,7.28011,7.28011,7.61577,6.7082,6.7082,6.7082,5.83095,5.83095,51.41984,54.34151,55.02727,52.55473,54.626,57.24509,53.85165,59.03389,51.88449,51.89412,54.6443,56.85948,56.60389,54.08327,57.69749,52.63079,59.64059,57.2014,53.53504,52.15362,58.25805,54.40588,50.9902,53.41348,52.43091,53.60037,52.00961,54.56189,51.85557,54.56189,48.16638,53.2635,47.43416,52.63079,47.80167,48.37355,47.16991,48.41487,46.32494,45.80393,46.87217,43.04649,43.41659,45.69464,42.48529,41.23106,43.82921,38.07887,34.0,33.54102,35.8469,35.1141,31.32092,29.54657,30.59412,30.80584,28.16026,24.83948,27.29469,25.4951,28.6531,32.44996,34.0,33.61547,38.07887,38.48376,42.37924,45.35416,44.59821,49.98,48.83646,50.63596,51.62364,55.7315,51.0098,56.0803,53.15073,55.03635,57.00877,59.03389,57.00877,59.21149,62.00806,54.45181,57.70615,51.78803,58.13777,48.6621,58.54912,57.42822,53.03772,54.14795,55.00909,51.0098,56.0357,52.03845,55.0,58.0,56.56854,52.23983,53.15073,54.45181,53.23533,52.7731,57.48913,56.08921,60.20797,58.0517,56.32051,57.28001,55.7853,60.20797,61.68468,61.13101
11.40175,10.81665,11.18034,11.6619,10.81665,10.81665,11.18034,11.6619,11.18034,11.18034,11.6619,11.18034,11.18034,11.18034,11.18034,12.08305,10.77033,11.18034,10.77033,10.77033,9.84886,10.77033,10.77033,10.44031,10.77033,10.77033,10.77033,10.77033,10.77033,10.77033,9.84886,10.77033,9.84886,9.84886,9.84886,9.84886,10.29563,8.94427,8.94427,8.94427,8.60233,8.06226,8.06226,7.2111,7.2111,7.2111,6.40312,6.40312,6.40312,6.40312,6.40312,6.40312,58.0517,56.88585,61.0082,61.0,58.13777,61.0,54.08327,58.13777,56.22277,62.00806,60.07495,57.42822,58.21512,57.21888,56.0803,56.7186,67.36468,60.13319,58.13777,53.60037,60.82763,53.33854,56.29387,58.24946,50.03998,54.74486,49.24429,52.39275,53.75872,56.51548,52.17279,55.7315,52.95281,52.95281,50.21952,51.35173,51.97115,51.78803,50.15974,49.16299,48.09366,48.0,43.01163,49.0,46.01087,45.0,46.27094,39.01282,39.05125,35.0,35.22783,34.52535,33.95585,33.54102,31.32092,32.28002,31.7805,26.24881,28.16026,27.65863,33.54102,33.06055,37.21559,31.40064,35.0571,45.04442,44.10215,45.17743,45.54119,50.48762,54.81788,52.81098,52.20153,57.87055,52.39275,57.77543,55.03635,52.39275,63.07139,54.58938,59.5063,59.90826,57.24509,59.16925,60.41523,51.0,59.94164,49.09175,56.30275,56.82429,54.12024,57.80138,53.22593,49.98,60.00833,52.92447,58.87274,61.46544,58.5235,55.36244,60.74537,54.40588,56.75385,57.97413,58.18935,58.24946,57.87055,55.10898,59.22837,63.06346,57.97413,63.63961,64.19502,62.36986
10.29563,10.77033,9.48683,10.77033,9.84886,9.84886,9.84886,9.84886,10.77033,9.48683,10.77033,10.44031,10.44031,10.44031,9.48683,10.44031,10.44031,9.48683,9.21954,9.21954,9.21954,9.21954,9.48683,10.19804,10.19804,10.19804,9.21954,9.21954,10.19804,9.21954,8.24621,9.21954,9.21954,8.24621,8.544,8.544,8.94427,7.61577,7.61577,7.61577,7.2111,8.06226,7.2111,7.2111,6.40312,6.40312,6.40312,6.40312,5.65685,6.40312,6.40312,5.83095,55.65968,56.32051,57.87055,54.70832,61.35145,52.0,55.47071,59.09315,57.3062,53.7122,54.58938,60.74537,61.7171,58.18075,54.626,55.75841,59.5399,53.23533,55.07268,58.5235,61.29437,53.33854,53.82379,55.44367,52.80152,54.81788,55.47071,59.66574,53.53504,61.07373,53.60037,54.20332,53.0,54.6443,52.20153,47.01064,50.32892,48.41487,49.92995,48.75449,47.50789,47.01064,45.17743,40.49691,45.18849,46.51881,34.9285,40.24922,34.78505,34.0,35.1141,34.48188,31.38471,33.24154,32.01562,31.01612,31.01612,28.42534,24.08319,24.08319,33.83785,31.62278,32.64966,34.48188,39.35734,39.96248,42.15448,46.48656,45.35416,51.66237,49.0306,48.05206,52.23983,54.45181,55.0,54.00926,53.23533,53.0,60.07495,58.07753,56.22277,55.10898,59.3043,56.08921,56.4358,55.9017,56.22277,49.16299,54.58938,54.14795,54.0,56.22277,55.14526,54.23099,56.22277,54.00926,57.00877,54.03702,60.03332,54.23099,53.93515,50.24938,60.82763,60.20797,53.75872,54.34151,58.30952,59.4138,58.30952,64.77654,58.0517,60.29925,61.40033,64.56005
10.44031,10.44031,10.19804,10.19804,10.19804,10.19804,10.19804,10.19804,10.19804,10.04988,10.04988,10.04988,10.04988,10.0,10.04988,10.04988,10.0,9.05539,10.0,10.0,10.0,10.0,9.05539,10.04988,10.04988,10.0,10.0,10.0,10.0,9.0,9.0,9.0,9.0,9.05539,9.05539,9.05539,9.05539,8.06226,8.06226,8.06226,7.28011,7.28011,7.28011,7.28011,6.32456,6.32456,6.7082,6.7082,5.83095,6.7082,5.83095,5.65685,61.13101,51.86521,60.40695,50.92151,56.0803,57.77543,53.22593,58.30952,51.42956,53.23533,49.65884,50.53712,57.3062,51.47815,55.56978,53.53504,61.05735,58.5235,53.33854,54.58938,57.62812,51.86521,52.00961,51.61395,52.35456,53.25411,52.20153,52.80152,50.0,55.44367,54.08327,53.0,53.82379,54.56189,50.44799,48.37355,50.21952,50.21952,49.1935,48.37355,44.41846,47.42362,42.05948,46.51881,41.23106,41.62932,39.21734,37.33631,36.13862,33.95585,36.40055,32.55764,34.71311,33.06055,28.44293,31.06445,28.07134,29.69848,28.42534,29.0,33.28663,33.28663,36.23534,34.53983,36.24914,41.62932,38.62642,42.2019,44.94441,51.24451,49.24429,53.46027,52.34501,58.54912,50.48762,57.14018,55.03635,56.00893,59.07622,56.00893,58.21512,56.08921,61.0082,53.60037,55.57877,54.74486,58.30952,51.62364,58.30952,53.75872,55.08176,54.08327,55.08176,52.00961,56.0,56.0803,57.00877,55.03635,55.14526,55.00909,50.35871,54.33231,58.03447,54.14795,51.62364,59.22837,56.7186,57.27128,62.36986,59.68249,53.60037,58.94065,60.20797,55.31727
10.29563,11.18034,10.77033,10.77033,10.77033,10.77033,10.77033,9.84886,10.77033,9.48683,10.77033,10.44031,10.44031,10.44031,10.44031,11.40175,11.40175,9.21954,10.19804,10.19804,10.44031,10.19804,9.21954,10.19804,10.19804,10.19804,10.19804,10.19804,11.18034,10.19804,9.48683,10.44031,9.48683,9.48683,9.48683,9.48683,9.48683,8.544,8.544,8.544,7.61577,7.61577,7.61577,7.61577,7.2111,6.7082,7.2111,5.83095,6.40312,6.40312,5.65685,5.65685,55.08176,55.14526,54.45181,55.10898,55.9017,51.47815,55.10898,52.95281,54.12947,50.9902,53.16014,51.97115,55.71355,53.16014,55.31727,54.78138,58.24088,54.42426,51.62364,55.54278,58.60034,54.08327,51.47815,53.85165,50.69517,56.36488,53.22593,59.48109,51.47815,55.4617,51.47815,50.56679,47.53946,52.83938,53.33854,51.07837,47.41308,50.11986,49.33559,43.46263,43.65776,45.35416,45.35416,43.01163,39.05125,42.72002,39.62323,40.5216,35.35534,35.12834,32.24903,37.33631,38.47077,36.34556,31.0,32.06244,30.26549,25.05993,28.17801,29.06888,36.68787,32.28002,32.38827,34.48188,38.32754,45.70558,45.17743,46.04346,46.17359,53.23533,52.15362,46.27094,53.03772,56.0803,57.72348,54.45181,52.17279,56.04463,60.41523,62.36185,61.35145,60.40695,57.72348,60.08328,55.9464,57.77543,61.35145,53.75872,60.16644,58.82176,54.12024,57.00877,58.24088,51.66237,60.20797,54.34151,56.88585,57.48913,60.20797,54.91812,58.00862,56.56854,53.15073,58.69412,58.21512,59.13544,58.07753,54.0,60.00833,61.13101,59.07622,63.00794,63.00794,56.0803
9.0,9.0,9.05539,10.04988,9.05539,9.05539,9.21954,9.05539,9.05539,9.21954,10.04988,9.21954,9.21954,9.21954,9.21954,9.48683,9.48683,8.24621,9.48683,8.544,8.544,8.544,8.24621,9.48683,9.48683,9.48683,8.544,9.84886,9.48683,8.544,8.544,8.544,8.544,8.544,8.24621,8.24621,8.06226,8.06226,8.06226,7.07107,7.07107,7.07107,7.07107,6.08276,6.0,6.0,6.0,6.0,6.08276,6.08276,5.38516,5.38516,51.73973,60.44005,54.56189,50.93133,53.74012,53.07542,53.8145,55.22681,53.41348,54.03702,52.80152,50.47772,57.42822,54.91812,52.15362,55.9464,60.74537,54.58938,51.62364,51.62364,52.35456,53.0,47.92703,51.89412,52.35456,53.7122,51.47815,51.26402,51.0,56.35601,51.0,51.62364,53.22593,53.66563,47.42362,51.61395,50.53712,50.9902,48.30114,47.50789,43.82921,48.82622,43.41659,43.04649,44.68781,42.80187,39.69887,41.86884,37.01351,40.31129,35.38361,31.14482,33.97058,34.98571,32.20248,26.62705,27.85678,25.63201,28.23119,28.30194,33.28663,34.20526,37.21559,36.71512,41.23106,44.04543,44.59821,44.68781,43.93177,55.17246,53.07542,52.43091,57.3062,58.5235,53.66563,54.20332,53.85165,55.36244,60.00833,55.71355,56.30275,57.56735,60.41523,56.75385,56.04463,56.51548,62.64184,48.38388,55.31727,52.81098,52.80152,61.13101,55.36244,54.42426,55.9464,52.80152,56.36488,55.03635,57.24509,53.7122,57.3062,52.47857,53.7122,54.91812,56.61272,50.21952,55.80323,56.61272,56.0803,53.85165,54.40588,56.61272,64.81512,56.72742
10.04988,10.04988,10.0,11.0,10.0,10.0,11.0,10.04988,10.04988,10.04988,11.0,11.04536,11.04536,11.04536,10.04988,11.18034,11.18034,10.19804,10.19804,10.19804,10.19804,10.19804,10.19804,11.40175,11.18034,11.18034,11.18034,11.18034,11.40175,11.18034,10.19804,10.19804,10.19804,10.19804,10.19804,10.04988,10.04988,9.05539,9.05539,9.05539,9.0,9.0,9.0,8.0,8.0,7.0,7.0,7.0,7.07107,7.07107,7.28011,6.32456,57.70615,51.47815,51.31277,51.97115,53.60037,51.10773,49.81967,53.41348,47.42362,48.9183,51.66237,50.91169,54.56189,52.40229,51.73973,57.2014,59.03389,53.90733,56.63921,53.03772,59.81639,49.57822,53.82379,53.41348,54.20332,55.0,51.22499,58.00862,50.80354,58.24946,52.15362,55.60576,47.63402,51.31277,51.40039,48.60041,48.01042,51.47815,49.40648,47.20169,45.34314,48.60041,45.96738,48.79549,45.96738,45.96738,44.82187,41.03657,36.61967,36.76955,39.20459,38.01316,36.61967,30.0,32.31099,35.77709,35.17101,26.62705,27.65863,30.61046,36.06938,29.69848,31.89044,35.0,40.60788,45.80393,42.19005,46.64762,45.48626,51.97115,50.9902,47.16991,49.98,58.87274,53.45091,55.36244,55.7853,54.57105,60.41523,56.32051,58.42089,57.21888,60.41523,58.13777,60.03332,59.0,64.13267,51.15662,61.20457,54.23099,55.7315,59.3043,56.4358,52.46904,58.46366,56.08921,60.87693,56.08921,55.65968,57.72348,56.51548,54.81788,59.13544,61.13101,56.30275,54.23099,60.08328,57.24509,58.87274,64.51356,51.07837,59.03389,60.16644,56.82429
10.19804,9.48683,9.48683,9.48683,10.44031,9.48683,9.84886,9.84886,9.84886,9.84886,10.77033,10.77033,9.84886,9.84886,9.84886,11.18034,10.29563,10.29563,9.43398,10.29563,10.29563,10.29563,10.29563,9.43398,10.29563,10.29563,10.0,10.29563,9.43398,10.0,8.94427,9.43398,9.43398,8.94427,8.94427,9.84886,9.84886,8.544,8.544,8.544,8.544,8.544,8.544,7.61577,7.28011,7.28011,7.28011,7.28011,7.07107,7.07107,7.0,6.0,47.50789,51.86521,52.92447,48.10405,51.26402,50.59644,53.48832,52.49762,46.17359,50.92151,54.12947,48.27007,53.75872,52.88667,54.81788,51.78803,60.87693,52.63079,52.49762,59.03389,58.42089,50.80354,52.34501,51.62364,52.39275,52.23983,54.23099,55.44367,52.88667,60.13319,50.48762,60.40695,52.34501,59.13544,54.45181,49.64877,51.62364,50.24938,46.84015,49.81967,52.17279,48.27007,47.80167,46.32494,47.16991,48.08326,45.22168,44.01136,39.92493,39.35734,40.24922,39.81206,37.94733,34.4093,33.28663,31.90611,33.83785,25.70992,24.0,26.24881,29.73214,29.73214,33.52611,31.32092,36.40055,39.56008,39.82462,42.54409,41.18252,44.10215,48.25971,52.00961,49.20366,57.42822,53.03772,50.24938,53.8145,55.22681,55.22681,60.959,55.80323,59.16925,59.46427,54.70832,55.21775,55.47071,58.41233,48.25971,57.2014,53.82379,52.80152,57.98276,49.81967,54.81788,58.0517,50.60632,58.89822,60.0,59.39697,55.9017,52.3259,50.32892,56.58622,54.67175,54.67175,51.66237,55.97321,52.00961,52.49762,53.41348,54.08327,60.20797,53.15073,53.41348
10.29563,9.84886,9.48683,10.77033,9.84886,9.84886,10.44031,9.48683,10.44031,10.44031,10.44031,10.44031,10.44031,10.44031,9.48683,11.18034,10.19804,9.21954,10.19804,10.19804,10.19804,10.19804,9.21954,10.04988,10.19804,10.19804,10.04988,11.18034,10.19804,10.04988,9.21954,10.19804,9.21954,9.21954,9.21954,9.21954,9.48683,8.544,8.544,8.544,8.544,8.544,8.544,7.61577,7.61577,6.7082,6.7082,6.7082,7.2111,7.2111,6.40312,6.40312,50.35871,50.01,53.33854,52.61179,48.83646,49.0306,43.68066,53.48832,44.27189,52.63079,52.39275,55.54278,56.85948,52.20153,55.97321,55.9464,56.64804,53.31041,54.626,55.9464,62.76942,54.626,53.53504,53.53504,55.47071,55.47071,53.22593,55.9464,52.7731,60.90156,52.7731,54.91812,47.01064,57.14018,48.25971,52.83938,48.54894,50.24938,50.08992,49.73932,52.3259,49.76947,51.0,44.59821,41.78516,42.72002,46.48656,42.05948,38.8973,40.02499,35.44009,36.13862,34.20526,32.28002,33.24154,34.05877,32.01562,23.25941,24.69818,25.70992,31.62278,25.70992,32.98485,34.9285,32.55764,37.48333,35.12834,44.01136,44.18144,48.01042,46.27094,47.51842,48.83646,57.07013,50.9902,50.21952,50.28916,52.63079,53.14132,53.16014,52.80152,55.54278,55.71355,51.88449,56.35601,50.56679,54.42426,45.18849,52.80152,54.12947,50.28916,55.03635,54.78138,48.8467,53.16014,48.76474,51.86521,54.57105,53.15073,57.48913,55.54278,48.83646,58.94065,54.58938,52.7731,54.23099,50.80354,54.91812,53.23533,58.13777,52.46904,50.63596,55.14526,49.0102
9.05539,9.0,9.0,9.0,9.0,9.0,10.04988,9.05539,10.04988,10.04988,10.04988,10.19804,10.04988,10.04988,9.05539,10.19804,9.21954,9.21954,9.21954,9.21954,9.05539,9.21954,9.21954,10.19804,10.19804,10.19804,9.21954,10.19804,10.19804,10.44031,9.21954,9.21954,9.21954,9.21954,9.21954,9.05539,9.05539,8.06226,8.06226,8.0,8.0,8.0,8.0,7.0,7.0,7.0,7.07107,6.08276,6.08276,6.08276,6.32456,5.38516,52.47857,48.54894,47.20169,58.13777,53.41348,51.85557,49.51767,55.86591,53.15073,54.56189,53.60037,50.44799,59.81639,57.98276,56.58622,57.80138,63.78087,57.00877,58.0517,54.40588,68.50547,53.25411,60.74537,54.08327,51.85557,58.00862,55.21775,62.43397,60.20797,56.0803,58.59181,59.16925,53.53504,58.5235,54.56189,54.08327,53.0,56.0357,53.90733,60.80296,51.61395,54.67175,49.67897,46.69047,45.96738,45.96738,47.38143,40.31129,43.84062,34.71311,38.20995,36.87818,37.64306,39.66106,34.66987,36.40055,33.54102,22.82542,26.40076,25.0,33.42155,33.30165,29.73214,30.41381,35.0,44.59821,38.27532,44.20407,43.60046,48.54894,52.3259,51.24451,47.42362,54.56189,54.12024,53.85165,49.0408,54.40588,60.82763,53.15073,57.07013,58.69412,53.36666,52.03845,52.34501,56.4358,55.9017,48.37355,52.23983,56.0357,54.58938,57.42822,51.78803,52.88667,54.81788,51.1957,60.44005,55.7853,52.20153,61.35145,60.08328,52.81098,53.14132,54.40588,52.39275,53.31041,56.64804,53.22593,53.22593,54.23099,46.23851,52.0,54.12024,55.56978
9.43398,8.94427,8.94427,9.43398,10.29563,8.94427,9.84886,9.84886,9.84886,9.84886,9.84886,10.77033,9.84886,9.84886,9.84886,11.40175,9.48683,9.48683,9.48683,10.44031,9.84886,10.44031,9.48683,10.44031,10.44031,10.44031,10.44031,11.40175,10.44031,10.19804,9.48683,10.44031,10.44031,9.48683,9.48683,9.48683,9.84886,8.94427,8.94427,8.06226,8.94427,8.06226,8.06226,6.7082,7.2111,7.2111,7.2111,6.40312,6.40312,6.40312,5.65685,5.65685,50.48762,45.04442,51.35173,52.61179,52.88667,49.33559,50.96077,55.7853,51.86521,55.08176,50.69517,52.3259,57.00877,54.626,51.26402,55.36244,58.18075,57.69749,55.54278,56.82429,60.82763,52.55473,60.20797,58.13777,55.54278,58.18075,54.12024,60.74537,57.27128,60.90156,57.69749,62.16912,56.35601,61.58734,48.02083,60.41523,57.70615,58.18075,57.77543,56.46238,50.11986,55.36244,53.48832,55.15433,51.66237,45.88028,49.81967,44.14748,42.72002,40.79216,42.2019,39.81206,38.83298,38.47077,41.10961,36.0,37.0,22.36068,28.4605,29.27456,30.14963,31.14482,33.13608,35.12834,35.01428,39.05125,41.30375,45.39824,44.18144,50.08992,47.67599,48.76474,43.41659,53.85165,52.92447,51.26402,48.46648,49.65884,54.12947,49.39636,55.9017,53.85165,52.80152,49.1935,53.33854,51.10773,55.4617,42.15448,57.27128,47.85394,44.77723,51.97115,50.15974,44.27189,51.26402,49.39636,51.24451,55.02727,50.59644,50.32892,46.57252,51.1957,59.43904,52.63079,52.95281,54.23099,51.41984,53.60037,52.03845,52.95281,46.38965,55.00909,54.03702,52.03845
9.48683,9.84886,9.84886,9.84886,9.84886,9.84886,10.29563,9.43398,10.29563,9.43398,11.18034,10.29563,10.29563,10.29563,10.29563,10.81665,10.81665,9.43398,10.0,10.0,10.0,10.0,8.60233,10.0,10.0,10.0,10.0,10.81665,11.40175,9.21954,9.43398,10.0,10.0,9.43398,9.43398,8.60233,8.94427,8.94427,8.94427,8.94427,7.61577,8.06226,7.61577,7.61577,6.7082,6.7082,6.32456,6.32456,6.08276,6.08276,6.08276,6.0,49.64877,51.62364,49.24429,48.37355,52.49762,47.85394,51.5461,53.14132,49.64877,54.40588,51.92302,50.28916,54.12024,57.48913,53.60037,56.88585,56.4358,55.44367,53.36666,55.44367,57.27128,54.81788,53.23533,52.46904,51.78803,55.44367,52.46904,54.14795,54.33231,58.07753,49.0408,50.63596,56.22277,57.42822,50.15974,48.05206,51.47815,53.46027,48.27007,45.54119,46.09772,51.24451,47.29693,48.50773,42.05948,49.0408,39.56008,44.01136,37.16181,38.91015,37.94733,40.31129,37.57659,35.34119,31.38471,33.61547,29.20616,26.92582,24.35159,28.79236,30.8707,31.38471,28.63564,27.29469,35.8469,39.66106,40.80441,42.63801,45.80393,48.60041,40.36087,48.10405,50.32892,51.73973,50.80354,49.67897,52.63079,48.01042,53.82379,53.25411,52.47857,49.64877,52.00961,50.77401,47.92703,47.70744,56.0357,45.79301,51.0392,54.91812,49.81967,52.15362,49.92995,51.0392,55.21775,49.57822,56.22277,52.80152,53.90733,54.67175,55.97321,47.50789,49.67897,48.83646,51.62364,50.93133,57.62812,52.49762,50.60632,48.83646,52.20153,53.15073,48.82622,51.97115
9.05539,9.0,9.0,10.0,9.0,9.0,10.04988,9.0,10.04988,9.05539,10.04988,10.04988,10.04988,10.04988,10.04988,10.19804,10.19804,9.05539,10.19804,9.21954,9.21954,10.19804,9.21954,10.19804,10.19804,10.19804,10.44031,10.19804,10.19804,10.19804,9.21954,9.05539,9.21954,9.05539,9.21954,9.05539,9.05539,8.0,8.0,8.0,8.0,8.0,7.0,7.0,7.0,7.0,7.07107,6.08276,6.08276,6.08276,6.32456,5.38516,52.35456,51.10773,54.67175,51.08816,52.80152,51.66237,54.45181,54.45181,51.62364,57.28001,50.0,52.63079,60.44005,57.98276,55.86591,53.41348,57.48913,59.66574,59.03389,54.20332,61.58734,56.0803,52.47857,54.3783,56.40035,53.0,54.40588,54.70832,57.80138,57.45433,55.56978,53.25411,52.00961,57.68882,51.88449,52.63079,52.69725,54.20332,53.75872,49.40648,50.91169,50.24938,51.66237,48.79549,49.20366,46.69047,45.96738,42.0119,41.10961,37.53665,37.73592,38.28838,37.01351,35.51056,36.35932,35.34119,36.24914,23.70654,29.15476,30.52868,35.22783,32.80244,32.55764,31.241,38.8973,44.55334,42.0119,46.64762,50.60632,50.47772,52.3259,45.18849,51.47815,56.35601,53.75872,51.5461,52.20153,50.9902,58.82176,53.75872,56.7186,56.22277,58.0517,53.33854,55.57877,51.62364,61.0,52.61179,56.22277,52.61179,56.04463,56.51548,53.15073,49.64877,52.63079,51.62364,57.72348,55.08176,55.97321,48.76474,52.20153,51.26402,54.626,55.9464,56.0803,50.15974,52.81098,53.22593,53.23533,52.81098,49.76947,59.94164,59.48109,46.64762
9.0,9.0,9.05539,10.0,9.0,10.0,10.04988,10.04988,10.04988,9.05539,10.04988,10.19804,10.19804,10.19804,10.19804,10.19804,10.44031,9.21954,10.44031,10.19804,9.21954,10.19804,9.21954,10.44031,10.44031,10.44031,10.44031,10.44031,10.44031,9.48683,9.48683,10.19804,9.21954,9.21954,9.21954,9.21954,9.21954,8.06226,8.06226,8.06226,8.06226,8.06226,8.06226,7.07107,7.0,7.0,7.0,6.0,6.0,6.08276,6.08276,6.08276,48.10405,51.88449,49.92995,52.20153,50.44799,48.9183,56.85948,48.9183,54.48853,49.51767,53.07542,55.15433,58.69412,56.58622,55.86591,56.0803,59.46427,53.74012,51.40039,59.66574,60.20797,55.22681,52.49762,54.20332,54.45181,55.31727,57.48913,59.90826,57.48913,58.60034,52.20153,54.81788,50.47772,58.00862,52.47857,50.60632,53.41348,57.42822,50.91169,47.20169,52.34501,48.10405,47.50789,50.9902,44.04543,49.49747,41.03657,42.63801,36.23534,38.07887,35.60899,38.27532,39.20459,36.23534,33.54102,32.64966,36.76955,27.58623,26.90725,30.80584,35.60899,32.20248,30.23243,40.49691,36.61967,46.32494,41.59327,45.69464,49.39636,48.10405,50.28916,46.69047,53.93515,48.50773,48.6621,52.23983,50.80354,49.16299,58.42089,50.24938,60.03332,57.14018,60.0,56.22277,54.0,54.08327,59.07622,48.0,55.14526,55.08176,51.0098,55.03635,52.08647,53.08484,55.22681,54.14795,56.22277,52.61179,58.85576,48.50773,56.29387,48.27007,50.63596,50.21952,56.61272,53.36666,53.60037,46.84015,48.46648,51.86521,50.44799,57.87055,47.01064,53.45091
9.43398,9.43398,10.0,10.0,10.0,10.0,10.0,10.0,10.63015,9.89949,10.63015,10.63015,10.63015,9.89949,9.89949,10.63015,10.63015,9.89949,10.0,10.63015,9.89949,10.0,9.89949,10.0,10.63015,10.63015,10.0,10.63015,10.0,10.0,9.21954,10.0,9.21954,9.21954,9.21954,9.89949,9.89949,9.21954,8.48528,8.48528,7.81025,8.48528,7.81025,7.81025,7.81025,7.2111,7.2111,7.2111,6.7082,6.7082,6.7082,6.32456,47.01064,46.51881,51.26402,48.10405,47.80167,50.0,49.72927,52.7731,48.25971,48.37355,54.23099,51.24451,62.00806,52.08647,53.23533,58.03447,58.21512,52.00961,55.44367,54.03702,62.03225,57.31492,53.23533,49.0408,53.03772,56.14268,54.08327,54.23099,55.03635,57.55867,55.14526,56.00893,52.0,55.00909,51.35173,48.25971,50.0,53.03772,52.23983,51.15662,52.46904,51.24451,42.29657,48.50773,44.55334,46.27094,42.95346,41.59327,39.45884,38.60052,39.56008,35.44009,35.90265,34.17601,34.88553,33.54102,34.48188,26.92582,27.16616,29.61419,28.16026,30.80584,35.8469,38.07887,36.76955,44.72136,44.72136,43.41659,43.41659,52.47857,49.20366,49.0408,48.83646,55.44367,49.81967,48.79549,50.9902,48.9183,62.482,54.81788,52.49762,54.6443,57.48913,59.36329,49.92995,54.08327,55.80323,47.63402,52.43091,52.20153,49.64877,56.0803,53.2635,48.16638,55.9017,51.62364,53.90733,55.22681,51.62364,51.62364,53.75872,49.51767,49.40648,51.85557,48.25971,52.20153,55.17246,46.61545,51.62364,53.82379,47.50789,53.60037,51.0,52.15362
9.05539,9.21954,9.21954,10.19804,9.21954,9.21954,10.44031,9.48683,10.44031,9.21954,10.19804,10.44031,10.19804,10.44031,9.21954,10.77033,9.84886,9.48683,9.84886,9.48683,9.48683,9.84886,9.48683,9.84886,10.44031,9.84886,9.84886,10.77033,10.77033,9.84886,9.48683,9.48683,9.48683,9.48683,9.48683,9.48683,9.21954,8.24621,8.24621,8.24621,8.06226,8.06226,8.06226,7.07107,7.07107,6.08276,7.07107,6.08276,6.0,6.0,6.08276,6.08276,49.24429,49.76947,55.0,49.92995,52.00961,50.80354,50.44799,58.72819,54.48853,55.44367,55.86591,49.51767,58.13777,58.0,53.74012,56.58622,59.39697,60.959,52.34501,51.73973,60.959,55.22681,54.40588,55.22681,55.22681,55.15433,52.34501,57.00877,57.62812,61.58734,55.44367,55.44367,54.56189,57.2014,50.21952,53.8145,54.56189,56.85068,53.03772,47.38143,51.73973,50.91169,51.22499,48.27007,45.0,46.09772,44.55334,43.41659,38.94868,35.60899,42.80187,36.61967,34.48188,37.73592,37.58989,34.88553,36.24914,26.90725,29.73214,25.6125,31.38471,28.6007,35.22783,36.71512,35.8469,44.28318,37.12142,43.08132,41.78516,51.88449,55.71355,45.54119,48.27007,51.41984,48.09366,54.14795,49.16299,48.16638,59.00847,48.16638,53.00943,56.0803,53.03772,53.15073,55.03635,51.15662,54.08327,46.17359,55.08176,56.0357,50.03998,52.03845,51.0098,48.09366,48.50773,50.35871,53.23533,51.0392,51.1957,50.35871,55.10898,50.9902,45.35416,52.20153,55.7853,51.24451,52.81098,50.28916,53.75872,55.97321,45.31004,54.23099,49.65884,55.9464
9.84886,10.29563,9.43398,10.29563,10.29563,10.29563,10.29563,10.81665,10.29563,9.43398,10.81665,10.81665,10.81665,10.81665,10.81665,11.40175,10.63015,10.0,10.63015,10.0,10.0,10.63015,10.0,10.63015,10.63015,10.63015,10.63015,10.63015,11.31371,9.89949,10.0,10.63015,10.0,10.0,10.0,10.0,10.0,9.43398,9.43398,9.43398,8.94427,8.94427,8.06226,8.06226,8.06226,7.61577,7.61577,7.61577,7.28011,7.28011,7.28011,7.07107,49.24429,47.41308,54.23099,49.65884,48.70318,51.86521,49.64877,52.20153,50.59644,56.921,54.12024,56.64804,57.97413,52.88667,57.28001,56.32051,61.18823,51.97115,53.75872,55.10898,63.50591,56.29387,57.42822,54.57105,54.40588,54.70832,56.88585,64.62971,51.1957,57.0,51.62364,58.85576,50.63596,54.74486,53.03772,55.02727,55.9017,56.4358,53.60037,50.21952,48.6621,51.66237,49.64877,48.83646,43.86342,47.16991,48.10405,41.78516,40.24922,40.70626,34.53983,39.0,37.12142,34.48188,37.20215,34.66987,33.01515,25.29822,30.08322,25.05993,33.10589,31.38471,31.38471,33.12099,38.83298,37.01351,35.0,42.43819,41.23106,50.9902,44.55334,48.27007,50.32892,53.07542,50.47772,50.47772,51.0392,50.11986,51.88449,53.22593,56.82429,55.56978,54.40588,53.7122,52.80152,53.31041,59.05929,48.30114,53.66563,55.03635,49.73932,53.7122,53.53504,46.52956,57.00877,51.61395,53.82379,59.16925,48.27007,54.6443,55.22681,49.67897,49.51767,50.32892,53.03772,51.73973,48.83646,53.03772,49.81967,55.15433,51.66237,60.0,56.0803,47.38143
10.0,9.05539,10.04988,10.04988,10.04988,10.04988,10.04988,10.04988,10.04988,10.19804,10.19804,11.18034,11.18034,10.19804,10.19804,11.40175,10.44031,10.19804,10.44031,10.44031,10.44031,10.44031,9.48683,10.77033,10.77033,10.44031,10.44031,10.44031,10.77033,10.77033,10.44031,10.44031,10.44031,9.48683,9.21954,9.21954,9.21954,9.21954,9.21954,8.06226,8.06226,8.06226,8.06226,7.07107,7.0,7.0,7.0,7.0,7.0,7.0,6.08276,6.32456,44.94441,53.33854,54.48853,52.00961,53.15073,53.90733,51.73973,54.67175,58.25805,54.56189,58.89822,51.31277,61.61169,56.85948,60.21628,59.36329,64.40497,59.07622,59.16925,55.47071,63.82006,55.75841,59.05929,58.66856,55.22681,61.77378,54.91812,61.7414,64.14047,61.7171,56.30275,61.61169,50.47772,60.41523,55.9464,56.0803,57.70615,55.56978,56.85948,53.60037,51.31277,55.60576,53.0,50.80354,47.63402,51.08816,46.09772,43.01163,45.34314,39.59798,41.72529,42.42641,43.86342,36.79674,40.31129,34.1321,37.21559,27.58623,27.65863,27.01851,27.58623,30.80584,30.88689,31.90611,33.28663,37.73592,40.70626,42.54409,41.14608,46.8188,49.33559,47.53946,46.09772,52.17279,47.38143,50.35871,46.17359,46.0,52.23983,54.00926,51.08816,53.00943,57.31492,50.35871,56.14268,50.01,51.0392,48.01042,53.08484,50.01,50.35871,51.0392,51.0098,51.24451,50.63596,47.29693,53.75872,52.95281,49.49747,54.57105,49.81967,50.28916,48.38388,54.40588,52.92447,51.26402,50.15974,45.69464,49.76947,58.30952,46.09772,57.69749,57.27128,51.88449
10.0,10.63015,9.89949,10.63015,10.63015,10.63015,11.31371,11.31371,11.31371,10.63015,11.31371,11.40175,11.31371,11.40175,11.31371,12.04159,11.40175,10.63015,11.40175,10.63015,10.63015,11.40175,10.63015,10.81665,10.81665,10.81665,11.40175,11.40175,12.20656,10.81665,10.63015,10.63015,10.63015,10.63015,10.63015,10.63015,10.63015,9.89949,9.21954,9.89949,9.21954,9.21954,8.48528,8.48528,8.60233,7.81025,8.60233,7.2111,7.2111,7.2111,7.61577,6.7082,46.87217,47.43416,55.10898,55.57877,54.74486,53.23533,52.08647,53.15073,55.00909,54.03702,60.13319,58.03447,61.40033,57.00877,59.00847,58.30952,67.02984,62.64982,62.28965,58.07753,62.64982,59.00847,57.87055,57.87055,57.55867,59.3043,53.60037,56.51548,61.29437,65.73431,59.22837,56.88585,54.74486,60.01666,49.33559,59.84146,59.66574,55.3263,55.44367,51.78803,52.61179,53.33854,52.03845,53.08484,45.09989,48.16638,50.01,44.01136,42.10701,42.0119,41.19466,42.04759,38.20995,36.87818,34.52535,38.60052,37.12142,27.07397,24.73863,22.36068,29.12044,28.4605,36.40055,34.0147,37.0,39.39543,38.48376,40.31129,46.52956,51.0,48.54894,47.70744,44.82187,53.07542,49.51767,50.24938,48.79549,52.34501,53.90733,48.10405,51.85557,52.47857,56.72742,51.61395,53.15073,50.24938,56.0803,50.9902,52.20153,51.22499,50.91169,50.93133,51.62364,50.20956,53.75872,50.24938,49.67897,53.2635,53.25411,54.20332,54.91812,51.62364,52.92447,53.23533,52.15362,55.47071,48.76474,50.08992,55.00909,55.47071,48.33218,56.79789,53.22593,46.95743
10.44031,10.44031,10.19804,11.40175,11.40175,10.44031,11.18034,11.18034,11.18034,11.18034,11.18034,12.16553,12.16553,11.18034,11.18034,12.16553,11.04536,11.04536,11.04536,11.04536,11.18034,11.04536,11.04536,12.04159,12.04159,11.04536,11.0,12.04159,12.04159,11.0,11.04536,11.04536,11.04536,11.18034,11.04536,10.19804,11.18034,10.19804,9.21954,10.19804,9.21954,9.21954,9.21954,8.24621,8.544,8.24621,8.544,7.61577,7.61577,7.61577,8.06226,7.2111,51.26402,57.58472,52.80152,52.7731,54.58938,50.53712,53.0,53.0,51.86521,54.6443,52.69725,54.40588,59.07622,56.61272,54.81788,60.20797,66.70832,62.96825,55.80323,61.84658,65.19202,55.17246,58.0,56.63921,54.40588,58.89822,56.0803,62.24147,55.60576,60.87693,55.86591,55.86591,58.0,60.30755,57.98276,56.0803,57.62812,57.48913,53.60037,55.21775,50.24938,49.40648,52.20153,53.41348,49.73932,51.0392,43.56604,48.25971,41.67733,36.89173,42.05948,39.82462,39.81206,38.07887,37.33631,40.16217,37.64306,27.73085,28.23119,28.4605,30.08322,30.36445,33.73426,29.42788,32.75668,39.45884,41.59327,37.12142,42.2019,52.7731,49.16299,50.08992,44.28318,50.08992,47.80167,52.46904,54.57105,50.96077,55.54278,48.27007,57.07013,53.36666,51.47815,51.5461,51.66237,52.55473,53.16014,45.35416,50.96077,53.36666,50.28916,52.20153,51.41984,45.12206,49.09175,51.15662,55.22681,55.7315,53.03772,49.0102,54.00926,47.04253,55.08176,49.0102,53.33854,53.15073,55.08176,53.33854,50.9902,54.91812,51.47815,54.34151,52.49762,48.76474
9.89949,9.21954,10.0,10.63015,10.0,10.0,10.81665,10.0,10.81665,10.81665,10.81665,10.81665,10.81665,10.81665,10.0,11.6619,10.29563,10.29563,10.29563,10.29563,10.29563,10.29563,10.29563,10.77033,10.29563,11.18034,10.77033,11.18034,10.77033,10.77033,10.29563,10.29563,10.29563,8.94427,10.29563,10.29563,10.29563,9.43398,8.60233,8.60233,8.60233,8.60233,8.60233,7.81025,7.81025,7.81025,7.81025,7.07107,7.07107,7.07107,7.2111,7.2111,50.63596,47.01064,51.47815,52.39275,51.35173,53.60037,51.66237,56.04463,51.86521,56.46238,57.77543,57.00877,59.9333,56.921,59.13544,60.92618,64.51356,60.53924,56.79789,58.18075,63.97656,61.46544,55.9017,59.94164,55.15433,55.00909,55.9017,60.41523,56.85948,60.53924,55.56978,59.05929,58.30952,58.60034,59.64059,57.77543,55.9017,53.7122,56.0803,52.80152,52.0,52.81098,51.24451,51.5461,47.75982,50.92151,48.10405,42.2019,43.73786,40.5216,40.26164,41.7732,35.90265,35.0571,37.01351,42.04759,38.32754,25.07987,25.0,29.61419,31.257,27.01851,36.01389,35.01428,35.12834,44.28318,41.19466,45.89118,43.17407,46.69047,47.75982,47.16991,48.10405,58.18935,51.07837,50.60632,55.9017,48.8774,57.3062,51.10773,54.08327,52.69725,52.35456,50.0,52.80152,51.0392,53.25411,45.65085,49.64877,50.60632,49.39636,55.47071,50.9902,44.29447,52.80152,43.82921,48.10405,47.01064,46.48656,49.76947,49.0408,49.0306,55.7853,49.64877,51.1957,46.52956,49.64877,47.85394,53.33854,52.15362,51.08816,50.15974,54.23099,44.0
9.89949,9.21954,9.21954,10.63015,10.0,9.89949,10.0,10.0,10.0,10.0,11.40175,10.81665,10.81665,10.81665,10.0,11.6619,10.29563,10.81665,10.29563,10.29563,10.29563,10.29563,10.29563,11.18034,10.29563,11.18034,11.18034,11.18034,10.77033,10.77033,9.84886,10.29563,9.84886,9.84886,9.84886,10.29563,10.29563,9.43398,9.43398,9.43398,8.60233,9.43398,8.60233,8.06226,8.60233,7.2111,7.81025,7.2111,7.07107,7.07107,7.07107,6.40312,50.96077,49.64877,51.97115,53.60037,53.08484,49.09175,51.97115,59.13544,59.0,55.0,54.00926,55.08176,59.03389,55.00909,60.07495,59.5399,62.03225,57.0,57.21888,60.40695,64.77654,59.4138,54.91812,60.29925,56.4358,57.87055,58.54912,60.44005,56.4358,58.94065,55.54278,57.87055,56.4358,59.20304,54.81788,55.57877,50.15974,56.08921,54.23099,58.85576,54.74486,55.03635,50.08992,53.23533,46.38965,46.38965,45.17743,47.04253,46.04346,38.0,40.11234,44.0,41.04875,39.05125,43.41659,38.63936,34.78505,30.08322,28.30194,30.08322,31.7805,34.48188,35.8469,36.23534,37.20215,41.34005,45.0,46.09772,46.40043,48.83646,52.34501,46.8615,54.56189,58.0517,50.44799,52.00961,58.5235,54.6443,56.0803,55.80323,55.07268,55.9464,51.61395,54.20332,54.20332,50.77401,55.47071,50.24938,52.7731,45.65085,46.61545,51.62364,49.81967,48.27007,53.75872,46.75468,46.69047,45.34314,53.2635,49.51767,51.22499,46.40043,46.32494,46.40043,48.60041,50.47772,50.77401,48.37355,46.23851,50.11986,49.24429,52.0,48.46648,51.86521
8.94427,8.94427,8.94427,10.29563,8.94427,9.84886,9.43398,9.43398,10.29563,9.43398,10.81665,10.81665,10.81665,10.81665,10.0,11.40175,10.0,10.0,10.63015,10.0,10.0,10.63015,10.0,10.63015,10.63015,10.63015,10.63015,10.63015,10.63015,9.89949,10.0,10.63015,9.21954,9.21954,9.21954,9.21954,10.0,8.60233,8.60233,8.60233,8.06226,8.60233,8.06226,8.06226,7.2111,7.2111,6.7082,6.7082,6.7082,6.7082,6.32456,6.32456,48.79549,49.67897,50.77401,51.0392,51.88449,48.46648,53.23533,55.4617,55.9464,51.86521,54.23099,57.00877,60.16644,61.35145,60.08328,65.96969,61.98387,61.68468,61.98387,62.36185,65.76473,57.56735,56.7186,57.28001,53.85165,62.64184,59.43904,59.4138,58.54912,64.62971,52.95281,62.58594,57.00877,59.66574,55.44367,50.92151,57.48913,57.48913,54.40588,54.57105,56.51548,53.14132,53.14132,54.626,52.0,46.09772,50.08992,45.18849,43.41659,44.72136,39.81206,38.27532,39.40812,35.34119,36.61967,37.80212,33.24154,27.51363,27.313,27.20294,35.22783,38.07887,31.38471,34.98571,36.40055,44.20407,41.72529,46.66905,44.55334,53.07542,52.63079,52.20153,51.10773,56.85948,50.08992,52.7731,55.47071,56.85948,64.4748,54.78138,59.80803,59.48109,57.77543,55.36244,53.75872,54.40588,58.5235,44.94441,54.81788,53.45091,53.45091,55.36244,52.39275,44.72136,50.9902,49.39636,53.33854,50.9902,52.35456,51.62364,49.09175,44.10215,49.20366,51.0392,47.20169,50.32892,50.60632,45.60702,51.66237,55.31727,42.42641,54.56189,53.03772,53.07542
9.05539,9.21954,9.21954,9.21954,10.19804,9.21954,10.44031,9.21954,10.44031,10.44031,10.44031,10.44031,10.44031,10.44031,10.44031,11.7047,9.84886,10.44031,9.84886,9.48683,9.48683,10.77033,10.44031,10.77033,10.77033,10.77033,10.77033,10.77033,10.77033,10.77033,9.48683,10.44031,9.84886,9.48683,9.48683,9.48683,9.21954,8.24621,8.24621,8.24621,8.24621,8.24621,8.06226,7.07107,7.07107,7.07107,7.0,7.07107,7.0,7.0,6.08276,6.08276,53.82379,50.44799,50.9902,47.63402,50.80354,46.01087,52.63079,53.82379,52.43091,52.80152,54.70832,50.77401,59.16925,56.0803,56.85948,58.30952,65.8635,59.36329,55.21775,57.42822,61.77378,56.79789,53.22593,55.56978,54.56189,57.3062,57.70615,60.37384,58.18075,60.74537,53.22593,56.82429,60.90156,58.13777,53.85165,57.70615,54.56189,55.47071,59.03389,51.62364,55.07268,48.01042,53.82379,49.40648,46.75468,46.40043,44.68781,43.27817,39.82462,42.2019,42.63801,36.23534,38.94868,42.2019,33.42155,33.01515,31.06445,22.47221,25.4951,28.3196,31.14482,34.05877,28.3196,34.20526,42.2019,43.93177,40.45986,42.72002,44.41846,48.82622,49.65884,47.92703,48.70318,54.12947,54.81788,48.08326,50.92151,52.49762,60.67125,52.39275,53.60037,59.21149,54.91812,52.23983,53.15073,54.45181,55.08176,46.52956,47.26521,49.36598,46.52956,53.60037,50.63596,51.5461,51.24451,44.38468,50.9902,52.7731,54.78138,48.70318,48.70318,43.08132,45.17743,47.85394,48.75449,50.53712,58.13777,49.24429,51.86521,48.75449,44.10215,46.32494,50.60632,48.25971
9.48683,9.48683,8.94427,9.84886,9.84886,9.84886,10.29563,10.29563,10.29563,10.29563,11.18034,10.81665,10.29563,10.29563,10.29563,10.81665,10.81665,10.29563,10.81665,10.29563,10.29563,10.81665,9.43398,10.81665,10.81665,10.81665,10.81665,10.81665,10.81665,10.81665,10.29563,10.29563,10.29563,10.29563,10.29563,8.94427,9.84886,8.94427,8.94427,8.544,8.544,9.48683,8.544,8.544,8.24621,7.28011,7.28011,7.07107,7.07107,7.07107,7.0,7.0,41.6173,45.80393,46.52956,47.41308,53.48832,47.85394,45.31004,49.33559,51.41984,46.8188,52.88667,50.21952,51.62364,54.34151,53.36666,57.42822,53.75872,53.33854,49.0306,58.42089,59.4138,59.03389,51.35173,47.26521,53.08484,56.7186,57.14018,57.21888,53.23533,57.07889,50.24938,53.08484,54.12947,54.03702,55.03635,50.96077,54.45181,52.34501,50.9902,48.25971,52.61179,49.81967,45.88028,50.69517,45.31004,47.53946,38.8973,45.35416,40.49691,38.8973,39.21734,38.07887,34.88553,36.67424,34.48188,34.66987,29.73214,25.4951,27.51363,27.313,29.52965,31.38471,30.80584,31.30495,38.27532,40.31129,45.80393,41.6173,46.87217,51.66237,48.10405,50.32892,52.49762,50.9902,55.0,48.8774,55.22681,56.60389,57.3062,55.56978,56.36488,59.23681,54.20332,52.80152,54.23099,54.23099,56.36488,49.24429,49.76947,52.0,50.9902,55.22681,48.54894,48.01042,52.69725,55.21775,49.09175,52.43091,54.81788,50.80354,53.82379,49.40648,49.67897,48.79549,49.57822,55.97321,55.17246,55.44367,48.83646,49.57822,47.50789,53.07542,49.51767,50.80354
10.77033,9.84886,10.29563,11.18034,10.29563,11.18034,10.29563,10.81665,10.81665,10.81665,11.6619,10.81665,11.6619,11.40175,10.81665,11.40175,11.40175,10.0,11.40175,11.40175,11.40175,11.40175,10.0,11.40175,11.40175,11.40175,10.63015,11.40175,12.04159,10.63015,11.40175,11.40175,11.40175,10.0,10.0,10.0,10.81665,9.43398,9.43398,9.43398,8.94427,9.43398,8.94427,8.06226,8.06226,8.06226,7.61577,7.61577,7.61577,7.28011,7.28011,7.07107,50.9902,50.32892,50.20956,52.40229,52.34501,49.51767,47.70744,46.87217,48.25971,49.0408,47.80167,50.60632,53.53504,50.24938,53.23533,51.88449,58.59181,60.41523,53.22593,53.53504,58.18075,51.88449,49.98,54.56189,52.3259,55.4617,52.35456,52.20153,52.3259,58.69412,53.31041,56.64804,52.55473,57.00877,47.42362,50.53712,49.0408,51.89412,50.53712,50.08992,49.24429,46.04346,46.32494,48.02083,50.11986,43.04649,43.26662,42.54409,34.4093,38.41875,37.01351,32.80244,37.53665,37.48333,33.97058,31.14482,35.22783,27.45906,30.8707,33.12099,32.20248,30.0,35.35534,36.23534,38.01316,44.55334,41.7732,48.9183,43.84062,51.66237,52.43091,57.2014,51.89412,56.93856,54.20332,53.48832,53.22593,51.26402,60.72891,54.70832,56.75385,57.72348,57.87055,54.81788,57.48913,55.10898,58.24946,43.9659,59.22837,55.54278,54.08327,57.56735,51.92302,49.0408,54.42426,52.49762,54.42426,54.08327,51.07837,52.80152,47.88528,52.80152,48.82622,53.66563,49.39636,54.70832,53.7122,53.0,55.47071,59.16925,46.87217,56.30275,60.44005,49.0408
10.19804,10.19804,10.04988,11.04536,10.04988,10.04988,11.04536,10.04988,10.04988,10.0,11.04536,11.0,11.0,11.0,11.04536,11.04536,11.04536,10.0,10.0,10.0,10.0,11.0,10.0,11.04536,11.04536,11.04536,10.04988,11.0,11.04536,10.04988,10.0,10.0,10.0,10.0,10.0,9.0,10.0,9.05539,9.05539,9.05539,9.05539,9.05539,9.05539,8.06226,8.24621,8.06226,7.28011,7.28011,7.28011,7.28011,7.61577,6.7082,53.85165,49.64877,53.7122,45.61798,54.56189,50.11986,49.64877,54.08327,48.60041,52.63079,47.20169,50.32892,57.2014,52.20153,50.60632,52.34501,56.61272,55.0,54.81788,53.15073,61.52235,49.57822,54.48853,55.86591,54.20332,57.28001,47.38143,56.56854,53.07542,53.90733,49.51767,53.74012,48.83646,54.56189,49.51767,49.67897,52.3259,50.20956,49.67897,45.96738,46.75468,46.09772,45.80393,45.48626,44.41846,42.80187,43.26662,43.909,38.01316,34.48188,34.98571,38.01316,34.43835,33.52611,33.61547,37.36308,33.24154,25.45584,26.90725,26.1725,33.30165,31.14482,33.30165,32.01562,33.61547,41.34005,36.67424,45.61798,45.61798,51.0,52.81098,54.12024,48.27007,58.94065,49.49747,57.87055,55.00909,57.03508,60.0,56.22277,59.13544,55.08176,56.0357,53.03772,62.00806,53.15073,62.1289,49.0408,60.40695,56.0803,53.0,55.08176,57.07889,51.0,54.08327,54.23099,53.03772,59.03389,51.15662,54.45181,57.21888,55.57877,56.14268,54.12947,52.63079,52.95281,56.29387,54.91812,51.1957,58.85576,50.0,57.48913,54.40588,49.0408
9.21954,9.21954,9.89949,9.89949,9.89949,9.21954,9.89949,9.21954,9.89949,10.0,10.63015,10.0,10.63015,10.0,10.0,10.81665,10.0,10.0,9.43398,10.0,10.0,10.0,10.0,9.43398,10.0,9.43398,9.43398,10.0,10.0,9.43398,8.60233,9.21954,9.21954,8.60233,8.60233,8.60233,9.21954,7.81025,8.48528,7.81025,7.07107,7.07107,7.81025,7.07107,6.40312,6.40312,6.40312,6.40312,5.83095,5.83095,5.38516,5.38516,57.56735,55.36244,54.12024,53.16014,55.31727,51.97115,54.58938,54.34151,54.33231,50.80354,52.95281,52.34501,56.4358,58.00862,52.15362,56.22277,61.20457,55.00909,54.33231,54.0,59.03389,61.29437,55.03635,55.08176,55.08176,54.03702,54.08327,60.07495,56.0357,53.23533,52.00961,54.00926,57.0,52.08647,49.0102,51.08816,52.08647,48.01042,52.15362,48.25971,47.09565,45.70558,49.16299,46.17359,45.89118,46.17359,42.44997,44.40721,37.10795,40.80441,37.36308,35.44009,41.48494,35.73514,36.76955,36.67424,34.0147,28.63564,23.34524,26.30589,31.257,33.06055,33.01515,38.20995,35.51056,41.30375,41.4367,46.69047,43.17407,53.85165,53.75872,44.38468,52.7731,56.35601,49.73932,51.0,54.6443,55.0,57.68882,60.0,56.0357,59.81639,59.36329,53.90733,54.45181,53.07542,58.13777,51.66237,58.13777,55.22681,51.85557,52.34501,54.48853,52.40229,56.61272,52.00961,54.91812,55.0,51.10773,53.2635,54.70832,49.09175,54.6443,58.18075,51.0,58.18075,55.47071,52.3259,53.7122,55.47071,54.12024,61.77378,55.54278,60.40695
10.04988,10.19804,11.18034,11.18034,11.18034,10.04988,10.19804,10.19804,11.18034,10.19804,11.18034,11.40175,11.18034,11.40175,11.40175,11.40175,10.44031,10.44031,10.44031,10.44031,10.44031,10.77033,10.44031,10.77033,11.40175,10.44031,10.77033,11.7047,10.77033,10.77033,9.48683,10.44031,10.44031,9.48683,9.48683,9.21954,9.21954,9.21954,9.21954,8.24621,8.24621,8.24621,8.24621,7.07107,7.07107,7.07107,7.07107,7.07107,7.07107,7.0,7.07107,6.08276,51.62364,49.81967,50.91169,46.75468,55.9017,52.49762,54.67175,54.03702,51.62364,55.97321,53.2635,55.97321,56.85948,55.60576,56.72742,58.41233,62.42596,53.82379,53.41348,59.20304,58.30952,59.46427,51.97115,53.0,52.69725,52.47857,55.60576,53.53504,58.60034,56.30275,52.63079,56.85948,52.00961,52.69725,49.39636,46.2277,47.88528,47.80167,44.40721,45.0,45.27693,48.16638,46.69047,46.8615,41.23106,42.52058,39.05125,43.86342,40.36087,35.35534,35.38361,35.4683,30.61046,38.60052,30.0,33.54102,33.10589,29.96665,31.7805,32.44996,32.20248,34.1321,36.35932,35.0,40.31129,44.20407,44.82187,48.16638,48.9183,50.93133,53.00943,53.82379,57.2014,56.22277,59.16925,55.9464,53.53504,54.23099,63.52952,54.78138,57.56735,55.36244,61.35145,59.43904,56.75385,57.28001,61.03278,50.69517,56.04463,51.86521,50.92151,59.13544,53.45091,52.55473,56.32051,49.39636,54.12947,52.92447,57.69749,55.03635,58.59181,57.24509,57.80138,53.85165,53.7122,53.53504,58.66856,51.88449,53.60037,55.07268,57.42822,53.85165,57.00877,60.60528
11.18034,10.04988,11.04536,11.04536,11.04536,11.04536,11.04536,10.0,11.04536,10.0,11.0,11.0,11.0,11.0,11.0,11.0,11.04536,10.0,10.04988,10.0,10.0,10.0,10.04988,10.04988,11.04536,10.04988,10.04988,10.0,11.04536,10.04988,10.0,10.0,10.0,9.0,9.0,9.0,10.0,9.0,8.06226,8.06226,8.06226,8.06226,8.06226,8.06226,7.07107,7.07107,7.28011,7.28011,6.32456,7.28011,6.7082,6.7082,59.77458,50.11986,54.12947,54.12024,54.3783,55.56978,50.21952,57.98276,53.0,55.75841,54.6443,51.86521,53.00943,54.40588,51.73973,56.72742,57.62812,55.97321,51.22499,53.90733,57.38467,51.62364,52.34501,51.22499,50.32892,53.75872,48.16638,55.97321,52.00961,57.28001,46.69047,50.91169,52.00961,55.86591,49.51767,50.21952,47.63402,51.66237,45.80393,44.04543,46.01087,44.20407,45.79301,44.40721,38.94868,42.43819,38.07887,39.66106,35.35534,32.75668,37.21559,30.88689,30.88689,29.15476,32.57299,29.61419,34.36568,29.20616,31.82766,34.71311,35.35534,34.71311,38.20995,36.05551,37.73592,45.48626,48.01042,46.32494,45.27693,55.07268,53.7122,49.64877,52.20153,58.94065,54.91812,55.08176,59.84146,57.42822,61.07373,56.22277,61.29437,59.13544,61.29437,59.00847,58.0,57.03508,60.00833,53.00943,58.00862,58.0,52.00961,55.00909,53.08484,51.35173,57.87055,57.14018,56.56854,56.14268,59.03389,54.91812,55.7315,54.12947,57.42822,50.9902,55.36244,58.94065,55.9017,57.87055,61.09828,62.58594,51.86521,58.94065,58.30952,55.54278
9.21954,9.48683,9.48683,9.48683,9.48683,9.48683,9.48683,9.48683,9.84886,9.84886,9.84886,9.84886,9.84886,9.84886,9.84886,10.29563,9.43398,8.94427,9.43398,9.43398,8.94427,9.43398,8.94427,9.43398,9.43398,9.43398,9.43398,9.43398,9.43398,9.43398,8.94427,9.43398,8.94427,8.06226,8.06226,8.94427,8.544,7.61577,7.61577,7.61577,7.61577,6.7082,7.28011,6.32456,6.08276,6.32456,6.08276,6.08276,6.08276,6.08276,6.0,5.0,57.00877,54.40588,61.40033,55.9464,56.4358,57.24509,56.79789,54.56189,54.23099,55.03635,55.71355,53.31041,55.36244,55.15433,54.78138,57.56735,62.93648,55.65968,53.16014,50.28916,63.60031,54.12024,54.91812,55.7315,52.88667,52.20153,49.98,52.88667,52.81098,55.7853,51.92302,51.41984,53.15073,54.12947,52.17279,49.72927,52.39275,48.05206,45.69464,49.0408,42.05948,46.23851,42.05948,46.23851,43.86342,38.48376,41.18252,41.67733,35.34119,34.48188,38.07887,33.12099,31.90611,32.80244,28.01785,31.89044,30.41381,29.0,30.41381,27.65863,32.57299,32.89377,35.4683,34.78505,39.39543,45.61798,41.62932,45.61798,43.82921,55.21775,51.86521,52.00961,51.62364,56.63921,53.8145,53.75872,54.48853,56.56854,60.60528,57.62812,56.22277,60.03332,60.21628,60.03332,60.53924,53.66563,57.80138,50.24938,60.74537,57.45433,54.6443,53.85165,55.0,50.21952,55.0,52.63079,58.41233,56.22277,55.9017,56.0803,56.63921,53.90733,53.90733,58.72819,59.5483,52.80152,51.85557,53.03772,56.72742,58.69412,48.16638,61.07373,61.55485,55.97321
10.19804,10.44031,9.48683,10.19804,9.21954,10.44031,10.44031,10.44031,10.44031,9.48683,10.77033,11.18034,10.77033,9.84886,9.48683,10.77033,9.84886,9.84886,9.84886,9.84886,9.48683,9.84886,8.94427,10.29563,9.84886,10.29563,10.29563,9.84886,10.77033,10.29563,9.48683,9.48683,9.48683,8.544,9.48683,8.544,9.48683,8.544,8.24621,8.24621,7.28011,8.24621,7.28011,7.28011,7.07107,6.08276,6.08276,6.0,6.08276,6.0,6.0,6.08276,54.6443,56.93856,58.00862,53.82379,53.2635,55.17246,55.15433,57.31492,53.03772,53.15073,53.75872,51.85557,57.31492,53.15073,59.4138,57.42822,60.44005,55.80323,55.60576,53.8145,59.81639,54.81788,52.15362,51.0392,52.49762,50.24938,52.49762,53.41348,51.40039,55.07268,53.33854,58.24946,50.60632,56.61272,44.41846,48.9183,48.60041,51.85557,49.57822,43.86342,45.60702,50.91169,43.84062,46.66905,41.72529,41.03657,43.18565,39.69887,36.12478,36.40055,35.60899,35.0,31.90611,30.23243,30.80584,31.90611,32.57299,28.79236,33.54102,30.52868,33.61547,31.40064,34.66987,34.65545,40.31129,44.55334,47.50789,46.40043,47.50789,55.9017,52.20153,52.15362,47.88528,59.16925,55.03635,55.03635,53.85165,54.12024,63.06346,57.28001,59.46427,58.94065,59.46427,54.34151,58.85576,58.0517,59.66574,49.81967,55.10898,52.95281,57.27128,57.55867,52.63079,52.88667,55.36244,52.20153,56.0803,57.87055,56.36488,54.42426,52.80152,55.36244,56.46238,56.36488,59.03389,57.77543,61.29437,50.60632,55.56978,60.03332,52.83938,59.16925,60.90156,59.05929
9.48683,8.94427,10.29563,9.84886,10.29563,8.94427,9.43398,9.43398,9.43398,10.29563,10.29563,9.43398,10.29563,10.29563,9.43398,10.0,10.0,10.0,9.21954,10.0,10.0,10.0,8.60233,10.0,10.0,9.21954,9.21954,10.63015,9.21954,9.21954,8.60233,9.21954,9.21954,8.60233,8.60233,8.60233,8.06226,8.06226,8.06226,7.61577,7.2111,6.7082,7.61577,6.7082,6.32456,6.7082,6.32456,6.32456,6.32456,6.08276,6.0,5.0,51.78803,46.57252,49.64877,51.92302,55.7315,51.15662,56.14268,55.03635,53.0,53.03772,51.0098,50.03998,58.07753,57.0,55.0,53.60037,59.07622,52.7731,55.08176,53.03772,56.22277,48.04165,54.74486,51.35173,52.46904,54.33231,51.62364,59.03389,51.1957,53.93515,50.35871,52.23983,50.08992,56.32051,47.67599,50.03998,50.08992,49.36598,49.0,43.04649,44.0,42.10701,43.10452,43.04649,41.10961,39.05125,41.19466,40.26164,36.34556,34.52535,34.20526,31.57531,30.14963,32.24903,32.31099,29.73214,28.6531,30.08322,25.63201,28.63564,31.57531,29.06888,34.23449,36.12478,37.05401,42.0,45.04442,43.18565,42.04759,50.15974,50.9902,49.47727,45.88028,57.00877,52.20153,52.49762,52.39275,58.60034,56.82429,54.56189,55.9464,59.5399,58.13777,51.40039,51.86521,54.6443,56.61272,50.47772,52.80152,57.98276,51.0,53.82379,52.47857,51.10773,57.69749,53.66563,56.46238,55.15433,57.3062,53.22593,58.18075,52.0,56.36488,55.71355,53.14132,54.12024,54.42426,56.75385,53.45091,57.77543,49.0408,58.5235,59.20304,55.36244
8.544,9.48683,9.21954,10.44031,9.21954,9.48683,9.48683,9.21954,9.48683,9.05539,10.19804,10.19804,9.21954,9.05539,9.21954,10.19804,10.19804,9.21954,9.05539,9.05539,9.05539,9.05539,8.06226,9.05539,9.05539,9.05539,9.05539,9.05539,10.04988,9.05539,9.21954,9.05539,9.05539,8.24621,8.24621,8.24621,8.24621,8.24621,7.28011,7.28011,6.7082,7.61577,7.61577,6.7082,6.7082,5.83095,5.83095,5.83095,5.83095,5.83095,5.65685,5.65685,56.32051,51.86521,58.60034,56.85948,53.22593,52.3259,47.50789,55.47071,50.77401,53.23533,48.8774,54.40588,55.44367,52.43091,52.15362,56.0803,58.82176,55.97321,55.80323,53.41348,62.482,52.20153,53.2635,55.97321,51.22499,53.75872,51.61395,52.40229,52.80152,58.69412,49.57822,51.66237,48.60041,53.75872,45.96738,49.20366,50.24938,50.24938,49.67897,48.01042,48.60041,47.16991,45.48626,39.66106,39.11521,41.62932,40.31129,35.8469,36.67424,34.88553,36.05551,35.4683,33.28663,34.53983,30.08322,29.83287,31.06445,24.83948,29.06888,26.40076,32.01562,30.0,33.83785,32.20248,33.83785,42.48529,41.10961,43.86342,46.23851,51.62364,54.40588,53.36666,50.01,57.27128,49.16299,57.55867,57.42822,59.00847,59.03389,55.08176,56.0357,57.42822,57.07889,60.29925,58.21512,54.58938,61.13101,47.85394,57.70615,56.0803,55.03635,56.0803,57.31492,52.0,54.03702,50.0,55.08176,58.13777,54.23099,58.07753,54.14795,53.15073,60.82763,57.42822,54.34151,57.48913,54.34151,53.75872,56.75385,60.01666,57.70615,60.01666,62.93648,48.76474
10.19804,10.19804,10.04988,11.04536,11.04536,10.04988,10.04988,10.04988,11.04536,10.0,11.04536,11.0,11.0,11.0,10.0,11.0,11.04536,10.0,10.04988,10.04988,10.0,11.04536,10.0,11.04536,11.04536,11.04536,10.04988,11.04536,11.04536,10.04988,10.0,10.0,10.0,9.0,9.0,9.0,9.0,9.0,9.0,8.06226,8.06226,8.06226,8.06226,7.07107,7.07107,7.07107,7.28011,6.08276,6.32456,6.32456,6.32456,5.38516,52.23983,54.33231,52.95281,50.48762,52.39275,54.74486,52.81098,55.65968,51.86521,51.24451,54.08327,48.33218,58.30952,52.92447,54.23099,51.62364,62.03225,56.0803,52.81098,56.79789,60.41523,51.47815,55.56978,51.97115,48.30114,55.9464,50.11986,54.70832,51.10773,52.47857,48.75449,53.7122,51.42956,50.11986,50.11986,51.07837,47.88528,49.09175,47.42362,46.8188,44.77723,45.22168,47.01064,43.17407,46.8188,44.14748,39.29377,40.49691,32.98485,34.9285,35.35534,31.57531,28.86174,35.01428,28.07134,29.01724,30.26549,29.83287,31.76476,31.76476,33.54102,33.61547,35.4683,35.8469,41.23106,43.65776,44.92215,45.35416,48.50773,53.60037,51.47815,54.00926,53.03772,61.07373,54.03702,57.00877,57.31492,56.7186,65.19202,59.5399,58.69412,63.78871,59.84146,55.08176,60.87693,56.32051,62.58594,53.36666,58.0517,54.34151,51.62364,59.03389,58.54912,56.04463,59.3043,53.60037,61.20457,55.57877,58.13777,59.21149,59.03389,53.15073,60.20797,58.0,60.00833,58.13777,60.03332,55.00909,60.0,62.03225,54.08327,61.07373,65.49046,52.61179
10.0,11.0,10.04988,11.04536,11.04536,10.0,11.18034,10.19804,11.18034,10.19804,11.04536,11.18034,11.18034,10.19804,11.18034,11.18034,11.18034,10.19804,10.44031,10.44031,10.44031,10.44031,10.19804,11.40175,11.40175,10.19804,10.44031,10.44031,11.40175,10.44031,10.19804,10.44031,10.44031,10.19804,9.21954,9.21954,10.04988,9.05539,9.05539,9.05539,8.0,9.05539,8.06226,8.0,7.0,7.0,7.0,7.0,7.07107,7.07107,6.08276,6.32456,51.62364,54.6443,54.56189,50.0,55.15433,49.51767,54.48853,54.45181,48.83646,49.49747,51.0392,47.20169,56.22277,49.0408,53.15073,54.3783,57.68882,54.20332,58.30952,54.70832,57.70615,46.87217,51.07837,48.37355,48.8774,53.66563,47.88528,53.23533,51.10773,50.9902,47.88528,54.12024,48.8774,53.0,49.1935,46.32494,48.54894,48.76474,47.20169,46.32494,45.27693,45.60702,42.72002,44.65423,41.23106,42.2019,37.48333,39.05125,35.38361,33.30165,33.24154,29.06888,34.65545,30.61046,30.4795,32.75668,29.15476,32.44996,32.64966,30.41381,35.4683,33.83785,39.40812,37.64306,40.60788,43.41659,43.93177,46.2277,48.16638,53.15073,54.20332,53.0,58.30952,59.68249,55.03635,53.23533,55.15433,59.09315,59.80803,58.5235,57.93962,58.82176,62.64184,56.04463,60.41523,58.46366,64.03124,53.45091,59.48109,57.97413,56.64804,58.94065,54.626,52.0,59.46427,53.85165,63.15853,58.5235,56.82429,57.27128,58.59181,55.00909,58.24946,55.9464,56.0803,54.6443,55.9464,58.59181,57.68882,61.40033,54.08327,58.66856,59.40539,57.42822
10.19804,10.04988,10.0,11.04536,10.0,10.04988,10.0,10.0,10.0,10.04988,11.0,11.04536,11.04536,11.04536,11.04536,11.04536,11.04536,10.04988,10.19804,10.19804,10.04988,10.19804,10.04988,10.19804,11.18034,11.04536,10.19804,11.04536,11.18034,10.04988,10.04988,10.04988,10.04988,10.04988,9.05539,9.0,10.0,9.0,9.0,9.0,8.06226,8.06226,8.06226,7.0,7.07107,7.07107,7.07107,7.07107,7.07107,6.32456,6.32456,6.32456,53.25411,48.33218,54.20332,55.9464,51.86521,53.00943,53.41348,53.8145,50.32892,51.62364,54.45181,50.20956,53.03772,50.24938,55.15433,56.40035,57.80138,55.60576,50.32892,52.49762,59.36329,53.07542,52.43091,52.80152,51.66237,54.03702,51.08816,52.83938,54.40588,57.68882,51.0392,53.60037,49.0408,52.80152,50.80354,45.27693,49.0408,49.20366,48.9183,46.75468,46.2277,46.69047,45.27693,46.2277,42.44997,38.94868,41.86884,40.60788,36.79674,33.28663,36.23534,30.61046,33.83785,33.83785,29.41088,32.64966,28.4605,30.46309,30.88689,31.62278,38.83298,35.4683,36.89173,41.40048,40.36087,45.96738,43.93177,50.20956,48.16638,58.0,53.00943,56.0803,49.09175,61.77378,55.54278,56.35601,54.08327,56.61272,61.46544,58.18935,63.56886,61.40033,61.68468,58.46366,60.20797,57.70615,64.28841,55.08176,60.44005,57.48913,55.7853,61.39218,57.56735,55.71355,57.24509,57.24509,59.23681,61.35145,60.00833,57.93962,57.38467,62.76942,56.30275,60.92618,59.48109,53.66563,56.85948,59.94164,59.16925,59.9333,54.20332,55.47071,58.66856,56.82429
10.77033,10.29563,11.18034,11.18034,11.18034,10.29563,10.81665,10.29563,10.81665,10.81665,11.6619,11.6619,11.6619,11.6619,10.81665,12.20656,11.40175,10.81665,11.40175,11.40175,10.81665,11.40175,10.81665,11.40175,10.81665,11.40175,11.40175,12.20656,11.40175,11.40175,10.81665,10.81665,10.81665,10.81665,10.0,9.43398,10.29563,9.84886,9.84886,8.94427,8.94427,8.94427,8.94427,7.61577,7.61577,7.61577,7.61577,7.28011,7.28011,7.28011,7.07107,7.07107,51.85557,50.60632,56.82429,51.47815,50.60632,55.56978,45.61798,59.94164,50.08992,54.12947,54.78138,52.0,54.12947,55.65968,55.54278,53.16014,58.18935,57.24509,50.69517,55.02727,61.40033,55.97321,59.03389,53.16014,51.5461,56.30275,55.36244,56.88585,57.58472,54.74486,50.59644,54.12024,56.51548,60.44005,51.97115,58.18935,55.54278,52.88667,52.39275,49.33559,44.94441,46.95743,47.53946,47.92703,48.8467,43.56604,43.909,39.11521,39.82462,34.66987,38.94868,34.98571,38.28838,38.01316,35.0,33.97058,33.42155,29.15476,33.13608,32.24903,32.75668,35.44009,36.05551,34.48188,35.1141,42.72002,42.54409,45.61798,46.09772,52.80152,47.70744,52.63079,52.63079,56.85068,55.15433,51.66237,51.66237,55.17246,57.00877,57.48913,60.959,59.40539,60.1415,51.47815,58.24946,58.5235,57.42822,52.47857,60.46487,58.30952,53.2635,61.29437,52.49762,55.60576,54.81788,53.2635,57.28001,53.60037,57.38467,60.1415,57.98276,52.3259,55.31727,48.10405,62.93648,53.03772,57.98276,57.31492,57.00877,60.10824,56.58622,60.1415,58.60034,63.82006
8.94427,8.94427,9.43398,10.29563,9.43398,8.94427,9.43398,9.43398,9.43398,9.43398,10.81665,10.0,10.0,10.0,9.43398,10.63015,10.0,10.0,9.21954,10.0,10.0,10.0,9.21954,9.89949,10.0,10.0,9.21954,10.0,10.0,9.21954,9.21954,10.0,9.21954,8.60233,8.60233,8.60233,9.43398,8.60233,8.06226,8.06226,8.06226,8.06226,7.61577,6.7082,6.7082,6.7082,6.32456,6.32456,6.32456,6.32456,6.08276,6.08276,55.44367,52.43091,47.80167,56.30275,48.37355,50.47772,54.12024,57.80138,50.11986,51.97115,51.42956,52.55473,56.46238,56.79789,59.09315,55.36244,61.40033,58.18935,57.58472,55.36244,60.72891,56.0803,55.31727,56.64804,53.48832,55.02727,52.20153,56.61272,55.36244,55.54278,51.41984,52.92447,53.75872,55.08176,50.28916,48.08326,48.70318,50.69517,47.85394,52.39275,44.38468,47.85394,46.06517,49.73932,46.51881,45.17743,42.05948,39.96248,39.40812,36.89173,35.51056,32.64966,37.80212,35.35534,30.41381,32.55764,33.6006,25.17936,26.4764,26.4764,34.1321,29.41088,33.83785,32.89377,34.53983,40.31129,39.35734,43.909,42.54409,47.41308,47.88528,48.27007,50.24938,55.22681,52.3259,53.07542,53.75872,54.81788,56.85068,55.21775,55.21775,56.60389,56.61272,53.0,56.82429,50.9902,59.90826,47.01064,54.12024,53.66563,52.69725,57.80138,52.15362,51.31277,54.08327,49.20366,57.31492,55.0,54.40588,54.56189,54.48853,54.20332,46.09772,52.63079,51.22499,52.34501,55.22681,53.07542,55.31727,57.38467,49.57822,57.48913,58.79626,52.49762
9.84886,9.84886,9.48683,10.77033,10.77033,9.84886,10.44031,10.44031,10.44031,10.44031,10.44031,11.40175,11.40175,10.44031,10.44031,11.40175,11.18034,10.19804,10.19804,11.18034,10.19804,11.18034,10.19804,11.18034,11.18034,11.18034,11.18034,11.18034,11.04536,10.04988,10.19804,10.19804,10.19804,10.19804,10.19804,9.21954,10.44031,9.21954,9.21954,9.21954,8.544,8.544,8.544,8.24621,7.61577,7.28011,7.61577,7.61577,6.7082,6.7082,7.2111,6.40312,54.33231,49.0408,52.7731,48.37355,56.7186,49.49747,52.63079,54.12024,53.14132,50.28916,50.96077,51.86521,60.53924,56.921,57.24509,59.5063,60.41523,51.0,55.54278,58.13777,61.7414,52.80152,52.80152,50.15974,50.32892,57.38467,56.85948,57.27128,56.82429,59.94164,56.79789,56.79789,52.3259,55.4617,50.60632,50.15974,49.98,48.76474,50.69517,51.07837,52.55473,48.50773,46.48656,50.69517,45.22168,48.27007,46.17359,41.4367,42.2019,41.4367,42.42641,37.65634,36.49658,36.49658,31.14482,34.0147,36.01389,25.63201,30.8707,24.83948,30.88689,26.24881,33.52611,36.40055,33.73426,35.44009,41.4367,42.57934,45.70558,49.36598,48.09366,45.09989,48.09366,55.03635,49.49747,46.09772,49.24429,55.36244,55.97321,56.921,56.0803,58.5235,57.27128,55.97321,54.78138,54.12024,56.64804,50.0,54.08327,51.86521,50.28916,52.20153,58.82176,54.12024,57.00877,52.63079,55.10898,51.86521,55.54278,57.87055,54.74486,49.49747,56.22277,54.74486,50.48762,50.35871,49.16299,53.15073,57.00877,58.30952,51.0098,57.07889,55.00909,54.00926
9.89949,10.63015,10.0,11.40175,10.63015,11.40175,10.81665,10.81665,10.81665,10.29563,11.6619,11.6619,11.6619,11.6619,11.6619,11.6619,11.6619,10.29563,11.18034,11.18034,11.18034,11.18034,10.29563,11.18034,11.18034,11.18034,10.77033,11.18034,12.08305,10.77033,11.18034,11.18034,11.18034,10.29563,11.18034,10.29563,10.29563,10.81665,9.43398,10.81665,8.60233,10.0,8.60233,8.60233,8.60233,7.81025,7.81025,8.48528,7.81025,7.81025,7.81025,7.81025,49.65884,45.27693,53.15073,45.60702,50.01,46.87217,49.81967,51.78803,52.00961,50.35871,51.62364,50.35871,55.03635,55.03635,48.16638,54.0,60.03332,59.03389,56.0357,55.14526,57.21888,53.08484,53.75872,53.15073,54.00926,58.07753,51.24451,54.14795,58.07753,56.14268,52.08647,56.22277,55.03635,58.0517,45.89118,49.09175,52.23983,54.03702,50.01,47.04253,51.0098,48.01042,53.03772,52.00961,49.36598,43.04649,43.10452,46.27094,42.19005,39.31921,35.51056,38.63936,39.29377,36.40055,36.05551,34.0147,35.35534,28.01785,29.15476,33.37664,32.28002,33.83785,30.08322,31.62278,38.27532,42.37924,42.72002,43.38202,45.65085,51.88449,51.10773,51.40039,51.22499,59.20304,52.63079,51.08816,53.75872,55.86591,61.52235,55.60576,59.81639,54.56189,54.45181,51.22499,58.60034,51.61395,58.0,51.0392,57.62812,52.49762,52.34501,54.20332,53.75872,47.42362,53.03772,52.63079,55.97321,59.5483,55.0,54.20332,51.61395,49.40648,49.73932,50.21952,51.0392,53.0,51.31277,52.15362,53.0,57.42822,46.09772,51.42956,52.3259,53.85165
10.77033,10.44031,10.44031,11.7047,10.44031,10.44031,11.40175,10.44031,11.40175,10.44031,11.40175,12.16553,11.40175,11.18034,11.40175,12.16553,11.18034,10.19804,11.04536,11.18034,11.18034,11.18034,10.19804,11.04536,11.04536,11.04536,11.04536,11.18034,12.04159,11.04536,11.18034,11.18034,11.18034,10.19804,10.19804,10.19804,11.18034,10.44031,9.21954,9.48683,9.48683,9.48683,8.544,8.544,8.544,8.544,8.06226,8.06226,8.06226,8.06226,7.2111,7.81025,57.07889,50.9902,48.50773,52.95281,47.29693,49.98,55.97321,51.41984,52.20153,49.0408,51.42956,50.9902,54.78138,55.15433,51.07837,52.83938,60.37384,62.96825,54.58938,53.23533,57.98276,51.88449,55.47071,57.24509,51.31277,56.93856,48.82622,51.97115,60.41523,53.25411,53.7122,54.08327,52.80152,54.91812,47.20169,53.7122,54.58938,55.47071,52.83938,48.75449,48.76474,47.01064,50.9902,46.8188,46.09772,44.94441,46.57252,43.08132,39.84972,38.01316,38.32754,35.1141,35.73514,35.17101,37.21559,36.05551,35.0,27.313,26.24881,20.24846,33.24154,29.96665,32.28002,33.95585,35.90265,41.01219,39.31921,42.42641,47.26521,50.03998,54.03702,48.09366,47.67599,50.15974,52.95281,50.9902,50.69517,49.0408,54.40588,48.70318,52.88667,55.4617,56.30275,52.0,51.26402,51.26402,56.0803,45.60702,54.08327,51.86521,51.62364,53.75872,50.92151,47.07441,52.17279,49.24429,54.57105,52.49762,51.97115,49.64877,54.91812,47.51842,50.35871,49.25444,52.15362,53.00943,51.08816,53.00943,59.0,62.07254,48.04165,54.08327,56.0803,55.03635
9.43398,8.94427,9.84886,9.84886,9.84886,8.94427,9.84886,9.84886,9.84886,9.84886,9.84886,10.44031,9.84886,9.84886,9.84886,10.44031,9.48683,9.48683,9.48683,10.44031,9.48683,10.44031,9.48683,10.19804,10.44031,10.19804,10.19804,10.19804,10.19804,10.19804,9.48683,10.44031,9.21954,9.48683,9.48683,9.48683,9.84886,8.544,8.544,8.544,7.61577,8.06226,8.06226,7.61577,6.7082,6.7082,7.2111,6.40312,6.40312,6.40312,5.65685,5.65685,53.00943,59.5399,53.36666,51.5461,56.61272,53.16014,57.58472,60.40695,55.00909,51.26402,55.00909,55.03635,55.9017,63.50591,58.18935,58.66856,63.50591,58.13777,54.56189,59.5399,65.0,60.20797,54.40588,57.48913,56.85948,62.76942,56.0357,56.72742,55.21775,61.22091,56.0357,56.22277,54.40588,59.20304,56.22277,53.7122,59.40539,59.20304,54.20332,53.0,53.82379,50.9902,54.12024,51.89412,47.53946,51.89412,44.38468,51.47815,40.71855,41.59327,36.76955,38.07887,37.33631,37.64306,39.29377,35.22783,35.12834,29.52965,25.07987,32.28002,32.57299,31.04835,31.57531,32.98485,36.22154,40.31129,42.04759,40.11234,45.0,54.0,49.36598,48.50773,52.61179,50.44799,55.08176,51.1957,51.5461,54.81788,58.5235,54.42426,57.38467,55.36244,49.72927,51.47815,48.75449,55.47071,59.48109,52.20153,51.07837,52.49762,46.57252,52.92447,51.41984,52.49762,49.72927,53.60037,54.57105,50.0,55.22681,50.35871,56.14268,50.35871,46.04346,50.24938,49.16299,54.00926,61.13101,53.00943,53.00943,55.08176,50.0,54.00926,55.57877,57.87055
10.63015,10.81665,10.29563,10.81665,10.81665,10.81665,11.18034,11.18034,11.18034,11.18034,11.6619,12.08305,11.6619,11.18034,11.18034,12.08305,10.77033,10.77033,10.77033,10.77033,10.77033,11.7047,10.77033,11.7047,11.7047,11.7047,11.40175,11.7047,11.7047,11.40175,10.77033,11.7047,11.7047,10.77033,10.77033,10.77033,11.18034,10.29563,10.29563,10.29563,8.94427,9.43398,9.43398,8.94427,8.60233,8.06226,8.60233,8.60233,7.81025,7.81025,7.81025,7.07107,51.0392,53.33854,52.63079,52.39275,51.1957,48.08326,54.40588,56.61272,51.26402,49.0408,53.48832,50.60632,55.02727,52.35456,49.64877,53.23533,60.92618,57.24509,52.39275,55.9464,58.66856,52.0,52.47857,52.83938,55.9464,58.66856,52.15362,55.56978,52.35456,54.91812,51.0392,51.62364,51.42956,56.0803,45.80393,51.47815,53.82379,50.47772,48.75449,52.3259,46.95743,48.70318,51.47815,47.16991,48.46648,46.23851,48.27007,47.80167,39.56008,38.27532,39.84972,38.8973,38.32754,37.85499,30.26549,34.05877,29.01724,25.94224,24.69818,27.85678,31.01612,32.28002,32.24903,32.28002,34.23449,40.4475,43.18565,44.04543,44.01136,49.09175,45.09989,45.70558,49.25444,49.25444,50.21952,49.64877,48.05206,49.64877,52.88667,53.60037,57.28001,56.61272,52.17279,55.71355,51.5461,52.39275,54.08327,46.17359,56.32051,49.64877,48.76474,54.40588,49.0408,46.84015,49.72927,52.39275,50.9902,50.69517,53.46027,52.61179,53.15073,52.00961,49.16299,52.08647,51.15662,53.03772,54.03702,52.34501,52.03845,51.0098,51.35173,61.0082,54.03702,53.03772
11.04536,11.0,11.04536,11.0,11.0,11.0,11.04536,11.04536,11.04536,11.04536,12.04159,11.04536,12.04159,11.04536,11.04536,12.16553,11.18034,11.18034,11.18034,11.18034,11.18034,11.40175,11.18034,11.40175,11.40175,11.40175,11.40175,12.36932,11.40175,11.40175,11.18034,11.40175,11.40175,10.19804,10.19804,10.19804,11.04536,10.04988,10.04988,9.05539,9.0,9.0,10.0,8.0,8.0,8.0,8.0,8.0,8.06226,7.07107,7.07107,7.28011,49.92995,52.20153,61.55485,55.60576,50.9902,55.17246,50.9902,58.69412,48.08326,61.22091,54.20332,53.15073,58.79626,58.89822,58.72819,63.41136,62.20129,55.80323,56.22277,57.80138,68.24222,54.67175,57.14018,59.16925,56.85948,57.45433,53.25411,59.48109,58.5235,60.90156,54.6443,61.91123,52.83938,59.5399,52.80152,53.53504,60.90156,55.22681,56.85068,52.20153,50.0,54.67175,49.57822,51.22499,47.80167,47.38143,48.08326,43.86342,46.66905,44.68781,37.01351,42.44997,42.63801,35.60899,40.0,35.80503,35.35534,25.55386,27.80288,29.83287,34.82815,34.82815,35.38361,38.18377,38.8973,36.87818,39.69887,42.2019,46.40043,50.47772,48.8467,47.01064,47.92703,56.0803,50.32892,56.04463,52.55473,51.26402,54.12024,48.08326,54.91812,60.01666,58.69412,54.58938,53.15073,49.0306,56.88585,46.27094,57.27128,56.08921,54.34151,59.22837,53.15073,53.93515,57.00877,56.32051,50.32892,58.5235,54.56189,63.32456,51.0,58.87274,57.70615,57.38467,54.58938,57.80138,52.7731,53.85165,57.24509,63.50591,54.91812,62.76942,64.07027,50.0
11.40175,10.19804,11.18034,11.18034,11.18034,11.18034,11.04536,11.04536,11.04536,11.04536,12.16553,12.04159,12.04159,11.04536,11.04536,12.0,11.0,11.0,11.0,11.0,11.0,11.0,11.0,11.0,11.0,11.04536,11.04536,12.04159,11.04536,11.04536,10.0,11.0,11.04536,11.0,11.0,11.0,11.0,10.04988,10.04988,10.04988,10.04988,10.04988,9.05539,9.05539,9.05539,8.06226,8.24621,8.24621,8.24621,7.61577,7.61577,7.61577,53.66563,57.77543,56.93856,56.85948,57.14018,52.47857,54.81788,58.18075,52.20153,52.00961,53.8145,53.75872,62.36986,55.22681,58.0517,59.4138,66.52819,63.70243,54.67175,55.22681,58.89822,54.45181,57.62812,55.9017,55.9017,60.10824,55.44367,58.89822,59.66574,59.81639,54.67175,53.41348,56.72742,59.40539,52.35456,55.97321,59.66574,55.80323,57.31492,52.43091,54.81788,50.9902,55.17246,54.48853,49.51767,49.51767,45.96738,45.45327,41.23106,38.28838,40.0,37.44329,40.0,38.91015,38.58756,39.82462,37.33631,21.2132,28.3196,24.41311,32.64966,33.61547,34.88553,33.12099,30.41381,41.04875,42.94182,46.8188,44.94441,49.39636,48.50773,45.89118,48.6621,49.0408,50.08992,50.15974,49.49747,51.0392,57.00877,58.03447,54.03702,59.13544,54.58938,50.15974,58.00862,53.03772,59.3043,51.0098,54.0,56.0357,53.0,55.00909,56.00893,48.50773,55.3263,54.23099,56.22277,57.42822,60.53098,54.12947,60.20797,54.91812,56.30275,54.12947,53.15073,57.48913,57.27128,57.28001,58.24088,63.32456,53.85165,61.68468,60.44005,55.9464
9.48683,9.84886,9.84886,9.84886,9.84886,9.84886,10.29563,9.43398,10.29563,10.29563,11.18034,10.29563,10.29563,10.29563,9.43398,11.40175,10.0,10.0,10.0,10.0,10.0,9.89949,10.0,10.63015,10.0,10.63015,9.89949,10.63015,10.63015,10.63015,10.0,10.63015,9.89949,10.0,9.21954,10.0,10.81665,9.43398,8.60233,8.60233,8.60233,9.43398,8.94427,8.06226,8.06226,7.2111,7.61577,6.7082,6.7082,7.28011,6.32456,6.08276,51.10773,51.42956,58.13777,52.55473,55.71355,52.55473,49.76947,59.23681,58.94065,50.96077,53.15073,56.56854,61.0,58.69412,57.48913,59.13544,64.28841,60.20797,54.81788,57.42822,60.20797,59.22837,53.46027,59.3043,54.91812,56.56854,55.14526,58.42089,59.4138,58.03447,57.14018,60.20797,60.20797,56.22277,61.07373,55.44367,51.0098,56.0,58.30952,56.4358,56.22277,56.88585,53.60037,51.1957,49.24429,49.72927,52.63079,44.14748,46.69047,43.08132,44.27189,42.72002,35.8469,42.19005,38.07887,37.44329,35.22783,19.10497,26.1725,28.16026,30.59412,27.45906,28.4605,34.78505,34.43835,38.27532,39.35734,46.52956,44.77723,50.24938,47.80167,45.0,51.85557,52.49762,50.9902,51.62364,50.93133,56.85068,52.34501,53.15073,52.00961,52.43091,52.40229,51.31277,51.86521,55.47071,57.80138,45.0,50.80354,52.00961,49.81967,51.22499,47.63402,45.96738,52.40229,50.9902,55.15433,54.03702,55.22681,53.74012,55.86591,52.3259,53.75872,54.03702,56.61272,52.80152,54.56189,50.20956,56.60389,54.03702,50.80354,59.68249,60.20797,54.6443
9.21954,9.05539,9.05539,10.19804,9.05539,9.05539,10.04988,10.0,10.04988,9.0,10.04988,11.0,11.0,10.0,10.04988,11.0,10.04988,10.0,10.04988,10.04988,10.04988,10.04988,9.05539,10.04988,10.04988,10.19804,10.19804,11.04536,11.18034,10.19804,10.04988,10.04988,10.04988,10.04988,10.04988,10.04988,10.0,9.0,9.0,9.0,9.0,9.0,8.06226,8.0,8.06226,7.07107,7.07107,7.07107,7.07107,7.28011,6.32456,6.7082,52.81098,53.75872,56.79789,49.92995,54.70832,56.82429,56.0803,58.24946,55.44367,57.45433,54.08327,56.72742,61.07373,57.80138,57.00877,58.0517,66.06815,58.79626,61.84658,58.25805,61.52235,57.31492,64.44377,58.79626,61.55485,58.13777,55.31727,58.25805,60.81118,63.25346,58.0517,60.87693,56.0803,61.84658,52.20153,60.82763,59.4138,61.84658,59.4138,53.75872,57.38467,54.45181,58.79626,55.80323,49.64877,50.32892,51.61395,50.47772,45.48626,47.80167,46.32494,44.65423,42.48529,39.0,42.95346,41.78516,40.80441,20.61553,23.32381,26.24881,30.23243,25.94224,34.66987,31.38471,33.61547,35.8469,36.40055,40.80441,38.60052,46.57252,46.27094,45.39824,46.0,51.24451,45.54119,46.01087,46.09772,55.22681,56.0,50.9902,50.24938,51.97115,53.08484,47.85394,50.0,52.20153,56.88585,42.95346,51.97115,52.61179,48.01042,52.7731,47.09565,45.09989,53.15073,51.0098,54.0,57.14018,51.24451,54.0,53.33854,53.46027,52.46904,49.0408,54.58938,53.60037,56.88585,52.17279,53.36666,54.91812,51.97115,52.63079,54.57105,60.08328
9.21954,9.05539,9.05539,10.04988,9.05539,10.04988,10.04988,10.04988,10.0,10.0,11.04536,11.0,10.0,10.0,10.0,11.0,10.04988,10.0,10.04988,10.04988,10.0,10.04988,10.04988,10.04988,10.04988,10.04988,10.19804,11.04536,11.04536,10.19804,10.04988,10.04988,10.04988,10.04988,10.04988,10.04988,10.0,9.0,9.0,9.0,9.05539,9.05539,8.06226,8.06226,8.06226,7.07107,7.07107,7.07107,7.28011,6.32456,6.32456,6.7082,55.9017,57.28001,57.58472,47.92703,54.58938,53.22593,52.92447,55.9017,52.83938,57.27128,59.5399,54.91812,59.68249,61.29437,59.68249,58.5235,64.66065,60.74537,57.14018,59.66574,61.07373,58.60034,60.10824,62.2254,59.40539,62.28965,59.46427,63.65532,56.0803,62.24147,55.0,55.97321,63.12686,59.46427,58.0517,60.30755,58.0517,58.79626,60.21628,55.31727,56.72742,55.60576,51.31277,56.30275,54.3783,55.0,50.47772,51.10773,45.22168,47.70744,44.10215,38.47077,43.82921,44.59821,42.05948,41.23106,41.97618,18.60108,21.47091,27.73085,26.0,26.92582,26.92582,31.62278,34.71311,35.44009,37.65634,40.31129,40.04997,48.09366,43.18565,47.07441,48.09366,43.28972,44.64303,46.69047,44.91102,48.38388,48.76474,51.5461,56.04463,54.08327,53.15073,44.38468,49.98,49.98,55.02727,42.72002,50.92151,51.92302,46.48656,51.5461,45.54119,49.24429,48.50773,47.29693,51.41984,49.64877,53.23533,49.25444,54.58938,47.01064,58.0,53.15073,53.03772,49.0102,54.0,52.08647,51.15662,54.03702,52.39275,60.67125,54.12947,53.33854
9.21954,9.21954,9.05539,10.04988,10.04988,10.04988,10.04988,10.0,10.04988,10.0,11.04536,11.0,10.0,10.0,10.0,11.0,10.04988,10.0,10.04988,10.04988,10.04988,10.04988,10.0,10.04988,11.04536,10.04988,10.19804,11.04536,11.04536,10.19804,10.04988,10.04988,10.04988,10.04988,10.0,9.0,10.0,10.0,9.0,9.0,8.06226,9.05539,9.05539,8.06226,8.06226,7.07107,7.28011,7.28011,7.28011,7.28011,6.7082,6.7082,50.28916,53.75872,51.47815,47.75982,47.42362,50.9902,52.83938,51.10773,50.77401,55.56978,58.00862,52.15362,55.21775,52.43091,57.3062,57.48913,65.73431,56.72742,57.48913,58.89822,63.65532,60.46487,57.98276,52.63079,55.80323,55.31727,56.63921,58.72819,57.28001,65.06919,57.31492,63.70243,52.63079,62.24147,53.90733,55.17246,57.38467,55.31727,52.20153,58.25805,52.40229,54.20332,54.08327,49.20366,52.15362,47.01064,53.23533,44.72136,45.18849,39.35734,43.04649,42.48529,39.81206,38.27532,37.33631,38.60052,36.87818,22.02272,20.80865,21.2132,28.84441,23.76973,28.63564,26.57066,30.8707,40.26164,33.83785,37.10795,38.83298,46.32494,43.10452,44.0,41.0,49.0408,46.38965,51.15662,43.10452,44.72136,52.39275,48.50773,45.54119,53.36666,48.83646,50.0,52.95281,44.38468,52.17279,45.89118,48.27007,46.69047,43.41659,45.60702,50.48762,42.42641,50.9902,47.26521,53.00943,50.48762,51.0098,54.14795,49.0102,50.01,51.0392,47.0,52.0,51.0,49.0408,47.09565,52.15362,53.00943,46.27094,53.23533,54.81788,50.44799
10.44031,10.44031,10.19804,11.40175,10.44031,11.40175,11.18034,11.18034,11.18034,11.18034,12.16553,12.04159,12.16553,11.04536,11.18034,12.04159,12.04159,11.04536,11.04536,11.04536,11.04536,11.04536,11.0,12.0,12.0,12.0,12.0,12.0,12.0,12.0,11.0,12.0,12.0,11.04536,11.0,11.04536,11.04536,10.04988,10.04988,10.19804,10.19804,10.19804,10.19804,9.21954,9.21954,8.24621,8.24621,8.544,8.544,8.544,7.61577,8.06226,50.9902,48.46648,48.8467,48.8467,46.52956,45.18849,52.3259,58.30952,49.92995,51.31277,55.47071,51.86521,60.46487,51.61395,50.80354,58.41233,63.25346,62.28965,58.89822,58.0,63.60031,52.40229,54.48853,56.63921,54.56189,57.28001,53.75872,61.52235,62.36986,59.66574,58.0,60.20797,56.58622,61.52235,53.75872,52.40229,55.9017,54.45181,58.79626,54.48853,50.9902,46.01087,50.44799,53.00943,50.80354,50.47772,48.02083,45.27693,43.82921,37.73592,42.2019,40.81666,44.29447,40.71855,33.10589,41.14608,34.78505,26.83282,25.80698,28.17801,29.15476,32.75668,31.7805,34.20526,31.32092,39.20459,38.20995,41.0,41.7732,47.67599,49.0408,55.3263,49.49747,52.03845,51.41984,55.7315,50.21952,52.95281,56.32051,50.69517,50.59644,55.02727,54.34151,59.13544,57.97413,51.26402,55.36244,44.59821,55.97321,53.45091,53.36666,53.45091,49.72927,48.6621,50.01,51.62364,55.57877,52.7731,50.35871,51.24451,52.23983,53.00943,48.04165,47.0,47.04253,48.04165,51.0392,52.08647,57.42822,56.00893,46.69047,59.5399,57.87055,53.46027
9.89949,10.63015,10.0,11.40175,10.63015,10.63015,10.81665,10.81665,10.81665,10.81665,11.40175,11.6619,10.81665,10.81665,10.81665,11.6619,11.6619,10.29563,11.18034,11.18034,10.81665,11.18034,10.29563,11.18034,11.18034,11.18034,11.18034,11.18034,12.08305,10.77033,10.29563,10.29563,10.29563,10.29563,10.29563,9.43398,10.81665,10.0,9.43398,9.43398,8.60233,9.21954,8.60233,8.60233,7.81025,7.81025,7.81025,7.07107,7.07107,7.81025,7.2111,7.2111,48.08326,51.62364,49.0102,48.25971,52.03845,51.0098,51.08816,50.03998,50.08992,52.03845,49.64877,45.27693,56.0803,57.21888,52.03845,55.10898,58.0517,58.42089,54.45181,55.22681,59.5399,53.15073,52.17279,56.88585,56.29387,58.0517,52.17279,54.57105,52.49762,54.57105,51.97115,51.97115,55.57877,55.31727,51.5461,52.95281,53.36666,55.10898,50.24938,50.63596,46.87217,48.37355,50.24938,45.27693,47.16991,42.04759,42.10701,43.04649,38.11824,38.0526,38.0,35.0,35.01428,39.31921,33.37664,33.13608,33.24154,23.34524,34.20526,29.12044,32.24903,36.05551,36.22154,37.05401,38.0526,45.04442,44.10215,46.38965,48.37355,56.0803,53.45091,52.20153,54.626,59.23681,59.48109,54.626,55.4617,58.30952,62.26556,58.83026,63.81222,63.00794,61.85467,59.20304,60.44005,57.48913,61.40033,53.2635,54.81788,55.31727,55.22681,55.44367,57.00877,52.20153,55.75841,55.47071,59.90826,54.58938,55.9464,56.35601,57.80138,48.76474,51.97115,48.75449,54.20332,54.56189,56.46238,54.626,52.3259,54.78138,48.33218,56.85948,56.30275,52.39275
9.21954,9.21954,9.21954,9.89949,9.89949,9.89949,10.0,10.0,10.0,10.0,10.63015,10.0,10.0,10.0,9.89949,10.81665,10.0,10.0,9.43398,10.0,10.0,9.43398,10.0,9.43398,10.0,10.81665,10.0,10.81665,10.0,9.43398,8.60233,10.0,9.43398,8.60233,9.21954,9.21954,9.21954,8.48528,8.48528,8.48528,8.48528,8.48528,7.81025,7.81025,7.81025,6.40312,6.40312,6.40312,7.2111,6.7082,6.7082,6.32456,51.41984,53.14132,46.69047,50.24938,55.22681,50.48762,51.24451,53.15073,52.00961,56.0357,58.13777,52.08647,60.00833,52.0,54.00926,56.88585,59.00847,59.13544,56.22277,60.13319,62.514,54.0,56.7186,50.35871,52.23983,57.07889,56.22277,57.87055,52.23983,53.60037,51.24451,54.14795,53.46027,51.47815,53.36666,54.0,53.33854,52.08647,54.03702,50.0,48.09366,47.01064,46.04346,45.27693,47.16991,49.09175,41.30375,44.28318,38.63936,34.20526,35.90265,41.4367,35.90265,34.78505,32.98485,36.05551,34.88553,23.70654,27.78489,25.4951,33.24154,30.08322,32.55764,34.20526,37.33631,45.54119,42.10701,46.01087,48.04165,55.00909,53.60037,47.85394,54.34151,55.7315,53.14132,53.85165,54.23099,52.39275,59.03389,61.29437,61.7171,61.05735,61.26989,56.0357,58.83026,52.00961,59.90826,59.07622,57.00877,54.20332,50.77401,57.2014,53.0,55.22681,56.60389,49.24429,58.66856,53.53504,58.18075,57.24509,52.80152,49.92995,57.24509,51.5461,55.36244,51.89412,56.79789,52.55473,53.14132,61.26989,49.98,57.87055,59.48109,54.70832
10.81665,10.0,10.63015,10.0,10.63015,10.0,10.63015,10.63015,10.63015,10.63015,12.04159,11.31371,12.04159,11.31371,10.63015,12.04159,10.63015,10.63015,10.63015,11.40175,10.63015,11.40175,10.63015,11.40175,11.40175,11.40175,10.63015,11.40175,11.40175,10.81665,10.63015,10.63015,10.63015,10.63015,10.63015,10.63015,9.89949,9.89949,9.89949,9.21954,9.21954,8.48528,9.21954,7.81025,7.81025,7.81025,7.81025,7.81025,7.2111,7.2111,7.61577,6.7082,50.92151,53.14132,56.56854,48.05206,51.97115,46.52956,55.14526,52.15362,52.0,47.51842,42.29657,46.01087,54.00926,54.0,53.0,52.03845,62.00806,57.31492,51.0098,55.22681,55.9017,54.0,49.81967,53.33854,50.03998,54.23099,54.23099,57.87055,53.23533,56.08921,50.15974,52.15362,54.33231,55.31727,51.47815,51.47815,52.46904,50.48762,49.0408,49.0,50.03998,51.0,52.08647,44.10215,41.04875,42.0119,41.30375,43.10452,39.05125,42.10701,37.21559,32.38827,36.67424,42.2019,33.95585,33.52611,29.52965,28.16026,27.07397,27.20294,32.01562,32.01562,33.06055,33.01515,35.0571,42.04759,43.41659,45.39824,49.49747,54.58938,48.05206,51.5461,51.62364,54.40588,59.48109,56.36488,59.5399,57.98276,58.59181,58.25805,60.0,59.81639,58.82176,57.80138,53.90733,57.38467,53.90733,53.90733,61.07373,57.38467,52.49762,62.28965,56.85068,54.6443,57.42822,58.00862,60.41523,55.80323,62.64982,56.0357,58.59181,48.82622,54.70832,58.83026,59.03389,54.56189,60.37384,55.15433,56.36488,55.07268,54.56189,55.15433,55.4617,57.24509
9.21954,9.21954,9.43398,10.0,9.21954,9.21954,10.0,10.0,9.43398,9.43398,10.0,10.29563,9.43398,9.43398,9.43398,10.29563,9.84886,9.43398,8.94427,9.84886,8.94427,9.84886,9.43398,9.84886,9.84886,9.84886,9.84886,9.84886,9.84886,9.84886,8.94427,9.84886,8.94427,8.94427,8.94427,9.43398,9.43398,8.60233,8.06226,7.81025,7.81025,7.81025,8.60233,7.81025,7.07107,7.07107,7.07107,7.07107,6.40312,6.40312,7.2111,5.83095,50.48762,50.0,51.97115,46.38965,46.38965,46.0,46.87217,52.17279,51.92302,49.0306,54.34151,50.32892,55.36244,50.69517,55.31727,50.15974,56.921,54.70832,54.08327,50.69517,54.56189,52.0,53.66563,52.0,52.55473,56.04463,54.626,51.42956,49.65884,55.4617,51.89412,53.7122,46.09772,50.9902,48.30114,49.0408,47.53946,47.41308,48.08326,48.46648,47.43416,46.84015,42.04759,47.12749,44.27189,44.14748,50.01,41.59327,41.19466,39.45884,40.4475,35.22783,33.01515,33.01515,38.01316,34.1321,35.35534,25.94224,28.6531,29.15476,31.30495,29.41088,35.8469,32.98485,39.84972,42.44997,40.79216,50.15974,52.15362,50.15974,53.03772,53.33854,55.22681,59.68249,53.15073,53.36666,57.00877,54.34151,62.36185,61.03278,57.87055,59.9333,61.68468,57.24509,57.38467,52.3259,62.24147,50.9902,57.69749,59.61543,54.78138,55.71355,52.55473,58.5235,60.08328,54.78138,56.30275,56.921,58.5235,59.61543,50.69517,51.41984,52.61179,54.40588,55.7853,55.31727,54.34151,48.83646,56.56854,55.10898,50.63596,58.69412,57.07889,55.08176
8.60233,8.60233,9.21954,10.0,8.60233,9.21954,9.21954,9.21954,9.21954,9.21954,9.89949,9.89949,9.89949,9.89949,9.21954,10.63015,9.89949,9.89949,9.21954,9.89949,9.89949,9.21954,9.21954,10.0,9.21954,9.21954,9.21954,9.21954,9.21954,9.21954,8.48528,9.89949,9.21954,8.48528,9.21954,8.48528,9.21954,8.48528,8.48528,7.81025,7.81025,7.81025,7.2111,7.2111,7.2111,7.2111,6.7082,6.7082,6.7082,6.7082,6.32456,5.38516,50.24938,49.73932,47.50789,45.61798,47.53946,50.92151,42.54409,53.14132,46.32494,51.47815,45.60702,50.21952,61.18823,50.44799,55.10898,54.74486,58.24946,55.10898,55.10898,54.91812,57.55867,48.83646,50.48762,52.46904,49.36598,53.46027,49.25444,54.45181,51.78803,58.07753,54.14795,55.00909,44.72136,53.33854,49.0102,46.27094,51.62364,52.08647,51.66237,48.05206,44.28318,50.28916,46.17359,48.10405,43.68066,49.33559,46.8188,41.97618,34.48188,36.05551,43.38202,35.8469,38.27532,35.51056,35.51056,37.44329,34.05877,29.01724,34.23449,30.06659,37.01351,34.1321,36.13862,40.80441,40.26164,48.38388,42.15448,48.38388,44.94441,55.00909,54.58938,53.25411,54.81788,60.80296,50.32892,55.44367,57.98276,57.28001,61.7171,56.63921,56.61272,62.62587,58.13777,58.5235,60.46487,58.30952,58.5235,50.44799,57.3062,54.70832,58.30952,57.98276,55.44367,52.43091,57.48913,55.60576,56.0803,52.00961,53.2635,55.97321,51.85557,49.20366,59.46427,54.45181,51.66237,53.03772,54.67175,49.49747,56.63921,57.28001,48.83646,50.20956,53.8145,51.61395
10.19804,9.05539,10.04988,10.04988,10.04988,9.05539,10.04988,10.0,10.0,10.0,11.04536,11.0,11.04536,10.0,10.04988,11.04536,10.04988,10.0,10.04988,10.04988,10.0,10.04988,10.0,10.04988,10.0,10.04988,10.04988,11.04536,10.04988,10.04988,9.0,10.04988,10.04988,9.0,10.04988,10.0,10.04988,9.05539,9.05539,8.06226,9.05539,8.06226,8.06226,7.07107,7.07107,7.07107,7.28011,7.28011,7.28011,7.61577,6.7082,6.7082,43.82921,48.8774,56.40035,48.8774,47.43416,48.9183,48.08326,53.07542,48.10405,50.20956,56.58622,50.20956,57.28001,52.3259,49.51767,60.60528,55.22681,55.31727,54.45181,52.43091,57.68882,54.20332,52.20153,53.15073,55.31727,51.40039,53.15073,56.0803,54.81788,52.69725,48.01042,51.0392,50.24938,49.40648,45.17743,53.00943,49.81967,50.32892,54.48853,45.0,47.63402,44.59821,44.68781,49.57822,42.42641,44.55334,37.48333,42.2019,40.31129,39.20459,35.80503,33.42155,34.98571,33.28663,31.30495,33.54102,31.95309,29.96665,32.20248,33.28663,36.89173,36.61967,39.20459,38.28838,41.10961,47.38143,43.84062,48.9183,49.67897,56.61272,55.22681,59.05929,55.4617,59.5399,55.36244,58.18935,57.28001,60.16644,64.28841,54.81788,62.58594,63.3877,58.94065,56.56854,61.52235,60.53098,60.82763,54.34151,57.21888,60.53098,55.44367,59.0,54.45181,57.42822,58.24946,55.7315,55.9017,57.87055,58.69412,56.51548,61.03278,55.36244,49.72927,59.20304,52.49762,52.63079,58.5235,53.16014,58.18075,53.7122,50.32892,56.46238,57.58472,50.15974
11.04536,10.19804,10.19804,11.18034,11.18034,10.19804,10.44031,10.44031,11.40175,10.44031,11.40175,11.7047,11.40175,11.7047,10.44031,11.7047,10.77033,10.77033,9.84886,10.77033,10.77033,10.77033,9.84886,11.18034,10.77033,11.18034,11.18034,10.77033,11.18034,11.18034,9.84886,9.84886,9.84886,9.84886,9.84886,9.84886,10.44031,9.48683,9.48683,9.48683,9.21954,9.21954,8.24621,8.24621,8.24621,7.28011,8.06226,7.07107,7.07107,7.0,7.0,7.07107,48.02083,51.0392,53.15073,45.96738,55.31727,50.93133,50.9902,53.90733,50.60632,49.20366,52.20153,50.47772,55.21775,53.53504,52.47857,53.7122,56.0357,50.53712,58.24946,52.15362,59.94164,52.35456,52.35456,51.10773,50.60632,55.56978,52.80152,51.42956,48.8774,54.78138,46.23851,52.92447,48.76474,49.64877,51.24451,49.73932,50.9902,51.07837,50.53712,48.30114,48.30114,41.88078,46.32494,44.10215,45.22168,48.02083,40.0,39.40812,38.01316,35.0,36.87818,32.80244,34.20526,30.61046,33.30165,31.89044,31.06445,29.52965,29.96665,28.17801,34.1321,33.6006,35.8469,37.53665,41.10961,45.96738,45.27693,48.79549,48.16638,56.0803,55.80323,51.31277,56.0803,60.90156,59.03389,55.47071,55.15433,55.71355,64.56005,56.61272,56.51548,58.94065,56.921,59.66574,57.72348,54.74486,63.28507,54.40588,56.88585,54.34151,49.24429,54.57105,57.00877,52.88667,56.30275,52.81098,58.18935,60.08328,53.85165,52.92447,53.85165,54.626,56.35601,55.36244,54.56189,55.47071,52.7731,50.69517,59.5399,58.59181,54.70832,54.3783,50.53712,52.35456
10.19804,10.44031,10.77033,10.44031,10.44031,10.44031,10.77033,10.77033,10.77033,10.77033,11.7047,10.77033,10.77033,10.77033,10.77033,11.18034,10.29563,10.77033,10.29563,10.29563,10.29563,10.29563,9.84886,10.29563,10.29563,10.29563,10.29563,11.18034,10.29563,10.29563,9.84886,10.29563,10.29563,9.84886,9.84886,9.84886,9.84886,9.48683,8.544,8.544,8.544,8.544,8.24621,8.24621,8.24621,7.28011,7.07107,7.07107,7.07107,7.0,7.0,7.0,54.91812,50.77401,55.07268,48.10405,54.78138,48.8467,55.03635,57.27128,51.07837,52.20153,55.02727,50.9902,57.27128,56.32051,51.66237,56.08921,59.5399,53.36666,54.12024,54.12947,56.56854,60.67125,52.46904,56.7186,45.89118,54.34151,53.60037,52.46904,50.9902,55.08176,50.80354,50.24938,51.78803,57.31492,53.03772,51.47815,51.35173,51.0098,52.95281,48.6621,48.50773,46.09772,46.32494,43.41659,44.38468,43.9659,41.78516,36.68787,37.0,38.07887,36.13862,34.20526,32.20248,35.35534,32.69557,30.52868,31.1127,27.01851,28.01785,31.7805,32.75668,35.8469,37.0,32.57299,42.72002,43.86342,47.01064,47.50789,46.95743,51.0392,55.0,54.81788,58.0,56.40035,54.48853,58.0517,55.9017,55.97321,62.80127,60.60528,61.22091,60.21628,58.00862,54.3783,57.80138,56.93856,57.45433,51.10773,59.36329,57.3062,50.21952,56.22277,55.60576,55.44367,54.81788,49.40648,51.61395,51.08816,57.31492,57.98276,59.39697,55.97321,55.17246,60.82763,57.62812,50.20956,55.97321,57.28001,54.20332,57.62812,51.62364,59.03389,55.44367,59.40539
10.77033,10.44031,10.19804,10.44031,10.44031,10.44031,10.19804,10.19804,10.19804,10.04988,11.18034,11.18034,11.18034,11.18034,11.18034,11.04536,11.04536,10.04988,10.04988,10.04988,10.04988,11.04536,10.04988,11.0,11.0,11.04536,11.0,11.04536,11.04536,10.0,10.04988,10.04988,10.04988,10.04988,10.04988,9.05539,10.19804,9.05539,9.05539,9.05539,8.24621,8.24621,8.24621,7.28011,7.28011,7.28011,7.28011,7.61577,6.32456,6.7082,6.7082,5.83095,52.63079,52.23983,54.14795,53.08484,59.0,54.08327,46.09772,54.00926,51.0392,51.08816,51.08816,48.83646,62.514,52.08647,54.08327,55.22681,55.44367,59.03389,48.83646,56.4358,59.03389,55.57877,50.32892,54.34151,50.21952,54.57105,50.63596,52.49762,51.97115,57.28001,50.80354,53.75872,52.95281,53.93515,49.24429,52.61179,49.39636,53.16014,44.64303,50.0,47.51842,47.01064,46.38965,45.17743,40.31129,45.09989,42.29657,39.01282,37.12142,37.05401,35.0571,32.01562,32.06244,38.20995,33.73426,34.20526,33.52611,30.67572,30.67572,28.86174,32.55764,34.48188,34.52535,36.05551,37.21559,40.04997,45.27693,48.25971,50.35871,47.51842,55.10898,49.47727,51.5461,56.61272,52.20153,51.86521,52.92447,54.56189,58.30952,52.35456,51.97115,59.64059,56.4358,55.0,57.14018,52.15362,57.45433,49.92995,52.80152,49.92995,54.58938,53.33854,55.00909,52.35456,56.4358,53.23533,57.69749,55.07268,53.48832,53.22593,55.36244,52.80152,51.41984,52.20153,52.55473,48.76474,53.45091,54.12024,60.16644,57.87055,50.96077,58.5235,57.48913,51.97115
9.48683,9.48683,9.84886,9.84886,9.84886,9.48683,9.84886,9.84886,9.84886,10.29563,9.84886,10.29563,10.29563,10.29563,10.29563,10.29563,9.43398,9.43398,9.43398,9.43398,9.43398,10.0,9.43398,10.0,10.81665,10.0,9.43398,10.81665,10.0,10.0,9.43398,9.43398,9.43398,8.94427,8.60233,8.94427,8.94427,8.544,7.61577,7.61577,7.61577,7.61577,7.61577,6.32456,6.32456,6.32456,6.32456,6.08276,6.08276,6.08276,6.0,6.0,61.61169,53.2635,50.60632,50.21952,54.40588,51.0392,54.58938,59.94164,52.80152,54.12024,51.47815,52.83938,59.9333,56.35601,52.92447,53.75872,62.24147,60.08328,52.92447,56.85948,61.68468,50.15974,53.45091,51.62364,54.12947,57.38467,51.86521,53.85165,53.48832,58.5235,51.5461,55.02727,49.24429,54.08327,48.08326,53.22593,49.33559,52.55473,47.01064,49.24429,46.14109,46.32494,48.33218,47.42362,43.26662,41.34005,41.40048,39.11521,37.80212,35.4683,36.23534,35.60899,37.48333,32.01562,30.41381,30.23243,29.41088,28.01785,30.14963,31.257,34.23449,35.90265,37.36308,36.40055,36.68787,46.48656,42.15448,47.88528,48.33218,51.89412,53.33854,55.22681,52.20153,60.1415,50.20956,53.74012,52.49762,53.8145,61.40033,54.08327,57.42822,62.20129,61.29437,54.3783,59.36329,55.80323,60.21628,51.0,56.30275,56.85948,56.0803,56.61272,53.53504,53.0,53.00943,53.15073,58.89822,55.80323,54.56189,57.80138,55.15433,54.67175,57.42822,55.60576,56.58622,54.56189,54.45181,53.75872,57.31492,65.19202,46.75468,59.46427,59.03389,48.83646
10.04988,10.0,10.0,11.0,10.0,10.0,10.04988,10.04988,10.04988,10.04988,10.04988,11.18034,11.04536,10.04988,10.04988,10.19804,11.18034,10.04988,10.19804,10.19804,10.19804,10.19804,9.21954,10.44031,10.19804,10.19804,10.19804,10.19804,11.18034,9.21954,10.19804,10.19804,9.21954,9.21954,9.21954,9.05539,9.05539,9.05539,8.06226,9.05539,8.06226,8.0,8.0,7.0,7.0,7.0,7.0,7.0,7.0,7.07107,6.08276,6.08276,46.95743,52.7731,55.75841,49.64877,48.01042,50.24938,53.82379,57.38467,51.73973,53.2635,52.49762,52.34501,55.97321,50.20956,50.44799,51.62364,56.63921,55.15433,58.0517,51.62364,60.20797,52.3259,53.15073,51.08816,50.9902,50.9902,50.9902,50.60632,50.9902,53.2635,47.63402,48.9183,47.50789,48.9183,46.40043,46.75468,49.20366,46.75468,48.79549,48.9183,43.86342,43.86342,43.93177,49.49747,44.55334,37.64306,38.83298,38.41875,41.04875,38.27532,33.83785,36.06938,32.75668,32.44996,34.1321,30.67572,34.20526,28.84441,29.52965,28.01785,33.01515,32.55764,41.86884,39.05125,38.28838,47.42362,45.34314,47.80167,49.20366,54.20332,51.88449,55.9017,52.7731,62.17717,58.30952,55.71355,58.82176,57.56735,62.64184,57.72348,61.0,60.67125,59.43904,56.00893,59.4138,57.21888,63.63961,50.15974,55.08176,56.75385,50.44799,55.22681,57.70615,51.62364,60.20797,55.54278,58.24946,52.17279,54.42426,56.30275,58.5235,55.97321,55.08176,52.55473,54.42426,54.78138,54.626,61.46544,60.53924,57.58472,56.0803,60.40695,58.59181,51.07837
10.77033,9.48683,10.19804,11.40175,10.44031,9.48683,10.19804,10.19804,10.19804,10.19804,10.44031,11.18034,11.18034,10.04988,10.19804,11.18034,10.04988,10.04988,10.04988,10.04988,10.04988,10.0,10.04988,11.04536,10.04988,10.04988,10.04988,11.04536,11.04536,10.04988,10.04988,10.04988,10.04988,9.05539,9.05539,9.21954,9.21954,9.21954,9.21954,8.24621,8.24621,8.24621,8.24621,7.28011,7.61577,7.28011,6.7082,6.7082,6.7082,6.7082,5.83095,6.40312,54.74486,53.75872,51.5461,52.39275,58.5235,47.53946,54.70832,52.81098,51.47815,53.22593,50.15974,52.3259,56.46238,58.60034,53.7122,52.47857,55.03635,51.0,49.64877,54.91812,59.36329,51.97115,47.50789,49.24429,48.30114,53.23533,55.47071,50.60632,50.77401,56.60389,46.87217,49.24429,49.73932,48.76474,48.60041,49.39636,47.16991,45.79301,46.95743,43.86342,46.51881,44.38468,45.31004,44.77723,39.92493,44.01136,37.94733,41.4367,32.98485,37.65634,34.20526,33.54102,32.98485,31.40064,31.7805,33.13608,29.42788,31.90611,32.75668,32.64966,29.73214,35.38361,38.27532,37.53665,43.60046,44.65423,51.10773,50.11986,51.0,54.70832,53.85165,49.33559,58.69412,58.24088,59.84146,59.43904,58.30952,58.00862,63.07139,61.03278,60.03332,57.07889,63.12686,59.21149,56.32051,63.28507,56.0357,57.03508,56.32051,58.03447,55.08176,56.4358,57.03508,62.03225,61.0082,52.0,62.1289,56.0,60.40695,53.33854,59.68249,56.32051,57.0,55.7315,57.31492,55.7315,60.40695,55.9017,59.4138,59.68249,56.88585,63.34824,57.87055,58.94065
9.21954,9.05539,9.05539,10.04988,9.05539,9.05539,9.0,9.0,9.0,9.0,10.0,10.04988,10.0,9.05539,9.0,10.04988,9.05539,9.05539,9.05539,9.05539,9.05539,9.21954,9.05539,9.21954,9.21954,9.05539,9.21954,9.21954,9.21954,9.21954,9.05539,9.21954,9.21954,8.06226,8.06226,8.06226,8.0,8.0,8.0,8.0,7.0,7.0,7.0,7.0,7.07107,6.08276,6.08276,6.08276,6.08276,6.32456,5.38516,5.38516,52.0,54.58938,56.72742,53.00943,50.93133,52.20153,53.03772,56.56854,48.83646,50.9902,48.27007,55.17246,55.97321,49.49747,53.75872,50.0,58.25805,49.57822,50.24938,52.63079,59.40539,51.86521,48.82622,51.0392,47.20169,49.92995,52.20153,51.31277,53.53504,49.92995,47.41308,52.83938,48.82622,52.15362,52.7731,47.80167,45.27693,48.8774,49.40648,42.80187,43.27817,47.01064,38.41875,41.86884,43.93177,39.62323,41.01219,39.05125,31.82766,31.89044,32.52691,32.80244,30.4795,36.05551,31.62278,30.01666,32.24903,29.54657,30.88689,28.6531,37.44329,34.4093,34.20526,35.38361,37.48333,50.24938,45.60702,47.01064,47.80167,55.9017,54.70832,56.0803,55.4617,62.24147,59.77458,56.46238,53.16014,53.85165,60.63827,58.24946,61.84658,61.81424,60.16644,58.69412,58.03447,55.3263,58.54912,50.63596,54.12947,55.9017,53.15073,57.70615,55.54278,53.85165,57.00877,54.81788,58.5235,57.56735,59.48109,55.7853,54.78138,54.42426,52.81098,53.7122,57.58472,53.7122,56.0803,55.54278,57.77543,60.74537,51.07837,58.60034,63.07139,63.81222
8.48528,8.48528,9.21954,9.89949,8.48528,8.48528,9.21954,9.21954,9.21954,8.60233,9.21954,9.43398,10.0,10.0,9.21954,9.43398,9.43398,8.60233,9.43398,9.43398,8.60233,9.43398,8.60233,9.43398,9.43398,9.43398,9.43398,9.43398,9.43398,8.06226,8.60233,8.60233,8.60233,8.60233,8.60233,7.81025,7.81025,8.48528,7.07107,7.07107,7.07107,7.07107,7.07107,6.40312,6.40312,6.40312,6.40312,5.83095,5.83095,5.83095,5.38516,5.38516,55.44367,51.35173,56.22277,51.08816,48.01042,49.09175,51.0392,52.0,48.16638,50.08992,48.16638,49.81967,56.4358,50.80354,49.49747,55.7853,60.67125,54.12947,54.12947,48.50773,52.63079,50.80354,50.69517,53.15073,51.62364,51.78803,46.87217,52.49762,48.05206,57.00877,49.47727,50.69517,45.54119,55.31727,44.92215,47.26521,50.63596,48.6621,47.38143,42.29657,45.54119,38.11824,45.04442,44.40721,43.0,44.0,41.01219,38.01316,39.05125,35.35534,34.05877,29.83287,36.34556,32.98485,32.38827,34.20526,28.63564,28.42534,31.40064,31.82766,32.20248,35.34119,37.57659,36.24914,34.0147,48.05206,40.79216,45.70558,43.41659,56.4358,55.44367,57.21888,53.15073,56.0803,52.46904,51.78803,58.24946,57.48913,69.37579,57.28001,59.20304,56.29387,61.68468,56.921,60.16644,57.77543,62.03225,43.01163,60.40695,52.55473,52.20153,55.15433,54.78138,48.76474,54.40588,53.16014,55.08176,58.18935,54.34151,55.65968,55.08176,52.20153,52.17279,55.65968,56.56854,53.75872,54.23099,57.87055,56.56854,57.72348,45.70558,56.29387,56.88585,53.23533
8.48528,8.48528,8.48528,9.21954,8.48528,8.48528,8.60233,9.21954,9.21954,8.60233,9.21954,9.43398,9.21954,8.60233,9.21954,9.43398,8.94427,8.60233,8.60233,8.60233,8.60233,9.43398,8.60233,8.94427,9.43398,8.94427,8.94427,9.43398,9.43398,8.94427,8.60233,8.60233,8.60233,8.60233,8.06226,8.06226,8.60233,7.81025,7.81025,7.81025,7.2111,7.07107,7.07107,6.40312,5.65685,5.65685,6.40312,6.40312,5.83095,5.83095,5.83095,5.38516,54.23099,48.33218,52.49762,48.70318,50.32892,52.49762,56.7186,49.47727,50.21952,51.97115,49.36598,48.25971,57.70615,54.14795,49.64877,54.23099,59.13544,58.0,57.31492,52.0,59.07622,54.23099,56.0,56.0357,49.0102,55.22681,48.25971,55.00909,54.00926,58.03447,52.03845,48.25971,53.0,51.15662,50.24938,53.03772,55.00909,50.01,49.36598,50.03998,47.16991,47.67599,43.41659,49.0408,42.57934,44.64303,41.0,41.0,38.60052,38.83298,37.65634,37.36308,31.62278,36.67424,37.58989,32.75668,33.6006,28.79236,31.62278,28.86174,33.54102,33.06055,37.01351,35.0571,37.0,47.0,45.17743,47.26521,45.89118,56.56854,56.08921,53.45091,52.20153,60.40695,55.54278,52.20153,55.9017,55.9464,64.63745,55.47071,57.45433,59.64059,59.94164,57.48913,61.40033,58.60034,64.2028,54.81788,58.13777,59.64059,56.0357,57.80138,58.83026,56.22277,55.75841,55.80323,62.1289,61.29437,56.93856,61.85467,57.45433,57.98276,57.70615,61.40033,56.82429,57.3062,57.68882,60.46487,60.41523,55.07268,50.60632,59.90826,54.20332,58.13777
9.43398,9.43398,10.29563,10.29563,10.29563,10.29563,10.77033,9.84886,9.84886,9.84886,10.77033,10.77033,10.77033,10.77033,10.77033,10.77033,10.44031,10.77033,10.44031,10.77033,10.77033,10.77033,9.48683,10.44031,10.44031,10.44031,10.44031,10.77033,11.40175,10.44031,9.48683,10.77033,10.77033,9.84886,10.44031,9.48683,9.84886,9.84886,9.84886,8.94427,8.94427,8.94427,8.94427,8.06226,8.06226,8.06226,8.60233,7.81025,7.81025,7.81025,7.07107,7.07107,51.47815,51.78803,54.14795,48.09366,48.04165,44.01136,48.37355,53.33854,45.70558,46.32494,50.48762,50.69517,50.69517,54.12947,52.61179,49.24429,57.27128,57.56735,53.60037,45.60702,57.24509,50.21952,54.626,54.78138,50.59644,58.18935,51.5461,51.86521,56.51548,54.626,45.88028,54.42426,47.75982,58.5235,49.65884,50.0,51.47815,51.07837,52.88667,44.94441,46.17359,53.15073,48.37355,44.91102,47.85394,39.29377,50.80354,41.59327,40.1995,38.47077,38.32754,39.81206,35.51056,38.11824,38.83298,35.22783,33.73426,24.04163,24.35159,27.20294,27.45906,32.75668,35.22783,32.06244,36.05551,46.17359,45.01111,44.10215,46.27094,54.74486,50.9902,53.93515,52.63079,57.07013,52.55473,55.36244,54.08327,55.15433,58.18075,57.80138,61.77378,59.90826,59.03389,56.22277,61.29437,54.91812,59.16925,47.01064,59.64059,54.58938,54.56189,58.30952,56.79789,51.0,52.7731,57.24509,58.13777,61.7414,59.61543,52.80152,54.42426,54.42426,56.46238,52.20153,56.51548,53.75872,57.24509,50.92151,59.77458,54.626,51.86521,56.921,55.54278,49.24429
8.94427,8.94427,9.48683,9.84886,9.84886,9.48683,10.44031,9.48683,9.48683,10.44031,10.44031,10.19804,10.44031,10.19804,10.44031,11.18034,10.04988,10.19804,10.04988,10.19804,10.19804,10.04988,10.04988,11.04536,10.04988,10.04988,10.0,11.04536,11.04536,11.0,10.04988,10.04988,10.04988,9.05539,10.04988,9.05539,10.19804,9.21954,9.21954,8.24621,8.24621,8.24621,8.24621,8.24621,8.24621,7.28011,7.61577,7.61577,6.7082,6.7082,7.2111,6.40312,50.35871,47.09565,46.52956,48.16638,53.33854,50.24938,54.12947,51.66237,54.34151,47.07441,53.85165,51.62364,55.36244,59.20304,58.82176,61.03278,60.74537,55.71355,58.24088,58.5235,59.5063,54.78138,52.35456,55.9464,52.55473,57.24509,53.22593,56.36488,59.09315,58.66856,50.59644,55.47071,59.61543,57.24509,55.9017,51.26402,54.78138,50.08992,53.14132,48.46648,52.39275,52.20153,49.98,50.69517,49.0306,45.35416,45.35416,49.64877,41.48494,35.90265,42.44997,41.19466,40.11234,41.04875,40.0,34.05877,32.24903,26.92582,25.55386,28.63564,29.54657,30.08322,30.26549,32.57299,36.67424,41.7732,37.21559,42.19005,44.18144,49.09175,46.01087,48.25971,50.63596,49.36598,54.74486,50.01,51.5461,53.16014,55.36244,56.64804,53.85165,56.79789,55.97321,53.22593,53.23533,54.91812,55.54278,46.23851,50.9902,51.97115,55.9464,59.09315,54.58938,51.47815,54.08327,54.42426,57.87055,58.30952,61.13101,54.08327,58.18935,46.61545,52.61179,51.92302,53.16014,54.57105,57.00877,49.49747,50.80354,54.74486,50.69517,53.93515,53.36666,56.56854
8.48528,7.81025,8.60233,9.21954,9.21954,8.60233,9.43398,9.43398,9.43398,9.43398,9.43398,10.29563,9.43398,9.43398,8.60233,10.29563,8.94427,8.94427,8.94427,9.84886,8.94427,9.48683,8.94427,9.84886,9.84886,9.48683,9.48683,9.84886,9.48683,9.48683,8.94427,9.84886,9.48683,8.544,9.48683,8.94427,8.94427,8.94427,8.06226,8.06226,8.06226,8.06226,8.60233,7.2111,7.2111,7.2111,6.40312,6.40312,7.07107,6.40312,6.40312,5.83095,51.47815,46.38965,48.04165,47.04253,47.0,47.04253,49.0408,53.08484,53.23533,51.15662,49.24429,52.39275,55.3263,44.91102,52.7731,52.17279,62.16912,56.29387,54.34151,51.92302,61.03278,52.88667,56.61272,53.75872,56.75385,56.921,49.0408,57.77543,59.46427,56.64804,51.62364,55.65968,57.97413,58.30952,49.24429,55.71355,54.78138,57.00877,53.16014,52.81098,50.96077,46.87217,57.28001,50.80354,51.47815,49.49747,47.67599,49.64877,42.42641,43.18565,41.19466,38.11824,40.0,41.01219,40.31129,38.32754,37.65634,25.31798,24.5153,27.0,33.54102,31.01612,36.12478,34.05877,34.05877,40.0,42.75512,39.05125,42.57934,50.35871,51.86521,50.92151,46.09772,53.85165,49.39636,51.0,56.36488,52.47857,55.07268,54.3783,59.36329,53.82379,56.30275,55.60576,54.81788,55.0,55.0,44.20407,56.60389,53.60037,51.0392,56.0357,51.22499,51.86521,53.53504,50.21952,54.70832,53.33854,50.53712,51.62364,51.88449,46.95743,50.15974,51.07837,47.01064,51.86521,54.12947,48.70318,53.60037,54.23099,38.8973,57.00877,52.63079,54.12024
10.63015,10.0,10.0,11.40175,10.81665,10.0,10.81665,10.29563,10.81665,11.18034,11.6619,11.18034,11.6619,11.6619,11.6619,12.08305,11.18034,11.18034,11.18034,11.18034,10.77033,10.77033,10.77033,11.7047,11.7047,11.7047,11.40175,11.7047,11.7047,11.40175,10.77033,11.7047,11.7047,10.77033,10.77033,10.77033,12.08305,10.29563,10.29563,10.29563,10.29563,9.84886,10.29563,8.94427,9.43398,8.06226,8.60233,8.60233,8.60233,7.81025,7.81025,7.81025,54.45181,53.00943,49.16299,45.0,50.03998,50.35871,49.81967,51.62364,46.69047,50.96077,51.41984,52.20153,59.90826,56.0803,57.48913,58.30952,60.16644,60.40695,54.40588,52.81098,60.08328,54.40588,56.35601,54.70832,56.85948,62.24147,52.55473,58.13777,56.85948,60.82763,56.85948,54.08327,55.36244,63.15853,49.64877,58.69412,57.77543,54.56189,55.02727,48.46648,53.14132,50.69517,53.45091,50.63596,55.08176,50.0,45.89118,47.51842,43.56604,40.4475,43.28972,37.48333,38.0526,43.04649,37.01351,38.11824,38.47077,26.30589,24.5153,30.06659,27.29469,35.22783,28.01785,36.12478,37.01351,42.10701,41.01219,40.4475,39.45884,51.24451,44.91102,50.96077,49.64877,54.81788,48.33218,46.17359,54.78138,52.3259,57.80138,55.07268,55.56978,57.80138,56.36488,55.80323,51.0392,56.0357,58.30952,49.64877,55.0,53.82379,55.47071,55.22681,49.73932,49.24429,54.12947,49.24429,55.03635,55.9464,53.22593,58.18075,54.78138,46.09772,52.20153,49.0408,49.33559,54.81788,53.85165,48.38388,50.80354,51.24451,49.24429,52.46904,49.25444,49.81967
9.84886,9.43398,10.0,10.29563,10.29563,10.29563,10.0,10.0,10.0,10.0,10.81665,11.40175,10.81665,10.0,10.0,12.04159,10.63015,10.63015,10.63015,10.63015,9.89949,9.89949,10.63015,10.63015,10.63015,11.31371,10.63015,11.31371,10.63015,10.63015,9.89949,9.89949,9.89949,9.89949,10.63015,10.0,10.0,10.0,8.60233,8.60233,8.60233,9.43398,8.60233,8.60233,8.06226,8.06226,8.06226,7.61577,7.61577,7.61577,7.28011,7.28011,51.26402,54.626,49.81967,50.21952,53.15073,51.24451,53.03772,49.49747,51.0392,56.4358,54.08327,54.14795,57.00877,56.0,54.08327,59.21149,65.19202,58.00862,54.03702,54.08327,66.18912,57.55867,53.15073,56.0803,56.0803,56.32051,53.75872,56.7186,53.46027,62.16912,54.33231,59.03389,58.42089,60.01666,53.60037,53.23533,60.01666,57.42822,54.03702,55.44367,52.23983,52.00961,51.0,51.0,48.16638,54.00926,45.04442,46.01087,41.10961,40.11234,38.11824,37.48333,38.20995,35.73514,37.33631,35.17101,36.40055,24.33105,26.07681,22.2036,30.41381,26.92582,30.08322,27.89265,32.75668,36.13862,35.73514,38.47077,37.16181,49.65884,45.22168,41.6173,49.09175,49.92995,47.50789,47.42362,52.49762,55.22681,53.15073,48.10405,48.83646,50.9902,48.08326,52.20153,53.90733,52.43091,53.74012,48.16638,54.81788,50.93133,53.03772,53.75872,58.0,50.91169,56.58622,49.57822,54.56189,53.15073,58.41233,54.40588,50.0,49.64877,56.36488,49.73932,54.6443,49.09175,59.07622,48.8774,52.7731,53.0,50.77401,56.93856,51.47815,49.33559
9.48683,9.48683,9.48683,10.44031,9.48683,9.48683,10.44031,9.21954,10.19804,9.21954,10.19804,10.19804,10.19804,10.19804,10.19804,11.04536,10.04988,10.04988,10.04988,10.04988,10.04988,10.04988,9.05539,10.0,10.04988,10.0,10.0,10.04988,10.04988,10.0,10.04988,10.04988,10.04988,9.05539,9.05539,9.05539,10.19804,9.21954,9.21954,8.24621,8.24621,8.24621,8.24621,7.28011,7.28011,7.28011,6.7082,6.32456,6.7082,6.7082,5.83095,5.83095,50.48762,47.85394,53.75872,48.38388,48.8467,50.53712,48.8467,58.60034,43.82921,52.7731,53.23533,52.47857,54.70832,51.97115,55.07268,50.47772,60.90156,56.61272,58.30952,51.31277,56.40035,51.97115,53.41348,53.82379,49.92995,54.6443,44.04543,55.44367,50.44799,52.34501,54.56189,56.63921,51.0392,56.63921,46.8615,53.41348,54.81788,54.67175,53.25411,50.60632,47.20169,51.62364,49.73932,48.25971,47.88528,46.64762,44.28318,44.41846,42.94182,36.67424,38.48376,34.43835,33.61547,37.33631,36.40055,33.52611,32.75668,22.67157,28.3196,23.70654,30.01666,27.313,28.79236,35.8469,32.64966,38.32754,33.83785,41.76123,41.48494,49.72927,53.75872,50.01,45.04442,52.08647,49.0102,47.01064,49.49747,48.37355,56.29387,46.17359,53.60037,54.91812,50.24938,50.44799,53.60037,51.86521,58.46366,44.91102,55.54278,51.41984,46.52956,53.85165,49.49747,47.07441,51.47815,52.61179,56.4358,58.42089,56.22277,52.34501,55.22681,53.00943,55.22681,55.08176,48.09366,51.0098,53.08484,57.14018,57.31492,59.00847,45.09989,54.45181,54.14795,53.60037
9.05539,9.05539,9.0,10.04988,9.0,10.04988,9.0,9.0,10.0,9.05539,10.0,10.04988,10.04988,10.04988,10.04988,10.04988,10.04988,9.05539,10.04988,9.05539,9.05539,9.05539,9.05539,10.19804,10.19804,10.19804,10.19804,10.04988,10.19804,9.21954,9.05539,10.04988,9.05539,9.05539,9.05539,8.06226,9.0,9.0,8.0,9.0,8.06226,8.06226,8.06226,7.07107,7.07107,7.07107,7.07107,7.28011,6.32456,6.32456,6.32456,6.7082,47.75982,49.76947,50.53712,50.24938,54.20332,55.07268,49.40648,52.80152,47.63402,56.40035,54.81788,51.40039,56.22277,50.32892,54.67175,58.0,56.85068,55.31727,55.17246,51.85557,60.87693,48.9183,55.9017,50.93133,48.83646,53.8145,49.49747,52.80152,53.03772,58.79626,52.34501,53.75872,51.62364,56.56854,51.73973,50.93133,55.31727,53.15073,48.83646,50.20956,43.27817,48.8774,47.20169,50.32892,46.04346,40.81666,41.88078,39.40812,41.14608,42.95346,38.58756,37.21559,36.67424,34.0147,34.9285,34.20526,34.20526,24.83948,23.43075,25.80698,30.61046,29.73214,34.71311,33.30165,35.60899,39.40812,39.40812,43.38202,42.43819,49.24429,52.7731,51.47815,47.43416,57.87055,52.39275,53.85165,53.93515,57.87055,58.46366,53.93515,55.44367,56.32051,58.42089,57.03508,59.03389,51.0392,61.13101,50.03998,57.0,54.08327,52.34501,54.08327,55.03635,53.46027,57.55867,53.46027,59.4138,60.67125,51.35173,59.21149,52.63079,51.97115,58.46366,52.17279,52.95281,56.04463,51.66237,53.75872,55.10898,58.30952,49.0306,55.10898,57.87055,52.80152
10.44031,10.77033,10.77033,10.77033,10.77033,10.77033,11.18034,10.29563,11.18034,10.29563,11.18034,11.6619,11.18034,10.29563,10.29563,11.6619,10.81665,10.29563,10.81665,10.81665,10.81665,10.81665,10.81665,10.81665,10.81665,11.40175,11.40175,10.81665,11.40175,11.40175,10.29563,10.81665,10.0,10.81665,10.81665,10.29563,10.29563,9.84886,8.94427,8.94427,9.48683,9.84886,8.94427,8.544,8.544,7.61577,8.544,7.28011,7.28011,7.28011,8.06226,7.07107,55.97321,51.73973,57.42822,52.49762,57.68882,55.21775,51.31277,58.82176,53.7122,52.3259,56.46238,51.86521,59.46427,54.56189,55.03635,55.31727,62.29767,54.70832,55.71355,54.626,64.62198,50.15974,52.63079,54.08327,53.66563,57.93962,52.20153,60.63827,50.28916,53.93515,51.92302,57.97413,49.98,57.38467,53.85165,58.87274,55.36244,48.70318,49.76947,52.55473,48.70318,56.30275,48.8774,48.70318,47.41308,46.95743,46.09772,45.27693,44.65423,39.40812,44.29447,35.35534,36.61967,38.83298,34.4093,37.53665,35.38361,26.92582,28.16026,25.0,31.30495,28.6531,33.54102,35.80503,35.22783,41.67733,38.83298,39.96248,40.80441,54.03702,51.62364,50.24938,47.20169,55.21775,49.40648,55.47071,54.23099,59.48109,52.7731,51.97115,59.05929,57.38467,58.30952,53.22593,57.27128,56.0803,54.08327,43.46263,60.41523,52.39275,50.92151,56.0803,53.22593,47.88528,53.31041,48.30114,66.06815,55.9464,51.88449,58.24946,55.75841,53.00943,50.80354,49.67897,52.63079,53.60037,52.80152,54.40588,56.0803,55.60576,52.63079,54.48853,60.10824,52.00961
11.04536,11.18034,11.18034,11.18034,11.18034,11.18034,11.18034,11.40175,11.40175,11.40175,12.16553,12.36932,12.36932,12.36932,11.40175,12.36932,11.40175,11.40175,11.7047,11.7047,11.40175,11.7047,11.40175,11.7047,11.7047,11.7047,11.7047,12.64911,11.7047,12.08305,11.7047,11.7047,11.7047,11.7047,10.44031,11.40175,11.40175,11.18034,10.19804,10.19804,10.19804,10.19804,10.19804,9.05539,9.05539,8.06226,8.06226,8.0,8.0,8.0,8.06226,7.07107,50.0,53.0,53.03772,50.44799,58.69412,46.66905,54.45181,50.91169,49.81967,51.08816,52.00961,51.31277,57.62812,57.80138,50.0,57.68882,64.03124,58.82176,55.21775,58.24946,53.85165,59.20304,51.42956,59.68249,56.60389,61.58734,60.20797,54.58938,57.69749,59.48109,56.0357,51.61395,55.21775,55.07268,51.62364,51.0392,56.79789,52.69725,54.91812,50.44799,54.20332,45.45327,51.85557,49.0408,48.10405,51.66237,46.66905,48.79549,39.05125,39.62323,38.8973,41.03657,37.01351,44.59821,41.34005,39.82462,34.0,28.63564,31.30495,33.12099,29.96665,33.01515,29.73214,36.23534,41.40048,41.03657,44.59821,45.80393,47.01064,50.60632,45.79301,45.61798,51.10773,55.07268,53.7122,47.42362,49.65884,46.09772,58.5235,54.40588,54.81788,54.40588,55.08176,55.7315,47.85394,56.04463,54.81788,51.92302,51.1957,54.12947,50.59644,55.36244,51.26402,49.64877,52.81098,45.60702,55.36244,52.81098,60.53924,53.36666,55.54278,51.47815,48.70318,53.85165,51.0,58.60034,54.58938,55.56978,54.20332,49.24429,54.08327,55.07268,53.53504,60.20797
10.77033,10.77033,10.44031,11.7047,11.7047,10.77033,11.40175,11.40175,11.40175,11.40175,12.36932,12.36932,12.36932,11.40175,11.40175,12.16553,11.18034,11.18034,11.18034,11.18034,11.18034,12.16553,11.18034,12.04159,12.04159,12.04159,12.0,12.04159,12.04159,12.0,11.04536,11.04536,11.04536,11.18034,11.04536,11.04536,11.18034,10.19804,10.19804,10.19804,9.21954,10.19804,9.21954,9.21954,9.48683,8.24621,8.544,8.544,8.544,8.544,8.06226,8.06226,46.27094,55.57877,49.24429,48.38388,45.88028,49.33559,50.28916,55.97321,48.76474,57.24509,54.12024,53.23533,59.94164,60.53924,55.15433,56.85948,61.40033,61.77378,56.79789,60.53924,57.2014,53.7122,62.42596,56.60389,56.4358,57.45433,55.22681,58.00862,58.66856,57.80138,59.16925,59.16925,54.6443,59.40539,54.20332,53.0,56.0357,56.85948,56.82429,52.47857,48.02083,50.9902,48.75449,49.76947,51.5461,49.24429,44.59821,47.75982,43.32436,41.4367,40.26164,44.27189,41.4367,35.51056,36.67424,38.11824,34.36568,26.1725,26.40076,31.06445,28.17801,30.8707,34.0147,32.31099,33.61547,39.56008,41.97618,39.45884,43.56604,47.16991,49.0408,46.01087,45.17743,54.14795,49.49747,49.0408,50.63596,48.27007,57.55867,51.66237,53.36666,54.57105,55.9017,49.39636,49.0408,51.86521,55.08176,50.21952,53.85165,53.36666,52.95281,59.03389,52.63079,49.0306,55.54278,51.35173,56.4358,53.15073,53.75872,54.45181,58.21512,46.09772,54.08327,50.01,53.00943,56.0803,57.00877,57.03508,55.22681,54.14795,51.0098,57.07889,59.03389,54.91812
10.29563,10.81665,10.0,10.81665,10.81665,10.81665,11.40175,10.63015,11.40175,10.63015,11.40175,10.63015,10.63015,10.63015,11.40175,11.31371,11.31371,10.63015,10.63015,9.89949,9.89949,9.89949,9.89949,10.63015,10.63015,10.63015,10.63015,10.63015,12.04159,10.63015,9.89949,10.63015,10.63015,9.89949,10.63015,9.89949,10.63015,10.0,9.21954,9.21954,9.21954,9.21954,8.60233,8.60233,8.60233,7.81025,8.06226,8.06226,8.06226,7.61577,7.61577,7.28011,52.80152,53.82379,53.0,53.53504,55.00909,54.12947,54.12947,55.03635,51.47815,57.77543,59.13544,57.24509,58.5235,57.00877,60.40695,61.39218,63.60031,59.90826,57.97413,56.51548,67.91171,55.97321,61.81424,57.70615,59.66574,58.94065,56.32051,60.82763,54.91812,63.50591,60.82763,58.69412,55.31727,61.66036,51.35173,53.60037,57.07013,55.57877,52.20153,49.81967,52.95281,55.08176,48.76474,50.69517,52.63079,50.96077,47.16991,47.16991,42.72002,44.01136,44.94441,38.48376,41.59327,41.14608,41.18252,37.20215,37.53665,25.96151,25.63201,26.0,30.41381,25.05993,36.05551,34.43835,33.61547,39.66106,37.44329,41.23106,39.59798,44.55334,43.93177,50.32892,46.61545,49.81967,45.79301,51.0392,48.25971,46.06517,54.12024,48.76474,51.42956,52.92447,49.92995,50.11986,56.85948,52.20153,54.20332,47.42362,53.31041,48.76474,50.11986,46.52956,46.87217,50.47772,56.30275,47.80167,52.43091,56.30275,52.49762,54.81788,52.49762,52.80152,55.0,57.31492,53.07542,55.22681,53.07542,55.31727,50.24938,60.10824,53.07542,56.0803,59.5483,49.0408
10.0,9.43398,9.84886,10.29563,10.29563,10.29563,10.29563,10.29563,10.29563,9.84886,11.18034,10.77033,10.77033,10.77033,9.84886,10.77033,10.77033,9.84886,9.48683,10.77033,9.84886,10.44031,9.84886,10.44031,10.44031,10.44031,10.44031,10.44031,10.44031,10.44031,9.48683,10.77033,9.48683,9.84886,9.84886,9.84886,9.84886,8.94427,8.94427,8.94427,8.94427,8.94427,8.06226,8.06226,7.81025,7.2111,7.81025,7.81025,7.81025,7.07107,7.07107,6.40312,49.0408,46.04346,55.9017,54.58938,56.7186,58.0517,52.39275,57.27128,51.92302,57.48913,55.02727,60.44005,58.69412,52.39275,59.43904,58.5235,62.96825,59.77458,56.921,58.82176,65.45991,56.64804,60.92618,58.18075,55.9464,57.00877,51.62364,55.47071,56.46238,64.88451,60.53924,58.5235,53.22593,62.24147,52.39275,56.64804,51.88449,55.4617,52.88667,49.64877,52.55473,53.16014,52.20153,52.20153,52.88667,50.01,50.01,44.14748,45.54119,40.02499,43.17407,41.10961,39.11521,36.05551,35.12834,38.11824,37.85499,21.09502,28.6531,21.93171,26.92582,27.89265,32.01562,29.27456,32.57299,34.71311,38.32754,37.05401,39.01282,41.04875,46.0,42.42641,39.31921,49.49747,43.17407,46.09772,44.92215,43.17407,48.75449,46.17359,51.5461,49.64877,51.86521,48.8467,54.70832,42.94182,52.81098,40.8534,51.86521,46.51881,45.54119,52.55473,49.72927,48.50773,54.12024,46.57252,50.28916,57.48913,50.80354,56.75385,49.49747,55.7315,49.0306,55.22681,57.21888,55.22681,53.33854,51.62364,57.31492,57.87055,43.18565,57.42822,61.0082,52.00961
9.21954,10.19804,9.48683,10.44031,9.48683,10.19804,10.44031,10.44031,10.44031,9.84886,10.44031,10.77033,10.44031,10.77033,10.44031,11.7047,10.77033,9.84886,9.84886,9.84886,9.84886,10.77033,9.84886,11.18034,11.18034,11.18034,10.29563,11.18034,11.18034,10.29563,9.84886,10.29563,9.84886,9.84886,9.84886,9.84886,10.77033,9.48683,9.48683,8.544,8.544,9.48683,8.544,8.24621,8.24621,7.28011,7.28011,7.07107,7.07107,7.07107,7.0,6.0,60.41523,49.92995,56.61272,53.25411,51.73973,54.56189,55.9017,55.86591,54.45181,56.56854,53.60037,55.44367,60.81118,59.5483,60.0,56.60389,67.47592,59.03389,58.41233,53.60037,63.81222,60.21628,58.5235,54.6443,60.60528,58.25805,54.91812,59.16925,56.0357,59.9333,55.00909,57.3062,54.6443,62.68174,59.48109,57.68882,55.22681,57.98276,53.00943,53.25411,54.70832,53.07542,51.0392,50.80354,51.66237,52.63079,47.38143,48.08326,44.68781,44.55334,39.59798,44.59821,41.23106,40.80441,41.04875,36.05551,37.58989,21.0238,23.70654,24.75884,26.1725,29.73214,30.52868,29.83287,31.82766,35.38361,30.80584,38.27532,42.0119,46.40043,48.75449,41.14608,44.72136,46.51881,44.92215,44.27189,43.86342,44.92215,54.40588,49.0306,47.29693,53.60037,48.08326,44.72136,47.85394,48.09366,52.95281,43.17407,51.1957,50.48762,48.05206,50.35871,49.72927,45.31004,52.20153,52.81098,54.78138,54.70832,54.42426,54.42426,53.45091,54.23099,45.88028,49.76947,53.7122,59.9333,54.626,56.0803,54.12024,57.77543,51.42956,53.31041,57.70615,56.4358
9.21954,9.48683,9.48683,10.44031,9.48683,9.48683,9.84886,9.84886,9.84886,9.84886,9.84886,10.29563,10.77033,9.84886,9.84886,11.18034,10.29563,9.84886,10.29563,10.29563,10.29563,10.29563,9.43398,10.81665,10.29563,10.81665,10.29563,10.81665,10.81665,10.81665,10.29563,10.29563,10.29563,9.43398,10.29563,9.43398,9.84886,9.84886,8.94427,8.544,8.544,8.544,8.544,7.28011,7.28011,7.28011,7.07107,7.07107,7.07107,7.07107,7.0,7.0,55.15433,56.58622,48.16638,54.56189,56.58622,50.93133,54.6443,55.80323,51.62364,52.15362,49.24429,53.33854,60.82763,59.16925,60.20797,59.05929,65.29931,60.41523,55.00909,58.18075,60.00833,57.80138,54.42426,53.85165,55.15433,59.23681,52.3259,61.84658,55.36244,60.16644,53.14132,56.36488,56.64804,63.69458,54.78138,57.69749,55.02727,56.04463,54.12947,52.3259,52.3259,54.20332,55.07268,52.35456,51.88449,47.50789,46.32494,45.65085,42.63801,38.41875,39.82462,39.40812,39.82462,40.31129,39.59798,37.64306,36.35932,26.68333,22.80351,28.4605,26.40076,29.06888,37.12142,30.52868,33.01515,37.01351,40.60788,41.86884,39.69887,45.96738,43.18565,45.80393,45.22168,55.60576,43.909,45.27693,47.16991,47.70744,51.0,51.07837,47.42362,51.47815,54.56189,48.38388,47.43416,47.92703,54.56189,41.78516,52.92447,52.0,45.88028,56.85948,48.75449,50.08992,50.9902,50.9902,54.20332,56.35601,52.83938,51.47815,56.0357,50.60632,54.40588,47.43416,49.92995,50.80354,51.61395,53.00943,58.5235,56.60389,48.02083,53.82379,51.08816,50.20956
10.19804,10.19804,10.44031,10.19804,10.44031,10.19804,10.44031,10.44031,10.44031,10.44031,11.40175,11.7047,11.40175,10.77033,10.44031,11.7047,10.77033,10.77033,9.84886,10.77033,10.77033,10.77033,10.77033,11.18034,11.18034,11.18034,11.18034,11.18034,11.18034,11.18034,9.84886,10.77033,9.84886,9.84886,10.77033,10.77033,10.77033,9.48683,9.48683,9.48683,9.21954,9.48683,9.21954,8.24621,8.24621,8.24621,8.06226,8.06226,8.06226,8.0,8.0,7.07107,57.31492,52.40229,50.47772,49.92995,54.70832,48.33218,47.41308,55.9464,46.06517,51.47815,53.22593,50.9902,56.30275,57.3062,51.47815,57.56735,60.53924,58.18935,54.23099,55.97321,61.68468,55.9017,52.20153,56.30275,52.20153,59.46427,54.12024,56.29387,55.36244,60.01666,58.24946,58.24088,56.921,53.36666,50.63596,50.15974,47.43416,52.49762,52.81098,50.96077,46.23851,51.07837,53.31041,48.75449,51.42956,49.24429,46.64762,46.52956,45.17743,40.24922,43.56604,40.49691,39.05125,37.53665,38.60052,35.38361,34.65545,22.36068,29.73214,27.85678,27.73085,32.31099,34.43835,32.44996,35.60899,39.66106,36.79674,39.05125,50.44799,41.7732,45.60702,46.8615,47.63402,50.9902,48.25971,50.21952,49.64877,55.56978,54.12024,51.0,51.0,54.58938,53.0,55.54278,52.47857,49.98,57.77543,46.8188,54.12024,49.24429,50.53712,57.38467,51.97115,47.16991,56.0803,48.37355,55.47071,55.22681,52.80152,57.68882,52.63079,47.63402,60.46487,48.01042,51.73973,56.63921,52.49762,53.15073,53.07542,53.8145,45.27693,51.66237,55.9017,48.79549
10.44031,10.44031,10.19804,10.19804,10.19804,10.19804,11.18034,10.19804,11.18034,11.04536,11.18034,11.04536,11.04536,11.04536,10.04988,12.04159,11.04536,11.04536,11.0,11.04536,11.04536,11.0,10.04988,11.0,11.0,11.0,11.0,12.0,12.0,11.04536,10.0,11.0,11.0,10.0,10.04988,10.04988,11.04536,10.04988,10.04988,10.04988,9.05539,9.21954,9.21954,8.06226,8.24621,8.06226,8.24621,7.28011,7.28011,7.28011,7.61577,6.7082,51.1957,49.64877,50.08992,54.70832,53.75872,51.89412,52.35456,55.9017,54.91812,55.56978,57.14018,53.85165,63.24555,55.9464,62.26556,57.80138,62.00806,59.64059,52.20153,60.0,63.89053,60.80296,55.97321,58.72819,51.0392,53.90733,53.82379,59.66574,60.959,63.78087,54.03702,54.56189,55.17246,57.98276,54.45181,51.86521,56.56854,56.58622,57.42822,52.00961,54.03702,53.82379,50.80354,53.82379,46.32494,51.61395,47.01064,47.16991,44.29447,44.77723,39.39543,39.96248,39.82462,38.48376,37.0,37.21559,35.90265,26.07681,30.23243,29.54657,35.77709,32.20248,34.0147,37.57659,40.5216,38.27532,41.48494,46.17359,46.09772,51.1957,52.03845,47.16991,55.03635,52.15362,51.0392,53.60037,50.35871,54.45181,53.33854,58.85576,57.42822,54.40588,56.7186,56.08921,53.15073,54.34151,53.15073,52.46904,56.29387,50.69517,52.23983,54.74486,54.14795,56.7186,58.13777,49.09175,55.03635,51.15662,56.0803,54.23099,57.21888,51.0392,59.07622,53.00943,55.3263,51.08816,56.56854,55.14526,49.81967,58.00862,51.08816,55.14526,56.51548,51.1957
10.19804,10.19804,10.44031,11.40175,10.44031,10.19804,11.40175,10.44031,11.40175,10.77033,11.7047,11.7047,11.7047,11.7047,11.7047,11.7047,11.18034,10.77033,11.18034,11.18034,10.77033,11.18034,9.84886,11.6619,11.6619,11.18034,11.6619,12.08305,12.52996,11.6619,11.18034,11.18034,11.18034,11.18034,10.77033,9.84886,10.77033,9.84886,9.84886,9.84886,9.48683,9.48683,9.48683,8.544,8.24621,8.24621,8.24621,8.24621,7.28011,8.06226,7.07107,7.0,48.8467,60.03332,53.2635,46.04346,56.63921,50.9902,50.9902,58.13777,53.07542,55.17246,52.3259,55.60576,58.89822,55.17246,57.00877,59.68249,64.2028,59.5483,58.60034,55.31727,58.41233,53.82379,53.0,52.00961,51.62364,58.25805,53.7122,55.9464,51.62364,57.98276,55.07268,54.40588,55.75841,58.59181,50.11986,52.83938,53.33854,58.30952,56.85068,51.40039,55.80323,50.44799,54.40588,53.41348,48.27007,43.93177,48.83646,44.59821,38.94868,38.20995,43.18565,39.05125,39.82462,32.80244,36.40055,37.21559,35.8469,25.07987,32.20248,25.45584,32.80244,32.80244,36.05551,34.1321,37.44329,43.41659,46.64762,46.09772,46.06517,55.00909,49.76947,48.08326,53.15073,53.93515,50.21952,48.50773,54.58938,50.80354,55.08176,56.32051,51.24451,54.08327,56.4358,53.03772,58.00862,56.0357,59.13544,51.0,50.01,53.33854,51.62364,51.24451,54.14795,50.80354,55.44367,53.75872,57.70615,50.80354,56.88585,55.10898,53.45091,48.08326,54.91812,54.12947,51.5461,59.09315,53.48832,50.15974,58.18075,55.36244,46.48656,50.9902,57.70615,51.10773
9.21954,9.48683,9.84886,10.44031,9.48683,9.48683,9.84886,9.84886,9.84886,9.84886,10.77033,11.18034,10.77033,10.77033,9.84886,11.18034,10.29563,10.29563,10.29563,10.29563,10.29563,10.29563,9.43398,10.81665,10.29563,10.81665,10.81665,10.81665,10.81665,10.0,10.29563,10.29563,9.43398,9.43398,9.43398,8.94427,9.84886,8.544,8.544,8.544,8.544,8.544,8.544,7.61577,7.28011,6.32456,7.28011,7.07107,7.07107,7.07107,6.0,6.0,52.20153,46.04346,52.69725,52.35456,52.7731,50.9902,51.07837,56.0803,55.02727,54.12947,54.12024,52.80152,59.20304,56.85948,57.00877,59.13544,62.0967,57.00877,56.32051,57.28001,63.78871,57.00877,58.54912,55.7853,57.00877,57.97413,56.75385,57.07013,59.22837,59.5399,53.46027,57.48913,50.01,58.54912,54.33231,58.46366,54.58938,55.54278,52.20153,52.63079,52.17279,51.62364,51.41984,51.26402,54.12024,48.70318,44.01136,48.33218,38.48376,42.04759,41.78516,44.72136,38.27532,39.96248,35.51056,39.40812,39.59798,25.96151,26.92582,24.04163,32.31099,26.41969,34.48188,33.54102,34.1321,40.22437,42.63801,41.7732,47.43416,51.61395,47.50789,49.49747,50.24938,52.80152,48.60041,50.32892,51.85557,56.61272,53.33854,54.3783,49.92995,53.66563,53.66563,50.9902,51.89412,51.47815,55.75841,45.69464,54.12024,52.80152,47.01064,53.33854,47.41308,51.86521,53.82379,49.40648,55.97321,52.63079,51.08816,57.00877,52.63079,50.93133,54.40588,52.63079,50.9902,51.62364,52.49762,51.08816,48.16638,51.62364,49.49747,58.60034,54.67175,48.9183
9.48683,9.21954,10.04988,10.19804,10.19804,10.19804,10.04988,10.04988,10.04988,10.04988,11.04536,11.04536,11.04536,11.04536,10.04988,11.0,11.0,10.04988,10.0,10.0,10.0,10.0,10.0,11.04536,11.04536,11.04536,10.04988,11.04536,11.04536,10.04988,10.0,10.0,10.04988,10.0,10.0,9.0,10.0,9.05539,9.0,9.05539,8.06226,8.06226,8.06226,7.07107,7.07107,7.07107,7.28011,7.28011,7.28011,7.28011,6.7082,5.83095,47.12749,53.60037,49.0408,49.0408,53.48832,51.47815,54.20332,52.3259,51.62364,53.7122,58.18075,54.91812,59.5399,62.00806,55.56978,59.07622,67.1193,62.80127,58.30952,62.26556,68.50547,57.45433,53.75872,54.40588,55.0,57.42822,61.61169,59.81639,55.60576,59.5483,52.15362,54.40588,58.24946,62.20129,57.38467,49.39636,52.63079,53.60037,54.70832,57.3062,56.60389,55.54278,51.62364,47.88528,46.06517,50.32892,45.18849,43.909,37.0,38.8973,42.05948,41.23106,41.48494,37.64306,37.64306,35.35534,33.54102,22.36068,26.40076,26.07681,34.88553,31.38471,32.75668,29.54657,33.61547,40.8534,42.37924,41.0,39.62323,45.88028,47.38143,45.54119,47.09565,51.97115,51.0392,50.08992,47.01064,49.49747,53.03772,55.14526,54.58938,54.33231,53.23533,51.1957,50.01,48.6621,54.12947,50.80354,52.34501,51.15662,49.16299,57.31492,52.08647,52.61179,52.23983,52.0,58.03447,53.08484,57.00877,53.0,52.23983,51.15662,52.15362,51.47815,53.08484,49.16299,57.07889,51.15662,54.58938,60.20797,55.08176,55.14526,58.42089,54.57105
9.21954,9.89949,9.89949,10.63015,9.89949,9.89949,10.63015,10.63015,10.63015,10.63015,10.63015,10.63015,10.63015,10.63015,10.63015,11.40175,10.81665,10.0,10.0,10.0,10.0,10.0,10.0,10.81665,10.81665,10.81665,10.29563,10.81665,10.81665,10.81665,10.0,10.0,10.0,9.21954,10.0,9.21954,9.21954,8.48528,8.48528,8.48528,8.48528,8.48528,7.81025,7.07107,7.07107,7.07107,6.40312,6.40312,6.7082,6.7082,6.7082,6.32456,59.66574,51.41984,58.03447,51.62364,56.32051,50.15974,61.03278,57.00877,56.14268,52.03845,52.46904,52.15362,59.00847,57.0,56.00893,58.54912,63.28507,61.52235,58.13777,62.64982,61.20457,58.13777,59.68249,58.30952,52.46904,57.70615,56.56854,60.40695,56.88585,57.00877,52.34501,56.14268,54.45181,59.4138,55.10898,53.15073,57.70615,56.4358,54.03702,51.0392,53.23533,55.00909,54.00926,50.0,51.0392,47.26521,44.55334,43.73786,40.1995,37.33631,37.85499,41.19466,39.81206,37.0,37.36308,37.69615,29.96665,26.92582,27.89265,28.86174,33.95585,28.16026,37.48333,30.80584,33.06055,40.11234,37.01351,44.01136,45.04442,47.26521,49.24429,49.24429,44.59821,52.55473,49.64877,49.64877,53.22593,52.80152,55.07268,50.11986,56.93856,52.47857,50.15974,53.0,53.7122,53.85165,59.16925,51.62364,53.0,53.7122,47.85394,54.20332,52.83938,50.53712,56.46238,55.9464,57.00877,57.70615,53.7122,52.39275,53.14132,52.80152,55.36244,52.39275,54.78138,57.87055,58.5235,57.24509,56.32051,54.78138,51.66237,63.32456,62.8172,56.61272
9.48683,10.44031,10.19804,11.40175,10.19804,10.44031,10.19804,10.19804,10.19804,10.04988,11.18034,11.18034,11.18034,10.04988,10.19804,11.04536,11.04536,10.04988,11.04536,10.04988,10.04988,10.04988,9.05539,11.0,11.04536,11.04536,10.0,10.04988,11.0,10.04988,10.04988,10.04988,10.04988,9.05539,9.05539,9.05539,9.21954,9.21954,8.24621,8.24621,8.544,8.544,8.24621,7.28011,7.61577,6.7082,7.61577,6.7082,6.7082,6.7082,6.40312,6.40312,55.97321,58.30952,54.12947,49.76947,53.14132,53.23533,52.7731,53.22593,53.23533,57.80138,49.39636,54.3783,59.68249,56.85948,53.0,57.2014,64.89992,58.41233,54.08327,58.18075,62.42596,59.36329,57.2014,53.53504,54.6443,54.6443,53.41348,55.86591,49.40648,60.44005,54.20332,57.98276,52.83938,55.60576,47.70744,51.61395,53.41348,48.01042,51.62364,49.1935,47.88528,56.35601,49.73932,50.08992,47.01064,44.94441,42.37924,44.01136,39.0,39.56008,40.5216,36.40055,36.13862,36.13862,36.13862,35.0571,35.0,27.01851,27.58623,27.58623,30.41381,30.41381,33.83785,32.75668,35.22783,41.88078,35.8469,44.72136,44.27189,47.53946,46.51881,46.84015,48.6621,49.81967,51.62364,48.05206,51.47815,50.0,56.0803,54.00926,52.03845,56.00893,56.14268,51.0098,53.03772,51.0392,55.0,46.09772,51.0,53.00943,47.01064,49.0408,54.00926,49.0408,51.0,51.0392,51.08816,54.14795,57.87055,56.22277,51.62364,52.7731,46.38965,52.15362,51.47815,55.7853,54.45181,50.9902,51.62364,55.3263,51.08816,52.7731,60.63827,49.16299
9.21954,9.48683,9.84886,9.48683,9.84886,9.48683,9.84886,9.84886,9.84886,9.84886,10.77033,9.84886,9.84886,9.84886,9.84886,10.29563,9.43398,8.94427,9.43398,9.43398,9.84886,9.43398,8.94427,10.29563,10.29563,9.43398,9.43398,10.29563,9.43398,9.43398,8.94427,9.43398,9.43398,8.94427,8.06226,8.94427,8.94427,8.544,7.61577,7.61577,7.61577,7.61577,7.61577,7.28011,7.28011,6.32456,6.32456,6.08276,6.08276,7.07107,6.0,6.0,54.40588,48.54894,57.14018,49.92995,58.5235,50.47772,53.22593,51.42956,56.46238,58.18075,52.47857,53.31041,57.77543,56.36488,53.48832,57.56735,61.35145,60.16644,56.0803,55.54278,62.29767,55.15433,54.91812,57.58472,53.16014,55.36244,55.97321,54.81788,57.28001,59.20304,52.17279,51.92302,54.81788,54.34151,53.75872,51.1957,51.66237,53.36666,49.98,55.71355,47.75982,44.59821,47.12749,49.0408,49.98,43.08132,44.72136,44.94441,41.14608,38.94868,37.12142,42.05948,38.01316,38.58756,35.51056,38.28838,33.97058,28.79236,24.59675,28.16026,32.20248,35.51056,31.38471,29.68164,33.12099,36.87818,41.86884,45.25483,43.13931,48.16638,48.9183,49.81967,49.92995,54.6443,51.10773,50.24938,52.7731,50.60632,58.13777,56.79789,53.66563,52.0,54.56189,53.48832,54.23099,54.23099,53.22593,45.88028,52.81098,55.15433,53.22593,55.54278,52.7731,51.89412,51.89412,48.8774,56.93856,56.35601,52.47857,54.70832,56.61272,52.00961,45.27693,49.09175,52.00961,53.41348,55.44367,56.58622,53.8145,53.8145,48.79549,58.69412,54.56189,49.67897
10.19804,10.19804,11.04536,11.04536,11.04536,10.04988,11.04536,11.04536,11.04536,11.04536,12.04159,11.0,11.04536,11.0,11.04536,12.0,11.0,11.0,11.04536,11.0,11.0,11.04536,11.0,11.04536,11.04536,11.04536,11.04536,11.04536,11.04536,11.04536,10.04988,10.04988,10.04988,10.0,10.0,10.0,10.0,10.0,9.0,9.0,9.05539,9.05539,9.05539,8.06226,8.06226,8.06226,8.24621,7.07107,8.24621,7.28011,7.28011,6.7082,52.88667,51.0,50.77401,56.0357,56.30275,52.69725,53.0,56.61272,49.09175,53.60037,53.07542,56.72742,61.7171,56.63921,53.41348,61.7171,60.20797,58.13777,53.8145,57.28001,59.39697,57.48913,53.74012,52.40229,55.22681,56.56854,54.45181,56.63921,53.75872,58.25805,53.03772,55.15433,52.40229,54.81788,51.61395,50.93133,53.75872,53.2635,47.50789,52.34501,55.17246,46.8615,46.75468,47.42362,45.60702,48.01042,46.32494,45.48626,43.26662,37.01351,39.40812,40.31129,40.60788,36.23534,35.8469,34.0147,35.17101,27.80288,29.0,32.01562,31.241,27.65863,37.44329,40.0,38.27532,44.77723,42.54409,42.95346,43.909,51.47815,49.0408,49.39636,51.92302,57.00877,51.47815,50.9902,48.6621,51.97115,61.52235,54.03702,54.03702,57.0,56.14268,57.14018,56.0803,53.0,56.00893,50.03998,52.23983,53.15073,50.35871,54.0,51.35173,53.15073,55.14526,53.23533,55.57877,54.23099,59.03389,57.21888,52.17279,55.08176,54.91812,57.97413,54.40588,51.41984,60.16644,53.16014,55.10898,55.10898,56.32051,58.82176,55.08176,55.15433
10.29563,11.18034,10.77033,12.08305,10.77033,11.18034,10.77033,10.77033,10.77033,10.77033,11.7047,11.7047,11.7047,11.7047,10.77033,11.40175,11.40175,10.44031,11.40175,10.44031,10.44031,10.44031,10.44031,11.18034,11.40175,11.18034,11.18034,11.18034,11.18034,10.04988,10.44031,10.44031,10.19804,10.19804,10.19804,10.44031,10.44031,9.48683,9.48683,9.48683,8.544,9.48683,8.94427,8.544,8.544,7.61577,8.06226,8.06226,7.2111,7.2111,7.81025,7.07107,56.29387,54.33231,50.96077,54.40588,49.65884,48.10405,51.47815,54.78138,54.12947,55.15433,53.7122,48.46648,58.59181,54.20332,53.23533,55.21775,58.18075,55.0,54.3783,52.83938,58.82176,49.24429,54.6443,54.3783,51.40039,54.08327,54.91812,50.60632,57.42822,53.90733,49.92995,53.25411,51.31277,57.00877,49.67897,49.40648,55.0,51.22499,48.54894,46.01087,49.09175,49.24429,47.70744,43.56604,48.76474,45.18849,46.23851,44.77723,37.33631,40.24922,36.76955,37.69615,41.4367,32.01562,35.17101,32.98485,34.52535,29.52965,29.15476,29.52965,33.10589,30.8707,34.53983,36.68787,38.32754,41.48494,41.97618,42.95346,44.55334,50.63596,49.49747,50.01,50.01,56.14268,46.69047,51.24451,55.57877,55.57877,55.57877,54.58938,55.7315,57.72348,54.33231,53.14132,55.02727,55.97321,56.51548,47.29693,56.08921,56.29387,53.93515,61.18823,51.47815,51.35173,58.54912,51.47815,58.21512,57.87055,57.14018,56.4358,56.14268,51.15662,56.22277,54.0,55.00909,58.07753,58.0,54.23099,56.56854,57.14018,52.08647,62.80127,60.20797,54.74486
8.94427,9.48683,9.48683,9.48683,9.48683,9.48683,10.19804,9.21954,9.21954,9.21954,10.44031,10.19804,10.44031,9.21954,9.21954,11.04536,10.04988,9.05539,10.04988,10.04988,9.05539,10.04988,9.05539,10.04988,10.04988,10.0,10.0,10.04988,11.0,10.0,9.05539,10.0,9.0,9.05539,9.0,9.05539,9.05539,8.24621,8.24621,8.06226,8.24621,8.24621,7.28011,7.28011,7.28011,7.07107,7.28011,6.32456,6.32456,6.7082,5.83095,5.83095,50.21952,45.39824,53.85165,49.0408,51.26402,55.36244,51.5461,59.13544,50.08992,54.626,55.9017,51.42956,55.9464,52.83938,47.88528,55.47071,63.28507,60.20797,59.07622,55.47071,64.07027,50.60632,56.22277,56.4358,54.3783,55.0,47.63402,57.00877,53.85165,57.38467,53.90733,59.66574,48.82622,56.22277,50.24938,53.25411,52.43091,52.63079,50.24938,50.60632,45.22168,52.15362,49.39636,50.24938,50.60632,41.34005,45.65085,43.82921,45.17743,35.8469,39.66106,38.8973,39.35734,34.53983,38.63936,35.90265,35.35534,21.0238,27.89265,23.4094,33.83785,32.31099,32.75668,30.59412,37.64306,41.7732,36.34556,42.04759,42.04759,49.25444,48.04165,48.37355,44.55334,50.63596,46.38965,50.24938,54.34151,49.47727,53.16014,48.76474,50.0,55.97321,54.40588,50.69517,57.87055,49.24429,55.65968,43.01163,56.921,48.76474,52.88667,58.24088,54.57105,49.24429,52.20153,49.72927,56.08921,61.18823,52.34501,55.57877,50.48762,53.23533,50.35871,53.08484,51.0098,50.15974,52.23983,49.09175,52.0,59.0,45.01111,54.23099,53.33854,52.34501
11.18034,10.77033,10.77033,11.7047,11.7047,10.77033,11.7047,11.7047,11.40175,11.40175,11.7047,12.36932,11.40175,11.40175,11.40175,12.36932,11.18034,11.40175,11.18034,11.18034,11.40175,11.18034,11.18034,12.16553,11.18034,11.18034,12.04159,12.16553,11.18034,12.04159,11.18034,11.18034,11.18034,11.18034,11.18034,11.18034,11.40175,10.44031,10.44031,9.48683,9.48683,9.48683,9.48683,8.544,8.544,8.544,8.94427,8.06226,8.06226,8.06226,7.2111,7.2111,53.46027,52.17279,54.23099,49.64877,47.16991,52.55473,52.3259,57.00877,48.37355,51.0,52.3259,48.54894,55.22681,49.1935,51.89412,54.40588,63.81222,59.64059,62.43397,49.92995,58.25805,46.32494,57.62812,50.60632,55.75841,50.24938,48.01042,55.60576,59.36329,54.67175,53.60037,56.22277,49.09175,59.5483,47.63402,53.82379,53.60037,55.31727,49.40648,48.83646,47.01064,48.54894,47.70744,51.10773,49.65884,41.67733,45.31004,45.18849,39.81206,34.88553,39.39543,34.0,39.56008,35.44009,36.13862,32.55764,33.24154,22.84732,27.78489,25.29822,31.62278,29.41088,35.17101,30.59412,37.64306,40.5216,35.51056,42.10701,40.26164,46.27094,51.0098,51.24451,48.09366,52.0,50.63596,54.08327,54.33231,52.17279,55.9017,53.16014,53.93515,56.32051,57.48913,54.12024,56.32051,56.04463,58.24946,42.57934,60.41523,51.41984,52.61179,58.24946,51.78803,45.39824,52.95281,53.15073,54.14795,59.4138,54.00926,60.07495,56.0357,56.0803,50.35871,54.08327,54.00926,62.0,55.0,56.00893,58.00862,58.00862,47.16991,60.13319,55.3263,60.67125
9.21954,9.48683,9.48683,9.48683,9.48683,9.48683,9.84886,9.84886,9.84886,9.84886,9.84886,10.29563,9.84886,9.84886,9.84886,10.29563,10.29563,8.94427,9.43398,10.29563,9.84886,9.43398,9.43398,10.0,10.29563,10.81665,10.81665,10.29563,10.29563,10.81665,8.94427,10.29563,10.29563,8.94427,9.84886,9.84886,9.84886,8.544,8.544,8.544,8.544,8.544,7.61577,7.28011,7.28011,7.28011,7.07107,6.08276,6.08276,6.08276,6.0,6.0,52.49762,51.62364,52.49762,53.00943,52.69725,51.86521,56.0803,58.83026,51.86521,59.5399,58.18075,57.38467,58.59181,51.0,55.9464,55.36244,55.4617,58.69412,61.09828,51.47815,56.85948,56.85948,55.02727,53.48832,52.20153,56.64804,52.55473,57.28001,55.54278,59.43904,55.08176,54.57105,50.92151,57.93962,51.92302,54.56189,50.32892,51.5461,54.78138,53.31041,47.75982,50.15974,43.82921,52.0,44.41846,42.04759,46.64762,43.56604,38.07887,38.07887,43.01163,35.0,35.80503,33.97058,37.64306,37.64306,37.01351,26.83282,24.69818,28.01785,31.40064,29.83287,35.60899,36.87818,36.87818,37.48333,41.01219,45.96738,41.72529,49.49747,50.21952,48.8774,47.01064,54.3783,47.01064,49.39636,49.65884,49.1935,55.36244,51.42956,54.23099,56.30275,59.23681,51.86521,53.48832,52.49762,60.16644,46.09772,54.12024,52.63079,54.23099,55.71355,49.39636,49.24429,55.9017,49.65884,51.0,57.69749,51.88449,53.7122,54.70832,53.33854,56.35601,54.91812,51.86521,54.81788,50.47772,53.82379,53.07542,61.85467,47.01064,54.08327,52.15362,49.0408
9.43398,8.94427,9.84886,9.84886,9.84886,8.94427,9.84886,9.84886,9.84886,9.84886,10.77033,10.77033,10.77033,10.77033,9.84886,11.40175,10.44031,10.44031,9.21954,10.19804,9.48683,10.19804,9.48683,10.19804,10.19804,10.19804,10.19804,11.18034,10.19804,10.19804,9.21954,10.19804,10.19804,9.48683,9.48683,9.48683,9.84886,9.48683,8.544,8.544,8.94427,8.544,8.94427,8.06226,8.06226,6.7082,7.2111,7.2111,7.2111,6.40312,7.07107,6.40312,43.68066,47.29693,55.15433,54.08327,52.3259,52.39275,51.0,53.66563,45.17743,56.30275,53.85165,56.85948,60.46487,54.3783,56.30275,57.38467,61.07373,58.25805,55.47071,54.20332,64.03124,55.0,55.86591,58.0517,52.40229,54.56189,55.15433,57.31492,56.58622,62.2254,58.79626,55.9017,50.93133,57.31492,55.86591,54.48853,56.56854,55.44367,58.24946,55.31727,55.97321,51.40039,50.0,51.62364,49.20366,48.41487,50.24938,44.65423,40.80441,41.88078,40.49691,41.18252,39.81206,34.88553,36.67424,35.44009,34.71311,20.61553,30.41381,29.54657,32.20248,27.313,36.05551,29.12044,37.0,42.72002,39.45884,41.10961,45.27693,48.37355,52.00961,50.08992,50.35871,54.03702,46.52956,51.35173,52.46904,54.81788,56.29387,49.72927,54.57105,54.08327,56.04463,59.13544,53.36666,51.26402,51.92302,52.39275,55.7853,52.81098,51.1957,53.60037,57.70615,46.52956,53.46027,53.15073,56.14268,52.7731,55.08176,57.55867,52.46904,53.03772,49.0102,52.15362,55.14526,53.08484,52.08647,55.00909,55.14526,54.08327,48.16638,58.00862,52.88667,55.08176
10.29563,10.81665,10.81665,11.6619,10.81665,10.81665,10.81665,11.40175,10.81665,11.40175,11.40175,12.04159,11.40175,12.04159,11.40175,12.04159,10.63015,10.63015,11.31371,11.31371,10.63015,11.31371,10.63015,12.04159,12.04159,11.31371,11.31371,12.72792,12.72792,11.31371,10.63015,12.04159,11.31371,10.63015,10.63015,10.63015,11.40175,10.0,10.0,10.0,9.43398,9.43398,9.43398,9.43398,8.94427,8.06226,8.06226,8.06226,7.61577,7.61577,7.28011,7.28011,50.24938,58.69412,49.64877,49.09175,48.01042,49.64877,51.42956,59.05929,51.88449,48.37355,49.24429,48.8774,56.0803,56.35601,54.56189,52.3259,62.76942,52.92447,55.02727,57.24509,59.80803,56.46238,53.14132,51.92302,60.37384,58.69412,53.45091,53.85165,52.88667,58.0517,54.42426,60.44005,57.72348,56.75385,51.66237,51.24451,57.56735,57.28001,60.00833,51.62364,52.55473,49.09175,50.08992,52.39275,48.02083,45.79301,42.19005,51.47815,34.48188,38.58756,40.80441,39.82462,41.40048,41.23106,38.8973,36.79674,32.20248,28.23119,29.06888,31.7805,33.10589,34.0,34.98571,30.0,35.0,40.49691,44.20407,45.96738,43.13931,52.34501,50.9902,47.43416,49.81967,53.82379,53.0,52.20153,54.20332,57.58472,57.24509,55.56978,54.58938,56.79789,54.56189,53.75872,58.82176,55.65968,59.48109,52.3259,56.85948,54.626,53.66563,57.27128,55.36244,50.69517,51.47815,53.33854,55.75841,54.12024,59.40539,51.62364,55.0,53.0,54.67175,49.20366,55.80323,53.82379,52.47857,55.80323,57.48913,58.89822,52.34501,53.03772,55.17246,46.75468
9.89949,9.89949,10.0,10.63015,10.0,9.89949,10.63015,10.0,10.63015,10.0,10.63015,10.81665,11.40175,10.81665,10.0,11.6619,10.81665,10.29563,10.29563,10.29563,10.29563,10.29563,9.43398,11.18034,10.29563,10.29563,11.18034,11.18034,11.18034,10.77033,10.29563,10.29563,10.29563,9.43398,10.29563,9.43398,10.0,8.60233,8.60233,8.60233,8.60233,9.21954,8.60233,7.81025,7.81025,7.81025,7.07107,7.07107,7.07107,7.07107,6.40312,6.40312,54.23099,52.35456,52.88667,54.08327,56.32051,51.92302,54.34151,55.31727,49.47727,56.29387,54.14795,54.45181,57.03508,57.70615,50.15974,58.30952,62.1289,56.32051,60.13319,60.13319,58.07753,54.14795,54.08327,53.08484,56.0357,55.0,57.07889,57.00877,57.14018,62.03225,55.03635,63.00794,56.00893,57.14018,51.15662,50.15974,54.08327,52.00961,52.46904,54.14795,53.15073,50.01,47.16991,49.47727,48.37355,46.27094,48.50773,43.93177,41.23106,40.5216,39.56008,40.26164,38.63936,35.77709,38.01316,34.0,34.66987,30.14963,27.16616,27.07397,29.01724,30.08322,34.20526,34.9285,35.8469,42.2019,38.07887,46.23851,47.42362,52.55473,50.11986,47.80167,50.21952,55.22681,49.0408,50.47772,49.81967,51.62364,57.31492,54.48853,54.45181,55.60576,55.86591,53.75872,53.75872,51.73973,56.58622,45.27693,52.63079,50.9902,51.62364,54.56189,54.48853,51.66237,53.03772,48.83646,53.8145,54.45181,57.00877,53.74012,48.83646,50.80354,48.25971,54.40588,57.14018,50.47772,51.61395,48.37355,53.33854,55.75841,48.54894,51.31277,52.39275,55.4617
8.544,9.21954,9.21954,10.19804,9.21954,9.21954,9.05539,9.05539,9.05539,9.05539,10.04988,10.04988,10.04988,10.04988,9.05539,10.0,10.0,9.0,9.0,9.0,9.0,10.0,9.0,10.04988,10.0,10.04988,10.04988,10.04988,10.04988,9.05539,9.0,10.0,9.05539,9.05539,9.05539,9.0,9.0,8.0,8.0,8.0,8.06226,8.0,7.0,7.0,7.07107,6.0,7.07107,6.08276,6.08276,6.32456,5.38516,5.38516,49.81967,53.93515,50.69517,50.96077,54.08327,54.12024,52.55473,56.64804,49.39636,52.3259,55.47071,55.60576,61.40033,54.70832,57.70615,58.30952,60.90156,58.18075,57.80138,53.25411,59.03389,58.24946,57.38467,55.21775,54.40588,56.0357,53.60037,59.20304,55.80323,55.31727,49.51767,53.75872,55.31727,57.28001,50.24938,53.90733,53.2635,55.0,55.47071,50.0,52.40229,50.24938,52.35456,53.33854,44.41846,47.16991,42.19005,53.66563,39.35734,36.61967,36.67424,39.81206,39.40812,40.49691,33.24154,33.24154,35.69314,24.18677,25.07987,30.08322,29.73214,33.24154,33.24154,31.14482,38.60052,41.7732,41.4367,47.26521,45.01111,50.24938,49.0408,48.04165,51.62364,53.75872,50.48762,48.50773,52.7731,55.36244,56.75385,48.27007,57.97413,53.45091,56.921,48.75449,54.42426,52.20153,56.921,52.81098,54.40588,53.75872,52.49762,55.97321,52.63079,53.60037,50.21952,51.1957,62.514,57.00877,56.4358,51.47815,53.33854,52.23983,57.21888,51.0098,49.0102,52.15362,58.07753,54.0,55.03635,50.03998,46.09772,57.21888,56.88585,54.74486
10.0,10.04988,9.05539,10.04988,10.04988,10.04988,10.19804,10.19804,10.19804,10.19804,11.18034,10.44031,10.19804,10.19804,10.19804,11.40175,10.44031,10.19804,10.44031,10.19804,10.19804,10.44031,9.21954,10.44031,10.44031,10.44031,10.44031,10.44031,10.44031,10.44031,10.19804,10.19804,9.21954,9.21954,10.19804,9.21954,10.19804,9.05539,9.05539,9.05539,8.06226,9.05539,8.0,8.0,8.0,7.0,8.0,7.07107,7.07107,7.07107,7.07107,7.28011,48.01042,48.25971,53.75872,46.69047,54.56189,50.9902,53.41348,49.51767,49.09175,49.20366,54.08327,50.77401,56.30275,53.53504,53.25411,55.9464,61.29437,55.75841,53.66563,54.91812,56.82429,51.0,53.66563,49.24429,46.87217,54.56189,47.50789,53.23533,55.47071,54.626,51.47815,57.38467,51.97115,54.12024,51.86521,46.95743,48.75449,50.56679,50.11986,48.33218,44.38468,51.86521,46.2277,48.60041,48.01042,48.25971,43.01163,44.59821,39.05125,37.44329,36.61967,38.20995,39.05125,36.23534,36.06938,32.44996,32.20248,28.30194,28.84441,30.0,29.20616,31.82766,34.65545,36.87818,36.79674,45.27693,40.60788,43.01163,45.80393,50.80354,48.30114,52.3259,51.89412,52.7731,49.98,48.8467,55.97321,53.85165,59.48109,55.54278,55.10898,57.42822,57.87055,55.9017,57.87055,57.87055,52.95281,52.39275,59.03389,55.9017,51.1957,57.87055,55.02727,50.9902,54.57105,57.27128,58.24946,56.08921,55.97321,56.46238,57.28001,53.75872,52.7731,50.9902,55.03635,52.7731,49.64877,54.12024,54.58938,53.31041,43.38202,56.35601,56.4358,49.64877
9.21954,8.48528,9.21954,9.89949,9.89949,8.48528,9.21954,9.21954,9.21954,9.21954,10.63015,10.0,10.63015,10.0,9.21954,10.81665,9.43398,9.43398,9.43398,9.43398,10.0,9.43398,9.43398,10.29563,10.81665,10.29563,10.29563,10.29563,10.29563,10.29563,9.43398,9.43398,9.43398,9.43398,9.43398,8.60233,9.21954,7.81025,7.81025,7.81025,7.81025,7.81025,7.81025,6.40312,7.07107,6.40312,6.40312,6.40312,6.40312,5.83095,5.83095,5.83095,56.56854,47.38143,55.0,44.0,49.16299,49.25444,50.08992,57.42822,49.72927,50.9902,47.12749,51.24451,58.5235,61.84658,58.18935,58.87274,61.68468,61.35145,55.71355,52.88667,63.32456,55.36244,55.54278,59.23681,53.85165,60.53924,52.55473,56.64804,55.9464,57.77543,54.626,59.09315,57.58472,57.58472,53.22593,56.32051,55.36244,59.23681,57.56735,49.33559,48.46648,48.05206,51.24451,48.27007,50.69517,46.87217,46.52956,44.38468,37.21559,41.10961,40.11234,37.65634,36.67424,40.04997,34.0147,35.22783,37.33631,23.02173,28.01785,27.29469,32.01562,32.01562,33.13608,35.0571,36.22154,39.45884,40.4475,47.12749,47.29693,50.01,53.85165,51.47815,49.24429,59.09315,54.58938,52.39275,55.47071,55.47071,58.82176,53.53504,58.5235,58.5235,59.16925,56.0357,58.60034,52.20153,55.75841,47.80167,61.58734,54.91812,53.33854,55.0,53.53504,49.39636,56.0803,59.16925,58.30952,58.18075,53.66563,55.4617,52.92447,49.24429,49.65884,52.49762,49.76947,55.36244,52.55473,49.39636,52.81098,51.5461,50.21952,52.81098,53.93515,49.36598
9.89949,10.0,10.0,10.81665,10.0,10.81665,10.81665,10.29563,10.81665,10.29563,10.81665,11.6619,11.6619,11.6619,10.81665,11.18034,11.18034,10.29563,11.18034,11.18034,10.29563,11.18034,9.84886,11.18034,11.18034,11.18034,10.77033,11.18034,12.08305,10.77033,10.29563,11.18034,10.77033,10.29563,9.84886,9.84886,10.29563,9.43398,9.43398,9.43398,8.60233,9.43398,8.60233,8.60233,8.60233,7.2111,7.81025,7.81025,7.07107,7.07107,7.07107,6.40312,51.86521,49.0306,49.64877,46.87217,50.24938,48.09366,47.01064,52.03845,45.17743,55.00909,53.15073,50.03998,58.13777,52.34501,54.08327,56.14268,58.13777,60.53098,53.15073,55.22681,59.66574,47.09565,52.7731,53.36666,54.74486,55.9017,49.49747,55.9017,57.87055,54.91812,50.35871,53.46027,50.80354,56.51548,50.9902,51.62364,51.97115,51.41984,51.0098,44.18144,47.26521,51.0392,47.04253,49.0102,47.04253,44.0,44.04543,44.04543,37.05401,36.12478,39.11521,36.34556,40.31129,33.24154,34.20526,33.83785,37.0,29.06888,30.26549,29.27456,37.21559,31.257,38.0,37.05401,38.20995,43.04649,43.41659,46.69047,45.35416,54.57105,52.20153,52.55473,54.56189,58.69412,53.22593,57.3062,56.60389,59.68249,59.94164,61.85467,59.16925,63.51378,54.6443,60.30755,58.25805,58.41233,64.03124,50.60632,61.7171,59.81639,59.07622,62.482,59.03389,54.81788,57.62812,57.14018,63.00794,59.20304,55.00909,58.24946,60.53924,57.80138,46.95743,54.20332,55.07268,59.61543,53.22593,50.9902,55.54278,55.9017,43.46263,55.02727,54.23099,49.0408
9.21954,9.21954,9.0,10.04988,9.05539,9.05539,10.04988,9.05539,10.04988,10.0,10.0,10.0,10.0,10.0,10.0,10.0,10.04988,9.0,9.05539,9.05539,10.0,10.04988,9.05539,10.04988,10.04988,10.04988,10.04988,10.04988,10.04988,9.05539,9.05539,9.05539,9.05539,9.05539,9.0,9.0,9.0,8.06226,8.0,8.06226,8.06226,8.06226,8.06226,7.07107,7.07107,6.08276,6.32456,6.32456,6.32456,6.32456,6.7082,5.83095,52.17279,47.16991,49.64877,48.38388,47.43416,47.43416,45.31004,56.46238,48.75449,49.39636,55.4617,55.9017,54.42426,48.8774,47.01064,53.00943,59.05929,55.07268,54.70832,52.47857,60.03332,51.10773,51.40039,47.80167,47.88528,53.82379,49.39636,53.00943,50.60632,56.40035,52.20153,55.47071,53.0,54.81788,49.0408,50.77401,51.0,52.00961,47.70744,51.47815,44.41846,47.92703,44.72136,44.72136,48.33218,39.81206,43.32436,36.76955,40.31129,39.39543,34.78505,36.87818,30.80584,33.24154,37.10795,34.36568,30.0,24.59675,27.51363,27.78489,31.38471,31.01612,32.01562,37.36308,36.67424,39.05125,36.67424,46.17359,43.41659,48.50773,46.0,53.03772,48.37355,54.23099,49.81967,53.03772,50.35871,51.41984,57.00877,46.57252,57.28001,58.24088,60.16644,57.56735,56.921,52.81098,56.61272,46.8188,53.48832,51.86521,49.0408,50.59644,56.04463,50.44799,54.81788,50.44799,54.74486,52.7731,56.08921,58.0517,54.74486,51.78803,55.3263,53.23533,54.14795,48.16638,49.25444,52.00961,58.03447,60.29925,49.09175,56.0357,53.03772,48.16638
8.94427,9.84886,9.48683,9.84886,9.48683,9.48683,9.48683,9.21954,9.48683,9.21954,10.44031,10.44031,10.44031,9.48683,9.48683,10.19804,10.19804,9.21954,10.19804,10.04988,9.21954,10.04988,9.05539,10.04988,10.19804,10.04988,10.0,10.04988,10.04988,9.0,9.21954,9.05539,9.05539,9.05539,9.05539,8.24621,9.21954,8.24621,8.24621,8.24621,7.28011,8.24621,7.28011,7.28011,7.28011,6.32456,6.32456,6.7082,5.83095,5.83095,5.83095,5.65685,51.15662,49.24429,49.0,46.04346,53.08484,50.24938,49.0408,54.33231,50.63596,52.34501,53.15073,52.34501,52.34501,56.88585,51.1957,57.28001,60.01666,57.00877,54.34151,54.91812,57.56735,53.15073,53.31041,56.75385,51.78803,56.7186,52.20153,57.56735,52.20153,53.31041,48.10405,51.66237,52.88667,54.42426,48.08326,52.17279,51.92302,51.66237,50.08992,49.0408,46.32494,45.70558,46.69047,48.27007,47.16991,43.41659,39.31921,44.18144,38.11824,37.0,31.0,39.0,37.05401,36.49658,38.0526,31.57531,32.24903,25.63201,27.51363,28.16026,30.80584,31.57531,32.24903,33.13608,35.01428,40.11234,38.0526,44.18144,48.16638,50.24938,51.66237,47.53946,49.98,52.63079,50.32892,53.45091,52.35456,58.66856,58.30952,55.47071,53.23533,55.56978,58.59181,52.83938,56.30275,57.98276,58.83026,47.43416,57.14018,57.2014,51.0392,54.6443,55.80323,57.80138,56.93856,50.53712,58.13777,55.75841,55.15433,51.42956,61.46544,52.55473,54.12024,50.56679,52.92447,58.69412,55.36244,48.38388,52.63079,50.28916,49.0408,55.54278,48.83646,53.36666
9.05539,9.05539,10.0,10.04988,10.0,9.05539,10.0,10.0,10.0,10.0,10.0,10.0,10.0,10.04988,9.0,10.04988,9.05539,9.05539,9.05539,9.05539,9.05539,10.19804,9.05539,10.19804,10.19804,10.04988,9.21954,10.19804,9.21954,10.19804,9.05539,9.05539,9.05539,9.05539,9.05539,9.05539,9.0,8.0,8.0,8.0,8.06226,8.0,8.0,7.0,7.07107,6.08276,6.08276,6.08276,6.32456,6.32456,6.7082,5.83095,51.0,46.32494,53.03772,43.13931,51.66237,46.75468,48.27007,53.8145,49.81967,52.34501,55.60576,50.44799,56.63921,52.40229,53.75872,51.40039,56.72742,53.00943,48.9183,48.60041,61.29437,48.27007,54.12947,49.39636,51.86521,53.53504,53.0,56.0803,50.21952,56.0357,54.08327,52.15362,46.64762,55.75841,50.11986,46.32494,49.73932,52.80152,45.22168,47.41308,47.88528,50.93133,43.26662,43.27817,45.22168,44.55334,40.31129,38.20995,34.4093,32.64966,37.64306,37.53665,34.65545,31.40064,30.88689,31.90611,29.15476,25.45584,23.34524,24.08319,31.241,33.30165,34.20526,34.05877,37.73592,41.04875,41.88078,45.61798,42.94182,48.30114,49.39636,49.33559,46.57252,55.54278,54.12947,57.48913,47.85394,54.45181,54.74486,55.22681,58.07753,57.03508,61.29437,54.00926,56.00893,57.03508,62.07254,49.0102,57.07889,55.08176,53.33854,54.08327,55.03635,49.49747,55.08176,52.15362,53.93515,53.75872,57.07013,58.54912,50.0,53.85165,58.24088,55.36244,54.40588,55.54278,52.81098,54.81788,57.24509,59.13544,47.92703,56.921,54.12947,52.83938
10.0,9.21954,9.89949,9.21954,9.89949,9.21954,9.89949,9.89949,9.89949,9.89949,10.63015,10.63015,10.63015,9.89949,9.89949,10.63015,10.0,10.63015,10.0,10.0,9.21954,10.0,9.89949,10.0,10.0,10.0,10.0,10.63015,10.0,10.81665,9.21954,10.0,9.21954,9.21954,9.21954,9.89949,9.89949,8.48528,8.48528,7.81025,7.81025,7.81025,7.81025,7.81025,7.2111,6.40312,7.2111,6.40312,6.7082,6.7082,6.32456,5.38516,56.30275,48.50773,50.35871,47.26521,48.6621,46.69047,49.36598,49.25444,47.16991,53.23533,49.16299,53.08484,57.14018,52.15362,52.0,54.08327,56.00893,51.0392,51.15662,55.9017,58.0517,55.03635,49.36598,53.23533,53.0,50.48762,54.33231,54.23099,52.23983,54.12947,50.48762,55.7315,50.35871,54.74486,51.66237,52.03845,55.3263,49.64877,53.23533,49.64877,44.40721,52.03845,46.01087,46.01087,41.30375,45.09989,41.04875,41.4367,37.05401,38.47077,37.33631,33.01515,34.9285,33.24154,37.85499,38.27532,32.20248,26.1725,27.45906,29.27456,32.01562,29.01724,33.06055,35.01428,37.12142,44.10215,41.7732,44.40721,48.08326,53.16014,47.75982,50.32892,51.47815,56.30275,54.58938,53.7122,54.58938,48.54894,57.68882,56.30275,60.46487,59.20304,60.20797,56.0803,56.30275,58.41233,58.89822,49.40648,57.62812,54.91812,52.20153,57.48913,55.80323,53.33854,57.98276,50.24938,58.83026,54.3783,57.70615,54.58938,55.00909,54.58938,55.47071,52.3259,54.12947,54.58938,56.35601,49.73932,54.42426,57.77543,52.92447,53.48832,53.14132,50.0
10.0,9.43398,9.43398,9.43398,9.43398,9.43398,10.29563,9.84886,10.29563,8.94427,10.29563,9.84886,9.84886,9.84886,9.84886,10.77033,9.84886,9.84886,9.48683,9.48683,9.48683,9.48683,9.48683,9.48683,10.44031,10.44031,9.48683,10.44031,10.44031,9.48683,9.48683,9.48683,9.48683,8.544,9.84886,8.94427,8.94427,8.94427,8.94427,8.06226,8.60233,8.60233,8.06226,7.2111,7.2111,6.40312,6.40312,7.07107,7.07107,7.07107,6.40312,6.40312,46.52956,49.09175,51.0098,53.15073,52.23983,48.04165,46.87217,52.61179,47.67599,54.34151,53.16014,51.92302,59.90826,53.85165,55.10898,55.65968,59.77458,55.97321,56.04463,56.32051,58.30952,52.17279,50.69517,51.89412,47.01064,53.75872,51.47815,50.69517,49.98,53.85165,51.62364,59.09315,47.12749,56.0803,52.3259,51.62364,47.01064,48.70318,51.5461,51.24451,50.69517,46.09772,47.85394,48.27007,45.70558,46.87217,40.1995,40.02499,42.29657,38.83298,38.83298,36.87818,37.48333,38.01316,31.14482,32.06244,33.24154,23.76973,27.65863,25.17936,31.257,29.15476,34.0147,33.01515,37.01351,42.0119,41.01219,46.52956,50.24938,51.15662,52.63079,50.9902,46.8188,55.36244,51.62364,53.14132,54.42426,51.89412,64.41273,54.626,54.626,60.46487,60.41523,57.42822,62.96825,55.22681,62.68174,55.22681,59.64059,52.47857,52.15362,57.98276,53.85165,51.42956,56.30275,53.66563,60.41523,63.95311,58.69412,61.09828,57.77543,54.08327,49.64877,53.7122,59.61543,56.61272,51.86521,55.71355,60.44005,56.61272,45.88028,53.36666,55.57877,50.63596
10.04988,9.21954,9.21954,10.19804,10.19804,9.21954,10.44031,9.48683,10.44031,9.48683,10.44031,10.77033,10.44031,9.48683,9.48683,10.77033,9.84886,9.84886,9.84886,9.84886,9.84886,9.84886,9.84886,10.29563,9.84886,10.29563,10.29563,10.29563,10.29563,10.29563,9.84886,9.84886,9.84886,8.94427,9.84886,9.84886,9.48683,8.544,8.544,8.544,8.24621,8.24621,8.24621,8.24621,7.07107,7.28011,7.07107,7.07107,7.07107,7.0,7.0,7.0,50.93133,49.67897,50.21952,51.10773,50.24938,47.70744,48.37355,54.58938,46.52956,52.3259,56.0803,53.22593,56.46238,52.3259,52.7731,53.45091,57.93962,58.87274,54.626,47.43416,58.82176,50.59644,50.92151,51.66237,50.28916,54.23099,47.07441,50.69517,56.61272,57.70615,51.97115,54.57105,44.92215,58.18935,52.61179,53.31041,55.65968,53.93515,52.20153,47.53946,48.08326,50.53712,45.69464,43.86342,46.95743,47.01064,43.04649,42.19005,38.07887,38.48376,36.35932,36.23534,35.80503,32.55764,34.71311,32.64966,34.65545,25.07987,29.61419,26.92582,34.0147,30.88689,30.88689,34.1321,36.89173,38.58756,39.69887,42.63801,43.60046,51.22499,50.24938,50.32892,48.27007,58.13777,52.15362,55.21775,53.00943,56.30275,58.66856,53.7122,60.03332,63.06346,58.30952,58.69412,53.66563,55.54278,61.09828,49.64877,65.9242,56.4358,54.12024,61.46544,52.47857,49.92995,58.66856,51.47815,59.16925,61.77378,57.14018,60.20797,53.53504,53.25411,58.89822,54.03702,54.56189,57.80138,54.67175,53.41348,51.22499,56.72742,44.20407,56.61272,54.48853,51.62364
8.544,8.544,8.94427,9.84886,8.94427,8.94427,9.43398,8.94427,9.43398,9.43398,10.29563,9.43398,10.29563,10.29563,9.43398,10.0,10.0,9.43398,10.0,10.0,9.43398,10.0,8.60233,10.0,10.0,10.0,10.0,10.0,10.0,9.21954,9.43398,10.0,9.43398,9.43398,9.43398,8.94427,8.94427,8.94427,8.94427,7.61577,7.61577,7.61577,7.61577,7.61577,7.28011,6.32456,6.32456,6.32456,6.08276,6.08276,6.0,6.0,52.40229,49.67897,50.21952,48.82622,50.47772,46.61545,52.20153,50.21952,53.23533,49.64877,50.60632,50.56679,55.15433,56.64804,54.58938,56.0803,59.5063,55.65968,51.26402,56.0803,57.24509,53.66563,53.60037,54.81788,53.14132,53.75872,55.36244,59.46427,57.38467,54.12024,52.20153,57.56735,54.12024,60.16644,51.41984,54.40588,55.7853,55.08176,53.85165,51.24451,52.20153,48.75449,46.51881,46.51881,44.77723,48.30114,41.34005,45.27693,35.8469,38.07887,36.35932,38.01316,35.80503,37.53665,37.48333,31.14482,30.61046,22.36068,18.78829,28.6531,30.46309,28.84441,32.20248,33.83785,39.05125,42.43819,41.10961,39.82462,40.45986,46.09772,47.20169,48.25971,48.01042,52.15362,54.12024,52.35456,59.16925,49.1935,57.69749,55.36244,59.23681,55.97321,59.61543,58.94065,56.921,56.30275,60.16644,54.70832,57.00877,56.64804,51.0,57.77543,53.22593,54.56189,55.54278,49.76947,58.69412,52.3259,58.83026,52.47857,61.77378,50.56679,51.40039,51.0392,51.40039,52.20153,54.3783,49.39636,53.85165,53.7122,54.70832,57.98276,54.20332,48.79549
9.21954,9.48683,9.48683,9.48683,9.48683,10.44031,10.44031,9.84886,10.77033,9.84886,10.77033,11.18034,10.77033,9.84886,9.84886,11.18034,10.29563,9.84886,9.84886,9.84886,9.84886,10.29563,9.84886,10.29563,10.29563,10.29563,10.29563,11.18034,10.29563,10.29563,9.84886,9.84886,9.84886,9.84886,9.84886,9.48683,9.48683,9.48683,9.48683,8.544,8.24621,8.24621,8.24621,8.24621,8.06226,7.07107,8.06226,7.07107,7.07107,7.0,7.0,7.07107,44.59821,48.83646,50.0,43.41659,53.85165,52.47857,53.85165,53.0,48.30114,51.88449,50.9902,50.69517,56.30275,52.92447,53.7122,57.56735,60.92618,53.31041,56.85948,58.30952,59.90826,53.14132,55.10898,52.20153,48.46648,55.36244,53.16014,55.97321,53.14132,58.0517,50.69517,57.28001,53.45091,57.00877,48.76474,53.66563,52.39275,53.45091,53.48832,52.88667,47.43416,47.01064,46.95743,49.76947,49.1935,47.01064,44.41846,37.58989,41.18252,39.11521,40.80441,36.71512,33.6006,35.60899,33.97058,38.8973,32.80244,26.24881,26.0,25.4951,28.6531,29.68164,35.80503,36.05551,34.82815,41.04875,40.80441,41.72529,44.55334,48.16638,50.44799,49.81967,47.16991,58.25805,51.62364,56.0803,50.9902,58.59181,58.69412,55.9017,56.30275,59.13544,62.76942,57.93962,55.15433,53.14132,59.23681,51.07837,54.42426,53.14132,49.76947,57.38467,58.30952,52.3259,58.59181,53.7122,54.56189,57.27128,58.30952,54.20332,56.35601,52.69725,57.00877,56.0357,54.08327,57.2014,57.45433,56.61272,53.00943,55.47071,49.67897,58.89822,55.0,56.40035
9.48683,9.48683,10.19804,10.44031,10.44031,9.48683,10.19804,10.19804,10.19804,10.19804,11.18034,11.18034,11.18034,11.18034,10.19804,11.18034,11.04536,10.19804,10.04988,10.04988,10.04988,11.04536,10.04988,11.04536,11.04536,11.04536,11.0,11.04536,11.04536,11.04536,10.04988,11.04536,10.04988,10.04988,10.04988,10.19804,10.19804,9.21954,9.21954,9.21954,8.24621,8.24621,8.24621,8.24621,8.24621,7.28011,7.61577,7.28011,7.61577,6.7082,6.7082,6.40312,42.19005,54.23099,52.61179,47.85394,46.69047,52.49762,55.08176,54.40588,49.64877,55.36244,55.65968,49.1935,57.00877,52.0,50.59644,60.20797,58.18075,55.22681,52.0,56.35601,61.77378,53.7122,56.0357,51.88449,53.23533,54.58938,50.11986,56.30275,55.4617,61.58734,51.97115,55.47071,53.23533,57.14018,50.08992,52.80152,51.0,55.47071,53.22593,48.46648,50.15974,51.62364,49.39636,47.53946,48.46648,42.05948,44.38468,44.59821,42.57934,41.23106,37.10795,41.23106,39.56008,33.37664,39.01282,32.01562,35.35534,23.25941,26.83282,25.07987,30.46309,29.41088,34.78505,32.98485,36.13862,41.48494,36.67424,45.17743,45.54119,50.48762,49.0102,49.25444,47.26521,57.42822,48.05206,50.63596,52.88667,53.16014,57.48913,53.15073,52.49762,53.45091,58.46366,57.24509,57.87055,54.23099,58.18935,50.69517,62.39391,56.921,54.34151,53.16014,55.08176,49.72927,60.63827,53.85165,56.08921,58.69412,57.42822,61.98387,57.55867,59.66574,49.36598,55.7315,53.15073,50.63596,56.88585,57.42822,61.07373,60.67125,49.09175,55.08176,62.1289,53.00943
9.21954,9.21954,9.48683,9.48683,9.48683,9.21954,9.48683,9.48683,9.48683,9.84886,9.84886,9.84886,9.84886,9.84886,9.84886,9.84886,8.94427,8.94427,9.43398,8.94427,8.94427,10.29563,8.94427,9.43398,10.29563,9.43398,9.43398,10.29563,10.29563,9.43398,8.94427,8.94427,8.94427,8.94427,8.94427,8.94427,8.94427,8.544,8.544,8.544,8.24621,8.24621,7.28011,7.28011,7.07107,6.08276,7.07107,7.07107,6.08276,6.0,6.0,6.08276,51.08816,52.20153,43.27817,46.69047,50.80354,45.27693,48.82622,51.61395,49.09175,47.63402,51.62364,52.47857,53.85165,56.60389,52.15362,55.4617,52.83938,54.12024,54.70832,55.07268,58.13777,54.20332,50.59644,47.01064,54.12024,54.56189,52.47857,56.30275,52.7731,57.38467,52.0,48.33218,52.20153,56.0803,49.0408,51.89412,52.55473,55.15433,52.92447,49.1935,47.41308,44.72136,48.30114,48.37355,41.67733,48.02083,43.04649,44.10215,39.11521,39.40812,35.0,31.62278,37.64306,36.12478,34.65545,36.79674,33.12099,25.94224,23.32381,29.73214,25.6125,33.6006,26.90725,27.65863,38.20995,38.8973,43.18565,44.65423,43.26662,47.80167,48.54894,46.51881,51.47815,49.73932,52.3259,48.46648,51.47815,52.20153,56.0803,53.36666,56.921,58.5235,52.81098,54.12947,51.47815,57.00877,56.61272,51.92302,50.9902,52.63079,51.86521,56.04463,49.72927,54.34151,52.49762,53.48832,57.38467,54.08327,58.60034,52.20153,59.09315,50.08992,47.53946,49.73932,54.56189,49.64877,56.93856,52.69725,53.23533,51.42956,48.46648,54.3783,50.21952,52.20153
10.04988,10.19804,10.44031,11.18034,10.44031,10.44031,10.44031,10.44031,10.44031,10.77033,10.44031,10.77033,10.77033,10.77033,10.77033,10.77033,10.77033,9.84886,11.18034,11.18034,10.77033,11.18034,9.84886,11.18034,11.18034,11.18034,11.18034,11.18034,11.6619,10.29563,11.18034,10.29563,10.29563,10.29563,9.84886,9.84886,9.48683,9.48683,9.48683,9.48683,8.544,9.48683,8.544,8.544,8.24621,7.28011,7.28011,7.28011,7.07107,7.07107,7.0,7.0,50.9902,54.56189,55.44367,42.0119,50.0,50.80354,51.47815,52.69725,52.83938,49.39636,52.3259,51.47815,56.79789,53.7122,54.08327,51.97115,58.30952,55.15433,48.33218,54.12947,58.30952,55.54278,50.28916,53.14132,49.72927,57.87055,52.0,60.63827,53.75872,54.42426,53.48832,53.75872,58.87274,54.70832,54.12024,49.98,49.64877,50.69517,52.80152,49.39636,49.76947,44.28318,48.10405,49.65884,44.29447,46.64762,41.88078,46.52956,42.48529,40.81666,38.07887,34.20526,34.1321,36.89173,37.01351,36.06938,34.71311,27.78489,26.83282,30.80584,29.68164,30.80584,34.82815,36.40055,38.41875,45.34314,43.18565,43.86342,43.86342,49.49747,52.43091,48.25971,51.42956,60.20797,49.64877,51.07837,58.59181,54.12947,58.69412,61.84658,57.00877,60.16644,61.46544,56.61272,55.65968,59.77458,58.94065,50.32892,58.82176,53.85165,55.47071,59.13544,54.78138,54.626,57.77543,55.71355,58.59181,57.77543,62.6099,57.27128,59.05929,52.47857,54.3783,57.45433,55.75841,50.47772,53.0,54.3783,55.0,55.21775,53.66563,60.80296,61.22091,51.62364
8.24621,8.24621,8.544,9.48683,9.48683,8.544,8.94427,8.94427,8.94427,8.94427,9.84886,10.29563,9.84886,8.94427,8.94427,9.43398,9.43398,8.94427,9.43398,9.43398,9.43398,9.43398,9.43398,10.0,10.0,9.43398,8.60233,10.0,10.0,9.21954,9.43398,10.0,9.43398,9.43398,8.60233,8.94427,8.94427,8.94427,8.06226,7.61577,7.61577,7.61577,7.61577,7.61577,6.32456,6.32456,6.32456,6.32456,6.08276,6.08276,6.0,6.0,45.22168,51.86521,46.95743,43.909,48.75449,46.23851,50.96077,45.54119,54.12024,49.33559,49.0408,47.12749,52.20153,55.10898,50.59644,51.1957,59.22837,53.60037,51.97115,53.36666,55.10898,53.93515,51.0392,53.60037,49.24429,54.58938,52.95281,53.08484,54.33231,56.0803,53.33854,56.7186,58.0517,54.23099,49.16299,46.52956,51.08816,52.34501,49.64877,52.17279,51.1957,48.76474,47.29693,50.44799,45.60702,46.17359,43.08132,45.22168,37.33631,39.92493,40.31129,34.1321,38.94868,35.77709,35.8469,30.01666,33.97058,27.45906,27.29469,26.92582,32.01562,28.79236,33.83785,33.83785,38.48376,41.59327,42.54409,43.41659,41.34005,49.39636,53.82379,49.20366,52.40229,49.57822,53.8145,53.03772,54.56189,55.44367,56.61272,57.68882,53.2635,55.75841,60.60528,57.68882,54.70832,57.14018,53.00943,49.92995,51.0392,54.91812,50.24938,54.6443,54.08327,53.60037,55.80323,53.07542,59.81639,56.0803,58.89822,53.60037,54.48853,50.9902,53.25411,51.73973,52.34501,55.15433,53.74012,50.91169,54.56189,53.75872,52.3259,58.89822,52.80152,48.01042
8.94427,8.60233,8.60233,9.43398,8.60233,8.60233,10.0,9.21954,9.21954,9.21954,10.0,10.63015,9.89949,9.21954,9.21954,9.89949,9.89949,9.89949,9.21954,9.89949,9.89949,9.21954,9.21954,10.0,9.89949,10.63015,10.63015,10.63015,10.63015,10.63015,9.89949,9.89949,9.21954,9.21954,9.21954,9.89949,9.21954,9.21954,8.48528,8.60233,7.81025,8.60233,7.81025,7.81025,7.2111,7.2111,6.7082,6.7082,6.7082,6.7082,6.32456,6.32456,50.9902,49.0408,42.80187,51.31277,53.22593,46.51881,47.88528,47.16991,50.0,50.59644,55.02727,57.72348,59.77458,56.32051,51.66237,52.7731,59.03389,57.07013,52.7731,55.7853,59.4138,53.75872,54.33231,55.31727,55.7315,57.27128,54.23099,52.08647,55.3263,58.03447,55.03635,57.03508,51.35173,52.34501,54.14795,46.87217,52.46904,49.36598,50.01,50.63596,50.35871,52.61179,49.0306,51.41984,46.32494,50.59644,46.17359,49.64877,39.92493,35.4683,42.48529,37.69615,39.92493,36.71512,36.23534,37.21559,35.80503,28.16026,30.08322,27.78489,34.0147,34.98571,32.64966,35.0,42.19005,45.80393,38.94868,46.01087,47.20169,53.90733,51.62364,49.81967,53.82379,52.80152,52.69725,52.69725,53.0,55.80323,61.32699,59.16925,57.98276,55.9017,59.07622,55.9464,55.03635,58.30952,56.35601,54.20332,57.69749,56.36488,54.20332,59.9333,53.33854,57.68882,57.68882,54.6443,62.20129,55.56978,62.42596,58.00862,60.80296,49.81967,51.86521,52.43091,52.20153,54.56189,57.62812,55.9017,59.46427,60.30755,53.8145,58.72819,57.31492,48.79549
10.04988,10.04988,10.19804,10.19804,10.19804,10.19804,10.19804,10.19804,10.19804,11.40175,11.40175,11.40175,11.40175,11.40175,10.44031,11.7047,10.77033,10.77033,10.77033,10.77033,10.77033,11.7047,10.77033,12.08305,12.08305,11.18034,11.18034,12.08305,12.08305,12.08305,10.77033,11.7047,11.7047,10.77033,10.77033,10.44031,10.44031,10.44031,10.44031,9.21954,9.21954,9.21954,10.19804,8.24621,8.06226,8.24621,8.06226,8.06226,8.06226,8.06226,7.0,7.07107,48.8774,43.41659,52.49762,47.42362,46.66905,51.22499,52.00961,49.20366,48.02083,56.0357,53.33854,48.02083,51.47815,51.42956,51.86521,55.9464,62.64982,51.97115,54.20332,51.10773,58.18075,51.47815,55.36244,55.03635,55.4617,50.15974,52.0,57.24509,60.53924,56.30275,54.12024,59.9333,54.12947,53.85165,52.0,58.18075,60.41523,51.86521,51.47815,47.53946,52.80152,58.30952,47.70744,44.77723,47.43416,47.01064,44.68781,41.7732,43.84062,45.27693,36.79674,38.18377,34.71311,36.87818,37.48333,37.64306,37.44329,26.40076,27.73085,27.20294,34.98571,33.6006,36.06938,37.53665,39.62323,45.27693,43.41659,46.8615,46.09772,57.31492,51.31277,53.0,53.33854,54.3783,52.3259,55.9464,55.36244,52.20153,59.80803,57.93962,57.38467,63.60031,58.5235,56.75385,60.63827,57.48913,63.90618,48.27007,60.41523,57.97413,57.28001,60.87693,54.70832,53.14132,58.5235,55.03635,55.71355,56.0803,55.15433,62.76942,58.13777,56.0803,59.5063,56.46238,55.03635,55.4617,59.94164,53.7122,56.93856,52.7731,53.0,55.75841,52.43091,55.22681
8.544,8.544,9.21954,9.48683,9.21954,9.21954,9.21954,9.21954,9.21954,9.05539,10.19804,10.04988,10.19804,10.04988,9.21954,10.04988,10.04988,9.05539,10.0,9.05539,10.04988,10.0,9.05539,10.0,10.0,10.0,10.0,10.0,11.0,10.0,9.05539,10.04988,9.05539,9.05539,9.0,9.05539,9.05539,8.24621,8.24621,8.24621,8.24621,8.24621,7.28011,7.28011,7.28011,7.28011,6.32456,6.32456,6.7082,5.83095,5.83095,5.83095,45.04442,48.04165,51.62364,52.34501,48.50773,49.24429,53.36666,49.47727,51.24451,43.9659,58.5235,47.16991,55.36244,58.18935,51.62364,56.82429,66.12866,58.13777,54.12947,55.15433,58.60034,54.23099,50.60632,57.00877,55.56978,56.79789,51.0,55.80323,55.9017,61.58734,51.97115,55.15433,63.56099,59.05929,49.92995,52.7731,53.22593,59.48109,53.31041,55.15433,47.53946,51.5461,53.75872,51.92302,48.83646,52.49762,45.12206,47.29693,41.0,40.31129,40.4475,41.7732,39.45884,36.05551,39.05125,35.01428,32.24903,25.80698,25.4951,27.85678,31.95309,32.89377,32.75668,34.9285,39.31921,40.4475,42.75512,43.04649,44.10215,50.15974,52.00961,51.62364,49.64877,48.37355,56.4358,54.34151,53.60037,52.63079,62.03225,56.32051,59.77458,56.30275,59.23681,55.03635,54.56189,57.27128,58.18935,53.14132,58.60034,56.85948,58.60034,55.54278,51.62364,53.85165,55.36244,52.49762,59.77458,54.08327,58.69412,55.36244,59.48109,51.92302,57.56735,54.12024,51.1957,57.56735,55.31727,54.12947,55.57877,55.10898,49.81967,58.85576,49.25444,50.01
10.0,10.0,10.29563,10.81665,10.81665,10.29563,11.18034,10.29563,11.18034,10.29563,11.18034,11.18034,11.18034,11.18034,11.18034,11.7047,10.77033,10.77033,10.77033,10.77033,10.77033,10.77033,10.77033,11.7047,11.7047,11.40175,11.40175,11.7047,11.7047,11.40175,10.77033,10.77033,10.44031,10.77033,10.77033,9.84886,10.77033,10.29563,10.29563,10.29563,8.94427,8.94427,9.43398,8.06226,8.06226,8.06226,8.06226,7.2111,7.81025,7.81025,7.07107,7.07107,49.16299,42.0119,49.09175,41.4367,50.35871,42.95346,46.52956,57.07013,43.17407,42.75512,49.33559,47.43416,51.92302,49.24429,49.39636,48.08326,55.97321,49.0408,51.62364,51.92302,55.02727,49.64877,50.15974,49.64877,52.55473,55.03635,50.59644,56.85948,50.69517,54.12024,48.70318,52.55473,53.66563,53.31041,46.06517,50.28916,52.39275,51.42956,45.69464,50.59644,48.27007,43.73786,47.29693,48.76474,47.53946,41.4367,42.42641,39.45884,36.49658,37.48333,38.11824,34.36568,36.05551,36.05551,32.14032,32.14032,33.24154,22.80351,24.33105,27.07397,30.80584,29.15476,32.38827,32.38827,33.06055,42.0119,45.01111,41.10961,43.28972,50.15974,49.36598,48.76474,47.53946,56.32051,47.80167,51.26402,51.24451,52.92447,58.5235,55.9017,55.9017,60.20797,56.79789,53.53504,56.60389,55.47071,62.17717,49.09175,57.3062,51.97115,52.92447,58.18075,54.56189,51.0,54.12947,55.54278,53.66563,56.46238,55.15433,55.9017,52.80152,48.8467,49.64877,53.85165,52.17279,53.45091,46.84015,53.75872,48.38388,55.65968,47.12749,55.65968,54.58938,49.49747
8.94427,8.94427,9.43398,9.43398,9.43398,9.43398,10.81665,10.0,10.81665,10.0,10.81665,10.81665,10.81665,10.0,9.43398,11.40175,10.63015,10.0,10.0,10.63015,10.0,10.63015,10.0,10.63015,10.63015,10.63015,10.63015,10.63015,10.63015,10.63015,10.0,10.0,10.0,10.0,10.0,10.0,9.43398,9.43398,8.60233,8.06226,8.06226,8.06226,8.06226,8.06226,7.61577,6.7082,6.7082,6.7082,6.32456,6.32456,6.08276,6.08276,45.80393,50.24938,46.14109,52.7731,47.85394,51.97115,50.9902,51.47815,51.88449,48.8467,53.45091,50.92151,56.921,53.48832,52.55473,57.27128,58.94065,54.57105,53.60037,57.48913,59.90826,56.32051,51.62364,52.17279,51.41984,52.61179,53.85165,53.60037,53.93515,57.70615,55.9017,53.60037,53.60037,61.13101,50.80354,52.39275,53.36666,49.47727,53.14132,52.49762,53.60037,50.15974,47.01064,49.98,45.65085,50.9902,39.82462,44.01136,37.57659,41.59327,39.44617,34.88553,36.23534,34.48188,36.61967,35.38361,32.55764,26.68333,29.15476,26.0,29.73214,31.76476,30.8707,34.0,34.1321,44.28318,43.82921,43.27817,46.09772,52.69725,50.44799,49.49747,48.16638,57.28001,55.0,50.80354,55.80323,54.6443,62.96825,56.93856,57.98276,61.77378,60.74537,53.7122,61.29437,56.64804,58.60034,51.10773,57.24509,54.58938,54.12024,52.80152,52.83938,54.3783,56.85948,55.56978,59.68249,57.45433,57.62812,58.5235,53.00943,51.31277,47.01064,53.60037,51.22499,53.25411,51.22499,50.9902,52.00961,55.22681,45.96738,49.51767,49.67897,55.15433
8.06226,9.21954,9.21954,9.21954,9.21954,9.21954,9.48683,9.48683,9.48683,9.48683,9.48683,9.84886,9.48683,9.48683,8.544,9.84886,8.94427,8.94427,8.94427,8.94427,8.94427,8.94427,8.94427,9.43398,9.84886,9.43398,9.43398,9.43398,9.43398,9.43398,8.94427,8.94427,8.94427,8.94427,8.94427,8.94427,8.94427,7.61577,7.61577,7.61577,7.61577,7.61577,7.61577,7.61577,7.28011,6.32456,6.32456,6.32456,6.08276,6.08276,6.0,5.0,53.2635,46.75468,51.62364,48.16638,51.40039,45.0,50.21952,57.14018,49.64877,51.31277,50.60632,49.39636,54.12947,56.35601,53.85165,54.23099,58.18075,53.7122,50.9902,54.12947,58.5235,49.76947,53.14132,54.12024,51.47815,51.07837,50.59644,55.71355,52.49762,53.60037,54.12024,50.28916,51.26402,56.30275,53.75872,52.0,46.23851,51.62364,50.56679,52.92447,48.33218,50.56679,51.47815,48.76474,46.06517,44.29447,45.17743,39.66106,41.34005,38.27532,38.83298,34.66987,36.35932,34.4093,36.23534,34.71311,37.01351,26.92582,27.73085,28.17801,29.68164,31.62278,34.82815,37.73592,41.40048,40.31129,45.27693,45.96738,49.49747,51.62364,48.60041,53.00943,47.43416,59.16925,51.42956,58.18075,55.03635,56.0803,60.74537,57.77543,59.61543,63.60031,59.09315,58.94065,59.66574,56.61272,64.03124,53.14132,61.61169,56.61272,56.29387,57.00877,55.65968,51.92302,58.13777,57.58472,55.15433,54.78138,56.36488,56.46238,57.70615,54.56189,57.98276,55.9464,52.3259,54.58938,53.22593,55.75841,54.91812,57.24509,48.8774,53.85165,58.24946,54.56189
9.21954,9.21954,10.0,9.89949,9.21954,9.21954,10.0,9.43398,10.0,9.43398,10.0,10.81665,10.0,10.0,10.0,10.81665,10.29563,9.43398,8.94427,10.29563,8.94427,10.29563,9.43398,9.84886,10.29563,10.29563,9.84886,10.29563,10.29563,10.29563,9.43398,10.29563,9.84886,8.94427,9.43398,9.43398,10.0,8.60233,8.60233,8.60233,7.81025,8.48528,8.60233,7.81025,7.81025,7.07107,7.07107,7.07107,7.07107,7.2111,7.2111,6.7082,55.71355,49.64877,49.49747,48.83646,51.0098,49.0102,47.16991,48.04165,49.09175,45.17743,52.15362,50.08992,58.13777,55.00909,46.27094,52.63079,57.00877,57.87055,46.27094,48.50773,55.9017,54.74486,47.80167,50.01,51.62364,55.9017,45.89118,52.17279,53.85165,57.56735,53.16014,55.54278,53.85165,51.5461,49.72927,49.0306,47.07441,47.85394,51.62364,44.72136,50.35871,47.16991,50.35871,49.25444,45.17743,46.01087,41.04875,43.01163,38.01316,33.06055,42.42641,34.05877,31.0,38.07887,38.47077,33.54102,32.01562,30.06659,29.27456,30.06659,32.01562,31.0,34.52535,33.54102,36.87818,38.63936,42.95346,41.7732,42.2019,49.47727,50.59644,55.00909,51.42956,54.56189,54.12947,54.12024,57.42822,49.40648,61.03278,53.8145,55.60576,62.36986,57.42822,57.38467,54.48853,57.28001,57.48913,52.63079,55.86591,55.17246,54.03702,60.10824,59.66574,52.40229,57.80138,56.60389,58.24946,54.40588,56.85948,54.08327,58.00862,53.7122,55.47071,54.08327,52.35456,52.83938,55.9017,53.66563,57.27128,56.82429,50.11986,53.7122,52.20153,49.24429
8.60233,8.94427,8.94427,9.43398,8.94427,8.94427,8.94427,8.94427,9.84886,9.84886,9.84886,9.48683,9.84886,9.48683,9.84886,10.44031,9.48683,9.48683,9.21954,9.48683,9.48683,10.44031,9.48683,10.19804,10.44031,9.21954,10.19804,10.44031,10.19804,10.19804,9.48683,9.48683,9.48683,8.544,9.21954,9.48683,8.544,8.544,8.544,7.61577,7.61577,7.61577,7.61577,6.7082,6.7082,6.7082,5.83095,5.83095,6.40312,6.40312,5.65685,5.65685,46.01087,44.04543,51.35173,52.46904,46.52956,50.48762,50.69517,57.48913,49.24429,52.20153,55.54278,52.20153,58.18935,51.26402,53.16014,51.07837,59.46427,56.921,57.93962,54.23099,59.23681,50.59644,58.60034,55.56978,51.62364,55.9017,53.22593,56.35601,60.41523,57.3062,55.54278,57.70615,51.86521,55.9017,52.7731,57.93962,53.7122,55.47071,57.93962,49.1935,47.42362,44.64303,50.21952,50.21952,46.87217,46.17359,47.53946,40.5216,38.47077,40.79216,37.10795,31.7805,41.59327,36.12478,36.12478,36.01389,32.01562,24.69818,27.85678,28.4605,34.20526,29.42788,34.05877,35.17101,36.34556,39.11521,40.0125,44.0,46.04346,53.23533,52.39275,53.15073,48.50773,56.29387,51.26402,55.97321,55.54278,58.82176,57.38467,53.22593,59.03389,58.13777,61.32699,54.58938,54.58938,55.47071,61.7171,47.01064,59.5399,56.79789,50.9902,56.4358,54.56189,51.88449,55.9464,54.12947,57.77543,56.0803,55.36244,59.61543,52.81098,56.0803,55.02727,48.76474,51.62364,54.34151,51.92302,51.24451,50.9902,51.1957,50.80354,55.9017,52.00961,51.35173
10.0,10.0,10.63015,10.81665,11.40175,10.0,10.63015,10.63015,10.63015,11.31371,11.40175,11.31371,11.31371,11.31371,10.63015,12.04159,10.63015,11.31371,11.31371,11.31371,10.63015,11.31371,10.63015,11.40175,12.04159,10.63015,10.63015,12.04159,11.31371,10.63015,9.89949,11.31371,10.63015,10.63015,9.89949,9.89949,10.63015,10.0,9.21954,8.60233,8.60233,8.60233,8.60233,8.60233,8.06226,7.2111,8.06226,8.06226,7.61577,7.61577,7.61577,6.32456,53.23533,47.01064,49.98,49.39636,46.8188,47.43416,46.32494,54.34151,44.55334,53.15073,49.36598,49.72927,58.21512,53.15073,54.74486,54.91812,60.01666,50.80354,51.62364,53.08484,62.03225,54.74486,54.03702,52.00961,54.58938,52.03845,51.24451,61.03278,55.57877,58.0,49.25444,51.35173,51.15662,58.00862,49.0102,53.46027,50.24938,53.00943,47.29693,45.17743,45.35416,50.69517,47.67599,49.0306,44.91102,40.80441,45.60702,42.44997,38.07887,34.78505,37.16181,34.88553,36.40055,33.54102,31.38471,34.4093,32.64966,26.4764,27.29469,30.26549,31.57531,30.59412,36.68787,34.17601,37.16181,39.56008,42.54409,45.27693,45.79301,49.24429,48.37355,52.40229,47.80167,56.61272,50.20956,58.0517,53.75872,52.63079,55.17246,54.56189,58.25805,57.00877,59.46427,54.08327,55.21775,56.85068,61.40033,48.60041,57.2014,58.60034,52.49762,55.0,52.49762,57.00877,58.25805,56.22277,55.17246,55.97321,56.0803,55.17246,54.45181,52.34501,54.81788,47.50789,56.72742,51.61395,51.22499,54.67175,53.90733,53.07542,49.40648,58.24946,51.47815,53.33854
9.84886,9.48683,10.44031,10.77033,10.44031,10.44031,10.44031,10.44031,11.40175,10.44031,11.40175,11.40175,11.40175,11.40175,10.44031,12.16553,11.18034,10.19804,10.19804,11.18034,10.19804,11.04536,10.19804,11.18034,11.18034,11.18034,11.04536,11.18034,11.18034,11.04536,10.19804,10.19804,10.19804,10.19804,10.19804,9.21954,10.44031,9.48683,9.48683,8.544,8.544,8.544,8.544,7.61577,7.61577,7.61577,7.61577,6.7082,7.2111,7.2111,7.2111,6.40312,50.44799,46.8188,50.69517,51.47815,50.9902,49.64877,50.60632,51.47815,51.10773,51.97115,53.0,52.69725,56.61272,59.90826,52.47857,56.0803,61.22091,58.00862,51.61395,58.60034,62.28965,56.0803,56.0803,55.60576,54.81788,58.41233,55.17246,54.56189,52.63079,57.98276,51.73973,53.15073,54.40588,54.03702,52.3259,52.20153,53.60037,53.90733,51.61395,49.40648,50.0,50.21952,48.37355,44.72136,45.18849,45.48626,41.67733,42.05948,37.69615,37.57659,37.12142,34.43835,34.9285,37.16181,34.9285,33.24154,31.04835,26.62705,26.41969,26.92582,32.64966,34.43835,35.77709,34.0,36.76955,40.31129,43.01163,46.09772,43.9659,52.49762,52.34501,53.23533,53.15073,56.56854,55.00909,54.00926,54.0,57.31492,66.1211,57.42822,62.28965,65.0,63.28507,55.9017,60.63827,58.46366,61.61169,53.15073,58.46366,55.44367,48.83646,59.90826,57.42822,56.08921,55.7315,55.9017,61.29437,58.30952,59.00847,58.03447,60.00833,47.01064,52.03845,53.03772,56.14268,55.14526,56.0357,54.03702,54.33231,54.03702,50.35871,56.14268,53.36666,53.93515
10.81665,10.29563,10.29563,11.6619,11.18034,11.18034,11.18034,10.77033,11.18034,10.77033,12.08305,11.7047,12.08305,10.77033,10.77033,11.7047,11.7047,10.77033,11.40175,11.7047,10.77033,11.40175,10.44031,11.40175,11.7047,11.40175,11.40175,11.7047,11.40175,11.40175,10.77033,10.77033,10.44031,10.77033,10.44031,9.84886,10.77033,9.84886,8.94427,8.94427,8.94427,8.94427,8.94427,8.06226,8.06226,7.2111,7.2111,7.2111,7.81025,7.81025,7.07107,7.07107,54.08327,54.0,50.24938,47.16991,50.48762,51.62364,52.39275,58.69412,52.49762,48.38388,54.78138,53.31041,55.71355,55.15433,49.98,53.31041,63.69458,58.30952,57.38467,53.48832,58.87274,56.85948,52.15362,60.41523,51.10773,54.12947,51.88449,56.82429,55.4617,50.9902,53.0,57.45433,49.76947,60.03332,48.37355,52.80152,50.11986,51.89412,48.33218,50.56679,45.17743,48.75449,45.22168,45.31004,46.8188,41.48494,42.37924,41.48494,40.26164,36.68787,35.1141,32.28002,38.60052,36.67424,33.24154,33.06055,32.24903,25.70992,29.15476,24.33105,31.40064,33.13608,34.23449,32.06244,37.05401,41.04875,40.0,41.97618,43.18565,50.24938,52.7731,50.0,50.59644,58.5235,53.45091,49.64877,55.71355,52.92447,61.26989,52.83938,56.82429,60.53924,55.03635,54.91812,57.80138,57.2014,57.3062,48.02083,56.60389,55.9017,53.7122,54.56189,55.15433,51.42956,55.54278,54.626,56.0803,57.00877,54.70832,58.69412,55.36244,54.81788,62.0967,53.36666,50.44799,55.08176,52.39275,52.63079,54.34151,53.60037,46.52956,56.08921,56.56854,49.0408
10.44031,9.21954,10.19804,10.19804,10.19804,10.19804,11.18034,10.19804,11.18034,11.18034,11.18034,11.18034,11.18034,11.18034,10.19804,12.04159,11.04536,11.04536,10.04988,11.04536,10.04988,11.0,10.04988,11.0,11.04536,11.04536,11.04536,11.0,11.0,11.0,10.04988,10.04988,10.04988,10.04988,10.04988,10.04988,10.19804,9.21954,9.21954,9.21954,8.24621,8.24621,8.24621,7.28011,7.28011,7.28011,7.28011,7.28011,7.28011,6.7082,6.7082,5.83095,47.85394,49.47727,54.23099,51.24451,51.07837,49.24429,50.60632,54.20332,48.60041,51.62364,60.20797,55.22681,59.5399,55.9464,60.41523,55.47071,55.47071,53.60037,54.81788,56.30275,61.07373,57.42822,50.24938,54.67175,53.60037,53.90733,56.63921,57.48913,56.40035,56.72742,56.63921,57.31492,50.0,58.25805,50.9902,51.22499,50.93133,48.83646,55.21775,49.81967,50.44799,48.37355,45.48626,41.6173,43.82921,48.82622,43.38202,43.04649,39.82462,38.07887,35.8469,37.21559,37.21559,31.01612,35.34119,33.61547,35.35534,26.0,26.83282,26.0,30.46309,31.62278,37.10795,35.1141,40.5216,42.05948,41.7732,46.04346,47.26521,51.24451,46.17359,45.39824,51.0098,56.0,54.12024,52.7731,51.24451,55.9017,54.74486,58.18935,59.22837,56.32051,61.39218,54.08327,55.65968,54.42426,61.03278,51.66237,55.65968,54.34151,51.92302,56.04463,57.07013,52.39275,56.51548,52.95281,55.44367,56.7186,59.68249,59.3043,49.25444,44.04543,51.0098,50.08992,51.24451,54.03702,53.00943,50.01,59.13544,52.03845,50.35871,56.88585,53.36666,50.01
8.544,9.84886,8.94427,9.84886,9.84886,9.84886,10.29563,8.94427,10.29563,9.43398,10.29563,10.29563,10.29563,9.43398,10.29563,10.81665,9.43398,9.43398,9.43398,9.43398,9.43398,9.43398,9.43398,10.0,10.0,10.0,10.0,9.43398,10.81665,10.0,9.43398,9.43398,9.43398,8.60233,9.43398,8.60233,8.94427,8.06226,8.06226,7.61577,7.61577,7.61577,7.61577,6.7082,6.32456,6.32456,6.32456,6.32456,6.32456,6.08276,6.08276,5.09902,53.03772,50.20956,50.93133,52.20153,54.81788,54.20332,57.68882,57.98276,50.9902,51.47815,54.12024,53.23533,59.16925,55.9464,58.60034,56.85948,59.09315,59.5063,55.03635,59.48109,59.23681,56.82429,53.48832,52.3259,50.53712,57.70615,55.54278,55.36244,54.23099,54.40588,55.36244,55.15433,53.22593,57.24509,51.86521,52.83938,57.38467,54.12024,49.09175,48.76474,51.0,47.16991,45.80393,43.26662,45.60702,46.87217,45.48626,39.62323,43.60046,36.79674,38.94868,38.94868,36.12478,33.24154,34.4093,32.44996,31.90611,25.0,25.70992,25.0,33.52611,33.10589,30.41381,35.8469,37.21559,41.88078,39.40812,43.26662,48.37355,51.86521,53.75872,50.20956,51.85557,56.63921,51.0392,50.0,55.56978,57.80138,59.94164,56.4358,58.66856,62.24147,57.80138,55.9464,60.41523,58.87274,60.83584,48.75449,53.31041,56.36488,50.9902,54.78138,53.66563,53.23533,56.60389,50.60632,57.45433,55.9017,57.68882,56.93856,51.61395,49.92995,54.67175,53.41348,54.91812,55.22681,56.0357,52.63079,51.62364,52.20153,50.93133,53.15073,50.91169,52.49762
10.77033,10.77033,11.18034,11.18034,11.18034,10.77033,11.18034,11.18034,11.18034,11.6619,11.18034,11.6619,11.18034,11.6619,10.29563,11.6619,10.81665,10.81665,10.81665,10.81665,10.81665,11.40175,10.81665,11.40175,11.40175,10.81665,10.81665,11.40175,11.40175,11.40175,10.81665,10.81665,10.81665,10.0,10.0,9.43398,10.29563,9.84886,8.94427,8.94427,8.94427,8.94427,8.94427,7.61577,7.61577,7.61577,7.61577,7.28011,7.28011,7.28011,7.07107,6.08276,52.00961,50.93133,55.47071,47.85394,49.73932,48.75449,51.88449,54.56189,51.86521,54.56189,52.39275,52.20153,56.46238,52.80152,52.55473,59.13544,60.08328,54.40588,54.42426,54.42426,61.40033,57.87055,55.54278,54.12947,54.57105,59.20304,51.92302,53.85165,53.85165,57.87055,50.21952,57.27128,53.36666,55.54278,50.21952,52.20153,52.7731,52.63079,52.88667,53.14132,47.75982,49.65884,48.33218,49.98,43.86342,38.48376,44.41846,41.14608,37.57659,35.77709,37.73592,32.64966,34.66987,35.51056,34.71311,32.64966,35.35534,28.6531,27.85678,29.54657,30.41381,29.52965,34.48188,34.66987,40.81666,43.26662,41.40048,47.80167,43.27817,52.00961,50.20956,48.79549,48.82622,55.44367,53.25411,56.0357,53.41348,54.20332,58.24946,59.03389,57.70615,57.24509,58.30952,54.23099,59.09315,55.4617,59.5063,50.9902,59.9333,54.58938,53.0,58.13777,57.3062,49.64877,59.16925,54.6443,56.60389,59.36329,54.08327,56.0357,55.60576,58.24946,50.93133,55.80323,50.0,54.45181,59.81639,56.58622,53.07542,59.5483,55.60576,53.07542,58.41233,52.40229
8.24621,9.21954,9.21954,10.44031,9.21954,9.21954,10.19804,10.04988,10.04988,10.04988,10.19804,10.04988,10.19804,10.19804,9.21954,10.04988,10.04988,10.04988,9.0,10.04988,9.05539,10.0,9.05539,10.0,10.04988,10.0,10.0,10.04988,10.04988,10.0,9.05539,9.05539,9.05539,9.05539,9.05539,9.05539,9.21954,8.24621,7.28011,7.28011,7.28011,7.28011,7.28011,6.32456,6.32456,6.32456,6.32456,5.38516,5.83095,5.83095,5.83095,5.0,53.85165,53.14132,51.26402,52.7731,52.7731,53.14132,51.10773,56.93856,53.82379,52.35456,53.25411,52.83938,59.07622,57.45433,57.3062,58.5235,64.63745,60.0,54.3783,62.42596,61.7171,57.98276,53.60037,55.44367,54.08327,57.62812,55.0,56.22277,60.30755,56.58622,50.91169,60.21628,56.61272,56.85068,54.67175,49.64877,53.2635,50.60632,50.60632,48.25971,50.47772,48.37355,47.41308,51.47815,41.67733,44.01136,41.14608,44.72136,39.56008,34.9285,35.1141,35.44009,34.78505,38.07887,31.7805,31.06445,34.0147,29.06888,25.4951,22.80351,29.73214,30.4795,30.61046,30.61046,34.82815,41.67733,38.47077,44.29447,44.77723,50.9902,49.39636,49.72927,49.0408,54.40588,55.7853,50.80354,53.60037,56.88585,63.12686,55.03635,60.0,58.00862,54.45181,51.0098,56.0,52.00961,60.07495,46.04346,57.07889,53.08484,53.03772,57.21888,53.08484,52.03845,53.03772,53.33854,58.03447,54.00926,58.69412,55.14526,56.4358,50.48762,57.07013,54.58938,52.23983,54.45181,59.84146,55.3263,57.00877,53.75872,51.1957,58.69412,52.88667,52.39275
8.94427,8.94427,9.43398,9.43398,9.43398,9.43398,9.43398,8.60233,9.43398,9.21954,10.0,9.21954,10.0,9.21954,10.0,9.89949,9.89949,9.21954,9.89949,9.89949,9.89949,9.89949,8.48528,10.63015,9.89949,9.89949,9.21954,9.89949,9.89949,9.21954,9.21954,9.89949,9.89949,9.21954,8.48528,8.48528,9.21954,8.60233,7.81025,7.81025,7.2111,7.2111,7.2111,7.2111,7.2111,5.83095,6.7082,6.7082,6.7082,6.32456,5.38516,5.09902,47.80167,53.90733,54.91812,48.37355,54.12947,47.01064,51.62364,54.56189,51.26402,49.76947,54.78138,51.07837,54.626,54.12024,49.98,51.62364,55.7853,55.9017,52.88667,55.08176,57.72348,54.70832,55.08176,54.81788,50.63596,53.16014,55.7315,56.0357,55.22681,55.22681,50.24938,47.26521,51.62364,59.84146,53.15073,49.49747,54.58938,49.36598,54.12024,48.76474,48.08326,47.75982,48.50773,47.29693,45.69464,46.61545,38.27532,41.76123,38.91015,36.67424,40.8534,35.77709,34.53983,33.10589,36.24914,30.4795,32.44996,24.73863,24.59675,23.4094,27.45906,29.15476,31.90611,33.01515,31.241,39.05125,41.23106,40.0,43.86342,48.60041,47.50789,45.96738,51.61395,50.60632,50.47772,51.61395,52.47857,53.23533,56.85948,57.70615,55.9464,54.12024,56.60389,52.80152,55.71355,56.85948,59.09315,58.59181,56.85948,54.23099,53.66563,59.94164,57.3062,55.03635,57.80138,56.85948,59.64059,57.45433,59.36329,52.83938,63.00794,52.69725,56.0357,55.07268,57.38467,53.82379,54.67175,53.03772,52.40229,53.60037,48.79549,53.8145,53.75872,47.42362
9.89949,10.63015,11.40175,11.40175,11.40175,10.63015,10.81665,10.81665,10.81665,10.81665,11.40175,11.6619,12.20656,11.6619,10.81665,12.52996,11.18034,11.18034,11.18034,11.18034,11.18034,11.18034,10.29563,11.18034,11.18034,11.18034,10.77033,12.52996,12.08305,10.77033,11.18034,11.18034,11.18034,11.18034,11.18034,10.29563,10.81665,10.0,10.0,10.0,9.21954,9.43398,10.0,8.60233,8.60233,7.81025,7.81025,7.81025,7.81025,7.81025,7.2111,7.2111,53.45091,47.43416,53.23533,50.48762,54.23099,46.17359,49.09175,54.08327,47.51842,45.0,52.15362,51.24451,54.33231,54.14795,53.0,51.08816,58.21512,52.46904,54.23099,50.63596,55.9017,50.01,48.50773,51.47815,54.34151,48.6621,53.15073,56.88585,53.23533,54.12024,48.27007,52.95281,51.78803,53.36666,51.24451,49.81967,54.12947,49.24429,48.6621,46.52956,44.72136,45.01111,48.16638,44.04543,46.27094,43.04649,42.10701,43.01163,33.06055,37.21559,33.13608,33.54102,30.59412,33.54102,30.80584,30.88689,27.51363,19.10497,23.02173,32.24903,29.01724,29.01724,33.06055,33.13608,37.0,44.10215,41.59327,43.93177,43.68066,51.97115,49.33559,46.61545,48.46648,53.48832,53.7122,56.85948,50.53712,56.82429,58.66856,55.60576,57.45433,61.22091,59.64059,55.21775,54.03702,57.42822,56.85948,49.81967,58.82176,51.40039,52.15362,58.41233,58.24946,56.61272,57.42822,53.82379,60.20797,55.80323,54.70832,53.33854,56.0357,53.33854,57.38467,52.80152,55.47071,55.00909,56.46238,49.24429,54.626,56.46238,52.55473,57.00877,58.82176,51.86521
9.05539,9.05539,10.0,10.04988,10.0,9.05539,10.0,9.0,10.0,10.0,10.0,10.04988,10.0,10.0,10.0,11.18034,10.19804,10.04988,10.04988,10.04988,9.05539,10.04988,9.05539,10.19804,10.04988,10.19804,10.19804,10.04988,10.04988,10.19804,9.05539,9.05539,10.04988,9.05539,9.05539,9.05539,9.0,9.0,8.0,8.0,8.0,8.0,8.0,7.0,7.07107,7.07107,7.07107,6.08276,6.08276,6.08276,6.32456,5.38516,50.47772,49.81967,53.00943,46.01087,48.79549,48.08326,48.10405,52.34501,52.00961,54.03702,50.0,50.77401,53.60037,50.47772,51.40039,54.3783,55.75841,58.60034,52.69725,50.47772,59.03389,52.7731,54.12024,55.56978,49.39636,56.60389,53.33854,57.24509,55.00909,54.12947,50.53712,55.9464,48.8774,58.13777,50.9902,52.15362,52.47857,54.58938,54.03702,50.77401,46.06517,44.94441,47.80167,43.60046,42.52058,44.65423,41.10961,39.40812,35.38361,34.82815,33.42155,36.12478,33.97058,34.05877,31.241,30.52868,33.12099,25.05993,25.23886,26.62705,31.40064,26.40076,31.14482,32.01562,36.79674,37.48333,40.36087,39.69887,46.2277,51.22499,51.97115,48.76474,45.17743,55.56978,51.62364,54.12947,52.81098,49.0408,61.40033,56.75385,58.24088,55.7853,60.16644,55.44367,57.70615,55.9017,63.56099,48.27007,55.57877,55.22681,54.57105,58.24946,54.57105,52.63079,55.7853,52.95281,56.32051,55.54278,53.75872,54.08327,54.08327,52.0,55.07268,52.92447,50.56679,52.92447,49.24429,49.1935,52.39275,51.89412,45.48626,55.47071,54.6443,49.39636
9.43398,9.43398,9.84886,10.29563,9.84886,9.84886,9.84886,9.84886,9.84886,9.48683,10.77033,10.77033,10.77033,9.48683,9.84886,10.44031,10.44031,9.48683,10.44031,10.44031,9.48683,10.44031,9.48683,10.19804,10.44031,10.44031,10.19804,10.19804,10.44031,10.19804,9.48683,9.21954,9.21954,9.21954,9.48683,9.48683,9.84886,8.544,8.544,8.544,8.06226,8.94427,7.61577,7.61577,6.7082,6.7082,6.7082,6.7082,6.7082,6.40312,6.40312,6.40312,46.09772,50.15974,56.22277,49.0102,56.0803,50.03998,46.09772,54.00926,53.23533,52.17279,52.95281,55.10898,59.22837,58.46366,55.7315,56.04463,57.72348,55.54278,46.87217,59.5399,60.72891,58.69412,53.31041,51.66237,50.44799,55.36244,54.70832,50.92151,52.49762,58.5235,56.61272,52.49762,56.04463,52.20153,55.9464,48.27007,52.81098,50.92151,52.17279,54.91812,50.44799,49.49747,46.52956,49.49747,43.18565,49.25444,45.09989,45.17743,39.01282,39.11521,38.0526,36.22154,37.01351,32.24903,31.40064,35.90265,33.24154,26.57066,27.20294,29.12044,29.41088,32.38827,31.257,35.22783,38.32754,46.0,46.09772,50.0,48.01042,54.14795,55.7315,50.96077,61.98387,58.85576,58.5235,55.02727,58.30952,59.61543,63.13478,59.9333,60.41523,59.90826,61.7414,60.74537,61.05735,61.03278,62.1289,55.75841,59.64059,56.93856,60.21628,55.22681,57.3062,55.9017,63.52952,54.58938,57.77543,55.9464,56.85948,54.58938,59.61543,52.80152,48.10405,48.8467,57.00877,50.92151,51.92302,55.54278,55.54278,52.88667,48.50773,52.88667,51.47815,52.7731
9.21954,9.43398,9.43398,9.43398,9.43398,9.43398,10.29563,9.43398,10.29563,9.84886,10.29563,9.84886,10.29563,9.84886,9.43398,10.77033,9.84886,9.84886,9.48683,9.84886,9.84886,9.84886,8.94427,10.44031,9.84886,9.84886,9.48683,9.84886,9.84886,9.84886,9.84886,9.84886,9.84886,8.94427,8.94427,8.94427,9.43398,8.06226,8.06226,8.06226,7.81025,7.81025,8.60233,7.2111,7.07107,6.40312,7.07107,6.40312,7.07107,6.40312,6.40312,5.83095,58.07753,50.01,48.16638,52.00961,53.0,52.15362,49.0306,57.87055,50.80354,51.24451,47.85394,48.27007,57.27128,50.92151,52.61179,54.40588,59.43904,57.24509,54.12024,52.49762,58.24088,53.36666,49.39636,49.98,51.62364,51.24451,52.0,54.70832,53.16014,58.60034,48.76474,49.98,50.28916,50.92151,54.42426,51.5461,52.20153,50.28916,51.24451,45.54119,49.47727,46.69047,43.93177,44.38468,40.4475,44.28318,39.45884,42.42641,35.01428,33.24154,35.22783,33.01515,34.23449,34.0147,34.36568,28.63564,32.57299,24.59675,28.4605,25.05993,28.63564,30.41381,34.52535,34.9285,35.12834,45.27693,42.0,45.0,49.0408,54.08327,53.15073,52.17279,51.78803,57.87055,58.5235,51.92302,53.75872,53.22593,57.27128,59.03389,62.64982,59.36329,60.41523,56.60389,55.47071,57.45433,58.60034,55.56978,58.5235,58.83026,53.33854,59.94164,57.69749,54.56189,59.03389,56.93856,62.24147,56.36488,58.69412,57.38467,54.78138,52.0,57.58472,52.92447,55.97321,55.36244,58.24088,56.30275,55.31727,55.54278,51.66237,57.28001,53.75872,55.3263
9.48683,8.94427,10.29563,9.84886,10.29563,8.94427,10.29563,9.43398,10.29563,10.81665,10.29563,10.81665,10.81665,10.0,10.0,10.81665,10.0,10.0,10.0,10.0,10.0,10.63015,10.0,10.63015,10.63015,10.63015,10.63015,10.63015,10.63015,10.63015,10.0,10.63015,10.63015,10.0,9.21954,10.0,9.43398,9.43398,9.43398,8.60233,8.06226,8.06226,8.94427,7.2111,8.06226,6.7082,6.7082,7.61577,7.61577,7.28011,6.32456,6.08276,45.18849,51.47815,50.59644,44.27189,47.16991,46.84015,44.64303,51.62364,49.47727,47.12749,49.25444,48.83646,53.08484,51.24451,48.6621,50.63596,58.24946,50.0,52.08647,53.08484,54.14795,50.08992,49.0408,51.08816,49.0102,50.03998,53.03772,52.08647,51.0392,53.03772,49.0,53.00943,47.16991,54.00926,47.09565,52.00961,53.0,49.0102,51.62364,49.36598,50.15974,45.70558,44.28318,42.04759,48.05206,46.57252,41.97618,38.07887,34.20526,36.05551,35.44009,36.05551,33.54102,35.1141,36.24914,30.46309,30.52868,29.01724,31.14482,32.06244,33.24154,33.13608,37.65634,36.49658,38.27532,44.72136,40.16217,50.69517,46.8188,50.15974,50.08992,50.24938,52.15362,55.56978,58.60034,57.80138,55.97321,60.81118,61.07373,59.81639,59.4138,63.03174,60.20797,52.63079,55.80323,59.20304,66.52819,53.03772,59.81639,60.60528,55.31727,59.40539,54.56189,58.89822,55.9017,54.45181,56.63921,55.9017,58.89822,55.86591,56.40035,54.45181,57.38467,53.90733,52.63079,52.69725,58.41233,52.80152,51.40039,52.49762,52.00961,61.05735,55.9017,52.15362
8.24621,8.544,8.544,8.544,8.544,8.544,9.84886,8.94427,8.94427,8.94427,9.84886,9.84886,9.84886,8.94427,8.94427,10.29563,9.43398,9.43398,9.43398,9.43398,8.60233,10.0,9.43398,9.43398,9.43398,10.0,10.0,10.0,10.0,10.0,9.43398,9.43398,8.60233,8.60233,8.60233,8.06226,8.94427,7.61577,7.61577,7.61577,7.61577,7.61577,7.61577,6.7082,6.7082,6.7082,6.32456,6.32456,6.32456,6.08276,5.09902,5.09902,46.8615,42.63801,46.09772,48.10405,48.41487,53.00943,49.81967,55.21775,45.48626,51.86521,47.16991,50.11986,53.85165,50.53712,52.7731,52.55473,59.5063,57.69749,54.91812,50.15974,62.03225,49.24429,51.62364,52.20153,49.1935,52.20153,49.76947,57.28001,54.42426,56.04463,53.75872,57.93962,48.46648,56.46238,51.66237,53.23533,52.92447,52.92447,50.53712,51.26402,46.61545,48.30114,45.79301,47.41308,43.56604,45.79301,42.72002,40.49691,38.58756,36.40055,35.0,37.20215,34.05877,33.97058,35.35534,34.65545,34.1321,27.51363,31.01612,28.17801,33.54102,31.90611,33.83785,36.71512,36.61967,47.50789,42.44997,46.69047,48.79549,54.48853,52.49762,60.20797,47.70744,60.46487,56.60389,57.27128,57.93962,56.30275,62.39391,57.58472,58.69412,63.90618,60.92618,56.32051,62.29767,55.08176,65.52099,51.26402,63.06346,53.60037,59.13544,58.85576,54.78138,52.55473,55.4617,54.78138,56.46238,56.921,53.7122,61.7414,55.9464,57.69749,51.10773,57.27128,55.9017,53.7122,55.47071,52.69725,55.0,57.98276,43.82921,51.47815,54.20332,44.94441
8.06226,8.06226,8.94427,8.94427,8.94427,8.94427,8.544,8.544,8.544,9.48683,9.48683,9.48683,9.48683,9.48683,8.544,10.19804,9.21954,9.21954,9.21954,9.21954,9.21954,9.21954,9.21954,10.19804,9.21954,9.21954,9.21954,10.19804,9.21954,10.19804,9.21954,9.48683,9.21954,8.544,8.24621,8.544,8.544,7.61577,7.61577,7.61577,7.61577,7.61577,8.06226,6.7082,6.7082,5.83095,5.83095,5.83095,5.83095,5.65685,5.65685,5.65685,54.08327,51.0392,51.62364,43.93177,48.08326,49.64877,50.96077,54.40588,45.22168,47.29693,50.0,47.53946,55.03635,50.28916,51.07837,50.53712,61.7414,57.27128,56.30275,48.76474,55.07268,52.0,56.82429,55.9464,51.47815,53.31041,49.64877,57.98276,56.4358,54.20332,54.70832,57.42822,54.12024,55.9464,51.0392,51.89412,53.23533,53.66563,49.64877,50.69517,48.30114,51.89412,49.39636,46.95743,48.76474,44.27189,40.02499,43.08132,40.49691,36.13862,35.17101,38.60052,36.34556,32.55764,34.23449,29.27456,33.13608,25.63201,23.08679,26.92582,33.24154,31.40064,32.24903,34.36568,34.1321,44.04543,40.11234,44.01136,50.08992,56.22277,53.93515,54.91812,52.88667,57.00877,52.20153,55.02727,55.54278,54.12947,62.39391,53.48832,58.30952,58.59181,55.9017,53.0,56.60389,55.47071,63.97656,49.39636,60.41523,54.6443,54.20332,55.56978,55.00909,49.76947,53.7122,52.39275,58.18075,59.61543,54.08327,54.42426,51.5461,51.5461,49.0306,46.32494,53.15073,53.45091,53.60037,48.50773,47.67599,49.81967,44.91102,51.62364,49.25444,47.26521
8.60233,8.60233,8.60233,8.60233,8.60233,8.60233,9.21954,9.21954,9.21954,9.21954,10.63015,9.89949,9.21954,9.89949,9.21954,10.63015,9.21954,9.89949,9.21954,9.21954,9.21954,9.21954,9.21954,10.0,10.0,10.0,10.0,10.63015,10.0,10.0,9.21954,9.21954,9.21954,9.21954,9.21954,8.48528,9.89949,8.48528,8.48528,7.07107,7.81025,7.81025,7.81025,7.07107,6.40312,6.40312,6.40312,6.40312,6.40312,5.83095,5.83095,5.38516,50.24938,47.38143,48.76474,48.30114,50.9902,52.35456,48.75449,56.36488,50.59644,50.53712,52.39275,53.45091,57.24509,59.13544,52.20153,55.31727,54.40588,51.92302,50.69517,54.34151,58.85576,54.12947,52.39275,58.0517,50.28916,56.51548,57.42822,55.57877,56.29387,60.29925,54.45181,54.74486,50.80354,58.46366,50.48762,55.65968,49.24429,46.87217,54.23099,53.16014,53.36666,50.28916,51.07837,46.8188,48.33218,44.94441,45.31004,41.78516,43.38202,35.34119,40.71855,35.8469,34.1321,34.1321,35.80503,32.44996,32.80244,30.08322,31.01612,31.62278,31.30495,32.64966,37.21559,36.40055,37.80212,44.20407,48.27007,47.38143,49.81967,50.44799,50.21952,51.86521,52.00961,57.68882,53.53504,54.91812,56.60389,60.82763,65.30697,57.24509,56.93856,59.48109,64.00781,56.921,59.9333,59.46427,62.16912,50.15974,59.80803,55.54278,52.39275,62.39391,56.85948,55.9464,61.29437,54.56189,57.70615,60.53924,56.0803,54.08327,56.85948,53.00943,53.7122,56.93856,56.61272,56.61272,56.40035,53.41348,52.63079,55.44367,46.8615,53.8145,51.62364,53.75872
8.94427,9.43398,8.60233,9.43398,9.43398,9.43398,9.43398,8.60233,10.0,9.21954,10.0,10.0,10.0,9.21954,10.0,10.63015,9.89949,9.21954,9.21954,9.21954,9.21954,9.89949,9.21954,9.89949,9.89949,9.89949,9.89949,9.89949,9.89949,9.89949,9.21954,9.21954,9.21954,9.21954,9.21954,9.21954,10.0,8.60233,8.06226,8.06226,8.06226,8.06226,8.06226,7.2111,6.7082,6.7082,6.7082,6.7082,6.7082,6.32456,6.32456,6.32456,47.41308,49.64877,46.84015,46.23851,54.81788,45.60702,48.08326,44.72136,49.0306,48.6621,51.24451,50.24938,57.14018,51.62364,53.08484,53.03772,56.14268,56.14268,51.78803,57.00877,56.0,56.00893,49.09175,51.0,54.0,50.0,53.08484,55.08176,54.03702,59.3043,53.00943,55.00909,57.03508,48.04165,55.3263,48.16638,52.00961,49.0,50.9902,50.24938,54.23099,53.15073,46.52956,50.35871,42.42641,47.67599,44.64303,43.17407,39.05125,40.80441,37.64306,31.257,33.52611,34.48188,34.53983,32.64966,35.35534,28.07134,23.19483,28.86174,32.01562,31.7805,32.64966,35.4683,35.77709,45.88028,48.8774,45.65085,50.9902,56.0803,54.03702,50.32892,57.31492,55.97321,53.2635,48.79549,55.97321,60.1415,57.48913,59.81639,63.00794,61.85467,62.80127,56.0803,55.22681,58.66856,59.64059,54.6443,55.75841,58.24946,57.45433,57.80138,55.21775,54.81788,61.07373,55.80323,55.22681,57.00877,63.65532,52.34501,61.55485,50.93133,53.2635,53.8145,53.03772,49.49747,56.58622,52.63079,52.63079,55.60576,52.3259,51.22499,55.60576,53.33854
9.0,8.0,9.05539,9.05539,9.05539,9.05539,9.21954,9.21954,9.21954,9.21954,10.04988,10.19804,10.04988,9.21954,9.21954,10.44031,9.48683,9.21954,9.48683,9.48683,9.48683,9.48683,9.48683,9.48683,9.48683,9.48683,9.84886,10.44031,9.48683,9.84886,9.48683,9.48683,9.48683,8.544,8.544,9.21954,9.21954,8.06226,8.06226,7.07107,7.07107,7.28011,7.07107,7.07107,7.07107,6.08276,6.0,6.08276,6.0,6.0,6.08276,5.09902,54.91812,50.24938,50.53712,49.73932,51.86521,46.61545,52.81098,54.42426,51.92302,57.00877,51.41984,52.17279,56.75385,55.54278,53.75872,60.53098,57.55867,57.87055,53.75872,58.21512,59.3043,57.31492,58.07753,52.34501,57.42822,55.22681,52.08647,54.14795,59.13544,54.14795,55.44367,53.00943,53.33854,58.13777,46.01087,53.33854,57.21888,52.03845,50.63596,51.24451,51.35173,46.32494,46.69047,51.41984,45.70558,45.89118,45.88028,43.68066,40.5216,42.72002,39.05125,37.94733,38.47077,36.76955,36.24914,31.76476,32.24903,27.89265,28.16026,27.65863,35.8469,34.1321,34.0,36.71512,35.77709,43.909,44.65423,46.75468,45.60702,49.57822,52.40229,50.93133,55.17246,56.22277,54.91812,53.60037,54.40588,60.21628,57.98276,56.93856,58.30952,63.06346,59.16925,57.70615,55.54278,58.18075,62.6099,48.30114,60.90156,58.30952,57.45433,55.9017,54.3783,53.41348,55.47071,56.60389,54.91812,57.68882,62.20129,57.00877,54.40588,53.2635,47.80167,50.9902,55.9017,48.79549,54.03702,51.85557,52.34501,50.9902,48.83646,54.48853,55.31727,46.66905
10.19804,10.04988,10.0,11.04536,11.0,11.04536,11.0,11.0,11.0,11.04536,12.0,12.04159,12.0,11.04536,11.0,12.04159,12.04159,11.04536,11.18034,11.04536,11.04536,11.18034,11.04536,12.16553,12.16553,12.16553,11.18034,12.16553,12.16553,11.18034,11.04536,11.18034,11.18034,11.18034,11.04536,11.04536,10.0,10.0,10.0,10.0,9.0,9.0,9.0,8.0,8.0,8.0,8.06226,8.06226,8.06226,7.07107,7.28011,7.28011,49.09175,51.78803,49.64877,48.50773,54.78138,51.07837,49.64877,48.8467,51.47815,50.92151,49.65884,51.42956,53.23533,51.97115,54.3783,57.2014,57.14018,53.82379,52.15362,58.5235,61.58734,55.56978,51.85557,51.31277,54.3783,52.83938,54.91812,53.90733,55.44367,58.13777,53.82379,56.0803,48.8774,55.21775,50.44799,50.24938,53.53504,52.80152,51.97115,54.70832,49.73932,50.56679,43.909,47.85394,48.33218,49.39636,45.12206,43.65776,37.69615,40.49691,39.56008,35.90265,37.36308,37.0,34.9285,34.71311,35.22783,23.76973,26.92582,29.52965,28.23119,31.01612,35.44009,35.17101,34.48188,45.35416,44.14748,42.44997,48.27007,50.9902,49.16299,50.01,51.0098,55.03635,56.0357,54.03702,52.46904,51.66237,52.95281,59.90826,57.27128,59.43904,61.40033,54.81788,57.97413,55.36244,56.75385,56.32051,54.34151,56.51548,52.63079,54.626,57.87055,55.54278,58.46366,54.58938,58.69412,56.08921,57.42822,54.45181,58.30952,49.25444,55.00909,56.0,51.62364,54.03702,56.0357,50.03998,53.03772,57.42822,49.0102,50.15974,50.35871,48.6621
10.0,9.43398,10.29563,10.29563,10.29563,10.29563,10.29563,10.29563,10.29563,9.84886,11.18034,10.77033,11.18034,10.77033,10.29563,11.18034,10.77033,9.84886,10.77033,10.77033,9.84886,10.77033,9.84886,10.44031,10.44031,10.44031,10.44031,10.77033,10.77033,10.44031,9.84886,10.77033,9.84886,9.84886,9.84886,9.84886,10.29563,8.94427,8.94427,8.94427,8.60233,8.60233,8.06226,7.2111,7.81025,7.2111,7.81025,7.07107,7.07107,7.07107,6.40312,6.40312,55.3263,47.01064,52.0,47.09565,54.0,52.03845,51.0098,52.0,49.49747,52.03845,54.33231,56.56854,59.03389,55.7315,49.64877,57.00877,58.0517,60.16644,55.7315,56.32051,60.40695,52.7731,52.49762,51.5461,52.63079,57.28001,50.01,54.23099,48.70318,56.30275,57.24509,55.97321,52.88667,58.24088,52.92447,53.85165,52.81098,55.97321,53.36666,52.46904,47.85394,53.23533,45.89118,47.38143,49.36598,44.18144,45.04442,42.42641,42.29657,40.11234,40.4475,35.01428,33.37664,35.01428,36.05551,35.69314,32.28002,31.0,26.07681,26.07681,34.05877,27.07397,36.67424,33.37664,33.54102,41.30375,41.23106,45.60702,46.84015,57.97413,54.626,50.9902,52.7731,53.31041,52.83938,55.47071,52.69725,53.25411,59.07622,52.63079,57.80138,65.8559,60.60528,57.38467,58.72819,58.0517,61.6198,54.67175,57.38467,55.17246,54.67175,56.72742,58.00862,52.20153,56.85948,54.6443,61.85467,60.60528,59.94164,60.20797,56.35601,50.24938,58.66856,55.47071,54.58938,55.54278,54.626,51.0,56.32051,54.12024,54.12947,55.9464,54.91812,49.33559
8.544,8.544,8.94427,9.48683,8.94427,8.94427,8.94427,9.43398,10.29563,9.43398,10.29563,10.29563,10.29563,10.29563,9.43398,10.81665,10.0,9.43398,9.43398,10.0,10.0,10.0,9.21954,10.0,10.0,10.0,10.63015,10.0,10.0,10.0,9.43398,10.0,10.0,9.21954,8.60233,9.43398,9.43398,8.06226,8.06226,8.06226,7.61577,8.06226,6.7082,6.7082,6.7082,6.7082,6.7082,6.32456,6.32456,6.32456,6.08276,5.09902,43.82921,46.04346,50.32892,43.41659,50.9902,46.75468,54.48853,50.20956,50.20956,49.49747,55.60576,52.49762,61.52235,53.41348,55.0,55.75841,62.62587,57.00877,52.80152,56.72742,56.93856,56.61272,52.83938,57.45433,56.40035,58.83026,54.20332,56.35601,55.47071,60.41523,54.12024,56.4358,54.91812,56.4358,54.12024,55.80323,51.0392,51.31277,54.81788,47.50789,50.11986,50.44799,48.9183,51.0392,47.50789,44.68781,46.01087,46.69047,38.20995,40.36087,41.72529,36.06938,38.41875,38.28838,35.22783,39.66106,34.0147,24.08319,30.61046,26.24881,28.28427,30.23243,34.05877,33.28663,36.61967,41.67733,41.18252,40.70626,45.27693,50.53712,49.64877,50.44799,54.12947,57.56735,53.15073,51.62364,57.27128,60.01666,59.3043,51.78803,59.21149,60.07495,57.07013,57.00877,58.0,56.0,61.03278,49.49747,61.0,57.03508,54.23099,57.03508,57.70615,53.60037,55.3263,55.7315,59.5399,53.75872,59.03389,49.47727,57.70615,51.1957,51.86521,54.12024,49.47727,53.85165,50.59644,51.24451,52.88667,52.20153,50.15974,50.56679,51.62364,49.64877
8.94427,8.06226,8.60233,9.43398,9.43398,8.06226,10.0,8.60233,9.21954,10.0,10.0,10.0,10.0,9.21954,9.21954,10.63015,9.21954,9.21954,9.21954,9.21954,9.21954,9.89949,9.21954,9.89949,9.89949,9.89949,9.89949,10.63015,9.89949,9.89949,9.21954,9.21954,9.21954,9.21954,9.21954,8.60233,8.60233,8.06226,8.06226,8.06226,8.06226,8.06226,8.06226,6.7082,6.7082,6.7082,6.32456,6.32456,6.32456,6.32456,6.08276,5.09902,46.95743,51.47815,49.81967,45.0,53.15073,49.36598,51.15662,52.00961,47.04253,55.14526,54.00926,52.00961,55.08176,55.00909,52.00961,56.0803,56.00893,56.4358,57.14018,55.14526,65.62012,53.03772,59.22837,57.42822,54.58938,54.74486,52.34501,58.24946,55.7315,55.7315,54.58938,54.14795,47.80167,58.0517,51.1957,54.45181,52.7731,56.29387,54.23099,46.87217,49.36598,47.01064,47.04253,50.03998,50.01,43.73786,38.20995,43.01163,39.05125,38.20995,38.01316,37.65634,33.06055,37.85499,32.89377,34.78505,31.62278,23.0,24.08319,29.06888,31.0,32.38827,34.71311,30.41381,36.13862,38.32754,36.40055,44.38468,44.77723,49.98,53.22593,49.64877,47.70744,54.70832,47.20169,55.75841,51.0392,55.97321,57.48913,53.07542,60.20797,56.58622,58.0,53.8145,57.31492,55.9017,59.4138,49.49747,58.69412,55.86591,52.34501,55.9017,52.40229,52.40229,55.86591,55.86591,54.67175,53.90733,56.40035,51.22499,53.41348,56.40035,49.92995,50.21952,53.31041,53.23533,55.9464,53.0,49.24429,52.47857,50.24938,47.88528,59.46427,45.69464
8.48528,8.48528,9.21954,9.89949,9.21954,8.48528,9.21954,9.21954,9.21954,10.0,10.0,10.0,10.0,10.0,9.21954,10.29563,9.43398,9.43398,9.43398,9.43398,9.43398,9.43398,9.43398,10.29563,10.29563,10.29563,10.29563,10.29563,10.29563,9.84886,9.43398,9.43398,9.43398,9.43398,8.60233,8.60233,8.60233,8.60233,7.81025,7.81025,7.81025,7.81025,7.07107,7.07107,7.07107,6.40312,6.40312,6.40312,6.40312,6.40312,5.83095,5.83095,48.27007,52.61179,50.01,50.03998,49.0102,50.08992,54.03702,50.35871,53.03772,51.0,47.07441,52.7731,57.70615,56.4358,54.23099,54.58938,60.01666,59.43904,54.57105,56.51548,61.98387,57.55867,55.36244,56.61272,55.7853,57.72348,53.60037,57.27128,55.9017,60.72891,50.21952,59.66574,56.75385,61.68468,53.75872,51.1957,57.97413,56.75385,50.80354,48.6621,54.74486,48.37355,52.34501,47.09565,44.40721,49.16299,43.18565,41.59327,38.0526,36.05551,35.01428,40.04997,37.01351,37.21559,34.36568,35.01428,34.71311,23.08679,24.08319,26.07681,28.01785,33.01515,35.01428,31.01612,35.51056,39.62323,39.81206,39.56008,45.31004,50.59644,49.65884,46.09772,47.01064,53.22593,51.86521,51.97115,53.7122,54.91812,58.89822,55.60576,58.89822,63.65532,59.03389,56.56854,55.86591,55.86591,62.482,48.08326,55.9017,57.31492,54.48853,59.03389,53.07542,51.08816,54.48853,50.9902,58.00862,54.81788,55.0,53.00943,55.75841,48.8774,52.7731,49.24429,52.39275,47.42362,54.626,51.89412,50.08992,54.12024,46.06517,57.69749,52.88667,49.0408
9.05539,9.0,9.0,9.0,9.0,9.0,9.05539,9.05539,9.05539,9.05539,10.04988,10.04988,10.04988,10.04988,9.05539,10.19804,9.21954,9.21954,9.21954,9.21954,9.21954,9.21954,9.21954,10.19804,10.19804,10.44031,10.44031,10.19804,10.44031,10.44031,9.21954,9.21954,9.21954,9.21954,9.21954,9.21954,9.05539,8.06226,8.06226,8.06226,8.0,8.06226,8.0,7.0,7.0,6.0,6.0,6.0,6.08276,6.08276,6.08276,5.09902,41.78516,49.1935,54.56189,42.54409,50.0,50.0,47.20169,53.82379,52.00961,48.16638,51.73973,49.0408,57.38467,53.2635,52.40229,55.0,59.39697,58.0,53.75872,51.62364,57.31492,53.74012,50.60632,53.75872,51.08816,53.41348,54.20332,53.53504,58.00862,58.24946,52.80152,56.0357,48.9183,62.36986,51.61395,51.08816,52.49762,54.48853,49.49747,49.57822,50.21952,48.79549,45.60702,43.86342,48.83646,43.86342,43.13931,43.18565,40.60788,37.64306,40.45986,34.82815,36.40055,34.48188,34.98571,33.54102,29.96665,25.23886,25.07987,26.40076,28.84441,29.06888,34.43835,32.89377,35.73514,40.49691,39.56008,45.12206,44.92215,48.50773,50.15974,50.08992,51.0,52.00961,51.24451,52.23983,50.03998,51.24451,57.42822,55.44367,55.9017,60.82763,57.21888,53.93515,59.90826,53.75872,57.07013,48.05206,54.91812,55.9017,51.78803,52.17279,50.63596,52.46904,52.08647,53.33854,56.14268,56.0803,55.0,50.01,52.03845,51.0392,52.08647,48.09366,46.01087,47.51842,50.15974,53.33854,48.6621,54.45181,44.14748,56.04463,56.04463,49.47727
10.04988,10.04988,10.19804,10.19804,10.19804,10.04988,10.19804,10.19804,10.19804,10.44031,11.18034,11.40175,11.18034,10.44031,10.19804,11.7047,10.44031,10.44031,10.44031,10.44031,10.44031,10.44031,10.44031,10.77033,10.44031,11.7047,10.77033,11.40175,11.40175,10.77033,10.19804,10.44031,10.44031,10.19804,10.19804,10.19804,10.19804,9.05539,9.05539,9.05539,9.05539,9.05539,9.05539,8.06226,8.0,8.0,8.0,7.0,7.07107,7.07107,7.07107,7.28011,46.14109,48.82622,49.0408,49.81967,48.79549,46.69047,48.79549,55.31727,54.40588,50.44799,50.60632,54.20332,58.41233,55.0,52.20153,59.36329,63.81222,55.56978,54.67175,51.88449,58.30952,55.21775,54.58938,52.43091,54.40588,54.81788,56.60389,56.35601,55.07268,54.12947,54.56189,53.85165,51.0392,58.30952,52.47857,52.40229,54.67175,48.82622,52.34501,49.81967,51.08816,50.60632,47.63402,51.08816,43.41659,44.55334,45.96738,43.86342,37.48333,36.87818,36.79674,35.4683,37.21559,33.83785,36.71512,35.22783,32.69557,22.47221,26.92582,24.83948,28.3196,28.3196,31.82766,30.41381,37.48333,41.23106,43.18565,44.10215,43.18565,51.61395,52.47857,50.11986,52.80152,54.626,52.49762,52.0,54.40588,53.93515,57.27128,57.48913,55.54278,56.08921,56.75385,56.88585,54.45181,55.22681,59.68249,48.6621,56.4358,59.07622,52.23983,55.03635,50.9902,56.08921,54.57105,54.57105,57.00877,55.57877,53.16014,54.70832,55.65968,51.26402,51.92302,49.72927,54.08327,51.24451,51.24451,50.69517,54.56189,51.26402,47.85394,50.77401,47.92703,50.56679
8.24621,8.544,8.544,9.48683,9.48683,9.48683,9.84886,8.94427,8.94427,8.94427,9.84886,9.84886,9.84886,8.94427,9.84886,10.29563,9.43398,8.94427,9.43398,9.43398,8.94427,9.43398,8.94427,10.0,10.29563,9.43398,9.43398,10.29563,10.29563,9.43398,8.94427,9.43398,8.94427,8.94427,8.94427,8.94427,8.94427,8.544,7.61577,7.61577,7.61577,7.28011,7.61577,6.32456,6.32456,6.32456,6.08276,6.08276,6.08276,6.08276,6.0,5.0,51.08816,50.44799,48.54894,47.70744,46.61545,45.80393,52.7731,52.3259,47.75982,54.12024,50.32892,50.32892,59.23681,51.89412,55.03635,54.08327,58.18935,55.36244,53.48832,55.71355,60.74537,55.9464,54.81788,55.65968,57.00877,51.66237,53.85165,55.7853,54.70832,58.5235,54.23099,53.75872,50.44799,55.65968,54.57105,50.32892,57.48913,53.60037,51.5461,54.23099,48.70318,46.51881,47.92703,47.41308,47.85394,45.17743,41.62932,43.82921,38.58756,39.82462,41.62932,35.34119,37.12142,34.1321,34.20526,37.01351,36.12478,24.16609,21.54066,29.15476,27.45906,31.06445,30.61046,32.80244,36.40055,40.80441,41.03657,44.59821,39.05125,47.01064,46.32494,45.65085,53.53504,49.92995,53.22593,54.20332,55.00909,48.8467,57.77543,53.48832,57.27128,54.40588,57.24509,55.9017,55.02727,51.24451,56.30275,50.28916,50.59644,52.20153,52.3259,55.71355,53.14132,52.0,50.69517,50.15974,54.42426,53.85165,57.70615,53.7122,51.97115,47.41308,55.47071,50.60632,53.53504,53.0,52.69725,49.92995,51.40039,52.83938,51.31277,55.21775,48.27007,51.22499
8.94427,8.94427,9.43398,9.43398,9.43398,9.43398,9.43398,9.43398,9.43398,10.0,10.0,10.0,10.0,10.0,10.0,10.63015,9.89949,10.0,9.21954,9.21954,10.0,9.89949,9.21954,9.89949,10.63015,9.89949,9.89949,10.63015,9.89949,9.89949,9.21954,9.21954,9.21954,9.21954,9.21954,9.21954,9.43398,8.60233,8.60233,8.60233,8.06226,8.06226,7.2111,7.2111,7.2111,6.7082,6.7082,6.7082,6.7082,6.7082,6.32456,5.38516,49.51767,46.2277,55.31727,51.61395,46.51881,49.64877,52.35456,51.47815,44.72136,57.38467,53.85165,52.55473,58.69412,53.23533,54.42426,55.65968,60.16644,61.35145,59.13544,59.90826,64.53681,54.81788,54.12947,53.60037,54.81788,57.27128,57.00877,62.514,57.28001,60.67125,56.4358,57.55867,57.72348,61.84658,55.7315,57.00877,54.34151,50.9902,53.85165,52.95281,50.01,52.81098,48.38388,48.33218,45.69464,46.23851,44.59821,46.09772,44.27189,37.58989,41.14608,36.67424,32.64966,36.61967,35.60899,38.47077,36.12478,28.23119,25.94224,26.62705,31.62278,29.20616,31.14482,32.80244,36.87818,45.27693,37.48333,43.27817,43.93177,49.57822,53.2635,51.97115,47.41308,55.75841,50.53712,50.56679,57.77543,53.16014,62.62587,50.92151,52.88667,59.46427,57.00877,57.00877,62.0967,50.01,62.93648,51.5461,58.18935,54.12947,55.36244,57.97413,52.20153,55.36244,56.30275,51.62364,56.36488,57.93962,55.47071,57.24509,53.85165,52.15362,50.0,50.24938,52.83938,53.25411,53.53504,50.21952,54.56189,55.21775,42.44997,54.6443,51.66237,53.07542
10.0,9.21954,9.89949,10.63015,9.89949,10.63015,9.89949,10.63015,9.89949,10.63015,11.31371,10.63015,10.63015,10.63015,9.89949,11.40175,10.63015,10.63015,10.0,10.0,10.0,10.81665,10.0,10.81665,11.40175,11.40175,10.81665,11.40175,11.40175,10.81665,10.0,10.0,10.0,9.21954,10.63015,9.89949,9.89949,9.21954,9.21954,8.48528,9.21954,8.60233,8.60233,7.81025,7.81025,7.2111,7.2111,7.2111,6.7082,6.7082,6.32456,6.32456,43.86342,49.98,56.30275,47.12749,53.75872,46.57252,49.16299,50.9902,51.78803,50.24938,53.15073,55.57877,59.68249,55.03635,55.08176,51.24451,61.03278,58.03447,50.03998,54.00926,61.0,56.14268,56.4358,56.0803,53.00943,56.00893,56.0803,58.13777,56.00893,57.21888,57.21888,53.03772,56.0,55.0,58.69412,54.14795,54.00926,50.08992,50.24938,51.0098,48.01042,49.0408,46.09772,47.16991,41.7732,45.39824,40.79216,39.62323,40.4475,37.0,37.94733,35.17101,34.20526,36.05551,34.0147,35.34119,34.48188,26.1725,22.09072,24.08319,28.16026,25.17936,30.59412,32.57299,35.4683,40.8534,41.4367,46.61545,43.46263,51.88449,46.64762,46.40043,51.85557,53.00943,54.56189,55.0,54.48853,51.62364,55.86591,55.86591,57.38467,58.89822,60.81118,55.17246,55.44367,54.08327,58.41233,54.81788,57.2014,56.0357,56.61272,57.2014,51.73973,54.45181,53.03772,51.66237,55.31727,54.45181,57.48913,52.49762,59.03389,55.44367,55.22681,56.40035,55.31727,51.86521,53.41348,48.41487,51.42956,52.00961,51.31277,54.91812,55.9017,52.92447
8.60233,8.94427,8.94427,9.43398,9.43398,9.43398,8.94427,8.94427,9.84886,9.84886,9.84886,10.77033,9.84886,9.84886,9.84886,10.44031,9.48683,9.48683,9.48683,9.48683,9.48683,9.48683,9.48683,10.44031,10.44031,10.44031,9.21954,10.44031,10.44031,9.21954,9.48683,9.48683,9.48683,8.544,8.544,8.544,8.94427,7.61577,7.61577,8.06226,7.61577,8.06226,7.2111,6.7082,6.7082,5.83095,5.83095,5.83095,6.40312,6.40312,5.65685,5.65685,53.15073,53.00943,54.33231,50.24938,51.35173,53.46027,48.50773,54.12024,52.17279,55.02727,51.92302,51.86521,59.77458,55.97321,59.20304,52.80152,60.74537,62.62587,60.40695,53.48832,60.74537,54.42426,57.27128,57.87055,57.58472,59.61543,54.12947,57.27128,56.46238,57.69749,53.31041,58.30952,55.36244,60.16644,56.85948,56.64804,57.77543,56.0803,51.5461,49.98,53.75872,46.09772,50.96077,51.1957,48.25971,44.91102,44.72136,47.51842,41.7732,38.20995,40.60788,36.34556,34.05877,35.0571,34.05877,35.01428,36.05551,26.57066,28.86174,26.24881,28.16026,32.28002,31.57531,35.22783,36.22154,41.0,38.0526,43.01163,42.04759,52.23983,51.47815,49.81967,50.0,57.00877,52.81098,61.68468,52.0,55.54278,63.50591,53.7122,56.0803,59.03389,58.18075,53.33854,56.35601,53.0,61.40033,51.10773,64.49806,58.60034,55.9017,54.56189,51.88449,50.56679,57.77543,57.69749,61.09828,60.53924,53.14132,55.54278,53.14132,53.85165,59.90826,60.72891,44.92215,58.24088,56.7186,55.10898,54.34151,52.39275,49.47727,55.9017,56.0803,52.46904
10.04988,10.04988,10.19804,11.04536,10.19804,10.19804,11.40175,10.44031,10.44031,10.19804,11.40175,11.40175,11.18034,10.44031,10.19804,11.7047,10.77033,10.77033,10.44031,10.44031,10.44031,10.77033,10.44031,10.77033,11.7047,10.77033,10.77033,11.7047,10.77033,10.77033,10.44031,10.77033,10.44031,9.48683,10.77033,10.44031,10.44031,9.21954,9.21954,8.24621,9.21954,9.21954,9.05539,8.24621,8.06226,8.06226,8.06226,7.0,7.0,7.0,7.07107,7.07107,53.41348,43.27817,53.15073,48.83646,47.80167,51.40039,48.25971,55.21775,45.22168,55.56978,54.70832,51.97115,57.24509,46.52956,59.5399,53.22593,66.7308,57.70615,54.91812,50.69517,56.46238,50.9902,59.48109,57.00877,55.4617,60.00833,49.64877,58.30952,52.7731,56.61272,47.75982,58.87274,52.0,59.61543,50.32892,57.24509,53.85165,52.39275,50.53712,49.64877,48.8467,46.52956,49.73932,48.02083,47.16991,40.70626,39.96248,38.94868,38.27532,35.8469,37.21559,35.35534,35.60899,32.52691,37.64306,32.55764,32.55764,26.1725,26.40076,24.83948,30.4795,27.58623,30.41381,33.24154,39.62323,39.69887,38.60052,45.22168,44.10215,47.43416,48.30114,53.48832,48.75449,57.27128,51.92302,56.30275,55.36244,53.36666,57.56735,51.97115,60.87693,58.54912,56.75385,54.45181,58.85576,51.47815,65.11528,51.1957,59.84146,57.70615,54.12024,55.7853,53.15073,51.5461,54.40588,51.66237,58.69412,61.98387,52.92447,60.53924,56.30275,53.45091,53.45091,53.66563,55.00909,50.53712,51.07837,55.00909,51.97115,58.83026,43.04649,55.22681,57.14018,51.73973
10.19804,10.04988,10.0,10.0,10.0,10.04988,11.0,10.0,10.0,10.04988,11.0,11.04536,11.04536,11.04536,11.04536,11.04536,10.04988,10.04988,10.19804,10.19804,11.04536,11.18034,10.04988,11.18034,11.18034,11.04536,11.18034,11.18034,11.18034,10.19804,10.04988,10.19804,10.19804,10.04988,9.05539,9.05539,10.0,9.05539,9.0,9.0,8.0,8.0,9.0,8.0,8.0,7.0,7.0,7.0,7.07107,7.07107,6.08276,6.32456,49.24429,46.52956,50.24938,51.85557,54.20332,43.27817,51.08816,51.22499,52.3259,46.66905,53.41348,53.8145,56.72742,53.07542,55.86591,58.79626,60.30755,55.9017,52.00961,53.90733,60.21628,58.00862,49.39636,52.47857,51.40039,56.0357,55.0,55.47071,53.74012,56.61272,53.41348,57.48913,49.0408,53.00943,49.40648,50.24938,51.86521,52.80152,50.9902,46.2277,45.34314,48.27007,48.83646,46.69047,41.72529,42.63801,39.05125,41.10961,38.41875,40.80441,32.80244,35.60899,34.82815,36.61967,37.21559,32.20248,32.69557,23.02173,26.24881,31.89044,29.69848,34.65545,31.40064,34.05877,38.8973,39.69887,44.10215,41.88078,44.41846,51.47815,50.69517,51.07837,51.26402,61.32699,56.30275,51.24451,58.18935,55.54278,60.20797,53.60037,57.55867,54.14795,58.69412,59.03389,60.29925,57.07889,61.03278,53.60037,59.68249,59.3043,55.31727,58.30952,57.07013,56.4358,58.69412,55.44367,61.0,55.7315,59.43904,55.7315,51.24451,54.34151,58.24088,61.68468,52.88667,53.48832,55.54278,59.20304,54.70832,55.97321,48.70318,55.15433,54.78138,51.0
9.21954,8.60233,9.43398,10.0,10.0,8.60233,9.43398,9.43398,9.43398,10.29563,10.81665,10.29563,10.81665,10.29563,9.43398,10.29563,9.84886,9.84886,10.29563,10.29563,10.29563,10.77033,8.94427,9.84886,10.29563,9.84886,9.84886,11.18034,9.84886,9.84886,9.43398,10.29563,8.94427,9.43398,8.94427,8.06226,9.43398,8.60233,8.60233,7.81025,7.81025,7.81025,7.81025,6.40312,6.40312,6.40312,6.40312,5.65685,6.40312,6.40312,5.83095,5.83095,50.01,47.51842,48.37355,43.41659,47.51842,50.48762,54.08327,55.36244,54.12024,56.29387,50.32892,55.02727,57.00877,52.0,52.20153,55.9464,61.98387,58.5235,55.4617,55.4617,60.37384,51.89412,56.82429,55.9464,53.23533,55.54278,53.66563,50.60632,55.97321,55.00909,50.15974,51.88449,48.75449,56.82429,48.76474,52.92447,55.4617,56.36488,54.08327,44.38468,46.17359,45.60702,49.0408,46.48656,45.60702,42.72002,44.92215,39.84972,38.32754,35.8469,38.32754,33.24154,35.73514,33.37664,37.05401,31.01612,30.41381,22.47221,26.0,27.73085,29.06888,27.313,31.32092,28.4605,34.78505,38.32754,39.01282,42.57934,46.38965,46.38965,49.09175,50.15974,48.25971,57.07889,47.85394,51.78803,43.73786,50.28916,59.22837,52.20153,57.87055,59.09315,57.87055,51.89412,55.15433,54.56189,61.03278,48.8467,60.00833,55.65968,54.78138,56.0803,52.81098,50.0,57.69749,52.81098,57.28001,56.61272,57.07013,57.00877,50.69517,51.62364,54.91812,55.9017,50.63596,55.9017,54.91812,53.15073,54.45181,54.45181,42.44997,61.66036,54.58938,48.09366
8.0,9.05539,9.05539,9.05539,9.05539,9.05539,9.21954,9.21954,9.05539,9.21954,10.19804,9.21954,10.19804,9.21954,9.21954,10.44031,9.48683,9.21954,9.48683,9.21954,9.21954,9.48683,8.24621,9.48683,9.48683,9.48683,9.48683,10.19804,10.44031,9.48683,9.21954,9.21954,9.21954,9.21954,8.06226,8.06226,9.05539,8.06226,8.06226,8.06226,7.0,7.0,7.0,7.0,7.0,6.0,6.08276,6.08276,6.08276,6.08276,6.32456,5.38516,47.53946,43.41659,47.85394,48.8774,46.32494,46.61545,45.45327,50.24938,44.04543,51.73973,50.0,49.49747,56.58622,48.10405,46.04346,54.48853,56.58622,55.17246,53.8145,50.24938,60.82763,48.79549,52.00961,50.24938,50.91169,54.48853,47.38143,53.15073,49.51767,56.0803,50.20956,56.58622,47.50789,51.62364,46.69047,50.93133,49.49747,48.10405,48.79549,47.38143,46.87217,46.04346,46.04346,42.63801,46.87217,41.04875,40.31129,41.04875,33.01515,35.51056,34.0,34.98571,34.4093,33.10589,31.62278,31.7805,33.73426,25.94224,22.02272,25.0,32.52691,28.3196,33.24154,30.4795,35.22783,38.20995,43.82921,41.18252,42.19005,49.64877,49.65884,48.8467,49.72927,53.31041,52.88667,53.45091,50.9902,53.60037,54.12947,51.15662,52.23983,58.42089,58.21512,56.0,59.13544,52.08647,61.52235,47.0,59.03389,53.03772,54.45181,57.00877,50.08992,50.24938,55.3263,54.45181,58.42089,58.13777,56.7186,59.5399,53.93515,52.61179,56.51548,49.49747,51.35173,52.20153,49.0408,50.9902,52.95281,55.7315,45.88028,54.12024,49.39636,49.76947
9.84886,9.84886,10.44031,10.77033,10.77033,10.77033,10.44031,10.44031,10.44031,10.44031,11.7047,11.40175,11.40175,11.40175,11.7047,11.18034,11.18034,10.19804,11.18034,11.18034,10.44031,11.18034,10.19804,11.18034,11.18034,11.18034,11.18034,11.40175,11.18034,11.04536,10.44031,10.44031,10.44031,10.44031,10.44031,10.44031,10.44031,9.48683,9.48683,8.544,8.94427,8.544,8.544,7.61577,7.61577,7.61577,8.06226,7.2111,7.2111,7.2111,6.40312,6.40312,54.00926,50.35871,52.49762,51.78803,47.85394,47.07441,50.96077,53.16014,47.16991,47.75982,53.48832,51.62364,54.23099,54.42426,48.75449,51.42956,58.18075,58.18075,53.7122,48.75449,60.41523,52.39275,53.23533,55.07268,51.89412,56.4358,54.58938,56.4358,54.12024,56.0803,54.58938,56.93856,51.88449,58.60034,48.02083,54.70832,49.64877,52.3259,46.17359,49.39636,48.10405,47.53946,47.16991,47.16991,44.27189,42.37924,44.14748,43.01163,40.5216,35.73514,33.54102,34.48188,34.36568,34.23449,33.24154,32.01562,34.0147,25.55386,24.35159,29.06888,33.54102,34.0147,34.78505,30.41381,34.20526,45.22168,41.23106,47.51842,45.12206,55.57877,54.03702,52.15362,50.35871,57.14018,58.0517,54.45181,56.56854,57.07013,61.84658,57.87055,61.84658,60.08328,58.69412,59.20304,59.23681,60.72891,65.78754,55.36244,65.9242,60.44005,59.13544,60.92618,57.00877,55.31727,61.13101,57.56735,63.60031,62.64184,57.56735,57.24509,57.28001,56.29387,61.13101,57.27128,53.33854,55.3263,59.5399,54.58938,57.07889,58.54912,45.17743,56.0803,56.32051,50.0
8.60233,8.48528,9.21954,9.21954,9.89949,8.48528,9.21954,9.21954,9.21954,9.89949,9.89949,9.21954,9.89949,9.89949,9.21954,10.81665,9.43398,10.0,8.60233,10.0,9.21954,10.0,9.21954,10.0,10.0,10.0,9.43398,10.0,10.0,9.43398,8.60233,9.21954,8.60233,8.60233,8.60233,9.21954,8.48528,8.48528,8.48528,7.81025,7.07107,7.07107,7.81025,6.40312,6.40312,5.65685,6.40312,6.40312,5.83095,5.83095,5.38516,5.38516,49.47727,48.76474,49.0,46.09772,50.01,53.0,49.0102,54.08327,51.08816,49.0,49.25444,53.08484,55.3263,52.61179,54.23099,58.24946,60.29925,59.43904,55.7315,56.7186,63.56099,55.7315,50.9902,56.04463,51.66237,55.10898,56.88585,60.72891,57.27128,59.90826,55.54278,53.85165,54.34151,57.97413,49.33559,52.39275,54.57105,50.21952,49.64877,47.85394,46.69047,50.35871,44.40721,45.17743,48.37355,46.09772,44.18144,42.10701,39.0,37.01351,38.0,36.05551,36.12478,35.35534,36.34556,33.54102,31.7805,28.44293,27.45906,26.30589,28.28427,28.0,35.12834,34.0,36.12478,41.7732,44.40721,43.32436,42.2019,52.63079,52.20153,47.53946,45.88028,55.03635,52.3259,57.24509,55.4617,57.70615,59.48109,61.85467,59.07622,59.40539,60.90156,54.03702,60.959,56.63921,65.0,52.63079,58.72819,57.2014,52.80152,61.07373,54.67175,54.20332,59.03389,55.21775,58.82176,62.42596,55.47071,58.24946,57.80138,56.4358,56.30275,53.33854,55.56978,55.47071,54.12024,49.64877,50.56679,59.16925,48.33218,56.0803,56.0803,52.20153
9.89949,9.21954,10.0,10.0,10.0,9.21954,10.0,10.0,10.81665,10.29563,10.81665,10.81665,10.81665,10.29563,10.29563,11.6619,10.29563,10.29563,9.84886,10.29563,10.29563,10.77033,10.29563,10.77033,11.18034,10.77033,10.77033,11.18034,10.77033,10.77033,8.94427,9.84886,9.84886,9.84886,10.29563,9.43398,9.43398,9.43398,8.94427,8.60233,8.60233,8.60233,8.06226,7.2111,7.2111,7.2111,7.2111,6.40312,6.40312,6.40312,6.40312,6.40312,48.46648,44.92215,47.75982,47.43416,46.09772,52.63079,48.05206,53.93515,46.04346,51.35173,55.14526,50.08992,55.00909,59.13544,52.08647,52.00961,60.0,58.00862,56.0357,52.0,64.12488,54.00926,53.33854,57.00877,51.0098,56.32051,52.03845,57.42822,56.00893,55.22681,53.00943,57.03508,50.03998,57.00877,51.78803,52.08647,53.03772,51.0098,51.0098,52.03845,48.0,52.61179,45.39824,47.26521,46.69047,37.12142,47.07441,39.31921,37.10795,37.48333,38.83298,36.34556,33.13608,32.69557,31.7805,37.64306,33.61547,27.65863,30.01666,24.08319,32.01562,31.01612,35.35534,32.24903,33.54102,42.2019,44.27189,39.92493,48.70318,50.59644,51.07837,46.52956,53.0,57.80138,53.2635,55.0,54.40588,57.2014,62.482,55.9017,61.55485,60.82763,57.48913,56.58622,59.39697,54.20332,63.78087,52.49762,56.85068,52.63079,55.86591,59.03389,58.69412,56.63921,58.0517,55.22681,58.13777,57.38467,58.60034,55.0,58.00862,53.25411,59.81639,55.44367,50.21952,53.60037,56.30275,56.0803,53.33854,59.5399,48.82622,56.93856,57.68882,48.30114
9.84886,10.44031,10.44031,10.44031,10.44031,10.44031,10.19804,10.19804,10.19804,10.19804,11.40175,11.18034,11.18034,11.18034,11.18034,12.04159,11.04536,11.04536,10.04988,11.04536,10.19804,11.04536,10.04988,11.04536,11.04536,11.04536,11.04536,11.04536,11.04536,11.0,10.04988,10.04988,10.04988,10.04988,10.04988,10.04988,10.19804,9.21954,9.21954,8.24621,8.24621,8.24621,8.24621,8.24621,8.24621,7.28011,7.61577,7.61577,7.61577,6.7082,6.7082,6.7082,44.28318,50.69517,52.39275,46.61545,46.48656,44.28318,48.30114,53.23533,50.53712,49.64877,50.80354,49.20366,50.24938,52.69725,52.83938,55.21775,58.60034,59.64059,55.21775,55.0,56.22277,50.21952,50.44799,57.42822,54.67175,56.72742,48.60041,56.22277,51.40039,50.20956,51.66237,53.2635,54.81788,56.40035,53.07542,52.80152,54.81788,54.48853,51.62364,44.82187,49.81967,49.09175,48.60041,46.32494,42.94182,50.53712,36.89173,42.95346,39.44617,38.48376,37.57659,34.48188,35.35534,31.01612,35.17101,33.73426,30.26549,26.07681,26.07681,28.17801,33.61547,32.64966,33.83785,34.53983,36.24914,40.80441,40.60788,44.91102,44.38468,50.80354,51.24451,48.04165,56.0357,57.00877,55.22681,55.22681,55.08176,58.54912,62.64982,56.29387,65.30697,60.87693,59.68249,58.82176,57.00877,58.24088,59.03389,52.81098,60.08328,56.51548,55.9017,60.44005,56.75385,58.24946,60.41523,54.12947,58.54912,60.40695,60.07495,53.75872,56.4358,54.08327,58.07753,50.03998,52.08647,51.08816,51.0392,52.0,57.03508,54.08327,54.00926,57.03508,54.45181,52.7731
10.0,10.0,10.63015,11.40175,10.63015,10.0,10.63015,10.63015,10.63015,11.31371,10.63015,11.31371,11.31371,11.31371,11.31371,12.04159,11.31371,11.31371,11.31371,11.31371,11.31371,11.31371,9.89949,11.40175,12.04159,11.40175,10.63015,11.31371,12.04159,10.63015,10.63015,11.31371,10.63015,10.63015,10.63015,9.89949,10.63015,10.0,10.0,10.0,8.60233,9.43398,8.60233,8.60233,8.60233,7.2111,8.06226,8.06226,7.61577,7.61577,7.61577,7.28011,44.04543,52.40229,49.64877,46.32494,48.37355,48.02083,50.9902,50.08992,49.65884,45.18849,48.10405,49.39636,57.24509,54.12947,49.65884,52.81098,61.46544,58.5235,54.40588,51.26402,55.15433,50.96077,53.60037,53.85165,50.28916,56.921,53.45091,55.36244,55.08176,56.29387,51.92302,54.08327,53.48832,55.7853,46.17359,50.56679,53.16014,55.36244,49.39636,50.28916,48.8467,42.04759,47.50789,47.01064,43.82921,43.04649,41.67733,41.18252,38.83298,38.27532,37.20215,37.80212,33.6006,32.01562,34.82815,31.82766,32.44996,29.83287,24.73863,24.35159,30.36445,32.31099,32.20248,34.88553,37.12142,41.62932,44.28318,42.72002,43.27817,52.69725,50.9902,50.60632,50.24938,54.45181,49.0408,54.56189,49.57822,54.67175,60.80296,50.11986,57.68882,58.66856,59.07622,58.69412,56.82429,55.47071,57.3062,48.76474,57.70615,56.0803,53.33854,55.9464,55.00909,52.47857,56.0803,57.3062,58.82176,60.20797,55.60576,53.0,58.0517,53.82379,54.08327,52.80152,50.9902,55.97321,50.80354,54.20332,55.9017,59.20304,48.79549,53.75872,53.75872,53.75872
9.0,9.05539,9.05539,9.05539,9.05539,9.05539,9.21954,9.05539,9.21954,9.21954,10.19804,10.19804,9.21954,9.21954,9.21954,10.44031,9.48683,9.21954,9.48683,9.48683,9.48683,9.48683,9.21954,9.84886,9.48683,9.48683,9.48683,9.48683,9.84886,9.48683,8.544,9.48683,9.48683,9.48683,8.544,8.24621,9.21954,8.24621,8.06226,8.24621,7.07107,8.06226,8.06226,6.08276,7.07107,6.08276,6.0,6.0,6.0,6.0,6.08276,5.09902,48.83646,46.09772,47.20169,50.20956,52.20153,50.47772,44.41846,52.83938,53.0,50.60632,53.25411,51.10773,55.9464,55.56978,60.41523,59.94164,58.13777,55.36244,54.56189,57.69749,63.89053,55.47071,53.75872,55.9464,54.78138,55.54278,55.4617,60.72891,54.78138,57.28001,59.46427,55.03635,52.55473,59.23681,53.48832,54.23099,53.48832,52.55473,51.88449,47.92703,52.39275,53.23533,44.72136,45.18849,45.31004,46.52956,46.32494,46.06517,41.10961,40.81666,41.04875,38.60052,37.20215,36.89173,35.4683,36.76955,30.80584,23.02173,20.80865,28.17801,28.84441,31.89044,31.89044,33.97058,36.06938,40.31129,41.23106,35.35534,50.47772,51.0392,48.8774,52.3259,50.9902,53.33854,49.65884,50.53712,52.92447,53.45091,58.30952,53.14132,56.61272,57.48913,55.65968,56.56854,55.54278,58.42089,61.39218,56.29387,60.44005,56.75385,52.88667,55.31727,55.7853,54.81788,57.87055,53.75872,57.77543,53.7122,59.80803,57.00877,49.76947,55.54278,64.2573,55.15433,55.03635,48.33218,56.0803,54.58938,54.70832,51.89412,48.8774,55.47071,46.8615,49.92995
9.84886,9.84886,9.84886,10.77033,9.84886,10.77033,10.77033,10.44031,10.44031,10.44031,11.7047,11.40175,11.40175,10.44031,10.44031,11.40175,11.18034,10.44031,11.18034,10.44031,10.44031,10.19804,10.19804,11.18034,11.18034,11.18034,10.19804,11.18034,11.18034,10.19804,10.44031,10.44031,10.19804,10.44031,9.21954,9.48683,10.44031,9.48683,9.48683,8.544,8.544,8.544,8.544,8.544,7.61577,7.61577,7.61577,6.7082,7.2111,7.2111,7.2111,6.40312,45.01111,48.25971,52.15362,48.01042,47.67599,45.09989,50.24938,51.62364,50.9902,53.46027,55.57877,52.17279,56.29387,57.00877,51.66237,59.77458,59.20304,58.24088,54.12947,56.32051,63.24555,55.97321,56.64804,58.87274,52.88667,53.85165,50.15974,58.69412,58.46366,60.53924,48.70318,54.70832,57.28001,54.08327,49.76947,52.39275,57.58472,54.08327,53.36666,44.38468,47.75982,48.27007,49.64877,48.05206,45.70558,47.67599,41.30375,45.39824,38.0526,41.01219,38.32754,36.34556,36.49658,35.01428,34.05877,30.0,32.55764,26.30589,27.29469,27.29469,31.7805,31.14482,39.01282,34.1321,40.11234,38.0526,44.04543,40.11234,41.19466,52.23983,48.6621,49.64877,51.41984,58.94065,48.8467,51.26402,59.48109,57.14018,56.79789,56.4358,62.17717,59.90826,58.18075,54.91812,58.83026,57.3062,62.1289,49.92995,57.42822,60.53924,54.70832,58.30952,54.6443,49.64877,55.4617,55.4617,57.70615,53.85165,56.64804,56.36488,56.36488,50.59644,56.51548,52.20153,51.86521,55.65968,51.62364,54.08327,51.66237,56.32051,49.0408,56.30275,52.95281,49.47727
9.05539,9.0,9.05539,10.0,10.0,10.0,10.04988,10.04988,10.04988,10.04988,11.04536,10.04988,10.04988,10.19804,10.04988,11.18034,10.19804,9.05539,10.19804,10.19804,10.19804,10.19804,9.05539,10.44031,10.19804,10.44031,10.44031,10.19804,11.40175,9.48683,10.19804,10.19804,10.19804,9.21954,9.21954,9.05539,9.05539,9.05539,9.05539,9.05539,8.0,8.0,8.0,8.0,7.0,7.0,7.07107,7.07107,6.08276,6.08276,6.32456,6.32456,49.72927,47.75982,52.80152,51.26402,44.94441,52.92447,44.65423,54.6443,49.92995,53.33854,53.41348,53.90733,59.36329,50.32892,56.61272,56.63921,60.81118,55.17246,55.9017,52.40229,65.11528,53.8145,57.48913,54.45181,52.3259,56.0803,52.40229,55.97321,58.72819,58.0517,55.86591,57.31492,48.79549,62.28965,48.79549,57.31492,54.67175,57.31492,52.49762,48.41487,48.08326,52.43091,50.32892,48.16638,45.80393,46.32494,44.94441,40.60788,45.27693,38.47077,38.01316,34.88553,33.83785,32.31099,36.24914,36.24914,37.36308,24.69818,26.62705,21.26029,28.84441,25.4951,32.69557,32.31099,33.52611,36.67424,38.32754,42.44997,43.93177,50.44799,47.38143,50.03998,47.16991,57.03508,44.01136,50.0,51.24451,53.60037,55.10898,50.48762,53.75872,53.93515,58.07753,55.57877,55.08176,50.44799,58.0517,41.59327,57.00877,55.31727,51.62364,56.04463,53.60037,43.93177,56.14268,49.0102,54.0,57.07889,51.0392,56.00893,51.0,54.0,62.07254,52.03845,48.0,46.01087,52.08647,52.23983,47.67599,52.0,49.25444,51.35173,52.95281,43.73786
10.0,10.0,10.81665,10.81665,10.81665,10.81665,11.6619,11.6619,11.6619,11.18034,11.6619,11.6619,11.6619,11.6619,11.6619,12.08305,11.18034,11.18034,10.77033,11.18034,11.18034,12.08305,11.18034,12.08305,12.08305,11.7047,11.7047,12.08305,12.08305,10.77033,11.18034,11.18034,11.18034,11.18034,11.18034,10.29563,10.81665,10.81665,9.43398,9.43398,9.43398,9.43398,8.60233,8.60233,8.60233,8.60233,7.81025,7.81025,7.81025,8.48528,7.81025,7.2111,50.01,49.25444,49.47727,49.33559,50.44799,49.98,49.0408,54.626,53.31041,50.9902,55.36244,52.92447,57.93962,58.30952,54.56189,55.07268,62.17717,58.83026,53.22593,61.77378,59.90826,56.0803,58.00862,53.33854,54.12947,57.24509,51.62364,59.90826,55.56978,58.82176,55.75841,51.62364,57.45433,61.77378,51.40039,54.70832,58.66856,55.9464,59.48109,50.60632,54.58938,55.03635,50.32892,51.07837,44.92215,45.61798,42.72002,44.38468,37.0,37.94733,38.8973,37.94733,38.07887,33.73426,38.63936,37.33631,34.0,21.47091,25.07987,27.51363,28.23119,31.95309,28.63564,36.67424,35.51056,40.79216,43.18565,42.10701,43.73786,50.24938,50.01,50.35871,49.81967,52.00961,51.66237,49.81967,57.07013,56.29387,56.921,55.7853,56.75385,57.00877,57.28001,51.89412,54.12947,57.24509,59.20304,55.02727,58.5235,57.77543,54.08327,55.36244,55.36244,48.38388,57.27128,55.31727,55.08176,59.66574,56.51548,55.9017,56.08921,53.60037,53.00943,48.27007,55.3263,52.34501,55.9017,55.14526,52.0,56.32051,49.16299,54.00926,57.03508,53.08484
10.19804,10.04988,11.0,11.04536,11.04536,10.04988,11.0,11.0,11.0,12.0,12.0,12.04159,12.0,12.04159,11.0,13.0384,11.04536,11.04536,11.04536,11.04536,11.04536,12.16553,11.04536,12.16553,12.16553,12.16553,11.18034,12.16553,12.16553,12.16553,11.04536,11.04536,11.18034,11.04536,11.04536,11.04536,11.0,10.0,10.04988,10.0,10.0,9.0,10.0,9.0,8.0,8.0,8.06226,8.06226,8.06226,8.06226,7.28011,7.28011,46.84015,49.72927,53.66563,50.32892,55.47071,52.7731,54.70832,55.21775,50.77401,53.85165,54.40588,55.75841,55.80323,62.80127,50.44799,61.6198,61.7171,59.4138,54.20332,59.66574,68.62215,58.83026,52.34501,57.28001,59.5483,60.81118,58.0,60.30755,60.1415,65.11528,59.4138,61.55485,58.69412,56.58622,55.9017,55.22681,55.15433,57.31492,56.63921,56.85068,54.45181,55.21775,52.00961,54.40588,47.80167,47.70744,46.14109,46.87217,44.10215,43.38202,39.96248,40.22437,43.82921,40.31129,37.58989,36.68787,32.89377,29.41088,27.20294,27.20294,24.41311,34.48188,33.83785,34.17601,40.79216,42.44997,41.23106,44.40721,47.51842,52.39275,49.36598,48.01042,52.00961,55.03635,52.00961,53.15073,54.58938,55.44367,56.08921,58.24946,55.44367,54.57105,62.28965,52.95281,54.34151,53.60037,55.9017,49.25444,53.15073,50.96077,53.60037,56.08921,56.51548,56.14268,55.57877,56.7186,59.13544,55.44367,58.21512,59.0,61.0,55.03635,57.14018,51.0098,51.0098,56.22277,56.4358,54.33231,54.45181,58.42089,49.0408,56.51548,48.27007,54.91812
9.84886,9.43398,9.43398,10.29563,10.29563,9.43398,10.81665,10.81665,10.81665,10.0,10.81665,11.40175,10.81665,11.40175,10.0,11.40175,10.63015,11.40175,10.63015,10.63015,10.0,10.63015,10.63015,10.63015,10.63015,10.63015,10.63015,11.40175,10.63015,11.31371,10.0,10.0,10.0,10.0,10.0,10.0,10.81665,9.43398,9.43398,9.43398,8.94427,8.94427,8.94427,7.61577,7.61577,7.61577,7.61577,7.28011,7.28011,7.28011,7.07107,7.07107,48.54894,46.32494,49.64877,50.15974,53.7122,52.55473,50.69517,54.08327,48.46648,52.49762,57.56735,53.60037,61.13101,50.96077,54.40588,59.84146,64.7611,62.36986,63.78871,57.28001,62.58594,57.07013,53.33854,56.75385,55.54278,61.61169,53.15073,56.88585,58.69412,66.37017,59.5399,62.96825,52.63079,62.0967,55.22681,53.75872,53.93515,54.58938,53.85165,56.29387,46.09772,53.45091,51.24451,50.28916,50.15974,46.61545,47.92703,43.38202,46.51881,40.31129,43.08132,40.71855,36.23534,34.66987,33.83785,42.0119,35.0,25.07987,23.25941,22.80351,24.59675,26.0,29.73214,30.41381,33.61547,36.40055,37.21559,38.60052,46.87217,46.04346,50.91169,50.24938,42.63801,51.08816,46.40043,48.27007,52.15362,51.40039,56.60389,49.92995,51.86521,53.7122,53.82379,54.70832,58.30952,49.24429,53.66563,49.24429,52.3259,52.80152,53.85165,51.47815,54.91812,47.43416,58.41233,51.40039,56.40035,60.0,51.22499,54.03702,50.77401,56.40035,53.74012,52.40229,53.75872,53.8145,50.44799,57.31492,54.03702,59.39697,39.69887,55.9017,58.0,47.38143
10.0,9.43398,10.29563,10.81665,10.29563,10.29563,11.18034,11.18034,11.18034,10.77033,11.18034,12.08305,12.08305,11.18034,11.18034,12.08305,11.7047,10.77033,10.77033,11.7047,10.77033,11.7047,10.77033,11.7047,11.7047,11.7047,11.7047,11.7047,11.7047,11.7047,10.77033,11.7047,10.77033,10.77033,10.77033,9.84886,11.18034,9.84886,9.84886,8.94427,8.94427,9.43398,8.94427,8.06226,8.06226,8.06226,7.2111,7.2111,7.2111,7.2111,7.07107,7.07107,48.01042,48.01042,52.61179,49.0408,52.39275,45.88028,50.69517,52.49762,48.50773,57.58472,60.83584,62.16912,59.09315,57.58472,56.30275,58.13777,62.76942,54.626,61.32699,58.30952,64.00781,58.69412,59.48109,58.30952,54.23099,56.79789,58.59181,63.63175,58.60034,62.68174,59.5399,60.20797,54.626,61.40033,58.30952,57.3062,59.5399,54.08327,53.22593,53.66563,54.56189,57.00877,55.97321,48.46648,52.20153,50.28916,49.64877,48.38388,43.17407,42.37924,41.76123,43.73786,38.60052,43.28972,41.19466,36.12478,35.12834,18.43909,24.08319,26.30589,30.01666,28.44293,34.0147,30.59412,35.0,39.0,39.31921,43.73786,42.75512,45.35416,43.32436,46.48656,47.75982,52.20153,48.76474,48.8467,46.8188,54.626,49.1935,50.9902,50.60632,52.69725,51.42956,50.47772,53.0,50.60632,57.80138,48.30114,52.35456,52.3259,49.1935,55.00909,53.66563,52.3259,56.85948,55.15433,54.78138,55.15433,55.36244,56.61272,50.69517,54.81788,60.16644,53.36666,52.34501,53.93515,50.01,51.66237,52.7731,60.20797,48.37355,54.58938,55.00909,45.04442
10.0,10.0,9.21954,10.63015,10.0,10.63015,10.63015,10.63015,10.63015,9.89949,11.31371,11.31371,11.31371,11.31371,11.31371,12.04159,10.63015,10.63015,10.63015,10.63015,9.89949,10.63015,10.63015,11.40175,11.40175,11.40175,11.40175,10.63015,11.40175,11.40175,10.63015,11.31371,9.89949,9.89949,10.63015,9.89949,9.89949,9.89949,9.21954,9.21954,8.60233,9.21954,7.81025,7.81025,7.81025,7.2111,7.2111,7.2111,7.2111,7.2111,6.7082,6.32456,52.49762,52.00961,52.35456,47.16991,50.69517,52.7731,51.0,55.9464,51.62364,52.39275,55.36244,58.82176,58.87274,58.30952,55.02727,58.94065,62.36185,57.00877,56.61272,57.97413,61.39218,63.78871,55.7315,57.07013,53.85165,62.58594,56.51548,56.32051,57.97413,62.96825,56.08921,57.00877,56.61272,55.9017,54.33231,53.85165,54.12947,56.7186,52.49762,50.28916,52.49762,52.81098,50.15974,48.08326,47.16991,47.12749,44.59821,43.46263,39.81206,38.62642,41.4367,37.57659,39.35734,37.73592,37.01351,35.51056,36.87818,26.62705,26.83282,27.45906,26.41969,29.06888,32.80244,29.20616,35.4683,43.18565,38.18377,44.59821,41.72529,48.27007,49.40648,49.92995,47.01064,57.14018,50.56679,54.12947,50.9902,52.49762,56.46238,53.31041,51.47815,55.02727,54.626,51.66237,56.30275,53.85165,56.64804,48.38388,51.24451,53.48832,49.76947,54.42426,53.7122,53.7122,51.89412,49.65884,56.82429,54.12947,56.30275,52.83938,52.35456,51.88449,50.32892,51.40039,51.31277,53.90733,48.82622,50.0,48.9183,52.00961,42.44997,53.75872,43.18565,49.51767
10.77033,9.84886,10.29563,10.77033,10.77033,11.18034,11.18034,10.29563,11.18034,10.29563,11.6619,11.6619,11.18034,10.29563,11.18034,12.20656,10.81665,10.81665,10.81665,10.81665,10.29563,10.81665,10.81665,10.81665,10.81665,11.40175,11.40175,10.81665,10.81665,11.40175,9.43398,10.81665,10.81665,9.43398,10.29563,9.43398,10.29563,8.94427,8.94427,8.94427,8.94427,8.94427,8.544,7.61577,8.544,7.61577,7.28011,7.28011,7.28011,7.28011,7.07107,7.07107,51.62364,51.62364,49.64877,50.32892,54.626,47.53946,56.61272,53.75872,55.54278,55.36244,55.10898,54.57105,61.0,57.28001,54.70832,51.78803,60.44005,60.20797,55.31727,56.75385,60.40695,59.03389,53.75872,53.75872,54.74486,56.7186,53.23533,58.54912,54.12947,63.1981,51.62364,55.3263,56.32051,60.67125,55.03635,47.12749,52.39275,50.63596,52.63079,48.83646,51.92302,50.28916,47.53946,48.27007,46.23851,44.92215,44.01136,45.31004,36.40055,38.27532,41.23106,37.58989,35.8469,35.80503,30.80584,33.83785,33.94113,27.20294,26.4764,26.92582,29.52965,33.61547,35.8469,35.34119,36.89173,42.43819,45.80393,46.09772,47.50789,53.75872,50.32892,52.3259,54.45181,53.75872,57.00877,55.0,55.47071,54.58938,64.00781,61.29437,59.16925,60.37384,58.66856,55.47071,56.35601,58.13777,57.3062,51.97115,57.69749,57.27128,55.47071,58.18075,52.47857,54.6443,58.83026,56.30275,59.64059,53.53504,57.62812,53.2635,53.82379,52.80152,53.8145,55.97321,55.22681,55.86591,56.63921,56.63921,54.67175,52.40229,49.67897,60.30755,49.67897,47.63402
8.94427,9.43398,9.43398,10.29563,9.43398,9.43398,10.81665,9.43398,10.29563,10.0,10.81665,10.81665,10.81665,10.0,9.43398,11.40175,10.63015,10.0,10.0,10.0,10.0,10.0,10.0,10.63015,10.63015,10.63015,10.63015,10.63015,10.63015,10.63015,10.0,10.0,10.0,10.0,10.0,9.43398,9.43398,9.43398,8.06226,8.06226,8.94427,8.94427,7.61577,7.61577,7.61577,7.61577,7.61577,6.7082,6.32456,6.32456,6.08276,6.08276,51.86521,47.16991,51.89412,43.82921,52.0,47.41308,52.20153,54.70832,45.12206,46.57252,52.39275,50.69517,56.61272,51.41984,56.04463,55.57877,58.0517,58.0517,52.39275,56.29387,59.3043,54.91812,53.33854,53.16014,52.17279,53.60037,51.47815,53.15073,55.7315,55.08176,57.31492,60.07495,56.29387,55.7315,50.24938,47.85394,55.9017,51.62364,48.05206,51.1957,51.1957,51.1957,49.0408,48.38388,48.38388,48.08326,44.38468,49.24429,41.10961,39.81206,41.23106,38.07887,37.33631,37.44329,36.05551,34.4093,34.4093,26.92582,29.73214,26.30589,32.20248,30.88689,33.12099,34.1321,38.27532,41.88078,41.40048,44.68781,45.34314,52.3259,50.20956,50.60632,51.86521,50.44799,54.3783,53.82379,53.66563,55.9464,57.24509,52.35456,54.12947,53.22593,57.80138,52.39275,55.54278,56.0803,54.23099,48.76474,53.7122,49.39636,50.9902,52.0,53.33854,51.62364,52.69725,49.09175,50.47772,48.54894,49.40648,52.69725,50.24938,46.2277,54.03702,50.60632,48.27007,48.08326,52.34501,41.01219,46.2277,53.03772,45.34314,49.64877,47.20169,45.27693
8.544,8.94427,8.94427,9.84886,8.94427,8.94427,9.43398,9.43398,9.43398,9.43398,10.29563,10.81665,10.29563,10.0,9.43398,10.81665,10.0,8.60233,10.0,10.0,10.0,10.0,8.60233,10.63015,10.63015,10.63015,9.89949,10.63015,10.63015,9.89949,9.21954,9.21954,9.21954,9.21954,9.21954,8.60233,9.43398,8.60233,8.60233,8.60233,8.06226,8.06226,8.06226,7.2111,6.7082,6.7082,6.7082,6.7082,6.32456,6.32456,6.08276,6.08276,50.44799,46.09772,50.77401,45.65085,47.16991,47.50789,48.33218,52.92447,49.0408,50.15974,52.88667,49.64877,55.54278,52.39275,49.65884,56.61272,57.28001,58.18935,54.40588,54.40588,63.78871,54.08327,54.34151,55.57877,54.12947,58.24946,55.9017,57.55867,53.15073,52.61179,52.39275,59.43904,53.33854,58.85576,49.49747,54.12947,53.15073,52.46904,53.85165,47.29693,50.80354,50.96077,49.33559,50.21952,46.84015,47.53946,45.54119,42.72002,39.21734,38.8973,40.16217,36.67424,38.62642,33.61547,36.61967,34.98571,36.06938,25.23886,29.06888,25.4951,32.80244,29.0,32.01562,35.38361,35.0,43.82921,43.01163,41.04875,44.41846,50.53712,48.76474,47.92703,50.69517,54.12947,53.16014,52.88667,55.65968,50.59644,57.28001,52.7731,54.57105,52.23983,56.921,59.3043,53.46027,48.6621,56.56854,46.09772,57.27128,55.54278,49.47727,54.74486,52.63079,47.85394,50.0,46.48656,53.48832,52.0,51.47815,50.9902,51.42956,49.39636,44.94441,48.01042,47.88528,46.32494,51.40039,44.65423,48.82622,50.47772,42.0119,46.75468,50.20956,43.86342
8.60233,9.43398,8.94427,9.43398,8.94427,9.43398,9.84886,9.84886,9.84886,9.48683,9.84886,10.77033,9.84886,9.48683,9.84886,10.44031,10.44031,9.48683,9.48683,9.48683,9.48683,9.48683,9.48683,10.19804,9.21954,10.44031,9.21954,10.19804,10.19804,10.19804,9.21954,9.21954,9.21954,9.21954,9.48683,8.544,9.48683,8.544,8.544,8.544,7.61577,7.61577,7.61577,7.61577,6.7082,6.7082,7.2111,7.2111,6.40312,6.40312,6.40312,5.65685,45.01111,45.39824,44.91102,47.38143,50.44799,44.14748,49.64877,46.17359,50.69517,48.70318,48.10405,47.85394,56.0803,52.92447,51.26402,53.23533,51.62364,49.65884,52.20153,53.66563,57.3062,55.47071,47.70744,49.24429,50.60632,51.47815,57.70615,51.86521,51.89412,57.68882,56.93856,53.85165,47.50789,46.64762,54.6443,47.88528,54.08327,56.61272,54.58938,48.8774,51.62364,49.65884,49.76947,47.42362,42.72002,49.98,38.27532,39.39543,36.40055,37.0,38.07887,36.76955,36.05551,36.87818,32.24903,34.36568,33.06055,29.15476,31.40064,30.59412,33.0,35.01428,33.24154,39.0,42.42641,45.27693,43.73786,50.69517,49.64877,51.1957,53.85165,49.24429,55.03635,56.85948,55.07268,52.80152,55.9464,55.4617,55.07268,58.5235,55.75841,59.64059,59.64059,58.00862,58.00862,57.00877,61.03278,52.43091,54.03702,54.08327,49.92995,55.75841,54.58938,52.69725,56.30275,48.37355,56.93856,52.7731,54.23099,49.76947,57.38467,47.16991,45.88028,51.07837,56.04463,47.29693,54.78138,45.35416,47.12749,49.98,49.0306,49.0306,44.14748,39.62323
9.48683,9.21954,10.04988,10.19804,10.19804,10.19804,10.19804,10.19804,10.19804,10.04988,11.18034,11.04536,11.04536,11.04536,10.04988,11.04536,11.04536,10.04988,10.0,10.04988,10.04988,11.0,10.04988,11.0,11.0,11.0,11.0,11.0,11.0,10.0,10.0,10.04988,10.0,10.04988,10.04988,10.04988,10.04988,9.05539,9.05539,9.05539,8.24621,9.21954,8.24621,8.24621,8.24621,7.28011,7.28011,7.28011,7.28011,6.7082,6.7082,5.83095,45.27693,46.52956,44.38468,47.85394,48.76474,49.64877,51.5461,50.69517,47.42362,52.92447,49.39636,53.66563,55.75841,53.7122,58.18935,54.12947,55.4617,54.58938,54.12947,54.58938,59.36329,51.0,51.31277,53.66563,55.4617,60.41523,54.20332,55.21775,50.60632,56.0357,51.62364,55.9017,51.47815,55.07268,51.31277,51.88449,47.41308,52.35456,50.32892,49.73932,52.39275,48.46648,46.8188,43.32436,42.37924,47.12749,40.80441,41.76123,40.26164,38.07887,35.69314,37.10795,33.73426,37.85499,34.0147,31.01612,33.24154,30.01666,33.10589,33.12099,34.0147,34.53983,38.27532,44.59821,39.29377,46.57252,44.91102,47.67599,48.83646,54.33231,57.14018,53.03772,53.03772,60.13319,56.56854,56.56854,52.7731,62.0967,60.41523,60.72891,59.20304,59.13544,59.90826,58.87274,57.93962,56.85948,57.28001,51.5461,56.64804,55.02727,51.92302,56.921,56.61272,54.626,59.66574,53.36666,61.0,55.36244,54.81788,53.15073,51.41984,51.35173,50.01,52.7731,50.63596,47.01064,53.00943,52.08647,51.08816,56.22277,46.17359,52.0,51.35173,45.01111
7.81025,8.48528,9.21954,9.89949,9.21954,8.48528,9.21954,9.21954,9.21954,10.0,10.0,10.0,10.0,10.0,9.21954,10.81665,9.43398,9.43398,9.43398,9.43398,9.43398,9.43398,8.60233,10.29563,10.29563,10.29563,8.94427,10.29563,10.29563,8.94427,9.43398,9.43398,9.43398,9.43398,8.06226,8.60233,8.60233,8.60233,7.81025,7.81025,7.81025,7.81025,7.81025,7.07107,7.07107,6.40312,7.07107,6.40312,6.40312,5.83095,5.83095,5.83095,47.88528,41.23106,45.89118,47.07441,50.35871,45.12206,49.49747,52.34501,45.39824,55.3263,52.15362,53.46027,57.31492,52.23983,51.0392,52.03845,59.00847,59.03389,53.0,53.23533,60.07495,53.08484,54.08327,51.08816,51.0098,57.07889,51.0392,50.63596,52.15362,52.23983,57.21888,54.33231,52.08647,56.56854,43.56604,53.33854,50.15974,47.38143,54.03702,49.09175,49.16299,47.0,46.04346,46.01087,45.09989,41.04875,48.09366,43.04649,39.05125,35.22783,36.34556,36.12478,33.73426,32.98485,39.05125,31.40064,32.64966,27.29469,33.95585,25.31798,34.20526,29.15476,35.35534,38.62642,41.18252,47.85394,47.01064,48.76474,49.73932,53.0,52.80152,52.40229,48.9183,58.69412,53.75872,57.28001,54.67175,56.61272,61.7171,51.86521,58.82176,56.0357,60.0,53.25411,57.14018,53.23533,58.83026,46.87217,60.53924,57.68882,52.00961,56.61272,50.44799,52.63079,56.0803,51.85557,56.56854,55.44367,52.49762,56.61272,51.73973,50.91169,49.64877,47.38143,51.08816,51.40039,48.10405,50.0,48.27007,55.97321,43.41659,52.15362,54.58938,44.28318
9.21954,8.06226,9.0,9.05539,9.0,9.05539,10.0,9.0,10.0,10.0,10.04988,10.0,10.0,10.0,9.0,11.04536,10.04988,10.04988,9.05539,10.04988,9.05539,10.04988,9.0,10.04988,10.04988,10.04988,9.05539,10.19804,10.04988,10.19804,9.05539,9.05539,9.05539,9.05539,9.05539,9.0,9.0,9.0,8.0,8.06226,8.06226,8.06226,8.06226,7.07107,7.07107,7.07107,7.28011,6.32456,6.32456,6.7082,6.7082,5.83095,45.45327,41.6173,46.01087,47.38143,54.56189,49.51767,43.93177,48.01042,50.0,51.08816,51.0392,46.87217,53.85165,55.07268,53.60037,57.68882,55.47071,56.93856,52.80152,56.60389,61.40033,54.3783,56.93856,49.24429,51.42956,55.9464,57.98276,54.56189,50.53712,56.85948,54.56189,54.20332,51.47815,54.626,54.42426,50.56679,53.22593,50.69517,51.42956,48.02083,49.92995,49.64877,47.80167,45.48626,45.45327,49.09175,44.68781,42.43819,39.20459,39.05125,40.31129,38.8973,34.05877,34.05877,39.05125,35.80503,34.88553,30.4795,31.241,30.4795,29.73214,34.05877,34.43835,36.71512,38.07887,44.72136,42.94182,48.75449,50.69517,58.18075,51.86521,52.17279,53.16014,59.13544,54.74486,57.07013,51.47815,53.75872,60.67125,57.00877,59.07622,57.03508,58.0,57.07889,57.14018,56.0357,58.03447,54.0,54.0,54.00926,49.16299,55.08176,54.58938,47.67599,54.08327,51.47815,52.46904,48.50773,54.12947,56.32051,52.20153,49.0306,59.48109,52.39275,50.63596,51.24451,47.12749,46.17359,52.81098,49.64877,44.59821,50.15974,48.30114,40.31129
8.06226,9.21954,9.21954,9.21954,9.21954,9.21954,9.48683,9.48683,9.48683,9.48683,10.44031,10.77033,9.48683,10.44031,9.48683,10.77033,9.84886,8.544,9.84886,9.48683,9.48683,9.84886,9.84886,9.84886,9.84886,9.84886,10.29563,9.84886,9.84886,9.84886,8.544,9.84886,9.84886,8.544,9.84886,8.544,9.48683,8.24621,8.24621,8.24621,7.28011,8.24621,7.28011,7.28011,7.07107,6.08276,6.08276,6.08276,6.08276,6.0,6.0,6.08276,55.03635,49.76947,48.8774,53.0,52.80152,46.64762,48.60041,54.20332,52.43091,55.97321,50.20956,51.73973,56.63921,55.44367,49.57822,57.48913,62.93648,59.46427,52.49762,55.22681,59.20304,52.40229,54.81788,56.63921,53.2635,55.9017,52.80152,57.62812,53.41348,61.61169,53.82379,56.85068,52.40229,55.17246,52.20153,48.08326,53.07542,53.75872,51.66237,48.9183,50.44799,44.04543,46.09772,50.32892,47.50789,51.62364,42.63801,43.41659,42.44997,40.45986,39.05125,37.64306,39.11521,34.48188,38.83298,34.88553,34.78505,31.62278,32.44996,32.24903,37.33631,37.69615,33.61547,37.94733,37.10795,47.07441,43.93177,45.70558,50.01,54.34151,53.33854,54.00926,54.00926,61.07373,55.08176,55.08176,52.61179,52.95281,65.0,56.4358,58.54912,56.29387,56.22277,56.04463,55.36244,53.85165,59.22837,49.72927,58.94065,54.08327,49.24429,54.81788,52.95281,51.97115,54.08327,53.33854,52.46904,52.61179,50.15974,50.01,53.0,48.09366,53.03772,44.01136,48.04165,49.25444,49.25444,48.25971,48.27007,48.6621,46.87217,57.28001,50.59644,47.53946
9.21954,9.43398,9.43398,9.43398,9.43398,9.43398,10.29563,10.29563,10.29563,9.84886,10.29563,11.18034,10.29563,9.84886,10.29563,10.77033,10.77033,9.84886,9.48683,9.84886,9.84886,9.84886,9.84886,10.44031,10.44031,10.44031,10.44031,10.77033,10.44031,10.44031,9.48683,9.48683,9.48683,8.544,9.84886,8.94427,9.84886,8.94427,8.94427,8.06226,8.06226,8.06226,8.06226,7.2111,7.2111,7.2111,7.2111,6.40312,6.40312,7.07107,6.40312,6.40312,44.72136,42.29657,49.0408,48.01042,49.25444,47.85394,45.54119,49.49747,52.34501,49.64877,53.36666,50.92151,56.29387,52.95281,55.54278,55.08176,59.22837,57.72348,52.95281,59.48109,59.90826,55.54278,49.33559,48.50773,52.81098,54.78138,50.59644,53.14132,53.7122,53.7122,54.42426,52.81098,50.32892,54.42426,50.69517,51.41984,46.84015,52.81098,47.80167,54.42426,51.41984,44.72136,46.69047,46.09772,46.09772,49.64877,43.18565,37.33631,41.4367,41.97618,39.05125,37.33631,38.0,32.06244,32.14032,32.75668,31.40064,30.01666,34.71311,28.28427,33.24154,34.52535,38.83298,36.40055,40.02499,46.57252,40.8534,44.77723,47.75982,53.14132,54.56189,54.70832,54.91812,57.14018,52.43091,53.60037,51.61395,53.00943,59.5483,53.15073,55.86591,59.46427,61.40033,58.72819,60.10824,56.58622,60.10824,52.34501,55.22681,55.22681,53.2635,55.86591,55.97321,52.40229,55.44367,50.60632,54.08327,54.81788,55.75841,54.91812,53.0,51.10773,52.15362,50.53712,49.65884,47.88528,48.37355,50.56679,51.42956,51.89412,40.71855,53.45091,50.28916,47.29693
8.544,8.94427,8.94427,9.84886,9.84886,9.84886,10.29563,10.29563,10.29563,9.43398,10.29563,10.81665,10.29563,10.29563,10.29563,10.81665,10.81665,9.43398,10.0,10.0,9.43398,10.0,9.43398,10.0,10.81665,10.0,10.0,10.81665,10.81665,10.0,9.43398,10.0,10.0,9.43398,9.43398,9.43398,9.43398,8.94427,8.06226,8.06226,7.61577,8.94427,7.61577,7.61577,7.61577,6.7082,7.28011,6.32456,6.32456,6.32456,6.08276,6.08276,49.57822,47.01064,48.41487,45.96738,53.00943,54.6443,50.77401,52.83938,51.47815,52.3259,51.88449,53.7122,59.94164,56.35601,54.20332,57.38467,62.6099,59.03389,57.68882,57.70615,54.08327,56.36488,52.20153,52.0,55.47071,58.13777,52.80152,53.85165,54.56189,61.13101,54.23099,58.69412,57.77543,55.03635,50.96077,50.60632,53.85165,53.66563,50.11986,51.07837,53.66563,47.50789,47.88528,47.50789,49.64877,49.92995,43.26662,44.40721,37.80212,39.11521,42.43819,34.20526,36.12478,33.42155,34.65545,34.05877,33.28663,30.80584,32.20248,29.20616,34.05877,32.52691,34.82815,36.23534,40.31129,43.93177,43.26662,44.10215,46.09772,55.75841,52.80152,55.9017,55.15433,58.59181,53.48832,56.30275,53.45091,55.36244,58.24946,51.41984,57.48913,57.48913,59.90826,55.10898,53.93515,57.55867,59.43904,52.95281,51.41984,50.9902,47.80167,53.60037,53.85165,50.0,53.45091,49.0408,54.34151,50.0,55.71355,50.15974,53.85165,48.30114,50.56679,50.56679,50.24938,50.08992,48.37355,43.56604,54.3783,51.10773,45.60702,50.60632,48.54894,48.60041
10.19804,10.19804,10.44031,10.19804,10.44031,10.19804,10.44031,10.44031,11.40175,10.44031,11.40175,11.7047,11.40175,10.44031,10.44031,12.08305,10.77033,10.77033,10.77033,10.77033,10.77033,10.77033,10.77033,10.77033,10.77033,11.18034,11.18034,11.18034,11.18034,11.18034,10.77033,10.77033,9.84886,9.84886,9.84886,9.48683,10.44031,9.21954,9.21954,9.21954,8.24621,9.21954,8.24621,8.24621,8.24621,7.28011,8.06226,7.07107,7.07107,7.0,7.0,7.07107,49.09175,45.65085,50.32892,48.79549,47.50789,50.44799,50.24938,53.00943,48.83646,49.09175,55.60576,54.91812,58.83026,58.24946,56.0357,57.24509,60.20797,55.22681,54.91812,55.75841,61.29437,55.56978,60.83584,54.3783,50.60632,55.47071,56.79789,60.83584,56.35601,59.61543,53.22593,57.27128,54.70832,57.98276,52.20153,56.4358,53.66563,51.0,55.07268,47.85394,49.73932,53.0,48.8774,48.8774,48.82622,50.21952,43.60046,45.22168,39.69887,38.60052,38.41875,37.64306,39.05125,34.65545,36.79674,35.38361,35.22783,26.92582,29.73214,25.80698,33.54102,32.64966,32.75668,31.7805,36.24914,40.70626,44.59821,49.98,48.38388,51.86521,52.39275,49.64877,54.23099,53.93515,51.08816,56.0357,54.03702,52.23983,63.07139,52.15362,57.0,55.03635,58.03447,52.00961,60.29925,55.44367,54.74486,52.15362,58.42089,52.15362,53.0,53.0,51.0,50.24938,55.9017,49.16299,57.07889,48.16638,53.33854,51.66237,51.66237,46.38965,55.36244,51.41984,46.8188,47.85394,54.40588,51.24451,49.65884,50.15974,50.56679,47.42362,51.88449,45.31004
9.84886,8.94427,9.43398,9.84886,10.29563,9.84886,10.29563,10.29563,10.29563,10.29563,11.18034,10.81665,10.29563,10.29563,10.29563,10.81665,10.81665,10.81665,10.0,10.0,10.29563,10.81665,10.81665,10.81665,10.81665,10.81665,10.0,10.81665,10.81665,10.63015,9.43398,10.0,9.43398,9.43398,9.43398,9.43398,10.29563,8.94427,8.94427,8.06226,7.61577,8.544,8.06226,6.7082,7.61577,6.7082,6.32456,6.32456,6.32456,6.08276,6.08276,6.0,47.38143,50.93133,55.97321,50.47772,55.21775,48.82622,54.08327,57.2014,51.86521,55.47071,56.82429,60.03332,66.64833,57.80138,59.94164,62.6099,64.84597,59.94164,58.30952,52.7731,67.77905,59.5063,59.46427,58.18075,56.82429,61.7171,56.35601,62.62587,55.9464,65.14599,56.36488,58.59181,54.23099,58.69412,51.26402,55.4617,56.85948,56.85948,53.0,52.20153,50.60632,53.53504,49.24429,52.43091,47.01064,47.43416,45.22168,45.80393,45.48626,41.10961,39.69887,44.94441,37.01351,36.79674,37.53665,36.23534,35.51056,26.07681,29.20616,27.20294,29.41088,30.4795,37.64306,36.12478,35.38361,45.27693,42.52058,45.22168,43.60046,49.0408,53.0,51.47815,48.75449,57.69749,52.55473,50.59644,58.18935,54.70832,57.97413,52.17279,57.72348,59.22837,57.87055,58.54912,55.22681,52.39275,61.61169,45.70558,54.58938,53.36666,51.92302,55.9017,49.0408,52.20153,51.26402,49.64877,54.23099,55.97321,53.31041,52.39275,49.65884,53.7122,59.16925,51.47815,49.1935,51.10773,51.47815,55.22681,49.09175,54.70832,42.52058,52.20153,51.66237,47.38143
10.0,10.04988,11.04536,11.04536,11.04536,10.04988,11.18034,11.04536,11.18034,11.18034,12.04159,12.16553,12.16553,11.18034,11.18034,12.36932,11.40175,11.18034,10.44031,11.40175,11.40175,11.40175,11.18034,11.40175,11.40175,11.40175,11.40175,12.64911,11.7047,11.7047,10.44031,11.40175,11.40175,11.40175,10.44031,11.18034,10.04988,10.04988,10.19804,9.05539,9.05539,9.05539,10.04988,8.06226,8.06226,8.06226,8.0,8.0,8.0,7.0,7.07107,6.08276,46.2277,49.40648,51.08816,51.66237,49.51767,49.67897,51.85557,58.89822,52.43091,54.08327,53.85165,53.33854,58.00862,54.91812,54.40588,57.80138,61.29437,59.05929,59.05929,53.85165,62.24147,58.66856,56.36488,57.38467,59.05929,59.03389,50.08992,58.13777,55.9464,60.41523,62.6099,59.48109,53.23533,61.7414,55.03635,57.24509,61.26989,54.23099,52.47857,54.3783,49.39636,51.73973,49.09175,46.32494,49.20366,48.27007,44.20407,42.72002,41.10961,42.0119,40.80441,40.31129,34.71311,33.30165,37.20215,39.05125,36.40055,29.73214,31.1127,26.87006,32.64966,32.24903,38.60052,37.20215,44.41846,45.17743,45.27693,45.17743,45.18849,51.42956,40.60788,54.12947,41.48494,57.00877,52.39275,59.03389,51.24451,54.33231,56.4358,56.22277,57.03508,56.56854,56.56854,50.03998,57.21888,53.0,55.3263,49.16299,51.08816,51.0392,45.39824,53.75872,52.46904,50.48762,54.91812,51.62364,51.97115,51.1957,53.36666,55.65968,52.55473,54.78138,54.70832,53.48832,51.62364,49.1935,50.15974,48.46648,51.07837,53.66563,41.59327,54.56189,51.61395,48.8774
10.29563,10.29563,10.0,10.81665,10.0,10.81665,11.40175,10.0,11.40175,10.63015,11.40175,12.04159,11.40175,10.63015,10.0,11.31371,11.31371,10.63015,9.89949,10.63015,9.89949,9.89949,10.63015,10.63015,10.63015,10.63015,10.63015,11.31371,11.31371,10.63015,9.89949,9.89949,9.89949,9.89949,9.89949,10.63015,10.0,8.60233,8.60233,8.60233,8.60233,8.60233,8.60233,8.60233,8.06226,7.2111,8.06226,7.61577,6.7082,6.7082,7.28011,7.28011,47.20169,47.16991,52.55473,46.8188,49.72927,50.96077,52.20153,50.59644,49.81967,49.0306,53.46027,54.45181,57.48913,53.60037,54.12947,55.22681,58.21512,56.14268,53.23533,54.33231,60.07495,53.75872,53.0,56.14268,54.33231,54.00926,49.0408,54.00926,54.0,55.3263,51.0,57.00877,54.33231,58.0,55.14526,51.35173,53.08484,52.00961,48.16638,46.27094,49.0102,53.46027,43.73786,44.91102,41.97618,43.41659,41.0,38.63936,42.2019,38.83298,37.33631,32.98485,29.61419,36.40055,33.24154,30.8707,30.88689,27.51363,29.06888,29.06888,33.61547,35.0,33.83785,37.44329,40.0,40.0,43.27817,48.9183,44.55334,53.75872,53.03772,47.01064,52.43091,59.20304,52.15362,57.98276,54.91812,55.9464,57.3062,54.12024,60.37384,57.69749,55.9464,54.70832,57.58472,55.36244,59.03389,46.09772,59.13544,51.07837,52.3259,56.82429,50.24938,47.70744,55.80323,52.15362,53.82379,52.43091,52.80152,59.20304,52.20153,54.03702,55.17246,49.49747,51.08816,45.27693,44.55334,48.9183,50.32892,58.13777,43.84062,50.9902,55.22681,47.01064
10.0,9.89949,11.31371,10.63015,11.31371,10.63015,11.31371,11.31371,11.31371,11.31371,12.04159,12.04159,12.04159,11.31371,11.31371,12.80625,11.40175,11.40175,11.40175,11.40175,11.31371,11.40175,10.63015,11.40175,12.04159,11.40175,11.40175,12.80625,12.20656,11.40175,10.63015,11.40175,11.40175,10.63015,10.63015,10.63015,9.89949,10.63015,9.89949,9.21954,9.21954,9.21954,9.21954,8.60233,7.81025,7.81025,7.81025,7.81025,8.06226,8.06226,7.61577,6.7082,44.40721,44.40721,52.08647,46.69047,50.03998,52.0,53.46027,53.00943,49.0408,54.08327,49.47727,54.45181,54.91812,53.03772,52.15362,55.22681,60.53098,57.27128,56.22277,55.10898,64.93843,54.33231,57.56735,58.69412,54.70832,54.91812,52.63079,63.06346,59.48109,56.921,53.75872,54.08327,55.36244,59.77458,49.0408,54.12024,53.75872,55.08176,55.10898,52.17279,50.96077,51.35173,49.64877,45.39824,44.18144,43.10452,42.04759,40.31129,42.04759,36.49658,38.11824,36.0,39.01282,36.22154,36.12478,38.83298,31.40064,24.33105,27.29469,28.44293,33.73426,31.38471,38.07887,35.69314,40.80441,42.72002,41.48494,46.51881,50.56679,50.08992,51.31277,54.6443,51.61395,56.40035,53.41348,57.80138,57.48913,57.62812,58.79626,55.22681,59.46427,60.1415,56.56854,55.97321,58.0517,55.31727,61.07373,46.66905,51.66237,50.93133,54.67175,54.56189,54.67175,48.82622,51.66237,50.32892,55.44367,55.31727,50.60632,53.53504,54.6443,55.47071,49.20366,52.83938,49.09175,54.56189,50.53712,53.66563,52.39275,54.78138,47.01064,56.0803,56.32051,52.20153
8.06226,8.94427,8.544,9.84886,9.84886,9.84886,9.48683,9.48683,9.48683,9.48683,10.77033,10.44031,10.44031,10.44031,9.84886,10.44031,10.44031,9.21954,10.19804,9.48683,9.48683,10.19804,9.21954,10.19804,10.44031,10.19804,10.19804,10.44031,10.19804,10.19804,9.48683,10.44031,9.48683,9.48683,9.21954,9.48683,9.48683,8.544,8.544,8.544,7.61577,7.61577,7.61577,6.7082,6.7082,6.7082,5.83095,5.83095,5.83095,5.83095,6.40312,5.65685,53.03772,57.14018,50.21952,47.38143,48.25971,48.83646,52.95281,56.04463,55.54278,50.96077,50.28916,54.12024,58.5235,56.32051,53.85165,59.23681,60.92618,63.32456,57.38467,58.69412,55.00909,58.18935,53.66563,56.85948,56.30275,57.93962,54.08327,61.84658,57.00877,60.90156,54.58938,51.47815,60.53924,61.29437,56.60389,57.00877,56.46238,58.30952,57.87055,54.42426,48.8467,50.92151,50.96077,52.92447,52.88667,49.0408,45.22168,46.84015,42.44997,36.67424,38.0526,40.31129,38.20995,37.12142,34.23449,37.01351,34.23449,25.17936,28.63564,29.42788,30.26549,30.0,34.0,33.06055,37.48333,40.4475,42.42641,41.97618,46.38965,50.01,47.43416,52.81098,51.62364,55.97321,54.12024,55.00909,55.56978,55.07268,55.9464,58.24946,56.4358,56.0357,58.18075,50.80354,54.20332,56.85948,56.0803,48.54894,53.25411,52.69725,48.8774,56.0357,49.73932,52.15362,52.35456,47.01064,59.03389,48.75449,54.70832,50.69517,55.71355,49.64877,43.86342,47.92703,49.0408,47.53946,48.76474,49.24429,50.44799,50.44799,50.21952,50.24938,51.15662,47.01064
9.05539,9.05539,9.21954,9.05539,9.21954,9.05539,10.19804,9.21954,9.21954,9.21954,10.19804,10.44031,10.19804,9.48683,9.21954,10.44031,9.48683,9.48683,9.48683,9.48683,9.48683,9.48683,9.48683,10.77033,10.44031,9.84886,9.84886,10.44031,10.44031,9.84886,9.48683,9.48683,9.48683,9.21954,9.48683,9.48683,9.21954,8.24621,8.24621,8.06226,8.06226,8.06226,8.06226,7.07107,7.07107,6.08276,6.0,6.0,6.0,6.0,6.08276,5.09902,47.42362,45.80393,53.8145,52.49762,48.01042,49.92995,53.60037,58.60034,49.09175,53.00943,54.58938,48.33218,55.9017,51.31277,56.61272,58.60034,61.29437,59.05929,58.13777,53.85165,62.24147,56.36488,60.41523,52.92447,53.66563,55.4617,51.47815,60.00833,56.85948,61.68468,55.9464,60.00833,52.35456,60.83584,54.70832,55.00909,58.30952,51.88449,53.23533,45.18849,47.92703,52.15362,47.20169,53.82379,49.20366,42.0119,49.39636,41.88078,42.72002,36.87818,34.05877,39.40812,36.12478,38.28838,36.79674,37.64306,36.05551,26.40076,26.62705,26.92582,32.55764,29.83287,38.8973,32.64966,36.06938,44.59821,38.28838,45.48626,43.01163,51.31277,50.08992,49.1935,44.94441,55.07268,52.55473,54.42426,55.97321,53.85165,57.28001,48.76474,56.04463,57.55867,53.60037,50.9902,53.60037,53.93515,63.95311,43.17407,57.07013,51.97115,48.50773,49.81967,50.0,47.12749,52.88667,47.53946,52.20153,55.02727,54.78138,55.03635,49.24429,47.85394,54.3783,49.24429,52.35456,48.75449,50.08992,47.41308,48.37355,51.97115,47.16991,51.10773,50.32892,43.26662
10.0,10.04988,10.04988,11.04536,10.04988,10.04988,11.04536,10.04988,11.04536,10.19804,11.18034,11.18034,11.18034,11.18034,10.04988,11.40175,11.18034,10.19804,10.19804,10.19804,10.19804,10.19804,10.19804,10.44031,11.18034,11.40175,10.44031,11.18034,11.18034,10.44031,10.19804,10.19804,10.19804,10.04988,10.04988,10.04988,10.04988,9.0,9.0,9.0,9.0,9.0,8.0,8.0,8.06226,8.06226,8.06226,7.07107,7.07107,7.07107,7.28011,6.32456,46.06517,41.18252,50.80354,48.08326,46.75468,47.42362,50.24938,52.34501,48.08326,50.9902,56.40035,57.98276,58.60034,55.80323,54.20332,58.30952,63.24555,56.40035,53.41348,53.53504,62.96825,51.86521,53.66563,53.53504,52.69725,57.42822,54.91812,54.70832,56.30275,59.5399,53.25411,54.3783,53.53504,55.22681,51.88449,50.60632,55.22681,53.25411,53.2635,52.47857,46.61545,46.8615,44.55334,46.01087,41.86884,44.55334,43.13931,42.44997,42.52058,33.94113,38.18377,35.38361,34.82815,31.90611,34.48188,32.75668,34.0,29.83287,26.1725,28.6007,31.40064,28.84441,35.51056,35.22783,38.83298,42.05948,40.71855,43.38202,46.06517,52.55473,52.20153,52.63079,49.0306,53.85165,57.27128,50.80354,54.33231,56.0803,60.53098,53.23533,56.0803,64.03124,57.70615,54.0,57.03508,54.23099,59.07622,48.01042,54.00926,52.03845,52.23983,55.08176,54.45181,48.50773,51.35173,55.44367,53.60037,53.46027,56.04463,53.36666,55.9017,50.59644,55.08176,52.39275,49.0408,53.75872,53.16014,53.16014,54.23099,53.48832,48.75449,57.24509,52.7731,47.50789
10.63015,10.63015,10.81665,11.40175,10.63015,10.63015,10.81665,10.81665,11.40175,10.81665,11.40175,11.6619,12.20656,10.81665,11.40175,12.20656,11.6619,10.81665,11.6619,11.6619,11.6619,11.6619,10.81665,11.18034,11.6619,11.18034,11.18034,11.6619,11.6619,11.18034,10.81665,11.6619,10.81665,10.81665,10.81665,10.81665,10.81665,10.0,10.0,9.21954,9.21954,9.21954,9.21954,7.81025,8.48528,7.81025,8.48528,7.81025,7.81025,7.81025,7.2111,7.2111,48.8467,48.05206,53.60037,50.44799,50.35871,50.80354,50.15974,54.03702,48.01042,49.0102,55.22681,49.09175,54.23099,56.22277,56.0357,56.32051,58.00862,56.0803,56.0,53.08484,60.40695,54.03702,55.44367,55.3263,53.60037,53.33854,53.46027,56.7186,57.42822,58.94065,49.36598,56.4358,54.14795,56.7186,45.17743,54.08327,55.10898,52.46904,52.15362,47.09565,45.27693,49.0102,47.01064,48.01042,44.0,44.18144,45.27693,39.31921,38.20995,39.0,38.11824,33.13608,38.11824,37.85499,32.98485,34.9285,29.96665,26.07681,30.41381,29.83287,32.38827,32.75668,34.9285,35.69314,39.29377,43.01163,37.16181,47.92703,43.46263,52.39275,50.60632,50.47772,49.40648,55.80323,54.81788,51.66237,54.03702,57.62812,55.9017,53.07542,56.56854,55.31727,57.28001,54.81788,58.13777,51.08816,59.39697,47.38143,56.58622,53.75872,48.79549,53.2635,50.9902,50.32892,53.75872,51.66237,53.8145,55.97321,56.61272,51.73973,55.0,51.40039,48.82622,52.35456,49.64877,59.07622,51.88449,49.39636,50.77401,45.45327,46.52956,50.53712,54.23099,47.75982
8.544,8.544,8.94427,9.84886,9.84886,9.84886,9.84886,9.43398,9.43398,9.43398,10.29563,10.29563,10.29563,10.29563,10.29563,10.81665,10.0,9.43398,10.0,10.0,9.43398,10.0,8.60233,10.0,10.81665,10.0,10.0,10.0,10.0,9.21954,9.43398,10.0,10.0,8.60233,9.43398,8.06226,8.94427,8.94427,8.06226,8.06226,7.61577,7.61577,7.61577,6.7082,6.7082,6.7082,6.32456,6.32456,6.08276,6.08276,6.08276,6.0,46.04346,45.0,50.47772,47.43416,51.86521,51.47815,50.9902,56.4358,48.10405,49.65884,48.76474,53.7122,57.77543,51.88449,54.626,55.71355,63.32456,61.68468,57.56735,59.23681,60.72891,60.16644,57.72348,52.17279,56.32051,57.00877,54.78138,59.43904,57.56735,58.5235,59.23681,54.40588,54.08327,56.61272,55.65968,50.59644,57.56735,52.88667,53.85165,49.24429,47.42362,52.7731,47.53946,48.75449,50.08992,46.95743,44.10215,45.65085,39.81206,38.94868,35.51056,38.20995,36.05551,36.40055,37.01351,33.94113,33.30165,26.92582,27.45906,26.07681,27.78489,32.20248,31.241,31.89044,35.4683,41.10961,42.63801,39.62323,40.80441,51.08816,47.70744,48.54894,47.88528,57.45433,54.78138,50.56679,51.07837,56.64804,54.23099,51.66237,54.42426,56.29387,52.92447,50.80354,57.00877,52.63079,58.24088,45.89118,51.66237,52.49762,50.92151,48.38388,51.5461,51.24451,51.62364,49.64877,52.88667,53.7122,52.7731,52.35456,54.70832,48.75449,49.1935,47.41308,48.76474,48.54894,53.0,48.25971,47.16991,48.54894,43.82921,49.64877,48.83646,48.10405
10.77033,10.29563,10.81665,11.6619,10.81665,11.6619,11.6619,10.81665,11.6619,11.40175,12.20656,12.20656,11.6619,12.20656,12.20656,12.20656,11.40175,11.40175,11.40175,11.40175,11.40175,12.04159,10.81665,12.04159,12.20656,11.40175,12.04159,12.80625,12.80625,10.63015,11.40175,11.40175,11.40175,11.40175,10.81665,10.0,10.29563,10.29563,10.29563,10.29563,8.94427,9.43398,8.94427,8.94427,8.94427,8.06226,7.61577,7.61577,7.61577,7.28011,7.28011,7.07107,45.25483,46.66905,47.43416,50.47772,52.15362,49.0408,53.0,52.83938,54.56189,52.69725,52.35456,51.88449,62.64982,53.66563,57.27128,60.92618,60.53924,58.30952,50.56679,58.18075,64.62198,57.00877,52.20153,57.00877,59.23681,58.18075,55.02727,59.20304,58.5235,59.90826,55.15433,58.30952,55.15433,56.64804,50.28916,52.92447,51.26402,53.75872,54.56189,50.11986,56.36488,53.25411,51.47815,50.47772,44.94441,46.52956,42.19005,45.17743,35.80503,37.80212,42.52058,33.94113,39.82462,39.62323,34.71311,39.40812,34.4093,26.41969,30.23243,26.41969,32.44996,34.05877,35.35534,32.01562,38.20995,46.09772,42.63801,46.8615,47.50789,50.93133,51.40039,47.16991,51.97115,55.9464,55.03635,51.26402,53.7122,54.23099,58.5235,57.56735,57.28001,57.56735,60.08328,53.15073,54.34151,55.08176,59.43904,48.27007,53.60037,55.08176,52.81098,53.36666,51.92302,50.28916,55.65968,52.92447,54.12947,55.97321,52.92447,55.4617,55.22681,50.9902,47.41308,55.07268,50.11986,50.47772,53.60037,53.53504,54.03702,53.0,48.25971,53.07542,52.34501,41.72529
10.29563,9.43398,10.0,10.81665,10.0,10.81665,11.40175,10.0,10.81665,10.63015,11.40175,11.40175,11.40175,11.40175,10.81665,12.04159,10.63015,10.63015,10.63015,10.63015,10.63015,11.31371,10.63015,11.31371,10.63015,11.31371,11.31371,12.04159,11.31371,11.31371,10.63015,10.63015,10.63015,10.63015,10.63015,10.0,10.0,9.43398,9.43398,8.60233,8.60233,8.60233,8.60233,8.06226,8.06226,7.2111,8.06226,6.7082,6.7082,6.7082,6.32456,6.32456,47.42362,46.09772,54.20332,51.10773,48.25971,50.47772,51.0,59.5399,47.88528,55.54278,58.5235,55.15433,58.5235,55.9464,59.9333,59.13544,65.79514,53.31041,62.39391,56.64804,63.32456,59.48109,60.74537,55.08176,54.23099,53.22593,55.36244,61.98387,55.9464,58.24088,57.24509,58.5235,56.46238,63.60031,56.04463,57.77543,58.82176,60.44005,54.42426,54.12024,54.42426,56.82429,51.0,52.3259,51.47815,46.52956,48.75449,43.08132,44.65423,38.83298,42.72002,41.59327,38.41875,36.23534,36.76955,38.8973,35.0,24.69818,26.40076,28.01785,30.61046,29.73214,34.71311,37.48333,37.48333,42.44997,46.2277,43.41659,47.43416,53.60037,51.10773,50.53712,49.1935,58.13777,48.46648,56.0803,54.08327,52.81098,55.36244,52.55473,57.27128,57.27128,58.87274,51.78803,58.0517,52.34501,58.94065,47.80167,54.12947,50.44799,49.76947,52.39275,47.42362,50.15974,57.58472,52.81098,55.9464,53.31041,56.35601,52.55473,52.0,51.47815,54.6443,50.60632,54.70832,50.77401,53.33854,49.92995,51.22499,54.6443,47.43416,46.04346,52.00961,52.63079
9.21954,9.05539,10.04988,10.04988,10.04988,10.04988,11.04536,10.04988,11.0,10.0,11.04536,11.0,11.0,11.0,11.04536,12.04159,11.04536,11.0,10.04988,11.0,10.0,11.04536,10.0,11.04536,11.04536,11.04536,11.04536,11.04536,11.04536,11.18034,10.0,11.0,10.04988,10.0,10.04988,10.0,10.0,9.05539,9.0,9.05539,9.05539,9.05539,9.05539,8.06226,8.06226,8.06226,8.06226,7.28011,7.28011,7.28011,7.28011,6.7082,41.59327,47.16991,47.50789,42.52058,42.19005,45.25483,49.67897,51.85557,49.0408,46.69047,51.85557,51.08816,57.2014,58.0517,52.34501,58.00862,61.07373,59.5483,52.40229,62.42596,58.24946,56.85068,56.61272,55.0,53.75872,52.69725,59.03389,55.80323,64.38167,57.98276,50.80354,52.00961,57.48913,61.05735,54.91812,54.56189,54.20332,53.41348,52.49762,47.20169,53.15073,49.51767,50.93133,47.42362,46.75468,48.79549,45.25483,43.86342,33.97058,38.28838,37.64306,37.48333,35.22783,40.0,39.35734,33.10589,34.0147,25.4951,27.78489,26.90725,33.28663,37.21559,34.20526,32.75668,38.47077,42.48529,43.41659,45.35416,46.84015,49.24429,49.0306,48.04165,52.08647,55.7315,51.0098,52.03845,52.08647,52.0,57.03508,52.34501,55.57877,58.54912,57.00877,52.17279,54.58938,55.57877,55.14526,46.09772,55.3263,53.46027,47.16991,51.24451,47.01064,50.08992,50.01,51.15662,55.08176,53.03772,51.35173,48.09366,49.16299,48.6621,51.41984,53.46027,54.34151,46.69047,52.63079,51.24451,49.72927,50.21952,43.01163,50.69517,45.22168,50.92151
8.60233,9.21954,9.21954,10.0,9.21954,9.21954,9.89949,9.89949,10.63015,10.63015,11.31371,11.31371,11.31371,11.31371,10.63015,11.31371,10.63015,10.63015,10.63015,10.63015,10.63015,10.63015,10.63015,10.63015,10.63015,11.40175,11.40175,11.40175,10.63015,11.40175,9.89949,10.63015,10.63015,10.63015,9.89949,9.89949,10.63015,9.21954,9.21954,9.21954,8.60233,9.21954,8.60233,7.81025,7.81025,7.2111,7.2111,7.2111,7.2111,6.7082,6.7082,6.32456,46.04346,50.47772,44.72136,45.65085,51.26402,50.92151,50.15974,58.5235,51.5461,52.20153,51.1957,55.54278,57.48913,55.97321,57.00877,61.66036,60.72891,60.82763,53.93515,59.22837,62.39391,65.11528,54.00926,57.27128,57.27128,55.7853,54.45181,57.14018,59.84146,57.07889,57.14018,56.56854,58.0517,55.7315,58.07753,57.27128,54.91812,52.34501,55.7853,50.01,52.46904,56.29387,50.01,51.07837,40.49691,48.38388,45.89118,47.92703,40.71855,42.04759,44.72136,39.81206,40.24922,38.07887,34.66987,43.01163,38.01316,29.12044,27.85678,28.63564,32.24903,34.98571,40.22437,37.21559,39.20459,43.41659,44.40721,46.01087,51.62364,51.66237,54.67175,51.61395,56.61272,58.00862,53.33854,47.01064,56.85948,57.69749,58.69412,60.00833,48.30114,61.46544,62.64982,54.08327,53.48832,54.23099,56.79789,49.65884,55.65968,44.38468,52.0,56.0803,51.42956,51.42956,56.30275,47.85394,57.68882,49.24429,56.30275,53.23533,54.70832,48.9183,54.40588,49.40648,52.63079,47.42362,47.50789,49.0408,54.45181,50.24938,49.57822,53.8145,51.22499,45.27693
8.24621,8.544,8.94427,8.544,9.48683,8.544,9.84886,8.94427,8.94427,9.84886,10.77033,9.84886,9.84886,9.84886,8.94427,10.81665,9.43398,10.29563,9.43398,9.43398,9.43398,10.0,9.43398,10.0,10.29563,9.43398,9.43398,10.81665,10.0,10.0,9.43398,10.0,9.43398,9.43398,9.43398,9.43398,8.94427,8.94427,8.544,7.61577,8.544,7.61577,8.544,7.61577,6.32456,6.32456,6.32456,6.32456,7.07107,6.08276,6.0,6.0,50.60632,47.43416,49.0408,49.65884,44.77723,47.53946,49.72927,52.23983,48.08326,50.01,50.96077,52.7731,54.91812,58.0517,55.36244,59.03389,59.4138,57.42822,53.60037,57.31492,63.07139,55.7315,56.14268,58.13777,57.42822,54.08327,62.00806,61.29437,58.21512,58.00862,52.15362,54.00926,56.0803,56.0803,55.08176,50.03998,53.03772,56.00893,54.45181,52.03845,55.44367,50.44799,53.03772,51.78803,46.57252,50.44799,48.76474,45.60702,42.72002,38.60052,40.49691,41.10961,36.13862,39.81206,39.84972,38.91015,33.28663,26.41969,28.84441,29.06888,34.48188,32.20248,32.80244,35.35534,41.86884,41.34005,48.08326,46.69047,49.0408,55.17246,52.00961,49.92995,54.20332,57.00877,55.07268,55.47071,55.9017,55.97321,59.94164,58.5235,59.61543,57.00877,55.47071,56.921,53.16014,58.82176,56.46238,49.0408,58.18935,55.47071,47.43416,52.20153,51.89412,54.56189,50.11986,47.70744,53.53504,47.88528,56.0357,48.01042,53.2635,49.09175,45.80393,46.04346,50.60632,44.59821,53.8145,50.20956,49.51767,47.38143,48.9183,50.91169,47.20169,52.43091
8.60233,8.60233,8.94427,9.43398,9.43398,9.43398,10.29563,9.43398,9.43398,9.84886,10.29563,9.84886,10.29563,9.84886,10.29563,10.77033,10.77033,9.84886,9.84886,9.84886,9.84886,9.84886,9.84886,10.44031,10.77033,10.77033,9.48683,9.84886,10.77033,10.44031,9.84886,9.84886,9.84886,8.94427,8.94427,8.94427,9.43398,8.94427,8.06226,8.06226,8.60233,8.60233,8.06226,7.2111,7.81025,7.2111,7.07107,7.07107,7.07107,7.07107,6.40312,6.40312,52.23983,47.85394,49.81967,50.01,48.09366,44.04543,51.24451,46.17359,53.23533,46.38965,58.0517,54.34151,63.15061,51.1957,58.0517,59.22837,57.27128,58.24088,55.31727,61.84658,66.21933,55.10898,54.42426,51.66237,49.47727,57.00877,51.24451,54.42426,51.5461,62.03225,57.28001,59.80803,53.75872,57.24509,53.14132,54.81788,49.64877,52.20153,51.41984,53.16014,53.16014,54.34151,48.50773,48.6621,46.38965,47.51842,40.31129,40.1995,41.30375,39.31921,42.10701,39.0,35.0571,32.14032,33.01515,38.32754,41.0,29.01724,32.38827,31.7805,33.24154,34.20526,36.13862,38.8973,40.31129,45.31004,46.61545,45.69464,47.88528,56.85948,51.10773,56.85948,50.21952,61.58734,51.85557,52.80152,57.38467,55.97321,62.96825,57.28001,54.48853,58.41233,58.69412,57.48913,60.1415,55.31727,62.36986,50.93133,53.07542,53.07542,49.49747,60.87693,54.67175,50.91169,53.60037,52.80152,54.20332,53.15073,52.63079,52.63079,50.21952,48.60041,54.20332,51.10773,48.75449,51.0,49.1935,49.24429,52.55473,54.12947,46.48656,50.69517,52.39275,46.57252
7.81025,8.48528,9.21954,9.89949,9.21954,9.21954,10.0,9.21954,10.0,9.21954,9.89949,10.0,10.0,10.0,9.21954,10.0,9.43398,9.43398,9.43398,9.43398,9.43398,9.43398,9.43398,9.43398,9.43398,9.43398,8.94427,10.29563,10.29563,9.84886,9.43398,9.43398,9.43398,8.94427,8.94427,8.60233,8.60233,8.60233,7.81025,7.81025,7.2111,7.81025,7.81025,6.40312,6.40312,6.40312,6.40312,5.65685,6.40312,6.40312,5.83095,5.83095,46.09772,39.62323,47.51842,51.15662,46.04346,53.00943,45.17743,61.13101,53.33854,50.24938,55.22681,51.15662,54.58938,53.33854,57.55867,57.70615,61.81424,58.24946,60.20797,54.12947,58.85576,51.97115,57.97413,53.60037,54.58938,56.75385,54.74486,60.20797,54.81788,58.24088,49.0408,53.36666,52.81098,56.921,51.62364,54.12024,52.88667,54.40588,55.31727,49.72927,47.38143,51.78803,45.54119,49.16299,48.16638,48.50773,41.19466,44.10215,41.10961,38.01316,44.01136,36.01389,35.0,35.01428,38.01316,36.49658,34.48188,28.07134,32.01562,30.06659,36.01389,33.24154,36.49658,33.95585,39.56008,40.8534,41.62932,44.77723,45.54119,54.42426,51.88449,51.0392,50.21952,56.0357,46.69047,58.60034,56.63921,55.9017,59.46427,49.67897,57.98276,54.45181,52.40229,54.48853,60.1415,53.8145,59.5483,45.27693,59.03389,55.17246,48.08326,54.45181,51.62364,46.66905,51.62364,52.80152,53.07542,54.08327,48.60041,56.61272,50.77401,46.87217,51.31277,49.40648,46.95743,46.09772,47.41308,51.26402,48.33218,55.54278,44.28318,47.92703,53.93515,46.57252
9.43398,8.94427,9.84886,9.84886,9.84886,9.84886,9.84886,10.77033,11.18034,10.77033,10.77033,11.7047,10.77033,11.7047,10.77033,11.7047,10.44031,10.44031,10.44031,10.44031,10.44031,10.44031,10.44031,11.18034,11.40175,11.40175,11.40175,11.40175,11.40175,11.18034,9.48683,10.44031,10.44031,9.48683,10.44031,9.48683,9.84886,9.48683,9.48683,8.544,8.94427,8.94427,8.544,7.61577,8.06226,6.7082,7.2111,7.2111,7.2111,7.2111,6.40312,6.40312,47.67599,51.24451,50.08992,46.04346,47.04253,47.0,52.34501,59.07622,53.36666,47.16991,57.42822,53.46027,59.22837,57.55867,56.14268,57.48913,60.82763,52.7731,55.57877,57.97413,62.36185,58.0517,55.02727,55.54278,49.0306,60.41523,58.24088,54.57105,53.36666,58.24088,52.20153,57.07013,57.27128,56.08921,55.36244,50.69517,53.75872,55.31727,55.57877,53.46027,56.08921,47.16991,47.01064,48.01042,43.10452,51.08816,48.04165,48.0,40.0125,39.01282,43.04649,40.0,35.22783,35.17101,39.81206,35.17101,33.24154,28.63564,31.06445,32.01562,31.01612,36.22154,38.0526,36.05551,38.20995,44.72136,42.75512,44.92215,46.87217,53.85165,50.69517,51.42956,53.31041,60.92618,54.70832,51.97115,58.18075,57.00877,57.42822,56.61272,59.66574,59.03389,57.62812,57.38467,53.75872,53.2635,57.48913,48.9183,54.81788,56.0803,50.0,56.22277,53.53504,55.60576,54.40588,50.11986,55.47071,48.8774,55.9464,54.58938,52.83938,50.11986,48.76474,51.89412,47.01064,48.46648,54.42426,47.92703,51.66237,53.45091,47.80167,54.08327,51.24451,50.44799
9.43398,8.94427,9.84886,9.84886,9.84886,9.84886,10.44031,9.48683,10.77033,10.44031,10.77033,10.44031,10.44031,10.44031,9.48683,11.40175,10.44031,10.44031,10.19804,10.19804,10.19804,10.19804,9.21954,10.19804,10.19804,10.19804,10.19804,11.18034,10.19804,10.04988,9.21954,10.19804,10.19804,9.21954,9.21954,9.21954,9.48683,8.544,8.544,8.544,8.544,8.544,8.544,7.61577,7.61577,6.7082,6.7082,6.7082,7.2111,7.2111,6.40312,6.40312,45.39824,45.17743,47.12749,46.87217,51.5461,48.08326,48.46648,53.85165,51.07837,50.32892,53.7122,54.56189,56.79789,55.9017,54.626,58.18075,59.5063,57.70615,53.22593,58.59181,63.13478,59.36329,51.10773,55.56978,52.7731,56.93856,54.6443,55.22681,52.3259,59.64059,49.92995,56.82429,53.66563,57.80138,52.63079,50.9902,52.00961,53.66563,50.11986,49.65884,55.47071,51.62364,46.61545,48.8467,44.64303,46.23851,45.54119,41.23106,40.80441,37.33631,38.47077,38.8973,32.98485,36.40055,34.52535,34.05877,34.05877,29.12044,25.29822,26.30589,32.24903,30.26549,34.1321,37.01351,40.0,43.0,39.01282,47.51842,41.30375,49.49747,52.95281,51.5461,52.49762,56.04463,53.48832,53.14132,49.65884,55.54278,54.58938,56.82429,55.47071,52.35456,57.69749,54.58938,55.47071,55.75841,57.70615,51.10773,54.12947,50.9902,53.7122,49.64877,53.22593,54.12024,52.49762,50.15974,50.69517,46.48656,55.54278,49.98,54.57105,47.53946,49.72927,48.27007,48.37355,46.09772,48.25971,47.67599,48.37355,50.08992,49.25444,55.3263,49.0102,45.17743
8.48528,9.21954,9.21954,10.63015,10.0,9.21954,10.0,10.0,10.0,10.0,10.81665,10.81665,10.81665,10.81665,10.0,10.81665,10.29563,9.43398,10.29563,10.29563,9.43398,10.29563,9.43398,9.84886,10.29563,11.18034,10.29563,10.29563,10.29563,9.84886,9.43398,10.29563,9.43398,8.94427,9.43398,9.43398,9.43398,8.60233,8.06226,8.60233,7.81025,8.60233,7.2111,7.2111,7.81025,6.40312,7.07107,6.40312,5.65685,6.40312,6.40312,6.40312,43.46263,54.81788,47.67599,47.67599,54.23099,50.35871,53.08484,53.33854,53.03772,51.0,59.03389,50.15974,55.03635,58.03447,55.08176,58.21512,59.00847,57.00877,51.0392,59.21149,57.87055,58.00862,53.46027,53.60037,51.08816,55.22681,56.22277,58.21512,58.21512,58.69412,56.08921,49.64877,51.97115,49.36598,53.60037,50.03998,52.15362,51.1957,58.13777,49.64877,56.4358,50.03998,47.01064,47.04253,46.01087,50.01,40.0,39.05125,40.04997,40.0125,35.0571,38.0526,31.14482,35.12834,33.73426,33.52611,37.0,31.14482,28.86174,31.40064,33.54102,38.27532,31.01612,36.76955,41.10961,46.23851,46.09772,50.9902,48.33218,55.9017,50.21952,48.60041,56.22277,55.60576,60.959,53.90733,55.31727,52.34501,58.69412,62.42596,60.0,62.20129,57.98276,58.82176,52.43091,59.81639,57.80138,55.17246,57.2014,55.0,56.0803,58.89822,59.03389,54.67175,56.56854,53.8145,60.1415,47.38143,60.20797,53.8145,55.31727,48.83646,56.0357,52.43091,49.92995,50.80354,58.24946,51.86521,53.0,50.47772,50.53712,55.54278,46.06517,52.80152
9.21954,9.21954,8.60233,10.0,9.21954,10.0,9.43398,9.43398,9.43398,9.43398,10.81665,10.29563,10.81665,10.29563,9.43398,10.29563,10.29563,9.43398,8.94427,9.84886,9.43398,9.84886,9.43398,9.84886,9.84886,9.84886,9.84886,9.84886,9.84886,9.84886,8.94427,9.84886,8.94427,8.94427,8.94427,9.43398,9.43398,8.60233,8.06226,8.06226,7.81025,8.60233,7.81025,7.81025,7.07107,7.07107,7.07107,7.07107,6.40312,6.40312,7.2111,5.83095,42.42641,42.19005,52.15362,47.04253,48.37355,51.0098,46.69047,52.46904,43.93177,53.15073,52.7731,51.86521,55.54278,53.60037,57.27128,55.7853,54.40588,52.88667,53.45091,56.64804,60.08328,48.76474,49.65884,52.88667,54.12024,54.40588,51.26402,54.23099,52.20153,59.09315,51.62364,60.41523,46.8188,56.64804,50.15974,47.43416,49.0408,50.15974,46.8188,50.92151,47.16991,47.80167,47.80167,47.75982,41.0,42.75512,44.72136,40.31129,42.42641,38.47077,35.12834,33.95585,35.90265,35.12834,35.0,35.12834,31.40064,27.0,30.01666,29.01724,34.0147,33.54102,37.94733,35.51056,40.11234,43.93177,42.05948,45.88028,47.53946,56.921,52.92447,53.23533,48.54894,60.90156,51.0392,57.14018,54.20332,56.22277,59.20304,50.9902,58.0,59.39697,59.5483,58.0517,60.20797,52.34501,59.5483,51.08816,57.62812,53.8145,52.63079,56.40035,55.0,53.41348,59.90826,52.00961,55.21775,57.68882,54.91812,56.60389,53.85165,52.35456,59.48109,58.59181,54.626,52.92447,54.12947,51.26402,51.26402,55.9017,47.12749,57.56735,52.39275,50.28916
10.29563,9.84886,10.77033,11.18034,10.77033,10.77033,11.7047,10.77033,10.77033,10.44031,11.7047,11.40175,11.40175,11.7047,10.77033,12.36932,11.40175,10.44031,11.18034,11.40175,11.40175,11.40175,10.44031,11.18034,11.18034,11.18034,11.18034,11.40175,11.18034,11.18034,10.44031,11.40175,11.40175,10.44031,10.44031,10.44031,10.44031,9.48683,9.48683,9.84886,8.94427,9.84886,8.94427,7.61577,8.06226,7.61577,8.06226,7.2111,7.2111,7.2111,7.2111,7.07107,47.01064,44.0,46.27094,46.38965,51.78803,45.70558,52.17279,48.08326,52.49762,48.05206,46.48656,52.0,53.75872,57.87055,51.24451,50.15974,54.08327,59.09315,50.69517,56.79789,60.41523,53.75872,50.53712,53.22593,51.42956,53.7122,53.85165,54.56189,52.0,54.70832,54.12947,55.56978,53.22593,53.7122,50.60632,45.31004,51.47815,49.1935,50.69517,44.29447,49.39636,44.92215,45.35416,45.88028,45.12206,41.7732,41.7732,44.64303,33.37664,36.49658,35.44009,36.12478,30.06659,29.06888,36.05551,31.01612,28.07134,28.16026,26.4764,31.95309,28.28427,34.36568,37.21559,34.23449,39.05125,41.10961,45.09989,44.18144,46.09772,53.23533,49.0306,49.0408,54.57105,55.10898,55.36244,49.98,54.42426,54.42426,61.46544,55.03635,62.24147,61.05735,57.77543,56.30275,57.3062,55.22681,57.24509,54.56189,57.70615,51.47815,54.626,54.56189,55.15433,55.03635,57.58472,50.32892,55.97321,57.38467,53.31041,54.70832,59.22837,49.33559,55.02727,52.81098,52.20153,54.57105,55.31727,46.38965,52.61179,50.01,46.04346,51.41984,50.24938,49.09175
8.544,9.48683,9.21954,9.48683,9.48683,9.48683,9.21954,9.21954,9.21954,9.21954,10.19804,10.04988,10.19804,10.19804,9.21954,10.04988,10.04988,9.05539,10.04988,9.05539,9.21954,10.04988,9.05539,10.0,10.04988,10.0,10.0,10.04988,10.04988,10.0,9.05539,9.05539,9.05539,9.05539,9.05539,8.06226,9.05539,8.24621,8.24621,8.24621,7.28011,8.24621,7.28011,7.28011,6.32456,6.32456,6.32456,6.32456,5.38516,5.83095,5.83095,5.0,50.01,46.52956,49.33559,52.39275,53.16014,49.0408,49.0408,54.70832,55.02727,45.22168,51.89412,48.76474,56.36488,52.7731,52.3259,53.85165,57.3062,59.48109,57.24509,55.22681,54.3783,53.85165,50.0,50.11986,48.02083,58.83026,51.61395,54.91812,53.85165,57.80138,53.25411,49.64877,52.15362,53.85165,51.22499,52.83938,49.92995,53.33854,48.75449,46.04346,46.87217,50.9902,45.17743,45.18849,46.95743,44.59821,45.31004,42.44997,37.33631,37.94733,40.16217,37.0,34.53983,36.40055,32.01562,31.40064,30.01666,26.0,25.07987,28.4605,34.71311,33.24154,34.71311,36.87818,37.85499,42.04759,44.04543,47.04253,51.0392,56.00893,51.47815,53.36666,53.16014,59.03389,53.45091,53.15073,55.65968,56.32051,64.07808,59.09315,55.71355,59.03389,59.90826,53.66563,56.79789,57.38467,64.88451,47.50789,59.61543,55.15433,55.36244,62.16912,53.85165,49.39636,56.04463,57.56735,54.57105,54.12024,57.48913,52.49762,55.65968,51.41984,51.15662,54.58938,49.0306,56.4358,53.15073,51.62364,53.46027,50.80354,48.50773,53.08484,52.08647,52.46904
8.544,8.544,8.94427,9.84886,8.94427,8.94427,8.94427,8.94427,8.94427,9.43398,9.84886,9.43398,10.29563,9.43398,9.43398,9.43398,9.43398,9.43398,9.43398,9.43398,8.60233,9.21954,8.60233,10.0,10.0,10.0,9.21954,10.0,10.0,9.21954,8.60233,9.43398,9.21954,8.60233,8.60233,8.06226,8.06226,8.06226,8.06226,8.06226,6.7082,7.61577,6.7082,6.7082,6.32456,5.38516,6.32456,6.32456,6.08276,6.08276,5.09902,5.0,49.20366,51.0,47.42362,48.75449,49.39636,43.65776,49.98,50.92151,52.63079,48.10405,50.21952,48.83646,53.75872,53.60037,47.07441,52.46904,61.40033,59.3043,51.1957,51.78803,59.4138,52.17279,53.03772,54.74486,51.24451,51.62364,52.61179,54.33231,51.0098,58.13777,52.23983,50.35871,53.03772,54.0,52.03845,52.15362,51.15662,52.08647,50.63596,48.05206,50.69517,45.60702,51.1957,49.24429,44.38468,44.38468,43.68066,40.60788,36.40055,34.53983,38.60052,34.78505,34.48188,34.78505,34.43835,30.88689,31.90611,28.16026,27.313,27.313,31.7805,35.8469,34.0,37.12142,35.35534,44.77723,44.65423,46.75468,48.01042,51.22499,49.51767,52.3259,54.81788,51.85557,56.40035,53.2635,56.85948,57.14018,55.07268,60.53924,57.45433,55.54278,60.90156,58.13777,53.33854,55.15433,60.41523,49.39636,54.58938,53.23533,52.47857,54.70832,54.56189,55.75841,54.58938,54.6443,61.61169,51.97115,54.6443,48.25971,59.46427,52.20153,54.20332,51.85557,52.40229,50.91169,53.90733,50.93133,54.48853,48.83646,48.79549,52.34501,51.40039,48.41487
7.81025,8.48528,9.21954,9.89949,9.21954,8.48528,9.21954,9.21954,9.21954,10.0,10.0,10.0,10.0,10.0,10.0,10.81665,9.43398,9.43398,9.43398,9.43398,9.43398,9.43398,9.43398,10.29563,9.43398,10.29563,9.43398,10.29563,10.29563,9.84886,9.43398,9.43398,9.43398,9.43398,8.94427,8.60233,8.60233,8.60233,7.81025,7.81025,7.81025,7.81025,7.81025,6.40312,6.40312,6.40312,5.65685,5.65685,6.40312,6.40312,5.83095,5.83095,47.38143,46.27094,51.0098,47.01064,45.09989,48.0,49.36598,54.33231,49.25444,54.03702,50.80354,47.38143,56.29387,53.36666,54.74486,54.57105,61.61169,56.75385,52.95281,53.15073,59.43904,51.41984,59.43904,49.72927,54.74486,57.00877,48.05206,55.65968,55.08176,57.24509,52.39275,51.41984,53.45091,57.28001,51.41984,53.75872,55.65968,51.92302,55.7315,47.85394,44.28318,47.38143,48.09366,46.52956,45.27693,40.04997,43.04649,41.10961,41.10961,39.0,35.01428,36.01389,37.0,36.05551,34.23449,30.41381,31.32092,30.41381,28.44293,25.17936,33.73426,37.12142,39.05125,34.0147,37.01351,47.01064,42.57934,45.70558,44.40721,50.48762,55.31727,49.0408,52.81098,61.09828,47.85394,59.09315,55.54278,55.22681,62.76942,58.5235,60.53924,59.07622,57.3062,54.81788,60.60528,53.00943,60.80296,45.45327,59.40539,57.80138,50.77401,58.00862,48.82622,49.73932,59.07622,54.08327,55.4617,56.60389,56.93856,53.7122,55.07268,52.80152,55.9017,46.06517,54.12947,50.69517,51.26402,46.23851,49.72927,50.32892,41.23106,52.55473,53.45091,46.84015
9.89949,9.89949,10.0,10.63015,10.63015,10.63015,10.63015,10.63015,10.63015,10.0,11.40175,11.40175,11.40175,10.81665,11.40175,10.81665,10.81665,10.0,10.81665,10.81665,11.40175,10.81665,10.0,11.18034,11.6619,10.81665,10.81665,10.81665,11.6619,10.29563,10.81665,10.81665,10.81665,10.0,10.0,10.0,10.0,9.21954,9.21954,9.21954,8.48528,9.21954,8.48528,8.48528,7.81025,7.07107,7.81025,7.81025,7.81025,7.2111,7.2111,6.7082,49.98,41.62932,47.43416,44.27189,48.6621,48.6621,47.26521,53.15073,51.35173,51.08816,48.83646,48.25971,53.23533,50.35871,50.08992,54.03702,60.03332,59.13544,54.03702,55.00909,60.29925,52.00961,56.22277,53.0,54.00926,57.31492,52.08647,55.57877,56.14268,54.74486,49.16299,54.33231,53.15073,52.61179,50.15974,54.03702,46.04346,51.15662,53.08484,50.03998,47.04253,49.0,49.0102,45.09989,43.01163,37.65634,41.30375,40.60788,36.22154,36.67424,34.52535,35.90265,35.44009,35.44009,34.78505,33.83785,31.76476,23.08679,29.06888,30.14963,34.71311,33.24154,35.90265,36.67424,38.91015,49.76947,43.86342,47.75982,46.8188,53.7122,53.33854,54.40588,53.2635,59.40539,56.63921,55.22681,55.15433,58.69412,61.7171,60.20797,60.959,60.81118,60.959,53.60037,57.62812,57.2014,59.46427,51.86521,56.40035,53.00943,50.32892,56.40035,55.0,53.07542,57.28001,52.34501,58.0,54.48853,56.63921,53.15073,55.60576,50.91169,53.75872,53.75872,53.90733,52.69725,55.47071,47.70744,47.88528,50.47772,48.25971,55.07268,51.42956,49.65884
8.06226,8.24621,8.24621,9.21954,9.21954,9.21954,9.48683,9.48683,9.48683,9.48683,9.48683,9.48683,9.48683,9.48683,9.48683,9.84886,9.84886,9.48683,9.84886,9.84886,8.544,8.94427,8.544,9.84886,9.84886,9.84886,9.43398,9.84886,9.84886,9.43398,8.544,8.94427,8.94427,8.544,8.94427,8.544,8.544,8.24621,8.24621,7.28011,7.28011,8.24621,7.28011,7.28011,6.32456,6.08276,6.08276,6.08276,6.08276,6.0,6.0,5.0,50.77401,47.88528,48.27007,46.8615,49.51767,50.32892,51.85557,49.81967,51.08816,44.82187,53.60037,53.82379,60.46487,57.38467,53.2635,55.47071,59.40539,60.03332,53.82379,58.5235,62.26556,56.60389,49.1935,55.9017,54.3783,53.33854,54.20332,54.70832,58.30952,56.4358,50.08992,54.56189,53.22593,58.59181,51.86521,48.8774,55.07268,58.13777,56.4358,54.12024,47.41308,53.60037,48.60041,50.47772,42.52058,49.40648,39.66106,42.80187,37.73592,39.96248,38.41875,37.80212,37.48333,41.72529,36.40055,35.0,36.05551,27.80288,29.68164,31.1127,33.01515,36.35932,39.96248,36.23534,39.81206,42.95346,45.88028,45.88028,44.64303,55.08176,52.95281,49.0306,56.88585,56.56854,57.00877,55.3263,60.29925,59.0,61.0,59.07622,59.4138,58.69412,61.0,57.14018,56.22277,59.21149,59.68249,51.24451,58.07753,59.03389,54.00926,59.3043,52.00961,55.03635,56.0,52.03845,58.30952,54.00926,52.95281,51.15662,55.57877,51.78803,44.64303,47.07441,49.72927,45.54119,56.29387,50.69517,49.33559,55.97321,48.70318,56.921,45.69464,51.47815
8.24621,8.544,8.94427,9.84886,9.84886,8.94427,8.94427,8.94427,8.94427,9.43398,10.29563,10.29563,10.29563,10.29563,10.29563,10.81665,9.43398,9.43398,10.0,10.0,9.43398,10.0,9.43398,10.0,10.0,10.0,10.0,10.0,10.0,9.21954,9.43398,10.0,10.0,8.60233,8.60233,9.43398,9.43398,8.94427,8.06226,8.06226,7.61577,7.61577,7.61577,6.7082,6.7082,6.7082,6.32456,6.32456,6.32456,6.08276,6.08276,6.0,45.45327,42.2019,44.68781,44.59821,45.34314,49.0408,50.24938,51.22499,50.77401,56.0357,51.40039,51.31277,56.60389,51.47815,56.60389,54.12947,63.97656,54.626,52.47857,56.35601,61.7171,54.12024,56.46238,51.0,51.0392,54.20332,53.7122,57.24509,54.42426,53.48832,52.92447,55.03635,50.15974,57.58472,49.0408,48.8774,49.65884,52.55473,53.23533,48.37355,48.76474,47.43416,47.41308,51.97115,48.9183,47.01064,40.80441,42.43819,40.0,33.97058,37.64306,33.97058,36.12478,36.79674,36.87818,41.10961,31.14482,28.01785,29.68164,31.40064,33.83785,33.94113,36.12478,38.94868,41.7732,50.0,46.04346,49.81967,49.39636,55.80323,54.08327,53.48832,55.71355,62.76942,56.61272,54.08327,59.22837,55.7315,61.66036,58.21512,55.54278,56.08921,63.15061,60.53098,59.3043,52.34501,63.50591,51.08816,58.03447,55.14526,52.34501,55.03635,54.45181,49.49747,51.66237,48.76474,50.92151,51.1957,53.85165,49.72927,50.15974,46.48656,54.78138,47.75982,47.43416,52.0,41.59327,52.3259,53.33854,52.35456,46.95743,51.86521,52.7731,47.16991
8.544,9.21954,9.05539,9.21954,9.21954,9.21954,10.04988,10.04988,10.04988,10.04988,10.04988,10.0,10.04988,10.04988,10.04988,11.0,10.0,9.0,10.0,10.0,10.0,10.0,9.0,10.04988,10.04988,10.04988,10.04988,10.0,11.04536,10.19804,10.0,10.0,10.0,9.05539,10.0,9.05539,10.0,9.0,8.0,9.0,8.06226,8.06226,8.06226,7.0,7.07107,7.07107,7.07107,6.32456,6.08276,6.32456,6.32456,5.38516,49.09175,47.16991,49.16299,43.28972,51.1957,44.38468,50.9902,54.91812,47.75982,45.35416,53.31041,48.75449,57.58472,52.39275,51.62364,56.0803,61.09828,61.84658,58.18075,55.03635,57.77543,55.03635,54.70832,52.80152,56.0803,59.05929,50.53712,56.30275,56.46238,61.05735,53.85165,53.85165,54.626,54.08327,48.54894,52.35456,52.15362,52.83938,50.60632,50.9902,49.24429,46.61545,49.64877,49.98,46.17359,41.78516,43.73786,47.80167,39.29377,35.73514,40.31129,37.94733,39.56008,35.69314,36.22154,36.12478,41.19466,29.01724,32.06244,28.0,37.05401,37.33631,34.36568,35.22783,42.75512,46.09772,45.70558,45.60702,52.88667,56.08921,56.85948,58.30952,52.35456,58.66856,55.07268,55.9464,60.20797,55.21775,63.41136,59.03389,63.25346,59.66574,57.62812,58.0517,59.46427,56.58622,60.60528,48.9183,57.28001,53.60037,54.81788,55.0,51.61395,51.97115,53.82379,53.53504,55.47071,53.53504,51.10773,49.1935,52.39275,47.16991,49.65884,46.14109,45.60702,48.38388,53.16014,48.08326,48.27007,58.0517,45.12206,51.62364,49.25444,50.9902
9.48683,10.19804,10.04988,10.19804,10.19804,10.19804,11.04536,10.04988,11.04536,10.04988,11.18034,11.04536,11.04536,11.04536,10.04988,11.04536,11.04536,10.04988,11.0,10.0,10.04988,11.0,10.04988,11.0,11.0,11.0,11.0,11.0,11.0,10.0,10.0,11.0,10.0,10.04988,10.04988,10.04988,10.19804,9.05539,9.05539,9.21954,8.24621,9.21954,8.24621,8.24621,8.24621,7.28011,7.28011,7.28011,7.28011,6.7082,6.7082,6.7082,49.0408,50.03998,50.08992,49.81967,51.66237,47.51842,45.39824,48.6621,52.20153,54.40588,53.60037,53.22593,57.56735,53.45091,52.88667,56.46238,58.18935,59.61543,51.26402,60.41523,57.93962,49.33559,51.42956,53.16014,51.07837,56.46238,53.85165,54.56189,53.85165,56.79789,54.626,54.626,55.00909,46.52956,55.4617,47.53946,46.52956,53.22593,44.59821,53.7122,51.42956,48.38388,50.92151,49.0408,43.9659,46.17359,42.2019,42.75512,40.26164,37.36308,41.0,38.07887,32.38827,36.49658,34.36568,36.05551,36.05551,32.14032,29.06888,35.0571,34.0,37.0,39.11521,37.33631,40.60788,47.67599,49.64877,52.39275,49.47727,59.20304,57.93962,52.80152,60.37384,60.92618,63.13478,55.9017,57.14018,55.47071,63.60031,60.21628,62.62587,59.5483,64.40497,57.28001,60.959,62.2254,54.40588,55.9017,55.31727,51.73973,54.91812,55.22681,52.69725,52.80152,53.0,49.39636,55.22681,52.47857,55.4617,51.61395,54.78138,50.53712,44.59821,50.56679,45.22168,49.0408,54.57105,45.60702,51.41984,53.16014,51.41984,56.921,48.27007,48.16638
9.48683,9.21954,9.21954,9.21954,9.21954,9.21954,10.04988,10.04988,10.04988,10.04988,11.18034,10.04988,10.04988,10.04988,10.04988,11.0,10.0,10.0,10.0,10.0,10.0,10.0,10.0,10.0,10.0,10.04988,10.04988,11.04536,10.04988,10.04988,9.05539,10.04988,10.04988,9.05539,9.05539,9.0,10.0,8.0,8.0,8.0,8.06226,8.0,8.0,7.0,7.07107,7.0,7.07107,6.08276,6.32456,6.32456,6.32456,5.38516,50.59644,44.28318,53.53504,45.48626,52.20153,53.60037,51.86521,53.15073,54.81788,53.90733,56.40035,52.34501,60.20797,59.46427,55.22681,62.24147,62.93648,58.72819,55.44367,55.15433,60.87693,56.0803,58.41233,53.8145,56.58622,53.15073,52.00961,60.60528,57.48913,56.0803,52.20153,52.49762,55.44367,63.41136,51.31277,57.80138,50.9902,52.80152,56.56854,51.85557,51.85557,48.9183,54.45181,54.45181,48.10405,49.51767,43.93177,41.03657,39.62323,37.01351,38.20995,37.80212,37.80212,39.11521,39.96248,32.75668,34.53983,30.80584,30.23243,34.0147,38.01316,35.4683,40.49691,37.69615,41.10961,49.33559,43.68066,50.96077,49.64877,59.66574,58.13777,55.03635,57.14018,63.03174,56.0803,60.01666,61.40033,60.53098,64.49806,59.43904,65.62012,64.13267,62.16912,58.24946,60.44005,60.40695,64.03124,51.24451,59.43904,55.08176,56.75385,58.69412,53.15073,50.80354,58.30952,55.08176,54.23099,58.07753,53.23533,54.08327,50.08992,47.04253,56.22277,52.08647,46.01087,48.16638,53.33854,52.95281,48.70318,52.46904,48.27007,51.5461,52.63079,51.86521
9.21954,9.21954,9.21954,9.89949,9.21954,9.21954,9.89949,9.89949,9.89949,9.21954,10.63015,10.0,10.63015,10.0,9.89949,10.0,10.0,9.21954,10.0,10.0,9.21954,10.0,9.21954,9.43398,10.0,10.0,9.43398,10.0,10.81665,9.43398,10.0,10.0,9.43398,9.21954,9.21954,9.21954,9.21954,8.48528,8.48528,8.48528,8.48528,8.48528,7.81025,7.81025,7.81025,6.40312,7.2111,6.40312,7.2111,7.2111,6.7082,6.7082,47.85394,46.23851,48.27007,48.25971,47.16991,48.16638,49.0408,50.15974,51.0392,51.0098,52.34501,52.34501,61.03278,52.08647,56.00893,52.08647,57.0,60.07495,53.23533,54.14795,64.62971,54.00926,55.57877,51.35173,51.15662,54.33231,53.60037,54.33231,53.46027,58.69412,52.61179,55.9017,50.24938,54.34151,51.41984,53.08484,47.53946,49.24429,52.08647,50.15974,49.64877,52.00961,46.0,47.0,44.04543,49.0,45.09989,41.19466,38.11824,40.1995,37.12142,39.05125,36.49658,32.55764,33.52611,35.69314,35.1141,28.28427,31.57531,35.44009,35.17101,34.78505,39.56008,39.0,40.24922,45.18849,46.32494,48.82622,48.54894,58.83026,51.61395,50.9902,54.48853,60.1415,57.28001,58.0,55.60576,60.80296,62.80127,58.00862,56.40035,61.58734,60.0,56.0803,54.6443,54.70832,60.21628,48.25971,56.30275,52.80152,52.49762,57.80138,53.15073,48.9183,55.22681,49.51767,57.00877,49.0408,50.20956,55.9017,46.69047,50.44799,48.41487,50.60632,49.73932,46.61545,51.40039,50.0,52.7731,55.07268,45.18849,54.3783,52.83938,51.24451
8.544,9.48683,8.544,9.48683,8.544,9.48683,9.84886,9.84886,9.84886,8.94427,9.84886,10.29563,9.84886,10.29563,9.84886,10.29563,10.29563,8.94427,10.29563,9.43398,9.84886,9.43398,8.94427,9.43398,10.29563,10.81665,10.81665,10.29563,10.29563,9.43398,8.94427,9.43398,9.43398,8.94427,9.43398,8.94427,8.94427,8.544,8.544,8.544,7.28011,8.544,7.28011,7.28011,7.28011,6.32456,6.32456,6.08276,6.08276,6.08276,6.0,6.0,51.0392,48.60041,50.24938,41.72529,51.85557,50.93133,55.22681,50.9902,50.24938,50.24938,50.80354,56.85948,61.61169,58.5235,55.47071,60.03332,60.20797,56.61272,53.82379,57.80138,55.9464,59.16925,51.97115,51.97115,52.7731,56.60389,54.56189,56.36488,54.08327,60.00833,54.56189,57.70615,58.83026,54.12024,55.71355,46.14109,58.18075,52.3259,55.75841,48.76474,50.60632,54.6443,49.20366,51.61395,47.80167,44.65423,44.65423,45.45327,41.40048,38.94868,41.72529,34.05877,43.13931,41.01219,37.01351,34.4093,36.24914,31.14482,26.1725,30.41381,32.20248,35.60899,33.12099,34.98571,39.96248,47.01064,46.51881,48.8467,51.26402,55.15433,53.75872,54.34151,54.34151,56.88585,58.42089,53.33854,56.56854,58.13777,62.07254,59.00847,56.00893,58.13777,56.00893,53.15073,55.03635,60.07495,54.14795,49.0,48.16638,53.00943,53.0,57.07889,52.46904,52.23983,53.60037,50.80354,52.23983,53.60037,57.00877,48.50773,54.91812,48.46648,49.64877,47.53946,51.5461,49.0408,48.76474,44.59821,52.3259,44.77723,46.51881,51.89412,54.58938,47.16991
9.0,9.05539,9.05539,10.04988,9.05539,9.05539,10.19804,9.21954,9.21954,9.21954,10.19804,10.19804,10.19804,10.44031,10.19804,10.44031,10.44031,9.21954,9.48683,9.48683,9.21954,9.48683,9.21954,10.77033,10.44031,9.48683,9.48683,10.44031,10.77033,9.48683,9.48683,9.48683,9.48683,9.21954,8.24621,8.24621,9.05539,9.05539,8.06226,8.06226,7.0,8.06226,8.06226,7.07107,7.0,6.0,7.0,6.0,6.0,6.08276,6.08276,6.32456,48.82622,46.04346,48.10405,48.10405,50.9902,48.16638,49.0408,51.08816,52.15362,51.22499,53.82379,53.00943,58.24946,56.85948,53.82379,56.36488,59.90826,57.3062,53.85165,58.83026,60.20797,56.85948,55.36244,55.4617,52.7731,56.4358,50.11986,55.4617,57.80138,63.15853,56.79789,58.18075,54.12024,55.4617,54.56189,53.7122,52.7731,53.14132,51.62364,47.88528,50.77401,51.08816,52.69725,46.61545,46.14109,49.81967,44.04543,44.82187,40.36087,36.79674,37.64306,36.06938,38.60052,36.06938,33.30165,33.6006,34.1321,31.89044,29.73214,27.45906,31.62278,33.61547,35.8469,37.69615,38.58756,42.95346,42.94182,45.18849,45.88028,54.23099,55.08176,51.35173,56.0357,56.32051,56.14268,56.4358,56.00893,56.0,62.03225,53.03772,58.00862,58.85576,57.03508,52.61179,52.23983,54.03702,56.4358,51.15662,56.14268,53.08484,52.15362,53.08484,51.0,52.03845,55.03635,51.35173,56.56854,54.58938,54.74486,54.33231,52.39275,47.67599,49.72927,46.57252,51.92302,52.20153,54.40588,52.81098,50.69517,54.12024,49.98,52.55473,53.14132,50.24938
9.48683,9.48683,9.21954,10.44031,10.44031,10.19804,10.19804,10.19804,10.19804,10.19804,11.18034,11.18034,11.18034,10.19804,10.19804,11.18034,10.04988,10.04988,10.04988,10.04988,10.19804,10.04988,10.19804,10.04988,11.18034,10.04988,10.04988,11.18034,11.04536,10.04988,10.19804,10.04988,10.19804,10.19804,10.04988,9.21954,10.19804,9.48683,8.24621,8.24621,8.544,8.544,8.544,7.61577,7.61577,7.28011,7.61577,6.7082,6.7082,6.7082,6.40312,6.40312,49.24429,43.93177,48.46648,46.09772,45.88028,44.01136,51.47815,47.85394,56.82429,49.92995,52.15362,49.92995,55.22681,56.0803,52.15362,60.0,62.68174,57.68882,55.21775,52.43091,57.48913,54.70832,58.25805,53.33854,56.0803,55.21775,50.60632,54.48853,56.40035,53.8145,51.08816,49.20366,52.00961,54.03702,45.0,50.0,52.43091,49.40648,51.97115,51.40039,46.87217,47.01064,52.3259,46.06517,42.04759,44.28318,39.21734,44.01136,37.57659,38.27532,34.53983,30.08322,33.95585,37.85499,33.73426,29.42788,29.15476,28.23119,32.44996,34.43835,35.35534,36.76955,35.44009,35.4683,43.32436,46.17359,43.73786,47.51842,48.83646,53.33854,53.03772,50.03998,55.0,56.00893,58.0517,54.14795,55.57877,54.91812,57.07013,58.24946,61.66036,59.48109,60.63827,54.70832,55.97321,58.82176,58.69412,51.5461,57.87055,59.20304,55.31727,57.72348,50.63596,53.36666,53.36666,53.60037,54.45181,52.46904,57.42822,53.60037,54.58938,49.16299,57.07889,48.37355,52.46904,53.00943,54.03702,53.03772,50.63596,50.0,47.01064,53.33854,49.36598,51.97115
9.84886,9.43398,10.0,10.81665,10.81665,9.43398,10.81665,10.0,10.81665,10.0,11.40175,11.40175,11.40175,11.40175,10.81665,12.04159,10.63015,10.63015,10.63015,11.31371,10.63015,11.31371,10.63015,11.31371,10.63015,11.31371,11.31371,11.31371,11.31371,10.63015,10.63015,10.63015,10.63015,10.63015,9.89949,10.0,10.0,10.0,9.43398,8.60233,8.60233,8.60233,8.60233,7.81025,8.06226,7.2111,7.2111,7.2111,7.61577,7.61577,6.32456,6.32456,49.20366,50.47772,47.85394,44.41846,53.23533,42.95346,47.53946,48.27007,49.47727,46.48656,46.57252,48.76474,53.16014,51.92302,51.5461,51.62364,63.06346,53.36666,53.36666,55.7853,58.24946,57.28001,47.16991,47.53946,50.01,52.7731,54.91812,51.35173,48.37355,51.35173,48.08326,52.39275,57.27128,50.35871,49.16299,47.07441,47.67599,51.78803,46.87217,44.38468,47.43416,45.69464,50.28916,45.60702,43.46263,41.23106,39.56008,40.8534,30.8707,34.43835,37.16181,34.66987,36.23534,33.6006,36.71512,35.0,31.82766,29.83287,30.08322,30.67572,34.17601,34.9285,36.76955,36.23534,41.18252,47.16991,46.87217,49.0408,46.40043,56.85068,51.73973,53.8145,57.80138,60.82763,56.0803,54.48853,55.21775,57.68882,65.0,65.0,61.29437,58.59181,56.93856,59.23681,60.00833,57.70615,57.24509,57.69749,57.77543,55.4617,54.12024,59.03389,56.93856,55.4617,58.66856,53.85165,56.93856,61.40033,58.00862,55.60576,55.60576,54.20332,45.0,51.61395,51.08816,55.97321,53.8145,49.51767,50.24938,51.08816,45.45327,53.2635,49.81967,53.07542
9.43398,8.60233,9.21954,9.21954,10.0,9.21954,9.89949,9.89949,9.89949,9.89949,10.63015,10.63015,10.63015,9.89949,9.21954,10.63015,9.21954,10.63015,9.21954,9.89949,9.89949,9.21954,9.89949,10.0,10.0,10.0,10.0,10.63015,10.0,10.0,9.21954,9.89949,9.21954,9.21954,9.89949,9.89949,9.21954,8.48528,8.48528,7.81025,8.60233,7.81025,7.81025,7.2111,7.2111,7.2111,6.7082,7.2111,6.7082,6.7082,6.32456,6.32456,44.59821,46.23851,49.33559,48.50773,45.39824,49.64877,49.49747,51.41984,53.03772,52.08647,52.08647,54.08327,56.14268,51.08816,53.0,56.00893,60.00833,56.00893,56.0803,57.03508,58.03447,54.00926,56.56854,57.03508,51.0392,53.03772,56.0357,53.15073,53.00943,56.56854,52.7731,55.22681,51.0098,57.14018,49.36598,54.0,55.00909,52.15362,53.03772,52.03845,47.0,46.09772,44.18144,47.16991,43.04649,46.38965,46.09772,43.18565,42.29657,39.11521,36.12478,33.73426,34.71311,37.10795,30.46309,33.83785,35.35534,29.42788,30.41381,31.57531,35.51056,34.17601,40.80441,38.32754,43.08132,48.33218,49.24429,50.60632,50.53712,56.4358,58.25805,51.85557,54.67175,56.22277,58.79626,58.0,61.07373,60.60528,63.12686,61.7171,61.03278,57.80138,58.25805,59.20304,60.46487,59.64059,63.51378,52.20153,59.40539,58.24946,55.47071,61.05735,55.31727,60.30755,57.00877,52.49762,59.66574,58.25805,55.9017,59.5483,56.58622,56.72742,63.60031,52.80152,52.63079,53.15073,49.51767,48.16638,55.0,55.21775,47.50789,54.70832,57.2014,48.76474
8.544,8.94427,8.94427,9.84886,8.94427,8.94427,8.94427,9.43398,9.43398,9.43398,10.29563,10.0,9.43398,10.0,9.43398,10.0,10.0,9.43398,10.0,9.43398,9.43398,10.0,9.43398,10.0,10.0,10.63015,9.21954,10.0,10.63015,9.21954,9.21954,10.0,9.21954,8.60233,9.21954,8.60233,9.43398,8.06226,8.06226,8.06226,8.06226,8.06226,8.06226,7.2111,6.7082,6.7082,6.7082,6.7082,5.38516,6.32456,6.32456,5.09902,53.2635,52.49762,42.44997,52.63079,45.79301,49.20366,52.20153,53.82379,48.8774,45.80393,49.73932,51.0,57.70615,57.45433,52.35456,55.54278,60.41523,55.03635,53.33854,54.58938,60.41523,57.24509,53.45091,54.12947,54.12024,59.5399,55.71355,55.71355,51.26402,57.87055,50.69517,53.22593,53.66563,55.54278,50.92151,49.73932,52.0,53.66563,50.77401,48.8467,48.75449,49.1935,49.24429,48.25971,45.22168,46.64762,41.34005,43.60046,35.80503,42.80187,41.04875,36.23534,36.23534,36.40055,36.12478,36.12478,31.82766,28.6531,31.76476,30.23243,29.73214,33.42155,33.97058,34.82815,40.31129,43.13931,43.41659,49.0408,52.43091,51.22499,53.85165,49.1935,52.3259,56.82429,60.83584,55.9464,53.75872,52.39275,63.60031,55.08176,62.64184,56.51548,59.43904,53.36666,55.9017,57.87055,54.91812,53.15073,52.46904,54.58938,50.9902,53.60037,54.12024,52.20153,58.5235,54.40588,59.23681,53.48832,55.65968,54.12947,55.02727,46.09772,58.69412,53.23533,50.56679,55.9464,51.89412,51.88449,52.69725,50.60632,47.50789,49.73932,50.47772,47.50789
9.43398,9.43398,9.21954,9.21954,9.21954,9.21954,9.89949,9.21954,10.63015,9.89949,10.63015,9.89949,9.89949,9.89949,9.89949,10.63015,9.21954,9.89949,9.21954,9.89949,9.21954,10.0,9.21954,10.0,10.63015,10.0,10.0,10.0,10.0,10.0,9.21954,9.21954,9.21954,9.21954,9.21954,9.21954,9.21954,8.48528,8.48528,7.81025,7.81025,7.81025,7.81025,7.2111,7.2111,7.2111,7.2111,6.40312,7.2111,6.7082,6.7082,6.32456,48.33218,47.43416,51.66237,46.52956,53.75872,50.24938,51.15662,51.35173,48.04165,45.04442,51.35173,54.03702,59.07622,51.0098,55.00909,54.23099,57.00877,55.03635,53.15073,52.15362,61.29437,54.03702,50.01,51.47815,50.08992,55.00909,53.60037,50.63596,53.60037,59.84146,53.46027,58.54912,50.15974,53.15073,54.12947,52.15362,54.58938,51.97115,47.26521,52.23983,46.17359,50.15974,44.0,44.01136,39.0,43.0,44.01136,40.11234,39.20459,35.0571,37.0,40.11234,33.06055,32.38827,35.51056,36.13862,30.46309,29.83287,29.27456,29.42788,31.62278,31.62278,34.17601,38.07887,38.07887,44.38468,45.27693,44.65423,47.41308,53.00943,51.22499,53.90733,50.9902,61.22091,57.31492,55.17246,58.0,60.1415,58.13777,57.00877,57.00877,54.3783,60.1415,53.53504,59.07622,55.80323,61.03278,49.40648,53.25411,54.81788,46.75468,55.80323,54.03702,53.07542,58.79626,56.0803,55.22681,54.48853,53.03772,55.17246,50.93133,54.56189,51.10773,52.00961,53.00943,51.97115,52.00961,53.82379,54.08327,55.0,47.70744,51.86521,50.11986,46.06517
8.544,8.544,8.94427,9.84886,8.94427,8.94427,9.43398,9.43398,9.43398,9.43398,9.84886,10.29563,10.29563,10.29563,10.29563,10.0,10.0,9.43398,10.0,10.0,10.0,9.21954,8.60233,10.0,10.0,10.0,9.21954,10.63015,10.63015,9.89949,9.21954,9.21954,9.21954,9.21954,8.60233,8.60233,9.43398,8.06226,8.06226,8.06226,7.2111,8.06226,8.06226,6.7082,6.7082,5.83095,6.7082,6.32456,6.32456,6.32456,6.08276,6.08276,50.47772,51.10773,47.88528,45.61798,45.65085,48.8467,51.24451,55.97321,45.22168,53.75872,53.14132,52.88667,60.41523,57.56735,54.12024,57.70615,63.32456,59.43904,58.94065,57.87055,58.85576,56.32051,58.21512,59.22837,58.0517,59.84146,54.12947,62.28965,53.23533,57.14018,51.97115,55.57877,52.46904,60.20797,56.88585,54.45181,51.15662,54.45181,50.69517,50.9902,52.17279,48.27007,51.41984,49.49747,50.01,46.84015,46.17359,47.16991,43.08132,36.24914,39.39543,44.01136,35.8469,33.54102,40.49691,31.40064,33.42155,27.313,29.06888,25.55386,34.98571,28.17801,34.05877,35.51056,35.60899,46.40043,45.27693,48.10405,43.93177,52.40229,50.32892,51.40039,54.40588,57.14018,53.85165,53.53504,51.97115,56.0803,60.83584,55.9017,57.24509,55.4617,58.18075,56.75385,58.5235,55.02727,60.16644,48.70318,59.80803,56.85948,51.42956,53.85165,54.20332,54.12947,56.4358,52.43091,55.56978,55.07268,53.23533,57.14018,56.22277,51.61395,56.22277,55.31727,53.90733,53.07542,55.9017,50.80354,45.96738,51.73973,48.9183,52.34501,54.67175,55.17246
9.21954,9.89949,10.63015,11.31371,11.31371,9.89949,10.63015,10.63015,10.63015,11.40175,12.04159,11.40175,11.40175,11.40175,10.63015,12.20656,10.81665,11.40175,10.81665,11.40175,11.40175,10.81665,10.81665,11.6619,10.81665,10.81665,11.6619,11.6619,11.6619,10.81665,10.81665,10.81665,10.81665,10.81665,10.0,10.0,10.63015,9.21954,9.21954,9.21954,9.21954,9.21954,9.21954,8.48528,8.48528,7.81025,7.81025,7.81025,7.81025,7.81025,7.2111,7.2111,46.48656,46.84015,49.47727,45.70558,45.17743,49.81967,46.17359,53.0,53.08484,52.03845,51.08816,53.03772,59.3043,56.0,54.00926,54.03702,58.07753,60.20797,52.23983,58.21512,62.64982,55.08176,56.08921,58.00862,52.46904,60.53098,56.32051,59.43904,57.07889,56.29387,49.49747,53.15073,54.45181,59.03389,51.1957,56.32051,57.28001,55.10898,54.33231,49.81967,48.04165,49.0,50.15974,51.15662,46.04346,44.04543,43.18565,43.01163,37.05401,38.0,40.1995,36.01389,33.24154,36.49658,37.85499,34.71311,34.53983,26.4764,31.04835,28.63564,36.76955,30.8707,35.35534,34.78505,39.81206,40.8534,42.04759,46.2277,46.32494,54.6443,53.90733,51.66237,51.66237,53.8145,55.17246,57.31492,59.4138,59.20304,60.87693,57.2014,62.42596,58.60034,59.64059,51.86521,52.47857,59.07622,62.80127,45.80393,57.80138,58.41233,54.48853,59.03389,51.08816,52.80152,50.32892,52.3259,55.17246,56.56854,54.56189,50.91169,57.38467,51.62364,51.66237,49.20366,50.21952,49.39636,54.20332,53.41348,47.70744,51.47815,49.1935,51.62364,53.31041,58.30952
9.05539,9.0,9.0,10.0,9.0,9.0,9.0,9.0,10.0,9.05539,10.0,10.04988,10.0,10.04988,10.0,10.04988,10.04988,9.05539,10.04988,9.05539,9.05539,10.04988,9.05539,10.19804,10.04988,10.19804,9.21954,10.19804,10.19804,9.21954,9.05539,9.05539,9.05539,9.05539,9.05539,9.05539,9.0,8.0,8.0,8.0,8.0,8.0,7.0,7.0,7.07107,6.0,6.08276,6.08276,6.08276,6.08276,5.38516,5.38516,50.08992,48.30114,48.02083,48.02083,52.47857,46.64762,51.0392,54.20332,54.20332,52.40229,50.24938,53.90733,59.4138,55.31727,58.41233,60.30755,64.38167,59.4138,59.46427,55.86591,65.06919,54.48853,54.81788,55.9017,54.56189,63.70243,55.86591,58.79626,53.2635,59.66574,55.97321,53.41348,55.31727,58.89822,54.81788,53.15073,60.87693,55.9017,56.0803,50.20956,53.03772,47.50789,52.00961,51.73973,49.81967,47.63402,41.34005,42.43819,34.98571,41.04875,40.22437,39.96248,38.58756,34.98571,38.62642,38.01316,34.53983,30.23243,27.45906,27.78489,33.01515,32.24903,36.67424,34.17601,36.24914,41.76123,43.9659,42.72002,45.22168,48.70318,55.7315,54.14795,52.00961,53.15073,52.03845,54.0,48.25971,55.7315,59.5399,51.97115,58.54912,59.5399,59.5399,57.27128,52.95281,54.70832,56.7186,50.80354,52.34501,52.49762,52.7731,57.70615,52.03845,50.35871,52.00961,49.0408,58.03447,54.08327,51.08816,51.0098,54.0,45.27693,46.38965,50.48762,46.17359,51.47815,50.24938,51.97115,51.1957,49.81967,45.88028,52.20153,50.96077,45.35416
10.19804,10.19804,10.44031,11.40175,10.44031,11.18034,11.40175,10.44031,11.40175,10.77033,11.7047,11.7047,11.7047,11.7047,11.7047,11.7047,11.7047,10.44031,11.7047,11.7047,10.77033,10.77033,10.77033,11.18034,11.18034,11.18034,11.18034,10.77033,12.08305,10.77033,10.77033,10.77033,10.77033,10.77033,10.77033,9.84886,10.44031,9.48683,9.48683,9.48683,9.21954,9.21954,9.21954,8.24621,8.06226,8.24621,8.06226,8.06226,7.07107,7.07107,7.0,7.0,47.92703,48.76474,48.02083,48.82622,53.60037,49.64877,54.03702,50.93133,51.66237,50.93133,55.60576,53.41348,58.13777,56.72742,52.49762,58.25805,62.96825,57.28001,55.97321,53.74012,63.65532,55.31727,55.21775,55.17246,53.15073,58.13777,51.66237,54.08327,55.9017,60.30755,55.9017,52.34501,53.03772,52.49762,54.56189,50.93133,48.9183,48.79549,49.67897,52.34501,49.81967,44.65423,45.80393,50.32892,47.43416,46.61545,40.31129,48.82622,41.6173,41.04875,43.04649,36.71512,34.66987,35.35534,33.83785,39.21734,36.40055,31.82766,29.0,31.241,33.83785,33.28663,33.61547,38.27532,38.47077,46.61545,48.8467,48.8467,48.70318,55.15433,58.69412,48.50773,55.7315,56.88585,58.54912,55.44367,58.0,54.08327,61.0,62.1289,62.20129,59.84146,58.30952,56.88585,57.14018,55.57877,57.21888,50.24938,56.32051,47.38143,52.34501,56.4358,54.74486,51.08816,50.08992,49.0102,50.0,49.0102,53.33854,50.03998,52.15362,45.39824,49.81967,48.25971,48.09366,49.47727,54.74486,50.44799,49.98,47.80167,48.10405,53.16014,48.10405,49.24429
10.81665,10.81665,10.63015,11.40175,11.40175,10.81665,10.63015,10.63015,11.40175,10.63015,11.40175,12.04159,12.04159,12.04159,11.40175,12.04159,11.31371,10.63015,11.31371,11.31371,10.63015,11.31371,10.63015,11.31371,11.31371,11.31371,10.63015,12.04159,12.04159,10.63015,9.89949,11.31371,11.31371,9.89949,9.89949,9.89949,10.63015,10.0,9.21954,9.21954,9.21954,9.21954,9.21954,7.81025,8.60233,7.81025,8.06226,8.06226,8.06226,8.06226,7.61577,6.7082,45.80393,49.0408,48.8774,44.10215,52.47857,43.41659,48.8774,53.22593,55.03635,50.08992,53.7122,55.71355,55.71355,59.23681,52.80152,52.55473,63.32456,57.24509,53.14132,51.5461,57.28001,57.00877,49.0306,50.44799,53.60037,54.81788,49.72927,56.75385,52.88667,58.0517,52.81098,50.21952,55.08176,59.22837,49.0306,49.0408,50.48762,50.48762,51.24451,46.48656,49.33559,47.92703,47.43416,51.62364,43.46263,49.65884,38.83298,40.49691,37.57659,37.21559,40.24922,36.71512,36.23534,38.47077,31.38471,34.71311,30.61046,29.15476,29.06888,29.96665,30.52868,35.80503,33.83785,36.89173,40.45986,45.60702,46.01087,50.0,48.79549,53.75872,57.2014,55.21775,56.93856,56.60389,57.70615,55.56978,55.00909,57.58472,62.39391,56.64804,56.921,61.40033,56.64804,58.24088,59.20304,60.72891,59.09315,48.38388,55.65968,54.78138,49.65884,54.08327,53.7122,51.5461,48.46648,50.9902,53.7122,56.36488,54.70832,50.77401,54.3783,44.94441,54.81788,49.09175,49.40648,45.60702,54.08327,53.00943,51.73973,54.20332,49.67897,50.91169,49.57822,49.57822
9.21954,9.21954,9.21954,9.89949,9.89949,9.89949,9.89949,9.89949,9.89949,10.0,10.63015,10.63015,10.63015,10.63015,9.89949,10.63015,10.63015,10.0,10.0,10.0,9.21954,10.0,10.0,10.0,10.0,10.0,10.0,10.0,10.0,10.0,9.21954,9.21954,9.21954,9.21954,9.21954,9.21954,9.21954,8.48528,8.48528,8.48528,7.81025,8.48528,7.81025,7.81025,7.81025,7.2111,7.2111,7.2111,7.2111,6.7082,6.7082,6.32456,47.80167,52.39275,49.72927,47.51842,53.33854,53.75872,48.16638,50.08992,46.0,54.00926,56.00893,50.03998,61.0082,50.03998,60.03332,54.45181,58.03447,58.13777,53.08484,59.00847,64.03124,54.00926,54.08327,54.23099,54.00926,55.00909,50.01,57.14018,52.03845,58.0517,54.45181,57.14018,50.0,54.58938,52.46904,50.03998,53.15073,49.0408,51.0098,48.16638,50.08992,50.0,44.0,49.25444,47.26521,48.37355,45.70558,41.7732,41.59327,40.79216,38.63936,35.17101,31.7805,33.83785,34.78505,36.24914,32.89377,28.28427,32.01562,28.01785,31.06445,36.49658,41.59327,40.4475,37.65634,43.93177,45.35416,47.53946,47.43416,54.78138,52.0,53.25411,51.61395,63.24555,54.40588,56.85948,59.03389,58.69412,65.76473,56.0803,58.41233,58.0517,61.6198,60.10824,63.12686,53.60037,60.1415,48.10405,55.44367,56.85068,48.16638,53.41348,51.62364,50.9902,50.9902,55.44367,54.67175,51.62364,51.22499,50.93133,50.9902,52.20153,54.56189,47.01064,51.10773,48.02083,52.69725,50.60632,53.31041,56.85948,42.95346,51.47815,58.18075,55.00909
10.63015,10.63015,10.63015,11.31371,11.31371,11.31371,11.31371,10.63015,10.63015,11.40175,11.31371,12.04159,12.04159,12.04159,11.31371,12.80625,11.40175,11.40175,11.40175,11.40175,11.40175,11.40175,11.40175,11.40175,12.20656,11.40175,10.81665,12.20656,12.20656,11.6619,10.81665,11.40175,10.81665,10.81665,10.81665,10.0,10.63015,9.89949,9.89949,9.89949,9.21954,9.89949,9.89949,8.48528,8.48528,8.48528,7.81025,7.81025,7.81025,7.2111,8.06226,7.2111,43.17407,46.48656,52.15362,49.36598,47.26521,47.04253,49.09175,56.00893,50.01,56.00893,52.15362,54.08327,59.21149,55.08176,55.03635,55.3263,60.07495,59.3043,58.42089,51.35173,63.50591,53.00943,58.85576,54.34151,55.57877,55.7315,53.46027,57.48913,56.88585,58.94065,50.48762,57.87055,53.15073,57.87055,51.41984,58.0517,48.05206,51.78803,52.61179,48.37355,45.70558,49.16299,47.16991,47.26521,49.25444,39.01282,44.04543,43.10452,42.10701,35.0,37.0,33.13608,34.1321,38.32754,36.40055,39.81206,32.69557,32.01562,31.14482,30.59412,33.73426,34.71311,37.10795,37.65634,41.48494,48.46648,44.59821,49.76947,47.88528,56.46238,52.3259,57.98276,53.53504,62.42596,56.0803,61.07373,54.45181,57.98276,60.10824,58.0,62.93648,60.30755,61.55485,57.62812,60.30755,54.56189,62.36986,51.22499,62.62587,55.97321,51.73973,55.22681,54.48853,45.96738,50.93133,52.49762,53.03772,57.2014,48.41487,59.5483,52.69725,50.21952,56.0803,49.64877,51.62364,53.7122,53.53504,53.23533,48.33218,51.42956,44.28318,57.77543,55.36244,54.40588
9.21954,9.21954,9.21954,10.0,9.21954,9.21954,10.0,10.0,10.0,10.0,11.40175,10.81665,10.0,10.0,10.0,10.29563,10.29563,10.29563,10.29563,10.29563,10.29563,10.29563,9.43398,10.29563,10.29563,10.29563,9.84886,10.29563,9.84886,9.84886,8.94427,10.29563,9.84886,8.94427,8.94427,9.43398,9.43398,8.60233,8.60233,8.60233,8.60233,8.60233,8.60233,7.81025,7.81025,7.2111,7.07107,7.07107,7.07107,7.07107,7.2111,6.40312,47.01064,50.01,52.61179,47.26521,47.38143,48.16638,47.07441,50.96077,54.70832,52.81098,52.20153,56.0803,59.46427,56.30275,62.03225,59.09315,61.98387,53.48832,60.08328,56.61272,63.95311,53.85165,54.12024,56.35601,56.64804,54.08327,55.00909,58.66856,54.12947,63.13478,55.00909,59.9333,52.7731,56.4358,59.05929,54.626,53.66563,55.47071,54.42426,49.64877,52.39275,50.69517,47.53946,46.17359,47.80167,47.43416,45.35416,43.01163,44.38468,35.69314,39.05125,38.0526,39.29377,36.05551,36.22154,37.0,38.01316,31.257,28.07134,32.01562,32.01562,37.05401,36.12478,41.10961,37.05401,47.67599,46.84015,47.07441,49.0306,56.75385,52.81098,51.42956,55.4617,59.61543,53.22593,51.62364,53.25411,55.47071,62.20129,57.80138,59.81639,60.60528,59.36329,53.60037,54.03702,52.34501,62.20129,52.00961,58.79626,57.62812,51.0392,53.2635,53.0,54.58938,51.97115,49.1935,54.20332,51.97115,52.80152,49.64877,50.08992,51.89412,48.50773,48.46648,48.50773,43.65776,52.80152,50.59644,50.69517,52.20153,49.36598,52.34501,59.5399,47.51842
9.84886,10.29563,10.81665,10.81665,10.81665,10.29563,10.81665,10.81665,11.40175,10.81665,11.6619,12.20656,11.6619,11.40175,10.81665,12.04159,11.40175,11.40175,11.40175,12.04159,11.40175,11.31371,11.40175,12.04159,12.04159,11.40175,11.31371,12.04159,12.04159,11.31371,10.63015,11.31371,10.63015,10.63015,10.63015,10.0,10.81665,10.0,9.43398,9.43398,9.43398,9.43398,9.43398,8.06226,8.06226,8.06226,8.06226,8.06226,7.61577,7.61577,7.28011,7.28011,48.25971,47.01064,52.20153,46.06517,47.01064,44.38468,50.15974,52.49762,50.59644,57.56735,54.40588,47.07441,54.81788,53.60037,54.12024,60.41523,57.97413,59.22837,56.29387,55.54278,63.15061,55.02727,53.23533,55.7315,54.57105,55.10898,52.46904,61.29437,57.48913,62.28965,53.15073,54.12947,53.36666,56.14268,46.17359,50.21952,55.3263,49.36598,55.57877,50.44799,50.44799,49.0408,47.29693,48.38388,44.92215,45.18849,44.38468,42.37924,38.07887,33.24154,39.44617,40.24922,36.24914,34.43835,34.98571,37.20215,33.30165,26.83282,31.90611,28.23119,34.98571,35.0,36.35932,37.64306,38.27532,41.86884,41.86884,48.10405,45.34314,50.93133,53.75872,54.40588,53.25411,55.75841,53.53504,57.98276,53.53504,53.7122,60.92618,56.79789,54.626,57.38467,55.00909,55.97321,55.15433,51.62364,56.85948,47.01064,58.5235,52.0,49.39636,56.36488,51.0,49.1935,54.12024,53.25411,53.60037,52.69725,51.22499,53.53504,53.82379,51.0392,48.79549,47.63402,51.08816,49.51767,48.83646,48.79549,49.51767,51.73973,47.38143,52.34501,51.61395,49.20366
9.43398,8.94427,9.48683,9.84886,9.84886,9.84886,10.77033,10.77033,10.77033,10.77033,10.77033,11.7047,10.77033,10.44031,10.77033,11.40175,11.40175,10.44031,10.19804,10.44031,10.44031,10.44031,10.44031,11.18034,11.40175,11.40175,11.40175,11.40175,11.40175,11.18034,9.48683,10.44031,10.44031,9.48683,10.44031,9.84886,9.84886,8.94427,8.544,8.544,8.94427,8.94427,8.94427,7.61577,8.06226,6.7082,7.2111,7.2111,7.2111,6.40312,6.40312,5.65685,48.01042,51.08816,49.25444,44.55334,49.0408,47.80167,50.59644,55.36244,49.98,48.08326,53.85165,53.66563,60.16644,54.23099,59.61543,53.85165,58.60034,57.27128,55.4617,58.83026,62.64982,57.77543,51.31277,56.4358,53.85165,58.66856,57.80138,54.3783,55.54278,60.20797,53.0,60.74537,55.22681,58.24946,54.08327,56.4358,48.54894,54.08327,54.626,53.66563,49.39636,50.69517,45.18849,49.1935,42.95346,46.51881,43.65776,42.37924,39.92493,38.27532,39.21734,35.34119,37.94733,39.56008,34.9285,34.23449,38.01316,26.30589,30.26549,30.01666,32.01562,33.06055,34.23449,41.04875,39.0,43.01163,41.7732,44.59821,46.84015,54.81788,56.30275,49.33559,50.59644,56.64804,50.9902,51.89412,56.35601,51.86521,58.30952,55.22681,56.93856,59.07622,60.41523,56.40035,59.07622,55.80323,56.93856,48.8774,52.43091,51.97115,50.77401,55.75841,53.66563,51.47815,54.56189,53.7122,58.59181,50.60632,56.32051,56.64804,50.59644,50.96077,51.62364,48.50773,57.07013,53.60037,53.16014,51.41984,51.47815,54.58938,46.17359,47.38143,52.00961,45.04442
