12.04159,10.63015,10.63015,10.63015,9.21954,8.48528,8.48528,7.07107,7.07107,7.07107,5.65685,5.65685,5.0,5.0,4.47214,3.60555,3.16228,3.16228,3.0,3.0,3.0,3.16228,2.23607,3.16228,2.82843,2.82843,3.60555,3.60555,4.47214,4.47214,4.47214,4.47214,4.47214,5.83095,5.38516,5.83095,5.83095,5.83095,5.83095,5.83095,5.83095,5.83095,5.83095,6.40312,6.40312,6.40312,6.40312,5.65685,6.40312,5.83095,5.83095,5.38516,79.19596,73.87828,74.51845,66.48308,81.25269,69.42622,67.1193,60.90156,56.60389,49.73932,50.80354,46.52956,42.04759,41.18252,38.47077,35.8469,33.6006,30.61046,26.92582,21.93171,19.84943,19.84943,18.43909,14.86607,17.08801,14.86607,19.23538,17.11724,15.13275,17.02939,18.02776,18.43909,20.61553,19.31321,21.18962,20.61553,27.313,25.07987,28.16026,31.32092,30.80584,30.36445,31.32092,35.17101,33.73426,38.63936,33.13608,35.0571,33.01515,36.34556,36.0,33.54102,33.37664,35.44009,33.10589,34.88553,30.0,46.8615,46.87217,52.80152,53.75872,56.32051,55.9017,56.56854,58.21512,59.07622,61.20457,62.39391,62.36986,67.60178,67.91171,67.44627,71.17584,67.23095,75.39231,69.77822,73.92564,73.24616,73.81734,72.94518,68.41053,68.76772,74.51845,70.83784,67.94115,68.0147,64.3506,67.20863,60.82763,61.52235,58.69412,60.1415,58.69412,57.38467,57.31492,54.20332,59.64059,57.68882,57.14018,55.60576,57.70615,59.16925,65.36819,64.84597,60.00833,64.41273,70.68239,71.11962,76.47876,77.89737,79.25907,81.63333,75.47185,84.40379
13.0384,12.20656,12.20656,11.6619,10.81665,10.81665,9.43398,8.60233,8.60233,7.81025,7.2111,7.07107,7.07107,6.40312,5.65685,5.65685,5.0,5.0,4.47214,3.60555,3.16228,4.12311,3.16228,4.0,4.12311,3.16228,3.16228,3.60555,3.60555,3.60555,5.0,5.0,5.0,5.0,5.0,5.65685,5.65685,5.83095,5.83095,6.40312,6.40312,6.40312,6.40312,5.83095,6.40312,5.83095,6.7082,6.32456,6.32456,7.28011,6.08276,6.08276,76.32169,77.93587,75.47185,73.57309,73.57309,68.0,62.26556,61.91123,55.47071,51.62364,48.33218,51.31277,44.94441,40.22437,38.58756,36.87818,36.40055,29.83287,26.87006,24.20744,26.07681,20.61553,23.70654,19.69772,18.24829,18.43909,15.0333,17.0,18.78829,16.27882,18.68154,19.10497,18.38478,19.79899,22.67157,24.04163,25.4951,26.24881,30.41381,29.06888,26.90725,31.14482,33.24154,32.52691,35.0,33.30165,33.97058,36.12478,30.61046,34.71311,35.22783,34.82815,36.05551,39.82462,33.24154,34.48188,32.98485,47.20169,49.67897,52.34501,53.2635,53.25411,55.07268,57.70615,55.9017,57.77543,58.87274,66.7308,63.24555,68.94926,68.15424,67.68309,69.05071,72.36712,72.69113,70.34913,73.33485,72.02777,72.1734,77.02597,73.10951,70.0,69.0,72.00694,67.0,67.0,67.1193,64.12488,66.0303,63.12686,59.21149,58.13777,61.40033,57.72348,52.63079,56.04463,55.9464,54.08327,59.23681,54.58938,55.56978,58.83026,61.61169,63.82006,63.12686,69.02898,66.52819,68.593,73.40981,76.05919,77.83315,79.93122,82.21922,80.28076
12.08305,10.77033,10.77033,10.77033,9.84886,8.94427,8.06226,8.06226,7.61577,6.7082,6.7082,5.83095,5.83095,5.0,5.0,4.24264,4.24264,3.60555,3.60555,3.60555,3.16228,3.16228,3.0,3.0,3.16228,4.12311,4.47214,4.47214,4.47214,5.0,4.47214,5.0,5.0,5.0,5.83095,6.40312,6.40312,5.83095,6.40312,6.40312,7.2111,6.7082,7.2111,6.7082,6.7082,6.7082,6.7082,7.28011,7.28011,7.07107,6.08276,6.0,79.30952,74.95332,77.27872,72.18033,68.88396,65.9242,61.0,59.68249,54.74486,52.46904,47.26521,46.87217,44.55334,38.60052,36.40055,36.40055,33.24154,28.6531,31.01612,24.18677,24.59675,19.10497,17.80449,19.41649,19.20937,14.21267,15.81139,17.88854,16.27882,13.0384,16.12452,20.39608,22.13594,21.84033,20.80865,26.24881,26.83282,25.05993,29.68164,33.61547,32.01562,37.21559,35.35534,29.73214,31.38471,34.53983,34.43835,35.77709,35.73514,33.83785,35.1141,36.13862,35.17101,33.06055,34.0147,35.22783,37.65634,47.43416,47.41308,51.07837,52.20153,52.63079,53.15073,54.33231,55.22681,59.00847,54.08327,60.00833,64.03124,67.0,68.02941,69.35416,68.24954,74.73286,69.05071,74.52516,68.88396,65.96969,75.18643,69.92138,71.56815,70.21396,71.7844,69.28925,75.27284,64.51356,66.48308,61.68468,63.56886,61.98387,61.40033,62.16912,57.27128,56.56854,53.60037,60.29925,60.13319,59.07622,54.0,58.42089,56.88585,54.74486,63.32456,63.78871,60.87693,67.35726,67.06713,74.84651,72.8011,77.82031,76.2168,83.48653,82.8734,81.59657
12.20656,11.40175,10.81665,10.81665,10.0,9.21954,8.60233,7.81025,7.81025,6.40312,6.40312,6.40312,5.0,5.0,4.47214,4.47214,4.47214,4.12311,3.16228,3.0,3.0,2.0,3.0,2.23607,2.23607,2.23607,2.82843,2.23607,3.16228,3.16228,4.12311,3.16228,4.12311,4.12311,4.12311,4.47214,4.47214,5.38516,5.38516,4.47214,4.47214,5.38516,5.38516,5.0,5.0,5.0,5.65685,5.65685,5.65685,5.0,5.0,5.38516,76.40026,78.24321,73.81734,72.20111,70.80254,63.89053,61.6198,60.959,57.00877,51.08816,52.00961,47.50789,40.36087,35.80503,37.21559,37.80212,33.61547,29.52965,28.63564,27.85678,28.16026,20.61553,23.4094,17.0,15.0333,18.02776,16.55295,17.88854,17.0,16.97056,17.69181,18.78829,18.60108,24.18677,21.63331,23.70654,26.62705,24.18677,26.83282,27.29469,30.8707,28.63564,28.6531,31.06445,29.54657,33.61547,33.54102,32.75668,28.84441,29.83287,33.24154,37.53665,33.97058,33.24154,35.4683,31.76476,33.61547,46.04346,47.51842,53.60037,54.23099,56.0803,53.33854,55.56978,56.85948,57.2014,63.25346,62.00806,64.44377,64.53681,67.20863,68.68042,67.94115,68.62215,70.93659,74.20243,75.21303,75.16648,72.94518,77.38863,75.21303,72.56032,72.42237,71.34424,68.96376,71.19691,70.71068,64.66065,65.51336,65.51336,59.16925,62.26556,58.83026,59.07622,58.0,57.38467,60.10824,55.86591,61.22091,60.80296,61.03278,60.46487,55.75841,63.13478,64.84597,63.95311,70.21396,72.61543,74.24958,74.73286,79.84986,78.79086,78.77182,81.88406
12.52996,12.08305,12.08305,11.7047,10.77033,9.84886,8.94427,8.94427,8.06226,6.7082,6.7082,6.7082,5.83095,5.83095,5.0,5.0,5.0,4.24264,3.60555,2.82843,2.23607,2.23607,2.23607,2.0,2.0,3.16228,3.60555,2.23607,2.82843,3.60555,3.60555,4.24264,3.60555,4.24264,4.24264,5.0,5.65685,4.24264,5.0,5.65685,5.0,5.0,5.65685,5.0,5.83095,5.83095,5.38516,5.38516,5.38516,5.38516,5.09902,6.0,80.41144,76.53757,79.40403,70.0928,68.68042,65.25335,64.13267,63.34824,56.29387,54.70832,51.1957,43.9659,44.59821,40.71855,34.53983,37.33631,34.43835,29.96665,28.63564,24.59675,21.26029,21.63331,17.02939,17.80449,19.41649,17.08801,16.49242,13.0,13.0384,14.31782,19.41649,14.86607,19.72308,22.2036,24.20744,25.05993,24.18677,23.43075,28.6007,29.68164,30.0,31.40064,33.6006,30.52868,34.4093,31.06445,33.54102,34.48188,37.73592,35.77709,34.43835,36.76955,33.83785,39.05125,34.1321,33.13608,32.01562,50.0,52.15362,55.00909,54.78138,59.80803,55.36244,55.9017,61.18823,63.50591,62.28965,62.28965,66.0303,64.07027,69.00725,70.00714,68.18358,72.1734,71.56815,70.5762,74.8131,70.03571,71.80529,74.73286,70.40597,71.58911,70.21396,71.80529,66.94027,68.15424,65.25335,67.68309,60.82763,62.16912,61.66036,59.5399,58.21512,57.00877,56.00893,57.31492,55.3263,55.9017,57.07013,56.75385,63.06346,59.13544,58.5235,62.39391,66.85058,70.26379,70.23532,72.20111,72.20111,77.36924,76.05919,81.00617,81.85964,86.76405
10.77033,10.77033,10.77033,9.84886,9.84886,8.544,8.544,7.61577,6.32456,6.32456,6.32456,5.09902,5.09902,5.09902,4.12311,4.0,4.0,3.16228,3.16228,3.16228,3.16228,3.60555,2.82843,2.82843,3.60555,3.16228,3.16228,4.12311,4.12311,4.0,5.0,5.09902,5.0,5.0,6.0,6.0,6.0,6.08276,6.08276,6.08276,6.08276,7.07107,6.08276,6.08276,6.08276,6.32456,6.32456,6.32456,6.7082,5.83095,5.83095,6.40312,82.5409,78.77182,77.62087,69.46222,69.64194,65.0,62.03225,62.39391,53.7122,55.9464,47.53946,44.59821,40.71855,43.86342,38.07887,36.05551,33.52611,34.52535,27.07397,23.5372,22.09072,23.02173,20.09975,17.26268,21.18962,16.64332,16.64332,16.27882,15.0,15.81139,20.24846,19.69772,18.43909,20.61553,22.0,22.80351,25.01999,25.17936,29.06888,30.14963,29.27456,31.14482,29.15476,32.24903,31.257,33.01515,32.38827,35.22783,35.51056,37.10795,36.67424,35.4683,36.05551,36.76955,36.67424,33.61547,33.30165,46.0,50.35871,50.80354,53.15073,55.02727,57.38467,56.79789,62.17717,60.90156,59.16925,64.40497,66.4003,68.41053,70.29225,69.52697,67.17887,73.0,70.72482,74.24958,74.41102,70.83784,75.28612,71.40028,75.80237,71.61006,70.60453,70.0,65.80274,65.0,66.4003,61.84658,63.25346,57.80138,62.00806,58.72819,58.72819,60.959,57.00877,54.40588,56.30275,54.6443,57.70615,55.4617,59.23681,59.23681,62.03225,62.62587,65.0,68.24954,71.06335,71.70077,71.80529,74.73286,76.48529,79.83107,81.7435,81.02469
12.64911,12.64911,11.40175,11.7047,10.44031,9.48683,9.48683,8.544,8.24621,8.24621,7.28011,7.07107,6.08276,6.08276,5.09902,5.0,4.12311,4.0,4.0,4.0,4.12311,3.16228,3.16228,3.60555,2.82843,2.82843,3.16228,3.16228,3.16228,4.12311,4.12311,4.12311,4.12311,4.12311,5.09902,5.09902,5.0,5.09902,5.09902,5.09902,6.08276,5.09902,5.09902,5.38516,5.38516,5.38516,6.32456,5.83095,5.83095,5.83095,5.65685,5.65685,77.49194,78.74643,74.63243,74.0,69.07966,63.56886,62.24147,56.64804,53.85165,52.92447,47.12749,41.62932,44.92215,40.8534,32.57299,34.17601,31.62278,29.42788,29.42788,26.30589,24.18677,21.0238,18.24829,17.08801,16.15549,17.88854,16.27882,12.80625,15.0,15.0,17.08801,18.97367,16.12452,18.43909,24.33105,26.92582,25.07987,26.01922,28.28427,23.34524,29.61419,27.01851,29.15476,31.40064,30.80584,29.06888,31.32092,33.95585,30.08322,33.24154,35.8469,30.67572,34.0,32.75668,34.05877,35.0,35.38361,46.32494,49.49747,52.23983,54.03702,55.44367,53.36666,57.27128,57.00877,60.40695,61.84658,56.0803,61.26989,65.79514,66.64833,71.11962,65.0,68.7968,71.02816,67.42403,70.80254,69.02898,71.8401,69.31089,70.29225,67.94115,68.68042,70.00714,64.38167,67.20863,65.8559,60.959,61.52235,63.12686,61.07373,57.80138,59.36329,53.53504,55.22681,56.0803,57.70615,56.36488,57.38467,57.38467,60.08328,56.04463,66.48308,63.95311,63.78871,64.49806,68.46897,69.46222,72.44308,75.16648,73.33485,76.53104,79.07591,79.42921
13.0384,12.20656,12.20656,11.6619,11.6619,10.29563,9.43398,8.60233,8.60233,8.60233,7.2111,7.2111,6.40312,6.40312,5.65685,5.65685,5.0,5.0,4.47214,4.47214,4.12311,3.16228,3.16228,4.0,4.0,3.0,3.16228,4.47214,3.60555,3.60555,4.47214,5.0,5.0,5.0,5.0,5.0,5.0,5.83095,5.83095,5.83095,5.83095,5.83095,6.7082,6.7082,6.7082,6.7082,6.7082,6.32456,7.07107,7.07107,7.07107,6.0,82.68011,77.89737,78.54935,72.20111,72.06941,63.95311,67.1193,63.07139,55.03635,52.55473,51.47815,45.65085,45.17743,40.0,35.51056,35.8469,33.28663,29.20616,26.07681,23.43075,22.67157,24.83948,19.23538,18.38478,20.24846,18.24829,15.52417,16.27882,15.29706,15.29706,18.38478,20.0,19.10497,20.51828,21.93171,24.75884,24.75884,29.83287,26.87006,30.4795,34.71311,29.73214,32.55764,33.24154,35.60899,31.40064,33.83785,34.20526,33.6006,33.6006,36.35932,36.35932,36.24914,34.9285,34.0147,35.51056,31.40064,47.16991,50.20956,54.45181,56.22277,53.82379,55.9464,58.60034,59.23681,62.39391,61.09828,62.03225,63.15853,66.85058,69.12308,68.68042,69.87131,72.18033,70.85901,68.88396,70.34913,72.1734,73.02739,74.16873,72.00694,71.02816,70.25667,69.0,73.0,71.0,64.0,66.06815,67.00746,62.0,60.20797,59.07622,60.67125,57.07013,57.27128,53.48832,58.30952,55.54278,55.54278,60.82763,59.03389,58.30952,59.68249,62.1289,62.00806,67.00746,64.66065,70.17834,73.75636,80.28076,79.30952,79.98125,82.46211,83.00602
12.04159,12.0,11.04536,11.0,9.0,9.05539,9.05539,8.06226,8.06226,7.07107,7.07107,6.08276,5.09902,5.09902,4.47214,4.47214,4.47214,3.60555,3.60555,2.82843,2.82843,3.60555,3.16228,3.16228,3.16228,3.0,4.0,4.12311,4.12311,5.09902,4.12311,4.12311,5.38516,5.38516,6.32456,6.32456,6.32456,6.32456,6.32456,6.32456,6.08276,7.07107,6.08276,7.07107,7.07107,7.07107,7.0,7.0,7.0,7.07107,6.08276,6.32456,75.10659,77.23341,77.52419,72.06247,66.27217,66.61081,63.63961,58.54912,58.69412,51.0392,48.01042,48.09366,44.10215,40.1995,37.05401,33.01515,35.12834,30.06659,26.30589,27.29469,21.2132,20.39608,22.84732,20.24846,18.43909,15.6205,13.45362,19.41649,15.65248,19.10497,20.02498,18.02776,20.22375,19.41649,24.04163,26.4764,28.28427,28.86174,27.51363,29.73214,30.80584,23.76973,31.06445,31.40064,32.14032,36.13862,35.51056,35.22783,33.0,39.05125,38.01316,37.01351,32.01562,33.54102,34.71311,34.0147,35.34119,49.0408,49.0306,52.95281,52.0,56.0803,54.45181,56.22277,59.4138,59.90826,64.56005,65.45991,61.68468,68.54196,67.62396,64.88451,72.49828,71.55418,70.23532,75.66373,73.06162,72.71864,71.02816,72.94518,74.4043,75.0,73.00685,71.61006,68.88396,66.85058,63.60031,63.60031,62.20129,64.07027,60.20797,64.14047,57.3062,59.48109,57.77543,56.0803,54.08327,54.42426,58.24946,56.08921,61.98387,58.21512,61.13101,59.00847,66.06815,65.06919,69.18092,71.25307,71.11259,76.02631,77.02597,78.05767,83.15047,85.05292
11.7047,11.7047,10.77033,10.77033,9.84886,9.84886,8.94427,8.544,7.61577,7.61577,7.28011,6.32456,6.32456,6.32456,5.09902,4.12311,4.12311,4.0,4.0,4.0,3.16228,3.0,3.16228,3.16228,2.23607,2.82843,2.23607,3.60555,3.16228,3.16228,3.16228,4.12311,4.12311,4.12311,4.12311,5.09902,5.09902,4.47214,5.09902,5.38516,5.38516,5.38516,5.38516,5.38516,5.38516,5.83095,5.83095,5.0,5.0,5.65685,5.65685,5.83095,77.82031,76.66159,70.23532,71.19691,66.18912,65.51336,57.3062,61.40033,52.47857,48.37355,48.30114,44.72136,43.41659,38.01316,35.35534,35.8469,32.24903,30.36445,24.69818,25.96151,25.96151,20.02498,21.0238,18.0,17.46425,24.16609,17.08801,16.40122,17.02939,17.02939,19.20937,18.97367,18.78829,19.31321,22.80351,23.25941,22.02272,24.33105,29.61419,29.42788,27.65863,31.01612,26.68333,31.04835,32.75668,32.57299,30.36445,30.67572,31.95309,34.78505,34.48188,33.52611,31.76476,33.6006,32.64966,29.69848,31.82766,46.17359,48.27007,49.33559,53.48832,51.42956,53.22593,55.9464,57.14018,60.74537,59.66574,62.96825,60.87693,65.79514,67.89698,67.89698,67.35726,70.43437,69.02898,69.40461,73.24616,71.8401,72.00694,69.40461,69.64194,71.69379,67.95587,66.18912,65.45991,64.88451,66.24198,64.89992,62.68174,62.1289,59.81639,58.41233,58.25805,55.31727,55.86591,53.03772,56.72742,58.41233,55.60576,56.85948,58.18075,56.82429,61.29437,61.46544,63.24555,70.83784,68.00735,66.12866,71.16881,74.04053,73.37575,76.2168,80.00625,83.9345
13.0384,12.20656,11.6619,10.81665,10.29563,9.43398,9.43398,8.06226,8.06226,8.06226,7.61577,6.7082,6.32456,5.38516,5.38516,5.09902,4.0,4.0,4.0,4.12311,3.16228,3.16228,3.60555,3.60555,3.60555,3.60555,3.60555,3.60555,4.12311,4.47214,4.47214,5.38516,5.38516,5.38516,5.38516,6.32456,6.32456,6.32456,6.32456,6.32456,6.7082,6.7082,6.7082,6.7082,6.7082,6.7082,7.2111,7.2111,7.2111,6.40312,6.40312,6.40312,85.08819,74.06079,79.6304,74.4043,71.28113,67.20119,66.4003,64.03124,56.0803,55.47071,52.20153,44.94441,43.41659,40.81666,39.96248,35.77709,36.23534,31.38471,32.31099,29.83287,24.35159,22.80351,21.09502,17.0,16.49242,19.64688,16.15549,15.81139,16.40122,18.38478,16.97056,19.31321,19.72308,20.61553,21.37756,25.63201,25.29822,28.63564,28.16026,29.61419,33.24154,32.01562,32.98485,33.52611,34.78505,35.17101,35.73514,36.05551,40.31129,35.8469,37.69615,34.53983,37.58989,32.44996,39.40812,36.79674,36.87818,45.60702,51.89412,51.62364,55.60576,53.60037,58.25805,55.9017,58.69412,58.25805,59.66574,61.84658,65.43699,64.2028,66.61081,69.89278,63.63175,75.17978,67.41662,76.02631,73.40981,70.68239,74.32362,69.07966,68.70953,69.64194,70.26379,69.07966,74.67262,63.56886,71.51224,62.39391,69.07966,65.0,59.03389,59.9333,58.59181,59.90826,56.22277,55.44367,58.69412,57.38467,52.34501,57.38467,56.22277,61.61169,62.42596,60.03332,63.52952,68.0,68.02941,70.68239,74.68601,79.64923,77.36924,82.34683,82.29216,84.59905
12.16553,13.15295,11.18034,11.40175,10.19804,10.19804,9.21954,9.21954,8.06226,8.06226,7.07107,7.07107,7.07107,6.08276,5.0,5.0,5.09902,4.12311,4.12311,4.12311,3.16228,3.16228,2.23607,2.82843,2.82843,2.82843,3.16228,2.23607,3.0,3.0,3.0,4.0,4.0,4.0,5.09902,5.09902,5.0,5.0,5.0,5.0,5.0,5.0,5.0,6.0,5.0,6.08276,6.08276,5.38516,5.38516,5.38516,5.83095,5.83095,83.21658,82.29824,74.24284,73.5527,71.70077,65.49046,65.30697,59.68249,61.52235,53.15073,53.33854,47.26521,48.37355,43.18565,40.4475,38.0526,34.0,32.06244,28.0,26.01922,24.33105,24.73863,19.31321,21.47091,18.78829,16.40122,15.6205,16.12452,18.78829,14.31782,19.41649,18.0,19.0,25.01999,22.02272,23.34524,25.07987,25.31798,22.80351,27.65863,32.55764,29.42788,30.80584,30.59412,31.57531,32.98485,32.55764,34.36568,32.01562,35.01428,35.01428,35.12834,36.12478,34.36568,34.48188,32.89377,31.38471,49.0408,49.49747,56.4358,56.14268,58.13777,55.57877,58.85576,61.98387,59.43904,60.72891,65.78754,67.41662,69.26038,68.44706,68.44706,70.68239,72.00694,74.30343,73.57309,74.62573,74.88658,73.57309,75.71658,76.844,73.81734,75.60423,72.20111,66.4003,68.24954,66.4003,65.21503,62.68174,64.63745,62.42596,60.03332,57.24509,58.59181,58.18075,53.48832,61.40033,55.65968,59.48109,54.12947,58.30952,58.42089,63.03174,63.0,65.00769,62.03225,71.11259,70.34913,76.1643,70.17834,81.3941,85.2115,80.0,81.15417
12.36932,12.36932,11.40175,11.40175,11.40175,10.19804,9.21954,8.544,8.544,7.28011,7.28011,7.28011,6.7082,5.38516,5.83095,5.83095,5.0,5.0,4.24264,4.24264,3.60555,3.60555,3.60555,3.16228,3.16228,3.16228,3.0,4.0,4.12311,4.12311,4.47214,5.38516,5.38516,5.38516,5.38516,5.38516,5.38516,5.38516,6.32456,6.32456,6.32456,6.32456,6.32456,6.08276,6.08276,6.08276,6.08276,7.0,7.0,7.07107,6.08276,6.08276,76.48529,73.92564,76.55717,71.30919,63.69458,63.32456,64.62198,57.24509,55.08176,52.0,47.75982,47.92703,42.72002,41.59327,39.82462,35.35534,34.98571,27.29469,28.01785,27.45906,27.65863,22.62742,18.86796,18.35756,16.27882,17.08801,16.76305,16.49242,14.31782,17.0,16.27882,13.0,19.23538,18.02776,22.2036,22.2036,24.41311,26.40076,28.01785,25.55386,29.73214,28.6531,31.06445,30.23243,30.0,29.68164,32.24903,31.241,32.64966,31.95309,33.61547,31.38471,30.8707,35.17101,36.68787,33.54102,36.01389,46.04346,42.42641,53.2635,49.92995,54.3783,51.97115,53.7122,58.87274,56.32051,57.00877,62.0967,66.48308,65.25335,64.32729,64.77654,66.09841,70.85901,68.18358,67.18631,74.02702,72.02777,72.11103,72.02777,71.0,71.02816,71.00704,66.00758,65.49046,66.18912,65.06919,62.1289,64.00781,62.1289,58.00862,60.0,54.03702,55.57877,58.54912,53.15073,54.40588,52.17279,55.54278,54.08327,56.46238,56.35601,55.9464,58.30952,59.68249,60.53924,64.3506,67.42403,71.21798,74.33034,72.8011,76.6094,75.47185,81.63333
11.40175,11.40175,10.44031,10.44031,9.48683,9.21954,8.24621,7.28011,7.28011,6.32456,6.32456,5.38516,5.38516,4.47214,4.47214,3.60555,3.60555,3.60555,2.82843,2.82843,2.23607,2.23607,2.23607,3.0,2.23607,2.23607,2.82843,3.60555,3.60555,2.82843,4.24264,4.24264,4.24264,5.0,5.0,5.0,5.65685,5.0,5.0,5.83095,5.83095,5.83095,5.83095,5.83095,5.83095,5.38516,5.38516,6.32456,6.32456,5.09902,5.09902,5.0,74.33034,79.15807,69.35416,71.34424,74.43118,61.98387,63.50591,56.08921,58.30952,49.25444,45.54119,49.64877,43.56604,39.11521,34.05877,37.21559,32.06244,29.01724,27.01851,25.31798,22.56103,20.39608,15.81139,15.65248,18.02776,16.12452,15.0,14.21267,12.64911,16.15549,17.11724,18.11077,16.03122,18.68154,17.11724,21.84033,24.04163,23.08679,22.80351,26.92582,30.59412,27.51363,30.36445,31.95309,27.89265,31.40064,26.68333,33.24154,33.13608,33.13608,34.0147,34.0147,33.01515,33.06055,30.41381,33.73426,32.64966,48.27007,50.24938,50.03998,54.03702,54.14795,57.27128,55.54278,56.921,62.62587,62.0967,60.40695,65.0,67.77905,66.70832,67.1193,68.96376,68.47627,67.74216,73.57309,73.23933,69.63476,76.02631,69.81404,71.02816,70.43437,71.40028,66.8431,68.88396,67.62396,66.70832,65.80274,60.74537,62.80127,60.80296,57.98276,58.30952,61.58734,57.38467,55.65968,53.85165,56.61272,57.48913,55.31727,62.514,59.4138,58.0,60.0,65.03076,63.00794,65.03076,72.00694,72.33948,75.32596,79.30952,78.05767,77.00649,81.02469
11.18034,11.18034,10.77033,9.84886,9.84886,8.94427,8.06226,7.61577,6.7082,6.7082,6.7082,6.40312,5.83095,5.0,4.24264,5.0,3.60555,3.60555,3.16228,3.16228,3.16228,3.16228,3.0,3.0,3.0,3.16228,4.12311,3.60555,3.60555,5.0,5.0,5.0,4.24264,5.0,5.83095,6.40312,5.83095,5.0,6.40312,5.83095,6.7082,5.83095,5.83095,6.7082,6.7082,6.7082,6.7082,6.32456,6.32456,6.32456,6.08276,6.0,78.1089,71.30919,74.72617,69.37579,70.5195,60.63827,59.66574,58.24946,54.12024,51.66237,48.38388,45.22168,42.37924,42.44997,37.94733,35.4683,30.46309,29.15476,30.41381,23.60085,22.02272,21.40093,18.02776,17.02939,18.02776,17.0,11.6619,14.14214,16.03122,15.52417,15.0333,16.49242,20.0,21.9545,23.60085,19.72308,25.55386,27.45906,29.20616,28.6007,30.0,33.01515,29.15476,31.62278,29.68164,34.48188,31.06445,33.54102,36.35932,35.4683,33.28663,34.48188,34.48188,32.75668,33.73426,33.73426,32.0,45.22168,47.85394,51.42956,52.92447,56.61272,54.57105,58.46366,57.55867,57.31492,59.3043,61.03278,65.00769,63.0,64.00781,69.11584,65.19202,70.5762,67.74216,72.00694,72.00694,69.05071,72.03471,70.60453,70.21396,71.8401,68.68042,66.09841,67.91171,64.51356,65.25335,59.48109,62.36986,62.16912,59.84146,59.5399,55.44367,53.03772,57.21888,53.03772,56.00893,56.14268,54.74486,57.48913,56.32051,56.04463,59.23681,59.80803,59.09315,63.90618,72.91776,68.942,71.55418,76.47876,70.21396,75.6439,78.92401,81.3941
12.16553,12.16553,11.04536,11.18034,9.21954,10.19804,9.21954,8.24621,8.24621,7.07107,7.07107,6.08276,5.0,5.0,5.0,4.0,4.12311,3.16228,3.16228,2.23607,2.23607,2.23607,2.23607,2.23607,2.23607,2.0,3.0,3.16228,3.16228,3.16228,3.16228,4.12311,4.12311,5.38516,4.12311,5.09902,5.09902,5.38516,5.09902,6.08276,5.09902,5.09902,6.08276,6.0,6.08276,5.0,6.0,6.0,6.08276,5.09902,5.38516,5.38516,74.96666,75.13322,75.95393,68.65858,67.08204,66.94027,61.0,57.48913,55.7853,49.81967,47.29693,44.55334,42.75512,37.65634,37.21559,35.01428,32.06244,30.01666,27.16616,27.07397,23.19483,21.37756,17.49286,17.26268,18.86796,13.60147,11.31371,12.80625,13.92839,13.92839,16.15549,18.24829,14.03567,15.13275,21.0238,20.09975,22.13594,26.92582,25.63201,26.92582,30.08322,27.16616,30.26549,31.40064,31.32092,31.40064,28.07134,31.257,29.01724,30.0,35.0571,33.13608,33.13608,33.37664,31.57531,34.88553,30.41381,46.32494,50.24938,53.0,54.0,51.47815,54.45181,56.08921,58.69412,61.03278,61.03278,64.84597,63.69458,67.41662,64.4748,70.23532,68.47627,70.3278,66.85058,70.49113,71.84706,71.61006,74.20243,70.93659,72.00694,70.29225,70.29225,69.02898,70.0928,66.52819,65.94695,61.07373,64.2028,59.64059,58.60034,57.14018,55.22681,54.20332,51.89412,52.80152,57.93962,58.5235,54.12024,59.90826,56.56854,58.0517,63.07139,64.62971,64.28063,66.0303,69.0,67.02984,72.00694,74.02702,75.00667,80.0,80.0,83.0542
13.60147,12.64911,11.7047,11.7047,10.77033,10.77033,9.48683,9.48683,8.544,8.544,7.28011,7.28011,7.28011,6.32456,6.32456,5.09902,5.09902,4.0,4.0,4.0,4.0,4.12311,3.16228,3.16228,2.23607,2.82843,3.16228,3.60555,3.16228,4.12311,3.16228,4.12311,4.12311,4.12311,5.0,5.09902,5.09902,5.09902,5.09902,5.09902,5.09902,6.32456,5.38516,5.38516,6.32456,5.83095,6.7082,5.83095,5.65685,6.40312,6.40312,6.40312,78.54935,79.70571,73.53911,74.68601,68.02941,64.41273,61.40033,56.82429,51.47815,51.88449,46.14109,48.75449,45.31004,39.39543,38.48376,37.16181,34.53983,29.41088,28.4605,26.30589,25.07987,22.36068,19.23538,20.22375,19.23538,16.55295,13.0,13.89244,14.86607,15.26434,14.76482,18.38478,16.15549,18.43909,23.08679,21.2132,23.08679,27.16616,30.26549,25.17936,28.16026,28.07134,30.08322,28.07134,30.59412,32.55764,34.9285,32.75668,29.41088,32.57299,33.83785,32.69557,34.88553,34.0,36.61967,34.4093,34.65545,47.09565,53.33854,53.15073,52.20153,54.23099,55.54278,59.03389,57.24509,60.41523,61.29437,62.42596,61.22091,63.00794,69.6563,65.94695,67.88225,70.03571,70.00714,70.76722,71.44928,70.17834,75.0733,72.62231,69.2026,69.40461,70.0,71.61006,67.42403,62.62587,66.21933,63.60031,63.82006,60.0,60.30755,57.48913,55.22681,55.97321,55.22681,55.0,58.24946,56.0357,57.45433,54.12024,58.13777,57.77543,51.62364,56.64804,65.96969,64.28841,63.32456,68.15424,69.63476,74.2159,76.15773,80.28076,80.28076,78.74643
12.20656,11.6619,11.6619,10.29563,10.29563,9.43398,9.43398,8.06226,8.06226,7.2111,7.2111,6.40312,5.83095,5.83095,5.0,4.24264,4.24264,4.24264,3.60555,2.82843,3.16228,2.23607,2.23607,2.0,2.0,2.23607,2.23607,1.41421,2.82843,3.60555,2.82843,3.60555,3.60555,3.60555,4.47214,5.0,4.24264,5.0,5.0,5.0,5.0,5.65685,5.0,5.65685,5.65685,5.0,5.0,5.0,5.83095,5.38516,5.38516,5.09902,77.80103,77.66595,71.61006,69.97142,66.57327,66.24198,60.53924,59.68249,55.00909,52.15362,47.88528,45.45327,40.49691,42.72002,36.05551,37.01351,33.24154,31.14482,31.82766,27.65863,22.47221,19.41649,20.12461,18.86796,16.55295,15.81139,14.0,17.11724,13.92839,13.0384,15.65248,12.80625,17.02939,19.84943,20.51828,18.43909,22.67157,25.0,24.69818,25.80698,28.01785,28.42534,27.58623,29.20616,29.06888,30.4795,36.12478,34.65545,33.30165,28.28427,33.94113,35.0,33.28663,34.98571,33.61547,33.54102,30.08322,48.25971,51.40039,53.07542,52.34501,56.72742,56.40035,56.93856,59.5399,58.66856,61.77378,63.97656,66.30988,65.30697,69.28925,71.7844,68.96376,71.47027,67.91171,71.30919,70.21396,69.87131,76.94154,74.67262,71.70077,72.69113,70.45566,69.11584,68.46897,69.11584,66.06815,61.07373,63.3877,62.64982,60.20797,61.18823,59.43904,54.40588,57.87055,54.08327,58.60034,58.60034,57.69749,57.98276,56.60389,57.14018,56.63921,59.66574,65.11528,67.94115,70.72482,72.83543,72.86288,74.24958,72.12489,79.9062,82.73452,81.34494
13.92839,13.0,12.08305,11.7047,10.77033,10.77033,9.48683,9.48683,8.544,7.61577,7.61577,6.7082,6.7082,5.83095,5.83095,5.83095,5.0,4.24264,4.24264,4.24264,3.60555,3.60555,3.16228,4.12311,3.16228,3.0,3.16228,4.12311,4.12311,4.12311,4.47214,4.47214,5.38516,4.47214,5.38516,5.83095,5.38516,5.38516,5.83095,6.32456,6.32456,6.32456,6.32456,6.32456,6.32456,6.32456,6.32456,7.07107,7.07107,7.0,7.0,6.08276,78.58753,73.00685,76.68768,70.34202,66.94027,66.4906,59.84146,61.66036,53.75872,55.57877,51.1957,44.40721,45.54119,43.41659,40.80441,35.90265,31.40064,25.70992,29.41088,25.80698,26.92582,22.82542,19.84943,18.43909,20.61553,15.55635,16.55295,17.72005,16.15549,15.0333,16.12452,18.24829,18.78829,20.61553,21.0238,21.0238,21.18962,25.94224,24.18677,30.01666,29.54657,31.62278,30.46309,31.30495,35.34119,30.8707,36.40055,30.46309,36.68787,32.89377,36.13862,32.55764,33.54102,33.24154,33.13608,35.0571,34.1321,44.04543,49.64877,48.02083,55.4617,52.0,55.36244,57.27128,59.22837,58.54912,58.54912,63.12686,61.07373,69.00725,65.00769,70.11419,65.27634,72.69113,68.593,69.72087,72.36712,74.52516,72.03471,68.15424,69.63476,68.96376,68.65858,70.34202,72.53275,64.19502,66.21933,60.16644,65.25335,60.41523,62.64184,58.94065,58.0517,54.45181,53.08484,54.14795,53.00943,53.03772,49.49747,57.70615,53.93515,58.24946,63.56099,60.40695,60.16644,62.96825,65.14599,66.12866,71.86793,77.87811,71.51224,73.79024,83.7735,76.55064
13.0384,12.04159,12.04159,12.04159,11.04536,10.04988,10.04988,9.05539,9.05539,8.06226,7.07107,7.07107,6.32456,6.32456,5.38516,5.38516,5.38516,4.47214,4.47214,3.60555,4.24264,3.60555,3.60555,3.60555,3.16228,3.16228,3.0,4.0,4.0,4.12311,4.12311,5.09902,5.09902,5.09902,5.09902,5.09902,5.09902,6.08276,6.08276,6.08276,6.08276,6.08276,7.07107,6.08276,6.0,7.0,7.0,7.07107,7.07107,7.07107,7.28011,6.32456,75.70997,74.8131,73.24616,66.4906,67.91171,66.76077,61.68468,58.24088,54.34151,52.88667,47.53946,45.88028,43.17407,40.02499,34.71311,34.36568,32.24903,26.4764,29.01724,27.01851,25.01999,20.39608,18.24829,16.49242,16.49242,13.41641,17.69181,14.21267,15.81139,18.02776,17.88854,17.08801,19.0263,20.39608,19.0263,22.2036,22.02272,28.0,24.08319,27.0,28.28427,28.01785,26.0,30.06659,32.14032,30.06659,32.14032,33.01515,35.12834,32.75668,30.41381,33.95585,34.78505,32.31099,32.24903,34.88553,32.75668,46.57252,47.38143,47.04253,54.0,50.03998,57.42822,52.61179,58.24088,62.64184,59.20304,61.09828,63.90618,62.76942,68.35203,70.66116,67.1193,71.34424,66.7308,71.02112,69.2026,72.00694,74.02702,71.06335,70.17834,72.34639,69.02898,70.17834,69.6563,64.53681,65.11528,60.959,63.25346,61.07373,60.44005,58.25805,56.61272,56.60389,53.85165,57.80138,57.77543,57.93962,51.5461,52.20153,55.54278,54.91812,58.54912,65.19202,64.12488,63.12686,65.12296,69.11584,71.00704,74.10803,71.06335,74.02702,77.64664,75.53807
11.40175,11.40175,10.19804,10.19804,9.21954,8.544,8.24621,7.61577,7.28011,6.32456,6.7082,5.83095,5.38516,4.47214,4.47214,4.24264,4.24264,2.82843,3.60555,2.82843,3.16228,3.16228,3.0,3.0,3.0,3.0,3.16228,3.60555,3.60555,4.47214,3.60555,4.47214,5.0,5.0,5.83095,5.83095,5.83095,5.83095,5.83095,5.83095,6.7082,6.7082,5.83095,6.7082,6.32456,6.32456,7.28011,6.32456,6.32456,6.08276,6.0,6.0,82.02439,72.0,73.0,66.0,65.03076,67.1193,62.07254,62.1289,52.46904,54.14795,46.01087,42.0119,41.01219,41.04875,36.05551,33.06055,32.24903,29.42788,25.31798,24.33105,24.04163,18.02776,19.84943,16.27882,17.02939,16.27882,14.86607,15.65248,17.26268,15.29706,17.02939,16.03122,12.04159,22.56103,21.18962,24.5153,21.18962,27.20294,26.0,26.24881,29.73214,30.36445,30.67572,32.57299,34.17601,32.75668,33.95585,31.04835,35.90265,33.54102,36.34556,34.36568,34.0,34.05877,35.35534,31.40064,35.1141,45.22168,47.07441,47.29693,55.08176,51.0,56.0803,53.23533,56.32051,60.01666,56.88585,63.15061,63.32456,65.25335,66.76077,69.57011,64.07808,71.58911,67.23095,70.68239,71.55418,68.15424,73.92564,67.6757,73.78347,67.23095,71.86793,70.45566,71.34424,62.96825,72.94518,61.05735,68.09552,61.91123,59.16925,57.70615,54.56189,54.78138,56.30275,55.08176,60.16644,58.0517,55.7315,59.84146,56.22277,61.03278,56.0803,60.00833,62.20129,62.39391,67.47592,64.38167,73.82412,72.33948,71.70077,77.78175,80.1561,76.53104
12.08305,10.77033,11.18034,10.29563,9.84886,8.544,7.61577,7.61577,6.32456,7.61577,6.32456,5.38516,5.09902,5.09902,4.12311,4.0,3.0,3.16228,3.16228,3.16228,3.16228,2.82843,2.82843,2.23607,2.23607,3.16228,3.0,3.16228,4.0,4.12311,4.0,5.0,5.0,5.0,6.08276,6.08276,6.0,6.0,6.0,6.0,6.0,6.0,6.0,6.0,7.0,6.0,7.07107,6.32456,6.32456,6.32456,6.32456,5.83095,78.49204,76.02631,71.06335,70.83784,68.11755,63.12686,58.25805,60.20797,55.9017,53.15073,47.63402,46.75468,41.86884,37.01351,37.80212,32.24903,30.80584,29.52965,26.57066,23.76973,23.76973,20.61553,21.09502,16.12452,14.14214,16.12452,16.55295,12.20656,15.65248,12.80625,16.40122,15.0,17.72005,19.69772,18.02776,24.73863,21.18962,25.0,28.4605,26.0,26.57066,31.62278,28.86174,34.48188,30.67572,31.38471,31.76476,32.69557,33.24154,31.7805,33.61547,32.44996,32.80244,32.52691,33.24154,34.05877,32.55764,46.09772,47.16991,48.46648,51.47815,53.25411,53.82379,52.63079,58.79626,59.46427,62.24147,60.82763,67.26812,65.94695,67.00746,69.63476,69.64194,71.02816,71.34424,70.23532,74.24958,70.77429,73.92564,71.58911,68.8767,73.92564,69.857,67.41662,67.62396,66.48308,66.48308,62.39391,62.64982,63.56099,57.38467,59.03389,57.70615,57.24509,52.69725,54.03702,55.44367,54.56189,55.97321,58.0517,62.28965,55.60576,56.30275,57.42822,64.14047,66.88797,67.1193,69.35416,73.34848,75.13322,76.48529,72.94518,79.15807,78.71467
12.80625,12.20656,12.20656,12.20656,10.81665,10.0,10.0,8.60233,8.60233,7.81025,7.81025,7.81025,6.40312,5.65685,5.65685,5.65685,5.0,4.24264,4.47214,4.47214,3.16228,3.16228,3.16228,3.0,3.0,3.0,3.16228,3.16228,3.60555,2.82843,3.60555,4.24264,4.24264,5.0,5.0,5.65685,5.65685,5.0,5.0,5.0,5.65685,5.65685,6.40312,6.40312,5.83095,5.83095,5.83095,6.7082,6.32456,6.32456,6.08276,6.08276,80.05623,75.82216,79.9062,70.76722,71.44928,68.11755,61.7171,62.00806,56.63921,52.49762,51.08816,49.51767,40.36087,38.8973,39.69887,34.65545,31.241,29.83287,29.20616,28.42534,27.73085,25.05993,20.59126,19.64688,15.0333,13.34166,13.0384,14.56022,15.23155,14.31782,14.21267,18.43909,17.49286,19.41649,19.31321,22.2036,19.92486,25.94224,25.4951,25.4951,28.6531,26.62705,30.52868,33.54102,32.20248,32.24903,33.83785,33.28663,31.62278,34.4093,36.12478,32.52691,32.52691,36.12478,36.61967,32.44996,32.31099,48.75449,49.73932,52.80152,54.40588,56.63921,58.0517,58.0,56.85068,60.21628,58.24946,64.66065,63.28507,68.60029,62.64982,65.36819,65.9242,71.30919,67.41662,74.94665,69.28925,75.61085,71.8401,71.8401,72.27724,70.0928,71.58911,70.83078,66.4906,68.65858,67.68309,64.03124,63.78871,64.28841,57.28001,59.46427,57.87055,58.69412,54.626,53.33854,56.0803,56.61272,56.0357,57.00877,58.89822,57.31492,62.93648,61.7171,61.84658,64.81512,66.06815,70.21396,73.40981,73.40981,74.8131,76.6094,78.64477,83.81527
12.36932,11.40175,11.18034,10.19804,10.19804,10.19804,9.21954,8.24621,8.24621,7.28011,7.28011,6.32456,6.32456,5.38516,5.09902,4.47214,4.47214,3.60555,3.60555,3.60555,2.82843,2.82843,2.82843,2.23607,2.23607,2.0,2.0,2.0,2.23607,3.16228,2.23607,3.60555,3.60555,3.60555,4.47214,4.47214,4.47214,4.47214,4.47214,5.0,4.47214,5.38516,4.47214,5.38516,5.38516,5.09902,5.09902,5.09902,5.09902,5.0,5.09902,5.09902,80.36168,75.89466,78.77182,68.88396,65.25335,68.44706,57.97413,64.53681,58.94065,57.27128,50.28916,46.32494,45.35416,37.85499,37.0,38.27532,34.53983,29.15476,27.313,25.94224,24.20744,21.40093,21.40093,17.80449,17.80449,13.89244,14.31782,12.36932,17.11724,12.04159,10.19804,17.88854,18.38478,23.32381,17.69181,22.47221,21.93171,23.43075,25.80698,24.08319,27.65863,29.41088,29.68164,29.06888,35.22783,30.23243,31.90611,28.30194,32.69557,32.64966,30.88689,32.69557,34.78505,30.67572,35.35534,33.37664,32.14032,46.61545,51.10773,50.08992,55.54278,55.97321,58.69412,55.7853,57.42822,62.28965,58.21512,63.12686,63.12686,65.0,68.06614,70.25667,67.18631,76.32169,70.45566,73.5527,72.56721,72.36712,73.76313,70.60453,72.56721,73.4983,71.80529,66.94027,70.34202,62.36185,68.96376,61.13101,65.96969,64.53681,60.01666,57.87055,57.87055,56.0357,56.14268,55.00909,56.14268,56.0803,53.46027,57.87055,57.72348,61.40033,63.32456,59.46427,60.83584,66.48308,67.41662,67.54258,70.26379,76.02631,72.91776,79.62412,80.5295,73.82412
13.41641,13.0,12.08305,11.18034,10.77033,10.77033,9.84886,9.84886,8.94427,8.544,7.61577,7.28011,6.32456,6.08276,5.09902,5.09902,5.0,5.0,4.0,4.12311,3.16228,3.16228,3.60555,3.60555,2.82843,2.82843,3.60555,4.12311,4.12311,4.12311,5.09902,5.09902,5.09902,6.08276,5.09902,6.08276,6.08276,6.08276,6.08276,7.07107,6.32456,7.28011,7.28011,6.32456,6.32456,7.28011,6.7082,7.61577,8.06226,7.2111,7.2111,7.07107,79.05694,78.18568,74.09453,72.61543,69.857,64.4748,62.39391,61.46544,53.66563,55.03635,47.92703,50.15974,41.78516,40.71855,33.83785,35.73514,31.62278,30.67572,26.30589,25.4951,25.70992,23.02173,17.11724,21.0238,17.26268,17.46425,16.40122,12.80625,14.21267,13.0,15.81139,15.52417,19.41649,21.2132,22.09072,17.46425,22.02272,26.01922,24.18677,27.01851,31.257,31.0,31.257,31.14482,31.01612,32.14032,35.22783,35.0571,34.52535,34.52535,34.48188,36.05551,35.1141,32.20248,34.0,32.75668,34.66987,45.01111,50.01,52.61179,52.17279,53.75872,57.38467,56.46238,57.69749,58.59181,61.05735,62.1289,65.0,65.45991,66.8431,68.41053,69.42622,71.8401,69.31089,72.12489,70.71068,73.66139,72.18033,74.65253,69.81404,68.24222,71.06335,69.63476,67.6757,70.29225,64.2028,58.41233,64.44377,63.41136,58.13777,57.28001,55.9017,60.1415,55.31727,52.00961,58.60034,55.22681,54.56189,55.9017,59.23681,56.30275,52.20153,59.46427,62.8172,60.44005,66.28725,66.91039,75.50497,70.21396,74.52516,79.62412,82.0,75.70997
13.0384,12.20656,10.81665,10.81665,10.0,10.0,9.43398,8.60233,8.60233,7.2111,7.2111,6.7082,5.83095,5.83095,4.47214,4.47214,4.47214,4.12311,3.16228,3.16228,2.0,2.0,2.0,2.23607,1.41421,1.41421,2.23607,2.23607,3.0,3.16228,3.0,4.0,4.12311,4.0,4.12311,4.0,5.09902,5.0,5.0,5.09902,5.09902,5.09902,5.09902,5.38516,5.38516,5.38516,5.38516,5.83095,5.83095,5.83095,5.65685,5.65685,77.93587,72.40166,75.71658,71.84706,64.63745,63.41136,60.21628,60.0,55.44367,52.69725,49.0408,42.54409,45.79301,41.88078,40.80441,33.12099,32.64966,31.38471,29.15476,23.4094,24.04163,20.61553,17.46425,20.22375,16.03122,15.29706,14.03567,14.76482,12.52996,9.21954,19.20937,16.15549,18.02776,18.24829,16.27882,21.37756,22.09072,22.02272,19.0,25.31798,27.29469,28.63564,28.07134,27.65863,31.04835,30.59412,29.12044,32.01562,32.01562,33.95585,35.73514,34.88553,33.61547,32.75668,30.52868,36.23534,31.89044,43.41659,51.26402,51.47815,54.3783,56.0357,55.44367,58.13777,59.66574,60.10824,58.69412,62.62587,65.8559,67.62396,65.80274,70.21396,69.35416,72.06941,71.34424,71.58911,72.49828,72.00694,75.58439,70.68239,71.30919,75.39231,73.40981,72.23573,71.17584,70.2282,67.05222,64.62198,65.19202,60.41523,63.13478,62.17717,59.5399,57.14018,57.68882,55.44367,55.60576,54.56189,59.4138,59.46427,55.44367,55.80323,55.9464,58.30952,62.17717,65.76473,69.83552,63.56099,73.34848,75.76939,72.09022,77.89737,79.60528,72.01389
13.0384,11.6619,10.81665,10.29563,10.29563,9.43398,8.60233,8.60233,7.2111,7.2111,7.2111,6.40312,5.65685,5.65685,4.24264,5.0,4.47214,4.47214,3.16228,3.16228,3.16228,3.0,4.0,3.0,3.16228,3.60555,3.60555,3.60555,3.60555,4.24264,4.24264,4.24264,4.24264,5.65685,5.65685,5.65685,5.65685,5.65685,5.65685,5.65685,6.40312,5.65685,7.07107,6.40312,6.40312,6.40312,7.2111,7.2111,6.7082,6.7082,6.32456,6.32456,79.32213,76.05919,73.24616,72.11103,65.19202,63.63175,60.53924,63.06346,56.82429,50.47772,50.60632,45.79301,39.96248,38.83298,38.60052,35.4683,32.20248,27.80288,27.58623,26.24881,22.80351,19.41649,21.9545,19.69772,18.68154,15.13275,14.0,15.29706,15.29706,13.92839,10.63015,14.86607,17.69181,17.69181,21.93171,21.2132,22.47221,25.80698,26.07681,29.15476,27.78489,26.40076,30.23243,31.06445,33.01515,30.61046,32.80244,35.80503,33.30165,32.64966,36.79674,33.94113,33.30165,36.40055,33.61547,34.0147,31.38471,44.55334,46.01087,50.80354,52.47857,55.00909,55.15433,51.86521,57.56735,56.32051,58.24088,61.18823,62.36986,71.58911,69.05071,67.46851,67.47592,68.35934,73.06162,71.11259,73.06162,72.0,74.02702,71.02816,74.16873,70.45566,73.24616,69.18092,70.06426,71.25307,67.18631,62.20129,67.06713,62.03225,61.0082,59.07622,58.0,58.30952,56.56854,57.00877,57.00877,56.921,54.78138,57.27128,59.05929,59.9333,54.40588,58.5235,63.00794,60.44005,67.80118,67.80118,72.34639,74.20243,71.58911,76.2168,78.64477,77.98718
12.04159,11.0,11.0,10.0,10.0,9.0,8.06226,8.06226,7.07107,6.08276,6.08276,6.08276,5.09902,5.09902,4.12311,4.47214,3.60555,3.60555,2.82843,2.82843,2.82843,3.16228,3.16228,3.16228,3.0,3.0,3.16228,3.16228,3.16228,4.47214,4.47214,4.47214,4.47214,4.47214,5.83095,5.83095,5.83095,5.83095,5.83095,5.83095,6.7082,6.7082,6.32456,6.32456,6.32456,6.32456,6.32456,6.08276,6.08276,6.0,6.0,6.0,79.22752,75.32596,77.23341,69.11584,69.18092,66.1211,62.07254,61.07373,53.03772,49.16299,47.01064,46.17359,43.28972,39.05125,35.35534,38.47077,32.75668,26.92582,27.65863,23.76973,21.84033,17.49286,18.60108,16.97056,16.97056,16.27882,13.45362,14.86607,12.16553,15.0333,13.0,14.31782,14.31782,20.59126,17.46425,24.18677,24.16609,25.23886,25.94224,28.6007,28.6531,30.01666,33.10589,27.78489,31.38471,34.88553,31.76476,34.88553,33.24154,33.24154,33.24154,37.33631,32.98485,34.71311,35.0571,31.0,32.01562,42.72002,49.24429,49.49747,56.56854,54.00926,58.03447,57.07889,54.33231,54.45181,56.29387,62.8172,63.78871,62.64184,67.44627,67.05222,66.7308,70.83784,72.61543,73.53911,73.82412,70.26379,73.34848,71.19691,69.35416,70.3278,71.34424,66.37017,71.19691,63.81222,65.0,65.36819,67.54258,62.64982,60.83584,61.32699,59.61543,57.87055,58.18935,55.10898,57.48913,56.29387,52.23983,59.21149,58.00862,56.14268,60.00833,60.40695,66.48308,64.32729,70.40597,70.83078,71.56815,74.95332,69.857,80.04998,81.04937,77.66595
12.36932,11.18034,11.18034,10.19804,10.19804,9.21954,9.21954,8.24621,8.24621,7.28011,7.28011,6.32456,6.32456,6.08276,5.38516,5.38516,4.47214,3.60555,3.60555,3.60555,2.82843,2.82843,2.23607,2.23607,2.23607,2.0,2.23607,2.23607,2.23607,2.82843,2.82843,2.82843,3.60555,3.60555,4.24264,4.24264,4.24264,4.24264,4.24264,4.24264,5.0,5.0,5.0,5.0,5.0,5.0,5.0,5.0,4.47214,5.38516,5.09902,5.0,79.81228,77.10383,73.97973,72.78049,71.06335,64.77654,69.2315,57.55867,58.85576,54.58938,48.6621,44.14748,45.60702,42.37924,35.90265,38.60052,35.17101,27.51363,26.0,27.313,23.02173,20.80865,16.40122,19.79899,12.80625,14.56022,14.31782,14.56022,13.0384,15.0,14.14214,15.23155,16.49242,16.27882,17.80449,21.63331,24.08319,23.60085,24.04163,26.1725,29.0,26.1725,28.6007,30.80584,27.58623,27.20294,28.3196,33.30165,32.44996,32.01562,31.90611,33.61547,34.88553,32.69557,33.83785,29.83287,31.57531,47.16991,48.38388,56.08921,55.44367,58.30952,55.0,56.0,57.21888,60.20797,63.78871,60.63827,65.30697,71.58911,66.76077,69.92138,69.89278,72.42237,69.89278,69.28925,73.38937,74.46476,75.76939,75.39231,72.89719,74.30343,75.13322,72.89719,70.21396,68.0,67.1193,60.82763,64.07808,62.62587,60.08328,58.5235,59.20304,54.81788,57.07013,55.9017,56.32051,55.22681,60.00833,59.13544,61.13101,59.3043,53.60037,59.66574,62.96825,66.40783,65.45991,74.04053,68.35203,73.05477,73.53911,79.37884,80.95678,79.12016
12.72792,11.31371,11.31371,10.63015,9.89949,9.21954,9.21954,8.48528,7.81025,7.07107,7.07107,6.40312,5.65685,5.0,4.24264,5.0,3.60555,3.60555,3.60555,2.23607,2.23607,2.23607,2.23607,2.0,1.0,2.23607,1.41421,2.23607,2.23607,3.16228,3.16228,3.16228,3.16228,4.12311,4.12311,4.12311,4.12311,4.12311,4.12311,4.12311,5.38516,4.47214,5.38516,4.47214,4.47214,5.83095,5.0,5.0,5.0,5.0,5.0,5.0,79.6304,76.27582,76.55064,70.83078,70.49113,63.13478,62.26556,59.05929,56.82429,54.08327,50.77401,47.16991,41.88078,41.67733,37.21559,35.0,35.22783,31.241,28.42534,27.65863,21.93171,24.75884,20.0,17.0,16.64332,13.0,11.40175,11.40175,15.52417,13.92839,12.64911,13.41641,14.21267,15.55635,20.51828,19.79899,21.47091,20.24846,21.2132,23.85372,28.30194,27.20294,24.69818,24.69818,26.87006,32.64966,34.05877,31.40064,30.41381,31.1127,33.30165,32.80244,31.06445,33.28663,30.36445,34.17601,32.01562,48.37355,52.20153,54.56189,53.75872,58.41233,58.41233,55.75841,56.93856,59.16925,62.6099,62.76942,63.32456,68.70953,64.2573,69.28925,71.56815,70.5195,71.80529,70.34202,72.27724,72.00694,73.82412,75.95393,76.1643,72.24957,72.33948,71.25307,69.35416,68.11755,70.06426,62.07254,64.28063,62.28965,61.40033,63.95311,58.69412,61.61169,56.64804,56.30275,57.38467,56.79789,58.59181,57.45433,59.36329,57.98276,68.24222,60.60528,62.28965,62.93648,71.50524,73.5527,69.29646,70.76722,74.24958,82.07314,78.64477,79.39773
11.40175,10.63015,11.40175,10.0,10.0,9.21954,8.60233,7.81025,7.2111,7.2111,5.83095,5.83095,5.38516,5.38516,4.47214,4.12311,4.12311,3.16228,3.0,3.0,3.0,3.16228,2.23607,2.23607,2.23607,2.23607,3.16228,3.16228,3.16228,4.12311,4.12311,4.12311,4.12311,4.12311,5.09902,5.0,5.09902,5.09902,5.09902,5.09902,6.08276,6.08276,6.08276,6.32456,6.32456,6.32456,6.32456,5.83095,5.83095,5.83095,6.40312,5.65685,72.91776,74.09453,77.41447,67.74216,69.06519,66.0303,61.29437,55.21775,54.40588,51.61395,48.60041,45.79301,44.41846,39.66106,36.71512,34.66987,30.88689,31.01612,28.79236,23.25941,26.92582,21.2132,22.56103,20.02498,17.46425,14.03567,15.81139,15.26434,14.42221,14.14214,14.21267,12.52996,16.55295,17.26268,19.69772,22.13594,22.47221,24.18677,23.19483,24.5153,25.0,30.08322,28.86174,24.04163,30.08322,29.54657,32.89377,31.38471,30.46309,31.7805,32.24903,34.1321,33.28663,31.40064,31.89044,31.82766,35.0,46.01087,51.0392,49.49747,56.51548,53.60037,58.30952,56.0803,57.38467,58.59181,60.41523,66.57327,65.73431,67.1193,69.02898,69.42622,69.42622,74.24958,69.29646,75.69016,74.41102,75.0733,74.02702,74.02702,74.20243,74.4043,72.00694,71.02816,73.24616,62.68174,71.86793,65.45991,65.51336,65.21503,61.40033,62.62587,61.03278,56.0803,59.4138,58.69412,56.63921,53.8145,55.80323,59.64059,55.47071,58.30952,59.09315,60.53924,63.15853,64.62198,66.48308,64.51356,72.27724,74.84651,72.42237,76.32169,78.18568,80.05623
13.45362,12.72792,12.04159,11.31371,10.63015,9.89949,9.21954,9.21954,8.48528,7.81025,7.81025,7.07107,6.40312,5.65685,5.65685,5.0,5.0,4.47214,3.60555,3.16228,3.16228,2.23607,3.0,2.0,2.0,2.23607,2.82843,2.23607,2.23607,3.16228,3.16228,3.16228,3.16228,3.16228,4.47214,4.47214,4.47214,4.47214,4.47214,5.38516,5.0,5.38516,5.38516,5.0,5.0,5.0,5.65685,5.65685,5.65685,5.0,5.83095,5.38516,76.00658,73.24616,74.94665,69.40461,68.24222,60.30755,57.2014,60.21628,53.90733,50.60632,47.80167,46.32494,41.34005,41.67733,35.35534,35.0,36.71512,27.29469,23.02173,26.57066,19.92486,19.41649,19.41649,19.10497,15.52417,18.0,14.14214,12.64911,15.23155,12.80625,16.27882,12.80625,14.31782,14.76482,16.15549,17.08801,20.02498,18.97367,22.80351,24.08319,23.5372,24.73863,30.80584,22.2036,26.4764,30.26549,27.45906,29.41088,29.41088,30.67572,33.54102,34.43835,29.54657,33.61547,30.80584,30.61046,31.82766,43.17407,50.28916,50.32892,57.70615,55.56978,58.00862,55.80323,58.25805,61.6198,61.6198,64.53681,63.78087,64.44377,66.70832,66.61081,70.0,73.40981,70.17834,73.92564,70.49113,70.3278,73.06162,71.11259,73.34848,72.91776,72.61543,68.8767,72.61543,65.9242,66.70832,64.84597,63.07139,63.52952,61.7171,61.7171,58.18075,57.42822,57.42822,56.40035,55.31727,55.31727,54.48853,59.5483,54.67175,56.61272,56.61272,56.4358,65.30697,63.06346,64.88451,66.64833,65.30697,68.88396,73.34848,72.89719,76.47876,74.70609
12.80625,12.04159,11.40175,11.40175,10.0,10.0,9.21954,8.60233,8.60233,7.81025,7.07107,7.07107,6.40312,5.65685,5.0,5.0,4.24264,3.60555,3.60555,2.82843,2.23607,2.23607,2.23607,2.0,2.0,2.23607,2.82843,2.23607,2.23607,2.23607,3.16228,3.16228,3.16228,3.16228,3.60555,4.47214,4.47214,4.47214,4.12311,4.47214,4.47214,4.47214,5.38516,5.83095,5.0,5.0,5.65685,5.65685,5.65685,5.0,5.0,4.47214,73.60027,74.65253,66.52819,69.63476,70.60453,65.0,62.00806,57.80138,57.98276,52.69725,47.70744,41.88078,43.82921,40.0,35.60899,34.20526,31.89044,31.241,28.3196,24.69818,25.55386,23.25941,17.49286,14.31782,15.23155,15.29706,11.0,15.13275,10.19804,11.18034,10.63015,13.0384,13.60147,15.81139,17.49286,16.15549,22.47221,19.69772,23.08679,26.57066,25.29822,27.313,26.92582,26.0,27.313,29.06888,29.96665,31.38471,30.52868,29.20616,29.83287,34.82815,29.69848,32.64966,30.4795,30.88689,30.01666,44.04543,47.38143,52.40229,53.00943,54.08327,52.15362,54.70832,56.35601,57.77543,60.16644,60.53924,66.48308,63.69458,67.05222,69.12308,71.58911,69.42622,73.34848,68.06614,72.44308,74.43118,73.43705,75.23962,71.17584,74.10803,75.53807,71.11259,69.06519,70.11419,67.06713,63.28507,63.07139,62.28965,62.20129,61.29437,57.55867,61.39218,55.97321,55.02727,57.00877,59.09315,57.77543,54.58938,61.29437,52.15362,55.75841,58.24946,62.36986,65.19202,67.47592,65.76473,70.17834,71.42129,77.07788,73.66139,76.38063,76.41989
11.31371,11.31371,10.63015,10.63015,9.89949,9.21954,7.81025,7.81025,7.81025,7.07107,6.40312,5.65685,5.0,5.0,4.47214,3.60555,3.60555,3.16228,3.16228,3.0,2.0,3.0,2.0,2.23607,2.23607,2.23607,2.23607,3.60555,3.16228,4.12311,4.47214,4.47214,4.12311,4.47214,5.09902,5.09902,5.09902,5.38516,5.38516,5.38516,5.38516,6.32456,5.83095,5.38516,5.83095,5.83095,6.40312,6.40312,5.65685,5.65685,5.65685,5.83095,76.48529,70.83784,74.27651,70.72482,67.26812,67.20863,62.28965,60.82763,54.48853,53.07542,50.93133,46.66905,43.13931,39.69887,38.28838,32.80244,33.01515,29.20616,25.6125,25.23886,26.92582,20.12461,17.46425,15.52417,15.13275,13.15295,14.31782,13.41641,12.04159,11.40175,14.86607,14.21267,14.21267,18.02776,15.81139,18.35756,21.54066,23.34524,27.85678,25.07987,26.24881,25.0,28.4605,28.16026,31.32092,29.15476,30.46309,32.28002,32.20248,30.67572,34.48188,34.98571,36.35932,32.20248,31.89044,31.82766,32.20248,47.01064,48.02083,52.80152,51.62364,55.9017,55.97321,55.80323,57.42822,59.64059,61.05735,62.76942,66.18912,68.96376,70.38466,69.857,68.35203,73.1642,73.40981,74.33034,71.47027,73.37575,80.52329,73.00685,75.18643,72.36712,74.33034,74.1485,74.1485,67.74216,71.19691,66.70832,64.53681,64.53681,65.0,63.78871,60.72891,54.78138,59.23681,55.4617,57.70615,58.66856,54.6443,57.42822,59.03389,60.44005,53.75872,58.72819,59.81639,68.24954,67.00746,71.40028,72.47068,76.6094,74.63243,77.80103,79.81228,77.46612
12.08305,12.08305,12.08305,12.52996,11.18034,10.29563,9.84886,8.94427,8.94427,8.94427,7.61577,6.7082,6.32456,6.32456,6.32456,5.38516,5.09902,5.09902,4.12311,4.0,4.0,3.0,3.16228,3.16228,2.23607,2.23607,2.82843,2.82843,2.23607,3.16228,3.16228,3.16228,4.12311,4.12311,4.12311,4.12311,5.09902,4.12311,5.09902,4.12311,5.09902,5.09902,5.09902,5.09902,5.38516,5.38516,5.38516,5.83095,5.83095,5.0,5.65685,5.65685,72.44998,81.34494,67.06713,70.38466,70.93659,63.63175,66.12866,55.9464,59.5063,50.9902,49.24429,44.38468,44.01136,46.51881,41.76123,36.40055,34.17601,28.4605,23.08679,28.16026,26.01922,25.01999,19.64688,21.0238,18.43909,18.38478,16.55295,15.65248,15.55635,11.6619,14.21267,14.56022,14.56022,17.72005,20.0,18.24829,21.0238,23.0,23.34524,25.01999,25.17936,27.07397,28.0,29.27456,26.07681,30.06659,29.27456,31.40064,29.83287,32.38827,32.01562,31.38471,31.62278,33.10589,34.48188,32.64966,29.73214,49.09175,50.0,52.08647,51.78803,58.46366,53.45091,58.18935,56.46238,61.84658,61.29437,63.13478,65.36819,68.50547,68.8186,73.00685,72.8011,65.0,73.66139,73.0,74.27651,72.13876,73.5527,77.78175,73.75636,75.0733,75.82216,67.47592,69.52697,68.68042,65.8559,68.24954,63.89053,66.6033,61.52235,62.2254,62.93648,64.53681,57.48913,58.00862,55.75841,55.07268,61.26989,57.27128,59.13544,57.24509,59.80803,64.56005,63.06346,64.84597,69.857,68.44706,69.857,71.80529,77.27872,81.02469,77.12976,81.7435
12.80625,12.04159,11.40175,10.63015,10.63015,9.21954,9.21954,8.60233,8.60233,7.2111,7.2111,7.2111,5.83095,5.83095,5.38516,5.38516,4.12311,4.12311,4.12311,3.16228,3.0,3.16228,3.16228,3.16228,2.23607,3.60555,2.82843,3.60555,3.16228,3.60555,4.47214,4.12311,5.09902,5.09902,5.38516,5.38516,5.38516,6.32456,5.38516,6.32456,6.32456,6.32456,6.32456,6.32456,6.7082,6.7082,6.7082,6.7082,7.2111,6.40312,7.07107,6.40312,76.41989,78.56844,73.5527,67.89698,67.94115,60.20797,58.0,59.5483,53.07542,48.08326,50.24938,47.38143,44.55334,40.36087,36.06938,37.64306,30.0,28.6007,26.07681,27.78489,21.47091,21.63331,16.49242,15.23155,16.15549,13.0384,14.0,17.26268,13.15295,10.81665,17.69181,13.60147,15.0,16.64332,18.78829,17.02939,21.84033,22.82542,23.76973,23.4094,26.92582,26.83282,25.29822,27.313,29.41088,33.12099,28.63564,34.0,30.41381,29.54657,34.1321,32.44996,33.28663,32.55764,31.82766,30.61046,32.20248,46.95743,46.61545,48.9183,48.16638,53.2635,50.44799,52.69725,60.21628,58.5235,57.3062,63.50591,64.4748,65.79514,65.9242,67.06713,67.06713,66.40783,71.47027,71.56815,72.42237,70.40597,72.56721,73.00685,70.03571,68.18358,70.03571,71.38627,66.91039,66.70832,66.09841,62.96825,63.95311,62.0967,60.87693,62.93648,58.5235,58.18935,55.36244,56.46238,57.69749,56.4358,57.42822,55.21775,56.22277,56.72742,60.1415,59.4138,61.6198,64.66065,68.88396,69.42622,69.6563,69.6563,71.70077,77.46612,75.0733,82.20097
13.0,13.0,12.0,11.0,11.0,10.0,10.0,9.0,9.0,8.0,8.0,7.0,6.0,6.0,5.09902,5.09902,5.09902,4.12311,4.12311,3.16228,3.16228,3.16228,2.23607,2.23607,2.82843,2.23607,2.0,2.0,2.0,3.16228,3.16228,3.16228,3.16228,3.16228,4.12311,4.47214,4.47214,4.47214,4.47214,4.47214,4.12311,5.09902,5.09902,5.09902,5.09902,5.09902,6.0,5.0,5.0,5.09902,5.09902,5.38516,80.05623,78.02564,76.10519,70.00714,71.06335,66.0303,62.1289,59.3043,59.21149,53.23533,51.24451,48.09366,45.04442,45.09989,35.01428,37.21559,34.05877,27.29469,28.07134,31.40064,24.02082,22.56103,23.25941,17.88854,18.02776,16.12452,12.72792,15.26434,11.31371,10.19804,12.16553,12.04159,18.0,13.92839,19.10497,19.64688,18.68154,22.47221,28.4605,27.73085,25.29822,25.0,26.92582,27.20294,25.96151,31.7805,28.16026,29.27456,32.14032,32.55764,31.14482,35.01428,34.23449,32.06244,32.55764,31.7805,31.95309,49.64877,49.0408,55.54278,55.10898,56.4358,57.07889,54.00926,58.03447,60.0,63.50591,63.50591,66.91039,64.13267,68.88396,70.0928,70.88018,71.8401,73.73602,73.1642,72.8011,76.32169,75.39231,72.44998,75.66373,74.79305,72.06941,69.83552,69.35416,69.46222,69.77105,65.30697,63.97656,59.09315,63.97656,62.16912,60.40695,57.28001,58.24088,55.7853,58.24946,53.60037,57.31492,59.21149,59.00847,62.0,59.68249,61.40033,65.37584,70.03571,70.03571,70.85901,72.18033,74.1485,75.31268,81.7435,77.27872,81.49847
11.7047,10.77033,10.77033,9.84886,9.48683,8.544,8.544,7.61577,7.28011,6.7082,6.32456,5.83095,5.83095,4.47214,4.47214,3.60555,3.60555,2.82843,2.82843,2.82843,2.23607,2.23607,2.23607,2.0,2.23607,2.23607,2.23607,2.82843,2.82843,3.60555,3.60555,4.47214,4.24264,5.0,4.24264,5.0,5.0,5.65685,5.0,5.65685,5.0,5.65685,5.65685,5.65685,5.65685,5.0,5.83095,5.83095,5.83095,5.38516,5.38516,5.09902,79.40403,77.88453,75.43209,69.857,70.61161,65.0,61.39218,60.01666,57.07013,52.39275,45.35416,45.35416,45.12206,41.59327,38.83298,35.69314,33.37664,31.62278,25.07987,27.73085,19.69772,23.25941,17.02939,17.69181,17.20465,12.80625,14.14214,13.0,11.04536,11.40175,11.04536,14.56022,15.26434,12.64911,20.0,20.24846,24.41311,22.80351,23.60085,26.62705,27.45906,24.18677,26.62705,28.01785,29.20616,31.76476,29.06888,32.20248,28.6531,32.44996,33.10589,34.0147,32.01562,35.90265,29.83287,31.257,31.0,48.82622,45.79301,52.80152,53.48832,54.70832,52.17279,55.54278,58.0517,61.66036,63.07139,61.07373,67.02984,68.02941,70.00714,70.00714,71.17584,70.71068,72.33948,70.5762,72.83543,75.31268,76.40026,75.69016,71.8401,76.53757,74.33034,69.64194,70.88018,70.60453,67.44627,69.26038,63.78871,62.0967,64.53681,60.82763,59.68249,59.3043,57.14018,57.03508,59.00847,57.07889,62.39391,58.0517,63.63961,59.66574,66.09841,61.98387,61.09828,65.0,64.62198,71.69379,76.6942,78.39005,75.23962,77.47258,76.55064,81.5414
12.72792,12.72792,11.31371,11.31371,9.89949,9.89949,9.21954,8.48528,8.48528,8.48528,7.07107,6.40312,6.40312,6.40312,6.40312,5.0,4.47214,4.47214,4.47214,4.12311,3.16228,3.16228,3.0,3.0,3.0,2.0,2.23607,2.82843,2.82843,2.23607,3.60555,3.60555,3.60555,4.47214,4.47214,4.12311,4.47214,4.47214,4.47214,4.47214,4.47214,5.38516,5.38516,5.83095,5.38516,5.83095,5.83095,5.65685,5.65685,5.65685,5.83095,5.83095,77.98718,78.1025,78.56844,71.42129,70.0928,70.03571,61.7171,61.07373,55.17246,53.74012,53.15073,48.27007,42.52058,42.52058,38.41875,35.0,34.82815,31.40064,27.45906,26.40076,26.92582,26.0,21.09502,17.11724,18.02776,14.03567,14.0,15.23155,11.6619,11.6619,14.14214,13.60147,13.0384,17.46425,16.49242,17.08801,25.0,23.76973,24.5153,26.68333,26.4764,27.89265,25.96151,27.65863,30.59412,28.16026,33.24154,30.80584,32.01562,32.31099,34.0,33.01515,31.62278,34.48188,31.62278,31.89044,33.01515,48.8467,49.39636,51.40039,55.22681,52.34501,58.0,55.44367,58.89822,58.41233,61.61169,61.29437,66.24198,68.47627,68.09552,69.77105,67.62396,72.91776,70.5762,77.62087,74.33034,73.68175,74.0,76.24303,76.92204,72.03471,73.08215,71.06335,71.06335,64.7611,68.15424,64.03124,68.15424,67.05222,60.72891,64.51356,58.18935,57.27128,59.16925,57.14018,52.80152,55.21775,56.61272,56.63921,55.17246,58.69412,59.4138,58.82176,67.42403,67.95587,68.09552,71.02112,71.86793,73.4983,75.47185,81.9878,81.8352,83.76157
11.40175,10.63015,10.63015,10.0,9.21954,8.60233,7.81025,7.81025,7.07107,7.07107,5.65685,5.65685,5.65685,5.0,4.24264,3.60555,3.60555,3.60555,3.16228,2.0,2.23607,2.0,2.0,2.23607,2.23607,2.23607,2.23607,3.16228,3.16228,3.16228,4.12311,4.12311,4.12311,4.12311,5.09902,5.09902,5.09902,5.38516,5.38516,5.38516,5.38516,5.38516,5.83095,5.38516,5.83095,5.83095,5.83095,5.65685,6.40312,5.65685,5.65685,5.0,72.83543,72.86288,71.44928,72.12489,66.48308,63.78087,58.69412,62.28965,55.44367,51.62364,45.27693,43.86342,45.27693,41.03657,40.36087,34.20526,33.42155,25.0,25.80698,26.07681,23.25941,20.80865,19.69772,16.76305,12.04159,13.0384,11.04536,13.34166,10.0,11.6619,11.40175,12.08305,16.15549,16.49242,20.88061,20.12461,22.13594,21.2132,25.4951,24.73863,26.4764,28.86174,28.44293,29.12044,29.83287,30.08322,29.41088,33.61547,31.01612,31.38471,34.0,33.61547,34.98571,32.80244,31.89044,31.14482,31.1127,47.70744,46.40043,49.51767,52.3259,51.40039,57.42822,54.6443,57.3062,58.83026,56.82429,63.15853,64.2573,65.55151,65.9242,65.78754,70.5195,70.5195,69.64194,73.08215,70.83078,74.95332,72.36712,72.03471,74.96666,69.72087,70.5762,68.73136,69.46222,66.4906,66.61081,63.15061,66.75328,64.32729,60.20797,62.36185,60.72891,57.28001,56.0803,54.23099,55.9464,54.58938,53.53504,56.61272,56.85068,55.80323,61.55485,58.25805,63.12686,64.66065,64.53681,69.42622,70.43437,70.93659,75.80237,74.02702,81.56592,78.00641
13.15295,12.16553,12.16553,11.18034,11.18034,10.19804,9.21954,9.21954,9.21954,8.24621,8.24621,7.28011,6.32456,6.32456,5.38516,5.38516,5.38516,4.47214,4.24264,3.60555,4.24264,3.60555,3.60555,3.60555,3.16228,3.16228,3.0,4.0,4.12311,3.16228,4.12311,4.47214,4.47214,4.47214,4.47214,4.47214,5.38516,5.38516,5.38516,5.38516,5.38516,5.38516,6.32456,6.32456,6.32456,6.08276,6.08276,6.08276,6.0,6.0,6.08276,6.08276,75.18643,72.18033,82.56513,72.36712,67.91171,68.73136,55.44367,62.20129,54.45181,54.12947,51.1957,47.07441,44.91102,39.81206,39.29377,39.21734,33.24154,31.04835,30.08322,28.79236,26.92582,25.80698,25.45584,18.60108,14.86607,12.72792,15.52417,12.52996,13.0,12.04159,12.0,13.0,13.41641,18.38478,16.55295,19.20937,20.80865,22.2036,19.79899,24.83948,23.02173,26.87006,25.4951,30.4795,32.44996,28.84441,33.01515,31.90611,33.12099,31.76476,35.77709,33.52611,33.24154,32.28002,36.67424,32.14032,32.06244,46.95743,49.64877,49.24429,52.95281,56.32051,57.03508,55.0,56.0357,59.4138,56.0803,64.77654,65.11528,65.9242,68.88396,68.44706,68.00735,71.47027,69.26038,75.89466,74.09453,73.53911,73.00685,73.1642,75.6439,70.68239,70.38466,69.31811,70.21396,67.1193,68.88396,66.64083,66.30988,60.16644,60.83584,61.68468,60.72891,54.57105,59.03389,56.29387,56.56854,51.35173,54.03702,60.00833,57.21888,57.42822,60.16644,59.90826,65.73431,65.14599,68.41053,70.5195,70.5195,80.77747,71.56815,75.27284,76.65507,77.7946
11.18034,11.18034,10.29563,11.18034,8.94427,8.94427,8.544,7.61577,7.61577,6.7082,6.7082,5.83095,5.83095,5.0,4.24264,3.60555,4.24264,2.82843,3.60555,2.23607,2.23607,2.0,2.0,2.23607,2.0,1.41421,2.82843,2.82843,3.60555,3.16228,3.60555,4.47214,4.47214,4.47214,4.47214,4.47214,4.47214,5.0,5.83095,5.83095,5.0,5.83095,6.40312,6.40312,6.40312,5.65685,5.65685,6.40312,5.83095,5.83095,5.83095,5.38516,72.01389,76.6942,76.48529,72.23573,68.54196,62.03225,61.09828,56.04463,55.71355,52.49762,50.59644,45.65085,41.23106,39.92493,39.92493,33.10589,32.69557,30.88689,25.80698,24.69818,27.45906,18.60108,17.20465,17.02939,15.0,12.36932,13.34166,11.18034,12.36932,14.56022,11.18034,11.7047,15.81139,14.14214,17.69181,18.60108,21.26029,22.2036,23.85372,22.67157,26.87006,25.80698,28.28427,27.58623,27.58623,30.4795,29.06888,35.38361,30.41381,32.55764,33.30165,34.66987,31.38471,33.10589,31.38471,35.4683,31.7805,48.27007,51.0392,51.88449,53.22593,51.62364,55.65968,56.32051,59.22837,63.56099,60.82763,64.49806,61.29437,67.74216,70.02857,67.06713,67.0,76.05919,71.25307,74.24284,74.00676,74.10803,72.56032,79.9062,74.1485,75.13322,70.5762,70.03571,71.84706,69.42622,67.08204,62.36986,66.28725,64.38167,64.28063,62.20129,62.0,62.00806,58.03447,58.03447,57.70615,56.08921,58.24946,59.20304,59.20304,56.61272,61.26989,60.41523,64.84597,69.35416,69.97142,68.60029,65.0,70.49113,75.591,79.40403,83.72574,77.69813
13.0,12.08305,11.7047,11.18034,9.84886,9.84886,9.84886,8.94427,8.544,7.61577,7.61577,7.28011,6.32456,6.08276,5.09902,5.09902,5.09902,4.12311,4.0,4.0,3.16228,3.16228,3.16228,3.16228,3.60555,2.82843,2.82843,3.16228,3.16228,4.12311,4.12311,4.12311,5.09902,5.09902,5.09902,5.09902,6.08276,6.08276,6.08276,6.08276,6.32456,6.08276,6.32456,6.32456,6.32456,6.7082,6.7082,6.7082,6.7082,6.40312,6.40312,6.40312,77.16217,74.46476,75.61085,68.00735,67.41662,62.24147,63.56099,57.69749,54.42426,51.47815,51.07837,44.27189,42.72002,40.70626,38.8973,34.17601,36.13862,29.42788,29.83287,28.28427,24.5153,23.19483,20.02498,17.26268,16.03122,16.15549,15.65248,18.78829,12.08305,11.6619,14.31782,15.23155,13.0384,17.26268,17.0,18.0,20.22375,20.0,26.07681,25.0,29.06888,29.15476,27.01851,27.01851,29.06888,27.01851,31.257,33.13608,30.0,27.65863,32.24903,32.98485,34.17601,29.73214,32.69557,33.12099,31.90611,46.09772,48.37355,50.80354,55.08176,51.86521,54.42426,52.80152,55.9464,59.16925,60.03332,58.60034,61.84658,63.41136,61.22091,66.21933,67.89698,71.44928,74.33034,74.27651,70.83784,70.93659,70.93659,73.60027,71.21798,71.06335,68.60029,68.60029,70.0,66.85058,65.80274,63.00794,61.22091,61.61169,57.00877,60.959,55.31727,56.58622,54.03702,53.15073,54.08327,52.47857,53.85165,54.70832,60.00833,57.69749,53.16014,58.5235,61.13101,60.72891,67.44627,70.34202,68.88396,72.27724,70.40597,77.12976,75.18643,75.9276
10.81665,10.81665,10.81665,9.43398,8.60233,8.06226,8.06226,7.2111,7.2111,5.83095,5.83095,5.83095,5.0,5.0,4.24264,4.24264,2.82843,2.82843,3.16228,2.23607,2.23607,2.0,2.0,2.0,2.0,1.41421,2.23607,2.23607,2.23607,3.16228,3.60555,3.60555,4.47214,4.47214,4.47214,4.47214,5.38516,4.47214,4.47214,5.38516,5.38516,5.83095,5.0,5.0,5.83095,5.0,5.65685,5.65685,5.65685,5.0,5.0,5.83095,83.00602,73.57309,73.3553,68.60029,68.0,66.18912,60.03332,63.13478,55.9017,54.56189,51.0,46.52956,45.17743,39.81206,36.35932,34.48188,33.83785,28.6007,27.80288,25.6125,28.01785,18.60108,20.0,18.43909,13.0384,17.0,12.08305,14.14214,11.18034,13.34166,10.04988,10.81665,15.55635,14.86607,18.02776,16.40122,21.63331,21.63331,27.78489,24.69818,26.62705,32.75668,30.0,29.20616,31.82766,30.4795,35.35534,30.4795,35.4683,31.14482,33.6006,32.80244,36.61967,33.28663,28.17801,31.38471,31.32092,47.20169,51.62364,49.67897,53.90733,54.91812,58.66856,58.18075,59.03389,61.84658,61.09828,63.56886,67.35726,68.00735,67.44627,73.24616,72.03471,74.1485,67.60178,73.97973,75.42546,74.43118,77.02597,73.10951,70.11419,73.02739,75.0,73.00685,75.0,66.06815,74.00676,65.00769,69.0,65.00769,63.00794,61.29437,58.30952,59.5399,57.87055,58.46366,57.07013,58.24088,54.42426,58.30952,55.47071,55.4617,63.50591,61.05735,63.00794,62.20129,65.0,67.00746,70.29225,74.4043,74.65253,75.43209,78.24321,77.23341
13.0384,12.20656,11.6619,11.40175,10.81665,10.0,9.43398,9.43398,8.60233,8.06226,7.2111,7.2111,6.7082,6.7082,5.38516,5.38516,4.47214,4.47214,4.12311,4.12311,4.0,3.0,3.0,3.16228,3.16228,2.23607,2.23607,2.23607,2.23607,3.16228,3.16228,3.16228,4.12311,4.12311,4.12311,4.12311,4.12311,4.12311,5.09902,4.12311,5.09902,5.09902,5.38516,5.38516,5.38516,5.38516,5.38516,5.83095,5.83095,5.0,5.65685,5.65685,74.33034,74.88658,73.23933,71.61006,69.06519,64.03124,60.21628,62.80127,57.80138,55.0,52.49762,47.50789,44.65423,39.69887,35.51056,36.89173,33.28663,29.15476,23.85372,24.69818,22.80351,22.47221,17.11724,17.02939,15.0333,14.31782,15.52417,13.92839,13.0384,14.42221,11.7047,10.29563,13.92839,15.29706,17.26268,19.41649,16.27882,24.5153,28.01785,25.01999,26.30589,28.07134,29.0,26.07681,28.16026,31.06445,28.86174,30.26549,31.57531,28.79236,34.20526,30.08322,29.41088,32.20248,34.1321,35.22783,31.241,48.75449,48.76474,50.47772,53.2635,54.67175,55.22681,57.48913,58.13777,58.60034,60.21628,65.19202,62.26556,63.24555,65.0,68.88396,71.55418,69.77822,68.54196,72.91776,72.8011,73.73602,73.05477,74.67262,72.42237,71.47027,71.7844,68.68042,71.16881,68.00735,64.51356,64.19502,63.32456,61.09828,62.24147,62.39391,59.48109,55.4617,57.45433,53.25411,57.80138,55.22681,56.58622,56.72742,57.31492,54.91812,59.46427,59.90826,63.28507,65.36819,66.18912,66.64083,69.35416,76.92204,76.02631,75.58439,76.48529,78.71467
13.60147,12.20656,10.81665,11.6619,10.81665,10.0,9.43398,8.60233,8.60233,7.81025,7.2111,7.07107,6.40312,5.0,5.0,4.24264,4.24264,3.60555,3.60555,3.60555,2.23607,2.23607,2.23607,2.0,1.0,2.23607,1.41421,2.23607,2.23607,3.16228,3.0,3.16228,3.16228,4.0,4.12311,4.12311,4.12311,4.12311,5.09902,4.12311,4.47214,5.38516,5.38516,5.38516,5.38516,5.0,5.83095,5.0,5.0,5.0,5.65685,5.0,82.76473,77.87811,76.05919,74.0,69.77822,69.28925,62.62587,60.53924,59.23681,51.07837,50.32892,46.09772,44.38468,39.0,38.07887,34.48188,35.51056,29.68164,29.41088,26.62705,23.34524,21.93171,20.24846,16.27882,16.15549,18.68154,12.08305,12.16553,11.40175,10.44031,13.60147,14.21267,10.63015,14.86607,15.0,17.88854,18.60108,25.05993,21.9545,23.70654,28.6531,26.62705,27.73085,25.94224,28.6007,28.84441,31.38471,28.30194,30.61046,31.89044,33.94113,30.41381,33.24154,30.0,30.80584,33.83785,32.24903,48.54894,51.47815,51.92302,55.54278,55.9017,55.44367,56.22277,58.13777,63.00794,63.03174,63.00794,67.02984,69.02898,70.06426,69.46222,69.72087,71.84706,77.78175,74.54529,74.72617,74.2159,76.53757,74.46476,74.73286,72.03471,75.70997,71.30919,70.83078,68.62215,68.15424,66.94027,67.68309,66.09841,63.78871,62.80127,59.84146,60.13319,58.00862,58.00862,59.07622,57.42822,55.44367,59.43904,57.87055,61.68468,56.04463,62.39391,63.97656,64.40497,69.77105,68.96376,75.71658,76.66159,78.23682,78.23043,79.25907,82.8553
12.20656,12.20656,11.40175,10.81665,10.0,9.21954,9.43398,8.06226,8.60233,7.2111,7.2111,6.7082,5.83095,5.38516,5.38516,5.09902,5.09902,4.0,4.0,3.0,3.0,3.16228,3.16228,2.23607,2.23607,2.82843,3.60555,3.16228,3.16228,3.16228,4.12311,4.0,4.0,5.0,5.09902,5.09902,5.09902,6.08276,6.08276,6.08276,6.08276,6.08276,6.08276,6.32456,6.32456,6.32456,6.32456,6.32456,6.32456,6.7082,6.40312,6.40312,81.34494,74.24958,74.95332,75.66373,66.52819,65.06919,59.4138,61.52235,57.28001,55.22681,53.03772,48.9183,45.27693,42.52058,39.20459,36.87818,35.80503,27.65863,28.01785,27.45906,24.73863,19.69772,18.78829,19.31321,16.03122,13.34166,17.46425,10.77033,12.16553,14.21267,11.31371,15.0,13.60147,14.31782,18.24829,20.61553,20.09975,22.36068,23.5372,30.01666,25.4951,27.89265,31.57531,29.06888,30.59412,33.24154,31.7805,32.98485,31.04835,35.4683,33.61547,33.10589,33.54102,33.61547,36.40055,34.4093,33.24154,46.75468,49.0408,49.0408,54.91812,53.33854,57.69749,58.30952,59.09315,61.46544,58.5235,60.40695,64.56005,68.30813,67.05222,70.0928,69.12308,72.83543,72.36712,72.18033,78.31347,73.43705,74.33034,74.33034,73.33485,73.06162,74.16873,72.11103,75.32596,67.26812,63.28507,65.62012,68.06614,62.39391,62.514,62.80127,62.96825,60.08328,57.56735,57.00877,58.69412,56.82429,58.83026,59.16925,57.42822,61.6198,62.36986,59.4138,62.36986,65.19202,70.17834,70.60453,70.43437,73.60027,71.40028,76.40026,80.0,79.24645
13.0,12.08305,11.7047,10.77033,9.84886,9.84886,8.94427,8.06226,8.06226,6.7082,6.7082,7.2111,5.83095,5.0,5.0,4.24264,4.24264,3.60555,3.60555,3.60555,3.16228,3.16228,3.0,2.0,3.0,3.16228,3.60555,3.60555,3.60555,4.24264,4.24264,4.24264,5.0,5.0,5.65685,6.40312,5.65685,5.0,5.65685,6.40312,6.40312,7.07107,6.40312,7.07107,7.07107,6.40312,6.40312,6.40312,6.40312,5.83095,6.7082,6.32456,78.0,74.33034,75.02666,72.73239,70.2282,63.06346,60.44005,60.08328,56.921,50.0,48.08326,49.0408,44.27189,39.92493,36.24914,34.43835,29.06888,26.07681,25.55386,25.4951,21.63331,21.26029,15.55635,16.27882,12.80625,13.41641,13.0384,13.0,14.03567,14.14214,10.77033,17.02939,15.6205,17.02939,22.62742,18.43909,22.02272,24.04163,25.0,25.0,26.87006,27.45906,27.20294,29.20616,28.3196,28.3196,29.06888,32.01562,29.83287,33.97058,32.01562,33.83785,33.01515,30.01666,31.90611,30.41381,30.46309,45.17743,51.5461,50.96077,52.39275,55.57877,52.34501,57.00877,54.14795,60.13319,56.22277,63.1981,64.12488,66.48308,65.49046,67.08204,67.08204,72.27724,70.21396,71.30919,68.62215,70.21396,74.94665,71.16881,71.16881,71.86793,72.42237,72.61543,73.1642,68.00735,66.7308,63.56886,64.19502,61.68468,60.16644,60.16644,58.69412,52.39275,54.03702,56.0803,55.00909,54.08327,57.14018,57.31492,55.9017,57.72348,55.08176,59.90826,59.61543,64.62198,66.70832,68.942,69.35416,76.05919,72.91776,79.64923,78.39005,79.30952
12.80625,12.20656,11.40175,11.40175,10.81665,10.0,10.0,8.60233,8.60233,7.2111,7.2111,6.40312,5.83095,5.65685,5.0,4.24264,4.24264,4.24264,3.60555,2.82843,2.82843,2.23607,2.0,1.0,1.0,2.23607,2.23607,2.0,2.23607,3.16228,3.16228,3.0,4.12311,4.12311,4.12311,4.12311,4.12311,4.12311,4.12311,5.09902,5.38516,4.47214,5.38516,5.38516,4.47214,5.83095,5.0,5.0,5.0,5.0,5.0,4.47214,82.807,77.07788,76.38063,73.75636,72.24957,65.43699,61.7171,60.80296,56.0803,53.15073,48.9183,47.42362,43.84062,44.04543,38.18377,35.35534,38.20995,30.61046,28.6007,26.24881,26.41969,21.63331,18.86796,18.02776,14.86607,14.0,11.18034,11.18034,10.04988,12.52996,12.04159,12.04159,13.0384,19.23538,15.52417,18.43909,18.43909,26.57066,22.2036,27.45906,26.57066,28.28427,27.29469,30.80584,27.65863,31.32092,28.4605,32.57299,33.83785,29.15476,31.01612,34.9285,32.24903,31.06445,32.20248,33.42155,29.0,49.51767,48.79549,56.0803,59.40539,55.22681,55.9464,57.27128,58.13777,57.77543,66.40783,65.80274,68.68042,67.18631,64.7611,72.56721,70.40597,74.52516,72.83543,73.68175,73.5527,74.33034,74.16873,76.32169,79.15807,75.05998,72.11103,72.0,70.11419,70.00714,74.10803,66.37017,66.37017,64.49806,64.38167,66.28725,58.24946,60.16644,57.00877,59.46427,58.87274,56.36488,57.27128,57.80138,59.81639,59.40539,62.00806,58.13777,65.06919,64.38167,67.89698,69.52697,71.06335,79.30952,74.51845,78.87332,81.3941,83.73769
12.16553,12.04159,11.18034,11.18034,10.19804,10.19804,9.05539,9.05539,8.06226,8.06226,7.07107,7.07107,6.08276,6.08276,5.09902,5.0,4.0,4.0,4.12311,3.16228,3.0,3.0,2.23607,2.23607,2.23607,2.23607,2.0,2.0,2.0,3.16228,2.0,2.23607,3.16228,3.16228,4.12311,4.12311,4.12311,4.12311,4.12311,4.12311,4.12311,5.09902,4.12311,5.09902,5.09902,5.0,5.0,5.0,5.0,5.09902,5.09902,4.47214,78.05767,76.1643,73.06162,74.96666,69.87131,66.61081,65.27634,60.53098,57.87055,56.14268,50.63596,47.51842,46.87217,41.59327,37.21559,36.22154,34.23449,31.0,31.01612,27.01851,26.30589,21.2132,17.46425,18.02776,16.76305,15.81139,15.65248,13.45362,12.20656,12.08305,11.04536,8.06226,16.0,15.29706,18.68154,16.55295,18.24829,24.04163,23.76973,22.80351,24.73863,27.51363,27.20294,28.28427,27.89265,28.44293,28.86174,29.61419,33.37664,29.06888,34.0147,32.06244,32.01562,33.24154,31.40064,32.28002,31.62278,45.61798,49.33559,53.93515,56.4358,55.03635,56.00893,58.07753,58.69412,62.514,63.78871,65.11528,63.34824,66.94027,70.0928,68.62215,72.11103,72.73239,73.1642,75.6439,76.94154,76.02631,76.05919,74.24284,72.06941,74.09453,74.30343,69.11584,72.94518,70.72482,69.11584,66.03787,70.83078,65.0,61.77378,60.41523,59.5063,58.60034,58.82176,55.08176,59.43904,56.08921,58.24946,55.9017,57.21888,58.13777,61.40033,63.0,66.00758,69.11584,69.46222,72.00694,79.51101,72.69113,80.50466,80.23092,82.1523,81.05554
12.08305,11.7047,10.77033,10.77033,9.84886,9.48683,8.94427,8.94427,7.61577,6.7082,6.7082,5.83095,5.83095,5.83095,5.0,4.24264,4.24264,4.24264,3.60555,2.82843,2.23607,3.16228,3.16228,2.0,2.0,3.16228,3.16228,2.82843,2.82843,4.24264,3.60555,4.24264,4.24264,5.0,5.0,5.65685,5.65685,5.65685,5.65685,5.65685,6.40312,6.40312,5.65685,6.40312,6.40312,6.40312,6.7082,5.83095,6.7082,6.32456,6.32456,6.08276,78.44743,75.69016,73.4983,70.34202,71.58911,64.93843,67.08204,61.98387,57.48913,54.57105,50.63596,47.53946,49.36598,41.76123,35.35534,39.62323,37.69615,29.73214,28.23119,26.83282,26.0,20.59126,21.40093,17.69181,16.27882,16.40122,15.26434,15.81139,14.14214,13.0384,13.0384,11.18034,12.52996,18.38478,15.81139,19.41649,20.61553,24.20744,23.02173,25.80698,27.65863,26.90725,29.83287,24.83948,27.80288,33.12099,33.61547,33.28663,32.24903,33.12099,34.43835,34.0,33.52611,34.52535,32.24903,36.22154,32.06244,46.8615,49.40648,49.64877,55.4617,53.14132,53.45091,55.31727,59.22837,62.16912,61.66036,64.49806,66.18912,66.0,69.02898,69.26038,68.18358,69.35416,72.33948,73.43705,74.8131,70.71068,79.42921,77.46612,73.97973,71.30919,73.24616,73.97973,73.08215,69.92138,65.73431,67.68309,64.53681,62.58594,65.30697,61.66036,56.88585,58.42089,58.30952,59.13544,56.0,58.07753,52.95281,54.58938,62.36986,54.34151,53.48832,65.14599,61.09828,67.1193,63.50591,67.41662,75.58439,74.84651,78.0,81.5414,80.41144,80.77747
13.0384,13.0384,12.20656,11.6619,11.6619,10.29563,10.29563,9.43398,9.43398,8.60233,8.06226,7.2111,6.40312,6.40312,6.40312,5.0,5.0,5.0,4.24264,4.47214,3.60555,3.60555,3.16228,3.16228,3.16228,3.0,2.23607,2.23607,2.23607,2.82843,2.82843,4.24264,4.24264,4.24264,4.24264,5.0,5.0,4.24264,4.24264,5.65685,5.0,5.0,5.65685,5.65685,5.65685,5.0,6.40312,5.83095,5.83095,5.38516,5.38516,6.32456,87.66413,76.55064,83.40863,77.38863,68.8186,69.97142,62.64982,64.49806,55.47071,60.90156,49.73932,48.25971,46.61545,41.6173,41.04875,37.48333,31.89044,31.14482,29.73214,24.08319,25.4951,22.67157,20.12461,16.15549,13.0,17.46425,13.41641,9.05539,11.7047,11.40175,11.7047,10.81665,16.40122,14.76482,17.08801,18.86796,20.59126,21.58703,24.69818,20.88061,26.40076,25.29822,25.63201,27.20294,29.06888,26.83282,29.54657,28.63564,31.76476,31.7805,32.75668,34.1321,33.28663,32.80244,32.64966,32.52691,32.20248,46.64762,53.33854,49.24429,53.85165,52.63079,57.72348,56.56854,60.67125,61.13101,60.29925,62.07254,66.06815,67.06713,67.00746,74.00676,67.06713,78.51751,70.25667,75.42546,75.42546,75.53807,74.1485,67.89698,72.53275,74.73286,76.29548,72.36712,75.13322,62.16912,73.1642,66.91039,69.42622,62.0,59.03389,62.20129,62.07254,55.00909,57.21888,56.22277,58.24946,60.41523,50.92151,59.13544,55.03635,63.06346,53.33854,64.3506,63.60031,67.00746,66.4003,68.11755,73.66139,75.43209,72.34639,75.0733,83.73769,76.6942
12.04159,12.04159,10.63015,10.63015,10.0,9.21954,9.21954,7.81025,8.48528,7.07107,7.07107,6.40312,6.40312,5.0,5.0,5.83095,4.47214,4.47214,3.16228,3.16228,3.16228,3.0,3.0,3.0,2.23607,3.16228,2.82843,2.82843,3.60555,3.60555,3.60555,4.47214,4.47214,4.47214,5.0,5.38516,5.38516,5.38516,5.38516,5.83095,5.83095,5.83095,5.83095,5.83095,5.83095,6.40312,6.40312,6.40312,6.40312,6.40312,6.40312,5.83095,80.91971,77.93587,77.42093,71.02112,70.80254,69.33974,65.19202,63.28507,56.85948,55.47071,50.77401,45.80393,46.61545,41.88078,42.0119,37.64306,33.42155,31.14482,29.73214,29.20616,24.69818,19.23538,23.25941,17.0,17.08801,17.72005,12.16553,13.0384,15.29706,12.16553,14.42221,14.42221,14.86607,15.55635,23.02173,16.97056,21.09502,25.94224,22.36068,28.63564,24.16609,26.0,26.83282,28.79236,29.06888,28.63564,31.7805,29.42788,32.64966,34.48188,34.1321,32.75668,34.05877,34.05877,33.24154,34.05877,30.61046,49.0408,49.64877,50.11986,56.79789,53.31041,56.64804,59.48109,59.43904,59.43904,58.5235,61.81424,62.80127,69.46222,69.35416,67.47592,72.02777,73.00685,67.00746,75.02666,79.22752,76.1643,78.16009,72.44308,73.10951,76.53104,76.32169,69.35416,74.67262,68.593,71.44928,68.02941,65.00769,65.19202,63.12686,62.07254,57.14018,57.55867,57.31492,57.07013,56.29387,56.32051,55.02727,61.84658,58.59181,58.66856,55.03635,58.30952,64.81512,65.80274,68.88396,69.42622,71.70077,76.48529,71.58911,78.49204,78.74643,77.23341
12.52996,11.6619,11.6619,10.81665,10.29563,9.43398,9.43398,8.94427,8.06226,8.06226,7.2111,6.7082,6.7082,5.83095,5.38516,5.38516,4.12311,4.12311,4.12311,4.12311,4.0,3.0,3.0,3.0,3.16228,2.23607,2.23607,2.82843,2.23607,2.23607,3.16228,3.16228,3.16228,4.12311,4.12311,4.12311,4.12311,4.12311,4.12311,4.12311,5.09902,4.12311,5.38516,4.47214,5.38516,5.38516,5.38516,5.0,5.0,5.65685,5.65685,5.0,79.25907,71.86793,76.00658,78.49204,73.78347,70.21396,69.89278,60.74537,56.0357,53.00943,51.86521,45.48626,46.04346,42.72002,40.80441,36.71512,34.1321,29.52965,27.73085,29.73214,26.40076,25.63201,20.09975,20.09975,17.11724,17.72005,17.11724,13.15295,12.64911,11.6619,10.0,9.48683,13.89244,16.49242,15.23155,19.64688,20.22375,24.33105,26.07681,24.02082,25.07987,28.44293,25.96151,27.65863,31.57531,30.06659,32.01562,29.27456,28.63564,29.83287,32.57299,30.67572,32.69557,30.88689,31.38471,34.82815,26.87006,47.85394,51.5461,49.64877,55.00909,57.3062,54.6443,56.85948,60.60528,62.00806,62.36986,65.8559,67.89698,65.06919,67.47592,70.29225,68.41053,74.20243,71.28113,74.63243,73.60027,74.79305,74.30343,79.64923,77.82673,76.96753,72.91776,71.86793,70.68239,72.01389,71.11962,65.30697,67.08204,68.47627,60.74537,66.03787,59.90826,61.29437,58.00862,57.00877,57.31492,57.98276,58.89822,58.13777,60.80296,60.21628,57.3062,59.94164,64.88451,65.55151,69.77822,66.85058,74.73286,78.79086,71.30919,77.47258,78.54935,86.53901
10.63015,10.0,10.63015,10.0,9.21954,8.60233,7.81025,7.81025,6.40312,7.07107,5.65685,5.65685,5.65685,5.0,4.24264,3.60555,3.60555,3.16228,3.16228,3.16228,2.0,2.0,2.0,2.23607,2.23607,1.41421,2.23607,3.16228,3.16228,3.16228,4.12311,4.12311,4.12311,5.09902,5.0,5.09902,5.09902,5.09902,5.09902,5.09902,6.08276,5.09902,6.32456,5.38516,6.32456,5.38516,5.38516,5.83095,5.83095,5.83095,5.0,5.65685,76.38063,71.50524,75.0733,67.26812,67.47592,62.482,61.07373,56.22277,54.48853,56.72742,50.32892,40.60788,44.59821,40.60788,38.8973,34.71311,31.1127,27.80288,25.23886,23.32381,24.18677,20.12461,17.46425,15.81139,13.92839,15.29706,10.0,14.31782,11.18034,11.18034,10.63015,12.04159,13.41641,16.55295,15.52417,18.97367,21.18962,24.08319,23.08679,24.69818,23.08679,27.20294,25.0,29.15476,29.41088,27.20294,28.79236,29.73214,32.31099,28.63564,32.69557,32.20248,33.28663,33.28663,30.61046,29.0,31.40064,46.01087,49.49747,49.57822,52.80152,54.91812,55.22681,57.24509,58.60034,56.36488,59.61543,65.45991,64.62198,63.56886,66.48308,67.72001,67.46851,73.76313,72.18033,73.1642,73.34848,72.69113,74.43118,75.42546,75.23962,74.10803,72.1734,69.18092,67.1193,67.26812,69.46222,63.63961,67.47592,65.37584,60.40695,61.52235,60.87693,60.16644,57.24509,58.87274,57.69749,59.80803,56.93856,57.80138,56.85948,58.25805,56.72742,58.89822,62.93648,62.24147,67.17887,65.79514,65.43699,73.0,76.38063,75.16648,77.98718,72.47068
13.15295,12.16553,11.18034,11.04536,10.04988,10.19804,9.05539,9.05539,8.06226,7.07107,7.28011,7.28011,6.08276,5.09902,5.09902,4.47214,4.47214,4.47214,3.60555,3.16228,2.82843,2.23607,2.82843,2.23607,1.41421,1.0,2.0,2.23607,1.41421,2.82843,2.82843,2.82843,2.82843,2.82843,4.24264,4.24264,4.24264,3.60555,4.24264,4.24264,5.0,5.0,5.0,5.0,5.0,4.47214,5.38516,4.47214,5.38516,5.09902,5.09902,5.0,77.31753,79.40403,71.25307,73.06162,72.00694,63.03174,66.0303,61.03278,54.03702,52.0,53.08484,47.04253,48.25971,43.10452,39.11521,37.21559,37.48333,28.63564,31.06445,26.4764,21.18962,21.93171,20.80865,16.12452,15.65248,14.42221,13.0,13.60147,11.18034,11.7047,11.04536,15.29706,12.64911,14.56022,14.42221,15.23155,17.88854,22.47221,25.80698,25.55386,24.69818,25.07987,28.23119,27.29469,29.06888,28.23119,30.08322,27.51363,31.62278,31.95309,31.01612,33.95585,32.75668,30.80584,34.0147,31.01612,31.57531,45.61798,52.0,50.0,52.39275,53.36666,60.53098,59.3043,60.07495,60.00833,62.07254,64.07027,68.35934,71.70077,71.38627,71.58911,70.61161,73.97973,74.72617,74.04053,76.55064,76.2168,76.89603,77.07788,75.6439,74.68601,75.58439,76.48529,73.92564,70.26379,65.30697,72.09022,67.62396,61.32699,65.55151,63.24555,59.77458,61.13101,56.04463,59.90826,61.0,61.29437,58.03447,60.03332,59.07622,62.00806,54.57105,64.62971,64.32729,68.24954,66.94027,72.03471,73.97973,77.46612,75.43209,78.33901,82.76473,79.30952
11.40175,10.19804,10.19804,9.48683,9.21954,8.24621,8.24621,7.28011,7.28011,6.32456,6.08276,5.09902,5.09902,4.12311,4.12311,4.0,3.0,3.0,3.0,2.23607,2.23607,1.41421,1.41421,1.41421,1.0,1.0,2.0,2.23607,2.23607,2.23607,3.60555,3.60555,3.60555,3.60555,3.60555,4.47214,4.47214,4.47214,4.47214,4.47214,4.47214,4.47214,5.38516,4.47214,4.47214,5.09902,5.09902,5.09902,5.09902,5.0,5.0,4.12311,76.40026,79.12016,74.33034,67.72001,70.38466,65.55151,59.09315,56.0803,53.48832,53.31041,50.15974,44.27189,43.08132,40.16217,39.56008,35.73514,35.44009,27.89265,27.29469,27.45906,21.09502,20.0,21.09502,17.26268,16.27882,15.13275,12.08305,10.0,9.43398,9.43398,10.44031,14.0,11.04536,15.0333,14.14214,17.11724,23.08679,21.58703,21.84033,22.36068,25.70992,31.32092,25.4951,27.89265,29.42788,30.80584,27.16616,29.61419,31.06445,29.0,30.01666,32.06244,35.12834,31.257,31.40064,31.01612,29.15476,48.09366,50.63596,50.69517,54.08327,55.15433,56.35601,55.47071,58.59181,62.43397,59.90826,62.20129,64.81512,67.20119,69.6563,65.8559,67.88225,71.70077,70.72482,75.00667,72.86288,72.34639,73.75636,73.75636,71.70077,71.21798,74.20243,72.20111,71.84706,67.80118,67.80118,68.60029,64.53681,63.25346,63.70243,61.52235,62.2254,58.13777,55.9017,57.48913,56.0357,60.20797,55.9464,58.30952,58.69412,58.60034,56.61272,57.72348,64.53681,67.46851,65.73431,70.85901,71.84706,77.64664,73.34848,81.58431,80.23092,78.64477
13.0384,12.0,12.0,12.0,11.0,10.0,9.0,9.0,9.0,8.0,8.0,7.07107,7.0,6.0,5.09902,5.09902,5.09902,4.12311,4.12311,3.16228,3.16228,2.23607,2.23607,2.23607,1.41421,2.23607,2.0,2.0,2.23607,2.23607,2.82843,2.82843,2.82843,2.82843,3.60555,4.24264,4.24264,4.24264,3.60555,4.24264,5.0,5.0,5.0,5.0,5.0,4.47214,5.38516,5.38516,5.09902,5.09902,5.09902,5.0,80.05623,75.16648,74.16873,71.70077,69.58448,65.37584,65.49046,61.40033,54.23099,52.15362,50.35871,44.40721,44.28318,41.59327,39.20459,36.12478,33.01515,32.14032,31.0,25.17936,21.09502,23.08679,19.64688,18.38478,14.56022,11.40175,11.18034,10.81665,10.63015,11.40175,11.40175,10.04988,13.0,14.0,18.86796,16.55295,20.88061,22.84732,22.36068,24.59675,26.83282,25.94224,22.82542,28.6531,26.40076,26.92582,28.6531,30.8707,26.57066,29.15476,33.95585,32.01562,29.61419,29.15476,32.14032,31.06445,30.14963,47.51842,50.0,50.08992,54.74486,54.12947,57.56735,56.64804,58.87274,59.61543,60.41523,62.64982,63.95311,66.64083,67.97794,68.96376,66.7308,71.56116,68.7968,73.81734,71.40028,71.21798,75.28612,72.34639,73.0,72.34639,74.33034,73.10951,70.0928,70.17834,67.47592,67.47592,64.66065,64.03124,63.78087,59.81639,56.60389,57.98276,57.24509,55.4617,59.61543,53.75872,57.56735,58.94065,56.88585,58.54912,56.7186,59.3043,63.0,67.00746,67.02984,69.35416,70.25667,76.23647,71.11259,79.1012,79.05694,82.0975
12.64911,11.7047,11.7047,11.40175,10.44031,9.48683,9.48683,8.544,8.544,7.61577,7.61577,7.61577,6.32456,5.38516,5.38516,4.47214,4.47214,3.60555,3.16228,3.60555,2.23607,2.82843,2.82843,1.41421,1.41421,2.0,1.41421,1.41421,2.23607,2.23607,2.23607,2.23607,3.16228,3.16228,3.60555,3.60555,3.60555,3.60555,4.47214,4.47214,5.0,5.0,5.0,5.0,5.0,5.0,5.65685,5.0,5.0,5.0,4.47214,5.38516,80.13114,85.47514,73.3553,70.71068,70.66116,61.26989,68.54196,61.7414,57.77543,49.76947,52.80152,45.31004,47.50789,42.19005,35.4683,34.48188,37.73592,29.68164,26.92582,21.9545,25.0,19.84943,17.69181,18.60108,15.26434,8.94427,13.89244,11.0,14.14214,7.28011,8.94427,10.0,14.42221,16.64332,21.63331,18.02776,17.88854,20.88061,20.61553,22.47221,22.82542,26.0,26.41969,28.30194,29.06888,31.7805,26.07681,29.54657,28.30194,30.01666,30.0,32.64966,29.83287,32.55764,31.40064,31.62278,31.90611,46.87217,49.64877,51.07837,52.81098,57.97413,53.93515,56.56854,56.88585,62.28965,62.20129,66.00758,64.00781,66.00758,66.0303,66.1211,71.17584,74.10803,73.5527,71.44928,71.44928,72.56032,73.68175,77.12976,74.33034,76.15773,72.56721,72.03471,68.41053,70.40597,65.96969,67.26812,63.63961,61.98387,58.54912,62.28965,57.03508,58.00862,57.00877,57.03508,56.56854,54.74486,57.00877,57.72348,58.87274,55.71355,55.15433,60.37384,63.51378,62.76942,71.69379,72.11103,74.62573,72.11103,79.61156,76.02631,76.55064,79.61156
12.16553,12.16553,11.18034,11.40175,10.19804,10.19804,9.21954,9.05539,8.24621,8.06226,7.07107,7.07107,7.07107,6.08276,5.0,5.0,5.0,4.0,4.0,4.12311,3.16228,3.16228,2.23607,2.23607,2.23607,1.41421,2.0,2.0,2.0,2.23607,2.23607,2.23607,3.16228,3.16228,3.60555,3.60555,4.12311,4.12311,4.47214,4.12311,4.12311,5.38516,4.12311,5.09902,5.09902,5.09902,5.09902,5.09902,5.0,5.0,5.0,5.09902,79.02531,75.23962,71.25307,70.71068,69.46222,69.72087,63.50591,61.81424,56.14268,54.23099,48.09366,45.39824,48.16638,41.30375,36.34556,39.11521,33.01515,32.14032,27.01851,26.07681,23.34524,18.24829,18.97367,17.72005,14.56022,11.7047,14.42221,12.04159,10.29563,11.04536,14.31782,9.05539,15.13275,14.86607,14.56022,16.76305,21.0238,24.18677,23.25941,25.80698,25.63201,26.41969,27.29469,27.85678,26.40076,26.92582,28.4605,28.16026,28.79236,27.65863,31.62278,33.73426,30.59412,31.257,28.16026,25.07987,32.38827,44.28318,50.01,49.25444,54.74486,51.41984,51.92302,56.32051,57.24509,58.69412,60.00833,63.95311,61.29437,62.6099,69.35416,70.72482,67.95587,71.84706,71.40028,71.40028,73.00685,72.62231,73.87828,75.0733,72.24957,75.66373,72.34639,70.00714,70.00714,66.6033,67.35726,64.66065,65.29931,64.03124,63.25346,63.25346,61.61169,55.75841,57.98276,57.80138,53.7122,54.78138,56.04463,53.85165,58.5235,56.88585,61.20457,61.03278,61.13101,66.00758,68.02941,67.00746,70.11419,75.16648,73.02739,74.00676,80.05623,81.0
12.08305,11.18034,10.29563,10.29563,10.29563,8.94427,8.06226,7.61577,6.7082,6.7082,6.7082,5.83095,5.0,4.47214,4.24264,3.60555,3.60555,2.82843,2.82843,2.23607,2.23607,2.0,1.0,2.0,2.23607,1.41421,2.23607,2.23607,2.23607,3.16228,3.16228,4.47214,4.47214,4.47214,4.47214,4.47214,4.47214,5.0,5.0,5.83095,5.83095,5.83095,5.83095,5.0,6.40312,5.0,5.65685,5.65685,5.65685,5.0,5.83095,5.38516,75.0,72.42237,75.21303,69.97142,64.49806,66.03787,60.03332,59.68249,53.66563,50.9902,48.30114,48.30114,42.72002,38.91015,40.49691,37.21559,31.62278,28.6007,28.01785,22.62742,21.93171,23.34524,22.2036,18.86796,16.15549,10.04988,15.23155,13.15295,8.06226,11.04536,9.0,10.29563,14.14214,14.86607,15.81139,18.86796,19.84943,19.31321,21.9545,23.32381,30.0,27.45906,27.80288,29.68164,28.84441,30.0,26.90725,32.55764,29.73214,30.4795,34.05877,27.65863,30.52868,29.52965,34.0,30.08322,28.79236,47.50789,48.01042,49.81967,53.75872,51.73973,54.40588,53.00943,58.24946,60.03332,58.13777,63.97656,66.21178,66.85058,63.32456,70.93659,70.21396,73.73602,70.21396,72.78049,73.1642,73.34848,77.46612,74.67262,74.96666,74.33034,73.5527,69.58448,70.17834,70.45566,72.06247,64.38167,66.61081,65.37584,63.1981,63.50591,58.85576,60.01666,57.97413,55.7853,57.58472,54.42426,53.31041,56.4358,60.90156,59.68249,57.00877,61.03278,64.2028,66.06815,62.80127,69.35416,67.88225,72.47068,74.33034,76.48529,79.64923,78.1025
12.04159,11.0,11.0,11.0,10.0,9.0,9.05539,8.06226,7.07107,7.0,6.08276,6.08276,6.08276,5.38516,4.12311,4.47214,4.47214,3.60555,3.60555,2.82843,2.82843,2.23607,3.16228,2.23607,2.0,3.0,3.16228,3.16228,3.60555,3.60555,3.60555,3.60555,5.0,5.0,5.0,5.65685,5.65685,5.0,5.0,5.83095,6.40312,6.40312,5.83095,6.40312,5.83095,6.7082,6.7082,6.7082,6.32456,6.32456,6.32456,6.08276,78.23043,78.0,73.06162,70.00714,68.11755,67.1193,62.07254,60.40695,59.13544,53.00943,52.34501,48.04165,46.0,40.04997,39.11521,34.0147,34.1321,31.257,27.45906,25.17936,25.96151,18.02776,18.38478,19.69772,16.40122,14.76482,14.86607,12.20656,13.89244,10.19804,14.14214,15.52417,14.31782,19.64688,13.60147,17.08801,18.86796,22.47221,24.41311,23.70654,26.92582,26.83282,27.29469,29.52965,31.38471,29.96665,31.7805,35.35534,32.31099,33.83785,34.20526,35.17101,34.9285,30.26549,30.41381,33.06055,31.06445,44.14748,47.16991,48.04165,54.14795,54.33231,58.42089,58.24946,53.85165,57.27128,60.44005,63.90618,65.45991,65.55151,69.46222,72.89719,68.942,74.73286,70.71068,77.02597,76.32169,76.32169,75.47185,71.86793,77.80103,73.23933,74.06079,74.8131,72.62231,70.80254,74.8131,65.60488,70.45566,66.4003,64.63745,64.3506,60.82763,58.59181,57.77543,56.0803,55.65968,61.13101,57.28001,59.68249,57.31492,61.40033,61.03278,59.00847,66.0,64.07027,67.00746,68.593,74.43118,77.41447,74.54529,80.62258,80.62258,85.58621
12.04159,11.04536,11.04536,10.04988,9.05539,9.05539,8.06226,8.06226,8.06226,7.07107,6.08276,6.08276,5.0,5.0,4.0,4.0,4.0,4.0,3.16228,2.23607,2.23607,2.23607,2.23607,1.41421,1.0,1.0,1.0,2.23607,2.23607,2.23607,3.60555,3.60555,3.60555,3.60555,3.60555,4.47214,4.47214,4.47214,5.38516,4.47214,4.47214,4.47214,5.38516,5.38516,5.38516,5.09902,5.09902,5.09902,5.0,5.0,5.09902,4.12311,75.00667,73.00685,71.00704,72.00694,69.0,65.0,63.1981,58.13777,53.03772,49.0102,48.04165,45.01111,45.09989,40.0125,40.0125,36.12478,31.06445,30.0,29.12044,23.76973,22.36068,20.24846,22.84732,17.46425,13.60147,11.40175,13.0384,11.40175,12.16553,11.40175,13.0384,12.04159,13.15295,13.0384,14.42221,17.49286,18.02776,24.04163,19.20937,26.62705,25.0,27.20294,28.01785,25.4951,28.17801,29.06888,27.73085,28.79236,30.46309,32.69557,30.08322,33.83785,33.24154,27.51363,31.01612,32.06244,27.01851,44.55334,48.09366,51.0,53.00943,52.23983,54.91812,56.51548,57.27128,58.5235,62.64184,62.96825,65.0,67.77905,65.55151,66.18912,72.00694,72.47068,72.47068,73.43024,73.92564,73.57309,73.92564,74.88658,72.8011,74.63243,73.60027,75.21303,70.0,68.60029,71.02816,65.80274,65.73431,66.85058,61.85467,63.81222,56.60389,54.20332,57.27128,55.54278,59.13544,58.82176,52.39275,59.68249,58.69412,60.53098,58.30952,62.0,61.29437,64.12488,61.66036,67.60178,71.84706,72.56032,71.19691,76.53104,77.78175,74.96666
12.04159,11.31371,10.63015,9.89949,9.89949,8.48528,8.48528,7.81025,7.81025,7.07107,5.65685,5.0,5.0,5.0,4.47214,3.60555,3.60555,3.16228,3.16228,3.0,2.0,2.0,2.23607,2.23607,2.82843,2.23607,2.0,3.16228,3.0,4.0,4.0,4.0,4.0,4.0,5.0,5.0,5.0,5.0,5.0,5.0,6.0,6.0,6.08276,6.08276,6.08276,6.08276,6.08276,6.32456,5.38516,5.38516,5.83095,5.83095,79.20859,78.1025,74.33034,70.29225,66.6033,64.66065,62.62587,57.48913,58.82176,53.00943,48.9183,47.42362,42.52058,40.36087,37.48333,33.24154,36.06938,29.20616,24.75884,22.2036,22.47221,22.2036,21.0238,13.92839,15.52417,15.13275,12.16553,13.15295,9.48683,10.81665,9.21954,10.29563,12.20656,14.42221,16.27882,14.03567,23.76973,21.09502,22.36068,22.02272,26.01922,25.0,30.41381,28.16026,28.44293,32.01562,33.73426,32.75668,28.44293,32.01562,33.24154,32.31099,31.95309,31.62278,28.63564,32.44996,29.73214,46.09772,45.80393,51.10773,52.35456,57.00877,54.42426,55.08176,55.97321,58.94065,61.40033,63.34824,64.32729,65.9242,66.91039,62.96825,68.73136,70.71068,73.06162,71.11259,71.44928,74.02702,73.02739,75.00667,74.02702,71.17584,75.0,71.06335,69.06519,72.00694,69.06519,66.0,66.00758,65.12296,59.3043,60.53098,57.42822,58.85576,57.28001,54.70832,55.97321,54.78138,55.9017,57.69749,60.74537,55.47071,59.07622,61.6198,61.55485,65.05382,67.89698,70.72482,72.18033,73.5527,73.66139,77.7946,77.07788,79.98125
13.0,12.08305,11.7047,11.7047,10.77033,9.84886,9.84886,8.544,8.544,7.61577,7.61577,6.32456,6.32456,6.08276,5.09902,5.09902,5.09902,5.0,4.0,4.12311,4.12311,3.16228,4.12311,3.60555,3.60555,3.60555,2.82843,3.60555,3.60555,4.47214,4.12311,5.09902,5.38516,5.09902,5.38516,5.38516,5.38516,6.32456,6.32456,6.32456,5.38516,5.38516,6.7082,6.7082,5.83095,6.40312,6.40312,6.40312,7.07107,6.40312,6.40312,5.83095,79.37884,79.12016,73.05477,71.51224,66.30988,59.61543,61.7414,59.5063,60.41523,53.31041,51.26402,45.61798,42.72002,47.01064,43.08132,35.4683,34.9285,31.7805,25.63201,27.29469,26.1725,26.01922,20.0,20.09975,22.02272,19.41649,17.08801,15.52417,16.12452,15.55635,13.92839,14.76482,19.69772,16.27882,20.61553,18.24829,23.34524,23.08679,24.33105,28.07134,29.42788,28.44293,28.16026,27.29469,32.01562,32.89377,31.62278,33.73426,33.24154,36.23534,32.28002,35.34119,31.76476,31.90611,31.89044,31.89044,31.89044,44.91102,45.0,53.00943,50.35871,51.78803,52.39275,55.36244,54.42426,58.87274,61.26989,61.29437,62.76942,65.0,62.96825,63.00794,66.28725,71.61006,73.0,66.21933,70.76722,70.00714,73.0,68.593,72.34639,73.0,71.21798,65.94695,63.89053,66.48308,65.29931,60.959,58.0517,60.20797,56.58622,60.1415,55.31727,56.85068,57.80138,53.60037,55.22681,53.85165,56.79789,54.23099,58.69412,56.30275,54.34151,58.24088,60.82763,64.77654,69.857,65.30697,72.99315,72.78049,79.30952,75.13322,79.42921,83.95237
12.52996,11.6619,11.18034,11.6619,9.43398,9.43398,9.43398,8.60233,8.60233,8.06226,6.7082,6.7082,6.7082,5.38516,5.38516,5.38516,4.47214,4.12311,4.12311,3.16228,3.0,2.0,3.0,2.23607,2.23607,2.23607,1.41421,2.23607,3.16228,2.23607,3.16228,4.12311,3.16228,4.12311,4.12311,4.12311,4.12311,5.09902,5.09902,5.38516,4.12311,4.47214,5.38516,5.38516,5.0,5.0,5.0,5.0,5.0,5.65685,5.0,4.47214,77.00649,80.28076,74.20243,70.29225,74.02702,65.94695,65.94695,67.26812,56.72742,55.17246,50.93133,49.20366,47.80167,41.10961,39.20459,37.44329,34.82815,36.89173,30.88689,27.73085,21.93171,23.25941,21.84033,18.97367,17.02939,17.72005,18.11077,16.49242,14.31782,13.92839,14.86607,14.21267,17.02939,17.69181,19.23538,18.35756,19.23538,28.23119,23.25941,27.51363,26.83282,30.8707,26.83282,29.06888,24.69818,28.17801,33.01515,32.75668,32.20248,33.01515,33.6006,32.55764,34.05877,33.24154,33.42155,35.8469,31.30495,48.83646,52.63079,54.78138,52.80152,56.79789,59.90826,57.80138,59.68249,63.41136,58.89822,63.65532,68.0147,70.76722,69.02898,73.87828,67.80118,72.00694,70.80254,73.4983,72.94518,72.67049,76.05919,74.43118,70.68239,71.58911,73.00685,72.09022,73.92564,65.0,66.64083,66.70832,60.37384,62.64982,57.38467,62.26556,62.43397,58.5235,56.30275,57.42822,60.30755,57.38467,58.0,51.66237,57.2014,57.00877,55.44367,61.05735,61.29437,67.97794,67.53518,64.41273,75.15318,82.73452,77.82031,78.39005,82.76473,81.49233
13.41641,12.08305,12.08305,11.18034,10.77033,10.29563,9.84886,8.94427,8.94427,7.61577,7.61577,7.28011,6.32456,6.08276,6.08276,6.08276,5.09902,5.09902,4.0,4.0,4.12311,4.12311,3.16228,3.60555,3.60555,3.60555,3.60555,3.60555,3.60555,4.47214,4.47214,5.38516,5.38516,5.38516,5.38516,5.38516,5.38516,6.32456,6.7082,6.7082,5.83095,5.83095,6.7082,5.83095,6.40312,6.40312,6.40312,7.07107,6.40312,6.40312,6.40312,6.7082,81.12336,76.32169,74.88658,74.4043,77.38863,66.03787,67.6757,64.2028,54.40588,53.82379,52.80152,53.82379,44.20407,41.88078,39.96248,39.82462,37.12142,30.8707,29.15476,27.73085,29.12044,26.0,21.09502,22.09072,20.09975,19.0,16.49242,17.26268,17.46425,11.7047,15.6205,16.27882,17.69181,16.64332,21.40093,18.97367,19.23538,26.40076,28.01785,29.15476,26.68333,32.31099,30.36445,30.01666,33.10589,31.38471,33.61547,30.88689,30.80584,31.62278,35.22783,35.60899,37.01351,36.79674,34.05877,34.20526,33.01515,47.16991,48.6621,52.39275,53.14132,53.31041,55.9464,55.56978,58.60034,60.21628,60.0,64.2028,65.06919,68.0147,72.18033,72.91776,68.24954,72.00694,77.00649,70.0,72.47068,73.57309,80.26207,73.06162,71.86793,73.3553,70.49113,69.77105,71.55418,67.1193,65.74192,63.52952,63.13478,60.53924,59.94164,58.24946,59.36329,57.62812,55.44367,54.03702,58.79626,58.72819,55.97321,53.60037,51.22499,56.40035,59.05929,61.29437,60.41523,66.64083,64.62198,71.51224,73.1642,77.87811,74.68601,80.23092,77.02597,77.38863
12.04159,11.40175,11.40175,10.81665,10.0,8.60233,8.60233,7.81025,7.2111,7.81025,6.40312,5.65685,5.65685,5.65685,5.0,5.0,3.60555,3.60555,3.16228,3.16228,3.16228,3.0,3.0,3.16228,2.23607,2.23607,2.82843,2.82843,3.60555,3.60555,4.24264,4.24264,5.0,5.0,5.38516,5.38516,5.83095,5.0,5.0,5.65685,5.83095,5.83095,6.40312,5.65685,5.65685,5.65685,5.65685,5.83095,5.83095,5.83095,5.38516,5.38516,79.24645,79.98125,74.96666,74.8131,74.09453,64.66065,66.0303,63.82006,56.0357,52.43091,52.43091,44.40721,44.20407,38.94868,38.94868,39.20459,35.4683,29.20616,29.73214,25.80698,27.01851,23.85372,22.36068,20.24846,17.46425,16.15549,13.0,17.02939,11.18034,19.0263,16.12452,16.15549,14.86607,16.97056,26.1725,21.93171,22.80351,23.34524,26.24881,25.80698,30.61046,25.6125,29.69848,32.55764,33.24154,32.01562,29.20616,31.82766,31.40064,32.24903,32.24903,33.54102,32.20248,33.10589,35.44009,33.37664,30.06659,44.40721,52.20153,50.28916,54.12947,55.47071,57.80138,59.36329,58.00862,58.13777,63.03174,66.52819,64.44377,66.70832,68.41053,69.06519,69.33974,71.86793,71.86793,75.29276,76.02631,72.91776,75.23962,73.40981,75.61085,71.7844,71.16881,70.5195,69.92138,68.62215,68.41053,67.35726,62.29767,63.60031,62.62587,58.30952,59.23681,58.60034,58.18075,56.82429,55.22681,53.53504,56.22277,56.40035,56.58622,57.28001,62.93648,58.72819,62.62587,69.6563,68.41053,68.88396,71.61006,76.57676,77.42093,79.64923,80.80842,80.62258
13.0384,12.04159,11.04536,11.04536,11.04536,10.04988,9.0,9.05539,8.0,8.06226,7.07107,7.07107,7.07107,6.32456,6.32456,5.38516,5.38516,4.47214,4.47214,4.24264,4.24264,4.24264,3.60555,3.60555,3.60555,3.60555,3.16228,4.0,4.0,4.0,5.0,5.0,5.0,6.0,5.0,5.0,5.09902,6.08276,6.0,6.0,6.0,6.0,6.0,6.0,6.0,6.08276,6.08276,6.32456,6.32456,6.32456,6.7082,5.83095,77.23341,79.05694,77.02597,75.23962,70.02857,65.27634,65.12296,61.13101,56.32051,55.44367,53.0,50.03998,43.10452,41.04875,40.0,40.11234,31.257,31.257,30.41381,25.96151,25.70992,22.80351,22.80351,22.82542,21.47091,17.02939,17.69181,17.80449,14.76482,13.92839,18.02776,16.76305,17.02939,17.11724,22.56103,22.02272,23.08679,26.68333,23.76973,29.12044,30.41381,28.16026,31.06445,32.01562,31.14482,31.257,32.06244,34.0147,33.0,33.13608,31.06445,35.35534,35.51056,33.95585,35.4683,33.61547,33.61547,45.0,50.24938,51.89412,51.24451,55.31727,59.03389,55.44367,56.22277,63.00794,58.00862,66.00758,66.27217,67.1193,69.18092,72.00694,70.0928,75.70997,69.37579,70.60453,71.51224,72.8011,73.73602,72.61543,73.1642,73.00685,71.16881,65.0,72.01389,61.77378,68.8767,65.0,63.32456,65.29931,59.61543,60.53924,58.30952,56.30275,50.9902,56.29387,55.57877,54.33231,53.33854,61.03278,57.00877,61.03278,63.63961,66.1211,61.0,65.11528,69.2315,71.19691,73.24616,80.28076,76.29548,80.28076,82.37718,84.17244
13.0384,12.20656,11.6619,10.81665,10.29563,10.29563,9.43398,8.60233,8.06226,7.2111,7.2111,7.2111,5.83095,5.83095,5.0,5.0,4.24264,4.24264,3.60555,3.60555,2.82843,2.23607,3.16228,2.23607,2.23607,2.0,3.16228,2.23607,2.23607,3.60555,2.82843,3.60555,4.24264,4.24264,3.60555,3.60555,5.0,5.0,5.0,5.0,4.47214,4.47214,5.0,5.38516,5.83095,5.38516,5.38516,5.38516,5.09902,5.0,5.0,5.09902,78.00641,77.66595,75.45197,71.84706,69.33974,64.14047,65.8635,60.41523,56.93856,53.53504,49.24429,49.64877,43.26662,42.54409,35.22783,35.80503,37.01351,31.89044,27.80288,26.24881,25.4951,25.6125,18.86796,21.40093,17.20465,17.08801,21.54066,16.12452,12.16553,15.52417,13.60147,23.76973,18.78829,18.35756,22.2036,20.24846,25.0,21.40093,25.6125,29.20616,29.41088,29.20616,29.15476,27.80288,30.80584,32.24903,33.01515,34.1321,30.01666,30.41381,30.01666,33.54102,33.10589,32.55764,32.55764,31.0,32.01562,45.88028,50.15974,54.12024,56.30275,58.00862,56.85068,61.52235,60.10824,63.78087,64.03124,63.82006,69.40461,68.50547,66.03787,68.47627,71.55418,72.00694,73.92564,71.69379,72.8011,76.2168,75.96052,73.76313,73.24616,75.31268,71.80529,71.06335,67.18631,66.4906,66.70832,65.0,64.53681,63.78871,64.56005,61.40033,59.23681,62.76942,58.60034,58.59181,55.47071,53.22593,53.0,55.47071,57.80138,55.60576,59.20304,60.959,64.44377,70.00714,70.03571,74.41102,73.59348,77.10383,79.93122,81.32035,81.32035,82.75869
11.18034,11.18034,10.44031,10.44031,9.48683,8.24621,8.24621,8.24621,7.07107,7.28011,6.08276,6.08276,6.08276,5.0,5.0,5.0,4.12311,3.16228,3.16228,3.16228,3.16228,2.82843,2.82843,2.82843,2.82843,3.16228,4.0,3.16228,3.0,4.0,4.0,4.0,5.0,5.0,5.0,6.0,6.0,5.0,6.0,6.0,6.0,6.0,6.08276,6.08276,6.08276,6.08276,6.08276,6.32456,5.38516,5.38516,5.83095,5.83095,78.74643,75.02666,78.77182,71.16881,68.15424,67.35726,61.98387,65.0,53.85165,54.08327,53.31041,46.61545,43.9659,41.78516,37.0,33.52611,34.48188,32.38827,29.83287,27.29469,25.07987,23.19483,24.33105,23.34524,18.68154,22.2036,17.0,19.23538,13.45362,14.86607,18.78829,15.81139,17.88854,18.38478,20.22375,24.73863,25.31798,26.30589,24.5153,25.0,28.86174,32.75668,31.38471,33.24154,30.08322,32.89377,32.55764,31.01612,31.30495,34.0147,30.88689,34.0,34.88553,33.30165,33.42155,31.82766,30.0,45.70558,48.50773,50.15974,54.08327,55.03635,56.32051,57.55867,62.58594,59.90826,60.72891,63.56099,66.30988,68.02941,69.77105,67.60178,71.69379,70.83078,67.95587,76.6094,74.4043,71.21798,74.65253,70.93659,72.86288,70.72482,71.44928,68.68042,67.20863,67.26812,66.6033,65.76473,65.06919,60.87693,59.4138,56.63921,56.40035,54.20332,55.21775,55.75841,56.4358,54.56189,55.03635,56.0803,54.70832,55.36244,55.10898,59.84146,62.96825,63.15061,63.95311,71.25307,71.17584,76.53104,75.80237,76.94154,79.6304,82.9759
11.40175,11.40175,11.40175,10.63015,10.63015,8.60233,8.60233,7.81025,7.2111,6.40312,6.40312,5.83095,5.83095,5.0,4.47214,4.47214,3.16228,4.12311,4.12311,3.0,3.0,3.0,3.16228,2.23607,2.23607,2.82843,3.60555,3.60555,3.60555,3.16228,3.60555,4.47214,4.47214,4.47214,5.38516,5.38516,5.38516,4.47214,5.83095,5.83095,5.83095,5.83095,5.83095,5.83095,5.83095,6.40312,6.40312,5.65685,5.65685,5.83095,5.83095,5.38516,75.6439,76.05919,78.26238,69.46222,70.66116,64.3506,64.3506,57.42822,57.68882,52.47857,51.97115,48.02083,42.54409,41.18252,42.48529,37.64306,37.57659,33.24154,27.85678,28.63564,27.07397,26.30589,21.0238,20.22375,16.03122,17.46425,18.38478,18.86796,18.60108,17.02939,17.69181,15.0,16.64332,19.69772,20.39608,21.93171,26.4764,25.4951,22.80351,29.27456,30.08322,28.23119,29.42788,30.67572,29.12044,31.62278,34.0147,32.28002,33.24154,30.52868,31.7805,33.61547,34.4093,34.1321,32.55764,32.52691,34.05877,47.04253,49.24429,52.88667,55.65968,51.47815,53.66563,54.20332,60.90156,58.5235,59.64059,65.43699,63.89053,64.38167,67.20863,67.17887,66.6033,66.8431,72.47068,72.8011,71.56116,73.81734,72.94518,72.71864,72.71864,72.47068,73.4983,70.83078,65.74192,66.88797,66.03787,63.63175,60.74537,60.20797,57.45433,59.40539,57.2014,56.0803,55.31727,54.56189,56.72742,56.22277,55.80323,56.30275,53.23533,53.23533,59.9333,59.5063,59.80803,68.62215,68.62215,71.47027,71.16881,76.24303,74.94665,80.00625,76.53757,77.25283
13.0384,12.04159,12.0,11.04536,11.04536,10.04988,10.0,9.05539,9.05539,8.0,7.0,7.0,7.07107,6.0,5.09902,5.09902,5.09902,5.09902,4.47214,4.47214,4.47214,3.60555,3.60555,4.24264,2.82843,3.60555,3.16228,4.12311,4.12311,4.12311,5.09902,5.0,5.0,5.09902,5.0,5.0,5.09902,6.08276,6.08276,6.08276,6.08276,6.08276,6.08276,6.08276,6.08276,6.32456,6.32456,6.7082,6.7082,6.7082,5.83095,6.40312,81.00617,77.02597,76.00658,73.06162,71.25307,69.26038,65.62012,60.29925,57.70615,56.4358,50.63596,50.15974,46.01087,45.27693,40.0125,37.01351,35.0,29.06888,32.0,28.01785,23.5372,25.4951,23.76973,21.58703,22.47221,15.6205,15.0,19.10497,13.89244,18.35756,17.0,18.02776,17.02939,20.02498,23.19483,23.08679,24.18677,27.07397,25.31798,27.16616,32.24903,28.07134,32.06244,30.14963,32.0,32.14032,32.01562,33.06055,32.24903,31.0,31.06445,33.24154,34.23449,35.17101,35.1141,35.8469,33.28663,49.73932,45.69464,49.47727,51.66237,55.44367,58.00862,56.14268,59.03389,57.14018,63.78871,65.73431,61.13101,65.0,62.36185,64.84597,70.88018,68.30813,70.83784,73.38937,67.41662,67.54258,73.82412,72.94518,67.60178,67.1193,70.3278,66.37017,66.88797,67.74216,60.41523,61.91123,59.16925,62.17717,58.59181,59.03389,56.0803,51.5461,53.14132,52.49762,56.08921,53.60037,57.21888,52.15362,57.0,55.03635,60.20797,58.42089,64.13267,66.48308,70.85901,71.44928,70.85901,74.1485,75.80237,78.77182,77.52419,83.86298
13.41641,12.08305,12.08305,11.18034,10.29563,10.29563,8.94427,8.94427,8.06226,8.06226,7.2111,6.7082,5.38516,5.38516,5.38516,5.09902,4.12311,4.12311,3.0,3.0,3.0,3.0,3.0,2.23607,2.23607,2.23607,2.23607,2.23607,3.16228,3.16228,4.12311,4.12311,4.12311,4.12311,4.12311,4.12311,4.12311,5.09902,5.38516,5.09902,5.09902,5.38516,5.38516,5.38516,5.38516,5.83095,5.0,5.83095,5.65685,5.65685,5.0,5.0,78.33901,77.49194,79.40403,69.92138,69.92138,67.41662,63.90618,65.45991,59.13544,54.08327,49.33559,48.38388,48.76474,40.16217,39.84972,37.10795,34.53983,31.04835,32.14032,27.01851,27.07397,20.88061,24.02082,19.41649,15.81139,19.69772,16.55295,18.68154,17.20465,14.86607,16.12452,13.0384,15.81139,17.46425,18.0,20.22375,23.5372,22.02272,25.07987,27.0,29.01724,26.01922,27.16616,30.06659,32.14032,32.24903,31.7805,31.14482,31.04835,34.48188,30.67572,32.31099,35.34119,31.76476,30.80584,34.4093,36.06938,46.84015,50.80354,51.0098,55.0,51.78803,57.21888,57.07013,59.66574,63.32456,58.5235,62.64982,66.21178,68.0,67.08204,70.3278,67.6757,70.3278,69.63476,72.40166,69.63476,74.4043,73.24616,72.47068,67.62396,70.03571,71.50524,68.76772,70.0928,62.2254,69.35416,60.959,62.36986,64.53681,58.25805,60.0,56.30275,54.6443,58.66856,56.0803,53.23533,59.09315,54.70832,59.48109,55.54278,60.20797,64.77654,66.75328,66.1211,68.06614,68.46897,69.58448,73.33485,79.22752,78.40918,79.40403,83.29466,89.05055
12.36932,11.18034,11.18034,11.18034,10.19804,9.05539,9.21954,8.06226,8.06226,7.07107,7.07107,6.08276,6.32456,5.09902,5.38516,4.47214,4.47214,3.60555,3.60555,2.82843,2.82843,2.82843,2.23607,2.23607,3.16228,2.0,2.0,3.16228,3.16228,2.23607,3.16228,4.47214,4.47214,4.47214,4.47214,4.47214,4.47214,5.38516,5.38516,5.38516,5.38516,5.38516,6.08276,5.09902,6.08276,6.08276,6.08276,6.0,6.08276,6.08276,5.09902,5.38516,80.80842,81.61495,73.97973,76.79193,71.34424,70.45566,67.18631,61.29437,57.03508,54.00926,50.03998,50.01,47.16991,40.04997,38.47077,40.11234,37.21559,30.41381,34.52535,28.4605,24.69818,25.29822,22.47221,16.55295,20.61553,19.10497,19.20937,16.40122,16.12452,18.43909,16.15549,19.10497,20.0,16.03122,19.10497,22.80351,26.1725,24.35159,24.5153,25.70992,28.63564,30.0,28.86174,35.69314,29.27456,31.0,32.01562,31.14482,28.01785,33.37664,32.14032,32.75668,37.64306,32.98485,34.0147,31.38471,32.64966,46.01087,50.91169,56.40035,57.98276,56.60389,59.48109,58.69412,60.08328,62.36185,65.52099,65.14599,68.06614,67.89698,67.47592,68.26419,75.10659,75.23962,73.02739,71.0,76.10519,75.16648,74.33034,73.97973,69.72087,70.83078,72.99315,69.2315,70.0928,68.88396,62.96825,65.30697,65.30697,63.15061,61.0,59.03389,58.69412,59.21149,58.0,58.0,58.0,54.14795,58.69412,57.00877,59.90826,58.94065,56.921,60.08328,65.55151,68.54196,73.1642,69.28925,76.6942,75.39231,76.89603,81.70679,79.71198,87.36132
12.04159,12.04159,11.0,11.0,10.0,10.0,9.0,9.0,8.0,8.0,8.06226,7.07107,6.08276,6.08276,5.09902,5.09902,4.47214,4.47214,4.12311,3.16228,3.16228,3.60555,3.60555,2.82843,2.82843,2.23607,3.16228,3.16228,3.16228,4.0,3.0,3.0,4.0,4.0,5.0,5.0,5.0,5.0,4.0,5.0,5.0,5.0,5.0,5.09902,5.09902,5.38516,5.38516,5.38516,5.38516,5.38516,5.83095,5.65685,78.51751,76.11833,75.80237,75.80237,70.5762,64.00781,63.12686,64.03124,52.00961,55.08176,54.08327,44.18144,43.0,43.0,35.12834,38.32754,36.22154,33.73426,31.04835,27.51363,26.92582,22.80351,22.47221,20.0,19.79899,18.43909,15.0,17.20465,16.12452,18.02776,18.24829,16.03122,21.0,20.02498,18.11077,24.02082,25.01999,23.5372,24.5153,25.31798,27.65863,24.73863,27.07397,28.16026,29.01724,34.05877,31.257,32.0,32.06244,30.06659,31.01612,34.23449,33.24154,31.06445,30.67572,31.7805,32.64966,47.38143,49.67897,51.86521,56.82429,54.12947,57.00877,56.46238,59.20304,59.48109,63.56099,63.34824,68.73136,66.61081,68.06614,68.00735,70.02857,72.02777,71.06335,70.17834,71.70077,73.97973,75.18643,71.19691,75.50497,74.2159,68.65858,72.8011,70.88018,64.28841,70.34202,66.76077,63.06346,58.24088,60.41523,58.94065,59.84146,58.0517,55.44367,54.14795,55.03635,56.00893,52.23983,56.4358,53.93515,55.54278,62.36986,62.93648,62.62587,61.35145,64.51356,69.28925,73.37575,68.94926,76.844,80.65358,80.99383,81.70679
12.04159,11.04536,11.04536,10.04988,9.05539,9.05539,8.06226,7.07107,7.07107,6.08276,6.08276,6.0,5.0,5.0,4.0,4.0,4.12311,4.12311,3.16228,3.16228,2.23607,2.82843,2.82843,2.23607,2.23607,2.23607,3.0,3.0,3.0,3.0,4.0,4.0,4.12311,4.12311,4.12311,4.12311,4.12311,5.0,5.0,5.0,5.0,5.0,5.0,5.09902,5.09902,5.09902,5.09902,5.38516,5.38516,4.47214,4.47214,5.0,79.51101,85.28775,72.1734,78.1025,72.02777,63.07139,65.00769,55.22681,56.14268,51.0392,53.33854,46.17359,44.18144,43.18565,40.0125,37.01351,34.05877,33.37664,29.06888,26.68333,25.96151,24.04163,19.92486,21.18962,21.93171,19.10497,21.2132,18.60108,18.35756,21.09502,20.61553,19.10497,20.24846,18.43909,24.02082,20.0,24.02082,22.56103,26.01922,26.1725,28.0,30.01666,32.06244,31.01612,31.06445,35.35534,28.16026,34.52535,26.1725,34.0147,31.95309,35.4683,34.0147,35.34119,33.61547,34.1321,33.83785,49.0408,50.91169,55.0,58.5235,56.4358,53.23533,61.46544,57.87055,62.8172,61.68468,65.14599,65.96969,65.25335,68.46897,68.18358,71.02816,71.02816,73.02739,71.17584,71.84706,71.84706,76.65507,75.80237,73.75636,71.58911,70.85901,73.34848,69.857,68.41053,67.91171,64.7611,66.48308,62.64184,60.87693,61.13101,59.84146,57.31492,54.03702,57.07889,58.13777,54.0,59.13544,54.03702,57.42822,56.04463,63.34824,61.81424,65.0,66.48308,66.76077,66.40783,73.68175,73.38937,82.28001,82.21922,76.92204,83.19856
13.41641,12.08305,11.18034,11.18034,10.77033,10.29563,8.94427,8.94427,8.94427,7.61577,7.61577,7.28011,6.08276,6.08276,5.09902,6.08276,5.09902,5.0,5.0,4.0,4.12311,4.12311,4.12311,3.60555,3.60555,3.60555,4.24264,4.24264,3.60555,3.60555,4.47214,5.38516,5.83095,5.38516,5.83095,5.83095,5.83095,6.7082,6.7082,5.83095,6.40312,6.40312,6.40312,6.40312,6.40312,7.07107,7.07107,7.07107,6.40312,7.2111,6.7082,6.7082,78.29432,80.77747,75.71658,72.40166,69.06519,66.28725,62.20129,57.62812,55.47071,57.2014,50.0,47.01064,46.40043,42.43819,40.49691,34.1321,35.51056,32.64966,31.62278,28.16026,28.63564,26.24881,22.2036,19.23538,22.0,19.0,17.72005,19.64688,19.72308,15.23155,18.86796,17.80449,18.43909,22.80351,20.80865,20.24846,25.23886,27.20294,22.47221,29.06888,30.46309,28.17801,28.6531,29.68164,32.44996,34.82815,35.60899,31.82766,33.30165,37.53665,32.64966,36.87818,35.4683,35.0,34.66987,33.54102,31.95309,44.28318,46.01087,49.0408,55.57877,53.15073,53.16014,53.31041,57.77543,55.9017,57.70615,60.20797,63.63175,65.73431,66.28725,64.81512,69.81404,74.27651,70.76722,67.89698,74.27651,69.42622,71.70077,67.26812,73.60027,66.4003,66.4003,67.42403,65.19202,65.73431,61.85467,60.21628,62.42596,60.44005,57.62812,55.97321,56.72742,53.75872,56.58622,54.45181,55.97321,54.40588,54.3783,54.70832,53.23533,51.97115,58.30952,59.80803,63.32456,62.96825,62.39391,69.92138,69.57011,74.04053,72.73239,79.05694,81.02469,78.0
13.0,13.0,11.7047,12.52996,11.18034,10.77033,9.84886,9.84886,8.94427,8.544,7.61577,7.28011,6.32456,6.32456,6.32456,6.08276,5.0,5.09902,5.0,4.0,4.0,4.12311,4.12311,3.16228,3.16228,3.60555,3.60555,2.82843,3.60555,3.16228,3.60555,3.60555,4.47214,4.47214,5.09902,5.09902,5.09902,4.12311,5.38516,5.38516,5.38516,5.38516,5.38516,5.83095,5.83095,5.83095,5.83095,6.40312,5.65685,5.65685,6.40312,6.40312,79.61156,73.57309,78.89233,74.62573,72.11103,67.80118,62.20129,67.47592,57.2014,51.61395,52.20153,43.01163,47.16991,42.43819,39.66106,37.01351,35.34119,34.0147,32.69557,26.57066,28.16026,27.51363,24.33105,22.09072,19.23538,19.0,19.92486,13.92839,18.24829,16.64332,18.35756,18.38478,19.84943,17.69181,21.9545,21.47091,24.18677,22.36068,22.84732,27.73085,24.59675,28.01785,31.30495,25.94224,30.41381,32.44996,29.15476,34.4093,34.66987,32.44996,34.05877,35.4683,33.97058,29.73214,34.66987,36.67424,33.10589,43.0,49.25444,47.85394,54.12024,54.40588,55.9464,55.9464,56.0803,61.91123,58.24946,65.60488,64.2028,64.03124,69.42622,68.68042,66.52819,70.03571,69.52697,66.6033,72.00694,67.47592,73.4983,73.23933,70.17834,71.86793,68.7968,70.83078,69.46222,64.49806,66.24198,58.24946,62.1289,57.14018,58.24946,57.00877,57.80138,53.2635,52.3259,50.91169,53.74012,54.20332,53.82379,57.80138,52.15362,55.00909,59.5063,62.76942,59.61543,68.35203,61.68468,70.38466,74.84651,73.92564,74.84651,74.09453,83.00602,83.7735
12.04159,11.40175,11.40175,11.40175,10.0,9.43398,8.48528,7.81025,7.81025,7.81025,6.40312,5.65685,5.65685,5.0,5.0,4.47214,3.60555,3.60555,3.60555,3.16228,3.16228,3.0,3.0,3.0,3.16228,2.23607,3.60555,3.60555,4.24264,4.24264,4.24264,5.0,4.24264,5.65685,5.0,5.0,5.65685,5.65685,5.65685,5.65685,5.65685,5.65685,6.40312,5.65685,6.40312,6.40312,5.83095,5.83095,5.38516,6.32456,6.32456,6.08276,78.40918,77.80103,76.40026,73.4983,74.43118,67.41662,64.14047,56.4358,61.77378,56.60389,49.09175,43.56604,44.65423,44.65423,38.27532,36.23534,33.42155,29.06888,28.6007,29.83287,26.87006,27.01851,24.41311,20.12461,19.20937,18.97367,18.11077,16.03122,19.64688,16.03122,18.43909,18.68154,21.18962,19.20937,23.32381,21.40093,21.93171,25.6125,29.20616,30.80584,28.42534,27.80288,31.241,30.8707,33.42155,30.01666,28.30194,31.90611,33.54102,32.64966,35.1141,34.48188,34.48188,32.38827,36.34556,35.0571,32.38827,47.38143,51.5461,52.92447,51.62364,56.35601,55.80323,58.0517,61.55485,58.79626,60.81118,63.78087,65.29931,71.8401,69.40461,68.00735,70.71068,69.35416,73.43024,67.97794,70.93659,69.07966,75.61085,74.67262,70.83784,72.73239,71.56815,70.88018,69.57011,67.05222,64.84597,64.84597,61.03278,58.94065,60.72891,61.68468,59.80803,57.00877,58.13777,56.0803,55.00909,56.85948,53.41348,55.21775,60.959,55.9017,62.96825,61.55485,63.89053,66.70832,70.93659,67.80118,73.0,77.10383,75.28612,77.83315,80.65978,83.48653
13.0384,12.20656,10.81665,10.81665,10.0,10.0,9.43398,9.43398,8.06226,7.2111,7.2111,6.7082,6.32456,5.38516,5.38516,5.38516,5.09902,5.09902,5.09902,4.0,4.0,4.12311,4.12311,3.16228,3.60555,3.16228,3.60555,4.24264,4.24264,4.24264,5.0,5.0,5.0,5.0,5.65685,5.65685,5.65685,6.40312,6.40312,6.40312,6.40312,7.07107,6.40312,7.07107,7.07107,6.40312,6.40312,7.2111,7.2111,6.7082,6.7082,6.32456,82.807,77.15569,76.57676,71.42129,67.88225,69.31089,61.6198,63.89053,57.48913,50.32892,48.83646,46.66905,44.59821,38.8973,38.8973,34.71311,35.0,33.6006,32.20248,27.85678,23.70654,26.41969,22.36068,23.08679,19.23538,23.19483,16.03122,20.88061,20.22375,17.02939,18.78829,17.80449,21.09502,20.61553,22.2036,23.34524,22.67157,24.20744,26.1725,30.80584,30.0,32.44996,33.6006,34.71311,30.41381,34.05877,33.94113,34.05877,29.0,32.01562,37.01351,36.35932,35.22783,31.76476,35.34119,36.40055,32.01562,48.83646,49.0408,49.0408,51.47815,53.0,52.15362,53.41348,58.89822,58.79626,58.69412,62.24147,65.11528,66.06815,69.40461,73.00685,67.6757,69.64194,71.86793,71.34424,69.77105,65.8635,71.11259,69.77822,68.942,70.5762,68.15424,68.70953,70.93659,67.77905,62.64982,65.55151,62.29767,61.32699,57.24509,58.60034,59.05929,56.35601,54.91812,56.0357,53.2635,55.97321,53.75872,53.74012,59.46427,57.62812,59.5483,61.40033,63.81222,64.89992,67.95587,73.24616,75.71658,79.07591,74.43118,75.45197,79.32213,84.31489
13.0,12.08305,11.7047,10.77033,10.44031,9.48683,9.48683,8.544,8.544,7.28011,7.61577,6.7082,5.83095,5.38516,5.38516,5.0,5.0,4.24264,3.60555,3.60555,2.82843,2.82843,2.23607,2.23607,2.0,3.0,3.0,2.23607,3.16228,3.16228,3.60555,3.60555,3.60555,3.60555,4.47214,4.47214,4.47214,5.0,5.0,5.0,5.38516,5.0,5.0,5.38516,5.38516,5.38516,5.09902,5.38516,5.09902,5.09902,5.0,5.09902,85.0,76.6942,77.87811,72.8011,70.00714,72.27724,69.92138,66.48308,60.08328,58.87274,54.23099,50.15974,45.54119,40.31129,41.10961,37.33631,38.07887,33.12099,31.40064,28.17801,27.65863,25.45584,25.45584,22.62742,22.2036,22.82542,15.65248,17.11724,18.43909,21.0,16.03122,16.76305,17.26268,19.69772,21.47091,25.80698,22.47221,24.16609,23.85372,29.52965,30.0,26.62705,32.24903,29.68164,30.80584,30.41381,33.24154,33.10589,34.53983,36.40055,34.48188,36.40055,35.90265,34.0147,36.22154,34.05877,31.0,48.60041,51.22499,50.24938,56.85068,57.00877,59.36329,57.3062,59.05929,63.69458,60.16644,65.52099,65.14599,72.73239,70.34202,67.91171,63.78871,72.56721,73.5527,74.67262,75.10659,70.06426,74.02702,71.02816,75.05998,73.02739,73.10951,70.02857,73.06162,64.03124,66.00758,65.06919,68.00735,65.0,62.03225,61.20457,56.22277,53.46027,57.55867,53.15073,57.48913,58.5235,54.08327,57.77543,58.13777,59.94164,57.68882,63.24555,66.21933,69.2026,68.60029,74.63243,71.84706,81.02469,77.10383,79.05694,86.28441,84.59905
12.04159,11.0,11.0,10.0,9.0,9.0,8.0,8.0,7.0,7.0,7.07107,6.08276,5.09902,5.09902,5.09902,4.47214,3.60555,4.47214,3.60555,3.60555,3.60555,3.60555,3.16228,3.16228,3.16228,4.12311,4.0,4.0,4.0,4.0,4.12311,4.12311,4.12311,5.09902,5.09902,5.09902,6.08276,6.08276,6.08276,6.08276,6.08276,6.08276,6.08276,7.0,7.0,7.0,7.0,6.08276,6.08276,6.08276,6.32456,5.38516,80.0,78.00641,76.0,75.42546,66.37017,63.78871,66.37017,60.13319,59.68249,51.47815,52.15362,47.09565,42.42641,43.18565,40.1995,36.05551,32.0,31.06445,30.14963,26.68333,23.5372,24.5153,24.69818,18.02776,20.0,17.20465,14.21267,15.26434,16.64332,15.29706,15.65248,15.81139,17.11724,20.22375,21.0,22.09072,22.0,28.0,28.0,29.27456,30.59412,29.01724,32.06244,28.44293,32.0,33.01515,35.01428,40.04997,33.24154,34.05877,36.67424,35.17101,34.20526,34.17601,36.24914,37.12142,34.66987,44.94441,47.01064,50.92151,53.36666,54.33231,50.80354,54.14795,55.3263,61.07373,62.03225,64.00781,63.3877,64.28063,65.73431,67.46851,72.03471,68.96376,70.34202,70.60453,70.2282,70.5762,74.0,71.17584,69.77822,66.70832,67.97794,71.58911,65.29931,66.03787,62.17717,65.29931,62.16912,63.50591,59.48109,63.32456,56.0803,53.45091,56.04463,51.66237,54.91812,50.21952,55.7315,53.33854,58.00862,55.08176,65.76473,62.39391,61.52235,67.18631,72.00694,70.61161,72.27724,75.70997,74.96666,80.89499,76.23647,84.85281
13.0384,12.20656,11.6619,10.81665,10.0,10.0,9.43398,8.60233,8.60233,7.2111,7.2111,7.2111,5.83095,5.83095,5.0,5.38516,4.47214,4.12311,3.16228,3.16228,3.0,3.16228,3.0,2.23607,2.23607,2.23607,2.82843,2.23607,3.16228,3.60555,3.16228,4.12311,4.12311,4.12311,4.47214,4.47214,4.47214,5.38516,5.38516,5.09902,5.38516,5.38516,5.38516,5.38516,5.83095,5.83095,5.83095,5.83095,5.65685,5.65685,5.83095,5.38516,79.32213,76.55064,75.21303,74.63243,76.55064,67.47592,62.80127,56.40035,58.60034,51.22499,49.40648,48.82622,43.82921,40.49691,36.89173,34.98571,34.0,29.06888,32.69557,28.4605,27.51363,23.4094,19.92486,21.58703,20.09975,19.64688,17.02939,16.49242,14.21267,13.45362,16.40122,19.10497,14.76482,14.31782,21.93171,19.69772,23.08679,20.88061,22.47221,29.73214,28.16026,28.63564,27.20294,27.85678,30.67572,31.95309,31.04835,35.73514,33.83785,33.10589,32.20248,32.75668,33.01515,35.80503,33.24154,34.71311,33.83785,47.12749,48.70318,50.56679,51.47815,54.6443,54.03702,58.41233,61.52235,59.39697,62.93648,61.7171,63.41136,66.70832,69.6563,70.0,69.64194,69.46222,71.02112,69.35416,70.00714,72.23573,73.82412,69.35416,69.64194,69.64194,71.30919,66.12866,71.17584,66.85058,64.84597,58.59181,60.83584,58.18075,57.69749,60.92618,58.5235,57.98276,54.03702,58.25805,58.0517,53.75872,56.0803,53.60037,57.42822,56.93856,57.98276,60.74537,64.07808,65.30697,68.0,67.1193,76.48529,77.87811,79.60528,80.62258,85.0,83.24062
12.16553,12.16553,11.40175,11.40175,10.19804,9.21954,9.21954,8.06226,8.24621,7.07107,6.08276,7.07107,6.08276,5.0,5.0,4.12311,4.12311,4.12311,4.12311,3.16228,3.60555,3.60555,2.82843,3.60555,3.60555,3.16228,4.0,4.12311,4.0,4.0,4.0,5.0,5.0,5.0,6.08276,6.08276,6.08276,6.0,6.0,6.0,6.0,7.0,6.0,7.0,7.0,6.08276,7.07107,6.32456,6.32456,6.32456,6.7082,6.7082,84.69357,74.84651,78.79086,69.46222,64.88451,72.00694,60.83584,63.95311,51.88449,55.03635,50.77401,43.82921,40.24922,39.92493,37.12142,34.78505,32.89377,36.40055,30.36445,25.70992,23.34524,18.68154,23.34524,19.41649,18.68154,19.41649,14.31782,17.80449,14.86607,12.04159,17.80449,17.88854,17.08801,22.13594,22.56103,24.35159,25.29822,26.92582,26.92582,25.31798,24.04163,27.89265,28.63564,31.7805,31.32092,28.86174,35.51056,31.04835,34.78505,35.1141,36.05551,32.89377,36.67424,34.66987,30.0,35.35534,39.20459,47.26521,50.0,48.25971,53.60037,53.75872,59.77458,57.00877,56.85948,55.9017,58.30952,66.57327,62.1289,64.63745,66.06815,69.42622,65.06919,71.50524,67.17887,73.75636,70.17834,67.89698,71.70077,70.43437,72.62231,69.40461,70.80254,66.0303,70.60453,60.21628,67.00746,60.80296,60.80296,60.20797,58.13777,57.31492,59.4138,53.41348,55.22681,52.63079,56.30275,55.22681,48.37355,55.9017,52.80152,58.30952,51.62364,55.71355,57.28001,70.60453,67.44627,72.36712,68.88396,75.18643,72.27724,77.62087,83.52245,79.83107
12.52996,12.52996,12.52996,11.6619,10.29563,10.29563,9.43398,8.94427,8.06226,8.06226,6.7082,6.7082,6.7082,6.7082,5.83095,5.09902,4.12311,5.09902,4.12311,4.0,4.0,4.0,4.12311,3.16228,3.16228,2.23607,3.60555,2.82843,3.60555,3.60555,3.60555,4.47214,4.47214,5.0,4.47214,5.38516,4.47214,5.83095,5.0,5.0,5.83095,5.83095,5.83095,5.83095,6.40312,5.83095,6.40312,5.65685,5.65685,5.0,5.83095,6.7082,84.11896,76.53757,79.05694,74.33034,69.28925,71.7844,62.03225,67.6757,55.54278,55.36244,50.32892,47.12749,43.68066,47.53946,41.78516,36.13862,36.49658,29.73214,28.28427,25.01999,24.0,22.09072,24.33105,18.78829,21.18962,24.41311,17.20465,15.81139,17.02939,16.40122,14.76482,21.9545,19.69772,21.2132,22.80351,23.5372,23.34524,25.17936,26.07681,29.27456,29.27456,30.14963,30.41381,34.36568,36.34556,33.24154,35.69314,34.71311,35.90265,35.44009,39.29377,29.12044,38.01316,29.06888,34.53983,36.35932,39.69887,46.09772,52.00961,49.0408,56.32051,55.7315,58.69412,55.7853,62.93648,61.09828,58.18075,63.06346,64.41273,65.36819,68.26419,70.45566,67.80118,74.4043,71.21798,72.24957,70.76722,70.0928,72.91776,72.18033,70.00714,70.0928,67.35726,67.35726,64.3506,63.63961,69.31089,62.96825,65.79514,63.70243,62.2254,60.20797,54.03702,57.80138,56.93856,56.82429,55.4617,56.35601,55.97321,58.30952,56.921,58.24088,65.51336,63.56099,61.29437,64.38167,66.48308,71.44928,73.24616,74.54529,75.16648,78.51751,85.70881,89.10668
13.0384,13.0384,12.04159,12.04159,11.04536,11.0,10.04988,9.0,9.05539,8.06226,8.06226,7.07107,7.07107,7.07107,6.32456,5.38516,5.38516,4.47214,4.47214,4.47214,4.24264,4.24264,4.24264,3.60555,4.47214,3.60555,4.12311,4.0,5.0,5.0,5.0,5.0,5.0,5.09902,5.09902,6.0,6.08276,7.0,7.0,6.0,6.08276,7.0,7.0,7.0,7.0,7.0,7.07107,7.28011,7.28011,7.61577,6.7082,6.7082,82.49242,79.30952,74.10803,78.23043,74.00676,67.00746,66.0303,60.13319,56.0357,57.0,54.03702,47.01064,46.0,41.01219,40.04997,36.05551,32.14032,28.86174,27.45906,29.12044,27.20294,26.92582,19.20937,18.35756,19.10497,18.86796,19.84943,17.88854,17.46425,18.02776,20.39608,20.61553,19.41649,17.11724,22.36068,24.08319,25.4951,26.1725,30.59412,27.29469,30.06659,31.06445,33.13608,33.37664,36.87818,34.0147,34.0147,36.01389,35.01428,36.05551,38.20995,34.52535,36.67424,38.32754,37.94733,38.07887,33.61547,47.63402,50.60632,53.0,52.3259,56.36488,54.70832,53.85165,58.24946,59.03389,62.28965,61.40033,64.03124,68.11755,70.00714,70.06426,68.593,73.33485,70.45566,71.02112,72.99315,71.19691,76.15773,71.38627,71.16881,71.47027,72.11103,69.89278,68.94926,68.35203,66.12866,58.30952,63.90618,63.60031,60.63827,57.56735,56.29387,55.44367,56.56854,55.57877,57.00877,55.00909,53.23533,55.22681,57.55867,59.48109,59.5399,71.00704,63.24555,64.28841,68.41053,69.92138,73.97973,77.12976,79.55501,80.77747,77.62087,83.19856
12.80625,12.04159,12.04159,11.31371,10.63015,9.89949,9.21954,9.21954,8.60233,7.81025,7.2111,7.2111,6.40312,5.83095,5.83095,5.38516,4.47214,4.47214,4.12311,4.12311,4.0,4.0,3.0,4.0,3.16228,3.16228,2.82843,3.60555,3.60555,3.60555,4.24264,4.24264,5.0,5.0,4.47214,5.0,5.0,5.0,5.65685,5.83095,5.0,6.40312,5.65685,6.40312,5.65685,6.40312,7.07107,6.40312,5.83095,5.83095,6.7082,6.32456,80.62258,81.05554,70.83784,74.8131,74.20243,67.80118,64.66065,60.60528,58.60034,51.0392,48.60041,47.80167,43.27817,41.7732,32.80244,32.80244,35.0,32.55764,28.42534,27.65863,24.83948,21.9545,20.12461,17.26268,17.11724,17.46425,16.03122,18.11077,19.41649,16.49242,18.35756,21.63331,21.0238,23.43075,20.51828,22.67157,22.80351,27.65863,25.45584,24.20744,30.61046,27.65863,31.62278,31.241,32.20248,29.69848,30.61046,33.24154,31.89044,31.89044,38.01316,35.0,32.44996,37.16181,36.24914,34.78505,34.20526,48.38388,48.8467,54.20332,53.53504,54.81788,53.60037,53.90733,58.69412,62.20129,61.22091,60.0,61.77378,68.7968,69.64194,67.1193,68.8767,71.17584,69.46222,71.17584,71.47027,68.70953,73.68175,70.34202,69.64194,70.83078,72.56721,71.02112,69.42622,64.13267,63.06346,59.48109,61.40033,57.97413,57.28001,55.36244,53.85165,52.0,50.15974,52.47857,54.70832,54.3783,55.80323,57.62812,55.31727,56.56854,57.48913,58.0517,61.07373,64.40497,66.4003,67.80118,72.20111,76.83749,69.6563,79.02531,80.28076,78.24321
13.45362,12.72792,12.72792,12.04159,12.04159,10.63015,9.89949,9.21954,8.48528,8.48528,7.81025,7.07107,7.07107,6.40312,6.40312,5.0,5.0,4.47214,4.47214,4.12311,4.12311,4.12311,3.0,4.0,4.0,3.16228,3.16228,3.60555,3.60555,3.60555,3.60555,5.0,5.0,5.0,5.0,5.0,5.0,5.65685,5.65685,5.65685,5.65685,6.40312,6.40312,6.40312,6.40312,6.40312,7.2111,6.7082,6.32456,6.32456,6.32456,7.07107,77.83315,79.02531,74.41102,74.51845,72.62231,65.0,65.43699,59.03389,59.66574,51.31277,52.20153,46.04346,45.60702,39.82462,35.60899,32.20248,34.65545,29.83287,28.42534,27.65863,25.80698,18.38478,18.38478,18.38478,19.64688,18.02776,17.26268,17.26268,17.08801,16.27882,17.0,15.81139,16.27882,19.84943,23.34524,21.93171,25.45584,24.83948,26.62705,24.75884,29.73214,28.28427,33.97058,31.14482,29.83287,29.83287,29.73214,33.97058,32.01562,31.40064,34.1321,35.51056,36.71512,34.88553,33.24154,32.57299,31.257,44.72136,47.12749,52.39275,54.20332,55.80323,53.41348,53.8145,53.75872,58.69412,60.82763,60.87693,63.60031,63.82006,62.42596,65.80274,68.8767,68.88396,67.60178,68.8767,67.77905,72.23573,73.00685,71.16881,70.83784,68.41053,68.30813,67.6757,65.14599,67.05222,64.84597,64.19502,57.87055,56.61272,55.65968,57.93962,55.54278,52.3259,56.93856,52.35456,53.25411,53.00943,54.67175,52.49762,57.31492,54.45181,59.5483,60.30755,63.60031,67.1193,65.21503,66.61081,73.23933,74.4043,73.60027,79.32213,80.0,81.8352
11.6619,11.6619,10.29563,10.29563,10.29563,8.94427,8.06226,7.61577,6.7082,6.7082,6.7082,5.83095,5.83095,5.0,4.24264,4.24264,3.60555,2.82843,3.16228,3.16228,3.0,3.0,2.0,2.23607,2.23607,2.23607,2.82843,2.82843,3.60555,3.60555,5.0,5.0,4.47214,5.0,5.38516,5.0,5.83095,5.0,5.0,6.40312,5.83095,6.40312,5.65685,6.40312,6.40312,5.65685,6.40312,6.40312,5.83095,5.83095,6.7082,6.32456,79.15807,82.34683,74.46476,75.39231,73.40981,66.70832,66.7308,62.24147,59.46427,55.36244,55.97321,44.01136,46.09772,40.31129,39.11521,32.64966,34.66987,30.01666,28.6007,26.07681,21.40093,22.67157,18.02776,16.27882,16.27882,18.68154,16.49242,15.0333,12.0,17.26268,18.38478,18.60108,16.27882,19.20937,21.93171,22.2036,22.62742,28.3196,28.3196,29.83287,30.61046,30.4795,33.24154,33.30165,32.01562,34.65545,32.01562,35.38361,32.80244,32.75668,36.40055,35.35534,33.61547,34.0147,35.8469,35.17101,36.67424,48.08326,48.82622,51.61395,54.12024,55.9464,53.7122,56.32051,58.24088,60.63827,61.39218,64.62971,63.78871,65.11528,68.18358,69.0,69.02898,70.06426,73.06162,70.11419,71.56815,72.33948,71.34424,70.45566,67.89698,70.40597,71.44928,69.42622,65.76473,65.76473,67.74216,63.78871,65.27634,60.67125,62.20129,56.22277,56.0,53.00943,56.22277,52.23983,56.7186,53.46027,55.36244,51.62364,59.13544,55.71355,58.83026,57.3062,62.64982,64.3506,71.19691,67.47592,71.84706,72.67049,81.27115,81.84131,81.8352,83.21658
12.20656,11.40175,11.40175,11.40175,10.0,10.0,8.60233,7.81025,7.2111,7.2111,5.83095,5.83095,5.83095,4.47214,4.47214,3.16228,4.12311,3.16228,3.0,3.0,3.16228,3.16228,2.23607,2.82843,2.82843,2.82843,3.16228,3.60555,4.12311,5.09902,4.47214,4.12311,5.09902,5.38516,5.09902,6.08276,6.08276,6.32456,6.32456,6.32456,6.32456,6.32456,6.32456,6.32456,6.7082,6.7082,6.7082,5.83095,6.40312,6.40312,6.40312,6.40312,77.02597,79.75588,77.52419,71.34424,66.03787,65.60488,61.91123,60.74537,58.24946,51.22499,50.77401,45.80393,42.2019,39.96248,34.98571,37.44329,34.43835,31.38471,23.70654,25.0,21.84033,22.56103,23.02173,16.0,18.02776,18.02776,15.81139,15.55635,16.27882,17.02939,14.42221,16.64332,22.36068,21.37756,21.09502,26.92582,26.92582,26.68333,31.40064,26.4764,30.80584,29.83287,30.08322,32.55764,32.98485,33.06055,37.33631,33.52611,36.68787,33.52611,32.89377,37.57659,35.77709,37.12142,36.40055,34.20526,34.65545,46.17359,47.43416,52.7731,57.80138,54.6443,56.0803,56.63921,57.28001,60.10824,65.11528,64.44377,66.06815,68.41053,71.02816,70.45566,72.56032,71.02112,67.60178,72.94518,72.44998,73.1642,78.0,73.40981,73.40981,73.05477,71.30919,70.68239,69.07966,68.02941,67.23095,65.0,63.06346,59.9333,56.35601,58.59181,55.56978,56.30275,54.81788,59.81639,55.86591,55.15433,55.86591,51.40039,56.40035,55.21775,62.64982,62.43397,64.41273,65.0,68.942,72.8011,73.53911,74.68601,72.61543,79.12016,76.48529,83.19255
13.45362,12.04159,12.04159,12.04159,11.31371,9.89949,9.21954,9.21954,8.48528,7.81025,7.81025,6.40312,6.40312,5.83095,5.83095,5.83095,4.47214,4.47214,4.47214,4.12311,4.12311,4.0,3.0,3.0,3.16228,3.16228,2.82843,3.60555,3.60555,3.60555,4.24264,4.24264,4.24264,5.0,5.0,5.0,5.0,5.65685,5.65685,5.65685,6.40312,6.40312,5.65685,6.40312,6.40312,6.40312,6.40312,5.83095,5.83095,6.7082,6.7082,6.32456,83.48653,76.27582,75.80237,72.18033,71.8401,65.76473,65.43699,58.41233,57.31492,53.8145,48.10405,47.01064,47.50789,41.04875,39.40812,38.01316,32.24903,30.0,28.17801,24.69818,24.35159,22.47221,21.37756,22.02272,18.24829,17.26268,14.56022,19.20937,13.89244,14.86607,20.80865,15.55635,17.02939,22.80351,22.82542,24.20744,21.9545,29.06888,28.17801,28.17801,28.63564,29.96665,29.41088,31.38471,37.73592,32.75668,29.96665,35.80503,31.90611,35.22783,32.01562,37.20215,38.28838,36.87818,35.60899,32.24903,34.88553,46.52956,50.80354,52.49762,54.23099,55.9464,57.45433,53.0,58.24946,58.89822,59.81639,63.78087,65.76473,67.94115,70.00714,68.68042,69.02898,74.63243,70.45566,75.71658,72.20111,76.66159,72.20111,69.77105,74.70609,70.68239,66.64083,70.77429,70.26379,63.56099,68.54196,64.40497,63.97656,59.03389,62.6099,63.81222,56.0803,55.56978,50.60632,55.22681,56.56854,53.75872,52.34501,56.72742,58.60034,56.61272,59.5399,57.70615,59.16925,65.29931,62.6099,69.77822,72.89719,76.92204,72.49828,77.82673,81.41253,85.95929
14.21267,12.80625,12.04159,12.80625,11.40175,10.63015,9.21954,9.21954,9.21954,7.81025,7.81025,7.07107,7.07107,7.07107,6.40312,5.0,5.0,4.47214,4.47214,4.12311,4.12311,4.12311,3.16228,3.0,3.0,3.16228,3.60555,3.60555,3.60555,4.24264,4.24264,5.0,5.0,5.0,5.65685,5.65685,5.65685,5.65685,6.40312,6.40312,6.40312,6.40312,6.40312,7.2111,7.2111,7.2111,6.7082,6.7082,6.32456,6.32456,7.07107,7.07107,82.46211,75.80237,74.8131,69.89278,67.6757,65.51336,62.76942,64.14047,54.6443,52.15362,50.08992,46.61545,43.82921,40.60788,33.42155,37.53665,32.52691,29.83287,29.0,24.83948,23.32381,22.84732,22.13594,20.61553,17.46425,17.46425,16.27882,14.86607,17.02939,16.15549,12.36932,18.02776,19.84943,22.02272,21.93171,27.65863,25.4951,29.20616,29.73214,27.65863,30.41381,28.42534,31.1127,33.24154,36.79674,29.73214,31.14482,32.64966,34.05877,36.87818,34.4093,34.98571,36.71512,37.12142,36.76955,36.40055,34.23449,48.10405,50.53712,49.39636,54.48853,56.0803,55.31727,55.60576,59.03389,61.40033,61.29437,65.0,61.7171,69.31811,68.88396,70.68239,66.40783,72.12489,69.57011,70.5195,74.52516,73.5459,74.95332,69.87131,72.83543,72.69113,69.46222,68.46897,69.35416,65.11528,67.74216,61.98387,62.96825,59.22837,60.63827,58.24088,55.54278,52.20153,53.14132,50.56679,56.79789,52.7731,54.91812,55.80323,52.63079,57.2014,55.60576,59.46427,60.1415,66.06815,65.8559,70.17834,72.24957,76.41989,76.48529,82.03658,81.3941,79.20859
13.41641,12.52996,11.18034,11.18034,9.84886,9.84886,8.94427,8.544,7.61577,7.61577,7.28011,6.32456,6.08276,5.09902,5.09902,5.0,5.0,4.0,4.12311,4.12311,4.12311,3.60555,3.60555,3.60555,2.82843,4.24264,3.60555,4.47214,4.12311,4.47214,5.09902,5.09902,5.09902,5.09902,5.38516,6.08276,6.32456,6.08276,6.08276,6.08276,6.32456,6.32456,7.28011,6.32456,6.7082,6.7082,6.7082,6.7082,7.2111,7.2111,6.40312,6.40312,81.60882,77.38863,74.30343,75.66373,73.24616,65.45991,64.40497,63.00794,55.47071,51.86521,49.09175,48.02083,42.94182,39.66106,40.31129,32.20248,34.0,30.67572,22.13594,28.28427,25.07987,24.18677,23.0,18.0,15.52417,17.08801,24.59675,16.12452,15.26434,17.20465,21.26029,19.69772,17.46425,20.24846,23.34524,19.41649,25.29822,25.70992,26.0,30.80584,33.54102,32.28002,31.57531,36.13862,32.55764,34.20526,33.73426,36.13862,37.94733,38.27532,34.9285,38.94868,36.67424,35.8469,33.83785,34.65545,36.12478,46.32494,49.0408,51.07837,50.60632,52.43091,52.80152,57.00877,59.46427,58.69412,60.82763,63.25346,64.53681,67.62396,68.24222,68.24954,69.64194,69.64194,68.7968,65.8635,69.77105,71.19691,71.55418,73.40981,70.77429,69.64194,72.09022,68.70953,68.15424,65.30697,63.97656,65.79514,62.24147,61.32699,59.94164,58.59181,56.30275,56.40035,54.56189,55.0,57.28001,52.3259,57.00877,55.0,59.40539,57.14018,57.27128,60.41523,60.92618,64.07808,66.12866,70.93659,70.38466,80.23092,76.55717,79.47956,83.7735,83.7735
13.0384,12.0,12.04159,11.0,10.0,10.0,9.0,8.0,8.0,7.07107,7.0,6.08276,6.08276,5.09902,4.47214,4.12311,4.12311,3.16228,2.82843,2.82843,2.82843,2.82843,2.23607,2.23607,2.0,2.0,3.16228,3.16228,3.16228,3.60555,4.47214,5.0,4.47214,5.83095,5.83095,5.0,5.83095,5.83095,5.83095,6.32456,6.32456,6.32456,6.32456,6.32456,6.32456,6.08276,6.08276,6.08276,6.0,6.0,6.08276,6.08276,76.00658,77.05842,75.23962,75.10659,68.11755,69.18092,64.62971,63.3877,56.4358,49.36598,50.24938,48.0,45.17743,39.05125,38.0,36.01389,32.24903,30.01666,26.1725,23.76973,25.70992,19.64688,17.46425,14.76482,13.45362,18.43909,17.69181,10.29563,16.49242,15.52417,12.64911,15.0333,19.41649,20.88061,18.97367,21.18962,22.13594,26.83282,28.63564,29.73214,29.83287,28.79236,31.95309,30.67572,37.57659,35.44009,33.24154,35.90265,34.52535,34.52535,37.85499,35.12834,33.13608,36.01389,35.0571,33.73426,33.24154,46.52956,50.63596,51.0,55.03635,54.33231,57.07013,55.54278,57.48913,59.20304,59.20304,63.69458,64.62198,67.41662,68.44706,69.46222,64.49806,70.3278,72.06941,71.19691,73.4983,72.67049,77.10383,71.61006,71.58911,71.06335,70.93659,69.52697,69.52697,64.66065,66.8431,63.82006,61.22091,59.07622,65.51336,61.03278,57.98276,58.13777,54.56189,54.08327,53.75872,52.17279,55.31727,55.9017,55.3263,60.07495,65.12296,62.07254,62.28965,68.18358,67.47592,69.58448,78.23043,76.65507,75.16648,78.1025,80.399,78.23043
11.7047,11.7047,10.77033,10.77033,9.84886,8.544,8.544,7.28011,7.28011,6.32456,6.32456,6.08276,5.09902,5.09902,4.0,4.0,4.12311,3.16228,3.16228,3.16228,2.23607,2.82843,2.82843,2.82843,3.16228,3.0,4.0,4.0,4.12311,5.09902,4.12311,5.09902,5.09902,5.09902,6.08276,6.08276,6.08276,6.08276,6.08276,6.08276,7.07107,7.07107,7.07107,7.07107,6.0,7.0,7.0,6.08276,6.08276,6.08276,6.32456,6.7082,81.12336,75.17978,79.25907,70.72482,68.47627,67.74216,64.14047,58.66856,56.93856,53.25411,48.37355,44.29447,40.70626,37.21559,36.35932,31.95309,34.9285,27.73085,27.29469,19.41649,22.0,23.34524,21.09502,19.23538,17.08801,15.23155,12.20656,15.81139,18.43909,11.7047,16.55295,15.81139,21.84033,22.56103,23.08679,23.34524,26.1725,26.01922,29.27456,28.01785,29.0,31.01612,32.24903,36.12478,37.21559,36.0,34.05877,34.52535,34.71311,33.54102,35.17101,35.17101,38.60052,34.88553,37.12142,36.35932,34.82815,47.16991,46.95743,50.77401,52.69725,57.62812,52.63079,55.17246,56.63921,57.31492,60.1415,59.40539,61.03278,65.45991,65.0,70.49113,67.1193,72.20111,66.64833,71.11259,70.23532,72.01389,72.01389,74.68601,70.38466,69.64194,70.26379,65.55151,69.64194,67.23095,64.88451,64.84597,63.97656,59.9333,63.52952,60.03332,56.60389,53.82379,52.80152,53.41348,55.86591,55.31727,57.62812,56.85068,57.14018,57.80138,63.15853,60.00833,68.15424,67.77905,67.77905,75.96052,76.2168,80.77747,74.73286,85.23497,83.81527,78.0
12.08305,11.7047,12.08305,10.77033,9.84886,8.544,8.544,7.61577,7.61577,6.7082,5.83095,5.38516,5.0,5.0,3.60555,4.24264,2.82843,3.60555,2.82843,3.16228,2.23607,3.16228,2.0,3.16228,2.23607,2.23607,2.82843,3.60555,4.24264,2.82843,4.24264,5.0,5.65685,5.0,5.0,5.65685,5.65685,6.40312,5.65685,6.40312,5.65685,6.40312,5.0,6.40312,6.40312,6.40312,6.7082,6.7082,6.32456,6.32456,6.08276,5.09902,79.07591,74.63243,77.12976,73.82412,73.68175,68.26419,62.28965,60.40695,53.75872,53.23533,49.0306,47.67599,43.56604,37.33631,39.20459,31.40064,30.67572,25.4951,26.0,30.41381,21.0238,20.12461,21.93171,16.97056,17.02939,13.92839,14.31782,19.10497,17.46425,14.86607,16.0,21.0238,19.41649,21.58703,20.61553,27.85678,25.94224,28.17801,28.23119,28.6531,26.57066,30.8707,34.53983,36.76955,34.17601,27.51363,28.79236,35.1141,33.54102,26.68333,39.45884,32.75668,35.01428,36.01389,36.0,32.24903,34.9285,45.27693,49.40648,53.53504,54.12947,56.0803,54.70832,52.88667,58.69412,62.16912,63.63961,60.67125,63.63961,68.06614,68.18358,70.06426,67.02984,71.06335,71.00704,71.34424,67.36468,69.87131,75.80237,71.02112,69.42622,68.68042,72.03471,72.53275,67.91171,61.61169,67.68309,62.58594,63.56099,63.95311,61.0,58.69412,59.4138,57.07889,55.08176,56.00893,57.21888,57.31492,55.57877,57.07013,58.69412,58.0517,59.23681,60.72891,70.26379,68.44706,70.38466,73.82412,75.27284,80.62258,71.30919,78.29432,78.54935,80.32434
12.52996,11.6619,11.6619,10.29563,10.29563,8.94427,8.60233,8.06226,7.2111,7.2111,6.40312,6.40312,5.65685,5.0,4.24264,5.0,4.47214,4.47214,3.16228,3.16228,3.16228,3.0,3.0,3.0,3.16228,3.16228,3.60555,3.60555,4.24264,5.0,4.24264,4.24264,5.65685,5.0,5.65685,6.40312,5.65685,5.65685,6.40312,5.65685,7.07107,6.40312,7.07107,7.07107,6.40312,7.2111,7.2111,7.2111,6.7082,6.7082,6.32456,6.08276,78.81624,78.23043,68.7968,68.60029,69.33974,65.19202,62.76942,57.70615,59.05929,47.88528,49.73932,44.77723,40.49691,43.26662,37.01351,35.38361,34.71311,27.58623,21.93171,21.93171,27.313,20.59126,21.0238,20.61553,16.76305,19.0,14.0,15.52417,14.14214,14.31782,15.0,17.02939,20.61553,21.2132,21.40093,27.80288,25.4951,25.23886,26.40076,31.38471,32.64966,30.23243,30.80584,32.20248,31.89044,34.05877,33.30165,34.4093,38.28838,37.80212,37.48333,35.38361,34.82815,35.80503,36.61967,35.35534,36.76955,45.34314,50.9902,50.21952,53.7122,52.80152,51.47815,51.07837,57.58472,59.66574,59.43904,61.39218,60.20797,63.95311,65.76473,64.62971,68.18358,66.37017,71.00704,66.00758,66.0303,68.00735,72.11103,67.1193,71.02816,69.11584,67.00746,65.27634,67.26812,64.38167,61.20457,60.13319,58.03447,61.20457,58.07753,58.0,53.33854,53.60037,51.41984,52.63079,52.55473,54.78138,53.48832,51.47815,55.47071,51.47815,54.67175,54.67175,57.48913,65.29931,68.0147,65.06919,75.00667,72.24957,73.5527,78.1025,80.91971,81.05554
12.0,12.0,11.0,11.0,10.0,9.0,8.0,8.0,7.07107,7.0,6.08276,6.08276,5.09902,5.09902,5.09902,4.47214,4.47214,4.24264,3.60555,2.82843,2.82843,3.16228,3.16228,3.16228,3.0,4.0,4.0,4.12311,4.12311,5.09902,4.12311,5.38516,5.38516,5.38516,6.32456,6.32456,6.32456,6.32456,6.32456,6.32456,7.28011,7.28011,6.32456,7.07107,7.28011,6.08276,7.07107,7.0,7.0,7.07107,6.08276,6.32456,80.09994,80.05623,77.02597,71.17584,76.0,63.03174,62.03225,57.14018,60.13319,51.0098,44.04543,44.04543,43.0,44.0,35.12834,34.52535,34.05877,29.42788,32.28002,24.69818,23.08679,18.68154,18.35756,20.51828,19.84943,20.61553,18.86796,18.38478,14.86607,14.31782,17.46425,18.24829,21.0238,21.58703,23.4094,23.76973,29.27456,28.86174,30.36445,30.08322,30.67572,33.24154,33.73426,35.90265,27.65863,38.63936,36.34556,35.51056,36.34556,33.24154,30.41381,37.48333,38.11824,35.01428,36.34556,36.67424,37.64306,49.1935,49.72927,55.08176,57.31492,57.21888,55.08176,56.00893,58.21512,61.40033,60.53098,64.13267,67.26812,66.70832,67.46851,66.7308,68.96376,69.26038,72.8011,70.38466,76.48529,71.58911,71.11962,75.591,72.47068,72.01389,70.71068,67.41662,67.60178,68.09552,65.51336,61.91123,61.77378,60.41523,59.03389,59.5063,58.18075,57.56735,56.75385,58.46366,54.58938,56.7186,56.32051,51.15662,60.00833,52.00961,63.63961,59.4138,61.0,65.30697,72.99315,74.33034,74.46476,75.31268,86.14523,78.1025,79.24645,84.0119
13.60147,12.64911,11.40175,11.40175,10.44031,10.44031,9.48683,9.21954,8.24621,8.24621,8.24621,7.07107,6.08276,6.08276,6.08276,6.0,5.0,5.09902,4.12311,3.16228,3.16228,3.60555,3.60555,2.82843,3.60555,3.60555,3.16228,3.16228,4.0,4.12311,4.0,5.09902,5.0,5.0,5.0,5.0,6.0,6.0,6.0,6.0,6.08276,6.0,6.08276,7.07107,7.07107,6.08276,6.32456,7.28011,6.32456,6.32456,6.7082,5.83095,89.47067,81.49233,82.92768,72.42237,74.63243,65.21503,64.2028,61.61169,59.03389,54.6443,51.0392,46.32494,45.22168,42.19005,38.83298,38.48376,36.05551,30.41381,31.30495,28.63564,26.4764,21.37756,18.68154,17.11724,20.02498,20.09975,19.31321,14.86607,18.60108,15.55635,14.86607,14.21267,17.20465,19.69772,19.92486,21.84033,28.0,22.80351,29.42788,28.44293,30.41381,27.20294,33.52611,32.28002,30.59412,34.71311,32.89377,34.48188,33.10589,32.69557,34.0147,35.77709,37.58989,36.89173,37.64306,32.52691,34.71311,45.12206,49.33559,47.85394,54.58938,55.22681,53.0,54.40588,56.72742,61.07373,60.20797,61.7171,65.8559,67.35726,69.52697,72.00694,66.28725,71.84706,70.45566,69.06519,72.40166,68.60029,72.56032,68.8767,71.58911,73.82412,71.55418,69.857,67.1193,65.39113,68.02941,59.03389,60.41523,60.90156,59.5399,59.16925,58.24946,54.81788,53.41348,52.34501,52.40229,59.4138,55.60576,58.5235,56.60389,55.75841,56.0803,55.9017,62.64982,66.70832,65.39113,68.942,72.49828,77.25283,73.82412,80.11242,79.62412,76.47876
12.52996,11.6619,11.6619,11.18034,10.29563,10.29563,9.43398,8.06226,8.06226,7.2111,7.2111,6.40312,6.40312,5.0,5.0,5.0,5.0,3.60555,3.60555,3.60555,3.16228,3.16228,3.0,3.0,3.16228,3.16228,3.16228,3.60555,3.60555,3.60555,4.24264,4.24264,5.0,5.65685,5.65685,6.40312,6.40312,5.65685,6.40312,6.40312,6.40312,6.7082,7.2111,6.7082,6.7082,6.7082,6.7082,6.32456,6.32456,6.32456,6.08276,6.0,82.76473,78.0,74.32362,72.44998,71.17584,67.41662,62.29767,63.56886,60.53924,53.45091,48.70318,48.08326,43.65776,40.8534,37.16181,35.35534,32.75668,30.88689,27.78489,25.80698,22.02272,19.79899,21.2132,19.84943,18.02776,17.88854,11.6619,13.0384,15.29706,15.29706,17.0,15.65248,18.86796,18.86796,21.26029,21.93171,22.67157,23.34524,24.75884,30.4795,31.1127,33.30165,29.69848,33.24154,31.241,34.71311,33.94113,33.97058,34.4093,33.6006,34.98571,35.51056,34.88553,33.61547,34.9285,31.62278,34.1321,49.0408,48.54894,51.47815,53.22593,54.42426,57.87055,50.21952,56.75385,61.18823,57.70615,61.66036,64.19502,68.35934,71.11259,69.02898,69.02898,67.02984,70.06426,68.11755,69.87131,69.58448,71.44928,74.1485,72.18033,69.2315,71.02112,69.63476,66.4906,62.80127,65.9242,63.34824,63.63961,58.54912,59.03389,61.07373,58.03447,58.0,52.03845,53.46027,57.55867,55.10898,54.57105,55.71355,58.5235,60.40695,53.22593,60.53924,62.26556,63.28507,71.34424,68.09552,69.33974,77.93587,76.27582,78.81624,81.27115,81.9878
12.36932,11.40175,11.40175,11.40175,10.19804,9.21954,8.24621,8.24621,8.24621,7.28011,6.32456,6.32456,6.32456,4.47214,4.47214,4.12311,4.47214,3.16228,2.82843,2.23607,2.82843,2.23607,2.23607,2.0,2.0,2.0,2.23607,3.60555,2.82843,3.60555,3.60555,4.24264,4.24264,5.0,5.0,4.24264,5.0,5.0,5.83095,5.83095,5.83095,5.83095,5.83095,5.83095,5.38516,5.38516,6.32456,6.08276,6.0,5.0,6.0,5.0,80.77747,79.55501,77.36924,68.44706,66.91039,65.76473,63.63961,66.48308,57.42822,55.3263,49.36598,45.54119,43.10452,41.30375,37.85499,35.73514,31.32092,32.01562,30.08322,22.47221,21.0238,21.47091,16.12452,20.61553,15.81139,14.21267,14.42221,12.16553,13.34166,11.04536,16.0,17.46425,14.86607,17.46425,19.72308,20.59126,25.05993,21.9545,25.94224,23.70654,30.01666,29.15476,28.30194,33.54102,34.88553,31.7805,33.83785,29.96665,32.69557,33.73426,32.98485,33.37664,33.24154,31.257,31.06445,33.13608,33.13608,49.57822,50.80354,50.77401,54.70832,56.64804,58.18935,58.82176,56.51548,61.61169,58.24946,59.4138,66.48308,68.26419,65.06919,67.02984,71.00704,73.06162,72.11103,71.70077,73.34848,72.69113,76.11833,72.00694,71.84706,76.48529,72.18033,68.44706,67.72001,66.21933,68.88396,62.36986,66.4906,64.28841,62.16912,58.69412,58.69412,56.14268,55.0,53.03772,58.42089,59.07622,56.4358,55.31727,57.27128,60.16644,61.84658,64.19502,62.62587,63.56099,72.61543,68.02941,71.58911,73.79024,73.1642,82.76473,80.23092,86.72946
13.60147,13.60147,12.20656,11.40175,10.0,10.0,9.43398,8.60233,8.60233,7.2111,7.2111,7.2111,5.83095,5.83095,5.83095,5.38516,4.47214,4.12311,3.16228,3.0,3.0,2.0,2.0,1.41421,1.41421,2.23607,2.23607,3.0,3.0,3.16228,3.0,4.0,4.0,5.0,5.0,5.0,5.09902,6.08276,5.09902,5.09902,5.09902,6.08276,6.08276,5.38516,6.08276,5.38516,5.38516,5.83095,5.83095,5.83095,5.65685,5.65685,84.72308,80.5295,79.92496,68.60029,72.40166,64.3506,60.74537,62.42596,58.24946,53.25411,51.62364,49.09175,43.909,39.66106,39.96248,34.0,34.98571,34.9285,25.63201,26.57066,25.70992,20.24846,17.46425,17.0,17.26268,15.52417,13.92839,13.45362,10.63015,10.63015,12.64911,11.7047,17.02939,22.02272,23.19483,19.10497,20.39608,23.19483,26.1725,29.01724,27.65863,32.55764,29.42788,27.16616,31.40064,33.06055,32.75668,31.57531,34.78505,33.54102,35.1141,34.9285,37.33631,33.10589,34.1321,31.89044,32.52691,47.53946,50.32892,53.23533,57.68882,54.40588,55.44367,58.79626,61.52235,60.10824,61.55485,63.41136,64.66065,68.00735,67.95587,71.02816,69.89278,73.4983,71.34424,72.56032,71.69379,73.79024,70.23532,73.82412,74.09453,70.93659,69.64194,71.30919,71.17584,67.62396,69.35416,64.07808,64.84597,62.64982,60.53924,62.26556,58.30952,59.07622,58.25805,56.72742,58.0,58.69412,57.62812,58.13777,61.22091,58.24946,63.50591,59.9333,66.70832,67.23095,69.857,74.84651,76.32169,77.47258,78.54935,80.23092,83.25863,83.25863
13.60147,12.20656,12.20656,10.81665,10.81665,10.0,9.21954,9.21954,7.81025,7.81025,7.81025,6.40312,6.40312,5.65685,5.0,5.0,4.47214,4.47214,4.12311,3.16228,3.16228,3.0,3.0,3.16228,3.16228,3.16228,3.60555,3.60555,3.60555,5.0,4.47214,4.47214,4.47214,5.83095,5.83095,5.83095,5.83095,5.83095,5.83095,5.83095,7.2111,6.40312,7.2111,6.40312,7.81025,7.07107,7.07107,7.07107,7.07107,6.40312,7.2111,6.7082,78.92401,79.69944,69.64194,73.37575,72.11103,66.21933,65.45991,57.87055,59.48109,51.92302,50.0,44.92215,47.43416,41.10961,36.40055,37.57659,37.12142,29.52965,29.54657,27.65863,25.23886,20.51828,20.61553,18.43909,18.38478,17.46425,16.49242,17.02939,14.0,14.86607,12.64911,19.64688,15.81139,20.61553,18.35756,22.80351,23.34524,29.69848,28.3196,26.1725,29.83287,26.90725,31.62278,30.4795,30.4795,34.05877,35.51056,37.80212,32.80244,32.24903,36.71512,33.61547,34.9285,35.4683,34.78505,34.71311,32.24903,45.60702,51.62364,52.3259,54.42426,54.12024,53.60037,55.31727,58.54912,61.20457,58.30952,63.00794,62.03225,69.0,71.00704,68.18358,70.25667,68.18358,70.71068,67.60178,74.33034,73.5459,74.2159,70.21396,69.37579,69.92138,69.64194,67.72001,65.73431,66.70832,62.96825,63.78871,60.63827,59.66574,58.69412,59.03389,59.84146,59.13544,56.22277,55.0,57.14018,57.21888,55.7315,55.54278,59.48109,55.71355,56.921,60.16644,64.41273,67.60178,66.64833,69.77105,75.80237,77.82673,77.02597,77.82031,80.5295,83.67198
12.04159,12.04159,11.18034,11.04536,10.04988,9.05539,9.05539,8.06226,8.06226,7.07107,7.0,6.08276,6.08276,5.09902,5.09902,4.12311,4.12311,3.16228,3.60555,3.60555,2.82843,2.23607,1.41421,2.23607,2.0,2.0,2.0,2.23607,3.60555,3.60555,3.60555,4.47214,4.47214,5.0,5.0,5.0,5.38516,5.38516,5.38516,5.38516,5.38516,5.38516,5.38516,5.38516,5.09902,6.08276,6.08276,6.0,6.0,6.08276,5.09902,5.38516,83.36066,76.53104,77.10383,72.44308,70.45566,68.46897,63.28507,62.64982,55.03635,53.46027,53.75872,44.55334,46.17359,40.31129,40.31129,37.33631,35.12834,27.89265,30.59412,24.16609,24.16609,25.0,20.80865,16.40122,14.21267,14.86607,16.15549,13.89244,12.04159,12.36932,16.03122,16.49242,15.23155,19.69772,22.2036,21.9545,21.63331,26.40076,24.20744,26.24881,30.0,28.30194,28.84441,30.01666,29.96665,32.64966,31.38471,34.0,31.95309,32.57299,31.32092,35.51056,33.37664,33.24154,33.01515,31.01612,35.51056,45.48626,51.47815,51.86521,51.66237,53.93515,55.9017,54.33231,60.20797,59.00847,63.0,63.12686,67.36468,67.36468,69.26038,65.76473,68.06614,70.61161,72.56721,73.97973,73.08215,72.73239,75.27284,74.0,70.83784,75.6439,72.44998,68.70953,70.77429,68.00735,69.46222,64.84597,61.68468,65.55151,59.48109,63.24555,56.29387,57.48913,57.42822,59.4138,57.21888,57.14018,53.03772,59.21149,61.52235,60.67125,58.85576,62.64184,64.56005,68.96376,69.64194,68.96376,76.55064,82.21922,76.844,80.95678,79.69944,81.49233
12.04159,12.04159,11.40175,10.63015,10.63015,9.21954,8.48528,7.81025,7.81025,7.2111,6.40312,5.83095,5.83095,5.0,4.47214,4.47214,3.60555,3.16228,3.16228,3.0,3.0,2.0,2.0,2.23607,2.82843,2.23607,3.16228,3.16228,4.12311,4.12311,4.12311,4.12311,4.12311,5.38516,5.09902,5.38516,5.09902,5.38516,5.38516,6.32456,6.32456,6.7082,6.7082,6.7082,6.7082,5.83095,6.40312,6.40312,6.40312,5.65685,6.40312,5.83095,85.91275,79.40403,75.60423,73.24616,69.33974,65.36819,63.63175,62.64982,56.30275,53.82379,48.8774,42.19005,48.25971,41.40048,37.20215,35.22783,34.4093,28.3196,26.24881,26.87006,22.2036,23.60085,21.63331,15.81139,17.72005,15.81139,16.12452,13.0384,13.15295,13.92839,12.20656,16.12452,18.35756,21.26029,22.02272,24.69818,21.9545,23.85372,28.17801,27.78489,30.80584,31.90611,29.0,33.61547,33.42155,31.89044,31.40064,32.64966,32.55764,31.82766,33.97058,33.6006,37.01351,30.01666,33.61547,34.0147,34.48188,51.0,53.53504,50.44799,56.56854,53.15073,56.58622,56.40035,60.21628,58.30952,60.82763,63.07139,64.40497,65.79514,67.6757,72.23573,68.41053,69.12308,68.41053,70.88018,73.1642,73.1642,74.52516,71.70077,70.71068,70.5762,68.18358,70.25667,72.99315,66.27217,68.35934,61.52235,61.52235,57.87055,61.18823,61.39218,61.03278,58.24088,56.30275,56.0803,54.12947,53.85165,53.7122,59.16925,62.20129,58.24946,57.38467,62.28965,62.2254,66.70832,68.68042,71.42129,75.66373,78.51751,77.10383,80.61017,80.65978,80.65978
12.52996,11.6619,10.81665,10.81665,10.81665,9.43398,8.94427,8.06226,8.06226,6.7082,5.83095,5.83095,5.38516,5.38516,5.38516,4.12311,4.12311,4.0,3.0,3.0,3.0,2.23607,2.23607,2.82843,2.82843,2.23607,3.16228,3.16228,4.0,4.0,4.0,4.0,5.0,5.09902,5.0,6.0,6.08276,6.08276,6.08276,6.08276,6.08276,7.07107,6.08276,6.32456,7.28011,6.32456,6.32456,6.32456,5.83095,5.83095,6.40312,5.65685,78.71467,78.26238,76.48529,68.88396,66.28725,68.50547,67.74216,60.41523,57.45433,56.0357,48.8774,44.29447,43.909,39.96248,37.21559,37.21559,32.31099,28.63564,29.54657,27.51363,25.0,22.80351,22.02272,20.09975,17.11724,16.49242,16.76305,13.34166,13.60147,13.45362,13.89244,16.12452,18.38478,23.08679,19.41649,21.37756,25.0,26.68333,25.4951,29.61419,27.89265,28.86174,32.98485,32.28002,31.32092,29.73214,32.57299,32.89377,33.10589,31.95309,37.16181,33.12099,33.61547,35.22783,31.89044,36.87818,30.61046,47.16991,50.63596,49.64877,54.70832,53.14132,55.54278,55.9017,54.20332,60.20797,64.07027,62.20129,65.43699,62.80127,67.17887,70.0928,66.46804,70.72482,71.42129,71.06335,72.47068,77.00649,75.0,71.61006,76.02631,71.56116,65.51336,68.50547,67.95587,65.73431,64.07027,58.24946,66.28725,60.46487,57.80138,56.85068,59.03389,55.97321,57.28001,55.9017,53.8145,53.82379,52.83938,58.30952,57.80138,58.66856,64.4748,63.90618,61.98387,66.7308,68.94926,70.88018,79.12016,79.69944,75.89466,81.0432,79.37884,84.11896
12.04159,11.04536,11.04536,10.04988,10.04988,9.05539,9.05539,8.06226,8.06226,7.07107,6.08276,6.08276,5.09902,5.09902,4.12311,4.12311,3.16228,3.16228,2.82843,2.82843,2.82843,2.23607,2.23607,2.23607,2.0,2.0,2.23607,2.23607,3.60555,3.60555,3.60555,3.60555,3.60555,5.0,4.24264,5.0,5.0,5.83095,5.0,5.38516,5.83095,5.38516,5.83095,5.38516,5.38516,5.38516,5.38516,6.08276,6.08276,6.0,5.0,5.09902,77.52419,78.40918,77.52419,70.25667,69.18092,68.26419,60.13319,60.07495,59.03389,56.00893,48.04165,45.09989,42.57934,40.60788,39.20459,34.1321,32.98485,29.83287,28.63564,28.79236,21.54066,22.13594,16.76305,20.24846,17.80449,14.21267,14.76482,13.89244,13.60147,14.0,13.0,14.14214,16.03122,15.81139,23.08679,19.69772,21.54066,27.29469,26.40076,23.70654,28.17801,27.78489,27.73085,31.38471,31.95309,32.57299,36.05551,33.83785,33.24154,33.73426,35.69314,35.17101,32.06244,33.13608,31.14482,34.23449,31.40064,46.64762,51.07837,50.28916,54.81788,54.74486,58.42089,55.03635,63.00794,62.03225,61.0082,61.40033,63.28507,67.36468,70.03571,71.38627,66.94027,73.00685,69.12308,74.04053,72.53275,71.16881,73.05477,74.09453,73.53911,70.5762,73.00685,71.58911,71.69379,68.15424,70.26379,61.84658,65.0,63.15853,62.29767,55.36244,57.56735,55.7853,58.0517,56.4358,55.22681,58.21512,52.03845,61.0,59.3043,56.4358,64.19502,60.63827,66.21933,65.25335,70.0928,71.16881,74.67262,78.84795,77.49194,84.40379,85.14693,81.02469
12.08305,11.18034,11.18034,9.84886,9.84886,8.544,8.94427,7.61577,7.61577,6.7082,6.7082,5.83095,5.83095,4.47214,5.0,4.47214,3.60555,2.82843,2.82843,2.82843,2.23607,2.23607,2.0,2.0,2.0,2.23607,2.82843,2.82843,2.82843,3.60555,3.60555,4.24264,4.24264,5.0,5.0,5.0,5.0,5.0,5.65685,5.65685,5.65685,5.65685,6.40312,5.65685,5.65685,5.83095,5.83095,5.38516,6.32456,5.38516,5.09902,5.0,79.88116,77.93587,81.5414,78.23043,72.00694,69.35416,59.68249,65.30697,55.07268,55.9464,48.76474,44.72136,41.62932,43.909,37.21559,34.98571,34.98571,34.66987,32.20248,26.24881,22.62742,21.26029,23.32381,21.93171,14.76482,15.52417,11.40175,14.03567,13.0384,13.41641,13.89244,17.02939,12.20656,18.38478,19.10497,20.61553,22.67157,22.80351,24.20744,30.41381,27.58623,27.20294,30.41381,31.82766,29.73214,28.3196,37.64306,32.52691,34.66987,34.4093,32.64966,32.69557,30.01666,33.61547,31.95309,31.04835,35.69314,44.77723,50.60632,50.44799,55.9017,53.75872,53.41348,54.91812,59.68249,57.98276,60.82763,62.6099,68.15424,64.40497,69.857,71.16881,68.00735,73.37575,72.03471,73.24616,70.40597,73.97973,71.84706,70.45566,70.85901,71.17584,70.45566,67.26812,68.02941,68.35934,71.44928,63.50591,63.3877,61.40033,59.5399,60.53098,58.24946,56.75385,55.97321,56.61272,52.55473,56.79789,53.22593,59.03389,60.20797,57.42822,62.42596,59.66574,67.35726,67.26812,70.43437,70.03571,74.24958,77.78175,70.17834,78.49204,84.21995,82.32861
13.45362,13.45362,12.04159,12.04159,12.04159,10.63015,10.63015,9.89949,9.21954,8.48528,7.81025,7.07107,7.07107,6.40312,6.40312,5.0,4.47214,4.47214,4.47214,4.47214,4.12311,3.16228,3.16228,3.0,3.0,2.23607,2.82843,3.60555,4.24264,3.60555,3.60555,4.47214,4.47214,5.0,5.38516,4.47214,5.38516,5.0,5.0,5.0,5.0,5.83095,5.83095,6.40312,6.40312,6.40312,6.40312,6.40312,6.40312,5.83095,5.83095,5.38516,83.45058,73.66139,72.86288,77.15569,72.34639,67.20119,65.94695,64.81512,57.48913,54.03702,54.67175,51.22499,44.82187,45.45327,34.71311,37.01351,38.20995,34.05877,29.73214,28.01785,25.80698,21.63331,21.93171,21.18962,18.43909,14.31782,17.26268,17.08801,11.18034,13.0384,11.18034,16.64332,16.64332,18.35756,21.0238,19.41649,21.58703,22.84732,25.05993,30.36445,28.17801,28.63564,29.52965,27.85678,30.88689,30.52868,28.6007,33.61547,30.52868,32.80244,35.0,34.82815,37.53665,37.53665,32.64966,31.62278,30.88689,48.01042,51.73973,53.8145,54.48853,54.20332,53.25411,57.45433,57.45433,59.94164,58.60034,63.69458,65.0,65.19202,64.84597,69.57011,68.68042,73.08215,74.2159,67.72001,70.40597,74.72617,75.50497,73.34848,69.58448,68.26419,68.46897,68.35934,67.18631,66.37017,65.62012,64.38167,61.40033,59.66574,59.66574,61.84658,55.7853,56.30275,53.14132,51.42956,56.35601,56.4358,57.45433,54.03702,57.00877,56.0803,63.70243,60.87693,62.28965,68.41053,71.40028,74.51845,76.6942,78.1025,76.6094,80.91971,83.09633,87.20665
12.72792,12.72792,11.31371,11.31371,9.89949,9.89949,9.21954,8.48528,7.81025,7.81025,7.07107,6.40312,6.40312,5.83095,5.0,5.38516,4.47214,4.12311,3.16228,3.16228,3.0,3.0,3.16228,3.16228,3.16228,3.60555,4.24264,2.82843,3.60555,4.47214,4.47214,4.47214,4.47214,5.38516,5.83095,5.83095,5.83095,5.83095,5.83095,5.83095,6.40312,6.40312,6.40312,6.40312,6.40312,7.07107,7.07107,7.07107,6.40312,6.40312,6.7082,6.32456,80.60397,76.2168,78.60025,73.60027,71.40028,64.2028,65.21503,61.85467,58.60034,55.0,49.40648,43.60046,43.60046,40.60788,36.76955,35.38361,36.76955,33.97058,30.41381,22.62742,25.23886,22.36068,20.59126,17.02939,16.55295,12.04159,15.0333,16.03122,10.0,17.49286,15.6205,19.10497,15.55635,19.10497,24.18677,18.35756,25.55386,25.05993,23.32381,27.78489,29.96665,31.76476,33.10589,32.24903,29.52965,31.62278,33.01515,34.98571,34.66987,33.94113,30.0,36.12478,35.35534,33.97058,36.05551,37.21559,34.88553,45.80393,50.91169,53.07542,52.63079,54.91812,53.33854,55.00909,58.18075,60.16644,64.62198,62.62587,66.12866,65.45991,66.48308,71.06335,68.73136,68.06614,69.2315,67.08204,73.24616,72.33948,76.05919,71.25307,72.1734,69.06519,67.1193,71.02816,69.06519,65.03076,69.06519,67.06713,63.03174,59.03389,61.20457,57.31492,60.40695,57.00877,52.20153,55.36244,52.39275,58.60034,56.4358,57.42822,59.07622,57.98276,61.22091,58.89822,64.38167,69.29646,67.88225,70.03571,78.74643,74.24958,72.13876,78.56844,80.61017,83.45058
13.34166,13.34166,12.16553,11.40175,10.19804,10.19804,10.19804,9.21954,9.21954,8.06226,8.06226,7.07107,7.0,6.0,6.0,6.0,5.09902,5.09902,4.12311,4.12311,3.16228,3.60555,3.60555,2.82843,3.60555,3.60555,3.16228,3.16228,4.0,4.12311,5.0,5.0,5.0,5.0,5.0,5.0,6.0,6.0,6.0,7.0,6.0,6.08276,7.07107,6.08276,6.08276,6.32456,7.28011,7.28011,6.7082,6.7082,6.7082,6.40312,81.0432,76.55064,74.33034,75.27284,69.28925,70.38466,66.48308,64.40497,55.00909,52.0,48.8467,47.75982,42.05948,43.65776,39.81206,37.64306,34.9285,33.37664,32.75668,27.16616,24.18677,23.02173,23.19483,21.0238,18.11077,16.76305,13.41641,15.0,11.40175,15.6205,15.23155,18.38478,18.38478,20.02498,21.0238,21.37756,25.01999,23.02173,28.01785,29.0,25.01999,29.01724,29.06888,30.0,32.06244,33.13608,34.05877,38.0526,36.22154,32.38827,36.13862,36.40055,33.52611,34.0147,30.41381,34.1321,34.4093,44.01136,49.16299,47.67599,53.93515,54.34151,52.55473,56.46238,57.27128,57.3062,60.37384,58.83026,64.40497,66.28725,67.80118,69.42622,68.68042,70.29225,71.50524,72.13876,71.42129,70.0928,73.5527,71.50524,70.83784,67.62396,69.6563,68.76772,69.40461,68.11755,67.47592,64.44377,63.12686,59.5483,56.58622,54.45181,58.72819,56.63921,52.80152,54.08327,55.9464,56.60389,56.35601,57.27128,57.93962,60.72891,55.02727,61.40033,65.51336,63.78871,72.99315,68.06614,75.53807,73.1642,73.82412,79.42921,80.75271,83.74366
13.92839,13.0,13.0,12.08305,12.08305,10.77033,10.44031,9.48683,8.94427,8.94427,7.61577,6.7082,6.7082,6.7082,5.83095,5.0,5.0,5.0,5.0,4.24264,4.24264,3.60555,3.16228,3.16228,3.16228,3.0,3.16228,3.16228,3.16228,3.60555,4.47214,4.47214,4.47214,5.0,5.0,5.0,5.0,5.83095,5.83095,5.83095,5.83095,5.83095,6.7082,5.83095,6.7082,6.32456,6.32456,6.32456,7.07107,7.07107,6.08276,6.0,84.81156,82.20097,80.80223,79.6304,70.45566,70.45566,65.19202,60.21628,58.5235,56.82429,54.81788,48.01042,45.60702,39.96248,38.01316,40.22437,35.0,30.41381,31.14482,26.1725,26.90725,22.80351,20.61553,18.38478,18.02776,16.76305,17.46425,12.04159,14.14214,13.41641,13.41641,15.55635,15.6205,20.51828,20.80865,21.9545,24.41311,20.59126,26.92582,28.01785,27.20294,29.41088,26.92582,29.06888,30.4795,33.42155,33.42155,34.71311,33.94113,34.71311,30.0,34.71311,34.05877,31.76476,34.48188,34.53983,33.83785,48.25971,50.44799,50.20956,53.75872,53.41348,60.20797,55.9464,54.3783,61.77378,60.53924,67.41662,63.90618,65.19202,66.7308,67.44627,65.25335,71.30919,72.83543,71.84706,74.1485,73.43705,70.25667,71.34424,71.34424,69.06519,73.17103,70.11419,67.06713,65.12296,68.11755,61.07373,67.36468,64.19502,57.42822,56.88585,59.22837,57.00877,54.78138,54.70832,51.07837,55.03635,55.9017,57.98276,57.80138,63.51378,63.89053,64.03124,60.82763,70.03571,69.31089,72.83543,72.91776,77.7946,78.56844,77.07788,80.62258,82.03658
12.20656,11.6619,10.81665,10.81665,9.43398,9.43398,8.06226,7.2111,7.2111,7.2111,6.40312,6.40312,5.65685,5.65685,4.24264,4.24264,3.60555,3.60555,3.16228,3.16228,3.0,3.0,2.0,2.23607,2.23607,2.23607,2.23607,2.82843,3.60555,3.16228,3.60555,4.47214,4.47214,4.47214,4.47214,5.38516,5.38516,5.83095,5.83095,5.83095,5.83095,5.83095,5.83095,5.83095,5.83095,5.83095,6.40312,5.65685,5.65685,5.83095,5.83095,5.38516,82.73452,72.18033,78.24321,72.20111,70.83784,68.88396,60.0,60.80296,58.25805,55.22681,51.40039,44.68781,42.80187,41.10961,36.79674,36.06938,30.4795,30.41381,29.69848,24.69818,22.82542,21.93171,23.76973,17.49286,15.23155,16.27882,13.0,14.56022,14.31782,14.86607,10.63015,15.0,18.43909,21.9545,19.41649,21.40093,20.24846,24.04163,23.02173,26.40076,27.78489,34.17601,28.23119,26.0,33.54102,34.48188,34.98571,31.30495,31.76476,33.01515,32.20248,36.23534,34.71311,33.97058,34.05877,31.82766,32.75668,51.0392,52.34501,50.93133,53.2635,53.82379,54.91812,56.35601,63.56099,59.5063,56.0803,65.19202,66.85058,67.41662,67.35726,66.48308,70.60453,71.80529,68.88396,72.56721,73.43705,78.31347,71.44928,75.05998,72.33948,72.33948,68.11755,67.26812,70.06426,67.1193,66.48308,63.3877,67.26812,60.53098,61.66036,59.03389,57.00877,57.48913,57.58472,56.85948,55.9017,55.9017,54.12024,58.5235,60.80296,58.5235,57.31492,58.0,67.26812,65.19202,67.35726,70.0928,74.8131,76.05919,74.27651,78.87332,87.86353,82.73452
13.41641,12.52996,12.08305,11.18034,11.18034,10.29563,9.84886,8.94427,8.94427,7.61577,7.61577,7.28011,6.32456,5.09902,5.09902,5.09902,5.0,5.0,4.12311,4.0,4.12311,3.16228,4.12311,3.60555,2.82843,2.82843,3.60555,4.12311,4.12311,4.12311,4.12311,5.09902,5.09902,5.09902,5.09902,6.08276,6.08276,6.08276,6.08276,6.08276,6.32456,6.32456,7.28011,6.32456,6.7082,6.7082,6.7082,6.7082,7.2111,7.2111,6.40312,7.07107,82.63776,77.47258,80.23092,76.96753,69.46222,67.53518,64.88451,60.37384,59.05929,58.59181,53.7122,47.41308,43.46263,43.08132,40.8534,36.68787,36.40055,31.257,37.33631,30.06659,27.01851,24.18677,18.0,20.02498,19.23538,18.38478,18.38478,14.42221,15.0,15.81139,16.15549,14.86607,15.81139,17.46425,21.0,23.08679,22.02272,26.07681,24.02082,26.0,30.14963,31.14482,31.40064,33.06055,34.05877,33.13608,35.12834,37.12142,35.51056,35.22783,32.75668,34.20526,36.68787,35.35534,35.8469,34.43835,30.52868,46.27094,49.24429,53.16014,53.48832,50.9902,54.70832,57.3062,56.61272,59.07622,57.80138,63.03174,67.89698,67.88225,65.79514,67.17887,66.6033,71.58911,72.62231,72.00694,71.34424,69.06519,72.8011,72.40166,73.24616,72.20111,72.40166,69.06519,68.7968,64.89992,69.06519,61.29437,63.24555,56.30275,59.07622,57.80138,59.5483,54.48853,54.56189,53.2635,53.00943,55.44367,53.53504,59.68249,56.0803,59.09315,62.24147,62.76942,62.93648,65.52099,65.73431,72.03471,74.73286,78.33901,75.70997,80.77747,84.20214,83.67795
12.04159,11.31371,11.31371,10.63015,9.89949,8.48528,8.48528,7.81025,7.07107,7.07107,6.40312,5.65685,5.0,5.0,4.47214,4.47214,3.16228,3.16228,3.16228,3.0,3.0,3.0,2.23607,2.23607,2.82843,2.23607,3.16228,3.16228,3.16228,4.12311,4.12311,4.12311,5.09902,5.09902,5.09902,5.09902,6.08276,5.38516,5.38516,6.32456,6.32456,6.32456,6.32456,6.32456,6.32456,6.32456,5.83095,5.83095,6.40312,5.65685,5.65685,5.65685,83.45058,77.10383,76.48529,77.33693,70.76722,70.43437,59.46427,63.41136,57.98276,56.72742,49.67897,48.10405,45.45327,38.20995,43.18565,36.79674,33.97058,35.51056,27.20294,23.70654,25.05993,24.20744,18.38478,18.35756,18.11077,13.0384,15.0333,17.72005,13.92839,15.81139,18.02776,16.40122,14.76482,17.88854,17.46425,21.47091,22.47221,25.07987,23.25941,28.6531,30.01666,29.54657,29.06888,32.69557,31.7805,32.44996,33.10589,34.98571,33.28663,36.23534,33.97058,35.0,36.79674,30.41381,31.1127,37.20215,33.01515,48.75449,48.25971,51.22499,55.31727,53.03772,53.90733,56.61272,59.90826,62.68174,59.90826,57.80138,64.40497,67.08204,69.35416,71.17584,68.70953,75.61085,69.57011,74.63243,73.75636,70.0928,73.5459,70.60453,70.0928,72.03471,73.08215,67.08204,72.36712,64.62971,69.05071,64.28841,67.91171,60.20797,61.13101,59.48109,55.65968,55.02727,55.9464,56.82429,58.18075,57.98276,54.6443,55.0,55.86591,62.24147,51.66237,58.69412,61.84658,71.8401,67.47592,70.0,76.00658,79.64923,74.4043,79.88116,83.40863,83.09633
11.7047,11.7047,10.77033,11.18034,9.84886,8.94427,8.544,7.61577,7.28011,6.32456,6.32456,6.32456,5.09902,5.09902,5.09902,4.0,4.0,3.0,3.0,3.16228,3.16228,2.23607,2.23607,2.82843,2.82843,2.23607,3.0,3.0,4.0,4.0,4.0,5.0,5.0,5.0,5.09902,6.08276,6.0,6.0,6.0,6.0,6.0,6.0,6.0,7.07107,6.08276,7.07107,6.08276,6.32456,6.32456,6.32456,6.7082,5.83095,75.591,76.32169,78.77182,72.94518,67.95587,65.0,63.51378,61.29437,55.80323,55.75841,48.01042,50.24938,43.82921,40.22437,40.80441,37.73592,37.16181,30.88689,28.63564,28.4605,21.37756,19.92486,21.37756,20.0,18.11077,17.08801,12.08305,12.80625,17.0,14.42221,14.42221,12.72792,17.46425,18.24829,23.4094,23.5372,26.4764,25.96151,26.68333,26.24881,32.55764,31.40064,31.32092,33.24154,33.52611,35.44009,32.31099,31.32092,34.9285,33.61547,33.83785,34.88553,34.98571,31.62278,34.82815,36.76955,33.97058,47.26521,50.01,50.59644,54.78138,54.56189,55.9017,53.33854,57.68882,60.0,61.40033,62.36986,59.46427,63.70243,67.17887,65.11528,67.26812,71.06335,73.10951,70.45566,74.20243,72.11103,72.42237,69.83552,71.69379,72.06941,72.47068,69.83552,67.60178,68.0,65.51336,63.28507,64.00781,63.28507,61.03278,57.98276,58.00862,57.62812,54.56189,55.22681,58.13777,54.48853,54.6443,57.45433,59.68249,57.80138,59.61543,60.92618,59.61543,64.84597,70.00714,72.44998,74.67262,73.00685,76.15773,77.25283,75.27284,86.00581
13.60147,13.60147,11.40175,11.40175,10.81665,11.40175,10.0,9.21954,9.21954,7.81025,7.2111,7.2111,5.83095,5.83095,5.83095,5.0,4.47214,4.47214,3.16228,3.16228,3.16228,2.0,2.0,2.0,2.23607,2.23607,2.23607,2.23607,3.0,3.16228,3.0,4.12311,4.0,4.0,4.12311,5.09902,5.09902,5.09902,5.09902,5.09902,5.38516,6.32456,5.38516,5.83095,5.83095,5.83095,5.83095,6.40312,5.0,5.65685,5.65685,5.0,84.31489,78.77182,78.23043,72.00694,73.23933,66.61081,62.00806,62.482,55.80323,55.31727,51.85557,47.70744,40.0,40.81666,35.22783,36.89173,36.89173,31.76476,31.30495,23.08679,25.63201,22.47221,21.2132,17.46425,15.0333,17.11724,12.04159,11.6619,12.36932,14.21267,14.42221,15.23155,17.49286,19.41649,19.23538,20.24846,18.24829,22.2036,24.5153,25.31798,27.29469,28.44293,29.73214,30.67572,32.98485,36.13862,34.48188,33.24154,30.8707,35.77709,34.0,31.90611,36.89173,31.62278,32.01562,34.82815,31.40064,48.50773,48.70318,50.08992,57.45433,56.0357,55.0,57.31492,60.87693,61.52235,61.52235,62.96825,67.35726,66.52819,68.41053,70.17834,67.41662,73.24616,69.33974,73.57309,69.83552,72.89719,77.82031,69.83552,72.00694,68.44706,74.73286,72.49828,69.857,67.1193,68.70953,59.9333,61.7171,59.48109,60.82763,61.77378,58.30952,53.33854,56.0803,53.00943,58.0517,60.959,58.0517,58.89822,54.6443,58.30952,58.60034,62.76942,64.84597,67.08204,64.88451,68.02941,74.24958,80.23092,74.46476,80.05623,81.85964,83.19255
12.80625,12.80625,11.40175,10.63015,10.0,10.0,10.0,8.60233,8.60233,7.2111,7.2111,7.2111,5.83095,5.83095,5.38516,5.38516,4.12311,4.12311,4.12311,4.0,3.0,3.0,3.16228,3.16228,3.16228,3.60555,3.60555,3.60555,3.60555,4.47214,4.47214,4.47214,5.38516,5.38516,5.83095,5.0,5.83095,5.83095,6.7082,6.7082,6.40312,6.40312,6.7082,6.40312,6.40312,7.07107,7.07107,7.07107,6.40312,6.40312,6.7082,6.32456,79.20859,74.33034,75.00667,71.44928,75.0733,63.03174,63.89053,61.07373,57.48913,56.0803,50.60632,44.68781,43.27817,41.72529,38.8973,37.01351,34.65545,31.241,26.24881,29.0,25.23886,24.69818,21.54066,17.72005,21.18962,19.41649,16.27882,14.14214,13.34166,14.76482,13.0,14.21267,15.6205,17.80449,19.41649,22.2036,25.55386,25.94224,25.94224,27.45906,34.88553,34.43835,31.38471,33.12099,31.90611,32.01562,32.80244,35.4683,35.60899,31.241,38.20995,34.71311,31.241,34.82815,33.42155,35.8469,31.7805,45.69464,50.11986,48.25971,52.49762,54.45181,55.17246,57.48913,58.13777,55.44367,56.93856,64.66065,64.66065,64.49806,65.76473,66.64083,66.85058,66.30988,69.857,73.38937,67.91171,68.30813,73.00685,69.37579,76.65507,73.24616,69.57011,68.68042,64.7611,68.44706,64.7611,62.0967,61.13101,63.32456,61.61169,62.36185,57.93962,56.0803,54.12024,55.47071,53.85165,56.30275,57.80138,53.41348,54.45181,54.56189,62.28965,61.6198,59.66574,70.17834,67.1193,70.60453,69.06519,72.42237,77.00649,78.87332,78.87332,82.20097
12.08305,12.08305,10.77033,10.29563,9.84886,9.84886,9.84886,8.06226,7.61577,7.61577,6.7082,6.32456,5.38516,5.38516,4.12311,5.09902,4.12311,4.12311,3.0,2.0,2.0,2.23607,2.23607,2.82843,1.41421,1.41421,2.0,2.0,3.16228,3.0,3.0,4.0,4.12311,4.12311,4.0,5.0,5.0,5.0,5.0,5.0,5.0,5.0,5.0,6.08276,5.09902,5.09902,5.38516,5.09902,5.38516,5.38516,5.0,5.0,84.20214,74.46476,80.77747,74.09453,71.16881,69.28925,65.78754,66.12866,59.46427,49.33559,49.76947,44.27189,45.12206,42.72002,37.85499,36.87818,33.52611,25.70992,26.1725,28.01785,26.0,25.0,20.02498,19.0263,22.2036,21.0238,14.76482,12.20656,12.52996,11.6619,16.64332,15.52417,13.60147,20.02498,20.02498,18.11077,19.0263,23.02173,23.19483,29.06888,26.0,28.28427,31.06445,31.257,32.01562,30.0,33.01515,34.05877,34.1321,35.35534,32.55764,34.36568,33.52611,31.01612,35.4683,29.68164,32.80244,45.54119,49.0,48.04165,55.7315,53.60037,58.94065,58.5235,59.13544,59.61543,57.38467,63.56099,66.37017,68.47627,65.0,69.89278,67.42403,73.81734,71.58911,76.57676,69.42622,72.24957,72.83543,70.71068,70.71068,73.59348,70.03571,70.00714,70.72482,67.26812,70.29225,65.06919,65.06919,63.65532,60.10824,61.6198,59.66574,55.60576,55.0,54.70832,64.03124,52.0,55.36244,57.93962,56.32051,60.16644,56.08921,62.96825,64.77654,69.87131,68.73136,66.37017,76.23647,76.41989,73.68175,80.89499,82.73452,82.8734
13.0384,12.20656,12.20656,11.40175,10.81665,10.0,9.21954,8.60233,8.60233,7.2111,7.2111,6.7082,5.83095,5.83095,4.47214,5.38516,4.47214,4.12311,3.16228,3.16228,3.0,2.0,2.0,2.23607,2.23607,1.41421,2.23607,2.23607,3.0,3.0,3.0,4.0,4.0,4.0,4.0,5.0,5.0,5.0,5.0,5.0,6.08276,5.09902,6.08276,5.09902,5.09902,5.38516,5.38516,5.38516,5.38516,5.83095,5.0,5.65685,81.9878,80.9506,79.60528,74.79305,67.23095,70.23532,66.64833,66.7308,55.56978,54.20332,51.10773,48.60041,41.18252,38.58756,37.16181,34.48188,38.47077,30.46309,27.85678,26.68333,27.65863,25.4951,20.09975,21.0,23.0,15.0333,13.0,12.52996,15.55635,12.80625,16.55295,17.49286,14.86607,13.34166,20.09975,22.56103,22.02272,25.07987,27.65863,29.15476,26.1725,31.57531,30.14963,29.0,30.14963,29.27456,34.05877,31.57531,34.9285,36.87818,36.76955,36.24914,35.8469,32.89377,34.98571,34.1321,33.24154,44.38468,53.48832,52.3259,55.47071,55.07268,59.68249,59.03389,63.89053,63.78087,63.03174,63.63961,66.52819,65.94695,67.35726,72.00694,69.63476,74.8131,71.86793,78.03204,75.47185,74.70609,74.70609,71.58911,76.53757,72.47068,76.02631,71.55418,72.00694,68.47627,64.88451,67.60178,66.24198,61.40033,63.63175,59.5399,59.90826,58.24946,61.22091,59.5483,56.63921,58.0,59.64059,57.14018,56.93856,62.26556,63.56099,61.32699,68.54196,69.28925,71.16881,75.58439,71.16881,79.84986,75.96052,80.00625,83.21658,85.61542
12.04159,12.04159,11.0,10.0,10.0,9.0,8.06226,8.06226,8.06226,7.0,6.08276,6.08276,6.08276,5.09902,5.09902,4.47214,3.60555,3.60555,3.60555,2.82843,2.82843,2.82843,2.23607,2.23607,3.16228,3.0,4.12311,3.16228,3.16228,4.47214,4.12311,4.47214,4.47214,4.47214,5.38516,5.83095,5.38516,5.38516,6.32456,6.32456,6.32456,6.32456,6.32456,6.32456,6.32456,6.32456,6.08276,6.08276,6.08276,6.0,6.0,6.08276,82.0,79.15807,80.00625,75.10659,75.05998,67.47592,64.07027,65.19202,58.21512,55.03635,54.14795,47.16991,44.04543,40.0125,41.0,36.05551,34.0,32.24903,29.83287,25.70992,27.45906,25.07987,21.18962,17.88854,18.38478,15.6205,15.6205,18.35756,18.35756,15.52417,17.26268,16.76305,15.81139,18.97367,21.84033,22.84732,26.41969,29.52965,22.47221,26.41969,34.88553,34.9285,31.95309,33.54102,35.34119,34.43835,31.38471,36.76955,37.0,35.4683,38.27532,34.48188,37.65634,35.12834,34.1321,33.24154,36.34556,46.04346,51.0392,46.38965,54.12947,53.36666,54.08327,53.14132,62.39391,60.82763,59.5063,59.94164,67.1193,66.57327,71.19691,67.23095,70.80254,71.8401,73.60027,71.21798,77.46612,76.6942,78.56844,66.6033,74.27651,72.12489,73.5527,72.18033,73.75636,69.35416,67.89698,62.93648,63.25346,59.81639,62.80127,60.0,60.74537,55.07268,55.4617,57.77543,62.03225,58.87274,56.51548,60.01666,58.21512,56.4358,61.03278,63.00794,61.03278,69.26038,68.00735,73.43705,74.24284,78.40918,74.43118,81.09871,85.05292,86.57944
13.41641,12.08305,11.18034,10.77033,10.77033,9.84886,9.84886,8.544,8.544,7.61577,7.61577,6.7082,5.83095,5.83095,5.38516,5.0,5.0,4.24264,4.24264,2.82843,2.82843,2.82843,2.23607,2.23607,2.23607,2.0,2.23607,2.23607,2.82843,2.82843,2.82843,3.60555,3.60555,3.60555,4.24264,4.24264,5.0,5.0,4.24264,4.24264,5.0,5.65685,5.0,5.0,5.0,5.83095,5.83095,5.83095,5.38516,5.38516,5.09902,5.09902,80.45496,78.77182,74.94665,71.86793,73.43024,66.18912,69.77105,64.49806,58.18075,51.88449,52.83938,47.70744,49.39636,39.81206,38.47077,37.20215,34.48188,29.20616,29.20616,25.45584,26.90725,22.2036,19.72308,17.88854,16.76305,15.52417,15.29706,16.0,12.16553,13.15295,11.40175,15.0,14.21267,15.81139,18.60108,21.93171,19.84943,22.67157,25.23886,29.68164,28.01785,27.01851,30.0,27.01851,29.68164,33.42155,30.41381,32.20248,31.82766,33.24154,31.82766,35.80503,33.6006,32.64966,34.0147,31.95309,32.57299,46.01087,46.01087,54.81788,55.75841,54.58938,53.7122,53.66563,54.23099,61.98387,65.52099,60.41523,63.95311,64.93843,67.60178,67.60178,72.1734,68.88396,74.10803,69.11584,71.02816,68.18358,76.05919,74.02702,73.43705,76.32169,69.18092,68.35934,65.19202,69.06519,67.26812,65.19202,64.00781,61.13101,60.13319,57.31492,60.40695,59.68249,55.31727,53.36666,55.08176,54.12024,56.79789,55.47071,59.48109,58.30952,60.44005,59.40539,64.2028,65.94695,70.29225,67.62396,73.66139,75.00667,81.05554,82.20097,79.64923,83.60024
14.03567,13.0384,12.04159,12.04159,11.04536,10.04988,10.0,9.0,8.06226,8.06226,8.0,7.0,7.0,7.0,6.0,5.09902,5.09902,4.12311,4.12311,3.16228,3.16228,3.16228,2.82843,2.82843,2.82843,2.23607,2.0,3.0,3.0,3.16228,3.0,3.16228,3.16228,4.12311,4.12311,5.38516,5.09902,5.09902,5.09902,5.09902,6.08276,5.09902,5.09902,6.08276,6.0,6.0,6.0,5.0,6.08276,6.08276,6.08276,5.38516,86.31338,78.77182,76.48529,73.75636,72.27724,67.46851,63.06346,61.98387,59.48109,56.32051,52.81098,46.84015,43.41659,42.2019,40.5216,36.22154,35.69314,36.22154,29.15476,27.16616,28.01785,23.02173,20.39608,20.88061,17.46425,16.12452,16.12452,13.45362,11.40175,12.08305,14.21267,16.15549,15.29706,20.39608,14.03567,19.23538,24.08319,25.17936,26.07681,26.0,30.01666,28.01785,29.15476,32.0,27.0,30.06659,28.01785,34.23449,31.14482,34.23449,33.54102,35.90265,38.60052,30.67572,33.54102,36.89173,30.88689,48.08326,49.0306,53.60037,56.00893,56.0803,54.23099,55.57877,57.97413,59.03389,59.90826,61.40033,63.56886,67.41662,69.07966,67.54258,69.77822,69.35416,70.21396,68.47627,72.71864,70.17834,72.20111,72.40166,71.02816,75.60423,69.81404,68.60029,67.00746,64.81512,66.0303,58.89822,63.00794,60.60528,58.00862,61.29437,55.22681,57.68882,54.626,53.85165,56.921,57.00877,56.32051,57.70615,56.08921,55.7315,57.31492,62.1289,67.02984,67.00746,70.00714,68.00735,75.10659,78.05767,79.05694,80.00625,86.09297,83.02409
13.0384,12.52996,11.18034,11.18034,10.29563,10.29563,9.43398,8.60233,8.06226,7.2111,7.2111,6.40312,5.65685,5.65685,5.65685,5.0,4.47214,4.47214,4.47214,3.16228,3.16228,3.0,3.0,3.16228,3.16228,3.16228,3.60555,3.60555,4.24264,4.24264,4.24264,5.0,5.0,5.83095,6.40312,6.40312,6.40312,5.83095,6.40312,6.40312,6.40312,6.40312,6.40312,7.07107,7.07107,7.07107,7.2111,6.40312,7.2111,7.2111,6.7082,6.32456,83.19856,79.55501,76.68768,76.90254,71.38627,66.28725,64.77654,66.91039,58.46366,55.7315,50.44799,47.51842,46.87217,44.14748,38.32754,36.40055,36.67424,29.96665,30.08322,22.84732,27.20294,22.36068,23.34524,19.20937,17.02939,16.64332,17.72005,13.41641,14.03567,12.64911,16.03122,16.15549,18.38478,17.08801,18.38478,24.18677,24.41311,30.23243,28.42534,30.61046,29.83287,31.40064,28.01785,36.23534,33.6006,34.66987,34.48188,36.61967,33.61547,37.12142,38.91015,34.9285,33.83785,35.69314,37.85499,34.52535,32.38827,48.30114,48.8467,48.76474,52.95281,54.45181,51.35173,57.0,59.03389,58.03447,59.3043,64.49806,64.49806,70.85901,71.19691,71.58911,71.8401,73.76313,70.83784,68.96376,69.64194,73.38937,73.73602,77.49194,73.1642,72.91776,72.61543,71.69379,70.21396,66.64083,67.54258,70.26379,60.40695,60.41523,63.69458,58.5235,61.40033,55.08176,53.75872,54.33231,58.21512,59.07622,54.03702,57.42822,60.29925,55.10898,69.857,62.58594,62.64184,71.16881,70.5762,74.0,75.27284,81.34494,76.6942,80.65358,86.33076,86.40023
11.7047,11.7047,10.77033,10.77033,9.48683,9.84886,8.544,8.544,7.61577,6.7082,6.32456,6.32456,5.38516,5.09902,4.12311,4.12311,4.0,3.0,3.0,3.0,2.0,2.23607,2.23607,2.23607,2.23607,2.23607,2.0,2.0,3.16228,3.0,4.12311,4.12311,4.12311,4.12311,4.12311,4.12311,4.12311,5.09902,5.09902,5.09902,5.0,5.09902,5.09902,5.0,5.0,6.08276,5.0,5.0,5.09902,5.09902,5.38516,4.47214,80.62258,82.34683,76.05919,73.3553,72.23573,65.30697,64.88451,65.29931,59.9333,54.58938,55.47071,52.20153,47.42362,43.46263,38.62642,35.4683,32.31099,27.85678,25.0,28.79236,23.02173,23.19483,22.09072,17.88854,19.23538,15.81139,16.40122,14.42221,19.10497,16.64332,15.29706,14.14214,18.0,18.0,19.10497,18.43909,20.22375,30.14963,25.01999,27.01851,28.0,31.06445,27.29469,33.01515,32.01562,36.0,33.01515,30.41381,36.05551,38.0,33.37664,38.07887,31.7805,29.61419,28.84441,39.44617,30.80584,48.27007,49.64877,55.03635,56.82429,56.0803,55.75841,57.00877,61.40033,60.44005,59.5483,65.05382,71.44928,67.26812,72.47068,71.50524,70.29225,74.4043,72.67049,72.42237,74.62573,71.56116,76.00658,71.69379,73.43024,72.56032,72.20111,68.60029,72.44998,65.29931,66.37017,66.57327,65.8635,62.68174,60.0,66.4003,59.81639,58.72819,60.1415,58.0,58.89822,59.5483,57.42822,60.53924,57.45433,58.18075,57.24509,62.24147,67.41662,71.16881,68.68042,73.37575,78.1025,80.52329,79.30952,80.65358,87.28115,84.64632
12.72792,12.04159,12.72792,11.31371,11.31371,9.89949,9.21954,9.21954,8.48528,7.81025,7.81025,7.81025,6.40312,6.40312,5.83095,5.83095,4.47214,4.47214,4.47214,4.12311,4.12311,3.0,3.0,3.0,3.16228,2.23607,2.23607,2.82843,2.82843,3.60555,3.60555,4.24264,4.47214,4.47214,4.47214,4.47214,4.47214,5.0,5.0,5.0,5.0,5.83095,5.0,5.0,6.40312,5.65685,5.65685,6.40312,5.83095,5.83095,5.83095,5.38516,85.60374,76.55064,75.16648,73.60027,78.81624,69.64194,68.7968,60.20797,59.36329,54.91812,52.43091,49.73932,47.80167,41.40048,36.89173,38.60052,37.53665,34.65545,31.241,28.01785,29.41088,24.20744,23.02173,17.88854,17.46425,16.03122,15.52417,15.0333,16.76305,15.81139,18.78829,16.64332,18.86796,15.0,19.84943,23.32381,25.6125,28.30194,25.05993,29.15476,25.80698,26.40076,30.80584,31.40064,31.40064,30.4795,34.82815,33.42155,32.01562,33.94113,32.55764,35.0,35.60899,35.22783,33.61547,30.46309,31.30495,46.61545,47.50789,51.62364,54.67175,55.60576,54.08327,52.47857,59.16925,60.41523,61.46544,62.24147,63.60031,68.30813,71.30919,71.30919,70.40597,72.56721,72.99315,69.58448,68.35934,76.23647,75.16648,72.06247,69.11584,73.06162,73.10951,72.02777,73.02739,67.18631,66.1211,64.19502,63.50591,57.70615,59.5399,63.50591,61.98387,55.31727,54.12024,51.26402,59.23681,59.03389,55.07268,57.68882,63.81222,61.03278,57.31492,63.70243,69.29646,68.593,70.83784,70.72482,77.7946,77.07788,76.41989,82.21922,79.9062,79.19596
13.41641,12.08305,12.52996,11.18034,11.18034,9.84886,9.84886,8.94427,8.94427,8.06226,7.61577,6.7082,6.40312,6.40312,5.0,5.65685,5.0,4.24264,4.24264,3.60555,3.60555,3.16228,3.16228,3.0,3.0,3.0,3.16228,3.16228,3.60555,3.60555,4.47214,4.24264,4.24264,5.0,4.24264,5.0,5.0,5.65685,5.83095,5.0,5.83095,6.40312,5.83095,5.83095,5.83095,5.83095,5.83095,6.7082,6.32456,6.32456,6.08276,6.0,80.45496,76.8505,77.41447,76.47876,72.06941,67.23095,65.30697,63.50591,59.16925,58.18075,50.08992,47.43416,45.27693,44.94441,37.73592,38.83298,33.6006,28.6007,32.80244,26.40076,22.80351,21.63331,22.80351,18.38478,17.02939,15.81139,18.43909,13.34166,16.0,16.49242,13.41641,16.15549,11.6619,17.80449,19.84943,20.0,21.2132,22.02272,26.90725,27.78489,29.20616,25.6125,31.241,33.42155,31.89044,31.82766,31.82766,32.80244,33.30165,34.4093,37.20215,35.4683,38.27532,28.63564,33.10589,30.8707,32.98485,46.8615,50.24938,49.0408,55.21775,50.80354,57.70615,54.626,57.24509,56.64804,57.24509,65.0,61.98387,63.06346,65.30697,70.40597,69.46222,68.88396,64.28063,69.26038,71.00704,69.11584,71.11259,71.0,69.06519,69.00725,69.00725,70.02857,67.00746,66.06815,65.00769,65.00769,63.07139,58.00862,61.13101,59.3043,57.87055,58.24946,57.27128,50.0,55.36244,54.78138,49.1935,59.05929,57.80138,58.5235,55.07268,59.64059,60.80296,64.2028,67.47592,66.52819,75.82216,77.33693,73.0,76.2168,80.43009,83.40863
12.20656,12.20656,10.81665,10.63015,10.0,10.0,8.60233,8.60233,7.2111,7.2111,7.2111,6.40312,5.83095,5.0,4.47214,4.47214,4.47214,3.16228,3.16228,3.16228,3.0,2.0,2.0,2.23607,1.41421,2.23607,2.23607,2.23607,2.0,3.16228,3.0,3.0,4.0,4.0,4.0,5.0,5.0,5.0,5.09902,5.0,5.09902,5.09902,5.09902,5.38516,5.09902,5.38516,5.38516,5.38516,5.38516,5.83095,5.0,5.65685,80.26207,80.5295,73.57309,72.40166,69.64194,61.91123,63.81222,62.68174,58.24946,52.47857,46.04346,48.25971,46.52956,45.22168,38.94868,37.16181,33.54102,29.06888,28.79236,26.0,24.33105,20.39608,20.22375,18.68154,18.24829,17.11724,16.49242,15.52417,10.77033,10.63015,14.76482,15.0,17.88854,15.23155,20.88061,18.24829,23.08679,25.01999,26.30589,28.07134,29.06888,31.06445,33.37664,27.07397,29.42788,32.75668,30.36445,30.80584,32.98485,33.52611,34.17601,34.0147,34.88553,30.88689,30.80584,32.20248,32.55764,46.57252,48.70318,52.80152,50.60632,55.22681,53.82379,53.2635,60.10824,54.67175,62.2254,61.52235,65.8559,67.20863,66.06815,68.8186,72.94518,69.63476,75.71658,69.89278,73.43024,70.66116,70.71068,75.591,72.44998,70.26379,70.71068,68.8767,69.35416,69.35416,68.0,63.95311,63.63175,60.82763,55.9017,60.53924,58.83026,56.22277,57.31492,56.58622,60.1415,55.9017,57.80138,57.48913,55.21775,58.30952,58.13777,59.94164,66.48308,66.85058,69.857,73.92564,73.00685,74.46476,77.49194,81.9329,78.79086,83.9345
12.52996,12.08305,11.18034,10.77033,9.84886,9.84886,8.94427,8.94427,8.06226,7.61577,7.2111,6.7082,5.83095,5.38516,5.0,5.0,4.24264,4.24264,3.60555,2.82843,2.82843,2.82843,2.23607,2.23607,2.0,2.0,2.23607,2.23607,2.23607,2.82843,2.82843,3.60555,3.60555,3.60555,3.60555,4.24264,4.24264,4.24264,5.0,5.0,4.24264,5.0,5.65685,5.0,5.0,5.0,5.0,5.83095,5.38516,5.38516,5.09902,5.09902,81.9878,77.02597,76.92204,70.23532,68.26419,65.29931,67.08204,63.97656,59.03389,57.70615,47.41308,49.76947,43.909,43.82921,39.44617,36.23534,35.51056,25.4951,27.80288,25.4951,24.08319,20.0,20.0,18.86796,18.35756,14.31782,15.52417,16.03122,15.81139,14.86607,13.34166,14.76482,19.84943,15.6205,17.49286,21.93171,21.93171,26.40076,25.45584,25.94224,26.92582,29.83287,27.80288,31.62278,31.62278,30.61046,34.65545,34.65545,34.65545,32.55764,31.241,34.71311,34.66987,31.62278,31.76476,32.31099,31.04835,46.09772,48.01042,52.15362,55.00909,51.26402,56.0803,56.32051,57.00877,59.90826,60.82763,59.68249,63.78871,62.96825,62.03225,72.06247,67.00746,73.0,72.00694,71.00704,73.43705,73.24616,72.1734,76.1643,72.33948,72.69113,70.25667,68.35934,71.34424,66.61081,71.70077,66.75328,64.19502,62.07254,59.13544,65.03076,57.03508,55.08176,56.4358,57.87055,51.1957,57.72348,55.36244,56.85948,58.69412,58.60034,58.30952,61.40033,65.8635,65.60488,69.40461,72.62231,76.2168,74.8131,76.6094,79.39773,78.40918,80.44874
12.64911,12.64911,11.7047,11.7047,10.77033,10.44031,9.48683,9.48683,8.544,8.544,7.61577,7.61577,6.7082,6.7082,5.83095,5.83095,5.0,5.0,4.24264,4.24264,4.24264,3.60555,3.60555,3.16228,3.16228,3.0,3.0,3.16228,4.12311,3.16228,4.12311,4.47214,4.47214,5.38516,4.47214,5.38516,5.38516,5.38516,6.32456,6.32456,6.32456,6.32456,6.32456,6.32456,6.32456,6.08276,6.08276,7.07107,7.0,7.07107,6.08276,6.08276,79.62412,80.00625,76.6942,78.1089,70.83784,69.57011,61.68468,59.80803,55.97321,54.70832,54.40588,49.33559,44.77723,42.72002,42.54409,35.8469,34.9285,29.73214,32.20248,26.92582,26.24881,20.61553,21.40093,16.97056,18.43909,17.20465,15.65248,17.0,16.27882,15.0,16.03122,15.81139,16.15549,16.55295,17.49286,25.0,25.05993,26.90725,27.80288,24.20744,30.4795,30.52868,31.38471,32.44996,35.51056,32.64966,35.22783,31.06445,34.0147,30.46309,35.8469,33.24154,32.28002,33.24154,34.05877,32.0,35.12834,46.66905,47.63402,51.0392,54.08327,53.66563,54.08327,53.14132,55.02727,61.68468,58.69412,60.01666,62.39391,65.62012,66.27217,66.18912,68.06614,73.0,70.00714,70.00714,73.02739,71.02816,74.16873,76.32169,67.46851,71.19691,68.88396,67.89698,70.40597,60.82763,64.77654,62.64982,63.50591,61.40033,58.21512,59.13544,58.07753,57.14018,56.0357,53.15073,56.56854,54.34151,56.04463,56.30275,56.64804,58.18075,62.39391,62.26556,61.77378,68.60029,62.26556,68.09552,72.11103,78.54935,76.15773,80.13114,82.92768,78.39005
12.16553,11.18034,11.18034,10.19804,9.21954,9.21954,8.24621,8.24621,7.28011,7.07107,7.07107,6.08276,5.0,5.09902,4.12311,4.0,3.0,3.16228,3.16228,2.23607,2.23607,2.23607,2.23607,1.41421,2.23607,2.23607,2.0,2.23607,3.16228,3.16228,3.16228,3.16228,4.12311,4.47214,4.12311,4.12311,5.38516,5.38516,5.38516,5.09902,5.09902,5.09902,6.08276,5.09902,5.09902,5.0,5.0,5.0,5.09902,5.09902,5.09902,4.47214,82.0061,78.05767,76.05919,77.23341,70.34913,68.18358,68.46897,60.29925,57.55867,54.33231,50.01,45.54119,47.26521,44.0,42.0119,33.06055,31.257,30.14963,30.26549,25.96151,25.07987,23.5372,19.31321,17.0,19.72308,12.20656,18.02776,13.89244,12.20656,12.64911,14.14214,15.0333,14.31782,19.31321,19.31321,22.2036,22.84732,25.70992,26.40076,28.16026,29.12044,31.01612,31.01612,30.59412,29.12044,33.83785,34.1321,33.24154,36.34556,33.13608,34.05877,33.06055,36.01389,32.14032,31.7805,31.32092,31.95309,48.08326,49.81967,51.24451,54.33231,55.03635,57.07889,59.4138,58.54912,59.43904,61.98387,65.25335,64.7611,66.48308,68.00735,72.8011,72.49828,74.84651,74.24284,73.3553,73.43024,76.66159,75.45197,74.94665,72.40166,69.11584,71.86793,70.45566,72.11103,67.6757,69.33974,63.82006,61.40033,62.68174,64.14047,61.77378,59.94164,58.30952,56.921,59.48109,59.48109,58.24946,58.85576,57.70615,59.4138,58.03447,63.07139,60.00833,65.49046,68.18358,66.37017,68.06614,79.42921,74.8131,77.27872,78.77182,80.30567,82.1523
14.03567,13.0384,12.04159,11.18034,11.18034,10.04988,10.04988,9.05539,9.05539,8.06226,8.06226,7.0,7.0,6.0,6.0,5.09902,4.0,4.12311,4.12311,4.12311,4.12311,3.16228,2.23607,2.82843,2.82843,2.23607,3.0,3.0,3.0,3.16228,3.16228,3.16228,4.12311,4.12311,4.12311,5.09902,5.09902,4.12311,5.09902,4.12311,5.09902,5.38516,5.09902,6.08276,6.08276,6.08276,6.0,6.0,6.08276,6.08276,6.08276,5.38516,80.06248,81.61495,81.21576,76.32169,70.21396,71.25307,61.20457,65.19202,55.9017,52.08647,53.33854,45.54119,44.64303,43.41659,40.4475,35.90265,32.75668,29.73214,29.41088,24.35159,26.41969,20.59126,18.38478,20.61553,19.10497,17.02939,16.64332,14.76482,13.60147,13.0384,15.0333,20.24846,17.72005,17.46425,18.43909,21.9545,22.02272,23.60085,28.84441,25.6125,25.23886,30.0,32.24903,28.3196,30.01666,33.28663,32.64966,32.44996,34.0,36.05551,34.48188,30.8707,35.8469,30.08322,33.37664,30.41381,33.01515,48.08326,48.27007,51.15662,52.03845,51.0098,57.14018,56.4358,59.3043,55.31727,60.87693,61.68468,67.35726,67.06713,64.2573,68.35203,68.54196,72.61543,67.1193,73.34848,68.88396,69.83552,76.02631,72.20111,71.02112,72.94518,72.94518,69.11584,66.88797,65.73431,65.36819,62.76942,65.0,58.18075,57.93962,58.87274,56.30275,54.40588,54.81788,53.36666,54.34151,57.14018,57.21888,60.00833,56.00893,58.07753,57.72348,65.51336,63.06346,63.89053,68.30813,72.03471,73.76313,78.84795,72.73239,82.96987,81.7435,84.20214
12.52996,12.52996,11.18034,11.18034,9.84886,10.29563,9.43398,8.60233,8.06226,7.2111,7.2111,6.40312,6.40312,5.65685,5.65685,4.24264,5.0,3.60555,3.60555,3.16228,3.16228,3.16228,3.0,3.0,3.16228,3.16228,4.47214,3.60555,4.24264,5.0,4.24264,4.24264,5.0,5.65685,5.65685,5.65685,6.40312,5.65685,6.40312,7.07107,6.40312,6.40312,6.40312,7.2111,7.2111,7.2111,6.7082,6.7082,6.7082,6.32456,7.28011,7.07107,82.71034,80.80842,72.78049,77.46612,75.18643,63.56099,59.84146,62.64982,55.54278,52.63079,48.37355,45.89118,49.49747,38.32754,37.94733,32.98485,34.9285,32.20248,29.15476,24.69818,23.85372,22.67157,19.20937,17.02939,17.80449,17.02939,12.20656,13.0384,15.29706,17.02939,17.02939,20.24846,18.02776,18.78829,20.24846,21.93171,23.85372,28.30194,26.07681,33.42155,34.20526,28.6007,34.1321,36.05551,37.21559,28.01785,37.44329,34.0147,34.48188,34.0147,37.57659,38.8973,34.48188,33.73426,35.90265,35.22783,32.24903,45.65085,51.86521,50.28916,53.85165,55.22681,52.08647,51.0392,58.0,61.03278,57.14018,63.03174,66.75328,67.47592,69.46222,73.75636,69.857,69.37579,70.60453,68.96376,75.39231,69.46222,74.84651,71.86793,71.69379,74.46476,73.1642,69.46222,70.00714,67.62396,66.70832,63.69458,59.23681,60.53924,59.13544,60.72891,58.82176,57.70615,53.46027,54.23099,54.14795,59.13544,56.14268,57.31492,58.42089,59.03389,62.16912,60.87693,64.19502,64.84597,70.2282,72.11103,79.30952,78.1089,71.86793,76.32169,78.77182,84.43341
12.72792,12.72792,11.31371,10.63015,10.63015,9.89949,9.21954,8.48528,8.48528,7.07107,7.07107,7.07107,5.65685,5.65685,4.24264,5.0,3.60555,3.60555,3.16228,3.16228,3.16228,2.23607,2.0,2.0,2.0,2.23607,2.82843,2.23607,2.23607,3.16228,3.16228,3.16228,4.12311,4.47214,4.47214,4.47214,4.47214,4.47214,4.47214,4.47214,5.0,5.0,5.0,5.0,5.0,5.65685,5.65685,5.0,5.0,5.83095,5.38516,5.38516,80.65978,77.62087,71.50524,71.21798,73.24616,64.03124,65.21503,59.64059,60.44005,51.22499,46.61545,48.02083,44.82187,45.22168,38.20995,33.30165,33.97058,32.55764,26.90725,25.23886,26.40076,24.18677,21.09502,20.59126,16.27882,17.11724,19.0,14.14214,11.18034,14.42221,11.31371,16.40122,16.97056,17.02939,22.82542,19.41649,22.02272,24.18677,21.40093,26.62705,32.20248,28.17801,27.01851,30.61046,31.62278,31.40064,31.89044,32.55764,30.41381,35.38361,34.65545,34.05877,34.66987,30.52868,32.24903,32.31099,31.62278,46.61545,51.47815,50.24938,55.47071,54.56189,57.38467,53.07542,56.22277,57.2014,60.80296,62.00806,65.21503,65.51336,66.88797,70.21396,70.26379,71.69379,67.23095,71.69379,70.34202,68.94926,74.72617,71.47027,68.30813,73.00685,72.12489,68.41053,65.51336,64.7611,62.8172,61.84658,61.84658,66.21933,56.51548,61.68468,58.82176,55.15433,51.88449,55.47071,57.98276,60.20797,58.00862,53.8145,58.25805,56.56854,58.72819,58.0517,65.43699,65.94695,67.62396,71.61006,75.60423,75.43209,74.20243,82.20097,85.63294,79.64923
12.64911,12.64911,11.40175,11.40175,9.48683,9.48683,9.48683,8.544,7.61577,7.28011,6.7082,6.7082,5.83095,5.83095,5.0,5.0,4.24264,4.24264,3.60555,3.60555,3.16228,3.16228,3.0,3.0,3.0,4.12311,3.60555,3.60555,4.47214,5.0,4.47214,4.24264,5.0,5.0,5.83095,6.40312,6.40312,6.40312,6.40312,5.83095,6.40312,7.2111,5.83095,6.7082,6.7082,6.7082,6.7082,6.32456,6.32456,6.32456,7.07107,7.0,86.14523,82.8734,76.53104,71.84706,72.83543,64.28063,65.62012,58.21512,56.32051,50.15974,52.15362,47.51842,45.89118,43.56604,35.51056,38.47077,35.73514,30.80584,30.67572,24.04163,25.05993,22.36068,21.26029,21.63331,21.2132,18.02776,17.20465,14.56022,15.29706,13.0384,19.0263,17.72005,20.24846,18.97367,24.16609,22.13594,25.23886,27.78489,29.68164,27.20294,30.01666,30.36445,34.0,33.10589,30.8707,34.9285,30.88689,33.24154,36.40055,34.9285,35.44009,37.85499,35.22783,36.34556,35.01428,35.01428,36.22154,47.85394,46.61545,50.96077,55.7853,53.60037,51.24451,55.08176,58.07753,60.07495,61.20457,60.53098,61.52235,67.74216,67.08204,69.2315,70.61161,71.06335,71.56815,72.12489,70.93659,70.93659,75.02666,73.92564,72.01389,70.26379,71.58911,71.17584,67.97794,67.08204,68.54196,65.55151,60.83584,61.03278,56.921,61.98387,58.94065,55.31727,56.56854,53.33854,57.42822,55.0,53.03772,55.08176,60.53098,58.85576,55.44367,61.84658,60.44005,65.45991,68.68042,70.21396,74.33034,75.61085,76.53757,79.71198,82.71034,85.44004
13.0384,10.81665,12.20656,10.81665,11.6619,9.43398,9.43398,8.60233,7.81025,7.2111,7.2111,7.2111,5.83095,5.83095,5.0,4.24264,4.24264,4.24264,3.60555,3.60555,2.23607,2.23607,3.16228,2.0,2.0,2.0,2.23607,2.82843,2.82843,2.82843,2.82843,3.60555,3.60555,3.60555,4.47214,5.0,5.0,5.0,4.24264,5.0,5.65685,6.40312,5.0,5.0,5.0,5.0,5.0,5.0,5.83095,5.38516,5.09902,5.09902,78.23043,82.37718,71.69379,77.38863,71.56116,67.42403,67.42403,57.42822,61.03278,54.91812,54.08327,49.09175,45.27693,44.40721,38.47077,40.49691,34.88553,32.31099,26.24881,28.16026,23.08679,22.56103,17.02939,18.11077,19.10497,19.64688,18.68154,9.84886,15.26434,11.40175,13.60147,13.0384,19.92486,18.97367,18.68154,19.92486,23.34524,25.0,25.31798,29.42788,31.257,29.83287,28.07134,30.80584,24.5153,29.41088,37.21559,40.71855,34.20526,33.61547,35.4683,34.9285,35.77709,32.44996,33.6006,33.42155,32.64966,46.69047,51.5461,56.46238,52.39275,56.30275,56.85948,59.64059,61.07373,58.89822,62.96825,67.17887,67.17887,67.89698,71.58911,65.94695,72.20111,71.84706,72.20111,73.78347,72.20111,69.64194,77.89737,74.24284,72.09022,71.55418,70.23532,73.3553,67.1193,65.29931,64.40497,63.52952,61.7171,62.17717,61.05735,59.36329,55.47071,59.40539,56.85068,50.32892,55.86591,52.00961,60.80296,53.41348,64.66065,57.98276,63.15853,59.5063,64.84597,66.85058,71.69379,77.25283,73.73602,78.79086,78.77182,84.8646,83.7735,82.46211
12.80625,12.80625,11.40175,10.63015,10.63015,10.0,9.21954,8.60233,8.60233,7.2111,7.2111,7.2111,5.83095,5.0,5.0,4.47214,4.47214,3.16228,3.16228,3.16228,3.0,2.0,2.0,2.23607,2.23607,2.82843,2.23607,2.23607,3.16228,3.16228,3.0,4.0,4.0,4.0,5.09902,5.09902,5.09902,5.09902,5.09902,5.09902,5.09902,5.38516,5.38516,5.38516,5.38516,5.38516,5.83095,5.83095,5.0,5.0,5.65685,5.0,80.0,77.62087,81.8352,77.33693,68.00735,69.42622,65.8559,65.06919,54.56189,56.0803,49.0408,48.83646,44.04543,42.43819,33.83785,36.06938,35.80503,29.96665,26.92582,26.57066,26.68333,20.09975,20.61553,20.09975,18.68154,17.02939,11.04536,15.0,17.0,14.86607,16.64332,17.02939,16.64332,17.88854,19.31321,19.64688,22.56103,22.56103,27.85678,24.18677,30.26549,31.04835,29.41088,30.08322,34.20526,32.69557,31.7805,30.08322,34.0,35.77709,35.22783,34.43835,33.61547,31.89044,33.94113,31.89044,33.6006,48.10405,53.66563,49.64877,51.61395,55.44367,58.13777,56.63921,58.72819,61.52235,57.80138,66.21933,67.1193,68.50547,69.11584,70.3278,70.66116,68.44706,73.34848,72.49828,76.55717,74.67262,76.32169,71.86793,73.73602,72.42237,72.8011,70.88018,68.94926,70.21396,70.21396,64.84597,65.78754,63.90618,65.30697,59.9333,61.26989,55.00909,54.3783,59.36329,60.44005,59.03389,56.72742,54.45181,58.89822,61.40033,59.16925,64.14047,65.30697,67.1193,66.18912,73.3553,76.00658,81.49233,80.5295,82.29824,84.38009,85.75547
13.0,12.08305,11.7047,10.77033,10.77033,9.84886,8.94427,8.94427,7.61577,6.7082,7.61577,6.7082,5.38516,5.38516,4.12311,4.12311,4.12311,4.0,3.0,3.0,2.0,2.23607,2.23607,1.0,3.16228,2.23607,2.23607,3.0,3.0,3.0,4.0,4.12311,4.12311,5.0,4.12311,5.0,5.0,5.0,5.0,5.0,5.0,5.0,6.0,5.09902,5.09902,6.08276,5.09902,6.32456,5.38516,5.38516,5.38516,5.0,78.08969,75.9276,77.46612,70.83078,69.42622,61.68468,59.90826,60.16644,56.75385,54.81788,47.29693,42.75512,43.17407,40.79216,36.87818,32.38827,33.54102,31.14482,24.02082,23.0,24.08319,21.18962,17.08801,17.72005,14.31782,16.15549,8.94427,8.544,18.78829,14.86607,15.0333,15.29706,18.24829,16.76305,21.58703,18.24829,24.73863,24.73863,28.23119,26.83282,27.89265,29.27456,28.63564,31.40064,25.4951,32.38827,31.257,33.37664,31.257,34.36568,35.12834,33.01515,34.0,35.12834,30.67572,32.57299,31.7805,46.17359,52.34501,53.93515,54.81788,54.42426,52.0,54.12024,58.18075,59.05929,60.74537,63.82006,65.45991,64.2028,66.8431,65.29931,69.35416,70.29225,73.66139,72.18033,72.91776,68.62215,71.44928,75.28612,70.43437,73.60027,69.81404,66.70832,64.2028,64.66065,65.29931,65.19202,58.25805,62.96825,61.52235,60.82763,58.79626,57.2014,58.30952,54.3783,54.70832,54.12024,55.9464,57.00877,59.77458,54.81788,55.10898,60.63827,62.514,64.62971,69.26038,70.06426,72.11103,77.10383,74.16873,80.50466,75.53807,81.3941
12.20656,12.20656,10.81665,10.81665,10.0,9.43398,8.60233,8.60233,7.2111,7.2111,6.40312,5.83095,5.83095,4.47214,4.47214,4.47214,4.47214,4.12311,3.16228,3.0,3.0,2.0,2.0,2.23607,1.41421,1.41421,2.23607,3.16228,2.23607,3.16228,3.0,4.0,4.0,4.0,4.12311,4.12311,4.12311,5.09902,5.09902,5.09902,4.47214,5.09902,5.09902,5.38516,5.38516,5.38516,5.38516,5.0,5.0,5.0,5.65685,5.0,82.34683,79.15807,79.70571,76.05919,70.66116,67.60178,63.13478,63.63175,58.66856,54.12024,50.24938,48.76474,46.64762,41.18252,39.82462,37.57659,31.01612,31.01612,28.16026,25.70992,23.5372,19.0,15.0333,20.09975,19.0,16.12452,17.0,15.81139,12.80625,17.49286,13.92839,15.81139,19.41649,18.97367,21.37756,16.03122,24.02082,28.01785,26.07681,26.92582,27.89265,28.16026,28.63564,32.38827,31.04835,33.95585,35.17101,32.98485,32.28002,37.36308,31.62278,36.40055,36.24914,34.1321,33.12099,33.24154,33.97058,47.26521,49.64877,53.60037,55.36244,56.0803,58.60034,54.3783,60.53924,61.03278,62.96825,63.60031,65.29931,66.70832,70.17834,70.83784,72.83543,72.91776,68.0147,69.52697,71.02816,72.47068,75.80237,72.67049,75.45197,71.61006,70.49113,71.02816,69.63476,67.95587,68.24222,68.24222,65.0,60.0,60.80296,62.62587,60.82763,56.58622,52.49762,54.67175,59.20304,58.60034,54.20332,54.70832,56.35601,56.79789,61.09828,64.84597,64.03124,69.92138,69.37579,70.60453,75.96052,79.12016,80.52329,82.28001,81.60882,80.95678
12.20656,12.20656,10.81665,11.6619,10.81665,9.43398,8.60233,8.60233,7.81025,7.2111,7.2111,6.40312,6.40312,5.65685,5.65685,5.0,5.0,4.47214,3.60555,3.16228,3.16228,3.16228,3.0,3.0,3.16228,3.16228,3.60555,3.60555,4.24264,5.0,4.24264,5.0,5.0,5.0,5.65685,6.40312,6.40312,5.65685,5.65685,6.40312,6.40312,7.07107,6.40312,7.2111,7.2111,7.2111,7.2111,7.2111,6.7082,6.7082,6.32456,6.32456,85.91275,76.40026,77.00649,77.80103,72.67049,68.00735,64.63745,64.40497,57.14018,53.82379,51.31277,46.87217,46.04346,42.94182,38.01316,38.60052,34.71311,32.52691,29.06888,27.65863,23.60085,22.36068,23.4094,18.78829,17.26268,18.02776,17.46425,18.11077,16.49242,13.0,15.0,17.49286,20.51828,20.51828,21.26029,20.51828,23.02173,25.4951,28.84441,29.20616,29.83287,34.71311,35.60899,33.30165,30.61046,34.20526,32.55764,33.94113,35.35534,35.38361,38.60052,38.60052,36.61967,31.95309,35.77709,33.52611,35.69314,47.01064,47.70744,54.20332,53.03772,53.03772,55.22681,55.21775,57.14018,57.45433,62.26556,61.40033,62.64982,67.97794,64.62198,65.9242,69.28925,69.57011,68.30813,71.30919,75.31268,70.61161,73.75636,70.03571,71.70077,68.35934,72.24957,67.47592,67.60178,65.76473,67.08204,60.40695,58.46366,64.62971,58.24946,61.13101,53.14132,54.70832,55.15433,53.66563,54.12947,55.9017,56.60389,55.47071,62.482,57.00877,61.52235,60.1415,63.63961,64.38167,68.593,71.44928,76.41989,72.18033,76.48529,76.48529,80.65978,84.14868
13.0384,13.0384,12.20656,11.40175,10.81665,10.0,9.43398,8.60233,8.60233,7.2111,7.2111,7.2111,5.83095,5.83095,5.38516,5.38516,4.12311,4.12311,3.16228,3.16228,2.0,2.0,2.23607,2.23607,1.41421,1.41421,2.23607,3.16228,3.0,3.16228,4.0,4.0,4.0,4.0,5.09902,5.09902,5.09902,5.0,5.09902,5.09902,5.09902,5.09902,6.08276,5.38516,5.38516,5.38516,5.38516,5.83095,5.83095,5.83095,5.65685,5.0,81.5414,73.23933,79.61156,72.8011,68.41053,68.60029,62.80127,68.88396,57.48913,56.40035,51.62364,46.09772,45.22168,42.2019,37.01351,34.71311,35.22783,29.06888,31.06445,27.85678,28.16026,22.47221,22.80351,19.10497,19.0263,14.03567,15.13275,16.76305,14.31782,13.89244,17.20465,14.31782,17.69181,18.97367,22.13594,23.76973,22.56103,25.96151,24.16609,28.4605,27.85678,28.16026,30.08322,31.62278,31.32092,31.38471,33.12099,33.54102,32.69557,32.64966,35.80503,35.22783,34.82815,33.97058,30.41381,32.80244,33.01515,47.51842,48.08326,52.20153,55.36244,55.07268,53.85165,56.30275,57.2014,60.20797,61.6198,61.7171,63.12686,68.62215,66.52819,72.34639,68.60029,72.00694,71.56116,71.02816,73.24616,74.33034,69.83552,72.00694,72.00694,74.30343,72.89719,69.77822,67.97794,65.79514,65.76473,62.64982,65.74192,61.58734,62.17717,60.03332,60.20797,59.20304,55.80323,55.9017,54.45181,58.13777,57.2014,59.64059,60.80296,59.90826,62.1289,66.24198,65.74192,73.43024,71.58911,72.01389,78.92401,73.82412,75.61085,81.02469,80.11242,85.0
13.0,13.0,11.7047,10.77033,9.84886,9.84886,9.84886,8.544,8.544,7.28011,7.28011,7.28011,6.08276,6.08276,5.09902,6.08276,5.0,5.0,4.12311,4.12311,3.16228,3.16228,3.60555,3.60555,2.82843,4.24264,3.60555,4.12311,4.12311,4.12311,4.12311,5.09902,5.09902,5.09902,5.38516,6.08276,6.32456,6.08276,6.08276,6.32456,6.32456,6.32456,7.28011,7.28011,6.32456,6.7082,6.7082,6.7082,7.2111,7.2111,7.07107,7.07107,82.36504,76.15773,78.72103,71.86793,73.06162,66.88797,65.45991,62.43397,58.30952,52.69725,46.64762,44.77723,46.64762,46.95743,38.47077,38.62642,35.34119,28.17801,28.17801,25.0,23.08679,23.76973,26.0,19.0263,17.02939,18.97367,17.08801,14.86607,15.6205,17.02939,17.02939,16.12452,15.23155,18.68154,15.52417,23.4094,27.29469,28.16026,27.45906,29.12044,33.73426,31.38471,28.63564,33.73426,31.57531,32.31099,34.20526,35.8469,36.23534,32.69557,37.57659,35.80503,35.8469,35.0,33.01515,34.65545,34.65545,48.37355,49.72927,50.28916,58.18075,54.12024,56.0803,56.30275,57.2014,61.07373,56.22277,60.87693,64.38167,65.76473,67.35726,67.94115,68.00735,69.6563,70.45566,69.64194,71.02112,66.88797,74.09453,69.83552,70.71068,68.42514,67.60178,71.55418,63.95311,66.21178,65.76473,65.36819,59.16925,59.68249,58.5235,59.64059,58.00862,56.63921,51.73973,54.48853,54.48853,54.67175,55.21775,56.0357,58.82176,60.90156,59.13544,60.74537,65.39113,69.07966,69.35416,68.00735,73.38937,76.32169,74.46476,81.59657,83.38465,87.09191
12.80625,12.20656,11.40175,10.81665,10.0,10.0,8.60233,8.60233,7.81025,7.81025,7.07107,7.07107,5.65685,5.65685,5.0,5.0,4.47214,4.47214,3.16228,3.16228,3.16228,3.0,3.0,3.16228,3.16228,3.16228,3.60555,3.60555,4.24264,4.24264,4.24264,5.0,5.0,5.0,5.65685,6.40312,6.40312,6.40312,6.40312,6.40312,6.40312,6.40312,6.40312,7.07107,7.07107,6.40312,6.40312,6.40312,7.2111,7.2111,6.7082,6.32456,82.76473,73.92564,78.92401,73.38937,68.942,67.1193,65.9242,61.84658,57.58472,57.24509,52.20153,47.53946,46.09772,41.14608,35.77709,40.24922,34.66987,33.28663,28.6007,22.67157,21.93171,23.43075,20.59126,20.80865,16.55295,16.12452,16.03122,19.23538,14.0,19.92486,15.23155,16.27882,18.38478,20.51828,20.51828,26.24881,23.60085,21.93171,27.58623,32.52691,29.06888,33.30165,31.82766,34.82815,36.06938,33.24154,36.79674,32.52691,37.01351,31.38471,34.1321,36.71512,36.35932,31.7805,35.34119,35.4683,34.20526,43.60046,46.06517,50.08992,56.46238,52.63079,52.88667,54.45181,57.31492,60.13319,60.13319,64.19502,64.07027,65.0,71.02816,70.25667,66.18912,72.11103,68.18358,70.71068,70.83078,72.56721,71.80529,69.12308,69.37579,71.06335,69.63476,67.26812,64.84597,64.28841,67.89698,63.15061,63.60031,60.01666,61.0,57.55867,57.55867,56.0,54.33231,53.23533,53.60037,54.74486,54.12024,58.94065,59.80803,60.16644,63.69458,62.6099,63.63175,68.60029,63.63175,71.86793,69.64194,79.92496,75.29276,82.68011,77.41447,78.23043
13.60147,12.80625,12.80625,11.40175,10.63015,10.0,10.0,10.0,8.60233,7.2111,8.06226,7.2111,6.7082,5.83095,5.38516,5.38516,5.09902,4.12311,4.0,4.0,4.0,3.16228,4.12311,3.16228,3.60555,3.60555,3.60555,3.60555,3.60555,5.0,4.47214,4.47214,5.38516,5.38516,5.83095,6.7082,5.83095,6.7082,6.7082,6.7082,6.7082,7.2111,6.7082,7.2111,7.2111,7.2111,7.81025,7.81025,7.07107,7.07107,7.2111,6.7082,84.02381,75.9276,79.20227,76.41989,70.43437,67.89698,62.93648,64.38167,57.38467,56.72742,50.32892,46.2277,44.82187,41.7732,37.20215,39.40812,36.89173,30.41381,25.55386,26.92582,27.85678,22.13594,21.84033,20.61553,20.02498,16.0,16.12452,14.31782,15.6205,15.6205,15.6205,15.81139,18.86796,22.47221,22.84732,23.25941,24.18677,20.61553,27.29469,31.01612,33.61547,30.67572,28.79236,31.01612,33.24154,33.61547,36.24914,33.54102,33.54102,36.89173,36.05551,37.80212,34.4093,33.97058,34.82815,35.0,36.40055,47.53946,48.33218,49.73932,53.25411,53.15073,55.97321,55.86591,60.1415,61.7171,61.84658,62.00806,63.25346,65.0,69.63476,70.71068,70.3278,73.3553,72.00694,69.77822,74.67262,72.44998,74.84651,73.73602,72.44998,71.16881,73.38937,66.48308,68.00735,66.76077,65.80274,62.64184,66.12866,61.13101,59.23681,60.53924,58.60034,53.7122,54.3783,55.80323,55.60576,55.60576,54.45181,58.72819,58.0,58.41233,58.60034,57.98276,64.14047,66.85058,69.46222,72.47068,76.47876,75.29276,72.47068,77.82031,79.92496,82.0975
12.80625,12.80625,12.04159,11.31371,11.31371,10.0,9.21954,9.21954,9.21954,7.81025,7.81025,7.2111,7.2111,5.83095,5.83095,5.38516,4.47214,4.47214,4.12311,4.12311,3.16228,3.16228,3.0,3.0,3.16228,2.23607,2.82843,3.60555,2.82843,3.60555,4.24264,4.47214,4.47214,4.47214,4.47214,4.47214,5.38516,5.0,5.83095,5.0,5.83095,5.83095,5.83095,6.40312,6.40312,6.40312,6.40312,6.40312,6.40312,5.83095,5.83095,5.38516,81.84131,74.51845,77.42093,70.83784,73.24616,65.80274,64.53681,64.38167,53.90733,53.75872,51.66237,46.75468,47.42362,40.0,39.66106,34.66987,33.28663,31.38471,28.63564,25.4951,27.85678,21.93171,21.37756,18.11077,21.09502,20.09975,14.03567,18.02776,18.97367,14.21267,15.81139,16.27882,22.2036,23.25941,21.47091,22.47221,22.56103,27.85678,28.63564,26.24881,28.23119,29.73214,31.01612,31.7805,30.41381,32.69557,35.8469,36.67424,34.48188,34.88553,33.28663,36.05551,36.40055,38.20995,36.06938,34.20526,30.52868,47.16991,49.98,51.97115,54.70832,57.80138,56.63921,54.48853,58.0,58.13777,63.25346,63.60031,65.21503,65.21503,68.96376,65.0,69.97142,68.88396,68.8767,70.26379,73.79024,72.11103,71.69379,74.67262,72.11103,74.67262,69.57011,67.05222,67.6757,64.84597,66.48308,61.68468,62.29767,61.03278,59.61543,59.09315,59.48109,58.13777,58.30952,54.40588,53.8145,58.0517,58.0,58.0,59.03389,59.03389,58.89822,61.40033,65.0,67.95587,70.3278,72.94518,73.92564,75.80237,73.92564,81.3941,81.49233,80.62258
13.0384,12.20656,12.20656,11.40175,11.40175,10.81665,9.43398,8.60233,8.60233,8.06226,7.2111,7.2111,6.7082,6.7082,5.83095,5.38516,5.38516,4.12311,4.12311,4.0,4.0,4.0,3.0,3.16228,3.16228,2.23607,2.82843,2.82843,3.60555,4.47214,3.60555,4.47214,4.47214,4.47214,5.38516,5.38516,5.38516,5.83095,5.83095,5.83095,5.38516,5.83095,5.83095,5.83095,5.83095,5.83095,6.40312,6.40312,6.40312,6.40312,5.83095,5.83095,80.49845,77.87811,79.17702,73.82412,71.34424,67.60178,61.7171,65.36819,59.90826,57.14018,51.86521,47.70744,49.09175,41.67733,38.01316,38.47077,34.43835,34.78505,27.85678,30.08322,25.29822,25.4951,20.0,16.03122,19.41649,15.0,15.52417,17.80449,17.80449,16.40122,14.76482,17.02939,22.47221,25.07987,22.84732,25.29822,25.63201,27.51363,30.67572,28.79236,31.62278,30.59412,27.20294,25.70992,32.31099,33.24154,33.24154,35.44009,34.17601,31.38471,34.0,36.05551,36.05551,36.23534,36.06938,34.05877,33.01515,44.18144,48.01042,49.36598,53.60037,54.81788,55.02727,55.9464,59.09315,57.27128,60.41523,65.19202,63.51378,64.89992,63.24555,67.20119,67.62396,77.33693,70.72482,71.50524,71.44928,72.34639,68.88396,69.52697,73.87828,68.8186,68.24954,67.80118,71.84706,67.47592,68.41053,61.7171,67.62396,60.20797,61.6198,62.28965,56.72742,58.79626,58.13777,54.40588,55.60576,59.68249,58.18075,58.30952,56.46238,54.42426,58.18935,61.40033,68.15424,68.88396,69.12308,71.06335,73.75636,76.90254,74.95332,83.67795,83.67795,83.52245
12.20656,11.6619,10.81665,10.81665,10.0,8.60233,8.06226,7.2111,7.2111,6.7082,5.83095,5.38516,5.38516,5.38516,4.12311,4.12311,3.16228,3.0,3.0,3.0,3.16228,3.16228,2.82843,2.82843,2.82843,3.16228,3.16228,3.16228,4.12311,4.12311,4.12311,5.09902,5.09902,6.08276,6.08276,6.08276,6.08276,6.08276,6.32456,6.32456,6.08276,7.28011,6.32456,6.32456,6.32456,6.7082,6.7082,6.7082,5.83095,6.40312,6.40312,6.40312,77.38863,77.38863,79.17702,72.40166,68.00735,67.00746,62.00806,63.00794,54.08327,51.40039,51.31277,48.54894,46.40043,38.60052,35.80503,35.51056,31.62278,31.76476,25.4951,24.73863,22.47221,22.36068,16.03122,20.39608,16.12452,17.72005,15.29706,18.86796,16.40122,16.64332,19.79899,18.60108,14.76482,24.04163,22.13594,19.64688,24.04163,27.29469,26.92582,26.57066,26.4764,27.51363,34.53983,30.36445,34.53983,31.32092,35.34119,36.67424,33.61547,33.54102,38.27532,34.66987,34.71311,35.4683,33.94113,34.82815,32.01562,44.72136,51.24451,48.46648,54.12947,52.83938,54.6443,51.73973,58.79626,58.79626,59.46427,60.1415,61.52235,64.38167,67.35726,67.00746,65.60488,72.11103,72.94518,69.64194,73.06162,73.43024,74.79305,68.47627,72.89719,69.35416,67.53518,70.26379,67.1193,66.64833,68.44706,60.83584,63.50591,61.29437,60.41523,55.56978,55.75841,56.40035,52.40229,53.07542,54.45181,55.31727,53.90733,59.20304,56.0357,55.56978,62.42596,63.52952,62.16912,71.69379,68.942,68.54196,75.96052,76.15773,76.05919,77.38863,83.7735,81.41253
13.41641,12.52996,12.08305,12.08305,10.77033,9.84886,9.84886,8.94427,8.06226,7.61577,8.06226,6.7082,5.83095,5.83095,5.83095,5.0,4.24264,4.24264,3.60555,2.82843,2.82843,3.16228,2.23607,2.0,2.0,2.0,2.82843,2.82843,2.82843,3.60555,3.60555,3.60555,3.60555,3.60555,5.0,5.0,5.0,5.0,5.0,5.0,5.65685,5.65685,5.65685,5.65685,5.65685,5.65685,5.83095,5.83095,5.83095,5.83095,5.38516,6.08276,82.46211,75.6439,80.62258,73.68175,68.70953,68.62215,66.12866,63.32456,53.14132,52.49762,47.75982,44.94441,47.92703,40.16217,37.57659,37.58989,38.01316,33.12099,28.84441,24.75884,24.08319,21.93171,20.0,21.63331,17.0,17.49286,13.60147,15.52417,19.23538,14.31782,16.49242,15.81139,17.46425,22.47221,20.24846,21.09502,20.80865,25.23886,27.65863,27.58623,25.4951,30.41381,29.69848,33.24154,31.89044,34.20526,36.87818,36.23534,33.6006,35.51056,34.66987,38.01316,36.40055,31.95309,33.83785,32.57299,34.36568,46.40043,50.24938,49.76947,54.42426,50.92151,56.04463,57.07013,55.7315,58.42089,57.31492,63.07139,64.07027,66.0,64.00781,72.33948,65.27634,71.56815,68.46897,72.1734,72.83543,71.02112,72.36712,71.38627,69.37579,69.12308,70.40597,67.68309,67.91171,67.91171,66.94027,60.63827,66.91039,58.85576,60.20797,56.56854,59.00847,51.0098,55.03635,53.60037,52.61179,54.12947,57.72348,58.82176,57.00877,61.46544,56.79789,63.28507,64.49806,65.45991,65.76473,71.86793,72.20111,77.52419,72.40166,76.66159,83.72574,79.62412
11.40175,11.40175,10.44031,10.44031,9.48683,9.48683,8.544,8.24621,7.28011,6.32456,6.08276,6.08276,5.09902,5.0,4.0,4.0,4.0,3.0,3.16228,2.23607,2.23607,2.23607,2.23607,2.23607,2.23607,2.23607,2.0,3.0,3.0,3.0,4.12311,4.0,4.0,5.0,4.0,4.12311,5.09902,5.09902,5.0,5.0,5.0,5.0,6.0,5.0,5.09902,5.09902,5.09902,5.09902,5.38516,5.38516,5.38516,5.0,78.1025,76.92204,70.83784,72.44998,71.30919,66.12866,63.69458,59.23681,55.97321,51.26402,49.0408,48.38388,44.92215,41.78516,35.90265,33.24154,32.98485,27.45906,26.30589,26.07681,25.01999,21.0238,18.02776,17.0,16.76305,13.60147,13.60147,14.14214,14.86607,17.80449,18.02776,19.92486,16.27882,17.26268,20.39608,24.0,23.34524,24.02082,29.06888,29.15476,30.01666,31.40064,30.01666,32.24903,33.06055,33.37664,31.40064,34.0147,33.73426,34.71311,37.85499,36.40055,34.78505,34.9285,34.1321,35.60899,33.24154,47.26521,48.01042,50.0,55.7315,54.74486,54.57105,57.87055,58.87274,59.09315,58.13777,62.43397,65.36819,65.8635,66.57327,69.64194,68.41053,71.40028,70.60453,70.0928,73.0,74.41102,72.86288,74.33034,73.66139,70.83784,72.18033,68.68042,68.593,65.79514,65.06919,62.2254,62.93648,62.24147,58.79626,58.0517,56.22277,56.0803,57.42822,57.14018,55.07268,55.4617,59.23681,60.16644,59.46427,57.24509,58.46366,59.22837,64.28063,64.49806,64.77654,75.13322,76.53104,75.42546,76.79193,82.8734,79.62412,80.89499
13.60147,12.64911,11.7047,11.40175,10.44031,10.44031,9.48683,8.544,8.544,7.28011,7.61577,6.7082,6.32456,5.38516,5.38516,4.47214,4.47214,3.60555,3.60555,2.82843,2.82843,2.82843,2.23607,2.23607,2.0,3.0,3.16228,2.23607,3.16228,3.60555,3.60555,3.60555,4.24264,4.24264,5.0,5.0,5.0,5.0,5.0,5.0,5.83095,5.83095,5.83095,5.83095,6.32456,5.38516,5.38516,6.32456,6.08276,6.08276,6.0,6.08276,83.9345,82.21922,79.12016,75.96052,69.92138,67.72001,60.63827,63.06346,59.20304,54.81788,51.1957,50.59644,44.38468,42.72002,38.32754,36.40055,36.76955,28.79236,29.54657,26.62705,23.60085,21.40093,20.80865,19.10497,15.0,15.23155,18.02776,18.43909,12.16553,14.0,16.49242,21.84033,17.11724,20.61553,23.85372,24.18677,26.41969,24.69818,23.60085,27.01851,33.01515,29.68164,32.64966,33.28663,36.23534,34.88553,35.8469,35.77709,36.40055,36.67424,35.1141,37.16181,28.63564,29.61419,35.35534,36.05551,33.13608,45.96738,50.93133,52.20153,57.80138,53.7122,58.60034,56.36488,58.87274,57.56735,58.94065,61.39218,67.26812,65.76473,68.18358,69.46222,75.23962,68.06614,70.02857,72.02777,74.10803,76.10519,78.16009,71.11259,73.5527,69.58448,70.85901,71.58911,69.72087,63.95311,65.37584,63.3877,65.19202,60.53098,62.03225,59.03389,61.07373,60.40695,60.03332,55.57877,56.08921,56.04463,59.48109,59.77458,57.93962,58.87274,63.52952,62.17717,64.88451,67.41662,72.20111,71.34424,76.15773,76.15773,78.77182,81.49233,82.49242,86.4523
13.0384,13.0,12.0,11.0,11.0,10.0,9.0,9.0,8.0,8.0,7.0,7.0,7.0,6.08276,5.0,5.09902,4.12311,4.12311,4.12311,4.47214,3.60555,2.23607,2.82843,2.82843,2.23607,2.23607,3.0,3.0,3.16228,3.16228,3.16228,3.16228,4.47214,4.12311,4.47214,4.47214,5.09902,5.38516,5.38516,4.47214,5.09902,5.09902,5.09902,5.09902,5.09902,6.0,6.08276,5.0,6.0,6.08276,6.08276,5.09902,81.22192,77.10383,79.15807,69.58448,70.45566,68.26419,60.67125,64.49806,57.55867,48.50773,46.38965,43.10452,45.09989,43.01163,40.0125,35.0571,34.0,31.14482,30.26549,26.30589,25.4951,21.9545,18.02776,20.12461,16.55295,18.38478,15.81139,17.88854,13.0,14.31782,16.27882,17.02939,17.0,20.09975,20.61553,20.24846,22.36068,26.92582,24.35159,27.313,30.08322,31.01612,32.01562,33.24154,35.35534,35.44009,32.24903,32.75668,35.22783,37.0,37.01351,38.01316,36.12478,39.81206,32.28002,32.57299,36.24914,46.48656,49.64877,52.03845,54.00926,55.3263,54.14795,59.03389,57.27128,63.60031,58.5235,65.45991,59.46427,65.78754,64.88451,67.54258,69.31811,69.35416,67.08204,71.34424,69.64194,73.24616,69.33974,71.84706,68.60029,69.63476,68.60029,67.20119,70.80254,65.60488,67.20119,63.00794,64.3506,57.14018,59.90826,60.83584,51.47815,57.24509,50.69517,56.921,57.72348,57.27128,57.87055,56.14268,59.13544,58.13777,57.14018,61.0082,61.13101,66.27217,71.34424,71.11259,71.34424,77.52419,72.1734,79.22752,79.22752,84.59314
13.45362,12.80625,12.80625,12.04159,11.40175,10.63015,9.21954,9.21954,8.48528,8.48528,7.81025,7.07107,6.40312,6.40312,5.83095,5.0,5.83095,4.47214,4.47214,4.12311,4.12311,4.12311,3.0,4.12311,4.12311,3.16228,3.60555,3.60555,4.24264,3.60555,4.24264,5.0,5.65685,5.0,5.0,5.83095,5.83095,5.65685,6.40312,5.65685,5.65685,6.40312,6.40312,6.40312,5.65685,6.40312,6.40312,6.40312,5.83095,6.7082,6.7082,6.32456,80.99383,82.49242,76.66159,71.58911,70.66116,65.36819,70.21396,60.90156,58.59181,54.12024,53.23533,47.50789,46.95743,44.41846,39.66106,38.83298,35.80503,34.05877,28.28427,27.58623,25.6125,24.08319,21.26029,18.60108,21.47091,19.41649,16.03122,18.11077,21.0238,16.49242,14.86607,19.41649,21.0238,20.24846,24.04163,24.08319,29.20616,27.80288,28.84441,27.01851,28.42534,34.20526,32.44996,34.71311,30.80584,34.1321,31.90611,37.44329,33.12099,34.98571,36.71512,35.34119,39.21734,37.10795,37.85499,34.05877,32.0,49.0408,51.10773,50.21952,53.60037,58.0,55.17246,56.63921,57.62812,59.07622,59.64059,62.43397,64.41273,69.35416,67.62396,66.30988,67.23095,72.8011,74.67262,71.7844,71.30919,72.27724,76.15773,76.15773,73.34848,69.05071,64.62971,70.5762,64.49806,65.62012,66.75328,63.63961,61.66036,59.22837,57.48913,56.75385,57.72348,55.36244,57.38467,55.9017,53.66563,55.9017,59.5399,58.5235,60.46487,55.80323,64.03124,60.30755,64.38167,67.88225,72.83543,72.83543,76.38063,74.24958,79.9062,81.32035,82.07314,83.09633
13.34166,13.34166,11.40175,11.40175,10.44031,10.44031,9.48683,8.24621,8.24621,8.06226,8.06226,7.07107,6.0,6.0,6.0,5.0,5.09902,5.09902,4.12311,4.12311,3.60555,3.60555,3.60555,3.60555,3.60555,3.60555,3.60555,4.12311,4.12311,4.12311,5.0,6.0,6.08276,5.0,6.08276,6.08276,6.08276,6.08276,6.08276,7.07107,7.07107,7.07107,7.07107,7.28011,7.28011,6.32456,7.61577,7.61577,6.7082,6.7082,7.2111,6.40312,84.50444,73.53911,76.89603,77.07788,70.77429,67.1193,60.00833,63.50591,53.31041,55.15433,50.56679,51.07837,48.10405,42.15448,37.33631,36.68787,34.20526,32.55764,28.44293,27.07397,27.0,24.08319,19.0263,19.23538,18.02776,18.02776,17.49286,16.40122,16.40122,18.43909,18.38478,25.94224,18.78829,24.35159,22.36068,25.01999,23.5372,27.07397,34.1321,34.52535,32.75668,35.90265,32.75668,33.24154,32.24903,31.95309,38.62642,34.20526,37.69615,37.33631,38.47077,38.94868,40.31129,36.67424,34.20526,35.4683,37.48333,46.17359,51.0098,52.23983,55.7853,51.66237,53.75872,55.15433,59.46427,60.83584,57.69749,63.81222,64.66065,69.33974,68.24222,68.00735,69.81404,68.68042,73.5527,72.18033,74.95332,72.13876,72.91776,71.50524,69.35416,70.76722,70.76722,67.80118,70.45566,64.81512,66.70832,62.62587,66.70832,59.03389,58.13777,57.98276,55.86591,53.90733,54.03702,52.15362,56.61272,56.35601,57.69749,60.37384,57.93962,59.77458,63.90618,63.32456,58.69412,66.4906,66.75328,69.42622,78.08969,80.60397,76.68768,78.44743,86.34813,81.02469
13.15295,12.16553,12.04159,11.18034,11.04536,10.04988,10.04988,9.05539,9.05539,8.06226,8.06226,7.0,7.0,6.08276,5.09902,5.09902,5.09902,5.38516,4.47214,3.60555,3.60555,4.24264,3.60555,3.60555,3.60555,3.60555,4.12311,4.0,4.0,5.0,5.0,5.0,6.0,6.0,6.0,6.0,6.0,7.0,7.0,6.0,6.08276,7.0,7.07107,6.08276,7.07107,7.07107,7.28011,7.28011,7.28011,7.61577,6.7082,6.40312,81.02469,80.30567,74.10803,78.0,76.41989,67.36468,64.49806,58.54912,58.30952,55.3263,52.23983,48.09366,46.09772,41.7732,39.11521,41.01219,34.05877,34.0147,26.68333,25.96151,25.70992,23.76973,20.61553,20.12461,17.69181,14.86607,19.79899,17.46425,18.35756,15.52417,19.41649,22.02272,17.0,20.39608,23.08679,24.04163,27.16616,27.89265,30.67572,34.23449,33.73426,30.0,35.51056,29.83287,33.13608,37.01351,39.0,35.0571,34.05877,35.01428,37.0,36.22154,35.69314,39.62323,37.0,37.69615,34.0147,49.0408,50.44799,55.9017,54.14795,56.00893,53.23533,58.21512,57.87055,60.82763,62.8172,63.60031,65.19202,69.89278,66.21178,66.70832,68.15424,71.30919,68.09552,70.83078,69.46222,73.43024,70.3278,70.72482,72.67049,77.00649,69.40461,66.8431,64.40497,64.89992,62.96825,66.37017,60.74537,61.91123,57.80138,59.03389,60.37384,56.46238,57.77543,53.48832,55.7853,55.08176,59.5399,55.44367,55.03635,56.32051,63.00794,64.00781,66.18912,67.60178,70.17834,71.44928,73.5527,73.24616,83.38465,80.1561,79.1012,86.28441
12.20656,12.20656,11.6619,10.81665,10.0,10.0,9.43398,8.60233,8.06226,7.2111,7.2111,6.7082,5.38516,5.0,4.47214,4.47214,4.12311,3.16228,3.0,3.0,3.0,2.23607,3.16228,2.23607,2.23607,2.82843,2.23607,3.16228,3.16228,3.16228,4.12311,4.12311,4.12311,5.0,5.09902,5.09902,5.38516,5.09902,5.38516,5.09902,5.38516,5.38516,5.38516,5.83095,5.83095,5.83095,5.83095,5.83095,5.65685,5.65685,5.0,5.83095,79.47956,76.47876,76.02631,72.94518,73.92564,67.97794,61.91123,60.74537,58.83026,55.75841,46.06517,49.64877,46.51881,37.58989,37.69615,34.78505,35.34119,28.86174,31.7805,24.33105,22.02272,22.2036,19.10497,17.02939,16.27882,15.26434,15.65248,13.0,19.41649,20.0,18.38478,19.41649,19.31321,19.92486,23.08679,20.02498,27.07397,27.89265,26.0,29.27456,32.98485,32.98485,32.55764,32.01562,32.28002,36.76955,34.9285,36.24914,34.17601,39.81206,36.23534,40.70626,31.76476,35.51056,36.23534,37.53665,33.6006,49.0102,54.03702,49.49747,54.12947,54.12024,57.87055,56.46238,60.00833,58.59181,58.66856,65.0,64.66065,65.73431,65.21503,71.06335,70.83784,73.66139,73.59348,74.51845,72.12489,74.27651,75.74299,76.41989,68.41053,72.47068,69.52697,70.0,69.40461,68.8186,68.11755,66.8431,66.06815,64.44377,62.62587,58.72819,56.63921,58.0517,56.61272,52.20153,56.61272,54.70832,59.48109,59.23681,58.30952,62.24147,60.63827,62.62587,66.48308,68.30813,68.94926,73.24616,76.11833,76.15773,79.30952,79.40403,85.16455,84.11896
