type,id,mac,rssi,rate,sig_mode,mcs,bandwidth,smoothing,not_sounding,aggregation,stbc,fec_coding,sgi,noise_floor,ampdu_cnt,channel,secondary_channel,local_timestamp,ant,sig_len,rx_state,len,first_word,data
CSI_DATA,20,1a:00:00:00:00:00,-49,11,1,0,1,1,1,0,0,0,1,-96,0,11,2,524496,0,44,0,384,0,"[0,0,0,0,0,0,0,0,0,0,0,0,-12,4,-10,4,-10,4,-10,3,-9,3,-8,3,-7,4,-6,4,-6,3,-5,3,-5,3,-4,3,-4,2,-3,2,-2,2,-2,2,-1,2,-1,2,0,1,0,1,1,2,1,1,1,1,2,0,3,0,4,0,0,0,4,0,5,0,6,0,6,0,6,0,6,0,6,0,6,1,7,1,7,2,7,2,6,3,6,3,5,3,5,3,5,3,5,3,4,3,4,3,4,3,3,4,2,3,2,3,2,3,1,4,1,3,0,0,0,0,0,0,0,0,0,0,0,0,0,0,-74,9,-70,11,-70,14,-65,19,-61,18,-59,15,-50,18,-51,14,-45,16,-42,15,-37,19,-34,19,-33,19,-26,19,-25,19,-21,14,-16,15,-21,16,-12,13,-5,18,-5,13,-4,13,1,11,2,9,6,10,10,5,12,7,14,6,14,7,21,5,26,4,27,2,28,2,25,3,31,3,37,6,36,11,40,10,38,9,41,12,34,13,39,14,36,16,39,17,33,20,34,19,30,17,30,22,27,17,23,17,24,21,21,19,13,21,14,18,10,22,10,20,4,19,0,0,0,0,0,0,0,0,0,0,0,0,0,0,0,0,0,0,0,0,0,0,70,9,64,15,66,15,64,22,61,24,57,22,57,26,58,23,58,23,52,21,52,21,51,15,53,15,47,18,51,12,47,7,50,4,46,4,44,-1,45,-5,45,-5,50,-12,46,-12,47,-21,46,-22,44,-30,43,-25,44,-33,46,-34,36,-39,41,-40,39,-42,40,-46,36,-48,39,-54,34,-53,32,-56,28,-54,26,-60,22,-63,20,-61,11,-67,14,-64,10,-71,9,-66,3,-73,3,-70,-7,-71,-4,-72,-10,-75,-11,-75,-19,-76,-14,-83,-17,-72,-20,-84,-23,-85,-14,-79,0,0]"
CSI_DATA,21,1a:00:00:00:00:00,-49,11,1,0,1,1,1,0,0,0,1,-96,0,11,2,534486,0,44,0,384,0,"[0,0,0,0,0,0,0,0,0,0,0,0,-12,-4,-11,-3,-11,-2,-10,-3,-9,-2,-9,-2,-9,-1,-8,-1,-8,-1,-6,-1,-6,0,-5,0,-5,0,-4,0,-4,1,-3,1,-2,1,-2,1,-1,2,-1,1,0,1,0,2,1,2,1,2,2,2,2,2,0,0,4,3,4,3,4,3,5,3,5,4,5,4,5,4,5,4,5,5,5,5,4,5,4,5,3,6,3,5,3,5,2,5,2,5,2,5,1,5,1,5,1,5,0,5,0,4,-1,4,-1,4,-1,3,0,0,0,0,0,0,0,0,0,0,0,0,0,0,-73,-36,-67,-31,-68,-25,-60,-26,-64,-22,-55,-22,-51,-18,-53,-20,-48,-15,-44,-9,-42,-5,-33,-7,-37,-5,-36,-1,-27,-3,-22,1,-26,5,-23,5,-17,6,-16,8,-13,10,-11,9,-5,10,-2,9,-2,10,-1,15,3,14,9,17,14,16,17,19,15,17,17,22,19,21,25,24,23,18,29,26,26,31,26,31,25,32,27,29,24,29,24,32,20,35,22,36,13,34,15,32,16,32,12,34,9,29,9,27,6,27,6,30,1,27,-1,26,-6,23,-6,24,-7,19,0,0,0,0,0,0,0,0,0,0,0,0,0,0,0,0,0,0,0,0,0,0,51,48,47,50,43,51,41,59,41,58,34,54,34,52,32,54,31,53,33,49,31,50,33,43,37,46,35,46,33,44,33,37,36,32,34,31,41,30,39,25,40,20,45,19,51,14,49,13,51,10,50,2,52,9,55,0,53,-2,59,-7,55,-4,63,-12,58,-9,60,-17,65,-21,61,-21,56,-25,58,-30,55,-32,58,-35,53,-39,51,-40,48,-46,50,-50,45,-53,37,-55,43,-56,39,-59,36,-63,39,-68,38,-71,31,-75,38,-76,35,-72,32,-80,32,-82,33,-81,0,0]"
CSI_DATA,22,1a:00:00:00:00:00,-49,11,1,0,1,1,1,0,0,0,1,-96,0,11,2,554446,0,44,0,384,0,"[0,0,0,0,0,0,0,0,0,0,0,0,-5,-11,-5,-11,-5,-10,-5,-10,-5,-8,-5,-8,-5,-7,-5,-6,-4,-6,-5,-5,-4,-5,-4,-4,-4,-4,-3,-3,-4,-2,-3,-2,-3,-1,-2,-1,-3,0,-3,0,-2,1,-2,2,-1,2,-2,3,-1,3,-1,4,0,0,-1,4,-1,5,-1,6,0,6,-1,6,-2,7,-2,7,-2,7,-2,7,-2,7,-3,7,-3,7,-3,6,-4,6,-4,5,-4,5,-4,5,-4,4,-4,4,-4,3,-4,3,-4,3,-4,2,-5,2,-4,1,-4,0,0,0,0,0,0,0,0,0,0,0,0,0,0,0,-11,-79,-15,-86,-17,-71,-13,-70,-16,-69,-11,-59,-16,-56,-17,-53,-14,-48,-10,-45,-15,-38,-19,-38,-17,-32,-20,-38,-13,-26,-20,-24,-18,-20,-18,-17,-14,-13,-17,-9,-13,-8,-16,-4,-16,-2,-12,3,-12,4,-10,7,-6,14,-12,22,-4,14,-11,17,-11,25,-12,26,-8,29,-7,30,-7,30,-8,33,-11,34,-13,33,-16,35,-16,37,-17,39,-23,34,-25,38,-22,36,-24,32,-24,31,-24,26,-20,27,-23,25,-22,18,-27,15,-23,17,-25,14,-27,10,-25,10,-26,6,-21,0,0,0,0,0,0,0,0,0,0,0,0,0,0,0,0,0,0,0,0,0,0,0,-2,71,-13,72,-12,71,-15,69,-18,69,-19,62,-19,61,-22,61,-20,62,-20,60,-21,57,-17,54,-15,59,-14,55,-10,50,-7,52,-4,50,-5,47,5,45,8,47,7,48,14,44,15,49,22,41,21,49,27,39,28,44,36,41,35,41,44,42,33,41,48,40,50,39,42,37,51,40,55,32,60,29,55,29,57,26,63,24,60,17,68,14,67,15,68,6,64,7,72,-5,70,-3,73,-4,73,-9,81,-6,78,-11,80,-13,82,-9,77,-20,89,-27,80,-17,85,-21,0,0]"
CSI_DATA,23,1a:00:00:00:00:00,-49,11,1,0,1,1,1,0,0,0,1,-96,0,11,2,564537,0,44,0,384,0,"[0,0,0,0,0,0,0,0,0,0,0,0,11,4,10,4,9,3,9,3,8,2,8,2,8,1,7,1,6,1,5,0,5,0,5,0,4,-1,3,-1,3,-1,2,-2,2,-2,1,-2,1,-2,1,-2,0,-2,-1,-3,-1,-3,-2,-3,-2,-3,-3,-3,0,0,-4,-4,-4,-5,-4,-5,-5,-5,-4,-6,-4,-6,-5,-6,-4,-7,-4,-7,-4,-7,-4,-7,-3,-8,-3,-7,-2,-7,-3,-7,-2,-7,-2,-7,-2,-6,-1,-6,-1,-6,-1,-6,0,-6,1,-5,0,-5,0,-4,1,-4,0,0,0,0,0,0,0,0,0,0,0,0,0,0,64,45,62,47,61,40,58,41,53,37,50,35,50,29,49,28,42,27,40,24,39,18,36,15,37,15,32,8,32,9,28,5,27,6,21,2,20,-2,15,-1,12,-8,9,-5,10,-9,8,-13,4,-12,1,-14,-3,-12,-3,-18,-5,-17,-10,-21,-6,-23,-12,-27,-14,-25,-17,-26,-19,-29,-14,-31,-15,-35,-17,-39,-15,-39,-15,-37,-12,-36,-12,-37,-10,-44,-6,-44,-9,-42,-3,-37,-3,-35,1,-37,0,-30,3,-30,4,-30,4,-28,8,-29,11,-29,13,-24,10,-22,14,-14,0,0,0,0,0,0,0,0,0,0,0,0,0,0,0,0,0,0,0,0,0,0,-49,-51,-46,-56,-40,-57,-35,-60,-36,-61,-30,-57,-31,-55,-29,-57,-31,-60,-31,-55,-29,-56,-30,-49,-35,-51,-29,-48,-30,-43,-28,-42,-32,-39,-33,-38,-38,-30,-36,-28,-40,-29,-45,-29,-40,-20,-47,-19,-48,-16,-53,-9,-54,-12,-56,-8,-53,-11,-59,-3,-60,1,-60,1,-65,3,-60,4,-64,10,-64,10,-58,15,-58,17,-62,23,-59,30,-59,26,-61,31,-58,36,-56,41,-51,39,-57,47,-54,45,-48,56,-52,55,-51,60,-49,59,-47,63,-51,66,-43,64,-52,72,-46,73,-47,74,0,0]"
CSI_DATA,24,1a:00:00:00:00:00,-49,11,1,0,1,1,1,0,0,0,1,-96,0,11,2,574428,0,44,0,384,0,"[0,0,0,0,0,0,0,0,0,0,0,0,10,-7,8,-7,8,-7,7,-6,6,-6,6,-6,5,-6,5,-6,4,-6,3,-5,3,-5,3,-5,2,-4,1,-4,0,-3,0,-4,0,-4,-1,-3,-1,-3,-2,-2,-2,-2,-3,-1,-3,-2,-4,-1,-3,-1,-4,-1,0,0,-5,0,-6,0,-6,0,-7,0,-7,0,-7,0,-7,0,-7,0,-8,-1,-8,-2,-8,-2,-7,-2,-7,-2,-7,-2,-7,-3,-7,-3,-6,-3,-6,-3,-6,-4,-5,-3,-5,-4,-4,-4,-4,-4,-3,-4,-3,-4,-2,-4,0,0,0,0,0,0,0,0,0,0,0,0,0,0,48,-60,50,-51,44,-59,41,-56,42,-51,38,-48,33,-47,28,-46,25,-37,25,-41,19,-43,20,-35,18,-34,18,-25,6,-30,4,-27,6,-25,3,-20,5,-17,-2,-18,-5,-17,-6,-12,-11,-11,-9,-6,-9,-3,-8,0,-14,1,-16,2,-16,3,-24,5,-25,7,-22,13,-23,10,-30,16,-29,17,-30,12,-37,16,-36,11,-39,10,-40,12,-42,9,-40,6,-37,6,-42,8,-39,0,-40,2,-36,2,-34,-6,-30,-3,-33,-2,-32,-4,-33,-8,-22,-12,-22,-10,-22,-11,-19,-11,-19,-17,0,0,0,0,0,0,0,0,0,0,0,0,0,0,0,0,0,0,0,0,0,0,-60,35,-63,33,-62,30,-65,26,-65,19,-63,18,-61,22,-62,16,-60,17,-57,16,-59,18,-52,18,-52,20,-49,20,-47,20,-43,26,-41,30,-40,25,-36,32,-33,26,-32,34,-29,37,-27,40,-25,40,-25,45,-16,52,-17,48,-17,55,-12,55,-8,56,-8,53,-11,61,-7,56,-2,56,-1,64,0,62,8,58,13,62,14,60,17,61,19,60,27,57,31,62,36,59,39,56,45,60,44,51,46,56,54,51,54,54,56,52,66,45,62,54,61,55,68,52,68,54,63,53,0,0]"
CSI_DATA,25,1a:00:00:00:00:00,-49,11,1,0,1,1,1,0,0,0,1,-96,0,11,2,584668,0,44,0,384,0,"[0,0,0,0,0,0,0,0,0,0,0,0,-7,-11,-6,-10,-7,-9,-7,-9,-6,-8,-6,-7,-6,-6,-5,-6,-5,-5,-5,-5,-5,-5,-5,-4,-5,-3,-4,-2,-4,-2,-4,-1,-3,-1,-3,0,-3,0,-2,1,-2,1,-2,2,-1,2,-1,3,-1,3,-1,3,0,0,0,5,0,5,0,6,0,6,0,6,0,6,0,7,-1,7,-1,7,-2,7,-2,7,-2,6,-2,7,-3,7,-3,5,-3,6,-3,6,-3,5,-3,4,-3,4,-3,4,-4,4,-4,3,-4,3,-4,2,-4,1,0,0,0,0,0,0,0,0,0,0,0,0,0,0,-28,-84,-29,-70,-33,-69,-20,-64,-24,-63,-22,-56,-26,-49,-20,-52,-26,-44,-24,-45,-22,-42,-19,-37,-19,-34,-22,-27,-16,-27,-23,-22,-25,-18,-18,-10,-14,-10,-16,-10,-17,-4,-17,-1,-10,-1,-8,2,-11,8,-12,11,-8,8,-6,19,-3,20,-5,21,-4,24,-3,25,-4,24,-3,37,-2,33,-6,36,-6,33,-2,42,-7,39,-12,39,-11,40,-12,37,-16,37,-15,38,-18,37,-18,34,-20,31,-21,33,-18,26,-21,24,-22,21,-20,21,-22,22,-27,14,-20,14,-21,10,-23,6,0,0,0,0,0,0,0,0,0,0,0,0,0,0,0,0,0,0,0,0,0,0,8,73,2,69,-2,70,-4,70,-7,68,-7,67,-11,62,-9,63,-10,63,-9,62,-11,58,-6,57,0,56,-6,55,-2,51,-2,49,4,48,1,48,13,45,13,43,15,38,18,49,24,43,26,45,31,45,35,34,33,35,39,37,39,38,45,29,46,32,49,35,54,33,52,27,56,32,56,25,58,23,66,19,61,9,68,10,64,8,69,4,67,3,67,-4,67,-4,75,-15,71,-12,68,-16,69,-20,73,-23,75,-26,79,-27,81,-26,78,-27,84,-32,79,-35,83,-32,0,0]"
CSI_DATA,26,1a:00:00:00:00:00,-49,11,1,0,1,1,1,0,0,0,1,-96,0,11,2,604564,0,44,0,384,0,"[0,0,0,0,0,0,0,0,0,0,0,0,-9,-10,-8,-9,-9,-8,-8,-9,-8,-7,-7,-7,-7,-6,-7,-5,-6,-5,-6,-4,-6,-4,-5,-4,-5,-3,-5,-2,-4,-1,-4,-1,-4,0,-3,0,-2,0,-2,1,-2,1,-2,2,-1,2,-1,3,0,3,0,3,0,0,0,5,0,5,0,6,1,6,0,6,0,6,0,7,0,7,0,7,-1,7,-1,7,-2,7,-2,7,-2,6,-2,6,-3,6,-3,6,-3,5,-3,5,-3,4,-3,4,-4,4,-4,3,-4,2,-4,2,-4,1,0,0,0,0,0,0,0,0,0,0,0,0,0,0,-50,-57,-53,-57,-55,-47,-49,-52,-48,-47,-44,-45,-43,-39,-45,-39,-43,-33,-36,-28,-38,-26,-37,-23,-35,-23,-27,-16,-29,-16,-28,-10,-26,-11,-24,-5,-19,-1,-18,0,-19,-1,-14,-1,-14,7,-11,5,-8,11,-5,14,-5,14,-3,19,0,20,2,22,8,24,3,23,7,27,6,32,6,32,5,36,3,39,6,37,4,39,2,38,-2,39,-4,42,-4,41,-6,39,-8,37,-6,37,-7,33,-10,35,-16,29,-14,30,-12,25,-12,22,-13,25,-15,20,-17,19,-19,15,-20,9,0,0,0,0,0,0,0,0,0,0,0,0,0,0,0,0,0,0,0,0,0,0,46,54,38,55,39,57,35,59,31,62,29,58,26,61,25,58,28,57,25,53,22,54,24,50,29,52,28,48,20,45,29,45,29,41,30,36,32,32,34,32,39,31,39,29,41,23,47,26,46,22,50,19,51,16,55,15,54,14,59,8,55,5,60,-1,61,1,62,0,62,-3,60,-7,63,-5,64,-10,58,-10,65,-20,62,-20,62,-26,62,-26,59,-36,60,-35,59,-38,60,-42,51,-41,53,-54,60,-53,56,-55,57,-57,58,-58,55,-56,62,-66,60,-66,55,-66,0,0]"
CSI_DATA,27,1a:00:00:00:00:00,-49,11,1,0,1,1,1,0,0,0,1,-96,0,11,2,614463,0,44,0,384,0,"[0,0,0,0,0,0,0,0,0,0,0,0,-13,-1,-12,-1,-11,-1,-11,-1,-10,-1,-10,0,-9,0,-8,1,-8,0,-7,0,-6,1,-6,1,-5,1,-4,1,-4,1,-3,2,-3,2,-2,2,-2,1,-1,1,0,2,0,2,1,2,1,2,2,2,2,2,0,0,4,2,4,3,4,3,5,3,4,3,5,4,5,4,5,4,5,5,4,5,4,5,3,6,3,5,3,6,3,6,3,6,2,5,2,5,2,4,1,5,1,5,0,4,0,4,-1,4,-1,4,-2,3,0,0,0,0,0,0,0,0,0,0,0,0,0,0,-76,-28,-75,-30,-75,-23,-67,-21,-65,-23,-56,-20,-56,-20,-56,-18,-53,-12,-45,-7,-45,-6,-41,-4,-40,-3,-35,-5,-32,-5,-30,1,-32,2,-22,3,-18,7,-17,11,-13,11,-9,7,-8,7,-6,9,-3,12,-1,13,2,13,10,13,6,14,10,18,15,19,20,19,18,22,19,23,24,22,17,28,23,29,21,32,22,27,26,36,21,34,18,33,15,38,10,38,9,35,11,37,8,35,6,36,5,33,5,28,5,27,3,30,-6,27,-4,25,-5,26,-13,19,-10,19,0,0,0,0,0,0,0,0,0,0,0,0,0,0,0,0,0,0,0,0,0,0,60,36,56,38,59,41,54,46,52,49,48,46,47,41,44,44,46,47,43,45,39,44,40,41,44,41,43,37,40,35,41,31,45,24,42,24,43,20,48,17,46,10,51,11,46,9,52,8,49,3,53,-3,53,-4,54,-10,56,-9,57,-15,52,-20,61,-19,59,-24,56,-24,58,-27,54,-30,53,-31,52,-37,52,-35,49,-46,48,-41,46,-55,43,-52,42,-57,39,-54,39,-62,33,-63,32,-65,28,-70,32,-72,34,-74,25,-77,25,-78,24,-78,31,-85,26,-84,28,-84,0,0]"
CSI_DATA,28,1a:00:00:00:00:00,-49,11,1,0,1,1,1,0,0,0,1,-96,0,11,2,634440,0,44,0,384,0,"[0,0,0,0,0,0,0,0,0,0,0,0,-5,-12,-5,-10,-6,-10,-5,-10,-5,-9,-4,-8,-5,-8,-4,-7,-4,-6,-4,-5,-4,-6,-4,-5,-4,-4,-4,-3,-4,-3,-4,-2,-3,-1,-3,-1,-3,-1,-3,0,-3,0,-2,1,-2,1,-2,2,-2,3,-2,3,0,0,-1,4,-2,5,-2,5,-2,5,-2,5,-3,6,-3,6,-3,6,-3,6,-3,6,-3,6,-4,6,-4,6,-4,5,-4,5,-4,4,-4,4,-4,4,-4,3,-4,3,-5,2,-5,2,-5,2,-5,1,-4,0,-4,0,0,0,0,0,0,0,0,0,0,0,0,0,0,0,-34,-77,-34,-72,-39,-67,-34,-69,-34,-58,-29,-56,-28,-52,-28,-53,-26,-42,-26,-46,-28,-39,-23,-34,-23,-32,-28,-27,-21,-25,-21,-22,-23,-15,-18,-14,-23,-5,-15,-6,-18,-5,-15,0,-14,0,-13,4,-10,8,-7,10,-6,12,-8,19,-6,18,-3,20,-6,25,-5,21,-4,29,0,38,0,32,-3,37,-2,34,-2,38,-8,43,-10,40,-12,37,-19,41,-13,40,-15,41,-13,37,-18,36,-17,35,-20,33,-18,26,-19,27,-17,22,-18,21,-21,21,-21,17,-23,16,-19,9,-21,6,0,0,0,0,0,0,0,0,0,0,0,0,0,0,0,0,0,0,0,0,0,0,11,72,7,69,0,70,1,77,-5,66,-6,71,-5,63,-6,67,-7,65,-2,62,-10,61,1,60,2,61,2,58,3,50,0,50,8,49,5,47,13,44,14,46,23,45,26,42,24,38,33,41,34,36,37,36,38,35,42,37,40,33,49,29,45,29,58,31,49,32,54,21,59,21,60,19,58,18,62,14,61,11,66,5,65,4,68,1,70,0,69,-8,67,-13,62,-14,71,-18,72,-23,67,-24,70,-26,67,-31,69,-35,81,-32,75,-39,79,-39,81,-42,82,-40,0,0]"
CSI_DATA,29,1a:00:00:00:00:00,-49,11,1,0,1,1,1,0,0,0,1,-96,0,11,2,654469,0,44,0,384,0,"[0,0,0,0,0,0,0,0,0,0,0,0,13,1,12,0,11,0,11,1,10,0,9,0,9,-1,7,-1,7,-1,6,-1,6,-1,5,-1,5,-2,4,-2,3,-2,3,-2,2,-3,1,-3,1,-2,0,-3,0,-3,0,-3,-2,-3,-2,-3,-2,-3,-3,-4,0,0,-4,-4,-4,-5,-5,-5,-5,-5,-5,-5,-5,-5,-5,-6,-5,-6,-5,-6,-5,-7,-4,-7,-4,-7,-3,-7,-3,-7,-3,-7,-3,-7,-2,-7,-2,-6,-2,-6,-2,-6,-1,-6,-1,-6,0,-6,1,-5,1,-5,1,-4,0,0,0,0,0,0,0,0,0,0,0,0,0,0,78,21,75,16,75,14,68,18,64,12,61,14,55,11,60,10,53,8,49,7,45,1,42,5,40,-2,37,-2,35,-1,28,-8,26,-7,23,-7,18,-9,15,-10,12,-10,11,-9,9,-11,7,-13,2,-13,-2,-13,-6,-13,-8,-19,-7,-20,-11,-16,-13,-18,-18,-21,-14,-24,-25,-27,-22,-19,-22,-28,-21,-31,-24,-29,-23,-35,-21,-33,-22,-34,-20,-31,-16,-36,-15,-38,-10,-38,-8,-36,-12,-37,-7,-38,-6,-34,-4,-28,-3,-28,-5,-33,3,-26,7,-27,7,-25,4,-24,8,-20,0,0,0,0,0,0,0,0,0,0,0,0,0,0,0,0,0,0,0,0,0,0,-69,-18,-65,-25,-67,-25,-63,-30,-63,-35,-60,-38,-56,-32,-55,-36,-54,-32,-56,-29,-54,-33,-51,-29,-55,-28,-49,-26,-45,-25,-48,-22,-50,-15,-47,-17,-47,-14,-50,-4,-52,-7,-51,-5,-51,-2,-51,3,-54,8,-52,15,-50,12,-49,17,-57,18,-54,22,-53,23,-55,30,-53,33,-50,28,-53,37,-45,37,-46,39,-45,45,-41,46,-40,48,-39,49,-36,52,-37,59,-33,58,-27,63,-28,61,-27,67,-21,70,-26,72,-19,77,-18,77,-16,77,-14,81,-17,77,-16,90,-17,88,-16,85,0,0]"
CSI_DATA,30,1a:00:00:00:00:00,-49,11,1,0,1,1,1,0,0,0,1,-96,0,11,2,674564,0,44,0,384,0,"[0,0,0,0,0,0,0,0,0,0,0,0,-13,-4,-12,-3,-12,-2,-12,-3,-10,-3,-10,-2,-10,-1,-8,-1,-8,-1,-7,-1,-7,0,-7,0,-6,0,-5,0,-5,0,-4,1,-3,1,-3,1,-3,1,-2,2,-1,2,-1,2,0,2,0,2,1,3,1,3,0,0,2,4,2,4,3,5,3,5,3,5,2,6,3,6,3,6,3,6,2,6,2,7,1,7,1,7,1,6,0,6,0,7,0,6,0,6,-1,6,-1,5,-1,5,-2,4,-2,4,-3,3,-3,3,-3,3,0,0,0,0,0,0,0,0,0,0,0,0,0,0,-42,-15,-38,-14,-39,-10,-33,-11,-34,-9,-28,-9,-30,-10,-29,-10,-25,-8,-24,-6,-24,-4,-21,-3,-19,-3,-20,-3,-17,-3,-16,1,-15,2,-13,1,-12,0,-10,2,-10,4,-6,5,-7,6,-3,4,-2,4,-1,4,1,7,1,8,4,9,5,8,5,8,6,12,7,11,8,12,9,14,8,15,9,17,8,17,7,17,8,17,9,18,6,18,5,20,6,18,4,18,2,19,2,17,1,19,1,16,0,14,-1,14,-2,13,-3,13,-5,12,-4,13,-4,10,-8,8,0,0,0,0,0,0,0,0,0,0,0,0,0,0,0,0,0,0,0,0,0,0,34,10,32,14,32,15,31,16,30,19,28,19,27,18,26,18,26,19,27,17,26,20,24,16,26,14,24,13,22,13,23,12,22,8,23,8,21,7,23,5,22,5,25,4,24,1,23,0,26,-2,26,-5,25,-5,25,-7,27,-7,27,-8,24,-12,28,-13,28,-14,26,-15,27,-15,24,-16,24,-19,23,-23,22,-21,23,-25,20,-25,20,-28,19,-26,18,-31,15,-29,17,-33,14,-32,14,-33,14,-37,12,-38,12,-38,9,-39,13,-40,10,-39,11,-46,10,-43,10,-42,0,0]"
CSI_DATA,31,1a:00:00:00:00:00,-49,11,1,0,1,1,1,0,0,0,1,-96,0,11,2,684401,0,44,0,384,0,"[0,0,0,0,0,0,0,0,0,0,0,0,1,12,2,11,2,11,2,10,2,9,1,8,2,8,1,7,1,7,2,6,2,5,2,4,2,4,2,3,2,2,2,2,2,2,2,1,2,0,2,0,2,-1,2,-1,2,-2,2,-3,2,-3,2,-3,0,0,2,-4,3,-5,3,-5,3,-6,3,-6,4,-6,4,-6,4,-6,4,-6,5,-6,5,-5,5,-5,5,-5,5,-4,5,-4,5,-3,5,-3,5,-3,4,-2,4,-2,4,-1,5,-1,4,-1,4,0,4,1,3,1,0,0,0,0,0,0,0,0,0,0,0,0,0,0,5,77,0,79,7,72,7,69,4,65,4,66,9,63,9,56,11,51,4,50,10,47,7,43,11,37,10,40,6,31,12,29,16,25,8,22,13,14,10,16,14,10,14,15,12,2,14,0,12,-3,13,-5,11,-5,12,-11,16,-11,12,-11,10,-15,14,-18,13,-24,20,-27,17,-26,19,-31,21,-31,18,-33,22,-31,29,-28,26,-27,34,-27,28,-27,32,-26,29,-18,34,-19,34,-17,33,-15,30,-14,31,-12,29,-11,27,-7,21,-10,24,-3,25,-2,24,6,19,9,0,0,0,0,0,0,0,0,0,0,0,0,0,0,0,0,0,0,0,0,0,0,-3,-71,2,-72,7,-71,9,-67,10,-66,12,-66,14,-65,15,-65,14,-67,10,-61,17,-56,16,-53,11,-59,8,-55,8,-47,8,-54,1,-48,6,-50,-4,-43,-9,-45,-14,-46,-14,-44,-18,-49,-24,-47,-20,-45,-27,-42,-24,-41,-33,-39,-34,-47,-40,-46,-36,-39,-41,-39,-43,-41,-46,-35,-52,-33,-50,-30,-50,-34,-55,-29,-55,-26,-60,-23,-57,-19,-64,-19,-63,-17,-69,-17,-71,-9,-63,-6,-70,-4,-72,4,-78,1,-87,4,-77,4,-79,6,-83,8,-84,9,-91,9,-89,8,-88,6,0,0]"
CSI_DATA,32,1a:00:00:00:00:00,-49,11,1,0,1,1,1,0,0,0,1,-96,0,11,2,704991,0,44,0,384,0,"[0,0,0,0,0,0,0,0,0,0,0,0,11,5,11,4,11,4,10,4,9,4,8,3,8,2,8,1,7,2,6,1,6,1,5,0,5,0,5,0,4,0,3,-1,3,-2,2,-2,2,-2,1,-2,1,-2,0,-3,0,-3,-1,-4,-1,-4,-2,-4,0,0,-3,-5,-2,-5,-3,-6,-3,-6,-3,-6,-2,-7,-3,-7,-3,-7,-3,-8,-2,-8,-2,-8,-1,-8,-1,-7,0,-8,0,-7,0,-7,1,-7,0,-6,1,-6,1,-6,1,-6,2,-6,2,-5,2,-4,2,-4,2,-3,0,0,0,0,0,0,0,0,0,0,0,0,0,0,73,38,70,34,70,26,65,29,59,23,55,25,55,23,55,24,47,15,47,20,40,13,42,11,38,9,35,8,33,5,27,0,29,-5,25,-4,20,-4,19,-4,15,-9,11,-7,10,-11,4,-13,5,-12,4,-16,-1,-13,-1,-19,-3,-21,-5,-18,-10,-23,-12,-20,-11,-22,-17,-27,-17,-26,-14,-34,-18,-32,-14,-35,-12,-35,-13,-35,-16,-32,-11,-41,-9,-39,-6,-38,-5,-38,-1,-36,0,-34,-3,-34,0,-33,2,-30,5,-28,6,-30,5,-30,8,-26,9,-23,15,-20,12,-15,0,0,0,0,0,0,0,0,0,0,0,0,0,0,0,0,0,0,0,0,0,0,-60,-33,-57,-40,-56,-43,-57,-46,-50,-50,-51,-46,-44,-46,-45,-47,-43,-46,-42,-44,-40,-47,-41,-39,-46,-41,-44,-38,-39,-33,-40,-34,-42,-30,-38,-26,-43,-23,-44,-23,-41,-15,-46,-17,-43,-12,-46,-5,-51,-5,-52,-2,-50,-2,-55,2,-51,4,-56,12,-51,10,-58,15,-62,16,-54,22,-57,24,-54,25,-52,30,-51,34,-50,35,-52,41,-49,42,-45,47,-48,48,-46,50,-43,52,-32,60,-37,59,-38,61,-35,65,-34,68,-35,74,-33,75,-34,77,-28,71,-38,83,-30,82,-34,80,0,0]"
CSI_DATA,33,1a:00:00:00:00:00,-49,11,1,0,1,1,1,0,0,0,1,-96,0,11,2,714995,0,44,0,384,0,"[0,0,0,0,0,0,0,0,0,0,0,0,5,12,4,11,5,10,4,10,4,9,4,9,4,8,4,7,3,6,3,5,3,5,3,4,3,4,3,2,3,3,2,2,3,1,2,1,2,0,2,-1,2,-1,2,-2,2,-2,1,-3,2,-3,1,-4,0,0,1,-5,2,-6,2,-6,1,-6,2,-7,3,-7,2,-7,3,-7,3,-7,3,-6,4,-7,4,-6,4,-6,5,-6,4,-5,4,-5,4,-5,5,-4,4,-3,4,-3,4,-2,5,-3,4,-2,4,-2,3,-1,3,0,0,0,0,0,0,0,0,0,0,0,0,0,0,0,29,75,28,69,34,69,25,64,29,61,25,63,28,51,26,52,26,47,25,40,25,37,21,36,23,31,26,31,21,26,21,20,24,19,17,18,18,11,16,10,19,9,17,5,15,-3,13,-3,9,-6,13,-13,9,-9,8,-15,8,-17,8,-22,7,-23,10,-27,7,-26,5,-29,10,-28,11,-33,8,-41,12,-34,16,-37,15,-34,18,-34,19,-32,20,-35,24,-29,22,-30,24,-28,25,-23,26,-25,26,-18,25,-15,23,-15,23,-17,24,-15,24,-5,23,-6,20,-3,20,2,0,0,0,0,0,0,0,0,0,0,0,0,0,0,0,0,0,0,0,0,0,0,-35,-61,-29,-62,-25,-64,-22,-64,-20,-63,-15,-66,-17,-63,-12,-62,-12,-67,-13,-60,-11,-62,-11,-57,-15,-58,-17,-53,-13,-47,-19,-44,-23,-45,-17,-40,-22,-44,-26,-38,-30,-34,-32,-37,-31,-34,-36,-34,-37,-33,-44,-28,-41,-29,-44,-25,-47,-26,-51,-23,-47,-22,-60,-21,-53,-18,-56,-14,-58,-17,-58,-13,-61,-9,-62,-7,-65,-6,-60,3,-67,3,-66,9,-64,5,-67,15,-65,18,-71,17,-67,23,-65,29,-66,31,-72,29,-73,33,-73,39,-77,35,-73,41,-80,44,-77,42,-77,41,0,0]"
CSI_DATA,34,1a:00:00:00:00:00,-49,11,1,0,1,1,1,0,0,0,1,-96,0,11,2,724868,0,44,0,384,0,"[0,0,0,0,0,0,0,0,0,0,0,0,13,-2,12,-2,11,-3,11,-2,10,-2,9,-2,8,-3,8,-3,7,-2,6,-3,6,-3,5,-3,4,-3,4,-3,3,-3,3,-3,2,-3,2,-3,1,-3,0,-3,-1,-3,-2,-3,-2,-3,-2,-3,-2,-3,-3,-3,0,0,-4,-3,-4,-4,-5,-4,-5,-4,-5,-5,-6,-5,-6,-5,-6,-5,-6,-6,-6,-6,-6,-6,-5,-6,-4,-6,-4,-6,-4,-7,-4,-6,-3,-6,-3,-6,-2,-6,-2,-6,-2,-6,-1,-6,-1,-5,0,-5,0,-5,1,-4,0,0,0,0,0,0,0,0,0,0,0,0,0,0,81,3,83,4,79,2,69,-1,70,-3,64,2,60,-4,62,-5,52,0,51,-7,47,-6,44,-7,39,-11,38,-9,30,-5,26,-12,25,-13,24,-12,20,-10,14,-11,12,-16,9,-11,7,-15,5,-16,4,-9,1,-11,-9,-15,-9,-13,-10,-13,-19,-19,-16,-14,-19,-20,-17,-20,-23,-20,-23,-20,-22,-24,-27,-29,-27,-29,-27,-34,-30,-29,-31,-31,-27,-32,-23,-36,-24,-35,-18,-34,-18,-34,-15,-37,-14,-33,-10,-34,-9,-26,-9,-29,-9,-25,-1,-27,4,-24,-1,-25,1,-22,7,-21,0,0,0,0,0,0,0,0,0,0,0,0,0,0,0,0,0,0,0,0,0,0,-71,-7,-69,-12,-68,-20,-71,-18,-63,-24,-63,-24,-62,-21,-60,-26,-61,-31,-58,-22,-60,-24,-57,-24,-55,-18,-55,-17,-48,-19,-49,-14,-54,-8,-46,-9,-49,-6,-47,-4,-45,4,-52,3,-51,9,-48,10,-50,13,-48,21,-48,24,-48,26,-46,22,-45,34,-40,32,-44,39,-47,36,-43,41,-42,47,-43,45,-35,44,-36,53,-31,54,-29,60,-27,61,-25,58,-25,62,-19,65,-14,65,-15,75,-12,75,-9,70,-9,71,-6,71,-3,78,-2,87,-1,88,1,82,2,93,5,92,2,89,0,0]"
CSI_DATA,35,1a:00:00:00:00:00,-49,11,1,0,1,1,1,0,0,0,1,-96,0,11,2,737678,0,44,0,384,0,"[0,0,0,0,0,0,0,0,0,0,0,0,-2,-14,-2,-13,-3,-12,-2,-12,-2,-11,-2,-10,-2,-9,-2,-9,-2,-9,-2,-7,-2,-7,-3,-6,-3,-5,-3,-5,-3,-4,-3,-4,-3,-3,-3,-2,-3,-2,-3,-1,-3,-1,-3,0,-3,0,-3,1,-4,1,-4,2,0,0,-4,3,-4,3,-4,4,-5,4,-5,4,-5,4,-5,4,-6,4,-6,4,-6,3,-7,3,-7,3,-7,2,-7,3,-7,1,-7,1,-7,1,-6,1,-6,0,-6,0,-5,-1,-6,0,-6,-1,-5,-1,-4,-2,-4,-3,0,0,0,0,0,0,0,0,0,0,0,0,0,0,2,-85,3,-83,0,-78,4,-74,6,-69,5,-69,2,-58,1,-61,-2,-52,1,-53,-5,-48,-4,-44,-5,-39,-5,-33,-1,-32,-6,-31,-7,-28,-15,-22,-10,-22,-13,-13,-11,-20,-12,-14,-14,-7,-12,-6,-15,-3,-14,-1,-13,2,-18,4,-18,13,-21,11,-18,10,-19,12,-22,18,-25,22,-24,18,-27,24,-33,20,-29,21,-37,21,-34,21,-35,19,-36,12,-40,11,-39,14,-39,13,-39,5,-34,7,-30,9,-34,2,-29,3,-32,-2,-30,-2,-29,-7,-26,-9,-23,-12,-21,-16,-21,-15,0,0,0,0,0,0,0,0,0,0,0,0,0,0,0,0,0,0,0,0,0,0,12,70,5,73,1,69,-3,69,-7,67,-4,69,-8,60,-6,63,-11,64,-9,58,-18,62,-15,54,-10,58,-11,54,-6,49,-7,49,-1,53,1,45,3,45,11,49,17,45,14,46,15,42,22,42,20,49,28,44,25,43,33,41,28,41,38,45,34,35,40,39,44,40,48,33,50,34,55,31,49,32,55,33,53,26,61,26,63,20,63,18,68,22,66,15,68,9,74,11,76,8,77,3,75,-3,74,0,77,0,79,1,93,1,79,-3,87,-4,91,-6,87,-8,0,0]"
CSI_DATA,36,1a:00:00:00:00:00,-49,11,1,0,1,1,1,0,0,0,1,-96,0,11,2,764442,0,44,0,384,0,"[0,0,0,0,0,0,0,0,0,0,0,0,-6,11,-5,11,-4,11,-4,10,-4,9,-4,8,-3,8,-3,8,-2,7,-2,6,-2,6,-1,5,-1,4,-1,4,0,4,0,4,0,3,0,2,1,2,2,1,1,1,2,0,2,0,2,-1,3,0,3,-1,0,0,3,-2,4,-2,5,-2,5,-2,6,-2,6,-2,6,-3,6,-2,6,-2,7,-1,7,-1,7,-1,6,0,6,0,6,1,6,1,5,1,5,1,4,1,5,1,4,2,4,2,3,2,3,2,2,3,1,3,0,0,0,0,0,0,0,0,0,0,0,0,0,0,-13,85,-15,77,-7,74,-7,74,-5,71,-12,69,-3,59,-4,56,-5,55,-2,53,-3,50,4,44,0,45,2,37,-1,34,3,34,5,27,8,18,11,22,13,21,13,16,12,11,12,4,13,4,9,-1,14,-4,18,0,16,-4,16,-8,15,-7,16,-16,17,-20,17,-20,22,-20,20,-25,24,-22,24,-20,27,-26,33,-23,31,-22,31,-22,35,-22,32,-21,36,-19,32,-17,35,-14,35,-12,30,-12,33,-9,35,-3,30,-4,31,-5,24,-3,24,-1,25,5,22,3,20,13,0,0,0,0,0,0,0,0,0,0,0,0,0,0,0,0,0,0,0,0,0,0,12,-72,19,-70,21,-66,26,-68,26,-65,30,-63,30,-61,30,-60,31,-58,27,-57,35,-56,29,-54,26,-54,26,-49,20,-48,17,-45,16,-51,15,-44,6,-45,5,-46,4,-44,-2,-45,-1,-50,-7,-55,-8,-49,-18,-51,-18,-47,-23,-50,-24,-48,-28,-53,-27,-46,-34,-51,-38,-49,-39,-47,-42,-48,-48,-44,-47,-43,-48,-41,-50,-40,-55,-36,-54,-38,-65,-30,-64,-29,-67,-26,-66,-23,-70,-13,-72,-21,-75,-15,-76,-13,-84,-18,-80,-15,-89,-13,-89,-14,-84,-8,-92,-9,-92,-12,-88,-8,0,0]"
CSI_DATA,37,1a:00:00:00:00:00,-49,11,1,0,1,1,1,0,0,0,1,-96,0,11,2,775639,0,44,0,384,0,"[0,0,0,0,0,0,0,0,0,0,0,0,-6,-12,-6,-11,-6,-10,-6,-11,-5,-9,-5,-9,-5,-8,-5,-7,-5,-7,-5,-6,-4,-6,-4,-5,-4,-4,-4,-4,-4,-3,-4,-3,-4,-2,-3,-1,-3,-1,-3,0,-3,0,-3,0,-2,1,-3,2,-3,2,-2,3,0,0,-2,4,-3,4,-3,5,-3,4,-3,5,-3,6,-4,6,-4,5,-4,6,-4,5,-5,5,-6,5,-5,4,-6,4,-5,4,-6,3,-6,3,-5,3,-6,2,-5,2,-5,1,-5,1,-5,1,-5,0,-4,-1,-4,-1,0,0,0,0,0,0,0,0,0,0,0,0,0,0,-12,-78,-13,-74,-18,-76,-10,-62,-10,-70,-11,-64,-11,-59,-11,-60,-8,-49,-11,-49,-13,-43,-14,-39,-12,-42,-10,-32,-13,-32,-14,-28,-12,-24,-15,-22,-14,-13,-12,-17,-16,-17,-12,-10,-12,-5,-14,-5,-15,0,-14,0,-12,8,-17,3,-20,9,-15,11,-15,15,-19,18,-15,19,-17,27,-14,22,-24,29,-18,25,-26,31,-26,31,-24,26,-27,25,-28,26,-33,21,-33,25,-30,19,-31,19,-34,14,-31,15,-29,9,-28,13,-29,10,-30,4,-29,1,-26,1,-23,2,-23,-8,-18,-11,0,0,0,0,0,0,0,0,0,0,0,0,0,0,0,0,0,0,0,0,0,0,20,65,11,70,11,68,4,67,1,65,-5,63,-3,61,-2,60,-3,66,-4,62,-6,59,-3,57,-4,58,-4,56,1,51,3,48,7,49,5,47,12,42,16,46,16,42,19,41,20,39,22,44,24,41,32,36,32,37,33,38,36,37,42,36,39,31,44,30,48,27,51,25,55,30,57,25,50,19,56,24,59,16,60,19,64,12,65,3,67,4,68,1,67,-2,65,-10,68,-10,66,-7,69,-13,75,-12,79,-10,80,-18,82,-17,79,-22,82,-22,84,-18,82,-21,0,0]"
CSI_DATA,38,1a:00:00:00:00:00,-49,11,1,0,1,1,1,0,0,0,1,-96,0,11,2,785625,0,44,0,384,0,"[0,0,0,0,0,0,0,0,0,0,0,0,0,-14,0,-13,-1,-12,0,-12,0,-11,0,-11,0,-10,-1,-9,-1,-9,-2,-7,-1,-7,-2,-7,-2,-6,-2,-5,-2,-5,-2,-4,-3,-3,-2,-3,-3,-2,-3,-2,-3,-1,-3,-1,-3,0,-4,1,-4,1,-4,1,0,0,-5,2,-5,2,-5,3,-5,3,-6,3,-6,3,-6,4,-7,3,-7,3,-7,2,-7,2,-7,2,-7,2,-7,1,-7,0,-7,0,-7,0,-6,-1,-6,-1,-6,-1,-6,-2,-5,-2,-5,-2,-5,-2,-4,-3,-4,-3,0,0,0,0,0,0,0,0,0,0,0,0,0,0,6,-41,7,-37,6,-40,8,-36,6,-35,8,-30,1,-30,3,-31,3,-27,3,-25,0,-25,3,-21,0,-22,0,-17,0,-19,-3,-15,-4,-15,-5,-12,-5,-10,-5,-11,-7,-9,-5,-9,-5,-4,-6,-3,-7,-5,-7,-2,-7,-2,-9,2,-9,2,-9,2,-10,5,-12,5,-9,7,-11,9,-11,8,-13,8,-15,8,-16,9,-16,7,-18,6,-20,5,-19,4,-18,4,-16,4,-19,3,-19,2,-17,2,-19,0,-14,1,-16,-3,-14,-2,-15,-2,-13,-4,-11,-5,-9,-7,-9,-8,-7,-7,0,0,0,0,0,0,0,0,0,0,0,0,0,0,0,0,0,0,0,0,0,0,1,34,-2,35,-4,33,-6,34,-7,32,-10,34,-9,31,-10,31,-11,29,-9,27,-9,28,-8,26,-8,29,-8,25,-8,24,-7,24,-4,27,-3,23,-1,24,0,23,2,22,4,25,5,21,7,21,9,22,12,22,10,21,12,21,12,23,16,23,13,21,18,21,17,22,20,20,22,23,22,19,20,18,24,14,23,16,28,16,29,15,27,12,31,13,34,12,30,10,34,12,35,7,36,6,35,6,37,6,39,5,42,2,42,7,39,3,42,4,44,1,43,4,0,0]"
CSI_DATA,39,1a:00:00:00:00:00,-49,11,1,0,1,1,1,0,0,0,1,-96,0,11,2,794441,0,44,0,384,0,"[0,0,0,0,0,0,0,0,0,0,0,0,-5,-13,-5,-13,-5,-12,-5,-11,-4,-11,-4,-9,-4,-8,-4,-8,-4,-8,-4,-7,-4,-7,-4,-6,-4,-5,-4,-4,-4,-4,-4,-3,-4,-2,-3,-2,-3,-1,-3,-1,-3,0,-3,0,-3,0,-3,1,-3,2,-3,2,0,0,-3,4,-4,4,-3,4,-3,5,-4,5,-5,5,-5,6,-5,5,-5,5,-5,5,-6,5,-6,4,-6,4,-7,4,-7,3,-6,3,-6,3,-6,2,-6,1,-6,1,-6,1,-6,0,-5,0,-5,-1,-5,-1,-4,-2,0,0,0,0,0,0,0,0,0,0,0,0,0,0,-14,-83,-12,-84,-11,-80,-6,-72,-4,-70,-7,-65,-6,-60,-10,-58,-7,-53,-7,-52,-12,-45,-8,-43,-11,-38,-10,-35,-6,-36,-10,-26,-9,-27,-13,-20,-12,-22,-8,-19,-12,-17,-16,-12,-13,-7,-15,-1,-13,2,-14,-3,-13,0,-18,7,-16,9,-16,8,-16,9,-20,14,-23,17,-23,15,-24,23,-30,21,-21,24,-28,23,-28,23,-30,25,-28,15,-31,17,-38,21,-35,15,-37,14,-36,9,-30,8,-32,7,-27,5,-31,2,-30,-2,-30,-2,-26,-2,-25,-2,-26,-7,-19,-11,-14,-11,0,0,0,0,0,0,0,0,0,0,0,0,0,0,0,0,0,0,0,0,0,0,33,64,27,62,25,61,19,68,16,65,11,63,8,58,9,61,9,63,7,61,7,60,2,57,6,60,6,52,4,51,6,49,13,51,11,46,15,42,20,41,25,40,26,42,26,38,28,37,31,36,32,36,37,32,37,37,41,35,47,28,44,26,50,30,50,30,53,21,56,24,57,20,53,21,55,16,60,15,62,11,66,9,64,2,62,2,68,0,66,-1,65,-3,66,-9,71,-11,72,-12,80,-11,79,-11,80,-17,82,-18,79,-16,85,-18,84,-20,87,-17,0,0]"
CSI_DATA,40,1a:00:00:00:00:00,-49,11,1,0,1,1,1,0,0,0,1,-96,0,11,2,804389,0,44,0,384,0,"[0,0,0,0,0,0,0,0,0,0,0,0,-6,-11,-6,-11,-7,-10,-6,-10,-6,-9,-5,-9,-5,-8,-5,-7,-5,-7,-5,-6,-4,-6,-4,-5,-4,-5,-4,-3,-4,-3,-4,-2,-3,-2,-4,-2,-3,-1,-3,0,-3,0,-3,0,-3,1,-3,2,-3,2,-3,2,0,0,-2,3,-3,4,-3,5,-3,5,-3,5,-4,5,-4,5,-4,5,-4,5,-4,5,-5,5,-5,5,-5,4,-5,4,-5,3,-5,3,-6,3,-5,3,-5,2,-5,2,-5,1,-5,1,-5,1,-5,0,-5,0,-4,-1,0,0,0,0,0,0,0,0,0,0,0,0,0,0,-30,-81,-27,-73,-28,-73,-26,-68,-17,-64,-18,-61,-22,-58,-23,-61,-23,-44,-17,-48,-17,-46,-17,-40,-18,-38,-17,-37,-15,-37,-21,-28,-18,-26,-18,-18,-19,-15,-16,-10,-17,-13,-13,-11,-15,-8,-16,-5,-13,1,-15,5,-13,2,-15,13,-17,10,-11,11,-13,12,-17,19,-18,21,-23,28,-16,23,-23,22,-22,22,-27,25,-26,27,-28,27,-30,27,-31,19,-35,20,-33,18,-34,15,-34,14,-33,8,-34,14,-31,9,-31,6,-32,4,-31,6,-27,2,-25,-1,-24,-5,-20,-6,-17,-12,0,0,0,0,0,0,0,0,0,0,0,0,0,0,0,0,0,0,0,0,0,0,56,44,50,48,45,53,45,60,40,52,34,58,31,52,36,52,37,58,30,52,27,54,27,52,34,50,29,49,28,46,28,40,32,41,30,35,30,35,33,33,34,27,40,32,36,28,39,27,42,24,45,19,46,21,50,22,49,18,55,17,46,13,59,11,54,9,55,11,62,6,58,2,55,3,59,-4,61,-6,61,-8,62,-10,64,-19,64,-12,64,-19,64,-19,68,-24,66,-25,64,-30,68,-34,71,-37,70,-34,67,-37,79,-39,66,-29,79,-40,81,-42,79,-37,0,0]"
CSI_DATA,41,1a:00:00:00:00:00,-49,11,1,0,1,1,1,0,0,0,1,-96,0,11,2,814382,0,44,0,384,0,"[0,0,0,0,0,0,0,0,0,0,0,0,2,-13,2,-13,0,-12,1,-12,0,-10,1,-10,1,-9,0,-8,0,-8,-1,-7,0,-7,-1,-6,-1,-6,-2,-5,-2,-5,-2,-4,-2,-4,-2,-3,-3,-2,-3,-2,-3,-1,-3,-1,-3,-1,-4,0,-4,1,-3,0,0,0,-4,2,-5,2,-6,2,-5,2,-6,2,-6,2,-7,2,-6,2,-7,2,-7,1,-7,1,-8,1,-7,1,-7,0,-7,0,-7,-1,-6,-1,-6,-1,-6,-2,-6,-2,-5,-3,-5,-2,-5,-2,-4,-3,-3,-3,-3,-3,0,0,0,0,0,0,0,0,0,0,0,0,0,0,27,-75,25,-74,21,-67,20,-71,25,-73,17,-56,15,-61,13,-56,12,-49,15,-52,14,-47,7,-44,12,-41,5,-40,6,-31,2,-34,-1,-26,-4,-22,-7,-23,-4,-24,-9,-19,-6,-17,-12,-11,-10,-9,-9,-5,-14,-5,-16,-4,-17,4,-18,2,-19,6,-17,3,-25,6,-25,9,-30,7,-27,12,-30,12,-28,7,-33,13,-36,7,-33,4,-41,7,-38,4,-40,3,-36,0,-38,-3,-36,-8,-34,-5,-33,-7,-33,-7,-30,-11,-29,-13,-26,-13,-23,-14,-24,-13,-18,-15,-16,-17,-11,-18,0,0,0,0,0,0,0,0,0,0,0,0,0,0,0,0,0,0,0,0,0,0,0,72,-10,69,-12,69,-18,62,-20,66,-17,59,-22,62,-22,61,-27,59,-22,57,-28,57,-19,53,-16,55,-21,53,-19,45,-17,50,-12,51,-13,51,-6,41,-2,48,0,45,0,45,3,48,9,45,8,46,10,49,14,48,16,46,19,47,21,45,26,46,28,51,32,49,35,46,36,46,38,49,36,44,48,40,44,41,50,40,48,39,58,33,52,34,65,33,57,27,63,23,69,25,69,26,71,21,77,22,74,16,80,17,81,24,83,18,89,22,79,19,86,23,0,0]"
CSI_DATA,42,1a:00:00:00:00:00,-49,11,1,0,1,1,1,0,0,0,1,-96,0,11,2,824645,0,44,0,384,0,"[0,0,0,0,0,0,0,0,0,0,0,0,-9,-10,-9,-9,-9,-9,-8,-9,-8,-8,-7,-7,-7,-6,-7,-6,-7,-5,-6,-5,-6,-5,-5,-4,-5,-4,-5,-2,-5,-3,-4,-1,-4,-1,-3,-1,-4,0,-4,0,-3,1,-3,1,-2,1,-2,2,-2,3,-1,3,0,0,-1,4,-2,5,-2,5,-1,5,-2,5,-2,6,-2,6,-3,6,-2,7,-3,6,-4,6,-4,6,-4,5,-4,5,-5,5,-4,4,-5,4,-4,4,-5,3,-5,3,-5,3,-5,2,-5,1,-5,1,-4,0,-4,-1,0,0,0,0,0,0,0,0,0,0,0,0,0,0,-62,-51,-68,-51,-59,-44,-56,-42,-53,-44,-45,-37,-53,-37,-52,-33,-46,-33,-39,-29,-40,-22,-39,-25,-38,-19,-30,-20,-31,-16,-27,-11,-33,-10,-26,-7,-19,-3,-22,-4,-16,1,-16,1,-16,5,-14,7,-13,9,-8,6,-7,13,-2,15,-4,17,-5,19,-1,25,4,22,2,24,6,31,5,29,1,33,2,35,-1,37,0,39,0,38,-5,34,-11,33,-11,35,-12,38,-15,34,-13,32,-12,32,-15,33,-19,23,-13,23,-19,20,-15,22,-17,20,-19,21,-19,13,-23,8,-19,5,0,0,0,0,0,0,0,0,0,0,0,0,0,0,0,0,0,0,0,0,0,0,64,25,60,34,67,36,57,37,54,43,53,38,48,40,51,40,51,39,49,38,44,44,45,37,48,38,41,36,40,32,38,29,43,26,42,24,39,21,43,21,44,18,48,14,45,11,51,10,45,7,48,2,52,2,50,0,52,0,49,-8,51,-9,56,-13,58,-17,56,-20,55,-21,52,-19,55,-24,56,-30,54,-31,54,-38,50,-38,50,-42,49,-42,50,-47,48,-46,42,-51,46,-55,44,-61,45,-61,50,-72,50,-63,41,-65,44,-70,46,-69,48,-75,48,-73,51,-76,0,0]"
CSI_DATA,43,1a:00:00:00:00:00,-49,11,1,0,1,1,1,0,0,0,1,-96,0,11,2,844388,0,44,0,384,0,"[0,0,0,0,0,0,0,0,0,0,0,0,3,12,3,12,4,11,3,11,3,10,2,8,3,8,3,7,3,7,3,6,2,6,2,5,3,4,3,4,3,3,3,2,2,2,2,2,3,1,2,0,3,-1,3,-1,2,-2,2,-2,2,-3,2,-3,0,0,2,-4,3,-5,3,-6,3,-5,4,-5,4,-6,4,-6,4,-6,4,-6,5,-6,6,-5,5,-4,6,-4,6,-4,5,-3,5,-3,5,-4,4,-3,5,-2,5,-2,5,-1,5,-1,5,0,4,0,3,1,3,2,0,0,0,0,0,0,0,0,0,0,0,0,0,0,14,86,11,83,17,71,8,70,8,71,7,64,9,58,10,61,12,48,12,51,10,47,8,43,7,40,11,35,7,35,11,31,12,26,19,22,14,23,15,16,15,12,9,12,12,9,15,1,13,4,16,-6,12,-2,13,-8,18,-13,16,-10,19,-11,17,-17,19,-17,20,-24,19,-22,22,-27,26,-26,24,-26,28,-26,30,-23,25,-26,28,-17,33,-23,34,-19,34,-15,35,-14,32,-13,34,-12,30,-8,30,-6,26,-2,27,1,28,-2,23,2,25,3,21,9,17,9,0,0,0,0,0,0,0,0,0,0,0,0,0,0,0,0,0,0,0,0,0,0,-35,-64,-31,-65,-27,-66,-23,-69,-18,-66,-14,-64,-15,-60,-11,-65,-13,-65,-10,-60,-11,-63,-8,-58,-12,-58,-10,-59,-13,-51,-11,-51,-18,-50,-14,-50,-23,-47,-20,-41,-17,-42,-25,-44,-25,-42,-31,-39,-35,-38,-37,-34,-41,-41,-42,-36,-41,-31,-47,-33,-43,-29,-50,-27,-52,-28,-55,-23,-56,-23,-60,-22,-54,-20,-61,-17,-60,-12,-67,-7,-69,-10,-67,-4,-66,-4,-69,1,-72,5,-67,1,-71,4,-71,12,-74,14,-78,15,-78,22,-83,15,-85,16,-81,14,-90,20,-91,20,-87,15,0,0]"
CSI_DATA,44,1a:00:00:00:00:00,-49,11,1,0,1,1,1,0,0,0,1,-96,0,11,2,864463,0,44,0,384,0,"[0,0,0,0,0,0,0,0,0,0,0,0,-7,-11,-7,-11,-8,-10,-7,-10,-7,-9,-6,-8,-6,-7,-6,-7,-5,-6,-5,-6,-4,-6,-5,-5,-5,-4,-5,-3,-4,-3,-4,-3,-4,-2,-3,-1,-3,-1,-3,-1,-3,0,-3,0,-3,1,-2,2,-3,2,-2,3,0,0,-2,4,-3,4,-3,4,-2,5,-3,5,-3,5,-3,6,-3,5,-4,6,-4,5,-5,5,-5,5,-5,5,-5,4,-5,3,-5,3,-5,3,-5,3,-6,2,-5,2,-5,1,-5,1,-5,1,-5,0,-4,-1,-4,-1,0,0,0,0,0,0,0,0,0,0,0,0,0,0,-31,-77,-26,-73,-33,-68,-26,-65,-33,-69,-23,-58,-28,-57,-23,-55,-24,-48,-21,-45,-23,-44,-21,-40,-25,-37,-19,-32,-19,-30,-20,-21,-28,-23,-21,-15,-20,-13,-14,-8,-19,-12,-13,-10,-18,-3,-14,0,-15,3,-13,7,-10,6,-17,10,-11,14,-13,13,-12,17,-9,21,-14,20,-12,23,-14,21,-17,27,-16,27,-12,32,-23,30,-23,28,-23,30,-24,30,-27,26,-26,25,-26,23,-27,21,-28,21,-27,19,-25,12,-24,10,-27,13,-29,12,-27,7,-27,7,-22,3,-20,-1,-20,-5,0,0,0,0,0,0,0,0,0,0,0,0,0,0,0,0,0,0,0,0,0,0,43,56,31,56,30,60,28,65,23,69,19,62,19,57,15,62,16,64,15,59,15,56,17,53,20,57,16,52,15,51,17,43,22,46,21,44,24,37,23,39,29,42,32,39,33,38,34,34,39,29,40,26,42,27,44,26,43,27,48,20,48,18,52,18,56,24,55,17,58,11,56,11,55,7,58,4,57,4,64,-8,66,-2,65,-6,62,-9,60,-16,60,-18,70,-14,70,-22,69,-23,67,-29,73,-32,74,-33,70,-35,77,-29,72,-36,81,-39,77,-45,80,-37,0,0]"
CSI_DATA,45,1a:00:00:00:00:00,-49,11,1,0,1,1,1,0,0,0,1,-96,0,11,2,874390,0,44,0,384,0,"[0,0,0,0,0,0,0,0,0,0,0,0,-11,-9,-10,-8,-10,-7,-9,-7,-9,-7,-8,-6,-8,-5,-7,-5,-7,-5,-7,-4,-6,-4,-6,-3,-5,-3,-6,-2,-5,-2,-4,-1,-4,-1,-3,0,-4,0,-4,0,-3,0,-3,1,-3,1,-2,2,-2,2,-2,3,0,0,-1,4,-2,4,-1,5,-1,5,-2,5,-2,6,-2,6,-3,6,-2,6,-3,6,-3,6,-4,5,-4,5,-4,5,-4,4,-5,4,-5,4,-5,3,-4,3,-5,3,-5,2,-5,2,-5,1,-5,1,-5,0,-4,0,0,0,0,0,0,0,0,0,0,0,0,0,0,0,-64,-55,-57,-60,-61,-56,-52,-47,-53,-53,-47,-43,-45,-46,-46,-45,-41,-37,-40,-31,-39,-23,-36,-29,-39,-26,-33,-23,-25,-19,-29,-18,-29,-21,-22,-11,-23,-10,-17,-11,-16,-4,-16,-4,-17,2,-16,1,-16,8,-15,9,-9,13,-11,14,-8,15,-7,16,-6,21,-5,21,-9,21,-8,28,-6,30,-8,27,-15,35,-8,37,-16,33,-14,34,-15,34,-17,33,-24,32,-25,31,-23,32,-24,26,-21,21,-25,26,-24,17,-21,19,-24,17,-23,15,-24,14,-27,8,-23,7,-22,0,-22,-1,0,0,0,0,0,0,0,0,0,0,0,0,0,0,0,0,0,0,0,0,0,0,71,9,69,15,66,19,63,25,62,29,59,28,59,28,54,27,58,30,51,33,52,36,55,36,56,34,52,37,42,30,40,21,49,27,53,20,44,17,50,8,53,7,56,11,42,9,50,8,44,8,47,5,56,-4,55,-13,52,-3,53,-16,49,-14,54,-19,52,-21,52,-19,56,-26,64,-27,52,-29,52,-23,57,-27,54,-33,51,-41,55,-41,46,-43,48,-44,43,-49,51,-57,49,-54,41,-58,46,-68,44,-64,55,-64,47,-69,58,-67,51,-66,55,-74,57,-71,58,-75,0,0]"
CSI_DATA,46,1a:00:00:00:00:00,-49,11,1,0,1,1,1,0,0,0,1,-96,0,11,2,884400,0,44,0,384,0,"[0,0,0,0,0,0,0,0,0,0,0,0,0,-13,0,-13,-1,-12,-1,-12,-1,-10,0,-10,-1,-10,-1,-9,-1,-8,-1,-7,-1,-8,-2,-6,-2,-6,-2,-5,-2,-5,-3,-5,-3,-4,-3,-3,-3,-3,-3,-2,-3,-1,-3,-1,-3,0,-4,0,-4,0,-4,1,0,0,-4,2,-5,2,-5,2,-5,2,-6,2,-6,3,-6,3,-7,2,-7,2,-7,2,-7,1,-8,1,-7,1,-7,1,-7,0,-7,0,-7,-1,-6,-1,-6,-1,-6,-1,-5,-2,-5,-2,-5,-3,-5,-3,-4,-4,-3,-3,0,0,0,0,0,0,0,0,0,0,0,0,0,0,3,-80,3,-80,0,-75,7,-73,-2,-72,6,-64,5,-64,-2,-58,-4,-53,-1,-52,-4,-49,-4,-46,2,-45,-6,-36,-3,-33,-6,-31,-11,-30,-12,-27,-10,-20,-10,-25,-13,-21,-12,-13,-16,-10,-11,-6,-15,-5,-12,-2,-18,0,-17,0,-16,2,-20,5,-16,9,-19,5,-25,15,-25,19,-24,15,-30,17,-27,16,-30,17,-35,14,-34,14,-34,17,-36,9,-37,12,-37,11,-33,8,-38,4,-33,1,-34,4,-32,-1,-29,-1,-28,-2,-28,-3,-28,-7,-25,-8,-24,-9,-19,-16,-16,-15,0,0,0,0,0,0,0,0,0,0,0,0,0,0,0,0,0,0,0,0,0,0,21,69,8,64,8,69,5,66,3,71,-4,65,-4,61,-6,62,0,64,-3,59,-11,63,-5,58,-1,60,-3,60,-5,49,-3,52,4,52,0,48,7,44,10,46,14,42,12,47,18,45,20,43,20,42,26,41,29,41,32,41,27,42,35,40,35,37,40,39,39,40,42,33,49,36,49,30,49,34,54,29,51,30,63,26,57,18,60,17,64,19,69,16,66,14,62,8,71,11,72,5,71,1,77,4,74,4,81,-4,85,2,81,5,87,-7,85,-5,88,0,0,0]"
CSI_DATA,47,1a:00:00:00:00:00,-49,11,1,0,1,1,1,0,0,0,1,-96,0,11,2,894425,0,44,0,384,0,"[0,0,0,0,0,0,0,0,0,0,0,0,12,-4,11,-4,10,-4,10,-4,9,-3,8,-4,8,-4,7,-4,6,-4,6,-3,6,-3,5,-4,4,-3,3,-3,2,-3,2,-4,1,-4,1,-3,1,-3,0,-3,0,-3,-1,-3,-1,-3,-2,-3,-2,-3,-3,-3,0,0,-4,-3,-4,-4,-4,-4,-5,-4,-4,-4,-5,-4,-5,-4,-5,-5,-5,-5,-5,-6,-5,-6,-4,-6,-4,-6,-4,-6,-3,-6,-3,-6,-3,-6,-3,-5,-2,-6,-2,-6,-1,-6,-1,-5,0,-5,0,-5,0,-5,1,-4,0,0,0,0,0,0,0,0,0,0,0,0,0,0,84,-15,81,-9,73,-18,72,-17,65,-16,61,-15,58,-17,59,-14,50,-11,47,-14,41,-18,38,-19,39,-16,36,-12,32,-15,31,-18,28,-12,21,-14,17,-18,14,-16,9,-23,11,-18,5,-19,8,-15,2,-12,-1,-15,-7,-11,-4,-13,-9,-16,-13,-20,-17,-16,-17,-17,-16,-18,-22,-15,-24,-19,-21,-22,-22,-21,-27,-19,-23,-29,-28,-30,-24,-26,-23,-33,-23,-32,-18,-33,-11,-33,-23,-31,-17,-32,-13,-34,-12,-32,-10,-27,-8,-26,-4,-28,-6,-26,6,-29,1,-26,3,-23,6,-19,0,0,0,0,0,0,0,0,0,0,0,0,0,0,0,0,0,0,0,0,0,0,-64,35,-63,26,-67,20,-66,19,-70,12,-66,13,-63,9,-63,8,-71,13,-66,10,-58,2,-57,10,-59,11,-59,8,-54,9,-57,10,-53,14,-49,18,-46,14,-42,19,-41,23,-46,24,-40,24,-37,26,-42,29,-37,38,-38,38,-31,39,-33,37,-33,49,-27,46,-30,49,-26,51,-27,51,-26,52,-20,57,-22,53,-16,56,-15,60,-6,62,-8,63,1,64,0,65,4,66,10,65,11,71,8,72,13,69,13,77,14,78,17,72,22,79,20,86,24,76,25,85,25,85,25,85,0,0]"
CSI_DATA,48,1a:00:00:00:00:00,-49,11,1,0,1,1,1,0,0,0,1,-96,0,11,2,904383,0,44,0,384,0,"[0,0,0,0,0,0,0,0,0,0,0,0,12,-3,11,-3,10,-3,10,-3,10,-3,9,-3,8,-4,7,-4,7,-3,6,-3,6,-3,5,-4,4,-3,4,-3,3,-3,3,-4,2,-4,1,-3,1,-3,0,-3,0,-3,-1,-3,-1,-3,-2,-3,-2,-3,-3,-4,0,0,-4,-3,-4,-4,-4,-4,-5,-4,-5,-4,-5,-5,-5,-5,-5,-5,-5,-6,-5,-6,-4,-6,-4,-6,-4,-7,-3,-6,-3,-7,-3,-6,-2,-6,-2,-6,-2,-6,-2,-6,-1,-6,-1,-5,0,-5,0,-5,1,-5,1,-4,0,0,0,0,0,0,0,0,0,0,0,0,0,0,80,-25,83,-19,72,-24,66,-26,70,-23,62,-21,63,-23,56,-21,51,-17,46,-18,43,-21,37,-18,38,-15,36,-22,31,-18,27,-21,27,-20,24,-17,14,-18,18,-16,8,-19,11,-15,6,-15,4,-15,3,-16,-3,-20,-5,-17,-6,-14,-11,-15,-17,-15,-18,-17,-21,-19,-18,-20,-19,-18,-24,-19,-21,-20,-25,-28,-24,-22,-20,-29,-22,-30,-24,-27,-23,-34,-18,-28,-21,-34,-13,-30,-15,-35,-11,-30,-11,-34,-12,-32,-6,-31,-2,-31,-4,-29,2,-26,6,-26,2,-26,5,-24,8,-18,0,0,0,0,0,0,0,0,0,0,0,0,0,0,0,0,0,0,0,0,0,0,-43,57,-50,50,-55,44,-54,46,-61,39,-56,38,-58,32,-58,34,-59,33,-59,30,-57,30,-53,29,-49,31,-53,29,-48,27,-47,25,-43,30,-42,31,-38,29,-39,29,-36,38,-36,38,-37,39,-29,42,-29,42,-25,48,-23,49,-23,51,-21,51,-21,52,-14,52,-20,58,-12,59,-13,59,-8,62,-11,58,-3,62,-2,63,-1,59,4,68,3,66,8,68,10,67,18,71,15,65,26,68,22,63,29,65,30,71,32,76,33,78,36,76,37,78,37,76,30,83,37,80,37,87,0,0]"
CSI_DATA,49,1a:00:00:00:00:00,-49,11,1,0,1,1,1,0,0,0,1,-96,0,11,2,914393,0,44,0,384,0,"[0,0,0,0,0,0,0,0,0,0,0,0,8,9,8,8,8,8,7,8,7,7,6,6,6,5,6,5,5,4,5,4,5,4,4,3,4,2,4,2,3,1,4,1,3,0,2,0,3,0,2,-1,2,-1,2,-2,1,-2,2,-3,1,-3,1,-4,0,0,0,-4,1,-5,1,-6,1,-6,1,-6,1,-6,1,-6,2,-7,2,-7,2,-7,3,-7,3,-6,3,-6,3,-6,4,-6,3,-5,4,-5,3,-5,3,-4,3,-4,4,-3,4,-3,4,-2,4,-2,3,-1,3,0,0,0,0,0,0,0,0,0,0,0,0,0,0,0,62,52,58,52,60,49,56,48,49,48,44,41,43,35,47,41,38,34,38,33,39,27,36,24,31,26,31,18,29,18,28,13,29,9,27,8,24,14,19,5,20,-1,16,-1,15,-4,11,-9,12,-10,13,-13,8,-11,8,-13,10,-16,5,-18,5,-16,2,-23,0,-31,3,-27,5,-28,3,-33,1,-33,5,-33,9,-38,3,-34,10,-31,16,-33,15,-34,16,-33,17,-33,17,-32,18,-29,22,-28,20,-26,18,-22,21,-20,20,-15,21,-15,23,-15,20,-10,22,-7,19,-1,0,0,0,0,0,0,0,0,0,0,0,0,0,0,0,0,0,0,0,0,0,0,-69,-24,-58,-33,-63,-33,-57,-35,-59,-38,-54,-41,-52,-39,-49,-43,-50,-38,-50,-39,-44,-46,-47,-38,-50,-36,-44,-36,-39,-34,-42,-34,-47,-27,-43,-25,-40,-22,-45,-23,-46,-21,-51,-13,-47,-14,-51,-11,-48,-9,-56,-7,-51,-5,-54,-1,-53,-3,-57,5,-55,4,-59,9,-59,12,-57,11,-59,13,-55,19,-55,19,-58,24,-55,30,-57,28,-55,31,-57,39,-50,41,-56,39,-50,43,-52,45,-51,48,-50,54,-49,59,-54,58,-54,67,-52,60,-54,63,-56,63,-58,71,-55,74,-59,67,0,0]"
CSI_DATA,50,1a:00:00:00:00:00,-49,11,1,0,1,1,1,0,0,0,1,-96,0,11,2,924628,0,44,0,384,0,"[0,0,0,0,0,0,0,0,0,0,0,0,9,-9,9,-9,7,-8,7,-8,6,-8,6,-7,6,-7,5,-7,5,-6,4,-5,4,-6,3,-5,2,-5,2,-5,1,-4,0,-5,0,-4,1,-4,0,-3,-1,-3,-1,-3,-2,-3,-2,-3,-3,-2,-3,-2,-4,-2,0,0,-5,-2,-5,-2,-5,-2,-6,-2,-6,-2,-6,-2,-6,-2,-6,-3,-7,-3,-6,-3,-6,-5,-6,-4,-6,-5,-5,-4,-5,-5,-5,-5,-4,-4,-4,-5,-4,-5,-3,-5,-2,-5,-2,-5,-2,-5,-1,-5,-1,-5,0,-4,0,0,0,0,0,0,0,0,0,0,0,0,0,0,57,-55,56,-53,52,-51,47,-55,46,-55,45,-46,37,-46,39,-44,31,-38,27,-36,27,-39,25,-38,24,-35,19,-29,17,-34,12,-27,11,-26,11,-25,7,-18,7,-22,-5,-22,-2,-19,-6,-12,-5,-16,-10,-10,-9,-10,-14,-11,-17,-8,-18,-6,-21,-11,-22,-6,-24,-7,-24,-3,-30,-3,-29,-1,-31,-5,-31,-7,-32,-6,-34,-7,-33,-11,-35,-7,-39,-12,-34,-11,-36,-12,-29,-17,-31,-15,-28,-18,-26,-21,-24,-22,-23,-21,-23,-21,-19,-19,-15,-21,-12,-21,-10,-20,-12,-19,-2,-24,0,0,0,0,0,0,0,0,0,0,0,0,0,0,0,0,0,0,0,0,0,0,-25,66,-33,61,-33,57,-38,54,-40,56,-41,47,-41,47,-40,49,-41,50,-45,43,-41,45,-44,44,-38,46,-40,44,-35,38,-33,37,-28,43,-25,43,-25,38,-23,46,-16,43,-21,46,-16,45,-9,49,-11,52,-2,52,-5,48,1,53,-1,53,2,56,4,54,6,55,10,58,13,57,13,59,16,61,17,56,26,55,24,56,26,57,29,53,37,56,39,52,42,56,40,50,48,54,49,48,54,47,54,50,54,49,56,51,63,47,61,54,64,49,67,53,63,50,63,52,0,0]"
CSI_DATA,51,1a:00:00:00:00:00,-48,11,1,0,1,1,1,0,0,0,1,-96,0,11,2,934421,0,44,0,384,0,"[0,0,0,0,0,0,0,0,0,0,0,0,-12,4,-11,4,-10,4,-10,3,-10,3,-9,3,-8,4,-7,3,-7,3,-6,3,-6,3,-5,3,-4,2,-4,3,-3,2,-3,3,-3,3,-2,2,-1,2,-1,2,-1,1,0,2,1,2,1,2,1,2,2,2,0,0,3,2,3,2,4,2,5,2,4,2,4,2,5,3,4,3,5,3,5,4,5,4,4,4,4,4,3,4,3,4,3,5,3,4,3,4,2,4,2,4,1,4,1,4,0,3,0,3,-1,3,-1,3,0,0,0,0,0,0,0,0,0,0,0,0,0,0,-79,21,-75,19,-71,29,-67,24,-65,23,-57,20,-56,21,-56,16,-51,17,-44,20,-44,19,-37,19,-37,17,-32,15,-27,19,-26,18,-26,17,-17,14,-20,14,-12,17,-9,18,-9,20,-6,20,-2,18,-2,12,-1,13,4,13,8,11,10,13,13,8,15,11,19,10,18,14,23,12,23,13,25,15,29,17,27,19,26,20,24,19,28,24,31,21,23,26,24,26,17,24,23,27,17,28,16,26,16,24,15,28,13,24,11,28,2,20,2,23,1,22,-1,24,-2,20,0,0,0,0,0,0,0,0,0,0,0,0,0,0,0,0,0,0,0,0,0,0,55,-43,58,-32,58,-30,60,-30,59,-24,64,-19,56,-20,59,-18,61,-18,61,-17,58,-13,58,-22,53,-21,54,-15,52,-15,50,-16,46,-23,46,-21,44,-25,40,-24,43,-32,39,-29,35,-34,36,-38,31,-37,31,-44,31,-44,26,-43,30,-43,31,-54,21,-49,22,-58,20,-55,17,-54,20,-61,13,-53,13,-58,6,-63,2,-57,1,-63,-3,-62,-8,-65,-4,-67,-7,-68,-17,-65,-17,-69,-19,-68,-26,-68,-24,-69,-25,-76,-28,-73,-38,-74,-33,-77,-31,-78,-35,-84,-36,-80,-29,-81,0,0]"
CSI_DATA,52,1a:00:00:00:00:00,-49,11,1,0,1,1,1,0,0,0,1,-96,0,11,2,944518,0,44,0,384,0,"[0,0,0,0,0,0,0,0,0,0,0,0,9,-9,9,-9,7,-9,7,-8,6,-7,6,-7,6,-7,5,-7,5,-6,4,-6,4,-6,3,-6,2,-5,2,-5,1,-4,1,-5,0,-4,0,-4,-1,-3,-1,-3,-1,-3,-2,-3,-2,-3,-3,-2,-3,-2,-4,-2,0,0,-4,-2,-5,-1,-6,-1,-6,-2,-6,-2,-6,-2,-6,-3,-7,-3,-7,-3,-6,-4,-7,-4,-6,-3,-6,-4,-6,-4,-5,-4,-5,-5,-5,-4,-4,-5,-4,-4,-3,-5,-3,-5,-3,-4,-2,-4,-2,-4,-1,-5,0,-4,0,0,0,0,0,0,0,0,0,0,0,0,0,0,54,-62,50,-52,46,-54,41,-54,44,-47,42,-47,38,-43,34,-43,31,-37,31,-36,27,-36,22,-34,23,-35,21,-29,19,-28,12,-27,11,-26,7,-26,4,-19,3,-20,-4,-22,-3,-19,-5,-12,-5,-11,-4,-14,-13,-10,-9,-14,-14,-8,-10,-3,-22,-11,-17,-1,-24,-7,-20,-2,-29,-2,-28,-7,-27,-10,-30,-6,-30,-7,-34,-7,-38,-7,-33,-12,-36,-15,-28,-14,-33,-20,-31,-17,-29,-17,-28,-19,-23,-18,-25,-21,-22,-24,-19,-24,-17,-24,-18,-20,-10,-18,-10,-20,-7,-23,-5,-21,0,0,0,0,0,0,0,0,0,0,0,0,0,0,0,0,0,0,0,0,0,0,-14,66,-20,64,-20,58,-28,61,-29,58,-34,54,-30,52,-30,51,-34,53,-34,50,-35,47,-35,50,-30,51,-29,46,-27,46,-28,44,-23,46,-22,41,-18,44,-18,42,-15,47,-13,49,-7,48,-8,49,-8,52,-1,52,0,52,0,55,3,51,11,56,10,49,10,59,17,55,14,54,21,58,25,58,20,53,28,51,26,49,35,52,35,56,41,49,45,50,48,47,46,48,43,45,52,47,54,45,55,44,53,47,56,46,66,47,68,50,62,47,65,50,71,44,66,47,0,0]"
CSI_DATA,53,1a:00:00:00:00:00,-49,11,1,0,1,1,1,0,0,0,1,-96,0,11,2,964721,0,44,0,384,0,"[0,0,0,0,0,0,0,0,0,0,0,0,-7,-11,-8,-10,-8,-9,-7,-10,-7,-9,-6,-7,-6,-7,-6,-7,-5,-6,-5,-6,-5,-5,-5,-5,-5,-4,-5,-3,-5,-3,-4,-2,-4,-2,-3,-1,-4,-1,-4,0,-3,0,-3,1,-3,1,-3,1,-3,2,-2,2,0,0,-2,3,-3,4,-3,4,-2,5,-3,4,-4,5,-3,5,-4,5,-4,5,-4,5,-5,4,-5,4,-5,4,-5,3,-5,3,-5,3,-5,3,-5,2,-5,2,-5,1,-5,1,-5,0,-5,0,-5,-1,-4,-1,-4,-1,0,0,0,0,0,0,0,0,0,0,0,0,0,0,-46,-75,-41,-71,-43,-69,-38,-57,-34,-57,-33,-54,-29,-48,-31,-47,-27,-44,-21,-43,-26,-41,-24,-38,-26,-35,-24,-24,-17,-25,-20,-25,-24,-20,-25,-14,-19,-16,-19,-10,-19,-11,-21,-5,-17,-2,-16,0,-13,1,-12,4,-14,7,-12,11,-15,13,-10,13,-10,15,-12,17,-13,19,-15,24,-11,20,-19,27,-20,28,-18,29,-20,25,-24,24,-24,23,-31,22,-27,28,-29,22,-30,18,-29,18,-30,18,-31,15,-28,10,-25,12,-26,6,-27,1,-24,1,-26,2,-23,0,-19,-5,-20,-8,0,0,0,0,0,0,0,0,0,0,0,0,0,0,0,0,0,0,0,0,0,0,64,13,65,22,63,26,63,29,57,34,59,37,56,35,52,37,50,35,48,38,49,39,51,36,52,35,48,33,43,33,39,32,48,22,42,25,46,25,48,20,46,20,48,19,50,17,51,12,51,11,51,3,52,9,53,5,53,3,58,0,55,1,59,-6,62,-6,57,-9,66,-10,61,-10,57,-14,63,-24,59,-19,60,-24,60,-26,58,-28,63,-28,59,-38,55,-34,66,-39,60,-43,59,-45,56,-48,66,-48,61,-52,60,-53,66,-54,64,-52,70,-57,66,-55,70,-51,0,0]"
CSI_DATA,54,1a:00:00:00:00:00,-49,11,1,0,1,1,1,0,0,0,1,-96,0,11,2,984391,0,44,0,384,0,"[0,0,0,0,0,0,0,0,0,0,0,0,12,3,12,2,10,2,10,3,9,2,9,2,8,1,8,1,7,1,6,1,6,0,5,0,5,0,4,-1,4,-1,3,-1,3,-2,2,-2,2,-1,2,-2,1,-2,1,-3,0,-3,0,-3,0,-3,-1,-4,0,0,-2,-5,-1,-4,-2,-5,-2,-5,-2,-6,-1,-6,-1,-6,-2,-6,-1,-7,-1,-7,-1,-7,0,-7,0,-7,1,-6,1,-6,1,-6,1,-6,1,-6,2,-5,1,-5,2,-5,2,-4,2,-3,3,-3,3,-3,3,-2,0,0,0,0,0,0,0,0,0,0,0,0,0,0,63,48,59,48,61,46,54,41,60,41,47,33,50,36,48,35,40,27,41,30,38,23,34,23,35,17,32,13,33,12,29,10,30,10,21,7,23,6,21,1,18,0,13,-1,18,2,13,-5,9,-7,7,-11,7,-7,2,-13,4,-14,-4,-16,0,-19,-5,-22,-1,-23,-2,-26,-3,-27,0,-31,3,-28,2,-36,6,-33,2,-32,6,-29,5,-36,8,-40,12,-34,10,-31,10,-29,14,-30,15,-29,11,-22,13,-23,13,-18,16,-24,22,-16,20,-10,21,-14,18,-9,15,-9,0,0,0,0,0,0,0,0,0,0,0,0,0,0,0,0,0,0,0,0,0,0,-72,-6,-64,-13,-65,-20,-65,-20,-61,-25,-60,-27,-61,-28,-57,-26,-61,-26,-55,-30,-55,-28,-53,-28,-55,-27,-53,-24,-50,-26,-49,-21,-48,-17,-53,-21,-49,-15,-51,-13,-48,-8,-55,-12,-52,-2,-53,-2,-55,-2,-54,5,-57,4,-54,11,-58,7,-57,9,-53,13,-61,18,-53,19,-56,20,-58,22,-54,26,-57,29,-53,33,-53,38,-54,43,-50,40,-47,44,-49,47,-48,53,-46,52,-48,52,-51,53,-40,55,-39,61,-45,64,-45,68,-43,69,-43,70,-44,68,-48,76,-45,75,-48,79,0,0]"
CSI_DATA,55,1a:00:00:00:00:00,-49,11,1,0,1,1,1,0,0,0,1,-96,0,11,2,995690,0,44,0,384,0,"[0,0,0,0,0,0,0,0,0,0,0,0,-5,-13,-5,-12,-5,-11,-5,-11,-4,-10,-4,-9,-4,-9,-4,-8,-3,-7,-4,-6,-4,-6,-4,-5,-4,-5,-4,-4,-4,-4,-3,-3,-3,-3,-3,-2,-4,-2,-3,-1,-3,-1,-3,0,-3,0,-3,1,-3,2,-2,2,0,0,-3,3,-3,3,-3,4,-3,3,-4,4,-4,4,-4,5,-4,5,-4,4,-5,4,-5,4,-5,4,-5,3,-6,3,-6,2,-6,2,-6,2,-5,2,-5,1,-5,1,-5,0,-5,0,-5,0,-4,-1,-4,-1,-4,-2,0,0,0,0,0,0,0,0,0,0,0,0,0,0,-11,-82,-15,-84,-15,-72,-9,-69,-9,-73,-4,-68,-9,-58,-15,-56,-12,-53,-7,-51,-9,-46,-12,-42,-11,-43,-12,-36,-10,-32,-7,-28,-14,-31,-14,-21,-13,-16,-9,-19,-13,-14,-10,-12,-13,-8,-10,-6,-11,-5,-14,3,-10,-2,-17,3,-17,8,-12,6,-17,7,-18,13,-16,16,-20,19,-18,22,-23,19,-24,19,-22,25,-26,21,-27,20,-29,16,-31,12,-33,17,-33,15,-32,13,-29,8,-29,3,-30,3,-27,0,-30,2,-27,1,-29,1,-24,1,-25,-4,-23,-10,-17,-9,-15,-6,0,0,0,0,0,0,0,0,0,0,0,0,0,0,0,0,0,0,0,0,0,0,48,46,41,52,38,53,36,58,33,59,29,56,30,56,26,56,30,62,25,56,23,56,21,54,27,55,25,55,21,51,23,46,26,46,27,46,29,37,32,40,32,37,38,44,33,34,38,33,38,36,45,29,47,35,46,30,47,30,53,27,52,23,57,26,54,21,58,18,60,21,62,14,58,14,60,12,62,9,67,6,66,6,66,0,70,-2,68,-6,70,-5,68,-13,72,-11,71,-13,75,-19,77,-21,74,-19,79,-19,88,-19,78,-18,83,-22,83,-23,86,-23,0,0]"
CSI_DATA,56,1a:00:00:00:00:00,-49,11,1,0,1,1,1,0,0,0,1,-96,0,11,2,1004847,0,44,0,384,0,"[0,0,0,0,0,0,0,0,0,0,0,0,-13,0,-12,0,-12,1,-12,0,-10,0,-10,0,-9,1,-8,0,-8,1,-7,0,-7,1,-6,1,-6,1,-5,1,-5,1,-4,2,-3,1,-3,1,-2,1,-2,1,-1,1,-1,1,0,2,0,2,0,2,1,2,0,0,2,3,2,3,3,3,3,3,3,3,3,4,3,4,3,4,3,4,3,4,3,5,2,5,2,5,1,5,1,5,1,5,0,4,1,4,0,4,0,4,-1,4,-1,4,-2,3,-2,3,-2,3,-2,2,0,0,0,0,0,0,0,0,0,0,0,0,0,0,-85,-6,-79,-6,-78,4,-69,-2,-69,3,-63,1,-65,0,-62,-1,-54,-2,-48,3,-48,6,-39,6,-44,6,-40,3,-35,7,-31,11,-32,9,-23,7,-24,6,-19,9,-15,11,-14,8,-12,9,-9,9,-6,12,-5,15,-5,14,-1,12,5,14,11,11,9,9,12,17,10,16,19,19,16,21,17,21,18,26,17,28,19,28,16,21,20,31,16,32,11,30,12,29,10,29,10,24,8,28,6,31,5,27,6,28,1,25,1,23,-4,25,-6,23,-8,22,-7,18,-11,15,0,0,0,0,0,0,0,0,0,0,0,0,0,0,0,0,0,0,0,0,0,0,58,-31,64,-21,64,-20,65,-13,66,-14,62,-14,58,-12,62,-12,66,-10,62,-8,59,-8,60,-5,64,-14,55,-8,52,-8,53,-12,52,-18,48,-15,46,-16,48,-19,50,-24,46,-25,46,-25,45,-32,49,-31,43,-36,42,-34,43,-41,42,-38,40,-47,37,-48,39,-52,38,-51,33,-53,35,-53,33,-54,31,-57,21,-60,28,-58,22,-65,21,-61,15,-68,13,-69,9,-74,8,-71,2,-75,3,-75,-2,-77,0,-79,1,-83,-4,-80,-5,-85,-3,-86,-8,-79,-5,-92,-7,-91,-6,-90,0,0]"
CSI_DATA,57,1a:00:00:00:00:00,-49,11,1,0,1,1,1,0,0,0,1,-96,0,11,2,1014477,0,44,0,384,0,"[0,0,0,0,0,0,0,0,0,0,0,0,-6,-11,-6,-11,-6,-10,-6,-11,-6,-9,-5,-8,-5,-8,-5,-7,-4,-7,-4,-6,-4,-6,-4,-5,-4,-4,-4,-4,-4,-4,-3,-2,-3,-2,-3,-2,-3,-1,-3,-1,-3,-1,-3,0,-2,1,-2,1,-2,1,-2,2,0,0,-2,3,-2,3,-2,4,-2,4,-3,4,-3,4,-3,4,-3,5,-3,5,-3,4,-4,4,-4,4,-4,3,-5,3,-4,3,-5,3,-5,3,-4,3,-5,2,-4,2,-4,1,-5,1,-4,0,-4,0,-4,0,-3,-1,0,0,0,0,0,0,0,0,0,0,0,0,0,0,-32,-81,-31,-74,-30,-70,-28,-65,-22,-63,-23,-59,-23,-59,-27,-55,-22,-48,-20,-47,-22,-42,-19,-38,-20,-36,-20,-34,-17,-33,-17,-29,-19,-27,-21,-23,-14,-20,-12,-13,-18,-15,-13,-11,-17,-8,-16,-4,-19,-2,-12,1,-10,2,-12,9,-13,7,-12,11,-9,11,-12,13,-12,19,-11,24,-8,23,-15,26,-15,24,-19,25,-20,24,-18,28,-21,22,-22,23,-26,21,-24,23,-27,20,-28,15,-23,12,-30,16,-21,11,-24,10,-23,8,-21,7,-26,4,-25,3,-25,1,-17,-3,-15,-11,0,0,0,0,0,0,0,0,0,0,0,0,0,0,0,0,0,0,0,0,0,0,59,37,55,40,55,42,51,43,45,47,42,47,37,44,40,47,39,48,39,49,38,49,38,46,43,44,36,49,36,43,35,40,35,39,37,35,39,34,40,32,42,27,46,35,44,27,49,29,50,24,55,20,53,22,55,14,54,20,61,14,56,11,62,13,59,7,61,6,63,0,64,3,60,0,67,-4,63,-9,67,-11,65,-10,67,-18,67,-17,70,-23,68,-25,60,-26,69,-28,68,-33,68,-37,72,-33,74,-35,69,-41,77,-42,68,-35,81,-43,81,-45,75,-43,0,0]"
CSI_DATA,58,1a:00:00:00:00:00,-49,11,1,0,1,1,1,0,0,0,1,-96,0,11,2,1024419,0,44,0,384,0,"[0,0,0,0,0,0,0,0,0,0,0,0,-10,-9,-9,-8,-9,-8,-9,-8,-8,-7,-7,-7,-7,-6,-6,-5,-7,-5,-6,-4,-5,-4,-5,-4,-5,-4,-5,-3,-4,-3,-4,-2,-4,-1,-3,-1,-3,-1,-3,-1,-3,0,-2,0,-2,1,-2,1,-2,2,-1,2,0,0,-1,3,-1,3,-1,4,-1,4,-1,4,-1,4,-2,5,-2,5,-2,5,-2,5,-2,5,-3,5,-3,5,-4,4,-3,4,-4,4,-4,3,-3,3,-4,3,-4,2,-4,2,-4,2,-4,1,-4,0,-4,0,-3,0,0,0,0,0,0,0,0,0,0,0,0,0,0,0,-65,-59,-53,-52,-57,-52,-46,-56,-47,-46,-40,-46,-48,-40,-49,-42,-42,-37,-37,-38,-37,-29,-33,-32,-29,-30,-32,-25,-27,-19,-29,-15,-28,-19,-25,-9,-22,-8,-17,-5,-16,-3,-12,-6,-12,-7,-13,0,-12,-1,-11,7,-7,5,-9,12,-9,13,-3,10,-4,14,0,16,-6,16,-6,25,0,26,-4,24,-7,25,-8,31,-11,31,-7,31,-6,27,-11,29,-15,33,-15,31,-17,26,-17,26,-16,27,-18,23,-17,18,-20,18,-20,16,-17,15,-21,11,-18,9,-18,8,-16,5,-18,-3,0,0,0,0,0,0,0,0,0,0,0,0,0,0,0,0,0,0,0,0,0,0,63,8,62,15,62,15,65,19,57,23,57,29,54,24,54,29,54,25,51,24,54,27,47,24,58,22,50,23,49,23,49,20,51,18,49,15,51,12,51,10,47,9,55,13,50,6,55,4,53,0,54,-5,52,-8,58,-5,55,-5,60,-12,50,-13,61,-17,61,-16,54,-21,61,-19,56,-22,57,-25,54,-28,52,-36,54,-38,54,-38,53,-45,52,-43,48,-49,49,-44,55,-50,51,-50,44,-56,49,-59,52,-62,46,-65,47,-66,54,-68,51,-63,54,-74,53,-73,52,-71,0,0]"
CSI_DATA,59,1a:00:00:00:00:00,-49,11,1,0,1,1,1,0,0,0,1,-96,0,11,2,1034526,0,44,0,384,0,"[0,0,0,0,0,0,0,0,0,0,0,0,12,3,12,2,11,2,11,2,9,2,9,2,9,1,8,1,7,1,6,1,6,0,6,-1,5,0,4,0,4,-1,3,-1,3,-1,2,-1,2,-2,2,-2,1,-2,1,-2,0,-2,0,-3,0,-3,-1,-3,0,0,-2,-4,-2,-4,-2,-4,-3,-4,-2,-5,-2,-5,-2,-5,-2,-5,-2,-6,-2,-6,-2,-7,-1,-6,-1,-6,0,-5,-1,-6,-1,-6,0,-5,0,-5,0,-5,0,-5,1,-5,1,-4,1,-4,2,-3,2,-3,2,-2,0,0,0,0,0,0,0,0,0,0,0,0,0,0,37,16,36,19,35,14,34,13,31,14,29,13,26,12,26,12,24,9,22,7,22,6,20,7,18,4,18,5,15,6,14,2,13,4,13,1,12,1,10,-1,8,-2,8,-2,8,-2,6,-1,3,-3,4,-5,3,-4,1,-6,1,-8,-2,-8,-1,-8,-3,-9,-2,-8,-4,-12,-5,-10,-4,-12,-5,-13,-4,-13,-2,-15,-4,-14,-2,-16,-2,-16,1,-17,1,-16,4,-15,0,-15,2,-15,4,-15,2,-12,3,-13,4,-12,5,-11,5,-9,6,-9,7,-6,6,-5,7,-3,0,0,0,0,0,0,0,0,0,0,0,0,0,0,0,0,0,0,0,0,0,0,-34,4,-33,1,-33,0,-33,-2,-34,-4,-32,-5,-30,-5,-29,-6,-31,-4,-30,-7,-29,-6,-28,-5,-29,-5,-28,-7,-25,-3,-27,-3,-26,0,-27,-1,-24,1,-27,3,-26,4,-28,3,-26,5,-26,7,-26,6,-26,12,-24,9,-25,11,-26,12,-25,15,-24,13,-27,16,-25,18,-25,18,-26,19,-24,20,-21,21,-22,22,-23,22,-21,25,-19,26,-18,31,-19,29,-17,31,-16,30,-12,31,-17,33,-13,33,-14,36,-16,37,-16,39,-12,38,-15,39,-14,40,-16,41,-17,41,-14,42,0,0]"
CSI_DATA,60,1a:00:00:00:00:00,-49,11,1,0,1,1,1,0,0,0,1,-96,0,11,2,1075030,0,44,0,384,0,"[0,0,0,0,0,0,0,0,0,0,0,0,11,-8,10,-7,9,-8,9,-6,9,-7,8,-6,7,-6,7,-6,6,-5,5,-4,5,-4,4,-5,4,-4,3,-3,3,-3,2,-4,2,-3,1,-3,1,-3,0,-2,0,-2,-1,-2,-1,-2,-2,-2,-2,-1,-2,-1,0,0,-4,-1,-4,-1,-4,-1,-5,-1,-4,-1,-5,-1,-5,-1,-5,-2,-6,-2,-6,-3,-6,-3,-5,-3,-5,-3,-5,-3,-4,-3,-4,-4,-4,-3,-4,-4,-3,-4,-3,-4,-3,-4,-2,-4,-2,-3,-1,-3,-1,-4,0,-3,0,0,0,0,0,0,0,0,0,0,0,0,0,0,73,-52,69,-48,64,-49,58,-48,58,-49,54,-39,51,-37,49,-41,40,-34,39,-34,34,-36,32,-34,31,-32,27,-25,27,-25,24,-24,25,-20,17,-21,14,-18,6,-20,6,-23,5,-18,4,-12,5,-10,-4,-10,-3,-8,-7,-11,-5,-7,-11,-3,-12,-6,-13,-2,-20,-4,-18,2,-23,1,-22,1,-22,-1,-23,-1,-26,2,-26,-1,-33,-6,-28,-6,-32,-10,-31,-9,-31,-10,-22,-11,-29,-12,-29,-13,-22,-10,-23,-11,-21,-11,-18,-14,-19,-11,-17,-15,-13,-12,-7,-14,-9,-17,-6,-17,0,0,0,0,0,0,0,0,0,0,0,0,0,0,0,0,0,0,0,0,0,0,-43,50,-51,44,-52,38,-56,38,-53,35,-53,31,-45,35,-51,34,-50,35,-54,30,-52,32,-48,31,-50,34,-48,28,-44,29,-40,32,-41,38,-38,33,-36,35,-31,35,-31,44,-32,43,-30,44,-25,46,-27,49,-22,49,-20,51,-17,52,-17,53,-12,58,-9,53,-7,62,-5,59,-1,57,0,63,3,63,9,61,10,62,12,62,18,67,22,61,25,65,26,65,31,62,34,55,38,61,41,61,51,60,45,60,49,67,49,66,54,67,54,70,58,67,57,77,61,71,56,68,0,0]"
CSI_DATA,61,1a:00:00:00:00:00,-50,11,1,0,1,1,1,0,0,0,1,-96,0,11,2,1104404,0,44,0,384,0,"[0,0,0,0,0,0,0,0,0,0,0,0,-13,-7,-12,-6,-11,-6,-11,-6,-10,-5,-10,-5,-9,-4,-8,-3,-8,-4,-7,-3,-7,-3,-6,-2,-6,-2,-6,-2,-5,-2,-5,-1,-4,-1,-3,0,-3,0,-3,0,-2,0,-2,0,-1,0,-1,1,0,1,0,1,0,0,1,2,1,2,1,2,2,2,2,3,2,3,2,3,2,4,2,4,2,4,2,4,1,4,0,4,1,4,0,4,0,4,0,4,0,4,-1,3,0,3,-1,3,-2,3,-2,3,-2,3,-2,2,-2,1,0,0,0,0,0,0,0,0,0,0,0,0,0,0,-64,-60,-59,-63,-63,-52,-55,-48,-55,-44,-48,-46,-46,-43,-51,-42,-43,-38,-40,-33,-42,-27,-34,-26,-35,-27,-35,-26,-27,-20,-28,-17,-32,-12,-24,-10,-22,-7,-21,-11,-17,-5,-19,-7,-15,-4,-13,-3,-9,0,-5,4,-6,4,-2,8,2,9,4,7,2,8,7,12,3,15,6,15,13,17,9,18,9,24,10,24,8,24,5,26,10,24,7,27,5,29,3,28,3,27,2,25,0,28,-2,24,-6,18,-3,22,-5,18,-3,18,-7,19,-8,18,-10,14,-7,11,-11,10,0,0,0,0,0,0,0,0,0,0,0,0,0,0,0,0,0,0,0,0,0,0,45,51,41,52,35,56,33,56,34,62,27,56,28,55,28,57,28,56,30,56,28,52,28,52,31,52,30,47,28,47,30,46,37,40,36,42,34,39,41,37,44,31,41,34,45,27,44,30,48,27,50,21,51,16,54,13,54,19,55,12,55,6,58,8,62,6,56,-1,60,-1,57,-5,57,-8,59,-13,57,-14,60,-22,55,-23,60,-25,55,-30,56,-38,55,-35,52,-45,53,-46,55,-52,56,-54,55,-58,60,-60,56,-62,58,-64,53,-66,62,-72,55,-74,54,-70,0,0]"
CSI_DATA,62,1a:00:00:00:00:00,-50,11,1,0,1,1,1,0,0,0,1,-96,0,11,2,1115163,0,44,0,384,0,"[0,0,0,0,0,0,0,0,0,0,0,0,2,-14,1,-13,0,-13,1,-13,1,-11,1,-10,1,-10,0,-9,1,-9,0,-8,0,-8,0,-7,-1,-6,-1,-5,-1,-5,-1,-5,-1,-4,-1,-3,-2,-3,-2,-2,-2,-2,-2,-1,-1,-1,-2,0,-2,1,-1,1,0,0,-1,2,-2,3,-2,3,-2,3,-2,4,-3,4,-3,4,-3,3,-4,4,-4,3,-4,3,-4,4,-4,3,-4,3,-4,2,-4,2,-4,2,-4,2,-4,1,-4,1,-4,0,-4,0,-3,0,-3,0,-3,-1,-3,-1,0,0,0,0,0,0,0,0,0,0,0,0,0,0,13,-40,12,-40,8,-37,14,-34,11,-36,12,-33,8,-32,8,-31,6,-25,7,-24,7,-26,4,-24,5,-23,5,-18,5,-19,3,-17,2,-17,0,-14,0,-12,-1,-11,-4,-10,-1,-8,-1,-6,-2,-3,-2,-4,-2,-3,-3,-2,-4,1,-2,2,-4,1,-5,2,-5,4,-5,7,-5,8,-6,6,-9,8,-8,9,-8,6,-10,7,-10,7,-11,8,-12,7,-10,7,-13,7,-11,7,-13,6,-13,5,-11,4,-11,2,-11,1,-13,0,-11,1,-9,0,-9,-1,-9,-2,-8,-3,-6,-6,0,0,0,0,0,0,0,0,0,0,0,0,0,0,0,0,0,0,0,0,0,0,-14,30,-15,30,-17,28,-17,27,-19,26,-18,25,-18,24,-19,24,-19,25,-17,23,-16,25,-17,24,-16,25,-15,24,-14,23,-14,22,-13,26,-13,25,-8,24,-8,24,-5,24,-5,27,-5,26,-3,25,-3,27,2,25,-1,27,3,27,2,26,6,28,7,27,10,29,10,28,11,26,12,26,14,26,17,25,17,24,19,22,23,23,21,23,25,20,24,20,28,17,27,18,33,17,31,16,33,13,35,11,35,15,36,13,40,13,41,15,39,11,44,11,42,10,40,11,0,0]"
CSI_DATA,63,1a:00:00:00:00:00,-55,11,1,0,1,1,1,0,0,0,1,-96,0,11,2,1134510,0,44,0,384,0,"[0,0,0,0,0,0,0,0,0,0,0,0,-11,1,-11,1,-10,1,-10,1,-9,1,-8,1,-8,1,-7,1,-7,1,-7,1,-6,1,-6,1,-5,1,-5,0,-5,0,-4,0,-4,0,-3,0,-3,0,-2,0,-2,0,-2,0,-1,0,0,0,0,0,1,1,0,0,2,1,2,2,3,2,3,2,3,2,3,3,2,3,2,3,1,3,1,4,1,4,1,4,0,4,0,3,0,3,-1,3,-1,3,-1,2,-1,2,-1,2,-2,1,-2,0,-3,0,-3,0,-3,-1,-4,-1,0,0,0,0,0,0,0,0,0,0,0,0,0,0,-16,80,-17,78,-16,76,-16,74,-15,71,-15,68,-14,64,-13,60,-12,57,-11,53,-10,50,-9,47,-8,43,-7,40,-6,37,-5,34,-4,31,-3,28,-3,25,-1,22,-1,19,0,16,0,13,2,10,2,7,3,4,4,2,5,0,6,-3,8,-5,9,-7,11,-9,12,-10,14,-12,16,-13,18,-14,19,-15,21,-14,22,-14,24,-14,25,-13,25,-11,26,-9,26,-8,26,-6,26,-4,25,-3,24,-2,23,0,21,1,20,3,18,4,16,6,14,7,12,8,11,9,9,10,0,0,0,0,0,0,0,0,0,0,0,0,0,0,0,0,0,0,0,0,0,0,-17,-64,-15,-64,-13,-63,-11,-63,-9,-62,-7,-61,-5,-61,-5,-60,-4,-60,-4,-59,-5,-58,-5,-58,-6,-57,-6,-56,-8,-56,-10,-54,-11,-54,-13,-53,-15,-52,-17,-52,-20,-51,-22,-51,-24,-50,-27,-50,-29,-50,-32,-50,-33,-49,-36,-49,-38,-48,-40,-47,-41,-46,-44,-44,-45,-43,-47,-41,-48,-40,-51,-38,-52,-36,-54,-34,-56,-33,-58,-30,-61,-28,-63,-25,-66,-23,-68,-20,-70,-18,-72,-15,-73,-13,-76,-11,-79,-10,-80,-9,-83,-8,-85,-7,-87,-7,-88,-7,-89,-6,-90,-6,-91,-6,0,0]"
CSI_DATA,64,1a:00:00:00:00:00,-49,11,1,0,1,1,1,0,0,0,1,-96,0,11,2,1155774,0,44,0,384,0,"[0,0,0,0,0,0,0,0,0,0,0,0,12,-6,11,-5,10,-6,10,-5,9,-5,9,-4,8,-5,7,-5,7,-5,6,-4,6,-4,5,-4,4,-3,4,-3,3,-3,2,-3,2,-3,1,-2,1,-2,0,-2,0,-1,-1,-1,-1,-2,-2,-1,-2,-1,-3,-1,0,0,-4,-1,-4,-1,-4,-1,-5,-1,-5,-1,-5,-1,-5,-1,-6,-1,-6,-2,-6,-3,-6,-3,-5,-3,-5,-3,-5,-3,-5,-3,-4,-3,-4,-3,-4,-4,-4,-4,-3,-4,-3,-4,-2,-3,-2,-3,-1,-3,-1,-4,-1,-3,0,0,0,0,0,0,0,0,0,0,0,0,0,0,78,-36,76,-29,71,-42,68,-34,65,-36,61,-30,57,-27,58,-32,49,-30,46,-29,45,-30,40,-27,35,-26,32,-21,28,-20,26,-22,28,-19,21,-19,20,-17,11,-14,11,-20,7,-13,4,-11,6,-11,1,-7,-1,-7,-3,-9,-8,-1,-9,-2,-17,-2,-12,-1,-19,0,-15,-4,-22,-1,-22,4,-21,-1,-26,-2,-29,4,-30,-1,-32,-8,-30,-6,-29,-8,-27,-13,-28,-12,-30,-12,-25,-12,-22,-13,-25,-15,-21,-14,-21,-14,-22,-13,-17,-16,-14,-14,-5,-16,-6,-17,-8,-16,-6,-18,0,0,0,0,0,0,0,0,0,0,0,0,0,0,0,0,0,0,0,0,0,0,-59,28,-61,22,-54,16,-62,16,-58,12,-62,11,-52,16,-51,14,-56,14,-51,15,-51,13,-50,16,-49,19,-47,19,-46,19,-44,19,-46,28,-38,25,-41,29,-41,33,-40,38,-38,38,-37,42,-35,40,-35,41,-33,49,-31,49,-30,52,-24,49,-27,58,-23,50,-24,60,-19,62,-15,63,-17,65,-12,65,-8,58,-8,62,-3,60,0,69,5,67,9,63,15,67,18,68,20,66,20,65,25,65,31,73,33,70,37,72,36,71,45,77,44,84,41,71,44,79,51,81,42,80,0,0]"
CSI_DATA,65,1a:00:00:00:00:00,-49,11,1,0,1,1,1,0,0,0,1,-96,0,11,2,1164490,0,44,0,384,0,"[0,0,0,0,0,0,0,0,0,0,0,0,-13,-8,-12,-6,-12,-6,-11,-6,-10,-6,-9,-5,-9,-4,-8,-4,-8,-4,-7,-4,-7,-3,-6,-2,-6,-2,-6,-2,-5,-2,-4,-1,-4,0,-3,-1,-3,0,-2,0,-2,0,-2,0,-1,1,0,1,0,2,0,2,0,0,1,3,1,3,2,3,2,4,2,4,2,4,2,5,2,5,2,5,1,5,1,6,1,5,0,5,0,5,0,5,0,5,-1,5,-1,4,-1,4,-1,4,-2,3,-2,3,-2,3,-2,2,-2,2,-2,1,0,0,0,0,0,0,0,0,0,0,0,0,0,0,-70,-53,-64,-56,-71,-43,-58,-42,-59,-40,-51,-41,-58,-37,-52,-33,-49,-31,-42,-29,-43,-26,-36,-24,-38,-24,-35,-21,-32,-19,-26,-10,-32,-10,-27,-7,-23,-10,-18,-1,-14,-4,-13,-5,-11,2,-12,3,-7,5,-2,6,-1,3,0,14,-3,11,8,15,8,10,5,16,9,19,12,21,12,22,8,26,10,29,14,27,7,27,7,32,11,28,7,32,5,26,3,32,2,30,-2,30,-1,26,-2,24,-1,25,-3,24,-4,22,-9,19,-9,22,-12,21,-12,13,-11,11,-10,8,0,0,0,0,0,0,0,0,0,0,0,0,0,0,0,0,0,0,0,0,0,0,47,33,46,40,48,41,42,44,43,43,36,42,38,42,38,42,40,39,39,37,33,44,36,37,39,37,39,34,37,31,40,26,43,22,38,24,46,19,49,20,44,13,51,7,52,9,54,10,55,11,54,-1,53,4,58,1,58,0,57,-7,58,-8,62,-7,64,-15,57,-16,63,-19,59,-22,59,-27,60,-29,53,-29,58,-35,54,-39,52,-41,53,-48,57,-52,47,-49,48,-60,45,-55,43,-61,43,-64,52,-67,48,-69,47,-74,53,-77,43,-72,53,-78,49,-79,50,-79,0,0]"
CSI_DATA,66,1a:00:00:00:00:00,-49,11,1,0,1,1,1,0,0,0,1,-96,0,11,2,1174356,0,44,0,384,0,"[0,0,0,0,0,0,0,0,0,0,0,0,-9,9,-9,9,-7,9,-8,8,-7,8,-7,7,-6,7,-5,7,-5,6,-4,5,-4,5,-4,5,-3,4,-2,3,-2,3,-2,3,-1,2,-1,2,0,1,0,1,1,1,1,0,1,0,2,-1,3,-1,3,-1,0,0,3,-2,4,-2,4,-2,5,-2,5,-2,5,-2,5,-2,5,-2,6,-2,6,-1,6,-1,6,-1,6,-1,5,0,5,0,5,1,5,1,5,1,4,1,4,1,3,2,3,1,3,2,2,2,1,2,1,2,0,0,0,0,0,0,0,0,0,0,0,0,0,0,-66,54,-57,56,-57,61,-48,49,-50,49,-45,47,-43,42,-42,42,-38,37,-35,37,-30,37,-29,31,-24,30,-21,25,-21,27,-15,22,-15,25,-11,22,-8,20,0,21,-3,15,1,13,0,13,3,7,1,3,6,3,11,4,12,-4,11,-5,15,-2,16,-7,19,-5,18,-4,22,-11,26,-7,32,-11,28,-9,32,-5,36,-9,35,-2,31,1,36,1,33,3,30,5,33,3,30,3,30,5,27,3,25,12,22,5,19,9,21,13,19,13,14,14,13,11,10,12,7,11,0,0,0,0,0,0,0,0,0,0,0,0,0,0,0,0,0,0,0,0,0,0,37,-49,41,-47,41,-43,44,-43,47,-40,47,-41,41,-37,45,-35,45,-40,41,-33,41,-32,38,-36,40,-41,36,-36,34,-33,31,-39,29,-44,28,-40,26,-42,19,-45,18,-50,19,-47,16,-52,14,-55,16,-55,3,-58,6,-59,3,-59,2,-61,-3,-67,0,-57,-4,-65,-4,-62,-10,-63,-11,-66,-15,-65,-15,-63,-21,-65,-24,-60,-31,-61,-31,-62,-35,-60,-38,-62,-46,-61,-48,-55,-54,-60,-50,-57,-54,-54,-59,-57,-58,-60,-62,-55,-68,-59,-67,-66,-66,-60,-74,-64,-74,-61,-63,-62,0,0]"
CSI_DATA,67,1a:00:00:00:00:00,-49,11,1,0,1,1,1,0,0,0,1,-96,0,11,2,1184550,0,44,0,384,0,"[0,0,0,0,0,0,0,0,0,0,0,0,12,-1,11,-1,10,-1,10,-1,9,-1,8,-1,8,-2,7,-2,7,-2,5,-2,5,-2,4,-2,4,-2,3,-2,2,-2,2,-2,1,-2,1,-2,0,-2,0,-2,-1,-2,-1,-2,-2,-2,-3,-2,-3,-2,-4,-2,0,0,-4,-2,-5,-2,-5,-3,-6,-3,-5,-3,-6,-3,-6,-3,-6,-3,-6,-4,-6,-4,-6,-5,-5,-4,-4,-4,-4,-5,-4,-5,-4,-5,-3,-4,-3,-5,-3,-4,-2,-4,-2,-4,-2,-4,-1,-4,-1,-4,0,-4,0,-3,0,0,0,0,0,0,0,0,0,0,0,0,0,0,42,-3,38,0,41,-5,34,-4,34,-3,33,-4,28,-3,33,-2,24,-3,26,-4,22,-8,19,-4,20,-5,16,-2,14,-4,11,-7,11,-6,10,-5,8,-6,5,-7,4,-6,3,-6,1,-4,0,-3,-2,-4,-5,-4,-5,-5,-7,-5,-7,-5,-10,-4,-10,-4,-13,-5,-11,-5,-14,-5,-14,-3,-15,-7,-15,-6,-17,-6,-14,-10,-16,-10,-16,-10,-14,-11,-14,-10,-13,-12,-14,-14,-13,-12,-12,-12,-10,-12,-10,-12,-8,-10,-6,-11,-7,-11,-5,-10,-2,-12,-2,-10,-3,-9,1,-7,0,0,0,0,0,0,0,0,0,0,0,0,0,0,0,0,0,0,0,0,0,0,-32,2,-34,0,-31,-2,-32,-5,-30,-4,-32,-7,-28,-5,-29,-6,-31,-4,-27,-1,-28,-4,-27,-3,-29,1,-26,-1,-25,-1,-25,2,-27,4,-24,5,-25,9,-23,9,-23,9,-25,12,-23,11,-27,14,-25,15,-25,20,-23,17,-24,21,-23,18,-27,23,-20,20,-24,27,-21,26,-19,27,-22,28,-18,30,-14,29,-16,31,-11,30,-13,33,-13,33,-8,34,-6,35,-6,36,-3,37,2,40,-1,40,3,40,3,42,1,41,4,43,6,43,4,48,5,43,4,48,7,49,4,44,0,0]"
CSI_DATA,68,1a:00:00:00:00:00,-49,11,1,0,1,1,1,0,0,0,1,-96,0,11,2,1194755,0,44,0,384,0,"[0,0,0,0,0,0,0,0,0,0,0,0,-8,-11,-8,-11,-8,-9,-8,-10,-7,-8,-6,-8,-6,-7,-6,-6,-5,-6,-5,-5,-5,-5,-4,-4,-4,-3,-4,-2,-3,-2,-3,-1,-2,-1,-2,0,-1,0,-2,1,-1,1,-1,2,0,2,-1,3,0,3,0,3,0,0,1,4,0,5,0,5,2,5,0,6,0,6,0,6,0,6,0,7,0,6,-1,6,-2,6,-1,6,-2,6,-2,5,-2,5,-2,4,-2,4,-2,4,-2,3,-3,3,-3,3,-3,2,-3,2,-3,1,-3,0,0,0,0,0,0,0,0,0,0,0,0,0,0,0,-39,-72,-34,-73,-38,-62,-30,-64,-37,-58,-31,-58,-32,-52,-30,-50,-31,-39,-26,-39,-25,-33,-23,-30,-23,-30,-20,-29,-18,-18,-17,-19,-21,-17,-16,-9,-16,-8,-13,-4,-12,-3,-8,1,-10,2,-6,5,-7,7,-7,12,2,15,0,16,3,20,6,21,1,20,7,20,7,25,7,31,10,25,4,32,6,34,8,35,3,37,0,34,0,33,-4,33,-6,38,-1,34,-9,30,-7,31,-10,28,-7,31,-8,20,-14,23,-12,18,-15,16,-11,17,-14,17,-13,14,-11,11,-12,5,0,0,0,0,0,0,0,0,0,0,0,0,0,0,0,0,0,0,0,0,0,0,21,56,15,52,13,61,13,57,9,57,10,50,10,54,11,54,13,53,17,51,15,48,19,45,22,47,21,47,15,45,16,47,27,42,21,43,33,33,32,30,34,35,44,39,47,37,47,41,49,32,49,28,49,33,54,30,52,28,61,24,63,20,63,20,59,18,61,17,64,13,66,7,63,7,68,-2,69,-4,71,-10,68,-9,71,-14,70,-17,72,-21,66,-24,71,-32,74,-33,75,-36,72,-41,82,-47,74,-41,78,-47,80,-49,77,-48,87,-55,77,-49,80,-49,0,0]"
CSI_DATA,69,1a:00:00:00:00:00,-50,11,1,0,1,1,1,0,0,0,1,-96,0,11,2,1204444,0,44,0,384,0,"[0,0,0,0,0,0,0,0,0,0,0,0,12,-4,11,-4,10,-4,9,-4,9,-3,8,-3,7,-4,6,-4,6,-3,4,-3,4,-3,3,-3,3,-2,2,-3,1,-2,1,-3,0,-2,0,-2,0,-2,-1,-1,-1,-1,-2,-1,-3,-1,-3,-1,-4,0,-4,-1,0,0,-5,-1,-5,0,-7,0,-7,0,-6,0,-7,-1,-7,-1,-7,-1,-7,-1,-7,-2,-7,-2,-7,-2,-6,-2,-6,-2,-5,-3,-5,-3,-5,-3,-5,-3,-4,-3,-4,-3,-4,-3,-3,-3,-2,-3,-2,-3,-2,-3,-1,-3,0,0,0,0,0,0,0,0,0,0,0,0,0,0,42,-7,39,-5,38,-7,36,-8,34,-8,31,-8,30,-6,29,-6,25,-7,22,-7,18,-10,17,-9,14,-8,15,-5,11,-4,11,-7,9,-5,7,-5,5,-4,4,-5,0,-6,1,-5,-1,-5,-2,-2,-2,-3,-5,-1,-5,-2,-9,-2,-10,0,-10,-1,-12,-1,-15,1,-14,1,-15,1,-18,1,-17,-2,-19,0,-16,-2,-16,-5,-16,-3,-18,-1,-18,-4,-17,-6,-15,-5,-15,-7,-14,-4,-15,-7,-12,-6,-13,-7,-10,-7,-9,-6,-11,-8,-7,-6,-6,-8,-4,-7,-4,-8,-2,-6,0,0,0,0,0,0,0,0,0,0,0,0,0,0,0,0,0,0,0,0,0,0,-30,-4,-26,-5,-28,-5,-28,-5,-28,-7,-26,-9,-27,-5,-25,-6,-25,-4,-26,-4,-26,-5,-25,-3,-26,-3,-24,-1,-22,-2,-26,2,-26,4,-26,3,-26,6,-25,9,-26,11,-26,13,-27,14,-28,14,-26,16,-26,17,-25,17,-23,19,-26,20,-23,23,-20,24,-20,25,-21,26,-19,26,-18,29,-15,31,-15,30,-14,32,-12,33,-11,32,-9,33,-7,35,-5,35,-4,41,2,35,2,38,2,41,6,41,6,40,5,44,7,43,10,45,8,44,10,44,8,49,11,46,10,43,0,0]"
CSI_DATA,70,1a:00:00:00:00:00,-50,11,1,0,1,1,1,0,0,0,1,-96,0,11,2,1215033,0,44,0,384,0,"[0,0,0,0,0,0,0,0,0,0,0,0,-5,-12,-5,-11,-5,-11,-5,-10,-5,-9,-4,-8,-4,-8,-4,-7,-4,-6,-3,-6,-3,-5,-3,-4,-3,-4,-3,-3,-3,-2,-2,-2,-2,-1,-2,-1,-2,0,-2,0,-2,0,-1,1,-1,2,-1,2,-1,3,0,3,0,0,0,4,-1,5,0,5,0,5,-1,5,-1,5,-1,6,-1,6,-1,5,-2,6,-2,6,-2,5,-2,5,-3,5,-3,4,-2,4,-3,4,-3,3,-3,3,-3,3,-3,2,-3,2,-3,1,-3,1,-3,0,-2,0,0,0,0,0,0,0,0,0,0,0,0,0,0,0,-37,-83,-31,-80,-31,-71,-22,-67,-27,-71,-22,-59,-22,-56,-28,-53,-23,-46,-16,-42,-19,-42,-17,-35,-19,-32,-21,-27,-13,-24,-13,-18,-16,-13,-19,-13,-14,-8,-7,-4,-11,-3,-10,0,-9,1,-9,4,-9,7,-5,8,-3,9,0,15,-4,16,0,21,5,24,3,24,1,29,2,29,5,31,-4,33,-1,37,-1,35,-4,29,-6,38,-6,32,-7,32,-9,30,-10,37,-14,32,-13,27,-8,23,-12,26,-10,21,-13,16,-17,12,-13,15,-17,15,-13,9,-15,11,-14,6,-11,-1,0,0,0,0,0,0,0,0,0,0,0,0,0,0,0,0,0,0,0,0,0,0,20,48,18,48,15,51,13,48,13,49,10,48,14,52,17,45,18,47,16,45,14,45,21,46,24,45,26,45,27,40,27,38,36,38,29,38,33,35,36,35,40,38,47,40,45,31,45,34,51,34,56,30,54,30,55,26,58,30,65,24,61,16,65,21,66,19,64,11,67,18,70,12,66,5,73,4,69,0,73,-5,74,-4,75,-11,74,-15,74,-24,68,-24,79,-31,79,-30,78,-33,82,-42,87,-41,84,-42,85,-43,91,-43,83,-38,92,-49,85,-45,87,-42,0,0]"
CSI_DATA,71,1a:00:00:00:00:00,-50,11,1,0,1,1,1,0,0,0,1,-96,0,11,2,1224463,0,44,0,384,0,"[0,0,0,0,0,0,0,0,0,0,0,0,-4,12,-3,11,-2,11,-2,10,-2,9,-3,8,-2,7,-2,7,-2,6,-1,5,-1,5,-1,4,-1,4,0,3,0,2,1,2,0,1,0,1,1,0,1,0,1,-1,1,-1,1,-2,2,-2,2,-3,2,-3,0,0,2,-3,3,-4,3,-5,3,-4,3,-4,4,-5,4,-4,4,-4,4,-4,5,-4,5,-4,4,-3,4,-2,4,-2,4,-2,4,-1,4,-2,4,-1,3,-1,3,-1,3,0,3,0,2,0,2,0,1,1,1,1,0,0,0,0,0,0,0,0,0,0,0,0,0,0,-17,36,-19,35,-13,38,-15,34,-17,34,-13,30,-11,26,-11,26,-8,22,-10,21,-7,20,-7,18,-6,19,-5,14,-5,13,-4,12,-3,12,-1,9,2,7,1,7,0,6,0,6,2,2,2,-1,4,0,4,-1,6,-3,8,-4,7,-6,9,-5,6,-6,9,-7,10,-10,12,-8,10,-9,12,-9,11,-9,13,-8,16,-8,13,-7,14,-6,13,-6,15,-4,15,-1,13,-3,15,-3,12,-3,12,-1,10,0,10,2,11,2,9,2,8,1,5,3,6,3,4,6,3,5,0,0,0,0,0,0,0,0,0,0,0,0,0,0,0,0,0,0,0,0,0,0,4,-27,2,-25,4,-25,2,-25,5,-24,5,-24,3,-23,6,-21,4,-24,3,-21,2,-23,1,-23,-1,-24,-1,-22,-1,-22,-4,-23,-5,-23,-6,-25,-8,-24,-8,-24,-7,-24,-10,-27,-10,-26,-10,-27,-15,-29,-16,-26,-13,-27,-16,-29,-16,-27,-20,-27,-18,-25,-20,-28,-21,-28,-22,-25,-24,-25,-27,-26,-25,-23,-28,-23,-26,-20,-31,-19,-33,-18,-35,-17,-34,-18,-35,-15,-36,-14,-38,-14,-39,-12,-41,-13,-42,-11,-42,-11,-43,-12,-46,-14,-49,-16,-47,-14,-49,-15,-47,-13,-46,-16,0,0]"
CSI_DATA,72,1a:00:00:00:00:00,-50,11,1,0,1,1,1,0,0,0,1,-96,0,11,2,1234405,0,44,0,384,0,"[0,0,0,0,0,0,0,0,0,0,0,0,-2,13,-2,12,-1,11,-1,11,-1,10,-1,9,-1,8,0,8,-1,7,0,6,-1,5,0,5,0,4,1,3,1,3,1,2,1,2,1,1,1,0,1,0,2,-1,2,-1,1,-1,2,-2,2,-3,2,-3,0,0,2,-4,3,-4,3,-4,3,-5,4,-5,4,-5,4,-5,4,-5,4,-4,5,-4,5,-4,5,-3,5,-3,5,-3,5,-2,5,-2,4,-2,4,-1,3,-1,4,-1,3,0,3,0,3,0,2,0,2,1,1,1,0,0,0,0,0,0,0,0,0,0,0,0,0,0,-13,42,-15,38,-9,37,-11,35,-10,32,-13,31,-8,28,-9,28,-6,24,-6,24,-5,21,-5,19,-4,21,-3,16,-1,14,0,15,1,14,-1,12,2,9,1,8,2,6,5,4,4,3,4,0,4,-2,5,-4,4,-3,7,-5,8,-7,7,-4,7,-10,10,-9,9,-11,11,-9,9,-9,13,-10,12,-11,11,-11,14,-12,15,-9,14,-8,12,-8,14,-7,13,-4,12,-7,14,-5,13,-3,12,-3,12,1,11,1,10,-1,9,-1,8,1,7,2,7,2,6,3,3,5,0,0,0,0,0,0,0,0,0,0,0,0,0,0,0,0,0,0,0,0,0,0,6,-25,8,-26,10,-25,8,-23,8,-22,8,-23,8,-22,8,-21,8,-21,6,-22,7,-22,6,-21,3,-22,2,-21,0,-24,1,-21,-3,-24,-3,-23,-5,-23,-7,-23,-8,-24,-10,-27,-9,-28,-11,-27,-14,-28,-15,-26,-12,-27,-17,-28,-17,-29,-20,-29,-18,-25,-22,-29,-20,-27,-22,-25,-26,-25,-26,-23,-25,-21,-29,-20,-29,-20,-32,-19,-33,-18,-36,-16,-37,-15,-37,-14,-37,-14,-40,-13,-40,-13,-42,-8,-45,-9,-47,-11,-45,-10,-50,-11,-51,-12,-49,-11,-51,-9,-50,-8,-48,-11,0,0]"
CSI_DATA,73,1a:00:00:00:00:00,-49,11,1,0,1,1,1,0,0,0,1,-96,0,11,2,1255888,0,44,0,384,0,"[0,0,0,0,0,0,0,0,0,0,0,0,-14,-2,-13,-2,-13,-2,-12,-2,-11,-2,-10,-1,-9,0,-8,-1,-7,-1,-7,-1,-6,0,-5,1,-5,1,-4,1,-3,1,-3,2,-2,1,-1,2,-1,1,0,2,0,2,1,2,1,3,2,2,2,3,3,3,0,0,4,4,4,4,4,4,5,4,4,4,4,5,4,5,4,5,4,5,4,6,3,6,3,6,2,5,2,6,2,5,2,6,1,5,1,5,1,4,0,4,0,4,-1,4,-1,3,-1,3,-2,3,-2,2,0,0,0,0,0,0,0,0,0,0,0,0,0,0,-44,-11,-41,-8,-40,-9,-36,-7,-35,-5,-33,-7,-31,-6,-30,-6,-26,-6,-24,-5,-21,2,-21,1,-18,-1,-17,-2,-14,-1,-14,2,-13,4,-10,3,-8,5,-5,5,-6,5,-3,5,-2,6,1,6,2,5,0,7,4,7,8,9,7,6,10,9,9,8,9,10,9,11,13,10,11,9,12,12,13,13,11,16,13,15,11,15,12,14,11,17,8,16,9,17,7,15,6,15,5,15,5,15,3,13,2,11,2,12,1,12,-1,10,-1,9,-1,9,-4,6,-5,6,0,0,0,0,0,0,0,0,0,0,0,0,0,0,0,0,0,0,0,0,0,0,29,10,28,13,26,13,25,14,27,15,23,16,20,15,21,12,20,14,20,14,21,13,19,10,21,8,18,9,19,5,19,3,22,4,19,2,20,0,22,-1,22,-4,22,-6,20,-5,25,-7,24,-8,24,-13,24,-9,25,-13,23,-12,24,-16,20,-16,24,-20,24,-20,20,-20,21,-23,21,-24,18,-23,19,-26,18,-27,16,-30,14,-32,13,-34,13,-36,9,-39,9,-40,3,-38,6,-39,5,-41,5,-44,5,-47,6,-46,3,-48,7,-51,3,-48,4,-52,6,-51,7,-51,0,0]"
CSI_DATA,74,1a:00:00:00:00:00,-50,11,1,0,1,1,1,0,0,0,1,-96,0,11,2,1274481,0,44,0,384,0,"[0,0,0,0,0,0,0,0,0,0,0,0,13,-2,11,-3,10,-3,10,-2,9,-2,8,-2,7,-3,6,-3,6,-3,5,-2,5,-2,4,-3,3,-2,2,-2,2,-2,1,-3,0,-3,0,-2,0,-2,-1,-2,-1,-2,-2,-2,-3,-2,-4,-2,-4,-2,-4,-2,0,0,-5,-2,-5,-2,-6,-2,-7,-2,-6,-2,-6,-3,-6,-2,-6,-3,-7,-3,-7,-4,-6,-4,-5,-4,-5,-4,-5,-4,-5,-4,-4,-4,-4,-4,-4,-4,-3,-4,-3,-4,-2,-4,-2,-4,-1,-4,-1,-3,-1,-3,0,-3,0,0,0,0,0,0,0,0,0,0,0,0,0,0,42,-3,40,-1,38,-5,35,-4,34,-3,31,-4,29,-2,29,-4,25,-6,22,-3,21,-7,17,-5,16,-4,16,-4,13,-5,10,-7,11,-7,6,-8,9,-5,4,-6,2,-5,2,-5,0,-2,-2,-3,-2,-4,-7,-5,-5,-4,-8,-5,-11,-4,-12,-4,-13,-4,-15,-8,-14,-4,-16,-5,-15,-6,-16,-9,-16,-8,-16,-10,-15,-10,-16,-9,-16,-10,-15,-10,-15,-13,-13,-15,-13,-11,-12,-14,-9,-12,-8,-13,-9,-11,-7,-10,-7,-10,-5,-9,-3,-11,-1,-12,0,-9,-2,-8,1,-5,0,0,0,0,0,0,0,0,0,0,0,0,0,0,0,0,0,0,0,0,0,0,-36,2,-36,-5,-35,-6,-35,-6,-33,-7,-34,-7,-30,-8,-30,-7,-32,-8,-30,-4,-29,-6,-30,-3,-31,-2,-29,-3,-29,-2,-27,0,-28,0,-26,2,-24,3,-26,4,-23,6,-27,8,-25,11,-25,11,-25,14,-24,17,-24,15,-22,15,-22,16,-24,18,-21,18,-20,21,-19,20,-19,22,-18,26,-16,25,-14,26,-11,27,-9,29,-10,28,-7,28,-6,32,-4,32,0,33,2,34,3,36,2,37,6,36,4,39,5,41,6,43,11,42,8,45,11,44,10,47,10,47,8,48,0,0]"
CSI_DATA,75,1a:00:00:00:00:00,-50,11,1,0,1,1,1,0,0,0,1,-96,0,11,2,1284376,0,44,0,384,0,"[0,0,0,0,0,0,0,0,0,0,0,0,6,-12,6,-11,5,-11,5,-10,4,-10,4,-9,3,-9,3,-8,3,-7,1,-6,2,-6,1,-6,0,-5,0,-4,0,-3,-1,-4,-1,-3,-1,-3,-2,-2,-2,-2,-2,-1,-2,-1,-3,-1,-4,0,-4,0,-4,0,0,0,-5,1,-5,1,-6,1,-6,1,-6,1,-7,2,-7,1,-6,1,-7,0,-7,0,-7,-1,-7,-1,-7,-1,-6,-1,-6,-2,-6,-2,-6,-1,-5,-2,-5,-2,-5,-2,-4,-3,-4,-3,-3,-3,-3,-3,-2,-3,-1,-3,0,0,0,0,0,0,0,0,0,0,0,0,0,0,45,-69,48,-66,39,-67,43,-62,39,-61,37,-57,31,-51,32,-49,31,-48,21,-46,20,-40,22,-37,19,-38,16,-30,11,-30,7,-29,5,-24,2,-20,3,-16,1,-15,-4,-15,-7,-12,-4,-12,-13,-3,-9,-5,-11,-1,-12,-3,-14,2,-17,4,-17,0,-25,3,-27,5,-24,5,-25,8,-34,11,-32,9,-33,6,-36,10,-30,5,-32,3,-34,5,-34,3,-36,3,-34,-3,-28,0,-30,-4,-27,-6,-26,-8,-25,-9,-23,-8,-25,-7,-20,-11,-16,-14,-15,-15,-14,-14,-11,-15,-7,-14,0,0,0,0,0,0,0,0,0,0,0,0,0,0,0,0,0,0,0,0,0,0,-32,60,-38,53,-36,56,-44,53,-45,50,-47,45,-45,43,-43,42,-41,45,-36,44,-40,41,-40,45,-36,50,-34,47,-33,42,-31,44,-25,53,-27,46,-20,49,-25,49,-17,50,-19,55,-17,57,-10,58,-13,55,-3,57,-9,58,-5,59,-2,58,3,61,7,59,6,64,8,59,9,55,13,59,18,55,19,56,28,53,29,50,34,52,34,47,44,47,48,47,51,46,51,41,62,43,63,42,61,41,66,36,71,43,72,41,78,38,80,42,77,37,86,43,81,40,82,51,0,0]"
CSI_DATA,76,1a:00:00:00:00:00,-49,11,1,0,1,1,1,0,0,0,1,-96,0,11,2,1294407,0,44,0,384,0,"[0,0,0,0,0,0,0,0,0,0,0,0,13,3,12,3,11,3,11,3,10,3,9,2,9,1,8,1,7,1,7,1,6,0,6,0,5,0,4,-1,4,-1,3,-2,3,-2,2,-2,2,-2,1,-3,1,-3,0,-3,0,-4,0,-4,-1,-4,-1,-5,0,0,-1,-5,-1,-6,-1,-6,-2,-6,-1,-6,-1,-7,-2,-7,-1,-7,-1,-7,-1,-7,-1,-8,1,-7,1,-6,0,-6,1,-6,1,-6,1,-6,1,-5,2,-5,2,-5,2,-4,3,-4,3,-3,3,-2,2,-2,2,-1,0,0,0,0,0,0,0,0,0,0,0,0,0,0,41,16,39,15,39,10,36,10,35,11,29,9,30,9,30,8,26,9,22,6,23,5,19,5,19,3,17,3,16,1,16,-1,14,-1,12,-1,10,-2,8,-3,7,-4,6,-6,7,-7,3,-7,3,-7,4,-10,1,-10,0,-8,0,-10,-3,-11,-2,-11,-5,-13,-2,-12,-3,-14,-5,-15,0,-18,-2,-15,-1,-17,-1,-18,-2,-18,-1,-16,3,-16,1,-20,3,-16,4,-18,3,-15,7,-16,5,-15,6,-12,7,-12,7,-10,6,-9,8,-9,9,-8,8,-6,6,-4,7,-2,0,0,0,0,0,0,0,0,0,0,0,0,0,0,0,0,0,0,0,0,0,0,-33,4,-31,0,-32,-1,-32,-1,-31,-3,-31,-3,-29,-3,-29,-5,-30,-5,-29,-2,-29,-5,-29,-2,-31,-1,-29,-2,-27,-1,-28,0,-26,2,-26,3,-25,4,-28,5,-28,5,-29,6,-27,7,-28,10,-27,10,-27,12,-27,12,-30,14,-29,12,-30,15,-25,14,-29,18,-28,16,-26,16,-27,18,-23,19,-21,20,-21,23,-21,24,-20,27,-18,27,-17,27,-17,28,-14,32,-14,29,-13,31,-12,32,-9,35,-10,38,-9,40,-11,41,-7,44,-10,45,-8,42,-12,47,-10,47,-11,47,0,0]"
CSI_DATA,77,1a:00:00:00:00:00,-48,11,1,0,1,1,1,0,0,0,1,-96,0,11,2,1304442,0,44,0,384,0,"[0,0,0,0,0,0,0,0,0,0,0,0,-4,13,-3,12,-2,11,-2,11,-2,11,-2,9,-2,8,-2,8,-2,7,-1,6,-1,6,0,6,0,5,1,4,1,4,1,4,1,3,1,2,2,2,3,1,3,1,3,0,3,0,4,0,4,0,4,0,0,0,5,-1,5,-1,6,-1,6,-1,6,-1,7,0,7,-1,7,0,7,1,7,1,7,1,6,2,6,2,6,2,5,3,5,3,5,3,4,3,4,3,3,3,2,4,2,3,1,3,1,3,0,3,0,3,0,0,0,0,0,0,0,0,0,0,0,0,0,0,-6,39,-6,37,-2,41,-6,34,-5,33,-6,32,-4,27,-4,27,-4,24,-3,24,-1,23,-3,22,-2,20,-2,16,-1,17,2,14,1,13,3,11,1,11,6,10,7,7,6,7,7,3,6,4,6,3,10,2,8,1,11,0,11,-1,13,-3,14,-1,14,-1,15,-2,17,-3,14,-4,17,-3,18,-3,18,-1,19,-1,19,1,17,1,18,2,18,3,16,4,17,3,16,5,14,7,14,6,13,8,12,7,11,9,10,10,7,8,6,8,5,8,3,10,1,8,0,0,0,0,0,0,0,0,0,0,0,0,0,0,0,0,0,0,0,0,0,0,-17,-25,-15,-27,-14,-28,-12,-29,-11,-28,-10,-26,-11,-29,-10,-27,-11,-24,-8,-26,-7,-29,-9,-26,-11,-25,-12,-24,-9,-22,-10,-24,-15,-23,-11,-23,-15,-23,-16,-24,-16,-21,-16,-23,-17,-24,-19,-23,-20,-23,-21,-21,-19,-21,-20,-21,-20,-20,-25,-20,-21,-18,-26,-20,-26,-22,-26,-17,-27,-16,-26,-14,-26,-15,-31,-13,-27,-13,-30,-8,-31,-9,-31,-8,-32,-7,-33,-4,-34,-5,-39,-1,-37,-2,-37,3,-37,0,-40,0,-41,-1,-41,0,-45,-3,-43,-2,-45,2,-45,1,-43,-2,0,0]"
CSI_DATA,78,1a:00:00:00:00:00,-48,11,1,0,1,1,1,0,0,0,1,-96,0,11,2,1314950,0,44,0,384,0,"[0,0,0,0,0,0,0,0,0,0,0,0,3,-13,3,-12,2,-11,2,-11,2,-10,2,-9,1,-9,1,-8,1,-8,0,-7,0,-7,-1,-6,-1,-6,-2,-5,-2,-5,-2,-4,-2,-4,-3,-3,-3,-3,-3,-2,-3,-2,-4,-1,-4,-1,-5,-1,-6,0,-5,-1,0,0,-6,0,-7,0,-8,0,-8,0,-8,-1,-8,-1,-8,-1,-8,-1,-8,-2,-8,-2,-8,-2,-7,-3,-7,-3,-7,-3,-6,-4,-6,-4,-6,-4,-5,-4,-5,-4,-4,-4,-4,-5,-3,-4,-3,-4,-2,-4,-2,-4,-1,-4,0,0,0,0,0,0,0,0,0,0,0,0,0,0,18,-34,16,-36,12,-34,16,-34,13,-34,13,-29,10,-27,10,-27,10,-23,11,-23,6,-23,4,-20,6,-21,3,-16,3,-18,1,-16,-3,-14,-1,-13,-2,-11,-5,-10,-7,-8,-7,-8,-9,-5,-10,-6,-10,-4,-11,-2,-12,-3,-12,-1,-14,0,-13,0,-15,-2,-18,-2,-16,0,-19,1,-20,-1,-21,-1,-23,0,-22,-1,-23,-3,-22,-3,-21,-7,-22,-7,-21,-7,-20,-7,-18,-8,-18,-10,-15,-10,-16,-7,-14,-10,-14,-12,-10,-10,-10,-12,-10,-8,-7,-11,-5,-12,-5,-14,-4,-11,0,0,0,0,0,0,0,0,0,0,0,0,0,0,0,0,0,0,0,0,0,0,-3,32,-4,28,-6,29,-8,27,-8,28,-9,27,-10,26,-9,27,-9,27,-6,24,-9,27,-7,24,-5,28,-6,26,-6,23,-6,25,-2,28,-3,25,-1,23,0,26,1,25,1,28,3,28,4,28,3,28,8,27,6,29,8,29,7,28,10,30,10,28,13,28,14,27,14,27,14,26,17,26,16,23,18,25,20,23,22,22,23,21,24,20,25,21,27,18,28,17,31,14,33,15,34,12,34,12,34,15,38,14,38,13,42,15,39,11,41,13,42,14,41,14,0,0]"
CSI_DATA,79,1a:00:00:00:00:00,-48,11,1,0,1,1,1,0,0,0,1,-96,0,11,2,1324471,0,44,0,384,0,"[0,0,0,0,0,0,0,0,0,0,0,0,-8,-11,-8,-10,-8,-9,-8,-10,-7,-8,-7,-8,-7,-7,-6,-6,-6,-6,-6,-5,-5,-4,-5,-3,-5,-3,-4,-2,-5,-1,-4,-1,-4,0,-3,1,-4,1,-4,1,-3,2,-3,3,-3,3,-4,4,-3,4,-3,4,0,0,-3,6,-3,6,-4,6,-3,7,-4,6,-4,7,-5,7,-5,6,-5,7,-5,6,-5,6,-6,5,-6,5,-7,5,-6,4,-6,4,-6,3,-6,3,-6,3,-6,2,-6,1,-6,1,-6,0,-6,-1,-5,-1,-4,-1,0,0,0,0,0,0,0,0,0,0,0,0,0,0,-39,-70,-40,-70,-46,-67,-41,-58,-39,-56,-33,-58,-33,-50,-34,-47,-33,-38,-28,-37,-28,-32,-26,-28,-31,-28,-28,-27,-23,-21,-24,-19,-23,-12,-24,-7,-17,-6,-20,-4,-18,1,-16,-4,-18,9,-17,11,-18,13,-18,14,-10,12,-10,24,-16,21,-12,26,-10,30,-13,31,-15,34,-16,34,-12,33,-18,38,-13,42,-16,44,-24,38,-22,40,-21,33,-26,34,-26,37,-30,33,-30,31,-27,26,-29,29,-27,20,-26,21,-29,18,-27,15,-26,11,-25,13,-29,6,-25,5,-22,-2,-20,-4,0,0,0,0,0,0,0,0,0,0,0,0,0,0,0,0,0,0,0,0,0,0,41,49,35,53,30,50,32,55,31,54,26,58,29,50,30,54,27,51,28,52,20,54,26,51,35,50,26,51,28,49,28,42,39,46,29,41,36,38,40,39,41,37,44,39,42,34,46,32,49,32,53,29,52,30,50,24,49,25,59,24,52,20,61,19,59,14,57,11,60,11,59,7,60,7,61,1,60,-2,63,-5,59,-11,60,-19,65,-19,66,-20,62,-22,60,-33,61,-32,62,-34,63,-39,62,-43,64,-43,66,-48,76,-46,70,-46,79,-53,69,-58,70,-48,0,0]"
CSI_DATA,80,1a:00:00:00:00:00,-48,11,1,0,1,1,1,0,0,0,1,-96,0,11,2,1354688,0,44,0,384,0,"[0,0,0,0,0,0,0,0,0,0,0,0,-10,-8,-9,-7,-9,-7,-9,-7,-8,-6,-8,-6,-7,-5,-7,-5,-6,-4,-6,-4,-6,-3,-5,-2,-5,-2,-5,-2,-4,-1,-4,0,-3,0,-3,0,-4,0,-3,1,-3,2,-3,2,-2,2,-2,3,-2,4,-2,4,0,0,-2,5,-2,5,-2,5,-2,6,-3,6,-3,6,-3,6,-3,6,-3,6,-4,6,-4,5,-5,5,-5,5,-5,4,-5,4,-5,4,-5,3,-5,3,-5,3,-5,2,-5,1,-5,1,-5,0,-5,0,-4,-1,-3,-1,0,0,0,0,0,0,0,0,0,0,0,0,0,0,-56,-56,-52,-55,-57,-50,-48,-51,-49,-46,-44,-41,-45,-41,-43,-40,-39,-29,-35,-29,-35,-27,-28,-25,-31,-21,-28,-16,-24,-19,-29,-11,-27,-9,-23,-6,-20,-3,-21,4,-20,-1,-17,3,-16,8,-17,11,-12,11,-14,13,-9,17,-11,22,-10,20,-6,23,-9,24,-5,32,-11,28,-11,32,-8,34,-17,34,-16,34,-16,35,-16,35,-15,29,-15,29,-21,31,-25,32,-24,28,-23,28,-22,27,-26,24,-27,24,-23,16,-24,15,-23,13,-19,8,-25,8,-22,7,-22,1,-19,-2,-20,-2,0,0,0,0,0,0,0,0,0,0,0,0,0,0,0,0,0,0,0,0,0,0,61,7,60,14,58,15,60,16,56,21,52,23,55,22,52,21,56,23,55,23,51,22,51,21,55,17,53,21,52,16,54,18,61,12,54,15,56,10,61,8,60,8,61,9,60,5,60,6,61,7,59,-5,59,4,63,-1,64,0,62,-4,56,-2,67,-7,60,-9,60,-16,59,-13,58,-14,51,-21,56,-22,54,-24,54,-30,53,-31,54,-37,50,-39,47,-44,44,-42,41,-56,46,-52,43,-54,46,-57,44,-62,45,-64,45,-64,48,-65,45,-66,57,-76,52,-73,58,-64,0,0]"
CSI_DATA,81,1a:00:00:00:00:00,-48,11,1,0,1,1,1,0,0,0,1,-96,0,11,2,1364446,0,44,0,384,0,"[0,0,0,0,0,0,0,0,0,0,0,0,11,4,11,4,10,3,9,4,8,3,8,2,8,2,7,1,6,1,5,1,5,0,5,0,4,-1,3,-1,3,-1,3,-2,2,-3,2,-3,2,-3,1,-3,1,-4,0,-4,0,-5,0,-5,-1,-5,-1,-6,0,0,-2,-6,-1,-6,-1,-7,-2,-7,-1,-7,-1,-8,-1,-8,-1,-8,-1,-8,0,-8,0,-8,1,-7,1,-7,1,-7,1,-7,2,-6,2,-6,1,-6,2,-5,2,-5,2,-4,3,-4,3,-3,3,-3,2,-2,3,-2,0,0,0,0,0,0,0,0,0,0,0,0,0,0,69,42,62,38,65,33,55,26,60,30,56,27,55,25,49,26,45,21,38,17,39,14,37,11,30,10,32,2,26,7,25,-1,24,1,24,-4,22,-6,15,-8,16,-10,11,-11,10,-12,10,-18,6,-14,8,-22,3,-21,1,-26,-1,-26,-3,-28,-3,-28,-3,-30,-2,-28,-5,-36,-8,-37,2,-40,-4,-39,-4,-44,0,-43,0,-38,-2,-38,4,-40,5,-40,10,-40,8,-37,11,-36,13,-30,13,-32,10,-26,10,-26,11,-24,15,-19,17,-20,17,-17,20,-16,17,-10,16,-3,0,0,0,0,0,0,0,0,0,0,0,0,0,0,0,0,0,0,0,0,0,0,-59,-14,-57,-19,-56,-19,-57,-26,-55,-25,-51,-23,-48,-24,-49,-25,-53,-27,-55,-23,-49,-22,-52,-20,-57,-17,-51,-17,-47,-19,-49,-16,-56,-11,-54,-13,-55,-12,-59,-8,-57,-9,-63,-3,-58,-4,-61,1,-60,-3,-65,6,-67,2,-62,6,-61,2,-64,10,-62,8,-64,13,-61,17,-57,18,-62,20,-58,24,-54,26,-54,32,-48,35,-49,42,-49,40,-46,43,-45,46,-44,53,-37,52,-41,56,-39,57,-32,63,-39,69,-33,69,-39,72,-35,72,-37,77,-33,72,-39,76,-36,75,-37,77,0,0]"
CSI_DATA,82,1a:00:00:00:00:00,-47,11,1,0,1,1,1,0,0,0,1,-96,0,11,2,1384452,0,44,0,384,0,"[0,0,0,0,0,0,0,0,0,0,0,0,-8,9,-7,9,-6,9,-6,9,-5,7,-5,7,-4,7,-3,6,-3,6,-2,5,-2,5,-1,5,0,4,0,4,1,3,2,3,2,3,2,2,3,2,3,2,4,1,5,1,4,1,6,1,6,1,6,1,0,0,7,1,8,1,8,0,8,1,8,1,9,2,9,2,8,2,8,2,8,3,7,4,7,4,6,4,6,4,6,4,5,4,5,4,4,4,3,4,3,4,2,4,2,4,2,4,1,4,0,4,-1,3,0,0,0,0,0,0,0,0,0,0,0,0,0,0,-18,71,-24,68,-17,66,-16,63,-14,61,-11,58,-12,53,-11,46,-9,44,-7,45,-1,44,-3,36,-1,34,4,26,4,28,9,27,12,16,13,15,14,13,19,12,13,9,18,11,19,-2,22,0,22,0,23,-4,27,-7,27,-7,34,-8,33,-13,37,-10,36,-13,37,-8,39,-13,42,-9,42,-9,45,-9,44,-10,46,-3,46,-3,44,-3,49,1,44,2,41,6,40,8,41,14,34,6,36,12,32,12,30,11,23,12,28,14,21,13,20,14,18,17,12,17,9,15,0,0,0,0,0,0,0,0,0,0,0,0,0,0,0,0,0,0,0,0,0,0,-8,-58,-3,-56,-2,-55,0,-56,5,-57,3,-54,0,-46,3,-52,2,-52,4,-49,3,-52,-4,-48,-3,-52,-2,-46,-5,-45,-8,-51,-12,-48,-6,-50,-19,-47,-20,-47,-17,-51,-21,-51,-25,-50,-24,-52,-26,-53,-29,-51,-28,-50,-32,-48,-33,-53,-37,-52,-32,-47,-37,-50,-41,-50,-40,-45,-45,-45,-45,-44,-47,-40,-52,-38,-51,-37,-57,-37,-54,-29,-61,-33,-62,-25,-64,-25,-63,-20,-68,-22,-69,-19,-71,-15,-71,-14,-83,-13,-78,-14,-79,-11,-81,-14,-85,-14,-91,-16,-83,-11,-84,-22,0,0]"
CSI_DATA,83,1a:00:00:00:00:00,-47,11,1,0,1,1,1,0,0,0,1,-96,0,11,2,1394516,0,44,0,384,0,"[0,0,0,0,0,0,0,0,0,0,0,0,-9,-8,-8,-7,-8,-7,-8,-7,-7,-6,-6,-5,-7,-4,-6,-3,-5,-3,-5,-3,-5,-1,-5,-1,-5,0,-4,0,-4,1,-4,2,-3,2,-3,3,-3,3,-3,3,-3,4,-3,5,-2,5,-2,5,-2,6,-1,6,0,0,-1,8,-2,8,-2,8,-1,8,-2,8,-3,8,-3,9,-3,8,-3,8,-4,8,-4,8,-4,7,-4,7,-5,7,-5,6,-4,5,-5,5,-4,4,-5,4,-4,3,-4,3,-5,2,-4,2,-5,1,-4,1,-4,0,0,0,0,0,0,0,0,0,0,0,0,0,0,0,-39,-66,-41,-66,-44,-55,-33,-56,-34,-53,-33,-52,-31,-44,-34,-42,-31,-35,-23,-31,-27,-27,-26,-21,-26,-24,-27,-16,-20,-13,-20,-8,-24,-4,-23,0,-20,1,-19,7,-18,10,-15,12,-17,16,-17,21,-19,20,-22,24,-15,27,-15,30,-16,33,-13,38,-19,35,-16,40,-20,38,-19,43,-16,46,-23,44,-24,43,-26,45,-26,43,-25,40,-27,39,-28,38,-33,38,-33,37,-31,30,-34,29,-34,23,-30,23,-28,16,-29,17,-31,14,-23,11,-26,15,-26,7,-23,7,-24,1,-23,-3,0,0,0,0,0,0,0,0,0,0,0,0,0,0,0,0,0,0,0,0,0,0,37,45,29,49,25,47,23,49,22,51,23,48,18,45,20,45,23,51,20,43,22,43,24,38,31,41,26,37,33,37,28,34,33,30,32,30,36,32,33,28,41,30,45,32,44,24,49,27,51,25,55,18,53,22,57,21,52,19,59,15,53,17,63,17,59,16,60,12,63,11,64,10,58,1,64,-4,61,-3,68,-14,65,-10,62,-17,65,-19,64,-24,62,-24,60,-34,67,-29,63,-30,71,-40,71,-45,65,-43,69,-47,73,-43,63,-44,76,-55,68,-49,74,-50,0,0]"
CSI_DATA,84,1a:00:00:00:00:00,-47,11,1,0,1,1,1,0,0,0,1,-96,0,11,2,1404663,0,44,0,384,0,"[0,0,0,0,0,0,0,0,0,0,0,0,5,9,5,8,5,8,5,8,4,6,4,5,4,4,4,4,4,3,4,3,4,2,3,1,3,0,4,0,4,-1,3,-2,3,-2,3,-3,3,-3,3,-4,3,-4,3,-5,2,-5,3,-6,3,-7,2,-7,0,0,2,-8,3,-8,4,-8,3,-9,4,-9,5,-9,4,-9,5,-8,5,-8,5,-8,6,-7,6,-7,6,-6,6,-6,5,-5,6,-5,6,-5,5,-4,5,-4,5,-3,5,-3,5,-2,5,-2,4,-1,4,0,3,0,0,0,0,0,0,0,0,0,0,0,0,0,0,0,18,73,18,73,24,69,11,60,15,55,17,52,20,47,17,47,20,38,14,36,17,30,16,27,19,26,19,22,16,16,20,13,23,9,21,1,20,0,19,-1,21,-5,19,-8,20,-10,25,-11,19,-18,21,-24,21,-25,24,-30,24,-33,20,-34,23,-33,31,-37,31,-39,29,-41,34,-39,33,-37,40,-38,33,-36,40,-42,40,-30,38,-29,41,-29,43,-29,42,-27,42,-21,35,-14,40,-14,37,-16,35,-9,34,-8,33,-5,31,-6,32,-4,27,0,26,-1,23,5,17,8,0,0,0,0,0,0,0,0,0,0,0,0,0,0,0,0,0,0,0,0,0,0,-26,-54,-26,-52,-20,-50,-19,-52,-16,-50,-14,-50,-14,-50,-15,-48,-18,-48,-20,-45,-16,-47,-14,-42,-22,-45,-20,-44,-20,-40,-21,-39,-28,-36,-27,-38,-32,-38,-32,-39,-36,-32,-40,-37,-39,-33,-46,-32,-47,-34,-52,-26,-50,-32,-49,-28,-51,-34,-59,-29,-54,-25,-59,-30,-57,-26,-58,-23,-61,-22,-61,-22,-57,-14,-61,-10,-63,-3,-66,-3,-67,-6,-69,0,-67,6,-69,9,-67,9,-69,16,-72,17,-72,16,-75,19,-79,27,-78,27,-74,27,-79,26,-74,25,-84,30,-82,32,-79,27,0,0]"
CSI_DATA,85,1a:00:00:00:00:00,-46,11,1,0,1,1,1,0,0,0,1,-96,0,11,2,1424414,0,44,0,384,0,"[0,0,0,0,0,0,0,0,0,0,0,0,0,-12,0,-10,-2,-10,-1,-9,-2,-8,-1,-7,-2,-7,-2,-6,-2,-6,-3,-5,-3,-5,-3,-4,-4,-3,-4,-3,-4,-2,-4,-2,-4,-1,-4,-1,-4,0,-5,1,-5,1,-6,2,-5,2,-6,2,-6,3,-6,3,0,0,-7,4,-8,4,-8,4,-8,4,-8,4,-9,4,-9,4,-9,3,-9,3,-9,2,-9,2,-8,2,-9,1,-8,1,-8,0,-8,0,-8,0,-7,-1,-6,-1,-6,-1,-6,-2,-5,-2,-5,-2,-5,-2,-4,-3,-3,-3,0,0,0,0,0,0,0,0,0,0,0,0,0,0,11,-73,18,-68,4,-66,6,-59,7,-63,10,-55,3,-50,1,-48,0,-39,0,-39,-5,-38,-1,-31,-8,-30,-9,-27,-10,-23,-11,-23,-18,-16,-15,-11,-14,-11,-18,-10,-18,-4,-19,-2,-22,2,-23,3,-29,5,-28,7,-31,8,-30,11,-32,15,-35,18,-36,14,-38,16,-39,20,-39,21,-41,24,-44,19,-45,22,-44,19,-48,13,-49,13,-51,12,-50,7,-44,5,-47,5,-42,4,-45,1,-44,-2,-42,-1,-35,-4,-33,-6,-31,-4,-33,-7,-28,-11,-26,-13,-25,-14,-18,-12,-16,-14,0,0,0,0,0,0,0,0,0,0,0,0,0,0,0,0,0,0,0,0,0,0,7,54,-1,51,-1,51,-4,54,-4,51,-8,50,-4,50,-4,51,-4,50,-4,47,-5,46,-3,44,2,51,-1,47,2,45,5,46,9,46,6,51,10,49,15,46,18,47,23,53,22,53,23,53,26,53,28,52,24,53,30,53,33,54,38,52,33,51,41,50,39,48,41,43,48,46,45,43,45,41,50,39,50,36,55,36,58,30,57,26,61,27,68,26,60,22,66,14,69,17,70,15,73,12,77,12,72,15,80,13,84,13,79,8,81,10,82,10,82,6,0,0]"
CSI_DATA,86,1a:00:00:00:00:00,-46,11,1,0,1,1,1,0,0,0,1,-96,0,11,2,1444795,0,44,0,384,0,"[0,0,0,0,0,0,0,0,0,0,0,0,10,0,10,0,9,0,9,1,8,0,7,0,6,-1,6,-2,5,-2,5,-2,4,-2,3,-3,3,-3,2,-3,2,-3,1,-4,0,-4,0,-4,0,-4,-1,-4,-1,-5,-1,-5,-2,-5,-2,-6,-3,-6,-3,-7,0,0,-4,-7,-3,-8,-4,-8,-4,-8,-3,-8,-3,-8,-3,-8,-3,-8,-3,-9,-2,-9,-2,-9,-1,-8,-1,-8,-1,-8,0,-8,0,-8,0,-7,0,-7,0,-6,0,-6,1,-6,1,-5,2,-4,2,-4,2,-4,2,-3,0,0,0,0,0,0,0,0,0,0,0,0,0,0,69,25,65,24,66,18,55,13,53,10,51,10,48,9,49,6,42,6,37,3,36,2,32,-2,31,-9,25,-5,23,-7,21,-11,21,-9,16,-13,14,-15,11,-19,10,-21,4,-20,4,-22,-1,-20,0,-26,-3,-26,-6,-26,-6,-34,-7,-32,-14,-34,-13,-31,-17,-38,-11,-36,-17,-42,-18,-39,-12,-41,-12,-43,-13,-44,-11,-46,-13,-43,-5,-43,-1,-47,1,-44,3,-43,1,-39,5,-42,4,-36,3,-34,6,-30,6,-27,4,-31,8,-26,12,-24,11,-21,10,-15,11,-17,16,-9,0,0,0,0,0,0,0,0,0,0,0,0,0,0,0,0,0,0,0,0,0,0,-54,13,-55,8,-53,11,-55,4,-53,2,-52,-1,-48,6,-50,2,-51,3,-51,1,-52,2,-49,6,-55,10,-51,6,-47,7,-49,10,-51,18,-52,15,-50,19,-53,21,-54,21,-56,25,-56,26,-57,28,-59,32,-58,35,-56,34,-60,38,-53,32,-57,40,-50,38,-56,43,-51,45,-51,45,-48,46,-44,47,-42,49,-44,50,-40,53,-40,57,-37,54,-31,62,-33,62,-28,64,-28,63,-20,68,-20,70,-16,75,-19,75,-21,78,-18,75,-15,78,-18,80,-18,77,-21,89,-18,84,-17,85,0,0]"
CSI_DATA,87,1a:00:00:00:00:00,-47,11,1,0,1,1,1,0,0,0,1,-96,0,11,2,1456618,0,44,0,384,0,"[0,0,0,0,0,0,0,0,0,0,0,0,6,7,6,7,6,6,6,6,5,5,5,4,5,3,4,3,4,3,4,2,3,2,3,0,3,1,3,0,3,0,3,-1,3,-2,3,-2,3,-3,2,-3,2,-3,2,-4,2,-4,2,-5,3,-5,2,-6,0,0,3,-6,3,-6,4,-7,4,-7,4,-7,4,-6,5,-6,5,-6,5,-6,5,-6,5,-6,6,-5,5,-4,5,-4,5,-3,5,-3,5,-3,4,-3,4,-2,4,-1,4,-1,4,0,4,0,3,0,3,0,2,1,0,0,0,0,0,0,0,0,0,0,0,0,0,0,40,69,35,60,41,56,32,47,32,49,24,43,24,42,28,40,24,35,23,30,24,26,20,25,20,20,23,20,19,15,19,7,21,6,20,0,19,1,17,-1,20,-4,19,-8,18,-12,18,-10,16,-12,21,-17,17,-20,19,-25,18,-24,18,-29,17,-29,18,-31,23,-31,24,-33,22,-30,30,-35,31,-32,27,-32,30,-28,29,-30,31,-26,33,-26,28,-20,36,-22,34,-22,34,-14,30,-14,30,-12,28,-8,26,-8,24,-6,26,-3,23,-2,21,0,20,1,17,5,13,3,0,0,0,0,0,0,0,0,0,0,0,0,0,0,0,0,0,0,0,0,0,0,-56,-4,-55,-7,-52,-4,-55,-11,-50,-13,-51,-17,-52,-11,-46,-14,-52,-16,-51,-13,-48,-15,-51,-13,-55,-8,-52,-7,-52,-10,-53,-9,-57,-2,-52,-7,-57,-1,-60,0,-58,0,-63,3,-59,0,-64,5,-66,6,-65,9,-67,3,-66,8,-69,2,-72,12,-64,13,-74,10,-67,10,-67,15,-70,14,-68,16,-67,18,-67,24,-64,23,-66,32,-65,30,-63,33,-65,35,-60,40,-60,37,-59,42,-62,44,-57,49,-60,47,-63,47,-63,53,-63,54,-70,52,-64,47,-69,54,-67,57,-65,52,0,0]"
CSI_DATA,88,1a:00:00:00:00:00,-47,11,1,0,1,1,1,0,0,0,1,-96,0,11,2,1464435,0,44,0,384,0,"[0,0,0,0,0,0,0,0,0,0,0,0,-4,10,-3,9,-2,8,-3,8,-2,7,-2,7,-2,6,-1,6,-1,5,0,4,0,4,0,4,1,3,1,3,2,2,2,2,2,2,2,1,3,1,3,0,3,0,4,0,3,0,5,-1,5,-1,5,-1,0,0,6,-1,6,-2,7,-1,6,-1,7,-1,7,-1,7,-1,7,0,7,0,6,1,6,1,6,1,6,1,5,1,5,2,5,2,4,2,4,2,4,2,3,2,2,2,2,2,2,2,2,2,1,2,0,2,0,0,0,0,0,0,0,0,0,0,0,0,0,0,-27,66,-28,63,-19,70,-21,56,-20,61,-19,52,-18,47,-14,45,-10,40,-11,40,-5,36,-6,35,-1,32,-1,23,-2,26,4,22,6,18,9,15,9,16,12,13,19,14,14,14,15,6,18,2,19,2,22,2,28,0,24,-4,30,-5,30,-4,32,-3,36,-4,34,-4,38,-5,38,-7,41,-2,45,-3,42,-1,43,-2,41,5,39,4,40,8,35,11,34,8,33,10,32,9,27,12,29,12,27,12,22,13,22,14,20,14,18,11,14,14,11,15,9,16,4,12,0,0,0,0,0,0,0,0,0,0,0,0,0,0,0,0,0,0,0,0,0,0,-25,-51,-21,-52,-17,-52,-17,-50,-15,-53,-11,-51,-14,-50,-14,-51,-13,-56,-10,-48,-11,-51,-14,-51,-19,-52,-17,-50,-17,-52,-18,-49,-24,-53,-20,-49,-25,-49,-32,-50,-31,-48,-37,-54,-32,-53,-37,-51,-38,-54,-44,-58,-38,-56,-43,-56,-42,-53,-49,-57,-44,-49,-50,-57,-48,-54,-52,-52,-54,-48,-53,-49,-54,-41,-57,-43,-58,-42,-62,-40,-58,-37,-64,-32,-68,-34,-69,-33,-66,-30,-75,-22,-78,-27,-77,-24,-77,-21,-81,-26,-78,-20,-83,-24,-87,-25,-84,-21,-86,-23,-84,-20,-83,-24,0,0]"
CSI_DATA,89,1a:00:00:00:00:00,-47,11,1,0,1,1,1,0,0,0,1,-96,0,11,2,1474470,0,44,0,384,0,"[0,0,0,0,0,0,0,0,0,0,0,0,-11,0,-11,0,-10,0,-10,0,-9,-1,-8,0,-7,1,-6,1,-6,1,-5,1,-5,1,-4,1,-4,1,-3,2,-3,1,-3,3,-1,3,-1,3,-1,3,-1,3,-1,3,0,3,0,4,1,4,1,4,1,5,0,0,2,5,2,6,1,5,2,6,1,6,1,6,1,6,0,6,1,6,0,6,0,6,-1,6,-1,5,-2,5,-2,5,-2,4,-2,4,-2,4,-2,4,-2,3,-2,3,-2,2,-3,2,-3,1,-3,1,-2,1,0,0,0,0,0,0,0,0,0,0,0,0,0,0,-77,-6,-73,0,-68,1,-65,-6,-60,-3,-57,-4,-53,0,-53,0,-43,0,-39,2,-35,4,-33,6,-30,3,-27,5,-22,9,-17,8,-22,10,-18,12,-12,10,-10,13,-12,15,-6,17,-5,18,-4,17,2,18,0,24,5,23,8,24,8,28,9,27,10,26,13,29,12,36,11,35,15,31,11,35,6,36,8,36,4,36,4,40,5,33,3,38,-4,34,-2,35,-6,35,-4,31,-9,27,-10,25,-8,24,-8,20,-6,22,-11,21,-11,17,-12,15,-10,11,-10,10,-11,7,0,0,0,0,0,0,0,0,0,0,0,0,0,0,0,0,0,0,0,0,0,0,30,-45,33,-43,35,-37,37,-40,39,-36,39,-34,36,-33,34,-36,38,-38,34,-37,36,-36,36,-38,35,-42,36,-41,35,-39,31,-41,30,-46,32,-45,29,-47,27,-50,31,-50,34,-57,29,-55,31,-57,34,-57,31,-59,30,-59,27,-63,30,-61,26,-69,25,-59,26,-69,24,-67,22,-65,20,-68,18,-67,13,-67,11,-71,15,-67,11,-74,10,-72,5,-70,2,-74,-4,-77,-1,-76,-5,-76,-5,-77,-10,-77,-10,-78,-6,-79,-7,-84,-13,-82,-8,-88,-8,-81,-4,-92,-6,-92,-5,-87,0,0]"
CSI_DATA,90,1a:00:00:00:00:00,-48,11,1,0,1,1,1,0,0,0,1,-96,0,11,2,1484518,0,44,0,384,0,"[0,0,0,0,0,0,0,0,0,0,0,0,3,-11,2,-10,1,-10,2,-9,1,-8,2,-8,1,-7,1,-6,0,-6,0,-5,0,-5,-1,-5,-1,-4,-2,-4,-2,-3,-2,-3,-2,-3,-3,-2,-3,-2,-3,-1,-4,-1,-4,-1,-4,-1,-5,0,-5,0,-5,0,0,0,-6,0,-7,0,-7,0,-7,0,-7,-1,-7,-1,-7,-1,-7,-1,-7,-2,-6,-2,-6,-2,-6,-3,-6,-3,-5,-3,-4,-3,-4,-3,-4,-3,-4,-3,-3,-3,-3,-3,-2,-3,-2,-3,-2,-3,-1,-3,-1,-3,-1,-2,0,0,0,0,0,0,0,0,0,0,0,0,0,0,27,-70,24,-70,17,-65,23,-66,17,-64,16,-56,15,-51,16,-48,16,-40,10,-44,8,-42,9,-36,7,-36,0,-28,0,-25,-4,-27,-3,-22,-8,-19,-8,-13,-11,-15,-14,-14,-12,-13,-15,-5,-19,-5,-17,-3,-23,-3,-26,-3,-23,5,-25,5,-29,1,-31,2,-33,5,-33,3,-36,5,-35,4,-39,0,-37,2,-40,-1,-40,-5,-37,-1,-33,-3,-38,-9,-32,-6,-33,-8,-28,-11,-30,-13,-25,-14,-23,-11,-18,-14,-15,-16,-17,-14,-13,-14,-10,-11,-8,-11,-7,-13,-7,-12,-3,-11,0,0,0,0,0,0,0,0,0,0,0,0,0,0,0,0,0,0,0,0,0,0,26,51,21,48,18,48,16,50,14,52,11,50,13,52,16,47,15,51,14,49,16,47,18,48,24,52,20,49,22,48,23,47,29,47,25,50,30,44,35,48,33,48,39,54,37,51,43,54,42,52,44,52,42,52,44,52,45,55,50,51,45,46,50,53,50,51,52,40,57,47,54,46,55,43,55,36,58,33,63,35,62,36,71,30,68,30,72,26,70,25,70,16,75,22,81,19,82,17,81,20,83,18,84,17,87,17,85,22,90,21,83,21,89,27,0,0]"
CSI_DATA,91,1a:00:00:00:00:00,-48,11,1,0,1,1,1,0,0,0,1,-96,0,11,2,1494418,0,44,0,384,0,"[0,0,0,0,0,0,0,0,0,0,0,0,-8,-8,-7,-8,-7,-7,-7,-8,-6,-7,-5,-6,-5,-5,-5,-5,-5,-4,-4,-4,-4,-3,-4,-2,-4,-2,-4,-2,-3,-1,-3,0,-3,0,-3,1,-3,1,-3,1,-3,2,-3,2,-2,2,-2,3,-3,3,-2,4,0,0,-2,4,-3,5,-3,5,-3,5,-4,5,-4,5,-4,4,-4,4,-4,4,-4,4,-5,4,-5,3,-4,3,-5,3,-4,2,-4,2,-4,1,-4,1,-4,1,-3,1,-3,0,-3,0,-3,0,-3,-1,-2,-1,-2,-1,0,0,0,0,0,0,0,0,0,0,0,0,0,0,-51,-53,-45,-55,-52,-52,-41,-48,-41,-46,-33,-45,-39,-37,-38,-39,-29,-33,-30,-32,-27,-26,-30,-25,-25,-21,-21,-17,-21,-16,-20,-8,-19,-7,-19,-2,-16,1,-16,0,-14,3,-14,1,-12,9,-11,9,-10,11,-12,15,-6,14,-9,22,-11,21,-11,24,-8,23,-9,28,-12,25,-11,32,-12,31,-17,32,-14,33,-19,32,-18,31,-20,26,-18,25,-18,22,-20,24,-19,21,-21,19,-23,14,-21,13,-18,10,-18,10,-18,9,-19,7,-15,4,-12,5,-12,1,-13,0,-7,-1,-7,-3,0,0,0,0,0,0,0,0,0,0,0,0,0,0,0,0,0,0,0,0,0,0,55,1,54,4,52,5,55,9,52,12,51,15,48,7,48,11,51,8,49,6,51,8,52,6,55,4,53,6,51,5,53,1,56,-4,53,1,57,-4,58,-4,59,-2,64,-9,60,-8,63,-12,66,-12,64,-15,62,-14,68,-17,66,-12,69,-21,62,-17,71,-23,66,-24,64,-22,68,-24,62,-29,60,-29,61,-35,58,-38,59,-41,58,-39,55,-44,59,-48,52,-49,52,-52,52,-55,53,-55,51,-63,52,-61,53,-60,52,-61,53,-64,57,-65,55,-59,58,-72,59,-69,59,-64,0,0]"
CSI_DATA,92,1a:00:00:00:00:00,-49,11,1,0,1,1,1,0,0,0,1,-96,0,11,2,1504478,0,44,0,384,0,"[0,0,0,0,0,0,0,0,0,0,0,0,9,-5,9,-5,8,-5,7,-4,7,-4,6,-4,6,-4,4,-4,4,-3,4,-3,3,-3,2,-3,2,-3,1,-3,1,-3,0,-4,0,-3,-1,-3,-1,-3,-2,-3,-2,-3,-3,-2,-3,-3,-3,-3,-3,-3,-4,-3,0,0,-4,-4,-5,-4,-5,-4,-5,-4,-4,-4,-5,-4,-4,-5,-4,-4,-4,-5,-4,-6,-3,-6,-2,-5,-2,-5,-2,-4,-2,-5,-1,-5,-1,-4,-1,-4,-1,-4,-1,-3,0,-3,0,-2,0,-2,0,-2,0,-2,0,-1,0,0,0,0,0,0,0,0,0,0,0,0,0,0,71,-26,68,-22,61,-28,56,-21,55,-23,51,-19,43,-19,42,-16,39,-13,36,-14,33,-21,33,-15,23,-16,23,-12,19,-12,13,-14,14,-16,11,-15,7,-14,3,-16,0,-14,1,-16,-3,-10,-5,-9,-8,-11,-8,-16,-11,-14,-17,-14,-17,-12,-23,-16,-21,-17,-24,-18,-21,-20,-24,-20,-23,-19,-20,-25,-23,-23,-20,-22,-21,-27,-19,-29,-20,-28,-14,-30,-9,-22,-12,-26,-7,-20,-10,-24,-6,-20,-6,-20,-5,-16,-1,-20,-4,-16,2,-12,2,-12,1,-9,3,-11,1,-8,4,-4,0,0,0,0,0,0,0,0,0,0,0,0,0,0,0,0,0,0,0,0,0,0,-20,54,-25,48,-27,49,-28,48,-30,46,-30,47,-26,44,-29,48,-28,49,-28,47,-29,46,-25,46,-26,48,-24,47,-24,46,-24,51,-16,55,-22,55,-17,54,-18,57,-17,57,-16,60,-16,62,-16,60,-17,64,-10,65,-14,65,-10,68,-13,67,-9,71,-9,63,-7,68,-4,72,0,64,-6,69,6,72,6,67,5,70,7,65,15,68,15,63,24,68,19,70,24,69,27,63,34,68,33,67,37,63,37,68,37,76,33,68,41,73,43,75,41,74,40,78,36,75,35,76,0,0]"
CSI_DATA,93,1a:00:00:00:00:00,-50,11,1,0,1,1,1,0,0,0,1,-96,0,11,2,1514469,0,44,0,384,0,"[0,0,0,0,0,0,0,0,0,0,0,0,9,2,9,2,8,2,8,3,7,2,6,1,6,1,5,0,5,0,4,0,4,0,3,-1,3,-1,2,-1,2,-2,2,-2,1,-3,1,-3,0,-3,0,-3,0,-3,-1,-4,-1,-4,-1,-4,-1,-5,-1,-5,0,0,-1,-6,-1,-5,-1,-6,-1,-6,0,-6,0,-6,0,-6,1,-6,0,-6,1,-5,1,-6,1,-5,2,-4,2,-4,1,-4,1,-3,1,-3,1,-2,1,-2,1,-2,1,-2,1,-1,1,-1,0,-1,0,-1,0,0,0,0,0,0,0,0,0,0,0,0,0,0,0,0,65,36,59,33,66,31,51,25,56,24,48,27,45,24,43,22,38,17,34,17,30,11,30,10,24,7,25,8,18,4,19,-1,19,0,16,-7,15,-4,12,-6,9,-8,6,-12,7,-12,7,-15,0,-15,5,-17,0,-19,-3,-23,-4,-22,-5,-28,-5,-26,-2,-32,-1,-32,0,-33,-5,-30,0,-36,6,-33,4,-34,6,-31,6,-29,7,-32,8,-29,9,-27,12,-25,12,-22,9,-18,12,-15,14,-16,11,-15,11,-10,11,-12,9,-6,8,-5,9,-5,4,-1,4,-1,0,-1,0,0,0,0,0,0,0,0,0,0,0,0,0,0,0,0,0,0,0,0,0,0,-54,25,-60,17,-58,11,-56,11,-58,14,-60,13,-52,7,-57,8,-59,8,-56,9,-55,14,-57,14,-61,17,-56,14,-60,13,-54,14,-57,22,-55,20,-53,23,-56,22,-60,29,-64,30,-61,28,-62,32,-61,29,-58,38,-67,32,-59,40,-59,33,-59,39,-53,39,-60,45,-58,40,-54,44,-56,48,-53,47,-46,47,-45,49,-46,48,-42,57,-45,57,-39,60,-36,61,-36,63,-32,66,-28,64,-28,69,-29,75,-28,74,-33,73,-29,76,-24,77,-32,84,-29,72,-32,81,-30,82,-37,77,0,0]"
CSI_DATA,94,1a:00:00:00:00:00,-50,11,1,0,1,1,1,0,0,0,1,-96,0,11,2,1524481,0,44,0,384,0,"[0,0,0,0,0,0,0,0,0,0,0,0,3,9,2,8,4,8,2,8,2,7,1,6,2,5,2,4,2,4,2,3,2,3,2,2,2,2,2,1,2,1,2,0,2,0,2,-1,2,-1,2,-2,3,-2,3,-3,2,-3,3,-3,3,-3,3,-3,0,0,4,-4,5,-4,5,-4,5,-4,5,-3,5,-3,5,-3,5,-2,5,-2,4,-2,5,-1,4,-1,4,0,4,-1,3,0,2,0,3,0,1,0,1,0,1,0,1,0,1,0,0,0,0,0,-1,0,-1,0,0,0,0,0,0,0,0,0,0,0,0,0,0,0,13,70,14,63,17,62,12,57,15,53,10,52,10,45,12,46,11,37,9,38,9,32,8,27,11,27,12,22,8,14,12,14,13,8,17,8,7,5,14,4,15,2,13,-2,15,-7,16,-6,19,-5,22,-9,14,-10,19,-15,20,-15,21,-16,22,-17,27,-19,24,-18,30,-16,27,-19,28,-9,29,-17,29,-12,30,-12,29,-6,31,-5,27,-2,23,-2,24,2,20,-1,20,5,15,4,15,5,13,5,7,3,13,4,9,2,5,3,5,5,3,1,4,0,-2,-1,0,0,0,0,0,0,0,0,0,0,0,0,0,0,0,0,0,0,0,0,0,0,-59,-5,-60,-10,-56,-14,-61,-18,-59,-20,-59,-20,-54,-24,-51,-19,-56,-19,-57,-21,-53,-22,-55,-16,-60,-16,-57,-18,-57,-17,-56,-17,-62,-15,-58,-15,-63,-13,-68,-15,-66,-11,-68,-13,-65,-12,-71,-9,-73,-15,-72,-6,-68,-13,-75,-9,-67,-13,-79,-11,-68,-8,-76,-7,-72,-4,-67,-4,-69,-6,-69,4,-65,4,-68,5,-67,10,-70,13,-67,10,-66,15,-67,17,-69,24,-66,23,-70,26,-73,24,-66,32,-71,32,-70,32,-72,30,-75,40,-76,30,-70,29,-81,35,-79,31,-76,27,0,0]"
CSI_DATA,95,1a:00:00:00:00:00,-51,11,1,0,1,1,1,0,0,0,1,-96,0,11,2,1534381,0,44,0,384,0,"[0,0,0,0,0,0,0,0,0,0,0,0,10,4,8,3,8,3,7,3,7,3,6,2,6,1,5,1,4,1,4,1,4,0,3,-1,3,-1,2,-1,2,-1,2,-3,2,-2,2,-3,2,-3,2,-4,1,-4,1,-4,1,-5,1,-5,2,-5,2,-6,0,0,2,-6,2,-6,3,-6,3,-7,3,-5,3,-5,4,-5,4,-5,4,-4,4,-4,4,-4,4,-2,3,-2,3,-2,3,-1,3,-2,2,-1,2,-1,1,-1,1,-1,1,0,0,0,0,0,0,0,-1,-1,-1,-1,0,0,0,0,0,0,0,0,0,0,0,0,0,0,32,15,27,15,27,13,23,13,25,10,21,10,21,10,20,11,17,7,15,7,14,4,14,3,12,4,12,3,9,1,10,-2,10,-1,8,-4,7,-2,6,-5,7,-7,5,-8,7,-7,5,-7,3,-10,4,-9,3,-12,4,-14,4,-13,3,-15,4,-16,5,-16,6,-15,7,-15,6,-13,10,-15,10,-16,11,-14,10,-11,10,-12,10,-9,10,-9,10,-6,10,-6,11,-6,8,-6,7,-3,6,-2,5,-3,6,-2,3,-1,3,-1,3,0,1,-1,0,-1,-2,0,-3,0,0,0,0,0,0,0,0,0,0,0,0,0,0,0,0,0,0,0,0,0,0,0,-15,27,-17,25,-17,24,-18,26,-20,21,-18,21,-20,22,-21,20,-21,22,-20,20,-20,21,-21,22,-20,23,-20,21,-20,19,-20,23,-20,26,-20,21,-19,24,-20,27,-21,25,-22,25,-22,26,-22,26,-22,25,-22,28,-23,26,-23,27,-23,27,-23,28,-20,26,-23,30,-19,28,-21,29,-19,29,-18,29,-15,29,-16,31,-14,29,-15,31,-15,31,-11,30,-11,34,-12,33,-8,31,-7,36,-7,35,-7,35,-8,36,-9,37,-11,37,-8,37,-11,38,-10,37,-12,39,-11,39,-11,41,0,0]"
CSI_DATA,96,1a:00:00:00:00:00,-51,11,1,0,1,1,1,0,0,0,1,-96,0,11,2,1544395,0,44,0,384,0,"[0,0,0,0,0,0,0,0,0,0,0,0,2,9,2,8,3,8,2,7,2,6,1,5,2,5,2,4,2,4,2,3,2,2,2,2,3,2,3,1,3,1,3,0,3,0,3,0,4,0,4,0,4,-1,5,-1,4,-2,5,-2,5,-1,5,-2,0,0,6,-1,6,-1,6,-1,6,-1,6,0,6,0,6,1,5,1,5,1,5,1,4,2,4,2,3,2,3,2,2,2,1,1,1,2,1,1,0,1,0,1,0,0,0,0,0,0,0,0,-1,-1,-1,-1,0,0,0,0,0,0,0,0,0,0,0,0,0,0,14,65,17,66,18,64,10,55,10,48,9,48,10,41,9,41,10,37,8,34,11,29,10,25,8,25,13,16,10,21,12,14,21,13,19,6,15,10,17,5,21,4,18,1,21,-1,20,3,26,-1,30,-5,24,-3,32,-3,30,-6,31,-5,29,1,33,0,30,1,34,1,31,-1,32,6,33,6,34,7,32,9,31,12,27,15,20,17,23,15,20,18,14,13,12,11,8,13,8,12,3,10,1,14,1,9,3,4,2,4,-2,1,-2,1,-6,-4,-3,-2,0,0,0,0,0,0,0,0,0,0,0,0,0,0,0,0,0,0,0,0,0,0,-50,33,-51,25,-56,19,-51,13,-57,17,-55,16,-52,12,-50,16,-56,18,-54,12,-59,10,-52,12,-59,17,-56,14,-57,9,-56,14,-58,20,-65,14,-62,19,-66,20,-65,17,-69,19,-69,16,-73,16,-72,13,-70,18,-71,9,-78,14,-68,10,-73,18,-67,16,-74,15,-71,12,-63,18,-69,14,-63,17,-64,17,-64,21,-60,21,-68,26,-64,30,-65,30,-56,29,-62,32,-60,33,-57,35,-64,39,-65,37,-64,39,-65,39,-68,36,-71,42,-73,39,-71,34,-79,37,-76,39,-73,31,0,0]"
CSI_DATA,97,1a:00:00:00:00:00,-51,11,1,0,1,1,1,0,0,0,1,-96,0,11,2,1554725,0,44,0,384,0,"[0,0,0,0,0,0,0,0,0,0,0,0,0,9,0,8,1,8,0,7,0,6,0,5,1,5,1,4,1,4,1,3,1,3,1,2,2,2,3,2,3,2,3,1,3,1,3,1,4,1,4,1,4,1,5,0,4,1,6,1,6,1,5,1,0,0,6,1,6,2,6,2,5,2,6,2,5,3,5,3,4,3,4,3,3,3,2,4,2,3,2,3,1,2,1,2,0,2,0,2,0,2,0,1,-1,1,-1,0,0,0,0,0,0,-1,0,-1,0,-1,0,0,0,0,0,0,0,0,0,0,0,0,0,0,-1,72,1,65,1,59,2,53,1,54,-2,48,7,45,7,43,2,38,0,32,1,34,2,24,10,23,9,27,11,22,12,17,18,13,15,15,18,11,19,14,20,11,21,12,26,7,25,8,29,9,28,10,29,6,34,8,34,7,35,4,34,9,37,13,36,15,37,12,34,14,37,20,34,17,24,17,27,23,18,24,18,21,18,23,12,27,12,18,10,21,7,15,4,15,2,10,1,9,-1,10,-2,7,-4,5,-1,5,1,-1,-2,0,-1,-4,0,-4,0,0,0,0,0,0,0,0,0,0,0,0,0,0,0,0,0,0,0,0,0,0,-51,26,-53,16,-53,18,-54,13,-56,11,-54,5,-51,8,-52,3,-57,9,-54,8,-56,11,-53,9,-61,16,-59,9,-54,8,-59,12,-62,10,-61,8,-60,13,-64,8,-68,10,-67,11,-72,9,-71,12,-75,7,-71,8,-75,1,-73,7,-73,4,-73,6,-70,0,-74,2,-73,0,-68,4,-68,3,-67,5,-67,8,-64,12,-66,16,-69,16,-66,13,-67,21,-69,21,-70,27,-67,22,-72,28,-69,23,-69,23,-74,21,-74,23,-75,25,-76,26,-82,21,-77,22,-76,20,-79,16,-77,10,0,0]"
CSI_DATA,98,1a:00:00:00:00:00,-51,11,1,0,1,1,1,0,0,0,1,-96,0,11,2,1584457,0,44,0,384,0,"[0,0,0,0,0,0,0,0,0,0,0,0,4,-7,4,-6,3,-6,3,-6,2,-5,2,-5,1,-5,1,-4,-1,-4,-1,-4,-1,-4,-2,-5,-3,-4,-3,-4,-3,-4,-4,-4,-4,-4,-4,-4,-5,-4,-5,-4,-5,-5,-6,-5,-5,-6,-6,-5,-6,-5,-6,-6,0,0,-6,-7,-6,-7,-6,-7,-5,-7,-5,-7,-4,-7,-4,-7,-3,-7,-2,-6,-2,-6,-1,-6,-1,-5,-1,-4,-1,-4,0,-4,0,-3,-1,-3,0,-2,-1,-2,-1,-2,-1,-1,-1,-1,-2,0,-2,0,-2,0,-2,0,0,0,0,0,0,0,0,0,0,0,0,0,0,0,33,-54,31,-49,24,-49,24,-46,20,-38,17,-34,13,-34,16,-32,8,-27,2,-29,0,-27,3,-23,-6,-24,-9,-19,-7,-17,-17,-20,-15,-15,-16,-16,-18,-13,-23,-16,-25,-15,-24,-19,-32,-12,-31,-17,-32,-14,-35,-14,-38,-18,-35,-16,-37,-19,-43,-27,-37,-23,-41,-26,-36,-27,-38,-27,-34,-31,-31,-30,-32,-25,-25,-26,-25,-28,-21,-28,-18,-32,-10,-28,-12,-28,-9,-23,-5,-17,-7,-17,-2,-18,-3,-12,-3,-6,-5,-9,-6,-6,-3,-4,-3,3,-6,6,-6,4,-4,1,-11,5,0,0,0,0,0,0,0,0,0,0,0,0,0,0,0,0,0,0,0,0,0,0,45,29,44,35,40,36,35,38,35,35,35,34,30,29,37,34,33,32,34,32,35,35,35,33,45,35,38,36,42,32,43,30,51,36,45,33,52,33,55,34,54,32,58,35,57,37,59,38,58,42,61,40,54,47,59,44,57,46,63,45,58,46,64,45,57,45,54,37,60,37,58,36,57,35,62,36,61,33,65,29,62,26,69,25,64,30,69,22,67,19,68,17,67,18,74,16,71,17,69,18,74,20,72,23,76,24,70,28,73,32,75,25,67,25,0,0]"
CSI_DATA,99,1a:00:00:00:00:00,-52,11,1,0,1,1,1,0,0,0,1,-96,0,11,2,1594414,0,44,0,384,0,"[0,0,0,0,0,0,0,0,0,0,0,0,4,-7,3,-6,2,-5,2,-5,2,-5,1,-5,0,-4,-1,-4,-1,-4,-2,-3,-2,-3,-3,-3,-4,-3,-4,-4,-4,-3,-5,-3,-5,-3,-5,-3,-6,-2,-7,-3,-6,-3,-7,-3,-7,-4,-7,-4,-7,-4,-7,-4,0,0,-7,-5,-7,-5,-7,-5,-7,-6,-5,-5,-6,-6,-5,-6,-4,-6,-4,-6,-3,-6,-3,-5,-2,-5,-2,-4,-1,-4,-1,-3,-1,-3,-1,-2,-1,-1,-1,-1,-1,-1,-2,-1,-2,0,-2,0,-2,0,-2,0,-3,0,0,0,0,0,0,0,0,0,0,0,0,0,0,0,30,-49,29,-44,25,-38,21,-42,21,-38,15,-33,13,-29,9,-29,4,-24,3,-23,3,-24,-4,-18,-8,-18,-7,-14,-12,-19,-20,-15,-20,-14,-25,-12,-25,-14,-26,-13,-30,-13,-28,-14,-32,-9,-29,-13,-36,-16,-38,-12,-38,-16,-41,-14,-38,-17,-44,-19,-43,-22,-43,-21,-42,-25,-36,-26,-40,-26,-37,-28,-29,-29,-31,-29,-23,-28,-22,-28,-17,-29,-12,-26,-13,-24,-9,-20,-8,-20,-9,-16,-3,-12,-5,-10,-7,-10,-6,-4,-8,-3,-8,0,-7,3,-8,5,-11,3,-11,6,-17,5,0,0,0,0,0,0,0,0,0,0,0,0,0,0,0,0,0,0,0,0,0,0,47,33,36,38,36,39,35,36,32,35,30,37,31,33,28,39,36,37,34,36,32,34,36,34,43,32,39,37,36,37,40,35,49,34,46,37,47,33,49,31,53,36,56,39,54,41,60,40,58,46,58,41,56,50,56,47,56,45,59,45,52,42,61,45,57,48,53,41,60,42,54,37,56,37,61,33,59,33,66,31,57,30,67,29,65,28,69,24,66,18,70,29,68,25,69,21,71,20,69,22,72,27,75,20,69,24,69,29,71,30,67,31,64,33,0,0]"
CSI_DATA,100,1a:00:00:00:00:00,-53,11,1,0,1,1,1,0,0,0,1,-96,0,11,2,1634682,0,44,0,384,0,"[0,0,0,0,0,0,0,0,0,0,0,0,-5,3,-4,3,-3,2,-3,2,-2,1,-1,1,-1,0,0,0,1,0,1,-1,2,-1,2,-1,3,-2,4,-2,4,-2,4,-2,4,-2,5,-2,5,-3,6,-3,6,-3,6,-3,6,-3,7,-3,7,-3,7,-3,0,0,7,-3,8,-3,8,-3,7,-2,7,-2,7,-2,6,-1,6,-1,5,-1,5,-1,4,-1,3,-1,3,-1,2,-1,2,-2,2,-2,1,-2,1,-3,1,-3,0,-3,0,-3,0,-4,0,-4,1,-5,1,-5,1,-5,0,0,0,0,0,0,0,0,0,0,0,0,0,0,29,41,27,42,29,35,19,33,16,28,13,24,12,17,14,13,9,5,5,7,6,1,-1,-2,4,-6,1,-12,-4,-13,0,-20,1,-26,-2,-23,-3,-26,-5,-26,-11,-30,-5,-32,-11,-34,-7,-35,-7,-40,-8,-37,-6,-41,-7,-47,-6,-43,-10,-47,-11,-44,-6,-43,3,-50,0,-49,0,-41,5,-43,4,-39,3,-36,3,-30,7,-29,4,-27,4,-23,3,-19,2,-20,0,-17,-1,-15,-5,-10,-9,-14,-7,-6,-15,-9,-14,-6,-19,-13,-15,-12,-17,-10,-17,-12,-21,-12,-23,-14,0,0,0,0,0,0,0,0,0,0,0,0,0,0,0,0,0,0,0,0,0,0,-53,-9,-46,-15,-52,-16,-51,-15,-44,-14,-44,-12,-45,-9,-42,-12,-45,-7,-46,-7,-44,-6,-41,1,-48,0,-46,2,-46,4,-49,13,-52,14,-52,16,-57,17,-58,18,-63,19,-63,26,-69,26,-67,27,-74,22,-72,34,-72,28,-72,24,-74,28,-76,33,-66,32,-72,33,-76,33,-68,32,-76,37,-67,34,-66,39,-66,41,-62,39,-62,46,-58,43,-55,52,-58,52,-58,55,-52,54,-45,59,-51,56,-56,58,-49,60,-53,62,-54,58,-51,63,-54,54,-54,53,-60,59,-52,56,-54,50,0,0]"
CSI_DATA,101,1a:00:00:00:00:00,-52,11,1,0,1,1,1,0,0,0,1,-96,0,11,2,1644448,0,44,0,384,0,"[0,0,0,0,0,0,0,0,0,0,0,0,4,-4,3,-3,2,-3,1,-2,1,-2,0,-1,-1,-1,-1,-1,-2,0,-3,0,-3,0,-4,1,-5,1,-5,1,-5,1,-6,2,-6,2,-6,2,-6,2,-7,3,-7,3,-8,3,-7,2,-8,3,-9,3,-8,2,0,0,-8,2,-9,2,-9,2,-9,2,-8,1,-8,1,-8,1,-7,1,-6,0,-6,0,-5,0,-5,0,-4,0,-4,1,-3,1,-3,1,-2,2,-2,2,-2,2,-1,2,-2,3,-1,3,-1,3,-2,4,-2,4,-2,4,0,0,0,0,0,0,0,0,0,0,0,0,0,0,-20,-45,-15,-35,-14,-36,-11,-32,-16,-29,-10,-26,-11,-17,-9,-15,-5,-7,-1,-4,-5,0,3,1,-1,8,1,13,4,16,2,19,2,23,1,27,0,24,8,26,6,33,4,33,7,36,7,39,8,37,5,42,6,38,7,44,6,45,8,47,6,41,5,45,3,48,0,49,6,42,-7,41,-5,37,-3,39,-6,35,-5,27,-5,23,0,21,-2,20,2,21,-1,16,4,15,8,11,6,14,10,5,8,8,14,12,15,4,13,8,18,6,18,5,18,12,22,9,0,0,0,0,0,0,0,0,0,0,0,0,0,0,0,0,0,0,0,0,0,0,44,29,35,29,36,31,34,28,31,28,31,25,30,21,31,20,35,19,33,18,38,14,37,7,45,10,43,6,45,4,50,2,52,-6,55,-1,54,-6,62,-3,62,-6,66,-8,68,-11,75,-7,70,-8,73,-13,74,-9,79,-11,79,-5,78,-8,70,-8,79,-15,81,-13,75,-10,74,-18,72,-16,71,-21,68,-28,69,-28,72,-35,70,-30,65,-36,66,-35,64,-41,59,-37,65,-48,62,-46,60,-46,61,-43,66,-47,57,-44,61,-48,64,-45,61,-41,67,-43,57,-40,59,-34,0,0]"
CSI_DATA,102,1a:00:00:00:00:00,-51,11,1,0,1,1,1,0,0,0,1,-96,0,11,2,1654468,0,44,0,384,0,"[0,0,0,0,0,0,0,0,0,0,0,0,4,1,3,1,2,0,2,0,1,0,0,-1,-1,-1,-1,-2,-2,-2,-2,-2,-3,-3,-4,-3,-4,-3,-4,-3,-4,-4,-5,-4,-5,-4,-5,-4,-5,-4,-6,-5,-6,-5,-6,-5,-6,-6,-7,-6,-7,-6,-7,-6,0,0,-7,-6,-6,-7,-6,-7,-6,-7,-5,-6,-5,-6,-4,-6,-4,-6,-4,-5,-3,-5,-3,-5,-3,-4,-3,-3,-3,-3,-3,-2,-3,-2,-3,-2,-3,-1,-3,-1,-3,0,-4,0,-4,0,-4,0,-4,0,-5,0,-5,0,0,0,0,0,0,0,0,0,0,0,0,0,0,0,31,-34,30,-27,24,-27,20,-23,15,-24,11,-16,9,-13,9,-7,0,-8,-1,-7,-5,-1,-6,1,-10,4,-14,8,-20,7,-19,6,-23,12,-23,17,-25,9,-28,9,-31,18,-31,14,-34,21,-33,23,-36,19,-40,22,-42,19,-39,25,-43,22,-44,23,-45,21,-44,19,-44,19,-45,17,-41,15,-43,12,-39,9,-39,10,-38,6,-28,7,-26,8,-27,3,-25,1,-21,9,-18,8,-16,8,-11,8,-10,12,-6,12,-10,14,-9,15,-4,16,-4,17,-4,22,-5,21,-7,21,-11,22,0,0,0,0,0,0,0,0,0,0,0,0,0,0,0,0,0,0,0,0,0,0,1,46,-1,41,-1,46,-1,44,-5,39,0,37,0,35,1,36,4,39,9,36,11,34,13,35,19,35,25,35,24,33,26,34,34,38,33,39,33,39,37,49,40,42,47,52,45,55,47,49,52,55,54,59,46,58,50,57,49,64,53,59,45,57,54,65,51,59,53,57,52,55,55,53,52,49,60,47,60,45,62,47,63,46,63,41,64,39,72,39,65,37,63,41,68,38,63,35,68,33,67,40,67,32,74,34,71,35,63,36,63,36,57,38,51,37,0,0]"
CSI_DATA,103,1a:00:00:00:00:00,-51,11,1,0,1,1,1,0,0,0,1,-96,0,11,2,1665295,0,44,0,384,0,"[0,0,0,0,0,0,0,0,0,0,0,0,-4,1,-3,1,-2,1,-2,0,-1,0,0,0,1,0,1,0,2,0,3,0,3,0,4,0,5,0,5,0,5,0,6,0,6,-1,6,0,7,-1,7,-1,7,-1,8,-1,8,0,8,-1,9,-1,8,0,0,0,9,0,9,0,9,0,8,1,8,1,7,1,7,1,6,1,6,1,5,1,5,1,4,1,3,0,3,0,3,0,3,-1,2,-2,2,-2,2,-2,2,-2,2,-3,2,-3,2,-3,2,-4,3,-3,3,-3,0,0,0,0,0,0,0,0,0,0,0,0,0,0,0,45,1,38,1,35,2,26,-1,27,-3,17,1,15,4,6,1,6,3,-1,2,-4,2,-4,3,-10,13,-18,4,-19,9,-26,8,-29,12,-32,10,-24,10,-33,9,-36,10,-39,8,-39,10,-40,13,-40,15,-48,13,-43,13,-47,18,-49,16,-47,15,-44,19,-48,24,-46,21,-48,17,-41,23,-41,18,-38,19,-38,22,-31,17,-30,16,-26,14,-25,12,-22,12,-22,4,-16,4,-16,4,-15,2,-15,-4,-16,-4,-17,-7,-13,-10,-19,-8,-17,-12,-17,-13,-20,-10,-23,-8,-22,0,0,0,0,0,0,0,0,0,0,0,0,0,0,0,0,0,0,0,0,0,0,-33,-36,-27,-33,-25,-32,-26,-34,-25,-31,-25,-27,-22,-26,-25,-25,-32,-20,-30,-19,-29,-19,-32,-15,-41,-9,-44,-15,-42,-9,-47,-4,-50,1,-54,-9,-56,-6,-62,-5,-63,-6,-73,-10,-74,-7,-76,-6,-79,-5,-77,-5,-77,-9,-79,-8,-83,-14,-82,-6,-79,-9,-80,-6,-83,-8,-77,-2,-82,-4,-79,2,-81,-1,-78,4,-77,6,-81,8,-75,9,-79,13,-69,12,-80,19,-71,23,-71,21,-73,24,-75,24,-76,27,-77,23,-78,20,-71,25,-71,21,-75,17,-71,19,-67,15,-65,9,0,0]"
CSI_DATA,104,1a:00:00:00:00:00,-51,11,1,0,1,1,1,0,0,0,1,-96,0,11,2,1674635,0,44,0,384,0,"[0,0,0,0,0,0,0,0,0,0,0,0,1,-4,0,-3,0,-3,-1,-2,-1,-1,-1,-1,-2,0,-2,1,-3,1,-3,2,-3,2,-4,3,-4,3,-5,3,-5,3,-5,4,-5,4,-5,4,-6,5,-6,5,-6,5,-6,5,-6,5,-7,5,-7,6,-7,5,0,0,-7,5,-8,5,-8,5,-7,4,-7,4,-7,3,-7,3,-6,3,-6,3,-5,2,-5,2,-5,2,-4,2,-4,2,-3,2,-3,2,-2,2,-2,2,-1,2,-1,2,-1,3,-1,3,-1,3,-1,3,-1,4,-1,4,0,0,0,0,0,0,0,0,0,0,0,0,0,0,-29,-36,-24,-35,-24,-27,-23,-20,-15,-14,-14,-12,-12,-11,-10,-5,-10,1,-2,5,-5,6,2,11,1,14,3,21,5,23,6,28,1,28,6,29,5,30,5,36,10,39,7,37,7,39,9,38,8,43,8,50,6,44,5,49,6,53,12,53,8,50,5,51,2,48,-3,54,3,45,-3,43,-10,43,-7,38,-6,41,-4,34,-6,31,-6,28,-7,23,-3,24,-2,22,1,21,5,18,7,14,7,11,7,13,11,14,11,8,13,11,13,12,13,14,16,17,15,19,0,0,0,0,0,0,0,0,0,0,0,0,0,0,0,0,0,0,0,0,0,0,41,-4,40,-3,44,-2,38,-3,32,-1,38,0,29,-7,30,-8,33,-9,28,-14,30,-17,30,-19,32,-23,34,-26,35,-29,36,-30,35,-37,40,-39,41,-45,47,-42,47,-43,53,-47,51,-48,54,-52,56,-52,59,-51,60,-53,63,-58,62,-51,63,-57,59,-52,64,-52,58,-53,54,-51,61,-49,57,-57,50,-56,50,-58,48,-59,49,-61,49,-61,48,-66,43,-66,44,-61,43,-63,41,-72,42,-65,38,-67,44,-69,44,-68,45,-63,40,-66,46,-64,39,-54,47,-57,45,-57,45,-52,0,0]"
CSI_DATA,105,1a:00:00:00:00:00,-51,11,1,0,1,1,1,0,0,0,1,-96,0,11,2,1694439,0,44,0,384,0,"[0,0,0,0,0,0,0,0,0,0,0,0,-4,-1,-3,-1,-3,-1,-2,-1,-1,0,-1,0,0,1,1,1,2,1,2,1,3,2,3,2,3,3,4,3,4,3,5,3,5,3,5,3,5,3,5,4,6,4,6,4,6,4,6,4,6,5,7,5,0,0,6,5,6,5,6,5,6,5,5,5,5,5,4,5,4,4,4,4,3,4,3,4,2,3,2,2,2,2,2,2,2,1,2,0,2,0,2,0,2,-1,2,-1,2,-1,3,-1,3,-1,3,-1,4,-1,0,0,0,0,0,0,0,0,0,0,0,0,0,0,-26,35,-25,27,-20,26,-17,25,-13,21,-10,15,-8,12,-1,8,7,6,0,4,5,0,11,-3,14,-6,17,-11,19,-8,22,-13,26,-14,28,-17,28,-13,31,-18,32,-19,32,-21,34,-23,37,-25,36,-21,40,-24,41,-25,44,-30,43,-27,45,-26,43,-22,44,-24,43,-21,47,-20,42,-16,43,-15,42,-17,37,-11,37,-12,30,-9,29,-5,25,-4,23,-5,22,-9,15,-11,15,-12,16,-9,10,-11,11,-13,7,-15,6,-14,4,-15,2,-16,1,-17,3,-17,4,-21,5,-21,0,0,0,0,0,0,0,0,0,0,0,0,0,0,0,0,0,0,0,0,0,0,2,-37,2,-38,5,-36,1,-36,3,-34,2,-31,-1,-29,-5,-29,-9,-30,-12,-30,-12,-33,-17,-31,-27,-34,-26,-33,-26,-37,-30,-38,-37,-36,-31,-41,-39,-41,-46,-46,-42,-50,-48,-48,-42,-52,-54,-54,-56,-57,-56,-57,-49,-60,-51,-60,-50,-61,-55,-58,-48,-53,-58,-59,-55,-60,-51,-54,-57,-55,-58,-51,-57,-49,-62,-44,-59,-45,-70,-41,-61,-42,-71,-37,-71,-37,-70,-35,-69,-39,-74,-28,-66,-31,-68,-32,-71,-35,-75,-32,-72,-32,-73,-31,-69,-38,-66,-33,-67,-34,-61,-33,-57,-34,0,0]"
CSI_DATA,106,1a:00:00:00:00:00,-51,11,1,0,1,1,1,0,0,0,1,-96,0,11,2,1704525,0,44,0,384,0,"[0,0,0,0,0,0,0,0,0,0,0,0,4,-3,3,-3,2,-2,1,-2,0,-1,-1,-1,-1,-1,-2,0,-3,0,-4,1,-5,0,-5,1,-6,1,-6,1,-7,1,-7,2,-7,2,-7,2,-8,3,-8,3,-8,3,-9,3,-9,2,-10,3,-10,3,-10,3,0,0,-10,2,-10,2,-10,2,-10,2,-9,2,-9,1,-8,1,-8,1,-7,1,-7,0,-6,0,-5,0,-5,0,-4,1,-4,1,-3,1,-3,1,-2,1,-2,2,-1,2,-1,2,-1,3,-1,3,-1,3,-1,4,-2,4,0,0,0,0,0,0,0,0,0,0,0,0,0,0,-6,-48,-10,-44,-7,-34,-3,-33,2,-26,-2,-23,-5,-11,-1,-6,-5,-6,0,2,1,7,-2,8,-1,13,-2,19,-2,23,-3,22,-4,26,-6,27,-3,33,-4,29,3,38,1,36,-5,41,-8,41,-1,45,-2,45,-3,43,-2,46,-9,46,1,45,-5,47,-1,48,-10,46,-9,48,-11,40,-10,45,-9,41,-6,40,-12,37,-8,30,-6,24,-9,25,-10,22,-5,21,-7,17,-3,15,0,12,4,10,4,11,2,9,9,10,10,8,10,9,10,12,13,8,17,9,17,13,0,0,0,0,0,0,0,0,0,0,0,0,0,0,0,0,0,0,0,0,0,0,24,34,18,32,19,32,19,32,16,29,19,25,17,20,22,20,22,21,30,18,26,15,31,14,39,12,38,9,40,15,43,10,50,2,53,12,58,3,58,11,61,6,70,11,71,10,70,10,73,11,76,4,75,10,79,10,77,14,80,7,70,7,80,4,77,3,76,2,79,0,76,-6,74,-11,77,-9,73,-15,76,-18,72,-16,74,-23,71,-23,72,-24,70,-22,78,-34,72,-28,68,-28,69,-32,77,-32,73,-30,71,-30,76,-30,71,-26,71,-28,66,-22,61,-21,0,0]"
CSI_DATA,107,1a:00:00:00:00:00,-52,11,1,0,1,1,1,0,0,0,1,-96,0,11,2,1714372,0,44,0,384,0,"[0,0,0,0,0,0,0,0,0,0,0,0,-3,-5,-3,-4,-2,-3,-2,-2,-1,-2,-1,-1,0,0,0,1,1,2,1,2,1,3,2,3,1,4,2,4,2,5,3,5,3,6,3,6,3,6,3,6,3,6,3,7,3,7,4,7,3,8,4,8,0,0,4,8,3,8,3,8,3,8,2,8,2,7,2,7,1,6,1,6,1,5,1,5,0,4,0,3,1,3,1,2,1,2,1,1,2,1,2,0,2,0,2,0,2,0,3,0,3,0,3,0,4,0,0,0,0,0,0,0,0,0,0,0,0,0,0,0,-49,-1,-47,-2,-36,3,-31,2,-25,2,-21,-1,-17,-1,-12,1,-5,1,-3,-2,2,-4,6,-2,12,1,12,1,21,4,23,3,26,4,31,2,29,1,32,2,37,0,39,1,37,-3,41,2,41,1,46,0,48,1,51,-1,45,-1,51,5,49,7,50,10,46,4,46,9,45,3,38,7,36,8,37,2,39,11,34,12,27,7,26,16,19,8,19,7,15,3,11,1,14,-1,10,-5,10,-7,8,-8,8,-6,7,-11,7,-11,9,-14,10,-15,6,-15,9,-15,0,0,0,0,0,0,0,0,0,0,0,0,0,0,0,0,0,0,0,0,0,0,40,-12,40,-12,38,-11,33,-9,33,-11,31,-11,27,-17,27,-17,29,-22,22,-22,25,-25,24,-26,20,-37,24,-40,20,-38,20,-47,18,-50,26,-52,16,-55,22,-57,21,-60,25,-72,25,-68,26,-67,27,-74,25,-74,28,-73,26,-75,30,-74,23,-76,21,-75,17,-79,16,-77,12,-77,11,-78,13,-79,3,-78,8,-80,-1,-77,-4,-79,-3,-79,-12,-79,-9,-80,-15,-82,-13,-75,-22,-83,-22,-78,-21,-74,-23,-82,-25,-80,-23,-80,-24,-84,-18,-79,-21,-73,-15,-78,-15,-73,-12,-71,0,0]"
CSI_DATA,108,1a:00:00:00:00:00,-52,11,1,0,1,1,1,0,0,0,1,-96,0,11,2,1724404,0,44,0,384,0,"[0,0,0,0,0,0,0,0,0,0,0,0,4,-4,3,-3,2,-3,1,-2,1,-1,0,-1,0,0,-1,0,-2,1,-2,1,-3,2,-3,2,-4,2,-4,3,-5,3,-5,3,-5,4,-5,4,-6,4,-6,5,-6,5,-6,5,-6,5,-7,6,-7,6,-7,5,0,0,-7,5,-8,5,-8,5,-7,5,-8,4,-7,4,-7,4,-6,3,-6,3,-6,2,-5,2,-4,2,-4,2,-3,2,-3,1,-2,1,-2,2,-1,2,-1,2,0,2,0,2,0,2,0,2,1,3,1,3,0,3,0,0,0,0,0,0,0,0,0,0,0,0,0,0,-19,-47,-18,-44,-16,-39,-14,-31,-11,-28,-7,-24,-4,-18,-4,-15,-3,-7,2,-4,2,-1,7,0,3,7,2,12,8,15,9,19,8,24,9,23,9,23,8,30,16,33,13,30,13,34,13,36,17,36,12,41,16,41,20,43,18,41,21,41,16,39,19,43,18,46,17,46,13,41,8,41,10,39,9,38,6,34,6,30,7,29,5,22,2,22,6,17,3,17,5,11,4,10,10,5,10,8,10,2,7,-2,11,1,15,-2,12,-1,17,-2,18,-2,19,-1,0,0,0,0,0,0,0,0,0,0,0,0,0,0,0,0,0,0,0,0,0,0,18,40,9,36,13,39,13,37,12,32,17,30,15,26,17,26,22,26,27,25,29,22,31,23,38,21,36,20,42,15,46,18,50,13,54,15,55,16,59,13,67,13,69,17,70,14,75,18,77,15,80,6,73,16,74,10,79,12,81,7,74,5,77,8,80,6,73,0,79,-1,75,-7,73,-10,75,-14,75,-16,75,-24,70,-21,76,-27,73,-31,73,-34,68,-34,71,-35,68,-36,67,-41,65,-41,77,-44,71,-38,62,-40,70,-37,63,-36,69,-43,63,-38,66,-29,0,0]"
CSI_DATA,109,1a:00:00:00:00:00,-52,11,1,0,1,1,1,0,0,0,1,-96,0,11,2,1744538,0,44,0,384,0,"[0,0,0,0,0,0,0,0,0,0,0,0,-6,-2,-5,-2,-4,-2,-3,-2,-2,-2,-1,-1,-1,-1,0,-1,1,-1,1,-2,2,-1,3,-1,3,-2,4,-1,4,-1,5,-2,5,-2,5,-2,5,-2,6,-2,6,-2,6,-2,7,-2,7,-3,7,-3,8,-3,0,0,8,-2,8,-2,8,-2,7,-2,7,-2,7,-2,6,-2,5,-2,5,-1,5,-1,4,-1,3,-1,3,-1,2,-1,2,-1,2,-2,1,-2,1,-2,0,-2,0,-2,0,-3,-1,-3,-1,-3,-1,-4,-1,-4,-1,-4,0,0,0,0,0,0,0,0,0,0,0,0,0,0,-26,43,-28,38,-26,36,-22,26,-18,28,-19,18,-14,11,-9,10,-11,8,-12,5,-6,-1,-8,-6,-4,-8,0,-15,0,-17,3,-19,4,-23,3,-31,5,-25,6,-25,3,-32,4,-32,7,-31,1,-38,-1,-39,5,-46,10,-41,4,-46,4,-44,0,-49,4,-47,8,-50,6,-48,9,-44,6,-44,12,-41,7,-37,7,-34,9,-33,9,-30,9,-24,8,-25,4,-20,6,-22,-1,-17,-1,-14,-3,-11,-8,-11,-6,-10,-12,-7,-10,-3,-8,-2,-12,-1,-14,-5,-17,-3,-19,-6,-20,-2,0,0,0,0,0,0,0,0,0,0,0,0,0,0,0,0,0,0,0,0,0,0,36,-22,38,-19,38,-17,32,-19,34,-20,30,-21,26,-21,24,-26,26,-28,20,-30,16,-32,13,-37,10,-40,13,-47,11,-51,8,-48,3,-60,5,-59,-2,-63,-1,-65,0,-68,-4,-74,4,-74,-11,-77,-7,-81,-15,-82,-6,-81,-12,-82,-11,-77,-16,-82,-17,-73,-26,-79,-20,-78,-27,-73,-31,-76,-35,-68,-38,-64,-44,-64,-44,-63,-55,-62,-54,-63,-56,-53,-57,-54,-65,-53,-59,-50,-66,-54,-70,-43,-69,-42,-72,-43,-74,-44,-72,-42,-73,-36,-75,-43,-68,-38,-71,-36,-68,-37,-63,-35,0,0]"
CSI_DATA,110,1a:00:00:00:00:00,-53,11,1,0,1,1,1,0,0,0,1,-96,0,11,2,1754421,0,44,0,384,0,"[0,0,0,0,0,0,0,0,0,0,0,0,-4,5,-4,4,-3,3,-3,2,-3,1,-2,0,-2,0,-2,-1,-2,-2,-1,-3,-2,-3,-1,-4,-1,-5,-1,-5,-1,-6,-2,-6,-2,-6,-2,-6,-2,-7,-2,-8,-2,-8,-3,-8,-2,-8,-3,-9,-3,-9,-3,-9,0,0,-3,-9,-3,-9,-3,-9,-3,-9,-2,-8,-2,-8,-2,-8,-2,-7,-2,-6,-2,-6,-2,-5,-2,-5,-2,-4,-2,-3,-2,-3,-2,-2,-2,-2,-2,-1,-2,-1,-3,0,-3,0,-3,0,-3,1,-4,1,-4,1,-4,1,0,0,0,0,0,0,0,0,0,0,0,0,0,0,37,39,34,34,34,30,27,25,20,26,20,20,12,17,10,13,5,9,-3,9,-4,8,-6,4,-12,6,-8,2,-13,-1,-19,0,-22,-1,-21,-5,-22,-3,-30,-3,-31,2,-33,-5,-31,-1,-33,-3,-34,-2,-40,-4,-40,-2,-41,0,-42,-7,-45,0,-41,0,-44,-1,-43,-1,-46,-7,-40,2,-39,-5,-35,-5,-39,-6,-35,-8,-28,-6,-30,-5,-25,-4,-23,-3,-19,2,-16,-1,-11,3,-10,3,-8,4,-4,7,-5,9,-2,9,-1,10,-1,12,-2,12,0,13,2,16,3,17,0,0,0,0,0,0,0,0,0,0,0,0,0,0,0,0,0,0,0,0,0,0,-4,-40,4,-40,1,-37,0,-37,-3,-36,-6,-35,-8,-33,-10,-32,-14,-30,-21,-29,-20,-30,-24,-26,-34,-27,-34,-28,-39,-28,-43,-27,-50,-24,-54,-23,-53,-22,-62,-25,-64,-25,-68,-27,-66,-25,-69,-19,-77,-19,-81,-15,-76,-21,-80,-16,-77,-15,-81,-11,-73,-6,-82,-7,-76,1,-76,1,-79,4,-74,8,-69,13,-71,21,-69,22,-71,35,-68,30,-66,42,-69,41,-64,44,-60,47,-64,56,-61,51,-53,52,-57,63,-54,60,-50,59,-51,61,-59,60,-45,57,-53,63,-48,59,-49,53,0,0]"
CSI_DATA,111,1a:00:00:00:00:00,-53,11,1,0,1,1,1,0,0,0,1,-96,0,11,2,1764454,0,44,0,384,0,"[0,0,0,0,0,0,0,0,0,0,0,0,-5,-4,-5,-3,-4,-3,-3,-3,-2,-3,-1,-2,-1,-2,0,-2,1,-2,1,-2,2,-2,3,-2,3,-2,3,-2,4,-2,4,-2,5,-3,5,-3,5,-3,5,-3,5,-3,6,-3,6,-3,6,-4,6,-4,7,-4,0,0,7,-4,7,-4,6,-4,6,-4,6,-4,5,-3,5,-3,5,-3,5,-3,4,-3,4,-3,3,-2,2,-2,1,-2,1,-2,1,-2,0,-2,0,-2,-1,-2,-1,-2,-2,-2,-2,-2,-2,-2,-3,-2,-3,-3,-3,-3,0,0,0,0,0,0,0,0,0,0,0,0,0,0,-48,29,-42,25,-35,23,-34,23,-29,20,-26,17,-27,12,-23,6,-14,3,-14,4,-12,0,-7,-4,-7,-7,-7,-13,-3,-16,-4,-13,-4,-20,-1,-24,-2,-26,3,-25,-5,-27,-2,-34,-2,-31,-6,-36,-3,-37,-3,-39,-4,-40,-1,-39,-4,-43,-8,-42,-3,-43,-6,-41,-4,-42,-8,-39,-6,-40,-7,-37,-5,-34,-9,-38,-6,-32,-3,-30,-2,-26,-1,-21,-5,-21,-3,-20,-9,-12,-6,-12,-5,-11,-8,-8,-7,1,-5,-2,-10,4,-12,5,-10,5,-13,8,-16,4,-12,6,-16,8,0,0,0,0,0,0,0,0,0,0,0,0,0,0,0,0,0,0,0,0,0,0,29,30,26,24,22,27,27,25,26,25,26,14,30,12,32,9,38,8,35,1,36,4,38,0,44,-13,41,-8,43,-15,48,-22,48,-27,51,-29,53,-34,52,-38,49,-38,53,-50,53,-49,58,-51,55,-54,54,-57,57,-52,49,-58,51,-62,45,-64,39,-64,35,-70,33,-72,26,-71,23,-75,16,-73,14,-74,13,-74,5,-77,-3,-81,-8,-76,-15,-77,-16,-76,-23,-80,-29,-71,-28,-66,-34,-73,-38,-68,-40,-69,-41,-73,-40,-69,-44,-66,-45,-69,-46,-65,-44,-66,-45,-60,-44,-58,0,0]"
CSI_DATA,112,1a:00:00:00:00:00,-53,11,1,0,1,1,1,0,0,0,1,-96,0,11,2,1774431,0,44,0,384,0,"[0,0,0,0,0,0,0,0,0,0,0,0,-4,-6,-3,-5,-3,-4,-2,-4,-1,-4,-1,-3,0,-3,1,-2,1,-2,1,-1,3,-1,3,-1,3,-1,4,-1,4,-1,5,-1,5,-1,5,-1,5,-1,6,-1,6,-1,6,-2,6,-2,7,-2,7,-2,7,-3,0,0,7,-3,7,-2,8,-2,7,-3,7,-2,6,-2,6,-2,5,-2,5,-2,4,-2,4,-2,3,-1,3,-1,2,-1,1,-2,1,-2,0,-2,0,-2,-1,-2,-1,-2,-2,-2,-2,-2,-2,-2,-2,-2,-3,-3,-3,-3,0,0,0,0,0,0,0,0,0,0,0,0,0,0,-61,6,-47,6,-48,7,-41,6,-32,3,-34,3,-26,1,-19,-1,-16,-8,-14,-5,-9,-4,-5,-9,-3,-13,-2,-15,3,-15,5,-14,12,-24,3,-25,8,-26,3,-23,12,-29,14,-28,6,-33,11,-35,5,-34,9,-36,13,-34,10,-35,10,-40,10,-43,11,-46,12,-45,8,-38,10,-44,8,-38,12,-42,7,-36,7,-34,10,-31,9,-29,8,-24,2,-23,2,-18,1,-16,-3,-17,3,-10,2,-11,-5,-5,-6,-6,-8,-5,-9,-2,-11,2,-10,3,-11,2,-13,5,-14,7,-18,4,0,0,0,0,0,0,0,0,0,0,0,0,0,0,0,0,0,0,0,0,0,0,8,42,6,41,3,36,7,43,7,31,11,33,15,27,19,27,24,24,25,20,29,20,35,16,41,15,43,9,50,8,49,7,61,3,56,2,60,-4,69,-4,69,-5,74,-9,69,-5,74,-17,77,-21,80,-24,82,-21,80,-29,71,-24,78,-37,62,-30,74,-47,67,-46,60,-53,55,-49,54,-54,47,-51,45,-58,42,-61,39,-75,36,-73,27,-71,23,-80,19,-80,15,-82,9,-84,3,-83,0,-85,-4,-82,-4,-79,-10,-87,-12,-81,-10,-86,-15,-71,-17,-84,-15,-84,-13,-76,0,0]"
CSI_DATA,113,1a:00:00:00:00:00,-53,11,1,0,1,1,1,0,0,0,1,-96,0,11,2,1794394,0,44,0,384,0,"[0,0,0,0,0,0,0,0,0,0,0,0,1,-7,1,-6,1,-5,1,-4,1,-3,1,-3,1,-2,1,-1,1,0,1,1,2,1,2,1,2,2,2,3,2,3,3,3,3,3,3,3,4,4,4,4,4,4,5,4,5,4,6,4,6,5,6,4,0,0,6,4,6,5,6,5,6,4,5,4,5,4,5,4,4,4,4,3,3,3,3,3,3,2,2,2,2,1,1,1,1,0,1,0,0,0,0,-1,0,-1,0,-1,0,-2,-1,-2,-1,-2,-1,-3,-1,-3,0,0,0,0,0,0,0,0,0,0,0,0,0,0,-42,-44,-36,-38,-40,-33,-28,-30,-22,-25,-21,-25,-21,-18,-17,-20,-9,-15,-4,-14,-4,-14,4,-13,7,-10,9,-1,11,-7,15,-8,22,-5,21,-2,19,-3,26,-2,28,-7,30,-5,31,-6,30,-8,33,-8,38,-9,40,-10,36,-10,39,-12,39,-18,39,-14,46,-13,42,-10,44,-9,42,-14,40,-7,39,-8,37,-14,33,-5,31,-9,27,-5,23,-8,25,-2,20,-2,17,-3,12,-3,9,-5,6,-5,1,-7,0,-6,0,-3,-4,-7,-8,-3,-7,-3,-7,-7,-11,-6,-12,-3,0,0,0,0,0,0,0,0,0,0,0,0,0,0,0,0,0,0,0,0,0,0,-33,28,-28,28,-26,23,-26,26,-21,25,-17,25,-15,24,-10,27,-7,32,-1,32,1,33,9,33,14,40,17,41,20,42,24,41,36,43,28,42,39,48,42,50,44,46,52,53,55,45,58,50,59,50,62,48,65,48,65,46,62,40,75,37,66,31,78,34,70,29,73,18,74,17,75,6,73,4,76,0,78,-6,80,-9,82,-14,73,-24,74,-32,75,-36,71,-35,71,-37,69,-45,60,-50,63,-56,68,-54,60,-55,55,-57,62,-63,51,-54,62,-63,53,-61,48,-57,0,0]"
CSI_DATA,114,1a:00:00:00:00:00,-53,11,1,0,1,1,1,0,0,0,1,-96,0,11,2,1804388,0,44,0,384,0,"[0,0,0,0,0,0,0,0,0,0,0,0,5,-4,4,-4,4,-3,3,-2,2,-2,2,-1,1,-1,1,0,1,1,0,1,0,2,0,2,-1,3,-1,3,-1,4,-1,4,-1,4,-1,5,0,5,0,6,0,6,0,6,0,6,1,7,1,7,1,7,0,0,1,7,1,8,1,7,1,7,1,7,1,6,1,6,1,6,1,5,0,5,0,4,0,4,0,3,0,2,0,2,0,2,0,1,0,0,0,0,0,0,0,-1,0,-1,0,-2,0,-2,0,-2,1,-3,0,0,0,0,0,0,0,0,0,0,0,0,0,0,-17,-57,-20,-48,-18,-43,-17,-37,-11,-36,-9,-32,-13,-27,-8,-20,-2,-16,-3,-17,2,-12,3,-11,7,-4,10,-1,16,-4,15,0,16,6,20,4,21,8,23,8,31,9,29,8,31,4,32,9,36,12,36,6,35,5,44,2,42,8,42,-1,40,5,45,5,40,8,47,9,40,7,41,9,42,9,35,10,34,12,31,3,25,5,23,9,28,2,22,5,20,1,12,7,8,-4,7,-4,4,2,2,-1,1,-3,-1,-4,-3,-6,-4,-7,-9,-7,-7,-8,-9,-10,0,0,0,0,0,0,0,0,0,0,0,0,0,0,0,0,0,0,0,0,0,0,-39,8,-40,7,-34,9,-36,9,-30,7,-29,17,-24,18,-25,17,-23,24,-20,25,-17,33,-9,32,-8,38,-5,41,-5,45,-2,49,4,53,4,56,11,57,12,66,11,66,18,70,22,68,23,72,29,75,37,68,32,71,39,73,36,70,47,70,43,62,54,61,53,61,51,55,58,53,63,45,64,40,69,36,70,30,74,24,69,21,76,15,78,14,82,4,75,0,82,-8,77,-7,80,-10,78,-16,80,-18,80,-24,77,-27,75,-22,71,-29,77,-32,75,-30,68,-24,0,0]"
CSI_DATA,115,1a:00:00:00:00:00,-53,11,1,0,1,1,1,0,0,0,1,-96,0,11,2,1820075,0,44,0,384,0,"[0,0,0,0,0,0,0,0,0,0,0,0,-7,1,-6,0,-5,0,-5,0,-4,0,-3,0,-2,-1,-2,-1,-1,-2,-1,-2,0,-2,1,-3,1,-3,1,-4,1,-4,2,-4,2,-5,2,-5,2,-6,1,-6,2,-6,2,-7,2,-7,1,-7,2,-8,2,-8,0,0,1,-8,1,-8,1,-8,1,-8,1,-8,1,-7,1,-7,1,-7,1,-6,1,-6,1,-5,1,-4,1,-4,0,-4,0,-3,0,-3,0,-2,0,-2,0,-1,-1,-1,-1,0,-1,0,-1,1,-1,1,-2,1,-2,1,0,0,0,0,0,0,0,0,0,0,0,0,0,0,-15,60,-8,54,-8,52,-10,43,-3,44,-6,32,-8,29,-3,27,-1,19,-6,13,-4,9,-6,8,-11,4,-4,-3,-12,-3,-12,-7,-11,-14,-14,-18,-14,-15,-18,-18,-22,-21,-21,-24,-24,-16,-26,-24,-26,-19,-32,-23,-28,-23,-36,-21,-39,-23,-38,-21,-36,-26,-40,-22,-36,-25,-37,-22,-33,-20,-35,-27,-39,-25,-33,-21,-30,-20,-26,-19,-23,-17,-20,-15,-20,-12,-19,-13,-16,-10,-16,-6,-10,-5,-8,-3,-6,-4,-4,0,-3,2,0,2,1,4,2,5,3,5,5,6,6,7,0,0,0,0,0,0,0,0,0,0,0,0,0,0,0,0,0,0,0,0,0,0,30,30,24,29,24,25,24,22,25,16,26,17,26,5,24,6,29,1,31,-3,33,-4,32,-12,35,-20,31,-20,37,-29,36,-36,35,-48,39,-41,36,-49,33,-50,33,-59,36,-68,31,-64,35,-67,34,-71,23,-74,30,-73,21,-76,17,-75,10,-85,10,-79,2,-85,1,-81,-8,-80,-15,-83,-17,-74,-25,-70,-28,-72,-30,-73,-44,-70,-46,-70,-53,-61,-59,-61,-63,-55,-61,-46,-73,-51,-74,-42,-76,-32,-80,-33,-82,-34,-75,-31,-85,-27,-80,-26,-82,-20,-81,-17,-82,-17,-74,-14,0,0]"
CSI_DATA,116,1a:00:00:00:00:00,-53,11,1,0,1,1,1,0,0,0,1,-96,0,11,2,1824405,0,44,0,384,0,"[0,0,0,0,0,0,0,0,0,0,0,0,2,6,1,5,2,4,1,4,1,3,0,2,-1,2,-1,1,-2,0,-2,0,-3,-1,-3,-1,-3,-2,-4,-2,-4,-2,-5,-2,-5,-2,-5,-2,-6,-2,-6,-3,-7,-3,-7,-2,-7,-2,-8,-2,-8,-2,-8,-1,0,0,-9,-2,-9,-2,-9,-2,-8,-2,-8,-2,-8,-2,-8,-2,-7,-2,-7,-2,-6,-2,-6,-2,-5,-2,-4,-2,-4,-1,-3,-1,-3,-1,-2,-1,-2,-1,-1,-1,-1,0,0,0,0,0,0,0,1,0,1,1,1,1,0,0,0,0,0,0,0,0,0,0,0,0,0,0,65,8,60,7,53,5,45,2,41,3,35,4,30,3,27,3,21,2,15,4,12,3,5,3,-1,5,-1,8,-5,9,-13,10,-12,17,-10,14,-13,10,-18,12,-23,15,-23,19,-19,21,-22,26,-19,23,-24,29,-25,22,-25,32,-29,33,-27,39,-25,32,-29,36,-28,32,-28,34,-25,34,-26,33,-26,25,-24,28,-20,24,-19,27,-22,23,-19,18,-16,18,-19,16,-12,14,-13,7,-7,8,-7,4,-4,5,-1,4,-4,3,1,1,0,-1,4,-4,5,-7,9,-8,12,-4,0,0,0,0,0,0,0,0,0,0,0,0,0,0,0,0,0,0,0,0,0,0,22,-35,17,-33,16,-30,12,-31,10,-30,5,-34,3,-30,-1,-27,-7,-32,-13,-31,-17,-30,-21,-28,-28,-30,-30,-31,-33,-27,-34,-23,-49,-24,-54,-25,-58,-24,-57,-20,-61,-19,-74,-19,-68,-19,-72,-16,-74,-18,-83,-11,-81,-11,-82,-4,-78,-6,-80,1,-74,9,-88,8,-83,15,-77,24,-80,22,-76,35,-63,31,-66,39,-65,43,-63,53,-57,55,-56,61,-54,65,-46,65,-47,69,-37,78,-31,78,-28,78,-27,79,-29,81,-24,83,-16,82,-19,89,-14,80,-14,86,-12,85,-15,79,0,0]"
CSI_DATA,117,1a:00:00:00:00:00,-54,11,1,0,1,1,1,0,0,0,1,-96,0,11,2,1834419,0,44,0,384,0,"[0,0,0,0,0,0,0,0,0,0,0,0,-6,4,-5,4,-4,3,-4,2,-3,2,-3,1,-2,1,-2,0,-2,-1,-1,-2,-1,-2,-1,-3,0,-3,0,-4,0,-4,0,-5,-1,-5,-1,-5,-1,-6,-1,-6,-1,-7,-2,-7,-1,-7,-2,-8,-2,-8,-2,-8,0,0,-2,-8,-3,-8,-3,-8,-3,-8,-2,-8,-2,-7,-2,-7,-2,-7,-2,-6,-1,-6,-1,-6,-1,-5,-1,-4,-1,-4,-1,-3,-1,-3,-1,-2,-1,-2,0,-1,0,-1,0,0,0,0,0,1,0,1,0,1,-1,2,0,0,0,0,0,0,0,0,0,0,0,0,0,0,29,57,19,47,26,43,24,42,20,33,16,34,16,19,14,24,10,16,5,15,4,13,-4,12,-1,6,-8,4,-10,3,-12,-1,-14,-1,-18,-8,-18,-5,-22,-3,-27,-3,-28,-3,-31,0,-34,-2,-31,-4,-38,-2,-37,-1,-40,3,-41,-2,-39,4,-40,7,-44,4,-41,3,-45,8,-39,5,-44,2,-41,2,-35,5,-38,5,-34,1,-25,0,-26,0,-25,-3,-22,-1,-20,-1,-14,2,-11,2,-11,0,-5,-1,-8,-1,1,-2,-1,-2,4,-5,2,-1,5,2,10,0,12,4,0,0,0,0,0,0,0,0,0,0,0,0,0,0,0,0,0,0,0,0,0,0,37,12,36,13,34,8,36,10,28,5,31,0,27,-5,30,-7,28,-15,25,-16,24,-21,19,-27,16,-30,21,-40,16,-39,14,-39,11,-54,9,-53,9,-60,4,-63,4,-68,-3,-77,-3,-71,-9,-74,-11,-80,-15,-80,-16,-76,-19,-86,-23,-76,-31,-82,-32,-64,-41,-84,-43,-68,-50,-63,-51,-63,-54,-57,-57,-47,-62,-47,-65,-41,-75,-39,-77,-32,-79,-23,-84,-16,-80,-12,-84,-9,-81,-4,-83,1,-87,12,-80,18,-80,18,-85,21,-82,28,-88,29,-74,32,-82,36,-81,30,-69,32,0,0]"
CSI_DATA,118,1a:00:00:00:00:00,-54,11,1,0,1,1,1,0,0,0,1,-96,0,11,2,1844429,0,44,0,384,0,"[0,0,0,0,0,0,0,0,0,0,0,0,-7,-4,-6,-3,-6,-3,-5,-3,-4,-2,-3,-2,-2,-2,-1,-1,-1,-1,0,-1,1,-1,1,-1,2,-1,2,-1,2,-1,3,-2,4,-2,4,-2,4,-3,4,-3,4,-3,5,-3,5,-3,5,-4,6,-4,6,-5,0,0,6,-5,6,-4,6,-5,6,-5,5,-4,5,-4,5,-4,5,-4,5,-3,4,-3,4,-3,3,-2,3,-2,2,-2,2,-2,2,-1,1,-1,1,-1,0,-1,0,0,-1,0,-1,0,-1,0,-2,0,-2,0,-3,0,0,0,0,0,0,0,0,0,0,0,0,0,0,0,-51,34,-48,33,-35,34,-34,31,-30,33,-31,25,-23,20,-22,19,-16,15,-12,13,-10,13,-6,3,-6,-2,-4,-5,-5,-3,-3,-9,-2,-15,-7,-16,-5,-19,-1,-23,-3,-22,-6,-23,-8,-32,-10,-30,-9,-33,-8,-35,-11,-34,-18,-36,-17,-37,-14,-36,-10,-37,-17,-40,-12,-37,-22,-38,-22,-34,-14,-37,-14,-34,-18,-35,-14,-32,-12,-29,-12,-29,-6,-29,-4,-23,-8,-17,-3,-18,-4,-13,-2,-11,-5,-4,-1,-5,-2,-7,-1,-1,2,-3,2,3,6,8,3,5,2,6,6,11,0,0,0,0,0,0,0,0,0,0,0,0,0,0,0,0,0,0,0,0,0,0,-14,36,-9,32,-9,33,-7,32,-4,30,0,27,5,24,7,24,12,25,18,20,20,24,25,19,34,16,35,13,38,14,48,8,55,5,56,7,58,1,62,-2,64,-4,75,-5,75,-13,75,-20,76,-19,75,-22,72,-26,71,-31,75,-36,74,-46,65,-41,69,-51,68,-51,58,-57,52,-59,48,-61,42,-62,38,-72,27,-71,24,-77,17,-78,10,-83,6,-85,-1,-83,-4,-79,-15,-88,-23,-83,-25,-79,-29,-78,-38,-82,-33,-79,-42,-82,-43,-79,-46,-71,-47,-77,-51,-72,-49,-66,0,0]"
CSI_DATA,119,1a:00:00:00:00:00,-54,11,1,0,1,1,1,0,0,0,1,-96,0,11,2,1854518,0,44,0,384,0,"[0,0,0,0,0,0,0,0,0,0,0,0,6,-5,5,-5,4,-4,4,-4,3,-3,2,-2,2,-2,1,-1,1,-1,0,0,0,0,-1,1,-1,2,-1,2,-1,3,-1,3,-1,3,-1,4,0,4,0,5,0,5,0,5,0,6,0,6,1,7,0,7,0,0,1,7,1,7,1,7,1,7,1,6,1,6,1,6,0,6,0,5,0,5,0,5,0,4,0,3,0,3,-1,2,-1,2,-1,1,-1,1,-1,0,-1,0,-1,-1,-1,-1,-1,-2,-1,-2,-1,-2,-1,-3,0,0,0,0,0,0,0,0,0,0,0,0,0,0,-9,-63,-4,-60,-12,-56,-7,-45,-10,-47,-10,-40,-15,-31,-11,-31,-8,-19,1,-23,-2,-13,0,-9,2,-7,4,-4,2,0,10,1,11,9,10,12,17,8,19,11,19,13,17,10,23,12,29,10,29,13,32,12,31,11,34,10,32,11,36,7,37,12,39,9,36,12,42,12,34,11,35,15,34,10,33,12,33,11,30,9,22,7,21,13,17,8,18,3,13,11,9,9,11,6,9,5,4,1,-2,1,0,2,-1,1,-7,3,-5,-3,-7,-4,-8,-5,-10,-4,0,0,0,0,0,0,0,0,0,0,0,0,0,0,0,0,0,0,0,0,0,0,-38,-17,-31,-18,-30,-18,-30,-12,-30,-14,-27,-6,-27,-3,-27,3,-26,6,-25,8,-24,16,-26,18,-25,29,-27,30,-21,37,-22,43,-23,54,-22,46,-19,56,-15,59,-15,64,-17,75,-12,70,-10,75,-6,77,-2,78,-1,78,5,80,5,78,14,85,18,77,21,83,25,79,26,69,36,69,40,68,41,60,49,63,55,56,63,49,65,49,67,40,70,42,74,31,82,25,82,26,85,23,78,11,88,10,87,6,88,2,87,-6,90,-3,85,-7,90,-10,88,-13,76,-7,0,0]"
CSI_DATA,120,1a:00:00:00:00:00,-55,11,1,0,1,1,1,0,0,0,1,-96,0,11,2,1884779,0,44,0,384,0,"[0,0,0,0,0,0,0,0,0,0,0,0,7,0,6,-1,6,-1,5,0,4,0,3,-1,2,-1,1,-1,1,0,0,0,-1,0,-1,0,-1,1,-2,1,-2,1,-3,2,-3,2,-3,2,-3,3,-3,3,-3,3,-3,4,-4,4,-3,4,-3,5,-4,5,0,0,-4,5,-4,5,-4,5,-4,5,-4,5,-4,5,-3,4,-3,4,-3,4,-3,3,-3,3,-3,2,-3,2,-2,1,-2,1,-2,1,-2,0,-1,0,-1,0,-1,-1,-1,-1,-1,-2,0,-2,0,-2,0,-2,0,-3,0,0,0,0,0,0,0,0,0,0,0,0,0,0,37,-54,31,-52,19,-52,22,-43,20,-42,14,-38,12,-32,10,-31,11,-26,6,-18,4,-17,6,-13,3,-7,6,-2,2,2,1,1,3,6,10,10,5,11,6,13,5,14,2,15,11,21,11,28,14,19,14,28,16,27,21,28,19,24,23,25,18,29,24,26,21,28,23,33,24,30,18,25,23,30,17,22,15,24,12,23,10,17,10,21,5,15,7,16,7,12,5,12,2,9,3,8,0,9,-3,3,-6,2,-2,-1,-6,-5,-7,-2,-8,-8,-7,-7,-10,-12,0,0,0,0,0,0,0,0,0,0,0,0,0,0,0,0,0,0,0,0,0,0,-4,-37,-9,-34,-6,-35,-9,-34,-10,-28,-11,-29,-14,-21,-21,-18,-26,-16,-27,-12,-31,-9,-32,-3,-39,3,-41,2,-44,3,-50,7,-51,18,-52,16,-55,22,-59,28,-61,34,-62,37,-60,39,-62,49,-61,49,-61,57,-65,51,-55,61,-55,57,-54,68,-48,62,-42,72,-38,71,-35,76,-27,81,-19,76,-18,74,-9,78,-5,81,5,80,15,78,14,81,20,82,30,82,33,74,43,82,44,72,51,68,51,65,62,67,54,67,65,61,65,61,67,55,73,57,75,48,70,49,0,0]"
CSI_DATA,121,1a:00:00:00:00:00,-55,11,1,0,1,1,1,0,0,0,1,-96,0,11,2,1894397,0,44,0,384,0,"[0,0,0,0,0,0,0,0,0,0,0,0,4,6,4,5,4,4,3,4,3,3,2,2,1,2,1,1,0,1,0,0,-1,0,-2,0,-2,-1,-2,-1,-2,-1,-4,-1,-4,-1,-4,-1,-4,-1,-5,-1,-5,-1,-6,0,-6,0,-6,0,-7,0,-7,0,0,0,-7,1,-7,0,-7,0,-7,1,-6,0,-7,0,-6,0,-6,0,-6,0,-5,0,-5,0,-4,-1,-4,-1,-3,-1,-3,-1,-2,-1,-2,-1,-1,-1,-1,-1,-1,-1,0,-1,0,-1,1,-1,1,-1,2,-1,2,-1,0,0,0,0,0,0,0,0,0,0,0,0,0,0,69,-3,62,-8,59,-11,45,-10,40,-18,37,-12,31,-15,33,-9,26,-9,21,-11,12,-10,13,-4,7,-3,6,-3,3,2,2,4,-3,10,-5,6,-5,10,-10,15,-8,15,-10,16,-4,20,-5,21,-7,24,-4,26,-11,27,-5,30,-6,32,-4,38,-7,33,-5,33,-3,29,1,40,-5,35,-6,32,-6,34,-2,27,-6,26,-4,22,-4,19,-6,24,-7,20,-6,16,-5,15,-5,10,-3,4,-2,9,-4,4,-2,1,-2,-5,-5,-4,-4,-9,-9,-8,-3,-10,-1,-12,-2,-17,0,0,0,0,0,0,0,0,0,0,0,0,0,0,0,0,0,0,0,0,0,0,32,-17,29,-17,27,-18,25,-24,21,-20,17,-19,12,-23,10,-24,4,-31,-1,-29,-6,-30,-9,-31,-17,-34,-25,-36,-23,-37,-30,-37,-43,-40,-35,-42,-47,-37,-51,-38,-52,-38,-65,-42,-63,-33,-69,-35,-77,-35,-81,-28,-77,-30,-83,-24,-76,-17,-86,-16,-79,-7,-87,-4,-82,1,-81,13,-83,16,-76,27,-72,24,-71,36,-71,39,-67,44,-65,50,-58,58,-53,68,-52,67,-47,69,-32,83,-33,79,-27,79,-23,85,-23,86,-13,85,-11,92,-9,95,-3,85,-4,89,3,88,1,81,0,0]"
CSI_DATA,122,1a:00:00:00:00:00,-55,11,1,0,1,1,1,0,0,0,1,-96,0,11,2,1904507,0,44,0,384,0,"[0,0,0,0,0,0,0,0,0,0,0,0,-8,-3,-7,-2,-7,-2,-6,-2,-5,-2,-4,-1,-3,-1,-3,-1,-2,-1,-1,-1,0,-1,0,-1,0,-1,1,-1,1,-1,2,-2,2,-2,3,-2,3,-2,3,-2,3,-3,3,-3,4,-3,4,-4,4,-4,4,-4,0,0,5,-5,4,-4,4,-4,5,-5,4,-4,4,-4,4,-4,4,-3,4,-3,3,-3,3,-3,3,-2,2,-2,2,-1,2,-1,1,-1,1,-1,0,0,0,0,0,0,-1,0,-1,1,-1,1,-2,1,-2,1,-2,1,0,0,0,0,0,0,0,0,0,0,0,0,0,0,-48,48,-46,42,-35,44,-29,39,-27,37,-24,32,-20,30,-15,27,-12,23,-10,20,-8,18,-10,12,-3,15,-8,4,-4,-2,-2,-5,-3,-9,-1,-7,-3,-11,-3,-14,-5,-19,-2,-17,-7,-16,-4,-22,-8,-22,-11,-28,-6,-29,-11,-26,-15,-28,-11,-27,-14,-27,-15,-34,-10,-30,-16,-31,-12,-33,-13,-29,-13,-30,-11,-25,-8,-28,-7,-24,-9,-23,-3,-23,-5,-17,-6,-18,-3,-14,-3,-11,-1,-7,-1,-9,-1,-5,4,-1,7,2,5,0,4,4,5,4,8,7,5,11,7,12,0,0,0,0,0,0,0,0,0,0,0,0,0,0,0,0,0,0,0,0,0,0,-1,35,0,31,1,35,1,33,5,28,8,25,17,25,16,17,20,19,20,14,24,10,32,8,36,1,40,3,45,2,51,-3,52,-10,58,-8,59,-18,64,-16,61,-18,71,-26,66,-27,72,-32,72,-33,71,-47,73,-42,67,-46,66,-54,64,-58,57,-59,60,-62,52,-65,47,-69,48,-73,31,-74,28,-74,24,-75,14,-83,9,-85,4,-84,-10,-85,-10,-82,-17,-90,-23,-81,-31,-86,-33,-82,-34,-77,-45,-79,-50,-78,-46,-70,-58,-75,-59,-77,-56,-70,-62,-70,-59,-63,-58,-62,0,0]"
CSI_DATA,123,1a:00:00:00:00:00,-55,11,1,0,1,1,1,0,0,0,1,-96,0,11,2,1914411,0,44,0,384,0,"[0,0,0,0,0,0,0,0,0,0,0,0,-7,4,-6,4,-5,3,-5,3,-4,2,-4,2,-3,2,-2,1,-2,1,-1,0,-1,0,0,-1,0,-2,0,-2,0,-2,0,-3,1,-3,0,-3,0,-4,0,-5,0,-5,0,-5,0,-5,0,-6,0,-6,0,-6,0,0,0,-7,0,-7,0,-7,0,-7,0,-6,0,-6,0,-6,0,-5,0,-5,0,-5,0,-4,0,-4,0,-3,0,-3,0,-2,0,-2,0,-1,0,-1,0,-1,0,0,0,0,0,1,0,1,0,1,0,2,-1,2,0,0,0,0,0,0,0,0,0,0,0,0,0,0,4,62,4,62,7,57,4,52,6,50,10,40,6,35,4,34,4,25,4,23,5,11,2,15,0,6,6,4,-3,4,-4,-1,-7,-6,-2,-11,-8,-6,-9,-7,-11,-10,-11,-8,-16,-17,-18,-13,-17,-16,-24,-21,-20,-13,-26,-17,-30,-16,-26,-16,-25,-15,-28,-15,-30,-15,-32,-19,-26,-15,-29,-22,-24,-19,-26,-19,-23,-13,-21,-13,-17,-15,-15,-18,-19,-13,-14,-14,-12,-12,-6,-12,-5,-8,-4,-6,-1,-2,0,-3,4,-4,6,-4,2,0,9,0,8,2,9,7,9,5,0,0,0,0,0,0,0,0,0,0,0,0,0,0,0,0,0,0,0,0,0,0,32,21,29,17,26,13,28,16,24,6,26,6,23,3,25,-5,24,-9,24,-10,25,-15,24,-20,28,-31,23,-34,26,-40,27,-42,22,-52,24,-51,22,-55,22,-58,20,-65,16,-73,16,-67,13,-72,13,-78,5,-84,6,-80,1,-83,0,-80,-10,-84,-8,-77,-15,-86,-19,-79,-23,-79,-31,-75,-36,-75,-36,-68,-43,-66,-48,-62,-56,-62,-61,-61,-65,-47,-70,-51,-77,-46,-77,-41,-83,-31,-80,-30,-83,-25,-84,-19,-89,-19,-84,-13,-92,-11,-95,-8,-82,-6,-93,3,-92,1,-84,-2,0,0]"
CSI_DATA,124,1a:00:00:00:00:00,-56,11,1,0,1,1,1,0,0,0,1,-96,0,11,2,1924394,0,44,0,384,0,"[0,0,0,0,0,0,0,0,0,0,0,0,-9,-1,-7,-1,-7,0,-6,-1,-6,-1,-4,0,-4,0,-3,0,-2,0,-2,-1,-1,0,0,-1,0,-1,1,-1,1,-1,2,-2,2,-2,2,-2,2,-2,2,-3,3,-3,3,-3,4,-4,3,-4,4,-4,4,-4,0,0,4,-5,4,-5,4,-5,4,-5,4,-4,4,-4,3,-4,3,-4,3,-4,3,-3,3,-3,2,-2,2,-2,2,-1,1,-1,1,-1,1,-1,0,0,0,0,0,0,-1,0,-1,1,-1,1,-2,1,-2,1,-2,1,0,0,0,0,0,0,0,0,0,0,0,0,0,0,-22,61,-18,59,-10,55,-11,52,-4,49,-5,44,-7,37,-6,36,2,25,-2,22,-4,20,1,16,-1,11,-3,3,1,2,0,-2,-4,-11,-8,-8,-2,-9,-7,-12,-6,-13,-6,-14,-12,-17,-15,-20,-14,-19,-16,-21,-15,-19,-24,-22,-19,-22,-22,-24,-19,-22,-25,-24,-23,-21,-26,-23,-22,-20,-23,-22,-27,-22,-25,-23,-20,-21,-20,-16,-15,-19,-13,-17,-12,-14,-3,-13,-6,-14,-7,-12,-3,-9,-4,-6,0,-6,1,-4,2,-1,4,-5,8,-2,9,1,9,4,9,6,8,8,0,0,0,0,0,0,0,0,0,0,0,0,0,0,0,0,0,0,0,0,0,0,17,32,14,30,14,27,14,28,16,22,15,18,18,10,23,10,25,4,28,-2,32,1,35,-7,36,-11,38,-13,40,-16,40,-22,45,-32,45,-36,41,-37,50,-43,52,-49,50,-55,45,-57,46,-62,46,-63,41,-68,45,-65,41,-75,38,-76,34,-82,27,-76,22,-81,19,-78,7,-80,5,-80,-3,-79,-5,-80,-13,-80,-21,-80,-32,-84,-30,-78,-41,-72,-40,-71,-55,-75,-50,-66,-56,-60,-65,-55,-70,-52,-70,-48,-76,-50,-76,-46,-80,-42,-81,-40,-86,-34,-86,-34,-82,-29,-75,-31,0,0]"
CSI_DATA,125,1a:00:00:00:00:00,-56,11,1,0,1,1,1,0,0,0,1,-96,0,11,2,1934448,0,44,0,384,0,"[0,0,0,0,0,0,0,0,0,0,0,0,2,-9,2,-8,1,-7,1,-6,0,-5,1,-5,0,-4,0,-3,0,-2,0,-1,0,-1,0,0,-1,1,-1,1,-1,2,0,2,0,2,0,2,0,3,0,4,0,4,1,4,1,4,1,5,1,5,2,5,0,0,2,5,2,5,2,6,2,5,1,5,1,5,1,5,1,5,0,4,0,4,0,3,0,3,0,3,-1,2,-1,1,-1,1,-1,1,-1,0,-1,0,-1,-1,-1,-1,-1,-2,-1,-2,-1,-2,-1,-3,-1,-3,0,0,0,0,0,0,0,0,0,0,0,0,0,0,-44,-53,-43,-54,-42,-40,-33,-35,-29,-36,-25,-30,-28,-25,-24,-20,-21,-22,-16,-13,-11,-12,-5,-10,-9,-6,-8,-3,-2,-3,1,1,4,4,2,2,9,6,10,1,15,3,18,4,17,8,20,9,22,5,25,5,29,5,27,3,30,7,35,1,30,7,33,3,32,5,31,7,30,4,28,8,28,9,24,9,26,13,23,10,19,6,16,8,17,9,12,5,12,6,7,8,4,5,2,6,2,2,-8,4,-3,1,-3,1,-7,2,-9,1,-12,-3,-12,-3,-14,-6,0,0,0,0,0,0,0,0,0,0,0,0,0,0,0,0,0,0,0,0,0,0,-30,19,-28,14,-26,14,-22,17,-21,18,-17,21,-13,20,-12,24,-7,26,-1,28,2,28,8,32,12,38,16,35,18,41,19,40,29,46,33,47,35,46,37,51,40,54,49,58,48,54,51,52,55,56,64,51,57,56,62,54,62,51,69,47,65,38,74,39,73,37,73,29,73,30,78,21,79,20,81,7,78,7,82,-4,81,-5,82,-14,82,-14,84,-20,75,-30,78,-38,82,-38,77,-40,79,-47,75,-46,78,-49,80,-51,77,-52,69,-52,72,-58,68,-57,66,-54,0,0]"
CSI_DATA,126,1a:00:00:00:00:00,-56,11,1,0,1,1,1,0,0,0,1,-96,0,11,2,1944372,0,44,0,384,0,"[0,0,0,0,0,0,0,0,0,0,0,0,0,-9,-1,-8,-1,-7,-1,-6,-1,-5,-1,-4,-1,-4,-1,-3,-1,-2,-1,-1,0,-1,0,0,-1,1,0,1,0,1,0,2,1,2,1,2,1,3,1,3,1,3,2,4,2,3,2,4,2,4,3,4,0,0,3,4,3,5,3,5,3,4,2,5,2,5,2,4,2,4,2,4,1,3,1,3,0,3,0,2,0,2,0,1,0,1,-1,1,-1,0,-1,0,-1,-1,-1,-1,-1,-1,-1,-2,-1,-2,-1,-3,-1,-3,0,0,0,0,0,0,0,0,0,0,0,0,0,0,-67,-28,-61,-20,-59,-19,-48,-16,-46,-18,-39,-14,-34,-8,-32,-11,-30,-10,-21,-11,-19,-2,-11,-4,-9,0,-3,-1,-1,-1,3,1,6,1,6,2,9,2,13,-1,15,1,16,-1,14,0,20,-3,24,-2,29,-1,26,-3,24,-2,29,-3,32,-9,33,-8,40,-3,29,-2,38,-1,32,0,32,3,24,-1,28,2,27,2,26,2,23,2,17,4,16,7,17,2,13,5,6,-2,7,1,2,3,3,3,0,2,-4,1,-1,2,-9,0,-7,1,-10,-1,-16,-3,-14,-4,0,0,0,0,0,0,0,0,0,0,0,0,0,0,0,0,0,0,0,0,0,0,-1,35,-4,34,0,30,1,30,3,27,2,24,9,23,12,20,14,22,21,18,22,16,29,11,34,11,40,15,46,9,45,12,54,8,55,8,60,5,64,1,65,3,76,5,72,1,75,-1,78,1,81,-8,85,-3,81,-11,79,-1,86,-17,78,-14,85,-18,79,-19,73,-27,77,-25,74,-37,64,-35,71,-45,64,-48,62,-55,69,-60,56,-62,54,-62,54,-69,47,-69,38,-68,45,-74,36,-75,40,-80,36,-87,34,-85,31,-87,35,-90,31,-79,34,-89,26,-86,29,-84,0,0]"
CSI_DATA,127,1a:00:00:00:00:00,-56,11,1,0,1,1,1,0,0,0,1,-96,0,11,2,1954495,0,44,0,384,0,"[0,0,0,0,0,0,0,0,0,0,0,0,3,7,2,6,3,5,2,5,2,4,1,3,1,2,1,1,0,1,0,0,0,0,-1,-1,-1,-2,-1,-2,-1,-2,-2,-2,-2,-3,-3,-3,-3,-3,-3,-4,-3,-4,-4,-4,-4,-4,-4,-4,-5,-4,-5,-4,0,0,-5,-4,-5,-5,-5,-5,-5,-4,-4,-5,-4,-5,-4,-5,-4,-4,-4,-4,-3,-4,-3,-4,-2,-3,-2,-3,-2,-3,-1,-2,-1,-2,-1,-2,0,-1,0,-1,0,0,0,0,0,0,0,1,0,1,0,2,0,2,0,0,0,0,0,0,0,0,0,0,0,0,0,0,66,-6,64,1,59,-11,46,-10,43,-12,37,-5,35,-10,34,-10,28,-4,18,-4,11,-8,10,-9,5,-1,5,-2,0,1,-8,-1,-3,3,-10,2,-12,5,-13,6,-16,6,-15,11,-15,12,-17,12,-17,12,-21,12,-23,15,-22,21,-23,19,-26,20,-23,26,-24,22,-19,20,-23,23,-24,24,-23,21,-20,19,-21,18,-19,14,-20,19,-24,14,-18,6,-15,6,-15,6,-13,6,-9,0,-6,5,-5,-2,1,3,-1,-4,1,-5,5,-4,3,-7,6,-6,7,-7,10,-6,12,-7,0,0,0,0,0,0,0,0,0,0,0,0,0,0,0,0,0,0,0,0,0,0,7,-33,3,-31,4,-29,1,-27,1,-26,-3,-23,-10,-19,-9,-18,-20,-20,-20,-16,-22,-14,-31,-13,-33,-10,-38,-14,-41,-10,-47,-7,-49,-3,-56,-5,-59,-4,-65,0,-65,5,-77,7,-68,3,-73,9,-81,6,-77,10,-78,12,-84,17,-78,16,-81,25,-71,20,-76,33,-74,34,-66,41,-69,47,-63,52,-62,46,-58,51,-53,59,-50,62,-45,68,-37,70,-36,74,-36,79,-29,76,-15,83,-19,84,-12,80,-9,92,-14,86,-12,87,-1,90,-2,90,0,83,-2,90,4,87,0,77,0,0]"
CSI_DATA,128,1a:00:00:00:00:00,-56,11,1,0,1,1,1,0,0,0,1,-96,0,11,2,1964368,0,44,0,384,0,"[0,0,0,0,0,0,0,0,0,0,0,0,8,0,7,-1,6,0,6,0,4,0,3,-1,3,-1,2,-1,1,-1,0,-1,-1,-1,-1,-1,-2,-1,-2,-1,-3,0,-4,0,-4,0,-4,0,-4,1,-5,1,-5,1,-5,1,-6,1,-6,2,-6,2,-7,2,0,0,-7,2,-7,2,-7,2,-7,2,-6,1,-6,1,-6,1,-5,1,-6,1,-5,0,-5,0,-4,0,-3,0,-3,0,-3,-1,-2,-1,-1,-1,-1,-1,-1,-1,0,-1,0,-1,1,-1,1,-1,2,-1,2,0,2,0,0,0,0,0,0,0,0,0,0,0,0,0,0,0,15,-30,12,-31,6,-25,10,-25,8,-23,6,-18,6,-16,2,-15,4,-13,4,-11,3,-8,1,-8,1,-6,1,-4,-3,0,-1,1,-4,3,-1,5,-4,5,-2,6,-2,8,-3,8,-2,9,0,10,-2,14,-2,12,-3,12,-1,14,0,14,0,15,0,15,0,16,0,17,0,16,0,15,-2,17,0,14,-1,15,-3,13,-3,12,-3,11,-1,9,-2,9,-4,6,0,4,-3,4,-1,2,-2,1,-1,0,-1,-2,0,-2,-2,-4,2,-4,2,-3,3,-4,2,-6,2,-6,0,0,0,0,0,0,0,0,0,0,0,0,0,0,0,0,0,0,0,0,0,0,-16,-5,-16,-4,-15,-4,-13,-2,-15,0,-12,-1,-11,2,-11,4,-12,7,-13,7,-11,10,-9,12,-9,17,-9,19,-8,20,-10,21,-7,24,-9,28,-7,28,-8,31,-9,30,-7,36,-7,36,-6,38,-7,40,-4,41,-7,38,-3,39,-3,41,1,41,2,38,3,42,5,41,7,38,10,42,10,38,12,36,16,34,19,35,24,33,23,34,26,33,26,29,29,28,28,28,34,23,31,26,36,25,38,22,38,26,38,22,41,20,41,21,38,16,40,18,38,19,35,18,0,0]"
CSI_DATA,129,1a:00:00:00:00:00,-56,11,1,0,1,1,1,0,0,0,1,-96,0,11,2,1986004,0,44,0,384,0,"[0,0,0,0,0,0,0,0,0,0,0,0,-5,-7,-5,-6,-5,-5,-4,-5,-4,-4,-2,-3,-2,-2,-2,-2,-1,-1,-1,0,-1,0,0,1,0,1,0,2,0,2,1,2,1,2,2,3,2,3,2,3,2,3,2,4,3,4,3,4,3,4,3,4,0,0,4,4,3,5,3,5,3,5,3,5,2,5,2,5,2,4,2,4,1,4,1,3,0,3,0,2,0,2,0,1,0,1,0,1,0,0,0,0,0,-1,0,-1,0,-2,0,-2,0,-2,0,-3,0,-3,0,0,0,0,0,0,0,0,0,0,0,0,0,0,-71,4,-65,8,-59,6,-51,8,-49,6,-41,9,-34,4,-33,7,-26,0,-16,6,-14,5,-9,3,-7,0,-4,4,1,4,7,4,6,3,10,4,11,1,16,0,23,-5,21,-1,18,-3,23,-6,25,-3,29,-2,24,-4,29,-3,32,-5,35,-10,35,-5,38,-9,34,-1,30,-5,34,-7,30,1,29,1,28,0,25,2,24,7,23,5,19,2,11,5,15,0,13,4,10,2,7,3,4,1,1,-1,1,-2,-2,-3,-3,-4,-4,-2,-10,-6,-8,-7,-7,-9,-8,-10,0,0,0,0,0,0,0,0,0,0,0,0,0,0,0,0,0,0,0,0,0,0,25,16,26,15,27,13,22,10,22,6,24,6,23,4,21,0,26,-2,22,-11,24,-15,25,-17,28,-25,30,-30,35,-29,35,-30,36,-42,39,-42,36,-45,40,-49,44,-55,47,-57,45,-57,45,-57,47,-57,46,-64,51,-64,50,-70,48,-64,46,-68,43,-64,43,-73,37,-69,34,-73,35,-74,29,-78,27,-70,19,-78,17,-81,12,-88,12,-85,7,-86,4,-88,1,-88,-1,-84,-11,-91,-14,-95,-14,-82,-18,-93,-11,-91,-14,-88,-19,-91,-18,-96,-15,-83,-16,-95,-19,-90,-10,-85,0,0]"
CSI_DATA,130,1a:00:00:00:00:00,-55,11,1,0,1,1,1,0,0,0,1,-96,0,11,2,1995017,0,44,0,384,0,"[0,0,0,0,0,0,0,0,0,0,0,0,4,6,4,5,4,5,3,4,2,3,2,2,1,1,1,1,0,0,0,-1,0,-1,-1,-2,0,-3,-1,-3,-1,-3,-2,-4,-2,-4,-2,-5,-2,-5,-2,-5,-2,-5,-3,-6,-3,-6,-3,-6,-3,-7,-4,-7,0,0,-4,-7,-3,-7,-3,-7,-3,-7,-2,-7,-2,-7,-2,-7,-1,-6,-2,-6,-1,-5,-1,-5,0,-4,0,-4,0,-3,0,-3,0,-2,-1,-2,-1,-1,-1,-1,-1,0,-1,0,-1,0,-1,1,-2,1,-2,1,-3,1,0,0,0,0,0,0,0,0,0,0,0,0,0,0,64,-18,60,-13,50,-15,44,-13,41,-14,38,-16,32,-12,27,-6,21,-9,17,-6,12,-7,7,-7,3,-6,-1,-6,-5,-5,-10,-5,-9,3,-10,-1,-13,1,-19,3,-23,-3,-21,0,-23,1,-29,3,-27,3,-30,3,-28,1,-32,7,-34,6,-38,2,-37,4,-41,0,-36,3,-35,4,-39,-2,-36,-1,-30,-5,-33,0,-29,-1,-27,-7,-24,-4,-24,-6,-16,-5,-17,-4,-11,-5,-10,-4,-6,-5,-3,0,-3,1,-5,2,-1,-1,0,0,3,4,3,9,7,9,5,6,5,14,0,0,0,0,0,0,0,0,0,0,0,0,0,0,0,0,0,0,0,0,0,0,-32,-1,-33,-3,-28,-4,-28,-1,-23,3,-21,5,-17,7,-20,10,-20,14,-19,19,-20,23,-17,24,-17,28,-18,36,-17,36,-18,46,-19,48,-20,50,-24,56,-17,55,-22,62,-23,70,-29,69,-23,71,-26,72,-22,76,-27,73,-31,80,-25,77,-25,84,-25,75,-19,84,-20,80,-15,76,-11,79,-8,81,-10,79,1,83,2,76,9,87,10,84,11,79,14,85,20,85,20,88,27,75,27,84,35,80,35,84,33,81,30,88,37,87,29,90,34,84,37,91,31,82,24,80,0,0]"
CSI_DATA,131,1a:00:00:00:00:00,-55,11,1,0,1,1,1,0,0,0,1,-96,0,11,2,2004400,0,44,0,384,0,"[0,0,0,0,0,0,0,0,0,0,0,0,-7,-4,-6,-4,-6,-3,-5,-3,-4,-3,-3,-2,-3,-1,-2,-1,-1,0,-1,0,0,1,0,1,0,1,1,2,1,2,2,3,2,3,2,3,3,3,3,3,3,3,3,4,4,4,4,4,4,4,4,4,0,0,5,5,4,5,4,5,4,5,3,5,3,5,3,5,2,4,2,4,2,4,1,4,1,3,0,2,0,2,0,1,0,1,0,1,0,0,0,0,0,-1,0,-1,0,-2,0,-2,0,-2,1,-3,1,-3,0,0,0,0,0,0,0,0,0,0,0,0,0,0,-46,48,-39,40,-36,41,-31,39,-31,36,-23,29,-20,23,-16,18,-13,14,-9,16,-11,11,-4,10,-1,6,2,4,4,0,6,-1,9,-5,11,-5,15,-3,17,-5,19,-9,22,-11,14,-13,17,-20,19,-15,23,-16,28,-15,25,-22,26,-21,32,-23,29,-18,30,-18,31,-18,27,-20,32,-19,27,-15,30,-13,27,-14,28,-11,27,-8,24,-6,19,-5,18,1,14,-3,10,-3,10,-3,8,-1,6,-3,4,-4,-1,-2,-1,-4,-2,-5,-3,-3,-10,-5,-8,-10,-6,-10,-11,-12,0,0,0,0,0,0,0,0,0,0,0,0,0,0,0,0,0,0,0,0,0,0,26,-17,26,-16,23,-19,20,-17,18,-16,16,-15,15,-19,9,-20,6,-23,5,-23,1,-28,-3,-31,-9,-35,-5,-38,-7,-38,-13,-45,-21,-49,-14,-52,-16,-59,-22,-59,-22,-62,-25,-70,-18,-71,-21,-69,-23,-72,-27,-76,-21,-75,-20,-76,-24,-77,-28,-76,-25,-73,-29,-74,-35,-74,-35,-68,-42,-71,-40,-67,-43,-61,-44,-64,-46,-62,-54,-67,-54,-61,-56,-59,-62,-59,-65,-56,-61,-56,-71,-53,-72,-53,-75,-51,-71,-51,-76,-51,-69,-51,-73,-50,-75,-54,-72,-49,-73,-55,-68,-50,-67,-49,0,0]"
CSI_DATA,132,1a:00:00:00:00:00,-54,11,1,0,1,1,1,0,0,0,1,-96,0,11,2,2014647,0,44,0,384,0,"[0,0,0,0,0,0,0,0,0,0,0,0,-6,4,-5,4,-4,3,-4,3,-3,2,-3,2,-2,2,-1,1,0,1,0,0,1,0,1,0,2,-1,3,-1,3,-1,3,-1,4,-1,4,-1,4,-2,5,-2,5,-2,5,-2,5,-2,6,-2,6,-2,6,-2,0,0,6,-2,7,-2,7,-1,7,-1,6,-1,6,-1,6,-1,5,0,5,0,4,0,4,1,3,0,3,0,2,0,2,0,1,0,1,0,0,-1,0,-1,0,-1,0,-1,-1,-2,-1,-2,-1,-3,-1,-3,-1,-3,0,0,0,0,0,0,0,0,0,0,0,0,0,0,16,62,12,60,20,51,15,46,9,41,10,37,10,30,7,28,6,20,10,20,4,16,3,6,4,0,9,-7,6,-7,1,-12,3,-17,6,-20,6,-22,3,-20,5,-22,4,-26,2,-28,3,-30,4,-36,3,-33,3,-32,4,-35,4,-40,3,-42,1,-39,3,-40,5,-39,8,-41,7,-36,12,-36,14,-35,12,-32,12,-31,13,-31,13,-24,11,-23,14,-19,10,-14,3,-12,4,-9,6,-8,1,-5,-1,-3,-2,-2,-5,-3,-1,-2,-6,-4,-9,-2,-11,-1,-12,-2,-12,-2,0,0,0,0,0,0,0,0,0,0,0,0,0,0,0,0,0,0,0,0,0,0,-13,-30,-12,-30,-10,-30,-7,-27,-11,-24,-13,-21,-18,-17,-15,-15,-22,-11,-21,-12,-24,-9,-29,-6,-37,-8,-40,-7,-41,-3,-47,-6,-54,-6,-54,-3,-59,-1,-64,-6,-63,-8,-73,-4,-70,-4,-74,-7,-80,-5,-80,-1,-76,-6,-83,-4,-79,-9,-86,-2,-77,-2,-86,2,-86,-2,-81,2,-82,5,-79,9,-74,10,-82,14,-77,18,-84,19,-82,23,-83,29,-80,27,-86,36,-79,30,-82,40,-75,38,-84,40,-79,40,-83,39,-85,40,-85,45,-84,36,-80,35,-83,36,-81,38,-74,39,0,0]"
CSI_DATA,133,1a:00:00:00:00:00,-53,11,1,0,1,1,1,0,0,0,1,-96,0,11,2,2024396,0,44,0,384,0,"[0,0,0,0,0,0,0,0,0,0,0,0,4,-6,4,-5,2,-5,2,-4,1,-3,1,-3,0,-2,0,-2,-1,-2,-2,-1,-2,-1,-3,0,-4,0,-4,0,-4,0,-5,1,-5,1,-5,1,-6,1,-6,2,-6,2,-7,2,-6,1,-7,2,-7,2,-7,2,0,0,-8,2,-8,1,-8,1,-8,1,-8,0,-7,0,-7,0,-7,0,-6,-1,-6,-1,-5,-1,-5,-1,-4,-1,-3,-1,-3,-1,-2,-1,-2,0,-2,0,-1,0,-1,0,-1,0,0,1,0,1,0,2,0,2,0,2,0,0,0,0,0,0,0,0,0,0,0,0,0,0,-29,-65,-22,-50,-25,-45,-16,-44,-18,-36,-16,-33,-18,-25,-11,-22,-14,-19,-5,-10,-7,-6,-3,-9,-7,0,-8,5,-3,12,-3,14,-8,15,-7,21,-3,20,-4,23,1,26,-3,24,-2,30,-3,33,-3,34,-7,36,-4,36,-1,38,-3,41,-3,42,-3,38,-5,40,-9,42,-13,43,-5,38,-12,38,-13,33,-12,33,-17,25,-14,29,-14,24,-14,19,-14,18,-11,16,-10,14,-9,9,-2,7,-3,9,-5,7,3,5,1,3,4,3,6,2,12,3,12,5,13,3,10,1,0,0,0,0,0,0,0,0,0,0,0,0,0,0,0,0,0,0,0,0,0,0,23,26,20,23,19,20,17,20,17,17,13,12,17,12,18,9,24,3,22,4,24,2,31,-4,36,-8,36,-8,41,-9,42,-13,48,-12,52,-13,50,-16,56,-15,63,-15,69,-16,68,-16,70,-19,72,-16,75,-21,77,-14,78,-20,76,-13,78,-19,75,-19,79,-21,77,-21,78,-23,73,-28,77,-25,69,-32,69,-34,70,-39,74,-44,75,-42,69,-49,75,-49,70,-50,68,-48,71,-56,73,-58,66,-58,74,-59,68,-52,73,-52,73,-55,78,-50,67,-48,74,-52,75,-48,68,-45,0,0]"
CSI_DATA,134,1a:00:00:00:00:00,-53,11,1,0,1,1,1,0,0,0,1,-96,0,11,2,2034372,0,44,0,384,0,"[0,0,0,0,0,0,0,0,0,0,0,0,6,-4,5,-3,4,-3,3,-3,2,-2,2,-2,1,-2,0,-2,-1,-2,-2,-2,-2,-2,-3,-2,-4,-2,-4,-2,-5,-2,-5,-2,-6,-2,-6,-2,-6,-1,-7,-1,-7,-1,-8,-1,-7,-2,-8,-1,-8,-2,-8,-2,0,0,-9,-2,-9,-2,-9,-3,-8,-3,-8,-3,-7,-3,-7,-3,-6,-3,-6,-3,-5,-3,-5,-3,-4,-3,-4,-3,-3,-2,-3,-2,-3,-2,-2,-1,-2,-1,-2,0,-2,0,-1,0,-1,1,-1,1,-2,1,-2,2,-2,2,0,0,0,0,0,0,0,0,0,0,0,0,0,0,-14,-57,-8,-57,-12,-49,-14,-41,-10,-42,-4,-35,-10,-28,-10,-22,-10,-18,-6,-13,-6,-6,-5,0,-4,-1,-10,5,-8,10,-9,10,-13,16,-12,15,-14,21,-13,21,-10,26,-12,25,-16,30,-13,34,-13,35,-12,36,-17,37,-14,38,-15,36,-17,42,-18,38,-19,38,-22,40,-24,41,-24,34,-27,35,-23,32,-22,27,-26,27,-20,26,-19,19,-20,17,-19,15,-16,10,-14,10,-10,12,-9,8,-5,8,-2,6,-1,4,-1,4,2,7,7,3,7,8,8,10,10,8,9,9,0,0,0,0,0,0,0,0,0,0,0,0,0,0,0,0,0,0,0,0,0,0,19,27,11,26,13,22,12,23,11,21,14,17,14,16,18,14,18,8,23,6,24,7,27,2,33,2,37,0,38,-4,41,-4,48,-2,49,-6,57,-5,61,-8,62,-6,68,-6,69,-4,76,0,74,-1,73,-8,74,-2,72,-2,75,-2,82,-4,74,-3,80,-3,81,-5,75,-8,79,-12,75,-15,72,-16,77,-20,75,-21,79,-26,78,-25,80,-31,80,-29,84,-34,76,-32,73,-45,76,-36,78,-41,79,-39,82,-39,76,-33,84,-38,85,-32,81,-32,90,-38,74,-30,78,-31,0,0]"
CSI_DATA,135,1a:00:00:00:00:00,-52,11,1,0,1,1,1,0,0,0,1,-96,0,11,2,2044720,0,44,0,384,0,"[0,0,0,0,0,0,0,0,0,0,0,0,6,-1,5,-1,4,-1,3,-1,2,-1,2,-2,1,-2,0,-2,-1,-2,-1,-2,-2,-3,-3,-3,-3,-3,-3,-3,-4,-4,-4,-4,-5,-4,-5,-4,-5,-4,-6,-5,-6,-5,-6,-5,-6,-5,-6,-5,-7,-6,-7,-6,0,0,-7,-7,-6,-7,-6,-7,-6,-7,-5,-7,-5,-7,-4,-6,-4,-6,-4,-6,-3,-6,-3,-6,-2,-5,-2,-4,-2,-4,-2,-3,-2,-3,-2,-2,-2,-2,-2,-1,-2,-1,-2,-1,-2,0,-2,0,-3,0,-3,0,-3,0,0,0,0,0,0,0,0,0,0,0,0,0,0,0,24,-58,24,-50,16,-49,11,-41,12,-36,11,-32,5,-25,4,-20,6,-17,0,-14,-3,-14,-9,-8,-10,-1,-14,-1,-13,3,-16,5,-24,7,-25,7,-26,9,-27,6,-32,14,-29,11,-34,15,-33,19,-37,19,-38,18,-38,15,-41,24,-41,21,-47,20,-43,13,-46,18,-43,11,-48,14,-41,15,-44,8,-41,6,-41,9,-39,5,-31,0,-29,0,-28,-3,-23,-1,-22,-4,-19,4,-14,-1,-14,0,-11,2,-9,5,-5,4,-7,1,0,5,0,12,0,10,-1,10,-6,13,-3,15,0,0,0,0,0,0,0,0,0,0,0,0,0,0,0,0,0,0,0,0,0,0,1,32,1,29,-2,27,1,29,3,26,4,21,5,19,7,18,12,16,13,15,18,17,23,16,31,14,33,15,32,18,35,15,42,13,49,20,51,19,52,20,54,22,61,24,56,30,63,29,67,31,66,30,62,39,68,34,66,38,71,37,63,33,72,34,69,34,71,26,75,30,73,27,67,24,73,19,73,18,81,19,78,15,87,13,84,16,85,14,85,16,91,12,88,9,89,6,87,9,88,12,88,14,89,18,87,17,80,18,85,17,81,23,73,24,0,0]"
CSI_DATA,136,1a:00:00:00:00:00,-52,11,1,0,1,1,1,0,0,0,1,-96,0,11,2,2054366,0,44,0,384,0,"[0,0,0,0,0,0,0,0,0,0,0,0,3,5,2,4,3,3,2,2,2,1,1,1,1,0,1,-1,1,-2,1,-3,1,-4,1,-4,1,-5,1,-5,1,-5,1,-6,1,-7,1,-7,1,-7,1,-8,1,-8,1,-8,1,-8,1,-9,2,-9,1,-9,0,0,2,-9,3,-9,3,-9,2,-9,3,-8,3,-8,3,-8,3,-7,3,-6,3,-6,3,-5,3,-5,2,-4,2,-4,1,-3,1,-3,1,-3,0,-2,0,-2,-1,-2,-1,-2,-1,-2,-2,-2,-2,-2,-2,-2,-3,-3,0,0,0,0,0,0,0,0,0,0,0,0,0,0,56,-11,48,-8,45,-9,33,-7,33,-12,28,-9,25,-2,21,-8,17,-9,6,-8,0,-8,-2,-13,-5,-13,-5,-11,-14,-16,-19,-14,-19,-18,-21,-15,-21,-19,-24,-17,-31,-19,-32,-24,-31,-16,-34,-21,-35,-23,-35,-24,-40,-24,-39,-25,-39,-24,-44,-27,-40,-30,-42,-33,-38,-32,-40,-34,-38,-30,-31,-34,-27,-34,-27,-30,-25,-30,-25,-28,-18,-31,-17,-31,-14,-23,-13,-25,-10,-18,-13,-12,-11,-12,-9,-8,-10,-6,-8,-4,-11,0,-8,-1,-10,3,-12,1,-11,5,-11,5,-16,5,0,0,0,0,0,0,0,0,0,0,0,0,0,0,0,0,0,0,0,0,0,0,-27,14,-27,15,-23,15,-24,12,-19,10,-17,13,-15,16,-10,17,-6,15,-8,19,-4,24,3,26,5,25,5,36,0,36,4,43,9,45,4,49,7,53,6,52,8,55,7,64,9,66,8,65,5,72,12,72,0,74,0,76,1,70,7,79,5,73,9,74,11,74,10,71,15,76,17,72,12,69,19,73,23,73,27,74,23,79,26,75,31,77,29,75,29,74,43,73,37,72,39,77,36,75,34,83,34,73,40,83,32,83,29,76,26,84,26,80,20,79,0,0]"
CSI_DATA,137,1a:00:00:00:00:00,-51,11,1,0,1,1,1,0,0,0,1,-96,0,11,2,2074471,0,44,0,384,0,"[0,0,0,0,0,0,0,0,0,0,0,0,-2,-6,-2,-5,-3,-4,-3,-4,-3,-3,-2,-2,-3,-1,-3,0,-3,1,-4,1,-4,2,-4,3,-5,3,-5,4,-5,4,-5,5,-5,5,-5,5,-6,5,-6,6,-6,6,-7,6,-7,6,-7,7,-8,7,-7,7,0,0,-8,6,-9,6,-9,6,-8,6,-8,4,-8,4,-8,4,-8,3,-7,3,-7,2,-6,2,-6,1,-5,1,-4,1,-4,1,-3,1,-3,1,-2,1,-2,1,-1,1,-1,1,-1,2,0,2,0,2,0,2,0,3,0,0,0,0,0,0,0,0,0,0,0,0,0,0,-58,-15,-53,-15,-49,-7,-38,-6,-35,-6,-28,-1,-21,1,-24,3,-18,5,-13,7,-5,10,-3,13,-2,17,1,16,3,26,7,24,6,33,10,29,7,32,13,36,16,35,13,37,20,40,14,43,16,43,15,44,18,46,17,48,15,49,16,50,17,49,13,53,10,49,8,56,9,51,5,47,1,47,0,40,-3,43,-4,39,-1,34,-6,30,-7,27,-6,25,-2,19,-2,21,0,17,-2,15,6,11,5,7,4,10,9,7,9,5,10,4,13,2,15,6,13,8,0,0,0,0,0,0,0,0,0,0,0,0,0,0,0,0,0,0,0,0,0,0,30,-11,28,-8,25,-6,25,-6,23,-7,17,-6,18,-10,13,-11,9,-14,7,-19,8,-20,5,-21,4,-25,1,-32,2,-36,1,-39,-3,-43,1,-46,2,-50,5,-56,12,-55,7,-63,11,-65,11,-67,16,-68,11,-69,16,-70,15,-73,17,-72,13,-77,11,-74,14,-78,16,-72,9,-71,13,-75,7,-79,7,-76,-2,-81,2,-78,0,-80,1,-79,-5,-81,-3,-88,-5,-89,2,-84,-7,-82,-8,-87,-6,-88,-6,-84,-5,-91,-3,-89,-4,-92,5,-92,-1,-80,3,-90,2,-84,12,-76,0,0]"
CSI_DATA,138,1a:00:00:00:00:00,-50,11,1,0,1,1,1,0,0,0,1,-96,0,11,2,2094446,0,44,0,384,0,"[0,0,0,0,0,0,0,0,0,0,0,0,4,-5,3,-5,1,-4,1,-4,0,-4,-1,-4,-1,-3,-2,-3,-3,-3,-4,-3,-4,-4,-5,-4,-6,-3,-6,-3,-7,-4,-7,-4,-8,-4,-7,-4,-8,-4,-9,-4,-9,-4,-9,-4,-9,-5,-10,-5,-10,-5,-10,-5,0,0,-10,-6,-9,-6,-9,-7,-8,-7,-8,-7,-7,-7,-7,-6,-6,-6,-6,-6,-5,-6,-4,-6,-4,-5,-3,-4,-3,-4,-3,-4,-3,-3,-3,-2,-3,-2,-3,-1,-3,-1,-3,-1,-3,0,-3,0,-3,0,-4,0,-4,0,0,0,0,0,0,0,0,0,0,0,0,0,0,0,-10,-52,-12,-49,-15,-39,-14,-37,-14,-34,-11,-23,-11,-19,-19,-20,-17,-11,-14,-9,-16,-5,-18,2,-22,6,-27,13,-25,11,-26,15,-31,20,-32,21,-31,22,-31,24,-30,27,-32,26,-32,27,-39,33,-37,32,-45,37,-42,30,-45,33,-49,37,-49,35,-49,27,-48,29,-53,27,-53,23,-46,23,-47,14,-46,15,-48,17,-44,12,-37,8,-37,4,-33,7,-30,2,-27,5,-24,2,-20,3,-17,2,-16,7,-11,6,-7,5,-9,6,-7,10,-5,10,-4,10,-2,16,-6,16,-4,14,0,0,0,0,0,0,0,0,0,0,0,0,0,0,0,0,0,0,0,0,0,0,27,21,22,24,23,19,17,20,15,16,14,11,12,8,13,5,15,6,17,0,18,0,21,-6,22,-12,25,-15,31,-13,30,-20,35,-23,38,-21,41,-26,46,-25,50,-28,56,-27,57,-29,60,-25,65,-25,63,-25,64,-22,65,-21,68,-25,69,-26,65,-19,70,-26,70,-28,64,-28,69,-33,64,-29,64,-36,64,-35,68,-36,70,-46,68,-38,67,-46,66,-38,74,-46,67,-45,66,-52,70,-52,71,-49,71,-50,76,-50,80,-40,81,-44,75,-35,76,-41,80,-30,70,-38,67,-29,0,0]"
CSI_DATA,139,1a:00:00:00:00:00,-50,11,1,0,1,1,1,0,0,0,1,-96,0,11,2,2104379,0,44,0,384,0,"[0,0,0,0,0,0,0,0,0,0,0,0,2,-5,1,-5,0,-4,0,-4,-1,-4,-1,-4,-2,-3,-3,-3,-4,-3,-5,-2,-5,-3,-6,-2,-7,-2,-7,-2,-7,-2,-8,-2,-8,-2,-8,-2,-9,-2,-9,-2,-9,-2,-10,-3,-9,-3,-10,-3,-11,-3,-10,-3,0,0,-10,-4,-10,-4,-10,-5,-9,-5,-9,-5,-8,-5,-8,-5,-7,-5,-7,-5,-6,-5,-5,-5,-5,-4,-4,-4,-4,-3,-3,-3,-3,-2,-3,-2,-3,-1,-3,-1,-3,-1,-3,0,-3,0,-3,1,-3,1,-3,1,-4,1,0,0,0,0,0,0,0,0,0,0,0,0,0,0,-26,-51,-21,-46,-26,-39,-18,-35,-17,-29,-15,-25,-21,-16,-19,-14,-19,-8,-20,-1,-13,6,-21,8,-18,12,-21,17,-19,19,-24,24,-29,29,-29,27,-24,26,-30,29,-26,33,-27,32,-29,35,-36,35,-35,35,-40,37,-39,41,-39,44,-40,42,-39,41,-43,38,-44,37,-47,29,-46,30,-44,31,-49,26,-49,19,-43,17,-44,17,-39,15,-35,10,-27,9,-30,6,-28,7,-23,5,-17,3,-18,5,-15,11,-7,8,-9,5,-6,11,-6,8,-5,10,-7,10,-2,13,0,14,-3,17,0,0,0,0,0,0,0,0,0,0,0,0,0,0,0,0,0,0,0,0,0,0,30,17,25,18,23,13,23,19,19,15,19,8,16,8,15,6,21,-2,18,2,16,-5,20,-11,19,-11,24,-16,25,-19,29,-20,29,-24,33,-29,36,-30,38,-28,44,-26,50,-34,49,-34,50,-37,58,-37,50,-40,55,-34,57,-33,63,-31,64,-33,58,-35,65,-33,58,-28,61,-36,60,-38,60,-41,55,-40,56,-47,54,-44,55,-54,60,-45,60,-50,58,-49,63,-58,58,-56,57,-49,61,-51,60,-55,67,-53,65,-62,64,-59,61,-57,64,-56,66,-48,69,-51,63,-49,65,-40,0,0]"
CSI_DATA,140,1a:00:00:00:00:00,-50,11,1,0,1,1,1,0,0,0,1,-96,0,11,2,2114453,0,44,0,384,0,"[0,0,0,0,0,0,0,0,0,0,0,0,2,4,3,3,3,2,3,2,3,1,3,0,3,-1,3,-2,4,-3,4,-3,5,-4,5,-5,5,-5,6,-5,6,-5,6,-6,6,-6,6,-6,6,-7,7,-7,7,-7,7,-7,7,-7,8,-7,9,-7,8,-7,0,0,9,-7,10,-6,10,-6,9,-6,9,-5,9,-4,8,-4,8,-3,7,-3,7,-2,6,-2,6,-1,5,-1,4,-1,4,-1,3,-2,3,-2,2,-2,2,-2,1,-2,1,-2,1,-3,1,-3,1,-3,1,-4,1,-4,0,0,0,0,0,0,0,0,0,0,0,0,0,0,49,-5,44,-6,42,-11,28,-12,27,-14,20,-17,20,-7,16,-14,8,-15,7,-17,2,-24,-4,-23,-7,-29,-8,-26,-14,-31,-20,-33,-11,-34,-22,-37,-15,-38,-24,-43,-23,-44,-25,-44,-27,-42,-22,-45,-21,-48,-26,-50,-23,-51,-25,-54,-27,-55,-24,-56,-23,-55,-18,-58,-12,-59,-14,-52,-17,-57,-6,-54,-4,-48,-7,-46,2,-45,-1,-37,3,-38,-1,-38,5,-28,3,-27,3,-24,1,-23,-1,-17,-2,-15,-9,-12,-5,-13,-9,-14,-11,-12,-12,-9,-12,-13,-10,-8,-16,-13,-13,-11,0,0,0,0,0,0,0,0,0,0,0,0,0,0,0,0,0,0,0,0,0,0,-25,32,-26,26,-22,23,-22,19,-19,17,-19,15,-14,16,-12,18,-9,16,-5,14,-2,17,4,21,9,25,9,23,11,30,11,37,19,37,12,40,20,39,18,46,23,50,16,60,19,59,20,61,14,65,21,63,15,65,16,70,9,63,18,73,13,68,18,67,17,67,17,64,18,66,22,66,24,67,29,67,26,69,29,70,28,68,39,74,34,74,36,71,36,73,45,68,39,73,37,72,37,75,39,80,36,78,30,75,32,78,30,77,23,79,25,74,20,76,0,0]"
CSI_DATA,141,1a:00:00:00:00:00,-49,11,1,0,1,1,1,0,0,0,1,-96,0,11,2,2124545,0,44,0,384,0,"[0,0,0,0,0,0,0,0,0,0,0,0,-6,-2,-5,-1,-4,0,-4,0,-4,1,-3,2,-3,3,-2,3,-2,4,-2,4,-2,5,-2,6,-2,6,-2,6,-2,7,-2,8,-1,8,-2,8,-1,8,-2,9,-2,9,-2,9,-2,9,-2,10,-3,10,-3,10,0,0,-3,10,-4,9,-4,10,-4,9,-5,8,-5,8,-5,7,-5,6,-5,6,-5,5,-5,5,-4,4,-4,3,-3,3,-3,3,-2,3,-2,2,-1,2,-1,2,-1,2,0,2,0,2,0,2,0,2,0,3,0,3,0,0,0,0,0,0,0,0,0,0,0,0,0,0,-41,25,-33,31,-26,29,-24,29,-19,25,-18,23,-10,20,0,18,0,19,1,21,6,20,10,20,20,23,25,15,18,23,32,23,31,25,34,27,33,24,32,23,42,28,41,28,42,24,42,30,42,31,47,34,48,36,50,30,46,34,47,39,46,38,46,38,40,45,40,44,36,44,29,44,30,45,26,39,25,35,21,39,16,35,12,30,11,27,15,24,13,19,10,17,11,15,14,14,8,10,12,10,13,6,12,1,10,2,18,1,14,3,15,3,17,3,0,0,0,0,0,0,0,0,0,0,0,0,0,0,0,0,0,0,0,0,0,0,9,-38,13,-33,14,-32,14,-26,9,-29,9,-22,9,-20,4,-22,2,-20,-4,-21,-8,-22,-11,-21,-16,-23,-19,-24,-18,-24,-24,-26,-29,-29,-26,-33,-31,-35,-34,-40,-37,-41,-39,-46,-38,-49,-41,-49,-36,-51,-48,-54,-40,-54,-38,-54,-40,-57,-45,-59,-40,-56,-41,-57,-46,-57,-43,-53,-49,-57,-48,-52,-51,-50,-52,-50,-54,-47,-59,-48,-58,-52,-64,-50,-62,-49,-66,-52,-59,-47,-70,-56,-71,-54,-64,-50,-65,-52,-71,-57,-62,-56,-67,-51,-59,-62,-52,-54,-59,-58,-51,-55,-47,-52,0,0]"
CSI_DATA,142,1a:00:00:00:00:00,-50,11,1,0,1,1,1,0,0,0,1,-96,0,11,2,2134727,0,44,0,384,0,"[0,0,0,0,0,0,0,0,0,0,0,0,2,4,3,3,3,2,3,1,3,0,3,-1,3,-1,3,-2,4,-3,4,-3,4,-4,4,-5,5,-5,5,-5,6,-5,6,-6,6,-7,6,-6,6,-7,7,-7,7,-7,7,-7,7,-7,8,-8,8,-7,8,-7,0,0,9,-7,9,-6,10,-6,9,-5,9,-4,9,-4,8,-4,8,-3,7,-3,6,-2,6,-2,5,-2,5,-2,4,-2,3,-2,3,-2,2,-2,2,-2,2,-2,1,-3,1,-3,1,-3,1,-3,1,-4,1,-4,1,-4,0,0,0,0,0,0,0,0,0,0,0,0,0,0,50,2,42,9,41,-5,32,-1,28,-6,25,-11,19,-13,16,-15,12,-16,9,-18,2,-21,1,-24,1,-29,3,-32,-4,-30,-3,-36,-6,-39,-7,-42,-5,-39,-15,-47,-17,-48,-10,-51,-13,-45,-8,-48,-8,-51,-7,-50,-13,-56,-13,-55,-5,-59,-11,-64,-5,-56,-2,-63,6,-58,0,-60,-1,-57,8,-53,10,-49,7,-46,11,-40,11,-41,13,-38,11,-34,15,-29,10,-23,8,-23,5,-23,4,-20,2,-16,-2,-15,-3,-14,-7,-18,-4,-11,-5,-13,-10,-15,-12,-14,-9,-17,-11,-16,0,0,0,0,0,0,0,0,0,0,0,0,0,0,0,0,0,0,0,0,0,0,-27,29,-26,23,-28,26,-25,19,-20,18,-19,17,-19,15,-15,16,-10,20,-10,25,-5,18,1,23,2,27,1,30,5,32,4,37,11,37,10,46,8,43,12,49,4,49,10,57,7,62,9,58,6,63,11,67,3,69,6,66,-6,67,8,67,1,67,4,67,0,69,4,65,4,70,9,71,11,69,17,71,16,71,21,73,19,74,22,75,18,73,19,79,23,74,14,84,15,81,21,74,15,76,20,82,17,81,15,81,13,84,12,77,7,79,9,73,-1,69,0,0]"
CSI_DATA,143,1a:00:00:00:00:00,-50,11,1,0,1,1,1,0,0,0,1,-96,0,11,2,2144450,0,44,0,384,0,"[0,0,0,0,0,0,0,0,0,0,0,0,-5,-3,-5,-2,-5,-1,-4,0,-4,0,-3,1,-3,3,-2,3,-2,4,-2,4,-2,6,-2,6,-3,6,-2,7,-3,7,-2,9,-2,8,-2,9,-2,9,-2,9,-2,9,-3,10,-3,10,-3,11,-4,11,-4,11,0,0,-4,11,-5,10,-6,10,-5,10,-6,8,-6,8,-6,8,-5,7,-5,6,-5,6,-5,5,-4,4,-4,3,-3,3,-3,3,-2,3,-2,3,-1,3,-1,3,0,2,0,3,0,3,0,3,0,3,0,4,0,4,0,0,0,0,0,0,0,0,0,0,0,0,0,0,-37,30,-33,26,-29,27,-21,21,-19,21,-15,18,-10,20,-6,19,1,20,5,22,9,16,12,14,17,17,24,14,22,17,29,20,31,20,36,18,36,19,35,22,41,21,38,29,41,21,43,27,43,28,46,28,44,32,52,27,45,33,49,36,42,36,37,39,37,38,41,34,38,42,31,41,33,42,29,37,24,40,17,35,18,33,12,31,12,24,14,19,10,21,14,17,12,17,10,8,9,9,13,7,7,6,11,5,16,7,21,-2,19,1,20,2,18,4,0,0,0,0,0,0,0,0,0,0,0,0,0,0,0,0,0,0,0,0,0,0,-5,-39,1,-38,-1,-36,4,-31,-1,-28,2,-29,-2,-24,-4,-26,-8,-21,-10,-22,-13,-21,-17,-22,-21,-21,-23,-17,-27,-20,-32,-25,-37,-20,-32,-31,-37,-28,-42,-33,-44,-34,-47,-35,-50,-38,-52,-40,-53,-45,-53,-43,-48,-45,-51,-47,-52,-49,-54,-51,-46,-50,-52,-50,-52,-56,-52,-45,-56,-47,-55,-43,-55,-47,-60,-47,-58,-42,-69,-44,-57,-44,-70,-45,-69,-44,-70,-42,-65,-43,-67,-42,-63,-42,-67,-46,-70,-47,-74,-49,-67,-50,-64,-48,-66,-55,-62,-51,-63,-55,-56,-46,-46,-54,0,0]"
CSI_DATA,144,1a:00:00:00:00:00,-51,11,1,0,1,1,1,0,0,0,1,-96,0,11,2,2155663,0,44,0,384,0,"[0,0,0,0,0,0,0,0,0,0,0,0,4,-1,3,-1,3,-1,2,-2,1,-2,1,-2,0,-3,-1,-3,-1,-4,-2,-4,-2,-5,-3,-5,-3,-6,-3,-6,-3,-6,-4,-7,-4,-7,-4,-7,-4,-7,-5,-8,-4,-8,-5,-8,-4,-9,-5,-9,-4,-9,-5,-9,0,0,-4,-10,-4,-10,-3,-9,-3,-10,-2,-9,-2,-9,-2,-8,-1,-7,-1,-7,-1,-7,-1,-6,-1,-5,-1,-5,-1,-4,-1,-4,-1,-3,-2,-3,-2,-2,-2,-2,-3,-2,-3,-2,-3,-2,-3,-2,-4,-2,-4,-2,-4,-3,0,0,0,0,0,0,0,0,0,0,0,0,0,0,13,-46,10,-44,7,-37,9,-35,1,-32,2,-25,-4,-19,-1,-16,-10,-11,-10,-12,-12,-7,-16,-3,-21,0,-23,1,-26,5,-27,3,-34,9,-31,12,-40,11,-36,14,-45,18,-41,9,-43,22,-47,17,-45,12,-50,13,-49,16,-48,22,-54,19,-58,11,-52,11,-56,12,-49,7,-54,11,-49,7,-49,0,-49,1,-46,0,-41,-1,-37,-4,-33,-5,-31,-7,-26,-6,-25,1,-21,-2,-20,4,-14,4,-16,5,-11,10,-11,12,-10,13,-6,11,-9,21,-10,15,-11,11,-12,17,-13,16,0,0,0,0,0,0,0,0,0,0,0,0,0,0,0,0,0,0,0,0,0,0,11,37,6,33,10,33,10,29,6,27,5,25,6,21,10,19,14,17,15,16,17,15,25,13,25,15,32,11,32,7,35,11,49,10,42,13,47,6,54,14,56,15,65,16,59,19,64,20,66,24,68,19,67,27,67,25,63,29,72,23,61,21,68,21,68,19,68,17,72,15,72,11,71,13,70,15,73,9,76,6,81,4,75,4,82,0,84,2,80,-3,80,7,79,0,78,-5,81,1,81,5,83,3,86,4,86,7,76,10,77,14,77,11,71,9,0,0]"
CSI_DATA,145,1a:00:00:00:00:00,-54,11,1,0,1,1,1,0,0,0,1,-96,0,11,2,2194446,0,44,0,384,0,"[0,0,0,0,0,0,0,0,0,0,0,0,-3,6,-3,6,-2,5,-2,4,-1,3,-1,2,-1,2,-1,1,0,0,0,-1,1,-1,1,-2,1,-3,2,-3,2,-3,2,-4,2,-4,2,-5,2,-5,3,-6,3,-6,3,-7,3,-6,4,-7,4,-7,4,-7,0,0,4,-7,5,-7,5,-7,5,-7,5,-6,5,-6,5,-5,4,-5,4,-4,4,-4,3,-3,3,-3,2,-3,2,-2,1,-2,1,-2,0,-2,0,-2,0,-2,-1,-2,-1,-2,-2,-2,-2,-2,-2,-3,-2,-3,-2,-3,0,0,0,0,0,0,0,0,0,0,0,0,0,0,47,44,45,38,43,29,35,28,34,25,25,28,25,17,23,16,19,11,7,7,7,4,7,3,-1,-2,-1,-8,-9,-7,-6,-14,-8,-16,-8,-18,-15,-18,-13,-19,-24,-22,-17,-20,-20,-24,-23,-25,-23,-26,-23,-31,-25,-31,-25,-33,-28,-34,-33,-37,-27,-34,-33,-31,-27,-39,-29,-37,-29,-34,-23,-39,-24,-35,-20,-32,-14,-32,-17,-24,-17,-27,-13,-24,-10,-21,-9,-16,-10,-12,-5,-14,-3,-12,-9,-7,-7,-3,-8,-3,-9,-1,-8,2,-9,5,-11,5,-15,7,-11,9,-14,9,0,0,0,0,0,0,0,0,0,0,0,0,0,0,0,0,0,0,0,0,0,0,-27,-38,-25,-35,-26,-34,-23,-32,-27,-30,-25,-29,-23,-25,-24,-22,-30,-19,-28,-17,-31,-18,-33,-11,-38,-11,-40,-7,-43,-4,-47,-5,-55,1,-55,0,-58,4,-60,5,-66,11,-69,5,-73,9,-73,5,-78,6,-78,16,-75,11,-81,17,-82,9,-82,19,-71,17,-76,22,-76,23,-70,29,-73,31,-69,37,-68,38,-66,40,-66,42,-68,49,-64,49,-63,58,-61,54,-57,61,-58,62,-56,65,-54,69,-48,70,-52,74,-50,73,-52,72,-53,76,-56,70,-48,71,-56,72,-48,67,-50,67,0,0]"
CSI_DATA,146,1a:00:00:00:00:00,-54,11,1,0,1,1,1,0,0,0,1,-96,0,11,2,2224468,0,44,0,384,0,"[0,0,0,0,0,0,0,0,0,0,0,0,1,-9,0,-8,-1,-7,0,-7,0,-6,0,-5,0,-4,0,-3,0,-2,-1,-1,-1,-1,-1,0,-1,1,-1,1,-1,2,-1,2,-1,2,-1,3,-1,4,0,4,-1,5,0,5,-1,5,0,6,0,6,0,6,0,0,0,7,-1,7,-1,7,-1,7,-1,7,-2,7,-2,6,-2,6,-2,5,-2,5,-2,5,-2,4,-2,3,-1,3,-1,2,-1,2,-1,2,-1,1,0,1,0,1,0,0,1,0,1,0,1,0,1,0,2,0,0,0,0,0,0,0,0,0,0,0,0,0,0,0,-68,-27,-59,-27,-58,-21,-47,-20,-44,-16,-44,-13,-38,-10,-41,-5,-33,-11,-23,-12,-21,-8,-13,-2,-13,-2,-8,-3,-3,-2,2,0,4,4,8,7,10,5,13,1,20,0,21,4,21,5,26,2,27,4,30,8,35,3,35,-1,36,6,39,3,37,5,37,3,42,9,38,11,39,6,40,13,34,10,33,15,27,13,30,10,29,9,23,13,22,11,18,7,14,11,15,6,11,4,10,5,10,1,8,1,5,-4,6,0,6,-4,6,-7,1,-8,2,-10,0,-8,0,0,0,0,0,0,0,0,0,0,0,0,0,0,0,0,0,0,0,0,0,0,25,45,17,44,20,46,18,41,15,38,19,42,19,38,19,31,25,34,24,35,25,29,31,24,37,24,37,18,35,19,44,14,47,7,52,15,54,8,56,4,63,0,64,-4,63,-7,69,-6,67,-4,68,-12,73,-10,69,-16,75,-15,75,-18,73,-18,74,-24,72,-27,68,-27,69,-33,62,-37,58,-42,63,-50,50,-48,48,-55,54,-49,51,-60,50,-65,49,-64,41,-68,35,-80,40,-76,36,-79,30,-79,37,-85,33,-84,28,-83,36,-80,27,-87,28,-91,24,-87,30,-81,0,0]"
CSI_DATA,147,1a:00:00:00:00:00,-53,11,1,0,1,1,1,0,0,0,1,-96,0,11,2,2234391,0,44,0,384,0,"[0,0,0,0,0,0,0,0,0,0,0,0,-2,-9,-2,-8,-3,-7,-2,-6,-2,-5,-2,-4,-2,-4,-1,-3,-1,-2,-1,-1,0,0,0,0,-1,1,0,1,0,2,1,3,1,3,1,4,1,4,1,5,2,5,2,6,2,6,2,7,2,7,3,7,0,0,3,8,2,8,2,9,2,8,2,8,1,8,1,8,1,7,1,7,1,6,0,6,0,5,0,5,0,4,0,4,0,3,0,3,0,2,0,1,0,1,1,1,1,0,1,0,1,0,1,0,2,-1,0,0,0,0,0,0,0,0,0,0,0,0,0,0,-66,-9,-59,-14,-61,-10,-50,-8,-49,-2,-37,-8,-37,-6,-33,-4,-28,-2,-21,1,-20,2,-14,-1,-7,-1,-8,1,0,-1,4,1,5,1,9,1,17,-1,16,1,22,4,22,-1,23,-2,32,-1,31,0,37,2,34,1,34,-2,40,-5,43,-5,43,1,49,-1,39,2,47,2,43,0,43,8,38,5,39,7,37,5,36,6,33,7,35,6,27,10,25,12,25,10,17,5,19,0,17,5,13,1,14,-2,8,-1,9,-2,9,-9,-3,-7,7,-4,5,-10,1,-12,0,0,0,0,0,0,0,0,0,0,0,0,0,0,0,0,0,0,0,0,0,0,36,38,35,46,31,41,31,43,34,40,28,39,30,31,32,33,35,34,34,25,37,26,33,18,39,18,45,15,41,11,43,6,48,6,48,3,51,-6,50,-6,55,-5,64,-10,67,-13,60,-17,67,-16,65,-25,68,-20,69,-27,69,-24,73,-32,63,-28,65,-38,62,-38,59,-42,58,-44,55,-49,51,-44,51,-52,42,-55,49,-62,41,-64,36,-63,31,-68,29,-70,28,-75,20,-72,21,-77,18,-78,16,-82,18,-88,15,-86,12,-85,17,-87,8,-76,17,-86,15,-84,17,-84,0,0]"
CSI_DATA,148,1a:00:00:00:00:00,-53,11,1,0,1,1,1,0,0,0,1,-96,0,11,2,2244437,0,44,0,384,0,"[0,0,0,0,0,0,0,0,0,0,0,0,7,-3,6,-3,5,-2,5,-2,3,-2,3,-2,2,-2,1,-1,1,-1,0,0,-1,0,-2,0,-2,0,-3,1,-3,1,-4,1,-4,1,-4,2,-5,2,-5,3,-6,3,-6,3,-6,3,-6,4,-7,5,-7,5,0,0,-8,5,-8,5,-8,5,-8,5,-8,4,-8,4,-8,4,-8,3,-8,3,-7,3,-7,3,-6,2,-6,2,-5,2,-5,1,-5,1,-4,1,-3,1,-3,1,-2,1,-2,1,-1,1,-1,1,-1,1,0,1,0,1,0,0,0,0,0,0,0,0,0,0,0,0,0,0,15,-61,17,-53,10,-54,13,-44,12,-43,10,-29,2,-38,7,-32,0,-24,5,-21,5,-17,0,-12,3,-10,0,-2,-2,-1,-1,4,-2,12,-2,10,-3,15,-6,18,-1,21,1,20,0,24,2,33,1,37,3,41,5,37,9,45,2,43,7,45,0,45,5,48,4,51,2,49,2,45,-4,55,1,49,-1,47,-3,44,-8,39,-9,40,-5,37,-5,33,-7,32,-3,28,-1,26,-7,22,3,21,-2,13,0,16,3,11,-2,10,3,5,4,4,8,7,1,2,7,2,0,0,0,0,0,0,0,0,0,0,0,0,0,0,0,0,0,0,0,0,0,0,-59,28,-53,24,-55,22,-55,25,-52,23,-49,20,-46,21,-45,25,-47,27,-39,28,-45,30,-38,32,-39,41,-34,37,-28,43,-26,43,-21,52,-23,54,-16,58,-19,61,-11,60,-11,71,-8,66,-1,72,-5,71,-1,72,-2,74,-2,69,3,72,14,76,11,72,20,74,24,76,18,72,26,70,34,66,32,61,37,63,40,54,47,59,49,55,56,50,56,48,64,46,62,38,75,38,71,30,67,32,70,26,77,31,78,28,76,24,76,28,73,23,82,20,75,24,75,17,0,0]"
CSI_DATA,149,1a:00:00:00:00:00,-52,11,1,0,1,1,1,0,0,0,1,-96,0,11,2,2254613,0,44,0,384,0,"[0,0,0,0,0,0,0,0,0,0,0,0,-6,-4,-6,-4,-6,-3,-5,-3,-4,-3,-3,-2,-3,-2,-2,-1,-1,-1,-1,-1,0,0,0,0,1,0,1,0,2,0,3,1,3,0,4,0,4,0,4,0,5,1,5,1,6,1,6,1,7,1,7,1,0,0,8,1,8,1,8,1,8,1,7,2,7,2,7,2,7,2,7,2,6,2,6,2,5,2,4,2,4,2,4,1,4,1,3,1,3,0,2,0,2,0,2,0,1,0,1,-1,1,-1,1,-1,1,-2,0,0,0,0,0,0,0,0,0,0,0,0,0,0,-46,38,-39,30,-35,36,-33,32,-32,32,-22,26,-19,23,-19,22,-19,17,-13,17,-12,13,-6,6,-3,7,-3,0,0,-3,2,-3,4,-5,2,-8,5,-9,7,-14,10,-14,9,-23,9,-24,14,-24,9,-27,10,-29,18,-30,11,-39,20,-37,16,-39,14,-41,18,-39,20,-41,18,-46,18,-35,18,-41,20,-38,21,-38,23,-34,26,-31,18,-35,24,-32,22,-28,18,-23,17,-21,20,-21,13,-21,10,-15,12,-16,9,-14,6,-15,3,-10,2,-8,-2,-10,-5,-5,-2,-8,-5,-8,0,0,0,0,0,0,0,0,0,0,0,0,0,0,0,0,0,0,0,0,0,0,57,-18,56,-7,54,-12,53,-10,53,-10,49,-10,50,-12,50,-13,48,-17,45,-17,45,-21,43,-28,39,-28,44,-30,44,-31,40,-37,44,-42,43,-40,33,-47,34,-49,37,-51,34,-58,31,-57,33,-61,30,-68,28,-64,29,-65,27,-65,23,-67,19,-72,19,-69,13,-73,9,-69,13,-69,6,-70,1,-72,-4,-69,-7,-70,-12,-64,-16,-65,-18,-62,-29,-64,-29,-65,-35,-62,-35,-66,-45,-64,-42,-64,-43,-57,-47,-55,-51,-58,-48,-61,-56,-56,-57,-56,-57,-49,-59,-57,-53,-52,-56,-53,0,0]"
CSI_DATA,150,1a:00:00:00:00:00,-52,11,1,0,1,1,1,0,0,0,1,-96,0,11,2,2264437,0,44,0,384,0,"[0,0,0,0,0,0,0,0,0,0,0,0,-1,7,-1,7,0,6,0,5,0,4,0,4,0,3,0,2,0,1,0,1,0,0,0,-1,0,-1,0,-2,0,-3,-1,-3,-1,-3,-1,-4,-1,-4,-2,-5,-2,-5,-2,-6,-2,-6,-2,-7,-2,-7,-3,-7,0,0,-3,-8,-2,-8,-2,-9,-3,-8,-2,-8,-2,-9,-2,-8,-2,-8,-1,-8,-1,-7,-1,-7,-1,-7,-1,-6,-1,-6,0,-5,-1,-5,-1,-4,-1,-4,-1,-3,-1,-3,-1,-3,-1,-2,-1,-2,-1,-2,-1,-1,-1,-1,0,0,0,0,0,0,0,0,0,0,0,0,0,0,57,21,53,21,49,17,36,15,36,15,35,13,28,11,27,12,21,3,20,5,18,4,12,7,9,-1,10,1,4,1,-1,-3,-2,-1,-8,-1,-5,-3,-13,-6,-17,-2,-18,-2,-20,-4,-22,-4,-24,-3,-30,-2,-28,-6,-34,-4,-35,-4,-38,-1,-36,-4,-43,-7,-38,-6,-43,-6,-43,-9,-41,-12,-37,-11,-42,-12,-35,-16,-41,-11,-30,-12,-33,-11,-28,-15,-25,-10,-25,-13,-23,-10,-23,-8,-18,-6,-15,-7,-11,-1,-15,-1,-10,-3,-13,-5,-10,-3,-4,2,-7,0,-4,4,0,0,0,0,0,0,0,0,0,0,0,0,0,0,0,0,0,0,0,0,0,0,-50,-32,-44,-35,-40,-33,-43,-39,-39,-34,-39,-37,-40,-29,-42,-32,-45,-28,-45,-27,-45,-27,-47,-19,-53,-22,-52,-19,-52,-14,-55,-15,-61,-9,-60,-11,-58,-8,-63,-5,-62,-7,-70,2,-71,1,-73,5,-75,5,-75,14,-76,8,-75,12,-74,14,-75,19,-69,16,-77,22,-70,25,-68,24,-66,33,-61,32,-63,37,-58,39,-56,39,-53,51,-53,46,-47,51,-48,59,-44,59,-41,57,-42,69,-31,64,-32,62,-31,65,-33,70,-31,73,-28,73,-27,72,-27,69,-28,79,-24,76,-24,65,0,0]"
CSI_DATA,151,1a:00:00:00:00:00,-52,11,1,0,1,1,1,0,0,0,1,-96,0,11,2,2274407,0,44,0,384,0,"[0,0,0,0,0,0,0,0,0,0,0,0,-4,7,-4,7,-3,6,-3,5,-2,4,-2,4,-2,3,-1,3,-1,2,-1,1,-1,1,0,0,0,-1,1,-1,1,-2,1,-2,1,-3,1,-3,1,-4,1,-4,1,-5,2,-5,2,-5,2,-6,2,-7,2,-7,0,0,2,-7,3,-8,3,-8,3,-7,3,-7,3,-7,3,-7,3,-7,3,-7,4,-6,4,-6,3,-5,3,-5,3,-5,3,-4,3,-4,2,-4,2,-3,2,-3,1,-3,1,-2,1,-2,1,-2,0,-2,0,-2,0,-1,0,0,0,0,0,0,0,0,0,0,0,0,0,0,36,53,35,47,36,44,28,38,25,38,22,32,26,26,23,28,21,21,18,17,10,13,9,11,11,5,8,4,3,0,2,5,4,-6,2,-8,-3,-6,-3,-12,-8,-10,-10,-11,-9,-12,-14,-16,-10,-21,-16,-22,-18,-22,-23,-24,-21,-25,-23,-27,-23,-26,-23,-29,-21,-36,-22,-34,-23,-32,-19,-35,-17,-37,-17,-37,-17,-36,-13,-31,-17,-37,-13,-32,-7,-31,-9,-28,-5,-29,-9,-24,-5,-23,-6,-21,-5,-15,-5,-17,-6,-11,-3,-16,-3,-12,-5,-9,-2,-10,-5,-5,-3,-4,0,0,0,0,0,0,0,0,0,0,0,0,0,0,0,0,0,0,0,0,0,0,-41,-42,-35,-41,-37,-43,-36,-41,-35,-43,-33,-43,-37,-44,-33,-36,-36,-40,-40,-35,-37,-38,-44,-28,-48,-31,-42,-33,-44,-32,-49,-29,-51,-24,-54,-30,-57,-25,-58,-24,-59,-25,-67,-21,-66,-17,-69,-19,-68,-21,-72,-13,-73,-17,-72,-11,-75,-17,-75,-6,-74,-10,-76,0,-75,-8,-74,1,-74,2,-72,7,-70,10,-68,14,-68,16,-70,23,-64,21,-69,32,-68,29,-67,37,-60,35,-58,46,-60,45,-58,48,-61,47,-65,49,-65,50,-53,53,-64,51,-60,51,-62,55,-60,49,-56,49,0,0]"
CSI_DATA,152,1a:00:00:00:00:00,-52,11,1,0,1,1,1,0,0,0,1,-96,0,11,2,2284428,0,44,0,384,0,"[0,0,0,0,0,0,0,0,0,0,0,0,-9,0,-8,1,-7,1,-7,0,-6,0,-5,0,-4,1,-3,1,-3,0,-2,0,-1,0,0,0,0,0,1,0,1,0,2,0,3,-1,3,-1,3,-1,4,-2,4,-2,5,-2,5,-2,6,-2,6,-2,7,-3,0,0,7,-3,8,-3,8,-3,8,-3,8,-2,8,-2,8,-2,7,-2,8,-2,7,-1,7,-1,6,0,6,0,5,-1,5,-1,5,-1,4,0,4,-1,4,-1,3,-1,3,-1,2,-1,2,-1,2,-1,1,-1,1,-1,0,0,0,0,0,0,0,0,0,0,0,0,0,0,-12,61,-11,56,-11,56,-11,56,-9,48,-9,44,-6,34,-7,34,-2,26,-8,30,0,23,1,17,1,12,-3,5,2,4,5,-1,3,-8,4,-7,4,-12,3,-10,2,-17,4,-13,4,-18,0,-24,-2,-26,4,-29,-1,-29,-3,-36,0,-38,0,-41,5,-35,1,-41,3,-40,4,-45,2,-39,8,-46,6,-40,6,-43,10,-42,7,-39,10,-41,10,-34,7,-35,10,-31,9,-31,11,-30,10,-26,4,-27,6,-24,3,-20,5,-18,3,-17,2,-12,4,-14,3,-7,2,-9,0,-8,0,0,0,0,0,0,0,0,0,0,0,0,0,0,0,0,0,0,0,0,0,0,37,-49,42,-45,38,-43,46,-43,38,-40,38,-43,35,-41,41,-44,33,-45,31,-46,31,-49,33,-45,27,-50,27,-50,26,-54,20,-51,14,-58,15,-56,12,-61,10,-62,7,-66,4,-68,4,-70,0,-70,-3,-74,-6,-71,-7,-67,-8,-69,-10,-68,-20,-75,-15,-66,-26,-75,-31,-72,-30,-67,-29,-64,-38,-59,-39,-57,-45,-57,-43,-55,-48,-51,-49,-47,-57,-45,-62,-44,-64,-40,-65,-32,-69,-40,-68,-33,-70,-26,-72,-29,-75,-28,-79,-26,-77,-22,-83,-24,-74,-23,-80,-17,-73,-18,-75,-20,0,0]"
CSI_DATA,153,1a:00:00:00:00:00,-50,11,1,0,1,1,1,0,0,0,1,-96,0,11,2,2304425,0,44,0,384,0,"[0,0,0,0,0,0,0,0,0,0,0,0,-2,-8,-2,-7,-3,-6,-2,-5,-2,-4,-1,-4,-1,-3,-1,-2,-1,-2,-1,-1,0,0,0,0,1,1,1,1,1,2,2,2,2,2,3,3,3,3,4,3,4,3,5,4,5,4,6,4,6,5,7,5,0,0,7,5,8,6,8,6,8,6,8,6,8,6,8,6,8,6,7,6,7,6,6,6,6,6,5,5,5,5,5,5,4,5,4,4,4,4,3,3,3,3,3,3,3,2,2,2,2,2,1,2,1,1,0,0,0,0,0,0,0,0,0,0,0,0,0,0,-63,-10,-55,-10,-52,-6,-47,-4,-40,1,-34,-2,-31,-1,-29,-2,-23,-1,-16,-1,-15,-4,-10,1,-8,1,-3,-2,1,-6,4,1,6,-6,13,-6,12,-4,14,-4,19,-11,23,-8,22,-12,25,-15,28,-16,32,-13,35,-16,35,-21,39,-19,39,-30,42,-24,45,-24,44,-22,47,-26,49,-34,47,-23,50,-26,50,-25,49,-23,45,-22,45,-21,43,-22,39,-18,42,-12,40,-15,33,-13,33,-16,32,-9,28,-10,24,-11,21,-9,23,-7,17,-5,15,-2,16,-5,11,-6,12,0,0,0,0,0,0,0,0,0,0,0,0,0,0,0,0,0,0,0,0,0,0,0,29,58,24,58,21,59,23,60,23,59,19,54,21,53,24,51,25,53,26,51,27,50,34,43,36,45,35,43,32,37,38,40,44,31,46,31,46,26,53,27,55,22,56,18,56,16,61,14,63,12,59,5,62,2,64,-1,62,3,62,-5,62,-8,66,-13,65,-18,62,-23,64,-21,61,-28,51,-29,55,-39,52,-37,47,-44,48,-48,40,-52,37,-50,34,-59,30,-59,33,-56,23,-62,21,-65,20,-66,13,-73,19,-74,13,-74,17,-73,10,-73,11,-75,9,-75,7,-78,0,0]"
CSI_DATA,154,1a:00:00:00:00:00,-49,11,1,0,1,1,1,0,0,0,1,-96,0,11,2,2314393,0,44,0,384,0,"[0,0,0,0,0,0,0,0,0,0,0,0,2,-8,1,-7,0,-7,0,-6,0,-5,0,-4,-1,-4,-1,-3,-1,-2,-1,-1,-1,-1,-1,0,-1,1,-1,2,-1,2,0,3,0,3,0,4,0,5,1,5,1,6,2,6,1,6,2,8,2,8,2,8,0,0,3,9,3,10,3,10,3,10,2,10,3,10,3,10,2,10,2,10,1,10,1,10,1,9,1,9,1,8,1,8,0,7,1,7,0,6,0,5,0,5,0,5,0,4,0,4,0,3,-1,3,-1,2,0,0,0,0,0,0,0,0,0,0,0,0,0,0,-54,-33,-46,-34,-48,-27,-37,-22,-35,-19,-33,-18,-30,-13,-30,-14,-21,-12,-21,-12,-15,-4,-11,-4,-2,-3,-3,-1,-2,-2,4,2,5,2,8,4,13,3,15,4,22,4,20,4,28,3,30,3,37,0,38,2,40,1,45,0,44,3,51,-2,51,0,56,0,53,0,57,-1,56,2,60,6,57,2,57,6,55,3,53,4,50,7,49,11,45,9,47,12,45,7,39,5,39,5,38,11,31,2,29,6,28,7,25,5,20,5,20,5,21,3,12,7,10,3,0,0,0,0,0,0,0,0,0,0,0,0,0,0,0,0,0,0,0,0,0,0,-6,62,-10,61,-14,58,-11,60,-13,59,-10,51,-6,51,-7,54,-4,53,-5,54,-6,50,1,52,5,52,2,50,10,45,13,45,21,51,21,43,23,41,29,42,34,44,41,42,41,41,46,40,47,36,56,33,51,34,55,34,56,31,60,26,57,21,65,17,66,17,61,10,69,7,63,2,61,-1,66,-9,64,-7,60,-13,67,-18,58,-26,63,-28,54,-31,59,-38,62,-45,51,-50,52,-52,47,-49,48,-52,47,-55,45,-59,52,-61,41,-64,45,-67,39,-69,40,-61,0,0]"
CSI_DATA,155,1a:00:00:00:00:00,-49,11,1,0,1,1,1,0,0,0,1,-96,0,11,2,2324392,0,44,0,384,0,"[0,0,0,0,0,0,0,0,0,0,0,0,7,-6,6,-6,5,-5,4,-5,4,-5,3,-4,2,-4,1,-3,0,-3,0,-2,-1,-2,-2,-2,-2,-1,-3,0,-3,0,-4,1,-4,1,-5,1,-5,2,-5,3,-6,3,-6,4,-7,4,-7,5,-7,6,-8,6,0,0,-9,7,-9,7,-9,7,-10,7,-9,7,-10,7,-10,7,-10,7,-10,6,-10,6,-10,5,-10,5,-9,4,-9,4,-9,4,-8,3,-8,3,-7,3,-7,2,-6,2,-6,2,-6,1,-5,1,-5,1,-4,0,-4,0,0,0,0,0,0,0,0,0,0,0,0,0,0,0,-17,-64,-12,-65,-23,-57,-18,-51,-12,-46,-9,-43,-19,-35,-13,-34,-12,-25,-13,-24,-12,-16,-15,-11,-11,-7,-7,-4,-6,-4,-9,3,-9,7,-4,10,-7,15,-4,17,6,25,0,23,2,25,8,27,8,33,7,34,13,34,14,43,14,45,20,44,11,46,19,50,15,49,17,56,18,57,13,56,16,55,18,58,10,57,9,56,6,52,3,54,5,51,9,48,3,46,1,44,2,42,1,35,-1,36,-4,33,-3,27,-7,25,1,25,-6,22,-4,20,-7,18,-6,16,0,0,0,0,0,0,0,0,0,0,0,0,0,0,0,0,0,0,0,0,0,0,-34,52,-31,44,-31,47,-31,47,-36,44,-30,45,-29,39,-24,39,-24,43,-21,43,-23,40,-19,44,-13,44,-13,42,-12,44,-8,44,-3,49,2,47,9,45,11,50,13,49,19,56,19,50,22,56,22,57,31,49,27,55,37,52,36,53,43,56,40,47,46,52,47,51,50,46,49,46,57,37,53,35,54,39,59,29,61,27,62,21,66,17,71,12,69,11,65,6,64,-4,71,-5,73,-5,76,-11,76,-12,76,-9,81,-18,80,-15,72,-20,85,-19,76,-23,78,-22,0,0]"
CSI_DATA,156,1a:00:00:00:00:00,-48,11,1,0,1,1,1,0,0,0,1,-96,0,11,2,2334420,0,44,0,384,0,"[0,0,0,0,0,0,0,0,0,0,0,0,7,6,6,5,6,4,6,4,5,3,4,2,4,1,3,1,3,0,2,-1,2,-1,1,-2,1,-3,1,-3,0,-4,-1,-4,-1,-5,-2,-5,-2,-5,-2,-6,-3,-6,-3,-7,-4,-7,-5,-7,-5,-8,-6,-8,0,0,-6,-9,-6,-10,-6,-10,-6,-10,-6,-10,-5,-11,-6,-11,-5,-11,-5,-11,-5,-11,-4,-11,-4,-10,-3,-10,-3,-10,-2,-9,-2,-9,-2,-9,-2,-8,-1,-7,-1,-7,-1,-6,-1,-6,0,-6,0,-5,0,-5,0,-4,0,0,0,0,0,0,0,0,0,0,0,0,0,0,70,-19,62,-12,64,-19,53,-21,51,-23,47,-20,36,-19,41,-21,32,-14,25,-18,16,-16,17,-17,11,-19,9,-12,4,-14,-3,-17,-7,-14,-11,-14,-17,-13,-16,-13,-21,-11,-26,-9,-27,-3,-32,0,-31,-5,-37,0,-38,0,-46,-1,-45,2,-52,2,-53,0,-58,5,-44,2,-60,3,-57,3,-62,-2,-58,-1,-57,-1,-56,-6,-58,-8,-55,-4,-60,-11,-54,-10,-54,-10,-47,-17,-46,-11,-41,-10,-39,-12,-37,-16,-36,-12,-32,-12,-31,-13,-25,-13,-21,-14,-19,-14,-18,-11,-14,-13,0,0,0,0,0,0,0,0,0,0,0,0,0,0,0,0,0,0,0,0,0,0,-46,-22,-49,-23,-46,-23,-46,-26,-39,-20,-42,-23,-40,-20,-41,-17,-42,-16,-37,-14,-39,-16,-40,-11,-35,-6,-41,-3,-37,-4,-33,1,-42,11,-39,8,-35,12,-44,20,-41,24,-42,27,-41,28,-46,29,-46,33,-44,45,-48,37,-45,46,-45,39,-49,53,-40,48,-44,58,-37,54,-33,55,-34,58,-32,61,-27,58,-26,65,-22,59,-18,67,-13,68,-9,69,-9,74,-5,71,3,73,7,83,7,79,14,75,11,77,16,73,11,79,25,80,21,87,22,76,26,87,29,83,23,79,0,0]"
CSI_DATA,157,1a:00:00:00:00:00,-48,11,1,0,1,1,1,0,0,0,1,-96,0,11,2,2344447,0,44,0,384,0,"[0,0,0,0,0,0,0,0,0,0,0,0,-4,9,-3,9,-2,8,-2,7,-2,7,-2,6,-1,5,0,5,0,4,1,3,1,3,2,2,2,1,3,0,3,0,4,0,4,-1,4,-2,4,-2,4,-3,5,-4,5,-5,5,-4,6,-6,6,-6,6,-6,0,0,7,-7,8,-7,8,-8,8,-8,8,-7,9,-7,9,-7,9,-7,9,-7,10,-6,9,-6,9,-5,9,-5,9,-4,9,-4,8,-3,8,-3,7,-3,7,-2,6,-2,6,-1,5,-1,5,-1,4,0,4,0,3,0,0,0,0,0,0,0,0,0,0,0,0,0,0,0,55,53,52,52,55,43,45,38,45,34,39,32,44,24,34,22,37,14,33,15,28,8,23,9,24,1,22,-1,20,-2,17,-8,15,-11,10,-17,12,-16,8,-20,2,-27,2,-26,0,-30,-7,-28,-3,-31,-6,-32,-10,-39,-14,-44,-12,-42,-21,-47,-17,-44,-21,-50,-18,-51,-25,-56,-23,-58,-15,-58,-15,-61,-17,-59,-12,-57,-8,-59,-9,-61,-9,-58,-5,-58,-3,-56,-1,-49,3,-49,1,-45,5,-47,4,-34,5,-36,3,-37,6,-30,5,-34,10,-24,10,-25,8,-22,12,-16,0,0,0,0,0,0,0,0,0,0,0,0,0,0,0,0,0,0,0,0,0,0,-21,-45,-14,-45,-13,-46,-10,-48,-9,-40,-6,-41,-9,-39,-8,-35,-12,-35,-12,-30,-10,-34,-16,-29,-18,-26,-20,-22,-21,-21,-26,-18,-25,-18,-27,-16,-32,-13,-37,-10,-40,-11,-49,-8,-44,-7,-52,-4,-50,-5,-55,1,-62,-5,-62,0,-63,0,-64,3,-62,5,-62,9,-71,9,-67,8,-71,9,-62,15,-62,18,-65,23,-61,24,-66,28,-64,28,-61,42,-60,40,-60,47,-59,46,-51,47,-58,53,-53,56,-55,60,-59,60,-56,65,-55,72,-61,63,-55,66,-59,71,-58,70,-52,67,0,0]"
CSI_DATA,158,1a:00:00:00:00:00,-49,11,1,0,1,1,1,0,0,0,1,-96,0,11,2,2354950,0,44,0,384,0,"[0,0,0,0,0,0,0,0,0,0,0,0,-8,-7,-8,-6,-8,-6,-8,-5,-7,-4,-6,-4,-6,-3,-5,-2,-5,-2,-5,0,-4,0,-3,1,-4,1,-3,2,-3,2,-2,3,-1,3,-1,4,-1,4,0,4,0,5,0,5,2,5,2,6,2,7,3,8,0,0,3,8,3,9,3,10,3,9,2,9,2,10,3,10,2,10,2,10,1,10,1,10,0,10,0,9,-1,9,0,8,-1,8,-1,7,-1,7,-2,7,-2,6,-2,5,-2,5,-2,5,-3,4,-2,3,-2,3,0,0,0,0,0,0,0,0,0,0,0,0,0,0,-49,-65,-40,-62,-49,-55,-40,-51,-41,-50,-34,-44,-38,-37,-34,-35,-31,-27,-27,-25,-31,-20,-26,-16,-24,-9,-24,-9,-17,-1,-17,3,-19,11,-12,10,-15,11,-11,16,-7,17,-11,17,4,25,-4,26,-1,30,0,35,5,33,10,41,3,44,12,47,9,44,13,55,9,55,11,57,13,53,12,61,6,59,4,58,3,60,0,61,0,54,-2,58,-6,56,-10,56,-8,53,-10,50,-12,45,-12,47,-10,39,-13,37,-14,36,-16,32,-13,31,-16,29,-16,22,-14,20,-15,14,0,0,0,0,0,0,0,0,0,0,0,0,0,0,0,0,0,0,0,0,0,0,0,52,-6,48,-8,46,-10,47,-10,40,-12,38,-11,36,-8,36,-8,35,1,31,-5,32,0,31,3,27,5,24,10,23,12,22,18,18,18,18,18,15,21,17,35,15,36,15,36,10,44,9,45,8,49,7,49,11,51,9,57,9,58,5,56,8,61,6,65,4,62,0,64,-1,67,-4,62,-6,64,-11,66,-10,68,-20,71,-21,65,-29,65,-29,71,-36,66,-34,63,-40,67,-40,71,-45,74,-47,69,-56,71,-56,72,-59,71,-55,71,-52,78,-60,71,-61,70,-59,0,0]"
CSI_DATA,159,1a:00:00:00:00:00,-50,11,1,0,1,1,1,0,0,0,1,-96,0,11,2,2364457,0,44,0,384,0,"[0,0,0,0,0,0,0,0,0,0,0,0,-8,-8,-8,-7,-8,-6,-8,-6,-7,-5,-6,-4,-5,-3,-5,-2,-4,-2,-4,-1,-4,0,-3,0,-3,0,-2,1,-2,1,-1,2,1,2,1,2,1,3,1,3,2,3,3,4,3,4,4,4,4,5,6,5,0,0,7,6,6,7,7,7,7,7,7,7,7,7,7,7,7,8,7,8,6,8,6,9,5,8,5,9,4,8,3,7,4,8,3,7,3,6,2,6,2,5,1,6,1,5,1,5,0,4,-1,4,-1,3,0,0,0,0,0,0,0,0,0,0,0,0,0,0,-75,29,-70,27,-62,31,-58,29,-54,35,-50,27,-45,27,-36,27,-33,24,-31,20,-25,26,-16,21,-16,25,-13,20,-6,18,-3,11,-2,13,4,11,9,9,11,7,16,7,18,6,19,0,24,-6,25,-8,23,-9,30,-11,33,-17,38,-14,39,-17,43,-16,47,-17,46,-17,52,-22,54,-21,60,-23,55,-16,52,-20,53,-16,58,-15,58,-12,58,-11,51,-4,54,-7,52,-3,49,-5,45,-4,45,-4,41,2,40,1,39,2,30,2,28,7,26,4,24,4,21,6,18,6,0,0,0,0,0,0,0,0,0,0,0,0,0,0,0,0,0,0,0,0,0,0,41,24,41,29,38,31,39,33,36,33,29,31,30,23,29,26,31,22,31,20,29,19,24,14,30,10,29,13,24,5,25,3,28,-4,26,-7,21,-9,22,-19,23,-20,29,-26,31,-29,29,-34,32,-38,29,-43,32,-37,30,-49,30,-46,26,-49,28,-51,22,-58,23,-56,23,-61,23,-59,19,-65,12,-65,8,-69,6,-69,-3,-74,-1,-69,-13,-72,-12,-74,-20,-75,-21,-70,-23,-69,-26,-73,-27,-79,-29,-79,-34,-85,-32,-86,-40,-87,-42,-92,-40,-84,-47,-89,-42,-80,-37,-85,0,0]"
CSI_DATA,160,1a:00:00:00:00:00,-51,11,1,0,1,1,1,0,0,0,1,-96,0,11,2,2384426,0,44,0,384,0,"[0,0,0,0,0,0,0,0,0,0,0,0,3,-12,3,-12,1,-10,2,-10,1,-9,1,-9,0,-8,0,-7,0,-6,-1,-5,-1,-5,-2,-4,-2,-3,-2,-3,-2,-2,-2,-2,-2,-1,-2,0,-2,1,-2,1,-2,2,-2,3,-2,3,-2,4,-2,5,-2,5,0,0,-2,6,-3,7,-3,8,-2,8,-3,8,-3,7,-4,9,-4,9,-3,8,-4,8,-4,8,-5,7,-5,7,-5,7,-5,6,-5,6,-5,5,-5,5,-5,4,-5,4,-5,3,-4,2,-5,2,-4,2,-5,1,-4,1,0,0,0,0,0,0,0,0,0,0,0,0,0,0,-28,-36,-24,-33,-27,-30,-22,-29,-22,-27,-20,-26,-20,-21,-23,-22,-19,-16,-15,-17,-17,-16,-12,-10,-13,-10,-14,-9,-14,-5,-10,-4,-9,0,-8,-2,-8,-1,-5,1,-3,3,-1,2,-3,7,2,6,0,5,3,10,3,8,7,11,7,10,11,11,10,14,11,13,11,15,12,18,14,20,12,21,11,21,11,21,12,20,8,21,9,21,10,23,9,21,8,23,5,22,6,19,5,18,3,22,3,15,1,15,-2,14,1,12,-1,15,-2,14,-1,12,-1,10,-5,8,0,0,0,0,0,0,0,0,0,0,0,0,0,0,0,0,0,0,0,0,0,0,-4,21,-6,22,-6,21,-6,21,-5,19,-5,18,-5,16,-3,18,-3,18,-2,14,0,14,2,16,4,14,6,12,4,13,9,11,11,13,12,14,15,11,16,13,17,13,20,13,22,12,24,12,25,11,30,10,30,10,29,9,32,10,32,8,32,8,34,6,33,8,36,6,35,3,37,1,35,-1,34,-5,37,-4,39,-9,37,-11,37,-14,35,-12,38,-17,35,-18,35,-22,38,-21,38,-23,39,-26,40,-27,36,-28,36,-29,41,-29,39,-30,40,-35,38,-31,39,-33,0,0]"
CSI_DATA,161,1a:00:00:00:00:00,-50,11,1,0,1,1,1,0,0,0,1,-96,0,11,2,2394403,0,44,0,384,0,"[0,0,0,0,0,0,0,0,0,0,0,0,9,-9,8,-8,7,-8,7,-8,6,-7,6,-7,5,-7,4,-6,4,-6,3,-5,2,-6,1,-5,1,-5,0,-4,0,-4,-1,-4,-1,-4,-1,-3,-2,-2,-3,-2,-3,-2,-4,-1,-4,-2,-5,-1,-5,-1,-6,-1,0,0,-7,0,-7,0,-8,0,-8,0,-8,0,-9,-1,-9,-1,-9,-1,-9,-1,-9,-2,-9,-2,-8,-3,-8,-3,-8,-3,-7,-4,-7,-4,-7,-4,-6,-4,-6,-4,-5,-4,-5,-4,-4,-4,-4,-4,-3,-4,-3,-5,-2,-4,0,0,0,0,0,0,0,0,0,0,0,0,0,0,-31,-78,-29,-78,-33,-71,-28,-65,-25,-66,-23,-57,-26,-57,-28,-53,-23,-42,-23,-43,-29,-41,-20,-36,-23,-33,-22,-25,-17,-26,-17,-18,-20,-16,-20,-13,-18,-8,-19,-7,-20,-5,-14,-2,-13,0,-14,8,-13,10,-16,19,-14,15,-13,19,-17,23,-10,22,-10,23,-13,32,-15,28,-18,32,-17,35,-20,34,-23,37,-21,36,-23,39,-27,35,-24,31,-30,37,-28,31,-32,31,-30,25,-33,21,-30,19,-28,20,-29,17,-29,15,-29,8,-28,10,-27,7,-24,6,-23,2,-20,-2,-21,-5,0,0,0,0,0,0,0,0,0,0,0,0,0,0,0,0,0,0,0,0,0,0,15,32,16,32,16,30,12,32,14,28,11,27,14,27,15,24,22,23,20,22,20,22,19,21,27,16,24,20,28,20,29,18,37,14,37,13,43,11,48,9,47,12,53,12,51,10,59,12,58,8,58,5,56,10,62,10,68,12,69,9,64,8,72,7,71,6,69,1,73,7,74,0,67,-4,71,-8,71,-11,76,-14,75,-16,76,-23,72,-20,78,-29,77,-27,75,-30,75,-30,79,-36,75,-42,80,-41,80,-41,80,-42,84,-43,80,-41,90,-47,87,-48,85,-48,0,0]"
CSI_DATA,162,1a:00:00:00:00:00,-49,11,1,0,1,1,1,0,0,0,1,-96,0,11,2,2404388,0,44,0,384,0,"[0,0,0,0,0,0,0,0,0,0,0,0,11,-4,11,-4,9,-4,9,-3,8,-3,8,-4,7,-4,6,-4,6,-4,5,-3,4,-4,3,-4,3,-4,2,-4,2,-4,1,-4,1,-4,0,-4,0,-3,-1,-3,-1,-3,-2,-3,-2,-4,-3,-3,-4,-4,-4,-4,0,0,-5,-4,-5,-4,-6,-5,-6,-5,-6,-5,-6,-6,-6,-6,-5,-6,-6,-6,-6,-6,-5,-7,-5,-7,-4,-7,-4,-7,-3,-7,-3,-7,-3,-7,-2,-6,-2,-6,-2,-6,-1,-6,0,-6,0,-5,0,-5,0,-5,1,-4,0,0,0,0,0,0,0,0,0,0,0,0,0,0,25,-80,22,-76,16,-74,18,-65,19,-66,11,-60,11,-57,14,-53,11,-48,7,-46,7,-39,3,-40,5,-41,-1,-31,-1,-35,-3,-30,-9,-26,-8,-22,-8,-20,-10,-18,-17,-16,-12,-18,-14,-10,-14,-6,-17,-5,-17,-3,-18,-4,-22,1,-24,1,-27,4,-26,5,-30,6,-30,11,-35,10,-32,8,-37,3,-35,5,-39,4,-38,3,-36,0,-39,-2,-38,-6,-37,-4,-37,-6,-37,-6,-36,-11,-36,-10,-36,-13,-27,-13,-26,-14,-26,-12,-22,-17,-22,-15,-16,-18,-14,-21,-15,-19,-8,-17,0,0,0,0,0,0,0,0,0,0,0,0,0,0,0,0,0,0,0,0,0,0,11,36,5,34,4,30,6,33,7,32,7,31,7,28,7,28,10,35,7,30,11,33,15,30,17,30,22,29,22,30,21,33,29,27,26,33,34,31,35,34,34,31,45,41,42,36,44,37,43,43,48,39,48,42,48,45,47,41,55,43,51,41,57,44,55,38,57,41,60,39,59,34,57,36,62,34,59,30,67,30,66,30,70,23,68,23,74,20,73,17,77,13,77,14,77,12,85,9,84,14,85,15,90,10,90,17,85,10,94,15,90,11,85,16,0,0]"
CSI_DATA,163,1a:00:00:00:00:00,-49,11,1,0,1,1,1,0,0,0,1,-96,0,11,2,2414404,0,44,0,384,0,"[0,0,0,0,0,0,0,0,0,0,0,0,5,9,5,8,6,8,5,8,5,7,4,6,5,6,4,5,4,5,4,4,4,4,4,3,4,2,3,2,3,1,3,1,3,0,2,0,3,-1,2,-1,2,-1,2,-2,2,-2,2,-3,2,-3,2,-4,0,0,1,-5,2,-5,2,-6,2,-6,3,-6,3,-6,3,-6,3,-6,3,-6,4,-6,4,-6,5,-5,5,-5,5,-4,5,-4,5,-4,5,-3,4,-3,4,-3,4,-2,4,-2,4,-1,4,-1,4,0,3,0,3,1,0,0,0,0,0,0,0,0,0,0,0,0,0,0,75,-16,71,-16,68,-15,63,-19,64,-22,55,-17,54,-15,51,-16,46,-15,42,-16,39,-22,36,-18,33,-19,31,-14,25,-15,23,-18,25,-16,21,-17,14,-16,9,-16,10,-21,9,-20,5,-15,0,-14,-1,-15,-1,-15,-7,-20,-10,-17,-12,-15,-15,-15,-19,-19,-17,-19,-17,-19,-21,-22,-19,-25,-20,-22,-25,-28,-22,-28,-20,-29,-20,-30,-21,-30,-14,-35,-15,-34,-12,-31,-13,-31,-13,-34,-6,-32,-6,-33,-2,-31,-4,-25,-1,-27,-3,-27,3,-24,5,-21,9,-19,8,-17,11,-15,0,0,0,0,0,0,0,0,0,0,0,0,0,0,0,0,0,0,0,0,0,0,-26,24,-27,21,-27,25,-27,24,-27,22,-27,21,-28,22,-23,26,-24,28,-24,30,-27,30,-24,31,-20,37,-22,36,-17,34,-17,37,-15,48,-17,40,-18,43,-16,47,-15,48,-16,56,-16,59,-18,61,-24,63,-14,65,-20,62,-20,67,-21,67,-15,71,-13,67,-17,72,-7,73,-8,68,-9,72,-5,68,-9,69,-6,71,0,72,3,73,7,70,11,75,11,72,18,77,18,71,21,71,25,76,29,76,30,75,25,79,28,79,28,84,31,87,25,81,25,90,27,84,24,85,0,0]"
CSI_DATA,164,1a:00:00:00:00:00,-50,11,1,0,1,1,1,0,0,0,1,-96,0,11,2,2424490,0,44,0,384,0,"[0,0,0,0,0,0,0,0,0,0,0,0,-5,10,-5,10,-4,9,-4,8,-4,8,-4,8,-3,7,-3,6,-3,6,-2,5,-2,5,-1,4,-1,4,-1,3,0,4,0,3,0,3,0,2,1,2,1,1,1,1,2,1,2,1,3,0,3,0,3,0,0,0,4,0,4,0,5,0,4,0,5,0,5,1,5,1,5,1,5,1,4,2,5,2,5,2,4,2,4,3,3,3,3,3,3,3,3,3,2,3,2,3,1,3,1,3,1,3,0,3,0,2,-1,3,0,0,0,0,0,0,0,0,0,0,0,0,0,0,-37,66,-37,62,-32,67,-36,55,-27,56,-25,55,-23,47,-21,45,-20,43,-18,41,-17,39,-11,37,-10,39,-10,25,-8,29,-7,29,-2,26,1,22,-4,20,1,19,6,21,4,17,8,9,10,10,11,11,9,8,14,7,17,6,14,0,17,4,17,4,27,5,24,-3,34,-2,28,4,30,0,34,0,32,1,36,6,26,7,29,8,34,10,31,17,29,15,26,16,25,13,23,21,22,17,18,17,19,17,15,22,12,18,11,19,8,18,3,17,4,20,0,17,0,0,0,0,0,0,0,0,0,0,0,0,0,0,0,0,0,0,0,0,0,0,-12,-37,-12,-38,-7,-38,-11,-37,-10,-40,-8,-39,-5,-36,-13,-37,-11,-40,-14,-32,-15,-39,-13,-38,-24,-37,-21,-34,-21,-39,-22,-37,-31,-42,-23,-41,-33,-45,-33,-42,-37,-44,-38,-49,-39,-47,-42,-43,-41,-52,-47,-52,-41,-52,-45,-55,-40,-50,-52,-54,-46,-45,-52,-56,-51,-53,-52,-50,-52,-47,-60,-47,-51,-43,-60,-46,-58,-37,-62,-43,-64,-40,-65,-34,-73,-38,-66,-31,-70,-35,-75,-25,-78,-29,-75,-30,-81,-30,-76,-28,-82,-30,-84,-31,-85,-33,-79,-28,-85,-33,-81,-34,-80,-34,0,0]"
CSI_DATA,165,1a:00:00:00:00:00,-50,11,1,0,1,1,1,0,0,0,1,-96,0,11,2,2454457,0,44,0,384,0,"[0,0,0,0,0,0,0,0,0,0,0,0,-8,-9,-8,-8,-8,-7,-8,-7,-7,-6,-6,-5,-6,-4,-5,-3,-5,-4,-5,-3,-4,-2,-4,-2,-4,-1,-4,-1,-3,-1,-3,1,-3,1,-2,1,-2,1,-2,2,-2,1,-1,2,-1,3,-1,3,-1,3,0,4,0,0,0,5,0,5,0,5,0,5,0,6,-1,6,-1,5,-1,6,-1,6,-1,6,-1,6,-2,6,-2,5,-3,5,-3,5,-3,5,-3,5,-3,4,-3,4,-3,3,-4,3,-4,3,-4,2,-4,2,-4,1,-4,1,0,0,0,0,0,0,0,0,0,0,0,0,0,0,-45,-64,-44,-64,-47,-54,-40,-47,-36,-48,-34,-42,-36,-43,-35,-40,-34,-30,-26,-28,-28,-23,-21,-17,-25,-18,-22,-19,-20,-12,-20,-7,-20,-7,-19,-4,-18,-4,-17,2,-17,6,-8,7,-13,7,-10,10,-10,12,-9,12,-8,17,-3,23,-3,22,1,24,-1,25,-3,25,-2,23,-2,33,-4,29,-10,34,-5,30,-6,36,-11,36,-8,33,-10,33,-11,34,-15,34,-20,32,-17,25,-21,26,-19,25,-19,27,-22,20,-20,19,-24,17,-23,18,-21,12,-21,13,-23,9,-23,5,-26,2,0,0,0,0,0,0,0,0,0,0,0,0,0,0,0,0,0,0,0,0,0,0,26,30,27,28,24,29,26,31,23,27,27,31,30,24,30,22,33,22,32,23,30,23,36,20,39,24,40,16,41,17,43,17,50,13,48,14,51,8,57,8,57,5,66,9,61,7,67,6,69,2,69,-3,70,2,74,1,71,2,73,-3,70,-4,80,-5,72,-11,75,-13,73,-14,70,-15,68,-16,72,-23,75,-24,76,-37,72,-33,68,-38,69,-40,70,-43,68,-43,63,-54,63,-54,62,-54,65,-61,65,-61,71,-61,65,-62,70,-64,69,-60,74,-68,72,-65,72,-61,0,0]"
CSI_DATA,166,1a:00:00:00:00:00,-50,11,1,0,1,1,1,0,0,0,1,-96,0,11,2,2484698,0,44,0,384,0,"[0,0,0,0,0,0,0,0,0,0,0,0,-6,-10,-6,-9,-6,-8,-6,-8,-6,-7,-5,-6,-5,-5,-4,-4,-4,-4,-4,-4,-4,-3,-4,-2,-4,-2,-4,-1,-3,-1,-4,0,-3,0,-3,1,-3,1,-3,1,-3,2,-3,2,-3,3,-3,3,-3,3,-3,4,0,0,-3,5,-3,5,-3,5,-3,5,-3,5,-4,5,-4,5,-4,5,-4,5,-4,5,-5,5,-6,4,-5,3,-5,3,-5,3,-5,3,-5,2,-5,2,-5,2,-5,1,-5,1,-5,1,-5,0,-4,-1,-4,-1,-4,-2,0,0,0,0,0,0,0,0,0,0,0,0,0,0,-58,-58,-56,-55,-53,-49,-44,-45,-48,-46,-36,-44,-43,-41,-43,-29,-32,-29,-31,-25,-28,-19,-30,-16,-30,-15,-27,-14,-22,-8,-16,-4,-20,-5,-25,-1,-14,2,-15,4,-17,11,-16,9,-12,11,-14,14,-9,13,-12,21,-3,19,-8,25,-10,25,-6,27,-7,29,-7,31,-10,35,-6,32,-6,36,-11,34,-12,35,-8,36,-16,35,-12,35,-14,33,-19,35,-22,34,-20,33,-24,29,-21,29,-19,23,-22,22,-21,20,-24,20,-23,19,-26,13,-24,18,-22,10,-26,7,-20,0,-26,0,0,0,0,0,0,0,0,0,0,0,0,0,0,0,0,0,0,0,0,0,0,0,37,19,32,17,36,19,35,22,29,17,27,18,34,19,28,17,33,17,34,13,37,12,37,8,39,9,39,3,40,8,43,5,44,-1,48,-1,48,-7,53,-5,56,-9,60,-8,62,-10,65,-14,63,-11,65,-15,65,-11,68,-19,68,-15,74,-24,63,-22,72,-25,70,-25,66,-24,67,-32,68,-35,67,-36,64,-37,67,-36,69,-44,63,-48,63,-52,59,-50,57,-61,52,-56,51,-59,51,-63,59,-70,57,-71,60,-73,61,-74,57,-78,63,-75,55,-69,61,-75,57,-81,63,-73,0,0]"
CSI_DATA,167,1a:00:00:00:00:00,-49,11,1,0,1,1,1,0,0,0,1,-96,0,11,2,2494480,0,44,0,384,0,"[0,0,0,0,0,0,0,0,0,0,0,0,2,10,2,8,3,8,3,8,2,7,2,6,3,5,2,4,2,4,2,3,2,3,3,2,3,2,3,1,3,1,3,0,3,-1,3,-1,3,-1,3,-2,4,-2,4,-2,3,-3,4,-3,4,-4,4,-4,0,0,4,-4,5,-4,5,-4,5,-5,6,-4,6,-4,6,-4,6,-4,6,-4,6,-3,6,-3,6,-2,6,-2,6,-1,6,-1,5,-1,5,-1,5,-1,5,0,4,0,4,1,4,1,4,1,3,2,2,2,2,2,0,0,0,0,0,0,0,0,0,0,0,0,0,0,25,72,18,67,29,68,20,57,22,56,15,55,19,45,22,50,14,38,21,34,20,29,20,24,17,25,23,20,14,16,18,12,21,13,22,6,19,5,18,2,18,-3,19,-9,21,-9,21,-10,21,-14,18,-18,19,-18,28,-19,20,-19,21,-23,19,-23,19,-27,23,-26,27,-31,26,-31,31,-27,34,-25,32,-30,33,-25,28,-23,36,-21,35,-17,37,-19,38,-16,32,-16,35,-14,34,-6,31,-6,30,-4,29,-7,25,1,28,-1,28,3,24,1,24,6,18,7,17,12,0,0,0,0,0,0,0,0,0,0,0,0,0,0,0,0,0,0,0,0,0,0,-29,-29,-24,-31,-22,-33,-25,-30,-24,-31,-22,-27,-25,-27,-24,-24,-29,-28,-32,-27,-27,-25,-33,-24,-34,-25,-36,-23,-34,-22,-36,-20,-42,-20,-41,-21,-49,-14,-49,-18,-49,-16,-60,-16,-59,-21,-63,-18,-60,-15,-63,-12,-62,-20,-66,-22,-62,-18,-69,-12,-65,-14,-72,-10,-70,-7,-75,-4,-75,-2,-71,-1,-73,4,-71,2,-76,8,-77,11,-70,9,-73,18,-69,18,-78,23,-73,23,-72,36,-73,30,-72,35,-84,36,-89,33,-80,31,-86,34,-80,31,-82,35,-89,34,-85,36,-85,35,0,0]"
CSI_DATA,168,1a:00:00:00:00:00,-48,11,1,0,1,1,1,0,0,0,1,-96,0,11,2,2504436,0,44,0,384,0,"[0,0,0,0,0,0,0,0,0,0,0,0,5,8,5,7,5,7,4,6,4,6,3,4,4,4,4,3,3,3,4,2,3,1,3,1,3,0,3,0,3,-1,3,-1,2,-2,3,-3,3,-2,3,-3,3,-3,3,-4,2,-4,3,-5,3,-5,2,-5,0,0,2,-6,4,-6,3,-7,3,-7,4,-6,4,-6,4,-7,4,-6,4,-6,5,-6,5,-5,5,-5,5,-5,5,-4,5,-4,5,-3,5,-3,4,-3,4,-2,4,-2,4,-2,4,-1,4,-1,3,0,3,0,3,0,0,0,0,0,0,0,0,0,0,0,0,0,0,0,38,60,42,58,43,48,36,50,34,44,31,38,34,35,32,35,27,27,27,26,22,21,23,20,26,16,22,12,19,5,22,3,25,0,22,-3,19,-3,17,-4,17,-13,17,-15,15,-15,17,-16,15,-19,17,-18,12,-28,19,-26,16,-28,11,-31,13,-30,14,-36,16,-36,18,-40,19,-38,25,-35,19,-40,24,-39,26,-34,26,-33,28,-29,27,-29,31,-29,34,-28,30,-25,28,-23,28,-21,29,-19,26,-13,26,-15,26,-9,26,-9,26,-5,24,-4,22,-4,22,0,15,2,0,0,0,0,0,0,0,0,0,0,0,0,0,0,0,0,0,0,0,0,0,0,-31,-14,-32,-20,-32,-17,-39,-19,-30,-16,-32,-18,-31,-19,-28,-15,-35,-15,-35,-12,-36,-15,-34,-11,-42,-3,-42,-8,-41,-6,-43,-7,-50,3,-49,-4,-53,-1,-54,0,-57,-3,-61,1,-59,4,-62,6,-64,3,-64,10,-65,6,-67,7,-66,7,-73,13,-63,11,-69,15,-74,11,-67,15,-70,14,-66,18,-62,21,-63,26,-62,29,-66,31,-69,32,-66,38,-63,44,-61,41,-62,43,-59,47,-62,47,-58,51,-67,52,-61,59,-65,56,-63,59,-72,56,-65,53,-70,61,-66,56,-70,53,0,0]"
CSI_DATA,169,1a:00:00:00:00:00,-48,11,1,0,1,1,1,0,0,0,1,-96,0,11,2,2514470,0,44,0,384,0,"[0,0,0,0,0,0,0,0,0,0,0,0,-8,7,-7,7,-6,6,-5,6,-5,6,-5,5,-4,5,-3,4,-3,4,-1,3,-2,4,-1,3,0,3,0,3,1,2,1,3,2,2,2,2,2,2,3,1,3,1,4,1,4,1,4,1,5,1,5,1,0,0,6,1,6,1,6,1,6,1,6,2,7,2,7,2,6,3,6,3,6,3,6,4,5,4,5,4,4,4,4,4,4,4,3,4,3,4,2,4,2,4,2,4,1,3,1,3,0,3,0,3,-1,3,0,0,0,0,0,0,0,0,0,0,0,0,0,0,-66,44,-58,40,-51,42,-50,44,-49,38,-41,31,-35,30,-34,30,-32,29,-24,28,-23,31,-16,27,-15,25,-13,21,-9,24,-2,21,-2,20,0,19,2,16,5,21,9,21,10,16,16,14,16,12,18,9,19,15,25,13,27,10,29,13,32,13,32,11,38,14,35,13,42,15,38,13,39,16,41,16,40,19,39,17,39,24,34,25,35,28,29,27,30,31,24,28,28,29,22,31,17,26,15,25,19,29,13,26,14,24,7,28,4,23,-1,22,1,20,-2,19,0,0,0,0,0,0,0,0,0,0,0,0,0,0,0,0,0,0,0,0,0,0,10,-37,13,-38,15,-34,13,-35,12,-34,10,-34,11,-37,10,-36,6,-39,3,-36,7,-40,5,-41,2,-44,3,-44,1,-42,0,-43,-6,-53,-2,-50,-8,-50,-10,-55,-10,-53,-13,-63,-11,-63,-16,-61,-16,-66,-18,-66,-15,-67,-20,-71,-13,-66,-20,-69,-16,-69,-21,-73,-22,-69,-27,-66,-28,-66,-30,-67,-31,-64,-36,-65,-36,-57,-42,-62,-44,-61,-46,-62,-47,-65,-49,-67,-51,-56,-63,-62,-60,-60,-58,-56,-60,-60,-61,-60,-61,-60,-68,-60,-66,-66,-65,-64,-65,-67,-61,-62,-60,-62,0,0]"
CSI_DATA,170,1a:00:00:00:00:00,-48,11,1,0,1,1,1,0,0,0,1,-96,0,11,2,2524379,0,44,0,384,0,"[0,0,0,0,0,0,0,0,0,0,0,0,-1,10,-1,9,0,8,0,8,0,7,0,6,0,6,0,5,0,4,1,4,0,3,1,3,1,2,1,1,2,1,2,0,2,0,2,0,3,-1,3,-2,3,-2,3,-2,3,-2,4,-3,4,-4,3,-4,0,0,4,-4,5,-4,5,-4,5,-4,5,-4,6,-5,6,-4,6,-4,6,-4,6,-3,6,-3,6,-2,6,-2,6,-2,5,-1,5,-1,5,-1,5,-1,4,0,4,0,4,0,4,0,4,1,3,1,2,1,2,2,0,0,0,0,0,0,0,0,0,0,0,0,0,0,-12,39,-11,34,-8,35,-9,31,-7,29,-8,27,-7,24,-3,24,-2,20,-2,20,-4,16,-2,16,0,15,3,10,0,10,3,9,5,7,5,5,6,4,6,5,8,1,6,0,9,-1,9,-3,10,-4,11,-5,10,-6,13,-8,12,-9,14,-10,13,-9,13,-9,15,-11,18,-10,17,-12,19,-11,18,-9,20,-10,20,-9,17,-6,19,-7,18,-8,20,-7,19,-6,18,-4,18,-2,18,-1,18,0,15,0,13,2,13,3,12,3,12,0,11,4,10,5,8,3,5,6,0,0,0,0,0,0,0,0,0,0,0,0,0,0,0,0,0,0,0,0,0,0,-3,-18,-2,-20,-2,-21,-2,-21,-2,-19,-1,-18,-3,-19,-1,-18,-5,-19,-4,-19,-6,-22,-7,-19,-8,-22,-10,-21,-12,-24,-10,-22,-14,-25,-13,-24,-14,-24,-16,-25,-16,-24,-18,-27,-18,-24,-19,-27,-22,-28,-23,-25,-23,-26,-22,-28,-22,-28,-23,-29,-23,-24,-27,-28,-25,-27,-25,-24,-26,-26,-27,-22,-28,-22,-30,-19,-30,-19,-36,-17,-33,-16,-35,-14,-37,-15,-36,-12,-37,-11,-41,-8,-37,-10,-41,-11,-41,-8,-44,-9,-43,-7,-47,-4,-48,-9,-43,-9,-49,-8,-45,-6,-44,-9,0,0]"
CSI_DATA,171,1a:00:00:00:00:00,-49,11,1,0,1,1,1,0,0,0,1,-96,0,11,2,2534423,0,44,0,384,0,"[0,0,0,0,0,0,0,0,0,0,0,0,-12,2,-10,3,-10,3,-9,2,-8,1,-8,2,-7,2,-6,2,-5,2,-5,2,-4,2,-3,2,-3,2,-2,2,-2,2,-1,3,0,2,0,2,0,2,1,2,1,2,2,2,2,2,3,2,3,2,4,2,0,0,5,3,4,3,5,3,5,3,4,3,5,4,5,4,5,4,4,4,4,5,4,5,3,5,3,5,3,5,2,5,2,5,2,5,2,5,1,4,1,4,0,4,0,3,-1,3,-1,3,-1,3,-1,2,0,0,0,0,0,0,0,0,0,0,0,0,0,0,-70,30,-60,32,-66,31,-57,26,-47,28,-47,24,-45,22,-46,25,-39,23,-36,22,-30,21,-26,20,-22,19,-22,15,-13,18,-11,18,-8,14,-2,15,-1,15,0,14,8,15,6,15,7,14,10,11,11,8,18,8,18,7,21,6,24,8,30,10,27,4,33,4,32,2,31,2,38,6,36,11,36,7,35,11,37,14,36,14,36,14,33,15,31,17,33,20,31,19,31,17,27,16,24,21,21,19,20,18,17,20,15,19,14,20,9,19,9,19,5,19,3,17,0,0,0,0,0,0,0,0,0,0,0,0,0,0,0,0,0,0,0,0,0,0,29,-26,35,-25,29,-26,33,-24,32,-26,32,-22,32,-25,30,-26,34,-27,31,-31,34,-28,29,-36,31,-37,31,-37,30,-37,28,-48,24,-51,28,-44,29,-46,21,-54,29,-51,26,-60,27,-61,21,-62,25,-65,19,-68,23,-65,25,-70,19,-63,15,-71,19,-66,21,-73,11,-70,10,-70,10,-75,5,-66,-2,-74,-6,-69,-6,-69,-8,-73,-13,-72,-19,-73,-19,-76,-27,-70,-25,-71,-30,-75,-31,-71,-37,-72,-37,-76,-39,-78,-42,-75,-45,-74,-46,-79,-44,-82,-48,-85,-42,-84,-39,-79,0,0]"
CSI_DATA,172,1a:00:00:00:00:00,-48,11,1,0,1,1,1,0,0,0,1,-96,0,11,2,2574407,0,44,0,384,0,"[0,0,0,0,0,0,0,0,0,0,0,0,11,-5,9,-5,8,-5,8,-4,7,-4,6,-4,6,-4,5,-4,4,-4,3,-3,3,-4,2,-4,1,-3,1,-3,1,-3,0,-4,-1,-3,-1,-3,-2,-2,-2,-2,-2,-2,-3,-2,-3,-2,-4,-2,-5,-2,-5,-2,0,0,-6,-2,-6,-2,-6,-1,-7,-2,-7,-2,-7,-2,-7,-2,-7,-3,-7,-3,-7,-4,-7,-4,-6,-4,-6,-4,-6,-4,-6,-5,-6,-4,-5,-4,-5,-4,-5,-5,-4,-4,-4,-5,-3,-4,-3,-5,-2,-4,-2,-4,-1,-4,0,0,0,0,0,0,0,0,0,0,0,0,0,0,79,-22,78,-22,65,-24,60,-27,61,-29,54,-24,50,-23,44,-22,43,-23,37,-23,35,-25,31,-20,26,-20,28,-17,22,-19,15,-19,12,-15,8,-16,7,-14,-1,-15,-3,-15,-6,-14,-9,-12,-7,-8,-13,-10,-16,-11,-17,-11,-19,-5,-20,-10,-25,-7,-26,-7,-30,-10,-31,-9,-36,-8,-37,-4,-37,-8,-40,-11,-40,-10,-38,-12,-41,-14,-39,-18,-42,-21,-32,-21,-37,-24,-32,-17,-32,-22,-32,-23,-28,-24,-24,-22,-23,-21,-22,-21,-21,-19,-16,-18,-11,-22,-15,-24,-10,-24,-6,-23,0,0,0,0,0,0,0,0,0,0,0,0,0,0,0,0,0,0,0,0,0,0,-49,11,-47,9,-48,8,-47,6,-48,4,-46,3,-45,7,-42,4,-44,11,-44,10,-44,12,-44,15,-47,17,-40,16,-38,20,-44,21,-41,33,-46,26,-37,32,-39,31,-40,38,-40,41,-43,40,-42,43,-43,48,-35,51,-41,50,-39,52,-34,54,-34,55,-30,56,-31,56,-27,60,-26,57,-25,60,-18,62,-16,62,-10,63,-8,64,-6,71,-6,66,5,68,8,66,7,73,12,67,20,68,20,70,25,73,27,77,25,81,29,80,30,75,31,80,37,79,37,85,34,75,34,81,0,0]"
CSI_DATA,173,1a:00:00:00:00:00,-48,11,1,0,1,1,1,0,0,0,1,-96,0,11,2,2584813,0,44,0,384,0,"[0,0,0,0,0,0,0,0,0,0,0,0,6,10,6,9,6,8,5,8,5,7,4,6,4,5,4,4,4,4,4,3,3,3,3,2,3,1,3,1,3,0,2,-1,2,-1,1,-2,2,-2,1,-3,1,-3,1,-3,1,-4,0,-5,1,-5,0,-6,0,0,0,-6,0,-7,1,-7,0,-8,1,-8,1,-8,2,-8,2,-8,2,-8,2,-8,3,-7,3,-7,3,-7,3,-7,3,-6,3,-6,4,-6,3,-5,4,-5,3,-4,4,-4,4,-4,4,-3,4,-2,3,-2,3,-1,0,0,0,0,0,0,0,0,0,0,0,0,0,0,40,72,40,70,46,60,32,58,34,56,31,46,26,45,30,44,26,41,23,37,23,33,23,24,20,25,21,17,20,16,20,14,19,10,20,2,17,3,12,3,17,-5,14,-7,13,-10,12,-12,9,-17,9,-18,4,-18,5,-27,4,-29,1,-28,1,-28,0,-33,0,-36,3,-37,5,-35,9,-43,10,-45,8,-50,11,-43,7,-40,12,-41,13,-39,17,-40,16,-43,18,-33,21,-33,22,-34,18,-29,14,-25,20,-22,23,-23,22,-21,21,-20,20,-17,24,-15,23,-7,18,-6,0,0,0,0,0,0,0,0,0,0,0,0,0,0,0,0,0,0,0,0,0,0,-37,-40,-30,-42,-25,-42,-24,-42,-27,-45,-21,-41,-23,-42,-25,-37,-24,-37,-28,-36,-27,-34,-26,-34,-33,-35,-37,-34,-33,-34,-34,-29,-43,-25,-42,-28,-46,-24,-48,-20,-48,-28,-55,-25,-53,-20,-60,-24,-57,-20,-60,-17,-63,-23,-63,-16,-61,-17,-68,-15,-64,-14,-70,-14,-67,-11,-65,-9,-68,-4,-69,-4,-63,1,-66,12,-65,9,-71,15,-65,19,-65,17,-66,25,-61,30,-65,33,-64,40,-68,36,-66,41,-72,46,-72,48,-68,50,-72,51,-79,52,-71,44,-74,55,-73,55,-77,52,0,0]"
CSI_DATA,174,1a:00:00:00:00:00,-49,11,1,0,1,1,1,0,0,0,1,-96,0,11,2,2594533,0,44,0,384,0,"[0,0,0,0,0,0,0,0,0,0,0,0,-12,-2,-12,-1,-10,-1,-11,-1,-9,-1,-8,-1,-8,0,-7,0,-6,1,-5,0,-5,1,-5,1,-4,1,-3,1,-3,1,-2,2,-1,2,-1,2,0,2,1,2,1,2,1,2,2,3,3,3,3,3,4,3,0,0,4,4,5,4,4,4,5,4,4,4,5,5,5,5,5,5,5,5,5,6,5,6,4,6,3,6,3,6,3,6,2,6,2,6,2,6,2,5,1,5,0,5,0,5,0,5,-1,4,-1,4,-1,4,0,0,0,0,0,0,0,0,0,0,0,0,0,0,-41,-3,-43,-5,-38,4,-32,2,-34,1,-29,0,-28,0,-27,-1,-25,0,-21,3,-18,6,-18,5,-14,6,-15,3,-11,5,-10,5,-9,5,-6,5,-5,7,-4,6,0,8,-1,5,2,9,1,7,6,5,6,4,9,5,9,7,11,7,15,5,14,6,15,5,15,7,17,7,19,8,20,9,17,12,17,10,18,11,18,11,19,13,17,15,16,16,15,14,13,14,13,15,12,14,12,16,10,13,11,14,11,11,9,11,6,13,1,14,3,13,2,10,0,10,0,0,0,0,0,0,0,0,0,0,0,0,0,0,0,0,0,0,0,0,0,0,24,5,23,7,24,7,23,5,22,8,20,8,22,3,22,5,21,5,22,4,24,4,21,3,23,-1,20,0,21,-2,23,-3,24,-7,23,-5,23,-8,24,-11,23,-11,27,-12,26,-13,27,-14,27,-16,25,-16,26,-16,27,-17,28,-19,27,-21,25,-20,28,-22,23,-23,20,-24,23,-26,20,-26,19,-26,18,-29,14,-29,13,-29,12,-32,9,-34,10,-34,9,-35,6,-35,7,-37,5,-37,1,-40,-1,-41,2,-43,1,-43,-3,-44,-1,-46,-3,-45,-3,-46,-3,-46,-2,-44,0,0]"
CSI_DATA,175,1a:00:00:00:00:00,-48,11,1,0,1,1,1,0,0,0,1,-96,0,11,2,2604728,0,44,0,384,0,"[0,0,0,0,0,0,0,0,0,0,0,0,-8,8,-7,8,-5,8,-6,7,-5,7,-4,6,-3,6,-3,5,-3,5,-2,4,-2,4,-1,3,-1,3,0,2,0,2,1,2,1,1,2,1,2,0,2,-1,2,-1,3,-2,3,-2,4,-3,4,-3,4,-3,0,0,5,-4,5,-4,6,-5,6,-5,6,-5,6,-5,7,-5,7,-5,7,-5,7,-4,8,-4,7,-3,7,-3,7,-3,7,-2,7,-2,7,-2,6,-2,6,-2,6,-1,6,-1,5,-1,5,0,5,0,4,1,4,1,0,0,0,0,0,0,0,0,0,0,0,0,0,0,22,78,22,73,28,63,23,70,19,58,20,57,27,55,20,49,22,41,18,37,14,35,17,27,20,28,20,23,13,21,12,13,19,11,14,6,17,0,13,-3,14,-2,16,-5,10,-9,9,-13,11,-15,10,-22,4,-24,6,-27,7,-32,0,-30,1,-32,3,-36,2,-42,4,-42,3,-41,8,-46,10,-42,10,-47,10,-52,11,-46,14,-46,13,-40,18,-45,17,-46,18,-39,16,-37,16,-35,17,-38,18,-30,24,-28,22,-26,25,-30,25,-27,24,-21,24,-15,26,-13,25,-9,0,0,0,0,0,0,0,0,0,0,0,0,0,0,0,0,0,0,0,0,0,0,-6,-50,-1,-46,0,-52,0,-47,1,-50,4,-44,0,-45,1,-45,-5,-46,-8,-45,-3,-45,-9,-44,-19,-44,-17,-42,-18,-44,-17,-41,-25,-45,-29,-46,-31,-42,-37,-43,-37,-42,-42,-49,-42,-41,-47,-47,-44,-47,-48,-45,-49,-41,-53,-45,-49,-46,-55,-35,-53,-37,-59,-44,-63,-37,-65,-34,-67,-33,-62,-23,-64,-24,-69,-21,-67,-13,-72,-10,-71,-13,-73,-2,-69,3,-79,3,-71,10,-82,9,-78,12,-78,18,-79,22,-83,23,-78,25,-82,32,-90,32,-84,28,-85,35,-85,36,-86,37,0,0]"
CSI_DATA,176,1a:00:00:00:00:00,-49,11,1,0,1,1,1,0,0,0,1,-96,0,11,2,2614764,0,44,0,384,0,"[0,0,0,0,0,0,0,0,0,0,0,0,-9,6,-9,7,-7,6,-8,6,-6,5,-6,6,-6,5,-4,5,-4,4,-3,3,-3,4,-2,4,-1,3,0,2,0,2,0,2,1,2,1,2,2,1,2,0,3,0,3,-1,3,0,4,-1,4,-1,5,-2,0,0,6,-2,6,-2,7,-2,7,-2,7,-2,8,-2,8,-2,8,-2,8,-1,8,-1,8,0,7,0,7,0,7,0,7,0,7,1,6,1,7,1,6,1,6,1,5,2,4,1,4,2,4,2,3,2,2,3,0,0,0,0,0,0,0,0,0,0,0,0,0,0,-65,39,-64,36,-60,44,-56,38,-44,41,-44,36,-43,34,-43,36,-31,30,-31,33,-24,32,-23,26,-21,28,-13,22,-12,23,-7,23,-6,17,-1,19,2,13,4,9,10,12,13,7,13,9,17,1,12,3,20,-2,20,-2,24,-9,26,-10,31,-12,33,-15,33,-15,33,-11,36,-15,40,-18,40,-15,39,-15,39,-14,44,-12,44,-9,42,-11,48,-8,44,-7,44,-4,44,-4,43,-4,39,-2,42,0,38,0,38,0,34,5,31,4,30,10,27,9,21,9,27,11,20,15,0,0,0,0,0,0,0,0,0,0,0,0,0,0,0,0,0,0,0,0,0,0,49,1,46,1,44,4,48,8,46,9,43,4,42,6,43,3,42,-3,38,-1,44,-6,40,-10,42,-13,43,-15,42,-12,40,-20,43,-27,40,-23,36,-31,42,-33,42,-35,42,-41,38,-41,40,-47,40,-51,34,-54,39,-52,38,-57,37,-51,34,-63,31,-54,32,-66,30,-63,26,-60,24,-66,18,-66,14,-64,9,-69,1,-68,-3,-68,1,-72,-12,-72,-17,-74,-19,-69,-20,-68,-29,-65,-29,-69,-35,-71,-36,-72,-43,-78,-41,-72,-48,-70,-49,-73,-47,-70,-56,-78,-50,-77,-54,-76,0,0]"
CSI_DATA,177,1a:00:00:00:00:00,-48,11,1,0,1,1,1,0,0,0,1,-96,0,11,2,2624514,0,44,0,384,0,"[0,0,0,0,0,0,0,0,0,0,0,0,11,0,10,0,10,-1,9,-1,8,-1,7,-1,6,-2,5,-2,5,-2,4,-2,3,-3,2,-3,2,-3,1,-3,1,-3,0,-4,-1,-4,-1,-4,-2,-3,-2,-3,-3,-3,-4,-3,-5,-4,-5,-4,-6,-4,-6,-4,0,0,-8,-4,-8,-4,-8,-4,-9,-5,-8,-5,-9,-5,-9,-5,-9,-6,-9,-6,-9,-6,-8,-7,-8,-7,-7,-7,-7,-7,-7,-7,-6,-7,-6,-7,-6,-6,-5,-7,-5,-6,-4,-6,-3,-6,-3,-6,-2,-6,-2,-6,-1,-5,0,0,0,0,0,0,0,0,0,0,0,0,0,0,40,-67,38,-60,29,-60,29,-57,29,-57,25,-53,20,-50,19,-45,14,-40,9,-37,7,-38,9,-32,3,-31,-4,-23,3,-24,-7,-19,-6,-19,-11,-14,-8,-11,-14,-10,-20,-8,-18,-6,-15,-1,-18,3,-18,4,-23,10,-26,10,-23,12,-25,13,-30,20,-29,16,-36,20,-34,22,-36,26,-36,24,-41,21,-44,23,-45,22,-47,19,-48,20,-43,17,-45,16,-43,14,-46,14,-40,8,-46,7,-42,4,-41,4,-38,4,-38,1,-39,0,-34,-5,-36,-5,-29,-6,-27,-11,-27,-7,-22,-14,0,0,0,0,0,0,0,0,0,0,0,0,0,0,0,0,0,0,0,0,0,0,-38,32,-38,28,-37,28,-35,26,-40,29,-34,24,-34,22,-34,28,-35,27,-29,31,-29,30,-23,30,-23,38,-24,41,-21,33,-18,41,-16,45,-17,47,-13,44,-7,49,-10,48,-10,57,-9,55,-5,63,-2,63,0,65,-5,65,0,65,2,64,7,68,5,62,9,67,13,67,14,61,16,65,17,62,20,63,28,61,32,54,39,57,41,56,45,55,45,57,50,47,52,45,61,53,59,46,61,45,66,41,73,48,68,45,72,45,76,49,80,40,82,39,75,40,77,43,0,0]"
CSI_DATA,178,1a:00:00:00:00:00,-48,11,1,0,1,1,1,0,0,0,1,-96,0,11,2,2634447,0,44,0,384,0,"[0,0,0,0,0,0,0,0,0,0,0,0,9,-4,8,-4,7,-4,7,-4,6,-4,5,-4,4,-5,3,-4,2,-4,2,-4,1,-4,0,-4,0,-4,-1,-4,-2,-4,-3,-4,-3,-3,-4,-3,-4,-3,-5,-2,-5,-2,-6,-2,-6,-2,-7,-2,-8,-1,-9,-1,0,0,-10,-1,-10,-1,-11,-1,-11,-1,-11,-2,-11,-2,-11,-2,-11,-2,-11,-2,-11,-3,-11,-4,-10,-4,-10,-4,-9,-4,-9,-4,-9,-4,-8,-4,-8,-4,-7,-5,-7,-4,-6,-5,-5,-5,-5,-5,-4,-5,-4,-5,-3,-5,0,0,0,0,0,0,0,0,0,0,0,0,0,0,16,-70,15,-69,6,-63,10,-59,3,-60,5,-53,4,-46,-5,-45,-3,-39,-6,-36,-7,-30,-12,-28,-9,-30,-14,-19,-12,-18,-17,-11,-21,-11,-20,-3,-21,2,-21,2,-22,10,-19,9,-20,10,-18,16,-19,16,-26,23,-19,21,-19,31,-21,32,-23,38,-18,38,-29,42,-25,43,-27,44,-28,44,-32,47,-30,42,-35,48,-38,45,-32,44,-39,38,-37,38,-41,39,-40,35,-35,31,-42,26,-36,25,-36,31,-33,21,-34,19,-36,18,-34,14,-31,11,-32,7,-28,8,-32,8,-26,-5,0,0,0,0,0,0,0,0,0,0,0,0,0,0,0,0,0,0,0,0,0,0,-34,34,-37,34,-39,29,-39,30,-38,30,-33,26,-32,25,-32,27,-35,27,-28,27,-27,29,-22,33,-19,39,-21,39,-18,40,-19,43,-15,43,-10,43,-2,48,-6,48,-2,50,1,60,2,56,10,54,8,64,16,63,11,65,14,67,13,63,20,66,22,64,24,64,25,63,26,59,30,60,38,56,35,49,43,48,48,45,49,47,51,42,53,37,58,39,63,35,62,33,69,21,66,31,71,27,75,22,78,20,80,19,86,17,88,23,81,16,87,15,86,18,84,15,0,0]"
CSI_DATA,179,1a:00:00:00:00:00,-48,11,1,0,1,1,1,0,0,0,1,-96,0,11,2,2644402,0,44,0,384,0,"[0,0,0,0,0,0,0,0,0,0,0,0,-1,-10,-2,-9,-2,-8,-3,-8,-3,-7,-3,-6,-3,-5,-3,-5,-3,-4,-4,-3,-4,-3,-4,-1,-4,-1,-5,0,-5,0,-5,1,-5,1,-5,2,-5,3,-5,3,-5,4,-5,4,-5,4,-6,5,-6,6,-5,6,0,0,-6,7,-7,7,-7,8,-7,8,-8,8,-8,7,-8,7,-8,7,-9,7,-9,6,-9,5,-9,5,-9,4,-9,4,-8,3,-8,3,-8,3,-7,2,-7,1,-7,2,-7,1,-6,0,-6,0,-6,-1,-5,-1,-5,-2,0,0,0,0,0,0,0,0,0,0,0,0,0,0,2,-68,0,-63,-10,-58,-1,-56,-7,-50,-9,-43,-9,-40,-10,-38,-17,-30,-16,-33,-17,-24,-18,-22,-17,-17,-20,-11,-21,-13,-25,-6,-25,-3,-21,4,-23,6,-22,5,-24,12,-25,9,-21,19,-24,22,-24,25,-28,27,-27,24,-26,34,-25,35,-23,40,-28,40,-30,43,-33,44,-33,48,-31,45,-41,46,-42,42,-38,48,-42,43,-45,38,-43,40,-48,35,-46,35,-43,36,-40,28,-46,25,-39,24,-41,21,-39,15,-38,10,-37,12,-38,13,-33,6,-29,1,-26,3,-24,-2,-19,-8,0,0,0,0,0,0,0,0,0,0,0,0,0,0,0,0,0,0,0,0,0,0,-18,44,-22,41,-22,38,-22,37,-23,36,-20,35,-23,34,-17,35,-17,34,-14,32,-10,34,-9,37,-4,35,1,35,0,35,9,38,7,41,8,40,11,40,14,43,16,47,22,46,22,47,29,49,27,50,34,47,30,47,32,48,36,50,35,53,38,46,44,53,42,52,43,46,50,44,46,41,46,37,52,33,52,31,60,27,58,26,61,23,64,17,67,18,64,15,66,9,71,11,74,8,76,5,77,0,81,-3,82,-3,87,0,79,-3,83,-6,84,-5,85,6,0,0]"
CSI_DATA,180,1a:00:00:00:00:00,-48,11,1,0,1,1,1,0,0,0,1,-96,0,11,2,2654424,0,44,0,384,0,"[0,0,0,0,0,0,0,0,0,0,0,0,7,5,7,4,7,4,6,3,6,3,5,2,5,1,5,0,4,0,4,-1,4,-2,3,-3,3,-3,3,-4,3,-4,2,-5,2,-5,1,-5,1,-6,1,-7,1,-7,0,-8,0,-8,0,-9,0,-9,-1,-10,0,0,-1,-11,-1,-11,-1,-12,-1,-12,0,-12,0,-12,1,-12,1,-11,1,-12,2,-11,2,-11,3,-10,3,-10,3,-9,3,-9,3,-8,3,-8,3,-7,3,-6,3,-6,4,-5,4,-5,4,-4,4,-3,4,-2,3,-2,0,0,0,0,0,0,0,0,0,0,0,0,0,0,58,-37,56,-27,49,-34,44,-33,40,-31,34,-30,28,-31,32,-27,23,-26,17,-30,12,-31,9,-28,5,-30,8,-23,-1,-26,-5,-26,-6,-25,-6,-20,-10,-23,-21,-19,-20,-21,-19,-17,-26,-19,-28,-15,-29,-15,-33,-18,-38,-17,-45,-16,-43,-16,-48,-16,-45,-13,-55,-11,-50,-20,-51,-15,-53,-14,-56,-23,-52,-19,-51,-24,-49,-28,-49,-28,-46,-24,-48,-31,-40,-28,-38,-30,-38,-34,-37,-29,-32,-31,-28,-31,-24,-26,-22,-28,-21,-26,-15,-26,-15,-27,-9,-27,-5,-22,-8,-19,0,-19,0,0,0,0,0,0,0,0,0,0,0,0,0,0,0,0,0,0,0,0,0,0,-43,5,-43,4,-39,2,-42,1,-38,-4,-38,2,-32,3,-30,3,-34,3,-31,5,-31,11,-29,13,-28,14,-32,14,-27,22,-23,27,-23,31,-23,28,-21,35,-21,35,-21,42,-21,42,-24,49,-23,51,-23,53,-19,54,-24,53,-22,59,-23,56,-21,66,-16,60,-15,64,-12,62,-9,63,-7,66,-5,65,-3,62,2,68,5,63,9,66,12,65,14,67,20,71,24,66,26,68,32,69,33,68,38,66,34,66,33,71,37,67,45,68,38,76,38,70,44,75,45,77,40,70,0,0]"
CSI_DATA,181,1a:00:00:00:00:00,-49,11,1,0,1,1,1,0,0,0,1,-96,0,11,2,2664455,0,44,0,384,0,"[0,0,0,0,0,0,0,0,0,0,0,0,-3,9,-3,9,-1,8,-1,7,-1,7,-1,6,0,6,0,5,1,4,2,3,2,3,2,3,3,2,3,1,4,1,4,1,4,0,4,0,5,-1,5,-1,5,-2,6,-3,6,-2,7,-3,7,-3,7,-4,0,0,8,-4,8,-4,9,-4,9,-4,9,-4,9,-4,9,-3,9,-3,9,-2,9,-2,9,-1,9,-1,8,0,8,0,7,1,7,1,6,1,6,1,5,1,5,1,4,2,3,2,3,2,2,2,2,2,1,2,0,0,0,0,0,0,0,0,0,0,0,0,0,0,54,45,49,45,52,38,40,36,43,29,39,26,39,19,37,22,36,12,28,13,26,8,26,4,30,5,23,-6,22,-7,18,-9,22,-15,17,-14,13,-18,16,-15,10,-21,10,-23,10,-30,10,-29,8,-32,6,-32,3,-31,4,-40,3,-40,-2,-41,0,-41,4,-47,4,-47,1,-56,4,-49,11,-51,4,-53,7,-49,14,-50,16,-49,15,-47,18,-45,19,-40,22,-37,22,-36,23,-31,21,-29,21,-29,21,-25,18,-22,22,-18,21,-18,19,-11,21,-12,17,-8,15,-4,16,1,0,0,0,0,0,0,0,0,0,0,0,0,0,0,0,0,0,0,0,0,0,0,-34,-28,-28,-33,-30,-29,-26,-30,-26,-25,-24,-28,-24,-22,-20,-24,-25,-22,-26,-21,-27,-16,-24,-14,-28,-12,-30,-6,-31,-6,-35,-5,-39,4,-39,0,-48,1,-48,7,-50,6,-54,8,-55,13,-59,9,-59,11,-62,18,-62,11,-68,11,-66,13,-73,16,-61,13,-73,22,-65,21,-64,23,-66,23,-63,27,-62,31,-58,35,-60,35,-57,43,-58,45,-57,45,-57,52,-49,54,-51,60,-48,49,-48,60,-50,62,-51,62,-51,72,-52,71,-55,66,-55,70,-55,64,-59,70,-51,72,-52,66,0,0]"
CSI_DATA,182,1a:00:00:00:00:00,-51,11,1,0,1,1,1,0,0,0,1,-96,0,11,2,2674929,0,44,0,384,0,"[0,0,0,0,0,0,0,0,0,0,0,0,0,-10,0,-9,-1,-9,-1,-8,-1,-7,-1,-6,-2,-6,-2,-5,-2,-4,-3,-4,-3,-3,-3,-3,-3,-2,-4,-1,-4,-1,-4,0,-4,0,-4,0,-4,1,-4,2,-4,2,-4,3,-4,3,-4,4,-5,4,-5,4,0,0,-5,5,-6,5,-6,6,-6,6,-6,5,-7,5,-7,5,-7,5,-7,4,-7,4,-7,3,-7,3,-7,2,-7,2,-6,1,-6,1,-6,1,-5,0,-5,0,-5,0,-4,-1,-4,-1,-3,-1,-3,-2,-3,-2,-2,-2,0,0,0,0,0,0,0,0,0,0,0,0,0,0,-35,-18,-30,-17,-32,-14,-26,-12,-26,-9,-23,-9,-22,-7,-21,-8,-20,-5,-17,-4,-16,-4,-14,0,-13,1,-12,1,-9,2,-7,4,-7,5,-8,5,-6,6,-3,8,-3,9,0,10,-3,10,1,10,2,10,3,13,4,14,8,13,5,14,8,14,9,14,8,17,7,17,5,20,7,18,5,21,8,20,5,21,3,20,4,20,4,20,1,19,0,19,-1,19,0,15,-1,16,-2,16,-3,13,-5,13,-5,9,-6,8,-6,8,-6,6,-8,5,-6,4,-5,2,-6,-1,0,0,0,0,0,0,0,0,0,0,0,0,0,0,0,0,0,0,0,0,0,0,22,8,20,10,19,11,18,10,17,12,15,10,16,8,15,8,17,5,16,6,17,5,18,0,20,1,18,0,19,-1,19,-2,21,-7,22,-8,23,-6,24,-10,25,-12,29,-11,30,-12,30,-16,29,-16,29,-17,31,-15,31,-18,32,-18,33,-19,28,-17,33,-21,32,-19,29,-21,31,-23,27,-23,27,-24,26,-30,23,-30,22,-29,22,-29,20,-34,22,-33,19,-37,16,-35,15,-36,15,-39,17,-40,17,-38,16,-42,17,-44,11,-44,18,-44,16,-42,17,-45,16,-44,18,-43,0,0]"
CSI_DATA,183,1a:00:00:00:00:00,-53,11,1,0,1,1,1,0,0,0,1,-96,0,11,2,2684492,0,44,0,384,0,"[0,0,0,0,0,0,0,0,0,0,0,0,-3,-11,-3,-10,-4,-9,-4,-8,-4,-7,-3,-6,-3,-6,-3,-5,-3,-4,-3,-3,-3,-3,-2,-2,-3,-2,-3,-1,-3,0,-2,0,-2,0,-2,1,-2,1,-2,2,-1,2,-1,3,-1,3,-1,4,-1,4,0,4,0,0,0,5,-1,6,-1,6,-1,6,-1,6,-1,6,-1,6,-2,6,-2,6,-2,5,-2,5,-3,5,-3,4,-3,4,-3,3,-3,3,-3,3,-3,2,-3,2,-3,1,-3,1,-3,1,-3,0,-3,0,-2,-1,-2,-2,0,0,0,0,0,0,0,0,0,0,0,0,0,0,-40,-8,-37,-8,-33,-4,-31,-4,-28,-4,-25,-2,-24,-2,-23,-4,-21,0,-18,-2,-16,1,-13,3,-14,3,-10,2,-8,2,-5,4,-8,4,-6,5,-4,4,-1,4,1,5,0,3,1,4,5,5,3,4,6,4,6,5,9,6,8,7,11,5,9,8,11,8,11,7,12,8,12,9,12,11,14,10,11,10,10,12,12,11,10,11,8,12,6,10,7,13,7,12,3,11,1,12,2,10,2,9,1,8,1,10,-2,7,-3,6,-4,5,-5,5,-3,2,-5,0,0,0,0,0,0,0,0,0,0,0,0,0,0,0,0,0,0,0,0,0,0,0,27,2,24,4,22,4,21,4,21,4,21,3,20,4,18,2,21,0,18,2,19,-1,19,-3,19,-7,21,-5,20,-7,17,-9,22,-14,20,-12,21,-13,20,-15,22,-19,24,-20,23,-21,24,-24,25,-22,24,-26,27,-25,24,-27,24,-25,24,-29,25,-26,25,-28,22,-31,21,-31,23,-32,18,-33,18,-29,19,-32,17,-33,15,-39,13,-40,9,-37,11,-38,10,-41,6,-40,6,-39,2,-39,1,-44,2,-45,3,-47,2,-47,1,-48,0,-49,4,-44,4,-49,1,-48,5,-45,0,0]"
CSI_DATA,184,1a:00:00:00:00:00,-54,11,1,0,1,1,1,0,0,0,1,-96,0,11,2,2694453,0,44,0,384,0,"[0,0,0,0,0,0,0,0,0,0,0,0,-4,-12,-4,-11,-5,-9,-4,-9,-4,-8,-3,-8,-4,-7,-3,-6,-3,-6,-3,-4,-3,-4,-3,-3,-3,-3,-3,-2,-2,-2,-2,-1,-2,-1,-1,-1,-1,0,-1,0,-1,1,-1,1,0,1,0,2,0,2,0,2,0,0,1,3,0,4,0,4,0,4,0,4,0,5,0,4,0,4,-1,4,-1,4,-1,4,-2,4,-2,3,-2,3,-2,3,-2,2,-2,2,-2,2,-3,1,-2,1,-3,0,-3,0,-2,0,-3,-1,-2,-2,-2,-2,0,0,0,0,0,0,0,0,0,0,0,0,0,0,-39,-11,-40,-9,-37,-6,-34,-6,-31,-5,-28,-4,-27,-4,-26,-3,-24,-3,-21,-2,-19,-1,-17,0,-15,0,-16,1,-11,-1,-10,3,-10,2,-5,2,-5,1,-4,1,-1,5,-2,3,-1,1,-2,0,1,3,3,2,2,2,5,2,6,2,7,1,8,1,9,2,11,3,11,4,11,2,12,5,11,5,11,8,10,5,10,7,8,7,9,6,7,7,9,9,4,8,4,8,4,7,3,6,3,8,1,4,-1,7,-1,6,-4,6,-3,4,-4,5,-5,4,-5,3,0,0,0,0,0,0,0,0,0,0,0,0,0,0,0,0,0,0,0,0,0,0,21,13,19,13,19,13,18,14,20,15,19,12,16,12,17,10,19,9,17,9,17,8,18,4,20,3,21,3,19,1,20,-2,22,-6,21,-4,24,-8,22,-6,28,-8,29,-11,28,-13,28,-14,30,-15,27,-20,29,-18,29,-18,31,-18,29,-23,27,-22,28,-26,27,-25,26,-25,27,-27,22,-29,20,-28,19,-31,20,-31,17,-36,17,-34,15,-37,13,-38,10,-42,10,-41,11,-43,9,-43,4,-43,3,-46,8,-48,4,-49,2,-48,8,-47,4,-49,6,-51,4,-49,6,-48,0,0]"
CSI_DATA,185,1a:00:00:00:00:00,-54,11,1,0,1,1,1,0,0,0,1,-96,0,11,2,2714476,0,44,0,384,0,"[0,0,0,0,0,0,0,0,0,0,0,0,13,5,12,4,12,3,12,4,10,3,9,3,9,2,8,1,8,1,7,1,6,1,5,0,5,0,5,0,4,0,4,-1,3,-1,2,-1,2,-1,2,-1,1,-1,0,-1,0,-1,0,-1,-1,-1,-1,-1,0,0,-2,-1,-2,-1,-3,-1,-3,-1,-3,-2,-3,-2,-3,-3,-3,-3,-3,-3,-3,-3,-3,-4,-2,-4,-2,-4,-2,-4,-1,-4,-1,-4,-1,-4,-1,-4,0,-4,0,-4,1,-4,1,-4,2,-4,2,-4,3,-3,3,-3,0,0,0,0,0,0,0,0,0,0,0,0,0,0,41,-22,38,-21,35,-22,33,-21,33,-23,30,-21,28,-19,24,-18,22,-16,21,-19,18,-16,18,-17,16,-16,15,-14,14,-14,8,-13,10,-12,8,-12,7,-12,5,-10,4,-7,4,-7,4,-6,4,-5,1,-3,-1,-2,-1,-3,-3,-1,0,-1,-3,-1,-4,0,-6,2,-6,2,-5,1,-7,4,-7,6,-10,1,-8,2,-10,2,-8,1,-10,3,-12,1,-11,-1,-10,-2,-10,-4,-11,-3,-8,-6,-7,-4,-11,-4,-8,-7,-8,-7,-7,-7,-5,-6,-6,-9,-2,-8,-4,-11,0,-11,0,0,0,0,0,0,0,0,0,0,0,0,0,0,0,0,0,0,0,0,0,0,-21,-23,-17,-24,-20,-24,-19,-21,-17,-25,-14,-21,-15,-20,-17,-20,-18,-17,-16,-16,-17,-15,-17,-11,-19,-10,-17,-8,-18,-5,-19,-6,-21,0,-20,-1,-19,2,-20,4,-22,9,-22,9,-21,10,-24,15,-23,15,-22,18,-24,18,-21,21,-21,22,-21,24,-18,23,-17,26,-17,25,-16,28,-15,30,-12,31,-11,31,-9,32,-5,33,-3,37,0,37,3,37,4,36,8,42,10,38,11,40,12,41,17,37,19,42,20,44,21,45,23,42,24,48,25,43,24,47,25,43,27,46,0,0]"
CSI_DATA,186,1a:00:00:00:00:00,-52,11,1,0,1,1,1,0,0,0,1,-96,0,11,2,2724372,0,44,0,384,0,"[0,0,0,0,0,0,0,0,0,0,0,0,15,-4,14,-5,12,-5,13,-4,11,-4,11,-4,10,-4,9,-4,8,-4,7,-4,7,-4,6,-4,5,-3,5,-3,4,-3,4,-4,3,-3,3,-3,2,-2,2,-2,1,-2,1,-2,0,-2,0,-1,-1,-1,-1,-1,0,0,-2,-1,-2,-1,-3,-1,-3,-1,-4,-1,-4,-1,-4,-1,-4,-2,-5,-2,-5,-2,-5,-3,-4,-3,-4,-3,-4,-4,-4,-4,-4,-4,-3,-4,-3,-5,-3,-5,-2,-5,-2,-5,-1,-5,-1,-5,0,-5,0,-5,1,-5,0,0,0,0,0,0,0,0,0,0,0,0,0,0,15,-46,14,-43,12,-43,13,-38,7,-39,8,-35,8,-37,7,-34,6,-34,4,-31,4,-29,3,-26,2,-25,2,-22,4,-23,0,-18,-1,-19,-1,-16,0,-13,-3,-13,-3,-12,-3,-11,-1,-8,-1,-8,-1,-6,-3,-6,-3,-3,-4,-2,-2,-1,-2,0,-3,2,-5,3,-5,3,-5,8,-4,5,-7,6,-8,7,-7,6,-8,8,-9,8,-11,5,-10,5,-11,6,-10,6,-10,4,-11,5,-13,2,-13,3,-12,1,-10,0,-11,-2,-13,-1,-13,-2,-11,-5,-14,-6,-11,-6,-11,-9,0,0,0,0,0,0,0,0,0,0,0,0,0,0,0,0,0,0,0,0,0,0,-34,2,-34,-1,-31,-2,-33,-2,-30,-3,-30,-5,-27,-1,-24,-2,-26,-1,-26,2,-25,2,-22,2,-21,3,-21,5,-19,7,-16,8,-17,12,-15,10,-15,14,-12,17,-9,13,-11,17,-10,19,-7,22,-5,24,-4,26,-2,27,-1,26,0,25,2,28,4,27,5,31,7,30,8,29,9,30,11,28,12,25,17,27,17,26,23,24,25,24,26,23,29,23,32,21,33,20,39,21,38,20,37,19,41,14,43,13,43,13,47,12,50,16,47,12,51,15,50,13,47,14,0,0]"
CSI_DATA,187,1a:00:00:00:00:00,-51,11,1,0,1,1,1,0,0,0,1,-96,0,11,2,2734426,0,44,0,384,0,"[0,0,0,0,0,0,0,0,0,0,0,0,6,14,6,13,6,12,6,12,5,11,4,10,5,9,5,8,4,8,4,7,4,7,4,6,4,5,4,4,3,4,4,4,3,3,3,3,3,2,3,1,2,1,2,0,1,0,1,-1,1,-1,1,-2,0,0,0,-3,1,-3,1,-4,1,-4,1,-5,1,-5,1,-5,1,-5,2,-5,2,-5,3,-6,3,-5,3,-5,3,-5,4,-4,4,-4,4,-4,4,-4,4,-3,5,-3,5,-2,5,-2,5,-1,5,-1,5,0,5,1,0,0,0,0,0,0,0,0,0,0,0,0,0,0,45,-6,46,-3,45,-10,40,-9,39,-9,36,-5,38,-7,35,-10,32,-7,30,-7,26,-9,25,-8,25,-8,22,-6,19,-5,17,-10,17,-10,16,-8,13,-10,12,-8,10,-8,8,-9,7,-6,8,-9,5,-6,3,-7,0,-4,-2,-6,2,-5,-3,-3,-4,-6,-5,-4,-7,-5,-6,-6,-9,-6,-10,-7,-10,-8,-12,-8,-10,-11,-11,-10,-13,-8,-11,-11,-10,-11,-8,-13,-8,-13,-11,-14,-7,-14,-6,-15,-4,-14,-6,-14,-4,-14,0,-14,0,-14,-1,-14,3,-15,4,-12,4,-11,0,0,0,0,0,0,0,0,0,0,0,0,0,0,0,0,0,0,0,0,0,0,-31,-18,-28,-22,-28,-23,-26,-24,-25,-23,-22,-22,-22,-21,-20,-22,-21,-20,-24,-18,-20,-20,-22,-16,-22,-18,-20,-14,-19,-13,-18,-11,-21,-7,-20,-7,-21,-4,-21,-3,-21,-1,-22,0,-23,3,-22,8,-23,9,-23,12,-23,11,-23,14,-23,13,-22,17,-19,16,-23,20,-21,22,-20,21,-19,25,-19,25,-15,26,-13,26,-12,29,-11,33,-9,30,-6,33,-7,35,-1,39,0,38,2,38,3,40,5,41,5,43,4,48,8,46,10,45,8,46,10,49,10,51,12,54,10,51,0,0]"
CSI_DATA,188,1a:00:00:00:00:00,-49,11,1,0,1,1,1,0,0,0,1,-96,0,11,2,2744500,0,44,0,384,0,"[0,0,0,0,0,0,0,0,0,0,0,0,-15,0,-14,0,-14,1,-13,0,-12,0,-11,0,-11,1,-10,1,-10,1,-9,1,-8,1,-8,1,-7,1,-6,1,-6,1,-5,2,-5,2,-4,2,-4,2,-3,2,-3,2,-2,2,-1,2,-1,2,-1,2,0,2,0,0,1,3,1,3,2,3,2,3,2,4,2,4,2,4,2,4,3,5,2,5,2,6,1,6,1,6,1,6,0,6,0,6,0,6,0,5,-1,5,-1,5,-2,5,-2,5,-3,5,-3,4,-4,4,-4,3,0,0,0,0,0,0,0,0,0,0,0,0,0,0,-18,44,-17,39,-15,40,-16,36,-14,37,-14,33,-14,34,-14,32,-11,27,-11,26,-8,28,-7,27,-7,26,-9,19,-6,21,-2,21,-4,18,-2,16,-2,16,-2,12,1,15,-1,13,1,9,4,8,3,5,3,8,6,6,6,2,7,4,8,2,9,0,9,2,10,0,9,-1,13,-2,11,-2,13,-2,15,-1,14,-1,17,-1,16,0,15,3,16,3,17,3,16,5,16,4,15,6,13,5,13,4,13,7,14,7,13,9,10,9,9,11,8,8,5,13,4,13,0,0,0,0,0,0,0,0,0,0,0,0,0,0,0,0,0,0,0,0,0,0,19,-30,20,-25,23,-26,21,-25,24,-22,22,-23,24,-22,22,-21,20,-22,21,-21,20,-19,19,-20,16,-23,17,-19,15,-21,14,-20,10,-22,11,-20,8,-21,7,-20,6,-21,2,-25,1,-24,1,-25,0,-26,-4,-25,-3,-29,-4,-27,-5,-26,-7,-25,-9,-26,-10,-29,-10,-27,-15,-26,-15,-28,-16,-25,-16,-25,-19,-23,-20,-23,-24,-22,-24,-23,-28,-20,-28,-19,-29,-19,-30,-15,-36,-12,-34,-16,-37,-14,-41,-11,-39,-15,-41,-15,-46,-15,-47,-15,-45,-13,-48,-17,-46,-13,-46,-15,0,0]"
CSI_DATA,189,1a:00:00:00:00:00,-49,11,1,0,1,1,1,0,0,0,1,-96,0,11,2,2754460,0,44,0,384,0,"[0,0,0,0,0,0,0,0,0,0,0,0,-8,13,-7,12,-5,11,-6,11,-6,10,-6,9,-5,10,-5,9,-4,8,-4,7,-3,7,-2,7,-2,7,-1,6,-1,6,-1,5,0,5,0,4,1,4,1,4,1,3,1,3,2,3,2,2,3,2,3,2,0,0,4,1,4,1,5,0,5,1,5,0,6,1,6,1,6,2,7,2,6,2,6,2,6,3,6,2,6,3,5,4,4,4,5,4,4,5,4,4,4,4,3,5,2,5,2,5,1,5,0,5,-1,5,0,0,0,0,0,0,0,0,0,0,0,0,0,0,-38,73,-38,73,-34,76,-37,67,-33,66,-31,64,-30,61,-28,58,-27,51,-24,52,-17,48,-18,50,-16,46,-11,40,-14,40,-6,37,-6,37,-7,36,-6,30,-1,28,2,32,2,22,7,22,6,17,5,20,5,15,10,15,14,11,13,11,17,8,20,11,24,6,19,10,30,7,27,7,31,3,29,8,32,9,31,10,33,16,34,13,33,19,31,16,30,18,30,19,31,24,27,18,24,22,24,25,23,24,18,23,21,27,16,27,10,24,7,29,6,25,2,28,0,0,0,0,0,0,0,0,0,0,0,0,0,0,0,0,0,0,0,0,0,0,23,-60,30,-58,28,-55,31,-55,33,-53,37,-52,33,-46,34,-45,33,-48,31,-44,32,-49,28,-47,27,-49,25,-45,25,-41,21,-45,19,-50,17,-44,11,-46,14,-43,6,-47,4,-53,6,-52,1,-51,-2,-54,-7,-51,-4,-53,-7,-51,-9,-53,-13,-54,-11,-48,-21,-54,-16,-56,-23,-52,-25,-53,-26,-50,-29,-48,-35,-46,-33,-43,-43,-44,-41,-42,-48,-40,-49,-38,-55,-37,-56,-36,-58,-31,-58,-33,-66,-30,-66,-32,-73,-31,-76,-31,-83,-29,-78,-34,-78,-34,-85,-33,-87,-35,-84,-35,0,0]"
CSI_DATA,190,1a:00:00:00:00:00,-48,11,1,0,1,1,1,0,0,0,1,-96,0,11,2,2764492,0,44,0,384,0,"[0,0,0,0,0,0,0,0,0,0,0,0,-14,-1,-13,-1,-12,-1,-12,-1,-11,-2,-11,-1,-10,0,-9,0,-9,0,-8,0,-8,0,-7,1,-7,1,-6,1,-6,1,-5,3,-5,2,-5,2,-4,3,-3,3,-3,3,-3,3,-2,3,-2,3,-2,4,-1,4,0,0,-1,5,-1,5,0,5,0,6,0,6,0,7,-1,6,-1,7,-1,7,-1,7,-2,7,-2,7,-2,7,-3,6,-2,6,-3,6,-4,6,-3,6,-3,5,-4,5,-4,5,-5,4,-5,3,-5,3,-5,2,-5,1,0,0,0,0,0,0,0,0,0,0,0,0,0,0,-84,-1,-80,-5,-80,0,-72,1,-72,4,-63,1,-65,-1,-65,5,-54,2,-53,6,-48,10,-49,6,-50,9,-44,8,-36,7,-35,16,-34,15,-32,15,-25,14,-28,15,-26,21,-21,22,-17,20,-14,19,-15,19,-13,18,-5,24,-7,20,-6,25,-1,26,0,23,4,28,4,30,5,32,8,31,4,36,5,39,6,38,6,39,4,38,7,42,2,43,1,44,-2,43,-5,41,-9,40,-8,38,-8,40,-13,32,-10,33,-12,31,-13,30,-19,29,-24,28,-23,22,-22,16,-28,14,0,0,0,0,0,0,0,0,0,0,0,0,0,0,0,0,0,0,0,0,0,0,62,-5,61,5,59,10,61,8,57,11,57,10,52,9,55,10,57,9,52,12,51,6,50,3,55,5,48,4,48,3,52,1,51,-9,46,-4,46,-7,47,-6,45,-10,52,-17,48,-20,52,-19,50,-18,51,-31,46,-23,49,-28,50,-29,52,-32,44,-30,50,-36,44,-35,39,-40,43,-39,36,-43,36,-44,29,-46,30,-46,26,-52,22,-56,19,-59,17,-58,16,-61,7,-64,4,-67,4,-69,3,-66,-1,-72,4,-75,-6,-79,-5,-81,-5,-80,-9,-78,-8,-89,-7,-89,2,-86,0,0]"
CSI_DATA,191,1a:00:00:00:00:00,-47,11,1,0,1,1,1,0,0,0,1,-96,0,11,2,2784496,0,44,0,384,0,"[0,0,0,0,0,0,0,0,0,0,0,0,0,-12,0,-12,-1,-11,-1,-12,-1,-10,-1,-9,-2,-9,-2,-9,-2,-8,-3,-7,-3,-7,-3,-6,-3,-6,-4,-5,-4,-5,-4,-5,-4,-4,-4,-4,-5,-3,-5,-2,-5,-2,-6,-1,-5,-2,-6,-1,-6,-1,-7,-1,0,0,-7,0,-7,0,-8,1,-8,0,-8,0,-8,1,-8,1,-9,0,-9,0,-9,-1,-9,-2,-9,-1,-9,-2,-8,-2,-8,-3,-8,-3,-7,-3,-7,-4,-7,-4,-6,-4,-6,-4,-5,-4,-5,-4,-4,-5,-3,-5,-3,-5,0,0,0,0,0,0,0,0,0,0,0,0,0,0,8,-75,8,-71,3,-67,3,-64,7,-61,-1,-63,-4,-52,2,-58,-4,-51,-3,-48,-4,-48,-3,-46,-4,-44,-8,-35,-7,-37,-14,-31,-14,-32,-17,-26,-18,-25,-18,-22,-22,-24,-21,-17,-20,-14,-24,-18,-24,-10,-23,-6,-30,-7,-29,-1,-26,-3,-30,1,-35,1,-38,1,-35,1,-40,3,-38,1,-44,0,-45,-1,-44,1,-49,-3,-47,-6,-45,-7,-48,-13,-47,-13,-43,-13,-40,-11,-41,-14,-44,-22,-38,-17,-37,-22,-34,-20,-27,-22,-28,-26,-24,-26,-21,-22,-16,-26,-16,-27,-7,-32,0,0,0,0,0,0,0,0,0,0,0,0,0,0,0,0,0,0,0,0,0,0,12,54,6,56,4,52,2,55,3,54,-5,54,0,52,-1,53,-4,54,2,47,0,52,4,49,8,49,9,50,6,46,6,47,15,51,12,44,17,48,17,50,18,47,17,52,20,49,24,54,28,52,31,49,25,51,36,55,34,50,40,50,32,48,40,53,37,46,40,45,40,45,43,37,44,36,41,35,46,36,53,28,56,27,53,25,56,27,60,13,60,16,70,21,66,17,65,11,68,10,71,11,73,8,79,5,82,7,74,4,82,3,84,3,78,9,0,0]"
CSI_DATA,192,1a:00:00:00:00:00,-47,11,1,0,1,1,1,0,0,0,1,-96,0,11,2,2794537,0,44,0,384,0,"[0,0,0,0,0,0,0,0,0,0,0,0,12,-1,11,-2,10,-1,10,-1,9,-1,8,-2,8,-3,7,-2,7,-3,6,-3,6,-3,5,-4,5,-3,4,-4,3,-4,3,-5,3,-5,2,-5,1,-4,1,-5,1,-5,0,-5,0,-6,0,-6,-1,-6,-2,-7,0,0,-2,-7,-2,-8,-2,-8,-2,-8,-2,-8,-2,-9,-1,-9,-1,-9,-1,-10,-1,-10,0,-10,1,-9,1,-9,1,-9,2,-8,2,-8,2,-8,2,-7,3,-7,3,-7,3,-6,4,-6,4,-5,4,-4,4,-4,4,-3,0,0,0,0,0,0,0,0,0,0,0,0,0,0,67,22,69,19,65,14,57,10,59,8,55,6,56,5,54,9,46,6,41,3,45,0,43,-3,35,-4,36,-6,31,-3,30,-8,32,-10,23,-11,23,-13,17,-16,21,-19,16,-17,17,-25,12,-20,14,-21,11,-25,7,-27,5,-30,3,-29,-1,-35,-3,-33,1,-39,3,-36,1,-38,-1,-39,2,-41,2,-42,1,-44,9,-44,8,-43,6,-46,7,-45,13,-45,16,-47,16,-39,19,-41,21,-35,21,-37,17,-30,23,-30,22,-29,24,-27,24,-22,27,-19,27,-18,25,-17,22,-6,0,0,0,0,0,0,0,0,0,0,0,0,0,0,0,0,0,0,0,0,0,0,-53,10,-53,5,-55,5,-54,2,-54,-2,-51,-3,-49,-4,-51,-5,-51,-2,-51,2,-50,0,-49,3,-50,6,-51,5,-49,6,-46,8,-49,13,-50,13,-48,13,-46,20,-50,16,-57,19,-53,21,-55,26,-54,20,-53,33,-55,30,-53,28,-57,32,-53,31,-51,36,-53,35,-48,35,-49,40,-50,41,-47,44,-44,45,-43,47,-43,45,-34,52,-35,54,-31,57,-31,57,-30,62,-26,62,-22,58,-23,63,-21,73,-22,69,-19,76,-23,74,-15,74,-19,75,-15,73,-18,79,-14,82,-16,83,0,0]"
CSI_DATA,193,1a:00:00:00:00:00,-47,11,1,0,1,1,1,0,0,0,1,-96,0,11,2,2814728,0,44,0,384,0,"[0,0,0,0,0,0,0,0,0,0,0,0,0,-12,0,-12,-1,-11,-1,-11,-1,-10,0,-10,-2,-9,-1,-8,-2,-8,-2,-7,-2,-7,-2,-6,-3,-5,-3,-5,-3,-4,-3,-4,-3,-3,-3,-3,-4,-2,-4,-1,-4,-2,-5,-1,-5,-1,-5,0,-6,0,-6,0,0,0,-6,1,-7,1,-7,2,-7,1,-8,1,-8,1,-8,1,-8,0,-8,1,-8,0,-8,-1,-8,-1,-8,-1,-8,-2,-7,-2,-7,-2,-7,-3,-6,-3,-6,-3,-6,-3,-5,-4,-5,-3,-4,-4,-4,-4,-3,-5,-2,-4,0,0,0,0,0,0,0,0,0,0,0,0,0,0,-13,-70,-10,-67,-9,-64,-10,-64,-7,-63,-9,-56,-15,-53,-12,-51,-12,-47,-12,-43,-15,-40,-13,-37,-15,-36,-14,-29,-10,-29,-17,-25,-17,-22,-16,-17,-17,-16,-21,-15,-16,-14,-19,-9,-19,-5,-18,-1,-17,-1,-22,3,-23,5,-24,8,-28,11,-26,10,-27,11,-28,16,-29,14,-30,14,-31,15,-33,19,-35,18,-34,16,-40,13,-40,11,-36,8,-41,5,-44,3,-42,5,-36,5,-41,1,-39,0,-39,-2,-35,-5,-34,-8,-29,-11,-28,-10,-23,-8,-22,-14,-21,-16,-20,-19,-14,-19,0,0,0,0,0,0,0,0,0,0,0,0,0,0,0,0,0,0,0,0,0,0,34,38,28,38,32,44,30,48,23,45,25,44,26,39,26,43,29,42,28,43,27,44,26,40,29,39,31,43,28,37,35,41,39,38,39,43,42,33,44,35,44,36,52,38,51,40,55,34,53,40,53,38,49,38,59,37,56,39,64,32,58,32,62,33,63,28,58,27,66,23,62,21,61,22,64,18,62,14,67,12,63,13,67,5,68,4,72,0,69,1,75,-3,76,-6,74,-12,70,-13,77,-12,77,-12,78,-12,75,-14,83,-15,87,-16,81,-13,80,-14,0,0]"
CSI_DATA,194,1a:00:00:00:00:00,-47,11,1,0,1,1,1,0,0,0,1,-96,0,11,2,2824413,0,44,0,384,0,"[0,0,0,0,0,0,0,0,0,0,0,0,10,1,10,1,9,0,9,1,8,0,8,0,7,-1,6,-1,6,-1,6,-1,5,-1,4,-2,4,-2,3,-2,3,-2,3,-3,2,-3,1,-3,1,-3,1,-3,1,-4,0,-4,0,-4,0,-5,0,-5,-1,-6,0,0,-2,-6,-1,-6,-2,-6,-2,-7,-1,-7,-1,-7,-1,-7,-1,-7,-1,-8,0,-7,0,-7,1,-7,1,-6,1,-7,1,-6,2,-6,2,-6,2,-5,2,-5,2,-5,2,-4,3,-4,3,-3,3,-3,3,-2,3,-2,0,0,0,0,0,0,0,0,0,0,0,0,0,0,74,13,67,13,66,12,62,9,59,10,52,8,55,7,54,2,46,5,43,1,40,2,35,0,33,-1,33,-2,29,1,26,-5,28,-6,23,-7,22,-11,18,-11,16,-14,13,-16,9,-14,10,-14,7,-19,5,-19,3,-21,-1,-23,3,-27,-4,-26,-6,-27,-3,-32,-3,-29,-8,-35,-9,-33,-4,-38,-1,-39,-4,-41,0,-37,0,-41,2,-38,6,-38,9,-37,8,-35,10,-33,10,-31,12,-31,11,-30,12,-21,12,-24,14,-22,16,-24,17,-19,20,-14,19,-12,19,-9,18,-5,0,0,0,0,0,0,0,0,0,0,0,0,0,0,0,0,0,0,0,0,0,0,-46,24,-45,19,-49,20,-51,16,-53,16,-46,15,-47,14,-44,16,-48,17,-50,15,-48,17,-47,12,-49,23,-51,20,-46,21,-49,22,-48,31,-48,27,-46,25,-48,32,-48,33,-51,35,-52,35,-52,36,-54,42,-52,39,-53,36,-49,43,-48,41,-51,43,-43,44,-46,51,-45,49,-44,49,-47,51,-41,56,-37,54,-39,56,-36,56,-32,58,-32,59,-24,63,-22,65,-18,65,-20,67,-13,71,-14,67,-11,69,-12,73,-17,75,-19,75,-10,76,-19,82,-10,74,-14,85,-11,77,-9,80,0,0]"
CSI_DATA,195,1a:00:00:00:00:00,-48,11,1,0,1,1,1,0,0,0,1,-96,0,11,2,2834381,0,44,0,384,0,"[0,0,0,0,0,0,0,0,0,0,0,0,10,3,9,3,9,3,9,3,8,2,7,2,7,1,6,1,5,1,5,1,5,0,4,-1,4,-1,3,-1,3,-1,3,-2,3,-2,2,-2,2,-3,2,-3,1,-3,1,-4,0,-4,0,-4,0,-5,-1,-5,0,0,-1,-6,0,-6,0,-7,-1,-7,0,-6,0,-7,0,-7,1,-7,1,-7,1,-7,1,-7,2,-6,2,-6,2,-6,3,-5,3,-5,3,-5,3,-5,2,-4,3,-4,3,-3,3,-3,3,-2,3,-2,3,-2,2,-1,0,0,0,0,0,0,0,0,0,0,0,0,0,0,56,45,58,45,59,36,54,37,49,33,44,27,47,34,46,31,38,28,35,23,36,20,34,16,29,13,26,14,25,10,24,6,27,3,23,3,21,1,18,-4,16,-6,14,-4,12,-12,13,-11,12,-16,14,-15,10,-18,8,-23,6,-25,5,-26,3,-28,5,-32,7,-31,3,-34,3,-35,12,-32,9,-40,11,-35,12,-32,17,-32,13,-36,17,-31,19,-29,21,-30,18,-29,21,-31,22,-24,23,-24,22,-19,22,-19,22,-16,25,-12,21,-13,22,-9,22,-11,20,-3,18,0,0,0,0,0,0,0,0,0,0,0,0,0,0,0,0,0,0,0,0,0,0,0,-55,-10,-51,-13,-51,-14,-52,-16,-49,-18,-50,-16,-47,-16,-45,-15,-50,-13,-50,-14,-49,-14,-48,-8,-60,-10,-57,-7,-50,-10,-51,-6,-57,-2,-52,-8,-58,-1,-58,-2,-58,-2,-65,2,-65,5,-65,6,-66,8,-67,13,-67,9,-63,11,-66,11,-72,9,-64,12,-70,18,-69,15,-65,19,-64,20,-63,23,-57,28,-60,33,-57,34,-53,42,-56,38,-52,47,-53,44,-54,49,-45,51,-50,53,-47,56,-45,59,-43,56,-52,65,-45,66,-44,65,-50,67,-48,67,-50,75,-48,72,-51,69,0,0]"
CSI_DATA,196,1a:00:00:00:00:00,-48,11,1,0,1,1,1,0,0,0,1,-96,0,11,2,2848368,0,44,0,384,0,"[0,0,0,0,0,0,0,0,0,0,0,0,12,-1,11,-2,11,-2,10,-1,9,-1,8,-2,8,-2,7,-2,6,-2,5,-2,5,-2,4,-3,4,-2,3,-3,2,-3,2,-4,1,-4,0,-3,0,-3,-1,-4,-1,-3,-1,-3,-2,-4,-2,-5,-3,-4,-3,-5,0,0,-4,-5,-4,-5,-4,-6,-4,-6,-3,-6,-4,-7,-4,-7,-4,-7,-3,-7,-3,-7,-3,-8,-2,-7,-1,-7,-1,-7,-1,-7,0,-7,0,-6,0,-6,0,-6,0,-5,1,-5,1,-4,2,-4,2,-4,2,-3,2,-3,0,0,0,0,0,0,0,0,0,0,0,0,0,0,41,-3,38,1,37,-3,34,-4,32,-7,28,-4,29,-3,27,-5,25,-4,22,-4,20,-6,17,-7,15,-4,13,-6,11,-4,12,-7,10,-5,8,-6,9,-6,2,-9,2,-8,2,-8,2,-7,-2,-8,-3,-7,-4,-11,-8,-9,-8,-9,-7,-10,-10,-10,-9,-10,-14,-13,-12,-13,-12,-13,-15,-12,-12,-14,-14,-13,-11,-14,-13,-14,-11,-16,-13,-16,-9,-19,-8,-17,-8,-18,-8,-15,-7,-16,-5,-15,-4,-16,-4,-13,-3,-14,-3,-13,-1,-13,1,-13,2,-12,3,-10,4,-9,4,-7,0,0,0,0,0,0,0,0,0,0,0,0,0,0,0,0,0,0,0,0,0,0,-29,-1,-27,-3,-27,-4,-25,-3,-28,-3,-26,-4,-25,-3,-24,0,-26,-1,-25,0,-25,-3,-26,0,-27,2,-26,4,-26,3,-26,5,-26,8,-27,8,-28,10,-28,8,-28,11,-30,14,-31,15,-29,12,-30,14,-31,17,-30,15,-28,19,-27,18,-28,19,-25,21,-27,21,-25,24,-22,25,-22,26,-20,25,-19,27,-19,29,-16,28,-15,32,-14,32,-9,32,-10,34,-8,36,-6,33,0,33,-1,36,2,36,0,39,-3,41,-2,39,0,43,2,43,1,41,1,46,1,44,4,43,0,0]"
CSI_DATA,197,1a:00:00:00:00:00,-49,11,1,0,1,1,1,0,0,0,1,-96,0,11,2,2854406,0,44,0,384,0,"[0,0,0,0,0,0,0,0,0,0,0,0,-9,8,-9,8,-7,8,-7,7,-6,6,-6,6,-6,6,-5,5,-4,5,-4,4,-3,4,-2,4,-2,3,-1,3,-1,3,0,3,0,2,1,2,1,2,1,2,2,1,3,1,3,1,3,1,4,0,4,1,0,0,5,1,5,0,6,1,6,1,6,1,6,1,6,1,6,2,6,2,6,3,6,3,5,3,5,3,4,3,4,4,4,4,3,4,3,4,2,4,2,4,1,3,1,3,1,3,0,3,0,3,-1,3,0,0,0,0,0,0,0,0,0,0,0,0,0,0,-52,54,-52,52,-50,56,-48,57,-40,53,-38,51,-35,44,-33,40,-28,40,-30,36,-23,39,-18,32,-15,34,-12,27,-11,23,-7,25,-8,25,-5,16,3,13,7,20,13,13,7,13,8,10,13,7,12,5,15,6,17,2,22,5,19,4,27,4,27,-1,32,2,33,-3,34,-2,35,-5,35,3,34,0,36,-1,38,3,37,2,41,11,37,11,35,8,32,10,31,12,32,18,28,19,28,18,20,18,23,15,22,15,19,16,15,14,12,15,6,17,9,14,1,16,0,0,0,0,0,0,0,0,0,0,0,0,0,0,0,0,0,0,0,0,0,0,38,-43,39,-41,39,-37,39,-40,41,-35,34,-36,36,-35,33,-36,34,-40,33,-36,35,-37,31,-40,31,-43,29,-44,25,-42,27,-45,21,-52,22,-55,17,-50,19,-54,20,-61,13,-60,16,-60,16,-63,14,-65,9,-66,12,-64,6,-69,9,-63,1,-70,1,-64,-3,-70,-6,-67,-11,-66,-11,-69,-18,-66,-17,-63,-20,-69,-20,-61,-27,-63,-30,-62,-38,-59,-35,-63,-46,-58,-45,-60,-49,-52,-55,-54,-58,-51,-62,-55,-63,-58,-57,-55,-60,-59,-69,-56,-71,-54,-68,-58,-73,-56,-73,-54,0,0]"
CSI_DATA,198,1a:00:00:00:00:00,-49,11,1,0,1,1,1,0,0,0,1,-96,0,11,2,2864501,0,44,0,384,0,"[0,0,0,0,0,0,0,0,0,0,0,0,2,-13,1,-12,0,-12,0,-11,0,-10,1,-9,0,-8,-1,-8,0,-7,-1,-6,-1,-6,-2,-5,-2,-5,-2,-4,-3,-3,-3,-4,-3,-3,-3,-2,-3,-1,-4,-1,-4,-1,-4,0,-4,0,-5,0,-5,1,-5,1,0,0,-5,1,-6,1,-7,1,-7,1,-7,1,-8,1,-8,1,-7,1,-8,0,-7,0,-8,-1,-7,-1,-7,-2,-7,-2,-6,-2,-6,-3,-6,-3,-5,-2,-5,-3,-4,-3,-4,-3,-4,-3,-3,-3,-3,-4,-2,-4,-1,-4,0,0,0,0,0,0,0,0,0,0,0,0,0,0,5,-41,3,-38,1,-39,4,-35,4,-33,4,-32,2,-27,1,-28,1,-23,0,-24,-1,-20,1,-20,-2,-18,-4,-14,-1,-15,-3,-14,-8,-13,-6,-9,-8,-8,-7,-7,-8,-6,-8,-6,-9,-1,-8,-2,-7,0,-12,2,-11,1,-11,4,-11,4,-13,4,-12,5,-16,5,-15,8,-16,8,-18,7,-19,9,-18,5,-20,6,-22,3,-20,2,-20,2,-20,-2,-19,0,-18,-2,-18,-1,-20,-3,-16,-5,-15,-3,-15,-4,-12,-6,-13,-5,-12,-8,-10,-7,-9,-8,-9,-8,-6,-9,-3,-9,0,0,0,0,0,0,0,0,0,0,0,0,0,0,0,0,0,0,0,0,0,0,5,26,2,26,0,25,0,26,-1,26,-1,24,0,24,0,23,3,27,3,23,3,23,5,21,7,24,7,26,8,26,8,21,13,24,10,24,13,24,14,24,16,24,17,27,16,24,20,28,19,27,21,27,20,27,21,26,22,27,24,24,23,21,25,23,23,21,26,20,28,18,27,18,27,16,30,15,30,15,31,13,31,13,33,8,36,8,37,6,35,6,33,3,39,2,40,2,40,1,42,-1,40,2,43,-3,46,2,41,0,46,-1,49,-2,42,-1,0,0]"
CSI_DATA,199,1a:00:00:00:00:00,-49,11,1,0,1,1,1,0,0,0,1,-96,0,11,2,2874442,0,44,0,384,0,"[0,0,0,0,0,0,0,0,0,0,0,0,-3,-12,-3,-11,-4,-11,-4,-10,-4,-9,-3,-8,-3,-8,-3,-7,-3,-6,-3,-5,-3,-5,-3,-4,-3,-3,-4,-3,-3,-3,-4,-2,-3,-1,-3,-1,-4,-1,-4,0,-4,0,-4,1,-4,1,-5,2,-5,2,-4,2,0,0,-5,3,-6,3,-6,3,-6,3,-6,3,-6,3,-6,3,-7,2,-7,2,-7,1,-7,1,-7,1,-7,0,-6,0,-6,-1,-6,-1,-6,-1,-5,-1,-5,-2,-5,-2,-5,-2,-4,-2,-4,-3,-4,-3,-3,-3,-2,-3,0,0,0,0,0,0,0,0,0,0,0,0,0,0,-21,-82,-13,-82,-20,-70,-19,-72,-19,-67,-10,-58,-21,-56,-17,-54,-18,-48,-13,-38,-12,-35,-14,-34,-17,-36,-18,-27,-14,-23,-19,-23,-21,-18,-17,-12,-17,-9,-18,-10,-18,-2,-16,-6,-19,4,-19,4,-17,5,-19,9,-20,8,-16,14,-21,16,-23,16,-19,19,-25,22,-23,20,-27,22,-24,28,-31,23,-32,23,-33,19,-37,18,-31,20,-40,12,-36,12,-36,13,-35,10,-30,5,-34,3,-33,4,-30,7,-30,0,-29,-3,-27,-7,-25,-7,-26,-4,-23,-9,-22,-8,-17,-12,-15,-15,0,0,0,0,0,0,0,0,0,0,0,0,0,0,0,0,0,0,0,0,0,0,19,44,16,46,13,48,13,44,16,46,10,43,13,41,12,41,15,42,16,40,17,40,20,38,31,39,28,38,27,35,27,38,30,33,35,37,42,34,39,31,44,37,50,39,47,38,50,33,49,39,58,35,54,37,54,32,53,36,54,30,56,29,60,27,62,26,59,20,62,23,61,19,63,17,66,10,64,9,66,0,61,0,70,-4,65,-6,75,-12,65,-11,67,-11,77,-14,69,-22,73,-29,78,-28,80,-26,85,-30,87,-28,83,-25,86,-30,85,-34,86,-34,0,0]"
CSI_DATA,200,1a:00:00:00:00:00,-49,11,1,0,1,1,1,0,0,0,1,-96,0,11,2,2914502,0,44,0,384,0,"[0,0,0,0,0,0,0,0,0,0,0,0,-7,9,-7,10,-5,9,-5,8,-5,7,-5,7,-5,7,-4,6,-4,6,-3,4,-2,5,-2,5,-1,4,0,4,0,3,0,3,0,4,1,3,1,3,2,2,2,2,3,2,2,2,3,2,4,2,4,3,0,0,4,3,5,3,5,3,5,3,5,3,5,4,4,4,4,4,4,4,3,4,3,5,3,5,2,5,2,5,1,5,1,5,1,4,0,4,0,4,0,4,-1,4,-1,4,-2,3,-2,3,-3,3,-3,2,0,0,0,0,0,0,0,0,0,0,0,0,0,0,-33,24,-33,24,-29,26,-27,23,-27,24,-25,21,-24,21,-21,19,-16,16,-18,16,-16,17,-13,16,-14,13,-10,12,-9,12,-6,12,-5,12,-3,10,-2,10,0,12,1,11,2,9,3,9,5,8,5,6,6,9,6,11,8,8,9,7,10,9,10,11,12,11,10,12,14,10,14,12,12,13,12,13,11,14,11,12,11,14,11,16,8,16,8,17,5,16,4,15,4,15,3,15,2,15,0,14,0,15,-1,12,-1,12,-3,11,-5,12,-7,9,-6,8,-7,8,0,0,0,0,0,0,0,0,0,0,0,0,0,0,0,0,0,0,0,0,0,0,13,-14,11,-10,12,-12,11,-11,10,-11,8,-11,8,-12,7,-12,6,-14,4,-13,5,-14,2,-15,1,-16,0,-18,-2,-19,-1,-21,-3,-26,-2,-25,-3,-25,-3,-27,-4,-27,-3,-31,-4,-32,-5,-31,-4,-34,-7,-34,-4,-35,-6,-34,-3,-33,-7,-37,-7,-32,-8,-34,-8,-34,-11,-34,-10,-34,-12,-33,-13,-32,-17,-34,-15,-32,-20,-33,-19,-31,-22,-31,-25,-30,-27,-30,-27,-29,-27,-28,-29,-29,-32,-29,-33,-30,-33,-33,-31,-32,-36,-33,-37,-33,-35,-28,-35,-37,-34,-36,-34,-36,0,0]"
CSI_DATA,201,1a:00:00:00:00:00,-50,11,1,0,1,1,1,0,0,0,1,-96,0,11,2,2934896,0,44,0,384,0,"[0,0,0,0,0,0,0,0,0,0,0,0,-7,-10,-7,-9,-8,-8,-7,-8,-6,-8,-6,-7,-6,-6,-5,-6,-5,-5,-5,-4,-4,-4,-5,-3,-4,-3,-4,-2,-4,-2,-4,-1,-4,-1,-3,0,-3,0,-4,1,-3,1,-3,1,-3,1,-3,2,-3,3,-3,3,0,0,-3,3,-4,3,-4,4,-4,4,-4,3,-5,4,-5,4,-5,3,-5,3,-5,3,-6,2,-6,2,-5,1,-6,1,-6,1,-5,0,-5,0,-5,0,-5,-1,-5,-1,-5,-1,-5,-2,-4,-2,-4,-2,-4,-3,-3,-3,0,0,0,0,0,0,0,0,0,0,0,0,0,0,-63,-58,-56,-64,-57,-51,-48,-50,-53,-51,-44,-44,-45,-44,-43,-39,-41,-34,-27,-31,-31,-25,-31,-25,-31,-20,-30,-18,-25,-18,-23,-9,-24,-9,-21,-4,-19,-2,-22,0,-19,2,-19,6,-16,7,-16,8,-14,10,-16,16,-13,15,-14,21,-12,22,-15,21,-11,21,-12,24,-13,25,-12,28,-15,28,-17,27,-18,31,-20,31,-23,26,-19,27,-28,26,-25,20,-26,22,-27,18,-28,15,-29,18,-24,14,-30,10,-23,11,-24,7,-24,7,-24,3,-23,3,-25,0,-24,-4,-22,-6,-18,-10,0,0,0,0,0,0,0,0,0,0,0,0,0,0,0,0,0,0,0,0,0,0,18,29,14,27,16,25,14,21,14,25,12,21,16,19,15,17,19,15,23,10,23,8,26,10,34,2,31,3,35,4,39,1,44,-4,44,1,47,-8,53,-6,54,-5,63,-6,61,-3,64,-6,66,-8,66,-12,67,-7,65,-8,70,-5,72,-11,68,-13,71,-14,67,-20,61,-21,70,-24,65,-27,65,-30,65,-33,63,-37,63,-44,64,-44,60,-50,61,-50,63,-56,51,-52,54,-55,55,-61,53,-68,59,-70,60,-73,60,-72,60,-77,59,-71,61,-75,62,-79,59,-76,63,-76,0,0]"
CSI_DATA,202,1a:00:00:00:00:00,-50,11,1,0,1,1,1,0,0,0,1,-96,0,11,2,2944411,0,44,0,384,0,"[0,0,0,0,0,0,0,0,0,0,0,0,-7,-13,-7,-12,-7,-11,-7,-11,-6,-9,-5,-8,-6,-7,-5,-6,-5,-6,-5,-5,-5,-5,-5,-4,-5,-3,-5,-2,-4,-2,-4,-1,-4,-1,-4,0,-4,1,-4,1,-3,1,-3,2,-3,2,-3,3,-3,3,-3,4,0,0,-3,4,-4,5,-4,5,-4,5,-5,5,-5,5,-5,5,-5,5,-5,5,-6,4,-6,4,-6,3,-6,3,-6,3,-7,2,-6,2,-6,2,-6,1,-6,1,-6,1,-6,0,-6,-1,-6,-1,-6,-2,-5,-2,-5,-3,0,0,0,0,0,0,0,0,0,0,0,0,0,0,-44,2,-42,-1,-40,4,-38,1,-34,4,-29,4,-32,3,-28,4,-27,3,-24,7,-22,2,-17,3,-17,4,-16,4,-12,4,-11,7,-11,6,-6,7,-8,4,-7,6,-2,8,-2,8,-2,6,0,7,1,7,1,9,3,7,4,8,3,9,8,9,8,9,9,10,6,12,8,12,10,12,9,14,7,15,7,15,5,14,6,15,6,15,6,15,3,15,3,17,1,13,1,15,0,15,0,15,0,12,-4,13,-4,12,-4,13,-6,10,-6,11,-6,10,-7,11,-10,8,0,0,0,0,0,0,0,0,0,0,0,0,0,0,0,0,0,0,0,0,0,0,16,5,14,8,16,7,13,6,13,6,12,4,12,3,11,2,15,1,13,0,13,-4,14,-6,14,-9,17,-8,15,-10,15,-12,15,-16,20,-14,17,-19,21,-19,20,-20,22,-22,22,-25,24,-23,24,-24,22,-28,23,-27,22,-28,24,-26,21,-28,22,-30,20,-30,21,-30,18,-30,18,-31,15,-34,12,-35,10,-35,8,-36,7,-40,5,-40,3,-41,2,-39,1,-43,-2,-40,-1,-39,-3,-42,-5,-44,-6,-47,-4,-47,-9,-50,-11,-48,-9,-49,-10,-49,-11,-53,-10,-51,-9,-49,0,0]"
CSI_DATA,203,1a:00:00:00:00:00,-50,11,1,0,1,1,1,0,0,0,1,-96,0,11,2,2954456,0,44,0,384,0,"[0,0,0,0,0,0,0,0,0,0,0,0,11,-7,10,-7,9,-7,8,-6,8,-6,7,-5,6,-6,5,-5,4,-5,4,-4,3,-5,2,-5,2,-4,1,-4,1,-4,0,-4,-1,-4,-1,-4,-1,-3,-2,-3,-2,-3,-3,-3,-3,-3,-4,-3,-4,-3,-4,-3,0,0,-5,-3,-6,-3,-6,-3,-6,-3,-6,-3,-6,-3,-6,-4,-6,-4,-6,-4,-6,-5,-6,-5,-5,-5,-4,-5,-4,-5,-4,-6,-4,-5,-3,-6,-3,-5,-3,-5,-3,-5,-2,-6,-1,-6,-1,-6,0,-5,0,-5,1,-5,0,0,0,0,0,0,0,0,0,0,0,0,0,0,-13,-43,-14,-41,-17,-38,-13,-38,-13,-34,-12,-35,-12,-28,-12,-28,-13,-23,-9,-23,-12,-19,-10,-17,-11,-17,-10,-12,-10,-12,-9,-9,-11,-10,-11,-6,-9,-3,-12,-5,-8,-4,-9,-2,-6,0,-9,3,-8,3,-7,3,-8,4,-8,8,-9,7,-9,7,-10,9,-8,10,-9,12,-11,13,-10,14,-12,12,-12,14,-14,15,-14,12,-14,11,-13,8,-15,8,-13,6,-16,8,-14,6,-15,6,-15,4,-14,1,-14,2,-16,2,-15,-1,-13,0,-14,0,-13,-4,-13,-4,-12,-5,-12,-6,0,0,0,0,0,0,0,0,0,0,0,0,0,0,0,0,0,0,0,0,0,0,-9,17,-9,17,-9,15,-7,14,-6,15,-6,12,-4,13,-2,13,0,13,1,13,2,14,5,12,7,13,9,14,9,15,12,16,16,17,15,17,19,17,19,18,19,16,25,20,24,20,25,19,25,19,28,19,27,21,28,19,31,21,30,18,28,15,35,16,33,15,32,13,34,11,33,7,35,8,36,2,36,5,38,0,40,-2,40,-4,39,-6,41,-10,39,-9,40,-16,41,-15,40,-15,45,-18,46,-20,44,-18,45,-21,48,-20,43,-20,49,-21,45,-20,44,-18,0,0]"
CSI_DATA,204,1a:00:00:00:00:00,-50,11,1,0,1,1,1,0,0,0,1,-96,0,11,2,2964453,0,44,0,384,0,"[0,0,0,0,0,0,0,0,0,0,0,0,12,2,12,2,10,2,10,2,9,1,8,1,8,0,7,0,6,0,5,-1,5,-1,4,-2,4,-2,3,-2,3,-2,2,-3,2,-3,1,-3,1,-3,0,-4,0,-4,-1,-4,-1,-4,-1,-4,-1,-5,-2,-5,0,0,-3,-6,-2,-6,-3,-7,-3,-6,-2,-7,-2,-7,-2,-7,-2,-7,-2,-8,-1,-7,-1,-8,0,-7,0,-7,0,-7,1,-7,1,-7,1,-6,1,-6,2,-6,2,-6,2,-5,3,-5,3,-5,3,-4,4,-4,4,-3,0,0,0,0,0,0,0,0,0,0,0,0,0,0,34,-30,28,-28,25,-28,25,-26,25,-27,23,-23,23,-20,18,-22,16,-20,14,-18,13,-18,10,-17,10,-17,7,-13,5,-14,3,-12,2,-11,2,-10,-1,-9,-3,-11,-2,-10,-4,-9,-6,-7,-6,-4,-9,-4,-6,-6,-10,-6,-9,-3,-11,-4,-11,-4,-13,-2,-16,-5,-15,-3,-17,-3,-18,-5,-16,-4,-15,-4,-18,-5,-16,-8,-17,-8,-16,-6,-18,-10,-16,-8,-15,-11,-14,-10,-14,-12,-12,-12,-11,-12,-9,-12,-11,-12,-7,-12,-7,-13,-6,-14,-3,-13,-3,-11,-3,-13,0,-13,0,0,0,0,0,0,0,0,0,0,0,0,0,0,0,0,0,0,0,0,0,0,-21,-1,-22,-6,-19,-3,-17,-3,-16,-3,-16,-1,-15,-2,-14,1,-13,2,-12,3,-13,5,-11,8,-11,10,-10,9,-11,10,-10,17,-9,16,-10,20,-8,20,-8,21,-11,24,-9,27,-9,29,-7,27,-11,30,-7,31,-7,30,-7,33,-7,30,-5,34,-3,31,-2,34,-2,34,1,31,3,34,5,31,8,34,11,32,14,32,14,34,15,32,21,32,20,31,24,30,26,30,26,30,27,31,31,29,31,30,33,32,35,31,38,30,36,32,37,31,39,35,38,32,34,32,0,0]"
CSI_DATA,205,1a:00:00:00:00:00,-50,11,1,0,1,1,1,0,0,0,1,-96,0,11,2,2974811,0,44,0,384,0,"[0,0,0,0,0,0,0,0,0,0,0,0,8,10,8,9,8,8,7,8,7,7,6,6,6,5,5,4,5,4,5,3,4,2,4,1,4,1,4,0,4,0,3,-1,3,-2,2,-2,2,-2,2,-3,2,-3,2,-4,1,-4,1,-5,1,-5,1,-6,0,0,1,-6,1,-7,1,-7,1,-7,2,-7,2,-7,2,-8,3,-7,3,-7,3,-7,3,-7,4,-7,4,-6,4,-6,4,-5,5,-5,4,-5,4,-5,5,-4,5,-4,5,-3,5,-3,5,-3,5,-2,5,-1,5,-1,0,0,0,0,0,0,0,0,0,0,0,0,0,0,91,-12,85,-4,85,-13,73,-12,70,-14,65,-11,63,-8,62,-9,48,-11,49,-16,44,-16,36,-10,35,-19,31,-12,25,-19,21,-19,20,-17,16,-21,11,-23,9,-15,7,-22,3,-21,-3,-17,-3,-21,-6,-23,-7,-21,-9,-18,-12,-18,-15,-19,-16,-20,-20,-23,-24,-28,-19,-25,-26,-28,-23,-28,-22,-32,-22,-32,-23,-31,-19,-37,-18,-38,-15,-34,-14,-35,-19,-38,-9,-36,-9,-38,-6,-36,-5,-37,-3,-33,-4,-35,0,-33,3,-32,0,-28,3,-32,7,-25,9,-29,13,-23,15,-24,0,0,0,0,0,0,0,0,0,0,0,0,0,0,0,0,0,0,0,0,0,0,-28,-33,-24,-33,-25,-31,-23,-31,-21,-29,-20,-24,-19,-23,-21,-19,-18,-19,-18,-14,-20,-9,-25,-7,-29,-4,-27,1,-29,5,-29,11,-34,15,-35,18,-37,19,-39,20,-41,24,-48,27,-40,27,-45,33,-46,34,-41,46,-45,37,-49,41,-47,40,-44,44,-42,43,-46,57,-41,48,-36,57,-31,53,-29,62,-26,58,-21,65,-19,66,-15,72,-13,73,-3,77,-4,82,-1,76,6,77,11,90,13,91,10,89,16,89,19,94,15,94,27,99,20,108,25,95,19,109,22,107,12,99,0,0]"
CSI_DATA,206,1a:00:00:00:00:00,-50,11,1,0,1,1,1,0,0,0,1,-96,0,11,2,2984449,0,44,0,384,0,"[0,0,0,0,0,0,0,0,0,0,0,0,-2,13,-2,12,-1,11,-1,11,-1,10,-1,9,0,8,0,7,0,7,1,5,1,5,1,5,2,4,2,3,2,3,3,2,3,2,3,1,3,0,3,0,4,-1,4,-1,4,-1,4,-2,5,-2,5,-2,0,0,5,-3,6,-3,6,-3,6,-3,7,-3,7,-3,7,-3,7,-2,7,-2,8,-2,8,-1,7,-1,7,0,7,0,7,0,7,1,7,1,6,1,6,1,6,2,5,2,5,2,5,3,4,3,4,4,3,4,0,0,0,0,0,0,0,0,0,0,0,0,0,0,42,24,38,21,41,18,34,14,30,16,33,15,29,11,32,12,24,11,23,9,22,7,16,8,21,6,16,4,15,1,14,0,13,-3,13,-4,11,-6,9,-5,8,-7,7,-5,5,-7,3,-10,2,-11,4,-11,1,-14,1,-18,1,-16,0,-14,-4,-16,-1,-16,-2,-18,0,-22,-3,-18,0,-22,1,-23,0,-23,3,-20,5,-18,4,-21,7,-21,6,-21,6,-22,7,-19,10,-18,10,-17,10,-16,10,-14,10,-13,11,-13,12,-12,12,-10,14,-9,14,-9,13,-6,15,-4,0,0,0,0,0,0,0,0,0,0,0,0,0,0,0,0,0,0,0,0,0,0,-2,-23,1,-23,0,-19,0,-20,1,-17,2,-18,0,-17,-1,-16,-2,-11,-5,-11,-6,-11,-6,-11,-9,-10,-11,-7,-11,-6,-12,-4,-19,-3,-16,-4,-21,-2,-24,-2,-23,-1,-24,1,-26,2,-28,3,-28,1,-28,2,-27,0,-31,6,-29,5,-33,7,-27,9,-33,11,-30,9,-28,14,-31,14,-28,16,-25,18,-29,23,-25,21,-24,26,-25,26,-22,28,-24,34,-23,34,-21,37,-19,38,-18,36,-20,40,-18,43,-22,45,-19,48,-17,47,-22,50,-22,47,-22,54,-22,52,-21,50,0,0]"
CSI_DATA,207,1a:00:00:00:00:00,-50,11,1,0,1,1,1,0,0,0,1,-96,0,11,2,2994474,0,44,0,384,0,"[0,0,0,0,0,0,0,0,0,0,0,0,-15,1,-14,1,-13,1,-12,1,-11,1,-10,1,-9,2,-8,2,-8,2,-6,2,-6,2,-5,3,-5,3,-4,3,-3,3,-3,4,-2,4,-2,4,-1,3,0,4,0,4,1,4,1,4,2,4,2,5,3,5,0,0,3,5,3,6,4,6,4,6,3,6,3,7,3,7,3,7,3,8,3,8,2,8,1,8,1,8,1,8,0,8,0,8,-1,7,-1,7,-1,7,-1,6,-2,6,-2,6,-3,6,-4,5,-4,5,-4,4,0,0,0,0,0,0,0,0,0,0,0,0,0,0,-16,42,-17,41,-13,42,-13,41,-11,36,-13,35,-11,32,-10,30,-7,26,-4,25,-4,22,-3,22,-3,22,-3,17,-3,17,2,14,3,13,2,12,7,9,6,9,7,8,8,7,7,2,10,3,9,2,13,0,14,3,14,-2,14,-1,16,-2,16,-3,19,-5,16,-4,20,-5,20,-6,22,-4,20,-3,22,-4,23,-2,21,-1,21,2,23,4,23,3,22,3,21,4,19,5,17,7,18,6,18,6,18,8,17,9,15,9,14,9,13,10,11,13,10,13,8,13,0,0,0,0,0,0,0,0,0,0,0,0,0,0,0,0,0,0,0,0,0,0,22,-2,19,3,21,3,18,4,17,2,15,2,13,1,12,0,12,0,10,-2,10,-3,9,-5,7,-6,7,-9,6,-10,4,-13,2,-16,3,-15,1,-16,-3,-20,0,-22,-2,-23,-2,-24,-3,-24,-2,-26,-8,-29,-4,-31,-7,-28,-7,-30,-12,-29,-10,-28,-11,-33,-15,-29,-16,-28,-16,-27,-19,-26,-21,-26,-23,-25,-24,-23,-31,-23,-28,-23,-31,-20,-33,-23,-37,-20,-36,-16,-43,-18,-41,-16,-41,-15,-43,-13,-47,-17,-50,-16,-51,-15,-52,-17,-51,-16,-54,-16,-54,-18,-51,-18,0,0]"
CSI_DATA,208,1a:00:00:00:00:00,-49,11,1,0,1,1,1,0,0,0,1,-96,0,11,2,3024454,0,44,0,384,0,"[0,0,0,0,0,0,0,0,0,0,0,0,-11,-10,-10,-9,-10,-9,-10,-9,-9,-8,-8,-7,-8,-6,-7,-5,-7,-5,-7,-4,-7,-3,-7,-2,-6,-2,-6,-1,-6,-1,-5,0,-5,1,-5,1,-5,1,-5,2,-5,2,-4,3,-4,3,-4,4,-4,4,-4,5,0,0,-4,5,-4,6,-4,6,-5,7,-5,7,-5,7,-6,6,-6,7,-6,6,-6,6,-7,6,-7,6,-7,5,-8,5,-7,4,-8,4,-7,3,-7,3,-7,3,-7,2,-7,2,-7,1,-7,1,-7,0,-7,0,-7,-1,0,0,0,0,0,0,0,0,0,0,0,0,0,0,-62,-80,-63,-77,-63,-66,-51,-60,-49,-65,-50,-56,-46,-53,-42,-48,-38,-43,-38,-41,-34,-36,-35,-31,-33,-33,-37,-24,-30,-20,-28,-13,-33,-13,-35,-7,-26,-6,-23,-2,-25,1,-26,-1,-23,7,-25,2,-24,10,-27,13,-23,14,-28,22,-24,24,-21,23,-28,23,-26,30,-26,29,-26,34,-27,31,-34,32,-36,36,-36,31,-39,31,-36,28,-37,21,-44,25,-46,26,-44,21,-39,18,-41,13,-42,15,-42,11,-37,8,-36,5,-39,3,-40,-1,-39,0,-33,-5,-32,-9,-33,-9,-31,-14,0,0,0,0,0,0,0,0,0,0,0,0,0,0,0,0,0,0,0,0,0,0,5,40,3,40,2,34,-2,34,-4,36,-2,33,-1,27,2,23,0,24,2,18,4,14,9,15,14,13,15,8,21,6,24,5,27,-5,26,-2,32,-2,39,-5,43,0,50,-7,45,-4,48,-5,53,-1,54,-14,53,-7,57,-8,58,-7,60,-15,53,-13,56,-19,54,-20,56,-22,59,-23,56,-27,51,-30,59,-36,57,-38,58,-44,59,-45,53,-55,57,-56,57,-65,53,-54,50,-65,51,-70,57,-68,61,-75,61,-75,60,-80,60,-81,69,-83,61,-80,69,-91,71,-84,73,-80,0,0]"
CSI_DATA,209,1a:00:00:00:00:00,-49,11,1,0,1,1,1,0,0,0,1,-96,0,11,2,3034423,0,44,0,384,0,"[0,0,0,0,0,0,0,0,0,0,0,0,-7,-13,-6,-12,-8,-11,-7,-11,-6,-10,-6,-8,-5,-8,-5,-7,-5,-7,-6,-6,-5,-6,-5,-4,-5,-4,-5,-3,-6,-3,-5,-2,-5,-1,-5,-1,-5,0,-5,1,-5,0,-5,1,-5,2,-5,3,-6,3,-5,3,0,0,-5,4,-6,4,-6,5,-6,5,-7,5,-7,5,-8,5,-7,4,-8,4,-8,4,-9,4,-8,3,-8,3,-8,3,-8,2,-9,1,-8,1,-8,1,-8,1,-7,0,-7,0,-7,-1,-7,-1,-7,-2,-7,-3,-6,-3,0,0,0,0,0,0,0,0,0,0,0,0,0,0,-43,-88,-44,-84,-50,-71,-41,-69,-40,-73,-33,-63,-40,-61,-40,-53,-30,-50,-31,-46,-31,-41,-28,-37,-31,-38,-31,-28,-30,-26,-30,-20,-33,-17,-28,-9,-24,-10,-31,-6,-26,-2,-22,-6,-25,2,-24,8,-28,10,-27,11,-25,14,-27,20,-27,17,-26,16,-27,21,-30,25,-30,25,-31,23,-29,24,-32,29,-37,29,-37,28,-42,25,-37,24,-44,26,-46,21,-48,22,-44,22,-45,13,-47,16,-42,11,-44,6,-41,6,-45,10,-40,2,-43,2,-36,3,-41,-9,-38,-8,-37,-9,-32,-16,0,0,0,0,0,0,0,0,0,0,0,0,0,0,0,0,0,0,0,0,0,0,-8,42,-12,35,-13,31,-10,31,-13,28,-13,27,-9,25,-9,23,-4,21,-3,19,2,19,6,16,6,14,10,12,15,9,15,9,21,8,26,9,31,7,36,6,33,12,41,7,43,8,48,8,51,9,50,5,52,8,54,9,60,6,64,4,52,3,59,1,62,-4,61,-6,61,-5,65,-12,62,-16,58,-18,59,-21,66,-31,64,-27,66,-35,66,-40,68,-42,65,-39,68,-41,71,-49,71,-54,69,-51,80,-60,78,-60,74,-64,82,-61,80,-61,88,-70,82,-64,87,-66,0,0]"
CSI_DATA,210,1a:00:00:00:00:00,-49,11,1,0,1,1,1,0,0,0,1,-96,0,11,2,3074545,0,44,0,384,0,"[0,0,0,0,0,0,0,0,0,0,0,0,-16,-2,-15,-2,-14,-2,-13,-2,-13,-2,-11,-2,-11,0,-10,0,-9,0,-8,0,-8,1,-8,1,-7,1,-6,2,-5,2,-6,3,-5,3,-4,4,-4,3,-4,4,-4,4,-3,5,-2,5,-2,5,-2,6,-1,6,0,0,-1,7,-1,8,-1,8,-1,8,-1,9,-2,9,-2,9,-2,9,-2,9,-3,9,-4,10,-4,8,-4,9,-4,8,-5,7,-5,7,-5,7,-5,6,-5,6,-5,5,-6,5,-6,5,-6,4,-7,4,-7,3,-6,2,0,0,0,0,0,0,0,0,0,0,0,0,0,0,-45,-12,-45,-15,-43,-7,-37,-6,-40,-7,-33,-8,-32,-6,-32,-3,-31,-6,-26,-2,-26,-1,-24,-2,-24,0,-21,-1,-19,-1,-17,3,-17,4,-15,6,-13,6,-14,7,-11,9,-12,8,-8,10,-8,11,-8,11,-7,13,-7,13,-4,16,-4,15,-1,16,-1,17,-1,16,-2,20,-2,20,-1,22,-5,21,-5,22,-6,24,-5,24,-2,23,-5,24,-7,23,-10,22,-9,22,-10,19,-11,20,-11,18,-12,18,-9,15,-12,14,-11,14,-14,14,-13,14,-15,10,-14,10,-17,7,-15,5,0,0,0,0,0,0,0,0,0,0,0,0,0,0,0,0,0,0,0,0,0,0,16,12,14,11,14,13,12,13,11,13,11,10,9,9,11,8,10,5,11,5,8,5,10,2,10,1,11,0,11,-3,13,-3,11,-8,13,-8,13,-8,14,-12,16,-13,19,-13,17,-16,19,-16,19,-16,18,-17,19,-19,19,-19,21,-19,18,-20,18,-21,20,-22,18,-22,17,-23,16,-25,16,-26,15,-27,11,-29,11,-29,12,-34,10,-34,7,-32,7,-34,7,-38,6,-36,7,-39,3,-41,3,-43,5,-44,3,-46,1,-46,0,-47,3,-49,1,-47,4,-54,4,-51,7,-50,0,0]"
CSI_DATA,211,1a:00:00:00:00:00,-48,11,1,0,1,1,1,0,0,0,1,-96,0,11,2,3084491,0,44,0,384,0,"[0,0,0,0,0,0,0,0,0,0,0,0,-15,-1,-13,0,-13,0,-13,0,-12,0,-11,0,-10,1,-9,1,-9,1,-7,1,-8,1,-7,2,-6,2,-6,2,-5,2,-5,4,-4,3,-4,4,-3,3,-2,4,-2,4,-2,5,-2,5,-2,5,-2,6,-1,6,0,0,-1,7,0,7,-1,7,0,8,-1,7,-1,8,-1,8,-1,8,-2,9,-2,9,-3,8,-4,7,-4,7,-4,7,-4,7,-5,6,-4,6,-4,6,-5,6,-5,5,-5,5,-5,4,-6,4,-6,3,-6,2,-6,2,0,0,0,0,0,0,0,0,0,0,0,0,0,0,-44,-6,-44,-7,-43,-4,-40,-5,-40,-3,-34,-4,-32,-5,-32,-5,-28,-5,-28,-2,-24,-2,-23,1,-24,1,-21,1,-18,3,-17,6,-17,6,-16,6,-12,9,-12,8,-10,10,-10,10,-8,10,-7,9,-7,11,-8,14,-5,14,-4,15,-3,15,-2,17,0,17,0,18,-4,18,0,21,-1,20,-4,22,-4,23,-3,23,-7,24,-7,24,-5,22,-9,22,-8,22,-8,23,-10,20,-11,19,-10,19,-11,19,-11,16,-12,16,-13,15,-13,15,-13,12,-14,10,-15,11,-17,8,-16,8,0,0,0,0,0,0,0,0,0,0,0,0,0,0,0,0,0,0,0,0,0,0,18,9,18,11,16,10,15,9,14,9,12,10,10,5,10,7,13,6,11,3,11,1,10,2,12,0,11,-1,10,-5,10,-6,11,-9,12,-8,12,-9,13,-11,16,-13,16,-16,16,-16,16,-18,17,-19,17,-21,19,-21,17,-23,18,-20,19,-23,19,-22,17,-26,17,-25,15,-26,15,-25,15,-27,12,-27,10,-31,12,-31,8,-34,9,-34,3,-37,5,-37,5,-37,1,-37,0,-41,2,-42,-2,-40,-1,-43,-1,-46,-1,-45,-1,-48,1,-51,0,-48,0,-54,-1,-53,1,-52,0,0]"
CSI_DATA,212,1a:00:00:00:00:00,-48,11,1,0,1,1,1,0,0,0,1,-96,0,11,2,3094810,0,44,0,384,0,"[0,0,0,0,0,0,0,0,0,0,0,0,-16,-1,-15,-1,-14,-1,-13,-1,-12,-1,-11,0,-11,1,-10,1,-9,0,-9,0,-8,2,-7,2,-6,1,-6,2,-6,2,-5,3,-5,4,-4,4,-4,4,-3,4,-3,5,-3,5,-2,5,-2,5,-2,6,-1,7,0,0,-1,7,-1,8,-1,7,-1,8,-2,8,-2,9,-2,9,-2,8,-3,9,-3,9,-4,8,-4,8,-5,8,-5,7,-5,7,-5,7,-5,7,-5,6,-5,6,-6,5,-6,4,-6,4,-6,4,-7,3,-7,2,-6,1,0,0,0,0,0,0,0,0,0,0,0,0,0,0,-47,-6,-43,-6,-43,-4,-39,-3,-37,-4,-36,-4,-33,-3,-35,-2,-27,-1,-28,-2,-26,2,-22,0,-21,-1,-20,2,-18,4,-17,4,-16,5,-13,7,-15,4,-12,8,-10,9,-10,8,-10,9,-9,11,-7,11,-8,13,-4,13,-5,13,-6,16,-3,16,-2,15,-3,19,-3,19,-2,20,0,21,-5,22,-5,22,-4,21,-7,23,-8,23,-6,22,-12,21,-9,20,-12,20,-13,21,-11,18,-12,19,-14,17,-13,15,-13,14,-14,12,-13,13,-14,12,-15,10,-16,7,-16,8,-15,4,0,0,0,0,0,0,0,0,0,0,0,0,0,0,0,0,0,0,0,0,0,0,21,3,17,4,17,6,17,5,16,5,17,4,14,4,14,3,13,2,12,0,12,-1,12,-2,13,-3,11,-5,10,-6,10,-8,11,-11,11,-11,12,-14,12,-14,15,-16,12,-18,13,-19,13,-20,15,-20,13,-23,15,-22,14,-22,13,-25,13,-26,12,-24,13,-28,11,-28,11,-27,10,-28,10,-29,7,-31,7,-32,5,-31,4,-33,2,-35,1,-34,0,-38,-2,-38,-1,-39,-5,-36,-5,-37,-6,-42,-6,-45,-4,-46,-4,-46,-9,-47,-4,-50,-5,-45,-2,-54,-5,-56,-1,-51,0,0]"
CSI_DATA,213,1a:00:00:00:00:00,-48,11,1,0,1,1,1,0,0,0,1,-96,0,11,2,3104558,0,44,0,384,0,"[0,0,0,0,0,0,0,0,0,0,0,0,13,-4,12,-4,11,-4,11,-3,10,-3,9,-3,8,-4,8,-4,7,-4,6,-3,6,-4,5,-4,4,-4,3,-4,3,-4,3,-5,2,-5,2,-5,1,-5,1,-5,0,-5,0,-6,0,-5,-1,-6,-1,-6,-2,-7,0,0,-2,-8,-2,-7,-2,-8,-2,-8,-2,-8,-1,-9,-2,-9,-1,-9,-1,-10,-1,-9,0,-10,0,-8,1,-9,1,-9,1,-8,1,-9,1,-8,2,-8,2,-7,2,-7,3,-7,3,-6,3,-6,4,-5,4,-5,4,-4,0,0,0,0,0,0,0,0,0,0,0,0,0,0,46,-1,44,2,41,-2,39,-5,40,-2,35,-2,34,0,32,-2,29,0,27,-4,21,-4,23,-3,24,-5,19,-3,18,-7,17,-8,16,-9,13,-9,11,-8,8,-9,10,-13,7,-11,7,-13,5,-12,4,-13,4,-13,2,-15,3,-18,1,-17,-1,-17,1,-20,-1,-20,1,-19,0,-22,-3,-21,0,-23,-2,-25,-1,-24,0,-26,2,-24,2,-22,5,-25,7,-25,5,-23,7,-23,7,-23,10,-20,9,-20,8,-17,11,-17,9,-17,11,-17,11,-16,12,-13,13,-12,13,-9,15,-8,0,0,0,0,0,0,0,0,0,0,0,0,0,0,0,0,0,0,0,0,0,0,-22,-3,-20,-5,-19,-5,-19,-5,-19,-5,-17,-6,-16,-4,-14,-4,-15,-1,-14,-2,-13,-3,-13,1,-13,2,-14,3,-12,6,-14,8,-12,10,-12,10,-11,13,-12,13,-13,15,-14,17,-13,17,-15,19,-16,20,-15,22,-17,22,-14,25,-15,22,-14,26,-13,24,-14,28,-13,26,-11,28,-9,28,-9,30,-8,27,-10,30,-3,32,-1,35,-3,34,1,34,1,36,3,39,4,37,9,41,9,38,9,41,8,44,6,45,8,47,9,46,9,49,8,46,6,52,4,52,6,49,0,0]"
CSI_DATA,214,1a:00:00:00:00:00,-48,11,1,0,1,1,1,0,0,0,1,-96,0,11,2,3114450,0,44,0,384,0,"[0,0,0,0,0,0,0,0,0,0,0,0,4,-15,3,-14,2,-14,2,-14,2,-12,2,-11,2,-11,1,-10,1,-10,0,-9,0,-8,-1,-8,-2,-7,-2,-6,-2,-7,-3,-6,-4,-5,-3,-5,-4,-4,-5,-4,-5,-4,-5,-3,-5,-4,-6,-4,-6,-4,-7,-3,0,0,-8,-3,-8,-3,-8,-3,-9,-4,-8,-4,-9,-4,-9,-4,-9,-5,-9,-5,-8,-6,-9,-6,-8,-6,-7,-6,-7,-7,-6,-7,-6,-7,-5,-7,-5,-7,-5,-7,-4,-7,-4,-7,-3,-7,-3,-7,-2,-7,-1,-8,0,-7,0,0,0,0,0,0,0,0,0,0,0,0,0,0,-2,-46,3,-45,-3,-43,-1,-44,-2,-40,0,-35,-3,-33,-2,-32,-1,-29,-1,-30,-2,-28,-4,-24,-4,-23,-4,-20,-7,-18,-6,-17,-8,-16,-8,-14,-9,-11,-11,-13,-10,-10,-10,-8,-14,-7,-13,-5,-13,-7,-14,-4,-16,-4,-16,-3,-16,-2,-18,0,-17,-1,-20,1,-19,1,-21,1,-23,1,-23,-1,-25,-1,-22,-1,-25,-2,-24,-4,-24,-5,-25,-4,-21,-6,-23,-8,-22,-9,-23,-9,-20,-9,-21,-10,-19,-11,-18,-12,-18,-12,-16,-12,-15,-12,-12,-15,-11,-15,-11,-13,-7,-17,0,0,0,0,0,0,0,0,0,0,0,0,0,0,0,0,0,0,0,0,0,0,-4,21,-5,21,-6,21,-5,20,-7,19,-7,17,-6,16,-4,17,-4,15,-5,14,-2,14,3,14,3,11,4,13,4,10,7,13,10,12,9,13,13,12,14,12,15,13,18,15,18,14,20,13,22,13,22,17,20,15,20,15,24,13,26,15,25,12,27,13,27,13,27,11,29,11,29,9,30,7,31,6,29,4,35,1,32,1,34,-3,39,1,37,-4,36,-4,41,-8,40,-5,40,-8,42,-9,47,-7,46,-7,46,-10,48,-6,50,-5,53,-8,48,-7,50,-7,0,0]"
CSI_DATA,215,1a:00:00:00:00:00,-48,11,1,0,1,1,1,0,0,0,1,-96,0,11,2,3124450,0,44,0,384,0,"[0,0,0,0,0,0,0,0,0,0,0,0,10,-10,9,-10,8,-9,8,-9,7,-8,6,-8,6,-8,5,-7,5,-7,4,-6,3,-6,3,-7,2,-6,1,-6,1,-6,0,-6,-1,-5,-1,-6,-1,-5,-2,-5,-2,-4,-3,-5,-3,-5,-4,-5,-4,-5,-5,-5,0,0,-6,-5,-5,-5,-6,-6,-7,-6,-7,-5,-7,-7,-6,-7,-6,-6,-6,-7,-6,-7,-6,-8,-5,-8,-5,-8,-4,-8,-4,-7,-4,-8,-3,-8,-3,-7,-3,-7,-3,-7,-2,-7,-1,-7,-1,-7,0,-7,1,-7,1,-6,0,0,0,0,0,0,0,0,0,0,0,0,0,0,70,-57,69,-48,64,-56,58,-53,57,-49,55,-51,48,-43,47,-46,42,-39,40,-41,33,-41,28,-36,26,-34,23,-31,24,-32,17,-30,13,-29,11,-30,7,-28,4,-27,3,-32,0,-28,-4,-28,-5,-28,-7,-27,-13,-24,-14,-24,-13,-24,-16,-27,-24,-29,-23,-26,-25,-29,-21,-28,-33,-30,-31,-28,-33,-38,-31,-32,-27,-33,-27,-37,-26,-38,-24,-43,-19,-40,-23,-43,-20,-42,-18,-45,-17,-41,-13,-44,-12,-43,-7,-40,-7,-42,-2,-38,-2,-39,-2,-36,7,-37,6,-32,12,-32,13,-32,0,0,0,0,0,0,0,0,0,0,0,0,0,0,0,0,0,0,0,0,0,0,-35,25,-39,18,-38,18,-39,20,-36,16,-34,15,-30,20,-28,21,-24,17,-24,20,-24,16,-20,17,-19,21,-16,20,-13,21,-6,25,-6,35,-8,30,-2,37,-6,39,-6,37,-1,45,-2,48,3,51,0,54,5,51,-1,54,5,57,2,50,9,58,10,50,12,60,14,58,16,53,15,59,26,54,23,47,27,54,31,59,35,57,36,57,46,50,44,54,49,52,56,51,51,55,58,55,63,53,62,54,66,59,69,61,72,53,75,67,67,63,74,66,75,70,66,70,0,0]"
CSI_DATA,216,1a:00:00:00:00:00,-48,11,1,0,1,1,1,0,0,0,1,-96,0,11,2,3134386,0,44,0,384,0,"[0,0,0,0,0,0,0,0,0,0,0,0,11,-11,10,-11,9,-10,8,-9,8,-9,8,-8,7,-8,6,-7,6,-7,4,-6,4,-7,3,-7,2,-6,1,-6,1,-6,1,-7,0,-6,-1,-6,-2,-5,-1,-5,-2,-5,-3,-5,-3,-5,-4,-5,-4,-6,-4,-6,0,0,-5,-6,-6,-6,-6,-7,-6,-7,-6,-7,-6,-7,-6,-8,-6,-8,-5,-8,-5,-8,-5,-9,-4,-9,-4,-9,-3,-9,-3,-9,-3,-9,-2,-8,-2,-8,-1,-9,-1,-8,0,-8,0,-7,1,-7,1,-7,2,-7,2,-7,0,0,0,0,0,0,0,0,0,0,0,0,0,0,75,-50,69,-47,65,-55,58,-48,62,-52,52,-47,51,-43,50,-41,42,-37,43,-35,34,-35,29,-33,24,-36,22,-30,19,-28,15,-32,14,-28,8,-28,6,-27,1,-28,3,-31,1,-31,-5,-24,-7,-26,-7,-23,-13,-23,-11,-27,-17,-27,-13,-23,-25,-28,-25,-28,-23,-29,-22,-28,-29,-26,-30,-33,-28,-34,-31,-32,-25,-33,-30,-36,-27,-39,-27,-40,-23,-38,-20,-43,-22,-46,-17,-43,-16,-42,-12,-42,-10,-40,-11,-38,-9,-39,-5,-38,-6,-39,-5,-38,2,-36,6,-36,10,-33,13,-31,0,0,0,0,0,0,0,0,0,0,0,0,0,0,0,0,0,0,0,0,0,0,-42,20,-39,15,-40,17,-38,15,-35,12,-36,10,-37,12,-32,11,-30,15,-27,15,-27,16,-20,16,-20,18,-22,20,-15,24,-17,32,-11,31,-10,32,-9,37,-9,37,-9,39,-3,47,-3,49,-4,47,-7,55,0,54,-7,52,1,54,0,55,3,60,5,49,5,61,5,58,15,57,15,57,18,56,20,57,25,60,25,54,33,59,36,57,40,56,42,58,47,56,50,55,57,60,56,54,58,53,59,61,64,61,67,65,68,64,70,67,71,67,71,74,73,72,64,72,0,0]"
CSI_DATA,217,1a:00:00:00:00:00,-49,11,1,0,1,1,1,0,0,0,1,-96,0,11,2,3144438,0,44,0,384,0,"[0,0,0,0,0,0,0,0,0,0,0,0,6,11,7,11,6,10,6,10,5,9,4,8,5,7,5,7,4,6,4,5,4,5,4,3,4,3,4,3,4,2,5,2,4,1,4,0,4,0,4,0,4,-1,4,-1,4,-2,5,-2,5,-2,5,-4,0,0,5,-4,6,-4,6,-4,6,-5,6,-4,7,-4,7,-4,7,-4,7,-3,7,-3,7,-3,7,-3,8,-2,8,-2,7,-1,7,-1,7,-1,6,0,6,0,6,0,6,1,6,1,6,2,5,2,4,3,4,3,0,0,0,0,0,0,0,0,0,0,0,0,0,0,38,82,36,78,37,75,34,73,30,74,27,64,28,59,27,57,25,52,19,50,22,44,20,38,26,45,26,35,21,32,22,25,29,25,26,16,23,15,26,15,25,8,24,11,25,4,24,2,27,-4,33,-4,24,-4,26,-5,28,-12,25,-17,36,-18,29,-15,36,-13,34,-16,36,-19,42,-15,44,-18,44,-16,41,-14,45,-12,48,-10,44,-9,51,-5,48,-4,45,-2,45,-2,40,4,39,1,36,8,37,10,38,8,36,11,35,12,31,18,31,17,25,20,22,26,0,0,0,0,0,0,0,0,0,0,0,0,0,0,0,0,0,0,0,0,0,0,-23,-43,-18,-43,-17,-44,-13,-38,-13,-41,-12,-38,-12,-36,-11,-35,-12,-36,-16,-28,-15,-25,-14,-25,-23,-22,-24,-20,-24,-18,-27,-18,-26,-15,-29,-17,-37,-16,-43,-10,-43,-10,-49,-14,-47,-8,-47,-10,-52,-7,-56,-5,-56,-7,-55,-6,-58,-7,-58,-3,-55,-4,-62,-5,-59,4,-58,9,-64,7,-63,7,-59,10,-61,16,-57,17,-64,26,-62,23,-66,28,-65,31,-63,39,-65,35,-61,41,-69,45,-70,45,-70,52,-79,48,-80,55,-78,54,-81,55,-82,50,-91,54,-85,58,-89,54,0,0]"
CSI_DATA,218,1a:00:00:00:00:00,-49,11,1,0,1,1,1,0,0,0,1,-96,0,11,2,3154454,0,44,0,384,0,"[0,0,0,0,0,0,0,0,0,0,0,0,-7,12,-7,11,-5,11,-6,10,-5,10,-5,9,-4,9,-4,8,-3,7,-2,6,-2,6,-2,6,-1,5,0,5,0,5,1,5,1,4,1,4,2,3,2,3,3,3,4,3,3,3,4,2,4,3,4,2,0,0,5,3,6,2,7,2,7,2,6,3,7,2,7,3,7,3,7,4,7,4,7,5,6,5,5,5,6,5,5,5,5,5,5,5,4,5,4,5,3,6,2,5,2,5,2,5,2,5,0,6,0,5,0,0,0,0,0,0,0,0,0,0,0,0,0,0,-13,43,-12,39,-11,41,-9,37,-10,39,-11,34,-10,31,-7,32,-6,27,-7,28,-2,27,-2,23,-1,23,-2,20,-1,19,2,18,1,14,3,14,3,11,6,11,6,13,6,11,8,8,11,8,10,7,10,5,12,5,13,4,13,3,17,4,15,1,19,1,17,2,22,2,18,2,21,1,21,4,22,0,22,4,21,4,21,6,20,9,22,8,21,11,17,6,18,10,18,12,16,13,16,13,17,10,15,11,12,12,10,11,11,14,8,14,7,14,5,14,0,0,0,0,0,0,0,0,0,0,0,0,0,0,0,0,0,0,0,0,0,0,10,-21,10,-21,11,-20,11,-18,12,-18,12,-16,9,-17,9,-17,8,-17,9,-16,5,-17,3,-16,4,-16,2,-14,2,-15,-2,-17,-6,-18,-5,-18,-7,-16,-9,-21,-10,-20,-12,-22,-11,-23,-13,-22,-14,-24,-15,-23,-15,-22,-17,-26,-15,-23,-20,-23,-18,-23,-21,-23,-20,-22,-22,-19,-25,-20,-25,-17,-23,-17,-28,-18,-26,-14,-31,-14,-32,-13,-34,-12,-34,-12,-35,-11,-37,-10,-43,-7,-43,-8,-42,-6,-42,-4,-44,-4,-46,-6,-48,-7,-49,-5,-49,-9,-50,-10,-51,-6,-50,-12,0,0]"
CSI_DATA,219,1a:00:00:00:00:00,-48,11,1,0,1,1,1,0,0,0,1,-96,0,11,2,3164455,0,44,0,384,0,"[0,0,0,0,0,0,0,0,0,0,0,0,-9,-12,-9,-10,-9,-10,-8,-10,-8,-9,-7,-8,-7,-7,-6,-6,-6,-6,-6,-5,-6,-5,-6,-4,-6,-3,-6,-2,-6,-2,-5,-1,-5,-1,-5,0,-5,0,-5,1,-5,1,-5,2,-4,2,-5,3,-5,3,-4,4,0,0,-5,5,-5,5,-6,6,-5,6,-6,6,-6,6,-7,6,-7,6,-7,5,-7,5,-8,5,-8,4,-8,4,-8,4,-8,3,-8,3,-8,3,-8,2,-8,2,-7,1,-8,1,-8,0,-7,0,-7,-1,-7,-2,-6,-2,0,0,0,0,0,0,0,0,0,0,0,0,0,0,-93,0,-90,-1,-83,2,-78,8,-84,6,-70,1,-68,-1,-63,0,-61,3,-54,7,-52,6,-44,9,-44,7,-40,7,-33,11,-30,13,-32,15,-25,18,-22,17,-17,19,-18,24,-13,20,-10,21,-11,19,-7,24,-9,24,-4,29,0,30,1,29,6,30,8,33,8,35,7,35,13,37,12,38,9,39,5,38,9,42,7,43,4,47,4,45,-2,53,-1,46,-4,47,-7,41,-6,44,-6,36,-9,41,-8,33,-16,33,-14,36,-13,36,-21,30,-20,30,-20,28,-22,24,-27,20,0,0,0,0,0,0,0,0,0,0,0,0,0,0,0,0,0,0,0,0,0,0,46,10,43,14,44,15,44,15,39,19,34,14,33,18,30,13,33,11,33,7,33,4,28,0,34,-4,37,-5,30,-7,34,-13,32,-15,34,-16,29,-21,33,-21,32,-27,38,-31,32,-35,35,-32,40,-37,37,-43,37,-41,37,-41,40,-42,36,-44,37,-45,35,-51,27,-54,27,-48,33,-54,24,-57,22,-58,16,-58,14,-65,10,-69,6,-66,6,-71,3,-70,-1,-78,-3,-68,-9,-69,-9,-75,-10,-83,-13,-84,-15,-91,-13,-91,-21,-97,-16,-100,-15,-95,-13,-105,-8,-97,-13,-101,0,0]"
CSI_DATA,220,1a:00:00:00:00:00,-48,11,1,0,1,1,1,0,0,0,1,-96,0,11,2,3174377,0,44,0,384,0,"[0,0,0,0,0,0,0,0,0,0,0,0,-14,-4,-13,-3,-13,-3,-12,-3,-12,-3,-10,-2,-10,-1,-9,-1,-8,-1,-8,0,-7,0,-7,1,-6,1,-6,1,-5,1,-5,2,-4,2,-4,3,-3,3,-3,3,-3,4,-2,4,-1,4,-1,5,-1,5,0,5,0,0,0,6,0,7,0,7,1,8,0,8,0,8,0,8,-1,8,-1,9,-1,9,-2,9,-2,8,-2,8,-3,8,-3,8,-3,7,-4,7,-3,7,-4,6,-4,6,-5,6,-5,5,-5,5,-6,4,-6,4,-6,3,0,0,0,0,0,0,0,0,0,0,0,0,0,0,-24,36,-24,34,-19,34,-22,31,-20,32,-21,28,-17,27,-17,27,-15,23,-15,22,-12,22,-12,20,-10,22,-7,18,-6,17,-1,18,-2,14,2,13,-1,11,0,13,3,12,2,9,5,10,6,8,7,8,8,7,12,6,10,6,12,6,16,5,15,4,16,4,16,6,18,5,19,5,19,6,19,7,20,9,20,8,20,10,18,8,19,11,20,11,19,10,17,11,16,14,14,13,15,14,12,14,14,15,11,13,12,13,9,14,9,15,6,14,5,14,3,15,0,0,0,0,0,0,0,0,0,0,0,0,0,0,0,0,0,0,0,0,0,0,19,-16,19,-12,19,-12,21,-11,17,-11,16,-9,17,-11,17,-9,13,-11,12,-10,12,-11,10,-12,8,-13,8,-13,7,-13,6,-17,3,-18,3,-17,1,-20,1,-23,-1,-24,-1,-23,-2,-25,-4,-24,-3,-25,-6,-27,-4,-26,-5,-30,-5,-28,-8,-29,-7,-26,-10,-30,-10,-29,-12,-27,-15,-27,-14,-26,-16,-26,-17,-24,-19,-24,-24,-24,-23,-25,-28,-24,-28,-23,-30,-23,-33,-21,-33,-20,-35,-21,-37,-19,-37,-21,-39,-19,-43,-19,-44,-20,-45,-22,-43,-21,-47,-23,-47,-22,-44,-24,0,0]"
CSI_DATA,221,1a:00:00:00:00:00,-49,11,1,0,1,1,1,0,0,0,1,-96,0,11,2,3184438,0,44,0,384,0,"[0,0,0,0,0,0,0,0,0,0,0,0,8,-11,7,-11,6,-11,6,-10,6,-9,5,-8,5,-8,4,-8,3,-7,2,-7,2,-7,1,-6,1,-6,0,-5,0,-5,-1,-5,-2,-5,-2,-5,-2,-4,-3,-4,-3,-4,-4,-3,-4,-3,-5,-3,-5,-3,-6,-3,0,0,-6,-3,-7,-3,-7,-3,-8,-3,-8,-3,-8,-4,-8,-4,-8,-4,-8,-4,-8,-5,-8,-5,-7,-5,-7,-6,-7,-6,-7,-6,-6,-6,-6,-6,-6,-6,-5,-6,-5,-6,-4,-7,-4,-7,-3,-7,-3,-7,-2,-7,-1,-6,0,0,0,0,0,0,0,0,0,0,0,0,0,0,-54,-78,-51,-74,-55,-64,-46,-64,-45,-63,-40,-55,-43,-49,-41,-48,-40,-44,-31,-40,-34,-39,-31,-35,-33,-30,-28,-25,-23,-24,-28,-15,-31,-13,-30,-8,-30,-7,-25,-2,-25,-5,-23,-3,-23,5,-22,10,-16,10,-22,15,-20,14,-25,16,-27,18,-18,20,-22,22,-22,28,-23,28,-27,30,-22,33,-32,30,-30,34,-29,28,-33,29,-37,29,-34,28,-39,28,-37,25,-40,25,-37,21,-36,16,-43,16,-37,14,-36,9,-36,12,-32,7,-36,8,-33,3,-34,1,-33,-1,-28,-5,-27,-12,0,0,0,0,0,0,0,0,0,0,0,0,0,0,0,0,0,0,0,0,0,0,18,44,17,45,10,42,15,43,11,43,10,40,9,36,8,37,14,36,12,31,14,29,17,29,25,22,19,24,22,20,25,21,29,15,33,18,36,13,37,16,40,12,46,8,41,9,51,8,52,9,50,5,56,3,58,5,54,5,62,0,51,-1,57,-4,59,-5,59,-8,56,-7,60,-15,52,-16,57,-22,56,-28,60,-32,57,-33,55,-36,55,-41,58,-46,58,-42,55,-58,54,-53,54,-58,58,-61,62,-65,62,-66,61,-71,67,-67,68,-67,72,-74,69,-75,70,-66,0,0]"
CSI_DATA,222,1a:00:00:00:00:00,-49,11,1,0,1,1,1,0,0,0,1,-96,0,11,2,3195497,0,44,0,384,0,"[0,0,0,0,0,0,0,0,0,0,0,0,7,-14,6,-13,5,-12,5,-12,4,-11,4,-10,3,-10,3,-9,3,-9,1,-8,1,-8,0,-7,0,-6,-1,-6,-1,-5,-2,-6,-2,-5,-3,-4,-3,-4,-4,-3,-4,-3,-5,-3,-5,-3,-6,-2,-6,-2,-7,-2,0,0,-8,-2,-8,-2,-9,-2,-9,-2,-9,-2,-9,-2,-10,-2,-9,-3,-10,-3,-10,-4,-10,-4,-9,-5,-9,-5,-9,-5,-8,-5,-8,-6,-7,-6,-7,-6,-7,-6,-6,-6,-6,-6,-5,-6,-5,-7,-4,-7,-3,-7,-2,-7,0,0,0,0,0,0,0,0,0,0,0,0,0,0,-27,-39,-25,-36,-27,-34,-21,-34,-20,-31,-20,-32,-21,-27,-19,-25,-17,-25,-15,-23,-16,-19,-16,-17,-14,-17,-14,-13,-14,-12,-13,-9,-13,-11,-13,-6,-12,-7,-12,-4,-13,-2,-12,-1,-11,4,-10,1,-11,2,-10,4,-11,6,-9,8,-12,7,-10,11,-10,11,-13,12,-16,14,-14,13,-12,13,-15,15,-13,14,-14,16,-18,14,-18,12,-17,11,-20,11,-20,11,-21,13,-20,9,-20,8,-19,7,-19,6,-19,6,-18,5,-15,2,-18,2,-18,2,-17,0,-17,-2,-16,-2,-16,-7,0,0,0,0,0,0,0,0,0,0,0,0,0,0,0,0,0,0,0,0,0,0,8,24,4,22,3,22,2,23,1,19,1,19,3,18,2,19,4,15,5,13,5,14,6,15,9,13,10,11,11,11,11,9,15,8,13,9,17,8,19,9,20,6,21,8,22,6,25,6,26,7,27,5,25,6,27,5,28,4,30,3,26,2,30,-1,29,0,30,-2,28,-1,28,-6,29,-8,29,-11,29,-11,28,-15,30,-15,30,-17,30,-18,31,-22,27,-23,33,-24,32,-27,32,-28,30,-31,32,-31,32,-31,35,-33,37,-35,36,-33,38,-36,39,-33,37,-34,0,0]"
CSI_DATA,223,1a:00:00:00:00:00,-49,11,1,0,1,1,1,0,0,0,1,-96,0,11,2,3204454,0,44,0,384,0,"[0,0,0,0,0,0,0,0,0,0,0,0,10,9,9,8,9,7,9,7,8,6,7,6,7,5,6,4,6,3,6,3,5,2,5,1,5,1,4,0,4,0,4,-1,4,-2,3,-2,3,-3,3,-3,3,-3,2,-4,2,-4,2,-5,2,-6,1,-6,0,0,1,-7,2,-7,2,-8,2,-8,2,-8,2,-8,3,-9,3,-8,3,-8,3,-8,4,-8,4,-8,4,-7,5,-7,5,-7,5,-7,5,-6,5,-6,5,-5,5,-5,5,-4,5,-4,5,-4,6,-3,6,-2,5,-1,0,0,0,0,0,0,0,0,0,0,0,0,0,0,84,-39,80,-37,77,-45,68,-36,68,-42,64,-34,58,-35,54,-30,54,-26,46,-32,39,-30,39,-30,30,-26,24,-23,27,-27,17,-27,19,-27,10,-26,11,-20,6,-23,-1,-25,-1,-24,-1,-20,-7,-24,-7,-21,-11,-19,-16,-21,-20,-19,-19,-23,-24,-23,-29,-23,-30,-25,-29,-20,-32,-26,-34,-19,-38,-25,-34,-27,-38,-24,-31,-31,-34,-36,-30,-34,-32,-36,-26,-37,-29,-39,-25,-37,-21,-37,-22,-38,-19,-39,-15,-37,-15,-37,-11,-33,-11,-38,-10,-35,-7,-35,-4,-35,0,-32,8,-32,0,0,0,0,0,0,0,0,0,0,0,0,0,0,0,0,0,0,0,0,0,0,-51,-10,-45,-11,-45,-10,-47,-14,-45,-11,-40,-13,-36,-11,-33,-8,-37,-4,-38,-2,-33,-6,-31,4,-34,9,-32,12,-28,10,-21,14,-27,23,-29,24,-24,27,-26,30,-27,33,-28,37,-29,42,-28,43,-27,45,-26,52,-26,49,-23,52,-25,52,-23,59,-19,55,-21,58,-12,55,-11,61,-9,62,-9,61,0,62,4,63,5,60,16,62,12,65,24,70,26,70,28,69,27,67,43,70,42,72,46,73,47,74,45,77,49,82,54,77,59,85,54,84,53,92,56,87,52,88,0,0]"
CSI_DATA,224,1a:00:00:00:00:00,-49,11,1,0,1,1,1,0,0,0,1,-96,0,11,2,3224373,0,44,0,384,0,"[0,0,0,0,0,0,0,0,0,0,0,0,6,11,6,10,7,10,6,9,6,8,5,7,5,6,5,6,4,5,4,4,4,4,4,3,4,2,4,1,4,1,4,0,3,-1,3,-1,3,-2,3,-2,3,-3,3,-3,3,-4,3,-4,3,-5,3,-5,0,0,3,-6,4,-7,4,-7,4,-7,4,-7,5,-7,5,-7,5,-7,5,-7,6,-7,6,-6,6,-6,7,-6,6,-5,7,-5,6,-4,7,-4,6,-4,6,-3,6,-3,6,-2,6,-2,6,-1,6,-1,6,0,5,1,0,0,0,0,0,0,0,0,0,0,0,0,0,0,90,-2,92,2,87,-7,77,-4,79,-2,69,-3,67,-3,65,-3,56,-7,54,-6,51,-2,40,-11,42,-10,38,-8,31,-11,27,-19,23,-17,21,-15,17,-19,13,-17,10,-19,6,-22,3,-23,3,-20,-2,-26,-4,-23,-6,-24,-5,-28,-5,-25,-15,-30,-16,-33,-12,-37,-14,-34,-13,-41,-18,-39,-13,-42,-14,-46,-8,-43,-11,-45,-10,-49,-8,-45,-10,-47,-1,-49,-1,-50,1,-40,1,-44,4,-43,8,-40,5,-39,7,-36,10,-34,11,-35,15,-35,14,-32,18,-26,17,-27,22,-22,0,0,0,0,0,0,0,0,0,0,0,0,0,0,0,0,0,0,0,0,0,0,-44,-23,-42,-26,-41,-30,-36,-27,-34,-24,-33,-26,-27,-24,-27,-20,-29,-17,-27,-16,-26,-11,-25,-4,-32,-6,-28,-2,-25,0,-28,9,-26,17,-31,19,-27,21,-32,22,-35,27,-33,34,-37,37,-38,31,-39,36,-36,46,-38,38,-37,45,-35,42,-36,45,-34,48,-34,52,-31,52,-33,51,-28,57,-27,57,-20,58,-13,62,-13,63,-8,66,-9,67,-1,73,1,77,6,81,7,81,4,82,9,80,12,82,11,91,18,100,18,95,22,100,18,102,21,99,21,108,17,105,15,106,0,0]"
CSI_DATA,225,1a:00:00:00:00:00,-50,11,1,0,1,1,1,0,0,0,1,-96,0,11,2,3234413,0,44,0,384,0,"[0,0,0,0,0,0,0,0,0,0,0,0,6,13,5,11,5,11,5,11,5,10,4,8,5,7,4,7,4,6,4,4,4,4,4,3,4,3,4,2,3,1,4,0,3,0,3,0,4,-1,3,-2,4,-2,3,-3,3,-3,4,-4,4,-5,4,-5,0,0,3,-6,5,-6,4,-6,4,-7,5,-6,6,-6,5,-6,6,-6,6,-7,6,-6,7,-5,7,-5,7,-4,7,-4,7,-4,7,-3,6,-4,6,-3,6,-2,6,-2,6,-1,6,-2,6,-1,6,0,5,1,5,1,0,0,0,0,0,0,0,0,0,0,0,0,0,0,24,39,22,39,26,37,21,32,18,31,16,32,18,27,17,25,16,24,14,21,15,19,12,15,13,16,14,14,12,11,13,7,15,5,12,4,12,0,9,1,11,0,9,-3,9,-4,11,-7,9,-7,8,-8,8,-10,9,-11,8,-16,9,-17,10,-15,8,-15,11,-17,11,-20,9,-20,14,-19,11,-20,11,-20,15,-17,16,-15,18,-17,16,-17,17,-16,18,-14,18,-15,19,-13,20,-11,17,-11,17,-8,17,-8,18,-6,17,-6,15,-5,15,-3,16,0,16,-1,17,3,0,0,0,0,0,0,0,0,0,0,0,0,0,0,0,0,0,0,0,0,0,0,4,-26,6,-23,7,-23,9,-23,6,-20,5,-18,6,-17,4,-15,2,-18,1,-14,2,-14,-1,-12,-4,-13,-5,-11,-7,-12,-6,-11,-11,-11,-10,-10,-14,-9,-17,-9,-19,-9,-21,-8,-19,-10,-24,-9,-26,-11,-29,-8,-26,-9,-26,-7,-27,-8,-31,-5,-26,-4,-34,-5,-31,-4,-30,-2,-32,1,-32,2,-32,4,-32,5,-33,8,-31,13,-34,12,-33,14,-35,16,-33,17,-34,19,-33,27,-36,25,-36,26,-35,28,-36,30,-37,30,-39,30,-45,32,-41,33,-44,35,-45,34,-44,29,0,0]"
CSI_DATA,226,1a:00:00:00:00:00,-50,11,1,0,1,1,1,0,0,0,1,-96,0,11,2,3244663,0,44,0,384,0,"[0,0,0,0,0,0,0,0,0,0,0,0,13,-6,11,-5,10,-6,10,-5,9,-5,8,-4,7,-5,7,-5,6,-4,4,-4,4,-4,3,-5,2,-4,2,-4,1,-4,1,-5,0,-4,-1,-4,-1,-4,-1,-4,-2,-4,-3,-4,-3,-4,-4,-4,-4,-5,-5,-5,0,0,-5,-5,-5,-5,-7,-6,-6,-6,-6,-6,-5,-7,-6,-7,-6,-7,-6,-8,-5,-7,-5,-8,-4,-8,-4,-8,-3,-8,-2,-8,-2,-8,-3,-7,-2,-7,-2,-8,-2,-7,-1,-7,-1,-7,0,-7,1,-6,1,-6,1,-6,0,0,0,0,0,0,0,0,0,0,0,0,0,0,45,-7,45,-5,40,-7,38,-9,38,-7,33,-6,32,-5,28,-4,26,-5,24,-6,20,-8,19,-8,18,-8,16,-7,14,-10,13,-9,8,-9,6,-9,5,-9,2,-9,4,-13,1,-11,0,-10,-3,-12,-2,-10,-4,-10,-5,-11,-9,-13,-7,-13,-11,-14,-12,-13,-13,-14,-11,-17,-13,-16,-13,-19,-11,-20,-14,-20,-12,-21,-14,-20,-10,-23,-10,-24,-11,-22,-7,-21,-7,-21,-7,-22,-4,-21,-4,-19,-3,-22,-3,-18,-3,-19,0,-17,-1,-18,0,-19,4,-18,4,-17,6,-15,7,-13,0,0,0,0,0,0,0,0,0,0,0,0,0,0,0,0,0,0,0,0,0,0,-16,-20,-16,-20,-12,-20,-12,-18,-13,-19,-9,-17,-10,-12,-9,-13,-12,-11,-10,-10,-9,-9,-10,-7,-10,-5,-12,-2,-12,1,-13,2,-12,3,-15,6,-14,7,-14,7,-15,12,-18,14,-19,13,-19,16,-19,14,-18,19,-19,18,-20,20,-20,17,-17,22,-19,23,-20,26,-16,23,-13,24,-14,27,-14,26,-13,28,-8,29,-8,31,-7,33,-3,34,-1,37,1,36,3,38,1,37,6,36,6,40,10,43,11,45,9,44,7,44,12,50,10,51,9,50,9,53,10,52,5,52,0,0]"
CSI_DATA,227,1a:00:00:00:00:00,-50,11,1,0,1,1,1,0,0,0,1,-96,0,11,2,3254416,0,44,0,384,0,"[0,0,0,0,0,0,0,0,0,0,0,0,-11,8,-10,8,-8,8,-8,6,-7,6,-7,6,-6,6,-5,5,-5,5,-4,4,-4,5,-2,5,-2,3,-1,4,-1,3,0,4,0,3,1,3,2,3,2,2,2,2,3,2,3,3,4,3,5,2,5,2,0,0,5,3,6,3,6,3,6,4,6,4,7,4,6,4,6,5,6,5,5,5,6,6,4,6,4,6,4,6,3,6,3,6,2,6,2,6,2,6,2,6,1,6,0,6,0,6,-1,5,-1,6,-2,5,0,0,0,0,0,0,0,0,0,0,0,0,0,0,-75,58,-73,52,-63,57,-60,50,-60,48,-56,47,-47,46,-48,42,-43,33,-39,39,-31,35,-29,34,-22,28,-19,31,-14,25,-9,22,-11,26,-2,25,-2,19,3,26,4,20,11,20,12,19,19,18,19,18,18,15,25,18,26,9,24,14,36,15,33,18,33,14,38,17,44,12,36,19,39,22,43,28,40,24,36,30,37,28,37,26,39,29,33,35,34,34,25,31,26,35,20,38,21,35,17,33,13,29,17,33,13,34,8,32,4,36,0,33,3,31,-7,34,0,0,0,0,0,0,0,0,0,0,0,0,0,0,0,0,0,0,0,0,0,0,56,5,49,4,47,10,43,13,43,10,36,10,30,7,29,7,30,4,27,3,22,3,19,-6,22,-9,18,-14,12,-10,12,-21,10,-23,6,-26,11,-30,5,-34,7,-40,6,-42,5,-49,7,-50,1,-48,-1,-49,2,-55,4,-55,2,-56,-5,-60,-9,-56,-7,-64,-12,-65,-11,-58,-18,-63,-14,-60,-20,-56,-30,-59,-30,-58,-35,-59,-39,-56,-48,-63,-48,-63,-57,-62,-57,-62,-70,-55,-66,-60,-63,-56,-74,-62,-76,-65,-74,-68,-80,-67,-86,-70,-83,-74,-79,-74,-74,-70,-78,-77,0,0]"
CSI_DATA,228,1a:00:00:00:00:00,-50,11,1,0,1,1,1,0,0,0,1,-96,0,11,2,3264473,0,44,0,384,0,"[0,0,0,0,0,0,0,0,0,0,0,0,7,-11,6,-11,5,-10,5,-10,4,-9,3,-8,3,-8,2,-7,1,-7,1,-6,0,-6,-1,-5,-1,-5,-2,-4,-2,-4,-3,-4,-3,-3,-3,-3,-4,-2,-4,-2,-5,-1,-5,-1,-5,-1,-6,0,-6,0,-7,0,0,0,-8,1,-8,1,-8,1,-9,1,-9,1,-9,0,-9,0,-9,0,-9,0,-9,-1,-10,-1,-9,-2,-9,-2,-8,-2,-8,-3,-8,-3,-8,-3,-7,-3,-7,-3,-7,-3,-7,-4,-6,-4,-6,-5,-5,-5,-5,-5,-4,-5,0,0,0,0,0,0,0,0,0,0,0,0,0,0,-59,-75,-58,-65,-60,-67,-50,-62,-44,-54,-44,-49,-40,-42,-39,-41,-36,-39,-37,-34,-37,-26,-29,-25,-30,-24,-30,-13,-24,-18,-22,-4,-24,-5,-25,4,-21,2,-21,9,-20,12,-17,10,-12,16,-15,13,-11,23,-11,20,-9,23,-11,32,-8,31,-7,30,-5,34,-8,36,-8,39,-11,47,-4,42,-13,45,-7,46,-13,44,-19,44,-19,46,-19,44,-23,43,-21,38,-23,40,-27,33,-20,34,-26,35,-26,31,-25,30,-28,27,-30,23,-32,22,-23,19,-29,18,-29,11,-33,6,-29,6,0,0,0,0,0,0,0,0,0,0,0,0,0,0,0,0,0,0,0,0,0,0,-27,41,-31,42,-30,38,-28,34,-29,32,-25,31,-23,26,-22,24,-15,24,-16,19,-13,24,-4,19,-1,20,3,15,6,17,11,18,15,16,17,19,28,17,26,18,30,17,38,17,39,21,44,15,44,17,46,11,45,17,52,15,54,12,62,8,48,8,59,8,62,2,58,-1,58,-1,66,-2,60,-11,62,-18,64,-22,65,-28,62,-31,65,-36,63,-37,63,-44,67,-47,68,-47,64,-50,65,-57,71,-64,66,-66,71,-66,70,-71,77,-73,73,-70,78,-81,76,-78,78,-70,0,0]"
CSI_DATA,229,1a:00:00:00:00:00,-50,11,1,0,1,1,1,0,0,0,1,-96,0,11,2,3274438,0,44,0,384,0,"[0,0,0,0,0,0,0,0,0,0,0,0,9,-9,7,-9,6,-9,6,-8,5,-8,5,-7,4,-7,3,-6,2,-6,1,-5,1,-5,0,-5,-1,-4,-1,-4,-2,-4,-2,-4,-3,-3,-3,-3,-4,-2,-4,-2,-4,-1,-5,-1,-5,-1,-6,0,-6,0,-7,0,0,0,-8,1,-8,0,-9,1,-9,1,-9,0,-9,0,-9,0,-9,0,-9,-1,-9,-1,-9,-2,-9,-2,-9,-2,-8,-3,-8,-3,-8,-3,-8,-3,-7,-3,-7,-4,-7,-4,-6,-4,-6,-5,-5,-5,-5,-5,-4,-6,-3,-5,0,0,0,0,0,0,0,0,0,0,0,0,0,0,-21,-90,-20,-91,-25,-82,-23,-76,-17,-75,-16,-61,-21,-61,-21,-54,-19,-49,-17,-46,-18,-41,-17,-28,-22,-30,-21,-25,-12,-23,-20,-16,-26,-9,-25,-7,-19,2,-17,4,-19,6,-20,6,-17,8,-18,12,-17,13,-19,17,-14,23,-22,23,-21,29,-17,30,-20,29,-13,34,-21,36,-21,42,-19,43,-28,42,-23,38,-25,37,-32,40,-30,38,-31,39,-37,33,-34,31,-38,32,-33,25,-37,23,-34,23,-33,29,-33,22,-32,15,-36,17,-38,15,-32,14,-35,9,-32,3,-35,-3,-33,-4,0,0,0,0,0,0,0,0,0,0,0,0,0,0,0,0,0,0,0,0,0,0,-55,21,-48,11,-52,15,-44,11,-44,8,-41,8,-37,5,-35,8,-31,8,-26,9,-23,13,-20,11,-13,15,-11,18,-1,14,4,23,3,24,8,30,6,30,14,33,23,35,22,33,25,37,31,36,27,40,34,42,35,37,38,40,39,42,43,35,46,32,50,36,49,32,51,28,58,29,57,20,55,26,63,19,68,13,75,4,72,4,81,-1,78,-5,83,-5,76,-8,90,-28,91,-28,86,-21,90,-29,95,-27,96,-27,98,-34,106,-29,105,-36,111,-35,101,-27,97,-32,0,0]"
CSI_DATA,230,1a:00:00:00:00:00,-51,11,1,0,1,1,1,0,0,0,1,-96,0,11,2,3284416,0,44,0,384,0,"[0,0,0,0,0,0,0,0,0,0,0,0,11,-7,10,-7,9,-7,8,-6,8,-6,6,-5,5,-6,4,-5,4,-5,3,-4,2,-5,1,-4,0,-4,0,-4,-1,-3,-2,-4,-2,-3,-3,-3,-3,-2,-4,-2,-4,-2,-5,-1,-5,-1,-6,-1,-7,0,-7,0,0,0,-8,0,-9,0,-9,0,-9,0,-9,0,-9,0,-10,0,-9,-1,-10,-1,-10,-2,-10,-2,-9,-3,-9,-3,-9,-3,-9,-3,-8,-4,-8,-4,-7,-4,-7,-4,-7,-4,-7,-5,-6,-5,-6,-5,-5,-6,-5,-6,-4,-6,0,0,0,0,0,0,0,0,0,0,0,0,0,0,-2,-47,-4,-44,-5,-38,-3,-38,-4,-34,-4,-33,-6,-30,-3,-28,-5,-26,-5,-24,-8,-18,-7,-15,-9,-16,-8,-13,-7,-14,-7,-8,-10,-6,-9,-6,-9,0,-8,-1,-8,3,-9,2,-7,6,-9,6,-8,9,-7,10,-7,10,-8,14,-9,12,-7,16,-9,16,-7,18,-6,20,-9,21,-8,18,-9,21,-9,22,-11,21,-11,22,-12,21,-11,20,-14,19,-19,18,-17,14,-15,15,-18,17,-17,15,-17,12,-16,12,-16,12,-16,11,-17,9,-14,8,-15,7,-16,4,-17,3,-17,1,0,0,0,0,0,0,0,0,0,0,0,0,0,0,0,0,0,0,0,0,0,0,-29,-9,-27,-10,-26,-10,-27,-12,-22,-9,-20,-11,-19,-5,-21,-7,-20,-5,-15,-2,-13,-2,-13,1,-12,3,-8,2,-6,6,-8,9,-6,11,-6,12,-3,14,-2,16,0,22,0,21,2,21,1,26,1,25,5,24,3,28,6,26,7,28,11,29,11,22,16,27,14,27,20,22,20,24,22,17,23,19,25,20,27,18,31,15,34,16,35,13,38,11,38,9,42,7,38,4,42,2,47,0,46,-3,49,0,49,1,52,-2,55,-4,49,-2,54,-2,53,-5,51,-4,0,0]"
CSI_DATA,231,1a:00:00:00:00:00,-52,11,1,0,1,1,1,0,0,0,1,-96,0,11,2,3324464,0,44,0,384,0,"[0,0,0,0,0,0,0,0,0,0,0,0,-14,-2,-13,-1,-12,0,-12,0,-11,0,-9,0,-9,1,-8,1,-7,1,-6,1,-5,1,-4,1,-4,1,-3,1,-2,1,-1,1,-1,1,0,0,0,0,1,0,1,0,2,-1,2,-1,3,-2,3,-2,4,-3,0,0,4,-3,5,-3,5,-3,6,-4,6,-3,6,-3,6,-4,7,-3,7,-3,7,-3,7,-3,7,-2,7,-2,7,-2,7,-2,7,-1,7,-1,6,-1,6,-1,6,-1,6,0,6,0,6,1,6,1,6,2,5,2,0,0,0,0,0,0,0,0,0,0,0,0,0,0,-29,34,-26,33,-20,35,-20,34,-16,32,-13,28,-14,27,-11,27,-11,23,-11,22,-5,21,-6,20,-4,18,-4,13,-2,14,1,11,0,8,1,6,2,4,3,3,1,2,3,1,1,-3,1,-2,2,-4,1,-6,1,-8,0,-10,2,-11,2,-12,-2,-16,1,-16,0,-13,-4,-17,0,-18,-2,-18,-2,-18,1,-19,3,-21,3,-19,1,-18,3,-18,4,-21,3,-22,3,-20,4,-19,4,-18,5,-19,6,-18,5,-13,5,-17,6,-18,8,-13,8,-13,9,-13,11,-12,12,-9,0,0,0,0,0,0,0,0,0,0,0,0,0,0,0,0,0,0,0,0,0,0,-9,31,-12,32,-12,32,-8,32,-10,28,-8,30,-7,25,-5,28,-2,25,-2,22,1,22,4,20,7,18,8,17,9,14,13,12,17,11,17,11,21,9,22,6,24,3,26,2,26,-1,28,-3,27,-4,30,-10,26,-8,28,-9,27,-13,25,-16,24,-17,22,-22,22,-22,19,-24,19,-27,14,-30,10,-31,8,-31,6,-32,1,-35,2,-34,-4,-37,-8,-37,-12,-38,-16,-36,-19,-31,-22,-34,-24,-38,-24,-35,-30,-37,-29,-33,-37,-34,-36,-38,-41,-32,-41,-36,-40,-36,-41,-29,0,0]"
CSI_DATA,232,1a:00:00:00:00:00,-52,11,1,0,1,1,1,0,0,0,1,-96,0,11,2,3344432,0,44,0,384,0,"[0,0,0,0,0,0,0,0,0,0,0,0,-7,-11,-8,-10,-8,-9,-8,-9,-7,-8,-6,-7,-7,-6,-6,-6,-5,-5,-5,-4,-5,-4,-4,-3,-4,-2,-4,-2,-3,-1,-3,-1,-2,0,-2,0,-1,0,-1,1,0,1,0,1,1,1,1,2,2,2,2,2,0,0,3,2,4,3,4,3,4,3,4,4,4,4,5,4,4,4,4,5,4,5,4,5,4,5,3,5,3,5,3,6,3,6,3,6,2,5,2,6,2,5,1,6,1,6,1,6,0,6,-1,6,-2,5,0,0,0,0,0,0,0,0,0,0,0,0,0,0,-45,1,-43,1,-43,4,-38,9,-36,7,-34,6,-32,7,-32,10,-27,9,-24,11,-23,8,-18,13,-19,7,-16,8,-14,7,-11,8,-10,6,-10,9,-5,6,-3,3,-1,6,-2,4,-2,3,2,1,3,2,3,0,4,0,7,-3,5,-3,10,-5,8,-4,11,-5,13,-4,14,-5,16,-8,16,-5,17,-5,18,-6,18,-6,15,-7,17,-5,20,-3,19,-4,21,-3,18,-1,18,-2,16,-1,17,0,18,1,15,1,17,2,16,3,16,3,15,5,16,8,13,8,11,9,0,0,0,0,0,0,0,0,0,0,0,0,0,0,0,0,0,0,0,0,0,0,-20,26,-22,26,-22,25,-22,26,-19,22,-17,22,-17,20,-15,22,-15,24,-11,22,-11,22,-5,21,-3,21,-1,22,-1,20,1,20,8,20,8,18,13,19,13,17,16,19,19,18,21,13,22,15,25,13,27,14,26,12,28,9,30,9,29,5,27,3,34,2,28,-2,29,-6,32,-8,28,-10,26,-12,26,-17,23,-18,25,-24,24,-24,18,-28,19,-31,15,-32,15,-33,10,-42,12,-41,6,-41,6,-41,4,-43,5,-45,0,-46,0,-51,-3,-46,-1,-52,-1,-53,-3,-48,0,0]"
CSI_DATA,233,1a:00:00:00:00:00,-51,11,1,0,1,1,1,0,0,0,1,-96,0,11,2,3354474,0,44,0,384,0,"[0,0,0,0,0,0,0,0,0,0,0,0,11,-9,9,-8,8,-8,8,-8,7,-7,6,-7,6,-7,5,-6,4,-6,3,-5,3,-5,2,-5,1,-4,1,-4,1,-3,0,-4,-1,-3,-1,-2,-1,-2,-1,-1,-2,-1,-2,0,-3,0,-3,1,-3,1,-3,1,0,0,-4,2,-5,3,-5,3,-5,3,-5,3,-6,3,-6,3,-6,3,-7,3,-7,3,-7,3,-7,2,-7,2,-7,1,-7,1,-7,1,-8,1,-7,1,-7,0,-7,0,-7,-1,-7,-1,-7,-2,-7,-2,-6,-3,-6,-3,0,0,0,0,0,0,0,0,0,0,0,0,0,0,-12,-87,-9,-86,-9,-79,-14,-74,-13,-78,-16,-67,-26,-60,-19,-60,-17,-53,-17,-51,-16,-45,-15,-43,-14,-35,-20,-33,-15,-29,-12,-27,-15,-16,-14,-15,-16,-13,-15,-12,-15,-11,-16,-7,-8,2,-13,2,-6,6,-5,11,-4,11,-4,13,-1,16,2,16,-3,20,2,23,3,29,0,29,7,33,-1,37,1,34,-1,39,-2,34,-5,35,-7,37,-10,39,-9,33,-11,35,-12,31,-14,34,-18,33,-16,33,-11,33,-16,29,-17,28,-25,29,-18,22,-19,21,-28,19,-27,17,-28,13,0,0,0,0,0,0,0,0,0,0,0,0,0,0,0,0,0,0,0,0,0,0,-62,-11,-64,-14,-59,-13,-58,-14,-60,-16,-53,-12,-51,-10,-53,-8,-52,-6,-48,-1,-44,-2,-46,3,-43,10,-38,11,-33,19,-36,20,-29,26,-28,24,-27,34,-23,38,-23,39,-18,47,-21,45,-16,51,-19,49,-10,58,-11,55,-7,54,-3,54,5,57,7,52,15,61,19,55,20,53,26,56,29,52,35,50,38,46,47,40,54,41,52,32,61,31,64,27,71,21,71,18,72,20,72,15,82,6,81,5,92,4,87,2,91,-4,94,-6,93,-4,104,-10,93,-11,96,-11,0,0]"
CSI_DATA,234,1a:00:00:00:00:00,-50,11,1,0,1,1,1,0,0,0,1,-96,0,11,2,3364799,0,44,0,384,0,"[0,0,0,0,0,0,0,0,0,0,0,0,11,-8,10,-8,9,-7,9,-7,7,-7,7,-7,6,-7,5,-6,5,-6,4,-5,3,-5,2,-5,2,-4,1,-4,1,-4,0,-4,-1,-3,-1,-3,-1,-2,-2,-2,-2,-1,-3,-1,-3,-1,-3,0,-4,0,-4,1,0,0,-5,1,-6,2,-6,2,-6,2,-7,2,-7,2,-7,2,-7,1,-8,2,-8,1,-8,1,-8,0,-8,0,-8,0,-8,-1,-8,-1,-8,-1,-8,-1,-7,-2,-7,-2,-7,-2,-7,-3,-6,-3,-6,-4,-6,-4,-5,-5,0,0,0,0,0,0,0,0,0,0,0,0,0,0,0,-48,3,-43,-2,-41,-4,-40,-4,-38,-2,-37,-5,-33,-6,-32,-5,-29,-4,-27,-6,-26,-7,-24,-7,-19,-7,-16,-7,-18,-6,-14,-9,-10,-8,-10,-4,-9,-6,-5,-8,-5,-7,-2,-8,2,-6,1,-7,2,-8,8,-4,5,-4,8,-3,7,-4,10,-4,10,-4,11,-2,13,-4,15,-4,19,-7,18,-6,20,-6,19,-6,18,-8,18,-9,18,-9,18,-12,17,-11,17,-10,17,-11,15,-12,16,-13,15,-11,15,-12,11,-14,10,-15,10,-15,9,-15,7,-17,5,-17,4,-17,1,0,0,0,0,0,0,0,0,0,0,0,0,0,0,0,0,0,0,0,0,0,0,-32,-4,-32,-4,-27,-5,-29,-9,-28,-7,-28,-6,-26,-5,-24,-2,-28,-3,-24,-1,-20,2,-22,-2,-22,3,-22,6,-19,8,-15,10,-15,11,-16,10,-13,16,-14,19,-12,18,-9,21,-6,22,-8,25,-5,26,-2,28,-9,29,-3,28,0,29,2,32,3,26,4,32,8,29,9,29,12,30,13,29,17,27,19,24,20,24,26,22,27,20,31,20,33,19,35,15,34,15,42,12,39,12,42,10,42,7,44,9,46,5,50,4,51,4,49,2,53,2,50,0,51,-1,0,0]"
CSI_DATA,235,1a:00:00:00:00:00,-50,11,1,0,1,1,1,0,0,0,1,-96,0,11,2,3375029,0,44,0,384,0,"[0,0,0,0,0,0,0,0,0,0,0,0,-8,-12,-8,-10,-8,-10,-8,-9,-8,-9,-6,-8,-7,-7,-6,-6,-6,-5,-6,-5,-5,-4,-5,-3,-5,-3,-5,-2,-4,-1,-4,-1,-3,0,-3,0,-3,1,-2,1,-2,2,-2,2,-1,2,-1,3,-1,4,0,4,0,0,1,5,0,6,1,6,1,6,0,6,0,7,0,7,0,7,0,7,-1,8,-1,8,-2,7,-2,7,-2,7,-3,7,-3,7,-3,7,-3,6,-3,6,-4,6,-4,5,-4,5,-5,5,-5,4,-6,3,-6,2,0,0,0,0,0,0,0,0,0,0,0,0,0,0,-89,26,-82,24,-77,31,-71,27,-68,30,-61,32,-60,24,-58,26,-50,20,-44,28,-40,27,-33,20,-34,23,-31,21,-24,21,-18,26,-14,24,-16,19,-10,19,-2,18,-4,16,-4,16,3,15,4,13,9,9,12,11,16,7,15,3,18,8,22,1,23,6,29,5,22,6,31,9,31,2,40,12,40,12,38,11,37,13,35,12,39,15,42,10,39,20,40,15,35,21,36,22,31,21,28,28,24,26,27,21,24,24,21,22,18,30,13,24,13,29,11,29,5,30,0,0,0,0,0,0,0,0,0,0,0,0,0,0,0,0,0,0,0,0,0,0,32,50,29,54,23,49,28,50,26,50,20,47,20,41,21,42,23,42,22,35,27,36,26,28,31,25,33,19,34,19,33,14,39,6,35,7,40,3,39,1,47,-3,47,-9,48,-10,46,-20,52,-17,54,-29,53,-27,53,-28,50,-27,50,-33,46,-35,53,-42,47,-41,38,-42,41,-47,36,-54,28,-49,23,-61,21,-62,17,-73,14,-68,5,-69,10,-80,3,-80,-2,-74,-10,-77,-10,-80,-15,-80,-21,-86,-20,-88,-25,-88,-37,-88,-30,-96,-25,-86,-30,-97,-37,-97,-28,-95,0,0]"
CSI_DATA,236,1a:00:00:00:00:00,-50,11,1,0,1,1,1,0,0,0,1,-96,0,11,2,3384451,0,44,0,384,0,"[0,0,0,0,0,0,0,0,0,0,0,0,3,12,3,11,4,10,4,10,3,9,3,8,3,7,3,6,3,6,3,5,3,4,3,3,3,3,3,2,3,1,3,1,2,0,2,0,2,-1,2,-2,2,-2,2,-3,2,-3,1,-4,1,-5,1,-5,0,0,1,-6,1,-7,2,-7,1,-7,2,-7,2,-8,2,-8,3,-8,3,-8,3,-7,4,-7,4,-7,4,-7,4,-6,5,-6,5,-6,5,-6,5,-5,5,-5,5,-4,5,-4,5,-3,5,-3,5,-2,6,-1,5,0,0,0,0,0,0,0,0,0,0,0,0,0,0,0,45,7,44,5,40,2,37,1,37,-1,32,-2,30,-1,30,-1,27,-4,24,-2,23,-5,21,-5,19,-5,16,-5,15,-5,14,-5,12,-6,9,-7,9,-6,4,-6,2,-9,1,-8,0,-8,0,-8,-3,-6,-2,-8,-6,-7,-6,-8,-10,-9,-12,-7,-11,-8,-12,-5,-14,-11,-15,-11,-16,-10,-15,-13,-15,-13,-17,-12,-16,-15,-16,-14,-15,-15,-15,-17,-12,-19,-15,-16,-13,-17,-11,-18,-9,-17,-9,-20,-9,-16,-9,-16,-6,-18,-6,-16,-7,-14,-2,-17,-1,-17,2,-15,3,-14,0,0,0,0,0,0,0,0,0,0,0,0,0,0,0,0,0,0,0,0,0,0,-3,-32,-3,-29,-2,-31,-2,-30,1,-31,-1,-24,-1,-24,-3,-24,-5,-23,-4,-21,-4,-22,-6,-19,-8,-20,-10,-18,-10,-16,-15,-15,-18,-10,-15,-12,-18,-12,-19,-9,-21,-8,-25,-6,-25,-6,-26,-3,-26,-4,-28,-1,-27,-1,-31,2,-31,2,-31,3,-30,4,-29,8,-28,8,-27,11,-29,13,-27,15,-24,16,-24,20,-24,21,-23,25,-22,25,-20,31,-19,28,-17,31,-14,32,-14,39,-12,38,-9,41,-10,40,-11,45,-9,46,-5,44,-7,45,-9,48,-8,51,-6,48,-4,51,0,0]"
CSI_DATA,237,1a:00:00:00:00:00,-50,11,1,0,1,1,1,0,0,0,1,-96,0,11,2,3394441,0,44,0,384,0,"[0,0,0,0,0,0,0,0,0,0,0,0,-4,12,-4,12,-2,11,-3,10,-2,9,-2,9,-1,8,-1,7,-1,7,0,6,0,6,1,5,1,4,1,3,1,3,2,2,2,2,2,1,2,0,2,0,2,-1,3,-2,3,-2,3,-3,3,-3,3,-3,0,0,4,-4,4,-5,5,-5,5,-5,5,-5,6,-5,6,-5,6,-5,6,-5,7,-5,7,-4,7,-4,7,-3,7,-3,7,-3,7,-2,7,-2,7,-2,6,-1,6,-1,6,0,6,0,5,1,5,1,5,2,4,2,0,0,0,0,0,0,0,0,0,0,0,0,0,0,28,31,27,29,29,26,25,21,25,26,20,17,24,19,22,16,19,15,19,15,18,11,15,12,16,11,15,7,13,6,11,2,12,3,11,0,8,-1,8,-2,9,-4,6,-3,5,-4,4,-5,4,-10,2,-9,3,-11,0,-10,1,-11,-1,-13,-1,-14,-1,-17,1,-17,-1,-19,-3,-18,0,-19,-1,-22,-1,-20,2,-20,2,-19,3,-19,6,-20,6,-19,5,-19,7,-19,8,-20,8,-16,9,-17,7,-14,9,-14,8,-14,11,-12,10,-12,11,-9,11,-8,13,-6,13,-4,0,0,0,0,0,0,0,0,0,0,0,0,0,0,0,0,0,0,0,0,0,0,3,-31,5,-30,5,-30,6,-29,8,-28,7,-26,6,-24,6,-25,5,-24,4,-24,2,-21,2,-20,-2,-20,-2,-20,-4,-19,-5,-17,-10,-17,-10,-16,-14,-15,-13,-16,-15,-17,-19,-17,-21,-15,-21,-15,-21,-16,-26,-14,-24,-13,-28,-13,-28,-13,-29,-11,-27,-10,-29,-8,-30,-6,-28,-5,-32,-3,-29,-2,-31,2,-31,4,-31,5,-32,7,-31,9,-31,16,-31,17,-33,17,-29,18,-30,25,-30,23,-32,25,-31,28,-32,28,-32,31,-32,31,-35,35,-34,29,-36,34,-34,35,-33,35,0,0]"
CSI_DATA,238,1a:00:00:00:00:00,-50,11,1,0,1,1,1,0,0,0,1,-96,0,11,2,3414515,0,44,0,384,0,"[0,0,0,0,0,0,0,0,0,0,0,0,-2,-13,-2,-12,-3,-11,-3,-11,-3,-10,-2,-9,-3,-8,-3,-7,-3,-7,-3,-6,-3,-6,-3,-5,-3,-4,-4,-3,-3,-2,-4,-2,-3,-1,-3,-1,-3,0,-3,1,-3,1,-3,2,-3,2,-3,3,-3,3,-3,4,0,0,-3,5,-3,5,-4,6,-3,6,-4,6,-4,6,-4,6,-5,6,-5,6,-5,6,-6,6,-6,5,-6,5,-6,5,-6,4,-6,4,-6,3,-6,3,-6,3,-6,2,-6,2,-6,1,-6,1,-6,0,-6,-1,-6,-1,0,0,0,0,0,0,0,0,0,0,0,0,0,0,-43,-19,-37,-18,-40,-14,-36,-11,-34,-12,-31,-9,-33,-10,-31,-9,-27,-8,-23,-4,-25,-5,-20,-1,-19,-2,-17,-1,-16,-3,-13,0,-11,3,-13,2,-11,2,-8,6,-7,7,-4,3,-4,5,-3,8,0,7,2,10,0,10,2,10,4,10,6,10,5,11,8,15,8,14,8,15,8,17,9,19,8,18,11,19,7,18,8,19,7,19,7,18,3,21,1,23,1,20,1,19,2,19,1,18,0,15,-3,15,-4,13,-4,16,-4,16,-7,11,-6,11,-9,11,-10,7,0,0,0,0,0,0,0,0,0,0,0,0,0,0,0,0,0,0,0,0,0,0,14,30,13,30,10,29,9,28,7,27,6,27,7,25,5,24,10,24,8,19,8,19,8,19,13,19,11,16,12,13,12,12,16,10,15,7,19,7,21,6,24,5,25,6,24,1,26,1,25,1,31,-2,29,0,29,-5,28,-3,31,-5,29,-4,33,-10,30,-8,28,-13,31,-14,27,-16,26,-15,25,-16,25,-21,27,-25,25,-26,21,-27,19,-29,22,-31,18,-32,15,-34,18,-36,14,-39,16,-39,15,-43,17,-44,15,-45,17,-45,13,-44,18,-48,12,-48,18,-46,0,0]"
CSI_DATA,239,1a:00:00:00:00:00,-49,11,1,0,1,1,1,0,0,0,1,-96,0,11,2,3434592,0,44,0,384,0,"[0,0,0,0,0,0,0,0,0,0,0,0,5,12,5,10,6,10,5,9,5,8,4,7,5,6,4,6,4,5,4,4,4,4,4,3,4,2,4,1,3,1,3,0,3,-1,3,-1,2,-2,2,-2,2,-3,2,-4,2,-4,2,-5,2,-5,1,-5,0,0,1,-6,1,-7,1,-8,1,-8,2,-8,2,-8,2,-9,2,-8,3,-8,3,-8,4,-8,4,-7,4,-7,4,-6,5,-6,5,-6,5,-6,5,-5,5,-5,5,-4,5,-3,5,-3,5,-2,5,-2,5,-1,5,0,0,0,0,0,0,0,0,0,0,0,0,0,0,0,42,-7,44,-1,38,-8,33,-4,35,-7,32,-5,29,-8,27,-8,26,-9,23,-6,20,-7,18,-8,17,-7,16,-9,14,-9,9,-10,10,-11,8,-11,6,-10,3,-11,2,-10,2,-11,-1,-9,-4,-11,-2,-9,-7,-8,-7,-9,-8,-7,-11,-11,-10,-9,-12,-8,-14,-10,-13,-10,-13,-9,-16,-12,-18,-13,-15,-13,-18,-15,-14,-15,-15,-14,-16,-15,-15,-16,-11,-20,-14,-18,-12,-16,-9,-16,-9,-18,-6,-16,-6,-16,-7,-16,-5,-16,-4,-16,-1,-16,2,-17,1,-14,3,-13,6,-13,0,0,0,0,0,0,0,0,0,0,0,0,0,0,0,0,0,0,0,0,0,0,-23,-22,-21,-21,-19,-22,-19,-22,-19,-22,-15,-20,-16,-19,-14,-20,-17,-19,-15,-18,-13,-14,-16,-12,-17,-12,-16,-11,-16,-7,-17,-5,-17,-3,-20,-1,-17,1,-19,1,-20,4,-23,6,-21,7,-22,10,-23,9,-23,12,-26,12,-23,14,-25,15,-24,19,-22,17,-24,18,-23,20,-21,22,-20,24,-18,24,-17,25,-14,27,-13,28,-13,31,-12,31,-8,32,-7,36,-5,37,-3,35,0,35,1,37,0,40,3,41,3,45,4,42,7,44,5,48,7,46,8,49,6,49,4,50,0,0]"
CSI_DATA,240,1a:00:00:00:00:00,-49,11,1,0,1,1,1,0,0,0,1,-96,0,11,2,3444417,0,44,0,384,0,"[0,0,0,0,0,0,0,0,0,0,0,0,7,-13,6,-12,5,-12,5,-11,4,-10,4,-10,3,-10,2,-9,2,-8,1,-7,1,-7,0,-7,-1,-6,-1,-5,-2,-5,-2,-5,-3,-4,-3,-4,-3,-3,-4,-2,-4,-2,-5,-1,-5,-1,-5,-1,-6,0,-6,0,0,0,-7,1,-8,1,-8,1,-8,1,-8,1,-9,1,-9,1,-9,0,-9,0,-9,-1,-10,-1,-9,-2,-9,-2,-8,-2,-8,-3,-8,-3,-7,-3,-7,-3,-7,-4,-6,-4,-6,-5,-5,-5,-5,-5,-4,-5,-3,-6,-2,-6,0,0,0,0,0,0,0,0,0,0,0,0,0,0,-30,-34,-29,-33,-28,-31,-27,-29,-28,-30,-22,-26,-23,-23,-23,-21,-20,-19,-18,-19,-19,-15,-19,-13,-20,-10,-17,-8,-10,-10,-15,-5,-14,-6,-15,-3,-12,-2,-13,-1,-10,1,-9,2,-9,4,-7,7,-10,6,-7,9,-7,8,-7,9,-9,12,-5,16,-5,14,-7,16,-3,18,-5,18,-6,17,-9,19,-8,20,-6,19,-9,20,-10,20,-11,20,-13,17,-11,18,-13,16,-13,13,-16,13,-13,10,-16,14,-14,9,-14,11,-15,8,-16,5,-15,6,-16,2,-14,1,-15,-2,-12,-4,0,0,0,0,0,0,0,0,0,0,0,0,0,0,0,0,0,0,0,0,0,0,4,29,1,30,2,29,-1,27,-1,30,-1,25,1,25,-2,23,-2,24,0,23,2,21,3,18,3,18,5,16,5,14,9,12,10,13,11,13,13,11,14,10,17,10,21,9,20,9,20,8,25,9,24,8,25,8,27,6,27,5,29,3,28,4,31,3,29,1,29,-2,31,-3,31,-6,30,-7,30,-6,29,-10,31,-13,32,-13,32,-19,29,-19,31,-22,28,-20,28,-27,27,-28,30,-29,29,-31,31,-32,33,-33,34,-34,36,-33,33,-35,39,-35,32,-36,35,-35,0,0]"
CSI_DATA,241,1a:00:00:00:00:00,-49,11,1,0,1,1,1,0,0,0,1,-96,0,11,2,3454450,0,44,0,384,0,"[0,0,0,0,0,0,0,0,0,0,0,0,13,2,12,1,12,1,12,1,10,1,9,1,9,0,8,-1,7,-1,6,-1,6,-2,5,-2,5,-2,4,-3,3,-3,3,-4,2,-4,2,-4,1,-4,1,-4,0,-4,-1,-5,-1,-5,-2,-5,-2,-5,-3,-6,0,0,-4,-6,-4,-7,-4,-7,-4,-7,-4,-8,-4,-8,-4,-8,-3,-8,-3,-9,-3,-9,-2,-9,-1,-9,-1,-8,-1,-8,0,-8,0,-8,0,-8,1,-7,1,-7,1,-6,2,-6,2,-6,3,-5,3,-5,3,-4,4,-3,0,0,0,0,0,0,0,0,0,0,0,0,0,0,25,-35,25,-31,25,-34,23,-33,19,-29,19,-27,18,-24,17,-28,15,-22,14,-25,10,-24,9,-21,8,-21,7,-18,6,-19,2,-17,2,-16,1,-14,-1,-14,-2,-12,-8,-13,-5,-9,-8,-9,-9,-7,-8,-7,-10,-5,-10,-5,-12,-3,-13,-6,-16,-3,-16,-4,-18,-3,-15,-2,-19,-2,-21,-2,-19,-5,-21,-4,-21,-5,-21,-7,-20,-7,-21,-8,-20,-8,-18,-9,-19,-11,-18,-13,-16,-11,-17,-12,-14,-11,-13,-13,-13,-12,-10,-13,-11,-13,-8,-14,-4,-13,-3,-14,-4,-14,0,-12,0,0,0,0,0,0,0,0,0,0,0,0,0,0,0,0,0,0,0,0,0,0,-29,11,-28,7,-28,5,-29,5,-27,3,-26,4,-24,4,-21,6,-22,3,-19,5,-22,5,-19,6,-18,5,-16,8,-15,8,-10,8,-12,11,-12,12,-9,15,-8,17,-7,20,-6,21,-5,21,-5,22,-4,24,-1,26,-6,25,-1,26,0,25,1,29,3,26,3,28,5,27,6,27,8,29,10,29,9,26,12,27,15,27,17,26,20,25,23,25,24,28,27,26,29,24,33,26,31,25,33,22,35,24,34,25,38,27,40,27,41,29,40,27,43,30,44,30,40,27,0,0]"
CSI_DATA,242,1a:00:00:00:00:00,-49,11,1,0,1,1,1,0,0,0,1,-96,0,11,2,3474509,0,44,0,384,0,"[0,0,0,0,0,0,0,0,0,0,0,0,-12,6,-12,6,-10,5,-10,5,-9,5,-8,5,-7,5,-6,4,-6,4,-5,4,-4,4,-3,4,-3,4,-2,4,-1,4,-1,4,0,4,0,3,1,3,1,3,2,3,3,3,3,2,4,2,4,2,5,2,0,0,6,3,6,3,7,3,7,3,7,4,7,4,7,4,7,4,7,5,6,5,6,5,5,5,5,5,4,6,4,6,3,6,3,5,3,5,2,5,1,5,1,5,0,5,0,5,-1,5,-2,4,-2,4,0,0,0,0,0,0,0,0,0,0,0,0,0,0,-12,45,-13,40,-7,39,-11,36,-9,38,-6,32,-5,30,-6,30,-4,24,-5,26,-2,21,-1,21,-2,20,2,17,3,17,5,14,6,13,5,10,8,9,7,9,9,6,8,6,7,2,9,1,11,1,12,-1,13,0,11,-5,15,-4,15,-5,14,-6,15,-5,18,-5,19,-6,20,-7,22,-3,22,-4,23,-5,22,-3,23,-4,21,0,24,0,22,2,22,1,18,0,19,3,17,7,19,4,14,3,12,7,12,7,11,9,11,8,9,10,7,10,6,11,3,9,0,0,0,0,0,0,0,0,0,0,0,0,0,0,0,0,0,0,0,0,0,0,13,-22,15,-20,17,-20,17,-18,17,-16,14,-15,15,-16,14,-13,14,-16,11,-15,9,-15,6,-14,4,-15,3,-15,1,-13,3,-15,-2,-16,-1,-15,-5,-15,-5,-17,-5,-17,-11,-20,-11,-20,-13,-23,-15,-20,-17,-22,-15,-24,-16,-24,-16,-22,-21,-22,-18,-20,-21,-23,-20,-22,-23,-21,-23,-21,-25,-21,-26,-19,-28,-19,-30,-13,-34,-14,-35,-13,-37,-11,-36,-11,-41,-9,-37,-8,-44,-8,-43,-8,-43,-5,-45,-8,-47,-7,-52,-6,-50,-4,-50,-9,-51,-5,-56,-7,-51,-5,-54,-8,0,0]"
CSI_DATA,243,1a:00:00:00:00:00,-49,11,1,0,1,1,1,0,0,0,1,-96,0,11,2,3484436,0,44,0,384,0,"[0,0,0,0,0,0,0,0,0,0,0,0,-7,11,-7,10,-5,10,-5,9,-5,8,-4,7,-3,7,-3,6,-3,6,-2,5,-1,5,0,5,0,4,1,3,1,3,2,3,2,3,2,2,3,1,3,1,4,1,4,0,4,1,5,0,6,-1,6,-1,0,0,7,-1,7,-1,8,-1,8,-1,8,0,8,0,8,0,8,1,8,1,8,1,8,2,7,2,7,2,6,3,6,3,6,3,5,3,5,3,4,4,4,4,3,4,2,4,2,4,1,4,0,4,0,4,0,0,0,0,0,0,0,0,0,0,0,0,0,0,23,39,18,36,20,31,16,32,18,30,15,25,17,24,16,24,14,20,12,19,13,16,13,12,12,12,14,9,13,9,11,7,14,4,13,2,11,0,12,0,11,-4,10,-4,7,-6,10,-7,9,-9,9,-10,9,-11,7,-13,9,-14,7,-16,6,-17,8,-17,11,-17,10,-19,10,-19,13,-20,14,-19,11,-18,16,-17,14,-17,13,-16,16,-16,16,-14,16,-14,17,-10,16,-10,16,-8,14,-7,15,-6,13,-6,14,-2,14,-2,11,-1,11,0,12,3,11,4,8,6,0,0,0,0,0,0,0,0,0,0,0,0,0,0,0,0,0,0,0,0,0,0,-6,-23,-5,-22,-3,-23,-3,-21,-2,-20,-3,-18,-2,-18,-2,-16,-2,-18,-3,-14,-4,-13,-6,-13,-7,-11,-8,-10,-8,-11,-11,-7,-12,-7,-14,-5,-18,-5,-20,-6,-22,-5,-23,-3,-21,-4,-26,-3,-26,-4,-28,-2,-29,-3,-29,-1,-29,-5,-29,2,-29,1,-33,1,-32,1,-31,3,-32,3,-32,7,-31,6,-32,9,-34,11,-33,16,-34,14,-34,17,-35,17,-36,21,-32,19,-35,24,-36,25,-34,25,-37,29,-38,30,-39,32,-40,30,-41,29,-40,30,-45,29,-40,32,-43,27,0,0]"
CSI_DATA,244,1a:00:00:00:00:00,-49,11,1,0,1,1,1,0,0,0,1,-96,0,11,2,3495641,0,44,0,384,0,"[0,0,0,0,0,0,0,0,0,0,0,0,-4,-12,-4,-11,-5,-10,-4,-10,-4,-9,-4,-8,-4,-7,-4,-6,-4,-6,-4,-4,-4,-4,-4,-3,-5,-3,-5,-2,-4,-1,-5,-1,-4,0,-4,0,-4,1,-5,2,-4,2,-5,2,-4,3,-5,4,-5,4,-5,5,0,0,-5,5,-6,5,-6,6,-6,6,-7,6,-7,5,-7,5,-7,5,-7,5,-7,4,-8,4,-8,3,-7,3,-7,2,-7,2,-7,1,-7,1,-6,1,-6,0,-6,0,-6,-1,-5,-1,-5,-2,-4,-2,-4,-3,-3,-3,0,0,0,0,0,0,0,0,0,0,0,0,0,0,-44,-10,-42,-8,-40,-4,-37,-5,-36,-3,-31,-4,-31,-5,-31,-3,-26,-1,-24,-1,-21,0,-18,2,-19,2,-17,4,-13,3,-11,4,-12,7,-10,7,-9,10,-5,9,-4,10,-3,9,-2,12,-1,10,2,11,1,12,4,13,5,14,5,17,6,15,6,18,6,19,6,21,6,20,7,19,6,24,7,21,6,21,4,22,3,23,4,23,2,21,0,21,-2,22,-3,20,-3,17,-4,17,-5,17,-4,15,-7,14,-8,13,-7,13,-8,10,-7,9,-9,7,-10,4,-10,3,0,0,0,0,0,0,0,0,0,0,0,0,0,0,0,0,0,0,0,0,0,0,19,9,17,9,15,10,14,12,13,9,13,8,11,8,11,7,12,6,11,4,9,2,12,1,11,-1,10,-3,10,-3,10,-7,12,-11,13,-10,10,-11,14,-15,13,-17,17,-16,15,-19,16,-21,17,-22,14,-23,18,-23,19,-26,19,-23,18,-27,18,-26,21,-29,19,-28,16,-31,16,-30,16,-31,13,-31,12,-33,11,-35,10,-40,10,-38,6,-38,8,-40,4,-45,5,-41,-2,-42,2,-46,1,-44,0,-49,-1,-49,-1,-49,0,-51,1,-54,2,-50,3,-56,-1,-53,5,-53,0,0]"
CSI_DATA,245,1a:00:00:00:00:00,-49,11,1,0,1,1,1,0,0,0,1,-96,0,11,2,3534368,0,44,0,384,0,"[0,0,0,0,0,0,0,0,0,0,0,0,-2,-12,-3,-12,-3,-10,-3,-10,-3,-9,-3,-8,-4,-7,-3,-6,-4,-6,-4,-5,-4,-4,-4,-4,-5,-3,-5,-2,-5,-2,-5,-1,-5,0,-5,0,-6,1,-6,1,-6,2,-6,3,-6,3,-7,4,-7,4,-7,4,0,0,-8,5,-9,5,-9,6,-9,6,-9,5,-10,5,-10,5,-10,4,-10,4,-10,3,-10,3,-10,2,-10,2,-10,1,-9,1,-9,0,-8,0,-8,0,-8,-1,-7,-1,-7,-2,-6,-2,-6,-2,-5,-3,-4,-3,-4,-3,0,0,0,0,0,0,0,0,0,0,0,0,0,0,-36,-20,-34,-19,-35,-17,-33,-15,-30,-14,-28,-13,-27,-11,-25,-9,-22,-6,-20,-5,-18,-3,-19,-1,-18,-1,-16,1,-13,2,-12,4,-13,5,-10,6,-10,6,-10,9,-7,13,-7,13,-4,12,-4,16,-6,13,-5,15,-2,17,-2,17,-2,18,-1,20,0,22,-1,23,-2,21,-3,24,-1,25,-4,25,-4,28,-5,24,-9,25,-7,27,-8,25,-9,24,-11,24,-11,21,-11,20,-14,18,-12,17,-12,17,-13,13,-11,11,-13,11,-11,11,-13,8,-13,5,-12,4,-10,1,-9,1,0,0,0,0,0,0,0,0,0,0,0,0,0,0,0,0,0,0,0,0,0,0,25,8,22,13,20,12,20,12,18,13,15,12,15,12,11,12,14,11,11,10,11,10,12,6,12,6,10,4,9,6,9,1,11,-2,9,-3,12,-3,12,-9,11,-8,16,-11,15,-13,15,-13,17,-15,15,-18,17,-16,20,-19,20,-20,20,-21,19,-19,20,-22,21,-21,19,-24,19,-26,21,-26,17,-26,16,-27,16,-28,16,-30,16,-32,14,-34,13,-35,14,-36,13,-36,11,-42,12,-40,12,-42,9,-43,13,-44,12,-45,10,-46,16,-49,12,-44,15,-48,14,-48,15,-46,0,0]"
CSI_DATA,246,1a:00:00:00:00:00,-49,11,1,0,1,1,1,0,0,0,1,-96,0,11,2,3544489,0,44,0,384,0,"[0,0,0,0,0,0,0,0,0,0,0,0,12,-3,10,-3,10,-3,9,-3,8,-3,7,-3,6,-3,6,-4,5,-4,4,-4,4,-4,3,-5,2,-4,1,-5,1,-5,0,-5,0,-5,-1,-5,-1,-5,-2,-6,-2,-6,-3,-6,-3,-6,-4,-7,-4,-7,-5,-7,0,0,-5,-8,-5,-8,-5,-9,-5,-9,-4,-9,-4,-9,-4,-10,-3,-9,-3,-10,-3,-9,-2,-10,-2,-9,-1,-9,-1,-8,0,-8,-1,-8,0,-8,0,-7,0,-7,1,-7,1,-6,2,-6,2,-5,2,-4,3,-4,3,-4,0,0,0,0,0,0,0,0,0,0,0,0,0,0,41,-5,36,-6,38,-9,34,-10,31,-7,29,-7,24,-5,24,-9,20,-7,19,-9,18,-11,14,-10,14,-10,10,-9,8,-10,8,-11,6,-13,5,-10,3,-10,0,-12,-2,-14,0,-14,-2,-16,-2,-14,-6,-14,-6,-18,-9,-16,-10,-17,-11,-18,-15,-19,-13,-20,-14,-23,-12,-19,-14,-22,-14,-22,-12,-26,-14,-24,-12,-26,-9,-26,-9,-25,-7,-23,-6,-27,-4,-26,-4,-26,-3,-23,0,-22,-1,-22,1,-19,2,-20,2,-18,2,-17,3,-15,5,-14,6,-14,7,-11,6,-11,8,-10,0,0,0,0,0,0,0,0,0,0,0,0,0,0,0,0,0,0,0,0,0,0,-26,8,-26,2,-25,3,-26,0,-23,0,-23,0,-20,0,-21,-3,-20,-1,-17,-3,-17,-1,-14,-1,-13,2,-13,1,-9,2,-9,4,-10,7,-8,6,-6,9,-6,11,-5,14,-4,14,-6,16,-7,18,-6,19,-2,22,-6,23,-3,25,-6,25,-5,29,-4,25,-4,30,-3,28,-2,26,-2,30,-1,30,-1,29,1,31,3,30,4,32,6,33,8,34,8,34,10,33,10,36,13,38,16,37,14,38,16,38,14,38,14,41,18,40,15,46,16,42,17,49,14,47,11,45,0,0]"
CSI_DATA,247,1a:00:00:00:00:00,-49,11,1,0,1,1,1,0,0,0,1,-96,0,11,2,3554545,0,44,0,384,0,"[0,0,0,0,0,0,0,0,0,0,0,0,2,11,2,10,3,10,3,9,3,8,2,7,2,6,2,6,3,4,3,4,3,4,4,3,4,2,4,1,4,1,5,0,4,0,4,-1,4,-1,5,-2,5,-3,5,-3,5,-3,5,-4,5,-5,6,-5,0,0,6,-6,7,-5,7,-6,7,-6,7,-6,8,-5,9,-5,8,-5,8,-4,8,-4,9,-3,8,-3,8,-3,8,-2,8,-2,7,-2,7,-1,6,-1,6,0,6,0,6,1,5,1,5,0,4,1,3,2,3,2,0,0,0,0,0,0,0,0,0,0,0,0,0,0,11,41,7,39,10,35,7,32,7,33,8,28,7,26,9,25,6,21,7,19,8,16,10,15,9,13,10,11,10,10,12,7,12,5,10,3,12,2,13,1,14,-2,12,-2,13,-5,13,-7,13,-6,15,-8,14,-9,16,-14,18,-12,16,-13,16,-15,18,-15,20,-15,21,-17,20,-15,23,-17,23,-15,21,-14,25,-14,25,-13,24,-12,24,-8,24,-8,24,-8,21,-5,23,-6,21,-4,22,-3,18,-1,19,0,17,1,19,1,16,2,12,6,13,4,11,6,10,7,0,0,0,0,0,0,0,0,0,0,0,0,0,0,0,0,0,0,0,0,0,0,-2,-27,0,-28,0,-27,2,-26,4,-23,4,-23,3,-21,4,-18,4,-20,4,-17,2,-16,1,-14,-2,-13,-1,-10,0,-9,-4,-9,-8,-9,-8,-9,-11,-6,-12,-7,-12,-7,-17,-5,-17,-6,-20,-6,-21,-4,-23,-7,-24,-6,-25,-7,-27,-6,-28,-5,-26,-5,-31,-4,-28,-3,-28,-2,-31,-3,-31,-1,-32,-2,-32,0,-33,0,-35,6,-34,3,-34,10,-35,8,-37,10,-36,10,-35,15,-37,12,-40,15,-40,15,-41,16,-44,16,-45,18,-47,16,-45,17,-48,16,-46,18,-46,17,0,0]"
CSI_DATA,248,1a:00:00:00:00:00,-49,11,1,0,1,1,1,0,0,0,1,-96,0,11,2,3574452,0,44,0,384,0,"[0,0,0,0,0,0,0,0,0,0,0,0,3,11,3,10,4,10,3,9,4,9,3,7,4,7,3,6,3,5,4,4,4,3,4,3,4,2,5,1,4,1,5,0,4,-1,5,-1,5,-2,5,-3,5,-2,6,-3,5,-4,6,-4,7,-4,7,-5,0,0,7,-6,8,-6,8,-6,8,-7,8,-5,9,-5,9,-5,9,-5,9,-5,10,-4,9,-3,9,-3,9,-2,9,-1,8,-1,8,-1,8,-1,7,0,7,0,6,0,6,1,5,1,5,1,4,2,4,2,2,3,0,0,0,0,0,0,0,0,0,0,0,0,0,0,23,39,17,36,23,34,20,31,18,29,17,29,17,22,16,23,15,21,14,18,15,16,16,13,13,10,15,10,14,7,14,5,16,3,16,2,16,-2,13,-3,14,-4,13,-5,13,-8,16,-10,13,-11,15,-12,14,-11,17,-15,15,-15,17,-19,14,-16,17,-18,15,-20,19,-22,18,-20,21,-21,21,-23,22,-20,24,-18,23,-16,23,-14,24,-15,22,-12,25,-12,22,-12,24,-9,22,-7,21,-5,19,-7,20,-3,20,-2,19,-1,17,0,14,1,15,5,14,4,10,7,0,0,0,0,0,0,0,0,0,0,0,0,0,0,0,0,0,0,0,0,0,0,-12,-25,-10,-27,-8,-23,-6,-25,-6,-22,-4,-22,-6,-21,-2,-19,-2,-18,-2,-15,-2,-14,-1,-12,-3,-10,-3,-9,-6,-7,-4,-5,-8,-5,-8,-2,-11,1,-14,1,-15,2,-16,6,-16,2,-20,3,-22,4,-24,5,-23,4,-25,7,-24,5,-27,6,-26,5,-30,7,-30,6,-28,10,-30,9,-30,11,-28,10,-28,13,-29,16,-31,16,-32,19,-27,20,-32,22,-30,24,-28,23,-32,30,-32,27,-32,28,-30,28,-36,32,-37,34,-37,31,-43,34,-37,30,-42,33,-41,34,-40,30,0,0]"
CSI_DATA,249,1a:00:00:00:00:00,-48,11,1,0,1,1,1,0,0,0,1,-96,0,11,2,3584485,0,44,0,384,0,"[0,0,0,0,0,0,0,0,0,0,0,0,-12,-6,-11,-5,-11,-5,-10,-5,-10,-4,-8,-3,-8,-2,-8,-2,-7,-1,-7,0,-6,0,-6,1,-6,1,-5,2,-5,2,-4,4,-4,4,-3,4,-3,5,-3,5,-2,6,-2,6,-2,7,-1,7,-1,8,-1,9,0,0,0,10,-1,10,-1,11,-1,11,-1,11,-2,11,-2,11,-2,11,-3,11,-3,11,-4,11,-4,10,-5,10,-5,9,-5,8,-5,8,-5,8,-5,7,-5,6,-5,6,-5,5,-6,5,-6,4,-6,3,-5,2,-5,1,0,0,0,0,0,0,0,0,0,0,0,0,0,0,-36,23,-32,20,-30,22,-30,22,-27,22,-24,15,-22,19,-18,16,-18,17,-15,16,-13,19,-12,17,-10,15,-6,13,-7,14,-3,16,1,13,3,13,4,12,5,13,6,14,6,13,9,11,11,12,11,10,15,12,14,10,18,10,18,13,19,12,22,10,22,11,23,12,25,12,26,14,25,13,25,14,22,16,22,18,21,15,22,16,19,18,19,19,17,21,19,20,14,20,11,19,11,20,10,18,11,17,8,18,7,15,6,16,2,16,2,15,1,14,-2,12,0,0,0,0,0,0,0,0,0,0,0,0,0,0,0,0,0,0,0,0,0,0,24,-7,24,-4,20,-3,20,1,21,1,20,2,16,0,16,1,15,2,14,1,13,2,10,-1,9,-1,8,0,7,-1,3,-4,2,-8,3,-8,-3,-9,-1,-13,-1,-12,-3,-17,-2,-18,-4,-18,-6,-18,-6,-22,-3,-25,-5,-25,-6,-27,-4,-26,-5,-25,-9,-28,-7,-27,-9,-26,-8,-27,-9,-29,-9,-27,-13,-28,-14,-27,-18,-28,-18,-28,-19,-30,-22,-28,-25,-31,-24,-27,-24,-29,-28,-30,-29,-30,-29,-34,-32,-31,-32,-33,-35,-35,-35,-36,-33,-36,-34,-38,-35,-36,-31,-38,0,0]"
CSI_DATA,250,1a:00:00:00:00:00,-49,11,1,0,1,1,1,0,0,0,1,-96,0,11,2,3594542,0,44,0,384,0,"[0,0,0,0,0,0,0,0,0,0,0,0,-8,-10,-9,-9,-9,-8,-8,-9,-8,-7,-7,-6,-7,-5,-7,-4,-6,-4,-6,-3,-6,-2,-6,-1,-6,-1,-6,0,-6,1,-5,1,-5,2,-5,3,-5,3,-5,4,-5,5,-4,5,-4,5,-5,6,-5,7,-4,7,0,0,-5,8,-6,8,-6,10,-6,10,-6,9,-7,9,-7,10,-8,9,-8,9,-8,8,-9,8,-8,6,-9,6,-9,6,-8,5,-9,5,-8,4,-8,4,-8,3,-7,2,-7,2,-7,2,-7,1,-6,0,-6,0,-5,-1,0,0,0,0,0,0,0,0,0,0,0,0,0,0,-59,-64,-56,-68,-52,-57,-45,-55,-47,-49,-41,-44,-45,-40,-39,-38,-42,-28,-35,-31,-41,-21,-32,-17,-32,-16,-34,-9,-28,-11,-29,1,-25,2,-22,8,-26,11,-24,18,-26,19,-22,15,-24,21,-19,28,-21,29,-20,29,-15,33,-14,39,-18,44,-17,47,-12,47,-17,52,-21,54,-18,57,-16,56,-25,58,-29,62,-27,60,-27,58,-35,58,-31,52,-29,52,-36,47,-34,52,-39,43,-40,39,-40,36,-40,33,-38,32,-36,25,-36,26,-36,23,-33,21,-31,15,-30,10,-30,7,-32,6,0,0,0,0,0,0,0,0,0,0,0,0,0,0,0,0,0,0,0,0,0,0,11,51,5,48,1,47,-2,45,-3,44,-6,40,-3,38,-4,35,-8,34,-4,27,-10,25,-4,22,3,18,5,15,5,13,3,4,10,3,10,-1,21,0,21,-3,30,-5,29,-5,29,-7,40,-3,43,-11,43,-10,45,-6,46,-10,51,-12,52,-15,46,-15,52,-16,52,-17,53,-16,56,-19,55,-23,51,-19,54,-25,53,-28,55,-39,53,-40,54,-42,52,-48,53,-52,50,-49,48,-66,52,-60,53,-62,57,-71,55,-70,61,-73,62,-75,68,-79,63,-74,73,-84,65,-74,70,-74,0,0]"
CSI_DATA,251,1a:00:00:00:00:00,-48,11,1,0,1,1,1,0,0,0,1,-96,0,11,2,3604460,0,44,0,384,0,"[0,0,0,0,0,0,0,0,0,0,0,0,-2,-12,-2,-10,-3,-10,-3,-9,-3,-8,-3,-7,-4,-7,-4,-6,-4,-5,-4,-4,-4,-4,-5,-3,-5,-2,-5,-1,-5,-1,-5,0,-5,0,-5,1,-5,2,-5,3,-6,3,-6,4,-6,4,-6,5,-6,6,-6,6,0,0,-6,7,-7,8,-8,8,-8,8,-8,8,-9,8,-9,8,-9,8,-9,8,-10,7,-10,6,-10,6,-10,5,-9,5,-10,4,-9,4,-9,3,-9,3,-8,3,-8,2,-8,1,-7,1,-7,1,-7,0,-6,-1,-6,-1,0,0,0,0,0,0,0,0,0,0,0,0,0,0,-82,-26,-80,-30,-72,-21,-70,-17,-62,-15,-58,-9,-55,-8,-56,-5,-47,-7,-43,-4,-41,8,-36,10,-34,13,-28,8,-28,13,-19,17,-20,22,-23,19,-14,18,-11,22,-2,27,-5,28,0,31,2,35,5,33,7,38,15,37,16,42,19,43,23,43,18,43,26,46,22,48,30,61,29,53,24,64,21,62,23,60,19,65,16,60,11,62,9,62,6,63,3,63,8,55,8,59,0,56,-3,52,0,48,-8,43,-6,42,-13,43,-12,39,-16,35,-13,32,-11,25,-19,22,0,0,0,0,0,0,0,0,0,0,0,0,0,0,0,0,0,0,0,0,0,0,21,46,15,47,16,41,12,44,11,40,10,39,9,34,4,29,5,30,8,26,4,22,4,21,5,19,2,16,5,9,7,3,9,0,17,-4,20,-1,19,-15,22,-15,27,-11,29,-19,31,-20,33,-20,36,-24,38,-26,37,-25,40,-29,43,-31,40,-33,44,-36,47,-35,41,-40,36,-40,39,-38,38,-45,38,-42,32,-50,31,-57,34,-57,29,-64,27,-64,22,-72,25,-67,16,-74,19,-79,15,-82,15,-84,20,-89,19,-87,11,-90,21,-91,14,-92,23,-100,25,-101,25,-94,0,0]"
CSI_DATA,252,1a:00:00:00:00:00,-49,11,1,0,1,1,1,0,0,0,1,-96,0,11,2,3614459,0,44,0,384,0,"[0,0,0,0,0,0,0,0,0,0,0,0,-9,-10,-8,-8,-8,-8,-8,-7,-7,-7,-7,-5,-7,-4,-6,-4,-6,-3,-6,-2,-5,-1,-6,0,-5,0,-5,1,-5,2,-4,3,-4,3,-3,3,-4,4,-3,5,-2,6,-3,6,-2,6,-2,8,-2,8,-1,9,0,0,-1,10,-2,10,-2,11,-1,12,-2,11,-3,12,-3,12,-3,11,-4,11,-4,11,-4,11,-4,10,-4,10,-5,9,-6,8,-5,8,-5,8,-5,7,-6,6,-5,6,-6,6,-6,5,-5,4,-6,4,-5,3,-6,2,0,0,0,0,0,0,0,0,0,0,0,0,0,0,-50,-71,-43,-69,-47,-59,-36,-53,-40,-50,-37,-49,-39,-46,-35,-38,-30,-30,-31,-25,-33,-25,-30,-19,-28,-15,-27,-6,-26,-5,-25,5,-26,6,-28,7,-21,10,-27,16,-17,19,-22,18,-13,21,-15,24,-17,34,-17,35,-8,34,-9,41,-10,45,-7,48,-5,47,-7,49,-11,57,-9,57,-9,63,-16,57,-19,62,-17,62,-23,64,-23,66,-18,60,-19,57,-22,57,-23,55,-29,46,-29,48,-31,41,-28,42,-26,38,-29,37,-33,32,-29,29,-32,25,-32,21,-31,25,-32,16,-29,14,0,0,0,0,0,0,0,0,0,0,0,0,0,0,0,0,0,0,0,0,0,0,-12,46,-15,44,-20,43,-20,38,-23,34,-21,30,-19,32,-17,24,-18,25,-15,19,-11,24,-11,21,-7,22,-5,18,0,15,3,9,8,11,14,8,19,7,21,6,22,5,34,9,30,5,36,4,43,2,42,0,44,6,50,5,49,3,51,4,54,5,59,2,62,2,56,0,52,-5,54,-4,53,-9,56,-17,56,-14,61,-23,56,-21,62,-26,58,-33,64,-38,57,-39,66,-36,69,-40,63,-43,66,-53,69,-61,65,-59,69,-58,76,-63,74,-59,78,-65,71,-64,75,-62,0,0]"
CSI_DATA,253,1a:00:00:00:00:00,-49,11,1,0,1,1,1,0,0,0,1,-96,0,11,2,3636534,0,44,0,384,0,"[0,0,0,0,0,0,0,0,0,0,0,0,-14,-2,-13,-2,-11,-1,-11,-2,-10,-1,-10,-1,-8,0,-8,0,-7,1,-6,1,-6,2,-5,2,-4,2,-4,3,-3,3,-2,4,-2,4,-1,4,0,3,0,3,1,4,2,5,2,5,2,5,3,5,4,6,0,0,5,6,5,7,6,8,6,8,5,9,5,8,5,9,5,9,5,9,4,9,4,10,3,9,2,9,2,9,1,9,1,9,1,8,1,8,1,8,0,7,-1,7,-1,6,-1,6,-2,6,-2,5,-3,4,0,0,0,0,0,0,0,0,0,0,0,0,0,0,-44,-8,-42,-12,-42,-8,-39,-7,-34,-6,-34,-6,-30,-4,-30,-2,-25,-4,-23,-1,-21,1,-20,1,-18,4,-14,2,-14,5,-11,6,-10,8,-8,11,-6,10,-5,9,-1,12,-2,11,2,12,3,12,3,14,6,13,7,16,9,14,10,16,12,16,15,18,18,19,13,20,17,22,16,21,18,24,15,25,15,23,16,27,15,24,11,25,11,26,10,27,11,25,6,24,7,25,6,24,5,25,5,22,3,20,0,20,2,20,1,16,0,17,-4,17,-5,15,-6,15,0,0,0,0,0,0,0,0,0,0,0,0,0,0,0,0,0,0,0,0,0,0,14,15,11,17,10,15,10,14,7,15,6,14,7,12,5,12,4,10,5,10,3,8,5,5,6,4,6,3,6,2,6,-3,9,-6,9,-6,10,-8,11,-9,10,-11,15,-16,14,-13,16,-17,17,-16,16,-19,19,-20,18,-22,19,-19,22,-23,16,-22,21,-26,19,-26,16,-25,21,-28,17,-26,16,-28,15,-30,14,-30,14,-34,14,-35,8,-38,11,-40,10,-40,7,-40,6,-42,7,-42,4,-43,2,-46,6,-48,4,-52,4,-51,6,-54,4,-50,6,-57,4,-54,9,-50,0,0]"
CSI_DATA,254,1a:00:00:00:00:00,-48,11,1,0,1,1,1,0,0,0,1,-96,0,11,2,3644514,0,44,0,384,0,"[0,0,0,0,0,0,0,0,0,0,0,0,-9,10,-8,10,-7,9,-7,9,-6,8,-6,7,-5,7,-4,7,-3,6,-2,5,-2,5,-1,5,0,4,1,4,1,3,2,3,2,3,2,2,3,1,4,1,4,1,5,0,5,0,6,-1,6,-1,7,-1,0,0,8,-2,9,-2,9,-2,10,-2,10,-2,10,-1,11,-1,10,-1,11,0,10,0,11,1,10,1,10,1,9,2,9,2,9,2,8,2,8,2,7,3,7,3,6,3,6,3,5,4,4,4,4,4,3,4,0,0,0,0,0,0,0,0,0,0,0,0,0,0,19,41,17,39,19,37,15,35,16,32,14,30,14,27,14,24,14,21,12,22,13,18,10,17,11,13,12,11,8,10,11,6,13,4,11,1,10,1,8,-1,10,-2,9,-3,10,-6,10,-8,9,-9,8,-11,8,-12,7,-15,10,-16,5,-17,7,-19,10,-20,7,-23,11,-26,9,-23,13,-25,12,-25,13,-24,16,-23,15,-24,18,-22,17,-22,17,-20,18,-19,17,-19,16,-19,20,-17,18,-16,16,-14,17,-14,17,-11,17,-11,16,-11,13,-8,14,-5,13,-3,14,-2,0,0,0,0,0,0,0,0,0,0,0,0,0,0,0,0,0,0,0,0,0,0,-3,-23,0,-20,1,-19,2,-19,1,-17,3,-15,1,-13,2,-12,3,-12,0,-9,0,-10,0,-7,-3,-6,-3,-7,-7,-5,-7,-4,-12,-3,-12,-3,-13,0,-14,-2,-16,-2,-21,0,-20,-1,-23,-1,-26,0,-27,2,-27,-1,-27,2,-29,-1,-32,1,-31,1,-34,2,-33,1,-32,3,-34,4,-32,5,-31,4,-33,7,-34,11,-36,12,-34,13,-35,14,-34,18,-36,17,-36,16,-33,24,-36,23,-38,24,-39,26,-39,27,-41,29,-40,27,-43,26,-43,24,-48,29,-49,28,-45,26,0,0]"
CSI_DATA,255,1a:00:00:00:00:00,-48,11,1,0,1,1,1,0,0,0,1,-96,0,11,2,3654945,0,44,0,384,0,"[0,0,0,0,0,0,0,0,0,0,0,0,-7,-12,-7,-11,-7,-10,-7,-10,-6,-9,-6,-8,-6,-7,-5,-6,-5,-5,-5,-4,-5,-4,-5,-3,-5,-2,-5,-2,-5,-1,-4,0,-4,0,-4,1,-4,1,-4,2,-3,2,-3,3,-3,3,-3,4,-3,5,-2,6,0,0,-2,7,-3,7,-3,8,-3,8,-3,8,-4,8,-4,9,-4,8,-4,9,-5,8,-6,8,-6,7,-6,7,-6,7,-6,6,-6,6,-6,6,-6,5,-6,5,-6,4,-6,4,-6,3,-6,3,-6,2,-6,1,-5,0,0,0,0,0,0,0,0,0,0,0,0,0,0,0,-94,12,-90,11,-79,18,-78,14,-81,15,-66,8,-66,10,-59,14,-53,12,-48,15,-42,20,-36,17,-33,17,-30,18,-29,15,-22,19,-20,16,-12,17,-11,18,-7,21,0,21,-2,21,1,18,4,18,11,21,9,20,16,23,16,20,21,22,23,22,29,24,33,31,30,23,33,27,35,32,38,33,37,33,34,35,37,36,40,37,32,43,30,39,27,43,23,43,26,41,22,44,18,39,19,40,15,38,9,36,13,34,9,36,7,35,2,32,1,30,0,27,-6,29,0,0,0,0,0,0,0,0,0,0,0,0,0,0,0,0,0,0,0,0,0,0,41,6,37,13,35,11,33,9,33,13,29,13,23,7,24,9,23,5,19,5,17,7,16,-1,16,-1,12,-8,11,-10,8,-18,5,-22,6,-25,5,-24,10,-30,8,-30,11,-43,8,-45,7,-44,8,-49,6,-56,15,-55,15,-57,14,-56,14,-65,9,-55,14,-66,9,-64,8,-62,7,-68,8,-68,3,-68,3,-72,-2,-70,-6,-76,-9,-79,-15,-78,-20,-80,-17,-82,-20,-79,-28,-87,-29,-86,-32,-82,-35,-89,-33,-92,-32,-92,-36,-99,-31,-101,-37,-99,-35,-107,-31,-105,-29,-100,0,0]"
CSI_DATA,256,1a:00:00:00:00:00,-48,11,1,0,1,1,1,0,0,0,1,-96,0,11,2,3664384,0,44,0,384,0,"[0,0,0,0,0,0,0,0,0,0,0,0,-3,12,-2,11,-1,11,-1,10,-1,9,-2,8,-1,8,-1,7,0,6,0,5,0,5,1,4,1,4,2,3,2,3,2,2,2,2,2,1,3,1,3,0,3,0,4,-1,4,-1,4,-2,5,-3,5,-3,0,0,5,-4,6,-4,6,-4,7,-4,7,-4,7,-4,8,-4,8,-4,8,-4,8,-3,8,-3,8,-2,8,-2,8,-1,8,-1,7,-1,7,-1,7,0,6,0,6,0,6,1,5,1,5,1,5,2,4,2,3,2,0,0,0,0,0,0,0,0,0,0,0,0,0,0,45,11,41,11,43,9,37,8,34,6,32,9,30,5,29,5,27,5,25,4,21,2,19,-1,20,0,17,-3,15,-2,14,-5,12,-6,12,-5,12,-6,7,-7,5,-8,5,-8,3,-10,3,-9,0,-11,0,-13,-2,-14,-3,-14,-5,-15,-7,-15,-7,-15,-8,-19,-9,-16,-10,-21,-9,-20,-8,-22,-7,-23,-9,-24,-7,-23,-7,-24,-6,-24,-5,-24,-2,-25,-3,-24,-3,-24,-2,-22,0,-24,0,-22,0,-20,1,-18,1,-19,4,-17,4,-16,6,-14,7,-14,8,-10,9,-9,0,0,0,0,0,0,0,0,0,0,0,0,0,0,0,0,0,0,0,0,0,0,-17,-10,-17,-12,-15,-10,-15,-11,-13,-11,-12,-10,-12,-10,-9,-7,-11,-7,-12,-6,-8,-5,-7,-2,-8,-1,-8,-1,-8,2,-8,4,-7,6,-9,8,-12,10,-10,12,-13,12,-14,16,-14,16,-15,18,-17,19,-15,21,-17,20,-17,22,-18,23,-20,27,-16,23,-20,27,-18,28,-17,27,-18,29,-16,29,-15,27,-14,30,-14,28,-15,33,-13,33,-8,35,-10,37,-9,39,-5,39,-7,39,-5,39,-4,44,-5,44,-5,47,-4,47,-4,46,-5,50,-5,47,-5,54,-6,56,-8,50,0,0]"
CSI_DATA,257,1a:00:00:00:00:00,-48,11,1,0,1,1,1,0,0,0,1,-96,0,11,2,3674458,0,44,0,384,0,"[0,0,0,0,0,0,0,0,0,0,0,0,-12,-8,-11,-7,-11,-6,-11,-6,-10,-6,-9,-5,-9,-4,-8,-3,-7,-3,-7,-2,-6,-2,-6,-1,-6,-1,-5,0,-5,0,-4,1,-4,2,-3,2,-3,2,-3,3,-2,3,-2,4,-1,4,-1,5,-1,5,0,6,0,0,0,7,0,7,0,8,0,8,0,8,-1,9,-1,9,-1,9,-1,9,-2,9,-2,9,-3,9,-3,8,-3,8,-4,8,-4,7,-4,7,-4,7,-4,6,-4,5,-5,5,-5,5,-5,4,-5,3,-5,3,-5,2,0,0,0,0,0,0,0,0,0,0,0,0,0,0,-40,21,-38,21,-38,23,-33,19,-33,21,-30,17,-27,18,-24,17,-22,15,-21,16,-19,16,-17,14,-16,16,-10,12,-11,14,-8,14,-7,12,-4,11,-3,10,-1,11,0,13,1,10,3,7,7,10,7,9,8,8,10,7,12,5,11,6,14,7,16,5,20,6,17,6,20,8,20,5,21,10,20,9,22,10,21,12,21,12,19,14,21,15,19,13,17,14,15,15,16,17,15,16,15,14,12,17,11,15,9,14,10,15,7,16,4,15,5,14,1,13,-1,14,0,0,0,0,0,0,0,0,0,0,0,0,0,0,0,0,0,0,0,0,0,0,19,-9,19,-6,16,-6,17,-4,18,-2,15,-3,13,-2,13,-1,10,-2,12,-4,10,-4,7,-4,6,-5,6,-7,3,-7,1,-9,1,-12,2,-13,-1,-14,-1,-15,-2,-17,-1,-19,-3,-22,-4,-23,-4,-26,-6,-26,-5,-27,-5,-27,-3,-29,-7,-32,-6,-30,-6,-33,-7,-32,-9,-32,-9,-30,-11,-32,-11,-32,-14,-32,-14,-31,-18,-32,-16,-34,-21,-32,-22,-30,-25,-34,-25,-32,-27,-32,-27,-32,-28,-34,-29,-35,-34,-37,-33,-38,-34,-35,-34,-40,-35,-38,-34,-43,-34,-39,-31,-43,0,0]"
CSI_DATA,258,1a:00:00:00:00:00,-48,11,1,0,1,1,1,0,0,0,1,-96,0,11,2,3684471,0,44,0,384,0,"[0,0,0,0,0,0,0,0,0,0,0,0,-2,-14,-2,-12,-3,-12,-2,-11,-2,-10,-2,-9,-3,-9,-2,-8,-3,-7,-3,-6,-3,-6,-3,-5,-4,-4,-4,-3,-4,-3,-4,-2,-4,-2,-4,-1,-4,0,-4,0,-4,1,-4,2,-4,2,-5,3,-5,3,-5,4,0,0,-5,5,-6,5,-6,6,-6,6,-7,6,-7,6,-7,6,-7,6,-8,6,-8,5,-8,5,-8,4,-8,4,-8,4,-8,3,-8,3,-8,3,-8,2,-8,2,-7,1,-7,0,-7,0,-7,0,-6,-1,-6,-2,-5,-2,0,0,0,0,0,0,0,0,0,0,0,0,0,0,-47,-4,-43,-3,-41,-4,-38,-3,-36,-2,-34,-2,-31,0,-31,-2,-27,0,-27,0,-21,3,-20,2,-19,4,-21,2,-15,4,-15,6,-12,6,-11,8,-8,6,-8,7,-4,10,-3,9,-1,10,-1,10,0,11,3,12,3,13,5,11,5,13,9,13,8,13,10,14,12,14,14,18,14,15,13,21,13,18,12,20,11,22,11,22,11,21,9,22,8,22,7,23,6,21,6,24,4,22,4,21,3,19,2,19,2,17,0,17,-1,16,-3,16,-5,14,-4,12,-9,9,0,0,0,0,0,0,0,0,0,0,0,0,0,0,0,0,0,0,0,0,0,0,20,6,17,8,18,8,16,8,16,9,14,10,13,7,11,6,12,6,12,5,11,5,8,2,10,1,10,-1,8,-2,9,-4,9,-7,8,-9,9,-9,10,-11,10,-15,10,-16,13,-19,13,-20,13,-20,12,-23,12,-23,13,-24,16,-25,12,-28,14,-26,14,-29,14,-29,13,-28,11,-28,12,-30,11,-32,10,-32,8,-33,6,-37,5,-37,5,-39,2,-38,-2,-42,-3,-40,-2,-42,-3,-43,-6,-43,-6,-45,-4,-50,-3,-50,-4,-50,-4,-51,-2,-50,-4,-54,-3,-54,-1,-55,0,0]"
CSI_DATA,259,1a:00:00:00:00:00,-48,11,1,0,1,1,1,0,0,0,1,-96,0,11,2,3694369,0,44,0,384,0,"[0,0,0,0,0,0,0,0,0,0,0,0,-12,-7,-11,-6,-11,-6,-10,-6,-9,-5,-8,-4,-8,-3,-7,-2,-7,-2,-6,-2,-6,-1,-5,0,-5,0,-4,1,-4,1,-3,2,-3,2,-2,3,-2,3,-1,3,-1,4,0,4,0,4,0,5,1,5,1,6,0,0,2,7,2,7,2,8,3,8,2,8,2,9,2,9,2,9,2,9,1,9,1,10,0,9,-1,9,0,9,-1,8,-1,8,-1,8,-1,7,-2,7,-2,7,-2,6,-3,6,-3,5,-4,5,-4,4,-4,3,0,0,0,0,0,0,0,0,0,0,0,0,0,0,-34,31,-32,29,-26,28,-27,27,-26,27,-23,24,-19,23,-19,21,-16,20,-13,20,-12,17,-9,17,-8,18,-8,15,-4,13,-3,13,-2,11,0,12,2,9,4,11,6,9,4,7,7,5,8,5,9,5,11,4,12,-1,13,1,14,1,19,0,18,-2,19,-1,22,0,22,-1,22,-1,23,1,24,0,24,1,25,2,25,4,24,5,24,5,23,6,22,8,22,9,22,9,20,9,19,10,17,9,15,8,15,10,13,10,13,10,9,13,8,11,8,11,6,12,0,0,0,0,0,0,0,0,0,0,0,0,0,0,0,0,0,0,0,0,0,0,18,-14,18,-12,17,-11,18,-10,17,-7,15,-7,14,-7,12,-6,15,-8,11,-6,11,-7,9,-7,8,-9,6,-8,4,-9,4,-12,2,-13,-1,-14,-1,-14,-1,-16,-4,-17,-3,-20,-4,-22,-7,-22,-7,-23,-11,-24,-8,-27,-10,-29,-9,-28,-9,-28,-10,-27,-13,-31,-14,-29,-15,-28,-16,-28,-16,-29,-16,-28,-19,-28,-23,-28,-24,-27,-25,-27,-26,-26,-28,-27,-29,-27,-30,-26,-35,-28,-36,-27,-37,-25,-38,-25,-40,-27,-40,-28,-44,-27,-44,-29,-39,-29,-44,-34,-41,-31,-42,-33,0,0]"
CSI_DATA,260,1a:00:00:00:00:00,-48,11,1,0,1,1,1,0,0,0,1,-96,0,11,2,3704413,0,44,0,384,0,"[0,0,0,0,0,0,0,0,0,0,0,0,5,-13,4,-12,3,-11,3,-11,2,-10,2,-9,1,-8,1,-7,0,-7,-1,-6,-1,-6,-2,-5,-2,-4,-3,-4,-3,-3,-3,-3,-4,-2,-4,-2,-4,-1,-5,0,-5,0,-5,1,-5,1,-6,2,-6,2,-7,3,0,0,-7,3,-8,4,-9,4,-9,4,-9,4,-10,4,-10,4,-10,4,-10,3,-10,3,-11,2,-10,2,-10,1,-10,1,-10,0,-10,0,-9,0,-9,0,-9,-1,-8,-1,-8,-1,-7,-2,-7,-2,-6,-2,-6,-3,-5,-3,0,0,0,0,0,0,0,0,0,0,0,0,0,0,-31,-29,-31,-27,-33,-25,-28,-24,-25,-24,-24,-20,-25,-19,-22,-19,-20,-13,-16,-13,-19,-10,-17,-11,-17,-9,-16,-6,-13,-4,-14,-2,-13,0,-9,2,-9,3,-8,4,-9,7,-7,5,-6,9,-4,7,-4,11,-3,14,-2,13,-1,15,-2,15,2,16,2,19,0,21,-2,20,0,22,1,22,-2,25,-1,25,-1,25,-3,26,-5,25,-5,26,-7,25,-7,23,-6,23,-7,21,-9,21,-9,18,-9,20,-10,16,-9,15,-10,16,-12,16,-11,14,-11,11,-12,9,-11,7,-13,5,0,0,0,0,0,0,0,0,0,0,0,0,0,0,0,0,0,0,0,0,0,0,14,17,12,18,12,17,10,16,10,17,7,15,8,14,7,14,7,12,10,9,6,11,7,7,10,7,8,6,8,5,11,2,12,-1,13,-2,15,-2,12,-4,18,-5,18,-5,19,-8,23,-7,23,-7,23,-10,23,-10,22,-11,27,-9,28,-12,25,-10,27,-13,28,-15,27,-17,26,-16,24,-17,25,-19,26,-21,23,-21,26,-24,24,-25,25,-26,24,-27,23,-32,23,-31,19,-32,23,-34,23,-34,23,-38,23,-39,25,-40,25,-42,26,-40,28,-40,30,-43,26,-42,27,-41,0,0]"
CSI_DATA,261,1a:00:00:00:00:00,-47,11,1,0,1,1,1,0,0,0,1,-96,0,11,2,3734453,0,44,0,384,0,"[0,0,0,0,0,0,0,0,0,0,0,0,12,2,11,2,11,2,10,2,9,1,8,0,7,0,7,-1,6,-1,5,-1,5,-2,4,-3,4,-3,3,-3,2,-3,2,-4,1,-4,0,-4,0,-4,0,-5,-1,-5,-2,-5,-2,-6,-2,-6,-3,-6,-4,-7,0,0,-4,-8,-4,-8,-5,-9,-5,-9,-4,-9,-5,-9,-4,-9,-4,-9,-4,-10,-4,-10,-3,-11,-2,-10,-2,-10,-2,-10,-1,-9,-2,-9,-1,-9,-1,-8,0,-8,0,-8,1,-7,1,-7,1,-6,2,-6,2,-5,2,-5,0,0,0,0,0,0,0,0,0,0,0,0,0,0,39,17,36,15,38,13,34,9,32,8,28,9,26,8,29,6,24,5,22,3,22,1,16,-1,15,-3,12,0,13,-3,11,-5,11,-6,8,-7,10,-8,5,-9,2,-11,4,-11,-1,-13,1,-14,-2,-14,-2,-14,-3,-15,-7,-16,-3,-19,-10,-17,-10,-19,-10,-19,-10,-20,-11,-22,-11,-22,-12,-27,-12,-25,-9,-24,-8,-26,-8,-27,-8,-24,-5,-26,-5,-26,-4,-27,-5,-23,-5,-24,0,-23,-1,-24,-1,-22,3,-22,2,-21,2,-19,3,-18,4,-15,8,-15,7,-14,9,-12,0,0,0,0,0,0,0,0,0,0,0,0,0,0,0,0,0,0,0,0,0,0,-17,-10,-18,-10,-17,-12,-17,-12,-13,-9,-14,-10,-13,-10,-11,-8,-13,-5,-13,-5,-12,-6,-12,-2,-15,-1,-13,0,-14,1,-14,1,-15,6,-17,3,-17,9,-16,8,-20,9,-22,11,-22,13,-23,13,-23,15,-22,16,-22,16,-24,17,-24,14,-25,20,-23,16,-25,22,-26,21,-24,24,-25,24,-22,26,-20,25,-21,29,-20,28,-19,32,-18,31,-16,30,-18,36,-17,36,-14,36,-15,38,-15,39,-12,40,-10,41,-13,42,-12,46,-12,44,-13,47,-11,45,-13,50,-14,47,-14,44,0,0]"
CSI_DATA,262,1a:00:00:00:00:00,-48,11,1,0,1,1,1,0,0,0,1,-96,0,11,2,3744367,0,44,0,384,0,"[0,0,0,0,0,0,0,0,0,0,0,0,11,-5,10,-5,9,-5,8,-4,8,-4,7,-5,6,-5,5,-4,4,-5,4,-4,3,-4,3,-5,1,-4,1,-4,0,-4,-1,-4,-1,-4,-1,-4,-2,-3,-3,-3,-3,-3,-4,-3,-4,-4,-5,-3,-6,-3,-6,-4,0,0,-7,-4,-8,-4,-8,-4,-9,-4,-8,-4,-9,-5,-9,-5,-8,-5,-8,-6,-8,-6,-8,-6,-7,-6,-7,-6,-6,-6,-6,-7,-6,-7,-5,-6,-5,-6,-4,-6,-4,-6,-3,-6,-3,-6,-2,-6,-2,-6,-1,-6,-1,-5,0,0,0,0,0,0,0,0,0,0,0,0,0,0,78,-34,77,-28,68,-28,60,-27,59,-35,55,-30,48,-32,46,-25,40,-30,38,-23,31,-31,29,-28,26,-26,20,-22,19,-29,14,-22,12,-22,4,-21,1,-17,1,-15,-4,-22,-6,-22,-14,-16,-18,-15,-17,-19,-21,-9,-27,-15,-28,-14,-30,-14,-38,-7,-41,-12,-46,-11,-40,-13,-49,-12,-44,-10,-47,-19,-46,-23,-50,-15,-45,-23,-44,-26,-47,-26,-45,-23,-42,-27,-43,-28,-40,-31,-37,-27,-33,-30,-33,-32,-31,-28,-28,-28,-27,-30,-24,-32,-24,-30,-11,-29,-10,-31,-9,-28,-4,-29,0,0,0,0,0,0,0,0,0,0,0,0,0,0,0,0,0,0,0,0,0,0,-37,8,-34,5,-36,6,-35,3,-35,4,-34,3,-31,8,-30,7,-28,9,-28,7,-24,12,-24,17,-24,16,-21,19,-21,17,-19,25,-18,30,-21,30,-17,30,-14,37,-14,42,-19,45,-20,50,-17,53,-18,54,-14,55,-19,55,-19,62,-14,58,-12,66,-6,59,-6,67,-9,64,-6,64,-1,71,-2,68,4,66,6,67,10,66,14,73,14,74,23,71,23,73,28,76,28,74,38,78,41,76,42,77,42,79,45,76,44,78,52,80,48,85,46,81,47,88,47,85,41,85,0,0]"
CSI_DATA,263,1a:00:00:00:00:00,-48,11,1,0,1,1,1,0,0,0,1,-96,0,11,2,3754576,0,44,0,384,0,"[0,0,0,0,0,0,0,0,0,0,0,0,-9,-8,-9,-7,-9,-6,-9,-7,-8,-5,-7,-4,-7,-3,-7,-3,-5,-2,-5,-2,-5,-2,-4,-1,-4,-1,-4,0,-3,1,-2,1,-2,2,-1,2,-1,2,-1,3,0,3,0,4,1,4,1,4,2,5,3,5,0,0,3,5,3,7,3,6,4,7,3,7,3,7,3,8,3,8,3,8,2,8,2,8,1,8,1,8,1,8,0,7,0,7,0,7,0,6,0,6,-1,6,-1,6,-1,5,-2,5,-2,5,-2,4,-3,3,0,0,0,0,0,0,0,0,0,0,0,0,0,0,-46,-76,-43,-70,-43,-61,-39,-58,-45,-51,-34,-45,-39,-44,-42,-44,-31,-36,-33,-34,-29,-24,-27,-23,-29,-22,-26,-14,-21,-12,-20,-6,-22,-3,-17,-2,-15,4,-10,8,-12,13,-10,13,-9,16,-4,17,-1,22,2,24,3,25,4,29,5,29,8,30,9,36,14,37,15,37,14,40,14,42,14,43,6,46,11,50,3,47,4,53,4,45,5,48,1,49,1,52,-4,45,0,45,-2,41,-5,43,-3,38,-6,37,-5,33,-7,32,-10,29,-16,28,-16,27,-13,22,-18,17,0,0,0,0,0,0,0,0,0,0,0,0,0,0,0,0,0,0,0,0,0,0,-6,41,-10,37,-10,37,-11,38,-11,34,-9,32,-4,31,-4,29,-3,32,1,29,2,29,2,29,10,31,11,31,15,28,19,23,25,29,24,29,33,26,33,29,37,29,41,31,44,27,47,30,45,29,52,25,51,27,62,22,56,26,61,18,58,18,66,18,65,16,68,14,69,13,69,11,64,3,68,0,68,3,71,-8,72,-14,70,-18,75,-24,75,-32,73,-30,78,-39,77,-37,75,-40,80,-47,80,-47,78,-49,77,-54,81,-51,77,-52,85,-63,82,-57,82,-55,0,0]"
CSI_DATA,264,1a:00:00:00:00:00,-49,11,1,0,1,1,1,0,0,0,1,-96,0,11,2,3764430,0,44,0,384,0,"[0,0,0,0,0,0,0,0,0,0,0,0,-11,0,-10,1,-9,1,-9,1,-8,1,-7,1,-6,2,-5,2,-4,2,-3,1,-3,1,-2,1,-1,1,-1,1,0,1,1,0,1,0,2,0,2,-1,3,-1,3,-2,4,-2,4,-2,5,-3,5,-4,6,-4,0,0,7,-5,7,-5,8,-6,7,-6,8,-5,8,-5,8,-6,8,-5,9,-6,8,-5,9,-5,8,-4,8,-4,8,-4,7,-3,8,-3,7,-3,7,-3,6,-3,6,-2,6,-2,6,-1,5,-1,5,-1,5,0,4,0,0,0,0,0,0,0,0,0,0,0,0,0,0,0,-16,37,-17,33,-11,32,-12,32,-8,30,-8,27,-8,22,-6,23,-3,18,-4,17,0,17,2,13,1,12,2,7,2,8,2,5,3,4,1,2,2,-2,5,-1,4,-4,2,-5,0,-9,0,-10,-2,-13,0,-15,-2,-15,-2,-18,-3,-19,-4,-20,-2,-22,-1,-23,-4,-23,-4,-26,-3,-25,-2,-27,-2,-31,-3,-27,-1,-27,-2,-28,-3,-28,2,-29,-1,-27,0,-26,1,-26,1,-25,1,-23,3,-23,1,-21,1,-19,2,-19,4,-18,3,-16,7,-16,4,-15,5,-13,8,-11,0,0,0,0,0,0,0,0,0,0,0,0,0,0,0,0,0,0,0,0,0,0,18,13,20,14,18,13,16,14,16,11,16,11,14,9,15,8,15,8,15,5,16,3,14,1,16,0,15,-3,14,-4,16,-7,14,-9,15,-9,16,-13,14,-14,13,-18,16,-20,14,-19,12,-24,14,-25,11,-27,11,-28,11,-28,10,-29,6,-30,4,-28,3,-33,4,-32,-1,-32,-1,-36,-5,-33,-7,-32,-9,-34,-12,-34,-15,-35,-17,-32,-20,-32,-24,-32,-26,-30,-26,-29,-32,-29,-32,-28,-33,-25,-35,-26,-41,-25,-39,-25,-43,-22,-44,-26,-40,-22,-46,-22,-45,-21,-42,-22,0,0]"
CSI_DATA,265,1a:00:00:00:00:00,-48,11,1,0,1,1,1,0,0,0,1,-96,0,11,2,3774443,0,44,0,384,0,"[0,0,0,0,0,0,0,0,0,0,0,0,-7,-6,-6,-5,-6,-4,-6,-4,-5,-3,-4,-3,-4,-2,-3,-1,-2,-1,-2,-1,-1,0,0,0,1,0,1,0,2,1,3,0,3,0,4,0,4,0,5,0,6,0,6,-1,7,-1,8,-1,9,-1,9,-2,0,0,10,-3,11,-2,11,-3,11,-3,11,-2,11,-3,11,-3,11,-2,11,-3,11,-2,11,-2,11,-1,10,-1,10,-1,9,-1,9,-1,9,-1,8,-1,7,-1,7,-1,7,0,6,0,6,0,5,1,5,1,4,1,0,0,0,0,0,0,0,0,0,0,0,0,0,0,-68,28,-62,25,-57,36,-48,27,-45,30,-36,25,-28,21,-25,20,-23,15,-17,16,-15,13,-9,13,-10,8,-7,7,-1,0,5,-2,7,-6,6,-5,9,-10,8,-12,11,-20,7,-20,13,-27,9,-29,13,-29,14,-38,19,-38,18,-43,14,-42,11,-53,11,-58,21,-59,20,-54,15,-65,12,-64,20,-63,18,-66,18,-63,21,-61,22,-65,16,-59,22,-55,24,-54,22,-54,23,-54,19,-47,18,-51,20,-40,18,-41,15,-40,15,-36,14,-36,19,-30,23,-27,18,-26,16,-19,18,-15,0,0,0,0,0,0,0,0,0,0,0,0,0,0,0,0,0,0,0,0,0,0,-11,52,-12,51,-9,46,-15,50,-11,43,-8,44,-5,40,-7,38,-1,37,1,33,0,33,11,29,12,27,14,22,16,24,23,17,29,20,30,14,25,9,31,7,38,4,40,0,43,-2,46,-2,51,-9,49,-13,52,-8,57,-19,51,-18,57,-23,49,-28,51,-34,48,-36,48,-41,50,-42,44,-49,37,-46,32,-56,30,-55,30,-68,24,-64,7,-66,12,-70,8,-70,5,-77,-6,-73,-9,-77,-11,-75,-13,-72,-18,-77,-23,-79,-26,-82,-27,-85,-32,-76,-36,-87,-34,-80,-33,-77,0,0]"
CSI_DATA,266,1a:00:00:00:00:00,-48,11,1,0,1,1,1,0,0,0,1,-96,0,11,2,3784426,0,44,0,384,0,"[0,0,0,0,0,0,0,0,0,0,0,0,-8,2,-7,2,-6,2,-5,2,-4,2,-3,2,-2,2,-1,2,-1,1,1,1,1,1,3,0,3,0,3,0,4,-1,5,0,5,-1,6,-1,6,-2,7,-3,7,-3,8,-3,8,-3,9,-4,9,-5,10,-5,0,0,11,-6,11,-6,12,-6,12,-6,12,-5,12,-5,11,-6,12,-5,12,-5,11,-5,11,-4,11,-3,10,-3,10,-3,9,-2,9,-2,8,-2,8,-2,8,-2,7,-2,7,-1,6,-1,5,-1,5,0,5,1,4,1,0,0,0,0,0,0,0,0,0,0,0,0,0,0,-66,2,-63,2,-54,6,-48,9,-46,8,-32,6,-30,8,-26,7,-21,9,-13,13,-8,10,-6,9,0,8,8,9,11,9,13,4,16,4,21,1,24,-1,28,3,33,1,38,-2,35,-8,39,-8,43,-10,47,-12,46,-17,49,-16,57,-17,61,-27,54,-25,60,-25,65,-21,62,-25,66,-29,68,-23,66,-23,68,-24,64,-19,69,-22,64,-17,65,-13,64,-12,62,-9,59,-11,54,-8,47,-5,56,-5,44,-7,41,-4,41,-3,40,2,38,0,35,3,30,6,27,11,23,11,0,0,0,0,0,0,0,0,0,0,0,0,0,0,0,0,0,0,0,0,0,0,-6,52,-4,45,-8,47,-10,41,-10,42,-6,35,-3,34,-1,33,0,30,6,31,2,31,12,25,11,24,14,23,18,17,17,15,22,11,28,12,29,11,35,7,40,6,43,5,41,0,41,-2,44,-4,55,-11,54,-6,53,-7,54,-12,54,-16,52,-24,56,-27,50,-27,49,-28,47,-32,47,-34,46,-36,47,-43,37,-46,38,-52,35,-55,31,-57,28,-60,27,-69,14,-63,19,-72,17,-73,5,-71,5,-76,4,-79,1,-80,1,-79,1,-82,-4,-81,-3,-86,-5,-83,-4,-83,0,0]"
CSI_DATA,267,1a:00:00:00:00:00,-48,11,1,0,1,1,1,0,0,0,1,-96,0,11,2,3794461,0,44,0,384,0,"[0,0,0,0,0,0,0,0,0,0,0,0,-6,-7,-6,-6,-6,-5,-6,-4,-6,-4,-5,-2,-5,-2,-5,0,-4,0,-4,0,-3,2,-3,2,-3,3,-3,4,-2,4,-2,5,-2,5,-1,6,0,6,0,7,0,7,1,7,1,8,1,9,2,10,2,9,0,0,3,10,2,11,2,12,2,11,1,11,1,12,1,11,1,11,1,11,0,11,-1,11,-1,10,-1,10,-1,9,-1,8,-2,9,-2,8,-2,7,-2,7,-2,6,-3,6,-3,6,-3,5,-3,4,-4,3,-4,3,0,0,0,0,0,0,0,0,0,0,0,0,0,0,-38,-57,-33,-54,-41,-46,-36,-38,-28,-35,-30,-32,-27,-22,-30,-21,-30,-14,-25,-12,-24,-7,-20,1,-22,5,-19,6,-17,12,-14,16,-12,23,-9,27,-7,29,-5,30,-4,36,-1,31,1,36,7,42,6,41,6,47,7,46,16,51,10,55,16,55,18,54,18,59,12,62,19,68,14,58,15,63,16,67,18,62,14,67,3,65,5,61,2,62,2,58,-1,58,-1,59,-1,53,-5,52,-4,48,-7,43,-12,42,-7,39,-8,36,-13,33,-14,30,-17,30,-17,24,-21,15,0,0,0,0,0,0,0,0,0,0,0,0,0,0,0,0,0,0,0,0,0,0,-24,41,-29,36,-24,33,-26,33,-20,30,-20,28,-20,30,-14,26,-18,26,-9,21,-8,28,-6,26,3,27,4,24,6,23,11,25,16,26,17,26,22,28,26,28,30,29,33,33,38,30,39,31,43,31,45,27,43,30,54,29,51,30,55,28,48,24,64,25,57,19,57,23,64,14,59,11,58,9,63,2,65,4,66,-4,66,-8,68,-13,72,-14,69,-19,67,-24,61,-34,63,-36,66,-37,70,-39,69,-43,70,-43,69,-48,73,-45,68,-48,74,-54,70,-56,67,-49,0,0]"
CSI_DATA,268,1a:00:00:00:00:00,-48,11,1,0,1,1,1,0,0,0,1,-96,0,11,2,3804479,0,44,0,384,0,"[0,0,0,0,0,0,0,0,0,0,0,0,3,-10,2,-9,1,-9,1,-8,0,-8,0,-7,-1,-6,-1,-6,-2,-5,-3,-4,-3,-4,-3,-4,-4,-3,-5,-2,-5,-2,-5,-2,-6,-1,-5,-1,-6,-1,-7,0,-7,0,-8,1,-7,1,-8,2,-9,2,-9,1,0,0,-10,2,-10,2,-10,2,-10,2,-10,1,-11,1,-11,1,-11,1,-11,0,-10,-1,-10,-1,-10,-1,-9,-2,-9,-2,-9,-2,-8,-2,-7,-2,-7,-3,-7,-3,-7,-2,-6,-3,-5,-3,-4,-4,-4,-4,-3,-4,-3,-4,0,0,0,0,0,0,0,0,0,0,0,0,0,0,29,-70,25,-64,16,-61,15,-58,14,-56,14,-48,8,-44,2,-47,2,-39,1,-40,-6,-34,-7,-35,-6,-27,-14,-23,-16,-21,-18,-20,-25,-9,-25,-7,-23,-8,-32,-8,-32,-1,-30,-2,-33,4,-34,6,-36,4,-40,8,-42,9,-40,14,-46,12,-53,15,-51,13,-54,18,-53,16,-57,17,-56,14,-62,13,-57,9,-61,8,-60,9,-59,5,-57,3,-55,1,-52,0,-55,2,-49,-7,-46,-6,-48,-6,-43,-11,-37,-8,-35,-9,-34,-13,-33,-14,-31,-15,-22,-21,-21,-21,-18,-19,-14,-17,0,0,0,0,0,0,0,0,0,0,0,0,0,0,0,0,0,0,0,0,0,0,-32,33,-30,32,-32,29,-32,27,-32,23,-28,22,-24,24,-25,20,-20,22,-18,22,-16,27,-15,28,-6,31,-8,27,-5,31,-1,32,1,35,2,35,9,41,7,42,8,44,17,46,13,50,15,49,23,52,22,50,21,54,22,56,26,55,30,59,25,55,36,58,31,55,32,54,37,54,44,51,40,46,47,48,49,45,51,40,57,39,58,38,65,37,68,31,68,27,71,34,73,30,77,25,79,28,79,26,82,25,85,23,92,29,87,29,95,30,86,27,82,26,0,0]"
CSI_DATA,269,1a:00:00:00:00:00,-48,11,1,0,1,1,1,0,0,0,1,-96,0,11,2,3814382,0,44,0,384,0,"[0,0,0,0,0,0,0,0,0,0,0,0,-6,-11,-7,-10,-7,-9,-6,-9,-6,-8,-5,-6,-5,-5,-5,-5,-5,-5,-5,-3,-5,-2,-6,-2,-5,-2,-6,-1,-6,0,-6,0,-6,1,-5,2,-5,2,-6,3,-6,2,-6,3,-6,4,-6,4,-7,5,-6,5,0,0,-7,6,-8,5,-8,6,-8,5,-9,5,-9,5,-9,4,-9,4,-9,4,-9,4,-9,3,-9,1,-9,1,-9,1,-8,0,-8,0,-8,0,-7,-1,-7,-1,-7,-1,-6,-2,-6,-2,-5,-2,-5,-3,-4,-3,-3,-3,0,0,0,0,0,0,0,0,0,0,0,0,0,0,-28,-83,-26,-75,-32,-67,-27,-59,-22,-60,-23,-49,-27,-49,-25,-44,-27,-41,-22,-34,-22,-30,-22,-29,-22,-27,-22,-18,-22,-17,-26,-9,-27,-11,-28,1,-25,-2,-28,1,-25,6,-26,7,-24,13,-33,15,-30,19,-35,23,-29,21,-37,25,-38,25,-35,26,-38,32,-41,32,-39,28,-45,33,-41,33,-45,25,-47,26,-49,25,-44,19,-47,23,-47,17,-49,16,-46,10,-46,11,-44,8,-42,3,-42,3,-38,2,-37,-5,-36,-6,-32,-6,-33,-9,-29,-7,-25,-11,-20,-14,-19,-16,-13,-16,0,0,0,0,0,0,0,0,0,0,0,0,0,0,0,0,0,0,0,0,0,0,26,35,26,34,22,34,21,33,14,34,17,32,16,26,17,27,18,26,19,21,20,23,20,20,26,18,26,15,28,16,26,16,31,12,34,10,38,6,40,15,44,10,48,10,50,6,55,5,51,3,52,3,53,2,58,6,58,4,60,2,57,0,67,-4,61,0,62,-9,67,-5,64,-10,64,-14,63,-16,65,-19,68,-21,67,-24,65,-28,66,-28,70,-35,64,-35,71,-36,70,-42,65,-41,77,-45,78,-47,74,-47,80,-49,88,-50,77,-46,88,-52,79,-52,83,-45,0,0]"
CSI_DATA,270,1a:00:00:00:00:00,-47,11,1,0,1,1,1,0,0,0,1,-96,0,11,2,3834488,0,44,0,384,0,"[0,0,0,0,0,0,0,0,0,0,0,0,4,11,4,10,4,10,4,9,4,8,3,8,3,7,3,6,3,5,3,5,4,4,4,3,4,3,4,3,4,2,4,1,4,1,4,0,5,0,5,-1,5,-1,5,-1,5,-2,5,-2,6,-2,5,-3,0,0,6,-3,7,-3,7,-3,7,-3,7,-3,8,-2,8,-2,8,-2,8,-2,7,-1,8,-1,7,0,7,0,6,0,6,1,6,1,6,1,5,1,5,2,4,2,4,2,3,2,3,3,2,3,1,3,1,3,0,0,0,0,0,0,0,0,0,0,0,0,0,0,17,84,14,88,19,79,17,71,15,80,12,65,14,64,17,62,16,50,11,50,15,48,15,41,13,35,18,33,15,28,19,24,26,23,20,18,23,18,24,15,24,13,27,10,29,2,32,4,27,-1,33,-1,32,-5,36,-7,34,-10,33,-7,36,-8,35,-10,40,-7,45,-12,45,-12,47,-6,50,-5,51,-9,49,-5,48,3,43,3,46,2,46,7,48,5,40,11,41,14,36,15,33,13,32,12,31,17,31,19,21,19,21,17,16,20,10,19,9,21,5,20,0,0,0,0,0,0,0,0,0,0,0,0,0,0,0,0,0,0,0,0,0,0,-34,-27,-27,-29,-27,-30,-26,-28,-25,-29,-20,-27,-20,-26,-22,-24,-22,-26,-24,-24,-19,-19,-22,-22,-31,-17,-28,-19,-26,-13,-31,-12,-34,-13,-34,-11,-33,-10,-38,-5,-41,-8,-48,-1,-47,-6,-51,-6,-49,-4,-55,-4,-56,-5,-58,-3,-61,-2,-60,1,-59,2,-68,1,-63,4,-66,3,-68,4,-66,7,-65,8,-64,11,-70,18,-73,21,-72,17,-71,25,-74,26,-75,31,-66,32,-77,40,-80,35,-79,36,-82,44,-87,39,-88,42,-93,45,-99,40,-91,35,-103,35,-96,38,-98,38,0,0]"
CSI_DATA,271,1a:00:00:00:00:00,-47,11,1,0,1,1,1,0,0,0,1,-96,0,11,2,3844720,0,44,0,384,0,"[0,0,0,0,0,0,0,0,0,0,0,0,12,-5,11,-5,10,-5,10,-4,10,-4,8,-4,8,-5,7,-4,6,-4,5,-4,5,-4,4,-5,3,-4,3,-4,3,-4,2,-5,1,-5,1,-5,0,-5,0,-5,-1,-6,-1,-6,-1,-6,-2,-6,-2,-6,-2,-7,0,0,-3,-7,-3,-8,-3,-8,-3,-8,-3,-8,-2,-8,-3,-9,-2,-8,-2,-9,-1,-9,-1,-9,0,-8,0,-8,1,-8,1,-8,1,-7,1,-7,1,-6,2,-6,1,-6,2,-5,2,-5,3,-4,3,-3,3,-3,3,-2,0,0,0,0,0,0,0,0,0,0,0,0,0,0,44,-12,43,-9,40,-11,36,-11,37,-11,33,-9,34,-8,30,-9,27,-7,26,-8,23,-11,20,-10,18,-12,17,-10,15,-9,12,-12,12,-11,10,-12,8,-13,6,-11,5,-15,4,-14,0,-12,0,-14,0,-14,-1,-15,-3,-16,-4,-15,-5,-17,-8,-18,-5,-17,-8,-18,-4,-19,-7,-22,-8,-22,-6,-22,-5,-22,-7,-22,-4,-23,-4,-24,-3,-23,-1,-23,0,-24,2,-23,1,-22,3,-22,4,-21,6,-20,5,-17,4,-17,6,-16,5,-14,9,-13,9,-10,9,-9,10,-8,8,-5,0,0,0,0,0,0,0,0,0,0,0,0,0,0,0,0,0,0,0,0,0,0,-16,15,-16,12,-15,10,-17,13,-16,9,-14,10,-14,11,-13,10,-13,11,-12,8,-10,10,-10,12,-10,13,-11,10,-11,12,-8,14,-7,17,-7,16,-5,16,-4,18,-4,19,-5,21,-5,22,-3,22,-4,25,-2,26,-6,25,-2,25,-2,27,-1,28,-1,27,-1,30,0,29,1,27,4,30,5,30,4,30,6,35,7,30,10,33,12,33,12,34,15,34,14,36,17,37,19,33,20,38,21,36,21,39,19,40,20,42,23,42,21,47,20,44,21,50,21,47,18,47,0,0]"
CSI_DATA,272,1a:00:00:00:00:00,-47,11,1,0,1,1,1,0,0,0,1,-96,0,11,2,3857011,0,44,0,384,0,"[0,0,0,0,0,0,0,0,0,0,0,0,-1,13,-1,12,1,12,0,12,0,11,0,10,0,9,0,8,0,7,1,7,1,6,2,6,2,5,2,4,3,4,3,4,3,3,3,2,4,2,4,1,5,2,5,1,5,1,6,0,6,1,6,0,0,0,7,0,7,0,8,0,8,0,8,1,9,1,9,1,8,1,8,2,8,2,8,3,7,3,7,3,6,4,6,4,5,4,5,4,4,4,4,4,3,5,3,4,2,4,2,4,1,4,0,4,0,4,0,0,0,0,0,0,0,0,0,0,0,0,0,0,3,44,3,43,5,42,2,37,2,39,-1,35,4,33,4,31,2,28,2,28,2,25,2,22,5,23,6,17,5,18,5,13,11,13,9,11,8,11,8,10,12,9,11,8,12,4,13,4,13,3,16,3,16,2,15,0,17,-1,20,-2,19,0,20,0,19,-1,22,-2,21,-2,24,-1,25,0,25,1,23,2,24,4,22,5,24,7,20,6,21,5,19,8,18,10,18,8,15,11,14,10,13,14,12,11,10,9,7,9,6,11,5,11,3,12,2,12,0,0,0,0,0,0,0,0,0,0,0,0,0,0,0,0,0,0,0,0,0,0,-16,-17,-15,-17,-11,-18,-11,-17,-11,-20,-9,-18,-8,-17,-7,-17,-10,-15,-8,-15,-9,-15,-10,-13,-10,-12,-10,-12,-10,-10,-10,-12,-15,-11,-14,-12,-17,-8,-17,-8,-17,-6,-19,-6,-21,-7,-22,-7,-20,-8,-22,-6,-22,-7,-23,-6,-27,-6,-27,-6,-24,-4,-29,-4,-28,-3,-28,-2,-30,-4,-28,0,-30,1,-31,1,-32,3,-33,4,-33,6,-34,7,-35,6,-36,10,-38,10,-39,10,-38,12,-40,13,-41,14,-43,14,-44,13,-45,16,-51,11,-47,11,-53,14,-50,14,-50,10,0,0]"
CSI_DATA,273,1a:00:00:00:00:00,-47,11,1,0,1,1,1,0,0,0,1,-96,0,11,2,3865721,0,44,0,384,0,"[0,0,0,0,0,0,0,0,0,0,0,0,8,-12,8,-11,6,-10,7,-10,6,-9,6,-9,4,-8,4,-8,4,-7,2,-7,3,-8,1,-7,1,-7,0,-6,0,-6,-1,-6,-1,-6,-2,-6,-3,-5,-3,-5,-3,-5,-3,-5,-4,-5,-5,-5,-5,-5,-6,-5,0,0,-6,-6,-7,-7,-7,-7,-7,-7,-6,-7,-6,-7,-6,-7,-6,-8,-6,-8,-5,-8,-5,-9,-4,-8,-4,-8,-3,-9,-2,-8,-2,-8,-2,-8,-1,-8,-1,-7,0,-7,0,-7,1,-6,1,-6,1,-5,2,-5,2,-4,0,0,0,0,0,0,0,0,0,0,0,0,0,0,31,-33,30,-32,29,-34,28,-30,25,-27,26,-25,24,-22,22,-23,16,-21,18,-24,15,-22,11,-22,12,-20,8,-18,10,-18,5,-17,4,-19,4,-14,1,-15,0,-16,-3,-16,-1,-14,-5,-13,-5,-13,-8,-11,-10,-13,-12,-13,-13,-13,-13,-12,-17,-13,-17,-13,-18,-15,-17,-15,-20,-16,-18,-16,-18,-17,-20,-19,-19,-16,-17,-19,-17,-19,-15,-22,-14,-20,-13,-21,-12,-20,-8,-22,-8,-22,-8,-22,-6,-19,-5,-20,-3,-21,-4,-17,-1,-19,1,-18,2,-17,4,-13,5,-14,7,-10,0,0,0,0,0,0,0,0,0,0,0,0,0,0,0,0,0,0,0,0,0,0,-6,23,-8,20,-8,20,-8,20,-10,19,-12,18,-9,15,-12,17,-10,18,-7,14,-7,15,-5,16,-6,17,-3,15,-6,14,-2,14,-1,17,-2,17,0,16,0,16,1,18,4,19,3,19,5,18,6,20,9,22,8,22,9,23,12,19,13,22,11,21,14,24,14,24,16,22,16,23,16,22,18,23,20,21,22,21,23,19,23,20,28,20,28,21,30,19,33,19,38,18,35,21,36,20,38,21,38,22,39,21,42,22,43,25,42,26,43,27,42,29,38,32,0,0]"
CSI_DATA,274,1a:00:00:00:00:00,-47,11,1,0,1,1,1,0,0,0,1,-96,0,11,2,3874485,0,44,0,384,0,"[0,0,0,0,0,0,0,0,0,0,0,0,-11,-11,-11,-10,-10,-9,-10,-9,-9,-8,-8,-7,-8,-6,-8,-6,-7,-5,-7,-5,-7,-4,-7,-3,-7,-3,-6,-2,-6,-2,-6,-1,-6,0,-6,0,-6,1,-6,1,-5,2,-6,2,-5,2,-5,3,-5,3,-5,4,0,0,-6,5,-6,5,-7,5,-6,6,-7,5,-7,5,-7,6,-8,5,-8,5,-8,4,-8,4,-8,3,-9,3,-8,3,-7,2,-8,1,-8,1,-7,1,-7,0,-6,-1,-7,-1,-6,-1,-6,-2,-6,-2,-5,-3,-4,-3,0,0,0,0,0,0,0,0,0,0,0,0,0,0,-34,-33,-33,-33,-33,-31,-28,-27,-28,-25,-25,-25,-26,-25,-24,-22,-23,-22,-20,-18,-21,-17,-19,-14,-19,-13,-18,-13,-16,-10,-17,-9,-18,-6,-15,-5,-15,-1,-15,-1,-16,1,-14,1,-16,3,-13,3,-14,6,-12,7,-11,5,-13,9,-14,11,-12,11,-14,13,-13,14,-15,13,-14,16,-14,17,-18,15,-18,16,-20,15,-18,14,-16,14,-18,12,-22,11,-21,12,-21,11,-20,7,-21,8,-19,6,-19,7,-17,5,-18,4,-18,3,-20,0,-17,1,-17,-1,-11,-4,-11,-4,-12,-9,0,0,0,0,0,0,0,0,0,0,0,0,0,0,0,0,0,0,0,0,0,0,22,6,18,9,19,8,19,9,17,9,16,11,15,8,15,9,17,10,13,10,15,11,15,8,16,7,14,6,14,4,16,3,14,1,15,1,15,0,17,-2,17,-3,16,-4,17,-4,20,-5,19,-4,19,-8,18,-6,21,-10,22,-10,22,-13,20,-10,23,-16,24,-14,22,-16,23,-17,20,-17,24,-18,23,-21,23,-24,21,-23,23,-23,20,-27,21,-27,19,-31,19,-32,21,-34,21,-34,17,-34,21,-39,25,-41,27,-39,24,-41,28,-42,26,-42,32,-45,29,-43,32,-42,0,0]"
CSI_DATA,275,1a:00:00:00:00:00,-47,11,1,0,1,1,1,0,0,0,1,-96,0,11,2,3884442,0,44,0,384,0,"[0,0,0,0,0,0,0,0,0,0,0,0,-10,-12,-9,-11,-10,-10,-9,-10,-8,-9,-7,-8,-7,-7,-7,-6,-7,-6,-7,-5,-6,-5,-6,-4,-6,-4,-6,-4,-6,-3,-6,-2,-5,-1,-5,0,-5,0,-5,0,-5,1,-5,2,-4,2,-5,2,-5,3,-5,3,0,0,-5,4,-5,5,-6,5,-6,6,-6,5,-7,5,-6,5,-7,5,-7,5,-7,5,-8,4,-8,3,-7,3,-8,3,-8,2,-7,2,-7,2,-7,1,-7,1,-6,0,-7,0,-6,-1,-6,-1,-5,-2,-5,-2,-4,-3,0,0,0,0,0,0,0,0,0,0,0,0,0,0,-64,-74,-60,-67,-65,-64,-57,-57,-56,-51,-51,-52,-47,-47,-50,-45,-43,-43,-41,-38,-42,-31,-37,-31,-40,-27,-37,-26,-33,-20,-33,-15,-33,-13,-30,-6,-29,-2,-29,1,-26,4,-23,-1,-24,8,-21,8,-22,7,-23,16,-19,14,-21,24,-24,21,-19,25,-14,24,-25,29,-19,28,-26,34,-19,34,-28,34,-26,32,-29,37,-31,34,-29,35,-31,33,-32,30,-39,25,-37,29,-37,21,-36,21,-35,18,-34,15,-36,15,-30,10,-35,10,-33,6,-31,5,-28,1,-29,-5,-26,-4,-22,-10,0,0,0,0,0,0,0,0,0,0,0,0,0,0,0,0,0,0,0,0,0,0,40,12,38,12,37,16,35,22,34,21,29,19,30,15,33,21,33,15,27,16,28,17,30,17,32,12,31,10,28,11,28,5,33,4,30,3,33,-1,35,-2,33,-5,41,-10,36,-12,38,-10,40,-12,39,-16,42,-18,45,-21,46,-21,50,-29,43,-21,47,-31,50,-29,46,-33,54,-35,46,-35,48,-35,46,-40,49,-42,47,-53,47,-51,46,-52,46,-59,46,-66,40,-62,41,-70,47,-71,46,-71,49,-77,50,-82,50,-83,54,-83,61,-86,60,-86,64,-92,60,-85,66,-83,0,0]"
CSI_DATA,276,1a:00:00:00:00:00,-47,11,1,0,1,1,1,0,0,0,1,-96,0,11,2,3894405,0,44,0,384,0,"[0,0,0,0,0,0,0,0,0,0,0,0,-10,-10,-9,-9,-9,-9,-9,-9,-8,-8,-7,-6,-7,-6,-7,-5,-7,-5,-7,-4,-6,-4,-6,-2,-6,-2,-6,-2,-5,-1,-5,0,-5,1,-4,1,-4,1,-4,2,-4,2,-4,2,-3,3,-3,4,-4,4,-3,5,0,0,-3,6,-4,6,-4,7,-4,7,-4,7,-5,7,-5,7,-5,7,-5,7,-6,7,-6,6,-6,6,-7,5,-7,5,-6,4,-7,4,-7,4,-6,3,-6,3,-6,2,-6,1,-6,1,-6,1,-6,0,-5,-1,-5,-1,0,0,0,0,0,0,0,0,0,0,0,0,0,0,-49,-71,-49,-74,-53,-63,-39,-59,-42,-61,-38,-56,-42,-53,-40,-45,-37,-44,-32,-36,-32,-33,-31,-27,-30,-27,-31,-23,-28,-17,-29,-14,-28,-13,-31,-3,-23,-6,-23,0,-21,3,-22,2,-22,7,-23,12,-18,12,-25,14,-14,21,-17,23,-19,26,-19,28,-20,31,-14,34,-23,32,-21,39,-22,37,-31,39,-23,42,-30,43,-29,38,-33,37,-36,35,-31,33,-37,30,-40,25,-34,26,-37,24,-34,19,-36,20,-35,15,-33,14,-33,9,-32,11,-33,7,-32,2,-28,0,-28,-7,-29,-7,0,0,0,0,0,0,0,0,0,0,0,0,0,0,0,0,0,0,0,0,0,0,35,20,30,24,30,24,28,24,29,27,25,26,27,22,24,20,24,23,27,20,28,19,24,21,30,19,33,16,35,16,29,11,28,7,36,10,37,4,34,4,38,5,43,-1,39,-1,46,-7,45,0,52,-11,51,-6,50,-10,50,-7,53,-14,53,-18,58,-14,54,-15,54,-20,58,-23,57,-22,57,-26,54,-27,57,-34,57,-39,58,-37,60,-45,52,-42,60,-51,52,-48,49,-55,55,-55,56,-61,61,-64,67,-64,62,-67,70,-73,69,-67,71,-68,77,-74,71,-74,76,-69,0,0]"
CSI_DATA,277,1a:00:00:00:00:00,-47,11,1,0,1,1,1,0,0,0,1,-96,0,11,2,3924761,0,44,0,384,0,"[0,0,0,0,0,0,0,0,0,0,0,0,12,-6,11,-6,10,-6,10,-6,9,-5,8,-5,7,-6,6,-5,6,-5,5,-4,4,-5,3,-5,3,-5,1,-5,1,-4,1,-5,0,-5,-1,-4,-1,-4,-2,-4,-2,-4,-4,-4,-4,-4,-5,-4,-5,-4,-6,-4,0,0,-7,-5,-7,-5,-8,-5,-8,-5,-8,-6,-8,-6,-8,-6,-8,-6,-8,-7,-7,-7,-7,-8,-7,-7,-6,-7,-6,-8,-5,-8,-5,-8,-4,-8,-4,-7,-4,-8,-3,-7,-2,-7,-2,-7,-1,-6,-1,-6,0,-6,1,-5,0,0,0,0,0,0,0,0,0,0,0,0,0,0,84,-38,81,-38,77,-39,67,-39,62,-42,61,-32,57,-31,51,-30,50,-29,44,-31,37,-29,34,-29,32,-33,27,-27,20,-26,14,-26,12,-28,12,-23,7,-20,3,-24,-1,-24,-7,-26,-8,-20,-12,-21,-14,-17,-19,-18,-26,-18,-25,-18,-28,-17,-35,-13,-34,-15,-41,-18,-40,-18,-44,-20,-47,-20,-46,-22,-45,-26,-47,-23,-46,-28,-48,-32,-46,-29,-42,-33,-39,-35,-40,-37,-31,-34,-36,-36,-28,-34,-28,-34,-24,-35,-25,-33,-26,-34,-20,-29,-17,-33,-11,-35,-8,-32,-11,-30,-2,-29,0,0,0,0,0,0,0,0,0,0,0,0,0,0,0,0,0,0,0,0,0,0,-53,22,-51,16,-54,15,-53,11,-54,13,-52,5,-48,9,-49,7,-48,9,-49,5,-46,9,-43,6,-46,11,-44,9,-41,6,-41,9,-40,12,-36,16,-33,17,-30,21,-31,23,-35,22,-26,27,-27,30,-30,34,-22,37,-22,36,-16,40,-20,41,-18,45,-11,45,-13,49,-11,50,-8,53,-9,57,-2,56,-1,57,4,59,7,59,11,59,11,62,21,65,22,67,25,68,30,63,33,70,37,71,42,67,40,77,45,79,44,77,50,77,51,84,50,81,53,91,52,85,52,89,0,0]"
CSI_DATA,278,1a:00:00:00:00:00,-46,11,1,0,1,1,1,0,0,0,1,-96,0,11,2,3954444,0,44,0,384,0,"[0,0,0,0,0,0,0,0,0,0,0,0,-12,6,-12,6,-10,6,-10,5,-9,5,-8,5,-8,5,-7,5,-6,5,-5,5,-5,5,-4,5,-3,5,-2,5,-1,4,-1,5,0,5,0,5,1,4,2,5,2,5,3,4,3,4,4,4,5,5,6,5,0,0,6,5,6,6,7,6,7,6,7,6,7,7,7,7,7,7,7,8,6,8,6,8,5,8,5,8,4,8,3,8,3,9,3,8,2,8,2,8,1,7,1,7,0,6,0,6,-1,6,-2,6,-2,5,0,0,0,0,0,0,0,0,0,0,0,0,0,0,-77,18,-79,9,-75,19,-70,19,-67,17,-61,16,-57,14,-54,16,-47,12,-42,21,-39,20,-38,20,-33,23,-30,21,-28,21,-17,25,-20,24,-15,23,-12,24,-5,27,-4,29,-4,28,6,25,4,27,10,26,13,32,15,28,17,27,16,29,22,33,26,35,29,38,27,37,31,38,31,41,28,42,30,45,30,45,27,48,25,48,25,48,26,52,16,54,17,52,14,51,13,54,10,47,8,45,8,42,5,43,-1,42,-1,40,-6,36,-10,35,-10,32,-12,29,-16,25,0,0,0,0,0,0,0,0,0,0,0,0,0,0,0,0,0,0,0,0,0,0,41,-21,35,-14,43,-13,40,-8,38,-3,33,-8,34,-9,37,-9,35,-11,34,-7,33,-9,31,-12,36,-12,25,-11,26,-17,24,-14,27,-26,30,-24,23,-22,28,-25,22,-32,19,-33,26,-31,19,-37,23,-41,23,-43,17,-44,26,-46,20,-48,17,-52,17,-50,17,-53,18,-53,13,-54,12,-54,11,-60,8,-56,4,-63,4,-60,-4,-62,-2,-59,-7,-63,-10,-69,-12,-71,-10,-63,-22,-72,-23,-72,-25,-71,-26,-78,-23,-78,-26,-82,-37,-82,-27,-90,-29,-85,-33,-92,-24,-87,-25,-90,0,0]"
CSI_DATA,279,1a:00:00:00:00:00,-46,11,1,0,1,1,1,0,0,0,1,-96,0,11,2,3964672,0,44,0,384,0,"[0,0,0,0,0,0,0,0,0,0,0,0,6,10,7,9,7,8,7,8,6,7,5,7,5,5,5,5,5,4,4,3,5,3,5,2,4,1,5,0,4,0,5,-1,4,-1,4,-2,4,-3,4,-3,4,-3,4,-5,3,-4,4,-5,4,-6,3,-6,0,0,4,-8,5,-8,5,-8,5,-8,5,-8,6,-8,6,-8,6,-8,6,-8,7,-7,7,-8,7,-7,7,-6,7,-6,7,-5,7,-5,7,-5,7,-4,7,-3,6,-3,7,-2,6,-2,6,-1,6,-1,5,0,5,1,0,0,0,0,0,0,0,0,0,0,0,0,0,0,48,75,45,71,50,63,34,63,33,58,35,48,39,47,37,47,31,40,30,37,31,29,27,28,28,26,27,22,26,17,23,16,25,9,30,4,27,1,26,-1,25,-8,25,-3,24,-12,27,-14,31,-12,22,-20,25,-23,24,-30,24,-30,26,-35,26,-35,27,-38,32,-41,28,-49,29,-43,33,-46,39,-41,37,-43,37,-42,41,-38,41,-37,43,-35,51,-37,46,-33,45,-29,44,-25,40,-23,39,-24,40,-19,40,-14,43,-12,40,-10,35,-10,36,-4,35,-2,32,3,29,8,0,0,0,0,0,0,0,0,0,0,0,0,0,0,0,0,0,0,0,0,0,0,-41,-28,-36,-36,-39,-32,-35,-35,-30,-40,-29,-36,-27,-34,-27,-36,-27,-36,-25,-30,-23,-32,-28,-29,-27,-33,-29,-28,-29,-28,-28,-22,-31,-20,-31,-23,-35,-18,-39,-20,-39,-21,-42,-14,-38,-12,-45,-10,-42,-11,-53,-6,-48,-8,-51,-3,-55,-5,-53,0,-50,-1,-58,0,-59,4,-57,3,-58,4,-57,11,-53,10,-58,18,-58,15,-59,21,-54,21,-56,28,-59,33,-57,35,-62,38,-57,41,-63,40,-60,43,-60,49,-67,56,-64,56,-65,56,-71,59,-71,56,-73,66,-76,64,-71,54,0,0]"
CSI_DATA,280,1a:00:00:00:00:00,-46,11,1,0,1,1,1,0,0,0,1,-96,0,11,2,3974574,0,44,0,384,0,"[0,0,0,0,0,0,0,0,0,0,0,0,13,1,12,0,11,0,11,0,9,-1,9,-1,8,-2,7,-2,7,-2,6,-2,6,-3,5,-3,4,-3,3,-4,3,-4,2,-5,2,-5,2,-5,1,-5,0,-6,0,-6,-1,-6,-1,-7,-2,-7,-2,-8,-3,-8,0,0,-3,-9,-3,-9,-3,-10,-3,-10,-2,-10,-3,-11,-2,-11,-2,-11,-2,-12,-1,-11,-1,-11,0,-11,0,-11,0,-10,1,-9,1,-10,1,-9,1,-9,2,-8,2,-8,2,-7,3,-7,3,-7,4,-6,4,-5,4,-4,0,0,0,0,0,0,0,0,0,0,0,0,0,0,40,10,42,10,37,7,35,7,33,5,29,5,29,3,29,3,27,2,24,2,23,-4,19,-2,18,-5,19,-2,15,-4,14,-8,12,-7,11,-9,9,-6,10,-10,5,-12,5,-12,2,-14,1,-14,0,-15,0,-15,-3,-18,-3,-17,-5,-18,-7,-22,-6,-22,-8,-22,-8,-23,-8,-23,-6,-26,-5,-27,-8,-27,-7,-27,-7,-28,-6,-27,-6,-29,-1,-29,-1,-28,1,-28,3,-25,0,-28,1,-24,4,-25,5,-23,5,-22,5,-21,6,-21,6,-19,10,-19,10,-14,9,-14,11,-11,0,0,0,0,0,0,0,0,0,0,0,0,0,0,0,0,0,0,0,0,0,0,-26,-3,-23,-5,-25,-6,-24,-7,-23,-9,-21,-8,-22,-8,-21,-9,-22,-6,-21,-8,-19,-8,-20,-6,-19,-6,-21,-5,-18,-6,-19,-5,-19,-1,-18,0,-17,1,-18,0,-19,4,-20,4,-22,5,-21,7,-22,9,-22,9,-21,11,-21,12,-22,10,-21,13,-20,16,-20,17,-22,18,-18,18,-20,20,-21,20,-20,23,-18,25,-17,23,-15,23,-14,26,-12,28,-13,29,-12,34,-9,30,-6,32,-6,35,-4,38,-7,37,-7,44,-6,43,-2,40,-7,41,-5,45,-7,49,-6,45,-11,49,0,0]"
CSI_DATA,281,1a:00:00:00:00:00,-46,11,1,0,1,1,1,0,0,0,1,-96,0,11,2,3984407,0,44,0,384,0,"[0,0,0,0,0,0,0,0,0,0,0,0,-7,-12,-7,-10,-7,-10,-7,-10,-6,-9,-6,-8,-6,-7,-6,-6,-5,-6,-6,-5,-6,-4,-6,-3,-6,-2,-6,-2,-6,-2,-5,0,-5,1,-5,1,-5,1,-5,2,-5,2,-5,3,-5,3,-5,5,-6,5,-5,5,0,0,-6,7,-7,7,-7,7,-7,7,-7,7,-8,8,-8,8,-8,7,-8,7,-8,6,-9,7,-9,6,-9,6,-9,5,-9,4,-9,4,-9,3,-8,3,-9,2,-8,2,-8,1,-8,1,-8,1,-7,0,-6,-1,-6,-2,0,0,0,0,0,0,0,0,0,0,0,0,0,0,-39,-82,-39,-77,-43,-71,-34,-65,-32,-62,-33,-55,-34,-54,-35,-55,-31,-43,-28,-44,-29,-36,-31,-28,-31,-31,-31,-22,-27,-22,-28,-13,-31,-7,-29,-6,-31,-1,-23,-2,-29,2,-29,6,-30,9,-26,13,-26,14,-29,20,-23,19,-29,27,-24,29,-29,36,-26,37,-33,41,-35,38,-36,42,-34,45,-40,45,-41,44,-39,39,-46,44,-47,35,-46,37,-47,31,-47,36,-54,35,-48,31,-45,24,-51,23,-49,20,-44,19,-47,14,-40,12,-39,12,-42,9,-34,3,-40,3,-33,-1,-34,-8,0,0,0,0,0,0,0,0,0,0,0,0,0,0,0,0,0,0,0,0,0,0,37,37,31,44,26,41,28,41,23,44,20,38,15,38,19,39,20,39,21,39,18,39,20,40,24,33,21,28,20,33,21,31,26,25,26,23,27,22,26,25,28,25,32,19,35,16,36,16,43,13,43,6,44,9,47,13,44,14,50,7,47,3,53,5,50,4,55,0,57,-1,55,-7,52,-7,54,-10,52,-17,59,-20,61,-23,55,-23,59,-26,60,-32,60,-35,53,-43,58,-42,60,-40,67,-50,69,-51,66,-52,70,-53,78,-57,73,-51,77,-64,79,-57,78,-50,0,0]"
CSI_DATA,282,1a:00:00:00:00:00,-46,11,1,0,1,1,1,0,0,0,1,-96,0,11,2,3994671,0,44,0,384,0,"[0,0,0,0,0,0,0,0,0,0,0,0,-13,3,-12,3,-11,3,-11,3,-10,2,-9,3,-8,3,-7,3,-7,3,-6,3,-5,4,-4,4,-3,4,-3,4,-2,4,-2,5,0,5,-1,4,0,5,1,4,1,5,2,5,2,5,3,5,4,6,4,6,0,0,6,6,5,7,6,7,6,7,6,8,6,8,6,8,5,8,5,9,5,9,5,9,4,9,4,9,3,9,3,9,2,9,2,8,2,8,1,8,1,8,0,7,0,7,-1,6,-1,6,-2,6,-2,5,0,0,0,0,0,0,0,0,0,0,0,0,0,0,-85,11,-82,10,-81,18,-71,21,-69,17,-59,19,-59,17,-54,16,-50,15,-43,15,-41,21,-37,20,-33,21,-34,21,-24,22,-20,21,-22,25,-11,23,-8,23,-3,26,-1,30,3,26,6,26,6,25,8,29,12,27,18,28,22,31,21,34,29,28,28,32,35,36,34,36,39,39,38,36,36,46,35,47,40,42,32,51,33,49,33,52,32,50,24,53,25,53,22,50,19,54,18,48,18,49,14,44,11,43,9,44,4,45,4,40,-5,40,-1,39,-5,36,-9,28,0,0,0,0,0,0,0,0,0,0,0,0,0,0,0,0,0,0,0,0,0,0,46,-10,45,-3,49,0,47,3,45,4,46,2,45,4,43,5,42,6,42,4,40,4,34,0,38,0,33,-4,31,-2,33,-5,33,-7,31,-10,33,-6,29,-16,33,-14,28,-22,27,-25,24,-33,32,-28,24,-32,25,-33,22,-38,20,-38,26,-44,18,-39,21,-49,23,-47,22,-45,19,-52,16,-57,14,-53,10,-61,7,-55,2,-62,3,-62,-5,-63,-6,-61,-7,-67,-8,-66,-13,-63,-15,-70,-25,-73,-19,-80,-19,-83,-26,-81,-29,-74,-26,-89,-29,-84,-27,-94,-26,-92,-23,-93,0,0]"
CSI_DATA,283,1a:00:00:00:00:00,-46,11,1,0,1,1,1,0,0,0,1,-96,0,11,2,4004561,0,44,0,384,0,"[0,0,0,0,0,0,0,0,0,0,0,0,-3,11,-2,11,-1,10,-1,10,-1,8,-1,8,-1,8,0,7,0,6,1,6,1,5,2,5,3,4,3,3,4,3,4,3,4,2,4,1,5,1,5,0,6,0,6,0,6,-1,7,-1,7,-1,8,-2,0,0,9,-2,9,-2,10,-3,10,-3,10,-2,11,-2,11,-2,11,-1,11,-1,11,0,11,1,10,1,10,1,10,2,9,2,9,2,9,2,8,3,7,3,7,3,6,3,6,3,5,4,5,4,4,5,3,5,0,0,0,0,0,0,0,0,0,0,0,0,0,0,-15,37,-14,37,-9,34,-13,33,-12,32,-10,29,-7,27,-8,24,-5,25,-3,21,-1,22,-1,20,2,19,3,17,2,16,5,14,6,14,9,12,5,9,9,9,12,6,12,5,14,4,13,4,15,0,18,1,20,1,19,-1,19,-4,21,-4,21,-3,24,-5,26,-2,27,-5,28,-4,29,-5,31,-3,30,-1,30,0,29,-1,30,0,31,4,29,4,29,5,29,4,28,8,24,8,24,10,25,10,21,10,22,9,20,9,19,10,16,10,13,13,13,14,10,12,0,0,0,0,0,0,0,0,0,0,0,0,0,0,0,0,0,0,0,0,0,0,4,-25,7,-22,6,-22,8,-22,8,-22,9,-20,10,-20,8,-20,10,-19,8,-17,10,-18,8,-18,5,-16,4,-17,5,-16,8,-15,1,-18,1,-14,-1,-15,-3,-17,-3,-17,-4,-17,-5,-20,-6,-16,-8,-18,-13,-19,-9,-18,-11,-18,-13,-21,-14,-18,-15,-20,-18,-21,-19,-21,-17,-17,-20,-19,-20,-19,-21,-17,-22,-19,-22,-14,-26,-16,-26,-13,-28,-14,-30,-12,-33,-11,-30,-10,-31,-10,-34,-11,-36,-8,-36,-7,-38,-7,-41,-9,-44,-9,-42,-8,-43,-8,-48,-11,-43,-8,-44,-10,0,0]"
CSI_DATA,284,1a:00:00:00:00:00,-46,11,1,0,1,1,1,0,0,0,1,-96,0,11,2,4014368,0,44,0,384,0,"[0,0,0,0,0,0,0,0,0,0,0,0,6,-11,6,-11,5,-10,5,-10,4,-9,3,-9,2,-8,2,-8,1,-8,0,-7,0,-7,-1,-7,-2,-6,-3,-6,-3,-6,-4,-6,-4,-5,-4,-5,-5,-5,-5,-4,-6,-4,-7,-4,-7,-4,-8,-3,-9,-4,-9,-4,0,0,-10,-4,-11,-4,-11,-4,-11,-5,-11,-5,-11,-5,-11,-5,-11,-5,-11,-6,-11,-7,-11,-7,-9,-7,-9,-7,-9,-7,-8,-8,-8,-8,-7,-7,-7,-7,-6,-7,-6,-7,-5,-8,-5,-7,-4,-7,-3,-7,-2,-7,-2,-7,0,0,0,0,0,0,0,0,0,0,0,0,0,0,67,-56,52,-46,52,-56,47,-50,47,-53,40,-42,36,-44,38,-43,23,-36,22,-45,23,-42,17,-41,13,-43,5,-35,8,-33,0,-34,-7,-34,-9,-30,-12,-31,-9,-29,-17,-27,-17,-28,-22,-26,-25,-22,-30,-21,-30,-28,-34,-23,-39,-21,-43,-21,-52,-22,-43,-24,-54,-25,-45,-25,-56,-24,-54,-26,-53,-31,-59,-30,-56,-32,-51,-33,-54,-41,-54,-34,-52,-37,-47,-42,-47,-43,-45,-44,-38,-42,-38,-42,-33,-42,-35,-42,-28,-41,-24,-37,-26,-39,-18,-41,-13,-37,-11,-38,-13,-38,-2,-35,0,0,0,0,0,0,0,0,0,0,0,0,0,0,0,0,0,0,0,0,0,0,-33,36,-33,32,-36,25,-40,26,-37,27,-40,27,-36,23,-33,17,-40,23,-32,21,-31,22,-30,24,-32,20,-31,20,-26,21,-22,22,-22,25,-19,26,-15,29,-13,27,-14,29,-8,33,-5,32,-3,39,-3,44,1,45,-1,41,0,46,-1,44,0,48,2,48,5,50,6,53,6,48,11,50,12,49,16,52,21,49,21,48,30,46,27,54,32,49,37,51,36,46,42,48,41,46,43,53,54,51,55,49,58,49,62,50,67,52,68,58,62,56,71,59,64,58,64,63,0,0]"
CSI_DATA,285,1a:00:00:00:00:00,-45,11,1,0,1,1,1,0,0,0,1,-96,0,11,2,4024427,0,44,0,384,0,"[0,0,0,0,0,0,0,0,0,0,0,0,9,7,9,6,10,5,8,5,8,5,7,4,8,2,7,2,7,2,7,1,7,1,6,0,6,0,6,-1,6,-1,6,-3,5,-3,5,-3,5,-4,5,-5,5,-5,5,-5,5,-6,5,-6,5,-7,5,-8,0,0,5,-8,6,-9,6,-9,6,-9,6,-8,7,-9,7,-9,7,-9,7,-8,8,-8,9,-7,9,-6,8,-6,8,-6,9,-5,8,-5,8,-4,8,-4,7,-4,7,-3,7,-2,7,-1,7,-1,6,0,6,1,5,1,0,0,0,0,0,0,0,0,0,0,0,0,0,0,71,39,70,40,72,33,62,31,61,22,58,29,56,25,57,20,49,19,46,15,43,7,40,7,43,5,40,0,37,-4,39,-10,35,-7,33,-13,27,-15,30,-15,31,-23,24,-27,22,-31,31,-30,24,-31,25,-34,19,-39,18,-42,20,-46,19,-48,15,-48,19,-47,25,-52,20,-56,20,-55,27,-55,25,-58,26,-59,33,-57,33,-53,30,-53,34,-51,36,-50,36,-46,37,-43,40,-40,38,-42,39,-39,41,-30,41,-29,36,-28,37,-22,38,-20,37,-15,37,-15,32,-8,34,-4,0,0,0,0,0,0,0,0,0,0,0,0,0,0,0,0,0,0,0,0,0,0,-49,-7,-46,-10,-47,-11,-46,-15,-43,-16,-38,-18,-39,-19,-39,-19,-40,-18,-33,-15,-36,-19,-34,-13,-41,-11,-37,-11,-32,-13,-35,-9,-32,-6,-32,-8,-34,-2,-33,2,-35,3,-36,5,-41,10,-37,9,-39,16,-41,16,-40,18,-40,16,-41,18,-40,23,-40,20,-44,25,-47,26,-44,29,-42,30,-41,34,-41,32,-39,40,-38,41,-39,42,-38,44,-32,50,-34,51,-32,54,-25,53,-28,63,-23,63,-26,61,-27,67,-33,79,-28,77,-23,81,-30,79,-29,81,-34,91,-31,83,-42,85,0,0]"
CSI_DATA,286,1a:00:00:00:00:00,-45,11,1,0,1,1,1,0,0,0,1,-96,0,11,2,4034744,0,44,0,384,0,"[0,0,0,0,0,0,0,0,0,0,0,0,11,6,11,5,10,5,10,5,9,4,9,3,9,3,8,2,8,2,8,1,8,0,7,-1,7,-1,7,-2,6,-2,6,-3,6,-3,6,-4,5,-4,5,-5,6,-5,5,-6,5,-6,5,-7,5,-8,5,-8,0,0,5,-9,6,-9,6,-10,6,-10,6,-10,7,-10,7,-10,7,-9,7,-9,7,-8,8,-9,9,-7,9,-7,9,-7,8,-6,9,-5,8,-5,8,-5,8,-4,7,-3,8,-3,8,-2,7,-1,7,0,6,0,5,1,0,0,0,0,0,0,0,0,0,0,0,0,0,0,66,54,55,53,59,50,54,47,50,49,47,38,48,35,47,34,45,31,44,28,45,24,39,19,39,16,40,17,36,12,40,4,40,6,35,-1,35,0,37,-4,36,-11,36,-11,34,-15,36,-17,34,-21,33,-21,35,-28,34,-30,37,-28,36,-31,34,-32,37,-38,42,-35,42,-39,42,-39,47,-39,51,-40,49,-42,52,-39,50,-35,51,-28,51,-29,50,-28,55,-26,53,-20,51,-19,47,-17,51,-12,45,-14,49,-11,43,-4,41,-6,44,0,37,1,40,6,33,4,30,14,0,0,0,0,0,0,0,0,0,0,0,0,0,0,0,0,0,0,0,0,0,0,-48,-5,-44,-14,-46,-13,-42,-16,-42,-19,-38,-24,-41,-20,-37,-21,-37,-25,-33,-20,-34,-22,-36,-20,-33,-15,-36,-15,-31,-12,-34,-13,-36,-10,-33,-7,-33,-5,-33,-5,-36,0,-39,3,-34,4,-37,2,-41,9,-40,11,-41,6,-43,12,-44,10,-44,17,-45,13,-47,21,-51,22,-44,21,-46,25,-43,24,-47,28,-46,28,-42,29,-46,36,-42,35,-39,39,-43,41,-38,46,-41,46,-35,52,-40,56,-35,57,-41,59,-42,69,-46,69,-42,66,-47,70,-48,72,-51,80,-55,77,-54,70,0,0]"
CSI_DATA,287,1a:00:00:00:00:00,-45,11,1,0,1,1,1,0,0,0,1,-96,0,11,2,4045111,0,44,0,384,0,"[0,0,0,0,0,0,0,0,0,0,0,0,7,10,7,9,7,9,7,9,6,8,5,7,6,6,5,6,6,5,5,4,5,4,6,3,6,3,6,2,6,2,6,1,6,0,5,0,6,-1,6,-1,6,-2,6,-2,6,-2,7,-3,7,-4,7,-4,0,0,8,-5,8,-5,9,-5,9,-5,9,-5,9,-4,10,-4,9,-4,10,-4,10,-3,10,-2,10,-2,9,-2,9,-1,9,-1,9,0,8,0,8,0,8,1,7,1,7,1,6,2,6,2,6,2,4,3,4,3,0,0,0,0,0,0,0,0,0,0,0,0,0,0,48,69,44,68,49,68,41,62,42,54,34,56,36,49,40,52,34,44,35,42,35,37,36,31,35,28,31,22,34,25,35,18,44,18,38,17,41,6,35,7,39,2,36,2,38,-6,35,-7,36,-9,38,-12,36,-13,38,-18,36,-18,42,-25,40,-23,47,-26,47,-24,48,-32,44,-28,54,-28,56,-27,52,-30,59,-27,55,-22,54,-20,59,-20,56,-16,61,-12,58,-7,55,-7,54,-3,51,-3,51,-1,46,1,45,4,44,7,41,7,36,9,34,16,32,16,28,21,0,0,0,0,0,0,0,0,0,0,0,0,0,0,0,0,0,0,0,0,0,0,-44,-23,-45,-28,-39,-27,-39,-32,-33,-28,-37,-32,-31,-31,-30,-32,-32,-31,-31,-26,-26,-29,-29,-25,-29,-27,-28,-25,-28,-21,-27,-24,-35,-20,-29,-16,-33,-18,-33,-14,-37,-13,-39,-9,-33,-11,-39,-7,-43,-4,-40,2,-44,-3,-45,-4,-44,0,-51,2,-43,0,-57,7,-51,11,-46,9,-53,15,-51,13,-47,13,-50,21,-50,19,-52,25,-53,31,-48,28,-60,30,-54,34,-51,38,-58,43,-59,41,-54,50,-54,52,-58,54,-61,54,-58,56,-68,56,-59,54,-72,59,-71,66,-71,56,0,0]"
CSI_DATA,288,1a:00:00:00:00:00,-45,11,1,0,1,1,1,0,0,0,1,-96,0,11,2,4054390,0,44,0,384,0,"[0,0,0,0,0,0,0,0,0,0,0,0,-8,11,-7,11,-6,10,-6,10,-5,9,-5,8,-4,9,-4,8,-3,8,-2,7,-2,8,-2,7,-1,7,0,7,0,6,1,7,1,6,2,6,2,5,3,5,3,5,4,5,4,6,5,5,5,5,6,5,0,0,7,6,7,6,7,6,8,6,7,7,7,7,7,7,7,7,7,8,6,8,6,8,4,8,4,9,4,8,3,9,3,9,3,8,2,8,2,7,1,7,0,7,0,7,-1,7,-1,5,-2,6,-2,5,0,0,0,0,0,0,0,0,0,0,0,0,0,0,-44,72,-47,66,-36,63,-39,60,-42,66,-35,54,-33,51,-27,49,-29,54,-24,44,-20,50,-17,44,-15,47,-9,38,-10,37,-9,36,-1,41,2,34,4,35,9,37,5,35,12,32,14,28,17,32,19,31,24,30,26,29,26,26,29,31,38,32,35,33,35,31,38,33,41,33,44,34,43,35,41,43,40,41,35,47,38,45,37,47,32,48,31,48,29,48,25,44,23,49,22,48,16,48,16,44,10,41,12,41,8,47,2,40,2,36,-5,35,-6,35,-11,36,0,0,0,0,0,0,0,0,0,0,0,0,0,0,0,0,0,0,0,0,0,0,-2,-50,1,-48,6,-50,7,-45,9,-46,7,-42,9,-43,10,-38,11,-42,10,-38,13,-38,10,-39,7,-36,11,-37,6,-31,4,-31,2,-36,2,-34,0,-31,-3,-36,-7,-32,-9,-35,-10,-33,-14,-34,-13,-33,-18,-37,-18,-37,-20,-43,-19,-40,-23,-39,-25,-41,-28,-41,-29,-40,-32,-41,-35,-38,-36,-41,-35,-41,-39,-39,-42,-38,-46,-40,-50,-34,-48,-34,-53,-37,-54,-33,-55,-28,-63,-27,-64,-31,-62,-26,-66,-29,-70,-33,-71,-30,-80,-34,-81,-37,-76,-35,-83,-37,-83,-38,-81,-45,0,0]"
CSI_DATA,289,1a:00:00:00:00:00,-45,11,1,0,1,1,1,0,0,0,1,-96,0,11,2,4064626,0,44,0,384,0,"[0,0,0,0,0,0,0,0,0,0,0,0,11,6,11,6,11,5,11,5,10,5,9,4,9,3,8,3,8,2,7,2,7,1,7,0,7,0,7,-1,7,-1,6,-2,6,-2,5,-3,6,-3,5,-4,5,-4,5,-4,5,-5,5,-6,6,-6,5,-7,0,0,5,-8,6,-8,7,-8,6,-9,7,-8,7,-8,7,-8,7,-8,8,-8,8,-7,8,-7,9,-6,8,-5,9,-5,8,-4,9,-4,8,-4,7,-4,7,-2,7,-2,7,-2,7,-1,7,-1,6,0,6,1,5,1,0,0,0,0,0,0,0,0,0,0,0,0,0,0,66,54,63,51,66,53,57,48,56,47,51,41,51,38,53,35,51,31,47,28,43,22,40,24,40,22,39,16,40,11,37,4,37,6,38,0,37,2,31,-1,39,-4,33,-9,33,-14,37,-12,30,-12,40,-15,31,-23,31,-27,39,-29,34,-31,31,-30,39,-33,39,-32,42,-35,38,-37,46,-33,46,-30,47,-34,48,-26,50,-26,50,-27,48,-27,51,-25,56,-21,53,-17,52,-12,46,-13,52,-11,46,-6,43,-5,42,-1,39,6,35,5,37,8,40,11,32,14,26,13,0,0,0,0,0,0,0,0,0,0,0,0,0,0,0,0,0,0,0,0,0,0,-47,9,-50,1,-51,-3,-50,-7,-47,-11,-44,-9,-41,-14,-40,-14,-42,-15,-39,-12,-38,-10,-42,-10,-41,-5,-37,-5,-35,-9,-33,-6,-38,-1,-34,-1,-34,0,-37,4,-34,5,-39,2,-34,11,-38,11,-41,14,-40,22,-37,16,-41,19,-40,19,-44,20,-41,22,-42,28,-44,22,-41,27,-45,31,-45,31,-41,35,-39,37,-39,38,-40,44,-41,41,-31,46,-37,51,-37,51,-35,54,-31,55,-33,59,-35,57,-43,65,-35,67,-33,72,-31,75,-47,78,-42,67,-50,84,-50,78,-49,77,0,0]"
CSI_DATA,290,1a:00:00:00:00:00,-45,11,1,0,1,1,1,0,0,0,1,-96,0,11,2,4074518,0,44,0,384,0,"[0,0,0,0,0,0,0,0,0,0,0,0,10,-10,9,-9,8,-10,8,-9,7,-9,7,-8,6,-9,5,-8,5,-8,4,-7,4,-8,3,-8,3,-7,2,-7,2,-7,1,-8,0,-8,0,-7,-1,-7,-2,-7,-2,-7,-3,-7,-2,-7,-4,-7,-4,-7,-4,-8,0,0,-5,-8,-5,-8,-6,-9,-6,-9,-5,-9,-5,-10,-5,-10,-5,-10,-5,-11,-4,-11,-3,-11,-2,-11,-2,-10,-2,-10,-2,-10,-1,-10,-1,-9,0,-9,0,-9,0,-8,1,-8,1,-7,2,-7,2,-6,3,-6,3,-5,0,0,0,0,0,0,0,0,0,0,0,0,0,0,59,-59,60,-55,50,-61,49,-55,46,-55,43,-50,43,-48,41,-51,33,-48,35,-42,27,-48,29,-46,21,-47,23,-40,14,-39,8,-38,9,-42,8,-35,2,-36,2,-39,-1,-39,-4,-37,-9,-30,-9,-37,-10,-35,-15,-34,-14,-32,-26,-33,-25,-30,-28,-34,-29,-33,-35,-35,-31,-34,-31,-39,-32,-42,-33,-45,-28,-48,-32,-48,-30,-50,-32,-54,-30,-49,-28,-52,-24,-49,-22,-51,-16,-54,-18,-49,-8,-48,-9,-48,-10,-46,-7,-42,-5,-43,-1,-41,2,-41,5,-36,8,-37,7,-32,13,-29,0,0,0,0,0,0,0,0,0,0,0,0,0,0,0,0,0,0,0,0,0,0,-2,49,-4,47,-6,48,-11,46,-15,47,-17,39,-14,39,-17,42,-14,40,-20,38,-15,39,-13,35,-13,38,-11,33,-14,30,-9,36,-5,34,-3,32,-4,29,-4,32,-1,37,2,37,5,40,8,36,10,40,14,37,12,37,14,41,12,40,22,44,19,41,22,46,23,40,25,40,26,50,28,46,32,43,35,41,32,43,37,41,38,45,46,40,45,40,50,37,52,37,58,28,57,38,65,39,57,39,67,43,67,44,74,45,77,50,72,45,75,54,76,54,70,57,0,0]"
CSI_DATA,291,1a:00:00:00:00:00,-45,11,1,0,1,1,1,0,0,0,1,-96,0,11,2,4084506,0,44,0,384,0,"[0,0,0,0,0,0,0,0,0,0,0,0,13,-3,12,-3,11,-3,11,-3,11,-2,9,-3,9,-3,8,-3,8,-3,7,-3,7,-4,6,-5,5,-4,5,-5,5,-5,4,-5,3,-5,3,-5,2,-6,2,-6,2,-6,2,-7,1,-7,1,-7,1,-8,0,-8,0,0,0,-9,0,-10,0,-10,0,-10,0,-10,1,-10,1,-11,1,-10,1,-11,2,-10,2,-10,3,-9,3,-9,4,-8,4,-8,4,-8,4,-8,4,-7,4,-7,4,-6,5,-6,5,-5,5,-5,5,-4,4,-3,4,-2,0,0,0,0,0,0,0,0,0,0,0,0,0,0,83,6,82,13,77,3,74,-1,69,-3,71,2,66,6,67,2,57,0,54,-2,50,-6,49,-11,50,-10,46,-7,43,-7,38,-16,34,-15,34,-18,29,-18,27,-22,23,-27,22,-25,20,-26,18,-27,16,-31,16,-33,10,-33,9,-38,11,-38,8,-45,11,-47,8,-52,8,-46,6,-49,9,-50,12,-54,11,-51,14,-53,15,-56,16,-51,19,-52,20,-49,25,-50,23,-50,26,-44,28,-45,29,-40,31,-40,28,-37,24,-32,27,-29,29,-29,30,-25,31,-19,30,-17,33,-12,29,-12,0,0,0,0,0,0,0,0,0,0,0,0,0,0,0,0,0,0,0,0,0,0,-41,29,-41,26,-41,23,-46,22,-44,17,-46,13,-38,11,-43,10,-42,12,-42,7,-40,10,-38,10,-40,12,-38,11,-36,14,-36,11,-33,18,-31,14,-27,16,-29,21,-26,23,-27,21,-27,27,-30,26,-25,30,-24,33,-25,36,-25,35,-29,38,-26,42,-22,44,-25,41,-21,42,-22,47,-19,48,-20,52,-14,52,-15,55,-14,56,-11,56,-9,57,-5,58,-3,59,1,64,0,60,0,68,7,70,6,70,8,73,10,76,8,80,13,84,5,87,10,85,7,94,3,97,7,94,0,0]"
CSI_DATA,292,1a:00:00:00:00:00,-46,11,1,0,1,1,1,0,0,0,1,-96,0,11,2,4124392,0,44,0,384,0,"[0,0,0,0,0,0,0,0,0,0,0,0,13,6,13,5,13,5,12,6,11,5,9,4,10,4,9,3,9,3,8,2,8,2,8,1,7,1,7,0,7,0,7,-1,6,-2,6,-2,6,-2,6,-2,6,-2,6,-4,5,-4,5,-5,6,-5,5,-5,0,0,5,-6,6,-7,7,-7,6,-7,7,-6,8,-6,8,-6,8,-6,8,-6,8,-6,8,-5,8,-5,8,-4,8,-4,8,-3,8,-3,8,-2,7,-2,7,-1,7,-1,6,0,6,1,6,0,5,1,5,2,4,2,0,0,0,0,0,0,0,0,0,0,0,0,0,0,37,24,37,24,35,21,30,18,32,22,29,19,27,18,30,18,26,15,23,12,24,11,22,10,23,9,21,8,18,7,19,5,22,4,21,1,19,2,17,0,16,0,17,-1,14,-2,18,-4,15,-6,15,-7,14,-6,15,-10,15,-9,17,-13,15,-11,17,-15,17,-11,20,-15,18,-14,21,-15,21,-14,21,-14,21,-13,21,-12,22,-12,23,-10,23,-7,23,-8,26,-6,22,-6,22,-2,20,-4,19,-3,19,-1,19,-1,18,3,16,2,14,6,14,6,11,7,11,7,0,0,0,0,0,0,0,0,0,0,0,0,0,0,0,0,0,0,0,0,0,0,-24,13,-24,10,-24,9,-26,7,-24,6,-22,5,-23,5,-23,5,-24,3,-21,2,-21,2,-21,1,-23,4,-21,3,-21,3,-17,2,-19,4,-16,2,-17,3,-18,6,-18,8,-20,7,-16,8,-17,9,-18,9,-17,13,-19,11,-16,14,-18,13,-18,17,-15,15,-19,18,-17,18,-15,21,-17,18,-17,22,-16,20,-14,21,-13,23,-15,25,-14,26,-11,25,-11,28,-10,28,-11,29,-8,32,-11,34,-9,33,-9,37,-15,36,-15,37,-13,43,-14,45,-13,39,-18,45,-17,48,-17,42,0,0]"
CSI_DATA,293,1a:00:00:00:00:00,-46,11,1,0,1,1,1,0,0,0,1,-96,0,11,2,4144942,0,44,0,384,0,"[0,0,0,0,0,0,0,0,0,0,0,0,1,-15,1,-14,0,-13,0,-13,0,-12,0,-11,0,-11,0,-10,-1,-10,-1,-9,-1,-9,-2,-8,-2,-8,-3,-8,-3,-7,-3,-7,-3,-6,-4,-6,-4,-5,-5,-5,-5,-5,-6,-4,-5,-5,-6,-4,-7,-4,-7,-4,0,0,-8,-4,-8,-4,-8,-4,-8,-4,-8,-5,-8,-4,-9,-5,-8,-5,-9,-5,-8,-6,-8,-6,-7,-6,-7,-6,-6,-6,-6,-7,-5,-7,-5,-7,-4,-7,-4,-7,-3,-6,-3,-7,-3,-6,-2,-6,-1,-6,0,-6,0,-5,0,0,0,0,0,0,0,0,0,0,0,0,0,0,0,-45,4,-43,3,-40,1,-39,2,-40,4,-37,1,-35,-1,-33,1,-32,0,-29,-1,-29,-2,-26,-2,-26,-4,-26,-1,-23,-6,-23,-7,-21,-7,-17,-7,-17,-10,-17,-9,-15,-9,-17,-14,-12,-11,-12,-12,-12,-14,-9,-16,-11,-17,-9,-17,-10,-18,-9,-18,-8,-20,-8,-21,-7,-23,-8,-22,-11,-21,-10,-23,-10,-25,-11,-24,-12,-23,-13,-23,-14,-21,-18,-18,-15,-20,-17,-18,-16,-19,-17,-14,-18,-13,-17,-13,-17,-11,-18,-9,-18,-10,-17,-7,-15,-5,-15,-4,-16,-2,-16,2,-15,0,0,0,0,0,0,0,0,0,0,0,0,0,0,0,0,0,0,0,0,0,0,20,17,18,19,17,19,15,20,13,22,12,20,13,21,12,21,12,19,10,22,8,22,8,18,9,20,9,18,9,16,8,16,11,14,10,19,11,12,12,13,13,12,14,13,15,12,17,12,18,12,18,11,18,11,20,13,21,11,23,10,20,9,23,9,24,8,22,8,25,7,24,6,26,4,28,4,24,4,29,1,27,0,30,0,29,-2,31,-4,32,-4,31,-6,33,-6,36,-7,38,-10,41,-8,39,-8,44,-7,42,-6,45,-6,49,-5,48,-8,49,-6,0,0]"
CSI_DATA,294,1a:00:00:00:00:00,-46,11,1,0,1,1,1,0,0,0,1,-96,0,11,2,4154400,0,44,0,384,0,"[0,0,0,0,0,0,0,0,0,0,0,0,-14,6,-13,6,-12,6,-13,5,-12,5,-11,5,-10,5,-9,5,-9,4,-8,5,-8,5,-7,5,-6,5,-5,5,-5,5,-5,5,-4,5,-4,5,-4,5,-3,6,-3,6,-2,6,-2,6,-1,7,-1,6,0,7,0,0,0,8,0,8,0,8,0,8,0,8,-1,9,-1,9,-1,9,-2,9,-2,9,-3,9,-3,8,-4,8,-4,8,-4,7,-5,8,-4,7,-5,6,-5,6,-5,5,-5,5,-5,4,-6,3,-5,3,-6,2,-5,1,0,0,0,0,0,0,0,0,0,0,0,0,0,0,-82,28,-76,27,-78,33,-75,32,-69,33,-67,29,-63,25,-61,27,-56,26,-53,28,-51,27,-48,27,-46,30,-40,23,-37,25,-36,30,-31,28,-30,25,-26,26,-23,32,-17,29,-19,30,-14,31,-10,33,-13,29,-12,32,-7,32,1,31,-4,36,0,41,3,38,5,44,0,42,3,46,6,52,-1,46,8,51,2,50,-4,52,-2,47,-3,45,-5,52,-10,47,-11,46,-16,47,-14,46,-17,40,-19,41,-20,37,-20,35,-19,33,-21,33,-25,27,-27,23,-27,17,-22,17,-24,10,0,0,0,0,0,0,0,0,0,0,0,0,0,0,0,0,0,0,0,0,0,0,14,-51,22,-50,24,-47,27,-48,28,-39,29,-42,28,-40,31,-37,29,-36,34,-33,33,-33,28,-33,29,-36,27,-31,26,-29,20,-28,20,-38,20,-32,14,-30,15,-34,16,-32,14,-35,7,-36,6,-41,9,-40,4,-43,6,-44,2,-49,4,-47,-1,-50,0,-43,0,-49,-2,-50,1,-50,-4,-56,-10,-54,-7,-51,-11,-51,-17,-51,-19,-55,-20,-51,-23,-52,-28,-55,-31,-57,-35,-64,-39,-56,-39,-55,-45,-58,-46,-61,-48,-64,-49,-71,-52,-68,-50,-79,-52,-75,-55,-78,-53,-82,-44,-81,0,0]"
CSI_DATA,295,1a:00:00:00:00:00,-46,11,1,0,1,1,1,0,0,0,1,-96,0,11,2,4164426,0,44,0,384,0,"[0,0,0,0,0,0,0,0,0,0,0,0,-13,-7,-13,-7,-12,-6,-12,-7,-11,-6,-10,-5,-10,-5,-9,-4,-9,-5,-9,-4,-9,-3,-8,-2,-8,-2,-7,-2,-8,-1,-8,0,-7,0,-7,1,-7,1,-6,1,-6,1,-6,3,-6,3,-6,3,-6,4,-6,4,0,0,-6,5,-7,5,-7,5,-7,6,-7,5,-8,5,-8,5,-8,5,-8,5,-8,4,-9,4,-9,3,-9,3,-8,2,-8,2,-9,2,-8,1,-8,1,-8,1,-7,0,-7,-1,-7,-1,-7,-2,-6,-2,-5,-3,-5,-3,0,0,0,0,0,0,0,0,0,0,0,0,0,0,-40,-23,-37,-26,-37,-22,-31,-19,-33,-22,-28,-18,-30,-19,-30,-19,-27,-16,-27,-16,-25,-13,-24,-9,-23,-9,-23,-9,-20,-8,-21,-5,-22,-6,-18,-2,-20,-2,-17,0,-19,1,-17,1,-17,4,-16,4,-17,5,-16,6,-16,8,-15,10,-15,9,-14,10,-15,11,-17,15,-18,14,-19,14,-15,15,-20,16,-21,16,-21,16,-21,16,-23,15,-21,13,-23,11,-24,11,-25,9,-24,10,-22,7,-24,5,-22,4,-20,3,-20,2,-18,1,-17,-1,-18,-2,-16,-3,-15,-4,-14,-5,-13,-8,0,0,0,0,0,0,0,0,0,0,0,0,0,0,0,0,0,0,0,0,0,0,25,-11,26,-7,24,-5,28,-4,24,-2,23,-1,23,-1,23,1,23,3,23,1,23,3,19,0,24,-1,20,1,21,-1,18,-1,18,-3,18,-3,18,-5,18,-3,16,-6,19,-6,16,-7,18,-10,19,-7,17,-12,17,-10,20,-13,19,-14,20,-14,18,-12,19,-17,19,-16,18,-18,19,-19,17,-19,17,-20,16,-21,16,-20,15,-24,13,-25,12,-25,14,-28,10,-29,11,-32,12,-33,10,-32,10,-34,10,-37,11,-39,10,-40,11,-41,13,-44,12,-42,20,-47,16,-49,18,-44,0,0]"
CSI_DATA,296,1a:00:00:00:00:00,-46,11,1,0,1,1,1,0,0,0,1,-96,0,11,2,4194441,0,44,0,384,0,"[0,0,0,0,0,0,0,0,0,0,0,0,13,-6,13,-6,12,-6,12,-5,11,-5,10,-4,10,-5,9,-5,8,-5,8,-5,7,-5,6,-5,6,-5,5,-5,5,-5,5,-6,4,-6,3,-6,3,-6,2,-6,2,-6,2,-6,1,-6,1,-7,0,-8,0,-8,0,0,0,-9,0,-9,-1,-9,0,-9,0,-9,0,-10,0,-10,1,-10,1,-11,2,-10,2,-10,3,-9,3,-9,3,-9,4,-8,4,-8,4,-7,4,-7,4,-6,4,-6,5,-6,5,-4,5,-4,5,-3,5,-3,5,-2,0,0,0,0,0,0,0,0,0,0,0,0,0,0,87,-34,86,-29,75,-31,73,-35,75,-27,66,-26,67,-26,61,-23,59,-25,56,-24,50,-26,47,-24,45,-23,40,-24,39,-24,37,-25,39,-29,29,-23,27,-24,23,-27,20,-32,19,-27,12,-29,13,-28,11,-33,8,-35,7,-36,2,-36,4,-35,-3,-38,-1,-38,-1,-42,-3,-44,0,-44,-6,-46,1,-46,-3,-49,-1,-51,7,-49,2,-52,10,-53,14,-47,15,-48,15,-48,17,-42,16,-44,20,-43,22,-38,18,-36,19,-32,23,-31,21,-27,23,-23,24,-19,25,-14,24,-12,28,-8,0,0,0,0,0,0,0,0,0,0,0,0,0,0,0,0,0,0,0,0,0,0,-14,53,-16,48,-22,47,-25,49,-25,44,-24,37,-26,35,-26,37,-24,38,-28,36,-29,32,-24,35,-26,37,-25,37,-22,30,-23,32,-15,35,-16,35,-15,30,-8,30,-12,37,-10,38,-10,38,-6,41,-7,43,-2,45,-6,43,-4,44,-1,44,8,47,-1,47,1,51,9,47,9,47,9,52,8,50,11,52,11,49,19,52,19,53,20,48,32,56,27,52,34,56,31,50,44,55,43,54,49,56,49,57,50,66,46,66,53,69,50,73,52,73,49,83,55,81,48,84,0,0]"
CSI_DATA,297,1a:00:00:00:00:00,-46,11,1,0,1,1,1,0,0,0,1,-96,0,11,2,4204442,0,44,0,384,0,"[0,0,0,0,0,0,0,0,0,0,0,0,14,2,13,2,12,2,12,2,11,2,10,2,10,0,9,1,9,1,8,0,8,-1,7,-1,7,-1,6,-2,6,-2,6,-3,5,-3,5,-4,5,-4,5,-4,4,-4,4,-5,3,-5,4,-5,3,-6,3,-7,0,0,3,-7,3,-7,4,-7,3,-8,4,-8,5,-8,5,-8,5,-8,5,-8,5,-7,5,-7,6,-6,6,-6,6,-5,6,-5,6,-5,6,-5,5,-4,6,-3,5,-3,5,-2,6,-2,5,-2,5,-1,5,0,4,0,0,0,0,0,0,0,0,0,0,0,0,0,0,0,39,20,36,21,39,18,35,18,36,17,31,15,29,16,32,14,28,13,25,11,25,9,23,9,23,9,22,7,21,5,21,0,21,3,19,1,18,2,17,-1,17,-4,17,-4,15,-7,16,-4,14,-6,17,-7,14,-9,13,-13,13,-10,12,-14,13,-13,14,-15,17,-15,15,-16,13,-19,16,-17,19,-18,18,-16,20,-15,19,-14,20,-14,21,-13,22,-14,20,-14,22,-8,21,-10,21,-8,20,-6,18,-5,19,-5,18,-2,16,-1,17,0,16,1,15,4,12,4,12,7,0,0,0,0,0,0,0,0,0,0,0,0,0,0,0,0,0,0,0,0,0,0,-25,12,-24,9,-25,6,-26,4,-25,4,-23,3,-23,1,-22,1,-24,1,-23,2,-21,1,-21,1,-22,2,-21,0,-19,2,-22,4,-18,5,-17,4,-19,5,-20,6,-19,6,-20,9,-18,10,-18,10,-18,11,-18,15,-19,12,-17,14,-19,12,-19,18,-19,15,-18,19,-18,17,-19,19,-19,19,-15,20,-15,23,-16,23,-15,24,-13,28,-11,25,-12,27,-11,30,-9,30,-7,30,-9,29,-8,33,-8,35,-8,37,-8,38,-6,41,-7,41,-11,45,-12,41,-16,47,-14,47,-15,47,0,0]"
CSI_DATA,298,1a:00:00:00:00:00,-46,11,1,0,1,1,1,0,0,0,1,-96,0,11,2,4214803,0,44,0,384,0,"[0,0,0,0,0,0,0,0,0,0,0,0,9,10,9,10,9,9,9,9,8,8,7,7,7,7,7,6,6,5,6,5,6,5,6,4,6,3,6,3,6,2,6,1,6,1,5,1,6,0,6,0,5,-1,6,-1,5,-1,6,-2,6,-2,6,-3,0,0,6,-3,7,-3,7,-4,7,-4,7,-4,8,-4,8,-4,8,-3,8,-3,8,-3,9,-2,9,-1,8,-1,7,-1,8,-1,8,0,7,0,7,1,6,1,6,1,5,2,5,2,4,2,4,3,3,3,2,3,0,0,0,0,0,0,0,0,0,0,0,0,0,0,59,68,56,70,64,58,49,56,53,49,45,51,45,51,51,50,43,42,41,45,40,31,40,38,43,32,40,27,40,24,40,20,40,16,38,13,32,10,34,8,35,7,33,5,38,0,29,-4,30,-3,32,-5,29,-8,33,-11,33,-12,32,-16,30,-15,32,-22,37,-20,36,-24,38,-23,46,-20,45,-22,41,-24,43,-20,46,-20,44,-17,47,-14,47,-13,47,-11,47,-7,47,-6,46,-3,43,-3,43,3,38,5,37,3,34,6,34,10,29,10,28,13,26,15,20,14,0,0,0,0,0,0,0,0,0,0,0,0,0,0,0,0,0,0,0,0,0,0,-51,1,-50,-7,-53,-9,-50,-14,-48,-14,-44,-16,-44,-13,-43,-15,-42,-17,-41,-15,-42,-20,-39,-14,-43,-9,-39,-11,-37,-12,-36,-12,-41,-9,-37,-8,-42,-4,-36,0,-40,-4,-43,2,-40,4,-40,6,-42,8,-36,7,-39,10,-48,14,-45,13,-48,18,-45,18,-49,19,-50,22,-44,24,-51,25,-47,25,-44,30,-46,30,-47,34,-41,39,-46,39,-44,39,-45,44,-39,45,-37,49,-42,61,-38,62,-36,63,-41,66,-44,70,-44,73,-44,69,-50,67,-50,67,-62,79,-59,83,-65,77,0,0]"
CSI_DATA,299,1a:00:00:00:00:00,-46,11,1,0,1,1,1,0,0,0,1,-96,0,11,2,4234416,0,44,0,384,0,"[0,0,0,0,0,0,0,0,0,0,0,0,-3,13,-2,13,-1,13,-2,12,-1,11,-2,10,-1,10,-1,9,-1,9,0,8,0,8,0,7,1,7,2,6,1,6,2,6,2,5,2,5,3,4,3,4,3,4,4,3,4,3,5,3,5,3,5,3,0,0,6,3,7,3,7,3,7,3,7,3,7,3,7,3,7,4,7,4,7,5,6,5,6,5,5,5,5,5,4,6,4,6,4,5,3,5,3,6,2,6,2,5,2,5,1,5,0,5,-1,5,-2,4,0,0,0,0,0,0,0,0,0,0,0,0,0,0,-6,43,-6,44,-4,42,-8,40,-7,39,-5,35,-6,34,-7,35,-6,29,-4,29,-3,30,-3,24,-4,24,-1,20,0,24,3,20,3,20,5,19,6,17,4,18,8,16,6,15,9,14,8,11,9,12,10,11,9,9,15,8,14,8,16,8,14,10,18,8,17,8,21,8,19,10,21,11,22,9,20,11,22,13,19,14,19,13,20,15,19,16,18,16,16,16,15,19,10,17,12,17,9,18,10,19,7,15,7,17,5,15,5,17,1,15,0,15,-1,15,0,0,0,0,0,0,0,0,0,0,0,0,0,0,0,0,0,0,0,0,0,0,-19,-19,-17,-21,-15,-21,-14,-21,-12,-24,-12,-22,-11,-21,-11,-21,-10,-19,-12,-20,-10,-22,-9,-22,-11,-19,-10,-19,-10,-18,-11,-18,-13,-17,-11,-18,-13,-16,-14,-16,-17,-15,-16,-16,-16,-14,-16,-15,-17,-13,-18,-12,-19,-14,-22,-14,-20,-15,-23,-12,-22,-14,-28,-13,-26,-12,-25,-11,-27,-13,-25,-11,-26,-11,-28,-9,-28,-6,-29,-5,-28,-4,-31,-3,-33,-4,-34,2,-33,-2,-37,-1,-37,0,-37,1,-37,4,-42,4,-44,4,-46,5,-48,2,-48,1,-49,2,-49,2,-50,0,0,0]"
CSI_DATA,300,1a:00:00:00:00:00,-46,11,1,0,1,1,1,0,0,0,1,-96,0,11,2,4244422,0,44,0,384,0,"[0,0,0,0,0,0,0,0,0,0,0,0,-12,8,-12,8,-11,8,-11,7,-10,7,-10,6,-9,6,-8,6,-8,6,-6,5,-6,6,-6,6,-5,5,-4,5,-4,5,-4,6,-3,5,-2,5,-2,5,-2,5,-1,5,0,5,0,5,0,5,0,6,1,6,0,0,2,7,2,7,2,7,2,8,2,8,1,7,2,8,1,8,1,8,1,8,0,9,-1,8,-1,8,-1,7,-2,7,-2,8,-3,7,-2,7,-3,6,-3,6,-4,5,-4,4,-4,4,-4,3,-5,3,-5,2,0,0,0,0,0,0,0,0,0,0,0,0,0,0,-75,48,-72,41,-71,52,-65,43,-63,41,-64,43,-58,36,-56,38,-49,32,-48,36,-45,33,-43,29,-38,36,-35,31,-29,30,-29,34,-28,31,-23,32,-18,31,-16,28,-19,34,-14,31,-7,30,-7,32,-5,28,-4,30,3,32,6,33,6,28,8,34,5,34,16,40,12,37,16,40,13,37,14,43,13,43,16,44,11,41,10,48,7,45,9,45,2,45,5,50,-7,46,0,41,-5,45,-9,42,-8,41,-11,34,-13,36,-16,30,-17,29,-20,27,-17,22,-21,20,-25,18,0,0,0,0,0,0,0,0,0,0,0,0,0,0,0,0,0,0,0,0,0,0,4,-47,12,-49,13,-46,14,-47,15,-42,17,-40,16,-40,20,-40,21,-40,19,-39,17,-40,15,-36,15,-35,14,-38,13,-34,13,-40,12,-36,11,-39,6,-34,6,-38,4,-37,0,-43,1,-44,-2,-43,-3,-44,-7,-50,-9,-46,-8,-55,-6,-47,-9,-49,-12,-53,-14,-56,-14,-53,-13,-50,-18,-51,-16,-55,-22,-50,-28,-53,-25,-47,-29,-50,-29,-49,-37,-53,-37,-53,-36,-48,-46,-47,-55,-51,-47,-49,-55,-51,-54,-51,-58,-58,-59,-58,-66,-60,-66,-69,-65,-60,-68,-69,-65,-74,-62,-76,0,0]"
CSI_DATA,301,1a:00:00:00:00:00,-46,11,1,0,1,1,1,0,0,0,1,-96,0,11,2,4254405,0,44,0,384,0,"[0,0,0,0,0,0,0,0,0,0,0,0,-15,4,-14,4,-13,5,-13,4,-12,4,-11,3,-11,5,-10,4,-9,4,-9,3,-9,4,-8,5,-7,4,-6,4,-6,4,-5,5,-4,5,-4,5,-3,5,-3,5,-3,5,-2,5,-2,5,-1,5,-1,6,-1,6,0,0,0,7,0,8,0,7,0,8,0,7,0,8,0,8,0,8,0,9,-1,9,-2,9,-3,9,-3,8,-3,7,-4,8,-4,7,-4,7,-4,6,-4,6,-5,6,-4,5,-5,4,-5,4,-6,3,-6,2,-5,1,0,0,0,0,0,0,0,0,0,0,0,0,0,0,-87,20,-81,19,-84,26,-78,22,-74,24,-67,20,-67,21,-65,18,-58,20,-60,22,-53,24,-47,21,-45,21,-43,19,-42,18,-34,21,-31,25,-32,20,-28,17,-24,22,-23,28,-20,25,-16,26,-16,27,-12,28,-9,30,-8,28,-7,35,-8,36,3,39,1,35,1,38,0,40,3,44,9,40,-1,41,3,52,1,45,-2,46,-2,46,0,49,-10,48,-12,49,-12,49,-15,43,-16,43,-19,37,-18,37,-18,34,-21,32,-23,33,-21,28,-22,24,-28,23,-26,15,-28,14,-26,8,0,0,0,0,0,0,0,0,0,0,0,0,0,0,0,0,0,0,0,0,0,0,17,-46,22,-46,22,-42,27,-44,30,-40,28,-39,21,-36,26,-37,26,-35,29,-30,27,-35,28,-31,27,-33,25,-34,24,-32,24,-33,17,-38,20,-37,15,-37,14,-39,15,-39,13,-44,7,-43,12,-43,14,-44,5,-47,9,-44,8,-49,12,-48,4,-54,3,-48,1,-56,0,-54,-3,-52,-1,-59,-5,-52,-8,-52,-15,-59,-11,-54,-15,-59,-19,-54,-24,-56,-24,-55,-25,-59,-31,-58,-36,-58,-33,-58,-48,-65,-41,-63,-43,-72,-47,-76,-44,-73,-47,-81,-44,-81,-45,-90,-49,-86,-40,-92,0,0]"
CSI_DATA,302,1a:00:00:00:00:00,-46,11,1,0,1,1,1,0,0,0,1,-96,0,11,2,4268711,0,44,0,384,0,"[0,0,0,0,0,0,0,0,0,0,0,0,0,14,1,13,2,12,1,12,1,11,0,10,1,10,1,9,1,9,1,8,1,8,2,7,2,6,2,6,2,5,3,5,3,4,3,4,3,3,4,3,4,2,5,2,4,2,6,1,5,1,5,1,0,0,6,0,7,0,8,0,8,1,8,1,7,1,8,1,8,1,8,2,8,3,8,3,7,3,7,3,6,4,6,4,5,4,6,5,5,4,4,4,4,4,3,5,3,4,2,5,1,5,1,5,0,5,0,0,0,0,0,0,0,0,0,0,0,0,0,0,23,85,21,92,24,84,15,81,19,79,10,75,20,70,20,67,17,60,13,62,14,54,17,48,15,46,17,36,13,43,16,38,23,39,23,29,17,28,22,28,26,25,26,20,24,11,26,14,30,16,28,11,29,12,34,7,35,9,40,0,30,-2,39,-1,38,-3,43,-7,43,-7,48,-2,47,-6,46,-4,50,6,48,3,48,8,48,10,47,13,49,14,44,17,47,17,40,23,40,17,34,20,32,19,28,20,32,24,26,24,22,26,21,26,13,29,9,30,0,0,0,0,0,0,0,0,0,0,0,0,0,0,0,0,0,0,0,0,0,0,-45,-22,-41,-26,-43,-28,-43,-28,-40,-34,-32,-34,-35,-31,-30,-30,-32,-34,-33,-32,-30,-33,-29,-34,-33,-33,-30,-30,-29,-28,-35,-27,-34,-22,-34,-23,-37,-25,-36,-20,-42,-18,-43,-16,-44,-20,-41,-11,-51,-12,-47,-11,-48,-13,-50,-9,-48,-6,-59,-9,-53,-9,-61,-6,-57,-7,-53,-4,-60,-4,-60,-3,-58,-3,-60,5,-58,3,-60,12,-61,9,-59,15,-65,21,-64,22,-67,24,-70,36,-68,29,-73,31,-70,41,-78,38,-77,40,-83,41,-87,40,-80,39,-93,42,-92,39,-93,40,0,0]"
CSI_DATA,303,1a:00:00:00:00:00,-47,11,1,0,1,1,1,0,0,0,1,-96,0,11,2,4274404,0,44,0,384,0,"[0,0,0,0,0,0,0,0,0,0,0,0,-8,-13,-7,-12,-8,-11,-8,-11,-7,-10,-6,-9,-7,-9,-7,-8,-7,-7,-6,-7,-6,-7,-6,-6,-6,-5,-6,-5,-6,-4,-6,-3,-6,-3,-6,-2,-6,-2,-6,-1,-6,-1,-6,0,-6,0,-6,0,-6,1,-6,2,0,0,-6,2,-7,2,-7,3,-8,3,-8,2,-8,3,-8,3,-8,3,-9,2,-9,2,-9,1,-9,1,-9,0,-9,0,-9,0,-8,0,-8,-1,-8,-1,-7,-1,-7,-2,-7,-2,-6,-3,-6,-3,-5,-4,-5,-4,-4,-4,0,0,0,0,0,0,0,0,0,0,0,0,0,0,-59,-71,-53,-73,-56,-67,-51,-57,-43,-67,-47,-62,-49,-60,-40,-53,-42,-53,-40,-46,-40,-46,-38,-37,-42,-34,-37,-36,-33,-34,-33,-22,-36,-27,-29,-24,-34,-18,-34,-15,-34,-12,-35,-7,-30,-4,-30,-7,-32,2,-31,0,-31,3,-34,11,-33,7,-35,12,-33,12,-35,18,-40,17,-37,20,-36,15,-43,16,-41,20,-42,18,-48,21,-45,14,-47,11,-47,5,-51,11,-46,6,-48,6,-45,2,-44,-2,-43,2,-40,-5,-40,-3,-36,-3,-37,-9,-38,-13,-32,-14,-29,-19,-26,-22,-20,-25,0,0,0,0,0,0,0,0,0,0,0,0,0,0,0,0,0,0,0,0,0,0,49,2,49,4,50,8,48,7,44,16,43,15,42,11,42,14,43,11,42,15,38,19,42,15,42,12,41,13,41,12,39,11,40,4,36,8,39,3,39,0,41,-3,42,-4,38,-3,46,-5,50,-6,50,-13,46,-3,46,-13,50,-11,50,-17,48,-15,53,-16,56,-16,53,-22,49,-24,52,-28,47,-25,49,-25,45,-28,55,-32,48,-36,48,-41,45,-41,51,-48,45,-51,42,-57,44,-56,42,-58,44,-62,51,-65,57,-66,58,-71,65,-71,61,-77,71,-76,64,-75,67,-77,0,0]"
CSI_DATA,304,1a:00:00:00:00:00,-47,11,1,0,1,1,1,0,0,0,1,-96,0,11,2,4284540,0,44,0,384,0,"[0,0,0,0,0,0,0,0,0,0,0,0,10,11,9,9,9,9,9,9,8,9,7,7,7,7,7,6,6,6,6,5,6,4,6,4,6,3,6,3,5,3,6,1,5,1,5,1,5,0,5,-1,5,-1,5,-1,5,-2,5,-2,5,-3,5,-3,0,0,5,-3,6,-4,7,-4,6,-4,7,-4,7,-4,8,-4,8,-4,8,-4,8,-4,8,-3,8,-2,8,-2,8,-1,8,-1,8,-1,8,0,6,0,7,0,6,1,6,2,5,2,5,2,5,3,4,3,3,3,0,0,0,0,0,0,0,0,0,0,0,0,0,0,54,73,53,71,54,68,47,63,43,61,36,58,42,60,39,52,39,50,34,46,40,40,31,39,36,39,30,33,25,35,31,24,31,25,31,20,30,13,33,19,28,9,31,9,26,9,30,3,31,-5,33,-2,29,-1,33,-8,32,-9,32,-14,32,-14,38,-15,36,-19,35,-23,36,-22,45,-23,41,-19,46,-19,51,-18,45,-17,45,-18,45,-12,53,-9,51,-8,44,-3,44,-7,43,0,43,1,40,4,39,6,38,5,34,6,36,8,30,16,27,17,23,21,16,21,0,0,0,0,0,0,0,0,0,0,0,0,0,0,0,0,0,0,0,0,0,0,-50,-6,-47,-12,-46,-17,-46,-18,-44,-15,-41,-16,-40,-17,-40,-20,-43,-17,-43,-18,-39,-22,-38,-17,-45,-17,-41,-19,-42,-14,-39,-12,-43,-11,-40,-10,-40,-6,-42,-9,-45,-3,-46,1,-47,1,-42,1,-52,2,-48,8,-48,5,-52,11,-59,8,-50,12,-53,13,-54,11,-58,16,-55,19,-55,16,-52,22,-56,16,-48,24,-53,26,-54,29,-55,30,-49,42,-51,34,-54,49,-49,44,-50,53,-51,50,-45,57,-53,64,-59,56,-59,64,-60,70,-71,68,-62,66,-76,75,-72,75,-71,69,0,0]"
CSI_DATA,305,1a:00:00:00:00:00,-47,11,1,0,1,1,1,0,0,0,1,-96,0,11,2,4294450,0,44,0,384,0,"[0,0,0,0,0,0,0,0,0,0,0,0,14,1,13,1,12,0,12,1,11,1,10,0,10,-1,9,0,8,0,7,-1,8,-1,7,-2,6,-2,6,-2,5,-2,5,-3,5,-3,4,-3,4,-3,3,-4,3,-4,3,-4,2,-5,2,-6,2,-6,1,-6,0,0,1,-7,1,-7,2,-8,1,-8,1,-8,2,-8,2,-8,2,-8,2,-8,2,-8,3,-9,4,-8,4,-7,4,-7,4,-7,5,-7,5,-6,4,-6,5,-5,4,-5,5,-4,5,-3,5,-3,5,-2,5,-1,5,-1,0,0,0,0,0,0,0,0,0,0,0,0,0,0,45,1,44,2,42,0,38,0,39,2,35,1,37,2,34,2,32,2,27,0,28,-3,24,-2,24,-3,22,-3,21,-4,20,-7,18,-7,18,-8,15,-7,13,-8,15,-10,11,-9,10,-12,11,-11,10,-11,9,-12,6,-11,6,-14,7,-14,3,-17,4,-18,4,-18,4,-20,4,-20,3,-22,5,-22,5,-20,5,-22,7,-21,9,-22,9,-22,8,-21,11,-22,12,-20,11,-19,13,-17,13,-15,14,-15,14,-13,14,-12,14,-10,13,-9,16,-8,14,-8,14,-5,13,-4,12,-1,0,0,0,0,0,0,0,0,0,0,0,0,0,0,0,0,0,0,0,0,0,0,-15,20,-16,18,-17,17,-18,16,-19,14,-18,12,-18,11,-17,12,-20,12,-19,13,-19,11,-18,14,-18,14,-17,13,-17,13,-17,13,-15,14,-17,12,-13,13,-14,15,-12,17,-15,19,-12,18,-12,19,-12,21,-10,23,-13,23,-10,23,-13,24,-11,26,-10,25,-11,27,-10,26,-9,29,-8,28,-8,29,-9,27,-5,29,-4,28,-2,31,-2,30,0,31,1,31,2,35,4,31,7,31,4,34,5,38,8,39,9,42,7,40,10,44,7,45,9,44,6,47,7,48,4,49,0,0]"
CSI_DATA,306,1a:00:00:00:00:00,-47,11,1,0,1,1,1,0,0,0,1,-96,0,11,2,4304507,0,44,0,384,0,"[0,0,0,0,0,0,0,0,0,0,0,0,-2,14,-1,13,0,13,-1,12,-1,12,-1,10,0,10,-1,9,-1,9,0,8,0,7,0,7,1,7,1,6,2,5,2,5,2,4,2,4,3,4,3,4,3,4,4,3,4,2,4,2,5,2,5,1,0,0,5,1,7,2,7,2,7,2,7,2,7,2,7,2,7,3,7,3,7,4,7,4,6,5,6,4,6,4,5,5,4,5,5,5,4,5,4,5,3,5,2,5,2,5,1,5,1,5,0,5,-1,4,0,0,0,0,0,0,0,0,0,0,0,0,0,0,-1,44,-1,44,0,43,-1,41,0,41,-2,35,-2,35,0,32,-2,32,-1,32,2,27,1,26,5,25,2,22,3,21,5,19,5,17,8,17,6,15,6,14,10,14,10,12,11,11,10,8,9,5,11,7,12,5,14,4,15,3,16,3,15,4,16,3,17,3,19,3,19,1,22,3,22,3,22,5,21,5,23,6,23,5,21,9,21,10,21,8,18,8,19,12,16,15,17,14,14,11,14,13,10,12,11,14,10,11,6,13,6,13,5,14,1,15,0,0,0,0,0,0,0,0,0,0,0,0,0,0,0,0,0,0,0,0,0,0,-20,-16,-17,-15,-19,-17,-16,-19,-16,-20,-14,-20,-13,-18,-14,-20,-15,-18,-11,-18,-12,-22,-13,-18,-17,-19,-14,-18,-11,-15,-15,-16,-17,-15,-15,-15,-17,-14,-17,-13,-19,-14,-18,-14,-21,-12,-19,-11,-24,-12,-25,-13,-22,-11,-23,-11,-27,-11,-28,-10,-25,-11,-28,-10,-30,-10,-26,-9,-30,-11,-28,-8,-30,-8,-31,-5,-29,-3,-32,-2,-30,-3,-32,0,-34,3,-35,4,-35,4,-38,7,-39,4,-40,7,-38,10,-44,9,-42,10,-45,11,-44,8,-46,9,-51,8,-50,9,-49,8,0,0]"
CSI_DATA,307,1a:00:00:00:00:00,-47,11,1,0,1,1,1,0,0,0,1,-96,0,11,2,4314481,0,44,0,384,0,"[0,0,0,0,0,0,0,0,0,0,0,0,-5,13,-4,13,-3,12,-3,12,-3,11,-4,10,-3,9,-2,9,-2,9,-1,7,-2,7,-1,7,0,7,1,6,0,5,1,6,1,5,1,4,2,4,3,4,3,3,3,3,3,3,4,3,4,2,4,3,0,0,5,2,6,2,6,2,6,2,7,2,7,3,7,3,7,3,6,4,6,3,7,5,6,5,6,5,6,5,4,5,4,6,4,5,3,5,3,5,3,5,2,5,2,5,1,5,0,5,0,5,-1,5,0,0,0,0,0,0,0,0,0,0,0,0,0,0,-13,41,-13,40,-9,41,-13,39,-13,35,-13,34,-10,33,-8,32,-10,30,-9,27,-7,27,-4,25,-7,24,-3,20,-4,21,-1,19,0,18,1,18,1,14,4,15,4,17,5,14,6,11,8,11,7,10,10,9,9,10,11,7,10,7,14,7,13,7,16,7,14,6,17,4,20,5,20,8,20,7,20,9,20,10,19,10,20,12,18,14,18,13,17,15,14,13,15,16,14,14,14,16,11,15,10,15,9,15,8,14,6,14,4,16,2,15,1,15,-2,15,0,0,0,0,0,0,0,0,0,0,0,0,0,0,0,0,0,0,0,0,0,0,-14,-22,-13,-22,-9,-22,-10,-23,-9,-25,-9,-22,-7,-21,-7,-21,-6,-23,-7,-19,-7,-22,-9,-23,-7,-22,-8,-20,-7,-20,-8,-21,-12,-21,-10,-20,-13,-19,-10,-19,-14,-19,-15,-19,-15,-18,-16,-20,-19,-19,-21,-17,-17,-20,-18,-20,-20,-19,-22,-18,-21,-18,-24,-19,-23,-18,-25,-17,-27,-17,-28,-17,-25,-16,-27,-15,-28,-14,-30,-12,-28,-12,-32,-8,-31,-8,-35,-8,-35,-6,-36,-4,-37,-3,-39,-4,-39,-3,-42,-3,-44,-4,-45,-2,-49,-4,-47,-3,-49,-6,-50,-6,-50,-9,0,0]"
CSI_DATA,308,1a:00:00:00:00:00,-47,11,1,0,1,1,1,0,0,0,1,-96,0,11,2,4324372,0,44,0,384,0,"[0,0,0,0,0,0,0,0,0,0,0,0,11,9,10,8,10,8,10,7,9,7,8,6,8,5,7,4,7,5,6,4,6,3,6,2,5,2,5,2,5,2,5,0,5,0,4,-1,5,-1,5,-2,4,-2,4,-2,4,-3,4,-3,4,-4,4,-4,0,0,3,-5,4,-5,4,-6,4,-6,5,-6,5,-6,5,-6,5,-6,5,-7,6,-6,6,-6,6,-5,6,-5,6,-4,6,-4,6,-4,7,-3,6,-2,6,-2,5,-2,5,-1,6,-1,5,-1,5,0,4,1,4,1,0,0,0,0,0,0,0,0,0,0,0,0,0,0,75,55,62,60,66,55,54,46,63,47,53,45,52,45,53,42,51,37,42,35,44,29,43,28,41,26,41,22,36,20,35,13,39,12,37,9,31,4,30,2,30,1,30,-1,26,-3,28,-6,30,-8,24,-10,20,-9,24,-15,18,-20,21,-22,21,-25,19,-27,22,-27,22,-33,19,-30,25,-34,21,-35,22,-37,32,-37,29,-33,28,-33,30,-32,35,-30,37,-27,36,-26,34,-23,39,-19,33,-22,32,-16,31,-15,33,-14,32,-7,29,-8,33,-3,31,1,31,5,24,6,0,0,0,0,0,0,0,0,0,0,0,0,0,0,0,0,0,0,0,0,0,0,-49,-4,-49,-9,-45,-9,-46,-12,-41,-14,-44,-17,-45,-16,-41,-16,-45,-16,-43,-13,-40,-16,-39,-15,-44,-13,-44,-16,-40,-13,-39,-12,-41,-4,-41,-8,-45,-3,-45,-1,-44,-1,-51,5,-46,0,-47,7,-53,12,-52,13,-50,11,-55,10,-56,14,-57,20,-54,13,-54,20,-58,21,-48,26,-56,24,-53,33,-51,29,-49,34,-52,34,-50,43,-53,41,-47,40,-43,44,-45,53,-42,49,-37,58,-39,59,-40,65,-45,66,-45,69,-44,74,-44,76,-47,78,-47,74,-48,82,-52,83,-50,83,0,0]"
CSI_DATA,309,1a:00:00:00:00:00,-47,11,1,0,1,1,1,0,0,0,1,-96,0,11,2,4334625,0,44,0,384,0,"[0,0,0,0,0,0,0,0,0,0,0,0,12,-8,11,-7,10,-8,10,-6,9,-6,8,-6,8,-6,8,-6,7,-6,6,-5,6,-5,5,-6,4,-5,3,-6,3,-5,2,-6,2,-6,2,-5,1,-5,0,-5,0,-5,-1,-5,-1,-5,-1,-5,-2,-5,-2,-6,0,0,-3,-6,-3,-6,-4,-6,-4,-7,-4,-7,-4,-7,-4,-7,-4,-7,-4,-8,-3,-9,-3,-9,-2,-8,-2,-8,-1,-8,-1,-8,-1,-8,0,-8,-1,-7,0,-7,1,-7,1,-7,1,-6,2,-5,2,-5,3,-5,2,-4,0,0,0,0,0,0,0,0,0,0,0,0,0,0,81,-43,77,-39,66,-52,68,-38,66,-42,60,-39,61,-33,58,-36,53,-32,49,-33,45,-35,40,-32,39,-32,36,-26,32,-27,25,-32,24,-35,24,-30,17,-23,18,-26,8,-31,12,-27,7,-24,2,-23,2,-24,3,-27,0,-31,-10,-22,-11,-22,-15,-26,-12,-25,-17,-31,-18,-28,-21,-32,-22,-32,-20,-36,-23,-32,-23,-31,-24,-40,-23,-41,-18,-40,-19,-37,-17,-43,-17,-43,-9,-40,-11,-42,-8,-43,-7,-40,-4,-38,0,-35,1,-34,2,-34,4,-33,12,-31,10,-27,11,-26,16,-23,0,0,0,0,0,0,0,0,0,0,0,0,0,0,0,0,0,0,0,0,0,0,-13,48,-13,42,-22,45,-21,46,-22,41,-24,38,-21,38,-21,37,-24,41,-24,37,-19,37,-21,36,-17,43,-21,38,-18,38,-18,40,-13,42,-17,40,-12,41,-8,42,-4,41,-9,45,-9,52,-4,45,0,49,-2,50,-1,52,4,57,3,55,4,56,10,55,9,61,7,57,8,57,11,56,14,60,18,57,21,61,22,58,26,62,25,60,31,53,35,55,33,57,39,57,44,52,45,57,54,56,55,55,56,61,54,65,63,64,60,70,62,61,57,72,57,73,62,79,0,0]"
CSI_DATA,310,1a:00:00:00:00:00,-47,11,1,0,1,1,1,0,0,0,1,-96,0,11,2,4354429,0,44,0,384,0,"[0,0,0,0,0,0,0,0,0,0,0,0,-10,-11,-10,-10,-10,-9,-10,-10,-9,-9,-8,-8,-8,-7,-7,-6,-7,-6,-7,-5,-7,-5,-6,-5,-6,-4,-6,-3,-6,-3,-6,-2,-6,-2,-5,-1,-5,-1,-5,0,-5,0,-4,1,-4,1,-5,1,-5,2,-4,3,0,0,-4,4,-5,4,-5,4,-5,5,-5,5,-5,5,-5,5,-6,5,-6,5,-6,4,-7,4,-7,3,-7,3,-7,3,-7,2,-7,2,-7,2,-7,1,-7,1,-6,1,-6,0,-6,0,-6,-1,-6,-2,-5,-2,-5,-3,0,0,0,0,0,0,0,0,0,0,0,0,0,0,-64,-60,-65,-60,-66,-56,-51,-56,-54,-55,-47,-52,-49,-50,-47,-47,-45,-46,-37,-41,-45,-31,-38,-30,-37,-29,-36,-31,-32,-26,-31,-19,-36,-18,-28,-13,-29,-12,-26,-8,-26,-6,-25,-7,-26,4,-26,0,-23,5,-23,5,-21,8,-23,10,-25,12,-21,19,-17,16,-21,18,-26,21,-27,23,-25,25,-28,22,-27,24,-30,26,-33,26,-33,20,-32,25,-37,21,-38,19,-40,21,-37,13,-37,15,-39,10,-37,10,-32,6,-34,2,-32,5,-32,2,-30,-3,-30,-2,-24,-5,-24,-9,-23,-9,0,0,0,0,0,0,0,0,0,0,0,0,0,0,0,0,0,0,0,0,0,0,50,-13,48,-6,49,-4,46,0,48,1,43,1,44,-1,44,1,47,3,46,-1,40,2,43,-2,47,-1,45,3,42,-3,40,1,41,-5,43,-8,42,-6,43,-6,46,-10,48,-14,47,-16,48,-20,47,-21,45,-21,50,-21,50,-26,54,-22,54,-26,46,-25,58,-32,56,-31,53,-34,56,-33,51,-33,48,-36,50,-36,45,-40,50,-43,47,-43,49,-48,41,-48,44,-52,35,-52,43,-64,42,-60,42,-63,44,-70,41,-76,44,-73,43,-77,49,-78,46,-76,55,-88,50,-84,58,-83,0,0]"
CSI_DATA,311,1a:00:00:00:00:00,-47,11,1,0,1,1,1,0,0,0,1,-96,0,11,2,4364380,0,44,0,384,0,"[0,0,0,0,0,0,0,0,0,0,0,0,-11,-9,-11,-8,-11,-8,-10,-8,-10,-7,-9,-7,-9,-6,-8,-6,-8,-5,-7,-4,-7,-4,-7,-3,-6,-4,-6,-3,-6,-2,-6,-1,-5,-1,-5,0,-5,0,-5,0,-4,1,-5,1,-3,2,-4,2,-3,2,-3,3,0,0,-3,4,-4,4,-4,5,-4,5,-4,5,-5,5,-5,5,-5,5,-5,5,-5,5,-6,5,-7,4,-6,4,-6,4,-6,3,-6,3,-6,2,-6,2,-6,2,-6,1,-6,1,-6,0,-6,0,-6,-1,-5,-1,-4,-2,0,0,0,0,0,0,0,0,0,0,0,0,0,0,-66,-63,-66,-62,-63,-62,-58,-56,-57,-57,-44,-48,-46,-52,-52,-51,-45,-44,-38,-40,-39,-28,-40,-35,-38,-28,-35,-27,-31,-25,-25,-18,-35,-17,-28,-16,-27,-9,-28,-5,-29,-3,-22,-6,-24,1,-21,2,-21,2,-22,3,-19,7,-23,15,-19,16,-19,20,-17,14,-18,18,-19,19,-20,23,-21,25,-24,31,-22,31,-27,30,-25,30,-30,27,-27,30,-31,28,-32,25,-38,26,-34,23,-35,21,-36,18,-36,18,-33,11,-31,7,-28,11,-28,8,-31,6,-32,-1,-26,-5,-23,-1,-26,-12,0,0,0,0,0,0,0,0,0,0,0,0,0,0,0,0,0,0,0,0,0,0,50,-6,43,0,48,2,45,6,46,8,45,9,44,8,41,7,46,9,45,4,42,9,41,7,49,1,48,3,42,9,45,3,42,2,44,0,45,-6,48,-5,44,-8,51,-13,48,-10,50,-16,51,-15,50,-21,52,-19,55,-17,56,-22,56,-24,52,-24,58,-24,59,-28,59,-32,55,-29,54,-32,54,-34,53,-34,49,-33,51,-47,50,-40,51,-45,44,-44,44,-54,46,-53,41,-65,43,-61,41,-62,46,-69,50,-73,49,-71,48,-73,54,-78,53,-72,63,-86,51,-81,63,-83,0,0]"
CSI_DATA,312,1a:00:00:00:00:00,-47,11,1,0,1,1,1,0,0,0,1,-96,0,11,2,4374420,0,44,0,384,0,"[0,0,0,0,0,0,0,0,0,0,0,0,6,-13,5,-12,3,-11,4,-12,4,-10,4,-10,3,-9,3,-9,3,-9,2,-7,2,-8,1,-7,1,-7,0,-6,0,-6,0,-6,-1,-5,-1,-4,-2,-4,-2,-4,-2,-4,-3,-3,-3,-3,-4,-3,-4,-3,-4,-3,0,0,-5,-3,-6,-2,-7,-2,-6,-2,-6,-2,-7,-2,-7,-3,-7,-3,-7,-3,-7,-4,-7,-4,-6,-4,-6,-4,-6,-5,-5,-5,-5,-5,-5,-5,-5,-5,-4,-6,-3,-6,-3,-5,-3,-5,-2,-5,-2,-5,-1,-5,-1,-4,0,0,0,0,0,0,0,0,0,0,0,0,0,0,32,-29,29,-29,27,-30,29,-28,26,-27,25,-24,21,-24,20,-22,19,-22,18,-19,18,-20,15,-19,17,-20,12,-17,12,-15,9,-15,10,-17,6,-14,4,-14,5,-14,2,-14,2,-9,1,-12,-1,-10,-1,-9,-5,-11,-4,-12,-6,-10,-6,-10,-8,-10,-10,-8,-11,-10,-12,-9,-12,-11,-13,-11,-14,-13,-14,-13,-16,-10,-14,-14,-15,-16,-14,-15,-14,-17,-11,-15,-13,-16,-11,-17,-8,-17,-9,-18,-8,-16,-6,-16,-4,-16,-5,-15,-2,-15,-2,-15,0,-14,0,-14,2,-13,3,-11,0,0,0,0,0,0,0,0,0,0,0,0,0,0,0,0,0,0,0,0,0,0,2,24,-2,24,-2,24,-3,22,-5,23,-4,23,-6,19,-3,20,-6,23,-4,20,-3,22,-3,22,-3,22,-2,23,-2,23,-3,23,1,22,1,22,1,21,1,21,3,21,4,23,5,24,5,23,7,24,8,26,6,24,9,28,8,26,9,28,9,25,11,29,12,25,11,27,12,29,12,28,14,26,17,25,18,25,20,25,20,24,22,25,22,24,26,23,25,23,25,23,27,24,30,22,32,22,33,24,33,21,39,27,37,29,35,24,38,28,37,28,36,29,0,0]"
CSI_DATA,313,1a:00:00:00:00:00,-47,11,1,0,1,1,1,0,0,0,1,-96,0,11,2,4384459,0,44,0,384,0,"[0,0,0,0,0,0,0,0,0,0,0,0,13,4,12,3,12,3,12,3,10,3,9,3,9,1,8,1,8,1,7,1,7,1,6,0,6,0,5,0,5,0,4,-1,4,-2,3,-2,3,-2,3,-2,2,-3,2,-3,1,-4,1,-4,1,-4,0,-5,0,0,0,-5,0,-6,0,-6,0,-7,0,-6,1,-6,1,-7,1,-7,1,-8,1,-8,2,-8,3,-7,3,-7,3,-6,3,-6,3,-6,4,-6,3,-5,4,-5,4,-4,4,-4,4,-3,4,-3,4,-2,4,-1,4,-1,0,0,0,0,0,0,0,0,0,0,0,0,0,0,43,9,43,9,42,6,36,7,35,4,31,5,33,7,32,6,29,5,27,5,24,2,23,2,23,0,21,2,18,-1,17,-2,17,-4,14,-3,14,-3,11,-6,10,-8,8,-5,9,-6,6,-7,6,-7,6,-9,4,-10,3,-10,2,-11,-1,-11,0,-11,-1,-15,-1,-14,-2,-17,-2,-18,-1,-16,0,-18,-2,-20,0,-21,-1,-19,0,-21,2,-22,3,-21,4,-20,4,-19,6,-19,8,-16,6,-18,6,-17,6,-13,8,-14,7,-14,10,-12,11,-10,10,-9,10,-9,11,-4,0,0,0,0,0,0,0,0,0,0,0,0,0,0,0,0,0,0,0,0,0,0,-22,12,-22,8,-22,10,-23,9,-22,8,-23,6,-22,8,-21,7,-22,5,-22,6,-22,6,-19,7,-21,8,-21,7,-22,8,-21,7,-20,12,-20,11,-19,13,-19,12,-20,12,-20,16,-20,16,-20,18,-20,20,-18,19,-19,20,-19,22,-21,21,-21,23,-17,23,-21,25,-18,24,-16,28,-18,25,-16,26,-15,28,-15,27,-13,27,-13,30,-13,30,-9,33,-9,33,-9,36,-6,34,-2,36,-4,37,-3,39,-2,38,-2,45,-4,42,-1,43,-2,44,-2,46,-4,50,-3,48,-3,49,0,0]"
CSI_DATA,314,1a:00:00:00:00:00,-48,11,1,0,1,1,1,0,0,0,1,-96,0,11,2,4394559,0,44,0,384,0,"[0,0,0,0,0,0,0,0,0,0,0,0,-14,7,-13,7,-12,7,-11,6,-11,6,-10,5,-9,6,-8,5,-8,5,-7,4,-7,4,-6,5,-5,4,-4,4,-4,3,-3,4,-3,4,-2,4,-1,3,-1,3,-1,3,0,3,0,3,1,3,2,3,2,3,0,0,3,3,3,3,4,3,4,4,4,4,5,5,5,4,4,5,4,5,4,6,3,6,3,6,3,6,3,6,2,7,2,6,1,6,1,6,1,6,1,6,0,6,0,5,-1,5,-2,4,-2,4,-3,4,0,0,0,0,0,0,0,0,0,0,0,0,0,0,-83,30,-83,27,-75,31,-76,28,-75,30,-68,27,-59,23,-59,21,-56,21,-49,22,-47,25,-43,21,-47,19,-38,21,-32,21,-32,22,-29,19,-24,19,-18,17,-17,19,-17,22,-12,19,-10,15,-6,18,-4,16,-2,17,3,17,4,16,2,19,11,23,14,18,15,23,15,27,18,23,23,27,17,23,17,25,17,25,15,33,17,34,17,35,17,37,14,39,13,35,7,36,6,42,4,36,4,33,0,35,2,31,-2,32,-1,27,-5,28,-9,24,-8,24,-12,21,-12,16,0,0,0,0,0,0,0,0,0,0,0,0,0,0,0,0,0,0,0,0,0,0,17,-47,18,-43,20,-43,22,-43,27,-41,23,-41,22,-38,24,-39,25,-41,26,-40,25,-38,24,-42,20,-41,21,-40,23,-38,19,-37,18,-43,18,-42,14,-43,13,-42,11,-47,9,-52,11,-48,7,-54,6,-53,3,-59,4,-56,2,-57,5,-58,-6,-63,4,-61,-2,-66,-2,-65,-5,-59,-4,-66,-8,-66,-9,-65,-12,-64,-13,-64,-19,-67,-18,-64,-25,-62,-26,-63,-28,-65,-32,-58,-40,-66,-39,-65,-40,-64,-46,-67,-41,-73,-42,-73,-51,-76,-48,-76,-49,-75,-49,-85,-53,-82,-41,-88,0,0]"
CSI_DATA,315,1a:00:00:00:00:00,-48,11,1,0,1,1,1,0,0,0,1,-96,0,11,2,4405176,0,44,0,384,0,"[0,0,0,0,0,0,0,0,0,0,0,0,3,13,4,12,4,12,4,12,3,11,2,10,3,9,3,8,2,8,3,7,2,6,3,6,3,5,3,5,3,4,3,3,3,2,2,2,3,2,3,1,3,1,3,0,3,-1,4,-1,3,-2,3,-2,0,0,3,-3,4,-3,5,-4,4,-4,5,-3,5,-4,5,-4,6,-4,6,-4,6,-3,7,-3,6,-2,6,-2,7,-2,6,-1,6,-1,6,-1,6,0,5,0,5,0,4,1,5,1,4,1,4,2,3,2,2,3,0,0,0,0,0,0,0,0,0,0,0,0,0,0,20,90,19,90,27,88,18,75,15,73,14,68,14,63,21,62,13,56,9,54,15,49,14,46,14,44,13,39,12,36,15,32,22,28,15,30,16,23,15,19,16,15,15,16,17,12,17,8,17,1,20,-3,17,-1,20,-3,19,-7,22,-4,18,-10,21,-14,22,-17,25,-19,23,-19,32,-17,32,-18,30,-18,34,-14,30,-17,33,-11,35,-13,37,-17,41,-11,32,-6,34,-7,37,-2,33,-6,32,4,32,-2,32,0,27,5,28,5,23,9,27,11,20,15,18,16,0,0,0,0,0,0,0,0,0,0,0,0,0,0,0,0,0,0,0,0,0,0,-44,-25,-43,-30,-37,-28,-39,-29,-37,-29,-29,-37,-35,-33,-30,-31,-34,-33,-34,-34,-30,-32,-34,-30,-37,-30,-38,-30,-37,-27,-33,-29,-42,-25,-41,-28,-42,-21,-41,-24,-41,-23,-49,-23,-45,-15,-54,-21,-52,-21,-54,-12,-56,-15,-58,-14,-58,-18,-64,-9,-55,-12,-70,-15,-68,-7,-64,-8,-64,-9,-64,0,-63,-5,-67,3,-68,1,-68,8,-70,8,-67,17,-73,14,-70,14,-68,20,-68,32,-71,27,-73,31,-75,29,-82,36,-82,31,-86,38,-92,32,-79,32,-94,40,-89,40,-92,32,0,0]"
CSI_DATA,316,1a:00:00:00:00:00,-48,11,1,0,1,1,1,0,0,0,1,-96,0,11,2,4414452,0,44,0,384,0,"[0,0,0,0,0,0,0,0,0,0,0,0,-10,11,-8,10,-8,10,-7,9,-7,9,-7,8,-6,8,-5,7,-5,7,-5,6,-5,6,-4,6,-3,5,-2,4,-2,4,-2,4,-1,4,-1,3,0,3,0,2,1,2,1,2,1,2,2,2,2,1,2,1,0,0,4,1,4,1,5,1,5,1,5,1,5,1,5,2,6,2,5,2,6,3,5,3,5,3,4,4,4,3,4,4,4,4,4,4,3,4,2,4,3,4,2,5,2,4,1,4,1,4,0,4,-1,3,0,0,0,0,0,0,0,0,0,0,0,0,0,0,-51,76,-43,69,-40,72,-44,70,-38,67,-39,64,-33,56,-30,56,-29,49,-28,49,-22,50,-15,45,-23,43,-16,35,-13,34,-15,36,-11,34,-7,30,-5,25,-1,28,-1,28,1,24,2,19,5,15,7,16,9,13,14,11,12,7,14,2,17,5,27,7,25,2,24,4,28,2,28,3,31,0,31,4,32,4,37,9,34,10,36,9,35,12,36,13,34,15,33,15,37,20,29,21,27,15,29,20,26,22,22,24,20,23,16,24,15,23,11,23,5,24,4,24,0,0,0,0,0,0,0,0,0,0,0,0,0,0,0,0,0,0,0,0,0,0,-7,-48,-7,-51,-8,-49,-4,-50,2,-48,3,-49,1,-47,8,-48,3,-51,3,-49,1,-47,0,-45,-7,-44,-1,-43,1,-44,-3,-46,-11,-48,-9,-42,-9,-46,-18,-42,-15,-47,-19,-50,-16,-51,-25,-50,-24,-49,-29,-48,-29,-50,-28,-52,-30,-53,-35,-57,-32,-52,-39,-57,-38,-53,-41,-48,-45,-51,-44,-53,-47,-46,-52,-48,-50,-44,-59,-42,-55,-43,-58,-43,-57,-41,-64,-39,-67,-37,-67,-32,-72,-31,-79,-31,-76,-32,-81,-33,-81,-31,-90,-30,-89,-37,-89,-34,-94,-36,-93,-41,-92,-42,0,0]"
CSI_DATA,317,1a:00:00:00:00:00,-48,11,1,0,1,1,1,0,0,0,1,-96,0,11,2,4454508,0,44,0,384,0,"[0,0,0,0,0,0,0,0,0,0,0,0,11,-8,11,-8,9,-8,10,-7,8,-7,8,-6,8,-7,6,-6,6,-6,5,-5,5,-5,4,-5,3,-5,3,-5,3,-4,2,-4,1,-4,1,-4,0,-4,0,-3,0,-3,-1,-3,-2,-3,-2,-2,-2,-3,-3,-3,0,0,-4,-2,-5,-2,-5,-3,-6,-3,-6,-3,-6,-3,-6,-3,-6,-4,-7,-4,-6,-4,-6,-5,-5,-5,-5,-5,-5,-5,-5,-5,-5,-6,-4,-5,-4,-5,-4,-5,-3,-5,-3,-5,-2,-5,-2,-5,-1,-5,-1,-5,0,-4,0,0,0,0,0,0,0,0,0,0,0,0,0,0,85,-42,82,-38,75,-40,65,-38,73,-37,68,-30,58,-29,56,-30,52,-28,53,-27,44,-31,38,-28,40,-26,34,-23,28,-25,25,-29,29,-24,22,-19,18,-18,14,-22,14,-28,9,-19,5,-18,4,-14,-1,-15,-2,-16,-5,-12,-6,-14,-13,-14,-14,-10,-20,-14,-20,-17,-19,-11,-22,-12,-29,-16,-31,-14,-33,-17,-29,-17,-32,-19,-32,-24,-30,-25,-30,-25,-28,-27,-25,-25,-24,-29,-24,-30,-22,-32,-21,-31,-15,-32,-17,-28,-18,-32,-13,-28,-8,-24,-5,-27,-2,-26,-1,-29,2,-24,0,0,0,0,0,0,0,0,0,0,0,0,0,0,0,0,0,0,0,0,0,0,-32,43,-32,39,-34,36,-37,34,-37,37,-34,35,-41,31,-37,29,-36,32,-38,29,-38,31,-33,34,-32,41,-34,30,-31,34,-33,36,-27,37,-28,40,-25,37,-22,37,-17,41,-20,48,-16,50,-18,51,-15,52,-9,57,-13,54,-12,58,-14,57,-10,62,-6,59,-5,66,-1,66,-3,62,2,71,7,67,3,65,7,67,7,64,13,69,15,67,26,70,23,66,29,74,33,60,45,66,41,63,42,65,44,74,50,73,44,78,53,77,55,81,52,76,54,89,49,79,51,83,0,0]"
CSI_DATA,318,1a:00:00:00:00:00,-48,11,1,0,1,1,1,0,0,0,1,-96,0,11,2,4474415,0,44,0,384,0,"[0,0,0,0,0,0,0,0,0,0,0,0,11,-9,9,-9,8,-8,9,-8,7,-7,8,-7,6,-7,6,-7,6,-6,5,-6,5,-6,4,-6,3,-5,2,-4,2,-4,2,-5,1,-4,1,-4,0,-3,0,-3,-1,-3,-1,-3,-2,-3,-2,-2,-3,-2,-3,-2,0,0,-4,-2,-5,-2,-5,-2,-5,-2,-6,-2,-6,-3,-6,-3,-6,-3,-6,-4,-6,-4,-6,-4,-6,-4,-6,-4,-5,-5,-5,-5,-5,-5,-4,-5,-4,-5,-3,-5,-3,-5,-3,-5,-3,-5,-2,-5,-2,-5,-1,-5,0,-5,0,0,0,0,0,0,0,0,0,0,0,0,0,0,80,-33,76,-34,77,-36,72,-35,75,-34,69,-29,58,-30,61,-30,52,-27,48,-27,47,-27,41,-23,41,-25,35,-23,34,-23,28,-23,27,-18,16,-22,16,-19,15,-19,14,-24,10,-15,7,-17,6,-15,3,-15,-3,-18,-5,-11,-8,-12,-8,-13,-15,-17,-18,-16,-20,-15,-21,-10,-28,-13,-23,-14,-27,-20,-30,-18,-29,-16,-28,-19,-30,-23,-27,-25,-29,-29,-26,-25,-28,-27,-24,-30,-23,-31,-18,-27,-18,-28,-18,-26,-17,-28,-11,-29,-12,-30,-11,-28,-2,-25,-1,-27,1,-27,3,-22,0,0,0,0,0,0,0,0,0,0,0,0,0,0,0,0,0,0,0,0,0,0,-31,40,-36,36,-37,36,-44,38,-41,30,-41,29,-36,28,-39,31,-41,35,-36,28,-35,32,-33,32,-36,35,-33,33,-31,30,-31,33,-25,39,-29,35,-22,37,-22,40,-22,38,-20,44,-17,44,-16,48,-15,51,-16,52,-14,53,-13,61,-10,52,-7,61,-6,57,-5,64,-3,65,-4,63,-1,65,1,67,3,66,4,68,12,67,15,68,12,69,22,68,26,66,29,67,34,66,31,71,33,75,39,68,43,66,43,75,44,76,55,79,46,84,50,79,51,81,51,83,45,84,0,0]"
CSI_DATA,319,1a:00:00:00:00:00,-48,11,1,0,1,1,1,0,0,0,1,-96,0,11,2,4484636,0,44,0,384,0,"[0,0,0,0,0,0,0,0,0,0,0,0,-11,-9,-11,-8,-10,-8,-10,-8,-9,-7,-8,-7,-8,-6,-7,-5,-7,-5,-7,-4,-6,-4,-6,-3,-6,-3,-5,-2,-5,-2,-5,-1,-4,-1,-4,-1,-4,0,-3,0,-3,0,-3,1,-2,1,-2,2,-2,2,-1,3,0,0,-1,3,-2,4,-1,5,-1,5,-2,5,-2,5,-2,6,-1,6,-1,6,-2,6,-3,6,-3,6,-3,5,-4,5,-4,5,-4,5,-4,4,-4,4,-4,4,-4,3,-4,3,-5,3,-5,2,-5,1,-5,1,-4,0,0,0,0,0,0,0,0,0,0,0,0,0,0,0,-68,-66,-61,-64,-67,-61,-58,-52,-57,-55,-47,-49,-48,-50,-51,-44,-45,-43,-39,-39,-42,-35,-38,-32,-35,-27,-36,-27,-32,-22,-31,-18,-33,-20,-30,-13,-23,-7,-26,-8,-24,-4,-17,-4,-17,-1,-17,1,-11,4,-17,5,-10,5,-11,16,-9,16,-4,15,-5,17,-6,22,-6,24,-9,25,-7,29,-10,34,-5,32,-4,32,-10,36,-13,40,-12,35,-12,34,-24,34,-21,36,-18,34,-23,32,-20,28,-22,29,-18,24,-24,24,-24,20,-23,19,-26,17,-23,15,-28,10,-25,5,-20,1,0,0,0,0,0,0,0,0,0,0,0,0,0,0,0,0,0,0,0,0,0,0,54,10,50,18,53,15,50,21,48,20,43,21,43,21,40,22,44,23,43,21,44,23,44,16,47,14,46,14,41,13,39,9,47,11,46,9,43,8,49,6,47,3,52,-1,49,-4,52,-4,54,-8,56,-14,58,-13,58,-11,56,-12,60,-18,55,-17,63,-22,64,-21,63,-24,63,-26,60,-27,59,-31,59,-37,58,-34,60,-43,58,-44,56,-48,59,-47,54,-53,52,-51,53,-62,53,-63,48,-63,54,-68,51,-73,49,-76,50,-72,60,-75,48,-73,65,-85,60,-85,65,-74,0,0]"
CSI_DATA,320,1a:00:00:00:00:00,-48,11,1,0,1,1,1,0,0,0,1,-96,0,11,2,4494419,0,44,0,384,0,"[0,0,0,0,0,0,0,0,0,0,0,0,10,8,10,7,10,7,9,7,8,6,7,5,7,5,7,4,6,4,6,4,5,3,5,2,5,2,5,1,4,1,4,0,3,0,3,0,3,-1,2,-1,2,-1,2,-2,1,-2,1,-3,1,-3,0,-4,0,0,-1,-5,0,-5,-1,-5,-1,-6,0,-6,0,-7,0,-7,0,-7,0,-7,0,-7,1,-7,1,-7,1,-7,2,-7,2,-6,2,-6,2,-6,2,-6,2,-5,2,-4,3,-5,3,-4,3,-4,3,-3,3,-2,3,-2,0,0,0,0,0,0,0,0,0,0,0,0,0,0,67,57,67,56,63,49,59,46,53,47,47,43,53,36,49,39,49,35,39,30,44,27,38,25,35,24,31,25,25,19,29,12,28,14,30,10,22,9,23,4,19,2,15,3,19,-6,16,-7,15,-4,14,-8,3,-9,6,-11,6,-14,1,-18,1,-19,3,-23,3,-26,0,-30,3,-28,1,-32,-1,-39,2,-35,6,-37,5,-36,7,-35,6,-36,11,-34,12,-36,12,-33,15,-31,13,-31,15,-31,15,-24,18,-23,18,-22,15,-23,22,-22,24,-19,24,-12,16,-9,20,-6,0,0,0,0,0,0,0,0,0,0,0,0,0,0,0,0,0,0,0,0,0,0,-51,-12,-45,-20,-48,-18,-48,-23,-44,-24,-39,-23,-41,-22,-41,-21,-42,-21,-42,-19,-41,-26,-41,-17,-45,-19,-42,-20,-40,-19,-39,-17,-44,-12,-42,-11,-45,-9,-44,-4,-44,-2,-50,-1,-47,2,-49,4,-51,4,-53,10,-52,8,-56,16,-57,16,-55,17,-53,19,-57,21,-60,25,-56,28,-62,29,-57,27,-56,31,-58,32,-56,32,-55,38,-52,37,-50,47,-49,47,-49,55,-43,53,-46,58,-49,57,-45,63,-43,66,-43,70,-50,75,-45,75,-54,77,-51,78,-51,82,-53,80,-56,82,0,0]"
CSI_DATA,321,1a:00:00:00:00:00,-48,11,1,0,1,1,1,0,0,0,1,-96,0,11,2,4504433,0,44,0,384,0,"[0,0,0,0,0,0,0,0,0,0,0,0,-2,13,-2,12,-1,12,-1,11,-1,10,-2,9,-1,9,-1,8,-1,7,0,7,-1,6,0,6,1,6,1,4,1,4,1,4,1,3,1,3,2,2,2,1,2,1,2,1,2,0,3,-1,3,-1,2,-1,0,0,3,-2,4,-3,4,-3,4,-3,4,-3,5,-3,5,-3,5,-3,6,-3,6,-2,6,-2,6,-2,6,-1,6,-1,6,0,6,0,6,0,5,0,5,1,5,0,5,1,4,1,4,1,3,2,3,2,2,2,0,0,0,0,0,0,0,0,0,0,0,0,0,0,-9,43,-9,41,-5,39,-10,37,-8,36,-8,34,-7,32,-5,29,-6,30,-7,25,-4,26,-6,22,-4,24,-2,20,-4,19,0,17,3,15,1,14,1,10,3,12,2,11,4,9,5,5,4,3,5,3,6,3,7,0,8,-1,7,-3,7,-4,9,-3,11,-5,12,-6,14,-6,11,-8,14,-5,15,-8,17,-6,16,-6,15,-5,19,-6,17,-4,17,-3,19,-4,17,-1,20,0,17,1,16,2,16,2,15,4,16,3,13,3,11,5,12,6,11,5,8,8,8,8,0,0,0,0,0,0,0,0,0,0,0,0,0,0,0,0,0,0,0,0,0,0,-12,-28,-7,-25,-6,-26,-5,-27,-4,-28,-2,-25,-3,-25,0,-25,-2,-28,-3,-25,-3,-25,-4,-24,-6,-23,-6,-23,-5,-24,-6,-23,-9,-23,-6,-18,-9,-20,-6,-20,-12,-19,-14,-22,-16,-21,-16,-20,-19,-20,-20,-20,-18,-21,-17,-21,-22,-21,-25,-19,-24,-20,-25,-20,-25,-20,-27,-19,-28,-19,-31,-20,-30,-18,-31,-15,-30,-13,-33,-13,-33,-12,-36,-12,-35,-10,-38,-10,-34,-8,-40,-4,-38,-9,-39,-4,-41,-4,-47,-5,-44,-1,-46,-3,-47,-4,-50,-5,-49,-5,-49,-4,-50,-5,0,0]"
CSI_DATA,322,1a:00:00:00:00:00,-48,11,1,0,1,1,1,0,0,0,1,-96,0,11,2,4514402,0,44,0,384,0,"[0,0,0,0,0,0,0,0,0,0,0,0,-5,13,-4,12,-3,12,-3,11,-3,10,-4,9,-3,9,-2,8,-3,7,-2,6,-2,6,-1,6,-1,5,0,5,0,4,0,4,1,3,0,3,1,2,1,2,1,1,2,0,2,0,3,0,3,0,3,-1,0,0,3,-1,4,-2,5,-2,4,-2,5,-2,6,-2,6,-2,6,-2,6,-1,6,-1,6,-1,7,0,6,0,6,0,6,1,6,1,6,1,5,1,5,1,4,2,4,2,4,2,3,2,3,3,2,3,2,3,0,0,0,0,0,0,0,0,0,0,0,0,0,0,-22,38,-22,35,-19,36,-19,33,-18,32,-19,30,-17,28,-16,26,-14,25,-13,22,-11,22,-9,21,-10,22,-7,19,-6,18,-6,16,-3,15,-2,13,-3,13,-1,12,0,11,2,7,4,7,4,5,4,5,5,6,3,2,5,-1,6,2,8,-1,9,-1,11,-2,12,-2,12,-4,12,-6,15,-3,17,-4,18,-3,17,-2,18,0,17,-2,20,-1,18,0,19,2,19,1,18,3,17,4,16,2,16,6,13,5,14,6,12,6,11,6,10,7,9,7,8,8,6,9,0,0,0,0,0,0,0,0,0,0,0,0,0,0,0,0,0,0,0,0,0,0,5,-27,5,-27,6,-26,9,-26,9,-26,11,-25,9,-24,9,-24,10,-24,9,-24,9,-22,7,-23,8,-25,6,-23,6,-22,6,-21,3,-23,1,-22,-1,-23,-2,-25,-2,-21,-1,-25,-4,-24,-6,-26,-8,-26,-9,-26,-10,-27,-12,-26,-12,-27,-14,-27,-15,-27,-15,-30,-17,-27,-17,-27,-19,-26,-22,-29,-19,-25,-23,-26,-23,-25,-25,-25,-27,-25,-27,-21,-29,-23,-31,-20,-33,-21,-32,-17,-33,-20,-36,-16,-38,-20,-40,-20,-40,-17,-43,-19,-46,-21,-41,-20,-44,-18,-45,-20,-43,-17,0,0]"
CSI_DATA,323,1a:00:00:00:00:00,-48,11,1,0,1,1,1,0,0,0,1,-96,0,11,2,4564400,0,44,0,384,0,"[0,0,0,0,0,0,0,0,0,0,0,0,7,-12,6,-11,5,-11,6,-10,5,-10,5,-9,4,-9,4,-8,4,-8,3,-7,3,-7,2,-6,1,-6,1,-6,0,-5,0,-5,0,-4,0,-4,-1,-3,-1,-3,-2,-2,-2,-2,-2,-2,-3,-1,-3,-1,-4,-1,0,0,-5,0,-5,0,-6,0,-6,0,-6,0,-7,0,-7,0,-7,0,-7,-1,-7,-1,-7,-1,-6,-2,-7,-2,-7,-2,-6,-3,-6,-3,-6,-3,-5,-3,-5,-4,-5,-4,-4,-4,-4,-4,-4,-4,-3,-4,-2,-4,-2,-4,0,0,0,0,0,0,0,0,0,0,0,0,0,0,53,-61,54,-60,46,-60,53,-55,47,-61,41,-52,39,-48,36,-46,31,-42,31,-40,29,-40,23,-38,22,-38,15,-35,22,-31,16,-32,10,-27,8,-23,4,-19,6,-23,-1,-21,1,-19,-2,-16,-6,-12,-5,-13,-9,-6,-10,-12,-13,-7,-14,-3,-17,-5,-24,-1,-28,-4,-23,3,-26,-2,-27,-2,-30,1,-31,-2,-35,0,-37,-5,-33,-4,-38,-6,-37,-8,-38,-10,-36,-10,-32,-9,-31,-14,-29,-17,-29,-17,-26,-14,-25,-19,-25,-19,-26,-18,-20,-17,-16,-20,-12,-20,-9,-25,-8,-22,0,0,0,0,0,0,0,0,0,0,0,0,0,0,0,0,0,0,0,0,0,0,-14,54,-17,51,-25,51,-21,48,-24,49,-26,44,-24,43,-25,44,-25,46,-25,45,-26,41,-20,43,-18,50,-15,44,-18,39,-15,41,-10,44,-14,42,-6,43,-5,43,-2,48,1,49,2,46,6,50,7,47,12,54,11,53,14,57,13,48,15,59,18,55,23,59,25,59,23,56,29,58,27,59,29,56,36,54,37,48,40,54,39,46,47,51,44,53,55,48,54,48,53,44,54,45,65,45,66,46,69,48,74,46,72,42,76,49,72,45,82,50,80,48,74,50,0,0]"
CSI_DATA,324,1a:00:00:00:00:00,-48,11,1,0,1,1,1,0,0,0,1,-96,0,11,2,4574446,0,44,0,384,0,"[0,0,0,0,0,0,0,0,0,0,0,0,12,6,11,5,11,5,10,5,9,5,8,4,9,3,8,3,7,3,6,2,6,1,5,1,5,1,5,1,4,0,3,-1,3,-1,3,-1,2,-1,2,-2,2,-2,1,-2,0,-3,0,-3,0,-4,-1,-4,0,0,-2,-5,-1,-5,-1,-5,-2,-6,-2,-6,-2,-6,-2,-7,-1,-7,-2,-7,-1,-7,-1,-8,0,-7,0,-7,0,-7,0,-7,1,-7,1,-7,1,-6,1,-6,1,-6,2,-5,2,-5,2,-5,3,-4,3,-4,2,-3,0,0,0,0,0,0,0,0,0,0,0,0,0,0,68,54,65,53,68,51,57,46,59,43,49,43,52,41,50,39,44,31,44,32,43,23,37,22,39,22,32,25,29,17,27,12,32,11,27,7,25,7,19,2,18,-2,15,-2,12,-4,12,-7,11,-8,9,-13,5,-12,3,-17,4,-13,-3,-18,-6,-20,-6,-26,-3,-24,-6,-23,-10,-33,-6,-35,-8,-33,-7,-39,-6,-41,-3,-32,0,-35,1,-37,0,-38,3,-38,7,-39,7,-40,4,-34,10,-33,6,-29,9,-29,11,-31,11,-26,14,-26,16,-21,16,-22,19,-17,17,-15,0,0,0,0,0,0,0,0,0,0,0,0,0,0,0,0,0,0,0,0,0,0,-48,-34,-44,-37,-39,-42,-43,-39,-38,-41,-36,-40,-37,-41,-36,-37,-39,-41,-39,-37,-33,-36,-36,-35,-40,-32,-37,-32,-35,-34,-34,-30,-43,-23,-37,-22,-40,-18,-45,-15,-41,-17,-49,-14,-53,-7,-52,-10,-47,-7,-55,-3,-57,-2,-64,2,-60,-1,-61,7,-57,9,-68,12,-63,13,-62,14,-63,19,-69,22,-61,20,-63,27,-63,28,-62,37,-60,34,-57,39,-55,40,-59,52,-51,49,-47,60,-53,56,-47,61,-52,64,-60,66,-55,67,-50,68,-55,71,-55,74,-59,75,-59,77,-59,77,0,0]"
CSI_DATA,325,1a:00:00:00:00:00,-48,11,1,0,1,1,1,0,0,0,1,-96,0,11,2,4584841,0,44,0,384,0,"[0,0,0,0,0,0,0,0,0,0,0,0,-2,13,-2,13,0,12,-1,11,-1,10,-1,9,-1,9,-1,8,-1,8,0,6,-1,6,0,6,1,5,1,4,1,4,1,3,1,3,1,2,1,1,2,1,2,1,2,0,1,0,2,-1,3,-1,3,-2,0,0,3,-3,4,-3,4,-4,4,-4,4,-4,5,-4,5,-4,5,-4,5,-4,5,-3,6,-3,6,-3,6,-2,6,-2,5,-1,6,-1,5,-2,5,-1,5,-1,4,0,5,0,4,0,4,1,4,1,3,2,3,2,0,0,0,0,0,0,0,0,0,0,0,0,0,0,-9,41,-7,39,-8,41,-7,37,-7,38,-8,34,-6,32,-6,32,-4,28,-4,27,-3,25,-2,22,-1,22,0,18,-3,21,-1,17,0,15,3,11,3,10,2,10,3,9,4,7,3,5,6,3,6,2,4,-1,6,-2,7,-3,8,-2,7,-3,7,-5,10,-8,8,-8,11,-11,10,-11,12,-9,14,-11,14,-11,15,-10,14,-8,15,-9,17,-9,17,-9,17,-9,16,-7,17,-5,18,-6,16,-5,17,-1,18,-2,15,0,14,0,12,0,13,3,12,3,10,5,10,6,0,0,0,0,0,0,0,0,0,0,0,0,0,0,0,0,0,0,0,0,0,0,1,-30,5,-29,4,-28,5,-28,6,-26,8,-26,7,-25,7,-25,5,-27,5,-25,7,-23,6,-24,2,-24,6,-24,3,-24,0,-24,-1,-24,-2,-23,-4,-22,-4,-27,-7,-23,-9,-27,-10,-24,-10,-25,-9,-26,-15,-24,-14,-25,-15,-25,-16,-25,-20,-27,-19,-24,-23,-24,-21,-27,-23,-23,-25,-25,-26,-22,-27,-22,-25,-22,-27,-18,-30,-18,-29,-17,-32,-15,-34,-16,-33,-14,-36,-11,-38,-12,-38,-10,-38,-8,-41,-6,-41,-6,-42,-6,-44,-6,-48,-9,-46,-4,-49,-5,-48,-5,-46,-8,0,0]"
CSI_DATA,326,1a:00:00:00:00:00,-48,11,1,0,1,1,1,0,0,0,1,-96,0,11,2,4594412,0,44,0,384,0,"[0,0,0,0,0,0,0,0,0,0,0,0,3,13,3,12,3,11,3,11,3,10,2,8,2,8,2,7,2,7,3,6,2,6,2,5,3,4,2,3,2,3,2,3,2,2,2,1,2,1,2,0,2,-1,2,-1,2,-2,2,-2,2,-2,2,-3,0,0,2,-4,2,-4,2,-4,2,-5,3,-5,3,-6,3,-6,3,-6,4,-6,4,-6,4,-5,5,-5,5,-5,5,-4,5,-4,5,-3,5,-4,4,-3,4,-3,4,-2,4,-2,5,-2,4,-1,4,-1,4,0,3,0,0,0,0,0,0,0,0,0,0,0,0,0,0,0,13,87,8,85,16,80,10,70,11,74,9,69,14,62,8,60,14,53,6,48,11,48,15,44,13,42,11,39,10,32,13,31,10,28,16,27,9,17,7,22,17,14,13,13,13,7,12,5,11,1,13,-1,11,1,11,-7,13,-11,14,-12,11,-16,14,-18,15,-24,18,-21,13,-26,17,-26,20,-26,22,-26,25,-28,25,-29,27,-26,29,-20,30,-25,35,-19,30,-20,37,-18,28,-16,32,-14,31,-10,29,-12,26,-8,27,-7,27,-6,28,0,24,-2,24,2,22,7,0,0,0,0,0,0,0,0,0,0,0,0,0,0,0,0,0,0,0,0,0,0,-21,-54,-17,-52,-13,-55,-14,-55,-12,-55,-10,-57,-10,-51,-6,-49,-9,-54,-11,-51,-9,-47,-12,-49,-15,-45,-15,-50,-13,-44,-18,-44,-22,-42,-23,-42,-30,-38,-26,-41,-33,-37,-33,-44,-34,-39,-37,-32,-41,-38,-42,-35,-45,-35,-46,-32,-50,-31,-56,-34,-58,-35,-55,-32,-61,-30,-58,-26,-63,-27,-61,-26,-63,-20,-67,-18,-62,-15,-69,-8,-71,-11,-70,-2,-67,-5,-74,0,-71,3,-76,5,-81,5,-75,11,-83,13,-83,15,-85,17,-87,17,-92,19,-87,21,-95,23,-92,24,-92,20,0,0]"
CSI_DATA,327,1a:00:00:00:00:00,-48,11,1,0,1,1,1,0,0,0,1,-96,0,11,2,4604420,0,44,0,384,0,"[0,0,0,0,0,0,0,0,0,0,0,0,-9,11,-7,10,-6,10,-7,10,-6,9,-6,8,-5,8,-5,7,-4,7,-4,6,-4,6,-3,5,-2,4,-2,4,-2,4,-1,4,-1,3,0,2,1,2,1,1,1,1,1,1,1,1,3,0,2,0,3,0,0,0,4,0,4,-1,5,-1,5,-1,5,-1,6,-1,6,-1,6,0,6,0,6,1,7,1,6,1,6,2,5,2,5,2,5,2,5,2,5,2,4,3,4,2,3,3,3,3,3,3,2,3,1,4,1,3,0,0,0,0,0,0,0,0,0,0,0,0,0,0,-38,79,-36,74,-36,77,-36,72,-28,63,-32,61,-28,59,-23,57,-24,51,-20,48,-22,46,-15,43,-14,42,-12,40,-10,38,-7,29,-4,29,1,26,-3,20,1,25,2,19,2,18,5,13,9,10,5,10,12,2,14,3,13,3,14,-2,15,-3,22,-4,21,-10,20,-10,25,-12,25,-11,30,-12,30,-12,31,-14,34,-14,35,-8,35,-7,34,-6,39,-5,39,-3,37,-3,36,-1,36,2,32,3,31,5,29,2,29,10,29,8,23,7,25,8,23,12,18,15,16,17,0,0,0,0,0,0,0,0,0,0,0,0,0,0,0,0,0,0,0,0,0,0,14,-57,15,-56,17,-55,23,-53,24,-52,23,-53,24,-45,21,-47,24,-48,25,-47,22,-45,18,-44,15,-48,13,-47,15,-43,11,-47,6,-51,3,-46,4,-49,0,-48,-3,-46,-2,-54,-5,-50,-7,-55,-14,-55,-15,-58,-17,-54,-21,-56,-20,-56,-26,-62,-26,-52,-32,-61,-30,-60,-36,-57,-32,-56,-38,-52,-43,-58,-46,-50,-40,-53,-48,-49,-49,-48,-57,-38,-57,-43,-59,-40,-61,-37,-66,-30,-68,-37,-68,-35,-73,-34,-80,-34,-76,-32,-80,-32,-90,-34,-87,-32,-90,-36,-88,-32,-86,-35,0,0]"
CSI_DATA,328,1a:00:00:00:00:00,-48,11,1,0,1,1,1,0,0,0,1,-96,0,11,2,4614480,0,44,0,384,0,"[0,0,0,0,0,0,0,0,0,0,0,0,-10,-10,-10,-9,-10,-9,-9,-9,-9,-8,-7,-7,-8,-6,-7,-6,-7,-5,-6,-5,-5,-5,-5,-4,-5,-4,-5,-3,-4,-2,-5,-2,-4,-1,-3,-1,-4,0,-3,0,-3,1,-2,1,-2,1,-2,2,-2,3,-1,3,0,0,-1,4,-1,4,-1,5,-1,5,-1,5,-1,6,-1,6,-2,6,-2,6,-2,6,-3,6,-3,5,-3,5,-3,5,-3,5,-3,4,-4,5,-4,4,-4,4,-4,4,-4,3,-4,3,-4,2,-5,1,-4,1,-4,0,0,0,0,0,0,0,0,0,0,0,0,0,0,0,-71,-63,-67,-54,-65,-52,-62,-49,-57,-46,-48,-46,-52,-41,-52,-41,-51,-34,-38,-31,-39,-24,-36,-25,-37,-25,-41,-26,-30,-22,-30,-17,-30,-8,-30,-13,-23,-8,-22,-2,-21,0,-18,2,-18,3,-14,5,-9,5,-7,10,-7,8,-9,12,-5,13,1,17,-2,20,0,26,-1,24,1,26,6,24,1,32,1,34,2,33,1,37,-2,36,-1,35,-5,41,-9,36,-8,39,-10,35,-12,37,-12,28,-15,31,-9,32,-13,26,-14,19,-16,25,-22,21,-20,19,-19,18,-17,11,-20,8,0,0,0,0,0,0,0,0,0,0,0,0,0,0,0,0,0,0,0,0,0,0,56,22,47,23,46,26,46,28,47,28,41,31,41,26,44,29,40,29,43,28,41,29,39,25,41,22,43,27,38,23,41,16,44,15,36,12,43,9,45,14,51,9,53,5,49,5,51,2,54,0,54,-5,51,-5,57,-10,59,-6,58,-14,57,-13,55,-16,64,-25,57,-24,67,-23,60,-26,59,-28,62,-29,59,-32,56,-38,54,-38,57,-48,56,-45,51,-50,47,-51,53,-60,47,-60,45,-58,45,-63,49,-72,48,-69,48,-67,55,-73,51,-75,53,-81,51,-79,51,-85,0,0]"
CSI_DATA,329,1a:00:00:00:00:00,-48,11,1,0,1,1,1,0,0,0,1,-96,0,11,2,4624420,0,44,0,384,0,"[0,0,0,0,0,0,0,0,0,0,0,0,-12,-7,-12,-6,-11,-5,-11,-6,-9,-5,-9,-5,-9,-4,-9,-4,-8,-3,-7,-3,-7,-3,-6,-2,-6,-2,-5,-2,-5,-2,-5,0,-4,0,-3,0,-3,1,-3,1,-2,1,-2,1,-1,1,-1,2,-1,2,0,3,0,0,1,4,0,4,1,4,1,5,0,5,1,5,0,6,1,6,0,6,0,6,0,6,-1,6,-1,6,-1,6,-2,6,-2,6,-2,5,-2,5,-2,5,-2,5,-3,4,-3,4,-3,3,-4,3,-4,2,-4,2,0,0,0,0,0,0,0,0,0,0,0,0,0,0,-75,-54,-72,-53,-70,-46,-65,-41,-66,-45,-50,-38,-57,-40,-51,-38,-51,-39,-41,-27,-44,-25,-40,-22,-41,-21,-38,-21,-32,-14,-32,-10,-31,-13,-29,-6,-25,-6,-25,1,-22,3,-13,4,-17,4,-11,5,-15,8,-11,6,-7,11,-3,14,-3,15,1,19,4,21,3,24,3,28,3,26,9,29,5,30,6,34,4,40,3,33,2,38,5,35,0,39,-6,41,-2,41,-3,37,-8,35,-7,31,-8,34,-6,30,-12,27,-9,29,-10,27,-18,26,-19,24,-18,17,-15,11,-19,13,0,0,0,0,0,0,0,0,0,0,0,0,0,0,0,0,0,0,0,0,0,0,54,19,52,23,47,29,48,30,48,33,42,26,39,28,45,29,46,33,42,24,42,30,45,22,46,22,46,21,44,25,45,13,47,11,42,13,44,11,45,10,48,5,56,4,51,-2,53,0,57,-4,60,-7,58,-7,58,-10,58,-14,63,-15,56,-18,63,-21,62,-22,55,-24,61,-24,63,-30,56,-30,62,-32,56,-31,60,-41,54,-45,49,-47,50,-47,55,-61,47,-53,42,-58,41,-63,45,-64,43,-66,49,-76,49,-72,36,-78,48,-81,44,-78,52,-89,45,-89,50,-81,0,0]"
CSI_DATA,330,1a:00:00:00:00:00,-48,11,1,0,1,1,1,0,0,0,1,-96,0,11,2,4634398,0,44,0,384,0,"[0,0,0,0,0,0,0,0,0,0,0,0,-10,-11,-10,-9,-10,-9,-9,-9,-8,-8,-7,-8,-7,-7,-7,-7,-7,-6,-6,-5,-5,-5,-5,-4,-5,-4,-5,-3,-5,-3,-4,-2,-4,-1,-3,-1,-4,-1,-3,0,-3,0,-3,1,-2,1,-2,1,-2,2,-1,3,0,0,-1,4,-2,4,-2,5,-1,5,-2,5,-2,5,-2,6,-3,6,-3,6,-3,6,-3,6,-4,5,-4,5,-4,5,-5,5,-5,5,-5,4,-4,4,-4,3,-5,3,-5,2,-5,2,-5,1,-5,1,-5,0,-4,0,0,0,0,0,0,0,0,0,0,0,0,0,0,0,-53,-75,-48,-69,-53,-70,-44,-64,-43,-61,-42,-59,-41,-50,-44,-52,-39,-45,-33,-44,-33,-37,-32,-34,-31,-35,-30,-30,-27,-25,-25,-27,-24,-24,-27,-21,-20,-12,-21,-6,-20,-6,-15,-9,-18,-2,-18,1,-14,4,-12,5,-10,9,-12,12,-10,12,-9,13,-6,19,-4,21,-5,26,-7,25,-2,28,-11,31,-13,34,-10,36,-13,33,-14,31,-14,33,-18,36,-21,34,-20,34,-23,31,-19,25,-26,26,-22,25,-24,22,-25,19,-23,17,-26,16,-23,13,-23,12,-26,11,-24,3,-24,0,0,0,0,0,0,0,0,0,0,0,0,0,0,0,0,0,0,0,0,0,0,0,48,28,47,34,47,34,45,37,42,34,37,39,39,38,34,35,38,38,36,35,34,36,35,31,40,32,38,30,35,30,36,25,43,22,37,21,40,20,45,19,46,12,48,15,49,8,54,11,54,8,53,6,55,10,58,6,56,3,63,-3,56,6,69,-4,63,-6,64,-7,67,-13,64,-12,61,-11,63,-15,62,-20,64,-26,64,-26,67,-34,63,-33,61,-39,61,-39,60,-41,65,-41,61,-48,61,-52,64,-56,64,-62,59,-65,71,-62,64,-65,71,-66,71,-71,70,-60,0,0]"
CSI_DATA,331,1a:00:00:00:00:00,-48,11,1,0,1,1,1,0,0,0,1,-96,0,11,2,4644735,0,44,0,384,0,"[0,0,0,0,0,0,0,0,0,0,0,0,-8,-13,-8,-12,-8,-11,-8,-11,-7,-10,-6,-9,-6,-8,-6,-8,-6,-7,-6,-7,-5,-6,-5,-5,-5,-5,-5,-4,-4,-4,-4,-2,-4,-2,-4,-2,-4,-1,-3,-1,-3,0,-3,1,-3,1,-3,2,-2,2,-2,3,0,0,-2,4,-2,4,-3,5,-2,5,-3,5,-3,6,-3,6,-3,6,-3,6,-4,6,-4,6,-5,5,-5,5,-5,5,-5,4,-5,4,-6,4,-5,4,-5,3,-5,3,-5,2,-6,2,-5,1,-5,1,-5,0,-4,0,0,0,0,0,0,0,0,0,0,0,0,0,0,0,-29,-87,-32,-78,-36,-76,-27,-74,-31,-70,-27,-63,-29,-61,-25,-61,-26,-54,-24,-47,-21,-49,-22,-41,-21,-38,-21,-34,-14,-30,-21,-26,-22,-29,-16,-23,-20,-17,-13,-11,-20,-15,-14,-9,-16,-4,-17,-1,-14,1,-16,9,-11,6,-12,10,-13,11,-11,13,-13,16,-10,22,-10,23,-12,29,-11,28,-16,26,-18,29,-18,35,-14,33,-20,31,-19,27,-26,24,-27,31,-28,27,-27,26,-27,23,-25,22,-29,21,-24,18,-28,16,-28,11,-26,13,-26,12,-26,8,-27,8,-24,3,-22,1,0,0,0,0,0,0,0,0,0,0,0,0,0,0,0,0,0,0,0,0,0,0,36,44,27,45,27,50,25,49,24,51,23,51,22,45,19,44,24,49,21,45,20,44,21,45,28,45,21,39,25,40,23,36,33,36,27,34,32,31,35,33,34,29,44,37,38,27,45,27,46,26,51,21,51,26,57,23,56,23,58,20,56,16,62,15,61,15,62,11,64,13,67,7,62,6,63,2,64,-4,70,-4,69,-4,72,-13,67,-10,69,-19,66,-23,71,-31,70,-30,69,-28,76,-40,75,-36,77,-36,78,-43,80,-40,74,-40,87,-47,84,-50,90,-46,0,0]"
CSI_DATA,332,1a:00:00:00:00:00,-48,11,1,0,1,1,1,0,0,0,1,-96,0,11,2,4665103,0,44,0,384,0,"[0,0,0,0,0,0,0,0,0,0,0,0,11,-10,10,-9,8,-9,8,-9,8,-8,7,-7,6,-7,6,-7,6,-6,5,-6,5,-6,3,-6,3,-5,2,-4,2,-5,1,-5,1,-4,0,-4,0,-3,-1,-3,-1,-3,-2,-3,-2,-2,-3,-2,-3,-2,-3,-2,0,0,-4,-2,-5,-2,-5,-2,-6,-2,-6,-2,-7,-2,-7,-2,-7,-3,-7,-3,-7,-3,-7,-4,-6,-4,-6,-4,-6,-4,-6,-5,-5,-5,-5,-4,-4,-5,-4,-5,-4,-5,-3,-5,-3,-5,-3,-5,-2,-4,-1,-5,-1,-5,0,0,0,0,0,0,0,0,0,0,0,0,0,0,63,-55,75,-51,68,-46,62,-45,63,-48,54,-40,59,-39,52,-38,48,-35,43,-34,32,-41,40,-33,33,-32,32,-28,31,-28,23,-28,21,-22,15,-22,19,-22,9,-19,6,-20,4,-18,3,-13,-4,-14,-7,-15,-6,-10,-11,-10,-10,-8,-11,-11,-20,-10,-19,-11,-24,-9,-24,-9,-26,-8,-27,-5,-30,-10,-31,-9,-36,-5,-34,-10,-35,-18,-35,-18,-35,-20,-29,-17,-32,-18,-30,-22,-29,-24,-25,-26,-28,-22,-24,-26,-23,-25,-20,-25,-19,-22,-17,-21,-13,-23,-10,-26,-10,-24,-4,-22,0,0,0,0,0,0,0,0,0,0,0,0,0,0,0,0,0,0,0,0,0,0,-34,49,-38,46,-38,43,-40,39,-41,38,-43,36,-39,36,-35,33,-40,39,-36,33,-38,32,-37,33,-35,37,-34,34,-35,34,-30,34,-23,42,-26,36,-21,43,-17,45,-17,42,-17,49,-16,51,-15,49,-12,53,-6,54,-10,55,-8,57,-5,62,-1,62,-1,57,-2,62,4,60,10,61,10,69,10,68,12,61,18,64,21,58,26,64,23,65,30,64,33,63,37,64,37,55,46,60,48,59,48,58,52,61,56,62,56,67,65,62,65,67,55,67,63,74,66,71,55,69,0,0]"
CSI_DATA,333,1a:00:00:00:00:00,-48,11,1,0,1,1,1,0,0,0,1,-96,0,11,2,4674389,0,44,0,384,0,"[0,0,0,0,0,0,0,0,0,0,0,0,13,3,12,3,11,2,11,3,10,3,9,2,9,2,8,1,8,1,7,1,6,0,6,0,5,0,5,-1,4,-1,4,-1,3,-2,3,-2,2,-1,2,-2,1,-2,1,-3,0,-3,0,-3,-1,-4,-1,-4,0,0,-2,-5,-2,-5,-2,-5,-3,-5,-2,-6,-2,-7,-2,-6,-2,-7,-2,-7,-2,-7,-2,-8,-1,-7,-1,-7,0,-7,0,-7,0,-7,0,-7,0,-6,1,-6,1,-5,1,-6,2,-5,2,-5,2,-5,2,-4,2,-3,0,0,0,0,0,0,0,0,0,0,0,0,0,0,38,27,37,25,35,21,31,20,34,20,29,17,28,17,29,17,26,18,25,12,22,9,21,8,21,10,18,7,16,8,15,4,15,4,12,4,10,1,10,-1,9,-1,8,0,8,-3,6,-5,5,-4,4,-7,3,-7,3,-6,2,-10,-1,-10,-1,-11,-2,-11,-1,-13,-3,-16,-3,-16,-1,-16,-3,-17,-3,-18,-1,-20,1,-18,-2,-20,2,-20,4,-17,3,-19,5,-18,5,-17,4,-17,5,-16,5,-16,5,-13,6,-13,6,-12,8,-13,10,-12,9,-8,10,-7,9,-7,0,0,0,0,0,0,0,0,0,0,0,0,0,0,0,0,0,0,0,0,0,0,-29,-5,-27,-8,-27,-12,-26,-11,-27,-11,-23,-11,-22,-11,-24,-12,-24,-11,-25,-10,-23,-11,-22,-7,-26,-8,-23,-9,-23,-8,-22,-6,-23,-6,-24,-3,-23,-3,-23,-2,-24,-1,-26,-2,-25,2,-24,3,-26,4,-29,7,-27,6,-27,7,-29,6,-28,10,-28,11,-29,13,-29,10,-28,15,-30,16,-29,15,-26,18,-25,18,-26,21,-27,25,-26,24,-22,25,-22,26,-26,30,-20,28,-19,32,-21,33,-18,35,-20,36,-20,38,-18,40,-17,40,-20,42,-18,41,-21,46,-23,40,-23,44,0,0]"
CSI_DATA,334,1a:00:00:00:00:00,-48,11,1,0,1,1,1,0,0,0,1,-96,0,11,2,4685520,0,44,0,384,0,"[0,0,0,0,0,0,0,0,0,0,0,0,-1,13,0,13,0,12,0,12,0,11,-1,10,0,9,0,8,0,8,0,7,0,7,0,6,1,5,1,5,1,4,1,4,1,2,1,3,2,2,2,1,2,1,2,0,2,0,3,-1,3,-1,2,-1,0,0,3,-2,4,-3,4,-3,4,-3,5,-4,5,-4,5,-3,6,-3,5,-3,6,-3,6,-3,6,-2,6,-2,6,-2,6,-1,5,-1,6,-1,6,0,5,0,5,0,4,1,4,1,4,1,4,2,3,2,2,2,0,0,0,0,0,0,0,0,0,0,0,0,0,0,-1,43,-1,41,3,39,-3,40,1,38,-2,34,1,32,0,33,0,29,0,27,0,24,3,23,1,22,3,19,1,20,3,15,5,15,4,11,4,10,6,10,5,8,4,7,5,4,6,2,6,2,8,0,7,0,5,-2,8,-4,8,-3,8,-6,9,-6,10,-8,9,-11,11,-9,13,-12,12,-10,12,-10,14,-11,14,-10,13,-9,17,-9,18,-8,16,-9,16,-7,17,-6,17,-3,15,-5,15,-3,16,-1,13,-2,14,0,15,1,11,1,11,4,10,1,8,5,0,0,0,0,0,0,0,0,0,0,0,0,0,0,0,0,0,0,0,0,0,0,-12,-28,-8,-27,-6,-25,-4,-29,-4,-27,-4,-27,-3,-26,-3,-26,-3,-26,-5,-25,-3,-25,-4,-24,-5,-24,-5,-25,-6,-23,-7,-23,-9,-24,-9,-20,-12,-21,-13,-20,-14,-19,-15,-20,-15,-19,-17,-19,-17,-21,-22,-17,-18,-18,-22,-18,-22,-19,-25,-21,-23,-16,-28,-19,-26,-17,-27,-16,-29,-16,-30,-16,-28,-15,-29,-14,-31,-10,-33,-8,-33,-7,-35,-8,-35,-7,-36,-3,-36,-4,-39,2,-39,1,-38,0,-40,3,-43,3,-42,4,-46,4,-48,4,-44,3,-48,5,-49,7,-49,1,0,0]"
CSI_DATA,335,1a:00:00:00:00:00,-48,11,1,0,1,1,1,0,0,0,1,-96,0,11,2,4694382,0,44,0,384,0,"[0,0,0,0,0,0,0,0,0,0,0,0,-4,14,-3,13,-2,12,-3,12,-2,11,-3,10,-2,10,-2,8,-2,8,-1,7,-2,7,-1,6,-1,5,0,4,0,4,0,4,0,3,0,3,1,2,1,2,2,1,2,1,2,0,3,0,3,0,3,-1,0,0,4,-1,4,-2,5,-2,5,-2,5,-2,6,-2,6,-2,6,-2,6,-1,6,-1,7,0,6,0,6,0,6,0,6,1,5,1,6,1,5,2,5,2,4,2,4,2,3,2,3,3,3,3,2,3,1,3,0,0,0,0,0,0,0,0,0,0,0,0,0,0,-12,44,-12,40,-10,41,-13,38,-11,35,-11,34,-9,30,-10,31,-6,28,-9,28,-7,25,-8,21,-8,22,-6,18,-5,20,-1,16,-1,16,0,13,1,13,1,10,2,10,3,9,3,7,4,6,4,4,5,4,7,2,8,1,9,-1,7,-4,6,-4,9,-3,11,-4,13,-6,13,-6,15,-5,15,-5,15,-5,17,-3,17,-3,16,-3,18,-3,18,0,17,0,16,1,17,0,17,3,17,2,15,5,14,4,13,6,12,8,11,4,9,6,9,7,7,10,5,10,0,0,0,0,0,0,0,0,0,0,0,0,0,0,0,0,0,0,0,0,0,0,-9,-27,-6,-28,-5,-26,-4,-30,-2,-27,-1,-27,0,-27,-1,-26,-1,-27,-2,-24,-3,-24,-2,-24,-4,-24,-2,-24,-2,-23,-6,-21,-8,-26,-6,-21,-7,-22,-10,-22,-10,-22,-13,-23,-12,-25,-15,-23,-17,-23,-16,-23,-17,-23,-17,-22,-19,-22,-23,-22,-20,-21,-25,-23,-22,-23,-24,-21,-27,-21,-25,-18,-26,-18,-28,-17,-29,-16,-30,-12,-31,-15,-34,-12,-34,-14,-34,-11,-35,-12,-37,-8,-37,-8,-36,-8,-39,-7,-40,-7,-41,-7,-44,-4,-48,-10,-44,-5,-47,-5,-50,-6,-48,-8,0,0]"
CSI_DATA,336,1a:00:00:00:00:00,-48,11,1,0,1,1,1,0,0,0,1,-96,0,11,2,4704437,0,44,0,384,0,"[0,0,0,0,0,0,0,0,0,0,0,0,-14,-2,-15,-2,-12,-2,-13,-2,-12,-2,-11,-2,-10,-1,-9,-1,-9,-1,-8,-1,-8,-1,-7,0,-7,0,-6,0,-5,0,-4,1,-4,1,-3,1,-3,1,-3,1,-2,1,-1,2,-1,2,-1,2,0,2,1,3,0,0,1,4,1,3,2,4,2,4,2,5,2,5,2,5,2,5,2,6,2,6,2,6,1,6,0,6,0,6,0,6,0,6,-1,5,0,6,-1,5,-1,5,-2,5,-2,4,-2,4,-3,4,-3,3,-3,2,0,0,0,0,0,0,0,0,0,0,0,0,0,0,-45,-13,-43,-14,-43,-9,-39,-8,-39,-8,-35,-8,-32,-10,-33,-6,-30,-7,-27,-6,-25,-4,-25,-1,-24,-4,-22,-3,-19,-3,-16,-1,-17,-1,-14,2,-14,1,-12,2,-12,4,-6,4,-7,4,-5,6,-7,4,-4,6,-2,5,0,7,0,6,2,8,2,8,5,11,5,10,6,13,8,9,6,14,8,12,8,15,7,15,8,16,8,16,6,17,4,18,2,19,2,17,3,17,1,15,-1,16,2,14,-1,15,0,15,-2,15,-2,14,-6,14,-6,11,-6,11,-7,9,0,0,0,0,0,0,0,0,0,0,0,0,0,0,0,0,0,0,0,0,0,0,28,-2,28,0,29,2,26,6,26,6,26,6,24,5,25,5,25,6,24,4,24,6,24,3,24,3,24,2,22,1,23,0,22,-3,22,-2,21,-5,23,-6,23,-6,26,-9,24,-10,24,-10,25,-11,23,-13,23,-13,26,-17,25,-15,26,-18,22,-18,24,-21,24,-22,22,-23,23,-24,21,-26,20,-27,20,-27,21,-28,17,-30,18,-31,15,-33,14,-32,13,-37,11,-34,12,-36,9,-37,6,-39,4,-42,6,-44,9,-39,5,-45,6,-44,8,-45,7,-50,7,-48,9,-49,0,0]"
CSI_DATA,337,1a:00:00:00:00:00,-48,11,1,0,1,1,1,0,0,0,1,-96,0,11,2,4714369,0,44,0,384,0,"[0,0,0,0,0,0,0,0,0,0,0,0,-15,2,-14,1,-14,2,-12,1,-12,1,-11,1,-11,2,-10,2,-9,1,-8,1,-8,2,-7,2,-6,1,-5,2,-5,2,-4,3,-3,3,-3,2,-3,2,-2,2,-1,2,0,2,-1,2,0,2,1,2,2,3,0,0,2,3,3,3,3,3,4,3,3,3,4,4,4,4,4,4,4,5,4,5,4,6,3,5,3,5,3,5,3,6,2,6,2,5,2,5,1,5,1,5,0,5,0,4,-1,4,-1,4,-2,4,-2,3,0,0,0,0,0,0,0,0,0,0,0,0,0,0,-45,11,-41,5,-42,10,-39,12,-34,12,-35,10,-31,7,-30,6,-29,9,-26,9,-26,13,-20,10,-21,9,-19,9,-18,7,-16,7,-15,10,-11,7,-11,5,-8,8,-6,9,-4,7,-5,5,-4,7,-2,7,1,6,3,5,2,7,3,5,7,7,9,6,9,6,9,6,10,6,12,6,12,8,12,7,14,8,16,10,16,9,13,9,15,12,12,13,12,12,10,11,12,12,12,13,9,13,10,14,8,12,6,13,7,13,6,11,1,11,2,13,1,12,-1,11,0,0,0,0,0,0,0,0,0,0,0,0,0,0,0,0,0,0,0,0,0,0,25,-11,26,-10,24,-6,28,-8,25,-5,25,-4,25,-6,24,-6,26,-6,23,-6,25,-5,23,-6,25,-10,23,-8,23,-7,23,-9,22,-12,18,-10,19,-13,19,-14,18,-16,19,-18,17,-17,18,-20,18,-21,17,-23,17,-22,16,-24,16,-22,15,-27,13,-25,14,-29,12,-30,9,-30,9,-30,8,-32,7,-30,7,-31,5,-31,3,-35,3,-36,0,-34,-2,-35,-4,-38,-7,-35,-9,-40,-10,-36,-12,-37,-11,-39,-10,-40,-12,-42,-17,-43,-17,-44,-15,-41,-16,-48,-17,-47,-15,-47,0,0]"
CSI_DATA,338,1a:00:00:00:00:00,-48,11,1,0,1,1,1,0,0,0,1,-96,0,11,2,4764470,0,44,0,384,0,"[0,0,0,0,0,0,0,0,0,0,0,0,-10,10,-10,10,-8,9,-9,9,-8,7,-8,7,-7,7,-7,7,-6,6,-5,5,-5,6,-5,5,-4,4,-3,4,-3,4,-2,4,-2,3,-2,3,-1,3,0,2,0,2,1,2,1,2,2,1,2,1,2,1,0,0,3,1,4,1,4,1,4,1,5,1,5,1,5,2,5,2,5,3,5,3,5,3,5,3,4,3,5,3,4,4,4,4,4,4,3,4,3,4,2,4,2,4,2,4,1,4,1,4,0,4,-1,3,0,0,0,0,0,0,0,0,0,0,0,0,0,0,-81,42,-83,43,-67,42,-68,39,-72,35,-59,32,-62,32,-57,27,-53,31,-51,27,-44,27,-41,27,-40,24,-35,24,-33,22,-30,25,-23,21,-17,15,-16,18,-19,23,-10,22,-10,18,-7,18,-2,16,-3,12,2,15,5,12,5,13,6,10,12,13,15,14,15,15,16,15,19,12,23,22,22,19,22,21,27,19,23,26,24,24,21,30,24,33,21,29,18,32,20,23,18,32,11,28,13,30,9,32,9,28,2,29,6,28,1,25,-5,24,-5,24,-5,23,-9,17,0,0,0,0,0,0,0,0,0,0,0,0,0,0,0,0,0,0,0,0,0,0,10,-58,13,-52,19,-55,21,-52,23,-55,21,-48,23,-49,21,-50,26,-47,22,-47,24,-44,19,-47,17,-49,21,-44,18,-43,18,-48,12,-45,17,-45,6,-44,9,-47,7,-53,8,-50,6,-54,4,-56,0,-52,-5,-55,-3,-53,-6,-54,-4,-61,-9,-58,-12,-61,-8,-61,-12,-65,-15,-61,-15,-61,-20,-63,-22,-64,-25,-62,-22,-61,-31,-65,-33,-56,-42,-62,-35,-56,-45,-66,-42,-63,-47,-57,-44,-59,-51,-63,-52,-59,-58,-69,-61,-64,-59,-67,-58,-72,-65,-71,-62,-78,-60,-73,-60,-79,0,0]"
CSI_DATA,339,1a:00:00:00:00:00,-48,11,1,0,1,1,1,0,0,0,1,-96,0,11,2,4774869,0,44,0,384,0,"[0,0,0,0,0,0,0,0,0,0,0,0,-14,-4,-13,-4,-13,-3,-12,-4,-11,-4,-10,-4,-10,-3,-9,-2,-9,-2,-8,-2,-7,-2,-7,-1,-7,-1,-6,-1,-5,-1,-5,0,-4,1,-4,1,-4,1,-3,1,-3,1,-2,1,-2,2,-1,2,-1,2,0,3,0,0,0,4,0,4,0,4,1,5,0,5,0,5,0,5,0,5,0,6,0,6,0,6,-1,6,-1,6,-2,5,-1,6,-2,6,-2,5,-2,5,-3,5,-2,4,-3,4,-3,3,-4,3,-4,3,-4,2,-4,2,0,0,0,0,0,0,0,0,0,0,0,0,0,0,-44,-20,-40,-19,-40,-18,-34,-16,-35,-14,-32,-16,-32,-12,-33,-13,-28,-12,-25,-13,-26,-10,-23,-6,-23,-9,-23,-8,-19,-5,-17,-4,-17,-1,-16,-1,-15,-1,-14,-1,-11,3,-11,0,-8,4,-6,3,-6,3,-7,5,-4,6,-4,7,-3,9,-1,7,-1,10,3,12,1,11,1,13,2,13,1,15,2,17,2,16,2,17,1,16,3,16,0,18,0,19,-1,18,-3,19,-4,16,-5,16,-5,13,-5,13,-4,13,-6,13,-8,13,-8,11,-9,9,-11,9,-9,8,-9,6,0,0,0,0,0,0,0,0,0,0,0,0,0,0,0,0,0,0,0,0,0,0,29,-4,29,1,27,3,29,3,28,3,26,5,25,6,26,4,25,6,24,3,25,4,25,3,26,1,25,2,23,0,23,2,24,-2,23,-2,25,-3,22,-4,22,-5,26,-7,22,-8,23,-10,22,-10,24,-11,24,-13,24,-13,23,-15,24,-17,25,-15,26,-21,26,-20,24,-21,26,-22,22,-23,20,-23,21,-26,20,-26,18,-30,20,-29,17,-29,17,-33,15,-33,13,-32,12,-36,13,-38,10,-38,12,-40,13,-41,10,-42,7,-43,12,-46,11,-42,13,-49,12,-51,15,-48,0,0]"
CSI_DATA,340,1a:00:00:00:00:00,-48,11,1,0,1,1,1,0,0,0,1,-96,0,11,2,4784428,0,44,0,384,0,"[0,0,0,0,0,0,0,0,0,0,0,0,-15,1,-14,1,-13,1,-13,0,-12,0,-11,0,-11,1,-10,1,-10,1,-8,1,-8,1,-7,2,-7,1,-6,1,-5,1,-5,2,-4,2,-3,2,-3,2,-3,2,-2,2,-1,2,-1,2,0,2,0,2,1,3,0,0,2,3,2,3,2,3,3,4,2,4,3,5,3,5,3,4,3,5,2,5,2,6,1,6,1,5,1,6,1,6,1,6,0,5,0,5,0,5,-1,5,-1,5,-2,4,-2,4,-2,4,-3,3,-3,3,0,0,0,0,0,0,0,0,0,0,0,0,0,0,-46,0,-44,-2,-42,5,-39,4,-38,4,-34,2,-33,1,-33,1,-29,0,-30,2,-26,4,-24,2,-25,5,-23,4,-20,3,-16,5,-17,6,-15,6,-14,6,-11,6,-9,7,-7,6,-8,5,-6,5,-2,7,-3,5,-2,8,0,9,3,7,4,9,5,8,7,9,7,9,8,10,10,9,8,13,7,13,8,15,10,13,10,15,10,15,9,17,5,17,6,17,7,16,7,16,4,17,3,16,2,14,3,14,2,13,2,14,-2,13,-3,10,-6,9,-3,11,-6,9,0,0,0,0,0,0,0,0,0,0,0,0,0,0,0,0,0,0,0,0,0,0,25,-13,27,-11,27,-9,28,-10,27,-8,27,-5,24,-5,25,-7,27,-7,25,-6,23,-5,22,-7,24,-10,23,-7,23,-8,20,-8,21,-11,19,-9,20,-11,18,-12,18,-14,21,-18,18,-18,19,-17,19,-20,17,-22,18,-23,18,-23,19,-22,14,-28,16,-27,15,-28,13,-28,13,-30,12,-29,12,-31,9,-31,12,-31,11,-31,6,-35,6,-34,2,-33,2,-36,1,-38,-1,-36,-6,-40,-6,-37,-6,-40,-5,-42,-5,-43,-7,-43,-11,-46,-9,-47,-7,-44,-8,-48,-11,-49,-10,-48,0,0]"
CSI_DATA,341,1a:00:00:00:00:00,-48,11,1,0,1,1,1,0,0,0,1,-96,0,11,2,4794437,0,44,0,384,0,"[0,0,0,0,0,0,0,0,0,0,0,0,-8,-12,-8,-11,-8,-11,-7,-11,-7,-10,-6,-9,-7,-8,-6,-7,-5,-7,-6,-6,-5,-6,-5,-6,-4,-5,-5,-4,-4,-4,-5,-3,-4,-2,-4,-2,-3,-1,-4,-1,-3,-1,-3,0,-3,0,-3,1,-3,1,-3,2,0,0,-3,3,-3,3,-3,4,-3,4,-3,4,-4,4,-4,5,-4,5,-4,5,-5,5,-5,4,-6,4,-6,3,-6,3,-6,3,-5,3,-6,2,-5,2,-5,2,-5,2,-5,1,-5,1,-5,0,-5,-1,-4,-1,-4,-1,0,0,0,0,0,0,0,0,0,0,0,0,0,0,-56,-69,-56,-68,-58,-61,-44,-65,-48,-56,-41,-55,-42,-48,-41,-49,-40,-46,-35,-43,-29,-42,-31,-32,-32,-34,-30,-28,-26,-30,-25,-22,-31,-23,-26,-15,-23,-12,-21,-11,-19,-9,-20,-11,-18,-1,-16,-2,-16,-1,-16,5,-10,5,-13,11,-11,9,-11,14,-7,18,-7,19,-9,23,-9,28,-6,24,-13,26,-13,32,-11,31,-13,32,-18,31,-19,29,-17,29,-17,28,-20,27,-21,26,-25,24,-21,21,-20,22,-23,17,-20,16,-26,15,-25,16,-26,10,-21,11,-23,7,-23,4,-20,2,0,0,0,0,0,0,0,0,0,0,0,0,0,0,0,0,0,0,0,0,0,0,51,17,51,22,46,28,45,28,47,27,41,29,42,28,38,29,42,29,42,29,40,31,38,22,43,26,41,25,40,22,40,20,41,19,40,20,44,15,46,10,43,10,50,11,47,8,51,3,51,5,54,-3,52,-3,57,-4,50,-2,57,-10,50,-12,60,-13,61,-13,59,-15,59,-14,59,-18,59,-23,62,-25,55,-29,58,-36,58,-31,55,-35,57,-38,56,-44,54,-45,52,-45,55,-46,52,-51,50,-55,56,-59,58,-61,56,-66,63,-63,63,-65,61,-75,60,-72,68,-65,0,0]"
CSI_DATA,342,1a:00:00:00:00:00,-48,11,1,0,1,1,1,0,0,0,1,-96,0,11,2,4804448,0,44,0,384,0,"[0,0,0,0,0,0,0,0,0,0,0,0,5,-14,5,-13,3,-12,4,-12,4,-11,4,-10,3,-10,3,-9,2,-9,2,-7,2,-8,1,-7,0,-6,0,-6,0,-6,-1,-5,0,-5,-1,-4,-2,-3,-2,-3,-2,-3,-2,-2,-3,-2,-3,-1,-3,-1,-4,-1,0,0,-5,0,-5,0,-6,1,-5,1,-6,1,-7,0,-6,1,-7,0,-7,0,-7,-1,-7,-1,-7,-1,-7,-1,-7,-1,-6,-2,-6,-2,-6,-2,-6,-2,-6,-2,-5,-3,-5,-3,-4,-3,-4,-3,-4,-3,-3,-4,-2,-4,0,0,0,0,0,0,0,0,0,0,0,0,0,0,21,-36,20,-37,18,-36,20,-32,18,-33,18,-32,16,-28,15,-28,11,-25,12,-25,11,-22,11,-22,12,-20,9,-20,8,-19,4,-17,5,-16,3,-14,1,-13,-1,-12,-1,-12,-2,-12,-3,-8,-4,-7,-3,-6,-4,-6,-7,-7,-5,-2,-8,-1,-8,-4,-10,-1,-13,0,-12,-1,-12,1,-15,0,-16,3,-16,1,-18,-2,-17,-1,-17,-1,-17,-1,-19,-2,-17,-2,-18,-3,-14,-3,-16,-6,-17,-6,-15,-4,-14,-8,-12,-6,-13,-8,-10,-9,-12,-8,-9,-8,-9,-9,-7,-11,-7,-9,0,0,0,0,0,0,0,0,0,0,0,0,0,0,0,0,0,0,0,0,0,0,-2,27,-6,27,-6,27,-7,27,-8,25,-10,24,-9,23,-8,22,-9,24,-8,24,-10,24,-7,22,-7,24,-6,22,-6,22,-6,23,-1,22,-4,22,-1,21,1,22,1,22,1,24,4,23,6,26,7,25,9,25,8,23,9,26,10,26,12,26,12,23,14,27,15,26,17,26,15,26,17,26,19,25,21,23,20,23,24,23,23,19,27,21,29,21,30,18,30,19,35,16,32,18,34,18,34,15,37,17,38,16,42,16,42,18,40,16,42,18,42,15,44,19,0,0]"
CSI_DATA,343,1a:00:00:00:00:00,-48,11,1,0,1,1,1,0,0,0,1,-96,0,11,2,4814441,0,44,0,384,0,"[0,0,0,0,0,0,0,0,0,0,0,0,12,-7,11,-7,10,-7,10,-7,9,-6,9,-6,7,-6,7,-5,7,-5,6,-5,6,-4,5,-5,4,-4,3,-4,3,-4,2,-4,2,-4,1,-4,0,-3,0,-3,0,-3,-1,-3,-1,-3,-2,-3,-2,-3,-2,-3,0,0,-3,-3,-4,-3,-4,-3,-5,-3,-5,-3,-5,-3,-5,-4,-5,-4,-5,-5,-5,-5,-5,-6,-4,-5,-4,-6,-4,-6,-3,-6,-3,-6,-3,-6,-3,-5,-2,-6,-2,-5,-1,-6,-1,-5,-1,-5,0,-5,1,-5,1,-4,0,0,0,0,0,0,0,0,0,0,0,0,0,0,71,-52,71,-47,67,-44,61,-43,63,-45,57,-39,57,-35,52,-32,47,-33,47,-34,40,-33,38,-30,33,-29,34,-27,30,-23,26,-25,23,-25,17,-21,15,-21,13,-23,9,-24,8,-18,3,-16,6,-14,-3,-14,-3,-15,-5,-13,-6,-12,-9,-12,-18,-12,-15,-12,-18,-13,-23,-10,-21,-13,-27,-11,-26,-13,-27,-12,-27,-13,-31,-16,-28,-18,-29,-17,-28,-21,-31,-22,-24,-23,-24,-21,-24,-29,-21,-28,-21,-26,-21,-26,-14,-25,-16,-24,-14,-24,-9,-20,-6,-24,-4,-21,-4,-24,5,-22,0,0,0,0,0,0,0,0,0,0,0,0,0,0,0,0,0,0,0,0,0,0,-25,51,-29,48,-29,46,-33,43,-37,43,-29,43,-33,41,-36,38,-30,40,-32,40,-35,35,-32,34,-31,39,-30,36,-26,34,-21,34,-24,44,-23,40,-15,42,-12,44,-14,42,-11,50,-9,48,-10,49,-8,54,-4,54,-10,51,-2,56,0,52,3,60,3,57,7,60,7,59,9,57,12,62,12,59,15,61,16,61,19,63,26,62,27,61,30,59,31,61,39,61,38,58,43,53,46,57,51,56,48,59,54,66,53,65,61,61,62,66,60,65,61,71,58,67,62,71,0,0]"
CSI_DATA,344,1a:00:00:00:00:00,-48,11,1,0,1,1,1,0,0,0,1,-96,0,11,2,4834450,0,44,0,384,0,"[0,0,0,0,0,0,0,0,0,0,0,0,4,13,4,12,5,12,4,12,3,11,3,10,3,9,3,8,2,8,3,7,3,7,2,6,2,5,3,5,2,4,2,3,2,3,2,2,2,1,2,1,2,1,2,0,2,-1,2,-1,2,-2,2,-2,0,0,2,-3,3,-4,3,-4,3,-5,4,-5,4,-4,4,-5,4,-5,4,-5,5,-5,5,-4,5,-4,5,-4,6,-3,5,-3,5,-3,5,-3,5,-2,5,-2,5,-2,5,-1,5,-1,4,0,4,0,3,1,3,1,0,0,0,0,0,0,0,0,0,0,0,0,0,0,22,89,25,86,30,78,12,76,19,76,14,71,17,66,17,64,16,60,11,55,15,50,14,49,14,44,12,40,12,39,11,37,16,29,16,26,13,20,12,22,15,17,14,14,18,6,14,9,14,5,16,0,13,0,16,-2,18,-13,14,-9,11,-11,14,-14,17,-14,19,-23,15,-19,25,-23,20,-26,20,-25,29,-27,28,-22,28,-21,27,-22,31,-15,32,-21,31,-17,31,-12,31,-13,34,-11,27,-9,29,-3,28,-5,25,2,25,-1,21,4,22,7,23,9,16,9,0,0,0,0,0,0,0,0,0,0,0,0,0,0,0,0,0,0,0,0,0,0,-44,-43,-40,-44,-37,-46,-36,-45,-31,-47,-29,-46,-31,-42,-25,-49,-32,-45,-27,-43,-26,-46,-26,-44,-32,-42,-28,-42,-32,-39,-26,-34,-38,-34,-30,-32,-36,-27,-38,-29,-39,-27,-47,-32,-41,-27,-45,-24,-49,-22,-52,-21,-50,-21,-52,-21,-53,-19,-59,-18,-57,-12,-64,-12,-65,-13,-62,-9,-67,-12,-66,-7,-63,-6,-69,-2,-68,1,-69,4,-69,6,-70,11,-72,12,-74,14,-70,14,-70,24,-75,23,-77,27,-78,27,-78,33,-81,32,-84,31,-93,32,-85,33,-92,36,-89,41,-94,39,0,0]"
CSI_DATA,345,1a:00:00:00:00:00,-48,11,1,0,1,1,1,0,0,0,1,-96,0,11,2,4844384,0,44,0,384,0,"[0,0,0,0,0,0,0,0,0,0,0,0,9,10,9,9,9,8,8,9,8,8,6,7,7,6,6,6,6,5,6,5,5,5,5,4,4,3,4,3,4,2,3,1,3,0,3,0,3,0,3,0,2,-1,2,-1,1,-2,1,-2,2,-3,1,-3,0,0,0,-4,1,-5,1,-5,1,-6,1,-5,1,-6,2,-6,2,-6,2,-6,2,-6,3,-6,3,-6,3,-6,4,-5,3,-5,3,-5,4,-5,4,-4,4,-4,3,-4,3,-3,4,-3,4,-2,4,-1,4,-1,3,-1,0,0,0,0,0,0,0,0,0,0,0,0,0,0,63,66,57,63,58,51,52,54,47,54,48,51,47,52,42,46,43,41,37,39,40,32,34,32,32,33,33,30,24,25,22,18,29,19,24,15,23,13,21,8,20,9,17,6,14,2,14,-1,13,-5,13,-8,10,-6,9,-14,11,-12,8,-12,6,-17,4,-18,7,-21,1,-25,8,-25,10,-32,10,-32,11,-36,11,-32,10,-35,15,-30,12,-28,20,-28,17,-29,18,-28,20,-26,19,-27,24,-25,20,-19,20,-20,19,-17,19,-18,22,-15,23,-11,23,-5,22,-4,18,1,0,0,0,0,0,0,0,0,0,0,0,0,0,0,0,0,0,0,0,0,0,0,-59,-13,-54,-19,-51,-19,-55,-24,-48,-25,-47,-27,-47,-20,-45,-25,-45,-23,-43,-24,-45,-28,-43,-24,-46,-20,-45,-21,-42,-20,-41,-18,-44,-13,-42,-9,-45,-7,-45,-8,-45,-8,-54,-3,-47,-3,-52,0,-53,1,-53,4,-54,1,-60,9,-56,13,-58,15,-54,14,-64,17,-61,19,-58,22,-60,23,-59,25,-58,25,-56,26,-59,28,-54,34,-56,35,-53,43,-51,42,-51,49,-52,49,-46,50,-50,53,-50,63,-51,66,-52,65,-57,65,-53,69,-57,72,-55,66,-62,78,-59,76,-57,74,0,0]"
CSI_DATA,346,1a:00:00:00:00:00,-48,11,1,0,1,1,1,0,0,0,1,-96,0,11,2,4864452,0,44,0,384,0,"[0,0,0,0,0,0,0,0,0,0,0,0,-12,-8,-11,-7,-11,-7,-11,-7,-10,-7,-9,-6,-9,-5,-8,-5,-7,-5,-7,-4,-7,-4,-6,-3,-6,-3,-6,-2,-5,-2,-5,-1,-4,0,-4,-1,-4,0,-3,0,-3,0,-3,1,-2,1,-2,1,-2,2,-1,2,0,0,-1,3,-1,4,-1,4,-1,5,-1,5,-1,5,-2,5,-2,6,-1,6,-2,5,-2,6,-3,5,-3,5,-3,5,-3,5,-3,5,-4,4,-3,4,-4,4,-4,3,-4,3,-4,2,-4,2,-4,2,-4,1,-4,0,0,0,0,0,0,0,0,0,0,0,0,0,0,0,-77,-50,-75,-50,-75,-43,-69,-40,-62,-36,-62,-36,-58,-36,-61,-36,-51,-30,-45,-28,-48,-24,-42,-20,-43,-25,-37,-17,-34,-12,-34,-12,-34,-9,-30,-8,-26,-13,-22,-3,-24,3,-17,-3,-14,0,-16,3,-15,8,-13,6,-11,10,-11,13,-6,14,-5,12,-2,16,-2,22,-5,20,0,27,3,25,-1,27,1,27,1,34,0,31,2,31,-3,33,-7,34,-9,31,-8,35,-11,30,-10,36,-12,30,-14,30,-12,27,-15,21,-15,24,-16,19,-21,21,-20,16,-19,16,-18,12,-20,7,0,0,0,0,0,0,0,0,0,0,0,0,0,0,0,0,0,0,0,0,0,0,57,-1,56,2,55,5,55,9,56,13,52,12,47,12,47,13,49,11,49,13,46,12,50,7,52,8,46,10,46,6,45,6,47,1,41,4,45,-2,47,-3,46,-8,50,-9,48,-16,51,-11,50,-16,50,-23,51,-18,49,-24,52,-23,50,-30,46,-28,53,-30,55,-32,49,-36,52,-39,52,-38,49,-41,48,-42,45,-47,46,-54,44,-52,42,-55,36,-57,41,-59,35,-63,41,-66,36,-64,29,-71,30,-73,37,-78,35,-79,29,-77,36,-87,31,-84,37,-89,38,-94,41,-91,0,0]"
CSI_DATA,347,1a:00:00:00:00:00,-48,11,1,0,1,1,1,0,0,0,1,-96,0,11,2,4874586,0,44,0,384,0,"[0,0,0,0,0,0,0,0,0,0,0,0,12,5,12,5,11,4,11,5,10,4,9,4,9,3,8,2,7,2,7,2,6,2,6,1,5,1,4,1,4,0,4,0,3,-1,2,-1,2,-1,2,-2,2,-2,1,-2,1,-3,1,-3,1,-3,0,-3,0,0,-1,-4,-1,-5,-1,-5,-1,-5,-1,-6,-1,-6,-1,-6,-1,-6,-1,-6,-1,-7,-1,-7,0,-7,1,-7,1,-6,1,-6,1,-6,1,-6,1,-6,2,-5,2,-5,2,-5,2,-4,2,-4,3,-3,2,-3,2,-2,0,0,0,0,0,0,0,0,0,0,0,0,0,0,31,28,32,26,32,24,30,21,31,21,25,20,26,22,23,17,24,16,20,15,19,11,19,11,16,12,19,11,15,8,15,5,15,7,11,5,13,5,10,3,9,1,8,2,7,-2,7,-1,6,-4,6,-4,4,-5,2,-6,2,-6,0,-8,-1,-10,-1,-11,0,-11,0,-10,-3,-14,0,-14,1,-15,-1,-17,-1,-16,1,-16,0,-19,2,-17,3,-19,3,-18,3,-16,3,-17,6,-14,5,-16,5,-12,4,-11,5,-12,6,-12,8,-12,9,-10,8,-9,8,-5,8,-5,0,0,0,0,0,0,0,0,0,0,0,0,0,0,0,0,0,0,0,0,0,0,-26,-11,-24,-11,-25,-14,-23,-14,-23,-14,-19,-16,-21,-13,-21,-14,-23,-14,-20,-15,-19,-16,-21,-13,-23,-14,-21,-14,-19,-11,-20,-9,-21,-8,-21,-8,-20,-7,-23,-7,-22,-4,-24,-3,-26,-3,-24,-1,-26,-1,-26,1,-25,-2,-28,3,-29,3,-29,6,-29,8,-29,9,-29,8,-28,11,-30,9,-28,10,-27,14,-29,16,-28,15,-29,18,-27,19,-27,21,-25,21,-27,26,-23,25,-23,27,-22,27,-22,30,-23,33,-27,35,-23,33,-22,35,-24,36,-24,36,-29,38,-25,40,-27,40,0,0]"
CSI_DATA,348,1a:00:00:00:00:00,-48,11,1,0,1,1,1,0,0,0,1,-96,0,11,2,4884443,0,44,0,384,0,"[0,0,0,0,0,0,0,0,0,0,0,0,7,-12,7,-12,5,-11,6,-11,5,-10,5,-9,4,-9,4,-8,4,-8,3,-7,4,-7,3,-7,2,-6,1,-5,1,-5,1,-5,0,-4,0,-4,-1,-4,-1,-3,-1,-3,-2,-3,-2,-2,-3,-2,-3,-2,-3,-1,0,0,-4,-1,-5,-1,-5,-1,-5,-1,-6,-1,-6,-1,-6,-1,-6,-2,-6,-2,-6,-3,-6,-3,-6,-4,-6,-4,-6,-4,-5,-4,-5,-4,-5,-4,-4,-4,-4,-4,-4,-4,-3,-5,-3,-4,-3,-4,-2,-4,-1,-5,-1,-4,0,0,0,0,0,0,0,0,0,0,0,0,0,0,42,-80,45,-74,32,-74,32,-69,35,-69,35,-62,29,-57,27,-57,27,-51,26,-46,20,-50,19,-47,19,-45,15,-37,16,-37,10,-36,8,-32,7,-28,8,-22,4,-25,-1,-22,0,-19,-3,-19,-4,-11,-9,-13,-8,-9,-13,-11,-15,-2,-11,-3,-15,-3,-18,-3,-22,-1,-24,0,-23,3,-27,2,-29,0,-31,2,-34,3,-34,1,-33,-4,-33,-8,-32,-12,-37,-9,-38,-12,-28,-9,-34,-15,-34,-15,-29,-14,-28,-16,-26,-20,-24,-16,-24,-19,-21,-18,-14,-17,-17,-18,-12,-23,-9,-21,0,0,0,0,0,0,0,0,0,0,0,0,0,0,0,0,0,0,0,0,0,0,14,58,6,51,3,59,1,56,-3,54,-4,56,-1,52,-1,51,-6,53,-5,52,-8,48,-3,48,0,50,1,47,-3,46,-1,44,4,48,5,44,9,46,12,43,10,43,17,47,19,46,21,43,19,43,22,41,25,53,28,45,32,47,33,48,36,48,42,47,42,47,42,48,50,46,42,44,47,40,53,40,46,39,55,41,55,34,61,36,62,33,69,32,66,29,68,28,67,30,75,26,75,21,80,27,81,28,86,27,82,30,84,29,89,29,86,30,94,32,0,0]"
CSI_DATA,349,1a:00:00:00:00:00,-48,11,1,0,1,1,1,0,0,0,1,-96,0,11,2,4894400,0,44,0,384,0,"[0,0,0,0,0,0,0,0,0,0,0,0,8,-12,7,-11,7,-11,7,-10,6,-9,6,-9,5,-9,5,-8,4,-7,3,-7,4,-7,3,-7,3,-6,2,-5,1,-5,1,-5,1,-5,0,-4,-1,-3,-1,-3,-1,-3,-2,-2,-2,-2,-2,-2,-3,-2,-3,-2,0,0,-4,-1,-5,-1,-5,-1,-5,-1,-5,-1,-6,-2,-7,-2,-6,-2,-6,-2,-6,-3,-6,-3,-6,-3,-6,-3,-6,-3,-5,-4,-5,-4,-5,-4,-5,-4,-4,-5,-4,-4,-3,-4,-3,-4,-3,-4,-2,-5,-1,-4,-1,-4,0,0,0,0,0,0,0,0,0,0,0,0,0,0,58,-74,57,-68,49,-64,50,-64,49,-60,43,-55,41,-53,42,-47,36,-48,34,-44,31,-44,27,-43,28,-40,23,-33,26,-36,21,-34,17,-27,12,-26,9,-24,5,-22,4,-21,8,-19,1,-17,-4,-16,-4,-8,-7,-14,-9,-11,-13,-8,-13,-11,-13,-6,-17,-7,-16,-5,-24,-5,-23,-2,-23,-2,-29,-4,-31,-6,-31,-5,-31,-6,-34,-8,-32,-14,-33,-13,-31,-11,-30,-19,-28,-15,-35,-18,-27,-23,-30,-17,-22,-17,-25,-21,-22,-23,-19,-20,-20,-20,-11,-22,-6,-22,-8,-21,-2,-21,0,0,0,0,0,0,0,0,0,0,0,0,0,0,0,0,0,0,0,0,0,0,-1,60,-6,55,-8,53,-11,56,-13,55,-15,50,-16,48,-8,47,-13,52,-14,49,-18,49,-12,46,-8,48,-8,44,-11,46,-7,45,-5,43,-9,48,1,43,5,45,2,43,8,49,6,52,12,50,14,49,18,48,15,49,20,52,24,52,27,50,23,48,29,53,30,55,32,52,32,53,34,54,39,54,42,52,41,45,45,49,45,47,51,47,53,45,58,41,57,42,67,42,65,41,64,39,67,42,69,40,70,44,76,40,81,43,78,42,85,48,82,46,80,48,0,0]"
CSI_DATA,350,1a:00:00:00:00:00,-48,11,1,0,1,1,1,0,0,0,1,-96,0,11,2,4904508,0,44,0,384,0,"[0,0,0,0,0,0,0,0,0,0,0,0,-1,14,0,13,1,12,0,12,0,11,-1,10,0,10,0,9,0,8,1,7,0,7,1,6,1,6,1,5,1,4,1,4,1,3,1,3,2,2,1,2,2,1,2,0,1,0,2,-1,2,-1,2,-1,0,0,3,-3,3,-3,4,-3,3,-3,4,-3,5,-4,5,-4,5,-4,5,-3,5,-3,6,-3,6,-2,6,-3,6,-2,5,-2,6,-1,5,-1,5,-1,5,0,4,0,4,0,4,0,4,1,4,1,3,2,3,2,0,0,0,0,0,0,0,0,0,0,0,0,0,0,-8,42,-10,41,-7,41,-9,37,-9,38,-10,33,-8,33,-7,32,-6,27,-6,28,-4,25,-4,24,-2,24,-1,19,-4,19,-1,17,1,16,0,12,-1,11,-1,11,3,10,3,9,5,5,5,5,4,4,8,4,7,2,5,0,7,-1,8,-2,10,-3,8,-5,8,-6,12,-5,9,-4,13,-7,13,-6,15,-6,16,-6,14,-4,17,-5,17,-3,16,-3,16,-1,15,-1,17,-1,16,3,15,0,14,2,13,3,14,4,11,5,11,3,10,4,11,7,9,5,6,8,0,0,0,0,0,0,0,0,0,0,0,0,0,0,0,0,0,0,0,0,0,0,-14,-29,-11,-27,-10,-29,-8,-26,-7,-29,-6,-26,-5,-26,-5,-27,-7,-27,-5,-26,-6,-24,-6,-23,-7,-28,-6,-23,-7,-22,-7,-24,-10,-22,-7,-22,-10,-19,-12,-21,-15,-20,-15,-21,-15,-21,-15,-20,-17,-22,-21,-21,-18,-20,-21,-20,-22,-21,-26,-19,-22,-16,-27,-19,-26,-19,-28,-16,-28,-18,-28,-17,-30,-17,-32,-16,-29,-13,-34,-12,-32,-10,-35,-10,-35,-10,-37,-7,-37,-6,-36,-6,-38,-6,-39,-2,-40,-2,-43,-2,-42,-2,-44,-1,-46,-3,-46,-2,-47,0,-47,-1,-48,-3,0,0]"
CSI_DATA,351,1a:00:00:00:00:00,-48,11,1,0,1,1,1,0,0,0,1,-96,0,11,2,4917539,0,44,0,384,0,"[0,0,0,0,0,0,0,0,0,0,0,0,-11,-8,-12,-8,-11,-7,-10,-8,-9,-7,-9,-6,-8,-6,-8,-5,-7,-5,-7,-4,-7,-4,-7,-3,-6,-3,-6,-3,-5,-2,-5,-1,-4,-1,-3,-1,-3,0,-3,0,-3,0,-2,1,-2,1,-2,2,-2,2,-1,2,0,0,0,3,-1,4,-1,4,0,5,-1,5,-1,5,-1,6,-1,5,-1,6,-1,5,-2,6,-2,6,-2,5,-3,5,-2,5,-3,5,-3,5,-3,4,-3,4,-3,4,-3,3,-4,3,-4,3,-4,2,-4,2,-4,1,0,0,0,0,0,0,0,0,0,0,0,0,0,0,-74,-57,-72,-56,-73,-52,-63,-46,-58,-45,-57,-44,-52,-39,-52,-44,-47,-33,-40,-35,-43,-30,-38,-25,-38,-27,-34,-21,-34,-21,-33,-16,-30,-15,-27,-13,-23,-9,-16,-4,-25,-5,-16,-4,-18,-2,-15,1,-11,5,-13,8,-8,7,-6,8,-7,14,-2,13,-5,17,-2,20,-4,22,0,26,3,29,-1,31,-4,32,3,31,-5,32,-1,32,-3,32,-6,35,-13,36,-12,33,-16,31,-8,32,-14,28,-17,31,-13,26,-15,21,-16,21,-16,23,-18,19,-21,16,-19,16,-20,13,-17,9,0,0,0,0,0,0,0,0,0,0,0,0,0,0,0,0,0,0,0,0,0,0,55,13,55,21,50,23,55,24,47,26,45,29,45,25,43,26,44,29,42,26,44,27,43,23,44,19,44,22,39,18,39,15,46,13,43,11,45,8,42,8,48,3,52,4,47,4,52,-4,53,-3,51,-8,53,-7,57,-10,57,-11,59,-18,52,-17,63,-19,56,-21,57,-27,60,-29,57,-29,55,-28,54,-34,59,-31,52,-41,53,-45,48,-43,48,-47,49,-54,48,-58,41,-60,50,-60,43,-65,44,-65,48,-75,50,-71,45,-70,48,-71,43,-74,57,-82,50,-84,52,-81,0,0]"
CSI_DATA,352,1a:00:00:00:00:00,-48,11,1,0,1,1,1,0,0,0,1,-96,0,11,2,4924399,0,44,0,384,0,"[0,0,0,0,0,0,0,0,0,0,0,0,4,14,3,13,5,12,4,12,3,11,2,10,3,9,2,8,3,8,3,7,2,7,3,6,2,5,3,4,3,4,2,3,2,2,2,2,3,1,2,1,2,0,2,0,2,-1,2,-1,2,-2,2,-2,0,0,2,-4,3,-4,2,-5,2,-5,3,-5,3,-5,4,-6,4,-6,4,-6,4,-5,4,-5,5,-5,4,-5,5,-5,5,-4,5,-4,5,-4,4,-3,5,-3,5,-2,4,-2,5,-1,5,-1,4,-1,3,0,3,0,0,0,0,0,0,0,0,0,0,0,0,0,0,0,11,43,11,41,14,41,11,38,9,37,9,34,9,33,10,30,9,31,8,26,9,24,7,22,8,22,10,19,5,19,7,16,9,13,8,11,6,10,9,11,6,7,7,7,7,4,7,2,7,1,5,-1,4,-1,6,-4,5,-5,5,-6,5,-6,4,-9,6,-11,9,-12,7,-12,9,-13,8,-13,10,-16,11,-14,10,-12,12,-13,13,-12,12,-15,14,-13,13,-11,15,-9,14,-7,14,-9,14,-8,15,-5,13,-5,13,-5,13,-3,13,-3,12,0,10,0,10,4,0,0,0,0,0,0,0,0,0,0,0,0,0,0,0,0,0,0,0,0,0,0,-22,-23,-19,-24,-19,-24,-15,-27,-15,-27,-14,-24,-13,-25,-11,-25,-15,-25,-14,-24,-13,-23,-14,-22,-16,-23,-15,-20,-13,-20,-15,-20,-18,-19,-14,-19,-16,-16,-18,-15,-19,-16,-21,-14,-23,-15,-25,-13,-25,-16,-27,-11,-25,-13,-25,-12,-29,-11,-30,-9,-28,-7,-32,-9,-29,-10,-32,-4,-34,-4,-35,-4,-34,-5,-36,-1,-34,0,-36,5,-37,1,-35,6,-35,7,-39,8,-35,9,-36,13,-38,12,-39,13,-39,15,-40,16,-41,19,-41,19,-44,17,-42,20,-45,21,-45,20,-47,19,0,0]"
CSI_DATA,353,1a:00:00:00:00:00,-48,11,1,0,1,1,1,0,0,0,1,-96,0,11,2,4934455,0,44,0,384,0,"[0,0,0,0,0,0,0,0,0,0,0,0,-14,1,-14,1,-13,2,-12,1,-12,1,-11,1,-10,2,-9,2,-9,1,-8,1,-8,2,-7,2,-6,1,-5,1,-5,2,-4,2,-4,2,-3,2,-3,1,-2,1,-2,2,-1,1,0,2,0,2,0,2,1,2,0,0,2,2,3,2,3,2,3,2,3,3,4,3,4,3,4,3,4,4,4,4,4,5,3,5,3,5,3,5,2,5,3,5,2,5,2,5,2,4,1,4,1,5,0,4,0,4,0,3,-1,4,-2,3,0,0,0,0,0,0,0,0,0,0,0,0,0,0,-43,2,-41,3,-41,8,-40,2,-38,5,-34,4,-36,4,-32,5,-30,2,-27,4,-25,5,-23,3,-22,3,-23,3,-20,6,-17,5,-16,5,-13,6,-10,5,-10,5,-9,5,-7,6,-7,6,-6,5,-5,4,-2,5,1,7,2,4,3,6,4,7,6,6,6,9,6,6,10,6,11,8,11,10,11,12,11,11,11,12,12,11,10,13,10,14,11,13,11,13,6,14,7,15,8,15,6,15,6,12,5,14,4,14,2,13,1,12,-1,12,0,13,-1,11,-2,9,0,0,0,0,0,0,0,0,0,0,0,0,0,0,0,0,0,0,0,0,0,0,26,-14,26,-10,28,-8,28,-7,28,-6,26,-5,27,-4,25,-4,27,-6,27,-5,25,-6,24,-8,25,-8,24,-7,22,-7,22,-7,20,-11,21,-10,20,-10,21,-11,20,-13,20,-16,18,-16,16,-19,16,-18,14,-23,16,-22,17,-24,17,-23,14,-26,15,-26,15,-29,14,-26,13,-27,15,-29,12,-30,9,-31,8,-34,7,-32,5,-36,5,-34,1,-38,2,-34,-1,-38,-2,-34,-1,-38,-3,-41,-6,-36,-7,-43,-7,-43,-9,-41,-14,-43,-9,-46,-9,-43,-14,-48,-14,-47,-8,-49,0,0]"
CSI_DATA,354,1a:00:00:00:00:00,-48,11,1,0,1,1,1,0,0,0,1,-96,0,11,2,4964459,0,44,0,384,0,"[0,0,0,0,0,0,0,0,0,0,0,0,11,-10,10,-9,8,-9,9,-9,8,-8,8,-7,7,-8,6,-7,6,-7,5,-6,5,-6,4,-6,3,-5,3,-5,2,-5,2,-5,1,-5,1,-4,0,-3,-1,-3,-1,-3,-1,-3,-1,-2,-2,-2,-3,-2,-3,-2,0,0,-4,-2,-5,-1,-5,-1,-5,-1,-6,-1,-6,-2,-6,-2,-6,-2,-7,-2,-7,-3,-7,-4,-6,-4,-6,-4,-6,-4,-5,-4,-6,-4,-5,-4,-5,-4,-5,-4,-4,-4,-4,-5,-3,-4,-3,-5,-2,-4,-2,-5,-1,-4,0,0,0,0,0,0,0,0,0,0,0,0,0,0,67,-56,71,-47,64,-56,60,-48,60,-49,58,-40,51,-41,49,-40,45,-37,41,-38,38,-37,34,-34,32,-31,31,-32,28,-26,21,-30,19,-26,14,-26,13,-21,6,-24,6,-20,4,-19,4,-15,1,-13,0,-11,-8,-13,-11,-13,-11,-12,-10,-6,-15,-8,-20,-7,-22,-3,-22,-1,-20,-4,-28,-4,-31,-3,-29,-7,-28,-3,-34,-6,-33,-10,-34,-7,-31,-15,-28,-13,-29,-15,-27,-19,-38,-17,-32,-19,-25,-18,-23,-18,-27,-17,-24,-20,-22,-22,-19,-20,-14,-23,-13,-22,-8,-23,-4,-22,0,0,0,0,0,0,0,0,0,0,0,0,0,0,0,0,0,0,0,0,0,0,-31,51,-32,45,-36,43,-43,43,-41,41,-42,40,-35,37,-36,39,-40,39,-35,38,-38,37,-34,33,-32,40,-33,36,-33,36,-32,36,-24,41,-25,38,-21,40,-19,40,-18,45,-13,45,-13,46,-11,51,-11,53,-5,53,-6,55,-4,57,-4,57,-1,64,2,56,5,62,5,61,10,55,12,64,15,61,14,61,22,65,19,62,27,62,27,62,33,58,36,61,40,58,39,56,50,56,52,54,51,58,53,56,56,63,58,61,62,60,67,68,64,64,68,69,68,64,69,69,0,0]"
CSI_DATA,355,1a:00:00:00:00:00,-48,11,1,0,1,1,1,0,0,0,1,-96,0,11,2,4974439,0,44,0,384,0,"[0,0,0,0,0,0,0,0,0,0,0,0,13,-4,12,-4,12,-4,11,-3,11,-3,9,-3,9,-3,8,-3,8,-3,6,-3,6,-3,5,-3,5,-2,4,-3,3,-3,3,-4,2,-3,2,-3,1,-3,1,-3,1,-2,0,-2,-1,-3,-1,-3,-1,-3,-2,-3,0,0,-3,-3,-4,-3,-4,-3,-5,-3,-4,-3,-5,-4,-5,-4,-5,-4,-6,-4,-5,-5,-5,-5,-4,-5,-4,-5,-4,-5,-4,-6,-4,-6,-3,-6,-3,-5,-3,-5,-3,-5,-2,-5,-2,-5,-1,-5,-1,-5,0,-5,0,-5,0,0,0,0,0,0,0,0,0,0,0,0,0,0,45,-10,40,-7,43,-10,38,-11,37,-8,36,-6,32,-9,32,-9,29,-8,27,-8,26,-11,22,-9,23,-8,20,-7,15,-8,16,-10,16,-8,12,-7,8,-6,10,-7,7,-9,6,-9,6,-5,1,-8,2,-6,3,-5,-1,-6,-2,-6,-4,-6,-8,-6,-7,-8,-9,-8,-9,-7,-12,-8,-12,-6,-13,-10,-12,-11,-13,-10,-12,-13,-14,-12,-14,-12,-15,-13,-12,-13,-12,-16,-10,-15,-13,-15,-9,-15,-8,-15,-8,-15,-6,-13,-7,-14,-4,-14,-2,-13,-1,-13,1,-13,0,-12,3,-12,0,0,0,0,0,0,0,0,0,0,0,0,0,0,0,0,0,0,0,0,0,0,-26,15,-30,15,-26,13,-29,11,-28,10,-29,8,-26,8,-28,8,-27,9,-26,7,-27,7,-25,11,-26,11,-25,8,-23,9,-22,9,-21,14,-22,11,-20,14,-18,14,-18,16,-20,18,-18,18,-18,20,-17,21,-15,25,-17,25,-15,27,-14,25,-14,29,-13,25,-13,31,-12,29,-10,30,-10,34,-9,33,-5,31,-6,34,-4,32,-3,35,-2,36,1,36,2,37,3,36,7,37,6,35,7,39,9,38,11,42,11,39,13,41,17,43,14,45,15,40,15,47,17,49,14,47,0,0]"
CSI_DATA,356,1a:00:00:00:00:00,-48,11,1,0,1,1,1,0,0,0,1,-96,0,11,2,4985521,0,44,0,384,0,"[0,0,0,0,0,0,0,0,0,0,0,0,13,3,12,3,11,2,11,3,10,3,9,2,9,1,8,1,8,1,7,1,7,1,6,0,5,0,5,0,4,-1,4,-2,3,-1,3,-1,2,-1,2,-2,1,-2,1,-2,0,-3,0,-3,-1,-3,-1,-3,0,0,-2,-4,-2,-4,-3,-5,-3,-5,-3,-5,-3,-5,-3,-6,-3,-6,-3,-6,-3,-7,-2,-7,-2,-7,-2,-7,-1,-7,-1,-7,-1,-7,0,-6,-1,-6,0,-6,0,-6,0,-6,1,-5,1,-5,1,-5,1,-4,2,-3,0,0,0,0,0,0,0,0,0,0,0,0,0,0,41,10,39,14,40,9,37,6,35,9,31,9,29,8,30,6,28,6,25,6,23,3,23,3,22,3,21,3,18,3,16,-1,17,-1,15,0,12,-2,10,-2,8,-4,6,-3,8,-4,7,-5,2,-4,3,-6,0,-7,1,-6,0,-9,-1,-8,-3,-8,-5,-10,-3,-9,-6,-10,-8,-9,-4,-13,-7,-15,-7,-13,-8,-15,-7,-17,-7,-18,-6,-17,-4,-17,-2,-18,-3,-17,-4,-17,-2,-17,0,-18,0,-15,0,-14,0,-15,0,-14,2,-14,4,-12,4,-11,4,-11,6,-9,0,0,0,0,0,0,0,0,0,0,0,0,0,0,0,0,0,0,0,0,0,0,-30,3,-30,-3,-29,-3,-28,-4,-30,-6,-28,-5,-28,-4,-26,-7,-27,-4,-26,-5,-25,-6,-24,-4,-26,-5,-26,-4,-23,-3,-23,-2,-24,1,-24,0,-22,0,-23,4,-25,4,-24,5,-23,9,-22,9,-24,11,-25,12,-25,10,-24,13,-24,15,-24,16,-24,17,-26,20,-25,20,-21,20,-22,23,-20,22,-20,23,-21,24,-19,26,-17,27,-18,28,-15,31,-13,31,-14,31,-12,29,-7,32,-8,33,-9,35,-9,37,-9,42,-8,39,-7,41,-7,40,-6,41,-10,45,-8,44,-7,44,0,0]"
CSI_DATA,357,1a:00:00:00:00:00,-48,11,1,0,1,1,1,0,0,0,1,-96,0,11,2,4994391,0,44,0,384,0,"[0,0,0,0,0,0,0,0,0,0,0,0,11,7,11,7,10,6,10,7,8,6,8,6,8,4,8,4,7,3,6,3,6,3,6,2,5,2,4,2,4,1,4,0,3,0,2,0,3,-1,2,-1,2,-1,1,-2,0,-2,1,-3,1,-3,0,-4,0,0,-1,-4,0,-5,0,-5,-1,-5,-1,-6,-1,-6,-1,-6,0,-7,0,-7,0,-7,1,-7,1,-7,1,-7,2,-7,2,-6,2,-6,3,-6,2,-6,2,-5,2,-5,3,-5,3,-4,3,-3,3,-3,3,-2,3,-2,0,0,0,0,0,0,0,0,0,0,0,0,0,0,58,68,53,66,59,63,46,59,47,52,47,54,39,47,42,49,37,45,36,41,36,37,31,33,31,31,31,30,28,24,31,19,25,22,24,14,24,15,19,9,21,8,12,3,17,4,14,-3,13,-1,14,-4,7,-9,10,-7,11,-14,7,-17,2,-15,3,-20,10,-22,5,-27,1,-24,7,-29,6,-32,6,-32,11,-33,10,-31,6,-30,11,-33,16,-33,19,-32,18,-28,20,-26,20,-27,18,-26,18,-25,17,-19,21,-21,21,-20,21,-16,21,-15,23,-12,23,-9,20,-4,0,0,0,0,0,0,0,0,0,0,0,0,0,0,0,0,0,0,0,0,0,0,-58,-24,-54,-27,-48,-32,-54,-36,-43,-34,-45,-36,-41,-32,-44,-31,-43,-35,-42,-31,-44,-34,-43,-28,-47,-30,-41,-29,-41,-33,-42,-23,-46,-23,-40,-14,-47,-14,-44,-15,-43,-17,-50,-13,-46,-10,-54,-6,-51,-1,-57,2,-54,1,-59,3,-54,3,-63,10,-56,8,-63,11,-58,9,-61,15,-64,14,-60,18,-59,20,-59,21,-59,27,-58,35,-65,29,-55,37,-61,40,-58,45,-57,44,-54,50,-55,47,-57,51,-57,56,-58,59,-62,62,-56,64,-66,63,-61,63,-64,74,-67,75,-64,70,0,0]"
CSI_DATA,358,1a:00:00:00:00:00,-48,11,1,0,1,1,1,0,0,0,1,-96,0,11,2,5004422,0,44,0,384,0,"[0,0,0,0,0,0,0,0,0,0,0,0,-6,12,-5,11,-4,12,-4,11,-4,10,-4,9,-3,9,-3,8,-3,8,-2,7,-2,6,-2,6,-1,5,-1,5,-1,4,0,4,0,3,0,3,0,2,1,2,1,1,2,1,1,0,2,0,2,0,2,0,0,0,3,-1,4,-2,4,-2,4,-3,4,-3,5,-3,5,-2,5,-2,6,-2,6,-1,6,-1,6,-1,6,-1,6,-1,6,0,5,0,5,0,5,0,5,1,4,1,4,1,4,1,4,2,3,2,3,2,2,2,0,0,0,0,0,0,0,0,0,0,0,0,0,0,-8,42,-9,39,-7,39,-9,37,-7,39,-10,33,-7,30,-6,30,-6,27,-5,27,-4,26,-5,24,-3,24,-3,20,-1,20,1,18,2,17,3,13,-1,11,2,12,4,9,3,8,5,6,5,4,5,4,4,1,6,2,5,0,5,-1,8,-2,8,-5,10,-4,8,-6,11,-8,12,-6,13,-9,13,-8,14,-8,13,-7,17,-7,17,-6,17,-5,18,-6,17,-8,16,-3,16,-4,17,-1,16,-1,13,-3,14,1,13,1,13,4,12,2,10,3,11,5,11,8,9,7,0,0,0,0,0,0,0,0,0,0,0,0,0,0,0,0,0,0,0,0,0,0,-9,-30,-3,-30,-2,-31,-2,-30,0,-31,1,-29,-1,-27,1,-27,0,-28,1,-27,2,-28,1,-26,-2,-27,0,-27,0,-25,-2,-26,-6,-26,-3,-24,-6,-23,-9,-22,-9,-23,-11,-23,-11,-24,-14,-22,-13,-22,-17,-21,-14,-22,-17,-23,-19,-23,-22,-23,-19,-21,-25,-24,-24,-22,-25,-21,-25,-22,-27,-21,-27,-18,-31,-18,-28,-16,-32,-14,-31,-16,-32,-14,-33,-14,-36,-8,-38,-9,-40,-11,-38,-9,-39,-5,-40,-6,-40,-4,-42,-4,-44,-2,-48,-5,-43,-4,-48,-2,-48,-1,-47,-6,0,0]"
CSI_DATA,359,1a:00:00:00:00:00,-48,11,1,0,1,1,1,0,0,0,1,-96,0,11,2,5014445,0,44,0,384,0,"[0,0,0,0,0,0,0,0,0,0,0,0,-15,-3,-14,-2,-13,-2,-13,-3,-12,-2,-11,-2,-10,-1,-9,-1,-9,-1,-8,-1,-8,-1,-7,0,-6,0,-6,0,-5,0,-5,0,-4,1,-3,1,-3,1,-3,1,-2,1,-1,1,-1,2,-1,2,-1,2,0,2,0,0,1,3,2,3,1,4,2,4,2,4,2,5,2,5,2,5,2,6,2,5,1,6,0,6,0,6,0,6,0,6,0,6,-1,5,-1,5,-1,5,-1,5,-2,5,-2,4,-3,4,-3,3,-3,3,-3,2,0,0,0,0,0,0,0,0,0,0,0,0,0,0,-42,-15,-42,-14,-37,-12,-38,-13,-38,-12,-31,-9,-34,-10,-29,-9,-28,-8,-27,-7,-24,-7,-23,-6,-22,-5,-21,-5,-19,-4,-19,-3,-17,-4,-16,-3,-16,-3,-12,1,-9,2,-11,2,-9,2,-8,1,-4,2,-5,4,-3,5,-1,7,-1,6,2,7,3,9,2,10,2,11,2,12,4,13,4,13,2,13,5,14,4,14,3,16,2,17,3,16,-2,17,1,17,-3,17,-2,17,-3,14,-2,15,-3,13,-4,13,-7,14,-6,13,-7,11,-10,10,-8,9,-7,8,-9,8,0,0,0,0,0,0,0,0,0,0,0,0,0,0,0,0,0,0,0,0,0,0,29,-11,27,-7,31,-5,27,-4,31,-4,25,-2,27,-1,27,0,29,-2,27,-2,26,-1,26,-3,26,-3,27,-1,24,-3,22,-3,22,-4,21,-5,21,-7,22,-7,21,-8,24,-12,22,-13,23,-13,22,-12,22,-17,21,-18,21,-18,22,-17,20,-21,19,-21,21,-24,22,-23,20,-24,21,-25,21,-27,19,-26,17,-27,16,-28,17,-32,15,-30,13,-33,12,-32,12,-37,9,-32,6,-35,8,-35,5,-39,6,-39,8,-42,6,-43,4,-46,7,-44,5,-44,7,-49,6,-46,11,-46,0,0]"
CSI_DATA,360,1a:00:00:00:00:00,-48,11,1,0,1,1,1,0,0,0,1,-96,0,11,2,5024445,0,44,0,384,0,"[0,0,0,0,0,0,0,0,0,0,0,0,-9,-12,-9,-11,-9,-10,-9,-11,-8,-10,-7,-9,-7,-8,-7,-7,-6,-7,-6,-6,-5,-6,-5,-5,-5,-5,-5,-4,-5,-3,-4,-3,-4,-2,-3,-2,-4,-1,-4,-1,-3,-1,-3,0,-2,0,-3,1,-3,1,-2,2,0,0,-2,3,-3,4,-3,4,-2,4,-3,4,-3,5,-3,6,-3,5,-4,5,-4,5,-5,5,-5,5,-5,4,-5,4,-5,4,-6,4,-6,3,-5,3,-5,2,-5,2,-5,2,-6,1,-5,1,-5,0,-5,0,-5,-1,0,0,0,0,0,0,0,0,0,0,0,0,0,0,-43,-79,-41,-78,-44,-68,-36,-65,-33,-59,-30,-56,-35,-57,-35,-55,-30,-51,-26,-43,-32,-40,-25,-42,-24,-36,-25,-35,-20,-35,-21,-24,-20,-23,-20,-20,-19,-15,-14,-13,-17,-10,-15,-10,-16,-5,-13,-4,-14,0,-16,2,-7,-2,-10,6,-12,8,-8,13,-10,12,-10,14,-13,17,-12,26,-10,24,-15,29,-14,28,-17,27,-17,26,-19,26,-18,25,-22,24,-26,28,-24,25,-23,22,-25,20,-26,19,-29,22,-25,15,-26,15,-27,12,-27,7,-25,12,-24,8,-25,7,-22,-1,-19,-4,0,0,0,0,0,0,0,0,0,0,0,0,0,0,0,0,0,0,0,0,0,0,53,21,47,30,49,31,48,33,44,35,45,33,42,30,35,32,41,33,44,36,36,34,36,34,40,32,40,27,35,29,39,27,43,24,40,28,43,19,44,20,44,15,43,15,48,10,52,9,51,10,51,6,53,0,51,5,56,2,56,0,58,0,62,-2,60,-2,57,-11,62,-13,60,-11,61,-14,61,-16,59,-18,61,-22,58,-24,63,-29,59,-31,63,-39,59,-34,63,-39,60,-36,59,-47,59,-50,62,-56,64,-51,64,-53,65,-54,67,-58,74,-60,69,-61,71,-58,0,0]"
CSI_DATA,361,1a:00:00:00:00:00,-48,11,1,0,1,1,1,0,0,0,1,-96,0,11,2,5044444,0,44,0,384,0,"[0,0,0,0,0,0,0,0,0,0,0,0,10,-9,10,-9,8,-9,9,-8,7,-7,8,-7,7,-7,6,-7,6,-6,4,-5,4,-6,4,-6,3,-5,2,-5,2,-4,2,-4,1,-4,1,-4,0,-3,0,-3,-1,-3,-1,-3,-2,-3,-2,-2,-3,-2,-3,-2,0,0,-4,-2,-4,-1,-5,-1,-5,-1,-6,-1,-6,-2,-6,-2,-6,-2,-7,-3,-6,-3,-7,-3,-6,-4,-6,-3,-5,-4,-6,-4,-6,-4,-5,-4,-5,-4,-4,-5,-4,-4,-3,-5,-3,-4,-3,-4,-3,-4,-2,-5,-1,-5,0,0,0,0,0,0,0,0,0,0,0,0,0,0,83,-32,80,-28,69,-35,72,-29,70,-29,66,-24,64,-25,57,-23,53,-23,48,-26,47,-27,41,-22,40,-28,37,-21,30,-20,28,-24,25,-20,20,-16,17,-16,17,-17,9,-19,10,-16,10,-13,4,-11,4,-11,0,-11,0,-15,-7,-10,-10,-10,-9,-12,-12,-11,-19,-14,-21,-11,-23,-10,-26,-15,-26,-14,-27,-13,-25,-17,-28,-20,-26,-21,-30,-22,-26,-21,-22,-24,-27,-26,-24,-25,-24,-31,-22,-26,-18,-28,-18,-27,-14,-27,-14,-29,-13,-28,-10,-25,-5,-26,-6,-24,-1,-25,2,-24,0,0,0,0,0,0,0,0,0,0,0,0,0,0,0,0,0,0,0,0,0,0,-39,49,-41,43,-45,40,-49,40,-48,34,-49,32,-43,33,-47,32,-46,34,-45,31,-47,27,-40,29,-43,31,-42,31,-36,30,-41,29,-33,35,-35,34,-30,34,-28,33,-28,39,-23,44,-26,42,-19,47,-23,49,-17,54,-22,48,-15,52,-17,56,-13,52,-13,54,-8,61,-10,62,-6,57,-8,66,-5,64,-4,65,5,69,5,66,8,67,6,61,18,65,19,65,23,69,29,64,25,70,31,69,36,71,31,72,42,76,42,73,45,72,41,77,49,75,48,87,45,81,42,83,0,0]"
CSI_DATA,362,1a:00:00:00:00:00,-48,11,1,0,1,1,1,0,0,0,1,-96,0,11,2,5054435,0,44,0,384,0,"[0,0,0,0,0,0,0,0,0,0,0,0,14,1,13,0,12,0,12,1,10,1,10,0,10,-1,9,-1,8,-1,7,-1,7,-1,6,-2,6,-1,5,-1,4,-2,4,-2,3,-2,3,-2,2,-2,2,-2,1,-2,1,-2,0,-3,0,-3,-1,-3,-1,-4,0,0,-3,-4,-2,-4,-3,-5,-3,-5,-3,-5,-3,-5,-4,-6,-3,-6,-3,-6,-3,-7,-2,-7,-2,-7,-2,-7,-1,-7,-1,-7,-1,-7,0,-6,-1,-7,0,-6,0,-6,0,-6,1,-5,1,-5,2,-4,2,-4,2,-4,0,0,0,0,0,0,0,0,0,0,0,0,0,0,44,4,41,7,42,4,35,4,36,4,32,4,32,4,30,4,29,4,28,1,25,1,20,0,21,1,20,2,18,0,16,-2,15,-2,14,-2,13,-3,12,-5,11,-5,7,-5,6,-5,5,-4,4,-5,3,-6,0,-7,-1,-6,0,-7,-3,-7,-4,-8,-4,-9,-5,-10,-7,-10,-7,-13,-6,-13,-6,-14,-7,-16,-7,-17,-9,-14,-8,-17,-6,-18,-5,-19,-5,-18,-2,-19,-3,-18,-1,-18,-1,-17,-1,-16,0,-15,-1,-16,-1,-15,3,-13,4,-12,6,-12,6,-9,7,-9,0,0,0,0,0,0,0,0,0,0,0,0,0,0,0,0,0,0,0,0,0,0,-28,14,-27,11,-29,8,-29,8,-28,5,-29,6,-27,7,-26,6,-29,5,-28,5,-28,3,-27,5,-26,6,-27,4,-25,5,-23,4,-24,9,-24,7,-22,9,-23,9,-22,10,-21,15,-21,15,-20,16,-22,16,-20,20,-20,19,-20,21,-20,21,-18,24,-17,24,-19,26,-19,24,-17,27,-17,26,-17,28,-14,27,-13,28,-12,30,-12,33,-12,31,-9,32,-9,34,-7,37,-5,35,-3,37,-3,39,-1,37,0,38,0,42,1,42,3,41,-1,43,1,42,0,49,0,47,-1,47,0,0]"
CSI_DATA,363,1a:00:00:00:00:00,-48,11,1,0,1,1,1,0,0,0,1,-96,0,11,2,5067923,0,44,0,384,0,"[0,0,0,0,0,0,0,0,0,0,0,0,-12,-8,-12,-7,-12,-7,-12,-8,-11,-7,-9,-6,-10,-5,-8,-5,-8,-5,-8,-5,-7,-4,-7,-3,-6,-3,-6,-3,-5,-2,-5,-2,-5,-1,-4,0,-4,0,-3,0,-3,0,-2,1,-2,1,-2,2,-2,2,-1,2,0,0,0,4,-1,4,-1,5,-1,5,0,5,-1,5,-1,5,-2,6,-1,6,-2,6,-2,6,-3,6,-3,6,-3,5,-3,5,-4,5,-4,5,-3,4,-4,4,-4,4,-4,3,-5,3,-5,2,-5,2,-5,1,-4,1,0,0,0,0,0,0,0,0,0,0,0,0,0,0,-31,-28,-35,-30,-31,-27,-30,-24,-30,-23,-26,-21,-27,-21,-25,-18,-25,-18,-21,-18,-20,-15,-18,-13,-18,-12,-21,-11,-15,-13,-16,-8,-15,-9,-15,-5,-11,-6,-10,-4,-9,-4,-8,-3,-9,0,-9,0,-6,1,-7,3,-6,6,-5,5,-5,6,-2,7,-1,7,1,10,0,12,1,10,1,12,-2,13,-2,15,-1,17,-2,15,-1,16,-2,17,-2,16,-4,19,-7,17,-6,16,-7,15,-7,12,-8,14,-6,14,-7,11,-8,12,-9,12,-10,10,-11,8,-11,7,-11,4,-10,4,0,0,0,0,0,0,0,0,0,0,0,0,0,0,0,0,0,0,0,0,0,0,28,8,27,10,27,12,27,13,27,14,23,14,23,13,25,13,25,14,25,14,22,17,21,11,23,12,23,12,19,10,23,11,22,8,22,9,20,6,23,4,25,4,24,2,25,-1,26,1,26,0,26,-2,29,-1,25,-3,29,-4,28,-7,27,-10,28,-9,29,-10,30,-11,30,-14,29,-15,29,-15,29,-16,29,-15,29,-20,26,-18,26,-24,24,-22,24,-25,21,-25,21,-29,22,-29,22,-29,23,-33,26,-35,25,-34,24,-35,24,-37,24,-37,26,-41,24,-39,26,-41,0,0]"
CSI_DATA,364,1a:00:00:00:00:00,-48,11,1,0,1,1,1,0,0,0,1,-96,0,11,2,5074731,0,44,0,384,0,"[0,0,0,0,0,0,0,0,0,0,0,0,11,6,11,6,11,5,10,6,9,5,8,4,8,3,7,3,7,3,6,3,6,2,6,1,6,2,5,1,4,1,4,0,3,-1,3,-1,2,-1,2,-1,2,-2,1,-2,0,-3,1,-2,0,-3,0,-4,0,0,-1,-4,-1,-5,-1,-5,-2,-6,-2,-5,-1,-6,-1,-6,-1,-6,-2,-7,-1,-7,-1,-7,0,-7,0,-7,0,-7,0,-6,1,-6,1,-6,1,-6,1,-6,1,-5,2,-5,2,-4,2,-5,3,-4,2,-4,3,-3,0,0,0,0,0,0,0,0,0,0,0,0,0,0,72,63,58,58,60,51,55,53,55,46,51,41,45,43,47,40,45,39,39,34,42,29,36,25,38,26,34,22,30,20,29,18,31,15,25,11,23,10,22,5,18,3,18,-1,15,-2,15,-5,14,-6,12,-5,9,-8,7,-12,6,-16,3,-15,1,-18,-3,-20,0,-24,-4,-27,-4,-28,-1,-29,0,-30,-1,-33,4,-37,-1,-32,8,-35,7,-33,9,-37,8,-34,10,-33,7,-38,10,-32,13,-33,9,-29,12,-28,10,-26,12,-24,18,-24,19,-19,20,-19,18,-12,15,-11,0,0,0,0,0,0,0,0,0,0,0,0,0,0,0,0,0,0,0,0,0,0,-57,-27,-51,-32,-52,-32,-48,-34,-47,-39,-40,-37,-45,-35,-40,-39,-42,-38,-39,-36,-42,-36,-41,-31,-44,-33,-43,-31,-40,-32,-42,-27,-44,-22,-41,-26,-44,-16,-46,-18,-47,-20,-53,-17,-53,-12,-54,-9,-53,-10,-56,-5,-52,-4,-58,0,-58,0,-64,2,-55,8,-66,8,-60,11,-62,13,-64,17,-64,17,-58,19,-62,25,-58,27,-60,36,-62,31,-54,39,-57,38,-54,44,-53,41,-56,52,-51,50,-50,53,-56,60,-55,61,-54,62,-51,72,-58,67,-53,68,-57,76,-58,71,-57,74,0,0]"
CSI_DATA,365,1a:00:00:00:00:00,-48,11,1,0,1,1,1,0,0,0,1,-96,0,11,2,5084454,0,44,0,384,0,"[0,0,0,0,0,0,0,0,0,0,0,0,-14,4,-13,4,-11,4,-12,4,-11,3,-10,3,-9,3,-9,3,-8,3,-7,3,-7,2,-6,3,-6,2,-5,2,-4,2,-4,3,-3,3,-2,2,-2,2,-2,2,-1,2,0,2,0,2,1,1,1,1,2,2,0,0,3,2,3,1,3,2,4,2,4,2,4,3,4,3,4,3,4,3,4,4,4,4,4,4,4,4,3,4,3,5,3,5,2,5,2,5,2,4,1,4,1,4,0,4,0,4,0,4,-1,4,-1,3,0,0,0,0,0,0,0,0,0,0,0,0,0,0,-80,23,-78,24,-75,23,-70,22,-70,23,-64,21,-62,20,-60,19,-49,13,-51,18,-46,23,-40,15,-42,19,-35,12,-32,14,-28,19,-26,17,-18,19,-24,18,-17,14,-13,18,-12,17,-9,9,-7,9,-6,14,0,10,2,13,1,10,5,11,15,13,15,10,17,12,18,13,20,11,19,11,27,12,27,16,27,17,25,17,26,17,28,24,26,21,25,26,20,27,18,25,23,25,19,24,18,24,14,26,16,25,15,23,14,26,9,25,6,26,2,25,-2,20,-3,18,0,0,0,0,0,0,0,0,0,0,0,0,0,0,0,0,0,0,0,0,0,0,50,-35,47,-31,52,-30,52,-27,53,-23,49,-20,48,-23,49,-24,51,-23,51,-18,49,-21,49,-19,48,-21,46,-19,43,-20,40,-21,40,-31,39,-24,37,-31,33,-31,33,-35,32,-38,30,-37,28,-40,31,-41,27,-48,23,-46,22,-48,25,-50,18,-55,17,-54,21,-61,17,-62,13,-59,15,-61,9,-62,5,-59,9,-69,4,-63,1,-65,-5,-64,-7,-67,-11,-66,-13,-67,-17,-70,-23,-65,-22,-64,-27,-71,-27,-69,-33,-75,-27,-76,-32,-79,-35,-79,-36,-78,-38,-89,-42,-85,-36,-85,0,0]"
CSI_DATA,366,1a:00:00:00:00:00,-48,11,1,0,1,1,1,0,0,0,1,-96,0,11,2,5094872,0,44,0,384,0,"[0,0,0,0,0,0,0,0,0,0,0,0,-2,-15,-2,-13,-3,-13,-2,-13,-2,-12,-1,-11,-2,-11,-2,-9,-2,-9,-2,-8,-2,-8,-2,-7,-2,-6,-2,-6,-2,-5,-2,-5,-3,-4,-2,-3,-3,-3,-3,-2,-3,-2,-3,-1,-3,-1,-3,0,-3,0,-3,1,0,0,-3,2,-4,2,-4,2,-4,3,-4,3,-5,3,-5,4,-5,3,-6,4,-6,3,-6,3,-7,2,-6,2,-7,2,-6,1,-6,1,-7,1,-6,1,-6,0,-6,0,-5,0,-5,-1,-5,-1,-5,-2,-5,-2,-4,-2,0,0,0,0,0,0,0,0,0,0,0,0,0,0,-6,-43,-5,-43,-6,-39,-4,-38,-5,-40,-5,-35,-6,-32,-5,-32,-4,-30,-5,-25,-7,-25,-4,-25,-5,-24,-6,-20,-4,-20,-4,-17,-7,-16,-7,-13,-7,-11,-5,-11,-7,-10,-7,-11,-7,-5,-7,-4,-6,-2,-5,0,-6,-2,-8,2,-6,2,-5,4,-7,5,-7,5,-6,7,-7,9,-10,8,-10,9,-12,10,-12,10,-12,12,-14,9,-14,11,-15,11,-15,11,-15,10,-16,8,-16,7,-15,5,-16,6,-14,3,-14,3,-15,1,-14,2,-16,2,-13,0,-13,-3,-12,-4,-9,-5,0,0,0,0,0,0,0,0,0,0,0,0,0,0,0,0,0,0,0,0,0,0,15,25,12,28,12,28,11,27,9,28,8,27,8,26,8,26,8,27,7,27,6,27,5,25,9,26,7,23,8,24,9,23,11,22,9,20,13,19,13,18,14,18,14,19,15,19,17,17,19,16,21,18,19,16,24,16,23,15,25,15,25,11,27,13,27,13,27,13,29,11,30,11,29,8,30,8,32,8,32,5,32,4,33,1,34,1,35,-1,33,0,37,-7,36,-6,38,-6,38,-9,40,-11,39,-9,40,-8,43,-10,42,-10,46,-13,44,-12,46,-10,0,0]"
CSI_DATA,367,1a:00:00:00:00:00,-48,11,1,0,1,1,1,0,0,0,1,-96,0,11,2,5124738,0,44,0,384,0,"[0,0,0,0,0,0,0,0,0,0,0,0,-1,-15,-2,-14,-3,-13,-2,-13,-3,-12,-1,-11,-2,-11,-2,-9,-2,-10,-2,-8,-1,-8,-2,-7,-2,-7,-3,-6,-3,-5,-2,-5,-3,-4,-2,-4,-3,-3,-3,-3,-3,-2,-3,-1,-3,-1,-3,0,-3,0,-3,0,0,0,-3,2,-4,2,-4,2,-4,3,-5,3,-6,3,-5,3,-6,3,-6,3,-6,3,-6,3,-7,2,-7,2,-7,2,-6,1,-7,0,-6,1,-6,0,-6,0,-6,0,-6,-1,-6,-1,-5,-1,-5,-2,-4,-3,-4,-3,0,0,0,0,0,0,0,0,0,0,0,0,0,0,9,-42,7,-42,6,-40,9,-38,8,-39,6,-33,6,-33,4,-31,2,-30,5,-28,5,-27,2,-25,3,-23,1,-21,2,-18,0,-18,-2,-19,-3,-15,0,-13,-4,-12,-3,-12,-3,-9,-6,-6,-5,-6,-5,-5,-6,-4,-7,-4,-6,-1,-7,-1,-9,0,-10,2,-9,4,-10,6,-10,5,-12,6,-14,5,-13,6,-16,7,-18,7,-15,7,-17,6,-16,3,-18,4,-19,3,-18,4,-17,1,-16,1,-16,0,-15,-2,-15,-3,-16,-3,-15,-2,-14,-3,-14,-5,-11,-6,-10,-8,-7,-8,0,0,0,0,0,0,0,0,0,0,0,0,0,0,0,0,0,0,0,0,0,0,6,30,2,28,2,29,0,29,0,30,-2,26,-2,26,-2,26,-3,29,-1,26,-1,28,-1,25,2,26,0,26,1,23,1,24,3,25,4,24,6,21,6,23,7,21,11,24,9,22,12,22,12,22,15,22,17,23,16,22,17,21,18,22,20,19,22,23,23,21,24,20,25,20,27,20,24,18,28,16,27,17,31,15,28,13,31,13,30,13,34,10,33,10,37,5,37,7,37,5,37,4,39,6,41,4,42,2,46,6,41,3,46,1,45,1,46,5,0,0]"
CSI_DATA,368,1a:00:00:00:00:00,-48,11,1,0,1,1,1,0,0,0,1,-96,0,11,2,5144611,0,44,0,384,0,"[0,0,0,0,0,0,0,0,0,0,0,0,-9,-13,-8,-12,-9,-11,-8,-11,-7,-10,-6,-9,-7,-8,-6,-8,-6,-7,-6,-7,-5,-7,-5,-5,-5,-5,-5,-4,-4,-4,-4,-3,-4,-3,-4,-2,-4,-2,-3,-1,-3,-1,-3,0,-2,0,-3,1,-3,2,-2,2,0,0,-2,3,-2,3,-2,4,-2,4,-2,4,-3,5,-3,5,-3,5,-3,5,-3,5,-4,5,-4,5,-4,5,-5,4,-5,4,-4,4,-5,4,-4,4,-5,3,-4,3,-5,2,-5,2,-5,2,-5,1,-5,1,-4,0,0,0,0,0,0,0,0,0,0,0,0,0,0,0,-39,-81,-42,-76,-42,-72,-33,-67,-33,-66,-29,-62,-30,-58,-31,-55,-29,-51,-27,-45,-29,-43,-22,-40,-24,-39,-23,-33,-21,-33,-23,-30,-20,-26,-21,-22,-19,-20,-18,-14,-20,-14,-17,-12,-19,-6,-14,-9,-13,-4,-13,1,-11,1,-12,7,-10,5,-10,11,-9,10,-9,15,-10,18,-11,19,-10,22,-10,24,-12,25,-11,29,-14,27,-19,27,-15,29,-18,28,-21,25,-23,28,-20,25,-25,23,-24,22,-25,23,-22,18,-24,13,-26,13,-22,13,-28,11,-26,11,-23,3,-23,2,-22,-4,0,0,0,0,0,0,0,0,0,0,0,0,0,0,0,0,0,0,0,0,0,0,45,38,39,42,35,45,38,48,31,47,32,46,28,46,25,43,28,49,32,47,26,48,27,43,30,44,30,39,28,41,26,36,36,36,34,31,32,31,36,30,38,33,44,28,43,22,45,24,46,22,47,16,50,20,52,16,52,19,59,10,57,11,63,10,62,11,60,0,61,8,63,-1,60,3,63,-4,63,-10,70,-12,65,-11,64,-17,64,-15,68,-20,65,-24,65,-27,64,-30,64,-33,71,-40,70,-41,71,-41,71,-42,79,-47,71,-42,81,-53,79,-56,81,-49,0,0]"
CSI_DATA,369,1a:00:00:00:00:00,-48,11,1,0,1,1,1,0,0,0,1,-96,0,11,2,5174800,0,44,0,384,0,"[0,0,0,0,0,0,0,0,0,0,0,0,-13,-6,-13,-5,-13,-5,-12,-5,-11,-5,-10,-5,-10,-3,-9,-3,-9,-3,-8,-3,-8,-3,-7,-2,-7,-2,-6,-2,-6,-2,-6,-1,-5,0,-4,0,-4,0,-3,0,-3,1,-2,1,-2,1,-2,2,-2,2,-1,2,0,0,0,3,0,3,0,3,1,4,0,4,0,5,0,5,0,5,0,6,0,6,-1,6,-1,6,-2,6,-2,6,-2,6,-2,6,-3,5,-2,5,-3,5,-3,4,-3,4,-4,4,-4,3,-4,2,-4,2,-4,2,0,0,0,0,0,0,0,0,0,0,0,0,0,0,-41,-22,-39,-23,-39,-18,-32,-18,-35,-16,-32,-17,-29,-17,-30,-16,-25,-13,-25,-11,-25,-10,-21,-9,-22,-9,-20,-7,-20,-6,-19,-6,-18,-6,-18,-4,-14,-3,-11,-2,-11,-1,-10,0,-10,2,-10,1,-9,2,-8,3,-4,5,-4,5,-3,4,0,6,-1,8,3,9,0,8,2,9,2,11,1,13,3,12,3,15,3,16,2,15,0,15,0,16,-3,14,-3,17,-3,17,-2,14,-4,15,-4,16,-4,13,-5,12,-4,13,-6,11,-7,12,-10,11,-9,8,-9,8,-9,4,0,0,0,0,0,0,0,0,0,0,0,0,0,0,0,0,0,0,0,0,0,0,29,1,30,4,28,3,29,8,27,8,27,6,26,8,27,8,27,7,26,8,25,9,24,7,25,7,25,7,23,6,21,5,23,5,22,3,23,0,22,0,23,-2,24,-4,24,-5,24,-4,25,-8,25,-9,25,-9,26,-10,24,-11,26,-13,23,-13,27,-16,27,-16,24,-19,25,-18,24,-21,23,-21,23,-21,23,-23,24,-28,21,-26,20,-26,18,-28,18,-31,17,-30,13,-30,14,-33,13,-35,15,-37,17,-39,15,-37,14,-40,15,-42,12,-38,19,-44,18,-47,18,-45,0,0]"
CSI_DATA,370,1a:00:00:00:00:00,-48,11,1,0,1,1,1,0,0,0,1,-96,0,11,2,5184476,0,44,0,384,0,"[0,0,0,0,0,0,0,0,0,0,0,0,6,-13,6,-12,5,-12,5,-11,4,-11,5,-10,4,-10,4,-9,3,-8,3,-8,3,-7,2,-7,1,-6,1,-6,1,-5,1,-6,0,-5,0,-4,-1,-4,-1,-3,-1,-3,-2,-2,-1,-2,-2,-2,-3,-1,-2,-1,0,0,-3,-1,-4,-1,-5,0,-5,0,-6,-1,-6,-1,-6,-1,-6,-1,-6,-1,-7,-2,-6,-2,-6,-2,-6,-3,-6,-3,-5,-4,-5,-4,-6,-4,-5,-3,-5,-4,-4,-4,-4,-4,-4,-4,-3,-4,-3,-4,-2,-4,-1,-4,0,0,0,0,0,0,0,0,0,0,0,0,0,0,28,-33,27,-31,25,-31,24,-31,24,-29,24,-25,20,-26,20,-24,18,-23,18,-24,18,-22,14,-19,14,-19,11,-16,12,-14,9,-17,9,-15,8,-15,5,-10,3,-11,2,-12,0,-12,0,-10,-1,-7,-2,-7,-2,-6,-3,-6,-4,-5,-8,-4,-6,-5,-8,-2,-8,-3,-10,-2,-12,-3,-12,-2,-15,-1,-14,-5,-14,-2,-16,-4,-14,-4,-15,-5,-17,-7,-15,-6,-15,-8,-16,-6,-16,-10,-14,-9,-13,-9,-12,-9,-11,-10,-11,-10,-11,-11,-8,-10,-7,-12,-5,-12,-4,-12,-3,-11,0,0,0,0,0,0,0,0,0,0,0,0,0,0,0,0,0,0,0,0,0,0,-3,30,-9,28,-8,28,-11,27,-12,28,-12,26,-13,26,-13,26,-13,24,-13,25,-12,24,-12,24,-9,25,-9,24,-8,20,-9,22,-6,24,-8,22,-4,22,-6,23,-3,22,-1,24,-1,24,2,24,1,26,4,26,5,25,6,26,5,26,8,28,7,27,10,28,11,28,13,27,12,31,13,28,14,27,17,29,16,28,19,24,21,26,22,25,24,25,27,23,24,22,32,26,29,24,30,21,31,21,33,24,33,22,38,23,38,26,35,23,38,27,40,24,41,28,0,0]"
CSI_DATA,371,1a:00:00:00:00:00,-48,11,1,0,1,1,1,0,0,0,1,-96,0,11,2,5194412,0,44,0,384,0,"[0,0,0,0,0,0,0,0,0,0,0,0,3,-15,3,-14,2,-14,2,-13,2,-12,2,-11,1,-11,2,-10,1,-9,1,-9,2,-8,1,-8,0,-7,0,-6,-1,-6,-1,-6,-1,-5,-1,-4,-2,-4,-2,-3,-2,-2,-2,-2,-2,-2,-3,-1,-3,-1,-3,-1,0,0,-4,0,-5,0,-5,1,-5,1,-5,1,-6,0,-7,1,-6,0,-7,0,-7,-1,-7,-1,-6,-1,-7,-1,-7,-1,-6,-2,-6,-2,-6,-2,-6,-2,-5,-3,-5,-3,-5,-3,-4,-3,-4,-4,-4,-4,-3,-4,-2,-4,0,0,0,0,0,0,0,0,0,0,0,0,0,0,6,-44,6,-45,3,-40,4,-42,7,-39,7,-34,5,-35,4,-33,3,-31,3,-27,1,-25,2,-27,2,-25,1,-23,3,-23,1,-20,-1,-19,-3,-17,-2,-13,-3,-16,-4,-13,-4,-11,-5,-7,-4,-6,-5,-5,-6,-5,-6,-4,-8,-2,-7,-1,-9,-1,-9,-1,-10,1,-11,2,-11,4,-10,4,-15,5,-15,6,-16,4,-15,3,-18,3,-19,1,-17,2,-16,1,-19,0,-16,1,-18,-2,-14,-3,-16,-3,-15,-6,-16,-5,-14,-7,-14,-6,-12,-7,-10,-7,-10,-8,-7,-9,-7,-11,0,0,0,0,0,0,0,0,0,0,0,0,0,0,0,0,0,0,0,0,0,0,18,23,14,27,14,26,13,27,11,29,8,26,10,26,8,25,8,27,7,27,7,27,7,24,9,25,9,25,8,23,6,23,10,21,9,21,12,18,13,20,14,20,15,21,18,20,18,17,19,20,21,17,20,18,20,16,22,18,23,16,23,15,27,17,26,15,27,13,28,14,29,13,28,13,31,10,30,11,33,9,31,7,36,7,32,5,38,4,35,3,38,1,36,-1,38,-1,40,-2,44,-1,43,-5,43,-2,46,-1,45,0,49,-2,45,-1,47,-2,0,0]"
CSI_DATA,372,1a:00:00:00:00:00,-48,11,1,0,1,1,1,0,0,0,1,-96,0,11,2,5204364,0,44,0,384,0,"[0,0,0,0,0,0,0,0,0,0,0,0,0,-15,0,-14,-1,-13,0,-13,-1,-12,0,-11,0,-11,0,-10,0,-9,-1,-8,0,-8,-1,-7,-1,-7,-1,-6,-1,-5,-1,-5,-1,-5,-2,-4,-2,-3,-2,-3,-2,-2,-2,-2,-2,-2,-3,-1,-4,0,-3,0,0,0,-3,1,-5,1,-5,1,-4,1,-5,1,-6,1,-5,1,-6,1,-6,1,-7,1,-7,1,-7,1,-6,0,-7,0,-6,-1,-6,-1,-6,-1,-6,-2,-6,-2,-5,-2,-5,-2,-5,-3,-5,-2,-4,-3,-3,-3,-3,-4,0,0,0,0,0,0,0,0,0,0,0,0,0,0,11,-42,11,-38,8,-39,12,-36,9,-37,10,-35,10,-32,10,-31,7,-28,5,-28,6,-28,3,-26,6,-26,4,-20,3,-21,1,-18,2,-17,1,-16,-1,-13,-1,-14,-3,-13,-1,-10,-3,-6,-3,-8,-4,-7,-6,-7,-6,-5,-6,-3,-6,-2,-8,-2,-8,-1,-9,1,-10,2,-11,3,-10,5,-13,4,-14,3,-13,4,-17,1,-14,3,-16,2,-15,-1,-16,0,-19,0,-17,1,-16,-2,-18,-6,-16,-3,-15,-5,-14,-6,-14,-5,-12,-6,-11,-4,-11,-7,-10,-7,-8,-8,-5,-11,0,0,0,0,0,0,0,0,0,0,0,0,0,0,0,0,0,0,0,0,0,0,9,30,7,28,6,27,3,30,3,30,-2,28,0,27,0,27,0,29,0,25,-1,25,1,25,1,26,2,26,1,23,0,20,4,24,5,22,7,21,7,22,10,20,10,23,11,21,11,19,12,22,15,21,13,22,18,21,15,21,18,20,18,20,23,20,22,19,25,19,25,19,27,19,25,17,26,16,26,16,29,15,29,15,32,12,31,12,35,10,35,10,32,8,35,7,37,4,39,5,38,6,40,5,42,4,46,8,39,4,44,7,46,6,44,7,0,0]"
CSI_DATA,373,1a:00:00:00:00:00,-48,11,1,0,1,1,1,0,0,0,1,-96,0,11,2,5214453,0,44,0,384,0,"[0,0,0,0,0,0,0,0,0,0,0,0,8,11,8,10,8,9,7,10,6,9,5,8,6,7,5,7,5,6,5,5,4,5,4,4,4,4,4,3,4,3,3,2,3,1,3,1,3,1,3,0,2,0,2,-1,2,-1,2,-2,2,-2,1,-2,0,0,1,-3,1,-4,1,-5,1,-5,2,-5,1,-5,2,-6,2,-5,2,-6,2,-6,3,-6,3,-5,4,-5,4,-5,4,-4,4,-4,4,-4,4,-4,4,-3,4,-3,4,-2,4,-2,4,-2,4,-1,3,-1,3,0,0,0,0,0,0,0,0,0,0,0,0,0,0,0,40,79,37,77,41,72,27,65,34,61,27,59,29,59,31,59,28,48,23,45,25,45,23,39,21,38,22,36,22,29,20,28,22,26,21,21,17,20,15,17,17,13,15,14,16,6,18,3,13,2,18,-1,10,-4,11,-5,7,-8,10,-12,7,-13,9,-14,13,-15,7,-19,10,-20,13,-23,13,-24,12,-27,18,-27,17,-26,17,-25,22,-27,20,-25,23,-30,23,-24,26,-21,22,-18,25,-18,22,-14,25,-13,23,-14,23,-11,23,-9,22,-4,22,-1,26,2,16,2,0,0,0,0,0,0,0,0,0,0,0,0,0,0,0,0,0,0,0,0,0,0,-47,-34,-47,-33,-47,-39,-41,-42,-40,-44,-36,-43,-34,-39,-38,-43,-39,-43,-36,-43,-33,-43,-34,-36,-39,-36,-37,-35,-33,-36,-30,-31,-36,-33,-34,-30,-35,-25,-36,-25,-39,-26,-44,-20,-43,-20,-47,-17,-47,-17,-51,-11,-49,-12,-52,-13,-57,-12,-57,-9,-55,-3,-59,-5,-60,0,-60,-2,-66,0,-64,5,-62,5,-63,11,-62,13,-63,16,-63,16,-63,25,-62,24,-67,25,-63,29,-59,34,-63,37,-64,36,-68,43,-72,47,-66,50,-66,48,-75,46,-72,52,-81,53,-71,50,-79,52,0,0]"
CSI_DATA,374,1a:00:00:00:00:00,-48,11,1,0,1,1,1,0,0,0,1,-96,0,11,2,5224418,0,44,0,384,0,"[0,0,0,0,0,0,0,0,0,0,0,0,7,12,7,11,8,11,7,11,6,10,5,9,6,8,5,7,5,7,4,6,4,6,4,5,4,5,4,4,3,3,3,3,3,2,3,2,2,1,3,1,3,0,3,-1,2,-1,2,-1,2,-2,1,-2,0,0,1,-3,2,-4,2,-4,2,-5,2,-5,3,-5,3,-5,3,-6,3,-6,3,-6,4,-5,5,-5,4,-5,4,-4,4,-4,4,-4,5,-4,4,-3,4,-3,4,-2,4,-2,4,-2,5,-1,4,0,4,0,3,0,0,0,0,0,0,0,0,0,0,0,0,0,0,0,72,47,75,54,70,43,62,46,62,45,55,42,57,44,53,41,48,36,40,31,46,29,43,27,38,23,37,22,34,21,34,17,33,17,24,10,25,9,24,6,20,6,23,4,19,2,17,-2,16,-3,10,-9,12,-7,8,-13,6,-12,2,-16,6,-12,2,-12,2,-22,2,-26,0,-24,3,-27,3,-30,-2,-35,4,-31,9,-28,7,-32,9,-32,13,-34,12,-30,11,-29,15,-29,15,-28,17,-29,18,-22,17,-21,18,-23,19,-19,14,-23,17,-18,22,-13,20,-8,23,-4,0,0,0,0,0,0,0,0,0,0,0,0,0,0,0,0,0,0,0,0,0,0,-62,0,-57,-7,-62,-10,-61,-12,-62,-15,-56,-17,-53,-13,-55,-17,-56,-17,-55,-20,-52,-17,-48,-13,-54,-11,-52,-12,-45,-13,-49,-10,-51,-5,-49,-7,-47,-3,-44,0,-50,5,-52,3,-51,5,-54,9,-54,12,-49,17,-50,11,-54,16,-57,21,-55,25,-50,30,-54,33,-57,33,-52,36,-62,34,-50,35,-53,39,-54,41,-48,45,-51,50,-47,47,-49,53,-45,50,-40,63,-37,54,-41,59,-39,59,-37,66,-37,70,-45,79,-42,75,-37,78,-45,78,-39,86,-41,87,-43,86,-44,91,0,0]"
CSI_DATA,375,1a:00:00:00:00:00,-48,11,1,0,1,1,1,0,0,0,1,-96,0,11,2,5234459,0,44,0,384,0,"[0,0,0,0,0,0,0,0,0,0,0,0,-13,6,-13,6,-11,5,-11,5,-10,5,-10,4,-9,5,-8,4,-8,4,-7,3,-7,4,-6,4,-5,3,-5,3,-5,3,-4,3,-3,3,-3,2,-2,2,-2,2,-1,2,-1,2,-1,2,0,2,1,2,1,1,0,0,2,2,2,2,2,2,4,2,3,2,4,2,4,2,4,3,4,3,4,4,4,4,3,4,3,4,3,4,3,4,2,5,2,4,2,4,1,5,1,5,1,4,0,4,0,3,-1,4,-1,4,-2,3,0,0,0,0,0,0,0,0,0,0,0,0,0,0,-83,20,-87,16,-76,23,-75,19,-76,22,-67,17,-66,17,-60,16,-57,18,-53,20,-48,19,-45,16,-46,21,-42,14,-40,10,-34,19,-31,12,-25,14,-22,15,-21,15,-16,14,-18,14,-12,12,-9,12,-9,9,-2,10,-3,10,1,10,-1,11,8,13,8,16,9,17,12,15,19,11,21,14,16,14,20,18,20,12,23,24,21,23,20,25,18,26,22,26,16,28,15,28,19,30,11,29,8,28,6,26,8,28,8,27,1,30,1,21,-5,25,-5,23,-7,22,-9,19,0,0,0,0,0,0,0,0,0,0,0,0,0,0,0,0,0,0,0,0,0,0,41,-44,45,-38,44,-36,47,-31,51,-30,48,-27,41,-28,46,-26,48,-32,48,-27,46,-26,43,-24,44,-25,42,-26,35,-23,39,-30,34,-31,36,-29,32,-31,29,-35,28,-34,26,-40,26,-39,23,-43,21,-47,22,-46,22,-47,21,-54,19,-54,15,-55,12,-53,12,-57,10,-61,9,-57,9,-62,2,-64,4,-63,2,-61,4,-63,-2,-66,-5,-63,-9,-72,-12,-69,-17,-68,-22,-69,-31,-71,-27,-69,-26,-73,-30,-70,-27,-74,-28,-78,-36,-79,-34,-82,-36,-78,-36,-87,-37,-84,-33,-84,0,0]"
CSI_DATA,376,1a:00:00:00:00:00,-48,11,1,0,1,1,1,0,0,0,1,-96,0,11,2,5247464,0,44,0,384,0,"[0,0,0,0,0,0,0,0,0,0,0,0,-6,-14,-6,-13,-7,-12,-6,-12,-5,-11,-5,-10,-5,-10,-5,-9,-5,-9,-5,-8,-4,-8,-4,-7,-4,-6,-4,-5,-4,-5,-4,-4,-4,-4,-3,-3,-4,-3,-3,-2,-3,-1,-3,-1,-2,-1,-3,0,-3,1,-2,1,0,0,-2,2,-3,2,-3,3,-3,3,-3,4,-4,4,-4,4,-4,4,-4,4,-5,4,-5,4,-5,3,-5,3,-6,3,-6,3,-6,3,-6,3,-5,2,-5,2,-5,1,-5,1,-5,0,-5,0,-5,-1,-4,-1,-4,-2,0,0,0,0,0,0,0,0,0,0,0,0,0,0,-39,-82,-33,-82,-35,-73,-29,-73,-30,-69,-24,-65,-27,-65,-31,-61,-28,-58,-22,-54,-27,-51,-19,-48,-27,-42,-23,-44,-18,-37,-21,-37,-23,-32,-20,-23,-17,-22,-20,-22,-18,-18,-16,-17,-15,-9,-18,-13,-15,-5,-14,0,-10,0,-12,1,-13,6,-13,10,-10,8,-13,8,-13,16,-9,23,-13,22,-17,22,-17,23,-17,21,-16,23,-21,28,-20,21,-23,24,-27,25,-25,21,-24,21,-27,20,-29,15,-33,14,-27,14,-28,12,-27,9,-27,8,-25,8,-26,4,-25,-2,-24,-1,-19,-6,0,0,0,0,0,0,0,0,0,0,0,0,0,0,0,0,0,0,0,0,0,0,47,39,40,43,40,43,39,48,32,47,31,48,30,47,30,48,33,51,29,44,30,49,30,43,34,42,31,40,27,41,30,36,33,36,32,34,33,28,39,29,42,25,47,26,44,20,48,22,47,18,47,16,46,19,50,13,53,18,64,12,52,12,61,7,65,7,61,2,63,3,65,1,61,0,68,-4,63,-12,62,-14,62,-15,66,-15,64,-18,68,-26,63,-30,70,-29,69,-31,72,-38,68,-40,73,-45,72,-43,75,-44,79,-41,79,-47,82,-54,83,-52,79,-48,0,0]"
CSI_DATA,377,1a:00:00:00:00:00,-48,11,1,0,1,1,1,0,0,0,1,-96,0,11,2,5254519,0,44,0,384,0,"[0,0,0,0,0,0,0,0,0,0,0,0,7,-13,5,-12,4,-12,5,-12,5,-11,5,-9,4,-10,3,-9,3,-9,3,-8,3,-8,2,-7,2,-7,1,-6,1,-5,1,-5,0,-5,0,-4,-1,-4,-1,-4,-1,-3,-2,-3,-2,-3,-2,-2,-3,-2,-3,-2,0,0,-3,-1,-4,-1,-4,-1,-5,-1,-5,-1,-6,0,-6,-1,-6,-1,-6,-1,-6,-2,-6,-2,-6,-2,-6,-2,-6,-2,-6,-3,-5,-3,-5,-3,-4,-4,-4,-4,-4,-4,-4,-4,-4,-4,-3,-4,-3,-4,-2,-4,-1,-4,0,0,0,0,0,0,0,0,0,0,0,0,0,0,49,-71,47,-70,46,-71,45,-60,43,-63,45,-59,38,-55,39,-54,33,-48,29,-46,31,-45,23,-48,26,-40,19,-40,21,-41,16,-33,15,-34,8,-30,10,-29,7,-23,10,-24,5,-23,1,-17,0,-15,-3,-15,-4,-13,-5,-9,-4,-10,-11,-4,-11,-9,-15,-1,-20,-5,-20,-5,-22,-2,-24,-2,-25,1,-26,-4,-30,-2,-32,-4,-34,-9,-30,-6,-32,-15,-37,-15,-31,-17,-32,-12,-33,-18,-29,-17,-26,-18,-29,-18,-25,-16,-24,-16,-22,-18,-16,-19,-10,-21,-15,-20,-13,-23,-7,-24,0,0,0,0,0,0,0,0,0,0,0,0,0,0,0,0,0,0,0,0,0,0,-4,62,-9,61,-12,57,-15,59,-18,56,-19,50,-21,52,-21,50,-20,51,-19,51,-21,47,-18,49,-20,51,-18,50,-15,42,-12,43,-12,48,-9,42,-4,44,-2,51,1,44,1,52,4,43,8,47,14,46,12,49,14,53,16,48,20,51,23,54,22,54,32,57,27,59,32,54,35,56,34,55,37,56,37,56,39,52,47,49,42,45,49,42,51,48,56,47,58,41,66,40,65,40,68,38,67,35,72,40,75,42,77,38,83,46,78,43,84,42,84,43,82,45,0,0]"
CSI_DATA,378,1a:00:00:00:00:00,-48,11,1,0,1,1,1,0,0,0,1,-96,0,11,2,5264466,0,44,0,384,0,"[0,0,0,0,0,0,0,0,0,0,0,0,3,-15,3,-15,2,-13,3,-13,2,-12,3,-11,2,-11,2,-10,2,-10,1,-9,1,-9,1,-8,1,-7,0,-7,-1,-6,0,-6,-1,-5,-1,-4,-1,-4,-2,-3,-1,-3,-2,-3,-2,-2,-2,-2,-3,-1,-3,-1,0,0,-4,0,-4,0,-5,0,-5,0,-5,1,-6,0,-6,1,-6,1,-7,0,-7,0,-7,-1,-7,-1,-7,-1,-7,-1,-6,-2,-6,-2,-6,-2,-6,-2,-6,-3,-5,-3,-4,-3,-4,-3,-4,-3,-3,-4,-3,-4,-2,-4,0,0,0,0,0,0,0,0,0,0,0,0,0,0,14,-42,14,-40,14,-39,13,-38,12,-37,12,-33,11,-32,9,-32,9,-28,9,-27,8,-27,8,-25,7,-24,5,-22,5,-20,2,-20,3,-19,2,-18,0,-15,1,-15,-1,-16,0,-14,-3,-10,-3,-8,-3,-6,-3,-6,-3,-6,-5,-3,-7,-2,-7,-3,-7,-4,-9,-1,-8,0,-13,3,-12,1,-13,2,-14,1,-17,1,-15,0,-16,0,-16,1,-17,-2,-17,-2,-18,-1,-15,-3,-16,-3,-16,-7,-16,-5,-14,-7,-13,-8,-16,-8,-12,-7,-11,-8,-10,-8,-7,-8,-8,-10,-7,-11,0,0,0,0,0,0,0,0,0,0,0,0,0,0,0,0,0,0,0,0,0,0,11,28,7,29,5,28,4,30,2,29,0,29,1,26,0,27,-1,29,0,26,0,27,0,25,3,26,0,26,1,23,2,23,3,23,2,22,6,21,6,21,8,20,10,23,9,23,12,21,13,20,17,21,15,23,15,21,19,21,20,21,20,17,23,22,24,22,24,19,23,22,26,19,25,19,28,19,28,17,30,17,31,18,31,11,32,14,36,10,32,10,33,9,36,11,39,9,39,8,42,7,41,8,42,5,45,9,41,8,48,8,47,7,48,9,0,0]"
CSI_DATA,379,1a:00:00:00:00:00,-48,11,1,0,1,1,1,0,0,0,1,-96,0,11,2,5274523,0,44,0,384,0,"[0,0,0,0,0,0,0,0,0,0,0,0,12,7,12,6,11,6,11,6,10,6,8,5,9,4,8,4,8,4,7,3,7,3,6,2,6,3,5,2,4,2,5,1,4,0,3,0,3,0,3,-1,2,0,2,-1,2,-2,1,-2,1,-2,1,-3,0,0,0,-4,0,-4,0,-5,0,-5,0,-5,0,-5,0,-6,1,-6,0,-7,1,-6,2,-7,2,-6,2,-6,2,-6,2,-6,2,-5,3,-5,2,-5,3,-5,3,-4,3,-4,4,-3,3,-3,3,-2,3,-1,3,-1,0,0,0,0,0,0,0,0,0,0,0,0,0,0,38,21,36,23,38,20,35,19,33,18,29,19,29,16,29,18,25,13,24,14,24,12,20,10,22,9,21,9,19,10,16,7,17,7,15,3,14,4,13,3,10,0,11,2,10,-2,9,0,9,-3,6,-3,5,-3,4,-8,4,-6,3,-7,1,-8,-1,-9,2,-10,0,-13,0,-12,-1,-14,-1,-16,0,-17,1,-16,2,-14,1,-15,2,-18,3,-19,6,-17,4,-16,3,-16,6,-16,7,-15,6,-13,5,-12,7,-12,7,-10,8,-9,9,-7,9,-7,7,-6,8,-3,0,0,0,0,0,0,0,0,0,0,0,0,0,0,0,0,0,0,0,0,0,0,-30,3,-31,-1,-29,-4,-31,-4,-29,-7,-27,-8,-26,-6,-27,-7,-28,-8,-29,-7,-27,-7,-26,-5,-26,-5,-24,-5,-26,-5,-23,-4,-25,-2,-21,-5,-23,0,-21,1,-23,2,-23,4,-24,7,-26,7,-26,6,-25,10,-24,8,-25,12,-26,11,-28,16,-23,13,-27,17,-27,17,-26,17,-26,19,-27,18,-25,20,-24,23,-22,22,-21,28,-21,25,-21,27,-21,29,-20,30,-19,29,-17,36,-16,33,-16,33,-18,36,-15,38,-16,40,-15,38,-17,41,-14,40,-16,46,-17,47,-20,43,0,0]"
CSI_DATA,380,1a:00:00:00:00:00,-48,11,1,0,1,1,1,0,0,0,1,-96,0,11,2,5284717,0,44,0,384,0,"[0,0,0,0,0,0,0,0,0,0,0,0,1,-15,0,-14,0,-14,0,-13,0,-13,1,-11,0,-11,0,-10,0,-9,-1,-9,0,-8,0,-8,-1,-8,-1,-7,-1,-6,-2,-6,-1,-5,-1,-4,-2,-4,-2,-3,-3,-3,-3,-2,-2,-2,-3,-2,-3,-1,-3,-1,0,0,-3,0,-4,1,-4,1,-5,1,-5,1,-6,1,-6,1,-6,1,-6,1,-6,1,-7,0,-7,0,-6,0,-6,-1,-6,-1,-6,-1,-6,-1,-6,-2,-5,-2,-5,-2,-5,-2,-4,-3,-4,-3,-4,-3,-3,-4,-2,-4,0,0,0,0,0,0,0,0,0,0,0,0,0,0,-2,-45,-1,-46,-4,-42,2,-39,1,-40,0,-37,-1,-34,0,-33,0,-31,0,-27,-2,-27,-1,-28,-3,-27,-2,-21,0,-21,0,-20,-2,-18,-3,-16,-3,-14,-3,-14,-8,-13,-5,-12,-5,-6,-6,-9,-5,-4,-5,-5,-4,-4,-6,0,-7,1,-8,0,-8,2,-8,3,-9,4,-10,7,-10,4,-13,5,-13,6,-13,6,-14,6,-14,4,-16,4,-17,4,-16,2,-18,2,-17,3,-17,0,-15,1,-16,0,-14,-1,-15,-3,-15,-2,-14,-2,-14,-4,-12,-6,-11,-7,-8,-7,-7,-9,0,0,0,0,0,0,0,0,0,0,0,0,0,0,0,0,0,0,0,0,0,0,17,26,14,26,15,28,12,26,10,27,7,27,10,24,7,26,8,28,7,26,5,25,6,23,9,26,7,21,5,21,7,20,12,21,10,20,9,17,12,18,14,17,17,19,15,18,17,17,19,17,20,17,21,15,22,15,24,14,25,13,24,12,27,12,26,12,27,10,32,12,29,11,32,11,32,7,32,9,32,7,32,6,35,4,34,3,37,1,32,0,37,-4,37,-2,39,-7,37,-5,44,-6,43,-6,42,-6,46,-5,46,-7,48,-5,46,-7,47,-7,0,0]"
CSI_DATA,381,1a:00:00:00:00:00,-48,11,1,0,1,1,1,0,0,0,1,-96,0,11,2,5294439,0,44,0,384,0,"[0,0,0,0,0,0,0,0,0,0,0,0,9,9,9,9,9,8,8,8,8,8,7,7,7,6,6,5,6,5,6,5,6,4,5,3,5,3,5,2,4,2,4,2,3,1,3,1,3,1,3,0,2,0,2,-1,2,-1,2,-2,2,-2,1,-3,0,0,1,-3,1,-3,1,-5,1,-5,1,-5,2,-5,2,-5,2,-6,2,-6,2,-5,2,-6,3,-5,3,-5,3,-5,3,-5,3,-5,3,-4,3,-4,4,-3,4,-3,3,-3,4,-2,4,-2,3,-1,3,-1,3,0,0,0,0,0,0,0,0,0,0,0,0,0,0,0,47,75,44,77,49,72,36,64,41,67,35,64,32,56,34,61,32,54,29,46,30,44,28,41,22,39,23,36,18,34,24,26,25,28,23,26,22,21,17,17,22,15,13,16,17,7,16,8,15,8,16,4,13,-4,14,-4,13,-3,9,-8,8,-13,15,-13,17,-19,15,-19,13,-19,13,-19,16,-28,15,-27,16,-22,21,-26,19,-26,21,-23,28,-25,23,-21,25,-20,28,-18,26,-18,25,-15,24,-14,24,-10,25,-11,24,-9,27,-6,23,-1,25,-2,21,1,17,5,0,0,0,0,0,0,0,0,0,0,0,0,0,0,0,0,0,0,0,0,0,0,-57,-21,-52,-28,-52,-26,-50,-32,-49,-30,-49,-31,-45,-33,-46,-30,-45,-36,-43,-35,-37,-33,-38,-32,-41,-33,-38,-29,-40,-27,-38,-24,-41,-22,-38,-19,-46,-14,-42,-21,-45,-17,-49,-13,-46,-9,-53,-6,-49,-6,-53,-3,-50,-2,-56,-2,-55,1,-60,7,-56,6,-62,5,-65,10,-62,14,-61,10,-64,19,-58,16,-62,20,-57,23,-67,27,-62,23,-63,33,-61,32,-64,37,-59,39,-63,39,-60,43,-59,46,-61,53,-70,52,-66,54,-66,58,-69,62,-68,61,-80,61,-75,62,-80,58,0,0]"
CSI_DATA,382,1a:00:00:00:00:00,-48,11,1,0,1,1,1,0,0,0,1,-96,0,11,2,5304905,0,44,0,384,0,"[0,0,0,0,0,0,0,0,0,0,0,0,-16,1,-15,1,-13,1,-14,0,-12,0,-11,1,-11,1,-10,2,-10,1,-9,1,-9,1,-8,1,-7,1,-6,1,-6,1,-5,2,-5,2,-4,2,-3,1,-3,1,-3,2,-2,2,-2,2,-1,2,-1,2,0,2,0,0,1,3,1,3,2,3,2,3,2,3,2,4,3,4,2,4,3,5,2,5,2,6,1,5,1,5,1,6,0,5,0,5,0,5,0,5,-1,5,-1,4,-1,4,-1,4,-2,4,-3,3,-3,3,-3,2,0,0,0,0,0,0,0,0,0,0,0,0,0,0,-42,5,-44,3,-43,8,-37,8,-39,6,-33,4,-36,6,-33,4,-31,5,-29,4,-27,4,-25,4,-24,6,-22,3,-19,5,-21,5,-18,6,-16,4,-15,4,-13,4,-11,6,-9,6,-9,5,-7,6,-5,5,-3,6,-3,6,-1,7,0,6,2,7,3,6,4,6,5,8,5,9,8,8,5,11,6,11,8,11,6,12,9,12,9,13,6,14,6,15,3,13,4,15,4,16,3,14,1,15,1,12,1,15,1,12,-1,10,-2,11,-5,11,-4,9,-6,8,-7,6,0,0,0,0,0,0,0,0,0,0,0,0,0,0,0,0,0,0,0,0,0,0,22,-21,23,-18,25,-16,25,-14,26,-15,25,-12,24,-13,25,-11,24,-11,25,-12,25,-11,22,-11,24,-11,22,-12,21,-10,19,-12,18,-15,19,-15,18,-14,16,-18,16,-15,16,-19,13,-20,14,-21,15,-23,15,-22,12,-23,11,-25,13,-25,11,-27,10,-25,9,-29,10,-31,9,-31,9,-31,7,-30,6,-33,7,-32,4,-31,4,-35,3,-34,-2,-36,-3,-33,-4,-36,-4,-36,-5,-35,-8,-37,-10,-38,-9,-38,-11,-42,-11,-42,-14,-43,-11,-42,-12,-45,-13,-48,-12,-47,-10,-49,0,0]"
CSI_DATA,383,1a:00:00:00:00:00,-48,11,1,0,1,1,1,0,0,0,1,-96,0,11,2,5315716,0,44,0,384,0,"[0,0,0,0,0,0,0,0,0,0,0,0,7,-13,7,-12,5,-12,6,-12,5,-11,5,-10,5,-10,4,-9,4,-9,3,-8,4,-8,3,-8,2,-6,2,-6,1,-6,1,-6,0,-6,0,-5,-1,-4,-1,-4,-1,-3,-2,-3,-2,-3,-2,-2,-2,-2,-3,-2,0,0,-4,-1,-4,-1,-4,-1,-5,-1,-5,-1,-6,-1,-6,-1,-6,-1,-6,-1,-6,-2,-7,-2,-7,-2,-6,-2,-6,-3,-6,-3,-6,-3,-6,-3,-5,-3,-5,-4,-4,-4,-4,-4,-4,-4,-3,-4,-3,-4,-2,-4,-1,-4,0,0,0,0,0,0,0,0,0,0,0,0,0,0,19,-40,22,-38,18,-36,17,-35,19,-36,16,-30,16,-30,13,-29,14,-29,11,-26,11,-27,9,-23,10,-27,8,-21,7,-20,6,-19,6,-18,4,-15,5,-13,2,-15,-1,-15,0,-12,-2,-9,-2,-7,-1,-7,-5,-6,-5,-7,-6,-5,-6,-4,-8,-4,-8,-5,-9,-3,-10,-1,-11,-2,-13,-1,-13,-1,-14,0,-15,0,-15,-1,-15,-4,-17,-3,-16,-5,-16,-6,-17,-5,-13,-7,-16,-8,-14,-7,-13,-8,-13,-9,-13,-8,-12,-10,-10,-9,-10,-9,-8,-11,-7,-12,-5,-11,-4,-11,0,0,0,0,0,0,0,0,0,0,0,0,0,0,0,0,0,0,0,0,0,0,6,31,3,29,1,30,2,29,-4,30,-3,28,-1,27,-3,25,-3,29,-2,27,-5,25,-3,24,-1,26,-1,24,-2,21,-3,22,2,21,2,20,2,19,5,20,5,21,6,23,9,24,10,23,11,22,12,22,11,24,15,23,15,23,18,22,17,21,18,22,20,21,20,21,20,24,23,23,24,23,25,21,24,19,27,19,27,18,30,18,29,17,32,17,31,15,35,13,35,12,37,14,37,11,40,14,39,13,43,10,40,14,43,14,45,16,43,12,45,15,0,0]"
CSI_DATA,384,1a:00:00:00:00:00,-48,11,1,0,1,1,1,0,0,0,1,-96,0,11,2,5329185,0,44,0,384,0,"[0,0,0,0,0,0,0,0,0,0,0,0,-11,9,-10,9,-9,9,-9,8,-9,7,-9,6,-8,7,-7,6,-7,6,-6,5,-6,5,-5,5,-4,4,-4,4,-4,3,-4,4,-3,3,-2,3,-2,3,-1,2,-1,3,0,2,0,2,1,1,1,1,1,1,0,0,2,1,3,1,3,1,3,2,4,1,4,2,4,2,5,2,4,3,4,3,4,3,4,3,3,3,3,4,3,4,3,5,3,4,2,4,2,4,1,4,1,4,1,4,0,3,0,3,-1,4,-1,3,0,0,0,0,0,0,0,0,0,0,0,0,0,0,-69,61,-68,53,-63,58,-58,52,-56,51,-57,51,-50,42,-52,46,-47,40,-45,39,-35,41,-31,37,-36,34,-32,31,-32,33,-24,29,-27,28,-24,20,-17,26,-15,25,-12,25,-12,21,-6,21,-7,17,-4,13,0,15,3,13,6,11,6,13,9,8,14,8,14,8,18,4,21,6,25,6,26,8,25,7,29,12,29,14,27,11,27,14,27,20,25,19,24,20,25,20,22,23,19,22,20,18,19,22,18,23,16,22,16,24,10,22,9,20,7,22,3,20,-3,20,0,0,0,0,0,0,0,0,0,0,0,0,0,0,0,0,0,0,0,0,0,0,12,-63,19,-56,20,-58,26,-57,27,-52,31,-51,25,-50,29,-49,28,-51,29,-42,25,-47,26,-46,26,-50,23,-49,25,-44,23,-46,14,-48,15,-44,10,-41,4,-47,9,-45,10,-52,0,-49,2,-53,-2,-55,-3,-55,-3,-52,-6,-55,-7,-57,-15,-61,-15,-58,-17,-63,-20,-60,-24,-59,-25,-65,-28,-65,-24,-55,-33,-61,-33,-58,-35,-60,-33,-61,-44,-57,-46,-55,-45,-55,-48,-55,-53,-51,-56,-52,-64,-56,-58,-52,-61,-60,-57,-59,-70,-60,-73,-62,-68,-57,-73,-61,-78,-66,-69,-62,0,0]"
CSI_DATA,385,1a:00:00:00:00:00,-48,11,1,0,1,1,1,0,0,0,1,-96,0,11,2,5334479,0,44,0,384,0,"[0,0,0,0,0,0,0,0,0,0,0,0,-2,-15,-2,-14,-4,-14,-3,-14,-3,-13,-2,-11,-3,-11,-2,-10,-2,-10,-2,-9,-2,-9,-2,-8,-2,-7,-2,-7,-2,-6,-3,-6,-3,-5,-2,-4,-3,-3,-3,-3,-3,-2,-3,-2,-3,-2,-3,-1,-3,-1,-3,0,0,0,-4,1,-4,1,-4,2,-4,2,-5,2,-5,2,-5,2,-6,2,-5,2,-6,2,-6,1,-7,1,-7,1,-7,1,-6,0,-6,0,-6,0,-6,-1,-6,-1,-5,-1,-5,-2,-5,-2,-5,-2,-4,-3,-3,-3,-3,-3,0,0,0,0,0,0,0,0,0,0,0,0,0,0,-12,-43,-13,-43,-13,-40,-11,-38,-11,-39,-11,-36,-10,-34,-10,-31,-9,-30,-8,-26,-10,-25,-10,-24,-8,-24,-7,-22,-6,-21,-7,-20,-9,-17,-8,-16,-6,-14,-8,-11,-8,-11,-6,-11,-8,-8,-7,-5,-10,-7,-7,-3,-8,-4,-6,0,-8,0,-6,0,-8,2,-8,3,-8,6,-10,7,-8,6,-12,8,-11,8,-12,9,-13,9,-13,10,-13,8,-15,8,-16,8,-16,7,-15,8,-15,5,-15,4,-16,3,-14,1,-13,3,-15,2,-13,0,-13,0,-13,-2,-13,-5,-11,-5,-8,-9,0,0,0,0,0,0,0,0,0,0,0,0,0,0,0,0,0,0,0,0,0,0,24,18,19,20,22,20,21,20,19,23,15,21,16,21,14,21,15,21,16,22,14,21,13,19,16,21,13,20,13,17,12,17,18,15,16,15,16,14,20,12,18,11,18,11,21,11,24,9,23,9,24,7,25,9,24,9,29,7,29,6,27,7,30,6,28,4,31,0,34,2,31,2,32,2,32,0,31,-2,34,-2,32,-4,36,-7,34,-7,34,-10,31,-11,32,-12,33,-13,35,-13,36,-16,39,-18,39,-18,39,-17,40,-18,42,-17,44,-21,44,-20,44,-17,0,0]"
CSI_DATA,386,1a:00:00:00:00:00,-48,11,1,0,1,1,1,0,0,0,1,-96,0,11,2,5344393,0,44,0,384,0,"[0,0,0,0,0,0,0,0,0,0,0,0,-13,-8,-12,-7,-13,-7,-12,-7,-11,-6,-9,-6,-10,-5,-9,-5,-9,-5,-9,-4,-7,-4,-8,-3,-7,-3,-7,-3,-6,-3,-6,-2,-5,-1,-5,-1,-4,-1,-4,-1,-3,0,-3,0,-3,1,-3,1,-2,2,-2,2,0,0,-1,3,-2,3,-1,3,-1,4,-1,4,-1,4,-1,5,-2,5,-1,5,-2,5,-3,5,-3,5,-3,5,-3,4,-3,4,-3,4,-4,4,-4,4,-4,3,-3,3,-4,2,-4,2,-5,2,-4,1,-4,0,-4,0,0,0,0,0,0,0,0,0,0,0,0,0,0,0,-83,-42,-77,-39,-81,-36,-71,-32,-64,-34,-61,-33,-61,-33,-69,-34,-52,-25,-52,-29,-49,-21,-47,-23,-43,-19,-43,-19,-43,-18,-36,-16,-37,-14,-35,-9,-29,-12,-29,-5,-22,-6,-22,0,-19,2,-21,-2,-17,3,-18,4,-12,4,-9,6,-11,8,-3,15,-4,13,-3,17,-7,16,-4,19,-5,24,-1,26,-5,28,-7,33,-4,27,-4,33,-6,30,-10,32,-10,32,-13,31,-18,25,-17,24,-17,26,-17,23,-18,20,-16,20,-17,19,-18,18,-19,15,-23,9,-18,11,-20,4,-21,3,0,0,0,0,0,0,0,0,0,0,0,0,0,0,0,0,0,0,0,0,0,0,54,-24,56,-19,57,-16,56,-14,56,-6,57,-5,50,-5,52,-1,54,-6,51,-4,52,1,49,-3,51,-7,48,-2,44,-2,42,-5,44,-14,41,-5,44,-14,41,-14,43,-19,40,-20,42,-27,40,-22,43,-27,41,-33,43,-32,42,-36,40,-37,47,-40,37,-36,45,-49,41,-46,38,-43,42,-51,36,-48,37,-49,39,-53,34,-56,35,-61,35,-62,28,-61,33,-66,26,-68,25,-65,22,-70,22,-74,14,-76,20,-80,22,-79,22,-80,19,-86,27,-90,24,-81,29,-92,25,-95,30,-91,0,0]"
CSI_DATA,387,1a:00:00:00:00:00,-48,11,1,0,1,1,1,0,0,0,1,-96,0,11,2,5357376,0,44,0,384,0,"[0,0,0,0,0,0,0,0,0,0,0,0,2,-15,2,-14,1,-13,1,-13,1,-12,2,-11,1,-11,1,-10,1,-9,0,-8,0,-9,-1,-8,-1,-7,-1,-6,-1,-6,-1,-6,-1,-5,-1,-5,-2,-4,-2,-3,-2,-3,-2,-3,-2,-2,-3,-1,-3,-1,-3,-1,0,0,-4,0,-4,1,-4,1,-4,1,-5,1,-5,1,-5,1,-5,1,-6,1,-6,0,-6,0,-6,0,-6,0,-6,0,-6,-1,-6,-2,-6,-1,-5,-2,-5,-2,-5,-2,-5,-3,-4,-3,-4,-3,-4,-3,-3,-3,-2,-3,0,0,0,0,0,0,0,0,0,0,0,0,0,0,21,-39,20,-37,16,-40,19,-37,17,-35,16,-31,14,-30,16,-31,11,-27,12,-27,11,-26,10,-25,9,-25,7,-21,8,-21,5,-20,4,-19,2,-16,3,-14,2,-13,1,-14,-1,-12,-1,-9,-1,-9,-3,-7,-1,-7,-4,-8,-6,-5,-5,-3,-9,-3,-7,-3,-8,-1,-10,1,-11,0,-12,0,-13,0,-14,3,-14,1,-18,-1,-17,-3,-15,-2,-16,-5,-16,-4,-17,-5,-17,-4,-16,-6,-14,-8,-14,-7,-12,-8,-13,-8,-11,-10,-12,-9,-9,-9,-9,-9,-7,-12,-5,-10,-3,-10,0,0,0,0,0,0,0,0,0,0,0,0,0,0,0,0,0,0,0,0,0,0,4,29,1,30,-1,28,-2,30,-3,28,-5,28,-5,25,-5,25,-6,27,-6,24,-5,25,-4,25,-3,26,-3,25,-4,22,-3,21,-2,23,0,21,3,22,2,20,4,21,9,23,6,22,9,22,10,24,14,21,12,23,13,24,15,21,16,27,14,22,19,25,18,23,19,24,20,25,22,23,21,21,25,21,23,21,28,20,26,21,31,18,30,20,30,16,33,17,33,13,35,15,38,14,36,11,38,12,39,12,44,13,47,14,40,13,47,14,46,14,42,14,0,0]"
CSI_DATA,388,1a:00:00:00:00:00,-48,11,1,0,1,1,1,0,0,0,1,-96,0,11,2,5385216,0,44,0,384,0,"[0,0,0,0,0,0,0,0,0,0,0,0,-5,14,-4,13,-3,13,-3,12,-3,12,-4,10,-3,10,-3,9,-3,8,-2,8,-2,8,-2,7,-2,6,-1,5,-1,5,-1,5,0,4,-1,4,0,3,0,3,1,2,1,2,1,1,2,1,2,1,2,0,0,0,3,0,4,-1,4,-1,4,-1,4,-1,4,0,6,0,5,0,5,0,5,0,6,1,6,1,5,1,5,1,5,2,4,2,5,2,4,2,4,3,3,2,3,3,3,3,3,3,2,3,1,3,0,3,0,0,0,0,0,0,0,0,0,0,0,0,0,0,-4,44,-7,44,-3,39,-4,39,-6,38,-8,34,-4,33,-3,32,-4,30,-5,29,-2,27,-2,24,-3,24,-2,22,-4,21,-1,20,-2,17,0,15,2,13,2,13,2,14,3,11,1,9,4,6,5,6,4,4,4,4,5,1,6,1,6,0,7,0,10,-1,11,-2,9,-4,10,-3,12,-4,14,-2,11,-4,14,-3,15,-2,18,-1,15,-2,14,-1,17,-1,15,0,14,3,15,2,13,4,14,3,13,5,12,5,12,7,10,5,9,10,8,8,5,10,4,8,0,0,0,0,0,0,0,0,0,0,0,0,0,0,0,0,0,0,0,0,0,0,-19,-23,-18,-26,-16,-25,-14,-27,-13,-25,-12,-27,-12,-25,-9,-26,-11,-27,-10,-25,-7,-25,-9,-25,-11,-24,-9,-23,-10,-23,-11,-23,-14,-20,-12,-20,-14,-18,-15,-17,-14,-17,-17,-17,-17,-17,-20,-16,-21,-18,-22,-16,-22,-16,-23,-16,-24,-16,-27,-14,-26,-12,-28,-15,-27,-13,-29,-13,-30,-14,-31,-13,-30,-12,-33,-9,-30,-9,-33,-8,-34,-10,-38,-3,-37,-3,-34,-3,-35,-1,-40,-1,-38,-1,-38,-1,-42,3,-43,3,-43,2,-42,2,-47,1,-46,1,-50,4,-48,4,-48,1,0,0]"
CSI_DATA,389,1a:00:00:00:00:00,-48,11,1,0,1,1,1,0,0,0,1,-96,0,11,2,5414479,0,44,0,384,0,"[0,0,0,0,0,0,0,0,0,0,0,0,-11,-9,-11,-8,-11,-8,-10,-8,-9,-8,-9,-7,-8,-7,-8,-6,-7,-5,-7,-5,-7,-5,-6,-4,-6,-4,-5,-4,-5,-3,-5,-2,-5,-2,-4,-1,-4,-2,-4,-1,-3,-1,-3,0,-3,0,-3,1,-2,1,-2,2,0,0,-2,2,-2,3,-2,3,-1,4,-2,4,-2,4,-2,4,-2,4,-2,5,-3,5,-4,5,-3,4,-4,4,-4,4,-4,4,-4,4,-4,3,-4,3,-4,3,-4,2,-4,2,-4,2,-5,1,-5,0,-4,0,-4,0,0,0,0,0,0,0,0,0,0,0,0,0,0,0,-76,-52,-69,-51,-75,-43,-67,-46,-64,-46,-61,-42,-58,-39,-54,-37,-47,-30,-46,-33,-42,-28,-42,-25,-43,-29,-39,-23,-36,-24,-35,-19,-34,-17,-33,-15,-30,-10,-20,-11,-24,-8,-21,-5,-21,-4,-18,-1,-15,-2,-17,5,-11,2,-15,8,-12,11,-4,14,-8,16,-7,16,-5,16,-8,22,-3,24,-7,27,-11,25,-6,26,-10,29,-12,29,-9,28,-15,26,-14,30,-15,26,-17,28,-16,23,-23,22,-17,21,-19,23,-17,17,-22,14,-18,17,-24,11,-25,12,-18,6,-23,4,-20,-2,0,0,0,0,0,0,0,0,0,0,0,0,0,0,0,0,0,0,0,0,0,0,59,-9,62,-6,60,-1,58,4,60,5,58,9,53,8,54,8,54,8,52,7,49,10,43,7,52,4,53,7,44,8,43,2,45,-1,42,-1,43,-7,42,-5,42,-6,47,-11,42,-14,44,-19,43,-17,46,-26,47,-25,49,-27,48,-25,52,-31,44,-31,53,-38,48,-37,48,-38,50,-38,50,-40,46,-41,41,-43,44,-48,46,-55,45,-54,39,-53,41,-57,39,-59,36,-59,34,-70,34,-66,32,-64,33,-77,34,-73,32,-74,30,-79,43,-86,36,-82,45,-89,41,-88,43,-83,0,0]"
CSI_DATA,390,1a:00:00:00:00:00,-48,11,1,0,1,1,1,0,0,0,1,-96,0,11,2,5424415,0,44,0,384,0,"[0,0,0,0,0,0,0,0,0,0,0,0,-15,-3,-14,-2,-14,-2,-13,-3,-12,-2,-11,-2,-11,-1,-10,-1,-10,-1,-9,-1,-9,-1,-8,0,-7,-1,-7,0,-6,0,-5,1,-5,1,-4,1,-4,1,-4,1,-3,1,-3,1,-2,2,-2,2,-1,2,0,2,0,0,0,3,0,3,0,4,1,4,1,4,1,5,1,5,1,5,1,5,1,6,0,6,-1,6,-1,6,-1,5,-1,5,-1,5,-2,5,-2,5,-2,5,-2,5,-2,4,-3,4,-4,3,-3,3,-4,2,-3,2,0,0,0,0,0,0,0,0,0,0,0,0,0,0,-45,-2,-47,-4,-44,0,-40,-1,-39,-2,-37,0,-35,1,-33,0,-33,1,-29,-2,-29,2,-27,3,-24,0,-25,0,-22,2,-19,4,-19,2,-17,5,-15,2,-12,3,-12,4,-9,3,-7,4,-8,4,-8,3,-5,4,-5,6,-4,5,-1,7,-1,8,3,6,4,8,4,7,5,9,7,12,6,13,4,13,5,12,6,14,6,13,7,17,6,15,2,16,2,17,2,13,1,17,0,16,-2,15,-2,14,-1,14,-4,13,-4,11,-5,11,-7,12,-8,11,-6,8,-7,5,0,0,0,0,0,0,0,0,0,0,0,0,0,0,0,0,0,0,0,0,0,0,23,-19,24,-17,26,-16,27,-15,27,-12,24,-9,24,-9,25,-10,26,-10,26,-10,24,-7,23,-9,25,-10,23,-9,21,-9,20,-10,20,-15,18,-11,19,-12,17,-16,18,-16,15,-17,18,-18,16,-21,16,-20,14,-22,16,-22,12,-24,16,-25,14,-27,12,-27,11,-29,12,-30,10,-30,10,-30,10,-31,8,-31,6,-33,7,-34,5,-33,5,-34,1,-36,-1,-35,-1,-38,-1,-35,-7,-38,-4,-36,-6,-40,-4,-40,-5,-43,-7,-43,-9,-42,-6,-43,-7,-45,-8,-51,-8,-46,-6,-49,0,0]"
CSI_DATA,391,1a:00:00:00:00:00,-48,11,1,0,1,1,1,0,0,0,1,-96,0,11,2,5434461,0,44,0,384,0,"[0,0,0,0,0,0,0,0,0,0,0,0,3,-15,2,-14,1,-13,2,-13,1,-12,2,-11,1,-11,1,-10,1,-9,0,-8,1,-8,0,-8,-1,-7,-1,-6,-1,-6,-1,-6,-1,-5,-1,-4,-2,-4,-2,-4,-2,-3,-2,-3,-2,-2,-3,-2,-3,-1,-3,-1,0,0,-4,0,-4,0,-5,0,-5,1,-6,1,-6,0,-6,1,-6,0,-6,0,-6,0,-7,0,-7,-1,-7,-1,-7,-1,-6,-2,-6,-2,-6,-2,-5,-2,-5,-2,-5,-3,-5,-3,-4,-3,-4,-3,-4,-4,-3,-4,-2,-4,0,0,0,0,0,0,0,0,0,0,0,0,0,0,23,-38,24,-35,20,-37,22,-33,21,-35,20,-30,16,-30,19,-27,13,-29,15,-24,13,-23,11,-24,12,-22,11,-18,8,-18,9,-19,5,-18,4,-16,3,-15,3,-13,3,-14,0,-10,0,-7,-2,-10,-3,-8,-3,-7,-3,-7,-7,-4,-5,-5,-6,-3,-7,-2,-10,-2,-10,-1,-13,-2,-13,-1,-13,-1,-15,0,-17,-1,-17,-3,-16,-3,-16,-2,-17,-4,-17,-5,-17,-4,-18,-7,-16,-8,-15,-8,-14,-6,-13,-8,-13,-10,-12,-11,-9,-10,-9,-10,-7,-10,-7,-11,-4,-10,-4,-10,0,0,0,0,0,0,0,0,0,0,0,0,0,0,0,0,0,0,0,0,0,0,-3,29,-6,29,-7,27,-9,27,-10,26,-9,25,-12,26,-10,24,-11,26,-11,23,-10,22,-10,22,-7,25,-8,24,-7,24,-8,20,-5,21,-4,19,-3,19,-1,23,1,22,2,23,2,24,7,22,6,21,8,22,9,24,8,25,9,26,12,26,12,23,14,25,14,26,16,24,14,26,16,27,17,25,20,23,20,23,25,24,24,23,28,21,26,22,29,20,28,20,29,23,32,21,34,18,34,18,37,16,36,18,41,18,44,20,38,19,43,21,41,21,40,21,0,0]"
CSI_DATA,392,1a:00:00:00:00:00,-48,11,1,0,1,1,1,0,0,0,1,-96,0,11,2,5445066,0,44,0,384,0,"[0,0,0,0,0,0,0,0,0,0,0,0,-15,-2,-14,-2,-14,-1,-13,-2,-12,-2,-11,-1,-11,-1,-10,-1,-10,-1,-8,-1,-9,-1,-7,0,-7,0,-7,0,-5,0,-5,1,-5,1,-4,1,-4,1,-3,1,-3,1,-2,1,-2,2,-1,2,-1,2,0,3,0,0,1,3,1,3,1,4,1,4,1,4,1,4,1,5,1,5,1,5,1,6,1,6,0,6,0,6,-1,6,-1,6,-1,6,-1,5,-1,5,-2,5,-2,5,-2,4,-3,4,-3,3,-3,3,-3,3,-3,2,0,0,0,0,0,0,0,0,0,0,0,0,0,0,-47,-10,-44,-10,-45,-7,-38,-7,-38,-9,-35,-6,-34,-5,-33,-10,-30,-6,-28,-5,-27,-4,-26,-4,-25,-4,-22,-4,-18,-4,-19,-3,-20,-1,-16,-1,-16,0,-12,2,-14,3,-9,1,-9,3,-9,1,-8,4,-6,5,-4,2,-3,7,-2,4,0,7,0,9,0,9,1,10,4,9,5,10,2,13,3,15,2,15,2,16,2,15,1,17,1,14,-2,17,-1,17,-1,16,-2,16,-2,16,-4,13,-2,14,-5,12,-7,13,-6,11,-6,11,-7,8,-10,9,-9,6,-9,4,0,0,0,0,0,0,0,0,0,0,0,0,0,0,0,0,0,0,0,0,0,0,25,-15,27,-11,26,-11,30,-11,28,-7,26,-4,27,-5,26,-5,26,-5,27,-5,26,-5,25,-5,25,-4,24,-6,23,-3,21,-6,21,-7,20,-7,22,-10,18,-11,19,-11,20,-15,19,-14,19,-16,18,-17,17,-19,18,-19,17,-23,19,-21,18,-24,15,-23,17,-26,17,-25,16,-28,16,-29,14,-29,14,-27,14,-30,13,-29,11,-33,9,-33,7,-34,8,-35,7,-35,5,-34,3,-41,2,-39,3,-39,3,-39,4,-41,3,-45,0,-43,3,-45,1,-43,2,-47,4,-51,2,-50,0,0]"
CSI_DATA,393,1a:00:00:00:00:00,-48,11,1,0,1,1,1,0,0,0,1,-96,0,11,2,5464447,0,44,0,384,0,"[0,0,0,0,0,0,0,0,0,0,0,0,13,3,12,3,12,3,11,3,11,3,10,2,10,1,9,1,8,1,7,1,7,1,6,0,6,0,5,0,5,0,4,-1,4,-1,3,-1,3,-1,3,-2,2,-2,1,-2,1,-2,1,-3,0,-3,0,-3,0,0,-2,-4,-1,-4,-2,-5,-2,-5,-2,-5,-2,-5,-2,-6,-1,-6,-2,-6,-2,-7,-1,-7,-1,-6,-1,-6,0,-6,0,-6,0,-6,0,-6,0,-6,1,-6,1,-5,1,-5,2,-5,2,-4,2,-4,2,-4,2,-3,0,0,0,0,0,0,0,0,0,0,0,0,0,0,35,26,35,25,35,25,30,23,30,21,27,20,25,22,26,20,24,19,22,14,22,14,22,14,20,12,17,11,17,9,16,5,16,7,14,6,14,5,13,3,13,4,9,3,8,-1,10,0,9,-1,7,-3,5,-3,3,-5,3,-6,2,-8,3,-10,1,-10,1,-10,2,-12,-1,-13,0,-14,0,-13,0,-16,2,-14,1,-18,2,-16,3,-18,3,-18,4,-17,5,-17,6,-16,5,-12,8,-14,6,-12,9,-11,6,-12,8,-13,8,-11,9,-10,10,-9,9,-5,9,-3,0,0,0,0,0,0,0,0,0,0,0,0,0,0,0,0,0,0,0,0,0,0,-30,-11,-28,-11,-28,-13,-27,-17,-27,-18,-25,-16,-22,-15,-24,-15,-24,-16,-22,-14,-22,-14,-23,-14,-23,-13,-23,-13,-22,-12,-21,-10,-24,-8,-20,-9,-20,-7,-21,-5,-22,-5,-27,-3,-22,-1,-25,-1,-25,-3,-28,3,-28,1,-27,4,-29,4,-29,8,-27,7,-29,11,-31,12,-29,13,-33,11,-29,12,-28,15,-27,17,-28,17,-28,22,-26,21,-24,24,-26,24,-25,25,-22,26,-26,29,-26,29,-22,30,-24,33,-24,35,-22,37,-23,40,-26,40,-23,38,-27,43,-28,43,-26,38,0,0]"
CSI_DATA,394,1a:00:00:00:00:00,-48,11,1,0,1,1,1,0,0,0,1,-96,0,11,2,5474440,0,44,0,384,0,"[0,0,0,0,0,0,0,0,0,0,0,0,6,12,6,11,6,11,5,10,5,9,4,8,5,8,5,7,4,7,4,6,4,6,3,5,4,5,3,4,3,4,3,3,3,2,2,2,3,1,2,1,2,0,2,0,2,-1,2,-1,2,-1,2,-2,0,0,2,-3,2,-3,3,-4,2,-4,3,-4,3,-4,3,-5,4,-5,3,-5,4,-5,4,-4,5,-4,5,-4,5,-4,5,-3,5,-3,5,-3,4,-2,4,-2,4,-2,5,-1,4,-1,4,0,4,0,3,0,3,1,0,0,0,0,0,0,0,0,0,0,0,0,0,0,45,78,46,74,41,75,37,64,35,68,30,59,36,61,29,57,32,54,28,47,22,45,23,40,24,46,25,36,21,33,22,28,22,31,18,24,16,19,18,21,18,16,16,12,20,10,18,9,15,3,18,0,15,-1,14,-4,9,-5,9,-9,10,-9,12,-16,15,-17,15,-19,11,-21,16,-22,18,-25,18,-24,22,-23,21,-27,22,-25,25,-23,27,-20,28,-25,27,-22,29,-17,28,-17,31,-17,24,-8,27,-8,26,-5,30,-6,27,-4,23,0,24,0,21,5,21,10,0,0,0,0,0,0,0,0,0,0,0,0,0,0,0,0,0,0,0,0,0,0,-60,-19,-56,-26,-56,-30,-53,-33,-49,-37,-47,-33,-44,-31,-42,-37,-44,-36,-39,-34,-41,-34,-43,-29,-48,-32,-41,-28,-39,-27,-37,-27,-41,-23,-37,-23,-40,-15,-40,-17,-46,-16,-46,-14,-43,-9,-49,-10,-51,-7,-50,-3,-51,-6,-55,0,-54,-1,-57,5,-56,5,-62,9,-60,8,-63,10,-63,13,-64,13,-64,15,-59,17,-63,22,-66,26,-64,24,-65,28,-62,30,-63,32,-61,35,-52,45,-61,43,-61,43,-66,48,-67,49,-67,57,-66,57,-73,52,-68,56,-78,61,-75,63,-78,54,0,0]"
CSI_DATA,395,1a:00:00:00:00:00,-48,11,1,0,1,1,1,0,0,0,1,-96,0,11,2,5484456,0,44,0,384,0,"[0,0,0,0,0,0,0,0,0,0,0,0,-3,14,-3,13,-1,13,-2,12,-2,11,-2,10,-1,10,-1,9,-1,8,-1,7,-1,7,-1,6,0,6,0,5,0,5,0,5,0,4,1,3,1,3,1,2,1,2,2,1,2,1,2,0,2,0,2,0,0,0,3,-1,3,-2,3,-2,4,-2,4,-2,4,-2,4,-3,5,-2,5,-2,5,-2,6,-1,6,-1,5,-1,6,-1,6,0,5,0,5,0,5,0,5,1,4,1,4,2,4,1,3,1,3,2,2,3,2,2,0,0,0,0,0,0,0,0,0,0,0,0,0,0,4,44,2,38,4,40,2,37,5,38,2,37,1,32,3,33,2,29,3,30,5,26,4,24,5,23,4,20,3,21,7,17,5,15,5,14,4,13,6,14,6,11,5,10,5,4,6,5,5,4,8,2,5,1,6,-1,6,-2,6,-2,7,-2,9,-4,8,-6,7,-10,8,-10,9,-10,10,-11,9,-9,12,-11,12,-10,14,-8,16,-8,14,-9,15,-8,14,-7,15,-7,15,-5,13,-5,14,-5,15,-4,14,-2,14,-2,12,0,12,0,12,3,11,4,10,7,0,0,0,0,0,0,0,0,0,0,0,0,0,0,0,0,0,0,0,0,0,0,-12,-27,-9,-30,-9,-30,-9,-27,-7,-28,-4,-29,-2,-30,-10,-32,-1,-21,4,-32,-5,-26,-11,-28,-9,-35,1,-25,-11,-27,-11,-20,-12,-18,-7,-19,-15,-25,-20,-16,-8,-12,-14,-25,-15,-19,-21,-13,-26,-18,-25,-16,-30,-22,-22,-22,-21,-13,-25,-14,-25,-16,-27,-15,-28,-13,-24,-9,-26,-16,-35,-16,-29,-6,-35,-8,-31,-6,-34,-7,-33,-4,-36,-3,-36,-3,-37,0,-35,1,-40,1,-37,2,-39,7,-38,5,-40,7,-42,8,-43,10,-48,8,-45,9,-50,9,-48,11,-49,8,0,0]"
CSI_DATA,396,1a:00:00:00:00:00,-48,11,1,0,1,1,1,0,0,0,1,-96,0,11,2,5494460,0,44,0,384,0,"[0,0,0,0,0,0,0,0,0,0,0,0,-12,8,-11,8,-10,8,-10,7,-9,7,-9,6,-8,6,-8,6,-7,6,-6,5,-7,5,-6,5,-4,4,-4,4,-3,4,-3,4,-3,4,-2,3,-2,2,-1,2,-1,2,0,2,0,2,1,2,1,2,2,2,0,0,2,1,3,1,3,1,4,1,4,1,4,2,5,2,5,2,5,2,5,3,5,3,4,3,4,3,4,3,4,4,3,4,3,3,3,4,2,4,2,4,1,4,1,4,1,4,0,3,-1,4,-1,3,0,0,0,0,0,0,0,0,0,0,0,0,0,0,-81,34,-80,37,-70,39,-73,33,-68,40,-59,33,-60,28,-59,30,-51,25,-48,27,-44,27,-39,30,-41,32,-38,22,-31,22,-30,24,-29,24,-20,18,-19,16,-15,21,-12,19,-14,21,-12,15,-6,14,-7,12,-1,14,2,17,9,14,4,15,10,12,12,13,16,12,16,10,22,12,24,10,23,13,23,13,24,14,26,16,26,18,26,23,26,22,24,22,28,23,24,27,21,27,20,26,18,23,16,26,12,24,12,25,14,27,7,24,2,27,3,23,1,24,-2,20,0,0,0,0,0,0,0,0,0,0,0,0,0,0,0,0,0,0,0,0,0,0,34,-51,39,-46,39,-46,41,-41,43,-39,41,-37,43,-35,41,-33,44,-36,42,-34,41,-37,37,-34,39,-35,34,-32,33,-32,35,-35,30,-37,31,-38,25,-35,23,-37,20,-41,21,-44,16,-45,14,-47,10,-50,8,-52,11,-52,10,-53,8,-54,5,-63,4,-54,1,-62,6,-60,-3,-66,-6,-68,-5,-67,-9,-65,-12,-66,-12,-66,-20,-69,-20,-68,-26,-66,-26,-67,-30,-69,-36,-65,-41,-64,-38,-64,-40,-68,-42,-69,-49,-75,-48,-71,-56,-72,-53,-78,-55,-75,-52,-82,-55,-78,-47,-79,0,0]"
CSI_DATA,397,1a:00:00:00:00:00,-48,11,1,0,1,1,1,0,0,0,1,-96,0,11,2,5504451,0,44,0,384,0,"[0,0,0,0,0,0,0,0,0,0,0,0,-15,2,-15,2,-13,2,-13,1,-12,1,-11,1,-11,2,-10,2,-10,2,-8,1,-9,2,-8,2,-7,1,-6,2,-6,1,-5,2,-5,3,-4,2,-3,1,-3,2,-2,1,-2,2,-1,2,-1,2,0,2,0,3,0,0,1,3,2,3,2,3,3,3,3,4,2,4,3,4,3,5,3,5,2,5,2,6,1,6,1,5,1,5,1,6,1,6,0,5,0,5,0,5,0,5,-1,5,-2,4,-2,4,-2,3,-3,3,-3,3,0,0,0,0,0,0,0,0,0,0,0,0,0,0,-48,-1,-45,-2,-42,0,-38,0,-39,1,-35,-2,-32,1,-35,-2,-30,-1,-31,1,-27,2,-26,2,-24,3,-23,2,-20,1,-18,5,-19,3,-17,4,-13,3,-10,3,-9,6,-9,6,-8,4,-8,4,-6,5,-5,4,-3,6,0,6,1,7,3,7,3,8,4,10,3,9,5,7,9,9,5,10,8,12,9,12,6,12,6,15,7,13,7,13,6,13,5,15,4,14,4,17,3,14,0,14,2,14,0,14,-1,12,-1,12,-4,11,-6,11,-5,10,-7,11,-7,7,0,0,0,0,0,0,0,0,0,0,0,0,0,0,0,0,0,0,0,0,0,0,26,-15,26,-12,28,-10,28,-9,28,-7,27,-7,25,-6,26,-8,27,-8,26,-7,28,-6,24,-6,24,-8,26,-7,22,-6,20,-7,20,-11,20,-10,19,-10,19,-14,16,-13,19,-15,16,-15,17,-18,19,-18,18,-21,17,-20,15,-21,14,-21,14,-27,13,-23,17,-28,14,-26,10,-28,14,-31,11,-30,10,-30,9,-30,9,-29,6,-34,7,-34,4,-36,3,-36,1,-38,1,-36,1,-34,-1,-38,-5,-38,-3,-38,-4,-44,-4,-44,-9,-43,-8,-45,-5,-44,-6,-50,-7,-47,-3,-48,0,0]"
CSI_DATA,398,1a:00:00:00:00:00,-48,11,1,0,1,1,1,0,0,0,1,-96,0,11,2,5514430,0,44,0,384,0,"[0,0,0,0,0,0,0,0,0,0,0,0,-14,0,-14,0,-13,0,-13,-1,-12,-1,-11,0,-10,1,-10,1,-10,0,-8,0,-8,1,-8,1,-7,0,-6,1,-6,1,-5,2,-4,1,-4,1,-4,1,-3,2,-3,1,-2,2,-1,2,-1,2,0,2,0,2,0,0,1,3,1,3,2,3,2,3,2,4,2,4,2,4,2,5,3,4,2,5,2,6,2,5,1,5,1,5,1,5,1,6,0,5,0,5,0,5,0,5,-1,5,-1,4,-2,4,-2,3,-2,3,-3,3,0,0,0,0,0,0,0,0,0,0,0,0,0,0,-46,-7,-45,-9,-42,-6,-39,-7,-39,-6,-34,-6,-33,-7,-33,-5,-29,-4,-25,-4,-28,0,-25,-2,-24,1,-21,-2,-20,-1,-19,1,-18,0,-17,2,-15,3,-12,4,-11,4,-10,4,-9,2,-7,3,-5,4,-5,6,-4,5,-2,5,-2,5,0,7,2,7,2,9,5,8,3,11,8,11,2,12,5,12,5,14,5,13,5,14,6,15,5,15,1,16,4,17,2,16,1,16,-2,14,-2,17,0,14,-1,13,-1,13,-2,13,-3,13,-6,11,-5,10,-7,9,-8,6,0,0,0,0,0,0,0,0,0,0,0,0,0,0,0,0,0,0,0,0,0,0,29,-8,28,-6,30,-5,30,-3,30,-1,27,-1,27,0,27,0,29,-1,28,-1,26,0,24,0,26,-1,25,1,23,-1,22,-3,24,-6,22,-5,19,-6,21,-8,21,-10,22,-11,19,-15,21,-14,21,-15,19,-16,19,-16,21,-18,19,-17,20,-21,18,-22,18,-23,20,-25,18,-25,20,-26,17,-29,16,-28,15,-29,14,-28,12,-34,13,-33,8,-33,8,-33,7,-37,5,-35,3,-40,3,-38,2,-39,2,-39,3,-43,4,-44,-1,-45,2,-46,2,-44,0,-50,2,-48,0,-47,0,0]"
CSI_DATA,399,1a:00:00:00:00:00,-48,11,1,0,1,1,1,0,0,0,1,-96,0,11,2,5524409,0,44,0,384,0,"[0,0,0,0,0,0,0,0,0,0,0,0,-14,-4,-14,-4,-13,-4,-13,-4,-12,-4,-11,-4,-11,-3,-10,-2,-9,-2,-9,-2,-8,-2,-8,-1,-7,-1,-7,-1,-6,-1,-5,0,-5,0,-4,0,-4,0,-4,1,-3,1,-2,1,-2,2,-2,2,-1,2,0,3,0,0,0,3,0,3,1,4,1,4,1,5,1,5,1,5,1,6,1,6,1,6,0,6,0,6,-1,6,-1,6,-1,6,-1,6,-2,5,-2,5,-2,5,-2,5,-3,4,-3,4,-3,3,-4,3,-3,2,-3,2,0,0,0,0,0,0,0,0,0,0,0,0,0,0,-42,-19,-39,-19,-40,-13,-34,-13,-34,-12,-31,-13,-31,-11,-30,-13,-29,-10,-25,-8,-24,-7,-23,-7,-23,-6,-21,-5,-18,-4,-18,-4,-19,-2,-15,-2,-15,0,-14,1,-11,1,-10,3,-8,3,-9,2,-7,2,-7,5,-4,5,-3,5,-1,6,0,8,0,7,1,9,1,10,3,11,3,10,2,14,1,15,2,14,2,15,1,15,1,16,1,17,-1,17,-3,17,-4,16,-3,16,-4,16,-4,16,-4,15,-6,13,-5,11,-6,13,-7,9,-8,9,-8,9,-8,7,-9,5,0,0,0,0,0,0,0,0,0,0,0,0,0,0,0,0,0,0,0,0,0,0,30,-6,29,-4,30,-2,27,1,28,2,27,1,27,2,27,5,28,3,26,6,28,4,26,2,26,1,25,1,24,2,23,2,23,-2,21,-2,22,-5,20,-7,20,-6,23,-6,22,-8,22,-10,24,-12,21,-15,21,-13,23,-14,22,-15,24,-19,21,-16,23,-19,23,-22,22,-22,22,-23,20,-22,19,-25,20,-25,18,-26,16,-29,18,-29,16,-30,15,-29,13,-33,11,-34,9,-33,10,-35,10,-36,9,-39,9,-40,9,-42,8,-40,9,-42,9,-41,10,-48,8,-49,10,-49,0,0]"
CSI_DATA,400,1a:00:00:00:00:00,-49,11,1,0,1,1,1,0,0,0,1,-96,0,11,2,5554439,0,44,0,384,0,"[0,0,0,0,0,0,0,0,0,0,0,0,12,-7,11,-7,11,-7,10,-6,9,-6,9,-5,8,-6,7,-5,7,-5,6,-5,6,-5,5,-5,4,-4,4,-4,3,-4,3,-4,2,-4,2,-4,2,-3,1,-3,0,-3,0,-3,-1,-3,-1,-3,-2,-3,-2,-3,0,0,-3,-3,-4,-3,-4,-3,-5,-3,-5,-3,-5,-3,-5,-3,-5,-4,-6,-4,-5,-5,-5,-5,-5,-5,-4,-5,-4,-5,-4,-6,-4,-5,-4,-5,-3,-6,-2,-6,-2,-5,-2,-6,-1,-5,-1,-5,0,-5,0,-5,0,-5,0,0,0,0,0,0,0,0,0,0,0,0,0,0,81,-35,78,-38,75,-34,71,-36,67,-35,64,-30,60,-26,57,-32,56,-27,47,-25,43,-25,39,-28,41,-26,34,-20,31,-20,28,-21,31,-25,22,-21,19,-17,14,-18,14,-21,9,-19,8,-15,10,-15,2,-14,-3,-14,-4,-14,-5,-10,-9,-12,-13,-10,-13,-11,-14,-9,-20,-11,-22,-9,-26,-14,-18,-14,-24,-20,-24,-12,-24,-20,-27,-20,-28,-22,-24,-27,-26,-26,-23,-21,-24,-23,-22,-25,-21,-26,-17,-31,-15,-25,-16,-27,-10,-25,-14,-24,-7,-25,-1,-27,0,-25,-1,-26,-1,-21,0,0,0,0,0,0,0,0,0,0,0,0,0,0,0,0,0,0,0,0,0,0,-39,50,-39,45,-48,43,-44,39,-48,35,-48,35,-42,33,-42,33,-47,34,-46,35,-43,29,-40,30,-45,35,-42,26,-39,27,-38,31,-32,34,-33,32,-27,30,-26,36,-27,35,-23,42,-20,45,-18,49,-16,44,-15,51,-14,49,-9,53,-12,51,-11,54,-9,57,-6,58,-8,60,-4,58,-4,64,2,64,7,61,6,65,10,62,12,66,14,66,20,63,21,64,24,71,30,63,31,66,32,63,40,63,40,63,38,72,39,67,45,72,47,76,54,72,51,81,47,78,45,78,0,0]"
CSI_DATA,401,1a:00:00:00:00:00,-48,11,1,0,1,1,1,0,0,0,1,-96,0,11,2,5564527,0,44,0,384,0,"[0,0,0,0,0,0,0,0,0,0,0,0,-3,13,-2,12,-2,13,-2,12,-2,11,-2,10,-2,10,-2,8,-2,8,-1,7,-2,7,-1,6,0,6,0,5,-1,4,0,4,0,4,0,3,1,3,2,2,1,2,2,1,2,1,2,0,2,0,2,-1,0,0,3,-1,4,-2,4,-2,4,-2,4,-2,5,-2,5,-2,5,-2,6,-2,6,-1,6,-1,6,-1,6,0,6,0,5,0,6,1,5,1,5,1,4,1,4,2,4,2,4,2,3,2,3,3,2,3,1,3,0,0,0,0,0,0,0,0,0,0,0,0,0,0,-8,41,-11,42,-8,39,-9,38,-9,36,-11,34,-8,29,-5,31,-5,27,-8,26,-3,26,-4,23,-3,21,-3,21,-5,20,-2,20,-2,17,-1,14,-1,12,1,12,1,11,0,10,5,8,2,4,4,5,5,3,5,2,5,2,7,-1,7,-2,8,-1,8,-1,9,-2,12,-5,11,-4,13,-5,13,-4,17,-6,14,-5,16,-1,16,-2,19,1,18,1,15,-2,17,-1,13,2,15,3,14,4,13,6,14,4,13,4,11,5,10,5,9,7,6,9,5,9,5,9,0,0,0,0,0,0,0,0,0,0,0,0,0,0,0,0,0,0,0,0,0,0,-14,-30,-11,-29,-9,-29,-9,-31,-6,-31,-5,-30,-6,-27,-5,-28,-5,-28,-4,-27,0,-29,-4,-27,-5,-25,-3,-27,-4,-25,-5,-24,-6,-24,-8,-23,-7,-22,-10,-22,-11,-19,-12,-22,-14,-18,-14,-21,-15,-23,-17,-18,-17,-21,-18,-20,-20,-20,-24,-20,-21,-18,-24,-20,-25,-18,-26,-16,-27,-17,-27,-16,-27,-17,-27,-16,-30,-15,-31,-15,-31,-13,-34,-11,-34,-11,-35,-9,-35,-10,-35,-4,-36,-4,-38,-2,-39,-4,-41,-3,-41,-7,-42,-6,-47,-5,-43,-5,-47,-6,-48,-5,-45,-2,0,0]"
CSI_DATA,402,1a:00:00:00:00:00,-48,11,1,0,1,1,1,0,0,0,1,-96,0,11,2,5574462,0,44,0,384,0,"[0,0,0,0,0,0,0,0,0,0,0,0,4,13,4,12,5,12,4,12,4,10,2,10,3,9,3,8,3,7,3,7,2,6,3,6,2,5,3,4,2,4,2,3,2,3,2,2,2,1,3,1,2,1,2,0,2,0,2,-1,2,-2,2,-2,0,0,2,-3,2,-4,3,-4,2,-4,3,-5,4,-5,4,-5,4,-5,4,-5,5,-4,5,-4,5,-4,5,-4,6,-3,5,-2,6,-2,5,-2,5,-2,4,-1,5,-1,4,-1,5,0,5,0,4,1,3,1,3,1,0,0,0,0,0,0,0,0,0,0,0,0,0,0,4,87,7,83,10,83,2,76,4,78,8,67,7,64,2,68,9,60,1,52,3,54,3,45,4,47,9,41,5,38,5,35,4,36,9,29,10,24,9,22,8,20,10,19,12,13,6,10,11,5,9,6,12,5,13,1,17,-3,10,-4,11,-6,17,-10,18,-9,19,-18,19,-17,20,-19,21,-21,29,-15,29,-18,28,-18,32,-15,31,-12,37,-16,33,-11,34,-12,35,-7,34,-4,33,-6,26,-2,27,-5,27,3,26,3,25,2,26,7,22,9,18,12,16,17,0,0,0,0,0,0,0,0,0,0,0,0,0,0,0,0,0,0,0,0,0,0,-41,-52,-33,-53,-33,-55,-28,-56,-26,-57,-26,-57,-22,-56,-21,-53,-22,-55,-21,-49,-17,-55,-17,-50,-25,-52,-18,-51,-18,-44,-17,-41,-26,-42,-24,-42,-25,-39,-29,-41,-35,-38,-35,-38,-34,-35,-36,-33,-40,-36,-48,-30,-45,-32,-48,-28,-45,-29,-53,-26,-49,-22,-59,-30,-60,-26,-59,-22,-62,-24,-65,-20,-63,-18,-65,-20,-66,-11,-68,-11,-66,-7,-67,-5,-68,-4,-75,3,-73,7,-70,8,-77,4,-74,14,-79,17,-83,14,-84,11,-91,16,-91,14,-85,13,-98,23,-92,20,-100,17,0,0]"
CSI_DATA,403,1a:00:00:00:00:00,-48,11,1,0,1,1,1,0,0,0,1,-96,0,11,2,5584580,0,44,0,384,0,"[0,0,0,0,0,0,0,0,0,0,0,0,-13,-8,-12,-7,-12,-7,-11,-8,-11,-6,-9,-6,-9,-5,-9,-5,-8,-4,-8,-4,-7,-4,-7,-3,-7,-3,-6,-2,-5,-2,-5,-1,-5,-1,-4,-1,-4,0,-3,0,-3,0,-3,1,-2,1,-2,1,-2,2,-2,2,0,0,-1,3,-1,4,-1,4,-1,5,-1,5,-1,5,-1,5,-1,6,-1,6,-1,6,-2,6,-2,6,-3,6,-3,5,-3,5,-3,5,-4,5,-3,4,-4,4,-4,3,-4,3,-4,3,-5,2,-5,2,-4,1,-4,1,0,0,0,0,0,0,0,0,0,0,0,0,0,0,-63,-59,-59,-58,-61,-56,-55,-51,-53,-53,-43,-49,-48,-45,-50,-44,-40,-39,-35,-35,-38,-33,-37,-31,-36,-29,-35,-28,-27,-29,-26,-18,-30,-16,-23,-15,-26,-11,-24,-9,-23,-8,-15,-7,-18,0,-18,-1,-16,0,-16,3,-9,4,-9,7,-10,12,-4,16,-7,17,-2,19,-8,17,-3,22,-3,24,-3,25,-3,30,-7,33,-8,31,-8,28,-6,29,-14,31,-13,37,-16,35,-14,29,-18,25,-23,23,-20,22,-21,24,-20,17,-18,19,-21,14,-19,16,-23,14,-26,7,-21,8,-20,5,0,0,0,0,0,0,0,0,0,0,0,0,0,0,0,0,0,0,0,0,0,0,56,18,58,25,55,28,49,31,51,32,49,31,45,32,41,32,46,33,44,34,41,31,41,30,42,29,41,34,42,29,38,29,47,21,39,21,45,14,43,15,43,11,43,13,44,7,52,9,48,6,51,-2,50,-2,53,-3,51,-6,60,-10,55,-9,59,-15,59,-15,55,-20,62,-22,60,-23,55,-23,57,-26,55,-25,56,-34,57,-38,53,-39,56,-44,53,-46,52,-45,43,-55,48,-53,48,-56,46,-55,51,-61,52,-65,55,-67,53,-66,51,-68,61,-75,54,-73,58,-75,0,0]"
CSI_DATA,404,1a:00:00:00:00:00,-48,11,1,0,1,1,1,0,0,0,1,-96,0,11,2,5594420,0,44,0,384,0,"[0,0,0,0,0,0,0,0,0,0,0,0,-1,14,-1,13,-1,13,0,12,0,11,-1,10,-1,9,0,9,0,8,0,7,0,7,0,6,1,5,1,5,1,4,1,5,1,3,1,2,1,2,1,2,1,1,2,0,2,1,2,0,2,-1,2,-1,0,0,3,-2,3,-2,4,-3,4,-3,4,-3,5,-3,5,-3,5,-4,5,-2,6,-3,6,-2,6,-2,6,-2,6,-1,6,-1,6,0,5,0,5,0,5,0,4,0,4,1,4,1,4,1,4,1,3,2,2,2,0,0,0,0,0,0,0,0,0,0,0,0,0,0,-3,42,-6,41,-2,38,-4,37,-4,37,-5,33,-4,31,-3,31,-1,27,-2,25,-3,24,-2,21,0,22,0,17,0,19,1,18,2,15,4,14,2,12,2,12,4,10,4,9,5,7,2,5,4,3,4,1,6,2,6,0,7,-2,8,-3,6,-2,7,-4,8,-5,9,-7,9,-10,12,-8,11,-7,15,-7,14,-8,13,-8,16,-5,16,-6,14,-5,15,-7,15,-3,15,-4,15,-3,16,-4,15,0,13,0,12,3,12,2,10,4,10,2,11,3,8,4,8,8,0,0,0,0,0,0,0,0,0,0,0,0,0,0,0,0,0,0,0,0,0,0,-11,-29,-6,-29,-6,-30,-4,-32,-3,-31,-2,-29,-3,-29,-2,-29,-3,-30,-1,-28,-1,-28,-1,-26,-3,-27,-3,-26,-2,-24,-2,-23,-5,-21,-6,-24,-6,-21,-8,-20,-9,-21,-11,-22,-12,-20,-16,-21,-16,-23,-17,-21,-16,-21,-18,-21,-19,-20,-23,-20,-20,-19,-25,-20,-23,-21,-25,-18,-25,-19,-28,-17,-28,-18,-30,-16,-28,-14,-32,-12,-29,-11,-34,-9,-34,-8,-36,-7,-33,-8,-36,-3,-36,-4,-37,-4,-38,-1,-42,-1,-41,1,-44,2,-45,-2,-44,0,-47,1,-44,2,-47,1,0,0]"
CSI_DATA,405,1a:00:00:00:00:00,-48,11,1,0,1,1,1,0,0,0,1,-96,0,11,2,5604586,0,44,0,384,0,"[0,0,0,0,0,0,0,0,0,0,0,0,4,-14,3,-13,2,-12,3,-12,2,-11,3,-10,2,-10,1,-9,2,-9,1,-8,1,-8,0,-7,0,-6,0,-6,-1,-5,-1,-5,-1,-5,-1,-4,-2,-3,-2,-3,-2,-2,-3,-2,-2,-2,-3,-1,-3,-1,-3,-1,0,0,-4,0,-5,1,-5,1,-5,1,-5,1,-6,1,-6,1,-7,1,-7,0,-7,0,-7,0,-7,-1,-7,-1,-7,-1,-7,-2,-6,-2,-7,-1,-6,-2,-6,-3,-5,-3,-5,-3,-4,-3,-4,-3,-4,-3,-3,-4,-2,-4,0,0,0,0,0,0,0,0,0,0,0,0,0,0,18,-40,16,-34,15,-35,18,-34,16,-34,16,-34,11,-29,11,-30,9,-28,12,-25,9,-26,6,-22,8,-24,7,-17,6,-19,3,-18,3,-18,2,-15,1,-12,2,-12,-1,-11,-1,-10,-2,-8,-4,-7,-3,-5,-4,-4,-5,-5,-7,-4,-7,-2,-10,-1,-10,-1,-11,0,-11,0,-14,1,-15,2,-14,1,-15,0,-17,3,-17,-1,-16,-1,-16,-3,-17,-2,-20,-2,-19,-4,-18,-3,-17,-5,-16,-6,-15,-5,-15,-6,-11,-7,-14,-7,-11,-6,-10,-8,-10,-8,-8,-9,-7,-10,-3,-12,0,0,0,0,0,0,0,0,0,0,0,0,0,0,0,0,0,0,0,0,0,0,4,31,2,32,0,30,-3,32,-4,31,-5,29,-6,27,-5,26,-11,27,-5,25,-5,25,-3,26,-4,29,-5,26,-4,23,-1,22,-4,25,0,21,2,22,4,17,-3,19,1,21,3,24,3,25,10,26,8,22,12,23,12,28,12,22,18,26,15,21,17,25,16,26,19,24,16,23,22,23,20,21,22,20,24,18,24,19,26,20,27,17,28,17,30,18,30,15,32,16,33,13,32,12,36,11,36,13,36,13,43,11,43,14,35,12,44,15,45,14,44,13,0,0]"
CSI_DATA,406,1a:00:00:00:00:00,-48,11,1,0,1,1,1,0,0,0,1,-96,0,11,2,5614414,0,44,0,384,0,"[0,0,0,0,0,0,0,0,0,0,0,0,-13,5,-12,5,-12,5,-11,5,-11,4,-9,3,-9,4,-8,4,-8,3,-7,3,-7,3,-6,3,-5,3,-5,3,-4,2,-4,3,-3,3,-3,2,-2,2,-2,2,-1,2,0,1,0,2,1,1,1,1,1,2,0,0,3,2,3,2,3,2,4,3,3,2,4,3,5,3,4,3,5,4,4,4,4,4,3,4,3,4,3,4,3,5,2,5,2,5,2,5,2,5,1,5,1,5,0,4,-1,4,-1,4,-2,4,-1,3,0,0,0,0,0,0,0,0,0,0,0,0,0,0,-74,42,-72,42,-67,45,-64,44,-66,39,-53,36,-55,30,-53,31,-50,28,-42,33,-40,31,-39,27,-36,31,-36,22,-28,26,-30,24,-24,22,-22,20,-18,16,-13,21,-13,20,-10,22,-8,17,-5,13,-3,12,-3,8,6,16,8,11,3,11,11,13,15,8,19,16,21,9,22,12,25,12,22,9,28,12,29,16,28,19,29,16,30,19,28,22,28,20,27,24,21,22,19,26,20,24,15,29,17,25,14,26,12,26,14,26,8,25,7,23,1,23,-2,23,-4,20,0,0,0,0,0,0,0,0,0,0,0,0,0,0,0,0,0,0,0,0,0,0,20,-59,26,-57,29,-55,32,-51,36,-49,33,-48,31,-45,34,-45,38,-46,38,-47,39,-40,32,-42,32,-44,29,-43,31,-36,28,-41,24,-42,24,-38,22,-42,16,-43,12,-42,14,-47,11,-46,11,-49,9,-51,5,-51,5,-52,1,-55,1,-53,-3,-57,-5,-53,-7,-62,-9,-60,-10,-61,-9,-64,-16,-60,-12,-61,-15,-61,-22,-61,-24,-61,-24,-61,-34,-61,-34,-58,-38,-62,-37,-56,-45,-60,-41,-55,-49,-59,-48,-59,-54,-63,-53,-62,-58,-63,-54,-63,-59,-68,-58,-71,-61,-66,-56,-71,0,0]"
CSI_DATA,407,1a:00:00:00:00:00,-49,11,1,0,1,1,1,0,0,0,1,-96,0,11,2,5624429,0,44,0,384,0,"[0,0,0,0,0,0,0,0,0,0,0,0,-13,-6,-12,-5,-11,-5,-11,-5,-11,-5,-10,-4,-10,-3,-9,-3,-8,-3,-8,-3,-7,-2,-7,-2,-7,-2,-6,-1,-5,-1,-5,0,-4,-1,-4,0,-4,0,-3,0,-3,1,-2,1,-2,1,-2,2,-2,2,-1,2,0,0,0,4,0,4,0,4,1,5,0,4,0,5,0,5,0,5,0,6,0,6,-1,6,-1,6,-2,5,-2,5,-2,5,-2,5,-3,5,-3,4,-3,4,-3,4,-3,3,-4,3,-4,3,-4,2,-4,2,-4,1,0,0,0,0,0,0,0,0,0,0,0,0,0,0,-36,-26,-33,-27,-33,-24,-29,-24,-29,-23,-26,-21,-22,-21,-25,-21,-21,-17,-22,-15,-20,-12,-20,-12,-19,-12,-18,-9,-17,-10,-17,-5,-15,-7,-14,-6,-13,-3,-11,-3,-11,-2,-9,-1,-9,-1,-8,1,-8,4,-6,2,-6,5,-5,3,-5,7,-2,7,-3,9,0,9,0,12,1,12,0,13,-2,14,-1,15,-2,17,-1,17,-4,15,-3,14,-5,17,-6,17,-8,18,-8,17,-7,15,-8,14,-9,14,-7,11,-8,10,-8,11,-7,10,-10,10,-11,7,-11,7,-11,4,-11,2,0,0,0,0,0,0,0,0,0,0,0,0,0,0,0,0,0,0,0,0,0,0,30,4,31,7,29,11,29,10,27,13,26,11,24,12,26,12,26,13,25,11,24,13,22,11,26,10,24,12,21,12,21,8,21,7,21,8,19,4,22,6,19,3,24,0,23,-1,24,-1,23,-2,26,-7,25,-6,28,-6,28,-3,26,-9,28,-8,28,-12,28,-11,27,-14,29,-14,27,-15,26,-17,25,-17,25,-16,25,-21,25,-21,24,-23,23,-25,23,-26,24,-26,18,-27,21,-30,22,-31,21,-34,20,-32,21,-32,19,-38,23,-40,19,-36,24,-40,22,-43,24,-40,0,0]"
CSI_DATA,408,1a:00:00:00:00:00,-48,11,1,0,1,1,1,0,0,0,1,-96,0,11,2,5634472,0,44,0,384,0,"[0,0,0,0,0,0,0,0,0,0,0,0,2,-14,2,-13,1,-13,1,-12,1,-12,1,-11,0,-10,0,-10,0,-9,0,-8,0,-8,0,-7,-1,-6,-1,-6,-1,-5,-1,-5,-1,-4,-1,-4,-3,-3,-2,-3,-2,-2,-3,-2,-2,-1,-3,-1,-3,0,-3,0,0,0,-4,1,-5,1,-5,1,-5,1,-5,1,-6,1,-6,2,-6,2,-6,1,-7,1,-7,0,-7,0,-7,0,-7,0,-6,-1,-7,-1,-7,-1,-6,-2,-6,-2,-5,-2,-5,-3,-5,-2,-5,-3,-4,-3,-3,-4,-3,-4,0,0,0,0,0,0,0,0,0,0,0,0,0,0,8,-44,9,-41,10,-38,10,-38,10,-39,10,-32,8,-31,7,-29,7,-29,5,-26,5,-27,4,-24,3,-25,2,-20,1,-20,0,-17,-2,-16,-1,-15,-1,-15,-1,-13,-4,-12,-3,-10,-4,-8,-4,-8,-7,-6,-7,-5,-7,-5,-8,-1,-8,0,-9,0,-10,1,-7,2,-11,3,-12,3,-13,6,-13,5,-16,7,-16,5,-15,6,-16,3,-18,3,-20,3,-20,0,-21,2,-18,2,-18,-2,-18,-1,-18,1,-15,-4,-14,-7,-14,-4,-13,-6,-12,-7,-10,-5,-10,-6,-9,-9,-7,-11,0,0,0,0,0,0,0,0,0,0,0,0,0,0,0,0,0,0,0,0,0,0,9,32,5,31,3,30,0,30,0,33,-2,30,-1,29,-3,29,-2,29,-3,29,-3,27,-1,27,0,28,-1,28,-3,24,-2,25,1,25,2,22,4,21,4,24,6,24,7,23,6,24,12,23,11,22,14,23,14,22,15,20,16,23,19,22,18,20,21,24,20,21,22,22,24,21,24,20,24,18,26,17,25,18,31,14,28,14,32,12,31,14,33,11,32,11,36,10,36,9,36,6,38,6,41,5,40,6,44,4,45,5,45,7,47,6,45,2,46,7,0,0]"
CSI_DATA,409,1a:00:00:00:00:00,-49,11,1,0,1,1,1,0,0,0,1,-96,0,11,2,5654422,0,44,0,384,0,"[0,0,0,0,0,0,0,0,0,0,0,0,4,-14,4,-13,3,-13,3,-12,3,-11,3,-10,2,-10,2,-9,2,-8,1,-8,1,-8,0,-8,0,-6,0,-6,0,-6,0,-5,-1,-4,-1,-4,-2,-3,-2,-3,-2,-2,-3,-2,-2,-1,-3,-1,-4,-1,-4,0,0,0,-4,0,-5,1,-6,1,-6,1,-6,1,-6,1,-6,1,-7,1,-7,0,-7,0,-8,-1,-7,-1,-7,-1,-7,-1,-7,-2,-7,-2,-7,-2,-6,-3,-5,-3,-5,-3,-5,-3,-5,-3,-4,-4,-4,-4,-3,-4,-2,-4,0,0,0,0,0,0,0,0,0,0,0,0,0,0,22,-37,22,-34,18,-34,19,-30,22,-30,20,-26,18,-26,16,-25,15,-23,14,-24,13,-22,9,-19,11,-21,8,-19,9,-18,7,-18,5,-16,5,-11,3,-12,2,-12,0,-11,1,-11,-1,-8,0,-9,-3,-7,-4,-6,-5,-5,-5,-3,-8,-1,-8,-2,-10,-3,-12,-1,-11,0,-14,1,-13,0,-16,-1,-16,0,-19,0,-18,-2,-19,-2,-17,-4,-16,-4,-16,-7,-18,-7,-16,-6,-15,-8,-15,-9,-15,-9,-15,-9,-12,-9,-13,-11,-11,-11,-11,-8,-8,-10,-6,-11,-5,-12,-3,-10,0,0,0,0,0,0,0,0,0,0,0,0,0,0,0,0,0,0,0,0,0,0,0,31,-4,31,-5,30,-6,31,-9,29,-8,28,-10,27,-9,28,-10,29,-9,27,-11,26,-8,26,-8,25,-10,25,-8,23,-8,24,-7,24,-5,21,-4,21,-1,21,1,23,2,27,1,22,5,24,4,23,6,25,5,26,7,24,8,26,12,26,11,23,14,27,14,26,16,24,15,26,16,26,17,24,19,26,18,23,21,22,23,22,25,22,24,21,26,19,28,19,27,20,33,19,32,18,31,17,35,19,32,18,37,20,39,20,36,20,39,20,37,18,41,18,0,0]"
CSI_DATA,410,1a:00:00:00:00:00,-49,11,1,0,1,1,1,0,0,0,1,-96,0,11,2,5679442,0,44,0,384,0,"[0,0,0,0,0,0,0,0,0,0,0,0,-13,-6,-13,-5,-12,-5,-12,-5,-11,-4,-10,-4,-9,-3,-9,-3,-8,-3,-8,-2,-7,-2,-7,-2,-6,-2,-6,-1,-6,-1,-5,0,-4,0,-4,0,-3,0,-3,0,-2,1,-2,1,-2,1,-1,1,-1,2,0,2,0,0,1,3,0,3,0,4,1,4,1,4,1,4,1,5,0,5,1,6,1,6,0,6,-1,6,-1,6,0,5,-1,5,-1,5,-1,5,-2,5,-2,5,-2,4,-2,4,-3,4,-3,3,-3,3,-3,2,-3,2,0,0,0,0,0,0,0,0,0,0,0,0,0,0,-83,-32,-81,-37,-75,-25,-72,-22,-68,-25,-62,-26,-63,-24,-61,-24,-55,-17,-50,-20,-48,-12,-45,-10,-43,-11,-45,-10,-38,-12,-35,-7,-35,-2,-32,0,-26,-2,-24,0,-25,5,-20,4,-18,2,-18,2,-12,5,-7,12,-3,10,-4,11,-5,15,-1,15,2,15,7,17,5,20,5,22,12,18,5,24,9,27,7,30,6,30,9,30,9,31,5,36,4,35,0,37,-4,33,-3,35,-3,30,-4,29,-5,28,-6,28,-6,22,-8,23,-11,22,-14,20,-13,19,-17,13,-15,11,0,0,0,0,0,0,0,0,0,0,0,0,0,0,0,0,0,0,0,0,0,0,65,0,61,5,67,6,69,12,60,17,59,19,56,12,56,15,57,16,55,19,58,17,54,9,58,17,51,11,50,12,53,10,55,3,51,8,49,5,49,-4,49,-3,49,-7,48,-8,48,-9,52,-14,53,-18,51,-15,51,-20,53,-27,51,-32,48,-29,55,-31,52,-32,48,-34,53,-36,53,-38,46,-41,45,-43,44,-42,41,-53,39,-52,35,-55,32,-56,30,-64,30,-56,32,-64,26,-65,23,-67,24,-73,21,-77,21,-77,18,-75,23,-79,18,-81,24,-92,26,-90,30,-88,0,0]"
CSI_DATA,411,1a:00:00:00:00:00,-49,11,1,0,1,1,1,0,0,0,1,-96,0,11,2,5694369,0,44,0,384,0,"[0,0,0,0,0,0,0,0,0,0,0,0,13,1,12,0,11,0,12,0,11,0,9,0,9,-1,8,-1,8,-1,7,-1,7,-1,6,-1,6,-1,5,-2,4,-2,4,-2,3,-2,2,-2,2,-2,1,-2,1,-2,1,-2,0,-3,-1,-3,-1,-3,-2,-3,0,0,-3,-4,-3,-4,-3,-4,-4,-5,-3,-5,-4,-5,-4,-5,-4,-5,-4,-6,-4,-6,-3,-7,-3,-6,-2,-6,-2,-6,-2,-6,-2,-7,-2,-6,-1,-6,-1,-6,-1,-6,0,-6,0,-5,1,-5,1,-5,1,-4,2,-4,0,0,0,0,0,0,0,0,0,0,0,0,0,0,40,0,41,1,40,0,37,0,35,-3,33,-2,31,-3,32,-3,29,-1,28,-2,25,-4,23,-4,21,-4,20,-1,19,-4,16,-5,16,-5,13,-3,14,-3,11,-6,8,-7,5,-5,7,-5,6,-6,2,-5,1,-7,-2,-7,-3,-5,-1,-8,-4,-8,-6,-6,-8,-9,-8,-9,-10,-10,-12,-10,-10,-10,-9,-12,-10,-13,-8,-14,-11,-13,-10,-14,-10,-16,-10,-18,-9,-17,-8,-15,-7,-17,-4,-17,-3,-16,-6,-14,-5,-15,-4,-15,-2,-14,0,-13,1,-14,3,-13,2,-11,3,-10,0,0,0,0,0,0,0,0,0,0,0,0,0,0,0,0,0,0,0,0,0,0,-32,8,-31,5,-32,4,-32,3,-32,2,-32,1,-31,1,-32,-1,-31,0,-30,0,-30,-2,-28,1,-30,0,-28,0,-25,1,-25,1,-25,5,-24,2,-24,6,-23,7,-23,7,-24,10,-22,9,-23,14,-22,14,-23,17,-23,16,-20,17,-20,18,-19,23,-19,21,-20,22,-20,24,-18,24,-19,28,-16,27,-15,28,-13,27,-13,28,-11,30,-11,29,-7,32,-9,34,-7,33,-4,32,0,36,-3,36,0,36,0,39,0,41,0,40,6,42,3,44,5,43,2,46,4,46,3,45,0,0]"
