type,id,mac,rssi,rate,sig_mode,mcs,bandwidth,smoothing,not_sounding,aggregation,stbc,fec_coding,sgi,noise_floor,ampdu_cnt,channel,secondary_channel,local_timestamp,ant,sig_len,rx_state,len,first_word,data
CSI_DATA,21,1a:00:00:00:00:00,-48,11,1,0,1,1,1,0,0,0,1,-97,0,11,2,530906,0,44,0,384,0,"[0,0,0,0,0,0,0,0,0,0,0,0,-6,9,-5,8,-4,8,-4,7,-3,7,-3,6,-2,5,-1,5,-1,4,0,3,0,3,0,2,1,1,1,1,1,0,2,-1,2,-1,2,-2,2,-3,2,-4,2,-4,2,-5,2,-5,2,-6,2,-7,2,-8,0,0,2,-9,2,-9,2,-10,2,-11,3,-11,3,-11,3,-11,3,-11,3,-12,4,-11,4,-11,4,-10,4,-10,4,-10,4,-9,5,-9,4,-9,4,-8,4,-8,4,-7,4,-7,4,-6,4,-6,4,-5,4,-4,4,-3,0,0,0,0,0,0,0,0,0,0,0,0,0,0,42,62,41,57,44,49,34,45,35,41,34,38,34,41,29,30,26,24,23,20,24,17,20,16,20,9,17,2,14,5,14,1,9,-3,8,-10,4,-5,3,-11,0,-14,0,-14,-10,-14,-9,-17,-10,-19,-19,-20,-20,-24,-25,-21,-25,-24,-28,-27,-29,-26,-35,-28,-35,-28,-46,-26,-41,-32,-42,-36,-43,-35,-39,-32,-42,-38,-38,-37,-38,-37,-37,-42,-39,-40,-37,-38,-35,-38,-34,-41,-27,-35,-30,-35,-27,-36,-23,-32,-23,-33,-19,-32,-19,-28,-15,-31,-14,-27,-9,-25,-4,-27,0,0,0,0,0,0,0,0,0,0,0,0,0,0,0,0,0,0,0,0,0,0,75,19,69,25,73,28,72,33,66,35,65,41,62,39,61,42,61,41,55,42,55,48,52,45,50,45,43,45,38,44,33,45,40,45,30,45,26,40,24,37,14,38,13,34,11,35,2,35,1,28,-3,29,-8,24,-13,23,-10,21,-14,18,-19,17,-25,21,-24,18,-28,18,-29,18,-35,18,-35,18,-38,20,-38,18,-43,27,-46,25,-48,28,-53,28,-48,32,-51,35,-55,30,-53,34,-52,40,-55,47,-63,44,-59,48,-61,48,-65,53,-61,50,-67,57,-62,51,-68,52,0,0]"
CSI_DATA,22,1a:00:00:00:00:00,-48,11,1,0,1,1,1,0,0,0,1,-97,0,11,2,549476,0,44,0,384,0,"[0,0,0,0,0,0,0,0,0,0,0,0,6,-9,5,-9,4,-8,4,-8,3,-7,3,-6,2,-6,1,-6,1,-5,0,-4,0,-4,-1,-3,-1,-2,-2,-2,-2,-1,-3,-1,-3,0,-3,1,-3,1,-3,2,-3,3,-4,4,-4,4,-4,5,-4,6,-4,6,0,0,-4,8,-5,8,-5,9,-4,9,-5,9,-5,9,-5,10,-5,9,-6,10,-6,10,-6,9,-6,9,-6,8,-6,8,-7,8,-6,7,-6,7,-6,7,-6,6,-6,6,-6,5,-6,5,-6,4,-6,3,-6,3,-5,2,0,0,0,0,0,0,0,0,0,0,0,0,0,0,-43,-58,-40,-63,-42,-55,-39,-44,-34,-47,-32,-38,-35,-35,-34,-33,-28,-28,-31,-22,-26,-15,-24,-17,-22,-9,-21,-8,-12,-9,-15,-3,-14,2,-8,4,-9,6,-4,9,1,13,2,16,5,16,7,17,11,18,17,18,20,26,23,23,26,25,30,28,29,22,33,25,35,25,39,30,41,29,38,33,39,35,42,36,38,39,39,37,40,42,42,38,36,41,36,42,33,38,34,40,31,42,28,39,23,36,21,32,20,34,22,36,16,31,10,30,14,28,7,30,2,23,0,0,0,0,0,0,0,0,0,0,0,0,0,0,0,0,0,0,0,0,0,0,-80,-17,-77,-26,-78,-28,-76,-31,-72,-39,-68,-41,-69,-38,-61,-44,-66,-44,-60,-43,-57,-48,-57,-46,-52,-46,-44,-46,-37,-47,-43,-44,-42,-45,-33,-48,-25,-38,-28,-40,-20,-36,-16,-37,-9,-38,-6,-34,-3,-31,1,-30,8,-26,7,-23,14,-22,16,-23,19,-18,24,-20,27,-19,25,-17,32,-18,30,-18,37,-22,36,-21,40,-24,44,-30,44,-29,46,-32,46,-27,54,-35,50,-35,47,-44,50,-41,59,-44,55,-47,62,-49,65,-51,59,-48,68,-51,65,-54,68,-56,70,-55,69,-54,0,0]"
CSI_DATA,23,1a:00:00:00:00:00,-48,11,1,0,1,1,1,0,0,0,1,-97,0,11,2,585473,0,44,0,384,0,"[0,0,0,0,0,0,0,0,0,0,0,0,-8,-8,-8,-7,-8,-6,-7,-6,-7,-5,-6,-4,-6,-3,-5,-3,-5,-2,-4,-2,-4,-1,-3,0,-3,0,-2,1,-2,1,-1,1,0,2,0,2,1,2,2,2,2,2,3,3,3,3,4,3,5,3,6,3,0,0,7,3,7,4,8,4,8,4,9,4,9,5,9,4,9,5,9,5,9,5,9,6,8,6,8,6,8,6,7,6,7,6,6,5,6,5,6,5,5,5,5,5,4,5,4,5,3,5,2,5,2,4,0,0,0,0,0,0,0,0,0,0,0,0,0,0,-66,42,-60,42,-59,43,-51,34,-48,36,-44,35,-41,32,-36,32,-28,28,-26,25,-18,27,-19,21,-10,19,-11,18,-8,16,-2,14,2,9,2,7,6,2,6,4,12,1,13,1,16,-7,13,-4,15,-12,23,-16,21,-20,23,-24,26,-22,23,-30,29,-30,28,-33,34,-35,32,-42,33,-40,37,-43,35,-40,36,-44,41,-39,37,-41,39,-40,39,-38,44,-40,39,-33,37,-31,40,-31,38,-27,38,-23,34,-23,36,-27,34,-23,30,-20,29,-18,28,-16,28,-10,28,-8,29,-2,0,0,0,0,0,0,0,0,0,0,0,0,0,0,0,0,0,0,0,0,0,0,-20,79,-25,73,-29,75,-32,74,-37,71,-37,67,-35,70,-41,66,-41,67,-42,65,-46,55,-44,52,-44,52,-49,51,-45,46,-45,38,-45,39,-45,29,-41,27,-38,23,-39,18,-42,10,-32,11,-34,6,-32,4,-27,1,-24,-7,-27,-10,-27,-15,-23,-14,-20,-19,-18,-25,-18,-25,-16,-23,-18,-29,-15,-31,-20,-32,-20,-40,-20,-43,-25,-44,-26,-45,-29,-48,-32,-48,-37,-54,-33,-54,-44,-58,-39,-60,-45,-52,-42,-58,-46,-61,-43,-63,-53,-64,-55,-71,-52,-67,-55,-74,-57,-71,-52,-69,0,0]"
CSI_DATA,24,1a:00:00:00:00:00,-48,11,1,0,1,1,1,0,0,0,1,-97,0,11,2,589473,0,44,0,384,0,"[0,0,0,0,0,0,0,0,0,0,0,0,10,-5,9,-5,8,-5,7,-5,6,-4,5,-4,5,-4,4,-4,3,-4,2,-3,1,-3,1,-3,0,-3,-1,-2,-1,-2,-2,-2,-2,-1,-3,-1,-4,0,-4,0,-4,1,-5,1,-5,2,-6,3,-6,3,-7,4,0,0,-8,4,-8,5,-9,5,-9,6,-9,5,-10,5,-10,6,-10,5,-10,5,-10,5,-11,5,-10,4,-10,4,-10,4,-10,3,-10,3,-9,3,-9,2,-9,2,-8,2,-8,1,-8,0,-7,0,-7,0,-7,-1,-6,-1,0,0,0,0,0,0,0,0,0,0,0,0,0,0,5,-80,7,-69,5,-71,2,-68,2,-59,-1,-51,-2,-52,-5,-45,-4,-42,-8,-35,-8,-33,-8,-27,-6,-26,-9,-20,-11,-16,-6,-8,-9,-7,-9,-5,-9,1,-10,5,-11,11,-10,10,-5,16,-5,16,-2,21,-7,24,-3,26,1,34,-1,33,5,36,3,38,9,45,4,43,10,46,5,53,8,56,10,50,3,55,3,54,4,53,5,53,2,55,0,53,0,55,-2,50,-3,54,-9,47,-6,44,-8,42,-5,42,-7,39,-8,37,-9,34,-8,31,-16,30,-15,28,-16,24,0,0,0,0,0,0,0,0,0,0,0,0,0,0,0,0,0,0,0,0,0,0,-48,-64,-42,-69,-36,-72,-38,-75,-33,-76,-33,-76,-26,-70,-22,-73,-24,-76,-23,-72,-12,-73,-17,-68,-18,-71,-11,-70,-4,-66,-3,-60,-3,-60,0,-54,8,-48,5,-48,10,-41,15,-40,13,-35,11,-30,15,-28,17,-23,22,-15,24,-11,26,-6,28,-4,25,-3,31,1,28,4,32,7,35,5,35,9,38,6,43,8,46,8,51,6,52,7,53,8,54,9,63,8,62,8,62,7,62,3,72,5,73,2,78,6,76,4,85,1,88,5,84,3,93,8,86,6,85,4,0,0]"
CSI_DATA,25,1a:00:00:00:00:00,-48,11,1,0,1,1,1,0,0,0,1,-97,0,11,2,599423,0,44,0,384,0,"[0,0,0,0,0,0,0,0,0,0,0,0,10,4,9,3,9,2,8,2,7,2,6,1,6,0,5,0,4,0,3,-1,3,-1,2,-2,1,-2,0,-2,0,-2,-1,-2,-2,-2,-2,-2,-3,-2,-3,-2,-4,-2,-5,-2,-5,-2,-6,-2,-7,-2,-8,-2,0,0,-9,-2,-10,-2,-10,-2,-11,-2,-11,-2,-11,-2,-11,-2,-11,-2,-12,-3,-12,-3,-11,-3,-11,-4,-11,-3,-10,-4,-10,-4,-10,-4,-9,-4,-8,-3,-8,-4,-8,-4,-7,-4,-7,-4,-6,-4,-6,-5,-5,-5,-4,-4,0,0,0,0,0,0,0,0,0,0,0,0,0,0,60,-47,57,-44,50,-42,46,-39,46,-39,41,-35,37,-36,33,-28,26,-30,24,-30,13,-25,17,-25,13,-22,8,-23,3,-13,0,-13,-2,-13,-6,-9,-6,-8,-12,-3,-11,-1,-13,1,-13,9,-18,11,-20,12,-19,15,-21,21,-19,25,-24,26,-28,30,-24,36,-24,36,-28,37,-29,42,-27,39,-33,44,-30,43,-35,49,-32,44,-33,45,-34,44,-36,44,-35,43,-38,42,-35,36,-37,35,-36,34,-34,36,-29,30,-29,27,-30,25,-30,22,-28,20,-32,15,-33,16,-27,9,-31,5,0,0,0,0,0,0,0,0,0,0,0,0,0,0,0,0,0,0,0,0,0,0,22,-78,30,-80,32,-74,33,-71,39,-70,42,-66,46,-64,44,-65,48,-64,44,-58,48,-55,40,-54,46,-58,51,-50,47,-46,45,-39,45,-35,38,-31,41,-26,40,-24,38,-17,41,-14,32,-9,30,-11,30,-2,20,-2,26,7,20,12,19,11,18,14,15,19,15,21,16,25,16,27,17,28,17,34,18,32,22,37,15,36,26,42,24,45,30,45,27,47,36,48,35,50,39,54,43,55,44,54,45,58,48,59,49,61,56,64,52,68,52,63,59,70,57,66,54,74,0,0]"
CSI_DATA,26,1a:00:00:00:00:00,-48,11,1,0,1,1,1,0,0,0,1,-97,0,11,2,611119,0,44,0,384,0,"[0,0,0,0,0,0,0,0,0,0,0,0,7,8,7,7,6,6,6,6,5,4,5,4,5,3,4,2,4,2,3,1,3,0,2,0,2,-1,1,-1,1,-2,0,-2,-1,-3,-1,-3,-2,-3,-3,-3,-3,-4,-4,-4,-4,-4,-5,-4,-6,-5,-6,-5,0,0,-8,-5,-8,-5,-9,-5,-9,-5,-9,-6,-9,-6,-10,-6,-9,-6,-10,-7,-9,-7,-9,-7,-9,-7,-8,-7,-8,-7,-7,-7,-7,-7,-7,-7,-7,-6,-6,-6,-6,-6,-5,-6,-5,-6,-4,-6,-4,-6,-3,-6,-2,-5,0,0,0,0,0,0,0,0,0,0,0,0,0,0,71,-23,66,-23,60,-31,61,-29,55,-29,46,-26,45,-23,43,-23,36,-21,30,-24,24,-21,21,-20,13,-22,11,-17,9,-18,8,-15,0,-11,-3,-15,-3,-6,-7,-8,-12,-6,-13,-1,-13,5,-17,3,-21,5,-24,12,-25,17,-25,20,-30,20,-35,21,-34,20,-35,26,-37,27,-42,32,-43,32,-46,34,-42,31,-40,35,-49,29,-49,32,-46,37,-45,29,-51,24,-48,30,-47,27,-45,26,-41,21,-43,18,-37,17,-42,15,-35,15,-41,12,-35,9,-34,5,-34,4,-25,4,-27,-4,0,0,0,0,0,0,0,0,0,0,0,0,0,0,0,0,0,0,0,0,0,0,43,-71,48,-65,53,-65,56,-62,56,-61,55,-51,56,-56,58,-49,61,-48,62,-48,58,-44,60,-42,60,-43,55,-34,56,-29,58,-28,54,-25,52,-18,46,-14,42,-11,42,-11,42,-5,31,-3,33,-2,27,6,22,9,22,12,16,14,12,20,15,20,12,20,12,25,6,30,6,30,11,33,8,35,9,36,9,40,11,40,11,47,12,50,10,55,13,53,21,60,16,54,23,67,25,63,23,67,27,67,29,76,27,74,38,78,33,76,35,80,33,79,36,82,31,81,0,0]"
CSI_DATA,27,1a:00:00:00:00:00,-48,11,1,0,1,1,1,0,0,0,1,-97,0,11,2,619450,0,44,0,384,0,"[0,0,0,0,0,0,0,0,0,0,0,0,-6,-10,-7,-9,-6,-8,-6,-8,-6,-6,-5,-6,-5,-5,-5,-4,-4,-3,-4,-2,-3,-2,-3,-1,-3,-1,-2,0,-2,1,-1,1,-1,2,0,2,0,2,1,3,2,3,2,3,3,3,4,4,4,4,5,5,0,0,6,5,6,6,7,6,7,6,7,6,7,7,8,7,7,7,8,7,7,7,7,8,7,8,6,8,6,8,5,7,5,7,5,7,5,7,4,7,4,6,3,6,3,6,2,6,2,6,1,5,0,5,0,0,0,0,0,0,0,0,0,0,0,0,0,0,-80,-3,-75,-4,-73,3,-65,-3,-62,2,-51,1,-49,5,-48,4,-41,7,-35,3,-34,8,-27,9,-24,9,-20,10,-12,13,-9,7,-7,14,1,6,-1,8,7,7,13,8,14,8,18,2,18,2,20,1,25,-1,26,-4,25,-2,32,-6,40,-7,36,-10,44,-8,42,-11,47,-13,45,-14,57,-7,54,-12,55,-14,56,-12,53,-5,53,-9,56,-6,55,-3,53,-5,55,-3,47,-1,48,-1,46,0,42,2,40,0,38,2,36,4,36,4,29,10,28,10,26,9,23,13,0,0,0,0,0,0,0,0,0,0,0,0,0,0,0,0,0,0,0,0,0,0,-57,55,-65,54,-60,45,-71,45,-74,41,-74,36,-66,29,-71,27,-77,29,-70,24,-72,26,-64,23,-70,21,-71,18,-64,12,-62,8,-61,7,-51,2,-50,0,-47,-4,-42,-5,-42,-8,-30,-10,-27,-12,-27,-13,-26,-18,-20,-18,-19,-25,-10,-23,-6,-25,-2,-24,-1,-30,4,-32,2,-33,3,-34,4,-37,2,-36,5,-42,6,-40,4,-50,4,-54,4,-54,3,-60,5,-58,1,-62,-4,-66,-1,-70,-2,-71,-5,-77,-5,-78,-3,-81,-2,-86,-6,-89,-3,-78,-2,-92,-1,-86,1,-86,0,0]"
CSI_DATA,28,1a:00:00:00:00:00,-49,11,1,0,1,1,1,0,0,0,1,-97,0,11,2,629560,0,44,0,384,0,"[0,0,0,0,0,0,0,0,0,0,0,0,-2,11,-2,10,-1,9,-1,9,-1,7,-1,7,0,6,0,5,0,4,1,3,1,3,1,2,1,1,1,0,1,0,1,-1,1,-2,1,-3,1,-3,0,-4,0,-4,0,-5,0,-6,-1,-7,-1,-7,-1,-8,0,0,-1,-9,-1,-10,-2,-11,-2,-10,-1,-11,-1,-11,-1,-11,-1,-11,-1,-12,-1,-12,0,-12,0,-11,0,-11,0,-11,1,-10,1,-10,1,-10,1,-9,1,-9,1,-8,2,-8,2,-7,2,-7,2,-6,3,-6,3,-5,0,0,0,0,0,0,0,0,0,0,0,0,0,0,61,47,55,45,54,39,49,36,47,36,44,29,43,27,40,24,31,23,32,17,30,9,25,12,23,6,20,5,18,2,11,-5,9,-2,8,-6,2,-2,1,-8,-1,-11,-2,-10,-12,-13,-11,-18,-19,-16,-19,-12,-18,-17,-28,-18,-27,-17,-34,-18,-34,-22,-39,-27,-41,-22,-39,-23,-43,-21,-42,-30,-47,-27,-45,-29,-46,-31,-43,-24,-42,-33,-43,-32,-43,-30,-38,-35,-36,-35,-36,-35,-36,-33,-36,-36,-24,-29,-26,-32,-29,-28,-18,-28,-23,-28,-16,-27,-14,-26,-15,-26,-7,-28,0,0,0,0,0,0,0,0,0,0,0,0,0,0,0,0,0,0,0,0,0,0,78,-25,77,-16,75,-12,80,-9,78,-2,76,-4,76,3,73,3,77,8,73,9,70,11,68,9,70,15,64,16,59,20,53,20,56,24,44,22,38,18,38,25,36,23,31,27,22,25,20,22,17,22,10,21,5,22,6,22,-4,23,-4,23,-8,20,-16,20,-12,19,-17,24,-22,28,-23,25,-27,28,-24,31,-26,33,-27,39,-31,37,-30,41,-34,43,-35,44,-36,46,-30,58,-39,56,-38,55,-38,61,-48,64,-45,66,-44,65,-50,72,-45,63,-46,72,-47,69,-55,68,0,0]"
CSI_DATA,29,1a:00:00:00:00:00,-48,11,1,0,1,1,1,0,0,0,1,-97,0,11,2,639500,0,44,0,384,0,"[0,0,0,0,0,0,0,0,0,0,0,0,-9,7,-8,6,-7,6,-7,6,-6,5,-5,5,-4,5,-3,4,-3,4,-2,3,-1,3,-1,2,0,2,0,1,1,1,1,0,2,-1,2,-1,2,-2,2,-2,2,-3,3,-4,3,-4,3,-5,3,-6,3,-6,0,0,4,-8,4,-8,4,-9,4,-9,5,-9,5,-9,5,-10,5,-9,5,-10,6,-9,6,-9,6,-8,6,-8,6,-8,6,-7,6,-8,6,-7,5,-7,5,-6,5,-6,5,-5,5,-5,5,-4,5,-3,5,-3,4,-2,0,0,0,0,0,0,0,0,0,0,0,0,0,0,2,77,2,71,9,65,5,61,5,61,6,53,8,50,8,49,4,39,8,36,14,30,12,30,10,20,8,15,11,16,6,9,7,4,8,0,9,-2,9,-7,6,-10,4,-11,2,-15,3,-20,-1,-22,-6,-23,-7,-26,-12,-28,-7,-32,-13,-36,-14,-41,-18,-44,-16,-42,-20,-45,-20,-47,-16,-52,-19,-48,-18,-51,-15,-54,-18,-51,-18,-51,-17,-53,-13,-52,-13,-52,-12,-53,-7,-48,-4,-47,-12,-45,-6,-42,-6,-42,0,-40,-3,-41,-3,-35,4,-33,3,-30,4,-26,10,-23,0,0,0,0,0,0,0,0,0,0,0,0,0,0,0,0,0,0,0,0,0,0,53,62,46,68,44,67,41,71,35,70,33,72,32,72,29,68,32,75,24,70,21,70,24,70,23,71,11,70,8,64,6,58,7,62,2,54,1,44,-3,49,-5,36,-5,42,-10,32,-10,30,-14,27,-15,22,-16,18,-21,14,-24,8,-28,5,-28,9,-30,0,-33,0,-34,-1,-34,0,-37,-2,-38,-7,-43,-1,-48,-7,-52,-4,-54,-4,-54,-2,-56,-7,-59,2,-61,-1,-60,-2,-67,0,-73,7,-75,4,-77,5,-78,7,-86,8,-89,7,-76,7,-87,7,-90,9,-89,6,0,0]"
CSI_DATA,30,1a:00:00:00:00:00,-49,11,1,0,1,1,1,0,0,0,1,-97,0,11,2,649470,0,44,0,384,0,"[0,0,0,0,0,0,0,0,0,0,0,0,-10,-5,-10,-4,-9,-3,-9,-3,-8,-3,-7,-2,-6,-1,-6,-1,-5,-1,-4,0,-4,0,-3,0,-2,1,-2,1,-1,1,0,1,0,1,1,1,2,1,2,1,3,1,4,1,4,1,5,1,6,1,6,1,0,0,8,1,8,1,9,1,9,0,9,1,10,1,10,1,10,1,10,1,10,2,10,2,9,2,9,2,9,3,8,3,8,3,8,3,7,2,7,3,6,2,6,3,6,3,5,3,4,3,4,4,3,3,0,0,0,0,0,0,0,0,0,0,0,0,0,0,-58,53,-54,46,-49,48,-44,41,-44,45,-39,36,-34,37,-30,39,-27,33,-20,28,-16,24,-16,25,-11,20,-9,19,-10,14,2,18,0,12,4,4,8,3,4,2,13,1,14,-4,14,-6,17,-16,14,-12,21,-18,19,-21,18,-26,20,-26,20,-35,23,-36,23,-35,29,-35,22,-42,27,-46,31,-45,28,-44,31,-44,36,-44,31,-43,33,-45,34,-40,36,-38,39,-38,41,-35,33,-37,33,-32,35,-31,31,-29,30,-25,26,-29,26,-19,30,-19,31,-13,28,-14,28,-12,26,-7,0,0,0,0,0,0,0,0,0,0,0,0,0,0,0,0,0,0,0,0,0,0,0,83,-7,81,-10,82,-16,82,-23,79,-24,75,-23,72,-29,74,-27,75,-28,73,-34,67,-29,59,-29,65,-33,63,-37,53,-40,47,-32,48,-38,39,-34,33,-35,31,-36,27,-37,24,-31,20,-31,12,-29,8,-23,8,-24,-2,-27,-4,-25,-6,-21,-12,-20,-19,-24,-22,-21,-18,-20,-25,-22,-29,-25,-29,-21,-32,-27,-32,-29,-34,-32,-38,-33,-39,-37,-39,-36,-45,-36,-46,-41,-46,-48,-47,-46,-49,-51,-44,-55,-53,-53,-57,-59,-53,-63,-57,-65,-61,-64,-59,-68,-61,-63,-66,-62,-57,0,0]"
CSI_DATA,31,1a:00:00:00:00:00,-49,11,1,0,1,1,1,0,0,0,1,-97,0,11,2,659634,0,44,0,384,0,"[0,0,0,0,0,0,0,0,0,0,0,0,-5,10,-5,9,-4,8,-4,8,-3,7,-2,6,-2,6,-1,5,-1,4,0,3,0,3,0,2,1,1,1,0,1,0,1,-1,1,-1,1,-2,1,-3,1,-3,1,-4,1,-5,1,-5,1,-6,1,-7,1,-8,0,0,0,-9,1,-10,0,-10,0,-10,1,-11,1,-11,1,-11,1,-11,1,-12,1,-11,2,-12,2,-11,2,-10,2,-10,3,-10,2,-10,2,-9,2,-9,2,-8,2,-8,3,-7,3,-7,3,-6,3,-6,4,-5,3,-4,0,0,0,0,0,0,0,0,0,0,0,0,0,0,58,51,54,46,52,39,47,36,48,35,39,35,37,28,38,27,34,19,31,19,27,13,26,13,23,9,22,8,19,1,13,-2,10,-3,10,-9,4,-10,1,-12,-2,-9,-7,-13,-11,-15,-10,-13,-16,-14,-19,-13,-22,-20,-28,-15,-31,-16,-32,-16,-37,-15,-41,-20,-43,-20,-45,-19,-48,-18,-46,-26,-50,-22,-52,-26,-53,-26,-50,-29,-47,-27,-48,-27,-49,-26,-45,-30,-45,-26,-42,-28,-39,-29,-40,-26,-35,-27,-31,-24,-29,-24,-27,-25,-25,-28,-26,-25,-16,-27,-17,-25,-11,-23,0,0,0,0,0,0,0,0,0,0,0,0,0,0,0,0,0,0,0,0,0,0,79,6,79,14,78,19,79,22,77,26,73,30,73,27,71,34,74,35,69,37,62,37,61,35,61,32,57,39,52,39,49,39,49,36,37,35,35,35,27,34,27,33,20,31,19,33,12,28,6,23,4,27,0,24,-9,24,-9,23,-13,23,-12,21,-22,25,-23,22,-23,18,-27,20,-27,25,-28,23,-33,27,-32,29,-38,31,-39,34,-42,34,-46,40,-45,46,-46,38,-43,53,-47,55,-46,56,-46,56,-55,58,-50,60,-52,65,-58,69,-53,63,-59,69,-53,66,-57,66,0,0]"
CSI_DATA,32,1a:00:00:00:00:00,-49,11,1,0,1,1,1,0,0,0,1,-97,0,11,2,679454,0,44,0,384,0,"[0,0,0,0,0,0,0,0,0,0,0,0,-7,8,-6,8,-5,7,-5,7,-4,6,-4,5,-3,5,-2,4,-2,4,-1,3,-1,3,0,2,0,1,0,1,1,0,1,-1,1,-1,1,-2,1,-2,2,-3,2,-4,2,-4,2,-5,2,-6,2,-6,2,-7,0,0,2,-8,2,-9,2,-10,2,-10,2,-10,3,-10,3,-10,3,-10,3,-11,3,-10,3,-10,4,-10,4,-10,4,-9,4,-9,4,-9,3,-8,3,-8,4,-8,3,-7,4,-7,4,-6,4,-5,4,-5,4,-4,4,-3,0,0,0,0,0,0,0,0,0,0,0,0,0,0,36,73,19,66,33,63,27,54,25,52,26,44,24,40,23,41,20,33,21,29,22,24,20,19,20,13,18,13,13,16,13,6,15,3,10,-4,5,-7,-1,-8,1,-10,-4,-12,-6,-9,-9,-21,-11,-17,-15,-20,-15,-19,-17,-23,-22,-29,-27,-27,-28,-28,-34,-32,-26,-36,-33,-35,-35,-34,-36,-37,-38,-36,-37,-42,-38,-44,-37,-44,-34,-43,-34,-45,-33,-47,-34,-45,-27,-42,-25,-38,-23,-41,-23,-38,-22,-37,-21,-35,-19,-37,-19,-34,-14,-32,-9,-32,-5,-33,-4,-30,1,-26,0,0,0,0,0,0,0,0,0,0,0,0,0,0,0,0,0,0,0,0,0,0,75,37,71,41,66,46,68,52,60,47,62,54,57,55,55,51,56,59,48,55,46,57,44,53,46,58,40,58,34,56,27,50,31,54,23,50,20,47,15,41,16,39,10,41,6,37,4,28,-2,33,-6,29,-9,22,-12,19,-16,20,-23,17,-19,13,-25,9,-27,8,-30,13,-32,11,-36,11,-36,7,-38,12,-40,14,-47,15,-52,16,-50,15,-53,18,-55,21,-58,27,-61,22,-62,25,-60,29,-68,39,-67,33,-69,35,-73,41,-78,44,-67,32,-83,40,-80,43,-77,38,0,0]"
CSI_DATA,33,1a:00:00:00:00:00,-49,11,1,0,1,1,1,0,0,0,1,-97,0,11,2,689415,0,44,0,384,0,"[0,0,0,0,0,0,0,0,0,0,0,0,-11,-1,-11,-1,-10,0,-9,0,-8,0,-7,0,-7,0,-6,1,-5,1,-4,1,-3,1,-3,1,-2,1,-1,1,-1,1,0,1,1,1,2,1,2,0,3,0,3,0,4,-1,5,-1,5,-2,6,-2,6,-2,0,0,8,-3,8,-3,9,-3,9,-4,9,-3,10,-3,10,-3,10,-3,10,-3,10,-2,10,-2,10,-2,10,-1,10,-1,9,-1,9,-1,9,-1,8,-1,8,-1,7,-1,7,0,7,0,6,1,6,1,5,2,4,2,0,0,0,0,0,0,0,0,0,0,0,0,0,0,-33,71,-29,64,-22,64,-22,54,-18,55,-18,51,-11,49,-15,44,-8,37,-4,34,-3,34,-5,25,-2,24,2,21,2,19,7,11,5,7,6,5,9,2,5,-2,7,-2,9,-11,8,-10,4,-14,7,-22,7,-21,6,-23,5,-32,-1,-33,2,-39,0,-38,-4,-48,-2,-41,-2,-52,-6,-53,1,-54,-1,-53,1,-53,2,-55,0,-54,1,-55,3,-54,5,-56,10,-47,8,-49,9,-49,10,-49,9,-42,8,-39,9,-44,11,-37,11,-37,14,-34,12,-28,13,-29,12,-25,19,-24,0,0,0,0,0,0,0,0,0,0,0,0,0,0,0,0,0,0,0,0,0,0,7,80,4,79,0,78,-2,86,-5,81,-11,78,-6,76,-12,78,-14,78,-18,74,-18,73,-20,71,-20,71,-25,63,-27,62,-26,57,-20,56,-26,46,-25,47,-26,40,-23,33,-23,31,-24,24,-26,22,-27,14,-25,15,-24,4,-25,4,-21,-2,-28,-3,-22,-8,-27,-9,-25,-15,-27,-12,-28,-17,-28,-16,-33,-20,-37,-24,-38,-21,-43,-24,-40,-28,-48,-24,-52,-27,-53,-29,-54,-28,-59,-22,-63,-22,-67,-28,-63,-27,-69,-31,-74,-32,-73,-27,-81,-33,-77,-28,-78,-33,-81,-33,-78,-31,0,0]"
CSI_DATA,34,1a:00:00:00:00:00,-49,11,1,0,1,1,1,0,0,0,1,-97,0,11,2,700226,0,44,0,384,0,"[0,0,0,0,0,0,0,0,0,0,0,0,8,5,8,5,8,4,7,4,6,3,6,2,5,1,4,1,4,1,3,0,3,0,2,-1,1,-1,1,-1,0,-2,-1,-2,-1,-2,-2,-2,-3,-2,-3,-2,-4,-2,-5,-2,-5,-2,-6,-2,-7,-2,-7,-2,0,0,-9,-2,-9,-2,-10,-2,-10,-2,-11,-2,-11,-2,-11,-2,-11,-2,-11,-3,-11,-3,-11,-3,-11,-3,-10,-3,-10,-3,-9,-4,-10,-4,-9,-3,-8,-3,-8,-4,-8,-3,-7,-4,-7,-4,-6,-4,-6,-4,-5,-4,-4,-4,0,0,0,0,0,0,0,0,0,0,0,0,0,0,65,-38,63,-33,55,-36,50,-33,54,-35,46,-32,41,-29,35,-30,31,-29,24,-25,22,-22,19,-21,16,-21,11,-17,10,-19,0,-15,-1,-7,-1,-8,-6,-7,-4,-3,-13,2,-12,3,-13,8,-14,8,-20,11,-19,14,-20,17,-18,22,-22,23,-20,27,-26,30,-25,35,-27,31,-34,38,-32,36,-33,37,-32,35,-38,40,-37,41,-35,38,-35,34,-40,38,-39,37,-38,37,-38,31,-39,35,-35,29,-37,25,-33,25,-35,25,-33,23,-30,18,-31,17,-31,10,-29,12,-26,11,-25,6,0,0,0,0,0,0,0,0,0,0,0,0,0,0,0,0,0,0,0,0,0,0,30,-77,37,-74,41,-75,42,-68,45,-69,49,-60,48,-61,52,-57,52,-60,54,-56,51,-53,50,-51,55,-52,51,-44,55,-39,50,-35,46,-38,47,-26,45,-23,40,-19,42,-14,42,-13,34,-9,32,-9,31,-2,29,0,23,3,19,10,22,15,19,13,14,17,15,23,12,25,14,24,14,28,15,26,12,35,17,35,15,39,21,45,21,44,21,46,24,47,30,54,30,52,34,51,33,55,38,57,36,63,41,67,42,60,49,68,42,71,44,69,48,70,47,71,44,71,0,0]"
CSI_DATA,35,1a:00:00:00:00:00,-49,11,1,0,1,1,1,0,0,0,1,-97,0,11,2,710058,0,44,0,384,0,"[0,0,0,0,0,0,0,0,0,0,0,0,9,-6,8,-6,7,-6,6,-6,6,-6,5,-5,4,-5,3,-4,2,-4,2,-4,1,-3,0,-3,0,-2,-1,-2,-1,-1,-2,-1,-2,0,-2,0,-3,1,-3,2,-3,2,-3,3,-4,3,-4,4,-4,5,-4,5,0,0,-4,7,-5,7,-5,8,-5,9,-5,8,-5,9,-5,9,-6,9,-6,9,-6,9,-6,9,-6,8,-6,8,-6,7,-6,7,-6,7,-6,7,-5,6,-6,6,-5,6,-6,5,-5,4,-6,4,-6,3,-6,3,-5,2,0,0,0,0,0,0,0,0,0,0,0,0,0,0,-23,-71,-19,-73,-31,-69,-22,-60,-24,-53,-17,-53,-22,-44,-19,-40,-17,-34,-20,-34,-16,-29,-16,-24,-19,-21,-15,-17,-11,-11,-13,-5,-12,-3,-13,-1,-4,5,-7,7,-2,10,1,16,6,12,3,17,5,14,10,22,14,21,18,25,19,24,26,27,28,26,27,33,29,31,35,37,33,31,35,39,39,42,40,37,38,42,36,41,36,41,36,44,31,39,27,41,31,40,30,43,26,44,26,37,23,38,20,35,20,35,17,35,14,27,10,27,10,30,5,25,-1,25,0,0,0,0,0,0,0,0,0,0,0,0,0,0,0,0,0,0,0,0,0,0,-64,-54,-58,-61,-50,-67,-55,-69,-45,-65,-44,-73,-44,-65,-41,-69,-40,-68,-38,-68,-37,-76,-32,-67,-34,-70,-29,-60,-24,-62,-17,-62,-21,-62,-16,-55,-14,-50,-9,-56,-2,-46,-2,-47,2,-40,3,-34,3,-35,5,-28,12,-24,11,-20,18,-17,24,-19,22,-15,23,-9,23,-8,28,-3,34,-3,35,-5,34,-9,40,-7,41,-10,48,-9,52,-10,50,-9,55,-10,53,-19,57,-13,56,-16,58,-13,64,-22,62,-24,70,-28,76,-25,76,-29,79,-24,76,-27,83,-28,83,-34,85,-24,0,0]"
CSI_DATA,36,1a:00:00:00:00:00,-49,11,1,0,1,1,1,0,0,0,1,-97,0,11,2,719471,0,44,0,384,0,"[0,0,0,0,0,0,0,0,0,0,0,0,-11,-2,-11,-2,-10,-1,-9,-1,-8,-1,-7,-1,-7,0,-6,0,-5,0,-4,0,-4,0,-3,1,-2,1,-1,1,-1,1,0,1,1,0,1,0,2,0,3,0,3,0,4,-1,4,-1,5,-2,6,-2,6,-2,0,0,7,-3,8,-3,9,-3,9,-4,9,-3,10,-3,10,-3,10,-3,10,-3,10,-3,10,-3,10,-2,9,-2,9,-2,9,-1,9,-1,8,-1,8,-1,7,-1,7,-1,7,0,6,0,6,0,6,1,5,1,4,1,0,0,0,0,0,0,0,0,0,0,0,0,0,0,-27,29,-25,27,-21,27,-17,24,-19,25,-15,21,-14,21,-13,20,-10,18,-10,16,-5,16,-4,14,-5,13,-3,9,-1,7,-1,6,0,4,2,0,5,1,3,-1,3,-3,4,-3,4,-7,3,-9,3,-10,4,-12,3,-13,5,-15,3,-18,4,-20,3,-19,2,-23,4,-22,3,-24,2,-23,5,-26,4,-27,3,-27,6,-25,7,-25,7,-26,6,-27,7,-25,9,-25,9,-26,6,-24,10,-22,9,-24,6,-20,7,-18,9,-17,6,-17,8,-16,8,-15,9,-12,10,-11,9,-9,0,0,0,0,0,0,0,0,0,0,0,0,0,0,0,0,0,0,0,0,0,0,-9,43,-14,38,-14,39,-16,38,-19,37,-21,35,-18,31,-22,32,-20,34,-21,34,-22,30,-20,30,-22,32,-23,30,-21,24,-21,22,-21,23,-21,21,-18,17,-19,14,-17,11,-19,10,-18,9,-16,6,-15,3,-13,3,-12,-2,-11,-3,-10,-4,-12,-6,-9,-9,-10,-11,-10,-9,-11,-11,-10,-10,-10,-13,-13,-17,-12,-15,-13,-15,-19,-18,-17,-21,-18,-19,-18,-21,-21,-21,-20,-21,-26,-19,-25,-22,-25,-24,-30,-23,-32,-24,-33,-25,-34,-25,-35,-28,-33,-26,-35,-28,-37,-27,-35,-26,0,0]"
CSI_DATA,37,1a:00:00:00:00:00,-49,11,1,0,1,1,1,0,0,0,1,-97,0,11,2,739444,0,44,0,384,0,"[0,0,0,0,0,0,0,0,0,0,0,0,11,0,10,-1,9,-1,8,-1,7,-1,6,-1,6,-2,5,-2,4,-2,3,-2,2,-2,2,-2,1,-2,0,-2,-1,-1,-1,-1,-2,-1,-2,-1,-3,0,-4,0,-4,0,-5,1,-5,1,-6,2,-6,2,-6,3,0,0,-7,4,-8,4,-8,4,-9,5,-9,5,-10,5,-10,5,-10,5,-10,5,-10,5,-10,5,-10,4,-10,4,-9,3,-9,3,-9,3,-9,3,-8,3,-8,2,-8,2,-8,2,-7,1,-7,1,-7,0,-6,0,-6,-1,0,0,0,0,0,0,0,0,0,0,0,0,0,0,39,-66,37,-64,27,-64,28,-60,23,-56,20,-51,13,-43,9,-48,10,-39,10,-35,6,-32,5,-27,-1,-25,-2,-19,2,-18,-6,-13,-4,-11,-4,-6,-7,-1,-4,2,-7,4,-7,8,-1,10,-2,17,-3,16,1,25,-1,26,-3,32,-1,32,1,31,5,39,6,46,-1,38,8,46,6,46,4,48,6,53,6,51,3,53,0,52,0,53,-3,54,-4,53,-5,53,-5,52,-6,48,-3,48,-4,48,2,41,-4,38,-6,39,-4,39,-6,34,-8,35,-10,30,-12,24,-16,23,0,0,0,0,0,0,0,0,0,0,0,0,0,0,0,0,0,0,0,0,0,0,10,-85,14,-84,21,-82,25,-85,27,-75,35,-74,31,-74,32,-70,35,-75,30,-69,36,-67,32,-65,34,-66,37,-61,37,-56,36,-47,33,-53,36,-44,31,-41,35,-34,25,-37,31,-28,25,-22,28,-18,24,-15,22,-12,19,-7,24,1,20,5,20,6,26,11,23,18,19,13,23,17,22,20,26,22,27,22,29,28,31,28,36,27,37,32,39,31,44,34,43,32,48,30,57,27,54,34,63,34,62,30,68,34,64,35,74,37,76,38,69,38,78,40,79,35,79,35,0,0]"
CSI_DATA,38,1a:00:00:00:00:00,-49,11,1,0,1,1,1,0,0,0,1,-97,0,11,2,760147,0,44,0,384,0,"[0,0,0,0,0,0,0,0,0,0,0,0,-12,-3,-11,-3,-10,-2,-10,-2,-9,-2,-8,-1,-7,0,-6,0,-6,0,-5,0,-4,0,-3,0,-2,0,-2,0,-1,0,0,0,0,0,1,0,2,0,2,-1,3,-1,4,-1,4,-1,5,-2,5,-2,6,-3,0,0,7,-3,8,-3,8,-4,8,-4,9,-4,9,-4,9,-4,9,-4,10,-4,10,-3,10,-3,10,-3,9,-2,9,-2,9,-2,9,-2,8,-2,8,-2,8,-1,7,-1,7,-1,7,0,6,0,6,1,5,1,4,1,0,0,0,0,0,0,0,0,0,0,0,0,0,0,-52,62,-44,57,-40,64,-37,54,-35,55,-33,52,-28,43,-26,45,-20,36,-20,38,-11,34,-6,30,-9,26,-6,19,-3,20,-1,14,0,13,4,9,2,4,5,2,9,-8,7,-7,3,-13,6,-14,9,-16,7,-16,7,-23,4,-30,3,-33,0,-38,1,-36,2,-44,3,-46,-1,-49,-2,-49,4,-49,4,-53,3,-54,4,-56,3,-54,7,-57,6,-60,10,-51,9,-52,8,-51,11,-48,14,-50,13,-42,15,-41,12,-40,13,-35,11,-40,14,-32,17,-32,16,-26,18,-29,18,-25,0,0,0,0,0,0,0,0,0,0,0,0,0,0,0,0,0,0,0,0,0,0,-14,82,-22,81,-24,73,-30,79,-29,73,-37,75,-32,71,-41,66,-38,71,-38,68,-42,65,-34,61,-39,59,-39,54,-39,48,-37,46,-36,47,-38,39,-35,35,-34,31,-28,24,-27,23,-30,18,-27,14,-27,7,-19,4,-21,-1,-19,-4,-20,-7,-19,-9,-17,-11,-15,-18,-17,-22,-19,-25,-20,-24,-21,-26,-22,-30,-26,-31,-27,-32,-37,-36,-30,-38,-38,-38,-43,-41,-45,-42,-47,-44,-49,-45,-54,-49,-52,-43,-60,-48,-63,-46,-72,-47,-68,-46,-75,-59,-72,-48,-77,-55,-78,-53,-72,-53,0,0]"
CSI_DATA,39,1a:00:00:00:00:00,-49,11,1,0,1,1,1,0,0,0,1,-97,0,11,2,789538,0,44,0,384,0,"[0,0,0,0,0,0,0,0,0,0,0,0,-8,-11,-8,-10,-8,-9,-7,-9,-7,-8,-6,-7,-6,-6,-6,-5,-5,-4,-5,-3,-4,-3,-4,-2,-3,-2,-3,-1,-2,-1,-1,0,-1,0,0,1,0,1,1,1,2,1,3,1,3,2,4,2,5,2,6,2,0,0,7,2,7,3,8,3,8,3,9,3,9,4,9,3,9,4,9,4,9,4,9,5,9,5,8,5,8,5,7,5,7,5,7,5,7,5,6,4,6,4,5,5,5,4,4,4,4,5,3,5,2,4,0,0,0,0,0,0,0,0,0,0,0,0,0,0,-87,1,-89,11,-81,14,-75,11,-75,13,-61,9,-63,12,-53,14,-49,16,-43,13,-39,14,-29,11,-34,14,-26,11,-19,11,-17,14,-16,8,-8,8,-2,7,1,2,3,3,8,-1,9,-3,8,-5,15,-7,17,-12,20,-15,21,-15,24,-18,25,-24,26,-27,29,-32,31,-33,34,-33,33,-38,39,-32,42,-34,36,-33,41,-32,43,-35,40,-36,47,-31,47,-30,44,-30,42,-26,41,-26,37,-25,39,-28,34,-21,36,-22,36,-17,29,-13,32,-14,31,-14,32,-8,25,-5,28,-3,0,0,0,0,0,0,0,0,0,0,0,0,0,0,0,0,0,0,0,0,0,0,-76,29,-76,21,-76,16,-75,16,-77,12,-77,10,-71,13,-73,6,-74,4,-74,3,-70,0,-60,-2,-61,2,-57,-1,-53,-5,-51,-6,-53,-2,-47,-11,-39,-5,-35,-10,-31,-17,-24,-11,-21,-12,-15,-18,-11,-13,-7,-15,0,-18,2,-20,2,-24,1,-23,8,-20,12,-31,14,-33,14,-32,14,-36,14,-37,17,-40,14,-47,13,-47,17,-56,17,-57,13,-61,11,-61,9,-70,7,-71,6,-70,3,-76,-2,-81,-3,-83,2,-87,2,-91,-10,-93,-8,-101,-9,-92,-12,-106,-10,-98,-10,-99,0,0]"
CSI_DATA,40,1a:00:00:00:00:00,-49,11,1,0,1,1,1,0,0,0,1,-97,0,11,2,799502,0,44,0,384,0,"[0,0,0,0,0,0,0,0,0,0,0,0,5,-13,4,-13,3,-11,3,-11,2,-10,2,-9,1,-9,1,-8,0,-7,0,-6,0,-5,-1,-5,-1,-4,-1,-3,-1,-2,-1,-1,-1,0,-1,0,-1,1,-1,2,-1,2,-1,3,0,4,0,4,0,5,1,6,0,0,1,7,1,8,2,8,2,9,2,9,1,9,1,10,1,10,2,10,1,10,1,10,0,10,0,10,0,10,0,9,0,9,0,9,0,8,-1,8,-1,7,-2,7,-2,6,-2,6,-2,5,-3,5,-3,4,0,0,0,0,0,0,0,0,0,0,0,0,0,0,-64,-71,-59,-62,-59,-57,-53,-48,-51,-49,-46,-46,-53,-42,-50,-37,-44,-27,-38,-26,-40,-22,-35,-21,-30,-13,-28,-13,-23,-13,-20,-4,-18,-1,-13,-2,-8,1,-9,2,-1,1,-1,4,5,5,13,4,10,4,15,7,21,7,28,9,29,11,31,7,34,9,40,5,40,6,45,7,47,4,49,7,48,5,53,7,52,13,48,9,50,15,52,14,50,19,42,16,48,17,48,16,43,19,39,15,37,14,39,18,32,14,35,17,30,16,27,17,23,21,18,20,15,23,0,0,0,0,0,0,0,0,0,0,0,0,0,0,0,0,0,0,0,0,0,0,-61,-48,-57,-48,-56,-43,-55,-50,-50,-54,-54,-55,-47,-49,-42,-54,-47,-50,-38,-50,-38,-53,-31,-55,-39,-49,-34,-48,-23,-46,-18,-44,-21,-37,-12,-30,-11,-31,-6,-30,-4,-26,-2,-25,3,-22,8,-18,8,-19,10,-14,16,-8,20,-7,21,-6,24,-11,29,-4,34,-4,32,-2,35,-10,34,-13,40,-14,42,-12,49,-14,49,-12,54,-20,56,-25,63,-27,60,-32,59,-35,56,-36,62,-47,66,-49,65,-47,63,-52,66,-56,71,-52,70,-62,75,-64,69,-65,79,-71,72,-72,74,-68,0,0]"
CSI_DATA,41,1a:00:00:00:00:00,-49,11,1,0,1,1,1,0,0,0,1,-97,0,11,2,809459,0,44,0,384,0,"[0,0,0,0,0,0,0,0,0,0,0,0,13,-2,12,-3,11,-3,11,-3,9,-3,8,-3,7,-3,6,-3,6,-3,5,-3,4,-3,3,-3,2,-3,1,-2,1,-2,0,-2,-1,-2,-1,-1,-2,0,-2,0,-3,0,-3,1,-4,1,-4,2,-5,3,-5,3,0,0,-6,4,-7,5,-7,5,-7,6,-8,6,-8,6,-9,6,-9,6,-9,6,-9,6,-9,6,-9,5,-9,5,-9,4,-9,4,-9,4,-9,3,-8,3,-8,3,-7,2,-8,2,-7,1,-7,1,-7,0,-6,0,-6,-1,0,0,0,0,0,0,0,0,0,0,0,0,0,0,19,-40,18,-40,15,-39,13,-35,13,-34,11,-33,9,-32,7,-29,6,-28,6,-25,2,-22,2,-19,0,-18,-1,-18,-1,-14,-3,-11,-1,-10,-3,-6,-3,-7,-2,-5,-2,-1,-2,0,-2,0,-2,4,0,3,-1,6,0,9,2,10,1,14,1,15,3,16,2,19,2,18,2,20,3,24,2,24,4,26,5,25,0,27,3,24,2,28,0,27,-3,24,-2,25,-3,22,-2,25,-2,21,-3,22,-1,20,-4,20,-4,17,-6,17,-3,16,-7,13,-7,14,-7,11,-9,7,0,0,0,0,0,0,0,0,0,0,0,0,0,0,0,0,0,0,0,0,0,0,0,-37,3,-36,7,-39,7,-35,9,-35,8,-31,9,-32,13,-29,12,-32,12,-28,12,-27,11,-26,12,-25,11,-21,14,-19,14,-18,11,-15,12,-13,13,-12,10,-10,11,-5,8,-5,8,-1,10,1,8,3,7,4,7,8,8,7,8,9,8,11,9,12,9,15,11,15,10,15,10,16,12,17,15,19,17,18,20,19,20,20,23,22,26,21,25,21,29,22,30,20,28,21,31,20,34,20,36,20,41,21,42,19,46,19,43,20,43,21,48,17,48,19,45,19,0,0]"
CSI_DATA,42,1a:00:00:00:00:00,-49,11,1,0,1,1,1,0,0,0,1,-97,0,11,2,819992,0,44,0,384,0,"[0,0,0,0,0,0,0,0,0,0,0,0,1,-14,1,-14,-1,-12,0,-12,-1,-11,-1,-10,-1,-9,-1,-8,-1,-7,-2,-6,-2,-6,-2,-5,-2,-4,-2,-3,-2,-2,-2,-2,-2,-1,-1,0,-1,1,-1,1,0,2,0,3,0,3,1,4,1,4,2,5,0,0,3,6,3,7,3,7,3,7,3,8,3,9,3,9,3,9,3,9,3,9,3,10,2,9,2,9,1,9,1,9,1,9,1,8,0,8,0,8,0,7,-1,7,-1,6,-2,6,-2,5,-3,5,-3,4,0,0,0,0,0,0,0,0,0,0,0,0,0,0,-34,-32,-31,-31,-34,-27,-29,-23,-30,-21,-26,-21,-25,-19,-28,-16,-22,-14,-20,-12,-18,-10,-16,-7,-16,-8,-16,-7,-13,-4,-11,-2,-10,-2,-9,0,-6,2,-4,2,-3,1,-1,2,1,4,4,1,5,2,7,2,7,2,10,3,13,2,16,3,15,1,17,2,19,3,20,1,22,3,23,4,23,4,23,2,24,5,23,6,24,5,23,7,23,8,21,6,21,7,22,9,19,8,19,6,18,8,12,7,15,9,14,10,13,8,10,9,10,10,8,9,7,10,0,0,0,0,0,0,0,0,0,0,0,0,0,0,0,0,0,0,0,0,0,0,-31,-15,-30,-17,-29,-18,-29,-19,-26,-19,-23,-20,-23,-20,-21,-21,-21,-21,-19,-21,-16,-20,-16,-20,-17,-19,-14,-19,-11,-20,-7,-17,-8,-16,-5,-16,-4,-14,0,-14,1,-13,4,-10,5,-9,6,-8,8,-7,9,-6,12,-4,14,-4,16,-4,16,-5,17,-4,20,-2,19,-6,20,-2,21,-6,23,-8,22,-6,23,-10,25,-12,27,-15,29,-16,30,-18,29,-19,30,-22,28,-23,31,-22,31,-26,31,-29,30,-32,34,-32,34,-32,32,-37,35,-38,31,-35,33,-41,34,-38,32,-38,0,0]"
CSI_DATA,43,1a:00:00:00:00:00,-49,11,1,0,1,1,1,0,0,0,1,-97,0,11,2,829471,0,44,0,384,0,"[0,0,0,0,0,0,0,0,0,0,0,0,-13,-6,-12,-5,-12,-4,-11,-4,-10,-3,-9,-3,-9,-2,-8,-1,-7,-1,-6,-1,-6,-1,-5,0,-4,0,-3,0,-2,0,-1,1,-1,0,0,0,0,0,1,0,2,0,3,-1,3,-1,4,-1,5,-1,5,-2,0,0,6,-2,7,-2,8,-3,8,-3,8,-2,9,-3,9,-3,9,-2,10,-2,10,-2,10,-1,9,-1,9,-1,9,-1,9,0,8,0,8,0,7,0,7,0,7,0,6,1,6,1,6,2,5,2,4,3,3,3,0,0,0,0,0,0,0,0,0,0,0,0,0,0,-31,31,-28,31,-26,34,-25,30,-22,27,-20,25,-16,26,-16,23,-12,22,-11,21,-11,18,-8,15,-5,16,-5,15,-5,12,-1,9,-3,7,-1,6,1,6,1,1,1,1,1,2,2,-2,2,-4,2,-4,1,-9,3,-8,1,-11,1,-12,1,-16,2,-16,0,-20,0,-19,0,-22,-1,-22,1,-24,2,-23,1,-25,5,-25,1,-24,2,-24,3,-24,5,-23,6,-24,6,-22,4,-22,5,-20,5,-22,9,-19,6,-18,6,-18,7,-17,7,-15,8,-11,8,-12,7,-11,9,-8,0,0,0,0,0,0,0,0,0,0,0,0,0,0,0,0,0,0,0,0,0,0,-14,28,-20,25,-19,23,-21,25,-21,22,-21,20,-21,19,-23,17,-23,14,-22,15,-21,14,-20,12,-20,11,-20,8,-18,5,-16,3,-16,3,-15,-1,-15,-1,-13,-6,-13,-6,-11,-7,-9,-7,-7,-12,-7,-11,-9,-14,-6,-15,-4,-17,-5,-20,-4,-22,-4,-20,-7,-21,-5,-25,-5,-24,-5,-26,-7,-26,-9,-26,-11,-31,-12,-27,-16,-30,-16,-30,-19,-31,-18,-33,-23,-33,-24,-31,-22,-35,-26,-32,-30,-32,-31,-32,-33,-35,-34,-34,-37,-31,-36,-34,-35,-33,-41,-35,-40,-34,-39,-34,0,0]"
CSI_DATA,44,1a:00:00:00:00:00,-49,11,1,0,1,1,1,0,0,0,1,-97,0,11,2,839475,0,44,0,384,0,"[0,0,0,0,0,0,0,0,0,0,0,0,9,-9,8,-9,7,-9,7,-8,5,-8,5,-7,4,-7,3,-6,3,-6,2,-5,1,-5,1,-4,0,-3,0,-3,-1,-2,-1,-2,-1,-1,-1,0,-1,1,-1,1,-1,2,-2,3,-1,3,-1,4,-1,5,-1,5,0,0,-1,7,-2,7,-2,8,-1,8,-2,9,-2,9,-2,9,-2,9,-2,9,-2,9,-3,9,-3,9,-3,8,-3,8,-4,8,-4,8,-3,7,-3,7,-4,7,-4,6,-4,5,-4,5,-4,4,-5,4,-5,3,-5,2,0,0,0,0,0,0,0,0,0,0,0,0,0,0,-15,-87,-13,-89,-14,-83,-13,-69,-14,-69,-12,-65,-15,-62,-18,-51,-17,-44,-16,-42,-17,-38,-13,-33,-16,-28,-17,-24,-11,-21,-12,-17,-13,-12,-10,-8,-5,-4,-4,0,-3,2,-2,3,-2,10,4,12,5,14,7,15,8,16,21,14,13,14,22,22,25,22,25,26,27,28,29,29,30,28,32,29,36,31,37,33,31,37,31,36,34,36,31,38,27,38,32,35,23,36,25,34,19,36,25,36,16,32,12,30,9,28,12,29,11,26,6,28,5,26,0,27,-4,23,0,0,0,0,0,0,0,0,0,0,0,0,0,0,0,0,0,0,0,0,0,0,-16,-62,-8,-62,-5,-60,-3,-63,-1,-62,3,-59,1,-54,7,-53,8,-57,9,-48,12,-47,13,-42,16,-45,16,-36,25,-30,22,-30,18,-27,24,-22,25,-18,29,-11,26,-8,32,-2,29,1,30,6,32,7,32,9,37,16,34,16,40,20,40,17,35,20,44,26,48,23,45,23,48,25,49,24,55,22,59,20,60,20,65,20,67,15,70,17,70,16,82,6,71,5,73,-2,83,7,86,-4,84,-1,97,-5,93,-6,99,-7,99,-13,102,-8,105,-12,99,-17,98,-14,0,0]"
CSI_DATA,45,1a:00:00:00:00:00,-49,11,1,0,1,1,1,0,0,0,1,-97,0,11,2,859473,0,44,0,384,0,"[0,0,0,0,0,0,0,0,0,0,0,0,-12,6,-11,6,-10,6,-9,5,-8,5,-7,4,-6,5,-5,4,-5,4,-4,3,-3,2,-3,2,-2,1,-2,1,-1,0,-1,0,-1,-1,-1,-2,-1,-2,-1,-3,-1,-4,-1,-4,0,-5,-1,-6,-1,-7,-1,-7,0,0,-1,-8,-1,-9,-2,-10,-2,-10,-1,-10,-1,-10,-2,-11,-2,-11,-2,-11,-1,-11,-1,-11,0,-10,0,-10,0,-10,0,-9,0,-9,0,-9,0,-8,0,-8,0,-8,0,-7,1,-7,1,-6,1,-6,2,-5,2,-5,0,0,0,0,0,0,0,0,0,0,0,0,0,0,3,42,6,39,9,40,8,36,7,34,6,32,7,26,6,27,9,20,7,20,7,18,8,16,6,14,5,12,6,11,4,7,4,4,1,2,1,3,0,0,-1,-1,-4,-1,-5,0,-4,-3,-7,-4,-10,-5,-13,-3,-13,-6,-15,-5,-17,-4,-18,-6,-21,-6,-19,-4,-23,-6,-21,-5,-27,-6,-24,-7,-26,-6,-27,-9,-24,-7,-22,-8,-25,-7,-24,-9,-22,-9,-22,-8,-20,-9,-22,-8,-20,-9,-19,-9,-17,-7,-16,-7,-16,-8,-14,-7,-11,-9,-11,-9,-11,-9,-8,-9,0,0,0,0,0,0,0,0,0,0,0,0,0,0,0,0,0,0,0,0,0,0,-11,28,-16,29,-15,25,-18,26,-17,22,-18,24,-16,22,-15,22,-19,21,-15,18,-20,16,-17,14,-17,15,-17,11,-18,8,-15,9,-18,8,-16,3,-16,0,-15,-1,-14,-2,-17,-5,-13,-6,-15,-8,-14,-10,-15,-12,-13,-14,-15,-13,-14,-15,-16,-17,-14,-17,-18,-19,-19,-19,-19,-18,-22,-19,-22,-16,-24,-18,-27,-18,-29,-16,-32,-19,-33,-16,-34,-16,-38,-11,-37,-13,-42,-11,-40,-9,-43,-6,-45,-4,-44,-6,-48,-3,-48,-1,-49,-1,-54,-1,-49,2,-53,1,-54,4,-49,2,0,0]"
CSI_DATA,46,1a:00:00:00:00:00,-49,11,1,0,1,1,1,0,0,0,1,-97,0,11,2,869444,0,44,0,384,0,"[0,0,0,0,0,0,0,0,0,0,0,0,-9,-11,-9,-10,-9,-9,-8,-9,-8,-8,-7,-7,-7,-6,-6,-5,-6,-4,-5,-4,-4,-3,-4,-2,-3,-2,-2,-2,-2,-1,-1,-1,0,-1,0,-1,1,-1,2,-1,2,-1,3,-1,4,-1,4,-2,5,-2,6,-2,0,0,7,-3,7,-3,8,-3,8,-3,8,-3,9,-3,9,-3,9,-3,9,-3,9,-3,9,-2,9,-2,9,-2,8,-2,8,-2,8,-1,8,-2,7,-1,7,-1,6,-1,6,0,6,0,5,0,5,0,4,1,4,1,0,0,0,0,0,0,0,0,0,0,0,0,0,0,-47,6,-42,7,-42,11,-37,9,-34,10,-33,6,-29,7,-30,9,-24,8,-23,9,-19,10,-18,8,-16,7,-11,7,-13,5,-9,7,-7,4,-5,3,-5,0,-1,-1,0,0,-1,-4,-2,-2,1,-7,1,-8,3,-9,2,-10,2,-12,3,-13,3,-16,1,-15,4,-19,4,-17,4,-23,2,-19,5,-25,5,-23,5,-25,6,-22,6,-23,5,-22,9,-25,9,-22,8,-23,5,-22,6,-22,5,-19,5,-19,5,-18,5,-17,6,-16,6,-16,7,-13,7,-11,7,-9,8,-9,8,-8,0,0,0,0,0,0,0,0,0,0,0,0,0,0,0,0,0,0,0,0,0,0,-29,-8,-28,-11,-28,-11,-28,-11,-24,-13,-24,-14,-21,-12,-22,-14,-21,-12,-18,-12,-18,-16,-15,-13,-16,-13,-14,-13,-10,-14,-7,-13,-6,-14,-5,-14,-1,-15,0,-13,2,-14,3,-15,5,-14,7,-14,10,-14,8,-15,13,-13,13,-15,14,-15,16,-17,16,-15,18,-20,18,-19,16,-20,18,-22,16,-24,14,-24,15,-25,12,-30,14,-34,13,-34,11,-37,11,-37,8,-38,7,-39,5,-47,4,-45,2,-46,0,-48,-1,-48,-1,-52,-6,-51,-4,-55,-5,-51,-7,-56,-9,-54,-8,-49,0,0]"
CSI_DATA,47,1a:00:00:00:00:00,-50,11,1,0,1,1,1,0,0,0,1,-97,0,11,2,879876,0,44,0,384,0,"[0,0,0,0,0,0,0,0,0,0,0,0,8,11,7,10,8,9,7,8,7,7,6,6,6,5,5,4,5,4,4,3,3,2,3,2,2,1,2,1,1,0,1,0,0,0,-1,-1,-1,-1,-2,-1,-3,-1,-3,-1,-4,-1,-5,-1,-6,-1,-6,-1,0,0,-7,-1,-8,-2,-8,-1,-9,-1,-9,-2,-10,-2,-10,-2,-10,-2,-10,-2,-10,-3,-10,-3,-9,-3,-9,-3,-8,-3,-8,-3,-8,-3,-7,-3,-7,-3,-6,-3,-6,-3,-6,-4,-5,-4,-5,-4,-4,-4,-3,-4,-2,-4,0,0,0,0,0,0,0,0,0,0,0,0,0,0,43,-15,41,-18,38,-20,35,-18,34,-17,26,-13,28,-17,25,-17,22,-14,19,-13,18,-16,14,-11,11,-10,14,-11,11,-9,7,-8,5,-7,5,-6,4,-4,2,-2,-2,-1,0,0,-3,2,-2,3,-4,5,-5,7,-6,6,-5,13,-6,11,-6,14,-6,13,-6,16,-8,17,-6,21,-8,17,-11,20,-10,22,-11,21,-12,19,-11,18,-12,19,-12,20,-11,18,-12,19,-13,16,-12,17,-12,15,-12,15,-11,12,-10,11,-8,9,-11,9,-11,8,-9,7,-9,5,-11,5,-9,2,0,0,0,0,0,0,0,0,0,0,0,0,0,0,0,0,0,0,0,0,0,0,24,-13,23,-8,25,-10,25,-8,26,-5,27,-6,22,-1,22,-2,21,-2,22,0,20,3,18,2,18,2,15,4,12,6,13,6,10,8,9,11,8,10,6,11,3,13,2,14,2,15,-1,19,-3,17,-4,19,-5,17,-7,19,-7,20,-9,24,-8,23,-8,28,-10,27,-8,26,-9,29,-9,30,-7,31,-3,31,-2,32,2,36,1,38,2,38,2,40,5,40,7,40,9,45,11,44,11,45,15,45,16,47,18,49,19,47,18,50,17,50,19,50,21,49,17,51,0,0]"
CSI_DATA,48,1a:00:00:00:00:00,-50,11,1,0,1,1,1,0,0,0,1,-97,0,11,2,889450,0,44,0,384,0,"[0,0,0,0,0,0,0,0,0,0,0,0,5,12,5,11,6,10,5,9,5,8,4,7,4,6,4,5,4,4,3,4,3,3,3,2,2,1,2,1,1,0,1,-1,0,-1,0,-1,-1,-2,-1,-2,-2,-2,-3,-3,-3,-3,-4,-4,-4,-4,-5,-4,0,0,-6,-5,-7,-5,-7,-5,-8,-6,-7,-6,-8,-6,-8,-7,-7,-7,-8,-7,-7,-7,-7,-7,-6,-7,-6,-7,-6,-7,-5,-7,-5,-7,-5,-7,-4,-6,-4,-6,-3,-6,-3,-6,-2,-6,-2,-5,-1,-5,-1,-5,0,-4,0,0,0,0,0,0,0,0,0,0,0,0,0,0,46,-5,44,-5,42,-6,38,-3,37,-3,31,-7,29,-6,29,-6,26,-7,23,-6,19,-8,16,-9,16,-7,14,-7,11,-6,7,-7,7,-8,3,-4,3,-4,-1,-3,-3,-2,-3,0,-1,-2,-7,0,-6,2,-8,0,-10,2,-12,4,-11,7,-15,8,-16,8,-17,10,-17,8,-19,10,-20,8,-20,8,-19,11,-21,11,-21,8,-23,9,-23,5,-22,6,-22,3,-24,2,-18,3,-20,2,-20,1,-19,0,-15,0,-17,0,-16,-2,-15,-3,-15,-2,-14,-4,-12,-6,-10,-5,-9,-5,0,0,0,0,0,0,0,0,0,0,0,0,0,0,0,0,0,0,0,0,0,0,25,-17,24,-13,26,-13,27,-10,27,-10,27,-5,23,-7,25,-4,25,-4,24,0,23,1,20,1,21,5,18,7,16,7,13,8,12,9,9,11,10,11,7,12,5,14,3,16,1,15,-2,18,-3,19,-2,20,-6,19,-7,19,-10,21,-9,21,-11,23,-11,26,-8,24,-11,26,-10,28,-9,28,-10,29,-8,33,-10,33,-6,35,-9,36,-5,38,-3,39,-3,40,-3,38,1,44,1,43,5,45,4,46,4,48,3,50,7,49,5,51,6,52,8,55,7,49,5,52,0,0]"
CSI_DATA,49,1a:00:00:00:00:00,-50,11,1,0,1,1,1,0,0,0,1,-97,0,11,2,899463,0,44,0,384,0,"[0,0,0,0,0,0,0,0,0,0,0,0,-14,0,-13,0,-12,1,-12,1,-10,1,-9,1,-8,2,-7,2,-6,2,-5,1,-5,1,-4,2,-3,1,-2,1,-1,1,0,1,0,0,1,0,1,0,2,-1,2,-1,3,-2,3,-2,4,-3,5,-3,5,-4,0,0,6,-5,7,-5,8,-5,7,-5,8,-5,8,-5,8,-6,8,-5,9,-5,8,-5,9,-4,9,-4,8,-4,8,-3,8,-3,8,-3,7,-2,7,-2,6,-2,6,-1,6,-1,6,0,5,0,5,1,4,1,3,1,0,0,0,0,0,0,0,0,0,0,0,0,0,0,-23,39,-23,36,-19,34,-16,33,-15,29,-16,26,-13,27,-12,23,-9,20,-7,19,-4,21,-4,15,-1,14,-1,13,-2,11,0,8,3,4,1,4,2,3,2,0,4,-1,2,-2,0,-5,2,-8,2,-8,1,-12,3,-10,0,-14,0,-15,0,-15,0,-18,0,-21,-1,-23,-1,-22,1,-22,0,-25,2,-26,-1,-25,0,-25,0,-24,3,-25,5,-27,0,-24,1,-24,5,-20,7,-20,6,-19,6,-20,3,-17,6,-17,5,-16,6,-17,7,-10,7,-10,10,-10,10,-6,8,-8,0,0,0,0,0,0,0,0,0,0,0,0,0,0,0,0,0,0,0,0,0,0,-6,32,-9,30,-11,31,-13,28,-14,28,-14,23,-15,23,-14,22,-16,23,-15,23,-16,16,-15,18,-17,18,-17,14,-16,11,-15,10,-16,9,-16,6,-14,2,-12,2,-12,-1,-12,-3,-10,-7,-10,-11,-10,-12,-10,-12,-9,-14,-9,-17,-8,-18,-10,-19,-9,-19,-11,-22,-10,-24,-12,-25,-12,-23,-12,-26,-15,-27,-16,-26,-17,-25,-19,-26,-21,-28,-26,-29,-24,-26,-27,-27,-29,-27,-32,-30,-31,-27,-35,-27,-36,-24,-40,-29,-40,-30,-43,-25,-43,-29,-41,-28,-44,-27,-43,-25,-45,-26,0,0]"
CSI_DATA,50,1a:00:00:00:00:00,-50,11,1,0,1,1,1,0,0,0,1,-97,0,11,2,909454,0,44,0,384,0,"[0,0,0,0,0,0,0,0,0,0,0,0,2,-15,1,-13,0,-13,0,-12,0,-11,0,-9,-1,-9,-1,-8,-1,-7,-2,-6,-2,-5,-2,-4,-2,-3,-2,-2,-2,-2,-2,-1,-2,0,-1,0,-1,1,-1,2,0,3,0,3,0,4,1,4,1,5,2,5,0,0,2,6,2,7,3,8,3,8,3,8,3,9,3,9,3,9,3,9,2,10,2,10,1,9,1,9,1,8,0,8,0,8,0,8,0,7,-1,7,-1,6,-1,6,-2,5,-2,5,-3,4,-3,4,-3,3,0,0,0,0,0,0,0,0,0,0,0,0,0,0,-37,-26,-33,-26,-37,-23,-32,-22,-30,-21,-29,-19,-26,-17,-27,-15,-22,-10,-21,-11,-21,-8,-19,-8,-14,-7,-15,-3,-11,-4,-12,0,-9,-2,-8,1,-4,1,-4,-1,-2,3,0,3,2,1,4,4,6,3,6,5,9,3,11,0,13,0,15,1,19,0,19,3,17,3,21,1,22,1,23,3,22,2,22,4,24,6,24,4,23,3,21,4,23,6,22,8,21,7,18,8,19,10,18,8,15,6,13,8,13,7,12,11,11,10,10,8,7,10,7,10,3,11,0,0,0,0,0,0,0,0,0,0,0,0,0,0,0,0,0,0,0,0,0,0,-32,4,-34,0,-30,0,-31,-4,-30,-3,-30,-3,-27,-2,-28,-5,-27,-4,-23,-3,-23,-6,-23,-6,-22,-5,-18,-5,-16,-4,-12,-6,-10,-6,-10,-4,-6,-4,-4,-3,-4,-4,2,-4,2,-4,7,-7,8,-5,10,-3,13,-2,17,-4,16,-1,18,-5,16,-3,23,-3,21,-5,23,-5,25,-8,26,-8,26,-10,29,-13,27,-13,30,-19,31,-18,27,-21,30,-22,30,-25,31,-27,25,-28,30,-31,27,-32,32,-34,30,-35,29,-39,29,-39,30,-43,27,-41,30,-44,28,-45,29,-41,0,0]"
CSI_DATA,51,1a:00:00:00:00:00,-49,11,1,0,1,1,1,0,0,0,1,-97,0,11,2,919475,0,44,0,384,0,"[0,0,0,0,0,0,0,0,0,0,0,0,10,8,9,7,9,6,9,6,8,5,7,4,7,3,6,3,5,2,5,1,4,1,4,0,3,0,2,-1,2,-1,1,-2,0,-2,0,-2,-1,-3,-1,-3,-2,-3,-3,-3,-3,-4,-4,-4,-5,-4,-5,-4,0,0,-7,-5,-7,-5,-7,-5,-8,-5,-7,-6,-8,-6,-8,-7,-8,-7,-8,-7,-8,-7,-7,-7,-7,-7,-6,-7,-6,-7,-5,-7,-5,-7,-5,-7,-4,-7,-4,-7,-3,-6,-3,-6,-2,-6,-2,-6,-1,-6,0,-5,0,-5,0,0,0,0,0,0,0,0,0,0,0,0,0,0,85,-49,80,-41,74,-50,70,-41,63,-43,56,-38,55,-39,50,-37,40,-33,37,-33,32,-31,24,-30,23,-28,17,-25,10,-23,7,-23,7,-18,2,-18,-1,-15,-4,-13,-9,-3,-12,-8,-9,0,-16,0,-15,5,-22,6,-19,10,-24,11,-27,14,-28,22,-29,21,-31,26,-34,25,-35,20,-33,24,-43,25,-44,26,-42,28,-39,24,-46,26,-44,25,-45,20,-47,20,-48,17,-44,15,-39,9,-45,14,-37,11,-36,4,-34,5,-37,5,-31,2,-35,-1,-28,-2,-24,-3,-25,-8,-19,-11,0,0,0,0,0,0,0,0,0,0,0,0,0,0,0,0,0,0,0,0,0,0,-22,-50,-13,-53,-16,-51,-11,-52,-9,-50,-7,-50,-3,-48,-4,-42,-4,-43,-6,-38,-3,-34,-4,-32,-9,-31,-6,-29,-3,-24,-8,-16,-4,-12,-6,-9,-2,-3,-4,3,-7,5,-7,12,-10,13,-10,21,-6,24,-7,30,-15,36,-14,40,-11,42,-7,47,-6,48,-14,56,-8,53,-7,56,-10,57,-5,64,-3,62,1,71,2,70,12,76,13,81,14,77,21,77,22,80,29,80,40,82,37,82,41,84,48,90,49,87,47,91,55,88,53,98,52,88,57,94,55,94,55,92,0,0]"
CSI_DATA,52,1a:00:00:00:00:00,-48,11,1,0,1,1,1,0,0,0,1,-97,0,11,2,929481,0,44,0,384,0,"[0,0,0,0,0,0,0,0,0,0,0,0,-11,7,-10,7,-9,7,-9,6,-7,6,-7,5,-6,5,-5,5,-4,4,-3,4,-2,3,-1,3,-1,2,0,2,1,1,1,1,2,0,2,0,2,-1,3,-1,3,-2,4,-3,4,-3,5,-4,5,-4,6,-5,0,0,6,-6,7,-6,7,-6,7,-7,8,-6,8,-6,8,-6,8,-6,9,-6,9,-5,9,-5,9,-4,8,-4,8,-4,8,-3,8,-3,7,-3,7,-2,7,-2,6,-2,6,-1,5,-1,5,0,5,0,4,1,3,1,0,0,0,0,0,0,0,0,0,0,0,0,0,0,6,45,7,40,9,41,6,35,9,32,7,30,9,27,7,27,8,22,7,20,8,15,9,14,7,15,5,10,6,7,8,5,7,3,6,1,6,-2,4,-4,4,-6,3,-7,3,-8,1,-11,0,-12,0,-16,-2,-13,-3,-15,-3,-16,-5,-19,-5,-19,-7,-24,-7,-23,-7,-23,-6,-24,-7,-27,-5,-25,-4,-27,-2,-28,-2,-28,-4,-27,-4,-25,-1,-24,-1,-24,1,-23,0,-23,3,-22,1,-19,3,-17,3,-16,3,-15,5,-14,3,-15,4,-11,6,-11,6,-9,7,-6,0,0,0,0,0,0,0,0,0,0,0,0,0,0,0,0,0,0,0,0,0,0,23,-2,22,2,21,2,20,1,18,4,17,2,16,2,15,3,15,2,12,3,10,1,9,1,10,1,6,1,6,0,4,-2,-1,-4,-1,-4,-2,-3,-4,-7,-8,-7,-8,-10,-10,-7,-13,-11,-15,-13,-18,-12,-19,-15,-21,-17,-20,-16,-24,-16,-24,-15,-26,-16,-26,-18,-27,-16,-30,-16,-32,-14,-32,-11,-34,-10,-37,-9,-38,-7,-38,-8,-39,-5,-41,-7,-44,-2,-42,-3,-45,-3,-47,0,-46,1,-48,4,-48,6,-47,6,-51,9,-55,6,-49,7,-54,11,-52,10,-50,8,0,0]"
CSI_DATA,53,1a:00:00:00:00:00,-49,11,1,0,1,1,1,0,0,0,1,-97,0,11,2,939447,0,44,0,384,0,"[0,0,0,0,0,0,0,0,0,0,0,0,-10,-7,-9,-6,-9,-5,-8,-5,-8,-4,-7,-3,-6,-2,-5,-2,-5,-2,-4,-1,-3,-1,-3,0,-2,0,-1,0,-1,1,0,1,1,1,1,1,2,1,2,2,3,2,4,2,4,2,5,2,6,2,6,2,0,0,7,2,8,2,8,2,8,2,8,3,8,3,8,3,8,3,8,3,8,4,8,4,7,4,7,4,6,4,6,4,5,4,5,4,4,3,4,4,3,3,3,3,2,3,2,3,1,3,1,3,0,3,0,0,0,0,0,0,0,0,0,0,0,0,0,0,-76,37,-70,35,-67,39,-60,40,-56,30,-48,28,-41,28,-40,27,-36,21,-27,25,-23,25,-21,19,-15,21,-13,12,-10,13,-2,13,-3,9,7,8,0,5,8,0,12,0,11,-3,14,-6,17,-11,18,-9,24,-14,19,-13,23,-22,30,-21,28,-28,31,-29,35,-26,38,-30,35,-32,37,-29,45,-31,41,-32,44,-27,46,-29,43,-26,37,-22,43,-22,42,-17,44,-19,37,-14,35,-14,34,-12,35,-11,33,-8,29,-9,26,-5,24,-5,24,-3,24,2,22,2,19,4,13,8,0,0,0,0,0,0,0,0,0,0,0,0,0,0,0,0,0,0,0,0,0,0,14,44,4,43,11,37,5,45,15,43,-9,27,-5,14,-9,19,12,14,-9,13,3,23,7,15,3,20,-2,7,4,14,-5,1,10,-1,14,-6,9,2,14,-9,17,-35,-4,-42,-7,-42,-11,-27,-3,-30,14,-52,15,-44,6,-46,16,-52,5,-67,2,-55,16,-74,6,-61,-4,-61,2,-62,-1,-74,2,-73,-10,-77,-8,-75,-18,-77,-16,-82,-21,-79,-22,-82,-28,-83,-30,-83,-39,-85,-38,-81,-42,-78,-41,-87,-43,-81,-46,-88,-50,-85,-47,-95,-50,-85,-52,-88,-52,-90,-48,-83,0,0]"
CSI_DATA,54,1a:00:00:00:00:00,-50,11,1,0,1,1,1,0,0,0,1,-97,0,11,2,949470,0,44,0,384,0,"[0,0,0,0,0,0,0,0,0,0,0,0,-2,-12,-2,-10,-3,-9,-3,-9,-3,-8,-2,-7,-3,-6,-2,-5,-2,-4,-2,-3,-2,-3,-2,-2,-2,-1,-2,-1,-2,0,-1,1,-1,1,0,2,0,2,0,3,0,3,0,4,1,4,1,5,1,5,2,5,0,0,3,6,1,6,2,7,2,7,2,7,2,7,2,8,1,7,1,8,1,8,1,7,0,7,0,6,0,6,-1,6,-1,5,-1,5,-1,4,-1,4,-1,4,-2,3,-2,3,-2,2,-2,2,-2,1,-2,1,0,0,0,0,0,0,0,0,0,0,0,0,0,0,-13,-43,-11,-41,-14,-35,-13,-33,-12,-34,-9,-26,-12,-27,-9,-23,-12,-20,-9,-19,-10,-16,-8,-14,-7,-9,-7,-8,-7,-7,-5,-4,-5,-1,-3,1,-3,1,-3,5,-2,5,0,5,2,7,5,8,4,8,2,11,5,12,7,14,6,15,7,16,10,17,8,18,9,19,10,19,11,21,8,20,10,22,10,21,8,22,8,20,6,22,4,21,4,22,3,19,3,16,3,18,3,16,3,14,0,12,-1,13,-1,12,-3,11,-1,11,-3,10,-4,6,-3,6,-4,5,0,0,0,0,0,0,0,0,0,0,0,0,0,0,0,0,0,0,0,0,0,0,-21,1,-18,0,-18,-1,-19,-3,-17,-4,-16,-4,-14,-5,-13,-5,-10,-4,-10,-3,-9,-3,-7,-4,-3,-2,-2,-3,0,-3,2,-1,4,-1,7,0,9,1,11,1,13,4,16,6,17,7,20,7,22,7,24,5,23,10,25,8,31,10,29,9,28,10,32,10,33,9,34,8,36,8,35,6,37,4,40,2,40,3,42,-2,41,1,45,-4,41,-4,46,-8,42,-8,49,-8,49,-9,46,-14,48,-15,49,-14,48,-16,49,-19,50,-15,50,-19,50,-18,47,-16,48,-18,0,0]"
CSI_DATA,55,1a:00:00:00:00:00,-49,11,1,0,1,1,1,0,0,0,1,-97,0,11,2,971690,0,44,0,384,0,"[0,0,0,0,0,0,0,0,0,0,0,0,-11,-2,-10,-2,-8,-2,-8,-1,-7,-1,-7,0,-6,0,-5,1,-4,1,-2,1,-2,1,-1,2,-1,1,0,2,1,2,2,3,2,3,3,3,3,2,4,2,4,2,5,2,5,3,6,2,7,3,7,3,0,0,8,3,8,3,8,3,8,3,8,4,8,4,8,4,7,4,7,4,6,5,6,5,6,5,5,5,5,5,4,4,4,4,3,4,3,4,2,3,2,3,1,3,1,3,0,2,0,2,-1,2,-1,1,0,0,0,0,0,0,0,0,0,0,0,0,0,0,-36,-17,-34,-12,-31,-8,-28,-8,-25,-6,-23,-4,-22,-5,-18,-4,-18,-3,-17,-2,-14,3,-10,2,-8,4,-8,2,-2,4,-3,5,-1,6,0,6,4,7,5,7,8,7,7,9,12,6,10,6,12,8,12,7,16,8,18,8,18,9,22,9,20,10,21,10,18,12,22,10,23,11,23,14,20,12,20,12,20,14,18,13,19,13,16,13,15,14,15,12,14,13,11,13,10,13,9,12,6,11,6,11,6,11,5,11,1,10,2,8,1,8,-1,7,-4,3,0,0,0,0,0,0,0,0,0,0,0,0,0,0,0,0,0,0,0,0,0,0,-8,14,-9,11,-9,9,-9,9,-9,6,-8,5,-7,4,-7,2,-7,3,-4,-1,-3,0,-2,-4,-2,-6,0,-5,1,-5,6,-8,4,-11,9,-12,10,-10,14,-13,15,-12,17,-15,18,-18,20,-17,21,-18,22,-21,23,-19,24,-20,23,-20,26,-22,26,-21,28,-24,27,-24,22,-23,26,-27,26,-27,24,-31,23,-31,22,-31,21,-34,21,-34,21,-37,21,-36,19,-39,17,-38,18,-45,14,-45,13,-44,14,-44,14,-47,13,-48,13,-48,16,-46,15,-46,13,-49,13,-47,14,-42,0,0]"
CSI_DATA,56,1a:00:00:00:00:00,-49,11,1,0,1,1,1,0,0,0,1,-97,0,11,2,979475,0,44,0,384,0,"[0,0,0,0,0,0,0,0,0,0,0,0,-10,-2,-9,-1,-8,-1,-8,-1,-6,0,-5,0,-4,1,-4,1,-3,1,-1,1,-1,2,-1,1,0,1,1,1,2,2,2,2,3,2,4,2,4,1,4,2,5,2,6,2,6,2,7,2,7,2,8,2,0,0,8,2,8,2,9,2,8,3,8,3,8,3,8,3,8,3,8,4,7,4,7,4,6,4,5,4,5,4,4,4,4,4,3,3,3,3,2,3,2,2,1,3,1,3,0,2,0,2,-1,2,-1,1,0,0,0,0,0,0,0,0,0,0,0,0,0,0,-34,-16,-31,-17,-29,-11,-26,-7,-24,-7,-24,-5,-22,-7,-19,-5,-17,-4,-14,1,-11,0,-7,2,-5,3,-6,4,-3,4,0,5,1,7,1,6,4,6,5,7,9,8,13,8,12,5,12,7,11,8,14,9,15,10,18,7,19,11,23,10,22,10,24,13,21,11,24,12,25,12,23,12,22,13,24,14,20,17,20,14,19,15,17,14,17,14,16,14,12,14,10,13,11,12,10,12,5,10,5,10,4,10,4,8,2,10,1,8,-2,7,-3,6,-4,4,0,0,0,0,0,0,0,0,0,0,0,0,0,0,0,0,0,0,0,0,0,0,-11,9,-11,8,-13,8,-11,6,-11,5,-10,1,-9,2,-10,0,-4,0,-6,-1,-3,-5,-1,-6,1,-7,4,-5,5,-9,7,-9,7,-13,10,-10,12,-9,15,-11,16,-11,21,-14,20,-13,21,-13,25,-14,25,-16,28,-18,28,-17,29,-17,31,-20,28,-17,31,-20,31,-20,28,-20,31,-25,28,-27,28,-25,29,-26,28,-29,27,-32,29,-32,24,-35,23,-34,24,-36,20,-36,19,-36,22,-36,18,-41,19,-44,22,-43,18,-42,17,-46,18,-46,16,-42,16,-45,20,-43,18,-40,0,0]"
CSI_DATA,57,1a:00:00:00:00:00,-50,11,1,0,1,1,1,0,0,0,1,-97,0,11,2,1000170,0,44,0,384,0,"[0,0,0,0,0,0,0,0,0,0,0,0,-1,9,0,7,1,6,1,6,1,5,1,4,1,3,1,2,1,1,1,0,1,-1,1,-2,1,-3,0,-3,0,-4,0,-5,-1,-5,-1,-5,-1,-6,-2,-7,-2,-7,-3,-8,-3,-8,-3,-8,-4,-9,-4,-9,0,0,-5,-10,-5,-10,-5,-11,-5,-10,-4,-10,-4,-11,-4,-10,-4,-10,-4,-10,-3,-10,-3,-10,-2,-9,-2,-9,-2,-8,-1,-8,-1,-7,-1,-7,-1,-6,0,-6,0,-5,0,-5,1,-4,1,-4,1,-3,2,-3,2,-2,0,0,0,0,0,0,0,0,0,0,0,0,0,0,30,16,28,14,25,12,23,12,22,9,19,7,16,6,16,2,14,2,11,1,9,-1,5,-3,4,-2,3,-3,2,-5,-3,-6,-4,-6,-7,-6,-8,-7,-9,-5,-14,-5,-12,-6,-15,-5,-16,-1,-18,-5,-21,-3,-20,-5,-20,-1,-24,-3,-25,-2,-24,-2,-26,-2,-26,-1,-26,0,-28,-2,-27,-3,-29,-3,-26,-3,-26,-5,-26,-5,-25,-5,-22,-8,-21,-6,-21,-6,-20,-8,-18,-7,-17,-7,-16,-9,-13,-6,-12,-6,-11,-7,-9,-9,-8,-8,-8,-8,-5,-8,-2,-8,-1,-7,0,0,0,0,0,0,0,0,0,0,0,0,0,0,0,0,0,0,0,0,0,0,18,3,15,5,15,5,15,5,10,8,9,5,8,4,6,6,3,7,1,5,-1,7,-5,4,-7,6,-7,3,-10,2,-12,3,-13,3,-19,-1,-20,-1,-21,-1,-22,-4,-27,-3,-28,-3,-28,-4,-30,-4,-34,-1,-33,-4,-35,-6,-35,-3,-37,-1,-34,-1,-38,1,-39,1,-36,5,-40,6,-39,7,-38,10,-39,11,-39,13,-39,17,-38,19,-37,20,-37,23,-36,25,-33,27,-36,30,-33,29,-30,31,-31,35,-32,34,-30,35,-29,37,-30,38,-26,36,-25,39,-24,38,-23,36,0,0]"
CSI_DATA,58,1a:00:00:00:00:00,-50,11,1,0,1,1,1,0,0,0,1,-97,0,11,2,1009416,0,44,0,384,0,"[0,0,0,0,0,0,0,0,0,0,0,0,-9,4,-8,4,-7,4,-6,3,-5,3,-4,3,-3,2,-2,2,-2,1,-1,1,0,0,0,0,1,-1,1,-1,1,-2,2,-2,2,-3,2,-3,2,-4,2,-5,2,-5,2,-6,2,-6,2,-7,2,-8,2,-8,0,0,2,-9,3,-10,3,-10,3,-10,3,-10,3,-10,3,-10,3,-9,3,-9,3,-9,4,-8,4,-8,3,-7,3,-7,3,-6,3,-6,3,-6,3,-5,3,-5,3,-4,3,-4,3,-3,3,-2,3,-2,2,-1,2,-1,0,0,0,0,0,0,0,0,0,0,0,0,0,0,-5,35,-5,32,-3,29,-3,27,-1,27,-2,23,2,19,3,15,0,13,1,12,1,11,1,7,2,6,2,0,3,3,0,-1,2,-4,1,-5,-2,-6,-4,-6,-3,-8,-3,-11,-5,-12,-6,-11,-7,-15,-9,-13,-10,-14,-12,-16,-13,-16,-15,-17,-13,-16,-15,-19,-15,-20,-18,-20,-17,-18,-14,-20,-16,-19,-14,-21,-14,-21,-13,-20,-14,-20,-10,-19,-9,-19,-10,-19,-10,-17,-7,-17,-7,-14,-5,-15,-5,-14,-4,-13,-3,-13,-2,-10,-2,-10,2,-9,1,-9,4,-8,2,-4,0,0,0,0,0,0,0,0,0,0,0,0,0,0,0,0,0,0,0,0,0,0,0,18,1,14,-3,16,-1,12,-2,12,-3,11,-3,8,-3,7,-2,3,-4,1,-4,0,-4,-3,-7,-4,-4,-8,-4,-10,-3,-13,-6,-14,-3,-19,-4,-19,-5,-21,-3,-23,-7,-27,-4,-29,-3,-28,-4,-32,-8,-33,-4,-34,-6,-36,-7,-36,-9,-35,-10,-33,-12,-37,-13,-37,-15,-35,-16,-35,-21,-33,-21,-34,-23,-34,-26,-32,-28,-33,-28,-30,-32,-28,-34,-27,-37,-25,-35,-24,-40,-17,-41,-18,-42,-16,-45,-14,-45,-16,-44,-14,-46,-15,-47,-12,-43,-10,-47,-9,-43,-7,-44,-9,0,0]"
CSI_DATA,59,1a:00:00:00:00:00,-50,11,1,0,1,1,1,0,0,0,1,-97,0,11,2,1021216,0,44,0,384,0,"[0,0,0,0,0,0,0,0,0,0,0,0,5,-11,4,-10,3,-9,3,-9,2,-8,2,-7,1,-6,0,-6,0,-5,0,-4,-1,-4,-1,-3,-1,-2,-1,-1,-1,-1,-1,0,-1,1,-1,1,-1,2,-1,3,-1,3,-1,4,-1,4,-1,5,0,6,0,6,0,0,0,7,0,7,0,8,0,8,-1,8,-1,8,-1,8,-1,8,-1,8,-2,8,-2,7,-2,7,-2,6,-2,6,-3,6,-3,5,-3,5,-2,4,-3,4,-3,3,-3,3,-3,2,-3,2,-3,1,-3,1,-3,0,0,0,0,0,0,0,0,0,0,0,0,0,0,0,-34,-73,-34,-69,-35,-58,-31,-54,-35,-48,-28,-51,-25,-39,-31,-33,-24,-31,-22,-24,-22,-20,-17,-19,-17,-19,-18,-12,-11,-7,-12,-3,-9,0,-9,0,-4,0,3,4,4,8,11,7,5,6,12,10,12,10,14,11,20,11,24,10,21,12,29,12,32,10,33,12,33,15,34,13,36,16,34,14,34,16,38,19,32,22,31,19,33,22,32,23,32,20,29,22,25,19,20,19,20,17,19,18,18,15,14,18,12,17,12,19,7,14,7,15,3,14,1,12,-4,14,0,0,0,0,0,0,0,0,0,0,0,0,0,0,0,0,0,0,0,0,0,0,-20,-23,-20,-24,-13,-21,-15,-18,-12,-17,-3,-13,-4,-13,-3,-9,0,-5,4,-4,3,1,7,2,12,6,13,9,15,17,16,19,22,20,24,27,28,33,32,34,32,38,37,47,38,42,39,48,41,52,49,50,41,53,52,55,50,53,55,53,54,48,61,50,62,47,64,44,69,41,71,38,75,39,79,28,77,27,85,21,84,21,88,12,82,11,92,5,86,2,84,-8,89,-8,88,-17,92,-17,94,-24,92,-25,94,-31,96,-29,88,-29,98,-39,86,-35,86,-39,0,0]"
CSI_DATA,60,1a:00:00:00:00:00,-48,11,1,0,1,1,1,0,0,0,1,-97,0,11,2,1041691,0,44,0,384,0,"[0,0,0,0,0,0,0,0,0,0,0,0,-12,-3,-12,-2,-10,-2,-10,-3,-9,-2,-9,-2,-8,-1,-7,-1,-7,0,-6,0,-6,1,-5,1,-5,1,-4,1,-4,2,-4,2,-3,3,-3,3,-3,3,-3,3,-2,3,-2,4,-2,4,-1,5,-1,5,-1,6,0,0,-2,6,-2,6,-1,7,-2,7,-2,6,-3,7,-3,6,-3,6,-3,6,-4,6,-4,5,-4,5,-5,4,-5,4,-5,3,-5,3,-5,2,-5,2,-5,1,-5,1,-5,0,-4,0,-4,-1,-4,-1,-3,-2,-3,-2,0,0,0,0,0,0,0,0,0,0,0,0,0,0,-40,-13,-38,-11,-37,-8,-32,-9,-32,-6,-27,-6,-28,-7,-27,-6,-23,-5,-23,0,-20,-2,-17,0,-18,1,-17,1,-14,3,-12,4,-11,4,-11,7,-11,6,-9,8,-8,10,-7,8,-7,9,-6,10,-4,9,-4,13,-2,13,0,13,-2,14,0,17,0,17,-1,19,-2,18,-1,18,0,18,0,19,-3,19,-6,20,-5,20,-6,17,-8,18,-8,16,-7,15,-12,13,-9,12,-11,13,-13,13,-12,9,-12,9,-12,6,-10,5,-13,4,-10,4,-9,2,-10,0,-9,-2,-9,-4,0,0,0,0,0,0,0,0,0,0,0,0,0,0,0,0,0,0,0,0,0,0,7,5,6,7,5,5,2,5,2,3,0,3,0,2,-1,-1,-4,-1,-4,-1,-4,-5,-5,-5,-5,-7,-5,-10,-5,-13,-6,-16,-6,-18,-3,-20,-4,-20,-3,-22,-1,-23,-1,-26,-1,-31,2,-30,3,-33,1,-37,6,-33,5,-36,7,-35,7,-37,7,-37,8,-38,7,-38,6,-39,9,-40,6,-40,4,-41,5,-40,6,-41,5,-43,6,-44,5,-45,4,-44,2,-46,3,-44,-2,-46,-1,-46,1,-45,2,-49,3,-50,1,-49,0,-48,3,-47,3,-49,6,-50,6,-49,7,-47,0,0]"
CSI_DATA,61,1a:00:00:00:00:00,-47,11,1,0,1,1,1,0,0,0,1,-97,0,11,2,1059497,0,44,0,384,0,"[0,0,0,0,0,0,0,0,0,0,0,0,9,-9,9,-9,6,-8,6,-9,6,-7,5,-7,4,-7,4,-7,3,-7,2,-6,2,-6,0,-7,-1,-6,-1,-5,-1,-5,-2,-6,-3,-5,-3,-5,-4,-5,-4,-5,-4,-5,-5,-5,-5,-5,-6,-4,-7,-5,-6,-5,0,0,-7,-5,-8,-6,-8,-6,-7,-6,-8,-7,-7,-7,-7,-7,-7,-7,-7,-8,-6,-8,-5,-8,-5,-8,-4,-8,-4,-8,-3,-7,-3,-7,-2,-7,-1,-7,-1,-7,-1,-6,0,-6,1,-5,1,-5,1,-4,2,-4,2,-3,0,0,0,0,0,0,0,0,0,0,0,0,0,0,71,-47,65,-32,63,-39,59,-36,52,-38,50,-27,49,-34,39,-31,33,-32,33,-27,28,-33,23,-31,19,-29,11,-25,14,-27,8,-28,9,-26,0,-24,0,-25,-5,-23,-10,-26,-9,-27,-10,-24,-17,-22,-21,-21,-19,-26,-28,-27,-27,-28,-28,-24,-30,-27,-31,-27,-32,-33,-27,-29,-33,-33,-33,-29,-29,-35,-33,-36,-31,-33,-27,-40,-22,-43,-22,-39,-19,-41,-17,-41,-16,-40,-10,-41,-13,-37,-4,-34,-5,-33,-2,-32,4,-30,3,-26,3,-27,10,-25,9,-23,11,-20,12,-17,15,-15,0,0,0,0,0,0,0,0,0,0,0,0,0,0,0,0,0,0,0,0,0,0,-24,-6,-19,-7,-22,-8,-16,-10,-12,-8,-11,-10,-11,-9,-3,-4,-1,-6,3,-3,8,-3,7,3,14,4,15,7,15,7,18,17,23,19,22,24,24,23,23,29,26,34,29,38,29,44,27,45,35,50,33,57,28,59,29,58,26,59,33,60,29,60,32,64,27,63,26,60,32,67,34,66,32,68,39,67,42,64,46,65,39,64,49,67,52,71,53,69,49,67,58,69,52,68,55,70,57,72,60,77,63,71,66,76,60,79,55,73,58,77,53,76,49,75,0,0]"
CSI_DATA,62,1a:00:00:00:00:00,-48,11,1,0,1,1,1,0,0,0,1,-97,0,11,2,1069491,0,44,0,384,0,"[0,0,0,0,0,0,0,0,0,0,0,0,6,9,6,8,7,7,6,7,6,6,5,5,5,4,4,3,4,3,4,2,4,2,4,1,4,0,4,0,4,0,4,-1,4,-2,3,-3,3,-3,3,-3,3,-4,3,-4,3,-5,3,-5,3,-6,3,-6,0,0,3,-7,4,-7,5,-7,4,-7,5,-7,5,-7,5,-7,6,-7,6,-6,6,-6,6,-5,6,-4,6,-4,6,-4,6,-2,6,-2,5,-2,5,-2,5,-1,5,-1,5,0,4,0,4,1,3,1,3,2,2,2,0,0,0,0,0,0,0,0,0,0,0,0,0,0,21,82,11,81,22,71,14,64,12,60,9,52,18,56,17,48,16,51,16,37,15,36,18,30,20,26,20,25,16,19,18,14,22,14,29,10,21,7,26,7,23,-2,23,-3,22,-3,23,-9,26,-12,29,-12,25,-23,26,-20,30,-21,32,-25,24,-25,30,-22,37,-27,39,-28,32,-29,39,-22,39,-27,44,-28,47,-18,43,-19,40,-12,47,-12,44,-10,45,-8,39,-2,39,0,39,0,35,-3,31,5,33,9,30,12,30,7,23,11,21,16,17,18,16,17,8,20,0,0,0,0,0,0,0,0,0,0,0,0,0,0,0,0,0,0,0,0,0,0,16,-25,17,-21,21,-18,18,-11,17,-12,16,-10,13,-8,14,-4,10,-7,3,-1,5,0,-1,2,-6,5,-7,2,-18,7,-19,7,-22,6,-28,5,-30,7,-34,6,-39,5,-47,7,-47,9,-53,5,-58,5,-59,10,-60,1,-63,-5,-63,-4,-66,2,-68,0,-68,0,-67,-2,-68,0,-77,1,-73,6,-76,7,-72,8,-76,12,-85,11,-79,14,-83,20,-81,17,-85,26,-76,20,-83,31,-89,30,-87,28,-92,34,-98,33,-88,29,-93,34,-96,29,-98,26,-98,30,-97,30,-94,24,0,0]"
CSI_DATA,63,1a:00:00:00:00:00,-49,11,1,0,1,1,1,0,0,0,1,-97,0,11,2,1079490,0,44,0,384,0,"[0,0,0,0,0,0,0,0,0,0,0,0,-12,5,-12,5,-9,4,-10,4,-8,4,-8,4,-7,5,-6,4,-5,4,-4,4,-4,4,-3,4,-2,3,-1,4,-1,3,0,4,0,4,1,3,1,3,2,2,3,2,3,2,4,3,4,2,5,2,5,2,0,0,6,2,7,3,7,3,7,3,7,3,7,3,7,4,7,4,7,4,6,5,6,5,5,6,4,6,4,6,4,6,3,6,3,6,3,5,2,5,1,5,1,5,0,5,-1,5,-1,5,-2,4,-2,4,0,0,0,0,0,0,0,0,0,0,0,0,0,0,-40,11,-41,12,-37,12,-34,12,-33,13,-28,11,-27,13,-24,11,-22,10,-20,11,-17,12,-14,12,-14,12,-12,11,-9,9,-8,11,-5,11,-3,9,-1,8,0,9,3,8,5,9,5,9,7,9,7,9,9,8,12,8,13,6,11,7,14,6,15,8,18,10,19,8,21,9,20,8,19,10,20,12,18,11,18,14,19,14,17,15,15,15,15,17,13,16,11,17,12,15,9,16,7,16,6,15,5,15,2,14,2,14,1,15,-3,14,-2,13,-3,11,-7,8,0,0,0,0,0,0,0,0,0,0,0,0,0,0,0,0,0,0,0,0,0,0,10,16,7,16,5,15,4,16,2,14,4,12,1,11,0,9,-1,9,0,6,0,4,-2,2,-1,0,-2,-3,0,-5,-2,-6,0,-9,1,-11,0,-13,1,-16,2,-19,2,-18,3,-22,4,-24,4,-25,3,-27,5,-28,7,-30,6,-31,6,-33,4,-32,4,-34,7,-33,5,-34,4,-36,2,-39,-1,-37,-1,-39,-2,-39,-4,-39,-2,-41,-9,-43,-7,-42,-12,-45,-10,-44,-11,-41,-12,-44,-15,-44,-16,-45,-16,-46,-17,-47,-20,-48,-18,-47,-17,-49,-21,-52,-17,-46,-16,-49,0,0]"
CSI_DATA,64,1a:00:00:00:00:00,-50,11,1,0,1,1,1,0,0,0,1,-97,0,11,2,1099542,0,44,0,384,0,"[0,0,0,0,0,0,0,0,0,0,0,0,-8,10,-7,10,-6,9,-5,9,-4,8,-4,7,-3,7,-2,6,-2,6,-1,5,-1,5,0,4,0,3,1,2,1,2,2,1,2,1,2,0,2,-1,3,-1,3,-2,3,-3,3,-3,3,-4,4,-5,4,-5,0,0,4,-6,5,-6,5,-7,5,-7,5,-7,6,-7,6,-7,6,-7,7,-7,7,-7,7,-6,7,-5,7,-5,7,-5,7,-4,7,-4,7,-3,7,-3,7,-2,6,-2,7,-1,6,-1,6,0,6,1,6,1,5,2,0,0,0,0,0,0,0,0,0,0,0,0,0,0,32,75,32,76,37,70,35,64,33,58,31,53,35,47,30,44,28,40,28,30,28,30,27,25,26,17,27,19,18,13,23,4,18,-3,19,3,15,1,14,-7,13,-11,10,-13,7,-16,6,-17,5,-19,-2,-25,1,-23,-7,-24,-4,-31,-12,-31,-7,-31,-11,-38,-7,-42,-14,-40,-13,-43,-14,-46,-14,-45,-10,-49,-6,-47,-6,-49,-1,-48,-3,-45,-5,-46,1,-45,3,-47,2,-41,7,-41,8,-39,9,-32,10,-37,11,-36,11,-31,16,-28,20,-28,22,-25,22,-23,25,-14,0,0,0,0,0,0,0,0,0,0,0,0,0,0,0,0,0,0,0,0,0,0,51,15,42,19,43,18,42,20,38,19,31,18,31,20,25,19,25,15,18,16,17,17,13,14,12,10,2,5,-1,5,-7,0,-8,3,-13,-6,-12,-9,-16,-9,-25,-14,-32,-15,-31,-17,-34,-24,-40,-25,-42,-22,-46,-33,-40,-28,-48,-30,-51,-26,-55,-26,-56,-34,-56,-26,-61,-26,-61,-25,-62,-25,-67,-17,-68,-11,-69,-14,-79,-6,-77,-7,-79,3,-80,6,-85,7,-81,7,-94,18,-90,22,-87,25,-89,29,-94,32,-92,32,-92,39,-97,34,-95,35,-102,43,-90,42,-90,42,0,0]"
CSI_DATA,65,1a:00:00:00:00:00,-50,11,1,0,1,1,1,0,0,0,1,-97,0,11,2,1109445,0,44,0,384,0,"[0,0,0,0,0,0,0,0,0,0,0,0,-11,8,-10,8,-8,8,-8,7,-7,7,-6,6,-5,6,-4,6,-4,5,-3,5,-2,4,-1,4,-1,3,0,3,0,2,1,2,1,1,1,1,2,0,2,-1,2,-1,3,-2,3,-2,3,-3,4,-4,4,-4,0,0,4,-5,5,-6,5,-6,5,-6,5,-6,6,-6,6,-7,6,-6,6,-7,7,-6,7,-6,7,-5,7,-5,7,-4,7,-4,7,-4,7,-3,7,-3,7,-3,6,-2,7,-1,6,-1,6,0,6,0,6,1,5,2,0,0,0,0,0,0,0,0,0,0,0,0,0,0,16,40,15,40,18,36,16,34,15,32,16,27,15,25,14,24,15,19,15,19,12,17,13,13,12,11,13,8,13,8,11,4,9,2,9,1,9,0,6,-2,5,-4,4,-4,3,-4,2,-7,0,-8,0,-12,-2,-12,-5,-14,-4,-12,-6,-15,-5,-15,-6,-19,-7,-20,-10,-19,-7,-19,-8,-19,-9,-22,-7,-23,-7,-25,-6,-21,-6,-25,-3,-25,-3,-24,-4,-21,-2,-21,0,-25,3,-22,2,-20,2,-19,2,-19,5,-18,6,-16,8,-17,6,-15,8,-15,9,-13,12,-12,0,0,0,0,0,0,0,0,0,0,0,0,0,0,0,0,0,0,0,0,0,0,25,9,22,11,21,14,21,14,18,13,16,15,13,13,14,13,11,10,10,9,7,11,6,9,4,7,2,4,1,4,-3,2,-2,2,-6,0,-8,-4,-11,-4,-12,-5,-12,-9,-15,-8,-19,-10,-15,-11,-20,-10,-21,-16,-20,-15,-23,-17,-27,-16,-24,-15,-25,-16,-31,-16,-27,-15,-31,-15,-30,-12,-33,-9,-33,-7,-38,-7,-39,-3,-41,-6,-43,-1,-44,0,-43,3,-40,5,-46,11,-43,9,-46,12,-46,15,-48,12,-49,16,-49,16,-52,18,-51,19,-50,22,-49,20,-49,19,0,0]"
CSI_DATA,66,1a:00:00:00:00:00,-50,11,1,0,1,1,1,0,0,0,1,-97,0,11,2,1119454,0,44,0,384,0,"[0,0,0,0,0,0,0,0,0,0,0,0,-5,-14,-5,-13,-6,-12,-5,-11,-5,-10,-4,-9,-5,-8,-5,-7,-5,-6,-5,-5,-4,-5,-4,-4,-4,-3,-4,-2,-3,-2,-3,-1,-3,0,-2,0,-2,1,-1,1,-1,2,0,2,0,3,1,3,1,4,2,4,0,0,2,5,3,5,3,6,3,6,3,6,3,7,3,7,3,7,3,7,3,8,2,8,2,8,2,8,1,7,1,8,1,7,0,7,0,7,0,7,-1,7,-1,7,-2,6,-2,6,-3,6,-4,5,-4,5,0,0,0,0,0,0,0,0,0,0,0,0,0,0,-47,-8,-45,-12,-43,-6,-38,-4,-39,-5,-33,-4,-32,-3,-31,-2,-30,-2,-26,1,-24,1,-20,3,-19,3,-21,5,-17,3,-13,6,-11,6,-9,6,-8,7,-6,3,-4,6,-2,6,1,5,0,5,2,2,6,5,7,3,8,1,10,1,14,-1,15,0,16,1,16,3,18,1,17,0,19,1,20,1,18,2,22,1,22,4,22,5,21,5,22,6,21,7,19,6,21,8,19,9,18,9,15,9,14,7,14,10,13,12,12,11,11,12,9,14,7,14,5,14,0,0,0,0,0,0,0,0,0,0,0,0,0,0,0,0,0,0,0,0,0,0,-26,12,-25,7,-26,6,-25,6,-25,5,-24,3,-20,0,-20,1,-18,1,-15,0,-15,-1,-11,0,-10,-1,-8,-3,-5,-3,-4,-6,2,-3,3,-5,4,-6,8,-4,11,-5,14,-8,13,-6,18,-7,20,-7,22,-11,24,-7,25,-9,26,-10,25,-12,25,-12,27,-14,27,-13,29,-17,29,-17,27,-22,26,-24,25,-24,26,-26,25,-32,26,-32,26,-32,24,-34,24,-39,19,-37,21,-40,17,-42,13,-42,15,-46,15,-51,11,-49,13,-53,11,-50,11,-50,8,-55,11,-55,12,-54,0,0]"
CSI_DATA,67,1a:00:00:00:00:00,-50,11,1,0,1,1,1,0,0,0,1,-97,0,11,2,1129452,0,44,0,384,0,"[0,0,0,0,0,0,0,0,0,0,0,0,14,-1,13,-2,12,-3,12,-2,10,-2,9,-3,8,-3,7,-3,7,-3,6,-3,5,-3,4,-3,3,-3,3,-3,2,-3,1,-3,1,-3,0,-2,-1,-2,-1,-2,-2,-1,-2,-1,-3,-1,-3,0,-4,0,-5,0,0,0,-6,1,-6,1,-7,1,-7,1,-7,1,-8,1,-8,1,-8,1,-9,1,-9,1,-9,0,-9,0,-9,0,-9,-1,-8,-1,-8,-1,-8,-1,-8,-2,-8,-2,-7,-2,-7,-3,-7,-3,-6,-4,-6,-4,-5,-5,-5,-5,0,0,0,0,0,0,0,0,0,0,0,0,0,0,11,-46,9,-42,7,-43,5,-41,5,-41,4,-34,2,-34,3,-34,1,-29,0,-27,-1,-25,-3,-24,-4,-25,-3,-17,-3,-17,-6,-16,-7,-16,-6,-12,-6,-8,-5,-8,-6,-4,-4,-4,-3,-4,-5,0,-4,3,-2,3,-4,6,-1,4,-3,9,-1,13,-1,11,0,14,-2,14,-1,16,-1,18,-1,17,-1,17,-1,20,-2,21,-6,20,-4,22,-4,20,-7,20,-8,21,-6,16,-7,21,-9,18,-10,16,-9,17,-10,15,-9,13,-10,12,-13,12,-13,11,-12,9,-14,7,-15,7,0,0,0,0,0,0,0,0,0,0,0,0,0,0,0,0,0,0,0,0,0,0,-13,-25,-10,-25,-9,-24,-6,-22,-5,-22,-6,-20,-3,-18,-3,-16,-3,-18,-1,-13,-1,-13,-1,-9,0,-9,2,-7,1,-6,3,-2,1,-1,3,1,3,4,3,6,6,10,5,12,3,15,6,17,3,19,8,20,10,21,7,22,6,24,11,29,10,28,14,30,13,28,17,27,16,27,19,27,20,26,23,27,23,27,28,28,30,26,31,23,32,22,36,23,34,22,38,16,41,20,42,17,44,17,47,18,48,13,50,11,54,14,50,12,54,11,53,12,51,12,0,0]"
CSI_DATA,68,1a:00:00:00:00:00,-50,11,1,0,1,1,1,0,0,0,1,-97,0,11,2,1139512,0,44,0,384,0,"[0,0,0,0,0,0,0,0,0,0,0,0,-15,2,-15,3,-13,3,-13,3,-12,2,-11,3,-10,3,-9,3,-8,3,-7,3,-6,3,-5,3,-5,2,-4,2,-3,2,-3,2,-2,2,-1,1,-1,1,0,1,0,0,1,0,2,0,2,-1,3,-1,3,-2,0,0,4,-2,5,-2,6,-3,6,-3,6,-3,7,-3,7,-3,7,-2,8,-2,8,-2,8,-1,8,-1,8,-1,8,0,7,0,8,0,7,1,7,1,7,1,6,1,6,2,6,2,5,3,5,4,4,4,3,4,0,0,0,0,0,0,0,0,0,0,0,0,0,0,-10,48,-7,44,-4,45,-7,41,-5,38,-4,36,-2,34,-4,34,-2,28,1,28,1,25,0,23,2,21,1,21,3,19,5,15,3,14,4,11,0,8,4,6,6,7,5,3,3,1,4,0,3,-2,2,-6,4,-6,1,-8,0,-7,2,-9,0,-10,1,-13,3,-14,1,-17,1,-17,0,-17,-1,-18,2,-21,4,-17,1,-20,3,-20,6,-19,4,-18,6,-18,8,-21,6,-18,11,-20,9,-17,10,-17,9,-16,8,-13,9,-13,11,-14,15,-11,10,-9,14,-7,12,-7,0,0,0,0,0,0,0,0,0,0,0,0,0,0,0,0,0,0,0,0,0,0,16,18,13,19,13,18,10,19,11,18,7,17,8,13,7,13,6,13,3,12,4,11,3,9,3,6,0,6,-1,4,0,0,0,-2,-3,-2,-5,-8,-5,-10,-5,-12,-8,-14,-6,-15,-8,-17,-9,-17,-12,-22,-10,-22,-13,-25,-11,-26,-12,-27,-15,-28,-19,-27,-18,-27,-21,-27,-20,-28,-22,-24,-26,-27,-26,-27,-28,-24,-29,-26,-32,-25,-35,-25,-36,-22,-41,-22,-41,-20,-45,-14,-45,-14,-47,-15,-45,-14,-51,-12,-49,-13,-53,-12,-53,-15,-51,-12,-56,-13,-54,-9,-55,-12,0,0]"
CSI_DATA,69,1a:00:00:00:00:00,-50,11,1,0,1,1,1,0,0,0,1,-97,0,11,2,1150412,0,44,0,384,0,"[0,0,0,0,0,0,0,0,0,0,0,0,-4,14,-3,13,-2,13,-2,12,-2,11,-2,10,-1,10,-1,8,-1,8,0,7,0,6,1,6,1,5,1,4,1,3,1,3,1,2,1,1,1,0,1,0,1,-1,1,-2,1,-2,0,-3,0,-3,0,-4,0,0,0,-5,0,-6,0,-7,0,-7,1,-7,1,-8,1,-8,1,-8,1,-8,2,-8,2,-8,2,-8,3,-8,3,-7,3,-7,3,-7,3,-7,4,-7,4,-6,4,-6,4,-5,4,-5,5,-4,5,-4,5,-3,5,-2,0,0,0,0,0,0,0,0,0,0,0,0,0,0,35,35,34,29,35,24,32,24,34,23,29,22,27,20,27,18,27,15,24,12,22,10,20,12,20,9,19,5,18,6,13,2,14,2,13,0,9,1,7,-2,6,-3,7,-4,3,-3,1,-4,0,-4,1,-5,-4,-5,-6,-5,-7,-5,-8,-6,-10,-5,-13,-5,-11,-8,-14,-8,-14,-8,-17,-12,-16,-9,-15,-10,-17,-10,-15,-13,-15,-11,-18,-12,-15,-15,-16,-14,-13,-14,-14,-16,-12,-16,-12,-14,-12,-15,-8,-16,-8,-15,-8,-15,-7,-16,-3,-16,-5,-16,-3,-16,1,-15,0,0,0,0,0,0,0,0,0,0,0,0,0,0,0,0,0,0,0,0,0,0,23,-1,20,1,20,1,19,2,16,3,16,4,15,4,13,4,12,2,9,3,10,2,6,4,5,2,1,1,1,2,-2,0,-4,-1,-5,-2,-10,-1,-11,-1,-12,-2,-17,-1,-18,-2,-20,-3,-21,-3,-23,-3,-24,-5,-26,-3,-28,-6,-30,-4,-29,-3,-34,-2,-31,-3,-34,0,-34,3,-38,3,-35,5,-36,7,-36,9,-35,13,-38,10,-37,17,-38,18,-39,21,-38,23,-39,22,-38,25,-37,29,-37,29,-39,32,-37,35,-37,39,-34,38,-35,37,-35,41,-36,39,-36,39,0,0]"
CSI_DATA,70,1a:00:00:00:00:00,-50,11,1,0,1,1,1,0,0,0,1,-97,0,11,2,1159759,0,44,0,384,0,"[0,0,0,0,0,0,0,0,0,0,0,0,-4,-16,-4,-15,-5,-14,-5,-13,-5,-12,-4,-11,-4,-10,-4,-9,-4,-9,-4,-7,-4,-7,-4,-6,-4,-5,-4,-4,-4,-3,-4,-3,-3,-2,-3,-1,-3,-1,-3,0,-2,0,-2,1,-2,2,-1,2,-1,3,-1,3,0,0,0,5,-1,5,0,6,0,6,-1,7,-1,7,-1,7,-1,7,-1,8,-2,8,-2,8,-2,8,-3,8,-3,7,-4,7,-4,7,-4,7,-4,6,-5,6,-5,5,-5,5,-5,4,-6,4,-6,4,-6,3,-6,2,0,0,0,0,0,0,0,0,0,0,0,0,0,0,-47,-6,-47,-9,-47,-3,-42,-1,-42,-2,-39,-2,-38,-2,-35,-2,-33,0,-28,2,-27,2,-26,3,-23,4,-21,2,-19,1,-15,5,-15,5,-13,3,-11,4,-8,5,-6,6,-5,5,-3,5,1,5,1,4,4,5,3,2,6,5,6,4,9,6,9,5,11,5,12,5,15,5,13,4,15,5,16,5,21,5,17,6,16,8,18,10,18,9,18,11,15,12,16,11,17,11,16,12,14,13,13,13,11,13,12,13,9,13,8,14,5,14,6,15,3,16,0,14,0,0,0,0,0,0,0,0,0,0,0,0,0,0,0,0,0,0,0,0,0,0,-13,16,-13,15,-15,12,-11,10,-12,8,-14,6,-11,7,-10,4,-11,4,-8,2,-7,1,-4,2,-3,-1,-1,-2,-1,-3,2,-4,4,-6,4,-6,6,-9,7,-9,11,-8,12,-13,13,-13,16,-15,16,-15,17,-16,19,-15,22,-19,22,-17,22,-20,22,-21,25,-24,24,-22,22,-23,25,-26,23,-27,23,-26,22,-31,22,-31,19,-35,18,-35,17,-36,17,-36,17,-39,13,-40,8,-45,13,-45,9,-45,8,-46,9,-52,10,-49,3,-49,8,-54,4,-52,6,-55,2,-56,4,-52,0,0]"
CSI_DATA,71,1a:00:00:00:00:00,-49,11,1,0,1,1,1,0,0,0,1,-97,0,11,2,1170034,0,44,0,384,0,"[0,0,0,0,0,0,0,0,0,0,0,0,1,-17,0,-16,-1,-15,0,-14,0,-13,0,-12,-1,-11,-1,-10,-1,-10,-2,-8,-2,-8,-2,-7,-2,-6,-3,-6,-3,-5,-3,-4,-3,-3,-3,-3,-3,-2,-3,-1,-3,-1,-4,0,-4,0,-4,1,-4,2,-4,2,0,0,-4,3,-5,4,-5,5,-5,5,-6,5,-6,5,-6,5,-7,5,-7,5,-8,5,-8,5,-8,4,-8,4,-8,3,-8,3,-9,2,-8,2,-8,2,-8,1,-8,1,-8,0,-8,-1,-8,-1,-7,-2,-7,-3,-6,-3,0,0,0,0,0,0,0,0,0,0,0,0,0,0,-45,-22,-43,-19,-43,-16,-39,-16,-39,-18,-34,-16,-33,-14,-34,-14,-29,-10,-27,-10,-27,-7,-25,-6,-23,-6,-20,-5,-20,-4,-18,-1,-17,-2,-15,0,-13,0,-10,3,-11,3,-10,2,-8,5,-5,7,-4,4,-5,7,-3,7,-2,10,2,9,3,11,2,11,5,13,5,12,5,14,4,12,5,16,5,18,8,17,6,18,4,18,4,19,4,19,2,20,1,20,0,19,1,18,-1,19,-3,20,-4,18,-4,15,-4,16,-7,17,-6,16,-8,14,-10,13,-11,11,-13,9,0,0,0,0,0,0,0,0,0,0,0,0,0,0,0,0,0,0,0,0,0,0,-8,15,-8,15,-10,13,-10,10,-10,9,-10,8,-10,6,-8,4,-10,3,-6,1,-7,0,-5,-2,-4,-3,-3,-6,0,-6,0,-6,4,-9,3,-10,4,-11,7,-14,10,-14,11,-16,12,-15,15,-16,17,-16,16,-21,17,-19,19,-20,21,-18,22,-24,20,-20,23,-24,24,-24,24,-23,25,-25,22,-25,22,-28,22,-27,22,-29,20,-33,22,-33,21,-36,21,-37,17,-36,18,-40,18,-39,16,-39,14,-40,14,-44,16,-45,17,-47,17,-47,19,-49,14,-48,17,-52,16,-52,17,-50,0,0]"
CSI_DATA,72,1a:00:00:00:00:00,-48,11,1,0,1,1,1,0,0,0,1,-97,0,11,2,1209475,0,44,0,384,0,"[0,0,0,0,0,0,0,0,0,0,0,0,-5,12,-5,12,-4,11,-4,11,-4,10,-4,9,-2,9,-2,8,-2,8,-1,7,-2,7,-1,6,0,5,0,5,0,4,1,4,1,3,1,3,2,2,2,2,2,1,3,1,3,0,4,0,4,0,4,0,0,0,5,-1,5,-1,6,-1,6,-1,6,-1,7,-1,7,-1,7,-1,7,-1,7,0,7,0,7,1,7,1,7,1,7,2,6,2,6,2,6,3,5,3,5,3,5,3,4,4,4,4,3,4,2,5,2,5,0,0,0,0,0,0,0,0,0,0,0,0,0,0,32,31,32,32,31,25,31,28,30,26,25,23,25,23,23,19,24,20,21,17,20,15,19,14,21,12,17,11,17,10,14,8,15,4,15,4,13,4,10,3,12,-1,10,-2,9,-4,8,-4,8,-4,8,-7,6,-8,7,-10,5,-10,4,-12,4,-12,5,-13,5,-14,4,-15,5,-17,5,-18,5,-18,5,-18,9,-19,6,-21,8,-19,11,-16,12,-17,11,-17,10,-13,11,-15,14,-14,14,-13,12,-11,13,-10,13,-9,16,-8,14,-8,13,-7,15,-3,17,0,15,1,0,0,0,0,0,0,0,0,0,0,0,0,0,0,0,0,0,0,0,0,0,0,8,-12,10,-10,11,-7,9,-6,11,-4,9,-2,8,-1,6,0,7,1,5,4,4,5,3,5,2,6,-1,7,-3,9,-6,9,-8,11,-7,11,-9,10,-13,14,-12,13,-18,14,-17,14,-20,13,-20,15,-21,15,-25,14,-23,14,-24,13,-27,16,-28,15,-29,17,-27,19,-29,18,-29,19,-27,20,-29,22,-28,21,-28,22,-29,25,-28,25,-29,29,-27,29,-30,32,-28,28,-25,33,-28,34,-29,35,-27,36,-29,39,-29,37,-30,40,-31,39,-30,41,-32,42,-31,41,-31,39,0,0]"
CSI_DATA,73,1a:00:00:00:00:00,-48,11,1,0,1,1,1,0,0,0,1,-96,0,11,2,1219520,0,44,0,384,0,"[0,0,0,0,0,0,0,0,0,0,0,0,-14,-3,-13,-2,-13,-2,-12,-2,-11,-2,-11,-1,-10,-1,-9,0,-9,0,-8,0,-8,1,-7,1,-6,1,-5,1,-5,1,-4,2,-4,2,-4,2,-3,3,-2,2,-2,3,-2,3,-1,4,0,4,0,4,0,4,0,0,1,6,0,5,1,6,1,6,1,6,1,6,1,7,1,7,0,7,0,7,-1,7,-1,7,-1,7,-1,7,-2,7,-2,6,-2,6,-3,5,-3,6,-3,5,-4,5,-4,4,-4,4,-5,3,-5,3,-5,2,0,0,0,0,0,0,0,0,0,0,0,0,0,0,-44,-11,-44,-12,-43,-7,-38,-8,-39,-6,-37,-9,-33,-6,-32,-5,-31,-4,-28,-3,-26,-3,-23,-1,-24,-1,-20,0,-19,3,-17,3,-17,4,-14,6,-13,5,-11,7,-12,9,-10,9,-7,8,-7,10,-4,8,-4,9,-2,11,0,10,0,12,2,15,3,14,3,17,2,16,3,15,5,18,4,19,2,20,2,20,0,20,2,21,1,21,1,20,-1,23,-1,21,-2,21,-4,21,-4,19,-6,18,-7,14,-7,15,-8,16,-10,14,-9,14,-10,13,-13,13,-12,9,-13,6,0,0,0,0,0,0,0,0,0,0,0,0,0,0,0,0,0,0,0,0,0,0,-5,11,-7,12,-7,9,-8,10,-9,6,-9,5,-6,4,-8,1,-9,0,-4,-2,-6,-1,-6,-5,-5,-6,-3,-7,0,-9,-2,-11,0,-15,3,-16,4,-16,6,-16,10,-18,10,-20,11,-19,12,-22,13,-23,13,-24,15,-24,16,-23,15,-24,16,-30,15,-27,17,-28,18,-27,18,-27,17,-31,17,-29,15,-32,14,-34,15,-35,11,-38,14,-36,12,-38,12,-39,10,-40,10,-39,10,-44,11,-44,7,-43,8,-46,9,-49,7,-47,5,-50,10,-50,8,-49,7,-51,8,-51,10,-51,0,0]"
CSI_DATA,74,1a:00:00:00:00:00,-49,11,1,0,1,1,1,0,0,0,1,-96,0,11,2,1249463,0,44,0,384,0,"[0,0,0,0,0,0,0,0,0,0,0,0,4,12,3,10,5,10,4,9,3,8,3,7,3,6,3,6,3,5,4,5,3,4,3,3,4,3,4,2,3,2,3,0,3,0,3,-1,3,-1,3,-2,3,-2,3,-3,3,-3,3,-4,3,-4,3,-5,0,0,3,-5,3,-6,4,-6,4,-6,4,-6,4,-6,5,-6,5,-5,5,-6,5,-5,6,-5,6,-4,6,-4,6,-4,6,-3,5,-3,6,-3,5,-2,5,-1,5,-1,5,0,5,0,4,1,4,1,4,2,3,2,0,0,0,0,0,0,0,0,0,0,0,0,0,0,11,41,11,39,12,39,8,32,10,30,10,32,11,27,10,26,10,23,10,22,9,17,10,16,11,15,10,12,9,11,11,8,10,8,10,4,9,5,9,1,11,1,9,2,7,-1,9,-4,8,-6,9,-7,7,-8,8,-10,7,-11,8,-13,10,-13,7,-14,9,-14,11,-17,8,-14,13,-16,11,-17,11,-18,14,-15,14,-15,15,-14,17,-14,17,-14,18,-12,18,-11,18,-10,17,-8,17,-6,17,-5,15,-5,15,-4,15,-3,15,-1,14,1,13,1,13,4,11,5,0,0,0,0,0,0,0,0,0,0,0,0,0,0,0,0,0,0,0,0,0,0,13,-4,17,-3,13,-1,12,1,11,2,10,3,8,2,6,3,4,4,3,4,0,5,-3,5,-3,6,-6,5,-9,5,-8,3,-15,4,-12,3,-17,1,-18,1,-21,2,-24,-1,-23,0,-26,-1,-27,0,-28,1,-30,-3,-31,-4,-30,-6,-36,-3,-31,-3,-36,-4,-35,-2,-34,-1,-36,-3,-35,-2,-36,-1,-38,1,-37,2,-40,4,-41,4,-37,7,-43,6,-41,10,-42,11,-40,11,-43,11,-42,14,-44,15,-44,16,-43,16,-46,17,-48,16,-44,15,-50,17,-49,16,-47,15,0,0]"
CSI_DATA,75,1a:00:00:00:00:00,-48,11,1,0,1,1,1,0,0,0,1,-96,0,11,2,1259846,0,44,0,384,0,"[0,0,0,0,0,0,0,0,0,0,0,0,1,-15,0,-14,-1,-13,-1,-12,-1,-11,-1,-10,-2,-9,-2,-9,-2,-8,-3,-7,-3,-7,-3,-6,-4,-5,-4,-4,-4,-4,-4,-3,-4,-2,-4,-2,-5,-1,-5,-1,-5,0,-5,1,-5,1,-6,2,-6,2,-6,3,0,0,-7,3,-7,3,-8,4,-7,4,-8,4,-8,3,-8,4,-9,3,-9,3,-9,2,-9,2,-9,1,-9,1,-9,0,-8,0,-9,-1,-8,-1,-8,-1,-7,-2,-7,-2,-7,-3,-6,-3,-6,-4,-5,-4,-4,-5,-3,-5,0,0,0,0,0,0,0,0,0,0,0,0,0,0,-36,-25,-36,-24,-34,-21,-31,-22,-33,-18,-28,-18,-28,-15,-28,-13,-23,-13,-23,-9,-22,-8,-18,-6,-18,-6,-17,-5,-16,-4,-14,1,-14,1,-13,2,-12,3,-10,4,-8,6,-8,7,-5,7,-5,8,-6,10,-6,10,-2,11,-3,12,-2,14,0,16,-1,16,0,16,-1,15,0,19,2,17,0,20,-2,20,-2,21,-3,20,-3,21,-4,21,-5,20,-7,19,-8,18,-8,16,-8,16,-9,14,-10,15,-9,13,-11,10,-12,10,-12,12,-12,8,-13,7,-14,6,-15,2,-12,0,0,0,0,0,0,0,0,0,0,0,0,0,0,0,0,0,0,0,0,0,0,0,-9,13,-9,10,-9,9,-9,6,-10,5,-9,3,-8,3,-8,1,-6,0,-5,-2,-5,-3,-2,-5,-2,-6,-2,-9,3,-9,5,-11,7,-13,8,-13,9,-13,13,-15,14,-14,17,-17,19,-17,20,-17,21,-19,21,-21,24,-15,24,-20,26,-18,28,-19,26,-19,28,-20,26,-21,27,-22,28,-23,29,-25,26,-24,28,-25,26,-28,27,-31,27,-30,26,-33,27,-32,26,-36,23,-34,21,-35,24,-38,23,-39,23,-40,26,-44,25,-42,23,-45,26,-44,24,-42,27,-45,24,-44,28,-44,0,0]"
CSI_DATA,76,1a:00:00:00:00:00,-49,11,1,0,1,1,1,0,0,0,1,-96,0,11,2,1269457,0,44,0,384,0,"[0,0,0,0,0,0,0,0,0,0,0,0,-1,-15,-2,-13,-2,-13,-3,-13,-3,-11,-2,-10,-3,-9,-3,-8,-3,-8,-4,-6,-3,-6,-4,-5,-4,-5,-5,-4,-5,-4,-4,-2,-4,-2,-5,-1,-5,-1,-5,0,-5,0,-6,0,-6,1,-6,1,-7,2,-6,2,0,0,-7,3,-8,3,-8,3,-8,3,-9,2,-8,3,-9,2,-8,2,-9,2,-9,1,-9,1,-9,0,-9,-1,-8,-1,-8,-1,-8,-2,-7,-2,-7,-2,-6,-3,-6,-3,-6,-4,-5,-4,-4,-4,-4,-5,-3,-5,-2,-5,0,0,0,0,0,0,0,0,0,0,0,0,0,0,-6,-44,-6,-42,-7,-39,-7,-37,-7,-36,-7,-31,-6,-29,-8,-27,-7,-25,-8,-25,-7,-20,-5,-20,-10,-17,-8,-16,-9,-15,-10,-12,-9,-10,-12,-7,-11,-6,-10,-5,-13,-3,-12,-3,-11,-1,-12,0,-12,1,-11,2,-13,5,-13,6,-15,6,-15,7,-14,8,-17,9,-17,7,-16,10,-18,9,-19,8,-20,8,-21,8,-22,6,-21,7,-19,4,-21,2,-20,1,-22,1,-18,1,-20,0,-16,-3,-18,-5,-17,-3,-16,-5,-13,-5,-14,-7,-12,-9,-8,-9,-9,-10,-8,-10,-6,-12,0,0,0,0,0,0,0,0,0,0,0,0,0,0,0,0,0,0,0,0,0,0,-14,8,-12,3,-13,3,-13,1,-11,1,-9,-2,-5,-3,-6,-4,-4,-4,-3,-6,-1,-7,0,-6,2,-5,3,-7,7,-6,8,-9,11,-7,14,-3,14,-6,18,-5,20,-4,24,-3,24,-3,25,-2,27,-1,28,-1,29,1,29,3,31,1,33,-2,32,3,35,0,34,1,32,1,37,1,35,2,36,-1,37,-3,37,-6,41,-5,42,-6,40,-7,41,-6,41,-10,39,-9,44,-9,42,-11,43,-13,43,-13,45,-14,46,-15,47,-16,46,-13,46,-14,49,-15,49,-14,47,-11,0,0]"
CSI_DATA,77,1a:00:00:00:00:00,-49,11,1,0,1,1,1,0,0,0,1,-96,0,11,2,1280105,0,44,0,384,0,"[0,0,0,0,0,0,0,0,0,0,0,0,12,2,11,1,10,0,10,0,9,0,8,0,7,-1,6,-1,6,-2,5,-2,5,-3,4,-3,3,-3,3,-4,2,-4,2,-4,1,-4,0,-5,0,-4,-1,-5,-1,-5,-2,-5,-2,-6,-3,-6,-3,-6,-4,-6,0,0,-4,-7,-4,-7,-4,-8,-4,-8,-4,-8,-4,-8,-4,-8,-3,-8,-3,-9,-3,-9,-2,-9,-2,-9,-1,-8,-1,-8,0,-8,0,-8,0,-7,1,-7,1,-7,1,-6,2,-6,2,-5,3,-5,3,-4,4,-4,4,-3,0,0,0,0,0,0,0,0,0,0,0,0,0,0,26,-35,26,-31,21,-33,22,-29,17,-29,18,-26,14,-25,13,-24,10,-21,7,-23,8,-20,5,-19,4,-19,2,-14,1,-16,-1,-14,-4,-13,-5,-12,-5,-12,-7,-12,-10,-8,-7,-6,-9,-7,-11,-7,-11,-5,-14,-5,-14,-2,-17,-3,-15,-3,-20,1,-18,0,-19,-1,-18,2,-21,-1,-22,-2,-22,-3,-22,-2,-23,-4,-21,-6,-22,-7,-21,-7,-22,-7,-20,-8,-21,-8,-17,-11,-17,-11,-16,-11,-16,-12,-13,-12,-11,-12,-9,-10,-7,-14,-8,-13,-4,-15,-2,-12,-1,-14,0,-14,0,0,0,0,0,0,0,0,0,0,0,0,0,0,0,0,0,0,0,0,0,0,-14,-12,-11,-14,-11,-13,-7,-12,-5,-11,-2,-10,-2,-10,2,-8,1,-8,4,-6,4,-5,5,-3,6,-1,8,0,8,2,11,5,12,7,11,8,14,10,13,12,13,16,14,20,14,18,17,22,15,22,17,24,15,26,16,27,16,28,17,29,16,28,18,29,18,29,20,30,18,31,20,28,21,28,25,30,25,29,27,30,26,29,32,27,31,27,32,29,32,26,33,23,34,27,36,27,36,25,41,26,39,25,42,25,44,31,40,27,43,29,43,27,41,27,0,0]"
CSI_DATA,78,1a:00:00:00:00:00,-49,11,1,0,1,1,1,0,0,0,1,-96,0,11,2,1289510,0,44,0,384,0,"[0,0,0,0,0,0,0,0,0,0,0,0,-9,-11,-9,-10,-9,-8,-9,-9,-8,-7,-8,-7,-8,-5,-7,-5,-7,-4,-6,-3,-6,-3,-6,-2,-5,-1,-5,0,-5,0,-4,1,-4,1,-3,2,-3,2,-3,3,-3,3,-2,4,-2,4,-2,5,-2,6,-1,6,0,0,-1,7,-2,7,-2,8,-2,8,-2,8,-2,8,-3,8,-3,8,-3,8,-4,8,-4,8,-5,7,-5,6,-5,6,-5,5,-6,5,-6,5,-6,4,-6,4,-6,3,-6,2,-6,2,-6,1,-6,0,-7,-1,-6,-2,0,0,0,0,0,0,0,0,0,0,0,0,0,0,-88,13,-84,13,-77,18,-73,19,-71,20,-64,16,-54,16,-54,18,-49,11,-42,19,-41,18,-32,20,-30,21,-27,19,-24,17,-15,17,-13,25,-10,19,-7,22,-2,22,-2,23,1,19,5,21,7,19,12,20,13,18,17,20,15,19,19,17,25,19,25,17,26,21,26,24,30,22,29,24,30,25,35,29,33,25,31,28,31,30,26,32,20,32,22,34,22,34,15,31,15,34,10,37,11,33,9,30,6,29,4,28,1,27,-5,31,-7,27,-12,24,-17,28,-21,20,0,0,0,0,0,0,0,0,0,0,0,0,0,0,0,0,0,0,0,0,0,0,6,37,-5,35,-7,34,-9,30,-14,25,-13,21,-11,19,-15,13,-14,14,-14,6,-11,-1,-14,-1,-13,-9,-11,-10,-7,-18,-9,-23,-5,-25,-3,-28,-1,-32,-1,-35,3,-40,4,-46,7,-46,12,-53,19,-53,12,-55,21,-55,18,-62,22,-61,20,-61,17,-63,20,-71,17,-66,17,-72,15,-72,11,-72,12,-72,8,-75,8,-77,4,-84,1,-87,-2,-81,-5,-86,-9,-86,-13,-79,-17,-93,-18,-87,-19,-88,-19,-93,-19,-96,-18,-92,-27,-104,-23,-102,-21,-93,-24,-100,-23,-106,-19,-96,0,0]"
CSI_DATA,79,1a:00:00:00:00:00,-48,11,1,0,1,1,1,0,0,0,1,-96,0,11,2,1310465,0,44,0,384,0,"[0,0,0,0,0,0,0,0,0,0,0,0,13,-8,11,-7,10,-8,10,-7,9,-7,8,-6,7,-7,7,-6,6,-6,5,-6,5,-6,4,-6,3,-6,2,-5,2,-5,1,-6,1,-5,0,-5,-1,-4,-1,-5,-2,-4,-2,-4,-3,-4,-3,-4,-4,-4,-4,-4,0,0,-5,-4,-5,-5,-6,-5,-6,-5,-6,-5,-6,-5,-6,-6,-6,-6,-6,-6,-6,-7,-5,-7,-5,-7,-4,-7,-4,-7,-3,-8,-3,-8,-3,-8,-2,-7,-2,-8,-1,-7,-1,-7,0,-7,1,-7,1,-7,2,-7,3,-6,0,0,0,0,0,0,0,0,0,0,0,0,0,0,-3,-49,1,-47,-1,-44,-2,-40,-1,-41,-1,-37,-1,-35,-3,-33,-3,-32,-1,-28,-3,-27,-6,-25,-6,-25,-6,-23,-5,-20,-7,-17,-7,-14,-10,-13,-7,-11,-8,-10,-12,-8,-12,-9,-11,-5,-12,-5,-10,-3,-11,-3,-12,-1,-14,1,-13,2,-13,4,-13,3,-14,5,-16,4,-15,5,-15,5,-18,4,-18,6,-20,7,-21,5,-19,4,-21,1,-18,3,-22,1,-21,-1,-19,-3,-20,-4,-18,-4,-18,-7,-18,-7,-19,-6,-16,-8,-17,-9,-13,-10,-14,-13,-10,-12,-11,-14,-9,-16,0,0,0,0,0,0,0,0,0,0,0,0,0,0,0,0,0,0,0,0,0,0,-17,3,-14,0,-15,-1,-14,-3,-12,-4,-10,-4,-8,-2,-7,-5,-6,-5,-5,-3,0,-4,0,-3,2,-4,6,-1,5,-1,8,-1,11,0,11,2,15,2,16,4,16,3,18,7,21,6,22,7,24,8,24,9,24,12,22,12,25,13,29,12,27,10,31,14,28,12,31,12,32,10,30,11,30,11,33,9,35,7,39,6,37,9,39,4,39,6,41,2,40,2,40,-3,42,-2,45,-2,45,-5,47,-1,48,-5,50,-6,52,-3,49,-4,52,-5,52,-3,52,-3,0,0]"
CSI_DATA,80,1a:00:00:00:00:00,-48,11,1,0,1,1,1,0,0,0,1,-96,0,11,2,1319435,0,44,0,384,0,"[0,0,0,0,0,0,0,0,0,0,0,0,-1,14,-1,13,0,12,0,12,0,11,0,10,0,10,1,9,1,8,1,7,1,7,2,6,2,5,2,5,2,4,3,4,3,3,3,3,3,2,3,2,3,1,4,0,4,0,4,0,4,-1,4,-1,0,0,5,-2,6,-2,6,-2,6,-2,6,-2,7,-2,7,-2,7,-2,7,-1,7,-1,8,0,7,0,7,1,7,1,7,2,7,2,6,2,6,2,6,3,5,3,5,4,4,4,4,4,3,5,3,5,2,5,0,0,0,0,0,0,0,0,0,0,0,0,0,0,36,24,37,24,36,21,34,21,35,20,30,20,30,15,29,15,28,13,23,13,24,11,23,8,21,7,21,6,16,7,17,3,17,1,15,1,14,-2,12,-3,12,-4,12,-7,11,-7,10,-6,9,-6,9,-8,7,-9,5,-12,6,-13,4,-14,6,-15,4,-15,6,-15,4,-16,6,-19,6,-16,6,-18,5,-19,8,-18,9,-19,10,-17,10,-17,9,-18,13,-18,12,-14,15,-13,12,-12,14,-13,12,-9,14,-10,16,-8,16,-6,13,-5,17,-2,15,-2,16,1,14,3,0,0,0,0,0,0,0,0,0,0,0,0,0,0,0,0,0,0,0,0,0,0,5,-14,6,-12,7,-12,8,-10,6,-6,7,-7,7,-5,6,-1,5,-4,3,-1,2,1,1,3,0,4,-1,7,-4,7,-5,8,-7,9,-9,10,-10,10,-12,10,-14,12,-16,13,-19,14,-19,15,-21,14,-21,17,-26,16,-23,14,-23,17,-25,16,-25,16,-25,18,-28,18,-25,18,-27,20,-28,21,-27,25,-26,24,-27,26,-27,28,-24,26,-25,32,-25,30,-24,35,-21,34,-23,34,-21,37,-20,39,-22,40,-23,43,-23,42,-22,46,-26,43,-22,45,-25,47,-24,46,-25,44,0,0]"
CSI_DATA,81,1a:00:00:00:00:00,-48,11,1,0,1,1,1,0,0,0,1,-96,0,11,2,1329465,0,44,0,384,0,"[0,0,0,0,0,0,0,0,0,0,0,0,-9,-12,-8,-11,-9,-10,-8,-10,-8,-10,-7,-8,-7,-8,-7,-7,-6,-7,-6,-6,-6,-5,-6,-4,-6,-4,-6,-3,-5,-3,-6,-2,-5,-1,-5,-1,-4,0,-5,0,-4,0,-4,1,-4,1,-4,2,-4,3,-4,3,0,0,-4,4,-4,4,-4,4,-4,5,-4,4,-5,5,-5,5,-5,5,-5,5,-6,5,-6,5,-6,4,-7,4,-6,3,-7,3,-7,2,-7,2,-7,2,-7,1,-7,1,-7,0,-7,0,-7,-1,-7,-2,-6,-3,-6,-3,0,0,0,0,0,0,0,0,0,0,0,0,0,0,-95,3,-91,4,-91,10,-84,4,-78,12,-72,8,-66,7,-66,6,-60,8,-56,10,-57,14,-47,11,-48,12,-43,12,-39,13,-34,18,-33,17,-27,17,-24,14,-24,19,-21,24,-14,22,-7,17,-12,18,-6,20,-3,21,-2,25,4,22,3,27,11,24,5,24,9,27,9,26,9,30,13,29,11,29,11,33,16,36,8,37,7,35,9,42,7,41,6,39,2,40,-3,38,-2,35,-4,36,-5,35,-11,34,-12,34,-13,29,-16,32,-19,28,-23,25,-24,23,-26,21,-25,15,0,0,0,0,0,0,0,0,0,0,0,0,0,0,0,0,0,0,0,0,0,0,4,30,0,24,0,26,-6,22,-5,20,-8,17,-5,14,-12,9,-8,5,-9,5,-9,-1,-7,-6,-7,-7,-6,-12,1,-16,-2,-21,2,-25,6,-32,3,-28,4,-37,10,-34,11,-36,14,-45,14,-45,16,-50,17,-50,19,-50,21,-57,21,-52,18,-59,20,-59,20,-64,24,-61,20,-63,16,-69,18,-64,16,-67,12,-69,8,-73,5,-78,10,-75,2,-79,3,-81,0,-87,-4,-84,-14,-85,-8,-88,-14,-88,-14,-91,-16,-99,-17,-99,-20,-94,-14,-101,-16,-97,-17,-108,-18,-103,-17,-101,0,0]"
CSI_DATA,82,1a:00:00:00:00:00,-48,11,1,0,1,1,1,0,0,0,1,-96,0,11,2,1339425,0,44,0,384,0,"[0,0,0,0,0,0,0,0,0,0,0,0,8,-15,7,-14,6,-14,6,-13,6,-12,5,-11,4,-11,4,-10,3,-10,2,-9,2,-9,1,-8,1,-8,0,-7,0,-6,-1,-7,-1,-6,-2,-5,-2,-5,-3,-4,-3,-4,-4,-3,-4,-3,-5,-3,-5,-3,-5,-2,0,0,-6,-2,-7,-2,-7,-2,-7,-2,-7,-2,-8,-2,-8,-2,-8,-3,-8,-3,-8,-4,-8,-4,-8,-5,-7,-5,-7,-5,-7,-6,-6,-6,-6,-6,-6,-6,-5,-6,-5,-6,-4,-7,-3,-7,-3,-7,-2,-7,-1,-7,0,-7,0,0,0,0,0,0,0,0,0,0,0,0,0,0,-31,-39,-33,-38,-31,-32,-28,-34,-26,-34,-24,-30,-27,-29,-25,-25,-22,-25,-19,-24,-23,-20,-20,-18,-19,-19,-19,-17,-18,-16,-16,-9,-16,-11,-15,-6,-13,-6,-13,-4,-13,-3,-14,-2,-12,0,-11,1,-11,1,-10,3,-12,6,-11,6,-11,8,-8,9,-10,7,-10,10,-10,10,-10,13,-12,13,-9,11,-12,14,-13,12,-15,13,-16,12,-17,12,-16,13,-18,10,-19,9,-15,8,-19,6,-19,4,-17,3,-17,3,-18,2,-19,2,-17,-1,-16,-3,-17,-3,-17,-6,-15,-6,-13,-10,0,0,0,0,0,0,0,0,0,0,0,0,0,0,0,0,0,0,0,0,0,0,-8,16,-8,13,-10,15,-10,11,-10,7,-9,6,-8,6,-8,4,-7,2,-7,-2,-4,-1,-3,0,-2,-3,0,-6,3,-5,5,-9,6,-9,10,-7,9,-8,13,-10,14,-9,18,-9,21,-10,20,-11,22,-11,25,-12,25,-10,25,-11,28,-9,28,-12,27,-12,30,-12,31,-12,29,-15,32,-13,30,-17,30,-17,31,-19,31,-20,32,-24,31,-22,32,-25,30,-24,33,-27,29,-29,35,-30,32,-31,30,-33,32,-36,34,-38,35,-37,33,-40,36,-39,36,-38,36,-39,37,-39,38,-38,0,0]"
CSI_DATA,83,1a:00:00:00:00:00,-48,11,1,0,1,1,1,0,0,0,1,-96,0,11,2,1369480,0,44,0,384,0,"[0,0,0,0,0,0,0,0,0,0,0,0,-10,-12,-10,-10,-10,-9,-9,-10,-9,-9,-8,-8,-8,-7,-7,-6,-7,-6,-7,-6,-7,-5,-7,-4,-7,-4,-6,-3,-6,-3,-6,-1,-6,-1,-5,0,-5,0,-5,0,-5,1,-5,1,-5,1,-5,2,-6,2,-5,3,0,0,-5,4,-6,4,-6,4,-6,5,-6,4,-6,4,-7,4,-7,3,-7,4,-8,3,-8,3,-8,2,-8,2,-8,1,-8,1,-8,0,-7,-1,-7,-1,-7,-1,-7,-2,-7,-3,-6,-2,-6,-3,-5,-4,-4,-4,-3,-5,0,0,0,0,0,0,0,0,0,0,0,0,0,0,-64,-70,-58,-68,-62,-62,-55,-61,-49,-56,-50,-52,-50,-50,-46,-46,-43,-41,-44,-40,-44,-30,-42,-29,-45,-26,-37,-23,-30,-26,-36,-20,-33,-15,-34,-10,-30,-5,-26,-7,-30,-2,-29,-3,-25,6,-26,5,-24,8,-27,11,-25,13,-22,16,-25,16,-25,24,-26,21,-23,30,-24,22,-27,27,-24,30,-28,29,-33,29,-32,27,-36,25,-34,27,-32,21,-39,16,-40,19,-42,18,-40,13,-39,10,-40,7,-37,4,-41,1,-36,0,-34,-2,-34,-6,-28,-10,-30,-11,-26,-15,-21,-14,-21,-24,0,0,0,0,0,0,0,0,0,0,0,0,0,0,0,0,0,0,0,0,0,0,7,44,1,42,1,33,-3,38,-5,30,-6,29,-4,28,-2,22,-4,20,-3,15,1,15,2,9,4,9,5,2,7,1,13,0,18,-5,17,-5,20,-9,25,-11,27,-14,33,-16,37,-14,40,-18,48,-15,47,-19,50,-18,57,-20,52,-23,60,-25,51,-21,61,-24,63,-25,57,-27,63,-29,59,-32,57,-34,62,-37,60,-35,63,-40,65,-44,62,-46,61,-51,60,-54,55,-58,58,-59,59,-61,58,-66,57,-72,58,-69,65,-68,65,-77,71,-78,65,-67,71,-74,73,-81,68,-73,0,0]"
CSI_DATA,84,1a:00:00:00:00:00,-48,11,1,0,1,1,1,0,0,0,1,-96,0,11,2,1379483,0,44,0,384,0,"[0,0,0,0,0,0,0,0,0,0,0,0,11,8,10,7,10,6,9,6,9,5,8,5,8,4,7,3,7,3,6,2,6,1,6,0,6,0,5,-1,5,-1,5,-2,4,-2,4,-2,3,-3,3,-3,3,-4,3,-4,2,-5,2,-6,2,-6,1,-6,0,0,1,-7,2,-7,2,-8,2,-8,2,-8,3,-8,3,-8,3,-8,3,-8,4,-8,4,-8,4,-7,5,-7,5,-6,5,-5,6,-5,5,-5,5,-4,5,-3,5,-3,6,-2,5,-2,5,-1,5,-1,5,0,5,1,0,0,0,0,0,0,0,0,0,0,0,0,0,0,78,-35,76,-30,77,-35,68,-35,64,-36,59,-31,57,-29,53,-32,49,-29,41,-27,39,-28,36,-31,33,-31,27,-30,27,-25,16,-27,16,-29,14,-32,11,-26,6,-26,3,-32,-3,-27,-3,-23,-5,-25,-9,-27,-11,-25,-13,-27,-16,-23,-13,-24,-24,-25,-25,-24,-26,-28,-25,-26,-27,-31,-30,-27,-30,-29,-29,-33,-28,-32,-24,-36,-24,-38,-18,-34,-19,-38,-17,-39,-18,-43,-15,-41,-9,-37,-7,-39,-4,-35,1,-34,-2,-31,-1,-32,4,-34,9,-30,10,-27,19,-25,16,-24,22,-19,0,0,0,0,0,0,0,0,0,0,0,0,0,0,0,0,0,0,0,0,0,0,-39,-19,-36,-24,-34,-24,-32,-22,-24,-24,-23,-22,-18,-20,-17,-18,-16,-16,-13,-11,-9,-9,-7,-2,-9,-4,-8,2,-7,4,-1,12,-6,17,-2,18,-1,24,-3,30,-2,32,-6,39,-2,41,-5,45,-7,46,-4,53,-9,54,-7,58,-9,57,-4,59,-8,61,-4,67,-4,63,-3,64,-4,69,1,66,3,66,8,70,6,72,11,77,16,76,19,73,23,72,25,74,27,79,32,70,33,76,36,76,34,79,38,82,42,85,46,85,45,91,41,85,46,92,52,90,46,87,0,0]"
CSI_DATA,85,1a:00:00:00:00:00,-49,11,1,0,1,1,1,0,0,0,1,-96,0,11,2,1389479,0,44,0,384,0,"[0,0,0,0,0,0,0,0,0,0,0,0,-11,8,-10,8,-9,8,-9,8,-8,7,-7,6,-6,7,-5,6,-5,6,-4,5,-3,5,-2,5,-2,5,-1,4,-1,4,0,4,1,4,1,3,2,3,2,3,3,2,3,2,3,2,4,2,5,2,5,2,0,0,6,2,6,2,7,2,7,2,7,2,7,2,7,3,7,3,7,3,7,4,6,5,6,5,5,5,5,5,4,5,4,5,3,5,3,5,2,5,2,5,1,5,0,5,0,5,-1,5,-2,5,-3,4,0,0,0,0,0,0,0,0,0,0,0,0,0,0,31,87,34,85,33,75,32,70,28,71,26,66,25,54,33,55,24,51,22,46,22,37,21,36,25,31,25,30,22,23,24,21,23,17,27,13,22,8,25,7,27,2,23,2,22,-8,22,-8,25,-8,21,-15,19,-14,18,-21,22,-19,20,-25,21,-26,25,-27,24,-27,30,-29,24,-33,29,-29,31,-30,30,-31,37,-31,35,-24,35,-26,35,-22,38,-21,36,-15,38,-9,36,-12,36,-7,35,-6,28,0,29,-1,29,1,29,4,24,6,24,13,23,14,22,18,15,24,0,0,0,0,0,0,0,0,0,0,0,0,0,0,0,0,0,0,0,0,0,0,27,-41,31,-32,28,-31,31,-28,30,-24,27,-20,20,-19,20,-15,19,-14,13,-13,8,-10,8,-8,4,-6,0,-5,-4,-4,-10,-7,-15,-5,-21,-2,-25,-2,-31,-4,-35,-5,-40,-7,-45,-4,-49,-6,-51,-9,-53,-8,-54,-12,-59,-9,-56,-10,-70,-11,-59,-9,-67,-13,-68,-7,-64,-7,-72,-4,-72,-4,-74,0,-75,-1,-74,1,-79,9,-77,7,-77,18,-81,19,-81,21,-77,24,-87,27,-82,31,-82,35,-86,31,-92,36,-86,37,-91,46,-93,41,-85,42,-91,39,-94,47,-92,43,0,0]"
CSI_DATA,86,1a:00:00:00:00:00,-50,11,1,0,1,1,1,0,0,0,1,-96,0,11,2,1400023,0,44,0,384,0,"[0,0,0,0,0,0,0,0,0,0,0,0,4,14,4,13,5,11,4,11,4,10,4,9,4,8,4,7,4,6,4,5,4,4,4,3,4,2,4,2,4,1,4,0,4,0,3,-1,3,-2,3,-2,3,-3,3,-4,3,-4,3,-5,3,-5,3,-6,0,0,3,-7,3,-7,3,-8,3,-8,4,-8,4,-8,5,-8,5,-7,5,-7,5,-7,6,-7,6,-6,6,-5,6,-5,6,-4,6,-4,6,-3,6,-3,6,-2,6,-1,6,-1,5,0,5,1,5,1,4,2,4,3,0,0,0,0,0,0,0,0,0,0,0,0,0,0,46,6,43,6,38,2,37,1,36,2,32,2,28,-1,29,1,27,2,23,-2,22,-2,18,-3,18,-5,17,-8,14,-6,12,-6,12,-7,10,-9,8,-8,4,-9,3,-11,1,-9,1,-11,0,-10,-3,-12,-3,-12,-5,-12,-9,-11,-7,-12,-7,-13,-10,-13,-9,-13,-10,-13,-11,-16,-12,-17,-11,-17,-11,-17,-11,-18,-11,-18,-10,-20,-6,-20,-7,-20,-4,-20,-3,-20,-3,-17,-1,-18,-1,-16,0,-16,2,-14,3,-16,3,-14,5,-12,5,-11,9,-9,8,-9,9,-6,10,-4,0,0,0,0,0,0,0,0,0,0,0,0,0,0,0,0,0,0,0,0,0,0,-3,-26,-1,-23,0,-22,2,-22,3,-22,2,-17,4,-18,2,-16,3,-13,3,-13,2,-9,1,-6,0,-5,-2,-3,-2,0,-3,2,-5,3,-8,5,-7,7,-10,10,-11,9,-15,14,-17,12,-17,14,-19,17,-19,16,-21,16,-22,18,-23,18,-23,20,-24,21,-23,24,-24,25,-22,24,-24,27,-21,27,-22,27,-19,30,-20,29,-19,32,-17,32,-13,35,-15,34,-14,40,-13,39,-7,39,-7,39,-8,42,-5,41,-5,46,-9,48,-5,49,-7,48,-6,48,-5,53,-3,49,-4,47,0,0]"
CSI_DATA,87,1a:00:00:00:00:00,-51,11,1,0,1,1,1,0,0,0,1,-96,0,11,2,1409803,0,44,0,384,0,"[0,0,0,0,0,0,0,0,0,0,0,0,8,-12,7,-12,5,-11,6,-11,5,-10,4,-9,3,-9,2,-8,2,-8,1,-7,1,-7,0,-6,-1,-5,-1,-5,-2,-5,-2,-4,-3,-4,-3,-3,-3,-2,-4,-2,-4,-2,-5,-1,-5,-1,-5,0,-6,0,-6,0,0,0,-7,1,-7,1,-8,1,-8,1,-8,0,-9,0,-9,0,-8,0,-9,-1,-8,-1,-8,-2,-8,-2,-8,-3,-7,-3,-7,-3,-6,-4,-6,-4,-5,-4,-5,-4,-4,-4,-4,-5,-3,-5,-2,-5,-2,-5,-1,-6,0,-5,0,0,0,0,0,0,0,0,0,0,0,0,0,0,-27,-90,-23,-90,-34,-80,-27,-69,-23,-66,-17,-69,-23,-59,-29,-58,-24,-46,-20,-48,-27,-37,-18,-32,-27,-32,-24,-29,-24,-26,-22,-20,-26,-15,-25,-11,-22,-8,-18,-5,-21,-3,-19,-2,-15,6,-14,6,-15,9,-22,12,-12,16,-15,17,-12,23,-19,26,-15,24,-18,31,-21,28,-23,34,-19,33,-25,35,-24,34,-25,35,-25,30,-28,27,-30,28,-29,22,-29,24,-34,22,-31,18,-30,12,-30,11,-32,13,-30,5,-25,5,-28,2,-23,4,-25,-6,-27,-12,-24,-10,-22,-11,-16,-19,0,0,0,0,0,0,0,0,0,0,0,0,0,0,0,0,0,0,0,0,0,0,-49,28,-49,26,-45,19,-46,16,-44,12,-39,12,-35,8,-32,10,-29,4,-24,4,-21,4,-16,5,-10,4,-7,2,-3,1,6,5,10,6,13,9,21,6,25,9,32,12,32,19,37,17,45,16,42,20,51,20,51,20,58,31,54,24,63,27,59,22,67,26,61,23,66,19,70,21,71,19,70,13,74,15,73,10,82,9,80,3,76,1,78,-3,76,-14,83,-8,88,-23,88,-22,82,-27,93,-26,90,-26,94,-30,96,-36,103,-31,90,-31,102,-34,104,-36,96,-37,0,0]"
CSI_DATA,88,1a:00:00:00:00:00,-51,11,1,0,1,1,1,0,0,0,1,-96,0,11,2,1419467,0,44,0,384,0,"[0,0,0,0,0,0,0,0,0,0,0,0,2,13,2,12,3,11,3,11,3,10,2,9,3,8,2,7,3,6,3,5,3,5,3,4,3,3,3,2,3,2,3,1,3,0,3,0,3,-1,3,-1,3,-2,3,-3,3,-3,3,-4,3,-4,3,-5,0,0,3,-6,4,-6,4,-6,4,-6,5,-6,5,-6,5,-6,5,-6,5,-6,6,-5,6,-4,6,-4,6,-3,6,-3,6,-2,6,-2,5,-1,5,-1,5,0,5,0,4,1,4,1,4,2,3,2,3,3,2,3,0,0,0,0,0,0,0,0,0,0,0,0,0,0,44,14,43,14,43,10,35,11,35,6,32,9,30,9,32,5,27,2,26,3,24,2,21,2,21,-2,18,-1,16,-2,13,-5,14,-5,12,-6,10,-5,7,-6,6,-7,3,-9,4,-9,1,-9,1,-11,0,-11,-3,-13,-4,-14,-5,-13,-7,-14,-5,-15,-8,-15,-8,-14,-6,-14,-10,-18,-8,-18,-6,-17,-7,-20,-5,-20,-3,-18,-3,-19,-2,-20,-2,-21,-2,-20,2,-17,2,-15,3,-15,4,-16,5,-13,5,-12,7,-12,8,-11,9,-10,10,-8,11,-5,10,-3,10,-3,0,0,0,0,0,0,0,0,0,0,0,0,0,0,0,0,0,0,0,0,0,0,-5,-29,-2,-29,1,-26,0,-26,1,-24,3,-21,5,-19,4,-19,2,-19,3,-15,0,-14,1,-9,0,-8,-1,-7,-5,-5,-5,-2,-9,0,-6,5,-11,5,-14,5,-15,8,-17,10,-18,11,-19,11,-22,14,-21,16,-25,14,-26,15,-24,15,-28,18,-26,18,-30,21,-28,21,-26,21,-28,23,-27,25,-26,23,-25,29,-23,29,-22,32,-25,33,-22,33,-21,36,-18,37,-19,40,-21,41,-19,41,-14,44,-14,45,-13,44,-13,46,-11,49,-15,53,-13,47,-15,54,-15,54,-14,48,0,0]"
CSI_DATA,89,1a:00:00:00:00:00,-51,11,1,0,1,1,1,0,0,0,1,-96,0,11,2,1429456,0,44,0,384,0,"[0,0,0,0,0,0,0,0,0,0,0,0,-14,2,-13,3,-12,3,-12,2,-10,2,-10,2,-9,3,-8,3,-7,2,-6,2,-6,3,-5,3,-4,3,-3,3,-3,3,-2,3,-1,3,-1,3,0,3,0,3,1,3,1,3,2,3,3,3,3,3,4,3,0,0,4,3,5,4,5,4,5,4,5,4,5,5,5,5,4,5,4,5,4,5,4,6,3,6,2,5,2,6,1,5,1,5,0,5,0,5,-1,5,-1,4,-2,4,-2,4,-3,3,-3,3,-4,2,-4,1,0,0,0,0,0,0,0,0,0,0,0,0,0,0,-11,47,-11,42,-10,44,-7,35,-7,36,-8,34,-6,32,-8,29,-4,27,-2,25,-2,23,0,21,-1,21,2,16,2,16,1,14,5,12,5,9,5,8,8,8,9,7,8,6,7,1,9,2,11,1,9,0,11,0,11,-4,12,-4,14,-7,12,-6,16,-5,15,-6,17,-6,16,-7,20,-5,20,-3,19,-6,19,-4,19,-2,19,-1,18,1,19,1,17,4,14,2,16,4,12,6,12,5,12,9,9,8,8,8,7,8,6,8,4,8,0,10,1,10,0,10,0,0,0,0,0,0,0,0,0,0,0,0,0,0,0,0,0,0,0,0,0,0,24,-18,24,-16,24,-14,25,-11,21,-10,21,-9,20,-8,18,-6,16,-8,14,-5,12,-6,9,-5,7,-5,7,-5,2,-6,2,-8,-2,-10,-3,-7,-6,-9,-10,-10,-11,-11,-14,-15,-15,-15,-18,-18,-18,-18,-21,-20,-18,-20,-22,-21,-22,-23,-24,-25,-23,-22,-28,-26,-27,-23,-28,-21,-30,-22,-31,-22,-28,-20,-33,-19,-33,-19,-36,-18,-38,-15,-39,-16,-40,-14,-42,-15,-44,-14,-45,-6,-45,-11,-46,-7,-47,-7,-49,-8,-49,-8,-53,-4,-56,-10,-47,-6,-54,-10,-55,-8,-52,-9,0,0]"
CSI_DATA,90,1a:00:00:00:00:00,-51,11,1,0,1,1,1,0,0,0,1,-96,0,11,2,1439460,0,44,0,384,0,"[0,0,0,0,0,0,0,0,0,0,0,0,1,-15,1,-14,0,-13,0,-13,0,-11,0,-10,-1,-10,-1,-9,-1,-8,-2,-7,-2,-7,-3,-6,-3,-5,-3,-4,-3,-4,-3,-3,-4,-2,-4,-2,-4,-1,-4,-1,-4,0,-4,1,-4,1,-5,2,-5,2,-5,3,0,0,-6,3,-6,3,-7,4,-7,4,-7,3,-7,3,-7,3,-7,3,-8,2,-8,2,-8,1,-7,1,-7,0,-7,0,-7,-1,-7,-1,-6,-1,-6,-2,-5,-2,-5,-2,-4,-3,-4,-3,-3,-4,-3,-4,-2,-5,-1,-5,0,0,0,0,0,0,0,0,0,0,0,0,0,0,-40,-25,-41,-24,-38,-16,-35,-18,-35,-20,-30,-16,-30,-16,-30,-13,-26,-12,-22,-11,-23,-9,-19,-6,-22,-6,-20,-7,-14,-2,-15,-1,-14,1,-11,0,-11,1,-9,6,-7,6,-6,4,-6,5,-4,6,-4,7,-5,9,-4,10,0,13,-1,12,1,11,1,12,1,15,2,15,0,15,2,17,-2,18,-2,19,-1,18,-3,16,-2,18,-4,18,-6,17,-6,17,-5,17,-7,11,-7,13,-10,10,-10,11,-11,6,-11,7,-11,5,-12,5,-12,2,-13,3,-9,-2,-10,-2,-9,-6,0,0,0,0,0,0,0,0,0,0,0,0,0,0,0,0,0,0,0,0,0,0,17,26,12,28,9,27,7,26,6,26,4,23,5,19,3,19,4,20,3,15,4,14,5,11,4,11,5,8,5,4,6,2,9,3,9,0,9,-2,12,-4,15,-7,19,-9,18,-10,20,-13,18,-12,20,-16,24,-16,26,-17,25,-16,27,-18,26,-18,27,-20,28,-21,28,-21,27,-25,25,-25,24,-24,25,-27,25,-27,23,-34,25,-30,23,-33,21,-33,22,-38,20,-36,21,-41,21,-41,19,-39,20,-44,18,-48,17,-45,19,-47,20,-46,20,-46,21,-49,18,-50,21,-49,0,0]"
CSI_DATA,91,1a:00:00:00:00:00,-51,11,1,0,1,1,1,0,0,0,1,-96,0,11,2,1449460,0,44,0,384,0,"[0,0,0,0,0,0,0,0,0,0,0,0,11,7,10,6,10,6,9,5,8,5,7,4,7,3,6,3,6,2,5,2,5,1,4,0,4,0,3,-1,3,-1,3,-2,2,-2,2,-2,1,-3,1,-3,1,-3,0,-4,0,-4,-1,-5,-1,-5,-1,-6,0,0,-2,-6,-2,-7,-2,-7,-2,-7,-1,-7,-1,-8,-1,-8,0,-8,0,-8,0,-8,1,-8,1,-7,1,-7,2,-6,2,-6,2,-5,2,-5,2,-4,3,-4,3,-3,3,-3,3,-2,4,-2,3,-1,3,0,3,1,0,0,0,0,0,0,0,0,0,0,0,0,0,0,66,-59,65,-56,57,-59,51,-50,53,-56,45,-45,41,-48,40,-44,38,-45,35,-33,24,-35,28,-35,19,-32,15,-28,13,-26,5,-28,4,-24,1,-20,0,-17,-2,-23,-7,-18,-11,-17,-10,-12,-8,-12,-15,-6,-15,-9,-20,-5,-22,-4,-22,-8,-30,-6,-28,-4,-32,-3,-32,-3,-34,-2,-35,-3,-32,-6,-37,-8,-35,-4,-31,-2,-36,-9,-34,-11,-33,-15,-29,-17,-33,-19,-24,-19,-25,-16,-23,-16,-17,-22,-14,-21,-18,-19,-11,-22,-6,-21,-3,-22,-1,-24,3,-22,6,-18,8,-16,0,0,0,0,0,0,0,0,0,0,0,0,0,0,0,0,0,0,0,0,0,0,-61,-2,-57,-6,-59,-9,-57,-8,-52,-16,-44,-16,-42,-14,-38,-15,-39,-15,-34,-11,-30,-7,-32,0,-26,3,-20,-2,-21,1,-20,7,-14,14,-8,20,-11,21,-10,31,-4,27,-5,36,-4,39,0,44,-2,49,2,51,-4,47,2,55,0,60,4,63,5,59,8,67,10,66,12,61,11,66,15,62,17,70,22,68,24,64,34,68,33,67,42,64,42,69,44,67,46,61,49,64,50,61,59,65,62,64,63,68,68,69,70,66,70,74,74,68,73,68,70,72,72,68,0,0]"
CSI_DATA,92,1a:00:00:00:00:00,-51,11,1,0,1,1,1,0,0,0,1,-96,0,11,2,1460087,0,44,0,384,0,"[0,0,0,0,0,0,0,0,0,0,0,0,8,9,8,8,8,7,7,7,7,6,6,6,6,5,5,4,5,3,5,2,4,2,4,1,4,1,3,0,3,-1,3,-1,2,-2,1,-2,1,-2,1,-3,0,-3,0,-4,0,-4,-1,-5,-1,-5,-1,-5,0,0,-1,-6,-1,-7,-1,-7,-1,-7,-1,-7,-1,-8,-1,-8,0,-8,0,-8,0,-7,1,-7,1,-7,2,-6,2,-6,2,-6,2,-5,2,-5,3,-4,3,-4,3,-3,3,-3,3,-2,3,-2,3,-1,3,0,3,0,0,0,0,0,0,0,0,0,0,0,0,0,0,0,89,-26,86,-25,78,-30,74,-28,63,-29,65,-22,60,-25,56,-27,49,-22,46,-20,37,-23,37,-19,31,-20,29,-21,24,-18,19,-21,14,-23,11,-18,7,-16,2,-18,-1,-16,-3,-11,-5,-15,-12,-11,-13,-13,-12,-15,-17,-11,-19,-9,-23,-11,-27,-5,-28,-8,-30,-9,-27,-13,-32,-8,-34,-6,-35,-15,-33,-18,-38,-14,-33,-21,-32,-19,-32,-20,-31,-20,-27,-19,-25,-20,-20,-25,-20,-18,-17,-26,-15,-23,-11,-21,-9,-22,-5,-23,-4,-21,-5,-23,4,-21,4,-20,7,-15,8,-15,0,0,0,0,0,0,0,0,0,0,0,0,0,0,0,0,0,0,0,0,0,0,-45,-42,-42,-46,-38,-43,-35,-47,-30,-45,-27,-45,-24,-43,-24,-36,-27,-36,-26,-33,-22,-30,-22,-22,-22,-18,-18,-19,-20,-11,-24,-8,-21,2,-19,2,-18,11,-26,11,-31,21,-26,25,-30,26,-29,33,-29,32,-30,42,-34,39,-28,44,-33,47,-33,52,-29,50,-32,59,-32,61,-24,62,-23,67,-24,66,-18,66,-21,71,-14,70,-3,77,-7,75,5,79,4,81,6,83,9,83,21,83,18,86,21,85,26,88,26,93,25,92,33,99,28,99,31,98,29,99,37,98,29,99,0,0]"
CSI_DATA,93,1a:00:00:00:00:00,-51,11,1,0,1,1,1,0,0,0,1,-96,0,11,2,1469473,0,44,0,384,0,"[0,0,0,0,0,0,0,0,0,0,0,0,-4,-14,-4,-13,-5,-12,-4,-11,-4,-11,-4,-9,-4,-8,-4,-7,-4,-7,-4,-6,-4,-5,-4,-4,-4,-3,-4,-3,-3,-2,-4,-1,-3,-1,-3,0,-3,1,-3,1,-3,2,-2,2,-2,3,-2,4,-2,4,-2,4,0,0,-2,5,-2,6,-2,6,-2,7,-3,6,-3,6,-4,6,-4,6,-4,6,-5,6,-5,5,-5,5,-5,4,-5,4,-6,3,-5,3,-5,2,-5,2,-5,1,-5,1,-5,0,-5,0,-5,-1,-4,-2,-4,-3,-3,-3,0,0,0,0,0,0,0,0,0,0,0,0,0,0,-47,-2,-42,-6,-44,-1,-39,-2,-37,0,-32,-1,-32,0,-29,1,-26,1,-26,1,-22,3,-20,2,-19,2,-15,5,-16,4,-11,6,-10,7,-9,5,-7,4,-6,5,-2,6,-2,6,-1,5,3,5,3,6,5,6,6,7,8,5,8,8,11,7,9,8,12,10,13,9,12,9,13,11,12,11,14,11,12,12,10,13,10,14,9,12,11,14,8,14,6,12,6,14,4,14,1,13,2,13,1,11,-2,10,-3,12,-3,9,-3,10,-4,9,-5,8,-7,5,-9,4,0,0,0,0,0,0,0,0,0,0,0,0,0,0,0,0,0,0,0,0,0,0,18,27,15,28,14,27,11,26,11,26,7,24,7,24,6,23,9,20,8,19,7,16,8,12,8,12,7,11,7,9,10,6,11,3,12,0,13,-2,13,-4,14,-6,16,-8,18,-8,18,-15,18,-14,20,-16,22,-16,22,-16,23,-20,22,-21,20,-21,22,-25,20,-24,21,-27,19,-28,19,-29,19,-31,18,-31,15,-34,13,-38,14,-37,11,-38,13,-40,10,-40,8,-40,9,-42,4,-44,2,-46,2,-47,2,-49,0,-48,-3,-50,-1,-52,1,-50,-2,-53,-4,-54,1,-52,0,0]"
CSI_DATA,94,1a:00:00:00:00:00,-52,11,1,0,1,1,1,0,0,0,1,-96,0,11,2,1499450,0,44,0,384,0,"[0,0,0,0,0,0,0,0,0,0,0,0,-14,-1,-14,0,-12,1,-12,0,-10,0,-10,0,-9,1,-8,1,-7,1,-6,1,-5,1,-5,2,-4,1,-3,2,-3,2,-2,2,-1,2,0,1,0,1,1,1,1,1,2,1,2,1,3,1,4,1,4,0,0,0,5,0,5,0,6,0,6,0,6,1,6,1,6,1,6,2,6,2,6,2,6,3,5,3,5,3,4,3,4,3,4,4,3,4,3,4,2,4,2,4,1,4,1,4,0,4,-1,4,-1,4,-2,3,0,0,0,0,0,0,0,0,0,0,0,0,0,0,-22,40,-19,39,-20,38,-16,34,-17,34,-14,30,-13,27,-10,27,-8,23,-7,24,-8,22,-6,19,-5,18,-2,14,-2,12,1,11,1,9,0,6,1,6,4,4,5,5,1,2,6,2,5,0,6,-1,7,-2,6,-5,6,-9,7,-7,7,-9,8,-9,8,-12,11,-10,9,-12,11,-13,13,-12,10,-11,15,-12,14,-11,12,-12,13,-10,16,-9,14,-7,16,-7,15,-6,15,-2,15,-2,14,-2,12,-2,11,0,10,1,11,2,9,3,9,4,7,7,8,6,6,7,0,0,0,0,0,0,0,0,0,0,0,0,0,0,0,0,0,0,0,0,0,0,33,10,29,12,26,12,26,15,25,13,24,16,21,13,19,13,21,12,17,10,16,8,15,7,15,5,11,3,10,2,11,0,9,-3,8,-7,6,-6,7,-8,4,-13,4,-18,2,-18,2,-18,1,-22,-3,-22,0,-25,-2,-27,-3,-27,-2,-29,-4,-26,-8,-30,-10,-33,-11,-30,-13,-31,-15,-30,-16,-29,-17,-32,-20,-31,-26,-30,-26,-30,-28,-28,-30,-28,-33,-29,-33,-28,-36,-23,-38,-25,-40,-23,-38,-24,-45,-24,-45,-25,-45,-23,-49,-24,-43,-23,-49,-24,-52,-22,-49,-24,0,0]"
CSI_DATA,95,1a:00:00:00:00:00,-52,11,1,0,1,1,1,0,0,0,1,-96,0,11,2,1509445,0,44,0,384,0,"[0,0,0,0,0,0,0,0,0,0,0,0,3,-14,2,-14,1,-13,1,-12,1,-11,0,-10,0,-9,0,-8,-1,-8,-1,-6,-1,-6,-2,-5,-2,-4,-2,-3,-2,-3,-2,-2,-2,-1,-2,-1,-2,0,-2,1,-2,1,-2,2,-2,2,-2,3,-2,3,-2,4,0,0,-2,5,-2,5,-2,6,-2,6,-3,6,-3,6,-3,6,-3,6,-4,6,-4,5,-5,5,-5,5,-5,4,-5,4,-5,3,-5,3,-5,3,-5,2,-5,2,-5,1,-5,1,-5,0,-5,0,-5,-1,-5,-2,-4,-2,0,0,0,0,0,0,0,0,0,0,0,0,0,0,-42,-25,-40,-25,-41,-21,-35,-20,-34,-16,-31,-17,-30,-15,-29,-13,-28,-13,-25,-8,-24,-6,-17,-4,-20,-3,-15,-3,-16,-4,-13,-1,-12,2,-11,2,-8,4,-6,3,-5,6,-1,6,-2,4,0,5,1,5,4,7,4,5,7,5,5,10,9,7,11,7,13,9,11,9,13,7,11,8,13,12,13,12,14,12,11,14,12,10,12,13,11,15,8,13,8,13,6,13,6,13,5,11,4,13,1,14,1,13,1,11,-2,13,-2,12,-4,10,-6,11,-6,8,-9,8,0,0,0,0,0,0,0,0,0,0,0,0,0,0,0,0,0,0,0,0,0,0,-23,29,-23,24,-23,21,-23,23,-24,19,-22,19,-20,16,-19,15,-18,15,-16,14,-15,15,-11,14,-13,12,-9,11,-6,8,-3,8,-1,7,2,9,5,7,9,7,11,5,14,6,17,4,18,5,21,2,22,0,23,4,25,2,26,0,27,1,29,-2,29,-4,35,-6,32,-10,34,-8,32,-9,32,-14,34,-16,34,-15,33,-20,32,-20,32,-24,35,-27,30,-28,30,-30,28,-37,29,-38,26,-38,25,-40,28,-43,28,-43,27,-43,28,-45,24,-46,28,-48,25,-49,24,-49,0,0]"
CSI_DATA,96,1a:00:00:00:00:00,-52,11,1,0,1,1,1,0,0,0,1,-96,0,11,2,1519642,0,44,0,384,0,"[0,0,0,0,0,0,0,0,0,0,0,0,-10,-11,-10,-10,-10,-8,-9,-8,-8,-7,-8,-7,-8,-5,-7,-5,-6,-4,-6,-3,-5,-3,-5,-2,-4,-2,-4,-1,-3,-1,-3,0,-2,0,-2,1,-1,1,-1,1,0,1,0,2,1,2,1,2,2,3,2,3,0,0,3,3,3,4,4,4,4,4,4,5,4,5,4,5,3,5,3,5,3,6,2,6,2,6,1,5,1,5,0,5,0,5,0,5,0,5,-1,5,-1,4,-2,4,-2,4,-3,4,-3,3,-4,3,-4,2,0,0,0,0,0,0,0,0,0,0,0,0,0,0,-45,11,-45,10,-41,13,-38,12,-37,14,-31,11,-31,12,-27,10,-25,9,-24,10,-20,12,-20,10,-18,11,-15,7,-12,9,-9,8,-7,10,-5,8,-4,5,-4,3,-1,6,1,5,3,4,3,2,6,2,5,0,8,0,9,-1,7,-3,10,-1,11,-3,13,-3,13,-1,16,-3,12,-5,14,-4,17,-2,14,-3,16,-2,16,-1,14,1,15,1,16,3,15,5,13,3,14,4,12,7,11,5,8,6,10,7,7,7,8,7,5,6,3,9,2,11,4,12,0,11,0,0,0,0,0,0,0,0,0,0,0,0,0,0,0,0,0,0,0,0,0,0,2,34,-2,31,-3,32,-3,30,-6,30,-8,27,-4,25,-3,22,-4,22,-3,20,-5,18,-3,17,-1,16,-3,11,2,8,2,9,5,5,5,2,11,2,10,-3,9,-3,12,-5,15,-8,17,-9,16,-11,17,-14,21,-13,20,-19,20,-17,19,-19,20,-23,22,-25,19,-24,18,-28,17,-30,16,-30,14,-32,14,-35,12,-34,10,-38,9,-39,6,-40,4,-43,3,-45,3,-44,-7,-43,-8,-44,-9,-47,-9,-49,-9,-51,-6,-54,-14,-50,-10,-51,-13,-52,-15,-55,-14,-53,-14,-53,0,0]"
CSI_DATA,97,1a:00:00:00:00:00,-52,11,1,0,1,1,1,0,0,0,1,-96,0,11,2,1539446,0,44,0,384,0,"[0,0,0,0,0,0,0,0,0,0,0,0,-9,-11,-8,-10,-8,-10,-8,-9,-7,-8,-7,-7,-7,-6,-6,-5,-6,-5,-5,-4,-5,-3,-5,-3,-4,-2,-4,-1,-3,-1,-3,0,-2,0,-2,0,-1,0,-1,1,0,1,0,1,1,1,1,2,1,2,2,2,0,0,3,3,3,3,3,3,4,3,3,4,3,4,3,4,3,4,3,5,3,5,2,5,2,5,1,5,1,5,0,5,0,5,0,5,0,4,-1,4,-1,4,-2,4,-2,4,-2,4,-3,3,-4,3,-4,2,0,0,0,0,0,0,0,0,0,0,0,0,0,0,-47,4,-49,5,-44,6,-39,7,-39,8,-32,6,-30,10,-30,10,-25,7,-24,5,-21,6,-19,6,-19,8,-13,7,-13,6,-10,7,-10,7,-6,6,-6,5,-5,3,-3,7,-2,4,1,2,2,3,2,1,4,2,6,1,8,-1,7,0,11,-3,12,-1,12,-1,13,-3,13,-4,14,-4,14,-4,17,-2,16,-2,16,0,17,-2,15,0,15,1,14,2,15,3,13,4,14,5,11,4,10,5,10,5,8,8,8,8,7,7,5,8,5,9,5,9,6,10,-1,10,0,0,0,0,0,0,0,0,0,0,0,0,0,0,0,0,0,0,0,0,0,0,-7,30,-11,31,-11,29,-12,27,-14,25,-13,23,-11,21,-8,19,-11,19,-12,15,-9,15,-9,13,-4,12,-2,12,-3,7,-1,5,3,3,2,3,6,0,8,0,9,-4,14,-4,12,-8,15,-9,19,-9,18,-12,21,-13,20,-15,18,-17,23,-20,20,-19,23,-22,23,-22,23,-23,23,-26,18,-28,18,-28,18,-32,17,-31,15,-38,16,-36,11,-40,10,-41,8,-43,7,-42,7,-45,3,-47,2,-45,0,-50,0,-50,-2,-50,-5,-53,-4,-55,-6,-50,-6,-56,-8,-56,-5,-54,0,0]"
CSI_DATA,98,1a:00:00:00:00:00,-52,11,1,0,1,1,1,0,0,0,1,-96,0,11,2,1549768,0,44,0,384,0,"[0,0,0,0,0,0,0,0,0,0,0,0,8,-13,7,-13,5,-12,5,-11,4,-10,4,-9,3,-9,2,-8,2,-8,1,-7,1,-6,0,-6,0,-5,-1,-4,-1,-3,-1,-3,-1,-2,-2,-2,-2,-1,-2,-1,-2,0,-2,1,-2,1,-2,2,-2,2,-2,3,0,0,-3,4,-3,4,-3,5,-3,5,-4,5,-4,5,-4,5,-4,5,-5,4,-5,4,-6,4,-5,3,-5,3,-6,3,-6,2,-6,2,-6,1,-6,1,-6,1,-5,0,-6,0,-5,-1,-6,-1,-5,-2,-5,-3,-5,-3,0,0,0,0,0,0,0,0,0,0,0,0,0,0,-30,-38,-29,-35,-32,-34,-29,-29,-27,-28,-22,-27,-24,-23,-24,-22,-20,-16,-22,-14,-18,-13,-17,-12,-16,-11,-15,-10,-14,-7,-15,-5,-9,-6,-10,-2,-6,-2,-5,0,-5,2,-4,2,-3,1,-1,2,-1,3,0,1,1,4,3,5,5,4,6,4,5,6,7,7,8,8,9,8,9,9,11,10,10,11,10,12,8,12,9,11,9,13,5,14,5,13,4,14,6,12,2,14,2,12,0,13,0,10,-1,10,-2,10,-4,10,-3,11,-5,9,-6,9,-8,8,-10,5,0,0,0,0,0,0,0,0,0,0,0,0,0,0,0,0,0,0,0,0,0,0,-31,6,-31,6,-31,5,-30,1,-27,3,-27,1,-24,0,-23,2,-22,3,-19,1,-18,0,-15,1,-14,1,-12,3,-9,0,-5,3,-4,1,0,5,2,5,6,5,7,4,13,6,13,8,16,9,17,9,19,8,22,11,24,9,25,10,27,7,25,8,32,9,31,7,31,4,34,3,35,1,33,-2,37,-3,38,-5,40,-9,41,-7,40,-14,42,-12,41,-19,39,-17,37,-20,39,-22,38,-27,38,-27,41,-29,41,-29,41,-31,40,-32,41,-31,41,-36,42,-39,39,-35,0,0]"
CSI_DATA,99,1a:00:00:00:00:00,-52,11,1,0,1,1,1,0,0,0,1,-96,0,11,2,1560416,0,44,0,384,0,"[0,0,0,0,0,0,0,0,0,0,0,0,14,-4,12,-4,11,-4,10,-4,10,-4,8,-4,8,-4,7,-4,6,-4,5,-3,4,-4,4,-3,3,-3,2,-3,1,-3,1,-3,0,-2,0,-2,-1,-2,-1,-1,-2,-1,-2,-1,-2,0,-3,0,-3,0,-4,1,0,0,-4,1,-5,1,-5,1,-6,2,-6,1,-6,1,-6,1,-6,1,-6,1,-7,0,-7,0,-6,-1,-6,-1,-6,-1,-6,-1,-6,-2,-6,-2,-5,-2,-5,-2,-5,-3,-4,-3,-4,-4,-4,-4,-3,-4,-3,-5,-2,-5,0,0,0,0,0,0,0,0,0,0,0,0,0,0,8,-46,7,-45,3,-46,7,-41,2,-40,4,-38,2,-33,0,-30,2,-28,1,-29,-3,-25,-3,-21,-3,-23,-2,-15,-6,-15,-7,-13,-5,-11,-5,-8,-3,-8,-6,-6,-6,-6,-5,-3,-3,-2,-3,0,-5,1,-2,2,-3,7,-2,5,-2,8,1,8,0,9,-2,11,1,10,0,12,1,12,0,13,1,13,-3,16,-5,13,-3,16,-5,14,-3,14,-8,13,-9,15,-9,11,-8,10,-7,11,-9,10,-10,9,-10,9,-9,5,-12,7,-11,7,-11,4,-11,4,-11,0,-13,-1,0,0,0,0,0,0,0,0,0,0,0,0,0,0,0,0,0,0,0,0,0,0,-24,-22,-22,-22,-21,-23,-20,-23,-19,-22,-16,-21,-15,-18,-13,-19,-12,-18,-12,-17,-12,-13,-10,-10,-9,-9,-7,-8,-5,-6,-8,-3,-5,0,-5,2,-2,7,0,9,-3,13,2,12,1,14,3,19,4,20,5,20,3,23,7,25,8,25,9,30,8,25,12,31,14,32,15,30,17,29,18,28,25,28,26,27,26,25,31,26,30,25,34,25,33,25,40,21,38,19,45,15,43,17,44,13,45,14,47,13,52,14,51,12,52,14,53,10,55,9,51,10,54,9,0,0]"
CSI_DATA,100,1a:00:00:00:00:00,-52,11,1,0,1,1,1,0,0,0,1,-96,0,11,2,1569467,0,44,0,384,0,"[0,0,0,0,0,0,0,0,0,0,0,0,-14,-5,-14,-4,-13,-3,-12,-4,-11,-3,-10,-2,-9,-1,-8,-1,-8,-1,-7,-1,-6,-1,-5,0,-5,0,-4,0,-3,0,-3,1,-2,1,-2,1,-1,1,-1,1,0,0,1,0,1,0,2,0,2,0,3,0,0,0,4,0,4,0,5,0,5,0,5,0,5,1,5,1,5,1,5,1,5,2,5,2,5,2,4,3,4,3,4,3,4,3,3,3,3,3,2,3,2,3,2,4,1,4,1,4,0,4,-1,5,-1,4,0,0,0,0,0,0,0,0,0,0,0,0,0,0,-37,31,-37,27,-33,30,-31,26,-27,27,-25,22,-24,21,-22,22,-19,19,-15,18,-14,16,-12,18,-11,18,-8,13,-4,12,-4,13,-3,12,-2,9,0,7,-1,7,1,6,0,4,1,4,3,0,1,0,4,-4,3,-2,5,-4,4,-5,4,-5,3,-6,5,-9,4,-8,7,-11,6,-12,9,-12,10,-12,9,-12,9,-12,10,-11,11,-9,11,-9,13,-8,12,-9,12,-7,12,-6,12,-5,12,-6,13,-3,11,-3,9,-3,12,-1,12,-1,11,1,13,3,10,6,9,4,0,0,0,0,0,0,0,0,0,0,0,0,0,0,0,0,0,0,0,0,0,0,-1,31,-3,31,-4,28,-6,30,-5,26,-7,24,-5,20,-3,23,-4,20,-2,17,-4,13,-4,14,-1,13,-3,9,-1,5,1,4,4,1,4,-3,4,-2,5,-7,7,-7,7,-12,12,-13,9,-17,11,-17,11,-20,12,-20,13,-24,13,-24,12,-28,12,-26,11,-31,12,-30,6,-34,5,-35,3,-36,2,-33,3,-35,0,-39,-5,-39,-5,-42,-8,-41,-11,-42,-15,-44,-15,-42,-16,-43,-20,-42,-22,-41,-25,-44,-27,-44,-27,-44,-33,-43,-31,-48,-29,-41,-35,-45,-35,-42,-34,-41,0,0]"
CSI_DATA,101,1a:00:00:00:00:00,-52,11,1,0,1,1,1,0,0,0,1,-96,0,11,2,1579844,0,44,0,384,0,"[0,0,0,0,0,0,0,0,0,0,0,0,12,-7,11,-7,10,-7,10,-7,8,-6,8,-6,7,-6,6,-5,5,-5,4,-5,4,-5,3,-4,2,-4,1,-3,1,-3,0,-3,0,-3,0,-2,-1,-2,-1,-1,-1,-1,-2,0,-2,0,-2,1,-3,1,-3,1,0,0,-3,2,-4,2,-4,3,-4,3,-5,3,-5,3,-5,3,-5,2,-6,2,-6,2,-6,2,-6,1,-6,1,-6,0,-6,0,-6,0,-6,-1,-6,-1,-5,-1,-5,-1,-5,-2,-5,-2,-5,-3,-5,-3,-4,-4,-4,-4,0,0,0,0,0,0,0,0,0,0,0,0,0,0,-5,-49,-2,-44,-10,-45,-8,-39,-6,-37,-4,-35,-6,-31,-7,-33,-7,-26,-7,-26,-7,-22,-6,-20,-8,-20,-9,-16,-7,-14,-6,-12,-7,-9,-7,-8,-6,-6,-6,-5,-6,-4,-5,-4,-5,0,-4,2,-3,2,-1,1,-1,3,0,2,0,6,2,7,2,7,1,9,2,8,0,12,3,11,2,12,2,13,1,13,0,16,1,14,-1,14,-1,13,-4,15,-2,14,-3,13,-6,13,-7,12,-6,10,-7,12,-8,11,-8,9,-10,6,-9,8,-10,8,-11,5,-13,3,-13,2,0,0,0,0,0,0,0,0,0,0,0,0,0,0,0,0,0,0,0,0,0,0,-30,-11,-28,-14,-24,-15,-26,-15,-21,-15,-21,-15,-21,-13,-18,-12,-18,-12,-16,-8,-14,-8,-13,-8,-10,-6,-9,-3,-7,-2,-5,-2,-2,2,-1,5,1,5,4,8,6,10,5,14,7,14,9,15,11,20,14,19,13,21,15,23,15,21,19,24,18,22,23,25,24,23,25,20,26,21,29,20,30,17,30,16,32,16,38,16,39,16,36,10,40,11,43,7,42,6,40,5,46,3,47,0,49,0,49,-4,50,-2,52,-6,57,-6,50,-5,54,-7,57,-6,51,-5,0,0]"
CSI_DATA,102,1a:00:00:00:00:00,-52,11,1,0,1,1,1,0,0,0,1,-96,0,11,2,1589450,0,44,0,384,0,"[0,0,0,0,0,0,0,0,0,0,0,0,11,8,10,8,10,6,9,6,8,5,8,5,7,3,7,3,6,3,5,2,5,2,4,1,4,1,3,0,3,0,2,-1,2,-1,1,-1,1,-1,0,-1,0,-1,-1,-1,-2,-1,-2,-1,-2,-2,-3,-2,0,0,-4,-2,-4,-2,-5,-2,-5,-3,-5,-3,-5,-3,-5,-3,-5,-4,-5,-4,-5,-4,-5,-5,-4,-5,-4,-5,-4,-5,-3,-5,-3,-5,-3,-5,-2,-5,-2,-5,-2,-5,-1,-5,-1,-5,0,-5,0,-5,1,-5,2,-5,0,0,0,0,0,0,0,0,0,0,0,0,0,0,89,-39,81,-38,82,-43,70,-40,70,-35,67,-35,54,-34,56,-33,45,-33,45,-31,36,-31,31,-25,28,-28,21,-21,25,-23,20,-21,16,-20,11,-15,6,-15,6,-12,5,-14,2,-10,0,-8,-2,-7,-1,-6,-7,2,-10,1,-10,4,-7,8,-15,4,-14,7,-19,12,-18,11,-17,11,-17,17,-25,10,-26,11,-22,12,-31,13,-27,6,-26,11,-26,7,-29,4,-32,1,-32,-3,-27,1,-27,-5,-27,-1,-22,-5,-22,-5,-21,-14,-25,-9,-21,-13,-17,-16,-18,-18,-16,-23,-12,-22,0,0,0,0,0,0,0,0,0,0,0,0,0,0,0,0,0,0,0,0,0,0,0,-62,6,-61,4,-58,7,-59,9,-49,9,-53,10,-48,10,-41,9,-41,6,-32,9,-29,2,-27,4,-20,0,-19,-2,-14,-2,-8,-8,-2,-10,0,-8,5,-13,14,-15,17,-21,22,-18,22,-26,30,-27,30,-26,40,-33,39,-37,50,-28,47,-28,52,-28,54,-33,57,-31,62,-22,68,-24,65,-14,65,-14,66,-11,80,-10,79,-5,81,-3,86,5,83,6,88,13,88,19,90,15,93,22,89,32,85,36,91,37,93,34,94,43,95,47,100,40,94,49,97,54,102,49,96,0,0]"
CSI_DATA,103,1a:00:00:00:00:00,-52,11,1,0,1,1,1,0,0,0,1,-96,0,11,2,1599446,0,44,0,384,0,"[0,0,0,0,0,0,0,0,0,0,0,0,-9,12,-8,12,-6,11,-6,10,-5,9,-5,8,-4,8,-3,7,-3,7,-2,6,-2,6,-1,5,-1,4,-1,3,-1,3,0,2,0,2,0,1,0,0,0,0,0,-1,0,-1,0,-2,0,-2,0,-3,0,-3,0,0,0,-4,1,-5,1,-5,1,-5,1,-5,1,-6,1,-6,2,-6,2,-6,2,-5,3,-5,3,-5,3,-5,4,-4,3,-4,4,-4,4,-4,4,-3,4,-3,4,-3,4,-2,5,-2,5,-1,5,-1,5,0,5,1,0,0,0,0,0,0,0,0,0,0,0,0,0,0,50,81,44,79,48,74,42,64,42,65,43,57,37,57,41,51,36,39,32,37,30,29,30,30,27,27,24,22,19,23,25,16,20,15,13,8,13,7,14,4,13,3,4,-4,8,-2,6,1,0,-3,4,-4,0,-6,1,-10,-5,-8,-10,-11,-9,-11,-12,-12,-12,-14,-19,-16,-18,-16,-16,-20,-16,-21,-17,-22,-14,-27,-14,-24,-13,-27,-14,-26,-6,-27,-12,-29,-5,-27,-6,-28,-3,-28,-2,-26,-1,-23,3,-26,0,-27,7,-23,9,-21,13,-19,13,-20,20,-17,19,-16,0,0,0,0,0,0,0,0,0,0,0,0,0,0,0,0,0,0,0,0,0,0,62,-4,58,4,53,4,56,4,51,8,45,8,47,8,38,10,34,7,33,5,32,9,25,4,23,1,16,6,14,0,7,-6,-1,-5,-2,-6,-9,-14,-14,-13,-15,-20,-25,-19,-29,-23,-33,-21,-34,-24,-45,-27,-44,-30,-52,-32,-46,-29,-53,-30,-56,-25,-57,-27,-59,-18,-65,-18,-71,-22,-72,-17,-69,-13,-76,-11,-77,-7,-84,-2,-82,3,-81,10,-86,12,-90,18,-84,21,-79,34,-83,32,-87,37,-90,44,-93,43,-92,45,-90,55,-96,51,-87,50,-96,57,-92,59,-92,57,0,0]"
CSI_DATA,104,1a:00:00:00:00:00,-53,11,1,0,1,1,1,0,0,0,1,-96,0,11,2,1619793,0,44,0,384,0,"[0,0,0,0,0,0,0,0,0,0,0,0,11,-10,10,-10,8,-9,8,-9,7,-8,6,-8,5,-8,5,-7,4,-7,3,-6,3,-6,2,-5,2,-4,1,-4,1,-3,0,-3,0,-3,0,-2,-1,-2,-1,-1,-1,-1,-1,0,-1,0,-1,1,-2,1,-2,2,0,0,-2,3,-2,3,-3,3,-3,3,-3,3,-4,4,-4,4,-4,4,-4,4,-5,3,-5,3,-5,2,-5,2,-5,2,-5,1,-6,1,-6,1,-6,1,-6,0,-5,0,-6,-1,-6,-1,-5,-2,-6,-2,-5,-3,-5,-3,0,0,0,0,0,0,0,0,0,0,0,0,0,0,-9,-51,-7,-45,-12,-43,-9,-40,-10,-39,-8,-34,-10,-33,-10,-31,-9,-28,-9,-25,-11,-21,-8,-20,-10,-20,-9,-15,-7,-14,-10,-13,-8,-11,-7,-9,-7,-8,-4,-4,-6,-5,-3,-3,-5,-1,-3,-2,-3,2,-1,3,1,3,4,2,1,3,2,5,4,5,4,6,3,8,5,10,7,9,5,13,6,13,5,11,4,12,6,12,4,13,0,13,-2,13,1,13,-1,14,-2,13,-1,12,-3,13,-5,12,-5,11,-3,10,-5,13,-4,12,-7,9,-10,9,-11,8,-12,7,0,0,0,0,0,0,0,0,0,0,0,0,0,0,0,0,0,0,0,0,0,0,-25,-18,-23,-21,-20,-20,-22,-21,-19,-20,-18,-19,-16,-17,-16,-16,-16,-16,-13,-13,-11,-12,-10,-10,-9,-9,-7,-3,-5,-4,-4,-1,-2,2,-1,1,0,8,3,7,2,13,6,15,5,16,7,16,9,19,9,20,7,23,15,26,13,24,17,27,15,23,20,29,20,24,21,23,25,24,28,22,28,22,30,22,32,18,37,18,39,16,38,13,42,13,43,8,44,6,42,6,46,5,48,-1,49,-2,50,-4,51,-4,52,-6,57,-6,52,-8,55,-8,53,-12,52,-8,0,0]"
CSI_DATA,105,1a:00:00:00:00:00,-53,11,1,0,1,1,1,0,0,0,1,-96,0,11,2,1629483,0,44,0,384,0,"[0,0,0,0,0,0,0,0,0,0,0,0,-6,13,-5,13,-4,11,-4,11,-3,10,-3,9,-2,9,-2,8,-2,7,-1,6,-1,6,0,5,0,4,0,3,0,3,0,2,0,2,0,1,0,0,0,0,0,-1,0,-1,0,-2,0,-2,-1,-3,-1,-3,0,0,-1,-4,-1,-4,-1,-5,-1,-5,0,-6,0,-6,0,-6,0,-6,1,-6,1,-6,1,-6,2,-6,2,-5,2,-5,3,-5,3,-5,3,-4,3,-4,4,-4,4,-4,4,-3,4,-3,4,-3,5,-2,5,-1,5,-1,0,0,0,0,0,0,0,0,0,0,0,0,0,0,19,44,22,43,22,34,19,37,21,33,15,28,20,26,17,26,18,21,15,18,16,16,16,15,14,14,14,11,9,11,10,9,10,7,10,6,7,4,7,3,6,3,3,1,3,0,1,-1,-1,0,-2,-3,-2,-5,-4,-4,-5,-4,-6,-5,-7,-4,-7,-6,-10,-5,-9,-6,-9,-9,-7,-9,-7,-10,-11,-11,-11,-11,-9,-8,-9,-12,-8,-12,-6,-14,-5,-15,-5,-12,-4,-14,-4,-13,-2,-13,-1,-12,-1,-13,0,-11,2,-14,4,-15,1,-11,4,-12,7,-11,8,-10,0,0,0,0,0,0,0,0,0,0,0,0,0,0,0,0,0,0,0,0,0,0,29,12,26,13,25,15,25,13,23,16,19,14,20,13,18,12,16,12,13,9,14,8,11,6,12,5,9,1,3,0,5,1,1,-1,-3,-4,-2,-6,-4,-6,-4,-9,-8,-12,-12,-16,-13,-16,-16,-18,-17,-19,-16,-19,-18,-18,-21,-22,-22,-20,-25,-18,-26,-21,-27,-19,-30,-18,-32,-17,-32,-14,-32,-14,-37,-13,-38,-11,-42,-7,-40,-6,-44,-4,-40,-2,-46,1,-42,3,-42,10,-45,10,-48,14,-47,14,-51,16,-46,16,-49,22,-50,18,-49,20,-52,25,-49,25,-48,23,0,0]"
CSI_DATA,106,1a:00:00:00:00:00,-53,11,1,0,1,1,1,0,0,0,1,-96,0,11,2,1639523,0,44,0,384,0,"[0,0,0,0,0,0,0,0,0,0,0,0,-6,-15,-6,-13,-7,-12,-6,-12,-6,-10,-5,-9,-6,-8,-5,-7,-5,-7,-5,-6,-4,-5,-4,-4,-4,-4,-4,-3,-3,-2,-3,-2,-2,-1,-2,-1,-2,-1,-1,0,-1,0,0,0,0,0,1,1,1,1,2,1,0,0,2,2,3,2,3,2,3,3,3,3,3,3,3,3,3,4,3,4,3,4,2,5,2,5,2,5,1,5,1,5,1,5,0,5,0,5,-1,5,-1,5,-1,5,-2,5,-2,5,-3,4,-4,4,-4,4,0,0,0,0,0,0,0,0,0,0,0,0,0,0,-48,3,-44,6,-45,10,-42,6,-39,8,-37,10,-32,8,-31,8,-28,9,-25,8,-20,10,-20,8,-18,8,-18,6,-17,8,-13,9,-11,8,-10,5,-5,4,-4,4,-3,5,-2,3,-3,3,-3,4,0,0,1,-2,1,-2,4,-3,5,-4,4,-3,6,-6,6,-5,6,-6,8,-7,6,-7,10,-5,9,-10,13,-7,12,-8,13,-5,14,-5,14,-2,13,-2,14,-5,13,0,16,0,14,0,13,1,12,3,11,2,12,3,14,4,10,5,10,5,8,7,9,10,8,11,0,0,0,0,0,0,0,0,0,0,0,0,0,0,0,0,0,0,0,0,0,0,-24,21,-27,19,-24,16,-25,16,-27,15,-22,12,-20,11,-20,12,-18,10,-18,11,-15,10,-13,7,-10,9,-9,6,-6,5,0,4,2,3,2,1,6,-1,9,-2,11,-1,12,-3,15,-5,17,-4,20,-7,21,-6,24,-9,25,-9,27,-11,25,-16,26,-13,30,-16,29,-17,26,-21,27,-22,26,-25,24,-28,22,-26,21,-30,21,-35,20,-34,16,-42,16,-41,14,-44,10,-44,9,-48,6,-47,4,-47,2,-51,1,-52,1,-49,-2,-53,-2,-55,-4,-52,-7,-61,-8,-55,-4,-54,0,0]"
CSI_DATA,107,1a:00:00:00:00:00,-53,11,1,0,1,1,1,0,0,0,1,-96,0,11,2,1649464,0,44,0,384,0,"[0,0,0,0,0,0,0,0,0,0,0,0,4,-15,4,-14,2,-13,3,-13,2,-11,2,-10,1,-10,0,-9,0,-8,0,-7,0,-7,-1,-6,-1,-5,-1,-4,-1,-4,-1,-3,-1,-2,-1,-2,-1,-1,-1,-1,-1,0,0,0,0,1,0,1,0,2,0,2,0,0,1,3,0,4,1,4,1,4,1,4,0,5,0,5,0,5,0,5,-1,5,-1,6,-2,5,-2,5,-2,5,-3,5,-3,5,-3,4,-3,4,-4,4,-4,4,-4,3,-5,3,-5,3,-5,2,-6,2,-6,1,0,0,0,0,0,0,0,0,0,0,0,0,0,0,-28,-41,-29,-37,-29,-33,-25,-32,-26,-30,-24,-25,-25,-25,-24,-20,-23,-20,-17,-16,-19,-16,-17,-13,-15,-11,-15,-10,-14,-8,-13,-7,-11,-6,-10,-4,-9,-2,-8,-1,-7,-1,-4,-2,-1,4,-2,0,-2,0,0,3,0,3,3,2,2,1,5,2,6,1,7,2,10,3,8,0,10,3,9,7,10,6,11,6,10,9,10,8,9,10,9,7,10,10,9,9,9,10,6,11,7,11,4,12,2,11,3,10,1,10,0,11,2,13,1,14,-1,11,-3,14,-5,11,0,0,0,0,0,0,0,0,0,0,0,0,0,0,0,0,0,0,0,0,0,0,-32,-12,-28,-15,-28,-16,-27,-14,-25,-16,-23,-13,-22,-14,-19,-11,-18,-10,-17,-9,-14,-7,-16,-6,-13,-4,-10,-4,-6,-1,-5,2,-2,2,-2,2,1,6,2,5,4,9,8,13,10,14,13,14,15,15,18,17,18,15,17,18,21,18,23,17,25,17,27,17,27,14,28,11,30,13,34,10,33,8,36,6,36,6,38,1,40,2,40,-3,38,-6,42,-11,41,-12,39,-13,42,-15,41,-20,45,-20,46,-28,45,-24,44,-29,45,-30,44,-28,48,-33,43,-32,42,-33,0,0]"
CSI_DATA,108,1a:00:00:00:00:00,-53,11,1,0,1,1,1,0,0,0,1,-96,0,11,2,1660028,0,44,0,384,0,"[0,0,0,0,0,0,0,0,0,0,0,0,-4,-14,-4,-13,-5,-12,-4,-12,-4,-10,-4,-9,-4,-8,-4,-7,-4,-7,-4,-6,-3,-5,-3,-4,-3,-4,-3,-3,-3,-2,-2,-2,-2,-2,-1,-1,-1,-1,-1,-1,0,0,0,0,0,0,1,1,1,1,2,1,0,0,3,2,3,2,3,2,3,3,3,3,3,3,3,4,3,4,3,4,3,4,2,5,2,5,1,5,1,5,1,5,0,5,0,5,0,5,-1,5,-1,5,-2,5,-2,5,-2,5,-3,4,-4,4,-4,4,0,0,0,0,0,0,0,0,0,0,0,0,0,0,-45,-10,-42,-11,-43,-5,-38,-6,-38,-7,-35,-5,-33,-2,-30,-2,-28,-4,-28,-1,-21,0,-19,1,-20,2,-16,1,-11,0,-13,4,-11,4,-8,2,-8,3,-6,3,-5,2,-2,1,-4,2,0,2,1,1,0,-2,4,0,1,-1,5,-3,6,-4,6,-4,9,-6,8,-4,10,-6,8,-4,12,-5,10,-5,12,-4,15,-4,13,-5,14,-2,12,-2,13,1,15,0,11,1,14,3,12,4,12,5,13,3,10,7,9,5,10,6,10,7,11,9,7,11,7,11,6,12,0,0,0,0,0,0,0,0,0,0,0,0,0,0,0,0,0,0,0,0,0,0,-32,7,-32,5,-31,4,-30,0,-29,1,-30,0,-24,2,-23,1,-24,1,-20,3,-19,0,-16,2,-15,4,-11,1,-7,1,-3,3,-3,5,-1,5,3,2,8,4,9,5,14,3,15,5,18,3,19,6,23,5,24,8,24,5,25,5,29,1,28,-1,31,-1,31,-5,31,-7,33,-9,32,-9,31,-12,31,-14,33,-18,32,-21,30,-24,30,-28,29,-27,28,-34,26,-33,27,-37,25,-38,20,-40,21,-43,20,-46,19,-48,16,-48,15,-52,16,-47,14,-53,13,-52,11,-52,0,0]"
CSI_DATA,109,1a:00:00:00:00:00,-53,11,1,0,1,1,1,0,0,0,1,-96,0,11,2,1669466,0,44,0,384,0,"[0,0,0,0,0,0,0,0,0,0,0,0,-10,9,-9,9,-7,9,-7,8,-6,8,-5,7,-4,7,-4,6,-3,6,-3,5,-2,4,-2,4,-2,3,-1,3,-1,2,-1,2,0,1,0,1,0,0,0,-1,-1,-1,0,-2,-1,-2,-1,-2,-1,-3,-1,-3,0,0,-1,-4,-1,-5,-1,-5,-1,-5,-1,-5,-1,-6,0,-6,0,-6,0,-6,0,-6,1,-6,1,-6,1,-5,2,-5,2,-5,2,-5,2,-5,2,-5,3,-4,3,-4,3,-4,4,-4,4,-3,4,-3,5,-2,5,-2,0,0,0,0,0,0,0,0,0,0,0,0,0,0,19,42,15,43,19,37,19,34,18,32,15,27,18,25,16,24,17,22,15,20,14,20,12,12,12,13,11,14,9,7,9,6,8,7,10,3,5,3,4,1,2,0,2,0,0,1,1,1,-4,-2,-3,-4,-5,-3,-7,-3,-6,-3,-9,-4,-8,-3,-8,-5,-11,-5,-12,-6,-13,-2,-10,-8,-14,-6,-12,-6,-11,-8,-13,-10,-12,-11,-11,-8,-12,-9,-9,-12,-7,-10,-10,-12,-6,-12,-8,-12,-5,-10,-5,-11,-4,-11,-3,-14,-2,-14,1,-14,0,-14,1,-13,2,-12,0,0,0,0,0,0,0,0,0,0,0,0,0,0,0,0,0,0,0,0,0,0,21,26,18,27,18,27,17,26,14,26,15,24,15,22,11,18,11,19,12,16,11,13,11,11,9,9,7,6,6,6,3,3,4,-2,2,-3,0,-8,0,-9,0,-12,-2,-14,-6,-17,-5,-18,-9,-20,-7,-22,-7,-25,-10,-29,-10,-26,-16,-28,-16,-26,-19,-28,-21,-27,-21,-25,-25,-25,-28,-24,-28,-22,-33,-19,-32,-17,-36,-16,-40,-14,-40,-12,-40,-11,-41,-8,-43,-3,-44,-7,-45,3,-46,6,-45,6,-50,7,-52,10,-51,15,-50,13,-53,18,-53,19,-50,19,-49,20,0,0]"
CSI_DATA,110,1a:00:00:00:00:00,-54,11,1,0,1,1,1,0,0,0,1,-96,0,11,2,1679491,0,44,0,384,0,"[0,0,0,0,0,0,0,0,0,0,0,0,-3,-15,-4,-13,-5,-12,-4,-11,-4,-10,-4,-9,-4,-8,-4,-7,-4,-7,-4,-6,-3,-5,-3,-4,-3,-3,-3,-3,-2,-2,-2,-2,-1,-1,-1,-1,-1,-1,0,0,0,0,1,0,1,0,2,1,2,1,3,1,0,0,4,1,4,2,4,2,5,2,4,2,4,3,5,3,4,3,5,3,4,3,4,4,4,4,3,4,3,4,3,4,2,4,2,4,2,4,1,5,1,4,0,5,0,5,0,5,-1,5,-2,5,-2,5,0,0,0,0,0,0,0,0,0,0,0,0,0,0,-45,-11,-42,-12,-44,-7,-40,-6,-36,-3,-34,-4,-32,-3,-29,1,-27,2,-25,0,-20,4,-19,1,-19,2,-15,4,-12,3,-12,5,-8,4,-7,3,-7,5,-5,4,-2,0,-2,0,0,-1,1,-1,5,-2,3,-3,2,-1,4,-3,5,-6,3,-5,4,-8,5,-9,9,-6,8,-8,10,-10,10,-10,13,-10,13,-9,13,-8,13,-7,12,-7,14,-8,14,-6,12,-6,11,-6,14,-2,14,-3,12,-2,12,-2,12,0,10,0,11,1,12,3,13,3,13,5,10,6,11,7,0,0,0,0,0,0,0,0,0,0,0,0,0,0,0,0,0,0,0,0,0,0,-34,-11,-34,-12,-30,-10,-30,-13,-30,-11,-28,-10,-25,-9,-23,-11,-24,-8,-20,-6,-19,-3,-16,-5,-16,0,-12,-2,-10,-1,-8,0,-5,2,1,5,2,7,4,7,6,10,12,10,10,10,13,14,18,13,19,10,20,12,22,13,24,12,30,9,29,9,31,7,32,5,31,3,38,1,34,-3,33,-4,35,-9,35,-11,38,-17,36,-17,34,-22,36,-26,30,-28,32,-28,27,-36,27,-36,26,-39,24,-38,26,-42,24,-45,18,-48,20,-49,19,-46,16,-52,15,-52,13,-52,0,0]"
CSI_DATA,111,1a:00:00:00:00:00,-54,11,1,0,1,1,1,0,0,0,1,-96,0,11,2,1699529,0,44,0,384,0,"[0,0,0,0,0,0,0,0,0,0,0,0,-11,9,-9,8,-8,8,-8,8,-7,7,-6,6,-5,6,-4,6,-3,5,-3,4,-2,4,-2,3,-1,2,-1,2,-1,1,-1,1,-1,0,0,-1,-1,-1,-1,-2,-1,-2,-1,-3,-1,-3,-2,-4,-2,-4,-2,-4,0,0,-2,-5,-2,-6,-3,-6,-3,-6,-2,-6,-2,-7,-2,-7,-2,-7,-2,-7,-2,-7,-1,-7,-1,-7,0,-6,0,-6,0,-6,0,-6,1,-6,1,-5,1,-5,1,-5,2,-5,2,-5,3,-5,3,-4,4,-4,4,-3,0,0,0,0,0,0,0,0,0,0,0,0,0,0,11,45,7,41,13,38,9,33,8,34,10,31,9,27,11,26,9,21,11,21,12,17,9,14,10,14,8,6,7,10,7,7,7,5,4,2,4,-1,1,2,0,0,-2,-2,-2,-3,-2,-1,-5,-4,-7,-2,-5,-2,-11,0,-10,-3,-10,-3,-11,-2,-13,-4,-12,-7,-16,-6,-13,-2,-14,-7,-15,-8,-14,-8,-13,-11,-15,-8,-13,-8,-14,-10,-11,-12,-10,-11,-11,-10,-11,-11,-8,-11,-5,-13,-7,-10,-5,-11,-8,-14,-6,-13,-2,-13,-3,-14,0,-13,-1,-13,3,-13,0,0,0,0,0,0,0,0,0,0,0,0,0,0,0,0,0,0,0,0,0,0,3,38,0,37,0,35,1,34,1,34,0,30,1,26,1,29,3,25,2,22,2,21,3,17,2,15,3,11,3,9,5,4,6,-1,9,0,6,-4,6,-8,7,-10,8,-14,5,-16,5,-19,7,-21,3,-23,6,-25,1,-30,2,-29,-3,-32,-2,-29,-3,-36,-7,-33,-9,-31,-13,-35,-14,-34,-16,-34,-21,-33,-22,-31,-26,-28,-29,-30,-32,-25,-36,-23,-38,-19,-42,-18,-39,-18,-40,-13,-44,-7,-46,-9,-51,-7,-48,-7,-51,0,-53,0,-48,1,-53,5,-53,7,-51,8,0,0]"
CSI_DATA,112,1a:00:00:00:00:00,-54,11,1,0,1,1,1,0,0,0,1,-96,0,11,2,1721591,0,44,0,384,0,"[0,0,0,0,0,0,0,0,0,0,0,0,2,-12,1,-11,0,-10,0,-10,0,-9,0,-8,-1,-7,-1,-6,-1,-5,-1,-4,-1,-4,-1,-3,-1,-2,-1,-2,-1,-1,0,-1,0,0,0,0,1,0,1,1,2,1,2,1,3,1,3,1,4,1,4,1,0,0,5,2,5,2,6,2,6,2,6,2,6,2,6,2,6,2,6,2,5,3,5,3,5,3,4,3,4,3,3,3,3,3,3,3,3,3,2,4,2,4,2,4,1,4,1,4,0,4,0,5,-1,4,0,0,0,0,0,0,0,0,0,0,0,0,0,0,-56,-69,-51,-54,-63,-56,-56,-46,-50,-39,-47,-40,-45,-28,-46,-31,-36,-23,-33,-18,-32,-15,-27,-7,-26,-4,-17,-6,-14,-8,-13,-2,-10,-5,-10,-4,-3,4,4,0,-1,-4,5,-6,5,-4,6,-3,10,-7,23,-16,15,-8,16,-13,14,-23,16,-21,18,-25,21,-24,19,-19,22,-29,22,-28,24,-30,24,-26,28,-26,23,-24,25,-29,22,-17,20,-23,27,-24,29,-21,23,-17,26,-19,28,-9,24,-14,25,-9,22,-12,25,-9,26,-5,27,-5,23,0,27,-1,25,10,26,13,0,0,0,0,0,0,0,0,0,0,0,0,0,0,0,0,0,0,0,0,0,0,34,-74,43,-69,38,-59,38,-71,35,-61,35,-62,21,-55,21,-54,16,-57,18,-47,13,-45,7,-39,4,-39,1,-31,-3,-22,-6,-16,-10,-11,-16,-8,-16,1,-19,5,-18,8,-23,22,-18,25,-23,29,-18,40,-17,43,-12,44,-12,57,-13,52,-10,62,1,61,7,69,12,64,18,68,25,61,30,60,36,54,36,62,50,53,58,56,70,50,65,35,69,37,78,29,82,21,80,1,83,4,86,-2,83,-12,89,-9,96,-19,93,-31,100,-38,85,-35,89,-47,87,-51,81,-57,0,0]"
CSI_DATA,113,1a:00:00:00:00:00,-54,11,1,0,1,1,1,0,0,0,1,-96,0,11,2,1729459,0,44,0,384,0,"[0,0,0,0,0,0,0,0,0,0,0,0,11,3,11,2,10,1,9,1,8,0,7,0,6,-1,5,-1,4,-1,3,-1,3,-1,2,-1,1,-1,1,-1,0,0,0,0,-1,0,-1,1,-1,1,-2,2,-2,2,-2,3,-2,3,-2,4,-2,5,-2,5,0,0,-2,6,-2,6,-2,7,-2,7,-2,7,-2,7,-2,7,-2,7,-2,7,-2,6,-3,6,-3,6,-3,5,-3,5,-3,4,-3,4,-3,4,-3,4,-4,3,-4,3,-4,3,-5,2,-5,2,-5,2,-5,1,-5,1,0,0,0,0,0,0,0,0,0,0,0,0,0,0,69,-53,65,-55,53,-47,46,-48,46,-46,39,-46,34,-44,34,-41,21,-36,16,-34,10,-29,12,-28,9,-28,10,-17,8,-18,3,-14,2,-11,-4,-10,-3,-7,1,2,2,6,-2,6,3,5,4,8,18,14,12,14,13,11,11,11,18,19,20,23,14,28,24,24,16,22,19,29,27,23,24,24,24,25,29,28,19,28,18,29,21,26,17,28,15,27,18,28,9,26,16,26,11,26,10,24,7,24,11,27,0,22,3,26,3,25,-2,22,-11,21,-6,28,-13,25,0,0,0,0,0,0,0,0,0,0,0,0,0,0,0,0,0,0,0,0,0,0,75,29,71,31,69,29,70,31,65,32,58,25,59,23,53,18,54,19,49,12,42,14,41,3,39,3,32,-1,27,-8,15,-7,7,-13,4,-15,-3,-11,-8,-14,-19,-17,-23,-20,-30,-18,-32,-15,-43,-16,-47,-13,-47,-17,-55,-16,-58,-10,-60,-5,-61,2,-65,7,-67,9,-64,16,-70,15,-67,26,-65,35,-56,45,-57,43,-55,61,-49,62,-38,68,-33,69,-32,80,-26,78,-10,86,-8,86,-3,83,-1,83,12,87,21,86,28,89,32,96,36,87,44,89,45,87,50,81,0,0]"
CSI_DATA,114,1a:00:00:00:00:00,-54,11,1,0,1,1,1,0,0,0,1,-96,0,11,2,1739479,0,44,0,384,0,"[0,0,0,0,0,0,0,0,0,0,0,0,-10,7,-8,7,-7,6,-7,6,-6,5,-5,5,-4,5,-3,4,-3,3,-2,3,-2,2,-2,2,-2,1,-1,0,-1,0,-1,-1,-1,-1,-2,-2,-2,-2,-3,-3,-3,-3,-3,-3,-3,-3,-4,-4,-5,-4,-5,-4,0,0,-6,-4,-6,-4,-7,-4,-7,-4,-7,-4,-7,-5,-7,-4,-6,-5,-6,-5,-6,-5,-6,-5,-5,-5,-5,-5,-5,-5,-4,-5,-4,-5,-4,-5,-3,-4,-3,-5,-3,-4,-2,-5,-2,-5,-2,-5,-1,-5,0,-6,0,-5,0,0,0,0,0,0,0,0,0,0,0,0,0,0,-1,45,6,39,5,34,5,33,8,32,8,27,10,25,9,23,9,18,10,18,9,15,7,13,9,9,4,9,5,7,2,5,1,4,0,2,1,1,-3,0,-2,1,-4,1,-6,-1,-8,3,-9,0,-10,1,-12,1,-13,4,-14,4,-12,8,-14,3,-16,6,-15,6,-15,4,-18,9,-20,7,-17,6,-18,4,-18,5,-17,5,-17,2,-19,2,-17,3,-15,3,-15,2,-18,2,-15,2,-14,0,-14,0,-14,-1,-12,-3,-10,-5,-11,-4,-13,-7,-12,-5,-12,-8,-9,-10,0,0,0,0,0,0,0,0,0,0,0,0,0,0,0,0,0,0,0,0,0,0,-43,9,-39,8,-41,9,-36,8,-35,10,-34,7,-33,8,-29,10,-28,10,-22,9,-23,9,-17,8,-14,10,-11,10,-9,7,-7,8,-2,6,0,4,3,3,7,-1,14,2,13,-1,14,-3,18,-8,21,-10,20,-13,22,-13,20,-17,20,-16,21,-22,19,-22,20,-27,16,-29,13,-31,13,-29,8,-33,4,-37,3,-35,-3,-35,-7,-39,-9,-36,-13,-37,-18,-40,-26,-37,-24,-30,-29,-36,-30,-31,-34,-27,-39,-25,-38,-23,-42,-19,-44,-16,-46,-16,-46,-11,-53,-6,-50,-6,-51,-4,0,0]"
CSI_DATA,115,1a:00:00:00:00:00,-55,11,1,0,1,1,1,0,0,0,1,-96,0,11,2,1749473,0,44,0,384,0,"[0,0,0,0,0,0,0,0,0,0,0,0,-8,-9,-8,-8,-8,-6,-8,-6,-7,-5,-6,-4,-6,-3,-5,-3,-5,-3,-4,-2,-3,-2,-3,-2,-2,-2,-1,-2,-1,-2,0,-2,0,-2,0,-2,0,-3,1,-3,1,-4,1,-4,1,-5,1,-5,1,-6,1,-6,0,0,1,-7,1,-7,1,-8,0,-8,1,-8,1,-8,0,-8,0,-8,1,-8,1,-7,1,-7,1,-7,2,-6,1,-6,2,-5,2,-5,2,-5,2,-5,2,-4,2,-4,3,-4,3,-4,3,-4,4,-3,4,-3,4,-2,0,0,0,0,0,0,0,0,0,0,0,0,0,0,-41,4,-39,5,-35,11,-32,11,-31,11,-25,9,-24,12,-22,12,-19,11,-16,10,-11,10,-11,10,-8,10,-7,6,-7,7,-5,5,-4,2,-4,-1,-4,-3,-2,-1,-5,-5,-4,-7,-6,-7,-7,-6,-9,-8,-8,-10,-8,-9,-12,-10,-12,-7,-12,-9,-15,-9,-17,-12,-15,-13,-14,-12,-15,-10,-15,-11,-15,-11,-15,-13,-17,-14,-12,-14,-14,-9,-15,-13,-15,-12,-11,-12,-10,-11,-9,-12,-7,-13,-6,-9,-4,-10,-6,-11,-3,-12,-4,-11,-6,-12,-4,-14,-2,-12,-2,-13,1,-15,0,0,0,0,0,0,0,0,0,0,0,0,0,0,0,0,0,0,0,0,0,0,7,-42,9,-39,8,-37,8,-38,9,-34,11,-32,5,-31,3,-31,1,-28,-2,-23,-4,-21,-4,-19,-5,-19,-4,-13,-4,-10,-7,-8,-7,-3,-7,-1,-4,3,-3,10,-3,6,-2,14,3,15,2,18,5,21,7,21,9,21,11,22,14,24,20,23,20,22,25,23,25,22,25,15,30,14,29,12,35,7,39,5,34,0,37,-7,38,-8,38,-15,37,-14,36,-21,34,-26,30,-28,26,-31,26,-36,20,-38,22,-41,18,-42,12,-46,11,-46,5,-46,4,-48,1,-52,0,-51,0,0]"
CSI_DATA,116,1a:00:00:00:00:00,-54,11,1,0,1,1,1,0,0,0,1,-96,0,11,2,1759473,0,44,0,384,0,"[0,0,0,0,0,0,0,0,0,0,0,0,10,-7,8,-8,7,-7,7,-7,5,-6,4,-6,3,-6,3,-5,2,-5,2,-4,2,-3,2,-3,2,-2,1,-1,1,-1,2,-1,2,0,2,0,3,0,3,0,3,1,4,0,4,1,5,1,5,1,6,0,0,0,6,0,7,0,7,0,7,0,7,0,7,0,7,0,6,0,7,0,6,0,6,1,6,1,5,1,5,1,5,1,4,1,4,1,4,1,4,2,4,2,3,2,3,3,3,3,3,4,2,4,2,4,0,0,0,0,0,0,0,0,0,0,0,0,0,0,-8,-46,-12,-41,-15,-35,-15,-30,-13,-31,-12,-27,-14,-23,-13,-22,-14,-20,-13,-17,-12,-14,-13,-11,-12,-10,-9,-9,-7,-8,-7,-6,-4,-6,0,-5,-1,-5,0,-6,0,-6,3,-5,5,-8,3,-11,7,-10,5,-9,4,-11,6,-10,5,-13,5,-14,5,-12,6,-15,7,-18,7,-19,6,-18,9,-18,8,-17,8,-19,9,-17,9,-17,8,-15,3,-14,9,-15,9,-13,8,-13,9,-12,9,-12,8,-9,8,-11,9,-12,8,-9,8,-8,11,-7,8,-6,14,-4,12,-3,14,-1,0,0,0,0,0,0,0,0,0,0,0,0,0,0,0,0,0,0,0,0,0,0,39,20,33,19,32,20,33,18,30,18,29,16,29,11,27,9,24,9,21,5,23,5,18,5,15,1,13,1,8,-2,7,0,4,-2,1,-2,-4,-1,-9,-1,-9,-2,-12,-1,-19,0,-19,3,-17,4,-23,7,-23,8,-23,11,-26,11,-26,19,-22,19,-23,25,-21,25,-21,26,-16,30,-13,32,-9,30,-8,37,-1,36,5,36,7,38,13,35,15,37,19,34,24,35,32,31,34,28,34,27,38,23,42,19,40,18,46,12,46,12,48,7,52,7,48,-3,50,-2,0,0]"
CSI_DATA,117,1a:00:00:00:00:00,-55,11,1,0,1,1,1,0,0,0,1,-96,0,11,2,1770250,0,44,0,384,0,"[0,0,0,0,0,0,0,0,0,0,0,0,-10,7,-9,7,-7,7,-7,7,-6,6,-5,5,-4,5,-4,5,-3,4,-3,3,-3,3,-2,2,-3,1,-3,1,-3,0,-3,0,-3,0,-3,0,-4,0,-4,0,-4,0,-5,0,-5,0,-6,0,-6,0,-6,0,0,0,-7,1,-7,1,-7,1,-8,1,-7,1,-7,1,-7,1,-7,1,-7,1,-7,0,-7,0,-6,0,-6,-1,-6,-1,-6,-1,-5,-1,-5,-1,-5,-2,-5,-2,-5,-2,-5,-3,-5,-3,-5,-4,-5,-4,-5,-5,-4,-5,0,0,0,0,0,0,0,0,0,0,0,0,0,0,10,44,11,36,15,34,14,33,13,30,15,25,15,22,15,18,10,17,12,17,12,11,10,12,9,10,8,10,8,6,7,8,4,7,1,4,3,4,-2,5,-2,4,-2,5,1,4,-3,8,-3,8,-2,10,-3,10,0,16,-3,13,-1,13,-3,13,-1,17,-4,14,-2,19,1,17,-4,17,-3,16,-1,14,-2,17,-5,16,-3,19,-3,18,-5,13,-6,15,-7,11,-7,13,-7,10,-7,11,-7,9,-7,8,-10,8,-8,10,-11,9,-11,6,-12,7,-13,5,-14,6,0,0,0,0,0,0,0,0,0,0,0,0,0,0,0,0,0,0,0,0,0,0,-27,-29,-25,-27,-26,-25,-29,-26,-26,-24,-23,-21,-24,-18,-21,-18,-21,-15,-22,-13,-17,-11,-13,-8,-14,-8,-8,-7,-8,-5,-6,0,-4,-4,0,-2,4,-2,9,-1,11,0,13,-2,17,-4,16,-4,21,-6,22,-6,23,-9,24,-11,26,-11,27,-17,23,-18,25,-25,20,-27,18,-27,17,-29,14,-31,12,-34,7,-36,1,-38,-4,-39,-7,-38,-14,-39,-15,-39,-23,-35,-25,-35,-34,-34,-35,-32,-37,-27,-39,-24,-43,-23,-47,-18,-46,-16,-48,-14,-50,-6,-54,-5,-53,0,-53,4,0,0]"
CSI_DATA,118,1a:00:00:00:00:00,-54,11,1,0,1,1,1,0,0,0,1,-96,0,11,2,1780053,0,44,0,384,0,"[0,0,0,0,0,0,0,0,0,0,0,0,9,9,9,8,8,6,8,6,7,5,6,4,6,3,5,2,5,2,4,2,3,1,3,1,2,1,2,1,1,1,1,2,1,2,0,2,0,2,0,3,0,3,0,4,0,4,1,4,1,5,1,5,0,0,2,6,1,6,2,6,2,6,1,6,2,6,2,6,1,6,1,6,1,6,1,6,0,6,0,5,0,5,-1,5,-1,5,-1,5,-1,4,-2,5,-2,4,-2,5,-3,5,-3,5,-4,5,-4,5,-5,4,0,0,0,0,0,0,0,0,0,0,0,0,0,0,47,-1,46,-1,40,-9,34,-10,33,-7,27,-9,28,-14,24,-14,18,-10,19,-12,16,-10,12,-11,8,-13,12,-10,8,-5,5,-5,6,-5,6,-4,8,-5,5,-2,8,0,4,2,5,0,7,2,5,5,9,1,10,4,12,2,13,6,16,5,15,3,14,3,16,4,17,5,16,5,15,8,16,4,19,6,15,9,15,6,15,7,14,6,15,7,12,7,10,9,8,5,10,10,7,13,10,9,7,8,8,11,7,11,7,9,7,10,7,13,4,14,1,13,0,0,0,0,0,0,0,0,0,0,0,0,0,0,0,0,0,0,0,0,0,0,-36,18,-34,15,-32,15,-33,15,-26,16,-27,13,-22,12,-23,13,-21,14,-18,11,-15,8,-13,9,-9,8,-7,6,-5,6,-6,3,-1,-1,-2,-4,-1,-8,0,-8,3,-14,-2,-16,-1,-17,-3,-22,-1,-19,-5,-26,-6,-28,-7,-27,-10,-29,-16,-28,-17,-31,-17,-30,-22,-27,-24,-23,-29,-25,-31,-20,-32,-16,-39,-12,-37,-9,-41,-4,-40,-1,-44,4,-41,9,-42,12,-36,17,-42,28,-37,28,-34,31,-32,37,-31,43,-28,41,-25,46,-24,48,-16,49,-17,53,-12,53,-9,50,0,0]"
CSI_DATA,119,1a:00:00:00:00:00,-54,11,1,0,1,1,1,0,0,0,1,-96,0,11,2,1790175,0,44,0,384,0,"[0,0,0,0,0,0,0,0,0,0,0,0,0,-13,-1,-13,-2,-11,-2,-11,-2,-9,-2,-9,-3,-8,-2,-7,-2,-6,-2,-5,-2,-5,-2,-4,-1,-4,-1,-3,-1,-3,0,-3,0,-3,0,-2,1,-3,1,-3,2,-3,2,-3,2,-3,3,-4,3,-4,3,-4,0,0,3,-5,4,-5,4,-5,4,-5,4,-5,4,-5,4,-5,4,-5,4,-5,4,-4,5,-4,4,-4,4,-3,5,-3,4,-2,5,-3,4,-2,5,-2,5,-2,5,-2,5,-1,5,-1,5,-1,5,0,6,0,6,1,0,0,0,0,0,0,0,0,0,0,0,0,0,0,-66,-63,-65,-60,-71,-45,-62,-43,-54,-43,-56,-35,-57,-27,-53,-21,-49,-15,-40,-16,-40,-10,-34,-14,-34,-5,-32,-7,-26,-8,-19,-7,-17,-7,-10,-2,-7,-4,-10,-1,-10,-6,-4,-9,-7,-10,0,-18,-3,-13,-5,-23,-2,-16,-6,-21,-9,-23,-4,-30,-6,-29,1,-32,3,-31,-3,-32,-9,-33,-3,-33,0,-35,-5,-34,-5,-35,0,-33,0,-28,5,-29,3,-34,10,-33,9,-26,13,-28,13,-24,15,-19,14,-22,14,-21,12,-20,21,-22,22,-23,22,-18,24,-24,28,-17,28,-16,0,0,0,0,0,0,0,0,0,0,0,0,0,0,0,0,0,0,0,0,0,0,69,-15,64,-7,66,-11,66,-6,60,-8,56,-3,50,-8,43,-3,45,-5,39,-4,31,-5,27,-9,25,-2,18,0,16,-1,5,6,4,7,-4,10,-1,16,-9,18,-8,18,-11,30,-14,36,-10,36,-11,43,-11,48,-20,52,-11,49,-6,51,2,61,-1,55,11,62,7,61,16,62,24,64,31,60,33,59,46,58,55,53,62,47,63,46,68,37,79,36,83,26,82,13,93,-3,94,-8,92,-2,92,-22,97,-24,97,-30,89,-38,92,-42,88,-56,92,-63,79,-66,82,-68,0,0]"
CSI_DATA,120,1a:00:00:00:00:00,-52,11,1,0,1,1,1,0,0,0,1,-96,0,11,2,1819857,0,44,0,384,0,"[0,0,0,0,0,0,0,0,0,0,0,0,-4,-15,-4,-14,-5,-13,-5,-13,-5,-11,-4,-10,-5,-10,-5,-9,-4,-8,-4,-7,-4,-6,-4,-5,-4,-5,-4,-4,-3,-3,-3,-3,-2,-3,-2,-2,-1,-2,-1,-1,-1,-1,0,-1,0,-1,1,0,1,0,2,0,0,0,3,0,3,1,4,1,4,1,4,1,5,2,5,2,5,2,5,3,5,3,5,4,5,4,4,4,4,5,4,5,4,5,4,5,4,5,3,5,3,6,3,6,2,6,2,6,2,7,1,7,0,7,0,0,0,0,0,0,0,0,0,0,0,0,0,0,-45,-22,-44,-24,-41,-19,-40,-18,-38,-16,-36,-9,-36,-12,-33,-9,-31,-7,-29,-5,-26,-6,-25,-2,-24,-1,-23,-4,-19,-1,-17,-1,-16,1,-12,2,-13,1,-9,1,-9,1,-6,-1,-5,0,-5,-2,1,1,-1,0,1,-3,2,-5,4,-5,5,-5,4,-5,6,-9,7,-7,9,-3,9,-8,13,-8,12,-8,11,-7,15,-8,17,-7,16,-5,17,-5,19,-4,17,-5,18,-1,21,2,17,-3,19,0,16,-1,16,0,16,3,16,0,18,4,18,4,18,5,18,6,17,9,0,0,0,0,0,0,0,0,0,0,0,0,0,0,0,0,0,0,0,0,0,0,-12,-33,-6,-32,-6,-34,-4,-30,-3,-30,-3,-26,-3,-24,-2,-27,-1,-23,-1,-22,1,-20,-1,-18,-2,-17,2,-14,6,-10,2,-7,6,-8,2,-2,9,-1,7,1,6,6,9,8,14,10,13,10,13,13,18,12,14,15,19,13,18,16,23,14,24,12,27,12,27,13,30,11,31,11,31,8,32,3,36,0,34,2,37,-3,34,-4,37,-11,36,-11,35,-17,38,-18,38,-22,38,-25,35,-26,35,-31,38,-34,34,-36,29,-40,36,-44,33,-45,33,-48,31,-46,28,-48,0,0]"
CSI_DATA,121,1a:00:00:00:00:00,-52,11,1,0,1,1,1,0,0,0,1,-96,0,11,2,1829465,0,44,0,384,0,"[0,0,0,0,0,0,0,0,0,0,0,0,11,-10,10,-11,9,-10,9,-10,7,-9,7,-9,6,-9,5,-8,5,-8,4,-7,3,-7,3,-7,2,-6,2,-5,1,-5,1,-4,1,-4,0,-3,0,-3,0,-2,0,-2,0,-1,0,0,0,0,0,1,0,1,0,0,0,2,0,3,0,4,0,4,0,4,0,5,0,5,-1,5,-1,6,-1,6,-2,6,-2,6,-3,6,-3,6,-3,6,-4,6,-4,6,-4,6,-4,6,-4,6,-5,6,-5,5,-5,5,-6,5,-7,5,-7,4,0,0,0,0,0,0,0,0,0,0,0,0,0,0,0,-53,-3,-51,-7,-47,-5,-43,-6,-42,-8,-40,-7,-37,-7,-36,-11,-34,-10,-28,-10,-26,-7,-24,-11,-25,-11,-20,-10,-17,-10,-16,-9,-14,-9,-13,-5,-12,-6,-7,-7,-6,-5,-8,-3,-7,-4,-5,-4,-2,-1,-3,0,0,1,-1,0,-2,5,1,7,1,8,1,7,3,9,5,10,4,11,9,13,6,10,10,14,9,12,7,11,11,11,12,10,13,11,14,11,13,12,15,9,17,7,16,7,18,9,16,6,18,6,19,7,18,6,20,4,19,2,19,0,18,0,0,0,0,0,0,0,0,0,0,0,0,0,0,0,0,0,0,0,0,0,0,22,-27,26,-24,24,-23,25,-23,22,-20,23,-19,21,-17,19,-17,19,-15,18,-15,18,-11,15,-13,14,-12,13,-7,13,-4,10,-4,8,-2,8,1,4,4,5,4,2,6,0,9,-1,11,1,14,-3,16,0,19,-3,20,-3,22,-3,22,0,26,1,22,1,29,2,29,3,27,6,28,9,30,8,30,15,29,15,27,21,27,21,28,25,26,26,25,32,24,30,20,41,17,37,16,41,15,44,14,47,11,49,7,50,4,49,8,50,3,54,2,56,1,55,0,0,0]"
CSI_DATA,122,1a:00:00:00:00:00,-52,11,1,0,1,1,1,0,0,0,1,-96,0,11,2,1839452,0,44,0,384,0,"[0,0,0,0,0,0,0,0,0,0,0,0,10,12,10,10,10,9,10,9,9,8,8,7,9,6,8,5,7,5,7,4,6,4,6,3,5,2,4,2,4,1,4,1,3,1,2,1,2,1,1,1,1,1,0,1,0,1,-1,1,-1,1,-2,1,0,0,-3,1,-3,1,-4,1,-4,1,-5,1,-5,1,-6,1,-6,1,-6,1,-7,0,-7,0,-7,-1,-7,-1,-7,-1,-7,-2,-7,-2,-8,-2,-7,-2,-7,-2,-7,-3,-8,-3,-8,-3,-8,-4,-7,-5,-7,-5,-7,-6,0,0,0,0,0,0,0,0,0,0,0,0,0,0,46,-13,46,-14,40,-16,40,-17,41,-15,33,-15,36,-17,29,-16,28,-14,24,-17,23,-14,20,-16,18,-15,15,-14,16,-10,13,-14,11,-10,8,-10,10,-9,8,-10,4,-7,4,-6,3,-6,5,-2,2,-2,1,1,2,1,3,4,1,4,0,5,2,4,0,6,0,7,1,7,2,9,-2,11,0,13,-3,11,-3,13,-5,14,-8,13,-5,16,-9,14,-7,15,-11,9,-10,14,-10,12,-13,13,-14,10,-11,12,-12,12,-14,13,-15,14,-16,12,-17,9,-19,9,-17,6,0,0,0,0,0,0,0,0,0,0,0,0,0,0,0,0,0,0,0,0,0,0,27,23,23,23,22,27,19,23,20,25,15,23,18,22,17,22,14,20,13,20,9,19,10,13,8,14,5,12,4,11,3,13,1,8,-5,7,-5,4,-5,6,-7,1,-12,5,-13,1,-15,1,-19,2,-18,5,-21,2,-21,0,-24,2,-24,5,-25,3,-26,4,-26,10,-24,9,-28,13,-28,12,-25,15,-23,20,-23,19,-22,23,-19,23,-20,31,-19,31,-16,38,-15,34,-12,37,-10,41,-6,42,-3,44,-3,49,-1,48,2,51,4,49,8,51,7,54,11,52,9,53,0,0]"
CSI_DATA,123,1a:00:00:00:00:00,-53,11,1,0,1,1,1,0,0,0,1,-96,0,11,2,1849495,0,44,0,384,0,"[0,0,0,0,0,0,0,0,0,0,0,0,-16,-1,-15,0,-14,1,-13,1,-12,1,-11,1,-10,2,-9,2,-9,2,-8,2,-7,2,-6,2,-6,1,-5,1,-4,1,-4,1,-3,1,-3,0,-3,0,-2,0,-2,-1,-2,-1,-1,-2,-1,-2,-1,-2,-1,-3,0,0,-1,-4,0,-4,0,-4,0,-5,0,-5,1,-5,1,-5,1,-6,2,-6,2,-6,3,-6,3,-5,3,-5,3,-5,4,-5,4,-5,4,-5,4,-5,4,-5,4,-5,5,-5,5,-5,5,-4,6,-4,6,-3,6,-3,0,0,0,0,0,0,0,0,0,0,0,0,0,0,-30,44,-30,39,-24,39,-23,39,-19,39,-18,34,-14,32,-14,33,-11,29,-8,29,-7,24,-5,24,-1,25,-2,21,-4,19,-1,19,-1,14,-1,15,0,11,-1,9,0,6,-1,10,0,6,-4,2,-2,3,-6,1,-4,3,-4,-1,-6,-2,-8,-1,-7,-3,-8,-4,-5,-5,-11,-4,-10,-6,-10,-6,-10,-9,-11,-12,-11,-12,-10,-13,-11,-12,-9,-13,-8,-14,-8,-13,-7,-14,-7,-15,-6,-17,-6,-16,-6,-14,-7,-17,-5,-17,-5,-16,-3,-18,-2,-19,0,-17,-2,-18,2,-19,0,0,0,0,0,0,0,0,0,0,0,0,0,0,0,0,0,0,0,0,0,0,-31,-17,-28,-18,-28,-20,-26,-17,-25,-20,-23,-18,-20,-16,-18,-16,-19,-16,-16,-16,-14,-16,-14,-13,-12,-16,-11,-12,-5,-11,-4,-11,-2,-12,-1,-9,1,-10,5,-10,7,-10,11,-11,12,-11,13,-13,16,-13,19,-12,17,-13,18,-16,21,-15,21,-17,17,-18,20,-21,22,-22,17,-24,15,-28,12,-29,10,-31,8,-36,6,-35,3,-38,2,-34,-2,-37,-8,-41,-8,-43,-15,-37,-17,-36,-19,-41,-25,-42,-25,-44,-32,-45,-33,-38,-40,-36,-38,-43,-38,-38,-44,-42,-44,-38,-44,-35,0,0]"
CSI_DATA,124,1a:00:00:00:00:00,-53,11,1,0,1,1,1,0,0,0,1,-96,0,11,2,1860595,0,44,0,384,0,"[0,0,0,0,0,0,0,0,0,0,0,0,12,-10,10,-10,9,-10,9,-9,7,-9,6,-8,5,-8,5,-7,4,-7,3,-6,3,-6,2,-5,2,-5,1,-4,1,-3,1,-3,0,-2,0,-2,0,-1,0,-1,1,0,1,0,1,1,1,1,1,2,1,2,0,0,1,3,2,3,2,4,2,4,1,4,1,5,1,5,1,5,1,5,0,6,0,6,0,6,-1,6,-1,5,-1,5,-2,5,-2,5,-2,5,-2,5,-3,5,-3,5,-4,5,-4,5,-4,5,-5,5,-5,4,0,0,0,0,0,0,0,0,0,0,0,0,0,0,-10,-50,-12,-46,-14,-43,-13,-41,-15,-38,-12,-34,-14,-32,-18,-27,-14,-26,-13,-22,-15,-19,-14,-17,-14,-17,-11,-14,-9,-11,-10,-10,-8,-8,-6,-5,-6,-5,-5,-6,-5,-5,-4,-5,-4,-4,1,-3,-1,-1,3,-1,3,-2,3,-2,6,-3,8,-2,8,-1,10,-1,10,-1,11,-3,11,-1,15,0,13,0,14,-1,15,0,14,2,12,4,12,4,10,5,14,6,11,6,12,7,12,7,11,8,13,7,10,9,12,8,9,9,10,11,8,10,9,13,7,16,6,16,0,0,0,0,0,0,0,0,0,0,0,0,0,0,0,0,0,0,0,0,0,0,22,-11,25,-12,24,-11,25,-8,23,-6,22,-4,19,-6,20,-5,17,-4,16,-1,11,0,13,0,11,2,9,2,8,5,5,6,5,10,4,10,2,13,2,11,-1,14,1,18,0,16,-2,20,-6,24,-3,25,-2,25,-2,25,-1,26,0,29,2,26,4,29,3,29,6,27,9,29,14,30,16,28,19,27,20,30,28,28,27,27,34,23,35,21,37,17,37,17,39,11,43,10,45,9,47,4,50,5,54,4,53,1,55,0,51,-5,60,-8,56,-9,52,-7,0,0]"
CSI_DATA,125,1a:00:00:00:00:00,-53,11,1,0,1,1,1,0,0,0,1,-96,0,11,2,1869455,0,44,0,384,0,"[0,0,0,0,0,0,0,0,0,0,0,0,14,-6,13,-6,11,-6,11,-6,9,-6,8,-6,7,-6,6,-5,6,-5,5,-5,4,-4,3,-4,3,-3,2,-3,1,-3,1,-3,0,-2,0,-1,0,-1,0,0,0,0,-1,1,-1,1,-1,2,-1,3,-1,3,0,0,-1,4,-1,4,-1,5,-2,5,-2,5,-2,5,-2,6,-3,5,-3,6,-3,5,-4,5,-4,5,-4,4,-4,4,-5,4,-5,4,-5,3,-5,3,-5,3,-5,3,-6,2,-6,2,-6,1,-7,1,-7,0,-6,0,0,0,0,0,0,0,0,0,0,0,0,0,0,0,5,-50,6,-49,2,-48,2,-42,-1,-43,0,-38,-2,-34,-5,-33,-5,-27,-4,-26,-7,-25,-6,-20,-7,-18,-6,-16,-5,-16,-7,-13,-7,-11,-6,-7,-5,-6,-4,-8,-4,-3,-2,-4,0,-3,1,-2,1,-1,2,-1,3,3,5,2,5,3,8,3,8,3,8,4,12,6,11,8,9,8,10,7,14,7,12,11,12,6,10,10,11,10,13,12,7,13,8,11,7,14,6,16,5,13,5,12,3,13,3,11,2,12,4,12,2,13,1,14,0,13,-3,14,-7,14,0,0,0,0,0,0,0,0,0,0,0,0,0,0,0,0,0,0,0,0,0,0,22,-16,21,-11,23,-9,23,-8,20,-7,17,-5,17,-6,17,-5,17,-3,15,-2,12,-2,9,1,9,1,8,3,1,7,3,8,1,9,-1,10,-3,14,-5,13,-5,15,-7,18,-4,20,-6,21,-8,23,-6,25,-8,26,-9,26,-7,28,-7,30,-7,31,-2,33,1,31,2,31,4,34,6,35,8,33,12,34,17,32,21,34,20,33,29,34,29,31,33,31,32,28,38,26,37,25,44,22,44,22,51,20,50,19,56,14,52,16,56,13,57,13,57,11,53,11,0,0]"
CSI_DATA,126,1a:00:00:00:00:00,-53,11,1,0,1,1,1,0,0,0,1,-96,0,11,2,1880174,0,44,0,384,0,"[0,0,0,0,0,0,0,0,0,0,0,0,0,14,1,13,2,12,1,11,2,10,1,9,2,8,2,7,2,6,2,5,2,4,2,3,1,2,1,2,1,1,1,1,0,0,0,0,-1,-1,-1,-1,-2,-1,-2,-2,-3,-2,-3,-2,-4,-2,-4,-3,0,0,-5,-3,-5,-4,-6,-4,-6,-4,-6,-4,-6,-5,-6,-5,-6,-5,-6,-5,-5,-5,-5,-6,-5,-6,-4,-6,-4,-6,-3,-6,-3,-6,-3,-6,-3,-6,-2,-6,-2,-6,-1,-6,-1,-6,0,-6,0,-6,1,-6,2,-6,0,0,0,0,0,0,0,0,0,0,0,0,0,0,43,25,38,26,41,17,35,16,37,13,32,11,31,11,28,8,24,4,25,6,23,3,18,4,16,3,15,1,13,-1,12,-1,9,-2,8,-2,8,-1,2,-4,0,-3,-2,-2,0,-1,-3,1,-2,2,-7,1,-6,3,-7,4,-9,3,-8,4,-10,5,-12,8,-13,8,-13,8,-14,9,-16,7,-14,7,-16,6,-17,5,-16,4,-16,7,-15,2,-18,2,-15,5,-16,2,-15,0,-16,-1,-15,-2,-12,-3,-12,-5,-12,-3,-12,-5,-12,-6,-10,-5,-11,-7,-11,-8,-9,-10,0,0,0,0,0,0,0,0,0,0,0,0,0,0,0,0,0,0,0,0,0,0,8,25,5,25,5,26,3,24,2,21,0,22,-1,18,0,17,-2,16,-2,13,-4,12,-4,8,-5,10,-4,6,-9,4,-8,1,-10,-2,-11,-2,-11,-7,-12,-8,-15,-12,-16,-12,-18,-12,-20,-12,-19,-14,-23,-13,-19,-15,-24,-15,-22,-17,-26,-18,-28,-13,-33,-15,-30,-12,-32,-11,-33,-10,-34,-9,-35,-3,-37,0,-39,0,-41,5,-41,8,-40,12,-40,18,-41,18,-40,20,-36,25,-40,26,-37,29,-39,33,-39,38,-37,39,-37,43,-37,43,-30,41,-35,48,-32,44,-33,45,0,0]"
CSI_DATA,127,1a:00:00:00:00:00,-53,11,1,0,1,1,1,0,0,0,1,-96,0,11,2,1890163,0,44,0,384,0,"[0,0,0,0,0,0,0,0,0,0,0,0,-14,2,-13,2,-12,3,-11,2,-10,2,-8,2,-7,3,-6,2,-5,2,-4,2,-4,2,-3,2,-2,1,-1,1,-1,0,0,0,0,0,1,-1,1,-2,1,-2,1,-3,2,-3,2,-4,2,-4,2,-5,2,-6,0,0,3,-7,3,-7,3,-7,3,-8,3,-7,4,-8,4,-8,4,-7,4,-7,4,-7,5,-6,5,-6,4,-5,4,-5,4,-5,5,-4,4,-4,4,-4,4,-3,4,-3,4,-2,4,-2,4,-1,4,0,4,0,4,1,0,0,0,0,0,0,0,0,0,0,0,0,0,0,-15,43,-14,39,-9,40,-12,37,-8,36,-4,34,-2,28,-4,28,-1,23,-3,21,0,17,1,16,4,11,2,10,1,8,3,8,3,4,1,2,0,0,2,0,0,-3,0,-4,0,-4,0,-7,-5,-9,-5,-9,-5,-9,-7,-10,-8,-12,-8,-10,-9,-12,-11,-13,-11,-15,-12,-15,-14,-14,-12,-16,-12,-17,-13,-16,-10,-19,-9,-17,-8,-17,-10,-18,-9,-17,-7,-16,-6,-17,-4,-16,-6,-14,-1,-13,-2,-14,-2,-14,0,-14,2,-11,0,-12,3,-11,4,-10,8,-10,8,-6,0,0,0,0,0,0,0,0,0,0,0,0,0,0,0,0,0,0,0,0,0,0,-24,16,-23,15,-24,13,-24,10,-23,10,-23,9,-19,7,-21,7,-18,5,-16,3,-14,-1,-15,-1,-13,-2,-14,-3,-7,-8,-7,-7,-4,-10,-3,-12,-1,-13,-3,-16,0,-15,3,-20,4,-21,3,-25,3,-26,2,-25,5,-27,2,-27,3,-29,6,-33,4,-28,1,-35,-1,-33,-2,-35,-4,-35,-7,-36,-9,-34,-13,-35,-17,-36,-19,-36,-19,-35,-24,-36,-26,-35,-31,-34,-29,-31,-32,-35,-37,-32,-39,-27,-42,-28,-47,-26,-46,-24,-48,-21,-50,-22,-50,-21,-53,-21,-52,-17,-49,-17,0,0]"
CSI_DATA,128,1a:00:00:00:00:00,-50,11,1,0,1,1,1,0,0,0,1,-96,0,11,2,1919569,0,44,0,384,0,"[0,0,0,0,0,0,0,0,0,0,0,0,-8,-13,-8,-12,-8,-11,-8,-10,-7,-9,-6,-8,-7,-7,-6,-6,-6,-6,-5,-5,-5,-4,-5,-3,-5,-2,-4,-2,-4,-1,-4,0,-3,0,-3,1,-2,1,-2,2,-1,2,-1,3,-1,3,0,4,0,4,0,5,0,0,1,6,1,6,1,7,1,7,1,7,0,8,0,8,0,8,0,8,-1,8,-1,8,-2,7,-2,7,-2,7,-3,6,-3,6,-3,6,-3,5,-4,5,-4,4,-4,4,-4,3,-4,3,-5,2,-5,1,-5,0,0,0,0,0,0,0,0,0,0,0,0,0,0,0,-46,11,-44,9,-42,13,-38,10,-36,10,-32,10,-29,9,-31,11,-25,8,-25,9,-22,9,-18,9,-17,8,-15,6,-12,8,-10,9,-8,9,-6,8,-4,5,-2,8,-1,6,1,5,1,5,3,5,6,4,7,4,8,3,8,3,11,3,15,3,14,2,16,3,17,4,17,3,18,4,19,5,16,4,19,7,17,6,17,7,16,8,16,8,16,10,19,12,13,11,12,11,10,13,10,10,9,12,8,11,7,10,4,11,5,12,3,11,0,12,0,9,-3,9,0,0,0,0,0,0,0,0,0,0,0,0,0,0,0,0,0,0,0,0,0,0,0,25,-6,24,-5,22,-7,22,-9,21,-11,18,-9,15,-9,12,-12,11,-11,12,-14,8,-9,9,-10,3,-10,1,-7,0,-8,-3,-8,-7,-8,-8,-5,-10,-4,-11,-2,-14,-1,-16,0,-19,0,-20,2,-22,3,-23,3,-24,4,-26,5,-26,5,-28,5,-27,7,-31,5,-30,6,-33,5,-34,3,-34,1,-32,0,-35,0,-36,-3,-38,-5,-40,-4,-41,-6,-42,-8,-43,-11,-44,-9,-42,-10,-45,-13,-44,-14,-48,-14,-45,-16,-46,-19,-47,-17,-53,-16,-49,-20,-54,-19,-50,-13,-51,0,0]"
CSI_DATA,129,1a:00:00:00:00:00,-60,11,1,0,1,1,1,0,0,0,1,-96,0,11,2,1929476,0,44,0,384,0,"[0,0,0,0,0,0,0,0,0,0,0,0,-5,-13,-5,-12,-5,-12,-5,-11,-5,-10,-5,-8,-5,-7,-5,-7,-5,-6,-5,-5,-5,-5,-5,-5,-4,-4,-4,-4,-4,-3,-4,-3,-4,-3,-4,-2,-3,-1,-3,-1,-2,0,-2,0,-2,1,-2,1,-2,2,-2,2,0,0,-1,3,-1,4,-1,4,-1,4,-2,5,-2,5,-2,5,-2,5,-3,5,-3,5,-3,5,-4,4,-4,4,-4,4,-5,4,-5,3,-5,3,-5,2,-5,2,-5,1,-5,0,-5,0,-5,-1,-5,-2,-5,-2,-5,-3,0,0,0,0,0,0,0,0,0,0,0,0,0,0,-97,0,-94,0,-91,1,-87,2,-83,3,-78,3,-73,5,-68,6,-63,6,-59,7,-54,8,-50,9,-46,10,-41,9,-37,10,-33,11,-29,11,-24,11,-20,11,-16,11,-13,11,-8,11,-5,11,-1,11,2,10,6,10,9,10,13,10,16,10,19,9,22,9,25,10,27,11,29,12,30,13,32,14,32,15,33,16,33,18,32,20,31,21,30,22,28,23,27,24,25,25,22,26,20,26,18,26,16,26,13,26,11,27,8,26,5,25,3,25,1,24,-1,23,-3,23,0,0,0,0,0,0,0,0,0,0,0,0,0,0,0,0,0,0,0,0,0,0,-18,48,-19,46,-20,43,-22,40,-23,36,-25,32,-25,29,-26,25,-25,21,-24,17,-23,13,-21,9,-20,5,-17,1,-15,-3,-12,-7,-9,-11,-6,-14,-3,-17,0,-21,3,-24,6,-27,10,-29,13,-32,16,-36,19,-39,21,-42,23,-45,25,-47,26,-49,27,-52,27,-55,26,-56,26,-59,25,-61,24,-64,23,-67,21,-70,19,-73,17,-76,15,-78,12,-82,10,-85,6,-88,4,-91,1,-94,-1,-96,-3,-99,-4,-102,-5,-104,-6,-107,-7,-110,-8,-112,-8,-113,-8,-114,-8,-115,-8,-115,0,0]"
CSI_DATA,130,1a:00:00:00:00:00,-49,11,1,0,1,1,1,0,0,0,1,-96,0,11,2,1939445,0,44,0,384,0,"[0,0,0,0,0,0,0,0,0,0,0,0,11,-12,10,-11,9,-11,9,-11,8,-9,7,-9,6,-9,5,-8,5,-8,4,-7,3,-7,2,-7,2,-6,1,-5,1,-5,0,-5,-1,-4,-1,-3,-2,-3,-2,-2,-3,-2,-3,-1,-3,-1,-4,0,-5,0,-5,1,0,0,-6,1,-6,1,-7,2,-7,2,-8,2,-8,2,-8,2,-8,2,-9,1,-9,1,-9,1,-9,0,-9,0,-9,-1,-8,-1,-8,-1,-8,-2,-8,-2,-7,-2,-7,-2,-6,-3,-6,-3,-5,-4,-5,-4,-4,-5,-4,-5,0,0,0,0,0,0,0,0,0,0,0,0,0,0,-35,-100,-30,-94,-35,-88,-27,-88,-29,-81,-22,-78,-29,-69,-26,-66,-29,-58,-26,-55,-24,-49,-20,-43,-23,-43,-22,-33,-19,-33,-23,-30,-22,-24,-21,-20,-16,-15,-16,-10,-19,-9,-19,-9,-16,1,-15,0,-16,5,-12,10,-12,14,-9,16,-8,19,-5,26,-4,22,-9,24,-6,29,-8,34,-5,32,-11,34,-13,38,-14,40,-15,38,-19,39,-15,34,-19,35,-22,35,-24,37,-20,30,-24,31,-25,25,-25,26,-26,23,-25,22,-29,15,-27,15,-25,11,-28,10,-27,5,-28,1,-27,-2,0,0,0,0,0,0,0,0,0,0,0,0,0,0,0,0,0,0,0,0,0,0,-53,11,-49,6,-50,4,-49,-3,-44,-7,-43,-11,-40,-11,-37,-14,-34,-12,-32,-14,-25,-16,-22,-16,-22,-16,-13,-16,-7,-14,-6,-15,-4,-13,7,-10,7,-12,13,-7,17,-7,26,-3,26,-2,31,-5,36,2,40,3,42,2,44,5,43,5,51,3,55,3,53,6,54,11,60,4,61,5,67,2,65,3,68,-7,70,-7,74,-12,80,-9,74,-17,80,-13,78,-25,80,-21,80,-27,81,-23,83,-37,87,-38,96,-34,93,-43,98,-45,108,-44,102,-38,103,-49,98,-49,101,-44,0,0]"
CSI_DATA,131,1a:00:00:00:00:00,-49,11,1,0,1,1,1,0,0,0,1,-96,0,11,2,1949497,0,44,0,384,0,"[0,0,0,0,0,0,0,0,0,0,0,0,11,12,10,10,10,10,10,10,9,9,8,7,8,6,7,6,7,5,6,5,6,3,6,3,5,3,4,2,4,2,4,0,3,-1,3,-1,3,-1,2,-2,2,-3,1,-3,1,-4,1,-4,0,-5,0,-6,0,0,0,-7,0,-7,0,-7,-1,-8,0,-8,0,-9,0,-10,1,-9,1,-10,2,-9,2,-9,2,-9,2,-8,3,-8,3,-8,4,-8,3,-7,4,-7,4,-7,4,-6,5,-5,5,-5,5,-4,5,-4,5,-3,5,-2,0,0,0,0,0,0,0,0,0,0,0,0,0,0,68,78,58,74,69,74,61,64,56,61,57,65,51,53,55,51,50,47,43,44,39,37,40,34,40,33,37,25,36,19,29,19,31,18,27,6,23,8,22,0,20,-4,21,-2,14,-7,12,-6,11,-15,11,-17,7,-18,5,-20,7,-23,5,-32,0,-32,5,-34,2,-36,4,-40,-2,-39,0,-43,6,-46,4,-45,6,-48,12,-47,12,-47,11,-47,18,-43,14,-48,18,-39,20,-39,20,-37,24,-32,25,-33,23,-30,28,-29,26,-23,28,-25,26,-18,28,-18,29,-16,27,-8,0,0,0,0,0,0,0,0,0,0,0,0,0,0,0,0,0,0,0,0,0,0,39,-39,45,-35,42,-33,47,-22,44,-24,41,-13,41,-15,37,-12,38,-8,37,-5,30,-3,29,-2,27,-1,25,5,20,12,9,8,8,15,8,15,2,13,-4,18,-9,11,-15,18,-19,19,-20,20,-30,15,-30,14,-39,19,-41,18,-39,15,-47,24,-45,20,-53,17,-54,22,-47,24,-53,19,-56,25,-48,27,-51,36,-56,38,-58,43,-59,39,-58,48,-59,52,-61,53,-63,59,-59,63,-60,59,-62,67,-63,72,-66,75,-71,69,-67,82,-75,82,-64,73,-83,87,-78,84,-74,77,0,0]"
CSI_DATA,132,1a:00:00:00:00:00,-50,11,1,0,1,1,1,0,0,0,1,-96,0,11,2,1960874,0,44,0,384,0,"[0,0,0,0,0,0,0,0,0,0,0,0,-7,15,-5,14,-4,14,-4,13,-5,12,-4,10,-4,10,-3,10,-3,9,-2,8,-2,7,-2,7,-1,6,0,5,0,4,1,4,1,3,1,3,2,2,2,1,2,1,3,0,2,-1,3,-1,4,-2,3,-3,0,0,4,-3,5,-3,6,-4,6,-4,6,-4,7,-3,7,-4,7,-4,8,-4,8,-4,8,-3,8,-3,8,-2,8,-2,8,-1,7,-1,8,-1,8,-1,7,0,7,0,7,1,6,2,6,2,5,2,5,3,4,4,0,0,0,0,0,0,0,0,0,0,0,0,0,0,-12,47,-14,44,-11,45,-10,42,-8,41,-9,36,-8,38,-9,38,-4,32,-6,31,-5,29,-3,25,-1,24,-3,22,-1,20,1,18,2,15,3,16,3,12,5,9,5,8,6,6,8,5,5,3,7,1,8,0,8,-3,9,-5,8,-5,10,-6,11,-8,13,-10,12,-9,14,-12,12,-13,15,-14,15,-14,16,-14,17,-13,18,-13,20,-13,22,-12,20,-10,22,-10,21,-8,21,-8,22,-7,20,-6,19,-5,21,-5,17,-3,18,-2,19,0,19,2,18,2,15,4,14,5,0,0,0,0,0,0,0,0,0,0,0,0,0,0,0,0,0,0,0,0,0,0,22,13,23,12,21,14,20,16,19,15,16,16,14,18,11,19,12,19,8,16,7,15,7,13,6,13,4,15,0,15,-2,10,-1,10,0,7,-6,5,-7,6,-8,2,-11,4,-9,-2,-12,-1,-13,-3,-12,-6,-15,-7,-16,-8,-13,-9,-19,-11,-17,-11,-20,-12,-21,-15,-21,-13,-20,-11,-24,-13,-24,-12,-26,-13,-28,-14,-30,-12,-32,-14,-35,-9,-33,-11,-38,-8,-36,-11,-40,-6,-40,-8,-44,-8,-42,-4,-49,-8,-46,-8,-51,-7,-51,-7,-51,-6,-54,-9,-55,-9,-53,-7,0,0]"
CSI_DATA,133,1a:00:00:00:00:00,-50,11,1,0,1,1,1,0,0,0,1,-96,0,11,2,1969622,0,44,0,384,0,"[0,0,0,0,0,0,0,0,0,0,0,0,2,16,3,15,3,14,3,14,3,12,2,12,3,11,3,10,3,9,3,7,3,7,3,6,3,5,3,5,3,4,3,3,3,2,2,1,2,1,2,0,1,-1,1,-1,1,-2,1,-3,1,-3,0,-4,0,0,0,-6,0,-6,-1,-7,-1,-7,-1,-8,0,-8,-1,-9,0,-9,0,-9,0,-9,1,-10,1,-10,1,-9,2,-10,2,-9,3,-9,2,-9,3,-9,3,-8,3,-8,4,-8,4,-7,4,-7,5,-6,6,-6,6,-5,0,0,0,0,0,0,0,0,0,0,0,0,0,0,46,12,47,12,50,8,45,9,45,11,38,8,42,7,36,8,33,5,30,5,33,0,27,3,27,1,25,1,23,2,19,-2,18,-3,12,-4,13,-3,11,-2,10,-4,6,-3,3,-3,4,-5,2,-7,-1,-5,-2,-3,-4,-6,-6,-5,-8,-5,-9,-7,-10,-5,-13,-8,-16,-7,-15,-9,-16,-12,-15,-13,-17,-10,-20,-14,-20,-12,-19,-12,-18,-14,-21,-17,-19,-15,-17,-16,-19,-17,-14,-18,-15,-19,-12,-15,-12,-17,-9,-17,-11,-19,-9,-19,-9,-19,-6,-18,-3,-19,-2,-18,0,0,0,0,0,0,0,0,0,0,0,0,0,0,0,0,0,0,0,0,0,0,22,-23,22,-18,23,-18,25,-17,26,-14,25,-12,24,-11,21,-8,24,-10,24,-7,24,-4,20,-3,19,-5,18,-3,14,-2,17,-1,13,0,9,0,12,2,12,7,5,6,5,7,1,7,1,9,-3,8,-2,10,-6,9,-9,12,-11,11,-11,11,-12,15,-12,15,-13,16,-13,18,-15,18,-15,19,-14,22,-13,24,-13,25,-12,29,-14,29,-15,32,-13,32,-13,34,-10,34,-13,39,-13,40,-11,40,-9,41,-11,45,-12,46,-8,49,-11,48,-10,52,-11,54,-8,52,-12,57,0,0]"
CSI_DATA,134,1a:00:00:00:00:00,-50,11,1,0,1,1,1,0,0,0,1,-96,0,11,2,1979468,0,44,0,384,0,"[0,0,0,0,0,0,0,0,0,0,0,0,14,8,13,7,13,6,13,6,12,5,11,5,11,4,10,3,9,3,9,2,8,2,7,1,7,1,6,1,5,0,5,0,4,-1,3,-1,2,-1,2,-1,1,-1,0,-1,0,-1,-1,-1,-2,-1,-3,-1,0,0,-4,-1,-5,-2,-6,-2,-6,-2,-7,-2,-7,-2,-8,-2,-8,-3,-9,-3,-9,-4,-9,-4,-9,-5,-9,-5,-8,-5,-8,-5,-8,-6,-8,-6,-8,-6,-8,-6,-7,-6,-7,-6,-7,-7,-6,-7,-6,-7,-5,-8,-4,-7,0,0,0,0,0,0,0,0,0,0,0,0,0,0,79,-69,75,-63,68,-67,69,-57,64,-61,62,-52,54,-54,51,-54,49,-50,44,-47,38,-48,34,-44,31,-46,30,-40,27,-41,20,-34,21,-36,17,-29,9,-28,11,-24,8,-22,4,-22,6,-18,4,-12,-3,-10,-4,-7,-1,-3,-6,1,-10,0,-12,6,-15,14,-11,21,-12,19,-14,25,-15,33,-15,30,-19,28,-18,35,-21,32,-19,32,-21,32,-28,37,-30,32,-30,32,-27,31,-31,30,-34,31,-34,31,-33,28,-30,32,-32,26,-32,27,-36,24,-37,21,-38,15,-38,17,-38,7,0,0,0,0,0,0,0,0,0,0,0,0,0,0,0,0,0,0,0,0,0,0,39,-57,39,-53,37,-50,43,-48,40,-45,47,-43,44,-40,43,-38,49,-38,42,-35,44,-33,40,-33,44,-34,37,-27,39,-16,34,-16,36,-22,32,-10,31,-12,24,-4,25,-5,22,-2,19,3,17,3,9,6,14,13,7,12,7,21,7,22,5,26,5,25,2,30,2,31,1,29,4,37,6,37,5,39,13,43,14,50,14,48,18,52,20,54,21,55,26,58,30,57,42,67,39,65,40,58,53,63,49,68,54,70,58,69,64,78,60,73,69,76,67,77,67,76,0,0]"
CSI_DATA,135,1a:00:00:00:00:00,-51,11,1,0,1,1,1,0,0,0,1,-96,0,11,2,2019464,0,44,0,384,0,"[0,0,0,0,0,0,0,0,0,0,0,0,-3,15,-3,14,-2,14,-2,14,-2,13,-2,12,-1,12,0,11,0,11,0,10,0,10,1,10,1,9,1,8,1,8,2,8,2,7,1,7,2,6,1,6,1,5,1,5,0,4,0,4,0,4,0,3,0,0,-2,2,-2,2,-3,2,-3,1,-4,1,-4,0,-5,0,-5,0,-6,-1,-6,-2,-6,-2,-6,-3,-7,-3,-7,-4,-7,-4,-7,-4,-7,-4,-7,-5,-7,-5,-7,-5,-7,-6,-7,-6,-7,-6,-6,-7,-6,-7,-5,-7,0,0,0,0,0,0,0,0,0,0,0,0,0,0,76,54,76,49,76,48,73,47,70,39,65,40,70,35,66,35,70,30,59,28,64,27,63,21,58,24,61,25,55,16,54,11,56,15,46,11,42,8,42,7,43,4,46,2,38,0,33,8,32,2,35,6,25,7,23,4,18,8,19,3,16,5,9,7,11,11,9,13,2,12,-1,15,-2,19,-10,19,-10,18,-13,24,-16,19,-19,25,-22,26,-26,26,-26,22,-26,27,-27,19,-32,18,-30,24,-31,17,-34,25,-36,19,-35,16,-38,15,-43,15,-44,16,-41,7,0,0,0,0,0,0,0,0,0,0,0,0,0,0,0,0,0,0,0,0,0,0,53,78,43,77,48,80,36,74,36,80,36,74,38,74,36,74,36,77,37,71,28,72,34,67,43,67,35,66,24,64,30,58,34,60,22,53,30,47,26,47,24,43,25,37,21,38,25,29,15,26,19,26,15,18,15,14,9,15,4,16,1,2,3,6,-6,3,1,7,1,4,-6,0,-7,1,-15,5,-12,4,-15,13,-21,13,-18,12,-23,18,-28,22,-32,21,-20,26,-35,29,-38,35,-33,42,-35,51,-43,59,-36,56,-41,57,-45,58,-47,75,-51,69,-51,73,0,0]"
CSI_DATA,136,1a:00:00:00:00:00,-50,11,1,0,1,1,1,0,0,0,1,-96,0,11,2,2031957,0,44,0,384,0,"[0,0,0,0,0,0,0,0,0,0,0,0,-14,-11,-14,-10,-13,-9,-13,-10,-13,-9,-12,-9,-12,-8,-12,-7,-12,-8,-11,-7,-12,-7,-11,-6,-11,-6,-11,-5,-10,-5,-10,-4,-10,-4,-9,-4,-9,-3,-9,-3,-8,-3,-8,-3,-7,-3,-7,-3,-7,-3,-6,-3,0,0,-5,-3,-4,-3,-4,-3,-3,-3,-2,-3,-1,-3,-1,-3,0,-3,1,-3,2,-3,2,-3,3,-2,4,-2,4,-2,5,-1,5,-1,5,-1,6,-1,6,0,6,0,6,0,7,1,7,1,7,2,7,2,7,3,0,0,0,0,0,0,0,0,0,0,0,0,0,0,-85,36,-87,49,-79,54,-75,47,-76,51,-72,48,-71,46,-69,45,-62,43,-60,45,-60,48,-57,40,-59,44,-51,43,-54,44,-44,44,-49,47,-42,40,-38,35,-38,37,-38,42,-30,37,-28,39,-29,37,-26,35,-25,36,-25,30,-25,31,-26,27,-19,24,-19,20,-16,17,-28,15,-18,11,-19,12,-16,-1,-13,-4,-12,-5,-17,-10,-13,-14,-11,-11,0,-20,-5,-21,-2,-21,3,-24,3,-24,5,-29,3,-30,4,-32,7,-25,14,-31,12,-33,18,-29,17,-31,19,-31,21,-30,26,-29,0,0,0,0,0,0,0,0,0,0,0,0,0,0,0,0,0,0,0,0,0,0,-52,65,-64,54,-67,56,-72,54,-70,46,-70,43,-62,41,-58,39,-66,45,-66,44,-64,42,-57,45,-65,46,-56,38,-55,33,-46,35,-47,33,-43,34,-40,35,-42,26,-29,26,-29,19,-27,10,-31,12,-17,13,-20,11,-14,8,-14,12,-11,-2,-8,3,-6,6,-4,-1,-1,0,-8,-7,-6,-9,-5,-14,-3,-11,-5,-14,-5,-21,-7,-25,-9,-25,-14,-29,-12,-30,-20,-28,-18,-33,-19,-45,-24,-45,-30,-42,-30,-51,-36,-49,-40,-50,-45,-52,-40,-64,-44,-60,-48,-68,-53,-75,-54,-72,0,0]"
CSI_DATA,137,1a:00:00:00:00:00,-50,11,1,0,1,1,1,0,0,0,1,-96,0,11,2,2040217,0,44,0,384,0,"[0,0,0,0,0,0,0,0,0,0,0,0,16,-5,16,-5,15,-6,15,-5,14,-5,14,-5,13,-6,13,-5,13,-5,12,-5,12,-5,11,-6,11,-5,10,-6,10,-5,9,-6,9,-6,8,-6,8,-6,8,-6,7,-5,7,-5,6,-4,6,-5,6,-4,5,-4,0,0,5,-3,4,-3,4,-2,3,-1,3,-1,2,0,2,0,1,1,0,1,0,2,-1,2,-2,2,-3,2,-3,3,-4,3,-4,3,-5,3,-5,3,-5,3,-6,3,-6,3,-7,3,-7,3,-8,2,-8,2,-8,1,0,0,0,0,0,0,0,0,0,0,0,0,0,0,7,-50,5,-46,3,-46,6,-47,6,-46,7,-44,6,-43,5,-45,8,-39,1,-39,1,-38,1,-37,1,-37,1,-35,3,-33,-1,-32,1,-33,-3,-31,-1,-30,-3,-26,-1,-30,-5,-24,-5,-26,-1,-24,-3,-18,-1,-22,-2,-20,-4,-18,-1,-18,-5,-17,-1,-15,2,-14,2,-13,3,-13,2,-12,3,-4,5,-5,4,-3,6,-2,3,-3,7,0,5,6,3,7,4,8,3,8,2,11,1,10,3,14,0,13,0,16,1,15,0,16,0,17,-2,16,-3,16,-4,16,-5,18,0,0,0,0,0,0,0,0,0,0,0,0,0,0,0,0,0,0,0,0,0,0,-19,-35,-17,-36,-15,-37,-13,-37,-11,-35,-12,-37,-11,-33,-11,-33,-8,-36,-11,-34,-6,-32,-9,-31,-7,-30,-9,-29,-4,-28,-4,-25,-5,-23,-3,-20,-6,-20,-1,-18,-1,-16,-2,-16,-1,-12,-1,-12,1,-9,-1,-8,0,-6,3,-5,1,-3,1,-2,4,1,7,0,6,2,6,1,5,0,9,5,8,3,9,4,12,3,13,3,15,1,21,5,17,3,21,0,22,2,26,3,27,-1,26,-1,30,2,33,1,35,0,37,0,40,-1,37,1,40,0,46,-1,46,-1,0,0]"
CSI_DATA,138,1a:00:00:00:00:00,-51,11,1,0,1,1,1,0,0,0,1,-96,0,11,2,2049459,0,44,0,384,0,"[0,0,0,0,0,0,0,0,0,0,0,0,16,7,15,7,15,6,15,7,14,6,13,6,13,5,13,5,12,5,12,4,12,4,12,3,11,3,11,2,10,2,10,2,10,2,9,2,9,1,8,1,8,1,8,1,7,1,7,1,7,1,6,1,0,0,5,1,4,1,4,1,3,1,2,2,1,2,0,2,-1,1,-1,1,-2,1,-3,1,-4,1,-4,0,-5,0,-5,-1,-6,-1,-6,-1,-6,-1,-7,-1,-7,-1,-7,-2,-8,-2,-8,-2,-8,-3,-8,-4,-8,-4,0,0,0,0,0,0,0,0,0,0,0,0,0,0,41,-27,42,-24,39,-26,42,-24,38,-23,37,-20,37,-23,37,-21,33,-21,34,-20,34,-19,29,-22,28,-23,29,-21,28,-19,24,-17,27,-19,23,-18,21,-17,20,-17,18,-21,17,-17,16,-18,15,-16,13,-18,15,-13,12,-13,13,-11,14,-13,12,-12,10,-8,12,-11,10,-6,9,-6,11,-5,6,-3,3,0,2,0,1,3,2,5,1,5,0,4,-4,8,-5,10,-5,5,-10,10,-9,12,-8,8,-9,8,-12,9,-9,11,-13,11,-13,11,-17,9,-15,8,-17,8,-19,9,0,0,0,0,0,0,0,0,0,0,0,0,0,0,0,0,0,0,0,0,0,0,27,-27,27,-24,31,-24,31,-21,32,-22,29,-20,30,-16,28,-16,33,-18,30,-14,25,-13,25,-13,25,-12,24,-14,24,-14,22,-8,18,-7,18,-3,16,-8,14,1,9,-11,15,-5,12,-1,7,2,8,4,3,2,5,4,1,1,4,6,-1,8,0,4,1,8,-1,13,0,12,3,11,3,15,3,15,4,18,6,16,6,17,7,19,9,21,8,27,11,22,14,24,20,28,17,27,20,23,17,28,23,30,26,33,26,32,24,37,27,37,27,40,29,37,26,43,0,0]"
CSI_DATA,139,1a:00:00:00:00:00,-52,11,1,0,1,1,1,0,0,0,1,-96,0,11,2,2060516,0,44,0,384,0,"[0,0,0,0,0,0,0,0,0,0,0,0,-5,15,-4,14,-3,14,-3,13,-3,13,-3,12,-2,12,-2,11,-2,11,-1,10,-1,10,-1,10,-1,9,0,8,0,8,0,8,0,7,0,7,0,6,0,6,0,6,0,6,0,6,0,5,0,5,0,5,0,0,-1,4,-1,4,-2,4,-2,3,-2,3,-3,2,-3,2,-4,1,-4,1,-4,0,-5,-1,-5,-1,-5,-2,-5,-2,-5,-3,-5,-3,-5,-4,-5,-4,-6,-4,-6,-4,-6,-5,-6,-5,-6,-6,-6,-6,-6,-7,-5,-7,0,0,0,0,0,0,0,0,0,0,0,0,0,0,36,35,33,33,34,29,29,32,30,28,31,25,30,25,30,23,26,20,26,21,24,20,25,18,24,18,23,15,21,14,22,13,22,9,20,11,19,9,19,6,19,9,16,7,19,4,15,7,13,7,16,10,13,5,14,7,11,6,13,5,9,6,9,4,9,7,6,8,4,8,3,8,1,5,1,6,-1,9,-5,9,-5,7,-8,8,-8,7,-9,9,-11,5,-14,8,-13,4,-15,5,-14,3,-15,3,-14,3,-17,4,-17,5,-18,3,-18,2,-23,0,-20,2,0,0,0,0,0,0,0,0,0,0,0,0,0,0,0,0,0,0,0,0,0,0,-13,38,-17,37,-15,32,-18,35,-20,32,-19,32,-19,26,-18,28,-16,30,-14,27,-15,25,-13,25,-11,26,-14,21,-13,18,-12,16,-12,18,-9,11,-8,13,-10,9,-10,8,-10,6,-10,3,-13,1,-12,3,-8,0,-13,-6,-12,-6,-13,-2,-14,-3,-14,-6,-18,-7,-17,-4,-19,-5,-21,-3,-20,-4,-23,-2,-23,-2,-25,3,-28,5,-32,4,-28,7,-30,8,-32,12,-31,16,-35,16,-33,20,-32,18,-36,23,-36,27,-37,31,-35,28,-37,31,-34,33,-36,37,-38,37,-37,35,0,0]"
CSI_DATA,140,1a:00:00:00:00:00,-53,11,1,0,1,1,1,0,0,0,1,-96,0,11,2,2069503,0,44,0,384,0,"[0,0,0,0,0,0,0,0,0,0,0,0,-9,-12,-9,-11,-9,-9,-9,-10,-8,-8,-8,-8,-8,-7,-8,-6,-7,-6,-7,-5,-7,-5,-7,-5,-6,-4,-6,-4,-6,-4,-6,-4,-6,-3,-5,-3,-5,-3,-5,-4,-5,-4,-5,-4,-4,-4,-5,-4,-5,-4,-5,-4,0,0,-5,-4,-4,-5,-4,-5,-4,-5,-4,-5,-3,-5,-3,-5,-3,-5,-2,-6,-2,-6,-1,-6,-1,-6,-1,-6,0,-6,0,-6,0,-6,0,-6,1,-6,1,-6,1,-6,1,-7,1,-7,2,-7,2,-7,3,-7,3,-7,0,0,0,0,0,0,0,0,0,0,0,0,0,0,-47,0,-44,0,-42,3,-40,1,-36,6,-35,6,-30,9,-29,6,-25,7,-26,8,-26,7,-24,10,-21,10,-24,8,-19,8,-19,8,-18,10,-15,4,-14,5,-13,5,-15,8,-13,6,-12,8,-13,5,-12,7,-13,7,-13,5,-12,7,-13,5,-12,7,-16,5,-14,4,-16,1,-16,3,-14,-2,-15,2,-12,-1,-14,2,-12,1,-15,-3,-12,-4,-12,-7,-13,-6,-12,-8,-11,-8,-11,-10,-11,-9,-10,-8,-10,-8,-12,-11,-11,-10,-11,-12,-12,-12,-12,-13,-12,-14,-10,-14,-10,-15,0,0,0,0,0,0,0,0,0,0,0,0,0,0,0,0,0,0,0,0,0,0,37,-13,37,-13,35,-12,39,-13,34,-11,33,-14,31,-13,32,-15,30,-14,28,-14,27,-15,24,-13,23,-12,21,-9,21,-10,15,-12,18,-12,18,-7,14,-5,13,-6,12,-2,13,-1,12,2,13,3,11,2,11,4,14,7,13,7,15,11,14,6,15,7,19,6,20,8,21,3,26,0,24,-2,25,-3,27,-5,28,-10,29,-13,29,-12,27,-17,28,-21,28,-25,27,-26,19,-30,22,-34,20,-37,18,-39,17,-42,18,-44,12,-47,17,-49,8,-47,9,-53,5,-54,9,-51,0,0]"
CSI_DATA,141,1a:00:00:00:00:00,-54,11,1,0,1,1,1,0,0,0,1,-96,0,11,2,2079453,0,44,0,384,0,"[0,0,0,0,0,0,0,0,0,0,0,0,2,-14,1,-13,0,-12,0,-11,-1,-10,-1,-9,-1,-9,-1,-8,-1,-7,-1,-6,-1,-7,-1,-6,-1,-6,-1,-5,-1,-5,-1,-5,-1,-5,0,-5,-1,-5,0,-5,0,-6,0,-6,0,-6,0,-6,0,-7,-1,-7,0,0,-1,-7,0,-8,-1,-8,-1,-8,-1,-7,0,-8,0,-8,0,-7,0,-7,0,-7,0,-7,1,-6,1,-6,1,-6,2,-6,2,-6,2,-5,2,-5,2,-5,2,-5,3,-5,3,-5,3,-5,3,-5,4,-5,4,-5,0,0,0,0,0,0,0,0,0,0,0,0,0,0,-65,-67,-65,-56,-73,-47,-61,-43,-61,-42,-59,-33,-46,-32,-57,-21,-41,-23,-43,-19,-38,-16,-37,-8,-35,-11,-32,-12,-35,-8,-31,-6,-31,-13,-28,-13,-19,-11,-25,-6,-25,-11,-25,-12,-26,-13,-22,-18,-28,-10,-23,-18,-30,-13,-27,-12,-24,-11,-32,-13,-29,-21,-39,-14,-35,-14,-30,-15,-36,-14,-31,-20,-34,-15,-32,-19,-35,-21,-23,-16,-30,-19,-32,-15,-20,-18,-22,-24,-20,-18,-19,-19,-20,-20,-17,-21,-17,-16,-17,-23,-13,-26,-15,-28,-12,-29,-12,-30,-13,-26,-8,-29,-8,-30,0,0,0,0,0,0,0,0,0,0,0,0,0,0,0,0,0,0,0,0,0,0,49,66,46,65,45,66,45,63,43,60,44,59,43,48,43,47,44,48,44,36,37,36,38,32,37,38,36,29,27,22,23,23,29,22,18,20,16,14,8,24,8,16,6,17,3,17,1,17,3,21,-7,29,-7,32,-4,34,-12,33,-4,42,-8,38,0,46,2,46,11,46,21,49,21,51,29,48,38,41,41,41,52,37,59,38,60,34,66,23,75,23,76,9,81,11,89,-2,91,-6,90,-5,87,-22,94,-31,97,-40,98,-42,85,-44,93,-59,81,-56,85,-63,0,0]"
CSI_DATA,142,1a:00:00:00:00:00,-54,11,1,0,1,1,1,0,0,0,1,-96,0,11,2,2089455,0,44,0,384,0,"[0,0,0,0,0,0,0,0,0,0,0,0,12,4,11,3,10,2,10,2,9,2,8,1,7,0,7,0,6,0,6,0,5,1,5,0,4,1,4,1,4,1,4,1,4,1,4,1,4,1,5,1,5,2,5,1,5,2,6,1,6,2,6,1,0,0,7,1,7,1,7,1,7,1,7,1,7,1,7,1,6,1,6,1,6,1,6,2,5,2,5,2,4,2,4,2,3,2,3,2,3,2,3,2,2,3,2,3,2,3,2,4,2,4,1,4,1,5,0,0,0,0,0,0,0,0,0,0,0,0,0,0,38,-23,32,-25,28,-27,26,-27,24,-22,21,-23,20,-25,16,-24,17,-17,15,-18,9,-16,9,-18,9,-22,10,-15,7,-15,9,-13,7,-13,11,-12,7,-8,6,-8,8,-11,9,-11,9,-9,9,-11,12,-8,10,-9,11,-13,10,-10,13,-13,11,-17,13,-14,11,-16,12,-15,11,-15,11,-16,12,-15,12,-17,11,-14,13,-12,12,-13,12,-14,13,-12,11,-10,11,-11,8,-9,10,-3,11,-6,8,-5,10,-5,8,-4,8,-2,9,-3,11,-1,11,1,13,4,13,1,13,5,0,0,0,0,0,0,0,0,0,0,0,0,0,0,0,0,0,0,0,0,0,0,-28,32,-26,31,-27,31,-26,30,-25,27,-26,25,-21,27,-21,28,-17,26,-15,22,-14,26,-12,23,-12,18,-8,19,-10,13,-8,13,-5,13,-6,9,-6,4,-5,4,-9,3,-6,1,-8,-1,-9,-2,-12,-5,-10,-2,-16,-7,-11,-5,-19,-10,-19,-6,-19,-6,-27,-2,-26,-2,-25,0,-26,5,-25,4,-27,10,-29,14,-26,18,-28,22,-28,24,-20,28,-21,31,-16,37,-14,39,-8,38,-8,40,-5,44,0,42,1,48,3,50,9,47,9,52,16,45,17,52,20,48,20,50,0,0]"
CSI_DATA,143,1a:00:00:00:00:00,-54,11,1,0,1,1,1,0,0,0,1,-96,0,11,2,2110731,0,44,0,384,0,"[0,0,0,0,0,0,0,0,0,0,0,0,2,14,3,12,4,11,3,10,3,9,3,8,3,7,3,6,3,6,2,5,2,5,2,4,1,3,1,3,0,3,0,3,0,3,-1,3,-1,3,-2,3,-2,3,-2,4,-3,4,-3,4,-3,5,-3,5,0,0,-3,6,-4,6,-3,6,-3,7,-4,6,-4,6,-4,6,-4,6,-4,6,-4,6,-4,5,-4,5,-4,4,-4,4,-4,3,-4,3,-4,3,-4,2,-4,2,-4,1,-4,1,-4,0,-4,0,-4,0,-5,-1,-4,-2,0,0,0,0,0,0,0,0,0,0,0,0,0,0,49,9,44,9,45,3,38,1,36,0,35,-2,31,-3,27,-3,24,-7,23,-7,20,-9,17,-5,17,-5,14,-5,14,-3,10,-3,12,-3,10,-1,7,-2,8,1,8,1,6,1,9,2,7,5,7,6,8,6,9,5,12,7,11,5,13,9,17,7,14,8,12,9,16,7,17,11,14,9,14,12,16,10,16,11,15,8,12,8,13,8,10,12,11,6,8,10,10,8,6,10,5,6,6,6,3,8,3,6,2,9,-1,10,-2,10,-2,11,-3,10,-6,7,0,0,0,0,0,0,0,0,0,0,0,0,0,0,0,0,0,0,0,0,0,0,-27,28,-29,25,-29,27,-27,25,-27,26,-23,23,-17,22,-22,20,-20,24,-17,22,-17,21,-13,18,-8,19,-7,16,-7,15,-4,10,-1,8,-6,5,-4,7,-3,1,-3,-1,-1,-2,2,-7,2,-8,-4,-13,-8,-10,-4,-11,-4,-15,-7,-13,-13,-21,-17,-19,-18,-16,-19,-23,-21,-14,-24,-19,-25,-12,-33,-12,-32,-5,-31,-8,-38,0,-38,4,-38,7,-38,6,-37,15,-38,18,-35,17,-36,24,-35,30,-35,34,-33,42,-30,42,-26,45,-27,45,-23,47,-24,51,-19,49,-19,51,0,0]"
CSI_DATA,144,1a:00:00:00:00:00,-52,11,1,0,1,1,1,0,0,0,1,-96,0,11,2,2129442,0,44,0,384,0,"[0,0,0,0,0,0,0,0,0,0,0,0,13,7,12,6,11,4,11,4,10,3,9,3,8,2,7,2,6,1,5,1,5,0,4,0,3,0,2,0,1,0,1,0,0,0,-1,0,-1,0,-2,1,-2,1,-3,1,-3,1,-4,2,-5,2,-5,3,0,0,-6,3,-6,4,-7,4,-7,4,-7,4,-7,4,-7,4,-7,4,-8,4,-8,3,-8,3,-8,3,-7,2,-7,2,-7,1,-7,1,-6,1,-6,1,-6,0,-5,0,-5,-1,-5,-1,-5,-2,-5,-2,-4,-3,-4,-3,0,0,0,0,0,0,0,0,0,0,0,0,0,0,93,-47,88,-42,78,-50,67,-45,71,-51,60,-46,53,-38,47,-43,43,-40,37,-36,32,-38,31,-35,22,-32,20,-26,13,-25,12,-15,8,-17,11,-15,3,-9,2,-1,2,-1,4,0,0,4,4,9,3,8,4,18,2,17,8,20,2,25,4,33,-4,29,7,33,3,35,6,37,7,38,5,39,5,39,4,40,-1,43,-2,38,-2,38,1,33,-1,44,-3,39,-6,35,-7,29,-8,27,-7,29,-7,25,-7,24,-11,19,-11,22,-17,13,-12,11,-16,15,-17,7,-18,6,0,0,0,0,0,0,0,0,0,0,0,0,0,0,0,0,0,0,0,0,0,0,68,-14,58,-7,61,-5,60,-5,57,-1,53,0,49,-4,47,-2,45,-2,41,-3,39,-3,38,-6,32,-10,30,-10,23,-7,10,-8,7,-5,3,-7,6,-7,-10,-4,-11,-3,-11,-5,-19,-2,-25,-2,-31,3,-32,5,-36,10,-42,10,-42,10,-44,14,-46,27,-47,31,-48,27,-42,35,-46,45,-44,51,-41,51,-40,59,-34,64,-35,74,-28,76,-22,78,-20,82,-14,92,-3,90,-4,88,-1,96,11,95,18,105,24,105,24,102,36,111,34,113,37,103,43,111,50,110,43,102,0,0]"
CSI_DATA,145,1a:00:00:00:00:00,-51,11,1,0,1,1,1,0,0,0,1,-96,0,11,2,2139474,0,44,0,384,0,"[0,0,0,0,0,0,0,0,0,0,0,0,-14,3,-13,3,-12,4,-11,3,-10,3,-9,3,-8,3,-7,3,-6,3,-5,2,-4,2,-3,2,-3,1,-2,1,-1,1,-1,1,0,0,0,-1,1,-1,1,-2,1,-2,2,-3,2,-3,2,-4,3,-5,3,-5,0,0,4,-6,4,-7,4,-7,4,-7,5,-7,5,-7,5,-8,5,-7,5,-7,5,-7,6,-7,6,-6,6,-5,6,-5,6,-5,6,-4,5,-4,5,-4,5,-3,4,-3,5,-2,4,-1,4,-1,4,0,4,0,3,1,0,0,0,0,0,0,0,0,0,0,0,0,0,0,-15,44,-13,42,-12,40,-9,37,-9,37,-8,34,-4,31,-3,30,-2,24,-2,22,-1,22,1,19,0,17,0,13,0,11,1,7,2,7,0,3,1,2,3,0,1,-1,2,-4,0,-6,-1,-6,0,-8,-3,-9,-4,-9,-5,-14,-6,-11,-6,-13,-8,-16,-7,-14,-7,-18,-11,-18,-10,-17,-8,-18,-10,-20,-10,-23,-9,-23,-7,-23,-5,-20,-6,-21,-4,-24,-4,-21,-4,-19,-2,-20,1,-17,-2,-16,-2,-16,0,-14,1,-13,0,-14,2,-13,3,-11,7,-10,4,-10,9,-9,0,0,0,0,0,0,0,0,0,0,0,0,0,0,0,0,0,0,0,0,0,0,4,28,3,27,2,26,-1,27,1,25,-1,23,1,21,1,19,2,20,1,17,0,14,2,14,3,12,3,11,5,8,3,4,5,3,5,0,5,-1,5,-6,4,-7,5,-9,6,-11,5,-14,5,-19,5,-21,4,-16,3,-23,3,-22,1,-26,1,-26,-1,-29,-4,-29,-6,-28,-2,-32,-10,-30,-12,-29,-13,-31,-15,-31,-21,-32,-21,-32,-28,-30,-30,-30,-30,-29,-34,-28,-36,-23,-41,-26,-44,-24,-42,-23,-43,-25,-44,-23,-51,-23,-52,-24,-49,-18,-53,-23,-53,-19,-54,-19,0,0]"
CSI_DATA,146,1a:00:00:00:00:00,-50,11,1,0,1,1,1,0,0,0,1,-96,0,11,2,2149448,0,44,0,384,0,"[0,0,0,0,0,0,0,0,0,0,0,0,-9,-12,-9,-10,-9,-9,-8,-9,-8,-7,-7,-6,-7,-5,-6,-5,-5,-4,-5,-3,-4,-3,-4,-2,-3,-1,-3,0,-2,0,-1,0,-1,1,0,1,1,1,1,2,2,2,3,2,3,2,4,2,5,3,5,2,0,0,7,3,7,3,7,3,8,3,8,4,8,4,8,4,8,4,8,4,7,5,7,5,7,5,6,5,6,5,5,5,5,5,4,5,4,5,3,5,3,4,2,5,2,4,1,4,1,4,0,4,-1,4,0,0,0,0,0,0,0,0,0,0,0,0,0,0,-47,10,-46,10,-43,11,-36,12,-37,14,-34,12,-32,13,-27,12,-25,10,-21,12,-19,10,-17,11,-15,10,-10,8,-8,7,-4,6,-4,6,-2,4,-1,4,2,3,4,2,6,0,7,-3,6,-2,6,-4,10,-6,11,-8,12,-8,9,-13,9,-13,14,-13,14,-16,14,-15,14,-16,16,-19,15,-14,18,-18,18,-16,19,-14,17,-14,19,-14,21,-13,17,-12,21,-12,18,-11,17,-11,17,-7,18,-7,15,-6,17,-6,14,-3,15,-1,14,-2,12,2,11,1,10,2,8,4,0,0,0,0,0,0,0,0,0,0,0,0,0,0,0,0,0,0,0,0,0,0,-16,25,-16,21,-18,21,-16,20,-16,18,-16,14,-12,16,-15,13,-13,15,-11,11,-7,13,-8,12,-4,10,-6,9,-3,9,0,5,4,5,4,6,5,1,9,1,11,0,14,-1,13,-3,15,-7,15,-7,19,-10,19,-10,21,-11,21,-12,21,-16,20,-18,22,-20,22,-22,18,-23,21,-27,19,-26,18,-29,15,-32,14,-34,11,-39,12,-39,10,-42,8,-42,6,-44,4,-44,5,-47,-2,-50,-4,-48,-5,-51,-7,-52,-10,-52,-13,-55,-11,-56,-13,-55,-14,-60,-16,-57,-11,-53,0,0]"
CSI_DATA,147,1a:00:00:00:00:00,-50,11,1,0,1,1,1,0,0,0,1,-96,0,11,2,2159449,0,44,0,384,0,"[0,0,0,0,0,0,0,0,0,0,0,0,11,-8,9,-7,8,-7,8,-7,7,-7,5,-6,5,-6,4,-5,3,-5,2,-4,1,-4,0,-4,0,-3,-1,-2,-2,-2,-2,-1,-2,-1,-3,0,-3,0,-4,1,-4,1,-5,2,-5,2,-5,4,-5,4,-5,4,0,0,-6,6,-7,6,-7,6,-7,7,-7,6,-8,6,-8,6,-8,6,-8,6,-8,5,-8,5,-8,4,-8,4,-8,4,-8,3,-8,3,-7,2,-7,2,-7,1,-7,1,-6,0,-6,0,-6,-1,-6,-1,-5,-2,-5,-2,0,0,0,0,0,0,0,0,0,0,0,0,0,0,-2,-46,0,-44,-5,-41,-4,-38,-4,-37,-6,-34,-3,-29,-8,-28,-6,-23,-5,-19,-7,-18,-8,-16,-8,-16,-7,-11,-6,-8,-6,-6,-7,-3,-6,-2,-6,-2,-5,0,-7,5,-2,7,-3,7,-1,11,-1,11,-3,13,2,13,2,14,2,16,3,18,2,17,4,18,3,19,5,21,3,22,4,24,3,21,3,25,4,23,3,23,0,24,0,22,-2,22,-4,22,-2,20,-3,20,-4,18,-6,17,-5,15,-5,13,-5,13,-6,13,-9,11,-8,11,-11,10,-10,7,-10,6,0,0,0,0,0,0,0,0,0,0,0,0,0,0,0,0,0,0,0,0,0,0,-26,-11,-25,-12,-22,-12,-22,-12,-18,-13,-18,-13,-17,-10,-16,-9,-16,-9,-14,-7,-12,-6,-12,-2,-12,-2,-10,-2,-7,-1,-7,2,-2,6,-4,6,-3,7,-1,8,-3,7,1,13,3,11,5,15,7,17,10,19,7,20,10,20,9,20,13,21,14,19,16,21,19,20,20,19,22,21,24,19,24,17,30,16,30,14,33,15,37,13,37,9,40,9,40,7,40,9,42,0,45,4,47,0,47,0,49,-1,48,2,58,-3,57,-3,51,-2,57,-2,56,-3,53,-4,0,0]"
CSI_DATA,148,1a:00:00:00:00:00,-50,11,1,0,1,1,1,0,0,0,1,-96,0,11,2,2169538,0,44,0,384,0,"[0,0,0,0,0,0,0,0,0,0,0,0,-13,5,-11,5,-10,5,-10,4,-8,4,-7,4,-6,4,-5,3,-4,3,-3,3,-2,2,-1,2,-1,2,0,1,1,1,1,0,2,0,2,-1,3,-2,3,-2,3,-3,4,-3,4,-4,5,-5,5,-5,5,-6,0,0,6,-6,7,-7,7,-7,7,-8,7,-7,7,-7,8,-7,7,-7,8,-7,8,-6,8,-6,8,-5,8,-5,7,-4,7,-4,7,-4,7,-3,6,-3,6,-2,6,-2,6,-1,5,-1,5,0,5,0,5,1,4,1,0,0,0,0,0,0,0,0,0,0,0,0,0,0,0,49,-2,46,3,40,4,37,3,37,2,30,4,28,6,24,5,22,4,22,4,16,7,14,9,12,7,7,6,5,6,7,5,2,5,0,5,0,3,-4,2,-6,0,-7,0,-9,-1,-9,-2,-13,-6,-15,-6,-13,-4,-15,-5,-17,-8,-20,-9,-19,-10,-21,-10,-25,-9,-25,-11,-24,-10,-24,-11,-24,-7,-24,-9,-27,-8,-24,-7,-25,-5,-27,-5,-24,-4,-24,-4,-23,-3,-23,-1,-20,-1,-21,0,-19,1,-18,2,-16,1,-15,3,-15,5,-13,6,-11,6,-11,8,-9,0,0,0,0,0,0,0,0,0,0,0,0,0,0,0,0,0,0,0,0,0,0,17,20,12,20,13,20,12,20,11,18,9,16,8,15,9,13,11,11,9,11,7,9,7,7,8,6,9,3,7,3,6,-3,7,-4,5,-7,6,-9,3,-9,1,-11,4,-17,2,-16,3,-20,0,-20,-3,-23,-3,-21,-4,-24,-6,-25,-9,-27,-12,-25,-12,-28,-14,-27,-19,-23,-18,-27,-22,-26,-24,-27,-26,-26,-27,-26,-32,-22,-34,-22,-38,-20,-35,-18,-42,-15,-39,-14,-47,-10,-49,-9,-49,-7,-51,-6,-53,-8,-52,-7,-55,-4,-56,-5,-53,-2,-58,-3,-56,-2,-55,1,0,0]"
CSI_DATA,149,1a:00:00:00:00:00,-51,11,1,0,1,1,1,0,0,0,1,-96,0,11,2,2179452,0,44,0,384,0,"[0,0,0,0,0,0,0,0,0,0,0,0,-13,2,-12,3,-11,3,-10,3,-9,3,-7,2,-6,3,-5,2,-4,2,-3,2,-2,1,-1,1,-1,1,0,0,0,0,1,-1,1,-1,2,-2,2,-3,2,-3,3,-4,3,-5,3,-5,3,-6,4,-7,4,-7,0,0,4,-8,4,-9,4,-9,5,-10,5,-9,5,-9,5,-9,5,-9,5,-9,6,-9,6,-8,6,-7,6,-7,5,-6,6,-6,5,-6,5,-5,5,-5,5,-4,5,-4,5,-3,5,-3,5,-2,5,-2,5,-1,4,0,0,0,0,0,0,0,0,0,0,0,0,0,0,0,-7,45,-7,42,-1,40,-1,35,-1,35,0,30,1,28,1,25,6,21,3,21,4,15,5,13,4,9,2,8,4,5,2,2,2,1,2,0,1,-3,1,-3,-2,-6,-2,-7,-2,-8,-5,-9,-5,-12,-8,-12,-9,-15,-12,-13,-12,-15,-15,-17,-13,-13,-15,-15,-15,-18,-17,-17,-17,-18,-16,-22,-17,-21,-15,-20,-15,-24,-15,-21,-15,-25,-11,-22,-11,-23,-12,-22,-11,-19,-9,-20,-9,-18,-8,-18,-7,-16,-3,-16,-2,-15,-5,-13,-3,-14,1,-13,3,-13,1,-14,4,-11,0,0,0,0,0,0,0,0,0,0,0,0,0,0,0,0,0,0,0,0,0,0,0,24,-4,25,-3,21,-1,23,-2,20,-4,19,-2,16,-2,14,-2,14,1,12,2,13,3,8,2,8,3,6,3,2,5,-1,6,0,7,-3,6,-7,6,-10,7,-10,4,-15,8,-16,5,-20,6,-20,5,-23,7,-24,3,-24,2,-26,-1,-28,-2,-27,-3,-30,-4,-32,-7,-30,-8,-33,-14,-29,-15,-30,-20,-32,-22,-32,-27,-32,-27,-31,-34,-26,-32,-27,-38,-24,-38,-25,-40,-21,-43,-23,-47,-18,-47,-17,-52,-16,-52,-12,-54,-15,-56,-13,-54,-10,-58,-9,-54,-9,-55,-10,0,0]"
CSI_DATA,150,1a:00:00:00:00:00,-52,11,1,0,1,1,1,0,0,0,1,-96,0,11,2,2199428,0,44,0,384,0,"[0,0,0,0,0,0,0,0,0,0,0,0,10,-3,8,-4,7,-4,6,-3,6,-3,4,-3,4,-3,3,-2,3,-2,2,-1,2,-1,2,0,2,0,1,1,2,1,2,2,2,2,2,2,3,2,3,3,4,3,4,3,5,3,5,3,6,3,6,3,0,0,7,3,8,3,8,3,8,2,8,2,8,2,8,2,8,2,8,2,8,2,7,2,6,2,6,2,6,2,6,2,5,2,5,2,4,2,4,2,4,2,4,2,3,3,3,3,3,3,2,3,2,4,0,0,0,0,0,0,0,0,0,0,0,0,0,0,3,-41,0,-37,-3,-32,-3,-33,-3,-32,-4,-27,-6,-22,-6,-20,-6,-17,-3,-13,-5,-13,-4,-10,-2,-11,-2,-8,0,-8,1,-7,3,-5,4,-6,3,-5,5,-7,5,-5,6,-4,8,-8,9,-9,11,-8,12,-8,9,-12,13,-15,14,-14,13,-17,11,-18,9,-18,12,-18,12,-21,11,-20,11,-19,9,-20,9,-21,10,-20,10,-21,9,-19,9,-18,9,-16,10,-17,10,-15,7,-13,10,-13,10,-11,7,-11,8,-10,9,-10,8,-7,10,-9,10,-7,11,-6,9,-4,12,-4,0,0,0,0,0,0,0,0,0,0,0,0,0,0,0,0,0,0,0,0,0,0,9,22,9,22,10,20,8,20,6,19,6,16,6,15,6,12,6,13,4,12,2,10,2,9,0,7,-2,8,-4,6,-3,1,-6,4,-9,3,-12,4,-11,2,-14,4,-17,8,-19,6,-21,8,-21,10,-20,12,-22,11,-24,16,-22,15,-22,19,-19,22,-20,25,-18,26,-14,30,-10,30,-8,34,-6,36,-4,35,3,37,6,39,11,40,15,38,18,39,25,39,27,36,28,35,30,33,37,28,39,27,43,27,45,22,47,21,50,22,45,14,49,16,49,10,46,11,0,0]"
CSI_DATA,151,1a:00:00:00:00:00,-53,11,1,0,1,1,1,0,0,0,1,-96,0,11,2,2229480,0,44,0,384,0,"[0,0,0,0,0,0,0,0,0,0,0,0,8,-1,7,-1,7,-1,6,-1,5,-1,4,-1,4,-1,3,0,3,0,3,0,3,1,3,1,3,1,3,1,3,2,3,2,4,2,4,2,4,2,5,2,5,2,6,2,6,2,7,1,7,1,7,1,0,0,8,1,9,0,9,0,9,0,9,0,9,0,9,0,8,0,8,-1,8,0,8,0,8,0,7,0,7,0,6,0,6,0,6,0,6,0,6,0,5,0,5,1,5,1,5,1,5,2,5,2,4,3,0,0,0,0,0,0,0,0,0,0,0,0,0,0,20,-64,23,-57,12,-53,8,-53,2,-48,6,-34,2,-38,1,-38,2,-32,3,-23,1,-19,5,-25,8,-21,7,-17,11,-17,8,-14,16,-21,16,-17,8,-18,13,-18,17,-23,15,-21,9,-21,17,-24,17,-25,19,-28,17,-27,10,-37,14,-37,12,-42,14,-39,6,-39,15,-45,7,-46,3,-40,13,-38,5,-42,3,-42,1,-46,4,-39,5,-39,7,-41,6,-41,5,-37,6,-37,5,-39,7,-38,10,-39,5,-27,4,-28,3,-28,3,-28,5,-28,7,-27,12,-24,10,-23,17,-26,0,0,0,0,0,0,0,0,0,0,0,0,0,0,0,0,0,0,0,0,0,0,-59,33,-55,27,-57,26,-59,26,-55,27,-52,25,-48,27,-50,27,-48,27,-48,30,-45,24,-46,30,-44,27,-43,26,-44,19,-40,18,-44,25,-43,18,-42,22,-42,17,-40,19,-46,20,-48,16,-46,18,-49,22,-42,21,-48,17,-42,25,-53,21,-48,36,-45,31,-43,41,-41,42,-36,42,-39,47,-27,51,-26,57,-20,60,-13,62,-9,65,-3,73,7,74,11,67,22,67,23,67,29,68,39,62,38,67,54,59,56,66,58,59,63,58,69,53,73,50,78,48,76,41,74,37,0,0]"
CSI_DATA,152,1a:00:00:00:00:00,-52,11,1,0,1,1,1,0,0,0,1,-96,0,11,2,2251182,0,44,0,384,0,"[0,0,0,0,0,0,0,0,0,0,0,0,-9,9,-8,9,-7,8,-6,8,-5,7,-5,7,-4,6,-3,6,-3,5,-2,4,-2,4,-1,3,-1,2,-1,2,-1,1,0,1,0,0,-1,-1,-1,-1,-1,-2,-1,-2,-2,-3,-2,-3,-2,-4,-3,-4,-3,-5,0,0,-4,-6,-4,-6,-4,-7,-4,-7,-4,-7,-4,-8,-5,-8,-4,-8,-5,-8,-4,-8,-4,-8,-3,-8,-3,-8,-3,-8,-3,-8,-3,-8,-2,-8,-2,-8,-2,-8,-2,-7,-1,-7,-1,-7,0,-7,0,-7,1,-7,1,-7,0,0,0,0,0,0,0,0,0,0,0,0,0,0,12,38,13,37,16,36,15,34,15,33,16,27,15,25,15,21,13,17,15,16,12,14,11,10,10,10,8,10,6,7,6,8,6,4,4,2,5,2,2,2,1,-2,0,0,-1,-2,-3,-2,-5,1,-10,1,-9,-3,-9,-2,-11,0,-10,-1,-15,2,-16,3,-15,0,-19,1,-19,0,-21,0,-21,1,-22,1,-20,-2,-23,-1,-21,1,-21,-2,-20,-6,-21,-2,-21,-5,-18,-3,-18,-3,-19,-3,-17,-5,-19,-5,-17,-6,-17,-7,-18,-6,-14,-8,-14,-11,-13,-9,-13,-12,0,0,0,0,0,0,0,0,0,0,0,0,0,0,0,0,0,0,0,0,0,0,-30,24,-31,20,-29,19,-31,18,-32,16,-31,15,-30,16,-30,13,-29,13,-25,11,-28,12,-26,9,-25,9,-24,9,-21,1,-20,4,-23,3,-20,1,-19,-1,-17,-2,-16,-2,-17,-4,-16,-7,-17,-10,-15,-12,-15,-12,-16,-16,-17,-14,-14,-14,-17,-18,-15,-14,-17,-18,-18,-17,-19,-19,-21,-15,-24,-16,-23,-16,-25,-13,-27,-11,-29,-12,-35,-13,-36,-9,-36,-8,-38,-5,-38,-7,-42,0,-41,4,-44,2,-43,5,-48,4,-49,8,-49,11,-53,11,-50,15,-50,15,-47,16,-47,15,0,0]"
CSI_DATA,153,1a:00:00:00:00:00,-51,11,1,0,1,1,1,0,0,0,1,-96,0,11,2,2262722,0,44,0,384,0,"[0,0,0,0,0,0,0,0,0,0,0,0,13,1,12,1,11,0,11,0,10,0,9,0,8,-1,7,-1,6,-2,5,-2,5,-2,4,-2,3,-2,2,-3,2,-2,1,-3,0,-3,0,-3,-1,-2,-2,-2,-2,-2,-3,-2,-3,-2,-4,-2,-5,-2,-5,-1,0,0,-6,-1,-7,-1,-7,-1,-8,-1,-8,-1,-8,-2,-9,-2,-8,-2,-9,-2,-9,-3,-9,-3,-8,-3,-8,-3,-8,-4,-7,-4,-7,-4,-7,-4,-7,-4,-6,-4,-6,-5,-5,-5,-5,-5,-5,-6,-4,-6,-3,-6,-2,-6,0,0,0,0,0,0,0,0,0,0,0,0,0,0,19,-41,18,-40,15,-39,14,-33,12,-38,11,-33,8,-31,9,-28,5,-26,5,-25,3,-25,2,-21,1,-17,-2,-17,-1,-17,-2,-13,-4,-10,-4,-8,-2,-9,-8,-5,-6,-4,-6,-3,-4,-2,-5,2,-8,2,-6,5,-7,6,-4,7,-6,11,-5,11,-5,12,-4,15,-8,14,-5,15,-6,18,-7,17,-10,17,-8,20,-9,16,-9,19,-9,17,-10,18,-11,20,-11,20,-13,15,-13,16,-12,14,-12,12,-14,12,-13,12,-15,9,-14,10,-17,7,-14,5,-13,7,-16,5,-15,2,0,0,0,0,0,0,0,0,0,0,0,0,0,0,0,0,0,0,0,0,0,0,5,-35,8,-33,9,-35,11,-34,13,-33,15,-31,14,-29,15,-27,14,-27,16,-22,17,-24,13,-21,14,-18,15,-18,15,-14,13,-12,13,-13,16,-10,15,-5,14,-2,14,-2,14,3,11,4,13,7,15,9,11,10,11,13,9,13,10,16,10,17,10,17,11,21,10,19,11,21,15,23,13,19,16,21,18,22,19,21,22,22,23,24,26,24,29,23,29,23,32,22,32,25,35,22,39,18,38,19,44,20,45,19,46,15,46,24,44,20,47,22,48,21,45,19,0,0]"
CSI_DATA,154,1a:00:00:00:00:00,-50,11,1,0,1,1,1,0,0,0,1,-96,0,11,2,2270148,0,44,0,384,0,"[0,0,0,0,0,0,0,0,0,0,0,0,14,2,13,1,13,1,12,1,11,0,9,0,9,-1,8,-1,7,-1,6,-2,6,-2,5,-2,4,-2,3,-3,3,-3,2,-4,1,-4,1,-4,0,-3,-1,-4,-1,-4,-2,-4,-2,-4,-3,-4,-4,-4,-4,-4,0,0,-5,-5,-6,-5,-6,-5,-7,-6,-7,-6,-7,-6,-7,-6,-7,-7,-7,-7,-7,-8,-6,-8,-5,-8,-5,-8,-5,-8,-4,-8,-4,-8,-4,-8,-3,-7,-2,-8,-2,-7,-1,-7,-1,-8,0,-7,1,-7,2,-6,2,-6,0,0,0,0,0,0,0,0,0,0,0,0,0,0,25,-41,26,-38,19,-37,22,-35,21,-34,16,-31,17,-31,13,-26,13,-26,11,-25,7,-23,8,-20,7,-18,4,-18,5,-17,-1,-16,-2,-16,-1,-14,-1,-10,-6,-8,-6,-8,-7,-7,-6,-5,-8,-4,-9,-3,-11,-3,-11,-1,-14,2,-15,5,-15,4,-14,5,-13,6,-17,6,-18,7,-18,9,-19,7,-22,7,-20,7,-24,6,-23,3,-20,5,-25,3,-21,2,-21,-1,-21,-2,-23,0,-22,-4,-21,-3,-17,-4,-18,-4,-18,-6,-17,-6,-16,-7,-12,-9,-14,-11,-11,-13,-10,-12,0,0,0,0,0,0,0,0,0,0,0,0,0,0,0,0,0,0,0,0,0,0,-23,-30,-19,-29,-20,-28,-16,-31,-12,-31,-10,-33,-9,-28,-4,-29,-6,-29,-3,-31,-3,-28,-4,-22,0,-24,2,-25,2,-21,5,-16,3,-15,6,-13,7,-12,9,-8,11,-8,9,-2,12,-2,12,0,11,5,12,8,10,8,14,10,12,14,12,14,15,12,13,15,14,17,13,15,17,19,16,17,20,18,21,17,22,19,24,19,25,20,29,18,29,19,34,18,30,19,37,18,36,19,37,20,39,19,42,23,43,22,47,21,46,21,45,24,49,25,47,23,49,25,0,0]"
CSI_DATA,155,1a:00:00:00:00:00,-49,11,1,0,1,1,1,0,0,0,1,-96,0,11,2,2279483,0,44,0,384,0,"[0,0,0,0,0,0,0,0,0,0,0,0,-14,6,-13,6,-12,6,-12,6,-10,5,-10,5,-8,5,-8,5,-7,5,-6,4,-5,5,-4,5,-3,4,-3,4,-2,4,-1,4,-1,4,0,4,1,3,1,3,2,3,3,3,3,3,4,3,5,3,5,3,0,0,6,3,6,3,7,3,7,3,7,3,7,4,8,4,7,4,8,4,7,5,7,5,6,6,6,6,5,6,5,6,5,6,4,6,4,6,3,6,2,6,2,6,1,6,0,6,-1,6,-2,5,-2,5,0,0,0,0,0,0,0,0,0,0,0,0,0,0,10,47,7,45,10,42,10,40,9,41,8,33,7,33,8,31,8,31,8,27,11,24,10,21,10,19,10,16,7,15,9,12,12,11,9,9,11,6,10,3,10,2,11,3,9,0,8,-1,10,-4,12,-7,13,-7,12,-9,12,-10,11,-12,12,-12,13,-14,13,-15,13,-16,13,-16,14,-15,16,-18,18,-16,17,-15,18,-15,18,-15,21,-13,20,-12,19,-11,19,-9,19,-8,19,-6,18,-7,18,-6,17,-2,15,-1,15,0,15,1,15,4,14,5,13,6,11,10,0,0,0,0,0,0,0,0,0,0,0,0,0,0,0,0,0,0,0,0,0,0,33,-17,34,-14,35,-12,33,-11,33,-6,31,-3,29,-2,30,-2,29,1,27,3,26,3,24,3,22,4,18,6,17,6,13,8,11,6,9,6,8,8,3,7,2,5,-1,6,-4,5,-7,6,-8,5,-10,4,-10,3,-15,3,-15,0,-19,3,-20,1,-22,3,-23,0,-25,1,-25,3,-25,1,-26,3,-29,4,-31,6,-32,7,-32,8,-35,10,-33,9,-36,11,-38,11,-38,12,-38,14,-41,16,-42,16,-45,16,-47,18,-46,20,-51,17,-50,19,-54,17,-52,17,-54,18,0,0]"
CSI_DATA,156,1a:00:00:00:00:00,-49,11,1,0,1,1,1,0,0,0,1,-96,0,11,2,2289464,0,44,0,384,0,"[0,0,0,0,0,0,0,0,0,0,0,0,-15,0,-14,0,-13,1,-13,0,-11,0,-11,0,-10,2,-9,1,-8,1,-7,1,-7,2,-6,3,-6,3,-5,3,-4,2,-4,4,-3,3,-2,4,-2,4,-1,4,-1,4,0,4,0,4,1,5,1,5,1,5,0,0,2,6,2,6,3,7,3,7,2,6,2,7,2,8,1,8,1,7,1,8,0,8,0,7,-1,7,-1,7,-1,7,-1,6,-2,6,-2,5,-3,5,-3,5,-3,4,-4,4,-4,3,-4,3,-4,2,-5,1,0,0,0,0,0,0,0,0,0,0,0,0,0,0,-49,-3,-48,-2,-45,-1,-41,-1,-42,-1,-36,-1,-35,-2,-33,1,-29,0,-29,3,-27,4,-25,1,-23,4,-20,4,-17,6,-13,7,-16,7,-10,7,-10,10,-8,7,-7,10,-5,10,-3,12,-2,12,-2,13,2,13,0,14,4,14,6,15,7,14,5,15,9,18,8,17,11,17,8,19,9,21,8,22,7,19,6,22,6,22,4,24,3,24,1,20,2,22,-2,19,-3,20,-4,18,-5,19,-3,18,-5,13,-6,14,-7,15,-10,11,-11,11,-12,9,-12,6,-11,5,0,0,0,0,0,0,0,0,0,0,0,0,0,0,0,0,0,0,0,0,0,0,23,29,19,29,16,29,14,30,12,31,9,30,7,30,4,29,3,25,1,27,2,25,0,21,2,23,-3,21,-3,16,-3,14,-3,11,-5,10,-2,8,-4,5,-4,2,-6,-2,-3,-1,-1,-7,-2,-10,-1,-10,0,-13,0,-14,2,-17,0,-18,2,-20,4,-19,3,-23,2,-23,2,-27,2,-26,2,-27,2,-30,0,-28,-1,-33,-1,-32,-4,-35,-4,-38,-5,-39,-4,-37,-10,-40,-9,-40,-10,-44,-9,-45,-8,-47,-8,-50,-10,-53,-6,-52,-9,-53,-9,-57,-8,-57,-5,-55,0,0]"
CSI_DATA,157,1a:00:00:00:00:00,-49,11,1,0,1,1,1,0,0,0,1,-96,0,11,2,2299445,0,44,0,384,0,"[0,0,0,0,0,0,0,0,0,0,0,0,12,-8,11,-8,10,-8,10,-7,9,-7,8,-6,7,-7,6,-6,6,-6,4,-6,4,-6,3,-6,2,-6,2,-6,1,-5,0,-6,0,-5,-1,-5,-2,-5,-2,-5,-3,-5,-3,-5,-4,-5,-4,-4,-5,-5,-5,-5,0,0,-6,-5,-7,-5,-7,-5,-7,-5,-7,-6,-7,-6,-7,-6,-7,-7,-7,-7,-6,-7,-6,-8,-5,-8,-5,-8,-4,-8,-4,-8,-3,-8,-2,-7,-2,-7,-2,-7,-1,-6,0,-6,0,-6,1,-5,1,-5,2,-4,2,-4,0,0,0,0,0,0,0,0,0,0,0,0,0,0,-19,-99,-16,-89,-20,-86,-15,-83,-14,-79,-12,-74,-14,-66,-16,-65,-14,-58,-14,-52,-13,-49,-15,-43,-14,-43,-19,-41,-20,-32,-22,-26,-20,-27,-19,-22,-19,-20,-20,-16,-24,-9,-22,-10,-25,-5,-25,2,-21,-2,-29,2,-26,3,-28,10,-32,6,-31,14,-31,15,-33,15,-34,13,-35,21,-38,17,-39,14,-42,14,-40,13,-46,12,-46,11,-45,10,-44,3,-45,4,-44,0,-39,-2,-39,-5,-33,-8,-35,-9,-31,-9,-25,-9,-27,-14,-23,-18,-20,-19,-19,-20,-14,-21,-11,-22,-4,-21,0,0,0,0,0,0,0,0,0,0,0,0,0,0,0,0,0,0,0,0,0,0,-12,75,-22,67,-28,68,-31,62,-35,59,-37,53,-34,51,-36,45,-39,40,-39,39,-38,35,-36,33,-37,32,-34,25,-30,21,-29,15,-22,14,-21,10,-17,10,-10,5,-8,6,0,-2,5,-6,7,-4,13,-4,17,-7,24,-3,25,-7,29,-6,32,-5,33,-7,44,-7,40,-10,42,-9,49,-10,52,-12,53,-13,56,-17,57,-19,66,-22,65,-23,63,-27,68,-28,72,-31,69,-31,73,-28,75,-38,77,-36,81,-41,90,-41,87,-41,90,-46,104,-47,97,-40,102,-43,106,-38,104,-34,0,0]"
CSI_DATA,158,1a:00:00:00:00:00,-49,11,1,0,1,1,1,0,0,0,1,-96,0,11,2,2309898,0,44,0,384,0,"[0,0,0,0,0,0,0,0,0,0,0,0,-15,1,-13,2,-13,2,-12,2,-11,2,-10,1,-9,2,-8,2,-8,2,-7,2,-7,2,-6,3,-5,2,-4,3,-4,3,-3,3,-2,3,-2,3,-1,3,-1,4,0,4,0,4,1,4,1,4,2,5,2,5,0,0,3,5,3,6,3,6,3,6,3,6,3,7,3,7,2,7,2,7,1,8,1,8,0,7,0,7,-1,7,-1,7,-1,6,-2,6,-2,5,-2,5,-2,4,-3,4,-3,3,-4,2,-4,2,-4,1,-4,0,0,0,0,0,0,0,0,0,0,0,0,0,0,0,-2,47,-1,45,3,43,-1,39,0,40,-1,33,1,33,2,33,2,27,1,28,2,24,0,22,1,20,4,19,5,16,7,15,7,10,7,9,8,10,9,7,8,6,8,5,11,2,9,0,11,1,13,1,13,-1,13,-5,11,-6,15,-8,15,-5,18,-7,17,-6,17,-9,16,-9,20,-6,20,-5,22,-5,22,-2,22,-3,20,-3,21,-2,19,1,19,2,18,2,18,3,17,5,15,5,14,7,12,8,10,7,8,8,8,7,6,10,6,8,2,8,0,8,0,0,0,0,0,0,0,0,0,0,0,0,0,0,0,0,0,0,0,0,0,0,2,-37,4,-35,8,-34,10,-34,13,-31,14,-30,14,-28,13,-25,16,-25,14,-24,16,-23,14,-22,13,-20,14,-16,12,-15,9,-13,7,-14,6,-10,5,-9,2,-7,0,-6,-1,-6,-3,-6,-7,-5,-9,-4,-11,-3,-13,-4,-18,-4,-15,-6,-19,-3,-19,-1,-24,-3,-22,-4,-25,-3,-28,-2,-28,-2,-27,-2,-29,3,-29,4,-33,8,-35,6,-35,6,-37,7,-39,9,-37,10,-40,7,-41,10,-42,12,-45,12,-48,13,-47,14,-50,16,-50,12,-52,11,-56,14,-54,9,-50,8,0,0]"
CSI_DATA,159,1a:00:00:00:00:00,-50,11,1,0,1,1,1,0,0,0,1,-96,0,11,2,2319805,0,44,0,384,0,"[0,0,0,0,0,0,0,0,0,0,0,0,-4,13,-4,12,-2,12,-2,11,-2,10,-2,9,-1,9,-1,8,-1,7,-1,6,0,5,0,5,1,4,1,3,1,3,1,2,1,2,1,1,2,1,3,1,2,0,3,-1,2,-1,3,-2,4,-2,4,-2,0,0,4,-3,5,-3,5,-3,6,-4,6,-3,5,-3,6,-3,6,-3,6,-3,7,-1,7,-1,6,-1,5,0,5,0,5,0,5,1,4,1,4,1,4,1,3,2,3,2,2,2,2,2,1,2,0,2,0,2,0,0,0,0,0,0,0,0,0,0,0,0,0,0,-5,49,-4,46,-1,45,-4,38,-4,40,-5,35,-2,33,-3,31,-3,27,-1,26,1,23,1,21,1,19,2,17,1,17,4,13,4,11,5,9,6,9,5,7,7,6,7,5,6,1,8,1,7,0,6,-2,9,-3,9,-3,10,-5,10,-7,12,-6,12,-8,13,-9,13,-12,13,-9,15,-10,16,-10,17,-10,17,-8,16,-9,18,-6,17,-4,17,-4,18,-2,17,-2,14,0,13,1,14,0,13,2,11,3,10,2,9,4,8,4,6,5,4,6,3,7,1,6,0,0,0,0,0,0,0,0,0,0,0,0,0,0,0,0,0,0,0,0,0,0,6,-35,10,-35,11,-34,12,-32,15,-30,14,-28,13,-26,14,-26,14,-26,12,-23,14,-20,11,-20,11,-20,11,-18,9,-14,6,-15,6,-15,2,-13,0,-12,-1,-12,-3,-13,-8,-12,-9,-11,-10,-12,-12,-12,-15,-11,-15,-13,-17,-14,-19,-13,-22,-12,-21,-12,-25,-9,-24,-11,-26,-10,-30,-10,-30,-9,-29,-7,-32,-6,-34,-4,-37,-2,-37,-4,-36,-1,-41,-1,-39,1,-38,0,-45,7,-45,5,-44,7,-47,5,-48,6,-52,7,-53,9,-55,5,-53,5,-57,2,-57,5,-54,2,0,0]"
CSI_DATA,160,1a:00:00:00:00:00,-50,11,1,0,1,1,1,0,0,0,1,-96,0,11,2,2332883,0,44,0,384,0,"[0,0,0,0,0,0,0,0,0,0,0,0,-7,13,-7,12,-5,11,-6,11,-5,10,-5,8,-5,8,-4,7,-4,6,-3,6,-3,5,-2,5,-2,4,-1,4,-1,3,-1,3,-1,2,0,1,0,1,1,1,1,1,1,0,1,-1,2,-1,3,-1,2,-2,0,0,3,-2,4,-2,4,-2,4,-2,4,-2,5,-2,5,-1,5,-1,5,-1,5,-1,5,0,5,0,4,0,4,1,3,1,3,1,3,1,2,1,2,1,2,2,1,2,1,1,1,1,0,1,-1,2,-1,1,0,0,0,0,0,0,0,0,0,0,0,0,0,0,-24,42,-24,40,-22,38,-21,34,-20,34,-21,30,-18,29,-17,26,-15,24,-13,22,-11,20,-11,19,-11,18,-7,16,-7,16,-4,14,-4,11,-3,12,-2,10,-1,8,-1,7,1,8,1,3,2,3,3,1,2,0,3,0,6,-1,7,-1,8,-3,9,-3,9,-5,9,-5,12,-5,12,-6,13,-6,12,-7,12,-5,13,-4,14,-4,14,-2,14,0,13,1,13,0,11,2,11,2,10,4,11,3,8,4,7,3,5,3,5,5,5,4,3,6,0,4,0,5,-2,6,0,0,0,0,0,0,0,0,0,0,0,0,0,0,0,0,0,0,0,0,0,0,16,-25,18,-23,20,-20,20,-19,21,-19,19,-16,16,-16,18,-17,18,-15,16,-16,15,-14,13,-14,10,-16,10,-14,10,-12,8,-14,4,-14,3,-13,1,-15,-2,-15,-4,-17,-5,-19,-8,-19,-7,-19,-10,-20,-13,-21,-12,-23,-15,-23,-16,-24,-18,-24,-16,-23,-21,-24,-21,-24,-23,-24,-24,-26,-26,-23,-27,-24,-28,-23,-30,-24,-33,-21,-33,-23,-36,-21,-37,-21,-39,-22,-40,-19,-41,-14,-44,-16,-43,-18,-47,-14,-49,-19,-48,-20,-51,-17,-52,-20,-50,-20,-53,-22,-52,-19,-50,-21,0,0]"
CSI_DATA,161,1a:00:00:00:00:00,-50,11,1,0,1,1,1,0,0,0,1,-96,0,11,2,2339451,0,44,0,384,0,"[0,0,0,0,0,0,0,0,0,0,0,0,12,-11,11,-10,9,-10,9,-9,8,-8,8,-7,7,-8,6,-7,6,-7,4,-5,5,-5,4,-5,3,-4,2,-4,1,-3,1,-4,1,-4,0,-3,-1,-2,-1,-2,-2,-2,-2,-2,-2,-2,-2,-1,-3,-1,-3,-1,0,0,-4,-1,-5,-1,-5,-1,-5,0,-5,-1,-6,-1,-6,-2,-6,-2,-6,-2,-5,-2,-5,-2,-5,-3,-5,-3,-4,-3,-4,-3,-3,-3,-3,-3,-2,-3,-2,-3,-2,-3,-2,-3,-1,-3,-1,-2,0,-2,0,-2,1,-2,0,0,0,0,0,0,0,0,0,0,0,0,0,0,40,-29,36,-24,37,-25,35,-24,33,-24,31,-21,25,-18,29,-19,21,-18,23,-18,20,-16,18,-15,16,-14,13,-10,15,-13,11,-10,9,-11,8,-11,6,-9,4,-7,4,-9,1,-5,1,-7,0,-5,-2,-4,-2,-4,-6,-3,-6,-3,-9,-2,-7,-2,-10,-4,-12,1,-12,-2,-12,0,-11,-2,-13,-3,-13,-3,-12,-4,-12,-6,-12,-6,-14,-7,-13,-8,-9,-7,-9,-6,-7,-6,-9,-9,-7,-7,-5,-7,-6,-8,-5,-5,-3,-7,-4,-7,-1,-7,0,-4,0,-5,1,-6,3,-4,0,0,0,0,0,0,0,0,0,0,0,0,0,0,0,0,0,0,0,0,0,0,-22,18,-23,17,-24,13,-25,15,-24,11,-21,9,-22,10,-20,9,-22,12,-19,8,-18,9,-15,11,-14,10,-13,10,-12,10,-9,13,-8,13,-8,12,-4,14,-2,16,-2,16,0,20,3,19,3,21,1,23,3,24,5,25,6,27,7,25,8,29,6,27,10,32,9,31,12,30,14,30,16,30,16,30,17,31,19,32,23,31,20,32,26,32,28,33,27,32,30,32,33,33,33,32,35,30,34,33,36,35,34,34,39,35,36,39,36,37,37,41,38,41,34,42,0,0]"
CSI_DATA,162,1a:00:00:00:00:00,-50,11,1,0,1,1,1,0,0,0,1,-96,0,11,2,2349542,0,44,0,384,0,"[0,0,0,0,0,0,0,0,0,0,0,0,-13,7,-12,6,-11,6,-10,5,-10,5,-9,4,-8,4,-8,4,-7,4,-6,3,-6,3,-5,3,-4,3,-3,2,-3,2,-3,2,-2,2,-2,1,-1,1,0,1,0,1,1,1,1,1,2,1,2,1,2,1,0,0,3,1,3,1,4,1,4,1,4,2,4,2,4,2,3,2,4,3,3,3,3,3,2,3,2,3,2,3,1,3,1,3,1,2,0,3,0,2,0,2,-1,2,-1,1,-1,1,-2,1,-2,0,-2,0,0,0,0,0,0,0,0,0,0,0,0,0,0,0,-85,46,-85,40,-72,39,-71,37,-69,41,-65,28,-61,25,-60,27,-50,25,-45,27,-43,30,-36,22,-38,28,-31,19,-26,23,-20,17,-22,15,-16,15,-15,14,-7,14,-6,14,-3,10,-2,8,3,7,3,7,7,7,7,8,10,2,11,8,13,12,16,6,20,1,20,2,19,6,23,5,20,8,22,12,21,4,22,10,25,10,24,14,25,13,19,14,17,14,14,16,17,15,15,14,6,12,7,13,10,13,5,10,7,12,3,9,0,13,-4,9,-3,6,-6,5,0,0,0,0,0,0,0,0,0,0,0,0,0,0,0,0,0,0,0,0,0,0,48,-26,47,-20,49,-20,48,-15,45,-13,42,-13,40,-12,40,-10,39,-14,37,-17,39,-14,28,-17,29,-20,26,-19,25,-18,22,-21,18,-26,16,-27,16,-29,10,-27,9,-37,7,-40,8,-48,3,-47,4,-49,-1,-55,5,-55,-1,-57,-3,-60,-5,-59,-7,-60,-9,-68,-12,-66,-14,-62,-19,-68,-17,-69,-24,-71,-29,-72,-29,-70,-32,-74,-34,-71,-41,-76,-40,-74,-47,-76,-49,-68,-59,-73,-58,-79,-59,-75,-60,-76,-66,-84,-63,-81,-63,-83,-64,-89,-64,-88,-67,-96,-60,-86,-56,-91,0,0]"
CSI_DATA,163,1a:00:00:00:00:00,-51,11,1,0,1,1,1,0,0,0,1,-96,0,11,2,2359474,0,44,0,384,0,"[0,0,0,0,0,0,0,0,0,0,0,0,-15,-1,-13,-1,-12,-1,-12,-2,-11,-1,-10,-1,-10,0,-8,-1,-7,-1,-6,-1,-6,0,-5,0,-5,0,-4,0,-3,0,-3,1,-2,1,-2,1,-1,1,-1,1,0,1,0,1,1,2,1,2,1,2,2,2,0,0,2,3,2,3,3,3,3,4,3,3,2,3,2,4,2,4,2,4,1,4,1,4,1,4,0,3,0,3,0,3,-1,3,-1,3,-1,2,-1,2,0,2,-1,1,-2,1,-2,1,-2,0,-2,-1,-2,-1,0,0,0,0,0,0,0,0,0,0,0,0,0,0,-45,-8,-44,-6,-41,-6,-37,-5,-37,-3,-33,-4,-34,-7,-30,-5,-24,-4,-25,-2,-22,-1,-19,-1,-18,-1,-16,-3,-14,1,-14,2,-12,0,-9,3,-6,0,-6,3,-3,3,-4,3,-2,3,-4,4,1,2,0,4,2,3,3,4,3,6,7,5,7,6,7,10,9,6,7,9,9,7,8,8,9,7,6,11,7,12,7,11,7,13,5,13,7,11,5,10,0,9,2,8,1,8,0,9,-2,5,-1,6,-1,5,-1,4,-4,5,-3,2,-6,2,-4,-1,-4,0,0,0,0,0,0,0,0,0,0,0,0,0,0,0,0,0,0,0,0,0,0,0,26,-1,23,3,24,2,21,3,21,3,19,5,20,4,18,3,19,2,17,1,16,1,15,-2,16,-3,14,-4,15,-2,15,-6,13,-10,14,-9,13,-12,15,-14,14,-16,14,-18,13,-20,12,-21,14,-22,13,-26,14,-24,13,-27,13,-27,13,-29,13,-29,14,-31,13,-30,9,-32,11,-35,8,-35,9,-37,6,-37,6,-37,4,-43,4,-41,1,-42,1,-42,1,-46,-1,-45,-2,-41,-1,-47,-4,-47,-3,-50,-3,-53,-6,-52,-7,-52,-2,-53,-5,-50,-2,-57,-3,-52,1,-53,0,0]"
CSI_DATA,164,1a:00:00:00:00:00,-52,11,1,0,1,1,1,0,0,0,1,-96,0,11,2,2369451,0,44,0,384,0,"[0,0,0,0,0,0,0,0,0,0,0,0,-1,-15,-1,-13,-2,-13,-1,-13,-1,-11,-1,-9,-1,-8,-1,-8,-1,-7,-1,-6,-1,-6,-1,-5,-1,-4,-2,-4,-1,-3,-1,-2,-1,-1,-1,-1,-2,0,-1,0,-1,1,-1,1,-1,1,-1,2,-2,2,-1,3,0,0,-1,4,-2,4,-2,5,-2,5,-2,4,-2,4,-2,5,-3,4,-3,4,-3,3,-3,3,-4,3,-3,2,-3,2,-3,2,-2,1,-3,1,-2,0,-2,0,-2,0,-2,0,-2,0,-1,-1,-1,-1,0,-2,0,-1,0,0,0,0,0,0,0,0,0,0,0,0,0,0,-5,-46,-2,-42,-4,-44,1,-39,-1,-36,-1,-33,-2,-31,-4,-29,-2,-25,-2,-24,-2,-22,1,-18,-2,-18,-2,-14,-2,-12,-2,-10,-5,-8,-2,-8,-4,-7,-2,-5,-3,-4,-1,-1,-4,2,-4,0,-4,4,-2,4,-1,5,0,6,-1,7,-1,8,-1,9,0,8,-1,12,-1,11,-2,12,-4,12,-4,12,-5,11,-6,11,-6,11,-7,11,-6,11,-6,10,-6,9,-7,7,-8,4,-5,6,-5,4,-5,1,-5,2,-4,2,-6,2,-2,-1,-1,-1,-3,-3,-1,-4,-2,-4,0,0,0,0,0,0,0,0,0,0,0,0,0,0,0,0,0,0,0,0,0,0,-4,21,-7,21,-8,19,-7,17,-10,16,-7,14,-7,17,-6,15,-5,16,-2,15,0,13,1,14,5,13,4,11,6,12,8,12,9,12,10,11,12,12,14,14,15,15,17,15,19,15,24,13,25,16,26,12,25,15,28,13,26,14,30,14,31,9,34,15,34,14,33,10,34,11,36,9,36,7,40,5,39,4,42,1,41,0,45,0,44,-1,44,-6,42,-3,50,-4,49,-6,46,-7,48,-8,50,-9,52,-12,54,-11,55,-9,52,-11,55,-12,55,-11,49,-8,0,0]"
CSI_DATA,165,1a:00:00:00:00:00,-53,11,1,0,1,1,1,0,0,0,1,-96,0,11,2,2379462,0,44,0,384,0,"[0,0,0,0,0,0,0,0,0,0,0,0,12,6,11,4,10,4,10,4,9,4,8,3,7,2,6,2,5,2,5,2,4,1,3,1,2,1,2,1,2,1,1,0,0,0,0,0,-1,0,-1,0,-1,0,-2,1,-3,0,-3,1,-3,1,-4,1,0,0,-5,1,-5,1,-5,1,-5,0,-5,0,-5,0,-5,0,-4,0,-5,0,-5,-1,-4,-1,-4,-1,-3,-1,-3,-1,-3,-1,-3,-1,-2,-1,-2,-1,-2,-1,-1,-1,0,-1,0,-1,0,-1,1,-1,1,0,1,0,0,0,0,0,0,0,0,0,0,0,0,0,0,0,42,21,39,22,39,15,32,13,32,11,26,10,28,10,24,8,25,8,20,6,17,3,16,4,14,4,14,2,10,2,8,0,9,2,6,1,5,1,4,0,1,0,0,1,1,1,-1,3,-3,3,-3,1,-6,1,-6,3,-7,5,-8,4,-8,5,-10,5,-9,2,-11,4,-10,4,-11,3,-11,4,-11,3,-12,1,-10,2,-12,1,-10,0,-9,0,-10,-1,-5,0,-7,0,-7,1,-6,1,-2,0,-2,-4,-3,0,-1,-3,-2,-2,0,-2,0,-2,2,-2,3,0,0,0,0,0,0,0,0,0,0,0,0,0,0,0,0,0,0,0,0,0,0,0,9,-18,8,-16,8,-19,6,-16,7,-16,7,-13,4,-12,3,-14,1,-13,-2,-12,0,-14,-4,-10,-7,-11,-7,-9,-9,-9,-14,-8,-15,-9,-18,-9,-18,-7,-18,-6,-21,-7,-24,-5,-27,-8,-28,-2,-30,-3,-32,-1,-31,-2,-32,-1,-34,-1,-35,5,-35,3,-36,5,-36,7,-36,9,-38,9,-37,14,-37,19,-35,20,-34,21,-34,27,-34,26,-35,31,-31,29,-32,34,-27,34,-27,35,-27,36,-25,42,-26,44,-29,46,-22,44,-20,46,-24,44,-24,47,-22,52,-20,47,-22,47,0,0]"
CSI_DATA,166,1a:00:00:00:00:00,-53,11,1,0,1,1,1,0,0,0,1,-96,0,11,2,2389472,0,44,0,384,0,"[0,0,0,0,0,0,0,0,0,0,0,0,-9,10,-9,9,-7,9,-7,8,-6,7,-6,7,-5,6,-4,6,-4,5,-3,4,-3,4,-3,4,-2,2,-2,2,-2,1,-2,2,-2,1,-2,0,-2,0,-2,-1,-2,-2,-2,-2,-2,-1,-2,-2,-2,-3,-3,-3,0,0,-3,-3,-3,-4,-3,-4,-3,-4,-2,-4,-3,-4,-3,-4,-2,-4,-2,-4,-2,-4,-2,-4,-1,-3,-1,-3,-1,-3,0,-2,-1,-2,0,-2,0,-2,0,-1,0,-1,0,0,0,0,0,0,0,1,0,1,1,1,0,0,0,0,0,0,0,0,0,0,0,0,0,0,-41,18,-38,18,-35,16,-33,16,-33,19,-30,17,-23,16,-24,16,-20,12,-20,14,-16,14,-16,11,-15,8,-11,9,-9,9,-6,7,-9,5,-7,5,-6,3,-5,2,-5,1,-5,-1,-4,-1,-3,-3,-5,-3,-4,-5,-4,-5,-4,-8,-4,-9,-4,-6,-3,-8,0,-10,-3,-9,-2,-11,0,-12,-1,-12,0,-11,0,-12,-1,-11,0,-10,1,-10,1,-7,0,-9,2,-8,4,-6,3,-6,1,-2,0,-3,2,-3,2,-1,1,-1,-1,2,1,1,-1,3,-1,2,-1,4,0,5,0,0,0,0,0,0,0,0,0,0,0,0,0,0,0,0,0,0,0,0,0,0,4,18,4,16,4,14,4,15,4,14,4,13,6,12,6,10,7,8,6,6,8,6,10,3,11,3,12,1,14,0,13,-3,16,-7,15,-6,19,-10,20,-11,20,-13,23,-15,19,-16,22,-21,25,-22,21,-25,24,-24,22,-27,23,-26,21,-32,21,-30,19,-35,19,-32,18,-35,15,-38,13,-38,10,-39,6,-41,6,-40,2,-46,2,-45,-2,-43,-4,-45,-7,-45,-9,-44,-13,-46,-15,-47,-14,-46,-16,-48,-18,-47,-22,-47,-25,-48,-26,-51,-24,-44,-26,-48,-25,-46,-21,-43,0,0]"
CSI_DATA,167,1a:00:00:00:00:00,-52,11,1,0,1,1,1,0,0,0,1,-96,0,11,2,2429778,0,44,0,384,0,"[0,0,0,0,0,0,0,0,0,0,0,0,-3,11,-3,10,-1,8,-2,8,-2,7,-2,6,-2,6,-1,5,-1,4,0,3,-1,2,0,2,0,0,0,0,-1,-1,-1,0,-1,-2,-1,-2,-1,-3,-1,-3,-2,-3,-2,-4,-2,-4,-2,-5,-3,-5,-3,-5,0,0,-3,-6,-4,-7,-3,-7,-3,-6,-3,-7,-2,-7,-2,-7,-2,-7,-3,-6,-2,-6,-2,-6,-1,-6,-1,-5,-1,-5,-1,-4,0,-4,-1,-4,0,-4,0,-3,0,-2,1,-2,1,-2,1,-1,1,-1,1,-1,1,0,0,0,0,0,0,0,0,0,0,0,0,0,0,0,-17,33,-15,32,-14,34,-12,30,-11,27,-9,25,-7,21,-8,22,-5,17,-5,18,-3,15,-2,15,-2,11,-1,7,-2,8,2,6,-2,1,-2,-2,-1,-1,0,-3,-2,-3,-1,-5,-3,-5,-3,-8,-5,-9,-7,-10,-4,-10,-6,-13,-7,-13,-7,-15,-9,-13,-7,-15,-8,-14,-10,-17,-8,-13,-7,-19,-8,-18,-7,-15,-6,-17,-4,-17,-4,-14,-5,-14,-4,-13,-2,-14,-1,-12,1,-10,0,-12,0,-10,0,-7,1,-8,2,-7,1,-7,3,-5,3,-2,3,-3,3,1,7,0,0,0,0,0,0,0,0,0,0,0,0,0,0,0,0,0,0,0,0,0,0,0,10,13,10,13,7,13,9,10,7,9,6,7,8,6,7,6,8,2,7,2,8,-3,6,-4,8,-5,10,-7,7,-8,9,-10,7,-12,10,-15,8,-19,9,-22,10,-21,9,-25,8,-27,7,-30,6,-33,6,-34,5,-36,7,-34,4,-37,0,-38,-1,-34,-4,-42,-5,-39,-7,-38,-10,-42,-9,-40,-12,-38,-17,-39,-18,-36,-21,-35,-24,-36,-27,-36,-27,-36,-31,-34,-32,-31,-34,-32,-38,-31,-41,-30,-40,-27,-45,-29,-44,-24,-48,-24,-46,-25,-45,-22,-49,-22,-45,-21,-44,-20,0,0]"
CSI_DATA,168,1a:00:00:00:00:00,-52,11,1,0,1,1,1,0,0,0,1,-96,0,11,2,2449462,0,44,0,384,0,"[0,0,0,0,0,0,0,0,0,0,0,0,10,-3,8,-4,7,-3,7,-3,6,-3,5,-3,4,-3,3,-3,2,-2,1,-2,1,-2,0,-2,0,-1,-1,-1,-1,0,-2,0,-2,0,-3,0,-3,1,-3,1,-3,1,-3,2,-4,2,-4,3,-4,4,-4,4,0,0,-5,4,-5,4,-5,4,-5,4,-5,4,-5,4,-5,4,-5,3,-6,3,-5,3,-5,2,-5,2,-5,2,-4,2,-4,1,-4,1,-4,0,-4,0,-3,0,-3,0,-3,-1,-3,-1,-2,-1,-2,-2,-1,-2,-2,-3,0,0,0,0,0,0,0,0,0,0,0,0,0,0,38,-3,33,-3,33,-6,28,-7,29,-7,24,-5,21,-6,19,-6,18,-6,14,-7,12,-7,9,-4,5,-6,7,-4,4,-3,1,-3,0,-3,0,-3,-3,-1,-6,-1,-6,4,-7,2,-5,3,-6,5,-7,6,-10,8,-8,7,-10,9,-8,10,-12,12,-13,11,-13,13,-11,10,-13,13,-14,13,-13,16,-13,12,-13,14,-12,10,-13,9,-11,8,-13,9,-12,9,-14,7,-10,6,-12,6,-10,4,-11,4,-8,2,-9,2,-7,0,-7,-1,-7,-1,-7,-3,-6,-4,-3,-4,-3,-5,0,0,0,0,0,0,0,0,0,0,0,0,0,0,0,0,0,0,0,0,0,0,10,-16,11,-15,10,-14,9,-14,9,-12,7,-11,5,-11,3,-10,2,-10,0,-9,-2,-9,-3,-8,-6,-6,-7,-6,-9,-3,-13,-4,-17,-1,-14,-2,-19,0,-21,0,-23,1,-26,2,-26,4,-28,6,-29,6,-31,10,-29,8,-32,13,-33,11,-33,16,-31,13,-33,20,-33,19,-32,21,-32,23,-29,26,-28,25,-26,30,-26,31,-24,35,-23,38,-20,40,-19,39,-16,42,-12,43,-12,44,-8,46,-5,47,-4,47,-4,48,-3,49,1,50,0,52,1,47,1,49,1,47,2,45,0,0]"
CSI_DATA,169,1a:00:00:00:00:00,-52,11,1,0,1,1,1,0,0,0,1,-96,0,11,2,2459481,0,44,0,384,0,"[0,0,0,0,0,0,0,0,0,0,0,0,-10,2,-9,2,-8,2,-8,2,-7,2,-6,2,-5,2,-4,2,-3,2,-2,1,-2,1,-1,1,-1,1,0,0,0,0,1,0,1,-1,2,-1,2,-2,2,-2,3,-2,3,-3,3,-3,3,-4,3,-4,4,-4,0,0,4,-5,4,-5,4,-5,4,-5,4,-5,5,-5,5,-5,5,-5,5,-5,5,-4,5,-4,4,-3,4,-3,4,-3,4,-2,4,-2,4,-1,3,-1,3,-1,3,-1,3,0,2,0,2,1,2,1,1,2,1,2,0,0,0,0,0,0,0,0,0,0,0,0,0,0,-12,37,-10,34,-6,32,-6,30,-4,28,-4,24,-2,23,-1,20,1,16,0,16,3,12,2,11,1,8,2,8,1,5,2,3,3,0,3,-1,3,-5,1,-5,1,-7,0,-5,-1,-7,0,-8,-3,-9,-1,-13,-2,-11,-5,-13,-7,-15,-6,-15,-5,-15,-8,-17,-7,-16,-8,-16,-7,-17,-5,-18,-8,-19,-8,-19,-6,-18,-3,-16,-5,-17,-1,-18,-2,-16,-2,-15,1,-13,-1,-11,1,-12,2,-11,2,-11,3,-10,4,-8,4,-8,6,-5,5,-6,6,-4,7,-3,6,-1,0,0,0,0,0,0,0,0,0,0,0,0,0,0,0,0,0,0,0,0,0,0,11,16,7,15,6,15,6,14,7,11,6,11,9,8,7,6,7,4,6,2,7,1,7,1,7,-3,7,-5,7,-8,7,-11,7,-12,6,-15,5,-16,7,-19,7,-20,6,-25,3,-26,3,-29,3,-31,3,-33,4,-31,2,-34,2,-37,-4,-36,-4,-35,-3,-38,-8,-38,-9,-37,-14,-37,-16,-36,-17,-36,-20,-37,-21,-34,-25,-35,-26,-34,-31,-32,-31,-31,-37,-30,-34,-27,-40,-23,-41,-23,-41,-22,-43,-21,-47,-23,-47,-21,-49,-19,-48,-19,-46,-18,-49,-19,-46,-14,-46,-15,0,0]"
CSI_DATA,170,1a:00:00:00:00:00,-52,11,1,0,1,1,1,0,0,0,1,-96,0,11,2,2469480,0,44,0,384,0,"[0,0,0,0,0,0,0,0,0,0,0,0,-10,-4,-8,-3,-8,-3,-8,-2,-7,-2,-5,-1,-5,-1,-4,0,-4,0,-3,0,-2,0,-2,1,-2,0,-1,1,-1,1,1,1,1,2,1,1,2,1,2,1,3,1,3,0,3,1,4,1,4,1,5,1,0,0,6,1,5,1,5,1,6,1,5,1,5,2,5,1,5,1,5,2,5,2,4,2,4,2,3,3,3,2,3,3,2,3,2,2,2,2,1,3,1,2,0,2,0,3,0,3,-1,2,-2,2,-2,2,0,0,0,0,0,0,0,0,0,0,0,0,0,0,-67,-46,-61,-37,-60,-24,-54,-25,-49,-26,-47,-16,-45,-18,-39,-16,-35,-7,-30,-6,-27,-4,-23,-2,-21,-2,-18,3,-13,2,-6,5,-7,5,-4,12,2,9,1,10,9,12,7,8,10,10,13,7,15,9,22,8,24,7,25,7,24,9,29,9,30,8,32,5,31,13,35,12,37,7,30,13,35,14,35,17,31,17,29,16,29,14,28,18,23,17,23,20,20,21,19,17,17,19,15,20,9,19,10,17,6,19,3,17,1,16,-2,19,-3,18,-8,17,-10,12,0,0,0,0,0,0,0,0,0,0,0,0,0,0,0,0,0,0,0,0,0,0,-22,27,-26,23,-24,22,-19,21,-16,19,-11,18,-9,19,-9,13,-5,15,2,15,1,17,6,14,10,11,18,15,16,15,24,12,33,6,33,13,35,9,40,11,42,11,52,8,54,6,61,5,62,5,67,-1,68,2,68,1,66,4,75,-7,72,-8,75,-14,74,-13,74,-21,78,-24,78,-26,74,-34,72,-37,66,-43,77,-52,70,-49,67,-56,68,-59,68,-61,63,-65,64,-73,63,-73,53,-73,55,-79,54,-84,55,-82,51,-88,53,-85,51,-84,53,-91,47,-85,48,-82,0,0]"
CSI_DATA,171,1a:00:00:00:00:00,-52,11,1,0,1,1,1,0,0,0,1,-96,0,11,2,2479506,0,44,0,384,0,"[0,0,0,0,0,0,0,0,0,0,0,0,9,-4,8,-4,7,-4,6,-4,5,-3,4,-3,4,-4,3,-3,2,-3,1,-3,1,-3,0,-3,-1,-2,-1,-2,-2,-2,-2,-2,-3,-2,-3,-1,-4,0,-3,0,-4,0,-4,1,-5,0,-5,1,-6,1,-6,1,0,0,-6,1,-6,2,-6,2,-7,1,-7,1,-7,1,-7,1,-6,1,-7,0,-7,0,-7,-1,-6,-1,-6,-1,-5,-1,-5,-2,-5,-2,-5,-2,-4,-2,-4,-2,-4,-3,-3,-3,-3,-3,-2,-4,-2,-3,-1,-4,-1,-4,0,0,0,0,0,0,0,0,0,0,0,0,0,0,36,-10,33,-7,30,-11,27,-11,24,-8,21,-9,20,-10,17,-10,16,-9,14,-8,11,-10,8,-6,6,-9,4,-7,4,-6,1,-7,-3,-4,-2,-5,-2,-4,-5,-4,-6,-4,-8,-2,-9,-1,-10,0,-10,0,-11,1,-11,2,-13,2,-14,3,-16,5,-16,5,-16,5,-16,6,-18,4,-17,5,-18,4,-17,6,-18,3,-18,2,-18,3,-16,0,-17,-1,-13,-1,-16,-1,-13,-3,-15,-3,-12,-4,-11,-4,-11,-5,-11,-6,-11,-5,-7,-8,-7,-8,-6,-8,-3,-9,-4,-10,0,-9,0,0,0,0,0,0,0,0,0,0,0,0,0,0,0,0,0,0,0,0,0,0,-3,-14,-3,-15,-2,-13,-2,-13,-3,-11,-2,-10,-4,-7,-5,-6,-6,-4,-8,-6,-9,-2,-9,-2,-11,2,-12,3,-12,4,-14,6,-16,9,-17,7,-18,11,-20,13,-20,15,-22,17,-24,18,-25,21,-24,22,-24,24,-26,21,-26,26,-25,25,-26,28,-24,27,-24,32,-24,32,-20,31,-20,35,-19,33,-14,37,-15,40,-13,38,-10,41,-9,40,-6,43,-5,44,-3,45,-1,45,0,44,1,44,4,45,6,45,6,49,7,49,8,47,8,47,9,47,9,47,10,45,9,43,0,0]"
CSI_DATA,172,1a:00:00:00:00:00,-52,11,1,0,1,1,1,0,0,0,1,-96,0,11,2,2509451,0,44,0,384,0,"[0,0,0,0,0,0,0,0,0,0,0,0,-7,-6,-7,-5,-6,-4,-6,-4,-6,-3,-4,-2,-4,-1,-3,0,-3,0,-3,0,-2,1,-1,1,-1,1,-1,2,0,2,1,2,1,2,2,3,2,2,1,2,2,2,2,3,3,3,3,3,4,4,4,3,0,0,5,4,4,4,4,4,5,4,4,4,4,4,4,4,3,5,4,5,3,5,2,5,1,5,1,4,1,4,0,4,0,4,0,4,-1,4,-1,3,-1,3,-2,3,-2,2,-3,2,-3,2,-3,1,-4,1,0,0,0,0,0,0,0,0,0,0,0,0,0,0,-40,-53,-43,-50,-47,-40,-37,-30,-33,-27,-25,-28,-28,-28,-29,-14,-20,-13,-23,-8,-23,-7,-17,-3,-14,-1,-8,6,-8,3,-5,9,-3,8,-3,13,1,14,2,11,10,15,9,14,14,12,14,18,16,15,19,16,22,9,22,22,23,24,28,19,28,18,26,17,21,23,28,21,28,17,29,24,29,26,25,24,21,22,23,27,20,22,20,23,15,25,13,31,8,24,10,24,6,21,5,23,4,25,5,19,1,17,-5,18,-6,18,-11,16,-10,17,-10,12,-18,9,0,0,0,0,0,0,0,0,0,0,0,0,0,0,0,0,0,0,0,0,0,0,-19,9,-16,10,-13,12,-5,8,-7,12,-2,11,-1,19,4,11,6,16,8,20,12,19,14,20,19,24,27,26,28,28,28,28,38,30,34,37,44,34,48,35,47,36,51,42,50,35,58,39,62,38,69,36,67,40,70,38,66,40,76,35,68,26,82,25,76,26,83,18,80,17,86,12,81,4,86,3,81,-3,84,-7,86,-13,86,-20,86,-21,86,-27,83,-28,79,-38,82,-37,76,-40,80,-44,74,-46,76,-46,73,-48,81,-52,67,-47,71,-56,64,-48,66,-56,0,0]"
CSI_DATA,173,1a:00:00:00:00:00,-52,11,1,0,1,1,1,0,0,0,1,-96,0,11,2,2519460,0,44,0,384,0,"[0,0,0,0,0,0,0,0,0,0,0,0,6,-5,5,-5,4,-4,3,-4,2,-4,2,-4,1,-4,0,-3,0,-3,-1,-2,-1,-2,-2,-2,-2,0,-3,0,-3,0,-3,0,-3,1,-3,1,-4,2,-4,2,-4,3,-4,3,-4,3,-3,4,-4,4,-4,4,0,0,-4,5,-4,5,-4,5,-5,5,-4,5,-5,5,-5,5,-5,4,-5,4,-5,3,-5,3,-5,3,-5,2,-4,1,-4,1,-4,1,-4,1,-4,0,-4,0,-4,0,-4,-1,-3,-1,-3,-2,-3,-2,-3,-3,-2,-3,0,0,0,0,0,0,0,0,0,0,0,0,0,0,28,-14,23,-13,21,-14,14,-15,15,-16,13,-14,11,-12,5,-10,7,-9,4,-10,1,-9,1,-9,-2,-6,-3,-3,-5,-4,-7,-1,-6,1,-6,1,-4,2,-9,3,-8,4,-9,4,-8,8,-7,9,-7,9,-7,13,-8,11,-7,12,-9,13,-10,15,-9,15,-9,16,-10,16,-8,17,-10,16,-10,15,-8,14,-8,15,-8,13,-11,13,-10,14,-12,13,-10,11,-10,11,-11,7,-10,8,-8,9,-10,5,-9,4,-8,4,-11,2,-10,0,-9,-1,-10,-1,-9,-2,-9,-4,-7,-7,0,0,0,0,0,0,0,0,0,0,0,0,0,0,0,0,0,0,0,0,0,0,2,-9,0,-9,-2,-6,-1,-8,-3,-5,-5,-5,-5,-6,-7,-6,-8,-4,-11,-3,-13,-3,-14,-1,-17,-1,-19,1,-20,1,-21,3,-26,5,-25,5,-26,8,-29,6,-31,7,-33,9,-32,13,-34,15,-34,14,-33,19,-34,16,-34,18,-35,20,-33,25,-32,24,-30,27,-30,28,-26,29,-26,31,-23,32,-23,35,-21,37,-16,38,-14,39,-14,38,-8,43,-8,42,-4,45,-2,40,0,44,1,41,5,43,9,43,10,44,12,41,15,39,12,42,17,39,15,40,16,38,15,35,0,0]"
CSI_DATA,174,1a:00:00:00:00:00,-52,11,1,0,1,1,1,0,0,0,1,-96,0,11,2,2529477,0,44,0,384,0,"[0,0,0,0,0,0,0,0,0,0,0,0,-1,6,0,5,0,4,0,4,1,3,0,2,1,2,1,1,1,0,1,0,1,-1,0,-2,1,-2,1,-3,1,-3,0,-4,0,-4,0,-4,0,-4,0,-5,-1,-5,0,-6,-1,-5,-2,-6,-2,-6,-2,-6,0,0,-2,-7,-1,-7,-2,-7,-2,-7,-1,-7,-1,-7,-1,-6,-1,-7,0,-6,0,-6,0,-5,0,-6,1,-5,1,-5,1,-4,1,-4,1,-3,1,-3,1,-3,2,-2,2,-2,2,-2,2,-1,2,-1,3,0,2,0,0,0,0,0,0,0,0,0,0,0,0,0,0,0,-14,54,-23,49,-14,45,-9,43,-7,42,-9,29,0,31,2,27,8,15,7,19,7,13,7,9,3,4,13,-1,8,-1,4,-6,10,-10,6,-12,7,-14,3,-15,7,-20,6,-22,-1,-23,2,-24,2,-28,2,-31,0,-26,-5,-34,-7,-37,-5,-34,-8,-39,-4,-37,-8,-38,-6,-37,-9,-40,0,-38,-2,-37,-3,-35,3,-37,-3,-34,1,-32,4,-31,4,-26,7,-32,3,-26,8,-23,11,-18,11,-18,11,-17,16,-12,15,-11,9,-6,13,-9,15,-1,18,-4,20,2,16,3,0,0,0,0,0,0,0,0,0,0,0,0,0,0,0,0,0,0,0,0,0,0,16,11,8,11,8,7,12,1,10,3,15,1,12,-6,15,-8,19,-15,15,-19,13,-18,18,-20,13,-31,17,-31,21,-35,20,-44,20,-51,21,-45,17,-52,15,-56,17,-63,17,-67,15,-64,15,-71,8,-75,3,-82,12,-76,6,-81,10,-77,-4,-82,1,-76,-9,-83,-11,-84,-14,-80,-18,-81,-24,-79,-29,-74,-31,-76,-40,-74,-47,-73,-47,-72,-55,-66,-58,-65,-63,-67,-61,-59,-63,-50,-67,-56,-69,-47,-76,-48,-72,-44,-78,-44,-79,-39,-80,-40,-74,-39,-78,-34,-80,-30,-71,-30,0,0]"
CSI_DATA,175,1a:00:00:00:00:00,-52,11,1,0,1,1,1,0,0,0,1,-96,0,11,2,2539460,0,44,0,384,0,"[0,0,0,0,0,0,0,0,0,0,0,0,-7,3,-6,3,-5,2,-4,2,-3,2,-2,2,-2,2,-1,2,0,1,1,1,1,0,2,1,2,0,2,-1,3,-1,4,-1,3,-2,3,-2,3,-3,3,-4,4,-4,4,-4,4,-4,4,-5,4,-6,5,-5,0,0,5,-6,4,-6,4,-6,5,-6,4,-6,5,-6,4,-5,4,-5,5,-5,4,-4,5,-4,4,-3,3,-2,3,-2,4,-2,3,-1,3,-1,3,-1,3,-1,2,0,2,0,2,1,2,1,2,2,1,2,1,2,0,0,0,0,0,0,0,0,0,0,0,0,0,0,-30,4,-26,4,-23,8,-18,8,-15,9,-14,7,-11,6,-11,7,-9,5,-6,7,-2,8,-1,5,1,5,3,2,5,3,6,2,5,1,6,0,7,-4,9,-4,12,-5,9,-5,10,-9,9,-8,9,-11,11,-12,10,-11,9,-16,12,-15,11,-17,12,-17,13,-14,10,-16,13,-17,13,-16,12,-16,14,-16,12,-14,12,-13,12,-13,13,-13,13,-9,13,-9,13,-7,11,-5,12,-6,10,-5,9,-4,9,-3,9,-2,9,0,10,2,7,2,6,4,4,4,6,5,4,10,0,0,0,0,0,0,0,0,0,0,0,0,0,0,0,0,0,0,0,0,0,0,-5,6,-3,10,-3,5,-1,6,-2,6,1,7,3,7,5,5,6,4,9,3,11,4,13,5,17,2,17,1,20,3,20,1,27,-3,27,0,29,-3,27,-4,32,-5,35,-7,35,-7,36,-8,35,-10,37,-12,38,-6,39,-15,36,-15,38,-22,37,-19,36,-23,36,-25,33,-26,30,-30,29,-30,29,-30,27,-34,25,-34,25,-39,20,-36,17,-40,14,-43,13,-43,8,-39,5,-47,3,-47,2,-44,-1,-44,-1,-45,-1,-44,-2,-44,-3,-45,-5,-40,-7,-45,-9,-41,-8,-37,0,0]"
CSI_DATA,176,1a:00:00:00:00:00,-52,11,1,0,1,1,1,0,0,0,1,-96,0,11,2,2550065,0,44,0,384,0,"[0,0,0,0,0,0,0,0,0,0,0,0,-6,3,-5,3,-4,2,-3,2,-2,2,-2,2,-1,2,-1,1,1,1,1,0,2,1,2,0,2,-1,2,-1,2,-2,3,-2,3,-2,4,-3,3,-3,3,-4,3,-4,3,-4,4,-4,4,-5,4,-5,4,-5,0,0,4,-5,4,-6,4,-6,4,-6,4,-5,4,-6,4,-5,4,-5,4,-4,5,-4,4,-3,4,-3,4,-3,4,-2,4,-2,3,-1,3,-1,3,-1,3,0,2,0,2,0,2,1,2,1,2,2,1,2,1,2,0,0,0,0,0,0,0,0,0,0,0,0,0,0,-56,14,-47,12,-42,13,-35,15,-32,15,-30,14,-24,15,-22,12,-16,11,-10,13,-1,11,1,6,2,10,2,3,8,2,12,0,15,1,16,-5,17,-5,20,-8,23,-14,21,-9,21,-14,20,-17,21,-17,22,-21,24,-20,26,-29,29,-23,25,-33,27,-28,28,-33,28,-31,27,-31,26,-30,28,-28,24,-31,25,-26,28,-25,29,-23,28,-22,31,-15,28,-15,23,-16,23,-14,24,-7,22,-3,22,-3,18,-4,18,-3,16,4,15,4,20,6,13,9,12,11,10,14,6,17,0,0,0,0,0,0,0,0,0,0,0,0,0,0,0,0,0,0,0,0,0,0,-17,13,-10,15,-8,12,-5,14,-3,14,-1,10,4,10,8,12,12,9,14,10,21,13,23,8,29,6,35,6,36,7,40,4,49,-1,49,-1,52,-3,55,-5,59,-3,66,-8,66,-10,69,-11,73,-14,71,-21,72,-19,78,-23,74,-24,76,-33,73,-34,76,-40,70,-41,66,-46,67,-51,63,-55,60,-56,59,-63,53,-64,50,-71,47,-77,37,-79,38,-78,31,-85,27,-79,17,-82,15,-86,8,-85,8,-89,3,-92,0,-83,-3,-90,-1,-90,-11,-82,-9,-83,-11,-75,-13,-76,0,0]"
CSI_DATA,177,1a:00:00:00:00:00,-52,11,1,0,1,1,1,0,0,0,1,-96,0,11,2,2579636,0,44,0,384,0,"[0,0,0,0,0,0,0,0,0,0,0,0,0,6,0,5,1,4,1,3,1,2,1,2,1,1,1,0,1,-1,1,-2,1,-2,0,-3,0,-3,0,-4,0,-4,-1,-5,-1,-5,-2,-5,-2,-5,-3,-6,-3,-6,-4,-6,-4,-6,-4,-6,-5,-7,-5,-6,0,0,-5,-6,-6,-7,-6,-7,-6,-6,-5,-6,-5,-7,-5,-7,-5,-6,-4,-6,-4,-6,-3,-6,-3,-6,-2,-6,-2,-6,-1,-5,-1,-5,-1,-5,0,-5,0,-5,0,-4,1,-4,1,-4,2,-4,2,-4,3,-3,3,-3,0,0,0,0,0,0,0,0,0,0,0,0,0,0,51,27,47,25,44,19,38,13,34,11,27,11,26,2,21,-2,18,-4,9,-4,11,-8,7,-6,0,-8,-5,-9,-8,-14,-11,-6,-11,-11,-16,-9,-16,-7,-22,-4,-29,-3,-25,-3,-23,2,-31,2,-31,2,-37,7,-34,10,-36,11,-40,14,-40,14,-38,16,-41,14,-41,13,-41,18,-36,15,-40,14,-40,11,-43,12,-38,9,-37,7,-36,5,-35,2,-33,2,-29,-1,-29,-7,-26,-4,-26,-7,-22,-8,-18,-7,-21,-8,-14,-7,-15,-12,-15,-13,-12,-15,-11,-17,-8,-24,-4,-23,0,0,0,0,0,0,0,0,0,0,0,0,0,0,0,0,0,0,0,0,0,0,17,15,17,10,15,11,9,7,12,2,5,2,8,2,3,-5,6,-11,2,-9,2,-12,-2,-16,-5,-26,-11,-25,-15,-27,-15,-34,-25,-37,-22,-36,-26,-43,-30,-44,-32,-48,-37,-55,-40,-52,-45,-53,-48,-58,-61,-49,-56,-58,-60,-50,-60,-50,-72,-46,-66,-47,-78,-44,-74,-39,-77,-30,-82,-25,-86,-22,-82,-20,-88,-11,-87,-5,-90,2,-88,8,-87,15,-87,24,-85,28,-76,31,-82,38,-76,48,-71,50,-72,55,-76,60,-67,55,-63,59,-66,66,-52,60,-63,68,-49,62,-42,62,0,0]"
CSI_DATA,178,1a:00:00:00:00:00,-53,11,1,0,1,1,1,0,0,0,1,-96,0,11,2,2589432,0,44,0,384,0,"[0,0,0,0,0,0,0,0,0,0,0,0,6,-3,4,-3,4,-3,3,-3,2,-3,1,-3,0,-2,0,-2,-1,-2,-2,-1,-2,-1,-3,-1,-3,0,-3,0,-4,1,-4,1,-4,2,-4,2,-4,3,-4,3,-4,4,-4,4,-4,4,-4,5,-4,6,-4,6,0,0,-4,6,-4,6,-4,6,-4,7,-4,6,-4,6,-4,6,-4,5,-4,5,-4,5,-5,4,-5,4,-4,3,-4,3,-5,2,-4,2,-4,1,-4,1,-4,1,-4,0,-5,0,-5,-1,-5,-1,-4,-2,-4,-2,-4,-3,0,0,0,0,0,0,0,0,0,0,0,0,0,0,8,-56,5,-50,-1,-42,-4,-41,-9,-40,-7,-34,-11,-21,-10,-22,-11,-15,-9,-11,-7,-5,-12,-3,-7,0,-8,5,-7,10,-5,11,-3,20,2,17,2,18,4,18,6,23,11,21,15,20,11,24,17,25,19,28,20,24,24,26,26,30,26,28,29,26,28,26,28,30,34,28,29,28,28,30,28,27,27,26,26,24,23,26,19,28,19,28,14,25,13,28,10,25,6,27,1,22,-1,24,1,20,1,17,-4,18,-5,20,-10,21,-10,16,-13,17,-13,15,-17,14,0,0,0,0,0,0,0,0,0,0,0,0,0,0,0,0,0,0,0,0,0,0,11,-24,13,-18,11,-18,7,-17,5,-12,3,-11,1,-5,-6,-5,-5,-3,-9,1,-12,6,-13,9,-20,16,-21,13,-22,22,-27,26,-29,30,-30,33,-30,42,-33,44,-36,50,-40,49,-37,59,-38,62,-34,62,-33,71,-36,67,-28,77,-31,77,-23,81,-17,79,-14,84,-8,86,-1,82,3,91,9,81,15,85,22,83,27,82,35,84,38,81,48,77,47,72,56,70,59,63,66,64,69,57,73,48,75,44,78,44,83,43,83,33,82,33,80,26,85,29,77,18,70,19,0,0]"
CSI_DATA,179,1a:00:00:00:00:00,-53,11,1,0,1,1,1,0,0,0,1,-96,0,11,2,2609518,0,44,0,384,0,"[0,0,0,0,0,0,0,0,0,0,0,0,-1,-7,-1,-6,-2,-5,-2,-4,-2,-3,-2,-3,-2,-2,-2,-1,-1,0,-1,0,-1,1,0,1,0,2,0,2,1,2,1,3,2,3,2,3,3,3,3,3,3,3,4,3,4,3,5,3,5,2,6,2,0,0,6,2,6,2,7,2,6,2,6,2,6,2,6,2,6,2,5,2,5,3,4,3,4,3,3,3,3,3,2,3,2,3,2,3,2,3,1,3,1,3,0,4,0,4,0,4,-1,4,-2,4,-2,4,0,0,0,0,0,0,0,0,0,0,0,0,0,0,-47,-29,-49,-27,-45,-15,-40,-17,-34,-8,-31,-9,-26,-2,-24,-1,-20,-2,-9,1,-9,2,-7,5,-2,5,0,4,6,8,9,0,15,2,16,-1,17,-3,19,-3,24,-8,18,-12,22,-9,22,-11,25,-12,25,-16,28,-19,25,-23,22,-28,27,-31,26,-30,25,-32,24,-27,28,-31,28,-32,31,-28,30,-25,24,-29,26,-23,25,-21,26,-24,28,-15,27,-18,23,-15,19,-9,25,-9,21,-6,22,-7,23,-1,25,-1,22,-1,21,2,25,6,21,6,17,10,23,14,23,15,0,0,0,0,0,0,0,0,0,0,0,0,0,0,0,0,0,0,0,0,0,0,-2,-28,4,-22,5,-24,-1,-18,0,-11,2,-11,0,-5,-1,-3,-3,4,-1,5,0,7,0,16,3,21,2,24,-2,30,0,35,8,42,-1,46,8,45,7,55,6,54,8,66,15,64,24,64,26,64,37,68,34,71,39,69,41,70,45,64,50,62,58,62,57,61,61,51,67,53,72,43,74,36,82,27,80,18,90,13,88,17,85,1,87,-7,91,-12,84,-18,78,-29,80,-29,78,-35,76,-40,78,-50,72,-54,63,-55,70,-59,59,-55,61,-67,50,-64,52,-63,0,0]"
CSI_DATA,180,1a:00:00:00:00:00,-54,11,1,0,1,1,1,0,0,0,1,-96,0,11,2,2620650,0,44,0,384,0,"[0,0,0,0,0,0,0,0,0,0,0,0,0,6,1,5,1,4,1,3,1,2,1,2,1,1,1,0,0,-1,0,-1,0,-2,-1,-2,-1,-3,-2,-3,-2,-3,-3,-3,-3,-3,-4,-3,-4,-3,-5,-3,-5,-3,-6,-3,-6,-3,-7,-2,-7,-2,-7,-2,0,0,-8,-2,-8,-2,-8,-2,-8,-2,-8,-2,-8,-2,-8,-2,-7,-2,-7,-2,-7,-2,-6,-3,-6,-3,-6,-3,-5,-3,-4,-3,-4,-4,-4,-4,-4,-4,-3,-4,-3,-4,-3,-5,-2,-5,-2,-5,-1,-5,-1,-6,0,-6,0,0,0,0,0,0,0,0,0,0,0,0,0,0,25,14,24,13,24,6,20,5,20,4,13,1,12,-1,11,-2,8,-2,5,-3,2,-3,-1,-4,-2,-2,-3,-2,-4,-3,-6,0,-5,0,-10,-1,-8,0,-9,2,-11,3,-11,3,-11,7,-10,9,-10,7,-11,12,-14,11,-11,13,-13,14,-12,14,-12,15,-11,18,-10,16,-9,14,-9,18,-12,16,-10,16,-10,14,-13,15,-10,15,-12,14,-13,11,-11,10,-11,8,-9,7,-10,6,-11,6,-10,4,-12,3,-11,4,-12,1,-12,2,-12,1,-13,-3,-14,-3,-12,-5,-14,-6,0,0,0,0,0,0,0,0,0,0,0,0,0,0,0,0,0,0,0,0,0,0,-3,13,-5,12,-4,6,-4,7,-3,5,-2,5,-2,2,-2,1,-1,1,0,-5,0,-6,1,-9,2,-13,0,-14,1,-16,0,-20,0,-23,-1,-20,-3,-27,-6,-27,-6,-29,-7,-34,-7,-32,-11,-35,-10,-38,-16,-39,-13,-37,-18,-38,-20,-38,-25,-36,-24,-33,-27,-35,-31,-33,-34,-27,-37,-28,-38,-21,-41,-20,-40,-16,-42,-15,-43,-12,-46,-7,-47,1,-47,2,-45,5,-44,9,-42,13,-41,17,-41,21,-38,23,-41,24,-38,25,-37,27,-34,32,-31,31,-32,32,-28,34,-24,32,0,0]"
CSI_DATA,181,1a:00:00:00:00:00,-54,11,1,0,1,1,1,0,0,0,1,-96,0,11,2,2629458,0,44,0,384,0,"[0,0,0,0,0,0,0,0,0,0,0,0,2,6,2,4,2,4,2,3,2,2,1,1,1,0,1,0,0,-1,0,-1,-1,-2,-2,-2,-2,-2,-2,-2,-3,-2,-4,-2,-4,-2,-4,-2,-5,-2,-5,-1,-6,-1,-6,-1,-6,0,-7,0,-7,0,-7,1,0,0,-7,1,-8,1,-8,1,-8,2,-7,1,-7,1,-7,1,-7,1,-7,1,-7,0,-6,0,-6,-1,-6,-1,-5,-1,-5,-2,-5,-2,-5,-2,-4,-2,-4,-2,-4,-3,-4,-3,-4,-4,-4,-4,-4,-4,-3,-5,-3,-5,0,0,0,0,0,0,0,0,0,0,0,0,0,0,60,25,49,21,43,12,40,5,31,3,31,6,25,-2,21,-2,14,-4,11,-9,7,-6,3,-7,0,-9,-1,1,-7,1,-14,-3,-12,2,-15,3,-15,6,-14,6,-20,10,-17,8,-17,12,-21,17,-17,17,-19,21,-17,21,-15,26,-15,29,-15,33,-19,30,-18,33,-19,28,-16,37,-11,35,-23,36,-17,32,-18,30,-18,31,-18,30,-16,24,-17,24,-19,21,-16,16,-17,17,-19,13,-21,13,-19,8,-22,7,-21,5,-19,9,-23,5,-21,4,-26,-5,-26,-3,-22,-7,-31,-8,0,0,0,0,0,0,0,0,0,0,0,0,0,0,0,0,0,0,0,0,0,0,-8,23,-7,21,-7,20,-6,16,-9,11,-1,7,-4,3,-2,-1,-3,-2,0,-7,3,-10,-4,-15,-1,-23,-3,-25,-4,-30,-2,-31,-8,-42,-9,-44,-6,-52,-14,-51,-14,-54,-18,-62,-23,-58,-21,-66,-26,-72,-37,-65,-30,-71,-40,-71,-39,-62,-59,-68,-50,-58,-59,-65,-58,-52,-70,-46,-70,-44,-77,-38,-72,-28,-80,-26,-82,-21,-88,-13,-90,-8,-86,5,-93,13,-86,20,-83,23,-80,37,-74,43,-70,46,-69,48,-71,53,-70,56,-64,67,-68,63,-56,60,-51,75,-47,70,-40,63,0,0]"
CSI_DATA,182,1a:00:00:00:00:00,-54,11,1,0,1,1,1,0,0,0,1,-96,0,11,2,2641106,0,44,0,384,0,"[0,0,0,0,0,0,0,0,0,0,0,0,5,4,4,2,4,2,3,1,3,0,2,0,1,0,1,-1,0,-1,-1,-1,-2,-1,-2,-1,-3,-1,-3,-1,-3,0,-4,0,-4,1,-4,1,-4,1,-5,2,-5,2,-5,3,-5,3,-5,4,-5,4,-5,5,0,0,-4,5,-5,5,-5,5,-4,6,-4,5,-4,5,-4,5,-4,5,-4,5,-4,4,-5,4,-5,3,-4,3,-4,2,-4,2,-4,2,-4,1,-4,1,-5,1,-5,1,-5,0,-5,0,-5,-1,-5,-1,-6,-2,-5,-2,0,0,0,0,0,0,0,0,0,0,0,0,0,0,27,-9,26,-4,23,-11,18,-9,12,-9,10,-11,9,-8,8,-8,3,-7,4,-6,1,-6,0,-4,-1,-1,-2,2,-3,1,-2,3,-5,5,-4,7,-3,7,-2,10,-2,12,-1,9,2,10,2,12,3,11,4,14,5,13,8,13,9,16,9,16,9,14,12,15,11,15,12,15,12,13,11,16,12,16,12,13,11,13,9,14,7,13,8,13,5,11,6,10,4,11,2,11,1,11,1,11,1,11,0,10,-2,11,-3,12,-3,9,-2,12,-6,12,-6,11,-9,10,0,0,0,0,0,0,0,0,0,0,0,0,0,0,0,0,0,0,0,0,0,0,-6,12,-5,12,-3,8,-4,9,-3,6,-3,5,-1,1,-2,-1,-3,-1,-2,-3,-4,-6,-1,-9,-5,-10,-4,-12,-4,-16,-4,-18,-8,-21,-7,-22,-10,-25,-9,-25,-13,-28,-15,-29,-17,-29,-22,-27,-24,-29,-28,-29,-27,-27,-30,-28,-29,-26,-36,-21,-32,-21,-40,-18,-39,-17,-41,-12,-44,-8,-43,-3,-41,-1,-44,6,-42,7,-42,14,-41,17,-37,20,-37,26,-36,28,-32,31,-28,38,-26,35,-21,38,-19,39,-13,40,-11,42,-11,44,-8,44,-6,41,-2,43,0,42,2,37,0,0]"
CSI_DATA,183,1a:00:00:00:00:00,-54,11,1,0,1,1,1,0,0,0,1,-96,0,11,2,2649446,0,44,0,384,0,"[0,0,0,0,0,0,0,0,0,0,0,0,-2,-7,-2,-6,-3,-5,-2,-4,-2,-3,-2,-2,-2,-2,-1,-1,-1,-1,-1,0,0,0,0,1,1,1,1,1,2,1,2,1,3,1,3,1,4,0,4,0,4,0,5,-1,5,-1,5,-1,6,-2,6,-2,0,0,6,-3,6,-3,6,-3,6,-3,6,-3,6,-3,6,-3,6,-2,5,-2,5,-2,5,-1,5,-1,4,-1,4,0,4,0,4,0,4,1,4,1,3,1,3,1,3,2,3,2,3,3,3,3,3,4,2,4,0,0,0,0,0,0,0,0,0,0,0,0,0,0,-51,-27,-43,-25,-47,-17,-38,-12,-37,-9,-29,-6,-27,-2,-23,-3,-19,2,-11,-2,-6,4,-2,3,1,2,1,3,6,0,10,-1,13,-8,12,-5,14,-10,16,-7,12,-14,15,-15,11,-16,12,-22,12,-20,16,-26,10,-28,10,-29,8,-31,11,-32,5,-36,7,-40,12,-33,6,-40,2,-35,13,-39,5,-36,4,-36,10,-35,10,-35,8,-31,14,-28,12,-26,9,-22,14,-18,16,-21,16,-17,13,-12,15,-15,17,-13,15,-13,18,-12,20,-8,20,-6,22,-6,30,-7,27,-5,0,0,0,0,0,0,0,0,0,0,0,0,0,0,0,0,0,0,0,0,0,0,18,-19,18,-15,16,-12,13,-7,10,-5,12,-6,8,-2,4,4,1,1,1,9,-3,13,-4,12,-8,21,-9,24,-11,28,-12,35,-6,40,-12,43,-10,52,-11,54,-11,57,-8,63,-5,66,3,76,-1,71,10,77,13,78,19,78,21,79,30,83,32,70,44,72,47,71,51,64,58,62,65,58,69,49,77,42,72,35,83,29,87,19,87,12,89,7,89,-4,82,-12,77,-17,79,-27,84,-35,77,-39,76,-44,75,-47,69,-55,70,-54,62,-58,58,-60,55,-64,45,-59,0,0]"
CSI_DATA,184,1a:00:00:00:00:00,-54,11,1,0,1,1,1,0,0,0,1,-96,0,11,2,2659454,0,44,0,384,0,"[0,0,0,0,0,0,0,0,0,0,0,0,6,-1,5,-2,4,-2,3,-2,2,-2,1,-2,1,-2,0,-1,0,-1,-1,0,-1,0,-2,1,-2,1,-2,1,-2,2,-2,2,-2,3,-2,3,-1,3,-1,4,-1,4,0,5,0,5,0,5,0,6,1,6,0,0,1,6,1,6,1,6,2,6,1,6,1,6,1,6,1,5,1,5,0,5,0,5,0,5,-1,4,-1,4,-1,4,-1,4,-2,4,-2,3,-2,3,-2,3,-3,3,-3,3,-4,3,-4,3,-5,2,-5,2,0,0,0,0,0,0,0,0,0,0,0,0,0,0,26,-54,20,-50,11,-46,6,-43,11,-39,2,-31,-7,-24,-5,-25,-5,-15,-2,-12,-2,-11,-4,-3,3,3,-3,3,-2,5,3,8,7,12,6,7,7,6,17,11,13,13,17,14,24,13,23,8,21,6,25,6,28,7,31,5,34,3,31,5,35,3,35,-2,33,3,40,0,36,3,37,3,40,2,39,-2,37,0,33,1,29,4,29,4,23,3,27,9,23,14,21,13,21,11,12,12,13,15,14,15,16,15,15,21,12,19,7,21,9,20,4,28,4,22,0,0,0,0,0,0,0,0,0,0,0,0,0,0,0,0,0,0,0,0,0,0,18,16,14,16,15,18,11,16,6,11,6,8,1,7,-4,6,-5,2,-7,-2,-15,-3,-20,-8,-25,-4,-24,-7,-30,-5,-37,-2,-46,-3,-47,-9,-49,-7,-51,-2,-62,0,-67,5,-67,6,-76,5,-72,11,-73,16,-76,17,-80,20,-78,28,-77,39,-70,42,-67,49,-65,56,-57,58,-58,68,-52,71,-41,76,-40,78,-32,75,-22,86,-16,81,-2,91,3,88,13,86,20,78,31,87,36,77,45,82,49,75,52,77,53,70,66,64,63,61,64,55,67,51,69,49,66,42,0,0]"
CSI_DATA,185,1a:00:00:00:00:00,-53,11,1,0,1,1,1,0,0,0,1,-96,0,11,2,2669452,0,44,0,384,0,"[0,0,0,0,0,0,0,0,0,0,0,0,-2,6,-1,5,0,4,0,4,0,2,0,2,0,1,0,0,0,0,0,-1,-1,-2,-1,-2,-2,-2,-2,-3,-2,-3,-3,-3,-3,-3,-4,-2,-4,-2,-5,-2,-5,-2,-6,-2,-6,-2,-6,-1,-7,-1,-7,-1,0,0,-7,0,-8,0,-8,0,-7,0,-7,0,-7,0,-7,0,-7,0,-7,0,-6,-1,-6,-1,-6,-1,-5,-2,-5,-2,-5,-2,-5,-3,-4,-3,-4,-3,-4,-3,-4,-3,-4,-4,-4,-4,-3,-4,-3,-5,-3,-5,-2,-5,0,0,0,0,0,0,0,0,0,0,0,0,0,0,35,45,29,37,32,29,29,30,26,22,23,18,22,10,22,12,17,5,12,2,7,3,3,0,-1,-1,-3,-6,-6,0,-6,2,-13,0,-15,1,-11,2,-19,5,-19,7,-19,10,-17,10,-20,15,-20,17,-21,18,-20,20,-20,24,-18,26,-20,27,-14,26,-17,28,-19,30,-19,32,-17,31,-21,29,-18,29,-14,29,-15,29,-17,29,-17,24,-18,20,-20,21,-22,17,-20,11,-20,11,-22,13,-22,9,-21,8,-20,7,-19,8,-21,7,-25,5,-23,2,-25,0,-28,-3,-29,-4,0,0,0,0,0,0,0,0,0,0,0,0,0,0,0,0,0,0,0,0,0,0,-26,-1,-21,-4,-23,-2,-13,-2,-11,-4,-8,-2,-4,-2,0,-6,1,-6,6,-6,8,-9,11,-14,17,-19,22,-18,22,-18,32,-21,34,-31,31,-34,32,-33,36,-39,37,-43,40,-52,39,-56,34,-59,42,-65,33,-69,35,-69,25,-76,26,-77,13,-83,10,-78,3,-86,-4,-82,-9,-77,-15,-87,-27,-82,-32,-79,-40,-76,-48,-74,-57,-64,-61,-65,-63,-54,-69,-45,-77,-43,-74,-35,-78,-26,-84,-16,-82,-6,-89,-4,-91,-2,-83,7,-91,16,-90,17,-81,24,-83,29,-77,29,-71,29,0,0]"
CSI_DATA,186,1a:00:00:00:00:00,-54,11,1,0,1,1,1,0,0,0,1,-96,0,11,2,2680200,0,44,0,384,0,"[0,0,0,0,0,0,0,0,0,0,0,0,-2,-7,-2,-6,-3,-5,-2,-4,-2,-3,-2,-2,-2,-2,-1,-1,-1,-1,0,0,0,0,1,0,1,1,2,1,2,1,3,0,3,0,3,0,4,-1,4,-1,4,-1,5,-2,5,-2,5,-3,5,-3,5,-3,0,0,5,-4,6,-4,6,-4,5,-4,5,-4,5,-4,5,-4,5,-3,5,-3,5,-3,5,-2,5,-2,4,-2,4,-1,4,-1,4,-1,4,0,4,0,4,0,4,0,4,1,4,1,4,2,4,2,4,3,3,3,0,0,0,0,0,0,0,0,0,0,0,0,0,0,-51,-26,-48,-22,-46,-13,-42,-11,-35,-12,-34,-5,-23,-2,-19,4,-15,2,-14,-1,-9,3,-3,1,-4,4,5,1,3,-3,9,-9,13,-2,10,-11,12,-8,12,-13,14,-19,14,-17,13,-24,13,-22,9,-24,14,-26,12,-29,9,-31,7,-31,2,-37,9,-37,6,-41,6,-36,-1,-34,0,-39,5,-34,5,-36,3,-32,2,-33,9,-31,6,-31,11,-29,13,-25,12,-24,14,-21,16,-19,13,-17,15,-18,17,-13,15,-12,19,-13,21,-14,23,-8,24,-8,27,-9,25,-6,29,-2,0,0,0,0,0,0,0,0,0,0,0,0,0,0,0,0,0,0,0,0,0,0,16,-16,15,-14,16,-14,12,-10,13,-5,9,-2,5,0,4,4,3,9,4,9,-1,16,-3,20,-3,23,-6,28,-10,32,-9,35,-5,45,-6,45,-1,49,-11,54,-3,58,-4,68,4,61,13,66,11,70,20,73,21,77,27,82,25,70,39,78,37,69,49,74,49,66,57,57,66,63,68,50,71,38,80,41,82,28,88,22,88,18,82,5,92,2,87,-10,80,-16,79,-18,79,-30,81,-36,78,-49,80,-47,72,-53,67,-62,63,-65,54,-60,55,-71,44,-67,45,-66,0,0]"
CSI_DATA,187,1a:00:00:00:00:00,-54,11,1,0,1,1,1,0,0,0,1,-96,0,11,2,2689475,0,44,0,384,0,"[0,0,0,0,0,0,0,0,0,0,0,0,5,-5,4,-4,2,-4,2,-4,1,-3,1,-3,0,-2,0,-1,-1,-1,-1,0,-1,0,-1,1,-1,2,-1,2,-1,2,0,3,0,3,1,3,1,3,2,4,2,4,3,4,3,4,4,4,4,4,4,4,0,0,5,4,5,4,5,4,5,3,5,3,5,4,5,3,4,3,4,3,4,4,3,4,3,4,2,3,2,3,2,3,1,4,1,3,1,3,1,4,0,4,0,4,0,4,-1,4,-1,5,-2,5,-2,4,0,0,0,0,0,0,0,0,0,0,0,0,0,0,4,-29,2,-25,-3,-22,-3,-23,-3,-19,-6,-17,-3,-14,-5,-11,-6,-7,-3,-6,-5,-3,-1,-1,-1,-1,1,0,3,1,4,3,4,6,5,4,5,2,7,3,9,2,8,1,10,2,11,-2,14,0,14,-2,13,-1,16,-5,14,-4,17,-6,16,-5,17,-6,17,-6,19,-9,15,-6,17,-7,16,-8,16,-7,16,-6,15,-5,15,-4,14,-4,15,-2,14,-1,12,-2,10,1,9,1,10,2,10,3,11,4,10,5,9,6,9,7,9,6,11,10,9,11,8,12,0,0,0,0,0,0,0,0,0,0,0,0,0,0,0,0,0,0,0,0,0,0,9,7,8,7,7,7,5,8,4,4,3,4,1,3,0,3,-4,1,-4,2,-9,-1,-10,1,-13,0,-15,2,-16,0,-19,-1,-22,1,-23,0,-23,4,-28,4,-29,6,-33,6,-33,9,-34,12,-36,14,-33,15,-34,15,-32,21,-35,22,-31,26,-29,27,-28,33,-25,31,-24,34,-21,37,-15,38,-11,40,-8,42,-3,42,2,45,4,41,7,43,12,41,18,43,17,35,24,39,26,37,30,29,33,31,34,29,39,27,40,20,37,20,39,15,40,15,38,13,37,11,0,0]"
CSI_DATA,188,1a:00:00:00:00:00,-54,11,1,0,1,1,1,0,0,0,1,-96,0,11,2,2699476,0,44,0,384,0,"[0,0,0,0,0,0,0,0,0,0,0,0,2,5,2,4,2,3,2,3,1,2,1,1,1,1,0,0,0,-1,-1,-1,-1,-1,-2,-1,-2,-1,-3,-1,-3,-1,-4,-1,-4,-1,-4,-1,-5,0,-5,0,-5,0,-5,1,-5,1,-6,2,-6,2,-6,3,0,0,-6,3,-6,3,-6,3,-6,3,-6,3,-6,3,-6,3,-6,3,-5,3,-5,2,-5,2,-5,1,-5,1,-5,1,-5,0,-5,0,-5,0,-5,-1,-5,-1,-5,-1,-5,-2,-5,-2,-5,-2,-5,-3,-5,-3,-4,-4,0,0,0,0,0,0,0,0,0,0,0,0,0,0,50,30,49,20,43,13,38,11,35,5,30,2,23,2,20,1,16,2,13,-5,7,-2,4,-5,-5,-1,-4,4,-6,3,-5,3,-10,5,-7,6,-11,7,-10,12,-15,14,-15,19,-10,20,-7,24,-5,25,-4,26,-4,28,-1,27,-2,34,0,38,-1,37,3,37,3,32,1,39,7,38,3,39,2,37,0,37,0,32,-1,28,2,30,-2,31,-6,26,1,27,-8,25,-12,21,-11,21,-10,16,-5,18,-13,21,-12,16,-16,20,-16,15,-20,18,-23,11,-25,15,-25,12,0,0,0,0,0,0,0,0,0,0,0,0,0,0,0,0,0,0,0,0,0,0,-23,9,-24,4,-22,5,-21,3,-11,2,-13,-3,-7,-1,-4,-5,-2,-9,2,-9,3,-9,5,-15,13,-21,13,-31,14,-27,13,-32,17,-42,15,-40,20,-51,19,-58,23,-52,19,-66,8,-59,9,-74,11,-72,3,-75,3,-77,-3,-82,-6,-76,-21,-86,-26,-78,-34,-85,-39,-77,-43,-73,-52,-72,-61,-63,-59,-58,-71,-49,-74,-47,-83,-36,-87,-33,-85,-19,-84,-14,-91,-3,-83,2,-78,17,-88,21,-85,29,-79,37,-79,42,-77,48,-69,54,-77,55,-57,52,-62,62,-49,66,-46,60,0,0]"
CSI_DATA,189,1a:00:00:00:00:00,-54,11,1,0,1,1,1,0,0,0,1,-96,0,11,2,2740459,0,44,0,384,0,"[0,0,0,0,0,0,0,0,0,0,0,0,5,2,4,2,4,1,3,0,2,0,2,0,1,-1,0,-1,0,-1,-1,-1,-2,-1,-2,-1,-3,-1,-3,0,-4,0,-4,1,-4,1,-4,1,-4,2,-4,2,-5,3,-5,3,-5,3,-5,4,-5,5,-5,5,0,0,-5,6,-5,5,-5,6,-4,6,-5,6,-5,5,-4,5,-4,5,-4,5,-4,4,-5,4,-5,3,-4,3,-4,2,-4,2,-4,2,-4,1,-4,1,-4,1,-4,0,-5,0,-5,-1,-5,-1,-5,-2,-5,-2,-5,-3,0,0,0,0,0,0,0,0,0,0,0,0,0,0,54,-23,50,-19,41,-22,35,-22,30,-21,18,-24,19,-20,14,-17,7,-12,7,-11,7,-9,0,-7,0,-3,-6,5,-6,9,-6,7,-10,12,-4,13,-8,15,-6,19,-6,24,-4,22,0,26,3,26,4,24,5,30,9,26,7,37,7,32,11,34,16,35,12,40,12,36,21,37,15,34,10,32,15,34,14,37,9,32,7,30,5,28,7,30,6,29,2,25,-1,23,0,22,-3,23,-6,23,-6,20,-9,19,-11,16,-12,19,-17,19,-16,15,-19,14,-19,8,-24,9,0,0,0,0,0,0,0,0,0,0,0,0,0,0,0,0,0,0,0,0,0,0,12,24,12,21,10,17,6,14,7,11,0,9,0,7,-3,4,-5,1,-9,-7,-13,-9,-16,-10,-26,-15,-23,-12,-29,-20,-29,-19,-43,-22,-39,-24,-44,-19,-53,-27,-50,-32,-65,-30,-68,-28,-69,-26,-74,-21,-75,-20,-83,-22,-82,-16,-83,-16,-84,-1,-78,0,-88,5,-84,10,-83,18,-85,23,-83,35,-78,38,-70,46,-68,47,-65,63,-62,65,-51,71,-47,74,-41,74,-41,75,-28,94,-32,85,-17,83,-12,90,-8,90,-1,91,4,86,6,93,12,79,15,85,18,83,14,75,0,0]"
CSI_DATA,190,1a:00:00:00:00:00,-54,11,1,0,1,1,1,0,0,0,1,-96,0,11,2,2749456,0,44,0,384,0,"[0,0,0,0,0,0,0,0,0,0,0,0,-6,-3,-6,-2,-5,-1,-4,-1,-3,0,-3,0,-2,0,-1,0,0,0,0,0,1,0,1,0,2,-1,2,-1,2,-1,3,-2,3,-2,3,-3,3,-3,3,-4,3,-4,3,-5,3,-5,3,-6,3,-6,3,-6,0,0,3,-7,3,-7,3,-7,3,-7,3,-7,3,-7,3,-7,3,-6,3,-6,3,-6,3,-5,3,-5,3,-4,3,-4,3,-3,3,-3,3,-3,3,-2,3,-2,3,-2,3,-1,4,-1,4,0,4,0,4,1,4,1,0,0,0,0,0,0,0,0,0,0,0,0,0,0,-49,24,-45,18,-33,27,-30,22,-28,24,-17,18,-17,18,-12,12,-4,9,-4,10,2,9,1,2,7,1,2,-3,3,-3,7,-12,6,-12,10,-12,2,-16,5,-20,0,-21,2,-24,-2,-26,-3,-29,-4,-31,-8,-32,-10,-32,-15,-31,-13,-32,-16,-34,-17,-32,-19,-31,-18,-35,-19,-32,-23,-35,-20,-33,-20,-33,-21,-33,-17,-34,-15,-34,-12,-33,-9,-29,-9,-29,-6,-28,-3,-24,-4,-23,0,-21,-1,-23,2,-20,5,-23,5,-22,10,-14,11,-21,14,-16,16,-18,16,-13,17,-14,0,0,0,0,0,0,0,0,0,0,0,0,0,0,0,0,0,0,0,0,0,0,-18,-18,-11,-18,-11,-15,-9,-15,-4,-11,-6,-7,-5,-7,1,-2,5,1,8,7,14,4,13,4,21,7,24,14,27,14,36,17,39,19,41,19,42,18,53,19,57,18,65,16,64,17,77,12,73,13,76,4,77,4,77,3,80,1,82,-8,79,-10,85,-21,78,-20,80,-29,76,-33,74,-37,69,-42,63,-53,61,-52,60,-68,55,-65,45,-73,40,-76,34,-86,31,-80,11,-79,12,-81,5,-85,3,-87,-3,-88,-11,-80,-14,-90,-12,-82,-23,-80,-25,-81,-28,-69,-28,-76,0,0]"
CSI_DATA,191,1a:00:00:00:00:00,-53,11,1,0,1,1,1,0,0,0,1,-96,0,11,2,2759480,0,44,0,384,0,"[0,0,0,0,0,0,0,0,0,0,0,0,4,-4,3,-4,2,-4,2,-3,1,-3,0,-2,0,-2,-1,-1,-1,-1,-1,0,-2,0,-2,1,-2,1,-2,2,-2,2,-2,3,-2,3,-1,3,-1,4,-1,4,0,5,0,5,0,5,1,6,1,6,1,6,0,0,2,7,2,7,2,7,2,7,2,6,2,6,2,6,1,6,1,6,1,6,0,5,0,5,0,5,-1,4,-1,4,-1,4,-1,3,-2,3,-2,3,-2,3,-3,2,-3,2,-3,2,-4,2,-4,1,-4,1,0,0,0,0,0,0,0,0,0,0,0,0,0,0,2,-57,-6,-54,-9,-44,-6,-38,-8,-32,-11,-28,-12,-19,-9,-16,-8,-11,-7,-12,-6,-6,-6,1,-6,4,-3,8,2,10,4,9,6,12,8,12,14,14,6,23,18,20,16,12,22,17,19,16,26,14,29,16,33,14,35,17,35,14,40,12,41,14,42,11,40,10,38,10,39,9,40,10,36,14,35,9,38,15,33,13,28,19,24,14,26,14,26,14,18,13,16,17,13,16,14,15,7,17,10,15,7,17,4,17,6,17,0,22,-2,20,-5,20,-6,20,0,0,0,0,0,0,0,0,0,0,0,0,0,0,0,0,0,0,0,0,0,0,15,-14,15,-12,16,-9,10,-5,13,-6,5,-4,1,1,3,0,0,5,-2,9,-6,10,-14,12,-14,15,-20,24,-24,22,-24,29,-28,38,-29,35,-31,38,-32,45,-36,51,-38,57,-35,55,-35,66,-36,65,-28,70,-32,76,-26,71,-25,72,-20,80,-12,74,-16,81,-10,85,0,84,1,91,14,82,18,79,23,80,28,77,39,77,43,76,47,69,52,68,60,67,58,58,77,56,74,51,73,43,76,40,78,36,75,33,78,29,85,28,77,22,83,22,79,10,76,10,0,0]"
CSI_DATA,192,1a:00:00:00:00:00,-53,11,1,0,1,1,1,0,0,0,1,-96,0,11,2,2769751,0,44,0,384,0,"[0,0,0,0,0,0,0,0,0,0,0,0,5,-2,4,-2,3,-2,2,-2,2,-2,1,-2,0,-2,-1,-2,-1,-1,-2,-1,-2,0,-3,0,-3,1,-3,1,-3,1,-3,2,-3,3,-3,3,-3,4,-3,4,-3,4,-3,5,-3,5,-2,6,-2,6,-2,6,0,0,-2,7,-2,7,-2,7,-2,7,-2,7,-2,7,-2,7,-2,6,-2,6,-2,6,-3,5,-3,5,-3,4,-3,4,-3,3,-3,3,-3,2,-3,2,-3,2,-3,1,-4,1,-4,1,-4,0,-4,0,-4,-1,-4,-1,0,0,0,0,0,0,0,0,0,0,0,0,0,0,23,-47,16,-41,9,-48,11,-35,5,-34,6,-28,-2,-17,-1,-22,-6,-18,-5,-8,-6,-9,-4,-6,-6,3,-6,3,-3,10,-2,8,1,15,2,17,1,16,2,23,4,26,3,21,6,25,13,23,13,21,17,26,19,32,21,27,22,30,29,30,28,29,27,30,28,28,26,32,31,29,30,30,24,28,26,28,27,29,22,29,16,26,12,26,16,28,14,25,9,22,7,22,5,21,2,20,-1,17,-1,17,-4,17,-3,16,-9,21,-12,17,-11,14,-15,12,-22,11,0,0,0,0,0,0,0,0,0,0,0,0,0,0,0,0,0,0,0,0,0,0,19,-13,18,-10,19,-6,12,-4,9,-6,7,-3,3,-4,0,1,-4,0,-8,4,-13,4,-20,11,-20,11,-26,14,-26,10,-30,17,-39,26,-43,21,-39,29,-46,31,-49,33,-56,41,-53,42,-53,50,-55,50,-52,56,-50,50,-52,63,-52,62,-47,74,-43,66,-43,77,-37,73,-31,76,-26,79,-22,80,-12,78,-7,87,0,84,4,89,12,90,21,79,23,82,26,83,35,73,38,69,43,68,54,64,58,66,61,62,61,61,70,50,68,61,63,46,68,52,72,41,60,42,0,0]"
CSI_DATA,193,1a:00:00:00:00:00,-53,11,1,0,1,1,1,0,0,0,1,-96,0,11,2,2779469,0,44,0,384,0,"[0,0,0,0,0,0,0,0,0,0,0,0,-6,2,-5,2,-4,2,-3,2,-2,2,-2,1,-1,1,0,0,0,0,1,0,1,-1,2,-1,2,-2,2,-2,2,-3,2,-3,2,-4,2,-4,2,-5,2,-5,2,-6,2,-6,2,-6,1,-7,1,-7,1,-8,0,0,1,-8,1,-8,1,-9,0,-8,1,-8,1,-8,1,-8,1,-7,1,-7,1,-7,2,-7,2,-6,2,-5,2,-5,2,-4,2,-4,2,-3,2,-3,2,-3,2,-2,3,-2,3,-2,3,-1,3,-1,3,0,3,1,0,0,0,0,0,0,0,0,0,0,0,0,0,0,-18,59,-21,46,-7,41,-6,36,-2,34,-5,26,-3,28,5,18,4,16,5,14,5,1,9,1,10,-3,0,-6,1,-9,3,-12,0,-19,-4,-21,-1,-20,-1,-25,-6,-26,-10,-27,-16,-25,-15,-26,-19,-28,-20,-31,-23,-24,-29,-31,-24,-31,-30,-30,-28,-30,-35,-30,-30,-32,-34,-30,-30,-28,-32,-32,-31,-31,-30,-30,-26,-34,-25,-26,-25,-26,-21,-26,-19,-30,-14,-24,-12,-27,-11,-23,-11,-26,-8,-24,-3,-20,0,-20,1,-19,4,-17,4,-18,5,-13,7,-16,18,-16,16,-13,0,0,0,0,0,0,0,0,0,0,0,0,0,0,0,0,0,0,0,0,0,0,-18,14,-19,12,-14,9,-13,8,-9,4,-7,5,-1,4,0,1,4,-2,9,-4,11,-7,12,-11,22,-13,24,-16,26,-20,34,-17,39,-27,37,-30,38,-35,43,-34,43,-39,48,-46,50,-53,47,-52,51,-57,43,-65,50,-60,45,-71,46,-62,40,-76,35,-73,40,-80,29,-77,21,-82,17,-92,12,-85,4,-82,1,-90,-4,-87,-16,-89,-18,-87,-29,-82,-31,-83,-39,-82,-43,-79,-56,-67,-58,-70,-58,-67,-64,-62,-65,-64,-63,-56,-74,-52,-75,-56,-68,-41,-75,-41,-73,-36,-67,-36,0,0]"
CSI_DATA,194,1a:00:00:00:00:00,-53,11,1,0,1,1,1,0,0,0,1,-96,0,11,2,2789462,0,44,0,384,0,"[0,0,0,0,0,0,0,0,0,0,0,0,-3,-6,-3,-5,-3,-4,-3,-3,-3,-2,-2,-2,-2,-1,-2,0,-1,0,-1,1,0,2,0,2,0,2,1,3,1,3,2,3,3,3,3,3,3,3,4,3,5,3,5,3,5,3,6,3,6,3,7,2,0,0,7,2,7,3,7,3,7,2,7,3,7,3,7,3,6,3,6,3,5,3,5,3,4,3,4,3,3,3,3,3,2,3,2,3,1,3,1,3,1,3,0,3,0,3,-1,3,-2,3,-2,3,-3,2,0,0,0,0,0,0,0,0,0,0,0,0,0,0,-55,-3,-46,-2,-43,4,-38,1,-31,4,-28,7,-17,6,-23,9,-11,10,-11,5,-3,6,4,5,2,2,8,2,12,1,16,1,18,-3,18,-3,16,-7,22,-10,26,-12,27,-13,24,-14,28,-18,25,-15,29,-25,31,-20,23,-29,25,-29,23,-33,27,-33,26,-36,27,-30,31,-33,29,-33,28,-33,29,-33,26,-29,26,-26,23,-25,29,-22,29,-23,26,-17,25,-17,25,-12,22,-10,21,-10,20,-6,20,-3,14,3,18,2,17,4,17,6,15,8,13,12,10,13,7,17,0,0,0,0,0,0,0,0,0,0,0,0,0,0,0,0,0,0,0,0,0,0,-23,-1,-18,0,-15,0,-16,2,-10,-1,-7,1,-4,3,0,0,2,6,10,3,10,8,16,9,23,9,29,8,30,9,35,12,49,10,44,13,52,10,60,10,57,12,69,10,63,11,74,6,75,8,85,-1,76,11,80,-2,77,1,86,-5,73,-5,91,-13,83,-15,84,-23,80,-29,81,-35,74,-34,76,-44,66,-46,68,-55,66,-58,58,-61,61,-64,56,-67,46,-71,45,-75,39,-79,29,-79,33,-80,28,-78,25,-83,16,-87,22,-88,18,-77,11,-78,3,-81,7,-71,0,0]"
CSI_DATA,195,1a:00:00:00:00:00,-52,11,1,0,1,1,1,0,0,0,1,-96,0,11,2,2800007,0,44,0,384,0,"[0,0,0,0,0,0,0,0,0,0,0,0,-7,-1,-6,0,-5,0,-4,0,-3,1,-2,1,-1,1,-1,1,0,1,1,0,2,0,2,0,3,0,3,0,3,-1,4,-1,4,-2,5,-2,4,-3,5,-3,5,-3,5,-4,5,-4,6,-5,6,-5,6,-6,0,0,6,-6,6,-6,6,-6,6,-6,6,-6,6,-5,6,-5,6,-5,6,-5,6,-4,6,-4,5,-3,5,-2,5,-2,4,-2,4,-1,4,-1,4,-1,3,0,3,0,3,1,3,1,2,2,2,2,1,3,1,3,0,0,0,0,0,0,0,0,0,0,0,0,0,0,-27,39,-27,38,-18,34,-17,32,-11,30,-12,22,-3,25,-3,22,4,14,0,10,3,8,4,7,5,3,5,-4,8,-12,7,-12,9,-14,9,-21,6,-21,7,-23,7,-27,4,-27,2,-31,-3,-31,0,-28,0,-32,-5,-36,-4,-32,-9,-39,-8,-40,-9,-41,-9,-41,-12,-41,-9,-43,-11,-38,-6,-46,-8,-43,-7,-37,-3,-40,-1,-39,1,-34,5,-32,1,-31,3,-31,5,-28,6,-23,7,-23,8,-20,7,-18,11,-14,10,-14,13,-9,12,-10,14,-5,14,-7,18,-4,14,2,0,0,0,0,0,0,0,0,0,0,0,0,0,0,0,0,0,0,0,0,0,0,-6,20,-5,16,-5,11,-6,10,-2,9,-2,8,2,3,7,0,12,-4,12,-6,15,-8,18,-11,20,-21,24,-19,27,-22,30,-29,34,-32,34,-32,36,-39,36,-44,41,-42,44,-52,43,-54,45,-56,45,-59,42,-65,45,-63,43,-69,40,-69,39,-75,35,-75,31,-77,29,-78,21,-77,17,-80,13,-83,8,-79,0,-81,-4,-84,-10,-89,-8,-88,-16,-81,-21,-84,-29,-81,-31,-74,-42,-76,-44,-75,-45,-70,-53,-68,-51,-67,-54,-65,-57,-62,-59,-63,-56,-55,-59,-57,-59,-49,-56,-41,0,0]"
CSI_DATA,196,1a:00:00:00:00:00,-53,11,1,0,1,1,1,0,0,0,1,-96,0,11,2,2829481,0,44,0,384,0,"[0,0,0,0,0,0,0,0,0,0,0,0,-2,-7,-2,-6,-3,-5,-3,-4,-2,-4,-2,-3,-2,-2,-2,-1,-1,0,-2,0,-1,1,0,1,0,2,0,2,0,2,1,3,2,3,1,3,2,3,2,3,2,3,3,4,4,3,4,4,4,4,5,3,0,0,5,4,5,5,5,4,5,4,5,4,4,5,4,4,4,4,4,4,3,4,3,4,2,4,2,4,2,4,1,4,1,3,1,3,0,3,0,3,0,3,-1,2,-1,2,-2,2,-2,2,-3,2,-3,1,0,0,0,0,0,0,0,0,0,0,0,0,0,0,1,-30,3,-28,-1,-24,-3,-19,-3,-19,-4,-16,-5,-14,-5,-12,-5,-9,-5,-7,-4,-4,-3,-1,-5,-2,-2,1,-1,1,-1,5,-2,4,1,6,1,7,1,6,4,9,4,8,6,8,7,11,8,11,9,11,9,13,12,10,9,13,14,13,10,12,13,12,13,10,16,14,12,11,15,13,12,13,12,12,10,14,10,13,9,12,8,11,7,13,5,13,6,11,5,10,4,9,4,10,0,10,2,10,0,8,-1,8,-3,8,-6,7,-6,6,-6,6,-8,3,0,0,0,0,0,0,0,0,0,0,0,0,0,0,0,0,0,0,0,0,0,0,-5,-9,-4,-8,-5,-5,-6,-5,-7,-2,-7,-2,-7,-1,-7,0,-9,4,-9,5,-10,8,-9,11,-9,13,-9,14,-11,14,-12,18,-9,23,-11,22,-10,24,-9,27,-9,30,-12,34,-10,33,-10,36,-9,38,-7,39,-8,39,-4,40,-3,39,0,42,2,38,2,42,7,42,11,38,10,41,16,40,15,36,18,36,19,37,24,37,26,34,29,30,32,30,32,27,33,26,37,20,37,19,39,18,40,17,38,18,38,14,40,12,41,15,38,7,40,8,41,7,33,6,0,0]"
CSI_DATA,197,1a:00:00:00:00:00,-53,11,1,0,1,1,1,0,0,0,1,-96,0,11,2,2839707,0,44,0,384,0,"[0,0,0,0,0,0,0,0,0,0,0,0,-5,-6,-5,-5,-5,-4,-4,-4,-4,-3,-3,-2,-3,-1,-2,-1,-2,0,-2,0,-1,1,0,1,0,1,0,1,1,1,2,1,3,1,3,1,3,1,3,1,4,1,4,0,5,1,5,1,5,1,6,0,0,0,6,-1,6,0,7,0,7,0,6,0,6,0,6,0,5,0,6,0,5,1,5,1,4,1,4,2,4,1,3,2,3,2,3,2,2,1,2,2,2,2,1,2,1,2,1,2,0,3,-1,2,-1,2,0,0,0,0,0,0,0,0,0,0,0,0,0,0,-15,-26,-14,-23,-16,-22,-14,-20,-12,-16,-12,-14,-9,-11,-13,-10,-9,-8,-8,-6,-7,-3,-4,-3,-4,-1,-4,1,-4,4,1,0,1,3,2,4,3,3,6,4,6,5,7,5,7,5,8,4,8,4,14,5,12,2,14,2,13,4,16,2,16,1,18,0,15,4,19,4,17,2,18,3,20,3,17,3,15,5,15,3,14,5,12,3,16,5,13,6,11,5,11,5,8,4,8,7,7,5,5,5,5,7,6,6,3,7,2,7,1,7,-1,8,-1,9,0,0,0,0,0,0,0,0,0,0,0,0,0,0,0,0,0,0,0,0,0,0,-8,-5,-8,-5,-7,-4,-6,-3,-8,-1,-6,1,-7,2,-6,5,-4,6,-6,10,-7,11,-4,14,-4,16,-4,19,-4,19,-2,20,-1,25,-1,26,2,26,1,28,2,29,6,34,3,34,7,34,6,36,12,36,11,34,13,36,13,38,19,36,17,32,22,37,21,32,24,32,25,31,28,28,32,23,32,23,36,21,39,19,38,18,40,12,39,8,41,9,40,3,40,5,40,2,41,-2,42,-4,42,-6,41,-9,41,-10,44,-8,39,-12,36,-15,37,-14,34,-17,0,0]"
CSI_DATA,198,1a:00:00:00:00:00,-52,11,1,0,1,1,1,0,0,0,1,-96,0,11,2,2850792,0,44,0,384,0,"[0,0,0,0,0,0,0,0,0,0,0,0,8,0,6,-1,5,-1,5,-1,4,-1,3,-2,2,-2,2,-2,1,-2,0,-1,0,-2,-1,-2,-1,-1,-2,-1,-2,0,-3,0,-3,0,-3,0,-3,1,-4,1,-4,1,-4,1,-5,2,-5,2,-5,3,-5,3,0,0,-6,3,-5,4,-5,4,-6,4,-5,4,-5,3,-5,3,-6,3,-5,3,-6,2,-6,2,-6,1,-5,1,-5,1,-5,1,-4,1,-5,0,-4,0,-4,0,-4,-1,-4,-1,-4,-1,-4,-2,-3,-2,-3,-3,-3,-3,0,0,0,0,0,0,0,0,0,0,0,0,0,0,64,12,56,12,57,5,45,1,42,0,34,-3,33,1,26,-6,21,-5,17,-12,12,-7,12,-7,6,-8,4,-8,-3,-5,-3,-6,-6,-5,-7,-5,-7,0,-13,1,-15,3,-14,6,-16,5,-16,5,-13,9,-23,11,-20,15,-19,19,-20,18,-21,24,-22,23,-23,29,-23,23,-20,24,-25,28,-29,18,-25,22,-25,23,-25,17,-21,23,-30,22,-25,19,-25,16,-24,14,-25,11,-21,11,-22,11,-17,8,-20,7,-20,4,-18,3,-18,2,-17,-2,-18,-3,-19,-8,-16,-10,-10,-9,0,0,0,0,0,0,0,0,0,0,0,0,0,0,0,0,0,0,0,0,0,0,14,-5,15,-6,12,-7,8,-11,12,-10,6,-13,4,-16,-1,-16,-4,-16,-6,-19,-8,-21,-14,-24,-15,-27,-23,-29,-24,-32,-31,-26,-34,-36,-39,-34,-41,-33,-45,-36,-48,-35,-58,-37,-57,-33,-63,-33,-62,-33,-70,-32,-73,-33,-77,-29,-72,-25,-84,-19,-75,-13,-84,-7,-78,-10,-81,-4,-81,2,-79,8,-74,14,-78,26,-78,26,-79,34,-75,39,-67,48,-69,48,-63,57,-64,53,-56,57,-54,67,-46,67,-50,72,-49,70,-39,76,-38,83,-37,80,-27,72,-29,79,-24,82,-24,76,0,0]"
CSI_DATA,199,1a:00:00:00:00:00,-52,11,1,0,1,1,1,0,0,0,1,-96,0,11,2,2859450,0,44,0,384,0,"[0,0,0,0,0,0,0,0,0,0,0,0,-9,-1,-8,-1,-7,-1,-6,-1,-5,0,-5,1,-4,1,-3,1,-3,0,-2,0,-1,0,-1,1,0,1,0,0,1,0,2,0,1,0,2,-1,2,-1,2,-1,2,-1,3,-2,3,-1,3,-2,4,-2,4,-3,0,0,5,-2,5,-3,5,-3,5,-3,5,-3,4,-3,5,-3,5,-3,5,-3,5,-2,5,-1,5,-1,4,-1,4,0,4,0,4,0,4,0,3,1,3,0,3,1,2,1,2,2,2,2,1,2,1,2,0,2,0,0,0,0,0,0,0,0,0,0,0,0,0,0,-63,-21,-59,-21,-53,-12,-50,-10,-43,-6,-38,-3,-38,1,-33,-3,-32,-2,-23,5,-22,3,-17,2,-12,5,-8,3,-4,4,-1,6,1,5,3,4,5,6,13,7,15,3,16,-2,15,1,13,-3,15,-2,21,-3,23,-11,24,-12,21,-5,27,-14,28,-13,34,-11,27,-12,31,-16,29,-16,33,-12,30,-13,31,-9,31,-12,31,-12,29,-12,33,-7,29,-2,30,-2,24,-1,27,1,25,6,23,3,18,5,19,6,17,4,19,7,15,9,15,14,10,16,8,20,6,21,0,0,0,0,0,0,0,0,0,0,0,0,0,0,0,0,0,0,0,0,0,0,-14,11,-14,13,-11,11,-9,11,-6,13,-5,12,1,12,4,11,5,14,11,17,17,15,22,17,23,20,27,20,30,25,37,17,44,15,48,21,47,18,57,18,55,19,64,24,63,22,65,16,72,19,71,11,75,15,79,13,75,9,78,4,75,3,82,-3,79,-10,79,-13,79,-19,79,-24,77,-28,77,-35,71,-38,73,-47,72,-51,70,-55,67,-56,63,-66,56,-61,60,-71,56,-76,47,-74,46,-79,47,-78,44,-79,34,-86,39,-86,30,-83,37,-82,28,-82,30,-78,0,0]"
CSI_DATA,200,1a:00:00:00:00:00,-52,11,1,0,1,1,1,0,0,0,1,-96,0,11,2,2869459,0,44,0,384,0,"[0,0,0,0,0,0,0,0,0,0,0,0,4,-9,3,-9,1,-8,1,-7,0,-6,1,-6,0,-5,0,-4,0,-4,-1,-3,-1,-2,-1,-2,-2,-1,-2,0,-2,1,-1,1,-1,1,-1,1,-1,2,-1,3,-1,3,0,4,-1,4,0,5,0,5,0,4,0,0,0,5,0,6,0,6,0,6,0,6,0,6,0,6,0,6,-1,6,-1,5,-2,5,-2,5,-2,5,-2,4,-2,4,-3,4,-3,4,-3,3,-3,3,-3,2,-4,2,-3,2,-4,1,-4,1,-4,0,-4,0,0,0,0,0,0,0,0,0,0,0,0,0,0,0,21,-24,18,-25,15,-25,13,-24,12,-24,9,-20,7,-17,8,-17,3,-14,3,-15,2,-13,0,-10,-1,-9,-3,-5,-4,-3,-3,-4,-1,0,-3,1,-2,0,-4,3,-5,4,-4,4,-2,6,-2,8,1,7,0,8,0,9,1,11,0,12,1,16,1,13,1,15,2,12,1,19,3,16,2,18,2,17,1,16,0,17,1,16,-2,16,-2,16,-2,16,-3,13,-2,12,-3,12,-4,12,-5,10,-5,10,-5,11,-6,8,-7,7,-7,6,-9,4,-10,3,-11,3,-9,0,0,0,0,0,0,0,0,0,0,0,0,0,0,0,0,0,0,0,0,0,0,0,0,-10,-2,-11,1,-9,-2,-8,-3,-7,-4,-5,-7,-4,-6,-4,-9,-2,-11,-1,-10,-1,-13,3,-12,3,-14,5,-17,4,-16,9,-19,11,-20,11,-20,13,-23,17,-23,18,-24,22,-25,20,-23,25,-24,25,-20,26,-26,26,-25,33,-23,30,-23,33,-19,31,-21,37,-16,37,-11,39,-14,41,-8,41,-5,40,-3,41,1,41,3,42,3,43,8,41,10,42,12,40,16,37,17,38,23,40,23,34,25,34,26,36,28,35,31,35,32,35,30,30,31,32,30,30,30,27,0,0]"
CSI_DATA,201,1a:00:00:00:00:00,-52,11,1,0,1,1,1,0,0,0,1,-96,0,11,2,2879480,0,44,0,384,0,"[0,0,0,0,0,0,0,0,0,0,0,0,2,8,2,8,3,7,3,6,2,5,2,4,2,3,2,2,2,2,2,1,1,0,1,-1,1,-1,1,-1,1,-1,0,-2,-1,-2,-1,-3,-2,-3,-2,-3,-2,-3,-3,-4,-4,-3,-4,-4,-4,-4,-5,-4,0,0,-5,-4,-5,-4,-5,-5,-5,-4,-5,-5,-5,-5,-5,-5,-4,-5,-5,-5,-5,-5,-4,-5,-3,-6,-3,-5,-3,-5,-2,-5,-2,-5,-2,-5,-1,-4,-1,-4,-1,-4,0,-4,0,-4,0,-4,1,-4,2,-4,2,-3,0,0,0,0,0,0,0,0,0,0,0,0,0,0,-1,36,1,31,2,32,3,26,5,25,4,22,6,20,10,19,6,15,3,14,6,10,1,8,5,5,5,4,2,2,2,0,4,-2,4,-4,2,-5,-1,-5,-1,-5,-1,-6,-3,-8,-3,-8,-6,-8,-6,-6,-9,-8,-10,-10,-10,-9,-13,-13,-12,-9,-14,-11,-10,-12,-13,-11,-14,-12,-12,-13,-13,-12,-14,-14,-12,-13,-10,-14,-13,-13,-11,-14,-12,-13,-9,-12,-7,-13,-7,-13,-6,-13,-6,-12,-3,-10,-4,-11,-2,-11,-3,-12,1,-12,1,-11,2,-11,3,-9,5,-9,0,0,0,0,0,0,0,0,0,0,0,0,0,0,0,0,0,0,0,0,0,0,6,8,7,11,4,8,3,7,6,6,5,4,5,0,4,0,6,-2,6,-2,3,-4,4,-6,9,-11,9,-13,8,-14,9,-17,7,-18,8,-19,4,-22,8,-23,7,-28,9,-31,8,-30,4,-37,6,-37,0,-37,1,-36,0,-37,2,-36,-3,-42,-6,-37,-7,-42,-8,-41,-14,-38,-13,-41,-17,-40,-19,-36,-24,-36,-27,-36,-31,-34,-29,-34,-32,-29,-35,-31,-39,-26,-38,-24,-42,-20,-40,-18,-45,-17,-44,-14,-46,-14,-45,-13,-47,-9,-51,-12,-45,-8,-48,-6,-48,-4,-48,-3,0,0]"
CSI_DATA,202,1a:00:00:00:00:00,-52,11,1,0,1,1,1,0,0,0,1,-96,0,11,2,2889481,0,44,0,384,0,"[0,0,0,0,0,0,0,0,0,0,0,0,-11,1,-10,2,-8,2,-8,2,-7,1,-6,2,-5,2,-4,2,-3,2,-3,1,-2,2,-1,1,0,1,0,0,1,0,1,0,1,0,2,0,2,-2,3,-2,3,-2,3,-3,3,-3,3,-4,4,-4,4,-4,0,0,4,-5,4,-5,4,-6,5,-5,5,-6,5,-5,5,-5,5,-5,6,-4,5,-4,6,-4,5,-3,5,-3,5,-3,5,-2,5,-2,4,-2,4,-2,4,-2,4,-1,4,0,4,0,3,1,3,1,3,1,2,2,0,0,0,0,0,0,0,0,0,0,0,0,0,0,-36,4,-36,3,-31,6,-28,6,-27,5,-24,7,-22,7,-19,5,-16,6,-12,8,-11,7,-9,6,-6,8,-6,5,-4,3,-1,3,-1,4,1,1,2,1,4,1,6,0,6,-2,4,-3,7,-4,8,-4,7,-6,10,-8,8,-10,10,-9,11,-12,10,-11,12,-14,11,-11,10,-13,12,-16,13,-12,14,-12,13,-13,14,-10,13,-11,14,-9,13,-9,14,-9,13,-8,12,-5,13,-7,13,-5,12,-5,10,-2,10,-2,10,-2,9,-2,10,1,9,2,9,4,8,4,7,6,0,0,0,0,0,0,0,0,0,0,0,0,0,0,0,0,0,0,0,0,0,0,-11,10,-9,8,-9,8,-7,8,-6,5,-4,5,-3,7,-2,4,1,5,3,5,4,7,6,5,9,3,10,4,12,3,15,1,17,0,21,1,23,0,23,-3,25,-1,30,-2,31,-3,32,-5,34,-4,34,-10,36,-8,34,-10,37,-10,35,-13,35,-15,37,-19,34,-20,34,-23,34,-23,32,-28,30,-27,29,-31,25,-33,26,-36,25,-38,22,-41,20,-39,19,-46,14,-41,15,-46,11,-46,6,-45,7,-48,5,-52,4,-49,-1,-50,2,-50,0,-49,-1,-53,-2,-49,-2,-47,0,0]"
CSI_DATA,203,1a:00:00:00:00:00,-52,11,1,0,1,1,1,0,0,0,1,-96,0,11,2,2900255,0,44,0,384,0,"[0,0,0,0,0,0,0,0,0,0,0,0,9,-1,9,-1,7,-1,6,-2,5,-1,4,-2,4,-2,3,-2,3,-2,2,-2,1,-2,0,-2,0,-1,-1,-1,-1,-1,-2,-1,-2,-2,-3,-1,-3,0,-4,0,-3,0,-4,1,-4,0,-5,1,-5,1,-5,1,0,0,-6,2,-6,2,-6,2,-6,2,-6,2,-6,2,-7,2,-6,1,-6,1,-6,1,-7,1,-6,0,-6,0,-5,0,-5,-1,-5,-1,-5,-1,-5,-1,-4,-1,-4,-1,-4,-2,-4,-2,-3,-3,-3,-3,-2,-3,-2,-3,0,0,0,0,0,0,0,0,0,0,0,0,0,0,35,-2,33,-2,33,-5,27,-5,27,-7,23,-6,19,-6,21,-8,15,-8,13,-8,10,-5,9,-5,6,-7,3,-5,3,-5,0,-5,-2,-3,-3,-3,-3,-3,-6,-2,-6,-2,-6,-1,-8,2,-8,1,-9,1,-10,4,-11,3,-11,6,-14,7,-14,8,-14,9,-15,8,-12,9,-16,10,-16,10,-16,8,-17,9,-15,9,-16,7,-17,6,-16,6,-17,6,-14,3,-15,3,-15,4,-14,3,-14,1,-13,1,-13,0,-10,-1,-11,-2,-12,-2,-9,-4,-8,-7,-8,-7,-6,-7,-5,-8,0,0,0,0,0,0,0,0,0,0,0,0,0,0,0,0,0,0,0,0,0,0,9,-11,8,-10,7,-9,6,-8,5,-8,3,-8,3,-6,1,-5,-1,-7,-4,-6,-5,-4,-7,-4,-7,-2,-10,-3,-13,-3,-14,0,-17,2,-19,0,-23,1,-22,2,-23,3,-27,6,-29,7,-32,7,-31,9,-34,11,-34,7,-35,11,-35,13,-35,16,-34,15,-35,18,-33,20,-32,22,-34,24,-31,27,-28,27,-28,31,-26,32,-24,36,-24,35,-20,38,-21,40,-18,38,-15,39,-14,45,-12,43,-9,46,-9,45,-7,48,-6,47,-3,46,-3,49,-1,48,-2,49,-1,47,-1,45,0,0]"
CSI_DATA,204,1a:00:00:00:00:00,-52,11,1,0,1,1,1,0,0,0,1,-96,0,11,2,2909594,0,44,0,384,0,"[0,0,0,0,0,0,0,0,0,0,0,0,-7,7,-6,6,-5,6,-4,6,-3,5,-3,4,-3,4,-2,3,-2,3,-1,2,-1,2,0,1,1,0,1,0,1,0,1,-1,1,-1,1,-2,1,-3,1,-3,1,-3,2,-4,1,-4,2,-5,2,-5,2,-5,0,0,2,-6,2,-6,2,-6,2,-6,2,-6,3,-6,3,-5,3,-6,3,-6,3,-5,3,-5,3,-4,3,-4,3,-4,3,-3,3,-3,3,-3,3,-3,3,-2,3,-2,2,-1,3,-1,2,-1,2,0,2,1,2,1,0,0,0,0,0,0,0,0,0,0,0,0,0,0,-67,35,-60,36,-57,38,-47,34,-44,36,-41,28,-36,29,-29,28,-26,25,-21,24,-13,23,-11,16,-9,14,-5,14,-4,11,-1,10,4,6,4,2,9,1,6,-2,10,-4,12,-6,15,-11,12,-12,9,-12,17,-18,15,-17,12,-21,16,-25,18,-27,16,-29,20,-31,17,-26,20,-32,19,-32,20,-33,21,-35,21,-33,22,-26,22,-28,22,-29,25,-25,24,-22,25,-23,23,-23,24,-16,20,-15,23,-14,18,-12,20,-8,20,-5,19,-4,17,1,20,2,17,3,16,5,13,7,0,0,0,0,0,0,0,0,0,0,0,0,0,0,0,0,0,0,0,0,0,0,-6,27,-7,23,-6,22,-1,20,-4,15,-2,16,2,17,4,10,7,6,11,6,11,2,8,-3,17,-3,19,-7,23,-9,27,-16,28,-17,32,-19,33,-29,38,-26,41,-30,45,-38,41,-37,47,-43,52,-46,51,-51,48,-47,49,-57,49,-52,47,-62,42,-61,42,-69,38,-68,36,-73,30,-74,27,-77,25,-75,20,-79,15,-82,12,-89,7,-90,5,-86,-2,-87,-5,-91,-14,-89,-23,-82,-20,-90,-27,-88,-29,-93,-35,-91,-35,-91,-39,-93,-40,-94,-39,-88,-44,-93,-45,-84,-42,-83,0,0]"
CSI_DATA,205,1a:00:00:00:00:00,-52,11,1,0,1,1,1,0,0,0,1,-96,0,11,2,2919791,0,44,0,384,0,"[0,0,0,0,0,0,0,0,0,0,0,0,4,9,4,8,4,6,4,7,4,5,3,5,3,3,2,2,2,2,3,2,2,0,1,0,1,-1,1,-1,0,-2,-1,-2,-1,-3,-1,-3,-1,-3,-1,-3,-1,-4,-2,-4,-3,-4,-3,-5,-4,-5,-4,-5,0,0,-5,-5,-4,-6,-5,-6,-5,-6,-5,-7,-4,-7,-4,-6,-4,-7,-4,-7,-3,-6,-3,-6,-3,-6,-2,-6,-2,-6,-1,-5,-1,-6,-1,-5,-1,-5,-1,-4,0,-4,1,-4,1,-3,1,-3,1,-3,2,-3,2,-2,0,0,0,0,0,0,0,0,0,0,0,0,0,0,4,39,5,36,6,33,3,31,4,25,5,24,8,21,9,19,8,17,4,12,5,12,4,11,3,9,7,5,4,6,3,1,6,-1,3,-3,3,-2,-1,-3,0,-4,1,-6,-2,-9,-1,-10,-1,-10,-3,-11,-4,-10,-6,-12,-6,-15,-9,-16,-8,-12,-6,-16,-9,-16,-8,-19,-9,-15,-7,-19,-6,-19,-7,-19,-5,-18,-6,-20,-3,-18,-4,-16,-2,-16,-2,-18,-1,-15,0,-15,0,-14,2,-12,1,-11,2,-10,3,-10,4,-8,3,-8,5,-7,7,-4,8,-3,7,-1,0,0,0,0,0,0,0,0,0,0,0,0,0,0,0,0,0,0,0,0,0,0,13,-1,11,3,9,-2,8,0,7,0,7,-1,6,-1,7,-3,6,-5,3,-6,2,-8,0,-8,-5,-10,-7,-12,-3,-12,-6,-16,-10,-17,-11,-16,-14,-19,-11,-21,-13,-24,-16,-25,-16,-24,-20,-27,-20,-28,-25,-29,-21,-27,-23,-30,-23,-28,-28,-30,-26,-26,-33,-28,-32,-27,-30,-25,-34,-27,-35,-24,-35,-20,-38,-20,-40,-17,-47,-16,-44,-14,-42,-9,-44,-10,-46,-8,-42,-6,-43,-7,-47,-4,-46,0,-50,1,-50,3,-51,4,-53,3,-50,2,-48,5,-50,10,-51,6,-45,7,0,0]"
CSI_DATA,206,1a:00:00:00:00:00,-52,11,1,0,1,1,1,0,0,0,1,-96,0,11,2,2929540,0,44,0,384,0,"[0,0,0,0,0,0,0,0,0,0,0,0,3,-11,2,-10,0,-10,1,-9,0,-7,1,-7,0,-6,0,-5,0,-5,-1,-4,-1,-3,-1,-3,-2,-2,-2,-1,-2,-1,-2,0,-1,0,-2,1,-2,2,-2,2,-2,3,-3,3,-2,3,-3,4,-3,4,-2,4,0,0,-3,5,-3,6,-3,6,-3,5,-4,5,-3,5,-4,5,-4,5,-4,5,-4,4,-5,4,-5,3,-5,3,-4,2,-5,2,-4,2,-5,2,-4,1,-4,0,-4,0,-4,-1,-3,0,-3,-1,-3,-2,-3,-3,-2,-2,0,0,0,0,0,0,0,0,0,0,0,0,0,0,9,-37,9,-36,5,-33,4,-28,2,-28,3,-26,-1,-23,2,-22,0,-18,0,-20,-3,-15,-2,-13,-4,-13,-5,-7,-3,-7,-3,-8,-3,-3,-4,-3,-4,2,-4,0,-4,2,-3,3,-2,6,-5,6,-2,9,-1,10,-2,10,-1,14,-1,13,-2,10,-3,12,-2,16,-3,14,-1,17,-2,16,-4,18,-4,17,-4,18,-5,15,-5,15,-5,14,-7,15,-7,14,-6,11,-7,11,-7,11,-9,10,-7,9,-8,7,-9,5,-8,4,-9,4,-8,2,-7,1,-8,-2,-7,-3,-6,-4,0,0,0,0,0,0,0,0,0,0,0,0,0,0,0,0,0,0,0,0,0,0,-12,-2,-13,-2,-11,-2,-10,-1,-9,-1,-8,-1,-5,4,-6,4,-4,6,-3,4,-3,7,-1,8,0,12,0,10,3,15,3,15,5,19,3,19,7,23,9,24,8,22,9,28,10,28,11,31,11,32,11,32,8,32,14,36,12,33,17,35,15,31,19,34,22,33,21,30,26,32,25,31,24,28,29,29,31,29,31,27,33,26,33,24,37,24,38,23,38,23,41,15,40,16,43,16,42,14,44,13,42,14,47,13,48,15,43,11,46,14,45,12,43,9,0,0]"
CSI_DATA,207,1a:00:00:00:00:00,-52,11,1,0,1,1,1,0,0,0,1,-96,0,11,2,2949461,0,44,0,384,0,"[0,0,0,0,0,0,0,0,0,0,0,0,7,7,6,7,7,6,6,6,5,5,4,4,4,3,4,2,3,2,4,2,2,1,2,0,2,0,2,-1,1,0,0,-1,0,-1,0,-2,0,-2,-1,-2,-1,-2,-2,-2,-2,-2,-2,-3,-3,-3,-3,-3,0,0,-4,-4,-3,-3,-3,-4,-4,-4,-3,-4,-4,-5,-3,-5,-3,-5,-3,-4,-3,-5,-3,-5,-2,-4,-2,-5,-1,-4,-1,-4,-1,-4,0,-4,0,-3,0,-3,1,-3,1,-3,1,-3,1,-2,2,-2,2,-1,2,-1,0,0,0,0,0,0,0,0,0,0,0,0,0,0,48,62,47,59,44,49,40,51,38,42,34,39,34,38,38,28,32,30,29,24,26,20,22,16,16,13,20,8,16,7,15,4,13,4,13,1,10,-1,6,-2,2,-5,3,-3,-2,-6,-2,-11,-5,-12,-11,-9,-11,-12,-11,-12,-16,-16,-17,-14,-20,-10,-25,-10,-17,-22,-21,-19,-22,-14,-19,-21,-16,-16,-27,-20,-19,-25,-21,-21,-19,-17,-13,-21,-15,-25,-12,-24,-9,-23,-8,-21,-4,-16,-6,-20,-1,-18,2,-17,-3,-16,1,-17,6,-15,5,-11,8,-13,13,-11,14,-7,0,0,0,0,0,0,0,0,0,0,0,0,0,0,0,0,0,0,0,0,0,0,14,-16,11,-17,15,-18,8,-16,6,-15,5,-16,3,-16,1,-17,-5,-23,-5,-21,-10,-18,-17,-22,-21,-27,-22,-24,-27,-27,-27,-24,-36,-26,-37,-29,-38,-32,-42,-30,-43,-34,-50,-34,-55,-33,-61,-35,-62,-36,-71,-29,-66,-36,-63,-33,-68,-34,-74,-30,-74,-24,-85,-23,-76,-22,-77,-16,-81,-15,-80,-13,-82,-5,-85,2,-82,4,-92,13,-86,9,-85,22,-89,22,-92,26,-85,32,-79,35,-85,34,-86,42,-88,48,-87,50,-86,50,-76,53,-89,52,-80,48,-87,58,-76,62,-75,54,0,0]"
CSI_DATA,208,1a:00:00:00:00:00,-52,11,1,0,1,1,1,0,0,0,1,-96,0,11,2,2959490,0,44,0,384,0,"[0,0,0,0,0,0,0,0,0,0,0,0,-12,-4,-11,-3,-10,-3,-10,-3,-9,-2,-8,-2,-7,-1,-7,-1,-6,-1,-5,-1,-5,0,-4,0,-3,0,-3,0,-2,0,-2,1,-1,0,-1,1,0,0,0,0,1,0,1,0,1,1,2,0,2,0,3,1,0,0,3,1,3,1,3,1,4,1,3,2,3,1,3,2,3,2,3,2,3,3,3,3,2,2,1,3,1,2,0,3,0,2,0,2,0,2,0,2,-1,2,-1,2,-1,2,-2,1,-2,1,-3,1,-3,0,0,0,0,0,0,0,0,0,0,0,0,0,0,0,-39,-17,-34,-14,-33,-11,-30,-10,-29,-9,-26,-9,-26,-8,-23,-5,-19,-6,-19,-3,-16,-2,-17,-1,-12,-1,-14,-3,-9,1,-10,1,-9,0,-7,1,-4,1,-5,1,-3,1,0,3,0,2,1,2,1,0,1,0,4,3,5,1,5,2,8,1,8,2,10,3,9,3,7,2,11,2,11,3,10,3,9,5,8,5,10,6,9,6,6,5,7,7,7,6,6,7,5,7,3,8,3,8,2,7,0,8,1,6,1,5,-2,7,-4,4,-4,6,-5,5,-6,2,0,0,0,0,0,0,0,0,0,0,0,0,0,0,0,0,0,0,0,0,0,0,3,10,2,10,3,8,1,10,3,7,3,6,5,4,6,3,7,5,9,4,11,2,12,0,14,-2,16,-2,17,-1,17,-4,18,-8,21,-5,24,-6,25,-5,26,-6,29,-8,29,-10,30,-10,32,-11,32,-12,31,-12,33,-15,34,-13,34,-16,32,-15,36,-19,33,-19,32,-19,31,-23,31,-24,29,-25,27,-27,28,-27,28,-31,27,-31,27,-34,25,-36,25,-38,21,-36,18,-41,19,-40,19,-42,18,-43,18,-47,18,-44,16,-47,15,-45,13,-43,17,-47,15,-46,15,-45,0,0]"
CSI_DATA,209,1a:00:00:00:00:00,-52,11,1,0,1,1,1,0,0,0,1,-96,0,11,2,2970357,0,44,0,384,0,"[0,0,0,0,0,0,0,0,0,0,0,0,-2,11,-2,10,-1,10,-1,9,-1,8,-1,7,-1,6,-1,6,-1,5,0,4,0,4,0,3,0,3,0,2,0,2,0,1,0,0,0,0,0,-1,1,-1,1,-1,1,-2,0,-2,0,-2,0,-3,0,-3,0,0,0,-3,1,-4,1,-4,1,-4,2,-4,2,-5,2,-4,2,-4,2,-4,2,-3,2,-3,3,-2,3,-2,2,-2,2,-1,2,-1,2,-1,2,-1,2,0,2,0,1,1,1,0,1,1,1,1,0,2,0,2,0,0,0,0,0,0,0,0,0,0,0,0,0,0,-6,38,-7,36,-3,35,-8,32,-6,31,-3,29,-3,26,-2,24,-2,21,-1,21,-3,18,-2,17,1,15,0,12,-1,11,0,10,2,6,2,4,2,4,1,5,0,1,1,3,1,1,2,-2,2,-4,2,-4,2,-5,0,-5,1,-6,2,-8,1,-7,1,-7,2,-10,3,-11,3,-12,5,-11,4,-11,2,-11,7,-10,6,-7,6,-9,6,-7,6,-8,7,-7,6,-6,9,-4,7,-4,5,-4,6,-1,7,0,5,1,5,3,3,3,4,4,4,5,3,4,1,5,0,0,0,0,0,0,0,0,0,0,0,0,0,0,0,0,0,0,0,0,0,0,9,-11,5,-8,5,-9,5,-9,5,-9,2,-9,3,-8,1,-8,0,-9,-2,-10,-5,-10,-7,-11,-9,-11,-10,-10,-10,-14,-13,-16,-16,-17,-15,-17,-17,-17,-18,-20,-18,-21,-22,-23,-22,-23,-25,-23,-24,-25,-26,-25,-23,-25,-27,-25,-29,-27,-28,-25,-27,-23,-32,-26,-32,-25,-31,-24,-34,-22,-35,-22,-34,-21,-39,-18,-35,-19,-41,-17,-40,-16,-44,-13,-41,-12,-44,-10,-42,-10,-43,-7,-45,-10,-47,-7,-46,-5,-46,-6,-48,-5,-48,-3,-50,-7,-48,-6,-50,-5,-47,-2,-46,-4,0,0]"
CSI_DATA,210,1a:00:00:00:00:00,-51,11,1,0,1,1,1,0,0,0,1,-96,0,11,2,2979420,0,44,0,384,0,"[0,0,0,0,0,0,0,0,0,0,0,0,11,-6,9,-6,8,-6,8,-4,7,-4,7,-4,6,-5,5,-4,4,-4,3,-3,4,-3,3,-3,2,-2,1,-2,0,-2,0,-3,0,-2,0,-2,-1,-1,-1,-1,-2,-1,-2,-1,-2,-1,-3,-1,-3,-1,-3,-1,0,0,-4,-1,-5,0,-5,-1,-5,-1,-5,-1,-5,-1,-5,-1,-5,-1,-5,-2,-4,-3,-4,-3,-4,-3,-3,-3,-3,-3,-3,-3,-2,-3,-2,-3,-2,-3,-2,-3,-1,-3,0,-3,0,-2,0,-2,1,-2,1,-2,1,-2,0,0,0,0,0,0,0,0,0,0,0,0,0,0,39,-9,37,-10,33,-13,29,-9,32,-11,27,-10,24,-7,22,-8,21,-7,19,-9,18,-9,16,-7,14,-10,12,-6,10,-6,8,-7,8,-6,5,-5,4,-4,3,-5,2,-4,-1,-7,0,-3,-4,-2,-3,-2,-2,-1,-4,-3,-6,0,-6,-1,-9,-2,-9,-2,-8,-2,-11,0,-11,-1,-10,-2,-11,0,-11,-4,-11,-2,-10,-5,-10,-6,-10,-7,-10,-7,-8,-7,-8,-7,-6,-8,-8,-9,-7,-7,-2,-7,-2,-5,0,-7,-2,-7,-1,-7,0,-6,2,-5,4,-5,4,-4,5,-3,0,0,0,0,0,0,0,0,0,0,0,0,0,0,0,0,0,0,0,0,0,0,-14,-2,-11,-1,-10,-1,-10,0,-10,1,-8,1,-8,2,-7,4,-6,4,-6,6,-6,7,-6,9,-4,12,-5,14,-6,15,-7,16,-5,20,-7,21,-5,21,-7,24,-7,25,-9,29,-7,28,-7,29,-9,33,-9,34,-10,33,-8,34,-8,35,-7,36,-6,35,-5,38,-5,38,-4,36,-4,37,-2,39,-1,38,0,39,2,39,5,42,6,42,8,43,9,40,10,43,12,40,13,44,14,43,14,42,17,43,15,46,14,43,20,46,15,46,13,44,16,44,13,43,13,45,0,0]"
CSI_DATA,211,1a:00:00:00:00:00,-50,11,1,0,1,1,1,0,0,0,1,-96,0,11,2,2989468,0,44,0,384,0,"[0,0,0,0,0,0,0,0,0,0,0,0,-7,9,-7,7,-5,7,-5,7,-5,6,-5,5,-4,5,-4,5,-3,4,-3,4,-3,4,-2,3,-1,3,-1,2,0,2,0,2,0,2,0,2,1,1,1,1,2,1,2,0,2,0,3,0,3,0,3,0,0,0,3,0,4,0,4,0,4,0,4,0,4,0,4,1,4,1,4,1,4,2,3,2,3,2,3,2,2,2,2,2,2,2,1,2,1,2,1,2,0,2,0,2,-1,2,-1,1,-1,1,-2,1,-2,1,0,0,0,0,0,0,0,0,0,0,0,0,0,0,-40,70,-40,65,-40,65,-35,60,-29,58,-31,55,-21,49,-23,48,-20,39,-19,41,-12,35,-16,31,-15,34,-7,22,-6,24,-5,23,-2,15,4,14,4,14,6,14,5,16,5,14,12,7,11,3,11,4,16,2,13,-1,16,-2,15,-4,21,-2,22,1,22,-3,23,-6,24,-6,28,-4,25,-4,29,-2,29,-1,29,2,26,3,24,7,25,7,26,7,24,6,20,10,17,15,15,10,12,11,11,12,9,13,8,10,8,15,3,14,2,13,-3,10,-7,12,-10,7,0,0,0,0,0,0,0,0,0,0,0,0,0,0,0,0,0,0,0,0,0,0,3,-27,5,-24,8,-25,3,-22,3,-20,2,-17,-4,-18,0,-15,-9,-19,-8,-16,-10,-19,-15,-20,-17,-21,-19,-18,-23,-21,-25,-25,-34,-26,-33,-26,-40,-33,-36,-31,-42,-35,-46,-42,-46,-41,-53,-39,-52,-45,-53,-44,-54,-45,-57,-47,-55,-49,-62,-47,-55,-43,-62,-46,-62,-48,-63,-45,-67,-47,-64,-46,-65,-43,-71,-40,-73,-37,-77,-36,-77,-38,-83,-36,-81,-35,-82,-30,-84,-29,-84,-31,-92,-29,-86,-32,-85,-33,-90,-34,-86,-29,-96,-29,-99,-38,-90,-31,-100,-37,-91,-32,-87,-33,0,0]"
CSI_DATA,212,1a:00:00:00:00:00,-49,11,1,0,1,1,1,0,0,0,1,-96,0,11,2,2999462,0,44,0,384,0,"[0,0,0,0,0,0,0,0,0,0,0,0,-9,-10,-8,-9,-9,-9,-8,-9,-7,-9,-6,-7,-6,-6,-6,-5,-5,-5,-5,-5,-5,-4,-5,-3,-5,-4,-4,-2,-4,-2,-5,-1,-4,-1,-4,0,-4,0,-4,0,-4,1,-4,1,-4,2,-4,2,-5,2,-4,3,0,0,-4,3,-5,3,-5,3,-5,3,-5,3,-6,3,-6,3,-6,2,-6,2,-6,1,-6,1,-6,0,-5,-1,-5,-1,-5,-1,-5,-1,-5,-1,-4,-1,-4,-2,-3,-2,-3,-2,-3,-2,-2,-3,-1,-3,-1,-2,0,-2,0,0,0,0,0,0,0,0,0,0,0,0,0,0,-30,-31,-27,-31,-27,-27,-26,-27,-23,-27,-18,-23,-21,-24,-20,-20,-18,-20,-14,-15,-13,-15,-13,-15,-12,-13,-13,-12,-12,-10,-12,-8,-11,-7,-11,-5,-11,-5,-11,-3,-10,-1,-9,-1,-10,0,-10,1,-9,4,-9,3,-8,5,-10,6,-10,6,-9,9,-11,9,-11,6,-12,7,-13,8,-12,10,-13,8,-15,8,-16,8,-15,5,-15,4,-15,4,-12,5,-14,2,-15,1,-16,-1,-14,0,-12,-3,-12,-4,-10,-3,-7,-4,-6,-5,-6,-6,-5,-7,-5,-7,-5,-7,-2,-7,1,-5,0,0,0,0,0,0,0,0,0,0,0,0,0,0,0,0,0,0,0,0,0,0,14,-7,12,-6,12,-6,12,-4,11,-5,9,-3,9,-4,9,-6,9,-8,8,-8,8,-8,6,-11,7,-14,8,-12,6,-13,9,-16,8,-17,8,-18,9,-20,9,-21,11,-23,12,-24,13,-25,13,-27,15,-28,15,-31,19,-28,18,-29,21,-30,17,-32,18,-30,20,-31,20,-31,20,-32,21,-31,21,-33,21,-34,20,-35,20,-35,20,-40,20,-37,17,-39,19,-37,21,-42,17,-38,17,-38,19,-38,20,-43,22,-44,23,-45,23,-43,25,-44,27,-44,23,-39,30,-44,28,-40,29,-41,0,0]"
CSI_DATA,213,1a:00:00:00:00:00,-48,11,1,0,1,1,1,0,0,0,1,-96,0,11,2,3009502,0,44,0,384,0,"[0,0,0,0,0,0,0,0,0,0,0,0,13,1,12,1,10,1,10,2,9,2,9,1,8,0,7,0,6,0,6,0,6,-1,5,-1,4,-1,4,-1,4,-1,4,-3,4,-3,2,-3,2,-3,2,-3,2,-3,2,-4,2,-4,1,-4,1,-5,1,-5,0,0,2,-6,1,-6,2,-6,2,-7,2,-6,2,-6,3,-6,3,-6,3,-6,3,-5,4,-5,4,-4,4,-4,4,-3,4,-3,4,-3,3,-2,3,-2,3,-1,3,-1,3,0,2,0,2,0,2,1,1,1,1,1,0,0,0,0,0,0,0,0,0,0,0,0,0,0,44,11,40,12,40,8,34,10,34,8,30,9,28,7,29,9,24,6,25,5,21,4,19,5,18,3,16,2,16,0,14,-3,14,-1,14,-5,11,-3,9,-5,9,-6,7,-6,8,-7,7,-7,5,-8,5,-11,5,-10,4,-12,3,-12,3,-13,4,-15,4,-16,4,-13,5,-18,4,-14,8,-18,8,-16,8,-16,10,-15,8,-15,8,-13,11,-12,9,-11,11,-9,11,-9,10,-8,11,-7,9,-4,11,-4,9,-3,9,-3,8,-1,8,0,7,1,7,2,5,2,3,4,0,0,0,0,0,0,0,0,0,0,0,0,0,0,0,0,0,0,0,0,0,0,-13,10,-12,10,-12,7,-12,7,-13,6,-10,6,-10,6,-8,6,-9,7,-7,7,-7,8,-4,11,-6,12,-5,13,-4,14,-4,14,-3,18,-4,18,-2,21,-3,20,-4,21,-3,25,-3,25,-2,28,-3,30,-1,30,-5,30,-6,33,-7,31,-5,37,-4,31,-7,37,-6,36,-6,34,-5,38,-4,36,-3,37,-2,39,-3,38,0,41,-4,43,0,40,1,44,1,45,-1,44,4,42,2,44,2,47,1,45,0,49,1,49,2,51,-2,53,-3,47,-3,53,-4,50,-7,51,0,0]"
CSI_DATA,214,1a:00:00:00:00:00,-48,11,1,0,1,1,1,0,0,0,1,-96,0,11,2,3019467,0,44,0,384,0,"[0,0,0,0,0,0,0,0,0,0,0,0,-3,13,-2,13,-1,12,-2,12,-2,10,-2,9,-1,9,-1,8,-1,7,-1,6,-1,6,0,5,0,6,1,5,1,4,1,4,1,3,1,3,2,3,3,2,3,2,3,2,3,2,4,2,4,2,4,1,0,0,5,1,5,2,6,2,5,1,5,2,5,3,5,3,5,3,5,3,4,4,4,4,3,4,3,4,2,4,2,4,1,4,1,3,1,4,0,3,0,3,-1,3,-1,3,-1,2,-1,2,-2,1,-2,1,0,0,0,0,0,0,0,0,0,0,0,0,0,0,-9,43,-9,42,-6,42,-9,38,-9,36,-10,31,-7,30,-8,29,-7,26,-7,25,-3,22,-6,23,-6,20,-2,18,-3,17,-1,16,2,16,1,12,3,12,2,11,5,11,3,10,6,8,9,7,8,7,9,6,8,6,11,6,10,5,13,5,11,4,13,5,13,5,15,6,11,6,13,8,14,6,16,8,14,9,13,9,14,10,11,11,9,11,9,12,5,12,6,11,5,11,4,10,2,11,2,9,0,10,-1,10,0,7,-5,5,-4,4,-4,5,-5,3,0,0,0,0,0,0,0,0,0,0,0,0,0,0,0,0,0,0,0,0,0,0,-13,-11,-13,-10,-13,-11,-11,-11,-9,-10,-8,-10,-9,-8,-9,-8,-10,-6,-9,-6,-9,-6,-8,-4,-11,-2,-12,-2,-12,-2,-15,-1,-16,1,-18,2,-19,2,-20,3,-24,4,-23,5,-25,5,-30,5,-28,4,-28,5,-31,1,-31,3,-32,2,-36,4,-32,3,-37,2,-36,3,-37,5,-39,3,-37,3,-37,4,-39,5,-40,4,-42,6,-41,8,-43,8,-42,7,-45,7,-43,8,-44,7,-46,8,-46,10,-48,9,-49,8,-49,6,-52,7,-52,2,-51,4,-54,4,-50,5,-51,-2,0,0]"
CSI_DATA,215,1a:00:00:00:00:00,-48,11,1,0,1,1,1,0,0,0,1,-96,0,11,2,3050248,0,44,0,384,0,"[0,0,0,0,0,0,0,0,0,0,0,0,-7,13,-6,12,-5,12,-5,11,-5,10,-5,8,-4,8,-3,8,-3,7,-2,7,-2,6,-1,6,0,5,0,5,0,4,1,5,1,4,1,3,2,3,3,3,2,2,3,2,3,2,4,2,4,2,5,2,0,0,5,2,6,2,6,2,6,2,6,2,6,2,7,3,6,3,6,3,5,4,5,4,5,4,4,5,4,5,3,5,3,4,3,4,2,4,1,4,1,4,0,4,0,3,0,3,-1,3,-2,3,-2,2,0,0,0,0,0,0,0,0,0,0,0,0,0,0,-23,41,-26,36,-19,37,-23,34,-22,36,-19,32,-18,26,-15,26,-14,23,-15,22,-13,21,-11,20,-9,21,-5,16,-6,16,-3,16,-1,14,0,13,1,12,1,12,5,12,2,11,6,8,5,9,7,9,7,6,9,8,11,6,12,6,14,6,11,6,16,8,14,8,16,7,16,8,16,9,14,10,16,9,14,13,15,13,13,12,11,14,10,14,10,13,9,12,8,14,6,15,7,12,4,11,3,12,1,11,0,11,-2,10,-4,10,-3,9,-6,9,-6,6,0,0,0,0,0,0,0,0,0,0,0,0,0,0,0,0,0,0,0,0,0,0,0,-22,2,-20,4,-20,4,-18,4,-17,3,-15,2,-15,4,-12,1,-12,1,-11,2,-13,1,-10,-2,-11,-3,-10,-3,-10,-6,-11,-9,-8,-8,-10,-11,-11,-14,-10,-14,-10,-16,-10,-17,-13,-19,-10,-22,-12,-24,-12,-22,-15,-27,-14,-24,-16,-28,-13,-25,-13,-29,-16,-27,-17,-30,-15,-30,-16,-30,-15,-33,-14,-34,-14,-33,-15,-39,-12,-35,-14,-40,-14,-41,-13,-41,-12,-39,-10,-46,-12,-43,-10,-44,-12,-46,-13,-48,-14,-47,-14,-49,-13,-52,-17,-50,-18,-51,-19,-50,-19,-47,-18,0,0]"
CSI_DATA,216,1a:00:00:00:00:00,-47,11,1,0,1,1,1,0,0,0,1,-96,0,11,2,3059448,0,44,0,384,0,"[0,0,0,0,0,0,0,0,0,0,0,0,-15,-6,-14,-5,-14,-4,-13,-5,-12,-4,-10,-4,-10,-3,-9,-2,-9,-2,-8,-1,-8,-1,-7,0,-7,0,-6,1,-6,1,-6,2,-5,2,-5,3,-4,3,-4,3,-3,4,-3,4,-3,5,-3,5,-3,6,-2,6,0,0,-2,7,-3,7,-2,8,-2,8,-3,8,-3,8,-4,8,-4,8,-4,8,-5,8,-5,7,-6,6,-6,6,-6,5,-6,5,-6,4,-6,4,-6,3,-6,3,-6,2,-6,1,-6,1,-6,0,-5,-1,-5,-1,-4,-2,0,0,0,0,0,0,0,0,0,0,0,0,0,0,-41,23,-37,22,-36,23,-34,22,-35,21,-30,20,-28,19,-27,15,-22,17,-21,15,-19,15,-19,14,-17,16,-15,14,-14,12,-11,12,-8,13,-7,13,-4,11,-6,14,-2,13,-1,14,1,12,0,12,2,13,3,13,4,13,7,13,7,14,8,14,8,15,9,15,10,17,9,17,11,18,9,17,10,18,8,20,6,21,7,19,6,22,3,19,2,20,0,21,0,19,0,19,-2,15,-3,15,-3,13,-5,12,-6,13,-8,12,-8,11,-8,7,-10,6,-9,5,-9,1,0,0,0,0,0,0,0,0,0,0,0,0,0,0,0,0,0,0,0,0,0,0,13,-20,13,-16,15,-17,15,-14,13,-13,12,-11,12,-11,11,-7,12,-9,9,-7,8,-7,8,-6,7,-6,6,-8,2,-6,1,-8,-3,-7,-2,-9,-4,-9,-4,-10,-7,-11,-10,-12,-11,-15,-12,-15,-11,-18,-16,-19,-14,-19,-16,-20,-16,-22,-18,-22,-18,-21,-19,-26,-19,-24,-20,-24,-20,-25,-23,-26,-21,-27,-25,-28,-26,-26,-28,-28,-25,-28,-31,-28,-30,-28,-32,-28,-30,-27,-37,-30,-35,-31,-36,-30,-40,-30,-39,-34,-38,-34,-41,-36,-39,-37,-40,-36,-39,-40,-35,-38,-36,-40,0,0]"
CSI_DATA,217,1a:00:00:00:00:00,-48,11,1,0,1,1,1,0,0,0,1,-96,0,11,2,3069517,0,44,0,384,0,"[0,0,0,0,0,0,0,0,0,0,0,0,8,-11,8,-12,7,-10,6,-10,5,-9,6,-9,4,-9,4,-8,3,-8,2,-7,2,-7,1,-7,0,-7,0,-6,-1,-6,-1,-6,-2,-6,-2,-5,-3,-5,-3,-5,-3,-4,-4,-4,-4,-4,-5,-4,-5,-5,-6,-4,0,0,-6,-4,-6,-5,-7,-5,-7,-5,-7,-5,-7,-6,-7,-6,-6,-6,-6,-6,-6,-7,-5,-7,-4,-8,-4,-7,-4,-7,-3,-7,-2,-7,-2,-7,-2,-7,-1,-7,-1,-6,0,-6,1,-5,1,-5,2,-4,2,-4,2,-3,0,0,0,0,0,0,0,0,0,0,0,0,0,0,30,-36,29,-33,26,-35,24,-31,22,-30,23,-29,18,-25,22,-26,16,-25,16,-22,13,-21,11,-21,10,-22,9,-18,8,-20,4,-19,2,-17,0,-16,0,-16,-1,-13,-5,-12,-4,-13,-6,-11,-6,-13,-8,-11,-11,-11,-10,-11,-12,-11,-14,-9,-16,-10,-14,-10,-19,-11,-16,-10,-19,-10,-19,-12,-19,-12,-21,-14,-21,-14,-19,-15,-17,-16,-16,-17,-13,-18,-14,-18,-14,-18,-10,-20,-9,-18,-7,-19,-8,-17,-6,-17,-5,-16,-3,-15,0,-15,1,-15,3,-13,3,-13,5,-10,8,-10,0,0,0,0,0,0,0,0,0,0,0,0,0,0,0,0,0,0,0,0,0,0,-19,17,-20,14,-20,12,-22,11,-20,8,-19,9,-17,6,-17,4,-16,3,-14,2,-14,2,-10,3,-10,3,-7,2,-5,3,-3,2,-2,2,2,2,2,3,5,5,6,8,9,9,9,9,12,10,15,11,15,12,15,15,17,16,18,16,21,17,16,17,21,20,23,20,24,18,24,20,26,22,25,20,26,20,28,20,30,20,31,20,35,18,33,22,36,19,37,18,40,21,39,20,41,18,43,20,42,22,44,24,45,22,46,27,44,23,46,27,48,28,45,24,0,0]"
CSI_DATA,218,1a:00:00:00:00:00,-48,11,1,0,1,1,1,0,0,0,1,-96,0,11,2,3079479,0,44,0,384,0,"[0,0,0,0,0,0,0,0,0,0,0,0,14,3,12,3,13,3,12,3,11,2,10,2,9,0,9,0,8,0,7,0,6,-1,6,-2,6,-2,5,-2,4,-3,4,-3,3,-4,3,-4,2,-4,2,-4,2,-4,1,-5,1,-6,0,-6,0,-7,0,-7,0,0,0,-8,-1,-8,0,-9,-1,-9,0,-9,0,-9,0,-9,0,-9,0,-9,1,-9,2,-9,3,-9,3,-8,3,-8,3,-7,4,-7,4,-7,4,-6,4,-6,4,-5,4,-4,5,-4,4,-3,5,-2,4,-1,4,0,0,0,0,0,0,0,0,0,0,0,0,0,0,0,44,16,41,14,42,14,38,13,36,14,33,14,30,12,32,10,27,9,26,6,25,6,24,5,21,2,20,2,18,1,14,-3,18,-2,13,-4,13,-5,11,-8,10,-8,10,-8,6,-10,8,-11,5,-11,4,-13,4,-15,3,-15,4,-15,2,-18,3,-18,2,-20,2,-19,2,-20,0,-21,1,-22,3,-20,1,-24,4,-23,6,-22,6,-21,9,-23,8,-21,11,-22,10,-17,12,-18,10,-15,11,-17,10,-12,11,-13,12,-10,12,-10,13,-7,13,-6,13,-4,10,-1,11,1,0,0,0,0,0,0,0,0,0,0,0,0,0,0,0,0,0,0,0,0,0,0,-20,-19,-16,-22,-13,-23,-12,-21,-11,-22,-8,-21,-7,-20,-6,-18,-5,-19,-2,-17,-2,-15,-3,-13,-2,-11,0,-9,0,-8,-2,-5,-1,-1,-1,-1,-4,0,-1,5,-3,6,-3,9,-5,12,-6,12,-8,14,-8,20,-11,16,-10,18,-12,19,-13,22,-13,21,-16,25,-15,24,-13,25,-15,27,-12,27,-13,28,-14,31,-13,31,-13,34,-14,33,-11,36,-13,36,-10,38,-9,36,-6,39,-7,42,-8,43,-6,43,-10,48,-10,48,-8,47,-10,50,-10,47,-13,54,-12,52,-15,51,0,0]"
CSI_DATA,219,1a:00:00:00:00:00,-49,11,1,0,1,1,1,0,0,0,1,-96,0,11,2,3090451,0,44,0,384,0,"[0,0,0,0,0,0,0,0,0,0,0,0,10,9,10,8,10,8,9,8,8,7,8,5,8,4,7,4,6,3,6,3,6,2,6,2,5,1,5,1,5,0,5,-1,4,-1,4,-2,3,-2,3,-2,3,-3,3,-3,2,-4,3,-5,2,-5,2,-6,0,0,2,-7,2,-7,2,-7,2,-7,3,-7,3,-8,3,-8,4,-8,4,-8,4,-8,5,-7,5,-7,5,-6,5,-6,6,-5,6,-5,6,-4,5,-4,5,-3,5,-3,5,-2,5,-2,6,-1,5,-1,5,1,4,1,0,0,0,0,0,0,0,0,0,0,0,0,0,0,30,37,27,35,30,33,26,30,26,29,23,28,22,26,22,26,21,20,19,21,19,17,17,13,18,12,17,11,16,9,15,6,17,7,15,3,13,2,12,-1,12,-1,11,-2,11,-4,9,-5,10,-7,9,-10,9,-10,10,-11,9,-13,8,-13,6,-15,7,-17,8,-18,7,-17,8,-16,9,-21,10,-22,10,-22,10,-21,12,-18,12,-18,16,-19,16,-19,15,-18,17,-13,17,-14,17,-11,15,-11,16,-10,16,-7,15,-8,16,-7,15,-5,15,-1,15,1,14,1,12,6,0,0,0,0,0,0,0,0,0,0,0,0,0,0,0,0,0,0,0,0,0,0,5,-29,8,-30,10,-28,11,-27,14,-24,14,-22,13,-21,13,-21,12,-19,13,-17,14,-14,12,-11,11,-9,11,-7,9,-6,8,-2,4,-3,2,0,3,1,-1,2,-3,3,-7,6,-8,6,-10,8,-13,7,-13,10,-17,9,-19,10,-20,9,-22,10,-23,9,-23,12,-26,11,-25,12,-27,14,-27,14,-27,14,-28,16,-26,17,-28,21,-30,19,-30,21,-31,24,-28,26,-29,26,-30,30,-28,31,-27,32,-31,33,-32,35,-34,33,-32,38,-37,37,-36,38,-37,38,-37,39,-38,36,0,0]"
CSI_DATA,220,1a:00:00:00:00:00,-50,11,1,0,1,1,1,0,0,0,1,-96,0,11,2,3104131,0,44,0,384,0,"[0,0,0,0,0,0,0,0,0,0,0,0,6,-15,5,-14,4,-13,4,-13,4,-11,4,-11,2,-11,2,-9,2,-9,1,-8,0,-8,0,-7,0,-7,-1,-6,-2,-6,-2,-5,-2,-4,-3,-4,-4,-4,-4,-3,-4,-3,-4,-2,-4,-2,-5,-1,-6,-1,-6,0,0,0,-6,0,-7,0,-7,0,-7,0,-8,0,-8,0,-8,0,-8,0,-9,0,-9,-1,-9,-1,-9,-2,-9,-2,-8,-3,-8,-3,-8,-3,-7,-4,-7,-4,-7,-4,-7,-4,-6,-5,-5,-5,-5,-5,-4,-6,-4,-6,-2,-7,0,0,0,0,0,0,0,0,0,0,0,0,0,0,24,-45,21,-41,19,-40,19,-36,20,-37,18,-33,14,-33,15,-31,11,-27,9,-26,10,-23,9,-22,9,-23,5,-20,4,-18,1,-18,-1,-18,-2,-15,-2,-14,-4,-12,-6,-13,-6,-11,-8,-8,-9,-6,-7,-6,-12,-3,-11,-6,-11,-4,-11,-2,-14,-1,-14,1,-17,2,-16,1,-19,1,-19,3,-21,1,-23,1,-24,-1,-20,-1,-23,2,-23,-1,-23,-3,-21,-3,-22,-5,-23,-8,-21,-7,-19,-8,-19,-9,-19,-7,-17,-8,-16,-11,-15,-10,-12,-13,-11,-15,-10,-12,-9,-15,-5,-15,0,0,0,0,0,0,0,0,0,0,0,0,0,0,0,0,0,0,0,0,0,0,-32,-5,-30,-11,-31,-13,-30,-15,-26,-13,-25,-17,-20,-17,-21,-19,-20,-19,-17,-17,-14,-18,-13,-18,-11,-18,-8,-18,-5,-16,-2,-14,-2,-13,-1,-11,2,-10,5,-8,6,-6,11,-2,6,0,10,2,12,3,13,4,15,7,16,11,14,11,18,12,15,12,19,15,18,15,17,18,19,19,20,18,22,15,24,17,25,13,29,18,29,16,28,16,33,18,34,15,35,18,35,13,39,16,38,17,40,15,42,17,45,17,46,16,48,19,44,19,50,17,48,16,47,21,0,0]"
CSI_DATA,221,1a:00:00:00:00:00,-49,11,1,0,1,1,1,0,0,0,1,-96,0,11,2,3109448,0,44,0,384,0,"[0,0,0,0,0,0,0,0,0,0,0,0,13,4,13,3,12,3,11,3,10,2,9,2,9,1,8,1,8,0,7,0,6,-1,6,-1,5,-1,4,-2,4,-2,3,-3,3,-3,2,-3,1,-3,1,-3,0,-3,-1,-4,-1,-4,-2,-4,-2,-5,-3,-5,0,0,-4,-5,-4,-6,-4,-6,-5,-6,-5,-6,-5,-7,-5,-7,-5,-7,-5,-8,-4,-8,-4,-8,-4,-8,-3,-8,-3,-9,-2,-8,-2,-8,-2,-8,-1,-8,-1,-8,-1,-8,0,-8,1,-8,1,-8,2,-7,3,-6,3,-6,0,0,0,0,0,0,0,0,0,0,0,0,0,0,36,-34,33,-34,31,-34,27,-31,29,-31,26,-26,20,-25,18,-29,17,-24,18,-25,16,-21,12,-22,12,-20,9,-19,5,-17,4,-17,5,-15,2,-13,2,-14,-2,-11,-3,-12,-4,-8,-7,-9,-5,-7,-6,-5,-8,-7,-9,-5,-10,-2,-12,-2,-12,-3,-16,3,-16,0,-18,1,-15,2,-18,3,-22,2,-20,-1,-20,1,-23,-1,-25,0,-23,-2,-23,-4,-22,-5,-24,-4,-21,-6,-20,-8,-22,-7,-22,-7,-17,-8,-19,-8,-17,-8,-16,-12,-14,-12,-13,-14,-12,-15,-9,-13,-8,-14,0,0,0,0,0,0,0,0,0,0,0,0,0,0,0,0,0,0,0,0,0,0,-23,-24,-19,-28,-18,-26,-16,-28,-12,-29,-11,-27,-7,-26,-6,-26,-6,-27,-3,-25,-3,-25,-2,-22,-2,-22,3,-21,6,-16,5,-15,5,-13,6,-10,7,-7,7,-6,10,-2,11,-2,10,3,12,5,12,8,12,9,9,13,12,14,11,16,12,17,7,20,12,22,12,21,12,22,13,25,13,22,15,22,18,24,17,22,23,23,19,26,25,25,26,27,26,27,26,26,31,27,31,27,33,26,35,26,36,28,35,28,41,26,42,32,40,30,42,34,44,32,40,33,0,0]"
CSI_DATA,222,1a:00:00:00:00:00,-50,11,1,0,1,1,1,0,0,0,1,-96,0,11,2,3120082,0,44,0,384,0,"[0,0,0,0,0,0,0,0,0,0,0,0,9,10,9,9,9,8,9,8,8,7,7,7,7,5,7,5,6,4,6,3,5,3,5,2,5,2,4,1,4,0,3,0,3,-1,2,-1,2,-1,1,-2,1,-2,0,-2,-1,-3,-1,-3,-2,-4,-2,-4,0,0,-3,-5,-3,-5,-4,-5,-5,-5,-4,-6,-5,-6,-5,-6,-5,-7,-5,-7,-4,-8,-4,-8,-4,-8,-4,-8,-3,-8,-3,-8,-3,-8,-3,-8,-2,-8,-2,-8,-1,-8,-1,-8,0,-8,0,-8,1,-8,2,-7,2,-7,0,0,0,0,0,0,0,0,0,0,0,0,0,0,92,-32,85,-35,79,-42,79,-36,78,-41,67,-32,55,-36,59,-31,52,-28,45,-28,38,-34,36,-25,35,-28,26,-26,26,-24,18,-23,19,-29,14,-21,10,-21,11,-20,5,-16,2,-18,-6,-12,-5,-10,-3,-9,-9,-5,-12,-2,-11,-3,-18,-3,-23,1,-16,5,-29,0,-25,1,-27,6,-30,8,-28,4,-35,5,-39,7,-36,8,-40,5,-44,5,-43,3,-39,0,-39,-1,-40,-1,-40,-4,-37,-7,-40,-5,-35,-13,-34,-8,-38,-12,-32,-15,-37,-18,-30,-18,-26,-18,-25,-24,-22,-26,0,0,0,0,0,0,0,0,0,0,0,0,0,0,0,0,0,0,0,0,0,0,26,-62,33,-56,34,-53,38,-51,43,-46,43,-41,38,-37,44,-33,40,-33,42,-29,39,-29,40,-23,38,-23,38,-17,40,-12,33,-5,31,-2,30,-2,25,8,25,11,21,13,20,18,13,21,13,26,6,34,9,36,3,40,-4,37,-4,39,-3,45,-8,42,-8,47,-12,50,-7,52,-4,56,-4,55,-1,54,2,55,4,61,6,69,7,69,13,65,14,72,17,78,20,73,13,67,29,79,32,79,35,83,39,84,39,81,44,81,42,96,39,91,48,98,51,95,44,97,0,0]"
CSI_DATA,223,1a:00:00:00:00:00,-52,11,1,0,1,1,1,0,0,0,1,-96,0,11,2,3149457,0,44,0,384,0,"[0,0,0,0,0,0,0,0,0,0,0,0,-2,13,-1,12,0,11,0,11,0,10,0,9,1,8,1,7,1,7,1,5,1,5,1,4,1,4,1,3,1,2,1,2,0,2,0,1,0,1,-1,1,-1,0,-2,0,-2,0,-3,0,-3,0,-3,0,0,0,-4,0,-5,-1,-5,-1,-6,-1,-6,-1,-6,-1,-7,-1,-7,-1,-7,-2,-7,-2,-8,-2,-7,-3,-7,-3,-7,-3,-7,-3,-7,-3,-7,-4,-7,-3,-7,-4,-7,-3,-7,-4,-7,-4,-7,-5,-6,-5,-6,-6,-6,-6,0,0,0,0,0,0,0,0,0,0,0,0,0,0,37,19,37,18,37,13,32,11,31,9,29,13,27,7,25,4,26,3,23,3,17,0,19,0,20,-3,16,0,13,-2,13,-2,11,-2,9,-3,6,-1,8,-2,6,0,7,-2,3,-3,2,0,0,1,2,1,2,3,1,5,-2,6,-1,6,-1,6,-2,9,-2,9,-3,11,-3,13,-4,12,-3,11,-3,13,-6,16,-5,12,-5,14,-5,17,-6,13,-9,14,-7,15,-10,14,-11,16,-9,16,-9,16,-10,14,-9,15,-13,15,-10,13,-12,13,-12,13,-16,11,-17,9,0,0,0,0,0,0,0,0,0,0,0,0,0,0,0,0,0,0,0,0,0,0,-27,19,-27,17,-31,17,-27,16,-28,15,-30,13,-26,15,-26,13,-27,12,-26,14,-26,10,-25,10,-26,13,-24,6,-24,4,-22,5,-23,6,-22,1,-23,1,-22,0,-20,-1,-21,-4,-21,-4,-22,-8,-25,-8,-22,-7,-25,-11,-24,-8,-22,-11,-26,-8,-23,-9,-28,-8,-30,-9,-27,-7,-31,-7,-30,-4,-30,-1,-33,-4,-34,0,-32,3,-36,5,-35,9,-35,9,-37,15,-35,16,-34,18,-32,19,-32,24,-31,26,-33,32,-32,30,-32,34,-28,36,-28,38,-29,40,-27,43,-24,43,0,0]"
CSI_DATA,224,1a:00:00:00:00:00,-53,11,1,0,1,1,1,0,0,0,1,-96,0,11,2,3159462,0,44,0,384,0,"[0,0,0,0,0,0,0,0,0,0,0,0,-11,-6,-11,-5,-11,-4,-10,-4,-9,-3,-8,-2,-8,-1,-7,-1,-6,-1,-6,-1,-5,-1,-4,0,-4,0,-3,0,-3,-1,-2,-1,-2,-1,-2,-1,-2,-1,-1,-2,-1,-2,-1,-3,-1,-3,-1,-3,-1,-4,-1,-4,0,0,-1,-5,-1,-6,-1,-6,-1,-6,-1,-6,-1,-7,-1,-7,-1,-7,-1,-8,0,-8,0,-8,0,-8,0,-7,0,-7,1,-7,1,-7,1,-8,1,-7,1,-7,1,-7,1,-7,1,-7,2,-7,2,-7,3,-7,3,-7,0,0,0,0,0,0,0,0,0,0,0,0,0,0,-33,26,-29,21,-27,29,-24,26,-19,25,-19,21,-12,22,-15,22,-9,19,-8,21,-7,17,-2,16,-5,15,-5,12,-4,9,-2,9,-2,10,-4,7,-1,6,-4,6,-3,4,0,2,-5,2,-5,-1,-4,0,-4,-1,-5,-2,-7,-2,-9,-3,-10,-1,-12,-1,-11,-1,-12,-4,-14,-4,-17,-2,-15,-4,-16,-4,-12,-3,-18,-5,-18,-2,-18,-5,-16,-5,-18,-8,-16,-7,-18,-7,-16,-7,-17,-9,-15,-8,-14,-6,-17,-7,-16,-7,-17,-9,-16,-9,-14,-10,-15,-12,-15,-12,-13,-12,0,0,0,0,0,0,0,0,0,0,0,0,0,0,0,0,0,0,0,0,0,0,13,-28,16,-27,15,-27,16,-24,17,-22,19,-22,15,-22,17,-21,14,-22,16,-18,17,-19,16,-17,14,-19,17,-16,18,-12,18,-15,17,-17,18,-11,19,-12,22,-11,22,-11,25,-12,22,-10,26,-9,26,-9,27,-11,25,-9,27,-11,26,-12,28,-14,26,-13,29,-18,27,-19,25,-20,28,-21,24,-24,20,-24,21,-30,19,-30,16,-33,15,-36,12,-37,10,-41,8,-41,4,-40,-3,-45,-3,-42,-7,-42,-10,-45,-12,-45,-13,-46,-13,-46,-19,-47,-23,-41,-26,-44,-26,-43,-26,-40,0,0]"
CSI_DATA,225,1a:00:00:00:00:00,-52,11,1,0,1,1,1,0,0,0,1,-96,0,11,2,3169483,0,44,0,384,0,"[0,0,0,0,0,0,0,0,0,0,0,0,9,-5,8,-5,7,-5,7,-5,5,-5,5,-5,4,-5,3,-4,2,-4,2,-3,2,-3,1,-3,1,-2,1,-2,0,-1,0,-1,0,-1,0,0,1,0,1,1,1,1,1,1,2,2,2,2,2,2,3,3,0,0,3,3,3,3,4,4,4,3,4,4,4,4,4,4,4,4,4,4,4,4,4,5,4,5,3,5,4,5,3,5,3,5,3,5,3,5,3,5,2,5,2,5,2,5,2,5,1,6,1,6,0,6,0,0,0,0,0,0,0,0,0,0,0,0,0,0,15,-37,11,-34,8,-33,6,-30,2,-31,3,-27,0,-22,-2,-23,-2,-21,-1,-18,-4,-16,-2,-13,-4,-12,-2,-10,-3,-8,-2,-9,-2,-8,-1,-5,-1,-5,1,-4,1,-3,2,-2,2,-2,5,-3,4,-2,6,-2,6,-3,8,-4,9,-5,10,-2,12,-6,11,-5,12,-4,14,-6,12,-5,16,-5,14,-6,14,-5,19,-6,16,-5,15,-4,16,-4,17,-5,17,-4,15,-2,16,-4,16,-2,16,-1,13,-2,16,-1,15,2,15,-4,15,3,14,0,15,2,15,2,15,2,0,0,0,0,0,0,0,0,0,0,0,0,0,0,0,0,0,0,0,0,0,0,-5,26,-4,23,-4,22,-7,23,-7,22,-9,21,-7,17,-8,20,-9,17,-9,17,-8,16,-9,18,-10,17,-12,14,-14,16,-14,14,-14,15,-13,14,-16,13,-21,13,-21,12,-22,13,-21,16,-22,17,-24,17,-23,18,-24,19,-26,20,-26,21,-23,22,-23,23,-22,25,-21,27,-19,30,-17,30,-15,34,-13,35,-7,38,-5,35,-2,38,1,38,3,38,6,41,12,41,13,38,14,42,19,38,22,35,28,37,27,36,31,31,38,31,41,33,35,26,43,24,40,24,37,20,0,0]"
CSI_DATA,226,1a:00:00:00:00:00,-52,11,1,0,1,1,1,0,0,0,1,-96,0,11,2,3180193,0,44,0,384,0,"[0,0,0,0,0,0,0,0,0,0,0,0,0,11,1,10,2,8,1,8,1,6,1,6,2,5,2,4,1,3,1,2,1,2,1,1,0,1,0,0,-1,0,-1,0,-2,0,-2,0,-2,-1,-3,0,-3,0,-4,0,-4,0,-5,0,-5,0,-6,1,0,0,-6,1,-7,1,-7,1,-7,1,-7,1,-8,1,-8,1,-8,1,-8,1,-8,1,-8,0,-8,0,-7,0,-7,0,-7,0,-7,-1,-7,-1,-7,-1,-7,-1,-6,-1,-6,-1,-6,-2,-6,-2,-6,-3,-6,-3,-5,-4,0,0,0,0,0,0,0,0,0,0,0,0,0,0,31,21,29,18,29,15,27,12,24,9,23,9,21,4,19,7,15,3,15,3,14,-1,10,0,8,-1,8,-1,4,-3,6,-2,4,-1,1,-2,0,0,0,2,-2,2,-2,4,-1,4,-3,4,-3,6,-2,9,-4,8,-3,8,-4,11,-4,15,-3,13,-2,13,-3,14,-6,15,-3,16,-5,15,-5,17,-4,16,-5,17,-6,18,-6,18,-9,18,-5,15,-6,15,-6,13,-7,12,-6,13,-6,13,-6,12,-8,11,-9,11,-8,10,-9,10,-9,9,-11,9,-11,7,-12,8,0,0,0,0,0,0,0,0,0,0,0,0,0,0,0,0,0,0,0,0,0,0,-21,2,-21,0,-21,-2,-20,-3,-16,-4,-17,-4,-16,-5,-17,-6,-14,-6,-14,-8,-12,-10,-10,-10,-14,-10,-10,-13,-12,-15,-9,-13,-10,-18,-8,-18,-11,-21,-12,-22,-9,-23,-13,-25,-13,-25,-10,-29,-13,-28,-16,-28,-15,-31,-18,-28,-18,-29,-20,-29,-21,-28,-27,-28,-29,-27,-26,-21,-31,-22,-33,-18,-34,-15,-38,-15,-36,-10,-41,-6,-42,-6,-41,-2,-43,-1,-42,5,-44,7,-43,9,-41,13,-41,18,-41,22,-40,23,-40,24,-39,29,-37,29,-34,29,-36,34,-33,33,-30,35,0,0]"
CSI_DATA,227,1a:00:00:00:00:00,-59,11,1,0,1,1,1,0,0,0,1,-96,0,11,2,3189455,0,44,0,384,0,"[0,0,0,0,0,0,0,0,0,0,0,0,-9,2,-8,2,-7,2,-6,2,-5,2,-4,2,-3,2,-3,1,-2,1,-2,1,-1,1,-1,0,-1,0,-1,0,0,0,-1,-1,0,-1,0,-2,0,-2,0,-2,0,-3,-1,-3,-1,-4,-1,-4,-1,-4,-2,-5,0,0,-3,-5,-3,-6,-3,-6,-3,-6,-3,-6,-3,-6,-3,-6,-2,-6,-2,-6,-2,-6,-1,-6,-1,-6,-1,-6,-1,-6,0,-6,0,-6,0,-6,1,-6,1,-6,1,-5,2,-5,2,-5,2,-5,3,-5,3,-5,3,-4,0,0,0,0,0,0,0,0,0,0,0,0,0,0,-12,33,-11,32,-10,30,-8,29,-7,26,-5,24,-3,22,-2,19,-1,17,0,15,0,13,1,11,1,9,1,7,1,5,1,4,0,2,-1,1,-1,-1,-2,-2,-3,-3,-4,-4,-5,-5,-6,-5,-8,-6,-9,-6,-9,-7,-11,-7,-12,-7,-13,-8,-14,-8,-15,-8,-15,-8,-16,-8,-17,-8,-17,-9,-17,-9,-17,-9,-17,-9,-17,-10,-16,-10,-16,-10,-15,-10,-15,-10,-14,-10,-13,-10,-12,-10,-11,-10,-11,-10,-10,-10,-9,-10,-8,-11,-7,-11,-6,-11,-6,-12,-5,-12,-4,-13,0,0,0,0,0,0,0,0,0,0,0,0,0,0,0,0,0,0,0,0,0,0,-13,-10,-12,-11,-12,-11,-11,-11,-10,-11,-8,-11,-6,-11,-5,-11,-3,-11,-2,-12,0,-12,2,-12,3,-13,5,-14,6,-14,8,-15,10,-16,11,-17,13,-17,14,-19,15,-20,16,-21,16,-23,17,-24,18,-25,18,-27,18,-28,17,-30,16,-32,15,-33,15,-34,13,-35,11,-36,9,-38,6,-38,4,-40,1,-40,-2,-41,-5,-41,-8,-41,-11,-41,-15,-41,-18,-41,-20,-40,-23,-39,-26,-38,-29,-37,-31,-36,-34,-35,-35,-33,-37,-32,-38,-30,-39,-29,-40,-27,-40,-26,-41,-25,-41,-24,0,0]"
CSI_DATA,228,1a:00:00:00:00:00,-51,11,1,0,1,1,1,0,0,0,1,-96,0,11,2,3199751,0,44,0,384,0,"[0,0,0,0,0,0,0,0,0,0,0,0,-9,-6,-9,-5,-8,-4,-8,-4,-7,-3,-6,-3,-5,-2,-4,-1,-4,-1,-3,-1,-2,0,-1,0,-1,0,0,0,0,0,1,0,2,0,2,0,3,0,3,-1,4,-1,4,-1,5,-1,5,-2,6,-2,6,-3,0,0,7,-3,7,-3,7,-3,8,-4,7,-3,8,-3,8,-3,8,-3,8,-3,8,-3,8,-3,7,-2,7,-2,6,-1,7,-1,6,-1,6,-1,5,-1,5,0,5,0,5,1,4,1,4,1,4,2,3,2,3,3,0,0,0,0,0,0,0,0,0,0,0,0,0,0,-36,11,-31,14,-30,14,-25,14,-23,15,-20,12,-19,12,-16,11,-14,11,-10,7,-8,9,-7,8,-3,7,-4,4,-4,3,1,3,3,2,3,2,1,-2,4,-3,1,-3,3,-5,2,-8,2,-7,3,-11,1,-12,1,-15,1,-14,2,-15,0,-18,1,-17,0,-20,1,-18,0,-21,-1,-20,2,-20,0,-22,0,-21,1,-22,1,-20,2,-18,1,-20,3,-20,4,-19,3,-15,3,-16,4,-14,4,-15,4,-13,5,-13,8,-14,7,-10,6,-11,7,-9,9,-8,9,-5,10,-7,0,0,0,0,0,0,0,0,0,0,0,0,0,0,0,0,0,0,0,0,0,0,-10,-9,-9,-9,-8,-10,-8,-10,-6,-11,-3,-10,-3,-10,-1,-9,2,-8,4,-7,5,-7,7,-5,8,-7,11,-5,11,-6,16,-4,15,-6,17,-7,19,-6,22,-9,22,-8,23,-6,30,-8,29,-9,31,-9,32,-11,32,-10,30,-13,33,-15,33,-19,31,-16,33,-19,33,-23,28,-25,29,-26,27,-27,25,-31,24,-32,21,-36,20,-39,17,-38,15,-41,13,-40,9,-45,7,-42,3,-44,2,-44,-1,-46,-1,-46,-6,-50,-5,-46,-9,-45,-9,-48,-11,-48,-14,-47,-14,-44,-14,-44,0,0]"
CSI_DATA,229,1a:00:00:00:00:00,-50,11,1,0,1,1,1,0,0,0,1,-96,0,11,2,3209473,0,44,0,384,0,"[0,0,0,0,0,0,0,0,0,0,0,0,7,6,6,5,6,4,6,3,5,3,4,2,4,1,3,0,2,0,2,-1,1,-1,0,-1,0,-2,-1,-2,-1,-2,-2,-2,-3,-2,-3,-2,-4,-2,-4,-2,-5,-2,-6,-2,-6,-2,-7,-2,-7,-2,-8,-1,0,0,-8,-1,-9,-2,-9,-1,-9,-1,-9,-2,-9,-2,-9,-2,-9,-2,-9,-2,-9,-2,-9,-3,-8,-3,-8,-3,-7,-3,-7,-3,-6,-3,-6,-3,-6,-3,-5,-4,-5,-3,-4,-4,-4,-4,-3,-4,-3,-4,-2,-4,-1,-4,0,0,0,0,0,0,0,0,0,0,0,0,0,0,34,-13,31,-11,30,-14,24,-13,23,-12,20,-13,16,-11,16,-12,10,-11,11,-12,9,-10,5,-8,4,-8,1,-6,0,-5,-3,-3,-4,-3,-5,-2,-4,1,-5,2,-7,1,-7,4,-8,7,-8,5,-10,6,-11,8,-10,10,-9,12,-12,14,-13,17,-12,14,-14,17,-12,15,-12,16,-12,16,-16,18,-15,17,-14,17,-15,17,-15,15,-16,13,-15,13,-18,13,-15,12,-13,12,-16,10,-14,8,-14,7,-12,7,-13,4,-14,4,-12,3,-13,1,-11,0,-10,-1,-10,-2,-9,-3,0,0,0,0,0,0,0,0,0,0,0,0,0,0,0,0,0,0,0,0,0,0,11,-4,11,-3,10,-1,9,-1,8,2,7,3,3,3,4,4,1,2,0,4,-3,5,-3,6,-3,8,-6,9,-9,7,-12,11,-14,12,-14,11,-16,16,-18,15,-20,14,-21,17,-20,18,-23,19,-24,19,-24,22,-26,20,-24,23,-23,23,-26,28,-23,24,-26,29,-24,29,-20,30,-21,33,-18,33,-16,34,-14,38,-13,37,-11,40,-11,42,-7,41,-5,44,-1,42,-2,44,5,44,5,44,7,44,8,43,8,46,9,46,13,45,11,47,13,44,11,48,16,44,14,42,0,0]"
CSI_DATA,230,1a:00:00:00:00:00,-50,11,1,0,1,1,1,0,0,0,1,-96,0,11,2,3249560,0,44,0,384,0,"[0,0,0,0,0,0,0,0,0,0,0,0,-8,-6,-8,-5,-7,-4,-7,-4,-6,-3,-5,-2,-5,-1,-4,-1,-3,0,-3,0,-2,1,-1,1,-1,2,0,2,0,2,1,3,2,3,2,3,3,3,4,3,4,3,5,3,5,3,6,3,7,4,7,4,0,0,8,4,8,4,9,4,9,4,8,5,8,5,8,5,8,5,8,5,7,5,7,6,6,6,5,5,5,5,4,5,4,5,4,5,3,5,3,4,2,4,1,4,1,4,0,4,0,3,-1,3,-1,2,0,0,0,0,0,0,0,0,0,0,0,0,0,0,-75,18,-68,19,-58,25,-60,20,-49,21,-40,22,-39,19,-36,17,-29,18,-22,21,-19,20,-13,15,-7,17,-3,10,-2,11,6,11,11,10,13,3,14,7,20,0,23,-1,23,0,24,-3,28,-5,31,-10,37,-11,34,-10,38,-20,38,-14,40,-22,47,-17,48,-22,49,-22,46,-22,47,-25,52,-16,50,-15,48,-18,52,-16,53,-9,46,-12,47,-6,46,-5,47,-5,38,-1,38,2,35,-3,38,2,29,1,26,6,25,7,24,6,20,6,18,12,14,14,9,12,11,14,0,0,0,0,0,0,0,0,0,0,0,0,0,0,0,0,0,0,0,0,0,0,-12,27,-12,24,-12,25,-14,17,-15,17,-11,14,-9,6,-11,5,-7,3,-4,-2,-6,-6,-1,-9,-2,-14,5,-13,6,-19,12,-20,10,-27,15,-22,17,-29,19,-31,21,-34,26,-42,30,-42,27,-47,30,-46,31,-53,35,-47,35,-53,36,-55,30,-58,32,-58,31,-62,35,-66,27,-67,28,-72,26,-75,23,-75,18,-75,16,-78,10,-84,10,-82,3,-90,2,-85,-3,-95,-4,-81,-13,-91,-14,-90,-18,-89,-22,-93,-23,-95,-24,-97,-24,-96,-21,-94,-26,-91,-26,-99,-26,-88,-24,-90,0,0]"
CSI_DATA,231,1a:00:00:00:00:00,-50,11,1,0,1,1,1,0,0,0,1,-96,0,11,2,3259474,0,44,0,384,0,"[0,0,0,0,0,0,0,0,0,0,0,0,-5,-10,-5,-8,-5,-7,-5,-7,-5,-5,-4,-4,-4,-3,-3,-2,-3,-2,-3,-1,-2,0,-2,1,-1,1,-1,2,0,2,1,3,1,3,2,3,2,4,3,4,3,4,4,5,5,5,6,5,6,5,7,5,0,0,8,6,8,6,8,7,9,6,8,7,8,7,8,7,8,7,8,7,7,7,7,7,6,7,5,7,5,6,4,6,4,6,3,6,3,5,2,5,2,5,1,4,1,4,0,4,-1,3,-1,3,-2,2,0,0,0,0,0,0,0,0,0,0,0,0,0,0,-38,-2,-34,2,-33,3,-30,2,-26,4,-24,4,-21,6,-20,3,-13,6,-12,6,-11,6,-7,6,-7,5,-4,6,-2,4,2,2,5,2,6,2,5,1,8,3,10,-3,12,-1,11,-1,13,-4,13,-8,15,-8,16,-9,17,-10,18,-10,21,-11,20,-12,22,-14,21,-12,23,-14,21,-14,24,-14,24,-13,23,-14,24,-10,23,-9,24,-10,24,-9,21,-8,20,-8,18,-7,17,-3,17,-3,15,-4,15,-3,12,-1,14,-2,10,-1,9,1,9,2,9,3,6,4,5,6,0,0,0,0,0,0,0,0,0,0,0,0,0,0,0,0,0,0,0,0,0,0,-15,7,-16,5,-15,3,-14,2,-13,1,-12,1,-9,-1,-8,-1,-5,-2,-5,-2,-3,-4,0,-3,1,-2,2,-5,5,-4,8,-5,9,-6,11,-7,12,-7,14,-8,15,-7,18,-9,22,-9,20,-11,23,-10,22,-14,25,-13,27,-15,25,-15,30,-18,25,-18,27,-23,25,-21,27,-22,25,-23,25,-27,25,-26,22,-29,22,-31,19,-36,20,-36,17,-37,16,-40,15,-43,13,-40,8,-40,8,-45,7,-45,5,-42,6,-47,4,-45,1,-45,4,-49,0,-45,1,-49,-1,-47,0,-44,0,0]"
CSI_DATA,232,1a:00:00:00:00:00,-51,11,1,0,1,1,1,0,0,0,1,-96,0,11,2,3269473,0,44,0,384,0,"[0,0,0,0,0,0,0,0,0,0,0,0,10,-2,8,-2,8,-2,6,-2,6,-2,4,-2,3,-3,2,-2,2,-2,1,-2,0,-2,-1,-2,-2,-1,-2,-1,-3,0,-4,0,-4,1,-5,1,-5,2,-5,2,-6,3,-6,4,-7,4,-7,5,-7,5,-7,6,0,0,-8,6,-8,7,-8,7,-9,8,-8,7,-9,7,-9,7,-9,6,-9,7,-9,6,-9,5,-9,5,-8,4,-8,4,-8,4,-7,3,-7,3,-6,2,-6,2,-6,1,-5,1,-5,0,-5,0,-4,-1,-4,-2,-3,-2,0,0,0,0,0,0,0,0,0,0,0,0,0,0,14,-36,11,-36,10,-32,7,-30,8,-25,5,-25,4,-21,0,-20,-3,-17,2,-15,-1,-13,-1,-10,-2,-9,-1,-5,-4,-4,-4,1,-3,3,-3,5,-3,7,-5,5,-2,10,-1,10,-1,12,2,13,2,16,5,16,2,18,3,20,5,22,5,22,5,25,6,25,2,25,5,27,8,26,5,27,5,27,8,27,4,27,3,26,3,24,1,25,1,25,1,23,1,21,-2,19,0,20,-2,16,-4,14,-2,15,-3,11,-3,10,-5,8,-6,7,-7,6,-5,5,-7,4,0,0,0,0,0,0,0,0,0,0,0,0,0,0,0,0,0,0,0,0,0,0,1,-22,4,-20,4,-18,6,-16,4,-15,6,-14,4,-13,4,-10,3,-8,5,-7,4,-5,5,-2,4,1,3,3,1,4,1,7,2,11,-1,10,0,13,0,18,0,18,-1,21,0,21,-1,23,-1,25,1,26,-1,27,0,30,0,28,5,34,2,30,6,35,7,33,8,31,12,33,12,35,14,31,17,32,19,32,25,35,27,33,29,30,29,34,32,32,31,29,36,29,37,27,38,25,43,23,42,24,41,23,43,22,45,24,41,21,45,21,46,17,43,19,0,0]"
CSI_DATA,233,1a:00:00:00:00:00,-51,11,1,0,1,1,1,0,0,0,1,-96,0,11,2,3279476,0,44,0,384,0,"[0,0,0,0,0,0,0,0,0,0,0,0,-4,9,-4,8,-2,8,-2,7,-2,6,-2,5,-1,4,-1,3,-1,2,0,1,0,1,0,0,0,-1,0,-2,0,-2,0,-3,-1,-4,-1,-4,-1,-5,-2,-6,-2,-6,-3,-7,-3,-7,-4,-8,-4,-8,-5,-8,0,0,-5,-9,-5,-10,-6,-10,-6,-10,-5,-10,-5,-10,-5,-10,-5,-10,-5,-10,-4,-10,-4,-10,-3,-9,-3,-9,-3,-8,-3,-8,-2,-8,-2,-7,-2,-7,-1,-6,-1,-6,0,-5,0,-5,1,-4,1,-4,1,-3,2,-2,0,0,0,0,0,0,0,0,0,0,0,0,0,0,56,51,59,53,56,37,45,32,54,27,40,27,37,18,37,18,27,11,25,8,24,7,23,2,12,5,13,0,7,-1,0,-4,-3,-2,-9,-3,-13,-9,-15,-7,-18,3,-23,1,-24,-2,-28,8,-25,4,-33,6,-37,7,-37,5,-43,12,-45,14,-44,13,-48,18,-51,17,-47,25,-50,26,-53,23,-50,19,-52,19,-54,20,-52,16,-51,18,-50,11,-43,11,-44,18,-41,9,-36,12,-36,6,-33,7,-28,3,-27,6,-27,-2,-30,-2,-25,-1,-22,-7,-19,-9,-16,-9,-10,-13,0,0,0,0,0,0,0,0,0,0,0,0,0,0,0,0,0,0,0,0,0,0,18,45,9,43,10,46,4,38,4,38,1,33,3,33,2,27,-1,26,-5,20,-4,19,3,17,-11,11,-6,3,-8,3,-10,-5,-14,-5,-15,-11,-16,-14,-17,-14,-21,-19,-27,-27,-27,-26,-28,-30,-32,-34,-43,-33,-41,-36,-41,-36,-45,-37,-52,-34,-52,-30,-58,-28,-57,-25,-58,-25,-70,-25,-66,-16,-76,-10,-73,-10,-73,-3,-81,3,-79,8,-83,15,-77,18,-85,27,-80,32,-80,30,-82,36,-80,48,-87,46,-83,57,-75,57,-71,64,-76,59,-72,71,-77,74,-63,72,-64,68,0,0]"
CSI_DATA,234,1a:00:00:00:00:00,-51,11,1,0,1,1,1,0,0,0,1,-96,0,11,2,3289536,0,44,0,384,0,"[0,0,0,0,0,0,0,0,0,0,0,0,2,-11,2,-10,1,-9,1,-8,0,-7,0,-6,-1,-6,0,-4,-1,-4,-1,-3,-1,-2,-1,-1,-1,0,0,0,0,1,0,2,1,2,1,3,2,3,2,4,3,4,3,4,3,4,4,5,5,5,5,5,0,0,6,6,6,6,7,7,7,6,7,7,7,7,7,7,6,6,7,6,6,6,6,7,5,6,5,6,4,6,4,5,3,5,3,5,2,4,2,4,2,4,1,4,0,3,0,3,-1,3,-1,3,-2,2,0,0,0,0,0,0,0,0,0,0,0,0,0,0,-54,-70,-52,-64,-54,-53,-46,-48,-47,-40,-40,-37,-37,-30,-31,-27,-31,-24,-28,-19,-22,-14,-24,-6,-16,-8,-15,-6,-11,-2,-3,-3,4,1,7,2,5,-1,13,-1,18,4,22,1,20,-5,28,-6,28,1,32,-3,32,-10,39,-11,43,-10,46,-19,47,-14,53,-17,50,-16,48,-18,50,-20,57,-13,56,-15,52,-16,51,-13,51,-17,50,-13,48,-10,49,-14,47,-8,41,-5,37,-2,37,-2,34,-3,29,-2,28,-1,31,-2,20,3,23,3,17,5,13,11,11,8,8,11,0,0,0,0,0,0,0,0,0,0,0,0,0,0,0,0,0,0,0,0,0,0,-5,-58,0,-59,-1,-53,3,-55,4,-51,6,-43,5,-41,7,-40,2,-37,4,-27,2,-27,10,-25,7,-19,6,-17,11,-8,13,1,8,1,10,3,14,11,17,13,13,17,16,27,17,23,25,27,23,34,27,34,29,34,35,35,31,40,43,43,40,35,47,38,48,39,49,35,56,31,56,27,60,27,70,19,69,18,71,8,79,7,80,-2,79,-3,90,-6,83,-13,78,-21,87,-22,88,-28,87,-30,90,-40,88,-48,88,-50,95,-50,85,-47,82,-68,80,-62,84,-56,0,0]"
CSI_DATA,235,1a:00:00:00:00:00,-52,11,1,0,1,1,1,0,0,0,1,-96,0,11,2,3299447,0,44,0,384,0,"[0,0,0,0,0,0,0,0,0,0,0,0,6,-11,5,-10,3,-9,3,-9,3,-8,2,-7,1,-6,1,-5,1,-4,0,-3,0,-3,0,-2,0,-1,0,0,0,0,0,1,1,2,1,2,1,3,1,3,2,4,2,4,2,5,4,5,4,6,5,6,0,0,5,6,6,7,6,7,6,7,6,7,6,7,6,7,6,7,6,7,5,7,5,7,4,7,4,6,3,6,3,6,3,5,3,5,2,5,2,4,1,4,1,4,0,4,-1,3,-1,3,-2,3,-2,2,0,0,0,0,0,0,0,0,0,0,0,0,0,0,-57,-69,-58,-69,-53,-50,-52,-54,-51,-42,-43,-38,-43,-37,-42,-30,-37,-25,-31,-20,-30,-16,-25,-15,-23,-12,-12,-4,-19,-4,-8,-3,-2,-3,0,-6,2,6,11,-2,12,-3,18,-3,15,-7,22,-7,24,-2,32,-10,29,-9,31,-19,39,-18,41,-22,41,-20,37,-19,47,-17,39,-22,45,-24,46,-20,48,-21,43,-16,52,-20,45,-18,44,-23,41,-19,41,-16,40,-12,35,-11,36,-11,33,-9,27,-8,21,-4,25,-6,26,1,24,1,25,1,20,9,15,7,16,10,11,12,0,0,0,0,0,0,0,0,0,0,0,0,0,0,0,0,0,0,0,0,0,0,3,-64,7,-57,10,-59,7,-56,12,-57,14,-51,16,-41,14,-39,11,-43,15,-37,6,-37,11,-28,9,-23,10,-21,9,-14,8,-5,10,-7,5,2,5,3,12,5,10,13,12,15,20,25,16,21,15,27,21,29,23,36,25,30,26,40,28,36,32,32,37,37,44,34,42,35,53,36,50,29,58,27,63,20,69,17,75,8,76,12,84,6,77,-1,84,-5,82,-12,87,-8,84,-21,86,-26,85,-33,92,-39,91,-42,86,-51,89,-46,90,-55,87,-58,79,-62,86,-61,0,0]"
CSI_DATA,236,1a:00:00:00:00:00,-52,11,1,0,1,1,1,0,0,0,1,-96,0,11,2,3309553,0,44,0,384,0,"[0,0,0,0,0,0,0,0,0,0,0,0,-14,4,-12,4,-11,5,-10,4,-9,4,-7,4,-7,4,-6,3,-5,3,-4,2,-3,2,-3,1,-2,1,-1,0,-1,-1,-1,-1,0,-2,0,-2,0,-3,0,-4,0,-5,0,-5,0,-6,-1,-7,-1,-7,-1,-8,0,0,-1,-9,-1,-10,-1,-10,-2,-10,-1,-10,-1,-10,-1,-10,-1,-10,-1,-10,-1,-10,0,-10,0,-9,0,-9,0,-8,0,-8,0,-7,1,-7,0,-6,1,-6,1,-5,1,-5,2,-4,2,-4,2,-3,3,-3,3,-2,0,0,0,0,0,0,0,0,0,0,0,0,0,0,-8,46,-9,45,-3,41,-4,36,-3,34,-5,31,-3,30,0,28,2,28,4,21,5,21,3,17,4,12,3,9,2,10,5,9,0,3,0,4,2,-1,-3,0,-3,-2,-3,0,-6,-4,-8,-3,-12,-7,-10,-7,-12,-7,-13,-7,-18,-9,-18,-6,-17,-11,-20,-6,-23,-11,-19,-10,-22,-11,-23,-11,-22,-11,-24,-9,-22,-10,-23,-11,-22,-11,-19,-13,-18,-12,-18,-12,-15,-10,-17,-12,-10,-11,-14,-10,-11,-12,-10,-10,-9,-9,-10,-11,-5,-10,-6,-12,-1,-10,-1,-8,3,-11,0,0,0,0,0,0,0,0,0,0,0,0,0,0,0,0,0,0,0,0,0,0,-26,21,-24,18,-27,20,-25,18,-26,16,-22,13,-21,13,-23,10,-20,12,-19,10,-17,9,-15,8,-14,7,-12,4,-8,1,-9,2,-6,2,-6,-2,-1,-2,-1,-4,1,-6,2,-9,4,-10,2,-11,5,-13,5,-16,5,-18,7,-20,6,-21,2,-25,3,-23,0,-28,1,-26,-2,-29,-3,-31,-8,-32,-9,-32,-12,-34,-15,-33,-18,-32,-23,-32,-25,-34,-27,-32,-30,-34,-31,-28,-34,-28,-37,-29,-42,-25,-42,-26,-46,-25,-46,-22,-52,-20,-49,-20,-53,-19,-56,-18,-55,-14,-54,-11,0,0]"
CSI_DATA,237,1a:00:00:00:00:00,-52,11,1,0,1,1,1,0,0,0,1,-96,0,11,2,3319579,0,44,0,384,0,"[0,0,0,0,0,0,0,0,0,0,0,0,10,-11,9,-11,7,-11,7,-10,6,-9,5,-9,4,-9,3,-7,3,-7,2,-6,2,-5,1,-4,1,-4,0,-3,0,-2,0,-2,0,-1,0,0,0,1,0,1,0,2,0,3,0,3,1,4,1,5,1,5,0,0,2,6,2,7,2,7,2,7,2,7,2,8,2,8,2,8,2,8,1,8,0,8,0,7,0,7,0,6,-1,6,-1,6,-1,6,-1,5,-2,5,-2,4,-2,4,-3,4,-3,3,-4,2,-4,2,-4,1,0,0,0,0,0,0,0,0,0,0,0,0,0,0,-20,-48,-20,-44,-22,-44,-21,-37,-17,-37,-19,-32,-16,-31,-18,-29,-17,-23,-14,-24,-16,-17,-14,-16,-13,-13,-10,-12,-9,-11,-8,-9,-8,-4,-6,-5,-3,-3,-2,-3,-2,-1,0,0,1,0,5,-1,5,-1,7,3,9,3,10,1,13,3,14,1,14,1,17,3,17,4,18,5,21,2,19,5,19,6,22,4,19,3,17,8,20,7,20,8,17,8,16,8,14,7,14,8,12,7,12,9,12,10,10,8,10,9,8,9,5,8,0,8,2,10,1,10,-4,10,0,0,0,0,0,0,0,0,0,0,0,0,0,0,0,0,0,0,0,0,0,0,-17,-32,-12,-30,-12,-29,-12,-31,-10,-28,-6,-29,-8,-22,-6,-24,-8,-23,-7,-19,-8,-19,-4,-17,-5,-17,-5,-10,-3,-9,-3,-8,-3,-5,-1,-4,-1,-1,2,5,1,7,3,8,3,8,5,10,6,12,8,15,7,18,11,14,12,20,13,20,16,18,20,21,23,21,21,18,26,19,26,16,29,17,32,16,34,11,37,12,38,9,42,10,39,3,44,3,46,1,42,-4,46,-6,50,-8,49,-10,51,-15,53,-12,52,-16,56,-16,55,-20,58,-23,51,-23,54,-23,0,0]"
CSI_DATA,238,1a:00:00:00:00:00,-51,11,1,0,1,1,1,0,0,0,1,-96,0,11,2,3339464,0,44,0,384,0,"[0,0,0,0,0,0,0,0,0,0,0,0,9,13,9,12,9,10,8,10,8,9,7,8,7,7,6,6,6,6,5,5,5,4,5,3,4,3,4,2,3,1,3,1,2,0,1,0,1,0,1,-1,0,-1,-1,-1,-1,-1,-2,-2,-2,-2,-3,-2,0,0,-4,-3,-4,-3,-5,-3,-5,-3,-5,-4,-5,-4,-5,-5,-5,-5,-5,-5,-5,-5,-5,-6,-4,-6,-4,-6,-4,-6,-3,-6,-3,-6,-3,-6,-2,-6,-2,-6,-1,-6,0,-5,0,-5,0,-5,1,-5,2,-5,2,-4,0,0,0,0,0,0,0,0,0,0,0,0,0,0,50,1,50,1,44,-2,44,-2,41,-3,36,-4,38,-6,33,-5,33,-5,27,-6,26,-6,23,-7,22,-4,18,-7,18,-5,14,-6,14,-7,12,-8,9,-5,6,-6,5,-5,4,-4,2,-3,1,-2,1,-1,-1,0,-6,1,-4,0,-6,1,-9,2,-8,3,-11,5,-9,5,-12,5,-14,6,-12,5,-16,4,-15,2,-15,4,-16,3,-16,0,-17,1,-16,-1,-17,-2,-14,-2,-15,-3,-12,-5,-13,-4,-12,-4,-11,-7,-10,-6,-10,-7,-10,-7,-10,-8,-9,-11,-4,-10,-4,-10,0,0,0,0,0,0,0,0,0,0,0,0,0,0,0,0,0,0,0,0,0,0,14,-27,16,-25,17,-24,15,-21,18,-23,15,-18,12,-18,13,-16,14,-18,14,-16,10,-16,6,-13,6,-13,4,-13,2,-9,1,-11,-2,-8,-3,-8,-6,-6,-6,-4,-7,-2,-11,-2,-13,-2,-14,2,-17,2,-19,5,-20,5,-21,7,-22,7,-23,11,-22,14,-24,15,-24,16,-22,17,-24,19,-24,20,-23,23,-21,26,-22,29,-19,33,-20,34,-15,39,-15,36,-15,40,-13,39,-8,41,-10,45,-9,45,-5,49,-7,50,-5,54,-4,53,-5,54,0,55,1,59,3,54,0,53,0,0]"
CSI_DATA,239,1a:00:00:00:00:00,-50,11,1,0,1,1,1,0,0,0,1,-96,0,11,2,3359477,0,44,0,384,0,"[0,0,0,0,0,0,0,0,0,0,0,0,8,-15,7,-14,6,-13,6,-13,5,-11,5,-11,4,-10,4,-9,3,-9,2,-8,2,-8,1,-7,1,-6,0,-6,0,-5,0,-5,0,-4,-1,-3,-1,-2,-1,-2,-1,-1,-1,-1,-1,0,-2,1,-2,1,-2,2,0,0,-2,3,-2,3,-3,4,-3,4,-3,4,-4,4,-4,4,-4,4,-5,4,-5,4,-5,4,-5,4,-5,3,-5,3,-6,3,-6,2,-6,2,-5,2,-6,1,-5,1,-6,0,-5,0,-5,-1,-5,-1,-5,-2,-4,-3,0,0,0,0,0,0,0,0,0,0,0,0,0,0,-23,-47,-22,-44,-24,-39,-21,-39,-20,-39,-18,-35,-17,-34,-20,-31,-17,-29,-16,-24,-16,-23,-15,-20,-15,-20,-14,-17,-13,-14,-12,-12,-14,-12,-11,-9,-9,-7,-9,-6,-9,-5,-8,-3,-6,-1,-5,-1,-3,-1,-3,2,1,1,-1,3,2,6,1,6,2,7,3,8,4,8,4,11,2,11,5,13,3,11,5,13,4,13,2,15,1,15,1,14,0,16,-2,15,-2,15,-3,14,-2,12,-5,13,-6,10,-6,11,-6,9,-6,9,-8,10,-7,9,-9,6,-9,5,-11,4,0,0,0,0,0,0,0,0,0,0,0,0,0,0,0,0,0,0,0,0,0,0,-21,22,-21,18,-22,16,-24,17,-21,15,-20,14,-20,12,-18,13,-16,14,-16,12,-14,11,-12,12,-10,12,-9,11,-7,10,-6,9,-2,10,-1,9,3,8,4,10,7,10,10,9,8,10,12,9,15,9,16,9,19,9,21,10,23,10,27,8,25,9,29,7,29,5,30,4,33,5,31,1,34,0,34,-1,35,-4,39,-7,36,-9,39,-11,40,-12,40,-16,38,-17,39,-16,42,-18,41,-24,43,-24,46,-26,44,-27,46,-30,49,-29,47,-30,49,-32,43,-32,47,-30,0,0]"
CSI_DATA,240,1a:00:00:00:00:00,-50,11,1,0,1,1,1,0,0,0,1,-96,0,11,2,3369506,0,44,0,384,0,"[0,0,0,0,0,0,0,0,0,0,0,0,2,15,2,14,2,13,2,13,2,11,2,10,2,9,2,8,2,8,2,6,2,6,2,5,2,4,2,3,2,3,2,2,1,2,1,1,1,0,1,0,0,-1,0,-1,0,-2,-1,-2,-1,-3,-1,-3,0,0,-2,-4,-2,-5,-2,-6,-2,-6,-2,-6,-2,-7,-2,-7,-1,-7,-1,-7,-1,-7,0,-7,0,-7,0,-7,1,-7,1,-6,1,-6,1,-6,1,-6,2,-5,2,-5,2,-4,3,-4,3,-4,3,-3,3,-2,3,-2,0,0,0,0,0,0,0,0,0,0,0,0,0,0,48,16,44,17,44,13,40,13,40,9,36,8,35,8,33,9,31,6,26,4,25,4,24,3,23,2,20,3,17,1,14,-1,14,-1,13,-2,11,-1,8,-1,6,-3,6,-3,4,-4,2,-3,0,-2,-2,-3,-3,-4,-4,-2,-5,-2,-9,-1,-9,-2,-10,-3,-12,-4,-12,-3,-12,-1,-14,-6,-15,-6,-16,-6,-18,-7,-14,-8,-14,-6,-15,-8,-16,-8,-15,-11,-12,-10,-11,-11,-11,-12,-10,-9,-10,-10,-8,-11,-9,-11,-7,-11,-5,-11,-4,-11,-4,-12,-2,-11,0,-8,0,0,0,0,0,0,0,0,0,0,0,0,0,0,0,0,0,0,0,0,0,0,9,-27,11,-26,11,-25,11,-24,12,-23,11,-21,10,-19,9,-19,10,-20,7,-18,7,-14,5,-15,2,-14,2,-14,2,-11,-2,-9,-3,-10,-6,-9,-6,-7,-10,-7,-10,-5,-14,-4,-16,-2,-17,0,-18,1,-20,3,-20,4,-22,3,-23,3,-28,8,-26,8,-29,10,-28,12,-27,12,-29,15,-27,18,-24,18,-26,23,-24,24,-24,28,-25,28,-25,32,-26,33,-23,35,-23,36,-18,40,-20,38,-19,44,-18,43,-20,47,-17,47,-14,48,-17,53,-17,50,-18,54,-16,54,-17,53,0,0]"
CSI_DATA,241,1a:00:00:00:00:00,-50,11,1,0,1,1,1,0,0,0,1,-96,0,11,2,3379480,0,44,0,384,0,"[0,0,0,0,0,0,0,0,0,0,0,0,-15,5,-14,5,-13,5,-12,5,-11,4,-10,4,-9,4,-8,4,-7,4,-6,3,-6,3,-5,3,-4,3,-3,2,-3,2,-2,2,-1,2,-1,1,0,1,0,0,0,0,1,-1,2,-1,2,-2,2,-2,3,-2,0,0,4,-3,4,-4,5,-4,5,-4,5,-4,6,-4,6,-4,6,-4,6,-4,7,-3,7,-3,7,-2,6,-2,6,-2,6,-1,6,-1,5,-1,5,-1,5,0,5,0,4,1,4,1,4,2,3,2,3,3,2,3,0,0,0,0,0,0,0,0,0,0,0,0,0,0,-4,50,-5,46,0,46,-1,41,0,40,-2,38,2,34,1,31,1,28,3,29,4,24,2,23,4,19,3,18,1,15,5,15,6,10,4,10,3,7,3,5,5,3,4,3,3,-1,2,2,3,-3,-1,-5,0,-4,0,-8,-3,-8,-4,-10,-1,-13,-4,-13,-4,-14,-4,-17,-5,-15,0,-17,-5,-18,-4,-18,0,-19,0,-18,-1,-20,0,-17,3,-18,2,-18,3,-18,4,-17,4,-17,4,-16,5,-13,6,-12,8,-10,5,-10,7,-9,7,-6,7,-7,7,-5,11,-3,0,0,0,0,0,0,0,0,0,0,0,0,0,0,0,0,0,0,0,0,0,0,28,7,27,8,24,9,27,9,23,10,21,12,18,8,17,9,18,8,16,8,15,8,12,5,11,3,9,3,7,2,9,-1,4,-1,3,-4,2,-6,3,-10,0,-10,-5,-12,-6,-14,-6,-15,-7,-17,-10,-19,-11,-18,-12,-20,-14,-20,-17,-23,-14,-21,-22,-26,-20,-24,-22,-24,-24,-24,-25,-24,-27,-22,-30,-23,-33,-19,-34,-16,-35,-19,-38,-16,-41,-17,-42,-12,-41,-13,-45,-16,-47,-9,-47,-5,-50,-8,-53,-7,-52,-5,-54,1,-58,-4,-54,-6,-58,-1,-60,1,-57,-2,0,0]"
CSI_DATA,242,1a:00:00:00:00:00,-50,11,1,0,1,1,1,0,0,0,1,-96,0,11,2,3389455,0,44,0,384,0,"[0,0,0,0,0,0,0,0,0,0,0,0,-9,-12,-9,-11,-9,-10,-8,-10,-8,-8,-7,-7,-7,-6,-6,-5,-6,-5,-5,-4,-5,-4,-5,-3,-4,-2,-3,-1,-3,-1,-3,0,-2,0,-1,0,-1,1,0,1,0,1,1,2,1,2,2,2,3,2,3,3,0,0,4,3,4,4,5,4,5,4,5,4,5,5,5,5,5,5,5,5,5,6,4,6,4,6,3,6,3,6,3,6,2,5,2,5,2,5,1,5,1,4,0,5,0,4,-1,4,-1,4,-2,3,-3,3,0,0,0,0,0,0,0,0,0,0,0,0,0,0,-46,16,-45,16,-41,17,-35,16,-35,16,-33,12,-30,12,-30,13,-24,13,-22,11,-19,12,-15,11,-15,11,-14,9,-10,8,-10,8,-6,9,-3,6,-4,3,-2,5,0,4,3,2,1,1,4,2,4,-1,5,-2,6,-3,7,-6,9,-7,9,-8,11,-7,12,-7,11,-9,13,-9,12,-10,14,-10,15,-11,14,-10,17,-11,18,-10,17,-7,18,-6,16,-5,17,-6,16,-5,16,-5,14,-1,15,-3,13,0,13,1,11,-1,11,1,10,2,10,4,9,4,6,6,7,7,0,0,0,0,0,0,0,0,0,0,0,0,0,0,0,0,0,0,0,0,0,0,-3,26,-6,25,-8,23,-8,25,-7,22,-8,20,-7,19,-7,18,-6,16,-6,15,-6,13,-6,11,-2,9,-3,6,-1,5,0,2,1,-2,2,-2,3,-2,5,-7,6,-8,8,-10,7,-11,10,-16,10,-16,11,-19,14,-20,12,-22,15,-23,12,-27,14,-24,14,-27,13,-29,12,-31,12,-34,9,-32,11,-34,6,-38,5,-37,4,-39,1,-40,-4,-42,-2,-42,-4,-44,-6,-43,-13,-44,-11,-46,-13,-47,-15,-47,-15,-51,-15,-51,-19,-50,-17,-53,-19,-51,-21,-52,-23,-51,-19,-52,0,0]"
CSI_DATA,243,1a:00:00:00:00:00,-51,11,1,0,1,1,1,0,0,0,1,-96,0,11,2,3411334,0,44,0,384,0,"[0,0,0,0,0,0,0,0,0,0,0,0,-12,-6,-11,-5,-10,-4,-10,-5,-9,-4,-8,-3,-7,-2,-7,-2,-6,-2,-5,-1,-5,-1,-4,0,-3,0,-3,0,-2,1,-1,1,-1,1,0,1,0,1,1,1,1,2,2,2,2,2,3,2,3,2,4,2,0,0,5,2,5,3,6,3,6,3,6,3,6,4,6,4,6,4,6,4,5,5,5,5,4,5,4,5,3,5,3,5,3,5,2,4,2,4,1,4,1,4,0,4,0,4,-1,3,-1,3,-2,3,-2,2,0,0,0,0,0,0,0,0,0,0,0,0,0,0,-36,24,-36,25,-31,24,-29,22,-30,22,-24,19,-24,21,-23,17,-17,16,-17,13,-13,14,-13,12,-9,13,-9,10,-5,8,-4,8,-3,8,-3,6,0,5,2,5,3,4,4,3,5,-1,3,-1,7,-3,7,-2,9,-5,9,-5,12,-6,10,-11,12,-8,16,-8,15,-7,17,-9,16,-10,18,-7,18,-8,17,-7,19,-5,18,-5,19,-7,19,-3,19,-3,18,-3,14,-1,15,-1,13,2,13,0,11,1,14,3,9,3,10,6,8,4,7,6,7,6,5,7,1,7,0,0,0,0,0,0,0,0,0,0,0,0,0,0,0,0,0,0,0,0,0,0,11,18,7,19,8,17,4,16,5,16,1,13,1,13,-2,12,-3,10,-4,8,-5,6,-4,4,-3,3,-5,-1,-5,-3,-7,-6,-6,-9,-5,-10,-5,-14,-8,-15,-7,-18,-5,-22,-5,-24,-6,-26,-6,-27,-6,-27,-4,-31,-5,-32,-5,-34,-6,-34,-6,-31,-6,-38,-6,-38,-7,-36,-9,-37,-10,-37,-12,-38,-14,-39,-14,-38,-18,-39,-17,-38,-21,-39,-21,-37,-26,-42,-26,-36,-26,-37,-27,-39,-30,-37,-32,-39,-33,-41,-33,-41,-38,-39,-34,-45,-35,-42,-34,-41,-35,-41,-35,-41,0,0]"
CSI_DATA,244,1a:00:00:00:00:00,-51,11,1,0,1,1,1,0,0,0,1,-96,0,11,2,3420741,0,44,0,384,0,"[0,0,0,0,0,0,0,0,0,0,0,0,0,12,1,11,1,9,1,9,1,8,1,7,1,6,1,5,1,4,1,3,1,3,1,2,1,1,1,0,1,0,1,-1,1,-1,0,-2,0,-2,0,-3,0,-3,-1,-4,-1,-4,-1,-5,-1,-5,-2,-6,0,0,-2,-6,-2,-7,-2,-7,-3,-7,-2,-8,-2,-8,-2,-8,-2,-8,-2,-8,-1,-8,-1,-8,0,-7,0,-7,0,-7,0,-6,0,-6,0,-6,1,-5,1,-5,1,-4,1,-4,2,-4,2,-3,2,-3,2,-2,2,-1,0,0,0,0,0,0,0,0,0,0,0,0,0,0,37,20,35,20,38,15,30,14,29,13,27,11,25,10,22,8,23,5,16,5,18,3,15,2,14,2,13,1,12,0,6,-2,6,-2,6,-2,2,-3,0,-5,-1,-6,-3,-3,-3,-4,-7,-4,-6,-4,-8,-5,-9,-5,-11,-4,-13,-4,-15,-4,-16,-4,-17,-2,-15,-4,-19,-5,-17,-4,-19,-7,-18,-8,-19,-8,-18,-6,-17,-7,-20,-10,-17,-9,-14,-10,-14,-9,-13,-8,-12,-10,-12,-10,-10,-11,-8,-10,-8,-8,-7,-9,-6,-11,-5,-11,-5,-8,-2,-9,0,-9,0,-7,0,0,0,0,0,0,0,0,0,0,0,0,0,0,0,0,0,0,0,0,0,0,19,-9,19,-4,16,-4,18,-2,16,-2,14,-1,12,1,11,2,9,3,7,3,6,5,3,4,1,5,-3,6,-4,7,-7,8,-10,11,-12,7,-13,10,-17,7,-19,8,-22,10,-23,7,-27,9,-27,9,-29,11,-31,9,-31,9,-34,10,-32,11,-32,11,-34,14,-36,14,-33,15,-36,16,-35,17,-33,18,-33,23,-32,23,-34,25,-35,26,-31,28,-31,29,-32,36,-30,33,-23,38,-28,37,-26,39,-26,40,-24,44,-26,44,-24,44,-26,47,-24,45,-25,47,-25,49,-25,45,0,0]"
CSI_DATA,245,1a:00:00:00:00:00,-52,11,1,0,1,1,1,0,0,0,1,-96,0,11,2,3429465,0,44,0,384,0,"[0,0,0,0,0,0,0,0,0,0,0,0,9,-8,8,-8,6,-7,6,-7,5,-6,4,-6,3,-6,3,-5,2,-4,1,-4,1,-3,0,-3,0,-2,-1,-2,-1,-1,-1,-1,-1,0,-1,1,-1,1,-1,2,-2,2,-2,3,-2,3,-1,4,-1,5,-1,5,0,0,-1,6,-1,7,-1,7,-1,7,-2,7,-2,7,-2,7,-2,7,-2,7,-2,7,-2,7,-3,6,-3,6,-3,5,-3,5,-3,5,-3,5,-3,4,-3,4,-3,3,-3,3,-3,2,-3,2,-3,1,-4,1,-3,0,0,0,0,0,0,0,0,0,0,0,0,0,0,0,-13,-40,-12,-35,-14,-33,-12,-32,-15,-30,-9,-25,-14,-25,-13,-21,-10,-17,-9,-15,-10,-11,-12,-9,-8,-9,-8,-7,-6,-6,-5,-5,-4,-3,-3,-1,-3,0,-2,2,1,1,3,3,4,2,6,3,6,2,9,2,11,4,11,5,12,4,12,6,13,1,13,3,17,4,18,4,16,3,19,6,20,5,20,4,17,4,18,6,18,5,18,6,16,6,15,5,14,7,14,8,11,5,11,7,8,7,9,7,8,7,7,7,5,7,5,7,1,8,0,6,1,8,0,0,0,0,0,0,0,0,0,0,0,0,0,0,0,0,0,0,0,0,0,0,-3,-22,1,-21,0,-19,3,-18,5,-17,4,-15,6,-14,3,-11,6,-8,7,-8,6,-5,7,-2,6,-1,8,2,7,3,8,6,9,7,8,13,10,12,10,15,10,15,10,19,15,22,15,25,13,24,15,24,12,29,14,26,15,30,18,28,18,29,22,30,25,27,24,25,28,24,28,23,30,23,32,21,33,20,37,17,34,15,43,14,39,12,45,9,38,6,46,4,44,1,45,-3,46,-5,48,-4,48,-5,48,-10,49,-9,50,-12,50,-9,44,-14,46,-12,0,0]"
CSI_DATA,246,1a:00:00:00:00:00,-52,11,1,0,1,1,1,0,0,0,1,-96,0,11,2,3439458,0,44,0,384,0,"[0,0,0,0,0,0,0,0,0,0,0,0,4,10,4,8,5,8,4,7,4,6,3,5,3,4,3,3,2,2,2,2,1,1,0,1,0,0,-1,0,-1,-1,-2,-1,-2,-1,-3,-1,-3,-1,-4,0,-5,-1,-5,0,-6,0,-7,0,-7,0,-7,1,0,0,-8,2,-9,2,-9,2,-10,2,-9,2,-10,2,-10,2,-9,2,-9,2,-10,1,-9,1,-8,0,-8,0,-7,0,-8,0,-7,0,-7,0,-6,0,-6,-1,-5,-1,-5,-1,-5,-1,-4,-2,-4,-2,-3,-3,-2,-3,0,0,0,0,0,0,0,0,0,0,0,0,0,0,38,-6,38,-4,34,-7,31,-7,30,-9,24,-5,21,-9,22,-8,18,-6,14,-7,14,-6,9,-8,8,-6,5,-2,3,-4,2,-3,0,-3,-1,-1,0,2,-4,2,-1,5,-4,6,-3,6,0,7,-3,9,-2,12,-3,14,0,14,-1,15,0,16,-1,16,1,19,1,19,3,21,1,20,2,20,-2,23,1,22,1,22,1,22,-1,22,-2,19,-1,19,-2,18,-1,18,-1,15,-2,15,-2,14,-3,15,-4,13,-4,11,-3,10,-4,8,-6,6,-6,5,-8,3,-8,2,0,0,0,0,0,0,0,0,0,0,0,0,0,0,0,0,0,0,0,0,0,0,15,16,11,18,11,17,10,18,8,15,6,17,4,15,4,13,2,13,0,11,-1,10,-5,8,-8,6,-10,9,-12,4,-10,3,-16,6,-17,-1,-17,3,-22,0,-23,-3,-28,-1,-27,-2,-29,-2,-30,0,-34,0,-33,-2,-37,-1,-34,0,-38,3,-35,3,-40,6,-38,7,-35,9,-36,12,-37,14,-33,16,-34,18,-33,21,-34,29,-30,28,-28,33,-28,33,-25,34,-24,37,-18,37,-18,40,-16,45,-13,46,-12,50,-11,49,-4,49,-5,50,-5,46,-3,51,-1,51,2,49,0,0]"
CSI_DATA,247,1a:00:00:00:00:00,-51,11,1,0,1,1,1,0,0,0,1,-96,0,11,2,3459568,0,44,0,384,0,"[0,0,0,0,0,0,0,0,0,0,0,0,4,7,4,6,4,5,4,4,3,4,3,3,2,2,2,1,1,1,1,0,0,0,0,-1,-1,-1,-1,-2,-2,-2,-3,-2,-3,-2,-4,-2,-4,-2,-5,-2,-5,-2,-6,-2,-6,-2,-7,-1,-8,-1,-8,-1,0,0,-9,-1,-10,-1,-10,-1,-10,0,-10,-1,-10,-1,-10,-1,-10,-1,-10,-1,-9,-1,-9,-2,-8,-2,-8,-2,-8,-2,-7,-2,-7,-2,-6,-2,-6,-2,-5,-3,-5,-3,-4,-3,-4,-3,-3,-3,-3,-3,-2,-4,-1,-4,0,0,0,0,0,0,0,0,0,0,0,0,0,0,36,3,32,1,32,-3,24,-1,27,-3,21,-3,20,-2,18,-2,12,-2,12,-6,9,-4,5,-3,4,-4,2,-2,3,-2,-3,-1,-3,-2,-3,-1,-6,1,-7,3,-7,4,-9,4,-9,5,-10,10,-8,10,-11,12,-10,12,-10,14,-11,16,-11,19,-10,19,-13,22,-13,20,-13,22,-12,23,-12,21,-12,22,-14,20,-14,19,-13,20,-13,19,-12,17,-13,17,-13,16,-11,14,-12,12,-10,11,-11,12,-11,8,-11,8,-9,8,-10,7,-11,4,-10,2,-10,2,-8,0,-10,-2,0,0,0,0,0,0,0,0,0,0,0,0,0,0,0,0,0,0,0,0,0,0,11,16,10,16,8,14,7,15,4,14,3,14,1,13,1,12,-3,12,-2,11,-7,8,-7,8,-10,7,-10,6,-13,4,-15,4,-19,5,-16,0,-22,0,-23,0,-27,-2,-27,-3,-29,-3,-30,-1,-32,0,-35,-1,-35,-3,-35,-2,-35,-1,-37,2,-34,-1,-39,3,-38,4,-35,11,-38,11,-36,11,-32,14,-34,18,-35,20,-34,24,-31,27,-29,28,-29,30,-27,34,-25,32,-24,41,-23,39,-19,39,-19,41,-15,41,-14,44,-12,47,-13,46,-9,46,-10,48,-4,44,-4,41,0,0]"
CSI_DATA,248,1a:00:00:00:00:00,-51,11,1,0,1,1,1,0,0,0,1,-96,0,11,2,3469422,0,44,0,384,0,"[0,0,0,0,0,0,0,0,0,0,0,0,10,-1,9,-2,8,-2,7,-2,6,-2,5,-2,4,-3,3,-3,2,-2,1,-2,0,-2,-1,-2,-1,-2,-2,-1,-2,-1,-3,-1,-4,0,-4,0,-4,1,-5,1,-5,2,-6,2,-6,2,-6,3,-7,4,-7,4,0,0,-8,5,-8,5,-8,6,-8,6,-9,5,-9,5,-9,5,-8,5,-9,5,-9,4,-9,4,-8,3,-8,3,-8,2,-7,2,-7,2,-7,1,-6,1,-6,1,-6,0,-6,-1,-5,-1,-5,-2,-5,-2,-4,-3,-3,-3,0,0,0,0,0,0,0,0,0,0,0,0,0,0,17,-35,15,-31,12,-30,10,-29,8,-27,5,-23,1,-22,2,-18,3,-15,0,-15,-2,-13,-1,-14,-2,-9,-4,-6,-5,-5,-3,-2,-4,0,-2,2,-4,3,-4,5,-3,9,-5,11,-2,11,-1,14,-2,13,-2,14,0,15,2,17,3,20,1,21,2,19,3,22,2,22,5,22,4,23,3,23,2,24,3,22,1,25,1,23,-1,22,0,21,-5,20,-1,19,-2,19,-3,16,-3,15,-5,14,-5,13,-6,14,-6,11,-7,9,-8,8,-8,7,-8,5,-8,3,-10,3,0,0,0,0,0,0,0,0,0,0,0,0,0,0,0,0,0,0,0,0,0,0,13,-15,14,-12,12,-11,13,-10,12,-7,11,-6,10,-5,10,-1,11,0,9,2,8,4,5,4,7,8,5,10,3,13,1,13,1,17,-1,19,-3,21,-3,24,-5,23,-8,26,-8,28,-5,29,-10,30,-8,30,-8,33,-6,33,-6,35,-4,36,-3,32,-2,40,-4,38,-2,38,1,37,3,37,7,37,10,38,14,38,18,41,16,40,24,38,22,39,25,36,24,34,31,31,31,34,31,32,34,31,36,30,39,28,41,27,39,29,39,24,43,27,39,24,38,22,0,0]"
CSI_DATA,249,1a:00:00:00:00:00,-51,11,1,0,1,1,1,0,0,0,1,-96,0,11,2,3480443,0,44,0,384,0,"[0,0,0,0,0,0,0,0,0,0,0,0,0,10,1,8,1,8,1,7,1,6,1,5,2,4,1,3,1,2,1,1,1,1,1,0,1,-1,1,-2,1,-2,0,-3,0,-3,0,-3,-1,-4,-1,-5,-1,-5,-2,-5,-2,-6,-3,-6,-3,-7,-4,-7,0,0,-4,-7,-4,-8,-4,-8,-4,-8,-4,-8,-4,-8,-4,-8,-4,-8,-4,-8,-3,-8,-2,-8,-2,-8,-2,-7,-1,-7,-1,-7,-1,-7,-1,-6,0,-6,0,-5,0,-5,1,-5,1,-4,1,-4,2,-3,2,-3,2,-2,0,0,0,0,0,0,0,0,0,0,0,0,0,0,36,12,36,7,32,5,30,5,28,5,25,3,24,1,20,1,19,-1,14,-2,13,-4,12,-4,8,-4,8,-4,4,-2,4,-5,-1,-4,-2,-4,-3,-5,-6,-3,-7,-3,-9,-4,-11,-4,-11,-1,-12,0,-16,-1,-15,-1,-15,1,-18,0,-21,1,-19,2,-22,3,-21,5,-22,3,-23,4,-22,0,-24,2,-24,5,-25,2,-23,-1,-23,2,-23,-1,-20,-1,-20,-3,-18,-1,-19,-3,-15,-2,-14,-4,-14,-5,-13,-6,-13,-6,-10,-7,-7,-7,-8,-7,-5,-10,-4,-10,-2,-9,0,0,0,0,0,0,0,0,0,0,0,0,0,0,0,0,0,0,0,0,0,0,21,2,18,4,18,5,15,5,14,7,10,7,9,7,8,7,6,7,4,4,1,7,0,7,-2,6,-5,6,-7,6,-13,5,-14,7,-14,6,-14,3,-20,3,-20,6,-24,5,-27,3,-29,5,-31,4,-31,5,-31,1,-31,4,-34,4,-35,6,-33,8,-36,9,-34,8,-32,13,-33,16,-34,17,-32,17,-31,21,-33,20,-32,27,-31,27,-32,31,-28,30,-27,33,-25,33,-22,41,-25,40,-19,40,-20,40,-21,44,-19,43,-14,47,-16,45,-16,47,-16,47,-14,46,-15,45,0,0]"
CSI_DATA,250,1a:00:00:00:00:00,-51,11,1,0,1,1,1,0,0,0,1,-96,0,11,2,3489460,0,44,0,384,0,"[0,0,0,0,0,0,0,0,0,0,0,0,0,-11,0,-10,-1,-9,-1,-8,-1,-7,-1,-6,-2,-5,-2,-4,-2,-3,-2,-2,-2,-2,-2,-1,-2,0,-2,0,-2,1,-1,2,-1,2,-1,3,0,3,0,4,0,4,1,5,1,5,1,5,2,6,2,6,0,0,3,7,3,7,3,7,3,7,3,8,3,8,3,8,3,8,3,8,2,8,1,8,1,7,1,7,0,6,0,6,0,6,0,5,0,5,-1,4,-1,4,-2,4,-2,3,-2,3,-3,2,-3,2,-3,1,0,0,0,0,0,0,0,0,0,0,0,0,0,0,-38,-17,-33,-18,-34,-12,-28,-10,-29,-10,-26,-7,-22,-7,-22,-5,-17,-2,-15,-3,-13,0,-10,1,-9,2,-8,1,-5,0,-3,1,0,3,0,3,1,4,6,3,6,6,6,5,8,2,13,2,11,1,16,2,14,0,19,0,18,0,20,-2,20,-2,22,-2,23,0,23,-3,21,-4,26,0,25,-1,23,-2,23,0,22,-1,22,2,23,3,22,5,19,5,15,3,18,5,15,3,13,5,13,4,12,5,11,6,11,7,7,6,6,9,2,8,1,8,0,8,0,0,0,0,0,0,0,0,0,0,0,0,0,0,0,0,0,0,0,0,0,0,-24,-7,-20,-9,-20,-9,-21,-10,-18,-12,-15,-10,-13,-11,-12,-11,-11,-11,-6,-9,-4,-11,-4,-8,-1,-11,2,-8,6,-8,7,-6,12,-8,13,-5,12,-6,16,-3,18,-2,21,-2,23,-2,23,-1,25,0,28,-3,29,-1,27,-1,30,-1,34,-4,32,-2,36,-3,35,-6,31,-9,35,-9,35,-12,33,-13,35,-17,33,-17,33,-20,33,-23,30,-27,31,-26,32,-30,28,-32,28,-33,28,-33,24,-38,26,-40,25,-42,26,-42,24,-44,27,-44,25,-44,24,-45,22,-45,22,-44,0,0]"
CSI_DATA,251,1a:00:00:00:00:00,-51,11,1,0,1,1,1,0,0,0,1,-96,0,11,2,3499473,0,44,0,384,0,"[0,0,0,0,0,0,0,0,0,0,0,0,7,7,6,6,6,5,5,4,5,4,4,3,4,2,3,1,2,1,2,0,1,-1,0,-1,0,-2,-1,-2,-1,-3,-2,-3,-3,-3,-3,-3,-4,-3,-4,-3,-5,-3,-6,-4,-6,-4,-7,-3,-8,-4,-8,-3,0,0,-9,-3,-9,-4,-10,-4,-10,-4,-9,-4,-10,-4,-10,-4,-9,-4,-10,-5,-9,-5,-9,-5,-8,-5,-8,-5,-7,-5,-6,-5,-6,-5,-6,-5,-5,-4,-4,-4,-4,-4,-3,-5,-3,-4,-2,-4,-2,-4,-1,-4,0,-4,0,0,0,0,0,0,0,0,0,0,0,0,0,0,77,-15,75,-12,69,-18,59,-16,57,-17,48,-15,43,-13,38,-13,29,-11,21,-17,24,-14,20,-15,13,-12,7,-11,1,-8,-4,-8,-9,-6,-10,0,-10,-5,-14,-1,-18,1,-21,5,-21,10,-24,11,-26,11,-34,15,-30,18,-34,20,-36,26,-34,27,-40,27,-42,26,-32,32,-37,32,-37,32,-42,30,-45,31,-42,29,-43,28,-46,28,-42,23,-47,17,-45,21,-40,19,-44,13,-34,15,-33,9,-33,8,-30,7,-26,1,-29,4,-27,-3,-23,-3,-22,-5,-19,-11,-16,-11,-11,-9,0,0,0,0,0,0,0,0,0,0,0,0,0,0,0,0,0,0,0,0,0,0,55,-19,53,-10,52,-12,51,-6,48,-1,47,-1,37,2,35,4,40,6,32,9,26,16,21,8,20,13,13,13,9,20,2,18,-1,25,-7,23,-7,22,-13,27,-18,29,-24,31,-24,30,-28,33,-34,34,-35,38,-42,36,-44,42,-41,36,-38,46,-41,44,-46,52,-41,47,-41,56,-38,57,-34,54,-33,57,-34,66,-28,66,-27,77,-28,72,-23,81,-19,84,-13,81,-15,86,-3,81,-2,88,-1,93,2,95,5,92,10,100,16,104,11,107,11,93,13,103,14,98,12,95,0,0]"
CSI_DATA,252,1a:00:00:00:00:00,-50,11,1,0,1,1,1,0,0,0,1,-96,0,11,2,3509453,0,44,0,384,0,"[0,0,0,0,0,0,0,0,0,0,0,0,-9,6,-8,6,-7,5,-6,5,-5,4,-4,4,-3,4,-3,3,-2,3,-1,2,0,2,0,1,1,0,2,0,2,-1,3,-1,3,-2,3,-2,3,-3,4,-4,4,-4,4,-5,4,-5,5,-6,5,-7,5,-7,0,0,5,-8,6,-8,6,-9,6,-9,6,-8,7,-8,7,-9,7,-8,7,-8,7,-8,7,-7,7,-7,6,-6,6,-6,6,-5,6,-5,6,-4,5,-4,5,-3,5,-3,5,-2,4,-1,4,-1,4,0,3,0,3,1,0,0,0,0,0,0,0,0,0,0,0,0,0,0,-2,39,1,37,5,32,1,33,2,28,3,26,3,22,3,20,4,15,3,12,6,11,3,11,3,5,4,4,3,3,5,-1,5,-4,6,-4,4,-8,1,-7,1,-9,-2,-12,0,-12,-2,-15,-1,-16,-2,-20,-5,-18,-5,-19,-5,-21,-8,-20,-9,-22,-9,-26,-7,-21,-9,-26,-8,-24,-8,-26,-8,-27,-5,-26,-5,-27,-4,-28,-4,-25,-4,-26,-4,-24,-2,-24,-1,-25,0,-21,1,-19,1,-17,1,-17,1,-15,2,-13,4,-14,2,-12,5,-9,6,-9,8,-7,7,-6,0,0,0,0,0,0,0,0,0,0,0,0,0,0,0,0,0,0,0,0,0,0,9,26,6,27,2,24,2,25,1,23,-2,23,-3,21,-4,17,-5,20,-7,18,-7,15,-10,13,-9,12,-11,9,-13,7,-13,4,-13,1,-14,-2,-15,0,-15,-4,-15,-8,-18,-11,-17,-10,-20,-13,-18,-16,-18,-15,-19,-19,-23,-19,-19,-19,-24,-23,-20,-20,-27,-21,-25,-20,-25,-19,-26,-22,-29,-19,-27,-17,-33,-18,-34,-16,-37,-16,-38,-16,-36,-11,-40,-13,-41,-8,-40,-8,-41,-9,-45,-6,-43,-6,-45,-5,-46,-1,-48,-1,-50,-2,-52,-4,-47,1,-52,0,-50,1,-45,1,0,0]"
CSI_DATA,253,1a:00:00:00:00:00,-49,11,1,0,1,1,1,0,0,0,1,-96,0,11,2,3519478,0,44,0,384,0,"[0,0,0,0,0,0,0,0,0,0,0,0,3,-11,2,-10,1,-10,1,-9,1,-8,0,-7,0,-6,-1,-5,-1,-5,-2,-4,-2,-3,-2,-2,-3,-1,-3,0,-3,0,-3,1,-3,2,-3,2,-3,3,-3,4,-3,4,-3,5,-3,5,-3,6,-3,7,-3,7,0,0,-3,9,-3,9,-3,9,-3,10,-4,9,-4,10,-4,10,-4,9,-4,10,-5,9,-5,9,-5,8,-5,8,-5,7,-5,7,-5,6,-5,6,-5,5,-5,5,-5,4,-5,3,-5,3,-5,2,-5,1,-5,1,-5,0,0,0,0,0,0,0,0,0,0,0,0,0,0,0,-24,-36,-24,-34,-22,-31,-19,-25,-20,-23,-16,-22,-17,-20,-17,-15,-14,-13,-15,-10,-12,-9,-12,-6,-11,-4,-11,-3,-9,-1,-7,0,-5,4,-5,6,-3,6,-1,7,-1,9,3,10,5,11,5,11,6,11,6,13,10,14,11,13,11,15,12,17,13,17,15,20,13,18,16,19,16,18,17,22,16,20,15,21,14,22,14,24,14,21,12,20,11,21,9,21,9,20,9,20,5,18,6,18,6,16,3,15,2,13,1,15,-1,16,-2,12,-4,10,-4,9,-7,8,0,0,0,0,0,0,0,0,0,0,0,0,0,0,0,0,0,0,0,0,0,0,-24,-13,-23,-15,-21,-16,-19,-18,-14,-16,-14,-16,-13,-17,-11,-16,-8,-19,-7,-17,-5,-17,-4,-15,-2,-14,0,-15,5,-14,7,-11,9,-12,10,-8,13,-9,14,-6,14,-4,19,-5,19,-3,22,-1,23,0,26,-1,25,2,26,3,27,4,29,2,28,2,32,0,32,3,31,-1,33,1,35,-3,33,-4,37,-7,35,-7,37,-9,38,-11,37,-12,38,-13,40,-15,36,-18,36,-19,37,-21,37,-24,40,-25,39,-26,38,-29,36,-28,41,-26,36,-27,41,-30,39,-30,39,-29,0,0]"
CSI_DATA,254,1a:00:00:00:00:00,-50,11,1,0,1,1,1,0,0,0,1,-96,0,11,2,3539888,0,44,0,384,0,"[0,0,0,0,0,0,0,0,0,0,0,0,-10,-10,-10,-8,-9,-7,-9,-7,-8,-6,-7,-5,-7,-4,-6,-3,-6,-3,-5,-2,-4,-1,-4,-1,-3,0,-2,0,-2,0,-1,1,0,1,0,1,1,1,2,1,2,1,3,1,4,1,5,1,5,1,6,1,0,0,7,1,7,1,8,1,8,1,8,1,9,1,9,1,9,2,9,2,9,2,9,2,8,3,8,3,7,3,7,3,7,3,6,3,6,3,5,3,5,3,4,4,4,4,3,4,3,4,2,4,1,4,0,0,0,0,0,0,0,0,0,0,0,0,0,0,-92,28,-75,26,-74,31,-71,32,-68,31,-62,29,-54,28,-46,28,-39,30,-36,27,-29,26,-25,20,-18,20,-18,18,-14,21,-5,14,-7,11,-3,9,0,5,6,4,10,2,9,2,10,-7,15,-8,13,-9,16,-16,16,-17,17,-18,17,-24,21,-29,25,-25,22,-31,25,-30,21,-37,24,-40,27,-36,31,-38,31,-41,31,-38,28,-40,29,-39,34,-36,34,-31,30,-33,33,-30,28,-24,32,-24,28,-23,32,-21,24,-25,31,-18,26,-13,29,-12,23,-5,28,-6,27,-3,25,4,0,0,0,0,0,0,0,0,0,0,0,0,0,0,0,0,0,0,0,0,0,0,-57,25,-57,18,-57,17,-58,13,-52,8,-52,7,-48,0,-49,3,-45,2,-41,4,-35,-5,-34,-4,-35,-5,-29,-7,-27,-15,-22,-12,-14,-17,-10,-15,-12,-17,-4,-17,-1,-22,7,-28,1,-23,8,-28,13,-33,18,-40,24,-37,25,-34,26,-35,29,-43,25,-42,28,-51,28,-48,24,-52,22,-52,20,-57,16,-57,12,-64,11,-69,10,-74,11,-74,1,-76,-1,-81,-6,-81,-9,-83,-14,-90,-18,-88,-21,-87,-25,-87,-24,-95,-29,-99,-34,-98,-37,-106,-34,-97,-43,-105,-39,-107,-39,-96,0,0]"
CSI_DATA,255,1a:00:00:00:00:00,-51,11,1,0,1,1,1,0,0,0,1,-96,0,11,2,3561558,0,44,0,384,0,"[0,0,0,0,0,0,0,0,0,0,0,0,14,0,12,0,12,-1,11,-1,10,-1,8,-1,8,-2,6,-2,6,-2,5,-2,4,-2,3,-2,2,-2,1,-2,0,-2,0,-2,-1,-1,-1,-1,-2,-1,-2,0,-3,0,-3,1,-4,1,-4,2,-5,3,-5,3,0,0,-6,4,-6,5,-6,5,-7,6,-7,5,-7,6,-7,6,-8,6,-8,6,-8,6,-9,5,-9,4,-8,4,-8,4,-8,3,-8,3,-8,3,-7,3,-7,2,-7,2,-7,1,-7,1,-7,0,-7,-1,-6,-2,-6,-2,0,0,0,0,0,0,0,0,0,0,0,0,0,0,23,-42,22,-40,14,-37,17,-36,13,-35,12,-33,10,-28,4,-29,4,-24,3,-24,4,-21,1,-18,1,-17,0,-15,-2,-15,-2,-9,-3,-10,-4,-6,-4,-7,-2,-4,-1,-1,0,0,-2,2,1,4,-1,7,0,7,0,9,4,7,4,12,5,13,8,14,5,14,6,16,7,16,11,17,9,20,7,21,9,21,9,22,7,21,8,21,6,23,4,22,4,23,3,20,3,18,2,19,3,18,2,17,1,16,-1,14,-3,16,-3,15,-2,14,-6,13,-7,12,-9,12,0,0,0,0,0,0,0,0,0,0,0,0,0,0,0,0,0,0,0,0,0,0,27,-16,27,-12,28,-11,28,-11,28,-7,25,-7,22,-5,24,-4,21,-5,21,-5,21,-1,19,-3,19,-1,16,-1,17,2,16,4,12,4,11,7,10,7,8,10,8,12,5,12,4,14,4,17,2,19,2,18,1,19,0,20,1,21,1,24,0,23,3,24,1,26,5,26,6,29,8,28,11,26,13,28,13,29,18,30,19,31,21,30,20,31,27,30,26,30,27,31,33,27,34,28,36,27,38,27,43,25,45,24,46,29,45,25,46,24,47,24,45,26,0,0]"
CSI_DATA,256,1a:00:00:00:00:00,-51,11,1,0,1,1,1,0,0,0,1,-96,0,11,2,3569996,0,44,0,384,0,"[0,0,0,0,0,0,0,0,0,0,0,0,12,-9,11,-10,9,-9,9,-9,8,-8,7,-8,6,-8,5,-7,4,-6,3,-6,3,-6,2,-5,1,-4,1,-4,0,-3,0,-3,-1,-2,-1,-1,-1,-1,-1,0,-1,1,-2,1,-2,2,-2,2,-2,3,-2,4,0,0,-2,5,-2,6,-2,6,-2,7,-3,7,-3,7,-3,8,-3,8,-4,8,-4,7,-4,8,-5,7,-5,7,-5,7,-5,6,-5,6,-5,5,-5,5,-5,5,-5,4,-6,4,-6,3,-6,2,-6,2,-6,1,-6,0,0,0,0,0,0,0,0,0,0,0,0,0,0,0,-1,-51,-2,-49,-5,-43,-5,-43,-7,-43,-2,-37,-7,-36,-6,-34,-8,-28,-5,-28,-8,-25,-8,-22,-9,-19,-9,-16,-7,-15,-8,-10,-6,-10,-9,-8,-4,-7,-4,-5,-7,-3,-3,-4,-3,1,-1,3,-3,2,2,4,1,6,4,7,8,6,8,7,9,9,7,10,10,11,12,12,15,12,11,14,15,14,11,13,15,13,13,15,13,15,13,19,11,19,11,16,9,16,10,18,7,18,4,17,7,15,5,13,4,14,4,12,2,14,-3,14,-4,13,-4,12,-6,10,0,0,0,0,0,0,0,0,0,0,0,0,0,0,0,0,0,0,0,0,0,0,6,-29,7,-27,11,-26,12,-25,13,-26,10,-21,11,-20,12,-22,12,-19,10,-17,10,-16,12,-14,11,-14,14,-13,10,-8,10,-6,8,-5,9,-2,10,-1,9,1,8,2,11,7,7,8,11,11,8,12,12,14,9,16,10,17,10,18,12,19,12,19,12,21,15,23,17,20,21,24,19,19,24,21,25,22,26,20,31,19,32,20,35,17,35,17,39,17,41,13,43,7,45,9,48,9,47,7,52,7,50,6,54,5,58,3,57,3,60,5,56,1,55,-5,0,0]"
CSI_DATA,257,1a:00:00:00:00:00,-51,11,1,0,1,1,1,0,0,0,1,-96,0,11,2,3579467,0,44,0,384,0,"[0,0,0,0,0,0,0,0,0,0,0,0,-3,-17,-3,-15,-4,-15,-4,-14,-4,-13,-3,-11,-4,-10,-4,-9,-4,-9,-4,-7,-3,-7,-3,-6,-3,-5,-3,-4,-3,-3,-3,-3,-2,-2,-2,-2,-1,-1,-1,-1,0,0,0,0,1,1,2,1,2,1,3,2,0,0,4,2,4,3,5,3,6,3,5,4,6,5,6,4,6,5,6,5,6,6,5,6,5,6,4,6,4,6,4,6,3,6,3,6,3,6,2,6,2,5,1,6,1,5,0,6,0,5,-1,5,-2,5,0,0,0,0,0,0,0,0,0,0,0,0,0,0,-48,-17,-47,-17,-46,-12,-42,-11,-40,-9,-36,-7,-37,-7,-36,-6,-31,-5,-26,-6,-25,0,-24,-3,-23,0,-21,0,-16,0,-16,2,-12,1,-10,3,-9,3,-8,2,-7,5,-5,1,-3,1,-1,1,1,-3,3,-2,5,-3,6,-2,8,-5,7,-6,8,-6,10,-9,8,-9,12,-8,12,-9,16,-10,16,-9,15,-10,17,-9,18,-6,18,-8,17,-6,17,-7,19,-7,17,-4,18,-3,17,-5,17,-3,17,-1,16,-1,17,-1,15,-1,15,0,14,3,11,2,11,6,9,7,0,0,0,0,0,0,0,0,0,0,0,0,0,0,0,0,0,0,0,0,0,0,-27,-14,-23,-15,-23,-14,-23,-15,-21,-17,-20,-17,-17,-15,-17,-16,-15,-17,-14,-15,-13,-14,-12,-14,-10,-13,-9,-11,-6,-10,-4,-8,-6,-9,-3,-11,2,-8,1,-5,2,-5,5,-4,6,-6,11,-4,11,-3,11,-4,14,-4,21,-3,18,-4,22,-7,20,-4,22,-4,22,-9,23,-8,26,-11,23,-12,24,-13,24,-17,25,-19,27,-23,28,-23,26,-26,25,-29,25,-31,25,-32,19,-37,20,-38,20,-40,22,-41,22,-46,21,-46,19,-50,23,-54,19,-50,21,-56,17,-55,18,-50,0,0]"
CSI_DATA,258,1a:00:00:00:00:00,-50,11,1,0,1,1,1,0,0,0,1,-96,0,11,2,3589475,0,44,0,384,0,"[0,0,0,0,0,0,0,0,0,0,0,0,14,5,14,4,13,3,12,3,11,2,10,2,9,1,8,1,8,1,6,0,6,0,5,-1,4,-1,3,-1,3,-1,2,-1,1,-1,0,-1,0,-1,-1,0,-1,0,-2,0,-3,0,-3,1,-4,1,-4,2,0,0,-5,2,-6,3,-7,3,-7,3,-7,3,-8,3,-8,3,-8,3,-9,3,-9,3,-9,2,-9,2,-9,2,-9,2,-8,1,-8,1,-8,1,-8,1,-8,0,-7,0,-7,-1,-7,-1,-6,-2,-6,-2,-5,-3,-5,-3,0,0,0,0,0,0,0,0,0,0,0,0,0,0,45,-26,45,-20,38,-27,37,-23,37,-24,32,-22,29,-19,27,-22,24,-21,23,-20,20,-18,16,-18,15,-13,12,-14,10,-14,8,-11,5,-12,5,-10,4,-8,2,-6,3,-6,-1,-5,-1,-1,-2,0,0,4,-1,3,-3,7,-3,6,-3,9,-3,10,-1,13,-6,15,-4,13,-2,17,-3,19,-7,17,-5,18,-4,20,-5,20,-9,20,-8,16,-10,20,-12,19,-10,18,-11,16,-12,17,-10,14,-11,14,-10,13,-10,12,-10,11,-12,12,-14,9,-12,7,-13,5,-13,3,-12,3,0,0,0,0,0,0,0,0,0,0,0,0,0,0,0,0,0,0,0,0,0,0,25,-14,26,-11,25,-9,26,-7,24,-8,23,-6,22,-6,21,-3,20,-5,20,-2,18,-1,16,0,18,-1,13,0,13,1,12,2,7,4,6,5,7,5,4,7,1,8,1,9,-1,10,-2,12,-4,13,-7,14,-10,14,-9,17,-8,15,-10,19,-11,18,-12,22,-12,23,-8,24,-10,27,-6,28,-7,27,-5,30,-4,32,-1,35,-1,38,1,39,2,40,6,41,9,40,14,44,15,44,16,44,20,47,17,45,20,48,24,50,24,52,23,49,24,54,27,51,27,49,0,0]"
CSI_DATA,259,1a:00:00:00:00:00,-50,11,1,0,1,1,1,0,0,0,1,-96,0,11,2,3601577,0,44,0,384,0,"[0,0,0,0,0,0,0,0,0,0,0,0,-7,14,-6,13,-5,13,-5,12,-4,11,-4,10,-3,9,-3,8,-2,8,-2,6,-1,6,0,5,0,4,0,4,0,3,1,2,1,2,1,1,1,0,1,-1,1,-1,1,-2,1,-3,1,-4,1,-4,1,-5,0,0,1,-6,1,-7,1,-8,1,-8,1,-8,2,-9,2,-9,2,-9,2,-9,3,-9,3,-9,3,-9,3,-8,4,-8,4,-8,4,-8,4,-7,4,-7,4,-6,4,-6,5,-5,5,-5,5,-4,5,-4,5,-3,5,-2,0,0,0,0,0,0,0,0,0,0,0,0,0,0,29,41,29,40,31,35,25,34,25,32,23,27,23,27,22,26,22,19,21,16,19,17,18,15,17,13,14,10,14,10,15,5,12,7,11,3,8,2,6,0,6,-1,4,1,3,-2,2,-2,0,-5,-3,-6,-4,-6,-4,-7,-8,-8,-8,-8,-8,-9,-12,-11,-11,-10,-13,-11,-13,-12,-13,-14,-15,-15,-17,-17,-15,-18,-14,-19,-14,-19,-11,-19,-13,-20,-13,-21,-10,-19,-11,-18,-8,-20,-8,-18,-7,-17,-5,-18,-4,-18,-2,-17,-2,-14,-1,-14,0,-16,3,-15,5,-11,0,0,0,0,0,0,0,0,0,0,0,0,0,0,0,0,0,0,0,0,0,0,24,3,26,5,23,5,24,6,22,6,22,9,18,9,15,10,15,9,14,11,15,9,10,9,11,8,7,9,4,9,4,8,2,6,-1,6,-4,7,-4,6,-7,6,-9,5,-11,4,-12,4,-14,3,-18,3,-17,1,-21,1,-22,-1,-23,1,-23,2,-26,1,-27,3,-28,4,-26,2,-27,7,-31,8,-30,8,-32,12,-35,14,-35,13,-36,19,-37,19,-36,21,-37,20,-35,26,-38,25,-38,26,-39,30,-41,30,-41,31,-43,34,-46,33,-42,34,-47,39,-47,38,-44,33,0,0]"
CSI_DATA,260,1a:00:00:00:00:00,-49,11,1,0,1,1,1,0,0,0,1,-96,0,11,2,3609420,0,44,0,384,0,"[0,0,0,0,0,0,0,0,0,0,0,0,-16,-5,-15,-5,-14,-4,-14,-4,-12,-3,-11,-3,-11,-2,-10,-2,-9,-1,-8,-1,-8,-1,-7,0,-6,0,-5,0,-5,0,-4,1,-3,1,-3,1,-2,1,-1,1,-1,1,0,1,1,1,1,1,2,1,3,1,0,0,4,2,4,2,5,2,5,2,6,2,6,3,6,3,6,3,7,4,6,4,6,5,6,5,5,5,5,5,4,5,4,6,4,5,4,5,3,5,3,5,2,6,1,6,1,6,0,6,-1,5,-1,5,0,0,0,0,0,0,0,0,0,0,0,0,0,0,-37,36,-34,32,-30,37,-32,32,-24,33,-26,28,-22,27,-22,30,-19,24,-19,25,-14,20,-13,20,-11,19,-7,18,-7,17,-6,16,-3,12,-4,12,-2,12,1,10,0,9,0,7,2,5,1,2,3,1,4,-1,5,-2,7,-4,4,-5,5,-5,5,-7,10,-10,10,-9,10,-12,11,-12,12,-14,13,-12,11,-15,16,-13,15,-12,14,-12,16,-13,15,-12,16,-12,18,-10,16,-10,17,-9,16,-7,16,-7,14,-6,16,-5,16,-2,14,-2,13,0,14,2,13,1,12,5,0,0,0,0,0,0,0,0,0,0,0,0,0,0,0,0,0,0,0,0,0,0,4,25,2,24,1,24,1,24,-2,22,-2,23,-3,21,-3,18,-5,19,-5,15,-4,14,-6,12,-5,12,-6,9,-6,8,-4,3,-5,4,-5,1,-4,0,-5,-5,-3,-4,-5,-7,-3,-8,-5,-13,-2,-14,-5,-15,-4,-18,-3,-21,-3,-20,-7,-24,-3,-22,-7,-26,-6,-28,-10,-26,-9,-30,-10,-32,-11,-27,-16,-30,-18,-31,-16,-31,-21,-34,-23,-29,-26,-35,-26,-34,-30,-30,-35,-36,-33,-36,-35,-34,-37,-35,-38,-37,-38,-36,-43,-35,-42,-40,-39,-37,-46,-38,-45,-40,-42,-37,0,0]"
CSI_DATA,261,1a:00:00:00:00:00,-50,11,1,0,1,1,1,0,0,0,1,-96,0,11,2,3619424,0,44,0,384,0,"[0,0,0,0,0,0,0,0,0,0,0,0,11,-13,10,-12,9,-12,9,-11,8,-11,7,-10,6,-10,5,-9,5,-9,4,-8,4,-8,3,-7,2,-6,1,-6,1,-5,1,-5,0,-4,0,-4,-1,-3,-1,-2,-1,-2,-2,-1,-2,-1,-2,0,-2,1,-3,1,0,0,-3,2,-4,3,-4,3,-4,4,-5,4,-5,4,-6,4,-6,4,-7,4,-7,4,-7,4,-7,3,-7,3,-7,3,-8,2,-8,2,-7,2,-7,1,-7,1,-7,0,-7,0,-7,-1,-7,-1,-6,-2,-6,-3,-5,-3,0,0,0,0,0,0,0,0,0,0,0,0,0,0,-20,-109,-19,-102,-27,-93,-22,-86,-22,-87,-20,-77,-19,-72,-20,-70,-17,-66,-17,-56,-24,-53,-21,-48,-20,-46,-21,-40,-18,-33,-19,-33,-18,-30,-18,-31,-16,-20,-16,-15,-16,-17,-11,-10,-12,-5,-8,-5,-7,-1,-7,1,-8,1,-3,9,-7,11,0,16,3,14,2,19,1,20,3,22,3,32,5,29,7,31,7,31,1,32,2,35,3,36,-5,37,-4,38,-7,30,-9,35,-11,36,-12,33,-15,33,-16,28,-12,29,-16,28,-17,25,-20,23,-20,19,-20,21,-19,13,-25,6,0,0,0,0,0,0,0,0,0,0,0,0,0,0,0,0,0,0,0,0,0,0,-58,-6,-58,-16,-55,-18,-54,-19,-50,-22,-44,-20,-40,-18,-37,-23,-40,-23,-38,-28,-32,-20,-24,-18,-31,-20,-21,-19,-14,-15,-15,-15,-9,-13,-5,-12,-3,-6,0,-9,6,-4,11,-2,17,1,16,6,18,7,26,8,27,12,33,12,35,14,40,12,39,13,49,13,45,12,48,17,56,13,55,10,57,8,61,7,67,7,75,1,69,-1,76,-5,74,-5,82,-8,80,-12,88,-9,87,-16,87,-21,95,-27,100,-26,102,-20,104,-26,111,-30,105,-27,117,-27,108,-29,111,-25,0,0]"
CSI_DATA,262,1a:00:00:00:00:00,-50,11,1,0,1,1,1,0,0,0,1,-96,0,11,2,3659585,0,44,0,384,0,"[0,0,0,0,0,0,0,0,0,0,0,0,-10,-14,-10,-12,-10,-12,-9,-11,-9,-10,-8,-9,-8,-8,-7,-8,-7,-7,-7,-6,-6,-6,-6,-5,-5,-4,-5,-4,-5,-3,-4,-2,-4,-2,-3,-1,-3,-1,-2,-1,-2,0,-1,0,-1,1,0,1,0,1,1,2,0,0,2,3,2,3,2,3,3,4,3,4,3,5,3,5,3,5,3,6,2,6,2,6,1,6,1,6,1,6,0,6,0,6,0,6,0,6,-1,5,-1,5,-2,5,-2,5,-2,5,-3,4,-4,3,-4,3,0,0,0,0,0,0,0,0,0,0,0,0,0,0,-49,14,-47,13,-48,18,-42,17,-43,15,-38,13,-36,14,-34,12,-29,14,-31,12,-26,14,-24,12,-23,12,-20,9,-19,11,-15,11,-15,9,-13,9,-9,8,-8,8,-8,8,-4,5,-2,5,-2,4,-2,3,-1,0,0,1,2,1,5,-1,6,0,8,-3,10,-5,9,-3,11,-7,12,-6,14,-6,17,-5,15,-3,15,-4,15,-2,15,-4,18,-1,20,-2,17,1,16,0,16,1,15,3,14,5,13,3,14,5,14,4,14,4,12,6,12,6,8,8,8,8,6,11,0,0,0,0,0,0,0,0,0,0,0,0,0,0,0,0,0,0,0,0,0,0,3,26,-1,25,-1,25,-2,24,-3,23,-4,22,-5,21,-4,19,-5,19,-3,17,-6,15,-4,14,-3,11,-3,11,-2,8,-2,5,0,5,-1,1,-1,2,1,-2,4,-5,5,-5,3,-9,6,-11,6,-12,6,-15,7,-17,9,-17,10,-18,9,-22,10,-21,9,-24,9,-25,7,-27,5,-28,6,-31,2,-30,3,-32,3,-33,-1,-37,0,-38,-3,-38,-4,-40,-5,-42,-7,-41,-8,-47,-10,-47,-14,-45,-13,-48,-16,-49,-16,-50,-20,-49,-20,-53,-19,-52,-22,-56,-22,-56,-18,-54,0,0]"
CSI_DATA,263,1a:00:00:00:00:00,-50,11,1,0,1,1,1,0,0,0,1,-96,0,11,2,3669447,0,44,0,384,0,"[0,0,0,0,0,0,0,0,0,0,0,0,-16,-8,-15,-7,-14,-6,-14,-6,-13,-5,-12,-4,-11,-3,-10,-3,-10,-3,-9,-2,-8,-2,-8,-2,-7,-2,-6,-1,-5,-1,-5,0,-4,0,-3,0,-3,0,-2,0,-1,0,-1,0,0,0,0,0,1,1,2,0,0,0,3,0,4,1,4,1,5,1,5,1,6,1,6,2,6,2,6,2,6,3,6,3,6,4,5,4,5,4,5,4,5,4,4,4,4,4,4,4,3,4,3,4,2,4,2,5,1,5,0,5,-1,4,0,0,0,0,0,0,0,0,0,0,0,0,0,0,-34,37,-39,35,-32,36,-33,33,-32,31,-28,29,-26,29,-27,30,-19,25,-19,26,-15,26,-15,21,-15,22,-15,18,-11,18,-11,16,-8,15,-7,13,-6,11,-2,10,-3,9,-3,7,-2,4,1,3,2,1,1,2,0,0,3,-1,3,-2,5,-3,6,-5,7,-9,7,-9,9,-11,8,-12,10,-12,9,-12,10,-12,13,-13,14,-10,15,-9,15,-11,15,-11,15,-9,15,-8,17,-6,17,-5,13,-7,15,-4,14,-4,13,-3,14,-1,13,-1,14,3,12,3,11,4,11,6,0,0,0,0,0,0,0,0,0,0,0,0,0,0,0,0,0,0,0,0,0,0,24,19,23,22,21,20,21,22,19,21,16,23,16,20,14,20,16,21,13,19,13,19,12,17,12,14,10,13,10,10,8,10,9,7,6,5,6,2,4,1,5,0,7,-4,4,-5,2,-8,5,-11,2,-12,3,-15,0,-18,0,-17,-1,-22,-1,-18,0,-23,-2,-26,-5,-25,-4,-28,-8,-27,-6,-28,-11,-29,-12,-29,-16,-31,-16,-33,-19,-32,-22,-34,-25,-31,-27,-34,-28,-34,-28,-34,-32,-35,-34,-34,-33,-36,-38,-37,-42,-37,-44,-42,-38,-34,-45,-38,-46,-38,-44,-38,0,0]"
CSI_DATA,264,1a:00:00:00:00:00,-49,11,1,0,1,1,1,0,0,0,1,-96,0,11,2,3679440,0,44,0,384,0,"[0,0,0,0,0,0,0,0,0,0,0,0,11,-13,10,-12,9,-12,9,-11,8,-11,7,-10,6,-10,5,-9,5,-9,4,-8,4,-8,3,-7,2,-6,1,-6,1,-5,0,-5,0,-4,0,-3,-1,-3,-1,-2,-1,-1,-1,-1,-2,0,-2,1,-2,1,-2,2,0,0,-2,3,-3,4,-3,4,-3,5,-4,5,-4,6,-4,6,-5,6,-5,6,-6,6,-6,6,-6,5,-6,5,-6,5,-7,4,-7,4,-7,4,-6,4,-7,3,-6,3,-7,2,-7,2,-7,1,-6,0,-6,-1,-6,-1,0,0,0,0,0,0,0,0,0,0,0,0,0,0,-48,-92,-51,-94,-51,-80,-46,-79,-48,-74,-33,-69,-44,-67,-39,-58,-39,-52,-34,-48,-34,-46,-37,-41,-32,-38,-34,-33,-34,-28,-32,-23,-32,-16,-28,-15,-20,-12,-20,-11,-16,-7,-16,-6,-12,-2,-7,-1,-7,-1,-6,2,-1,3,5,8,6,7,3,8,12,9,14,15,18,13,19,15,21,21,23,19,21,28,25,23,22,31,21,31,20,31,19,33,24,35,21,35,14,31,16,36,12,35,8,33,8,30,12,32,7,28,4,30,-3,30,-2,32,-4,33,-4,26,-10,21,0,0,0,0,0,0,0,0,0,0,0,0,0,0,0,0,0,0,0,0,0,0,-66,25,-63,11,-67,13,-68,10,-65,7,-61,3,-60,2,-57,1,-56,5,-57,4,-52,0,-48,6,-45,10,-37,1,-34,2,-37,4,-31,5,-26,6,-21,8,-14,6,-15,9,-8,15,-3,11,2,8,2,13,16,9,17,16,23,13,28,14,28,16,31,14,37,13,39,16,41,6,46,9,48,7,54,4,59,-1,62,-8,67,-11,62,-7,70,-14,67,-16,78,-26,63,-22,77,-23,76,-26,79,-35,85,-37,89,-46,81,-48,89,-59,93,-51,90,-56,96,-66,92,-60,101,-52,0,0]"
CSI_DATA,265,1a:00:00:00:00:00,-50,11,1,0,1,1,1,0,0,0,1,-96,0,11,2,3689466,0,44,0,384,0,"[0,0,0,0,0,0,0,0,0,0,0,0,-4,15,-4,15,-3,14,-3,14,-2,12,-2,11,-1,11,-1,10,-1,9,0,8,0,7,0,7,0,6,1,5,1,4,1,4,1,3,1,2,1,1,1,0,1,0,1,-1,0,-2,0,-2,0,-3,0,-3,0,0,0,-5,0,-6,0,-6,0,-7,0,-7,0,-8,0,-8,1,-8,1,-9,1,-9,2,-9,2,-8,2,-8,3,-8,3,-8,3,-8,3,-7,3,-7,3,-7,4,-6,4,-6,4,-5,4,-5,5,-4,5,-3,5,-2,0,0,0,0,0,0,0,0,0,0,0,0,0,0,40,27,38,25,42,22,36,20,36,18,34,20,32,16,32,13,29,11,26,12,28,9,26,7,21,7,19,7,18,4,16,3,16,2,13,1,10,-1,11,0,9,0,7,-3,2,-4,2,-2,1,-4,1,-3,-4,-3,-3,-4,-5,-3,-7,-2,-9,-5,-12,-5,-10,-5,-14,-5,-16,-6,-16,-7,-16,-10,-17,-9,-18,-8,-17,-12,-17,-9,-16,-12,-18,-10,-16,-12,-14,-12,-15,-15,-15,-14,-12,-13,-14,-14,-11,-16,-12,-14,-11,-13,-8,-15,-7,-15,-5,-13,-3,-14,-2,-13,0,0,0,0,0,0,0,0,0,0,0,0,0,0,0,0,0,0,0,0,0,0,21,-27,23,-24,22,-22,24,-22,25,-18,26,-17,24,-16,25,-17,24,-17,22,-14,23,-14,19,-12,20,-13,16,-9,15,-9,14,-9,11,-9,8,-8,7,-7,6,-5,4,-7,2,-6,-2,-4,-5,-2,-7,-1,-8,-1,-13,-2,-11,0,-15,2,-18,4,-18,1,-20,4,-21,5,-20,7,-21,10,-23,10,-23,12,-24,17,-26,15,-26,20,-24,20,-26,23,-29,25,-26,28,-27,30,-25,33,-26,33,-27,37,-26,36,-27,40,-27,41,-24,44,-29,44,-24,42,-29,49,-27,50,-27,49,0,0]"
CSI_DATA,266,1a:00:00:00:00:00,-49,11,1,0,1,1,1,0,0,0,1,-96,0,11,2,3699977,0,44,0,384,0,"[0,0,0,0,0,0,0,0,0,0,0,0,16,3,15,2,14,2,14,2,13,1,11,1,11,0,10,0,9,0,8,0,8,-1,7,-1,6,-1,5,-2,4,-2,4,-2,3,-2,2,-2,2,-2,1,-2,0,-2,-1,-2,-1,-2,-2,-2,-3,-2,-3,-1,0,0,-5,-1,-5,-1,-6,-1,-7,-1,-7,-2,-7,-2,-8,-2,-8,-2,-8,-3,-8,-3,-8,-4,-8,-4,-8,-4,-8,-4,-7,-4,-7,-5,-7,-5,-6,-5,-6,-5,-6,-5,-5,-6,-5,-6,-4,-6,-3,-6,-3,-6,-2,-6,0,0,0,0,0,0,0,0,0,0,0,0,0,0,26,-42,29,-41,21,-41,22,-39,21,-39,21,-35,18,-33,17,-32,15,-31,13,-27,9,-26,9,-22,8,-23,6,-21,6,-20,2,-18,3,-17,2,-14,1,-12,1,-10,-1,-11,-2,-8,-2,-4,-2,-6,-2,-2,-4,-3,-6,0,-4,3,-4,5,-4,6,-7,6,-7,8,-7,10,-7,12,-10,12,-8,12,-9,15,-11,15,-12,15,-12,16,-12,15,-13,13,-15,14,-16,13,-14,12,-17,13,-16,14,-17,10,-16,10,-16,9,-14,6,-16,6,-16,6,-14,1,-16,2,-14,1,-14,-3,0,0,0,0,0,0,0,0,0,0,0,0,0,0,0,0,0,0,0,0,0,0,-28,-20,-24,-21,-23,-21,-22,-23,-20,-23,-16,-24,-19,-22,-17,-21,-17,-22,-15,-21,-15,-23,-14,-17,-14,-17,-12,-16,-9,-12,-9,-10,-8,-11,-8,-11,-5,-9,-6,-5,-5,-5,-3,0,-2,4,0,4,1,7,2,10,0,11,0,13,1,16,3,16,4,18,4,20,7,24,9,21,11,24,12,24,14,24,16,23,17,26,21,28,20,26,23,27,23,27,30,29,29,26,30,25,30,26,37,26,37,25,39,28,41,27,43,26,42,29,44,29,45,31,46,28,47,30,0,0]"
CSI_DATA,267,1a:00:00:00:00:00,-50,11,1,0,1,1,1,0,0,0,1,-96,0,11,2,3710462,0,44,0,384,0,"[0,0,0,0,0,0,0,0,0,0,0,0,0,-17,-1,-16,-2,-15,-1,-15,-2,-13,-1,-12,-2,-12,-2,-10,-2,-10,-2,-9,-2,-8,-3,-7,-3,-7,-3,-6,-2,-5,-3,-4,-3,-4,-2,-3,-2,-2,-2,-2,-2,-1,-2,0,-1,0,-1,1,-1,2,-1,2,0,0,0,4,-1,4,0,5,0,5,0,6,-1,6,-1,7,-1,7,-1,7,-2,7,-2,7,-3,7,-3,7,-3,7,-3,6,-3,6,-3,6,-4,6,-4,5,-4,5,-4,4,-5,4,-5,4,-5,3,-5,2,-5,1,0,0,0,0,0,0,0,0,0,0,0,0,0,0,-47,-20,-47,-17,-48,-15,-43,-14,-41,-13,-38,-14,-40,-11,-36,-10,-31,-10,-30,-6,-28,-5,-26,-4,-28,-4,-25,-3,-21,-4,-20,-2,-19,0,-16,0,-16,0,-11,2,-10,1,-9,2,-5,3,-6,2,-1,3,-1,4,-2,3,3,5,4,2,6,4,7,2,9,3,10,2,11,2,13,5,12,5,17,3,14,5,16,5,16,9,15,9,16,11,15,12,15,10,14,11,13,13,14,13,13,13,12,13,9,13,9,13,9,13,7,11,4,15,3,14,2,10,-1,12,0,0,0,0,0,0,0,0,0,0,0,0,0,0,0,0,0,0,0,0,0,0,-6,33,-10,30,-11,31,-12,31,-15,29,-15,26,-15,23,-14,22,-13,22,-13,22,-15,19,-13,17,-11,19,-11,15,-9,14,-9,11,-6,10,-6,8,-4,7,-3,6,0,5,1,2,3,0,6,-2,7,-2,11,-5,12,-4,13,-5,16,-6,17,-9,16,-9,18,-14,19,-16,17,-15,23,-17,19,-18,18,-21,20,-22,20,-25,20,-28,22,-28,19,-31,20,-30,18,-37,16,-35,19,-37,18,-42,13,-44,16,-44,17,-47,16,-50,12,-52,16,-49,15,-52,16,-54,13,-55,17,-55,0,0]"
CSI_DATA,268,1a:00:00:00:00:00,-49,11,1,0,1,1,1,0,0,0,1,-96,0,11,2,3719481,0,44,0,384,0,"[0,0,0,0,0,0,0,0,0,0,0,0,-4,15,-4,15,-2,14,-3,13,-3,12,-3,11,-1,11,-1,10,-1,9,-1,8,-1,8,0,7,0,6,0,5,0,4,1,4,1,3,1,2,1,2,1,1,1,0,1,0,1,-1,1,-2,1,-2,0,-3,0,0,0,-4,1,-5,1,-6,1,-6,1,-7,1,-7,2,-7,2,-8,2,-8,3,-8,3,-8,4,-7,4,-7,4,-7,4,-6,4,-6,4,-6,4,-6,4,-5,4,-5,5,-4,5,-4,5,-3,5,-2,5,-1,5,-1,0,0,0,0,0,0,0,0,0,0,0,0,0,0,46,26,39,26,43,25,37,22,37,22,34,19,34,17,34,17,31,15,28,16,27,10,23,9,24,8,22,8,21,7,18,4,19,4,14,3,12,2,11,1,10,-2,8,0,6,-1,4,-1,3,-1,0,-3,-1,-4,-3,-4,-2,-6,-6,-6,-8,-6,-11,-7,-9,-7,-13,-7,-11,-6,-14,-11,-15,-10,-13,-10,-15,-12,-14,-13,-15,-14,-17,-14,-16,-17,-12,-16,-10,-14,-11,-18,-10,-15,-8,-14,-8,-15,-7,-16,-6,-15,-4,-15,-4,-16,-1,-17,-1,-14,0,-12,4,-11,0,0,0,0,0,0,0,0,0,0,0,0,0,0,0,0,0,0,0,0,0,0,9,-34,13,-30,14,-30,15,-29,17,-27,18,-25,16,-22,19,-21,16,-22,16,-20,14,-18,14,-18,14,-19,12,-13,12,-13,10,-10,8,-11,5,-9,3,-7,3,-4,-1,-2,-1,-4,-4,-1,-5,0,-9,2,-11,2,-10,3,-14,5,-17,5,-17,8,-17,7,-21,9,-21,10,-20,11,-25,14,-22,15,-22,18,-23,19,-23,20,-24,25,-26,26,-24,29,-24,29,-21,32,-23,32,-22,37,-24,37,-25,39,-23,44,-27,43,-25,47,-23,47,-27,48,-22,46,-28,51,-25,51,-26,49,0,0]"
CSI_DATA,269,1a:00:00:00:00:00,-49,11,1,0,1,1,1,0,0,0,1,-96,0,11,2,3749571,0,44,0,384,0,"[0,0,0,0,0,0,0,0,0,0,0,0,-17,-1,-16,-1,-15,0,-14,-1,-13,0,-12,0,-11,1,-10,1,-10,1,-8,1,-8,1,-7,1,-6,1,-5,2,-5,1,-4,2,-3,1,-2,1,-2,1,-1,1,0,1,0,1,1,1,2,0,2,0,3,0,0,0,4,0,5,-1,5,-1,6,-1,6,0,7,0,7,0,7,0,8,0,8,1,8,1,8,2,7,2,7,2,7,2,7,3,6,3,6,3,6,3,5,3,5,4,4,4,4,4,3,4,2,4,1,4,0,0,0,0,0,0,0,0,0,0,0,0,0,0,-24,42,-22,43,-17,43,-19,36,-18,37,-17,33,-14,32,-14,32,-12,29,-11,27,-7,29,-8,24,-8,24,-4,19,-4,18,-2,16,-1,14,0,12,1,11,1,9,1,8,1,6,0,3,2,2,3,2,2,-2,6,-2,1,-4,5,-6,4,-8,4,-8,6,-13,7,-13,7,-13,6,-15,8,-15,9,-17,8,-16,11,-16,11,-17,13,-17,13,-16,13,-16,13,-15,13,-14,13,-15,15,-12,14,-14,13,-10,14,-8,13,-9,13,-8,13,-6,15,-5,12,-3,14,0,10,1,0,0,0,0,0,0,0,0,0,0,0,0,0,0,0,0,0,0,0,0,0,0,29,13,27,16,25,17,23,17,24,19,20,18,18,17,18,18,15,19,14,17,15,17,12,15,11,16,9,15,4,11,6,10,5,9,2,7,3,5,0,4,-1,-1,-4,-2,-1,-4,-7,-6,-6,-8,-8,-9,-8,-10,-10,-11,-9,-14,-14,-17,-13,-16,-14,-20,-15,-20,-16,-20,-18,-20,-18,-22,-20,-21,-26,-22,-25,-22,-31,-21,-29,-23,-32,-22,-32,-24,-37,-24,-36,-20,-37,-20,-37,-22,-44,-21,-44,-21,-45,-24,-47,-22,-49,-23,-49,-26,-51,-21,-50,-24,-51,-21,-50,-24,0,0]"
CSI_DATA,270,1a:00:00:00:00:00,-49,11,1,0,1,1,1,0,0,0,1,-96,0,11,2,3759731,0,44,0,384,0,"[0,0,0,0,0,0,0,0,0,0,0,0,-2,15,-2,14,-1,14,-1,13,-1,12,-1,11,0,10,0,9,0,8,0,7,1,7,1,6,1,5,1,4,1,3,1,3,1,2,1,1,1,1,1,0,1,-1,1,-2,1,-2,0,-3,0,-4,0,-4,0,0,0,-5,0,-6,0,-7,-1,-7,0,-7,0,-8,0,-8,0,-9,1,-9,1,-9,1,-9,2,-9,2,-9,2,-8,2,-8,3,-8,3,-8,3,-7,3,-7,3,-6,4,-6,4,-5,4,-5,4,-4,4,-3,4,-2,0,0,0,0,0,0,0,0,0,0,0,0,0,0,42,26,36,27,40,21,35,19,37,21,30,18,31,16,30,14,27,14,24,12,25,10,23,8,21,7,19,6,17,5,15,2,17,2,12,1,9,-2,10,0,6,-1,5,-2,5,-2,1,-4,0,-2,-2,-6,-1,-6,-5,-5,-4,-6,-7,-6,-10,-7,-10,-5,-12,-8,-15,-6,-15,-10,-14,-9,-15,-9,-17,-10,-17,-12,-16,-12,-17,-13,-18,-15,-17,-14,-13,-13,-15,-13,-14,-15,-13,-15,-12,-16,-12,-15,-8,-14,-9,-13,-8,-15,-8,-14,-4,-15,-1,-15,-2,-13,0,-12,0,0,0,0,0,0,0,0,0,0,0,0,0,0,0,0,0,0,0,0,0,0,21,-23,24,-20,23,-17,24,-18,25,-16,25,-14,24,-12,23,-10,22,-12,22,-6,21,-7,17,-7,16,-6,16,-5,14,-5,13,-1,10,-2,6,-2,4,2,2,2,1,2,-3,3,-3,5,-4,3,-8,5,-11,5,-14,8,-16,7,-16,6,-18,10,-18,9,-21,11,-24,13,-24,12,-25,13,-25,14,-26,16,-26,20,-26,21,-25,24,-29,24,-27,27,-30,27,-27,31,-27,32,-27,33,-27,35,-28,36,-27,38,-27,43,-30,42,-28,45,-29,44,-31,43,-30,48,-32,48,-30,46,0,0]"
CSI_DATA,271,1a:00:00:00:00:00,-49,11,1,0,1,1,1,0,0,0,1,-96,0,11,2,3769769,0,44,0,384,0,"[0,0,0,0,0,0,0,0,0,0,0,0,-3,-16,-3,-14,-4,-14,-3,-13,-3,-12,-3,-11,-4,-10,-3,-9,-3,-8,-3,-7,-3,-7,-3,-6,-3,-5,-3,-4,-3,-4,-3,-3,-3,-2,-3,-2,-2,-1,-2,0,-2,0,-1,1,-1,1,-1,2,-1,3,0,3,0,0,0,4,0,5,1,6,1,6,1,6,1,7,1,7,1,7,1,8,0,8,-1,8,-1,8,-1,8,-1,7,-2,7,-2,7,-2,7,-2,6,-3,6,-3,6,-3,5,-3,5,-4,5,-4,4,-5,3,-5,2,0,0,0,0,0,0,0,0,0,0,0,0,0,0,-50,-5,-48,-7,-47,-2,-41,-2,-41,0,-37,-3,-34,0,-36,0,-32,1,-28,2,-28,3,-25,5,-24,4,-20,3,-19,3,-15,4,-15,4,-11,3,-10,4,-6,5,-8,7,-4,4,-2,4,-3,5,1,3,2,2,5,3,7,3,6,0,9,1,10,0,14,-1,12,-2,16,0,16,-1,18,-1,18,0,21,0,19,3,19,0,20,2,21,4,19,2,18,5,20,4,18,5,17,7,18,7,14,7,14,7,16,5,13,8,11,9,10,10,9,10,8,10,5,10,0,0,0,0,0,0,0,0,0,0,0,0,0,0,0,0,0,0,0,0,0,0,-11,28,-12,27,-13,27,-17,27,-17,25,-17,23,-14,21,-16,19,-17,19,-17,15,-18,16,-16,14,-14,13,-15,10,-14,7,-11,7,-8,6,-9,4,-9,-1,-4,-1,-4,-2,-1,-5,0,-5,3,-10,4,-12,3,-13,9,-12,9,-17,7,-15,13,-19,13,-18,14,-22,13,-23,12,-22,13,-25,13,-27,12,-27,13,-28,13,-31,12,-35,13,-37,9,-39,9,-39,8,-42,8,-40,4,-41,5,-44,3,-48,4,-51,4,-50,5,-51,1,-52,1,-55,2,-52,3,-57,2,-56,2,-52,0,0]"
CSI_DATA,272,1a:00:00:00:00:00,-49,11,1,0,1,1,1,0,0,0,1,-96,0,11,2,3779475,0,44,0,384,0,"[0,0,0,0,0,0,0,0,0,0,0,0,4,14,4,14,5,12,4,12,4,10,4,10,4,9,4,8,3,7,4,6,3,5,4,4,3,4,3,3,3,2,3,1,2,1,2,0,2,0,1,-1,1,-2,0,-2,0,-3,0,-3,-1,-4,-1,-4,0,0,-2,-6,-2,-6,-3,-7,-3,-7,-3,-8,-3,-8,-3,-8,-2,-9,-2,-9,-2,-9,-2,-10,-1,-9,-1,-9,-1,-9,0,-9,0,-9,0,-8,0,-8,1,-8,1,-7,2,-7,2,-7,2,-6,3,-6,3,-5,3,-4,0,0,0,0,0,0,0,0,0,0,0,0,0,0,51,5,47,8,44,4,42,3,39,2,37,1,33,2,31,2,29,0,27,1,26,-3,23,-3,21,-5,18,-2,17,-4,14,-4,12,-5,11,-7,7,-6,7,-5,5,-6,3,-5,1,-6,-1,-6,-2,-5,-3,-4,-5,-4,-7,-4,-7,-5,-11,-3,-13,-2,-14,-1,-14,-2,-17,-3,-20,-1,-19,-2,-21,-2,-19,-4,-19,-4,-21,-4,-21,-6,-20,-6,-21,-7,-23,-7,-18,-7,-22,-10,-16,-9,-18,-8,-16,-11,-15,-10,-15,-9,-14,-9,-12,-12,-10,-12,-8,-12,-6,-11,-3,-11,0,0,0,0,0,0,0,0,0,0,0,0,0,0,0,0,0,0,0,0,0,0,13,-27,13,-26,15,-25,14,-27,17,-21,18,-22,15,-18,17,-19,18,-17,15,-18,17,-14,15,-12,15,-13,17,-11,12,-8,11,-5,11,-4,9,-4,9,-1,7,2,3,4,1,6,1,9,-3,10,-2,9,-7,12,-8,13,-9,14,-10,16,-11,18,-10,19,-15,21,-16,22,-15,23,-15,27,-15,27,-13,27,-15,31,-14,32,-14,37,-13,36,-12,37,-13,40,-11,42,-9,40,-7,47,-6,46,-7,45,-7,48,-7,50,-9,50,-6,52,-8,53,-4,49,-8,57,-5,54,-8,55,0,0]"
CSI_DATA,273,1a:00:00:00:00:00,-49,11,1,0,1,1,1,0,0,0,1,-96,0,11,2,3789454,0,44,0,384,0,"[0,0,0,0,0,0,0,0,0,0,0,0,-15,2,-14,2,-13,2,-13,2,-11,2,-11,2,-9,2,-9,2,-8,2,-7,2,-6,2,-5,3,-5,2,-4,2,-3,2,-3,2,-2,2,-1,2,-1,1,0,1,0,1,1,1,1,1,2,0,3,0,3,0,0,0,5,-1,5,0,6,-1,6,-1,6,-1,7,0,7,0,7,0,8,0,8,1,8,1,8,2,7,2,7,2,7,2,7,3,6,3,6,3,6,3,5,3,5,3,4,4,3,4,3,4,2,4,1,4,0,0,0,0,0,0,0,0,0,0,0,0,0,0,-24,42,-23,40,-19,40,-17,36,-18,37,-18,31,-15,31,-14,30,-11,26,-11,25,-8,22,-7,23,-8,21,-4,18,-5,15,-2,16,-1,14,-2,12,1,12,1,8,2,7,3,5,3,2,5,3,5,-1,5,0,5,-4,6,-6,6,-6,6,-8,6,-9,9,-11,7,-11,10,-14,9,-13,12,-12,13,-17,11,-17,13,-16,13,-15,14,-15,16,-13,15,-14,17,-11,17,-12,17,-9,18,-12,18,-10,16,-10,16,-6,15,-6,15,-6,15,-2,13,-1,14,0,12,2,13,3,0,0,0,0,0,0,0,0,0,0,0,0,0,0,0,0,0,0,0,0,0,0,28,12,26,14,26,15,23,17,21,17,20,18,17,15,15,18,17,19,14,18,13,18,11,16,10,14,9,16,6,14,3,12,3,11,0,9,-1,7,-2,7,-4,2,-7,1,-8,-1,-10,-4,-11,-6,-12,-7,-13,-10,-14,-12,-13,-11,-17,-13,-16,-14,-19,-17,-19,-15,-19,-17,-21,-18,-24,-22,-24,-20,-25,-19,-29,-20,-31,-20,-31,-22,-36,-20,-34,-20,-39,-19,-40,-19,-38,-18,-42,-21,-42,-17,-45,-19,-46,-21,-46,-20,-51,-19,-53,-25,-47,-22,-53,-22,-51,-23,-50,-23,0,0]"
CSI_DATA,274,1a:00:00:00:00:00,-49,11,1,0,1,1,1,0,0,0,1,-96,0,11,2,3799597,0,44,0,384,0,"[0,0,0,0,0,0,0,0,0,0,0,0,1,14,2,13,2,12,2,11,2,10,1,9,2,8,2,7,2,7,2,6,2,5,2,4,2,4,2,3,2,2,2,1,2,1,2,0,1,0,1,-1,1,-2,1,-2,1,-3,0,-3,0,-4,0,-5,0,0,-1,-6,0,-6,-1,-7,-1,-7,0,-8,0,-8,0,-8,0,-8,0,-9,1,-9,1,-9,2,-8,2,-8,2,-8,2,-8,2,-8,2,-7,2,-7,3,-7,3,-6,3,-6,3,-5,3,-5,4,-4,4,-3,4,-2,0,0,0,0,0,0,0,0,0,0,0,0,0,0,45,10,45,8,45,5,39,6,38,6,35,7,33,4,33,4,28,1,27,0,24,0,22,0,20,-3,16,-3,17,-2,14,-7,12,-5,10,-4,11,-6,6,-5,3,-7,2,-7,1,-4,0,-7,-2,-5,-2,-5,-5,-6,-7,-4,-8,-6,-11,-4,-9,-5,-14,-5,-12,-7,-14,-7,-15,-6,-19,-8,-17,-8,-19,-10,-17,-10,-18,-13,-17,-10,-18,-13,-18,-15,-16,-15,-15,-14,-15,-12,-13,-17,-13,-16,-12,-15,-10,-13,-9,-15,-9,-15,-5,-15,-4,-15,-3,-15,-2,-13,1,-12,0,0,0,0,0,0,0,0,0,0,0,0,0,0,0,0,0,0,0,0,0,0,1,-31,4,-32,4,-29,7,-29,8,-28,10,-28,8,-23,12,-24,10,-22,11,-22,11,-20,11,-16,13,-18,11,-14,12,-10,10,-9,10,-7,8,-3,7,-3,5,0,5,0,4,3,3,5,1,9,2,11,-1,13,-6,14,-5,15,-8,15,-9,20,-8,18,-9,23,-11,24,-9,24,-12,27,-10,29,-8,28,-8,32,-10,31,-8,35,-10,35,-6,36,-8,41,-6,40,-6,42,-7,43,-6,42,-4,43,-4,46,-3,50,-5,51,-2,51,-5,54,-5,49,-3,54,-4,54,-4,54,0,0]"
CSI_DATA,275,1a:00:00:00:00:00,-49,11,1,0,1,1,1,0,0,0,1,-96,0,11,2,3809462,0,44,0,384,0,"[0,0,0,0,0,0,0,0,0,0,0,0,6,12,6,11,7,10,6,9,6,8,5,7,5,7,5,6,4,5,4,4,4,4,4,3,3,2,3,2,3,1,3,0,2,0,2,-1,1,-1,1,-2,1,-2,0,-3,0,-3,0,-4,-1,-4,-1,-5,0,0,-2,-6,-2,-6,-2,-7,-3,-7,-2,-8,-2,-8,-2,-8,-2,-9,-2,-9,-1,-9,-1,-9,0,-9,0,-9,0,-8,1,-8,1,-8,1,-8,1,-7,1,-7,2,-7,2,-6,2,-6,3,-5,3,-5,4,-4,3,-3,0,0,0,0,0,0,0,0,0,0,0,0,0,0,48,-2,44,-1,41,-5,38,-5,38,-6,35,-4,32,-4,31,-4,29,-6,25,-5,25,-6,20,-5,21,-6,17,-5,15,-7,13,-8,11,-9,9,-9,7,-8,5,-6,3,-7,1,-8,0,-4,-2,-6,-3,-6,-6,-4,-7,-6,-7,-3,-10,-4,-13,-3,-12,-4,-13,-3,-18,-3,-17,-4,-18,-4,-19,-5,-20,-5,-20,-5,-21,-8,-21,-6,-21,-8,-21,-8,-22,-10,-20,-9,-18,-13,-19,-13,-18,-12,-17,-13,-14,-9,-13,-12,-13,-11,-9,-12,-10,-12,-6,-14,-7,-13,-4,-12,-2,-11,0,0,0,0,0,0,0,0,0,0,0,0,0,0,0,0,0,0,0,0,0,0,-7,-34,-2,-30,0,-31,2,-30,3,-30,5,-27,5,-25,7,-24,6,-26,8,-21,9,-20,8,-19,9,-18,9,-16,9,-12,8,-11,8,-10,9,-7,9,-5,7,-1,6,-1,7,4,4,6,3,7,3,11,2,13,-1,14,-2,15,-3,15,-2,21,-5,19,-3,22,-5,24,-3,23,-4,27,-3,28,-4,31,-2,33,-3,34,1,36,-2,36,1,38,1,37,2,41,4,38,3,45,5,45,5,43,6,46,6,50,7,48,8,51,6,51,5,51,5,53,7,52,6,52,0,0]"
CSI_DATA,276,1a:00:00:00:00:00,-49,11,1,0,1,1,1,0,0,0,1,-96,0,11,2,3819462,0,44,0,384,0,"[0,0,0,0,0,0,0,0,0,0,0,0,-15,1,-14,1,-13,2,-13,1,-11,2,-11,1,-10,2,-9,2,-8,2,-7,2,-6,2,-5,2,-5,2,-4,2,-3,2,-2,2,-2,2,-1,2,0,2,0,2,1,1,2,1,2,1,3,1,4,1,4,1,0,0,6,1,6,1,7,1,7,0,7,1,8,1,8,1,8,2,8,2,8,2,8,2,8,3,7,3,7,3,7,4,7,4,6,4,6,4,5,4,5,4,4,4,3,4,3,4,2,5,2,5,1,4,0,0,0,0,0,0,0,0,0,0,0,0,0,0,-21,42,-19,41,-15,39,-17,36,-14,35,-13,33,-12,30,-11,29,-8,25,-9,25,-4,22,-4,21,-4,21,-3,17,-2,17,-1,14,1,11,1,8,3,8,4,7,3,6,5,5,6,1,5,0,5,-1,7,-4,7,-3,6,-7,8,-6,7,-11,7,-10,9,-13,11,-11,13,-13,12,-15,12,-15,14,-15,16,-15,15,-14,15,-15,16,-15,17,-15,18,-13,18,-11,17,-11,18,-10,18,-10,17,-9,17,-7,15,-5,17,-6,14,-5,14,-2,16,0,13,0,11,1,12,4,0,0,0,0,0,0,0,0,0,0,0,0,0,0,0,0,0,0,0,0,0,0,29,6,28,10,27,11,27,13,23,16,23,15,19,17,20,17,19,16,15,17,16,17,14,16,13,16,12,16,6,16,5,13,3,12,0,10,0,9,-2,7,-4,6,-7,5,-8,4,-11,-2,-13,-1,-14,-5,-13,-6,-17,-7,-14,-6,-19,-11,-18,-10,-22,-14,-20,-15,-23,-15,-25,-15,-25,-14,-26,-15,-30,-15,-30,-15,-32,-15,-34,-17,-35,-13,-37,-17,-40,-16,-38,-15,-38,-13,-43,-17,-45,-12,-45,-15,-48,-17,-47,-15,-51,-14,-52,-18,-49,-16,-53,-15,-52,-16,-50,-17,0,0]"
CSI_DATA,277,1a:00:00:00:00:00,-49,11,1,0,1,1,1,0,0,0,1,-96,0,11,2,3829473,0,44,0,384,0,"[0,0,0,0,0,0,0,0,0,0,0,0,8,-12,6,-11,6,-11,5,-10,5,-10,4,-8,3,-8,3,-8,2,-7,1,-7,1,-6,0,-6,0,-5,-1,-4,-1,-4,-2,-4,-2,-3,-2,-2,-2,-2,-3,-1,-3,-1,-4,0,-4,0,-4,1,-5,2,-5,2,0,0,-5,3,-6,4,-6,4,-6,4,-7,4,-7,4,-7,4,-8,4,-8,4,-8,4,-9,4,-8,3,-8,3,-8,2,-8,2,-8,2,-8,1,-8,1,-8,0,-7,0,-7,-1,-7,-1,-7,-1,-6,-2,-6,-3,-5,-3,0,0,0,0,0,0,0,0,0,0,0,0,0,0,-24,-44,-22,-41,-24,-36,-22,-35,-21,-32,-17,-29,-16,-27,-19,-28,-16,-22,-15,-21,-16,-19,-16,-16,-16,-15,-14,-13,-13,-11,-12,-9,-11,-6,-13,-5,-11,-4,-9,-1,-10,1,-7,0,-5,3,-6,5,-3,5,-5,8,-3,9,-1,8,-2,11,1,12,2,12,3,15,0,14,4,16,3,19,2,19,3,20,1,21,1,22,2,22,-1,22,-3,22,-3,22,-5,22,-4,21,-5,20,-5,18,-5,18,-6,18,-6,16,-8,15,-8,14,-8,13,-9,11,-10,11,-11,8,-11,7,0,0,0,0,0,0,0,0,0,0,0,0,0,0,0,0,0,0,0,0,0,0,-27,19,-31,14,-29,12,-30,12,-29,9,-26,4,-27,6,-26,3,-27,3,-25,2,-25,-1,-24,-1,-22,-1,-20,-4,-17,-4,-14,-6,-14,-5,-9,-5,-8,-7,-4,-8,-1,-10,0,-8,3,-9,4,-8,7,-8,11,-8,12,-9,14,-9,17,-7,20,-11,20,-8,23,-9,22,-8,23,-8,27,-11,26,-10,26,-12,29,-13,32,-13,33,-18,33,-18,33,-18,35,-19,34,-22,35,-22,35,-28,37,-27,37,-26,40,-27,42,-29,41,-28,41,-31,46,-30,41,-27,45,-32,45,-32,45,-29,0,0]"
CSI_DATA,278,1a:00:00:00:00:00,-49,11,1,0,1,1,1,0,0,0,1,-96,0,11,2,3839473,0,44,0,384,0,"[0,0,0,0,0,0,0,0,0,0,0,0,7,12,7,10,7,9,7,9,6,8,6,7,6,6,5,5,5,5,5,3,4,3,4,2,4,1,4,1,3,0,3,-1,2,-1,2,-2,2,-2,1,-3,1,-3,0,-4,0,-4,-1,-5,-1,-5,-1,-6,0,0,-2,-7,-2,-8,-2,-8,-3,-9,-2,-9,-2,-9,-2,-10,-2,-10,-2,-10,-1,-10,-1,-10,0,-10,0,-10,0,-9,1,-9,1,-9,1,-9,1,-8,2,-8,2,-7,2,-7,3,-6,3,-6,3,-5,4,-4,4,-3,0,0,0,0,0,0,0,0,0,0,0,0,0,0,46,-12,40,-10,40,-15,35,-11,35,-15,33,-11,30,-11,29,-11,24,-11,21,-11,21,-13,18,-9,16,-12,13,-9,13,-11,8,-11,6,-12,4,-9,3,-8,1,-10,1,-9,-2,-8,-4,-5,-5,-7,-6,-6,-8,-5,-8,-4,-11,-5,-12,-3,-15,-4,-15,-3,-17,-3,-18,-3,-19,0,-20,0,-22,-2,-22,-1,-22,-2,-22,-6,-24,-4,-22,-6,-23,-6,-21,-5,-23,-7,-21,-9,-21,-7,-20,-11,-18,-9,-18,-9,-16,-11,-15,-11,-14,-9,-11,-10,-11,-11,-9,-13,-8,-11,-5,-12,0,0,0,0,0,0,0,0,0,0,0,0,0,0,0,0,0,0,0,0,0,0,-11,-29,-7,-31,-6,-30,-4,-32,-1,-30,0,-32,0,-28,2,-29,3,-27,3,-25,7,-23,7,-21,5,-22,6,-20,9,-17,9,-13,8,-14,8,-10,9,-6,8,-4,8,-1,9,0,7,4,10,8,7,8,6,11,4,12,4,13,2,17,5,20,2,19,2,23,4,23,4,23,0,29,3,26,4,29,7,29,6,32,10,35,7,35,9,37,10,36,13,39,14,37,13,42,14,41,16,41,17,44,18,44,19,46,21,44,20,48,18,46,21,50,19,50,16,49,0,0]"
CSI_DATA,279,1a:00:00:00:00:00,-49,11,1,0,1,1,1,0,0,0,1,-96,0,11,2,3859838,0,44,0,384,0,"[0,0,0,0,0,0,0,0,0,0,0,0,7,-12,6,-11,5,-11,5,-10,4,-9,4,-8,3,-8,2,-7,2,-7,1,-6,0,-6,0,-5,-1,-4,-1,-4,-2,-3,-2,-3,-3,-2,-3,-2,-3,-1,-4,0,-4,0,-4,1,-4,1,-5,2,-5,3,-5,3,0,0,-6,4,-6,5,-7,5,-7,5,-7,5,-8,5,-8,5,-8,5,-9,5,-9,5,-9,5,-9,4,-9,3,-9,3,-9,3,-9,2,-8,2,-8,2,-8,1,-8,1,-8,0,-7,0,-7,-1,-6,-1,-6,-2,-5,-3,0,0,0,0,0,0,0,0,0,0,0,0,0,0,-30,-36,-26,-34,-30,-31,-24,-28,-23,-24,-21,-24,-22,-22,-20,-20,-21,-18,-20,-17,-20,-12,-16,-12,-14,-10,-13,-7,-13,-9,-13,-2,-13,-2,-10,-1,-9,1,-9,2,-8,2,-6,4,-5,7,-4,7,-2,7,-2,9,0,9,2,12,1,12,4,13,4,13,5,17,3,16,6,18,9,19,7,22,7,22,8,20,5,23,6,23,4,22,4,24,4,24,1,23,2,22,1,21,-1,21,-3,20,-3,19,-6,18,-3,17,-5,17,-5,13,-8,13,-9,12,-10,11,-11,9,0,0,0,0,0,0,0,0,0,0,0,0,0,0,0,0,0,0,0,0,0,0,-24,22,-27,18,-26,15,-27,15,-24,12,-28,9,-26,10,-25,7,-27,5,-27,4,-25,1,-21,2,-22,3,-19,0,-18,-3,-16,-3,-14,-3,-13,-7,-11,-8,-8,-7,-3,-9,-2,-10,-1,-11,3,-10,4,-11,5,-11,7,-11,11,-11,14,-12,14,-13,17,-10,19,-12,20,-11,21,-15,23,-17,21,-16,22,-14,23,-21,26,-19,26,-22,27,-22,26,-28,28,-26,26,-28,29,-27,25,-31,29,-30,32,-33,30,-34,33,-36,33,-37,30,-37,37,-37,33,-36,36,-43,33,-39,39,-36,0,0]"
CSI_DATA,280,1a:00:00:00:00:00,-49,11,1,0,1,1,1,0,0,0,1,-96,0,11,2,3869454,0,44,0,384,0,"[0,0,0,0,0,0,0,0,0,0,0,0,12,5,11,4,10,3,10,3,9,2,8,2,7,1,7,0,6,0,5,-1,4,-1,4,-2,3,-2,2,-2,2,-3,1,-3,0,-3,0,-3,-1,-3,-2,-4,-2,-4,-3,-4,-3,-4,-4,-4,-5,-4,-6,-4,0,0,-7,-5,-7,-5,-8,-6,-8,-5,-8,-6,-9,-6,-9,-6,-8,-7,-9,-7,-8,-7,-8,-8,-7,-8,-7,-8,-7,-8,-6,-8,-6,-8,-5,-8,-5,-7,-4,-7,-4,-7,-3,-7,-3,-7,-2,-7,-2,-7,-1,-6,0,-6,0,0,0,0,0,0,0,0,0,0,0,0,0,0,40,-22,36,-20,33,-24,33,-20,30,-20,27,-17,24,-19,21,-19,19,-16,15,-15,14,-16,12,-14,11,-15,8,-13,6,-12,4,-13,1,-12,1,-10,-2,-9,-2,-10,-6,-9,-6,-4,-8,-3,-8,-5,-11,-2,-15,1,-10,-1,-15,4,-16,3,-15,5,-16,4,-20,5,-19,6,-21,6,-23,8,-25,7,-23,6,-26,6,-24,4,-25,3,-26,4,-26,2,-26,2,-25,1,-24,-1,-22,-1,-23,-4,-21,-2,-24,0,-21,-3,-19,-4,-18,-4,-18,-7,-13,-8,-12,-8,-13,-9,-11,-11,0,0,0,0,0,0,0,0,0,0,0,0,0,0,0,0,0,0,0,0,0,0,-14,-30,-10,-30,-9,-31,-5,-31,-5,-30,-3,-30,-2,-28,0,-30,5,-28,1,-26,3,-24,3,-22,2,-21,6,-22,7,-16,8,-14,7,-14,8,-11,8,-9,11,-4,13,-2,11,0,10,2,8,5,8,7,8,7,9,12,7,10,7,15,8,18,9,18,8,21,9,22,10,24,9,25,11,24,11,25,13,30,12,30,16,31,17,32,17,31,19,34,21,33,24,33,22,35,24,37,26,35,26,39,28,38,29,38,32,39,32,41,30,40,31,40,33,45,29,39,0,0]"
CSI_DATA,281,1a:00:00:00:00:00,-49,11,1,0,1,1,1,0,0,0,1,-96,0,11,2,3882220,0,44,0,384,0,"[0,0,0,0,0,0,0,0,0,0,0,0,1,12,1,11,2,10,2,10,2,8,2,7,2,6,2,5,2,5,2,4,2,3,2,2,2,1,2,1,2,0,2,-1,2,-2,2,-2,1,-3,1,-3,1,-4,1,-5,1,-5,0,-6,0,-7,0,-7,0,0,-1,-8,0,-9,0,-9,-1,-10,0,-10,0,-11,0,-11,0,-11,0,-11,1,-11,1,-11,2,-10,2,-10,2,-10,2,-9,3,-9,3,-9,3,-8,3,-8,3,-7,3,-7,3,-6,3,-5,4,-5,4,-4,4,-3,0,0,0,0,0,0,0,0,0,0,0,0,0,0,39,13,39,15,39,9,34,10,31,7,30,8,25,7,26,5,22,4,23,4,19,1,17,-1,14,-1,12,-2,10,-2,9,-4,7,-6,5,-7,4,-7,0,-8,-1,-8,-3,-7,-4,-6,-5,-8,-7,-10,-8,-11,-13,-9,-10,-6,-13,-11,-17,-9,-17,-10,-19,-11,-19,-9,-21,-11,-21,-9,-24,-12,-23,-10,-24,-12,-22,-15,-23,-16,-22,-15,-20,-16,-21,-16,-19,-18,-19,-16,-18,-15,-17,-18,-16,-16,-14,-16,-13,-16,-12,-15,-10,-14,-11,-15,-7,-16,-5,-16,-4,-15,0,-13,0,0,0,0,0,0,0,0,0,0,0,0,0,0,0,0,0,0,0,0,0,0,18,-25,22,-22,23,-21,24,-21,25,-16,23,-14,24,-16,23,-12,25,-12,22,-11,21,-7,22,-8,21,-8,20,-6,19,-2,17,0,17,0,12,4,11,5,9,5,10,6,5,9,3,7,0,10,-1,11,-2,12,-4,13,-6,15,-9,13,-10,17,-11,16,-14,20,-14,19,-14,19,-14,22,-16,24,-13,23,-14,26,-18,26,-16,30,-16,31,-15,33,-17,36,-17,38,-14,35,-13,41,-14,42,-13,41,-14,46,-14,42,-15,44,-16,48,-15,48,-13,44,-15,50,-17,47,-15,48,0,0]"
CSI_DATA,282,1a:00:00:00:00:00,-49,11,1,0,1,1,1,0,0,0,1,-96,0,11,2,3890634,0,44,0,384,0,"[0,0,0,0,0,0,0,0,0,0,0,0,12,2,11,1,10,0,10,1,8,0,8,0,7,-1,6,-1,5,-2,4,-2,4,-2,3,-3,2,-3,1,-3,0,-3,0,-3,-1,-3,-2,-3,-3,-3,-3,-3,-4,-3,-5,-3,-5,-3,-6,-3,-7,-3,-7,-2,0,0,-9,-2,-9,-3,-10,-3,-10,-2,-10,-3,-11,-3,-11,-3,-11,-3,-11,-4,-11,-4,-11,-4,-10,-5,-10,-5,-10,-5,-9,-5,-9,-5,-8,-5,-8,-5,-7,-5,-7,-5,-6,-6,-6,-6,-5,-6,-4,-6,-3,-6,-3,-6,0,0,0,0,0,0,0,0,0,0,0,0,0,0,32,-30,28,-29,24,-32,22,-27,22,-25,20,-24,20,-23,15,-23,14,-21,10,-19,7,-19,7,-16,2,-14,2,-14,2,-14,-4,-10,-3,-8,-4,-8,-5,-7,-6,-5,-7,-4,-8,-2,-8,0,-10,2,-11,3,-14,5,-11,6,-14,8,-13,10,-15,9,-15,11,-17,12,-17,13,-17,14,-19,16,-20,16,-19,15,-21,15,-21,15,-24,15,-23,15,-23,10,-26,11,-25,9,-23,8,-23,9,-22,7,-25,6,-21,4,-19,4,-18,4,-19,2,-17,-1,-19,-1,-15,-3,-13,-4,-13,-6,0,0,0,0,0,0,0,0,0,0,0,0,0,0,0,0,0,0,0,0,0,0,-15,-29,-13,-29,-10,-30,-10,-30,-7,-31,-4,-28,-4,-26,-1,-28,-2,-28,0,-25,2,-23,3,-22,2,-25,4,-21,5,-17,6,-16,3,-14,8,-12,8,-8,6,-7,8,-4,8,-3,11,3,11,3,10,7,8,7,11,11,9,11,9,15,11,16,10,17,13,19,12,18,13,20,14,21,15,21,18,22,17,24,18,25,21,25,25,25,25,27,24,28,27,27,27,29,29,28,31,27,36,28,33,28,37,30,36,30,37,32,40,32,37,30,41,35,37,30,39,31,0,0]"
CSI_DATA,283,1a:00:00:00:00:00,-48,11,1,0,1,1,1,0,0,0,1,-96,0,11,2,3899459,0,44,0,384,0,"[0,0,0,0,0,0,0,0,0,0,0,0,11,3,10,3,10,2,9,2,8,1,7,1,6,0,6,-1,5,-1,4,-1,3,-2,3,-2,2,-2,1,-2,0,-3,0,-3,-1,-3,-2,-3,-3,-3,-3,-3,-4,-3,-5,-3,-5,-3,-6,-3,-7,-3,-7,-3,0,0,-9,-3,-9,-3,-10,-3,-10,-3,-10,-3,-10,-4,-11,-4,-10,-4,-11,-4,-10,-5,-10,-5,-10,-6,-9,-5,-9,-5,-9,-6,-8,-6,-8,-6,-7,-5,-7,-5,-6,-5,-6,-6,-5,-6,-5,-6,-4,-6,-3,-6,-2,-5,0,0,0,0,0,0,0,0,0,0,0,0,0,0,28,-32,27,-30,23,-29,21,-28,21,-30,18,-24,15,-24,13,-23,14,-18,11,-18,7,-18,5,-15,5,-14,1,-11,2,-11,-1,-9,-3,-10,-5,-7,-6,-7,-7,-4,-8,-3,-5,0,-9,2,-11,5,-11,4,-11,5,-12,7,-12,8,-14,11,-12,14,-15,14,-18,15,-17,13,-19,17,-17,19,-19,17,-19,17,-20,18,-22,17,-21,17,-23,16,-23,13,-24,13,-24,17,-21,11,-21,11,-20,9,-21,9,-20,7,-19,6,-18,6,-18,2,-18,3,-18,0,-15,0,-15,-2,-14,-5,0,0,0,0,0,0,0,0,0,0,0,0,0,0,0,0,0,0,0,0,0,0,-13,-29,-11,-31,-10,-31,-5,-30,-5,-30,-2,-28,-3,-26,-1,-26,1,-26,2,-27,2,-23,3,-20,3,-22,6,-19,7,-16,7,-15,8,-15,6,-11,7,-8,9,-5,9,-4,11,0,9,1,8,3,10,7,12,8,9,10,11,11,7,14,11,15,11,17,11,21,11,20,11,21,13,22,15,22,14,22,18,25,17,25,22,24,20,26,24,26,26,27,28,27,25,28,25,26,31,29,30,26,33,28,37,28,37,28,39,29,37,30,37,31,41,32,37,32,38,30,0,0]"
CSI_DATA,284,1a:00:00:00:00:00,-49,11,1,0,1,1,1,0,0,0,1,-96,0,11,2,3909583,0,44,0,384,0,"[0,0,0,0,0,0,0,0,0,0,0,0,-13,-4,-11,-3,-11,-3,-10,-3,-9,-2,-9,-1,-8,-1,-7,0,-6,1,-5,0,-4,1,-3,1,-3,1,-2,2,-1,1,0,2,0,2,1,2,2,2,2,2,4,2,4,2,5,2,6,1,7,2,7,1,0,0,8,1,9,1,9,1,9,1,9,1,10,2,10,2,10,2,10,2,10,3,10,3,10,4,9,4,9,3,8,4,8,4,8,3,7,4,6,4,6,3,5,4,5,4,4,4,4,4,3,4,2,4,0,0,0,0,0,0,0,0,0,0,0,0,0,0,-40,-15,-39,-14,-39,-9,-31,-8,-31,-7,-30,-8,-29,-8,-25,-5,-25,-3,-22,-4,-19,1,-18,2,-12,0,-11,3,-11,4,-9,3,-5,3,-4,4,-4,5,2,4,2,6,4,4,7,5,9,5,9,6,12,1,12,5,17,2,17,4,21,2,20,3,20,1,23,3,24,0,24,3,26,3,26,5,28,1,26,4,26,6,26,4,27,6,26,7,25,6,23,8,23,10,23,9,20,7,19,7,18,9,18,6,16,8,15,8,13,10,11,11,8,12,8,11,0,0,0,0,0,0,0,0,0,0,0,0,0,0,0,0,0,0,0,0,0,0,-30,11,-30,7,-31,6,-31,5,-32,3,-29,0,-26,1,-26,0,-26,0,-25,-3,-25,-6,-22,-4,-21,-4,-20,-5,-17,-8,-15,-6,-14,-7,-11,-8,-10,-9,-5,-10,-6,-8,-3,-11,1,-12,3,-13,5,-12,7,-12,9,-9,9,-12,13,-11,13,-11,13,-12,16,-14,17,-16,17,-17,19,-18,18,-18,18,-22,20,-24,21,-25,19,-25,20,-26,17,-32,19,-32,17,-35,18,-36,18,-35,17,-37,14,-42,15,-38,14,-46,18,-46,16,-44,17,-47,16,-47,18,-51,14,-50,16,-51,0,0]"
CSI_DATA,285,1a:00:00:00:00:00,-49,11,1,0,1,1,1,0,0,0,1,-96,0,11,2,3919461,0,44,0,384,0,"[0,0,0,0,0,0,0,0,0,0,0,0,-12,-1,-12,0,-11,0,-10,0,-9,0,-8,0,-7,1,-6,1,-5,1,-4,1,-3,2,-2,1,-2,1,-1,1,0,2,0,1,1,1,2,1,2,1,3,1,3,0,5,0,5,0,6,0,6,0,6,-1,0,0,8,-1,8,-1,9,-1,9,-1,9,0,10,0,10,0,9,0,10,0,10,1,10,1,9,1,9,1,9,2,8,2,8,2,7,3,7,2,6,2,6,2,5,3,5,3,4,3,3,3,3,3,3,3,0,0,0,0,0,0,0,0,0,0,0,0,0,0,-41,-5,-42,-4,-35,-1,-35,1,-37,0,-29,-2,-27,0,-26,3,-22,3,-20,4,-16,5,-15,2,-11,5,-11,4,-7,4,-6,3,-3,6,-2,6,-1,5,3,4,5,4,6,3,6,4,6,1,10,2,12,0,14,-1,16,-3,17,0,20,-3,21,-2,22,-2,24,-3,23,-5,26,-4,24,-4,26,-3,27,-3,30,-3,29,-3,29,0,26,1,26,1,27,2,23,2,26,3,23,3,23,5,19,3,19,5,19,4,18,6,16,6,15,9,13,7,11,8,9,8,0,0,0,0,0,0,0,0,0,0,0,0,0,0,0,0,0,0,0,0,0,0,-22,20,-23,16,-23,17,-25,16,-26,13,-25,10,-23,11,-23,10,-24,8,-24,7,-24,4,-22,4,-21,5,-19,0,-17,-1,-16,-2,-15,0,-12,-6,-11,-5,-9,-8,-7,-9,-5,-8,-3,-12,-2,-12,0,-13,3,-13,5,-16,6,-15,8,-18,7,-16,10,-18,10,-19,10,-19,10,-22,12,-24,11,-27,12,-27,11,-28,9,-29,10,-32,9,-31,8,-36,11,-35,7,-38,7,-35,6,-43,6,-40,4,-40,2,-46,3,-48,2,-44,0,-48,3,-48,2,-49,4,-53,1,-49,4,-48,0,0]"
CSI_DATA,286,1a:00:00:00:00:00,-48,11,1,0,1,1,1,0,0,0,1,-96,0,11,2,3941335,0,44,0,384,0,"[0,0,0,0,0,0,0,0,0,0,0,0,-8,-10,-8,-9,-7,-7,-7,-7,-6,-6,-6,-5,-6,-4,-5,-3,-4,-3,-4,-2,-3,-1,-3,-1,-2,0,-2,1,-1,1,0,1,0,2,1,2,2,2,2,3,3,3,4,3,4,3,5,3,6,3,7,3,0,0,8,3,8,4,9,4,10,4,10,4,10,5,10,5,10,4,10,5,10,5,10,6,9,6,9,6,8,5,8,6,8,6,7,5,7,5,6,5,6,5,5,5,5,5,4,5,3,5,3,5,2,4,0,0,0,0,0,0,0,0,0,0,0,0,0,0,-86,25,-81,26,-72,28,-65,25,-62,25,-52,22,-50,24,-43,21,-36,21,-29,20,-29,22,-17,19,-20,14,-14,16,-10,12,-6,11,-3,7,7,9,8,8,11,1,12,-2,16,-2,12,-4,20,-10,20,-16,25,-17,25,-19,29,-26,29,-26,28,-30,27,-33,34,-37,37,-37,39,-41,37,-43,41,-44,39,-44,42,-42,45,-40,46,-42,40,-43,45,-43,41,-42,44,-41,42,-32,42,-31,44,-26,40,-29,36,-26,36,-23,35,-25,35,-19,35,-19,34,-17,32,-10,32,-7,29,0,0,0,0,0,0,0,0,0,0,0,0,0,0,0,0,0,0,0,0,0,0,0,-50,44,-51,35,-53,35,-52,31,-56,28,-49,22,-53,19,-52,22,-52,14,-45,19,-46,12,-43,13,-42,16,-43,8,-36,3,-32,1,-30,0,-28,-5,-26,-5,-18,-7,-16,-18,-14,-16,-7,-21,-7,-25,-1,-26,-2,-27,5,-28,9,-35,13,-35,9,-32,6,-37,13,-43,15,-44,12,-51,13,-53,14,-51,11,-55,9,-62,6,-60,8,-67,4,-66,-3,-75,-1,-76,-7,-80,-9,-71,-17,-86,-13,-86,-17,-80,-23,-92,-20,-92,-22,-89,-33,-91,-27,-94,-30,-92,-34,-97,-37,-91,-27,-96,0,0]"
CSI_DATA,287,1a:00:00:00:00:00,-49,11,1,0,1,1,1,0,0,0,1,-96,0,11,2,3970673,0,44,0,384,0,"[0,0,0,0,0,0,0,0,0,0,0,0,-11,-4,-11,-3,-10,-3,-9,-3,-7,-2,-7,-2,-6,-1,-5,0,-5,0,-3,-1,-3,0,-2,0,-2,0,-1,0,0,0,1,0,2,0,2,1,3,0,3,-1,5,0,5,-1,5,-1,6,-2,7,-2,7,-2,0,0,9,-3,9,-3,10,-3,10,-4,10,-3,10,-3,10,-4,10,-3,10,-3,10,-3,10,-3,10,-2,10,-2,9,-2,9,-2,8,-1,8,-1,7,-1,7,-1,7,-1,6,0,7,0,6,0,5,0,4,1,4,1,0,0,0,0,0,0,0,0,0,0,0,0,0,0,-36,-24,-37,-23,-34,-17,-32,-18,-32,-16,-26,-11,-25,-12,-23,-8,-22,-8,-17,-6,-16,-4,-12,-2,-11,-3,-10,-2,-6,-2,-6,3,-3,1,-1,2,1,0,3,4,5,3,5,4,7,0,12,3,12,0,15,0,18,-2,18,-3,19,-2,23,-4,24,-3,24,-5,26,-2,27,-4,30,-6,30,-4,29,-3,30,-4,32,-4,29,-1,33,-3,30,-1,32,-1,29,-2,25,-1,28,0,25,0,26,1,21,2,19,3,20,3,20,3,18,3,17,5,15,5,14,5,12,7,0,0,0,0,0,0,0,0,0,0,0,0,0,0,0,0,0,0,0,0,0,0,-33,-11,-29,-13,-32,-15,-29,-16,-28,-16,-25,-15,-24,-16,-24,-17,-26,-17,-23,-16,-21,-17,-20,-16,-18,-15,-17,-16,-14,-15,-12,-15,-10,-15,-7,-16,-5,-14,-2,-11,-2,-11,3,-11,2,-12,6,-11,10,-9,11,-10,12,-6,12,-8,16,-7,15,-7,19,-8,20,-7,20,-9,23,-9,24,-11,25,-10,25,-14,26,-15,25,-17,27,-21,27,-20,28,-24,27,-24,28,-28,28,-27,32,-29,28,-33,24,-34,27,-35,26,-38,28,-37,23,-42,27,-41,26,-42,26,-47,24,-42,27,-41,0,0]"
CSI_DATA,288,1a:00:00:00:00:00,-49,11,1,0,1,1,1,0,0,0,1,-96,0,11,2,3981208,0,44,0,384,0,"[0,0,0,0,0,0,0,0,0,0,0,0,-9,6,-8,6,-6,6,-7,5,-5,5,-5,4,-3,4,-4,3,-2,3,-1,2,-1,2,-1,1,0,0,0,0,1,-1,1,-1,1,-2,1,-2,2,-3,2,-4,2,-5,2,-5,2,-5,2,-7,3,-8,2,-8,0,0,2,-9,2,-10,3,-10,3,-10,3,-10,3,-11,3,-11,3,-11,4,-11,4,-10,4,-11,4,-10,4,-9,4,-9,4,-9,4,-8,4,-8,4,-7,4,-7,3,-6,4,-7,3,-5,4,-5,4,-4,4,-4,3,-3,0,0,0,0,0,0,0,0,0,0,0,0,0,0,-57,58,-58,50,-49,57,-45,48,-37,46,-38,45,-34,40,-30,36,-24,33,-21,33,-15,27,-11,22,-6,21,-2,16,-4,12,0,10,0,3,5,-4,8,-4,6,-8,7,-13,8,-11,4,-20,6,-19,6,-23,8,-29,7,-33,5,-39,5,-39,5,-44,3,-44,4,-54,5,-50,4,-56,4,-58,5,-59,5,-63,7,-65,6,-62,9,-62,9,-55,11,-63,17,-60,14,-59,13,-50,11,-51,10,-52,17,-48,10,-44,7,-41,10,-41,12,-36,16,-36,12,-31,17,-29,18,-26,17,-23,0,0,0,0,0,0,0,0,0,0,0,0,0,0,0,0,0,0,0,0,0,0,-44,52,-43,51,-43,47,-43,45,-43,45,-42,37,-43,39,-45,39,-47,37,-44,31,-44,27,-41,26,-44,28,-40,21,-36,15,-35,14,-29,13,-29,4,-27,0,-27,1,-25,-6,-24,-6,-18,-12,-18,-17,-16,-20,-9,-21,-6,-26,-8,-30,-1,-36,-6,-34,-7,-39,-4,-40,-6,-40,-8,-42,-8,-49,-9,-48,-11,-50,-12,-58,-19,-52,-23,-60,-24,-58,-28,-67,-31,-64,-39,-62,-37,-62,-54,-68,-50,-69,-51,-63,-52,-67,-55,-72,-60,-73,-64,-69,-61,-76,-62,-72,-64,-78,-70,-63,-69,-74,0,0]"
CSI_DATA,289,1a:00:00:00:00:00,-49,11,1,0,1,1,1,0,0,0,1,-96,0,11,2,3989461,0,44,0,384,0,"[0,0,0,0,0,0,0,0,0,0,0,0,2,-13,1,-11,0,-11,-1,-10,0,-9,0,-7,0,-7,-1,-5,-1,-5,-2,-4,-1,-3,-1,-2,-1,-1,-2,-1,-1,0,-1,2,-1,2,-1,3,0,4,0,4,0,5,0,5,1,6,2,6,2,7,2,7,0,0,3,8,4,9,4,10,4,10,4,10,4,11,4,11,3,10,4,11,3,11,3,11,2,10,2,10,2,9,1,10,1,9,2,9,1,8,0,8,0,7,0,7,0,6,-1,6,-1,5,-2,5,-2,4,0,0,0,0,0,0,0,0,0,0,0,0,0,0,3,-41,2,-39,2,-37,0,-33,-1,-33,0,-30,-3,-25,-1,-24,-4,-19,-2,-18,-4,-15,-5,-14,-3,-11,-3,-8,-3,-8,-5,-4,-7,-2,-3,1,-2,3,-2,4,0,6,2,7,4,9,2,10,4,15,5,14,6,14,8,16,8,18,13,19,11,20,15,23,13,21,16,24,16,23,16,26,17,25,18,25,14,27,14,26,13,25,15,25,13,26,13,27,12,24,11,23,9,23,8,19,7,21,7,20,7,19,4,20,3,17,1,16,1,14,0,13,-2,12,0,0,0,0,0,0,0,0,0,0,0,0,0,0,0,0,0,0,0,0,0,0,-9,-33,-6,-33,-4,-31,-4,-35,-2,-33,-2,-32,0,-30,0,-29,1,-30,3,-28,3,-26,3,-25,4,-25,5,-22,6,-19,4,-18,7,-16,8,-12,9,-14,9,-10,7,-8,9,-5,7,-4,10,-2,11,2,12,2,11,4,10,6,12,9,13,10,12,8,15,12,15,12,15,13,18,17,19,12,19,13,24,14,25,13,29,14,30,13,31,13,33,14,33,14,36,11,35,6,39,8,41,7,41,6,43,7,44,6,45,3,47,6,43,5,49,2,49,1,46,2,0,0]"
CSI_DATA,290,1a:00:00:00:00:00,-49,11,1,0,1,1,1,0,0,0,1,-96,0,11,2,4001287,0,44,0,384,0,"[0,0,0,0,0,0,0,0,0,0,0,0,-1,11,-1,10,0,9,0,9,0,8,0,6,0,6,1,4,0,3,1,2,1,2,0,1,1,0,1,-1,0,-2,0,-3,-1,-3,-1,-3,-1,-4,-2,-5,-2,-6,-2,-6,-3,-6,-4,-7,-4,-7,-5,-8,0,0,-6,-9,-5,-10,-6,-9,-6,-10,-6,-10,-6,-10,-7,-10,-6,-10,-6,-11,-6,-11,-6,-11,-5,-10,-4,-10,-4,-10,-3,-10,-4,-10,-3,-9,-3,-9,-3,-8,-2,-8,-2,-8,-2,-7,-2,-7,-2,-6,0,-6,1,-6,0,0,0,0,0,0,0,0,0,0,0,0,0,0,-6,38,-6,40,-3,35,-2,33,-3,29,-1,27,-1,24,2,23,2,19,0,17,1,15,3,11,2,11,3,7,1,6,1,4,2,-1,1,-2,0,-4,0,-6,-1,-7,-1,-9,-4,-10,-3,-12,-6,-14,-7,-13,-6,-16,-12,-17,-10,-19,-11,-22,-13,-20,-15,-24,-12,-22,-17,-24,-17,-24,-14,-25,-16,-27,-16,-27,-16,-30,-16,-28,-16,-27,-15,-27,-14,-28,-13,-27,-12,-26,-13,-26,-12,-23,-10,-24,-9,-20,-8,-22,-6,-21,-3,-18,-7,-18,-3,-17,-3,-16,-2,-15,0,-13,0,0,0,0,0,0,0,0,0,0,0,0,0,0,0,0,0,0,0,0,0,0,4,32,1,33,2,33,0,32,-4,30,-3,30,-3,29,-3,28,-5,29,-4,28,-8,26,-5,24,-6,24,-4,23,-8,19,-9,17,-9,16,-9,14,-9,13,-8,8,-11,6,-11,5,-10,2,-12,2,-12,-2,-12,-4,-11,-8,-11,-8,-13,-11,-14,-11,-13,-11,-14,-14,-15,-15,-17,-16,-18,-17,-19,-17,-22,-15,-23,-15,-23,-16,-26,-16,-28,-17,-30,-16,-31,-14,-35,-16,-34,-14,-36,-14,-37,-13,-38,-11,-43,-11,-45,-10,-44,-8,-46,-6,-44,-10,-46,-9,-50,-7,-48,-6,-47,-6,0,0]"
CSI_DATA,291,1a:00:00:00:00:00,-49,11,1,0,1,1,1,0,0,0,1,-96,0,11,2,4019478,0,44,0,384,0,"[0,0,0,0,0,0,0,0,0,0,0,0,3,-12,2,-11,1,-10,1,-9,0,-8,1,-7,0,-7,0,-6,-1,-5,-1,-4,-1,-4,-1,-2,-2,-1,-1,0,-2,0,-2,1,-1,2,-1,3,0,3,0,4,0,4,0,5,1,5,2,7,1,7,2,8,0,0,3,8,3,9,3,10,3,9,3,10,4,10,4,10,3,11,4,11,3,11,3,11,2,10,2,10,2,10,1,10,1,9,1,8,1,8,1,8,1,7,0,7,0,6,-1,6,-1,6,-2,5,-2,5,0,0,0,0,0,0,0,0,0,0,0,0,0,0,12,-41,10,-39,7,-37,4,-34,4,-32,4,-29,3,-25,3,-26,0,-20,-1,-19,-3,-17,-3,-13,-4,-10,-2,-8,-3,-9,-4,-4,-3,-1,-2,0,-2,0,-2,1,0,6,0,6,2,10,1,14,3,11,1,16,4,18,7,17,7,17,9,20,8,21,10,23,11,26,12,25,13,24,11,27,13,29,12,28,13,28,11,30,12,28,10,31,9,28,9,27,9,27,8,26,9,26,5,24,8,22,5,21,6,20,4,18,3,18,2,18,-1,16,-2,14,-4,12,0,0,0,0,0,0,0,0,0,0,0,0,0,0,0,0,0,0,0,0,0,0,-3,-36,0,-36,3,-35,5,-37,5,-33,6,-34,4,-32,8,-30,5,-30,8,-28,8,-29,7,-26,8,-26,9,-23,7,-19,9,-18,9,-19,9,-15,6,-11,8,-10,10,-8,9,-3,7,-4,11,-1,8,1,9,3,8,5,8,9,8,10,9,12,10,11,10,14,11,15,11,15,17,16,15,19,16,17,19,17,20,18,24,18,24,18,26,17,28,20,31,19,31,16,33,13,34,15,39,14,39,12,42,16,41,13,44,11,45,15,42,9,45,13,45,10,44,10,0,0]"
CSI_DATA,292,1a:00:00:00:00:00,-49,11,1,0,1,1,1,0,0,0,1,-96,0,11,2,4029484,0,44,0,384,0,"[0,0,0,0,0,0,0,0,0,0,0,0,6,9,6,7,6,6,6,6,5,5,4,4,4,3,3,2,3,1,3,1,2,0,1,0,1,-1,0,-1,-1,-2,-1,-2,-2,-2,-2,-3,-3,-2,-4,-3,-4,-3,-5,-3,-6,-3,-7,-3,-8,-3,-9,-3,0,0,-10,-3,-10,-4,-11,-4,-11,-4,-11,-4,-11,-4,-12,-4,-12,-4,-11,-4,-11,-5,-11,-5,-11,-5,-10,-5,-10,-5,-9,-5,-9,-5,-9,-5,-8,-5,-7,-5,-7,-4,-6,-5,-6,-5,-5,-4,-5,-5,-4,-5,-3,-4,0,0,0,0,0,0,0,0,0,0,0,0,0,0,41,65,35,72,43,53,35,56,32,47,29,41,35,40,31,35,26,28,22,26,25,22,21,16,20,13,14,6,11,6,9,1,8,-2,2,-10,1,-8,0,-7,-9,-10,-7,-9,-12,-13,-23,-12,-22,-13,-27,-15,-31,-17,-33,-13,-35,-15,-44,-16,-44,-18,-52,-20,-49,-19,-49,-18,-59,-22,-53,-22,-55,-22,-59,-21,-59,-26,-51,-27,-60,-23,-54,-25,-46,-34,-52,-32,-48,-25,-46,-26,-45,-27,-40,-27,-36,-30,-31,-24,-36,-24,-30,-25,-27,-23,-24,-26,-23,-27,-17,-24,-14,-25,0,0,0,0,0,0,0,0,0,0,0,0,0,0,0,0,0,0,0,0,0,0,54,43,48,46,48,48,45,47,42,52,36,50,42,47,37,50,35,47,32,49,30,48,28,47,28,45,23,38,16,38,15,38,12,35,9,35,4,21,3,22,-3,18,-5,16,-6,19,-12,11,-17,4,-17,8,-22,2,-21,-3,-25,1,-29,-6,-29,-4,-34,0,-35,-4,-39,-3,-43,1,-47,1,-46,-2,-46,3,-52,2,-59,5,-57,5,-63,12,-65,6,-67,17,-61,23,-74,26,-69,27,-70,32,-73,35,-72,42,-77,39,-80,43,-82,40,-80,44,-83,47,-76,48,-75,45,0,0]"
CSI_DATA,293,1a:00:00:00:00:00,-49,11,1,0,1,1,1,0,0,0,1,-96,0,11,2,4070487,0,44,0,384,0,"[0,0,0,0,0,0,0,0,0,0,0,0,-3,11,-2,11,-1,9,-1,8,-1,7,-1,6,0,6,0,5,0,4,0,3,0,2,0,1,1,0,1,-1,0,-1,1,-2,0,-3,0,-3,0,-4,0,-5,-1,-6,-1,-6,-1,-6,-2,-8,-2,-8,-2,-9,0,0,-3,-10,-3,-10,-3,-11,-4,-10,-3,-11,-3,-11,-3,-12,-3,-11,-3,-12,-2,-12,-2,-12,-1,-12,-1,-11,-1,-11,-1,-11,-1,-10,-1,-10,-1,-9,0,-9,-1,-8,0,-8,0,-7,1,-7,1,-6,2,-5,2,-5,0,0,0,0,0,0,0,0,0,0,0,0,0,0,-10,39,-10,37,-6,35,-5,31,-5,28,-6,28,-3,26,-1,26,-1,19,-1,18,2,15,0,13,3,12,2,7,3,6,3,3,3,1,2,2,3,-2,3,-6,2,-7,0,-7,-2,-9,0,-13,-1,-12,-2,-15,-5,-15,-7,-18,-7,-22,-8,-22,-8,-23,-10,-23,-8,-24,-12,-26,-12,-26,-10,-28,-11,-29,-14,-30,-10,-32,-10,-32,-10,-30,-7,-33,-8,-30,-6,-29,-7,-29,-7,-27,-5,-27,-6,-26,-3,-23,-3,-25,-4,-22,-2,-21,0,-20,2,-18,1,-18,1,-15,3,-15,0,0,0,0,0,0,0,0,0,0,0,0,0,0,0,0,0,0,0,0,0,0,8,37,5,36,5,36,4,36,1,34,0,35,0,30,0,35,-1,31,-2,29,-3,31,-3,29,-3,27,-3,25,-3,21,-2,20,-2,18,-3,16,-3,15,-7,12,-5,11,-4,8,-4,3,-8,2,-7,0,-6,-3,-7,-4,-7,-7,-8,-7,-9,-10,-8,-13,-11,-14,-10,-13,-10,-16,-13,-14,-14,-15,-15,-14,-18,-19,-19,-18,-22,-19,-25,-18,-28,-18,-26,-18,-29,-18,-33,-15,-30,-15,-35,-14,-38,-11,-39,-14,-40,-15,-40,-14,-44,-13,-45,-16,-43,-12,-46,-15,-49,-11,-45,-11,0,0]"
CSI_DATA,294,1a:00:00:00:00:00,-49,11,1,0,1,1,1,0,0,0,1,-96,0,11,2,4079954,0,44,0,384,0,"[0,0,0,0,0,0,0,0,0,0,0,0,7,8,7,7,8,7,6,6,6,5,5,4,5,3,5,2,3,2,3,1,2,0,1,0,1,-1,0,-1,0,-2,-1,-2,-2,-3,-3,-3,-3,-3,-4,-3,-5,-3,-5,-3,-6,-3,-7,-3,-8,-4,-8,-3,0,0,-10,-3,-11,-4,-11,-4,-11,-4,-11,-4,-12,-4,-12,-4,-11,-4,-12,-4,-12,-5,-11,-5,-11,-5,-10,-5,-10,-5,-9,-5,-9,-5,-9,-5,-8,-4,-8,-5,-7,-4,-6,-4,-7,-5,-6,-4,-5,-5,-4,-5,-3,-5,0,0,0,0,0,0,0,0,0,0,0,0,0,0,53,65,48,62,55,49,46,51,44,42,37,41,39,37,42,29,38,23,28,26,27,12,27,11,21,12,15,6,17,3,11,1,10,-5,5,-1,1,-10,-3,-12,-8,-14,-14,-16,-14,-15,-20,-10,-22,-16,-31,-17,-29,-17,-42,-15,-38,-19,-44,-17,-42,-18,-50,-20,-52,-16,-53,-15,-58,-14,-61,-22,-65,-18,-62,-13,-62,-21,-59,-22,-65,-23,-57,-26,-59,-28,-57,-27,-51,-24,-55,-28,-48,-29,-44,-27,-38,-26,-40,-22,-38,-22,-36,-23,-33,-21,-28,-25,-26,-27,-20,-25,-18,-23,0,0,0,0,0,0,0,0,0,0,0,0,0,0,0,0,0,0,0,0,0,0,74,19,72,26,74,29,71,27,65,32,62,35,64,31,61,34,60,34,53,33,51,40,44,35,49,33,43,32,33,23,35,30,31,23,23,24,23,20,21,17,11,16,11,12,1,15,1,14,-6,9,-12,6,-12,4,-17,2,-21,0,-25,-3,-24,-2,-34,2,-36,-1,-37,-2,-40,2,-42,7,-42,8,-51,11,-51,10,-52,16,-55,17,-63,24,-57,24,-66,34,-61,30,-62,42,-63,37,-63,49,-68,50,-68,56,-70,51,-70,57,-71,58,-71,60,-78,64,-70,68,-72,74,0,0]"
CSI_DATA,295,1a:00:00:00:00:00,-49,11,1,0,1,1,1,0,0,0,1,-96,0,11,2,4089452,0,44,0,384,0,"[0,0,0,0,0,0,0,0,0,0,0,0,11,0,10,0,9,0,9,0,7,-1,7,-1,6,-1,5,-2,4,-2,3,-1,2,-2,1,-2,1,-1,0,-2,-1,-2,-2,-2,-3,-1,-4,-1,-4,-1,-4,0,-6,0,-6,0,-6,1,-7,1,-8,2,-9,2,0,0,-9,2,-10,3,-11,3,-11,4,-11,3,-11,3,-12,3,-12,3,-12,3,-12,3,-12,2,-11,1,-11,1,-11,1,-10,1,-11,0,-10,1,-9,0,-9,0,-9,0,-8,-1,-8,-1,-7,-2,-7,-2,-6,-2,-5,-2,0,0,0,0,0,0,0,0,0,0,0,0,0,0,38,15,37,12,34,10,30,10,30,10,26,7,27,4,24,3,21,2,17,1,17,1,13,0,11,-1,10,0,7,-1,5,-4,1,-6,1,-3,-3,-5,-5,-3,-7,-3,-9,-4,-10,-3,-12,-3,-13,0,-14,-2,-17,-1,-18,0,-20,1,-24,3,-23,1,-27,4,-29,3,-28,3,-29,4,-31,2,-32,2,-31,3,-33,1,-32,2,-30,0,-32,1,-31,-1,-31,-2,-28,-2,-28,-2,-27,-4,-26,-3,-23,-1,-23,-5,-21,-5,-20,-5,-19,-5,-17,-7,-16,-7,-14,-7,-12,-9,0,0,0,0,0,0,0,0,0,0,0,0,0,0,0,0,0,0,0,0,0,0,35,-14,34,-8,38,-9,35,-6,38,-5,33,-3,34,-4,33,-3,33,-3,30,-1,30,-2,27,1,27,-4,26,1,21,1,23,2,19,-1,16,2,16,0,13,3,12,2,7,2,5,4,2,2,2,5,-3,3,-4,2,-5,4,-8,4,-10,6,-11,6,-13,5,-14,6,-16,8,-17,11,-16,12,-16,13,-18,15,-17,17,-18,20,-20,22,-21,25,-20,26,-20,27,-19,28,-19,28,-20,31,-17,35,-20,34,-17,39,-17,38,-17,40,-18,42,-17,43,-18,45,-13,43,-17,44,0,0]"
CSI_DATA,296,1a:00:00:00:00:00,-49,11,1,0,1,1,1,0,0,0,1,-96,0,11,2,4099476,0,44,0,384,0,"[0,0,0,0,0,0,0,0,0,0,0,0,-11,5,-10,5,-9,4,-9,4,-7,4,-6,4,-6,4,-5,3,-4,3,-3,2,-3,2,-1,2,-1,1,0,0,1,0,2,0,2,-1,2,-2,2,-2,3,-3,3,-4,4,-4,4,-5,4,-6,5,-6,5,-7,0,0,5,-8,6,-8,6,-9,5,-10,7,-9,6,-9,7,-9,7,-10,7,-10,7,-9,8,-10,8,-8,7,-8,7,-8,7,-7,7,-7,6,-6,6,-6,6,-6,6,-5,6,-5,6,-4,5,-3,5,-3,5,-3,4,-2,0,0,0,0,0,0,0,0,0,0,0,0,0,0,-37,14,-36,15,-33,16,-31,13,-29,14,-24,13,-20,13,-20,13,-18,12,-16,12,-12,11,-8,11,-7,9,-5,5,-4,7,-2,4,1,4,2,2,4,0,5,-2,6,-3,8,-3,8,-5,10,-8,11,-8,13,-10,12,-10,12,-13,13,-17,14,-19,17,-19,19,-18,17,-20,17,-21,17,-24,18,-22,21,-24,17,-23,23,-22,22,-22,23,-22,21,-21,22,-19,20,-21,21,-17,21,-17,21,-15,22,-15,20,-14,18,-13,18,-11,19,-11,17,-10,17,-7,16,-4,12,-5,12,-1,0,0,0,0,0,0,0,0,0,0,0,0,0,0,0,0,0,0,0,0,0,0,-15,36,-17,34,-17,32,-19,33,-20,32,-20,29,-19,28,-20,28,-22,27,-19,24,-21,24,-20,21,-19,21,-19,20,-18,16,-16,16,-15,14,-13,12,-11,9,-10,8,-8,8,-9,3,-8,3,-5,1,-3,-2,-1,-5,-2,-6,0,-7,1,-8,1,-11,2,-11,4,-16,4,-14,2,-16,3,-18,1,-22,2,-20,0,-23,0,-23,-4,-28,-1,-29,-5,-31,-6,-31,-5,-34,-7,-32,-12,-30,-10,-32,-13,-37,-14,-37,-15,-38,-16,-40,-22,-41,-17,-43,-19,-40,-21,-43,-22,-41,-21,-43,0,0]"
CSI_DATA,297,1a:00:00:00:00:00,-49,11,1,0,1,1,1,0,0,0,1,-96,0,11,2,4109960,0,44,0,384,0,"[0,0,0,0,0,0,0,0,0,0,0,0,8,8,7,7,7,6,7,6,6,5,5,4,4,2,4,2,4,2,3,1,2,0,2,-1,1,-1,1,-1,0,-2,-1,-3,-2,-2,-2,-3,-3,-2,-4,-3,-4,-3,-5,-3,-6,-3,-7,-4,-7,-4,-8,-4,0,0,-10,-4,-10,-4,-11,-4,-11,-4,-11,-4,-12,-5,-12,-4,-11,-5,-11,-4,-11,-5,-11,-5,-10,-6,-10,-5,-9,-6,-9,-5,-9,-5,-9,-5,-8,-5,-7,-5,-7,-5,-6,-5,-6,-5,-5,-5,-5,-5,-4,-5,-3,-4,0,0,0,0,0,0,0,0,0,0,0,0,0,0,65,53,64,54,62,39,53,39,49,37,45,34,46,24,35,23,35,18,32,14,32,13,28,8,24,8,18,3,16,-4,12,-5,8,-2,3,-8,-2,-9,-5,-7,-9,-8,-14,-15,-16,-8,-22,-12,-25,-11,-24,-8,-31,-13,-35,-10,-37,-14,-47,-6,-46,-12,-50,-7,-51,-7,-56,-7,-57,-7,-60,-14,-58,-13,-60,-5,-64,-12,-61,-9,-59,-14,-57,-18,-55,-18,-61,-18,-52,-16,-53,-18,-46,-18,-49,-17,-46,-14,-43,-12,-42,-15,-38,-16,-36,-16,-32,-20,-29,-19,-26,-23,-18,-21,0,0,0,0,0,0,0,0,0,0,0,0,0,0,0,0,0,0,0,0,0,0,75,10,73,16,73,15,71,21,71,22,68,23,60,22,66,26,63,23,62,28,57,28,53,25,50,25,43,22,40,22,40,21,44,13,34,15,25,13,23,12,17,6,13,11,9,8,3,6,3,7,-5,2,-9,3,-16,0,-19,0,-22,-2,-24,-1,-28,1,-31,3,-32,5,-38,6,-37,4,-40,7,-45,11,-44,16,-49,18,-56,19,-54,28,-55,30,-58,37,-55,37,-48,37,-56,46,-56,53,-55,54,-65,58,-59,57,-59,65,-65,65,-63,65,-62,73,-59,69,-60,70,0,0]"
CSI_DATA,298,1a:00:00:00:00:00,-48,11,1,0,1,1,1,0,0,0,1,-96,0,11,2,4120067,0,44,0,384,0,"[0,0,0,0,0,0,0,0,0,0,0,0,-1,-13,-2,-11,-2,-11,-2,-10,-2,-9,-2,-8,-2,-7,-2,-5,-2,-5,-2,-4,-2,-3,-2,-2,-3,-1,-2,0,-2,0,-1,1,-1,2,-1,2,0,3,0,4,0,5,1,5,1,5,2,6,3,7,2,7,0,0,3,8,4,9,4,9,4,9,3,9,4,11,4,11,3,10,4,11,4,11,3,11,3,10,2,10,2,10,1,9,1,9,1,9,1,9,0,8,0,7,0,7,-1,7,-1,6,-1,6,-2,5,-2,4,0,0,0,0,0,0,0,0,0,0,0,0,0,0,3,-39,1,-39,-1,-38,0,-33,-1,-33,-1,-30,-1,-28,-3,-25,-4,-21,-5,-18,-5,-18,-5,-15,-6,-13,-4,-10,-5,-6,-6,-5,-5,-1,-4,1,-2,2,-5,4,-4,5,-3,7,1,8,0,10,3,13,0,15,4,15,6,17,9,17,8,22,6,20,11,22,11,23,11,24,10,22,8,26,12,29,9,27,9,28,11,29,11,28,8,29,9,28,7,27,5,27,7,27,6,24,5,23,3,21,3,21,1,20,1,20,1,18,-2,15,-2,14,-4,17,-4,13,0,0,0,0,0,0,0,0,0,0,0,0,0,0,0,0,0,0,0,0,0,0,-27,-29,-22,-32,-22,-34,-21,-35,-18,-33,-15,-31,-17,-30,-16,-32,-16,-33,-15,-29,-14,-29,-15,-28,-12,-28,-11,-27,-8,-23,-9,-23,-9,-21,-5,-18,-5,-15,-4,-15,-6,-11,-4,-11,-2,-8,0,-6,0,-2,2,-1,3,1,3,3,4,5,5,7,5,7,8,9,9,10,12,12,11,12,13,13,16,12,17,10,20,12,24,12,24,12,27,8,28,10,32,9,30,8,32,10,33,8,37,5,38,3,42,3,42,3,44,2,43,5,44,2,48,-1,45,2,45,1,0,0]"
CSI_DATA,299,1a:00:00:00:00:00,-49,11,1,0,1,1,1,0,0,0,1,-96,0,11,2,4129456,0,44,0,384,0,"[0,0,0,0,0,0,0,0,0,0,0,0,-8,9,-7,9,-5,8,-5,8,-4,6,-4,6,-3,6,-2,5,-2,5,-1,3,-1,3,0,2,0,1,1,1,1,0,1,-1,1,-2,1,-2,2,-4,2,-4,1,-5,1,-5,1,-6,2,-7,2,-8,2,-8,0,0,2,-10,2,-10,2,-11,1,-11,2,-11,3,-11,2,-12,2,-11,3,-12,3,-12,3,-11,4,-11,3,-10,3,-10,4,-9,4,-9,3,-8,4,-8,4,-8,4,-7,3,-6,4,-6,3,-5,4,-5,4,-4,4,-3,0,0,0,0,0,0,0,0,0,0,0,0,0,0,-65,54,-63,49,-50,52,-41,47,-47,50,-36,43,-39,39,-34,37,-27,29,-25,31,-16,25,-11,23,-11,25,-3,19,-1,15,-4,15,1,9,3,6,5,1,13,-3,14,-7,11,-12,12,-15,13,-15,14,-19,14,-26,19,-26,12,-33,20,-36,15,-41,17,-45,16,-48,20,-47,17,-52,17,-54,25,-59,22,-58,19,-56,22,-55,24,-54,26,-55,26,-54,26,-49,30,-51,29,-52,29,-48,28,-44,27,-46,26,-36,22,-37,26,-37,25,-34,23,-32,26,-26,24,-22,24,-18,25,-14,0,0,0,0,0,0,0,0,0,0,0,0,0,0,0,0,0,0,0,0,0,0,-4,81,-13,71,-11,77,-23,78,-19,73,-21,69,-18,68,-20,61,-23,65,-20,64,-21,57,-20,54,-18,57,-18,54,-20,43,-22,42,-17,41,-19,32,-12,27,-15,24,-12,20,-12,11,-5,13,-6,8,-5,3,-2,2,2,-5,-2,-10,3,-13,4,-17,0,-21,2,-28,5,-29,-2,-33,-2,-35,-8,-37,-5,-41,-10,-38,-13,-42,-14,-49,-16,-53,-21,-53,-25,-54,-29,-58,-31,-58,-45,-56,-46,-62,-45,-58,-46,-62,-53,-66,-56,-68,-61,-68,-66,-74,-56,-69,-63,-76,-63,-67,-61,-70,0,0]"
CSI_DATA,300,1a:00:00:00:00:00,-49,11,1,0,1,1,1,0,0,0,1,-96,0,11,2,4139459,0,44,0,384,0,"[0,0,0,0,0,0,0,0,0,0,0,0,-5,-11,-5,-10,-5,-9,-5,-9,-4,-8,-3,-6,-4,-6,-3,-5,-3,-4,-3,-3,-3,-2,-3,-2,-3,-1,-2,0,-1,0,-1,1,0,2,0,2,0,2,1,3,2,4,2,4,3,4,4,4,4,5,4,5,0,0,6,6,6,6,6,7,7,7,7,7,7,7,7,8,7,8,7,8,7,8,6,8,6,8,6,8,5,8,4,7,5,7,4,7,4,6,4,7,3,6,2,6,2,6,2,6,2,5,0,5,-1,4,0,0,0,0,0,0,0,0,0,0,0,0,0,0,-8,-42,-9,-40,-12,-37,-8,-34,-11,-32,-12,-30,-12,-27,-10,-25,-10,-18,-10,-20,-10,-17,-9,-13,-9,-11,-9,-7,-7,-6,-7,-4,-5,-2,-5,0,-2,2,-4,5,0,5,1,7,1,9,4,9,5,10,7,13,6,12,11,13,13,13,15,16,14,17,18,18,16,16,18,19,18,20,20,23,22,20,21,21,19,22,20,21,19,23,18,25,17,25,15,24,14,23,15,24,11,24,13,20,10,21,10,19,9,18,9,19,7,16,6,16,3,15,2,17,0,14,0,0,0,0,0,0,0,0,0,0,0,0,0,0,0,0,0,0,0,0,0,0,-35,-21,-33,-25,-30,-24,-31,-27,-27,-28,-27,-28,-29,-24,-27,-25,-24,-26,-22,-26,-23,-25,-21,-23,-21,-21,-20,-21,-15,-19,-16,-17,-15,-17,-10,-16,-12,-14,-10,-12,-9,-8,-9,-10,-4,-8,-3,-7,-1,-1,0,-2,1,0,2,2,4,4,6,7,9,4,9,7,12,8,12,7,14,7,16,8,17,5,20,7,21,5,25,3,25,5,27,2,32,3,29,-2,33,-4,37,0,35,-7,35,-6,36,-7,38,-7,42,-9,43,-10,45,-10,44,-10,45,-12,49,-14,44,-14,0,0]"
CSI_DATA,301,1a:00:00:00:00:00,-49,11,1,0,1,1,1,0,0,0,1,-96,0,11,2,4149451,0,44,0,384,0,"[0,0,0,0,0,0,0,0,0,0,0,0,12,-1,10,-1,10,-1,9,-1,8,-2,6,-1,6,-3,4,-3,4,-2,3,-2,2,-2,2,-2,1,-2,0,-2,-1,-2,-2,-1,-2,-2,-3,-1,-4,0,-5,0,-5,0,-5,1,-6,1,-6,2,-8,2,-8,2,0,0,-9,3,-10,3,-10,3,-10,4,-11,3,-11,4,-11,4,-11,3,-11,4,-12,3,-11,2,-11,2,-11,2,-10,2,-10,2,-10,1,-10,1,-9,1,-8,1,-8,1,-8,0,-7,-1,-7,-1,-6,-2,-6,-2,-5,-2,0,0,0,0,0,0,0,0,0,0,0,0,0,0,40,2,41,1,37,-1,34,-3,34,0,27,-2,26,-3,25,-4,20,-5,18,-5,16,-5,14,-6,13,-5,9,-5,9,-4,5,-5,1,-6,0,-5,-2,-3,-5,-3,-7,-4,-7,-1,-10,1,-11,0,-12,2,-13,2,-16,5,-18,5,-18,7,-19,8,-18,8,-20,10,-23,9,-24,12,-26,14,-25,13,-27,11,-28,12,-29,10,-28,9,-29,9,-30,10,-29,7,-30,8,-25,8,-29,6,-26,4,-26,5,-21,3,-23,4,-23,3,-21,2,-20,0,-19,-3,-16,1,-16,-1,-13,-4,0,0,0,0,0,0,0,0,0,0,0,0,0,0,0,0,0,0,0,0,0,0,26,-31,28,-27,29,-28,29,-27,31,-25,30,-22,29,-21,30,-20,31,-19,30,-19,28,-17,26,-16,25,-17,23,-15,23,-12,23,-13,18,-13,16,-8,15,-8,14,-8,12,-6,9,-5,9,-4,5,-3,2,-1,1,2,-1,2,-4,4,-4,3,-8,4,-11,6,-11,4,-11,9,-11,7,-12,12,-11,12,-12,15,-10,17,-11,18,-12,23,-11,24,-11,27,-10,26,-9,30,-8,32,-4,29,-7,33,-3,37,-7,36,-6,42,-3,41,-2,42,-3,42,0,45,-3,48,0,46,0,46,0,0]"
CSI_DATA,302,1a:00:00:00:00:00,-48,11,1,0,1,1,1,0,0,0,1,-96,0,11,2,4169476,0,44,0,384,0,"[0,0,0,0,0,0,0,0,0,0,0,0,10,-6,9,-6,8,-6,8,-6,6,-5,6,-5,4,-5,4,-5,3,-4,2,-4,2,-3,1,-3,0,-2,-1,-2,-2,-1,-2,-1,-2,0,-3,0,-3,1,-3,2,-4,2,-4,3,-4,4,-5,5,-5,5,-5,6,0,0,-5,7,-6,8,-6,9,-6,9,-7,9,-7,9,-7,9,-7,9,-7,10,-8,9,-8,9,-8,8,-8,8,-8,8,-8,7,-8,7,-7,6,-7,6,-7,6,-6,5,-7,5,-6,4,-6,3,-6,3,-6,2,-6,1,0,0,0,0,0,0,0,0,0,0,0,0,0,0,-6,-84,-8,-80,-14,-74,-10,-68,-11,-67,-12,-54,-9,-54,-14,-44,-13,-44,-12,-41,-13,-29,-11,-29,-16,-25,-11,-19,-8,-14,-8,-11,-11,-3,-10,0,-6,-1,-2,5,-4,10,-3,14,3,15,2,18,6,24,14,23,13,31,17,29,20,33,25,35,23,30,21,41,22,46,26,42,31,45,26,52,32,48,32,51,25,57,24,52,26,53,27,54,25,53,23,52,19,47,23,48,16,51,15,45,12,40,10,39,8,40,6,40,9,34,6,33,-1,33,-1,27,-5,24,0,0,0,0,0,0,0,0,0,0,0,0,0,0,0,0,0,0,0,0,0,0,-68,-40,-67,-46,-66,-47,-63,-48,-58,-51,-53,-50,-54,-48,-53,-48,-57,-46,-48,-47,-47,-48,-45,-45,-48,-45,-41,-40,-38,-39,-36,-40,-34,-29,-27,-30,-21,-28,-20,-21,-18,-24,-12,-18,-16,-16,-10,-6,-4,-6,-3,-1,1,-1,1,4,2,10,10,9,14,10,15,15,19,16,23,15,25,13,28,16,30,16,39,11,43,10,46,7,48,11,54,8,58,8,58,3,60,1,69,9,70,-3,74,-4,75,-6,82,-9,82,-13,85,-12,86,-9,87,-12,90,-19,86,-12,93,-13,0,0]"
CSI_DATA,303,1a:00:00:00:00:00,-49,11,1,0,1,1,1,0,0,0,1,-96,0,11,2,4179516,0,44,0,384,0,"[0,0,0,0,0,0,0,0,0,0,0,0,6,10,5,9,6,8,5,7,5,6,4,5,4,4,4,3,3,3,3,2,2,1,2,1,2,0,1,-1,0,-2,0,-2,-1,-3,-2,-3,-1,-3,-2,-4,-3,-4,-4,-4,-4,-4,-5,-5,-6,-5,-6,-5,0,0,-8,-6,-8,-6,-8,-7,-9,-6,-8,-7,-9,-7,-9,-7,-9,-7,-9,-8,-8,-8,-9,-8,-8,-8,-8,-8,-8,-8,-6,-8,-6,-8,-6,-7,-5,-7,-5,-6,-5,-7,-4,-6,-4,-6,-4,-6,-3,-6,-2,-5,-1,-5,0,0,0,0,0,0,0,0,0,0,0,0,0,0,23,79,20,76,25,68,23,60,24,64,24,53,20,47,23,42,22,36,20,31,24,27,22,24,17,20,17,19,16,14,11,4,7,2,3,0,3,-7,5,-8,2,-12,-3,-14,-9,-13,-10,-17,-8,-21,-13,-27,-17,-22,-22,-27,-25,-29,-29,-33,-28,-32,-35,-34,-34,-35,-33,-40,-38,-38,-39,-43,-41,-45,-39,-46,-40,-46,-35,-45,-33,-45,-36,-45,-34,-49,-32,-47,-29,-39,-29,-46,-23,-46,-27,-42,-21,-39,-21,-39,-22,-39,-19,-38,-16,-33,-9,-28,-9,-34,-5,-26,0,-27,0,0,0,0,0,0,0,0,0,0,0,0,0,0,0,0,0,0,0,0,0,0,77,22,69,31,70,34,72,38,66,38,66,38,61,40,59,42,63,41,60,42,55,39,51,34,53,36,46,37,38,33,37,26,36,27,35,31,30,21,30,22,22,17,18,10,13,10,11,12,10,6,2,5,0,2,-4,-5,-4,-7,-15,-7,-12,-12,-16,-11,-21,-16,-22,-10,-26,-13,-33,-13,-36,-11,-41,-8,-44,-9,-50,-3,-49,-8,-58,2,-55,3,-59,7,-64,8,-67,2,-71,9,-72,22,-76,21,-79,23,-77,21,-80,25,-87,26,-85,28,-87,29,-89,30,-86,27,0,0]"
CSI_DATA,304,1a:00:00:00:00:00,-49,11,1,0,1,1,1,0,0,0,1,-96,0,11,2,4190313,0,44,0,384,0,"[0,0,0,0,0,0,0,0,0,0,0,0,-1,-13,-1,-12,-2,-11,-2,-10,-2,-9,-2,-8,-2,-8,-2,-6,-2,-5,-2,-4,-2,-4,-2,-3,-2,-2,-2,-1,-2,0,-2,1,-1,1,-1,2,0,3,0,3,0,4,1,5,1,5,2,6,2,6,3,6,0,0,3,7,3,8,4,8,5,9,4,9,4,9,4,9,4,9,4,10,3,10,3,11,2,10,3,9,2,8,2,9,2,9,2,8,1,8,1,8,1,7,0,7,0,6,0,6,-1,5,-2,5,-2,4,0,0,0,0,0,0,0,0,0,0,0,0,0,0,-6,-44,-7,-42,-12,-39,-10,-34,-8,-33,-10,-28,-9,-27,-10,-25,-10,-21,-9,-17,-10,-16,-9,-15,-8,-11,-8,-9,-7,-7,-8,-5,-5,-1,-5,-1,-3,2,-2,2,-3,2,0,5,0,6,1,8,6,11,7,9,7,14,9,15,10,14,12,17,10,17,12,16,14,20,18,22,16,18,16,22,18,23,18,25,18,25,16,25,16,25,13,26,13,25,12,23,11,23,12,23,10,26,9,22,9,21,8,19,4,17,5,17,5,17,2,18,1,14,1,14,-3,12,0,0,0,0,0,0,0,0,0,0,0,0,0,0,0,0,0,0,0,0,0,0,-40,-17,-36,-22,-36,-21,-35,-22,-33,-28,-31,-23,-30,-22,-31,-24,-32,-26,-28,-23,-27,-25,-26,-22,-25,-19,-22,-24,-21,-19,-21,-16,-20,-16,-16,-16,-15,-12,-13,-13,-11,-11,-12,-8,-7,-7,-7,-7,-3,-4,-3,-2,-1,0,2,1,0,2,5,2,7,5,7,6,9,6,8,7,13,6,14,6,18,7,19,7,21,7,25,4,24,5,27,4,30,3,31,0,30,0,34,0,35,-4,36,-7,39,-9,42,-10,42,-8,43,-11,44,-10,46,-11,46,-13,47,-14,47,-11,0,0]"
CSI_DATA,305,1a:00:00:00:00:00,-49,11,1,0,1,1,1,0,0,0,1,-96,0,11,2,4199457,0,44,0,384,0,"[0,0,0,0,0,0,0,0,0,0,0,0,5,-11,4,-11,3,-10,3,-10,2,-8,2,-8,1,-7,1,-6,0,-6,0,-5,-1,-4,-1,-3,-1,-2,-2,-2,-2,-1,-2,0,-2,1,-2,1,-2,2,-2,3,-1,4,-1,4,-1,5,-1,6,-1,7,0,7,0,0,0,8,0,9,0,10,0,10,0,10,0,11,0,11,0,11,0,11,-1,11,-1,11,-1,10,-1,10,-1,10,-2,9,-2,9,-2,9,-2,8,-2,8,-2,7,-2,7,-3,6,-3,6,-3,5,-3,4,-4,4,0,0,0,0,0,0,0,0,0,0,0,0,0,0,-47,-70,-46,-62,-49,-58,-45,-52,-43,-52,-37,-46,-39,-40,-38,-33,-32,-30,-33,-25,-32,-24,-25,-16,-28,-13,-20,-6,-16,-11,-12,-3,-13,-3,-5,3,-6,3,-3,11,7,10,1,10,7,11,10,13,12,13,22,17,23,14,26,13,34,19,37,23,37,17,44,18,42,21,47,21,47,15,53,25,49,21,54,29,51,27,52,29,46,28,47,33,49,30,48,31,43,30,42,30,38,29,37,27,35,26,32,28,30,24,26,25,27,24,23,25,17,25,18,24,10,27,0,0,0,0,0,0,0,0,0,0,0,0,0,0,0,0,0,0,0,0,0,0,-78,-11,-81,-17,-78,-21,-76,-28,-73,-27,-71,-29,-67,-28,-67,-30,-69,-26,-64,-29,-65,-32,-59,-26,-63,-23,-59,-24,-55,-22,-45,-24,-47,-19,-44,-23,-37,-15,-29,-15,-28,-12,-23,-7,-20,-10,-11,-9,-10,-10,-5,-3,-1,0,-5,-2,3,7,12,5,13,1,20,9,19,3,26,7,29,3,33,1,34,2,34,-2,40,-3,46,-7,54,-15,51,-18,55,-19,56,-25,54,-28,61,-22,66,-32,59,-38,66,-39,70,-46,70,-44,68,-48,77,-51,70,-51,78,-58,77,-60,74,-53,0,0]"
CSI_DATA,306,1a:00:00:00:00:00,-49,11,1,0,1,1,1,0,0,0,1,-96,0,11,2,4209473,0,44,0,384,0,"[0,0,0,0,0,0,0,0,0,0,0,0,1,12,1,11,2,10,2,9,2,8,1,7,2,6,2,5,2,4,2,3,2,3,1,2,1,1,1,0,1,-1,0,-1,0,-2,0,-3,-1,-3,-1,-4,-2,-4,-2,-5,-3,-5,-4,-6,-4,-7,-5,-7,0,0,-5,-8,-6,-9,-6,-9,-7,-9,-6,-10,-7,-10,-7,-10,-7,-10,-6,-11,-6,-11,-6,-11,-5,-11,-5,-10,-5,-10,-4,-10,-4,-10,-4,-9,-4,-9,-3,-9,-3,-8,-2,-8,-2,-8,-2,-7,-1,-7,0,-6,0,-6,0,0,0,0,0,0,0,0,0,0,0,0,0,0,39,15,38,15,35,12,32,12,31,7,26,8,25,5,23,7,22,3,20,2,17,2,14,1,14,0,11,-2,9,-3,6,-1,5,-2,3,-2,1,-3,-1,-3,-3,-5,-6,-6,-8,-1,-9,-3,-10,-3,-12,-3,-15,-3,-18,0,-16,0,-20,-1,-19,1,-23,0,-24,-1,-27,2,-25,5,-27,1,-28,1,-31,2,-30,-1,-28,-1,-28,-1,-30,-2,-29,-4,-30,-1,-26,-3,-27,-2,-24,-3,-24,-2,-23,-4,-21,-3,-19,-3,-20,-5,-15,-7,-16,-7,-12,-7,-14,-6,-12,-6,0,0,0,0,0,0,0,0,0,0,0,0,0,0,0,0,0,0,0,0,0,0,37,-21,37,-16,38,-16,39,-14,39,-13,37,-12,37,-10,37,-9,37,-10,35,-10,34,-8,34,-9,32,-9,31,-8,28,-4,26,-6,23,-7,22,-6,20,-6,16,-4,17,-5,12,-2,11,-3,9,-2,7,-3,2,-2,0,-1,-3,-2,-4,1,-5,0,-6,1,-7,2,-11,3,-10,3,-14,5,-12,7,-14,8,-17,10,-17,12,-17,15,-16,16,-17,20,-20,22,-16,26,-18,25,-15,26,-17,29,-16,31,-16,32,-18,36,-18,38,-15,38,-20,39,-20,41,-19,44,-17,44,-16,44,0,0]"
CSI_DATA,307,1a:00:00:00:00:00,-48,11,1,0,1,1,1,0,0,0,1,-96,0,11,2,4219448,0,44,0,384,0,"[0,0,0,0,0,0,0,0,0,0,0,0,-13,0,-12,0,-11,1,-10,0,-9,1,-8,1,-7,1,-6,1,-6,1,-5,1,-4,1,-3,1,-2,1,-1,1,-1,1,0,1,1,0,2,0,2,0,3,-1,4,-1,4,-2,5,-2,5,-3,6,-3,6,-4,0,0,8,-4,8,-5,9,-5,9,-5,9,-5,10,-5,10,-5,10,-5,10,-5,10,-5,10,-5,10,-4,10,-4,10,-3,10,-3,9,-3,9,-3,8,-2,8,-2,7,-2,7,-1,7,-1,6,0,6,0,5,0,5,1,0,0,0,0,0,0,0,0,0,0,0,0,0,0,-18,37,-15,38,-12,35,-13,33,-12,30,-10,26,-7,26,-7,25,-5,20,-4,19,-4,19,-3,15,1,15,0,11,1,11,0,6,2,6,3,3,3,1,3,-2,2,-3,2,-6,2,-7,3,-10,1,-11,3,-12,0,-15,-2,-19,-1,-20,-1,-21,0,-20,-2,-23,-2,-24,-4,-28,-4,-27,0,-28,0,-28,-2,-30,-1,-30,0,-29,0,-30,0,-30,3,-27,1,-27,3,-26,4,-28,3,-24,3,-24,4,-23,4,-21,2,-19,5,-19,4,-18,8,-15,5,-15,7,-13,8,-8,0,0,0,0,0,0,0,0,0,0,0,0,0,0,0,0,0,0,0,0,0,0,22,36,19,35,20,36,18,37,14,37,12,37,13,33,13,35,12,35,11,36,9,35,10,33,11,32,8,33,7,27,6,26,9,26,5,22,6,21,4,20,5,16,3,14,3,12,2,8,1,7,2,3,2,0,0,-1,0,-4,0,-5,-3,-6,-1,-7,-4,-11,-6,-11,-9,-13,-8,-13,-10,-13,-11,-15,-12,-15,-17,-17,-17,-17,-22,-17,-23,-18,-27,-17,-26,-17,-30,-20,-29,-17,-33,-18,-36,-16,-39,-17,-38,-16,-41,-15,-43,-17,-43,-17,-48,-18,-49,-17,-46,-18,0,0]"
CSI_DATA,308,1a:00:00:00:00:00,-49,11,1,0,1,1,1,0,0,0,1,-96,0,11,2,4229466,0,44,0,384,0,"[0,0,0,0,0,0,0,0,0,0,0,0,9,-9,7,-8,7,-8,6,-7,5,-7,4,-6,4,-6,3,-5,2,-5,1,-4,1,-4,0,-3,0,-3,-1,-2,-1,-1,-2,-1,-2,0,-2,0,-2,1,-3,2,-3,2,-3,3,-3,4,-4,5,-4,5,-4,6,0,0,-4,7,-5,8,-4,8,-5,9,-5,8,-5,9,-5,9,-5,9,-6,9,-6,9,-6,9,-6,8,-6,8,-6,7,-7,7,-6,7,-6,7,-6,6,-6,6,-5,5,-6,5,-5,4,-6,3,-5,3,-5,2,-5,1,0,0,0,0,0,0,0,0,0,0,0,0,0,0,-22,-80,-16,-82,-21,-70,-21,-70,-23,-68,-19,-56,-24,-57,-17,-44,-19,-44,-18,-39,-18,-32,-22,-29,-17,-26,-15,-20,-17,-13,-11,-10,-12,-7,-12,-2,-9,1,-6,5,-3,8,-1,12,3,10,3,15,6,19,10,24,11,22,16,24,19,27,21,30,28,30,30,31,31,35,32,42,34,41,35,43,37,43,37,44,34,45,38,50,35,46,29,43,32,48,32,48,25,44,25,43,20,40,25,39,17,36,18,37,15,39,7,31,17,32,12,32,2,30,2,29,1,27,0,0,0,0,0,0,0,0,0,0,0,0,0,0,0,0,0,0,0,0,0,0,-77,-34,-71,-39,-76,-39,-66,-43,-69,-50,-63,-45,-68,-45,-60,-45,-66,-45,-61,-45,-55,-49,-54,-42,-58,-42,-51,-41,-47,-39,-43,-38,-41,-32,-38,-34,-31,-23,-34,-23,-28,-18,-25,-16,-18,-19,-16,-14,-9,-10,-10,-6,-5,-5,-1,3,4,7,7,6,9,7,15,12,14,14,16,11,28,10,25,11,34,7,36,8,40,10,50,7,47,8,53,7,52,-2,63,-4,60,-7,67,-3,71,-7,72,-17,77,-17,80,-18,84,-15,86,-22,90,-18,86,-25,94,-24,90,-24,93,-22,0,0]"
CSI_DATA,309,1a:00:00:00:00:00,-49,11,1,0,1,1,1,0,0,0,1,-96,0,11,2,4239494,0,44,0,384,0,"[0,0,0,0,0,0,0,0,0,0,0,0,-3,12,-3,11,-2,10,-2,10,-2,8,-1,7,-1,7,-1,6,0,5,0,4,0,3,0,2,1,2,1,1,1,0,1,-1,1,-1,1,-2,0,-3,0,-4,0,-4,0,-5,0,-5,-1,-7,-1,-7,-1,-8,0,0,-2,-9,-2,-9,-2,-10,-2,-10,-2,-11,-2,-11,-2,-11,-2,-11,-2,-12,-1,-12,-1,-12,0,-11,0,-11,0,-11,0,-10,0,-10,0,-9,1,-9,1,-9,1,-8,1,-8,1,-7,1,-7,2,-6,2,-5,2,-5,0,0,0,0,0,0,0,0,0,0,0,0,0,0,72,49,68,46,69,41,57,33,55,34,53,29,44,24,51,25,41,21,43,19,36,13,30,10,30,8,26,6,23,4,14,2,13,-2,8,-4,2,-7,3,-11,-3,-8,-9,-7,-12,-12,-13,-8,-18,-10,-26,-13,-21,-8,-33,-13,-29,-9,-37,-7,-37,-10,-46,-13,-43,-8,-50,-11,-47,-10,-56,-13,-61,-18,-52,-17,-54,-18,-55,-18,-50,-21,-56,-19,-57,-22,-54,-21,-46,-20,-45,-21,-45,-20,-44,-21,-38,-19,-35,-20,-36,-19,-35,-20,-29,-22,-21,-24,-23,-23,-19,-18,-12,-21,0,0,0,0,0,0,0,0,0,0,0,0,0,0,0,0,0,0,0,0,0,0,73,-39,80,-40,70,-33,79,-30,74,-28,80,-23,76,-24,77,-23,75,-23,73,-13,74,-13,68,-13,66,-18,66,-11,60,-6,52,-10,58,-12,44,-8,47,-9,41,-7,33,-8,31,-4,25,-2,17,-7,11,-6,9,-5,1,-1,0,2,-5,-1,-15,-1,-12,5,-20,4,-16,6,-20,8,-28,10,-26,9,-24,15,-34,16,-36,19,-34,31,-42,32,-43,35,-43,38,-41,42,-45,52,-37,53,-42,54,-47,59,-40,69,-48,66,-45,72,-47,73,-53,76,-49,73,-52,81,-52,83,-50,82,0,0]"
CSI_DATA,310,1a:00:00:00:00:00,-49,11,1,0,1,1,1,0,0,0,1,-96,0,11,2,4270604,0,44,0,384,0,"[0,0,0,0,0,0,0,0,0,0,0,0,-12,5,-11,5,-10,5,-10,4,-8,4,-7,4,-7,4,-6,4,-5,3,-4,3,-3,3,-2,2,-2,2,-1,1,0,1,0,1,1,0,1,0,2,-1,2,-2,3,-2,3,-3,3,-3,4,-4,4,-5,4,-5,0,0,5,-6,6,-7,6,-7,6,-8,7,-8,7,-8,7,-8,7,-8,8,-8,8,-8,8,-8,8,-7,8,-6,8,-6,8,-6,7,-6,7,-5,7,-5,7,-5,6,-4,6,-4,6,-3,6,-3,5,-2,5,-1,4,-1,0,0,0,0,0,0,0,0,0,0,0,0,0,0,5,81,7,80,5,78,4,72,5,67,5,60,7,57,5,54,9,47,9,40,9,39,4,33,11,28,10,24,11,18,8,14,10,11,11,6,4,2,7,-2,7,-4,4,-11,0,-17,1,-15,-4,-21,-2,-21,-5,-26,-8,-30,-13,-35,-16,-31,-13,-36,-18,-36,-18,-41,-21,-47,-19,-46,-18,-49,-21,-51,-20,-47,-16,-52,-18,-54,-13,-55,-12,-53,-13,-52,-12,-52,-12,-46,-8,-50,-7,-51,-6,-42,-3,-41,-1,-40,-2,-38,0,-41,-1,-34,3,-35,2,-29,8,-26,11,-22,0,0,0,0,0,0,0,0,0,0,0,0,0,0,0,0,0,0,0,0,0,0,76,23,75,37,74,36,73,44,69,46,64,44,62,44,58,49,63,50,59,42,57,46,56,41,58,42,47,39,40,38,42,34,47,35,33,33,31,29,26,21,23,22,21,21,17,15,13,15,10,9,10,4,2,0,0,4,-4,-2,-9,-7,-8,-2,-9,-10,-18,-13,-18,-13,-24,-15,-29,-13,-34,-15,-34,-11,-39,-11,-47,-12,-50,-10,-54,-9,-56,-10,-57,-4,-60,-2,-74,-8,-72,-2,-77,2,-77,4,-80,4,-88,5,-86,8,-93,6,-89,11,-98,12,-94,6,-96,8,0,0]"
CSI_DATA,311,1a:00:00:00:00:00,-49,11,1,0,1,1,1,0,0,0,1,-96,0,11,2,4280401,0,44,0,384,0,"[0,0,0,0,0,0,0,0,0,0,0,0,5,11,5,10,5,9,5,9,4,8,4,7,4,6,3,5,3,4,3,3,3,3,2,2,2,1,1,0,1,0,1,-1,0,-2,0,-2,-1,-3,-2,-3,-2,-4,-3,-4,-3,-4,-4,-5,-5,-5,-5,-6,0,0,-6,-6,-7,-7,-7,-7,-8,-8,-8,-8,-8,-8,-8,-9,-8,-9,-8,-9,-7,-9,-7,-10,-6,-9,-6,-9,-6,-9,-5,-9,-5,-9,-5,-9,-5,-8,-4,-8,-4,-7,-3,-7,-3,-7,-3,-7,-2,-7,-1,-6,-1,-5,0,0,0,0,0,0,0,0,0,0,0,0,0,0,84,-3,83,-1,79,-6,70,-7,73,-7,59,-6,58,-9,49,-7,51,-9,37,-7,36,-12,33,-9,28,-12,26,-12,21,-11,17,-11,9,-8,7,-14,0,-8,-1,-8,-8,-8,-7,-6,-13,1,-18,-1,-19,-3,-23,-2,-23,4,-27,6,-30,10,-35,14,-35,10,-39,19,-45,13,-42,15,-46,20,-46,14,-52,22,-49,19,-56,18,-50,19,-53,17,-54,10,-53,5,-51,11,-52,15,-53,8,-51,6,-53,3,-42,2,-41,6,-38,2,-39,1,-35,-3,-32,-2,-33,-4,-27,-7,-23,-5,0,0,0,0,0,0,0,0,0,0,0,0,0,0,0,0,0,0,0,0,0,0,37,-80,41,-72,46,-73,43,-70,50,-68,46,-60,44,-61,48,-60,49,-61,50,-59,55,-55,48,-52,47,-57,46,-48,42,-40,42,-40,33,-38,36,-37,31,-30,30,-29,29,-25,20,-24,18,-17,18,-13,4,-10,8,-9,3,-8,4,4,-1,2,-3,5,-10,10,-14,11,-10,15,-15,19,-10,21,-13,31,-14,33,-16,34,-15,41,-11,43,-14,49,-10,55,-11,56,-9,66,-4,55,-4,74,-2,68,5,74,5,78,4,89,1,85,7,87,0,92,4,89,5,104,9,94,6,92,0,0]"
CSI_DATA,312,1a:00:00:00:00:00,-48,11,1,0,1,1,1,0,0,0,1,-96,0,11,2,4289466,0,44,0,384,0,"[0,0,0,0,0,0,0,0,0,0,0,0,9,-9,8,-9,7,-8,7,-8,5,-7,5,-7,4,-7,3,-6,3,-5,2,-5,1,-4,1,-4,0,-3,-1,-2,-1,-2,-1,-1,-2,-1,-2,0,-2,1,-3,1,-3,2,-3,3,-3,3,-3,4,-4,5,-4,6,0,0,-4,7,-4,7,-4,8,-4,8,-5,8,-5,9,-5,9,-5,9,-6,9,-6,9,-6,9,-6,8,-6,8,-6,7,-6,7,-6,7,-6,6,-6,6,-6,6,-6,5,-6,4,-6,4,-5,3,-5,3,-6,2,-5,1,0,0,0,0,0,0,0,0,0,0,0,0,0,0,-27,-82,-21,-79,-27,-77,-23,-70,-23,-63,-23,-62,-21,-55,-22,-50,-18,-46,-18,-38,-22,-37,-19,-31,-16,-29,-17,-23,-15,-19,-17,-14,-14,-9,-13,-9,-6,-5,-11,6,-9,5,-3,8,-1,10,2,14,5,16,10,22,10,21,17,25,12,21,20,30,24,32,23,40,24,31,28,42,32,38,27,40,28,43,33,44,32,43,30,48,26,46,27,52,20,48,24,50,15,47,23,45,16,41,17,39,10,39,11,39,11,37,9,31,9,36,0,32,-2,28,-1,31,-5,22,0,0,0,0,0,0,0,0,0,0,0,0,0,0,0,0,0,0,0,0,0,0,-87,-9,-82,-16,-81,-21,-80,-24,-77,-27,-77,-33,-71,-28,-70,-33,-73,-32,-66,-31,-64,-34,-64,-32,-62,-30,-61,-34,-55,-31,-45,-29,-47,-29,-41,-24,-41,-21,-33,-22,-27,-19,-27,-16,-20,-10,-17,-12,-15,-9,-7,-5,-6,1,-1,-1,6,4,10,4,11,4,16,6,17,10,22,5,24,9,32,6,33,6,38,3,41,3,44,2,50,-2,54,-2,55,-4,64,-5,61,-16,60,-13,64,-18,69,-21,73,-27,79,-26,83,-20,86,-28,88,-25,82,-33,91,-31,96,-32,93,-34,0,0]"
CSI_DATA,313,1a:00:00:00:00:00,-48,11,1,0,1,1,1,0,0,0,1,-96,0,11,2,4299475,0,44,0,384,0,"[0,0,0,0,0,0,0,0,0,0,0,0,0,12,0,12,1,10,1,10,1,8,1,8,1,7,1,6,1,5,1,4,1,4,1,3,1,2,1,1,1,0,1,-1,1,-1,0,-2,0,-3,-1,-3,-1,-4,-1,-5,-2,-5,-2,-6,-3,-6,-3,-7,0,0,-4,-8,-4,-8,-4,-9,-4,-9,-4,-10,-4,-10,-4,-10,-4,-11,-4,-11,-3,-11,-3,-11,-3,-11,-3,-11,-3,-10,-2,-10,-2,-10,-2,-9,-2,-9,-1,-9,-1,-8,0,-8,0,-7,0,-7,0,-6,1,-6,1,-5,0,0,0,0,0,0,0,0,0,0,0,0,0,0,41,16,39,16,38,13,32,11,33,9,29,9,29,9,27,7,24,6,21,4,19,0,17,0,16,-1,12,-1,13,-2,10,-2,5,-3,4,-5,2,-3,2,-5,-3,-2,-3,-4,-5,-1,-8,-2,-9,-3,-13,-4,-12,-4,-13,-2,-16,-3,-18,-1,-20,1,-22,1,-21,-2,-26,1,-25,4,-28,1,-27,-2,-28,0,-29,0,-29,-2,-28,-2,-28,-4,-31,-3,-28,-2,-26,-3,-25,-3,-24,-6,-22,-5,-23,-7,-21,-7,-18,-7,-19,-6,-18,-5,-16,-8,-13,-8,-14,-7,-9,-7,0,0,0,0,0,0,0,0,0,0,0,0,0,0,0,0,0,0,0,0,0,0,33,-26,34,-24,36,-24,37,-21,37,-17,36,-19,33,-15,35,-15,35,-16,35,-15,33,-13,31,-13,32,-14,32,-12,29,-8,26,-8,23,-10,23,-7,21,-5,18,-8,17,-5,14,-3,11,-5,9,-5,5,-2,3,-2,2,-1,1,-1,-2,3,-5,3,-7,5,-7,6,-8,5,-10,8,-13,8,-14,9,-12,11,-13,14,-14,16,-16,19,-18,19,-16,22,-14,23,-17,25,-17,26,-13,29,-15,32,-16,33,-16,38,-17,40,-16,38,-14,43,-17,43,-15,41,-17,46,-17,45,-19,44,0,0]"
CSI_DATA,314,1a:00:00:00:00:00,-48,11,1,0,1,1,1,0,0,0,1,-96,0,11,2,4310879,0,44,0,384,0,"[0,0,0,0,0,0,0,0,0,0,0,0,-13,-4,-12,-4,-11,-3,-11,-3,-10,-2,-9,-2,-8,-1,-7,-1,-7,-1,-5,0,-5,0,-4,0,-3,0,-2,0,-2,1,-1,1,0,1,1,1,1,0,2,0,3,0,4,0,4,0,5,-1,6,-1,6,-1,0,0,8,-2,8,-1,9,-2,9,-2,10,-2,10,-2,10,-2,10,-2,11,-1,11,-1,11,-1,10,0,10,0,10,0,9,0,9,0,9,1,8,0,8,1,7,0,7,1,6,1,6,1,5,2,5,2,4,2,0,0,0,0,0,0,0,0,0,0,0,0,0,0,-27,32,-27,29,-23,33,-21,27,-21,28,-18,25,-17,25,-14,23,-12,21,-11,19,-8,17,-7,18,-6,15,-4,13,-3,10,-1,9,-1,5,0,5,1,3,2,1,3,0,4,-1,5,-1,3,-5,3,-9,4,-11,5,-12,3,-14,4,-17,4,-16,6,-18,4,-21,4,-21,6,-24,4,-25,8,-27,8,-26,6,-26,8,-26,7,-27,7,-29,12,-26,12,-24,9,-23,9,-22,10,-23,11,-22,10,-21,9,-18,8,-21,8,-17,10,-18,9,-15,9,-13,9,-10,9,-10,11,-8,0,0,0,0,0,0,0,0,0,0,0,0,0,0,0,0,0,0,0,0,0,0,13,38,11,36,9,41,7,38,4,40,2,39,3,36,3,37,2,37,2,38,1,36,1,33,2,33,0,31,-2,28,-1,26,0,24,-2,23,-2,20,-3,18,0,16,-1,14,-1,13,-2,8,-1,7,-1,4,-1,2,-1,-3,-1,-4,-2,-6,-2,-7,-3,-12,-4,-12,-4,-13,-5,-14,-6,-15,-8,-16,-9,-19,-10,-20,-14,-21,-13,-23,-18,-23,-17,-23,-20,-25,-22,-24,-27,-21,-27,-24,-31,-25,-29,-24,-32,-27,-32,-29,-36,-27,-34,-29,-34,-27,-40,-30,-40,-29,-38,-28,0,0]"
CSI_DATA,315,1a:00:00:00:00:00,-48,11,1,0,1,1,1,0,0,0,1,-96,0,11,2,4319476,0,44,0,384,0,"[0,0,0,0,0,0,0,0,0,0,0,0,10,-7,9,-7,8,-7,8,-7,7,-6,6,-5,5,-5,4,-5,4,-4,3,-4,2,-4,1,-4,1,-3,0,-2,-1,-2,-1,-2,-2,-1,-2,0,-2,0,-3,1,-3,1,-4,2,-4,3,-4,4,-4,4,-4,5,0,0,-5,6,-6,6,-6,7,-6,7,-7,7,-7,7,-7,8,-7,8,-7,8,-8,7,-8,8,-8,7,-8,6,-8,6,-8,6,-8,6,-7,5,-7,5,-7,4,-6,4,-7,3,-6,3,-6,2,-6,2,-6,1,-5,1,0,0,0,0,0,0,0,0,0,0,0,0,0,0,3,-89,2,-88,-6,-78,0,-76,-2,-73,1,-64,-4,-60,-9,-53,-11,-57,-7,-45,-12,-36,-8,-37,-10,-32,-10,-24,-7,-25,-10,-18,-9,-9,-10,-9,-9,-4,-7,0,-5,0,-4,4,-4,10,-3,13,3,17,3,25,4,24,10,26,3,29,12,28,18,33,15,40,16,44,16,44,20,46,18,48,19,50,19,52,13,56,12,53,13,58,13,57,11,53,11,53,9,48,11,51,7,48,7,45,2,42,4,39,1,39,4,39,1,36,-6,34,-4,32,-7,30,-11,26,0,0,0,0,0,0,0,0,0,0,0,0,0,0,0,0,0,0,0,0,0,0,-75,-39,-68,-47,-66,-50,-66,-52,-62,-53,-56,-54,-54,-52,-48,-57,-56,-56,-55,-56,-47,-52,-50,-50,-50,-52,-46,-50,-37,-46,-36,-43,-35,-43,-32,-39,-24,-31,-22,-27,-22,-22,-16,-26,-14,-21,-9,-12,-6,-15,1,-7,-3,-5,6,1,7,3,9,8,10,7,19,16,15,11,26,15,25,11,32,17,33,19,39,14,40,15,45,15,46,17,54,12,54,17,65,12,60,10,61,8,75,6,78,4,79,-1,88,5,87,-2,95,-6,91,1,92,-1,97,-4,96,1,95,1,0,0]"
CSI_DATA,316,1a:00:00:00:00:00,-48,11,1,0,1,1,1,0,0,0,1,-96,0,11,2,4379483,0,44,0,384,0,"[0,0,0,0,0,0,0,0,0,0,0,0,12,-4,11,-4,10,-4,10,-4,8,-4,7,-4,6,-4,5,-4,4,-4,3,-3,3,-3,2,-3,1,-3,0,-2,0,-2,-1,-2,-2,-1,-2,-1,-3,0,-3,0,-4,1,-4,2,-4,2,-5,3,-6,3,-6,4,0,0,-7,5,-7,5,-8,6,-8,6,-8,6,-9,6,-9,7,-9,6,-9,7,-9,6,-10,6,-10,5,-10,5,-9,5,-9,4,-9,4,-8,4,-8,4,-8,3,-7,3,-8,2,-7,2,-7,1,-7,1,-6,0,-6,0,0,0,0,0,0,0,0,0,0,0,0,0,0,0,12,-43,11,-40,5,-43,8,-37,7,-34,7,-33,4,-29,2,-29,2,-25,2,-22,1,-21,0,-18,-3,-17,-1,-14,-3,-13,-4,-10,-5,-8,-4,-5,-4,-4,-5,-3,-4,0,-4,2,-3,5,-2,6,-1,9,-1,11,-2,11,0,14,0,18,0,20,3,19,3,20,1,21,4,24,4,24,1,27,1,27,3,28,0,28,0,28,0,27,2,29,-1,27,0,27,0,26,0,25,-3,26,-1,23,-3,23,-3,21,-3,19,-3,19,-4,16,-6,16,-6,15,-8,13,-6,11,0,0,0,0,0,0,0,0,0,0,0,0,0,0,0,0,0,0,0,0,0,0,-30,-26,-30,-28,-28,-29,-27,-32,-23,-30,-24,-32,-22,-30,-20,-31,-20,-33,-20,-29,-19,-28,-18,-26,-19,-29,-15,-26,-16,-25,-12,-22,-13,-22,-10,-19,-8,-19,-5,-17,-6,-13,-6,-11,-1,-11,-4,-6,-1,-5,-1,-3,1,-1,1,1,1,2,4,4,4,7,6,10,8,9,9,9,11,13,12,11,14,12,16,12,17,14,19,14,22,13,24,13,26,15,29,13,31,14,32,11,35,14,38,12,37,10,39,14,42,11,44,9,47,11,45,10,48,9,50,11,48,9,0,0]"
CSI_DATA,317,1a:00:00:00:00:00,-48,11,1,0,1,1,1,0,0,0,1,-96,0,11,2,4389485,0,44,0,384,0,"[0,0,0,0,0,0,0,0,0,0,0,0,8,10,7,8,8,7,7,7,6,6,5,5,6,3,5,3,4,2,3,2,3,2,3,1,2,1,2,-1,1,-1,0,-2,0,-2,-1,-2,-1,-3,-2,-3,-2,-3,-3,-3,-4,-4,-5,-4,-5,-5,-5,-5,0,0,-7,-5,-7,-5,-8,-6,-8,-6,-8,-7,-9,-6,-9,-7,-9,-7,-8,-7,-8,-8,-8,-8,-7,-8,-7,-8,-7,-8,-6,-7,-5,-7,-6,-8,-5,-6,-5,-7,-4,-6,-4,-6,-4,-6,-3,-6,-2,-6,-1,-5,-1,-5,0,0,0,0,0,0,0,0,0,0,0,0,0,0,61,60,60,64,56,53,51,50,50,50,45,39,48,40,41,34,37,30,31,24,35,22,28,20,25,17,23,10,23,6,16,3,15,1,8,0,9,-6,5,-10,4,-9,2,-6,-5,-11,-10,-12,-13,-12,-16,-17,-19,-19,-28,-18,-28,-18,-33,-19,-34,-18,-41,-15,-41,-21,-43,-16,-49,-20,-50,-28,-47,-25,-53,-25,-50,-30,-46,-28,-52,-30,-47,-32,-45,-31,-50,-35,-40,-28,-43,-32,-37,-28,-39,-33,-32,-29,-36,-26,-28,-31,-27,-29,-24,-28,-20,-24,-18,-25,-14,-23,-9,-23,0,0,0,0,0,0,0,0,0,0,0,0,0,0,0,0,0,0,0,0,0,0,73,-32,72,-24,79,-26,72,-19,76,-18,74,-12,67,-10,69,-8,73,-12,68,-4,70,-7,61,-2,65,-3,63,-3,50,-2,53,0,51,-7,45,-2,36,-2,36,2,30,-1,23,3,21,1,12,-1,9,-2,5,-2,-5,1,-3,0,-7,2,-14,1,-18,1,-23,2,-24,2,-28,2,-32,7,-37,8,-37,12,-41,15,-43,17,-48,19,-43,24,-49,27,-54,31,-53,37,-51,35,-53,49,-55,45,-57,55,-59,57,-67,61,-63,62,-61,67,-66,66,-69,67,-64,74,-65,74,-69,75,0,0]"
CSI_DATA,318,1a:00:00:00:00:00,-48,11,1,0,1,1,1,0,0,0,1,-96,0,11,2,4399566,0,44,0,384,0,"[0,0,0,0,0,0,0,0,0,0,0,0,-3,-14,-4,-13,-4,-11,-4,-11,-4,-10,-4,-8,-4,-8,-3,-7,-3,-6,-3,-5,-3,-4,-3,-3,-3,-3,-2,-2,-3,-1,-2,0,-1,1,-1,1,-1,2,0,2,0,3,0,3,0,4,1,5,2,6,2,6,0,0,3,7,3,8,3,8,3,8,3,9,3,9,3,10,3,9,3,10,3,10,2,10,2,10,2,10,2,9,0,9,0,8,1,8,0,8,0,7,-1,7,-1,7,-1,6,-1,6,-2,6,-2,5,-3,4,0,0,0,0,0,0,0,0,0,0,0,0,0,0,-4,-43,-5,-44,-4,-39,-6,-35,-5,-36,-3,-30,-5,-30,-5,-28,-4,-24,-7,-23,-6,-19,-5,-19,-6,-14,-7,-12,-4,-11,-6,-7,-6,-7,-4,-3,-4,-2,-3,1,-3,2,-1,6,-2,6,1,7,-1,9,1,11,1,12,5,14,3,13,5,15,9,16,6,20,9,19,8,22,8,22,8,23,10,25,9,25,8,26,7,25,7,26,5,27,4,28,4,25,4,24,3,25,2,21,1,24,0,22,0,20,0,19,-2,18,0,15,-3,16,-5,14,-3,14,-5,11,0,0,0,0,0,0,0,0,0,0,0,0,0,0,0,0,0,0,0,0,0,0,-40,-8,-36,-12,-38,-12,-36,-15,-36,-17,-34,-17,-33,-16,-32,-17,-31,-19,-31,-17,-29,-18,-28,-19,-29,-17,-24,-17,-22,-16,-23,-15,-22,-15,-18,-12,-15,-14,-13,-8,-13,-10,-10,-8,-9,-6,-6,-4,-7,-2,-2,-2,-3,1,1,3,3,3,5,4,6,4,8,6,10,6,10,6,13,7,16,6,16,7,19,7,19,6,26,5,22,5,27,5,28,3,31,0,31,2,36,-2,37,-3,37,-3,39,-3,42,-3,44,-3,42,-5,48,-4,45,-7,48,-9,44,-6,46,-7,0,0]"
CSI_DATA,319,1a:00:00:00:00:00,-48,11,1,0,1,1,1,0,0,0,1,-96,0,11,2,4409610,0,44,0,384,0,"[0,0,0,0,0,0,0,0,0,0,0,0,-8,11,-7,10,-6,10,-5,9,-5,8,-4,7,-3,7,-3,6,-2,5,-2,4,-1,4,-1,3,0,2,0,2,0,1,1,0,1,-1,1,-1,1,-2,1,-3,2,-3,2,-4,2,-5,2,-6,2,-7,2,-7,0,0,2,-9,2,-9,2,-10,2,-10,3,-10,3,-11,3,-11,3,-11,3,-11,4,-11,4,-11,5,-10,4,-10,4,-10,5,-9,5,-9,4,-9,4,-8,4,-8,4,-7,5,-7,4,-6,4,-5,4,-5,4,-4,4,-3,0,0,0,0,0,0,0,0,0,0,0,0,0,0,54,72,52,66,52,62,46,64,42,56,40,48,36,43,41,40,35,33,30,28,31,24,31,25,28,18,21,15,19,13,16,5,16,2,12,-4,14,-5,5,-8,1,-12,4,-11,-4,-8,-11,-14,-13,-14,-16,-18,-16,-21,-23,-22,-24,-23,-29,-26,-28,-24,-38,-27,-30,-28,-43,-32,-38,-29,-42,-36,-47,-36,-46,-39,-45,-35,-40,-41,-41,-37,-38,-42,-38,-37,-39,-42,-37,-39,-34,-43,-29,-40,-34,-37,-28,-38,-20,-35,-23,-34,-20,-33,-20,-31,-16,-28,-14,-31,-14,-29,-2,-27,0,0,0,0,0,0,0,0,0,0,0,0,0,0,0,0,0,0,0,0,0,0,74,-31,74,-22,75,-18,80,-18,78,-12,79,-9,73,-7,77,-6,78,-5,73,-2,71,-6,65,-4,66,-5,62,-1,56,4,50,3,53,-2,43,3,44,-2,36,4,28,5,24,1,19,0,17,0,11,-5,7,-2,-2,-1,-2,-3,-9,-5,-14,-2,-16,-3,-23,-6,-28,-3,-30,2,-31,4,-34,2,-36,4,-42,7,-46,11,-51,20,-52,13,-55,19,-55,24,-55,31,-59,30,-66,37,-61,38,-60,41,-63,49,-70,45,-70,53,-70,55,-75,56,-75,57,-76,63,-77,59,-75,60,0,0]"
CSI_DATA,320,1a:00:00:00:00:00,-48,11,1,0,1,1,1,0,0,0,1,-96,0,11,2,4420346,0,44,0,384,0,"[0,0,0,0,0,0,0,0,0,0,0,0,1,-14,1,-13,0,-12,0,-11,0,-10,0,-9,-1,-8,-1,-7,-1,-6,-2,-5,-2,-5,-2,-4,-2,-3,-2,-2,-2,-1,-2,-1,-2,0,-2,1,-2,2,-2,2,-1,3,-1,4,-1,4,-1,5,0,6,0,6,0,0,1,8,1,8,1,9,1,10,1,10,0,10,0,10,0,10,0,11,0,11,-1,11,-1,10,-1,10,-1,10,-2,10,-2,9,-1,9,-2,8,-2,8,-2,7,-3,7,-3,6,-3,6,-3,5,-4,5,-4,4,0,0,0,0,0,0,0,0,0,0,0,0,0,0,-36,-27,-35,-27,-33,-24,-31,-22,-30,-21,-25,-18,-26,-15,-27,-15,-22,-13,-20,-10,-20,-8,-17,-7,-18,-6,-14,-3,-11,-6,-9,-2,-9,2,-7,0,-5,3,-4,2,-2,5,1,5,2,5,5,5,6,5,8,8,10,8,12,8,12,7,16,6,17,8,19,10,20,10,22,11,21,13,25,13,23,11,25,12,24,14,22,16,24,14,21,15,21,16,19,17,20,16,17,19,15,18,16,16,14,15,13,14,13,14,11,14,12,14,7,13,6,15,6,12,3,12,0,0,0,0,0,0,0,0,0,0,0,0,0,0,0,0,0,0,0,0,0,0,-28,30,-31,28,-30,26,-33,25,-34,22,-32,20,-31,20,-32,19,-34,18,-34,18,-31,16,-31,15,-29,16,-30,13,-27,10,-24,11,-25,10,-22,7,-21,7,-17,5,-15,5,-14,6,-10,4,-7,2,-6,2,-3,2,-1,0,2,1,4,0,7,2,6,-2,8,-2,10,-4,11,-6,11,-7,14,-7,15,-10,17,-12,19,-15,19,-17,20,-17,19,-20,21,-20,22,-24,20,-26,23,-24,20,-26,21,-31,23,-33,23,-35,22,-35,23,-40,24,-39,24,-38,26,-42,26,-45,26,-40,0,0]"
CSI_DATA,321,1a:00:00:00:00:00,-48,11,1,0,1,1,1,0,0,0,1,-96,0,11,2,4429458,0,44,0,384,0,"[0,0,0,0,0,0,0,0,0,0,0,0,-10,-9,-10,-7,-10,-7,-9,-6,-8,-6,-7,-5,-7,-4,-6,-3,-6,-3,-5,-2,-5,-2,-4,-1,-3,-1,-3,0,-2,0,-1,1,-1,1,0,1,0,1,1,2,2,2,3,2,3,3,4,3,5,3,5,3,0,0,7,3,7,4,8,4,8,4,8,4,8,5,9,5,8,5,9,5,8,6,8,6,8,6,7,6,7,6,6,6,6,6,6,6,5,5,5,5,5,5,4,5,4,5,3,5,2,5,1,5,1,4,0,0,0,0,0,0,0,0,0,0,0,0,0,0,-80,39,-73,38,-66,41,-67,41,-59,39,-53,38,-46,33,-46,33,-37,28,-39,30,-26,33,-26,25,-27,26,-21,17,-15,22,-8,12,-4,16,0,11,0,12,7,7,4,12,11,2,12,2,19,-5,18,-5,18,-9,20,-12,21,-18,29,-17,30,-23,31,-25,36,-27,32,-26,38,-34,35,-29,40,-31,44,-32,45,-31,48,-27,47,-28,46,-25,48,-25,48,-24,52,-24,46,-24,43,-21,45,-16,40,-20,41,-19,37,-14,39,-9,37,-9,36,-8,34,-5,30,0,30,-1,28,8,0,0,0,0,0,0,0,0,0,0,0,0,0,0,0,0,0,0,0,0,0,0,40,70,32,73,25,71,22,77,18,74,19,77,13,72,10,72,9,78,6,70,4,69,6,64,11,66,5,65,3,58,0,54,6,53,-1,42,1,42,1,38,3,34,0,29,1,17,4,17,1,9,1,4,3,2,2,-5,4,-7,4,-10,2,-16,-3,-20,2,-22,0,-31,2,-31,-5,-33,-4,-32,-8,-40,-8,-48,-14,-48,-12,-51,-20,-49,-23,-54,-23,-58,-29,-61,-29,-58,-35,-63,-42,-63,-45,-68,-44,-72,-47,-73,-58,-74,-52,-82,-53,-78,-53,-83,-58,-80,-53,-79,0,0]"
CSI_DATA,322,1a:00:00:00:00:00,-48,11,1,0,1,1,1,0,0,0,1,-96,0,11,2,4440459,0,44,0,384,0,"[0,0,0,0,0,0,0,0,0,0,0,0,3,-13,2,-12,1,-12,1,-11,1,-10,1,-9,0,-8,0,-7,0,-7,-1,-6,-1,-5,-2,-4,-2,-3,-2,-2,-2,-2,-2,-1,-2,0,-2,0,-2,1,-2,2,-2,3,-2,3,-2,4,-2,5,-2,6,-1,6,0,0,-1,8,-2,8,-1,9,-1,9,-2,9,-2,10,-2,10,-2,10,-3,10,-3,10,-3,10,-3,10,-3,9,-4,9,-4,9,-4,8,-4,8,-4,7,-4,7,-4,6,-4,6,-4,5,-4,5,-4,4,-5,4,-5,3,0,0,0,0,0,0,0,0,0,0,0,0,0,0,-34,-28,-34,-27,-34,-22,-30,-23,-29,-21,-25,-20,-25,-16,-26,-15,-25,-12,-19,-10,-20,-8,-18,-7,-17,-5,-16,-4,-12,-3,-9,-2,-9,0,-7,-2,-5,3,-2,5,-2,5,-3,5,3,6,1,7,5,7,7,8,9,7,12,8,13,8,14,9,15,10,17,12,17,12,19,12,18,12,21,16,21,14,21,16,22,17,18,16,20,17,18,17,19,19,18,19,17,17,14,19,12,17,14,17,12,16,11,17,10,16,10,14,7,15,6,15,6,13,3,13,1,13,0,0,0,0,0,0,0,0,0,0,0,0,0,0,0,0,0,0,0,0,0,0,-23,34,-24,32,-27,31,-29,29,-30,29,-31,26,-28,25,-29,25,-32,23,-28,22,-32,22,-28,20,-27,20,-28,16,-27,15,-25,14,-22,13,-22,10,-20,10,-16,10,-14,9,-14,6,-10,7,-7,7,-5,2,-4,2,-2,0,-1,1,3,2,4,-3,6,-2,9,-2,10,-5,10,-7,12,-5,14,-9,15,-11,16,-12,17,-16,17,-17,21,-17,18,-20,18,-22,20,-28,20,-24,20,-25,21,-29,20,-33,21,-32,22,-34,21,-36,21,-39,24,-39,23,-39,26,-41,26,-42,25,-42,0,0]"
CSI_DATA,323,1a:00:00:00:00:00,-48,11,1,0,1,1,1,0,0,0,1,-96,0,11,2,4452832,0,44,0,384,0,"[0,0,0,0,0,0,0,0,0,0,0,0,8,-10,7,-10,6,-9,6,-9,5,-8,4,-7,3,-7,3,-6,2,-6,1,-5,1,-5,0,-4,0,-4,-1,-3,-1,-2,-2,-2,-2,-1,-2,-1,-3,0,-3,1,-3,1,-4,2,-4,2,-4,3,-5,4,-5,4,0,0,-5,5,-6,6,-6,6,-6,7,-6,7,-7,7,-7,7,-7,7,-8,7,-8,7,-8,6,-8,6,-8,5,-8,5,-8,5,-8,5,-8,4,-7,4,-7,3,-7,3,-7,2,-7,2,-6,1,-6,1,-6,0,-5,-1,0,0,0,0,0,0,0,0,0,0,0,0,0,0,-44,-82,-34,-72,-51,-67,-36,-63,-36,-63,-34,-58,-34,-47,-30,-51,-29,-38,-32,-38,-29,-33,-30,-27,-28,-23,-20,-20,-19,-17,-19,-9,-17,-5,-17,-2,-11,0,-11,4,-11,9,-4,11,-1,10,0,15,1,16,-1,22,7,20,8,25,9,26,14,31,14,31,13,38,14,35,19,43,16,43,17,47,21,47,19,44,16,49,15,55,15,49,7,54,12,55,7,50,4,51,4,49,0,47,2,44,-1,38,-1,38,-5,38,-4,36,-4,36,-7,31,-8,27,-12,23,-15,22,0,0,0,0,0,0,0,0,0,0,0,0,0,0,0,0,0,0,0,0,0,0,-58,58,-65,54,-65,47,-69,45,-72,43,-70,38,-68,36,-70,34,-72,32,-71,30,-70,24,-63,23,-66,25,-61,22,-60,17,-51,12,-54,16,-51,9,-42,10,-37,8,-30,9,-31,6,-23,3,-20,1,-12,1,-10,8,-3,0,1,1,7,0,7,1,12,1,19,-3,23,-2,24,-5,28,-7,34,-4,34,-6,37,-13,39,-13,44,-20,46,-23,47,-25,50,-25,51,-32,53,-31,54,-32,58,-43,54,-45,67,-47,68,-49,69,-50,72,-51,77,-55,71,-52,81,-58,81,-61,82,-52,0,0]"
CSI_DATA,324,1a:00:00:00:00:00,-48,11,1,0,1,1,1,0,0,0,1,-96,0,11,2,4460621,0,44,0,384,0,"[0,0,0,0,0,0,0,0,0,0,0,0,12,-6,11,-6,9,-6,9,-6,8,-5,7,-5,6,-5,5,-5,4,-5,3,-4,3,-4,2,-4,1,-4,0,-3,0,-3,-1,-3,-2,-2,-2,-2,-3,-1,-3,-1,-4,0,-4,0,-5,0,-5,1,-6,2,-6,2,0,0,-7,3,-8,3,-9,3,-9,4,-9,4,-10,4,-10,4,-10,4,-10,4,-10,3,-11,3,-10,2,-10,2,-10,2,-10,1,-10,1,-9,1,-9,1,-9,0,-8,0,-8,0,-7,-1,-7,-1,-6,-2,-6,-2,-5,-2,0,0,0,0,0,0,0,0,0,0,0,0,0,0,2,-88,3,-85,-3,-78,4,-75,-1,-68,0,-67,-1,-61,-5,-56,-1,-52,-6,-45,-12,-41,-8,-36,-8,-35,-11,-31,-7,-23,-11,-23,-15,-15,-12,-14,-13,-4,-12,-5,-7,2,-10,5,-10,12,-8,11,-7,15,-7,15,-5,22,-1,27,-2,29,-3,31,2,32,-1,39,-2,37,-3,47,2,45,-4,46,-7,51,-6,54,-5,54,-10,50,-6,52,-9,52,-11,52,-14,49,-18,43,-14,47,-15,41,-16,44,-19,36,-18,37,-17,36,-19,30,-19,29,-21,25,-19,25,-20,20,-18,14,0,0,0,0,0,0,0,0,0,0,0,0,0,0,0,0,0,0,0,0,0,0,-82,11,-83,0,-82,-3,-85,-11,-82,-13,-81,-17,-75,-15,-71,-16,-76,-24,-69,-19,-72,-22,-67,-20,-66,-21,-62,-21,-56,-25,-51,-21,-54,-19,-43,-22,-44,-19,-36,-20,-28,-14,-27,-16,-26,-11,-17,-9,-14,-7,-5,-5,-6,3,-1,4,4,8,7,4,13,5,16,10,18,13,21,9,29,14,26,11,34,12,41,10,41,10,47,8,48,9,50,5,58,3,61,1,64,0,61,-3,70,0,75,-3,79,-7,86,-5,88,-9,87,-8,94,-4,91,-4,97,-9,95,-7,92,-4,0,0]"
CSI_DATA,325,1a:00:00:00:00:00,-49,11,1,0,1,1,1,0,0,0,1,-96,0,11,2,4469595,0,44,0,384,0,"[0,0,0,0,0,0,0,0,0,0,0,0,-11,8,-10,8,-8,7,-8,7,-7,6,-7,6,-6,6,-5,5,-4,5,-3,4,-3,4,-2,4,-1,3,-1,2,0,2,1,2,1,1,1,1,2,0,2,-1,3,-1,3,-2,4,-2,4,-3,5,-3,5,-4,0,0,5,-5,6,-5,6,-6,7,-6,7,-6,7,-6,8,-7,8,-6,8,-6,9,-6,9,-5,9,-5,8,-4,8,-4,8,-4,8,-4,8,-3,7,-3,7,-3,7,-2,7,-2,6,-1,6,-1,5,0,5,0,4,1,0,0,0,0,0,0,0,0,0,0,0,0,0,0,32,85,23,83,25,74,20,71,25,69,23,60,22,51,20,52,19,45,14,37,17,35,19,30,23,29,16,21,14,18,15,17,17,12,15,5,13,4,12,-2,9,-2,10,-8,4,-9,3,-17,4,-16,3,-22,0,-25,-4,-26,-5,-29,-7,-27,-5,-34,-11,-40,-11,-37,-15,-47,-14,-46,-10,-46,-9,-50,-15,-50,-11,-52,-7,-52,-10,-50,-4,-52,-2,-51,-3,-51,2,-49,1,-48,1,-44,1,-46,5,-43,5,-37,4,-34,7,-36,6,-33,12,-31,14,-27,13,-23,11,-21,0,0,0,0,0,0,0,0,0,0,0,0,0,0,0,0,0,0,0,0,0,0,73,-37,75,-30,79,-25,83,-21,80,-15,78,-10,78,-13,75,-10,77,-12,76,-1,73,-2,68,-1,69,-5,65,-1,61,7,57,3,54,3,47,6,42,3,35,5,37,3,30,6,25,2,18,3,16,2,9,-1,5,-2,-2,-3,-6,-5,-10,-5,-14,-7,-17,-5,-19,-4,-23,-4,-30,-3,-32,-4,-35,1,-40,2,-41,-1,-49,2,-52,7,-57,10,-58,8,-59,16,-61,19,-65,17,-69,22,-69,30,-72,33,-80,29,-84,32,-86,31,-88,34,-83,30,-91,35,-94,39,-89,37,0,0]"
CSI_DATA,326,1a:00:00:00:00:00,-48,11,1,0,1,1,1,0,0,0,1,-96,0,11,2,4479419,0,44,0,384,0,"[0,0,0,0,0,0,0,0,0,0,0,0,1,13,1,12,2,11,1,10,1,9,1,8,2,7,2,6,2,6,2,5,2,4,2,3,2,2,2,1,2,1,2,0,2,-1,1,-1,1,-2,1,-3,1,-3,1,-4,0,-5,0,-5,0,-6,0,-7,0,0,-1,-8,-1,-9,-1,-9,-1,-10,-1,-10,-1,-10,-1,-11,0,-10,0,-11,1,-11,1,-11,1,-10,2,-10,2,-10,2,-9,2,-9,2,-9,2,-8,2,-8,2,-7,3,-7,3,-7,3,-6,3,-5,3,-4,3,-4,0,0,0,0,0,0,0,0,0,0,0,0,0,0,41,13,38,10,41,8,35,9,33,7,30,7,27,7,29,4,25,3,23,3,21,1,19,-1,18,0,15,0,13,-3,12,-4,9,-8,8,-5,5,-6,1,-5,3,-8,0,-8,-4,-6,-4,-8,-7,-6,-9,-7,-11,-6,-11,-7,-13,-7,-15,-7,-17,-7,-19,-7,-18,-9,-22,-8,-20,-9,-23,-11,-25,-11,-23,-11,-23,-12,-24,-11,-24,-13,-24,-14,-22,-14,-21,-16,-17,-16,-19,-14,-17,-17,-17,-15,-16,-14,-13,-15,-13,-13,-11,-12,-9,-13,-9,-15,-7,-14,-7,-11,-4,-13,0,0,0,0,0,0,0,0,0,0,0,0,0,0,0,0,0,0,0,0,0,0,-2,-43,3,-42,5,-42,6,-42,9,-40,10,-40,11,-38,12,-35,12,-37,12,-34,14,-34,13,-34,12,-34,14,-29,16,-28,13,-24,12,-23,14,-21,11,-20,9,-15,10,-13,8,-14,9,-9,8,-7,4,-6,2,-2,0,-2,-2,-2,-4,2,-2,3,-7,4,-4,6,-5,9,-6,8,-8,13,-7,15,-10,14,-8,18,-7,21,-7,22,-10,25,-7,25,-8,28,-8,30,-7,31,-8,32,-9,37,-6,38,-6,41,-5,41,-5,42,-2,45,-7,48,-8,44,-9,48,-7,50,-10,48,0,0]"
CSI_DATA,327,1a:00:00:00:00:00,-49,11,1,0,1,1,1,0,0,0,1,-96,0,11,2,4489456,0,44,0,384,0,"[0,0,0,0,0,0,0,0,0,0,0,0,-6,-13,-5,-12,-6,-11,-5,-10,-5,-9,-4,-8,-5,-7,-5,-6,-4,-6,-4,-5,-4,-4,-4,-3,-4,-3,-3,-2,-3,-1,-3,0,-3,0,-2,1,-2,1,-2,2,-1,2,-1,3,0,4,0,4,0,5,1,5,0,0,1,6,2,7,2,8,2,8,2,8,2,9,2,9,2,9,1,9,1,10,1,10,0,9,0,9,0,9,-1,9,-1,8,-1,8,-1,7,-2,7,-2,6,-2,6,-2,6,-3,5,-3,5,-3,4,-3,3,0,0,0,0,0,0,0,0,0,0,0,0,0,0,-88,1,-86,-1,-81,2,-75,5,-68,0,-63,0,-62,2,-60,4,-52,6,-46,3,-47,11,-38,7,-34,11,-33,10,-29,7,-24,11,-16,9,-13,13,-8,11,-4,15,0,17,1,12,3,10,6,8,14,8,17,7,19,8,23,9,27,9,30,5,27,8,34,8,42,10,45,8,45,2,47,13,49,11,52,12,47,17,47,17,49,17,47,21,46,22,44,23,39,21,41,22,36,21,37,25,28,21,33,19,30,24,27,22,22,23,19,24,16,24,13,23,9,19,0,0,0,0,0,0,0,0,0,0,0,0,0,0,0,0,0,0,0,0,0,0,39,73,29,75,28,77,18,80,14,83,7,80,11,76,8,78,5,79,3,77,-2,72,-1,67,0,73,-5,62,-9,58,-6,54,-5,53,-11,48,-9,38,-8,36,-8,32,-7,28,-6,22,-6,18,-5,10,-3,10,1,2,1,-3,-3,-6,1,-9,4,-16,5,-17,9,-22,5,-21,8,-28,4,-32,2,-36,-2,-41,1,-44,-3,-50,0,-52,-2,-59,1,-55,-6,-68,-11,-70,-9,-64,-9,-71,-15,-75,-11,-76,-18,-89,-16,-88,-19,-87,-13,-92,-13,-94,-11,-100,-15,-95,-11,-99,0,0]"
CSI_DATA,328,1a:00:00:00:00:00,-49,11,1,0,1,1,1,0,0,0,1,-96,0,11,2,4499928,0,44,0,384,0,"[0,0,0,0,0,0,0,0,0,0,0,0,-10,9,-9,9,-8,9,-8,8,-7,7,-6,7,-5,7,-4,6,-4,5,-3,5,-3,4,-2,4,-1,3,-1,3,0,2,1,2,1,1,1,1,2,0,2,0,2,-1,3,-2,3,-2,4,-3,4,-3,4,-4,0,0,5,-5,6,-5,6,-6,6,-6,6,-6,7,-6,7,-7,7,-6,8,-7,8,-6,8,-6,8,-5,8,-5,8,-4,8,-4,8,-4,7,-4,7,-3,7,-3,7,-3,6,-2,6,-1,6,-1,5,-1,5,0,4,1,0,0,0,0,0,0,0,0,0,0,0,0,0,0,52,75,48,75,52,68,42,60,40,60,34,54,36,46,35,43,27,42,34,35,30,25,31,26,27,20,26,18,23,14,19,13,21,9,19,7,17,0,13,1,14,-7,9,-9,3,-9,4,-15,-2,-17,0,-18,-5,-21,-8,-26,-7,-25,-12,-30,-11,-33,-10,-37,-13,-40,-18,-41,-15,-43,-13,-46,-15,-46,-17,-46,-12,-49,-12,-50,-11,-49,-4,-50,-3,-50,-5,-47,-3,-47,-2,-48,4,-46,2,-45,3,-41,3,-34,3,-33,3,-35,11,-31,10,-31,9,-25,12,-20,14,-16,0,0,0,0,0,0,0,0,0,0,0,0,0,0,0,0,0,0,0,0,0,0,37,-77,45,-70,48,-68,54,-64,56,-58,58,-56,56,-54,52,-52,60,-51,58,-47,63,-41,59,-39,58,-40,58,-31,54,-26,48,-27,46,-29,39,-15,41,-15,35,-12,35,-12,27,-13,20,-4,16,-5,11,-5,5,-3,0,2,-4,2,-4,1,-16,2,-14,5,-20,9,-24,10,-25,8,-29,15,-33,13,-31,19,-37,20,-42,25,-42,27,-44,30,-48,36,-50,37,-53,39,-48,41,-59,41,-56,48,-53,56,-55,57,-64,61,-69,61,-66,66,-71,68,-70,59,-83,66,-76,69,-73,63,0,0]"
CSI_DATA,329,1a:00:00:00:00:00,-49,11,1,0,1,1,1,0,0,0,1,-96,0,11,2,4509584,0,44,0,384,0,"[0,0,0,0,0,0,0,0,0,0,0,0,0,-14,0,-14,-1,-12,-1,-12,-1,-10,-1,-10,-2,-9,-2,-8,-2,-7,-2,-6,-2,-6,-3,-5,-3,-4,-3,-3,-3,-3,-3,-2,-3,-1,-3,0,-3,0,-3,1,-2,2,-2,2,-2,3,-2,4,-2,4,-2,5,0,0,-2,6,-2,7,-2,8,-2,8,-3,8,-3,9,-3,9,-3,9,-4,9,-4,9,-5,9,-5,8,-5,8,-5,8,-5,7,-6,7,-5,6,-5,6,-5,5,-5,5,-5,4,-5,4,-5,3,-5,3,-5,2,-5,1,0,0,0,0,0,0,0,0,0,0,0,0,0,0,-38,-30,-37,-27,-34,-24,-32,-21,-31,-21,-27,-20,-27,-18,-28,-18,-25,-13,-21,-12,-20,-11,-18,-9,-17,-8,-17,-5,-16,-5,-11,0,-14,-1,-10,1,-9,2,-8,2,-4,5,-3,5,-4,5,-2,7,0,6,1,8,3,8,5,9,9,10,9,10,11,11,10,12,12,12,14,15,16,16,14,19,14,18,15,20,13,21,13,19,13,19,14,20,10,22,12,22,8,23,6,21,7,21,6,20,4,18,4,18,4,17,3,17,2,16,-1,16,0,14,-3,13,-3,12,0,0,0,0,0,0,0,0,0,0,0,0,0,0,0,0,0,0,0,0,0,0,-9,40,-15,39,-14,37,-16,39,-20,34,-21,37,-20,30,-23,31,-24,32,-22,29,-23,27,-23,27,-23,27,-22,23,-22,20,-20,16,-22,19,-18,14,-17,15,-15,10,-13,9,-12,8,-8,8,-8,5,-3,3,-4,2,-1,0,0,-3,0,-3,4,-7,5,-7,7,-7,9,-6,9,-8,12,-11,13,-12,9,-14,12,-17,13,-17,17,-21,17,-22,12,-23,17,-26,18,-29,18,-31,14,-32,17,-32,18,-36,17,-37,20,-38,20,-36,20,-42,25,-44,20,-41,24,-46,26,-47,23,-43,0,0]"
CSI_DATA,330,1a:00:00:00:00:00,-49,11,1,0,1,1,1,0,0,0,1,-96,0,11,2,4519512,0,44,0,384,0,"[0,0,0,0,0,0,0,0,0,0,0,0,11,-8,10,-8,9,-8,9,-8,7,-7,7,-6,6,-7,5,-6,4,-6,3,-5,3,-5,2,-5,1,-4,0,-4,0,-3,-1,-3,-1,-3,-2,-2,-2,-2,-3,-1,-3,-1,-4,0,-4,0,-5,1,-5,1,-6,2,0,0,-7,3,-7,3,-8,3,-8,4,-8,3,-9,3,-9,4,-9,3,-10,3,-10,3,-10,2,-10,2,-10,2,-9,1,-9,1,-9,1,-9,0,-8,0,-8,0,-8,0,-8,-1,-7,-1,-6,-2,-6,-2,-5,-3,-5,-3,0,0,0,0,0,0,0,0,0,0,0,0,0,0,-19,-90,-20,-91,-29,-83,-20,-77,-21,-76,-20,-62,-24,-63,-21,-56,-16,-56,-21,-44,-19,-42,-18,-38,-19,-36,-13,-29,-17,-25,-19,-19,-18,-13,-14,-13,-13,-8,-14,-3,-13,0,-11,1,-14,5,-6,10,-9,13,-5,17,-3,19,-1,19,-2,28,-2,29,-2,35,1,30,0,34,4,42,5,42,-2,44,1,48,-2,49,-5,49,-7,51,-6,52,-7,50,-11,49,-9,45,-9,39,-14,43,-15,39,-15,40,-15,36,-16,32,-16,31,-17,32,-17,28,-16,23,-14,17,-19,17,-20,9,0,0,0,0,0,0,0,0,0,0,0,0,0,0,0,0,0,0,0,0,0,0,-70,47,-69,41,-75,37,-76,34,-80,30,-75,21,-76,22,-76,18,-76,18,-74,13,-75,10,-64,9,-71,12,-64,6,-55,-1,-57,-1,-52,1,-48,-3,-41,-2,-37,-7,-34,-6,-27,-2,-23,-1,-18,-4,-14,-4,-7,-1,-2,-1,4,-2,8,-1,16,0,16,-2,22,-1,22,0,27,-1,32,0,34,-2,41,-3,42,-9,44,-9,50,-11,53,-9,57,-17,57,-17,65,-20,59,-25,71,-21,72,-27,75,-29,73,-29,82,-33,84,-37,86,-42,88,-30,93,-37,92,-38,95,-38,98,-31,0,0]"
CSI_DATA,331,1a:00:00:00:00:00,-49,11,1,0,1,1,1,0,0,0,1,-96,0,11,2,4529655,0,44,0,384,0,"[0,0,0,0,0,0,0,0,0,0,0,0,-7,-13,-6,-11,-7,-11,-6,-10,-6,-9,-5,-8,-6,-7,-5,-6,-5,-6,-5,-5,-4,-4,-4,-4,-4,-3,-4,-2,-3,-2,-3,-1,-3,0,-2,0,-2,1,-2,2,-1,2,-1,3,0,3,0,4,0,4,1,5,0,0,1,6,1,7,2,7,2,7,2,8,2,8,2,8,2,9,1,9,1,9,0,9,0,9,0,9,0,8,-1,8,-1,8,-1,8,-1,7,-2,7,-2,6,-2,6,-2,6,-3,5,-3,4,-3,4,-3,3,0,0,0,0,0,0,0,0,0,0,0,0,0,0,-92,13,-92,13,-80,18,-79,17,-76,13,-66,9,-63,13,-61,11,-55,12,-48,11,-46,16,-41,18,-35,15,-29,14,-28,14,-23,13,-19,15,-16,12,-8,12,-12,10,-6,12,2,14,4,10,12,13,9,7,17,10,16,12,23,6,25,4,31,0,31,1,34,4,37,3,39,5,37,1,43,7,47,7,43,8,49,8,49,11,49,11,47,14,43,14,44,16,41,18,37,18,37,15,36,20,29,15,32,18,31,17,26,14,25,21,18,24,17,23,16,23,9,24,0,0,0,0,0,0,0,0,0,0,0,0,0,0,0,0,0,0,0,0,0,0,46,65,39,68,39,71,33,72,28,77,20,73,24,72,21,70,17,74,13,70,4,70,9,65,11,66,1,60,-2,57,1,52,0,47,-4,47,0,42,-1,35,-4,30,-5,27,-3,20,-7,11,-3,8,-4,2,-4,-3,1,-7,0,-9,-2,-16,-2,-22,0,-22,0,-28,2,-26,0,-39,-2,-38,-2,-40,-4,-46,-8,-46,-7,-58,-11,-51,-14,-58,-17,-61,-19,-67,-20,-65,-19,-75,-21,-73,-31,-77,-30,-78,-30,-89,-27,-89,-29,-90,-24,-94,-30,-95,-27,-106,-29,-95,-22,-101,0,0]"
CSI_DATA,332,1a:00:00:00:00:00,-49,11,1,0,1,1,1,0,0,0,1,-96,0,11,2,4539454,0,44,0,384,0,"[0,0,0,0,0,0,0,0,0,0,0,0,-14,3,-13,3,-12,4,-12,3,-10,3,-9,3,-9,3,-8,3,-7,3,-6,3,-5,3,-4,3,-4,2,-3,2,-2,2,-1,2,-1,2,0,2,1,1,1,1,2,1,3,0,3,0,4,0,5,0,5,-1,0,0,6,-1,7,-1,8,-1,8,-1,8,-1,9,-1,9,-1,9,-1,9,-1,9,0,9,1,9,1,9,1,8,2,8,2,8,2,7,2,7,2,7,2,6,2,6,3,5,3,4,3,4,3,3,3,2,3,0,0,0,0,0,0,0,0,0,0,0,0,0,0,-7,45,-6,43,-5,38,-6,38,-5,37,-4,32,-3,30,-2,29,-2,27,0,23,1,23,1,21,3,19,0,16,2,12,4,11,4,10,6,7,4,7,5,3,6,2,6,2,4,-1,5,-2,7,-4,6,-8,6,-8,5,-11,6,-11,5,-14,2,-13,7,-17,7,-17,7,-17,4,-20,10,-22,7,-21,8,-20,12,-20,10,-22,11,-21,13,-19,14,-20,12,-20,14,-16,14,-16,14,-15,12,-14,14,-12,14,-10,13,-13,12,-11,13,-11,14,-5,11,-5,11,-3,11,-1,0,0,0,0,0,0,0,0,0,0,0,0,0,0,0,0,0,0,0,0,0,0,35,-15,36,-12,37,-9,40,-8,39,-4,36,-3,36,-1,35,0,36,2,34,2,34,3,33,2,32,3,28,5,25,8,22,5,22,6,22,8,18,6,15,6,14,5,10,5,7,2,4,3,0,2,-1,0,-2,1,-4,0,-6,-2,-8,-1,-10,-3,-12,-4,-14,-6,-14,-4,-17,-7,-17,-5,-20,-7,-21,-3,-25,-4,-28,-2,-29,-3,-31,-4,-31,-4,-34,0,-34,-1,-41,-4,-39,-4,-36,-1,-42,1,-43,-1,-45,0,-49,2,-50,0,-49,-3,-51,1,-50,-1,-49,-1,0,0]"
CSI_DATA,333,1a:00:00:00:00:00,-49,11,1,0,1,1,1,0,0,0,1,-96,0,11,2,4559480,0,44,0,384,0,"[0,0,0,0,0,0,0,0,0,0,0,0,0,13,1,12,2,12,1,11,1,10,1,9,2,8,2,7,2,6,2,6,2,5,2,4,2,3,2,2,2,2,2,1,2,0,2,0,1,-1,1,-2,1,-2,1,-3,1,-4,1,-4,1,-5,0,-6,0,0,0,-7,0,-8,0,-8,0,-9,0,-9,0,-9,1,-10,1,-10,1,-10,2,-10,3,-10,3,-9,3,-9,3,-9,3,-8,3,-8,3,-8,3,-7,3,-7,3,-6,4,-6,3,-5,4,-5,4,-4,4,-3,4,-2,0,0,0,0,0,0,0,0,0,0,0,0,0,0,45,11,44,12,41,8,39,7,37,8,33,7,33,4,30,4,26,4,25,4,25,1,20,1,20,-1,18,1,16,0,12,-2,11,-4,9,-4,7,-4,6,-5,2,-4,3,-5,1,-4,0,-7,-4,-8,-5,-8,-8,-7,-10,-7,-13,-9,-13,-9,-13,-6,-15,-9,-17,-9,-19,-10,-20,-10,-20,-12,-22,-13,-23,-12,-19,-15,-19,-13,-20,-16,-20,-16,-19,-18,-19,-16,-17,-17,-15,-16,-16,-16,-14,-17,-12,-17,-12,-13,-11,-16,-8,-15,-6,-15,-6,-17,-6,-14,-2,-13,0,-12,0,0,0,0,0,0,0,0,0,0,0,0,0,0,0,0,0,0,0,0,0,0,-11,-39,-6,-41,-5,-40,-2,-40,2,-40,3,-38,3,-35,5,-37,7,-36,10,-36,8,-35,7,-31,8,-33,10,-28,8,-25,9,-24,8,-22,8,-19,9,-16,8,-16,9,-11,5,-11,5,-8,4,-6,1,-3,-1,0,-2,1,-1,5,-5,5,-4,7,-4,9,-5,11,-7,12,-8,15,-9,17,-8,17,-9,19,-7,19,-7,24,-7,25,-9,26,-6,33,-8,32,-8,34,-7,34,-4,36,-3,37,-7,39,-5,41,-6,46,-6,47,-2,47,-7,49,-7,50,-5,53,-6,51,-9,53,0,0]"
CSI_DATA,334,1a:00:00:00:00:00,-48,11,1,0,1,1,1,0,0,0,1,-96,0,11,2,4580208,0,44,0,384,0,"[0,0,0,0,0,0,0,0,0,0,0,0,14,-1,13,-1,12,-2,12,-1,10,-1,9,-1,9,-2,7,-2,7,-2,6,-2,5,-2,4,-3,4,-2,3,-3,2,-3,1,-3,0,-3,0,-3,-1,-2,-2,-2,-2,-2,-3,-2,-4,-2,-4,-2,-5,-2,-6,-1,0,0,-7,-1,-8,-1,-9,-1,-9,-1,-9,-2,-10,-2,-10,-2,-10,-2,-10,-2,-10,-3,-10,-3,-10,-4,-9,-4,-9,-4,-9,-4,-9,-4,-8,-4,-8,-4,-7,-4,-7,-4,-6,-4,-6,-4,-5,-5,-4,-5,-4,-5,-3,-5,0,0,0,0,0,0,0,0,0,0,0,0,0,0,10,-46,12,-41,8,-41,7,-37,9,-36,6,-34,5,-31,6,-31,5,-27,2,-26,1,-25,1,-21,1,-22,-3,-17,-1,-17,-3,-14,-4,-12,-2,-10,-4,-7,-5,-6,-6,-4,-5,-4,-6,0,-6,-1,-5,2,-8,3,-6,7,-7,10,-8,11,-8,12,-7,12,-9,15,-9,15,-8,16,-7,18,-10,19,-11,18,-11,21,-15,21,-14,20,-12,19,-16,19,-16,18,-17,17,-17,16,-17,15,-17,14,-17,13,-16,12,-13,11,-14,10,-15,9,-13,8,-14,6,-10,3,-12,3,-12,0,0,0,0,0,0,0,0,0,0,0,0,0,0,0,0,0,0,0,0,0,0,0,-38,8,-40,3,-39,1,-40,0,-38,-4,-37,-4,-36,-5,-36,-7,-36,-6,-34,-9,-34,-10,-31,-10,-31,-10,-28,-12,-26,-12,-23,-10,-23,-10,-19,-12,-17,-10,-15,-7,-12,-7,-10,-5,-7,-6,-5,-3,-2,-3,0,0,3,1,4,-1,6,2,9,4,8,5,11,6,12,7,13,7,17,7,17,7,18,8,22,8,24,7,27,6,26,9,30,6,32,7,32,4,33,5,39,5,40,3,41,3,41,4,43,2,46,5,48,3,50,4,46,6,51,5,50,5,48,5,0,0]"
CSI_DATA,335,1a:00:00:00:00:00,-49,11,1,0,1,1,1,0,0,0,1,-96,0,11,2,4589842,0,44,0,384,0,"[0,0,0,0,0,0,0,0,0,0,0,0,-7,12,-6,11,-5,11,-5,10,-5,9,-4,8,-3,8,-3,7,-3,7,-2,6,-2,5,-1,5,-1,4,0,3,0,3,1,2,1,2,1,1,1,0,1,0,2,-1,2,-2,2,-2,2,-3,3,-4,3,-4,0,0,4,-6,4,-6,4,-7,4,-7,5,-7,5,-7,6,-7,6,-7,6,-7,7,-7,7,-7,7,-6,7,-6,7,-5,7,-5,7,-5,7,-4,6,-4,6,-4,6,-3,6,-3,6,-2,5,-2,5,-1,5,0,4,0,0,0,0,0,0,0,0,0,0,0,0,0,0,0,30,36,25,36,26,31,25,29,25,27,21,27,19,24,18,23,18,19,16,16,16,16,17,14,14,11,15,11,10,9,11,5,12,4,11,3,9,1,8,0,8,-2,4,-3,3,-5,1,-6,-1,-7,0,-8,1,-11,-4,-8,-5,-12,-6,-12,-5,-12,-5,-16,-11,-17,-10,-17,-9,-18,-10,-21,-9,-22,-10,-20,-10,-23,-10,-23,-8,-23,-6,-23,-6,-23,-7,-23,-6,-22,-5,-22,-2,-22,-4,-21,-2,-17,-2,-19,0,-16,0,-16,0,-15,2,-15,3,-13,4,-12,6,-10,0,0,0,0,0,0,0,0,0,0,0,0,0,0,0,0,0,0,0,0,0,0,18,-34,24,-31,24,-32,25,-29,28,-28,26,-24,27,-24,28,-20,29,-23,29,-19,29,-17,24,-17,24,-15,25,-14,22,-11,21,-12,21,-10,19,-6,16,-8,14,-6,11,-3,10,-1,7,-3,5,-3,2,-2,1,0,-3,0,-3,3,-6,1,-7,2,-11,2,-14,4,-13,5,-15,5,-15,7,-17,8,-19,9,-22,11,-21,13,-23,17,-24,12,-24,20,-28,19,-27,23,-26,22,-27,24,-28,26,-30,30,-29,30,-34,34,-33,32,-34,35,-37,34,-34,33,-37,36,-38,36,-40,35,0,0]"
CSI_DATA,336,1a:00:00:00:00:00,-49,11,1,0,1,1,1,0,0,0,1,-96,0,11,2,4600853,0,44,0,384,0,"[0,0,0,0,0,0,0,0,0,0,0,0,-14,-4,-13,-3,-13,-2,-12,-2,-11,-2,-10,-2,-10,-1,-8,-1,-8,-1,-7,0,-6,0,-6,1,-5,1,-4,1,-3,1,-3,1,-2,1,-1,2,-1,1,0,1,1,1,2,2,2,2,3,1,4,2,4,1,0,0,6,2,6,2,7,2,7,2,7,2,8,3,8,3,8,3,8,3,8,4,8,4,7,5,7,5,7,5,6,5,6,5,6,5,5,4,5,5,4,4,4,5,3,5,3,5,2,4,1,4,1,4,0,0,0,0,0,0,0,0,0,0,0,0,0,0,-30,36,-29,34,-27,34,-25,32,-23,29,-22,27,-20,25,-19,27,-18,24,-16,23,-14,21,-9,19,-9,18,-7,16,-8,16,-4,13,-6,14,-3,10,0,9,1,8,2,5,1,5,6,3,4,1,7,-1,7,-3,8,-4,8,-9,9,-5,10,-9,11,-11,13,-10,14,-11,15,-13,15,-15,19,-16,17,-16,19,-14,21,-13,19,-13,17,-13,23,-12,21,-11,22,-10,22,-10,19,-9,20,-6,20,-7,17,-6,18,-6,17,-3,17,-3,16,-1,16,-1,12,3,12,2,12,3,0,0,0,0,0,0,0,0,0,0,0,0,0,0,0,0,0,0,0,0,0,0,38,9,37,15,35,16,35,19,31,19,29,22,27,19,30,22,28,24,24,22,22,25,23,21,22,22,18,22,15,22,15,19,15,18,11,17,9,16,8,12,8,9,7,11,1,5,1,4,1,1,-1,0,-1,-2,-4,-5,-6,-7,-6,-10,-6,-9,-8,-13,-9,-13,-10,-14,-11,-15,-13,-15,-15,-18,-18,-18,-18,-18,-20,-20,-23,-20,-24,-21,-27,-21,-30,-21,-29,-21,-36,-19,-33,-22,-38,-23,-39,-21,-40,-23,-40,-29,-42,-27,-44,-29,-42,-27,-46,-31,-45,-31,-41,-31,0,0]"
CSI_DATA,337,1a:00:00:00:00:00,-49,11,1,0,1,1,1,0,0,0,1,-96,0,11,2,4609460,0,44,0,384,0,"[0,0,0,0,0,0,0,0,0,0,0,0,14,-3,13,-4,12,-4,12,-3,10,-3,9,-3,8,-4,7,-4,7,-4,6,-3,5,-3,4,-4,3,-3,2,-3,2,-3,1,-3,0,-3,0,-3,-1,-2,-2,-2,-2,-2,-3,-2,-4,-1,-5,-1,-5,-1,-6,-1,0,0,-7,0,-8,0,-9,0,-9,0,-9,0,-10,0,-10,-1,-10,-1,-11,-1,-10,-2,-11,-2,-10,-3,-10,-3,-10,-3,-9,-3,-9,-3,-8,-3,-8,-3,-8,-4,-7,-3,-7,-4,-6,-4,-5,-4,-5,-4,-4,-5,-3,-4,0,0,0,0,0,0,0,0,0,0,0,0,0,0,7,-47,9,-42,5,-39,5,-39,5,-38,5,-34,1,-32,3,-33,2,-28,1,-26,-2,-23,0,-21,-2,-20,-1,-17,-1,-15,-4,-13,-5,-13,-6,-10,-5,-8,-5,-7,-6,-6,-6,-3,-5,-1,-5,0,-6,3,-5,4,-5,5,-6,10,-6,9,-6,12,-5,11,-7,16,-6,14,-7,16,-6,17,-9,18,-9,21,-7,20,-10,21,-13,24,-10,19,-13,20,-14,18,-14,19,-14,18,-16,16,-13,17,-14,13,-13,13,-15,11,-14,10,-14,9,-13,9,-13,6,-13,6,-11,4,-11,1,0,0,0,0,0,0,0,0,0,0,0,0,0,0,0,0,0,0,0,0,0,0,-40,9,-38,4,-39,3,-38,1,-39,-5,-37,-4,-34,-6,-34,-8,-35,-6,-34,-8,-32,-10,-30,-9,-32,-9,-27,-9,-23,-12,-24,-11,-22,-8,-18,-12,-16,-6,-14,-9,-10,-9,-9,-5,-7,-6,-5,-3,-4,-3,1,-2,3,2,4,1,5,4,8,4,10,4,14,5,12,3,14,6,18,8,17,5,20,8,23,7,23,5,26,5,29,5,30,5,30,5,33,5,34,3,34,3,38,4,40,1,42,1,44,2,45,1,45,-1,48,3,47,2,54,2,50,3,52,6,0,0]"
CSI_DATA,338,1a:00:00:00:00:00,-49,11,1,0,1,1,1,0,0,0,1,-96,0,11,2,4619470,0,44,0,384,0,"[0,0,0,0,0,0,0,0,0,0,0,0,-8,12,-7,12,-6,11,-6,11,-5,9,-5,9,-4,8,-3,7,-3,7,-2,6,-2,6,-1,5,-1,4,0,3,0,3,1,2,1,2,1,1,1,0,2,-1,2,-1,2,-2,2,-2,2,-4,3,-4,3,-5,0,0,3,-6,4,-6,4,-7,4,-7,4,-8,5,-8,5,-8,5,-8,6,-8,6,-8,6,-8,6,-7,6,-7,7,-7,6,-6,7,-6,6,-5,6,-5,6,-4,6,-4,6,-3,5,-3,5,-3,5,-2,5,-1,4,-1,0,0,0,0,0,0,0,0,0,0,0,0,0,0,22,39,20,43,21,37,17,34,19,34,15,28,14,28,18,27,14,24,12,22,14,18,14,15,9,15,12,13,11,10,9,7,10,7,11,4,7,2,6,-1,8,-2,6,-1,3,-3,3,-4,1,-5,1,-7,-1,-8,-4,-9,-4,-11,-6,-13,-5,-14,-6,-16,-6,-17,-7,-18,-8,-18,-8,-20,-8,-22,-8,-24,-5,-24,-5,-24,-5,-25,-4,-24,-4,-25,-5,-23,-2,-21,-3,-23,1,-20,1,-21,3,-20,3,-18,4,-18,2,-18,4,-17,5,-14,6,-11,6,-11,7,-10,0,0,0,0,0,0,0,0,0,0,0,0,0,0,0,0,0,0,0,0,0,0,23,-31,28,-28,30,-27,30,-23,32,-22,31,-19,30,-17,32,-17,32,-15,33,-15,31,-14,30,-12,30,-12,27,-9,23,-5,23,-6,22,-7,19,-6,15,-2,16,-5,11,-4,11,0,7,-1,3,0,3,1,-1,-2,-2,-1,-6,1,-7,1,-9,1,-12,1,-12,3,-15,4,-18,4,-18,4,-21,5,-22,6,-22,8,-25,11,-28,10,-25,11,-29,13,-30,16,-31,17,-30,17,-28,23,-32,19,-34,21,-34,24,-39,26,-38,26,-38,28,-39,25,-42,28,-44,31,-43,27,-44,28,0,0]"
CSI_DATA,339,1a:00:00:00:00:00,-49,11,1,0,1,1,1,0,0,0,1,-96,0,11,2,4629465,0,44,0,384,0,"[0,0,0,0,0,0,0,0,0,0,0,0,-5,-14,-5,-13,-5,-12,-5,-12,-5,-11,-4,-10,-5,-9,-4,-8,-4,-7,-4,-6,-4,-6,-4,-5,-4,-4,-4,-3,-3,-2,-3,-2,-3,-1,-2,0,-2,0,-2,1,-1,2,-1,2,-1,3,0,4,0,4,0,5,0,0,1,6,1,7,1,7,1,8,1,8,1,8,1,9,1,9,0,9,0,9,-1,9,-1,9,-1,9,-1,8,-2,8,-2,8,-2,8,-2,7,-2,7,-2,6,-3,6,-3,5,-3,5,-4,4,-4,3,-4,3,0,0,0,0,0,0,0,0,0,0,0,0,0,0,-47,-3,-47,-5,-45,0,-41,-1,-39,-1,-37,-1,-33,0,-32,-1,-27,1,-26,2,-23,1,-22,3,-20,3,-17,3,-15,5,-14,4,-11,6,-10,5,-7,5,-5,6,-3,4,-4,3,-1,4,2,3,3,3,3,4,6,4,10,2,9,3,13,1,15,4,15,4,16,2,17,3,19,2,19,2,23,5,23,6,23,7,22,9,21,8,22,9,21,9,21,11,20,9,19,8,16,11,16,11,15,11,14,10,14,11,13,10,10,10,8,14,8,12,7,11,3,10,0,0,0,0,0,0,0,0,0,0,0,0,0,0,0,0,0,0,0,0,0,0,12,39,7,39,3,40,1,39,1,37,-1,36,-1,35,-4,35,-5,37,-6,35,-8,31,-4,31,-6,32,-6,28,-9,26,-10,25,-7,17,-6,18,-10,16,-8,13,-7,16,-6,12,-6,6,-2,2,-4,4,-1,0,0,-4,3,-4,2,-10,3,-10,2,-12,3,-14,4,-15,5,-17,3,-19,5,-19,6,-21,4,-23,2,-27,3,-29,5,-29,2,-35,4,-33,1,-38,0,-35,-3,-41,-1,-42,-5,-40,-2,-45,-2,-48,-2,-48,-6,-49,-2,-51,-3,-51,-2,-53,-3,-51,-1,-53,0,0]"
CSI_DATA,340,1a:00:00:00:00:00,-49,11,1,0,1,1,1,0,0,0,1,-96,0,11,2,4640123,0,44,0,384,0,"[0,0,0,0,0,0,0,0,0,0,0,0,12,-8,10,-8,9,-8,9,-8,8,-7,7,-6,6,-7,5,-6,5,-6,4,-5,4,-5,3,-5,2,-4,1,-4,1,-3,0,-4,-1,-3,-1,-2,-2,-2,-2,-1,-3,-1,-3,0,-4,0,-4,1,-5,1,-5,2,0,0,-6,2,-7,3,-7,3,-8,4,-8,3,-9,3,-9,4,-9,3,-9,3,-10,3,-10,2,-10,1,-9,1,-9,1,-9,1,-9,1,-9,0,-8,0,-8,0,-8,0,-7,-1,-7,-1,-6,-2,-6,-2,-5,-3,-4,-3,0,0,0,0,0,0,0,0,0,0,0,0,0,0,-27,-95,-24,-85,-31,-78,-29,-75,-25,-74,-20,-67,-26,-61,-25,-57,-23,-55,-19,-49,-23,-48,-17,-35,-20,-35,-18,-29,-18,-24,-16,-25,-16,-20,-16,-14,-17,-11,-12,-7,-14,-3,-16,1,-10,6,-3,6,-11,12,-9,14,-3,16,0,17,-2,25,2,28,-1,30,2,36,4,34,6,38,3,41,6,41,3,44,4,46,-7,46,0,46,-1,49,-8,49,-10,46,-7,47,-7,40,-11,45,-12,41,-9,38,-13,34,-10,33,-14,35,-16,26,-15,30,-13,20,-18,24,-19,20,-23,13,0,0,0,0,0,0,0,0,0,0,0,0,0,0,0,0,0,0,0,0,0,0,-60,50,-64,43,-71,43,-69,40,-72,32,-73,28,-68,30,-69,22,-68,24,-68,19,-68,15,-61,12,-61,11,-55,7,-49,1,-48,6,-50,5,-45,-4,-32,-4,-31,-1,-27,-5,-18,-2,-21,-4,-9,-5,-5,-6,4,-2,7,-6,10,-1,13,-2,20,-5,20,0,27,-3,30,-2,34,-5,39,-2,37,-8,39,-6,45,-10,52,-14,54,-16,59,-15,62,-18,59,-20,65,-28,62,-27,70,-28,69,-30,73,-40,77,-38,85,-38,84,-39,86,-44,92,-41,91,-43,97,-43,95,-41,94,-44,0,0]"
CSI_DATA,341,1a:00:00:00:00:00,-49,11,1,0,1,1,1,0,0,0,1,-96,0,11,2,4650052,0,44,0,384,0,"[0,0,0,0,0,0,0,0,0,0,0,0,13,6,12,5,11,4,11,4,10,3,8,3,8,2,7,1,7,1,6,1,6,0,5,0,4,-1,3,-1,3,-1,2,-2,1,-2,1,-2,0,-2,-1,-2,-1,-3,-2,-3,-3,-3,-4,-3,-4,-3,-5,-3,0,0,-6,-3,-7,-4,-7,-4,-8,-4,-8,-4,-8,-5,-9,-5,-9,-5,-9,-5,-9,-6,-8,-7,-8,-7,-7,-7,-7,-7,-7,-7,-6,-7,-6,-7,-6,-6,-5,-6,-5,-6,-4,-6,-4,-6,-3,-6,-2,-6,-2,-5,-1,-5,0,0,0,0,0,0,0,0,0,0,0,0,0,0,29,-37,29,-33,25,-37,21,-34,22,-32,20,-30,17,-26,17,-28,14,-24,12,-22,11,-20,8,-19,9,-19,4,-16,5,-16,3,-14,2,-13,1,-10,0,-11,-3,-7,-5,-6,-4,-5,-6,-2,-5,-2,-6,1,-7,0,-7,3,-8,4,-8,7,-9,9,-11,11,-11,12,-12,14,-13,14,-15,17,-16,15,-16,17,-17,16,-19,14,-19,16,-18,15,-20,14,-20,13,-20,13,-20,11,-19,12,-20,10,-19,11,-17,8,-17,8,-15,7,-16,5,-14,3,-17,1,-13,1,-13,0,-12,-3,0,0,0,0,0,0,0,0,0,0,0,0,0,0,0,0,0,0,0,0,0,0,-36,-18,-34,-23,-33,-24,-33,-26,-30,-26,-29,-27,-25,-27,-25,-26,-25,-28,-22,-27,-21,-27,-19,-26,-19,-25,-16,-25,-13,-24,-14,-21,-15,-22,-9,-22,-8,-16,-6,-15,-6,-14,-4,-10,-4,-10,-2,-8,0,-3,2,-1,1,0,2,3,3,5,6,6,5,7,8,12,7,13,8,15,11,15,12,19,12,17,14,19,17,17,20,19,18,20,24,19,24,21,26,22,26,20,34,20,32,23,33,23,36,22,38,24,37,24,41,26,44,27,40,26,44,30,43,28,43,28,0,0]"
CSI_DATA,342,1a:00:00:00:00:00,-49,11,1,0,1,1,1,0,0,0,1,-96,0,11,2,4689560,0,44,0,384,0,"[0,0,0,0,0,0,0,0,0,0,0,0,10,9,10,8,10,7,9,7,8,6,8,5,7,4,7,4,6,3,5,2,5,2,4,1,4,1,3,0,3,0,2,-1,1,-2,1,-2,0,-2,0,-2,-1,-3,-2,-3,-2,-3,-3,-4,-4,-4,-4,-5,0,0,-6,-5,-6,-6,-7,-6,-7,-6,-7,-7,-7,-7,-7,-8,-7,-8,-7,-8,-7,-8,-6,-9,-6,-9,-5,-9,-5,-9,-4,-8,-4,-9,-4,-8,-4,-8,-3,-8,-3,-7,-2,-7,-2,-7,-1,-7,-1,-6,0,-6,0,-5,0,0,0,0,0,0,0,0,0,0,0,0,0,0,82,-39,77,-37,79,-42,69,-35,67,-29,55,-29,56,-30,49,-29,45,-27,41,-25,34,-29,28,-29,29,-26,23,-19,24,-20,15,-24,17,-20,5,-18,3,-15,2,-13,-2,-11,-2,-9,-5,-8,-9,-6,-12,0,-16,-2,-17,-1,-20,4,-22,6,-26,8,-24,8,-33,12,-32,9,-38,14,-40,14,-45,13,-40,15,-43,14,-50,14,-47,12,-44,9,-51,2,-47,-1,-45,1,-48,2,-44,4,-44,-4,-39,-3,-40,1,-35,-5,-37,-4,-33,-9,-27,-5,-27,-11,-23,-15,-23,-13,-18,-15,0,0,0,0,0,0,0,0,0,0,0,0,0,0,0,0,0,0,0,0,0,0,-57,-56,-52,-58,-49,-63,-45,-71,-35,-68,-34,-71,-34,-67,-30,-68,-29,-72,-23,-68,-17,-67,-16,-65,-19,-70,-9,-59,-7,-56,-8,-51,-9,-51,-5,-45,-2,-39,-2,-38,5,-27,3,-25,6,-15,3,-14,4,-7,4,-7,6,3,5,1,4,10,3,12,6,13,5,22,4,26,5,27,9,32,8,36,15,37,13,42,20,43,20,49,24,51,26,51,27,55,31,57,32,56,42,56,37,61,43,65,47,70,46,71,52,76,49,75,51,84,50,77,51,87,56,84,47,86,0,0]"
CSI_DATA,343,1a:00:00:00:00:00,-49,11,1,0,1,1,1,0,0,0,1,-96,0,11,2,4700325,0,44,0,384,0,"[0,0,0,0,0,0,0,0,0,0,0,0,-8,-12,-8,-11,-8,-10,-8,-10,-7,-9,-6,-8,-7,-7,-6,-6,-6,-5,-5,-4,-5,-4,-5,-3,-4,-2,-4,-2,-3,-1,-3,0,-2,0,-2,0,-1,1,-1,1,0,2,0,2,1,3,1,3,2,4,3,4,0,0,4,5,4,5,4,6,5,6,5,6,5,7,5,7,5,7,5,8,4,8,4,8,4,8,3,8,3,8,2,8,2,8,2,7,2,7,1,7,1,6,0,6,0,6,0,6,-1,5,-1,4,-2,4,0,0,0,0,0,0,0,0,0,0,0,0,0,0,-89,14,-85,16,-78,24,-71,22,-68,22,-63,18,-60,21,-56,20,-51,18,-44,18,-38,20,-37,20,-37,21,-31,16,-25,15,-18,16,-17,13,-13,13,-9,9,-7,13,-3,11,1,11,6,7,8,7,12,3,13,3,16,1,21,-2,23,-3,26,-8,29,-9,32,-9,32,-9,38,-11,35,-13,44,-7,44,-12,43,-14,50,-11,43,-6,43,-8,47,-2,50,-5,47,0,42,-1,44,-4,42,3,40,3,37,0,37,5,30,1,37,6,29,9,25,9,25,10,20,12,15,13,0,0,0,0,0,0,0,0,0,0,0,0,0,0,0,0,0,0,0,0,0,0,21,80,12,76,10,78,7,82,-2,83,-3,77,1,73,-8,71,-3,73,-13,75,-16,67,-12,64,-13,66,-14,60,-15,55,-17,49,-11,45,-18,39,-9,36,-17,31,-16,29,-10,25,-10,18,-9,8,-12,7,-9,2,-7,0,-4,-5,1,-12,2,-19,-1,-18,6,-24,2,-27,2,-30,-2,-37,0,-34,-1,-38,1,-41,-5,-47,-4,-53,-6,-58,-9,-59,-11,-64,-18,-68,-22,-62,-23,-61,-20,-74,-27,-72,-28,-75,-29,-84,-26,-86,-33,-86,-28,-94,-33,-88,-37,-89,-35,-91,-31,-96,0,0]"
CSI_DATA,344,1a:00:00:00:00:00,-49,11,1,0,1,1,1,0,0,0,1,-96,0,11,2,4719620,0,44,0,384,0,"[0,0,0,0,0,0,0,0,0,0,0,0,-12,6,-11,6,-10,6,-10,6,-9,6,-8,5,-7,5,-6,5,-5,4,-5,4,-4,4,-3,4,-3,3,-2,3,-1,2,-1,2,0,1,0,1,1,0,1,0,2,-1,2,-1,3,-2,3,-2,4,-3,4,-3,0,0,5,-4,6,-4,6,-5,6,-5,7,-5,7,-5,8,-6,8,-5,8,-5,8,-5,9,-4,9,-4,8,-3,8,-3,8,-3,8,-3,8,-2,7,-2,7,-2,6,-2,6,-1,6,-1,5,0,5,0,5,1,4,1,0,0,0,0,0,0,0,0,0,0,0,0,0,0,-1,89,-11,87,0,78,-4,77,2,71,-3,66,-2,60,-3,57,1,54,-1,47,9,45,5,41,6,40,8,33,10,29,11,23,14,21,9,12,10,10,11,2,6,5,6,2,7,-4,9,-6,4,-11,5,-14,3,-17,2,-19,4,-25,1,-30,2,-33,3,-34,2,-34,1,-41,-3,-40,3,-47,5,-47,2,-43,9,-44,6,-46,8,-47,7,-48,15,-49,10,-49,10,-43,15,-42,19,-41,17,-41,16,-35,11,-32,18,-31,16,-26,14,-26,18,-22,19,-21,18,-18,20,-17,0,0,0,0,0,0,0,0,0,0,0,0,0,0,0,0,0,0,0,0,0,0,85,0,82,7,83,9,80,16,81,23,75,26,72,23,70,26,73,30,69,27,62,32,62,29,65,27,56,32,51,29,42,29,44,32,38,31,35,27,27,25,17,17,22,16,14,11,10,13,6,13,2,6,-6,4,-6,2,-9,-3,-14,-1,-16,-6,-18,-8,-25,-5,-29,-5,-29,-13,-31,-13,-37,-11,-43,-6,-40,-9,-54,-12,-54,-9,-58,-4,-59,-8,-67,-5,-67,-2,-68,4,-74,-2,-77,4,-80,2,-89,4,-91,6,-93,7,-95,2,-99,3,-103,5,-103,4,-94,-2,0,0]"
CSI_DATA,345,1a:00:00:00:00:00,-49,11,1,0,1,1,1,0,0,0,1,-96,0,11,2,4729456,0,44,0,384,0,"[0,0,0,0,0,0,0,0,0,0,0,0,-5,12,-4,11,-3,11,-3,10,-3,9,-3,8,-2,8,-1,7,-1,6,-1,5,-1,5,0,4,0,3,1,3,1,2,1,1,1,1,1,0,1,-1,1,-1,1,-2,1,-3,1,-4,1,-4,1,-5,1,-6,0,0,1,-7,1,-8,1,-8,1,-9,2,-9,2,-9,2,-9,2,-9,2,-10,3,-10,3,-10,3,-9,4,-8,4,-8,4,-8,4,-8,4,-7,4,-7,4,-7,4,-6,4,-5,4,-5,4,-4,4,-4,4,-3,4,-2,0,0,0,0,0,0,0,0,0,0,0,0,0,0,38,26,31,23,37,25,31,23,27,18,26,19,24,15,25,16,21,14,24,11,20,7,16,7,17,6,12,4,13,5,9,0,12,0,9,1,8,-3,3,-3,5,-2,2,-3,2,-6,-2,-2,-4,-8,-5,-7,-4,-8,-9,-9,-9,-8,-11,-6,-12,-11,-15,-11,-14,-10,-18,-12,-17,-13,-18,-16,-20,-15,-20,-15,-17,-15,-18,-16,-17,-17,-16,-18,-16,-18,-15,-20,-15,-21,-13,-19,-13,-18,-10,-17,-12,-18,-8,-17,-8,-16,-8,-14,-6,-14,-4,-12,-4,-13,-2,-12,-1,-12,0,0,0,0,0,0,0,0,0,0,0,0,0,0,0,0,0,0,0,0,0,0,22,-35,28,-33,25,-28,34,-30,30,-24,34,-28,31,-24,31,-22,32,-22,30,-20,32,-18,29,-17,31,-16,30,-13,29,-12,25,-10,25,-10,23,-6,21,-8,17,-6,14,-4,14,-4,12,-2,10,-1,6,-2,3,1,1,4,-1,3,-2,3,-6,3,-7,4,-10,5,-10,8,-13,8,-14,9,-14,11,-14,11,-17,14,-16,14,-18,17,-21,20,-17,19,-23,23,-22,25,-21,27,-21,25,-21,30,-20,33,-19,33,-24,36,-25,38,-23,39,-28,42,-23,36,-29,43,-28,47,-27,36,0,0]"
CSI_DATA,346,1a:00:00:00:00:00,-49,11,1,0,1,1,1,0,0,0,1,-96,0,11,2,4739535,0,44,0,384,0,"[0,0,0,0,0,0,0,0,0,0,0,0,10,-9,9,-9,8,-8,8,-8,7,-7,6,-7,5,-7,4,-6,4,-6,3,-5,3,-5,2,-5,1,-4,0,-4,0,-3,-1,-3,-1,-2,-2,-2,-2,-1,-2,0,-3,0,-3,1,-3,1,-4,2,-5,2,-5,3,0,0,-6,4,-6,4,-7,5,-7,5,-7,5,-8,5,-8,6,-8,5,-8,5,-9,5,-9,5,-9,4,-9,4,-9,3,-9,3,-9,3,-8,2,-8,2,-8,2,-7,2,-7,1,-7,0,-6,0,-6,-1,-6,-1,-5,-2,0,0,0,0,0,0,0,0,0,0,0,0,0,0,-13,-85,-14,-85,-21,-81,-12,-72,-19,-72,-14,-59,-18,-63,-15,-51,-16,-52,-13,-46,-14,-43,-14,-37,-16,-36,-17,-29,-18,-25,-16,-14,-17,-14,-13,-13,-13,-6,-16,-4,-9,-1,-6,2,-5,5,-3,12,-3,13,0,15,-5,13,0,20,4,22,9,28,9,31,6,33,10,34,16,37,16,41,12,41,13,44,10,42,9,47,6,48,7,47,5,51,0,50,2,52,0,45,-5,44,-4,40,-2,41,-3,36,-6,35,-3,32,-7,32,-9,30,-15,27,-14,25,-14,21,-14,17,0,0,0,0,0,0,0,0,0,0,0,0,0,0,0,0,0,0,0,0,0,0,-85,11,-80,0,-86,-1,-83,-7,-85,-10,-80,-15,-77,-16,-76,-19,-78,-23,-72,-20,-73,-24,-67,-24,-67,-19,-62,-27,-49,-23,-52,-27,-49,-22,-46,-26,-36,-21,-30,-20,-21,-15,-23,-19,-19,-11,-15,-14,-7,-14,-1,-9,2,-6,4,-6,11,0,17,-3,17,3,23,5,26,1,24,2,32,4,35,5,34,4,41,-2,47,-1,49,-3,46,-4,55,-11,60,-3,66,-10,59,-12,63,-7,70,-9,78,-17,77,-23,85,-19,83,-23,88,-32,91,-26,91,-24,98,-31,91,-23,96,-26,0,0]"
CSI_DATA,347,1a:00:00:00:00:00,-49,11,1,0,1,1,1,0,0,0,1,-96,0,11,2,4749477,0,44,0,384,0,"[0,0,0,0,0,0,0,0,0,0,0,0,9,8,9,7,9,6,8,6,7,5,7,5,7,4,6,3,6,3,5,2,4,1,4,1,3,0,3,0,2,-1,2,-1,1,-2,0,-2,0,-2,-1,-2,-2,-3,-2,-3,-3,-3,-4,-3,-4,-4,-5,-4,0,0,-6,-4,-7,-5,-7,-5,-8,-5,-8,-6,-8,-6,-8,-6,-8,-6,-8,-7,-8,-7,-8,-7,-7,-8,-7,-7,-7,-8,-6,-7,-6,-7,-5,-7,-5,-7,-5,-7,-4,-6,-4,-6,-3,-6,-3,-6,-2,-6,-1,-5,-1,-5,0,0,0,0,0,0,0,0,0,0,0,0,0,0,82,-30,77,-29,76,-40,70,-29,59,-31,55,-26,50,-33,50,-25,45,-30,40,-25,32,-27,29,-23,25,-27,23,-19,19,-19,14,-22,9,-17,7,-15,3,-11,-3,-12,0,-7,-4,-5,-8,-2,-9,0,-18,2,-16,0,-18,3,-22,6,-23,10,-24,11,-22,9,-30,21,-32,18,-33,23,-33,24,-43,21,-41,23,-43,23,-47,21,-43,21,-44,19,-50,23,-48,18,-44,11,-42,15,-42,12,-42,10,-39,9,-39,10,-38,7,-36,7,-34,5,-32,2,-32,-4,-27,-2,-25,-1,-26,-6,0,0,0,0,0,0,0,0,0,0,0,0,0,0,0,0,0,0,0,0,0,0,-17,-81,-9,-85,-7,-87,2,-85,0,-81,7,-84,10,-77,13,-75,12,-81,14,-70,15,-75,16,-73,14,-70,21,-64,18,-60,22,-48,16,-55,19,-49,20,-37,16,-34,18,-35,13,-27,12,-22,10,-14,8,-10,6,-9,8,-2,7,3,2,8,2,12,-1,15,4,21,3,21,0,28,3,29,0,32,3,38,3,39,6,44,9,46,11,52,12,55,15,59,19,58,20,61,29,62,33,68,35,69,31,73,31,75,34,79,41,79,43,87,40,85,42,87,44,88,40,88,0,0]"
CSI_DATA,348,1a:00:00:00:00:00,-49,11,1,0,1,1,1,0,0,0,1,-96,0,11,2,4760795,0,44,0,384,0,"[0,0,0,0,0,0,0,0,0,0,0,0,3,12,3,11,4,10,3,10,3,8,3,7,3,7,3,6,3,5,3,4,2,4,2,3,2,2,2,1,2,1,2,0,1,-1,1,-1,0,-2,0,-2,0,-3,-1,-4,-1,-4,-2,-5,-2,-5,-3,-6,0,0,-3,-7,-3,-7,-4,-8,-4,-8,-4,-9,-4,-9,-4,-10,-3,-10,-3,-10,-3,-10,-3,-10,-2,-10,-2,-10,-2,-10,-1,-9,-1,-9,-1,-9,-1,-8,0,-8,0,-8,1,-7,1,-7,1,-6,1,-6,2,-5,2,-4,0,0,0,0,0,0,0,0,0,0,0,0,0,0,43,6,40,7,41,3,36,3,34,2,30,2,29,2,29,3,25,0,23,0,21,-2,18,-2,17,-5,13,-3,13,-3,11,-8,8,-6,9,-6,4,-5,3,-6,1,-3,-1,-5,-3,-2,-5,-4,-6,-4,-6,-5,-9,-3,-13,-2,-15,0,-16,0,-17,-3,-18,-1,-21,-1,-20,0,-23,1,-25,-1,-24,-2,-24,-1,-24,-3,-23,-2,-26,-4,-24,-5,-25,-7,-24,-6,-21,-6,-22,-7,-21,-8,-21,-7,-18,-9,-18,-7,-16,-9,-15,-8,-15,-8,-12,-8,-12,-10,-8,-10,-7,-9,0,0,0,0,0,0,0,0,0,0,0,0,0,0,0,0,0,0,0,0,0,0,12,-40,14,-39,14,-40,18,-38,21,-38,20,-35,21,-36,22,-32,21,-34,23,-29,25,-28,22,-26,24,-29,22,-24,20,-20,19,-19,19,-19,19,-16,16,-15,16,-12,15,-10,13,-10,9,-5,9,-7,7,-1,5,-1,2,1,1,4,-1,3,0,6,-3,7,-5,9,-5,10,-4,11,-6,14,-6,14,-8,16,-7,19,-7,21,-8,22,-8,24,-7,27,-6,28,-6,32,-7,30,-5,35,-5,34,-3,37,-4,37,-2,42,-5,41,-3,43,-6,47,-4,46,-4,49,-5,47,-5,48,0,0]"
CSI_DATA,349,1a:00:00:00:00:00,-49,11,1,0,1,1,1,0,0,0,1,-96,0,11,2,4779471,0,44,0,384,0,"[0,0,0,0,0,0,0,0,0,0,0,0,5,11,5,10,5,9,5,9,4,8,4,7,4,6,4,5,4,4,3,3,3,3,3,2,2,1,2,1,2,0,1,-1,1,-1,0,-2,0,-2,-1,-3,-1,-3,-2,-3,-2,-4,-3,-4,-3,-5,-4,-5,0,0,-5,-6,-5,-7,-6,-7,-6,-7,-6,-8,-6,-8,-6,-9,-6,-9,-6,-9,-6,-9,-5,-10,-5,-9,-4,-9,-4,-9,-4,-9,-3,-9,-3,-9,-3,-8,-3,-8,-2,-7,-2,-7,-1,-7,-1,-7,-1,-6,0,-6,1,-5,0,0,0,0,0,0,0,0,0,0,0,0,0,0,82,-13,85,-12,78,-14,73,-19,68,-18,60,-12,60,-22,53,-15,47,-16,43,-16,39,-19,31,-17,26,-17,21,-20,21,-16,18,-15,15,-15,9,-13,6,-10,1,-13,-3,-11,-10,-9,-9,-3,-11,-4,-12,1,-17,3,-21,4,-26,6,-28,3,-30,10,-31,11,-33,8,-40,11,-42,17,-41,12,-45,19,-47,17,-48,16,-53,13,-45,10,-51,14,-52,5,-52,2,-50,0,-44,5,-45,-1,-44,1,-44,-1,-41,1,-42,3,-39,0,-35,-1,-35,-7,-34,-9,-29,-11,-22,-9,-21,-12,0,0,0,0,0,0,0,0,0,0,0,0,0,0,0,0,0,0,0,0,0,0,0,-88,6,-86,8,-83,11,-83,20,-84,23,-84,19,-79,20,-79,23,-77,26,-73,37,-71,30,-63,32,-70,33,-58,31,-52,32,-51,28,-51,29,-44,29,-39,23,-35,24,-24,19,-26,22,-17,17,-17,14,-7,13,-6,5,0,2,3,-1,7,2,8,-3,13,-6,19,0,22,2,21,-1,28,3,30,-3,37,-4,44,-1,40,2,46,4,47,6,57,10,62,8,62,7,64,21,69,22,67,21,71,25,73,19,80,18,86,26,81,20,91,22,88,26,91,25,94,26,89,0,0]"
CSI_DATA,350,1a:00:00:00:00:00,-49,11,1,0,1,1,1,0,0,0,1,-96,0,11,2,4799473,0,44,0,384,0,"[0,0,0,0,0,0,0,0,0,0,0,0,11,-7,10,-7,8,-7,8,-6,7,-6,6,-6,5,-6,4,-5,4,-5,3,-4,2,-4,1,-4,1,-3,0,-3,0,-3,-1,-2,-1,-2,-2,-1,-2,-1,-3,0,-3,1,-4,1,-4,2,-4,2,-5,3,-5,4,0,0,-6,5,-6,5,-7,6,-7,6,-7,6,-8,6,-8,6,-8,6,-9,6,-9,6,-9,6,-9,5,-9,4,-9,4,-9,4,-9,4,-8,3,-8,3,-8,3,-7,2,-7,2,-7,1,-6,1,-6,0,-6,0,-5,-1,0,0,0,0,0,0,0,0,0,0,0,0,0,0,-3,-41,-1,-42,-4,-36,-3,-36,0,-33,-1,-30,-3,-29,-4,-26,-4,-25,-5,-22,-6,-22,-4,-17,-5,-15,-6,-14,-4,-11,-5,-9,-7,-5,-6,-6,-3,-3,-7,-3,-4,-1,-4,1,-4,2,-1,4,-1,5,-2,8,-2,10,1,12,0,13,3,16,3,17,2,16,2,19,4,18,3,22,5,24,3,24,4,25,2,23,1,24,-2,24,-3,25,0,23,-2,24,-3,20,-4,22,-3,21,-4,20,-4,18,-6,20,-6,18,-6,13,-5,13,-7,13,-5,9,-8,10,-9,9,0,0,0,0,0,0,0,0,0,0,0,0,0,0,0,0,0,0,0,0,0,0,-42,-4,-40,-8,-42,-10,-40,-11,-41,-13,-37,-17,-37,-15,-35,-18,-36,-19,-35,-18,-34,-17,-30,-18,-32,-18,-29,-18,-22,-19,-24,-19,-24,-17,-19,-18,-16,-17,-14,-15,-11,-15,-11,-13,-9,-10,-9,-8,-3,-9,-2,-5,-1,-5,3,-2,4,-3,5,0,5,1,10,1,9,3,10,2,14,3,14,4,16,2,17,2,19,0,22,0,22,1,28,1,25,0,31,-2,30,-3,28,-3,33,-2,33,-7,38,-6,42,-5,41,-7,41,-9,42,-4,45,-4,46,-5,46,-6,48,-7,0,0]"
CSI_DATA,351,1a:00:00:00:00:00,-49,11,1,0,1,1,1,0,0,0,1,-96,0,11,2,4810028,0,44,0,384,0,"[0,0,0,0,0,0,0,0,0,0,0,0,8,-10,7,-9,6,-9,6,-8,5,-8,4,-7,3,-7,3,-6,2,-6,1,-5,1,-5,0,-4,0,-3,-1,-3,-1,-2,-2,-2,-2,-1,-2,-1,-2,0,-2,1,-3,2,-3,2,-3,3,-3,4,-3,4,-3,5,0,0,-3,6,-4,7,-4,7,-4,8,-4,8,-5,8,-5,9,-5,8,-5,9,-6,9,-6,9,-6,8,-6,7,-6,7,-6,7,-6,7,-6,6,-5,6,-6,5,-5,5,-6,4,-5,4,-5,3,-5,3,-5,2,-5,1,0,0,0,0,0,0,0,0,0,0,0,0,0,0,-17,-39,-18,-38,-22,-35,-18,-31,-18,-30,-16,-25,-17,-25,-16,-23,-16,-20,-15,-17,-14,-17,-13,-12,-12,-12,-13,-8,-13,-9,-8,-6,-6,-3,-7,-1,-6,1,-4,-1,-3,2,-2,2,0,5,3,5,3,6,3,9,6,8,8,10,9,10,11,12,11,11,14,12,15,15,17,15,17,15,14,17,20,18,20,15,16,19,18,18,16,20,17,21,17,19,15,18,11,19,14,19,13,20,12,19,10,16,10,17,9,17,8,15,6,14,3,12,4,16,2,14,-1,12,0,0,0,0,0,0,0,0,0,0,0,0,0,0,0,0,0,0,0,0,0,0,-45,-1,-44,-6,-45,-6,-43,-8,-44,-14,-41,-13,-39,-10,-40,-14,-41,-16,-37,-16,-37,-18,-35,-17,-35,-15,-29,-17,-28,-18,-26,-15,-25,-15,-20,-15,-19,-12,-19,-12,-17,-12,-13,-10,-11,-11,-8,-8,-8,-8,-4,-7,0,-6,1,-3,3,-1,7,-2,6,-1,9,-2,10,1,11,-1,14,-3,16,-2,16,-3,18,-5,20,-2,22,-5,23,-6,25,-8,28,-7,27,-12,29,-13,32,-14,33,-16,32,-18,33,-19,37,-18,35,-21,39,-23,38,-24,38,-24,41,-24,41,-24,40,-23,0,0]"
CSI_DATA,352,1a:00:00:00:00:00,-49,11,1,0,1,1,1,0,0,0,1,-96,0,11,2,4819478,0,44,0,384,0,"[0,0,0,0,0,0,0,0,0,0,0,0,-6,-12,-6,-11,-6,-10,-5,-9,-5,-8,-5,-7,-5,-6,-5,-5,-4,-5,-4,-4,-4,-3,-4,-2,-3,-2,-3,-1,-2,0,-2,0,-1,1,-1,1,0,2,0,2,1,3,1,3,2,3,3,4,3,4,4,5,0,0,5,5,6,6,6,6,7,7,7,7,7,7,7,8,7,7,7,8,7,8,6,9,6,8,5,8,5,8,5,8,4,8,4,8,4,7,3,7,3,7,2,6,2,6,2,6,1,6,0,5,0,4,0,0,0,0,0,0,0,0,0,0,0,0,0,0,-41,-2,-42,0,-37,6,-36,1,-35,4,-31,4,-27,4,-24,2,-24,5,-22,4,-18,6,-17,5,-16,8,-13,4,-11,4,-7,5,-4,5,-3,5,-2,4,0,3,2,5,4,1,5,3,4,-1,8,0,9,-2,11,-3,13,-4,13,-5,15,-8,16,-5,18,-8,19,-10,18,-9,20,-11,24,-12,25,-10,25,-10,27,-9,24,-9,27,-8,26,-7,25,-7,26,-6,24,-4,25,-5,19,-3,21,-4,19,-4,21,-4,18,-1,17,-1,16,0,17,2,15,2,14,1,10,3,0,0,0,0,0,0,0,0,0,0,0,0,0,0,0,0,0,0,0,0,0,0,-20,36,-24,34,-26,34,-26,34,-30,32,-28,28,-30,28,-29,27,-29,28,-31,27,-29,24,-29,24,-28,24,-27,21,-25,17,-26,17,-23,14,-24,13,-20,12,-19,9,-18,8,-16,7,-14,4,-13,1,-9,2,-8,0,-6,-1,-3,-3,1,-6,-1,-7,1,-7,3,-10,4,-10,4,-11,3,-12,5,-15,6,-17,5,-19,5,-19,4,-24,4,-24,4,-27,3,-27,2,-32,3,-31,2,-34,1,-35,-2,-36,-3,-37,-2,-42,-2,-42,-4,-44,-4,-43,-5,-45,-5,-49,-5,-47,-3,-48,0,0]"
CSI_DATA,353,1a:00:00:00:00:00,-49,11,1,0,1,1,1,0,0,0,1,-96,0,11,2,4829478,0,44,0,384,0,"[0,0,0,0,0,0,0,0,0,0,0,0,11,4,10,3,9,2,9,2,8,2,7,1,7,0,6,0,5,0,4,0,4,-1,3,-1,2,-1,1,-2,1,-2,0,-2,-1,-2,-1,-2,-2,-2,-3,-2,-3,-2,-4,-2,-5,-2,-6,-1,-6,-1,-7,-1,0,0,-8,-1,-9,-1,-9,-1,-10,-1,-10,-1,-11,-1,-11,-1,-11,-1,-11,-1,-11,-2,-11,-3,-10,-3,-10,-3,-10,-3,-9,-3,-9,-3,-9,-3,-8,-3,-8,-3,-7,-3,-7,-3,-6,-4,-6,-4,-5,-4,-4,-4,-4,-4,0,0,0,0,0,0,0,0,0,0,0,0,0,0,64,-48,58,-45,50,-48,50,-45,47,-47,41,-41,37,-37,31,-39,30,-36,19,-31,22,-34,15,-31,16,-28,11,-25,0,-23,5,-19,0,-17,-2,-12,-5,-9,-3,-5,-11,1,-7,1,-9,5,-12,11,-12,11,-14,12,-16,13,-14,18,-17,25,-17,26,-20,29,-16,37,-24,37,-21,40,-21,41,-25,43,-26,41,-25,43,-29,43,-27,45,-28,43,-28,43,-32,39,-30,40,-28,37,-34,36,-32,36,-33,28,-29,32,-28,25,-27,23,-27,23,-27,16,-25,19,-22,13,-23,11,-21,5,0,0,0,0,0,0,0,0,0,0,0,0,0,0,0,0,0,0,0,0,0,0,-18,-85,-6,-80,-9,-85,0,-87,5,-88,6,-82,7,-76,11,-76,11,-80,10,-78,12,-76,8,-69,12,-74,13,-68,17,-59,19,-54,14,-56,15,-48,14,-43,18,-37,15,-31,15,-31,15,-25,14,-16,9,-14,9,-8,9,-6,5,-1,4,9,6,9,2,13,6,18,0,23,4,20,6,24,9,28,10,32,18,30,15,37,21,41,18,44,27,45,27,42,33,51,38,47,31,46,36,50,41,52,43,57,51,56,56,59,56,58,59,67,59,63,64,66,63,65,59,63,0,0]"
CSI_DATA,354,1a:00:00:00:00:00,-49,11,1,0,1,1,1,0,0,0,1,-96,0,11,2,4839851,0,44,0,384,0,"[0,0,0,0,0,0,0,0,0,0,0,0,-12,0,-11,0,-11,1,-10,1,-9,1,-8,1,-7,2,-6,2,-6,2,-5,2,-4,2,-3,2,-2,1,-2,1,-1,1,0,1,0,0,1,0,1,0,2,-1,3,-1,3,-2,4,-2,4,-2,5,-3,5,-3,0,0,6,-4,7,-5,7,-5,8,-6,8,-5,8,-5,9,-6,9,-5,9,-6,9,-5,10,-5,9,-4,9,-4,8,-3,9,-3,8,-3,8,-3,7,-3,7,-3,7,-2,7,-2,6,-1,6,-1,5,0,5,0,4,0,0,0,0,0,0,0,0,0,0,0,0,0,0,0,-22,73,-20,80,-14,75,-10,67,-14,62,-9,60,-6,52,-5,48,-3,45,-2,39,0,36,-1,32,9,26,0,26,7,20,5,12,4,8,7,4,7,3,4,1,6,-4,3,-7,6,-10,1,-17,3,-18,0,-18,2,-22,-1,-26,-1,-34,-6,-36,-8,-38,-8,-41,-5,-42,-9,-45,-10,-49,-6,-49,-8,-54,-7,-53,-2,-52,-3,-55,-3,-57,0,-61,3,-50,0,-50,1,-50,5,-53,2,-53,4,-43,2,-43,5,-38,8,-39,8,-36,7,-32,10,-33,10,-26,15,-26,9,-19,0,0,0,0,0,0,0,0,0,0,0,0,0,0,0,0,0,0,0,0,0,0,66,58,57,61,59,59,54,67,47,70,44,74,46,66,46,70,40,69,42,72,37,66,29,65,32,65,22,63,20,55,23,56,23,53,14,53,9,43,15,45,7,32,12,34,1,26,0,21,-2,16,-2,8,-4,8,-7,6,-10,-2,-10,-1,-10,-9,-14,-9,-17,-12,-22,-14,-23,-20,-27,-20,-29,-19,-35,-22,-38,-19,-46,-20,-46,-23,-52,-20,-53,-23,-60,-19,-54,-26,-60,-13,-63,-15,-70,-14,-75,-16,-80,-19,-84,-20,-87,-16,-91,-17,-93,-23,-95,-16,-88,-13,-94,-16,0,0]"
CSI_DATA,355,1a:00:00:00:00:00,-49,11,1,0,1,1,1,0,0,0,1,-96,0,11,2,4890252,0,44,0,384,0,"[0,0,0,0,0,0,0,0,0,0,0,0,-12,-1,-11,-1,-10,0,-10,0,-9,0,-8,0,-7,1,-6,1,-5,1,-4,1,-4,1,-3,1,-2,1,-1,1,-1,1,0,1,1,0,1,0,2,-1,3,-1,3,-1,4,-2,4,-2,5,-3,6,-3,6,-4,0,0,7,-5,8,-5,8,-5,8,-6,9,-5,9,-6,9,-6,9,-6,9,-6,10,-5,10,-5,10,-4,9,-4,9,-4,9,-4,9,-3,8,-3,8,-3,7,-3,7,-3,7,-2,6,-2,6,-1,6,-1,5,0,4,0,0,0,0,0,0,0,0,0,0,0,0,0,0,0,-35,71,-35,61,-30,66,-30,59,-27,56,-23,52,-16,44,-13,46,-12,39,-11,36,-3,31,-6,26,-2,23,2,21,-2,18,3,10,5,9,4,2,7,0,7,-1,7,-7,4,-10,0,-15,6,-17,5,-21,7,-22,6,-30,-3,-33,1,-35,-5,-38,-1,-42,0,-43,-1,-45,2,-49,-6,-52,1,-56,0,-55,1,-54,5,-56,1,-57,3,-57,1,-57,8,-56,6,-53,11,-48,11,-51,6,-48,9,-43,5,-39,10,-39,11,-37,12,-36,15,-32,12,-26,12,-29,12,-21,17,-20,0,0,0,0,0,0,0,0,0,0,0,0,0,0,0,0,0,0,0,0,0,0,48,74,36,75,35,77,32,78,27,80,20,78,18,79,13,77,13,81,17,80,8,76,11,72,13,72,6,69,4,65,3,58,8,63,-5,54,1,48,-3,40,-4,37,-2,30,-3,29,-9,24,-4,18,-1,13,-7,6,-12,5,-7,-2,-12,-6,-13,-9,-10,-13,-11,-19,-17,-19,-16,-23,-17,-22,-18,-24,-23,-28,-30,-23,-40,-29,-35,-31,-41,-31,-45,-35,-48,-34,-52,-36,-63,-33,-61,-33,-60,-32,-64,-30,-73,-36,-69,-33,-81,-33,-78,-40,-79,-34,-87,-38,-88,-34,-82,-40,0,0]"
CSI_DATA,356,1a:00:00:00:00:00,-49,11,1,0,1,1,1,0,0,0,1,-96,0,11,2,4899956,0,44,0,384,0,"[0,0,0,0,0,0,0,0,0,0,0,0,10,3,10,2,9,1,8,1,7,1,6,0,6,0,5,-1,4,-1,3,-1,3,-1,2,-2,1,-2,0,-2,0,-2,-1,-2,-2,-2,-2,-1,-3,-1,-4,-1,-4,-1,-5,0,-6,0,-6,0,-7,1,-8,1,0,0,-9,2,-9,2,-10,2,-10,3,-10,2,-11,2,-11,2,-11,2,-11,2,-12,2,-12,1,-11,1,-11,1,-11,1,-10,0,-10,0,-10,0,-9,0,-9,0,-8,0,-8,-1,-7,-1,-7,-1,-7,-2,-6,-2,-5,-2,0,0,0,0,0,0,0,0,0,0,0,0,0,0,54,-59,55,-57,42,-53,37,-51,43,-52,34,-41,32,-44,26,-41,19,-37,19,-30,14,-27,14,-28,12,-26,4,-18,2,-19,-5,-14,0,-12,-3,-6,-7,-3,-9,0,-9,4,-7,7,-9,7,-9,15,-11,17,-15,23,-16,27,-9,28,-14,30,-11,35,-11,38,-11,42,-16,47,-11,46,-7,48,-15,50,-16,53,-13,54,-23,54,-21,54,-22,48,-23,53,-21,52,-21,52,-21,48,-22,46,-21,42,-23,44,-16,33,-18,39,-23,33,-20,32,-18,26,-22,23,-22,20,-21,21,-19,14,0,0,0,0,0,0,0,0,0,0,0,0,0,0,0,0,0,0,0,0,0,0,-22,-86,-6,-85,-7,-87,2,-88,4,-89,7,-81,13,-81,11,-80,11,-82,17,-78,15,-75,15,-69,11,-74,18,-72,20,-62,13,-59,18,-58,17,-53,16,-47,15,-35,14,-33,18,-30,12,-24,9,-21,14,-15,9,-7,6,-3,12,-3,6,1,4,11,8,14,7,16,7,22,5,21,10,26,11,28,15,30,17,40,16,39,23,39,23,41,28,39,27,43,38,48,38,47,42,53,43,53,52,48,54,53,57,56,55,53,64,57,62,57,59,60,68,58,66,61,64,54,0,0]"
CSI_DATA,357,1a:00:00:00:00:00,-49,11,1,0,1,1,1,0,0,0,1,-96,0,11,2,4912921,0,44,0,384,0,"[0,0,0,0,0,0,0,0,0,0,0,0,5,-10,4,-9,4,-9,3,-8,3,-8,2,-7,1,-7,1,-6,0,-5,0,-4,0,-4,-1,-3,-1,-2,-1,-1,-2,-1,-2,0,-2,0,-2,1,-2,2,-2,3,-2,3,-1,4,-2,5,-1,6,-1,6,-1,7,0,0,-1,8,-1,9,-1,9,-1,10,-1,10,-1,10,-1,11,-1,11,-1,11,-2,11,-2,11,-3,10,-3,10,-3,9,-3,9,-3,9,-3,9,-3,8,-3,8,-3,7,-3,7,-3,6,-4,6,-4,5,-4,4,-4,3,0,0,0,0,0,0,0,0,0,0,0,0,0,0,-52,-59,-41,-59,-50,-56,-47,-43,-43,-48,-35,-37,-33,-35,-39,-32,-31,-25,-27,-25,-27,-19,-26,-19,-23,-12,-19,-7,-15,-7,-11,1,-10,1,-9,3,-2,6,-2,7,2,6,5,9,5,6,15,7,14,9,20,15,26,11,23,15,33,18,35,14,40,17,44,18,42,21,46,20,49,16,53,23,50,24,54,24,52,24,49,24,48,20,49,26,47,28,48,29,46,27,43,31,37,24,39,28,34,22,31,24,32,25,27,25,24,25,22,26,20,25,13,22,12,26,0,0,0,0,0,0,0,0,0,0,0,0,0,0,0,0,0,0,0,0,0,0,-87,1,-84,-8,-83,-10,-85,-12,-83,-17,-80,-20,-79,-17,-78,-19,-81,-21,-73,-23,-73,-28,-66,-24,-67,-25,-67,-26,-58,-22,-53,-26,-53,-24,-44,-24,-42,-24,-38,-20,-33,-18,-26,-23,-23,-17,-21,-16,-11,-13,-7,-11,3,-12,-2,-10,5,-10,9,-7,15,-6,20,-6,23,-4,21,-6,24,-7,32,-6,30,-10,34,-10,38,-15,38,-20,44,-18,44,-20,50,-25,47,-28,50,-28,55,-37,58,-37,51,-43,57,-45,61,-47,61,-50,61,-49,71,-57,60,-46,73,-61,64,-58,70,-60,0,0]"
CSI_DATA,358,1a:00:00:00:00:00,-49,11,1,0,1,1,1,0,0,0,1,-96,0,11,2,4919445,0,44,0,384,0,"[0,0,0,0,0,0,0,0,0,0,0,0,-8,8,-7,8,-5,8,-5,7,-4,6,-4,5,-3,5,-3,4,-2,4,-1,3,-1,3,0,2,0,1,0,0,1,0,1,-1,1,-1,1,-2,1,-3,1,-3,1,-4,1,-5,1,-6,1,-7,1,-7,1,-8,0,0,1,-9,1,-10,1,-10,1,-11,1,-11,2,-11,1,-12,2,-11,2,-12,2,-12,3,-12,3,-11,3,-10,3,-10,3,-10,3,-10,3,-9,3,-9,3,-8,3,-8,3,-7,3,-7,3,-6,3,-5,4,-5,3,-4,0,0,0,0,0,0,0,0,0,0,0,0,0,0,19,34,16,31,19,29,18,27,15,24,14,23,15,19,13,20,12,13,12,14,11,11,9,8,8,5,7,4,6,3,7,3,5,1,4,-2,3,-2,1,-4,-1,-6,-2,-5,-4,-6,-7,-7,-7,-8,-9,-7,-10,-9,-16,-9,-14,-9,-15,-11,-17,-10,-19,-12,-20,-13,-21,-12,-24,-14,-24,-14,-24,-15,-26,-16,-24,-18,-24,-17,-22,-15,-22,-17,-21,-18,-21,-18,-22,-17,-20,-15,-19,-16,-17,-16,-17,-15,-14,-17,-16,-15,-14,-13,-12,-14,-11,-15,-9,-13,-7,-14,-7,-14,0,0,0,0,0,0,0,0,0,0,0,0,0,0,0,0,0,0,0,0,0,0,42,5,42,10,39,12,42,14,38,14,36,16,34,14,36,17,35,20,32,17,32,18,32,16,31,18,26,16,26,19,23,18,22,18,19,16,17,14,15,14,13,14,10,10,8,9,8,7,3,7,2,5,0,6,-3,5,-5,3,-5,1,-7,3,-10,1,-9,-1,-11,1,-15,1,-15,1,-17,-1,-19,4,-21,5,-21,4,-24,7,-23,7,-28,8,-27,10,-28,10,-28,12,-30,12,-30,15,-32,16,-33,20,-35,18,-35,22,-40,23,-37,20,-40,23,-37,23,-37,22,0,0]"
CSI_DATA,359,1a:00:00:00:00:00,-49,11,1,0,1,1,1,0,0,0,1,-96,0,11,2,4929650,0,44,0,384,0,"[0,0,0,0,0,0,0,0,0,0,0,0,-3,10,-3,9,-2,9,-2,8,-1,7,-1,6,0,6,0,5,0,4,0,3,0,2,0,2,1,1,1,0,1,-1,1,-1,0,-2,0,-3,0,-3,0,-4,-1,-5,-1,-5,-1,-6,-2,-7,-2,-7,-3,-8,0,0,-3,-9,-3,-10,-3,-10,-4,-10,-4,-11,-4,-11,-4,-11,-4,-11,-4,-12,-3,-12,-3,-12,-2,-11,-2,-11,-2,-11,-2,-11,-1,-10,-2,-10,-1,-9,-1,-9,-1,-8,0,-8,0,-8,0,-7,0,-7,1,-6,1,-5,0,0,0,0,0,0,0,0,0,0,0,0,0,0,55,53,52,48,52,46,48,42,42,38,40,35,42,27,37,24,30,20,32,16,28,8,20,10,22,8,15,3,14,3,13,0,9,-3,2,-4,5,-7,-3,-9,-8,-11,-5,-7,-11,-6,-12,-10,-16,-10,-23,-12,-27,-8,-26,-11,-34,-4,-37,-8,-41,-14,-47,-16,-41,-15,-48,-16,-50,-12,-56,-20,-52,-16,-52,-15,-54,-18,-58,-17,-50,-22,-54,-23,-53,-24,-50,-25,-48,-21,-47,-24,-40,-24,-39,-24,-39,-21,-36,-22,-33,-21,-30,-25,-31,-23,-27,-22,-22,-19,-24,-23,-15,-22,0,0,0,0,0,0,0,0,0,0,0,0,0,0,0,0,0,0,0,0,0,0,81,-26,80,-15,80,-8,83,-11,82,-4,78,0,76,1,79,0,77,2,76,5,72,6,70,4,71,5,69,9,59,11,55,10,58,10,48,14,44,13,37,13,37,11,32,13,29,12,20,11,14,9,11,7,4,10,1,9,-8,7,-4,8,-10,5,-18,8,-17,8,-22,8,-28,10,-29,9,-27,13,-32,18,-34,23,-32,26,-39,28,-42,29,-41,32,-43,36,-40,40,-50,44,-48,47,-46,52,-47,53,-52,59,-50,57,-53,66,-59,66,-52,63,-54,70,-55,66,-56,64,0,0]"
CSI_DATA,360,1a:00:00:00:00:00,-49,11,1,0,1,1,1,0,0,0,1,-96,0,11,2,4939893,0,44,0,384,0,"[0,0,0,0,0,0,0,0,0,0,0,0,-7,9,-6,8,-5,8,-5,7,-4,7,-4,6,-3,5,-2,5,-2,4,-1,3,-1,3,0,2,0,1,0,0,1,0,1,-1,1,-2,1,-2,1,-3,1,-4,1,-5,1,-5,1,-6,0,-7,0,-8,0,-8,0,0,0,-10,0,-10,0,-11,0,-12,0,-11,0,-12,0,-12,0,-12,0,-13,1,-13,1,-13,2,-12,2,-11,1,-11,2,-11,2,-11,2,-10,1,-10,2,-9,2,-9,2,-8,2,-8,2,-7,2,-6,3,-6,3,-5,0,0,0,0,0,0,0,0,0,0,0,0,0,0,20,30,16,33,20,26,17,25,17,23,15,22,15,19,15,16,13,14,12,12,14,9,9,7,10,7,9,4,7,4,6,2,3,1,4,-4,1,-2,-1,-6,-2,-4,-4,-5,-7,-5,-7,-6,-10,-7,-12,-10,-13,-7,-13,-8,-16,-9,-16,-9,-19,-11,-21,-9,-21,-11,-24,-10,-25,-10,-26,-11,-27,-12,-25,-11,-26,-12,-26,-14,-29,-14,-25,-15,-25,-16,-23,-16,-21,-14,-24,-15,-20,-14,-21,-13,-18,-11,-17,-12,-17,-11,-16,-12,-16,-9,-11,-12,-11,-11,-9,-11,-8,-12,0,0,0,0,0,0,0,0,0,0,0,0,0,0,0,0,0,0,0,0,0,0,39,12,37,14,38,15,36,17,37,21,33,20,33,19,34,19,35,20,32,20,28,22,29,21,29,21,24,21,21,20,23,19,21,16,19,18,15,16,16,12,14,12,12,13,8,10,7,10,3,9,3,8,-2,5,-4,1,-4,2,-6,2,-7,2,-9,0,-11,0,-14,0,-13,0,-17,1,-16,2,-17,1,-19,1,-24,4,-22,6,-25,9,-25,4,-27,9,-27,12,-26,14,-27,15,-28,18,-31,15,-36,18,-33,17,-35,21,-35,20,-37,20,-38,23,-37,24,-36,25,0,0]"
CSI_DATA,361,1a:00:00:00:00:00,-48,11,1,0,1,1,1,0,0,0,1,-96,0,11,2,4952453,0,44,0,384,0,"[0,0,0,0,0,0,0,0,0,0,0,0,10,-2,9,-2,8,-2,8,-2,7,-2,6,-2,5,-2,4,-2,3,-2,3,-2,2,-2,1,-2,0,-2,0,-2,-1,-1,-2,-1,-2,-1,-3,0,-3,0,-4,1,-4,1,-5,2,-5,2,-6,3,-6,3,-6,4,0,0,-7,5,-8,5,-8,6,-9,6,-9,6,-9,6,-10,6,-10,6,-10,6,-10,6,-10,6,-10,5,-10,5,-9,4,-9,4,-9,4,-9,4,-8,3,-8,3,-8,3,-8,2,-7,2,-7,1,-7,1,-6,0,-5,0,0,0,0,0,0,0,0,0,0,0,0,0,0,0,36,-70,30,-65,21,-69,21,-57,19,-58,17,-53,14,-51,12,-45,10,-38,5,-36,1,-36,3,-28,0,-22,-3,-17,0,-15,-2,-10,-4,-8,-4,-7,-5,-2,-6,3,-8,11,-8,10,-4,18,-3,18,-4,19,-2,27,-3,30,5,35,1,35,8,42,4,43,3,45,2,45,8,50,6,58,6,58,3,56,8,57,5,58,5,62,1,58,2,60,0,56,-2,55,-4,53,-1,50,-8,52,-3,46,-7,39,-5,41,-6,43,-6,40,-6,33,-10,30,-11,32,-14,24,-14,24,0,0,0,0,0,0,0,0,0,0,0,0,0,0,0,0,0,0,0,0,0,0,-37,-74,-29,-80,-25,-79,-24,-80,-18,-81,-17,-80,-19,-76,-14,-77,-13,-80,-14,-75,-7,-76,-9,-74,-9,-74,-9,-70,0,-66,0,-64,-1,-59,1,-47,0,-48,4,-44,4,-35,5,-32,6,-29,9,-24,11,-19,2,-11,8,-5,10,-4,6,1,8,2,9,6,13,15,11,20,14,21,18,23,22,21,22,19,25,24,28,26,35,28,39,29,40,28,41,32,42,36,47,27,63,27,61,27,65,32,70,29,70,31,72,35,75,25,80,35,73,27,80,29,81,30,77,31,0,0]"
CSI_DATA,362,1a:00:00:00:00:00,-48,11,1,0,1,1,1,0,0,0,1,-96,0,11,2,4960060,0,44,0,384,0,"[0,0,0,0,0,0,0,0,0,0,0,0,-10,-7,-9,-5,-9,-5,-8,-4,-8,-4,-6,-3,-6,-2,-5,-2,-5,-1,-4,-1,-3,-1,-2,0,-2,0,-1,0,-1,1,0,1,1,1,2,1,2,1,3,1,4,1,4,1,5,1,6,0,7,0,7,0,0,0,8,0,9,0,10,0,10,0,10,0,11,0,11,0,11,0,11,0,11,1,11,2,11,2,10,2,10,2,10,2,9,2,9,2,8,2,8,2,7,2,7,2,6,2,6,3,5,3,4,3,4,3,0,0,0,0,0,0,0,0,0,0,0,0,0,0,-31,18,-30,16,-28,20,-26,16,-24,16,-22,16,-19,15,-17,13,-14,14,-10,8,-10,10,-11,7,-7,7,-6,7,-3,7,1,4,-1,2,1,2,3,0,2,0,4,-3,5,-5,6,-6,7,-7,5,-10,9,-11,7,-10,7,-15,10,-16,9,-18,6,-19,11,-20,9,-23,9,-24,8,-24,12,-24,11,-26,11,-27,15,-27,14,-28,18,-25,15,-27,16,-26,15,-24,14,-22,14,-21,15,-22,13,-20,13,-18,12,-19,13,-16,12,-15,13,-14,12,-12,12,-11,12,-9,12,-7,0,0,0,0,0,0,0,0,0,0,0,0,0,0,0,0,0,0,0,0,0,0,-9,42,-12,39,-14,40,-14,39,-17,38,-19,36,-19,34,-21,32,-19,37,-22,33,-21,30,-19,29,-20,31,-21,29,-19,24,-18,24,-18,22,-16,19,-16,17,-18,15,-13,14,-14,11,-12,9,-11,7,-10,4,-6,2,-6,-1,-5,-2,-5,-2,-4,-4,-4,-8,-2,-10,-1,-11,0,-12,-1,-14,-3,-16,-3,-13,-3,-17,-4,-17,-4,-23,-6,-20,-9,-23,-10,-24,-11,-28,-13,-26,-16,-28,-17,-29,-16,-31,-21,-31,-19,-34,-20,-33,-25,-32,-21,-35,-23,-35,-25,-37,-24,-35,-23,-35,0,0]"
CSI_DATA,363,1a:00:00:00:00:00,-48,11,1,0,1,1,1,0,0,0,1,-96,0,11,2,4969535,0,44,0,384,0,"[0,0,0,0,0,0,0,0,0,0,0,0,-12,0,-11,1,-9,1,-9,1,-8,1,-7,1,-6,1,-5,1,-4,1,-3,1,-3,1,-2,1,-1,1,0,1,0,0,1,0,1,0,2,-1,2,-1,3,-2,4,-2,4,-3,4,-3,5,-4,6,-5,6,-5,0,0,7,-6,7,-7,8,-7,8,-8,8,-7,9,-8,9,-8,9,-8,9,-8,9,-7,9,-7,9,-7,9,-6,9,-6,8,-6,9,-6,8,-5,7,-5,7,-5,7,-4,7,-4,6,-3,6,-3,6,-2,5,-2,5,-1,0,0,0,0,0,0,0,0,0,0,0,0,0,0,-31,69,-30,64,-24,66,-23,55,-21,55,-15,44,-14,44,-12,42,-9,41,-7,34,-1,33,-2,23,2,20,0,17,0,13,2,7,3,6,5,2,3,0,4,1,2,-12,5,-13,1,-17,4,-21,0,-22,-2,-29,-3,-29,-4,-33,-8,-38,-7,-39,-12,-43,-12,-49,-12,-49,-11,-50,-16,-56,-12,-58,-12,-59,-13,-59,-9,-60,-9,-61,-12,-61,-10,-60,-9,-56,-8,-58,-5,-51,-5,-53,-1,-49,-1,-47,-4,-46,1,-41,3,-42,-1,-42,1,-37,2,-33,2,-33,8,-29,8,-24,0,0,0,0,0,0,0,0,0,0,0,0,0,0,0,0,0,0,0,0,0,0,27,79,18,79,17,83,12,81,11,85,5,84,6,78,1,77,4,82,0,75,-1,78,-2,69,1,73,-3,67,-11,58,-9,60,-5,54,-6,50,-7,46,-7,41,-9,36,-11,31,-10,28,-8,20,-10,17,-6,9,-6,6,-10,5,-7,-2,-10,-5,-14,-14,-14,-12,-16,-18,-15,-18,-15,-22,-20,-23,-24,-22,-29,-27,-29,-28,-36,-29,-35,-29,-41,-30,-45,-32,-46,-30,-46,-35,-57,-26,-55,-31,-62,-31,-61,-30,-69,-34,-74,-31,-77,-32,-77,-35,-75,-35,-86,-33,-80,-35,-81,-31,0,0]"
CSI_DATA,364,1a:00:00:00:00:00,-48,11,1,0,1,1,1,0,0,0,1,-96,0,11,2,4990657,0,44,0,384,0,"[0,0,0,0,0,0,0,0,0,0,0,0,-11,3,-10,3,-8,3,-8,3,-7,3,-6,2,-5,3,-4,2,-4,2,-3,2,-2,1,-1,1,-1,1,0,0,0,0,1,0,1,-1,2,-1,2,-2,3,-3,3,-3,3,-4,4,-4,4,-5,4,-6,4,-7,0,0,5,-8,6,-8,6,-9,6,-9,6,-9,7,-9,7,-9,7,-9,7,-9,8,-9,8,-9,8,-8,7,-8,7,-8,7,-7,7,-7,7,-7,6,-6,6,-6,6,-6,6,-5,6,-4,5,-4,5,-3,5,-3,5,-2,0,0,0,0,0,0,0,0,0,0,0,0,0,0,-7,77,-7,66,3,71,-3,61,-3,56,-1,52,-1,48,2,51,1,38,1,34,5,31,8,27,10,21,7,18,4,7,9,10,6,8,4,2,4,-6,2,-6,-2,-15,0,-12,-1,-16,-2,-19,-5,-21,-8,-28,-12,-30,-13,-33,-15,-37,-21,-39,-21,-41,-27,-47,-22,-42,-27,-50,-25,-43,-25,-53,-25,-54,-25,-57,-22,-57,-25,-60,-18,-51,-22,-56,-15,-54,-19,-51,-18,-50,-15,-49,-16,-49,-11,-47,-11,-44,-12,-40,-8,-44,-7,-42,-6,-37,-2,-33,-3,-34,3,-34,1,-28,0,0,0,0,0,0,0,0,0,0,0,0,0,0,0,0,0,0,0,0,0,0,53,58,53,70,43,67,48,74,38,71,40,77,39,72,34,72,34,76,26,64,26,71,29,68,29,67,20,69,19,62,18,55,22,55,9,50,15,47,1,39,5,39,1,33,-2,31,-2,21,-5,17,-8,15,-10,9,-6,5,-6,-1,-15,-1,-15,-6,-17,-10,-17,-9,-19,-13,-25,-13,-26,-13,-31,-14,-37,-12,-38,-20,-43,-16,-41,-14,-46,-14,-55,-15,-55,-13,-60,-13,-62,-2,-66,-12,-66,-11,-73,-10,-77,-7,-75,-6,-83,-8,-87,-7,-81,-5,-94,-8,-91,-2,-86,-6,0,0]"
CSI_DATA,365,1a:00:00:00:00:00,-48,11,1,0,1,1,1,0,0,0,1,-96,0,11,2,4999768,0,44,0,384,0,"[0,0,0,0,0,0,0,0,0,0,0,0,-3,10,-2,9,-1,8,-1,8,-1,7,-1,6,0,5,0,4,0,3,0,3,0,2,0,1,1,0,0,0,0,-1,0,-2,0,-2,0,-3,-1,-4,-1,-4,-1,-5,-2,-6,-2,-6,-3,-7,-3,-8,-4,-8,0,0,-5,-9,-5,-10,-5,-10,-6,-10,-5,-10,-6,-11,-6,-11,-6,-11,-6,-11,-5,-12,-4,-12,-4,-11,-4,-11,-4,-11,-4,-11,-4,-10,-4,-10,-3,-9,-3,-9,-3,-8,-2,-8,-2,-8,-1,-7,-1,-7,0,-7,0,-6,0,0,0,0,0,0,0,0,0,0,0,0,0,0,58,44,56,49,57,40,49,40,46,37,45,30,39,27,37,18,34,19,31,16,25,14,22,8,23,3,18,4,15,3,8,-4,7,-5,1,-7,4,-10,-5,-13,-7,-6,-10,-11,-16,-9,-20,-7,-21,-5,-26,-11,-33,-6,-34,-5,-38,-7,-44,-3,-46,-8,-48,-6,-51,-8,-50,-8,-55,-3,-57,-8,-64,-4,-59,-2,-64,-11,-59,-11,-60,-6,-60,-14,-62,-11,-58,-16,-55,-15,-51,-13,-47,-14,-49,-15,-45,-12,-44,-15,-42,-15,-39,-13,-33,-16,-31,-16,-30,-17,-23,-15,-18,-17,0,0,0,0,0,0,0,0,0,0,0,0,0,0,0,0,0,0,0,0,0,0,85,-12,84,-2,85,0,83,8,86,9,80,9,78,12,78,13,77,15,78,17,74,15,69,13,71,10,68,22,58,18,62,22,57,20,49,21,41,19,38,14,34,18,31,15,28,18,21,13,16,15,14,9,-1,8,-3,7,-4,8,-9,4,-11,11,-14,9,-16,5,-20,9,-27,13,-31,9,-28,13,-29,22,-34,21,-37,23,-36,25,-40,32,-41,31,-41,37,-44,36,-43,53,-43,46,-43,49,-42,57,-51,62,-53,61,-46,61,-51,63,-48,64,-56,69,-52,69,-55,70,0,0]"
CSI_DATA,366,1a:00:00:00:00:00,-48,11,1,0,1,1,1,0,0,0,1,-96,0,11,2,5009571,0,44,0,384,0,"[0,0,0,0,0,0,0,0,0,0,0,0,8,6,7,5,7,4,6,4,5,3,5,2,4,2,4,1,3,1,3,0,2,0,1,-1,1,-1,0,-1,-1,-2,-2,-2,-2,-2,-3,-2,-3,-2,-4,-2,-5,-2,-6,-2,-6,-2,-7,-1,-8,-1,-8,-1,0,0,-9,-1,-10,-1,-11,-1,-11,-1,-11,-1,-12,-1,-12,-1,-12,-1,-12,-1,-12,-2,-12,-2,-12,-2,-11,-2,-11,-2,-10,-2,-10,-2,-10,-2,-9,-2,-9,-2,-8,-2,-8,-3,-7,-3,-7,-3,-6,-3,-6,-3,-5,-3,0,0,0,0,0,0,0,0,0,0,0,0,0,0,66,-32,64,-30,57,-35,50,-31,49,-30,43,-24,40,-25,34,-27,28,-25,27,-25,22,-22,15,-23,14,-16,11,-17,4,-13,2,-9,-1,-6,-4,-4,-10,1,-12,0,-10,8,-11,2,-13,10,-14,19,-13,17,-17,18,-18,22,-19,33,-20,36,-25,35,-20,39,-24,42,-29,37,-27,50,-26,50,-29,49,-28,55,-28,52,-30,53,-34,51,-32,48,-32,49,-34,47,-38,50,-34,42,-35,44,-32,45,-32,43,-28,38,-25,34,-27,34,-26,25,-25,26,-24,21,-26,20,-26,20,-25,14,0,0,0,0,0,0,0,0,0,0,0,0,0,0,0,0,0,0,0,0,0,0,26,-81,33,-79,39,-74,43,-74,46,-71,46,-67,44,-67,44,-65,48,-67,48,-61,51,-56,45,-58,48,-60,43,-52,45,-46,42,-42,42,-41,39,-31,40,-31,37,-29,32,-22,27,-22,23,-16,18,-12,18,-8,12,-5,11,0,8,3,6,8,4,12,1,13,4,17,1,19,3,23,1,28,-2,29,1,27,7,34,7,38,5,43,10,45,11,48,11,54,17,49,18,54,28,55,25,57,27,58,34,65,29,65,35,71,37,69,38,75,40,71,42,79,40,79,39,73,0,0]"
CSI_DATA,367,1a:00:00:00:00:00,-48,11,1,0,1,1,1,0,0,0,1,-96,0,11,2,5020068,0,44,0,384,0,"[0,0,0,0,0,0,0,0,0,0,0,0,8,-6,8,-6,6,-6,6,-6,5,-5,4,-5,3,-5,2,-4,2,-4,1,-3,1,-3,0,-2,-1,-2,-1,-1,-2,-1,-2,0,-2,1,-3,1,-3,2,-3,3,-3,3,-3,4,-3,5,-3,6,-4,7,-3,7,0,0,-4,9,-4,9,-4,10,-4,10,-4,10,-5,10,-4,11,-5,11,-5,11,-5,11,-5,11,-5,10,-5,10,-5,9,-5,9,-5,9,-5,8,-5,8,-5,7,-4,7,-5,6,-5,6,-5,5,-5,5,-5,4,-5,3,0,0,0,0,0,0,0,0,0,0,0,0,0,0,-7,-78,-11,-72,-9,-67,-13,-58,-9,-58,-10,-54,-9,-44,-12,-45,-8,-37,-12,-31,-14,-28,-14,-22,-13,-17,-12,-12,-7,-10,-7,-8,-8,-2,-5,1,1,3,-2,6,2,9,3,16,4,17,8,22,7,20,15,25,16,28,23,27,23,32,27,34,26,37,29,41,28,40,33,40,36,40,32,47,36,50,38,47,37,50,36,49,38,46,33,51,35,52,29,44,28,46,26,49,25,43,19,44,17,41,18,43,15,37,17,35,16,37,10,31,8,31,0,32,4,29,0,0,0,0,0,0,0,0,0,0,0,0,0,0,0,0,0,0,0,0,0,0,-65,-56,-62,-59,-60,-64,-58,-66,-52,-66,-46,-66,-45,-60,-48,-65,-49,-70,-42,-67,-39,-66,-37,-62,-39,-63,-35,-62,-28,-57,-22,-59,-30,-53,-19,-48,-20,-44,-14,-42,-11,-37,-11,-36,-11,-33,-3,-23,-3,-24,1,-15,5,-10,8,-8,16,-5,12,0,13,4,18,6,21,5,24,7,19,9,26,11,27,7,34,8,36,10,40,9,43,8,53,4,51,8,58,4,55,1,57,0,60,-5,66,-4,74,-8,75,-6,76,-9,81,-7,83,-9,81,-15,86,-7,89,-15,84,-12,0,0]"
CSI_DATA,368,1a:00:00:00:00:00,-48,11,1,0,1,1,1,0,0,0,1,-96,0,11,2,5029667,0,44,0,384,0,"[0,0,0,0,0,0,0,0,0,0,0,0,10,-2,9,-2,8,-3,7,-2,6,-2,6,-2,5,-3,3,-3,3,-3,2,-2,2,-2,0,-2,-1,-2,-1,-1,-2,-1,-2,-1,-3,-1,-3,0,-3,1,-4,1,-4,2,-5,2,-5,2,-6,3,-6,4,-6,4,0,0,-7,6,-7,6,-7,6,-8,7,-8,6,-9,6,-9,6,-8,6,-9,8,-9,6,-9,6,-9,5,-9,5,-9,5,-8,5,-8,5,-8,4,-8,4,-7,4,-7,4,-7,3,-7,2,-6,2,-6,1,-6,1,-5,0,0,0,0,0,0,0,0,0,0,0,0,0,0,0,71,-15,61,-10,62,-17,57,-14,52,-15,48,-16,43,-16,40,-12,32,-10,28,-18,23,-12,18,-16,17,-12,13,-11,6,-15,3,-11,1,-8,-4,-9,-3,-6,-7,0,-12,-2,-12,7,-15,9,-21,10,-23,16,-20,14,-25,16,-25,26,-27,27,-28,31,-29,30,-34,32,-34,35,-35,42,-34,41,-42,39,-42,44,-46,42,-46,43,-42,38,-42,39,-47,37,-47,40,-45,34,-42,34,-41,34,-41,29,-41,32,-34,24,-36,24,-33,24,-32,24,-34,18,-31,18,-34,12,-30,13,-26,6,0,0,0,0,0,0,0,0,0,0,0,0,0,0,0,0,0,0,0,0,0,0,51,-65,55,-63,56,-57,62,-55,63,-54,68,-47,59,-48,61,-45,65,-48,66,-40,64,-40,57,-37,58,-42,59,-33,55,-29,53,-24,48,-28,46,-23,44,-17,39,-17,33,-15,36,-10,27,-9,20,-4,18,-3,18,-2,9,4,9,7,6,9,3,10,-2,13,-2,17,-5,19,-8,22,-6,25,-8,31,-6,28,-9,35,-3,37,-4,41,-6,47,-4,49,-3,52,2,57,4,52,2,66,9,64,14,63,9,69,12,70,14,73,16,74,12,80,17,75,20,80,20,83,18,83,0,0]"
CSI_DATA,369,1a:00:00:00:00:00,-48,11,1,0,1,1,1,0,0,0,1,-96,0,11,2,5040266,0,44,0,384,0,"[0,0,0,0,0,0,0,0,0,0,0,0,10,3,9,2,8,2,8,2,6,1,5,0,5,0,4,0,3,-1,3,-1,2,-1,1,-2,0,-2,0,-1,-1,-2,-2,-1,-3,-1,-3,-1,-3,-1,-5,-1,-5,-1,-6,-1,-6,-1,-7,0,-8,0,-8,1,0,0,-9,1,-10,1,-11,1,-11,1,-11,1,-11,0,-11,1,-12,0,-12,0,-11,0,-12,0,-11,-1,-11,-1,-11,-1,-10,-1,-10,0,-10,-1,-9,-1,-9,-1,-8,-1,-7,-2,-8,-2,-7,-3,-7,-3,-5,-2,-5,-2,0,0,0,0,0,0,0,0,0,0,0,0,0,0,65,30,62,33,58,25,52,25,52,20,44,17,41,17,39,13,35,14,34,5,27,0,21,2,22,3,20,0,16,2,12,-6,4,-8,1,-6,-4,-8,-7,-4,-13,-9,-12,-11,-20,-3,-22,-1,-26,-1,-28,-3,-32,0,-36,1,-40,3,-44,3,-43,-1,-44,3,-49,6,-56,8,-56,6,-60,1,-65,3,-60,7,-64,-1,-61,2,-57,2,-62,-5,-60,-4,-63,-4,-53,-2,-58,-4,-52,-4,-50,-5,-51,-5,-46,-5,-40,-6,-43,-2,-40,-8,-35,-12,-35,-11,-29,-12,-23,-15,0,0,0,0,0,0,0,0,0,0,0,0,0,0,0,0,0,0,0,0,0,0,77,-22,77,-16,84,-16,80,-9,86,-7,80,-4,76,-4,78,-2,80,0,76,3,77,7,70,6,72,3,69,8,61,10,58,12,54,9,51,17,44,10,41,10,33,6,32,9,27,14,25,13,15,13,13,13,4,9,5,11,-1,9,-3,12,-11,10,-14,12,-12,11,-15,13,-23,18,-20,16,-24,21,-27,26,-29,27,-27,30,-30,28,-29,36,-35,36,-33,44,-32,47,-31,43,-35,50,-31,58,-34,59,-36,68,-35,64,-34,72,-34,70,-37,68,-34,76,-36,75,-34,77,0,0]"
CSI_DATA,370,1a:00:00:00:00:00,-48,11,1,0,1,1,1,0,0,0,1,-96,0,11,2,5049521,0,44,0,384,0,"[0,0,0,0,0,0,0,0,0,0,0,0,-11,-1,-10,0,-9,0,-9,0,-7,0,-7,0,-6,1,-5,1,-4,1,-3,1,-2,1,-2,1,-1,1,0,0,0,0,1,0,2,0,2,-1,3,-1,4,-2,4,-2,5,-2,5,-3,6,-4,6,-4,7,-5,0,0,8,-5,9,-6,9,-6,9,-7,10,-6,10,-6,10,-6,10,-6,10,-6,10,-6,11,-6,10,-5,10,-5,10,-5,9,-4,9,-4,9,-4,8,-4,8,-3,8,-3,7,-3,7,-2,7,-2,6,-1,6,-1,5,0,0,0,0,0,0,0,0,0,0,0,0,0,0,0,-41,60,-33,58,-32,61,-27,54,-22,50,-21,44,-21,44,-14,34,-15,36,-9,30,-7,25,-2,23,0,20,0,16,-1,10,5,5,4,4,6,2,5,-3,8,-9,8,-10,5,-15,3,-19,3,-24,2,-25,5,-31,3,-34,-1,-35,1,-37,-3,-48,-4,-43,-4,-50,-6,-51,-9,-56,-8,-53,-6,-59,-2,-66,-4,-59,-1,-62,-3,-61,-2,-59,-2,-63,1,-61,1,-60,2,-55,0,-57,0,-51,2,-51,5,-49,2,-43,8,-45,6,-44,5,-39,11,-33,5,-30,14,-27,15,-28,0,0,0,0,0,0,0,0,0,0,0,0,0,0,0,0,0,0,0,0,0,0,8,83,1,75,-2,84,-5,83,-7,84,-9,82,-15,75,-17,75,-17,74,-16,70,-21,71,-14,74,-18,71,-17,66,-21,57,-20,54,-19,57,-21,47,-16,41,-14,41,-23,32,-18,32,-16,22,-16,18,-16,14,-13,13,-9,3,-12,-2,-8,-3,-12,-5,-9,-7,-9,-13,-8,-19,-15,-19,-14,-22,-12,-27,-20,-26,-22,-27,-23,-32,-30,-30,-26,-34,-34,-35,-34,-38,-42,-35,-43,-39,-46,-43,-52,-40,-51,-37,-58,-38,-57,-42,-63,-40,-70,-38,-70,-44,-71,-41,-75,-44,-69,-44,-70,-44,0,0]"
CSI_DATA,371,1a:00:00:00:00:00,-48,11,1,0,1,1,1,0,0,0,1,-96,0,11,2,5069671,0,44,0,384,0,"[0,0,0,0,0,0,0,0,0,0,0,0,-11,-2,-10,-2,-9,-1,-9,-2,-7,-1,-7,-1,-6,0,-5,0,-4,0,-3,0,-3,1,-2,1,-2,0,0,0,0,0,1,0,2,0,2,0,3,0,3,-1,4,-1,5,-2,5,-2,6,-2,7,-2,7,-3,0,0,9,-4,9,-3,10,-4,9,-4,10,-4,10,-4,11,-4,10,-4,11,-3,10,-4,11,-3,10,-3,10,-2,10,-2,9,-2,9,-2,8,-2,8,-2,7,-2,7,-1,7,-1,7,0,6,0,6,0,5,0,4,1,0,0,0,0,0,0,0,0,0,0,0,0,0,0,-69,-32,-62,-26,-63,-30,-57,-25,-55,-24,-46,-20,-44,-15,-41,-17,-39,-10,-33,-8,-27,-4,-24,-8,-18,2,-19,-1,-15,1,-8,7,-4,1,-2,6,2,9,8,8,11,8,15,10,19,3,21,0,24,3,32,2,34,-1,38,0,42,-2,46,-5,45,-5,50,-3,53,-5,56,-3,58,-8,58,-2,67,-3,66,-8,62,1,67,-3,60,-4,59,3,63,5,63,3,55,7,54,4,52,7,53,6,41,4,42,9,45,6,42,7,39,8,35,12,30,12,24,13,26,13,0,0,0,0,0,0,0,0,0,0,0,0,0,0,0,0,0,0,0,0,0,0,-80,34,-78,24,-86,20,-83,15,-87,11,-84,10,-82,9,-84,1,-83,2,-78,1,-77,-1,-74,1,-75,1,-73,-2,-64,-6,-62,-6,-58,-5,-58,-9,-49,-6,-40,-8,-38,-8,-38,-10,-27,-11,-27,-11,-19,-9,-15,-10,-9,-10,-1,-12,-1,-9,3,-14,9,-10,9,-9,11,-16,16,-16,17,-16,22,-21,25,-21,26,-25,24,-29,26,-38,29,-36,30,-42,30,-38,34,-42,29,-45,30,-49,31,-55,29,-61,35,-63,34,-69,31,-70,30,-76,35,-79,32,-75,35,-85,30,-80,34,-78,0,0]"
CSI_DATA,372,1a:00:00:00:00:00,-49,11,1,0,1,1,1,0,0,0,1,-96,0,11,2,5109460,0,44,0,384,0,"[0,0,0,0,0,0,0,0,0,0,0,0,-11,-1,-10,-1,-9,-1,-9,-1,-8,-1,-7,0,-6,0,-5,1,-4,1,-3,0,-3,1,-1,0,-1,1,0,1,0,0,1,1,2,0,2,0,3,-1,4,-1,4,-1,5,-1,5,-2,6,-2,7,-3,7,-3,0,0,8,-4,9,-4,9,-4,10,-5,10,-4,11,-4,10,-4,10,-5,11,-4,10,-4,11,-4,10,-3,10,-3,10,-3,9,-2,9,-3,9,-2,8,-2,8,-2,7,-2,7,-1,7,-1,6,-1,6,0,6,0,5,0,0,0,0,0,0,0,0,0,0,0,0,0,0,0,-71,-23,-66,-21,-63,-15,-57,-16,-46,-15,-48,-10,-44,-10,-43,-5,-35,-2,-31,0,-29,-1,-25,-1,-20,3,-16,6,-12,3,-9,8,-3,8,3,9,4,8,8,5,12,4,16,8,18,2,25,-1,26,-2,28,-4,30,-1,36,-11,39,-7,47,-8,39,-14,46,-13,50,-17,58,-14,54,-14,59,-12,57,-13,61,-15,61,-11,58,-13,62,-13,60,-9,63,-9,60,-10,56,-6,54,-10,51,-4,47,-7,49,-5,45,-7,42,1,43,-4,39,0,35,2,40,3,27,6,28,9,0,0,0,0,0,0,0,0,0,0,0,0,0,0,0,0,0,0,0,0,0,0,-78,35,-78,25,-77,25,-85,16,-80,13,-82,8,-77,8,-80,6,-78,8,-79,5,-78,4,-72,3,-76,4,-69,-1,-60,-4,-61,-3,-59,-1,-50,-8,-50,-8,-41,-6,-37,-7,-36,-11,-28,-10,-25,-7,-20,-8,-18,-10,-6,-8,-6,-14,-3,-8,5,-11,6,-9,8,-13,12,-18,13,-17,15,-16,16,-21,18,-24,18,-27,21,-30,22,-37,23,-32,23,-44,24,-43,25,-49,20,-50,26,-56,23,-56,21,-62,22,-65,25,-68,26,-72,19,-74,21,-77,21,-72,22,-87,24,-81,22,-81,0,0]"
CSI_DATA,373,1a:00:00:00:00:00,-48,11,1,0,1,1,1,0,0,0,1,-96,0,11,2,5119592,0,44,0,384,0,"[0,0,0,0,0,0,0,0,0,0,0,0,-4,9,-3,9,-2,8,-2,7,-1,7,-2,5,-1,5,0,4,-1,3,0,2,0,2,0,1,1,0,1,-1,1,-1,1,-2,0,-3,0,-3,0,-4,0,-5,0,-5,-1,-6,0,-7,-1,-7,-1,-8,-2,-9,0,0,-2,-10,-2,-10,-2,-11,-2,-11,-2,-11,-2,-12,-2,-12,-2,-12,-2,-13,-1,-12,-1,-13,-1,-11,-1,-11,-1,-10,0,-11,0,-11,0,-10,0,-10,0,-9,0,-9,1,-8,0,-7,0,-7,1,-7,2,-6,2,-5,0,0,0,0,0,0,0,0,0,0,0,0,0,0,-23,66,-21,66,-15,63,-18,55,-12,57,-11,46,-6,44,-5,45,-3,39,-2,32,-1,29,1,23,2,20,6,17,6,11,6,7,5,3,6,-3,9,-5,5,-5,6,-12,4,-18,2,-22,0,-23,-1,-24,-1,-32,-1,-36,-7,-39,-2,-36,-9,-49,-6,-49,-5,-53,-4,-54,-11,-60,-13,-53,-10,-65,-9,-62,-11,-64,-8,-64,-5,-65,-10,-59,-8,-67,-5,-61,-5,-61,-2,-54,1,-54,-1,-54,0,-54,1,-51,5,-45,3,-42,2,-43,7,-35,8,-36,9,-35,9,-29,11,-28,0,0,0,0,0,0,0,0,0,0,0,0,0,0,0,0,0,0,0,0,0,0,48,67,44,72,36,73,33,75,29,72,23,78,26,73,20,77,22,77,22,74,14,74,17,69,16,70,13,67,6,66,13,61,12,57,1,52,-1,47,1,44,-1,38,-6,34,-1,28,-7,28,-7,19,-7,14,-9,9,-8,2,-10,3,-13,-6,-10,-5,-13,-9,-17,-9,-16,-13,-19,-18,-20,-16,-22,-15,-30,-20,-34,-17,-34,-19,-35,-22,-41,-23,-51,-24,-49,-21,-52,-22,-60,-24,-62,-22,-65,-14,-70,-19,-69,-22,-71,-19,-74,-14,-76,-19,-76,-16,-80,-19,-83,-15,-80,-21,0,0]"
CSI_DATA,374,1a:00:00:00:00:00,-48,11,1,0,1,1,1,0,0,0,1,-96,0,11,2,5131159,0,44,0,384,0,"[0,0,0,0,0,0,0,0,0,0,0,0,7,6,7,5,7,4,6,4,5,3,4,2,4,2,4,1,3,1,3,0,2,0,1,-1,1,-1,0,-2,-1,-2,-2,-3,-2,-2,-3,-3,-3,-2,-4,-3,-5,-3,-5,-3,-6,-3,-7,-3,-7,-3,-8,-3,0,0,-10,-3,-10,-4,-11,-4,-11,-4,-11,-4,-11,-5,-12,-4,-11,-5,-11,-5,-11,-5,-11,-6,-10,-6,-10,-6,-10,-5,-9,-6,-9,-5,-9,-5,-7,-5,-7,-5,-7,-5,-7,-5,-7,-5,-6,-5,-5,-5,-4,-4,-4,-5,0,0,0,0,0,0,0,0,0,0,0,0,0,0,21,28,20,27,22,23,18,23,19,19,18,19,15,14,15,15,12,13,11,8,11,5,10,5,9,4,7,3,6,1,5,1,3,-2,0,-3,-1,-5,-2,-4,-4,-7,-5,-7,-5,-7,-8,-8,-8,-9,-14,-10,-15,-9,-18,-9,-18,-11,-23,-11,-22,-11,-26,-11,-26,-11,-28,-12,-29,-12,-31,-12,-28,-14,-33,-13,-30,-13,-29,-15,-28,-14,-26,-14,-28,-14,-28,-17,-26,-15,-23,-15,-25,-15,-23,-14,-21,-14,-19,-12,-19,-13,-16,-13,-18,-12,-14,-14,-11,-13,-11,-12,-9,-13,0,0,0,0,0,0,0,0,0,0,0,0,0,0,0,0,0,0,0,0,0,0,40,7,41,12,38,11,39,16,37,14,37,18,34,17,34,19,35,21,32,18,31,18,31,18,31,18,29,18,27,20,21,19,25,17,20,16,17,14,14,17,13,14,12,14,7,11,9,9,6,9,2,6,1,6,-2,7,-4,2,-5,5,-7,4,-12,3,-9,2,-13,1,-11,4,-14,3,-14,3,-19,5,-19,3,-19,5,-20,7,-22,9,-24,11,-25,11,-23,14,-26,12,-27,15,-25,19,-28,22,-27,21,-31,21,-31,24,-33,25,-30,23,-35,23,-35,28,-31,24,0,0]"
CSI_DATA,375,1a:00:00:00:00:00,-48,11,1,0,1,1,1,0,0,0,1,-96,0,11,2,5139533,0,44,0,384,0,"[0,0,0,0,0,0,0,0,0,0,0,0,8,-7,7,-7,5,-6,5,-6,4,-5,4,-5,3,-5,2,-5,2,-4,0,-3,0,-3,0,-2,-1,-2,-2,-1,-2,-1,-2,0,-3,1,-3,1,-4,2,-4,3,-4,3,-4,4,-4,4,-5,5,-5,6,-6,7,0,0,-6,8,-6,8,-6,9,-6,9,-7,9,-7,8,-7,9,-7,9,-7,9,-7,9,-8,9,-8,8,-7,8,-7,7,-7,7,-7,7,-7,6,-7,7,-7,6,-6,5,-6,5,-6,4,-6,3,-5,3,-6,3,-5,2,0,0,0,0,0,0,0,0,0,0,0,0,0,0,31,-18,29,-17,24,-18,25,-18,22,-17,20,-14,20,-14,16,-13,11,-10,12,-11,8,-12,7,-9,4,-9,3,-6,3,-7,0,-5,-3,-3,-4,-2,-5,-3,-6,0,-7,1,-8,2,-8,5,-11,8,-10,8,-14,11,-13,10,-13,13,-12,16,-14,20,-16,19,-15,22,-17,21,-17,21,-17,23,-19,25,-20,24,-20,26,-21,22,-22,24,-19,23,-20,23,-21,24,-22,20,-21,20,-20,20,-20,18,-19,17,-18,18,-17,15,-19,15,-18,14,-15,11,-16,9,-17,9,-17,7,-15,6,0,0,0,0,0,0,0,0,0,0,0,0,0,0,0,0,0,0,0,0,0,0,7,-41,12,-40,13,-40,17,-39,18,-39,17,-37,19,-35,19,-33,20,-35,19,-33,22,-33,20,-31,21,-34,19,-29,19,-26,19,-24,18,-23,17,-19,15,-18,17,-15,13,-14,14,-10,14,-9,13,-7,11,-6,7,-1,6,-2,4,1,3,3,2,5,2,5,1,8,-1,8,2,11,1,11,1,13,3,13,4,16,1,19,3,19,6,20,8,23,8,23,10,25,9,25,14,26,12,28,16,26,17,29,17,29,16,30,19,33,20,36,19,32,24,36,23,33,21,34,0,0]"
CSI_DATA,376,1a:00:00:00:00:00,-48,11,1,0,1,1,1,0,0,0,1,-96,0,11,2,5149467,0,44,0,384,0,"[0,0,0,0,0,0,0,0,0,0,0,0,8,5,7,4,7,4,6,3,6,3,5,2,4,1,4,1,3,1,2,0,2,-1,1,-1,0,-1,0,-2,-1,-2,-1,-2,-2,-3,-3,-3,-3,-3,-4,-3,-5,-3,-6,-3,-6,-3,-7,-3,-8,-3,-9,-3,0,0,-10,-3,-10,-3,-10,-3,-11,-3,-11,-4,-11,-4,-11,-4,-11,-4,-11,-4,-11,-4,-11,-4,-11,-5,-11,-5,-10,-5,-9,-5,-9,-4,-9,-4,-8,-4,-8,-4,-8,-4,-7,-5,-7,-5,-6,-5,-5,-4,-5,-4,-4,-4,0,0,0,0,0,0,0,0,0,0,0,0,0,0,63,39,54,31,58,32,46,33,46,26,40,26,38,17,39,14,32,8,32,10,28,8,24,2,21,-1,17,0,13,-7,4,-7,8,-10,2,-10,-3,-11,-8,-15,-8,-10,-11,-10,-18,-12,-23,-11,-24,-11,-31,-13,-32,-13,-36,-10,-41,-9,-45,-10,-46,-12,-54,-12,-50,-15,-59,-10,-57,-8,-59,-11,-63,-16,-64,-12,-64,-18,-62,-17,-60,-14,-60,-15,-59,-21,-55,-19,-54,-21,-55,-21,-53,-20,-49,-19,-45,-13,-43,-19,-42,-20,-37,-21,-35,-20,-35,-22,-31,-21,-25,-21,-21,-22,0,0,0,0,0,0,0,0,0,0,0,0,0,0,0,0,0,0,0,0,0,0,79,-26,81,-21,79,-17,86,-12,81,-8,81,1,81,-3,80,0,79,2,74,2,79,7,72,1,72,3,69,9,61,12,56,10,61,10,50,14,49,11,39,14,35,15,35,12,25,14,24,11,17,13,12,10,7,12,4,9,-5,8,-4,13,-13,9,-10,11,-17,9,-23,11,-23,10,-24,18,-25,13,-27,19,-31,22,-28,29,-32,31,-31,36,-37,40,-32,39,-36,46,-36,40,-40,47,-36,56,-39,54,-41,56,-37,61,-40,68,-46,68,-42,65,-45,73,-40,73,-45,64,0,0]"
CSI_DATA,377,1a:00:00:00:00:00,-48,11,1,0,1,1,1,0,0,0,1,-96,0,11,2,5159596,0,44,0,384,0,"[0,0,0,0,0,0,0,0,0,0,0,0,6,-9,5,-8,4,-8,4,-7,3,-7,3,-6,2,-6,1,-5,1,-5,0,-3,0,-3,-1,-3,-2,-2,-3,-1,-2,-1,-3,0,-4,1,-3,2,-3,3,-3,3,-3,4,-4,5,-4,5,-5,6,-5,6,-4,7,0,0,-4,8,-6,9,-5,9,-5,10,-6,10,-6,10,-6,10,-6,10,-6,11,-7,11,-7,10,-8,8,-7,8,-7,8,-8,8,-8,8,-6,7,-6,7,-6,7,-6,6,-6,6,-6,4,-6,4,-6,3,-6,2,-5,2,0,0,0,0,0,0,0,0,0,0,0,0,0,0,25,-26,21,-22,21,-24,20,-20,21,-21,16,-18,13,-20,11,-17,9,-13,6,-13,5,-15,6,-11,2,-9,1,-8,-1,-6,-2,-7,-3,-3,-5,-1,-6,-2,-6,0,-8,2,-7,3,-8,6,-10,7,-9,10,-10,14,-9,13,-8,16,-9,16,-10,19,-11,21,-12,23,-13,23,-12,25,-13,27,-14,25,-15,25,-16,26,-17,28,-17,28,-16,26,-19,25,-18,23,-19,26,-18,22,-18,23,-17,21,-17,20,-16,17,-15,17,-16,17,-15,13,-16,14,-15,13,-15,10,-14,9,-14,8,0,0,0,0,0,0,0,0,0,0,0,0,0,0,0,0,0,0,0,0,0,0,-9,-39,-5,-41,-3,-41,0,-42,2,-44,3,-40,2,-40,6,-39,7,-40,6,-38,9,-37,6,-36,7,-38,9,-35,10,-29,11,-30,11,-29,10,-25,9,-22,11,-19,12,-17,9,-15,9,-12,5,-11,9,-10,7,-7,6,-1,5,-1,5,-1,5,2,3,5,4,6,4,8,4,10,3,12,5,12,7,12,9,14,8,15,11,16,10,17,12,18,13,21,16,21,18,19,19,24,20,23,21,22,23,25,26,26,26,25,28,26,31,27,30,26,30,26,30,29,28,27,0,0]"
CSI_DATA,378,1a:00:00:00:00:00,-48,11,1,0,1,1,1,0,0,0,1,-96,0,11,2,5169480,0,44,0,384,0,"[0,0,0,0,0,0,0,0,0,0,0,0,9,-5,8,-6,6,-5,6,-5,5,-4,4,-4,3,-5,3,-4,2,-4,1,-3,0,-3,0,-2,-1,-2,-2,-2,-2,-1,-2,-1,-3,0,-3,1,-4,1,-4,2,-4,2,-5,2,-5,3,-6,4,-6,4,-7,5,0,0,-7,6,-8,6,-8,7,-8,8,-9,7,-9,7,-9,7,-9,7,-9,7,-9,7,-10,7,-9,5,-9,5,-9,5,-9,5,-9,5,-8,4,-8,5,-8,4,-7,4,-8,3,-7,2,-7,2,-6,1,-7,1,-6,1,0,0,0,0,0,0,0,0,0,0,0,0,0,0,63,-37,60,-32,59,-37,47,-29,45,-26,43,-29,36,-28,33,-26,25,-25,23,-23,20,-22,13,-23,6,-19,11,-17,4,-14,-1,-9,-6,-10,-9,-7,-9,-4,-14,0,-15,2,-18,8,-14,7,-21,10,-24,14,-28,18,-26,19,-28,25,-33,28,-33,35,-34,35,-39,37,-40,36,-42,41,-38,43,-44,44,-47,46,-46,49,-50,40,-51,42,-49,37,-48,39,-52,41,-52,34,-50,33,-49,33,-45,33,-48,25,-46,24,-40,26,-37,24,-41,24,-38,14,-35,11,-35,11,-35,11,-26,1,0,0,0,0,0,0,0,0,0,0,0,0,0,0,0,0,0,0,0,0,0,0,-1,-82,8,-85,11,-81,17,-85,22,-80,24,-80,23,-72,29,-77,26,-78,33,-70,32,-71,30,-65,31,-70,33,-61,36,-56,33,-50,31,-53,29,-40,26,-39,29,-36,26,-32,30,-27,19,-22,19,-19,16,-13,13,-10,13,0,11,0,5,8,11,7,5,9,4,14,3,22,5,20,3,22,6,29,4,26,8,33,9,39,15,41,12,43,15,43,18,48,16,44,24,46,33,51,29,58,32,55,34,61,37,62,39,67,45,66,43,70,42,64,47,69,44,71,39,69,0,0]"
CSI_DATA,379,1a:00:00:00:00:00,-48,11,1,0,1,1,1,0,0,0,1,-96,0,11,2,5180434,0,44,0,384,0,"[0,0,0,0,0,0,0,0,0,0,0,0,10,1,9,0,8,0,8,0,6,0,5,-1,5,-1,4,-1,3,-2,2,-2,2,-2,1,-2,1,-2,-1,-2,-1,-2,-2,-2,-3,-2,-3,-2,-4,-2,-5,-2,-6,-2,-6,-1,-7,-2,-8,-1,-9,0,-9,0,0,0,-10,0,-11,0,-11,0,-12,0,-12,-1,-12,-1,-12,-1,-12,-1,-13,-1,-12,-1,-12,-2,-12,-3,-12,-2,-11,-3,-10,-3,-10,-3,-10,-3,-9,-2,-8,-3,-8,-3,-8,-3,-7,-4,-7,-3,-6,-4,-6,-4,-5,-3,0,0,0,0,0,0,0,0,0,0,0,0,0,0,67,17,67,13,64,9,55,9,55,7,48,7,46,8,43,2,33,1,31,0,26,-4,22,0,22,-7,15,-4,11,-9,8,-9,6,-12,1,-8,-3,-14,-6,-8,-17,-8,-12,-6,-18,-6,-17,-6,-27,-6,-31,-8,-31,-1,-39,0,-39,2,-45,2,-49,-1,-51,3,-50,-2,-53,7,-58,8,-63,4,-60,3,-61,1,-64,1,-68,1,-63,-1,-65,-1,-64,-6,-59,-2,-55,-5,-57,-7,-52,-7,-55,-7,-44,-9,-47,-8,-43,-9,-42,-8,-41,-9,-31,-15,-35,-12,-28,-16,-25,-14,0,0,0,0,0,0,0,0,0,0,0,0,0,0,0,0,0,0,0,0,0,0,56,-55,65,-47,65,-43,71,-42,72,-38,72,-35,73,-29,72,-31,73,-30,65,-25,73,-23,70,-23,69,-24,62,-17,61,-12,57,-11,56,-12,50,-8,48,-6,42,-3,38,-2,35,0,26,2,27,4,18,5,15,6,12,10,9,7,3,8,-2,11,-5,14,-8,15,-11,14,-11,17,-14,18,-16,27,-17,27,-16,27,-19,31,-20,32,-17,39,-17,43,-20,45,-16,48,-16,50,-19,58,-14,55,-19,59,-16,66,-14,70,-16,70,-11,76,-19,73,-15,69,-17,83,-11,78,-17,81,0,0]"
CSI_DATA,380,1a:00:00:00:00:00,-48,11,1,0,1,1,1,0,0,0,1,-96,0,11,2,5189467,0,44,0,384,0,"[0,0,0,0,0,0,0,0,0,0,0,0,-5,-10,-5,-8,-5,-8,-5,-7,-5,-6,-4,-5,-4,-4,-3,-3,-3,-3,-3,-2,-3,-1,-3,0,-2,0,-2,0,-2,1,-1,2,0,2,0,3,0,3,1,4,1,4,2,5,2,5,3,5,4,6,5,6,0,0,6,7,6,7,6,8,6,8,6,8,6,8,6,9,6,9,6,9,5,10,5,10,5,9,4,9,4,9,3,8,3,9,4,8,3,7,2,7,2,7,2,7,1,7,1,6,0,6,0,5,-1,5,0,0,0,0,0,0,0,0,0,0,0,0,0,0,-14,-72,-10,-61,-19,-61,-12,-55,-9,-54,-18,-49,-16,-43,-16,-43,-13,-34,-15,-30,-14,-23,-12,-23,-15,-18,-15,-13,-6,-10,-10,-6,-7,-2,-7,6,-6,11,-6,10,-6,14,-1,13,4,15,5,23,7,23,11,30,9,31,12,35,20,38,17,40,19,44,26,46,23,46,27,47,29,48,27,55,26,54,27,53,25,56,26,55,25,55,19,58,17,54,23,53,14,53,16,52,10,49,11,46,9,46,9,42,8,46,6,40,4,36,3,34,-3,34,-1,32,-4,32,0,0,0,0,0,0,0,0,0,0,0,0,0,0,0,0,0,0,0,0,0,0,-76,-32,-71,-37,-70,-45,-66,-50,-65,-47,-61,-47,-60,-49,-59,-50,-57,-55,-54,-52,-52,-52,-54,-49,-54,-54,-47,-53,-37,-53,-33,-50,-37,-45,-29,-44,-29,-37,-23,-36,-21,-32,-15,-33,-11,-25,-10,-25,-4,-20,-2,-16,1,-11,6,-9,7,-6,11,-8,13,-3,19,-1,21,-3,22,2,22,3,26,3,26,3,33,3,33,1,39,2,43,3,44,-3,47,-4,52,-4,53,-8,46,-11,55,-10,59,-14,63,-13,72,-18,74,-19,71,-21,76,-21,72,-14,80,-17,76,-21,75,-18,0,0]"
CSI_DATA,381,1a:00:00:00:00:00,-48,11,1,0,1,1,1,0,0,0,1,-96,0,11,2,5199505,0,44,0,384,0,"[0,0,0,0,0,0,0,0,0,0,0,0,4,9,4,7,4,7,3,7,3,5,3,4,3,3,3,3,3,2,2,1,2,0,2,0,1,-1,1,-1,1,-2,0,-3,-1,-3,-1,-4,-1,-4,-2,-5,-2,-5,-3,-6,-3,-6,-4,-7,-4,-7,-5,-7,0,0,-6,-8,-6,-9,-7,-9,-8,-9,-7,-9,-7,-9,-8,-10,-7,-10,-7,-10,-7,-11,-6,-11,-5,-10,-5,-10,-5,-10,-5,-10,-5,-9,-5,-9,-4,-8,-4,-8,-3,-8,-3,-7,-3,-7,-2,-7,-2,-7,-1,-6,0,-6,0,0,0,0,0,0,0,0,0,0,0,0,0,0,51,52,50,46,50,46,44,38,41,42,39,32,35,27,36,23,31,15,27,14,24,14,22,4,20,5,19,3,15,-1,8,-4,9,-8,6,-7,3,-9,-1,-10,-6,-12,-11,-18,-15,-19,-17,-21,-23,-20,-31,-17,-28,-25,-31,-21,-35,-21,-37,-24,-41,-24,-46,-27,-47,-27,-53,-25,-52,-25,-56,-33,-56,-27,-54,-28,-57,-37,-55,-37,-52,-38,-49,-39,-48,-38,-52,-36,-44,-38,-47,-39,-41,-37,-41,-32,-40,-34,-35,-36,-31,-30,-30,-31,-28,-31,-25,-33,-18,-27,-18,-31,-12,-29,0,0,0,0,0,0,0,0,0,0,0,0,0,0,0,0,0,0,0,0,0,0,82,-13,84,-9,81,-3,84,1,81,4,82,10,78,8,80,7,80,10,75,13,72,21,71,20,73,16,64,18,57,21,54,18,55,18,48,22,48,20,42,20,34,17,27,23,23,17,18,15,13,14,11,18,3,14,-2,13,0,11,-6,9,-11,13,-12,9,-19,7,-22,7,-25,9,-23,11,-26,13,-30,14,-32,16,-36,20,-41,23,-37,27,-39,28,-44,35,-46,37,-35,41,-41,43,-44,44,-44,53,-55,47,-54,54,-55,56,-62,56,-52,58,-61,60,-55,61,-58,59,0,0]"
CSI_DATA,382,1a:00:00:00:00:00,-48,11,1,0,1,1,1,0,0,0,1,-96,0,11,2,5209670,0,44,0,384,0,"[0,0,0,0,0,0,0,0,0,0,0,0,9,2,8,2,8,2,8,1,6,1,5,0,5,-1,5,-1,3,-1,3,-1,2,-2,1,-2,0,-2,0,-2,-1,-2,-2,-3,-2,-3,-4,-2,-4,-2,-4,-3,-5,-3,-6,-2,-6,-3,-8,-2,-8,-2,-9,-2,0,0,-10,-2,-11,-2,-11,-2,-11,-2,-11,-2,-12,-3,-12,-3,-12,-3,-12,-3,-12,-4,-11,-4,-11,-4,-11,-4,-11,-4,-10,-4,-10,-4,-10,-4,-9,-4,-8,-4,-8,-4,-7,-4,-7,-5,-6,-4,-6,-4,-5,-4,-4,-4,0,0,0,0,0,0,0,0,0,0,0,0,0,0,69,23,62,23,57,17,54,17,52,13,45,13,44,10,42,2,36,5,32,3,29,-4,23,-4,21,-6,16,-7,11,-7,7,-8,4,-11,0,-11,-3,-9,-6,-9,-14,-8,-18,-9,-16,-5,-20,-5,-28,-7,-32,-6,-34,-5,-38,-6,-41,-8,-40,-4,-47,-7,-50,-5,-51,-4,-60,-3,-58,-1,-60,-4,-59,-1,-60,-1,-60,-5,-63,-6,-62,-8,-59,-10,-57,-12,-59,-9,-51,-14,-52,-10,-51,-15,-51,-16,-46,-14,-43,-10,-41,-12,-40,-19,-38,-13,-32,-17,-26,-18,-26,-17,-22,-20,0,0,0,0,0,0,0,0,0,0,0,0,0,0,0,0,0,0,0,0,0,0,65,-47,65,-42,68,-38,72,-37,75,-32,73,-31,71,-24,74,-26,73,-27,73,-23,71,-17,67,-21,69,-17,65,-13,61,-10,58,-5,54,-7,52,-5,44,-3,43,-1,37,1,35,-2,26,2,22,4,17,8,15,7,13,11,4,12,3,6,0,10,-3,10,-8,14,-9,17,-14,16,-14,23,-18,24,-18,26,-18,26,-19,27,-26,34,-23,39,-20,38,-21,42,-24,48,-25,46,-21,48,-18,57,-15,61,-15,61,-23,72,-23,71,-19,74,-21,74,-19,73,-26,85,-25,79,-22,77,0,0]"
CSI_DATA,383,1a:00:00:00:00:00,-48,11,1,0,1,1,1,0,0,0,1,-96,0,11,2,5221877,0,44,0,384,0,"[0,0,0,0,0,0,0,0,0,0,0,0,-2,-11,-2,-10,-3,-10,-3,-9,-3,-8,-2,-7,-3,-6,-2,-4,-3,-4,-3,-4,-3,-3,-3,-2,-3,-1,-2,0,-2,1,-2,2,-1,2,-1,2,-1,3,-1,4,-1,5,0,5,0,6,1,7,1,7,2,8,0,0,2,9,2,10,3,10,3,10,2,10,2,11,3,11,2,11,2,12,1,11,1,12,1,11,1,11,1,10,0,10,-1,10,0,9,0,9,-1,8,-1,8,-1,8,-1,7,-1,7,-2,6,-3,5,-3,5,0,0,0,0,0,0,0,0,0,0,0,0,0,0,-3,-74,-5,-69,-9,-64,-7,-57,-10,-59,-10,-48,-12,-44,-12,-43,-13,-34,-11,-31,-11,-30,-10,-21,-14,-21,-11,-13,-12,-13,-8,-6,-10,-6,-9,1,-11,0,-8,8,-7,16,-8,17,-5,18,-6,25,-1,23,2,28,3,33,6,36,4,39,11,43,11,43,11,48,13,53,14,51,17,57,12,57,15,58,18,57,11,62,13,61,12,58,7,63,9,58,6,59,5,56,5,53,-1,52,4,50,-1,46,-1,45,0,46,-3,41,-2,39,-4,38,-8,32,-11,29,-12,23,0,0,0,0,0,0,0,0,0,0,0,0,0,0,0,0,0,0,0,0,0,0,-74,-36,-66,-42,-71,-47,-67,-50,-64,-55,-57,-54,-56,-52,-57,-58,-56,-60,-53,-60,-46,-59,-44,-56,-45,-57,-39,-57,-29,-51,-29,-51,-34,-47,-23,-47,-20,-38,-16,-43,-13,-35,-10,-32,-6,-30,-7,-24,-1,-24,0,-20,4,-14,6,-10,10,-9,12,-1,14,2,16,1,17,4,20,4,25,6,27,3,33,7,31,4,35,4,40,4,39,4,45,0,47,4,52,-3,54,-1,55,-9,58,-8,64,-6,64,-11,71,-7,70,-10,71,-11,76,-9,77,-9,83,-14,79,-13,85,-7,0,0]"
CSI_DATA,384,1a:00:00:00:00:00,-48,11,1,0,1,1,1,0,0,0,1,-96,0,11,2,5230918,0,44,0,384,0,"[0,0,0,0,0,0,0,0,0,0,0,0,-9,4,-9,5,-8,4,-8,4,-6,4,-6,3,-4,4,-3,4,-3,3,-2,2,-2,3,-1,2,0,2,1,1,1,1,2,0,2,0,3,-1,3,-1,4,-2,4,-2,5,-2,4,-3,6,-4,6,-4,7,-5,0,0,7,-5,8,-6,8,-6,8,-7,9,-6,10,-6,9,-6,9,-5,9,-6,10,-5,10,-5,10,-4,10,-4,9,-4,9,-4,9,-4,8,-3,8,-3,8,-3,7,-3,7,-2,6,-1,6,-1,6,-1,6,0,5,0,0,0,0,0,0,0,0,0,0,0,0,0,0,0,-64,28,-61,23,-55,27,-54,23,-51,28,-43,22,-41,24,-35,23,-30,23,-28,19,-23,18,-16,18,-13,19,-13,15,-9,12,-3,13,3,8,5,7,9,5,11,0,14,3,18,1,14,0,20,-12,23,-9,29,-13,28,-19,27,-23,33,-18,33,-26,38,-22,40,-29,40,-24,43,-29,46,-33,50,-35,53,-32,53,-31,56,-34,51,-28,51,-27,58,-27,52,-23,52,-27,48,-25,51,-20,48,-18,47,-17,42,-15,45,-13,42,-14,38,-13,38,-9,35,-7,35,-1,31,-4,27,1,0,0,0,0,0,0,0,0,0,0,0,0,0,0,0,0,0,0,0,0,0,0,-4,81,-11,77,-15,78,-20,79,-27,75,-26,74,-26,70,-32,68,-32,68,-32,66,-38,64,-34,58,-36,64,-35,56,-36,48,-35,47,-33,44,-36,37,-35,32,-31,29,-26,23,-27,21,-24,17,-24,16,-16,10,-15,6,-12,1,-17,-6,-10,-7,-11,-10,-7,-10,-6,-18,-4,-17,-6,-24,-3,-24,-1,-25,-8,-28,-8,-35,-10,-35,-12,-37,-10,-40,-13,-43,-19,-46,-18,-46,-17,-49,-29,-57,-27,-56,-29,-57,-27,-62,-35,-68,-27,-66,-37,-63,-35,-69,-35,-71,-40,-75,-36,-71,-36,-73,0,0]"
CSI_DATA,385,1a:00:00:00:00:00,-48,11,1,0,1,1,1,0,0,0,1,-96,0,11,2,5243082,0,44,0,384,0,"[0,0,0,0,0,0,0,0,0,0,0,0,9,-4,8,-4,8,-4,7,-3,6,-3,5,-4,4,-4,3,-3,2,-3,2,-3,1,-3,0,-3,0,-3,-1,-2,-1,-2,-3,-2,-3,-2,-4,-1,-4,0,-5,0,-5,1,-6,1,-6,1,-7,2,-7,2,-7,2,0,0,-9,3,-9,3,-10,3,-10,4,-10,3,-11,4,-11,4,-11,4,-10,4,-11,3,-11,3,-11,2,-10,2,-10,2,-10,2,-10,2,-9,1,-9,2,-9,1,-8,1,-8,1,-7,0,-7,-1,-7,-1,-6,-1,-5,-1,0,0,0,0,0,0,0,0,0,0,0,0,0,0,73,-13,70,-14,67,-17,57,-17,55,-13,53,-14,42,-12,43,-14,38,-14,30,-15,23,-13,20,-16,18,-13,10,-14,8,-15,3,-15,1,-12,0,-10,-7,-13,-9,-8,-12,-9,-17,-7,-24,-1,-22,3,-29,5,-33,3,-34,11,-35,10,-36,8,-42,17,-44,18,-50,18,-53,14,-53,19,-53,21,-60,17,-61,18,-63,23,-61,16,-60,12,-60,12,-60,17,-60,11,-59,16,-55,9,-54,11,-55,7,-55,7,-50,6,-48,1,-46,3,-43,-2,-43,1,-41,-1,-35,-6,-34,-8,-30,-10,0,0,0,0,0,0,0,0,0,0,0,0,0,0,0,0,0,0,0,0,0,0,22,-84,29,-79,35,-75,42,-73,41,-71,45,-70,42,-65,48,-62,49,-62,44,-61,48,-59,45,-56,45,-59,50,-51,48,-41,40,-38,44,-41,43,-31,38,-29,42,-23,36,-20,32,-17,26,-13,28,-8,22,-9,22,-3,13,2,15,5,6,7,6,12,5,11,1,19,3,20,-2,24,-1,25,-1,24,-4,30,0,37,4,32,0,41,-4,45,0,46,5,51,6,55,12,55,4,50,11,60,15,66,17,65,13,69,18,71,21,70,20,83,17,75,21,81,22,82,18,79,0,0]"
CSI_DATA,386,1a:00:00:00:00:00,-48,11,1,0,1,1,1,0,0,0,1,-96,0,11,2,5251214,0,44,0,384,0,"[0,0,0,0,0,0,0,0,0,0,0,0,10,2,9,1,9,2,8,2,6,1,6,1,6,-1,4,0,4,-1,3,-1,2,-2,2,-2,1,-2,0,-2,0,-2,-1,-3,-2,-3,-2,-3,-4,-3,-4,-2,-5,-3,-5,-3,-6,-3,-7,-3,-8,-3,-8,-3,0,0,-9,-3,-10,-3,-10,-3,-11,-3,-11,-4,-11,-4,-12,-4,-11,-5,-11,-4,-11,-4,-11,-5,-11,-5,-10,-5,-10,-6,-9,-5,-9,-5,-9,-5,-8,-4,-7,-5,-7,-4,-6,-5,-6,-5,-6,-5,-5,-5,-4,-4,-4,-4,0,0,0,0,0,0,0,0,0,0,0,0,0,0,74,13,67,20,65,8,59,11,56,9,50,9,48,4,47,1,37,-3,34,-1,28,-9,28,-5,22,-7,17,-5,14,-5,9,-11,8,-12,-1,-7,-1,-11,-7,-11,-11,-11,-16,-9,-17,-8,-24,-10,-29,-11,-29,-9,-35,-6,-41,-6,-41,-7,-46,-5,-45,-4,-56,-3,-52,-3,-58,-5,-58,-2,-61,-7,-57,-4,-65,-11,-63,-10,-66,-10,-62,-10,-56,-16,-60,-17,-59,-16,-58,-17,-58,-17,-50,-17,-52,-17,-40,-18,-42,-18,-38,-17,-39,-19,-36,-17,-35,-18,-30,-20,-24,-19,-22,-22,0,0,0,0,0,0,0,0,0,0,0,0,0,0,0,0,0,0,0,0,0,0,52,-65,58,-60,59,-54,68,-53,70,-50,67,-45,67,-43,67,-38,72,-40,69,-35,68,-28,66,-31,65,-28,63,-27,57,-18,59,-18,60,-18,55,-12,46,-12,41,-10,39,-6,37,-2,30,5,22,-1,19,4,17,3,10,10,2,10,1,13,-1,9,0,14,-7,15,-7,20,-8,18,-9,21,-16,25,-11,26,-13,30,-14,32,-15,41,-20,40,-15,46,-17,44,-16,51,-17,52,-6,55,-10,61,-12,65,-10,70,-16,69,-13,70,-10,79,-16,81,-10,75,-16,84,-12,80,-13,85,0,0]"
CSI_DATA,387,1a:00:00:00:00:00,-47,11,1,0,1,1,1,0,0,0,1,-96,0,11,2,5259754,0,44,0,384,0,"[0,0,0,0,0,0,0,0,0,0,0,0,-11,-1,-10,-1,-9,0,-9,0,-8,0,-7,0,-6,1,-5,1,-5,1,-4,1,-3,1,-2,2,-1,1,0,1,0,2,1,1,2,1,2,1,3,1,4,1,4,0,5,0,5,0,6,-1,7,-1,8,-1,0,0,9,-2,10,-1,11,-2,10,-2,11,-2,11,-1,11,-1,11,-1,12,-1,11,-1,12,-1,11,0,11,0,11,0,10,1,10,1,9,1,9,0,8,1,8,1,7,1,7,2,6,1,6,2,5,2,4,2,0,0,0,0,0,0,0,0,0,0,0,0,0,0,-43,61,-44,54,-37,53,-33,47,-33,50,-29,47,-23,37,-19,39,-19,32,-13,31,-9,30,-5,21,-3,25,4,19,-1,19,7,10,6,5,9,3,9,3,11,-4,14,-9,15,-10,14,-16,14,-17,12,-19,17,-23,18,-24,18,-31,23,-35,18,-42,20,-43,22,-47,25,-44,21,-52,18,-50,26,-49,27,-52,24,-55,33,-52,29,-55,29,-52,32,-53,33,-50,36,-48,30,-46,34,-46,35,-43,33,-43,31,-36,30,-36,29,-30,31,-30,30,-26,24,-22,30,-18,28,-14,26,-15,0,0,0,0,0,0,0,0,0,0,0,0,0,0,0,0,0,0,0,0,0,0,36,73,24,74,24,73,20,80,15,79,12,75,9,77,7,76,7,78,3,70,2,73,-2,71,1,69,-6,67,-9,58,-7,57,-7,55,-10,51,-13,48,-12,42,-14,37,-11,31,-13,26,-15,19,-12,16,-12,14,-12,6,-10,8,-10,-2,-11,-6,-14,-10,-15,-12,-11,-16,-16,-15,-17,-20,-21,-26,-22,-24,-24,-24,-26,-28,-32,-30,-31,-32,-34,-33,-36,-32,-39,-34,-39,-33,-44,-24,-48,-35,-51,-35,-55,-37,-59,-38,-61,-38,-62,-41,-65,-45,-67,-43,-73,-48,-67,-43,-65,-46,0,0]"
CSI_DATA,388,1a:00:00:00:00:00,-48,11,1,0,1,1,1,0,0,0,1,-96,0,11,2,5299458,0,44,0,384,0,"[0,0,0,0,0,0,0,0,0,0,0,0,7,8,7,6,7,6,6,5,6,5,4,3,5,2,4,2,4,1,4,1,3,0,3,-1,1,-1,1,-2,1,-2,0,-3,0,-3,-1,-4,-2,-4,-2,-4,-2,-4,-3,-5,-4,-5,-4,-6,-5,-6,-6,-7,0,0,-7,-7,-7,-8,-8,-8,-8,-8,-7,-8,-8,-9,-8,-9,-8,-9,-8,-9,-7,-9,-7,-10,-6,-10,-6,-9,-6,-9,-6,-9,-5,-9,-6,-8,-4,-8,-4,-8,-4,-7,-3,-8,-3,-7,-3,-7,-2,-7,-1,-6,-1,-5,0,0,0,0,0,0,0,0,0,0,0,0,0,0,46,59,42,59,44,55,37,51,37,45,29,40,34,38,35,33,27,26,28,23,26,15,18,17,24,10,22,7,16,1,13,3,15,-7,11,-7,7,-13,5,-15,3,-18,-3,-17,-5,-19,-7,-25,-13,-25,-16,-25,-16,-26,-20,-30,-23,-33,-28,-36,-27,-41,-34,-39,-29,-37,-35,-42,-41,-41,-34,-48,-41,-49,-44,-47,-37,-50,-37,-56,-36,-53,-29,-55,-33,-56,-33,-52,-26,-50,-28,-50,-22,-47,-26,-46,-21,-41,-21,-41,-17,-41,-15,-41,-15,-38,-10,-37,-7,-37,-2,-32,1,-31,0,0,0,0,0,0,0,0,0,0,0,0,0,0,0,0,0,0,0,0,0,0,81,-13,84,-5,87,-3,84,2,84,9,80,13,77,10,79,14,80,18,75,22,69,22,66,23,70,21,63,22,56,22,52,23,55,20,44,24,38,22,37,22,33,25,28,18,24,22,15,20,11,19,5,15,0,15,0,11,-4,9,-12,13,-13,14,-15,10,-22,13,-21,9,-20,11,-24,14,-32,13,-30,11,-38,13,-36,18,-41,18,-43,22,-44,28,-50,29,-51,31,-42,37,-49,36,-53,44,-56,45,-62,47,-63,48,-60,47,-66,52,-62,49,-64,52,-71,57,-67,55,0,0]"
CSI_DATA,389,1a:00:00:00:00:00,-48,11,1,0,1,1,1,0,0,0,1,-96,0,11,2,5330059,0,44,0,384,0,"[0,0,0,0,0,0,0,0,0,0,0,0,9,6,8,4,8,4,7,5,6,4,6,2,5,2,5,1,4,1,4,0,3,-1,3,-1,2,-1,1,-2,1,-2,0,-3,0,-3,-1,-4,-2,-4,-2,-4,-3,-4,-4,-5,-4,-5,-5,-6,-6,-5,-6,-6,0,0,-7,-7,-7,-7,-8,-8,-8,-8,-8,-8,-8,-9,-8,-9,-8,-9,-8,-9,-7,-9,-7,-9,-7,-9,-7,-9,-6,-9,-6,-9,-5,-9,-5,-9,-4,-8,-3,-8,-3,-8,-3,-7,-2,-8,-2,-7,-2,-7,-1,-6,-1,-6,0,0,0,0,0,0,0,0,0,0,0,0,0,0,56,43,59,41,57,34,51,29,47,31,46,27,43,29,41,21,35,17,37,14,30,11,29,5,28,4,22,-1,19,0,13,-4,12,-7,10,-13,8,-13,3,-13,0,-16,-5,-16,-8,-20,-13,-20,-16,-20,-18,-22,-22,-24,-27,-25,-27,-29,-33,-28,-34,-30,-38,-30,-36,-34,-46,-32,-42,-32,-41,-38,-45,-41,-45,-42,-41,-44,-42,-43,-44,-41,-41,-44,-41,-43,-39,-45,-31,-45,-30,-44,-32,-43,-28,-40,-19,-41,-25,-41,-22,-40,-18,-39,-12,-35,-13,-35,-12,-30,-6,-31,-5,-31,0,0,0,0,0,0,0,0,0,0,0,0,0,0,0,0,0,0,0,0,0,0,63,-50,66,-45,69,-43,75,-39,73,-34,75,-29,73,-27,74,-23,71,-22,68,-20,72,-18,67,-12,67,-17,65,-9,59,-3,55,-2,54,-4,50,0,49,3,44,3,39,7,33,4,23,11,22,8,21,9,12,10,5,7,6,11,1,13,-1,13,-7,14,-12,17,-13,13,-17,13,-22,18,-19,18,-19,21,-21,27,-24,23,-27,35,-27,31,-32,34,-33,42,-30,41,-34,50,-29,46,-31,52,-34,54,-33,59,-37,62,-37,61,-36,69,-45,70,-46,64,-45,76,-43,78,-44,65,0,0]"
CSI_DATA,390,1a:00:00:00:00:00,-48,11,1,0,1,1,1,0,0,0,1,-96,0,11,2,5339482,0,44,0,384,0,"[0,0,0,0,0,0,0,0,0,0,0,0,7,-9,6,-8,5,-9,5,-8,4,-7,4,-6,3,-6,2,-5,2,-5,0,-5,0,-4,0,-4,-1,-3,-2,-3,-2,-2,-3,-1,-3,-1,-4,0,-4,1,-4,1,-4,1,-5,3,-6,3,-6,4,-7,3,-6,4,0,0,-7,6,-8,6,-8,6,-8,7,-8,6,-9,6,-9,7,-9,7,-9,7,-10,6,-10,6,-10,5,-9,4,-9,4,-9,4,-9,4,-9,4,-8,3,-8,3,-8,3,-8,2,-7,1,-7,1,-6,1,-7,0,-6,0,0,0,0,0,0,0,0,0,0,0,0,0,0,0,45,-55,45,-55,38,-54,36,-50,36,-50,29,-44,27,-42,27,-41,17,-38,14,-35,9,-30,8,-29,5,-26,2,-23,0,-22,-6,-14,-10,-13,-8,-12,-10,-6,-17,-5,-20,1,-17,1,-20,9,-20,12,-20,12,-26,17,-26,22,-22,23,-30,28,-29,32,-31,34,-33,38,-32,32,-38,41,-38,41,-42,40,-38,43,-44,44,-41,42,-45,43,-41,38,-49,39,-48,36,-44,36,-42,32,-41,32,-43,26,-43,28,-38,28,-39,26,-37,21,-37,19,-33,16,-35,13,-38,12,-33,5,-29,-1,0,0,0,0,0,0,0,0,0,0,0,0,0,0,0,0,0,0,0,0,0,0,-39,-70,-33,-72,-31,-76,-24,-80,-19,-74,-16,-76,-17,-79,-14,-73,-15,-79,-8,-76,-3,-73,-4,-71,-2,-72,4,-70,4,-62,9,-58,1,-61,9,-50,9,-50,12,-44,11,-37,10,-34,11,-28,16,-24,18,-15,14,-17,13,-7,8,-7,14,3,16,2,12,12,13,10,13,12,15,14,16,20,21,20,22,26,23,25,27,25,26,31,30,31,32,31,36,34,41,35,42,35,49,29,48,38,55,33,56,38,61,44,63,50,65,45,68,50,64,44,73,51,69,43,71,52,0,0]"
CSI_DATA,391,1a:00:00:00:00:00,-48,11,1,0,1,1,1,0,0,0,1,-96,0,11,2,5349485,0,44,0,384,0,"[0,0,0,0,0,0,0,0,0,0,0,0,-11,2,-10,2,-9,2,-9,2,-8,2,-7,2,-6,2,-5,2,-5,2,-4,2,-3,2,-2,2,-1,2,-1,2,0,2,1,2,1,1,2,1,3,1,3,0,4,0,5,0,5,0,6,-1,7,-1,7,-1,0,0,9,-2,9,-2,10,-2,10,-2,10,-2,11,-2,11,-2,11,-2,11,-2,11,-1,11,-1,11,0,10,0,10,0,10,0,10,0,9,1,9,0,8,1,8,1,7,1,7,2,6,2,6,2,5,2,4,3,0,0,0,0,0,0,0,0,0,0,0,0,0,0,-22,76,-25,70,-17,65,-11,64,-14,64,-12,55,-9,50,-6,48,-7,41,-1,39,3,36,0,30,4,28,6,21,3,24,11,13,13,15,13,6,10,3,14,0,14,-3,13,-10,11,-13,14,-18,13,-19,18,-25,16,-29,14,-36,13,-39,16,-42,12,-44,20,-48,16,-50,17,-50,17,-56,25,-55,24,-58,22,-57,26,-57,24,-60,30,-53,30,-56,30,-55,29,-53,32,-46,27,-50,28,-46,29,-40,27,-38,30,-35,30,-33,24,-28,26,-29,26,-23,29,-22,26,-19,30,-14,0,0,0,0,0,0,0,0,0,0,0,0,0,0,0,0,0,0,0,0,0,0,70,43,67,48,65,50,63,55,55,61,54,60,48,62,43,65,47,64,41,63,41,65,36,61,37,62,31,61,24,58,24,57,19,53,16,49,14,43,8,44,6,34,1,36,3,28,-4,28,-6,19,-6,18,-10,13,-13,7,-13,6,-16,2,-16,-6,-21,-8,-21,-8,-25,-9,-21,-11,-29,-15,-27,-10,-32,-13,-34,-14,-41,-14,-43,-18,-49,-10,-50,-18,-54,-18,-56,-16,-70,-11,-65,-16,-69,-14,-72,-12,-73,-14,-81,-12,-79,-10,-86,-17,-82,-14,-89,-17,-89,-19,-87,-15,0,0]"
CSI_DATA,392,1a:00:00:00:00:00,-48,11,1,0,1,1,1,0,0,0,1,-96,0,11,2,5359954,0,44,0,384,0,"[0,0,0,0,0,0,0,0,0,0,0,0,10,2,10,1,9,1,9,1,8,0,7,0,6,-1,5,-1,4,-1,4,-1,3,-2,2,-2,1,-2,1,-2,0,-3,0,-3,-2,-3,-2,-4,-2,-3,-3,-4,-4,-3,-5,-3,-5,-3,-6,-4,-6,-4,-8,-4,0,0,-8,-4,-10,-4,-10,-5,-10,-4,-10,-5,-10,-6,-10,-5,-10,-5,-10,-5,-9,-6,-10,-6,-9,-7,-9,-7,-9,-7,-8,-6,-8,-7,-7,-7,-7,-6,-7,-6,-6,-6,-5,-6,-5,-6,-4,-6,-4,-6,-3,-6,-3,-5,0,0,0,0,0,0,0,0,0,0,0,0,0,0,72,32,71,29,67,21,59,24,57,20,50,18,50,14,47,12,42,12,36,7,39,0,29,1,29,-3,25,-5,20,-7,15,-8,12,-10,4,-13,8,-15,1,-17,-5,-18,-9,-20,-12,-16,-15,-15,-18,-19,-23,-20,-25,-25,-30,-19,-30,-19,-36,-21,-41,-26,-43,-28,-42,-29,-47,-27,-44,-29,-49,-29,-54,-32,-53,-36,-50,-42,-51,-41,-50,-37,-46,-39,-44,-41,-44,-41,-41,-37,-39,-42,-33,-40,-37,-39,-32,-33,-31,-33,-26,-35,-23,-38,-21,-35,-19,-32,-16,-32,-10,-30,-7,-29,0,0,0,0,0,0,0,0,0,0,0,0,0,0,0,0,0,0,0,0,0,0,40,-74,46,-70,52,-70,55,-61,61,-63,55,-52,62,-49,64,-43,65,-49,65,-46,65,-39,60,-38,61,-41,59,-33,60,-23,59,-25,53,-20,50,-13,43,-12,43,-6,37,-3,33,-1,36,3,26,0,21,2,16,6,10,10,12,13,2,12,3,18,-8,16,-4,19,-8,18,-9,22,-11,21,-13,26,-15,33,-17,33,-18,34,-18,37,-17,39,-20,48,-15,48,-23,56,-21,53,-12,63,-20,62,-17,63,-21,71,-23,73,-20,77,-22,79,-24,84,-28,79,-28,88,-25,82,-27,85,0,0]"
CSI_DATA,393,1a:00:00:00:00:00,-48,11,1,0,1,1,1,0,0,0,1,-96,0,11,2,5380080,0,44,0,384,0,"[0,0,0,0,0,0,0,0,0,0,0,0,0,11,0,10,1,10,1,8,1,8,1,7,2,6,1,5,2,4,2,3,2,3,2,2,2,1,2,1,2,0,2,-1,2,-2,2,-3,1,-3,2,-4,2,-5,1,-5,1,-5,1,-6,1,-7,0,-8,0,0,1,-9,1,-10,1,-10,1,-11,1,-10,1,-11,1,-11,2,-11,2,-11,3,-11,3,-12,3,-10,3,-10,3,-10,3,-10,3,-9,3,-9,4,-8,3,-8,3,-7,4,-6,4,-6,3,-6,4,-5,4,-4,4,-3,0,0,0,0,0,0,0,0,0,0,0,0,0,0,-13,75,-14,74,-3,69,-9,64,-8,67,-5,54,1,56,0,51,1,43,3,34,3,38,8,32,7,29,10,22,9,21,12,14,14,11,13,2,14,0,15,0,15,-10,16,-12,12,-14,15,-16,14,-22,12,-28,13,-27,11,-37,14,-37,14,-42,11,-46,13,-49,16,-47,15,-52,16,-55,16,-58,21,-57,18,-58,25,-55,23,-58,24,-58,28,-60,29,-53,29,-49,30,-48,28,-48,28,-45,28,-45,25,-40,29,-36,28,-37,30,-32,23,-28,26,-27,23,-23,29,-20,28,-16,0,0,0,0,0,0,0,0,0,0,0,0,0,0,0,0,0,0,0,0,0,0,78,23,76,31,75,37,74,41,68,43,63,47,63,46,60,53,60,54,58,57,51,55,48,54,51,52,43,53,36,48,34,52,33,47,22,48,22,43,18,40,12,35,6,31,6,32,2,26,-1,21,-5,19,-8,14,-12,7,-13,8,-18,6,-17,1,-20,-1,-22,-4,-24,-3,-29,-7,-26,-7,-32,-5,-35,-8,-41,-6,-41,-7,-44,-9,-51,-8,-57,-9,-57,-4,-59,-6,-67,2,-67,-7,-70,3,-75,0,-79,-4,-81,-5,-84,2,-79,-4,-86,-6,-91,-2,-90,-3,-85,-12,0,0]"
CSI_DATA,394,1a:00:00:00:00:00,-48,11,1,0,1,1,1,0,0,0,1,-96,0,11,2,5400025,0,44,0,384,0,"[0,0,0,0,0,0,0,0,0,0,0,0,10,-6,9,-6,8,-5,7,-5,6,-5,6,-5,5,-5,4,-5,4,-4,2,-4,2,-4,1,-4,0,-4,-1,-4,-1,-3,-2,-2,-2,-3,-3,-2,-4,-2,-4,-1,-5,-1,-5,-1,-6,0,-7,0,-7,0,-8,1,0,0,-9,1,-10,1,-10,1,-10,2,-10,1,-11,0,-11,1,-11,0,-11,0,-11,0,-11,0,-10,-1,-11,-1,-10,-1,-10,-1,-10,-2,-9,-2,-9,-2,-8,-2,-8,-2,-8,-3,-7,-3,-6,-3,-6,-3,-6,-4,-5,-4,0,0,0,0,0,0,0,0,0,0,0,0,0,0,74,-29,69,-21,69,-25,59,-22,60,-21,53,-20,44,-19,41,-23,34,-20,34,-18,29,-22,23,-16,19,-24,14,-18,13,-18,9,-16,5,-14,4,-17,-5,-15,-10,-13,-10,-12,-12,-12,-16,-9,-20,-6,-26,-11,-27,-3,-32,-5,-33,-2,-35,-1,-41,0,-42,0,-49,4,-50,2,-52,5,-49,5,-57,2,-61,3,-58,5,-59,3,-62,1,-54,0,-59,-7,-60,-8,-58,-12,-53,-13,-53,-7,-49,-12,-49,-13,-43,-11,-42,-12,-41,-15,-36,-13,-33,-15,-30,-17,-29,-20,-24,-15,-22,-22,0,0,0,0,0,0,0,0,0,0,0,0,0,0,0,0,0,0,0,0,0,0,-27,-78,-17,-81,-10,-80,-6,-84,-4,-80,3,-81,3,-76,7,-74,8,-74,11,-74,19,-71,18,-69,20,-72,24,-62,24,-57,25,-54,20,-52,25,-47,25,-39,21,-38,19,-29,29,-28,21,-18,20,-15,19,-11,18,-8,14,-1,14,5,12,5,13,6,8,14,10,14,9,19,11,18,11,24,10,26,11,29,13,35,15,37,14,40,14,42,23,46,15,50,21,54,24,50,26,47,27,56,29,58,32,62,34,68,33,67,33,70,34,78,32,69,34,78,36,80,31,78,0,0]"
CSI_DATA,395,1a:00:00:00:00:00,-48,11,1,0,1,1,1,0,0,0,1,-96,0,11,2,5409827,0,44,0,384,0,"[0,0,0,0,0,0,0,0,0,0,0,0,11,-3,10,-4,9,-4,8,-4,7,-4,6,-3,6,-4,5,-4,4,-4,3,-4,3,-4,2,-4,1,-3,0,-3,-1,-3,-2,-3,-2,-3,-3,-2,-3,-2,-4,-2,-5,-1,-6,-1,-6,-1,-7,-1,-8,-1,-8,0,0,0,-9,1,-10,0,-11,1,-11,1,-11,0,-12,0,-12,1,-12,0,-12,0,-12,-1,-12,-1,-12,-2,-11,-2,-11,-2,-11,-2,-11,-2,-10,-2,-10,-2,-9,-2,-9,-2,-8,-3,-8,-3,-7,-4,-7,-4,-6,-4,-5,-4,0,0,0,0,0,0,0,0,0,0,0,0,0,0,7,-76,11,-72,7,-69,6,-64,7,-64,8,-57,3,-50,3,-48,-3,-42,-4,-40,-10,-42,-7,-28,-10,-33,-10,-23,-9,-21,-12,-18,-15,-12,-14,-8,-14,-6,-17,0,-17,1,-11,3,-14,12,-14,15,-16,19,-17,20,-14,24,-15,32,-13,33,-17,38,-22,37,-22,43,-21,41,-17,45,-18,48,-27,53,-23,55,-25,53,-29,55,-34,53,-24,49,-31,50,-31,46,-33,43,-33,45,-33,39,-35,42,-31,36,-34,33,-29,32,-29,26,-29,27,-26,20,-31,20,-32,17,-32,13,-27,9,0,0,0,0,0,0,0,0,0,0,0,0,0,0,0,0,0,0,0,0,0,0,-81,-18,-77,-24,-78,-27,-72,-36,-72,-40,-66,-46,-65,-43,-61,-43,-62,-50,-59,-52,-55,-51,-51,-51,-52,-51,-44,-55,-36,-49,-36,-47,-34,-45,-27,-47,-22,-40,-18,-38,-12,-39,-9,-37,-8,-31,-4,-24,1,-20,3,-18,4,-11,11,-12,11,-10,12,-6,13,-4,20,1,21,2,23,3,27,3,31,4,30,7,38,3,35,5,42,5,45,6,46,5,47,9,57,2,51,6,58,6,62,2,63,-4,65,2,76,-4,72,2,77,2,86,7,82,2,86,4,86,6,90,3,0,0]"
CSI_DATA,396,1a:00:00:00:00:00,-48,11,1,0,1,1,1,0,0,0,1,-96,0,11,2,5420151,0,44,0,384,0,"[0,0,0,0,0,0,0,0,0,0,0,0,9,7,9,6,8,6,7,5,7,4,6,3,6,2,5,2,5,1,5,1,4,0,3,-1,2,0,2,-2,1,-2,1,-3,0,-3,0,-3,0,-4,-1,-4,-2,-5,-3,-5,-3,-6,-4,-5,-5,-6,-5,-7,0,0,-6,-7,-7,-8,-7,-8,-7,-8,-7,-9,-7,-9,-7,-10,-7,-10,-7,-10,-6,-10,-6,-10,-5,-10,-5,-10,-5,-10,-4,-10,-4,-9,-4,-9,-4,-9,-3,-8,-3,-8,-2,-7,-2,-8,-2,-8,-1,-7,0,-6,0,-5,0,0,0,0,0,0,0,0,0,0,0,0,0,0,60,51,58,51,58,43,57,43,50,39,43,32,44,27,44,25,40,25,36,20,37,15,28,14,31,8,25,3,23,1,19,-3,15,-5,13,-3,11,-12,5,-11,3,-15,2,-17,-1,-21,-8,-21,-12,-24,-13,-23,-17,-29,-19,-24,-25,-32,-28,-37,-25,-35,-34,-37,-32,-39,-37,-42,-36,-43,-36,-45,-36,-49,-40,-47,-33,-51,-36,-49,-35,-55,-29,-55,-31,-54,-32,-52,-26,-47,-22,-51,-24,-47,-21,-47,-20,-41,-18,-42,-15,-40,-15,-38,-11,-40,-7,-37,-7,-36,-2,-33,2,-27,0,0,0,0,0,0,0,0,0,0,0,0,0,0,0,0,0,0,0,0,0,0,67,-50,69,-39,72,-41,77,-38,79,-29,77,-28,75,-22,75,-17,79,-21,77,-12,76,-6,72,-6,74,-10,64,-2,62,2,62,4,59,1,51,8,42,2,44,10,38,13,38,12,26,15,23,13,15,20,12,19,7,15,3,15,-4,13,-8,18,-12,17,-12,18,-13,18,-17,19,-20,18,-18,21,-24,26,-26,28,-28,24,-28,29,-30,40,-34,40,-36,40,-37,46,-40,45,-28,51,-37,49,-40,60,-38,59,-49,66,-50,65,-49,68,-52,70,-53,69,-54,73,-52,74,-54,71,0,0]"
CSI_DATA,397,1a:00:00:00:00:00,-48,11,1,0,1,1,1,0,0,0,1,-96,0,11,2,5429460,0,44,0,384,0,"[0,0,0,0,0,0,0,0,0,0,0,0,-11,-7,-10,-6,-9,-6,-9,-6,-8,-5,-8,-4,-7,-3,-6,-3,-6,-2,-5,-1,-5,-1,-4,0,-4,0,-3,1,-2,2,-2,2,-1,2,-1,2,0,3,0,3,2,3,2,4,2,4,3,4,4,5,4,5,0,0,5,6,6,6,6,6,6,6,6,7,7,8,7,8,6,8,7,8,6,8,6,9,5,9,5,8,4,8,4,8,4,8,4,8,3,7,3,7,2,6,2,6,2,6,1,6,1,6,0,5,0,4,0,0,0,0,0,0,0,0,0,0,0,0,0,0,-66,-35,-59,-37,-66,-34,-57,-28,-58,-23,-49,-22,-46,-21,-48,-19,-40,-13,-37,-12,-36,-6,-35,-2,-29,-3,-28,0,-24,1,-16,6,-14,7,-12,13,-8,9,-9,13,2,16,0,16,3,13,9,16,12,19,15,19,19,22,24,23,26,20,31,23,31,24,37,24,34,25,42,29,45,24,46,34,46,36,45,32,46,37,42,34,41,33,43,42,41,38,36,39,36,35,33,37,30,38,30,37,28,30,26,33,23,36,21,33,20,30,15,29,11,29,8,27,4,28,0,0,0,0,0,0,0,0,0,0,0,0,0,0,0,0,0,0,0,0,0,0,-58,50,-65,46,-64,43,-73,42,-70,35,-74,31,-70,30,-67,23,-73,27,-69,18,-72,14,-67,12,-68,12,-62,8,-60,3,-57,3,-56,3,-47,-3,-47,-5,-41,-4,-37,-8,-32,-11,-28,-12,-23,-16,-17,-11,-11,-15,-9,-11,-5,-16,-2,-13,-2,-17,5,-16,10,-24,12,-19,12,-19,18,-22,13,-25,15,-26,19,-30,21,-31,21,-39,25,-35,24,-39,27,-45,28,-49,27,-50,30,-56,27,-57,23,-62,28,-59,32,-66,33,-69,32,-72,37,-78,38,-71,39,-81,32,-81,40,-76,0,0]"
CSI_DATA,398,1a:00:00:00:00:00,-47,11,1,0,1,1,1,0,0,0,1,-96,0,11,2,5439467,0,44,0,384,0,"[0,0,0,0,0,0,0,0,0,0,0,0,2,11,2,10,3,9,2,9,2,7,2,7,2,6,2,5,2,4,2,3,2,3,2,2,2,1,2,0,2,0,2,-1,2,-2,2,-2,2,-3,1,-4,1,-4,1,-5,1,-6,0,-7,0,-7,0,-8,0,0,0,-9,0,-10,0,-11,0,-11,0,-11,0,-12,0,-12,1,-12,1,-12,1,-12,2,-12,2,-11,2,-11,2,-11,3,-10,3,-10,3,-9,3,-9,3,-9,3,-8,4,-7,3,-7,3,-6,4,-6,4,-5,4,-4,0,0,0,0,0,0,0,0,0,0,0,0,0,0,74,23,71,23,71,19,61,20,58,14,54,13,54,7,51,9,42,9,36,3,34,2,32,-6,27,-4,25,-4,21,-8,18,-12,12,-9,9,-12,8,-15,1,-13,-5,-14,-5,-17,-8,-18,-11,-18,-15,-15,-21,-19,-20,-20,-29,-20,-27,-23,-33,-19,-35,-22,-41,-26,-40,-26,-40,-24,-45,-27,-50,-32,-48,-32,-50,-32,-46,-36,-47,-35,-46,-36,-43,-38,-44,-43,-42,-43,-37,-42,-33,-37,-35,-39,-33,-36,-27,-36,-25,-34,-24,-33,-24,-32,-24,-31,-14,-31,-14,-30,-9,-30,-3,-29,0,0,0,0,0,0,0,0,0,0,0,0,0,0,0,0,0,0,0,0,0,0,31,-73,34,-72,42,-70,48,-70,46,-63,51,-57,49,-53,56,-51,61,-55,55,-41,60,-46,52,-45,54,-42,55,-32,53,-28,46,-24,47,-25,46,-24,42,-13,41,-9,36,-12,37,-10,32,0,24,4,20,-2,18,4,8,10,12,13,8,10,5,17,4,21,-2,23,-4,25,-3,23,-8,26,-14,27,-8,29,-9,35,-12,31,-11,42,-13,47,-11,48,-15,52,-13,53,-13,57,-13,53,-15,60,-9,65,-9,73,-14,74,-10,80,-10,77,-19,90,-16,74,-14,88,-20,88,-21,84,0,0]"
CSI_DATA,399,1a:00:00:00:00:00,-48,11,1,0,1,1,1,0,0,0,1,-96,0,11,2,5449511,0,44,0,384,0,"[0,0,0,0,0,0,0,0,0,0,0,0,-9,-7,-9,-7,-9,-6,-8,-6,-7,-5,-7,-5,-7,-3,-6,-3,-6,-2,-5,-2,-5,-1,-4,0,-4,0,-3,0,-3,1,-2,2,-2,2,-2,3,-1,2,0,3,0,3,1,4,1,4,2,5,2,6,3,6,0,0,4,7,4,8,5,8,5,8,4,8,4,9,5,9,4,9,4,9,4,9,3,9,2,9,2,9,2,9,1,9,1,8,1,9,1,7,0,7,0,6,0,6,-1,6,-1,6,-2,6,-2,5,-2,4,0,0,0,0,0,0,0,0,0,0,0,0,0,0,-59,-46,-59,-42,-62,-41,-54,-36,-52,-37,-45,-30,-48,-30,-43,-27,-39,-21,-36,-20,-31,-14,-30,-10,-32,-12,-27,-6,-24,-3,-21,3,-20,7,-14,7,-13,10,-12,15,-7,13,-3,17,0,15,4,22,0,17,11,26,12,24,18,29,21,30,24,34,23,34,28,40,27,37,30,40,35,40,31,49,30,44,28,46,29,51,26,50,27,53,22,52,26,51,19,51,18,45,17,48,11,46,16,46,12,43,9,43,9,43,8,40,3,40,2,34,-1,33,-3,30,-5,22,0,0,0,0,0,0,0,0,0,0,0,0,0,0,0,0,0,0,0,0,0,0,-54,63,-56,55,-58,54,-62,50,-65,45,-65,43,-62,38,-68,35,-67,33,-69,28,-70,24,-64,24,-65,21,-63,14,-62,9,-58,10,-56,7,-53,1,-43,2,-44,-2,-40,-4,-37,-5,-30,-11,-26,-14,-20,-14,-16,-13,-7,-16,-4,-15,-3,-17,1,-16,2,-16,10,-22,12,-21,12,-19,17,-22,16,-26,22,-27,18,-30,23,-36,27,-38,30,-39,26,-43,29,-48,29,-51,29,-50,28,-46,35,-52,35,-66,36,-63,36,-68,39,-71,37,-75,45,-70,42,-75,47,-78,48,-78,48,-72,0,0]"
CSI_DATA,400,1a:00:00:00:00:00,-48,11,1,0,1,1,1,0,0,0,1,-96,0,11,2,5459561,0,44,0,384,0,"[0,0,0,0,0,0,0,0,0,0,0,0,6,9,6,8,6,7,6,7,5,6,5,6,5,5,5,3,4,3,4,2,3,2,3,0,3,0,3,0,2,-2,2,-3,2,-3,1,-4,1,-3,0,-4,0,-5,-1,-6,-1,-6,-1,-7,-2,-8,-2,-8,0,0,-3,-9,-3,-9,-3,-10,-3,-10,-3,-11,-3,-11,-3,-12,-3,-11,-2,-11,-2,-11,-1,-12,-1,-12,-1,-11,-1,-11,0,-10,0,-10,-1,-9,0,-9,1,-9,0,-8,1,-8,1,-8,1,-7,2,-7,2,-5,2,-5,0,0,0,0,0,0,0,0,0,0,0,0,0,0,37,71,33,70,34,57,32,57,31,55,32,46,29,37,32,42,24,39,25,32,23,26,23,23,21,20,23,16,19,14,17,6,16,2,20,-1,12,-2,10,-9,11,-12,9,-14,8,-16,6,-18,3,-24,2,-27,-3,-28,-6,-35,-5,-32,-8,-40,-9,-44,-8,-47,-5,-47,-12,-51,-13,-53,-11,-55,-8,-55,-8,-62,-4,-60,-4,-60,-2,-61,-1,-56,0,-56,1,-56,6,-55,7,-55,3,-46,3,-46,7,-43,7,-42,14,-39,13,-40,11,-37,15,-33,15,-30,18,-24,16,-22,0,0,0,0,0,0,0,0,0,0,0,0,0,0,0,0,0,0,0,0,0,0,69,-38,73,-30,78,-27,78,-19,76,-16,74,-8,76,-4,74,0,78,1,74,5,69,7,68,4,69,11,64,11,59,15,52,15,55,15,51,17,40,19,36,20,29,20,30,22,21,23,16,19,11,19,6,19,2,18,0,15,-8,19,-12,16,-18,15,-17,11,-20,13,-22,13,-29,11,-30,17,-30,14,-34,17,-33,18,-40,22,-43,21,-43,30,-47,31,-50,30,-52,32,-41,35,-56,35,-55,38,-60,43,-67,42,-65,50,-66,53,-72,48,-68,46,-76,49,-73,47,-75,45,0,0]"
CSI_DATA,401,1a:00:00:00:00:00,-48,11,1,0,1,1,1,0,0,0,1,-96,0,11,2,5489452,0,44,0,384,0,"[0,0,0,0,0,0,0,0,0,0,0,0,9,7,8,6,9,5,7,5,7,4,6,4,6,2,5,1,5,1,4,1,4,0,4,-1,3,-1,3,-2,2,-2,1,-3,1,-3,0,-4,-1,-4,-1,-4,-2,-5,-2,-5,-3,-6,-3,-6,-4,-7,-4,-7,0,0,-6,-7,-6,-8,-7,-8,-7,-9,-7,-9,-6,-10,-7,-9,-6,-9,-7,-10,-5,-11,-5,-11,-5,-11,-5,-10,-4,-10,-3,-10,-4,-9,-4,-9,-3,-9,-2,-9,-3,-8,-2,-8,-2,-8,-1,-8,-1,-7,0,-6,0,-5,0,0,0,0,0,0,0,0,0,0,0,0,0,0,61,50,58,48,62,37,51,37,46,38,44,36,46,31,47,25,42,23,34,18,32,12,33,9,31,7,26,8,25,2,20,-4,16,-2,14,-7,8,-9,11,-14,3,-18,5,-19,-3,-19,-3,-22,-4,-22,-11,-28,-12,-28,-20,-29,-18,-30,-26,-36,-26,-38,-32,-35,-26,-35,-32,-39,-30,-43,-35,-47,-33,-46,-38,-47,-34,-48,-34,-47,-29,-50,-27,-52,-23,-52,-26,-54,-23,-51,-22,-49,-18,-50,-18,-45,-16,-45,-10,-43,-12,-39,-9,-44,-9,-40,-5,-37,-1,-34,1,-30,4,-29,0,0,0,0,0,0,0,0,0,0,0,0,0,0,0,0,0,0,0,0,0,0,60,-50,64,-45,67,-40,72,-38,69,-36,72,-28,66,-26,71,-19,73,-21,70,-13,68,-11,67,-11,69,-9,68,-7,56,0,56,2,53,-2,53,7,47,8,44,11,34,11,30,13,23,12,19,13,15,14,11,15,4,17,2,22,-3,15,-4,21,-11,14,-12,20,-14,19,-19,20,-17,23,-21,25,-24,23,-27,25,-26,31,-31,35,-34,39,-32,42,-36,46,-38,46,-35,45,-33,53,-35,53,-39,57,-38,60,-49,66,-48,67,-45,72,-49,67,-45,70,-51,77,-53,72,-48,71,0,0]"
CSI_DATA,402,1a:00:00:00:00:00,-47,11,1,0,1,1,1,0,0,0,1,-96,0,11,2,5501272,0,44,0,384,0,"[0,0,0,0,0,0,0,0,0,0,0,0,10,-6,9,-6,8,-6,7,-6,6,-5,6,-5,5,-5,4,-5,3,-5,2,-4,2,-4,1,-4,0,-4,-1,-4,-1,-3,-2,-3,-3,-3,-3,-2,-4,-2,-4,-1,-5,-1,-6,-1,-6,0,-7,0,-8,1,-8,1,0,0,-9,2,-10,2,-10,2,-11,2,-11,2,-11,2,-12,2,-12,1,-12,1,-12,1,-12,0,-12,0,-11,0,-11,-1,-11,-1,-11,-1,-10,-1,-10,-1,-9,-1,-9,-1,-8,-2,-8,-2,-7,-3,-7,-3,-6,-3,-6,-3,0,0,0,0,0,0,0,0,0,0,0,0,0,0,-3,-83,-1,-80,-9,-65,-7,-67,-9,-67,-5,-59,-7,-55,-7,-51,-8,-40,-7,-43,-15,-34,-16,-25,-13,-29,-14,-26,-15,-20,-16,-16,-14,-8,-17,-5,-13,-5,-19,0,-18,3,-15,7,-17,10,-13,15,-14,19,-15,24,-16,30,-15,31,-13,35,-12,38,-13,43,-14,44,-13,42,-17,49,-17,55,-19,51,-20,53,-15,58,-21,56,-25,51,-19,54,-28,54,-28,52,-30,49,-26,48,-26,46,-27,41,-30,42,-25,39,-28,36,-31,34,-27,34,-26,25,-25,23,-30,21,-26,17,-29,12,0,0,0,0,0,0,0,0,0,0,0,0,0,0,0,0,0,0,0,0,0,0,-82,-4,-80,-15,-76,-18,-76,-21,-77,-29,-69,-29,-72,-28,-68,-35,-72,-33,-65,-38,-58,-41,-56,-38,-57,-42,-47,-43,-41,-42,-40,-43,-37,-37,-31,-39,-26,-36,-26,-31,-15,-33,-14,-32,-11,-31,-2,-28,2,-20,-1,-19,12,-15,13,-16,17,-7,17,-8,20,-6,22,-5,27,0,24,-2,30,-2,29,0,35,-2,38,-3,43,-2,46,-1,45,-6,52,-4,49,-6,57,-10,57,-13,61,-6,64,-11,66,-13,72,-14,82,-13,80,-11,84,-16,86,-12,83,-13,90,-7,84,-18,88,-12,0,0]"
CSI_DATA,403,1a:00:00:00:00:00,-48,11,1,0,1,1,1,0,0,0,1,-96,0,11,2,5510200,0,44,0,384,0,"[0,0,0,0,0,0,0,0,0,0,0,0,9,7,8,5,8,5,7,5,7,4,6,3,6,3,5,2,5,1,4,1,4,0,3,-1,3,-1,3,-1,3,-2,2,-3,1,-3,1,-4,1,-4,0,-4,-1,-5,-1,-5,-2,-5,-3,-6,-3,-7,-3,-7,0,0,-4,-8,-4,-9,-4,-9,-4,-10,-4,-10,-4,-10,-4,-11,-4,-11,-4,-11,-3,-11,-3,-11,-2,-11,-2,-10,-2,-11,-1,-10,-1,-10,-1,-10,-1,-9,0,-8,0,-8,1,-7,1,-8,1,-7,1,-7,2,-6,2,-5,0,0,0,0,0,0,0,0,0,0,0,0,0,0,54,61,47,59,54,53,38,48,47,41,39,41,37,35,42,33,37,27,31,25,30,23,29,15,27,15,24,10,24,3,22,3,20,-2,16,-7,17,-8,13,-14,11,-15,4,-15,5,-20,1,-20,1,-23,-6,-30,-13,-32,-7,-31,-12,-33,-20,-40,-16,-37,-19,-43,-16,-46,-23,-49,-18,-49,-19,-58,-22,-54,-18,-58,-15,-55,-13,-55,-10,-58,-8,-61,-14,-58,-10,-60,-6,-56,-6,-54,0,-53,-6,-48,1,-46,5,-45,3,-46,7,-44,4,-42,6,-36,12,-33,12,-29,13,-27,0,0,0,0,0,0,0,0,0,0,0,0,0,0,0,0,0,0,0,0,0,0,50,-62,57,-55,61,-47,68,-47,65,-39,65,-39,66,-31,65,-23,72,-27,65,-18,68,-18,64,-16,68,-18,63,-13,60,-2,57,-1,54,-1,45,6,40,6,36,5,37,8,31,11,24,16,19,10,14,18,9,15,5,14,2,13,-5,17,-9,18,-9,19,-9,18,-13,16,-19,20,-20,20,-23,23,-20,28,-23,28,-31,34,-26,38,-33,35,-34,35,-36,45,-40,42,-35,47,-37,56,-37,53,-42,51,-47,61,-45,65,-52,62,-43,66,-57,66,-50,64,-59,74,-60,72,-62,62,0,0]"
CSI_DATA,404,1a:00:00:00:00:00,-48,11,1,0,1,1,1,0,0,0,1,-96,0,11,2,5519639,0,44,0,384,0,"[0,0,0,0,0,0,0,0,0,0,0,0,11,-5,9,-5,9,-5,8,-5,6,-5,6,-4,6,-5,5,-5,4,-4,3,-4,3,-4,2,-5,1,-4,0,-4,0,-3,-1,-3,-2,-3,-2,-3,-3,-2,-4,-3,-5,-2,-5,-2,-6,-2,-7,-2,-8,-2,-8,-2,0,0,-9,-1,-9,-1,-10,-1,-10,-1,-10,-2,-11,-2,-11,-3,-11,-3,-11,-3,-11,-3,-11,-3,-10,-4,-10,-5,-9,-5,-9,-5,-9,-5,-9,-4,-8,-4,-7,-5,-7,-5,-6,-5,-6,-5,-5,-5,-4,-5,-4,-5,-3,-5,0,0,0,0,0,0,0,0,0,0,0,0,0,0,74,-15,75,-13,69,-17,67,-18,66,-19,54,-14,56,-14,44,-12,46,-16,36,-13,35,-20,30,-18,31,-19,22,-17,20,-18,11,-18,11,-18,4,-12,0,-16,-7,-16,-8,-22,-9,-17,-14,-11,-18,-12,-19,-11,-27,-12,-33,-18,-34,-11,-33,-15,-39,-11,-40,-10,-44,-8,-47,-15,-53,-11,-55,-12,-54,-15,-55,-12,-58,-12,-56,-18,-55,-19,-55,-19,-55,-20,-55,-26,-57,-31,-51,-26,-52,-26,-44,-26,-47,-27,-38,-19,-38,-30,-39,-26,-30,-24,-30,-22,-29,-32,-25,-28,-18,-24,-12,-28,0,0,0,0,0,0,0,0,0,0,0,0,0,0,0,0,0,0,0,0,0,0,-19,-76,-11,-78,-8,-76,-5,-76,0,-79,12,-69,10,-71,13,-72,16,-79,20,-73,23,-61,22,-61,27,-65,31,-60,31,-47,29,-48,29,-45,31,-41,25,-30,26,-29,30,-24,25,-20,28,-15,22,-10,20,-8,18,3,16,6,16,10,12,11,12,12,8,15,7,18,8,23,12,23,9,30,9,33,13,37,10,37,9,39,14,43,9,45,18,55,13,49,19,53,20,52,30,60,24,66,24,70,25,68,27,76,22,74,29,77,24,83,26,85,23,86,27,87,20,83,0,0]"
CSI_DATA,405,1a:00:00:00:00:00,-48,11,1,0,1,1,1,0,0,0,1,-96,0,11,2,5529556,0,44,0,384,0,"[0,0,0,0,0,0,0,0,0,0,0,0,8,7,7,7,8,6,8,6,7,5,6,4,6,3,5,3,5,2,4,2,4,1,4,0,3,-1,3,-2,3,-2,2,-3,1,-4,0,-4,0,-4,0,-4,-1,-5,-2,-5,-2,-6,-2,-7,-3,-7,-3,-7,0,0,-4,-8,-4,-9,-4,-10,-4,-9,-5,-10,-5,-11,-5,-11,-4,-11,-4,-12,-3,-11,-3,-11,-3,-11,-3,-11,-2,-11,-2,-10,-2,-10,-2,-9,-1,-9,-1,-9,-1,-8,0,-8,0,-8,1,-7,1,-7,1,-6,2,-5,0,0,0,0,0,0,0,0,0,0,0,0,0,0,52,63,45,59,50,54,40,55,40,45,38,44,38,34,36,36,36,32,33,27,32,20,28,18,30,13,26,11,22,12,18,3,23,2,16,-7,17,-6,13,-10,7,-14,7,-14,3,-18,2,-22,-3,-24,-1,-30,-6,-33,-11,-35,-11,-36,-14,-39,-13,-42,-19,-43,-17,-47,-18,-46,-20,-48,-17,-53,-17,-56,-19,-52,-16,-57,-15,-60,-11,-58,-14,-58,-9,-59,-14,-58,-6,-55,-6,-56,-1,-50,-4,-49,-1,-49,-2,-42,1,-46,0,-42,5,-42,6,-35,6,-34,12,-30,14,-30,0,0,0,0,0,0,0,0,0,0,0,0,0,0,0,0,0,0,0,0,0,0,64,-47,66,-44,70,-37,70,-32,74,-30,72,-24,72,-17,75,-19,77,-15,68,-13,72,-6,66,-6,67,-5,66,-1,60,3,53,8,52,4,49,10,41,9,39,13,36,13,29,15,23,14,18,15,15,18,9,20,3,15,-1,18,-6,14,-12,22,-8,18,-15,18,-20,17,-23,18,-28,21,-27,19,-25,19,-32,29,-33,28,-38,33,-39,32,-36,36,-40,36,-43,45,-42,42,-41,39,-48,47,-43,55,-51,55,-51,60,-57,61,-58,64,-63,63,-60,61,-68,66,-61,64,-62,59,0,0]"
CSI_DATA,406,1a:00:00:00:00:00,-48,11,1,0,1,1,1,0,0,0,1,-96,0,11,2,5539465,0,44,0,384,0,"[0,0,0,0,0,0,0,0,0,0,0,0,-6,10,-5,10,-4,9,-4,9,-3,8,-3,7,-2,7,-2,6,-1,5,0,5,0,4,0,3,1,3,2,2,2,2,2,1,3,1,3,0,3,0,4,-1,3,-2,4,-2,4,-3,5,-4,5,-5,6,-5,0,0,6,-6,7,-6,7,-7,7,-7,8,-6,8,-6,8,-7,8,-6,9,-7,9,-6,10,-6,9,-4,9,-5,9,-4,9,-3,9,-3,8,-3,8,-3,8,-3,7,-2,7,-1,6,-1,6,-1,5,-1,5,1,5,1,0,0,0,0,0,0,0,0,0,0,0,0,0,0,-46,66,-43,62,-39,65,-36,55,-26,55,-31,50,-27,46,-21,44,-17,39,-17,42,-15,36,-10,30,-8,32,-2,29,-6,25,4,22,6,18,6,13,7,15,15,8,13,5,18,5,17,-5,24,-3,23,-9,27,-12,24,-18,31,-23,33,-20,30,-27,35,-23,37,-29,38,-25,47,-30,40,-35,43,-32,47,-28,49,-31,53,-27,47,-27,54,-32,50,-31,56,-25,47,-23,49,-22,50,-17,48,-13,48,-16,45,-13,42,-11,44,-8,43,-9,36,-6,35,-2,33,0,32,1,28,8,0,0,0,0,0,0,0,0,0,0,0,0,0,0,0,0,0,0,0,0,0,0,65,40,60,51,58,49,55,57,52,57,46,59,40,61,39,62,37,62,34,64,25,63,27,56,26,61,19,62,13,58,9,51,7,53,3,52,2,41,-3,39,-7,35,-5,31,-7,24,-11,22,-15,19,-15,12,-18,6,-17,0,-21,2,-23,-5,-20,-7,-23,-10,-22,-12,-27,-12,-29,-20,-27,-21,-31,-16,-32,-19,-39,-22,-41,-20,-43,-25,-48,-26,-50,-27,-52,-26,-58,-31,-65,-28,-64,-32,-63,-30,-71,-32,-71,-30,-73,-34,-75,-33,-74,-39,-79,-38,-87,-36,-84,-43,-81,-42,0,0]"
CSI_DATA,407,1a:00:00:00:00:00,-48,11,1,0,1,1,1,0,0,0,1,-96,0,11,2,5549497,0,44,0,384,0,"[0,0,0,0,0,0,0,0,0,0,0,0,5,-12,4,-11,3,-10,3,-10,2,-9,2,-8,1,-7,0,-7,0,-7,-1,-6,-1,-5,-2,-5,-2,-4,-3,-4,-3,-3,-3,-2,-4,-2,-4,-1,-4,0,-4,1,-5,1,-5,2,-6,2,-6,3,-6,4,-6,4,0,0,-7,6,-8,5,-8,6,-8,7,-9,6,-9,6,-9,6,-9,6,-10,6,-10,6,-11,5,-10,4,-10,4,-9,4,-10,3,-10,3,-9,3,-9,3,-9,2,-8,2,-8,1,-7,0,-7,0,-7,0,-6,-1,-6,-1,0,0,0,0,0,0,0,0,0,0,0,0,0,0,45,-74,38,-64,32,-65,37,-59,28,-57,34,-49,19,-46,18,-45,15,-39,16,-39,9,-37,12,-30,7,-34,2,-25,-1,-23,-2,-25,-8,-18,-9,-14,-7,-18,-10,-8,-20,-10,-18,-5,-17,-1,-21,4,-25,4,-22,14,-26,15,-26,16,-30,15,-28,25,-38,26,-33,29,-39,24,-40,31,-42,33,-44,26,-48,30,-49,32,-46,36,-50,31,-46,33,-52,25,-51,22,-50,26,-49,17,-45,23,-48,24,-46,14,-48,17,-41,14,-41,11,-38,11,-34,9,-35,2,-32,4,-36,3,-34,-7,0,0,0,0,0,0,0,0,0,0,0,0,0,0,0,0,0,0,0,0,0,0,-64,-43,-57,-54,-50,-57,-48,-64,-49,-60,-42,-77,-31,-48,-51,-60,-50,-65,-43,-59,-25,-62,-25,-69,-26,-53,-8,-56,-9,-61,-5,-48,-11,-43,6,-58,15,-48,6,-53,1,-50,16,-18,21,-31,2,-12,6,-26,19,-18,9,-3,20,-13,18,7,20,8,21,13,26,12,27,16,14,11,19,11,37,18,28,27,31,20,36,19,39,22,45,25,44,26,46,26,48,29,47,28,57,28,55,32,63,24,65,31,69,34,68,35,76,33,78,45,71,30,75,38,76,41,73,42,0,0]"
CSI_DATA,408,1a:00:00:00:00:00,-48,11,1,0,1,1,1,0,0,0,1,-96,0,11,2,5560221,0,44,0,384,0,"[0,0,0,0,0,0,0,0,0,0,0,0,-4,11,-3,10,-2,10,-2,9,-2,8,-2,7,-1,7,0,6,0,6,1,5,0,4,1,3,1,3,2,2,2,2,2,1,3,0,2,0,3,-1,3,-2,4,-3,3,-3,4,-4,4,-5,4,-5,4,-6,0,0,4,-7,5,-7,6,-8,6,-9,6,-8,7,-8,7,-8,7,-8,7,-8,8,-8,8,-7,8,-7,7,-6,7,-6,8,-6,8,-5,7,-5,7,-5,7,-4,6,-4,7,-3,6,-3,6,-2,5,-2,6,-1,5,0,0,0,0,0,0,0,0,0,0,0,0,0,0,0,-30,76,-30,73,-16,68,-28,64,-21,60,-20,55,-20,52,-10,53,-11,44,-10,42,-4,41,-5,35,0,34,3,27,0,24,11,18,7,19,13,14,15,10,11,7,15,4,16,3,17,-5,18,-7,25,-12,23,-13,25,-19,28,-21,23,-24,28,-33,29,-26,38,-31,32,-32,37,-36,36,-37,42,-36,39,-39,43,-41,47,-38,43,-34,46,-35,52,-36,48,-31,48,-25,47,-22,49,-23,45,-23,46,-18,39,-18,37,-12,37,-14,38,-14,36,-6,35,-6,31,0,30,2,33,3,0,0,0,0,0,0,0,0,0,0,0,0,0,0,0,0,0,0,0,0,0,0,77,14,72,19,79,26,74,34,67,37,66,41,60,40,57,43,56,46,55,46,49,49,47,46,46,50,38,54,28,48,29,41,27,46,15,45,18,40,12,40,4,32,4,29,0,28,-5,23,-9,19,-5,13,-10,11,-14,8,-17,6,-19,3,-22,1,-27,-5,-26,-5,-26,-7,-28,-5,-30,-9,-32,-10,-43,-9,-39,-12,-46,-12,-50,-14,-48,-17,-56,-12,-60,-13,-58,-15,-68,-22,-68,-13,-70,-9,-76,-13,-78,-15,-77,-14,-80,-15,-84,-19,-85,-23,-94,-21,-88,-23,-87,-23,0,0]"
CSI_DATA,409,1a:00:00:00:00:00,-48,11,1,0,1,1,1,0,0,0,1,-96,0,11,2,5569951,0,44,0,384,0,"[0,0,0,0,0,0,0,0,0,0,0,0,12,-4,11,-3,9,-4,9,-3,8,-4,7,-3,7,-4,6,-4,5,-4,4,-3,3,-4,2,-4,2,-4,0,-4,0,-4,-1,-4,-2,-3,-2,-3,-3,-3,-4,-3,-5,-3,-5,-2,-5,-3,-7,-2,-7,-2,-7,-2,0,0,-9,-2,-9,-3,-10,-3,-10,-2,-10,-4,-11,-3,-11,-4,-11,-4,-11,-4,-11,-4,-11,-5,-10,-5,-10,-5,-9,-5,-9,-5,-9,-5,-8,-6,-7,-5,-7,-5,-6,-5,-6,-6,-5,-6,-5,-6,-4,-6,-4,-5,-3,-5,0,0,0,0,0,0,0,0,0,0,0,0,0,0,80,4,80,4,73,-1,67,0,67,0,60,0,58,-5,52,-7,45,-1,43,-9,38,-9,34,-13,34,-10,22,-12,22,-12,17,-15,16,-19,7,-18,7,-17,2,-16,-1,-18,-5,-15,-8,-15,-12,-18,-18,-19,-20,-19,-22,-19,-29,-18,-27,-18,-39,-17,-38,-25,-46,-24,-42,-25,-46,-28,-51,-27,-49,-30,-47,-35,-55,-31,-48,-36,-48,-37,-44,-35,-49,-37,-44,-40,-44,-43,-43,-38,-38,-38,-35,-37,-30,-41,-28,-34,-25,-35,-25,-36,-22,-39,-17,-35,-15,-34,-11,-33,-9,-33,-7,-31,0,0,0,0,0,0,0,0,0,0,0,0,0,0,0,0,0,0,0,0,0,0,-17,-82,-8,-79,-2,-76,3,-79,9,-78,13,-78,15,-69,22,-70,23,-74,26,-66,30,-59,26,-62,27,-63,32,-59,30,-50,29,-40,33,-42,37,-32,32,-29,35,-28,29,-25,28,-13,26,-10,24,-5,21,-4,19,2,15,5,11,6,7,16,9,14,6,21,5,22,3,26,1,29,3,30,2,36,-2,35,3,36,0,41,5,46,3,48,5,49,4,54,10,61,11,58,7,67,7,68,15,66,10,75,12,76,13,78,17,85,15,93,8,83,10,90,10,94,6,87,0,0]"
CSI_DATA,410,1a:00:00:00:00:00,-48,11,1,0,1,1,1,0,0,0,1,-96,0,11,2,5599477,0,44,0,384,0,"[0,0,0,0,0,0,0,0,0,0,0,0,11,-6,10,-7,8,-7,8,-6,7,-6,6,-5,5,-6,5,-5,4,-5,2,-4,3,-5,2,-5,0,-4,0,-4,-1,-4,-2,-4,-2,-3,-3,-3,-4,-2,-4,-3,-4,-2,-5,-2,-6,-2,-7,-1,-7,-1,-8,-1,0,0,-9,-1,-10,-1,-10,-1,-11,-1,-11,-2,-11,-2,-11,-2,-12,-2,-12,-2,-12,-3,-12,-3,-11,-4,-10,-4,-10,-4,-10,-4,-9,-4,-9,-5,-8,-4,-8,-4,-8,-4,-7,-5,-6,-5,-5,-5,-5,-5,-4,-5,-4,-5,0,0,0,0,0,0,0,0,0,0,0,0,0,0,66,-43,70,-36,64,-38,57,-36,55,-33,49,-29,49,-35,44,-30,38,-32,32,-30,27,-31,25,-26,24,-25,18,-22,9,-19,7,-19,6,-22,0,-19,-5,-17,-7,-17,-13,-15,-17,-16,-16,-8,-21,-8,-22,-9,-26,-10,-29,-6,-33,-4,-38,-2,-40,-2,-41,-1,-47,-6,-49,-3,-54,-1,-52,2,-58,-4,-57,-1,-57,-2,-55,-12,-62,-9,-60,-13,-58,-15,-54,-18,-57,-17,-50,-19,-49,-18,-46,-19,-45,-21,-44,-20,-41,-22,-37,-19,-38,-24,-32,-24,-30,-22,-24,-25,-20,-27,-18,-25,0,0,0,0,0,0,0,0,0,0,0,0,0,0,0,0,0,0,0,0,0,0,-57,-57,-48,-61,-46,-63,-40,-65,-34,-69,-31,-68,-28,-66,-20,-72,-24,-72,-17,-72,-9,-71,-7,-66,-10,-70,-2,-67,1,-58,4,-56,2,-52,8,-49,8,-43,9,-39,12,-31,16,-29,18,-24,17,-22,15,-12,19,-7,15,-8,19,-1,18,3,19,11,17,14,15,17,16,19,15,22,19,24,21,27,20,28,23,32,23,37,30,37,28,39,36,43,34,40,40,47,40,43,43,41,47,48,51,48,48,54,51,61,48,61,54,67,53,68,54,64,51,73,56,74,51,75,0,0]"
CSI_DATA,411,1a:00:00:00:00:00,-48,11,1,0,1,1,1,0,0,0,1,-96,0,11,2,5609869,0,44,0,384,0,"[0,0,0,0,0,0,0,0,0,0,0,0,-13,3,-11,3,-11,3,-10,3,-9,3,-8,3,-8,3,-7,3,-6,3,-4,3,-4,3,-3,3,-3,2,-2,3,-1,2,0,3,0,2,1,2,2,2,3,2,3,1,4,2,4,2,6,1,6,1,7,1,0,0,8,1,9,1,9,1,9,1,10,1,10,2,10,2,10,2,11,2,10,3,10,3,9,4,9,4,9,4,8,3,8,4,7,4,7,4,7,4,6,4,5,4,5,4,4,4,4,4,3,4,2,4,0,0,0,0,0,0,0,0,0,0,0,0,0,0,-81,9,-74,5,-70,14,-69,10,-67,10,-61,7,-58,13,-52,7,-48,10,-42,13,-38,15,-33,12,-25,15,-25,17,-20,15,-17,17,-12,16,-7,16,-8,12,-2,19,5,18,4,16,11,15,14,13,18,13,22,12,26,14,32,15,33,11,40,12,37,12,43,15,43,12,50,15,50,12,50,20,55,18,52,19,51,22,53,26,49,25,50,29,50,31,51,29,46,32,44,31,39,28,41,31,34,29,35,25,31,26,28,26,30,27,22,27,19,29,13,26,11,27,0,0,0,0,0,0,0,0,0,0,0,0,0,0,0,0,0,0,0,0,0,0,13,78,3,74,-6,72,-7,79,-11,75,-20,73,-17,70,-23,68,-25,71,-27,68,-28,65,-32,59,-32,60,-34,54,-36,46,-32,42,-35,38,-35,32,-29,27,-32,26,-29,20,-29,12,-21,8,-26,6,-20,-3,-18,-2,-15,-8,-11,-10,-12,-12,-12,-19,-11,-22,-8,-24,-7,-24,-4,-28,-7,-30,-5,-35,-6,-36,-6,-37,-8,-40,-14,-46,-8,-51,-13,-53,-10,-56,-13,-60,-16,-59,-18,-58,-16,-63,-19,-67,-23,-72,-24,-81,-21,-79,-25,-82,-24,-89,-25,-81,-22,-95,-22,-92,-12,-88,0,0]"
CSI_DATA,412,1a:00:00:00:00:00,-48,11,1,0,1,1,1,0,0,0,1,-96,0,11,2,5629488,0,44,0,384,0,"[0,0,0,0,0,0,0,0,0,0,0,0,0,12,0,11,1,11,1,10,1,9,0,7,2,7,1,6,1,5,2,5,2,4,2,3,3,2,3,1,2,1,3,0,3,-1,3,-1,3,-2,3,-3,3,-4,2,-4,2,-5,3,-6,3,-6,3,-7,0,0,4,-8,4,-9,4,-9,4,-10,4,-9,5,-10,5,-10,5,-10,5,-10,6,-10,6,-10,6,-9,6,-9,6,-8,7,-7,6,-8,6,-7,7,-6,6,-6,6,-6,6,-5,6,-4,6,-4,5,-3,6,-2,5,-2,0,0,0,0,0,0,0,0,0,0,0,0,0,0,-4,39,-4,39,1,34,-2,34,-1,31,-3,29,-1,29,0,29,2,23,4,22,4,19,2,15,3,16,6,12,5,12,6,8,8,7,8,4,7,4,7,1,10,0,6,-1,7,-4,9,-5,8,-9,10,-8,9,-13,9,-16,10,-15,9,-18,8,-17,11,-19,11,-20,13,-21,11,-23,13,-22,15,-26,13,-24,18,-22,17,-24,17,-23,19,-23,20,-21,19,-21,19,-20,20,-16,20,-17,20,-17,16,-15,16,-13,16,-13,16,-12,17,-10,15,-7,14,-7,14,-6,15,-3,0,0,0,0,0,0,0,0,0,0,0,0,0,0,0,0,0,0,0,0,0,0,40,-3,38,0,37,4,38,5,36,10,37,8,35,12,33,13,34,14,32,14,30,17,28,16,29,18,25,18,23,21,20,19,18,19,14,17,12,16,9,16,8,14,6,14,2,15,1,12,0,10,-1,11,-4,7,-5,7,-9,6,-9,4,-9,4,-12,1,-13,1,-14,1,-17,-1,-17,-1,-19,-1,-19,1,-21,0,-24,1,-26,0,-25,2,-28,-1,-29,3,-31,3,-32,0,-34,2,-36,4,-38,5,-41,3,-40,5,-43,4,-46,3,-42,2,-49,3,-48,2,-47,0,0,0]"
CSI_DATA,413,1a:00:00:00:00:00,-48,11,1,0,1,1,1,0,0,0,1,-96,0,11,2,5649467,0,44,0,384,0,"[0,0,0,0,0,0,0,0,0,0,0,0,11,4,10,3,10,3,9,3,8,3,7,1,7,1,6,0,5,0,5,0,4,-1,4,-2,3,-2,2,-2,2,-2,2,-3,1,-3,0,-4,-1,-4,-1,-4,-1,-4,-2,-5,-3,-5,-4,-6,-4,-7,-4,-7,0,0,-5,-7,-5,-8,-6,-8,-6,-9,-6,-9,-6,-9,-6,-10,-6,-10,-5,-10,-5,-10,-5,-10,-4,-10,-4,-10,-3,-9,-3,-9,-3,-9,-2,-9,-2,-8,-1,-8,-1,-8,0,-7,-1,-7,0,-7,0,-7,1,-6,1,-6,0,0,0,0,0,0,0,0,0,0,0,0,0,0,82,19,77,17,75,12,65,12,65,9,54,7,54,7,51,5,50,5,41,3,40,-6,33,0,31,-7,29,-9,27,-8,19,-10,16,-13,11,-13,12,-16,4,-14,3,-14,-6,-17,-2,-17,-10,-21,-9,-20,-16,-24,-20,-22,-24,-21,-24,-24,-31,-25,-32,-26,-40,-29,-35,-34,-41,-33,-45,-29,-45,-38,-45,-39,-44,-39,-41,-40,-42,-38,-42,-39,-35,-41,-36,-44,-35,-44,-31,-43,-28,-44,-29,-42,-28,-40,-25,-42,-20,-34,-19,-40,-15,-38,-14,-38,-15,-35,-10,-32,-4,-33,-2,-27,0,0,0,0,0,0,0,0,0,0,0,0,0,0,0,0,0,0,0,0,0,0,7,-80,15,-76,19,-78,23,-73,32,-71,33,-67,34,-63,38,-62,40,-60,41,-59,46,-55,41,-52,43,-55,44,-45,42,-35,45,-29,45,-32,40,-25,39,-19,37,-19,33,-12,31,-6,27,-3,24,1,21,4,19,5,12,13,7,15,4,14,4,18,2,16,-3,25,1,26,-1,29,-4,33,-2,31,-5,36,-6,40,-5,42,-3,46,-6,46,-2,55,-5,54,-4,60,-6,58,4,68,-4,68,-3,73,-2,74,-4,78,-2,81,-1,82,-9,83,-3,84,-9,95,-9,93,-10,93,0,0]"
CSI_DATA,414,1a:00:00:00:00:00,-48,11,1,0,1,1,1,0,0,0,1,-96,0,11,2,5659598,0,44,0,384,0,"[0,0,0,0,0,0,0,0,0,0,0,0,8,-9,8,-9,5,-8,6,-8,5,-8,5,-7,4,-6,3,-6,3,-6,1,-5,1,-5,0,-5,0,-4,-1,-4,-2,-4,-2,-3,-2,-3,-3,-2,-4,-2,-4,-2,-5,-1,-5,0,-5,0,-6,1,-7,0,-7,1,0,0,-9,2,-9,1,-10,2,-10,2,-10,2,-10,1,-11,1,-11,1,-12,1,-11,1,-11,0,-11,-1,-10,-1,-10,-1,-10,-1,-10,-1,-9,-2,-9,-1,-9,-2,-8,-2,-8,-3,-7,-3,-6,-3,-6,-3,-5,-4,-5,-4,0,0,0,0,0,0,0,0,0,0,0,0,0,0,63,-48,62,-51,53,-50,48,-47,46,-50,43,-43,40,-41,36,-39,30,-40,25,-36,23,-38,16,-29,15,-34,10,-26,10,-25,4,-25,1,-25,-1,-17,-8,-21,-7,-13,-14,-10,-13,-12,-19,-5,-19,-9,-23,1,-26,0,-31,0,-30,8,-34,6,-40,9,-40,12,-44,13,-47,15,-47,13,-50,15,-55,13,-55,15,-57,11,-55,9,-54,11,-59,13,-57,5,-62,5,-58,1,-52,0,-52,-3,-46,-3,-46,-4,-42,-4,-41,-2,-46,-5,-45,-7,-38,-11,-37,-13,-33,-13,-29,-13,-25,-16,0,0,0,0,0,0,0,0,0,0,0,0,0,0,0,0,0,0,0,0,0,0,-54,-60,-43,-68,-44,-69,-35,-70,-33,-69,-24,-66,-23,-69,-20,-70,-20,-71,-16,-69,-7,-76,-7,-63,-9,-71,1,-61,5,-56,11,-55,4,-52,10,-46,8,-46,16,-41,13,-34,16,-26,18,-22,18,-17,19,-14,16,-8,16,-5,18,1,16,5,18,10,16,10,14,13,18,17,20,20,21,19,26,23,26,24,25,27,29,31,32,32,31,33,39,37,38,38,45,41,45,43,50,37,49,46,57,45,54,50,59,55,61,52,61,54,64,65,64,58,70,65,64,61,59,66,0,0]"
CSI_DATA,415,1a:00:00:00:00:00,-48,11,1,0,1,1,1,0,0,0,1,-96,0,11,2,5670655,0,44,0,384,0,"[0,0,0,0,0,0,0,0,0,0,0,0,-5,11,-4,10,-3,10,-3,9,-3,9,-3,8,-2,7,-1,6,-1,6,-1,5,0,4,0,4,1,3,1,3,2,2,2,1,2,0,3,0,3,-1,3,-1,4,-2,4,-3,4,-3,4,-4,5,-5,5,-5,0,0,6,-7,6,-7,7,-7,7,-8,7,-7,7,-7,8,-7,8,-7,8,-7,9,-6,9,-7,8,-5,8,-5,8,-5,8,-4,9,-4,7,-4,8,-4,8,-3,7,-3,7,-2,6,-2,6,-2,6,-1,6,0,5,0,0,0,0,0,0,0,0,0,0,0,0,0,0,0,-45,68,-41,63,-31,69,-35,62,-26,56,-27,56,-21,51,-21,54,-18,41,-13,40,-9,42,-10,35,-7,35,-2,27,1,26,7,22,5,20,9,17,14,13,9,13,16,5,16,1,17,-3,21,-5,22,-5,29,-9,25,-14,27,-19,30,-23,32,-23,32,-25,33,-33,36,-32,35,-31,35,-36,49,-39,44,-37,45,-36,47,-36,49,-35,50,-31,49,-29,52,-24,49,-27,50,-27,46,-23,47,-22,44,-21,44,-17,42,-14,41,-14,45,-13,36,-11,34,-4,35,-4,33,-1,31,1,0,0,0,0,0,0,0,0,0,0,0,0,0,0,0,0,0,0,0,0,0,0,60,48,57,56,47,54,49,62,38,63,37,69,36,58,32,61,35,67,25,62,23,64,22,60,23,63,15,63,9,56,2,53,3,48,1,47,-1,40,-6,35,-4,32,-7,30,-12,28,-14,22,-16,15,-15,8,-13,5,-17,1,-18,-2,-20,-3,-18,-6,-21,-14,-22,-13,-28,-16,-22,-19,-30,-22,-29,-18,-35,-23,-35,-21,-41,-26,-46,-25,-49,-24,-49,-30,-53,-29,-52,-31,-58,-21,-65,-28,-66,-28,-70,-27,-76,-35,-77,-35,-80,-36,-83,-39,-79,-36,-80,-42,-85,-36,-80,-44,0,0]"
CSI_DATA,416,1a:00:00:00:00:00,-48,11,1,0,1,1,1,0,0,0,1,-96,0,11,2,5680523,0,44,0,384,0,"[0,0,0,0,0,0,0,0,0,0,0,0,-10,8,-9,8,-7,8,-7,7,-6,7,-6,6,-5,6,-5,5,-4,5,-2,4,-2,5,-1,4,0,3,1,3,1,3,1,2,2,2,2,1,3,1,3,0,4,0,5,0,5,-1,6,-2,6,-2,7,-2,0,0,8,-3,9,-2,9,-3,9,-4,9,-3,10,-3,10,-2,11,-2,10,-2,10,-2,10,-2,9,-1,9,-1,9,-1,9,0,9,0,8,0,8,0,8,1,7,1,7,1,6,2,5,2,5,2,5,2,4,3,0,0,0,0,0,0,0,0,0,0,0,0,0,0,-64,46,-68,45,-53,42,-56,41,-55,42,-48,35,-47,39,-40,38,-37,33,-30,26,-29,31,-22,28,-24,28,-16,28,-10,23,-10,22,-7,21,0,16,6,13,7,16,12,11,9,8,17,5,16,6,20,5,28,5,30,-2,32,-3,35,-7,37,-7,40,-6,47,-8,47,-11,45,-8,50,-4,55,-4,52,-5,56,-9,55,-4,60,-5,57,-2,56,3,58,6,58,4,50,9,54,8,48,11,48,8,41,9,40,13,41,13,40,14,37,16,31,16,29,17,27,17,23,21,0,0,0,0,0,0,0,0,0,0,0,0,0,0,0,0,0,0,0,0,0,0,51,60,40,61,45,68,35,67,33,75,25,63,21,67,17,68,17,74,15,73,9,65,10,60,6,67,-1,61,-5,56,-3,57,-7,46,-10,45,-12,39,-17,37,-16,35,-23,29,-20,19,-16,23,-19,15,-15,7,-17,0,-19,-1,-18,-9,-18,-9,-17,-17,-21,-15,-20,-20,-17,-21,-21,-25,-24,-25,-25,-30,-28,-33,-30,-31,-31,-35,-34,-39,-37,-41,-36,-39,-42,-46,-44,-40,-42,-50,-48,-49,-49,-54,-55,-57,-56,-56,-57,-58,-60,-61,-59,-65,-61,-65,-66,-70,-54,-67,-60,-72,0,0]"
CSI_DATA,417,1a:00:00:00:00:00,-48,11,1,0,1,1,1,0,0,0,1,-96,0,11,2,5689801,0,44,0,384,0,"[0,0,0,0,0,0,0,0,0,0,0,0,0,-13,-1,-12,-2,-11,-2,-11,-2,-9,-1,-9,-2,-8,-2,-7,-2,-7,-3,-6,-3,-5,-3,-4,-3,-4,-4,-2,-4,-2,-3,-1,-4,0,-4,0,-4,1,-4,1,-4,2,-4,3,-4,3,-4,4,-5,4,-5,5,0,0,-6,7,-6,7,-6,7,-6,7,-7,7,-7,7,-7,7,-7,7,-8,7,-8,6,-9,6,-9,6,-9,5,-9,6,-8,4,-9,4,-8,4,-8,4,-8,3,-8,2,-8,2,-7,1,-7,1,-7,1,-6,0,-6,-1,0,0,0,0,0,0,0,0,0,0,0,0,0,0,4,-81,5,-77,-3,-74,2,-67,0,-69,3,-63,-5,-54,-3,-54,-4,-51,-6,-47,-11,-41,-9,-39,-8,-32,-11,-27,-14,-29,-15,-23,-17,-17,-17,-17,-11,-10,-16,-7,-19,1,-16,2,-18,5,-21,11,-19,11,-26,20,-23,20,-21,27,-23,29,-23,33,-21,32,-29,40,-28,36,-29,42,-27,47,-37,44,-36,46,-40,44,-41,41,-41,40,-41,37,-44,40,-41,41,-45,39,-38,31,-44,33,-42,29,-45,25,-40,23,-41,24,-37,19,-37,15,-36,12,-34,9,-34,8,-32,5,-30,-1,0,0,0,0,0,0,0,0,0,0,0,0,0,0,0,0,0,0,0,0,0,0,-77,19,-76,9,-78,3,-77,-5,-78,-8,-72,-9,-71,-14,-70,-21,-68,-23,-69,-25,-65,-25,-62,-26,-60,-27,-52,-30,-47,-32,-45,-32,-42,-31,-35,-31,-28,-31,-21,-27,-22,-29,-16,-29,-11,-24,-7,-22,-3,-23,2,-21,7,-17,11,-17,15,-12,15,-9,20,-6,25,-2,25,-6,26,-3,32,-4,35,-2,35,-5,37,-4,39,-7,49,-6,50,0,56,-10,53,-5,57,-7,58,-8,63,-17,68,-8,69,-10,71,-12,76,-12,78,-14,85,-15,88,-11,88,-11,95,-6,90,-8,87,-9,0,0]"
CSI_DATA,418,1a:00:00:00:00:00,-48,11,1,0,1,1,1,0,0,0,1,-96,0,11,2,5709510,0,44,0,384,0,"[0,0,0,0,0,0,0,0,0,0,0,0,3,-12,3,-12,1,-11,2,-11,1,-10,1,-9,0,-8,0,-7,0,-7,-1,-6,-2,-6,-1,-5,-2,-5,-2,-3,-3,-3,-3,-2,-4,-2,-4,-1,-4,0,-5,0,-4,1,-5,2,-5,2,-6,3,-6,4,-6,4,0,0,-7,5,-8,5,-8,6,-8,6,-8,6,-9,6,-9,6,-9,6,-10,6,-9,5,-10,5,-10,4,-9,4,-10,4,-9,3,-10,3,-9,2,-9,2,-9,2,-8,2,-8,1,-7,0,-7,0,-7,0,-6,-1,-6,-2,0,0,0,0,0,0,0,0,0,0,0,0,0,0,17,-38,13,-35,14,-37,13,-32,8,-32,11,-30,8,-27,6,-29,5,-22,5,-21,0,-19,0,-17,0,-18,-1,-13,-1,-13,-5,-12,-4,-10,-5,-9,-10,-7,-7,-4,-10,-3,-11,-3,-11,0,-9,2,-11,5,-13,7,-13,10,-11,10,-14,12,-15,14,-17,13,-18,17,-15,14,-19,17,-19,20,-24,17,-22,18,-22,19,-24,17,-23,17,-23,16,-24,16,-24,14,-24,12,-25,13,-23,11,-23,9,-23,11,-21,10,-21,8,-20,7,-21,7,-19,5,-18,3,-18,0,-16,-1,-16,-2,0,0,0,0,0,0,0,0,0,0,0,0,0,0,0,0,0,0,0,0,0,0,-37,-14,-36,-17,-31,-20,-34,-24,-31,-22,-30,-26,-28,-24,-24,-26,-26,-29,-23,-27,-20,-29,-18,-28,-18,-29,-15,-27,-13,-27,-9,-25,-11,-24,-7,-23,-8,-22,-1,-21,-2,-19,1,-18,1,-13,3,-12,5,-11,6,-9,6,-6,7,-4,9,-2,8,-1,9,-2,13,1,12,3,12,4,16,5,17,4,14,6,18,6,21,6,22,8,23,9,24,5,24,9,28,7,30,7,32,10,34,8,34,6,38,8,36,8,38,9,40,10,45,12,38,9,45,13,46,12,41,12,0,0]"
CSI_DATA,419,1a:00:00:00:00:00,-48,11,1,0,1,1,1,0,0,0,1,-96,0,11,2,5725244,0,44,0,384,0,"[0,0,0,0,0,0,0,0,0,0,0,0,-2,-13,-2,-12,-2,-11,-2,-11,-2,-10,-2,-9,-3,-8,-3,-7,-3,-6,-3,-5,-3,-5,-3,-4,-3,-3,-3,-2,-3,-2,-4,-1,-3,0,-3,0,-3,1,-3,2,-3,3,-3,3,-3,4,-3,5,-3,6,-3,6,0,0,-3,8,-3,8,-3,9,-3,9,-4,9,-4,10,-4,10,-5,10,-5,10,-6,10,-6,10,-6,9,-6,9,-6,8,-7,8,-7,8,-6,7,-6,6,-6,6,-6,5,-7,5,-6,4,-6,4,-6,3,-6,2,-6,2,0,0,0,0,0,0,0,0,0,0,0,0,0,0,-78,-35,-77,-34,-71,-24,-63,-25,-68,-23,-56,-20,-58,-16,-55,-14,-50,-12,-45,-3,-41,-4,-33,-7,-36,-1,-33,-2,-24,2,-21,2,-22,6,-15,9,-14,12,-10,14,-4,17,-3,14,1,16,2,17,7,17,13,24,15,21,18,19,19,24,28,28,28,30,32,31,33,30,29,32,39,33,33,37,37,42,38,43,33,44,34,43,34,45,31,45,34,49,30,48,24,46,22,45,20,40,21,41,15,38,15,37,12,41,9,37,7,33,8,35,2,30,3,29,-6,27,0,0,0,0,0,0,0,0,0,0,0,0,0,0,0,0,0,0,0,0,0,0,-22,74,-30,70,-35,72,-38,70,-44,66,-48,57,-45,54,-50,49,-55,51,-53,46,-55,46,-54,43,-51,41,-56,36,-51,22,-51,23,-44,23,-47,16,-39,14,-38,3,-34,0,-32,4,-31,-2,-24,-4,-22,-5,-17,-10,-11,-11,-8,-14,-5,-18,-4,-19,1,-27,2,-21,4,-24,8,-23,6,-27,12,-29,9,-33,10,-39,11,-41,14,-46,13,-44,12,-52,15,-49,16,-60,11,-56,20,-60,16,-63,17,-66,15,-72,20,-79,14,-75,10,-85,19,-79,24,-86,20,-88,24,-87,27,-92,0,0]"
CSI_DATA,420,1a:00:00:00:00:00,-48,11,1,0,1,1,1,0,0,0,1,-96,0,11,2,5729515,0,44,0,384,0,"[0,0,0,0,0,0,0,0,0,0,0,0,-7,-12,-7,-11,-7,-9,-7,-9,-6,-7,-5,-7,-6,-6,-5,-5,-5,-4,-5,-4,-5,-3,-4,-2,-5,-2,-4,-1,-4,0,-4,0,-3,1,-3,2,-3,2,-2,3,-2,4,-2,4,-1,4,-1,5,-1,6,-1,7,0,0,0,8,0,9,-1,9,-1,9,0,9,-1,10,-1,10,-1,10,-2,11,-2,10,-3,10,-3,10,-3,9,-3,9,-4,8,-4,8,-4,8,-4,7,-4,7,-4,6,-5,6,-4,6,-4,5,-5,4,-5,3,-5,2,0,0,0,0,0,0,0,0,0,0,0,0,0,0,-45,-66,-39,-69,-45,-63,-39,-60,-34,-53,-36,-51,-39,-45,-34,-41,-29,-39,-30,-35,-27,-28,-27,-22,-28,-18,-25,-17,-26,-14,-22,-10,-25,-4,-21,0,-19,3,-17,6,-14,8,-15,12,-8,15,-10,19,-13,22,-4,23,-8,30,-5,32,-4,34,1,39,2,43,-1,47,2,44,1,51,3,50,-5,56,-4,55,-2,58,-8,55,-6,52,-8,56,-12,59,-13,50,-15,52,-15,52,-17,50,-20,46,-16,43,-17,40,-18,36,-20,35,-21,36,-21,29,-21,26,-22,25,-21,22,-23,15,0,0,0,0,0,0,0,0,0,0,0,0,0,0,0,0,0,0,0,0,0,0,-54,57,-61,51,-55,49,-67,43,-66,34,-67,33,-66,32,-70,26,-70,22,-65,19,-72,12,-68,11,-66,10,-61,4,-56,-2,-56,-3,-57,-1,-48,-10,-43,-11,-37,-7,-31,-10,-30,-18,-24,-15,-17,-18,-10,-22,-11,-16,-4,-18,3,-26,3,-18,7,-23,8,-17,13,-22,16,-16,19,-19,19,-21,25,-22,25,-23,30,-26,29,-29,36,-33,41,-30,36,-33,42,-37,42,-41,45,-49,40,-47,44,-51,51,-53,52,-53,57,-54,63,-55,57,-56,70,-63,61,-56,68,-57,69,-64,71,-52,0,0]"
CSI_DATA,421,1a:00:00:00:00:00,-48,11,1,0,1,1,1,0,0,0,1,-96,0,11,2,5741934,0,44,0,384,0,"[0,0,0,0,0,0,0,0,0,0,0,0,12,0,11,0,10,0,10,0,8,-1,8,-1,8,-1,6,-2,6,-2,5,-1,4,-3,4,-3,3,-3,2,-2,1,-3,1,-4,0,-4,-1,-4,-1,-3,-2,-4,-3,-4,-3,-4,-4,-4,-5,-4,-6,-4,-6,-4,0,0,-7,-5,-8,-5,-8,-5,-8,-5,-9,-6,-8,-6,-9,-6,-9,-7,-8,-7,-8,-7,-9,-7,-8,-8,-7,-7,-7,-8,-6,-7,-6,-7,-6,-7,-6,-7,-5,-7,-5,-6,-4,-7,-3,-7,-3,-7,-2,-7,-2,-6,-1,-5,0,0,0,0,0,0,0,0,0,0,0,0,0,0,42,1,37,0,41,-1,34,-3,33,-1,32,0,27,-2,28,-4,23,-1,23,-5,19,-7,17,-5,16,-5,13,-4,11,-7,9,-7,7,-9,6,-8,3,-8,2,-8,0,-10,-1,-8,-4,-8,-4,-9,-7,-9,-7,-11,-11,-10,-15,-8,-14,-11,-18,-9,-16,-8,-19,-12,-19,-10,-24,-12,-23,-12,-25,-16,-24,-15,-25,-13,-22,-17,-24,-18,-23,-16,-23,-19,-22,-20,-21,-18,-20,-22,-19,-20,-18,-18,-15,-16,-16,-19,-15,-16,-12,-16,-13,-18,-11,-16,-7,-15,-6,-15,-3,-14,-3,-15,0,0,0,0,0,0,0,0,0,0,0,0,0,0,0,0,0,0,0,0,0,0,-6,-38,-2,-40,1,-40,3,-41,7,-36,10,-39,10,-35,13,-35,12,-35,13,-32,14,-30,16,-30,15,-30,18,-26,18,-24,16,-20,17,-21,17,-15,16,-15,14,-11,15,-8,15,-9,12,-5,12,-4,11,0,9,2,7,3,3,5,4,7,3,8,2,8,3,10,2,14,1,12,0,14,-1,16,-2,15,1,19,2,20,3,22,0,22,2,25,4,28,3,26,5,29,2,33,4,32,6,34,3,37,4,39,6,39,9,41,5,44,5,41,6,47,6,47,2,43,0,0]"
CSI_DATA,422,1a:00:00:00:00:00,-48,11,1,0,1,1,1,0,0,0,1,-96,0,11,2,5750137,0,44,0,384,0,"[0,0,0,0,0,0,0,0,0,0,0,0,-8,10,-7,9,-5,9,-5,8,-5,8,-5,7,-4,7,-3,6,-3,6,-1,5,-2,5,-1,4,0,3,1,3,1,2,2,1,2,2,2,1,4,0,4,0,4,-1,4,-1,4,-2,5,-2,6,-2,6,-3,0,0,7,-4,7,-4,8,-5,8,-5,8,-4,9,-4,10,-4,9,-4,9,-4,10,-4,10,-3,10,-2,9,-2,9,-1,9,-1,9,-1,8,-1,8,-1,8,0,7,0,7,0,6,1,6,1,5,1,5,2,4,2,0,0,0,0,0,0,0,0,0,0,0,0,0,0,-44,74,-39,66,-32,69,-31,60,-27,54,-29,54,-23,50,-23,50,-19,46,-20,39,-9,39,-5,35,-7,33,-4,27,-3,23,3,21,4,21,6,19,10,13,12,11,14,11,17,10,16,2,23,-1,19,-5,26,-5,27,-10,29,-16,32,-18,29,-17,33,-20,38,-20,36,-19,42,-27,40,-27,46,-24,49,-30,49,-23,52,-21,52,-21,50,-20,53,-17,54,-16,54,-16,50,-12,48,-9,47,-6,45,-7,44,-8,40,-2,41,-3,43,1,34,2,32,6,31,8,28,8,25,11,0,0,0,0,0,0,0,0,0,0,0,0,0,0,0,0,0,0,0,0,0,0,74,18,71,29,64,33,70,39,64,39,62,46,56,40,52,51,53,54,48,51,45,53,45,51,40,53,33,54,24,52,19,46,22,46,11,46,10,44,9,38,1,34,-4,33,-4,26,-3,24,-11,19,-11,15,-12,7,-14,6,-15,8,-22,0,-21,-5,-23,-7,-25,-11,-27,-9,-30,-9,-30,-14,-29,-16,-36,-15,-38,-15,-43,-15,-45,-18,-50,-20,-54,-20,-55,-20,-58,-25,-60,-26,-65,-22,-70,-19,-67,-26,-75,-26,-78,-26,-81,-26,-83,-37,-82,-30,-86,-39,-87,-40,-84,-42,0,0]"
