type,id,mac,rssi,rate,sig_mode,mcs,bandwidth,smoothing,not_sounding,aggregation,stbc,fec_coding,sgi,noise_floor,ampdu_cnt,channel,secondary_channel,local_timestamp,ant,sig_len,rx_state,len,first_word,data
CSI_DATA,20,1a:00:00:00:00:00,-53,11,1,0,1,1,1,0,0,0,1,-96,0,11,2,503836,0,44,0,384,0,"[0,0,0,0,0,0,0,0,0,0,0,0,-3,-6,-3,-5,-3,-5,-3,-5,-3,-4,-2,-4,-2,-4,-2,-4,-2,-4,-2,-3,-2,-3,-2,-2,-2,-3,-2,-2,-2,-2,-2,-2,-2,-1,-2,-1,-3,-1,-3,-1,-3,-1,-3,-1,-3,-1,-4,-1,-4,-1,-4,-1,0,0,-4,-1,-4,-2,-4,-1,-4,-1,-4,-2,-4,-2,-3,-2,-4,-2,-4,-2,-4,-2,-3,-2,-2,-2,-2,-2,-2,-2,-2,-2,-2,-2,-2,-2,-2,-1,-2,-1,-2,-1,-2,-1,-2,-1,-2,-1,-2,-1,-2,-2,-2,-2,0,0,0,0,0,0,0,0,0,0,0,0,0,0,-8,-20,-8,-17,-8,-17,-5,-17,-5,-16,-6,-16,-7,-15,-5,-14,-5,-11,-5,-11,-4,-10,-5,-10,-3,-10,-4,-8,-4,-9,-3,-5,-4,-6,-5,-4,-6,-6,-4,-4,-6,-5,-4,-5,-5,-3,-7,-3,-7,-2,-8,-1,-8,-3,-10,-1,-9,-1,-8,-3,-7,-1,-9,-5,-8,-4,-9,-4,-10,-3,-8,-4,-9,-6,-7,-6,-9,-6,-7,-7,-7,-6,-6,-7,-8,-7,-5,-5,-6,-7,-5,-5,-4,-4,-6,-6,-2,-3,-3,-5,-4,-4,-4,-4,-3,-4,-3,-4,-5,-3,-3,-3,-3,-5,0,0,0,0,0,0,0,0,0,0,0,0,0,0,0,0,0,0,0,0,0,0,-21,2,-22,-2,-24,-3,-24,-6,-25,-9,-24,-12,-24,-13,-25,-14,-25,-18,-24,-19,-24,-21,-26,-26,-25,-27,-24,-33,-21,-33,-16,-34,-16,-36,-17,-37,-12,-40,-8,-43,-6,-42,-3,-44,-1,-42,-1,-44,3,-43,6,-44,9,-42,13,-44,11,-39,15,-41,16,-39,16,-39,19,-35,20,-35,20,-34,21,-34,20,-30,21,-29,23,-29,22,-30,23,-28,22,-26,23,-25,22,-23,22,-23,23,-21,23,-20,23,-18,22,-18,24,-17,22,-16,23,-16,23,-15,20,-13,20,-14,20,-11,19,-12,0,0]"
CSI_DATA,21,1a:00:00:00:00:00,-53,11,1,0,1,1,1,0,0,0,1,-96,0,11,2,533857,0,44,0,384,0,"[0,0,0,0,0,0,0,0,0,0,0,0,6,0,5,0,5,0,4,0,4,0,4,0,3,0,3,-1,3,0,2,0,2,-1,2,-1,2,0,2,-1,1,-1,2,-2,1,-2,1,-2,1,-2,1,-2,1,-2,1,-2,1,-3,1,-2,1,-3,2,-3,0,0,2,-3,1,-3,1,-3,2,-3,2,-3,2,-3,2,-2,2,-2,2,-2,2,-2,2,-2,2,-1,1,-1,1,-1,2,-1,2,-1,1,-2,1,-1,1,-1,1,-1,1,-1,1,-1,1,-1,1,-1,1,-1,1,-1,0,0,0,0,0,0,0,0,0,0,0,0,0,0,39,3,33,7,33,2,36,5,31,2,26,11,27,9,23,7,28,6,20,1,22,5,20,1,19,3,17,5,16,2,11,1,10,-1,9,-2,12,-3,6,-6,10,-7,6,-7,8,-9,11,-6,5,-9,7,-11,6,-10,8,-12,9,-10,7,-16,8,-14,9,-15,10,-14,11,-19,12,-16,11,-10,12,-16,14,-11,12,-8,13,-10,14,-11,13,-11,10,-7,13,-1,11,-4,9,-7,13,-5,6,-5,7,-4,10,-7,8,-8,8,-8,5,-6,2,-4,7,-4,10,-5,5,-5,0,0,0,0,0,0,0,0,0,0,0,0,0,0,0,0,0,0,0,0,0,0,32,-23,35,-25,43,-23,46,-20,48,-16,52,-14,54,-10,56,-5,62,0,59,1,66,9,67,11,71,13,68,23,69,26,69,28,71,32,70,40,71,43,67,47,65,51,64,62,58,59,54,62,51,72,48,69,43,73,41,76,41,78,34,77,32,76,30,78,24,78,21,72,23,75,21,72,15,72,17,69,8,70,10,70,7,68,7,69,5,66,5,70,1,62,10,60,5,62,-1,61,-1,55,-2,60,-7,58,-4,54,-3,49,-5,48,-6,51,-8,46,-7,45,0,0]"
CSI_DATA,22,1a:00:00:00:00:00,-53,11,1,0,1,1,1,0,0,0,1,-96,0,11,2,546773,0,44,0,384,0,"[0,0,0,0,0,0,0,0,0,0,0,0,-5,3,-5,3,-4,2,-4,2,-4,2,-4,2,-4,2,-3,2,-3,2,-2,1,-3,2,-2,1,-1,1,-1,1,-1,1,-1,1,-1,1,-1,1,0,1,0,1,0,1,0,1,0,2,1,1,1,2,0,2,0,0,0,2,1,2,1,3,0,2,0,2,0,3,0,2,0,2,-1,2,-1,2,-1,2,-1,2,-1,2,-1,2,-1,1,-1,1,-1,1,-1,1,-1,1,-1,1,0,1,0,1,0,1,0,1,0,1,0,1,0,0,0,0,0,0,0,0,0,0,0,0,0,0,-35,21,-37,22,-36,17,-29,16,-35,14,-27,15,-26,11,-23,10,-24,7,-19,10,-17,9,-13,12,-17,6,-19,10,-15,10,-13,3,-15,9,-9,9,-9,6,-6,9,-5,11,-5,13,-5,6,-3,11,-2,10,0,11,-5,15,-3,9,-4,12,-5,15,-3,15,-8,16,-5,17,-4,18,-6,18,-5,15,-6,17,-6,11,-7,10,-10,15,-10,14,-9,12,-11,9,-5,10,-11,6,-8,6,-6,7,-9,7,-9,6,-9,6,-6,8,-5,7,-7,8,-4,8,-4,8,-7,6,-9,7,0,0,0,0,0,0,0,0,0,0,0,0,0,0,0,0,0,0,0,0,0,0,23,39,18,39,16,46,12,49,9,49,5,54,-1,57,-7,62,-9,60,-15,62,-20,62,-26,64,-30,68,-39,67,-43,60,-53,60,-53,62,-58,59,-59,53,-70,51,-73,48,-75,41,-80,33,-83,29,-86,26,-88,20,-89,13,-89,7,-87,6,-86,-1,-82,-4,-85,-6,-84,-10,-79,-12,-78,-14,-75,-19,-72,-21,-69,-25,-69,-23,-68,-27,-65,-29,-67,-30,-60,-30,-63,-37,-52,-31,-53,-36,-56,-36,-52,-38,-52,-35,-48,-38,-41,-39,-42,-36,-37,-37,-37,-38,-33,-36,-31,-35,-33,-39,0,0]"
CSI_DATA,23,1a:00:00:00:00:00,-54,11,1,0,1,1,1,0,0,0,1,-96,0,11,2,553825,0,44,0,384,0,"[0,0,0,0,0,0,0,0,0,0,0,0,-4,-5,-3,-5,-4,-5,-3,-5,-3,-4,-3,-4,-3,-3,-2,-3,-2,-3,-2,-3,-2,-2,-2,-2,-2,-2,-2,-2,-2,-2,-2,-1,-2,-1,-2,0,-2,-1,-3,-1,-3,-1,-3,0,-3,0,-3,0,-3,-1,-3,0,0,0,-3,0,-4,-1,-3,-1,-3,0,-3,-1,-4,-1,-3,-1,-3,-2,-3,-1,-3,-1,-3,-1,-2,-2,-2,-2,-2,-1,-2,-1,-3,-1,-2,-1,-2,-1,-2,-1,-2,-1,-2,-1,-2,-1,-2,-1,-2,-1,-2,-1,-2,-1,0,0,0,0,0,0,0,0,0,0,0,0,0,0,-20,-37,-19,-33,-20,-33,-13,-33,-10,-32,-12,-29,-8,-28,-8,-26,-8,-23,-10,-25,-8,-18,-5,-22,-2,-19,-8,-15,-5,-18,-10,-17,-9,-14,-7,-7,-5,-8,-4,-10,-10,-4,-6,-6,-11,-2,-13,-1,-12,-5,-9,-2,-12,-4,-15,-7,-15,-4,-16,-3,-12,-6,-16,-3,-19,-3,-17,-4,-18,-12,-17,-9,-14,-9,-16,-11,-15,-7,-14,-6,-8,-9,-8,-10,-10,-11,-12,-9,-11,-9,-8,-9,-7,-10,-9,-8,-8,-5,-5,-6,-5,-5,-8,-5,-7,-5,-7,-7,-6,-5,-4,-5,-7,-9,0,0,0,0,0,0,0,0,0,0,0,0,0,0,0,0,0,0,0,0,0,0,-41,18,-45,12,-46,4,-52,-3,-56,-5,-55,-6,-54,-12,-58,-14,-61,-19,-59,-25,-60,-32,-60,-35,-61,-41,-60,-49,-57,-55,-51,-58,-48,-66,-44,-65,-44,-73,-36,-74,-33,-78,-27,-85,-24,-83,-18,-85,-13,-90,-9,-87,-1,-89,-2,-93,8,-86,14,-89,16,-79,17,-86,21,-78,26,-74,24,-74,33,-75,30,-66,30,-68,35,-63,36,-67,36,-59,33,-59,37,-62,38,-57,39,-49,39,-54,39,-48,41,-43,42,-46,43,-41,42,-41,39,-35,42,-37,43,-32,39,-30,34,-28,34,-24,0,0]"
CSI_DATA,24,1a:00:00:00:00:00,-54,11,1,0,1,1,1,0,0,0,1,-96,0,11,2,563834,0,44,0,384,0,"[0,0,0,0,0,0,0,0,0,0,0,0,5,2,4,2,4,2,4,2,4,2,3,1,3,1,3,1,2,1,2,1,2,0,2,0,2,0,2,0,2,0,1,-1,1,-1,1,-1,1,-1,1,-1,1,-1,1,-1,1,-2,2,-2,2,-2,2,-2,0,0,2,-3,2,-2,2,-2,2,-2,2,-1,2,-2,2,-1,2,-1,2,-1,2,-1,2,-1,2,-1,1,-1,1,-1,2,-1,2,-1,1,-1,1,-1,1,-1,1,-1,1,-1,1,-1,1,-1,1,-1,1,-1,1,-1,0,0,0,0,0,0,0,0,0,0,0,0,0,0,37,20,35,19,29,20,30,16,28,20,26,22,25,17,24,16,22,13,19,14,15,15,14,13,15,8,14,8,13,8,13,8,14,4,12,5,11,0,9,0,9,0,10,-2,8,-6,11,-4,10,-3,14,-5,9,-5,13,-8,13,-5,12,-10,11,-7,14,-9,17,-7,17,-6,13,-7,17,-4,17,-4,16,-2,16,-2,14,-4,13,-5,15,-2,14,2,12,1,9,0,11,-1,10,0,7,-2,8,-4,11,-2,8,0,9,1,8,0,7,2,8,-2,7,-2,8,-2,0,0,0,0,0,0,0,0,0,0,0,0,0,0,0,0,0,0,0,0,0,0,33,-27,39,-26,39,-20,45,-18,47,-15,49,-12,54,-7,57,-5,58,-3,59,0,64,6,72,13,68,16,71,23,68,30,67,35,68,39,68,43,64,47,60,59,58,57,53,67,53,66,53,71,45,72,44,75,35,78,33,81,25,78,23,84,20,75,14,81,12,76,5,79,6,79,2,74,-1,72,2,72,-2,71,-1,69,-5,70,-6,66,-10,66,-10,69,-9,61,-12,63,-17,58,-12,59,-17,58,-18,53,-18,52,-15,45,-17,51,-18,41,-20,45,-22,43,-18,42,0,0]"
CSI_DATA,25,1a:00:00:00:00:00,-54,11,1,0,1,1,1,0,0,0,1,-96,0,11,2,573853,0,44,0,384,0,"[0,0,0,0,0,0,0,0,0,0,0,0,-6,-3,-6,-2,-6,-3,-6,-3,-5,-3,-4,-2,-4,-2,-4,-2,-4,-2,-4,-2,-3,-2,-3,-1,-3,-1,-3,-1,-3,-1,-2,0,-2,0,-2,0,-2,0,-2,0,-2,0,-2,1,-2,1,-2,0,-3,1,-3,1,0,0,-2,2,-2,1,-3,1,-3,2,-3,1,-3,1,-3,1,-3,1,-3,1,-3,0,-3,0,-3,0,-3,0,-2,0,-3,0,-2,0,-2,0,-2,0,-2,0,-2,0,-2,0,-2,0,-2,0,-2,0,-2,0,-2,0,0,0,0,0,0,0,0,0,0,0,0,0,0,0,-40,-12,-39,-12,-41,-13,-33,-14,-29,-7,-29,-10,-28,-12,-26,-14,-22,-9,-23,-9,-27,-7,-17,-9,-20,-7,-17,-7,-13,-8,-11,-6,-12,-1,-13,1,-13,2,-8,1,-9,2,-7,1,-7,4,-11,6,-11,7,-9,6,-9,7,-7,11,-12,11,-10,8,-10,10,-8,7,-12,12,-12,14,-12,12,-14,15,-15,10,-15,12,-12,8,-8,8,-10,8,-10,6,-10,4,-13,4,-11,6,-8,5,-8,4,-10,5,-7,7,-8,6,-9,6,-4,3,-10,2,-7,4,-7,8,-10,6,-9,6,0,0,0,0,0,0,0,0,0,0,0,0,0,0,0,0,0,0,0,0,0,0,-38,17,-43,15,-43,14,-52,13,-52,6,-56,2,-54,-3,-57,-3,-59,-8,-58,-12,-67,-17,-65,-20,-68,-25,-66,-27,-68,-36,-62,-40,-68,-48,-59,-46,-64,-51,-58,-60,-58,-61,-53,-66,-54,-69,-48,-73,-44,-77,-43,-75,-37,-76,-33,-82,-27,-78,-28,-88,-21,-76,-22,-83,-15,-78,-14,-76,-11,-77,-8,-74,-10,-71,-8,-74,-5,-75,-7,-71,-3,-76,-3,-64,1,-73,-1,-64,3,-62,3,-64,8,-62,6,-60,7,-61,6,-55,7,-55,6,-54,10,-56,4,-50,7,-52,10,-48,9,-47,0,0]"
CSI_DATA,26,1a:00:00:00:00:00,-54,11,1,0,1,1,1,0,0,0,1,-96,0,11,2,583849,0,44,0,384,0,"[0,0,0,0,0,0,0,0,0,0,0,0,6,-2,5,-2,5,-1,4,-1,4,-1,4,-1,4,-1,3,-1,3,-1,3,-1,2,-1,2,-1,2,-1,1,-1,1,-1,1,-2,1,-2,1,-2,0,-1,0,-2,0,-2,0,-2,0,-3,0,-2,0,-2,0,-3,0,0,1,-3,0,-3,0,-3,1,-3,0,-3,0,-3,0,-3,0,-3,1,-3,1,-3,1,-2,0,-2,0,-2,0,-2,1,-2,0,-2,0,-2,1,-2,0,-2,0,-2,0,-2,0,-2,0,-2,0,-2,0,-2,0,-2,0,0,0,0,0,0,0,0,0,0,0,0,0,0,38,-17,38,-10,37,-11,30,-12,31,-9,29,-7,27,-6,27,-6,28,-6,22,-6,20,-6,20,-4,19,-7,17,-1,16,-3,14,-3,13,-5,9,-4,10,-4,10,-7,8,-7,5,-9,4,-9,6,-4,4,-11,1,-12,0,-11,3,-11,2,-13,1,-13,3,-13,-2,-13,3,-11,-1,-15,4,-15,4,-16,4,-13,4,-12,5,-14,5,-14,2,-13,7,-15,6,-9,4,-10,6,-8,6,-10,3,-9,2,-12,5,-12,2,-8,2,-8,0,-11,2,-8,-1,-7,5,-5,7,-9,6,-9,0,0,0,0,0,0,0,0,0,0,0,0,0,0,0,0,0,0,0,0,0,0,15,-37,18,-42,27,-39,30,-43,35,-35,39,-36,40,-37,42,-34,52,-34,53,-27,60,-28,64,-23,66,-19,73,-19,73,-14,73,-7,79,-9,76,2,82,2,81,11,86,14,85,17,82,24,82,33,79,35,79,38,76,44,76,44,70,48,71,50,63,49,63,53,56,50,60,54,59,53,53,53,48,56,43,56,43,52,44,61,42,57,40,51,40,57,39,56,30,52,31,48,33,51,30,50,31,46,26,52,24,52,20,50,22,49,23,45,17,52,18,47,18,43,0,0]"
CSI_DATA,27,1a:00:00:00:00:00,-54,11,1,0,1,1,1,0,0,0,1,-96,0,11,2,593848,0,44,0,384,0,"[0,0,0,0,0,0,0,0,0,0,0,0,-5,3,-5,4,-4,3,-4,3,-4,2,-4,2,-4,2,-4,2,-3,2,-2,1,-3,1,-3,1,-2,1,-2,1,-2,1,-2,1,-2,1,-1,1,-1,1,0,1,0,1,0,1,-1,2,0,2,0,2,-1,2,0,0,-1,2,0,2,0,2,-1,2,-1,2,-1,2,-1,2,-1,2,-2,1,-1,1,-1,1,-1,2,-1,1,-1,1,-1,1,-1,1,-1,1,-1,1,-1,1,-1,1,-1,0,-1,1,-1,1,-1,1,-1,1,-1,1,0,0,0,0,0,0,0,0,0,0,0,0,0,0,-30,25,-31,25,-30,24,-32,21,-28,12,-27,18,-26,14,-26,12,-25,9,-22,12,-22,10,-18,10,-17,9,-13,4,-13,7,-11,9,-12,7,-11,5,-10,4,-9,6,-3,8,-3,9,-4,7,-6,6,-5,8,-4,8,0,12,-3,15,-2,10,-2,11,-5,14,-1,13,-4,12,-5,13,-8,14,-5,13,-3,12,-8,10,-7,13,-9,11,-8,12,-9,10,-7,4,-10,7,-7,6,-6,5,-6,4,-4,3,-7,6,-5,3,-7,6,-8,7,-5,5,-4,5,-7,6,-6,5,-6,6,0,0,0,0,0,0,0,0,0,0,0,0,0,0,0,0,0,0,0,0,0,0,33,23,32,31,30,34,28,41,25,45,25,47,19,50,13,56,10,57,5,57,1,68,-2,68,-10,72,-12,73,-18,73,-29,70,-32,72,-36,72,-42,67,-52,64,-54,62,-62,59,-66,55,-69,50,-76,46,-78,44,-80,36,-86,31,-81,24,-86,21,-80,18,-83,13,-83,7,-78,4,-83,2,-76,-2,-73,-3,-78,-4,-67,-11,-70,-10,-72,-17,-68,-16,-68,-19,-67,-22,-63,-22,-60,-19,-58,-25,-53,-26,-51,-30,-51,-29,-46,-31,-49,-30,-45,-35,-41,-32,-41,-34,-41,-32,-37,-37,0,0]"
CSI_DATA,28,1a:00:00:00:00:00,-54,11,1,0,1,1,1,0,0,0,1,-96,0,11,2,604586,0,44,0,384,0,"[0,0,0,0,0,0,0,0,0,0,0,0,-5,-5,-4,-4,-4,-5,-4,-4,-4,-4,-3,-4,-3,-3,-3,-3,-3,-3,-2,-3,-2,-2,-2,-2,-2,-2,-2,-2,-2,-2,-2,-1,-2,-1,-2,-1,-2,-1,-2,-1,-2,-1,-2,-1,-2,0,-3,-1,-3,0,-3,0,0,0,-3,0,-3,0,-3,0,-3,0,-3,-1,-3,0,-3,-1,-2,-1,-3,-1,-3,-1,-3,-1,-2,-1,-2,-1,-2,-1,-2,-1,-2,-1,-2,-1,-2,-1,-2,-1,-2,0,-2,0,-2,0,-2,0,-2,0,-2,-1,-2,-1,0,0,0,0,0,0,0,0,0,0,0,0,0,0,-31,-32,-25,-33,-28,-31,-26,-31,-24,-30,-21,-25,-21,-30,-20,-27,-13,-21,-12,-20,-13,-21,-11,-19,-13,-19,-9,-15,-12,-17,-12,-14,-8,-9,-5,-9,-11,-8,-10,-6,-7,-2,-6,2,-10,-3,-16,-3,-14,-2,-14,-1,-9,0,-16,-2,-12,-2,-11,1,-13,-2,-17,4,-13,4,-12,-1,-12,2,-16,-2,-13,-1,-14,2,-16,-3,-13,-1,-12,-2,-13,-4,-11,-4,-9,-5,-10,-1,-8,-1,-8,0,-8,-1,-11,1,-9,1,-7,-1,-9,-1,-9,-1,-9,1,-10,-2,-9,-1,-9,-2,0,0,0,0,0,0,0,0,0,0,0,0,0,0,0,0,0,0,0,0,0,0,-42,11,-46,7,-47,5,-52,1,-54,-6,-52,-10,-53,-12,-55,-16,-59,-20,-56,-26,-54,-31,-57,-36,-59,-40,-57,-46,-53,-53,-51,-55,-56,-61,-45,-65,-47,-70,-43,-75,-37,-75,-36,-81,-29,-77,-23,-84,-19,-86,-16,-86,-6,-88,-4,-89,-1,-86,2,-90,6,-81,9,-85,14,-82,14,-78,16,-78,16,-75,20,-73,26,-68,24,-71,23,-68,28,-65,24,-65,28,-64,30,-61,29,-62,28,-56,32,-56,31,-52,32,-52,31,-46,32,-45,34,-45,37,-46,31,-39,32,-39,32,-36,34,-40,0,0]"
CSI_DATA,29,1a:00:00:00:00:00,-54,11,1,0,1,1,1,0,0,0,1,-96,0,11,2,624349,0,44,0,384,0,"[0,0,0,0,0,0,0,0,0,0,0,0,2,5,1,5,1,5,1,5,1,4,0,4,0,3,0,3,0,3,1,3,0,2,0,2,1,2,1,2,1,1,0,1,0,1,0,0,1,0,1,1,1,1,1,0,1,0,2,0,1,0,1,0,0,0,1,0,2,0,2,0,2,0,2,0,2,1,2,1,1,1,1,0,1,0,1,0,1,1,1,1,1,0,1,0,1,0,1,0,1,0,1,0,1,0,1,-1,1,0,1,0,1,0,1,0,1,0,0,0,0,0,0,0,0,0,0,0,0,0,0,0,21,37,18,39,16,38,14,32,13,32,13,31,8,31,11,30,9,27,8,27,5,25,12,19,10,20,5,14,5,19,6,14,6,10,7,12,7,8,3,10,5,11,5,6,11,3,6,4,8,0,12,5,11,4,8,-2,12,3,11,5,9,6,14,1,13,0,14,2,13,1,12,2,11,4,13,1,11,3,13,3,10,4,10,2,10,3,9,4,6,2,9,2,3,5,5,-1,6,2,8,-2,8,2,9,2,6,2,9,0,9,1,10,0,6,2,0,0,0,0,0,0,0,0,0,0,0,0,0,0,0,0,0,0,0,0,0,0,40,3,42,13,42,13,47,24,43,22,43,31,41,31,41,36,45,39,39,46,40,53,36,58,39,56,31,63,27,73,23,67,23,78,13,75,13,83,4,82,4,82,-2,91,-7,82,-9,86,-14,84,-20,84,-26,83,-30,86,-32,74,-38,79,-35,68,-39,74,-44,67,-43,64,-42,65,-46,60,-43,62,-43,58,-46,56,-46,56,-50,53,-43,52,-50,51,-47,48,-51,45,-52,44,-48,43,-48,43,-51,42,-45,35,-47,33,-45,29,-46,32,-43,29,-45,29,-43,29,-44,27,0,0]"
CSI_DATA,30,1a:00:00:00:00:00,-54,11,1,0,1,1,1,0,0,0,1,-96,0,11,2,653952,0,44,0,384,0,"[0,0,0,0,0,0,0,0,0,0,0,0,-6,3,-6,2,-5,2,-6,2,-5,1,-6,2,-5,2,-4,2,-4,1,-4,0,-4,1,-4,1,-3,0,-2,1,-2,0,-3,1,-3,1,-2,1,-2,1,-1,1,-1,1,-1,1,-2,1,-1,1,-1,2,-2,2,0,0,-2,2,-1,2,-1,2,-2,2,-1,1,-1,2,-1,1,-1,2,-2,1,-2,1,-2,1,-1,1,-1,1,-1,1,-2,1,-1,0,-1,1,-1,1,-1,0,-1,0,-1,1,-1,1,-1,1,-1,1,-1,1,-1,1,0,0,0,0,0,0,0,0,0,0,0,0,0,0,-18,8,-18,9,-19,10,-16,8,-17,11,-16,6,-15,6,-14,5,-13,7,-11,4,-12,4,-11,5,-10,4,-8,4,-9,4,-8,3,-6,2,-7,3,-6,2,-6,3,-4,4,-2,7,-4,5,-4,5,-4,4,-4,5,-1,6,-2,6,-1,5,-1,7,-1,7,-2,7,-2,7,0,5,0,6,-1,7,-2,5,-3,6,-2,4,-1,6,-1,5,-3,3,0,3,-2,3,-1,3,-1,3,-1,3,-1,4,-1,3,0,3,-1,3,0,3,0,4,-1,4,-1,4,-2,4,0,5,0,0,0,0,0,0,0,0,0,0,0,0,0,0,0,0,0,0,0,0,0,0,-6,20,-8,19,-10,19,-13,19,-14,19,-17,18,-19,19,-21,18,-23,18,-25,17,-27,14,-30,14,-32,13,-35,13,-36,11,-35,8,-38,6,-39,3,-40,4,-42,2,-41,-1,-42,-4,-41,-7,-41,-11,-41,-12,-42,-13,-40,-16,-39,-17,-37,-19,-36,-18,-36,-20,-36,-22,-33,-22,-33,-23,-33,-24,-31,-24,-30,-23,-27,-25,-26,-24,-27,-24,-26,-24,-25,-23,-25,-26,-25,-24,-22,-24,-21,-25,-20,-26,-19,-23,-19,-24,-18,-22,-17,-24,-18,-23,-17,-20,-14,-21,-13,-20,-16,-23,-14,-23,0,0]"
CSI_DATA,31,1a:00:00:00:00:00,-54,11,1,0,1,1,1,0,0,0,1,-96,0,11,2,663827,0,44,0,384,0,"[0,0,0,0,0,0,0,0,0,0,0,0,3,5,2,5,3,5,2,5,2,4,1,4,1,4,1,3,1,3,1,3,1,3,1,2,1,2,1,2,1,2,1,1,1,1,1,1,1,1,1,1,2,1,2,1,1,0,2,0,2,1,2,0,0,0,2,0,2,1,2,1,2,0,2,1,1,1,2,1,1,1,1,0,2,1,1,0,1,1,1,0,1,0,1,0,1,0,1,0,1,0,1,0,1,-1,1,0,1,0,1,0,1,0,1,0,1,0,0,0,0,0,0,0,0,0,0,0,0,0,0,0,12,17,12,17,11,17,11,15,10,15,8,15,7,12,7,14,5,12,6,11,4,12,5,9,6,9,3,10,4,8,4,8,5,6,3,4,2,3,4,5,4,5,5,3,4,3,5,1,5,2,5,0,7,1,6,0,6,0,3,1,6,1,6,2,5,2,8,2,6,2,7,2,6,1,6,1,6,1,3,1,3,0,4,2,5,1,4,0,4,2,0,0,3,0,4,2,4,1,3,1,3,0,5,0,3,0,4,0,2,1,4,-1,4,0,0,0,0,0,0,0,0,0,0,0,0,0,0,0,0,0,0,0,0,0,0,0,20,-4,20,-2,21,-1,23,2,24,4,24,7,24,8,27,10,26,12,25,15,26,19,26,19,27,22,25,25,23,28,20,30,22,32,17,32,18,37,14,39,12,40,10,40,8,40,5,43,3,42,0,41,-3,42,-4,43,-7,41,-8,42,-10,37,-11,39,-15,39,-14,36,-15,36,-16,35,-15,31,-16,34,-17,32,-17,30,-18,30,-17,27,-21,27,-18,27,-20,27,-23,25,-20,24,-20,24,-21,19,-19,21,-19,20,-20,18,-21,18,-18,16,-18,17,-20,18,-18,14,0,0]"
CSI_DATA,32,1a:00:00:00:00:00,-54,11,1,0,1,1,1,0,0,0,1,-96,0,11,2,676273,0,44,0,384,0,"[0,0,0,0,0,0,0,0,0,0,0,0,2,5,2,5,2,5,2,5,2,5,1,4,1,3,1,3,1,3,1,3,0,3,0,2,1,2,1,2,1,2,0,1,1,1,1,1,1,1,1,1,2,1,1,1,1,1,2,1,2,2,2,0,0,0,1,1,2,1,1,1,2,1,1,2,1,2,1,1,1,2,1,1,1,1,1,1,0,1,0,1,0,1,1,1,1,1,0,0,1,0,1,0,1,0,1,1,0,0,0,0,1,1,1,1,1,1,0,0,0,0,0,0,0,0,0,0,0,0,0,0,21,38,25,36,23,30,20,34,19,30,16,30,13,29,14,30,15,28,8,22,9,24,7,21,8,19,7,16,10,16,8,15,7,11,9,13,5,8,5,10,4,10,5,6,8,2,12,6,10,4,11,5,10,8,11,6,12,2,11,5,10,6,13,6,14,6,12,2,9,9,16,7,14,6,11,6,11,6,7,9,8,8,9,4,9,7,8,6,5,3,5,1,4,1,7,4,8,-2,5,3,8,-1,7,0,9,4,8,6,9,6,7,2,9,2,0,0,0,0,0,0,0,0,0,0,0,0,0,0,0,0,0,0,0,0,0,0,36,-22,40,-13,47,-15,48,-11,51,-7,55,-2,54,3,57,9,61,15,61,20,63,23,62,29,68,34,63,39,58,45,59,52,56,57,55,62,47,63,45,72,37,76,37,82,30,84,28,86,23,84,21,91,11,87,4,88,2,89,-1,88,-9,86,-14,83,-19,82,-22,79,-23,78,-23,77,-28,72,-26,71,-33,70,-32,70,-35,63,-34,64,-35,60,-39,61,-36,58,-40,55,-41,50,-43,48,-42,47,-46,43,-37,42,-38,46,-38,37,-39,34,-40,39,-41,34,-38,29,0,0]"
CSI_DATA,33,1a:00:00:00:00:00,-54,11,1,0,1,1,1,0,0,0,1,-96,0,11,2,684087,0,44,0,384,0,"[0,0,0,0,0,0,0,0,0,0,0,0,-6,3,-5,2,-4,2,-5,2,-4,2,-4,2,-4,2,-4,2,-4,1,-3,1,-3,1,-3,1,-2,1,-2,1,-2,1,-2,1,-2,1,-2,1,-1,1,-1,1,-1,1,-1,1,-1,1,-1,1,-1,2,-2,1,0,0,-2,1,-1,2,-2,2,-2,1,-1,2,-2,2,-2,2,-2,1,-2,1,-2,1,-2,0,-2,1,-2,1,-1,1,-1,0,-1,0,-1,1,-1,0,-1,0,-1,0,-1,1,-2,1,-2,1,-1,1,-1,1,-2,1,0,0,0,0,0,0,0,0,0,0,0,0,0,0,-38,24,-36,22,-33,21,-31,18,-31,15,-30,15,-31,14,-25,10,-30,11,-23,12,-27,6,-20,9,-20,6,-23,5,-19,10,-17,5,-18,6,-16,5,-9,7,-9,11,-8,7,-6,10,-5,9,-4,7,-5,7,-9,13,-8,11,-7,9,-8,9,-4,15,-7,13,-7,16,-9,10,-6,14,-9,13,-4,12,-8,13,-9,11,-5,9,-10,9,-11,7,-9,9,-7,9,-5,11,-7,8,-7,3,-7,6,-6,5,-7,6,-3,6,-5,11,-8,9,-4,6,-4,8,-5,10,-10,7,-9,6,0,0,0,0,0,0,0,0,0,0,0,0,0,0,0,0,0,0,0,0,0,0,26,30,22,40,17,43,15,45,12,51,7,53,3,51,-1,55,-6,61,-9,60,-17,66,-19,65,-27,69,-33,66,-41,70,-43,60,-53,64,-58,62,-59,59,-67,51,-70,47,-79,44,-82,40,-82,37,-86,28,-87,26,-89,18,-90,12,-87,7,-91,0,-84,-3,-87,-6,-83,-13,-81,-15,-81,-18,-81,-23,-74,-18,-75,-25,-70,-26,-74,-30,-71,-32,-63,-28,-69,-33,-60,-32,-58,-33,-51,-39,-52,-38,-53,-38,-49,-40,-44,-39,-45,-40,-43,-40,-42,-41,-36,-34,-39,-39,-31,-40,-31,-35,0,0]"
CSI_DATA,34,1a:00:00:00:00:00,-54,11,1,0,1,1,1,0,0,0,1,-96,0,11,2,694760,0,44,0,384,0,"[0,0,0,0,0,0,0,0,0,0,0,0,-2,5,-2,5,-1,5,-1,5,-1,4,-2,4,-2,4,-1,4,-1,3,-1,2,-1,3,-1,2,0,2,0,2,0,2,0,1,0,1,0,1,0,2,1,1,1,2,1,2,0,1,1,2,1,2,0,1,0,0,1,1,1,2,1,2,0,1,0,2,0,2,0,2,0,2,0,1,0,1,0,1,0,2,0,2,0,1,0,1,0,1,0,1,0,1,0,1,0,1,0,1,0,1,0,1,0,1,0,1,0,2,0,0,0,0,0,0,0,0,0,0,0,0,0,0,-22,32,-20,35,-19,31,-19,28,-21,30,-15,27,-18,26,-17,25,-16,20,-15,22,-15,20,-17,18,-12,18,-14,15,-9,15,-10,11,-8,12,-8,13,-6,12,-9,13,-6,9,-6,13,-2,13,-1,10,-2,11,-1,8,1,13,2,10,2,11,-2,11,-3,13,-5,13,2,15,1,15,0,12,-1,15,-6,13,-5,13,-2,11,-3,13,-6,10,-2,9,-4,11,-3,11,-4,9,-2,10,-3,5,-5,7,-3,9,0,8,-5,10,-3,9,-3,9,-2,9,-4,7,-1,11,-7,10,0,0,0,0,0,0,0,0,0,0,0,0,0,0,0,0,0,0,0,0,0,0,40,4,40,10,43,14,42,21,40,26,41,30,36,35,37,42,34,47,32,49,29,53,32,60,30,64,24,70,16,72,7,77,3,78,-3,79,-9,79,-18,81,-23,79,-30,83,-35,79,-36,77,-48,72,-49,73,-55,66,-62,65,-62,61,-65,55,-63,52,-70,42,-68,39,-71,31,-73,33,-74,29,-70,28,-69,26,-66,22,-69,21,-69,16,-67,14,-70,8,-66,9,-65,2,-65,1,-63,-4,-61,-4,-57,-6,-59,-7,-53,-7,-56,-10,-51,-12,-53,-12,-53,-11,-44,-15,-42,-13,0,0]"
CSI_DATA,35,1a:00:00:00:00:00,-54,11,1,0,1,1,1,0,0,0,1,-96,0,11,2,705450,0,44,0,384,0,"[0,0,0,0,0,0,0,0,0,0,0,0,0,6,0,6,0,5,0,5,0,5,-1,4,-1,4,-1,4,-1,3,-1,3,-1,2,0,2,0,2,0,2,1,2,0,1,0,1,0,1,1,1,1,2,1,1,1,2,1,1,1,1,1,2,1,1,0,0,1,1,2,2,1,2,1,1,1,2,1,2,1,2,1,2,1,1,1,1,1,1,0,2,0,1,0,1,1,1,1,1,0,1,1,1,1,1,1,1,0,1,1,1,0,1,0,1,0,1,0,2,0,0,0,0,0,0,0,0,0,0,0,0,0,0,4,21,2,18,4,20,1,17,3,17,1,17,0,14,0,14,2,12,1,11,-2,12,3,10,0,10,0,8,-1,7,0,7,0,5,1,7,2,5,2,4,3,5,2,4,3,4,4,2,3,4,6,4,4,3,3,1,4,2,5,4,4,5,5,5,5,3,5,4,4,5,6,6,5,6,4,4,3,5,3,3,2,5,2,4,1,4,3,3,2,4,2,3,1,3,3,3,2,2,2,3,3,3,2,4,4,3,3,3,3,4,3,3,2,4,0,0,0,0,0,0,0,0,0,0,0,0,0,0,0,0,0,0,0,0,0,0,20,-5,20,-3,21,-1,24,2,24,4,24,8,24,10,25,11,26,13,25,15,25,18,25,20,25,24,24,27,21,31,17,31,18,35,15,34,14,38,11,40,9,39,4,43,4,42,0,42,-2,42,-4,42,-9,42,-11,42,-12,38,-16,41,-17,34,-18,38,-21,33,-21,33,-22,32,-24,31,-23,27,-24,29,-22,27,-24,27,-26,25,-25,23,-28,22,-26,21,-28,18,-25,16,-28,16,-26,17,-27,14,-24,11,-23,12,-24,13,-26,10,-23,9,-25,8,-24,8,-22,5,0,0]"
CSI_DATA,36,1a:00:00:00:00:00,-54,11,1,0,1,1,1,0,0,0,1,-96,0,11,2,713789,0,44,0,384,0,"[0,0,0,0,0,0,0,0,0,0,0,0,5,3,4,3,4,3,4,3,3,3,3,2,2,2,2,2,2,2,2,2,2,1,2,1,2,1,2,1,1,1,2,0,1,0,1,0,2,0,1,0,2,0,2,0,2,-1,2,0,2,0,2,-1,0,0,2,-1,2,-1,2,0,3,-1,2,0,2,0,2,0,1,0,2,0,2,0,2,0,1,0,1,0,1,0,1,0,1,0,1,0,1,0,1,0,1,0,1,0,1,0,1,0,1,0,2,0,1,0,0,0,0,0,0,0,0,0,0,0,0,0,0,0,42,17,35,15,36,15,32,16,30,19,24,17,26,17,22,15,21,11,19,15,18,11,16,17,15,6,17,9,11,7,13,8,15,3,14,4,11,2,9,3,9,2,9,1,10,-3,10,-3,9,-4,11,-6,13,-8,14,-5,15,-5,13,-4,12,-7,13,-6,11,-5,16,-2,11,-8,14,-3,17,-6,13,-1,14,1,11,0,12,-2,9,-2,13,-1,11,1,11,0,8,-6,10,-1,9,-1,7,-3,9,-4,9,-3,9,-3,12,-2,10,-1,11,1,9,1,12,-1,0,0,0,0,0,0,0,0,0,0,0,0,0,0,0,0,0,0,0,0,0,0,13,-43,18,-42,24,-39,29,-39,31,-36,38,-35,42,-37,44,-31,51,-34,54,-28,63,-25,61,-20,66,-18,70,-14,76,-10,74,-1,79,0,76,8,83,17,80,20,77,28,81,36,73,36,74,47,70,52,68,51,63,60,60,59,56,64,56,70,47,69,45,74,39,69,37,70,36,73,29,72,27,68,23,68,17,69,15,71,14,68,16,66,9,67,12,65,3,66,6,67,-1,64,-3,61,-3,63,-6,60,-7,56,-9,53,-6,54,-9,47,-8,45,-14,49,-13,48,0,0]"
CSI_DATA,37,1a:00:00:00:00:00,-55,11,1,0,1,1,1,0,0,0,1,-96,0,11,2,736398,0,44,0,384,0,"[0,0,0,0,0,0,0,0,0,0,0,0,-6,3,-5,3,-5,3,-4,2,-4,2,-4,2,-4,2,-4,1,-3,1,-3,1,-3,1,-3,1,-2,1,-2,1,-2,1,-2,1,-1,1,-1,1,0,1,0,1,0,1,0,1,-1,2,0,2,0,2,-1,2,0,0,-1,2,0,2,0,2,-1,2,-1,2,-1,2,-1,2,-1,2,-1,2,-2,1,-2,1,-1,2,-1,1,-1,2,-1,1,-1,1,-1,1,-1,1,-1,1,-1,1,-1,1,-1,2,-1,2,-1,1,-1,1,-1,1,0,0,0,0,0,0,0,0,0,0,0,0,0,0,-35,21,-35,22,-34,16,-27,16,-28,14,-28,14,-27,13,-26,10,-21,9,-18,5,-22,8,-17,6,-16,7,-13,4,-16,6,-12,3,-11,4,-10,3,-10,4,-10,7,-2,8,-2,7,-2,8,-1,9,0,10,-1,8,-2,9,-3,7,-2,13,-1,14,-3,12,-1,18,-4,15,-3,14,-3,13,-2,13,-3,14,-4,12,-3,11,-6,14,-6,10,-5,10,-5,10,-4,8,-4,11,-5,11,-6,11,-2,8,-3,10,-7,8,-3,9,-4,11,-5,10,-4,12,-4,14,-5,9,-6,12,0,0,0,0,0,0,0,0,0,0,0,0,0,0,0,0,0,0,0,0,0,0,22,32,19,39,17,43,11,47,8,51,5,52,-1,56,-8,56,-11,59,-14,57,-20,62,-23,64,-32,61,-38,64,-39,61,-44,61,-55,59,-59,57,-58,50,-64,47,-74,44,-74,41,-80,33,-79,27,-84,21,-85,14,-86,13,-86,10,-83,3,-85,0,-84,0,-82,-7,-80,-9,-76,-13,-82,-17,-75,-21,-74,-22,-72,-25,-68,-23,-66,-28,-63,-28,-66,-31,-59,-27,-59,-33,-53,-34,-52,-36,-50,-35,-48,-38,-49,-39,-42,-39,-41,-41,-41,-37,-38,-39,-33,-34,-34,-39,-30,-37,-31,-39,0,0]"
CSI_DATA,38,1a:00:00:00:00:00,-55,11,1,0,1,1,1,0,0,0,1,-96,0,11,2,744712,0,44,0,384,0,"[0,0,0,0,0,0,0,0,0,0,0,0,2,4,2,4,2,4,1,4,1,3,1,3,1,3,1,2,1,2,1,2,1,1,0,1,1,1,0,1,1,1,1,0,1,0,1,0,1,0,1,0,1,0,2,0,1,-1,2,-1,2,0,2,-1,0,0,2,-1,2,0,2,-1,2,-1,2,0,2,0,2,0,1,0,2,0,2,0,2,-1,1,0,1,0,1,0,1,0,1,0,1,0,2,0,2,0,1,0,2,0,1,0,1,0,1,0,2,0,2,0,0,0,0,0,0,0,0,0,0,0,0,0,0,0,13,15,13,14,13,17,9,13,10,14,10,13,9,11,6,10,7,10,6,11,6,8,5,8,2,7,4,6,2,6,2,4,4,4,4,2,2,1,3,1,4,0,3,3,4,-3,6,0,4,-3,5,-2,3,-1,6,-2,7,-2,4,-2,7,-1,6,-2,6,-5,7,-1,6,-1,6,-1,7,-1,7,-1,7,-1,6,-1,5,-2,5,-1,5,-1,6,0,4,0,4,-1,5,-1,5,-1,5,-2,6,-2,4,0,6,-1,6,0,5,-1,4,0,6,-1,5,1,0,0,0,0,0,0,0,0,0,0,0,0,0,0,0,0,0,0,0,0,0,0,17,-11,22,-8,21,-7,25,-4,26,-2,26,0,27,1,29,3,31,5,31,7,31,12,33,15,33,16,31,18,31,23,29,24,29,28,27,28,27,30,24,35,24,37,21,39,19,39,16,40,13,44,10,43,6,45,6,45,2,44,1,43,-2,42,-2,41,-5,41,-5,41,-7,39,-8,38,-9,36,-10,36,-12,34,-11,35,-12,34,-12,32,-15,31,-16,31,-16,27,-14,28,-17,27,-16,26,-17,27,-17,24,-18,23,-18,23,-19,22,-18,19,-19,18,-18,19,-15,17,0,0]"
CSI_DATA,39,1a:00:00:00:00:00,-54,11,1,0,1,1,1,0,0,0,1,-96,0,11,2,753827,0,44,0,384,0,"[0,0,0,0,0,0,0,0,0,0,0,0,5,-1,5,-1,5,0,4,0,4,0,3,-1,3,-1,3,-1,2,-1,2,0,2,-1,1,-1,1,-1,1,-1,1,-1,1,-2,0,-2,0,-2,0,-2,0,-2,0,-2,-1,-2,0,-2,-1,-2,-1,-2,-1,-3,0,0,0,-3,-1,-3,-1,-3,0,-3,0,-2,-1,-3,0,-3,-1,-3,0,-3,0,-3,0,-3,-1,-2,-1,-2,-1,-2,0,-2,0,-2,-1,-2,-1,-2,-1,-2,-1,-2,0,-3,-1,-2,-1,-3,-1,-3,0,-3,0,-3,0,0,0,0,0,0,0,0,0,0,0,0,0,0,41,-7,36,-5,35,-4,33,2,33,-1,24,-2,30,0,27,-4,25,2,22,2,22,-2,16,-1,18,-1,18,-1,14,-2,10,0,8,-1,10,-3,8,-2,9,-6,5,-6,5,-5,1,-9,4,-10,2,-10,5,-8,2,-13,1,-13,0,-15,0,-10,3,-11,2,-15,3,-14,0,-18,0,-14,4,-12,3,-14,4,-13,5,-13,1,-15,2,-14,4,-15,5,-12,3,-12,3,-9,3,-13,3,-11,4,-13,5,-13,1,-11,6,-8,0,-11,2,-10,2,-13,1,-12,6,-17,6,-10,0,0,0,0,0,0,0,0,0,0,0,0,0,0,0,0,0,0,0,0,0,0,17,-38,23,-35,29,-38,31,-39,39,-35,42,-33,47,-34,55,-29,54,-27,59,-27,62,-25,65,-16,69,-16,73,-15,74,-5,79,-6,81,-1,86,8,82,13,82,16,83,31,82,28,85,37,82,37,79,47,75,43,70,50,67,53,67,57,64,56,60,57,59,62,56,66,52,61,48,64,48,62,42,64,43,62,38,63,38,61,36,69,35,63,34,60,29,63,23,57,30,61,25,58,22,57,19,57,17,57,17,53,20,48,14,48,15,50,16,52,7,46,12,47,0,0]"
CSI_DATA,40,1a:00:00:00:00:00,-55,11,1,0,1,1,1,0,0,0,1,-96,0,11,2,764278,0,44,0,384,0,"[0,0,0,0,0,0,0,0,0,0,0,0,1,-6,1,-6,1,-5,1,-5,1,-5,1,-4,1,-4,1,-3,1,-3,0,-3,0,-3,0,-2,0,-2,0,-2,-1,-2,0,-2,-1,-1,-1,-1,-2,-1,-2,-1,-2,-1,-2,-1,-2,-1,-3,-1,-2,-1,-2,-1,0,0,-2,-1,-3,-2,-3,-1,-2,-1,-2,-2,-2,-2,-2,-2,-2,-2,-2,-1,-2,-1,-2,-1,-2,-2,-2,-2,-2,-2,-2,-1,-2,-1,-2,-2,-2,-1,-2,-1,-2,-1,-2,-1,-2,-1,-2,-2,-2,-2,-2,-2,-2,-2,0,0,0,0,0,0,0,0,0,0,0,0,0,0,13,-45,15,-35,17,-36,12,-34,16,-33,16,-32,13,-25,7,-24,14,-23,17,-21,7,-22,6,-19,7,-19,8,-13,8,-9,5,-9,7,-6,2,-9,-2,-7,-1,-8,-2,-7,-1,-4,-3,-2,-4,-5,-7,-4,-9,-1,-9,-9,-11,-3,-12,-6,-8,-6,-14,-7,-13,-10,-13,-6,-12,-7,-7,-8,-16,-7,-11,-7,-12,-7,-10,-8,-9,-13,-6,-6,-5,-8,-13,-9,-11,-9,-13,-9,-8,-5,-7,-8,-6,-7,-8,-8,-12,-10,-10,-3,-9,-9,-7,-9,-11,-7,-12,-10,-6,-7,-9,-12,0,0,0,0,0,0,0,0,0,0,0,0,0,0,0,0,0,0,0,0,0,0,-27,-36,-26,-40,-23,-40,-22,-51,-18,-48,-14,-54,-10,-53,-10,-55,-4,-65,2,-64,7,-64,6,-66,13,-73,17,-70,24,-75,29,-67,34,-71,37,-68,42,-73,55,-72,52,-66,60,-68,57,-59,67,-63,71,-53,71,-53,73,-48,79,-45,73,-34,82,-35,73,-29,81,-27,80,-23,79,-22,78,-19,78,-17,70,-17,74,-12,73,-7,75,-10,75,-4,67,-6,71,-4,67,-2,69,-2,63,-4,60,-1,64,3,58,6,56,5,56,8,58,7,59,12,48,8,50,10,46,7,47,11,0,0]"
CSI_DATA,41,1a:00:00:00:00:00,-56,11,1,0,1,1,1,0,0,0,1,-96,0,11,2,775661,0,44,0,384,0,"[0,0,0,0,0,0,0,0,0,0,0,0,-2,5,-2,5,-2,4,-2,4,-2,3,-2,3,-2,3,-2,3,-2,2,-1,2,-2,2,-1,1,-1,1,-1,1,0,1,-1,1,0,0,0,0,1,0,1,0,1,0,1,0,1,0,2,0,1,0,1,0,0,0,2,0,2,0,2,0,1,0,2,0,2,1,2,1,2,0,1,0,1,0,1,0,1,1,1,1,1,0,1,0,1,0,2,0,1,0,1,0,1,0,1,0,1,0,1,0,2,0,2,0,1,0,0,0,0,0,0,0,0,0,0,0,0,0,0,0,-23,39,-25,34,-24,31,-22,30,-19,28,-20,24,-17,22,-18,22,-15,20,-15,19,-14,17,-12,14,-14,14,-12,11,-9,8,-10,10,-8,6,-4,5,-2,2,-2,5,1,5,2,7,2,0,6,4,3,3,7,7,7,3,8,1,9,2,9,5,12,7,8,5,11,7,7,5,11,8,10,4,12,5,13,5,9,5,4,6,10,7,9,8,12,5,8,2,10,4,8,6,9,3,10,2,13,1,8,3,8,3,10,4,14,9,11,1,12,8,11,5,8,6,0,0,0,0,0,0,0,0,0,0,0,0,0,0,0,0,0,0,0,0,0,0,2,41,-5,42,-7,43,-15,46,-18,47,-22,50,-28,48,-27,49,-34,54,-36,50,-41,50,-47,52,-50,53,-56,49,-62,45,-64,40,-66,40,-71,41,-73,40,-77,28,-80,29,-87,26,-81,16,-85,18,-89,13,-86,9,-90,3,-92,-6,-88,-1,-92,-7,-84,-6,-84,-11,-79,-13,-79,-12,-80,-14,-79,-17,-73,-15,-73,-20,-70,-19,-72,-19,-71,-22,-62,-21,-69,-24,-67,-24,-61,-22,-56,-21,-60,-23,-59,-20,-57,-24,-55,-27,-53,-21,-57,-25,-54,-24,-45,-19,-49,-25,-43,-20,-41,-25,0,0]"
CSI_DATA,42,1a:00:00:00:00:00,-55,11,1,0,1,1,1,0,0,0,1,-96,0,11,2,793857,0,44,0,384,0,"[0,0,0,0,0,0,0,0,0,0,0,0,4,-5,4,-5,4,-4,4,-4,3,-3,3,-4,3,-3,2,-3,2,-3,2,-2,2,-3,1,-2,1,-2,1,-1,0,-1,0,-2,0,-2,0,-1,-1,-1,-1,-1,-1,-1,-2,-1,-2,-1,-2,-1,-2,-1,-2,-2,0,0,-2,-2,-3,-1,-3,-1,-2,-2,-2,-2,-3,-2,-3,-2,-3,-1,-2,-2,-2,-1,-2,-2,-3,-1,-2,-1,-3,-1,-2,-1,-2,-1,-2,-1,-2,-1,-2,-1,-2,-1,-2,-1,-3,-1,-3,-1,-3,-1,-3,-1,-3,-1,0,0,0,0,0,0,0,0,0,0,0,0,0,0,16,-12,16,-8,16,-13,17,-11,13,-11,15,-9,15,-6,12,-10,11,-6,10,-6,9,-6,9,-8,6,-6,6,-4,5,-6,3,-4,5,-4,5,-2,2,-3,2,-3,-1,-5,1,-4,0,-2,-2,-3,-2,-2,-2,-2,-2,-3,-2,-3,-3,-3,-6,-5,-5,-4,-6,-2,-6,-3,-6,-4,-5,-4,-5,-4,-4,-2,-5,-4,-6,-2,-6,-3,-5,-4,-6,-4,-4,-2,-2,-2,-6,-4,-7,-2,-5,-1,-5,-2,-6,-1,-5,-1,-6,-2,-7,-1,-8,0,-6,-2,-6,-1,-7,-2,-6,-4,0,0,0,0,0,0,0,0,0,0,0,0,0,0,0,0,0,0,0,0,0,0,18,-11,21,-11,21,-10,26,-8,24,-6,26,-4,28,-5,28,-3,30,-2,30,0,34,2,35,2,36,5,36,5,36,9,35,11,41,14,38,14,40,16,38,19,38,20,38,23,36,23,35,24,34,27,36,27,32,31,33,30,30,31,31,30,25,30,29,33,27,32,26,31,25,30,23,30,22,27,25,29,21,29,22,28,21,28,22,25,21,31,21,25,19,26,20,24,17,25,19,24,18,25,15,24,17,23,17,23,17,23,15,19,14,22,13,21,14,21,0,0]"
CSI_DATA,43,1a:00:00:00:00:00,-55,11,1,0,1,1,1,0,0,0,1,-96,0,11,2,804358,0,44,0,384,0,"[0,0,0,0,0,0,0,0,0,0,0,0,4,-4,4,-4,4,-3,4,-3,3,-2,3,-3,3,-3,3,-2,2,-3,2,-2,2,-2,1,-2,1,-1,1,-1,0,-1,1,-2,0,-2,0,-2,-1,-1,-1,-1,-1,-1,-1,-1,-1,-2,-2,-1,-2,-2,-1,-2,0,0,-1,-2,-2,-2,-2,-2,-2,-2,-2,-2,-2,-2,-2,-2,-2,-2,-1,-2,-1,-2,-1,-2,-2,-2,-1,-2,-1,-2,-1,-1,-2,-1,-2,-2,-1,-1,-2,-1,-2,-1,-2,-1,-2,-2,-2,-2,-2,-2,-2,-2,-2,-2,0,0,0,0,0,0,0,0,0,0,0,0,0,0,33,-24,32,-24,30,-23,31,-25,24,-21,26,-19,27,-20,21,-14,21,-13,20,-13,21,-15,16,-14,15,-14,20,-9,13,-6,12,-9,11,-12,10,-7,10,-3,2,-8,-1,-7,0,-6,2,-5,1,-2,-3,-5,-1,-5,-7,-6,-1,-9,-8,-8,-8,-5,-4,-6,-11,-10,-8,-8,-7,-8,-11,-10,-6,-4,-6,-9,-10,-5,-7,-6,-6,-9,-8,-11,-7,-10,-7,-3,-7,-5,-9,-8,-7,-7,-5,-5,-7,-7,-7,-5,-9,-6,-10,-4,-10,-5,-10,-1,-12,-5,-10,-5,-11,-7,-9,-7,0,0,0,0,0,0,0,0,0,0,0,0,0,0,0,0,0,0,0,0,0,0,19,-36,26,-35,30,-35,34,-31,39,-32,44,-30,46,-29,52,-27,53,-26,56,-24,62,-20,64,-17,68,-13,68,-13,70,-8,75,-6,76,-6,81,2,80,4,81,7,84,15,86,14,87,27,84,25,80,31,81,35,74,35,79,39,74,43,70,40,69,46,67,43,66,45,65,43,61,45,60,45,55,45,58,45,58,46,56,45,49,43,53,46,47,42,52,45,48,41,41,42,43,43,43,41,38,42,40,42,38,40,38,39,32,41,37,39,33,40,32,37,34,37,0,0]"
CSI_DATA,44,1a:00:00:00:00:00,-55,11,1,0,1,1,1,0,0,0,1,-96,0,11,2,813926,0,44,0,384,0,"[0,0,0,0,0,0,0,0,0,0,0,0,4,3,4,3,4,3,4,3,3,3,3,3,3,2,2,2,2,2,2,2,1,2,1,1,2,1,1,1,1,1,1,0,1,0,1,0,1,0,1,0,1,-1,1,-1,1,-2,1,-1,1,-1,1,-2,0,0,1,-2,1,-1,1,-2,1,-2,1,-1,1,-1,1,-1,1,-1,1,-2,1,-2,1,-2,1,-1,1,-1,1,-1,1,-2,1,-2,0,-1,1,-2,0,-2,1,-2,1,-2,0,-2,1,-2,0,-2,1,-2,1,-2,0,0,0,0,0,0,0,0,0,0,0,0,0,0,15,16,13,13,12,15,10,15,9,14,9,13,8,13,7,11,7,11,5,11,6,11,4,8,5,8,4,8,4,8,3,7,3,5,3,5,2,2,2,4,4,1,3,2,1,0,4,0,3,0,3,-1,4,-2,3,-1,4,-3,3,-2,4,-2,5,-3,4,-3,6,-1,4,-3,4,-1,4,-1,4,-1,5,-1,4,-2,4,-1,2,-2,4,-2,3,-3,3,-2,1,-3,5,-1,5,-2,4,0,2,-3,3,-4,4,-3,5,-1,6,-2,5,-3,6,-1,5,-3,0,0,0,0,0,0,0,0,0,0,0,0,0,0,0,0,0,0,0,0,0,0,20,-5,21,-5,22,-1,24,1,25,1,24,4,27,8,26,8,26,13,28,14,29,15,28,18,27,21,27,23,26,26,25,28,25,30,24,31,21,34,17,37,15,38,14,40,12,41,9,44,6,43,6,41,3,43,0,43,-4,42,-4,42,-5,40,-8,41,-9,40,-11,37,-12,38,-11,36,-13,33,-14,35,-12,34,-14,32,-14,31,-16,31,-17,30,-16,31,-16,27,-18,29,-18,25,-17,23,-16,22,-19,23,-18,24,-17,20,-19,20,-18,18,-16,19,-16,18,-17,16,0,0]"
CSI_DATA,45,1a:00:00:00:00:00,-54,11,1,0,1,1,1,0,0,0,1,-96,0,11,2,843925,0,44,0,384,0,"[0,0,0,0,0,0,0,0,0,0,0,0,-6,1,-6,1,-6,0,-5,0,-5,0,-5,0,-5,0,-5,0,-4,0,-4,0,-4,0,-3,0,-3,0,-3,0,-2,0,-2,1,-2,1,-2,1,-2,0,-1,1,-2,1,-2,1,-2,1,-1,1,-1,1,-2,1,0,0,-2,1,-1,1,-1,2,-2,2,-1,1,-1,2,-1,1,-1,1,-2,1,-2,1,-2,1,-1,1,-1,1,-1,1,-2,1,-1,1,-1,1,-1,1,-1,1,-1,1,-1,1,-1,1,-1,2,-1,1,-2,1,-2,1,0,0,0,0,0,0,0,0,0,0,0,0,0,0,-24,3,-22,2,-17,1,-20,1,-18,0,-16,1,-16,-1,-17,0,-15,-1,-13,0,-13,0,-12,0,-10,1,-11,0,-9,1,-7,2,-9,-1,-5,-1,-8,1,-7,2,-7,0,-6,2,-5,3,-6,2,-5,3,-4,3,-6,4,-6,3,-5,2,-4,5,-5,5,-5,4,-6,5,-5,3,-7,4,-7,2,-6,3,-6,3,-5,4,-6,4,-6,3,-5,3,-4,3,-3,2,-2,-1,-3,3,-4,2,-4,4,-5,6,-4,5,-4,5,-4,3,-6,3,-5,4,-4,4,-5,2,-4,2,0,0,0,0,0,0,0,0,0,0,0,0,0,0,0,0,0,0,0,0,0,0,2,21,-1,20,-3,23,-6,23,-10,24,-10,25,-13,24,-15,24,-16,24,-21,24,-24,24,-27,22,-29,21,-30,20,-33,19,-36,14,-35,14,-39,10,-41,11,-41,7,-43,5,-45,-2,-46,-3,-45,-5,-45,-9,-43,-11,-42,-14,-41,-15,-41,-19,-39,-20,-36,-21,-35,-24,-34,-23,-34,-24,-31,-26,-31,-27,-28,-28,-27,-27,-25,-27,-23,-26,-20,-29,-23,-30,-21,-28,-21,-29,-15,-28,-17,-29,-17,-26,-13,-27,-13,-27,-13,-28,-11,-28,-10,-25,-9,-24,-8,-26,-7,-26,-9,-21,-5,-25,0,0]"
CSI_DATA,46,1a:00:00:00:00:00,-54,11,1,0,1,1,1,0,0,0,1,-96,0,11,2,853844,0,44,0,384,0,"[0,0,0,0,0,0,0,0,0,0,0,0,-6,2,-6,2,-6,1,-6,1,-5,0,-5,1,-4,1,-4,1,-4,0,-4,0,-3,0,-3,1,-3,0,-2,0,-2,0,-2,1,-2,1,-2,1,-1,1,-1,1,-1,1,-1,1,-2,1,-1,1,-1,1,-2,2,0,0,-2,2,-1,2,-1,2,-2,2,-1,1,-1,2,-1,1,-1,1,-2,2,-2,1,-1,1,-1,1,-1,1,-1,1,-1,1,-1,1,-1,2,-1,1,-1,1,-1,1,-1,1,-1,1,-1,2,-1,2,-2,1,-2,1,0,0,0,0,0,0,0,0,0,0,0,0,0,0,-18,6,-19,5,-19,5,-17,5,-16,7,-16,4,-15,4,-15,4,-13,2,-13,3,-13,3,-10,2,-10,3,-7,2,-7,1,-5,4,-7,3,-9,4,-7,4,-3,4,-4,3,-3,3,-3,3,-2,4,-5,3,-4,7,-4,6,-2,6,-2,7,-4,7,-2,6,-3,6,-2,5,-3,5,0,6,-3,6,-3,5,-4,3,-2,5,-2,8,-2,5,-1,5,-1,4,0,4,-1,4,-2,6,-3,6,0,4,-1,5,0,3,-1,3,0,4,0,4,-1,4,1,5,-2,7,-3,5,0,0,0,0,0,0,0,0,0,0,0,0,0,0,0,0,0,0,0,0,0,0,-7,21,-9,20,-12,21,-15,22,-14,19,-20,18,-19,20,-22,19,-24,18,-26,16,-29,16,-30,14,-34,13,-34,11,-36,9,-37,7,-40,6,-40,4,-42,1,-41,0,-42,-2,-43,-8,-41,-11,-43,-12,-41,-17,-41,-18,-41,-22,-39,-20,-36,-23,-38,-24,-33,-24,-36,-28,-32,-25,-32,-26,-30,-25,-30,-27,-26,-25,-26,-26,-22,-28,-22,-30,-25,-28,-22,-26,-20,-26,-20,-28,-19,-28,-20,-24,-18,-25,-17,-25,-17,-24,-14,-26,-14,-26,-11,-26,-12,-26,-12,-21,-11,-25,-11,-23,-8,-23,0,0]"
CSI_DATA,47,1a:00:00:00:00:00,-54,11,1,0,1,1,1,0,0,0,1,-96,0,11,2,863858,0,44,0,384,0,"[0,0,0,0,0,0,0,0,0,0,0,0,5,-2,5,-2,5,-2,4,-1,4,-1,4,-1,3,-2,3,-1,3,-1,2,-1,2,-1,2,-1,2,-1,1,-1,1,-1,1,-2,1,-2,1,-2,1,-2,0,-1,0,-2,1,-2,1,-2,0,-2,1,-3,1,-3,0,0,1,-3,1,-2,1,-2,1,-3,0,-2,1,-2,1,-2,0,-2,1,-2,1,-2,1,-2,0,-2,0,-2,0,-2,1,-2,1,-2,0,-2,1,-2,1,-2,1,-2,1,-2,0,-2,1,-2,1,-2,1,-2,1,-2,0,0,0,0,0,0,0,0,0,0,0,0,0,0,18,-5,18,-4,18,-1,15,0,17,-3,15,-1,14,0,15,0,13,-2,9,-1,9,-1,8,-1,7,-1,7,0,5,-1,7,-2,8,-1,5,-3,4,-3,4,-2,6,-4,5,-3,4,-4,4,-4,3,-5,3,-7,3,-4,4,-4,4,-7,2,-7,2,-8,1,-8,2,-5,4,-6,1,-6,6,-6,3,-4,4,-5,1,-3,6,-6,4,-4,3,-6,4,-3,3,-5,4,-3,1,-4,1,-5,3,-4,2,-4,3,-6,2,-6,4,-6,2,-6,2,-6,5,-4,6,-5,5,-5,0,0,0,0,0,0,0,0,0,0,0,0,0,0,0,0,0,0,0,0,0,0,0,-23,2,-24,5,-24,9,-24,9,-24,11,-23,13,-24,17,-24,21,-24,19,-24,25,-24,29,-21,29,-23,31,-18,33,-18,36,-14,38,-12,39,-11,38,-7,42,-3,42,-4,43,0,43,2,43,6,43,10,41,12,40,15,40,15,40,18,38,19,36,21,34,22,32,25,30,26,28,24,29,26,25,25,24,27,24,28,23,27,22,28,20,26,18,27,21,28,18,26,18,27,18,27,14,25,12,28,11,28,10,24,9,25,8,26,8,23,9,23,6,24,7,24,0,0]"
CSI_DATA,48,1a:00:00:00:00:00,-55,11,1,0,1,1,1,0,0,0,1,-96,0,11,2,874031,0,44,0,384,0,"[0,0,0,0,0,0,0,0,0,0,0,0,-2,6,-2,5,-2,5,-2,4,-2,4,-2,4,-2,3,-1,3,-2,3,-1,2,-1,2,-1,2,-1,2,0,2,0,2,-1,2,0,1,0,1,0,1,1,1,1,1,1,2,0,1,1,2,1,1,0,1,0,0,0,1,1,2,1,2,0,1,1,2,1,2,0,2,0,2,0,1,0,1,0,1,0,2,0,2,0,1,0,1,0,1,0,1,0,1,1,1,0,1,1,1,0,2,0,2,0,1,0,2,0,2,0,0,0,0,0,0,0,0,0,0,0,0,0,0,-4,18,-3,19,-3,20,-5,18,-5,14,-5,15,-5,14,-6,11,-5,9,-4,11,-4,9,-5,10,-4,8,-3,9,-3,7,-1,7,-3,4,-1,5,0,3,-1,7,-1,6,1,4,1,5,1,4,2,3,2,5,1,7,2,6,1,5,4,6,2,6,2,7,3,6,3,4,3,6,2,6,2,4,0,5,2,5,0,6,2,5,-1,5,1,5,2,4,2,4,2,4,2,4,3,5,1,3,2,5,1,6,-3,3,2,4,1,5,2,6,0,5,1,5,0,0,0,0,0,0,0,0,0,0,0,0,0,0,0,0,0,0,0,0,0,0,21,-3,21,-1,24,1,24,4,25,7,24,10,24,14,24,16,24,18,23,23,22,26,21,25,21,30,19,33,16,35,13,34,12,37,6,40,4,40,2,41,-2,41,-3,44,-8,43,-11,43,-14,40,-14,41,-17,40,-21,37,-23,38,-25,35,-27,31,-29,31,-28,31,-29,27,-28,26,-30,24,-31,22,-31,21,-31,18,-32,18,-34,16,-33,16,-31,13,-32,13,-30,11,-32,9,-30,7,-31,8,-30,7,-29,2,-29,3,-27,1,-26,1,-27,2,-26,1,-24,-3,-22,0,0,0]"
CSI_DATA,49,1a:00:00:00:00:00,-54,11,1,0,1,1,1,0,0,0,1,-96,0,11,2,884830,0,44,0,384,0,"[0,0,0,0,0,0,0,0,0,0,0,0,3,-5,3,-4,3,-4,2,-3,3,-3,3,-3,2,-3,2,-3,2,-3,1,-2,1,-3,2,-2,0,-2,1,-2,0,-2,0,-2,0,-2,0,-2,0,-2,-1,-2,-1,-3,-1,-2,0,-2,-1,-2,-1,-3,0,-2,0,0,-1,-3,-1,-3,-1,-3,0,-3,-1,-3,-1,-3,-1,-3,0,-3,0,-2,0,-2,0,-2,0,-2,0,-2,-1,-2,0,-2,-1,-2,-1,-2,-1,-2,-1,-2,-1,-2,-1,-2,0,-2,-1,-2,0,-3,0,-3,0,-2,0,0,0,0,0,0,0,0,0,0,0,0,0,0,29,-28,25,-27,24,-27,24,-24,28,-23,22,-20,22,-18,24,-21,22,-16,16,-14,17,-14,16,-13,14,-11,11,-8,6,-11,10,-8,12,-8,5,-7,6,-8,2,-13,6,-10,-1,-11,2,-11,3,-9,3,-11,2,-12,1,-16,3,-11,-1,-12,0,-15,2,-14,2,-13,-2,-12,2,-16,5,-14,1,-9,3,-12,0,-10,8,-13,4,-13,2,-11,0,-10,5,-11,2,-11,2,-10,1,-10,5,-6,0,-6,2,-12,1,-13,-2,-11,4,-11,0,-12,0,-13,2,-13,5,-13,5,-15,0,0,0,0,0,0,0,0,0,0,0,0,0,0,0,0,0,0,0,0,0,0,-36,-29,-31,-34,-31,-36,-27,-39,-25,-43,-21,-50,-19,-51,-12,-58,-9,-60,-5,-61,-1,-66,3,-69,7,-71,13,-74,21,-70,24,-73,34,-70,41,-69,43,-69,51,-64,53,-62,64,-61,65,-57,66,-53,74,-46,70,-46,78,-39,78,-33,83,-30,81,-23,80,-18,78,-15,83,-6,77,-3,81,-5,75,3,71,4,73,0,71,3,70,6,68,11,66,14,66,14,61,16,62,20,62,24,51,21,57,21,50,25,51,25,50,22,48,25,43,25,46,25,44,21,38,27,36,31,0,0]"
CSI_DATA,50,1a:00:00:00:00:00,-55,11,1,0,1,1,1,0,0,0,1,-96,0,11,2,893875,0,44,0,384,0,"[0,0,0,0,0,0,0,0,0,0,0,0,-5,3,-5,3,-5,2,-4,1,-4,2,-4,2,-4,1,-4,2,-3,1,-3,1,-3,1,-3,1,-2,1,-2,1,-2,1,-2,1,-2,1,-2,1,-1,1,-1,1,-1,1,-1,1,-1,2,-1,2,0,1,-1,2,0,0,-1,2,0,2,-1,2,-1,2,-1,2,-1,2,-1,2,-1,2,-1,1,-1,1,-1,1,-1,1,-1,1,-1,1,-1,1,-1,1,0,1,-1,1,0,1,0,1,-1,1,-1,1,-1,2,-1,2,-1,1,-1,1,0,0,0,0,0,0,0,0,0,0,0,0,0,0,-29,23,-34,21,-33,20,-29,23,-31,19,-27,13,-29,15,-26,10,-24,10,-22,11,-21,7,-18,12,-18,3,-18,6,-14,8,-13,9,-13,9,-10,9,-9,6,-9,9,-10,7,-6,9,-4,7,-6,10,-1,8,-2,10,-3,16,-5,10,-1,10,1,16,-4,13,-4,11,-8,9,-6,11,-2,13,-3,11,-5,11,-3,10,-5,11,-6,8,-5,5,-7,9,-2,7,-2,6,-3,4,-5,8,-5,11,-2,10,-4,9,-8,12,-1,10,-3,10,-4,8,-3,13,-4,10,-7,9,-8,10,0,0,0,0,0,0,0,0,0,0,0,0,0,0,0,0,0,0,0,0,0,0,23,34,21,38,16,41,16,47,10,50,7,53,3,58,-3,57,-7,60,-11,62,-17,65,-22,66,-26,65,-32,66,-36,61,-45,64,-52,65,-59,58,-58,53,-71,50,-72,46,-78,42,-82,38,-82,33,-86,28,-84,22,-86,16,-88,11,-89,8,-85,2,-84,-3,-86,-4,-87,-13,-80,-15,-79,-19,-74,-16,-73,-21,-77,-25,-68,-23,-69,-22,-66,-29,-66,-26,-60,-28,-63,-34,-57,-33,-55,-30,-55,-34,-51,-34,-49,-32,-46,-39,-44,-39,-44,-35,-40,-36,-41,-39,-36,-38,-33,-37,-25,-34,0,0]"
CSI_DATA,51,1a:00:00:00:00:00,-54,11,1,0,1,1,1,0,0,0,1,-96,0,11,2,903851,0,44,0,384,0,"[0,0,0,0,0,0,0,0,0,0,0,0,-1,-7,-1,-6,-1,-6,-1,-6,-1,-5,-1,-5,-1,-5,0,-4,-1,-4,-1,-4,-1,-4,-1,-3,-1,-4,-2,-3,-1,-3,-2,-2,-2,-2,-1,-2,-2,-2,-2,-2,-2,-2,-3,-2,-2,-2,-3,-2,-3,-2,-2,-2,0,0,-3,-1,-2,-3,-2,-3,-2,-2,-2,-3,-2,-2,-2,-3,-2,-3,-2,-2,-2,-2,-2,-2,-1,-2,-1,-2,-1,-2,-2,-2,-2,-1,-2,-2,-2,-1,-2,-1,-2,-2,-2,-2,-2,-2,-2,-2,-2,-2,-2,-2,-2,-2,0,0,0,0,0,0,0,0,0,0,0,0,0,0,-10,-18,-8,-17,-7,-18,-8,-17,-5,-17,-6,-16,-3,-14,-5,-14,-3,-14,-4,-15,-4,-12,-4,-12,-4,-10,-2,-9,-3,-8,-2,-8,-5,-6,-5,-5,-4,-5,-4,-6,-4,-7,-4,-4,-7,-5,-5,-4,-6,-3,-6,-1,-5,-4,-8,-1,-8,-4,-9,-5,-7,-4,-7,-4,-7,-3,-6,-2,-8,-4,-7,-3,-6,-5,-6,-5,-7,-5,-4,-5,-5,-4,-5,-3,-5,-4,-7,-3,-5,-4,-4,-3,-4,-4,-3,-2,-5,-3,-4,-2,-6,-3,-6,-3,-5,-1,-3,-4,-3,-4,-3,-4,-4,-8,0,0,0,0,0,0,0,0,0,0,0,0,0,0,0,0,0,0,0,0,0,0,-16,12,-19,10,-21,8,-27,5,-24,6,-26,3,-27,0,-29,-1,-31,-6,-30,-6,-32,-9,-32,-13,-34,-16,-33,-18,-31,-22,-29,-24,-30,-27,-28,-30,-28,-32,-25,-35,-24,-35,-20,-39,-18,-39,-15,-42,-12,-43,-10,-43,-8,-44,-4,-46,0,-44,1,-45,4,-41,8,-41,10,-41,8,-40,10,-38,12,-37,11,-36,14,-35,15,-32,16,-36,18,-33,17,-28,18,-30,18,-28,19,-26,20,-27,21,-25,20,-23,21,-23,20,-19,19,-18,22,-20,22,-17,20,-15,17,-15,18,-15,17,-14,0,0]"
CSI_DATA,52,1a:00:00:00:00:00,-54,11,1,0,1,1,1,0,0,0,1,-96,0,11,2,913900,0,44,0,384,0,"[0,0,0,0,0,0,0,0,0,0,0,0,-5,3,-5,3,-5,2,-4,2,-5,2,-4,1,-4,2,-4,1,-4,1,-3,1,-3,1,-3,1,-3,1,-2,1,-2,1,-2,1,-2,1,-2,1,-1,1,-1,1,-1,1,-1,1,-2,2,-1,2,-1,2,-2,2,0,0,-2,2,-2,2,-1,2,-2,1,-2,2,-2,1,-2,1,-2,1,-2,1,-2,1,-2,0,-2,1,-1,1,-2,1,-2,0,-1,1,-1,1,-1,1,-1,0,-1,1,-1,1,-2,1,-2,1,-2,1,-2,1,-2,1,0,0,0,0,0,0,0,0,0,0,0,0,0,0,-28,31,-30,27,-29,24,-27,25,-28,20,-25,21,-24,19,-25,14,-27,14,-19,15,-18,14,-22,14,-18,12,-20,9,-15,9,-12,9,-16,6,-17,11,-11,7,-11,13,-7,11,-7,10,-5,11,-2,12,-6,12,-4,9,-4,19,-7,13,-3,12,-6,15,-6,16,-7,10,-5,13,-11,13,-4,16,-10,9,-4,13,-7,12,-7,12,-5,11,-7,11,-8,13,-5,9,-8,4,-4,5,-9,8,-7,9,-11,7,-8,10,-5,9,-6,9,-6,4,-4,7,-4,10,-7,10,-10,6,-12,6,0,0,0,0,0,0,0,0,0,0,0,0,0,0,0,0,0,0,0,0,0,0,39,20,35,26,35,28,33,34,34,41,28,40,27,45,19,51,19,54,13,60,9,65,3,68,-6,70,-5,74,-13,77,-20,75,-20,74,-32,77,-31,72,-39,76,-51,69,-56,66,-60,65,-66,58,-73,50,-73,49,-78,43,-81,38,-85,34,-77,28,-80,25,-80,18,-78,13,-78,11,-80,6,-81,6,-77,-4,-73,-1,-74,-8,-71,-7,-73,-15,-68,-12,-65,-13,-71,-18,-56,-16,-65,-21,-58,-24,-55,-22,-52,-21,-48,-28,-50,-21,-45,-26,-47,-26,-43,-23,-38,-29,-39,-31,-38,-33,0,0]"
CSI_DATA,53,1a:00:00:00:00:00,-54,11,1,0,1,1,1,0,0,0,1,-96,0,11,2,934598,0,44,0,384,0,"[0,0,0,0,0,0,0,0,0,0,0,0,4,-5,3,-4,3,-4,3,-4,2,-3,3,-3,3,-4,2,-3,2,-3,2,-2,2,-3,2,-3,1,-3,1,-2,1,-2,1,-3,1,-3,1,-3,0,-3,0,-3,0,-3,0,-3,0,-3,0,-3,0,-3,1,-3,0,0,1,-3,1,-3,0,-3,1,-3,1,-3,1,-3,1,-3,1,-3,1,-2,1,-2,1,-2,1,-2,1,-2,1,-2,1,-1,1,-2,0,-2,0,-2,0,-2,0,-2,0,-2,0,-2,0,-2,1,-2,0,-3,1,-2,0,0,0,0,0,0,0,0,0,0,0,0,0,0,23,-28,27,-25,24,-30,26,-25,24,-20,19,-28,20,-20,18,-22,19,-18,15,-19,16,-18,17,-16,13,-19,14,-16,10,-16,8,-16,16,-11,12,-7,11,-15,9,-13,4,-16,3,-18,3,-17,9,-15,3,-14,6,-17,4,-18,5,-15,6,-16,10,-17,8,-13,7,-18,4,-13,5,-18,6,-17,7,-12,11,-15,8,-14,10,-9,7,-13,8,-11,13,-15,9,-8,5,-9,5,-9,7,-9,6,-7,4,-5,2,-7,6,-8,8,-10,8,-10,2,-13,6,-9,2,-11,11,-7,13,-9,0,0,0,0,0,0,0,0,0,0,0,0,0,0,0,0,0,0,0,0,0,0,-39,-15,-43,-22,-39,-26,-39,-32,-38,-37,-37,-43,-34,-45,-31,-54,-25,-59,-23,-56,-16,-66,-11,-69,-6,-73,-3,-77,1,-74,6,-75,17,-82,22,-78,33,-80,34,-75,40,-76,48,-75,55,-67,60,-67,70,-59,68,-57,72,-51,79,-52,78,-40,82,-39,78,-31,86,-26,83,-27,83,-19,81,-10,79,-12,78,-2,77,-5,74,3,74,1,73,7,70,7,71,9,64,15,65,17,67,13,59,18,59,16,56,20,51,23,50,25,50,25,47,26,39,25,41,22,38,28,36,31,0,0]"
CSI_DATA,54,1a:00:00:00:00:00,-53,11,1,0,1,1,1,0,0,0,1,-96,0,11,2,944048,0,44,0,384,0,"[0,0,0,0,0,0,0,0,0,0,0,0,-6,-1,-6,-1,-6,-1,-5,-2,-5,-2,-5,-1,-5,-1,-4,-1,-4,-1,-4,-1,-4,-1,-3,-1,-4,-1,-3,-1,-3,-1,-4,0,-3,0,-3,0,-3,0,-3,0,-3,0,-3,0,-4,1,-3,0,-3,0,-4,1,0,0,-4,0,-3,0,-3,0,-4,0,-3,0,-3,0,-3,0,-3,-1,-4,-1,-3,-1,-3,-1,-3,-1,-2,-1,-2,-1,-2,-1,-2,-1,-2,0,-2,-1,-3,-1,-2,-1,-2,-1,-2,0,-2,0,-2,-1,-3,-1,-2,-1,0,0,0,0,0,0,0,0,0,0,0,0,0,0,-22,-1,-20,2,-18,2,-17,2,-17,0,-14,-1,-16,-1,-13,-1,-15,-1,-13,-1,-10,-1,-10,0,-9,0,-11,-1,-8,0,-9,2,-8,2,-8,1,-7,3,-7,5,-6,3,-7,3,-7,2,-6,4,-8,3,-8,4,-9,5,-9,4,-9,3,-8,4,-8,5,-8,3,-10,5,-10,4,-9,3,-9,2,-8,1,-10,2,-8,1,-8,1,-8,1,-7,1,-6,-1,-7,-1,-5,-1,-7,-1,-5,1,-6,0,-5,2,-5,2,-5,-1,-7,0,-5,1,-6,2,-6,1,-6,0,-6,0,0,0,0,0,0,0,0,0,0,0,0,0,0,0,0,0,0,0,0,0,0,0,4,20,2,20,0,23,-1,22,-5,24,-7,23,-7,25,-12,24,-14,25,-18,26,-21,24,-24,25,-25,23,-29,24,-31,20,-35,22,-35,19,-38,15,-40,14,-40,11,-39,6,-45,3,-45,-2,-46,-3,-45,-7,-47,-9,-41,-13,-41,-14,-42,-16,-41,-18,-39,-19,-36,-21,-34,-26,-33,-24,-33,-25,-29,-27,-29,-25,-27,-26,-26,-28,-24,-28,-20,-27,-22,-28,-18,-30,-19,-31,-17,-28,-16,-30,-12,-28,-11,-28,-12,-27,-10,-28,-9,-26,-10,-25,-7,-25,-5,-26,-7,-24,-6,-24,-4,-23,0,0]"
CSI_DATA,55,1a:00:00:00:00:00,-54,11,1,0,1,1,1,0,0,0,1,-96,0,11,2,954928,0,44,0,384,0,"[0,0,0,0,0,0,0,0,0,0,0,0,-6,0,-6,0,-6,-1,-5,-1,-5,-1,-5,0,-4,0,-5,0,-4,0,-4,0,-3,0,-3,0,-3,0,-3,0,-3,0,-3,1,-3,1,-3,1,-3,1,-2,1,-3,1,-3,1,-3,2,-3,1,-3,1,-4,2,0,0,-4,1,-3,1,-3,1,-4,1,-3,0,-3,1,-3,0,-3,0,-4,0,-3,0,-4,0,-3,0,-3,0,-3,0,-3,0,-2,-1,-2,0,-2,0,-2,0,-2,0,-2,0,-2,0,-2,0,-2,0,-2,0,-3,-1,0,0,0,0,0,0,0,0,0,0,0,0,0,0,-19,6,-17,7,-16,4,-15,4,-16,2,-13,1,-15,5,-14,4,-13,2,-10,4,-9,4,-10,2,-9,1,-10,4,-7,3,-8,2,-8,3,-6,3,-7,3,-6,3,-5,5,-4,5,-6,5,-6,7,-5,6,-8,6,-5,6,-7,6,-8,7,-6,9,-5,7,-5,9,-7,6,-7,4,-8,8,-8,3,-9,3,-9,5,-9,3,-7,3,-7,3,-8,1,-6,1,-4,2,-6,1,-6,3,-6,2,-4,1,-5,1,-6,3,-6,2,-3,4,-5,2,-6,2,-7,-1,-6,2,-6,2,0,0,0,0,0,0,0,0,0,0,0,0,0,0,0,0,0,0,0,0,0,0,14,14,11,16,13,18,11,21,8,23,5,24,7,24,4,29,2,28,-2,31,-3,31,-6,30,-11,34,-14,35,-13,32,-19,32,-22,32,-26,33,-28,27,-30,27,-36,25,-35,24,-40,20,-42,17,-44,14,-43,12,-43,8,-43,6,-45,3,-45,2,-44,-3,-42,-4,-41,-6,-41,-7,-39,-12,-38,-11,-37,-13,-36,-13,-32,-18,-34,-15,-32,-17,-31,-18,-28,-20,-29,-20,-25,-19,-21,-19,-22,-19,-23,-20,-22,-22,-21,-20,-20,-22,-17,-22,-16,-21,-13,-24,-11,-20,-12,-21,-13,-22,0,0]"
CSI_DATA,56,1a:00:00:00:00:00,-54,11,1,0,1,1,1,0,0,0,1,-96,0,11,2,966332,0,44,0,384,0,"[0,0,0,0,0,0,0,0,0,0,0,0,2,5,2,4,3,4,2,4,2,4,1,3,1,3,1,2,1,2,2,2,1,2,1,2,2,2,2,2,2,2,1,1,2,1,1,1,2,1,2,2,2,1,2,1,2,1,2,1,2,2,2,1,0,0,2,1,2,2,2,2,2,2,2,2,2,3,2,2,1,2,1,2,1,2,1,2,0,2,0,2,0,1,0,1,1,2,0,1,1,1,1,1,1,1,1,1,0,1,0,1,0,2,0,2,0,1,0,0,0,0,0,0,0,0,0,0,0,0,0,0,27,29,27,29,27,27,24,26,16,26,18,25,17,23,13,23,13,19,11,20,13,20,13,23,12,13,14,13,10,12,10,13,11,14,14,8,12,8,11,8,10,7,10,6,14,7,17,5,15,7,14,4,14,7,17,5,15,6,11,8,14,8,14,10,17,12,13,8,9,11,12,12,15,9,8,14,11,15,9,11,10,11,4,12,6,14,2,11,3,13,3,12,5,10,3,11,5,9,5,10,3,10,5,10,6,10,3,11,5,9,2,9,2,10,0,0,0,0,0,0,0,0,0,0,0,0,0,0,0,0,0,0,0,0,0,0,-1,-42,1,-42,9,-45,12,-42,16,-45,24,-49,31,-44,37,-48,38,-43,46,-40,51,-35,58,-34,62,-32,69,-26,68,-17,74,-17,80,-13,78,1,82,7,83,10,85,19,82,25,80,35,79,45,72,47,73,50,63,59,60,64,58,66,52,72,44,71,41,74,32,76,30,74,25,78,24,73,19,74,13,77,10,70,7,70,0,70,4,72,-2,71,-6,67,-13,64,-15,67,-18,62,-19,62,-17,56,-22,55,-26,51,-24,48,-25,48,-28,46,-30,44,-31,40,-34,37,0,0]"
CSI_DATA,57,1a:00:00:00:00:00,-54,11,1,0,1,1,1,0,0,0,1,-96,0,11,2,973862,0,44,0,384,0,"[0,0,0,0,0,0,0,0,0,0,0,0,4,-3,4,-3,4,-2,3,-2,3,-2,3,-2,3,-2,3,-2,3,-2,2,-2,2,-2,2,-2,2,-2,1,-2,1,-2,1,-2,1,-3,1,-3,0,-3,0,-3,1,-2,0,-3,1,-3,1,-3,1,-3,1,-3,0,0,2,-3,1,-3,1,-3,2,-3,1,-3,1,-3,2,-3,1,-2,2,-2,2,-2,1,-1,1,-2,1,-2,1,-2,1,-1,1,-1,1,-2,1,-1,1,-2,1,-1,1,-1,1,-2,1,-2,1,-2,1,-1,1,-1,0,0,0,0,0,0,0,0,0,0,0,0,0,0,34,-11,35,-13,33,-11,34,-12,33,-17,31,-9,27,-11,27,-4,23,-6,18,-11,19,-5,15,-8,20,-11,17,-7,13,-9,10,-11,12,-10,11,-12,13,-8,5,-12,6,-14,7,-15,8,-14,5,-14,3,-13,7,-13,7,-18,9,-13,7,-18,4,-19,7,-22,8,-20,12,-16,7,-15,10,-20,11,-15,8,-15,11,-18,12,-14,10,-15,11,-13,9,-16,11,-9,10,-10,8,-11,10,-10,6,-6,6,-9,7,-8,5,-9,3,-11,5,-12,4,-8,7,-11,7,-12,7,-9,7,-10,0,0,0,0,0,0,0,0,0,0,0,0,0,0,0,0,0,0,0,0,0,0,-1,-42,3,-44,10,-44,13,-45,20,-49,20,-47,26,-47,29,-43,36,-48,40,-45,45,-46,52,-43,57,-44,58,-37,62,-33,70,-30,70,-32,80,-26,77,-21,81,-14,82,-10,86,-7,88,-1,86,8,88,16,89,14,85,22,83,26,83,31,79,33,75,39,72,41,73,42,67,45,65,42,65,52,62,47,58,46,52,49,55,54,51,50,47,52,45,51,47,53,39,49,44,50,39,51,35,50,36,52,32,53,25,49,28,46,26,48,20,50,22,46,17,43,17,41,0,0]"
CSI_DATA,58,1a:00:00:00:00:00,-53,11,1,0,1,1,1,0,0,0,1,-96,0,11,2,989150,0,44,0,384,0,"[0,0,0,0,0,0,0,0,0,0,0,0,-6,-3,-5,-2,-6,-3,-5,-2,-5,-3,-4,-2,-4,-2,-4,-1,-4,-1,-4,-2,-3,-1,-3,-1,-3,-1,-3,-1,-3,-1,-3,0,-3,0,-3,1,-3,0,-3,1,-3,0,-3,0,-3,1,-3,1,-3,1,-3,1,0,0,-4,1,-4,0,-4,1,-4,1,-3,0,-4,0,-3,0,-3,0,-4,0,-4,0,-4,0,-3,0,-3,0,-3,0,-3,0,-3,0,-3,0,-3,0,-3,0,-3,0,-3,0,-3,0,-3,0,-3,0,-3,-1,-3,-1,0,0,0,0,0,0,0,0,0,0,0,0,0,0,-38,-17,-34,-19,-34,-13,-32,-21,-29,-18,-26,-14,-26,-15,-23,-14,-24,-13,-19,-11,-22,-14,-17,-5,-19,-9,-19,-10,-14,-8,-11,-1,-14,-8,-17,-4,-16,-2,-16,4,-11,3,-11,2,-15,3,-12,5,-16,2,-16,6,-19,7,-16,4,-22,5,-19,3,-21,6,-21,9,-19,5,-22,4,-19,5,-19,-2,-22,1,-24,0,-21,-3,-17,2,-16,2,-14,0,-17,-1,-16,-3,-16,-1,-18,-2,-16,0,-15,-2,-14,-3,-15,1,-12,1,-14,-1,-15,-2,-15,-3,-11,-4,-15,-3,-14,-3,0,0,0,0,0,0,0,0,0,0,0,0,0,0,0,0,0,0,0,0,0,0,-21,33,-23,34,-27,35,-39,31,-37,30,-42,24,-45,26,-50,22,-54,22,-57,14,-62,10,-66,3,-66,-2,-72,-4,-72,-8,-77,-16,-79,-17,-70,-25,-73,-31,-73,-34,-71,-42,-74,-44,-68,-55,-62,-57,-59,-63,-58,-63,-54,-69,-52,-73,-47,-75,-44,-76,-41,-75,-34,-81,-28,-77,-27,-76,-28,-79,-21,-72,-18,-73,-16,-74,-9,-76,-8,-75,-7,-73,-5,-73,-5,-75,0,-68,-2,-62,3,-60,7,-62,2,-60,6,-60,8,-56,13,-55,16,-54,12,-52,16,-48,14,-49,18,-49,15,-47,0,0]"
CSI_DATA,59,1a:00:00:00:00:00,-53,11,1,0,1,1,1,0,0,0,1,-96,0,11,2,993908,0,44,0,384,0,"[0,0,0,0,0,0,0,0,0,0,0,0,5,1,5,1,5,1,4,1,4,1,3,1,3,0,3,0,3,0,3,0,3,0,2,0,2,0,2,0,2,0,2,-1,2,-1,2,-1,2,-2,2,-1,2,-2,2,-2,2,-2,2,-2,2,-2,3,-3,0,0,3,-2,2,-2,2,-2,3,-2,3,-1,2,-2,3,-1,2,-1,3,-1,3,-1,3,-1,2,-1,2,-1,2,-1,2,-1,2,-1,2,-1,2,-1,2,-1,2,-1,2,0,2,-1,2,-1,2,-1,2,0,2,0,0,0,0,0,0,0,0,0,0,0,0,0,0,0,41,9,36,8,35,13,34,13,30,10,32,10,27,10,26,10,24,10,20,8,22,7,19,7,19,7,19,3,16,3,13,0,18,-1,14,0,14,-2,10,-4,8,-7,13,-6,13,-6,15,-5,13,-8,14,-9,14,-9,18,-7,16,-8,15,-9,17,-8,14,-9,15,-5,21,-6,16,-10,19,-7,18,-5,22,-8,18,-2,19,-4,16,-4,16,-3,15,-2,16,-1,12,-4,17,-4,16,-1,15,-2,13,-5,13,-5,11,1,13,-3,11,0,15,0,14,0,13,3,16,2,0,0,0,0,0,0,0,0,0,0,0,0,0,0,0,0,0,0,0,0,0,0,9,-37,16,-40,21,-42,29,-41,33,-38,35,-36,41,-33,41,-34,50,-35,54,-27,59,-26,57,-25,67,-20,68,-16,71,-9,70,-2,77,-4,79,8,78,10,80,17,81,24,85,29,74,36,80,39,75,46,75,48,68,55,67,58,58,63,60,66,48,64,51,68,46,69,43,69,35,72,27,70,33,66,30,65,23,64,25,69,19,69,17,68,16,69,17,67,8,65,7,65,3,62,2,64,-1,60,2,55,0,55,2,59,-7,56,-6,52,-9,49,-9,48,-9,48,0,0]"
CSI_DATA,60,1a:00:00:00:00:00,-53,11,1,0,1,1,1,0,0,0,1,-96,0,11,2,1005396,0,44,0,384,0,"[0,0,0,0,0,0,0,0,0,0,0,0,4,4,3,3,4,3,3,3,3,3,2,2,2,2,2,2,2,2,3,2,2,1,2,1,2,1,2,1,2,1,2,0,2,0,2,0,2,0,2,0,2,0,3,0,2,-1,3,0,3,0,3,-1,0,0,3,-1,3,0,3,0,3,0,3,1,3,0,3,1,3,1,3,0,3,0,3,0,2,1,2,1,2,1,2,1,2,0,2,0,2,0,2,1,2,1,2,1,2,1,2,1,2,1,2,1,2,1,0,0,0,0,0,0,0,0,0,0,0,0,0,0,33,26,33,25,26,24,28,27,26,27,25,22,20,22,19,22,18,20,17,20,17,18,16,17,11,17,14,16,15,9,12,8,14,4,15,3,14,3,13,5,14,2,11,2,12,-2,15,1,17,-2,14,-7,16,0,16,-2,18,-2,19,-1,17,-2,18,-3,23,-3,22,1,20,1,18,1,17,4,19,2,17,4,17,3,14,6,15,9,14,5,13,8,16,3,13,3,14,0,14,5,13,5,11,6,14,3,13,4,16,7,15,8,15,8,10,9,11,8,0,0,0,0,0,0,0,0,0,0,0,0,0,0,0,0,0,0,0,0,0,0,28,-31,29,-27,39,-27,40,-26,44,-21,48,-18,52,-10,54,-11,61,-5,60,-1,64,0,66,6,72,11,71,16,69,24,70,31,70,35,72,38,64,43,60,56,61,59,61,62,50,67,49,70,46,76,41,78,32,81,31,84,28,84,22,82,19,83,11,83,6,78,4,81,0,80,0,79,-2,76,-5,75,-10,76,-7,74,-15,71,-12,69,-15,68,-19,69,-22,64,-22,61,-29,56,-19,59,-25,57,-24,53,-25,52,-25,50,-31,48,-28,45,-25,44,-31,44,-29,39,0,0]"
CSI_DATA,61,1a:00:00:00:00:00,-52,11,1,0,1,1,1,0,0,0,1,-96,0,11,2,1014008,0,44,0,384,0,"[0,0,0,0,0,0,0,0,0,0,0,0,-6,3,-5,2,-5,2,-5,2,-4,1,-4,2,-4,2,-4,2,-3,1,-3,1,-3,1,-3,2,-2,1,-2,1,-2,1,-2,2,-2,2,-1,2,-1,2,-1,2,-1,2,-1,2,-1,2,-1,2,-1,2,-2,3,0,0,-2,3,-1,3,-1,3,-2,3,-1,3,-2,3,-2,2,-2,3,-2,2,-2,2,-2,2,-1,2,-2,2,-1,2,-2,2,-2,2,-2,2,-2,1,-2,1,-2,1,-2,2,-2,2,-2,2,-2,2,-2,1,-3,1,0,0,0,0,0,0,0,0,0,0,0,0,0,0,-20,11,-18,9,-16,10,-14,10,-13,10,-14,9,-14,7,-13,7,-12,9,-10,6,-11,5,-9,7,-7,5,-8,5,-7,5,-7,7,-7,6,-4,6,-3,5,-4,6,-1,6,-1,6,-3,6,-4,7,0,8,0,8,1,8,-1,9,0,10,-2,8,-1,9,1,10,-1,10,0,10,-2,10,0,9,-3,9,-3,11,-3,8,-3,10,-3,9,-3,9,-2,8,-2,6,-2,6,-2,9,-3,7,-2,8,-3,8,-2,7,-3,7,-4,6,-4,8,-2,6,-2,7,-6,6,-4,7,0,0,0,0,0,0,0,0,0,0,0,0,0,0,0,0,0,0,0,0,0,0,3,20,0,21,-2,21,-3,23,-4,25,-7,25,-10,26,-12,26,-13,26,-17,25,-20,26,-22,26,-25,25,-27,24,-31,23,-34,23,-36,23,-35,17,-40,20,-40,13,-42,14,-45,8,-45,7,-47,4,-46,1,-45,-1,-46,-3,-46,-5,-43,-10,-44,-9,-39,-11,-41,-15,-42,-15,-37,-15,-39,-16,-36,-17,-35,-17,-34,-19,-33,-19,-34,-18,-32,-21,-32,-19,-29,-21,-30,-20,-27,-20,-25,-22,-25,-22,-25,-21,-23,-21,-20,-21,-20,-22,-21,-23,-20,-20,-18,-21,-19,-22,-16,-22,-17,-19,0,0]"
CSI_DATA,62,1a:00:00:00:00:00,-53,11,1,0,1,1,1,0,0,0,1,-96,0,11,2,1033915,0,44,0,384,0,"[0,0,0,0,0,0,0,0,0,0,0,0,3,-5,2,-5,2,-4,2,-4,2,-3,2,-4,2,-4,1,-3,1,-3,1,-2,1,-3,1,-3,0,-2,0,-2,0,-2,0,-3,0,-3,-1,-3,-1,-3,-1,-3,-1,-3,-1,-3,-1,-3,-1,-3,-1,-4,-1,-4,0,0,-1,-4,-1,-4,-1,-4,0,-4,-1,-4,0,-4,0,-4,0,-4,0,-3,0,-3,0,-3,0,-3,0,-3,0,-3,0,-2,0,-2,0,-3,0,-3,0,-3,0,-2,0,-3,0,-2,1,-3,1,-3,1,-2,1,-2,0,0,0,0,0,0,0,0,0,0,0,0,0,0,28,-31,24,-27,24,-29,27,-29,25,-23,23,-21,21,-15,19,-19,20,-14,17,-13,15,-16,13,-16,10,-18,15,-13,10,-12,10,-16,8,-11,6,-12,6,-13,2,-12,1,-14,-2,-16,-1,-12,-2,-16,2,-14,-1,-16,-4,-20,-3,-21,0,-17,0,-19,-1,-20,3,-25,3,-20,-2,-19,2,-24,2,-19,4,-18,5,-19,4,-17,8,-19,8,-17,5,-17,5,-16,4,-16,8,-14,9,-12,7,-14,3,-14,5,-11,3,-12,5,-12,6,-11,4,-14,6,-12,5,-14,5,-12,11,-12,0,0,0,0,0,0,0,0,0,0,0,0,0,0,0,0,0,0,0,0,0,0,-30,-32,-26,-33,-25,-39,-24,-41,-19,-50,-13,-49,-9,-53,-8,-55,-8,-60,1,-55,1,-63,10,-70,11,-68,19,-70,30,-72,34,-66,37,-67,41,-70,46,-64,56,-60,62,-53,64,-58,70,-50,68,-50,76,-42,78,-40,81,-34,83,-28,81,-25,84,-22,86,-19,84,-7,84,-6,80,-2,78,3,79,3,76,7,78,7,73,14,73,9,72,14,66,14,67,18,68,19,61,20,57,23,56,24,57,22,58,23,51,26,51,28,47,28,46,28,39,28,41,29,42,32,37,27,0,0]"
CSI_DATA,63,1a:00:00:00:00:00,-53,11,1,0,1,1,1,0,0,0,1,-96,0,11,2,1043946,0,44,0,384,0,"[0,0,0,0,0,0,0,0,0,0,0,0,-7,-1,-6,-1,-6,-1,-5,-1,-5,-1,-5,-1,-4,0,-4,0,-4,0,-4,0,-3,0,-3,0,-3,-1,-3,0,-2,0,-2,1,-3,1,-2,1,-2,1,-2,1,-2,1,-2,2,-2,2,-2,2,-2,2,-3,3,0,0,-3,2,-2,3,-2,2,-4,3,-3,2,-3,2,-3,2,-3,2,-3,1,-3,2,-3,1,-3,1,-3,1,-2,1,-3,1,-3,1,-2,1,-3,1,-3,1,-3,1,-3,1,-3,1,-3,1,-3,1,-3,0,-3,0,0,0,0,0,0,0,0,0,0,0,0,0,0,0,-43,11,-44,9,-40,10,-36,7,-31,8,-28,5,-31,3,-27,3,-26,6,-23,6,-18,7,-16,6,-17,4,-15,5,-11,5,-12,4,-9,10,-10,6,-10,11,-6,10,-6,12,-2,9,-3,11,-8,15,0,15,-7,17,-3,17,-4,16,-4,16,-7,19,-1,22,-2,24,-5,23,-7,16,-6,19,-8,18,-8,17,-9,19,-10,14,-6,16,-7,18,-7,18,-11,10,-6,12,-5,14,-6,14,-13,14,-5,14,-5,14,-7,17,-6,14,-10,18,-6,11,-3,15,-9,9,-8,9,-9,12,0,0,0,0,0,0,0,0,0,0,0,0,0,0,0,0,0,0,0,0,0,0,-19,35,-20,34,-29,38,-32,37,-35,31,-38,31,-39,32,-44,29,-49,27,-52,31,-58,25,-62,20,-70,22,-65,19,-72,14,-72,5,-77,5,-78,-1,-80,-5,-82,-7,-79,-14,-88,-19,-79,-21,-86,-27,-81,-36,-81,-38,-76,-43,-79,-47,-73,-51,-68,-50,-64,-53,-65,-58,-60,-61,-61,-58,-56,-60,-54,-59,-50,-59,-48,-57,-43,-57,-47,-53,-44,-61,-40,-55,-43,-58,-41,-61,-34,-57,-30,-52,-31,-57,-34,-55,-30,-53,-28,-52,-27,-55,-26,-49,-22,-49,-19,-49,-24,-52,-17,-50,-18,-50,0,0]"
CSI_DATA,64,1a:00:00:00:00:00,-52,11,1,0,1,1,1,0,0,0,1,-96,0,11,2,1066177,0,44,0,384,0,"[0,0,0,0,0,0,0,0,0,0,0,0,4,-5,4,-4,4,-4,4,-3,3,-3,3,-3,3,-3,3,-3,2,-3,2,-3,2,-3,1,-3,1,-2,0,-2,0,-2,0,-2,0,-2,0,-2,-1,-2,-1,-2,-2,-3,-2,-3,-1,-3,-2,-3,-2,-3,-1,-3,0,0,-1,-3,-2,-4,-2,-4,-1,-4,-2,-4,-1,-4,-1,-4,-1,-3,-1,-3,-1,-3,-1,-3,-1,-4,-1,-3,-1,-3,-1,-3,-1,-3,-1,-3,-1,-3,-1,-3,-1,-3,-1,-3,-1,-3,-1,-3,-1,-3,0,-3,0,-3,0,0,0,0,0,0,0,0,0,0,0,0,0,0,17,-11,16,-11,14,-12,15,-11,14,-8,13,-10,14,-8,15,-6,11,-6,10,-8,9,-6,8,-6,8,-5,6,-5,5,-6,5,-7,5,-4,4,-4,2,-5,1,-6,1,-6,1,-6,1,-4,-1,-8,1,-6,-1,-8,0,-8,-3,-7,-1,-8,-3,-9,-1,-10,0,-10,-1,-9,-1,-9,1,-10,0,-10,1,-10,0,-8,1,-9,0,-8,3,-9,1,-9,0,-8,1,-9,1,-7,0,-8,1,-6,1,-7,1,-7,2,-8,1,-7,1,-7,0,-8,0,-8,2,-7,4,-7,2,-7,0,0,0,0,0,0,0,0,0,0,0,0,0,0,0,0,0,0,0,0,0,0,-6,-20,-3,-21,-2,-23,2,-23,3,-24,5,-26,6,-26,11,-24,9,-27,13,-27,16,-27,17,-28,21,-29,23,-29,25,-26,28,-25,29,-26,32,-21,33,-21,37,-17,38,-16,41,-16,40,-14,43,-8,42,-6,44,-7,44,-2,44,1,41,3,41,4,39,4,40,6,38,9,38,10,38,12,35,13,33,12,35,14,32,14,34,15,31,15,32,16,32,17,29,16,27,17,27,15,25,17,24,18,25,19,24,19,23,20,19,17,22,18,20,19,19,19,18,20,17,18,0,0]"
CSI_DATA,65,1a:00:00:00:00:00,-52,11,1,0,1,1,1,0,0,0,1,-96,0,11,2,1086298,0,44,0,384,0,"[0,0,0,0,0,0,0,0,0,0,0,0,-5,4,-5,4,-4,3,-4,3,-4,3,-4,2,-4,2,-3,2,-3,2,-3,2,-3,2,-3,2,-2,2,-2,1,-1,1,-2,2,-1,1,-1,2,0,2,-1,2,0,2,0,2,-1,2,0,2,0,2,-1,2,0,0,-1,2,-1,3,0,3,-1,2,-1,3,-1,3,-1,3,-1,2,-2,2,-2,2,-2,2,-2,2,-1,2,-1,2,-1,1,-2,1,-2,2,-1,1,-1,1,-2,1,-2,1,-2,2,-2,2,-2,2,-2,1,-2,1,0,0,0,0,0,0,0,0,0,0,0,0,0,0,-20,34,-20,32,-22,32,-23,29,-18,28,-20,28,-19,22,-19,22,-20,21,-14,19,-18,18,-14,17,-11,18,-12,14,-8,13,-8,15,-7,10,-5,11,-3,10,0,12,0,14,2,14,1,9,4,11,3,14,5,12,9,13,4,11,8,15,6,15,3,18,6,16,5,13,3,16,-1,17,2,19,5,16,2,16,-4,16,1,21,0,16,0,16,-1,11,3,13,1,14,-3,13,1,11,0,15,-3,13,-3,16,0,10,-3,15,1,11,3,13,-3,15,-5,11,-5,13,0,0,0,0,0,0,0,0,0,0,0,0,0,0,0,0,0,0,0,0,0,0,28,30,26,37,21,40,22,42,20,46,14,48,9,49,7,57,5,59,1,56,-4,64,-7,68,-15,71,-19,72,-22,71,-32,70,-34,70,-41,70,-48,71,-53,66,-57,60,-64,61,-68,59,-70,54,-78,50,-73,43,-77,39,-83,37,-81,30,-84,30,-80,26,-85,19,-80,16,-75,11,-80,7,-77,7,-77,7,-78,3,-72,0,-74,0,-73,-4,-73,-4,-70,-9,-69,-7,-63,-10,-63,-3,-63,-12,-64,-10,-59,-14,-59,-15,-56,-14,-53,-14,-52,-19,-49,-19,-54,-20,-50,-19,-46,-19,0,0]"
CSI_DATA,66,1a:00:00:00:00:00,-52,11,1,0,1,1,1,0,0,0,1,-96,0,11,2,1093827,0,44,0,384,0,"[0,0,0,0,0,0,0,0,0,0,0,0,5,2,4,2,5,3,4,3,4,2,3,2,3,1,3,1,2,1,3,1,2,1,2,0,2,0,2,0,2,0,2,-1,2,-1,2,-1,2,-1,2,-1,2,-1,2,-1,2,-2,2,-1,2,-1,2,-2,0,0,2,-2,2,-1,2,-1,3,-2,2,-1,3,-1,2,-1,2,-1,3,-1,3,-1,3,-1,2,-1,2,-1,1,-1,2,-1,2,-1,2,-1,2,-1,2,-1,2,-1,2,-1,2,-1,2,-1,2,-1,2,-1,2,0,0,0,0,0,0,0,0,0,0,0,0,0,0,0,38,18,33,17,34,18,32,22,29,20,26,16,24,15,25,16,21,17,21,14,17,15,17,11,16,13,20,10,13,7,13,8,14,3,11,2,15,2,13,3,11,0,10,-2,13,-3,10,-4,12,-6,13,-6,14,-6,17,-8,15,-6,14,-8,15,-8,11,-8,18,-7,17,-10,17,-7,20,-4,18,-6,15,-3,19,-5,17,-1,14,-2,15,-2,17,-2,16,-3,15,-1,15,-4,10,-6,15,-2,11,-2,14,-3,14,-4,12,0,15,-4,12,1,16,-2,14,0,13,3,0,0,0,0,0,0,0,0,0,0,0,0,0,0,0,0,0,0,0,0,0,0,28,-30,33,-22,39,-21,44,-23,47,-16,46,-10,51,-11,55,-9,59,-9,59,-1,64,4,62,8,67,15,70,18,66,23,70,31,67,34,69,41,65,45,68,49,60,54,64,62,55,65,51,68,47,73,41,74,35,78,36,81,34,79,25,79,20,78,22,77,14,77,12,80,11,79,6,77,5,76,-3,74,-2,74,1,71,0,73,-4,70,-7,66,-7,69,-8,63,-10,59,-7,58,-13,59,-12,59,-15,57,-17,51,-15,51,-17,50,-20,47,-17,54,-18,50,-17,48,0,0]"
CSI_DATA,67,1a:00:00:00:00:00,-52,11,1,0,1,1,1,0,0,0,1,-96,0,11,2,1104638,0,44,0,384,0,"[0,0,0,0,0,0,0,0,0,0,0,0,-3,-6,-2,-6,-3,-6,-2,-6,-2,-5,-2,-5,-2,-4,-2,-4,-1,-4,-2,-4,-1,-3,-2,-3,-2,-3,-2,-3,-2,-3,-2,-2,-2,-2,-2,-2,-3,-2,-3,-2,-3,-2,-3,-2,-3,-1,-4,-2,-3,-2,-3,-1,0,0,-3,-1,-3,-2,-4,-2,-3,-2,-3,-2,-3,-2,-3,-3,-3,-3,-3,-2,-3,-2,-3,-2,-2,-3,-2,-3,-2,-2,-2,-2,-2,-2,-2,-2,-3,-2,-3,-2,-2,-2,-2,-2,-2,-2,-2,-3,-2,-3,-2,-3,-2,-3,0,0,0,0,0,0,0,0,0,0,0,0,0,0,-7,-22,-5,-20,-4,-19,-2,-18,-4,-19,-2,-19,-4,-15,-3,-14,-2,-14,-2,-12,-2,-12,-1,-10,-2,-10,-2,-10,-3,-11,-4,-8,-2,-9,-2,-8,-4,-6,-4,-5,-3,-5,-5,-6,-5,-4,-6,-5,-8,-3,-7,-5,-7,-5,-7,-4,-7,-7,-10,-6,-7,-7,-5,-7,-8,-8,-6,-6,-6,-6,-9,-8,-8,-8,-7,-8,-7,-7,-7,-7,-6,-7,-5,-7,-5,-8,-7,-8,-5,-6,-5,-6,-2,-5,-5,-9,-4,-5,-4,-7,-4,-7,-5,-6,-5,-6,-4,-6,-3,-7,-3,-7,-1,-8,0,0,0,0,0,0,0,0,0,0,0,0,0,0,0,0,0,0,0,0,0,0,-20,4,-23,3,-23,2,-24,-1,-26,-4,-27,-7,-27,-7,-27,-9,-28,-12,-27,-14,-28,-18,-27,-20,-28,-23,-25,-30,-23,-30,-22,-31,-23,-36,-19,-36,-17,-38,-14,-40,-12,-40,-10,-46,-5,-42,-3,-45,0,-45,2,-45,6,-44,9,-44,11,-41,14,-42,13,-41,17,-40,19,-39,19,-36,19,-35,22,-34,21,-30,22,-32,23,-29,24,-28,24,-28,22,-24,26,-25,23,-24,24,-22,24,-20,25,-20,25,-19,24,-18,24,-17,23,-13,25,-15,25,-15,22,-12,24,-13,24,-9,21,-9,0,0]"
CSI_DATA,68,1a:00:00:00:00:00,-52,11,1,0,1,1,1,0,0,0,1,-96,0,11,2,1114503,0,44,0,384,0,"[0,0,0,0,0,0,0,0,0,0,0,0,-6,2,-6,2,-6,1,-5,1,-5,1,-5,1,-4,1,-4,1,-4,1,-4,1,-3,1,-3,1,-3,1,-3,1,-2,1,-2,2,-2,2,-2,2,-1,2,-1,1,-1,2,-1,2,-1,2,-1,2,-1,2,-2,2,0,0,-2,3,-1,3,-1,2,-2,3,-1,3,-1,2,-2,3,-2,2,-2,2,-2,2,-2,2,-1,2,-2,2,-1,2,-2,1,-2,2,-2,2,-2,2,-2,1,-2,1,-2,2,-2,2,-2,2,-2,2,-2,1,-2,1,0,0,0,0,0,0,0,0,0,0,0,0,0,0,-23,2,-20,-1,-20,2,-20,-2,-20,0,-18,-2,-17,-2,-16,2,-15,-1,-12,0,-12,0,-11,0,-10,1,-10,-1,-9,1,-9,2,-8,1,-7,2,-7,3,-6,4,-6,4,-4,4,-6,3,-6,4,-4,5,-6,4,-6,7,-4,8,-5,4,-3,7,-6,6,-6,9,-6,7,-6,5,-5,7,-7,5,-7,7,-8,6,-7,6,-8,6,-8,5,-5,6,-8,3,-6,4,-7,5,-7,3,-6,4,-6,2,-8,2,-7,3,-6,3,-7,2,-7,3,-6,1,-7,2,-8,0,-7,0,0,0,0,0,0,0,0,0,0,0,0,0,0,0,0,0,0,0,0,0,0,0,-3,21,-5,22,-8,22,-11,24,-13,22,-15,22,-17,21,-18,22,-21,19,-24,19,-25,18,-28,17,-31,19,-33,14,-37,14,-36,8,-39,6,-38,6,-41,3,-41,-2,-41,-1,-45,-7,-43,-7,-43,-11,-43,-14,-44,-15,-40,-19,-41,-22,-35,-23,-37,-25,-32,-25,-33,-26,-29,-28,-29,-30,-29,-30,-27,-30,-25,-28,-22,-30,-22,-31,-23,-30,-20,-32,-18,-30,-19,-29,-17,-30,-16,-29,-12,-29,-13,-29,-14,-29,-12,-29,-11,-27,-11,-26,-9,-26,-9,-28,-6,-24,-9,-26,-7,-25,-5,-23,0,0]"
CSI_DATA,69,1a:00:00:00:00:00,-52,11,1,0,1,1,1,0,0,0,1,-96,0,11,2,1123871,0,44,0,384,0,"[0,0,0,0,0,0,0,0,0,0,0,0,-5,-4,-5,-4,-5,-4,-5,-4,-5,-4,-4,-3,-4,-3,-3,-3,-3,-2,-3,-2,-3,-2,-3,-2,-3,-2,-3,-2,-3,-2,-3,-1,-2,-1,-2,0,-3,-1,-3,-1,-3,-1,-3,-1,-3,0,-3,-1,-3,-1,-3,0,0,0,-4,0,-3,-1,-4,-1,-3,0,-4,-1,-4,-1,-3,-1,-3,-1,-4,-1,-4,-1,-3,-1,-3,-1,-3,-1,-3,-1,-3,-1,-3,-1,-2,-1,-3,-1,-3,-1,-3,-1,-3,-1,-3,-2,-2,-2,-2,-2,-2,-2,-3,-2,0,0,0,0,0,0,0,0,0,0,0,0,0,0,-33,-28,-32,-29,-30,-27,-27,-26,-27,-27,-25,-24,-22,-22,-22,-25,-18,-20,-15,-21,-18,-21,-11,-17,-16,-17,-14,-11,-11,-15,-13,-11,-12,-9,-13,-9,-13,-8,-12,-8,-11,-5,-12,-6,-12,-1,-14,1,-13,-2,-14,3,-15,-2,-17,-3,-17,0,-18,2,-19,0,-17,1,-20,1,-19,-2,-20,-3,-18,-4,-20,-3,-17,-4,-18,-4,-16,-4,-13,-4,-20,-5,-16,-7,-17,-7,-15,-6,-15,-6,-10,-4,-13,-7,-14,-4,-10,-3,-14,-6,-17,-4,-14,-9,-14,-8,-13,-8,-13,-6,-12,-11,0,0,0,0,0,0,0,0,0,0,0,0,0,0,0,0,0,0,0,0,0,0,-24,31,-34,27,-36,29,-41,25,-47,22,-48,20,-51,13,-56,12,-62,6,-61,5,-63,1,-69,-4,-72,-8,-73,-16,-73,-23,-67,-32,-75,-34,-68,-41,-68,-44,-63,-56,-61,-56,-63,-70,-56,-66,-53,-72,-47,-72,-45,-77,-40,-80,-34,-81,-28,-85,-23,-84,-19,-83,-15,-80,-8,-80,-4,-82,-5,-79,0,-81,2,-76,2,-77,4,-73,7,-75,9,-73,14,-67,16,-65,16,-68,20,-59,22,-65,26,-63,20,-56,26,-56,24,-56,23,-49,29,-52,26,-49,25,-46,29,-43,25,-41,27,-38,0,0]"
CSI_DATA,70,1a:00:00:00:00:00,-52,11,1,0,1,1,1,0,0,0,1,-96,0,11,2,1134778,0,44,0,384,0,"[0,0,0,0,0,0,0,0,0,0,0,0,-1,-7,0,-7,-1,-6,-1,-6,-1,-6,0,-5,-1,-5,0,-5,0,-5,-1,-4,0,-4,-1,-4,-1,-3,-2,-3,-2,-3,-1,-3,-1,-2,-2,-3,-2,-2,-2,-2,-2,-2,-3,-3,-2,-2,-3,-2,-3,-2,-3,-2,0,0,-3,-2,-3,-3,-3,-3,-3,-2,-3,-3,-3,-3,-3,-3,-3,-3,-2,-2,-2,-2,-2,-2,-2,-3,-2,-3,-2,-3,-2,-2,-2,-2,-2,-3,-2,-2,-2,-2,-2,-2,-2,-2,-2,-3,-2,-3,-2,-3,-2,-3,-1,-3,0,0,0,0,0,0,0,0,0,0,0,0,0,0,-4,-20,-4,-21,-5,-20,-2,-19,-2,-18,-3,-18,-2,-15,-2,-16,0,-12,-2,-15,-2,-13,-3,-12,-2,-11,-1,-10,-3,-10,-3,-9,-2,-8,-2,-6,-3,-8,-4,-6,-5,-7,-5,-8,-4,-4,-6,-5,-4,-3,-6,-4,-7,-5,-6,-4,-8,-4,-7,-6,-6,-5,-7,-6,-8,-3,-9,-6,-6,-5,-7,-5,-8,-5,-7,-6,-8,-6,-7,-5,-6,-6,-5,-5,-5,-5,-4,-8,-7,-5,-5,-6,-5,-5,-5,-5,-7,-5,-5,-4,-5,-5,-4,-6,-7,-5,-5,-8,-5,-7,-3,-7,-3,-8,0,0,0,0,0,0,0,0,0,0,0,0,0,0,0,0,0,0,0,0,0,0,-22,-2,-21,-5,-23,-6,-24,-6,-23,-11,-23,-13,-23,-14,-23,-17,-21,-19,-22,-21,-21,-26,-21,-28,-20,-31,-19,-33,-16,-35,-14,-36,-11,-39,-8,-37,-9,-42,-3,-43,0,-43,1,-45,4,-43,9,-45,8,-43,13,-43,15,-41,20,-41,19,-39,20,-37,22,-34,23,-36,25,-33,25,-33,26,-30,25,-29,27,-27,27,-25,26,-27,27,-23,28,-23,27,-21,28,-21,28,-18,31,-20,26,-18,27,-14,28,-16,26,-13,24,-14,26,-12,25,-14,25,-10,23,-9,24,-9,23,-8,24,-9,0,0]"
CSI_DATA,71,1a:00:00:00:00:00,-52,11,1,0,1,1,1,0,0,0,1,-96,0,11,2,1163837,0,44,0,384,0,"[0,0,0,0,0,0,0,0,0,0,0,0,-2,5,-2,5,-1,4,-2,4,-2,4,-2,4,-2,3,-2,3,-2,3,-1,2,-2,3,-1,2,0,2,-1,2,0,2,-1,2,-1,2,0,2,0,2,0,2,1,1,1,2,0,2,1,2,1,2,1,2,0,0,1,1,1,2,1,2,0,2,1,2,1,2,0,2,0,2,0,2,0,1,0,1,0,2,0,2,0,2,1,1,0,1,0,2,0,1,0,1,0,2,0,2,0,2,0,2,-1,2,0,2,-1,2,0,0,0,0,0,0,0,0,0,0,0,0,0,0,-6,38,-4,39,-8,39,-9,37,-5,37,-4,33,-8,28,-8,24,-7,28,-6,26,-5,24,-3,23,-3,20,-7,18,-3,17,-3,17,-2,16,-1,13,-2,14,4,14,3,12,1,13,3,10,5,8,4,12,5,8,3,15,5,12,5,9,9,13,8,14,8,12,9,10,7,11,9,15,7,10,10,10,9,13,7,13,9,10,5,14,5,14,6,10,7,10,9,10,8,8,5,11,7,10,6,11,7,12,3,12,3,13,2,12,4,15,6,15,0,14,-1,12,0,0,0,0,0,0,0,0,0,0,0,0,0,0,0,0,0,0,0,0,0,0,38,8,40,17,40,18,40,21,39,28,38,29,36,37,34,38,36,40,30,52,29,54,28,56,27,63,19,65,10,71,11,77,7,78,-7,80,-11,81,-9,81,-17,78,-20,84,-31,82,-38,78,-44,76,-48,72,-50,68,-53,67,-57,66,-58,61,-60,56,-63,51,-63,55,-67,46,-69,47,-68,38,-67,37,-67,33,-65,31,-64,29,-63,22,-66,26,-63,22,-67,20,-61,16,-61,10,-62,11,-59,15,-58,7,-58,9,-57,5,-57,6,-54,3,-56,1,-52,3,-47,2,-48,0,0,0]"
CSI_DATA,72,1a:00:00:00:00:00,-52,11,1,0,1,1,1,0,0,0,1,-96,0,11,2,1174339,0,44,0,384,0,"[0,0,0,0,0,0,0,0,0,0,0,0,-4,5,-4,5,-3,4,-3,4,-3,3,-3,3,-3,3,-3,3,-3,3,-2,3,-3,2,-2,3,-2,2,-1,2,-1,2,-1,2,-1,2,-1,2,0,2,0,2,0,2,0,2,-1,2,0,2,0,2,-1,2,0,0,0,2,0,2,0,3,-1,2,0,2,0,2,0,2,0,2,-1,2,0,1,-1,2,0,2,-1,2,0,2,0,1,0,2,0,2,-1,2,0,2,0,2,-1,2,-1,2,-1,2,-1,2,-1,2,-1,2,0,0,0,0,0,0,0,0,0,0,0,0,0,0,-27,30,-26,28,-28,29,-29,27,-21,26,-23,23,-26,21,-24,21,-20,16,-18,20,-18,14,-19,17,-18,16,-16,12,-13,14,-11,18,-12,12,-9,15,-10,14,-7,12,-6,13,-6,14,-2,9,-5,13,-3,9,-2,13,0,16,-1,13,-3,13,1,16,0,16,-1,13,0,15,1,14,-1,15,1,12,1,16,0,16,2,14,-1,15,-2,12,1,16,-1,12,1,13,2,10,-1,12,1,12,1,13,1,15,-1,13,-2,11,0,15,-1,13,-2,13,-4,13,-6,14,-9,14,0,0,0,0,0,0,0,0,0,0,0,0,0,0,0,0,0,0,0,0,0,0,19,32,16,37,11,40,11,45,7,45,4,49,-3,49,-4,52,-9,54,-12,56,-16,57,-23,61,-29,67,-31,65,-42,66,-44,60,-53,62,-55,59,-56,58,-65,46,-67,45,-77,42,-74,36,-79,38,-83,27,-89,24,-87,22,-91,16,-80,6,-86,7,-82,2,-85,-1,-78,-7,-79,-12,-81,-12,-83,-17,-75,-14,-73,-13,-70,-21,-72,-18,-71,-22,-67,-21,-68,-25,-65,-20,-62,-26,-59,-25,-61,-29,-51,-30,-52,-30,-50,-31,-48,-32,-48,-30,-49,-33,-42,-29,-40,-31,-43,-32,-40,-32,0,0]"
CSI_DATA,73,1a:00:00:00:00:00,-52,11,1,0,1,1,1,0,0,0,1,-96,0,11,2,1193855,0,44,0,384,0,"[0,0,0,0,0,0,0,0,0,0,0,0,0,-7,0,-6,0,-6,0,-6,0,-5,0,-5,0,-4,0,-4,0,-4,0,-4,0,-4,0,-4,-1,-4,-1,-4,-1,-3,0,-3,-1,-3,-1,-3,-1,-3,-1,-3,-2,-3,-2,-3,-1,-3,-2,-3,-2,-3,-2,-2,0,0,-2,-2,-2,-3,-2,-3,-2,-3,-2,-3,-1,-3,-1,-3,-1,-3,-1,-3,-1,-2,-2,-2,-1,-3,-1,-2,-1,-3,-1,-2,-2,-2,-1,-3,-2,-2,-2,-3,-1,-3,-1,-3,-1,-3,-1,-3,-1,-3,-1,-3,0,-3,0,0,0,0,0,0,0,0,0,0,0,0,0,0,8,-44,7,-41,9,-40,8,-37,8,-33,11,-35,9,-33,9,-26,9,-29,13,-24,6,-22,8,-22,8,-25,10,-20,5,-21,5,-19,3,-18,-2,-15,-1,-15,0,-14,-2,-15,0,-15,-4,-12,-8,-10,-6,-14,-7,-13,-6,-12,-9,-13,-6,-13,-9,-17,-6,-13,-3,-14,-7,-16,-9,-15,-5,-17,-6,-15,-9,-14,-6,-16,-7,-15,-1,-14,2,-16,-2,-11,-5,-13,-3,-15,-6,-14,-4,-12,-7,-11,-9,-12,-7,-13,-6,-12,-5,-15,-3,-10,-5,-16,-4,-17,-2,-19,-2,-16,3,-16,0,0,0,0,0,0,0,0,0,0,0,0,0,0,0,0,0,0,0,0,0,0,-38,-11,-39,-19,-38,-22,-42,-25,-37,-29,-38,-34,-31,-38,-35,-43,-31,-49,-29,-52,-25,-60,-23,-65,-25,-69,-16,-73,-12,-80,-5,-75,1,-79,4,-82,10,-86,17,-82,24,-83,32,-82,38,-78,41,-78,50,-75,53,-72,57,-72,65,-63,64,-55,66,-58,66,-49,71,-50,69,-43,74,-39,72,-39,74,-39,69,-31,67,-29,68,-23,66,-25,70,-20,65,-20,71,-14,67,-19,62,-11,69,-9,64,-4,59,-3,59,-4,60,-1,52,-4,54,0,59,2,48,2,50,4,52,5,49,5,0,0]"
CSI_DATA,74,1a:00:00:00:00:00,-52,11,1,0,1,1,1,0,0,0,1,-96,0,11,2,1205051,0,44,0,384,0,"[0,0,0,0,0,0,0,0,0,0,0,0,-3,5,-3,5,-3,5,-3,4,-3,4,-3,4,-3,4,-3,3,-3,4,-2,3,-2,3,-2,3,-2,2,-1,2,-1,2,-1,2,-1,2,-1,2,0,2,0,2,0,2,0,2,-1,2,0,2,0,2,0,2,0,0,0,2,0,2,0,2,0,2,0,3,0,3,0,2,0,2,0,2,-1,1,0,2,0,2,0,2,0,2,0,1,0,1,0,2,0,2,0,2,0,2,0,2,0,2,0,2,-1,2,-1,2,-1,2,0,0,0,0,0,0,0,0,0,0,0,0,0,0,-23,38,-20,34,-19,39,-17,31,-20,29,-18,31,-18,25,-18,26,-15,20,-16,21,-14,20,-11,16,-12,17,-12,13,-9,14,-10,19,-9,13,-10,13,-11,14,-4,14,-2,15,-7,12,1,11,-1,10,-2,12,-1,11,0,12,-2,12,0,11,3,15,3,14,1,18,-1,15,0,15,-1,16,-4,11,0,15,-1,14,2,11,-1,11,1,12,-2,11,0,13,-3,12,-1,9,0,13,2,11,-3,12,1,11,4,16,-2,12,-3,13,-5,10,-2,11,0,15,-7,15,-5,17,0,0,0,0,0,0,0,0,0,0,0,0,0,0,0,0,0,0,0,0,0,0,31,17,35,20,34,24,35,34,31,35,31,38,25,44,21,45,21,55,17,55,17,61,11,64,5,69,0,72,-6,75,-11,72,-15,79,-24,73,-26,78,-35,75,-42,73,-50,77,-53,69,-59,64,-67,63,-66,61,-70,55,-75,52,-74,43,-75,43,-75,33,-82,32,-80,27,-78,21,-78,19,-80,14,-70,13,-75,10,-73,7,-71,9,-73,5,-66,3,-71,-4,-69,-3,-67,-7,-65,-2,-65,-8,-62,-8,-59,-10,-57,-12,-52,-12,-56,-16,-57,-18,-51,-17,-53,-20,-49,-19,-44,-18,0,0]"
CSI_DATA,75,1a:00:00:00:00:00,-52,11,1,0,1,1,1,0,0,0,1,-96,0,11,2,1214208,0,44,0,384,0,"[0,0,0,0,0,0,0,0,0,0,0,0,-6,2,-6,2,-6,2,-5,1,-5,1,-5,1,-5,1,-4,1,-4,1,-4,1,-4,1,-3,1,-3,1,-3,1,-2,1,-3,1,-3,2,-2,1,-2,1,-2,1,-2,1,-1,2,-2,2,-2,1,-1,2,-2,2,0,0,-2,2,-1,2,-1,1,-2,2,-1,2,-1,1,-1,2,-1,2,-2,2,-2,2,-2,1,-1,1,-1,2,-1,1,-2,1,-1,1,-1,2,-2,1,-2,1,-1,1,-2,1,-2,2,-2,2,-2,2,-2,1,-2,1,0,0,0,0,0,0,0,0,0,0,0,0,0,0,-40,17,-37,11,-38,16,-33,13,-31,10,-31,11,-31,7,-31,8,-30,6,-29,6,-22,8,-24,7,-23,6,-19,4,-17,5,-18,10,-16,7,-15,9,-13,8,-11,8,-10,11,-11,8,-9,10,-13,10,-7,9,-12,12,-7,13,-3,11,-8,9,-7,12,-8,16,-7,14,-11,13,-8,12,-9,12,-9,12,-8,9,-10,9,-10,9,-9,13,-9,13,-7,8,-5,10,-6,8,-6,10,-6,12,-5,15,-3,11,-6,13,-6,10,-5,16,-9,14,-8,8,-9,12,-9,12,-12,7,-15,7,0,0,0,0,0,0,0,0,0,0,0,0,0,0,0,0,0,0,0,0,0,0,7,34,4,41,1,41,-6,44,-9,48,-12,48,-14,48,-20,53,-24,49,-30,50,-36,48,-42,49,-49,52,-55,49,-61,44,-63,42,-71,44,-73,34,-77,28,-82,25,-80,22,-87,13,-91,12,-94,6,-89,-3,-85,-7,-87,-18,-88,-18,-86,-26,-85,-24,-76,-30,-81,-35,-75,-35,-75,-37,-71,-39,-64,-42,-64,-41,-61,-44,-58,-45,-55,-50,-57,-48,-52,-46,-49,-50,-47,-49,-44,-51,-43,-43,-41,-42,-41,-46,-35,-45,-37,-48,-29,-47,-31,-46,-29,-44,-26,-44,-28,-46,-25,-45,-28,-42,0,0]"
CSI_DATA,76,1a:00:00:00:00:00,-53,11,1,0,1,1,1,0,0,0,1,-96,0,11,2,1225294,0,44,0,384,0,"[0,0,0,0,0,0,0,0,0,0,0,0,-6,1,-6,1,-6,0,-6,0,-5,0,-5,0,-5,0,-4,0,-4,0,-4,0,-4,0,-3,0,-3,0,-3,0,-3,0,-2,1,-3,1,-3,1,-2,1,-2,1,-2,1,-2,1,-2,1,-2,1,-2,1,-3,1,0,0,-3,1,-2,1,-2,1,-3,2,-2,1,-2,1,-2,1,-2,1,-3,1,-3,1,-2,1,-2,1,-2,1,-2,1,-2,1,-2,1,-2,1,-2,1,-2,1,-2,1,-2,1,-2,1,-2,1,-3,1,-3,0,-3,0,0,0,0,0,0,0,0,0,0,0,0,0,0,0,-41,13,-38,12,-39,15,-36,11,-34,12,-36,8,-34,7,-31,5,-25,7,-26,4,-22,4,-24,4,-20,1,-24,3,-14,8,-18,8,-17,7,-14,8,-16,6,-10,10,-7,8,-10,10,-10,5,-12,10,-11,11,-10,7,-9,11,-10,11,-12,13,-10,13,-9,13,-8,14,-13,9,-6,11,-11,14,-8,7,-9,8,-11,10,-12,13,-9,13,-8,12,-7,8,-10,8,-3,9,-9,8,-6,10,-11,9,-6,11,-9,12,-10,11,-10,9,-9,9,-11,7,-13,10,-8,12,-10,11,-13,8,0,0,0,0,0,0,0,0,0,0,0,0,0,0,0,0,0,0,0,0,0,0,3,38,0,39,-5,40,-11,44,-12,44,-18,43,-20,47,-28,46,-34,45,-35,45,-42,48,-46,46,-53,46,-59,43,-61,37,-65,35,-73,34,-75,28,-80,24,-79,19,-86,11,-84,7,-88,-1,-88,-4,-89,-14,-89,-14,-84,-24,-84,-28,-82,-32,-81,-32,-72,-36,-77,-41,-69,-45,-69,-46,-65,-47,-57,-46,-60,-46,-59,-47,-55,-53,-54,-50,-53,-54,-50,-50,-50,-52,-43,-52,-39,-51,-42,-54,-38,-50,-35,-48,-33,-53,-29,-50,-28,-50,-26,-48,-22,-50,-24,-44,-26,-48,-22,-48,-25,-46,0,0]"
CSI_DATA,77,1a:00:00:00:00:00,-53,11,1,0,1,1,1,0,0,0,1,-96,0,11,2,1253829,0,44,0,384,0,"[0,0,0,0,0,0,0,0,0,0,0,0,-3,5,-3,5,-2,5,-3,4,-2,4,-3,3,-2,3,-2,3,-2,3,-2,3,-2,2,-2,2,-1,2,-1,2,-1,2,-1,2,-1,2,-1,2,0,2,0,2,0,2,0,2,0,2,1,2,0,2,0,2,0,0,0,2,0,3,0,3,0,2,0,3,0,3,0,3,-1,3,0,2,-1,2,0,2,-1,2,-1,2,-1,2,0,2,0,2,-1,2,0,2,0,2,0,2,0,2,-1,2,-1,2,-1,2,-1,2,-1,2,0,0,0,0,0,0,0,0,0,0,0,0,0,0,-21,37,-20,36,-19,37,-19,35,-18,34,-19,29,-19,23,-18,26,-15,22,-17,25,-16,22,-12,19,-14,19,-12,16,-13,20,-8,15,-6,12,-7,16,-5,11,-5,15,-2,14,-1,12,0,17,-1,14,0,14,1,15,-1,18,4,19,4,17,-1,19,7,17,-3,18,5,17,4,16,1,19,2,12,-1,16,1,18,-5,18,-2,14,-2,12,-2,16,0,15,3,12,1,13,-4,13,-1,11,2,13,0,13,-2,12,-1,15,-2,13,0,13,-3,15,0,15,-5,13,-8,14,0,0,0,0,0,0,0,0,0,0,0,0,0,0,0,0,0,0,0,0,0,0,32,21,29,30,29,28,26,38,25,39,22,43,19,47,15,52,16,55,12,54,5,63,1,67,2,71,-8,70,-14,74,-20,69,-27,77,-34,70,-35,73,-43,71,-47,68,-57,69,-58,63,-67,61,-70,53,-73,55,-76,47,-81,43,-78,34,-85,33,-79,27,-84,26,-81,20,-81,13,-76,14,-81,9,-74,4,-81,1,-73,4,-73,2,-78,-2,-69,-3,-71,-2,-69,-11,-68,-13,-69,-11,-63,-16,-57,-16,-55,-12,-53,-17,-52,-16,-55,-17,-52,-18,-47,-16,-49,-20,-51,-19,-42,-18,0,0]"
CSI_DATA,78,1a:00:00:00:00:00,-53,11,1,0,1,1,1,0,0,0,1,-96,0,11,2,1266060,0,44,0,384,0,"[0,0,0,0,0,0,0,0,0,0,0,0,3,5,2,5,2,4,2,4,2,3,1,4,1,4,1,3,1,3,1,3,0,2,1,2,1,2,2,2,1,2,1,1,1,1,1,1,2,1,2,1,2,1,2,1,2,0,2,1,2,1,2,1,0,0,2,1,2,1,2,2,2,1,2,2,2,2,1,2,2,2,2,1,1,1,1,1,1,2,1,1,1,1,1,1,1,1,1,1,1,1,1,1,1,1,1,1,1,1,1,1,1,1,1,2,1,2,0,0,0,0,0,0,0,0,0,0,0,0,0,0,5,43,6,39,7,39,2,38,3,31,0,35,-1,28,0,27,1,29,2,29,-3,26,1,25,2,24,2,18,0,22,3,20,5,17,6,18,4,11,4,10,5,14,6,11,7,14,4,11,8,11,12,12,7,11,11,8,12,7,7,11,12,15,12,16,11,9,8,12,8,14,15,16,10,17,10,14,9,14,8,14,6,12,7,12,4,14,6,13,9,11,7,7,6,7,6,13,7,12,8,11,4,11,6,8,7,12,7,13,3,16,0,14,1,12,0,0,0,0,0,0,0,0,0,0,0,0,0,0,0,0,0,0,0,0,0,0,38,-6,41,2,42,4,46,8,41,15,43,22,41,23,45,29,48,34,45,37,46,45,45,52,40,57,40,64,35,64,27,70,27,77,17,74,13,81,8,87,2,85,-7,86,-8,84,-12,85,-22,87,-23,84,-37,82,-36,83,-40,72,-47,78,-46,67,-53,68,-53,66,-55,58,-58,58,-61,54,-56,48,-58,47,-59,46,-63,45,-65,39,-59,36,-62,34,-60,34,-55,29,-59,31,-56,23,-54,21,-57,21,-54,20,-55,11,-51,20,-52,14,-45,11,-50,9,-49,7,-45,13,0,0]"
CSI_DATA,79,1a:00:00:00:00:00,-53,11,1,0,1,1,1,0,0,0,1,-96,0,11,2,1274599,0,44,0,384,0,"[0,0,0,0,0,0,0,0,0,0,0,0,5,3,4,3,4,3,4,3,4,3,3,2,3,2,2,2,2,2,3,2,2,1,2,1,2,1,3,1,2,0,2,0,2,0,2,0,3,0,2,0,2,0,3,0,2,-1,2,0,3,0,2,-1,0,0,3,-1,3,0,3,-1,2,-1,3,0,2,0,2,0,2,0,2,-1,2,0,2,0,2,0,2,0,2,0,2,0,2,0,2,0,2,0,2,0,2,0,2,0,2,0,2,0,2,0,2,0,2,1,0,0,0,0,0,0,0,0,0,0,0,0,0,0,31,24,30,30,25,22,25,25,23,21,21,25,23,18,19,17,18,18,19,19,15,16,14,13,15,13,17,14,11,13,10,7,13,10,13,9,12,7,10,7,14,3,13,3,18,1,12,2,18,0,14,-2,14,-2,17,4,17,0,14,1,13,3,13,3,20,-2,19,2,14,3,15,4,14,3,15,2,17,5,11,5,11,2,13,1,10,3,13,3,14,7,11,2,11,3,12,5,8,1,14,4,12,2,10,-1,17,5,12,4,12,5,14,6,10,6,0,0,0,0,0,0,0,0,0,0,0,0,0,0,0,0,0,0,0,0,0,0,29,-26,34,-22,38,-21,42,-16,43,-17,46,-8,50,-11,53,-6,58,1,55,4,60,10,65,17,66,17,65,25,66,32,64,37,62,45,63,49,59,48,54,58,51,63,51,68,45,74,39,79,36,80,32,82,26,83,18,89,15,85,8,86,4,78,2,83,1,79,-6,79,-11,78,-8,76,-11,73,-16,74,-17,70,-19,70,-24,67,-23,66,-26,65,-24,62,-27,58,-29,56,-27,54,-28,52,-29,50,-30,51,-29,46,-30,44,-29,48,-26,40,-26,40,-25,35,-32,40,0,0]"
CSI_DATA,80,1a:00:00:00:00:00,-52,11,1,0,1,1,1,0,0,0,1,-96,0,11,2,1283845,0,44,0,384,0,"[0,0,0,0,0,0,0,0,0,0,0,0,-2,-6,-2,-6,-2,-6,-2,-6,-2,-6,-1,-5,-1,-5,-2,-4,-1,-4,-1,-4,-1,-4,-1,-4,-2,-4,-2,-3,-2,-3,-1,-3,-2,-3,-2,-2,-3,-3,-3,-3,-3,-3,-3,-2,-2,-2,-3,-3,-3,-3,-3,-2,0,0,-2,-2,-3,-3,-2,-3,-3,-3,-2,-3,-2,-3,-2,-3,-2,-3,-2,-3,-2,-3,-2,-3,-2,-3,-1,-3,-1,-3,-2,-2,-2,-2,-1,-3,-2,-2,-2,-2,-2,-2,-2,-3,-1,-3,-1,-3,-1,-3,-1,-3,-1,-3,0,0,0,0,0,0,0,0,0,0,0,0,0,0,-8,-20,-7,-18,-7,-20,-5,-18,-7,-18,-6,-16,-6,-16,-4,-16,-5,-14,-3,-13,-5,-14,-5,-12,-4,-12,-2,-8,-3,-9,-3,-10,-4,-8,-5,-7,-5,-7,-5,-6,-5,-7,-5,-7,-5,-5,-6,-5,-6,-3,-8,-4,-5,-7,-7,-4,-9,-4,-8,-5,-6,-9,-8,-6,-6,-6,-8,-6,-7,-6,-8,-6,-6,-7,-7,-8,-7,-5,-7,-7,-4,-6,-5,-6,-5,-6,-6,-7,-4,-5,-3,-5,-6,-5,-4,-6,-5,-5,-4,-5,-5,-6,-5,-6,-3,-6,-5,-8,-4,-7,-3,-6,-3,-10,0,0,0,0,0,0,0,0,0,0,0,0,0,0,0,0,0,0,0,0,0,0,-17,7,-20,7,-22,5,-24,3,-24,1,-25,-2,-25,-4,-26,-6,-27,-10,-27,-11,-31,-12,-29,-16,-29,-18,-30,-22,-29,-29,-26,-28,-28,-31,-22,-33,-22,-36,-18,-40,-16,-42,-12,-43,-8,-41,-9,-44,-4,-47,-4,-43,-1,-46,3,-46,5,-42,7,-45,10,-41,12,-42,16,-38,18,-38,20,-35,19,-35,19,-33,19,-35,20,-31,20,-30,21,-30,21,-29,23,-27,24,-24,26,-24,22,-21,23,-20,24,-18,21,-18,24,-16,21,-17,21,-17,22,-14,21,-12,22,-14,21,-12,22,-11,0,0]"
CSI_DATA,81,1a:00:00:00:00:00,-52,11,1,0,1,1,1,0,0,0,1,-96,0,11,2,1293843,0,44,0,384,0,"[0,0,0,0,0,0,0,0,0,0,0,0,2,4,3,4,3,4,2,4,2,4,2,3,1,3,1,3,1,2,1,3,1,2,1,2,2,2,2,2,2,2,2,1,1,1,1,1,2,1,2,1,2,1,2,1,2,0,2,1,2,1,2,0,0,0,3,1,2,1,2,1,2,1,2,2,2,2,2,1,1,2,2,1,2,1,1,1,1,1,1,1,1,1,1,1,2,1,1,1,2,1,1,1,1,1,1,1,1,1,1,1,1,1,1,2,1,2,0,0,0,0,0,0,0,0,0,0,0,0,0,0,11,39,7,39,7,36,9,36,5,37,8,30,6,30,5,28,5,23,6,27,1,27,3,24,0,24,6,16,3,19,5,16,7,16,9,17,8,16,5,11,3,13,7,7,10,15,11,10,10,9,14,10,7,8,15,10,14,13,14,13,10,16,12,15,14,16,14,13,8,13,11,15,12,13,11,17,5,14,11,11,6,11,8,14,7,13,5,11,8,16,5,8,7,14,5,14,8,10,5,12,8,12,5,11,6,15,3,14,3,15,3,14,0,18,0,0,0,0,0,0,0,0,0,0,0,0,0,0,0,0,0,0,0,0,0,0,35,-16,40,-14,41,-8,47,-5,43,1,49,3,47,8,53,15,54,20,51,23,56,25,54,34,57,36,55,49,57,56,41,56,46,66,39,64,44,74,28,79,26,78,20,89,16,77,8,84,1,84,-4,88,-6,90,-18,94,-22,77,-26,86,-29,76,-38,79,-41,72,-41,67,-40,68,-45,66,-44,60,-47,57,-47,55,-50,59,-56,54,-49,46,-51,44,-51,42,-54,39,-52,42,-56,35,-50,29,-53,32,-46,26,-50,23,-52,23,-51,25,-42,19,-42,21,-50,17,-40,17,0,0]"
CSI_DATA,82,1a:00:00:00:00:00,-52,11,1,0,1,1,1,0,0,0,1,-96,0,11,2,1304680,0,44,0,384,0,"[0,0,0,0,0,0,0,0,0,0,0,0,5,-3,5,-3,4,-3,4,-3,3,-2,4,-2,3,-3,3,-2,2,-3,2,-2,2,-2,2,-3,1,-2,1,-2,1,-2,2,-3,1,-3,1,-3,1,-3,1,-3,0,-3,0,-3,1,-3,0,-3,0,-3,1,-4,0,0,1,-4,1,-4,1,-3,1,-3,1,-3,1,-3,1,-3,1,-3,1,-3,1,-3,1,-2,1,-3,1,-3,1,-3,1,-2,1,-2,1,-3,1,-3,1,-2,1,-2,1,-2,1,-3,1,-3,1,-2,2,-2,2,-2,0,0,0,0,0,0,0,0,0,0,0,0,0,0,37,-20,35,-16,35,-16,29,-12,33,-16,25,-13,27,-10,26,-10,27,-7,19,-8,18,-8,23,-11,19,-13,19,-8,14,-6,15,-10,16,-15,9,-11,10,-10,10,-13,12,-13,8,-14,7,-9,9,-15,9,-17,5,-13,10,-14,7,-18,6,-16,7,-21,8,-16,5,-21,9,-16,8,-17,10,-22,11,-13,8,-13,10,-13,10,-17,10,-15,7,-15,11,-12,12,-13,7,-12,8,-11,12,-14,8,-11,9,-11,7,-13,10,-11,7,-12,10,-13,9,-12,9,-12,11,-11,10,-13,16,-10,0,0,0,0,0,0,0,0,0,0,0,0,0,0,0,0,0,0,0,0,0,0,-9,-39,-4,-41,2,-44,4,-49,13,-46,14,-48,20,-49,22,-50,25,-49,31,-45,38,-55,43,-55,46,-54,50,-49,60,-42,61,-40,67,-39,72,-31,71,-26,77,-24,81,-14,85,-12,87,-10,89,-4,86,0,89,8,82,15,86,21,82,28,84,26,78,29,76,35,76,41,68,39,68,46,66,41,63,43,58,41,57,48,53,44,54,51,51,51,48,48,45,49,42,48,42,44,39,48,35,50,37,47,31,47,25,46,30,45,26,46,23,38,25,43,22,41,22,38,0,0]"
CSI_DATA,83,1a:00:00:00:00:00,-52,11,1,0,1,1,1,0,0,0,1,-96,0,11,2,1313846,0,44,0,384,0,"[0,0,0,0,0,0,0,0,0,0,0,0,5,2,5,2,5,2,4,2,4,2,3,1,3,1,3,1,3,1,3,1,3,1,3,0,3,1,2,0,2,1,2,-1,2,-1,2,-1,2,-1,3,-1,3,-1,3,-1,3,-1,3,-1,3,-1,3,-2,0,0,3,-1,3,-1,3,-1,3,-2,3,-1,3,0,3,0,3,0,3,-1,3,0,3,0,2,0,2,0,2,0,3,0,2,0,2,0,3,0,2,0,2,0,3,0,2,0,2,0,2,0,2,1,2,1,0,0,0,0,0,0,0,0,0,0,0,0,0,0,33,19,36,21,30,18,25,16,30,20,22,18,26,14,21,16,22,10,19,13,17,12,18,12,18,9,15,10,14,5,15,5,13,5,17,3,15,2,12,0,13,3,10,-2,15,0,13,1,17,-4,22,-6,16,-6,17,-1,15,-6,17,-5,14,-2,17,-5,21,-3,20,-3,16,-5,21,0,17,-2,15,0,19,4,18,1,16,0,16,1,15,-2,15,2,16,5,16,2,13,2,16,4,16,2,11,0,16,1,17,0,16,5,16,3,10,4,12,8,13,9,0,0,0,0,0,0,0,0,0,0,0,0,0,0,0,0,0,0,0,0,0,0,23,-27,26,-27,32,-25,35,-23,44,-20,43,-16,49,-14,50,-12,53,-10,60,-3,59,2,61,5,65,10,71,15,67,23,68,24,67,28,69,38,66,41,63,49,62,54,60,58,58,63,51,67,48,71,43,75,38,77,33,78,29,79,23,75,23,79,15,76,12,79,11,78,7,75,2,74,3,73,-3,72,-3,70,-3,73,-7,69,-6,64,-11,64,-14,71,-15,58,-15,58,-17,56,-16,55,-19,55,-20,57,-20,51,-20,51,-19,44,-21,44,-21,47,-24,42,-19,41,0,0]"
CSI_DATA,84,1a:00:00:00:00:00,-52,11,1,0,1,1,1,0,0,0,1,-96,0,11,2,1323835,0,44,0,384,0,"[0,0,0,0,0,0,0,0,0,0,0,0,-6,2,-5,2,-5,1,-5,1,-4,1,-4,1,-4,1,-4,1,-3,1,-3,1,-3,1,-3,1,-3,1,-3,1,-2,1,-2,2,-2,2,-2,2,-2,2,-1,2,-1,2,-1,2,-2,2,-1,2,-2,2,-2,3,0,0,-2,3,-2,2,-2,2,-2,2,-2,2,-2,2,-2,2,-2,2,-2,2,-2,2,-2,2,-2,2,-2,2,-2,2,-2,1,-2,1,-2,2,-2,2,-2,2,-2,2,-2,1,-2,2,-2,2,-3,1,-3,1,-3,1,0,0,0,0,0,0,0,0,0,0,0,0,0,0,-40,10,-36,14,-39,6,-32,7,-34,6,-32,7,-33,5,-31,6,-29,7,-26,6,-24,4,-20,4,-20,6,-18,5,-15,4,-16,8,-18,9,-13,7,-12,9,-11,7,-9,14,-7,11,-8,13,-12,13,-12,12,-15,13,-9,17,-13,15,-13,15,-9,18,-11,19,-9,19,-11,15,-11,16,-12,16,-15,13,-12,12,-13,11,-15,14,-13,14,-14,13,-11,11,-14,11,-11,10,-15,9,-11,9,-14,9,-11,8,-15,13,-13,9,-12,9,-12,10,-13,9,-13,7,-16,7,-18,5,-16,5,0,0,0,0,0,0,0,0,0,0,0,0,0,0,0,0,0,0,0,0,0,0,4,35,3,36,-1,44,-6,46,-12,45,-14,44,-17,44,-24,52,-32,50,-34,48,-37,47,-44,48,-46,48,-54,49,-58,41,-64,37,-73,39,-70,29,-76,26,-80,20,-82,12,-89,7,-85,6,-87,-3,-89,-9,-88,-11,-88,-19,-87,-27,-81,-29,-81,-32,-72,-38,-71,-42,-70,-41,-66,-45,-65,-45,-65,-49,-59,-45,-53,-47,-58,-49,-56,-52,-47,-53,-46,-52,-44,-55,-41,-53,-36,-50,-39,-52,-36,-55,-31,-51,-28,-52,-28,-52,-25,-48,-29,-44,-26,-49,-18,-44,-20,-44,-23,-47,-19,-44,0,0]"
CSI_DATA,85,1a:00:00:00:00:00,-52,11,1,0,1,1,1,0,0,0,1,-96,0,11,2,1344460,0,44,0,384,0,"[0,0,0,0,0,0,0,0,0,0,0,0,-5,-2,-6,-2,-5,-2,-5,-2,-5,-2,-4,-2,-4,-1,-4,-1,-4,-1,-4,-1,-3,0,-3,-1,-3,-1,-3,0,-3,0,-3,1,-3,0,-3,1,-3,0,-3,1,-3,1,-3,1,-3,1,-3,1,-3,1,-3,2,0,0,-4,2,-3,1,-4,1,-4,2,-4,1,-4,1,-4,1,-3,0,-4,1,-4,1,-4,1,-3,0,-3,0,-3,0,-3,0,-3,0,-3,0,-4,0,-3,0,-3,0,-3,0,-3,0,-3,0,-3,0,-4,-1,-3,-1,0,0,0,0,0,0,0,0,0,0,0,0,0,0,-39,-16,-33,-18,-31,-16,-27,-19,-29,-16,-27,-14,-27,-13,-24,-14,-23,-12,-21,-12,-20,-10,-20,-10,-21,-9,-18,-6,-16,-9,-16,-3,-16,2,-16,1,-16,2,-13,1,-18,1,-14,3,-17,4,-15,6,-17,5,-20,7,-14,11,-20,7,-18,6,-20,11,-17,7,-20,9,-22,4,-23,4,-16,5,-23,5,-21,4,-19,4,-24,1,-19,3,-17,1,-18,1,-18,0,-18,0,-18,1,-17,0,-16,3,-20,-1,-16,2,-18,-1,-19,5,-17,-3,-16,-6,-13,-1,-17,-5,-19,-7,-18,-6,0,0,0,0,0,0,0,0,0,0,0,0,0,0,0,0,0,0,0,0,0,0,-20,32,-27,28,-31,29,-36,29,-38,27,-40,24,-44,20,-49,15,-54,11,-55,13,-60,8,-66,5,-68,3,-74,-4,-77,-9,-70,-17,-75,-25,-74,-31,-73,-33,-73,-46,-67,-46,-71,-56,-60,-54,-63,-54,-57,-64,-60,-64,-51,-72,-46,-81,-37,-74,-33,-78,-29,-78,-26,-80,-26,-80,-18,-81,-17,-75,-9,-75,-11,-73,-11,-75,-5,-73,-3,-74,-1,-72,3,-67,5,-66,3,-64,9,-65,6,-67,11,-61,11,-53,11,-56,14,-56,12,-51,12,-56,18,-53,15,-44,13,-43,17,-44,12,-41,0,0]"
CSI_DATA,86,1a:00:00:00:00:00,-52,11,1,0,1,1,1,0,0,0,1,-96,0,11,2,1354788,0,44,0,384,0,"[0,0,0,0,0,0,0,0,0,0,0,0,-2,-6,-2,-6,-2,-6,-2,-5,-2,-5,-1,-5,-2,-4,-1,-4,-2,-4,-2,-4,-2,-4,-2,-4,-2,-3,-3,-3,-2,-2,-2,-2,-2,-2,-2,-2,-3,-2,-3,-2,-3,-2,-3,-2,-3,-2,-4,-2,-4,-3,-3,-2,0,0,-4,-2,-4,-2,-4,-3,-4,-2,-4,-3,-4,-3,-4,-3,-3,-3,-3,-3,-4,-2,-4,-2,-3,-3,-3,-3,-3,-3,-3,-3,-3,-3,-3,-3,-3,-3,-3,-3,-3,-3,-3,-3,-3,-3,-2,-3,-2,-3,-2,-3,-2,-4,0,0,0,0,0,0,0,0,0,0,0,0,0,0,-7,-20,-7,-16,-7,-16,-6,-15,-6,-16,-6,-15,-5,-13,-6,-13,-5,-11,-5,-12,-6,-9,-2,-10,-4,-10,-4,-9,-5,-9,-5,-8,-5,-7,-7,-7,-8,-4,-7,-4,-6,-4,-8,-6,-8,-4,-7,-2,-7,-3,-8,-2,-9,-4,-10,-1,-11,-3,-9,-2,-10,-4,-9,-3,-12,-3,-11,-2,-11,-4,-11,-5,-11,-4,-8,-6,-11,-4,-9,-7,-9,-7,-8,-6,-9,-6,-9,-5,-7,-8,-9,-4,-9,-5,-7,-5,-6,-6,-6,-7,-8,-9,-6,-7,-6,-7,-7,-7,-6,-8,-5,-7,-5,-8,0,0,0,0,0,0,0,0,0,0,0,0,0,0,0,0,0,0,0,0,0,0,-19,1,-22,-2,-22,-5,-24,-4,-23,-8,-23,-10,-24,-11,-23,-13,-23,-18,-25,-18,-24,-22,-22,-23,-24,-25,-23,-28,-20,-31,-18,-33,-18,-36,-12,-38,-10,-41,-9,-41,-6,-42,-2,-44,1,-43,0,-44,4,-45,7,-41,10,-41,13,-41,16,-41,17,-41,16,-38,21,-38,20,-34,23,-34,23,-33,23,-30,24,-29,24,-28,26,-26,23,-26,25,-24,26,-24,26,-22,26,-21,25,-20,25,-16,23,-15,26,-16,23,-14,24,-14,24,-14,22,-13,20,-9,21,-10,19,-11,20,-9,20,-11,0,0]"
CSI_DATA,87,1a:00:00:00:00:00,-52,11,1,0,1,1,1,0,0,0,1,-96,0,11,2,1364896,0,44,0,384,0,"[0,0,0,0,0,0,0,0,0,0,0,0,-1,-6,-2,-6,-2,-5,-1,-6,-1,-5,-1,-5,-1,-4,-1,-4,-2,-4,-2,-4,-1,-3,-2,-3,-2,-3,-2,-3,-2,-3,-2,-2,-2,-2,-2,-2,-3,-2,-3,-2,-4,-2,-4,-2,-3,-2,-4,-2,-4,-3,-3,-2,0,0,-4,-2,-4,-3,-4,-3,-4,-3,-4,-3,-4,-3,-3,-4,-4,-3,-3,-3,-3,-3,-3,-3,-3,-4,-3,-3,-3,-3,-3,-3,-3,-3,-2,-3,-2,-3,-3,-3,-2,-3,-2,-3,-2,-4,-2,-4,-1,-4,-2,-4,-1,-4,0,0,0,0,0,0,0,0,0,0,0,0,0,0,-3,-20,-5,-17,-6,-17,-3,-17,-3,-18,-4,-15,-2,-15,-2,-16,-2,-12,-2,-10,-1,-11,-3,-11,-2,-11,-2,-9,-3,-7,-4,-8,-4,-7,-5,-5,-6,-5,-5,-7,-7,-5,-5,-5,-7,-4,-7,-4,-6,-3,-8,-3,-9,-5,-7,-3,-9,-6,-9,-4,-10,-7,-10,-6,-9,-5,-11,-6,-10,-6,-9,-6,-10,-5,-8,-8,-10,-7,-6,-8,-6,-9,-6,-6,-7,-7,-6,-9,-7,-8,-6,-8,-6,-7,-7,-8,-6,-6,-6,-9,-6,-6,-6,-9,-5,-8,-5,-9,-5,-9,-2,-8,-3,-9,0,0,0,0,0,0,0,0,0,0,0,0,0,0,0,0,0,0,0,0,0,0,-20,-1,-20,-4,-20,-7,-21,-9,-22,-11,-22,-13,-21,-15,-21,-16,-21,-20,-21,-22,-20,-25,-18,-28,-20,-30,-16,-32,-13,-35,-13,-37,-10,-38,-7,-38,-6,-40,-2,-44,1,-43,4,-44,6,-42,9,-44,12,-41,15,-42,18,-42,19,-41,21,-39,22,-38,25,-35,26,-34,26,-29,26,-28,29,-31,29,-27,30,-25,28,-25,29,-22,30,-23,31,-21,29,-18,28,-18,32,-16,30,-14,32,-14,28,-15,28,-11,26,-10,25,-10,24,-9,25,-8,25,-8,23,-7,20,-7,22,-8,20,-5,0,0]"
CSI_DATA,88,1a:00:00:00:00:00,-52,11,1,0,1,1,1,0,0,0,1,-96,0,11,2,1374293,0,44,0,384,0,"[0,0,0,0,0,0,0,0,0,0,0,0,4,2,4,2,4,2,3,2,3,2,3,2,3,1,2,1,2,1,3,1,2,0,2,0,2,0,2,0,2,0,1,-1,2,-1,2,-1,2,-1,2,-1,2,-2,2,-1,2,-2,2,-2,2,-2,3,-2,0,0,3,-2,3,-1,3,-1,3,-2,3,-1,3,-1,3,-1,3,-1,3,-1,3,-1,3,-1,2,-1,2,-1,2,-1,3,-1,3,-1,2,-1,3,-1,3,-1,3,-1,3,-1,2,0,3,0,2,0,2,0,2,0,0,0,0,0,0,0,0,0,0,0,0,0,0,0,31,22,24,27,26,23,19,25,19,23,22,22,22,19,20,19,17,18,12,15,10,13,16,14,10,11,13,9,11,7,11,9,12,5,12,6,11,1,10,4,11,2,13,2,16,1,13,-2,17,-4,18,3,14,1,20,0,20,-2,18,-6,19,-4,17,-2,23,0,22,-1,18,1,21,2,20,1,20,3,20,7,22,4,15,2,17,2,19,8,18,3,16,9,11,3,20,4,16,5,16,4,17,5,13,10,19,7,15,4,10,8,16,11,13,9,14,10,0,0,0,0,0,0,0,0,0,0,0,0,0,0,0,0,0,0,0,0,0,0,31,-24,32,-23,37,-19,43,-16,46,-11,50,-9,49,-6,51,-3,57,5,56,4,61,9,62,14,62,20,66,25,70,32,61,38,63,43,59,46,62,57,55,63,48,65,48,73,45,73,40,75,38,80,32,81,19,84,18,87,10,84,12,88,1,82,-3,85,-11,83,-10,84,-10,79,-14,77,-14,74,-16,69,-15,73,-20,72,-25,71,-29,62,-31,65,-29,57,-32,56,-28,57,-33,55,-32,52,-30,49,-32,43,-30,43,-34,44,-34,41,-29,31,-27,37,-28,37,-27,33,0,0]"
CSI_DATA,89,1a:00:00:00:00:00,-53,11,1,0,1,1,1,0,0,0,1,-96,0,11,2,1383844,0,44,0,384,0,"[0,0,0,0,0,0,0,0,0,0,0,0,0,5,0,4,1,4,0,4,0,4,0,3,0,3,0,3,0,3,0,2,0,2,1,2,1,1,1,1,1,1,1,1,1,1,1,1,2,1,2,1,2,1,2,1,2,1,3,1,3,1,2,1,0,0,2,1,3,2,3,2,2,1,3,2,2,2,2,2,2,2,2,2,2,2,1,2,1,2,1,2,1,2,1,2,2,1,1,2,1,1,1,2,1,2,1,2,1,2,1,2,1,2,0,2,0,2,0,0,0,0,0,0,0,0,0,0,0,0,0,0,11,34,12,32,10,36,10,31,9,31,4,27,11,25,7,25,3,22,7,21,8,25,6,18,7,18,5,12,10,11,7,13,11,10,11,7,12,9,12,6,10,8,15,6,14,4,15,3,13,5,14,-2,19,5,18,3,15,2,17,8,20,4,18,4,21,4,25,5,21,5,19,6,22,9,21,4,20,7,17,9,13,7,13,11,14,9,13,8,16,9,17,9,13,8,17,5,12,5,13,11,12,6,13,11,13,9,12,10,12,14,11,14,8,17,0,0,0,0,0,0,0,0,0,0,0,0,0,0,0,0,0,0,0,0,0,0,36,6,39,8,40,16,41,17,37,21,40,28,38,29,36,32,43,38,39,43,35,50,39,55,38,58,32,66,29,69,22,64,23,76,14,75,8,77,5,79,-4,81,-5,83,-13,80,-20,87,-27,84,-25,84,-35,79,-39,81,-38,77,-42,77,-48,66,-48,69,-52,66,-50,60,-56,61,-56,56,-54,54,-58,54,-57,45,-56,47,-58,44,-53,42,-59,39,-57,37,-57,34,-56,31,-53,28,-54,28,-50,25,-47,22,-49,19,-49,20,-48,25,-44,13,-45,19,-47,15,-43,14,0,0]"
CSI_DATA,90,1a:00:00:00:00:00,-52,11,1,0,1,1,1,0,0,0,1,-96,0,11,2,1393826,0,44,0,384,0,"[0,0,0,0,0,0,0,0,0,0,0,0,-5,-4,-4,-4,-4,-4,-4,-4,-4,-4,-3,-3,-3,-3,-3,-2,-3,-2,-3,-3,-3,-2,-3,-1,-3,-1,-3,-1,-3,-1,-3,-1,-3,0,-3,0,-3,0,-3,0,-3,0,-3,0,-3,1,-4,0,-4,0,-4,1,0,0,-4,1,-4,0,-4,0,-4,1,-4,0,-4,0,-4,0,-4,0,-4,0,-4,0,-4,0,-4,0,-4,-1,-3,-1,-4,0,-4,0,-3,0,-4,0,-3,0,-4,0,-4,-1,-3,-1,-3,-1,-3,-1,-4,-1,-4,-2,0,0,0,0,0,0,0,0,0,0,0,0,0,0,-15,-12,-14,-13,-16,-12,-13,-12,-14,-11,-12,-12,-11,-9,-12,-8,-11,-9,-7,-7,-9,-7,-8,-7,-9,-6,-10,-4,-9,-3,-8,-1,-7,-4,-7,1,-8,1,-6,-1,-5,0,-9,1,-8,3,-10,0,-9,1,-8,4,-8,3,-11,4,-10,4,-9,2,-9,3,-9,4,-12,3,-11,5,-10,3,-14,4,-12,3,-11,3,-10,1,-10,3,-9,2,-9,2,-10,3,-10,-1,-10,2,-9,2,-9,3,-10,1,-9,1,-8,3,-9,1,-8,2,-8,-1,-8,1,-10,-1,-11,-1,-8,-3,0,0,0,0,0,0,0,0,0,0,0,0,0,0,0,0,0,0,0,0,0,0,-19,5,-21,1,-22,-2,-23,-5,-24,-5,-24,-7,-25,-9,-25,-10,-27,-14,-25,-15,-27,-17,-26,-18,-28,-23,-26,-26,-25,-28,-22,-29,-21,-34,-20,-33,-21,-35,-17,-40,-15,-39,-14,-43,-10,-42,-9,-43,-3,-43,-5,-46,-2,-45,0,-46,4,-44,4,-45,6,-43,8,-43,9,-40,12,-40,12,-40,12,-40,14,-36,13,-36,14,-34,15,-36,17,-33,16,-32,17,-31,18,-30,17,-28,16,-28,17,-28,18,-26,15,-27,18,-21,16,-22,16,-21,16,-22,16,-20,15,-20,15,-19,14,-18,0,0]"
CSI_DATA,91,1a:00:00:00:00:00,-52,11,1,0,1,1,1,0,0,0,1,-96,0,11,2,1404553,0,44,0,384,0,"[0,0,0,0,0,0,0,0,0,0,0,0,2,-5,2,-5,1,-4,1,-4,1,-4,1,-4,1,-4,1,-4,1,-3,0,-3,0,-3,0,-3,-1,-3,-1,-3,-1,-3,-1,-3,-1,-3,-1,-3,-2,-3,-2,-3,-2,-3,-2,-3,-2,-3,-2,-3,-2,-4,-2,-3,0,0,-2,-4,-2,-4,-2,-4,-1,-4,-2,-4,-2,-4,-1,-4,-1,-4,-1,-3,-1,-3,-1,-3,-1,-4,-1,-4,0,-3,-1,-3,0,-3,-1,-4,-1,-3,0,-3,-1,-3,0,-3,0,-3,0,-3,0,-3,0,-3,1,-3,0,0,0,0,0,0,0,0,0,0,0,0,0,0,10,-39,9,-32,7,-35,9,-36,6,-27,9,-32,6,-26,8,-25,10,-20,6,-24,6,-20,5,-20,-2,-21,0,-19,-2,-19,-1,-14,-3,-14,-5,-12,-5,-15,-6,-14,-8,-15,-8,-15,-6,-12,-11,-15,-11,-15,-10,-12,-14,-19,-14,-13,-11,-11,-13,-17,-16,-18,-16,-17,-15,-16,-16,-12,-14,-20,-10,-18,-12,-17,-10,-19,-6,-17,-10,-20,-8,-20,-7,-19,-6,-15,-7,-16,-7,-17,-6,-16,-5,-20,-8,-17,-8,-17,-4,-17,-2,-11,-6,-16,-7,-20,-2,-15,-5,-17,2,-17,-1,-16,0,0,0,0,0,0,0,0,0,0,0,0,0,0,0,0,0,0,0,0,0,0,-28,-23,-29,-28,-29,-32,-30,-36,-24,-37,-22,-43,-22,-45,-20,-52,-15,-55,-13,-56,-12,-63,-5,-65,-3,-71,0,-70,10,-75,15,-74,24,-81,27,-78,32,-79,39,-76,47,-72,47,-73,54,-69,57,-69,66,-62,66,-63,70,-59,75,-50,69,-46,77,-46,73,-34,79,-36,80,-26,77,-27,80,-22,77,-17,70,-15,73,-19,71,-13,68,-13,76,-11,70,-5,75,-2,67,-3,61,4,68,0,63,5,59,5,58,4,54,10,52,8,53,4,52,6,50,8,51,10,46,10,46,10,0,0]"
CSI_DATA,92,1a:00:00:00:00:00,-52,11,1,0,1,1,1,0,0,0,1,-96,0,11,2,1419682,0,44,0,384,0,"[0,0,0,0,0,0,0,0,0,0,0,0,-4,-6,-3,-5,-3,-5,-3,-5,-3,-4,-3,-4,-3,-3,-2,-3,-3,-3,-3,-3,-3,-2,-2,-2,-3,-2,-3,-2,-3,-2,-3,-1,-3,-1,-3,-1,-3,-1,-4,-1,-4,-1,-4,-1,-4,-1,-4,-1,-4,-2,-4,-1,0,0,-5,-1,-4,-2,-4,-2,-4,-1,-4,-2,-4,-2,-4,-2,-4,-2,-4,-2,-4,-2,-4,-2,-3,-3,-3,-2,-3,-2,-4,-2,-3,-2,-3,-2,-3,-2,-3,-2,-3,-2,-3,-2,-3,-2,-2,-3,-2,-3,-3,-3,-2,-3,0,0,0,0,0,0,0,0,0,0,0,0,0,0,-12,-15,-11,-16,-11,-14,-11,-15,-10,-15,-9,-14,-9,-10,-10,-12,-7,-10,-7,-11,-7,-10,-9,-8,-7,-8,-6,-7,-6,-6,-8,-8,-8,-3,-8,-3,-10,-6,-7,-5,-8,-3,-9,-4,-9,-2,-10,-2,-10,-1,-11,-2,-11,-3,-9,0,-10,-1,-10,-3,-12,-3,-13,-3,-12,-3,-12,0,-11,-2,-12,-4,-12,-4,-12,-4,-10,-3,-9,-4,-7,-5,-10,-7,-9,-7,-9,-4,-10,-4,-8,-4,-9,-6,-9,-6,-8,-4,-7,-4,-8,-5,-8,-5,-7,-6,-7,-7,-6,-5,-5,-8,-5,-8,0,0,0,0,0,0,0,0,0,0,0,0,0,0,0,0,0,0,0,0,0,0,-16,8,-18,6,-20,5,-23,4,-23,2,-24,-2,-25,-2,-27,-5,-28,-4,-28,-10,-31,-12,-30,-14,-31,-15,-31,-20,-30,-22,-28,-26,-30,-29,-26,-31,-26,-36,-25,-34,-21,-35,-20,-38,-15,-42,-13,-43,-11,-43,-8,-44,-7,-46,-3,-46,0,-44,0,-45,3,-43,7,-44,8,-42,9,-40,11,-40,14,-39,11,-36,12,-36,14,-34,15,-34,17,-33,15,-32,16,-30,19,-28,16,-27,20,-26,18,-25,18,-25,20,-25,19,-20,16,-22,18,-19,18,-19,17,-18,16,-16,18,-16,16,-17,0,0]"
CSI_DATA,93,1a:00:00:00:00:00,-52,11,1,0,1,1,1,0,0,0,1,-96,0,11,2,1423812,0,44,0,384,0,"[0,0,0,0,0,0,0,0,0,0,0,0,4,-4,4,-3,4,-3,3,-3,3,-3,3,-3,3,-3,2,-3,2,-3,1,-3,2,-3,1,-3,1,-3,1,-3,0,-3,0,-3,0,-3,0,-4,0,-3,0,-3,0,-3,-1,-4,0,-5,-1,-4,-1,-4,0,-5,0,0,0,-4,0,-4,-1,-4,0,-5,0,-4,0,-4,0,-4,0,-4,1,-4,1,-4,1,-4,1,-4,0,-3,1,-3,1,-3,1,-3,0,-4,1,-3,1,-3,1,-3,1,-3,1,-3,1,-3,1,-3,1,-3,1,-2,0,0,0,0,0,0,0,0,0,0,0,0,0,0,17,-12,17,-11,14,-10,13,-11,14,-9,12,-11,12,-10,12,-6,9,-9,11,-7,8,-6,6,-8,6,-6,8,-6,4,-8,5,-7,4,-6,3,-8,2,-7,2,-7,0,-9,1,-9,1,-8,1,-8,1,-10,1,-11,1,-12,0,-14,2,-11,0,-12,0,-13,1,-12,2,-11,-1,-10,2,-13,3,-11,2,-12,3,-10,2,-11,4,-11,4,-10,5,-9,3,-8,5,-8,3,-10,4,-8,4,-7,4,-8,3,-9,4,-7,6,-8,6,-7,4,-8,4,-8,5,-7,5,-8,6,-6,0,0,0,0,0,0,0,0,0,0,0,0,0,0,0,0,0,0,0,0,0,0,-5,-20,-3,-20,-3,-21,1,-23,3,-24,4,-25,6,-24,8,-28,11,-27,14,-26,15,-27,18,-27,22,-27,24,-27,26,-23,28,-24,30,-24,34,-21,34,-17,37,-15,41,-12,41,-13,42,-10,43,-7,45,-4,43,-2,44,1,43,4,44,7,41,9,39,11,38,14,37,15,37,14,37,16,35,17,34,19,32,18,30,20,30,18,30,21,27,21,26,21,26,22,22,22,22,21,21,21,22,22,18,19,19,21,18,19,15,20,17,18,14,18,14,18,12,18,12,19,0,0]"
CSI_DATA,94,1a:00:00:00:00:00,-51,11,1,0,1,1,1,0,0,0,1,-96,0,11,2,1444112,0,44,0,384,0,"[0,0,0,0,0,0,0,0,0,0,0,0,-5,4,-4,3,-3,3,-3,3,-3,3,-3,3,-3,3,-2,3,-2,2,-1,2,-2,2,-1,3,-1,2,0,2,0,3,-1,3,0,3,0,3,0,3,0,3,0,3,1,3,0,3,0,3,1,3,0,4,0,0,0,4,0,4,1,4,-1,4,0,4,0,4,0,4,-1,4,-1,3,-1,3,-1,3,-1,3,-1,3,-1,3,-2,3,-1,2,-1,3,-1,2,-1,2,-1,2,-2,2,-1,2,-1,2,-1,2,-2,2,-2,2,0,0,0,0,0,0,0,0,0,0,0,0,0,0,-18,8,-17,7,-16,7,-15,5,-13,9,-14,7,-13,4,-13,5,-10,5,-10,6,-7,5,-8,5,-8,7,-5,6,-4,6,-5,6,-5,6,-5,6,-4,6,-3,8,-2,8,-2,8,-3,8,-3,9,-2,8,-3,9,-4,11,-3,10,-2,11,-2,12,-4,10,-5,13,-2,10,-4,12,-5,12,-4,10,-5,10,-5,8,-5,10,-8,9,-8,10,-5,9,-6,9,-7,7,-8,7,-6,8,-7,7,-5,7,-5,5,-6,5,-6,7,-6,6,-5,6,-5,6,-6,6,-7,4,-6,5,0,0,0,0,0,0,0,0,0,0,0,0,0,0,0,0,0,0,0,0,0,0,-4,19,-7,19,-9,19,-12,23,-12,20,-15,19,-17,19,-21,18,-23,19,-22,18,-25,17,-28,19,-30,17,-35,18,-37,13,-35,10,-39,11,-38,7,-40,4,-42,1,-42,-3,-44,-6,-42,-6,-40,-8,-43,-12,-42,-11,-43,-17,-43,-21,-39,-19,-40,-23,-36,-22,-36,-27,-32,-27,-32,-27,-29,-30,-29,-30,-27,-26,-28,-27,-25,-27,-25,-28,-23,-29,-23,-26,-21,-28,-21,-28,-18,-27,-15,-24,-15,-27,-15,-26,-14,-26,-12,-25,-12,-24,-14,-24,-14,-24,-13,-21,-10,-22,-10,-20,-9,-17,0,0]"
CSI_DATA,95,1a:00:00:00:00:00,-51,11,1,0,1,1,1,0,0,0,1,-96,0,11,2,1463828,0,44,0,384,0,"[0,0,0,0,0,0,0,0,0,0,0,0,2,-5,2,-5,1,-4,1,-4,1,-4,1,-4,1,-4,0,-4,0,-4,0,-3,0,-3,-1,-4,-1,-3,-1,-3,-1,-3,-1,-4,-2,-4,-1,-3,-2,-4,-2,-4,-2,-4,-2,-4,-2,-4,-3,-4,-2,-4,-2,-4,0,0,-2,-5,-2,-5,-2,-5,-1,-5,-2,-5,-1,-5,-1,-5,-1,-5,0,-5,0,-4,0,-4,-1,-4,-1,-4,0,-4,0,-3,0,-3,0,-4,0,-3,0,-3,0,-3,0,-3,0,-3,0,-3,0,-3,0,-3,1,-3,0,0,0,0,0,0,0,0,0,0,0,0,0,0,20,-24,20,-23,17,-21,17,-25,16,-22,17,-20,16,-22,13,-19,11,-16,10,-16,5,-22,8,-23,5,-19,6,-17,4,-17,3,-17,1,-13,-1,-13,-5,-18,-4,-18,-6,-21,-5,-20,-7,-20,-6,-16,-7,-18,-7,-21,-8,-26,-5,-25,-7,-21,-8,-27,-6,-27,-2,-28,-1,-27,-8,-24,-5,-30,0,-25,-2,-30,-1,-24,-2,-25,1,-24,3,-26,3,-24,2,-18,4,-21,4,-18,4,-20,7,-18,1,-17,3,-19,5,-17,4,-18,5,-17,4,-17,4,-15,5,-13,6,-16,12,-16,0,0,0,0,0,0,0,0,0,0,0,0,0,0,0,0,0,0,0,0,0,0,-10,-38,-4,-43,-3,-45,3,-46,4,-45,9,-51,11,-45,16,-51,21,-53,25,-53,30,-55,37,-55,40,-54,47,-55,55,-54,56,-47,60,-47,66,-46,66,-38,73,-35,72,-36,83,-30,82,-22,82,-21,84,-11,87,-7,85,-3,88,2,83,5,86,11,80,10,79,18,80,18,77,21,72,23,72,25,69,26,65,26,64,30,64,34,64,33,60,28,54,32,57,34,52,32,44,30,48,32,46,32,43,33,40,35,38,36,37,29,36,34,33,29,28,26,30,28,31,23,0,0]"
CSI_DATA,96,1a:00:00:00:00:00,-51,11,1,0,1,1,1,0,0,0,1,-96,0,11,2,1483855,0,44,0,384,0,"[0,0,0,0,0,0,0,0,0,0,0,0,3,-4,3,-4,3,-3,3,-3,2,-3,2,-3,2,-3,2,-4,1,-3,1,-3,1,-4,1,-4,0,-3,0,-3,0,-3,0,-4,0,-4,0,-4,-1,-4,-1,-4,-1,-4,0,-4,0,-5,-1,-4,-1,-5,0,-6,0,0,0,-5,0,-5,0,-5,0,-5,0,-5,0,-5,1,-5,1,-5,1,-4,1,-4,1,-4,1,-4,1,-4,1,-4,2,-3,1,-3,1,-4,1,-3,1,-3,1,-3,1,-3,1,-3,1,-3,1,-3,1,-2,1,-2,0,0,0,0,0,0,0,0,0,0,0,0,0,0,17,-7,14,-9,15,-8,14,-8,12,-8,12,-8,11,-5,10,-7,9,-5,7,-7,8,-5,6,-7,6,-5,6,-8,5,-10,4,-8,4,-10,5,-8,5,-8,4,-11,3,-10,1,-11,2,-10,2,-10,2,-12,1,-12,1,-12,1,-14,5,-13,2,-14,2,-14,5,-13,5,-12,4,-12,5,-13,4,-10,6,-13,5,-11,6,-13,8,-10,7,-8,8,-9,8,-9,6,-8,6,-7,4,-9,7,-7,4,-7,5,-7,6,-7,6,-7,5,-7,6,-7,6,-6,6,-5,6,-5,6,-4,0,0,0,0,0,0,0,0,0,0,0,0,0,0,0,0,0,0,0,0,0,0,3,-22,5,-22,7,-21,9,-21,12,-22,13,-21,15,-21,19,-23,20,-21,23,-19,24,-20,28,-18,30,-20,32,-17,34,-14,36,-12,39,-10,39,-8,39,-7,40,-1,41,1,45,5,43,7,44,9,43,12,43,14,44,17,39,19,39,20,37,23,37,25,33,23,30,25,31,26,28,27,27,28,26,27,25,26,24,28,23,28,21,29,21,27,17,28,17,27,15,26,15,27,15,24,13,25,12,24,10,25,9,23,13,22,9,23,9,19,9,19,8,18,6,20,0,0]"
CSI_DATA,97,1a:00:00:00:00:00,-51,11,1,0,1,1,1,0,0,0,1,-96,0,11,2,1493825,0,44,0,384,0,"[0,0,0,0,0,0,0,0,0,0,0,0,1,4,1,4,1,3,2,3,1,3,1,3,1,2,1,2,1,2,2,2,1,2,2,1,2,1,2,1,2,1,2,1,2,1,2,1,3,1,3,1,3,1,3,1,3,1,4,1,4,1,3,1,0,0,3,1,4,2,4,2,3,1,3,2,3,2,3,2,3,2,3,2,2,2,2,2,2,2,2,2,2,2,2,2,2,1,1,2,1,1,1,1,1,1,1,1,1,2,1,2,1,2,1,2,1,2,0,0,0,0,0,0,0,0,0,0,0,0,0,0,11,36,6,33,7,29,8,25,7,29,9,26,6,26,7,20,5,21,7,21,9,17,10,18,6,14,11,14,11,14,12,14,14,14,14,8,14,11,12,10,18,11,15,8,16,5,15,10,19,8,19,8,16,7,21,10,21,11,21,12,18,14,19,14,22,12,23,9,22,13,17,12,20,18,21,14,20,14,16,13,14,17,13,16,11,14,13,14,11,16,7,12,9,13,11,12,11,16,9,11,11,11,8,12,9,16,9,14,4,13,8,14,3,15,0,0,0,0,0,0,0,0,0,0,0,0,0,0,0,0,0,0,0,0,0,0,36,9,38,16,39,16,39,24,37,26,37,30,35,34,37,40,36,43,32,48,31,53,26,57,25,63,24,69,19,74,14,69,9,79,6,76,4,83,-7,84,-11,80,-16,85,-25,82,-32,80,-38,83,-41,76,-44,75,-53,71,-49,71,-53,67,-58,58,-60,59,-57,59,-57,54,-62,50,-61,49,-62,44,-63,41,-64,39,-64,38,-65,33,-59,30,-65,24,-60,30,-58,25,-54,19,-52,18,-51,20,-53,14,-50,12,-49,12,-49,11,-47,10,-39,8,-43,10,-43,10,-41,11,0,0]"
CSI_DATA,98,1a:00:00:00:00:00,-52,11,1,0,1,1,1,0,0,0,1,-96,0,11,2,1503992,0,44,0,384,0,"[0,0,0,0,0,0,0,0,0,0,0,0,-5,-2,-5,-1,-5,-2,-5,-2,-4,-2,-4,-1,-4,-1,-4,-1,-4,0,-3,-1,-4,0,-4,0,-4,0,-3,0,-3,0,-3,1,-3,1,-3,1,-3,1,-4,1,-4,1,-3,1,-4,2,-4,1,-4,1,-4,2,0,0,-5,1,-4,1,-4,1,-5,1,-4,0,-4,0,-4,0,-4,0,-5,0,-5,0,-4,0,-3,0,-4,0,-3,0,-4,0,-4,-1,-3,-1,-3,-1,-3,-1,-3,-1,-4,-1,-3,-1,-3,-1,-3,-1,-3,-1,-3,-2,0,0,0,0,0,0,0,0,0,0,0,0,0,0,-35,-15,-32,-15,-35,-12,-27,-11,-26,-14,-25,-14,-24,-10,-27,-10,-23,-7,-21,-8,-20,-6,-20,-7,-19,-5,-19,-2,-17,-1,-18,-1,-21,5,-17,4,-20,2,-18,6,-18,6,-18,7,-22,8,-18,4,-24,6,-22,8,-21,8,-22,8,-22,6,-25,8,-19,8,-22,11,-24,9,-24,5,-24,7,-30,1,-25,2,-27,2,-21,0,-22,0,-23,0,-21,0,-22,-2,-21,-3,-21,-3,-21,1,-17,-3,-17,0,-16,0,-14,0,-21,-2,-16,-4,-18,-2,-14,-1,-15,-2,-16,-1,-16,-6,0,0,0,0,0,0,0,0,0,0,0,0,0,0,0,0,0,0,0,0,0,0,-33,26,-37,24,-40,21,-43,17,-43,14,-51,10,-49,7,-56,7,-58,3,-59,-2,-65,-7,-67,-8,-71,-16,-71,-24,-70,-26,-68,-32,-72,-37,-64,-43,-67,-52,-64,-56,-62,-57,-61,-66,-53,-65,-56,-74,-50,-79,-47,-78,-40,-81,-35,-89,-27,-85,-21,-86,-19,-85,-15,-82,-11,-85,-7,-81,-3,-81,-2,-77,0,-79,3,-75,6,-72,7,-78,8,-74,10,-70,11,-66,17,-66,15,-61,12,-59,16,-60,16,-55,20,-54,21,-51,15,-46,19,-49,14,-44,17,-40,19,-45,22,-37,17,-42,0,0]"
CSI_DATA,99,1a:00:00:00:00:00,-52,11,1,0,1,1,1,0,0,0,1,-96,0,11,2,1514128,0,44,0,384,0,"[0,0,0,0,0,0,0,0,0,0,0,0,-2,-5,-2,-5,-2,-5,-2,-5,-2,-4,-1,-4,-2,-4,-2,-3,-1,-4,-2,-4,-2,-3,-2,-3,-3,-3,-3,-3,-3,-2,-3,-2,-3,-2,-3,-3,-4,-3,-4,-2,-4,-2,-4,-3,-4,-3,-5,-3,-4,-3,-4,-3,0,0,-4,-3,-4,-3,-4,-4,-4,-3,-3,-4,-3,-4,-3,-4,-3,-4,-3,-4,-2,-3,-2,-4,-2,-4,-2,-4,-2,-4,-2,-3,-2,-3,-2,-4,-2,-3,-2,-3,-2,-3,-2,-3,-1,-3,-1,-3,-1,-3,-1,-3,-1,-3,0,0,0,0,0,0,0,0,0,0,0,0,0,0,-5,-18,-4,-17,-6,-16,-5,-16,-4,-18,-5,-14,-3,-13,-5,-13,-3,-11,-4,-11,-4,-9,-4,-10,-5,-7,-5,-8,-3,-7,-5,-5,-6,-8,-7,-7,-8,-5,-8,-5,-7,-7,-9,-7,-9,-4,-10,-6,-8,-7,-10,-5,-11,-7,-10,-5,-10,-6,-11,-6,-11,-7,-12,-8,-9,-9,-12,-7,-9,-9,-10,-9,-8,-7,-9,-9,-9,-9,-9,-9,-7,-8,-6,-10,-4,-6,-6,-9,-7,-9,-4,-9,-4,-8,-5,-8,-4,-8,-4,-6,-6,-8,-4,-7,-5,-9,-2,-8,-4,-9,-1,-8,-2,-9,0,0,0,0,0,0,0,0,0,0,0,0,0,0,0,0,0,0,0,0,0,0,-19,0,-20,-2,-23,-3,-24,-7,-23,-8,-21,-9,-22,-11,-23,-14,-24,-18,-23,-17,-23,-21,-23,-25,-22,-26,-22,-31,-18,-34,-15,-36,-15,-39,-12,-37,-11,-40,-5,-42,-3,-42,-2,-46,1,-42,4,-45,8,-45,10,-45,13,-43,17,-42,16,-39,19,-37,20,-38,22,-36,24,-33,24,-31,25,-30,26,-28,26,-27,26,-26,28,-24,27,-25,29,-24,25,-20,28,-18,27,-20,26,-16,27,-14,26,-14,26,-12,26,-13,26,-11,24,-9,25,-11,25,-10,20,-8,20,-8,20,-8,21,-8,0,0]"
CSI_DATA,100,1a:00:00:00:00:00,-52,11,1,0,1,1,1,0,0,0,1,-96,0,11,2,1524138,0,44,0,384,0,"[0,0,0,0,0,0,0,0,0,0,0,0,-1,5,0,5,0,5,0,4,0,4,0,3,0,3,0,3,0,3,0,3,0,2,0,2,1,2,1,2,1,2,1,2,1,2,1,2,2,2,2,2,2,2,2,2,2,2,3,3,2,3,2,2,0,0,2,3,2,4,2,3,2,3,2,4,1,4,1,4,1,3,1,3,1,3,0,3,0,3,0,3,0,3,0,2,0,2,0,2,0,2,0,2,0,2,0,2,-1,2,-1,2,-1,2,-1,2,-1,2,0,0,0,0,0,0,0,0,0,0,0,0,0,0,-3,16,-4,18,-3,18,-3,17,-3,13,-3,14,-3,12,-3,10,-3,10,-1,12,-1,9,0,10,0,9,2,9,0,8,2,9,1,6,3,5,3,6,2,6,3,6,4,6,5,6,8,7,5,6,7,8,7,7,3,8,7,9,5,9,6,9,5,9,6,8,5,9,4,11,5,9,5,11,4,10,5,10,2,9,1,10,-1,9,1,8,1,8,2,10,2,7,0,7,2,8,0,6,1,7,-1,7,1,6,-1,8,-1,8,-2,8,0,7,-4,7,0,0,0,0,0,0,0,0,0,0,0,0,0,0,0,0,0,0,0,0,0,0,18,6,18,8,16,8,19,14,18,13,16,18,17,19,16,21,14,23,12,22,11,29,11,29,9,34,6,34,5,36,1,35,1,39,-4,36,-5,41,-10,41,-10,39,-16,42,-19,37,-20,36,-25,37,-26,33,-29,33,-31,34,-30,30,-35,28,-31,23,-35,24,-37,22,-35,21,-36,19,-35,15,-33,14,-37,13,-37,12,-36,12,-36,8,-34,9,-35,7,-33,6,-34,5,-30,4,-30,2,-30,2,-30,1,-27,-1,-28,-1,-25,-1,-27,-1,-23,-2,-23,-1,-24,0,-22,-1,0,0]"
CSI_DATA,101,1a:00:00:00:00:00,-52,11,1,0,1,1,1,0,0,0,1,-96,0,11,2,1535578,0,44,0,384,0,"[0,0,0,0,0,0,0,0,0,0,0,0,3,3,3,3,3,3,3,3,3,2,2,2,2,2,2,2,2,2,2,2,2,1,2,0,2,1,2,1,2,0,2,0,2,-1,2,-1,3,0,3,-1,3,-1,3,-1,3,-1,3,0,3,-1,4,-1,0,0,4,-1,3,0,4,0,4,-1,3,1,3,0,3,0,3,1,3,0,3,0,3,0,2,1,2,1,2,1,2,0,3,0,2,0,3,0,3,0,2,0,2,1,2,1,2,1,2,1,2,1,2,1,0,0,0,0,0,0,0,0,0,0,0,0,0,0,13,10,14,10,14,10,13,10,10,11,12,10,10,8,9,6,10,6,8,7,8,6,7,6,7,6,6,5,5,2,7,2,8,0,8,1,8,1,6,2,9,0,7,-1,7,0,7,-3,9,-2,8,-2,11,-2,11,-5,10,-2,10,-2,9,-2,10,-2,11,-1,11,-2,10,-1,12,0,10,2,10,0,10,0,8,0,9,-1,10,0,8,1,8,3,7,1,8,0,7,0,7,1,7,0,6,3,7,2,5,0,8,3,8,4,7,1,8,2,6,5,0,0,0,0,0,0,0,0,0,0,0,0,0,0,0,0,0,0,0,0,0,0,15,-12,15,-11,18,-8,21,-7,22,-5,21,-3,24,-2,26,0,27,1,28,4,29,7,29,8,33,8,31,14,32,18,31,20,31,19,29,24,28,27,24,31,23,33,24,35,22,36,18,37,17,41,16,40,11,41,10,43,6,41,5,42,3,39,-2,41,-3,39,-5,39,-6,40,-7,38,-8,36,-8,36,-11,36,-8,33,-12,34,-12,33,-12,31,-14,31,-14,27,-15,30,-15,26,-14,25,-15,25,-15,21,-14,22,-15,20,-14,21,-15,19,-16,18,-13,18,-13,18,0,0]"
CSI_DATA,102,1a:00:00:00:00:00,-53,11,1,0,1,1,1,0,0,0,1,-96,0,11,2,1563849,0,44,0,384,0,"[0,0,0,0,0,0,0,0,0,0,0,0,-5,-3,-5,-3,-4,-3,-4,-3,-4,-3,-4,-2,-4,-2,-3,-2,-3,-2,-3,-2,-3,-1,-3,-1,-3,-1,-3,-1,-3,-1,-3,0,-3,0,-3,0,-3,0,-3,0,-3,0,-3,0,-3,1,-4,0,-4,0,-4,1,0,0,-4,1,-3,0,-4,0,-4,0,-4,0,-4,0,-4,0,-4,-1,-4,0,-4,0,-4,0,-3,-1,-3,-1,-3,-1,-3,-1,-4,-1,-3,-1,-3,-1,-3,-1,-3,-1,-3,-1,-3,-1,-3,-1,-3,-2,-3,-1,-3,-2,0,0,0,0,0,0,0,0,0,0,0,0,0,0,-30,-29,-31,-27,-28,-23,-27,-23,-23,-23,-19,-21,-16,-20,-21,-19,-18,-14,-17,-13,-21,-17,-16,-16,-15,-13,-15,-10,-15,-11,-13,-6,-20,-6,-16,-5,-19,-5,-12,-2,-12,-1,-17,-3,-18,1,-19,1,-18,8,-17,3,-19,3,-21,4,-20,3,-20,2,-20,0,-20,1,-25,4,-24,0,-18,1,-20,-2,-22,1,-22,-2,-20,-3,-23,-3,-20,-6,-20,-3,-17,-7,-16,-7,-19,-6,-16,-5,-12,-3,-15,-7,-14,-6,-14,-4,-15,-5,-17,-4,-20,-8,-12,-12,-14,-8,-12,-8,-14,-9,0,0,0,0,0,0,0,0,0,0,0,0,0,0,0,0,0,0,0,0,0,0,-26,24,-30,26,-36,23,-35,25,-43,21,-45,17,-51,11,-53,11,-55,7,-58,4,-60,2,-64,-8,-67,-12,-71,-19,-74,-20,-68,-31,-73,-32,-67,-35,-68,-45,-67,-57,-65,-59,-61,-67,-56,-68,-53,-70,-43,-82,-40,-82,-37,-84,-35,-87,-25,-83,-19,-86,-16,-84,-17,-85,-10,-84,-5,-85,-2,-79,-1,-78,5,-79,4,-75,12,-76,11,-75,17,-72,14,-71,19,-62,20,-64,19,-63,25,-64,27,-61,26,-57,23,-55,23,-47,28,-50,25,-51,28,-49,26,-41,23,-43,26,-38,26,-39,0,0]"
CSI_DATA,103,1a:00:00:00:00:00,-53,11,1,0,1,1,1,0,0,0,1,-96,0,11,2,1573853,0,44,0,384,0,"[0,0,0,0,0,0,0,0,0,0,0,0,4,3,3,3,3,3,3,3,3,3,2,2,2,2,2,2,2,1,2,1,1,1,2,1,2,1,2,1,2,1,2,0,2,-1,2,-1,2,0,2,-1,2,0,2,-1,3,-1,3,-1,3,0,3,-1,0,0,3,-1,3,0,3,0,4,-1,3,0,3,0,3,0,3,0,3,0,3,0,3,0,2,0,2,0,2,0,2,0,3,0,2,0,2,0,2,0,2,0,2,0,2,1,2,1,2,1,2,1,2,1,0,0,0,0,0,0,0,0,0,0,0,0,0,0,31,21,28,20,29,21,25,25,26,21,21,18,20,16,20,18,18,19,17,21,14,16,12,13,12,13,15,6,19,6,12,5,13,7,16,4,15,-1,15,-3,13,-1,14,-2,18,-5,17,-2,20,-2,16,-4,19,-5,21,-8,16,-8,18,-9,18,-4,19,-5,21,-2,20,-3,19,-4,22,-1,20,-2,19,-2,19,3,20,-2,15,3,18,-2,17,6,18,3,16,0,14,3,18,1,14,2,15,2,13,3,16,3,14,4,19,4,18,6,21,4,13,7,14,9,0,0,0,0,0,0,0,0,0,0,0,0,0,0,0,0,0,0,0,0,0,0,26,-26,26,-27,34,-25,39,-22,43,-20,46,-18,49,-9,50,-10,56,-8,57,-8,63,1,66,7,68,10,70,15,70,23,66,26,70,37,69,42,67,45,63,51,60,59,55,61,55,66,55,72,46,78,46,77,35,77,33,85,23,88,22,89,19,80,11,85,6,88,3,84,4,80,-3,81,-2,77,-5,78,-7,75,-6,74,-13,74,-17,70,-19,69,-22,66,-21,63,-24,58,-26,58,-23,57,-25,52,-25,51,-25,53,-23,50,-24,44,-27,40,-27,43,-26,45,-24,37,0,0]"
CSI_DATA,104,1a:00:00:00:00:00,-53,11,1,0,1,1,1,0,0,0,1,-96,0,11,2,1583885,0,44,0,384,0,"[0,0,0,0,0,0,0,0,0,0,0,0,-2,-6,-1,-6,-2,-6,-1,-5,-2,-5,-1,-4,-1,-4,-1,-4,-1,-3,-2,-3,-1,-3,-2,-3,-2,-2,-2,-2,-3,-2,-2,-2,-2,-2,-2,-2,-3,-2,-3,-1,-3,-1,-4,-2,-3,-1,-4,-2,-4,-2,-4,-1,0,0,-4,-2,-4,-2,-4,-2,-4,-2,-4,-2,-4,-3,-4,-3,-3,-2,-4,-2,-3,-2,-3,-2,-3,-3,-3,-3,-2,-2,-3,-2,-3,-2,-3,-2,-3,-2,-3,-2,-3,-2,-3,-3,-2,-3,-3,-3,-2,-3,-2,-3,-2,-3,0,0,0,0,0,0,0,0,0,0,0,0,0,0,-11,-16,-8,-17,-8,-15,-9,-14,-10,-14,-6,-14,-8,-12,-6,-11,-6,-12,-5,-12,-6,-9,-7,-10,-5,-9,-4,-7,-5,-6,-6,-5,-6,-5,-6,-4,-8,-3,-7,-2,-6,-2,-7,-2,-7,0,-7,0,-8,0,-7,0,-9,-2,-8,1,-10,-1,-9,-1,-9,-1,-10,-1,-10,0,-12,-1,-9,-2,-11,-2,-10,-2,-11,-2,-11,-2,-10,-2,-10,-2,-9,-2,-9,-4,-8,-2,-9,1,-8,-3,-7,-2,-8,-2,-8,-1,-7,0,-10,-2,-8,-3,-10,-2,-10,-4,-8,-4,-7,-3,-8,-4,0,0,0,0,0,0,0,0,0,0,0,0,0,0,0,0,0,0,0,0,0,0,-17,-2,-20,-3,-20,-4,-22,-7,-22,-8,-20,-10,-22,-11,-22,-15,-24,-15,-22,-17,-21,-23,-21,-26,-20,-28,-19,-29,-18,-31,-17,-31,-17,-39,-14,-37,-12,-40,-9,-38,-8,-40,-5,-42,0,-42,1,-44,6,-43,7,-43,10,-41,10,-44,13,-41,14,-41,16,-38,18,-38,19,-36,18,-36,22,-35,22,-32,22,-30,23,-30,23,-29,23,-30,25,-28,23,-26,26,-25,21,-24,24,-22,24,-21,24,-20,23,-21,23,-20,21,-19,21,-14,24,-16,21,-17,20,-14,20,-14,20,-14,18,-12,0,0]"
CSI_DATA,105,1a:00:00:00:00:00,-53,11,1,0,1,1,1,0,0,0,1,-96,0,11,2,1603851,0,44,0,384,0,"[0,0,0,0,0,0,0,0,0,0,0,0,-6,2,-6,1,-5,1,-5,0,-5,1,-5,1,-4,1,-4,1,-3,1,-4,0,-3,1,-3,1,-3,1,-2,1,-2,1,-2,2,-2,2,-2,2,-1,2,-1,2,-1,2,-1,2,-1,3,-1,2,-1,2,-1,3,0,0,-2,4,-1,3,-1,3,-2,3,-1,3,-1,3,-1,3,-1,3,-2,3,-2,3,-2,2,-1,3,-1,2,-2,3,-2,2,-2,2,-2,2,-2,2,-2,2,-2,2,-2,2,-2,2,-2,2,-2,2,-2,2,-2,2,0,0,0,0,0,0,0,0,0,0,0,0,0,0,-20,5,-16,6,-17,7,-18,4,-14,3,-15,5,-13,5,-13,3,-12,1,-12,2,-11,3,-7,2,-8,3,-8,3,-7,2,-5,3,-5,3,-5,5,-5,5,-4,6,-3,7,-4,4,-3,6,-2,7,-5,6,-6,7,-3,7,-4,8,-3,5,-2,9,-2,9,-3,10,-3,8,-3,8,-3,11,-6,9,-4,8,-5,9,-4,7,-4,7,-4,8,-5,8,-5,8,-5,4,-5,6,-4,7,-5,6,-7,7,-6,6,-5,6,-5,7,-5,6,-5,8,-5,4,-7,7,-6,5,-7,5,0,0,0,0,0,0,0,0,0,0,0,0,0,0,0,0,0,0,0,0,0,0,1,18,-1,20,-2,20,-4,20,-6,22,-8,23,-12,22,-13,23,-14,24,-17,22,-20,22,-23,24,-24,24,-29,22,-30,18,-33,18,-35,18,-37,15,-39,11,-39,10,-42,8,-45,6,-43,3,-46,0,-45,-2,-45,-6,-46,-11,-45,-12,-41,-14,-40,-16,-38,-17,-38,-20,-38,-20,-36,-22,-35,-23,-33,-23,-33,-23,-30,-22,-30,-26,-27,-26,-26,-27,-27,-26,-24,-27,-25,-28,-21,-25,-20,-28,-17,-28,-19,-25,-15,-27,-14,-27,-14,-23,-13,-26,-13,-25,-11,-21,-11,-25,-12,-23,-10,-21,0,0]"
CSI_DATA,106,1a:00:00:00:00:00,-53,11,1,0,1,1,1,0,0,0,1,-96,0,11,2,1613927,0,44,0,384,0,"[0,0,0,0,0,0,0,0,0,0,0,0,-2,5,-2,4,-2,4,-2,3,-2,3,-2,3,-2,3,-1,3,-1,2,-1,2,-1,2,-1,2,0,2,0,2,0,2,0,1,0,1,0,1,1,1,1,1,1,1,2,1,1,2,2,1,2,2,1,2,0,0,1,2,2,2,2,2,1,2,2,2,2,2,2,2,1,2,1,2,1,2,1,2,1,2,1,2,1,2,1,2,1,1,1,2,1,1,1,2,0,2,1,1,0,2,0,2,0,2,0,2,0,2,0,0,0,0,0,0,0,0,0,0,0,0,0,0,-3,36,-3,32,-2,37,-2,32,-2,34,-3,31,-2,29,-3,22,-3,21,-4,24,1,20,2,21,0,19,-1,15,2,16,4,15,1,12,2,11,6,10,8,9,11,6,5,11,9,8,10,6,11,11,12,7,18,10,14,6,15,9,16,10,16,12,17,13,16,14,14,10,13,11,17,7,12,10,12,8,10,12,10,12,14,14,10,13,10,11,10,9,11,9,10,11,9,12,7,11,8,8,10,9,11,7,11,14,10,12,7,11,7,12,5,12,6,16,0,0,0,0,0,0,0,0,0,0,0,0,0,0,0,0,0,0,0,0,0,0,33,9,35,13,39,18,37,25,37,28,38,28,37,33,36,39,33,43,32,47,31,55,24,56,25,59,19,67,12,64,9,75,6,77,-1,81,-4,80,-8,82,-17,85,-22,83,-30,85,-35,82,-40,81,-45,79,-48,70,-51,70,-60,68,-62,62,-63,60,-63,58,-66,52,-63,50,-66,50,-67,43,-67,45,-68,41,-64,30,-67,32,-65,27,-68,28,-67,24,-67,23,-62,17,-66,19,-63,17,-57,14,-56,12,-57,11,-54,6,-56,7,-51,4,-54,2,-51,2,-49,-4,-43,0,0,0]"
CSI_DATA,107,1a:00:00:00:00:00,-53,11,1,0,1,1,1,0,0,0,1,-96,0,11,2,1623841,0,44,0,384,0,"[0,0,0,0,0,0,0,0,0,0,0,0,-3,4,-3,4,-3,4,-3,3,-3,3,-3,3,-2,3,-2,3,-2,2,-2,2,-2,2,-2,2,-1,2,-1,2,0,2,-1,1,0,2,0,1,0,1,1,2,0,2,1,2,0,2,1,2,1,2,0,2,0,0,0,2,0,3,0,3,0,2,0,3,0,3,0,3,0,3,0,2,-1,2,-1,2,-1,3,-1,2,-1,2,-1,2,-1,2,-1,3,-1,2,-1,2,-1,2,-1,2,-1,2,-1,2,-2,2,-1,2,-2,2,0,0,0,0,0,0,0,0,0,0,0,0,0,0,-20,36,-15,31,-14,32,-13,31,-14,32,-16,27,-19,25,-13,23,-8,19,-9,22,-10,14,-7,15,-7,17,-8,15,-4,9,-8,17,-6,12,-2,10,-1,12,3,11,4,9,6,13,5,12,4,8,6,10,8,12,10,16,8,11,5,15,11,15,7,15,12,15,10,16,7,17,9,15,10,12,8,17,10,17,6,14,9,16,5,14,5,17,3,13,5,14,11,13,6,15,5,15,2,10,6,17,8,14,7,16,6,14,4,13,6,11,5,14,0,14,-2,16,0,0,0,0,0,0,0,0,0,0,0,0,0,0,0,0,0,0,0,0,0,0,27,24,24,32,25,30,22,37,15,39,14,42,17,44,9,50,13,56,4,55,-2,60,-3,65,-8,68,-15,71,-21,67,-25,68,-27,72,-34,71,-38,69,-46,68,-51,67,-59,65,-66,58,-65,57,-75,52,-78,49,-78,44,-81,40,-79,39,-80,34,-82,29,-85,22,-84,19,-82,16,-80,13,-78,10,-79,8,-77,2,-77,0,-78,-1,-75,-3,-75,-1,-68,-6,-68,-8,-63,-11,-68,-3,-62,-9,-61,-12,-62,-13,-55,-15,-53,-16,-53,-20,-52,-16,-46,-18,-48,-20,-45,-12,-44,-20,0,0]"
CSI_DATA,108,1a:00:00:00:00:00,-54,11,1,0,1,1,1,0,0,0,1,-96,0,11,2,1634122,0,44,0,384,0,"[0,0,0,0,0,0,0,0,0,0,0,0,-1,5,-1,5,0,5,-1,4,-1,4,-1,4,-1,3,-1,3,-1,3,0,2,-1,2,0,2,1,2,0,1,0,1,0,1,0,1,1,1,1,1,2,1,2,1,2,1,2,1,2,2,2,2,2,1,0,0,2,1,2,2,2,2,1,1,2,2,2,2,1,2,1,2,2,2,1,2,1,2,1,2,1,2,1,2,1,2,1,2,1,2,1,1,1,1,1,2,1,2,0,2,0,2,0,2,0,2,0,2,0,0,0,0,0,0,0,0,0,0,0,0,0,0,0,20,1,19,-2,19,-1,16,-3,16,-1,17,-2,11,-1,14,-3,12,0,12,-3,12,-2,10,-2,9,0,8,-1,7,-1,6,1,7,1,6,1,4,1,4,2,5,4,5,4,5,5,5,5,3,4,4,5,4,6,4,6,4,4,6,5,6,4,6,7,6,7,6,6,7,5,6,5,6,6,8,6,6,4,7,3,4,7,5,5,4,4,8,4,7,4,2,4,7,2,6,3,5,3,7,4,6,3,6,1,7,2,8,1,8,1,6,0,8,0,0,0,0,0,0,0,0,0,0,0,0,0,0,0,0,0,0,0,0,0,0,19,-2,18,0,19,3,21,4,21,7,22,8,23,11,21,14,21,17,23,16,21,20,21,24,20,27,21,30,15,30,13,34,13,37,7,38,8,40,2,40,-1,41,-3,45,-4,42,-7,42,-12,42,-14,43,-16,41,-20,39,-23,38,-22,36,-26,33,-27,33,-30,31,-29,28,-31,28,-31,25,-32,25,-30,25,-31,21,-34,19,-34,19,-31,17,-32,15,-33,14,-34,12,-29,10,-30,9,-31,8,-31,7,-30,8,-28,6,-27,4,-29,3,-26,0,-26,2,-25,2,-21,0,0,0]"
CSI_DATA,109,1a:00:00:00:00:00,-53,11,1,0,1,1,1,0,0,0,1,-96,0,11,2,1663828,0,44,0,384,0,"[0,0,0,0,0,0,0,0,0,0,0,0,6,1,5,1,5,1,5,2,4,1,3,1,4,0,3,0,2,0,3,1,3,0,2,0,2,0,2,0,2,0,2,-1,2,-1,2,-2,2,-1,2,-1,2,-1,2,-1,2,-2,2,-2,2,-1,2,-2,0,0,2,-2,3,-2,2,-2,3,-2,2,-1,2,-2,2,-2,2,-1,3,-2,3,-1,3,-1,2,-1,2,-1,2,-1,2,-1,2,-1,2,-1,2,-1,2,-1,2,-1,2,-1,2,-1,2,-1,2,-1,3,0,3,0,0,0,0,0,0,0,0,0,0,0,0,0,0,0,18,6,19,5,18,6,15,8,14,7,14,5,12,5,12,6,13,4,11,5,7,5,8,4,7,5,9,4,6,3,6,3,8,0,6,0,7,-1,5,0,5,-1,6,-1,6,-3,8,-3,7,-2,9,-2,7,-4,7,-3,9,-3,7,-4,9,-4,7,-3,8,-4,8,-3,10,-3,8,-3,10,-1,7,0,8,1,9,-1,8,-3,8,0,10,0,9,0,6,-1,8,-1,6,-1,6,0,7,1,8,0,7,1,7,-1,8,1,9,1,7,3,7,3,8,3,0,0,0,0,0,0,0,0,0,0,0,0,0,0,0,0,0,0,0,0,0,0,-1,-20,2,-19,5,-22,7,-21,10,-22,12,-21,14,-22,15,-21,19,-23,19,-21,23,-19,26,-18,29,-19,32,-16,34,-14,34,-10,38,-9,39,-6,40,-6,42,1,39,5,43,8,42,10,40,14,41,19,41,19,38,23,36,25,34,29,32,31,27,32,28,33,25,33,23,34,22,35,18,36,17,32,16,34,14,35,14,34,11,34,11,34,6,35,7,34,5,33,4,33,2,32,2,31,0,29,-3,26,-2,28,-2,26,-2,25,-3,25,-4,26,-4,22,-6,22,0,0]"
CSI_DATA,110,1a:00:00:00:00:00,-53,11,1,0,1,1,1,0,0,0,1,-96,0,11,2,1673867,0,44,0,384,0,"[0,0,0,0,0,0,0,0,0,0,0,0,-1,-6,-1,-6,-1,-5,-1,-5,-1,-5,-1,-4,-1,-4,-1,-4,-1,-4,-1,-4,-1,-3,-1,-3,-1,-3,-2,-3,-2,-3,-2,-2,-1,-2,-2,-2,-2,-2,-3,-3,-3,-2,-3,-2,-2,-2,-3,-3,-3,-2,-2,-2,0,0,-3,-2,-3,-3,-3,-3,-2,-2,-3,-3,-3,-3,-2,-3,-3,-3,-2,-3,-2,-2,-2,-3,-2,-3,-1,-3,-2,-3,-2,-2,-2,-2,-2,-3,-2,-2,-2,-2,-2,-2,-2,-3,-2,-3,-1,-3,-1,-3,-2,-3,-1,-3,0,0,0,0,0,0,0,0,0,0,0,0,0,0,-4,-43,-6,-42,-6,-38,-5,-41,-3,-35,-4,-35,-5,-31,-1,-28,0,-27,1,-23,0,-26,-2,-19,-1,-21,-2,-18,-3,-16,-2,-20,-7,-12,-4,-13,-7,-12,-4,-13,-5,-15,-7,-16,-9,-9,-12,-8,-16,-12,-11,-7,-7,-11,-16,-11,-15,-15,-16,-13,-9,-19,-12,-17,-11,-14,-13,-17,-9,-11,-8,-16,-10,-17,-10,-18,-13,-20,-4,-18,-7,-18,-6,-17,-5,-14,-6,-14,-8,-12,-4,-14,-6,-13,-8,-14,-5,-12,-5,-11,1,-16,-6,-14,-6,-11,-1,-13,-1,-15,-1,-17,-1,-15,0,0,0,0,0,0,0,0,0,0,0,0,0,0,0,0,0,0,0,0,0,0,-37,20,-38,12,-39,9,-46,9,-49,2,-46,-3,-50,-7,-53,-10,-57,-17,-55,-21,-57,-28,-59,-30,-59,-37,-56,-47,-50,-51,-52,-56,-48,-62,-45,-70,-42,-69,-35,-74,-25,-79,-25,-86,-15,-89,-11,-91,-3,-85,2,-88,14,-92,16,-87,21,-86,27,-82,28,-78,35,-83,39,-74,39,-73,40,-71,46,-63,45,-60,51,-59,47,-60,49,-52,57,-51,51,-48,56,-44,56,-45,53,-39,57,-39,53,-36,51,-30,49,-32,53,-25,52,-18,53,-18,47,-17,45,-16,46,-15,46,-16,49,-12,0,0]"
CSI_DATA,111,1a:00:00:00:00:00,-53,11,1,0,1,1,1,0,0,0,1,-96,0,11,2,1683854,0,44,0,384,0,"[0,0,0,0,0,0,0,0,0,0,0,0,3,3,3,4,3,3,3,3,3,3,2,2,2,2,2,2,2,2,2,2,2,1,2,1,2,1,2,2,2,1,2,1,2,0,2,0,2,0,2,0,2,0,2,0,2,0,3,0,3,0,3,0,0,0,3,0,2,1,3,0,3,0,2,1,2,1,2,1,2,1,2,0,2,1,2,0,1,1,2,1,1,1,2,1,2,1,1,1,2,1,2,1,2,1,2,1,1,1,1,1,1,1,2,2,1,1,0,0,0,0,0,0,0,0,0,0,0,0,0,0,22,31,21,36,22,25,14,30,17,34,10,29,17,24,13,25,11,25,11,23,12,19,7,18,10,13,10,16,10,16,8,9,13,13,12,8,12,7,12,9,12,6,11,9,16,4,12,4,15,5,15,5,17,6,16,9,19,6,17,5,16,3,19,5,18,2,19,8,12,9,18,8,15,6,13,8,17,8,12,9,12,10,12,8,11,11,8,10,8,7,12,6,10,6,10,5,10,6,9,8,12,9,9,8,8,10,11,8,10,9,12,8,8,11,0,0,0,0,0,0,0,0,0,0,0,0,0,0,0,0,0,0,0,0,0,0,32,-22,39,-19,37,-15,41,-12,48,-9,45,-3,50,-3,51,4,56,8,54,10,65,16,61,20,66,26,65,32,63,42,60,47,60,52,54,54,52,61,44,70,41,75,39,81,34,78,28,84,24,87,22,86,12,83,4,92,-2,86,-4,87,-11,87,-16,84,-20,81,-23,81,-29,78,-30,75,-29,73,-29,72,-33,68,-32,70,-40,67,-36,60,-43,56,-38,59,-38,53,-43,46,-43,46,-42,44,-43,40,-42,41,-39,38,-41,35,-40,37,-39,30,-37,31,-38,29,-35,25,0,0]"
CSI_DATA,112,1a:00:00:00:00:00,-52,11,1,0,1,1,1,0,0,0,1,-96,0,11,2,1695375,0,44,0,384,0,"[0,0,0,0,0,0,0,0,0,0,0,0,-6,2,-5,2,-5,2,-5,1,-4,1,-5,2,-4,1,-4,1,-4,1,-3,1,-3,1,-3,1,-2,1,-2,1,-2,1,-2,2,-2,2,-2,2,-1,2,-2,2,-2,2,-2,2,-2,2,-1,2,-2,2,-2,2,0,0,-3,2,-2,3,-2,2,-3,2,-3,2,-3,2,-3,2,-3,2,-3,1,-3,1,-3,1,-3,1,-3,1,-3,1,-2,1,-2,0,-2,1,-2,1,-3,0,-2,0,-2,0,-3,1,-3,1,-3,1,-3,0,-3,0,0,0,0,0,0,0,0,0,0,0,0,0,0,0,-34,13,-35,11,-38,11,-29,12,-32,9,-29,5,-27,7,-27,8,-24,5,-21,5,-21,4,-21,6,-19,5,-17,4,-19,7,-12,8,-13,7,-12,9,-12,6,-14,8,-12,12,-11,11,-13,11,-11,13,-10,10,-14,14,-13,19,-13,12,-13,13,-15,19,-13,13,-14,17,-13,10,-12,16,-15,14,-15,11,-16,11,-17,6,-15,11,-16,12,-14,5,-16,10,-10,10,-10,4,-13,11,-13,8,-13,4,-14,7,-14,5,-12,6,-16,5,-14,2,-16,5,-13,6,-16,2,-14,2,-16,-1,0,0,0,0,0,0,0,0,0,0,0,0,0,0,0,0,0,0,0,0,0,0,14,35,14,37,8,39,8,46,2,48,1,50,-4,53,-13,53,-16,53,-24,55,-26,59,-34,59,-40,59,-44,57,-50,56,-56,49,-65,53,-66,42,-72,42,-80,34,-83,26,-85,22,-86,17,-91,15,-93,3,-92,0,-91,-10,-94,-12,-87,-17,-89,-19,-82,-25,-80,-33,-76,-38,-74,-39,-71,-46,-69,-48,-63,-45,-66,-44,-62,-48,-57,-52,-55,-54,-51,-52,-50,-50,-47,-52,-41,-51,-39,-57,-34,-51,-31,-49,-30,-50,-26,-49,-27,-47,-25,-53,-22,-46,-23,-46,-18,-41,-20,-43,-20,-41,0,0]"
CSI_DATA,113,1a:00:00:00:00:00,-53,11,1,0,1,1,1,0,0,0,1,-96,0,11,2,1705046,0,44,0,384,0,"[0,0,0,0,0,0,0,0,0,0,0,0,2,4,1,4,2,4,2,4,1,3,1,3,1,2,1,2,1,2,1,2,1,2,1,1,2,1,2,1,2,1,1,1,1,1,2,0,2,1,2,1,3,1,3,1,2,0,3,1,3,1,3,0,0,0,3,1,3,1,3,1,3,1,3,2,2,2,2,2,2,2,2,1,2,1,2,1,2,1,1,1,1,1,2,1,2,1,1,1,2,1,1,1,2,1,2,1,1,1,1,1,1,1,1,2,1,2,0,0,0,0,0,0,0,0,0,0,0,0,0,0,7,17,5,16,4,16,3,14,5,17,3,13,3,11,3,12,3,9,3,11,1,10,3,9,4,8,3,6,2,6,3,6,4,7,4,6,4,3,3,6,5,6,6,3,6,3,9,4,8,4,6,4,8,5,8,5,7,5,8,5,9,5,6,8,7,6,7,5,8,7,8,6,7,7,6,7,5,7,4,6,5,7,4,7,4,6,4,8,3,6,3,4,2,6,3,7,3,5,3,6,3,6,3,5,3,7,2,6,0,6,1,6,2,6,0,0,0,0,0,0,0,0,0,0,0,0,0,0,0,0,0,0,0,0,0,0,14,-12,18,-9,19,-7,22,-7,22,-4,23,-4,25,-2,26,1,27,5,28,6,27,9,31,11,33,14,32,17,30,23,27,25,26,28,25,31,24,31,21,36,19,37,16,41,12,40,11,41,8,45,5,44,3,44,-3,45,-7,42,-7,42,-9,39,-13,41,-15,38,-17,39,-16,36,-20,34,-18,33,-19,30,-19,30,-21,29,-23,28,-23,25,-25,24,-25,23,-25,21,-24,18,-24,18,-23,17,-25,16,-22,15,-23,15,-24,14,-22,13,-21,10,-22,10,-21,7,-20,8,0,0]"
CSI_DATA,114,1a:00:00:00:00:00,-52,11,1,0,1,1,1,0,0,0,1,-96,0,11,2,1723862,0,44,0,384,0,"[0,0,0,0,0,0,0,0,0,0,0,0,5,-2,4,-2,4,-1,4,-1,4,-1,3,-2,3,-1,3,-2,3,-2,2,-1,2,-2,2,-2,2,-2,2,-2,1,-2,1,-3,2,-3,2,-3,1,-3,1,-3,1,-3,1,-3,2,-4,1,-3,1,-4,2,-4,0,0,2,-4,1,-4,1,-3,2,-4,2,-3,2,-4,2,-3,2,-3,2,-3,3,-3,2,-3,2,-3,2,-2,2,-2,2,-2,2,-2,1,-3,2,-2,2,-2,2,-2,2,-2,1,-2,1,-2,1,-2,2,-2,2,-2,0,0,0,0,0,0,0,0,0,0,0,0,0,0,37,0,32,3,33,0,29,-1,31,0,25,2,22,-1,24,4,21,-1,22,3,18,0,16,-2,18,-4,17,-3,16,-6,10,-9,13,-5,15,-8,14,-12,10,-12,14,-13,12,-8,11,-11,15,-8,15,-13,13,-13,13,-14,13,-14,17,-17,14,-17,15,-18,13,-14,15,-13,15,-15,14,-16,18,-13,19,-14,18,-9,16,-7,16,-13,15,-8,17,-6,19,-5,15,-8,13,-8,14,-8,16,-7,11,-7,13,-8,13,-5,16,-6,15,-6,13,-5,11,-4,15,-6,13,-7,15,-2,0,0,0,0,0,0,0,0,0,0,0,0,0,0,0,0,0,0,0,0,0,0,15,-36,21,-36,25,-35,32,-37,33,-35,39,-29,42,-31,46,-31,52,-25,53,-19,63,-18,67,-17,66,-14,69,-7,78,-3,76,4,81,10,79,14,79,22,82,28,82,30,80,41,77,40,72,47,69,52,70,58,61,65,63,67,55,66,51,72,48,67,44,74,43,76,33,74,33,73,30,72,29,70,22,70,21,72,18,75,14,72,14,66,11,69,11,66,7,62,1,61,3,60,3,55,0,58,3,52,-2,55,-7,50,-8,50,-4,41,-1,44,-6,45,-8,41,0,0]"
CSI_DATA,115,1a:00:00:00:00:00,-52,11,1,0,1,1,1,0,0,0,1,-96,0,11,2,1737297,0,44,0,384,0,"[0,0,0,0,0,0,0,0,0,0,0,0,3,2,3,2,3,3,3,2,3,2,3,2,3,1,2,1,2,1,2,1,2,0,2,0,3,0,2,0,2,0,2,-1,2,-1,3,-1,3,0,3,-1,3,0,3,-1,3,-1,3,-1,3,0,3,-1,0,0,4,-1,3,0,3,0,4,-1,3,0,3,0,3,1,3,1,3,0,3,0,3,0,2,1,2,1,2,1,2,0,2,1,2,1,2,1,2,1,2,1,2,1,2,1,2,1,2,1,2,1,2,1,0,0,0,0,0,0,0,0,0,0,0,0,0,0,12,11,12,10,13,8,13,9,11,10,11,9,9,9,8,6,9,7,8,8,9,6,7,6,7,5,6,4,7,2,6,0,5,3,7,1,9,0,7,2,7,1,9,-1,7,-2,10,0,9,0,9,-2,9,0,11,-1,10,-1,9,-1,9,0,9,1,9,3,13,1,11,2,12,1,11,2,10,4,11,2,8,4,10,3,7,3,8,3,7,4,6,4,8,4,7,4,7,3,4,2,5,4,4,4,7,1,5,4,5,3,5,5,5,6,3,5,0,0,0,0,0,0,0,0,0,0,0,0,0,0,0,0,0,0,0,0,0,0,12,-15,16,-14,15,-13,20,-14,19,-10,23,-10,25,-7,26,-5,27,-4,28,-2,30,0,32,2,33,4,35,7,36,12,34,15,36,18,34,20,34,24,32,29,27,29,27,34,25,35,25,38,21,39,19,39,17,41,13,43,10,43,8,42,5,41,2,43,1,43,-2,41,-2,42,-5,37,-6,38,-6,36,-9,36,-6,35,-12,33,-12,31,-15,30,-13,32,-15,30,-13,28,-15,24,-15,23,-17,22,-14,20,-14,22,-14,21,-17,19,-14,16,-11,16,-15,17,-12,14,0,0]"
CSI_DATA,116,1a:00:00:00:00:00,-52,11,1,0,1,1,1,0,0,0,1,-96,0,11,2,1743833,0,44,0,384,0,"[0,0,0,0,0,0,0,0,0,0,0,0,-1,-6,-1,-5,-1,-5,-1,-5,-1,-4,-1,-5,-1,-4,-1,-4,-1,-4,-2,-4,-1,-4,-2,-3,-2,-3,-2,-3,-2,-3,-2,-3,-2,-3,-2,-2,-3,-3,-3,-3,-3,-3,-3,-3,-3,-3,-3,-3,-4,-4,-3,-3,0,0,-3,-3,-3,-4,-3,-4,-3,-3,-3,-4,-2,-4,-2,-4,-2,-4,-2,-3,-2,-3,-2,-3,-1,-4,-1,-4,-1,-3,-1,-3,-2,-3,-1,-3,-1,-3,-1,-3,-1,-3,-1,-3,-1,-3,-1,-3,0,-3,-1,-3,0,-3,0,0,0,0,0,0,0,0,0,0,0,0,0,0,2,-19,2,-13,2,-17,2,-16,1,-16,1,-15,0,-12,1,-14,1,-11,-1,-13,0,-13,-2,-11,-1,-10,-2,-8,-2,-8,-3,-10,-3,-8,-2,-8,-3,-8,-3,-8,-5,-8,-6,-9,-4,-8,-6,-7,-6,-7,-7,-8,-6,-8,-6,-7,-8,-8,-8,-10,-6,-9,-5,-11,-5,-9,-7,-11,-5,-7,-6,-10,-5,-8,-6,-10,-4,-12,-3,-10,-1,-8,-2,-7,-4,-10,-2,-9,-3,-8,-1,-7,-2,-7,-3,-6,-2,-8,-2,-8,-1,-9,-1,-6,-2,-8,-1,-8,-1,-8,0,-8,1,-8,0,0,0,0,0,0,0,0,0,0,0,0,0,0,0,0,0,0,0,0,0,0,-20,-5,-20,-7,-20,-10,-20,-14,-19,-13,-19,-18,-19,-21,-17,-23,-18,-24,-16,-24,-16,-27,-12,-31,-14,-34,-11,-35,-8,-39,-4,-36,-2,-43,-2,-40,2,-43,10,-43,10,-40,16,-41,15,-37,18,-40,24,-39,25,-38,28,-36,32,-37,28,-29,33,-33,32,-26,36,-28,37,-21,36,-20,36,-19,36,-17,33,-15,35,-16,34,-14,34,-13,36,-12,32,-9,35,-6,30,-6,31,-7,31,-3,29,-1,27,-1,27,-2,23,0,26,0,24,-1,27,0,21,0,21,-1,21,2,20,0,0,0]"
CSI_DATA,117,1a:00:00:00:00:00,-52,11,1,0,1,1,1,0,0,0,1,-96,0,11,2,1753840,0,44,0,384,0,"[0,0,0,0,0,0,0,0,0,0,0,0,0,5,-1,4,0,4,0,4,0,3,-1,4,0,3,0,3,0,3,0,3,0,2,0,3,1,2,1,2,1,2,1,2,1,2,1,2,2,2,2,2,2,2,2,2,1,2,2,2,2,3,1,2,0,0,1,2,2,3,2,3,1,2,1,3,1,3,1,3,1,3,1,3,0,2,0,2,0,3,0,3,0,2,0,2,0,2,0,2,0,2,0,2,0,2,0,2,0,2,0,2,-1,2,-1,2,-1,2,0,0,0,0,0,0,0,0,0,0,0,0,0,0,-2,16,-5,16,-3,15,0,17,-1,15,-2,12,-2,12,-3,13,-2,12,-2,10,-1,11,-1,9,-1,10,1,9,1,10,1,8,2,7,2,8,3,7,3,7,5,8,5,8,4,7,6,6,4,7,6,9,4,7,6,7,5,7,3,9,4,8,6,9,4,9,6,8,4,9,4,9,4,8,2,9,3,9,2,10,2,8,2,9,2,10,3,9,3,8,1,6,-1,7,2,6,0,6,1,8,-1,6,1,6,0,6,1,6,-3,7,0,7,-1,6,0,0,0,0,0,0,0,0,0,0,0,0,0,0,0,0,0,0,0,0,0,0,20,4,19,7,19,10,21,13,21,13,19,15,18,17,18,21,17,24,14,26,14,29,12,31,12,35,8,38,7,37,2,39,1,41,-3,41,-5,41,-8,42,-12,40,-15,43,-18,42,-21,40,-25,38,-27,38,-30,35,-32,34,-35,29,-34,28,-33,27,-36,28,-35,22,-37,22,-37,20,-38,18,-36,16,-38,15,-36,12,-36,10,-36,9,-36,8,-35,6,-36,7,-33,5,-32,2,-31,3,-28,3,-30,1,-28,0,-25,0,-26,1,-26,-1,-23,-2,-26,-3,-23,0,-22,-1,0,0]"
CSI_DATA,118,1a:00:00:00:00:00,-52,11,1,0,1,1,1,0,0,0,1,-96,0,11,2,1763858,0,44,0,384,0,"[0,0,0,0,0,0,0,0,0,0,0,0,1,-6,1,-6,1,-6,1,-5,1,-4,1,-4,1,-4,1,-4,0,-4,0,-3,0,-4,0,-4,-1,-3,-1,-3,-1,-3,-1,-3,-1,-3,-1,-3,-2,-3,-2,-3,-2,-4,-2,-4,-2,-4,-2,-4,-2,-4,-1,-4,0,0,-2,-4,-2,-4,-2,-4,-1,-4,-1,-4,-1,-4,-1,-4,-1,-4,-1,-3,-1,-3,-1,-3,0,-4,-1,-3,0,-3,-1,-3,0,-2,0,-3,-1,-3,-1,-3,-1,-3,0,-3,0,-3,0,-3,0,-3,0,-3,0,-3,0,0,0,0,0,0,0,0,0,0,0,0,0,0,14,-30,15,-27,18,-29,16,-25,17,-28,9,-22,16,-25,13,-17,10,-25,9,-19,11,-20,9,-18,5,-20,5,-14,1,-19,3,-18,1,-16,3,-13,0,-16,-4,-15,-1,-18,0,-18,-5,-16,-3,-17,-5,-17,-2,-19,-1,-19,-4,-18,-7,-20,-1,-19,-5,-20,-5,-22,-4,-17,-3,-17,1,-22,-1,-21,-3,-19,-5,-19,0,-17,2,-16,5,-24,3,-14,0,-19,4,-16,1,-9,5,-13,7,-12,0,-13,2,-12,2,-11,6,-11,3,-14,0,-10,4,-14,5,-15,5,-13,3,-9,0,0,0,0,0,0,0,0,0,0,0,0,0,0,0,0,0,0,0,0,0,0,-31,-18,-30,-27,-32,-31,-31,-32,-28,-40,-26,-44,-21,-44,-19,-49,-17,-50,-14,-57,-12,-60,-5,-67,-8,-69,0,-75,9,-70,17,-74,19,-74,27,-76,34,-73,42,-74,44,-71,51,-74,58,-65,65,-64,66,-59,73,-51,74,-48,76,-46,81,-39,78,-33,83,-26,80,-24,81,-20,79,-20,76,-13,76,-6,75,-7,74,-5,72,1,73,1,71,7,68,9,68,11,67,11,63,10,54,15,55,17,56,16,55,23,50,18,50,17,43,17,43,18,42,18,37,17,40,21,41,17,0,0]"
CSI_DATA,119,1a:00:00:00:00:00,-53,11,1,0,1,1,1,0,0,0,1,-96,0,11,2,1774346,0,44,0,384,0,"[0,0,0,0,0,0,0,0,0,0,0,0,0,-6,0,-6,-1,-5,-1,-5,-1,-5,0,-5,0,-4,0,-4,0,-4,-1,-4,-1,-4,-1,-3,-1,-3,-2,-3,-2,-3,-1,-3,-2,-3,-2,-2,-2,-3,-2,-3,-2,-3,-2,-3,-2,-3,-3,-3,-3,-3,-2,-3,0,0,-2,-3,-2,-4,-2,-4,-2,-3,-2,-4,-2,-4,-2,-4,-1,-4,-1,-3,-1,-3,-1,-3,-1,-3,-1,-3,-1,-3,-1,-3,-1,-3,-1,-3,-1,-2,-1,-3,-1,-3,-1,-3,-1,-3,-1,-3,0,-3,0,-3,0,-3,0,0,0,0,0,0,0,0,0,0,0,0,0,0,-3,-32,-3,-32,-6,-34,-4,-34,-7,-29,-5,-33,-3,-28,-4,-27,-2,-22,-8,-25,-3,-23,-5,-20,-6,-19,-4,-15,-8,-14,-5,-21,-6,-17,-6,-14,-5,-13,-11,-15,-12,-16,-14,-14,-11,-14,-10,-10,-13,-11,-12,-16,-12,-15,-14,-15,-12,-14,-15,-17,-14,-17,-12,-17,-13,-15,-16,-15,-15,-14,-13,-17,-11,-19,-9,-18,-11,-18,-5,-16,-9,-15,-7,-14,-4,-17,-9,-15,-5,-13,-3,-16,-7,-15,-8,-13,-5,-16,-6,-12,-3,-11,-4,-15,-4,-10,-9,-12,-5,-15,-2,-15,-3,-14,0,0,0,0,0,0,0,0,0,0,0,0,0,0,0,0,0,0,0,0,0,0,-40,6,-43,3,-41,1,-47,-3,-46,-9,-48,-14,-51,-20,-49,-23,-52,-26,-48,-32,-49,-40,-50,-45,-50,-50,-48,-57,-43,-64,-41,-63,-39,-75,-32,-73,-29,-85,-20,-82,-13,-85,-7,-92,6,-84,4,-91,13,-91,17,-90,27,-85,33,-87,33,-79,42,-82,42,-75,47,-77,51,-67,51,-66,53,-62,56,-63,54,-50,54,-52,55,-49,58,-47,62,-47,56,-39,60,-38,57,-36,58,-34,61,-30,55,-24,57,-23,53,-21,54,-15,50,-14,47,-14,48,-14,44,-14,49,-12,48,-6,42,-11,0,0]"
CSI_DATA,120,1a:00:00:00:00:00,-53,11,1,0,1,1,1,0,0,0,1,-96,0,11,2,1804699,0,44,0,384,0,"[0,0,0,0,0,0,0,0,0,0,0,0,4,-3,4,-3,4,-2,4,-2,3,-2,3,-2,3,-2,3,-2,3,-2,2,-2,2,-2,2,-2,1,-2,1,-2,1,-2,1,-2,1,-2,1,-3,0,-2,1,-2,1,-2,0,-2,1,-3,0,-3,0,-3,1,-3,0,0,1,-3,0,-3,1,-3,1,-3,0,-3,1,-3,1,-3,0,-3,1,-3,1,-2,1,-2,1,-3,0,-2,1,-2,1,-2,1,-2,0,-3,1,-2,1,-2,1,-2,1,-2,1,-2,1,-2,1,-2,1,-2,1,-1,0,0,0,0,0,0,0,0,0,0,0,0,0,0,33,-24,33,-22,34,-25,30,-19,26,-15,26,-17,23,-15,30,-13,25,-14,18,-15,17,-14,20,-8,19,-10,17,-9,14,-11,13,-14,11,-10,10,-11,11,-9,8,-14,8,-14,5,-12,10,-9,10,-13,5,-12,9,-11,5,-18,5,-15,10,-15,6,-16,5,-19,6,-19,8,-14,9,-17,5,-18,9,-16,15,-14,9,-12,9,-13,9,-15,7,-13,7,-10,11,-8,10,-10,9,-9,8,-10,8,-11,8,-10,8,-12,7,-11,10,-10,11,-6,11,-11,8,-9,10,-11,10,-10,15,-5,0,0,0,0,0,0,0,0,0,0,0,0,0,0,0,0,0,0,0,0,0,0,-30,-24,-31,-30,-29,-32,-25,-39,-21,-40,-19,-49,-15,-51,-13,-54,-5,-57,-6,-59,0,-68,5,-64,11,-67,19,-72,25,-71,31,-69,35,-73,41,-69,48,-70,58,-60,64,-59,67,-56,71,-48,79,-52,79,-39,85,-37,87,-28,90,-25,84,-13,96,-8,82,-4,84,-2,82,8,81,8,80,15,78,16,74,20,73,19,74,20,68,22,68,29,64,27,62,32,58,32,57,31,57,40,48,39,49,36,42,40,41,38,40,38,41,36,35,38,30,35,34,36,30,38,30,38,0,0]"
CSI_DATA,121,1a:00:00:00:00:00,-54,11,1,0,1,1,1,0,0,0,1,-96,0,11,2,1816498,0,44,0,384,0,"[0,0,0,0,0,0,0,0,0,0,0,0,-5,-5,-5,-4,-4,-4,-4,-4,-4,-4,-3,-3,-3,-3,-3,-3,-3,-3,-3,-3,-3,-2,-2,-2,-3,-2,-3,-2,-3,-2,-3,-1,-3,-1,-2,-1,-3,-1,-3,-1,-3,-1,-3,-1,-3,0,-3,-1,-3,-1,-3,0,0,0,-3,0,-3,-1,-3,-1,-3,-1,-3,-1,-3,-1,-3,-1,-3,-1,-3,-1,-3,-1,-3,-1,-3,-1,-3,-1,-3,-1,-3,-1,-3,-1,-2,-1,-3,-1,-3,-1,-3,-1,-3,-1,-3,-1,-3,-1,-3,-1,-3,-1,-2,-2,0,0,0,0,0,0,0,0,0,0,0,0,0,0,-25,-33,-21,-29,-22,-28,-23,-29,-20,-26,-18,-30,-19,-25,-14,-24,-14,-21,-14,-24,-15,-20,-10,-24,-13,-16,-11,-15,-14,-11,-12,-16,-12,-12,-14,-10,-9,-5,-13,-10,-12,-4,-9,-5,-14,-2,-13,-3,-10,-5,-15,-2,-16,-4,-18,-3,-15,-1,-16,-4,-14,-4,-13,-3,-15,-4,-15,0,-17,-1,-16,-4,-20,-7,-15,-9,-21,-2,-14,-4,-14,-7,-15,-3,-18,-5,-12,-5,-14,-4,-13,-4,-14,-1,-15,-6,-12,0,-15,0,-15,-4,-15,-5,-15,-5,-16,-5,-13,-5,-14,-6,-15,-10,0,0,0,0,0,0,0,0,0,0,0,0,0,0,0,0,0,0,0,0,0,0,-32,21,-35,17,-39,16,-44,12,-45,10,-53,10,-51,3,-54,-4,-62,-9,-58,-11,-61,-16,-60,-21,-65,-24,-66,-34,-65,-39,-60,-41,-64,-49,-57,-53,-57,-63,-53,-69,-47,-72,-47,-80,-41,-78,-37,-85,-28,-89,-26,-86,-22,-88,-12,-89,-6,-89,-4,-87,-3,-84,0,-88,10,-82,17,-84,20,-85,21,-78,17,-78,21,-75,28,-73,26,-74,30,-68,26,-66,34,-67,31,-62,32,-55,38,-55,39,-52,37,-53,39,-49,34,-43,34,-47,35,-42,37,-40,32,-35,34,-40,37,-31,32,-34,0,0]"
CSI_DATA,122,1a:00:00:00:00:00,-53,11,1,0,1,1,1,0,0,0,1,-96,0,11,2,1824005,0,44,0,384,0,"[0,0,0,0,0,0,0,0,0,0,0,0,-3,6,-3,5,-2,4,-2,5,-2,4,-2,4,-2,3,-2,3,-2,3,-2,3,-2,2,-2,2,-1,2,-1,2,-1,2,-1,2,-1,2,0,2,0,2,0,2,1,2,1,2,0,2,1,2,1,2,0,2,0,0,1,2,1,2,0,3,0,2,0,3,0,3,0,2,0,2,0,2,0,2,0,1,0,2,0,2,0,2,0,1,0,2,0,2,0,2,0,2,0,2,0,2,-1,2,-1,2,-1,2,-1,2,-1,2,0,0,0,0,0,0,0,0,0,0,0,0,0,0,-13,16,-13,14,-15,18,-14,11,-11,14,-14,12,-13,8,-10,10,-10,10,-8,9,-8,9,-8,9,-8,8,-8,7,-5,6,-7,8,-6,7,-3,6,-3,5,-5,7,-2,7,-2,5,0,5,-1,5,-1,5,1,5,0,6,1,8,2,7,-1,7,2,8,1,8,0,8,2,8,2,7,1,7,0,8,-1,9,-2,6,0,6,-2,7,-1,7,0,7,2,7,1,6,-1,7,-1,6,4,8,1,7,1,5,0,8,1,6,0,7,-1,7,-1,8,-2,5,-2,7,0,0,0,0,0,0,0,0,0,0,0,0,0,0,0,0,0,0,0,0,0,0,11,15,11,18,10,18,8,20,7,20,3,24,1,24,2,27,-1,31,-3,28,-8,31,-7,31,-11,34,-15,35,-17,35,-20,31,-24,32,-23,31,-25,31,-31,28,-31,28,-37,26,-36,24,-37,22,-41,18,-43,17,-43,13,-48,12,-43,7,-44,7,-43,4,-45,3,-45,1,-43,-2,-42,-2,-42,-5,-39,-6,-39,-7,-37,-8,-37,-9,-38,-12,-34,-12,-35,-12,-35,-11,-33,-13,-28,-14,-30,-14,-27,-13,-28,-16,-26,-13,-25,-14,-24,-15,-24,-15,-19,-14,-20,-15,-20,-14,-20,-13,0,0]"
CSI_DATA,123,1a:00:00:00:00:00,-54,11,1,0,1,1,1,0,0,0,1,-96,0,11,2,1833960,0,44,0,384,0,"[0,0,0,0,0,0,0,0,0,0,0,0,-6,-1,-6,-1,-6,-1,-5,-1,-5,-1,-5,-1,-5,-1,-5,-1,-4,-1,-4,-1,-4,-1,-3,0,-3,-1,-3,-1,-3,-1,-3,0,-3,0,-3,1,-2,0,-2,0,-2,0,-2,1,-3,1,-2,0,-3,0,-3,1,0,0,-3,1,-3,1,-2,1,-3,1,-3,1,-3,1,-3,1,-2,0,-3,0,-3,0,-3,0,-3,0,-2,1,-2,0,-3,0,-3,0,-3,0,-3,0,-3,0,-3,0,-3,0,-3,0,-3,0,-3,0,-3,0,-3,-1,0,0,0,0,0,0,0,0,0,0,0,0,0,0,-20,-4,-21,0,-20,-2,-19,-2,-18,-3,-17,-3,-17,-3,-16,-3,-17,-3,-13,-4,-12,-3,-11,-3,-10,-2,-9,-1,-8,-2,-8,0,-9,-1,-8,1,-8,0,-9,1,-6,3,-8,3,-7,1,-8,3,-7,2,-5,4,-6,5,-6,5,-8,3,-6,4,-6,6,-6,4,-8,4,-5,3,-8,6,-6,4,-10,2,-7,3,-8,2,-8,4,-6,4,-6,2,-7,2,-6,2,-7,3,-7,3,-6,3,-6,4,-5,3,-6,3,-7,1,-8,3,-6,2,-6,3,-8,2,-9,2,-7,-1,0,0,0,0,0,0,0,0,0,0,0,0,0,0,0,0,0,0,0,0,0,0,2,20,-1,19,-4,21,-6,22,-9,23,-12,20,-14,21,-15,21,-20,22,-20,21,-24,20,-26,21,-27,19,-33,18,-34,15,-37,12,-39,12,-41,9,-41,6,-43,1,-43,-1,-45,-4,-45,-6,-44,-10,-44,-14,-43,-15,-42,-21,-41,-22,-39,-26,-37,-25,-35,-26,-32,-28,-32,-31,-29,-32,-30,-33,-26,-34,-24,-32,-24,-32,-22,-33,-21,-34,-19,-35,-20,-34,-16,-34,-13,-34,-12,-32,-13,-31,-10,-31,-7,-31,-7,-31,-5,-29,-7,-29,-4,-28,-3,-28,-5,-25,0,-26,-3,-24,-2,-26,0,0]"
CSI_DATA,124,1a:00:00:00:00:00,-53,11,1,0,1,1,1,0,0,0,1,-96,0,11,2,1843838,0,44,0,384,0,"[0,0,0,0,0,0,0,0,0,0,0,0,-4,4,-4,4,-3,3,-4,3,-3,3,-3,2,-3,2,-3,2,-3,2,-2,1,-3,1,-2,2,-2,1,-2,2,-1,2,-1,1,-1,2,-1,1,-1,2,0,2,0,2,0,2,-1,2,-1,2,-1,2,-1,2,0,0,-1,2,0,2,-1,2,-1,2,-1,2,-1,2,-1,3,-1,2,-1,2,-1,1,-2,1,-2,2,-1,2,-1,2,-1,1,-1,1,-2,1,-1,1,-1,1,-1,1,-1,1,-2,2,-2,1,-2,1,-2,1,-2,1,0,0,0,0,0,0,0,0,0,0,0,0,0,0,-25,32,-21,29,-22,33,-20,31,-21,29,-19,26,-23,23,-18,19,-15,19,-11,17,-15,17,-13,14,-12,15,-11,11,-15,14,-7,15,-6,12,-9,12,-4,11,-7,14,-3,14,-2,14,0,9,-1,11,0,13,-1,11,-1,17,1,12,0,13,0,15,1,16,1,14,-2,12,1,16,-1,18,3,15,0,14,2,13,1,15,-1,14,-2,15,-3,17,-1,11,-2,14,2,16,-3,12,0,10,-2,8,-1,14,-7,12,-1,13,-5,11,-2,16,-7,16,-2,11,-7,14,-10,10,0,0,0,0,0,0,0,0,0,0,0,0,0,0,0,0,0,0,0,0,0,0,31,12,32,20,32,22,32,29,30,36,27,34,27,39,27,47,25,50,17,51,17,59,12,62,9,64,-2,71,-6,72,-8,75,-15,76,-20,75,-24,75,-34,74,-38,72,-46,70,-56,66,-60,70,-65,61,-67,54,-72,52,-74,44,-77,43,-77,41,-80,34,-80,33,-78,25,-77,21,-81,18,-78,16,-79,11,-76,2,-79,3,-76,5,-75,-3,-73,0,-71,-8,-69,-8,-66,-11,-65,-10,-60,-13,-59,-16,-57,-16,-55,-19,-51,-22,-53,-22,-48,-20,-46,-17,-46,-26,-43,-20,-40,-25,0,0]"
CSI_DATA,125,1a:00:00:00:00:00,-54,11,1,0,1,1,1,0,0,0,1,-96,0,11,2,1853830,0,44,0,384,0,"[0,0,0,0,0,0,0,0,0,0,0,0,0,-6,0,-6,0,-5,0,-5,0,-5,0,-4,0,-4,0,-4,0,-4,-1,-3,0,-3,-1,-3,-1,-3,-1,-3,-2,-3,-1,-2,-1,-2,-1,-2,-2,-2,-2,-3,-2,-2,-2,-2,-2,-2,-3,-2,-2,-2,-2,-2,0,0,-2,-2,-2,-3,-2,-3,-2,-2,-2,-3,-2,-3,-2,-3,-2,-3,-2,-3,-2,-2,-2,-2,-2,-3,-2,-3,-1,-3,-2,-2,-2,-2,-1,-2,-2,-2,-2,-2,-2,-2,-2,-2,-1,-3,-1,-2,-1,-3,-2,-3,-1,-3,0,0,0,0,0,0,0,0,0,0,0,0,0,0,16,-34,16,-32,12,-36,16,-33,15,-34,13,-28,15,-27,12,-24,13,-27,7,-21,11,-21,9,-17,6,-16,8,-17,5,-14,4,-17,3,-13,1,-13,3,-11,-1,-12,-3,-15,-2,-11,-7,-13,0,-11,-5,-13,-6,-12,-3,-12,-4,-10,-7,-14,-5,-15,-8,-15,-3,-16,-6,-11,-12,-15,-8,-17,-8,-15,-6,-18,-6,-13,-4,-16,-1,-14,-7,-15,-3,-18,-3,-14,-2,-15,-5,-15,-4,-13,-4,-11,-3,-15,-3,-11,-6,-14,-4,-14,-2,-14,-2,-14,-4,-14,-1,-14,1,-15,0,-17,0,0,0,0,0,0,0,0,0,0,0,0,0,0,0,0,0,0,0,0,0,0,-34,-21,-35,-22,-32,-28,-30,-30,-29,-40,-28,-41,-26,-41,-23,-45,-21,-52,-22,-53,-16,-58,-12,-62,-7,-71,0,-73,1,-75,13,-76,14,-80,17,-78,24,-74,33,-82,41,-76,49,-75,50,-75,55,-69,64,-61,62,-65,72,-55,69,-54,74,-47,77,-45,76,-39,78,-38,81,-30,77,-29,81,-24,80,-18,78,-17,76,-17,75,-9,74,-13,75,-8,71,-3,68,3,70,0,65,3,70,10,65,5,59,9,58,15,59,14,56,15,54,12,54,15,49,16,49,12,43,16,45,18,0,0]"
CSI_DATA,126,1a:00:00:00:00:00,-53,11,1,0,1,1,1,0,0,0,1,-96,0,11,2,1864098,0,44,0,384,0,"[0,0,0,0,0,0,0,0,0,0,0,0,-6,-3,-5,-3,-5,-3,-5,-3,-5,-3,-4,-3,-4,-2,-3,-2,-3,-2,-3,-2,-3,-1,-3,-1,-3,-2,-3,-1,-3,-1,-3,0,-3,0,-2,0,-2,0,-3,0,-3,0,-3,0,-3,1,-3,0,-3,0,-3,1,0,0,-3,1,-3,0,-3,0,-4,1,-3,0,-3,0,-3,0,-3,0,-3,0,-3,0,-3,0,-3,0,-3,0,-2,0,-3,0,-3,0,-2,0,-3,0,-3,0,-3,0,-3,0,-3,0,-3,0,-3,0,-3,0,-3,-1,0,0,0,0,0,0,0,0,0,0,0,0,0,0,-30,-23,-33,-25,-30,-25,-28,-22,-23,-21,-20,-23,-24,-17,-23,-21,-18,-17,-15,-16,-20,-15,-16,-17,-15,-14,-16,-11,-14,-11,-12,-11,-15,-6,-15,-6,-13,-3,-12,-4,-15,-1,-11,-2,-16,4,-13,2,-16,1,-12,3,-12,5,-16,5,-16,6,-14,4,-14,6,-21,6,-17,3,-16,5,-17,5,-14,3,-20,4,-16,-1,-15,2,-16,3,-13,2,-18,4,-17,0,-19,1,-12,0,-11,1,-13,3,-14,2,-14,2,-12,-2,-13,4,-15,0,-15,-2,-12,3,-15,-3,-14,-3,-15,-5,0,0,0,0,0,0,0,0,0,0,0,0,0,0,0,0,0,0,0,0,0,0,-31,20,-33,18,-35,17,-43,17,-42,14,-48,8,-48,7,-54,0,-59,0,-59,-7,-60,-10,-60,-16,-69,-21,-68,-25,-65,-33,-66,-36,-70,-42,-61,-43,-63,-58,-63,-57,-56,-61,-54,-71,-50,-72,-49,-78,-38,-82,-36,-82,-29,-87,-25,-90,-19,-85,-17,-93,-14,-82,-7,-91,-7,-87,-2,-84,1,-84,6,-80,8,-76,10,-79,14,-80,17,-75,20,-79,15,-66,21,-72,20,-68,24,-64,18,-68,24,-59,25,-59,23,-52,27,-54,27,-50,30,-47,28,-45,25,-42,31,-41,30,-40,26,-37,0,0]"
CSI_DATA,127,1a:00:00:00:00:00,-54,11,1,0,1,1,1,0,0,0,1,-96,0,11,2,1876219,0,44,0,384,0,"[0,0,0,0,0,0,0,0,0,0,0,0,5,-2,5,-2,4,-2,4,-2,4,-1,4,-2,3,-2,3,-2,3,-2,2,-1,3,-2,2,-2,1,-1,1,-2,1,-2,1,-2,1,-2,1,-2,1,-2,0,-2,0,-2,0,-3,1,-3,0,-3,0,-2,1,-3,0,0,1,-3,0,-3,0,-3,1,-3,1,-3,1,-3,0,-3,1,-3,1,-3,1,-3,1,-2,1,-3,1,-3,1,-3,1,-2,1,-3,0,-3,1,-3,1,-2,1,-2,1,-2,1,-3,1,-3,1,-3,1,-2,1,-2,0,0,0,0,0,0,0,0,0,0,0,0,0,0,18,-8,19,-8,15,-5,15,-7,16,-5,15,-3,15,-4,14,-4,11,-3,10,-4,11,-3,10,-5,8,-4,9,-3,8,-3,7,-1,7,-3,4,-5,4,-2,4,-2,2,-4,5,-4,2,-5,4,-6,2,-5,4,-6,4,-6,2,-6,3,-8,1,-9,2,-8,3,-9,2,-7,1,-6,3,-7,3,-6,4,-8,3,-6,5,-6,4,-7,5,-7,5,-7,4,-5,3,-7,4,-6,6,-8,4,-6,4,-7,5,-6,4,-7,5,-6,3,-5,3,-4,5,-5,5,-5,6,-4,8,-5,0,0,0,0,0,0,0,0,0,0,0,0,0,0,0,0,0,0,0,0,0,0,-9,-18,-5,-18,-4,-20,-4,-24,-2,-25,0,-24,3,-25,6,-26,8,-27,9,-26,12,-27,17,-28,18,-29,21,-28,22,-26,27,-26,29,-26,34,-22,33,-21,36,-18,38,-16,38,-13,44,-11,43,-7,46,-3,44,-1,44,2,43,4,44,5,39,8,43,13,40,13,39,15,37,17,37,17,36,17,32,20,33,22,31,21,31,22,27,22,29,24,25,24,25,26,21,24,20,23,20,26,17,23,17,24,15,23,15,24,15,23,11,22,13,22,11,22,9,22,8,21,0,0]"
CSI_DATA,128,1a:00:00:00:00:00,-54,11,1,0,1,1,1,0,0,0,1,-96,0,11,2,1883836,0,44,0,384,0,"[0,0,0,0,0,0,0,0,0,0,0,0,3,5,2,5,3,4,2,4,2,4,1,3,1,3,1,3,2,3,2,3,1,2,1,2,2,2,1,2,1,1,1,1,1,0,1,0,2,1,2,1,2,1,2,0,2,0,3,0,2,1,2,0,0,0,3,0,2,0,2,1,3,0,2,1,2,1,2,1,2,1,2,0,2,0,2,0,2,1,1,1,2,0,2,0,2,0,2,0,2,0,2,0,2,1,2,1,2,1,2,1,2,1,2,1,2,1,0,0,0,0,0,0,0,0,0,0,0,0,0,0,15,15,12,14,13,14,10,14,10,14,10,11,8,11,8,10,7,10,7,10,5,6,7,9,6,8,6,5,5,6,5,6,6,4,5,5,6,1,6,3,5,2,4,2,4,1,6,0,6,-1,8,-1,6,-1,7,0,7,1,6,1,6,-1,7,-1,8,-1,9,0,8,0,7,-1,6,0,7,2,8,2,7,0,7,-1,6,1,7,0,6,1,7,2,4,1,6,1,6,1,7,1,6,1,7,0,7,0,8,2,4,0,5,3,5,6,4,3,0,0,0,0,0,0,0,0,0,0,0,0,0,0,0,0,0,0,0,0,0,0,10,-15,14,-16,16,-14,19,-13,19,-10,23,-11,23,-9,25,-8,27,-6,29,-3,29,-1,32,2,32,3,35,5,35,9,34,13,36,16,32,20,35,21,33,26,32,28,31,31,28,34,26,37,24,38,22,40,16,41,15,41,12,42,11,42,9,41,5,43,4,41,1,39,-1,42,-4,40,-4,39,-6,40,-8,38,-6,37,-11,35,-11,35,-12,34,-11,34,-15,29,-13,31,-14,27,-14,25,-15,28,-16,24,-16,22,-15,23,-16,21,-17,20,-16,18,-16,18,-16,17,0,0]"
CSI_DATA,129,1a:00:00:00:00:00,-54,11,1,0,1,1,1,0,0,0,1,-96,0,11,2,1893852,0,44,0,384,0,"[0,0,0,0,0,0,0,0,0,0,0,0,-2,-6,-2,-5,-2,-5,-2,-5,-2,-5,-1,-4,-1,-4,-1,-4,-1,-3,-2,-3,-2,-3,-1,-3,-2,-3,-2,-2,-2,-3,-2,-2,-2,-2,-2,-1,-2,-2,-2,-2,-2,-2,-3,-2,-2,-1,-3,-2,-3,-2,-3,-1,0,0,-3,-1,-3,-2,-3,-2,-3,-1,-3,-2,-2,-2,-3,-2,-3,-2,-3,-1,-3,-2,-2,-2,-2,-2,-2,-2,-2,-2,-2,-2,-2,-2,-2,-2,-2,-2,-2,-1,-2,-2,-3,-2,-2,-2,-2,-2,-2,-2,-2,-2,-2,-3,0,0,0,0,0,0,0,0,0,0,0,0,0,0,-10,-37,-14,-37,-13,-32,-11,-32,-8,-37,-9,-29,-4,-31,-9,-27,-4,-25,-2,-21,-4,-21,-4,-26,-6,-19,-7,-17,-2,-17,-3,-13,-6,-16,-7,-16,-5,-13,-8,-10,-9,-12,-5,-11,-13,-10,-16,-10,-11,-8,-10,-10,-13,-10,-16,-6,-14,-6,-17,-9,-14,-12,-13,-7,-8,-14,-14,-6,-13,-9,-11,-13,-8,-13,-12,-10,-10,-9,-8,-12,-10,-14,-10,-9,-10,-12,-12,-15,-5,-10,-8,-9,-10,-10,-8,-10,-9,-8,-8,-11,-9,-10,-9,-12,-7,-11,-7,-14,-8,-14,-4,-14,-7,-12,0,0,0,0,0,0,0,0,0,0,0,0,0,0,0,0,0,0,0,0,0,0,-26,25,-32,19,-39,23,-39,15,-43,17,-46,9,-49,7,-54,2,-58,-1,-59,-8,-64,-11,-61,-20,-67,-26,-65,-36,-62,-34,-63,-40,-62,-46,-55,-58,-54,-59,-53,-63,-47,-71,-46,-78,-37,-79,-32,-82,-22,-89,-20,-86,-7,-91,-9,-90,1,-92,6,-88,10,-87,14,-83,20,-84,22,-81,24,-78,31,-74,33,-74,35,-72,38,-66,36,-66,41,-61,41,-62,43,-57,45,-56,46,-49,48,-51,45,-44,47,-40,42,-42,46,-37,45,-32,46,-25,44,-27,42,-22,41,-23,41,-20,43,-18,0,0]"
CSI_DATA,130,1a:00:00:00:00:00,-54,11,1,0,1,1,1,0,0,0,1,-96,0,11,2,1904317,0,44,0,384,0,"[0,0,0,0,0,0,0,0,0,0,0,0,-6,-1,-6,-1,-5,-1,-5,-1,-5,-1,-5,-1,-4,-1,-4,-1,-4,-1,-3,-1,-3,-1,-3,0,-3,-1,-3,-1,-3,0,-3,0,-2,0,-2,0,-2,0,-2,0,-2,1,-2,1,-2,1,-2,1,-2,1,-2,2,0,0,-3,1,-2,1,-2,1,-3,1,-3,1,-2,1,-2,1,-2,1,-3,1,-3,0,-3,0,-2,0,-2,1,-2,1,-2,1,-3,0,-2,1,-2,0,-2,0,-2,1,-3,0,-3,1,-3,1,-3,0,-3,0,-3,0,0,0,0,0,0,0,0,0,0,0,0,0,0,0,-40,-12,-35,-15,-33,-13,-32,-18,-32,-13,-27,-16,-28,-16,-27,-11,-23,-17,-20,-12,-20,-13,-16,-12,-19,-12,-15,-9,-12,-6,-14,-6,-16,-6,-14,-6,-16,-3,-14,-3,-14,-2,-12,1,-13,0,-15,-1,-14,3,-16,0,-12,2,-15,0,-16,2,-15,5,-13,2,-16,1,-13,2,-15,-1,-16,6,-17,3,-16,-2,-15,-1,-17,-1,-17,3,-15,-1,-13,1,-11,-3,-16,-1,-13,2,-15,-3,-15,1,-13,-2,-13,1,-13,0,-16,-2,-19,1,-12,0,-13,-2,-17,-3,-12,-3,-14,-3,0,0,0,0,0,0,0,0,0,0,0,0,0,0,0,0,0,0,0,0,0,0,-4,34,-8,38,-11,40,-21,42,-21,38,-25,41,-29,42,-35,37,-39,41,-49,38,-53,34,-56,33,-61,35,-66,23,-71,20,-72,14,-81,8,-78,0,-87,-7,-84,-10,-81,-13,-84,-24,-84,-32,-81,-37,-78,-42,-77,-50,-74,-55,-66,-58,-63,-61,-63,-64,-55,-69,-50,-71,-44,-71,-40,-72,-41,-74,-37,-73,-30,-74,-26,-74,-24,-71,-20,-73,-21,-76,-14,-70,-12,-72,-5,-76,-4,-66,-8,-63,-1,-68,-1,-60,2,-62,8,-60,8,-54,7,-57,10,-56,5,-49,14,-48,16,-47,17,-49,0,0]"
CSI_DATA,131,1a:00:00:00:00:00,-54,11,1,0,1,1,1,0,0,0,1,-96,0,11,2,1913826,0,44,0,384,0,"[0,0,0,0,0,0,0,0,0,0,0,0,-6,2,-6,2,-5,1,-5,1,-5,1,-5,1,-4,1,-4,1,-4,1,-3,1,-4,1,-3,1,-3,0,-2,1,-2,1,-3,1,-2,2,-2,2,-1,1,-1,1,-1,1,-1,1,-2,2,-1,2,-1,1,-2,2,0,0,-2,2,-1,2,-1,2,-2,2,-1,2,-1,2,-1,2,-1,2,-2,2,-2,1,-2,1,-2,2,-2,2,-2,2,-2,1,-2,1,-1,2,-2,1,-2,1,-2,1,-2,1,-2,2,-2,2,-2,1,-2,1,-2,1,0,0,0,0,0,0,0,0,0,0,0,0,0,0,-20,3,-20,4,-19,6,-18,4,-17,5,-19,2,-15,4,-15,3,-13,2,-11,2,-12,4,-11,0,-10,3,-9,0,-8,2,-6,3,-7,2,-5,3,-5,4,-6,3,-5,5,-3,5,-6,4,-4,5,-4,5,-5,6,-2,5,-3,7,-4,6,-3,7,-3,6,-3,8,-3,6,-2,5,-4,10,-3,8,-5,7,-5,8,-5,5,-3,6,-4,8,-4,6,-5,5,-2,6,-1,5,-5,6,-1,7,-1,8,-3,6,-4,7,-4,6,-5,6,-4,5,-2,5,-4,7,-6,5,-5,5,0,0,0,0,0,0,0,0,0,0,0,0,0,0,0,0,0,0,0,0,0,0,0,18,-2,19,-4,21,-8,21,-11,22,-11,22,-13,22,-15,23,-17,23,-21,23,-24,21,-26,21,-28,21,-32,18,-33,15,-36,15,-37,14,-41,10,-41,7,-44,7,-44,2,-47,0,-45,-4,-47,-8,-46,-11,-45,-12,-44,-17,-43,-16,-43,-20,-40,-21,-37,-23,-40,-25,-38,-26,-34,-26,-34,-27,-31,-29,-32,-29,-29,-28,-26,-31,-25,-30,-23,-31,-26,-29,-22,-29,-20,-32,-18,-30,-20,-29,-19,-26,-16,-28,-16,-29,-13,-27,-11,-28,-10,-25,-12,-25,-9,-26,-11,-24,-10,-24,-8,-25,0,0]"
CSI_DATA,132,1a:00:00:00:00:00,-53,11,1,0,1,1,1,0,0,0,1,-96,0,11,2,1923848,0,44,0,384,0,"[0,0,0,0,0,0,0,0,0,0,0,0,5,-1,5,-1,5,0,4,0,4,0,4,0,3,-1,4,0,3,-1,3,0,2,-1,3,-1,2,-1,2,-1,2,-1,1,-2,2,-2,2,-2,1,-1,1,-2,1,-2,1,-2,2,-3,1,-2,1,-2,2,-3,0,0,2,-3,1,-3,1,-2,2,-3,1,-2,1,-3,1,-2,1,-2,2,-2,2,-2,2,-2,1,-2,1,-2,1,-2,1,-2,1,-2,1,-2,1,-2,2,-2,2,-2,2,-2,1,-2,2,-2,2,-2,2,-2,2,-1,0,0,0,0,0,0,0,0,0,0,0,0,0,0,21,2,16,1,17,0,15,0,14,1,15,3,14,2,14,1,14,3,9,2,10,1,9,0,9,0,6,1,8,0,7,-1,9,-2,7,-1,7,0,6,-2,4,-2,6,-4,8,-3,6,-4,5,-4,8,-5,5,-5,5,-6,7,-5,5,-5,4,-6,5,-7,5,-5,6,-6,6,-7,6,-5,7,-4,5,-6,4,-4,7,-5,6,-5,6,-4,5,-4,5,-3,5,-3,5,-4,5,-4,5,-4,4,-5,5,-4,5,-4,5,-5,5,-5,6,-4,6,-4,5,-2,9,-2,0,0,0,0,0,0,0,0,0,0,0,0,0,0,0,0,0,0,0,0,0,0,1,-17,2,-19,5,-20,7,-20,10,-21,11,-20,13,-20,17,-21,18,-21,21,-19,23,-17,26,-18,28,-16,31,-13,33,-11,33,-9,37,-9,38,-5,39,-3,39,0,41,4,42,8,41,7,41,12,39,17,38,19,37,22,36,23,35,25,32,27,30,29,27,29,28,29,26,29,24,32,22,31,20,30,19,31,16,32,17,32,13,32,14,32,12,33,11,32,9,32,10,30,8,28,5,28,4,27,3,29,1,25,3,25,0,25,1,24,1,21,0,20,0,23,0,0]"
CSI_DATA,133,1a:00:00:00:00:00,-53,11,1,0,1,1,1,0,0,0,1,-96,0,11,2,1933868,0,44,0,384,0,"[0,0,0,0,0,0,0,0,0,0,0,0,-6,-1,-6,-1,-5,-1,-5,-1,-5,-2,-5,-1,-4,-1,-4,-1,-4,0,-4,-1,-3,-1,-3,0,-3,-1,-3,0,-3,0,-3,0,-3,0,-3,1,-3,0,-3,0,-3,1,-3,1,-3,1,-3,1,-3,1,-3,1,0,0,-3,2,-3,0,-3,1,-3,1,-3,1,-3,1,-3,1,-2,1,-3,1,-3,1,-3,1,-2,0,-2,0,-2,0,-3,0,-3,0,-3,0,-3,0,-3,0,-3,0,-3,0,-3,0,-3,0,-3,0,-3,0,-3,-1,0,0,0,0,0,0,0,0,0,0,0,0,0,0,-37,-9,-35,-13,-34,-7,-29,-8,-34,-8,-31,-10,-30,-8,-28,-10,-24,-9,-22,-9,-20,-7,-21,-6,-19,-4,-18,-2,-17,-5,-16,2,-17,-1,-18,0,-15,1,-13,2,-16,2,-13,4,-15,9,-10,5,-13,6,-14,2,-13,8,-15,9,-17,5,-15,10,-12,9,-10,9,-17,9,-16,10,-12,9,-16,11,-15,8,-16,5,-13,7,-12,6,-13,7,-14,9,-17,4,-13,5,-13,4,-9,8,-14,5,-11,7,-15,7,-14,5,-15,8,-11,8,-17,7,-12,5,-18,5,-15,4,-14,1,0,0,0,0,0,0,0,0,0,0,0,0,0,0,0,0,0,0,0,0,0,0,-18,32,-23,33,-28,27,-31,29,-36,29,-42,28,-46,25,-49,23,-52,20,-56,19,-59,16,-63,13,-71,10,-71,3,-73,-7,-72,-11,-81,-15,-77,-20,-79,-29,-77,-36,-75,-42,-78,-45,-71,-45,-73,-47,-68,-61,-68,-61,-62,-64,-55,-68,-49,-70,-49,-77,-41,-72,-39,-79,-33,-76,-31,-78,-30,-79,-24,-75,-21,-74,-19,-75,-20,-73,-18,-77,-10,-74,-12,-69,-6,-73,-4,-69,0,-66,3,-67,2,-64,1,-59,7,-63,7,-57,4,-52,5,-55,7,-53,5,-44,7,-51,5,-49,10,-45,0,0]"
CSI_DATA,134,1a:00:00:00:00:00,-53,11,1,0,1,1,1,0,0,0,1,-96,0,11,2,1953827,0,44,0,384,0,"[0,0,0,0,0,0,0,0,0,0,0,0,0,5,0,5,0,4,0,4,0,4,0,3,0,3,0,3,0,3,0,2,0,3,0,2,1,2,1,2,1,2,0,1,1,1,1,2,2,1,2,2,2,2,2,1,2,1,2,2,2,2,2,2,0,0,2,1,2,2,2,2,1,2,1,2,1,2,1,2,1,2,1,2,1,2,1,2,0,2,0,2,0,2,1,1,1,1,0,2,1,1,1,2,1,2,1,2,0,2,0,2,0,1,0,2,0,2,0,0,0,0,0,0,0,0,0,0,0,0,0,0,7,18,5,18,4,16,4,14,5,16,4,14,3,12,4,10,3,11,4,12,5,10,3,8,1,10,3,8,3,7,2,6,3,5,5,5,4,5,5,5,6,6,7,5,7,4,7,3,5,3,9,3,8,5,8,4,6,3,7,5,8,2,6,4,6,5,6,2,6,6,7,4,8,3,8,6,6,7,5,6,3,4,5,4,4,5,5,6,4,6,4,6,2,6,5,5,3,3,5,4,5,2,6,4,3,4,4,4,3,6,5,5,1,6,0,0,0,0,0,0,0,0,0,0,0,0,0,0,0,0,0,0,0,0,0,0,19,-3,20,-2,20,0,22,4,23,5,24,7,23,9,23,11,25,13,25,17,23,18,22,24,24,24,22,29,19,30,17,34,17,34,13,39,12,39,8,39,5,41,4,43,-2,45,-3,45,-6,44,-7,45,-13,42,-15,40,-16,43,-19,38,-20,40,-22,37,-24,36,-25,34,-25,34,-28,31,-26,30,-26,28,-27,26,-28,24,-28,24,-29,24,-29,21,-28,20,-27,16,-27,19,-25,15,-27,16,-26,14,-27,10,-26,10,-24,11,-24,9,-24,9,-23,8,-20,6,-19,7,0,0]"
CSI_DATA,135,1a:00:00:00:00:00,-52,11,1,0,1,1,1,0,0,0,1,-96,0,11,2,1994321,0,44,0,384,0,"[0,0,0,0,0,0,0,0,0,0,0,0,-5,-2,-5,-2,-5,-2,-5,-2,-5,-2,-5,-2,-4,-1,-4,-1,-4,-1,-4,-1,-4,0,-3,0,-3,-1,-4,-1,-3,0,-4,0,-4,0,-4,1,-4,0,-4,0,-4,0,-4,0,-4,0,-4,0,-4,0,-5,1,0,0,-5,0,-5,-1,-4,0,-5,-1,-4,-1,-4,-1,-4,-1,-4,-1,-5,-1,-4,-1,-4,-1,-4,-1,-3,-1,-3,-1,-3,-2,-4,-1,-3,-1,-3,-2,-3,-2,-3,-2,-3,-2,-3,-2,-3,-1,-3,-2,-3,-2,-2,-2,0,0,0,0,0,0,0,0,0,0,0,0,0,0,-16,-5,-15,-4,-17,-6,-15,-5,-12,-5,-12,-6,-13,-5,-11,-5,-11,-3,-11,-3,-10,-5,-10,-2,-10,-2,-10,-2,-8,-1,-8,-1,-10,-1,-9,-2,-11,0,-7,0,-9,1,-7,0,-11,1,-10,1,-9,2,-10,3,-9,2,-12,2,-12,1,-11,2,-12,3,-10,2,-11,3,-12,2,-11,2,-12,0,-11,-1,-11,-3,-11,-3,-10,-2,-8,0,-9,-1,-9,-3,-9,-3,-9,-3,-9,-1,-8,-2,-7,-3,-8,-1,-6,-3,-8,-2,-8,-3,-5,-3,-8,-3,-7,-3,-7,-4,-7,-5,0,0,0,0,0,0,0,0,0,0,0,0,0,0,0,0,0,0,0,0,0,0,-5,19,-9,19,-9,18,-14,19,-14,19,-17,19,-20,17,-21,16,-25,16,-25,15,-31,13,-30,12,-33,11,-37,8,-39,2,-36,1,-41,-1,-39,-5,-44,-9,-41,-12,-39,-15,-41,-21,-37,-19,-40,-24,-36,-29,-37,-27,-33,-31,-31,-36,-26,-34,-26,-38,-21,-35,-23,-40,-19,-38,-16,-39,-15,-41,-13,-38,-11,-37,-9,-38,-8,-36,-8,-36,-3,-37,-2,-34,-1,-35,0,-33,1,-34,2,-30,7,-31,4,-29,5,-29,6,-26,5,-24,3,-25,7,-23,7,-21,5,-21,6,-20,5,-20,0,0]"
CSI_DATA,136,1a:00:00:00:00:00,-52,11,1,0,1,1,1,0,0,0,1,-96,0,11,2,2003830,0,44,0,384,0,"[0,0,0,0,0,0,0,0,0,0,0,0,-5,2,-4,2,-5,1,-4,2,-3,2,-3,2,-3,2,-3,2,-3,2,-3,2,-3,2,-2,2,-2,2,-2,2,-2,2,-1,2,-1,2,-1,3,-1,2,-1,2,-1,2,-1,2,-1,3,-1,3,-1,3,-2,3,0,0,-2,3,-1,3,-1,3,-2,3,-1,2,-2,3,-1,2,-2,3,-2,2,-2,3,-2,2,-2,2,-2,2,-2,2,-2,2,-2,1,-2,2,-2,2,-2,2,-2,1,-2,2,-2,2,-2,2,-2,2,-2,1,-2,1,0,0,0,0,0,0,0,0,0,0,0,0,0,0,-24,17,-29,21,-24,19,-20,18,-21,17,-20,16,-19,22,-26,18,-14,12,-18,16,-10,16,-17,19,-14,16,-9,19,-8,17,-12,13,-9,16,-6,17,-10,13,-5,15,-1,17,1,20,-4,19,-1,21,-6,22,-2,20,-1,20,-6,19,-4,18,-1,19,0,23,-2,25,-4,18,-4,22,-3,18,-7,22,-10,20,-7,20,-9,18,-7,20,-7,18,-8,20,-9,16,-9,13,-6,13,-7,12,-8,13,-7,10,-10,16,-6,15,-5,14,-6,12,-1,9,-9,6,-5,11,-9,11,-11,11,0,0,0,0,0,0,0,0,0,0,0,0,0,0,0,0,0,0,0,0,0,0,5,39,3,39,-2,41,-4,46,-11,43,-17,49,-20,49,-21,46,-29,52,-32,48,-43,51,-43,50,-50,51,-57,45,-58,43,-64,41,-67,42,-74,34,-83,35,-79,27,-85,21,-84,15,-84,9,-92,2,-91,-7,-89,-8,-88,-11,-87,-19,-83,-21,-84,-21,-79,-26,-84,-38,-76,-33,-73,-37,-70,-40,-70,-43,-59,-39,-67,-43,-62,-45,-59,-43,-57,-43,-50,-44,-53,-50,-47,-45,-48,-44,-41,-45,-43,-45,-38,-42,-35,-41,-35,-43,-33,-40,-31,-40,-30,-36,-24,-37,-24,-36,-23,-35,-26,-36,0,0]"
CSI_DATA,137,1a:00:00:00:00:00,-52,11,1,0,1,1,1,0,0,0,1,-96,0,11,2,2013837,0,44,0,384,0,"[0,0,0,0,0,0,0,0,0,0,0,0,4,-3,4,-3,4,-2,3,-2,3,-2,3,-3,3,-2,3,-3,3,-3,2,-2,2,-3,2,-3,2,-3,2,-3,1,-3,2,-3,2,-3,1,-3,1,-4,1,-3,1,-3,1,-3,2,-4,1,-4,2,-3,2,-3,0,0,2,-4,2,-4,2,-3,2,-3,2,-3,2,-3,2,-3,2,-3,3,-2,3,-2,3,-2,2,-2,2,-2,2,-2,2,-2,2,-2,2,-2,2,-2,2,-2,2,-1,2,-1,2,-1,2,-1,2,-1,2,-1,2,-1,0,0,0,0,0,0,0,0,0,0,0,0,0,0,16,-6,16,-4,14,-5,15,-4,14,-4,13,-3,13,-3,13,-2,12,-5,9,-3,10,-4,9,-3,7,-4,8,-5,6,-5,5,-4,7,-5,9,-6,5,-5,5,-7,5,-9,4,-7,5,-5,6,-7,5,-7,7,-8,6,-9,7,-7,7,-9,7,-9,6,-9,8,-8,9,-8,7,-9,7,-7,8,-6,6,-8,7,-6,10,-6,7,-3,9,-5,9,-5,8,-3,7,-3,5,-3,6,-4,7,-3,8,-1,5,-3,6,-2,7,-3,6,-1,6,-4,6,-1,6,-3,7,-2,7,-1,0,0,0,0,0,0,0,0,0,0,0,0,0,0,0,0,0,0,0,0,0,0,-4,-18,-3,-20,-1,-23,2,-23,5,-26,8,-23,9,-23,11,-27,15,-24,17,-25,21,-27,23,-24,25,-24,30,-23,31,-17,35,-19,35,-18,38,-14,38,-11,40,-7,43,-5,43,-4,44,1,44,3,45,9,43,9,42,14,40,18,40,19,39,19,36,22,35,23,33,24,33,26,29,28,28,27,24,29,26,28,23,28,22,28,21,29,19,29,16,29,16,30,14,29,11,24,10,26,11,26,8,25,8,26,6,25,7,22,5,22,5,22,3,21,6,20,2,20,0,0]"
CSI_DATA,138,1a:00:00:00:00:00,-52,11,1,0,1,1,1,0,0,0,1,-96,0,11,2,2023862,0,44,0,384,0,"[0,0,0,0,0,0,0,0,0,0,0,0,-6,0,-6,0,-5,-1,-5,0,-5,0,-5,0,-4,0,-4,0,-4,0,-4,0,-4,1,-3,1,-3,0,-3,1,-3,1,-3,1,-3,2,-3,1,-3,1,-3,1,-3,2,-3,1,-3,2,-3,2,-3,2,-4,2,0,0,-4,2,-3,1,-4,2,-4,1,-4,1,-4,1,-3,1,-4,1,-4,1,-4,1,-4,1,-3,1,-3,0,-3,0,-3,0,-3,0,-3,0,-3,0,-3,0,-3,0,-3,0,-3,0,-3,0,-3,0,-3,0,-3,-1,0,0,0,0,0,0,0,0,0,0,0,0,0,0,-18,-4,-17,-3,-17,-2,-16,-2,-13,-1,-16,-1,-13,-1,-13,-2,-12,-2,-11,-2,-10,-1,-10,1,-9,1,-8,0,-9,1,-9,2,-9,2,-9,1,-10,3,-7,6,-8,4,-8,4,-7,3,-9,5,-8,5,-9,6,-8,6,-10,4,-11,4,-9,5,-9,5,-10,6,-11,5,-11,4,-11,6,-11,3,-11,3,-9,2,-9,3,-10,2,-11,4,-8,3,-8,1,-7,1,-9,3,-9,1,-9,2,-8,0,-7,1,-9,2,-7,0,-8,0,-6,-1,-8,-1,-6,0,-8,1,-8,0,0,0,0,0,0,0,0,0,0,0,0,0,0,0,0,0,0,0,0,0,0,0,-6,16,-8,17,-12,17,-14,17,-16,18,-17,17,-20,16,-22,15,-24,16,-27,15,-29,10,-31,10,-35,8,-36,6,-38,4,-37,0,-40,-1,-40,-5,-42,-5,-41,-12,-43,-13,-42,-18,-39,-19,-40,-23,-38,-26,-36,-27,-32,-30,-33,-32,-28,-31,-28,-35,-25,-33,-25,-36,-22,-36,-19,-35,-20,-38,-17,-37,-15,-35,-14,-38,-9,-36,-11,-36,-8,-35,-8,-33,-5,-34,-4,-32,-3,-33,-5,-29,-2,-28,-3,-28,-1,-29,1,-28,3,-29,1,-26,3,-25,2,-23,3,-24,3,-22,1,-21,0,0]"
CSI_DATA,139,1a:00:00:00:00:00,-53,11,1,0,1,1,1,0,0,0,1,-96,0,11,2,2034203,0,44,0,384,0,"[0,0,0,0,0,0,0,0,0,0,0,0,-2,-5,-2,-5,-3,-4,-2,-5,-2,-4,-2,-4,-2,-4,-2,-3,-3,-3,-3,-3,-2,-3,-2,-3,-3,-3,-3,-2,-3,-2,-3,-2,-3,-2,-3,-2,-3,-2,-3,-2,-4,-2,-4,-2,-3,-2,-4,-2,-4,-2,-4,-2,0,0,-4,-2,-4,-3,-4,-3,-4,-2,-3,-3,-3,-3,-3,-3,-3,-3,-3,-2,-3,-3,-2,-2,-2,-3,-2,-3,-2,-3,-2,-2,-2,-3,-2,-2,-2,-2,-2,-2,-2,-2,-2,-2,-2,-3,-1,-2,-2,-3,-2,-3,-2,-3,0,0,0,0,0,0,0,0,0,0,0,0,0,0,-3,-18,-4,-18,-2,-15,-4,-17,-1,-13,-2,-15,-3,-13,-1,-12,-3,-11,-2,-10,-2,-11,-2,-9,-4,-10,-3,-8,-3,-7,-4,-9,-5,-6,-6,-7,-5,-8,-5,-7,-6,-7,-4,-7,-6,-5,-8,-7,-7,-6,-7,-6,-9,-8,-7,-7,-6,-9,-9,-10,-7,-7,-9,-9,-8,-8,-8,-8,-6,-11,-7,-9,-5,-9,-7,-8,-8,-10,-5,-10,-4,-10,-4,-8,-4,-8,-4,-9,-5,-9,-5,-7,-3,-6,-4,-7,-3,-7,-2,-6,-4,-6,-4,-7,-3,-8,-1,-8,-2,-7,-2,-7,-3,-8,0,0,0,0,0,0,0,0,0,0,0,0,0,0,0,0,0,0,0,0,0,0,-20,2,-22,0,-22,-2,-24,-4,-24,-6,-24,-7,-23,-11,-24,-12,-25,-16,-23,-19,-26,-24,-24,-25,-25,-27,-23,-30,-21,-35,-18,-34,-17,-39,-13,-39,-11,-42,-6,-42,-4,-43,-3,-43,4,-45,4,-46,8,-44,9,-44,12,-43,18,-43,19,-40,22,-41,25,-37,25,-35,27,-35,25,-31,29,-31,28,-28,29,-25,28,-27,29,-25,30,-22,31,-21,30,-19,30,-19,29,-18,28,-14,31,-12,28,-11,28,-12,27,-11,24,-6,24,-7,23,-8,24,-6,22,-6,20,-5,24,-6,20,-4,0,0]"
CSI_DATA,140,1a:00:00:00:00:00,-53,11,1,0,1,1,1,0,0,0,1,-96,0,11,2,2044517,0,44,0,384,0,"[0,0,0,0,0,0,0,0,0,0,0,0,-1,-6,-1,-6,-2,-5,-1,-5,-2,-5,-1,-4,-1,-4,-1,-4,-1,-4,-2,-3,-1,-3,-1,-3,-2,-3,-2,-3,-2,-3,-2,-3,-2,-2,-2,-3,-3,-3,-3,-3,-3,-3,-4,-3,-3,-3,-3,-3,-3,-3,-3,-3,0,0,-3,-3,-3,-3,-3,-4,-2,-3,-3,-4,-2,-4,-3,-4,-2,-4,-2,-3,-2,-3,-2,-3,-1,-4,-2,-3,-1,-3,-1,-3,-1,-3,-1,-3,-2,-3,-1,-3,-1,-3,-1,-3,-1,-3,-1,-3,-1,-3,-1,-3,0,-3,0,0,0,0,0,0,0,0,0,0,0,0,0,0,-3,-18,0,-19,-2,-18,-2,-16,-1,-15,-1,-15,-2,-13,-1,-13,0,-13,-2,-12,-1,-11,-2,-10,-2,-10,-2,-8,-3,-10,-4,-7,-4,-8,-3,-7,-5,-7,-6,-8,-5,-8,-4,-10,-6,-6,-6,-7,-6,-7,-6,-7,-7,-10,-6,-8,-6,-10,-7,-9,-4,-10,-5,-11,-6,-9,-6,-11,-5,-10,-5,-10,-3,-9,-6,-10,-3,-10,-3,-8,-3,-11,-2,-9,-3,-9,-2,-8,-3,-9,-1,-7,-2,-7,-2,-7,-1,-10,-3,-6,-1,-7,-2,-7,-1,-8,0,-7,0,-7,1,-7,0,-9,0,0,0,0,0,0,0,0,0,0,0,0,0,0,0,0,0,0,0,0,0,0,-18,9,-20,6,-22,6,-25,2,-25,1,-25,-2,-26,-4,-26,-7,-27,-9,-29,-10,-29,-16,-29,-19,-29,-21,-28,-24,-25,-27,-23,-30,-24,-33,-21,-35,-19,-38,-16,-41,-14,-40,-10,-44,-5,-44,-4,-47,2,-45,3,-46,8,-45,9,-46,14,-41,15,-41,17,-38,19,-39,22,-35,23,-34,25,-34,24,-31,25,-29,26,-29,27,-26,27,-26,28,-26,26,-23,29,-20,30,-18,27,-18,27,-15,27,-13,28,-12,26,-10,26,-11,26,-7,26,-7,24,-6,21,-7,23,-5,22,-4,21,-5,0,0]"
CSI_DATA,141,1a:00:00:00:00:00,-53,11,1,0,1,1,1,0,0,0,1,-96,0,11,2,2054150,0,44,0,384,0,"[0,0,0,0,0,0,0,0,0,0,0,0,-4,3,-4,4,-3,3,-3,3,-3,3,-3,2,-3,3,-2,3,-3,2,-2,2,-2,2,-2,2,-1,2,-1,2,-1,2,-1,2,-1,2,-1,2,0,2,0,3,-1,3,0,3,-1,2,-1,3,-1,3,-1,3,0,0,-1,2,-1,3,-1,3,-1,3,-2,3,-2,3,-2,3,-2,2,-2,2,-2,2,-2,1,-2,2,-2,2,-2,2,-1,1,-2,1,-2,1,-2,1,-2,1,-2,1,-2,1,-2,2,-2,1,-2,1,-2,1,-3,1,0,0,0,0,0,0,0,0,0,0,0,0,0,0,-22,22,-18,24,-24,26,-21,20,-21,20,-22,18,-17,14,-20,16,-16,14,-17,15,-15,20,-11,16,-11,18,-15,14,-13,10,-10,14,-9,14,-7,9,-5,13,-7,15,-4,17,-4,12,-1,14,1,17,-5,12,1,19,-4,19,-1,18,-8,17,-4,23,-5,19,-4,21,-7,17,-5,17,-8,16,-7,17,-7,18,-8,17,-10,16,-8,16,-9,12,-7,13,-10,13,-4,12,-6,15,-11,12,-9,10,-7,12,-9,10,-7,10,-7,11,-8,12,-6,11,-9,10,-6,12,-11,9,-9,7,0,0,0,0,0,0,0,0,0,0,0,0,0,0,0,0,0,0,0,0,0,0,31,16,30,20,32,24,31,35,31,37,31,39,28,43,26,43,21,48,21,51,12,62,10,67,7,68,-2,73,-7,73,-14,73,-21,79,-26,75,-33,70,-38,72,-46,73,-52,68,-59,65,-61,58,-70,55,-73,53,-77,42,-83,39,-81,35,-83,31,-81,21,-80,22,-78,16,-80,17,-76,11,-80,6,-75,7,-73,-3,-72,-8,-71,-7,-74,-14,-70,-15,-68,-20,-63,-19,-62,-17,-63,-17,-60,-23,-53,-20,-51,-24,-49,-28,-46,-28,-41,-28,-36,-27,-38,-25,-39,-31,-36,-28,-30,-20,0,0]"
CSI_DATA,142,1a:00:00:00:00:00,-53,11,1,0,1,1,1,0,0,0,1,-96,0,11,2,2073846,0,44,0,384,0,"[0,0,0,0,0,0,0,0,0,0,0,0,-5,-3,-5,-3,-5,-3,-5,-3,-5,-3,-4,-2,-4,-2,-3,-2,-4,-2,-4,-2,-3,-2,-3,-1,-3,-1,-3,-1,-3,-1,-3,-1,-3,0,-3,0,-3,-1,-3,0,-3,0,-4,0,-3,0,-4,0,-3,0,-4,0,0,0,-4,0,-4,0,-4,-1,-4,0,-4,-1,-4,-1,-3,-1,-3,-1,-4,-1,-4,-1,-4,-1,-3,-1,-3,-1,-3,-1,-3,-1,-3,-1,-3,-1,-3,-1,-3,-1,-3,-2,-3,-1,-3,-1,-3,-2,-3,-1,-3,-2,-3,-2,0,0,0,0,0,0,0,0,0,0,0,0,0,0,-29,-22,-28,-19,-29,-22,-26,-21,-24,-24,-21,-23,-20,-19,-20,-18,-18,-18,-17,-14,-16,-16,-15,-14,-16,-13,-13,-12,-10,-11,-12,-8,-15,-9,-13,-6,-14,-2,-13,-4,-12,-4,-11,-3,-15,0,-18,-1,-18,-5,-18,-1,-15,-1,-21,-2,-13,-4,-16,-3,-13,-2,-15,-1,-16,-6,-21,-4,-12,-1,-16,-5,-20,-7,-17,-3,-19,-9,-15,-6,-17,-5,-13,-6,-13,-11,-15,-6,-13,-5,-17,-7,-12,-5,-16,-6,-11,-8,-13,-7,-12,-6,-11,-8,-13,-10,-8,-9,-10,-11,-11,-12,-12,-11,0,0,0,0,0,0,0,0,0,0,0,0,0,0,0,0,0,0,0,0,0,0,-14,33,-20,35,-26,35,-27,33,-34,33,-40,25,-42,28,-47,25,-50,21,-55,19,-59,15,-67,10,-68,9,-71,-1,-71,-7,-73,-13,-77,-19,-75,-26,-75,-32,-74,-38,-71,-47,-69,-52,-67,-55,-65,-61,-57,-67,-53,-70,-50,-71,-41,-77,-41,-78,-34,-84,-31,-78,-22,-81,-19,-81,-12,-80,-12,-82,-10,-82,-3,-74,0,-75,2,-74,6,-75,7,-74,10,-70,15,-65,12,-68,17,-61,25,-62,20,-58,21,-56,20,-52,27,-51,29,-50,24,-46,25,-42,27,-40,24,-42,26,-38,25,-36,0,0]"
CSI_DATA,143,1a:00:00:00:00:00,-53,11,1,0,1,1,1,0,0,0,1,-96,0,11,2,2084492,0,44,0,384,0,"[0,0,0,0,0,0,0,0,0,0,0,0,-4,4,-4,4,-4,3,-4,3,-3,2,-3,2,-3,2,-3,2,-3,2,-2,2,-2,2,-2,2,-2,2,-2,2,-1,1,-2,2,-1,2,-1,2,0,2,0,2,0,2,-1,2,-1,2,0,3,-1,3,-1,2,0,0,-1,3,0,3,-1,3,-1,2,-1,3,-1,3,-1,3,-1,3,-1,2,-2,2,-1,2,-1,2,-2,2,-1,2,-1,2,-1,2,-2,2,-2,2,-1,2,-1,2,-2,2,-2,2,-2,2,-2,2,-2,1,-2,1,0,0,0,0,0,0,0,0,0,0,0,0,0,0,-31,21,-33,21,-29,17,-24,18,-27,15,-26,18,-25,15,-26,17,-19,10,-17,9,-18,11,-15,14,-19,9,-15,10,-15,8,-8,10,-11,11,-11,10,-10,9,-7,13,-7,12,-6,14,-7,12,-6,13,-4,11,-7,14,-4,16,-5,13,-6,14,-9,15,-5,15,-6,18,-4,17,-6,16,-8,18,-8,15,-6,16,-8,13,-8,14,-12,16,-8,14,-10,14,-10,15,-8,12,-5,11,-12,14,-10,11,-12,12,-10,13,-8,11,-10,8,-9,8,-13,10,-10,11,-11,11,-12,11,-13,9,0,0,0,0,0,0,0,0,0,0,0,0,0,0,0,0,0,0,0,0,0,0,26,20,28,28,25,34,23,40,22,39,16,44,16,48,11,51,6,52,4,56,1,62,-5,65,-9,65,-16,70,-24,67,-31,67,-36,69,-42,64,-48,64,-52,61,-57,56,-66,57,-68,48,-73,44,-79,37,-79,36,-82,31,-88,25,-85,17,-87,11,-81,7,-85,1,-85,-1,-82,-5,-81,-5,-81,-11,-74,-15,-76,-16,-71,-24,-75,-24,-71,-32,-66,-25,-66,-30,-59,-30,-58,-33,-58,-35,-49,-31,-52,-38,-48,-40,-41,-36,-40,-38,-36,-35,-38,-37,-35,-35,-34,-37,-29,-37,-29,-36,0,0]"
CSI_DATA,144,1a:00:00:00:00:00,-53,11,1,0,1,1,1,0,0,0,1,-96,0,11,2,2113979,0,44,0,384,0,"[0,0,0,0,0,0,0,0,0,0,0,0,4,1,4,1,4,1,4,1,3,1,3,0,3,0,3,0,3,0,2,0,2,0,2,-1,2,0,2,-1,1,-1,2,-2,1,-2,1,-2,1,-1,2,-2,1,-2,2,-2,2,-3,2,-2,1,-2,2,-3,0,0,2,-3,2,-2,2,-2,3,-3,2,-2,2,-2,2,-2,2,-2,2,-2,2,-2,2,-2,2,-2,2,-2,2,-2,2,-2,2,-2,2,-2,2,-2,2,-2,2,-2,2,-2,2,-2,2,-2,2,-1,2,-1,2,-1,0,0,0,0,0,0,0,0,0,0,0,0,0,0,39,6,33,4,35,1,29,2,30,1,25,4,27,3,22,0,29,1,19,4,16,0,19,2,19,-2,19,-4,12,-1,10,-7,17,-6,9,-6,10,-7,9,-7,7,-12,8,-8,8,-11,10,-15,9,-14,7,-14,11,-16,16,-16,11,-17,12,-18,10,-15,8,-18,12,-13,7,-13,9,-16,11,-14,12,-13,15,-16,14,-13,9,-17,10,-14,9,-13,11,-12,11,-11,11,-12,10,-10,8,-13,8,-11,11,-13,12,-12,12,-13,9,-10,13,-9,12,-10,10,-11,13,-7,14,-8,0,0,0,0,0,0,0,0,0,0,0,0,0,0,0,0,0,0,0,0,0,0,11,-36,19,-34,24,-36,33,-33,34,-35,35,-29,39,-33,47,-25,50,-28,50,-26,58,-24,63,-20,69,-14,70,-12,71,-6,71,-7,79,2,81,12,80,12,83,18,82,24,83,28,81,37,79,43,77,51,75,49,68,54,66,56,61,61,58,65,54,64,54,67,46,72,43,71,41,72,38,69,35,71,35,71,29,70,28,70,25,69,27,69,19,66,18,67,13,63,14,63,12,60,11,63,7,61,4,61,4,57,4,54,-3,53,-1,50,0,48,2,44,-5,43,0,0]"
CSI_DATA,145,1a:00:00:00:00:00,-53,11,1,0,1,1,1,0,0,0,1,-96,0,11,2,2124853,0,44,0,384,0,"[0,0,0,0,0,0,0,0,0,0,0,0,5,-2,4,-2,4,-2,4,-2,3,-1,3,-2,3,-2,2,-2,2,-2,2,-1,2,-2,2,-2,1,-2,1,-2,1,-2,1,-3,0,-3,1,-3,0,-2,0,-2,0,-2,0,-3,0,-3,0,-3,0,-3,0,-4,0,0,0,-4,0,-4,0,-4,0,-4,0,-3,0,-3,0,-3,0,-4,1,-3,1,-3,1,-3,0,-3,0,-3,0,-3,1,-3,0,-3,0,-3,0,-3,1,-3,1,-3,1,-3,0,-3,0,-3,1,-3,1,-3,1,-2,0,0,0,0,0,0,0,0,0,0,0,0,0,0,32,-2,35,1,29,3,31,-4,29,-5,25,1,28,-1,25,-2,22,0,18,-3,19,0,14,-3,13,-5,15,-2,12,-3,6,-9,9,-6,10,-6,7,-5,7,-7,6,-11,4,-13,8,-11,5,-9,7,-11,6,-13,4,-17,3,-17,4,-13,3,-14,4,-24,3,-22,6,-16,6,-16,5,-17,6,-17,7,-14,5,-14,4,-15,8,-17,4,-18,6,-20,7,-11,9,-15,9,-11,5,-17,5,-18,2,-13,4,-15,5,-11,5,-16,7,-15,7,-13,6,-11,5,-15,9,-11,9,-13,0,0,0,0,0,0,0,0,0,0,0,0,0,0,0,0,0,0,0,0,0,0,19,-33,23,-27,28,-33,31,-33,36,-29,37,-27,45,-20,47,-23,55,-23,58,-21,58,-16,66,-12,68,-10,71,-1,69,3,74,6,73,10,79,12,74,17,76,28,77,31,82,37,76,44,70,45,70,52,64,53,65,60,55,60,61,62,52,63,49,67,47,68,39,70,40,67,39,71,37,71,29,72,30,71,28,71,24,71,26,69,20,69,18,65,21,71,14,64,14,63,9,62,11,58,6,58,6,60,7,49,2,52,2,47,0,46,5,44,0,42,2,44,0,0]"
CSI_DATA,146,1a:00:00:00:00:00,-54,11,1,0,1,1,1,0,0,0,1,-96,0,11,2,2135644,0,44,0,384,0,"[0,0,0,0,0,0,0,0,0,0,0,0,-6,1,-5,1,-5,1,-4,0,-4,1,-4,1,-4,1,-3,1,-3,1,-3,0,-3,1,-2,1,-2,0,-2,1,-2,1,-2,2,-1,1,-1,2,-1,1,-1,2,-1,2,-1,2,-1,2,-1,2,-1,2,-1,3,0,0,-1,3,-1,2,-1,2,-2,3,-1,2,-1,2,-2,2,-2,2,-2,2,-2,2,-2,2,-2,2,-1,2,-1,2,-2,2,-2,2,-2,2,-2,2,-2,1,-2,2,-2,1,-2,2,-2,2,-2,2,-2,1,-3,1,0,0,0,0,0,0,0,0,0,0,0,0,0,0,-17,4,-18,5,-17,4,-15,3,-14,3,-14,2,-14,4,-14,3,-13,1,-10,1,-9,3,-10,3,-7,3,-9,3,-6,3,-4,5,-7,4,-5,2,-4,3,-2,4,-5,5,-1,6,-2,3,-3,4,-1,6,-4,7,-2,6,-3,7,-2,5,-1,7,-1,8,-3,9,-3,8,-4,8,-1,10,-5,8,-4,7,-3,7,-4,8,-4,9,-3,7,-5,8,-4,7,-4,5,-5,6,-4,8,-5,6,-4,5,-4,6,-4,6,-3,6,-4,7,-4,6,-5,6,-4,7,-6,5,-7,4,0,0,0,0,0,0,0,0,0,0,0,0,0,0,0,0,0,0,0,0,0,0,2,18,0,20,-2,21,-5,20,-7,22,-8,22,-12,23,-13,21,-15,23,-19,22,-24,23,-24,22,-26,21,-31,20,-32,19,-34,15,-36,16,-39,13,-38,10,-40,7,-42,6,-44,1,-45,-1,-45,-3,-44,-7,-45,-9,-42,-13,-42,-13,-44,-18,-43,-18,-39,-20,-38,-22,-35,-23,-34,-23,-33,-26,-32,-25,-30,-25,-29,-26,-27,-27,-28,-28,-26,-28,-25,-28,-23,-29,-22,-29,-18,-26,-20,-30,-19,-25,-17,-27,-14,-26,-14,-28,-12,-25,-11,-25,-8,-23,-10,-24,-10,-23,-8,-22,-8,-21,0,0]"
CSI_DATA,147,1a:00:00:00:00:00,-54,11,1,0,1,1,1,0,0,0,1,-96,0,11,2,2145030,0,44,0,384,0,"[0,0,0,0,0,0,0,0,0,0,0,0,0,-6,-1,-5,-1,-5,0,-4,0,-4,0,-4,0,-4,-1,-3,0,-3,-1,-3,-1,-3,-1,-3,-1,-2,-2,-3,-2,-2,-1,-2,-1,-2,-2,-2,-2,-2,-2,-2,-3,-2,-3,-2,-2,-2,-3,-2,-3,-2,-2,-2,0,0,-3,-2,-3,-3,-3,-3,-3,-2,-3,-3,-3,-3,-2,-2,-2,-3,-3,-2,-2,-3,-2,-2,-2,-3,-2,-2,-2,-3,-2,-2,-2,-2,-2,-3,-2,-2,-2,-2,-2,-2,-2,-3,-2,-3,-2,-3,-1,-3,-1,-3,-1,-3,0,0,0,0,0,0,0,0,0,0,0,0,0,0,7,-35,10,-36,4,-33,8,-32,7,-32,6,-29,6,-29,9,-21,9,-24,5,-23,2,-21,4,-19,3,-20,2,-11,1,-16,2,-13,-5,-16,-3,-9,-6,-9,-8,-12,-7,-13,-7,-11,-8,-11,-5,-13,-9,-13,-12,-13,-8,-13,-7,-13,-14,-11,-14,-15,-11,-17,-13,-19,-11,-9,-11,-16,-9,-19,-15,-13,-5,-18,-8,-17,-11,-14,-10,-17,-9,-14,-3,-17,-6,-13,-7,-16,-9,-13,-5,-12,-2,-14,-5,-12,-4,-17,-6,-13,-5,-11,-4,-14,-2,-17,-4,-20,-2,-17,0,-13,3,-20,0,0,0,0,0,0,0,0,0,0,0,0,0,0,0,0,0,0,0,0,0,0,-40,0,-43,-10,-41,-10,-46,-15,-42,-20,-44,-27,-43,-28,-40,-32,-44,-40,-36,-45,-38,-53,-37,-57,-31,-63,-31,-71,-27,-72,-18,-74,-17,-82,-11,-77,-5,-80,2,-85,2,-83,15,-90,21,-81,30,-88,35,-83,41,-80,50,-80,53,-78,53,-69,58,-71,58,-59,63,-62,61,-56,68,-51,69,-53,69,-48,65,-39,68,-35,70,-32,69,-28,72,-27,64,-22,70,-23,67,-19,70,-16,63,-20,65,-11,60,-9,61,-8,56,0,53,2,55,4,53,7,46,3,47,2,47,5,45,12,0,0]"
CSI_DATA,148,1a:00:00:00:00:00,-53,11,1,0,1,1,1,0,0,0,1,-96,0,11,2,2153857,0,44,0,384,0,"[0,0,0,0,0,0,0,0,0,0,0,0,3,3,2,3,3,3,3,3,2,2,2,2,2,2,2,2,1,1,2,1,1,1,1,0,2,0,2,1,2,0,1,0,1,-1,2,-1,2,0,2,-1,2,-1,2,0,2,-1,3,-1,2,-1,2,-1,0,0,2,-1,3,-1,3,-1,3,-1,3,-1,3,0,3,0,2,0,3,-1,3,-1,3,-1,2,0,2,0,2,0,2,-1,2,-1,2,0,2,-1,2,-1,2,0,2,0,2,0,2,0,2,0,2,0,2,0,0,0,0,0,0,0,0,0,0,0,0,0,0,0,18,28,12,31,14,31,13,27,9,25,11,27,10,23,10,22,6,17,7,21,8,17,9,13,8,15,7,10,7,11,8,8,5,8,9,6,13,5,10,6,8,7,10,4,10,3,11,3,11,-1,14,1,6,7,16,5,15,3,16,2,17,2,16,4,16,8,18,5,16,9,19,8,12,5,18,7,16,6,16,9,12,6,13,13,15,11,11,14,15,9,12,5,11,8,9,8,11,11,12,7,9,7,10,10,12,12,8,11,7,12,7,11,7,11,0,0,0,0,0,0,0,0,0,0,0,0,0,0,0,0,0,0,0,0,0,0,28,-24,32,-27,33,-18,45,-18,41,-16,48,-10,47,-6,53,-4,59,-1,55,3,59,11,62,14,68,22,68,29,73,32,55,38,67,51,57,52,59,56,48,69,47,67,45,81,41,74,34,79,27,82,21,88,17,93,14,93,3,87,1,92,-3,80,-9,89,-11,82,-22,82,-18,83,-24,76,-25,74,-28,69,-32,69,-35,67,-37,73,-34,58,-42,58,-40,57,-42,54,-40,43,-41,46,-42,41,-44,48,-44,37,-44,36,-48,34,-49,27,-41,24,-40,21,-41,28,-41,19,0,0]"
CSI_DATA,149,1a:00:00:00:00:00,-53,11,1,0,1,1,1,0,0,0,1,-96,0,11,2,2183850,0,44,0,384,0,"[0,0,0,0,0,0,0,0,0,0,0,0,-5,3,-5,2,-4,2,-5,2,-4,2,-4,2,-3,2,-3,1,-4,2,-2,1,-3,2,-3,2,-2,1,-2,1,-2,1,-2,2,-2,2,-1,2,-1,2,-1,2,-1,2,-1,2,-1,3,-1,3,0,2,-1,3,0,0,-2,3,-1,3,-1,3,-1,2,-2,3,-1,2,-1,2,-2,2,-2,2,-2,2,-2,2,-2,2,-2,2,-2,2,-2,2,-2,1,-2,2,-2,2,-2,2,-2,1,-2,1,-2,2,-2,2,-2,1,-2,1,-3,1,0,0,0,0,0,0,0,0,0,0,0,0,0,0,-19,7,-17,4,-15,6,-16,3,-15,5,-14,4,-14,3,-12,3,-12,3,-12,5,-8,2,-11,3,-9,3,-8,2,-7,4,-6,4,-8,1,-6,3,-7,3,-5,4,-3,5,-4,4,-5,5,-4,5,-3,5,-6,7,-4,7,-4,7,-5,4,-4,7,-3,7,-7,9,-6,6,-5,5,-6,7,-7,6,-5,7,-6,7,-8,5,-7,7,-8,7,-5,5,-4,4,-5,2,-6,5,-6,4,-7,3,-6,5,-6,5,-7,4,-6,3,-6,4,-7,5,-6,4,-6,3,-7,0,-8,2,0,0,0,0,0,0,0,0,0,0,0,0,0,0,0,0,0,0,0,0,0,0,12,14,12,15,10,18,9,20,8,23,5,25,2,24,1,26,0,27,-4,29,-6,28,-9,32,-11,32,-14,31,-19,30,-20,30,-25,31,-28,29,-28,27,-32,24,-34,23,-37,21,-40,19,-41,16,-41,10,-41,10,-45,5,-44,1,-43,0,-44,-3,-43,-5,-44,-9,-41,-10,-39,-13,-40,-12,-39,-14,-36,-15,-33,-15,-33,-19,-33,-19,-31,-21,-32,-19,-30,-21,-28,-23,-23,-21,-23,-23,-19,-24,-21,-21,-19,-24,-18,-25,-16,-24,-17,-21,-13,-22,-12,-22,-11,-23,-11,-19,-9,-21,0,0]"
CSI_DATA,150,1a:00:00:00:00:00,-53,11,1,0,1,1,1,0,0,0,1,-96,0,11,2,2194014,0,44,0,384,0,"[0,0,0,0,0,0,0,0,0,0,0,0,-2,-5,-2,-5,-2,-5,-2,-5,-2,-4,-1,-4,-2,-4,-1,-4,-1,-3,-2,-3,-2,-3,-2,-3,-2,-3,-2,-3,-3,-3,-2,-2,-2,-2,-2,-2,-3,-2,-3,-2,-3,-2,-3,-2,-3,-2,-3,-2,-3,-2,-3,-2,0,0,-3,-2,-3,-3,-3,-3,-3,-3,-3,-3,-3,-3,-2,-3,-2,-3,-3,-3,-3,-2,-3,-2,-2,-3,-2,-3,-2,-2,-2,-2,-2,-3,-2,-2,-2,-3,-2,-2,-2,-2,-2,-3,-2,-3,-1,-3,-1,-3,-1,-3,-1,-3,0,0,0,0,0,0,0,0,0,0,0,0,0,0,-1,-19,0,-16,-1,-17,0,-16,2,-15,2,-15,0,-13,0,-14,-2,-12,0,-12,1,-12,0,-9,0,-10,0,-8,-1,-7,-1,-7,-2,-7,-3,-5,-2,-6,-1,-6,-4,-8,-2,-6,-6,-4,-5,-5,-6,-6,-4,-6,-6,-6,-8,-8,-6,-7,-5,-8,-5,-8,-5,-6,-8,-7,-8,-9,-5,-10,-7,-7,-5,-9,-6,-11,-5,-8,-3,-9,-5,-8,-2,-7,-4,-8,-5,-9,-3,-7,-3,-5,-2,-7,-3,-8,-4,-6,-3,-7,-5,-8,-2,-7,-1,-7,-1,-9,-2,-9,-2,-8,-2,-9,0,0,0,0,0,0,0,0,0,0,0,0,0,0,0,0,0,0,0,0,0,0,-19,6,-20,4,-21,2,-25,-1,-23,-3,-27,-5,-25,-7,-26,-10,-25,-12,-24,-14,-27,-19,-27,-20,-29,-23,-27,-26,-26,-31,-19,-31,-21,-38,-16,-38,-17,-41,-12,-43,-8,-42,-6,-45,-1,-43,0,-46,4,-46,5,-46,9,-44,14,-46,15,-41,18,-42,18,-37,24,-40,22,-36,24,-34,25,-32,26,-29,25,-28,28,-25,28,-25,29,-27,31,-24,27,-20,31,-20,28,-18,30,-15,28,-16,26,-12,29,-12,27,-10,24,-8,27,-9,27,-6,27,-6,22,-5,23,-4,23,-4,22,-3,0,0]"
CSI_DATA,151,1a:00:00:00:00:00,-53,11,1,0,1,1,1,0,0,0,1,-96,0,11,2,2205129,0,44,0,384,0,"[0,0,0,0,0,0,0,0,0,0,0,0,3,-5,3,-4,2,-4,2,-4,2,-4,2,-3,2,-4,2,-3,2,-3,1,-3,1,-3,1,-3,0,-3,0,-3,0,-3,0,-3,0,-3,0,-3,0,-3,-1,-3,-1,-3,-1,-3,0,-3,-1,-3,-1,-3,0,-4,0,0,0,-4,-1,-4,0,-4,0,-3,0,-4,0,-4,0,-4,0,-3,1,-3,0,-3,1,-3,1,-3,0,-3,0,-3,0,-2,0,-2,0,-3,0,-2,0,-3,0,-2,1,-2,1,-3,1,-3,1,-2,1,-2,1,-2,0,0,0,0,0,0,0,0,0,0,0,0,0,0,18,-32,22,-25,26,-28,17,-25,19,-22,18,-25,21,-19,15,-19,17,-18,17,-20,12,-18,13,-15,11,-18,11,-16,7,-11,9,-17,6,-14,6,-19,3,-14,7,-15,5,-16,3,-13,5,-16,3,-12,3,-18,0,-15,2,-21,2,-14,4,-15,2,-20,6,-18,6,-19,4,-17,4,-17,7,-20,1,-16,6,-19,5,-14,8,-18,9,-12,11,-17,8,-15,6,-15,6,-14,7,-13,12,-13,7,-14,7,-13,7,-11,6,-12,8,-12,10,-14,9,-13,10,-11,8,-14,13,-9,11,-10,0,0,0,0,0,0,0,0,0,0,0,0,0,0,0,0,0,0,0,0,0,0,-35,-15,-36,-19,-37,-27,-36,-28,-32,-33,-31,-43,-26,-43,-24,-48,-21,-54,-22,-57,-14,-65,-9,-64,-7,-73,-1,-72,5,-74,12,-74,19,-79,26,-77,31,-75,40,-74,44,-72,50,-67,56,-65,60,-62,68,-59,71,-57,73,-47,75,-42,78,-34,80,-34,75,-26,81,-23,80,-20,76,-12,79,-7,78,-6,77,-4,78,-4,73,4,70,5,70,12,70,10,66,12,67,16,63,19,63,18,57,21,52,23,51,25,49,25,50,31,44,27,43,27,35,23,33,28,34,26,35,23,0,0]"
CSI_DATA,152,1a:00:00:00:00:00,-53,11,1,0,1,1,1,0,0,0,1,-96,0,11,2,2214381,0,44,0,384,0,"[0,0,0,0,0,0,0,0,0,0,0,0,-5,2,-5,2,-5,1,-4,1,-4,1,-4,1,-4,1,-4,2,-3,2,-3,1,-3,2,-3,2,-2,1,-2,1,-2,1,-2,2,-2,2,-2,2,-1,2,-1,2,-1,2,-1,2,-2,2,-1,2,-1,2,-3,3,0,0,-2,3,-1,2,-2,3,-2,2,-2,2,-2,2,-2,2,-2,2,-2,2,-2,2,-3,2,-2,2,-2,2,-2,2,-2,1,-2,1,-2,1,-2,1,-2,1,-2,1,-2,1,-2,1,-2,1,-2,1,-3,1,-3,1,0,0,0,0,0,0,0,0,0,0,0,0,0,0,-16,6,-15,7,-16,6,-17,5,-14,4,-15,6,-13,4,-11,5,-13,3,-13,2,-12,4,-10,4,-9,2,-10,4,-10,6,-7,3,-7,4,-6,6,-4,5,-6,5,-5,6,-5,6,-5,6,-7,7,-5,6,-5,6,-6,9,-4,7,-6,7,-6,9,-5,7,-6,10,-6,7,-7,6,-7,7,-7,6,-7,8,-7,5,-8,5,-8,5,-8,5,-8,6,-6,4,-7,2,-4,5,-5,5,-7,5,-5,5,-6,3,-7,3,-6,5,-6,3,-6,5,-8,4,-6,3,-7,3,-7,2,0,0,0,0,0,0,0,0,0,0,0,0,0,0,0,0,0,0,0,0,0,0,6,18,4,19,2,21,0,23,-1,24,-4,25,-6,26,-7,26,-11,26,-13,28,-17,27,-20,27,-21,27,-25,25,-28,25,-29,20,-32,23,-34,18,-39,19,-41,15,-42,13,-44,9,-43,6,-45,4,-46,-1,-45,0,-45,-8,-46,-8,-41,-13,-43,-12,-39,-13,-42,-17,-39,-19,-37,-19,-35,-20,-33,-22,-32,-22,-34,-23,-30,-24,-29,-25,-27,-27,-24,-25,-24,-26,-25,-25,-21,-24,-19,-27,-19,-24,-17,-24,-15,-24,-14,-25,-15,-23,-14,-26,-11,-24,-11,-21,-11,-21,-8,-19,-10,-22,0,0]"
CSI_DATA,153,1a:00:00:00:00:00,-52,11,1,0,1,1,1,0,0,0,1,-96,0,11,2,2223866,0,44,0,384,0,"[0,0,0,0,0,0,0,0,0,0,0,0,1,5,0,4,1,4,1,4,1,4,0,3,0,3,1,3,0,3,1,3,1,2,1,2,1,2,2,2,1,2,1,2,2,2,1,2,2,2,2,2,2,2,2,2,2,2,2,2,2,2,2,2,0,0,2,2,2,3,2,3,1,2,2,3,1,3,1,3,1,3,1,2,1,2,1,2,0,3,0,2,0,2,0,2,0,2,0,2,0,2,1,2,0,2,0,2,0,2,0,2,0,2,0,2,0,2,0,0,0,0,0,0,0,0,0,0,0,0,0,0,2,17,3,17,2,17,1,16,-1,15,1,13,1,13,0,12,2,11,1,11,-1,10,0,10,2,9,2,8,3,6,2,10,2,9,3,5,3,6,4,6,3,6,3,7,5,6,5,6,6,6,5,5,3,9,3,8,5,10,3,8,3,8,3,8,4,7,3,7,1,7,3,9,2,8,2,9,3,8,2,7,-1,7,-2,5,1,8,0,7,1,7,0,5,-1,7,0,8,-2,5,-1,6,0,5,-2,6,-2,7,-2,7,-2,5,-2,6,-3,6,0,0,0,0,0,0,0,0,0,0,0,0,0,0,0,0,0,0,0,0,0,0,15,-13,17,-8,19,-7,23,-8,23,-4,24,-2,25,0,25,4,28,7,28,7,30,14,31,15,30,18,28,21,28,26,25,29,25,29,24,35,20,36,16,37,13,37,12,43,7,42,4,43,1,44,-1,45,-7,43,-7,44,-11,44,-12,42,-17,40,-17,38,-19,35,-21,35,-22,34,-24,32,-24,29,-25,29,-28,27,-27,27,-28,23,-28,21,-28,21,-29,20,-30,16,-25,14,-26,13,-28,11,-27,8,-27,11,-26,7,-26,8,-24,5,-25,4,-23,4,-21,5,-20,2,0,0]"
CSI_DATA,154,1a:00:00:00:00:00,-52,11,1,0,1,1,1,0,0,0,1,-96,0,11,2,2234442,0,44,0,384,0,"[0,0,0,0,0,0,0,0,0,0,0,0,-5,-3,-5,-3,-5,-2,-5,-3,-4,-2,-4,-2,-4,-2,-3,-1,-4,-1,-4,-1,-4,-1,-3,-1,-4,-1,-4,-1,-4,-1,-4,0,-4,0,-3,0,-4,0,-4,0,-4,0,-4,0,-4,1,-4,0,-4,0,-4,0,0,0,-5,0,-4,-1,-4,-1,-5,0,-4,-1,-4,-1,-4,-1,-4,-1,-4,-1,-4,-1,-4,-1,-3,-1,-3,-1,-3,-1,-3,-1,-3,-2,-3,-1,-3,-1,-3,-1,-3,-1,-3,-1,-3,-1,-3,-1,-3,-1,-3,-2,-3,-2,0,0,0,0,0,0,0,0,0,0,0,0,0,0,-31,-23,-32,-14,-27,-12,-26,-16,-27,-17,-26,-12,-23,-11,-24,-13,-21,-14,-17,-11,-19,-10,-20,-10,-19,-10,-16,-9,-19,-5,-17,-7,-18,-4,-19,-3,-17,-2,-16,-7,-21,-4,-18,-4,-19,0,-19,-1,-23,2,-21,-3,-20,0,-24,-2,-22,-4,-23,-3,-20,-5,-20,-6,-25,-3,-25,-4,-22,-5,-21,-8,-21,-7,-21,-7,-18,-9,-18,-6,-18,-7,-15,-8,-18,-9,-16,-8,-17,-10,-11,-7,-14,-4,-13,-9,-16,-8,-12,-9,-13,-6,-10,-9,-14,-9,-10,-10,-11,-9,-13,-11,-12,-8,0,0,0,0,0,0,0,0,0,0,0,0,0,0,0,0,0,0,0,0,0,0,-13,38,-16,39,-25,37,-31,35,-33,35,-39,30,-39,31,-45,27,-54,27,-58,22,-59,19,-67,14,-71,13,-70,6,-76,2,-78,-10,-79,-12,-81,-19,-77,-25,-77,-34,-76,-41,-74,-48,-71,-51,-70,-54,-68,-64,-63,-65,-58,-72,-55,-75,-45,-77,-43,-76,-35,-80,-29,-82,-23,-78,-21,-82,-21,-79,-13,-80,-14,-75,-10,-75,-4,-75,-2,-78,1,-72,6,-73,9,-68,10,-70,12,-63,11,-60,18,-58,19,-56,17,-58,21,-52,22,-49,20,-49,19,-42,21,-40,18,-42,21,-40,18,-38,0,0]"
CSI_DATA,155,1a:00:00:00:00:00,-52,11,1,0,1,1,1,0,0,0,1,-96,0,11,2,2243855,0,44,0,384,0,"[0,0,0,0,0,0,0,0,0,0,0,0,5,-1,4,-1,4,-1,4,0,4,-1,3,-1,3,-1,3,-1,3,-2,3,-1,3,-2,2,-2,3,-2,2,-2,2,-2,2,-3,3,-3,2,-2,2,-2,3,-2,2,-2,2,-2,3,-3,2,-3,3,-3,3,-3,0,0,3,-3,3,-2,3,-2,3,-2,3,-2,3,-2,3,-1,3,-2,3,-1,3,-1,3,-1,2,-1,2,-1,2,-1,2,-1,2,-1,2,-1,2,0,2,-1,2,-1,2,-1,2,-1,2,-1,2,-1,2,-1,2,0,0,0,0,0,0,0,0,0,0,0,0,0,0,0,15,5,16,3,14,4,14,4,15,4,11,3,11,2,10,2,10,1,10,1,10,1,8,-1,9,1,10,-2,9,-3,9,-2,10,-3,10,-4,9,-5,9,-5,8,-2,8,-4,9,-3,8,-4,9,-5,10,-6,11,-6,9,-6,11,-5,10,-4,10,-5,10,-5,11,-4,11,-2,9,-5,10,-4,8,-2,10,-2,9,-1,11,-2,9,-2,8,-1,10,0,8,0,7,-1,7,-1,7,1,7,-2,7,-2,7,0,6,-2,5,-1,6,0,7,1,7,1,6,1,6,2,0,0,0,0,0,0,0,0,0,0,0,0,0,0,0,0,0,0,0,0,0,0,12,-18,14,-16,14,-16,18,-15,19,-14,21,-13,24,-11,26,-10,28,-9,29,-7,32,-7,34,-3,37,-2,39,3,36,4,39,8,37,9,39,14,36,17,37,20,36,23,37,26,34,26,33,31,28,31,28,34,25,35,23,37,22,37,19,39,17,40,13,37,13,39,12,39,9,40,9,37,6,39,6,38,3,39,4,38,0,36,0,35,-3,31,-2,35,-2,29,-4,32,-6,29,-6,26,-4,28,-7,25,-8,25,-8,22,-8,23,-8,22,-5,20,-7,19,-5,18,0,0]"
CSI_DATA,156,1a:00:00:00:00:00,-51,11,1,0,1,1,1,0,0,0,1,-96,0,11,2,2253843,0,44,0,384,0,"[0,0,0,0,0,0,0,0,0,0,0,0,-3,3,-3,3,-3,3,-3,3,-2,3,-2,3,-2,3,-2,3,-2,3,-2,3,-2,3,-2,3,-1,3,-1,3,-1,3,-1,3,-1,3,-1,3,0,3,0,3,0,3,0,3,-1,3,0,3,0,3,-1,3,0,0,-2,3,-1,4,-1,4,-1,3,-1,3,-2,4,-2,3,-2,3,-2,2,-2,2,-2,2,-2,2,-2,2,-2,2,-2,2,-2,2,-2,2,-2,1,-2,1,-2,1,-2,1,-2,1,-2,2,-2,1,-2,1,-2,1,0,0,0,0,0,0,0,0,0,0,0,0,0,0,-19,29,-16,29,-12,27,-9,26,-9,25,-13,23,-5,20,-11,23,-11,22,-8,22,-4,19,-3,21,-2,18,-1,18,-1,18,1,19,-3,19,-2,17,-2,16,1,19,7,22,4,18,1,15,5,20,-1,22,5,23,4,21,2,20,0,23,1,24,0,24,0,26,0,23,1,20,0,21,-1,22,-2,20,-1,20,-4,20,-2,21,-8,22,-6,19,-5,15,-3,17,-2,14,-5,15,-6,12,-2,15,-4,11,-7,14,-6,15,-5,13,-5,12,-3,11,-5,13,-8,11,-9,10,0,0,0,0,0,0,0,0,0,0,0,0,0,0,0,0,0,0,0,0,0,0,30,22,24,32,22,32,25,39,21,43,19,47,14,47,15,52,7,56,6,57,-5,60,-5,63,-10,67,-18,68,-23,72,-27,70,-32,74,-40,69,-47,67,-49,65,-55,63,-60,58,-67,55,-69,49,-76,41,-79,42,-80,36,-82,32,-82,27,-83,24,-82,18,-81,14,-77,10,-80,3,-77,4,-80,-1,-76,-1,-74,-5,-69,-11,-70,-7,-69,-13,-68,-14,-64,-15,-63,-17,-61,-21,-53,-14,-52,-19,-53,-18,-52,-22,-47,-21,-43,-22,-43,-16,-42,-22,-30,-21,-35,-25,-40,-20,-34,-19,0,0]"
CSI_DATA,157,1a:00:00:00:00:00,-51,11,1,0,1,1,1,0,0,0,1,-96,0,11,2,2263837,0,44,0,384,0,"[0,0,0,0,0,0,0,0,0,0,0,0,0,-6,-1,-6,-1,-5,-1,-5,-2,-5,-1,-5,-1,-4,-1,-4,-1,-4,-2,-4,-1,-4,-2,-4,-2,-4,-2,-4,-2,-4,-2,-4,-2,-4,-2,-4,-3,-4,-3,-4,-3,-4,-3,-4,-2,-4,-3,-4,-3,-4,-2,-4,0,0,-2,-4,-2,-5,-2,-5,-2,-4,-2,-5,-2,-5,-1,-5,-1,-5,-1,-4,-1,-4,-1,-3,-1,-4,-1,-4,0,-4,-1,-3,-1,-3,0,-3,-1,-3,-1,-3,-1,-3,-1,-3,0,-3,0,-3,0,-3,0,-3,0,-3,0,0,0,0,0,0,0,0,0,0,0,0,0,0,-4,-20,-3,-15,-2,-17,-1,-16,-3,-15,-2,-14,-3,-14,-2,-12,-5,-12,-5,-12,-3,-12,-6,-12,-2,-11,-3,-10,-6,-9,-5,-11,-7,-10,-5,-8,-7,-9,-7,-10,-7,-10,-6,-8,-7,-8,-6,-8,-6,-6,-7,-8,-7,-10,-8,-9,-8,-8,-8,-11,-6,-11,-7,-11,-8,-11,-7,-9,-6,-11,-7,-9,-7,-10,-5,-11,-6,-11,-3,-11,-4,-10,-3,-10,-1,-9,-2,-8,-3,-8,-1,-6,-2,-6,-2,-9,-1,-6,-2,-8,-3,-7,0,-7,-1,-8,-2,-8,-1,-6,2,-8,0,-10,0,0,0,0,0,0,0,0,0,0,0,0,0,0,0,0,0,0,0,0,0,0,-21,1,-21,-1,-22,-4,-24,-6,-24,-8,-23,-11,-24,-15,-24,-16,-22,-19,-23,-23,-23,-23,-22,-27,-20,-31,-20,-34,-17,-35,-14,-37,-12,-40,-11,-43,-5,-41,-3,-43,1,-41,4,-44,8,-44,10,-45,13,-44,16,-43,19,-42,21,-39,22,-38,24,-37,25,-36,29,-33,28,-29,30,-28,32,-27,29,-24,32,-24,29,-25,30,-20,29,-20,30,-17,31,-16,32,-14,31,-13,28,-11,29,-12,30,-9,27,-8,26,-5,25,-5,24,-5,24,-5,23,-4,21,-4,21,-3,20,-2,17,-4,0,0]"
CSI_DATA,158,1a:00:00:00:00:00,-52,11,1,0,1,1,1,0,0,0,1,-96,0,11,2,2277807,0,44,0,384,0,"[0,0,0,0,0,0,0,0,0,0,0,0,-5,-2,-5,-2,-5,-2,-5,-2,-5,-2,-4,-1,-4,-2,-4,-1,-4,-1,-4,-1,-4,-1,-4,0,-4,-1,-4,-1,-4,-1,-4,0,-4,0,-4,0,-4,0,-5,0,-4,0,-4,0,-4,0,-4,0,-5,0,-5,1,0,0,-5,0,-5,-1,-4,-1,-5,0,-5,-1,-4,-1,-4,-1,-4,-1,-4,-1,-4,-1,-4,-1,-3,-2,-3,-2,-3,-1,-3,-1,-3,-1,-3,-1,-3,-1,-3,-1,-3,-1,-3,-1,-2,-1,-3,-1,-3,-2,-3,-2,-3,-2,0,0,0,0,0,0,0,0,0,0,0,0,0,0,-29,-16,-23,-17,-30,-18,-24,-14,-26,-16,-23,-13,-26,-11,-19,-9,-21,-10,-20,-9,-19,-7,-18,-11,-19,-6,-17,-4,-20,-6,-18,-5,-21,-8,-21,-2,-19,-3,-19,-1,-20,-1,-21,-4,-19,1,-24,-4,-21,-2,-23,-1,-22,-5,-24,-6,-27,-3,-21,-3,-21,-4,-23,-7,-20,-5,-26,-10,-20,-7,-19,-10,-22,-9,-24,-7,-19,-9,-19,-10,-17,-8,-18,-9,-19,-8,-16,-11,-13,-11,-11,-9,-12,-13,-11,-10,-12,-6,-15,-6,-11,-9,-12,-8,-11,-9,-12,-11,-11,-11,-11,-12,-11,-11,0,0,0,0,0,0,0,0,0,0,0,0,0,0,0,0,0,0,0,0,0,0,-22,32,-31,26,-33,29,-37,27,-45,26,-44,22,-49,18,-53,15,-57,12,-58,8,-64,-1,-67,-2,-71,-3,-74,-15,-70,-21,-74,-25,-70,-29,-74,-38,-71,-42,-68,-52,-60,-57,-62,-63,-57,-66,-55,-73,-50,-77,-42,-76,-36,-82,-31,-84,-26,-84,-23,-80,-15,-82,-13,-81,-8,-79,-7,-82,0,-80,1,-75,4,-76,10,-76,10,-75,10,-73,16,-68,14,-67,18,-65,21,-65,21,-54,19,-51,28,-54,25,-52,27,-46,25,-46,26,-44,26,-42,26,-41,22,-40,24,-32,18,-36,20,-32,0,0]"
CSI_DATA,159,1a:00:00:00:00:00,-51,11,1,0,1,1,1,0,0,0,1,-96,0,11,2,2285548,0,44,0,384,0,"[0,0,0,0,0,0,0,0,0,0,0,0,-4,3,-4,3,-3,3,-3,3,-3,3,-3,3,-3,3,-3,3,-3,3,-2,3,-2,3,-2,3,-2,2,-2,2,-2,3,-2,3,-2,3,-2,3,-1,3,-1,3,-2,3,-2,3,-2,3,-1,3,-1,3,-2,4,0,0,-3,3,-2,3,-2,3,-3,3,-2,3,-3,2,-3,2,-3,2,-3,2,-3,1,-3,2,-3,2,-3,2,-3,2,-3,1,-3,1,-3,1,-3,1,-2,1,-3,1,-3,1,-3,1,-3,1,-3,1,-3,0,-3,0,0,0,0,0,0,0,0,0,0,0,0,0,0,0,-30,17,-32,18,-28,21,-26,14,-24,17,-26,14,-22,16,-21,11,-22,10,-21,14,-14,11,-13,15,-14,17,-14,12,-12,16,-11,17,-15,13,-12,18,-11,17,-9,15,-13,16,-12,20,-8,16,-12,13,-13,18,-13,18,-14,21,-13,22,-10,16,-14,19,-10,23,-14,20,-13,16,-16,19,-16,21,-20,14,-15,13,-18,13,-16,11,-18,15,-18,13,-14,13,-14,10,-11,7,-17,9,-15,9,-14,8,-10,7,-15,8,-12,6,-16,10,-13,6,-10,7,-9,7,-14,5,-13,3,-13,5,0,0,0,0,0,0,0,0,0,0,0,0,0,0,0,0,0,0,0,0,0,0,17,35,16,41,12,40,12,48,5,48,-3,52,-5,52,-12,53,-14,58,-16,59,-22,60,-31,58,-35,64,-41,60,-53,61,-54,53,-64,54,-64,47,-71,46,-79,37,-83,34,-88,28,-81,23,-86,17,-90,12,-90,10,-93,0,-93,-7,-86,-11,-89,-18,-81,-23,-87,-28,-78,-30,-77,-35,-72,-34,-72,-36,-66,-41,-71,-39,-64,-38,-62,-44,-61,-47,-53,-44,-53,-50,-49,-45,-48,-43,-40,-50,-43,-47,-37,-42,-36,-45,-30,-40,-32,-45,-29,-42,-28,-37,-24,-32,-20,-40,-23,-35,-19,-36,0,0]"
CSI_DATA,160,1a:00:00:00:00:00,-52,11,1,0,1,1,1,0,0,0,1,-96,0,11,2,2297177,0,44,0,384,0,"[0,0,0,0,0,0,0,0,0,0,0,0,1,4,0,4,1,3,1,3,1,3,1,3,1,2,1,3,1,2,1,3,1,2,1,2,2,2,2,2,2,2,2,2,2,1,2,1,2,2,3,2,3,2,3,2,2,2,2,2,2,2,2,2,0,0,2,2,2,2,2,3,2,2,2,3,1,3,1,3,1,3,1,2,1,2,1,2,0,2,0,2,0,2,1,1,1,2,0,2,1,1,1,1,1,2,1,1,0,2,0,2,0,2,0,2,0,2,0,0,0,0,0,0,0,0,0,0,0,0,0,0,2,33,3,26,6,31,6,28,3,30,5,25,6,25,6,21,4,18,5,21,4,22,4,20,6,20,9,15,4,18,10,20,9,13,10,13,10,12,11,15,13,16,10,17,13,15,15,10,11,16,14,12,14,19,19,12,12,19,14,14,11,18,13,16,9,14,15,19,13,20,13,19,11,21,7,18,7,19,5,21,7,14,5,16,4,16,4,15,4,13,7,13,3,12,8,16,2,10,3,12,1,12,5,14,4,12,3,19,-1,14,0,16,-1,14,0,0,0,0,0,0,0,0,0,0,0,0,0,0,0,0,0,0,0,0,0,0,38,-2,39,5,41,6,43,11,46,13,44,20,43,24,45,31,45,36,40,41,43,44,40,50,39,56,34,62,27,65,25,74,21,71,17,81,10,76,6,85,3,83,-4,84,-14,86,-15,85,-25,80,-32,81,-34,74,-37,75,-45,70,-45,72,-52,64,-52,63,-54,62,-57,53,-56,53,-61,50,-57,46,-58,42,-64,37,-59,40,-56,34,-58,36,-57,27,-62,30,-57,22,-58,20,-57,16,-53,15,-50,15,-54,13,-51,12,-50,5,-51,6,-44,7,-43,7,-38,6,-37,7,0,0]"
CSI_DATA,161,1a:00:00:00:00:00,-52,11,1,0,1,1,1,0,0,0,1,-96,0,11,2,2303840,0,44,0,384,0,"[0,0,0,0,0,0,0,0,0,0,0,0,-5,1,-5,0,-5,0,-5,0,-5,0,-5,1,-4,1,-4,1,-4,1,-3,1,-4,1,-3,2,-3,1,-3,1,-3,1,-3,2,-3,2,-3,2,-3,2,-3,2,-3,2,-3,2,-3,2,-3,2,-3,2,-4,2,0,0,-4,2,-3,2,-3,2,-4,2,-3,1,-3,2,-3,1,-3,1,-4,1,-4,1,-4,1,-3,1,-3,1,-3,1,-3,0,-3,0,-3,1,-3,0,-3,0,-3,0,-3,0,-3,1,-3,0,-3,0,-3,0,-3,0,0,0,0,0,0,0,0,0,0,0,0,0,0,0,-36,-5,-36,-7,-36,2,-31,0,-27,-2,-26,-2,-30,1,-22,-2,-22,-3,-21,-1,-22,-1,-18,0,-16,2,-21,4,-21,4,-19,9,-19,7,-21,4,-19,6,-18,6,-18,9,-17,9,-19,5,-21,8,-17,8,-17,8,-18,11,-23,9,-22,8,-18,12,-21,11,-20,11,-21,9,-24,6,-22,7,-21,2,-18,6,-21,2,-20,4,-23,1,-19,4,-20,0,-17,1,-15,1,-17,1,-16,2,-18,3,-13,-1,-13,2,-15,-4,-19,3,-16,3,-12,0,-17,1,-15,-2,-16,-4,-16,-3,0,0,0,0,0,0,0,0,0,0,0,0,0,0,0,0,0,0,0,0,0,0,-9,38,-11,40,-19,40,-22,42,-25,37,-29,42,-32,40,-40,38,-44,35,-52,33,-58,32,-61,28,-69,23,-73,21,-75,16,-78,9,-82,7,-81,1,-83,-5,-84,-13,-83,-17,-88,-25,-82,-33,-80,-41,-76,-46,-79,-48,-70,-54,-69,-57,-62,-64,-63,-63,-53,-64,-57,-66,-50,-71,-45,-68,-44,-70,-41,-68,-36,-67,-32,-68,-25,-72,-26,-73,-20,-69,-20,-65,-14,-70,-11,-65,-12,-61,-12,-66,-9,-59,-11,-58,-6,-56,-2,-53,1,-54,0,-48,5,-53,0,-49,1,-50,2,-48,-2,-41,0,0]"
CSI_DATA,162,1a:00:00:00:00:00,-52,11,1,0,1,1,1,0,0,0,1,-96,0,11,2,2317054,0,44,0,384,0,"[0,0,0,0,0,0,0,0,0,0,0,0,-5,2,-5,2,-5,2,-4,2,-4,2,-4,2,-4,2,-3,2,-3,2,-3,1,-3,2,-3,2,-3,2,-2,2,-2,2,-2,2,-2,3,-2,3,-2,2,-2,2,-2,2,-2,3,-3,3,-2,3,-2,3,-3,3,0,0,-3,3,-2,2,-3,3,-3,3,-3,2,-3,2,-3,2,-3,2,-4,2,-3,2,-3,1,-3,1,-3,1,-2,2,-3,1,-3,1,-2,2,-2,1,-2,1,-2,1,-3,1,-2,1,-2,1,-3,1,-3,1,-3,0,0,0,0,0,0,0,0,0,0,0,0,0,0,0,-19,2,-19,2,-17,3,-17,2,-16,5,-15,3,-14,3,-12,2,-13,2,-12,3,-10,4,-8,4,-9,3,-10,3,-9,5,-8,4,-9,4,-8,3,-8,5,-6,7,-8,6,-6,6,-7,6,-7,8,-7,6,-8,7,-7,7,-9,8,-9,6,-8,10,-5,9,-8,8,-9,6,-8,7,-9,8,-8,5,-9,7,-9,4,-8,4,-8,5,-8,6,-8,3,-8,2,-8,1,-6,4,-8,3,-6,2,-7,5,-9,3,-6,4,-8,4,-7,2,-8,3,-6,2,-7,4,-7,2,-9,0,0,0,0,0,0,0,0,0,0,0,0,0,0,0,0,0,0,0,0,0,0,0,3,17,-1,19,-2,21,-5,23,-6,22,-9,24,-12,24,-14,24,-16,24,-19,24,-24,22,-24,22,-27,21,-30,19,-32,18,-34,17,-38,16,-38,11,-41,10,-42,4,-43,3,-45,2,-44,-4,-46,-5,-44,-10,-43,-12,-39,-14,-43,-16,-38,-18,-40,-20,-37,-19,-36,-26,-33,-24,-32,-26,-32,-29,-29,-27,-27,-28,-28,-29,-24,-27,-26,-29,-22,-30,-23,-28,-21,-30,-19,-27,-16,-28,-19,-25,-13,-28,-13,-27,-12,-27,-9,-26,-10,-27,-10,-26,-7,-26,-7,-23,-6,-25,-7,-22,-6,-20,0,0]"
CSI_DATA,163,1a:00:00:00:00:00,-52,11,1,0,1,1,1,0,0,0,1,-96,0,11,2,2324521,0,44,0,384,0,"[0,0,0,0,0,0,0,0,0,0,0,0,3,-5,3,-5,2,-4,2,-4,2,-4,2,-4,2,-4,1,-4,1,-4,0,-4,1,-4,0,-4,0,-3,0,-4,0,-4,0,-4,0,-4,0,-4,-1,-4,-1,-4,-1,-4,-1,-4,0,-4,-1,-4,-1,-4,0,-4,0,0,0,-4,-1,-4,0,-5,0,-4,0,-4,0,-4,0,-4,1,-4,1,-3,0,-3,1,-3,1,-4,1,-3,1,-3,0,-3,1,-3,1,-3,0,-3,0,-3,1,-3,1,-3,1,-3,1,-2,1,-3,1,-3,1,-2,0,0,0,0,0,0,0,0,0,0,0,0,0,0,26,-23,30,-21,29,-28,21,-24,21,-22,23,-19,18,-19,15,-14,17,-13,15,-15,15,-19,12,-16,13,-19,9,-12,10,-14,10,-21,8,-15,11,-15,4,-14,4,-18,6,-19,1,-21,5,-15,5,-18,3,-14,8,-17,4,-22,3,-19,8,-18,4,-22,6,-21,7,-23,9,-21,5,-19,8,-20,9,-15,5,-16,8,-16,10,-13,14,-16,10,-13,9,-14,7,-16,7,-12,8,-13,10,-12,11,-11,9,-10,11,-11,9,-8,9,-12,11,-10,10,-14,8,-10,10,-10,11,-8,12,-6,0,0,0,0,0,0,0,0,0,0,0,0,0,0,0,0,0,0,0,0,0,0,-34,-20,-32,-25,-30,-29,-27,-38,-25,-38,-22,-44,-18,-46,-16,-52,-17,-60,-13,-60,-8,-63,-3,-68,0,-69,7,-73,18,-71,23,-73,30,-74,37,-71,41,-70,53,-62,55,-63,67,-64,61,-59,64,-55,73,-52,75,-47,79,-42,83,-34,84,-26,85,-25,82,-15,83,-15,83,-5,85,2,77,1,81,5,75,5,74,9,74,8,74,12,69,18,65,14,70,26,62,24,58,26,58,25,54,29,49,30,51,33,45,28,45,30,47,28,44,35,36,25,35,26,39,29,34,28,0,0]"
CSI_DATA,164,1a:00:00:00:00:00,-52,11,1,0,1,1,1,0,0,0,1,-96,0,11,2,2333857,0,44,0,384,0,"[0,0,0,0,0,0,0,0,0,0,0,0,2,-5,2,-5,2,-4,2,-4,2,-4,2,-4,1,-4,1,-4,1,-4,1,-3,1,-4,1,-4,0,-4,0,-4,0,-4,0,-4,0,-4,0,-4,-1,-4,-1,-4,-1,-3,-1,-4,0,-4,-1,-4,-1,-4,0,-4,0,0,0,-4,-1,-4,0,-4,0,-4,0,-4,0,-4,0,-4,0,-4,0,-3,1,-4,1,-3,0,-3,0,-4,0,-3,0,-3,0,-3,0,-3,0,-3,0,-3,0,-3,0,-3,0,-3,1,-3,1,-3,1,-3,1,-2,0,0,0,0,0,0,0,0,0,0,0,0,0,0,23,-36,17,-30,16,-30,17,-29,16,-25,12,-22,16,-24,14,-20,13,-21,12,-20,13,-20,11,-19,6,-17,6,-20,6,-20,2,-15,7,-17,6,-16,2,-15,-1,-16,-1,-20,1,-18,0,-17,0,-16,-3,-20,0,-16,-2,-20,-3,-18,2,-22,1,-27,2,-28,2,-20,0,-22,5,-23,1,-23,4,-19,4,-21,4,-15,1,-17,4,-16,1,-18,7,-20,4,-16,1,-13,5,-13,5,-15,8,-15,1,-15,3,-10,6,-14,8,-17,5,-11,6,-15,5,-15,7,-15,7,-10,10,-13,0,0,0,0,0,0,0,0,0,0,0,0,0,0,0,0,0,0,0,0,0,0,-33,-18,-36,-19,-37,-25,-34,-28,-31,-36,-30,-38,-29,-43,-27,-48,-25,-51,-22,-59,-19,-61,-15,-65,-8,-69,-5,-71,2,-72,6,-79,14,-74,24,-79,28,-77,35,-78,41,-74,45,-72,55,-70,60,-70,66,-61,67,-59,71,-52,71,-48,77,-42,75,-41,78,-37,78,-28,79,-24,80,-19,82,-16,77,-11,78,-10,77,-8,74,-6,74,-6,70,2,74,1,68,4,71,11,58,14,65,9,59,13,59,16,57,19,55,19,50,20,47,20,43,18,44,17,41,23,37,22,43,22,0,0]"
CSI_DATA,165,1a:00:00:00:00:00,-52,11,1,0,1,1,1,0,0,0,1,-96,0,11,2,2343867,0,44,0,384,0,"[0,0,0,0,0,0,0,0,0,0,0,0,-2,5,-2,5,-2,4,-2,3,-2,4,-2,4,-2,3,-2,3,-1,3,-1,3,-1,2,-1,3,0,2,0,2,0,2,0,2,0,2,0,2,0,2,1,3,1,2,1,2,0,3,1,3,1,3,0,3,0,0,0,3,1,3,1,3,0,3,0,3,0,3,0,3,0,3,0,2,-1,2,0,2,0,3,0,2,0,2,0,2,0,1,0,2,0,2,0,2,0,2,0,2,-1,2,-1,2,-1,2,-1,2,-1,2,0,0,0,0,0,0,0,0,0,0,0,0,0,0,-9,35,-11,36,-8,33,-8,32,-7,32,-9,28,-3,22,-7,23,-4,21,-1,24,-3,22,-3,22,-1,21,-3,17,-1,19,0,21,-3,13,-1,14,5,18,3,14,8,17,6,17,8,14,5,11,8,17,6,12,7,17,10,15,6,17,7,18,6,16,7,20,5,19,5,17,2,18,10,14,8,15,7,19,5,14,6,17,5,17,2,16,0,14,3,15,3,15,2,11,1,11,2,11,3,13,-3,13,-1,13,-1,14,1,15,-1,12,2,15,-2,15,-6,13,0,0,0,0,0,0,0,0,0,0,0,0,0,0,0,0,0,0,0,0,0,0,39,7,37,13,36,18,38,20,37,26,36,30,36,34,33,42,32,45,34,48,30,54,27,58,26,66,20,69,10,72,8,75,4,83,-3,76,-9,76,-17,80,-24,82,-27,84,-32,79,-38,80,-48,76,-47,77,-54,68,-62,67,-62,63,-63,64,-64,55,-68,48,-72,43,-72,44,-69,38,-71,33,-69,34,-71,32,-68,28,-74,27,-73,20,-70,20,-71,16,-68,17,-62,10,-68,6,-65,5,-57,0,-62,4,-57,-1,-54,0,-56,-3,-50,-7,-49,0,-53,-3,-47,-5,-48,-7,0,0]"
CSI_DATA,166,1a:00:00:00:00:00,-53,11,1,0,1,1,1,0,0,0,1,-96,0,11,2,2354973,0,44,0,384,0,"[0,0,0,0,0,0,0,0,0,0,0,0,-5,3,-5,2,-4,1,-4,2,-4,1,-4,2,-4,1,-3,2,-3,2,-3,1,-2,2,-3,2,-2,1,-2,2,-2,1,-2,2,-2,2,-2,2,-1,2,-1,2,-1,2,-1,2,-2,2,-1,2,-2,2,-2,2,0,0,-2,3,-2,3,-2,3,-2,2,-1,2,-2,2,-2,2,-2,2,-2,2,-2,2,-2,2,-2,2,-2,1,-2,2,-2,1,-2,1,-2,1,-2,1,-2,1,-2,1,-2,1,-2,2,-2,1,-2,1,-2,1,-2,1,0,0,0,0,0,0,0,0,0,0,0,0,0,0,-36,15,-35,10,-34,13,-30,12,-27,12,-27,13,-25,9,-24,9,-27,7,-19,8,-19,9,-19,8,-19,9,-16,7,-12,9,-11,10,-14,9,-15,9,-11,12,-9,10,-6,16,-6,17,-11,14,-9,13,-5,14,-8,13,-4,16,-10,15,-12,15,-8,18,-11,18,-9,20,-9,14,-9,16,-8,18,-12,15,-9,14,-10,13,-11,14,-13,15,-14,11,-15,10,-9,12,-9,10,-12,13,-9,10,-10,11,-8,11,-11,10,-10,12,-13,10,-6,12,-8,12,-11,3,-9,8,-12,10,-14,7,0,0,0,0,0,0,0,0,0,0,0,0,0,0,0,0,0,0,0,0,0,0,10,37,7,40,4,38,-1,47,-3,43,-11,48,-11,47,-16,51,-21,55,-29,51,-32,50,-38,51,-44,55,-52,52,-55,49,-58,42,-65,43,-68,35,-73,35,-77,29,-80,22,-88,17,-86,10,-90,6,-89,-3,-90,-3,-88,-13,-92,-14,-87,-21,-85,-22,-80,-27,-83,-34,-76,-37,-73,-36,-73,-39,-68,-45,-68,-40,-63,-42,-60,-47,-64,-47,-61,-49,-55,-48,-52,-50,-47,-51,-48,-50,-38,-51,-39,-50,-41,-47,-34,-50,-30,-50,-30,-50,-27,-46,-24,-49,-24,-41,-21,-45,-23,-43,-16,-44,0,0]"
CSI_DATA,167,1a:00:00:00:00:00,-52,11,1,0,1,1,1,0,0,0,1,-96,0,11,2,2383849,0,44,0,384,0,"[0,0,0,0,0,0,0,0,0,0,0,0,3,-5,3,-5,2,-4,3,-3,2,-3,2,-3,2,-3,2,-3,2,-3,1,-3,1,-3,1,-3,1,-3,0,-3,0,-3,0,-3,0,-3,0,-3,0,-3,-1,-3,-1,-3,0,-3,0,-3,-1,-3,0,-3,0,-3,0,0,0,-4,0,-3,0,-4,1,-4,0,-3,0,-3,0,-3,0,-3,1,-3,1,-3,1,-3,0,-3,0,-3,0,-3,0,-2,1,-2,1,-3,0,-2,1,-2,1,-3,1,-2,1,-3,1,-3,1,-3,1,-2,1,-2,0,0,0,0,0,0,0,0,0,0,0,0,0,0,29,-26,25,-22,27,-25,25,-23,27,-20,24,-19,20,-18,19,-10,18,-16,17,-19,13,-14,16,-16,15,-13,14,-11,11,-15,9,-15,10,-14,6,-11,7,-15,3,-14,9,-12,6,-13,5,-10,2,-17,2,-13,5,-16,3,-16,6,-17,1,-15,4,-18,0,-17,4,-21,7,-13,10,-20,11,-17,8,-16,4,-16,10,-12,4,-14,6,-17,10,-13,10,-11,8,-14,6,-10,7,-11,7,-14,9,-14,10,-10,10,-9,8,-11,10,-11,9,-9,10,-11,7,-11,11,-4,13,-8,14,-7,0,0,0,0,0,0,0,0,0,0,0,0,0,0,0,0,0,0,0,0,0,0,-35,-15,-33,-19,-33,-24,-33,-27,-31,-31,-30,-42,-27,-42,-25,-44,-23,-55,-22,-54,-13,-62,-10,-63,-8,-67,-4,-72,3,-74,13,-75,18,-74,26,-74,30,-72,44,-74,44,-75,51,-71,55,-67,59,-64,67,-57,73,-55,74,-49,77,-45,81,-35,79,-32,80,-29,82,-18,83,-15,81,-15,86,-8,84,-6,76,-4,73,2,76,2,78,11,73,15,72,15,67,17,70,21,63,22,55,25,57,26,57,23,55,25,51,27,50,31,45,31,43,31,38,31,40,32,40,33,32,30,0,0]"
CSI_DATA,168,1a:00:00:00:00:00,-52,11,1,0,1,1,1,0,0,0,1,-96,0,11,2,2393960,0,44,0,384,0,"[0,0,0,0,0,0,0,0,0,0,0,0,4,-4,3,-4,3,-3,3,-3,3,-3,3,-3,2,-3,2,-3,2,-3,1,-2,2,-3,1,-3,1,-2,0,-2,0,-2,1,-3,1,-3,1,-3,0,-3,0,-3,0,-3,0,-3,0,-3,0,-3,-1,-3,1,-3,0,0,0,-4,0,-3,0,-3,1,-3,0,-3,0,-3,0,-3,0,-3,1,-3,1,-3,1,-3,0,-3,0,-3,1,-3,0,-2,1,-2,0,-3,1,-3,0,-2,1,-2,1,-2,1,-3,1,-3,1,-3,1,-2,1,-2,0,0,0,0,0,0,0,0,0,0,0,0,0,0,31,-23,31,-25,28,-23,25,-23,25,-19,26,-16,22,-17,22,-17,20,-14,16,-13,17,-12,16,-10,16,-14,14,-11,11,-13,14,-11,8,-12,6,-13,11,-13,3,-12,3,-15,4,-14,2,-14,6,-13,1,-14,8,-13,4,-14,2,-15,9,-16,1,-15,3,-16,5,-17,7,-15,6,-13,6,-20,4,-15,7,-14,7,-15,6,-17,8,-19,9,-12,5,-18,7,-14,4,-12,8,-13,6,-14,5,-11,5,-11,6,-14,7,-14,10,-17,11,-11,10,-14,7,-14,10,-12,12,-9,16,-12,0,0,0,0,0,0,0,0,0,0,0,0,0,0,0,0,0,0,0,0,0,0,-28,-23,-27,-28,-26,-32,-23,-37,-19,-43,-17,-47,-11,-52,-10,-52,-9,-56,-5,-59,3,-64,8,-60,11,-69,21,-67,29,-67,30,-67,36,-71,44,-66,48,-66,53,-60,63,-56,68,-53,69,-49,78,-44,80,-41,82,-38,82,-29,87,-23,83,-18,86,-14,82,-11,89,-5,81,1,79,6,81,10,78,12,77,14,76,10,75,17,76,16,72,24,67,25,66,27,63,27,58,28,57,36,54,30,51,33,48,36,49,35,42,33,45,36,37,33,34,32,38,32,35,35,32,35,0,0]"
CSI_DATA,169,1a:00:00:00:00:00,-53,11,1,0,1,1,1,0,0,0,1,-96,0,11,2,2414713,0,44,0,384,0,"[0,0,0,0,0,0,0,0,0,0,0,0,-5,-4,-5,-3,-5,-3,-4,-3,-4,-3,-4,-3,-4,-2,-3,-2,-4,-2,-3,-2,-3,-2,-3,-1,-3,-2,-3,-2,-3,-1,-3,0,-3,0,-3,0,-3,-1,-3,0,-3,0,-3,0,-4,0,-4,0,-4,0,-3,0,0,0,-3,0,-3,0,-4,-1,-4,0,-4,-1,-3,-1,-3,-1,-3,0,-4,0,-4,0,-4,-1,-3,-1,-3,-1,-3,-1,-3,-1,-3,-1,-3,-1,-3,-1,-3,-1,-3,-1,-3,-1,-3,-1,-3,-1,-3,-2,-3,-2,-3,-2,0,0,0,0,0,0,0,0,0,0,0,0,0,0,-34,-24,-27,-22,-29,-25,-25,-23,-23,-23,-23,-20,-22,-17,-20,-16,-19,-20,-16,-15,-14,-13,-18,-11,-15,-10,-13,-13,-11,-12,-12,-10,-16,-9,-13,-9,-11,-5,-12,-7,-15,-3,-10,-2,-15,-2,-17,-1,-16,3,-16,-2,-18,0,-17,-3,-18,-3,-22,0,-16,-1,-19,-1,-18,2,-19,-3,-18,-4,-17,-3,-18,-6,-22,-8,-17,-5,-19,-6,-14,-3,-13,-3,-17,-7,-14,-6,-15,-6,-12,-3,-15,-4,-13,-9,-14,-2,-16,-6,-12,-5,-13,-8,-15,-12,-16,-9,-12,-10,-12,-11,-11,-12,0,0,0,0,0,0,0,0,0,0,0,0,0,0,0,0,0,0,0,0,0,0,-12,34,-18,34,-23,32,-29,33,-31,33,-37,29,-38,31,-47,28,-51,29,-57,25,-61,19,-64,12,-70,12,-70,6,-75,2,-72,-5,-79,-6,-81,-16,-76,-22,-78,-32,-78,-34,-77,-43,-73,-49,-67,-57,-61,-68,-58,-64,-55,-70,-51,-72,-44,-74,-42,-78,-35,-79,-31,-80,-26,-78,-26,-79,-19,-80,-15,-80,-14,-79,-11,-76,-2,-78,-3,-76,1,-72,4,-69,6,-69,9,-69,8,-65,6,-59,14,-59,13,-61,17,-57,20,-54,22,-54,18,-52,24,-50,20,-41,27,-43,21,-44,21,-40,0,0]"
CSI_DATA,170,1a:00:00:00:00:00,-53,11,1,0,1,1,1,0,0,0,1,-96,0,11,2,2423867,0,44,0,384,0,"[0,0,0,0,0,0,0,0,0,0,0,0,-4,-5,-3,-5,-3,-5,-3,-5,-3,-4,-3,-4,-2,-4,-2,-3,-3,-3,-3,-3,-2,-3,-2,-2,-3,-3,-3,-2,-3,-2,-3,-1,-3,-1,-3,-1,-3,-2,-3,-1,-3,-1,-4,-1,-3,-1,-4,-2,-4,-1,-3,-1,0,0,-4,-1,-4,-1,-4,-2,-4,-1,-4,-2,-4,-2,-3,-2,-3,-2,-3,-1,-3,-1,-4,-2,-3,-2,-2,-2,-3,-2,-3,-2,-3,-2,-3,-2,-3,-2,-3,-2,-3,-2,-3,-2,-2,-2,-2,-2,-3,-3,-3,-3,-2,-3,0,0,0,0,0,0,0,0,0,0,0,0,0,0,-29,-30,-27,-23,-28,-23,-23,-22,-25,-25,-22,-23,-20,-15,-17,-20,-12,-17,-15,-19,-15,-17,-17,-14,-16,-16,-16,-11,-13,-12,-20,-10,-13,-9,-11,-4,-10,-4,-15,-5,-16,-3,-16,-2,-15,1,-17,-1,-17,0,-14,1,-13,0,-17,1,-20,2,-18,-5,-14,0,-19,0,-20,3,-19,3,-15,-3,-17,-2,-16,-2,-20,0,-18,-3,-17,-2,-18,-5,-15,-3,-18,-3,-13,-2,-21,-4,-16,-5,-16,-5,-16,-4,-15,-5,-13,-3,-17,-4,-16,-5,-19,-10,-18,-6,-14,-10,-10,-9,-13,-7,0,0,0,0,0,0,0,0,0,0,0,0,0,0,0,0,0,0,0,0,0,0,-27,24,-35,21,-37,23,-40,21,-41,13,-49,13,-52,8,-52,5,-53,1,-59,0,-61,-11,-66,-16,-67,-19,-65,-27,-67,-31,-65,-37,-68,-42,-60,-48,-63,-56,-60,-59,-61,-65,-51,-68,-45,-74,-44,-79,-36,-81,-36,-84,-27,-85,-22,-86,-19,-85,-16,-88,-5,-80,-5,-87,0,-83,1,-82,4,-80,9,-79,10,-76,13,-78,14,-69,15,-70,21,-71,20,-63,26,-69,22,-65,28,-62,25,-55,31,-52,28,-57,26,-51,29,-50,30,-46,30,-48,30,-44,28,-41,31,-37,31,-37,28,-37,0,0]"
CSI_DATA,171,1a:00:00:00:00:00,-53,11,1,0,1,1,1,0,0,0,1,-96,0,11,2,2434646,0,44,0,384,0,"[0,0,0,0,0,0,0,0,0,0,0,0,4,3,4,3,4,3,4,3,3,2,3,2,3,2,3,2,2,1,2,1,2,1,2,0,2,1,2,1,2,1,2,0,2,0,2,-1,2,0,3,0,3,0,3,0,2,-1,3,0,3,-1,3,-2,0,0,3,-1,3,0,3,0,3,-1,3,0,3,0,3,0,2,0,3,0,3,0,3,0,2,0,2,0,2,0,2,0,2,0,2,0,2,0,2,0,2,0,2,0,2,0,2,0,2,1,2,1,2,1,0,0,0,0,0,0,0,0,0,0,0,0,0,0,24,30,26,26,21,27,20,23,22,25,14,24,18,23,19,20,17,18,17,17,14,22,16,16,16,15,15,12,14,9,13,10,13,7,14,5,14,7,12,6,14,6,18,7,12,3,15,2,18,6,14,6,16,2,19,3,19,-1,14,1,20,4,16,6,21,5,19,4,15,5,19,9,19,4,16,8,17,6,14,4,15,8,13,8,16,6,15,9,14,8,14,7,10,8,7,9,14,7,14,5,15,10,11,6,9,12,10,12,9,11,9,11,8,15,0,0,0,0,0,0,0,0,0,0,0,0,0,0,0,0,0,0,0,0,0,0,21,-26,28,-26,32,-26,37,-24,42,-20,44,-19,49,-16,50,-15,56,-8,56,-7,62,-3,66,2,72,6,71,18,69,20,66,29,69,31,68,35,67,43,61,53,60,58,60,63,57,69,48,70,48,76,42,77,34,83,28,83,20,85,18,82,14,83,5,84,3,83,2,83,-4,82,-7,78,-8,76,-9,76,-14,72,-12,71,-20,69,-19,67,-26,63,-22,67,-30,59,-25,55,-28,55,-28,54,-32,54,-30,48,-28,46,-33,43,-34,41,-31,40,-32,39,-34,34,-28,32,0,0]"
CSI_DATA,172,1a:00:00:00:00:00,-52,11,1,0,1,1,1,0,0,0,1,-96,0,11,2,2445467,0,44,0,384,0,"[0,0,0,0,0,0,0,0,0,0,0,0,-2,-6,-2,-6,-2,-5,-2,-5,-2,-5,-1,-5,-1,-4,-1,-4,-1,-4,-2,-3,-1,-3,-2,-3,-2,-3,-3,-3,-2,-2,-2,-2,-2,-2,-2,-2,-3,-2,-3,-2,-3,-2,-3,-2,-3,-2,-4,-2,-3,-2,-3,-2,0,0,-3,-2,-3,-3,-3,-3,-3,-2,-3,-3,-3,-3,-3,-3,-3,-3,-3,-2,-3,-2,-3,-2,-2,-3,-2,-3,-2,-3,-2,-2,-2,-2,-2,-2,-2,-2,-2,-2,-2,-3,-2,-3,-2,-3,-2,-3,-2,-3,-2,-3,-1,-3,0,0,0,0,0,0,0,0,0,0,0,0,0,0,-6,-19,-2,-19,-4,-18,-3,-17,-1,-16,-2,-17,-3,-15,-1,-13,-2,-12,-2,-13,-2,-12,-3,-10,-2,-10,-2,-9,-3,-11,-4,-8,-3,-8,-5,-7,-4,-4,-6,-6,-6,-6,-4,-6,-4,-5,-7,-5,-6,-7,-7,-5,-6,-7,-7,-4,-6,-6,-6,-8,-6,-7,-8,-8,-8,-7,-9,-7,-6,-7,-8,-6,-6,-9,-5,-9,-7,-7,-5,-7,-5,-7,-5,-8,-6,-7,-7,-8,-6,-7,-5,-6,-6,-6,-6,-7,-3,-7,-4,-5,-4,-6,-3,-7,-4,-7,-4,-7,-2,-7,-3,-9,-3,-8,0,0,0,0,0,0,0,0,0,0,0,0,0,0,0,0,0,0,0,0,0,0,-19,3,-19,2,-21,-1,-21,-2,-25,-4,-22,-7,-24,-10,-24,-11,-26,-12,-26,-14,-25,-18,-23,-20,-25,-24,-23,-28,-22,-30,-19,-32,-20,-37,-16,-38,-16,-39,-9,-39,-7,-42,-5,-43,-4,-44,-1,-44,4,-44,6,-43,10,-42,14,-44,14,-41,15,-41,17,-37,20,-38,22,-35,23,-34,24,-33,25,-31,24,-29,25,-29,27,-26,27,-27,28,-25,26,-22,28,-22,28,-21,28,-20,27,-14,28,-17,27,-14,27,-12,26,-13,24,-11,24,-11,25,-11,21,-8,21,-6,21,-8,20,-7,0,0]"
CSI_DATA,173,1a:00:00:00:00:00,-52,11,1,0,1,1,1,0,0,0,1,-96,0,11,2,2474326,0,44,0,384,0,"[0,0,0,0,0,0,0,0,0,0,0,0,4,3,3,3,4,3,3,3,3,2,3,2,2,2,2,2,2,1,3,2,2,1,2,1,2,1,2,1,2,1,2,-1,2,0,2,0,2,0,3,0,3,0,3,0,3,-1,3,0,3,0,3,-1,0,0,3,-1,3,0,3,0,3,0,3,1,3,1,3,1,2,1,3,0,2,0,3,1,2,0,2,1,2,0,2,0,2,1,2,1,2,1,2,0,2,0,2,1,2,1,2,1,2,1,2,1,1,1,0,0,0,0,0,0,0,0,0,0,0,0,0,0,29,28,26,23,27,24,22,23,25,22,21,19,19,20,18,21,17,18,16,16,13,17,16,13,20,16,16,10,13,9,16,7,17,10,15,3,18,5,14,3,14,4,17,3,20,1,19,-1,18,0,19,-1,16,2,23,-1,18,3,17,2,17,2,19,3,22,2,19,5,17,3,18,7,17,7,21,2,18,6,16,4,16,6,15,4,15,9,15,10,14,8,14,6,12,5,15,7,15,5,14,7,13,5,13,9,11,9,8,8,7,9,15,13,7,11,0,0,0,0,0,0,0,0,0,0,0,0,0,0,0,0,0,0,0,0,0,0,28,-23,35,-21,36,-21,41,-17,40,-15,44,-11,49,-7,50,-4,53,0,59,3,60,9,62,14,63,17,67,23,66,30,64,39,66,35,62,48,60,52,58,59,56,66,50,70,47,74,43,79,34,83,30,83,23,88,18,88,15,88,13,84,4,85,-1,85,-3,83,-7,84,-8,80,-9,78,-14,75,-15,73,-21,71,-21,71,-27,66,-21,65,-26,62,-30,60,-27,55,-23,55,-33,54,-30,54,-27,52,-29,46,-35,48,-30,41,-30,42,-31,39,-31,36,-33,39,-29,32,0,0]"
CSI_DATA,174,1a:00:00:00:00:00,-52,11,1,0,1,1,1,0,0,0,1,-96,0,11,2,2494134,0,44,0,384,0,"[0,0,0,0,0,0,0,0,0,0,0,0,5,-2,4,-2,4,-2,4,-2,4,-1,3,-2,3,-2,3,-2,3,-2,2,-2,2,-2,2,-2,2,-2,2,-2,1,-2,2,-3,2,-3,2,-3,1,-3,1,-3,1,-3,1,-3,2,-3,1,-3,1,-3,2,-3,0,0,2,-3,2,-3,2,-4,3,-3,2,-3,2,-3,2,-3,2,-3,3,-2,3,-2,3,-2,2,-2,2,-2,2,-2,2,-2,2,-2,2,-2,2,-1,2,-1,2,-1,2,-1,2,-2,2,-2,2,-1,2,-1,2,-1,0,0,0,0,0,0,0,0,0,0,0,0,0,0,37,-15,31,-15,35,-18,29,-11,32,-7,24,-8,28,-11,28,-8,20,-11,18,-10,21,-9,18,-9,16,-11,18,-7,15,-13,13,-11,16,-5,13,-10,15,-13,11,-16,8,-15,10,-19,11,-15,11,-13,10,-12,11,-17,13,-18,14,-20,8,-15,9,-18,13,-19,16,-19,13,-15,14,-16,14,-16,17,-14,18,-14,17,-12,18,-10,16,-11,15,-14,17,-8,16,-7,16,-10,11,-9,17,-10,17,-6,14,-10,14,-8,15,-7,15,-7,15,-4,15,-4,12,1,12,-1,14,-1,17,3,0,0,0,0,0,0,0,0,0,0,0,0,0,0,0,0,0,0,0,0,0,0,-23,-36,-20,-35,-16,-41,-14,-46,-8,-47,-6,-49,0,-51,3,-58,4,-57,10,-61,16,-64,26,-62,29,-64,32,-61,41,-60,48,-60,54,-61,61,-62,65,-54,69,-48,80,-42,80,-37,87,-33,90,-29,91,-21,91,-13,90,-4,91,1,92,6,89,12,86,17,86,20,83,25,76,29,78,35,72,35,72,37,69,35,65,40,62,39,59,42,56,43,54,44,55,49,48,44,44,49,40,52,39,49,35,43,29,49,29,47,33,46,31,44,22,42,27,47,23,43,21,44,0,0]"
CSI_DATA,175,1a:00:00:00:00:00,-52,11,1,0,1,1,1,0,0,0,1,-96,0,11,2,2503812,0,44,0,384,0,"[0,0,0,0,0,0,0,0,0,0,0,0,-3,-6,-3,-5,-3,-5,-3,-5,-3,-4,-2,-4,-2,-4,-2,-4,-2,-3,-3,-3,-2,-3,-2,-3,-3,-3,-3,-2,-3,-2,-3,-2,-3,-2,-3,-2,-4,-2,-4,-2,-4,-2,-4,-2,-4,-2,-5,-2,-5,-2,-4,-2,0,0,-4,-2,-4,-3,-4,-3,-4,-2,-4,-3,-4,-3,-4,-4,-3,-3,-4,-3,-3,-3,-3,-3,-3,-3,-3,-3,-2,-3,-3,-3,-3,-2,-2,-3,-3,-3,-3,-3,-2,-3,-2,-3,-2,-3,-2,-3,-2,-3,-2,-3,-2,-3,0,0,0,0,0,0,0,0,0,0,0,0,0,0,-10,-18,-7,-16,-6,-14,-6,-15,-6,-14,-8,-12,-7,-13,-5,-10,-6,-11,-5,-11,-6,-11,-5,-11,-6,-9,-7,-7,-6,-8,-6,-9,-6,-6,-7,-4,-7,-2,-7,-5,-8,-6,-9,-6,-10,-4,-9,-4,-9,-3,-9,-4,-11,-3,-10,-4,-10,-4,-11,-7,-10,-6,-9,-7,-11,-5,-10,-6,-9,-7,-9,-6,-9,-7,-9,-6,-9,-6,-8,-7,-9,-8,-7,-9,-9,-7,-8,-8,-6,-7,-7,-6,-5,-7,-5,-7,-6,-6,-5,-5,-6,-8,-5,-6,-6,-7,-4,-6,-3,-6,-5,-8,-2,-9,0,0,0,0,0,0,0,0,0,0,0,0,0,0,0,0,0,0,0,0,0,0,-19,5,-19,2,-21,0,-22,-2,-23,-4,-22,-7,-23,-8,-26,-10,-25,-12,-25,-15,-25,-17,-26,-20,-28,-22,-28,-26,-25,-29,-21,-29,-22,-35,-18,-35,-18,-37,-14,-39,-11,-41,-9,-45,-6,-43,-3,-44,-1,-45,1,-46,5,-43,9,-43,10,-42,12,-41,14,-38,15,-39,18,-37,17,-37,20,-35,22,-34,22,-32,21,-33,21,-29,24,-29,25,-27,24,-25,23,-23,25,-24,24,-20,23,-16,23,-18,21,-17,24,-18,22,-15,21,-14,23,-13,22,-12,18,-10,19,-13,18,-12,19,-10,0,0]"
CSI_DATA,176,1a:00:00:00:00:00,-51,11,1,0,1,1,1,0,0,0,1,-96,0,11,2,2514353,0,44,0,384,0,"[0,0,0,0,0,0,0,0,0,0,0,0,4,-3,3,-3,3,-3,3,-3,2,-3,2,-3,2,-3,2,-3,2,-3,1,-2,1,-3,1,-3,1,-3,0,-3,0,-3,1,-3,0,-4,0,-4,0,-4,0,-3,0,-4,0,-4,1,-4,0,-4,0,-4,1,-4,0,0,1,-4,0,-4,1,-4,1,-4,1,-4,1,-4,1,-4,1,-4,2,-3,2,-3,2,-3,1,-3,1,-3,1,-3,1,-2,1,-2,1,-3,1,-2,1,-2,1,-2,1,-2,1,-2,1,-2,2,-2,2,-2,2,-2,0,0,0,0,0,0,0,0,0,0,0,0,0,0,34,-14,31,-15,29,-17,27,-15,27,-14,24,-15,23,-12,24,-13,18,-9,17,-12,16,-12,15,-13,16,-15,15,-13,11,-15,6,-15,9,-16,9,-11,11,-12,9,-16,3,-20,7,-20,3,-19,3,-19,10,-21,6,-20,7,-25,6,-21,7,-20,4,-23,8,-25,7,-27,11,-21,10,-20,9,-22,10,-21,12,-21,13,-21,12,-19,9,-22,12,-20,13,-15,16,-15,12,-14,11,-15,11,-16,14,-13,10,-11,12,-11,9,-13,11,-11,9,-13,13,-13,12,-10,11,-12,15,-7,16,-7,0,0,0,0,0,0,0,0,0,0,0,0,0,0,0,0,0,0,0,0,0,0,-6,-41,-3,-42,2,-42,10,-43,12,-45,14,-44,18,-49,24,-48,31,-51,31,-49,41,-46,44,-49,52,-47,57,-45,64,-43,64,-41,69,-38,78,-28,74,-28,79,-25,82,-17,90,-13,88,-4,88,2,90,12,90,12,84,17,88,23,86,27,80,31,77,33,76,34,73,38,66,44,67,46,68,43,64,45,58,51,53,51,55,50,51,55,50,49,45,48,48,54,44,50,41,45,37,47,33,45,35,47,31,47,27,44,22,44,25,45,21,39,21,43,21,44,24,36,0,0]"
CSI_DATA,177,1a:00:00:00:00:00,-51,11,1,0,1,1,1,0,0,0,1,-96,0,11,2,2524744,0,44,0,384,0,"[0,0,0,0,0,0,0,0,0,0,0,0,-2,4,-2,4,-1,4,-1,4,-2,3,-1,3,-1,3,-1,3,-1,3,0,2,-1,3,0,2,0,2,0,2,1,2,0,2,1,2,1,2,1,2,2,2,1,2,1,2,1,3,2,3,2,3,1,3,0,0,1,3,1,3,1,3,1,3,1,4,0,4,1,4,0,4,0,3,0,3,-1,3,0,3,0,3,0,3,-1,2,0,2,0,3,-1,2,0,2,0,2,-1,2,-1,2,-1,2,-1,2,-1,2,-1,2,0,0,0,0,0,0,0,0,0,0,0,0,0,0,-19,34,-21,27,-14,31,-14,27,-12,25,-14,25,-9,27,-11,22,-9,20,-6,22,-8,19,-5,21,0,19,-6,18,-2,21,-3,17,0,17,0,18,-1,17,7,18,2,21,3,19,7,19,8,18,4,15,8,18,7,23,9,18,6,23,7,23,7,20,2,26,7,24,6,22,5,29,6,26,2,26,2,21,1,21,-2,24,-2,22,-4,20,-3,23,-5,19,-4,17,-6,17,-5,19,-2,16,-6,15,-5,17,-6,17,-5,18,-5,13,-6,15,-7,16,-12,15,-11,15,0,0,0,0,0,0,0,0,0,0,0,0,0,0,0,0,0,0,0,0,0,0,28,27,27,31,29,34,23,40,24,43,17,49,14,49,8,54,9,56,7,58,5,63,-2,67,-2,69,-12,69,-20,72,-26,68,-31,77,-36,69,-45,70,-49,67,-52,67,-62,65,-65,60,-72,57,-73,52,-73,47,-81,41,-87,40,-83,34,-83,32,-84,22,-83,21,-80,15,-81,11,-80,6,-81,3,-80,-1,-75,1,-75,1,-76,-4,-75,-9,-69,-9,-73,-11,-67,-12,-65,-19,-64,-13,-59,-17,-56,-18,-55,-16,-53,-22,-50,-18,-55,-18,-48,-21,-44,-18,-40,-13,-46,-20,-39,-18,0,0]"
CSI_DATA,178,1a:00:00:00:00:00,-51,11,1,0,1,1,1,0,0,0,1,-96,0,11,2,2533849,0,44,0,384,0,"[0,0,0,0,0,0,0,0,0,0,0,0,3,3,3,3,4,3,3,3,3,2,3,2,3,1,2,1,2,1,3,1,2,1,3,1,3,1,3,0,3,1,3,-1,3,0,3,-1,3,-1,3,0,3,-1,4,0,4,-1,4,0,4,0,4,-1,0,0,4,-1,4,0,4,0,4,0,4,1,4,1,4,1,3,1,4,0,4,0,3,1,3,1,2,1,3,1,3,1,3,1,2,1,3,1,3,1,3,1,3,1,2,1,2,1,2,1,2,2,2,2,0,0,0,0,0,0,0,0,0,0,0,0,0,0,13,12,13,10,13,10,11,13,9,11,9,11,9,9,10,9,9,7,8,6,7,6,8,5,7,5,8,4,7,4,8,3,9,2,7,1,11,2,8,2,9,0,8,1,9,-2,10,-1,11,0,10,0,10,0,12,-2,12,-2,11,-2,10,0,11,1,13,1,13,1,11,3,12,2,11,4,10,5,11,4,9,4,8,4,7,4,10,4,9,5,8,5,7,4,6,5,5,5,7,4,7,4,7,6,7,4,8,6,4,7,7,7,5,7,5,7,0,0,0,0,0,0,0,0,0,0,0,0,0,0,0,0,0,0,0,0,0,0,13,-11,18,-13,19,-11,22,-9,22,-8,24,-5,24,-3,25,-2,27,-1,30,1,31,5,31,6,32,7,31,12,32,18,32,17,32,21,30,25,31,27,28,30,23,33,26,35,19,36,20,40,17,43,15,41,11,42,7,44,5,41,5,44,3,40,-1,44,-4,42,-5,39,-6,40,-7,37,-8,36,-8,36,-9,33,-11,32,-12,32,-12,31,-14,32,-14,29,-15,27,-16,28,-16,25,-15,24,-17,24,-15,20,-14,22,-15,19,-15,18,-14,18,-12,18,-15,16,-13,15,0,0]"
CSI_DATA,179,1a:00:00:00:00:00,-51,11,1,0,1,1,1,0,0,0,1,-96,0,11,2,2543838,0,44,0,384,0,"[0,0,0,0,0,0,0,0,0,0,0,0,-6,1,-5,1,-5,1,-5,0,-4,1,-4,1,-4,1,-4,1,-3,1,-3,1,-3,2,-3,2,-3,1,-2,2,-2,1,-2,3,-2,3,-2,3,-2,2,-2,2,-2,2,-2,3,-2,3,-2,3,-2,3,-2,4,0,0,-2,3,-2,3,-2,3,-3,4,-2,3,-3,3,-3,3,-3,3,-3,3,-3,3,-3,2,-3,2,-3,2,-3,2,-3,2,-3,2,-2,2,-3,2,-3,2,-3,2,-3,1,-3,2,-3,2,-3,1,-3,1,-3,1,0,0,0,0,0,0,0,0,0,0,0,0,0,0,-33,12,-29,8,-34,11,-28,9,-28,12,-29,12,-28,11,-25,5,-21,11,-20,10,-16,8,-17,8,-15,9,-16,9,-12,11,-13,12,-11,13,-10,15,-12,15,-7,12,-7,14,-3,15,-9,14,-7,19,-7,19,-8,20,-5,22,-9,24,-7,20,-5,24,-8,23,-7,23,-9,22,-11,23,-10,24,-12,21,-12,21,-15,21,-15,19,-14,23,-15,19,-13,16,-14,17,-12,12,-14,14,-12,12,-15,15,-12,13,-11,11,-13,14,-10,13,-14,15,-8,10,-14,9,-11,11,-13,8,-13,7,0,0,0,0,0,0,0,0,0,0,0,0,0,0,0,0,0,0,0,0,0,0,-11,38,-17,36,-21,36,-23,37,-28,38,-31,37,-35,34,-40,37,-44,37,-50,37,-56,29,-59,29,-63,28,-65,23,-71,17,-76,15,-77,16,-80,7,-76,0,-84,-7,-83,-12,-86,-17,-87,-22,-85,-26,-81,-37,-81,-38,-76,-42,-76,-47,-76,-51,-69,-46,-66,-52,-64,-56,-60,-56,-56,-58,-55,-64,-51,-58,-51,-61,-48,-60,-41,-61,-39,-60,-40,-60,-38,-58,-38,-57,-32,-59,-27,-59,-28,-55,-22,-50,-26,-53,-22,-53,-22,-51,-18,-48,-17,-45,-17,-48,-18,-45,-19,-46,-16,-43,-17,-41,0,0]"
CSI_DATA,180,1a:00:00:00:00:00,-51,11,1,0,1,1,1,0,0,0,1,-96,0,11,2,2553844,0,44,0,384,0,"[0,0,0,0,0,0,0,0,0,0,0,0,4,-3,4,-3,4,-2,3,-2,3,-3,3,-3,3,-3,2,-3,2,-3,2,-3,2,-3,1,-3,1,-3,1,-3,1,-3,1,-3,1,-4,1,-3,0,-3,0,-4,0,-4,0,-4,1,-4,0,-4,1,-4,1,-5,0,0,2,-5,1,-4,1,-4,2,-5,1,-4,1,-4,2,-4,1,-4,2,-4,2,-3,2,-3,1,-3,1,-3,2,-4,2,-2,2,-3,2,-3,2,-2,2,-3,2,-2,2,-2,2,-2,2,-2,2,-2,2,-2,2,-2,0,0,0,0,0,0,0,0,0,0,0,0,0,0,18,-4,18,-6,16,-4,13,-4,14,-4,13,-3,12,-4,15,-5,10,-3,10,-4,10,-5,7,-5,8,-6,8,-3,7,-5,5,-7,7,-7,6,-7,6,-7,5,-9,6,-7,4,-9,4,-7,5,-8,4,-8,6,-9,7,-9,7,-10,5,-10,5,-12,6,-12,8,-11,7,-8,6,-8,7,-9,10,-9,8,-8,9,-9,9,-7,8,-8,8,-8,9,-7,7,-4,8,-6,6,-6,8,-6,9,-5,8,-7,7,-5,7,-4,8,-5,9,-5,8,-3,6,-1,7,-3,8,-1,9,-3,0,0,0,0,0,0,0,0,0,0,0,0,0,0,0,0,0,0,0,0,0,0,-3,-20,1,-21,4,-20,6,-22,8,-21,9,-22,12,-22,15,-22,17,-24,20,-22,22,-22,26,-19,30,-20,32,-20,32,-16,35,-13,37,-13,38,-9,40,-7,41,-3,41,0,43,3,44,5,42,8,43,11,41,15,40,17,42,20,35,20,36,22,35,24,34,26,32,27,30,27,29,27,27,30,24,28,25,27,21,30,20,30,21,28,18,28,17,31,18,29,14,28,15,27,11,24,13,25,10,27,9,27,6,23,9,24,6,25,4,22,5,21,4,21,5,21,0,0]"
CSI_DATA,181,1a:00:00:00:00:00,-51,11,1,0,1,1,1,0,0,0,1,-96,0,11,2,2564360,0,44,0,384,0,"[0,0,0,0,0,0,0,0,0,0,0,0,5,-1,5,-1,5,0,4,-1,4,-1,4,-1,3,-1,3,-2,3,-2,3,-1,3,-2,3,-2,2,-2,2,-2,2,-2,2,-3,2,-3,2,-3,1,-3,2,-3,2,-3,2,-3,2,-4,2,-3,2,-3,3,-4,0,0,3,-4,2,-4,2,-4,3,-4,3,-3,3,-3,2,-3,2,-3,3,-2,3,-3,3,-2,3,-2,2,-2,2,-2,3,-2,2,-2,2,-2,2,-2,2,-2,2,-2,2,-2,2,-2,2,-2,2,-1,2,-1,3,-1,0,0,0,0,0,0,0,0,0,0,0,0,0,0,37,-3,35,0,31,-1,32,-5,29,-3,29,-2,24,-3,22,-5,28,-3,21,-4,18,-2,18,-7,19,-6,17,-6,15,-7,15,-12,16,-10,14,-10,15,-10,13,-13,12,-13,10,-12,13,-17,13,-15,13,-15,14,-19,11,-17,14,-19,14,-16,11,-21,12,-21,15,-19,16,-16,17,-14,16,-14,19,-13,16,-13,19,-15,19,-13,17,-14,19,-11,20,-12,16,-8,16,-13,16,-10,16,-10,15,-11,17,-11,14,-7,16,-8,15,-10,15,-8,15,-7,15,-5,13,-4,20,0,15,-1,0,0,0,0,0,0,0,0,0,0,0,0,0,0,0,0,0,0,0,0,0,0,13,-35,17,-37,22,-36,26,-39,31,-36,31,-38,39,-36,38,-32,47,-33,49,-31,56,-28,58,-25,61,-20,69,-19,71,-14,72,-10,80,-1,79,4,81,6,83,14,81,18,81,29,81,32,79,37,74,43,72,43,70,49,68,56,62,55,60,61,57,63,53,64,48,63,49,66,43,65,42,67,37,63,39,63,34,64,32,67,26,64,24,61,23,64,22,64,22,57,14,59,14,58,18,58,11,53,10,53,11,52,6,52,7,48,4,47,9,46,2,45,4,46,0,0]"
CSI_DATA,182,1a:00:00:00:00:00,-51,11,1,0,1,1,1,0,0,0,1,-96,0,11,2,2574404,0,44,0,384,0,"[0,0,0,0,0,0,0,0,0,0,0,0,-5,-4,-5,-4,-5,-4,-5,-4,-4,-3,-4,-3,-4,-2,-4,-2,-4,-2,-4,-2,-3,-2,-4,-1,-4,-1,-4,-1,-4,-1,-4,0,-3,0,-3,0,-4,0,-4,0,-4,0,-4,0,-4,0,-4,0,-5,-1,-5,0,0,0,-5,1,-5,-1,-5,-1,-5,0,-5,-1,-5,-1,-5,-1,-4,-1,-5,-1,-5,-1,-5,-1,-4,-1,-4,-2,-3,-1,-4,-2,-4,-1,-3,-1,-4,-1,-4,-1,-3,-1,-4,-1,-3,-2,-3,-2,-3,-2,-3,-2,-3,-2,0,0,0,0,0,0,0,0,0,0,0,0,0,0,-15,-12,-12,-12,-13,-13,-9,-10,-12,-12,-10,-10,-11,-10,-10,-10,-12,-9,-9,-9,-8,-6,-8,-6,-10,-5,-8,-4,-8,-4,-10,-3,-10,-3,-9,-4,-10,-3,-10,-4,-9,-2,-9,-2,-11,0,-11,1,-11,0,-14,-1,-11,-2,-11,1,-11,0,-11,1,-12,-1,-12,0,-11,0,-12,0,-12,-2,-12,-2,-13,-2,-12,-4,-13,-6,-10,-3,-11,-4,-10,-4,-11,-4,-11,-5,-11,-3,-9,-5,-9,-5,-8,-5,-8,-4,-10,-3,-10,-5,-8,-4,-9,-4,-8,-3,-6,-5,-8,-6,-7,-6,0,0,0,0,0,0,0,0,0,0,0,0,0,0,0,0,0,0,0,0,0,0,-18,7,-20,4,-22,4,-23,1,-22,1,-25,-2,-26,-3,-26,-4,-28,-9,-28,-8,-30,-12,-29,-12,-32,-16,-31,-22,-32,-23,-26,-26,-27,-29,-25,-30,-26,-34,-21,-37,-21,-37,-19,-42,-17,-40,-15,-42,-10,-42,-9,-44,-6,-45,-3,-45,0,-42,1,-45,4,-43,5,-45,9,-42,9,-40,10,-38,11,-38,10,-35,12,-35,13,-34,14,-35,15,-34,13,-31,16,-32,16,-32,16,-26,17,-25,18,-26,16,-23,18,-24,15,-21,15,-23,16,-21,18,-21,13,-18,15,-21,16,-20,13,-16,0,0]"
CSI_DATA,183,1a:00:00:00:00:00,-51,11,1,0,1,1,1,0,0,0,1,-96,0,11,2,2593860,0,44,0,384,0,"[0,0,0,0,0,0,0,0,0,0,0,0,-3,-5,-3,-5,-4,-5,-3,-4,-3,-4,-3,-4,-3,-3,-3,-3,-3,-3,-3,-3,-3,-2,-3,-2,-3,-2,-3,-2,-3,-2,-3,-2,-3,-1,-3,-1,-4,-2,-4,-1,-3,-1,-4,-2,-4,-1,-4,-2,-4,-2,-4,-1,0,0,-4,-1,-4,-2,-4,-2,-4,-2,-4,-2,-4,-2,-3,-2,-4,-2,-4,-2,-3,-2,-4,-2,-3,-3,-3,-2,-3,-2,-3,-2,-3,-2,-3,-2,-3,-2,-3,-2,-3,-2,-3,-2,-2,-2,-2,-3,-2,-3,-2,-3,-2,-3,0,0,0,0,0,0,0,0,0,0,0,0,0,0,-24,-37,-17,-32,-23,-35,-12,-32,-13,-36,-14,-26,-12,-26,-11,-24,-13,-24,-11,-24,-12,-22,-12,-20,-11,-16,-10,-18,-8,-17,-12,-16,-11,-11,-13,-11,-16,-10,-14,-10,-18,-12,-14,-8,-18,-7,-17,-9,-18,-9,-20,-8,-16,-7,-21,-10,-21,-10,-20,-12,-19,-5,-18,-11,-20,-12,-22,-8,-20,-11,-21,-12,-22,-13,-21,-13,-21,-17,-14,-14,-15,-14,-15,-12,-16,-15,-18,-18,-12,-16,-12,-12,-14,-16,-14,-13,-14,-13,-12,-13,-12,-14,-8,-15,-9,-13,-9,-19,-8,-14,-8,-17,-6,-18,0,0,0,0,0,0,0,0,0,0,0,0,0,0,0,0,0,0,0,0,0,0,-34,14,-35,10,-40,11,-43,6,-49,4,-50,0,-52,-6,-54,-8,-55,-14,-57,-21,-59,-25,-59,-30,-58,-36,-60,-41,-56,-46,-56,-53,-53,-61,-50,-64,-46,-69,-44,-73,-34,-79,-33,-81,-24,-87,-19,-93,-12,-88,-12,-86,-1,-91,6,-89,7,-90,12,-86,16,-85,21,-88,28,-85,25,-80,34,-78,31,-73,30,-68,34,-68,42,-63,36,-59,41,-59,44,-62,42,-56,44,-57,44,-47,43,-50,44,-44,42,-44,45,-45,44,-44,43,-33,43,-34,42,-31,45,-33,34,-26,43,-28,35,-28,0,0]"
CSI_DATA,184,1a:00:00:00:00:00,-51,11,1,0,1,1,1,0,0,0,1,-96,0,11,2,2603841,0,44,0,384,0,"[0,0,0,0,0,0,0,0,0,0,0,0,5,-2,5,-2,4,-2,4,-1,4,-1,4,-2,3,-2,3,-2,3,-2,2,-1,3,-2,2,-2,2,-2,2,-2,2,-2,2,-3,2,-3,1,-3,1,-2,1,-3,1,-3,1,-3,2,-3,1,-3,1,-3,2,-4,0,0,2,-4,2,-3,2,-3,2,-3,2,-3,2,-3,2,-3,2,-3,2,-2,2,-3,2,-3,2,-2,2,-2,2,-2,2,-2,2,-2,2,-2,2,-2,2,-1,2,-1,2,-1,2,-1,2,-2,2,-1,2,-1,2,-1,0,0,0,0,0,0,0,0,0,0,0,0,0,0,40,-7,38,-5,41,-1,32,-5,33,-3,33,-4,30,-2,32,-4,23,-5,26,-5,23,-2,16,1,20,-3,20,0,17,-7,15,-6,17,-5,14,-10,16,-10,11,-11,7,-10,13,-14,12,-10,11,-9,12,-14,15,-12,10,-13,14,-12,12,-17,12,-16,7,-20,16,-23,17,-14,19,-16,16,-19,19,-14,17,-14,18,-13,16,-12,15,-16,17,-10,18,-11,16,-8,14,-5,16,-10,16,-6,16,-10,12,-10,16,-7,15,-7,14,-7,17,-4,20,-7,16,-6,15,-3,17,-2,19,-3,0,0,0,0,0,0,0,0,0,0,0,0,0,0,0,0,0,0,0,0,0,0,-2,-36,7,-39,9,-37,17,-44,16,-40,22,-44,24,-44,28,-41,34,-45,38,-40,45,-41,48,-43,56,-39,62,-35,74,-30,67,-25,77,-22,76,-18,83,-13,85,-4,81,-4,88,6,82,13,82,13,84,24,80,29,81,36,83,43,70,43,75,50,66,46,67,52,58,55,56,59,54,57,53,60,46,57,48,56,41,61,45,61,41,64,34,60,36,63,36,61,28,63,25,58,20,56,23,55,23,57,14,54,15,52,16,52,15,53,11,47,12,47,9,50,9,40,0,0]"
CSI_DATA,185,1a:00:00:00:00:00,-52,11,1,0,1,1,1,0,0,0,1,-96,0,11,2,2613831,0,44,0,384,0,"[0,0,0,0,0,0,0,0,0,0,0,0,-4,4,-4,4,-3,3,-3,3,-3,3,-3,3,-3,3,-3,3,-3,2,-2,2,-2,2,-1,2,-1,2,-1,2,-1,2,-1,2,-1,2,-1,2,0,3,0,2,0,2,1,2,0,3,1,2,0,3,0,3,0,0,0,3,0,3,0,3,0,3,0,4,0,3,0,3,0,3,-1,3,-1,3,-1,2,-1,3,-1,3,-1,3,-1,2,-1,2,-1,2,-1,2,-1,2,-1,2,-1,2,-2,2,-2,2,-2,2,-2,2,-2,2,0,0,0,0,0,0,0,0,0,0,0,0,0,0,-32,26,-31,27,-30,26,-26,24,-22,23,-24,21,-24,17,-24,19,-16,16,-20,17,-13,15,-15,15,-14,19,-10,14,-12,17,-11,15,-6,11,-5,13,-5,12,-2,15,-7,19,-7,14,-2,15,3,15,-4,19,0,17,2,19,0,17,2,19,0,21,0,22,-2,22,3,21,0,21,-4,26,0,23,3,18,-3,19,-1,20,-4,19,-10,18,-5,15,-2,18,-6,17,-4,17,-6,14,-5,14,-5,15,-7,19,-6,13,-7,11,-5,14,-9,15,-6,15,-8,15,-11,13,-11,16,0,0,0,0,0,0,0,0,0,0,0,0,0,0,0,0,0,0,0,0,0,0,19,30,16,35,11,36,12,41,7,41,3,43,0,49,-4,51,-6,54,-10,53,-14,58,-21,58,-25,60,-33,60,-37,58,-46,58,-49,61,-57,58,-58,58,-63,50,-68,43,-76,45,-77,35,-81,35,-85,29,-84,26,-88,19,-91,17,-82,9,-88,5,-85,-5,-87,-6,-82,-10,-80,-13,-80,-14,-80,-15,-73,-16,-75,-18,-69,-24,-73,-23,-72,-26,-64,-21,-66,-29,-66,-30,-59,-28,-59,-25,-54,-31,-51,-30,-52,-32,-47,-35,-43,-31,-45,-31,-43,-38,-42,-28,-44,-32,-39,-33,-36,-33,0,0]"
CSI_DATA,186,1a:00:00:00:00:00,-51,11,1,0,1,1,1,0,0,0,1,-96,0,11,2,2623854,0,44,0,384,0,"[0,0,0,0,0,0,0,0,0,0,0,0,3,-5,3,-5,3,-4,3,-4,3,-4,2,-4,2,-4,2,-3,2,-4,1,-3,1,-3,1,-3,1,-3,0,-3,0,-3,0,-3,0,-3,0,-3,-1,-3,-1,-3,-1,-3,-1,-4,-1,-4,-2,-4,-2,-3,-1,-4,0,0,-1,-4,-2,-4,-1,-4,-1,-4,-1,-4,-1,-4,0,-4,-1,-4,0,-4,0,-4,0,-3,0,-4,0,-4,0,-4,0,-3,0,-3,0,-3,0,-3,0,-3,0,-3,0,-3,1,-4,1,-4,1,-3,1,-3,1,-3,0,0,0,0,0,0,0,0,0,0,0,0,0,0,25,-29,24,-28,26,-27,18,-29,20,-27,19,-26,23,-19,22,-23,18,-21,16,-17,15,-20,13,-22,12,-18,10,-16,6,-16,8,-14,8,-13,3,-13,1,-17,2,-14,2,-19,-1,-15,-5,-14,-5,-17,-4,-19,-1,-15,-5,-16,-7,-16,-4,-19,-6,-21,-3,-22,-3,-20,-4,-21,-7,-18,-6,-27,-8,-21,-4,-21,-3,-21,2,-17,-1,-20,-1,-22,-1,-24,-1,-18,-2,-21,-1,-16,4,-18,4,-17,0,-16,1,-19,2,-19,0,-17,3,-21,2,-19,2,-18,5,-17,4,-21,8,-15,0,0,0,0,0,0,0,0,0,0,0,0,0,0,0,0,0,0,0,0,0,0,-15,-32,-14,-40,-11,-40,-6,-44,-6,-45,-2,-47,3,-49,5,-52,6,-56,14,-54,19,-60,23,-62,29,-62,31,-63,39,-60,44,-55,53,-59,56,-51,58,-53,63,-49,66,-45,76,-40,77,-37,83,-33,81,-23,83,-23,85,-15,86,-11,85,-4,91,-3,81,1,82,5,82,6,80,11,79,13,75,13,73,15,74,16,68,22,67,21,70,23,66,25,63,24,59,25,57,26,61,26,58,30,53,31,54,30,49,30,48,31,47,33,43,32,38,30,42,28,40,30,37,28,0,0]"
CSI_DATA,187,1a:00:00:00:00:00,-52,11,1,0,1,1,1,0,0,0,1,-96,0,11,2,2643840,0,44,0,384,0,"[0,0,0,0,0,0,0,0,0,0,0,0,-5,-5,-4,-5,-4,-4,-4,-5,-4,-4,-3,-4,-3,-3,-3,-3,-3,-3,-3,-3,-3,-2,-3,-2,-3,-2,-3,-2,-3,-1,-3,-1,-3,-1,-3,-1,-3,-1,-3,-1,-3,-1,-3,0,-4,0,-4,-1,-4,-1,-4,0,0,0,-4,0,-4,-1,-4,-1,-4,0,-4,-1,-4,-1,-4,-1,-4,-1,-4,-1,-4,-1,-4,-1,-3,-1,-3,-1,-3,-1,-4,-1,-4,-1,-3,-1,-4,-1,-4,-1,-4,-1,-4,-2,-3,-2,-4,-2,-3,-2,-3,-3,-3,-3,0,0,0,0,0,0,0,0,0,0,0,0,0,0,-16,-10,-18,-10,-15,-8,-15,-10,-15,-11,-14,-10,-13,-9,-11,-9,-13,-8,-10,-7,-9,-6,-11,-5,-9,-4,-9,-5,-7,-6,-8,-4,-8,-4,-6,-2,-6,0,-7,-3,-8,0,-8,-1,-8,3,-6,0,-10,1,-9,2,-8,0,-10,2,-11,3,-8,2,-9,3,-8,2,-12,4,-9,2,-11,1,-12,1,-9,1,-12,0,-12,-1,-8,-1,-8,1,-8,2,-9,-1,-11,-1,-9,-1,-9,1,-7,-1,-10,-1,-8,-1,-9,-2,-8,-3,-7,-3,-9,-3,-9,-1,-9,-5,-9,-5,-8,-5,0,0,0,0,0,0,0,0,0,0,0,0,0,0,0,0,0,0,0,0,0,0,-8,15,-10,14,-12,15,-14,14,-17,15,-20,14,-20,13,-22,10,-26,12,-26,8,-30,6,-31,6,-35,4,-36,2,-37,-5,-35,-7,-38,-9,-39,-10,-36,-14,-38,-16,-35,-19,-37,-26,-36,-27,-33,-29,-30,-32,-30,-33,-26,-36,-24,-37,-21,-38,-20,-40,-18,-39,-17,-39,-14,-39,-12,-40,-12,-41,-8,-39,-8,-39,-5,-38,-3,-36,-3,-38,-1,-37,0,-35,2,-36,0,-34,4,-32,2,-32,5,-32,6,-32,5,-31,6,-29,8,-28,9,-27,7,-24,10,-25,8,-25,12,-23,9,-23,0,0]"
CSI_DATA,188,1a:00:00:00:00:00,-52,11,1,0,1,1,1,0,0,0,1,-96,0,11,2,2653855,0,44,0,384,0,"[0,0,0,0,0,0,0,0,0,0,0,0,3,3,3,3,3,4,3,3,3,3,2,3,2,2,2,2,2,2,2,2,2,1,2,1,2,1,2,1,2,0,2,-1,2,-1,2,-1,2,0,2,0,2,0,2,-1,2,-1,2,-1,2,-1,3,-1,0,0,3,-1,3,-1,3,-1,3,-1,3,-1,3,-1,3,-1,2,-1,3,-1,3,-1,3,-1,2,0,2,-1,3,0,3,0,3,0,2,0,3,0,3,0,3,0,3,0,2,0,3,0,2,0,2,1,2,1,0,0,0,0,0,0,0,0,0,0,0,0,0,0,17,12,14,13,14,12,14,11,10,14,10,11,9,10,9,9,8,10,8,8,8,6,6,8,7,5,5,5,6,5,6,7,6,2,6,2,5,2,7,1,5,0,5,0,7,-1,8,-2,7,-2,8,-1,8,-1,9,0,9,-1,8,-2,9,-3,9,-1,11,0,10,-3,10,-1,10,-2,10,1,10,0,11,1,9,1,10,-2,10,1,10,2,8,1,9,1,9,1,8,2,9,1,7,3,7,2,8,2,7,2,7,3,7,4,7,4,9,6,5,5,0,0,0,0,0,0,0,0,0,0,0,0,0,0,0,0,0,0,0,0,0,0,11,-14,15,-11,16,-12,19,-11,20,-8,21,-8,23,-7,25,-6,26,-5,29,-2,29,1,30,4,34,5,34,11,34,12,33,15,33,16,33,22,32,24,31,26,30,28,30,32,27,34,24,39,21,38,19,39,15,40,15,42,10,43,8,43,6,43,5,44,1,41,1,42,-2,41,-1,39,-5,39,-5,39,-7,38,-7,37,-8,35,-9,34,-10,33,-11,33,-12,31,-10,31,-12,32,-13,29,-11,27,-14,29,-14,25,-15,22,-16,22,-16,21,-16,23,-17,21,-16,20,0,0]"
CSI_DATA,189,1a:00:00:00:00:00,-52,11,1,0,1,1,1,0,0,0,1,-96,0,11,2,2683838,0,44,0,384,0,"[0,0,0,0,0,0,0,0,0,0,0,0,-1,5,-1,5,0,4,-1,4,-1,4,-1,4,-1,3,-1,3,-1,3,0,3,-1,2,0,2,0,2,1,2,1,2,0,1,0,1,1,1,1,1,1,1,2,1,2,1,1,1,2,1,2,1,2,1,0,0,2,1,2,2,2,2,2,2,2,2,2,3,2,2,2,3,2,2,1,2,1,2,1,2,1,2,1,2,1,2,1,2,1,2,1,2,1,2,1,2,1,2,0,2,0,2,0,2,0,2,0,2,0,0,0,0,0,0,0,0,0,0,0,0,0,0,-16,38,-16,37,-13,37,-14,32,-13,34,-9,28,-11,25,-14,23,-10,25,-12,22,-9,19,-6,20,-4,17,-4,16,-6,18,-2,20,-1,11,-1,15,-2,8,2,13,4,15,4,12,6,10,11,10,9,11,12,11,10,13,8,10,11,11,10,16,8,16,10,15,12,11,13,14,8,14,11,17,11,15,12,15,10,13,6,18,10,18,9,17,6,16,7,16,3,16,6,12,9,15,6,15,7,13,0,18,4,17,5,16,-1,22,-1,19,4,21,-1,18,-1,18,0,0,0,0,0,0,0,0,0,0,0,0,0,0,0,0,0,0,0,0,0,0,29,20,28,26,27,29,26,34,26,35,24,39,22,45,15,45,18,52,19,55,10,57,8,62,6,70,0,71,-8,70,-12,70,-18,77,-23,72,-31,75,-35,75,-42,70,-50,75,-51,70,-58,68,-60,64,-63,62,-71,52,-76,53,-73,45,-75,44,-76,38,-76,39,-76,29,-78,31,-82,22,-79,22,-73,17,-74,18,-73,13,-75,11,-79,8,-69,7,-70,7,-67,0,-68,-1,-69,3,-62,-3,-62,-5,-63,-6,-58,-7,-56,-5,-59,-11,-55,-11,-49,-5,-54,-11,-48,-8,-46,-15,0,0]"
CSI_DATA,190,1a:00:00:00:00:00,-52,11,1,0,1,1,1,0,0,0,1,-96,0,11,2,2696119,0,44,0,384,0,"[0,0,0,0,0,0,0,0,0,0,0,0,-6,2,-6,2,-5,2,-5,1,-4,1,-4,1,-4,1,-4,2,-4,1,-3,1,-3,2,-3,1,-3,1,-2,1,-2,1,-2,2,-2,2,-2,2,-1,2,0,2,-1,2,-1,2,-1,3,-1,2,-1,2,-1,3,0,0,-1,3,-1,3,-1,3,-1,3,-1,3,-1,3,-1,3,-1,3,-2,3,-2,2,-2,2,-2,3,-2,3,-2,2,-2,2,-2,2,-2,2,-2,2,-2,2,-2,2,-2,2,-3,2,-3,2,-3,2,-3,1,-3,1,0,0,0,0,0,0,0,0,0,0,0,0,0,0,-20,10,-19,9,-19,7,-14,7,-17,8,-14,5,-13,6,-14,7,-14,4,-12,4,-10,6,-11,6,-8,4,-9,4,-7,5,-7,6,-5,5,-7,5,-3,4,-3,6,0,5,-2,7,-5,6,-4,7,-1,7,-2,9,0,9,0,10,1,9,-1,11,-1,9,0,10,-2,9,-2,9,-2,13,-2,9,0,10,-3,8,-2,10,-2,9,-2,10,-3,11,-4,8,-4,7,-2,10,-6,10,-4,8,-3,8,-4,8,-3,9,-4,7,-4,8,-4,8,-4,8,-4,6,-7,8,-7,6,0,0,0,0,0,0,0,0,0,0,0,0,0,0,0,0,0,0,0,0,0,0,-2,16,-7,17,-5,17,-7,18,-11,18,-13,20,-14,19,-18,18,-20,19,-22,19,-23,19,-27,17,-29,18,-32,15,-36,13,-34,12,-40,10,-39,7,-41,5,-41,4,-42,-1,-42,-3,-43,-5,-43,-7,-45,-11,-45,-13,-41,-13,-44,-17,-39,-19,-41,-19,-36,-20,-39,-23,-35,-24,-31,-26,-32,-27,-30,-26,-30,-27,-28,-26,-27,-25,-27,-26,-27,-27,-26,-25,-23,-27,-23,-25,-20,-28,-19,-25,-19,-23,-17,-25,-17,-26,-14,-25,-17,-24,-16,-25,-13,-23,-14,-21,-13,-23,-14,-21,-14,-21,0,0]"
CSI_DATA,191,1a:00:00:00:00:00,-52,11,1,0,1,1,1,0,0,0,1,-96,0,11,2,2704724,0,44,0,384,0,"[0,0,0,0,0,0,0,0,0,0,0,0,-4,-5,-4,-5,-4,-5,-4,-5,-4,-4,-3,-4,-3,-3,-3,-3,-3,-3,-3,-3,-2,-2,-3,-2,-3,-2,-3,-2,-3,-2,-3,-1,-3,0,-3,0,-3,-1,-4,0,-3,-1,-4,0,-4,0,-4,0,-4,0,-4,0,0,0,-4,0,-4,0,-4,0,-4,0,-4,0,-4,-1,-4,-1,-4,-1,-4,0,-4,-1,-4,-1,-4,-1,-3,-1,-3,-1,-4,-1,-4,-1,-3,-1,-4,-1,-4,-1,-3,-1,-4,-1,-3,-2,-3,-2,-3,-2,-3,-2,-3,-2,0,0,0,0,0,0,0,0,0,0,0,0,0,0,-14,-18,-11,-17,-11,-17,-9,-17,-8,-16,-9,-14,-8,-13,-8,-13,-6,-10,-5,-11,-6,-11,-6,-9,-6,-9,-5,-7,-6,-6,-6,-6,-8,-5,-8,-4,-6,-4,-7,-4,-6,-4,-5,-2,-7,-3,-9,-1,-11,0,-8,-2,-7,-2,-11,-1,-11,-2,-8,-1,-9,-1,-10,-2,-13,-1,-12,-1,-11,-2,-12,-4,-10,-1,-11,-4,-11,-5,-10,-4,-9,-4,-9,-3,-10,-2,-8,-4,-8,-4,-8,-4,-8,-3,-10,-3,-8,-5,-8,-3,-7,-6,-7,-6,-8,-6,-8,-7,-7,-5,-7,-7,-6,-7,0,0,0,0,0,0,0,0,0,0,0,0,0,0,0,0,0,0,0,0,0,0,-18,7,-20,4,-20,3,-21,0,-24,-1,-23,-4,-24,-6,-26,-6,-27,-10,-26,-9,-28,-13,-29,-16,-30,-18,-28,-22,-28,-24,-26,-27,-26,-29,-24,-31,-21,-34,-19,-36,-18,-39,-15,-41,-12,-41,-11,-42,-7,-44,-7,-43,-4,-45,1,-44,1,-43,6,-43,6,-41,7,-41,12,-39,13,-39,12,-38,14,-36,16,-35,14,-34,17,-35,16,-34,18,-32,18,-30,19,-30,18,-30,19,-26,18,-27,18,-25,20,-23,19,-23,20,-23,19,-21,18,-20,22,-20,19,-18,18,-20,17,-16,20,-15,0,0]"
CSI_DATA,192,1a:00:00:00:00:00,-52,11,1,0,1,1,1,0,0,0,1,-96,0,11,2,2715222,0,44,0,384,0,"[0,0,0,0,0,0,0,0,0,0,0,0,-4,-5,-4,-4,-4,-4,-3,-5,-4,-4,-3,-4,-3,-3,-3,-3,-3,-3,-3,-3,-3,-2,-3,-2,-3,-2,-3,-2,-3,-2,-3,-1,-3,-1,-3,0,-3,-1,-4,-1,-4,-1,-3,-1,-4,0,-4,-1,-4,-1,-4,0,0,0,-5,-1,-4,-1,-4,-1,-5,-1,-4,-2,-4,-2,-4,-2,-4,-2,-4,-2,-4,-2,-4,-2,-3,-2,-3,-2,-3,-2,-3,-2,-3,-2,-3,-2,-3,-2,-3,-2,-3,-2,-3,-2,-3,-2,-3,-3,-3,-3,-2,-3,-2,-3,0,0,0,0,0,0,0,0,0,0,0,0,0,0,-28,-36,-26,-26,-35,-26,-26,-30,-23,-24,-18,-29,-23,-26,-19,-22,-17,-20,-19,-21,-16,-16,-16,-18,-13,-16,-12,-13,-12,-10,-13,-6,-13,-10,-12,-8,-17,-8,-13,-5,-13,-6,-16,-3,-17,1,-22,0,-20,-4,-21,1,-19,1,-22,0,-20,0,-24,-1,-23,2,-26,-4,-24,-4,-24,-2,-19,-2,-27,-4,-28,-5,-27,-3,-26,-5,-22,-5,-19,-8,-20,-10,-21,-7,-16,-8,-18,-8,-18,-4,-15,-8,-16,-9,-13,-8,-19,-9,-16,-7,-15,-12,-15,-8,-12,-13,-15,-11,-13,-14,-12,-13,0,0,0,0,0,0,0,0,0,0,0,0,0,0,0,0,0,0,0,0,0,0,-32,21,-37,19,-37,16,-43,10,-49,11,-49,7,-48,1,-55,2,-57,-6,-56,-7,-61,-10,-63,-17,-65,-20,-66,-28,-65,-36,-64,-41,-62,-46,-57,-55,-61,-59,-54,-66,-48,-66,-49,-78,-45,-75,-41,-81,-32,-84,-33,-85,-23,-87,-21,-92,-10,-82,-7,-92,-5,-83,1,-89,9,-84,14,-79,13,-83,14,-81,18,-76,15,-78,19,-76,15,-74,24,-74,23,-65,28,-66,29,-63,32,-64,30,-55,35,-58,33,-54,33,-54,33,-48,30,-51,33,-48,33,-45,30,-41,31,-38,29,-39,34,-40,0,0]"
CSI_DATA,193,1a:00:00:00:00:00,-52,11,1,0,1,1,1,0,0,0,1,-96,0,11,2,2723867,0,44,0,384,0,"[0,0,0,0,0,0,0,0,0,0,0,0,5,1,5,1,5,0,5,0,4,1,4,0,3,0,3,0,3,0,3,0,3,-1,2,-1,3,-1,2,-1,2,-1,2,-2,2,-2,2,-2,2,-2,2,-2,2,-2,2,-3,2,-3,2,-2,3,-3,3,-3,0,0,3,-3,3,-2,3,-2,3,-3,3,-2,3,-2,3,-2,3,-2,3,-2,3,-2,3,-2,2,-1,3,-1,2,-1,3,-1,3,-1,2,-1,3,-1,3,-1,3,-1,3,-1,2,-1,2,-1,2,0,2,0,2,0,0,0,0,0,0,0,0,0,0,0,0,0,0,0,42,4,40,5,34,9,30,4,33,10,32,6,29,6,25,6,26,2,22,6,21,1,19,4,17,2,24,1,15,0,15,-1,17,-5,15,-5,16,-3,13,-4,11,-9,17,-12,16,-9,13,-8,16,-15,14,-12,13,-14,17,-14,20,-11,14,-17,18,-13,18,-16,20,-16,20,-14,20,-16,20,-13,20,-11,21,-8,21,-9,17,-10,19,-6,16,-4,21,-5,18,-6,15,-7,19,-8,14,-6,19,-6,16,-1,15,-5,13,-3,17,-4,16,-3,17,0,19,1,17,3,13,3,0,0,0,0,0,0,0,0,0,0,0,0,0,0,0,0,0,0,0,0,0,0,16,-30,19,-34,26,-35,27,-36,35,-32,36,-29,39,-27,41,-24,48,-24,55,-25,59,-18,63,-14,66,-15,68,-8,73,-2,74,6,73,6,77,15,76,16,79,25,78,31,76,37,77,44,75,46,70,58,68,57,60,62,61,65,56,69,55,67,48,71,40,70,38,68,37,70,35,73,32,73,28,70,25,70,19,70,22,68,15,67,13,71,12,68,13,70,12,61,8,66,6,61,3,60,4,57,1,58,-1,55,0,55,-2,53,-2,55,-4,50,-5,50,-3,48,0,0]"
CSI_DATA,194,1a:00:00:00:00:00,-51,11,1,0,1,1,1,0,0,0,1,-96,0,11,2,2734604,0,44,0,384,0,"[0,0,0,0,0,0,0,0,0,0,0,0,0,5,0,4,1,4,0,4,1,4,0,3,1,3,0,3,0,2,1,2,1,2,1,2,1,2,2,2,2,2,1,1,2,1,2,1,2,1,2,1,3,1,3,2,3,1,3,2,3,2,3,1,0,0,3,2,3,2,3,2,3,2,2,3,2,3,2,3,2,3,2,2,2,2,2,2,1,3,1,3,1,2,1,2,1,2,1,2,1,2,1,2,1,2,1,2,0,2,0,2,0,2,0,3,0,2,0,0,0,0,0,0,0,0,0,0,0,0,0,0,6,35,7,33,3,35,9,35,6,34,6,32,6,30,4,25,7,21,3,23,4,13,5,18,8,19,6,17,5,18,6,17,9,11,9,9,12,10,10,13,11,7,13,15,17,14,17,7,17,9,17,9,16,8,23,10,19,11,18,11,20,13,20,15,22,11,22,11,18,13,16,16,19,15,16,15,18,17,13,18,13,15,12,16,9,20,13,17,9,14,10,14,7,14,11,17,9,18,8,14,8,15,7,14,10,14,9,15,7,14,5,16,2,14,0,0,0,0,0,0,0,0,0,0,0,0,0,0,0,0,0,0,0,0,0,0,35,8,36,13,38,17,37,24,38,26,37,29,37,32,35,38,34,42,31,46,32,52,26,56,26,59,25,68,19,67,17,72,14,79,5,78,1,78,-1,79,-6,85,-15,87,-23,83,-28,80,-37,83,-38,79,-44,76,-45,74,-50,71,-52,69,-54,62,-60,64,-56,54,-59,56,-66,52,-62,48,-60,46,-63,44,-63,42,-62,41,-63,34,-60,34,-65,34,-62,29,-62,30,-60,23,-64,22,-63,23,-56,21,-56,13,-50,16,-50,12,-49,13,-49,12,-48,12,-48,12,-42,9,0,0]"
CSI_DATA,195,1a:00:00:00:00:00,-51,11,1,0,1,1,1,0,0,0,1,-96,0,11,2,2743860,0,44,0,384,0,"[0,0,0,0,0,0,0,0,0,0,0,0,1,-6,1,-6,0,-5,0,-5,0,-4,0,-5,0,-4,0,-4,-1,-4,-1,-3,-1,-3,-1,-4,-2,-3,-2,-3,-2,-3,-2,-3,-2,-3,-2,-3,-3,-3,-3,-3,-3,-3,-3,-4,-2,-4,-3,-4,-4,-4,-3,-4,0,0,-2,-4,-3,-5,-3,-5,-2,-5,-2,-5,-2,-5,-2,-5,-2,-5,-1,-4,-1,-4,-1,-4,-1,-5,-1,-4,-1,-4,-1,-4,-1,-4,-1,-4,-1,-4,-1,-4,0,-3,0,-3,0,-4,0,-3,0,-4,0,-3,1,-3,0,0,0,0,0,0,0,0,0,0,0,0,0,0,14,-38,16,-33,12,-24,11,-29,10,-31,10,-28,13,-26,5,-23,11,-22,8,-18,7,-24,5,-19,3,-18,1,-19,-1,-20,-3,-15,-1,-13,-1,-15,-6,-16,-6,-16,-7,-16,-9,-20,-7,-14,-7,-16,-10,-16,-12,-18,-11,-21,-10,-19,-13,-20,-11,-23,-10,-24,-11,-24,-6,-24,-8,-23,-6,-32,-8,-25,-8,-25,-5,-26,-4,-27,-3,-22,-1,-21,-2,-27,0,-20,0,-18,-2,-21,0,-21,2,-18,-1,-19,3,-17,1,-19,1,-20,5,-16,1,-16,5,-17,1,-17,4,-12,4,-16,0,0,0,0,0,0,0,0,0,0,0,0,0,0,0,0,0,0,0,0,0,0,-26,-28,-23,-32,-21,-37,-18,-38,-13,-47,-15,-45,-11,-53,-5,-53,-5,-59,-4,-57,6,-59,8,-65,10,-68,20,-68,22,-63,31,-69,32,-70,41,-68,50,-68,52,-60,55,-60,62,-62,67,-54,70,-50,74,-44,74,-42,78,-40,80,-33,80,-30,78,-29,79,-23,78,-18,83,-12,79,-7,81,-7,78,-3,74,0,72,-3,74,0,72,3,68,9,71,7,70,5,68,7,62,13,63,9,57,17,55,17,51,18,52,16,55,15,47,22,49,15,43,19,43,14,40,19,48,16,0,0]"
CSI_DATA,196,1a:00:00:00:00:00,-51,11,1,0,1,1,1,0,0,0,1,-96,0,11,2,2754321,0,44,0,384,0,"[0,0,0,0,0,0,0,0,0,0,0,0,-5,-3,-5,-2,-5,-3,-5,-3,-4,-2,-4,-2,-4,-1,-4,-1,-4,-1,-4,-1,-4,0,-3,0,-3,0,-3,0,-4,0,-3,1,-4,1,-3,1,-4,1,-4,1,-4,1,-4,1,-4,2,-5,1,-5,1,-5,2,0,0,-5,1,-5,1,-5,1,-5,1,-5,0,-5,0,-5,0,-5,-1,-5,0,-5,0,-5,0,-4,-1,-4,-1,-4,-1,-4,-1,-4,-1,-3,-1,-4,-1,-4,-1,-3,-1,-4,-2,-3,-1,-3,-2,-3,-2,-3,-2,-3,-2,0,0,0,0,0,0,0,0,0,0,0,0,0,0,-30,-25,-29,-19,-31,-17,-24,-20,-25,-14,-23,-17,-19,-10,-24,-16,-19,-12,-19,-7,-20,-7,-18,-9,-18,-7,-18,-2,-16,-4,-18,-2,-19,1,-18,2,-18,7,-12,1,-18,1,-18,6,-18,13,-20,9,-23,8,-19,10,-14,12,-20,12,-23,11,-21,7,-23,11,-24,11,-22,13,-29,6,-19,10,-27,11,-26,6,-27,4,-23,4,-23,4,-18,2,-22,4,-21,2,-23,-1,-24,0,-20,-1,-21,-1,-16,0,-19,1,-17,0,-17,4,-21,1,-17,-4,-15,-5,-18,-4,-16,-4,-17,-5,0,0,0,0,0,0,0,0,0,0,0,0,0,0,0,0,0,0,0,0,0,0,-38,4,-43,2,-40,-4,-47,-8,-43,-11,-47,-12,-46,-17,-47,-18,-54,-24,-49,-29,-49,-35,-52,-38,-54,-45,-52,-48,-52,-54,-42,-55,-48,-65,-38,-64,-43,-74,-33,-79,-33,-74,-25,-85,-22,-77,-18,-88,-11,-91,-12,-90,-3,-86,-2,-94,6,-81,10,-89,8,-78,15,-86,19,-81,19,-78,22,-80,21,-75,20,-70,24,-71,20,-71,25,-70,30,-69,29,-57,34,-61,30,-59,31,-57,30,-50,27,-50,28,-51,29,-50,27,-47,31,-43,28,-42,30,-47,25,-34,26,-37,26,-36,25,-33,0,0]"
CSI_DATA,197,1a:00:00:00:00:00,-51,11,1,0,1,1,1,0,0,0,1,-96,0,11,2,2774048,0,44,0,384,0,"[0,0,0,0,0,0,0,0,0,0,0,0,4,-3,4,-3,4,-2,4,-2,3,-2,3,-3,3,-3,2,-3,2,-3,2,-3,2,-3,1,-3,1,-3,1,-3,1,-3,0,-4,0,-4,0,-5,0,-4,0,-4,0,-4,0,-5,0,-5,0,-5,0,-5,1,-5,0,0,1,-6,0,-5,1,-5,1,-6,1,-5,1,-5,1,-5,1,-5,2,-5,2,-5,2,-4,2,-4,1,-4,1,-4,2,-3,2,-3,1,-3,2,-3,2,-3,2,-3,2,-3,1,-3,2,-3,2,-3,2,-2,2,-2,0,0,0,0,0,0,0,0,0,0,0,0,0,0,33,-11,29,-12,31,-11,25,-6,25,-9,28,-11,24,-9,22,-6,25,-8,18,-11,15,-12,15,-11,15,-14,11,-14,12,-9,8,-14,10,-18,8,-17,7,-16,0,-14,1,-16,-2,-19,4,-19,6,-16,1,-23,4,-23,1,-21,7,-27,7,-24,4,-29,2,-30,7,-29,5,-25,6,-28,8,-28,6,-27,9,-26,10,-25,10,-24,7,-24,11,-25,14,-22,12,-18,12,-19,13,-16,8,-18,12,-20,11,-19,11,-17,9,-14,10,-16,10,-14,11,-11,10,-11,10,-13,14,-11,12,-11,0,0,0,0,0,0,0,0,0,0,0,0,0,0,0,0,0,0,0,0,0,0,23,-27,29,-30,28,-29,35,-27,37,-24,43,-24,39,-21,49,-21,54,-23,50,-20,58,-14,61,-12,70,-10,70,-3,76,-2,74,7,78,8,75,13,78,17,77,26,78,25,81,32,77,37,72,45,73,48,71,51,67,62,66,56,59,58,60,66,51,63,53,67,50,59,47,64,46,66,39,65,37,63,33,65,30,64,33,67,32,65,28,59,25,62,24,65,24,58,22,51,18,52,21,54,14,50,14,51,13,46,11,47,12,50,10,44,13,43,11,42,12,38,0,0]"
CSI_DATA,198,1a:00:00:00:00:00,-50,11,1,0,1,1,1,0,0,0,1,-96,0,11,2,2783942,0,44,0,384,0,"[0,0,0,0,0,0,0,0,0,0,0,0,2,-5,2,-5,1,-4,1,-4,1,-4,1,-4,1,-4,0,-4,0,-4,-1,-4,0,-3,-1,-3,-1,-3,-2,-3,-1,-3,-1,-3,-2,-3,-2,-3,-2,-3,-3,-3,-3,-3,-3,-4,-2,-4,-3,-4,-3,-4,-2,-4,0,0,-3,-5,-3,-5,-3,-5,-3,-5,-3,-5,-2,-5,-2,-5,-2,-5,-1,-4,-1,-4,-1,-4,-2,-5,-1,-5,-1,-4,-1,-4,-1,-4,-1,-4,-1,-3,-1,-3,-1,-3,-1,-3,-1,-4,-1,-4,0,-3,0,-3,0,-3,0,0,0,0,0,0,0,0,0,0,0,0,0,0,16,-29,12,-34,17,-29,12,-28,10,-27,9,-28,9,-24,9,-21,8,-18,5,-23,1,-20,2,-19,-1,-21,0,-21,-4,-17,-6,-17,-3,-18,-6,-15,-7,-15,-7,-17,-10,-18,-11,-16,-10,-15,-13,-18,-13,-21,-12,-17,-14,-19,-17,-19,-16,-20,-17,-19,-19,-24,-15,-24,-14,-22,-16,-22,-12,-26,-12,-24,-12,-26,-14,-23,-11,-28,-7,-26,-6,-25,-7,-23,-6,-23,-7,-19,-8,-18,-5,-23,-3,-21,-7,-16,-2,-18,-1,-16,-3,-17,-3,-15,-5,-21,0,-18,-3,-19,0,-19,3,-16,0,0,0,0,0,0,0,0,0,0,0,0,0,0,0,0,0,0,0,0,0,0,-2,-38,-2,-39,2,-41,5,-45,10,-44,15,-45,16,-46,23,-49,24,-51,24,-49,34,-54,35,-50,44,-52,49,-51,51,-47,58,-46,61,-49,64,-42,69,-40,74,-37,78,-35,76,-29,80,-25,88,-22,83,-14,84,-14,87,-5,86,-3,86,2,84,0,83,8,82,10,81,10,78,13,79,16,74,20,69,22,71,19,66,20,66,22,62,23,68,24,62,26,62,29,56,29,56,22,53,25,53,24,49,28,49,26,44,26,42,24,45,29,41,23,38,25,38,20,36,21,0,0]"
CSI_DATA,199,1a:00:00:00:00:00,-51,11,1,0,1,1,1,0,0,0,1,-96,0,11,2,2804187,0,44,0,384,0,"[0,0,0,0,0,0,0,0,0,0,0,0,3,-4,3,-4,2,-4,2,-4,2,-3,2,-3,2,-3,1,-4,1,-4,0,-3,0,-4,0,-3,-1,-3,-1,-3,-1,-3,-1,-4,-1,-4,-1,-3,-2,-3,-2,-3,-2,-4,-2,-4,-1,-4,-2,-4,-2,-5,-2,-5,0,0,-1,-5,-2,-5,-2,-5,-1,-5,-1,-5,-1,-5,-1,-5,-1,-5,0,-5,0,-5,0,-4,0,-4,0,-4,0,-4,0,-4,0,-4,0,-4,0,-3,0,-3,0,-3,0,-3,0,-3,0,-3,0,-3,0,-3,0,-3,0,0,0,0,0,0,0,0,0,0,0,0,0,0,31,-20,25,-21,26,-23,24,-22,23,-21,19,-16,17,-19,16,-16,19,-21,15,-14,11,-17,14,-13,9,-19,10,-17,4,-18,6,-18,6,-14,3,-18,0,-14,-2,-17,-3,-16,-3,-19,-4,-19,-2,-22,-4,-15,-2,-22,-4,-24,-3,-22,-2,-22,-3,-26,-3,-26,-2,-29,-3,-26,-2,-26,-3,-29,2,-24,-2,-26,0,-24,0,-24,2,-24,3,-27,7,-25,1,-22,3,-21,4,-18,7,-20,8,-19,2,-20,9,-15,4,-18,5,-18,6,-14,3,-17,6,-13,6,-15,8,-14,9,-15,0,0,0,0,0,0,0,0,0,0,0,0,0,0,0,0,0,0,0,0,0,0,9,-39,10,-37,15,-37,18,-36,24,-42,26,-40,29,-38,31,-40,36,-38,42,-39,48,-38,53,-38,55,-38,64,-37,65,-32,70,-25,75,-23,77,-23,73,-15,80,-10,78,-10,89,-2,84,3,87,7,83,17,85,14,85,25,81,25,77,27,78,32,76,35,73,38,71,40,68,43,66,43,65,46,62,47,61,44,57,48,57,47,55,45,47,47,48,44,48,47,41,43,44,42,40,45,37,42,38,44,32,46,33,44,31,41,29,42,25,35,25,35,26,30,25,28,0,0]"
CSI_DATA,200,1a:00:00:00:00:00,-51,11,1,0,1,1,1,0,0,0,1,-96,0,11,2,2813859,0,44,0,384,0,"[0,0,0,0,0,0,0,0,0,0,0,0,-5,-3,-5,-3,-5,-3,-5,-3,-4,-3,-4,-2,-4,-2,-4,-2,-3,-1,-4,-2,-4,-1,-3,0,-4,-1,-3,-1,-4,0,-3,1,-4,1,-4,1,-4,1,-4,1,-4,1,-4,1,-4,1,-5,1,-5,1,-5,2,0,0,-5,1,-5,1,-5,1,-6,1,-5,0,-5,0,-5,0,-5,0,-5,0,-5,0,-5,-1,-4,-1,-4,-1,-4,-1,-4,0,-4,-1,-4,-1,-4,-1,-4,-1,-4,-1,-3,-1,-3,-1,-3,-1,-3,-1,-3,-2,-3,-2,0,0,0,0,0,0,0,0,0,0,0,0,0,0,-15,-12,-15,-10,-15,-9,-14,-8,-12,-9,-12,-8,-14,-9,-11,-6,-10,-5,-10,-4,-9,-6,-9,-3,-10,-4,-9,-2,-9,-4,-8,-1,-11,-1,-8,2,-9,0,-8,3,-8,3,-9,2,-11,4,-10,6,-12,4,-11,5,-11,4,-11,7,-11,5,-10,5,-14,5,-12,7,-13,5,-14,4,-12,4,-15,3,-13,3,-13,2,-15,0,-12,-1,-13,1,-12,0,-13,1,-10,0,-11,-1,-10,0,-10,1,-10,-3,-8,-2,-7,-1,-8,0,-7,-1,-10,-1,-9,-3,-9,-3,-9,-2,-7,-3,0,0,0,0,0,0,0,0,0,0,0,0,0,0,0,0,0,0,0,0,0,0,-19,2,-18,1,-20,2,-23,-1,-22,-1,-24,-5,-23,-6,-26,-7,-27,-10,-26,-12,-27,-13,-29,-15,-29,-19,-29,-20,-27,-23,-26,-27,-26,-29,-24,-31,-23,-33,-22,-36,-20,-37,-19,-39,-15,-42,-14,-43,-10,-44,-9,-44,-5,-43,-5,-43,-1,-45,-1,-45,2,-44,2,-42,5,-41,5,-39,6,-41,8,-39,7,-38,8,-37,11,-35,11,-35,13,-33,10,-32,12,-33,14,-32,13,-27,14,-30,13,-27,13,-27,14,-26,13,-25,13,-24,11,-23,13,-22,11,-20,13,-21,12,-18,13,-19,0,0]"
CSI_DATA,201,1a:00:00:00:00:00,-51,11,1,0,1,1,1,0,0,0,1,-96,0,11,2,2824482,0,44,0,384,0,"[0,0,0,0,0,0,0,0,0,0,0,0,2,4,1,4,2,4,2,3,2,3,1,2,1,2,1,2,2,2,2,1,2,1,1,1,2,1,3,1,2,1,2,0,2,0,3,0,3,0,3,0,3,0,3,0,3,0,4,0,4,0,3,0,0,0,4,0,4,1,4,1,4,0,4,1,4,1,4,2,3,2,3,1,3,1,3,1,3,2,2,2,2,2,2,1,3,1,2,2,2,1,2,1,2,1,2,1,2,1,2,2,1,2,2,1,1,2,0,0,0,0,0,0,0,0,0,0,0,0,0,0,4,18,3,18,3,15,3,16,3,15,2,14,2,13,4,10,3,12,2,11,3,9,3,8,5,6,2,5,3,7,5,4,4,4,7,4,5,2,7,4,7,4,8,3,7,2,8,2,10,4,9,3,10,5,10,1,9,0,11,4,9,4,12,4,11,4,9,6,11,6,11,6,10,8,9,8,10,6,8,8,10,6,7,6,8,6,8,5,7,8,6,5,5,7,7,6,6,6,5,5,6,6,6,6,5,5,3,6,3,5,3,7,3,7,0,0,0,0,0,0,0,0,0,0,0,0,0,0,0,0,0,0,0,0,0,0,16,8,17,10,17,11,15,14,14,16,13,17,13,19,12,21,14,22,12,25,11,26,9,30,8,32,8,34,4,35,1,35,1,39,-3,39,-5,40,-9,39,-10,39,-15,39,-15,39,-17,38,-22,37,-24,37,-26,35,-28,33,-29,31,-30,29,-29,27,-32,28,-31,23,-33,23,-34,24,-33,19,-33,20,-32,19,-33,19,-32,19,-31,14,-31,17,-33,15,-32,14,-28,10,-31,11,-30,10,-30,7,-28,7,-26,7,-26,6,-25,7,-25,7,-22,4,-23,4,-22,5,-23,2,0,0]"
CSI_DATA,202,1a:00:00:00:00:00,-52,11,1,0,1,1,1,0,0,0,1,-96,0,11,2,2833968,0,44,0,384,0,"[0,0,0,0,0,0,0,0,0,0,0,0,5,-2,5,-2,4,-2,4,-2,4,-2,3,-2,3,-2,3,-2,2,-2,2,-2,2,-2,2,-3,1,-2,1,-2,1,-3,1,-3,1,-4,1,-4,1,-3,0,-3,1,-3,0,-4,1,-4,0,-4,1,-4,1,-5,0,0,1,-5,1,-4,1,-5,2,-5,1,-4,1,-4,1,-4,1,-4,2,-4,2,-4,2,-4,2,-3,1,-3,2,-3,2,-3,2,-3,2,-3,2,-3,2,-3,2,-3,2,-2,2,-3,2,-2,2,-2,2,-2,2,-2,0,0,0,0,0,0,0,0,0,0,0,0,0,0,17,-10,16,-9,15,-10,14,-10,13,-7,13,-7,11,-7,11,-7,11,-6,8,-5,8,-5,8,-6,5,-7,6,-6,3,-5,4,-7,6,-7,3,-5,4,-7,2,-9,0,-8,-2,-8,2,-10,1,-10,0,-10,0,-11,1,-10,0,-9,1,-13,0,-13,-2,-13,0,-12,3,-13,3,-13,2,-13,4,-11,4,-12,3,-12,4,-10,4,-12,4,-9,3,-11,4,-7,4,-9,4,-10,4,-10,7,-9,4,-9,3,-9,4,-8,4,-8,4,-8,6,-8,2,-6,6,-7,5,-7,6,-7,0,0,0,0,0,0,0,0,0,0,0,0,0,0,0,0,0,0,0,0,0,0,-1,-17,1,-19,3,-20,4,-21,7,-22,7,-21,12,-21,13,-22,15,-22,16,-22,20,-22,22,-22,23,-22,26,-23,30,-19,31,-18,36,-17,36,-16,39,-14,42,-9,42,-7,43,-6,44,-3,45,-2,46,4,42,4,42,8,44,12,40,12,43,14,38,15,40,19,38,19,36,20,34,23,33,22,30,21,33,23,31,22,30,23,27,24,25,23,25,25,24,24,22,25,20,25,20,23,19,23,20,23,17,22,15,21,15,22,14,23,12,21,13,21,12,20,13,20,0,0]"
CSI_DATA,203,1a:00:00:00:00:00,-52,11,1,0,1,1,1,0,0,0,1,-96,0,11,2,2845365,0,44,0,384,0,"[0,0,0,0,0,0,0,0,0,0,0,0,-6,-2,-5,-2,-6,-2,-5,-2,-5,-2,-4,-2,-4,-1,-4,-1,-4,-1,-4,-1,-3,0,-3,0,-3,-1,-3,-1,-3,0,-3,1,-3,1,-2,1,-3,1,-3,1,-3,1,-3,1,-3,2,-3,1,-3,1,-4,2,0,0,-4,2,-4,1,-4,1,-4,2,-4,1,-4,1,-4,1,-3,0,-4,1,-4,1,-4,1,-3,0,-3,0,-3,0,-3,0,-3,0,-3,0,-3,0,-3,0,-3,0,-3,0,-3,0,-3,0,-3,0,-3,0,-3,-1,0,0,0,0,0,0,0,0,0,0,0,0,0,0,-37,-17,-37,-15,-38,-16,-31,-14,-29,-16,-28,-16,-27,-15,-28,-13,-24,-11,-19,-9,-22,-10,-18,-10,-15,-7,-19,-4,-18,-4,-18,-2,-15,-1,-19,3,-14,1,-13,3,-12,4,-15,6,-14,10,-17,12,-18,7,-17,13,-15,11,-18,5,-19,12,-18,12,-19,11,-15,11,-20,13,-25,10,-18,12,-22,10,-20,9,-23,4,-19,9,-22,9,-21,6,-19,0,-22,4,-21,2,-16,1,-20,4,-19,1,-19,-2,-15,3,-21,3,-13,4,-20,2,-16,1,-17,1,-19,-2,-17,-2,-15,-2,0,0,0,0,0,0,0,0,0,0,0,0,0,0,0,0,0,0,0,0,0,0,-27,27,-30,19,-36,19,-39,21,-41,19,-43,13,-48,14,-51,9,-56,11,-61,2,-62,2,-66,-3,-66,-8,-70,-16,-71,-17,-71,-25,-73,-29,-73,-36,-72,-39,-73,-50,-69,-56,-68,-59,-63,-62,-60,-67,-52,-74,-54,-76,-47,-77,-45,-80,-39,-81,-38,-86,-28,-81,-23,-86,-23,-83,-18,-81,-18,-85,-16,-81,-9,-78,-9,-78,-4,-79,-3,-79,1,-76,1,-74,5,-74,5,-75,4,-67,0,-70,8,-66,11,-61,7,-59,13,-62,14,-55,19,-56,18,-57,16,-49,11,-49,17,-43,19,-44,0,0]"
CSI_DATA,204,1a:00:00:00:00:00,-53,11,1,0,1,1,1,0,0,0,1,-96,0,11,2,2853840,0,44,0,384,0,"[0,0,0,0,0,0,0,0,0,0,0,0,4,3,3,3,4,3,3,3,3,3,2,2,2,2,2,2,2,1,2,2,2,1,2,1,2,1,2,0,2,0,2,0,2,-1,2,-1,2,-1,2,-1,3,-1,3,-1,2,-2,3,-1,3,-1,3,-1,0,0,3,-2,3,-1,3,-1,3,-1,3,0,3,0,3,0,3,0,3,-1,3,0,3,0,2,0,2,0,2,0,3,0,2,0,2,0,3,0,2,0,2,0,2,0,2,0,2,0,2,0,2,1,2,1,0,0,0,0,0,0,0,0,0,0,0,0,0,0,26,26,27,27,25,29,24,29,23,24,24,24,23,22,17,23,15,19,12,16,14,19,15,14,14,11,14,7,10,5,14,8,13,9,11,3,11,2,11,4,15,-2,12,0,10,-4,16,-1,17,-1,14,-3,14,-1,18,-5,21,-2,20,-4,18,-4,19,-4,22,-3,22,2,19,-1,20,5,22,2,20,2,20,1,17,2,12,2,14,2,20,7,16,5,15,4,14,1,15,1,17,3,10,2,16,2,15,3,14,2,15,4,15,6,11,5,10,6,15,5,0,0,0,0,0,0,0,0,0,0,0,0,0,0,0,0,0,0,0,0,0,0,33,-15,38,-14,36,-10,39,-6,42,-4,46,-4,43,0,49,2,55,10,56,15,54,19,56,25,61,30,60,34,56,39,54,44,60,44,54,56,53,57,50,66,44,70,41,76,33,76,34,81,27,88,22,89,13,85,9,91,6,86,6,85,-1,83,-4,82,-10,84,-12,79,-14,81,-15,79,-20,74,-21,74,-20,71,-23,74,-29,66,-25,71,-23,63,-32,68,-31,58,-34,52,-33,55,-32,49,-34,55,-33,51,-35,43,-31,46,-32,40,-35,37,-35,41,-26,36,-35,36,0,0]"
CSI_DATA,205,1a:00:00:00:00:00,-53,11,1,0,1,1,1,0,0,0,1,-96,0,11,2,2863843,0,44,0,384,0,"[0,0,0,0,0,0,0,0,0,0,0,0,-6,-1,-7,-1,-6,-1,-5,-2,-5,-2,-5,-1,-4,-1,-4,-1,-4,-1,-4,-1,-3,0,-3,0,-3,0,-3,0,-3,0,-3,1,-3,1,-2,1,-3,0,-2,1,-3,1,-2,1,-2,2,-3,1,-3,1,-3,2,0,0,-3,2,-3,1,-3,1,-3,2,-3,1,-3,1,-3,1,-3,1,-3,1,-3,1,-3,1,-3,1,-2,0,-2,1,-3,1,-3,0,-3,0,-3,0,-3,1,-3,0,-3,0,-3,0,-3,0,-3,0,-3,0,-3,0,0,0,0,0,0,0,0,0,0,0,0,0,0,0,-20,-6,-21,-5,-22,-3,-18,-4,-17,-4,-18,-3,-17,-4,-14,-5,-12,-2,-10,-3,-11,-3,-10,-3,-11,-4,-10,-3,-8,-1,-8,0,-8,-1,-8,0,-7,-1,-6,2,-5,3,-5,4,-6,4,-5,3,-6,3,-8,4,-5,5,-7,3,-6,4,-7,5,-6,7,-6,5,-9,4,-8,7,-8,6,-8,5,-11,5,-8,3,-7,4,-8,3,-6,4,-8,4,-7,3,-7,2,-7,1,-5,3,-6,2,-7,1,-5,3,-8,4,-6,2,-8,3,-7,1,-7,2,-7,2,-7,1,-8,-1,0,0,0,0,0,0,0,0,0,0,0,0,0,0,0,0,0,0,0,0,0,0,-7,16,-9,16,-12,15,-14,17,-15,15,-18,16,-18,14,-21,15,-22,14,-24,14,-26,13,-29,10,-32,12,-33,9,-34,6,-36,3,-39,2,-39,-1,-41,-3,-40,-8,-41,-10,-42,-12,-41,-17,-43,-19,-40,-22,-37,-23,-36,-26,-34,-28,-33,-31,-32,-30,-29,-31,-27,-36,-25,-34,-24,-34,-22,-36,-20,-35,-20,-33,-19,-34,-17,-36,-14,-35,-13,-36,-14,-34,-13,-36,-10,-35,-9,-34,-8,-33,-5,-33,-4,-30,-1,-31,-4,-30,-5,-29,-2,-26,-3,-29,0,-26,-2,-26,-3,-28,-1,-27,0,0]"
CSI_DATA,206,1a:00:00:00:00:00,-53,11,1,0,1,1,1,0,0,0,1,-96,0,11,2,2873957,0,44,0,384,0,"[0,0,0,0,0,0,0,0,0,0,0,0,-7,-1,-6,-1,-6,-2,-5,-1,-5,-2,-5,-1,-5,-1,-4,-1,-4,-1,-3,-1,-3,0,-3,0,-3,-1,-3,0,-2,0,-2,1,-2,1,-2,1,-2,0,-2,1,-2,1,-2,1,-2,2,-2,1,-2,1,-2,2,0,0,-2,2,-2,1,-2,2,-3,2,-2,1,-2,1,-2,1,-2,1,-2,1,-3,1,-2,1,-2,1,-2,1,-2,1,-2,1,-2,1,-2,1,-2,1,-2,1,-2,1,-2,1,-2,1,-2,1,-2,1,-3,1,-3,1,0,0,0,0,0,0,0,0,0,0,0,0,0,0,-46,-8,-42,-3,-43,-5,-37,-6,-39,-5,-35,-10,-34,-11,-31,-6,-28,-8,-25,-7,-24,-8,-23,-7,-17,-3,-18,-4,-16,-3,-19,-1,-20,1,-16,-2,-16,0,-11,6,-11,3,-11,5,-11,6,-12,5,-11,7,-10,11,-10,8,-11,11,-9,11,-7,13,-8,12,-10,15,-8,12,-11,13,-12,12,-12,11,-11,12,-10,12,-13,11,-13,13,-7,10,-9,11,-12,13,-13,8,-7,6,-9,9,-9,9,-9,6,-10,8,-9,8,-8,9,-11,10,-9,7,-11,10,-10,11,-13,10,-13,8,0,0,0,0,0,0,0,0,0,0,0,0,0,0,0,0,0,0,0,0,0,0,-21,29,-27,26,-30,26,-34,24,-40,23,-40,24,-43,19,-48,18,-54,15,-53,13,-58,10,-63,6,-64,2,-70,-2,-74,-4,-73,-9,-76,-15,-76,-20,-78,-29,-76,-31,-76,-40,-75,-42,-75,-49,-77,-52,-71,-64,-66,-64,-62,-63,-58,-70,-54,-71,-55,-74,-50,-74,-45,-81,-38,-82,-37,-77,-35,-82,-34,-76,-32,-72,-28,-76,-27,-75,-21,-74,-21,-76,-20,-69,-15,-72,-15,-69,-13,-71,-8,-66,-7,-63,-8,-65,-5,-65,-5,-65,-3,-61,-6,-61,0,-61,0,-50,0,-59,0,-56,5,-52,0,0]"
CSI_DATA,207,1a:00:00:00:00:00,-53,11,1,0,1,1,1,0,0,0,1,-96,0,11,2,2903838,0,44,0,384,0,"[0,0,0,0,0,0,0,0,0,0,0,0,5,2,5,2,5,3,4,2,4,2,4,1,3,2,3,1,3,1,3,2,2,1,2,1,2,1,2,1,2,0,2,0,1,-1,1,-1,1,0,1,-1,1,-1,1,-1,1,-2,2,-1,1,-1,1,-1,0,0,1,-2,1,-1,2,-1,1,-2,1,-1,1,-1,1,-1,1,-1,1,-2,2,-1,1,-1,1,-1,1,-1,0,-1,1,-2,1,-2,1,-2,1,-2,1,-2,1,-1,1,-2,1,-2,1,-2,1,-2,2,-1,2,-1,0,0,0,0,0,0,0,0,0,0,0,0,0,0,42,18,40,16,40,13,37,16,34,19,35,17,32,13,32,16,23,16,22,14,19,12,24,11,15,12,21,9,16,9,16,6,17,7,13,4,15,2,11,3,8,3,11,-1,8,-2,9,-1,9,-3,11,-5,7,-2,11,-7,11,-5,14,-7,9,-10,8,-9,14,-11,13,-9,11,-6,14,-8,10,-2,12,-5,13,-6,9,-8,8,-7,9,-5,8,-6,6,-5,5,-3,6,-6,7,-8,8,-4,5,-7,9,-4,7,-9,9,-12,11,-6,6,-9,11,-8,14,-4,13,-7,0,0,0,0,0,0,0,0,0,0,0,0,0,0,0,0,0,0,0,0,0,0,27,-20,33,-19,34,-20,40,-15,40,-12,47,-15,45,-10,50,-3,52,-8,57,-5,59,2,63,4,63,6,68,13,64,20,67,27,69,28,68,37,68,41,65,50,59,54,61,59,61,62,61,65,54,72,57,72,45,73,41,75,39,78,38,80,29,77,28,81,22,83,16,81,14,80,9,77,13,80,11,77,11,74,9,77,2,75,4,76,-1,75,-3,73,-7,69,-12,71,-13,63,-7,70,-9,65,-11,63,-9,60,-13,55,-16,58,-15,57,-13,57,-14,53,-16,50,0,0]"
CSI_DATA,208,1a:00:00:00:00:00,-54,11,1,0,1,1,1,0,0,0,1,-96,0,11,2,2918269,0,44,0,384,0,"[0,0,0,0,0,0,0,0,0,0,0,0,-1,7,-1,6,-1,6,-1,6,-1,5,-2,5,-1,5,-2,4,-1,4,-1,3,-1,3,-1,3,-1,3,0,2,0,2,-1,2,0,2,0,1,1,1,1,1,1,1,1,1,1,1,1,1,1,1,1,1,0,0,1,1,2,1,1,1,1,1,1,2,1,1,1,1,1,1,1,0,1,1,1,0,1,1,1,1,1,1,1,0,1,1,1,1,1,0,1,0,2,0,1,1,1,1,1,1,1,1,1,1,1,1,0,0,0,0,0,0,0,0,0,0,0,0,0,0,-6,22,-7,21,-6,21,-7,19,-6,19,-7,17,-8,14,-8,13,-8,15,-6,15,-6,12,-4,12,-6,10,-2,11,-5,8,-4,8,-2,7,-2,7,-2,6,-2,6,-2,6,-2,4,1,5,1,4,2,3,2,5,2,4,3,5,5,3,2,4,2,5,3,5,3,4,4,5,4,3,4,5,4,5,4,4,4,4,4,3,2,3,3,3,3,4,3,4,3,3,3,2,4,2,3,3,3,3,4,2,4,3,5,3,3,4,3,3,3,4,2,5,2,5,0,0,0,0,0,0,0,0,0,0,0,0,0,0,0,0,0,0,0,0,0,0,11,11,12,13,11,15,10,18,10,17,9,20,7,21,7,22,6,27,6,26,5,28,5,30,3,31,-2,34,-3,34,-9,32,-9,35,-10,34,-15,38,-17,38,-17,35,-25,37,-24,31,-27,33,-30,33,-31,30,-35,28,-34,28,-34,23,-37,24,-37,20,-38,20,-37,17,-37,18,-38,16,-38,14,-36,12,-36,11,-36,11,-38,10,-38,10,-37,6,-38,5,-34,7,-36,3,-36,3,-34,2,-34,1,-34,-1,-31,-1,-31,0,-32,-1,-31,-2,-29,-3,-27,-2,-27,-5,-27,-4,0,0]"
CSI_DATA,209,1a:00:00:00:00:00,-54,11,1,0,1,1,1,0,0,0,1,-96,0,11,2,2923813,0,44,0,384,0,"[0,0,0,0,0,0,0,0,0,0,0,0,-1,-8,-1,-8,-2,-7,-1,-7,-1,-6,0,-6,0,-6,0,-5,-1,-5,-1,-4,0,-4,0,-4,-1,-4,-1,-3,-1,-3,-1,-3,-1,-2,-1,-2,-1,-2,-2,-2,-2,-2,-2,-2,-2,-2,-2,-2,-2,-2,-2,-1,0,0,-3,-1,-3,-2,-2,-2,-2,-2,-3,-2,-3,-2,-2,-2,-2,-2,-2,-2,-2,-1,-2,-2,-2,-2,-2,-2,-2,-2,-2,-1,-2,-1,-2,-2,-2,-1,-3,-1,-2,-2,-3,-2,-2,-2,-2,-2,-2,-2,-2,-2,-2,-2,0,0,0,0,0,0,0,0,0,0,0,0,0,0,-2,-23,-3,-21,-3,-22,-3,-23,0,-21,-1,-20,0,-18,1,-17,2,-15,0,-14,-1,-16,1,-14,1,-13,0,-12,0,-11,0,-9,-2,-8,-1,-8,-1,-7,-1,-7,-3,-6,-3,-6,-2,-5,-2,-4,-6,-3,-5,-4,-3,-3,-4,-3,-3,-4,-4,-4,-6,-6,-4,-4,-6,-3,-6,-4,-4,-5,-7,-4,-5,-4,-5,-3,-5,-3,-5,-3,-4,-3,-6,-3,-4,-5,-6,-4,-4,-4,-3,-4,-5,-2,-5,-2,-4,-4,-6,-4,-4,-4,-4,-3,-5,-3,-6,-4,-5,-4,-4,-6,-4,-5,0,0,0,0,0,0,0,0,0,0,0,0,0,0,0,0,0,0,0,0,0,0,-18,0,-18,-3,-21,-5,-20,-7,-20,-8,-20,-10,-19,-12,-19,-13,-22,-16,-23,-17,-23,-21,-21,-23,-21,-25,-20,-30,-17,-30,-13,-31,-14,-35,-12,-37,-9,-38,-7,-38,-6,-40,-3,-44,0,-44,2,-43,6,-42,7,-43,10,-41,13,-41,16,-39,18,-39,19,-35,20,-36,20,-35,25,-33,24,-34,24,-30,24,-31,25,-29,26,-25,27,-28,28,-27,28,-26,29,-22,30,-22,28,-19,27,-21,28,-18,28,-18,29,-17,27,-15,27,-14,27,-12,25,-10,25,-10,28,-9,27,-7,24,-8,0,0]"
CSI_DATA,210,1a:00:00:00:00:00,-53,11,1,0,1,1,1,0,0,0,1,-96,0,11,2,2943859,0,44,0,384,0,"[0,0,0,0,0,0,0,0,0,0,0,0,-2,-7,-2,-7,-2,-7,-2,-6,-1,-6,-1,-5,-1,-5,-1,-5,-1,-4,-1,-4,-1,-4,-1,-4,-1,-3,-1,-3,-1,-3,-1,-2,-1,-2,-1,-2,-1,-2,-2,-2,-2,-2,-2,-2,-2,-1,-2,-2,-2,-2,-2,-1,0,0,-2,-1,-2,-2,-2,-2,-2,-1,-2,-2,-2,-2,-2,-2,-2,-2,-2,-2,-2,-1,-2,-1,-2,-2,-2,-1,-2,-2,-2,-1,-2,-1,-2,-1,-2,-1,-2,-1,-2,-2,-2,-2,-2,-2,-2,-2,-2,-2,-2,-3,-2,-3,0,0,0,0,0,0,0,0,0,0,0,0,0,0,-27,-44,-21,-43,-19,-40,-20,-37,-16,-40,-12,-32,-13,-36,-8,-28,-5,-35,-9,-27,-8,-27,-6,-29,-7,-25,-5,-21,-5,-19,-7,-24,-7,-17,-7,-13,-6,-9,-5,-15,-4,-12,-9,-13,-9,-7,-6,-6,-5,-7,-7,-4,-11,-4,-14,-4,-13,-4,-11,-6,-10,-6,-7,-5,-15,-4,-11,-3,-14,-6,-13,-5,-13,-4,-10,-1,-13,-6,-11,-6,-11,-9,-11,-8,-12,-6,-9,-1,-11,-4,-9,-5,-11,-6,-9,-5,-9,-2,-9,-6,-10,-5,-11,-1,-14,-6,-12,-4,-8,-6,-6,-5,-10,-9,0,0,0,0,0,0,0,0,0,0,0,0,0,0,0,0,0,0,0,0,0,0,-36,14,-38,7,-45,6,-40,0,-46,0,-45,-5,-47,-5,-51,-10,-54,-15,-56,-21,-53,-27,-53,-33,-55,-34,-54,-40,-51,-43,-52,-48,-52,-53,-52,-64,-40,-65,-38,-67,-34,-72,-35,-77,-25,-85,-25,-84,-22,-83,-13,-84,-5,-85,-4,-84,1,-89,1,-83,11,-88,13,-78,18,-81,18,-78,22,-81,24,-78,28,-78,26,-72,30,-69,31,-69,35,-64,37,-67,37,-60,42,-63,36,-53,45,-54,44,-51,40,-50,41,-51,48,-47,42,-43,44,-40,43,-38,45,-39,41,-34,39,-29,46,-33,0,0]"
CSI_DATA,211,1a:00:00:00:00:00,-52,11,1,0,1,1,1,0,0,0,1,-96,0,11,2,2978001,0,44,0,384,0,"[0,0,0,0,0,0,0,0,0,0,0,0,3,6,3,6,3,6,2,6,2,5,2,5,2,4,1,4,1,4,1,4,1,3,1,3,1,3,1,3,1,2,1,2,1,1,1,1,1,1,1,1,1,1,1,1,1,0,2,1,2,1,2,0,0,0,2,0,2,1,2,1,2,0,2,1,1,1,1,1,1,1,2,1,2,0,1,1,1,1,1,1,1,1,1,0,1,0,1,0,1,0,1,0,1,0,1,0,1,0,1,1,1,0,1,1,1,1,0,0,0,0,0,0,0,0,0,0,0,0,0,0,13,20,12,20,12,19,10,18,9,19,7,17,5,16,7,16,6,14,6,14,5,12,2,10,5,11,4,10,3,10,2,9,4,8,4,7,4,8,4,6,4,6,3,5,4,3,5,4,4,4,7,2,4,3,5,3,6,2,6,2,6,2,7,2,5,0,8,3,5,1,6,3,6,3,6,4,7,2,4,2,4,2,3,4,4,4,3,2,5,3,3,2,2,2,6,3,4,1,4,0,4,1,5,-1,5,3,5,4,4,2,4,3,5,4,0,0,0,0,0,0,0,0,0,0,0,0,0,0,0,0,0,0,0,0,0,0,18,-8,22,-5,21,-2,23,-3,21,0,26,3,24,4,26,7,26,7,26,9,27,13,26,15,27,18,27,21,27,23,24,24,27,29,23,30,23,33,20,34,16,37,15,38,13,39,12,42,8,44,6,42,3,42,2,45,-1,42,-2,45,-4,40,-7,44,-7,40,-11,41,-12,39,-12,38,-12,35,-16,35,-15,35,-16,34,-17,33,-16,33,-19,34,-16,30,-19,29,-17,29,-22,28,-21,26,-18,27,-21,23,-23,23,-23,21,-22,21,-21,18,-20,19,-21,20,-21,16,0,0]"
CSI_DATA,212,1a:00:00:00:00:00,-52,11,1,0,1,1,1,0,0,0,1,-96,0,11,2,2993845,0,44,0,384,0,"[0,0,0,0,0,0,0,0,0,0,0,0,-7,-3,-7,-3,-7,-3,-6,-4,-6,-4,-5,-3,-5,-3,-5,-3,-5,-3,-5,-3,-4,-2,-4,-2,-4,-2,-4,-2,-3,-2,-3,-1,-3,-1,-3,-1,-3,-1,-3,-1,-2,-1,-3,-1,-2,0,-2,0,-3,0,-3,1,0,0,-3,1,-3,0,-2,0,-3,1,-3,0,-2,0,-2,0,-3,0,-3,1,-3,0,-3,1,-2,0,-2,0,-2,0,-2,0,-2,0,-2,0,-2,0,-2,0,-2,0,-2,0,-2,0,-2,0,-2,0,-2,0,-2,0,0,0,0,0,0,0,0,0,0,0,0,0,0,0,-50,-18,-45,-17,-40,-18,-38,-16,-37,-20,-38,-21,-34,-17,-33,-19,-34,-14,-29,-16,-24,-16,-23,-15,-25,-14,-26,-11,-20,-15,-19,-8,-22,-10,-17,-10,-18,-6,-15,-4,-14,-7,-15,-5,-15,-2,-14,0,-14,0,-14,-2,-12,0,-14,3,-10,3,-12,1,-8,0,-10,6,-13,6,-15,6,-13,6,-12,3,-12,4,-14,3,-13,5,-11,3,-12,3,-13,6,-13,3,-10,1,-10,0,-13,2,-11,4,-9,0,-6,4,-9,5,-10,1,-9,4,-11,3,-14,4,-10,5,-12,1,-11,1,0,0,0,0,0,0,0,0,0,0,0,0,0,0,0,0,0,0,0,0,0,0,-32,24,-35,22,-41,19,-44,15,-49,14,-48,9,-47,7,-54,8,-57,-3,-58,-1,-63,-5,-61,-10,-68,-11,-69,-20,-64,-26,-69,-30,-68,-34,-69,-36,-65,-41,-65,-52,-66,-51,-62,-61,-61,-59,-56,-68,-52,-68,-48,-71,-45,-75,-40,-75,-34,-82,-32,-78,-31,-77,-30,-81,-26,-79,-22,-75,-21,-81,-17,-80,-18,-77,-12,-75,-11,-74,-11,-77,-9,-76,-6,-73,0,-71,-5,-79,-3,-67,0,-72,4,-68,1,-66,3,-67,9,-66,9,-65,10,-61,10,-61,16,-57,14,-61,14,-60,13,-54,0,0]"
CSI_DATA,213,1a:00:00:00:00:00,-52,11,1,0,1,1,1,0,0,0,1,-96,0,11,2,3003864,0,44,0,384,0,"[0,0,0,0,0,0,0,0,0,0,0,0,6,2,6,2,6,2,6,2,4,2,5,2,4,1,4,1,4,2,3,1,3,1,3,1,3,1,2,1,2,1,2,0,2,0,2,0,2,0,1,0,2,0,2,0,2,-1,2,-1,1,-1,2,-2,0,0,2,-2,1,-1,2,-1,2,-2,2,-1,1,-1,1,-1,1,-1,2,-1,2,-1,2,-1,1,-1,1,-1,1,-1,1,-1,1,-1,1,-1,1,-1,1,-1,1,-1,1,-1,1,-1,1,-1,1,-1,1,-1,1,-1,0,0,0,0,0,0,0,0,0,0,0,0,0,0,47,18,44,20,41,17,36,18,39,23,31,21,33,20,28,17,28,17,24,18,22,14,22,18,20,14,20,13,16,10,18,12,17,12,15,10,14,9,14,7,12,3,10,3,15,0,11,0,11,1,12,0,10,-4,9,-2,14,-4,15,-5,11,-3,12,-7,13,-3,9,-7,13,-5,14,-3,16,-3,13,0,13,-2,13,-2,12,-3,9,-4,13,0,10,-2,9,-2,8,-4,10,-2,9,-2,9,-2,10,-3,9,-2,7,-4,9,0,9,-1,8,0,10,0,12,-2,0,0,0,0,0,0,0,0,0,0,0,0,0,0,0,0,0,0,0,0,0,0,29,-25,36,-20,40,-21,41,-19,42,-14,48,-9,47,-7,51,-3,51,-1,56,0,58,3,62,8,62,14,64,16,67,24,62,26,66,31,63,37,66,42,62,48,60,52,58,56,56,59,52,67,48,70,43,69,43,75,39,76,38,71,32,79,26,73,25,80,20,79,20,77,15,77,12,77,10,73,11,73,5,73,6,76,3,74,3,69,-1,72,1,75,-4,69,-8,67,-8,64,-4,66,-10,62,-11,59,-14,60,-12,57,-12,57,-18,54,-14,56,-18,54,-16,51,0,0]"
CSI_DATA,214,1a:00:00:00:00:00,-52,11,1,0,1,1,1,0,0,0,1,-96,0,11,2,3014732,0,44,0,384,0,"[0,0,0,0,0,0,0,0,0,0,0,0,6,-5,5,-4,5,-3,5,-3,5,-3,5,-3,4,-3,4,-3,4,-3,3,-2,3,-3,3,-2,2,-2,2,-2,2,-2,2,-2,2,-2,1,-2,0,-2,1,-2,1,-2,0,-2,1,-2,0,-3,0,-3,1,-3,0,0,1,-3,0,-3,0,-3,1,-3,0,-3,0,-3,0,-3,0,-3,1,-3,1,-2,1,-2,0,-2,0,-2,0,-2,0,-2,0,-2,0,-2,0,-2,0,-2,0,-2,0,-2,0,-2,0,-2,0,-2,0,-2,0,-2,0,0,0,0,0,0,0,0,0,0,0,0,0,0,45,-31,41,-26,38,-25,34,-23,33,-26,33,-21,34,-21,31,-13,28,-17,27,-16,27,-14,24,-16,23,-12,24,-15,20,-14,21,-10,20,-11,14,-8,13,-12,14,-12,10,-13,8,-11,8,-13,7,-10,7,-11,2,-10,3,-11,5,-10,3,-11,3,-15,-1,-16,2,-15,1,-13,3,-16,4,-17,4,-14,5,-13,4,-14,4,-13,3,-15,4,-18,4,-10,3,-11,2,-10,3,-8,1,-13,3,-12,1,-8,0,-13,1,-9,1,-9,3,-12,-1,-8,-1,-7,-2,-10,2,-12,-1,-11,0,0,0,0,0,0,0,0,0,0,0,0,0,0,0,0,0,0,0,0,0,0,12,-39,15,-39,20,-38,23,-38,27,-37,29,-37,33,-35,36,-36,41,-36,44,-37,50,-33,52,-34,59,-28,60,-30,60,-31,68,-25,68,-20,79,-16,76,-16,79,-5,81,-5,87,-2,82,4,83,5,85,14,85,15,87,21,85,23,81,28,79,31,75,31,76,36,74,39,69,45,71,41,67,43,68,40,66,41,61,43,66,40,61,44,60,44,57,43,56,44,51,41,54,45,45,45,45,42,48,47,41,42,43,44,45,46,38,45,39,45,37,43,30,44,37,47,0,0]"
CSI_DATA,215,1a:00:00:00:00:00,-51,11,1,0,1,1,1,0,0,0,1,-96,0,11,2,3024762,0,44,0,384,0,"[0,0,0,0,0,0,0,0,0,0,0,0,-7,3,-7,3,-6,2,-6,2,-6,2,-6,2,-5,1,-5,2,-5,1,-4,1,-4,1,-4,1,-3,1,-3,1,-3,1,-3,1,-3,1,-3,1,-2,1,-2,1,-2,1,-2,1,-2,2,-1,2,-1,2,-2,2,0,0,-2,2,-1,2,-1,2,-2,2,-1,2,-1,2,-2,2,-1,2,-2,2,-2,1,-2,1,-1,1,-1,1,-1,1,-2,1,-2,1,-1,1,-1,1,-1,1,-1,0,-1,1,-1,1,-1,1,-1,1,-1,1,-1,1,0,0,0,0,0,0,0,0,0,0,0,0,0,0,-44,23,-44,22,-46,20,-40,19,-40,16,-40,14,-37,13,-36,15,-36,11,-28,14,-30,10,-28,11,-25,7,-26,5,-21,9,-19,11,-23,11,-18,6,-18,5,-15,9,-12,9,-11,8,-9,5,-9,6,-9,9,-9,9,-8,14,-10,11,-10,11,-8,13,-7,12,-7,14,-7,11,-5,11,-7,18,-8,13,-10,11,-11,9,-7,11,-7,11,-10,11,-8,11,-7,8,-9,6,-6,7,-7,4,-7,7,-4,6,-5,6,-6,8,-3,8,-4,8,-1,8,-6,9,-3,7,-5,7,-6,9,0,0,0,0,0,0,0,0,0,0,0,0,0,0,0,0,0,0,0,0,0,0,-6,38,-9,38,-16,41,-22,38,-26,40,-25,37,-28,39,-31,39,-39,36,-44,36,-46,37,-50,38,-56,35,-60,36,-60,32,-64,30,-68,26,-75,22,-72,17,-77,11,-79,11,-82,6,-85,1,-87,-4,-81,-13,-86,-15,-83,-20,-83,-23,-82,-27,-83,-27,-73,-32,-78,-35,-74,-40,-72,-42,-71,-39,-68,-42,-66,-43,-65,-45,-61,-48,-61,-44,-55,-48,-56,-47,-55,-50,-57,-50,-50,-45,-49,-51,-46,-47,-45,-48,-45,-49,-42,-49,-40,-46,-38,-47,-41,-50,-34,-46,-34,-51,-33,-52,-31,-50,0,0]"
CSI_DATA,216,1a:00:00:00:00:00,-51,11,1,0,1,1,1,0,0,0,1,-96,0,11,2,3034005,0,44,0,384,0,"[0,0,0,0,0,0,0,0,0,0,0,0,5,-5,5,-5,5,-4,5,-4,5,-4,4,-4,4,-3,4,-3,3,-3,3,-2,3,-3,3,-3,2,-2,2,-2,2,-2,2,-3,2,-3,1,-3,1,-2,1,-2,0,-2,0,-3,1,-3,0,-3,0,-3,0,-3,0,0,1,-3,0,-3,0,-3,1,-3,0,-3,0,-3,0,-3,1,-3,1,-3,1,-3,1,-2,0,-3,0,-2,0,-2,1,-2,0,-2,0,-2,0,-2,0,-2,0,-2,0,-2,0,-2,0,-2,0,-2,0,-2,0,-2,0,0,0,0,0,0,0,0,0,0,0,0,0,0,43,-25,45,-25,43,-24,38,-23,41,-18,34,-17,38,-15,37,-11,34,-10,31,-9,31,-11,27,-10,26,-9,22,-9,20,-10,18,-10,19,-8,19,-8,15,-7,14,-10,13,-5,13,-11,10,-10,10,-12,7,-13,12,-12,6,-12,7,-11,8,-14,5,-18,8,-14,8,-17,9,-15,9,-14,10,-16,11,-15,13,-14,9,-13,7,-10,10,-16,8,-14,10,-11,6,-11,11,-7,8,-9,9,-7,6,-7,11,-9,6,-11,6,-8,7,-10,9,-8,3,-8,4,-9,6,-9,3,-10,6,-5,0,0,0,0,0,0,0,0,0,0,0,0,0,0,0,0,0,0,0,0,0,0,0,-38,4,-37,8,-43,10,-44,17,-44,20,-47,23,-44,31,-42,30,-47,32,-48,38,-45,40,-43,48,-48,53,-46,55,-41,60,-39,63,-38,67,-37,69,-29,76,-22,76,-20,83,-14,84,-16,85,-10,86,-4,88,2,89,8,86,9,82,18,80,18,81,21,80,27,78,31,76,33,74,36,71,35,70,36,71,37,66,38,66,41,62,41,60,42,56,45,61,45,53,47,53,42,50,43,48,48,45,50,37,48,43,51,41,45,41,47,37,48,35,47,35,47,31,49,0,0]"
CSI_DATA,217,1a:00:00:00:00:00,-52,11,1,0,1,1,1,0,0,0,1,-96,0,11,2,3043954,0,44,0,384,0,"[0,0,0,0,0,0,0,0,0,0,0,0,6,1,6,1,6,2,6,2,5,2,5,1,4,1,4,1,4,1,4,1,3,1,3,0,3,0,2,0,2,1,2,-1,2,-1,2,-1,2,-1,2,-1,2,-1,2,-1,2,-1,2,-1,2,-1,2,-2,0,0,3,-2,2,-1,2,-2,3,-2,2,-1,2,-1,2,-1,2,-1,2,-1,2,-1,2,-1,1,-1,1,0,1,-1,2,-1,1,-1,1,-1,1,-1,1,-1,1,-1,1,-1,1,-1,1,-1,1,-1,1,-1,1,0,0,0,0,0,0,0,0,0,0,0,0,0,0,0,49,-2,44,2,46,1,38,2,43,4,39,5,37,6,35,3,32,2,31,5,28,7,24,3,25,1,26,4,25,4,19,-1,21,-2,17,0,17,3,11,-1,14,-1,10,-1,17,-8,14,-5,13,-6,10,-7,14,-10,14,-12,18,-8,9,-10,16,-9,11,-7,16,-10,14,-8,13,-8,16,-11,18,-6,15,-7,13,-5,13,-7,14,-7,12,-5,12,0,10,-4,12,-3,9,0,9,-5,8,-2,11,-4,8,-6,7,0,8,-2,8,-3,8,-3,13,-3,8,-3,10,-5,0,0,0,0,0,0,0,0,0,0,0,0,0,0,0,0,0,0,0,0,0,0,17,-34,16,-35,22,-35,27,-32,31,-31,36,-30,36,-30,41,-32,44,-30,47,-27,50,-23,56,-21,62,-22,64,-16,66,-11,68,-6,72,-9,73,-3,75,2,77,6,79,13,77,16,80,24,81,30,77,39,79,38,72,44,73,47,68,48,70,53,63,55,60,60,57,58,55,57,56,64,51,63,49,62,48,63,40,66,40,66,38,67,35,61,32,66,34,68,31,65,26,66,22,65,25,60,21,61,17,67,12,61,13,58,9,60,9,58,9,61,8,56,2,58,0,0]"
CSI_DATA,218,1a:00:00:00:00:00,-53,11,1,0,1,1,1,0,0,0,1,-96,0,11,2,3053941,0,44,0,384,0,"[0,0,0,0,0,0,0,0,0,0,0,0,-6,4,-5,4,-5,3,-5,3,-4,3,-4,3,-4,2,-4,2,-4,2,-3,2,-4,2,-3,2,-3,1,-2,2,-2,1,-2,2,-2,1,-2,1,-1,2,-1,1,-1,2,-1,2,-1,2,-1,2,-1,2,-1,2,0,0,-2,2,-1,3,-1,3,-1,2,-1,2,-1,3,-1,2,-1,2,-2,2,-2,2,-2,1,-2,1,-2,1,-2,1,-2,1,-1,1,-1,1,-1,1,-1,1,-1,1,-1,1,-1,1,-1,1,-1,1,-2,1,-2,1,0,0,0,0,0,0,0,0,0,0,0,0,0,0,-36,26,-35,27,-36,26,-31,22,-35,21,-30,18,-31,15,-32,14,-27,16,-26,15,-28,14,-27,12,-22,9,-24,11,-20,11,-15,12,-17,11,-16,8,-12,9,-12,11,-10,9,-11,14,-9,5,-7,12,-5,10,-8,12,-9,12,-5,10,-9,13,-7,16,-6,16,-8,15,-8,16,-5,18,-9,15,-9,12,-8,13,-9,12,-12,13,-11,12,-12,14,-13,12,-7,8,-7,8,-10,7,-9,8,-7,5,-5,7,-9,7,-10,8,-8,9,-7,5,-6,3,-6,7,-4,5,-8,5,-8,7,0,0,0,0,0,0,0,0,0,0,0,0,0,0,0,0,0,0,0,0,0,0,24,28,22,33,21,38,14,39,16,44,9,48,11,46,2,49,3,52,-2,53,-7,56,-12,62,-13,62,-21,61,-27,66,-33,64,-36,69,-44,61,-45,60,-49,61,-55,54,-65,53,-65,50,-73,49,-73,39,-77,41,-82,31,-85,26,-87,24,-84,21,-85,10,-86,10,-87,5,-81,2,-84,-1,-80,-5,-77,-5,-79,-11,-75,-13,-78,-14,-74,-19,-73,-20,-73,-27,-69,-25,-68,-29,-64,-28,-64,-29,-64,-35,-54,-33,-56,-36,-51,-36,-49,-34,-52,-39,-45,-33,-42,-37,-41,-37,-38,-41,0,0]"
CSI_DATA,219,1a:00:00:00:00:00,-53,11,1,0,1,1,1,0,0,0,1,-96,0,11,2,3063829,0,44,0,384,0,"[0,0,0,0,0,0,0,0,0,0,0,0,3,4,3,4,3,4,3,4,2,4,2,3,2,3,2,3,2,2,2,2,1,2,2,2,2,2,2,1,2,1,1,1,1,0,1,0,2,0,2,0,2,0,2,0,2,0,2,0,3,0,2,-1,0,0,3,-1,3,1,2,0,3,0,3,0,3,0,2,1,2,1,3,0,2,0,2,1,2,1,2,1,1,1,2,0,1,0,1,0,1,1,1,1,2,0,1,1,1,0,1,0,1,1,1,1,1,1,0,0,0,0,0,0,0,0,0,0,0,0,0,0,31,32,32,29,31,29,25,27,26,31,24,30,21,27,20,28,15,21,19,20,16,20,16,17,13,18,15,15,16,12,10,11,14,7,11,10,16,5,10,13,12,6,11,3,10,2,12,1,12,1,17,0,14,2,13,-1,18,-3,13,0,15,-1,16,-4,18,-3,17,-4,18,-3,18,1,19,-1,17,3,14,3,17,4,15,-3,15,4,15,5,14,4,15,3,8,-1,12,1,17,1,11,7,10,3,6,1,11,0,9,1,12,2,11,2,9,3,12,4,0,0,0,0,0,0,0,0,0,0,0,0,0,0,0,0,0,0,0,0,0,0,39,-6,40,-3,42,-1,47,1,45,4,44,11,47,13,48,15,49,21,47,23,49,31,51,32,51,36,50,41,52,46,43,46,52,59,43,57,43,65,41,69,40,72,36,77,28,79,26,82,19,84,21,87,11,86,8,91,2,83,0,91,-3,77,-10,87,-13,82,-16,84,-17,81,-22,79,-22,69,-20,76,-23,77,-23,74,-28,73,-25,64,-30,66,-30,65,-37,64,-26,56,-36,54,-34,59,-32,55,-35,53,-36,53,-35,53,-40,48,-35,43,-35,46,-35,44,-31,42,0,0]"
CSI_DATA,220,1a:00:00:00:00:00,-53,11,1,0,1,1,1,0,0,0,1,-96,0,11,2,3096217,0,44,0,384,0,"[0,0,0,0,0,0,0,0,0,0,0,0,-7,-2,-7,-2,-6,-3,-6,-3,-6,-3,-5,-2,-5,-2,-4,-2,-4,-2,-4,-2,-4,-1,-3,-1,-3,-2,-3,-1,-3,-1,-3,0,-3,0,-3,0,-2,0,-2,0,-2,0,-2,1,-3,1,-2,1,-2,1,-3,1,0,0,-3,2,-2,1,-3,1,-3,2,-3,1,-3,1,-3,0,-3,1,-3,1,-3,1,-3,0,-2,0,-2,1,-2,0,-3,0,-3,0,-2,0,-2,0,-2,0,-2,0,-2,0,-2,1,-2,0,-2,1,-2,0,-2,0,0,0,0,0,0,0,0,0,0,0,0,0,0,0,-46,-18,-49,-19,-38,-14,-35,-17,-37,-21,-31,-18,-35,-17,-31,-17,-28,-16,-23,-14,-19,-13,-21,-12,-22,-8,-22,-12,-16,-8,-19,-7,-18,-6,-14,-8,-12,-3,-10,-3,-11,-1,-11,-3,-12,1,-15,3,-12,3,-14,6,-14,6,-14,4,-15,4,-12,5,-15,10,-14,7,-18,6,-15,7,-18,7,-14,5,-13,4,-18,5,-14,5,-16,2,-15,3,-12,3,-14,2,-13,2,-10,3,-13,0,-11,1,-10,1,-11,2,-11,2,-8,4,-8,2,-7,5,-9,6,-9,3,-13,3,-11,2,0,0,0,0,0,0,0,0,0,0,0,0,0,0,0,0,0,0,0,0,0,0,-31,21,-35,21,-39,18,-38,19,-46,17,-41,8,-47,8,-48,7,-54,4,-56,-2,-60,-1,-60,-8,-68,-8,-69,-11,-63,-18,-68,-25,-70,-25,-71,-34,-68,-38,-69,-49,-63,-46,-66,-58,-62,-60,-63,-61,-57,-68,-58,-71,-47,-72,-49,-78,-43,-82,-38,-78,-35,-81,-33,-82,-27,-81,-24,-84,-24,-78,-17,-84,-18,-84,-16,-76,-9,-79,-11,-78,-7,-82,-6,-78,-8,-77,-8,-80,-1,-75,0,-73,6,-67,8,-68,9,-69,15,-67,10,-64,11,-61,11,-62,17,-55,15,-59,13,-50,15,-54,0,0]"
CSI_DATA,221,1a:00:00:00:00:00,-54,11,1,0,1,1,1,0,0,0,1,-96,0,11,2,3104096,0,44,0,384,0,"[0,0,0,0,0,0,0,0,0,0,0,0,6,-1,5,-1,5,0,5,0,4,0,4,0,4,-1,3,0,3,-1,3,0,3,-1,2,-1,2,0,2,-1,1,0,1,-1,1,-2,1,-2,1,-1,1,-2,1,-2,1,-2,1,-2,1,-2,1,-2,1,-3,0,0,1,-3,1,-2,1,-2,1,-3,1,-2,1,-2,1,-2,1,-2,2,-2,1,-2,1,-2,1,-2,1,-2,0,-1,1,-1,1,-1,0,-2,0,-1,1,-2,1,-1,0,-2,0,-2,0,-2,0,-2,0,-2,1,-2,0,0,0,0,0,0,0,0,0,0,0,0,0,0,47,-5,42,-3,42,-3,34,-3,35,0,33,2,35,-1,28,1,28,3,23,0,21,6,20,1,22,3,16,1,17,3,16,-2,16,-5,16,0,14,-3,7,-1,9,-4,10,-3,11,-5,7,-7,9,-6,8,-11,8,-9,8,-8,7,-10,5,-11,7,-12,10,-13,8,-9,9,-10,9,-11,11,-11,14,-7,11,-11,11,-6,10,-11,7,-10,11,-5,11,-6,8,-4,6,-4,8,-7,10,-7,4,-9,6,-5,6,-7,7,-7,5,-8,5,-6,4,-8,2,-8,6,-10,6,-6,0,0,0,0,0,0,0,0,0,0,0,0,0,0,0,0,0,0,0,0,0,0,8,-36,9,-35,11,-38,19,-38,22,-42,27,-38,31,-39,32,-33,38,-38,40,-33,47,-39,50,-36,56,-35,61,-30,63,-28,62,-22,66,-20,70,-19,75,-13,78,1,75,-1,84,8,80,13,82,14,85,19,83,24,83,32,80,40,76,41,74,40,68,45,71,55,61,53,59,55,57,53,55,61,51,54,51,57,51,59,48,56,46,64,39,57,36,62,36,59,33,58,28,56,25,61,24,61,26,58,20,59,20,57,16,59,17,55,11,51,11,57,7,50,11,50,0,0]"
CSI_DATA,222,1a:00:00:00:00:00,-56,11,1,0,1,1,1,0,0,0,1,-96,0,11,2,3116653,0,44,0,384,0,"[0,0,0,0,0,0,0,0,0,0,0,0,-5,-3,-5,-3,-5,-3,-4,-3,-4,-3,-4,-2,-4,-2,-3,-2,-3,-2,-3,-2,-3,-1,-2,-1,-2,-1,-2,-1,-2,-1,-2,0,-2,0,-2,1,-1,0,-1,0,-2,1,-1,0,-2,1,-1,1,-2,1,-2,2,0,0,-2,2,-2,2,-2,2,-3,2,-2,1,-2,1,-2,1,-2,1,-3,1,-3,1,-3,0,-2,1,-2,1,-2,0,-2,0,-2,0,-2,1,-2,1,-2,0,-2,0,-2,0,-2,1,-2,1,-2,1,-2,0,-3,0,0,0,0,0,0,0,0,0,0,0,0,0,0,0,-28,-24,-29,-22,-30,-22,-22,-26,-21,-24,-19,-20,-17,-21,-17,-14,-13,-20,-8,-15,-13,-12,-10,-14,-11,-15,-12,-12,-7,-5,-12,-9,-17,-8,-11,-4,-9,-7,-8,-4,-6,-2,-9,-2,-12,1,-8,3,-12,0,-9,0,-12,5,-12,5,-15,1,-11,9,-16,4,-15,5,-18,-2,-20,3,-16,4,-20,-2,-13,1,-13,1,-15,-2,-16,2,-11,1,-15,-1,-11,-3,-10,-3,-10,-4,-12,-3,-14,-4,-12,-3,-12,-3,-11,-2,-9,0,-14,-2,-12,1,-9,-1,-11,-1,-11,-3,-14,-6,0,0,0,0,0,0,0,0,0,0,0,0,0,0,0,0,0,0,0,0,0,0,-27,33,-26,29,-33,32,-38,27,-40,30,-48,27,-49,19,-50,19,-55,18,-57,12,-58,12,-64,9,-67,-1,-73,-1,-70,-8,-68,-18,-73,-22,-74,-25,-73,-27,-74,-37,-71,-39,-70,-53,-66,-51,-64,-55,-61,-65,-58,-66,-53,-70,-48,-73,-39,-75,-40,-81,-31,-83,-29,-79,-24,-82,-19,-81,-20,-81,-10,-79,-9,-75,-7,-75,-6,-77,-4,-78,2,-76,4,-72,4,-73,9,-75,9,-68,9,-68,17,-66,20,-60,20,-66,22,-54,22,-51,23,-52,24,-52,23,-44,25,-44,26,-41,26,-42,0,0]"
CSI_DATA,223,1a:00:00:00:00:00,-54,11,1,0,1,1,1,0,0,0,1,-96,0,11,2,3123820,0,44,0,384,0,"[0,0,0,0,0,0,0,0,0,0,0,0,-4,4,-3,4,-3,3,-3,3,-2,3,-2,3,-2,3,-2,2,-2,2,-1,2,-1,2,-1,2,-1,1,-1,1,0,1,0,1,0,1,0,1,1,1,1,1,1,1,2,1,1,2,2,1,2,2,1,2,0,0,1,2,2,2,2,3,1,2,2,2,1,3,1,3,1,3,0,3,0,2,0,2,1,2,0,2,0,2,0,1,0,2,0,2,0,1,0,1,0,2,0,1,0,2,0,2,0,2,0,2,0,2,0,0,0,0,0,0,0,0,0,0,0,0,0,0,-17,37,-19,28,-25,28,-15,29,-13,28,-11,24,-17,16,-15,19,-13,18,-10,18,-6,16,-8,14,-11,17,-6,12,-5,9,-3,15,-5,12,0,9,2,11,1,11,2,7,2,13,5,5,6,11,10,7,10,13,10,14,9,12,10,11,11,16,12,16,7,16,8,10,10,14,4,16,12,14,10,18,12,12,3,16,7,16,4,15,4,20,7,16,3,15,0,13,2,12,1,11,3,18,1,14,3,13,6,12,-1,13,4,10,2,10,1,12,0,14,3,12,0,0,0,0,0,0,0,0,0,0,0,0,0,0,0,0,0,0,0,0,0,0,22,33,22,38,17,41,13,47,8,44,5,48,3,52,3,54,-3,56,-3,57,-11,63,-15,64,-16,68,-23,69,-30,69,-34,63,-41,68,-40,62,-47,69,-52,66,-57,64,-67,61,-64,51,-70,51,-74,48,-77,45,-80,39,-85,38,-78,31,-90,29,-78,22,-89,19,-85,11,-84,14,-82,9,-81,4,-76,4,-77,0,-77,0,-77,-3,-80,-5,-72,-6,-75,-9,-65,-11,-72,-14,-70,-7,-59,-15,-64,-15,-59,-16,-52,-20,-52,-22,-51,-18,-55,-26,-46,-21,-43,-22,-40,-22,-42,-18,0,0]"
CSI_DATA,224,1a:00:00:00:00:00,-53,11,1,0,1,1,1,0,0,0,1,-96,0,11,2,3135064,0,44,0,384,0,"[0,0,0,0,0,0,0,0,0,0,0,0,5,2,5,2,5,3,4,2,4,2,3,2,3,1,3,1,3,1,3,1,3,1,2,0,3,1,2,0,2,0,2,-1,2,-1,2,-1,2,-1,2,-1,2,-1,2,-1,3,-1,3,-1,3,-1,3,-2,0,0,3,-1,3,0,3,-1,4,-1,3,0,3,0,3,0,3,0,3,0,3,0,3,0,2,0,2,0,1,0,2,0,2,0,1,0,1,0,2,0,2,0,1,0,1,0,1,0,1,0,2,0,1,0,0,0,0,0,0,0,0,0,0,0,0,0,0,0,33,17,38,17,35,18,31,13,32,16,29,15,21,15,26,15,23,12,21,14,16,12,19,11,21,12,19,9,13,9,14,4,18,7,17,7,12,3,13,4,13,2,12,4,14,-1,15,-1,15,-3,18,-2,16,-3,20,-6,20,0,17,-4,16,-6,16,2,20,-4,17,-2,20,1,19,-3,14,-2,17,4,20,3,17,3,16,6,18,5,17,7,12,7,14,5,11,3,10,5,9,6,7,4,10,1,11,3,11,3,14,3,10,1,9,4,9,4,9,3,0,0,0,0,0,0,0,0,0,0,0,0,0,0,0,0,0,0,0,0,0,0,20,-35,20,-34,28,-34,32,-35,35,-30,41,-30,40,-28,44,-27,50,-26,50,-24,60,-15,58,-11,64,-9,67,-3,71,-4,71,7,75,9,74,13,74,20,74,27,74,27,76,42,73,43,68,52,63,59,61,62,57,66,57,70,48,71,46,76,39,74,37,79,30,76,29,73,25,78,24,78,21,72,15,73,12,74,10,74,8,70,2,68,-1,66,-2,70,-4,66,-7,62,-6,62,-5,59,-9,60,-9,56,-15,53,-18,51,-17,52,-17,46,-18,48,-18,43,-18,46,0,0]"
CSI_DATA,225,1a:00:00:00:00:00,-53,11,1,0,1,1,1,0,0,0,1,-96,0,11,2,3154545,0,44,0,384,0,"[0,0,0,0,0,0,0,0,0,0,0,0,2,6,2,5,2,5,2,5,1,4,1,4,1,4,1,4,0,3,1,3,0,3,0,3,1,2,1,2,1,2,0,1,0,1,0,1,1,1,1,1,1,1,2,1,1,1,1,1,1,1,1,1,0,0,1,1,2,2,1,1,1,1,1,2,1,2,1,2,1,1,1,1,1,1,1,1,0,1,0,1,0,1,0,1,0,0,0,1,0,0,1,0,1,0,1,0,0,1,0,1,0,1,1,1,1,1,0,0,0,0,0,0,0,0,0,0,0,0,0,0,23,39,21,39,20,32,19,31,20,33,15,30,16,28,12,28,14,28,9,27,11,26,9,23,9,28,9,19,8,19,8,14,12,15,5,9,9,10,7,16,5,8,11,12,6,9,11,6,9,4,11,2,10,6,12,2,11,4,13,5,10,7,14,5,14,8,14,5,14,7,13,7,15,5,13,4,10,7,11,3,12,7,6,6,11,5,9,6,11,6,5,4,5,3,7,3,7,2,4,0,9,4,9,7,5,2,9,6,9,1,12,4,8,7,0,0,0,0,0,0,0,0,0,0,0,0,0,0,0,0,0,0,0,0,0,0,38,-12,43,-4,44,-2,46,2,49,7,51,11,48,13,49,18,51,24,52,32,52,31,51,37,54,43,51,51,47,55,45,56,42,61,40,71,36,71,29,76,26,75,25,85,21,86,13,82,7,87,1,86,-2,88,-7,88,-10,84,-14,85,-21,82,-22,78,-27,76,-30,75,-32,75,-34,69,-33,69,-35,72,-34,66,-38,63,-42,60,-41,60,-43,53,-43,58,-40,49,-45,52,-39,47,-41,42,-40,47,-42,39,-40,39,-40,42,-44,36,-41,31,-41,36,-34,28,-39,30,0,0]"
CSI_DATA,226,1a:00:00:00:00:00,-54,11,1,0,1,1,1,0,0,0,1,-96,0,11,2,3163836,0,44,0,384,0,"[0,0,0,0,0,0,0,0,0,0,0,0,5,-4,4,-4,4,-3,4,-3,4,-3,4,-3,3,-3,3,-3,3,-3,2,-2,2,-2,2,-2,1,-1,1,-2,1,-2,1,-2,1,-2,0,-2,0,-2,0,-2,0,-2,-1,-2,0,-2,-1,-2,-1,-2,0,-3,0,0,-1,-3,-1,-3,-1,-3,0,-3,-1,-3,-1,-3,-1,-3,-1,-3,0,-3,0,-3,0,-2,0,-2,-1,-2,-1,-2,0,-2,0,-2,-1,-2,-1,-2,0,-2,0,-2,0,-2,-1,-2,-1,-3,-1,-2,0,-2,0,-2,0,0,0,0,0,0,0,0,0,0,0,0,0,0,40,-19,39,-19,37,-16,34,-11,36,-13,32,-13,32,-9,27,-8,28,-7,22,-8,20,-6,22,-7,16,-5,19,-7,13,-6,15,-6,12,-7,12,-8,9,-8,9,-6,6,-10,4,-8,4,-10,3,-12,5,-7,3,-13,4,-13,1,-10,1,-13,-2,-13,1,-13,-1,-13,1,-13,3,-12,1,-16,4,-13,4,-12,0,-12,3,-9,-1,-14,4,-15,6,-12,-1,-9,5,-9,0,-9,5,-12,3,-9,-3,-9,0,-9,0,-13,3,-12,1,-10,-1,-10,3,-12,-1,-13,-2,-11,5,-13,0,0,0,0,0,0,0,0,0,0,0,0,0,0,0,0,0,0,0,0,0,0,8,-41,13,-39,16,-41,22,-40,30,-41,30,-34,33,-40,39,-39,42,-36,45,-37,48,-34,57,-33,58,-33,64,-29,67,-26,70,-21,74,-20,75,-13,78,-11,80,-4,82,1,85,5,85,9,83,13,83,17,85,20,81,26,79,35,77,36,78,35,70,41,68,40,67,46,65,49,62,47,61,54,57,48,58,49,56,48,52,50,51,53,49,51,48,48,45,53,39,52,40,52,36,50,33,46,36,49,32,49,29,46,35,48,26,47,26,48,26,43,22,43,20,41,0,0]"
CSI_DATA,227,1a:00:00:00:00:00,-54,11,1,0,1,1,1,0,0,0,1,-96,0,11,2,3174173,0,44,0,384,0,"[0,0,0,0,0,0,0,0,0,0,0,0,5,-1,5,-1,5,0,4,0,4,-1,4,-1,3,-1,3,-1,3,-1,2,0,2,-1,2,-1,2,0,2,0,2,-1,1,-2,1,-2,1,-2,1,-1,1,-1,0,-2,1,-2,1,-3,1,-2,0,-2,1,-3,0,0,1,-3,1,-2,1,-2,1,-3,1,-2,1,-2,1,-2,1,-2,2,-3,1,-2,1,-2,1,-1,1,-2,1,-2,1,-2,1,-2,1,-2,1,-2,1,-2,1,-2,1,-1,0,-2,1,-2,1,-2,1,-2,1,-2,0,0,0,0,0,0,0,0,0,0,0,0,0,0,39,-17,34,-11,37,-18,33,-11,33,-11,30,-10,26,-8,28,-11,24,-10,24,-4,23,-6,19,-4,15,-3,17,-5,14,-3,14,-4,12,-6,12,-5,11,-8,9,-6,9,-8,6,-6,5,-9,7,-9,4,-14,5,-12,5,-9,8,-14,7,-11,4,-13,5,-14,6,-13,5,-16,7,-14,7,-15,10,-13,10,-13,10,-13,8,-12,8,-12,10,-9,5,-13,11,-8,11,-11,6,-10,7,-10,7,-8,6,-8,1,-9,3,-8,5,-9,4,-9,7,-11,9,-5,8,-8,7,-8,9,-10,0,0,0,0,0,0,0,0,0,0,0,0,0,0,0,0,0,0,0,0,0,0,-13,-39,-11,-45,-3,-43,-1,-51,2,-49,7,-50,14,-48,18,-54,24,-55,23,-56,29,-55,32,-58,42,-60,49,-56,55,-52,53,-48,61,-46,64,-42,73,-41,77,-35,76,-30,86,-25,81,-21,84,-15,87,-10,88,-5,86,2,91,9,85,11,92,19,79,18,81,26,78,27,70,31,72,33,70,35,61,36,62,32,63,38,63,41,62,43,54,41,53,45,54,48,49,45,46,41,40,44,39,48,40,44,36,44,31,47,33,44,30,48,26,42,26,41,22,43,19,40,0,0]"
CSI_DATA,228,1a:00:00:00:00:00,-54,11,1,0,1,1,1,0,0,0,1,-96,0,11,2,3183841,0,44,0,384,0,"[0,0,0,0,0,0,0,0,0,0,0,0,-1,-6,-1,-6,-1,-6,-1,-5,-1,-5,-1,-5,-1,-5,0,-4,0,-4,-1,-4,-1,-3,-1,-3,-1,-3,-1,-3,-1,-3,-1,-2,-1,-2,-1,-2,-2,-2,-2,-2,-2,-2,-2,-2,-2,-2,-2,-2,-2,-2,-2,-2,0,0,-3,-2,-2,-2,-2,-2,-2,-2,-2,-3,-2,-2,-2,-3,-2,-3,-2,-2,-1,-2,-1,-2,-1,-2,-1,-2,-1,-2,-1,-2,-1,-2,-1,-2,-1,-1,-1,-1,-1,-2,-2,-1,-1,-2,-1,-2,-1,-2,-1,-2,-2,-2,0,0,0,0,0,0,0,0,0,0,0,0,0,0,-18,-35,-14,-35,-13,-31,-14,-38,-13,-29,-8,-30,-8,-29,-8,-30,-9,-26,-7,-27,-7,-21,-8,-23,-8,-24,-7,-17,-6,-17,-6,-16,-6,-14,-5,-13,-8,-12,-5,-10,-13,-10,-9,-9,-11,-6,-13,-5,-13,-3,-10,-7,-12,-4,-13,-6,-14,-4,-14,-7,-12,-8,-13,-10,-13,-6,-13,-9,-14,-7,-10,-10,-13,-8,-14,-7,-10,-9,-9,-10,-9,-12,-6,-10,-7,-9,-10,-5,-9,-7,-6,-2,-9,-5,-6,-9,-3,-6,-8,-1,-10,-2,-6,-6,-8,-6,-8,-7,-7,-7,-8,-5,-10,-7,0,0,0,0,0,0,0,0,0,0,0,0,0,0,0,0,0,0,0,0,0,0,-39,12,-45,5,-47,4,-46,-2,-49,-5,-51,-12,-53,-15,-52,-18,-54,-24,-56,-28,-56,-34,-55,-39,-56,-42,-52,-47,-51,-54,-46,-57,-47,-62,-38,-70,-39,-71,-34,-75,-28,-79,-24,-84,-19,-88,-14,-87,-6,-87,-4,-89,2,-89,8,-87,12,-82,15,-83,19,-78,23,-80,26,-77,31,-73,31,-74,33,-69,35,-66,36,-64,41,-65,40,-60,45,-59,41,-57,45,-57,41,-53,45,-43,40,-50,43,-44,46,-40,43,-34,46,-37,45,-30,43,-34,45,-31,43,-30,43,-25,43,-26,39,-26,0,0]"
CSI_DATA,229,1a:00:00:00:00:00,-54,11,1,0,1,1,1,0,0,0,1,-96,0,11,2,3204538,0,44,0,384,0,"[0,0,0,0,0,0,0,0,0,0,0,0,6,1,5,0,6,1,5,1,5,1,4,1,4,0,3,0,3,0,3,1,3,0,3,0,2,0,2,0,2,0,2,0,2,-1,1,-1,1,-1,1,-1,1,-1,1,-1,1,-2,1,-1,1,-1,1,-2,0,0,1,-2,1,-2,1,-2,1,-3,1,-2,1,-2,1,-2,1,-2,1,-2,1,-2,1,-2,0,-2,0,-1,0,-2,1,-2,1,-2,0,-2,0,-2,0,-2,1,-2,0,-2,0,-2,0,-2,1,-2,1,-2,1,-2,0,0,0,0,0,0,0,0,0,0,0,0,0,0,45,2,44,2,42,1,37,4,37,5,35,8,36,8,34,8,29,9,26,2,24,7,24,3,24,5,26,2,16,5,17,3,15,-1,15,-2,14,-3,9,-4,9,1,11,-4,12,-6,8,-3,8,-7,9,-2,2,-8,4,-9,9,-9,9,-13,4,-13,2,-8,8,-10,4,-5,6,-11,9,-9,8,-14,5,-11,8,-9,8,-10,8,-11,6,-10,8,-9,7,-11,5,-4,3,-12,1,-12,2,-11,1,-11,3,-10,6,-10,4,-12,8,-11,4,-9,5,-10,6,-12,8,-12,0,0,0,0,0,0,0,0,0,0,0,0,0,0,0,0,0,0,0,0,0,0,30,-27,34,-29,34,-22,41,-24,44,-22,47,-19,47,-18,50,-12,59,-10,59,-5,60,-1,64,1,69,5,71,10,77,15,68,22,76,25,71,27,70,29,72,39,71,42,72,48,63,53,66,59,59,60,58,64,55,70,54,71,47,71,43,71,39,73,40,74,37,76,36,75,32,76,28,74,27,69,22,72,20,71,20,71,17,70,14,69,14,70,12,69,12,65,16,60,10,60,8,63,6,60,7,61,2,56,2,60,4,58,-1,52,-3,56,2,53,5,49,0,0]"
CSI_DATA,230,1a:00:00:00:00:00,-54,11,1,0,1,1,1,0,0,0,1,-96,0,11,2,3214470,0,44,0,384,0,"[0,0,0,0,0,0,0,0,0,0,0,0,5,3,5,3,4,3,4,3,4,3,3,2,3,2,3,2,3,2,2,2,2,1,2,1,2,1,1,1,1,1,1,0,1,0,1,0,1,0,1,0,1,0,1,-1,1,-1,1,-1,1,-1,1,-2,0,0,1,-2,1,-1,1,-1,1,-2,1,-1,1,-1,1,-1,1,-1,1,-2,1,-1,1,-2,1,-1,1,-1,0,-1,1,-1,1,-1,0,-1,1,-2,1,-1,1,-2,1,-2,1,-2,1,-2,1,-2,1,-2,1,-1,0,0,0,0,0,0,0,0,0,0,0,0,0,0,36,31,31,35,31,32,32,26,28,29,25,26,25,24,25,26,18,22,19,23,14,22,14,19,11,17,13,15,8,15,10,12,12,10,14,11,10,7,7,10,9,5,5,5,12,5,11,2,8,2,11,2,6,1,11,-1,8,0,6,-1,6,-7,10,0,9,-4,12,-5,9,-2,12,-2,10,-1,13,-1,11,1,11,-3,11,0,8,-2,9,-1,10,-2,7,-2,7,-3,7,-6,6,-4,8,-2,9,-7,8,-7,8,-5,3,-8,5,-3,8,-3,9,-7,10,-3,0,0,0,0,0,0,0,0,0,0,0,0,0,0,0,0,0,0,0,0,0,0,39,-7,41,-5,43,-4,48,-1,46,4,48,11,46,12,51,17,53,20,54,25,53,28,53,34,57,38,54,44,50,48,48,55,48,57,46,59,45,65,38,68,38,73,34,80,30,80,25,83,18,84,15,86,9,89,8,87,5,83,-3,84,-2,82,-8,83,-12,80,-15,79,-15,80,-18,77,-18,74,-17,73,-23,70,-23,72,-24,70,-27,67,-27,69,-28,65,-28,61,-27,53,-30,58,-31,55,-33,56,-30,54,-29,53,-34,44,-35,50,-32,45,-33,46,-34,46,-30,43,0,0]"
CSI_DATA,231,1a:00:00:00:00:00,-54,11,1,0,1,1,1,0,0,0,1,-96,0,11,2,3223840,0,44,0,384,0,"[0,0,0,0,0,0,0,0,0,0,0,0,3,5,2,5,3,4,2,4,2,4,1,4,1,4,1,3,1,3,1,3,0,2,1,2,1,2,1,1,1,1,0,1,1,1,0,1,1,0,1,0,1,0,1,0,0,0,1,0,1,0,1,-1,0,0,1,-1,2,0,1,0,1,-1,2,0,1,0,1,0,1,0,1,-1,1,-1,1,-1,1,0,1,0,1,0,1,-1,0,-1,1,-1,0,-1,1,-1,1,-1,1,-1,1,-1,1,-1,1,-1,1,-1,1,-1,0,0,0,0,0,0,0,0,0,0,0,0,0,0,12,18,12,19,8,17,8,18,7,17,7,15,7,15,4,13,7,14,5,12,4,11,3,11,4,12,3,8,2,8,2,7,1,6,2,5,3,4,3,6,3,4,3,5,3,2,3,2,4,2,4,1,3,1,4,1,5,1,5,1,4,0,4,0,4,-3,5,-2,6,1,4,0,5,0,6,-1,5,1,4,0,4,2,3,1,5,0,3,-1,4,-1,3,0,1,0,3,-2,1,-1,3,-3,4,-1,2,-4,3,-3,2,-3,4,-2,4,-3,6,-1,0,0,0,0,0,0,0,0,0,0,0,0,0,0,0,0,0,0,0,0,0,0,20,-1,20,2,23,6,22,5,22,8,21,9,20,11,24,14,24,18,22,18,22,20,22,23,24,26,20,29,19,31,18,34,17,33,14,37,12,37,9,39,7,41,7,42,2,44,0,43,-2,43,-5,45,-6,45,-7,43,-11,43,-10,42,-13,38,-14,40,-16,38,-16,38,-19,37,-18,36,-19,36,-22,33,-22,33,-22,33,-22,30,-22,31,-24,27,-21,28,-23,26,-24,24,-23,24,-21,22,-24,22,-21,21,-22,19,-24,20,-21,17,-24,16,-20,17,-20,17,-21,13,0,0]"
CSI_DATA,232,1a:00:00:00:00:00,-54,11,1,0,1,1,1,0,0,0,1,-96,0,11,2,3234346,0,44,0,384,0,"[0,0,0,0,0,0,0,0,0,0,0,0,1,6,0,5,1,5,0,5,0,5,0,4,0,4,0,3,-1,3,0,3,-1,3,0,3,0,2,0,2,0,2,0,1,0,1,0,1,0,1,0,1,0,1,1,1,0,0,1,1,1,1,1,0,0,0,1,0,1,1,1,1,1,0,1,1,1,1,1,1,0,1,1,0,1,0,0,0,0,0,0,0,0,0,0,0,1,0,0,0,1,-1,1,-1,1,-1,1,0,1,0,1,0,1,0,1,0,1,0,0,0,0,0,0,0,0,0,0,0,0,0,0,0,3,43,4,39,3,39,3,37,1,33,1,37,-1,32,1,30,0,30,-1,25,-1,25,-1,22,-2,22,0,21,-2,18,-1,18,-1,16,-2,15,2,14,-2,13,0,11,4,8,4,8,4,6,4,6,4,6,4,7,6,7,5,8,5,8,5,4,3,6,6,5,10,7,9,7,6,8,8,10,6,8,8,7,6,6,4,4,3,2,10,3,6,4,5,3,6,3,4,2,4,3,4,1,5,-2,6,-3,7,-3,9,0,8,1,8,1,9,1,9,3,0,0,0,0,0,0,0,0,0,0,0,0,0,0,0,0,0,0,0,0,0,0,35,18,38,19,33,23,36,32,33,36,33,39,32,42,29,45,27,48,23,53,23,56,21,62,20,67,15,69,10,70,4,72,1,78,-1,76,-9,80,-13,79,-17,78,-27,85,-31,78,-31,77,-38,79,-42,77,-47,72,-54,69,-51,68,-53,67,-53,58,-60,60,-62,54,-59,51,-62,49,-62,46,-62,43,-60,39,-62,41,-61,38,-65,33,-62,33,-64,30,-64,32,-57,25,-59,28,-59,27,-56,22,-56,20,-53,16,-53,15,-56,14,-57,13,-51,13,-51,11,-50,11,-49,9,0,0]"
CSI_DATA,233,1a:00:00:00:00:00,-53,11,1,0,1,1,1,0,0,0,1,-96,0,11,2,3244355,0,44,0,384,0,"[0,0,0,0,0,0,0,0,0,0,0,0,-5,-6,-5,-5,-5,-6,-5,-5,-5,-5,-4,-4,-4,-4,-3,-4,-3,-4,-3,-4,-3,-3,-3,-3,-3,-3,-3,-3,-3,-3,-2,-2,-2,-2,-2,-2,-2,-2,-2,-2,-2,-2,-2,-1,-2,-1,-2,-1,-2,-1,-2,0,0,0,-2,0,-2,-1,-2,-1,-2,0,-2,-1,-2,-1,-2,-1,-2,-1,-2,0,-2,0,-2,0,-1,-1,-1,0,-1,0,-1,0,-1,1,-1,0,-1,0,-1,1,-1,1,-1,1,-1,1,-1,1,-1,1,-2,1,-2,0,0,0,0,0,0,0,0,0,0,0,0,0,0,0,-15,-22,-13,-20,-13,-20,-12,-18,-11,-19,-10,-17,-11,-17,-8,-16,-7,-16,-7,-14,-7,-14,-6,-13,-7,-11,-4,-11,-3,-11,-5,-9,-5,-8,-4,-8,-4,-7,-3,-6,-5,-7,-3,-5,-5,-3,-5,-4,-5,-4,-7,-4,-4,-2,-6,-1,-6,-3,-7,-1,-3,-1,-5,-3,-5,-1,-6,1,-6,-2,-6,-1,-5,-2,-6,-2,-4,-2,-5,-1,-3,-2,-3,-1,-4,-1,-3,-1,-3,-1,-3,2,-4,1,-3,-1,-4,1,-2,2,-3,2,-5,2,-4,1,-4,1,-6,1,-5,0,-5,0,0,0,0,0,0,0,0,0,0,0,0,0,0,0,0,0,0,0,0,0,0,0,-22,-2,-23,-5,-22,-8,-26,-8,-23,-12,-22,-13,-23,-16,-23,-16,-24,-19,-24,-22,-23,-23,-23,-26,-24,-28,-21,-32,-20,-35,-17,-33,-18,-38,-13,-37,-13,-40,-9,-43,-8,-44,-6,-44,-2,-45,-1,-44,3,-47,4,-45,6,-46,10,-46,11,-41,12,-44,12,-41,15,-40,15,-38,15,-37,17,-37,16,-36,19,-35,18,-34,19,-31,18,-32,22,-33,20,-29,22,-30,20,-29,19,-26,21,-27,21,-25,20,-23,22,-25,20,-23,20,-22,19,-22,21,-22,20,-20,20,-19,19,-18,18,-19,0,0]"
CSI_DATA,234,1a:00:00:00:00:00,-53,11,1,0,1,1,1,0,0,0,1,-96,0,11,2,3254119,0,44,0,384,0,"[0,0,0,0,0,0,0,0,0,0,0,0,2,-7,2,-7,2,-6,2,-6,2,-6,2,-5,2,-5,2,-5,2,-5,1,-4,2,-4,1,-4,1,-4,0,-3,0,-3,1,-3,0,-3,0,-2,-1,-2,0,-2,-1,-2,-1,-2,0,-2,-1,-2,-1,-2,-1,-2,0,0,-1,-2,-1,-2,-2,-2,-1,-2,-2,-2,-1,-2,-1,-2,-2,-2,-1,-1,-1,-1,-1,-1,-1,-2,-1,-2,-1,-1,-1,-1,-1,0,-1,-1,-1,0,-1,0,-2,0,-2,0,-2,-1,-2,-1,-2,-1,-2,-1,-2,-1,0,0,0,0,0,0,0,0,0,0,0,0,0,0,15,-49,18,-41,15,-41,13,-41,20,-37,19,-31,17,-35,19,-30,17,-28,16,-29,13,-24,11,-24,13,-24,15,-18,14,-23,10,-17,10,-14,9,-13,6,-12,8,-14,3,-14,2,-15,2,-10,1,-8,3,-10,1,-7,-1,-11,-2,-9,-1,-6,-2,-10,-2,-11,-1,-9,-2,-7,-3,-9,1,-8,-6,-9,-8,-5,-4,-3,0,-9,-2,-7,-2,-9,-1,-6,0,-5,-5,-6,-5,-2,-6,-1,-3,-1,-8,-4,-5,-3,-8,-2,-4,-3,-8,-3,-10,-6,-6,-6,-10,-5,-6,-7,-9,-7,0,0,0,0,0,0,0,0,0,0,0,0,0,0,0,0,0,0,0,0,0,0,-19,-35,-21,-39,-17,-44,-15,-44,-11,-49,-7,-50,-3,-51,-1,-53,4,-58,6,-59,12,-62,17,-63,21,-70,26,-66,30,-67,34,-65,38,-71,46,-64,47,-64,54,-60,57,-60,61,-60,62,-52,69,-53,74,-45,71,-49,72,-36,78,-38,79,-29,78,-30,79,-28,80,-23,79,-19,77,-15,80,-14,78,-12,73,-13,72,-14,73,-10,72,-9,74,-2,73,-7,71,-2,71,-3,67,3,64,-2,61,3,61,4,61,6,58,7,57,7,60,6,57,11,55,9,55,11,50,11,55,13,0,0]"
CSI_DATA,235,1a:00:00:00:00:00,-54,11,1,0,1,1,1,0,0,0,1,-96,0,11,2,3263855,0,44,0,384,0,"[0,0,0,0,0,0,0,0,0,0,0,0,2,-7,2,-7,2,-7,2,-6,2,-6,2,-6,2,-5,2,-5,2,-5,1,-4,2,-4,2,-4,1,-3,0,-3,0,-3,1,-3,1,-3,0,-2,0,-2,-1,-2,-1,-2,-1,-2,-1,-2,-1,-3,-1,-2,-1,-2,0,0,-1,-2,-1,-2,-1,-2,-1,-2,-1,-2,-1,-2,-1,-2,-1,-2,-1,-2,-1,-1,0,-1,-1,-2,-1,-2,-1,-1,-1,-1,-1,-1,-1,-1,-1,-1,-2,-1,-2,-1,-2,-1,-2,-1,-2,-1,-2,-1,-2,-1,-2,-1,0,0,0,0,0,0,0,0,0,0,0,0,0,0,20,-43,19,-44,21,-44,20,-39,17,-37,19,-35,20,-34,16,-28,14,-24,13,-28,11,-27,9,-21,11,-22,12,-21,10,-18,11,-16,8,-17,8,-12,9,-12,6,-9,6,-13,1,-7,4,-12,-1,-11,0,-5,1,-9,-4,-12,0,-10,1,-8,-1,-11,-2,-10,-3,-12,-1,-8,-4,-9,-5,-11,-7,-9,-5,-8,-2,-8,-4,-6,-4,-7,-3,-9,0,-4,-2,-6,-5,-4,-6,-5,-3,-2,-3,-4,-6,-1,-1,-5,-6,-2,-5,-3,-6,-1,-8,-6,-8,-2,-10,-2,-8,-7,-8,-9,0,0,0,0,0,0,0,0,0,0,0,0,0,0,0,0,0,0,0,0,0,0,-17,-38,-14,-40,-13,-46,-7,-49,-2,-49,0,-55,1,-52,6,-59,10,-57,12,-57,21,-63,23,-61,28,-65,33,-62,36,-64,38,-62,49,-65,50,-59,55,-62,58,-57,64,-55,65,-52,68,-45,72,-45,77,-40,76,-39,79,-30,82,-30,80,-25,84,-27,76,-19,86,-16,83,-14,79,-11,84,-9,77,-7,77,-4,79,-3,73,-3,76,1,76,1,70,-1,75,4,70,7,73,4,63,4,61,6,66,6,63,10,57,13,60,14,60,16,57,16,53,14,55,14,55,15,47,16,0,0]"
CSI_DATA,236,1a:00:00:00:00:00,-53,11,1,0,1,1,1,0,0,0,1,-96,0,11,2,3274190,0,44,0,384,0,"[0,0,0,0,0,0,0,0,0,0,0,0,4,-6,4,-5,4,-4,4,-4,4,-4,3,-4,3,-4,3,-4,3,-3,2,-3,2,-3,2,-3,1,-2,1,-2,1,-2,1,-2,1,-3,1,-3,0,-2,0,-2,0,-2,-1,-2,0,-3,-1,-2,-1,-2,0,-3,0,0,0,-3,-1,-2,-1,-2,-1,-2,-1,-2,-1,-2,-1,-2,-1,-2,0,-2,0,-2,0,-2,-1,-2,-1,-1,-1,-2,-1,-1,-1,-1,-1,-1,-1,-1,-1,-1,-1,-1,-1,-1,-2,-1,-2,-1,-2,-2,-2,-1,-2,-1,0,0,0,0,0,0,0,0,0,0,0,0,0,0,17,-14,18,-13,17,-13,17,-13,15,-13,15,-11,16,-9,14,-9,13,-7,10,-9,9,-8,11,-6,8,-7,9,-5,7,-6,6,-4,8,-6,7,-6,4,-4,4,-7,3,-7,2,-5,2,-5,2,-5,2,-4,0,-5,0,-6,-1,-4,-1,-4,-1,-5,-1,-6,-1,-5,-1,-5,-1,-5,0,-6,1,-5,-1,-5,-1,-4,2,-4,-1,-7,-1,-5,-1,-5,0,-3,-1,-4,-1,-3,-3,-3,0,-3,-2,-2,0,-4,-1,-2,-2,-2,-2,-4,-3,-2,-2,-3,-4,-2,-4,-5,-3,-3,0,0,0,0,0,0,0,0,0,0,0,0,0,0,0,0,0,0,0,0,0,0,10,-19,14,-19,16,-18,16,-17,17,-18,19,-16,20,-17,22,-16,26,-15,27,-13,28,-15,31,-11,33,-12,33,-9,35,-8,35,-6,37,-6,38,-2,39,0,38,1,40,4,42,6,43,8,43,7,42,11,41,11,42,15,38,16,40,16,39,18,38,20,34,21,35,21,32,23,34,22,32,23,31,21,30,22,29,23,29,21,27,23,27,23,26,23,26,24,24,22,25,23,21,22,22,22,20,23,20,24,21,22,20,20,19,20,17,19,19,20,17,19,17,20,0,0]"
CSI_DATA,237,1a:00:00:00:00:00,-53,11,1,0,1,1,1,0,0,0,1,-96,0,11,2,3294582,0,44,0,384,0,"[0,0,0,0,0,0,0,0,0,0,0,0,-4,-7,-4,-7,-4,-6,-4,-6,-4,-6,-3,-6,-3,-5,-2,-5,-2,-4,-3,-4,-2,-4,-2,-4,-3,-4,-2,-3,-2,-3,-2,-3,-2,-2,-2,-2,-2,-2,-2,-2,-2,-2,-3,-2,-2,-1,-3,-2,-3,-2,-2,-1,0,0,-3,-1,-3,-2,-3,-2,-3,-1,-3,-2,-3,-2,-2,-2,-2,-2,-2,-1,-2,-1,-2,-1,-2,-2,-2,-2,-1,-2,-1,-1,-2,-1,-1,-1,-2,0,-2,0,-2,-1,-2,0,-1,-1,-2,-1,-2,-1,-2,0,-2,-1,0,0,0,0,0,0,0,0,0,0,0,0,0,0,-13,-20,-12,-21,-13,-21,-11,-19,-9,-19,-9,-17,-8,-16,-8,-17,-5,-14,-5,-15,-5,-15,-5,-13,-4,-13,-4,-12,-3,-12,-5,-11,-5,-10,-5,-8,-5,-8,-2,-7,-4,-7,-3,-7,-3,-5,-4,-5,-5,-3,-6,-5,-5,-4,-7,-5,-8,-5,-6,-4,-4,-5,-5,-5,-6,-4,-8,-4,-3,-3,-6,-5,-5,-3,-4,-4,-4,-4,-4,-4,-4,-4,-2,-5,-2,-4,-1,-3,-3,-4,-3,-3,-2,-2,-2,-3,-1,0,-2,-1,-3,-1,-3,-1,-4,-3,-4,-1,-3,-2,-5,-3,-4,-3,0,0,0,0,0,0,0,0,0,0,0,0,0,0,0,0,0,0,0,0,0,0,-20,6,-23,5,-22,1,-24,-2,-24,-3,-26,-6,-27,-6,-26,-7,-26,-10,-27,-12,-27,-16,-29,-18,-28,-21,-27,-23,-27,-26,-24,-29,-24,-29,-21,-31,-19,-36,-17,-37,-15,-37,-15,-40,-11,-40,-9,-42,-6,-43,-5,-43,-3,-44,-1,-44,1,-42,6,-42,6,-40,7,-41,10,-40,9,-38,12,-38,12,-37,14,-34,15,-34,16,-33,16,-34,18,-32,17,-31,18,-31,19,-29,19,-27,17,-27,18,-26,18,-24,19,-23,19,-23,20,-20,21,-21,22,-22,21,-16,17,-18,21,-18,19,-17,0,0]"
CSI_DATA,238,1a:00:00:00:00:00,-53,11,1,0,1,1,1,0,0,0,1,-96,0,11,2,3304241,0,44,0,384,0,"[0,0,0,0,0,0,0,0,0,0,0,0,-3,7,-3,7,-2,6,-2,5,-2,5,-3,5,-2,4,-3,4,-2,4,-2,3,-2,3,-2,3,-1,3,-1,2,-1,2,-1,2,-1,2,-1,2,0,2,0,2,0,1,0,2,-1,2,0,2,1,2,0,1,0,0,0,2,0,2,0,2,0,1,0,2,0,2,0,2,0,2,-1,1,-1,1,-1,1,-1,1,-1,1,-1,1,0,0,0,0,0,0,0,0,0,0,0,0,0,0,0,0,0,0,0,0,0,1,0,1,0,0,0,0,0,0,0,0,0,0,0,0,0,0,-2,41,-2,40,-6,44,-3,41,-3,39,-5,34,-4,33,-5,30,-8,29,-6,26,-6,26,-9,24,-6,23,-8,24,-7,22,-2,20,-3,17,-8,19,-4,13,-2,14,-3,14,3,12,-1,7,3,9,1,11,1,7,3,14,4,10,4,9,6,11,2,12,2,15,3,8,4,7,4,12,2,8,3,8,2,7,3,9,3,9,3,6,1,7,2,8,-1,2,1,4,-2,5,0,4,2,3,1,3,3,4,4,4,3,3,6,4,5,1,7,4,6,4,6,6,0,0,0,0,0,0,0,0,0,0,0,0,0,0,0,0,0,0,0,0,0,0,35,17,33,22,39,26,35,34,32,37,29,38,26,42,25,48,24,51,20,55,21,62,16,61,13,68,10,68,4,72,-1,74,-3,76,-12,78,-16,76,-20,79,-26,77,-31,79,-38,76,-39,78,-45,74,-51,71,-52,66,-58,65,-59,63,-63,60,-65,55,-64,54,-69,46,-67,42,-70,44,-67,40,-65,42,-68,35,-64,31,-65,29,-65,26,-66,29,-67,25,-64,25,-66,18,-62,21,-61,14,-63,11,-60,15,-61,12,-58,12,-56,10,-58,5,-55,3,-58,7,-56,2,-49,0,0,0]"
CSI_DATA,239,1a:00:00:00:00:00,-54,11,1,0,1,1,1,0,0,0,1,-96,0,11,2,3316163,0,44,0,384,0,"[0,0,0,0,0,0,0,0,0,0,0,0,-7,-3,-7,-3,-6,-3,-6,-4,-5,-3,-5,-3,-5,-2,-5,-2,-5,-2,-4,-2,-4,-1,-4,-1,-3,-2,-3,-2,-3,-1,-3,-1,-3,0,-3,0,-2,-1,-2,-1,-2,0,-2,0,-2,0,-2,0,-2,0,-2,1,0,0,-3,1,-2,0,-2,0,-3,1,-2,0,-2,0,-2,0,-2,0,-2,0,-3,0,-2,0,-2,0,-1,0,-1,0,-2,0,-2,0,-1,0,-1,0,-1,0,-1,0,-1,0,-1,1,-1,1,-1,1,-1,1,-2,1,0,0,0,0,0,0,0,0,0,0,0,0,0,0,-22,-9,-20,-9,-20,-8,-18,-7,-18,-7,-16,-7,-15,-8,-14,-6,-14,-8,-11,-8,-11,-5,-11,-6,-10,-4,-11,-4,-9,-4,-8,-3,-8,-4,-8,-2,-7,-2,-6,-3,-6,-1,-6,-1,-6,1,-6,1,-5,1,-6,2,-3,2,-6,2,-6,1,-5,2,-5,3,-7,2,-6,2,-6,2,-4,3,-6,1,-5,2,-6,2,-5,1,-5,2,-5,2,-4,1,-4,0,-3,-1,-4,-1,-3,1,-2,1,-3,1,-2,1,-1,1,-1,3,-3,3,-2,2,-1,3,-2,2,-3,4,-4,3,0,0,0,0,0,0,0,0,0,0,0,0,0,0,0,0,0,0,0,0,0,0,-20,9,-20,7,-23,6,-24,4,-26,2,-26,1,-27,-2,-29,-3,-30,-4,-30,-7,-31,-9,-33,-10,-35,-12,-34,-16,-34,-19,-33,-20,-34,-23,-32,-27,-33,-26,-32,-31,-29,-32,-30,-35,-26,-35,-24,-38,-21,-41,-20,-40,-19,-42,-19,-44,-15,-42,-14,-41,-12,-41,-11,-42,-9,-42,-8,-42,-7,-42,-4,-41,-5,-37,-3,-39,-3,-39,-1,-40,1,-39,-1,-37,-1,-35,1,-36,1,-34,0,-32,2,-33,3,-33,3,-33,8,-32,4,-30,5,-31,5,-29,7,-26,5,-27,6,-26,4,-26,0,0]"
CSI_DATA,240,1a:00:00:00:00:00,-54,11,1,0,1,1,1,0,0,0,1,-96,0,11,2,3323842,0,44,0,384,0,"[0,0,0,0,0,0,0,0,0,0,0,0,6,0,5,1,5,1,5,1,4,1,4,0,3,0,3,0,3,0,3,1,3,0,2,0,2,0,2,0,2,0,2,-1,1,-1,1,-1,1,-1,1,-1,1,-1,1,-1,1,-2,1,-1,1,-1,2,-2,0,0,2,-2,1,-1,1,-2,2,-2,1,-1,1,-1,1,-1,1,-1,2,-1,2,-1,1,-1,1,-1,1,-1,1,-1,1,-1,1,-1,1,-1,0,-1,0,-1,0,-1,0,-1,0,-1,1,-2,0,-2,1,-1,1,-1,0,0,0,0,0,0,0,0,0,0,0,0,0,0,42,6,38,7,41,8,35,9,31,7,31,7,32,8,29,9,24,9,21,8,20,8,16,7,19,6,17,7,12,5,15,4,18,2,12,-1,16,-1,15,1,10,0,9,-5,12,-4,11,-7,8,-8,8,-4,8,-7,9,-5,12,-8,10,-8,11,-6,12,-7,10,-6,12,-6,10,-7,11,-7,11,-7,13,-2,11,0,6,-3,10,-3,9,-2,9,0,4,-4,4,1,1,-6,8,0,7,-1,5,-1,3,-5,4,-4,4,-6,3,-6,4,-2,5,-5,10,-6,8,-4,0,0,0,0,0,0,0,0,0,0,0,0,0,0,0,0,0,0,0,0,0,0,16,-36,22,-37,24,-37,32,-38,33,-35,41,-35,45,-32,46,-32,53,-29,55,-28,62,-22,67,-19,71,-14,72,-11,78,-7,75,-1,81,3,77,8,81,11,79,17,78,27,83,33,77,37,77,41,76,48,70,52,68,58,68,60,57,61,60,66,49,61,50,70,46,66,45,67,41,70,35,69,32,67,32,69,31,69,26,70,25,70,21,64,20,70,17,65,15,66,16,63,10,62,8,61,9,63,3,57,1,62,1,57,-2,57,-2,47,-2,53,-4,51,-5,53,0,0]"
CSI_DATA,241,1a:00:00:00:00:00,-54,11,1,0,1,1,1,0,0,0,1,-96,0,11,2,3334490,0,44,0,384,0,"[0,0,0,0,0,0,0,0,0,0,0,0,-2,-6,-2,-6,-2,-6,-2,-6,-2,-5,-2,-5,-1,-4,-1,-4,-1,-4,-2,-4,-1,-4,-1,-3,-2,-3,-1,-3,-2,-3,-1,-2,-2,-2,-2,-2,-2,-2,-2,-2,-2,-2,-3,-2,-2,-1,-3,-2,-3,-2,-2,-2,0,0,-2,-2,-2,-3,-3,-3,-3,-2,-2,-3,-2,-3,-2,-3,-2,-3,-2,-2,-1,-2,-2,-2,-1,-2,-1,-2,-1,-2,-2,-2,-1,-1,-1,-2,-1,-1,-1,-1,-1,-1,-2,-1,-1,-1,-1,-2,-1,-1,-2,-2,-1,-2,0,0,0,0,0,0,0,0,0,0,0,0,0,0,-11,-19,-9,-17,-9,-17,-8,-17,-6,-16,-6,-15,-6,-15,-6,-14,-5,-12,-3,-12,-3,-12,-3,-13,-2,-11,-4,-9,-2,-8,-4,-8,-4,-7,-2,-6,-3,-6,-2,-5,-4,-6,-5,-6,-5,-5,-5,-4,-4,-2,-5,-4,-6,-5,-7,-2,-6,-4,-6,-4,-6,-5,-6,-6,-7,-6,-7,-4,-4,-6,-5,-5,-4,-6,-5,-6,-5,-7,-2,-6,-3,-5,-2,-5,-1,-5,-3,-5,-3,-6,-2,-3,0,-4,-3,-4,-2,-2,-3,-3,-4,-4,-3,-3,-3,-3,-4,-4,-3,-3,-4,-4,-2,-4,0,0,0,0,0,0,0,0,0,0,0,0,0,0,0,0,0,0,0,0,0,0,-12,15,-15,16,-17,16,-20,15,-23,13,-24,11,-25,9,-27,8,-31,6,-33,4,-33,2,-34,-3,-37,-5,-35,-7,-36,-10,-36,-14,-35,-18,-35,-20,-33,-21,-32,-27,-31,-30,-32,-31,-27,-35,-27,-36,-22,-38,-20,-40,-15,-41,-16,-41,-12,-43,-7,-43,-6,-43,-4,-43,0,-42,-1,-42,0,-41,3,-39,4,-37,5,-38,8,-35,9,-36,10,-34,13,-33,11,-31,13,-33,15,-29,14,-27,17,-25,17,-27,16,-24,17,-23,18,-20,17,-22,19,-21,17,-18,18,-18,19,-16,19,-13,0,0]"
CSI_DATA,242,1a:00:00:00:00:00,-54,11,1,0,1,1,1,0,0,0,1,-96,0,11,2,3345007,0,44,0,384,0,"[0,0,0,0,0,0,0,0,0,0,0,0,1,-6,1,-6,0,-6,1,-5,1,-5,1,-5,1,-5,1,-4,1,-4,0,-4,1,-3,0,-3,0,-4,-1,-3,-1,-3,0,-2,-1,-2,-1,-2,-1,-3,-2,-3,-2,-3,-2,-3,-1,-3,-2,-3,-2,-3,-2,-3,0,0,-2,-3,-1,-4,-1,-3,-1,-3,-1,-3,-1,-3,-1,-3,0,-3,-1,-3,-1,-2,-1,-2,0,-2,0,-2,0,-2,0,-2,-1,-2,0,-2,-1,-2,-1,-2,-1,-2,-1,-2,-1,-2,-1,-2,-1,-2,-1,-2,-1,-2,0,0,0,0,0,0,0,0,0,0,0,0,0,0,1,-21,1,-18,2,-20,3,-20,2,-17,2,-16,1,-17,0,-14,3,-12,2,-15,2,-11,2,-10,1,-11,1,-9,0,-10,0,-10,0,-8,-1,-6,-1,-6,-2,-5,-1,-6,-1,-5,-3,-4,-5,-4,-3,-4,-6,-4,-4,-6,-5,-6,-3,-6,-3,-7,-3,-7,-4,-7,-5,-6,-4,-6,-3,-6,-4,-8,-4,-8,-4,-8,-3,-8,1,-7,-2,-6,-1,-6,-1,-6,0,-7,-1,-6,-1,-4,-2,-5,-2,-4,-1,-3,-1,-4,-3,-3,-3,-4,-3,-3,-1,-4,-4,-4,-3,-2,-1,-5,0,0,0,0,0,0,0,0,0,0,0,0,0,0,0,0,0,0,0,0,0,0,-23,-2,-21,-5,-24,-7,-24,-11,-23,-14,-22,-16,-22,-19,-21,-21,-21,-22,-21,-26,-19,-27,-18,-29,-18,-32,-17,-34,-14,-37,-9,-38,-9,-41,-4,-39,-3,-43,0,-43,5,-43,7,-42,8,-42,12,-45,15,-41,16,-41,18,-40,23,-35,24,-36,26,-37,26,-33,27,-33,29,-29,30,-27,30,-26,32,-25,30,-23,30,-23,29,-20,30,-22,32,-18,30,-17,32,-15,32,-14,32,-14,32,-12,30,-10,28,-9,28,-8,27,-6,27,-7,26,-3,25,-4,25,-3,24,-4,23,-3,24,-1,0,0]"
CSI_DATA,243,1a:00:00:00:00:00,-54,11,1,0,1,1,1,0,0,0,1,-96,0,11,2,3354775,0,44,0,384,0,"[0,0,0,0,0,0,0,0,0,0,0,0,5,-3,4,-3,4,-3,4,-2,3,-2,3,-2,3,-2,2,-2,3,-2,2,-2,2,-2,2,-2,1,-1,1,-1,1,-2,1,-2,1,-2,1,-2,0,-2,0,-2,0,-2,0,-2,0,-3,0,-3,0,-3,1,-3,0,0,0,-3,0,-3,0,-3,1,-2,1,-2,0,-3,0,-3,1,-2,1,-2,1,-2,1,-2,1,-2,0,-2,0,-2,1,-1,0,-1,0,-2,0,-1,0,-1,0,-1,0,-1,0,-2,0,-2,0,-2,0,-2,0,-2,0,0,0,0,0,0,0,0,0,0,0,0,0,0,38,-10,35,-11,34,-15,29,-10,32,-9,26,-8,27,-6,27,-7,25,-6,25,-3,21,-5,16,-7,18,-6,17,-7,13,-7,12,-5,15,-4,10,-6,9,-3,9,-6,10,-8,6,-9,8,-7,5,-7,7,-9,7,-9,6,-12,6,-9,7,-9,5,-13,9,-12,8,-14,5,-14,9,-11,7,-10,7,-10,8,-7,12,-5,7,-8,9,-13,12,-10,12,-12,10,-4,6,-8,8,-6,8,-7,7,-7,7,-1,4,-2,4,-6,4,-6,4,-8,4,-5,6,-8,4,-8,6,-10,9,-8,0,0,0,0,0,0,0,0,0,0,0,0,0,0,0,0,0,0,0,0,0,0,-11,-45,-5,-46,-1,-48,1,-51,8,-52,14,-50,16,-50,22,-55,25,-52,34,-52,41,-56,45,-51,48,-51,56,-51,55,-45,61,-47,63,-40,70,-36,72,-32,80,-27,81,-23,85,-19,86,-12,86,-10,86,-1,88,4,82,9,85,16,82,15,79,21,79,26,76,28,74,34,72,31,69,35,68,37,65,35,63,42,55,40,56,40,53,45,53,43,51,42,52,46,42,46,43,45,33,44,34,46,34,44,33,50,33,44,33,39,22,41,25,40,25,42,23,44,20,43,0,0]"
CSI_DATA,244,1a:00:00:00:00:00,-55,11,1,0,1,1,1,0,0,0,1,-96,0,11,2,3383882,0,44,0,384,0,"[0,0,0,0,0,0,0,0,0,0,0,0,-6,1,-5,1,-5,0,-5,0,-5,0,-4,0,-4,1,-4,1,-4,0,-3,0,-3,1,-3,1,-2,0,-2,0,-2,1,-2,1,-2,1,-2,1,-1,1,-1,1,-1,1,-1,1,-2,2,-1,1,-2,1,-2,2,0,0,-3,2,-2,1,-2,2,-3,2,-2,1,-2,1,-2,1,-2,1,-3,1,-3,1,-3,0,-2,1,-2,0,-1,0,-2,0,-2,0,-1,0,-1,0,-1,0,-1,0,-1,0,-1,1,-1,1,-1,1,-1,0,-2,0,0,0,0,0,0,0,0,0,0,0,0,0,0,0,-19,5,-18,4,-17,4,-15,4,-17,2,-15,2,-15,1,-12,3,-12,2,-12,1,-12,1,-10,0,-10,2,-9,1,-7,0,-6,2,-7,0,-5,4,-6,0,-5,2,-5,2,-4,3,-4,2,-5,4,-7,4,-5,5,-5,5,-6,5,-6,6,-4,5,-7,4,-7,6,-4,4,-7,5,-7,4,-7,2,-7,1,-7,2,-5,2,-6,4,-7,2,-5,-1,-5,1,-4,-1,-5,0,-4,1,-4,-1,-3,1,-3,1,-4,1,-4,0,-5,2,-1,1,-2,1,-3,1,-4,1,-5,2,0,0,0,0,0,0,0,0,0,0,0,0,0,0,0,0,0,0,0,0,0,0,12,18,11,19,10,22,7,24,4,24,1,26,1,27,-2,28,-5,31,-8,29,-10,30,-13,31,-14,32,-20,33,-21,32,-24,28,-27,29,-30,25,-31,24,-35,23,-37,20,-40,17,-42,15,-41,13,-44,10,-44,7,-43,4,-44,0,-43,-2,-44,-5,-41,-6,-40,-8,-39,-11,-40,-13,-38,-15,-36,-15,-32,-16,-32,-18,-31,-18,-32,-19,-30,-20,-28,-19,-27,-22,-26,-22,-23,-22,-22,-20,-21,-23,-20,-22,-17,-24,-17,-24,-18,-22,-15,-23,-12,-23,-11,-21,-11,-22,-10,-22,-10,-21,0,0]"
CSI_DATA,245,1a:00:00:00:00:00,-55,11,1,0,1,1,1,0,0,0,1,-96,0,11,2,3394012,0,44,0,384,0,"[0,0,0,0,0,0,0,0,0,0,0,0,-6,0,-5,0,-5,-1,-5,-1,-5,-1,-4,0,-4,0,-4,0,-4,0,-3,-1,-3,0,-3,0,-3,0,-3,0,-2,0,-2,0,-2,1,-2,1,-2,1,-2,1,-2,1,-2,1,-3,1,-2,1,-2,1,-3,1,0,0,-3,1,-3,1,-3,1,-3,1,-3,1,-2,0,-3,0,-2,0,-3,0,-3,0,-3,-1,-2,0,-2,0,-2,0,-2,-1,-2,-1,-1,0,-2,0,-2,-1,-2,0,-2,0,-1,0,-2,0,-2,0,-2,0,-1,0,0,0,0,0,0,0,0,0,0,0,0,0,0,0,-17,-3,-16,-1,-17,-1,-18,-2,-16,-2,-13,-2,-15,-3,-13,-4,-12,-2,-10,-4,-11,-3,-8,-3,-9,-2,-9,-2,-6,-1,-7,-1,-8,-2,-6,0,-7,1,-6,0,-4,0,-5,1,-5,1,-6,1,-6,3,-5,3,-6,4,-6,3,-6,4,-5,5,-4,4,-8,4,-7,4,-7,2,-7,3,-7,1,-8,-1,-9,2,-7,0,-7,1,-8,0,-6,0,-5,-3,-5,-1,-5,-1,-4,0,-5,0,-3,-1,-3,0,-3,1,-5,1,-4,1,-3,0,-3,0,-3,2,-4,1,-6,2,0,0,0,0,0,0,0,0,0,0,0,0,0,0,0,0,0,0,0,0,0,0,-4,21,-6,22,-8,22,-12,24,-13,23,-17,23,-17,23,-21,23,-24,22,-26,19,-29,19,-30,19,-34,16,-36,15,-40,12,-38,7,-40,4,-40,2,-40,0,-43,-3,-43,-5,-45,-10,-42,-10,-41,-12,-40,-18,-42,-19,-40,-22,-39,-25,-36,-26,-36,-27,-32,-30,-31,-31,-28,-32,-28,-32,-26,-30,-23,-33,-21,-31,-20,-33,-17,-31,-19,-34,-17,-35,-15,-31,-12,-33,-13,-32,-12,-31,-10,-31,-7,-31,-7,-30,-7,-30,-3,-28,-5,-26,-3,-27,-1,-24,1,-24,0,-25,0,-24,2,-23,0,0]"
CSI_DATA,246,1a:00:00:00:00:00,-54,11,1,0,1,1,1,0,0,0,1,-96,0,11,2,3423860,0,44,0,384,0,"[0,0,0,0,0,0,0,0,0,0,0,0,3,-5,3,-4,2,-4,2,-4,2,-3,2,-3,2,-3,2,-3,1,-3,1,-3,1,-3,1,-3,0,-2,0,-2,0,-3,0,-3,0,-3,0,-3,-1,-3,-1,-3,-1,-3,0,-3,0,-3,-1,-4,-1,-4,0,-3,0,0,0,-4,0,-4,0,-4,1,-3,0,-4,1,-4,1,-4,1,-3,1,-2,1,-2,1,-2,1,-3,1,-2,1,-2,1,-2,1,-1,1,-2,1,-1,0,-1,0,-2,0,-1,0,-2,0,-2,0,-2,0,-2,0,-2,0,0,0,0,0,0,0,0,0,0,0,0,0,0,18,-28,22,-28,14,-28,13,-27,13,-25,10,-18,13,-17,13,-22,12,-17,12,-15,9,-18,10,-14,5,-17,7,-12,3,-12,4,-16,2,-11,0,-12,2,-11,-5,-13,-3,-13,-5,-14,-2,-11,-4,-8,-6,-13,-7,-9,-8,-18,-4,-14,-7,-17,-6,-19,-4,-18,-7,-15,-5,-20,-4,-18,-3,-20,0,-15,1,-19,-1,-17,-1,-17,2,-18,1,-18,3,-15,2,-16,6,-9,-1,-11,4,-14,1,-9,2,-7,3,-6,-2,-8,-2,-7,1,-7,-3,-8,-1,-9,0,-8,3,-7,-1,-10,0,0,0,0,0,0,0,0,0,0,0,0,0,0,0,0,0,0,0,0,0,0,-28,-32,-24,-36,-23,-42,-18,-46,-19,-52,-14,-51,-7,-52,-9,-57,-4,-60,2,-62,9,-66,12,-67,17,-72,21,-72,26,-71,34,-66,37,-69,44,-68,47,-67,57,-61,59,-60,62,-58,67,-52,68,-50,75,-44,76,-41,78,-37,77,-34,82,-28,80,-26,83,-19,82,-17,81,-12,77,-7,82,-8,79,-3,76,-2,74,0,73,4,71,4,69,9,69,8,63,12,67,12,58,15,59,19,59,19,56,19,54,18,48,22,46,23,48,21,42,21,42,21,44,20,36,22,37,23,0,0]"
CSI_DATA,247,1a:00:00:00:00:00,-54,11,1,0,1,1,1,0,0,0,1,-96,0,11,2,3436148,0,44,0,384,0,"[0,0,0,0,0,0,0,0,0,0,0,0,4,-1,4,-1,4,0,4,0,3,0,3,-1,3,-1,3,-1,2,-1,2,-1,2,-1,2,-1,1,-1,1,-1,1,-2,1,-2,1,-2,1,-3,1,-2,0,-2,1,-2,1,-3,1,-3,1,-3,1,-3,1,-4,0,0,2,-4,1,-3,1,-3,2,-3,1,-3,1,-3,2,-3,2,-3,2,-3,2,-2,2,-2,1,-2,1,-2,1,-2,1,-2,2,-1,1,-1,1,-1,1,-1,1,-1,1,-1,0,-1,0,-2,0,-1,1,-1,1,-1,0,0,0,0,0,0,0,0,0,0,0,0,0,0,36,-7,30,-3,28,-9,29,-8,29,-3,27,-3,25,-4,22,-4,18,-3,18,-7,16,-7,12,-5,17,-5,15,-4,9,-5,9,-8,11,-9,7,-9,9,-12,8,-13,4,-10,3,-12,4,-10,4,-14,4,-16,6,-14,5,-17,4,-13,11,-16,8,-19,6,-16,6,-21,8,-16,8,-22,10,-18,8,-17,11,-15,15,-14,14,-11,12,-16,13,-13,12,-9,10,-9,11,-6,8,-7,6,-7,7,-7,6,-4,6,-8,5,-7,6,-7,5,-5,3,-5,7,-4,5,-4,5,-8,9,-6,0,0,0,0,0,0,0,0,0,0,0,0,0,0,0,0,0,0,0,0,0,0,13,-37,19,-43,25,-40,33,-44,34,-40,40,-39,41,-38,43,-40,50,-38,55,-28,59,-28,62,-25,69,-23,73,-19,75,-15,73,-9,84,-6,82,5,87,3,85,9,84,17,88,18,83,27,83,35,79,38,80,41,75,45,78,51,71,48,71,55,63,54,61,60,59,57,54,58,55,59,49,60,48,59,44,60,34,63,38,62,34,63,33,58,32,62,30,59,22,57,29,59,23,60,23,55,19,54,15,51,11,52,11,49,10,52,7,42,7,45,6,46,4,42,0,0]"
CSI_DATA,248,1a:00:00:00:00:00,-54,11,1,0,1,1,1,0,0,0,1,-96,0,11,2,3443862,0,44,0,384,0,"[0,0,0,0,0,0,0,0,0,0,0,0,-4,-3,-4,-3,-4,-3,-4,-3,-3,-2,-3,-2,-3,-2,-3,-2,-3,-2,-3,-2,-2,-1,-3,0,-3,-1,-2,-1,-3,-1,-2,0,-3,0,-3,0,-3,0,-3,0,-3,0,-3,1,-3,1,-4,0,-3,1,-4,1,0,0,-4,1,-4,0,-4,0,-4,0,-4,0,-4,-1,-4,-1,-4,-1,-4,-1,-4,0,-4,-1,-3,-1,-2,-1,-3,-1,-3,-1,-3,-1,-2,-1,-3,-1,-2,-1,-2,-1,-2,-1,-2,-1,-2,-1,-2,-1,-2,-1,-2,-1,0,0,0,0,0,0,0,0,0,0,0,0,0,0,-26,-26,-25,-17,-25,-20,-24,-20,-24,-19,-20,-16,-21,-10,-14,-14,-19,-13,-18,-8,-17,-10,-18,-10,-15,-9,-12,-5,-13,-4,-14,-4,-13,0,-14,-2,-10,1,-9,3,-9,3,-12,4,-12,5,-16,6,-18,4,-18,5,-18,8,-20,4,-20,4,-15,6,-20,8,-20,3,-19,5,-25,3,-19,4,-22,1,-21,0,-23,1,-22,-5,-17,-2,-15,-7,-17,-1,-14,-6,-16,-5,-13,-3,-12,-3,-13,-2,-11,-7,-8,-4,-12,0,-5,-2,-9,-1,-11,-4,-8,-2,-8,-2,-11,0,-9,-1,0,0,0,0,0,0,0,0,0,0,0,0,0,0,0,0,0,0,0,0,0,0,-36,19,-43,17,-45,13,-47,11,-51,7,-55,3,-54,-1,-59,-3,-62,-8,-60,-13,-65,-19,-65,-22,-67,-26,-64,-32,-65,-39,-63,-44,-67,-46,-58,-50,-63,-58,-54,-65,-50,-69,-49,-73,-42,-74,-39,-80,-35,-81,-31,-82,-26,-86,-22,-86,-18,-84,-16,-81,-11,-85,-5,-83,-1,-81,3,-79,7,-78,7,-78,5,-73,7,-79,14,-72,15,-71,16,-67,15,-64,20,-63,23,-65,22,-57,21,-56,28,-55,24,-52,24,-52,28,-43,30,-42,29,-45,22,-44,24,-37,27,-34,23,-38,21,-31,0,0]"
CSI_DATA,249,1a:00:00:00:00:00,-53,11,1,0,1,1,1,0,0,0,1,-96,0,11,2,3476818,0,44,0,384,0,"[0,0,0,0,0,0,0,0,0,0,0,0,3,-4,3,-3,3,-3,2,-3,2,-3,2,-3,1,-3,1,-3,1,-3,1,-2,1,-3,0,-3,0,-3,0,-2,-1,-3,-1,-3,-1,-4,-1,-3,-1,-3,-1,-3,-2,-3,-2,-3,-1,-4,-2,-4,-1,-4,-1,-4,0,0,-1,-4,-1,-4,-1,-4,-1,-5,-1,-4,-1,-4,-1,-4,0,-4,0,-4,0,-4,0,-3,0,-3,0,-3,0,-3,0,-2,1,-2,0,-3,0,-2,0,-2,0,-2,0,-2,0,-2,0,-3,0,-2,0,-2,0,-2,0,0,0,0,0,0,0,0,0,0,0,0,0,0,11,-12,13,-11,9,-10,8,-9,9,-10,9,-8,7,-9,8,-8,6,-8,4,-8,4,-7,1,-8,1,-7,4,-7,0,-7,1,-6,1,-7,-1,-7,1,-7,-2,-7,-4,-8,-2,-9,-1,-8,-2,-8,-3,-10,-3,-6,-2,-10,-2,-10,-4,-9,-3,-10,-3,-11,-4,-12,-4,-11,0,-10,-3,-14,-2,-9,0,-10,0,-10,1,-10,2,-12,1,-10,2,-10,2,-7,1,-9,0,-7,1,-7,3,-6,1,-5,1,-8,1,-7,1,-6,1,-6,0,-5,1,-3,1,-5,0,-6,2,-4,0,0,0,0,0,0,0,0,0,0,0,0,0,0,0,0,0,0,0,0,0,0,-1,-22,1,-21,4,-24,6,-25,8,-24,10,-24,12,-25,14,-26,16,-27,20,-26,23,-26,23,-24,26,-24,28,-22,30,-21,32,-21,34,-19,37,-15,36,-14,39,-13,41,-11,42,-8,44,-6,45,-3,45,0,45,1,43,4,43,5,43,8,40,9,40,13,40,12,39,13,36,13,36,14,34,14,34,16,33,18,30,17,29,19,28,18,28,19,24,19,27,21,23,19,23,17,21,18,20,17,20,19,18,19,17,18,16,16,14,15,13,15,12,16,14,14,11,14,0,0]"
CSI_DATA,250,1a:00:00:00:00:00,-53,11,1,0,1,1,1,0,0,0,1,-96,0,11,2,3483822,0,44,0,384,0,"[0,0,0,0,0,0,0,0,0,0,0,0,3,-4,3,-3,3,-3,2,-3,2,-2,2,-3,1,-3,1,-2,1,-3,0,-2,1,-3,1,-3,0,-2,0,-2,0,-3,0,-3,0,-3,0,-3,-1,-3,-1,-3,-1,-4,-1,-4,0,-4,-2,-4,-1,-4,0,-4,0,0,0,-4,-1,-4,0,-5,0,-4,0,-4,1,-4,0,-4,0,-4,2,-3,2,-4,1,-3,1,-3,1,-3,1,-3,1,-2,1,-2,0,-2,1,-2,1,-2,1,-2,1,-2,0,-2,0,-2,1,-2,1,-2,0,-2,0,0,0,0,0,0,0,0,0,0,0,0,0,0,10,-11,8,-10,8,-13,9,-10,7,-12,6,-8,8,-10,6,-10,7,-7,2,-6,2,-9,2,-8,3,-7,1,-5,-1,-6,1,-6,0,-8,-2,-7,-3,-7,-2,-7,-4,-8,-4,-9,-3,-7,-4,-8,-4,-10,-4,-8,-7,-10,-3,-9,-2,-10,-7,-10,-6,-13,-7,-11,-3,-9,-6,-10,-6,-10,-1,-12,-3,-11,-2,-12,-2,-8,-5,-11,-2,-10,-1,-10,-1,-6,1,-7,-1,-8,-1,-8,-1,-7,-1,-5,0,-7,-1,-7,0,-5,-1,-6,-2,-4,-2,-8,-3,-5,-5,-6,0,-6,0,0,0,0,0,0,0,0,0,0,0,0,0,0,0,0,0,0,0,0,0,0,1,-22,3,-22,3,-24,8,-24,8,-26,12,-23,13,-25,16,-25,19,-27,20,-24,23,-23,25,-23,27,-24,29,-22,31,-20,35,-17,35,-18,38,-15,39,-15,41,-10,39,-10,42,-8,43,-5,43,-4,43,-2,46,0,43,1,44,6,42,9,40,7,41,12,40,13,38,12,37,15,36,15,37,16,34,15,32,15,31,17,30,16,28,18,29,18,27,19,28,18,25,19,21,18,20,18,23,17,20,17,17,17,17,18,16,16,16,15,15,13,14,13,12,15,12,11,0,0]"
CSI_DATA,251,1a:00:00:00:00:00,-53,11,1,0,1,1,1,0,0,0,1,-96,0,11,2,3504283,0,44,0,384,0,"[0,0,0,0,0,0,0,0,0,0,0,0,4,-1,3,-1,3,-1,3,-1,3,-1,3,-1,2,-1,2,-1,2,-2,2,-1,1,-2,2,-2,1,-1,1,-2,1,-2,1,-3,1,-3,1,-3,1,-2,1,-3,1,-3,1,-3,1,-3,1,-3,1,-3,2,-4,0,0,2,-4,2,-3,2,-3,2,-4,2,-3,2,-3,2,-2,2,-2,3,-2,2,-2,2,-2,2,-2,2,-2,2,-1,2,-1,2,-1,1,-1,1,-1,1,-1,1,-1,1,-1,1,-1,1,-1,1,-1,1,-1,1,-1,0,0,0,0,0,0,0,0,0,0,0,0,0,0,31,4,29,3,27,2,23,6,27,4,23,3,21,1,24,1,20,0,17,-1,19,-2,16,1,14,-2,17,-2,12,-5,12,-8,14,-6,13,-12,11,-5,9,-10,11,-12,12,-9,10,-11,12,-15,15,-13,16,-19,15,-17,19,-15,13,-16,16,-19,16,-13,13,-11,17,-13,19,-10,17,-15,19,-9,18,-10,18,-8,18,-4,19,-4,16,-6,18,-4,16,-1,16,-3,15,-4,14,-1,11,-3,11,0,9,-3,8,-1,11,0,8,-1,7,2,8,0,11,-2,8,2,11,2,0,0,0,0,0,0,0,0,0,0,0,0,0,0,0,0,0,0,0,0,0,0,17,-37,22,-40,26,-40,31,-37,39,-36,38,-34,45,-35,50,-30,53,-32,59,-24,63,-22,70,-18,68,-16,74,-8,75,0,78,5,80,6,83,12,79,17,79,27,80,30,83,34,78,41,75,46,73,55,71,57,63,56,61,61,57,66,52,65,48,67,47,71,41,71,36,68,31,74,30,69,29,73,24,70,19,69,20,67,16,65,16,66,11,65,9,68,4,59,4,58,2,52,-3,53,-1,55,-2,50,-4,49,-2,47,-4,45,-3,44,-4,40,-6,42,-4,39,0,0]"
CSI_DATA,252,1a:00:00:00:00:00,-53,11,1,0,1,1,1,0,0,0,1,-96,0,11,2,3517925,0,44,0,384,0,"[0,0,0,0,0,0,0,0,0,0,0,0,3,2,3,1,3,2,3,2,3,1,2,1,2,1,2,0,2,0,2,0,2,0,2,-1,2,0,2,-1,2,-1,2,-1,2,-2,2,-2,2,-2,2,-2,3,-2,3,-2,2,-2,3,-2,3,-1,3,-2,0,0,3,-3,3,-1,3,-1,4,-2,3,-1,3,-1,3,-1,3,0,3,-1,3,-1,3,0,2,0,2,0,2,0,2,0,2,0,1,0,2,0,2,0,2,0,1,0,1,0,1,0,1,0,1,0,2,0,0,0,0,0,0,0,0,0,0,0,0,0,0,0,7,12,8,13,10,9,9,11,7,10,7,11,8,8,7,10,6,7,5,6,5,6,4,5,5,5,5,3,5,4,5,2,8,3,8,2,7,-2,6,0,7,-1,5,0,8,-2,9,-1,9,-2,8,-1,9,-1,10,-3,10,0,8,0,9,0,9,-1,10,1,10,0,8,0,11,1,11,2,10,2,10,4,8,2,8,3,6,4,9,5,7,5,8,3,5,2,5,3,6,2,7,2,4,1,3,3,6,2,4,2,4,3,3,2,3,3,4,3,0,0,0,0,0,0,0,0,0,0,0,0,0,0,0,0,0,0,0,0,0,0,20,0,22,2,23,4,25,8,24,8,23,11,24,15,22,17,23,21,24,21,22,23,23,25,22,30,21,30,19,33,16,34,16,37,13,39,12,40,6,42,6,41,3,43,1,39,0,42,-3,42,-6,43,-8,41,-12,45,-14,41,-15,41,-15,35,-17,39,-19,34,-22,34,-22,33,-21,32,-21,28,-20,30,-22,30,-21,28,-24,29,-22,25,-24,24,-23,22,-23,19,-25,22,-23,20,-22,16,-21,15,-21,14,-20,15,-20,12,-19,13,-19,10,-17,10,-18,10,-17,10,0,0]"
CSI_DATA,253,1a:00:00:00:00:00,-53,11,1,0,1,1,1,0,0,0,1,-96,0,11,2,3524075,0,44,0,384,0,"[0,0,0,0,0,0,0,0,0,0,0,0,-2,-5,-2,-4,-2,-4,-3,-4,-3,-4,-2,-4,-2,-3,-2,-3,-2,-3,-2,-3,-2,-2,-2,-2,-3,-2,-3,-2,-3,-2,-3,-1,-3,-1,-3,-1,-4,-1,-4,-1,-4,-1,-4,-2,-4,-1,-4,-2,-5,-2,-4,-1,0,0,-4,-1,-4,-3,-4,-3,-4,-2,-4,-3,-4,-3,-4,-3,-4,-3,-3,-2,-3,-2,-3,-3,-2,-3,-2,-3,-2,-3,-2,-2,-2,-2,-2,-2,-2,-2,-2,-2,-2,-2,-2,-2,-2,-2,-2,-2,-2,-2,-2,-2,-2,-2,0,0,0,0,0,0,0,0,0,0,0,0,0,0,-2,-17,-4,-15,-3,-15,-3,-14,-4,-13,-3,-13,-3,-10,-3,-10,-4,-8,-5,-10,-3,-10,-4,-9,-4,-7,-4,-6,-7,-6,-6,-7,-5,-5,-6,-5,-5,-2,-7,-3,-8,-3,-8,-4,-9,-3,-9,-2,-10,-2,-10,-1,-9,-3,-10,-3,-11,-4,-11,-5,-11,-2,-11,-4,-11,-5,-11,-4,-10,-4,-10,-4,-13,-6,-11,-5,-10,-6,-9,-6,-7,-7,-8,-6,-8,-6,-8,-6,-6,-6,-4,-5,-5,-5,-5,-6,-3,-4,-6,-3,-5,-4,-4,-4,-5,-3,-3,-5,-6,-4,-5,-4,-3,-4,0,0,0,0,0,0,0,0,0,0,0,0,0,0,0,0,0,0,0,0,0,0,-17,-15,-17,-16,-15,-18,-16,-22,-15,-23,-11,-23,-11,-27,-10,-27,-11,-31,-7,-33,-6,-34,-5,-35,-2,-37,-1,-39,3,-39,6,-37,6,-42,9,-39,11,-40,15,-40,19,-40,21,-39,22,-37,24,-37,27,-35,28,-35,31,-33,32,-33,32,-28,33,-27,34,-26,34,-26,33,-22,37,-20,35,-20,34,-18,33,-18,34,-16,33,-14,33,-13,33,-13,31,-11,32,-9,31,-10,29,-8,28,-5,26,-6,28,-6,27,-4,24,-6,22,-5,24,-5,23,-2,19,-5,19,-3,19,-2,19,-5,0,0]"
CSI_DATA,254,1a:00:00:00:00:00,-53,11,1,0,1,1,1,0,0,0,1,-96,0,11,2,3533915,0,44,0,384,0,"[0,0,0,0,0,0,0,0,0,0,0,0,-1,4,-1,4,-1,4,-1,3,0,3,-1,3,-1,3,-1,2,-1,3,0,3,0,2,0,2,1,2,1,2,1,2,1,1,1,2,1,2,2,2,2,2,2,2,2,2,1,2,2,3,2,3,2,3,0,0,2,3,1,3,2,3,1,3,1,4,1,4,1,3,0,4,0,3,0,2,0,3,-1,3,-1,3,-1,2,0,2,0,2,-1,2,0,1,0,1,0,1,-1,1,-1,1,-1,1,-1,1,0,1,-1,1,0,0,0,0,0,0,0,0,0,0,0,0,0,0,-1,29,-7,28,-2,24,-2,27,-7,26,-6,23,0,20,-5,17,-1,17,1,19,-1,18,3,15,2,15,1,17,5,12,7,11,6,12,6,11,4,10,5,14,10,10,12,15,12,14,11,9,12,13,13,16,15,16,12,13,9,15,11,19,10,22,8,18,12,17,11,18,8,19,7,21,8,20,8,17,4,20,3,18,5,16,-3,17,1,15,-2,16,-1,15,-2,15,-4,11,1,12,-2,11,0,14,-2,7,-2,10,-2,10,1,9,0,11,-2,11,-3,6,0,0,0,0,0,0,0,0,0,0,0,0,0,0,0,0,0,0,0,0,0,0,43,13,40,19,41,25,39,27,38,37,35,41,35,43,32,48,30,56,26,59,24,66,20,65,19,71,10,75,3,72,3,79,-4,80,-13,78,-14,77,-21,78,-29,78,-34,82,-40,79,-43,75,-50,71,-56,72,-59,66,-61,61,-68,58,-66,53,-66,46,-67,44,-73,40,-66,42,-75,34,-70,32,-71,26,-68,22,-68,22,-70,16,-64,12,-70,14,-68,12,-63,7,-59,2,-56,10,-57,-1,-58,2,-53,-5,-55,-5,-49,-5,-45,-3,-43,-7,-43,-6,-40,-11,-40,-7,-35,-9,0,0]"
CSI_DATA,255,1a:00:00:00:00:00,-53,11,1,0,1,1,1,0,0,0,1,-96,0,11,2,3545275,0,44,0,384,0,"[0,0,0,0,0,0,0,0,0,0,0,0,-4,-2,-4,-2,-4,-3,-4,-2,-4,-2,-3,-2,-3,-2,-3,-1,-3,-1,-4,-1,-3,-1,-3,0,-3,-1,-3,0,-3,0,-3,1,-3,1,-3,1,-4,1,-4,1,-4,1,-4,1,-4,1,-4,1,-4,1,-4,2,0,0,-4,1,-5,0,-5,0,-5,1,-5,0,-4,-1,-4,0,-4,-1,-4,-1,-4,0,-4,0,-3,-1,-3,-1,-3,-1,-3,-1,-3,-1,-3,-1,-3,-1,-3,-1,-2,-1,-3,-1,-2,-1,-2,-1,-3,-1,-3,-1,-3,-1,0,0,0,0,0,0,0,0,0,0,0,0,0,0,-15,-9,-13,-8,-14,-6,-11,-8,-13,-5,-10,-6,-8,-5,-10,-4,-9,-6,-7,-4,-9,-4,-9,-1,-9,-3,-7,-2,-6,-2,-7,0,-7,2,-7,2,-7,3,-7,0,-8,2,-6,2,-9,4,-8,4,-9,5,-8,5,-7,4,-11,6,-10,5,-8,4,-9,5,-10,5,-10,3,-12,5,-10,4,-10,3,-11,2,-8,5,-12,0,-11,2,-10,0,-7,0,-10,-1,-10,-2,-8,-1,-8,-1,-8,1,-6,0,-8,0,-6,0,-6,0,-6,0,-8,0,-6,0,-4,0,-6,-1,-7,-2,0,0,0,0,0,0,0,0,0,0,0,0,0,0,0,0,0,0,0,0,0,0,-20,6,-23,3,-24,0,-26,-1,-26,-3,-28,-7,-26,-7,-27,-8,-30,-12,-28,-14,-30,-15,-29,-19,-32,-22,-30,-25,-30,-28,-27,-29,-27,-32,-25,-32,-25,-36,-20,-38,-21,-38,-19,-42,-14,-40,-12,-42,-11,-43,-11,-43,-7,-44,-4,-44,-2,-42,-2,-45,3,-42,3,-42,4,-42,5,-40,7,-38,7,-40,9,-35,9,-37,8,-33,13,-34,11,-35,11,-31,12,-31,13,-31,14,-28,13,-27,13,-24,13,-23,14,-23,14,-21,13,-20,11,-21,12,-20,10,-17,11,-20,9,-18,7,-15,0,0]"
CSI_DATA,256,1a:00:00:00:00:00,-53,11,1,0,1,1,1,0,0,0,1,-96,0,11,2,3554794,0,44,0,384,0,"[0,0,0,0,0,0,0,0,0,0,0,0,-5,0,-5,0,-5,-1,-4,0,-4,-1,-4,0,-4,0,-3,0,-3,0,-3,0,-3,0,-3,1,-3,1,-3,1,-3,1,-3,1,-2,2,-2,2,-2,2,-2,2,-3,2,-3,2,-3,3,-2,2,-3,2,-3,3,0,0,-3,3,-3,2,-4,2,-4,2,-4,2,-4,1,-3,1,-3,1,-4,1,-4,1,-4,0,-3,0,-3,0,-3,0,-3,0,-3,0,-3,0,-3,0,-3,0,-3,0,-3,0,-2,0,-2,0,-2,0,-2,0,-2,0,0,0,0,0,0,0,0,0,0,0,0,0,0,0,-29,-9,-28,-2,-28,-3,-31,-7,-26,-3,-26,-3,-22,-1,-23,0,-19,-4,-17,-4,-17,-1,-13,1,-14,2,-16,-2,-13,4,-13,3,-16,8,-12,5,-14,7,-11,8,-9,11,-12,11,-15,12,-11,9,-13,12,-13,14,-10,16,-19,18,-19,13,-15,15,-11,14,-14,12,-18,17,-20,11,-18,13,-19,11,-20,9,-19,9,-20,8,-18,5,-19,9,-17,5,-18,4,-18,1,-12,2,-16,4,-15,7,-14,2,-12,3,-13,3,-14,7,-12,6,-9,3,-11,4,-10,8,-10,2,-13,2,0,0,0,0,0,0,0,0,0,0,0,0,0,0,0,0,0,0,0,0,0,0,-34,29,-36,27,-44,24,-49,22,-52,20,-55,15,-57,10,-59,8,-64,2,-65,2,-69,-2,-70,-4,-74,-12,-72,-19,-71,-22,-72,-32,-75,-35,-73,-38,-70,-45,-70,-51,-66,-54,-63,-61,-61,-62,-60,-68,-59,-71,-51,-72,-45,-70,-43,-78,-39,-80,-33,-79,-29,-80,-24,-80,-20,-80,-18,-75,-14,-78,-8,-77,-12,-75,-8,-75,-12,-73,-6,-72,-3,-70,-1,-70,2,-67,1,-69,2,-58,5,-53,5,-54,7,-59,5,-53,8,-48,9,-49,8,-46,12,-43,7,-43,11,-35,4,-39,13,-38,0,0]"
CSI_DATA,257,1a:00:00:00:00:00,-52,11,1,0,1,1,1,0,0,0,1,-96,0,11,2,3563832,0,44,0,384,0,"[0,0,0,0,0,0,0,0,0,0,0,0,4,-3,3,-3,3,-2,3,-2,3,-2,2,-3,2,-3,2,-3,1,-3,1,-2,2,-3,1,-3,1,-2,1,-3,0,-3,1,-3,1,-4,0,-4,0,-3,0,-4,0,-4,0,-4,1,-4,0,-4,0,-4,1,-5,0,0,1,-5,0,-4,1,-4,1,-5,1,-4,1,-4,1,-4,1,-3,2,-4,2,-4,2,-3,1,-3,1,-3,1,-3,1,-2,1,-2,1,-2,1,-2,1,-2,1,-2,1,-2,1,-2,1,-2,1,-2,1,-2,1,-2,0,0,0,0,0,0,0,0,0,0,0,0,0,0,13,-6,13,-7,14,-7,11,-6,12,-5,11,-3,9,-6,11,-4,7,-6,7,-5,8,-5,7,-4,7,-5,6,-7,5,-7,5,-8,4,-7,5,-6,5,-9,3,-8,1,-8,2,-8,3,-9,4,-8,3,-8,2,-9,2,-11,4,-8,3,-12,2,-10,4,-12,5,-12,5,-8,5,-9,5,-11,6,-7,6,-7,8,-8,7,-8,8,-9,7,-7,8,-7,7,-5,5,-4,6,-3,8,-3,5,-4,6,-4,6,-4,4,-5,5,-4,3,-2,4,-3,3,-2,5,-4,5,-4,6,-3,0,0,0,0,0,0,0,0,0,0,0,0,0,0,0,0,0,0,0,0,0,0,-3,-24,0,-24,2,-25,4,-26,6,-26,9,-24,12,-25,15,-26,17,-27,20,-26,24,-26,25,-26,28,-24,32,-24,32,-21,35,-19,36,-17,38,-14,39,-11,41,-8,41,-7,45,-2,42,-1,43,0,45,5,41,6,44,10,42,14,39,16,39,16,35,16,36,21,34,21,32,23,33,24,28,23,27,23,28,23,25,26,25,24,24,26,22,25,19,24,19,26,16,24,14,26,13,24,12,23,13,23,11,23,9,22,9,22,8,20,7,18,7,18,7,17,5,19,0,0]"
CSI_DATA,258,1a:00:00:00:00:00,-52,11,1,0,1,1,1,0,0,0,1,-96,0,11,2,3574765,0,44,0,384,0,"[0,0,0,0,0,0,0,0,0,0,0,0,3,2,3,2,3,2,2,2,3,2,2,1,2,1,2,1,2,0,2,1,2,1,2,0,2,0,2,0,2,0,2,-1,2,-1,2,-1,3,-1,3,-1,3,-1,3,-1,3,-1,3,-1,4,-1,3,-1,0,0,4,-1,3,0,3,0,4,-1,4,0,3,0,3,0,3,0,3,0,3,0,3,0,2,1,2,1,2,1,2,0,2,0,2,0,2,0,2,0,2,0,1,0,1,0,1,0,1,0,1,1,1,0,0,0,0,0,0,0,0,0,0,0,0,0,0,0,11,9,10,9,11,7,10,7,9,10,9,8,7,6,8,4,8,5,8,5,8,5,7,4,6,3,7,2,7,2,7,-1,5,0,5,0,7,-1,7,-1,10,-2,7,-3,7,-2,8,-3,9,-4,9,-5,7,-3,8,-4,11,-5,10,-4,10,-4,9,-4,11,-3,12,-1,11,-1,10,-2,12,1,12,1,12,1,10,0,7,1,9,2,9,1,9,3,7,4,6,0,6,1,7,2,6,2,6,0,5,2,5,2,5,2,4,1,5,1,6,0,5,2,0,0,0,0,0,0,0,0,0,0,0,0,0,0,0,0,0,0,0,0,0,0,22,-6,23,-4,23,-2,27,1,26,2,26,6,28,8,26,9,29,13,27,15,30,17,29,19,31,22,28,24,25,28,24,29,24,33,22,35,21,36,17,40,15,39,14,41,11,41,10,44,7,43,5,43,2,42,-1,43,-3,43,-5,42,-7,40,-8,40,-10,39,-12,37,-12,37,-12,37,-12,34,-15,34,-14,33,-16,33,-16,32,-17,29,-18,29,-17,28,-16,25,-16,23,-18,23,-16,22,-17,19,-18,19,-16,18,-17,19,-17,16,-12,14,-13,15,-15,14,-11,13,0,0]"
CSI_DATA,259,1a:00:00:00:00:00,-52,11,1,0,1,1,1,0,0,0,1,-96,0,11,2,3595513,0,44,0,384,0,"[0,0,0,0,0,0,0,0,0,0,0,0,-1,-5,-1,-5,-2,-4,-2,-4,-2,-4,-1,-4,-2,-4,-2,-3,-2,-3,-2,-3,-2,-3,-2,-3,-3,-3,-3,-2,-3,-2,-3,-2,-3,-2,-3,-2,-4,-2,-4,-2,-4,-2,-4,-2,-3,-2,-4,-2,-4,-3,-4,-2,0,0,-3,-2,-4,-3,-4,-3,-3,-3,-4,-4,-3,-4,-3,-4,-3,-3,-2,-3,-2,-3,-2,-3,-2,-4,-2,-4,-1,-3,-2,-2,-2,-3,-1,-3,-1,-2,-1,-2,-1,-2,-2,-2,-1,-2,-1,-2,-1,-2,-1,-2,-1,-2,0,0,0,0,0,0,0,0,0,0,0,0,0,0,-8,-29,-3,-30,-6,-26,-4,-29,-7,-28,-7,-23,-6,-20,-2,-23,-6,-21,-10,-19,-9,-18,-8,-16,-10,-21,-9,-14,-7,-16,-10,-13,-11,-12,-12,-11,-9,-10,-12,-12,-15,-7,-18,-9,-16,-10,-18,-6,-12,-7,-20,-9,-18,-11,-20,-5,-19,-12,-18,-9,-23,-13,-20,-12,-18,-14,-22,-13,-18,-17,-19,-14,-19,-17,-13,-13,-15,-15,-13,-17,-10,-18,-13,-16,-11,-16,-9,-13,-8,-14,-4,-13,-6,-12,-7,-11,-4,-11,-5,-9,-6,-8,-6,-10,-2,-12,-5,-10,-4,-10,-6,-9,-7,-11,0,0,0,0,0,0,0,0,0,0,0,0,0,0,0,0,0,0,0,0,0,0,-44,-14,-42,-18,-46,-22,-45,-28,-42,-33,-38,-35,-38,-37,-37,-48,-39,-53,-36,-54,-31,-62,-28,-62,-26,-71,-21,-76,-15,-75,-11,-78,-8,-80,-2,-81,2,-83,6,-82,14,-86,20,-88,25,-84,28,-83,34,-83,42,-79,43,-74,47,-73,51,-67,51,-64,55,-62,54,-58,57,-56,59,-52,61,-49,63,-47,60,-43,57,-43,57,-36,61,-36,60,-31,60,-28,59,-26,58,-27,50,-22,57,-23,54,-18,53,-17,46,-14,47,-15,45,-11,47,-12,41,-6,40,-7,38,-12,37,-9,36,-10,0,0]"
CSI_DATA,260,1a:00:00:00:00:00,-52,11,1,0,1,1,1,0,0,0,1,-96,0,11,2,3603941,0,44,0,384,0,"[0,0,0,0,0,0,0,0,0,0,0,0,4,0,3,0,4,0,3,0,3,0,3,-1,3,0,3,-1,3,-1,3,0,2,-1,2,-2,2,-1,2,-2,2,-1,2,-3,2,-2,2,-3,2,-2,2,-2,2,-2,2,-3,3,-3,3,-3,3,-3,3,-3,0,0,3,-3,3,-2,3,-3,4,-3,2,-2,3,-2,3,-2,3,-2,3,-1,3,-2,3,-1,2,-1,2,-1,2,-1,3,-1,2,-1,2,-1,2,-1,2,-1,2,-1,1,-1,1,-1,2,-1,2,-1,2,0,1,0,0,0,0,0,0,0,0,0,0,0,0,0,0,0,32,-5,32,-7,26,-6,26,-5,24,-7,26,-3,22,-5,21,-4,17,-12,15,-7,18,-6,13,-8,14,-10,16,-9,12,-10,11,-11,14,-13,7,-16,8,-12,9,-10,8,-17,7,-16,5,-15,5,-15,9,-19,9,-18,5,-18,7,-21,9,-20,8,-20,8,-21,6,-20,13,-18,13,-18,9,-17,13,-21,12,-16,14,-15,16,-17,14,-19,19,-13,14,-15,18,-13,14,-10,11,-8,12,-12,10,-10,10,-7,12,-7,8,-10,6,-9,11,-7,10,-8,11,-6,6,-9,7,-10,7,-3,0,0,0,0,0,0,0,0,0,0,0,0,0,0,0,0,0,0,0,0,0,0,26,-35,33,-30,39,-33,42,-28,45,-25,47,-23,58,-22,57,-16,61,-16,62,-13,65,-11,71,-6,73,-5,73,5,76,10,75,15,80,16,79,25,74,26,76,36,77,40,74,46,70,50,69,55,68,58,67,57,58,60,56,66,56,70,50,71,42,69,43,73,38,73,34,67,35,72,31,66,29,66,27,69,25,65,21,66,15,66,17,65,14,64,13,63,7,60,12,60,8,56,8,54,6,54,6,50,5,48,7,48,4,42,4,42,4,40,4,37,2,42,0,0]"
CSI_DATA,261,1a:00:00:00:00:00,-52,11,1,0,1,1,1,0,0,0,1,-96,0,11,2,3623850,0,44,0,384,0,"[0,0,0,0,0,0,0,0,0,0,0,0,-3,3,-3,3,-2,3,-2,3,-2,2,-2,3,-2,3,-2,2,-2,2,-1,2,-1,2,-1,2,-1,2,0,2,0,2,0,2,0,2,0,2,1,2,0,3,1,3,1,3,0,3,1,3,1,4,0,3,0,0,0,3,0,4,0,4,-1,3,0,4,-1,4,-1,3,-1,4,-2,3,-2,3,-1,2,-2,3,-2,2,-2,2,-2,2,-1,1,-2,2,-1,1,-1,1,-1,1,-1,1,-1,1,-1,1,-1,1,-1,1,-1,1,0,0,0,0,0,0,0,0,0,0,0,0,0,0,-23,23,-24,20,-22,24,-19,18,-18,23,-18,19,-13,18,-21,18,-12,14,-11,17,-10,16,-9,19,-6,16,-7,17,-4,17,-7,15,-5,12,1,14,-1,14,-2,14,1,14,3,19,-1,18,5,15,3,18,1,16,4,19,7,18,2,19,4,19,2,25,2,24,2,20,2,21,-3,24,-7,19,-3,21,-3,18,-5,19,-10,20,-8,15,-10,18,-4,14,-6,14,-5,16,-9,13,-8,15,-3,13,-6,12,-3,9,-5,9,-7,11,-4,10,-5,10,-5,8,-6,10,-6,10,0,0,0,0,0,0,0,0,0,0,0,0,0,0,0,0,0,0,0,0,0,0,7,43,6,47,2,47,-5,53,-7,50,-14,54,-18,54,-22,54,-24,58,-28,55,-38,60,-40,58,-45,59,-53,54,-59,54,-57,45,-69,49,-66,44,-74,41,-76,35,-76,32,-87,27,-83,23,-87,21,-90,11,-88,9,-86,4,-89,3,-85,-8,-87,-11,-76,-15,-84,-12,-79,-21,-74,-23,-78,-22,-70,-28,-69,-23,-69,-28,-66,-33,-65,-29,-62,-34,-54,-33,-58,-38,-52,-33,-52,-35,-51,-41,-43,-35,-44,-34,-41,-33,-41,-34,-35,-35,-37,-33,-32,-31,-31,-26,-33,-29,-32,-26,-28,-29,0,0]"
CSI_DATA,262,1a:00:00:00:00:00,-52,11,1,0,1,1,1,0,0,0,1,-96,0,11,2,3634172,0,44,0,384,0,"[0,0,0,0,0,0,0,0,0,0,0,0,-2,4,-2,4,-1,3,-1,3,-1,3,-2,3,-1,3,-1,3,-1,2,0,2,-1,2,0,2,0,2,0,2,0,2,0,2,1,2,0,2,1,2,1,2,1,2,1,2,1,3,1,3,1,3,1,3,0,0,0,3,1,3,1,3,0,3,0,3,0,3,0,3,0,3,-1,3,-1,3,-1,2,-1,3,-1,3,-1,2,-1,2,-1,2,-1,2,-1,1,-1,1,-1,1,-1,1,-1,1,-1,1,-1,1,-1,1,-1,1,0,0,0,0,0,0,0,0,0,0,0,0,0,0,-6,34,-7,31,-6,31,-3,29,-1,28,-2,22,-2,25,-7,25,-3,25,-1,22,2,19,3,21,1,17,4,18,0,13,6,16,6,14,7,14,5,15,11,11,9,15,10,12,13,12,14,15,10,15,17,14,17,18,16,15,11,15,12,15,17,19,15,17,14,18,10,21,13,22,10,23,10,16,8,19,7,17,4,21,5,20,1,19,4,17,2,13,1,18,3,18,0,14,0,11,0,10,0,13,3,11,-1,10,3,9,1,10,3,12,0,12,3,13,0,0,0,0,0,0,0,0,0,0,0,0,0,0,0,0,0,0,0,0,0,0,33,32,28,37,24,39,25,49,19,53,17,55,11,57,8,61,8,63,2,63,-6,72,-10,73,-13,77,-20,73,-25,72,-31,76,-32,77,-44,72,-42,71,-49,70,-57,67,-55,75,-69,66,-73,60,-75,53,-77,51,-80,46,-76,48,-69,38,-77,37,-76,36,-73,19,-79,27,-80,17,-78,21,-79,17,-71,13,-73,10,-71,9,-68,3,-69,1,-74,3,-68,0,-67,-6,-64,-3,-60,0,-58,-5,-57,-5,-56,-6,-54,-7,-46,-7,-48,-3,-47,-10,-46,-11,-45,-10,-41,-8,-39,-7,0,0]"
CSI_DATA,263,1a:00:00:00:00:00,-52,11,1,0,1,1,1,0,0,0,1,-96,0,11,2,3643845,0,44,0,384,0,"[0,0,0,0,0,0,0,0,0,0,0,0,4,-1,4,-1,4,-1,4,-1,4,-1,3,-1,3,-2,2,-2,3,-2,2,-2,2,-2,2,-2,2,-2,2,-2,2,-2,2,-3,1,-3,1,-3,1,-3,1,-3,1,-3,2,-3,2,-4,2,-3,2,-3,2,-4,0,0,2,-4,2,-3,2,-3,3,-4,2,-3,3,-3,3,-2,2,-2,3,-3,3,-2,3,-2,2,-2,2,-2,2,-1,2,-1,2,-1,1,-1,2,-1,2,-1,2,-1,2,-1,1,-1,1,-1,1,-1,2,-1,2,-1,0,0,0,0,0,0,0,0,0,0,0,0,0,0,30,0,33,2,28,2,26,1,30,2,23,3,24,1,24,-1,19,-1,20,-5,18,-3,18,-1,19,-5,17,-3,14,-7,13,-7,13,-6,14,-11,14,-9,12,-11,11,-10,10,-13,14,-11,14,-9,13,-14,16,-15,13,-14,17,-17,14,-17,18,-17,14,-16,18,-14,18,-11,18,-12,23,-12,21,-12,21,-11,19,-9,18,-4,21,-11,20,-8,17,-7,18,1,16,-2,18,-1,14,-2,14,-3,14,-1,13,-4,11,1,9,0,12,-1,11,-2,9,1,11,1,13,-2,9,-2,0,0,0,0,0,0,0,0,0,0,0,0,0,0,0,0,0,0,0,0,0,0,23,-37,29,-38,35,-37,42,-34,44,-30,47,-31,50,-28,52,-26,59,-21,63,-21,68,-17,68,-11,74,-9,74,-1,77,6,78,11,77,17,80,23,76,28,76,31,73,35,79,44,72,45,70,52,64,57,63,58,58,65,54,67,48,66,48,67,45,71,38,71,37,68,31,70,30,74,29,70,25,69,23,66,18,68,18,65,16,66,12,60,9,63,11,64,6,58,10,56,5,52,0,54,0,54,-2,49,-4,48,-6,47,-3,44,-6,43,-2,41,-2,38,-5,32,0,0]"
CSI_DATA,264,1a:00:00:00:00:00,-52,11,1,0,1,1,1,0,0,0,1,-96,0,11,2,3664567,0,44,0,384,0,"[0,0,0,0,0,0,0,0,0,0,0,0,-6,1,-6,1,-5,1,-5,1,-4,1,-4,1,-4,1,-3,1,-3,1,-3,1,-3,2,-3,2,-3,1,-2,1,-2,1,-2,2,-2,2,-2,2,-2,2,-2,2,-2,2,-2,3,-3,3,-2,3,-2,3,-3,3,0,0,-4,3,-3,3,-3,3,-4,3,-3,2,-3,2,-3,2,-4,2,-4,2,-4,1,-4,1,-3,1,-3,1,-3,1,-3,0,-3,0,-3,1,-3,0,-3,0,-3,0,-3,0,-3,0,-2,0,-2,0,-3,0,-2,0,0,0,0,0,0,0,0,0,0,0,0,0,0,0,-37,0,-33,-3,-32,-1,-30,-1,-31,0,-24,1,-27,2,-25,1,-22,0,-20,3,-22,2,-17,1,-19,4,-16,6,-17,6,-13,6,-16,7,-13,7,-13,9,-11,12,-11,13,-11,13,-12,9,-13,12,-13,16,-9,19,-12,19,-16,20,-16,15,-17,17,-11,15,-17,20,-20,13,-17,13,-18,15,-21,15,-20,16,-18,11,-17,11,-20,11,-17,12,-15,4,-19,5,-14,8,-17,6,-12,7,-18,4,-17,3,-13,4,-12,4,-11,8,-13,5,-10,7,-14,2,-7,2,-11,2,-12,3,0,0,0,0,0,0,0,0,0,0,0,0,0,0,0,0,0,0,0,0,0,0,-35,33,-38,28,-40,26,-47,25,-48,16,-53,14,-55,11,-61,11,-66,5,-65,3,-66,-2,-71,-6,-74,-11,-79,-17,-73,-22,-74,-26,-75,-32,-72,-36,-73,-37,-70,-47,-69,-54,-69,-58,-67,-58,-61,-59,-55,-68,-56,-69,-54,-72,-46,-74,-43,-75,-41,-74,-37,-77,-33,-74,-26,-76,-25,-77,-25,-76,-17,-75,-19,-69,-18,-71,-16,-70,-16,-68,-12,-70,-12,-65,-11,-68,-6,-65,-7,-58,-7,-56,-1,-57,-2,-56,-3,-54,0,-56,0,-50,3,-49,3,-46,-1,-42,2,-43,-2,-41,1,-43,0,0]"
CSI_DATA,265,1a:00:00:00:00:00,-52,11,1,0,1,1,1,0,0,0,1,-96,0,11,2,3674380,0,44,0,384,0,"[0,0,0,0,0,0,0,0,0,0,0,0,3,-4,3,-4,2,-4,2,-3,2,-3,2,-4,2,-3,1,-3,1,-3,1,-3,1,-3,1,-4,0,-3,0,-3,0,-3,0,-4,0,-4,0,-4,-1,-3,-1,-3,0,-4,-1,-4,0,-4,-1,-4,-1,-4,0,-4,0,0,0,-4,0,-4,0,-5,1,-5,0,-4,0,-4,1,-4,1,-4,1,-3,1,-3,2,-3,1,-3,1,-3,1,-3,1,-2,1,-2,1,-2,1,-2,1,-2,1,-2,1,-2,1,-2,1,-2,1,-2,1,-2,1,-2,0,0,0,0,0,0,0,0,0,0,0,0,0,0,19,-28,19,-27,18,-27,20,-24,16,-21,16,-20,18,-19,16,-18,16,-18,11,-17,12,-18,7,-16,11,-18,8,-17,7,-17,6,-18,6,-17,3,-15,3,-14,2,-15,-1,-18,-1,-18,-4,-18,0,-19,-3,-21,-2,-20,-1,-22,-4,-23,-5,-24,-2,-24,-3,-26,4,-27,-1,-24,2,-22,-1,-24,6,-22,4,-20,5,-19,2,-19,8,-21,10,-21,10,-18,7,-17,9,-14,9,-13,11,-13,9,-12,6,-10,9,-12,5,-8,8,-7,5,-12,4,-9,9,-9,7,-7,5,-5,9,-10,0,0,0,0,0,0,0,0,0,0,0,0,0,0,0,0,0,0,0,0,0,0,-22,-40,-18,-41,-13,-49,-4,-55,-3,-55,1,-52,5,-56,9,-59,16,-62,20,-61,24,-65,28,-63,32,-63,41,-62,43,-60,55,-59,54,-59,61,-54,63,-54,65,-45,72,-43,76,-40,83,-35,81,-30,85,-23,82,-23,85,-13,83,-9,87,-6,81,0,84,6,82,6,78,11,79,13,76,15,70,18,73,18,71,24,62,20,65,25,59,24,63,27,54,26,56,28,47,27,56,29,50,26,46,28,48,28,44,28,39,30,36,28,33,26,37,26,36,25,32,25,30,26,0,0]"
CSI_DATA,266,1a:00:00:00:00:00,-52,11,1,0,1,1,1,0,0,0,1,-96,0,11,2,3683891,0,44,0,384,0,"[0,0,0,0,0,0,0,0,0,0,0,0,-1,-6,-1,-6,-1,-5,-1,-5,-1,-5,-1,-5,-1,-4,-1,-4,-1,-4,-2,-4,-1,-3,-1,-3,-2,-3,-2,-3,-3,-3,-2,-3,-2,-3,-2,-3,-3,-3,-4,-3,-3,-3,-3,-3,-3,-3,-4,-3,-3,-3,-3,-3,0,0,-3,-3,-3,-4,-3,-4,-3,-4,-3,-4,-3,-4,-3,-5,-2,-4,-2,-4,-2,-4,-2,-3,-1,-4,-1,-4,-1,-4,-1,-3,-1,-3,-1,-3,-1,-3,-1,-3,-1,-2,-1,-3,-1,-3,-1,-3,-1,-2,-1,-3,-1,-2,0,0,0,0,0,0,0,0,0,0,0,0,0,0,-9,-35,-6,-29,-6,-26,-9,-30,-5,-24,-4,-26,-6,-27,-8,-22,-6,-22,-6,-21,-8,-20,-8,-20,-10,-20,-9,-17,-10,-15,-12,-15,-10,-14,-10,-8,-12,-11,-15,-12,-21,-13,-13,-11,-15,-8,-19,-5,-14,-12,-18,-9,-19,-10,-19,-12,-17,-12,-22,-18,-21,-13,-18,-13,-18,-9,-19,-11,-19,-15,-20,-16,-17,-20,-16,-15,-14,-16,-12,-18,-11,-18,-8,-19,-12,-16,-10,-14,-10,-17,-5,-14,-5,-12,-10,-11,-9,-12,-9,-14,-7,-10,-6,-12,-7,-10,-5,-8,-4,-10,-6,-10,-3,-12,0,0,0,0,0,0,0,0,0,0,0,0,0,0,0,0,0,0,0,0,0,0,-41,-21,-41,-26,-39,-30,-43,-35,-33,-38,-36,-45,-31,-52,-27,-50,-29,-56,-25,-61,-20,-65,-20,-68,-15,-72,-8,-72,-3,-80,-1,-77,-1,-84,10,-79,13,-82,22,-84,25,-80,23,-82,37,-79,38,-79,45,-77,50,-72,55,-72,55,-64,57,-63,58,-61,62,-56,66,-58,61,-53,61,-50,66,-45,64,-41,63,-36,62,-36,61,-29,61,-32,65,-30,60,-28,66,-28,56,-25,57,-20,58,-19,56,-18,52,-17,50,-16,49,-11,46,-11,50,-11,45,-9,43,-13,44,-9,39,-7,41,-13,0,0]"
CSI_DATA,267,1a:00:00:00:00:00,-52,11,1,0,1,1,1,0,0,0,1,-96,0,11,2,3695570,0,44,0,384,0,"[0,0,0,0,0,0,0,0,0,0,0,0,-1,-6,-1,-6,-1,-5,-1,-5,-1,-5,-1,-5,-1,-4,-1,-4,-1,-4,-2,-4,-1,-4,-2,-3,-2,-3,-2,-3,-2,-3,-2,-3,-2,-3,-2,-3,-3,-3,-3,-3,-4,-3,-4,-3,-3,-3,-4,-3,-4,-3,-3,-3,0,0,-3,-3,-3,-4,-3,-4,-3,-4,-3,-4,-3,-5,-3,-4,-2,-4,-2,-4,-2,-3,-2,-4,-1,-4,-1,-4,-1,-4,-1,-3,-1,-3,-1,-3,-1,-2,-1,-3,-1,-2,-1,-2,-1,-3,-1,-3,-1,-3,-1,-2,-1,-2,0,0,0,0,0,0,0,0,0,0,0,0,0,0,-2,-36,-2,-34,-8,-30,-5,-29,-4,-27,0,-27,-6,-24,-3,-27,-2,-20,-10,-21,-9,-20,-5,-19,-6,-20,-9,-15,-7,-15,-9,-15,-9,-15,-11,-14,-8,-15,-11,-13,-12,-11,-13,-13,-14,-13,-14,-10,-18,-11,-17,-12,-19,-15,-18,-13,-17,-12,-19,-18,-18,-16,-17,-18,-17,-14,-17,-18,-13,-26,-14,-15,-15,-18,-13,-18,-12,-22,-7,-21,-8,-18,-9,-19,-9,-19,-8,-16,-9,-15,-2,-15,-4,-14,-7,-13,-3,-12,-7,-13,-3,-11,-2,-10,-4,-13,-6,-11,-4,-10,-2,-13,-5,-11,0,0,0,0,0,0,0,0,0,0,0,0,0,0,0,0,0,0,0,0,0,0,-40,-21,-38,-29,-36,-33,-36,-41,-32,-41,-31,-46,-28,-54,-25,-53,-24,-61,-20,-59,-17,-65,-14,-68,-13,-74,-4,-74,3,-73,6,-81,8,-78,16,-80,22,-80,29,-80,35,-79,38,-80,44,-76,44,-75,49,-72,49,-69,54,-64,63,-59,64,-63,63,-57,65,-53,65,-49,68,-42,66,-39,71,-35,66,-33,68,-32,61,-36,64,-31,64,-28,62,-22,60,-21,60,-19,63,-18,55,-16,60,-8,55,-3,54,-10,54,-7,53,-7,46,-12,45,-6,42,-4,46,-3,44,-10,42,-6,40,-6,0,0]"
CSI_DATA,268,1a:00:00:00:00:00,-52,11,1,0,1,1,1,0,0,0,1,-96,0,11,2,3703870,0,44,0,384,0,"[0,0,0,0,0,0,0,0,0,0,0,0,-5,2,-4,2,-4,2,-4,2,-4,2,-4,2,-3,2,-3,2,-3,2,-2,1,-2,2,-2,2,-2,2,-2,2,-1,2,-2,2,-1,2,-1,3,-1,2,-1,2,-1,3,-1,3,-1,3,-1,3,-1,3,-1,3,0,0,-2,4,-1,3,-1,3,-2,3,-2,3,-2,3,-2,3,-2,3,-3,2,-3,2,-3,2,-2,2,-2,2,-2,1,-2,1,-2,1,-2,1,-2,1,-2,1,-2,1,-2,1,-1,1,-2,1,-2,1,-2,1,-2,0,0,0,0,0,0,0,0,0,0,0,0,0,0,0,-26,17,-32,17,-25,15,-28,18,-24,17,-23,17,-22,14,-20,12,-21,14,-19,13,-16,9,-15,17,-13,15,-13,12,-9,11,-7,12,-12,17,-8,12,-9,15,-8,14,-3,16,-2,18,-2,16,-5,17,-4,20,-7,18,-2,23,-3,22,-2,17,-3,22,-3,22,-6,25,-6,22,-7,20,-6,23,-8,17,-11,19,-10,21,-9,16,-9,19,-10,19,-13,15,-11,11,-8,12,-9,11,-11,16,-12,11,-8,10,-8,11,-3,9,-9,13,-8,8,-9,8,-8,10,-7,8,-9,9,-9,5,0,0,0,0,0,0,0,0,0,0,0,0,0,0,0,0,0,0,0,0,0,0,-13,44,-19,42,-22,44,-27,43,-28,43,-37,42,-39,38,-44,41,-46,38,-52,36,-55,35,-60,34,-68,31,-68,27,-77,23,-73,15,-79,19,-81,10,-79,5,-84,4,-83,-2,-85,-5,-82,-14,-85,-18,-81,-25,-83,-26,-82,-33,-75,-34,-77,-38,-75,-39,-68,-39,-66,-48,-66,-49,-63,-49,-59,-46,-58,-52,-56,-50,-58,-48,-50,-49,-48,-52,-48,-52,-43,-49,-45,-50,-40,-49,-36,-47,-41,-43,-34,-46,-34,-47,-30,-45,-30,-46,-27,-48,-27,-40,-25,-37,-23,-37,-22,-39,-22,-36,-20,-33,0,0]"
CSI_DATA,269,1a:00:00:00:00:00,-52,11,1,0,1,1,1,0,0,0,1,-96,0,11,2,3715047,0,44,0,384,0,"[0,0,0,0,0,0,0,0,0,0,0,0,1,-6,1,-6,1,-5,1,-5,0,-5,0,-4,0,-4,0,-4,0,-4,-1,-3,-1,-4,-1,-3,-1,-3,-1,-3,-1,-3,-1,-4,-1,-3,-2,-3,-2,-3,-3,-3,-3,-3,-3,-3,-2,-4,-3,-4,-3,-4,-2,-4,0,0,-2,-4,-3,-4,-3,-4,-1,-4,-2,-4,-2,-5,-2,-5,-1,-4,-1,-4,-1,-4,-1,-4,-1,-4,-1,-4,-1,-3,0,-3,0,-3,0,-3,0,-3,0,-3,0,-2,0,-2,0,-3,-1,-2,-1,-3,-1,-2,0,-2,0,0,0,0,0,0,0,0,0,0,0,0,0,0,18,-25,20,-21,16,-29,21,-26,17,-24,22,-20,17,-21,13,-22,12,-19,12,-17,13,-19,6,-16,7,-21,7,-18,6,-17,5,-20,5,-14,1,-14,2,-15,-4,-18,-1,-21,-2,-18,-2,-15,1,-17,-3,-16,-3,-18,-6,-20,0,-17,-4,-18,-5,-21,-2,-23,-3,-22,-2,-22,-3,-24,-1,-25,-3,-25,1,-22,4,-20,1,-21,5,-22,6,-20,5,-19,3,-16,4,-14,8,-17,7,-16,5,-12,4,-15,3,-13,4,-11,3,-11,2,-10,3,-12,3,-11,3,-14,4,-11,4,-9,0,0,0,0,0,0,0,0,0,0,0,0,0,0,0,0,0,0,0,0,0,0,-3,-44,1,-46,5,-45,12,-52,10,-51,18,-53,23,-52,28,-52,34,-53,37,-47,45,-51,49,-51,56,-50,59,-47,64,-47,61,-39,70,-44,72,-34,75,-35,80,-29,78,-26,83,-23,81,-12,82,-11,85,1,85,0,88,5,88,10,81,9,87,14,78,18,84,21,77,24,76,25,74,27,71,23,68,28,67,33,59,31,63,35,59,36,58,34,56,34,55,34,54,34,49,28,46,34,45,35,42,35,34,33,36,34,37,29,35,33,31,25,32,26,32,22,30,20,0,0]"
CSI_DATA,270,1a:00:00:00:00:00,-52,11,1,0,1,1,1,0,0,0,1,-96,0,11,2,3725605,0,44,0,384,0,"[0,0,0,0,0,0,0,0,0,0,0,0,5,1,5,0,4,1,4,1,4,1,3,0,4,0,3,0,3,0,3,0,3,-1,3,-1,3,-1,2,-1,2,-1,2,-2,2,-2,2,-2,2,-2,2,-2,3,-2,2,-2,3,-3,3,-2,3,-2,3,-3,0,0,3,-2,3,-1,3,-2,4,-2,3,-1,3,-1,3,-1,3,-1,3,-1,3,-1,3,0,2,0,2,0,2,0,2,0,2,0,1,0,2,0,2,0,2,0,2,0,1,0,1,0,1,-1,2,0,2,0,0,0,0,0,0,0,0,0,0,0,0,0,0,0,34,10,25,13,29,17,29,16,30,17,25,8,24,13,20,10,21,9,21,12,17,7,19,8,18,4,19,4,20,3,18,3,19,3,17,0,16,-4,17,-1,14,-3,17,0,16,-5,20,-5,18,-6,21,-1,17,-5,20,-7,21,-3,20,-5,23,-5,18,0,23,-2,23,-1,18,-3,27,3,23,4,22,5,19,5,18,4,17,6,15,7,15,8,12,9,14,4,11,4,11,3,10,3,10,7,9,1,9,4,9,6,10,5,7,7,6,6,10,4,8,4,0,0,0,0,0,0,0,0,0,0,0,0,0,0,0,0,0,0,0,0,0,0,27,-37,31,-33,37,-30,41,-32,50,-27,50,-23,53,-17,58,-20,61,-12,62,-8,67,-5,67,-1,71,3,74,10,78,14,71,22,78,27,74,27,71,36,70,43,66,45,67,56,59,58,59,61,54,67,52,72,47,74,43,78,32,75,34,77,26,76,23,77,18,75,13,77,14,76,10,75,6,67,3,73,-1,72,2,70,-1,71,-6,64,-10,64,-8,65,-12,56,-13,56,-9,59,-9,53,-12,50,-16,51,-14,51,-14,45,-17,44,-17,40,-12,41,-17,40,-17,38,0,0]"
CSI_DATA,271,1a:00:00:00:00:00,-52,11,1,0,1,1,1,0,0,0,1,-96,0,11,2,3735488,0,44,0,384,0,"[0,0,0,0,0,0,0,0,0,0,0,0,2,-5,2,-5,1,-4,1,-4,1,-4,1,-4,1,-4,0,-4,1,-4,0,-3,0,-4,0,-4,-1,-3,-1,-3,-1,-4,0,-3,-1,-3,-1,-3,-2,-3,-1,-3,-2,-4,-2,-4,-1,-4,-2,-4,-2,-4,-1,-4,0,0,-1,-4,-1,-4,-1,-4,-1,-4,-1,-4,-1,-4,0,-4,0,-4,0,-4,0,-3,1,-3,0,-3,1,-3,0,-3,0,-3,0,-2,0,-3,0,-2,0,-2,0,-2,0,-2,0,-2,0,-2,0,-2,0,-2,0,-2,0,0,0,0,0,0,0,0,0,0,0,0,0,0,20,-33,16,-24,19,-34,16,-26,16,-24,15,-26,11,-23,14,-22,13,-22,12,-25,12,-20,5,-16,8,-19,7,-18,4,-20,2,-21,5,-17,0,-15,-1,-19,0,-14,-1,-18,-3,-20,-2,-18,1,-15,-2,-17,0,-19,-2,-21,-3,-20,-3,-21,-3,-24,-3,-28,0,-24,0,-21,2,-21,3,-24,1,-21,5,-23,4,-17,9,-19,7,-20,10,-21,8,-17,6,-14,5,-14,7,-14,12,-13,7,-11,5,-10,7,-10,7,-11,8,-9,7,-9,2,-10,2,-8,5,-9,9,-10,5,-8,0,0,0,0,0,0,0,0,0,0,0,0,0,0,0,0,0,0,0,0,0,0,-33,-34,-32,-37,-27,-40,-23,-47,-22,-50,-18,-54,-14,-54,-6,-64,-4,-65,0,-63,3,-68,7,-72,16,-75,20,-76,27,-76,35,-71,37,-74,43,-72,45,-70,56,-59,56,-62,69,-60,66,-53,69,-50,75,-45,77,-41,81,-37,86,-33,84,-25,85,-28,82,-20,79,-14,81,-7,79,-3,76,-2,78,0,74,1,74,4,70,2,70,6,72,11,64,9,68,13,62,13,56,12,60,18,54,20,53,18,52,18,50,21,44,19,46,22,45,22,39,22,38,19,38,24,33,22,0,0]"
CSI_DATA,272,1a:00:00:00:00:00,-52,11,1,0,1,1,1,0,0,0,1,-96,0,11,2,3743851,0,44,0,384,0,"[0,0,0,0,0,0,0,0,0,0,0,0,1,-6,1,-5,1,-5,1,-5,1,-4,1,-5,0,-4,0,-4,0,-4,0,-4,0,-4,0,-3,-1,-4,-1,-3,-1,-3,-1,-3,-1,-3,-1,-3,-2,-3,-2,-4,-2,-3,-2,-4,-1,-4,-2,-4,-2,-4,-2,-4,0,0,-1,-4,-2,-5,-2,-5,-1,-4,-1,-4,-1,-5,-1,-4,0,-4,0,-4,0,-3,0,-3,0,-3,0,-3,0,-3,0,-3,0,-3,0,-3,0,-2,0,-2,0,-2,0,-2,0,-2,0,-2,0,-2,0,-2,0,-2,0,0,0,0,0,0,0,0,0,0,0,0,0,0,9,-39,17,-36,10,-35,7,-28,9,-30,7,-27,8,-27,8,-23,9,-21,7,-24,2,-22,3,-24,1,-21,3,-20,1,-17,-2,-18,-1,-18,2,-14,0,-12,-6,-17,-7,-16,-6,-18,-9,-14,-6,-17,-11,-14,-9,-13,-10,-18,-9,-17,-7,-17,-7,-23,-9,-24,-10,-22,-8,-21,-8,-21,-5,-22,-5,-22,-5,-21,-2,-19,-1,-22,0,-21,0,-19,0,-14,1,-18,-2,-18,0,-12,3,-17,1,-12,-2,-12,1,-12,0,-10,2,-13,-1,-14,-1,-13,-3,-12,1,-12,4,-9,0,-8,0,0,0,0,0,0,0,0,0,0,0,0,0,0,0,0,0,0,0,0,0,0,-25,-34,-22,-41,-24,-43,-17,-52,-15,-50,-8,-53,-7,-57,-5,-60,-4,-59,2,-63,12,-64,15,-65,16,-70,25,-66,29,-71,35,-67,37,-73,46,-68,51,-67,52,-66,58,-64,58,-61,66,-56,75,-50,77,-44,77,-39,80,-34,80,-34,77,-32,81,-27,78,-19,83,-21,78,-19,78,-15,80,-13,74,-11,74,-7,72,-4,72,1,69,3,70,3,67,1,68,10,67,10,64,5,58,12,55,11,55,11,50,9,52,13,45,15,48,13,44,13,40,16,44,12,43,14,40,15,0,0]"
CSI_DATA,273,1a:00:00:00:00:00,-52,11,1,0,1,1,1,0,0,0,1,-96,0,11,2,3777446,0,44,0,384,0,"[0,0,0,0,0,0,0,0,0,0,0,0,-4,3,-5,3,-3,2,-4,2,-3,2,-3,2,-3,2,-3,2,-3,2,-2,2,-2,2,-2,2,-1,2,-1,2,-1,2,-1,2,-1,2,-1,2,-1,2,0,2,0,2,0,3,-1,3,0,2,0,3,-1,3,0,0,-1,3,0,3,-1,3,-1,3,-1,3,-1,3,-1,3,-1,3,-2,3,-2,2,-2,2,-2,2,-1,2,-2,2,-2,1,-2,1,-1,1,-1,1,-1,1,-1,1,-1,1,-1,1,-1,1,-1,1,-1,1,-1,1,0,0,0,0,0,0,0,0,0,0,0,0,0,0,-36,16,-33,10,-30,17,-29,14,-30,11,-28,11,-26,11,-26,9,-23,9,-21,8,-23,10,-17,9,-20,7,-20,9,-14,11,-15,12,-13,9,-10,10,-11,10,-11,14,-12,14,-11,12,-8,10,-7,13,-8,15,-12,14,-8,19,-7,15,-12,20,-9,20,-11,17,-11,18,-9,19,-14,15,-15,16,-14,9,-11,12,-15,11,-15,14,-18,13,-15,11,-14,11,-15,6,-14,7,-12,4,-11,8,-13,6,-10,5,-13,2,-9,4,-16,5,-11,5,-6,6,-9,4,-9,3,-10,5,-8,3,0,0,0,0,0,0,0,0,0,0,0,0,0,0,0,0,0,0,0,0,0,0,3,47,-4,45,-7,46,-13,51,-17,51,-25,47,-23,50,-30,50,-39,53,-44,50,-47,49,-53,48,-60,46,-63,41,-67,34,-74,36,-74,32,-81,27,-76,21,-84,18,-88,12,-87,7,-93,3,-88,-3,-86,-13,-87,-14,-84,-25,-82,-23,-83,-30,-79,-31,-77,-36,-75,-34,-72,-41,-69,-41,-67,-45,-65,-44,-61,-48,-57,-48,-56,-49,-54,-49,-49,-49,-49,-47,-40,-48,-48,-54,-35,-46,-45,-44,-34,-48,-35,-51,-34,-47,-31,-45,-27,-45,-26,-41,-26,-43,-25,-40,-21,-46,-18,-38,-19,-38,0,0]"
CSI_DATA,274,1a:00:00:00:00:00,-53,11,1,0,1,1,1,0,0,0,1,-96,0,11,2,3794322,0,44,0,384,0,"[0,0,0,0,0,0,0,0,0,0,0,0,4,2,4,1,4,2,4,2,4,2,3,1,3,1,3,1,2,0,3,1,2,0,2,0,2,0,2,0,2,0,2,-1,2,-1,2,-1,2,-1,2,-1,2,-1,3,-1,3,-2,3,-1,3,-1,3,-2,0,0,3,-2,3,-1,3,-1,3,-1,3,0,3,0,3,0,2,0,3,0,3,0,3,0,2,0,2,0,2,0,2,0,2,0,1,0,1,0,2,0,1,0,1,0,1,0,1,0,1,0,1,0,1,0,0,0,0,0,0,0,0,0,0,0,0,0,0,0,36,10,31,9,34,8,36,10,30,11,29,8,26,6,24,7,23,4,20,6,15,4,18,5,19,5,17,1,18,5,16,3,19,1,15,-5,16,-2,16,-1,15,-2,19,-1,17,-7,16,-3,17,-3,15,-3,16,-2,17,-5,21,-7,19,-5,17,-6,21,0,22,-2,25,-5,19,-1,19,2,23,4,19,3,19,3,16,3,11,4,16,7,15,8,14,5,12,6,9,6,11,4,6,7,8,4,11,4,8,5,10,4,4,4,9,6,9,5,8,5,10,6,0,0,0,0,0,0,0,0,0,0,0,0,0,0,0,0,0,0,0,0,0,0,2,-44,9,-48,15,-47,22,-48,27,-46,30,-47,33,-43,38,-44,46,-43,52,-36,56,-38,59,-33,68,-31,70,-24,75,-20,75,-12,83,-11,82,-2,82,-2,83,12,86,20,84,21,83,30,83,31,82,40,75,42,73,48,71,54,61,58,57,60,56,58,52,65,44,65,44,64,40,68,38,69,34,65,32,65,30,65,25,68,19,67,17,65,15,66,13,67,11,62,8,53,5,56,1,60,2,53,0,53,-1,51,-2,49,-4,50,-3,47,-7,45,-4,48,-5,45,0,0]"
CSI_DATA,275,1a:00:00:00:00:00,-53,11,1,0,1,1,1,0,0,0,1,-96,0,11,2,3814479,0,44,0,384,0,"[0,0,0,0,0,0,0,0,0,0,0,0,-4,-5,-3,-5,-4,-5,-4,-5,-3,-4,-3,-4,-3,-4,-3,-3,-3,-3,-3,-3,-2,-3,-3,-2,-3,-3,-3,-2,-3,-2,-3,-1,-3,-1,-3,-1,-3,-2,-3,-2,-3,-2,-4,-2,-3,-1,-4,-2,-4,-2,-4,-1,0,0,-4,-2,-4,-2,-4,-3,-4,-2,-3,-3,-3,-3,-3,-3,-3,-3,-3,-2,-3,-3,-3,-2,-2,-3,-2,-3,-2,-3,-2,-2,-2,-2,-1,-2,-2,-2,-2,-2,-2,-2,-2,-2,-1,-2,-1,-2,-1,-2,-2,-2,-2,-2,0,0,0,0,0,0,0,0,0,0,0,0,0,0,-12,-17,-9,-16,-10,-14,-9,-15,-8,-14,-7,-12,-8,-11,-7,-11,-7,-10,-7,-10,-6,-10,-5,-9,-6,-9,-5,-7,-6,-7,-4,-6,-8,-6,-6,-5,-7,-5,-5,-4,-7,-4,-7,-5,-8,-3,-9,-2,-7,-2,-8,-3,-8,-4,-9,-3,-10,-4,-8,-3,-9,-3,-9,-3,-9,-4,-10,-5,-9,-6,-9,-5,-9,-7,-9,-7,-8,-6,-7,-7,-6,-8,-5,-7,-6,-7,-4,-7,-5,-5,-3,-5,-3,-7,-2,-5,-1,-5,-4,-6,-3,-4,-5,-3,-4,-4,-2,-5,-3,-5,-4,-4,-3,-5,0,0,0,0,0,0,0,0,0,0,0,0,0,0,0,0,0,0,0,0,0,0,-21,10,-20,7,-24,6,-26,5,-27,2,-27,-1,-28,-3,-30,-6,-31,-8,-29,-9,-30,-14,-31,-15,-30,-17,-30,-20,-29,-23,-28,-26,-30,-28,-26,-31,-26,-32,-22,-36,-20,-37,-19,-39,-14,-40,-14,-41,-8,-42,-10,-42,-2,-42,-3,-43,1,-42,3,-41,3,-41,6,-39,7,-41,9,-39,10,-38,11,-37,12,-35,13,-36,14,-33,14,-32,16,-30,16,-28,18,-28,19,-26,18,-26,19,-23,17,-23,17,-23,17,-21,18,-19,17,-19,19,-18,16,-16,17,-16,16,-15,15,-14,16,-13,0,0]"
CSI_DATA,276,1a:00:00:00:00:00,-53,11,1,0,1,1,1,0,0,0,1,-96,0,11,2,3823870,0,44,0,384,0,"[0,0,0,0,0,0,0,0,0,0,0,0,4,-5,3,-4,3,-4,3,-3,3,-3,3,-3,2,-3,2,-3,2,-3,2,-3,1,-3,1,-3,1,-3,0,-3,0,-2,0,-3,0,-3,0,-3,0,-3,0,-3,-1,-3,-1,-3,0,-4,-1,-3,-1,-4,0,-4,0,0,0,-4,0,-4,0,-4,1,-4,0,-4,0,-4,0,-3,1,-4,2,-3,1,-3,1,-3,1,-3,1,-2,1,-2,1,-2,1,-2,1,-2,1,-2,1,-2,0,-2,1,-2,1,-2,0,-2,0,-2,1,-2,1,-2,0,0,0,0,0,0,0,0,0,0,0,0,0,0,28,-21,25,-22,28,-25,25,-21,26,-17,24,-19,21,-17,18,-19,20,-15,17,-10,16,-12,12,-14,10,-12,11,-15,12,-11,6,-13,8,-13,4,-10,7,-14,6,-11,7,-15,1,-15,5,-14,6,-16,4,-15,5,-19,2,-16,3,-21,3,-19,5,-22,4,-22,6,-21,4,-18,7,-15,6,-17,12,-18,9,-15,12,-16,11,-12,10,-16,9,-11,12,-13,9,-8,8,-10,4,-11,10,-9,9,-6,9,-8,8,-8,8,-9,9,-8,7,-5,5,-7,5,-6,6,-8,10,-8,10,-6,0,0,0,0,0,0,0,0,0,0,0,0,0,0,0,0,0,0,0,0,0,0,-21,-37,-16,-43,-16,-48,-13,-55,-7,-52,-2,-56,1,-58,7,-60,11,-66,15,-61,22,-63,27,-64,31,-65,37,-62,44,-61,50,-59,55,-64,61,-54,66,-54,69,-47,75,-43,75,-39,80,-36,86,-31,82,-26,83,-23,87,-13,89,-8,83,0,88,-4,80,3,86,10,80,13,76,13,77,16,74,17,71,21,66,20,63,23,63,24,60,33,56,29,62,35,57,32,54,35,53,37,46,36,44,35,42,33,41,34,43,33,40,32,38,35,33,31,36,35,33,33,31,31,0,0]"
CSI_DATA,277,1a:00:00:00:00:00,-53,11,1,0,1,1,1,0,0,0,1,-96,0,11,2,3836663,0,44,0,384,0,"[0,0,0,0,0,0,0,0,0,0,0,0,-5,-3,-4,-3,-4,-3,-4,-3,-4,-3,-4,-3,-3,-2,-3,-2,-3,-2,-3,-2,-3,-2,-3,-1,-3,-2,-3,-1,-3,-1,-3,0,-3,-1,-3,0,-3,-1,-3,-1,-3,0,-3,0,-3,0,-4,0,-4,0,-4,0,0,0,-4,0,-4,-1,-4,-1,-4,0,-4,-1,-3,-2,-4,-1,-3,-1,-3,-1,-3,-1,-3,-2,-3,-2,-2,-2,-2,-2,-2,-1,-3,-1,-2,-2,-2,-1,-2,-1,-2,-1,-2,-1,-2,-1,-2,-1,-2,-1,-2,-1,-2,-2,0,0,0,0,0,0,0,0,0,0,0,0,0,0,-28,-26,-36,-20,-26,-21,-30,-15,-27,-20,-24,-19,-24,-19,-21,-14,-21,-16,-19,-15,-20,-15,-21,-12,-18,-11,-17,-11,-17,-9,-17,-13,-15,-7,-13,-5,-14,-5,-14,-3,-14,-1,-13,-3,-16,1,-16,4,-17,4,-15,3,-19,0,-18,0,-18,5,-17,3,-18,1,-23,0,-25,4,-21,-3,-19,4,-21,-2,-20,-3,-20,-3,-22,-2,-18,-5,-13,-9,-13,-4,-16,-9,-12,-8,-12,-9,-8,-2,-11,-5,-12,-8,-8,-6,-11,-4,-8,-5,-10,-3,-9,-4,-13,-6,-8,-7,-12,-4,-8,-6,0,0,0,0,0,0,0,0,0,0,0,0,0,0,0,0,0,0,0,0,0,0,-35,34,-37,28,-46,29,-46,22,-52,21,-57,13,-56,11,-61,14,-63,6,-67,-1,-71,-9,-75,-12,-71,-19,-73,-22,-71,-30,-71,-36,-74,-33,-73,-44,-70,-50,-68,-54,-67,-60,-69,-62,-60,-70,-54,-78,-42,-82,-37,-83,-33,-88,-35,-84,-28,-87,-23,-82,-19,-87,-20,-82,-14,-84,-10,-84,-9,-82,-5,-78,1,-79,4,-77,10,-74,9,-72,7,-71,9,-72,12,-68,16,-71,16,-61,19,-63,19,-57,15,-57,19,-55,20,-51,24,-49,25,-50,22,-42,20,-42,23,-43,20,-38,21,-39,0,0]"
CSI_DATA,278,1a:00:00:00:00:00,-53,11,1,0,1,1,1,0,0,0,1,-96,0,11,2,3845093,0,44,0,384,0,"[0,0,0,0,0,0,0,0,0,0,0,0,5,-3,4,-3,4,-2,4,-2,3,-2,4,-2,3,-2,3,-2,3,-2,2,-2,2,-2,2,-2,1,-2,1,-2,1,-2,1,-3,1,-3,1,-3,0,-3,0,-3,0,-3,0,-3,1,-3,0,-3,0,-3,1,-4,0,0,1,-4,1,-4,1,-3,1,-4,1,-4,1,-3,1,-3,1,-3,2,-3,2,-3,2,-2,2,-2,1,-2,1,-2,1,-2,2,-2,1,-2,1,-1,1,-1,1,-1,1,-1,1,-2,1,-2,1,-2,1,-1,1,-1,0,0,0,0,0,0,0,0,0,0,0,0,0,0,16,-8,16,-8,16,-10,14,-9,13,-7,12,-7,13,-5,12,-4,12,-5,10,-5,9,-5,7,-6,6,-5,7,-7,5,-5,7,-8,6,-5,3,-6,4,-7,2,-6,2,-9,1,-9,3,-5,4,-7,3,-6,3,-8,4,-10,1,-9,5,-9,2,-10,3,-11,2,-10,4,-9,2,-9,3,-11,5,-9,4,-9,5,-8,4,-8,5,-8,3,-9,6,-6,4,-6,5,-4,4,-5,4,-5,4,-5,4,-3,4,-3,4,-4,2,-3,3,-4,3,-4,3,-4,3,-3,2,-4,6,-4,0,0,0,0,0,0,0,0,0,0,0,0,0,0,0,0,0,0,0,0,0,0,0,-23,3,-23,4,-25,9,-25,10,-24,13,-25,15,-27,17,-25,18,-25,21,-23,25,-21,29,-22,30,-22,33,-20,33,-18,35,-17,37,-14,40,-12,39,-9,41,-7,41,-2,45,-3,42,2,44,5,44,5,43,11,40,11,40,13,40,12,38,16,36,18,33,19,35,21,33,21,32,22,31,23,28,22,30,23,25,22,26,24,24,25,23,24,21,25,22,25,19,25,19,26,17,24,17,22,16,22,13,23,13,21,12,21,11,23,10,19,10,20,10,20,9,19,0,0]"
CSI_DATA,279,1a:00:00:00:00:00,-53,11,1,0,1,1,1,0,0,0,1,-96,0,11,2,3854431,0,44,0,384,0,"[0,0,0,0,0,0,0,0,0,0,0,0,5,-3,4,-3,4,-3,4,-2,3,-2,3,-2,3,-3,3,-3,2,-2,2,-2,2,-2,2,-2,1,-2,1,-2,1,-2,1,-3,1,-3,1,-3,0,-3,0,-3,0,-3,0,-3,0,-4,0,-3,0,-3,1,-4,0,0,1,-4,1,-4,0,-4,1,-4,1,-4,1,-4,1,-3,1,-3,1,-3,2,-2,2,-2,1,-3,1,-3,1,-2,1,-2,1,-2,1,-2,1,-2,0,-2,0,-2,1,-2,0,-2,0,-2,1,-2,1,-2,1,-2,0,0,0,0,0,0,0,0,0,0,0,0,0,0,17,-5,15,-8,14,-6,15,-5,14,-6,10,-6,13,-5,12,-4,12,-4,9,-5,9,-4,9,-5,8,-5,7,-5,4,-5,5,-4,5,-5,4,-7,4,-6,4,-6,2,-8,2,-9,3,-6,1,-8,1,-7,2,-9,2,-9,2,-9,3,-8,2,-9,2,-10,2,-11,3,-9,3,-9,4,-11,7,-10,5,-7,6,-9,6,-7,5,-7,5,-6,4,-8,4,-5,2,-3,4,-7,4,-5,5,-5,3,-4,3,-3,2,-5,3,-5,4,-3,2,-5,3,-3,3,-5,1,-4,4,-4,0,0,0,0,0,0,0,0,0,0,0,0,0,0,0,0,0,0,0,0,0,0,3,-24,4,-23,8,-24,9,-24,13,-24,16,-20,16,-21,20,-22,23,-22,25,-21,25,-22,29,-17,29,-19,32,-19,35,-15,37,-12,39,-13,40,-8,40,-8,40,0,41,0,45,2,42,3,43,5,42,9,42,10,42,12,41,14,39,18,38,19,34,21,34,21,31,23,31,23,31,24,28,26,29,24,28,22,24,23,25,23,24,26,21,25,22,27,20,25,19,24,18,25,15,26,13,23,15,24,11,21,11,22,12,21,12,23,11,19,10,17,11,20,9,20,0,0]"
CSI_DATA,280,1a:00:00:00:00:00,-53,11,1,0,1,1,1,0,0,0,1,-96,0,11,2,3863862,0,44,0,384,0,"[0,0,0,0,0,0,0,0,0,0,0,0,-4,4,-3,3,-3,3,-3,3,-3,2,-3,2,-2,2,-3,2,-3,2,-2,2,-2,2,-2,2,-1,2,-1,1,-1,2,-1,2,-1,2,-1,2,0,2,0,2,0,2,0,2,-1,2,0,2,-1,3,-1,2,0,0,-1,3,0,3,-1,3,-2,2,-1,3,-1,3,-2,2,-1,2,-2,2,-2,2,-2,1,-2,1,-2,2,-2,2,-2,1,-2,1,-2,1,-1,1,-1,1,-1,1,-1,1,-2,1,-1,1,-2,1,-2,1,-2,1,0,0,0,0,0,0,0,0,0,0,0,0,0,0,-26,27,-24,28,-23,25,-24,20,-21,20,-20,22,-17,19,-19,16,-15,17,-13,18,-14,11,-15,16,-12,8,-12,8,-10,9,-10,13,-10,12,-8,11,-6,9,-4,12,-4,10,-6,11,-4,12,-4,10,-3,12,-5,17,-1,18,-4,17,-5,18,-2,18,-7,15,-5,18,-5,16,-5,19,-7,19,-7,18,-7,13,-6,12,-12,10,-11,12,-15,12,-9,14,-10,10,-8,8,-12,8,-13,9,-8,6,-7,7,-9,5,-9,7,-7,8,-7,8,-7,10,-9,2,-5,4,-9,4,-12,5,0,0,0,0,0,0,0,0,0,0,0,0,0,0,0,0,0,0,0,0,0,0,38,26,34,31,32,34,29,40,28,44,24,47,22,52,16,57,12,58,10,61,4,65,3,68,0,71,-9,73,-19,72,-24,72,-28,75,-37,71,-38,70,-49,69,-54,65,-57,64,-63,62,-64,55,-74,53,-72,46,-76,40,-83,38,-80,27,-77,25,-82,21,-81,18,-79,11,-81,6,-78,6,-79,4,-76,1,-74,-4,-71,-5,-71,-9,-71,-12,-70,-12,-62,-16,-66,-20,-61,-20,-51,-20,-54,-24,-52,-24,-53,-26,-50,-24,-45,-24,-42,-25,-45,-28,-41,-25,-37,-24,-35,-30,-32,-28,0,0]"
CSI_DATA,281,1a:00:00:00:00:00,-54,11,1,0,1,1,1,0,0,0,1,-96,0,11,2,3873844,0,44,0,384,0,"[0,0,0,0,0,0,0,0,0,0,0,0,-4,-5,-4,-4,-3,-4,-3,-4,-3,-4,-3,-4,-3,-3,-3,-3,-3,-3,-3,-3,-2,-2,-2,-2,-2,-2,-3,-2,-3,-2,-3,-1,-3,-1,-2,-1,-3,-1,-3,-1,-3,-1,-3,-1,-3,-1,-4,-1,-4,-1,-4,-1,0,0,-4,-1,-4,-2,-3,-2,-4,-1,-4,-2,-3,-3,-3,-2,-3,-2,-3,-2,-3,-2,-3,-2,-2,-2,-2,-2,-2,-2,-3,-2,-2,-2,-2,-2,-2,-2,-2,-2,-2,-2,-2,-2,-1,-2,-2,-2,-2,-2,-2,-2,-2,-2,0,0,0,0,0,0,0,0,0,0,0,0,0,0,-8,-19,-7,-17,-8,-16,-7,-16,-7,-13,-6,-14,-6,-13,-4,-13,-5,-12,-3,-10,-4,-10,-5,-10,-5,-9,-6,-7,-5,-8,-6,-8,-4,-7,-6,-5,-6,-3,-5,-3,-7,-4,-6,-4,-8,-1,-9,-2,-8,-1,-10,-2,-8,-3,-11,-1,-9,-1,-7,-3,-8,-4,-10,-4,-9,-4,-9,-5,-8,-4,-9,-5,-10,-4,-9,-7,-7,-7,-9,-6,-6,-6,-6,-6,-6,-6,-5,-6,-7,-6,-5,-5,-3,-5,-5,-5,-4,-3,-4,-2,-4,-3,-5,-3,-6,-3,-3,-4,-4,-4,-5,-4,-3,-4,0,0,0,0,0,0,0,0,0,0,0,0,0,0,0,0,0,0,0,0,0,0,-25,-2,-24,-6,-24,-9,-26,-11,-25,-13,-22,-16,-22,-18,-23,-18,-23,-23,-19,-24,-22,-28,-21,-29,-18,-32,-18,-36,-16,-37,-11,-35,-11,-40,-9,-40,-7,-41,-2,-43,-3,-42,3,-45,4,-44,6,-42,12,-45,12,-43,15,-43,17,-42,19,-38,19,-39,19,-37,22,-35,21,-33,24,-31,25,-31,25,-29,24,-28,24,-27,24,-27,25,-25,26,-25,24,-20,25,-21,25,-23,24,-20,26,-19,25,-17,23,-14,24,-16,22,-12,22,-12,22,-12,21,-11,20,-10,20,-11,19,-10,18,-9,0,0]"
CSI_DATA,282,1a:00:00:00:00:00,-53,11,1,0,1,1,1,0,0,0,1,-96,0,11,2,3883831,0,44,0,384,0,"[0,0,0,0,0,0,0,0,0,0,0,0,4,-3,4,-2,4,-2,4,-2,3,-2,3,-2,2,-2,2,-2,2,-2,2,-2,2,-2,1,-2,1,-2,1,-2,1,-2,1,-3,1,-3,0,-3,0,-2,0,-3,0,-3,0,-3,0,-3,0,-3,0,-3,1,-4,0,0,1,-3,0,-3,0,-4,1,-4,0,-3,1,-3,0,-3,1,-3,1,-3,1,-3,1,-3,1,-2,0,-3,0,-2,1,-2,1,-2,0,-2,1,-2,1,-2,1,-2,0,-2,0,-2,0,-2,0,-2,1,-2,0,-2,0,0,0,0,0,0,0,0,0,0,0,0,0,0,32,-15,33,-12,30,-15,31,-12,27,-10,27,-7,23,-9,23,-11,23,-9,24,-8,19,-8,18,-6,16,-9,13,-5,10,-8,10,-12,14,-10,11,-10,11,-10,8,-13,5,-12,3,-13,5,-13,5,-14,4,-12,4,-14,5,-18,6,-19,4,-14,3,-19,3,-17,1,-22,3,-17,2,-16,3,-20,7,-21,6,-20,7,-17,6,-14,9,-17,9,-19,9,-15,9,-11,6,-11,6,-13,6,-14,9,-13,6,-9,5,-8,8,-11,6,-10,3,-12,4,-9,7,-9,5,-8,6,-9,9,-10,0,0,0,0,0,0,0,0,0,0,0,0,0,0,0,0,0,0,0,0,0,0,17,-45,21,-41,26,-44,31,-43,36,-38,43,-40,43,-39,46,-34,52,-38,54,-32,63,-25,67,-27,68,-24,73,-14,76,-14,78,-12,81,-10,83,1,86,6,86,11,85,14,87,19,85,24,85,29,78,37,82,37,77,45,76,47,74,49,76,52,64,51,62,57,61,54,59,54,55,56,50,57,46,60,46,58,43,62,39,55,41,56,41,53,37,55,34,53,30,53,27,51,29,53,26,51,24,49,23,51,20,45,25,46,23,49,22,46,18,45,17,45,13,38,0,0]"
CSI_DATA,283,1a:00:00:00:00:00,-53,11,1,0,1,1,1,0,0,0,1,-96,0,11,2,3895709,0,44,0,384,0,"[0,0,0,0,0,0,0,0,0,0,0,0,4,-3,4,-3,4,-2,4,-2,3,-2,3,-2,3,-3,2,-2,2,-2,2,-2,2,-2,2,-2,2,-2,1,-2,1,-2,1,-3,1,-3,1,-3,0,-2,0,-3,0,-3,0,-3,1,-4,0,-3,0,-3,1,-4,0,0,1,-3,0,-4,1,-3,2,-3,1,-3,1,-3,1,-3,1,-3,2,-3,2,-2,2,-2,1,-2,1,-2,1,-2,1,-2,1,-2,1,-2,1,-2,1,-2,1,-1,1,-1,1,-2,1,-2,1,-2,1,-2,1,-1,0,0,0,0,0,0,0,0,0,0,0,0,0,0,15,-9,14,-6,17,-7,14,-7,14,-6,14,-6,11,-2,11,-5,10,-5,8,-3,8,-4,8,-5,7,-4,5,-4,4,-5,6,-4,6,-4,5,-4,3,-5,3,-5,3,-6,1,-6,4,-8,2,-9,3,-6,3,-6,2,-9,5,-8,4,-9,3,-11,3,-12,3,-9,4,-7,6,-6,5,-10,6,-8,5,-6,5,-7,5,-6,6,-7,5,-6,7,-6,5,-3,5,-3,5,-3,4,-5,5,-5,4,-3,5,-4,2,-3,5,-3,4,-2,2,-2,2,-4,5,-4,5,-2,3,-4,0,0,0,0,0,0,0,0,0,0,0,0,0,0,0,0,0,0,0,0,0,0,-5,-22,-3,-25,-1,-23,4,-26,4,-26,8,-29,7,-28,12,-27,16,-28,16,-26,21,-26,23,-26,26,-26,29,-22,30,-24,32,-16,36,-21,35,-16,40,-14,39,-13,40,-9,44,-9,43,-4,43,-1,43,4,43,3,43,6,43,8,39,11,40,13,36,13,37,16,37,18,34,16,35,18,31,20,28,21,29,23,26,23,27,24,27,22,23,21,23,25,22,24,20,24,16,21,15,22,18,22,15,22,12,22,13,25,12,21,10,21,10,20,7,20,10,21,10,20,0,0]"
CSI_DATA,284,1a:00:00:00:00:00,-54,11,1,0,1,1,1,0,0,0,1,-96,0,11,2,3916643,0,44,0,384,0,"[0,0,0,0,0,0,0,0,0,0,0,0,-6,0,-6,0,-5,0,-5,-1,-5,-1,-4,0,-4,0,-4,0,-4,0,-3,0,-3,0,-3,0,-3,0,-2,0,-2,1,-3,1,-2,1,-2,1,-2,1,-2,1,-2,1,-2,2,-3,2,-2,1,-2,2,-3,2,0,0,-3,2,-3,2,-2,2,-3,2,-3,1,-3,1,-3,1,-3,1,-3,1,-3,1,-3,1,-3,0,-2,0,-2,1,-3,0,-3,0,-2,0,-2,0,-2,0,-2,0,-2,0,-2,0,-2,0,-2,0,-2,0,-2,0,0,0,0,0,0,0,0,0,0,0,0,0,0,0,-35,-5,-31,7,-34,5,-33,4,-27,2,-28,2,-24,-4,-26,-1,-23,2,-20,0,-18,-1,-21,3,-18,3,-18,3,-14,2,-12,5,-14,2,-16,5,-13,5,-10,6,-12,8,-6,6,-12,7,-11,8,-12,10,-12,11,-9,14,-10,8,-11,11,-9,14,-10,12,-15,15,-13,12,-17,9,-13,14,-15,8,-17,7,-18,5,-16,6,-16,12,-15,7,-14,9,-17,4,-11,5,-14,3,-12,2,-12,4,-8,4,-11,1,-10,4,-11,1,-13,4,-10,3,-8,4,-13,2,-9,4,-11,1,0,0,0,0,0,0,0,0,0,0,0,0,0,0,0,0,0,0,0,0,0,0,3,43,-6,48,-9,48,-14,52,-16,47,-24,48,-30,45,-33,53,-40,51,-42,45,-48,44,-54,43,-60,45,-62,43,-74,32,-69,30,-74,30,-79,20,-80,15,-84,8,-83,4,-92,-6,-85,-8,-87,-8,-86,-19,-87,-19,-85,-26,-82,-34,-74,-39,-78,-43,-66,-43,-72,-50,-61,-49,-59,-52,-56,-57,-57,-55,-47,-53,-50,-54,-44,-54,-46,-59,-49,-59,-38,-53,-39,-60,-33,-58,-32,-55,-25,-54,-24,-51,-21,-51,-18,-53,-19,-50,-19,-46,-17,-46,-15,-48,-16,-44,-11,-43,-15,-43,-8,-45,0,0]"
CSI_DATA,285,1a:00:00:00:00:00,-54,11,1,0,1,1,1,0,0,0,1,-96,0,11,2,3923847,0,44,0,384,0,"[0,0,0,0,0,0,0,0,0,0,0,0,-6,0,-5,0,-5,-1,-5,-1,-4,-1,-4,0,-4,0,-4,0,-4,0,-3,0,-3,0,-3,0,-3,0,-2,0,-2,0,-2,1,-2,1,-2,1,-2,1,-2,1,-2,1,-2,1,-2,2,-2,2,-2,1,-3,2,0,0,-3,2,-3,1,-2,2,-3,2,-2,1,-3,1,-2,1,-2,1,-3,1,-3,1,-3,1,-2,1,-2,0,-2,1,-2,1,-3,0,-2,0,-2,0,-2,0,-2,0,-2,0,-2,0,-2,0,-2,1,-2,0,-2,0,0,0,0,0,0,0,0,0,0,0,0,0,0,0,-35,-14,-33,-12,-35,-16,-30,-12,-29,-11,-25,-11,-24,-13,-23,-13,-23,-8,-19,-12,-22,-13,-18,-8,-17,-9,-15,-5,-16,-2,-13,-3,-13,-3,-15,-2,-15,-4,-12,-1,-14,3,-13,2,-13,3,-15,3,-13,1,-19,1,-19,7,-20,5,-15,5,-19,9,-15,7,-16,7,-20,2,-19,5,-20,8,-17,4,-18,-1,-18,-2,-17,1,-20,1,-15,3,-13,-2,-12,-3,-14,-4,-9,-4,-15,-3,-10,-2,-12,-1,-12,-4,-12,-4,-12,-2,-8,-1,-5,1,-13,-3,-12,0,-15,-5,-16,-1,0,0,0,0,0,0,0,0,0,0,0,0,0,0,0,0,0,0,0,0,0,0,-24,39,-28,36,-34,40,-38,31,-45,35,-46,25,-50,27,-56,22,-59,22,-61,16,-70,13,-72,12,-75,7,-77,1,-77,-8,-80,-17,-77,-19,-83,-29,-79,-27,-76,-39,-74,-43,-75,-48,-73,-57,-73,-56,-67,-63,-63,-66,-54,-71,-57,-74,-47,-76,-42,-74,-38,-77,-35,-74,-30,-77,-27,-74,-26,-79,-19,-76,-20,-76,-17,-74,-13,-74,-10,-74,-8,-70,-5,-71,-6,-70,3,-68,1,-63,1,-61,7,-61,4,-55,6,-57,11,-54,6,-52,7,-52,12,-50,14,-46,9,-44,10,-43,14,-43,0,0]"
CSI_DATA,286,1a:00:00:00:00:00,-54,11,1,0,1,1,1,0,0,0,1,-96,0,11,2,3934949,0,44,0,384,0,"[0,0,0,0,0,0,0,0,0,0,0,0,-6,-1,-6,-1,-5,-1,-5,-1,-4,-1,-4,-1,-4,-1,-4,0,-4,-1,-4,-1,-3,0,-3,0,-3,0,-3,0,-3,0,-3,1,-2,1,-2,1,-2,1,-3,0,-2,1,-3,1,-3,2,-2,1,-3,1,-3,2,0,0,-3,2,-3,1,-3,1,-4,2,-3,1,-3,1,-3,0,-3,1,-4,0,-4,0,-4,0,-3,0,-2,0,-3,0,-3,0,-3,0,-2,0,-3,0,-2,0,-3,0,-2,0,-2,0,-2,0,-2,0,-2,0,-2,-1,0,0,0,0,0,0,0,0,0,0,0,0,0,0,-18,-4,-17,-5,-16,-6,-17,-5,-16,-5,-13,-4,-12,-5,-12,-5,-13,-4,-11,-3,-9,-3,-8,-3,-8,-4,-10,-2,-6,-3,-6,-1,-8,0,-9,0,-8,0,-5,2,-6,1,-6,3,-8,3,-6,2,-5,3,-8,2,-6,2,-7,3,-7,3,-6,5,-8,6,-10,4,-10,4,-10,2,-9,3,-9,1,-10,2,-9,2,-10,1,-9,2,-9,0,-10,1,-8,-1,-6,0,-8,0,-7,0,-6,0,-5,-2,-7,1,-6,-1,-5,0,-5,1,-6,1,-5,1,-7,-1,-6,-2,-7,-3,0,0,0,0,0,0,0,0,0,0,0,0,0,0,0,0,0,0,0,0,0,0,-8,20,-14,21,-15,20,-19,20,-20,21,-22,18,-24,14,-27,16,-30,14,-31,13,-32,10,-35,9,-39,7,-39,3,-41,0,-39,-2,-42,-6,-42,-7,-41,-9,-42,-14,-40,-14,-42,-21,-37,-19,-36,-23,-36,-28,-35,-29,-33,-29,-33,-33,-27,-33,-25,-34,-25,-34,-23,-36,-20,-35,-18,-36,-17,-38,-16,-36,-14,-34,-13,-36,-12,-35,-10,-37,-9,-35,-6,-33,-6,-33,-7,-32,-4,-33,-2,-32,-2,-30,-1,-30,1,-29,1,-27,2,-26,2,-28,2,-25,3,-21,3,-23,2,-21,3,-22,0,0]"
CSI_DATA,287,1a:00:00:00:00:00,-54,11,1,0,1,1,1,0,0,0,1,-96,0,11,2,3943889,0,44,0,384,0,"[0,0,0,0,0,0,0,0,0,0,0,0,-5,1,-5,1,-5,1,-4,1,-4,1,-4,1,-4,1,-3,1,-3,1,-3,0,-3,1,-3,1,-2,0,-2,1,-2,1,-2,2,-2,1,-2,1,-1,1,-1,1,-1,2,-1,2,-2,2,-1,2,-1,2,-2,2,0,0,-2,2,-1,2,-2,2,-2,2,-2,2,-2,2,-1,2,-2,2,-3,2,-2,1,-3,1,-2,1,-2,1,-2,1,-2,1,-2,1,-2,1,-2,1,-2,0,-2,1,-2,1,-2,1,-2,1,-2,1,-2,0,-2,0,0,0,0,0,0,0,0,0,0,0,0,0,0,0,-31,15,-35,14,-31,13,-31,6,-29,8,-25,9,-27,5,-24,5,-24,7,-21,2,-19,8,-18,5,-12,5,-15,2,-12,3,-14,6,-12,7,-13,6,-11,8,-12,6,-7,11,-6,13,-10,7,-8,11,-5,11,-13,13,-7,16,-9,16,-8,12,-5,14,-10,12,-12,15,-11,10,-13,9,-8,12,-12,13,-12,6,-13,9,-15,5,-16,10,-16,10,-15,7,-12,6,-14,3,-9,3,-16,7,-13,7,-9,1,-8,4,-12,2,-10,4,-11,5,-9,7,-6,5,-8,2,-13,4,-10,4,0,0,0,0,0,0,0,0,0,0,0,0,0,0,0,0,0,0,0,0,0,0,27,36,20,41,17,48,13,51,12,51,8,54,0,55,-5,61,-6,63,-17,61,-22,66,-27,64,-33,65,-36,66,-49,63,-53,62,-57,62,-65,55,-65,51,-75,46,-81,41,-82,36,-87,31,-86,28,-88,16,-86,14,-87,9,-90,0,-91,-2,-88,-7,-84,-13,-82,-17,-83,-21,-78,-23,-79,-33,-72,-28,-67,-31,-66,-32,-64,-33,-63,-37,-56,-43,-56,-40,-56,-40,-53,-40,-43,-39,-41,-45,-41,-42,-42,-41,-38,-45,-32,-46,-31,-41,-31,-41,-28,-40,-26,-41,-27,-43,-27,-43,-16,-41,0,0]"
CSI_DATA,288,1a:00:00:00:00:00,-54,11,1,0,1,1,1,0,0,0,1,-96,0,11,2,3955198,0,44,0,384,0,"[0,0,0,0,0,0,0,0,0,0,0,0,-5,-1,-5,-1,-5,-2,-4,-2,-4,-2,-4,-1,-4,-1,-3,-1,-3,-1,-3,-1,-3,0,-3,0,-3,-1,-2,-1,-3,0,-2,0,-2,0,-2,0,-2,0,-2,0,-2,0,-2,1,-2,1,-3,1,-2,1,-3,1,0,0,-3,1,-3,1,-3,1,-3,1,-3,0,-3,1,-3,0,-3,0,-3,0,-3,0,-3,0,-2,0,-2,0,-2,0,-3,0,-2,0,-2,0,-2,0,-2,0,-2,0,-2,0,-2,0,-2,0,-2,0,-2,0,-2,0,0,0,0,0,0,0,0,0,0,0,0,0,0,0,-31,-17,-28,-12,-30,-15,-28,-12,-23,-15,-25,-12,-18,-17,-20,-17,-16,-12,-19,-12,-16,-12,-16,-10,-15,-9,-17,-9,-11,-9,-11,-7,-15,-4,-10,-1,-13,-2,-14,-2,-13,-2,-10,0,-15,4,-15,1,-13,1,-17,5,-11,4,-13,0,-14,4,-16,4,-12,3,-18,5,-16,-3,-21,1,-19,5,-17,2,-17,0,-16,-5,-18,-1,-16,-2,-13,-3,-15,-2,-11,-3,-14,-4,-13,0,-13,-3,-12,-1,-14,-3,-14,-1,-11,-3,-12,0,-11,1,-10,-4,-10,0,-9,-8,-14,-8,-8,-4,0,0,0,0,0,0,0,0,0,0,0,0,0,0,0,0,0,0,0,0,0,0,-19,38,-26,38,-29,39,-39,33,-44,31,-46,32,-53,26,-52,23,-55,21,-61,15,-65,15,-67,9,-70,-1,-75,-1,-77,-9,-74,-14,-81,-18,-78,-27,-83,-27,-74,-36,-71,-42,-73,-46,-68,-51,-65,-59,-62,-60,-57,-67,-48,-68,-48,-73,-44,-73,-41,-72,-33,-70,-31,-77,-29,-77,-23,-77,-21,-77,-19,-71,-12,-69,-8,-73,-10,-71,-6,-69,-4,-70,-3,-69,3,-71,1,-63,6,-65,8,-55,12,-59,9,-57,11,-52,13,-52,11,-46,14,-47,14,-45,14,-42,16,-41,17,-41,15,-39,0,0]"
CSI_DATA,289,1a:00:00:00:00:00,-54,11,1,0,1,1,1,0,0,0,1,-96,0,11,2,3976501,0,44,0,384,0,"[0,0,0,0,0,0,0,0,0,0,0,0,5,-1,5,-1,4,-1,4,-1,4,-1,3,-1,3,-1,3,-1,3,-1,2,-1,2,-1,2,-1,2,-1,2,-1,2,-2,2,-2,2,-2,1,-2,1,-2,1,-2,1,-2,0,-2,1,-2,1,-2,1,-2,2,-3,0,0,2,-3,1,-2,2,-3,3,-2,1,-3,2,-3,2,-2,2,-2,2,-2,2,-1,2,-2,1,-1,2,-1,1,-1,2,-1,1,-1,1,-1,1,-1,1,-1,2,-1,1,-1,1,-1,2,-1,1,-2,1,-1,2,-1,0,0,0,0,0,0,0,0,0,0,0,0,0,0,18,-5,19,-3,14,-3,17,-1,15,-2,13,-1,14,-2,11,-1,11,-2,10,-1,9,-3,9,-3,9,-2,8,-3,8,-2,7,-1,6,-2,6,-3,6,-4,5,-4,4,-4,4,-5,6,-4,5,-4,4,-4,3,-6,2,-8,4,-9,4,-8,4,-7,4,-9,5,-7,5,-5,5,-5,3,-9,7,-7,7,-5,5,-4,6,-5,6,-6,4,-6,5,-6,6,-2,5,-3,5,-4,4,-3,6,-4,5,0,4,-4,4,-3,3,-4,4,-4,2,-4,4,-4,4,-4,5,-2,5,-3,0,0,0,0,0,0,0,0,0,0,0,0,0,0,0,0,0,0,0,0,0,0,1,-24,3,-24,5,-26,8,-26,10,-24,12,-27,15,-24,19,-24,20,-26,22,-23,25,-22,29,-21,31,-21,34,-17,35,-16,37,-13,38,-13,41,-9,41,-8,43,-4,43,1,45,0,43,5,45,9,42,14,43,13,41,16,42,20,38,19,36,20,35,21,35,26,32,24,30,26,28,27,27,26,26,26,24,28,20,29,22,28,20,28,19,26,18,27,17,28,15,26,16,29,14,27,11,25,11,26,9,24,10,24,7,23,7,23,4,23,4,20,5,21,4,20,0,0]"
CSI_DATA,290,1a:00:00:00:00:00,-54,11,1,0,1,1,1,0,0,0,1,-96,0,11,2,3984983,0,44,0,384,0,"[0,0,0,0,0,0,0,0,0,0,0,0,-6,-2,-5,-2,-5,-2,-5,-2,-4,-2,-4,-2,-4,-2,-4,-1,-3,-1,-3,-2,-3,-1,-3,0,-3,-1,-3,-1,-3,-1,-3,0,-3,0,-3,0,-2,0,-2,0,-3,0,-2,0,-3,1,-2,0,-3,0,-3,1,0,0,-3,0,-3,0,-3,0,-3,0,-3,0,-3,0,-3,-1,-3,0,-4,-1,-4,-1,-3,-1,-3,-1,-2,-1,-2,-1,-2,-1,-3,-1,-2,-1,-2,-1,-2,-1,-2,-1,-3,-1,-2,-1,-2,-1,-2,-1,-2,-1,-2,-1,0,0,0,0,0,0,0,0,0,0,0,0,0,0,-20,-4,-17,-3,-17,-2,-15,-4,-15,-1,-15,-5,-12,-6,-12,-3,-12,-4,-9,-4,-9,0,-10,-2,-9,-3,-9,-1,-8,-2,-6,-1,-8,-1,-6,-1,-7,0,-5,1,-5,1,-6,3,-7,3,-8,2,-8,4,-5,4,-6,6,-8,4,-6,4,-5,6,-6,5,-7,6,-8,5,-9,6,-8,3,-7,3,-8,2,-9,2,-8,2,-9,3,-7,3,-7,2,-6,1,-7,1,-8,2,-7,0,-6,3,-6,1,-5,2,-6,2,-5,1,-6,3,-6,1,-6,2,-5,1,-7,1,-6,1,0,0,0,0,0,0,0,0,0,0,0,0,0,0,0,0,0,0,0,0,0,0,-12,19,-14,18,-15,20,-18,19,-21,17,-23,15,-25,15,-27,13,-29,13,-31,11,-34,9,-36,5,-37,3,-39,2,-40,0,-41,-5,-41,-5,-39,-10,-42,-12,-40,-15,-39,-19,-39,-20,-38,-23,-38,-26,-36,-30,-36,-29,-31,-32,-30,-34,-27,-34,-27,-36,-24,-35,-22,-37,-19,-38,-18,-37,-17,-38,-14,-36,-14,-35,-14,-35,-11,-36,-9,-36,-9,-36,-9,-35,-6,-36,-5,-34,-4,-31,-6,-29,-5,-30,-2,-28,-1,-30,-1,-28,0,-26,1,-24,1,-24,0,-24,2,-25,2,-20,1,-24,0,0]"
CSI_DATA,291,1a:00:00:00:00:00,-54,11,1,0,1,1,1,0,0,0,1,-96,0,11,2,4003854,0,44,0,384,0,"[0,0,0,0,0,0,0,0,0,0,0,0,-6,0,-6,0,-5,0,-5,-1,-4,-1,-4,0,-4,0,-4,0,-4,0,-3,0,-3,0,-3,0,-3,0,-2,0,-2,0,-2,0,-2,1,-2,1,-2,1,-2,1,-2,1,-2,1,-2,2,-2,1,-2,1,-3,2,0,0,-3,2,-2,1,-3,2,-3,2,-3,1,-3,1,-3,1,-3,1,-3,1,-3,1,-3,0,-2,0,-2,0,-2,0,-2,0,-2,0,-2,0,-2,0,-2,0,-2,0,-2,0,-2,0,-2,0,-2,0,-2,0,-3,0,0,0,0,0,0,0,0,0,0,0,0,0,0,0,-21,-6,-18,-5,-17,-5,-16,-4,-14,-2,-15,-5,-12,-4,-13,-4,-11,-3,-10,-3,-10,-3,-10,-2,-10,-1,-9,-2,-6,-1,-5,-1,-8,-1,-7,0,-5,-2,-4,2,-6,1,-4,2,-6,2,-5,2,-5,4,-5,4,-4,5,-6,5,-8,4,-4,6,-5,5,-6,7,-7,6,-7,5,-7,3,-6,6,-7,2,-7,3,-6,3,-7,6,-6,4,-7,2,-5,2,-7,1,-7,0,-5,3,-7,-1,-4,2,-5,2,-7,2,-5,2,-5,1,-3,2,-4,2,-4,-1,-4,0,-7,1,0,0,0,0,0,0,0,0,0,0,0,0,0,0,0,0,0,0,0,0,0,0,-12,19,-14,17,-17,17,-20,16,-24,16,-24,12,-26,12,-28,10,-30,9,-32,7,-33,4,-34,2,-36,2,-39,-2,-37,-4,-38,-6,-40,-8,-38,-13,-41,-14,-39,-17,-36,-19,-38,-22,-36,-24,-36,-28,-32,-31,-30,-32,-29,-33,-27,-35,-24,-34,-23,-36,-21,-35,-20,-37,-18,-37,-17,-35,-16,-37,-15,-37,-11,-35,-10,-35,-11,-35,-8,-34,-8,-34,-7,-30,-7,-34,-5,-32,-2,-30,-3,-28,-3,-30,-2,-29,1,-27,2,-27,1,-26,0,-25,1,-23,2,-24,4,-23,3,-24,2,-20,0,0]"
CSI_DATA,292,1a:00:00:00:00:00,-54,11,1,0,1,1,1,0,0,0,1,-96,0,11,2,4013892,0,44,0,384,0,"[0,0,0,0,0,0,0,0,0,0,0,0,4,1,4,1,4,1,4,1,3,1,3,1,2,1,2,1,2,1,2,1,2,0,2,0,1,0,2,0,1,0,1,-1,2,-1,1,-1,1,-1,1,-1,1,-1,1,-1,2,-2,1,-1,2,-1,2,-2,0,0,2,-2,2,-1,2,-1,3,-2,2,-1,2,-1,2,-1,2,-1,2,-1,2,0,2,0,1,0,1,0,1,0,2,0,1,0,1,0,1,0,1,-1,1,0,1,0,1,0,1,-1,1,0,1,0,1,0,0,0,0,0,0,0,0,0,0,0,0,0,0,0,34,15,34,17,31,15,28,11,24,15,22,14,21,13,22,12,19,13,17,11,14,12,13,7,17,10,15,9,11,6,11,8,11,4,11,3,11,0,12,-1,7,0,10,-1,11,-3,12,-2,14,-2,12,-2,13,-3,13,-2,14,-1,14,-2,13,-3,15,-3,15,-2,16,1,16,-6,14,1,19,2,14,-1,15,4,13,2,17,2,14,4,11,3,9,1,10,5,15,0,9,1,10,-1,7,3,11,-1,11,2,10,3,7,4,12,6,10,5,9,7,13,4,0,0,0,0,0,0,0,0,0,0,0,0,0,0,0,0,0,0,0,0,0,0,6,-46,9,-45,14,-49,24,-46,28,-48,33,-46,38,-43,43,-40,50,-41,51,-38,61,-32,67,-30,68,-29,72,-25,78,-17,79,-9,79,-8,84,0,82,9,86,17,80,20,83,29,83,36,79,40,78,46,72,51,70,54,66,58,59,67,54,66,48,69,48,69,38,70,36,73,31,75,33,71,26,68,22,68,18,72,19,69,11,68,10,67,3,63,7,67,-1,63,3,57,-1,57,-2,56,-7,56,-9,54,-8,50,-10,48,-13,47,-14,45,-11,48,-15,44,-18,38,0,0]"
CSI_DATA,293,1a:00:00:00:00:00,-55,11,1,0,1,1,1,0,0,0,1,-96,0,11,2,4023863,0,44,0,384,0,"[0,0,0,0,0,0,0,0,0,0,0,0,-1,5,-1,5,0,4,-1,4,-1,3,-1,3,-1,3,-1,3,-1,3,0,2,-1,2,-1,2,0,2,0,2,1,1,1,1,0,1,0,1,1,1,1,1,2,1,1,1,1,1,2,1,1,1,1,1,0,0,2,1,2,2,2,2,1,1,1,2,2,2,1,2,1,2,1,1,1,1,0,1,1,2,0,1,0,1,1,1,0,1,0,1,0,0,1,1,1,1,1,1,0,1,0,1,0,1,0,1,0,1,0,0,0,0,0,0,0,0,0,0,0,0,0,0,1,15,0,18,0,17,2,16,1,14,2,14,1,13,0,12,-1,10,0,9,-1,10,-1,9,1,9,-2,5,0,8,0,4,1,5,3,4,2,4,1,5,1,4,4,2,2,2,3,3,4,2,5,0,6,2,5,2,5,3,8,4,5,2,6,2,6,3,8,1,7,6,7,3,7,3,6,4,6,2,3,4,4,6,5,5,3,4,4,3,3,2,3,2,4,3,5,3,3,3,3,3,2,3,2,3,5,2,2,3,3,3,4,3,2,5,0,0,0,0,0,0,0,0,0,0,0,0,0,0,0,0,0,0,0,0,0,0,21,8,20,10,20,12,21,13,21,16,18,19,17,21,17,25,16,26,15,29,13,30,11,31,11,35,6,37,6,35,4,39,2,40,-3,41,-4,40,-6,40,-11,39,-13,40,-18,41,-17,39,-21,39,-22,37,-24,35,-25,35,-27,34,-28,31,-28,31,-27,26,-30,24,-30,24,-33,25,-30,21,-31,20,-31,18,-30,17,-28,18,-30,16,-31,13,-31,13,-32,14,-27,11,-29,8,-29,7,-27,9,-27,8,-28,7,-25,5,-25,4,-25,6,-25,6,-23,3,-21,3,-22,2,0,0]"
CSI_DATA,294,1a:00:00:00:00:00,-55,11,1,0,1,1,1,0,0,0,1,-96,0,11,2,4033864,0,44,0,384,0,"[0,0,0,0,0,0,0,0,0,0,0,0,-2,-5,-2,-5,-2,-5,-2,-5,-2,-4,-1,-4,-1,-4,-1,-4,-1,-3,-2,-3,-1,-3,-1,-3,-2,-3,-2,-3,-2,-2,-2,-2,-2,-1,-2,-1,-2,-2,-2,-1,-2,-1,-2,-2,-3,-1,-3,-2,-3,-2,-3,-1,0,0,-3,-1,-3,-2,-3,-2,-3,-1,-3,-2,-3,-2,-2,-2,-2,-2,-3,-2,-3,-2,-3,-2,-2,-2,-2,-2,-2,-2,-2,-2,-2,-2,-2,-2,-2,-2,-2,-1,-2,-2,-2,-2,-2,-2,-2,-2,-2,-2,-2,-2,-2,-2,0,0,0,0,0,0,0,0,0,0,0,0,0,0,-7,-19,-6,-17,-8,-17,-7,-15,-4,-16,-4,-14,-3,-14,-4,-13,-2,-9,-2,-11,-1,-11,-2,-11,-2,-8,-2,-8,-3,-9,-4,-8,-3,-5,-5,-5,-5,-4,-4,-3,-5,-5,-4,-4,-5,-3,-5,-3,-7,-2,-6,-2,-6,-4,-8,-3,-8,-5,-7,-4,-8,-4,-8,-4,-9,-4,-8,-4,-7,-5,-6,-6,-7,-5,-5,-7,-7,-8,-6,-5,-5,-7,-4,-5,-3,-5,-4,-5,-5,-5,-3,-5,-3,-3,-4,-5,-4,-3,-4,-2,-3,-3,-4,-6,-4,-3,-3,-6,-5,-5,-4,-5,-3,-8,0,0,0,0,0,0,0,0,0,0,0,0,0,0,0,0,0,0,0,0,0,0,-19,12,-22,7,-24,6,-26,4,-28,-1,-30,-4,-29,-4,-31,-7,-29,-9,-30,-12,-32,-15,-32,-18,-32,-20,-31,-24,-30,-28,-29,-30,-28,-33,-24,-34,-25,-36,-19,-39,-18,-42,-15,-44,-10,-43,-9,-43,-6,-45,-4,-44,-1,-45,3,-44,5,-42,7,-45,11,-42,11,-42,13,-38,15,-38,16,-37,19,-35,18,-31,16,-33,17,-31,19,-31,20,-30,20,-28,24,-26,23,-24,21,-23,21,-21,22,-19,23,-18,21,-18,22,-16,21,-14,21,-15,20,-12,20,-12,20,-14,20,-12,20,-10,0,0]"
CSI_DATA,295,1a:00:00:00:00:00,-55,11,1,0,1,1,1,0,0,0,1,-96,0,11,2,4043853,0,44,0,384,0,"[0,0,0,0,0,0,0,0,0,0,0,0,5,0,5,0,5,0,4,0,4,0,3,0,3,0,3,0,3,0,2,0,2,-1,2,-1,1,0,1,-1,1,-1,2,-1,1,-2,1,-2,1,-1,1,-2,1,-2,1,-2,2,-2,1,-2,1,-2,2,-2,0,0,2,-2,1,-2,1,-2,2,-2,2,-2,1,-2,2,-2,1,-2,2,-1,2,-2,2,-1,1,-2,1,-1,1,-1,2,-1,1,-1,1,-1,1,-1,1,-1,1,-1,1,-1,1,-1,1,-1,1,-1,2,-1,1,-1,0,0,0,0,0,0,0,0,0,0,0,0,0,0,19,-1,17,0,17,-2,15,-1,14,0,12,1,14,-1,14,0,11,-1,11,-1,8,-1,10,0,8,0,8,0,5,-1,6,-1,6,-2,5,-1,4,-3,4,-2,3,-4,3,-3,3,-4,4,-5,4,-5,5,-4,4,-6,4,-5,5,-6,1,-5,2,-8,4,-10,5,-7,5,-6,3,-8,6,-6,6,-6,5,-6,6,-5,5,-5,5,-5,6,-5,3,-2,4,-5,4,-1,5,-4,4,-5,5,-3,2,-5,4,-3,3,-4,4,-4,3,-3,4,-2,4,-3,5,-2,4,-3,0,0,0,0,0,0,0,0,0,0,0,0,0,0,0,0,0,0,0,0,0,0,3,-24,6,-25,8,-24,12,-25,13,-23,16,-22,17,-22,20,-22,23,-21,25,-22,29,-21,30,-18,33,-18,35,-16,37,-13,37,-10,41,-9,41,-3,42,-1,43,1,42,6,44,7,44,11,43,12,42,18,40,17,39,20,38,22,34,23,34,27,31,25,30,27,28,30,27,29,26,31,25,29,21,28,20,29,21,29,20,30,18,31,17,30,15,30,14,30,12,28,11,29,8,28,8,27,8,27,7,27,7,26,7,25,3,24,2,21,4,23,4,22,4,24,0,0]"
CSI_DATA,296,1a:00:00:00:00:00,-55,11,1,0,1,1,1,0,0,0,1,-96,0,11,2,4054970,0,44,0,384,0,"[0,0,0,0,0,0,0,0,0,0,0,0,3,2,3,2,3,2,3,2,3,2,2,1,2,1,2,1,1,1,2,1,2,1,1,0,1,1,1,1,1,0,1,0,1,0,1,-1,1,0,1,0,1,0,2,-1,2,-1,2,-1,2,-1,2,-2,0,0,2,-1,1,-1,2,-1,2,-1,2,0,2,0,2,0,1,0,2,0,2,0,2,0,1,0,1,0,1,0,1,0,1,0,1,0,1,0,1,0,1,0,1,0,1,0,1,0,1,0,1,0,2,0,0,0,0,0,0,0,0,0,0,0,0,0,0,0,33,17,29,13,30,15,27,18,22,15,26,17,21,17,17,15,19,12,17,13,12,14,13,10,10,7,13,7,6,8,9,8,12,3,12,2,10,3,8,6,10,4,12,0,14,-3,13,-3,10,-3,10,-3,11,-4,13,-5,14,-1,10,-4,16,-6,15,-3,15,-4,15,-6,14,-4,17,1,17,0,15,-1,12,0,13,-2,8,-2,10,-2,12,3,12,4,9,4,8,2,9,-1,12,3,9,2,10,0,13,1,10,-2,8,1,7,-1,11,-2,12,3,12,2,0,0,0,0,0,0,0,0,0,0,0,0,0,0,0,0,0,0,0,0,0,0,18,-38,24,-40,30,-35,35,-38,36,-36,46,-36,49,-30,50,-29,55,-20,56,-20,62,-18,62,-12,69,-6,77,-4,84,0,70,14,82,18,72,18,80,26,75,34,71,39,71,47,63,44,64,53,62,62,59,59,52,68,53,70,41,67,42,71,33,70,33,77,28,74,21,75,21,76,20,68,14,67,12,72,8,71,5,69,4,67,0,64,-4,67,-4,61,-5,60,-12,58,-10,54,-7,56,-12,55,-17,52,-13,50,-15,44,-16,47,-14,42,-17,40,-17,41,-15,35,0,0]"
CSI_DATA,297,1a:00:00:00:00:00,-54,11,1,0,1,1,1,0,0,0,1,-96,0,11,2,4068753,0,44,0,384,0,"[0,0,0,0,0,0,0,0,0,0,0,0,5,-2,4,-1,4,-1,4,-1,3,-1,4,-1,3,-1,3,-1,2,-1,2,-1,2,-1,2,-1,1,-1,1,-1,1,-1,1,-2,1,-2,1,-2,0,-2,0,-2,0,-2,0,-2,1,-3,0,-3,0,-3,1,-3,0,0,1,-3,0,-3,0,-3,2,-3,1,-3,1,-3,1,-3,1,-3,1,-2,1,-2,2,-2,1,-2,1,-2,1,-2,1,-2,1,-2,0,-2,1,-2,1,-2,1,-2,1,-2,1,-2,1,-2,1,-2,1,-2,1,-2,0,0,0,0,0,0,0,0,0,0,0,0,0,0,17,-7,16,-5,16,-7,14,-5,13,-4,14,-5,13,-4,12,-1,11,-5,10,-3,8,-4,7,-4,7,-5,7,-3,8,-2,6,-4,5,-4,6,-4,5,-3,1,-4,4,-3,2,-7,2,-7,1,-5,2,-5,2,-4,-1,-6,2,-4,2,-7,1,-6,2,-8,1,-8,1,-7,1,-8,2,-7,4,-6,4,-6,5,-6,4,-6,2,-7,4,-6,4,-7,3,-5,2,-5,2,-6,4,-6,2,-6,0,-5,1,-4,3,-6,4,-5,3,-7,2,-6,2,-5,2,-4,2,-6,4,-3,0,0,0,0,0,0,0,0,0,0,0,0,0,0,0,0,0,0,0,0,0,0,-4,-24,-2,-24,-1,-26,2,-28,3,-26,8,-28,9,-26,13,-28,13,-28,18,-26,20,-28,25,-26,26,-25,28,-25,33,-24,33,-22,36,-21,38,-17,39,-15,41,-12,40,-10,44,-8,44,-3,44,0,46,3,44,5,42,8,42,10,41,13,40,13,37,16,38,16,34,17,36,18,33,19,32,20,31,21,27,19,26,22,27,21,24,24,26,20,23,22,21,23,20,25,22,22,19,23,17,23,16,23,14,23,13,23,14,21,12,22,12,21,8,21,8,18,8,20,0,0]"
CSI_DATA,298,1a:00:00:00:00:00,-54,11,1,0,1,1,1,0,0,0,1,-96,0,11,2,4075752,0,44,0,384,0,"[0,0,0,0,0,0,0,0,0,0,0,0,4,-4,3,-3,3,-3,3,-3,2,-3,3,-3,2,-3,2,-2,2,-2,1,-2,1,-2,1,-2,1,-2,1,-2,0,-2,0,-2,0,-2,0,-2,-1,-2,-1,-2,-1,-2,-1,-2,0,-3,-1,-2,-1,-3,0,-3,0,0,0,-3,-1,-3,-1,-3,0,-3,-1,-3,-1,-3,0,-3,-1,-3,0,-3,0,-2,0,-2,0,-2,0,-3,0,-3,0,-2,0,-2,0,-2,0,-2,0,-2,0,-2,0,-2,0,-2,0,-3,0,-3,0,-2,0,-2,0,0,0,0,0,0,0,0,0,0,0,0,0,0,34,-16,34,-17,31,-11,31,-10,31,-13,25,-12,26,-10,25,-4,24,-9,16,-5,19,-5,18,-5,15,-9,13,-5,11,-10,12,-6,12,-6,7,-4,9,-6,5,-7,7,-13,3,-9,3,-11,2,-11,1,-9,2,-10,2,-14,4,-11,3,-10,3,-19,0,-16,0,-20,4,-13,4,-19,3,-20,4,-15,2,-11,4,-16,4,-13,4,-16,5,-14,7,-14,6,-10,3,-8,4,-8,3,-11,6,-11,4,-10,3,-10,1,-11,3,-9,0,-13,1,-12,5,-12,4,-14,6,-10,3,-14,0,0,0,0,0,0,0,0,0,0,0,0,0,0,0,0,0,0,0,0,0,0,8,-49,11,-43,16,-47,20,-50,26,-47,33,-47,34,-44,39,-47,42,-47,45,-41,55,-40,61,-39,65,-38,70,-35,74,-32,74,-23,81,-23,77,-16,85,-14,83,-3,87,-3,89,4,85,5,84,16,90,20,86,24,83,27,85,34,74,38,76,43,71,43,69,48,64,47,63,48,61,47,60,49,49,49,51,47,46,51,50,53,49,53,44,51,41,52,41,52,34,49,38,46,32,50,29,47,31,52,28,46,23,44,24,42,20,44,19,39,17,41,13,42,15,39,0,0]"
CSI_DATA,299,1a:00:00:00:00:00,-54,11,1,0,1,1,1,0,0,0,1,-96,0,11,2,4083846,0,44,0,384,0,"[0,0,0,0,0,0,0,0,0,0,0,0,-6,0,-5,0,-5,0,-4,0,-4,0,-4,0,-4,0,-3,0,-3,0,-3,0,-3,0,-3,0,-2,0,-2,0,-2,0,-2,1,-2,1,-2,1,-1,0,-1,1,-1,1,-1,1,-1,1,-1,1,-1,1,-2,2,0,0,-2,2,-1,2,-1,2,-2,2,-1,2,-1,2,-1,1,-1,1,-2,1,-2,1,-2,1,-1,1,-1,1,-1,1,-2,1,-2,1,-1,1,-1,1,-1,1,-2,1,-2,1,-1,1,-1,1,-2,1,-2,1,-2,1,0,0,0,0,0,0,0,0,0,0,0,0,0,0,-36,4,-39,4,-37,1,-32,4,-33,3,-26,-1,-32,2,-25,2,-26,2,-23,2,-20,3,-17,1,-18,2,-18,-1,-11,2,-9,2,-12,3,-12,3,-9,1,-7,6,-7,8,-9,7,-7,8,-8,8,-7,7,-7,8,-6,13,-8,13,-7,7,-6,14,-4,14,-11,14,-8,13,-7,10,-9,11,-12,12,-9,12,-14,11,-13,11,-8,12,-11,10,-8,11,-11,4,-9,9,-11,7,-6,10,-10,7,-9,5,-9,6,-7,8,-10,12,-8,8,-9,6,-8,7,-9,7,-9,8,-11,5,0,0,0,0,0,0,0,0,0,0,0,0,0,0,0,0,0,0,0,0,0,0,3,43,-3,45,-7,51,-16,51,-21,50,-21,52,-31,50,-33,50,-43,49,-45,48,-54,46,-56,44,-61,39,-65,39,-70,31,-74,31,-79,30,-82,18,-84,13,-83,8,-84,3,-93,-7,-86,-9,-89,-16,-85,-24,-87,-23,-80,-30,-84,-35,-81,-38,-76,-39,-71,-43,-70,-48,-65,-49,-64,-50,-60,-53,-59,-52,-49,-54,-52,-55,-48,-58,-45,-56,-44,-54,-41,-54,-37,-53,-37,-58,-32,-53,-28,-51,-24,-53,-24,-52,-25,-51,-19,-56,-22,-49,-22,-50,-16,-47,-16,-44,-13,-48,-11,-46,-9,-45,0,0]"
CSI_DATA,300,1a:00:00:00:00:00,-54,11,1,0,1,1,1,0,0,0,1,-96,0,11,2,4095131,0,44,0,384,0,"[0,0,0,0,0,0,0,0,0,0,0,0,-6,0,-5,0,-5,0,-4,0,-4,0,-4,0,-4,0,-4,0,-4,0,-3,0,-3,0,-3,0,-3,0,-2,0,-2,0,-2,1,-2,1,-2,1,-1,1,-1,1,-1,1,-1,1,-2,1,-1,1,-1,1,-2,1,0,0,-2,1,-2,2,-2,2,-3,1,-2,1,-2,1,-2,1,-2,1,-2,1,-2,1,-2,1,-2,1,-2,1,-2,1,-2,0,-2,0,-2,1,-2,0,-2,1,-2,0,-2,0,-2,1,-2,1,-2,1,-2,0,-2,0,0,0,0,0,0,0,0,0,0,0,0,0,0,0,-40,8,-38,10,-32,5,-31,5,-30,9,-29,7,-27,0,-31,3,-20,5,-22,2,-19,5,-22,1,-20,5,-17,2,-14,2,-16,2,-11,0,-12,6,-12,4,-10,7,-11,5,-7,4,-10,4,-10,5,-10,7,-9,7,-7,10,-7,9,-11,7,-6,14,-9,10,-12,13,-10,10,-10,8,-11,14,-12,13,-10,11,-13,5,-12,9,-11,8,-10,8,-14,3,-9,8,-9,5,-9,0,-10,5,-11,4,-7,8,-5,5,-10,7,-9,4,-12,4,-5,6,-9,9,-10,6,-12,3,-12,5,0,0,0,0,0,0,0,0,0,0,0,0,0,0,0,0,0,0,0,0,0,0,22,37,16,46,14,44,12,55,2,50,2,59,-7,57,-11,59,-15,63,-17,60,-29,64,-36,63,-42,59,-49,63,-57,61,-59,51,-63,55,-67,46,-80,42,-77,36,-80,33,-89,27,-83,20,-90,18,-92,4,-90,2,-85,-2,-93,-7,-80,-10,-85,-19,-76,-23,-79,-28,-79,-30,-72,-28,-71,-37,-69,-38,-62,-35,-65,-39,-59,-39,-59,-44,-55,-46,-50,-44,-52,-49,-44,-46,-41,-48,-42,-44,-36,-48,-35,-48,-34,-47,-28,-46,-24,-43,-23,-45,-21,-46,-18,-40,-19,-48,-21,-47,-15,-41,0,0]"
CSI_DATA,301,1a:00:00:00:00:00,-55,11,1,0,1,1,1,0,0,0,1,-96,0,11,2,4114369,0,44,0,384,0,"[0,0,0,0,0,0,0,0,0,0,0,0,-2,4,-2,5,-2,4,-2,4,-1,4,-2,3,-1,3,-2,3,-1,2,-1,2,-1,2,-1,2,0,1,0,1,0,2,0,1,0,1,0,1,1,1,1,1,1,1,1,1,1,1,1,1,1,1,1,1,0,0,1,1,1,1,1,2,1,1,1,2,1,2,1,1,1,2,1,1,0,1,1,1,1,1,1,2,1,1,0,1,1,1,1,1,0,1,1,1,0,1,0,1,1,1,0,2,0,2,0,2,0,2,0,0,0,0,0,0,0,0,0,0,0,0,0,0,-15,37,-16,30,-20,32,-11,26,-14,23,-16,23,-16,21,-14,22,-10,19,-10,23,-14,18,-8,17,-8,17,-7,11,-4,10,-4,16,-7,13,-1,14,-1,7,-5,12,0,8,-1,8,4,9,5,6,4,8,5,11,7,11,7,12,4,8,4,14,3,13,4,12,3,12,8,14,5,11,5,11,6,14,7,10,6,12,4,13,0,17,1,9,2,11,5,14,0,10,-2,10,1,10,4,9,2,9,-1,8,0,12,3,10,1,11,2,10,2,14,2,11,-1,9,0,0,0,0,0,0,0,0,0,0,0,0,0,0,0,0,0,0,0,0,0,0,38,24,34,26,36,32,30,37,31,41,29,46,22,49,21,57,16,56,13,61,9,68,5,67,4,75,-5,77,-9,78,-21,71,-21,74,-28,75,-28,71,-42,71,-47,69,-54,75,-54,65,-57,64,-62,61,-65,57,-73,51,-74,49,-73,45,-76,40,-72,33,-72,28,-73,26,-72,20,-76,17,-74,18,-73,15,-69,15,-69,6,-71,7,-69,1,-66,3,-66,0,-64,-2,-60,-3,-55,-4,-59,-7,-56,-9,-54,-9,-49,-14,-50,-10,-50,-11,-48,-13,-40,-12,-44,-14,-41,-13,-43,-15,0,0]"
CSI_DATA,302,1a:00:00:00:00:00,-55,11,1,0,1,1,1,0,0,0,1,-96,0,11,2,4124555,0,44,0,384,0,"[0,0,0,0,0,0,0,0,0,0,0,0,-4,-5,-3,-5,-3,-4,-3,-4,-3,-4,-2,-4,-2,-4,-2,-3,-2,-3,-2,-3,-2,-2,-2,-2,-2,-2,-2,-2,-2,-2,-2,-1,-2,-1,-2,-1,-2,-1,-2,-1,-2,-1,-3,-1,-2,-1,-3,-1,-3,-1,-3,0,0,0,-3,0,-3,-1,-3,-1,-3,0,-3,-2,-3,-2,-3,-2,-3,-1,-3,-1,-3,-1,-3,-1,-2,-2,-2,-1,-2,-1,-2,-1,-3,-1,-2,-1,-3,-1,-2,-1,-2,-1,-3,-1,-2,-1,-2,-1,-2,-1,-2,-2,-3,-2,0,0,0,0,0,0,0,0,0,0,0,0,0,0,-26,-33,-21,-27,-21,-30,-19,-27,-16,-27,-13,-26,-15,-18,-13,-24,-11,-19,-10,-23,-10,-19,-10,-12,-5,-18,-10,-12,-6,-14,-9,-11,-8,-10,-11,-7,-12,-7,-6,-8,-11,-7,-10,-3,-12,2,-14,-1,-10,1,-11,-3,-8,-5,-15,-1,-18,-2,-13,-4,-13,-6,-16,-4,-10,-3,-17,-3,-12,-3,-16,-6,-13,-2,-15,-6,-13,-2,-12,-6,-14,-5,-12,-8,-11,-8,-11,-9,-14,-5,-10,-4,-9,-2,-7,-3,-8,-4,-11,-6,-13,-5,-12,-4,-10,-7,-13,-7,-11,-7,-10,-5,-10,-10,0,0,0,0,0,0,0,0,0,0,0,0,0,0,0,0,0,0,0,0,0,0,-34,32,-41,31,-44,22,-50,18,-52,16,-57,12,-58,7,-58,5,-66,-4,-63,-6,-68,-12,-72,-17,-72,-26,-75,-32,-75,-37,-62,-43,-74,-52,-58,-51,-63,-60,-57,-69,-55,-67,-53,-82,-43,-70,-45,-81,-32,-84,-31,-83,-22,-88,-18,-94,-10,-81,-8,-91,-3,-81,2,-90,11,-83,10,-83,13,-83,15,-80,12,-73,17,-70,22,-70,23,-72,26,-71,27,-59,30,-64,24,-57,34,-59,31,-56,33,-52,33,-47,32,-51,36,-40,34,-40,36,-39,39,-40,26,-33,32,-36,34,-36,31,-30,0,0]"
CSI_DATA,303,1a:00:00:00:00:00,-54,11,1,0,1,1,1,0,0,0,1,-96,0,11,2,4137999,0,44,0,384,0,"[0,0,0,0,0,0,0,0,0,0,0,0,-1,-6,-1,-6,-1,-5,0,-5,-1,-5,0,-5,0,-4,-1,-4,0,-4,-1,-3,0,-3,0,-3,-1,-3,-1,-2,-1,-2,-1,-2,-1,-2,-1,-2,-2,-2,-2,-2,-2,-2,-2,-2,-2,-2,-3,-2,-3,-2,-2,-2,0,0,-2,-2,-3,-3,-3,-3,-2,-2,-3,-3,-2,-3,-2,-3,-2,-3,-2,-2,-2,-2,-2,-2,-2,-2,-2,-3,-2,-2,-2,-2,-2,-2,-1,-2,-2,-2,-2,-2,-2,-2,-2,-2,-2,-2,-2,-2,-2,-2,-2,-3,-1,-3,0,0,0,0,0,0,0,0,0,0,0,0,0,0,0,-20,2,-16,1,-18,2,-17,0,-16,3,-16,3,-14,0,-13,2,-13,1,-11,0,-10,1,-10,-1,-10,0,-8,-1,-8,-2,-8,0,-8,1,-7,-1,-4,-3,-5,-3,-5,-2,-5,-2,-5,-3,-3,-4,-4,-6,-3,-6,-6,-5,-4,-6,-5,-6,-6,-6,-6,-6,-6,-8,-5,-6,-4,-6,-4,-8,-5,-5,-6,-7,-4,-4,-4,-4,-4,-5,-5,-4,-6,-5,-5,-6,-5,-5,-5,-3,-4,-5,-5,-3,-5,-4,-4,-4,-3,-4,-4,-5,-4,-6,-5,-3,-4,-5,-5,-3,-5,-5,-7,0,0,0,0,0,0,0,0,0,0,0,0,0,0,0,0,0,0,0,0,0,0,-21,-11,-21,-13,-19,-16,-19,-20,-18,-22,-19,-23,-16,-24,-14,-28,-13,-31,-11,-32,-10,-35,-10,-36,-7,-39,-5,-41,1,-41,1,-40,4,-43,9,-41,9,-43,14,-40,17,-42,20,-43,20,-38,23,-38,27,-37,26,-37,30,-35,32,-33,30,-28,34,-28,32,-25,36,-25,36,-21,35,-22,35,-19,35,-18,33,-17,31,-14,34,-14,34,-13,34,-12,32,-11,33,-9,33,-9,31,-10,30,-6,29,-4,30,-4,28,-5,26,-2,27,-3,25,-2,27,2,23,0,23,2,22,-1,21,0,0,0]"
CSI_DATA,304,1a:00:00:00:00:00,-54,11,1,0,1,1,1,0,0,0,1,-96,0,11,2,4147042,0,44,0,384,0,"[0,0,0,0,0,0,0,0,0,0,0,0,1,5,1,5,1,4,1,4,0,3,0,4,0,3,0,3,0,2,0,3,0,2,0,2,1,1,1,1,1,1,0,1,0,1,1,0,1,1,1,1,2,1,2,1,1,0,2,1,2,1,2,0,0,0,2,1,2,1,2,1,2,0,2,1,2,1,1,1,1,1,2,1,2,1,2,1,1,1,1,1,0,1,1,1,1,1,1,1,1,1,1,0,1,1,1,1,1,1,1,1,1,1,1,1,1,2,0,0,0,0,0,0,0,0,0,0,0,0,0,0,3,16,3,18,1,17,0,16,0,14,0,13,0,13,-1,11,1,11,-1,9,0,12,1,9,-1,9,0,6,0,7,0,6,2,6,1,4,1,4,1,5,2,3,2,4,1,2,3,2,5,1,4,2,4,4,6,2,6,2,3,3,5,5,6,4,5,1,4,3,5,3,5,4,5,3,5,4,6,4,4,4,3,4,4,3,4,5,4,3,3,4,2,3,3,1,4,3,3,2,3,2,3,3,3,3,4,3,4,5,4,4,3,6,2,4,0,0,0,0,0,0,0,0,0,0,0,0,0,0,0,0,0,0,0,0,0,0,21,-2,22,1,23,4,23,7,25,8,25,11,24,14,25,15,25,17,23,21,23,25,21,27,22,28,21,30,18,34,13,35,12,37,11,39,6,39,4,41,3,41,-1,43,-2,43,-7,42,-9,42,-10,42,-15,40,-17,39,-18,39,-20,37,-21,35,-24,34,-23,32,-23,29,-26,30,-26,27,-25,25,-27,27,-26,22,-27,22,-27,20,-27,19,-28,17,-27,17,-26,16,-28,16,-27,12,-26,11,-26,9,-24,10,-26,9,-24,8,-25,6,-22,7,-23,5,-20,3,-22,4,0,0]"
CSI_DATA,305,1a:00:00:00:00:00,-54,11,1,0,1,1,1,0,0,0,1,-96,0,11,2,4156208,0,44,0,384,0,"[0,0,0,0,0,0,0,0,0,0,0,0,-4,4,-4,4,-3,3,-3,3,-3,3,-3,2,-3,2,-3,2,-3,2,-2,1,-3,2,-2,2,-1,1,-1,1,-1,1,-1,1,-1,1,-1,1,0,1,0,1,0,1,0,2,-1,1,0,2,0,2,0,1,0,0,0,2,0,2,0,2,0,2,0,2,0,3,0,2,0,2,-1,2,-1,1,-1,1,-1,2,-1,2,-1,2,0,1,-1,1,-1,1,0,1,-1,1,0,1,-1,1,-1,1,-1,2,-1,2,-1,2,-1,1,0,0,0,0,0,0,0,0,0,0,0,0,0,0,-25,27,-26,23,-24,24,-24,20,-24,21,-23,16,-22,17,-24,13,-20,14,-16,11,-15,9,-16,11,-15,10,-10,8,-14,9,-12,12,-12,8,-4,5,-8,9,-5,10,-6,10,-3,10,-2,8,-2,9,3,10,-3,13,4,14,0,11,3,7,1,12,0,14,-2,16,3,11,1,15,-1,15,0,15,4,13,0,17,0,13,2,15,-4,14,-1,12,0,10,-1,11,0,8,-5,11,0,6,-3,13,-3,7,-3,11,-3,9,-1,11,-3,13,-2,12,-3,15,-7,13,-6,13,0,0,0,0,0,0,0,0,0,0,0,0,0,0,0,0,0,0,0,0,0,0,28,33,23,44,18,46,18,53,12,53,9,53,4,58,2,60,-4,66,-8,67,-17,69,-21,69,-26,72,-34,70,-39,72,-43,67,-53,70,-58,63,-56,57,-65,53,-70,53,-79,49,-77,45,-81,40,-85,32,-87,33,-84,22,-87,17,-89,15,-83,10,-81,3,-81,1,-80,-2,-78,-5,-77,-9,-74,-9,-75,-15,-73,-16,-69,-20,-72,-20,-71,-21,-65,-23,-65,-23,-62,-24,-59,-28,-60,-25,-57,-29,-49,-28,-51,-28,-49,-33,-41,-32,-44,-32,-38,-31,-37,-26,-40,-34,-36,-32,-33,-31,0,0]"
CSI_DATA,306,1a:00:00:00:00:00,-55,11,1,0,1,1,1,0,0,0,1,-96,0,11,2,4163876,0,44,0,384,0,"[0,0,0,0,0,0,0,0,0,0,0,0,-2,-6,-1,-5,-2,-5,-1,-5,-1,-5,-1,-4,-1,-4,-1,-4,-1,-4,-1,-3,-1,-3,-1,-3,-2,-3,-2,-2,-2,-2,-1,-2,-1,-2,-2,-2,-2,-1,-2,-2,-3,-1,-3,-2,-2,-1,-3,-1,-3,-2,-2,-1,0,0,-3,-1,-3,-2,-3,-2,-3,-1,-3,-2,-3,-2,-3,-2,-2,-2,-2,-1,-2,-1,-2,-1,-2,-2,-2,-2,-2,-2,-2,-1,-2,-1,-2,-2,-2,-1,-3,-1,-3,-1,-2,-2,-2,-2,-2,-2,-2,-2,-2,-2,-2,-2,0,0,0,0,0,0,0,0,0,0,0,0,0,0,-5,-20,-4,-16,-5,-18,-5,-18,-4,-15,-2,-15,-1,-12,-2,-12,-2,-11,-2,-12,-2,-12,-4,-11,-3,-11,-2,-7,-2,-8,-3,-6,-2,-7,-4,-5,-4,-4,-4,-5,-4,-6,-3,-4,-4,-5,-5,-3,-4,-4,-6,-2,-6,-4,-6,0,-5,-2,-5,-2,-6,-5,-6,-4,-7,-3,-7,-5,-5,-3,-7,-5,-7,-3,-7,-4,-7,-4,-4,-5,-6,-4,-5,-6,-6,-5,-5,-3,-6,-2,-6,-4,-4,-3,-6,-4,-4,-4,-5,-4,-6,-6,-4,-4,-7,-3,-5,-5,-4,-6,-4,-5,-5,-5,0,0,0,0,0,0,0,0,0,0,0,0,0,0,0,0,0,0,0,0,0,0,-23,2,-24,-1,-24,-3,-27,-7,-24,-9,-28,-12,-27,-15,-26,-14,-26,-18,-25,-21,-24,-24,-22,-25,-23,-28,-23,-32,-20,-36,-16,-34,-18,-39,-14,-39,-11,-42,-9,-41,-8,-44,-4,-43,-2,-42,5,-43,9,-45,9,-44,12,-43,14,-42,16,-40,16,-40,20,-36,22,-40,22,-36,21,-34,23,-33,22,-31,22,-28,23,-28,24,-25,26,-24,26,-25,24,-21,26,-22,24,-20,26,-17,25,-19,24,-17,24,-16,22,-15,22,-13,23,-12,22,-12,24,-10,19,-8,22,-8,21,-7,20,-7,0,0]"
CSI_DATA,307,1a:00:00:00:00:00,-55,11,1,0,1,1,1,0,0,0,1,-96,0,11,2,4174444,0,44,0,384,0,"[0,0,0,0,0,0,0,0,0,0,0,0,4,1,4,1,4,1,4,1,3,1,3,1,3,0,2,1,2,0,2,0,2,0,2,0,1,0,1,0,2,0,1,-1,1,-1,1,-1,1,-1,1,-1,1,-1,1,-1,1,-2,1,-1,1,-1,1,-2,0,0,2,-2,1,-1,1,-1,2,-2,1,-2,2,-1,2,-1,1,-1,2,-1,2,-1,2,-1,1,-1,1,-1,1,-1,1,-1,1,-1,1,-1,1,-1,1,-1,1,-1,2,-1,1,-1,1,-1,1,-1,2,-1,2,0,0,0,0,0,0,0,0,0,0,0,0,0,0,0,32,15,27,13,30,16,24,15,27,13,25,13,23,12,20,10,21,9,17,11,16,10,16,12,15,8,15,11,9,5,15,4,9,5,11,1,8,0,8,3,8,2,6,-4,7,-4,12,-4,10,-3,13,-4,8,-7,13,-6,5,-9,9,-7,11,-6,11,-7,11,-8,13,-5,13,-5,15,-7,14,-3,12,-5,11,-2,12,-7,10,-7,11,-6,11,-3,11,-3,13,-4,9,-4,8,-5,7,-3,11,-5,11,-4,8,-3,13,-4,10,-2,7,-4,13,-1,13,-2,14,0,0,0,0,0,0,0,0,0,0,0,0,0,0,0,0,0,0,0,0,0,0,0,20,-38,28,-37,33,-32,39,-35,41,-33,47,-27,52,-21,55,-23,57,-19,60,-16,67,-12,68,-8,75,-2,74,5,75,6,74,11,76,25,82,24,77,29,76,40,72,42,71,50,66,50,66,56,58,63,57,63,54,69,51,70,40,71,38,73,32,71,29,77,25,76,20,71,19,75,16,72,11,70,11,72,11,71,9,67,3,71,2,66,-1,62,-1,64,-4,61,-9,59,-6,58,-10,56,-7,53,-10,52,-11,48,-12,47,-15,48,-12,44,-18,41,-16,46,-13,41,0,0]"
CSI_DATA,308,1a:00:00:00:00:00,-55,11,1,0,1,1,1,0,0,0,1,-96,0,11,2,4213991,0,44,0,384,0,"[0,0,0,0,0,0,0,0,0,0,0,0,-2,5,-2,5,-1,4,-2,4,-1,3,-2,3,-1,3,-2,3,-1,2,-1,2,-1,2,-1,2,0,2,0,2,0,1,-1,1,0,1,0,1,1,1,1,1,1,1,1,1,0,1,1,1,1,1,1,1,0,0,1,1,1,1,2,2,1,1,1,1,1,1,1,2,1,2,1,1,0,1,1,1,1,1,1,1,1,1,1,1,1,1,1,1,1,1,1,1,1,1,1,1,1,1,1,2,1,2,1,1,1,2,0,0,0,0,0,0,0,0,0,0,0,0,0,0,-7,34,-6,30,-6,34,-8,31,-5,30,-7,30,-4,22,-8,27,-8,25,-5,22,-6,22,-6,18,-3,17,-5,13,-2,13,-2,12,-4,11,-2,9,3,12,4,8,0,8,5,8,4,5,4,6,6,8,10,3,5,9,8,4,7,4,11,7,9,8,11,9,10,8,15,7,8,7,13,6,7,7,8,7,9,9,5,10,7,7,9,7,8,5,7,4,11,4,9,6,9,7,9,5,9,4,7,6,8,8,8,7,10,8,10,7,11,9,9,7,3,12,0,0,0,0,0,0,0,0,0,0,0,0,0,0,0,0,0,0,0,0,0,0,31,27,29,39,27,39,25,48,23,46,20,55,14,55,9,56,9,63,5,63,2,67,-4,69,-6,76,-12,74,-22,79,-26,70,-30,81,-32,72,-39,77,-45,71,-51,69,-55,73,-58,64,-66,63,-69,58,-73,51,-72,52,-77,46,-69,41,-79,41,-72,33,-79,33,-76,29,-76,26,-75,23,-71,21,-70,20,-71,17,-71,10,-70,16,-74,11,-69,9,-73,10,-64,5,-63,3,-69,1,-62,3,-57,2,-59,1,-49,-3,-48,-4,-54,-4,-53,-5,-44,-4,-47,-7,-49,-7,-43,-4,0,0]"
CSI_DATA,309,1a:00:00:00:00:00,-54,11,1,0,1,1,1,0,0,0,1,-96,0,11,2,4223842,0,44,0,384,0,"[0,0,0,0,0,0,0,0,0,0,0,0,4,-3,4,-3,3,-2,3,-2,3,-2,3,-2,2,-2,3,-2,2,-2,2,-2,2,-2,2,-2,1,-1,1,-1,1,-2,1,-2,1,-2,0,-2,0,-2,0,-2,-1,-2,0,-2,0,-3,0,-2,-1,-2,0,-3,0,0,0,-3,-1,-2,-1,-3,0,-3,-1,-3,-1,-3,0,-3,-1,-2,0,-3,0,-2,0,-2,0,-2,0,-3,0,-2,0,-2,0,-2,0,-3,0,-2,0,-2,0,-2,0,-2,0,-3,0,-3,0,-3,0,-3,0,-3,0,0,0,0,0,0,0,0,0,0,0,0,0,0,31,-18,35,-14,28,-15,26,-13,27,-15,24,-10,24,-12,26,-13,23,-8,16,-11,13,-8,16,-5,15,-7,15,-8,12,-5,12,-8,11,-7,11,-6,6,-11,6,-9,6,-12,8,-11,5,-7,2,-8,1,-11,5,-12,-3,-9,3,-10,1,-9,1,-14,-2,-11,1,-16,-1,-14,0,-14,0,-16,5,-10,3,-13,1,-12,1,-14,1,-15,2,-15,2,-10,1,-11,0,-9,1,-11,-1,-9,3,-15,1,-10,0,-10,1,-14,-1,-13,2,-12,-1,-12,3,-13,-2,-12,6,-15,8,-18,0,0,0,0,0,0,0,0,0,0,0,0,0,0,0,0,0,0,0,0,0,0,-3,-47,5,-45,10,-50,13,-50,20,-49,23,-47,27,-49,32,-51,37,-50,41,-46,49,-46,55,-43,55,-48,64,-38,68,-38,73,-33,70,-28,82,-24,79,-21,80,-15,83,-12,86,-6,91,-2,89,7,86,10,86,14,84,25,85,27,84,31,73,32,75,34,69,35,71,37,68,43,62,43,64,45,57,39,55,40,53,42,57,47,51,45,49,45,45,42,42,46,41,45,40,49,39,42,37,40,36,43,31,45,27,42,30,43,27,45,24,42,23,41,27,39,19,36,0,0]"
CSI_DATA,310,1a:00:00:00:00:00,-54,11,1,0,1,1,1,0,0,0,1,-96,0,11,2,4236634,0,44,0,384,0,"[0,0,0,0,0,0,0,0,0,0,0,0,-2,-6,-2,-5,-2,-5,-2,-5,-2,-5,-2,-4,-1,-4,-1,-4,-1,-4,-1,-3,-1,-3,-1,-3,-1,-3,-1,-3,-2,-2,-1,-2,-1,-2,-1,-1,-2,-2,-2,-2,-2,-2,-2,-1,-2,-1,-2,-2,-3,-1,-3,-1,0,0,-3,-1,-3,-2,-3,-2,-3,-1,-3,-2,-3,-2,-2,-2,-2,-2,-3,-1,-2,-1,-3,-2,-2,-2,-2,-2,-2,-2,-2,-1,-3,-1,-2,-1,-2,-1,-3,-1,-3,-1,-2,-2,-2,-2,-2,-2,-2,-2,-2,-2,-2,-2,0,0,0,0,0,0,0,0,0,0,0,0,0,0,-5,-19,-8,-18,-5,-17,-2,-17,-4,-14,-3,-15,-3,-14,-2,-13,-4,-11,-1,-12,-3,-12,-3,-10,-3,-10,-2,-8,-1,-8,-2,-7,-3,-5,-2,-8,-4,-5,-2,-4,-3,-4,-3,-4,-5,-3,-6,-4,-3,-1,-5,-5,-5,-5,-6,-3,-5,-4,-5,-2,-4,-5,-6,-5,-8,-3,-7,-4,-6,-3,-7,-4,-7,-4,-7,-5,-5,-4,-4,-7,-4,-5,-4,-5,-3,-5,-4,-6,-5,-5,-5,-2,-5,-4,-3,-4,-4,-5,-5,-4,-7,-5,-4,-5,-6,-4,-4,-6,-3,-7,-5,-6,-4,-5,0,0,0,0,0,0,0,0,0,0,0,0,0,0,0,0,0,0,0,0,0,0,-19,11,-24,9,-25,6,-26,5,-28,1,-29,0,-28,-1,-28,-5,-31,-7,-31,-10,-32,-12,-33,-16,-33,-19,-32,-24,-31,-25,-29,-30,-28,-32,-28,-32,-22,-34,-19,-38,-19,-40,-17,-44,-13,-42,-11,-42,-8,-43,-5,-45,-2,-44,1,-44,4,-44,7,-42,8,-42,9,-39,14,-38,14,-39,17,-35,18,-35,17,-34,16,-32,18,-31,20,-31,20,-26,21,-28,21,-26,20,-27,21,-24,23,-18,23,-18,22,-19,19,-17,22,-16,20,-13,20,-15,20,-13,20,-12,19,-13,19,-10,19,-12,0,0]"
CSI_DATA,311,1a:00:00:00:00:00,-54,11,1,0,1,1,1,0,0,0,1,-96,0,11,2,4243844,0,44,0,384,0,"[0,0,0,0,0,0,0,0,0,0,0,0,-1,-6,-1,-6,-1,-5,-1,-5,-1,-5,0,-5,0,-4,0,-4,0,-4,-1,-3,-1,-3,-1,-3,-1,-3,-1,-3,-1,-3,-1,-2,-1,-2,-1,-2,-2,-2,-2,-2,-2,-2,-2,-2,-2,-2,-2,-2,-3,-2,-2,-1,0,0,-2,-2,-3,-2,-2,-2,-2,-2,-2,-2,-2,-2,-2,-2,-2,-3,-2,-2,-2,-2,-2,-2,-2,-2,-2,-2,-2,-2,-2,-1,-2,-1,-2,-2,-2,-2,-2,-2,-2,-2,-2,-2,-2,-2,-2,-2,-2,-3,-2,-3,-1,-3,0,0,0,0,0,0,0,0,0,0,0,0,0,0,4,-17,5,-17,4,-17,1,-16,4,-15,5,-15,3,-13,5,-12,5,-12,2,-11,4,-10,3,-10,1,-9,1,-8,2,-8,1,-7,1,-7,0,-6,-1,-5,-1,-6,-1,-4,-2,-6,-2,-5,-3,-4,-4,-4,-5,-5,-3,-4,-6,-5,-7,-4,-2,-6,-5,-5,-5,-6,-6,-5,-4,-5,-5,-5,-6,-5,-5,-8,-4,-6,-5,-6,-5,-6,-3,-4,-2,-4,-4,-6,-5,-6,-4,-6,-2,-5,-5,-5,-4,-5,-3,-6,-3,-4,-4,-5,-5,-5,-3,-7,-5,-7,-3,-7,-3,-6,-3,-7,0,0,0,0,0,0,0,0,0,0,0,0,0,0,0,0,0,0,0,0,0,0,-22,-8,-21,-12,-21,-13,-21,-17,-18,-19,-18,-21,-17,-23,-17,-25,-15,-28,-13,-31,-12,-32,-10,-35,-9,-36,-5,-37,-3,-39,2,-38,1,-42,6,-40,8,-42,12,-40,14,-40,17,-41,19,-38,23,-39,27,-36,26,-34,27,-30,31,-32,31,-28,32,-28,34,-24,33,-23,33,-21,34,-18,35,-18,34,-17,32,-14,33,-13,33,-12,32,-13,33,-9,32,-10,32,-6,32,-9,31,-4,29,-7,30,-3,27,-3,27,-1,25,-2,25,0,25,-1,25,-1,22,1,23,0,21,2,22,1,0,0]"
CSI_DATA,312,1a:00:00:00:00:00,-55,11,1,0,1,1,1,0,0,0,1,-96,0,11,2,4296608,0,44,0,384,0,"[0,0,0,0,0,0,0,0,0,0,0,0,5,-2,5,-2,4,-1,4,-1,4,-1,3,-1,3,-1,2,-1,2,-1,3,-1,2,-1,2,-2,1,-1,1,-1,1,-1,1,-2,1,-2,1,-2,0,-2,0,-2,0,-2,0,-2,0,-3,0,-2,0,-2,0,-3,0,0,0,-3,0,-2,0,-2,1,-3,0,-2,0,-3,0,-2,0,-3,0,-3,1,-3,1,-2,0,-2,0,-2,0,-2,0,-2,0,-2,0,-3,0,-3,0,-2,0,-2,0,-3,0,-3,0,-3,0,-3,1,-2,1,-3,0,0,0,0,0,0,0,0,0,0,0,0,0,0,17,-1,17,1,18,0,14,1,13,-1,13,-2,13,-1,13,0,10,-1,11,0,10,-1,9,1,8,0,9,-1,7,-3,6,-2,5,-4,6,-2,5,-2,3,-3,3,-3,2,-3,3,-3,1,-3,2,-6,3,-5,2,-6,1,-6,3,-6,1,-5,2,-7,2,-7,3,-5,4,-6,1,-6,3,-6,2,-4,4,-6,3,-6,3,-6,3,-6,3,-6,1,-4,2,-6,2,-5,2,-6,3,-6,1,-5,1,-6,2,-6,2,-6,2,-7,4,-5,2,-5,4,-6,4,-5,4,-4,0,0,0,0,0,0,0,0,0,0,0,0,0,0,0,0,0,0,0,0,0,0,7,-21,11,-23,11,-20,15,-21,17,-20,19,-19,22,-17,24,-16,26,-17,29,-14,31,-15,35,-14,36,-11,37,-8,38,-5,40,-1,41,-1,43,3,42,5,42,10,40,13,42,13,42,17,39,19,38,20,36,23,35,24,34,28,31,27,30,31,27,31,28,30,24,31,22,31,21,32,19,32,19,31,20,32,16,29,17,30,15,32,15,30,10,29,12,30,9,30,7,29,6,28,7,25,6,28,5,28,3,25,4,23,5,23,2,23,1,23,1,22,1,24,0,0]"
CSI_DATA,313,1a:00:00:00:00:00,-55,11,1,0,1,1,1,0,0,0,1,-96,0,11,2,4303864,0,44,0,384,0,"[0,0,0,0,0,0,0,0,0,0,0,0,-1,5,-1,4,-1,4,-1,4,-1,3,-1,4,-1,3,-1,3,-1,2,-1,2,-1,2,-1,2,0,2,0,2,0,1,-1,1,0,1,0,1,0,1,1,1,1,1,1,1,1,1,1,1,1,1,1,1,0,0,1,1,2,1,2,1,1,1,2,2,1,2,1,2,1,2,1,1,1,1,1,1,1,1,1,1,1,1,1,1,1,0,1,1,1,1,1,1,1,1,1,1,1,1,1,2,0,2,1,2,1,2,0,0,0,0,0,0,0,0,0,0,0,0,0,0,0,17,-4,15,-1,15,0,15,-1,15,-2,14,-2,12,-3,12,0,10,-1,10,-1,10,-1,9,-3,7,0,7,-2,7,-2,6,0,5,2,4,1,5,2,4,1,3,1,4,3,2,3,3,2,1,4,1,3,4,3,1,6,2,5,3,3,4,5,5,3,2,4,2,6,3,7,3,6,3,5,3,5,2,5,4,4,3,2,3,3,3,3,2,4,2,2,3,2,1,6,3,3,4,5,2,2,2,5,5,4,4,5,3,5,5,3,3,4,4,0,0,0,0,0,0,0,0,0,0,0,0,0,0,0,0,0,0,0,0,0,0,21,6,21,10,20,11,21,13,20,16,20,19,20,22,18,23,18,25,15,29,14,30,11,32,12,34,9,38,7,37,2,37,1,42,-2,38,-3,40,-9,41,-11,40,-14,39,-16,40,-17,40,-21,38,-22,37,-25,37,-27,36,-27,32,-28,32,-30,26,-33,27,-32,25,-30,20,-32,22,-33,18,-29,21,-31,18,-32,17,-31,17,-33,14,-31,12,-33,13,-30,10,-31,11,-27,10,-27,7,-29,6,-27,7,-25,5,-25,4,-26,4,-25,3,-24,3,-23,1,-21,0,-21,1,0,0]"
CSI_DATA,314,1a:00:00:00:00:00,-55,11,1,0,1,1,1,0,0,0,1,-96,0,11,2,4313845,0,44,0,384,0,"[0,0,0,0,0,0,0,0,0,0,0,0,-4,-4,-4,-4,-3,-4,-3,-4,-3,-4,-3,-3,-3,-3,-2,-3,-2,-3,-2,-3,-2,-2,-2,-2,-2,-2,-2,-2,-2,-2,-2,-1,-2,-1,-2,-1,-2,-1,-2,-1,-2,-1,-2,-1,-2,0,-2,-1,-2,-1,-3,0,0,0,-3,0,-3,-1,-3,0,-3,0,-2,-1,-3,-1,-3,-1,-2,-1,-3,-1,-3,-1,-3,-1,-2,-1,-2,-1,-2,-1,-3,-1,-3,-1,-2,0,-2,-1,-3,-1,-3,-1,-3,-1,-3,-1,-2,-1,-3,-1,-3,-2,-3,-2,0,0,0,0,0,0,0,0,0,0,0,0,0,0,-18,-30,-13,-35,-16,-28,-12,-30,-13,-24,-13,-31,-10,-22,-11,-24,-10,-22,-8,-21,-12,-18,-5,-14,-8,-14,-10,-12,-8,-14,-5,-11,-5,-13,-10,-10,-6,-2,-4,-7,-7,-7,-5,-7,-8,-1,-10,0,-11,0,-13,-4,-11,-1,-15,-3,-10,-2,-13,-4,-14,-1,-13,2,-11,-1,-14,0,-11,4,-14,-2,-14,0,-17,-1,-17,-1,-10,-1,-14,-2,-13,-3,-14,-4,-10,-3,-12,-5,-8,0,-11,1,-9,-3,-10,-1,-12,2,-14,-1,-9,-2,-14,-3,-15,-3,-14,-4,-15,-5,-14,-5,0,0,0,0,0,0,0,0,0,0,0,0,0,0,0,0,0,0,0,0,0,0,-45,7,-48,0,-47,-4,-51,-11,-49,-17,-52,-18,-51,-21,-51,-29,-56,-34,-52,-35,-53,-46,-52,-49,-53,-55,-48,-62,-45,-67,-38,-64,-36,-74,-30,-74,-29,-77,-19,-84,-18,-85,-9,-87,-9,-85,-2,-86,4,-88,5,-89,13,-90,20,-89,20,-78,27,-82,28,-78,29,-77,36,-74,34,-69,35,-71,38,-66,38,-57,38,-58,41,-59,42,-61,44,-57,44,-51,44,-52,41,-51,43,-46,39,-44,44,-43,42,-38,44,-42,41,-34,40,-30,39,-32,41,-27,34,-25,37,-22,38,-25,38,-27,0,0]"
CSI_DATA,315,1a:00:00:00:00:00,-55,11,1,0,1,1,1,0,0,0,1,-96,0,11,2,4323846,0,44,0,384,0,"[0,0,0,0,0,0,0,0,0,0,0,0,4,0,4,0,4,1,3,1,3,1,3,0,3,0,2,0,2,0,2,0,2,0,2,-1,1,0,1,0,1,0,1,-1,1,-1,1,-1,1,-1,0,-1,1,-1,1,-1,1,-2,0,-2,1,-2,1,-2,0,0,1,-2,1,-2,1,-2,1,-2,1,-2,1,-2,1,-2,0,-2,1,-2,1,-2,1,-2,1,-2,1,-2,0,-2,1,-2,1,-2,0,-2,1,-2,1,-2,1,-2,1,-2,1,-2,1,-2,1,-2,1,-2,2,-1,0,0,0,0,0,0,0,0,0,0,0,0,0,0,33,11,33,14,33,8,31,13,26,11,25,15,23,8,21,12,15,8,20,11,15,9,14,8,14,5,13,5,10,6,13,2,11,3,10,2,11,-1,11,0,7,-3,5,-4,11,-3,8,-5,6,-7,8,-6,7,-7,10,-9,10,-7,11,-8,9,-7,11,-7,9,-5,10,-7,11,-12,11,-6,13,-10,8,-8,11,-7,11,-10,9,-7,6,-4,9,-3,8,-6,7,-6,9,-8,9,-4,8,-7,11,-7,10,-5,8,-11,10,-7,8,-8,9,-5,10,-6,15,-9,13,-5,0,0,0,0,0,0,0,0,0,0,0,0,0,0,0,0,0,0,0,0,0,0,28,-36,31,-34,36,-32,44,-32,45,-29,51,-23,53,-22,53,-19,63,-13,60,-10,66,-2,70,1,71,4,74,8,82,13,73,22,77,29,73,32,72,37,72,40,69,45,71,55,65,50,59,58,56,65,50,66,48,69,47,75,36,72,37,77,32,71,29,79,26,75,24,75,22,80,16,75,16,69,13,71,7,67,8,71,8,70,4,62,-1,67,-3,65,1,62,-6,56,-9,54,-4,54,-3,58,-14,54,-11,51,-10,49,-13,48,-15,42,-10,45,-12,44,-13,39,0,0]"
CSI_DATA,316,1a:00:00:00:00:00,-55,11,1,0,1,1,1,0,0,0,1,-96,0,11,2,4334539,0,44,0,384,0,"[0,0,0,0,0,0,0,0,0,0,0,0,5,-1,5,-1,4,0,4,0,3,0,3,-1,3,-1,3,-1,3,0,2,0,2,-1,2,-1,1,0,1,-1,1,-1,1,-1,1,-2,0,-2,1,-1,1,-2,0,-2,0,-2,0,-2,0,-2,0,-2,0,-3,0,0,0,-3,0,-2,0,-2,1,-3,0,-2,0,-3,0,-2,0,-2,1,-2,1,-2,1,-3,0,-3,0,-2,0,-2,1,-2,0,-2,0,-2,0,-2,1,-2,0,-2,1,-2,0,-3,0,-3,1,-2,1,-2,1,-2,0,0,0,0,0,0,0,0,0,0,0,0,0,0,35,12,31,13,29,11,29,12,25,12,27,11,25,15,23,9,24,9,17,11,18,11,15,4,17,5,12,5,13,5,9,3,14,3,15,1,11,1,10,0,9,-5,7,-5,7,-6,9,-2,8,-4,9,-7,9,-9,11,-8,12,-5,7,-11,5,-9,4,-12,7,-7,7,-10,12,-9,8,-9,11,-6,9,-7,10,-7,11,-5,10,-10,8,-8,6,-9,6,-5,10,-5,8,-9,9,-8,9,-9,9,-8,11,-11,12,-9,11,-8,7,-8,11,-8,11,-5,12,-4,15,-5,0,0,0,0,0,0,0,0,0,0,0,0,0,0,0,0,0,0,0,0,0,0,23,-40,27,-39,33,-38,39,-37,44,-33,51,-28,51,-28,56,-22,59,-22,59,-20,67,-10,70,-10,73,-6,79,0,80,6,76,14,80,19,80,22,81,29,78,39,77,39,75,49,77,52,69,58,64,62,64,66,54,69,54,71,48,72,44,75,40,72,35,74,35,75,32,76,27,76,24,76,22,67,21,72,16,73,13,73,11,70,10,68,5,66,7,66,0,61,4,62,0,63,-4,58,-2,59,-8,57,-11,49,-9,51,-10,51,-12,44,-11,49,-14,46,-9,46,0,0]"
CSI_DATA,317,1a:00:00:00:00:00,-55,11,1,0,1,1,1,0,0,0,1,-96,0,11,2,4343864,0,44,0,384,0,"[0,0,0,0,0,0,0,0,0,0,0,0,4,-3,4,-3,3,-2,3,-2,3,-2,3,-2,3,-2,2,-2,2,-2,2,-1,2,-2,1,-2,1,-1,1,-1,1,-1,1,-2,1,-2,0,-2,0,-1,0,-2,0,-2,0,-2,0,-2,-1,-2,0,-2,0,-3,0,0,0,-3,-1,-2,-1,-3,0,-2,0,-2,-1,-3,0,-2,0,-2,0,-2,0,-2,0,-2,-1,-2,0,-3,0,-2,0,-2,0,-2,0,-2,0,-2,0,-2,0,-2,0,-2,0,-3,0,-3,0,-3,1,-2,1,-2,0,0,0,0,0,0,0,0,0,0,0,0,0,0,36,-7,39,-5,31,-8,31,-9,30,-8,30,-2,27,-3,27,-4,20,-6,19,-3,18,2,15,-6,13,0,14,-2,12,0,12,-2,7,-4,10,-1,11,-4,7,-7,3,-6,4,-7,3,-10,0,-7,3,-8,5,-9,0,-10,4,-12,5,-9,-1,-12,2,-14,2,-15,4,-14,2,-10,1,-14,5,-14,6,-13,4,-11,7,-11,3,-10,6,-14,4,-11,1,-8,2,-14,3,-9,2,-10,3,-12,2,-10,2,-9,3,-14,1,-14,3,-12,1,-13,4,-10,2,-11,5,-14,6,-12,0,0,0,0,0,0,0,0,0,0,0,0,0,0,0,0,0,0,0,0,0,0,8,-44,16,-43,19,-48,23,-46,26,-44,31,-44,39,-42,40,-42,48,-42,51,-39,56,-38,60,-33,65,-35,67,-30,76,-23,76,-14,81,-14,81,-11,80,-4,83,3,81,9,85,15,85,19,80,19,79,29,83,30,78,36,77,40,69,43,72,46,58,49,62,48,55,56,55,57,52,56,52,56,49,53,45,53,44,55,43,55,36,57,37,50,36,58,32,54,29,52,30,56,27,52,23,52,26,51,19,47,17,45,19,50,15,46,14,46,10,43,12,42,8,39,0,0]"
CSI_DATA,318,1a:00:00:00:00:00,-55,11,1,0,1,1,1,0,0,0,1,-96,0,11,2,4353831,0,44,0,384,0,"[0,0,0,0,0,0,0,0,0,0,0,0,2,4,1,4,2,4,1,3,1,3,1,3,1,2,1,2,0,2,1,2,0,2,1,2,1,1,1,1,1,1,1,0,1,0,0,0,1,0,1,0,1,0,1,0,1,-1,2,0,2,0,1,-1,0,0,1,-1,2,0,2,0,2,-1,2,0,1,0,1,0,2,0,2,-1,2,-1,1,-1,1,0,1,0,1,0,2,-1,2,-1,1,-1,2,-1,2,-1,2,-1,2,-1,2,0,2,0,2,0,2,0,2,0,0,0,0,0,0,0,0,0,0,0,0,0,0,0,14,28,11,33,15,29,15,30,12,28,15,27,7,18,12,20,7,17,6,21,7,19,7,15,6,15,6,12,7,11,7,10,9,10,4,7,9,8,5,6,1,5,5,5,7,-1,10,0,5,-1,11,-4,7,3,11,-2,12,-3,11,0,8,-1,11,-2,13,-2,12,-1,10,1,10,-1,14,0,13,-2,11,-1,12,-4,9,-1,7,1,12,-1,13,0,8,1,11,-2,12,-2,9,-2,10,0,11,-2,13,-2,10,3,11,2,14,2,11,3,12,4,12,6,0,0,0,0,0,0,0,0,0,0,0,0,0,0,0,0,0,0,0,0,0,0,43,-3,47,-1,48,3,50,13,50,18,51,24,46,25,52,31,50,38,47,40,49,49,46,53,43,54,44,63,42,68,35,65,32,77,27,75,21,81,15,84,10,87,8,87,4,81,-4,89,-12,89,-15,85,-19,84,-23,85,-26,77,-29,77,-32,72,-37,76,-38,69,-37,66,-40,62,-45,61,-43,56,-42,59,-44,51,-46,55,-45,52,-40,46,-48,47,-46,46,-48,42,-46,34,-46,35,-45,36,-44,33,-40,31,-44,31,-42,28,-40,30,-35,24,-40,23,-43,24,-34,19,0,0]"
CSI_DATA,319,1a:00:00:00:00:00,-55,11,1,0,1,1,1,0,0,0,1,-96,0,11,2,4364254,0,44,0,384,0,"[0,0,0,0,0,0,0,0,0,0,0,0,0,-6,0,-5,0,-5,0,-5,0,-5,0,-4,0,-4,0,-3,0,-4,-1,-3,0,-3,0,-3,-1,-3,-1,-2,-1,-2,-1,-2,-1,-2,-1,-1,-1,-2,-2,-2,-2,-1,-2,-2,-1,-1,-2,-1,-2,-2,-2,-1,0,0,-2,-1,-3,-2,-2,-2,-2,-2,-3,-2,-2,-2,-2,-2,-3,-2,-2,-1,-2,-1,-2,-2,-2,-2,-2,-2,-2,-2,-2,-2,-2,-1,-2,-2,-2,-1,-2,-1,-2,-2,-2,-2,-2,-2,-2,-2,-2,-2,-2,-2,-2,-2,0,0,0,0,0,0,0,0,0,0,0,0,0,0,0,-39,1,-31,0,-37,5,-32,1,-35,2,-31,3,-28,0,-20,5,-20,3,-22,2,-17,-1,-18,1,-18,1,-13,-3,-15,-1,-16,0,-13,-2,-11,-3,-8,-4,-12,-7,-10,-5,-10,-7,-9,-4,-4,-8,-5,-12,-7,-7,-6,-8,-6,-8,-8,-7,-9,-8,-9,-9,-9,-9,-6,-14,-6,-15,-8,-13,-4,-10,-5,-10,-7,-14,-2,-8,-7,-8,-9,-6,-9,-8,-8,-10,-6,-11,-7,-11,-6,-8,-5,-11,-7,-9,-2,-11,-5,-12,-7,-13,-9,-10,-7,-10,-9,-12,-7,-11,-11,-11,-12,0,0,0,0,0,0,0,0,0,0,0,0,0,0,0,0,0,0,0,0,0,0,-39,-11,-42,-18,-45,-21,-46,-27,-44,-32,-42,-38,-43,-41,-38,-49,-37,-50,-33,-54,-33,-62,-30,-66,-26,-71,-18,-70,-19,-74,-11,-77,-8,-81,-4,-81,4,-82,11,-84,19,-86,18,-85,28,-80,33,-80,40,-81,43,-75,49,-72,50,-71,52,-66,55,-63,53,-63,58,-57,59,-56,60,-47,62,-44,58,-43,59,-41,61,-38,62,-34,62,-36,64,-32,58,-31,63,-29,58,-26,61,-23,60,-17,52,-14,54,-16,54,-14,51,-13,49,-10,52,-10,51,-7,47,-8,45,-4,43,-1,45,-7,0,0]"
CSI_DATA,320,1a:00:00:00:00:00,-55,11,1,0,1,1,1,0,0,0,1,-96,0,11,2,4373876,0,44,0,384,0,"[0,0,0,0,0,0,0,0,0,0,0,0,0,4,0,4,1,4,0,3,0,3,-1,3,0,3,0,3,0,2,0,2,0,2,0,1,0,2,0,2,0,1,0,1,0,0,0,0,1,0,1,1,1,1,1,0,1,0,1,0,1,0,1,0,0,0,1,0,2,0,1,0,2,0,1,1,2,1,1,1,1,1,1,0,1,0,1,0,1,1,1,1,1,0,1,0,1,0,1,0,1,0,1,0,1,0,1,1,1,1,1,1,1,1,1,1,1,1,0,0,0,0,0,0,0,0,0,0,0,0,0,0,12,36,6,34,10,31,6,30,3,32,2,31,1,25,1,25,2,23,3,23,0,19,-1,18,1,18,-3,15,0,14,1,12,2,11,2,8,2,7,2,9,5,7,8,5,5,2,10,1,4,0,11,3,12,4,8,-1,11,2,8,7,9,1,13,4,11,1,13,1,11,1,10,1,11,3,13,5,11,1,9,3,11,4,7,4,10,2,8,4,10,8,10,2,11,4,10,4,12,3,7,5,14,2,8,2,11,6,14,4,12,7,10,8,11,11,0,0,0,0,0,0,0,0,0,0,0,0,0,0,0,0,0,0,0,0,0,0,44,0,46,6,47,9,49,21,48,20,50,25,46,31,46,38,46,41,44,45,41,49,36,58,40,64,34,69,31,71,25,76,21,78,16,81,10,82,5,85,-1,89,-4,87,-8,80,-19,81,-22,82,-28,80,-36,82,-38,81,-38,73,-44,75,-46,66,-50,69,-50,63,-55,61,-52,60,-55,54,-54,49,-53,47,-57,46,-54,45,-56,41,-52,40,-57,37,-54,35,-53,32,-48,34,-52,29,-52,26,-50,25,-49,22,-47,20,-46,17,-51,18,-45,18,-42,14,-45,11,-37,13,0,0]"
CSI_DATA,321,1a:00:00:00:00:00,-55,11,1,0,1,1,1,0,0,0,1,-96,0,11,2,4383865,0,44,0,384,0,"[0,0,0,0,0,0,0,0,0,0,0,0,-5,-2,-5,-2,-5,-2,-4,-2,-4,-2,-4,-2,-4,-1,-3,-1,-3,-1,-3,-2,-3,-1,-3,-1,-3,-1,-3,-1,-2,-1,-2,0,-2,0,-2,0,-2,0,-2,0,-2,0,-2,0,-1,1,-2,0,-2,0,-2,1,0,0,-2,1,-2,1,-2,1,-2,1,-2,1,-2,1,-2,1,-2,1,-2,1,-2,1,-2,1,-1,1,-1,0,-1,1,-2,1,-2,1,-1,1,-2,1,-2,1,-2,1,-2,1,-2,1,-2,1,-2,1,-3,1,-2,1,0,0,0,0,0,0,0,0,0,0,0,0,0,0,-30,-23,-28,-21,-26,-19,-28,-19,-25,-15,-23,-20,-22,-17,-22,-15,-18,-11,-15,-14,-17,-16,-15,-11,-12,-12,-12,-8,-8,-10,-13,-12,-14,-8,-11,-2,-10,-2,-6,-3,-9,-3,-9,1,-9,1,-7,-2,-11,5,-11,6,-5,6,-12,3,-12,6,-10,6,-9,7,-12,5,-11,5,-10,4,-12,6,-12,6,-12,7,-17,2,-9,4,-8,3,-11,6,-8,5,-11,2,-12,3,-14,3,-9,6,-9,5,-13,2,-10,6,-10,9,-12,3,-11,2,-11,3,-12,3,-12,3,-14,-1,-16,-1,0,0,0,0,0,0,0,0,0,0,0,0,0,0,0,0,0,0,0,0,0,0,-28,35,-36,34,-37,30,-46,30,-50,24,-56,20,-55,16,-56,15,-59,16,-61,5,-65,-3,-67,-9,-72,-12,-75,-20,-79,-23,-69,-22,-80,-34,-73,-35,-76,-48,-72,-50,-66,-54,-67,-59,-55,-58,-55,-69,-46,-72,-48,-77,-40,-76,-39,-80,-34,-74,-31,-86,-26,-76,-25,-82,-21,-78,-17,-81,-16,-81,-8,-77,-9,-71,-4,-72,1,-69,-3,-67,1,-72,5,-63,8,-68,5,-64,11,-60,13,-65,11,-57,9,-54,11,-56,17,-54,16,-52,16,-51,21,-48,19,-47,16,-45,22,-47,22,-40,0,0]"
CSI_DATA,322,1a:00:00:00:00:00,-55,11,1,0,1,1,1,0,0,0,1,-96,0,11,2,4394576,0,44,0,384,0,"[0,0,0,0,0,0,0,0,0,0,0,0,-4,-5,-4,-4,-4,-4,-4,-4,-4,-4,-3,-3,-2,-3,-3,-3,-2,-3,-2,-2,-2,-2,-2,-2,-2,-2,-2,-2,-2,-2,-2,-1,-2,-1,-2,-1,-2,-1,-2,-1,-2,-1,-3,-1,-2,0,-2,-1,-2,-1,-2,0,0,0,-2,0,-3,-1,-3,-1,-3,0,-3,-1,-3,-1,-3,-1,-2,-1,-3,0,-3,-1,-3,-1,-2,-1,-2,-1,-2,-1,-3,-1,-3,0,-2,0,-3,-1,-3,-1,-3,-1,-3,-1,-2,-1,-3,-1,-3,-1,-3,-2,-3,-2,0,0,0,0,0,0,0,0,0,0,0,0,0,0,-25,-28,-25,-25,-24,-25,-23,-23,-19,-22,-17,-23,-13,-20,-18,-20,-15,-19,-13,-15,-12,-16,-11,-15,-10,-17,-12,-12,-10,-10,-10,-11,-6,-7,-9,-6,-9,-8,-8,-4,-11,-5,-6,-2,-11,1,-11,0,-9,1,-10,0,-10,0,-12,2,-15,5,-9,2,-14,1,-15,-1,-15,0,-17,0,-10,0,-10,1,-13,1,-14,-1,-16,-1,-8,-1,-11,-1,-10,5,-13,-2,-13,-2,-9,-3,-8,2,-10,0,-9,-4,-10,2,-11,0,-13,-1,-13,-3,-15,-2,-14,-1,-14,-2,-19,-2,-16,-6,0,0,0,0,0,0,0,0,0,0,0,0,0,0,0,0,0,0,0,0,0,0,-30,31,-37,29,-42,26,-50,25,-49,19,-56,13,-56,8,-60,9,-68,4,-74,-1,-74,-7,-74,-16,-72,-16,-75,-24,-69,-31,-68,-38,-71,-44,-69,-47,-65,-50,-62,-64,-58,-68,-54,-70,-51,-75,-44,-75,-41,-83,-36,-80,-31,-84,-25,-88,-20,-85,-19,-86,-10,-84,-6,-85,1,-78,6,-81,4,-79,6,-77,7,-74,11,-72,9,-71,17,-72,19,-72,14,-65,18,-64,22,-65,22,-57,21,-57,24,-54,28,-50,25,-53,30,-45,27,-42,25,-46,23,-48,27,-36,28,-39,31,-39,28,-32,0,0]"
CSI_DATA,323,1a:00:00:00:00:00,-54,11,1,0,1,1,1,0,0,0,1,-96,0,11,2,4433923,0,44,0,384,0,"[0,0,0,0,0,0,0,0,0,0,0,0,4,1,4,1,4,2,3,2,3,2,3,1,3,1,3,1,2,1,2,1,2,0,2,0,1,0,1,0,1,0,2,0,1,-1,1,-1,0,-1,1,-1,1,-1,0,-1,1,-1,0,-2,0,-2,1,-2,0,0,1,-2,1,-2,1,-2,1,-2,1,-2,1,-2,1,-2,1,-2,1,-2,1,-2,1,-2,1,-2,1,-2,1,-2,1,-1,1,-2,1,-2,1,-1,1,-2,1,-2,1,-2,1,-2,1,-2,2,-2,2,-1,1,-1,0,0,0,0,0,0,0,0,0,0,0,0,0,0,28,22,28,26,25,20,25,18,24,20,22,15,20,19,14,13,19,14,15,11,15,10,13,8,11,9,11,10,11,8,12,10,10,4,6,5,8,4,10,3,9,0,8,-3,7,0,5,-1,5,-2,3,-4,6,-6,8,-8,7,-3,11,-5,11,-11,8,-9,7,-5,9,-7,9,-9,11,-8,12,-7,7,-5,7,-8,10,-8,6,-12,11,-10,8,-5,5,-9,5,-7,6,-10,9,-10,7,-8,8,-9,6,-10,9,-11,7,-12,7,-9,7,-8,8,-11,15,-10,12,-6,0,0,0,0,0,0,0,0,0,0,0,0,0,0,0,0,0,0,0,0,0,0,44,-8,44,-4,48,4,52,8,52,10,55,17,54,18,52,24,58,27,55,34,56,40,50,46,54,51,52,54,51,60,50,69,43,70,40,71,38,76,34,76,30,77,27,83,22,87,13,85,9,89,6,88,-2,86,0,88,-6,87,-7,82,-12,84,-17,80,-14,79,-18,77,-20,75,-20,74,-21,69,-21,71,-26,66,-24,67,-28,65,-21,62,-29,61,-27,62,-28,56,-29,53,-30,48,-22,51,-28,48,-31,49,-31,45,-31,43,-31,42,-30,37,-32,38,-23,36,-27,34,0,0]"
CSI_DATA,324,1a:00:00:00:00:00,-55,11,1,0,1,1,1,0,0,0,1,-96,0,11,2,4444764,0,44,0,384,0,"[0,0,0,0,0,0,0,0,0,0,0,0,-2,-5,-2,-5,-3,-5,-2,-4,-2,-4,-2,-4,-1,-4,-2,-3,-1,-3,-1,-3,-1,-3,-1,-2,-2,-2,-2,-2,-2,-2,-1,-1,-1,-1,-1,-1,-2,-1,-2,-1,-2,-1,-2,-1,-2,0,-2,-1,-2,-1,-2,0,0,0,-3,0,-2,-1,-2,-1,-3,0,-2,-1,-2,-1,-2,-1,-2,-1,-3,-1,-2,-1,-3,-1,-2,-1,-2,-1,-2,-1,-2,-1,-2,-1,-2,-1,-3,-1,-3,-1,-3,-1,-3,-1,-2,-1,-2,-1,-2,-1,-3,-2,-3,-2,0,0,0,0,0,0,0,0,0,0,0,0,0,0,-11,-35,-11,-37,-9,-34,-8,-31,-7,-32,-3,-28,-3,-26,0,-24,-5,-22,-2,-21,-3,-20,-4,-20,-3,-18,-4,-16,-2,-17,-3,-15,-4,-14,-5,-11,-4,-8,-6,-10,-6,-8,-2,-7,-9,-2,-4,-1,-7,-3,-9,-2,-6,-5,-10,-2,-14,-3,-12,-2,-8,-4,-8,-7,-12,-2,-13,-2,-15,-5,-12,-6,-10,-3,-11,-5,-11,-6,-13,-1,-8,-5,-9,-3,-10,-4,-12,-3,-11,-5,-9,-2,-8,-3,-12,-5,-10,-2,-9,-2,-12,-5,-12,-1,-15,-4,-15,-7,-11,-6,-10,-8,-11,-10,0,0,0,0,0,0,0,0,0,0,0,0,0,0,0,0,0,0,0,0,0,0,-44,1,-45,-2,-47,-13,-51,-17,-52,-20,-53,-25,-51,-27,-49,-35,-50,-39,-49,-43,-47,-50,-45,-54,-44,-64,-43,-67,-38,-68,-31,-70,-26,-76,-24,-78,-22,-83,-6,-84,-6,-84,-1,-92,5,-86,11,-88,22,-89,21,-85,29,-83,29,-83,32,-75,37,-77,41,-71,43,-70,44,-64,48,-65,47,-65,47,-62,49,-55,52,-55,51,-46,51,-50,51,-49,50,-42,53,-37,53,-41,49,-35,49,-36,50,-30,48,-29,47,-30,50,-22,49,-22,44,-24,46,-21,40,-17,48,-19,46,-18,42,-18,0,0]"
CSI_DATA,325,1a:00:00:00:00:00,-55,11,1,0,1,1,1,0,0,0,1,-96,0,11,2,4456702,0,44,0,384,0,"[0,0,0,0,0,0,0,0,0,0,0,0,5,0,5,0,5,1,4,1,4,1,3,0,3,0,3,0,2,0,2,0,2,0,2,0,2,0,1,0,1,0,1,-1,1,-1,1,-1,1,-1,1,-1,1,-1,0,-2,0,-2,1,-2,0,-2,1,-3,0,0,0,-3,1,-2,0,-2,1,-3,0,-2,1,-2,0,-2,0,-2,1,-3,1,-2,1,-3,0,-2,0,-2,0,-2,1,-2,1,-2,0,-2,0,-3,1,-3,0,-2,1,-2,1,-3,0,-2,1,-2,1,-2,1,-2,0,0,0,0,0,0,0,0,0,0,0,0,0,0,32,16,33,18,28,17,26,11,27,17,21,13,22,12,21,14,23,10,19,10,17,14,15,9,18,7,15,9,12,8,11,4,9,5,9,4,12,6,7,2,3,0,4,2,6,-1,8,-1,8,-4,9,-6,9,-4,7,-3,10,-5,5,-8,7,-4,6,-4,12,-4,9,-7,9,-9,11,-6,10,-9,13,-7,10,-2,7,-5,9,-9,5,-6,11,-5,6,-4,7,-3,9,-6,9,-5,9,-8,8,-6,13,-7,12,-9,10,-8,9,-4,16,-4,13,-3,13,-2,12,-4,0,0,0,0,0,0,0,0,0,0,0,0,0,0,0,0,0,0,0,0,0,0,19,-41,23,-38,28,-41,35,-36,39,-35,43,-34,46,-28,50,-29,55,-27,59,-21,64,-16,71,-12,75,-9,77,-5,78,3,80,7,80,13,80,24,77,24,77,32,76,39,76,44,71,51,69,54,62,61,60,61,55,68,54,68,46,75,43,73,41,73,34,75,31,75,25,71,25,71,20,74,19,73,14,71,15,71,12,69,4,68,6,67,3,64,3,67,0,58,4,60,-8,60,-5,56,-3,56,-7,56,-7,52,-11,52,-15,49,-13,46,-8,46,-15,41,-12,41,0,0]"
CSI_DATA,326,1a:00:00:00:00:00,-55,11,1,0,1,1,1,0,0,0,1,-96,0,11,2,4463844,0,44,0,384,0,"[0,0,0,0,0,0,0,0,0,0,0,0,0,-6,0,-6,-1,-5,0,-5,-1,-5,0,-4,0,-4,0,-4,0,-4,-1,-3,0,-3,0,-3,-1,-3,-1,-2,-1,-2,-1,-2,-1,-2,-1,-1,-2,-1,-2,-2,-2,-2,-2,-2,-1,-1,-2,-2,-3,-1,-2,-1,0,0,-2,-1,-3,-1,-3,-1,-3,-1,-3,-2,-3,-2,-3,-2,-2,-2,-2,-1,-2,-1,-2,-1,-2,-2,-2,-2,-2,-2,-2,-1,-2,-1,-2,-2,-3,-1,-2,-1,-3,-2,-3,-2,-2,-2,-2,-2,-2,-2,-2,-2,-2,-2,0,0,0,0,0,0,0,0,0,0,0,0,0,0,1,-21,-2,-16,-2,-16,-3,-17,-1,-17,2,-16,0,-15,1,-12,1,-11,0,-11,-2,-10,1,-9,-2,-11,0,-9,0,-9,-3,-6,-1,-6,-2,-5,-3,-5,-3,-5,-2,-6,-3,-2,-3,-5,-2,-2,-4,-2,-6,-3,-4,-2,-4,-3,-6,-2,-4,-3,-5,-3,-5,-4,-7,-3,-8,0,-6,-2,-7,-2,-6,-2,-6,-1,-6,-4,-6,-4,-6,-4,-4,-2,-6,-2,-7,-3,-7,-2,-5,-3,-6,-2,-8,-1,-6,-1,-6,-3,-5,-3,-6,-2,-7,-2,-6,-3,-7,-5,-7,-5,-6,-5,0,0,0,0,0,0,0,0,0,0,0,0,0,0,0,0,0,0,0,0,0,0,-21,-7,-22,-10,-23,-12,-21,-15,-20,-17,-20,-19,-19,-23,-18,-25,-17,-27,-15,-30,-15,-32,-13,-36,-13,-36,-9,-38,-6,-40,-3,-40,-1,-42,2,-41,3,-42,9,-42,11,-41,12,-44,14,-40,18,-41,20,-38,22,-40,23,-37,27,-35,28,-32,30,-32,29,-28,30,-28,31,-26,31,-24,31,-24,33,-22,31,-20,31,-19,30,-19,30,-17,32,-17,30,-17,29,-15,31,-13,29,-11,27,-12,29,-9,29,-9,27,-10,27,-9,25,-4,24,-7,25,-6,23,-3,22,-3,22,-5,20,-2,0,0]"
CSI_DATA,327,1a:00:00:00:00:00,-54,11,1,0,1,1,1,0,0,0,1,-96,0,11,2,4473867,0,44,0,384,0,"[0,0,0,0,0,0,0,0,0,0,0,0,-3,4,-3,4,-3,4,-3,3,-3,3,-3,3,-2,3,-2,2,-2,2,-2,2,-2,2,-2,2,-1,1,-1,1,-1,1,-1,1,-1,1,-1,1,0,1,0,1,0,1,1,1,0,1,1,1,1,1,0,0,0,0,0,1,1,1,1,2,1,1,1,2,1,2,1,2,1,2,0,1,1,1,0,1,1,1,0,1,1,1,1,1,1,1,1,1,1,1,1,1,1,1,1,1,0,2,0,2,0,2,0,2,0,2,0,0,0,0,0,0,0,0,0,0,0,0,0,0,-19,32,-21,27,-19,31,-19,25,-18,23,-19,27,-19,18,-17,19,-15,15,-14,19,-16,12,-11,17,-13,15,-7,10,-11,10,-8,10,-5,6,-5,8,-2,6,-1,6,0,10,0,8,3,7,-1,6,5,6,4,5,3,8,5,10,2,6,2,12,2,9,6,11,3,10,8,12,7,11,8,7,7,10,3,9,5,10,5,11,4,10,4,10,9,10,6,9,8,10,6,5,2,8,8,9,5,11,5,9,6,10,4,7,7,13,8,9,6,12,3,14,1,14,0,0,0,0,0,0,0,0,0,0,0,0,0,0,0,0,0,0,0,0,0,0,25,33,20,40,21,45,19,50,12,52,10,55,3,58,-2,62,-6,63,-8,60,-13,64,-18,69,-23,72,-29,70,-35,70,-43,64,-51,71,-53,63,-61,66,-59,56,-63,55,-74,51,-74,45,-76,41,-80,36,-78,37,-81,30,-89,29,-83,19,-84,16,-78,12,-83,10,-79,5,-76,3,-79,-2,-77,-3,-73,-3,-72,-4,-70,-6,-73,-6,-70,-9,-66,-10,-69,-17,-64,-17,-60,-21,-63,-18,-60,-20,-55,-22,-57,-23,-51,-25,-48,-24,-49,-21,-45,-24,-43,-21,-41,-21,-42,-23,-42,-22,0,0]"
CSI_DATA,328,1a:00:00:00:00:00,-55,11,1,0,1,1,1,0,0,0,1,-96,0,11,2,4484038,0,44,0,384,0,"[0,0,0,0,0,0,0,0,0,0,0,0,-6,-2,-5,-2,-5,-2,-5,-2,-5,-2,-4,-2,-4,-2,-4,-1,-3,-1,-3,-2,-3,-1,-3,-1,-3,-1,-3,-1,-2,-1,-2,0,-2,0,-2,0,-2,0,-2,0,-2,0,-2,0,-2,1,-2,1,-2,1,-2,1,0,0,-2,1,-2,1,-2,1,-1,2,-2,1,-2,1,-2,1,-2,1,-2,1,-2,2,-2,1,-1,1,-1,1,-1,1,-1,1,-2,1,-1,1,-2,1,-2,1,-2,1,-2,1,-2,1,-2,2,-2,1,-2,1,-3,1,0,0,0,0,0,0,0,0,0,0,0,0,0,0,-30,-17,-34,-17,-28,-13,-30,-16,-31,-10,-25,-14,-23,-14,-23,-12,-21,-14,-17,-14,-18,-12,-19,-11,-14,-7,-16,-3,-15,-8,-14,-7,-15,-3,-14,-2,-12,1,-8,-1,-9,0,-8,1,-8,3,-5,4,-7,5,-10,9,-7,5,-9,12,-7,8,-9,9,-2,8,-5,8,-7,9,-6,9,-4,11,-7,10,-5,7,-7,10,-6,7,-9,8,-6,12,-3,6,-7,8,-6,9,-5,6,-6,7,-5,11,-4,10,-6,10,-4,12,-4,12,-5,9,-8,10,-5,13,-8,11,-9,11,-11,9,0,0,0,0,0,0,0,0,0,0,0,0,0,0,0,0,0,0,0,0,0,0,-44,9,-48,5,-50,-1,-49,-4,-54,-8,-54,-12,-55,-18,-57,-20,-60,-22,-55,-28,-61,-34,-60,-39,-58,-44,-61,-49,-59,-56,-51,-61,-52,-64,-48,-69,-48,-69,-42,-75,-38,-78,-40,-84,-32,-83,-28,-85,-21,-88,-17,-88,-13,-83,-12,-88,-5,-86,-5,-85,-4,-84,3,-82,3,-80,8,-80,7,-78,7,-75,9,-77,10,-70,11,-71,14,-69,12,-67,13,-67,16,-63,16,-69,16,-59,20,-56,19,-55,17,-61,16,-56,19,-54,18,-45,19,-50,18,-43,16,-48,19,-44,14,-42,18,-45,0,0]"
CSI_DATA,329,1a:00:00:00:00:00,-55,11,1,0,1,1,1,0,0,0,1,-96,0,11,2,4494559,0,44,0,384,0,"[0,0,0,0,0,0,0,0,0,0,0,0,-3,-4,-3,-4,-3,-4,-3,-4,-3,-4,-2,-3,-2,-3,-2,-3,-2,-3,-2,-3,-2,-2,-2,-2,-2,-2,-2,-2,-2,-2,-1,-1,-1,-1,-1,-1,-2,-1,-2,-1,-2,-1,-2,-1,-2,0,-2,0,-2,0,-2,0,0,0,-2,0,-3,0,-2,0,-2,0,-3,-1,-2,0,-3,0,-3,-1,-3,0,-3,0,-2,0,-2,0,-2,0,-2,-1,-2,0,-2,0,-2,0,-3,0,-2,0,-3,0,-3,0,-3,-1,-3,0,-2,-1,-3,-1,-3,-1,0,0,0,0,0,0,0,0,0,0,0,0,0,0,-22,-33,-22,-29,-19,-31,-16,-28,-19,-23,-21,-25,-16,-19,-16,-24,-14,-18,-13,-20,-7,-20,-11,-15,-11,-15,-11,-14,-7,-10,-7,-12,-10,-9,-9,-7,-6,-6,-5,-7,-10,-6,-11,-5,-9,2,-10,-1,-8,3,-10,2,-7,2,-10,5,-12,4,-11,4,-10,-2,-13,6,-12,3,-14,3,-13,2,-12,0,-9,5,-14,0,-15,4,-13,0,-13,1,-10,6,-10,-1,-12,2,-13,3,-10,3,-9,8,-12,2,-13,6,-11,1,-14,4,-12,2,-14,2,-17,1,-17,0,-15,-1,-18,-3,0,0,0,0,0,0,0,0,0,0,0,0,0,0,0,0,0,0,0,0,0,0,-42,8,-50,6,-44,0,-54,-6,-51,-8,-56,-12,-53,-21,-55,-23,-60,-29,-54,-35,-59,-35,-58,-40,-59,-46,-58,-55,-55,-62,-44,-67,-49,-68,-38,-69,-38,-77,-32,-80,-24,-85,-20,-90,-18,-85,-15,-91,-9,-89,-8,-88,1,-88,7,-94,11,-84,14,-86,16,-77,22,-82,26,-76,27,-74,28,-70,29,-70,32,-64,31,-67,30,-66,33,-64,34,-67,33,-60,35,-57,34,-52,38,-52,34,-53,38,-47,36,-42,37,-44,35,-39,35,-41,38,-41,36,-36,31,-31,32,-35,32,-29,35,-26,0,0]"
CSI_DATA,330,1a:00:00:00:00:00,-55,11,1,0,1,1,1,0,0,0,1,-96,0,11,2,4503898,0,44,0,384,0,"[0,0,0,0,0,0,0,0,0,0,0,0,-2,-6,-2,-5,-2,-5,-2,-5,-2,-5,-2,-4,-1,-4,-1,-3,-1,-3,-1,-3,-1,-3,-1,-3,-2,-3,-2,-2,-1,-2,-1,-2,-1,-1,-1,-1,-2,-1,-2,-1,-2,-1,-2,-1,-2,0,-2,-1,-2,-1,-2,0,0,0,-2,0,-2,-1,-2,-1,-3,0,-3,-1,-2,-1,-2,-1,-2,-1,-3,-1,-3,-1,-2,-1,-2,-1,-2,-1,-2,-1,-3,0,-2,-1,-2,-1,-3,-1,-3,-1,-3,-1,-3,-1,-2,-1,-2,-1,-3,-1,-3,-2,-3,-2,0,0,0,0,0,0,0,0,0,0,0,0,0,0,-6,-16,-6,-19,-4,-16,-7,-17,-7,-16,-5,-14,-3,-14,-3,-12,-2,-12,-4,-13,-4,-9,-2,-11,-3,-9,-4,-7,-3,-7,-4,-7,-3,-6,-3,-5,-3,-5,-4,-5,-3,-4,-3,-3,-5,-1,-5,-2,-3,-2,-4,-2,-5,-2,-6,-2,-5,-1,-6,0,-5,-1,-6,-1,-8,0,-6,-1,-6,1,-7,0,-7,-2,-8,0,-7,0,-5,-1,-6,-1,-8,-1,-5,-1,-8,1,-6,0,-6,0,-6,0,-7,0,-6,0,-7,0,-5,0,-6,-1,-6,1,-6,-2,-6,-1,-8,1,-7,-4,0,0,0,0,0,0,0,0,0,0,0,0,0,0,0,0,0,0,0,0,0,0,-23,-5,-22,-7,-22,-9,-25,-12,-24,-16,-23,-16,-22,-18,-22,-21,-22,-24,-21,-25,-19,-28,-17,-31,-19,-33,-18,-36,-14,-36,-9,-40,-8,-40,-7,-43,-5,-41,-2,-42,1,-44,6,-44,7,-44,10,-44,14,-43,14,-42,18,-39,18,-42,20,-38,22,-35,22,-35,23,-32,24,-33,23,-30,25,-30,25,-30,24,-29,26,-27,26,-26,25,-25,26,-22,26,-22,24,-20,26,-19,24,-18,25,-19,25,-16,26,-17,23,-16,24,-13,23,-10,22,-12,21,-11,21,-13,19,-11,19,-11,22,-9,0,0]"
CSI_DATA,331,1a:00:00:00:00:00,-54,11,1,0,1,1,1,0,0,0,1,-96,0,11,2,4516582,0,44,0,384,0,"[0,0,0,0,0,0,0,0,0,0,0,0,3,-4,3,-4,3,-3,3,-3,3,-3,3,-3,2,-3,2,-3,2,-2,1,-2,2,-3,1,-2,1,-2,0,-2,0,-2,1,-2,0,-2,0,-2,0,-2,-1,-2,-1,-2,-1,-1,-1,-2,-1,-1,-1,-2,-1,-2,0,0,-1,-2,-2,-2,-2,-2,-1,-2,-2,-2,-2,-2,-2,-3,-2,-2,-1,-3,-1,-2,-1,-2,-2,-2,-2,-2,-2,-2,-1,-2,-1,-2,-2,-2,-1,-2,-1,-2,-2,-2,-2,-2,-2,-3,-1,-3,-1,-3,-1,-3,-1,-3,0,0,0,0,0,0,0,0,0,0,0,0,0,0,17,-7,17,-6,16,-6,15,-6,16,-4,14,-3,14,-4,13,-3,10,-1,9,-4,8,-4,7,-3,8,-3,8,-2,7,-3,5,-2,7,-3,5,-4,6,-3,1,-3,3,-4,2,-4,2,-3,2,-4,1,-3,0,-5,0,-5,1,-5,0,-6,0,-6,-1,-6,-1,-7,0,-5,-2,-6,-2,-7,0,-7,-1,-6,0,-4,-1,-4,-1,-6,2,-5,0,-5,1,-7,0,-6,-1,-4,0,-6,-1,-5,-2,-7,0,-4,0,-7,2,-8,0,-8,0,-7,1,-7,1,-6,3,-8,2,-6,0,0,0,0,0,0,0,0,0,0,0,0,0,0,0,0,0,0,0,0,0,0,0,-23,3,-24,6,-24,8,-25,11,-25,14,-24,15,-22,19,-24,21,-25,22,-23,27,-21,30,-19,31,-21,33,-19,34,-15,36,-14,39,-12,40,-8,41,-8,42,-4,44,-3,45,0,43,5,41,8,43,12,43,14,40,17,42,17,36,17,38,19,36,20,34,21,33,24,31,23,31,24,31,26,27,24,27,25,27,27,26,27,22,27,24,24,22,26,21,26,17,25,16,24,15,24,15,22,16,23,12,25,13,23,10,22,11,24,9,21,7,19,8,20,7,24,0,0]"
CSI_DATA,332,1a:00:00:00:00:00,-55,11,1,0,1,1,1,0,0,0,1,-96,0,11,2,4534738,0,44,0,384,0,"[0,0,0,0,0,0,0,0,0,0,0,0,-2,5,-2,4,-1,4,-2,4,-1,3,-2,3,-2,3,-2,3,-2,3,-1,2,-2,2,-1,2,-1,2,-1,1,-1,2,-1,1,-1,1,0,1,0,1,0,1,0,1,1,1,1,0,1,1,1,1,1,0,0,0,1,1,1,1,1,1,1,1,1,2,1,1,1,1,1,1,1,1,0,1,1,1,1,1,0,1,0,1,1,1,1,1,1,1,1,1,1,1,1,1,1,2,0,2,1,2,0,1,0,2,0,2,0,0,0,0,0,0,0,0,0,0,0,0,0,0,-8,17,-6,15,-3,15,-7,15,-6,13,-5,13,-3,9,-3,12,-4,10,-5,10,-4,10,-4,10,-4,8,-3,6,-2,7,-4,5,-2,6,-3,4,-1,4,-1,5,0,4,1,3,0,2,1,3,3,2,2,3,2,5,4,3,4,4,2,4,3,5,4,4,5,3,6,4,2,4,5,4,5,3,3,2,5,5,3,6,3,5,2,4,3,3,4,4,3,3,4,3,3,4,3,5,3,4,4,2,4,5,4,3,3,5,5,7,2,6,2,6,2,5,0,0,0,0,0,0,0,0,0,0,0,0,0,0,0,0,0,0,0,0,0,0,19,6,21,7,21,10,22,13,21,15,20,20,20,19,19,23,19,25,17,27,13,31,10,33,9,35,7,37,5,38,0,37,0,41,-4,41,-7,42,-7,41,-10,43,-14,42,-19,39,-23,37,-26,36,-27,36,-28,33,-30,32,-30,29,-33,29,-31,23,-33,26,-34,24,-32,20,-34,20,-34,18,-33,16,-33,15,-34,12,-34,12,-34,10,-31,9,-34,8,-31,6,-32,5,-33,7,-31,4,-29,3,-27,3,-26,1,-27,-2,-26,1,-26,-1,-23,-2,-23,-2,-23,-1,-22,-3,0,0]"
CSI_DATA,333,1a:00:00:00:00:00,-55,11,1,0,1,1,1,0,0,0,1,-96,0,11,2,4543858,0,44,0,384,0,"[0,0,0,0,0,0,0,0,0,0,0,0,1,4,1,4,1,3,1,4,1,3,0,3,0,2,0,2,0,2,0,2,0,2,0,1,0,1,1,1,0,1,0,0,0,0,1,0,1,0,1,0,1,0,1,0,1,0,1,0,1,0,1,-1,0,0,1,-1,1,0,1,0,2,-1,1,0,1,0,1,0,1,0,2,0,2,-1,2,0,1,0,1,0,1,0,1,0,2,0,1,0,2,0,2,0,2,0,2,0,2,0,1,0,1,0,2,1,1,1,0,0,0,0,0,0,0,0,0,0,0,0,0,0,12,31,13,33,16,30,14,32,13,29,11,25,8,26,9,24,9,21,7,22,8,18,6,18,4,14,8,15,5,11,5,12,5,9,6,2,5,5,5,5,6,5,4,2,8,0,10,7,11,0,11,-3,7,-2,11,1,9,-2,8,-1,9,-4,9,-8,13,-3,12,-3,12,-4,11,-5,12,-2,10,0,14,-5,14,-4,14,-6,12,-1,9,-3,11,-5,10,-2,9,-2,11,-7,11,-3,9,-7,13,-6,13,-6,14,-2,14,-3,16,-1,14,-2,15,0,17,1,0,0,0,0,0,0,0,0,0,0,0,0,0,0,0,0,0,0,0,0,0,0,44,3,44,9,45,14,49,22,50,27,47,28,43,35,45,38,46,40,42,45,39,53,39,55,36,61,34,66,31,70,24,74,22,74,16,81,14,81,4,86,5,87,-7,89,-9,86,-12,90,-17,86,-22,88,-25,80,-29,82,-38,78,-36,76,-36,71,-42,72,-46,69,-43,63,-49,59,-47,57,-47,60,-41,56,-46,54,-45,53,-48,49,-48,48,-49,45,-46,47,-49,40,-54,40,-49,31,-49,35,-45,33,-43,32,-43,30,-44,30,-41,25,-44,21,-39,22,-42,18,-39,21,0,0]"
CSI_DATA,334,1a:00:00:00:00:00,-55,11,1,0,1,1,1,0,0,0,1,-96,0,11,2,4553848,0,44,0,384,0,"[0,0,0,0,0,0,0,0,0,0,0,0,-6,-1,-5,-1,-5,-1,-5,-1,-5,-1,-4,-1,-4,-1,-4,-1,-3,-1,-3,-1,-3,-1,-3,-1,-3,-1,-2,-1,-2,0,-2,0,-2,0,-2,0,-1,0,-1,0,-1,0,-1,0,-1,1,-1,0,-1,1,-2,1,0,0,-2,1,-1,1,-1,1,-2,1,-1,1,-1,1,-1,1,-1,1,-2,1,-2,1,-2,1,-1,1,-1,1,-1,1,-2,1,-2,1,-1,1,-2,1,-2,1,-2,1,-2,1,-2,1,-2,1,-2,1,-3,1,-3,0,0,0,0,0,0,0,0,0,0,0,0,0,0,0,-38,-9,-33,-8,-35,-9,-32,-11,-29,-9,-29,-9,-24,-4,-26,-10,-22,-5,-22,-9,-20,-7,-22,-5,-15,-6,-16,-6,-9,-6,-12,-8,-16,-3,-12,0,-9,-2,-9,-1,-8,2,-5,-2,-10,4,-7,2,-7,5,-10,2,-5,6,-9,5,-7,6,-8,7,-6,10,-8,12,-9,7,-8,9,-6,7,-10,8,-8,7,-11,4,-5,8,-9,9,-8,6,-9,8,-6,8,-11,6,-9,8,-8,8,-8,10,-7,7,-9,10,-10,8,-10,9,-10,8,-10,6,-12,8,-11,6,-14,8,-16,5,0,0,0,0,0,0,0,0,0,0,0,0,0,0,0,0,0,0,0,0,0,0,-13,43,-17,44,-26,44,-33,44,-35,40,-43,37,-46,36,-51,32,-57,35,-54,27,-65,26,-68,19,-69,17,-73,12,-80,7,-77,0,-88,-7,-81,-10,-85,-18,-82,-24,-82,-26,-84,-36,-73,-38,-77,-43,-74,-51,-72,-54,-64,-59,-67,-63,-59,-66,-58,-66,-49,-62,-51,-72,-43,-69,-37,-70,-39,-73,-30,-71,-32,-68,-31,-65,-25,-67,-24,-66,-23,-69,-17,-62,-19,-67,-14,-66,-15,-63,-12,-56,-7,-61,-7,-61,-2,-59,-4,-55,-1,-53,-2,-52,1,-51,3,-46,1,-50,7,-46,6,-42,0,0]"
CSI_DATA,335,1a:00:00:00:00:00,-55,11,1,0,1,1,1,0,0,0,1,-96,0,11,2,4563854,0,44,0,384,0,"[0,0,0,0,0,0,0,0,0,0,0,0,5,-2,5,-2,4,-1,4,-1,4,-1,3,-1,3,-1,3,-1,2,-1,2,-1,2,-2,2,-1,1,-1,1,-1,1,-1,1,-2,1,-2,1,-2,0,-1,0,-1,0,-1,0,-2,0,-2,-1,-2,0,-2,0,-3,0,0,0,-3,-1,-2,-1,-3,0,-3,-1,-2,-1,-2,-1,-2,0,-2,0,-3,0,-3,0,-2,-1,-3,-1,-2,-1,-2,0,-3,0,-3,-1,-3,0,-2,0,-3,0,-3,0,-3,0,-3,0,-3,0,-3,0,-3,1,-3,0,0,0,0,0,0,0,0,0,0,0,0,0,0,20,1,17,1,18,1,15,0,15,2,12,3,13,1,13,1,12,1,9,2,9,0,9,0,7,0,7,2,6,0,5,-1,7,-1,4,-2,4,0,3,-1,3,-1,1,-3,3,-3,2,-3,1,-4,1,-2,0,-5,1,-5,2,-3,1,-6,1,-6,0,-5,2,-4,2,-7,1,-7,1,-4,3,-6,4,-5,2,-6,2,-6,1,-7,0,-6,2,-3,2,-5,1,-6,1,-6,1,-6,2,-7,2,-6,1,-6,3,-6,2,-6,2,-8,2,-5,2,-6,4,-7,5,-5,0,0,0,0,0,0,0,0,0,0,0,0,0,0,0,0,0,0,0,0,0,0,8,-19,11,-20,13,-19,17,-19,18,-18,20,-16,22,-16,24,-15,28,-15,29,-13,31,-11,34,-7,36,-6,38,-5,38,-2,38,1,41,4,39,6,40,6,39,11,39,14,39,18,38,19,35,21,35,24,34,29,33,29,29,32,29,30,28,31,27,31,23,32,21,32,20,31,20,32,19,31,14,32,15,32,14,31,13,33,12,32,11,31,9,31,11,30,6,29,10,28,6,28,3,26,5,27,2,27,1,24,2,26,1,25,1,22,1,24,0,22,1,22,0,0]"
CSI_DATA,336,1a:00:00:00:00:00,-54,11,1,0,1,1,1,0,0,0,1,-96,0,11,2,4576678,0,44,0,384,0,"[0,0,0,0,0,0,0,0,0,0,0,0,4,-3,4,-3,4,-2,4,-2,3,-2,3,-2,3,-2,2,-2,2,-2,2,-1,2,-2,2,-2,1,-1,1,-1,1,-1,1,-2,1,-2,0,-2,0,-2,0,-1,-1,-1,-1,-2,0,-2,-1,-2,-1,-2,0,-2,0,0,0,-2,-1,-2,-1,-3,0,-3,-1,-2,-1,-3,-1,-2,-1,-2,0,-3,0,-2,0,-2,-1,-2,-1,-3,-1,-3,0,-2,0,-2,-1,-2,0,-2,-1,-2,-1,-2,0,-3,0,-3,0,-3,0,-3,0,-3,0,-3,0,0,0,0,0,0,0,0,0,0,0,0,0,0,20,-1,17,-2,17,-2,16,-4,13,-3,14,-4,13,-2,13,-2,10,-3,9,0,9,-2,7,-1,9,-3,7,-1,5,-3,7,-2,6,-1,6,-2,5,-1,4,-3,3,-2,2,-4,1,-2,2,-3,0,-2,2,-3,0,-5,-2,-5,0,-4,0,-7,0,-5,0,-6,0,-6,0,-5,-2,-8,0,-6,1,-5,-1,-6,0,-7,0,-6,2,-6,-1,-5,0,-6,-1,-6,0,-4,1,-6,1,-7,0,-6,0,-8,1,-6,0,-6,-1,-8,1,-6,1,-8,1,-10,0,-8,4,-7,0,0,0,0,0,0,0,0,0,0,0,0,0,0,0,0,0,0,0,0,0,0,6,-22,8,-22,11,-22,13,-22,14,-22,17,-22,20,-19,22,-19,23,-19,25,-20,29,-18,32,-15,33,-15,34,-15,36,-10,38,-5,40,-5,41,-3,41,0,43,4,42,4,42,9,41,10,41,14,40,15,38,19,38,21,36,21,33,23,33,26,30,25,32,26,30,28,28,28,27,29,23,28,24,28,22,27,20,29,21,29,17,30,18,28,16,27,15,28,16,26,14,25,12,26,12,25,10,26,11,26,8,25,8,22,10,24,6,24,4,22,2,22,7,21,0,0]"
CSI_DATA,337,1a:00:00:00:00:00,-55,11,1,0,1,1,1,0,0,0,1,-96,0,11,2,4583875,0,44,0,384,0,"[0,0,0,0,0,0,0,0,0,0,0,0,5,-2,4,-2,5,-1,4,-1,4,-1,3,-1,3,-2,3,-1,3,-1,2,-1,2,-1,2,-1,1,-1,1,-1,1,-1,1,-2,1,-2,1,-2,0,-1,0,-1,0,-2,0,-2,0,-2,-1,-2,-1,-2,0,-2,0,0,0,-3,-1,-3,-1,-2,0,-3,-1,-3,-1,-3,-1,-3,-1,-3,0,-2,0,-2,0,-2,-1,-3,0,-2,-1,-3,0,-2,0,-2,-1,-3,0,-3,0,-3,0,-3,0,-3,0,-3,0,-3,0,-3,0,-3,1,-3,0,0,0,0,0,0,0,0,0,0,0,0,0,0,20,-12,15,-7,15,-7,16,-9,12,-8,12,-7,12,-5,13,-6,9,-3,12,-4,8,-4,7,-4,7,-2,7,-3,5,-3,5,-5,5,-4,2,-3,4,-4,2,-5,2,-5,0,-3,2,-4,1,-4,0,-6,2,-4,0,-5,-1,-5,0,-5,-2,-6,-2,-7,-3,-9,0,-3,0,-7,-3,-7,-3,-5,-1,-5,0,-6,-2,-5,-1,-8,-1,-6,-2,-7,0,-8,-3,-6,-1,-6,-2,-7,-1,-6,-2,-7,-1,-6,-3,-7,-1,-7,-1,-7,-2,-8,0,-7,0,-8,1,-8,2,-8,0,0,0,0,0,0,0,0,0,0,0,0,0,0,0,0,0,0,0,0,0,0,-1,-23,0,-23,3,-23,5,-26,9,-26,11,-26,13,-25,16,-25,18,-27,21,-25,24,-26,25,-22,27,-23,31,-22,32,-20,34,-17,37,-19,39,-14,41,-13,41,-9,43,-7,44,-5,44,-1,45,1,43,4,44,5,42,10,41,12,40,13,40,14,37,14,37,16,34,18,34,19,34,20,31,20,31,21,31,20,29,21,29,21,26,23,25,22,25,22,23,23,21,23,20,23,17,22,18,21,16,20,17,23,14,21,15,19,14,20,12,18,13,18,13,20,12,20,0,0]"
CSI_DATA,338,1a:00:00:00:00:00,-55,11,1,0,1,1,1,0,0,0,1,-96,0,11,2,4593856,0,44,0,384,0,"[0,0,0,0,0,0,0,0,0,0,0,0,-1,5,-1,5,-1,5,-1,4,-1,3,-1,3,-1,3,-1,3,-1,3,-1,3,-1,2,-1,2,0,1,0,1,0,1,0,1,0,1,0,1,1,0,1,0,1,0,1,0,1,0,1,0,2,0,1,0,0,0,1,0,2,0,2,0,1,0,2,0,2,0,2,0,2,0,1,0,1,0,1,-1,2,1,1,0,1,0,1,0,1,0,1,0,2,0,2,0,2,0,2,0,2,0,2,1,2,1,2,1,2,1,0,0,0,0,0,0,0,0,0,0,0,0,0,0,0,34,0,34,-3,33,-4,34,-5,32,1,26,-5,30,-6,25,-3,25,-4,16,-3,20,-2,20,0,19,-1,13,1,16,0,12,2,12,-1,10,0,6,4,11,4,8,3,9,7,5,6,3,8,1,10,1,5,8,10,5,7,3,7,3,8,6,7,2,11,1,10,2,11,5,10,1,11,3,11,3,11,6,12,6,9,6,9,2,10,2,14,4,9,3,9,4,11,6,14,6,11,3,8,10,10,4,9,4,13,9,11,7,14,10,8,8,7,11,0,0,0,0,0,0,0,0,0,0,0,0,0,0,0,0,0,0,0,0,0,0,43,13,40,16,46,23,40,28,44,31,37,35,35,38,36,46,37,52,31,55,32,60,24,65,24,70,17,74,13,74,5,77,6,81,-3,86,-5,78,-13,82,-22,82,-20,85,-33,82,-39,77,-47,74,-46,78,-52,72,-54,67,-57,67,-56,60,-62,60,-59,54,-62,49,-64,48,-62,45,-62,42,-64,38,-64,33,-62,35,-60,33,-63,31,-60,29,-62,26,-64,26,-58,17,-53,25,-53,15,-58,15,-57,11,-56,12,-53,11,-53,10,-52,6,-51,4,-47,5,-45,1,-44,5,0,0]"
CSI_DATA,339,1a:00:00:00:00:00,-55,11,1,0,1,1,1,0,0,0,1,-96,0,11,2,4603863,0,44,0,384,0,"[0,0,0,0,0,0,0,0,0,0,0,0,-1,-6,-1,-6,-1,-5,-1,-5,0,-4,0,-4,0,-4,0,-4,0,-4,-1,-3,0,-3,0,-3,-1,-3,-1,-3,-1,-3,-1,-2,-1,-2,-1,-1,-1,-1,-2,-1,-2,-1,-2,-1,-2,-1,-2,-1,-2,-1,-2,-1,0,0,-2,-1,-3,-1,-3,-1,-2,-1,-3,-1,-2,-1,-3,-1,-3,-1,-2,-1,-2,-1,-2,-1,-2,-2,-2,-1,-2,-2,-2,-1,-3,-1,-2,-1,-3,-1,-3,-1,-2,-1,-3,-1,-2,-1,-3,-2,-2,-2,-3,-2,-2,-2,0,0,0,0,0,0,0,0,0,0,0,0,0,0,-2,-20,-1,-19,-3,-16,-1,-15,-1,-16,-2,-14,0,-13,-2,-12,-1,-12,0,-11,0,-11,-2,-11,-2,-9,-1,-8,-3,-7,0,-9,-1,-6,-2,-6,-1,-4,-2,-6,-1,-5,-3,-5,-3,-3,-3,-3,-5,-3,-4,-2,-4,-3,-5,-2,-5,-3,-6,-3,-5,-1,-5,-2,-6,-2,-6,-2,-5,-2,-6,-3,-6,-3,-6,-2,-6,-4,-5,-2,-6,-1,-6,-3,-6,-3,-7,-2,-7,-2,-4,-3,-6,-3,-6,-3,-7,-4,-6,-3,-5,-1,-7,-3,-6,-4,-7,-3,-6,-4,-8,-5,-6,-7,0,0,0,0,0,0,0,0,0,0,0,0,0,0,0,0,0,0,0,0,0,0,-23,-2,-24,-4,-23,-7,-25,-9,-25,-13,-24,-15,-25,-17,-24,-19,-23,-22,-22,-24,-22,-27,-22,-28,-23,-32,-19,-34,-16,-36,-12,-38,-11,-40,-8,-41,-6,-40,-1,-44,0,-43,5,-45,5,-43,8,-44,12,-41,14,-42,17,-40,18,-40,21,-38,22,-37,24,-34,24,-33,26,-32,26,-31,27,-28,28,-27,27,-25,26,-25,27,-23,27,-23,28,-22,27,-19,28,-18,28,-18,27,-15,29,-17,30,-13,24,-14,26,-13,26,-9,25,-10,25,-9,25,-6,22,-8,22,-6,23,-5,22,-5,0,0]"
CSI_DATA,340,1a:00:00:00:00:00,-55,11,1,0,1,1,1,0,0,0,1,-96,0,11,2,4614848,0,44,0,384,0,"[0,0,0,0,0,0,0,0,0,0,0,0,2,5,1,5,1,4,1,4,1,4,0,3,1,3,0,3,0,3,1,2,0,2,0,2,1,1,1,1,1,1,0,1,1,0,0,0,1,0,1,0,1,0,2,0,1,0,2,0,2,-1,1,-1,0,0,1,-1,2,0,2,-1,1,-1,2,0,2,0,2,0,2,-1,2,-1,1,-1,2,-1,1,-1,2,0,1,0,2,-1,2,-1,1,0,2,-1,2,-1,2,-1,2,-1,2,0,2,0,2,0,2,0,2,0,0,0,0,0,0,0,0,0,0,0,0,0,0,0,1,18,-1,16,3,17,0,15,0,15,2,16,-1,13,-1,14,-1,10,0,12,-2,10,0,8,-1,9,1,6,0,10,0,8,1,5,-1,4,3,4,2,4,1,3,2,2,3,3,2,0,2,0,2,1,4,-1,6,-1,4,-1,5,0,4,0,3,0,6,-1,5,-2,5,1,6,-1,6,-1,5,1,5,0,5,0,6,1,6,0,6,1,6,0,7,1,3,0,5,-1,5,1,3,-1,5,0,5,-2,4,-1,7,1,6,-1,6,1,6,1,5,3,0,0,0,0,0,0,0,0,0,0,0,0,0,0,0,0,0,0,0,0,0,0,20,10,20,14,20,17,18,20,19,20,16,23,14,25,15,26,13,30,11,29,12,33,9,34,8,37,5,38,3,41,-2,38,-4,43,-7,41,-8,42,-14,43,-16,42,-20,44,-18,39,-22,38,-25,39,-26,37,-28,38,-31,34,-31,31,-32,30,-33,28,-36,27,-34,23,-35,21,-34,20,-35,20,-33,19,-32,21,-32,17,-32,16,-34,15,-29,14,-34,13,-32,14,-31,11,-30,12,-31,10,-29,7,-30,8,-27,5,-28,6,-27,7,-27,6,-22,5,-25,4,-25,4,-21,2,0,0]"
CSI_DATA,341,1a:00:00:00:00:00,-55,11,1,0,1,1,1,0,0,0,1,-96,0,11,2,4623859,0,44,0,384,0,"[0,0,0,0,0,0,0,0,0,0,0,0,-6,-2,-6,-2,-5,-2,-5,-2,-5,-2,-4,-2,-4,-1,-3,-1,-3,-1,-3,-2,-3,-1,-2,-1,-3,-1,-3,-1,-2,-1,-2,0,-2,0,-2,0,-1,0,-1,0,-2,0,-1,0,-1,1,-1,0,-1,1,-1,1,0,0,-1,2,-1,1,-1,1,-1,2,-1,1,-1,1,-1,1,-1,1,-1,2,-1,2,-1,2,-1,1,-1,1,-1,1,-1,1,-1,2,-1,2,-1,2,-1,2,-1,2,-1,2,-1,2,-1,2,-1,2,-2,2,-2,1,0,0,0,0,0,0,0,0,0,0,0,0,0,0,-34,-18,-35,-16,-31,-12,-28,-16,-27,-13,-22,-15,-25,-14,-25,-11,-22,-12,-21,-8,-20,-9,-15,-11,-11,-6,-16,-7,-12,-8,-14,-3,-10,-4,-15,1,-9,-3,-9,2,-8,0,-7,1,-7,1,-7,5,-5,5,-4,3,-6,3,-3,8,-8,6,-6,6,-9,13,-3,10,-6,10,-6,7,-4,9,-8,9,-5,6,-8,8,-8,5,-4,7,-1,15,-3,10,-5,8,-6,10,-6,8,-3,11,-4,11,-5,7,-5,11,-7,12,-9,14,-2,10,-3,11,-6,11,-5,12,-8,15,-9,10,0,0,0,0,0,0,0,0,0,0,0,0,0,0,0,0,0,0,0,0,0,0,-42,6,-41,5,-52,1,-45,-4,-53,-8,-52,-12,-56,-13,-56,-18,-61,-22,-58,-30,-58,-34,-57,-38,-61,-39,-59,-47,-52,-49,-55,-56,-54,-60,-51,-69,-45,-67,-45,-73,-42,-82,-35,-78,-31,-82,-28,-82,-26,-81,-19,-84,-15,-84,-13,-87,-8,-82,-7,-79,-4,-83,-1,-83,6,-80,3,-77,5,-80,7,-74,6,-76,6,-74,8,-67,10,-68,15,-64,10,-67,13,-62,10,-67,14,-58,13,-57,20,-55,14,-54,15,-51,18,-54,17,-49,20,-49,17,-53,17,-46,18,-44,15,-41,18,-42,0,0]"
CSI_DATA,342,1a:00:00:00:00:00,-55,11,1,0,1,1,1,0,0,0,1,-96,0,11,2,4646215,0,44,0,384,0,"[0,0,0,0,0,0,0,0,0,0,0,0,-6,0,-5,0,-5,0,-5,-1,-5,-1,-4,0,-4,0,-4,0,-4,0,-3,-1,-3,0,-3,0,-3,0,-2,0,-2,0,-2,0,-2,0,-2,1,-1,0,-1,0,-1,1,-1,1,-1,1,-1,1,-1,1,-1,2,0,0,-1,2,0,1,-1,1,-1,2,-1,2,-1,1,0,1,-1,1,-1,2,-1,2,-1,2,-1,1,0,2,0,1,-1,1,-1,1,0,2,-1,2,-1,2,-1,2,-1,2,-1,2,-1,2,-1,2,-2,2,-2,2,0,0,0,0,0,0,0,0,0,0,0,0,0,0,-19,0,-18,-1,-17,-3,-18,1,-14,0,-16,-2,-12,-2,-12,1,-13,0,-10,-1,-11,0,-9,-1,-10,-1,-8,0,-8,-2,-5,0,-6,-1,-5,1,-6,0,-5,2,-4,0,-3,1,-4,3,-3,3,-2,2,-2,3,-3,2,-3,2,-2,2,0,7,-1,5,0,5,-2,6,-2,6,-1,4,-2,5,-4,5,-1,5,-1,5,-4,5,-2,6,1,4,-1,5,-2,5,-1,4,-1,4,1,6,-1,5,0,7,0,6,1,6,-1,6,1,6,-2,6,-4,6,-3,6,-3,6,0,0,0,0,0,0,0,0,0,0,0,0,0,0,0,0,0,0,0,0,0,0,-12,17,-15,18,-17,14,-22,16,-23,14,-25,12,-27,12,-27,10,-32,9,-31,6,-34,4,-36,2,-36,0,-42,-3,-42,-6,-37,-8,-42,-9,-40,-12,-40,-15,-40,-17,-40,-19,-40,-21,-35,-24,-36,-27,-34,-31,-33,-30,-31,-34,-31,-35,-25,-34,-28,-35,-22,-32,-23,-36,-22,-35,-20,-35,-19,-37,-19,-36,-14,-32,-15,-34,-13,-36,-13,-35,-12,-34,-11,-32,-10,-34,-10,-33,-8,-32,-6,-29,-8,-30,-9,-30,-5,-31,-5,-27,-4,-27,-3,-26,-2,-27,-2,-24,-2,-24,-2,-25,-1,-22,0,0]"
CSI_DATA,343,1a:00:00:00:00:00,-55,11,1,0,1,1,1,0,0,0,1,-96,0,11,2,4653841,0,44,0,384,0,"[0,0,0,0,0,0,0,0,0,0,0,0,-1,-6,-1,-6,-1,-5,-1,-5,-1,-5,-1,-4,-1,-4,-1,-4,-1,-4,-1,-4,-1,-3,-1,-3,-1,-3,-1,-2,-2,-2,-1,-2,-1,-2,-1,-1,-2,-1,-2,-1,-2,-1,-2,-1,-1,-1,-2,-1,-2,-1,-2,0,0,0,-2,0,-3,-1,-3,-1,-3,-1,-2,-1,-3,-1,-2,-1,-3,-1,-2,-1,-3,-1,-3,-1,-2,-1,-2,-1,-2,-1,-3,-1,-3,-1,-2,-1,-3,-1,-3,-1,-3,-1,-3,-1,-2,-1,-2,-2,-3,-2,-3,-2,-3,-2,0,0,0,0,0,0,0,0,0,0,0,0,0,0,-3,-19,-2,-18,-3,-17,-2,-16,2,-19,-3,-15,1,-13,-1,-12,0,-13,0,-13,1,-12,1,-9,-1,-12,1,-8,1,-9,-1,-8,-1,-6,-1,-5,1,-4,0,-4,-1,-5,-3,-3,-2,-2,-6,-4,-3,-4,-4,-1,-3,-3,-4,-4,-4,-4,-5,-3,-5,-3,-4,-4,-5,-3,-6,-4,-4,-3,-5,-5,-6,-5,-7,-6,-5,-5,-5,-2,-5,-5,-3,-4,-3,-6,-4,-5,-6,-4,-3,-5,-4,-5,-5,-5,-6,-3,-4,-5,-4,-5,-5,-6,-3,-9,-4,-7,-3,-7,-1,-7,-3,-9,0,0,0,0,0,0,0,0,0,0,0,0,0,0,0,0,0,0,0,0,0,0,-16,16,-19,14,-22,12,-23,10,-25,7,-27,5,-29,2,-28,-1,-33,-2,-33,-5,-34,-8,-35,-11,-37,-13,-35,-16,-33,-20,-33,-24,-33,-27,-30,-30,-28,-32,-24,-38,-18,-38,-20,-41,-16,-41,-15,-42,-10,-43,-8,-45,-4,-44,-1,-44,2,-43,3,-42,8,-43,7,-40,12,-39,14,-42,15,-38,16,-36,15,-35,17,-32,17,-30,19,-31,22,-28,21,-29,21,-26,22,-25,22,-24,20,-22,23,-19,25,-18,23,-18,23,-16,21,-15,21,-15,23,-12,21,-10,22,-13,22,-8,21,-7,0,0]"
CSI_DATA,344,1a:00:00:00:00:00,-55,11,1,0,1,1,1,0,0,0,1,-96,0,11,2,4664374,0,44,0,384,0,"[0,0,0,0,0,0,0,0,0,0,0,0,3,-5,3,-5,2,-4,3,-3,2,-3,3,-3,2,-3,2,-3,2,-3,1,-2,1,-3,1,-2,0,-2,0,-2,0,-2,0,-2,0,-2,0,-2,-1,-1,-1,-2,-1,-2,-2,-2,-1,-2,-2,-2,-1,-2,-1,-2,0,0,-1,-2,-2,-2,-2,-2,-1,-2,-2,-2,-2,-2,-2,-2,-2,-2,-1,-2,-1,-2,-1,-2,-2,-2,-2,-2,-2,-2,-2,-2,-2,-2,-2,-2,-1,-2,-2,-2,-2,-2,-2,-2,-2,-3,-2,-3,-2,-3,-1,-3,-1,-3,0,0,0,0,0,0,0,0,0,0,0,0,0,0,29,-20,29,-18,25,-22,24,-20,23,-22,23,-20,27,-13,24,-15,19,-16,16,-13,17,-12,12,-14,13,-12,15,-8,9,-9,8,-6,2,-9,7,-7,7,-8,2,-8,5,-8,0,-8,1,-6,-2,-7,-2,-6,-2,-6,-3,-9,-5,-9,-8,-5,-6,-13,-6,-12,-11,-10,-8,-8,-7,-11,-9,-11,-10,-7,-9,-12,-9,-7,-11,-5,-11,-11,-7,-8,-5,-12,-9,-11,-9,-9,-7,-7,-6,-9,-8,-10,-11,-8,-7,-6,-8,-10,-11,-9,-11,-13,-8,-11,-8,-11,-8,-12,-8,-13,-9,-14,0,0,0,0,0,0,0,0,0,0,0,0,0,0,0,0,0,0,0,0,0,0,6,-43,14,-44,15,-45,25,-49,22,-48,30,-45,35,-46,38,-48,43,-47,47,-43,54,-43,61,-40,62,-41,71,-38,70,-33,72,-27,79,-27,78,-23,83,-18,83,-9,87,-8,90,-2,85,1,90,4,89,13,84,12,87,19,91,25,78,24,84,29,72,31,77,34,75,37,71,37,68,35,68,37,63,32,63,37,59,38,62,37,61,44,55,37,57,40,51,38,46,39,50,43,44,40,45,38,40,40,36,38,42,36,38,38,42,36,32,31,35,35,27,32,30,33,0,0]"
CSI_DATA,345,1a:00:00:00:00:00,-55,11,1,0,1,1,1,0,0,0,1,-96,0,11,2,4673858,0,44,0,384,0,"[0,0,0,0,0,0,0,0,0,0,0,0,-4,-4,-4,-4,-4,-4,-4,-4,-4,-3,-3,-3,-3,-3,-3,-2,-2,-3,-3,-2,-2,-2,-2,-2,-2,-2,-2,-1,-2,-2,-2,-1,-2,0,-2,0,-2,-1,-2,-1,-2,0,-2,0,-2,1,-2,0,-2,0,-2,1,0,0,-2,1,-2,0,-2,0,-2,1,-2,0,-2,0,-2,0,-2,0,-2,1,-3,1,-2,1,-2,1,-2,0,-2,1,-3,1,-3,1,-2,1,-3,1,-3,1,-3,1,-3,1,-2,0,-2,1,-3,1,-3,0,-3,0,0,0,0,0,0,0,0,0,0,0,0,0,0,0,-34,-22,-32,-20,-31,-20,-28,-23,-26,-16,-23,-17,-20,-15,-22,-15,-18,-16,-13,-13,-17,-13,-19,-6,-16,-14,-18,-7,-9,-9,-10,-10,-14,-6,-9,0,-11,-7,-12,-2,-8,-4,-6,1,-4,3,-8,2,-6,3,-7,5,-8,2,-8,9,-10,9,-4,4,-7,7,-5,6,-11,7,-4,7,-7,7,-11,9,-6,7,-13,9,-9,8,-6,9,-9,7,-7,7,-8,8,-8,9,-9,7,-7,6,-5,9,-7,9,-4,10,-6,12,-7,9,-7,8,-13,8,-11,7,-15,9,-15,7,-12,5,0,0,0,0,0,0,0,0,0,0,0,0,0,0,0,0,0,0,0,0,0,0,-44,23,-43,15,-49,12,-52,9,-51,9,-53,1,-57,-1,-61,-4,-62,-11,-63,-18,-62,-20,-68,-27,-71,-31,-71,-37,-65,-44,-63,-45,-61,-51,-66,-56,-60,-61,-54,-66,-51,-69,-49,-79,-43,-78,-38,-78,-36,-86,-28,-81,-25,-78,-18,-85,-15,-85,-16,-83,-10,-86,-9,-85,-5,-79,-4,-81,1,-80,1,-75,4,-75,10,-75,12,-76,9,-74,8,-71,12,-67,13,-66,13,-66,15,-61,15,-63,15,-57,16,-51,16,-58,18,-50,21,-48,23,-49,21,-46,17,-44,19,-45,21,-38,19,-44,0,0]"
CSI_DATA,346,1a:00:00:00:00:00,-55,11,1,0,1,1,1,0,0,0,1,-96,0,11,2,4684095,0,44,0,384,0,"[0,0,0,0,0,0,0,0,0,0,0,0,-1,5,-1,4,0,4,-1,4,0,3,-1,3,-1,3,-1,3,-1,2,-1,2,-1,2,-1,2,0,1,0,1,0,1,0,1,0,1,0,1,1,1,1,0,1,0,1,0,1,0,2,0,1,0,1,0,0,0,1,0,2,0,1,0,1,0,2,0,2,1,1,0,2,1,1,0,1,0,1,0,1,0,1,1,1,0,2,0,1,0,2,1,1,0,1,0,2,0,2,0,2,0,1,1,1,1,2,1,1,1,0,0,0,0,0,0,0,0,0,0,0,0,0,0,5,36,1,35,5,35,6,34,2,33,3,29,2,27,-2,24,-2,23,0,22,1,22,0,22,-3,11,2,13,-1,12,2,14,2,11,2,8,3,7,2,6,5,5,6,5,5,3,5,4,8,2,6,0,6,2,7,0,9,1,10,1,9,4,11,1,11,-4,9,-3,10,2,12,-4,11,-1,11,0,15,-4,12,0,8,4,9,0,8,-1,13,3,12,0,11,1,10,1,11,-1,12,5,9,2,8,0,12,3,14,2,11,4,15,5,13,4,11,8,0,0,0,0,0,0,0,0,0,0,0,0,0,0,0,0,0,0,0,0,0,0,42,13,40,18,40,22,39,32,39,32,39,42,36,47,34,50,31,52,31,57,25,64,20,65,24,72,15,75,10,78,3,77,0,83,-3,80,-11,83,-16,82,-21,79,-28,86,-29,82,-35,79,-40,80,-43,79,-51,71,-55,70,-55,65,-59,66,-57,58,-62,57,-60,51,-63,54,-63,47,-60,46,-58,41,-62,46,-62,37,-60,39,-61,33,-63,32,-63,32,-59,30,-57,22,-58,26,-56,22,-51,24,-56,16,-53,14,-51,17,-52,14,-52,10,-45,10,-48,9,-46,10,-45,9,0,0]"
CSI_DATA,347,1a:00:00:00:00:00,-54,11,1,0,1,1,1,0,0,0,1,-96,0,11,2,4693874,0,44,0,384,0,"[0,0,0,0,0,0,0,0,0,0,0,0,-5,-1,-5,-1,-5,-2,-5,-2,-5,-2,-4,-1,-4,-1,-4,-1,-3,-1,-3,-1,-3,-1,-3,-1,-2,-1,-2,-1,-2,-1,-2,0,-2,0,-2,0,-1,0,-2,0,-1,0,-1,0,-1,1,-1,1,-1,1,-1,1,0,0,-1,2,-1,1,-1,1,-1,2,-1,1,-1,1,-1,1,-1,1,-1,2,-2,2,-1,1,-1,1,-1,1,-1,1,-1,1,-1,1,-1,2,-1,1,-2,1,-1,2,-2,2,-1,2,-1,2,-2,2,-2,2,-2,1,0,0,0,0,0,0,0,0,0,0,0,0,0,0,-40,-10,-38,-11,-33,-9,-32,-11,-29,-13,-27,-7,-26,-11,-27,-9,-19,-9,-21,-6,-20,-7,-16,-9,-19,-7,-16,-5,-14,-6,-11,-5,-11,-4,-11,-2,-11,-2,-7,-2,-8,-2,-6,0,-8,1,-7,2,-6,7,-7,5,-4,7,-7,6,-6,7,-4,6,-4,6,-5,12,-6,10,-3,10,-5,8,-6,6,-7,12,-6,8,-8,6,-3,12,-7,9,-7,8,-9,6,-6,5,-9,11,-3,8,-9,12,-3,10,-8,11,-6,11,-8,13,-10,8,-10,9,-10,10,-8,9,-12,8,-11,7,0,0,0,0,0,0,0,0,0,0,0,0,0,0,0,0,0,0,0,0,0,0,-23,38,-27,34,-31,36,-37,32,-42,31,-49,29,-49,27,-53,25,-61,23,-62,16,-68,17,-73,10,-73,7,-77,1,-80,-4,-76,-13,-83,-19,-78,-18,-81,-26,-82,-35,-77,-38,-74,-42,-70,-46,-70,-54,-64,-61,-65,-59,-61,-69,-58,-65,-51,-65,-49,-72,-45,-68,-43,-77,-40,-72,-33,-74,-31,-72,-29,-73,-26,-67,-23,-69,-18,-70,-20,-69,-13,-68,-13,-64,-14,-65,-14,-63,-10,-67,-9,-60,-6,-60,-3,-58,-4,-58,1,-54,2,-54,2,-53,4,-52,5,-51,3,-49,3,-49,6,-46,0,0]"
CSI_DATA,348,1a:00:00:00:00:00,-55,11,1,0,1,1,1,0,0,0,1,-96,0,11,2,4703859,0,44,0,384,0,"[0,0,0,0,0,0,0,0,0,0,0,0,4,-4,4,-4,3,-4,3,-3,3,-3,3,-3,3,-3,2,-3,2,-3,2,-2,2,-2,1,-2,1,-2,1,-1,0,-2,0,-2,0,-2,0,-2,-1,-1,0,-2,-1,-2,-1,-2,-1,-2,-1,-2,-1,-2,-1,-2,0,0,-1,-2,-2,-2,-2,-2,-1,-2,-2,-2,-2,-2,-2,-2,-2,-3,-1,-2,-1,-2,-1,-2,-2,-2,-2,-2,-2,-2,-1,-2,-1,-2,-2,-3,-1,-2,-1,-2,-2,-2,-1,-3,-2,-3,-2,-3,-1,-3,-1,-3,-1,-3,0,0,0,0,0,0,0,0,0,0,0,0,0,0,15,-10,16,-9,14,-9,14,-9,14,-8,13,-6,13,-6,10,-5,10,-3,8,-6,8,-6,9,-6,7,-5,8,-4,5,-5,6,-5,3,-3,4,-2,2,-2,2,-4,1,-4,2,-4,1,-4,2,-3,-1,-4,0,-6,-2,-5,-2,-4,-3,-4,-3,-7,-4,-4,-5,-5,-3,-5,-2,-7,-3,-7,-4,-5,-3,-6,-2,-4,-4,-7,0,-7,-3,-7,-3,-7,-4,-4,-4,-4,-3,-6,-4,-5,-3,-6,-4,-5,-2,-6,-3,-6,-4,-7,-1,-7,-3,-8,-3,-7,-4,-8,-4,-7,0,-7,0,0,0,0,0,0,0,0,0,0,0,0,0,0,0,0,0,0,0,0,0,0,5,-22,7,-23,10,-23,14,-22,14,-23,17,-21,19,-23,21,-19,24,-21,26,-18,28,-19,30,-18,34,-18,35,-15,37,-12,37,-10,39,-10,41,-6,39,-3,42,2,41,1,45,2,43,7,41,9,41,12,41,12,42,14,39,16,39,18,38,18,36,21,34,22,33,25,31,25,31,23,29,23,30,24,27,22,24,23,25,24,23,24,25,22,23,23,23,23,20,22,21,24,17,24,18,23,17,24,15,22,14,23,16,21,14,22,13,21,14,21,13,18,11,18,0,0]"
CSI_DATA,349,1a:00:00:00:00:00,-55,11,1,0,1,1,1,0,0,0,1,-96,0,11,2,4713853,0,44,0,384,0,"[0,0,0,0,0,0,0,0,0,0,0,0,-2,5,-2,5,-1,4,-2,4,-2,3,-2,4,-2,3,-1,3,-1,2,-1,2,-2,2,-1,2,0,1,0,1,0,1,-1,1,-1,1,-1,0,0,1,1,0,1,0,1,1,1,0,1,0,1,0,1,0,0,0,1,0,1,0,1,1,1,0,2,1,1,1,2,1,2,1,1,0,1,0,1,0,1,1,1,1,1,1,1,0,1,0,1,1,1,0,1,0,1,0,2,1,1,1,1,1,1,1,1,1,1,2,0,0,0,0,0,0,0,0,0,0,0,0,0,0,-12,37,-13,30,-11,34,-13,32,-14,26,-14,27,-12,23,-15,23,-10,20,-8,20,-11,17,-8,17,-6,18,-6,11,-7,13,-8,14,-2,8,-5,7,-5,9,0,9,0,8,1,6,-1,7,2,1,2,5,2,5,4,8,6,4,8,4,3,8,6,9,7,6,7,6,5,3,9,6,11,8,7,7,10,6,12,6,5,7,9,5,9,8,10,4,9,7,8,6,8,3,8,7,10,7,10,6,5,7,7,7,10,10,10,7,6,10,11,13,4,13,5,9,0,0,0,0,0,0,0,0,0,0,0,0,0,0,0,0,0,0,0,0,0,0,32,24,31,29,30,36,28,43,26,47,20,47,20,52,17,57,15,60,13,61,5,69,2,70,-2,73,-8,74,-15,75,-23,74,-28,77,-30,72,-36,73,-40,73,-47,68,-55,70,-55,64,-63,59,-65,59,-67,57,-74,51,-75,47,-75,38,-78,40,-72,32,-80,32,-75,27,-75,23,-77,23,-74,18,-70,18,-72,14,-72,14,-75,7,-73,7,-67,7,-65,1,-69,2,-65,-1,-59,-5,-57,-3,-60,0,-58,-6,-53,-6,-53,-8,-52,-14,-51,-10,-46,-12,-49,-15,-48,-10,-38,-12,0,0]"
CSI_DATA,350,1a:00:00:00:00:00,-55,11,1,0,1,1,1,0,0,0,1,-96,0,11,2,4744712,0,44,0,384,0,"[0,0,0,0,0,0,0,0,0,0,0,0,5,-2,4,-3,4,-2,4,-2,4,-1,3,-1,3,-2,3,-2,2,-1,2,-1,2,-2,1,-1,1,-1,1,-1,1,-1,1,-2,0,-2,0,-2,0,-1,0,-1,-1,-1,0,-1,0,-2,0,-2,-1,-2,-1,-2,0,0,-1,-3,-1,-2,-1,-2,-1,-3,-1,-2,-1,-2,-1,-3,-1,-2,0,-2,0,-3,0,-2,-1,-2,-1,-3,-1,-2,0,-2,0,-2,-1,-2,-1,-2,-1,-3,0,-3,0,-3,0,-3,0,-3,0,-3,0,-3,0,-3,0,0,0,0,0,0,0,0,0,0,0,0,0,0,19,-9,17,-10,16,-11,16,-8,14,-7,13,-6,12,-6,13,-7,11,-6,11,-5,10,-4,7,-4,8,-3,8,-5,7,-3,4,-3,4,-4,4,-3,4,-3,3,-3,2,-4,0,-3,2,-4,1,-4,1,-3,1,-7,-2,-6,-2,-5,-1,-5,-3,-6,-3,-7,-3,-7,-2,-5,-3,-7,-2,-6,-2,-6,-1,-4,0,-4,-1,-7,-2,-7,-2,-8,-2,-7,-2,-6,-2,-5,0,-4,-1,-6,-2,-6,-2,-6,-2,-9,-3,-7,-1,-8,-1,-6,-1,-6,-1,-8,1,-7,0,-8,3,-8,0,0,0,0,0,0,0,0,0,0,0,0,0,0,0,0,0,0,0,0,0,0,-4,-22,-4,-24,0,-26,2,-27,6,-28,6,-27,10,-29,13,-28,15,-29,16,-27,21,-31,23,-30,25,-28,27,-28,32,-24,34,-22,38,-23,39,-20,38,-19,42,-16,43,-11,44,-10,44,-8,45,-5,46,-2,45,0,44,2,43,6,42,8,43,11,39,13,41,14,38,16,38,16,36,17,35,16,33,18,34,18,31,19,31,18,29,21,28,18,27,21,26,20,26,21,22,19,23,21,21,20,23,19,20,22,18,20,17,20,17,20,16,20,15,21,13,20,14,19,0,0]"
CSI_DATA,351,1a:00:00:00:00:00,-55,11,1,0,1,1,1,0,0,0,1,-96,0,11,2,4765148,0,44,0,384,0,"[0,0,0,0,0,0,0,0,0,0,0,0,4,2,4,2,4,2,3,2,3,2,2,1,2,1,2,1,2,1,2,1,1,0,1,0,1,1,1,0,1,0,1,-1,1,-1,0,-1,1,0,0,-1,1,-1,0,-1,1,-2,0,-1,1,-1,1,-2,0,0,1,-2,1,-2,0,-2,1,-2,1,-1,1,-2,1,-2,0,-2,1,-2,1,-2,1,-2,1,-2,0,-2,0,-2,1,-2,1,-2,1,-2,1,-2,1,-2,1,-2,1,-2,1,-2,1,-2,2,-2,2,-2,2,-1,0,0,0,0,0,0,0,0,0,0,0,0,0,0,30,20,29,22,31,16,26,16,21,13,23,19,26,15,21,12,14,13,16,13,17,11,16,11,10,8,13,9,12,5,11,5,10,4,6,4,9,3,5,3,3,-2,6,-1,7,-3,7,0,6,-1,4,-8,7,-4,4,-3,8,-8,5,-8,8,-8,4,-7,5,-10,9,-7,6,-8,11,-6,7,-8,12,-9,8,-9,8,-9,7,-12,5,-9,6,-6,8,-5,9,-9,7,-7,10,-11,9,-9,6,-8,7,-10,9,-9,10,-9,12,-9,10,-4,12,-6,11,-6,17,-7,0,0,0,0,0,0,0,0,0,0,0,0,0,0,0,0,0,0,0,0,0,0,32,-24,40,-22,41,-19,50,-14,47,-10,53,-9,54,-1,55,2,61,4,61,6,63,13,63,19,66,23,68,29,70,35,61,41,67,48,64,44,60,56,57,60,50,66,52,70,45,69,44,73,43,76,36,76,27,76,25,84,20,78,18,77,14,75,11,79,7,76,3,72,2,77,-2,75,-1,69,-6,68,-5,68,-7,64,-9,69,-9,63,-11,66,-13,62,-16,58,-15,58,-15,55,-15,54,-17,50,-19,51,-17,51,-18,48,-21,48,-15,44,-19,42,-16,42,-17,38,0,0]"
CSI_DATA,352,1a:00:00:00:00:00,-55,11,1,0,1,1,1,0,0,0,1,-96,0,11,2,4777020,0,44,0,384,0,"[0,0,0,0,0,0,0,0,0,0,0,0,3,3,3,3,3,3,3,3,2,2,2,2,2,2,1,2,1,2,1,2,1,1,1,1,1,1,1,1,1,0,1,0,0,0,0,-1,1,0,1,0,1,-1,1,-1,0,-1,1,-1,1,-1,1,-2,0,0,1,-2,1,-1,1,-1,1,-2,1,-1,1,-1,1,-2,1,-2,1,-2,2,-2,1,-2,1,-1,1,-1,1,-2,1,-2,1,-2,1,-2,1,-2,1,-2,1,-2,1,-2,1,-1,1,-1,2,-1,2,-1,2,-1,0,0,0,0,0,0,0,0,0,0,0,0,0,0,33,17,32,19,30,18,24,21,22,18,25,17,19,17,18,13,19,13,16,14,13,14,15,13,14,11,12,7,12,7,11,9,11,4,8,4,10,1,7,3,8,3,3,-1,8,-5,7,-1,5,-6,6,-1,5,-5,7,-7,5,-8,9,-8,3,-4,5,-7,9,-8,8,-7,5,-8,13,-9,10,-8,10,-7,10,-8,8,-8,7,-7,6,-8,10,-8,10,-6,7,-7,6,-6,11,-9,8,-8,7,-8,9,-8,8,-8,8,-8,10,-5,10,-9,12,-3,12,-3,14,-6,0,0,0,0,0,0,0,0,0,0,0,0,0,0,0,0,0,0,0,0,0,0,30,-29,39,-29,40,-25,49,-22,47,-20,56,-17,53,-15,59,-12,64,-5,60,1,67,5,70,11,70,14,74,22,78,28,65,33,73,38,68,41,67,48,66,57,61,53,63,68,55,64,52,71,46,73,42,76,38,77,36,82,29,79,24,83,20,80,15,81,12,78,9,79,6,75,6,74,4,72,1,72,-4,69,0,68,-6,72,-6,68,-9,67,-10,66,-14,62,-12,61,-13,62,-15,57,-14,53,-14,50,-19,51,-16,48,-19,48,-18,42,-18,44,-15,43,-19,41,0,0]"
CSI_DATA,353,1a:00:00:00:00:00,-55,11,1,0,1,1,1,0,0,0,1,-96,0,11,2,4783848,0,44,0,384,0,"[0,0,0,0,0,0,0,0,0,0,0,0,0,5,-1,5,0,4,-1,4,0,4,-1,4,0,3,-1,3,-1,2,0,2,-1,2,0,2,0,1,0,1,0,1,0,1,0,0,0,0,0,0,1,0,1,0,1,0,1,-1,1,0,2,0,1,-1,0,0,1,-1,2,0,2,0,1,-1,2,0,2,0,2,0,2,0,2,-1,1,-1,2,-1,1,0,1,0,2,0,1,-1,2,-1,1,0,1,-1,2,-1,2,0,2,-1,2,0,2,0,2,0,2,0,2,0,0,0,0,0,0,0,0,0,0,0,0,0,0,0,-1,39,-4,35,0,35,-2,31,1,33,-3,27,-4,24,-1,24,-4,25,-6,25,-3,21,-1,17,-1,22,0,15,2,13,1,14,-1,9,2,7,2,7,3,5,5,3,0,3,7,3,3,-1,8,2,5,-1,7,1,10,-3,10,-1,7,-3,6,0,11,-5,12,-2,10,-6,10,-5,10,-7,15,-7,13,-3,13,-3,9,0,12,-6,9,3,9,-4,12,-5,11,-3,10,-5,9,-4,14,-4,9,-2,11,-7,10,-4,10,-3,15,-5,13,-6,14,-1,14,-3,15,-2,0,0,0,0,0,0,0,0,0,0,0,0,0,0,0,0,0,0,0,0,0,0,13,42,10,45,6,48,4,54,-3,55,-8,54,-9,57,-14,59,-17,62,-20,62,-26,65,-30,64,-35,67,-39,67,-48,63,-47,63,-53,61,-56,64,-59,59,-68,55,-68,50,-76,54,-78,43,-81,45,-82,42,-83,35,-81,35,-85,30,-83,28,-82,25,-83,20,-81,19,-78,20,-80,19,-78,15,-77,14,-76,13,-77,7,-71,6,-69,10,-75,6,-69,6,-71,7,-72,5,-67,2,-57,7,-58,-2,-61,5,-54,1,-58,-1,-56,1,-54,-1,-49,-3,-52,-3,-46,-2,-46,0,-47,-1,0,0]"
CSI_DATA,354,1a:00:00:00:00:00,-55,11,1,0,1,1,1,0,0,0,1,-96,0,11,2,4796555,0,44,0,384,0,"[0,0,0,0,0,0,0,0,0,0,0,0,-5,-3,-5,-3,-5,-3,-4,-3,-4,-3,-3,-2,-3,-2,-3,-2,-3,-2,-3,-2,-3,-2,-2,-1,-3,-1,-2,-1,-2,-1,-2,-1,-2,0,-1,0,-2,0,-2,0,-2,0,-2,0,-1,1,-1,1,-2,0,-1,1,0,0,-1,2,-1,1,-1,1,-1,2,-2,1,-2,1,-2,1,-1,1,-2,2,-2,1,-2,2,-1,1,-1,1,-1,1,-2,2,-1,1,-1,1,-1,1,-1,2,-2,2,-2,2,-1,1,-2,1,-2,2,-2,1,-3,1,0,0,0,0,0,0,0,0,0,0,0,0,0,0,-30,-19,-31,-22,-29,-15,-28,-20,-28,-19,-24,-15,-25,-15,-20,-15,-19,-17,-17,-16,-15,-14,-16,-11,-13,-13,-16,-8,-10,-7,-11,-7,-13,-3,-10,-3,-11,-4,-8,-1,-6,1,-8,1,-8,4,-8,3,-5,5,-7,2,-5,5,-7,6,-6,6,-5,7,-8,9,-6,11,-6,11,-9,8,-6,8,-6,9,-10,10,-12,8,-7,5,-8,9,-6,9,-8,6,-7,9,-6,8,-7,9,-3,8,-4,10,-6,8,-8,8,-8,11,-7,11,-8,13,-7,13,-10,11,-12,11,-9,11,-12,8,0,0,0,0,0,0,0,0,0,0,0,0,0,0,0,0,0,0,0,0,0,0,-41,10,-46,8,-50,2,-51,-1,-55,-7,-52,-13,-56,-14,-58,-17,-60,-23,-62,-28,-59,-33,-65,-32,-64,-39,-60,-47,-57,-54,-56,-58,-55,-58,-51,-67,-45,-68,-42,-74,-41,-78,-37,-82,-32,-78,-29,-83,-22,-84,-26,-87,-16,-88,-9,-85,-6,-87,0,-84,0,-82,1,-82,3,-84,8,-81,9,-75,9,-75,12,-72,11,-73,14,-69,13,-71,18,-70,16,-67,21,-65,19,-66,18,-56,20,-63,21,-59,20,-54,19,-53,20,-52,23,-50,19,-52,23,-46,22,-45,17,-43,20,-40,21,-37,0,0]"
CSI_DATA,355,1a:00:00:00:00:00,-55,11,1,0,1,1,1,0,0,0,1,-96,0,11,2,4804734,0,44,0,384,0,"[0,0,0,0,0,0,0,0,0,0,0,0,-3,-5,-3,-5,-3,-4,-2,-5,-2,-4,-2,-4,-2,-4,-2,-3,-1,-3,-2,-3,-1,-2,-1,-2,-2,-2,-1,-2,-2,-2,-1,-1,-1,-1,-2,-1,-2,-1,-2,-1,-2,-1,-2,-1,-2,0,-2,-1,-2,0,-2,0,0,0,-2,1,-2,0,-2,0,-2,0,-2,0,-3,0,-2,0,-2,0,-2,0,-3,0,-2,0,-2,0,-2,0,-2,0,-2,0,-3,0,-2,0,-3,0,-3,0,-3,0,-3,0,-2,0,-3,0,-3,0,-3,-1,-3,-1,0,0,0,0,0,0,0,0,0,0,0,0,0,0,-18,-33,-18,-35,-19,-30,-15,-30,-14,-31,-15,-26,-10,-23,-10,-22,-8,-22,-10,-21,-8,-19,-10,-19,-8,-19,-10,-16,-8,-15,-9,-11,-7,-9,-5,-8,-7,-7,-7,-6,-5,-6,-7,-7,-8,-2,-10,-2,-10,-2,-11,2,-5,-3,-13,-1,-10,3,-10,0,-9,3,-9,5,-12,0,-11,1,-14,5,-14,3,-13,3,-10,2,-14,1,-12,4,-13,3,-13,2,-11,1,-11,3,-11,1,-9,5,-8,3,-12,2,-11,4,-11,1,-12,4,-17,2,-15,0,-16,-1,-13,-1,-17,1,-16,-7,0,0,0,0,0,0,0,0,0,0,0,0,0,0,0,0,0,0,0,0,0,0,-44,3,-48,-1,-49,-7,-49,-12,-54,-15,-53,-19,-52,-22,-53,-30,-55,-33,-54,-37,-50,-48,-50,-53,-49,-58,-45,-62,-43,-66,-42,-71,-38,-74,-31,-78,-29,-76,-22,-79,-17,-86,-13,-91,-7,-89,-1,-89,6,-88,8,-89,17,-84,14,-84,23,-82,22,-82,29,-77,30,-78,34,-70,32,-69,34,-72,38,-65,40,-64,40,-65,41,-59,38,-58,42,-55,38,-56,41,-53,44,-55,39,-46,47,-41,43,-42,42,-41,40,-39,44,-37,40,-37,41,-35,44,-31,41,-32,36,-31,37,-27,39,-25,0,0]"
CSI_DATA,356,1a:00:00:00:00:00,-55,11,1,0,1,1,1,0,0,0,1,-96,0,11,2,4824279,0,44,0,384,0,"[0,0,0,0,0,0,0,0,0,0,0,0,2,4,2,4,2,3,2,4,1,3,1,3,1,2,1,2,1,2,1,2,1,2,0,1,1,1,1,1,1,0,0,0,1,0,0,0,1,0,1,0,1,0,1,0,1,-1,1,-1,1,-1,1,-1,0,0,1,-1,1,-1,1,-1,1,-2,1,-1,1,-1,1,-1,1,-1,1,-1,1,-2,1,-2,1,-1,1,-1,1,-1,1,-2,1,-2,1,-1,1,-1,2,-2,2,-1,2,-1,2,-1,2,-1,2,-1,2,-1,2,-1,0,0,0,0,0,0,0,0,0,0,0,0,0,0,12,36,9,32,7,35,3,33,2,33,6,27,6,23,1,25,5,23,1,22,1,19,0,18,0,17,2,12,3,13,1,14,3,9,2,10,4,6,2,5,2,4,2,5,9,5,6,0,7,0,6,2,6,5,10,1,8,1,4,1,5,1,6,7,8,3,12,4,9,1,10,1,11,7,11,5,11,5,12,5,11,6,11,4,7,4,11,3,12,8,11,2,8,3,11,6,13,4,8,5,10,6,11,5,12,10,13,12,9,8,12,8,8,11,0,0,0,0,0,0,0,0,0,0,0,0,0,0,0,0,0,0,0,0,0,0,32,-32,36,-29,39,-24,45,-20,51,-17,53,-15,54,-8,60,-3,63,3,65,5,66,10,65,16,72,21,70,29,68,38,66,45,67,49,61,54,58,57,51,65,49,73,45,79,38,79,35,79,27,80,26,86,17,85,9,86,2,84,-1,82,-7,81,-11,82,-15,76,-17,75,-20,74,-22,73,-26,69,-25,67,-28,62,-31,63,-36,56,-38,57,-37,56,-38,53,-40,49,-43,45,-40,43,-41,41,-42,40,-42,39,-42,33,-40,33,-44,30,-39,26,-38,23,-39,23,-38,22,0,0]"
CSI_DATA,357,1a:00:00:00:00:00,-55,11,1,0,1,1,1,0,0,0,1,-96,0,11,2,4843843,0,44,0,384,0,"[0,0,0,0,0,0,0,0,0,0,0,0,2,-6,1,-5,1,-5,1,-4,1,-4,1,-4,1,-3,1,-3,1,-3,1,-3,1,-2,0,-2,0,-2,0,-2,0,-2,0,-2,0,-2,-1,-2,-1,-2,-1,-2,-2,-2,-2,-2,-1,-1,-2,-2,-2,-2,-1,-2,0,0,-1,-1,-2,-2,-2,-2,-2,-2,-2,-2,-2,-2,-2,-2,-2,-2,-2,-2,-2,-2,-2,-2,-1,-2,-2,-2,-2,-2,-2,-2,-2,-2,-2,-2,-2,-2,-2,-2,-1,-2,-2,-2,-2,-3,-1,-3,-1,-3,-1,-3,-1,-3,0,0,0,0,0,0,0,0,0,0,0,0,0,0,15,-33,16,-35,14,-34,13,-33,9,-28,10,-28,12,-23,14,-22,14,-20,4,-15,7,-20,7,-17,3,-16,4,-16,5,-14,6,-13,3,-12,0,-9,5,-8,0,-10,-2,-8,-4,-10,-6,-1,-6,-6,-5,-3,-7,-5,-12,-10,-9,-5,-8,-6,-6,-6,-10,-6,-9,-5,-12,-4,-12,-5,-8,-6,-11,-5,-12,-7,-13,-4,-13,-7,-10,-6,-12,-6,-11,-6,-9,-3,-12,-3,-16,-2,-12,-5,-14,-1,-13,1,-11,-6,-13,-3,-9,-8,-11,-7,-11,-6,-13,-7,-14,-10,-11,-10,-9,-10,0,0,0,0,0,0,0,0,0,0,0,0,0,0,0,0,0,0,0,0,0,0,-16,-39,-15,-44,-9,-43,-7,-54,-4,-53,1,-55,3,-55,8,-61,12,-64,18,-64,24,-64,29,-63,35,-67,37,-67,45,-65,48,-63,55,-65,60,-59,62,-57,63,-54,68,-51,71,-54,74,-43,84,-38,85,-31,82,-32,83,-20,84,-20,84,-19,84,-19,78,-13,83,-9,79,-8,80,-6,79,-3,77,-4,75,1,74,0,74,9,72,7,67,8,69,5,68,10,64,11,65,13,58,11,59,15,59,10,54,15,55,16,49,12,49,15,49,16,45,15,49,16,41,15,40,17,0,0]"
CSI_DATA,358,1a:00:00:00:00:00,-55,11,1,0,1,1,1,0,0,0,1,-96,0,11,2,4857806,0,44,0,384,0,"[0,0,0,0,0,0,0,0,0,0,0,0,-5,-3,-4,-3,-5,-3,-4,-3,-4,-3,-3,-2,-3,-2,-3,-2,-3,-2,-3,-2,-2,-2,-2,-1,-3,-1,-3,-1,-2,-1,-2,0,-2,0,-1,0,-2,0,-1,0,-2,0,-2,0,-2,1,-2,0,-2,0,-1,1,0,0,-2,2,-2,1,-2,1,-2,1,-2,1,-2,1,-2,1,-2,1,-2,2,-2,2,-2,1,-1,1,-1,1,-1,1,-2,1,-2,1,-1,1,-1,1,-2,1,-2,1,-2,1,-2,2,-2,1,-2,1,-3,1,-3,1,0,0,0,0,0,0,0,0,0,0,0,0,0,0,-33,-26,-25,-19,-31,-19,-26,-22,-24,-24,-25,-21,-20,-17,-18,-17,-19,-14,-13,-17,-14,-16,-11,-13,-12,-15,-13,-9,-9,-10,-8,-11,-11,-8,-12,-6,-10,-4,-7,-4,-6,0,-6,-3,-10,3,-9,1,-10,3,-9,-1,-8,6,-9,3,-12,4,-4,4,-6,4,-8,5,-8,8,-13,6,-9,6,-11,7,-14,7,-10,4,-9,5,-11,4,-8,6,-7,4,-9,6,-10,3,-9,7,-7,3,-9,8,-10,0,-9,3,-11,8,-13,5,-12,4,-14,1,-11,0,-15,3,-14,1,-15,2,0,0,0,0,0,0,0,0,0,0,0,0,0,0,0,0,0,0,0,0,0,0,-32,29,-38,27,-41,21,-47,20,-49,14,-53,14,-54,9,-58,7,-64,3,-63,-3,-71,-9,-71,-14,-73,-16,-77,-24,-74,-33,-67,-37,-75,-48,-65,-47,-66,-52,-61,-61,-59,-66,-58,-69,-51,-67,-50,-72,-38,-76,-41,-80,-33,-82,-28,-87,-20,-81,-22,-88,-15,-77,-14,-84,-6,-82,-3,-80,1,-79,1,-76,3,-73,7,-73,6,-70,6,-76,15,-69,14,-66,15,-67,12,-62,15,-61,19,-62,21,-55,22,-54,22,-57,21,-49,24,-47,23,-49,25,-50,26,-38,24,-44,24,-41,22,-40,0,0]"
CSI_DATA,359,1a:00:00:00:00:00,-55,11,1,0,1,1,1,0,0,0,1,-96,0,11,2,4864533,0,44,0,384,0,"[0,0,0,0,0,0,0,0,0,0,0,0,1,4,1,4,1,4,1,3,1,3,0,3,1,3,0,2,1,2,1,2,0,2,0,1,1,1,1,1,1,0,0,0,0,0,0,0,1,0,1,0,1,0,1,-1,1,-1,1,-1,1,-1,1,-1,0,0,1,-2,1,-1,1,-1,1,-2,2,-1,2,-1,1,-1,1,-1,1,-2,1,-1,1,-1,1,-1,1,-1,1,-1,2,-2,1,-2,1,-1,1,-2,2,-2,2,-2,2,-1,1,-1,2,-1,2,-1,2,-1,2,0,0,0,0,0,0,0,0,0,0,0,0,0,0,0,16,33,19,32,20,25,16,28,17,27,17,30,12,23,11,20,11,19,11,19,8,14,8,18,11,11,5,9,7,6,9,11,7,8,8,6,4,4,5,0,9,2,6,-1,9,0,5,-4,7,-5,9,-3,6,-4,6,-4,6,-8,7,-4,6,-8,6,-13,8,-12,10,-9,10,-6,9,-13,8,-8,5,-10,10,-11,9,-7,8,-8,4,-6,5,-9,8,-12,9,-9,3,-7,8,-9,8,-11,9,-11,2,-9,8,-12,6,-11,11,-12,10,-9,9,-11,9,-11,11,-10,0,0,0,0,0,0,0,0,0,0,0,0,0,0,0,0,0,0,0,0,0,0,38,23,36,31,34,33,37,38,34,43,29,44,30,49,28,53,23,59,25,58,21,61,16,67,17,71,10,76,7,77,1,74,-3,80,-9,83,-13,83,-16,81,-20,81,-27,86,-28,82,-32,82,-39,82,-38,80,-45,74,-47,76,-45,69,-52,71,-46,62,-49,65,-52,63,-52,61,-53,59,-53,55,-51,55,-48,51,-52,55,-51,50,-53,51,-47,45,-52,43,-51,44,-50,41,-52,41,-46,38,-42,39,-45,36,-40,38,-43,32,-45,35,-44,33,-38,29,-40,28,-37,27,-36,28,0,0]"
CSI_DATA,360,1a:00:00:00:00:00,-55,11,1,0,1,1,1,0,0,0,1,-96,0,11,2,4873857,0,44,0,384,0,"[0,0,0,0,0,0,0,0,0,0,0,0,1,4,1,4,1,4,1,4,1,3,1,3,1,2,0,2,0,2,0,2,0,1,0,1,0,1,0,1,0,1,0,0,0,0,0,0,1,0,1,0,1,0,1,0,1,-1,1,-1,1,-1,1,-1,0,0,1,-1,1,0,1,-1,1,-1,1,-1,1,-1,1,-1,1,-1,2,-1,1,-1,2,-1,1,-1,1,-1,1,-1,1,-1,2,-1,1,-1,2,-1,2,-1,2,-1,2,-1,1,-1,2,-1,2,0,2,0,2,0,0,0,0,0,0,0,0,0,0,0,0,0,0,0,6,36,3,38,11,30,4,32,7,32,6,31,5,26,0,21,3,21,4,21,3,23,3,17,3,18,1,14,3,10,4,12,2,10,3,6,5,6,3,11,3,6,6,6,8,2,6,0,9,3,5,1,6,-1,10,-1,8,-2,4,-3,10,0,9,1,11,-2,13,-1,11,-1,11,-1,13,3,12,-1,14,0,12,-2,10,2,12,0,12,-1,12,1,10,2,11,-1,11,-3,10,2,11,0,12,-1,12,0,15,-1,12,0,10,1,12,2,13,3,12,4,0,0,0,0,0,0,0,0,0,0,0,0,0,0,0,0,0,0,0,0,0,0,43,7,39,13,41,18,47,25,46,30,39,33,40,39,42,44,37,49,36,53,34,56,32,62,31,70,28,72,16,73,17,76,14,79,4,83,3,82,-4,86,-11,83,-17,88,-17,84,-20,83,-33,82,-30,83,-37,80,-42,78,-44,75,-47,73,-50,65,-47,62,-56,59,-52,53,-57,48,-55,51,-55,51,-55,48,-54,47,-53,46,-55,40,-58,40,-57,38,-57,39,-54,33,-60,26,-53,27,-48,27,-52,25,-50,23,-51,21,-48,23,-48,16,-45,17,-44,19,-46,16,-46,12,0,0]"
CSI_DATA,361,1a:00:00:00:00:00,-55,11,1,0,1,1,1,0,0,0,1,-96,0,11,2,4883837,0,44,0,384,0,"[0,0,0,0,0,0,0,0,0,0,0,0,-6,0,-6,0,-5,0,-5,-1,-5,-1,-4,0,-4,0,-4,0,-4,0,-3,0,-3,0,-3,0,-3,-1,-2,0,-2,0,-2,0,-1,1,-2,0,-1,0,-1,0,-1,0,0,0,-1,1,-1,1,0,1,-1,2,0,0,-1,2,0,1,0,1,-1,2,0,1,0,2,0,1,0,1,-1,2,-1,2,-1,1,0,2,0,2,0,1,-1,2,-1,1,0,2,-1,1,-1,1,-1,1,-1,2,-1,2,-1,2,-1,2,-2,2,-2,2,0,0,0,0,0,0,0,0,0,0,0,0,0,0,-43,0,-39,2,-34,4,-38,0,-33,3,-30,0,-22,-1,-26,1,-24,2,-23,4,-22,4,-19,-1,-18,-1,-16,1,-14,2,-10,3,-10,6,-8,6,-11,0,-2,4,-2,3,-3,4,-4,5,-5,5,-3,4,0,9,4,7,-3,10,-3,9,4,9,1,10,6,12,0,11,-2,8,6,12,-1,10,2,10,4,12,-4,9,2,17,1,10,3,12,4,7,5,11,0,9,3,8,3,12,4,9,4,8,6,12,6,13,3,14,3,10,5,11,1,12,0,16,-3,13,0,0,0,0,0,0,0,0,0,0,0,0,0,0,0,0,0,0,0,0,0,0,-36,28,-38,26,-41,18,-46,21,-54,15,-55,11,-52,10,-56,8,-66,5,-65,-3,-67,-4,-71,-8,-74,-12,-76,-16,-74,-23,-75,-28,-77,-33,-77,-37,-75,-39,-74,-47,-67,-48,-73,-55,-68,-57,-62,-63,-61,-66,-57,-66,-53,-69,-52,-69,-48,-75,-47,-75,-41,-73,-39,-73,-35,-76,-37,-69,-33,-71,-33,-71,-28,-69,-28,-71,-28,-69,-23,-68,-21,-69,-22,-66,-20,-64,-22,-66,-15,-64,-21,-57,-18,-60,-18,-55,-17,-55,-12,-52,-8,-53,-13,-52,-10,-51,-7,-47,-8,-49,-8,-46,-12,-48,0,0]"
CSI_DATA,362,1a:00:00:00:00:00,-55,11,1,0,1,1,1,0,0,0,1,-96,0,11,2,4894875,0,44,0,384,0,"[0,0,0,0,0,0,0,0,0,0,0,0,1,5,1,5,1,4,1,4,0,3,0,3,0,3,0,3,0,3,0,2,0,2,0,2,1,1,0,1,0,1,0,0,0,0,0,0,1,0,1,0,1,0,1,0,1,-1,1,0,1,-1,1,-1,0,0,1,-1,2,0,2,-1,1,-1,2,0,2,-1,2,-1,2,0,1,-1,1,-1,1,-1,1,0,1,0,1,-1,2,-1,2,-1,2,-1,2,-1,2,-1,2,-1,2,-1,2,0,2,0,2,0,2,0,2,0,0,0,0,0,0,0,0,0,0,0,0,0,0,0,11,39,5,38,8,35,4,32,5,33,9,31,5,28,2,23,2,23,1,23,3,26,3,17,3,14,2,15,-2,10,3,14,2,10,0,6,-1,7,5,7,2,9,6,6,5,4,7,2,7,0,6,2,9,2,8,1,10,0,9,5,10,3,10,1,10,-2,12,-2,10,-1,14,1,14,-1,14,-1,11,2,11,3,9,1,14,0,9,3,11,-2,9,-3,12,0,9,0,14,1,12,-2,12,2,12,3,13,1,15,2,13,3,11,7,14,5,15,6,0,0,0,0,0,0,0,0,0,0,0,0,0,0,0,0,0,0,0,0,0,0,44,-3,48,5,51,6,51,9,51,18,51,23,53,28,52,33,53,37,48,42,51,51,50,52,52,57,41,62,37,71,36,72,33,80,25,80,21,86,14,89,9,89,3,90,-2,88,-8,92,-12,91,-16,90,-22,88,-28,83,-34,81,-35,79,-37,74,-42,77,-45,70,-47,68,-48,67,-49,62,-46,61,-44,60,-49,55,-50,54,-54,52,-52,47,-53,45,-51,44,-52,42,-56,33,-54,35,-50,31,-52,32,-45,27,-46,24,-45,27,-49,24,-46,19,-46,19,-45,21,-43,17,0,0]"
CSI_DATA,363,1a:00:00:00:00:00,-55,11,1,0,1,1,1,0,0,0,1,-96,0,11,2,4903973,0,44,0,384,0,"[0,0,0,0,0,0,0,0,0,0,0,0,5,0,4,0,4,0,4,0,4,0,3,0,3,-1,2,-1,2,-1,2,0,2,-1,2,-1,2,0,1,0,1,0,1,-1,1,-1,0,-1,0,-1,0,-1,0,-1,0,-2,0,-2,0,-1,0,-2,-1,-2,0,0,0,-3,-1,-2,-1,-2,0,-3,-1,-2,-1,-2,-1,-2,-1,-2,0,-3,0,-3,0,-3,-1,-2,-1,-2,-1,-2,0,-3,0,-2,-1,-2,-1,-2,-1,-2,0,-2,-1,-3,-1,-3,0,-3,0,-3,0,-3,0,-3,0,0,0,0,0,0,0,0,0,0,0,0,0,0,35,-7,37,-2,32,-8,32,-7,29,-7,26,-7,26,-1,27,-3,22,-4,20,-4,21,-1,18,-3,16,-5,16,-4,10,-5,13,-4,10,-3,12,-6,9,-9,7,-6,3,-9,4,-8,-1,-9,3,-8,4,-7,0,-6,-1,-10,0,-11,0,-7,-4,-11,-4,-10,-2,-8,-2,-10,1,-13,0,-13,-1,-10,0,-12,-1,-12,0,-14,-4,-12,-3,-16,-1,-12,0,-11,-2,-12,-1,-11,-1,-13,-2,-12,-3,-12,-3,-12,-1,-13,-2,-12,-5,-14,-3,-14,-1,-12,0,-11,0,-16,4,-14,0,0,0,0,0,0,0,0,0,0,0,0,0,0,0,0,0,0,0,0,0,0,18,-39,23,-39,26,-41,32,-38,40,-42,41,-32,48,-34,47,-31,54,-30,59,-29,65,-23,67,-20,72,-19,74,-16,78,-7,78,-3,77,2,86,7,81,11,79,22,81,22,84,30,83,34,79,36,76,41,79,47,71,50,73,51,66,57,60,54,57,58,54,56,53,64,51,58,50,61,50,61,46,59,43,59,41,61,37,60,33,61,36,56,27,57,32,60,26,55,23,53,22,55,22,54,23,55,21,52,19,52,18,48,15,48,15,47,18,44,12,43,10,41,0,0]"
CSI_DATA,364,1a:00:00:00:00:00,-55,11,1,0,1,1,1,0,0,0,1,-96,0,11,2,4917884,0,44,0,384,0,"[0,0,0,0,0,0,0,0,0,0,0,0,-5,-1,-5,-1,-5,-1,-5,-1,-4,-2,-4,-1,-3,-1,-4,-1,-3,-1,-3,-1,-3,-1,-3,0,-2,-1,-2,-1,-2,-1,-2,0,-1,0,-1,0,-1,0,-1,0,-1,0,-1,0,-1,1,-1,1,-1,1,-1,1,0,0,-1,2,-1,1,-1,1,-1,2,-1,1,-1,1,-1,1,-1,1,-1,1,-1,2,-1,2,-1,1,0,1,-1,1,-1,1,-1,1,0,1,-1,2,-1,2,-1,2,-1,2,-1,2,-1,2,-1,2,-1,2,-2,2,0,0,0,0,0,0,0,0,0,0,0,0,0,0,-38,-5,-38,-7,-34,-4,-40,-6,-28,-2,-29,-6,-28,-7,-25,-7,-23,-4,-20,-5,-22,0,-18,0,-19,-5,-16,-3,-15,-1,-12,-3,-12,-1,-12,3,-10,3,-8,0,-7,-1,-10,2,-6,5,-5,7,-6,5,-4,6,-2,9,-5,11,-2,10,-2,8,-4,7,-5,12,-5,12,-2,12,1,10,-4,11,-4,10,-6,12,-3,9,0,14,-3,11,-3,9,-6,7,-4,11,-4,9,3,12,-3,14,-4,13,-1,13,0,12,-3,14,-1,13,-4,12,-8,9,-4,12,-9,12,-8,11,0,0,0,0,0,0,0,0,0,0,0,0,0,0,0,0,0,0,0,0,0,0,-32,28,-40,25,-40,24,-47,24,-49,22,-54,13,-57,12,-57,13,-65,9,-62,1,-67,-4,-69,-6,-74,-9,-76,-18,-78,-22,-74,-27,-77,-32,-73,-37,-71,-41,-72,-49,-68,-50,-69,-56,-62,-59,-59,-66,-58,-67,-57,-73,-53,-73,-48,-76,-42,-73,-41,-78,-33,-71,-35,-75,-28,-77,-30,-76,-27,-71,-24,-73,-25,-71,-17,-73,-13,-69,-16,-68,-15,-71,-13,-65,-11,-65,-12,-65,-8,-67,-5,-58,-5,-61,-6,-58,-5,-58,3,-55,1,-56,1,-50,-1,-52,2,-49,2,-54,2,-45,3,-45,0,0]"
CSI_DATA,365,1a:00:00:00:00:00,-55,11,1,0,1,1,1,0,0,0,1,-96,0,11,2,4953890,0,44,0,384,0,"[0,0,0,0,0,0,0,0,0,0,0,0,0,-6,0,-6,0,-5,0,-5,0,-5,0,-4,0,-4,0,-4,0,-3,0,-3,0,-3,0,-3,-1,-2,-1,-2,-1,-2,-1,-2,-1,-2,-1,-1,-2,-1,-2,-1,-2,-1,-2,-1,-2,-1,-2,-1,-2,-1,-2,0,0,0,-2,0,-3,-1,-3,-1,-2,-1,-3,-1,-3,-1,-3,-1,-3,-1,-2,-1,-2,0,-2,0,-3,-1,-2,-1,-2,-1,-2,-1,-3,0,-2,-1,-3,0,-3,0,-3,-1,-3,-1,-3,-1,-3,-1,-3,-1,-3,-1,-3,-2,0,0,0,0,0,0,0,0,0,0,0,0,0,0,11,-35,13,-35,8,-35,8,-31,12,-31,9,-26,10,-25,10,-23,12,-21,9,-25,8,-20,5,-19,10,-16,6,-13,5,-14,4,-14,4,-8,5,-9,-1,-7,-3,-8,0,-11,-5,-8,-6,-2,-5,-7,-4,-7,-4,-6,-2,-5,-11,-5,-11,-6,-10,-7,-11,-5,-9,-9,-12,-4,-10,-4,-8,-7,-14,-3,-14,-2,-10,-6,-13,-6,-10,-1,-11,-7,-9,-5,-15,-4,-11,-7,-14,-5,-9,-4,-11,-5,-11,-6,-9,-8,-12,-6,-14,-7,-13,-6,-13,-7,-12,-7,-11,-10,-11,-11,-7,-10,0,0,0,0,0,0,0,0,0,0,0,0,0,0,0,0,0,0,0,0,0,0,-24,-39,-20,-40,-22,-44,-17,-50,-14,-53,-9,-54,-5,-55,-4,-61,3,-62,5,-59,14,-70,18,-72,23,-67,25,-71,33,-74,37,-68,42,-75,46,-69,52,-67,57,-63,62,-59,69,-60,69,-54,74,-55,77,-47,74,-40,79,-38,82,-39,73,-31,82,-31,77,-24,79,-24,79,-19,79,-16,75,-11,76,-12,70,-6,74,-8,70,-5,68,-4,72,-5,62,-5,69,0,69,1,63,4,62,5,60,7,62,2,56,3,51,8,53,10,51,9,53,13,47,10,46,5,51,12,43,14,0,0]"
CSI_DATA,366,1a:00:00:00:00:00,-55,11,1,0,1,1,1,0,0,0,1,-96,0,11,2,4976633,0,44,0,384,0,"[0,0,0,0,0,0,0,0,0,0,0,0,-1,-6,0,-6,-1,-5,-1,-5,-1,-5,-1,-4,-1,-4,0,-4,0,-3,-1,-3,0,-3,-1,-3,-1,-3,-1,-3,-1,-2,-1,-2,-1,-1,-1,-1,-2,-1,-2,-1,-2,-1,-2,-1,-2,0,-2,-1,-2,-1,-2,-1,0,0,-2,0,-3,-1,-3,-1,-2,-1,-3,-1,-3,-2,-3,-1,-2,-2,-2,-1,-2,-1,-2,-1,-2,-2,-2,-1,-2,-1,-3,-1,-3,-1,-2,-1,-3,-1,-3,-1,-3,-1,-3,-1,-2,-2,-2,-2,-2,-2,-3,-2,-2,-2,0,0,0,0,0,0,0,0,0,0,0,0,0,0,-1,-20,2,-19,0,-18,1,-15,3,-18,0,-14,2,-13,2,-12,2,-12,2,-12,3,-10,2,-9,3,-11,2,-8,2,-7,1,-5,0,-6,1,-5,0,-4,0,-7,-1,-5,-3,-5,-2,-4,-2,-2,-3,-1,-4,-2,-3,-2,-4,-3,-5,-4,-5,-3,-4,-2,-5,-5,-6,-3,-6,-3,-3,-5,-5,-6,-6,-4,-6,-4,-6,-4,-5,-3,-4,-5,-4,-3,-5,-5,-6,-4,-6,-4,-5,-3,-4,-4,-7,-5,-5,-5,-4,-5,-8,-4,-6,-5,-5,-7,-5,-6,-3,-7,-4,-8,-4,-7,0,0,0,0,0,0,0,0,0,0,0,0,0,0,0,0,0,0,0,0,0,0,-23,-1,-23,-1,-25,-5,-27,-8,-26,-10,-26,-12,-26,-14,-25,-18,-25,-19,-24,-23,-24,-26,-22,-28,-21,-32,-19,-35,-18,-37,-13,-37,-12,-42,-8,-42,-8,-44,-2,-43,0,-44,0,-45,4,-45,9,-43,14,-44,17,-43,19,-39,19,-41,22,-38,25,-37,26,-32,27,-33,26,-31,27,-30,27,-28,27,-27,27,-25,28,-23,30,-21,30,-19,31,-21,26,-18,30,-18,30,-15,29,-15,30,-14,28,-13,27,-12,27,-11,26,-7,25,-6,24,-5,25,-6,25,-7,24,-2,22,-2,22,-5,0,0]"
CSI_DATA,367,1a:00:00:00:00:00,-55,11,1,0,1,1,1,0,0,0,1,-96,0,11,2,4983867,0,44,0,384,0,"[0,0,0,0,0,0,0,0,0,0,0,0,4,-4,4,-3,4,-3,3,-2,3,-2,3,-2,2,-2,2,-2,2,-2,2,-2,2,-2,1,-2,1,-1,0,-2,0,-1,0,-2,0,-2,0,-2,-1,-1,-1,-1,-1,-1,-1,-1,-1,-2,-1,-2,-1,-2,-1,-2,0,0,-1,-2,-2,-2,-2,-2,-1,-2,-2,-2,-2,-2,-2,-2,-2,-2,-1,-2,-1,-2,-1,-2,-2,-2,-2,-2,-2,-2,-1,-2,-1,-2,-2,-2,-2,-2,-1,-2,-2,-2,-2,-2,-2,-2,-2,-3,-1,-3,-1,-3,-1,-3,0,0,0,0,0,0,0,0,0,0,0,0,0,0,37,-20,36,-14,34,-14,32,-10,27,-14,26,-12,25,-13,26,-9,23,-10,22,-6,20,-10,20,-9,19,-11,14,-8,11,-6,13,-6,10,-4,8,-8,9,-6,1,-8,4,-4,1,-7,1,-8,1,-5,0,-11,0,-5,-3,-10,-2,-8,0,-8,-5,-8,-8,-10,-5,-11,-2,-13,-4,-7,-4,-11,-7,-9,-3,-12,-4,-9,-7,-12,-6,-14,-5,-13,-5,-10,-5,-6,-5,-12,-6,-9,-9,-8,-8,-13,-7,-9,-5,-10,-8,-10,-8,-13,-10,-13,-6,-12,-6,-12,-6,-11,-5,-13,-2,-14,0,0,0,0,0,0,0,0,0,0,0,0,0,0,0,0,0,0,0,0,0,0,20,-38,26,-39,31,-35,36,-37,42,-34,46,-34,48,-31,50,-28,56,-29,59,-23,64,-19,70,-16,68,-17,75,-13,79,-5,76,-3,81,-3,81,6,82,8,85,14,83,19,85,24,80,31,81,35,79,38,76,42,72,45,72,46,69,46,70,49,62,54,64,53,60,52,52,52,57,56,54,54,49,53,50,55,47,55,47,52,44,53,44,51,44,51,41,55,38,49,30,51,35,47,33,47,31,47,28,44,24,45,23,46,23,42,27,43,26,46,22,38,18,39,0,0]"
CSI_DATA,368,1a:00:00:00:00:00,-55,11,1,0,1,1,1,0,0,0,1,-96,0,11,2,4997142,0,44,0,384,0,"[0,0,0,0,0,0,0,0,0,0,0,0,1,5,1,4,2,4,1,4,1,4,0,3,0,3,0,3,0,2,1,2,0,2,0,2,1,2,0,1,0,1,0,1,0,1,0,0,1,0,1,0,1,0,1,0,1,-1,1,0,1,0,1,0,0,0,2,-1,2,0,2,0,2,-1,2,0,2,0,2,0,2,0,2,-1,2,-1,2,-1,1,0,1,0,1,0,2,-1,2,-1,1,0,2,-1,2,0,2,0,2,0,2,0,2,0,2,0,2,1,2,1,0,0,0,0,0,0,0,0,0,0,0,0,0,0,7,17,5,16,8,16,6,15,7,14,7,14,5,12,5,11,4,11,5,11,5,10,4,8,2,8,3,6,3,7,4,6,0,5,2,2,3,2,2,4,2,2,1,2,4,0,2,1,3,-1,4,-1,3,-1,5,-2,3,-4,4,-2,4,-1,5,-2,4,-3,7,-3,4,-2,4,-4,7,-2,6,-2,5,-2,3,-2,6,-2,3,-1,5,-3,6,-3,4,-1,4,-2,4,-2,5,-3,5,-2,5,-2,7,-2,5,-1,8,-2,5,-2,7,-1,6,-1,7,0,0,0,0,0,0,0,0,0,0,0,0,0,0,0,0,0,0,0,0,0,0,0,22,0,23,3,22,7,24,9,23,12,25,13,22,14,23,17,22,21,22,21,22,25,22,29,21,31,20,31,15,35,14,35,11,40,12,38,9,43,4,44,3,42,1,45,-2,43,-5,44,-6,45,-8,44,-12,41,-15,42,-15,39,-18,41,-20,35,-19,39,-20,34,-21,34,-23,33,-21,31,-20,28,-21,31,-23,29,-22,28,-24,25,-23,27,-24,26,-25,25,-24,22,-20,21,-23,19,-22,19,-22,17,-22,17,-23,14,-23,14,-22,15,-21,12,-19,13,-19,12,-20,12,0,0]"
CSI_DATA,369,1a:00:00:00:00:00,-55,11,1,0,1,1,1,0,0,0,1,-96,0,11,2,5004440,0,44,0,384,0,"[0,0,0,0,0,0,0,0,0,0,0,0,-1,-6,-1,-6,-1,-5,-1,-5,-1,-5,-1,-4,0,-4,0,-4,-1,-4,-1,-3,0,-3,-1,-3,-1,-2,-1,-2,-1,-2,-1,-2,-1,-2,-1,-1,-2,-1,-2,-1,-2,-1,-2,-1,-1,-1,-2,-1,-2,-1,-2,0,0,0,-2,-1,-3,-1,-2,-1,-2,-1,-3,-1,-3,-1,-3,-1,-3,-1,-2,-1,-2,-1,-2,-1,-2,-1,-2,-1,-3,-1,-2,-1,-3,-1,-2,-1,-3,-1,-3,-1,-3,-1,-3,-1,-3,-1,-2,-2,-2,-2,-3,-2,-3,-2,0,0,0,0,0,0,0,0,0,0,0,0,0,0,-1,-42,3,-36,0,-34,3,-36,2,-31,-1,-32,4,-26,7,-27,4,-22,1,-25,3,-23,5,-21,0,-19,3,-13,1,-15,2,-14,5,-14,0,-7,-1,-9,-4,-9,-4,-10,0,-10,-5,-5,-4,-4,-7,-3,-5,-5,-7,-4,-13,-1,-11,-3,-9,0,-7,-6,-7,-3,-13,1,-13,-2,-13,-3,-11,1,-16,-2,-17,-4,-13,-4,-11,-2,-12,-4,-10,-5,-12,2,-12,-2,-11,-3,-9,-3,-11,-4,-13,-3,-12,-3,-12,-4,-12,0,-16,-5,-17,-3,-12,-5,-11,-5,-12,-8,-15,-8,0,0,0,0,0,0,0,0,0,0,0,0,0,0,0,0,0,0,0,0,0,0,-35,-24,-35,-32,-33,-36,-30,-41,-29,-44,-26,-48,-23,-52,-20,-57,-21,-63,-10,-63,-13,-64,-7,-71,-6,-73,0,-75,10,-79,16,-76,16,-85,22,-80,28,-79,36,-77,33,-73,47,-74,48,-72,51,-72,54,-70,57,-69,61,-61,68,-59,66,-51,67,-53,64,-44,70,-47,69,-40,71,-36,69,-38,70,-35,66,-29,65,-31,65,-26,65,-25,70,-25,62,-21,65,-19,62,-14,61,-15,58,-17,59,-10,58,-10,55,-9,51,-6,49,-9,51,-9,52,-1,43,1,49,-1,46,-2,43,-1,0,0]"
CSI_DATA,370,1a:00:00:00:00:00,-55,11,1,0,1,1,1,0,0,0,1,-96,0,11,2,5014166,0,44,0,384,0,"[0,0,0,0,0,0,0,0,0,0,0,0,0,-6,0,-5,-1,-5,0,-5,-1,-4,0,-4,0,-4,0,-3,0,-4,-1,-3,0,-3,0,-3,-1,-2,-1,-2,-1,-2,-1,-2,-1,-1,-1,-1,-2,-1,-1,-1,-2,-1,-2,-1,-2,-1,-2,-1,-2,-1,-2,-1,0,0,-2,-1,-2,-1,-3,-1,-2,-1,-3,-1,-3,-1,-3,-1,-3,-1,-2,-1,-2,-1,-3,-1,-2,-1,-2,-1,-2,-1,-2,-1,-2,-1,-2,-1,-2,-1,-3,-1,-3,-1,-3,-1,-2,-2,-3,-2,-3,-2,-3,-2,-2,-2,0,0,0,0,0,0,0,0,0,0,0,0,0,0,7,-35,4,-34,9,-36,11,-34,6,-31,7,-32,11,-25,9,-27,5,-21,5,-24,4,-21,1,-19,3,-17,5,-14,6,-15,2,-12,4,-14,0,-11,0,-8,1,-6,-4,-9,-4,-8,-5,-6,-4,-3,-6,-2,-5,-4,-9,-5,-9,-3,-14,-3,-10,-2,-11,-3,-11,-3,-13,-2,-9,-4,-10,-2,-14,-2,-12,-4,-12,-6,-13,-3,-10,-2,-8,-6,-11,-3,-10,0,-13,-3,-11,-5,-12,-2,-10,1,-14,-1,-13,-1,-12,-6,-12,-1,-15,-6,-14,-6,-10,-5,-14,-7,-13,-7,-12,-9,0,0,0,0,0,0,0,0,0,0,0,0,0,0,0,0,0,0,0,0,0,0,-28,-35,-25,-40,-20,-44,-17,-51,-15,-53,-9,-56,-4,-53,-2,-57,2,-65,5,-64,10,-68,12,-70,16,-73,22,-77,29,-77,37,-71,37,-72,46,-68,45,-68,59,-62,58,-58,69,-61,64,-56,62,-55,69,-53,69,-52,74,-44,80,-42,77,-35,81,-31,73,-26,77,-28,79,-25,78,-19,79,-15,71,-12,72,-13,71,-13,71,-14,70,-9,72,-7,66,-9,69,-3,64,-5,66,-3,58,-4,60,0,59,3,57,4,54,3,53,5,52,1,55,3,48,7,47,8,46,9,43,5,0,0]"
CSI_DATA,371,1a:00:00:00:00:00,-55,11,1,0,1,1,1,0,0,0,1,-96,0,11,2,5024035,0,44,0,384,0,"[0,0,0,0,0,0,0,0,0,0,0,0,-6,-1,-6,-1,-5,-2,-5,-2,-5,-1,-4,-1,-4,-1,-4,-1,-3,-1,-3,-1,-3,0,-3,0,-3,-1,-2,-1,-2,-1,-2,0,-2,0,-2,0,-1,0,-1,0,-1,0,-1,0,-1,1,-1,1,-1,1,-1,1,0,0,-1,2,-1,1,0,1,-1,2,-1,1,-1,1,0,1,0,1,-1,2,-1,2,-1,2,0,1,-1,1,0,2,-1,2,-1,1,0,2,-1,2,-1,2,-1,2,-1,2,-1,2,-1,2,-1,2,-1,2,-1,2,0,0,0,0,0,0,0,0,0,0,0,0,0,0,-40,-12,-35,-8,-37,-10,-35,-12,-30,-11,-30,-10,-28,-6,-24,-10,-26,-7,-20,-10,-14,-8,-15,-9,-17,-7,-16,-5,-10,-4,-10,-6,-16,-2,-13,1,-10,1,-5,-1,-6,1,-5,3,-10,2,-5,2,-6,4,-10,7,-6,8,-6,6,-8,5,-3,12,-4,8,-3,11,-6,9,-7,6,-6,12,-6,8,-7,10,-5,10,-7,10,-5,7,-7,10,-3,9,-8,9,-6,10,-5,8,-6,11,-8,9,-5,9,-7,10,-6,10,-6,9,-9,12,-6,10,-10,8,-8,10,-8,9,-15,7,0,0,0,0,0,0,0,0,0,0,0,0,0,0,0,0,0,0,0,0,0,0,-26,34,-34,30,-40,29,-43,26,-44,25,-51,23,-55,17,-58,18,-66,13,-62,10,-67,6,-72,2,-75,-3,-77,-7,-75,-16,-72,-23,-80,-26,-78,-33,-76,-37,-74,-44,-68,-46,-72,-54,-68,-54,-63,-59,-62,-64,-60,-71,-56,-70,-52,-73,-42,-72,-40,-76,-37,-74,-35,-77,-29,-77,-28,-73,-25,-75,-19,-74,-22,-70,-19,-71,-16,-70,-16,-68,-12,-69,-10,-68,-9,-70,-4,-67,-2,-66,-6,-60,-4,-60,1,-59,-1,-56,1,-53,2,-51,2,-51,8,-53,9,-46,7,-51,9,-46,9,-47,0,0]"
CSI_DATA,372,1a:00:00:00:00:00,-54,11,1,0,1,1,1,0,0,0,1,-96,0,11,2,5043863,0,44,0,384,0,"[0,0,0,0,0,0,0,0,0,0,0,0,-6,0,-5,0,-5,0,-5,-1,-5,-1,-4,0,-4,0,-3,0,-3,0,-3,0,-3,0,-2,0,-3,-1,-2,0,-2,0,-2,0,-1,0,-1,1,-1,0,-1,0,-1,0,-1,0,-1,1,-1,1,-1,1,-1,1,0,0,0,2,0,1,0,1,0,2,0,1,0,1,0,1,0,1,-1,1,-1,2,-1,2,0,1,0,1,0,2,0,2,-1,2,0,1,-1,1,-1,2,-1,1,-1,2,0,2,0,2,0,2,-1,2,-1,1,0,0,0,0,0,0,0,0,0,0,0,0,0,0,-37,-6,-37,-5,-34,-7,-36,-4,-32,-3,-31,-4,-25,-8,-26,-5,-26,-4,-22,-5,-20,-3,-19,-6,-15,-7,-17,-2,-17,-2,-11,-2,-10,-2,-13,1,-10,2,-5,3,-6,0,-7,3,-5,6,-4,3,-7,4,-6,4,-2,8,-1,7,-5,10,0,9,1,10,0,13,-2,11,-3,11,0,13,-3,11,0,12,-4,9,-5,10,0,14,-3,13,-1,11,-2,10,-1,10,0,8,3,13,-3,12,1,10,4,11,-3,14,1,13,-4,16,0,14,-3,15,-5,11,-4,14,-4,16,0,0,0,0,0,0,0,0,0,0,0,0,0,0,0,0,0,0,0,0,0,0,-35,24,-41,20,-43,18,-51,16,-50,12,-52,8,-56,1,-59,1,-59,-3,-63,-7,-67,-10,-69,-14,-72,-19,-71,-20,-73,-32,-70,-35,-77,-39,-72,-46,-67,-47,-64,-57,-60,-58,-63,-67,-57,-63,-57,-68,-49,-77,-50,-71,-44,-78,-43,-76,-36,-74,-33,-76,-29,-79,-29,-80,-20,-80,-21,-79,-23,-77,-19,-82,-17,-72,-17,-71,-15,-70,-16,-72,-11,-68,-7,-67,-8,-68,-9,-67,-3,-64,-2,-66,0,-59,-3,-60,-4,-58,-2,-55,1,-55,0,-50,3,-48,3,-50,1,-51,-1,-48,-1,-44,0,0]"
CSI_DATA,373,1a:00:00:00:00:00,-55,11,1,0,1,1,1,0,0,0,1,-96,0,11,2,5056615,0,44,0,384,0,"[0,0,0,0,0,0,0,0,0,0,0,0,4,3,3,3,3,3,3,3,3,3,2,2,2,1,2,1,2,1,2,2,1,1,1,1,1,1,1,1,1,1,1,0,1,-1,0,-1,1,0,1,-1,1,-1,1,-1,1,-1,1,-1,1,-1,1,-2,0,0,1,-2,1,-2,1,-2,1,-2,1,-2,1,-2,1,-2,1,-1,1,-2,1,-2,1,-2,1,-2,1,-2,1,-2,1,-2,1,-2,1,-2,1,-2,1,-2,1,-2,1,-2,1,-2,1,-2,2,-2,2,-1,2,-1,0,0,0,0,0,0,0,0,0,0,0,0,0,0,28,21,33,21,29,21,23,19,26,19,20,21,21,17,19,18,17,15,15,13,15,13,17,9,11,14,13,9,12,7,10,7,5,6,8,2,6,4,8,3,5,0,6,0,8,-1,8,-4,8,-3,6,-6,6,-6,4,-4,5,-5,1,-9,7,-8,4,-8,10,-10,9,-8,2,-10,10,-11,8,-14,8,-11,6,-8,4,-9,5,-7,8,-8,7,-5,7,-9,7,-7,7,-10,4,-14,6,-14,7,-7,6,-12,8,-8,7,-12,11,-12,9,-11,11,-12,9,-9,10,-7,0,0,0,0,0,0,0,0,0,0,0,0,0,0,0,0,0,0,0,0,0,0,41,-6,46,-1,47,1,53,6,53,9,53,14,52,19,58,24,56,28,52,30,55,39,56,40,55,47,55,51,51,57,46,62,49,67,44,70,37,75,37,78,30,78,25,88,23,82,18,86,15,91,12,90,5,87,4,93,-5,85,-5,88,-9,79,-9,83,-15,81,-16,76,-20,79,-16,74,-19,70,-22,70,-22,69,-19,68,-25,67,-24,62,-27,63,-25,64,-26,60,-27,53,-25,52,-26,54,-32,50,-23,45,-27,44,-28,47,-28,46,-26,41,-28,38,-29,40,-22,40,0,0]"
CSI_DATA,374,1a:00:00:00:00:00,-55,11,1,0,1,1,1,0,0,0,1,-96,0,11,2,5064036,0,44,0,384,0,"[0,0,0,0,0,0,0,0,0,0,0,0,-2,5,-2,4,-1,4,-1,4,-1,3,-2,3,-2,3,-1,3,-1,2,-1,2,-1,2,-1,2,-1,2,0,1,0,1,-1,1,0,1,0,1,1,1,1,0,1,0,1,0,0,0,1,0,1,0,1,0,0,0,1,0,2,0,2,1,1,0,2,1,1,0,1,1,2,1,1,0,1,0,1,0,1,1,1,1,1,1,1,0,1,0,1,0,1,0,1,1,1,1,2,1,1,1,1,1,1,1,1,2,1,2,0,0,0,0,0,0,0,0,0,0,0,0,0,0,-1,41,-1,36,2,34,-3,30,-2,33,0,30,0,24,-3,27,-3,23,-6,22,-7,21,-1,20,-3,16,-1,17,-2,15,1,10,-4,11,2,9,3,7,2,8,4,8,0,7,4,1,6,1,8,1,6,0,7,5,10,0,11,1,5,4,13,4,8,2,15,1,10,2,10,2,10,0,9,-1,12,3,11,4,9,4,10,3,11,6,8,2,8,3,10,6,9,3,12,-1,12,3,12,2,10,3,11,3,10,5,10,4,12,5,16,8,11,7,10,5,0,0,0,0,0,0,0,0,0,0,0,0,0,0,0,0,0,0,0,0,0,0,40,13,36,19,43,22,41,30,39,35,32,41,37,41,32,49,32,55,30,57,26,60,25,65,19,71,15,75,9,77,6,78,1,81,-8,79,-9,81,-16,83,-25,84,-28,89,-32,82,-35,82,-46,79,-48,76,-45,69,-55,67,-57,64,-58,63,-58,58,-61,57,-61,52,-63,49,-66,48,-65,43,-63,42,-62,37,-60,39,-62,38,-61,30,-63,32,-63,29,-63,26,-59,24,-56,25,-58,22,-61,22,-57,16,-59,10,-48,12,-56,15,-53,9,-48,8,-44,6,-47,9,-42,2,0,0]"
CSI_DATA,375,1a:00:00:00:00:00,-55,11,1,0,1,1,1,0,0,0,1,-96,0,11,2,5076054,0,44,0,384,0,"[0,0,0,0,0,0,0,0,0,0,0,0,4,2,4,2,4,2,3,2,3,2,2,2,3,1,2,1,2,1,2,1,2,1,1,0,2,1,1,0,1,0,1,0,1,-1,0,-1,1,0,1,-1,1,-1,0,-1,1,-2,1,-1,1,-1,1,-2,0,0,1,-2,1,-2,1,-2,1,-3,1,-2,1,-2,1,-2,1,-2,1,-2,1,-2,1,-2,0,-2,0,-2,1,-2,1,-2,1,-2,1,-2,1,-2,1,-2,1,-2,1,-2,1,-2,1,-2,1,-2,2,-2,2,-2,0,0,0,0,0,0,0,0,0,0,0,0,0,0,37,16,34,14,30,14,32,12,30,12,26,14,25,11,25,9,24,13,17,11,17,11,15,7,16,6,12,4,14,6,10,5,11,2,13,0,8,3,2,0,6,0,8,-4,4,-3,4,-7,4,-5,7,-9,7,-5,5,-8,6,-10,3,-7,3,-11,2,-12,2,-13,6,-15,2,-14,5,-12,8,-10,5,-11,4,-14,3,-14,4,-10,8,-10,5,-10,4,-8,8,-11,3,-11,5,-9,0,-11,-1,-11,4,-11,3,-13,4,-16,3,-12,5,-11,6,-12,6,-15,11,-13,0,0,0,0,0,0,0,0,0,0,0,0,0,0,0,0,0,0,0,0,0,0,42,-12,46,-7,49,-1,51,0,51,8,51,12,53,12,55,18,60,22,57,28,59,32,57,39,57,44,61,45,56,52,52,57,52,62,50,64,48,64,43,73,42,75,38,81,31,77,26,83,20,86,18,82,15,86,12,85,8,81,6,84,2,78,-1,82,-2,80,-3,78,-5,77,-9,77,-8,74,-10,68,-11,70,-12,71,-15,66,-13,69,-16,64,-16,63,-13,59,-15,64,-19,59,-14,52,-14,57,-13,55,-19,53,-21,52,-21,49,-20,43,-23,45,-19,43,-14,44,0,0]"
CSI_DATA,376,1a:00:00:00:00:00,-55,11,1,0,1,1,1,0,0,0,1,-96,0,11,2,5084201,0,44,0,384,0,"[0,0,0,0,0,0,0,0,0,0,0,0,5,-2,4,-2,4,-1,4,-1,3,-1,3,-1,3,-1,3,-1,2,-1,2,-1,2,-1,2,-1,1,-1,1,-1,1,-1,1,-2,0,-1,0,-2,0,-1,0,-1,-1,-1,-1,-1,0,-2,-1,-1,-1,-2,-1,-2,0,0,-1,-2,-1,-2,-1,-2,-1,-3,-1,-2,-2,-2,-1,-2,-2,-2,-1,-3,-1,-3,-1,-2,-1,-2,-2,-2,-2,-2,-1,-2,-1,-2,-2,-2,-1,-2,-1,-2,-1,-2,-1,-2,-1,-2,-1,-3,-1,-3,-1,-3,-1,-3,0,0,0,0,0,0,0,0,0,0,0,0,0,0,38,-15,34,-16,35,-17,29,-16,31,-13,26,-11,26,-14,27,-12,23,-7,21,-5,17,-10,16,-5,17,-10,14,-7,17,-6,13,-4,12,-8,7,-7,9,-3,4,-6,0,-5,1,-4,1,-8,2,-6,-2,-9,0,-8,-2,-10,-1,-7,-3,-9,-6,-8,-7,-11,-6,-10,-5,-12,-8,-8,-4,-9,-6,-9,-6,-9,-6,-10,-6,-10,-11,-9,-11,-8,-12,-12,-8,-11,-6,-8,-7,-10,-8,-10,-8,-12,-13,-11,-8,-7,-10,-10,-11,-9,-10,-9,-11,-11,-9,-10,-11,-11,-9,-17,-6,-16,0,0,0,0,0,0,0,0,0,0,0,0,0,0,0,0,0,0,0,0,0,0,28,-33,35,-36,37,-35,43,-31,46,-28,48,-27,52,-26,58,-19,63,-20,63,-16,66,-15,73,-12,75,-6,78,0,80,3,81,9,87,14,82,19,83,20,84,28,83,32,81,36,83,39,79,45,78,49,79,52,71,52,70,56,66,59,64,59,59,60,62,62,55,64,53,60,55,59,51,58,49,59,45,56,44,58,43,57,41,64,40,57,41,60,37,58,35,62,35,50,31,51,31,52,30,51,32,50,28,48,26,48,25,45,21,44,25,45,23,41,23,41,0,0]"
CSI_DATA,377,1a:00:00:00:00:00,-55,11,1,0,1,1,1,0,0,0,1,-96,0,11,2,5094271,0,44,0,384,0,"[0,0,0,0,0,0,0,0,0,0,0,0,0,-6,0,-6,0,-6,0,-5,0,-5,0,-5,1,-5,0,-4,0,-4,0,-3,0,-3,0,-3,-1,-3,-1,-2,-1,-2,-1,-2,-1,-2,0,-2,-2,-1,-2,-1,-2,-1,-2,-1,-2,-1,-2,-1,-3,-1,-2,-1,0,0,-2,-1,-3,-1,-3,-1,-2,-1,-3,-1,-3,-2,-3,-1,-3,-2,-2,-1,-2,-1,-2,-1,-2,-2,-2,-2,-2,-2,-2,-1,-3,-1,-3,-1,-3,-1,-3,-1,-3,-1,-3,-1,-3,-2,-3,-2,-2,-2,-3,-2,-3,-2,0,0,0,0,0,0,0,0,0,0,0,0,0,0,12,-41,7,-39,8,-33,10,-32,8,-32,6,-28,5,-26,5,-25,9,-23,5,-21,3,-20,6,-14,1,-16,5,-18,5,-13,0,-16,1,-14,1,-11,2,-8,-1,-8,-6,-8,-5,-6,-3,-2,-6,-3,-7,-3,-8,-6,-12,-3,-9,-4,-15,-4,-13,-5,-13,-6,-12,1,-11,-3,-13,0,-14,-5,-14,-3,-11,0,-14,1,-15,-3,-14,-4,-14,-3,-14,-3,-14,-1,-8,0,-14,-2,-12,-4,-10,-1,-14,-1,-8,-4,-12,-3,-13,-2,-11,-2,-14,-1,-13,-6,-13,-4,-11,-4,-12,-6,0,0,0,0,0,0,0,0,0,0,0,0,0,0,0,0,0,0,0,0,0,0,-23,-39,-20,-43,-19,-49,-12,-49,-10,-52,-9,-53,-4,-55,0,-60,6,-66,7,-63,14,-65,18,-66,22,-73,29,-72,28,-73,39,-68,39,-71,43,-68,47,-67,50,-64,58,-64,65,-61,65,-57,67,-54,76,-49,79,-46,80,-40,80,-40,78,-36,80,-34,76,-29,76,-25,76,-26,77,-21,77,-21,76,-14,73,-12,74,-10,68,-10,72,-7,71,-9,67,-8,67,-8,67,-7,63,-3,61,-2,57,-1,57,-3,57,-2,57,3,50,6,53,2,51,2,46,5,48,5,48,7,42,7,0,0]"
CSI_DATA,378,1a:00:00:00:00:00,-54,11,1,0,1,1,1,0,0,0,1,-96,0,11,2,5104917,0,44,0,384,0,"[0,0,0,0,0,0,0,0,0,0,0,0,-6,-3,-5,-3,-5,-3,-5,-3,-4,-3,-4,-2,-4,-2,-3,-2,-4,-2,-3,-2,-3,-1,-3,-1,-2,-2,-2,-1,-2,-1,-2,0,-2,0,-1,0,-1,0,-2,0,-2,0,-1,0,-1,1,-1,0,-1,0,-1,1,0,0,-1,2,-1,1,-1,1,-1,2,-1,1,-1,1,-1,1,-1,1,-1,2,-2,2,-1,2,-1,1,-1,1,-1,1,-1,1,-1,2,-1,1,-1,2,-1,2,-1,2,-1,2,-1,2,-1,2,-1,2,-2,2,-2,2,0,0,0,0,0,0,0,0,0,0,0,0,0,0,-15,-13,-15,-11,-13,-12,-12,-12,-10,-11,-9,-11,-9,-11,-9,-11,-8,-7,-8,-10,-9,-7,-6,-7,-5,-7,-5,-6,-5,-7,-5,-6,-7,-3,-5,-4,-5,-3,-3,-2,-4,-2,-3,-2,-4,0,-5,-1,-3,-1,-4,-1,-4,1,-4,2,-4,2,-5,2,-4,3,-3,3,-3,2,-7,3,-5,2,-5,2,-3,2,-5,0,-5,2,-6,2,-6,3,-5,3,-5,2,-4,2,-6,1,-5,2,-5,3,-5,4,-5,4,-6,5,-7,3,-6,5,-5,4,-7,2,-7,2,-7,3,-7,2,0,0,0,0,0,0,0,0,0,0,0,0,0,0,0,0,0,0,0,0,0,0,-23,4,-23,4,-23,0,-27,0,-26,-4,-29,-6,-28,-7,-28,-10,-30,-14,-26,-14,-30,-19,-28,-21,-29,-22,-30,-26,-29,-29,-28,-29,-26,-34,-23,-35,-22,-37,-19,-38,-16,-38,-16,-42,-15,-40,-12,-45,-6,-43,-7,-43,-3,-43,-3,-45,1,-42,1,-46,3,-40,3,-42,6,-38,8,-39,8,-40,8,-38,9,-35,9,-36,10,-33,12,-33,12,-34,12,-32,13,-32,13,-31,12,-30,14,-28,13,-26,13,-28,13,-27,11,-23,12,-25,15,-25,14,-24,12,-21,15,-23,13,-20,11,-18,0,0]"
CSI_DATA,379,1a:00:00:00:00:00,-54,11,1,0,1,1,1,0,0,0,1,-96,0,11,2,5114427,0,44,0,384,0,"[0,0,0,0,0,0,0,0,0,0,0,0,-6,0,-5,0,-5,0,-5,0,-4,0,-4,0,-4,0,-4,0,-3,0,-3,-1,-3,0,-3,0,-2,0,-2,0,-1,0,-2,0,-2,0,-1,0,-1,0,-1,0,-1,0,-1,1,-1,1,0,1,0,1,-1,1,0,0,-1,2,0,1,0,1,-1,2,0,1,-1,1,-1,1,-1,2,-1,1,-1,1,-1,1,0,1,0,1,-1,2,-1,1,-1,1,-1,2,-1,1,-1,1,-1,1,-1,1,-1,2,-1,2,-2,2,-2,1,-2,2,0,0,0,0,0,0,0,0,0,0,0,0,0,0,-42,3,-39,1,-40,0,-32,-2,-33,-4,-32,-3,-31,0,-29,-6,-26,-2,-22,-4,-19,-5,-17,-4,-18,-3,-14,-4,-13,0,-12,2,-14,-1,-10,2,-9,2,-8,2,-3,4,-4,4,-7,5,-3,3,-3,7,-4,9,-4,7,-1,8,-2,10,0,9,-2,12,-3,12,-1,9,-2,11,-1,14,-5,10,-2,10,-4,11,3,12,1,15,-3,11,-5,14,-3,12,-2,10,1,10,-1,11,-2,11,1,11,-2,14,-1,8,-1,14,-5,9,0,16,-5,15,-7,8,-3,11,-9,12,0,0,0,0,0,0,0,0,0,0,0,0,0,0,0,0,0,0,0,0,0,0,-32,31,-35,29,-42,25,-44,25,-47,24,-51,21,-58,16,-55,14,-63,13,-62,8,-68,7,-72,3,-73,0,-74,-8,-76,-18,-76,-24,-78,-21,-80,-31,-75,-34,-75,-37,-70,-44,-72,-54,-71,-53,-68,-56,-65,-62,-65,-58,-57,-65,-56,-70,-50,-67,-49,-70,-43,-72,-44,-70,-36,-73,-34,-69,-33,-72,-31,-71,-31,-69,-29,-70,-26,-68,-27,-69,-19,-69,-17,-65,-21,-66,-18,-68,-16,-59,-11,-62,-8,-59,-11,-59,-6,-63,-7,-55,-9,-53,-12,-49,-5,-52,-3,-47,-6,-51,-2,-50,0,-53,0,0]"
CSI_DATA,380,1a:00:00:00:00:00,-55,11,1,0,1,1,1,0,0,0,1,-96,0,11,2,5133953,0,44,0,384,0,"[0,0,0,0,0,0,0,0,0,0,0,0,3,-4,3,-4,3,-4,3,-3,2,-3,2,-3,2,-3,2,-3,2,-2,1,-2,1,-3,1,-3,1,-2,0,-2,0,-1,0,-2,0,-2,0,-2,-1,-1,-1,-2,-1,-1,-1,-1,-1,-2,-1,-2,-2,-2,-1,-2,0,0,-1,-2,-2,-2,-2,-2,-1,-2,-2,-2,-2,-2,-2,-2,-2,-2,-1,-2,-1,-2,-1,-2,-2,-2,-2,-2,-2,-2,-1,-2,-1,-2,-2,-2,-2,-2,-2,-2,-1,-2,-2,-2,-1,-3,-2,-3,-1,-3,-1,-3,-1,-3,0,0,0,0,0,0,0,0,0,0,0,0,0,0,35,-23,28,-22,31,-23,25,-21,25,-21,22,-20,24,-16,24,-14,17,-14,18,-16,18,-8,13,-10,13,-10,10,-10,8,-9,7,-8,7,-11,5,-10,8,-7,3,-7,-1,-6,3,-6,1,-4,1,-6,0,-9,-3,-6,-4,-7,-5,-7,-7,-9,-9,-10,-5,-11,-7,-8,-7,-6,-9,-7,-8,-10,-9,-9,-11,-12,-6,-8,-9,-10,-7,-11,-10,-12,-9,-7,-10,-6,-8,-5,-10,-9,-11,-9,-8,-8,-7,-7,-6,-7,-12,-11,-7,-9,-11,-9,-9,-12,-8,-11,-9,-9,-8,-13,-6,-16,0,0,0,0,0,0,0,0,0,0,0,0,0,0,0,0,0,0,0,0,0,0,12,-43,17,-43,20,-43,27,-41,32,-41,36,-43,40,-39,43,-38,47,-41,48,-35,58,-34,64,-36,64,-34,70,-29,76,-25,72,-16,83,-17,78,-14,82,-11,85,-2,84,5,89,9,84,13,87,10,86,22,84,22,82,26,87,29,76,36,79,35,69,33,74,36,67,38,68,42,65,42,60,41,59,41,61,42,56,44,58,41,53,42,47,44,55,42,51,41,46,43,43,43,43,43,43,36,39,39,35,39,38,38,40,35,37,38,30,34,29,34,32,37,27,32,0,0]"
CSI_DATA,381,1a:00:00:00:00:00,-55,11,1,0,1,1,1,0,0,0,1,-96,0,11,2,5154944,0,44,0,384,0,"[0,0,0,0,0,0,0,0,0,0,0,0,4,-5,4,-4,3,-4,3,-3,2,-3,3,-3,3,-3,2,-3,2,-3,1,-2,2,-2,1,-2,1,-2,0,-2,0,-2,0,-2,0,-2,0,-2,-1,-2,-1,-2,-1,-2,-1,-2,-1,-2,-2,-2,-2,-2,-1,-2,0,0,-1,-2,-2,-2,-2,-2,-1,-2,-2,-2,-2,-2,-2,-2,-2,-2,-1,-2,-1,-2,-1,-2,-2,-3,-2,-2,-2,-2,-2,-2,-2,-2,-2,-2,-2,-2,-2,-2,-2,-2,-2,-2,-2,-3,-2,-3,-2,-3,-1,-3,-1,-3,0,0,0,0,0,0,0,0,0,0,0,0,0,0,16,-13,15,-13,12,-11,13,-11,12,-9,12,-8,11,-7,11,-8,8,-7,8,-7,7,-5,8,-4,6,-5,7,-5,6,-5,4,-5,5,-2,3,-4,3,-4,2,-5,1,-4,1,-3,2,-2,1,-5,0,-3,-1,-4,-1,-5,-2,-4,-1,-4,-3,-6,-2,-6,-1,-7,-3,-6,-4,-6,-3,-6,-2,-8,-3,-6,-3,-6,-1,-5,-1,-5,-1,-6,-1,-7,-1,-6,-2,-6,-2,-6,0,-5,-1,-5,-2,-6,-1,-6,-1,-7,-1,-7,-1,-7,-2,-7,-2,-8,-2,-7,1,-7,2,-6,0,0,0,0,0,0,0,0,0,0,0,0,0,0,0,0,0,0,0,0,0,0,-12,-18,-13,-20,-10,-21,-8,-25,-7,-26,-4,-27,-2,-28,1,-30,0,-32,6,-31,8,-32,11,-32,15,-35,17,-35,20,-34,23,-31,24,-33,25,-29,30,-31,33,-26,34,-24,38,-23,37,-20,39,-18,40,-15,41,-14,42,-8,44,-10,42,-6,42,-5,40,-2,42,-2,40,4,40,4,38,6,37,6,35,6,36,7,34,9,34,10,33,10,30,10,31,11,32,13,30,14,25,13,25,14,23,14,27,14,22,15,22,15,22,14,20,17,18,14,17,15,17,15,16,13,0,0]"
CSI_DATA,382,1a:00:00:00:00:00,-55,11,1,0,1,1,1,0,0,0,1,-96,0,11,2,5163839,0,44,0,384,0,"[0,0,0,0,0,0,0,0,0,0,0,0,-5,-3,-5,-3,-5,-3,-5,-3,-4,-3,-4,-3,-4,-2,-3,-2,-3,-2,-3,-2,-2,-2,-2,-2,-3,-2,-3,-2,-2,-1,-2,0,-2,0,-1,0,-2,0,-2,0,-2,0,-2,0,-1,1,-2,0,-2,0,-1,1,0,0,-1,2,-2,0,-2,1,-2,1,-2,1,-2,1,-2,1,-2,1,-2,1,-2,1,-2,1,-2,1,-2,0,-2,1,-2,1,-2,1,-2,1,-2,1,-2,1,-2,1,-2,1,-2,1,-2,1,-2,1,-3,1,-3,1,0,0,0,0,0,0,0,0,0,0,0,0,0,0,-32,-26,-31,-22,-29,-20,-25,-23,-23,-21,-25,-22,-23,-18,-19,-18,-17,-15,-15,-17,-15,-15,-12,-17,-13,-17,-11,-9,-10,-11,-6,-10,-12,-3,-10,-5,-9,-4,-6,-6,-7,-2,-5,-4,-7,0,-6,2,-9,1,-8,4,-8,4,-8,2,-7,6,-6,5,-7,4,-8,8,-8,8,-14,7,-10,8,-14,9,-9,7,-10,4,-9,9,-11,6,-8,8,-6,5,-9,4,-7,5,-10,9,-8,5,-8,8,-10,5,-9,6,-9,9,-9,10,-10,10,-9,4,-12,6,-14,6,-13,4,-15,5,0,0,0,0,0,0,0,0,0,0,0,0,0,0,0,0,0,0,0,0,0,0,-45,10,-45,6,-46,5,-55,-1,-51,-3,-56,-10,-54,-14,-58,-17,-57,-21,-57,-22,-58,-29,-61,-34,-67,-39,-62,-47,-65,-49,-51,-56,-58,-63,-50,-61,-51,-67,-38,-77,-41,-75,-36,-82,-33,-79,-34,-81,-22,-87,-21,-87,-13,-88,-12,-89,-5,-86,-1,-87,1,-80,6,-81,8,-77,10,-81,14,-79,13,-77,13,-71,12,-72,15,-72,15,-71,21,-74,19,-64,21,-65,21,-62,24,-58,22,-59,21,-59,26,-55,23,-56,25,-49,20,-47,24,-46,30,-48,26,-38,23,-40,25,-43,27,-38,0,0]"
CSI_DATA,383,1a:00:00:00:00:00,-55,11,1,0,1,1,1,0,0,0,1,-96,0,11,2,5194451,0,44,0,384,0,"[0,0,0,0,0,0,0,0,0,0,0,0,4,2,3,2,4,2,3,2,3,2,2,1,2,1,2,1,1,1,2,1,1,1,1,0,1,1,1,0,1,0,1,0,1,0,1,-1,1,0,1,0,1,-1,1,-1,0,-1,1,-1,1,-1,1,-2,0,0,1,-2,1,-1,1,-1,1,-2,1,-2,1,-1,1,-2,1,-2,1,-2,1,-2,1,-2,1,-1,1,-1,1,-2,1,-2,1,-2,1,-2,1,-2,1,-2,1,-2,1,-2,1,-2,1,-2,1,-2,2,-1,2,-1,0,0,0,0,0,0,0,0,0,0,0,0,0,0,30,16,30,19,27,17,30,18,24,17,22,17,23,17,23,14,17,12,18,14,14,11,12,9,15,10,16,12,8,9,12,9,11,5,9,3,9,2,9,2,4,2,5,2,8,0,7,-5,6,-1,8,-5,5,-7,10,-9,7,-8,7,-5,7,-7,3,-7,11,-7,8,-5,6,-9,10,-9,9,-7,10,-6,9,-8,11,-8,6,-10,9,-8,9,-4,12,-9,10,-9,8,-9,9,-8,7,-10,8,-7,13,-12,4,-5,9,-9,11,-7,11,-6,14,-8,12,-6,13,-4,0,0,0,0,0,0,0,0,0,0,0,0,0,0,0,0,0,0,0,0,0,0,37,-25,39,-22,41,-18,53,-20,48,-9,56,-9,58,-5,58,-3,63,-1,60,6,69,11,68,15,68,22,67,28,70,37,66,38,70,45,63,46,66,55,56,60,55,66,55,66,48,70,47,76,42,78,36,76,30,79,27,86,24,84,18,82,15,79,11,85,10,82,5,78,2,81,2,74,2,72,-3,72,-5,69,-6,71,-7,68,-6,68,-11,69,-9,62,-11,61,-18,59,-20,57,-14,56,-18,56,-18,54,-21,49,-20,49,-19,48,-20,47,-20,48,-24,44,-22,40,0,0]"
CSI_DATA,384,1a:00:00:00:00:00,-55,11,1,0,1,1,1,0,0,0,1,-96,0,11,2,5203846,0,44,0,384,0,"[0,0,0,0,0,0,0,0,0,0,0,0,-6,2,-6,2,-5,2,-5,1,-5,1,-5,1,-4,1,-4,1,-3,1,-3,0,-3,1,-3,1,-2,0,-2,0,-2,0,-2,1,-2,1,-1,1,-1,0,0,0,0,0,0,1,0,1,0,1,0,1,0,1,0,0,0,2,0,1,1,2,0,2,1,1,1,2,1,2,1,2,0,2,0,2,0,2,0,2,0,1,0,1,0,1,0,1,1,2,0,1,0,1,0,2,0,2,0,2,0,2,0,2,-1,2,-1,2,0,0,0,0,0,0,0,0,0,0,0,0,0,0,-18,8,-18,10,-16,7,-14,6,-14,8,-15,6,-13,6,-13,5,-11,4,-8,6,-8,4,-7,4,-8,3,-5,3,-6,2,-5,2,-6,2,-4,2,-4,4,-3,2,-3,2,-1,2,-1,1,-1,3,0,1,0,4,2,3,1,4,1,2,4,3,2,5,3,4,2,4,3,3,4,4,2,5,1,5,3,3,3,5,4,6,3,4,4,5,4,3,1,3,2,4,5,5,4,4,4,4,2,3,3,4,4,5,4,5,4,5,4,5,4,6,5,7,1,7,0,0,0,0,0,0,0,0,0,0,0,0,0,0,0,0,0,0,0,0,0,0,-11,19,-16,18,-18,18,-18,17,-21,17,-24,14,-26,15,-28,13,-30,13,-30,11,-33,10,-34,9,-36,8,-38,5,-39,2,-39,0,-42,-1,-42,-4,-40,-5,-42,-8,-41,-10,-44,-13,-42,-15,-43,-19,-40,-18,-40,-20,-37,-24,-38,-22,-36,-25,-36,-25,-35,-26,-31,-27,-31,-27,-29,-25,-30,-28,-28,-26,-28,-28,-25,-27,-26,-26,-25,-28,-23,-29,-23,-26,-22,-26,-21,-26,-20,-25,-22,-23,-19,-25,-18,-23,-17,-23,-16,-25,-15,-22,-15,-22,-15,-22,-15,-21,-15,-22,-15,-20,-12,-18,0,0]"
CSI_DATA,385,1a:00:00:00:00:00,-55,11,1,0,1,1,1,0,0,0,1,-96,0,11,2,5213858,0,44,0,384,0,"[0,0,0,0,0,0,0,0,0,0,0,0,5,-3,5,-2,4,-2,4,-1,4,-2,3,-2,3,-2,3,-2,3,-2,2,-1,2,-2,2,-2,1,-1,1,-1,1,-1,1,-2,0,-1,0,-2,0,-1,-1,-1,-1,-1,-1,-2,0,-2,-1,-2,-1,-2,-1,-2,0,0,-1,-3,-1,-2,-2,-2,-1,-3,-1,-3,-1,-2,-1,-3,-2,-2,-1,-3,-1,-3,-1,-3,-1,-2,-2,-2,-2,-3,-1,-2,-1,-2,-2,-2,-1,-2,-1,-3,-1,-2,-1,-2,-2,-3,-1,-3,-1,-3,-1,-3,-1,-3,0,0,0,0,0,0,0,0,0,0,0,0,0,0,44,-10,38,-5,34,-8,33,-9,31,-11,28,-8,30,-5,24,-8,26,-4,22,-2,18,-7,17,-3,15,-7,16,-3,10,0,8,-5,13,-3,8,-6,8,-5,3,-6,5,-7,1,-8,5,-7,2,-6,0,-7,1,-8,-5,-8,-3,-11,-4,-8,-1,-8,-3,-14,-4,-11,-5,-12,-5,-7,-7,-11,-6,-10,-7,-14,-3,-10,-3,-12,-6,-13,-6,-12,-6,-13,-5,-8,-2,-8,-3,-8,-5,-10,-6,-9,-7,-10,-7,-13,-2,-11,-7,-15,-8,-12,-8,-11,-7,-14,-3,-10,-3,-14,-4,-14,0,0,0,0,0,0,0,0,0,0,0,0,0,0,0,0,0,0,0,0,0,0,37,-24,38,-23,44,-20,47,-21,51,-18,52,-11,56,-6,58,-5,66,-1,67,0,68,5,71,11,75,14,73,18,74,26,76,30,74,30,81,39,73,40,72,41,66,54,73,58,64,57,65,60,61,66,55,69,56,68,53,70,51,73,48,69,43,69,39,67,36,69,36,73,35,70,31,70,29,71,32,71,26,69,26,65,24,62,30,64,22,64,25,62,19,59,19,63,14,57,16,55,17,56,12,57,15,54,13,47,12,49,14,49,15,48,10,45,11,45,0,0]"
CSI_DATA,386,1a:00:00:00:00:00,-55,11,1,0,1,1,1,0,0,0,1,-96,0,11,2,5223861,0,44,0,384,0,"[0,0,0,0,0,0,0,0,0,0,0,0,-5,3,-4,3,-4,2,-4,2,-4,2,-3,2,-3,2,-3,2,-3,2,-2,1,-2,1,-2,1,-2,1,-1,1,-1,0,-1,1,-1,1,-1,1,0,0,0,0,0,0,0,0,0,1,1,0,1,0,0,1,0,0,0,1,1,0,1,1,1,1,1,1,1,1,1,1,1,1,1,1,1,1,1,1,1,1,1,0,1,1,1,1,1,1,1,0,1,0,1,0,1,0,1,1,1,1,2,1,1,1,1,1,1,1,0,0,0,0,0,0,0,0,0,0,0,0,0,0,-28,28,-31,25,-30,24,-27,20,-28,21,-25,14,-25,15,-21,16,-19,12,-16,13,-14,14,-17,9,-14,11,-10,11,-9,10,-9,8,-13,5,-5,6,-8,5,-4,8,-2,10,3,11,-2,6,1,6,2,8,2,7,2,5,2,8,3,5,6,9,6,10,6,12,6,7,7,8,6,7,5,8,5,7,4,7,7,7,7,9,7,9,5,10,6,10,7,8,5,7,6,11,6,8,10,9,7,13,11,10,10,13,8,9,10,10,8,9,6,11,5,13,5,13,0,0,0,0,0,0,0,0,0,0,0,0,0,0,0,0,0,0,0,0,0,0,0,42,-9,44,-11,46,-15,45,-19,51,-27,45,-29,48,-32,52,-39,49,-42,50,-49,45,-55,45,-56,45,-65,41,-64,38,-70,37,-75,34,-80,27,-77,26,-80,22,-83,14,-90,12,-92,9,-89,1,-90,-4,-89,-8,-87,-14,-84,-13,-83,-19,-80,-22,-77,-24,-77,-23,-77,-28,-75,-31,-77,-30,-68,-35,-68,-31,-65,-32,-67,-37,-62,-36,-61,-37,-61,-34,-54,-34,-58,-36,-48,-35,-46,-36,-44,-38,-51,-34,-44,-37,-46,-37,-41,-31,-43,-35,-41,-31,-36,-39,-35,-37,-34,-35,-38,-36,0,0]"
CSI_DATA,387,1a:00:00:00:00:00,-55,11,1,0,1,1,1,0,0,0,1,-96,0,11,2,5234089,0,44,0,384,0,"[0,0,0,0,0,0,0,0,0,0,0,0,4,-1,4,0,4,0,4,0,4,0,3,0,3,-1,3,-1,3,-1,2,0,2,-1,2,-1,1,-1,1,-1,1,-1,0,-2,1,-1,0,-2,0,-1,0,-1,0,-1,0,-2,0,-2,0,-2,-1,-2,-1,-3,0,0,-1,-3,-1,-2,-1,-2,-1,-3,-1,-2,-1,-2,-1,-2,-1,-2,-1,-3,-1,-3,-1,-3,-1,-2,-1,-2,-1,-2,-1,-2,-1,-2,-1,-2,-1,-2,-1,-2,-1,-3,-1,-3,-1,-2,-1,-3,-1,-3,-1,-3,-1,-3,0,0,0,0,0,0,0,0,0,0,0,0,0,0,39,5,35,4,36,5,30,7,28,2,31,7,28,4,28,6,22,2,21,0,21,3,17,-1,18,-1,17,0,13,2,12,2,14,-4,13,-1,11,-2,6,-4,5,-4,2,-4,5,-5,-1,-8,2,-10,2,-8,-2,-13,-1,-11,-3,-8,0,-10,-4,-12,-4,-10,-2,-12,-3,-12,-3,-15,-1,-11,0,-15,-2,-13,-1,-15,-5,-11,-1,-13,2,-11,-1,-14,-1,-11,0,-11,-1,-10,-3,-12,-6,-10,-6,-14,-5,-12,-8,-16,-4,-15,-3,-14,-4,-14,-5,-15,-1,-18,-1,-14,0,0,0,0,0,0,0,0,0,0,0,0,0,0,0,0,0,0,0,0,0,0,42,-3,48,1,45,3,52,9,50,12,52,16,50,17,57,23,56,28,54,29,56,39,54,42,56,45,56,50,53,54,51,56,55,64,46,64,47,66,41,75,47,76,40,80,34,75,32,82,27,84,24,83,21,84,15,84,14,83,12,83,10,78,7,84,6,81,6,79,7,80,3,75,3,72,-1,76,0,73,-1,71,2,71,1,64,-5,66,-3,69,-3,62,-4,62,-5,61,-4,53,-6,57,-5,55,-5,51,-8,53,-6,56,-3,45,-5,50,-6,46,-2,43,0,0]"
CSI_DATA,388,1a:00:00:00:00:00,-55,11,1,0,1,1,1,0,0,0,1,-96,0,11,2,5245140,0,44,0,384,0,"[0,0,0,0,0,0,0,0,0,0,0,0,4,-4,4,-4,3,-4,3,-4,3,-3,3,-3,2,-3,2,-3,2,-3,2,-2,2,-3,1,-2,1,-2,0,-2,0,-2,0,-2,0,-2,0,-2,0,-2,-1,-2,-1,-2,-1,-2,-1,-2,-2,-2,-2,-2,-1,-2,0,0,-1,-2,-2,-2,-2,-2,-2,-2,-2,-3,-2,-3,-2,-3,-2,-3,-1,-2,-1,-2,-1,-2,-1,-2,-2,-3,-2,-2,-1,-2,-2,-2,-2,-2,-2,-2,-2,-2,-2,-2,-2,-3,-2,-3,-1,-3,-1,-3,-1,-3,-1,-3,0,0,0,0,0,0,0,0,0,0,0,0,0,0,14,-14,13,-13,11,-14,13,-14,12,-11,12,-11,10,-10,12,-8,8,-6,10,-7,6,-9,6,-7,5,-8,6,-3,4,-5,3,-3,3,-6,3,-5,3,-5,1,-4,0,-5,0,-4,0,-2,-3,-3,0,-4,-2,-3,-3,-3,-2,-5,-2,-4,-4,-4,-3,-6,-4,-5,-4,-3,-4,-6,-3,-4,-4,-4,-3,-4,-6,-6,-4,-6,-3,-4,-4,-7,-4,-6,-4,-5,-3,-3,-5,-3,-5,-5,-6,-4,-4,-5,-5,-5,-4,-5,-4,-5,-4,-5,-4,-4,-6,-7,-4,-6,-5,-7,-2,-8,0,0,0,0,0,0,0,0,0,0,0,0,0,0,0,0,0,0,0,0,0,0,-3,-22,0,-23,4,-23,6,-25,7,-26,11,-26,13,-25,15,-27,18,-27,18,-24,20,-27,23,-26,25,-26,29,-25,33,-24,32,-20,35,-24,36,-17,38,-18,42,-14,39,-11,44,-10,43,-6,43,-7,45,-2,45,-1,43,0,45,4,39,4,43,6,39,10,40,10,38,11,37,12,38,12,36,12,34,14,34,10,33,15,32,13,31,17,31,16,30,16,28,14,29,14,29,15,26,15,25,14,24,15,21,18,23,15,20,18,22,16,19,15,18,15,18,16,15,15,0,0]"
CSI_DATA,389,1a:00:00:00:00:00,-55,11,1,0,1,1,1,0,0,0,1,-96,0,11,2,5267542,0,44,0,384,0,"[0,0,0,0,0,0,0,0,0,0,0,0,3,4,2,4,2,3,2,4,2,3,1,3,1,2,2,2,1,2,1,2,1,1,1,1,1,1,1,1,1,1,1,0,1,0,0,-1,1,0,1,0,1,-1,1,-1,1,-1,1,-1,1,-1,1,-2,0,0,1,-2,1,-1,1,-1,1,-2,1,-1,1,-1,1,-1,1,-1,1,-2,1,-2,1,-2,1,-1,1,-2,1,-1,1,-2,1,-2,1,-2,1,-2,1,-2,1,-2,2,-2,1,-2,1,-2,1,-2,2,-1,2,-1,0,0,0,0,0,0,0,0,0,0,0,0,0,0,7,17,4,15,8,16,7,14,5,12,3,13,4,11,4,13,3,10,3,8,2,10,3,8,2,9,1,7,2,6,3,5,3,5,4,3,2,3,2,3,2,1,1,1,1,0,4,0,3,-1,5,0,4,-1,4,-2,3,-1,5,-3,3,-2,3,-2,5,-3,4,-1,5,-3,6,-3,5,-2,6,-2,4,-2,5,-4,5,-3,3,-2,5,-3,4,-3,4,-2,3,-5,3,-3,3,-3,3,-3,4,-4,3,-5,5,-4,5,-3,7,-3,6,-2,6,-1,5,-1,0,0,0,0,0,0,0,0,0,0,0,0,0,0,0,0,0,0,0,0,0,0,18,10,18,12,17,15,18,17,17,19,13,21,15,22,13,25,12,28,10,29,10,32,8,32,9,36,4,38,3,39,-2,36,-1,40,-2,39,-5,39,-9,40,-10,39,-14,41,-14,42,-17,38,-21,38,-19,38,-23,37,-25,36,-25,31,-28,31,-27,29,-26,28,-28,29,-27,27,-28,27,-28,25,-26,24,-29,21,-28,22,-29,21,-29,23,-25,19,-27,17,-27,18,-27,17,-25,14,-27,16,-26,15,-25,14,-24,12,-25,12,-25,10,-25,11,-22,9,-23,9,-20,10,-20,9,0,0]"
CSI_DATA,390,1a:00:00:00:00:00,-55,11,1,0,1,1,1,0,0,0,1,-96,0,11,2,5275916,0,44,0,384,0,"[0,0,0,0,0,0,0,0,0,0,0,0,1,5,1,4,1,4,1,4,1,4,0,3,0,3,0,3,0,2,0,2,0,2,0,2,1,1,1,1,0,1,0,0,0,0,0,0,1,0,1,0,1,0,1,0,1,-1,1,0,2,0,1,-1,0,0,1,-1,2,-1,2,-1,1,-1,2,-1,2,0,2,0,2,0,1,-1,2,-1,1,-1,2,0,1,0,1,-1,2,-1,2,-1,2,-1,1,-1,2,-1,2,-1,1,-1,2,0,2,0,2,-1,2,0,2,0,0,0,0,0,0,0,0,0,0,0,0,0,0,0,8,16,6,16,6,15,4,15,6,14,4,13,4,13,5,10,4,9,3,9,4,9,2,8,1,8,4,5,1,5,3,5,3,5,3,3,3,2,2,2,3,4,2,2,2,0,2,-1,3,-1,4,1,2,1,4,-1,5,-2,3,-1,5,-1,3,-2,4,-2,7,-3,4,-3,4,-3,5,-3,6,-2,7,-3,5,-2,4,-2,5,0,5,-1,5,-3,5,-1,4,-2,4,0,6,-2,2,-3,6,-4,6,-2,7,-2,5,-1,5,-1,7,0,6,0,6,1,0,0,0,0,0,0,0,0,0,0,0,0,0,0,0,0,0,0,0,0,0,0,22,6,20,8,19,10,20,14,20,15,18,16,19,18,21,21,21,23,17,25,16,28,15,31,15,33,14,35,13,37,7,38,6,40,5,40,1,41,1,43,-1,41,-6,43,-8,40,-12,42,-13,42,-14,41,-18,39,-19,39,-20,36,-21,37,-22,35,-24,32,-23,33,-23,31,-24,29,-25,29,-24,28,-24,26,-25,24,-25,22,-25,23,-24,22,-26,21,-27,21,-25,21,-22,17,-24,18,-25,19,-24,18,-23,12,-24,14,-23,13,-23,13,-21,11,-20,11,-22,10,-20,9,0,0]"
CSI_DATA,391,1a:00:00:00:00:00,-55,11,1,0,1,1,1,0,0,0,1,-96,0,11,2,5284191,0,44,0,384,0,"[0,0,0,0,0,0,0,0,0,0,0,0,2,-6,2,-5,2,-5,1,-5,1,-4,2,-4,2,-4,1,-3,1,-3,1,-3,1,-3,1,-3,0,-2,0,-2,0,-2,0,-2,0,-2,0,-2,-1,-2,-1,-2,-1,-2,-2,-2,-1,-1,-2,-2,-2,-2,-2,-2,0,0,-2,-1,-2,-2,-2,-2,-2,-2,-2,-2,-2,-3,-2,-2,-2,-2,-2,-2,-2,-2,-2,-2,-2,-2,-2,-2,-2,-2,-2,-2,-2,-2,-2,-2,-2,-2,-2,-2,-2,-2,-2,-2,-2,-2,-2,-2,-1,-3,-2,-3,-1,-3,0,0,0,0,0,0,0,0,0,0,0,0,0,0,15,-36,18,-37,13,-31,15,-32,10,-33,12,-22,13,-23,13,-22,9,-20,8,-25,4,-22,10,-22,7,-17,4,-11,4,-13,3,-16,4,-10,1,-12,1,-8,-4,-10,-3,-12,-4,-8,-2,-6,-3,-3,-6,-5,-6,-4,-8,-6,-8,-3,-10,-1,-7,-6,-12,-7,-9,-5,-8,-3,-11,0,-13,-7,-10,-1,-13,-5,-11,-2,-12,-2,-6,-7,-10,-5,-13,-7,-13,-5,-12,-8,-11,-4,-8,-1,-11,-3,-14,-2,-9,-2,-13,-3,-12,-7,-12,-4,-13,-9,-15,-3,-14,-6,-13,-8,-11,-10,0,0,0,0,0,0,0,0,0,0,0,0,0,0,0,0,0,0,0,0,0,0,-12,-45,-10,-46,-7,-47,1,-52,4,-54,10,-58,9,-52,15,-57,20,-60,21,-59,30,-59,33,-61,37,-63,42,-62,48,-60,54,-57,57,-61,61,-55,63,-51,69,-48,70,-43,78,-43,79,-39,82,-36,83,-30,81,-26,85,-20,86,-21,82,-14,84,-13,81,-9,83,-9,80,1,76,0,78,0,77,2,74,3,73,3,72,3,72,2,71,7,65,6,66,12,68,9,62,13,61,15,58,11,60,10,56,12,55,11,51,16,50,10,50,13,49,12,47,12,47,14,43,14,0,0]"
CSI_DATA,392,1a:00:00:00:00:00,-54,11,1,0,1,1,1,0,0,0,1,-96,0,11,2,5296650,0,44,0,384,0,"[0,0,0,0,0,0,0,0,0,0,0,0,3,-5,3,-4,3,-4,2,-4,2,-4,2,-3,2,-4,1,-3,2,-3,1,-3,1,-2,1,-2,1,-2,0,-2,0,-2,0,-2,0,-2,0,-2,-1,-2,-1,-1,-2,-2,-2,-1,-1,-2,-2,-2,-2,-2,-1,-2,0,0,-1,-2,-2,-2,-2,-2,-1,-2,-2,-2,-2,-2,-2,-2,-2,-2,-1,-2,-2,-2,-2,-2,-2,-2,-2,-2,-2,-2,-2,-2,-2,-2,-2,-2,-2,-1,-2,-2,-2,-2,-2,-2,-2,-2,-2,-3,-2,-3,-2,-3,-1,-3,0,0,0,0,0,0,0,0,0,0,0,0,0,0,25,-29,25,-24,24,-30,19,-25,21,-23,25,-25,17,-22,21,-15,23,-15,15,-16,14,-13,12,-13,11,-15,13,-8,6,-10,7,-10,8,-11,8,-9,7,-8,2,-10,0,-11,-1,-6,0,-6,0,-7,-1,-4,-2,-6,-5,-12,-3,-8,-4,-7,-6,-10,-6,-12,-10,-14,-6,-7,-1,-11,-4,-9,-5,-12,-7,-8,-3,-14,-8,-12,-7,-12,-5,-11,-7,-12,-4,-9,-6,-9,-6,-7,-5,-8,-7,-9,-5,-12,-8,-11,-7,-8,-7,-11,-9,-12,-8,-14,-6,-12,-5,-13,-3,-14,-4,-16,0,0,0,0,0,0,0,0,0,0,0,0,0,0,0,0,0,0,0,0,0,0,-19,-37,-15,-46,-10,-46,-7,-53,-1,-51,3,-55,8,-55,10,-59,14,-62,22,-61,29,-62,31,-63,38,-67,45,-61,48,-60,52,-55,60,-58,65,-54,62,-51,72,-44,72,-43,79,-39,75,-34,83,-25,82,-24,86,-20,85,-15,89,-11,84,-3,88,-1,79,1,83,5,80,8,78,5,78,10,77,16,70,14,72,17,70,20,67,17,71,23,64,26,61,25,60,24,55,24,59,28,53,30,54,20,49,29,52,28,43,30,44,32,44,29,41,24,37,25,34,33,33,29,0,0]"
CSI_DATA,393,1a:00:00:00:00:00,-55,11,1,0,1,1,1,0,0,0,1,-96,0,11,2,5303881,0,44,0,384,0,"[0,0,0,0,0,0,0,0,0,0,0,0,4,2,4,2,3,2,3,2,3,2,2,2,2,1,2,1,2,1,1,1,1,1,1,1,1,1,1,0,1,0,1,0,1,0,1,-1,1,0,1,-1,1,-1,1,-1,1,-1,1,-1,1,-1,1,-2,0,0,1,-2,1,-1,1,-1,1,-2,1,-1,1,-1,1,-2,1,-1,1,-2,1,-2,1,-2,1,-1,1,-1,1,-1,1,-1,1,-2,1,-1,2,-1,2,-1,2,-2,2,-2,1,-1,1,-1,2,-2,2,-1,2,-1,0,0,0,0,0,0,0,0,0,0,0,0,0,0,29,26,20,28,26,24,21,24,18,28,19,26,18,22,15,21,13,17,13,20,12,13,6,15,10,16,8,11,7,11,6,6,5,7,7,5,9,5,7,6,9,5,4,2,7,-5,9,0,9,1,10,0,9,-4,8,-4,9,-3,9,-6,10,-2,7,-7,9,-5,10,-6,10,-4,12,-5,11,-6,13,-4,14,-5,7,-3,9,-6,10,-5,12,0,12,-3,9,-2,10,-7,13,-5,10,-4,13,-5,11,-2,10,-4,13,-5,16,-1,11,0,12,0,14,4,14,1,0,0,0,0,0,0,0,0,0,0,0,0,0,0,0,0,0,0,0,0,0,0,33,-28,37,-24,41,-22,49,-19,51,-14,52,-10,57,-5,61,1,60,4,61,6,67,15,68,15,73,21,67,28,72,37,65,41,69,49,64,53,63,56,55,62,52,69,51,77,44,73,42,78,38,84,35,82,25,81,20,84,13,83,10,87,6,78,4,85,-4,81,-7,78,-7,78,-9,76,-10,74,-10,72,-9,70,-17,72,-17,71,-19,61,-23,67,-25,65,-28,58,-25,52,-25,54,-26,53,-26,48,-27,49,-27,48,-31,40,-32,47,-30,43,-30,37,-28,34,-28,35,0,0]"
CSI_DATA,394,1a:00:00:00:00:00,-55,11,1,0,1,1,1,0,0,0,1,-96,0,11,2,5316530,0,44,0,384,0,"[0,0,0,0,0,0,0,0,0,0,0,0,3,4,2,3,3,4,2,4,2,3,1,3,1,3,1,2,1,2,1,2,1,2,1,1,1,1,1,1,1,1,1,0,1,0,0,0,1,0,1,0,1,0,1,-1,1,-1,1,-1,1,-1,1,-1,0,0,1,-1,1,-1,1,-1,2,-2,2,-1,1,-1,2,-1,1,-1,1,-2,2,-2,1,-2,1,-1,1,-1,1,-1,1,-2,1,-2,1,-1,1,-2,1,-2,2,-2,2,-1,1,-1,1,-1,2,-1,2,-1,2,-1,0,0,0,0,0,0,0,0,0,0,0,0,0,0,8,17,9,15,9,15,6,15,5,14,7,14,4,10,4,11,4,11,3,11,4,10,3,8,4,7,3,5,2,6,2,5,2,5,4,3,2,2,3,5,3,2,3,1,3,-1,2,1,2,0,4,0,3,-1,5,-1,5,-2,4,-2,5,-3,4,-2,4,-1,5,-1,5,-2,7,-1,6,0,5,0,6,-2,5,-2,6,-1,5,-1,5,2,5,1,6,1,5,-1,5,-1,6,-1,5,1,6,0,6,0,5,-1,6,2,5,2,5,3,8,2,6,3,0,0,0,0,0,0,0,0,0,0,0,0,0,0,0,0,0,0,0,0,0,0,19,-9,23,-5,24,-3,26,-4,25,1,27,1,27,5,29,7,29,8,30,11,31,17,30,18,31,20,30,24,28,28,27,26,27,31,23,32,22,34,20,39,15,40,15,42,11,40,8,44,4,44,3,44,0,42,-2,44,-4,40,-5,42,-6,38,-9,40,-13,39,-13,37,-12,37,-14,35,-14,33,-16,32,-15,32,-16,32,-19,31,-16,28,-20,28,-18,28,-20,27,-23,23,-21,23,-21,23,-21,22,-18,20,-20,21,-20,19,-21,17,-19,17,-21,15,-18,13,-20,12,0,0]"
CSI_DATA,395,1a:00:00:00:00:00,-55,11,1,0,1,1,1,0,0,0,1,-96,0,11,2,5343837,0,44,0,384,0,"[0,0,0,0,0,0,0,0,0,0,0,0,-5,-3,-5,-3,-5,-3,-5,-3,-5,-3,-4,-3,-3,-2,-3,-2,-3,-2,-3,-2,-3,-2,-3,-1,-3,-1,-2,-1,-2,-1,-2,0,-1,0,-2,0,-2,0,-2,0,-2,0,-2,0,-2,1,-2,1,-2,1,-1,1,0,0,-2,1,-2,1,-2,1,-2,2,-2,1,-2,1,-2,1,-2,1,-2,1,-2,2,-2,2,-2,1,-2,1,-1,1,-2,2,-1,1,-1,1,-2,2,-2,2,-2,2,-2,2,-1,2,-2,1,-2,1,-2,2,-3,1,0,0,0,0,0,0,0,0,0,0,0,0,0,0,-19,-7,-19,-8,-18,-8,-16,-8,-15,-9,-13,-7,-12,-8,-12,-7,-12,-7,-10,-5,-9,-6,-8,-5,-9,-5,-7,-4,-5,-4,-8,-3,-8,-3,-7,-1,-5,-1,-5,-2,-5,-1,-4,0,-4,0,-4,1,-5,1,-6,2,-3,1,-5,3,-5,3,-2,3,-4,2,-5,2,-6,4,-7,3,-4,4,-5,2,-6,3,-6,3,-5,1,-4,2,-5,3,-5,2,-4,4,-6,1,-5,2,-5,2,-5,4,-5,2,-5,2,-6,3,-4,2,-6,1,-7,2,-5,3,-7,2,-7,2,-6,0,0,0,0,0,0,0,0,0,0,0,0,0,0,0,0,0,0,0,0,0,0,0,3,6,-12,56,-30,19,-22,19,-14,18,-18,15,-26,15,-24,14,-31,16,-28,11,-31,9,-32,7,-36,4,-38,2,-37,1,-39,-1,-41,-3,-42,-8,-40,-11,-39,-14,-38,-18,-41,-19,-40,-22,-37,-26,-34,-28,-34,-28,-29,-33,-29,-34,-27,-34,-25,-35,-23,-33,-21,-34,-18,-35,-18,-36,-16,-36,-14,-35,-13,-35,-11,-35,-9,-35,-9,-34,-7,-34,-7,-35,-6,-33,-3,-34,-2,-31,-4,-33,0,-29,-2,-30,0,-30,4,-29,1,-27,3,-27,4,-28,3,-24,4,-24,3,-22,5,-23,0,0]"
CSI_DATA,396,1a:00:00:00:00:00,-55,11,1,0,1,1,1,0,0,0,1,-96,0,11,2,5354009,0,44,0,384,0,"[0,0,0,0,0,0,0,0,0,0,0,0,4,-3,4,-3,3,-3,3,-2,3,-2,3,-2,2,-2,2,-2,2,-2,2,-2,2,-2,1,-2,1,-1,1,-2,0,-1,0,-2,0,-2,0,-2,0,-1,-1,-1,-1,-1,-1,-2,-1,-2,-1,-1,-1,-2,-1,-2,0,0,-1,-2,-2,-2,-2,-2,-1,-2,-2,-2,-2,-2,-2,-2,-2,-2,-1,-2,-1,-2,-1,-2,-2,-2,-2,-2,-2,-2,-1,-2,-1,-2,-2,-2,-2,-2,-1,-2,-2,-2,-1,-2,-2,-2,-2,-2,-2,-3,-1,-3,-1,-3,0,0,0,0,0,0,0,0,0,0,0,0,0,0,34,-24,32,-15,30,-15,33,-19,27,-11,32,-16,27,-10,22,-7,21,-13,18,-9,17,-7,18,-7,16,-6,13,-9,13,-6,10,-7,8,-7,9,-9,7,-8,5,-9,5,-5,1,-3,5,-4,3,-9,3,-5,4,-11,-2,-7,0,-9,-2,-11,-8,-7,-4,-11,-10,-13,-4,-11,-1,-10,-6,-11,-4,-10,-3,-13,-6,-11,-3,-12,-2,-13,-3,-13,-3,-12,-5,-7,-7,-10,-2,-12,-7,-10,-5,-12,-6,-13,-4,-11,-5,-13,-5,-11,-4,-15,-6,-14,0,-12,-5,-15,-3,-17,1,-15,0,0,0,0,0,0,0,0,0,0,0,0,0,0,0,0,0,0,0,0,0,0,4,-46,8,-45,15,-46,18,-51,24,-48,28,-46,33,-46,41,-48,45,-43,43,-43,50,-46,55,-43,60,-41,64,-39,71,-33,72,-29,78,-29,79,-19,79,-15,83,-10,82,-6,89,2,88,0,86,7,86,15,88,16,85,22,84,29,80,28,81,35,75,32,75,37,68,43,69,43,67,43,61,43,60,43,57,41,56,43,54,43,54,48,51,42,48,46,47,44,44,42,41,48,37,44,40,42,35,48,33,45,35,43,36,42,29,45,28,40,28,38,25,39,22,37,0,0]"
CSI_DATA,397,1a:00:00:00:00:00,-55,11,1,0,1,1,1,0,0,0,1,-96,0,11,2,5363839,0,44,0,384,0,"[0,0,0,0,0,0,0,0,0,0,0,0,-6,-2,-5,-1,-5,-2,-5,-2,-4,-2,-4,-2,-4,-1,-4,-1,-3,-1,-3,-2,-3,-1,-3,-1,-3,-1,-2,-1,-2,-1,-2,0,-2,0,-2,0,-1,0,-1,0,-1,0,-1,0,-1,1,-1,1,-1,1,-1,1,0,0,-2,2,-1,1,-1,1,-1,1,-1,1,-1,1,-1,1,-1,1,-2,1,-2,1,-2,1,-1,1,-1,1,-1,1,-2,1,-1,1,-1,1,-1,1,-1,1,-2,1,-2,1,-2,2,-1,1,-2,2,-2,1,-2,1,0,0,0,0,0,0,0,0,0,0,0,0,0,0,-41,-7,-35,-8,-35,-4,-29,-7,-30,-10,-28,-7,-32,-8,-25,-5,-25,-7,-22,-6,-20,-5,-19,-5,-19,-3,-14,-5,-14,-6,-12,-5,-12,-2,-14,-1,-12,-4,-7,-2,-8,1,-6,3,-11,2,-6,7,-7,2,-8,3,-6,6,-5,6,-6,9,-4,8,-4,10,-6,10,-10,9,-8,8,-6,11,-6,11,-13,10,-10,9,-8,10,-9,8,-5,8,-8,5,-7,9,-10,8,-3,6,-9,12,-4,9,-6,8,-9,9,-10,9,-12,10,-10,10,-8,7,-9,9,-10,10,-12,6,-13,7,0,0,0,0,0,0,0,0,0,0,0,0,0,0,0,0,0,0,0,0,0,0,-18,41,-21,41,-26,41,-31,41,-36,42,-39,39,-44,34,-48,35,-58,32,-56,27,-62,26,-68,20,-72,21,-77,17,-80,9,-80,2,-85,-7,-85,-9,-83,-12,-84,-23,-83,-30,-85,-32,-79,-39,-79,-40,-74,-49,-75,-52,-70,-57,-71,-60,-60,-63,-59,-64,-55,-68,-49,-67,-48,-66,-44,-66,-40,-67,-40,-67,-38,-67,-35,-60,-30,-67,-30,-69,-24,-68,-25,-60,-23,-64,-24,-62,-15,-62,-12,-60,-10,-61,-6,-59,-7,-58,-9,-56,-12,-56,-6,-52,-4,-50,-3,-49,-3,-47,1,-45,-2,-47,0,0]"
CSI_DATA,398,1a:00:00:00:00:00,-55,11,1,0,1,1,1,0,0,0,1,-96,0,11,2,5376175,0,44,0,384,0,"[0,0,0,0,0,0,0,0,0,0,0,0,5,-2,5,-2,4,-2,4,-1,3,-1,3,-2,3,-2,2,-2,3,-2,2,-1,2,-1,2,-2,1,-1,1,-1,1,-1,1,-2,0,-2,0,-2,0,-1,0,-2,0,-1,0,-1,0,-2,-1,-2,-1,-2,0,-2,0,0,-1,-3,-1,-2,-1,-2,-1,-3,-1,-2,-1,-3,-1,-2,-1,-2,-1,-3,-1,-3,0,-3,-1,-2,-1,-2,-1,-2,-1,-2,-1,-2,-1,-3,-1,-2,-1,-2,-1,-2,-1,-3,-1,-3,-1,-3,-1,-3,0,-3,0,-3,0,0,0,0,0,0,0,0,0,0,0,0,0,0,37,-19,38,-11,35,-17,32,-11,30,-13,28,-7,28,-11,27,-11,23,-4,20,-5,14,-9,18,-3,15,-8,14,-8,14,-3,13,-8,14,-8,9,-4,7,-8,6,-7,5,-9,-1,-6,5,-9,2,-6,0,-7,1,-9,-1,-11,-1,-11,-1,-9,-5,-11,-6,-13,-3,-12,-1,-11,-2,-11,-3,-13,-5,-14,-4,-12,1,-12,-2,-12,-2,-13,-3,-12,-2,-12,-6,-12,0,-8,-1,-8,-2,-13,-3,-9,-5,-13,-5,-15,-3,-12,-4,-11,-6,-13,-3,-12,-3,-14,-2,-14,1,-12,0,-15,0,0,0,0,0,0,0,0,0,0,0,0,0,0,0,0,0,0,0,0,0,0,13,-44,17,-46,22,-46,27,-42,28,-39,36,-40,37,-39,44,-39,49,-42,49,-35,59,-34,63,-29,68,-31,74,-27,73,-21,77,-16,83,-14,83,-5,83,-5,85,4,87,7,88,10,90,17,87,24,86,26,81,27,77,36,80,40,73,38,74,44,66,46,68,50,66,50,64,48,64,52,56,50,57,49,52,50,50,48,46,49,48,51,43,47,44,52,44,54,36,51,40,52,36,50,34,48,35,48,26,48,26,45,24,44,28,42,21,44,17,41,23,45,20,38,0,0]"
CSI_DATA,399,1a:00:00:00:00:00,-55,11,1,0,1,1,1,0,0,0,1,-96,0,11,2,5384449,0,44,0,384,0,"[0,0,0,0,0,0,0,0,0,0,0,0,-5,-3,-5,-2,-5,-3,-5,-3,-4,-2,-4,-2,-4,-2,-3,-2,-3,-2,-3,-2,-3,-2,-3,-1,-2,-2,-2,-2,-2,-1,-2,0,-2,0,-2,0,-2,0,-2,0,-2,0,-2,0,-2,1,-2,0,-2,0,-2,1,0,0,-3,1,-1,1,-2,1,-2,1,-2,1,-2,1,-2,1,-2,1,-2,1,-3,1,-3,1,-2,1,-2,1,-2,1,-2,1,-2,1,-2,1,-2,1,-2,0,-3,1,-3,0,-2,1,-2,1,-3,0,-3,0,-3,0,0,0,0,0,0,0,0,0,0,0,0,0,0,0,-35,-15,-34,-17,-34,-16,-26,-16,-27,-17,-27,-17,-23,-14,-26,-15,-20,-14,-18,-13,-16,-13,-16,-11,-14,-12,-15,-11,-12,-5,-12,-11,-11,-6,-12,-5,-8,-4,-7,-4,-7,-2,-8,0,-10,0,-9,3,-8,1,-8,6,-4,3,-9,7,-11,4,-10,9,-10,4,-8,4,-11,6,-10,8,-7,7,-12,0,-6,8,-11,3,-14,6,-14,3,-12,6,-7,5,-8,3,-9,9,-11,4,-6,5,-13,6,-11,4,-10,6,-11,3,-11,5,-13,6,-14,5,-14,5,-13,1,-14,1,-17,0,0,0,0,0,0,0,0,0,0,0,0,0,0,0,0,0,0,0,0,0,0,0,-24,37,-29,35,-38,33,-41,30,-45,30,-49,27,-50,24,-58,22,-62,19,-60,16,-63,10,-70,9,-74,5,-75,-5,-80,-13,-74,-16,-84,-21,-76,-27,-77,-33,-76,-41,-70,-45,-73,-56,-67,-54,-66,-58,-66,-64,-59,-66,-52,-70,-49,-75,-43,-74,-43,-77,-32,-75,-32,-77,-29,-75,-23,-80,-20,-78,-18,-78,-17,-71,-13,-71,-14,-70,-10,-71,-5,-72,-8,-66,-5,-69,2,-68,0,-63,-1,-63,4,-59,6,-57,7,-59,10,-55,11,-54,9,-53,10,-52,12,-46,13,-51,15,-46,12,-44,0,0]"
CSI_DATA,400,1a:00:00:00:00:00,-55,11,1,0,1,1,1,0,0,0,1,-96,0,11,2,5416471,0,44,0,384,0,"[0,0,0,0,0,0,0,0,0,0,0,0,-3,4,-3,4,-3,4,-3,3,-2,3,-3,2,-3,2,-2,2,-2,2,-2,2,-2,1,-2,2,-1,1,-1,1,-1,1,-1,1,-1,1,-1,1,0,1,0,1,0,1,1,1,0,1,1,1,1,1,0,1,0,0,0,0,1,1,1,1,1,1,1,1,1,2,1,1,1,2,1,1,0,1,0,1,1,1,1,1,1,1,0,1,1,1,1,1,1,1,1,1,1,1,1,1,0,2,0,2,0,2,0,2,0,2,0,0,0,0,0,0,0,0,0,0,0,0,0,0,-25,30,-27,28,-21,24,-22,26,-21,28,-18,22,-22,19,-18,20,-19,15,-16,15,-14,17,-10,14,-11,14,-14,12,-11,13,-10,9,-10,11,-3,7,-3,7,-4,9,-3,7,0,6,1,9,4,7,3,6,3,4,3,6,9,5,5,4,6,8,6,11,7,9,8,6,6,8,10,7,6,8,10,9,11,5,9,8,7,9,7,10,5,7,8,9,5,7,10,8,4,9,5,9,11,5,3,9,8,6,10,8,12,8,9,13,5,14,8,9,4,12,5,13,0,0,0,0,0,0,0,0,0,0,0,0,0,0,0,0,0,0,0,0,0,0,12,42,5,42,4,49,0,47,-3,52,-12,53,-13,57,-17,59,-26,60,-27,53,-34,58,-38,58,-44,60,-47,60,-52,54,-63,55,-64,56,-65,49,-69,46,-75,44,-77,38,-83,34,-84,26,-84,24,-86,20,-87,15,-90,10,-88,8,-89,3,-84,3,-85,-6,-84,-5,-83,-9,-80,-12,-78,-13,-76,-14,-75,-16,-73,-19,-69,-19,-70,-21,-72,-22,-67,-20,-64,-22,-64,-24,-62,-28,-56,-23,-54,-24,-54,-23,-50,-26,-49,-30,-47,-28,-45,-28,-47,-25,-40,-28,-43,-26,-39,-29,-35,-25,0,0]"
CSI_DATA,401,1a:00:00:00:00:00,-55,11,1,0,1,1,1,0,0,0,1,-96,0,11,2,5424322,0,44,0,384,0,"[0,0,0,0,0,0,0,0,0,0,0,0,-3,-6,-2,-5,-2,-5,-2,-5,-2,-5,-1,-4,-1,-4,-2,-4,-2,-3,-2,-3,-1,-3,-1,-3,-2,-2,-2,-2,-2,-2,-1,-1,-2,-1,-1,-1,-2,-1,-2,-1,-2,-1,-2,-1,-2,0,-2,0,-2,-1,-2,0,0,0,-2,0,-3,0,-3,0,-3,1,-3,0,-3,0,-3,0,-3,0,-3,0,-3,0,-3,0,-2,0,-2,0,-2,0,-2,0,-2,0,-2,0,-2,0,-3,0,-3,0,-3,0,-3,0,-3,0,-3,0,-3,0,-3,-1,0,0,0,0,0,0,0,0,0,0,0,0,0,0,-3,-18,-3,-17,-3,-17,-3,-16,-3,-17,-3,-14,-3,-16,-4,-12,-2,-13,-1,-11,-1,-12,-1,-10,-2,-10,-1,-7,-2,-9,-2,-6,-3,-6,-2,-5,-2,-4,-4,-3,-4,-3,-3,-4,-4,-3,-4,0,-3,1,-5,-1,-4,0,-6,-1,-7,0,-4,-1,-6,-1,-6,2,-5,1,-7,0,-5,0,-6,0,-6,2,-9,2,-7,1,-7,-1,-4,2,-5,1,-6,0,-6,2,-7,1,-5,-1,-5,2,-6,1,-5,1,-5,3,-6,1,-6,2,-6,0,-6,1,-7,-1,-7,-2,-8,0,0,0,0,0,0,0,0,0,0,0,0,0,0,0,0,0,0,0,0,0,0,0,-18,-13,-18,-15,-16,-18,-17,-20,-16,-20,-14,-23,-12,-26,-11,-26,-11,-30,-11,-30,-9,-32,-7,-35,-6,-38,-4,-38,1,-39,2,-38,5,-41,6,-37,9,-41,12,-41,14,-40,17,-39,17,-38,19,-39,22,-38,24,-37,26,-35,27,-35,28,-29,29,-30,28,-26,30,-27,31,-23,29,-24,30,-23,30,-23,30,-21,29,-19,28,-19,29,-22,31,-17,28,-15,29,-15,29,-15,29,-15,25,-11,27,-12,25,-11,25,-10,24,-9,23,-10,26,-10,26,-9,20,-7,21,-8,20,-7,22,-6,0,0]"
CSI_DATA,402,1a:00:00:00:00:00,-55,11,1,0,1,1,1,0,0,0,1,-96,0,11,2,5433853,0,44,0,384,0,"[0,0,0,0,0,0,0,0,0,0,0,0,-1,-6,-1,-6,-1,-6,-1,-6,-1,-5,0,-5,0,-4,0,-4,0,-4,-1,-3,0,-3,0,-3,-1,-3,-1,-3,-1,-3,-1,-2,-1,-2,-1,-1,-2,-1,-2,-1,-2,-2,-2,-1,-2,-1,-2,-1,-2,-1,-2,-1,0,0,-2,-1,-2,-2,-3,-2,-3,-1,-2,-2,-3,-2,-2,-2,-2,-2,-2,-1,-2,-1,-2,-1,-2,-2,-2,-2,-2,-2,-2,-1,-2,-1,-2,-2,-3,-1,-3,-1,-2,-1,-3,-2,-2,-2,-2,-2,-2,-2,-2,-2,-2,-3,0,0,0,0,0,0,0,0,0,0,0,0,0,0,3,-19,4,-19,4,-18,3,-16,6,-17,4,-15,5,-13,3,-13,3,-11,2,-13,4,-9,3,-12,3,-9,1,-8,3,-9,2,-7,1,-7,2,-5,1,-6,0,-5,-1,-5,0,-5,-1,-4,-2,-4,-3,-4,-5,-4,-3,-4,-2,-3,-5,-3,-3,-5,-2,-5,-4,-4,-5,-5,-6,-5,-4,-5,-4,-6,-5,-7,-4,-7,-6,-6,-3,-4,-4,-2,-2,-4,-5,-6,-6,-5,-5,-6,-5,-5,-3,-5,-3,-5,-5,-5,-5,-6,-3,-5,-4,-7,-4,-7,-3,-6,-4,-7,-2,-7,-1,-9,0,0,0,0,0,0,0,0,0,0,0,0,0,0,0,0,0,0,0,0,0,0,-22,-4,-23,-6,-23,-7,-23,-12,-23,-14,-23,-17,-20,-18,-22,-22,-19,-25,-21,-28,-16,-32,-16,-33,-15,-33,-13,-38,-11,-39,-7,-39,-4,-41,-2,-42,3,-43,7,-43,6,-41,12,-45,12,-40,17,-42,21,-40,22,-38,25,-37,25,-37,27,-33,29,-32,29,-28,32,-29,31,-24,32,-24,31,-23,32,-21,33,-19,33,-16,31,-16,32,-17,34,-15,31,-10,31,-10,30,-10,30,-8,30,-5,29,-6,27,-3,30,-3,28,-3,27,-3,24,-2,25,0,25,2,24,0,24,-1,21,2,0,0]"
CSI_DATA,403,1a:00:00:00:00:00,-55,11,1,0,1,1,1,0,0,0,1,-96,0,11,2,5443853,0,44,0,384,0,"[0,0,0,0,0,0,0,0,0,0,0,0,3,4,2,4,2,4,2,3,2,3,1,3,1,3,1,2,1,2,1,2,1,1,1,1,1,1,1,1,1,1,0,0,0,0,0,0,1,0,1,0,1,0,1,-1,1,-1,1,-1,1,-1,1,-1,0,0,1,-1,1,-1,1,-1,1,-2,1,-1,1,-1,2,-1,1,-1,1,-2,2,-1,1,-2,1,-1,1,-1,1,-1,1,-2,1,-2,1,-1,2,-2,2,-1,2,-2,2,-1,1,-1,2,-1,2,-1,2,-1,2,-1,0,0,0,0,0,0,0,0,0,0,0,0,0,0,10,14,8,15,9,15,10,15,8,15,7,13,7,12,3,9,5,9,5,11,3,10,5,7,5,8,3,5,4,6,0,5,4,4,4,4,1,5,4,2,2,2,2,1,4,0,4,-1,4,-2,2,-1,1,-1,5,-2,6,-2,4,-1,5,-2,4,-2,4,-2,4,-3,7,-2,5,-2,7,-3,4,-3,5,-2,5,-1,3,-2,4,-2,6,-1,4,-3,6,-3,4,-4,4,-1,5,-3,3,-3,4,-2,5,-2,6,-3,6,-2,6,-1,7,0,6,-2,8,-1,0,0,0,0,0,0,0,0,0,0,0,0,0,0,0,0,0,0,0,0,0,0,21,-5,23,-2,23,2,25,4,25,6,25,9,25,11,24,14,25,18,25,17,25,23,26,23,25,25,23,29,21,33,19,34,18,38,16,38,15,37,11,40,10,41,8,44,5,41,3,44,-2,44,-2,44,-8,43,-9,42,-10,41,-11,41,-12,40,-13,40,-16,39,-16,35,-17,37,-18,35,-17,34,-18,32,-18,29,-19,30,-19,27,-18,28,-20,28,-21,27,-22,24,-18,22,-21,24,-20,21,-20,22,-18,21,-20,18,-20,17,-21,17,-18,15,-19,14,-19,15,-20,16,0,0]"
CSI_DATA,404,1a:00:00:00:00:00,-55,11,1,0,1,1,1,0,0,0,1,-96,0,11,2,5455154,0,44,0,384,0,"[0,0,0,0,0,0,0,0,0,0,0,0,-2,5,-2,5,-1,4,-2,4,-1,4,-2,4,-2,4,-1,3,-2,3,-1,2,-1,2,-1,2,0,1,0,1,0,1,-1,1,0,1,0,1,1,1,1,0,1,0,1,0,0,0,1,0,1,1,1,0,0,0,1,0,2,1,2,1,1,0,2,1,2,0,2,1,2,1,1,1,1,0,1,0,1,1,2,1,1,1,1,0,1,0,1,0,1,0,1,0,1,0,2,0,1,1,1,1,1,1,1,1,1,1,0,0,0,0,0,0,0,0,0,0,0,0,0,0,-6,18,-5,16,-5,16,-4,16,-5,15,-5,13,-6,12,-3,10,-4,11,-5,10,-5,10,-1,11,-4,7,-3,7,-3,5,-2,7,-1,6,-3,4,-2,3,-2,5,0,4,0,3,1,2,2,3,2,2,2,2,4,3,4,1,3,1,4,2,5,1,4,3,5,3,8,0,5,3,4,2,5,2,6,3,6,1,3,3,5,3,4,2,6,3,5,2,5,1,3,2,2,1,5,2,4,2,5,2,5,4,4,3,6,4,6,4,5,4,4,6,4,6,0,0,0,0,0,0,0,0,0,0,0,0,0,0,0,0,0,0,0,0,0,0,18,13,14,15,16,18,13,20,14,25,10,25,11,27,10,29,6,30,5,31,2,33,1,34,-1,36,-4,36,-6,38,-10,37,-13,39,-16,39,-17,37,-21,39,-22,37,-26,35,-28,34,-29,33,-32,30,-32,29,-34,26,-36,25,-38,20,-36,20,-37,19,-38,18,-38,15,-37,14,-37,13,-38,13,-37,11,-37,9,-36,9,-36,8,-35,7,-35,6,-34,4,-34,4,-32,3,-31,4,-31,0,-32,2,-30,1,-28,-2,-26,-1,-29,-1,-27,-2,-24,0,-25,-4,-23,-3,-23,-3,0,0]"
CSI_DATA,405,1a:00:00:00:00:00,-54,11,1,0,1,1,1,0,0,0,1,-96,0,11,2,5467243,0,44,0,384,0,"[0,0,0,0,0,0,0,0,0,0,0,0,-6,1,-6,1,-5,0,-5,0,-5,0,-5,0,-4,0,-4,0,-3,1,-4,0,-3,0,-3,0,-2,0,-2,0,-2,0,-3,0,-2,0,-2,1,-1,0,-1,0,-1,0,-1,1,-1,1,0,0,0,1,-1,2,0,0,-1,1,0,1,0,1,-1,1,0,1,0,1,-1,1,0,1,-1,2,-1,2,-1,1,0,2,0,1,0,1,-1,1,-1,1,0,2,-1,1,-1,2,-1,1,-1,2,-1,2,-1,2,-1,2,-1,1,-1,2,0,0,0,0,0,0,0,0,0,0,0,0,0,0,-40,1,-37,5,-35,1,-35,-5,-36,-1,-29,1,-32,-3,-31,2,-21,-2,-23,-3,-22,-4,-18,-1,-20,2,-14,2,-15,-2,-15,0,-11,2,-13,-3,-13,3,-3,1,-9,-2,-5,1,-4,5,-8,7,-3,6,-5,7,-6,4,-9,10,-5,6,-2,8,-4,10,-1,9,-6,9,-2,11,-5,11,-7,9,-6,7,-5,8,-7,10,-4,10,-3,10,-3,12,-2,8,-7,9,-4,11,-4,9,-3,10,-5,11,-7,9,-7,11,-5,11,-5,13,-8,10,-9,11,-8,10,-11,12,-12,7,0,0,0,0,0,0,0,0,0,0,0,0,0,0,0,0,0,0,0,0,0,0,-7,44,-15,42,-21,46,-23,43,-27,47,-33,45,-36,42,-42,41,-52,40,-51,38,-55,40,-58,35,-66,34,-68,29,-76,22,-80,17,-84,12,-85,5,-86,2,-88,-6,-84,-9,-88,-12,-87,-20,-87,-26,-82,-33,-81,-33,-79,-41,-77,-43,-72,-49,-69,-51,-64,-54,-64,-56,-59,-56,-55,-63,-53,-62,-48,-59,-48,-60,-49,-59,-47,-54,-43,-60,-41,-56,-38,-60,-29,-59,-33,-63,-29,-58,-26,-51,-25,-55,-24,-57,-20,-54,-18,-59,-16,-57,-19,-53,-10,-50,-12,-46,-11,-47,-7,-48,-5,-47,0,0]"
CSI_DATA,406,1a:00:00:00:00:00,-55,11,1,0,1,1,1,0,0,0,1,-96,0,11,2,5475213,0,44,0,384,0,"[0,0,0,0,0,0,0,0,0,0,0,0,-6,1,-5,1,-5,0,-5,0,-4,0,-4,0,-4,0,-4,0,-3,0,-3,0,-3,0,-3,0,-3,0,-2,0,-2,0,-2,0,-2,1,-1,1,-1,0,-1,0,-1,0,-1,0,-1,1,-1,1,0,1,-1,2,0,0,-1,2,0,1,0,1,-1,2,0,1,0,1,0,1,0,2,-1,2,-1,2,-1,1,0,1,0,1,0,1,-1,1,0,1,0,1,0,1,-1,1,0,1,-1,1,0,2,-1,2,-1,2,-1,1,-1,2,0,0,0,0,0,0,0,0,0,0,0,0,0,0,-38,13,-40,12,-33,12,-33,8,-35,11,-27,7,-27,5,-28,7,-28,5,-21,9,-20,4,-18,5,-14,5,-17,3,-16,7,-14,2,-18,6,-9,2,-8,5,-6,5,-5,4,-2,6,-5,8,-6,5,-5,9,-3,8,-4,8,-1,9,-1,9,0,11,4,11,0,11,-2,10,-1,7,6,13,0,10,-1,12,1,9,0,6,1,13,-2,12,0,12,3,7,-2,8,-1,11,3,13,2,9,0,9,-2,9,0,12,0,15,0,14,-1,13,-2,12,-2,9,-4,16,-5,11,0,0,0,0,0,0,0,0,0,0,0,0,0,0,0,0,0,0,0,0,0,0,-12,40,-17,40,-21,44,-30,41,-34,43,-38,41,-42,39,-48,38,-50,39,-55,36,-60,34,-63,31,-69,31,-67,29,-73,20,-79,17,-79,12,-86,3,-81,2,-83,-7,-83,-14,-91,-19,-89,-22,-88,-22,-86,-27,-86,-30,-79,-33,-75,-41,-75,-44,-73,-46,-65,-49,-67,-52,-62,-54,-59,-53,-56,-55,-55,-54,-54,-54,-54,-50,-48,-55,-51,-52,-43,-57,-47,-54,-39,-55,-41,-56,-36,-51,-39,-57,-29,-50,-30,-54,-30,-51,-26,-51,-27,-48,-23,-46,-20,-44,-19,-45,-22,-46,-22,-43,-17,-46,0,0]"
CSI_DATA,407,1a:00:00:00:00:00,-55,11,1,0,1,1,1,0,0,0,1,-96,0,11,2,5485557,0,44,0,384,0,"[0,0,0,0,0,0,0,0,0,0,0,0,-2,-6,-2,-5,-3,-5,-2,-5,-2,-5,-2,-4,-1,-4,-1,-4,-1,-3,-1,-3,-1,-3,-1,-3,-1,-2,-2,-2,-2,-2,-1,-2,-1,-1,-1,-1,-2,-1,-2,-1,-2,-1,-2,-1,-2,-1,-2,-1,-2,-1,-2,0,0,0,-2,0,-2,-1,-3,-1,-3,0,-3,-1,-3,-1,-3,-1,-3,-1,-2,0,-3,0,-3,-1,-2,-1,-2,-1,-2,-1,-3,0,-3,0,-2,-1,-3,-1,-3,-1,-3,-1,-3,-1,-3,-1,-3,-1,-3,-1,-3,-2,-3,-2,0,0,0,0,0,0,0,0,0,0,0,0,0,0,-12,-16,-12,-14,-11,-14,-13,-16,-10,-15,-8,-14,-9,-13,-7,-12,-5,-12,-6,-11,-6,-10,-5,-10,-5,-8,-4,-6,-5,-7,-6,-7,-3,-5,-4,-4,-3,-2,-3,-4,-6,-3,-3,-2,-1,0,-5,-1,-5,-2,-5,0,-5,0,-6,2,-4,-1,-5,0,-6,2,-4,0,-7,3,-7,0,-5,2,-6,3,-5,2,-8,1,-6,2,-6,-1,-6,0,-5,-1,-7,1,-5,2,-5,2,-6,3,-5,1,-6,0,-6,1,-6,1,-6,1,-6,1,-7,0,-7,-1,-8,0,-7,0,-7,-2,0,0,0,0,0,0,0,0,0,0,0,0,0,0,0,0,0,0,0,0,0,0,-21,7,-22,4,-25,3,-27,1,-27,-1,-28,-2,-28,-7,-28,-10,-29,-10,-29,-13,-31,-17,-32,-18,-32,-20,-32,-22,-28,-26,-27,-29,-28,-31,-24,-34,-23,-34,-20,-40,-16,-40,-16,-43,-13,-42,-13,-44,-9,-46,-9,-45,-3,-45,-2,-43,1,-43,3,-46,6,-42,7,-42,11,-41,10,-39,13,-39,10,-36,11,-39,11,-36,13,-35,12,-34,14,-32,16,-33,15,-30,16,-30,16,-29,16,-26,17,-25,17,-25,17,-23,16,-23,15,-23,16,-24,17,-20,18,-18,14,-18,19,-19,19,-18,0,0]"
CSI_DATA,408,1a:00:00:00:00:00,-55,11,1,0,1,1,1,0,0,0,1,-96,0,11,2,5494139,0,44,0,384,0,"[0,0,0,0,0,0,0,0,0,0,0,0,3,-6,3,-5,2,-4,2,-4,2,-4,2,-4,2,-3,1,-3,2,-3,1,-3,1,-3,1,-3,0,-2,0,-2,0,-2,0,-2,0,-2,0,-2,-1,-2,-1,-2,-1,-2,-2,-2,-1,-2,-2,-2,-2,-2,-1,-2,0,0,-1,-2,-2,-2,-2,-3,-1,-2,-2,-2,-2,-3,-1,-3,-2,-3,-1,-2,-1,-2,-1,-2,-2,-3,-2,-3,-2,-2,-2,-2,-2,-2,-1,-2,-2,-2,-2,-2,-2,-2,-2,-2,-1,-3,-1,-3,-1,-3,-1,-3,-1,-3,0,0,0,0,0,0,0,0,0,0,0,0,0,0,26,-28,25,-23,26,-23,28,-20,25,-16,21,-19,22,-14,25,-15,19,-14,18,-16,20,-11,15,-10,15,-9,15,-8,13,-9,11,-10,9,-5,8,-6,8,-5,8,-6,3,-7,4,-7,3,-4,0,-4,-1,-4,-2,-9,-2,-10,0,-8,-4,-11,-2,-12,-1,-10,0,-13,-4,-13,-6,-10,-2,-11,-5,-14,-4,-8,-5,-11,-3,-15,-1,-12,-1,-14,0,-13,-1,-11,-1,-11,1,-9,-1,-11,-3,-10,-3,-10,-1,-10,1,-13,0,-12,3,-12,1,-13,0,-13,2,-15,2,-9,5,-13,0,0,0,0,0,0,0,0,0,0,0,0,0,0,0,0,0,0,0,0,0,0,-30,-29,-28,-34,-26,-39,-24,-47,-18,-46,-18,-52,-8,-56,-6,-59,-1,-59,3,-60,4,-66,11,-70,15,-71,21,-73,31,-72,36,-68,42,-69,45,-67,52,-61,59,-56,64,-54,68,-53,65,-48,72,-46,80,-36,78,-35,81,-25,84,-22,80,-22,84,-18,74,-12,82,-6,77,-2,78,2,79,6,73,7,74,7,70,10,70,15,68,10,68,16,60,15,66,23,58,23,59,24,51,24,54,23,50,27,50,27,44,27,45,29,45,28,42,27,32,29,40,34,34,30,33,24,0,0]"
CSI_DATA,409,1a:00:00:00:00:00,-55,11,1,0,1,1,1,0,0,0,1,-96,0,11,2,5503852,0,44,0,384,0,"[0,0,0,0,0,0,0,0,0,0,0,0,1,-6,1,-6,1,-5,1,-5,1,-4,1,-4,1,-4,1,-4,1,-3,0,-3,1,-3,0,-3,0,-3,0,-2,0,-2,0,-2,0,-2,0,-2,-1,-2,-1,-2,-1,-2,-1,-2,-1,-1,-2,-2,-2,-2,-1,-2,0,0,-1,-1,-2,-2,-2,-2,-2,-2,-2,-2,-2,-2,-2,-2,-2,-2,-2,-2,-2,-2,-2,-2,-1,-2,-2,-2,-2,-2,-2,-2,-2,-2,-2,-2,-2,-2,-2,-2,-2,-2,-2,-2,-1,-3,-1,-3,-1,-3,-1,-3,-1,-3,0,0,0,0,0,0,0,0,0,0,0,0,0,0,8,-39,5,-33,6,-38,7,-32,10,-34,7,-33,10,-26,12,-30,10,-22,7,-23,7,-21,3,-17,7,-20,6,-17,5,-17,3,-13,4,-13,2,-6,1,-7,-5,-11,-2,-6,0,-10,-3,-8,-3,-4,-5,-3,-6,-5,-7,-6,-7,-6,-8,-5,-6,-7,-8,-7,-8,-9,-12,-6,-11,-7,-8,-8,-11,-9,-11,-9,-7,-8,-11,-6,-7,-9,-5,-8,-7,-11,-10,-9,-9,-6,-9,-7,-6,-10,-9,-9,-12,-7,-8,-6,-9,-8,-7,-7,-7,-11,-8,-12,-7,-12,-8,-15,-9,-12,-6,-17,0,0,0,0,0,0,0,0,0,0,0,0,0,0,0,0,0,0,0,0,0,0,-41,-11,-46,-15,-45,-23,-48,-28,-47,-30,-41,-39,-40,-43,-42,-44,-38,-50,-35,-56,-32,-62,-29,-65,-25,-70,-18,-74,-16,-79,-8,-78,-5,-82,3,-83,8,-86,13,-85,22,-84,26,-86,29,-78,37,-85,42,-81,43,-76,50,-69,57,-72,57,-62,63,-62,59,-53,67,-57,64,-48,68,-45,66,-46,64,-38,63,-35,67,-37,62,-32,63,-33,67,-27,63,-26,67,-25,64,-22,60,-17,62,-10,60,-11,56,-10,57,-10,55,-2,54,-3,53,-4,51,0,47,-6,51,3,51,6,43,4,0,0]"
CSI_DATA,410,1a:00:00:00:00:00,-55,11,1,0,1,1,1,0,0,0,1,-96,0,11,2,5513835,0,44,0,384,0,"[0,0,0,0,0,0,0,0,0,0,0,0,3,4,3,3,3,3,3,3,2,3,2,3,2,2,2,2,1,2,1,2,1,1,1,1,1,1,1,1,1,1,1,0,1,0,0,0,1,0,1,0,1,-1,1,-1,1,-1,1,-1,1,-1,1,-2,0,0,1,-2,1,-2,1,-1,1,-2,1,-1,1,-2,1,-2,1,-2,1,-2,1,-2,1,-2,1,-1,1,-1,1,-2,1,-2,1,-2,1,-2,1,-2,1,-2,1,-2,2,-2,1,-2,1,-2,2,-2,2,-2,2,-1,0,0,0,0,0,0,0,0,0,0,0,0,0,0,15,11,16,9,15,9,15,10,12,9,11,8,12,8,9,9,8,8,9,7,6,7,8,5,8,4,7,4,4,5,5,4,4,1,5,3,4,2,5,1,3,0,3,-1,3,-2,2,-2,1,-4,1,-4,2,-2,3,-3,2,-4,3,-2,3,-5,4,-4,4,-4,4,-8,3,-5,4,-7,3,-3,5,-4,7,-4,3,-4,3,-6,3,-4,6,-4,4,-5,1,-4,3,-6,1,-7,2,-5,4,-5,5,-6,1,-5,3,-6,3,-5,4,-7,4,-5,6,-5,6,-4,0,0,0,0,0,0,0,0,0,0,0,0,0,0,0,0,0,0,0,0,0,0,21,-3,21,-2,24,-2,25,0,26,3,26,6,26,6,27,9,28,11,26,14,28,18,28,20,28,24,28,26,26,27,25,28,27,33,22,33,22,35,18,38,17,40,17,40,11,41,10,44,7,43,7,44,2,44,2,43,1,43,-1,43,-3,41,-4,42,-5,39,-6,39,-7,39,-6,37,-9,35,-10,35,-11,36,-11,34,-11,32,-9,31,-10,32,-10,30,-11,28,-10,30,-12,26,-11,27,-11,27,-13,27,-13,22,-12,24,-12,22,-11,20,-14,22,-12,18,-12,20,0,0]"
CSI_DATA,411,1a:00:00:00:00:00,-54,11,1,0,1,1,1,0,0,0,1,-96,0,11,2,5543839,0,44,0,384,0,"[0,0,0,0,0,0,0,0,0,0,0,0,-7,0,-6,0,-5,0,-5,0,-5,0,-5,0,-4,0,-4,0,-4,-1,-3,-1,-3,0,-3,0,-2,0,-2,0,-2,0,-2,0,-2,1,-2,0,-1,0,-1,0,-1,0,-1,0,-1,1,-1,1,-1,1,-1,1,0,0,-1,1,-1,1,0,2,-1,2,-1,1,-1,2,-1,1,-1,1,-1,1,-1,2,-1,1,-1,1,-1,1,-1,1,-1,1,-1,1,-1,2,-1,1,-1,1,-1,1,-1,1,-1,2,-1,2,-1,2,-2,1,-2,1,0,0,0,0,0,0,0,0,0,0,0,0,0,0,-42,-4,-37,-10,-37,-2,-36,-1,-34,-4,-34,-7,-27,-7,-30,-4,-26,-4,-24,-4,-23,-4,-21,-3,-20,-2,-18,-3,-13,-4,-10,-4,-12,-5,-12,2,-11,1,-9,3,-5,4,-6,4,-6,3,-5,7,-8,6,-3,7,-2,8,-4,7,-3,8,-3,7,-3,9,-5,13,-6,11,-8,9,0,10,-4,11,-1,7,-1,10,0,7,-4,13,-4,16,-6,11,-2,7,-2,9,-3,8,-2,10,-2,12,-3,11,-3,11,-2,12,-4,13,-3,11,-3,13,-7,10,-4,14,-10,14,-8,12,0,0,0,0,0,0,0,0,0,0,0,0,0,0,0,0,0,0,0,0,0,0,-29,32,-38,33,-39,32,-44,30,-46,28,-52,24,-54,23,-59,19,-62,14,-63,9,-67,4,-73,1,-73,-6,-77,-6,-82,-9,-81,-18,-81,-18,-80,-26,-83,-32,-77,-37,-76,-39,-83,-47,-71,-55,-70,-59,-66,-65,-66,-67,-56,-67,-59,-72,-53,-69,-54,-74,-44,-69,-45,-74,-40,-73,-40,-73,-36,-73,-35,-73,-29,-68,-24,-68,-22,-66,-24,-69,-22,-70,-22,-65,-20,-70,-18,-63,-17,-62,-16,-58,-16,-63,-14,-58,-16,-61,-12,-59,-7,-53,-3,-58,-2,-54,-3,-47,-4,-50,-2,-46,-4,-49,0,0]"
CSI_DATA,412,1a:00:00:00:00:00,-54,11,1,0,1,1,1,0,0,0,1,-96,0,11,2,5564325,0,44,0,384,0,"[0,0,0,0,0,0,0,0,0,0,0,0,2,-5,2,-5,2,-4,2,-4,1,-4,2,-4,1,-4,1,-3,1,-3,0,-2,1,-3,1,-3,0,-3,0,-2,0,-2,0,-2,-1,-2,0,-2,-1,-2,-1,-1,-1,-1,-2,-2,-1,-2,-2,-1,-2,-1,-2,-2,0,0,-1,-1,-2,-2,-3,-1,-2,-1,-2,-2,-2,-2,-2,-2,-2,-2,-2,-1,-2,-2,-2,-1,-2,-2,-2,-2,-2,-2,-2,-1,-2,-1,-2,-1,-2,-1,-2,-1,-2,-1,-2,-1,-2,-2,-2,-2,-2,-2,-2,-2,-2,-2,0,0,0,0,0,0,0,0,0,0,0,0,0,0,23,-33,26,-30,24,-27,20,-29,22,-27,22,-18,19,-25,18,-20,16,-19,15,-17,10,-15,11,-20,11,-15,11,-15,5,-9,7,-16,7,-11,3,-9,0,-9,6,-11,0,-8,6,-8,-1,-7,-1,-7,-4,-7,-5,-7,-3,-8,-4,-7,-3,-11,-8,-10,-7,-7,-8,-11,-11,-9,-8,-7,-10,-10,-8,-10,-8,-10,-8,-10,-6,-7,-5,-12,-5,-8,-5,-10,-6,-9,-6,-8,-9,-7,-7,-10,-5,-11,-9,-8,-9,-10,-5,-8,-7,-10,-13,-10,-9,-10,-10,-11,-11,-12,-7,-13,-6,-12,0,0,0,0,0,0,0,0,0,0,0,0,0,0,0,0,0,0,0,0,0,0,-14,-45,-8,-44,-3,-48,1,-53,7,-55,12,-56,17,-55,15,-57,21,-61,26,-59,33,-59,36,-60,43,-63,48,-61,54,-59,55,-58,65,-53,65,-54,68,-44,75,-39,73,-33,85,-39,84,-31,86,-26,87,-23,86,-20,88,-15,87,-7,84,-3,85,-2,84,5,82,3,76,8,80,15,78,15,75,15,73,14,73,16,74,19,72,15,66,23,67,20,64,24,63,23,64,24,54,24,52,25,54,25,54,25,48,26,48,20,48,22,49,27,39,26,42,28,41,26,41,23,0,0]"
CSI_DATA,413,1a:00:00:00:00:00,-55,11,1,0,1,1,1,0,0,0,1,-96,0,11,2,5575581,0,44,0,384,0,"[0,0,0,0,0,0,0,0,0,0,0,0,-1,-6,-1,-6,-1,-6,-1,-5,-1,-5,0,-4,0,-4,0,-4,0,-4,-1,-3,0,-3,0,-3,-1,-3,-1,-3,-1,-3,-1,-2,-1,-2,-1,-1,-2,-2,-1,-2,-2,-2,-2,-2,-2,-1,-2,-2,-2,-1,-2,-1,0,0,-2,-1,-2,-2,-2,-2,-3,-1,-2,-2,-2,-2,-2,-2,-2,-2,-2,-1,-2,-1,-2,-1,-2,-2,-2,-2,-2,-2,-2,-1,-3,-1,-2,-2,-2,-1,-2,-1,-3,-2,-2,-2,-2,-2,-2,-2,-2,-2,-2,-2,-2,-3,0,0,0,0,0,0,0,0,0,0,0,0,0,0,-7,-21,-5,-17,-7,-16,-4,-16,-4,-16,-4,-15,-2,-12,-2,-12,-2,-13,-1,-12,0,-12,-3,-11,-2,-11,-2,-9,0,-7,-4,-9,-2,-5,-3,-5,-1,-4,0,-4,0,-4,-2,-5,-4,-3,-3,-3,-4,-2,-3,-1,-4,-3,-4,-2,-5,-1,-4,-3,-5,-2,-5,-2,-5,-2,-6,-2,-5,-3,-6,-2,-6,-1,-7,-4,-7,-3,-6,-2,-6,-2,-5,-3,-6,-3,-5,-3,-6,-2,-5,-1,-4,-2,-7,-4,-5,-1,-5,-2,-5,-3,-6,-4,-6,-3,-6,-3,-5,-5,-6,-5,-5,-6,0,0,0,0,0,0,0,0,0,0,0,0,0,0,0,0,0,0,0,0,0,0,-20,7,-23,4,-24,1,-26,-1,-27,-3,-27,-6,-27,-8,-27,-11,-29,-13,-29,-15,-29,-17,-28,-20,-30,-22,-28,-26,-25,-30,-23,-30,-21,-34,-18,-36,-19,-38,-15,-41,-12,-41,-11,-42,-6,-42,-3,-45,-2,-44,1,-44,5,-44,7,-42,9,-42,11,-42,13,-39,16,-39,18,-36,17,-35,17,-34,18,-33,18,-31,20,-30,21,-29,21,-29,23,-26,20,-26,23,-24,23,-22,22,-20,22,-22,24,-18,23,-18,23,-16,21,-15,23,-15,22,-16,23,-9,21,-11,19,-13,19,-9,19,-8,0,0]"
CSI_DATA,414,1a:00:00:00:00:00,-55,11,1,0,1,1,1,0,0,0,1,-96,0,11,2,5583857,0,44,0,384,0,"[0,0,0,0,0,0,0,0,0,0,0,0,-1,5,-1,5,-1,5,-1,4,-1,4,-1,4,-1,3,-2,3,-1,3,-1,2,-1,2,-1,2,0,2,0,2,0,1,-1,1,-1,1,0,1,1,1,1,1,1,1,1,1,1,0,1,1,1,0,1,0,0,0,1,0,2,1,1,1,1,1,1,1,1,1,1,1,1,1,1,0,1,1,1,1,1,1,1,1,1,1,1,0,1,1,1,1,1,1,2,0,1,1,1,1,1,1,1,2,1,1,1,2,1,2,0,0,0,0,0,0,0,0,0,0,0,0,0,0,-4,18,-1,17,-3,18,-4,18,-3,15,-4,14,-4,15,-4,12,-4,11,-4,11,-4,11,-2,10,-3,9,-1,8,-2,6,-2,7,-1,5,-1,5,-2,4,-1,5,1,4,-1,4,0,3,2,3,1,1,2,3,2,3,2,3,4,3,1,4,4,2,3,4,3,3,5,1,3,2,4,2,6,4,4,4,4,2,3,4,3,4,4,6,5,2,4,4,6,4,3,3,2,4,5,3,3,2,4,5,4,3,4,3,4,4,4,5,4,6,3,4,2,5,0,0,0,0,0,0,0,0,0,0,0,0,0,0,0,0,0,0,0,0,0,0,20,6,19,7,19,10,22,13,21,15,20,18,19,21,18,24,17,25,16,27,15,31,12,32,11,35,9,38,5,36,2,40,1,40,-4,42,-5,42,-8,42,-12,41,-13,42,-16,40,-19,41,-23,39,-22,37,-25,34,-27,32,-30,31,-31,31,-31,28,-31,26,-33,24,-33,22,-33,22,-34,20,-33,19,-32,19,-32,15,-33,15,-31,11,-34,13,-33,11,-33,11,-34,8,-29,10,-29,7,-29,5,-29,4,-29,4,-27,1,-29,2,-26,2,-24,1,-25,-1,-23,-1,-27,-1,0,0]"
CSI_DATA,415,1a:00:00:00:00:00,-54,11,1,0,1,1,1,0,0,0,1,-96,0,11,2,5593910,0,44,0,384,0,"[0,0,0,0,0,0,0,0,0,0,0,0,5,-2,4,-2,4,-2,4,-2,4,-2,3,-2,3,-2,3,-1,3,-1,2,-1,2,-2,2,-2,1,-1,1,-1,1,-1,1,-2,1,-2,0,-2,0,-1,0,-1,0,-2,0,-2,0,-2,0,-2,0,-2,0,-2,0,0,0,-3,-1,-2,-1,-2,0,-3,-1,-2,-1,-2,-1,-2,0,-2,0,-3,0,-3,0,-2,-1,-2,-1,-2,-1,-2,0,-2,0,-2,-1,-3,0,-2,0,-2,0,-2,0,-3,0,-3,0,-3,0,-3,1,-3,1,-3,0,0,0,0,0,0,0,0,0,0,0,0,0,0,17,-12,16,-10,16,-11,14,-10,13,-8,12,-7,13,-5,15,-6,10,-7,9,-4,10,-5,8,-5,8,-4,9,-3,7,-4,6,-4,6,-2,5,-3,3,-4,2,-4,3,-4,2,-4,1,-3,-1,-5,1,-5,1,-4,-2,-5,0,-5,0,-5,0,-8,-1,-6,-2,-6,0,-5,-1,-7,-2,-5,0,-5,-1,-6,-1,-6,-1,-5,-2,-7,-1,-7,-2,-5,0,-4,-1,-6,-2,-5,-2,-7,-1,-6,-3,-5,0,-5,-1,-7,0,-7,-1,-7,-1,-7,-2,-6,0,-7,2,-7,2,-8,0,0,0,0,0,0,0,0,0,0,0,0,0,0,0,0,0,0,0,0,0,0,-5,-21,-4,-22,-1,-22,1,-26,3,-25,8,-27,7,-28,10,-29,13,-31,15,-28,20,-29,22,-29,23,-28,26,-27,30,-25,30,-24,35,-24,36,-21,38,-19,40,-15,39,-12,43,-10,42,-8,45,-5,44,-2,44,-2,44,5,45,4,42,5,43,8,38,12,42,12,38,12,36,14,36,15,36,16,33,16,32,16,31,17,31,16,30,19,27,17,28,21,27,20,24,20,23,18,22,21,21,18,21,19,20,20,19,19,17,19,18,18,17,19,15,21,15,18,12,19,0,0]"
CSI_DATA,416,1a:00:00:00:00:00,-55,11,1,0,1,1,1,0,0,0,1,-96,0,11,2,5603848,0,44,0,384,0,"[0,0,0,0,0,0,0,0,0,0,0,0,4,2,4,2,4,2,4,2,4,2,3,2,3,1,3,1,2,1,3,1,2,0,2,0,2,1,2,0,1,0,1,-1,1,-1,1,-1,1,-1,1,-1,1,-1,1,-1,1,-2,1,-1,1,-1,1,-2,0,0,1,-2,1,-1,1,-2,1,-3,1,-2,1,-2,1,-2,0,-2,1,-2,1,-2,1,-2,0,-2,0,-2,0,-2,1,-2,1,-2,0,-2,1,-2,1,-2,1,-2,1,-3,1,-2,1,-2,1,-2,1,-2,2,-2,0,0,0,0,0,0,0,0,0,0,0,0,0,0,29,21,27,23,29,22,24,23,23,21,23,23,16,24,18,15,20,20,14,17,15,12,10,12,12,12,13,12,8,9,8,6,8,6,7,6,8,6,6,3,8,0,8,0,3,-2,7,-1,6,-1,5,-2,8,-4,10,-5,6,-8,6,-10,5,-3,7,-2,12,-6,12,-8,9,-6,11,-5,14,-9,10,-4,11,-6,9,-8,7,-11,8,-9,8,0,11,-5,9,-6,8,-8,10,-8,9,-5,10,-9,7,-8,9,-10,11,-9,8,-5,11,-7,15,-8,13,-7,14,-3,0,0,0,0,0,0,0,0,0,0,0,0,0,0,0,0,0,0,0,0,0,0,39,-16,44,-12,46,-7,51,-3,50,2,55,7,57,13,58,13,62,24,57,23,61,28,61,32,61,39,65,46,60,54,53,54,53,64,52,60,46,65,42,76,40,78,36,86,26,79,28,81,20,87,18,89,11,87,9,88,4,82,-4,88,1,84,-9,82,-12,81,-15,78,-16,74,-16,75,-15,72,-17,75,-17,68,-21,69,-24,70,-21,66,-23,65,-23,65,-25,62,-29,51,-30,53,-25,54,-28,54,-30,51,-29,44,-26,43,-32,44,-29,40,-30,38,-28,40,-26,37,0,0]"
CSI_DATA,417,1a:00:00:00:00:00,-55,11,1,0,1,1,1,0,0,0,1,-96,0,11,2,5613990,0,44,0,384,0,"[0,0,0,0,0,0,0,0,0,0,0,0,1,5,0,5,1,4,0,4,1,4,0,3,0,3,0,3,0,3,0,2,0,2,0,2,0,2,1,1,1,1,0,1,0,1,0,0,1,0,1,0,1,0,1,0,1,0,1,0,1,0,1,0,0,0,1,-1,2,0,2,0,1,-1,2,0,2,0,2,0,2,0,2,0,1,-1,1,0,2,0,2,0,1,0,1,-1,1,-1,1,0,1,-1,2,-1,2,-1,2,-1,2,0,2,0,2,0,2,0,2,0,0,0,0,0,0,0,0,0,0,0,0,0,0,0,10,38,11,31,11,34,10,33,12,31,6,28,4,28,2,24,5,21,6,21,1,17,3,17,5,15,6,15,8,12,6,9,7,7,1,10,3,6,4,8,4,4,6,4,6,4,6,3,6,-1,10,-2,8,4,11,-3,9,-5,11,0,9,-1,11,1,8,-1,10,-2,9,-2,10,-2,11,-1,13,-1,12,-1,10,0,10,-2,11,2,10,-4,9,-2,10,-4,8,1,10,-2,12,-4,11,-6,10,-4,9,-1,10,-5,10,-2,12,-4,12,-3,11,-1,13,-1,0,0,0,0,0,0,0,0,0,0,0,0,0,0,0,0,0,0,0,0,0,0,42,12,40,17,40,22,39,27,38,35,36,38,33,38,34,48,31,52,33,50,26,58,26,64,26,69,23,71,14,71,8,74,6,83,2,79,-1,83,-13,85,-12,82,-20,85,-25,81,-25,83,-35,81,-35,78,-40,76,-44,75,-44,67,-51,69,-50,63,-53,63,-54,58,-50,57,-54,55,-55,52,-53,47,-54,51,-54,45,-55,48,-54,42,-52,43,-53,40,-52,38,-53,32,-52,40,-50,29,-51,31,-52,28,-49,22,-45,21,-47,24,-47,20,-46,24,-44,21,-44,20,-41,17,0,0]"
CSI_DATA,418,1a:00:00:00:00:00,-54,11,1,0,1,1,1,0,0,0,1,-96,0,11,2,5623855,0,44,0,384,0,"[0,0,0,0,0,0,0,0,0,0,0,0,5,-3,4,-3,4,-2,4,-2,3,-2,3,-2,3,-2,3,-2,2,-2,2,-2,2,-2,2,-2,2,-2,1,-1,1,-1,1,-2,0,-2,0,-2,0,-1,0,-1,0,-2,0,-2,-1,-2,0,-2,-1,-2,-1,-2,0,0,-1,-2,-1,-2,-1,-2,-1,-3,-1,-2,-1,-2,-1,-2,-1,-2,-1,-3,-1,-3,0,-2,-1,-2,-1,-2,-1,-2,-1,-2,-1,-2,-1,-2,-1,-2,-1,-2,-1,-3,-1,-3,-1,-3,-1,-3,-1,-3,0,-3,0,-3,0,0,0,0,0,0,0,0,0,0,0,0,0,0,19,-9,17,-10,15,-10,16,-7,12,-7,14,-7,12,-6,11,-5,10,-5,11,-6,8,-5,8,-4,7,-5,6,-4,7,-3,4,-3,5,-4,5,-5,3,-4,2,-3,2,-4,2,-2,1,-3,-2,-3,0,-3,0,-4,-1,-6,-2,-6,-1,-5,-3,-5,-1,-6,-1,-6,-3,-5,-1,-6,-2,-5,-3,-6,-1,-4,-2,-5,-2,-6,-3,-5,-1,-7,-2,-7,-3,-3,-2,-5,-2,-6,-2,-7,-3,-6,-4,-6,-4,-6,-5,-6,-3,-5,-4,-7,-4,-6,-3,-6,-4,-7,-2,-8,3,-8,0,0,0,0,0,0,0,0,0,0,0,0,0,0,0,0,0,0,0,0,0,0,6,-20,9,-20,12,-20,15,-21,17,-21,18,-19,21,-17,23,-19,26,-16,26,-16,29,-15,33,-15,34,-13,35,-12,37,-9,39,-6,40,-2,41,-1,41,0,42,3,41,3,43,9,39,9,42,13,40,16,41,16,38,18,38,20,36,21,36,23,31,23,33,24,31,25,29,23,29,24,28,24,25,24,24,25,26,24,23,26,21,27,22,24,19,23,22,25,18,22,20,22,18,23,16,22,17,23,15,23,14,21,16,20,11,22,11,18,11,19,11,19,11,19,0,0]"
CSI_DATA,419,1a:00:00:00:00:00,-55,11,1,0,1,1,1,0,0,0,1,-96,0,11,2,5634571,0,44,0,384,0,"[0,0,0,0,0,0,0,0,0,0,0,0,4,2,4,2,4,2,4,2,3,2,3,1,2,1,2,1,2,1,2,1,2,1,2,0,2,0,2,0,1,0,1,-1,1,-1,1,-1,1,0,1,-1,1,-1,1,-1,0,-2,1,-1,1,-1,0,-2,0,0,1,-3,1,-2,0,-2,1,-3,1,-2,1,-2,1,-2,0,-1,1,-2,1,-2,1,-2,0,-2,0,-2,0,-2,0,-2,1,-2,0,-2,0,-3,0,-2,1,-3,1,-2,0,-3,0,-3,0,-2,1,-2,1,-2,0,0,0,0,0,0,0,0,0,0,0,0,0,0,18,7,16,6,15,7,15,6,13,5,12,7,12,5,10,5,11,6,8,5,9,4,8,4,8,3,8,2,6,1,6,2,6,-1,6,0,3,1,4,-1,3,0,2,1,4,-2,3,-3,4,-4,4,-3,3,-3,3,-5,3,-5,2,-3,1,-5,3,-3,3,-4,4,-5,2,-8,5,-6,3,-7,3,-5,4,-4,2,-4,3,-5,2,-5,4,-4,3,-4,2,-5,1,-5,0,-7,2,-5,2,-6,3,-5,2,-6,3,-7,4,-5,3,-5,3,-5,5,-6,5,-5,0,0,0,0,0,0,0,0,0,0,0,0,0,0,0,0,0,0,0,0,0,0,20,-11,20,-9,22,-7,25,-5,25,-4,26,-2,27,-1,30,3,29,1,31,5,32,10,34,10,34,13,35,16,31,19,31,21,34,23,31,25,30,27,26,30,28,32,28,36,24,36,23,37,18,39,18,40,14,40,13,39,13,40,10,41,7,41,7,40,6,41,4,41,4,39,3,36,2,37,1,37,0,36,-1,35,-2,34,-2,33,-3,32,-4,33,-3,32,-9,31,-9,31,-5,29,-7,28,-7,26,-6,26,-6,28,-8,24,-9,22,-9,23,-6,21,-6,21,0,0]"
CSI_DATA,420,1a:00:00:00:00:00,-55,11,1,0,1,1,1,0,0,0,1,-96,0,11,2,5643856,0,44,0,384,0,"[0,0,0,0,0,0,0,0,0,0,0,0,3,-6,3,-5,2,-5,2,-4,2,-4,2,-4,2,-3,2,-4,2,-3,1,-3,1,-3,1,-3,0,-2,0,-3,0,-2,0,-2,0,-2,0,-2,-1,-2,-1,-2,-1,-2,-2,-2,-1,-2,-2,-2,-2,-2,-1,-2,0,0,-2,-2,-2,-2,-2,-2,-1,-2,-2,-2,-2,-2,-2,-2,-2,-2,-2,-2,-2,-2,-2,-2,-2,-2,-2,-2,-2,-2,-2,-1,-2,-1,-2,-2,-2,-1,-2,-1,-2,-2,-2,-2,-2,-2,-2,-2,-2,-2,-2,-2,-2,-3,0,0,0,0,0,0,0,0,0,0,0,0,0,0,12,-16,13,-14,12,-16,10,-16,10,-13,8,-13,8,-10,8,-8,8,-11,7,-10,4,-8,7,-8,6,-9,6,-6,4,-7,5,-6,3,-6,3,-4,3,-5,2,-5,0,-6,0,-5,1,-5,0,-4,-2,-2,-3,-4,-1,-4,-2,-4,-3,-4,-3,-5,-3,-4,-4,-6,-4,-5,-3,-4,-3,-6,-4,-4,-4,-3,-3,-4,-4,-5,-4,-6,-5,-5,-4,-6,-4,-5,-4,-3,-4,-4,-4,-6,-4,-7,-4,-5,-4,-5,-5,-5,-4,-6,-4,-5,-4,-5,-4,-6,-4,-6,-2,-7,-2,-7,0,0,0,0,0,0,0,0,0,0,0,0,0,0,0,0,0,0,0,0,0,0,-9,-22,-9,-23,-7,-25,-5,-26,-3,-25,-1,-29,1,-30,4,-30,6,-30,7,-30,12,-34,14,-33,16,-33,19,-31,21,-33,25,-32,27,-31,30,-30,30,-28,34,-26,33,-26,37,-23,37,-20,41,-20,41,-14,42,-14,42,-12,44,-8,41,-7,41,-5,41,-3,42,-2,40,0,40,-1,40,1,39,3,35,3,36,4,36,5,35,7,33,8,32,7,34,7,32,8,31,9,28,9,28,8,28,8,28,11,25,10,25,12,24,11,24,13,22,10,20,12,20,10,18,10,0,0]"
CSI_DATA,421,1a:00:00:00:00:00,-55,11,1,0,1,1,1,0,0,0,1,-96,0,11,2,5657099,0,44,0,384,0,"[0,0,0,0,0,0,0,0,0,0,0,0,5,-3,5,-3,4,-2,4,-2,3,-2,3,-2,3,-2,3,-2,3,-2,2,-1,2,-2,2,-2,1,-1,1,-1,1,-1,1,-2,1,-2,0,-2,0,-1,0,-1,0,-2,-1,-2,0,-2,-1,-2,-1,-2,0,-2,0,0,0,-3,-1,-2,-1,-3,0,-3,-1,-2,-1,-2,-1,-3,-1,-3,0,-3,0,-2,-1,-3,-1,-2,-1,-2,-1,-3,-1,-2,-1,-2,-1,-3,-1,-2,-1,-2,-1,-2,-1,-3,-1,-3,-1,-3,0,-3,0,-3,0,-3,0,0,0,0,0,0,0,0,0,0,0,0,0,0,19,-6,15,-7,17,-10,15,-8,13,-7,13,-6,13,-4,11,-4,11,-6,10,-4,9,-6,7,-5,7,-4,7,-3,5,-2,7,-3,5,-3,4,-2,3,-3,1,-4,3,-2,3,-4,2,-4,1,-3,-1,-3,-1,-4,-1,-5,-1,-4,-1,-4,-3,-4,-3,-7,-4,-7,-3,-6,-2,-6,-2,-6,-3,-5,-2,-5,-2,-4,-2,-4,-2,-7,-2,-7,-2,-6,-3,-5,-2,-5,-3,-6,-2,-7,-2,-7,-2,-5,-2,-5,-3,-6,-4,-8,-2,-5,-2,-7,-2,-6,-1,-7,0,-7,0,-8,0,0,0,0,0,0,0,0,0,0,0,0,0,0,0,0,0,0,0,0,0,0,8,-21,9,-21,11,-20,14,-23,17,-22,18,-21,19,-20,20,-18,23,-20,26,-18,30,-16,32,-16,33,-14,36,-13,36,-11,37,-7,39,-6,40,-3,41,-2,41,2,41,2,41,4,42,9,42,12,39,15,40,16,36,19,38,18,37,20,35,22,32,22,32,23,31,23,31,23,30,24,28,25,27,25,25,24,23,26,25,26,23,23,24,27,21,25,20,25,18,25,21,25,17,23,18,21,17,22,15,23,14,23,14,23,10,24,13,19,11,18,12,20,9,19,0,0]"
CSI_DATA,422,1a:00:00:00:00:00,-55,11,1,0,1,1,1,0,0,0,1,-96,0,11,2,5675107,0,44,0,384,0,"[0,0,0,0,0,0,0,0,0,0,0,0,-6,-2,-6,-2,-5,-2,-5,-2,-5,-2,-4,-1,-4,-1,-4,-1,-3,-1,-3,-1,-3,-1,-3,-1,-3,-1,-2,-1,-2,-1,-2,0,-2,0,-2,0,-2,0,-2,0,-1,0,-1,0,-1,1,-1,1,-1,1,-1,1,0,0,-1,2,-1,1,-1,1,-2,2,-1,1,-1,1,-1,1,-1,1,-2,2,-1,1,-1,1,-1,1,-1,1,-1,1,-1,1,-1,1,-1,1,-1,1,-1,1,-1,1,-1,2,-1,2,-1,2,-1,2,-2,1,-2,1,0,0,0,0,0,0,0,0,0,0,0,0,0,0,-34,-17,-35,-18,-33,-21,-25,-18,-27,-18,-27,-12,-23,-16,-23,-17,-20,-11,-15,-14,-18,-15,-17,-10,-16,-8,-16,-10,-10,-8,-15,-6,-14,-7,-10,-4,-11,-7,-4,-1,-8,-3,-5,0,-10,-1,-8,3,-7,2,-5,3,-5,3,-8,2,-9,3,-6,6,-7,6,-9,7,-10,8,-9,6,-7,11,-9,7,-10,7,-9,4,-9,8,-10,6,-7,5,-9,10,-8,5,-9,6,-6,4,-9,5,-8,11,-7,7,-8,10,-7,7,-10,5,-9,9,-12,6,-10,5,-13,8,-13,2,-15,5,0,0,0,0,0,0,0,0,0,0,0,0,0,0,0,0,0,0,0,0,0,0,-30,29,-32,27,-41,26,-46,23,-49,21,-53,19,-58,11,-57,8,-62,3,-61,-1,-69,-2,-69,-7,-75,-10,-76,-16,-74,-26,-72,-29,-75,-33,-71,-39,-72,-42,-63,-55,-62,-55,-63,-63,-58,-61,-58,-64,-52,-69,-52,-73,-46,-75,-38,-80,-34,-75,-33,-76,-26,-76,-25,-80,-18,-77,-16,-80,-11,-77,-7,-77,-11,-69,-10,-72,-8,-69,-8,-73,-1,-69,-1,-66,0,-70,4,-64,3,-63,7,-57,13,-60,9,-57,10,-58,8,-52,12,-54,10,-52,15,-51,12,-48,21,-46,16,-45,14,-40,0,0]"
CSI_DATA,423,1a:00:00:00:00:00,-55,11,1,0,1,1,1,0,0,0,1,-96,0,11,2,5688216,0,44,0,384,0,"[0,0,0,0,0,0,0,0,0,0,0,0,5,-2,5,-2,4,-1,4,-1,4,-2,3,-2,3,-2,3,-2,2,-1,2,-1,2,-1,2,-2,1,-1,1,-1,1,-1,1,-1,1,-2,1,-2,0,-1,0,-1,0,-2,0,-1,0,-2,0,-2,0,-2,0,-3,0,0,0,-3,-1,-2,-1,-2,0,-3,-1,-3,-1,-2,-1,-3,-1,-2,0,-2,0,-2,0,-2,-1,-2,0,-2,0,-2,0,-2,0,-2,-1,-2,0,-2,0,-2,0,-2,0,-3,0,-3,0,-3,0,-3,1,-3,1,-2,0,0,0,0,0,0,0,0,0,0,0,0,0,0,18,-7,17,-9,17,-6,15,-6,14,-7,14,-6,12,-4,12,-6,11,-6,10,-2,8,-6,7,-4,8,-4,9,-3,7,-1,4,-4,5,-4,4,-3,4,-3,3,-3,1,-4,1,-3,1,-3,1,-4,1,-4,0,-3,0,-4,0,-4,0,-5,-2,-6,0,-4,-2,-7,-2,-6,-1,-5,-2,-6,-1,-8,0,-5,-4,-4,0,-7,-2,-6,-3,-6,0,-6,-1,-4,-1,-4,-1,-5,-1,-7,-1,-8,-4,-7,-2,-6,-3,-5,-3,-8,-2,-6,-2,-6,-2,-7,-2,-7,-2,-7,1,-7,0,0,0,0,0,0,0,0,0,0,0,0,0,0,0,0,0,0,0,0,0,0,7,-21,10,-21,14,-19,16,-21,18,-20,18,-19,20,-20,23,-18,25,-18,28,-17,30,-16,32,-12,34,-11,36,-10,37,-7,39,-5,40,-4,40,1,42,1,44,3,41,5,41,8,42,11,40,14,40,17,38,15,37,20,37,21,35,23,36,24,33,23,33,25,31,24,28,25,28,25,26,25,25,25,25,25,23,26,24,26,20,26,21,26,20,27,20,25,19,25,20,23,16,24,16,23,14,22,12,24,13,23,12,22,11,23,11,22,11,21,11,19,8,21,0,0]"
CSI_DATA,424,1a:00:00:00:00:00,-55,11,1,0,1,1,1,0,0,0,1,-96,0,11,2,5695360,0,44,0,384,0,"[0,0,0,0,0,0,0,0,0,0,0,0,-1,-6,-1,-6,-1,-5,-1,-6,-1,-5,-1,-5,0,-4,0,-4,0,-4,-1,-3,0,-3,-1,-3,-1,-3,-1,-3,-1,-2,-1,-2,-1,-2,-1,-1,-2,-1,-2,-2,-2,-1,-2,-1,-2,-1,-2,-2,-2,-2,-2,-1,0,0,-2,-1,-2,-1,-3,-1,-2,-1,-3,-2,-3,-2,-2,-1,-3,-1,-2,-1,-2,-1,-2,-1,-2,-1,-2,-1,-2,-1,-3,-1,-2,-1,-3,-1,-3,-1,-2,-1,-3,-1,-3,-1,-2,-1,-3,-1,-3,-2,-3,-2,-3,-2,0,0,0,0,0,0,0,0,0,0,0,0,0,0,-3,-19,-2,-18,-2,-18,-3,-17,-3,-17,-1,-16,-2,-14,-3,-14,-1,-13,-1,-12,-1,-10,-1,-10,-1,-11,-1,-6,0,-9,-1,-9,-2,-5,-2,-4,-2,-7,-2,-5,-1,-4,-3,-6,-2,-4,-3,0,-3,-2,-5,-1,-4,-4,-7,-3,-4,-2,-6,0,-7,-2,-5,0,-6,-1,-6,0,-6,-1,-7,-1,-6,-4,-8,-3,-6,0,-6,-2,-6,-1,-5,0,-6,0,-7,-1,-5,-1,-6,-2,-4,-1,-6,-1,-8,1,-6,-1,-5,-2,-7,-1,-9,0,-7,-2,-8,-2,-7,-1,-7,-3,0,0,0,0,0,0,0,0,0,0,0,0,0,0,0,0,0,0,0,0,0,0,-20,-10,-20,-13,-19,-15,-21,-17,-19,-20,-20,-21,-17,-24,-16,-27,-15,-30,-14,-29,-13,-33,-12,-35,-12,-37,-6,-39,-6,-40,-1,-39,-1,-42,4,-41,4,-42,11,-42,12,-42,14,-44,16,-40,19,-43,20,-39,21,-39,22,-40,28,-36,25,-34,28,-32,28,-29,31,-30,30,-26,31,-24,31,-24,31,-23,31,-21,30,-21,30,-20,31,-20,31,-18,29,-18,30,-16,30,-15,28,-12,28,-13,28,-11,29,-11,26,-11,25,-10,25,-8,25,-9,28,-7,22,-8,23,-8,22,-7,22,-7,0,0]"
CSI_DATA,425,1a:00:00:00:00:00,-54,11,1,0,1,1,1,0,0,0,1,-96,0,11,2,5704322,0,44,0,384,0,"[0,0,0,0,0,0,0,0,0,0,0,0,2,-6,2,-5,1,-5,1,-4,1,-4,1,-4,1,-4,1,-4,1,-3,1,-3,1,-3,1,-3,0,-2,0,-2,0,-2,0,-2,0,-2,0,-2,-1,-2,-1,-2,-2,-2,-2,-2,-1,-2,-2,-2,-2,-2,-1,-2,0,0,-2,-2,-2,-2,-2,-2,-2,-2,-2,-2,-2,-2,-2,-2,-2,-3,-1,-2,-2,-2,-2,-1,-2,-2,-2,-2,-2,-2,-2,-2,-2,-1,-2,-2,-2,-2,-2,-2,-2,-2,-2,-2,-2,-2,-2,-3,-2,-3,-2,-3,-1,-3,0,0,0,0,0,0,0,0,0,0,0,0,0,0,20,-30,23,-29,16,-34,19,-29,19,-25,20,-26,16,-23,17,-19,14,-15,14,-18,13,-13,13,-15,12,-14,10,-9,7,-13,8,-13,7,-9,6,-10,9,-11,6,-8,4,-7,0,-10,2,-9,0,-7,0,-5,-3,-8,-3,-8,-5,-7,-4,-8,-6,-12,-2,-10,-5,-13,-10,-11,-5,-7,-6,-11,-5,-10,-6,-10,-3,-8,-6,-10,-4,-11,-4,-13,-4,-11,-8,-12,-9,-12,-3,-8,-5,-8,-6,-11,-7,-7,-7,-9,-2,-10,-6,-11,-7,-13,-6,-13,-6,-12,-4,-11,-2,-13,-1,-14,0,0,0,0,0,0,0,0,0,0,0,0,0,0,0,0,0,0,0,0,0,0,-30,-32,-32,-37,-28,-41,-24,-49,-18,-54,-18,-54,-12,-56,-6,-58,-8,-63,1,-67,4,-71,9,-74,10,-77,20,-71,28,-75,30,-72,40,-75,49,-69,49,-72,54,-67,64,-61,64,-61,69,-54,75,-56,77,-46,76,-43,79,-37,85,-32,82,-27,83,-26,81,-23,84,-18,81,-14,80,-8,78,-7,76,-4,73,-1,78,-5,70,0,70,-1,68,10,71,2,70,9,67,13,62,13,62,11,60,15,59,15,55,16,52,18,50,14,49,18,46,19,45,17,44,22,43,20,40,22,0,0]"
CSI_DATA,426,1a:00:00:00:00:00,-55,11,1,0,1,1,1,0,0,0,1,-96,0,11,2,5713895,0,44,0,384,0,"[0,0,0,0,0,0,0,0,0,0,0,0,5,1,4,1,4,2,4,2,4,2,3,1,3,1,3,1,2,1,2,1,2,0,2,0,2,0,1,0,1,0,1,-1,1,-1,1,-1,1,-1,1,-1,0,-1,0,-1,1,-2,0,-1,1,-1,1,-2,0,0,1,-2,0,-2,0,-2,1,-2,1,-2,0,-2,0,-2,0,-2,1,-2,1,-2,1,-2,0,-2,0,-2,0,-2,1,-2,1,-2,0,-2,1,-2,0,-3,1,-2,0,-2,0,-3,0,-2,0,-2,1,-3,1,-2,0,0,0,0,0,0,0,0,0,0,0,0,0,0,27,26,29,23,29,20,29,23,22,20,23,25,20,17,20,20,21,14,17,16,13,13,13,14,9,13,9,6,13,9,7,12,10,8,12,5,7,3,5,4,9,0,8,0,7,-1,7,-1,10,-6,7,-8,4,-3,9,-7,4,-6,8,-5,8,-7,8,-6,6,-5,8,-6,7,-9,13,-5,12,-10,10,-4,11,-4,8,-4,7,-7,7,-6,7,-3,9,-6,7,-9,10,-8,6,-11,5,-5,11,-8,12,-7,8,-9,10,-4,8,-6,9,-6,14,-7,14,-6,15,-5,0,0,0,0,0,0,0,0,0,0,0,0,0,0,0,0,0,0,0,0,0,0,40,-18,46,-17,45,-12,52,-8,54,-5,57,3,55,10,57,14,61,13,64,16,64,23,63,31,65,33,67,38,61,46,58,48,62,57,55,59,54,67,46,71,40,74,43,81,36,79,38,82,28,85,25,84,22,84,16,88,7,83,2,86,5,80,-3,87,-6,81,-10,79,-11,77,-14,76,-12,72,-12,70,-14,72,-13,70,-18,66,-18,64,-19,65,-20,66,-24,60,-26,54,-25,54,-24,55,-26,49,-22,48,-22,47,-23,47,-26,45,-27,41,-26,41,-27,36,-23,38,0,0]"
CSI_DATA,427,1a:00:00:00:00:00,-55,11,1,0,1,1,1,0,0,0,1,-96,0,11,2,5724058,0,44,0,384,0,"[0,0,0,0,0,0,0,0,0,0,0,0,-4,4,-4,5,-3,4,-3,4,-3,3,-3,3,-3,3,-3,2,-3,2,-2,2,-2,2,-2,2,-1,2,-1,1,-1,1,-1,1,-1,1,-1,1,-1,1,0,1,0,1,0,1,0,1,1,1,1,1,0,1,0,0,0,1,1,1,1,1,0,1,1,1,1,2,0,1,0,2,0,1,0,1,0,1,0,1,0,1,1,1,0,1,1,1,0,2,1,1,1,1,1,1,0,2,0,2,0,2,0,2,0,2,0,2,0,0,0,0,0,0,0,0,0,0,0,0,0,0,-28,30,-25,25,-24,28,-22,26,-21,27,-20,21,-20,16,-21,18,-19,17,-15,19,-14,13,-12,16,-14,14,-13,11,-10,11,-9,11,-9,7,-5,8,-6,7,-6,8,-4,10,-2,8,-1,6,1,5,-1,8,4,8,1,7,3,5,0,7,1,9,6,9,2,9,5,8,7,7,6,12,1,6,10,10,6,8,7,10,6,10,3,10,3,6,2,7,7,5,7,7,3,10,7,12,10,7,5,9,3,10,4,13,4,12,5,9,3,11,2,13,2,9,2,12,0,0,0,0,0,0,0,0,0,0,0,0,0,0,0,0,0,0,0,0,0,0,21,39,18,41,15,46,9,51,7,51,0,56,-4,53,-7,58,-11,62,-14,63,-19,64,-22,66,-31,67,-38,68,-41,63,-48,58,-51,63,-58,59,-63,57,-70,48,-70,48,-79,46,-78,41,-80,37,-86,28,-86,23,-87,23,-91,17,-80,14,-87,9,-83,0,-83,-1,-83,-5,-81,-8,-80,-7,-77,-10,-72,-7,-74,-11,-73,-11,-71,-12,-70,-18,-65,-21,-68,-18,-64,-21,-58,-28,-59,-21,-57,-23,-55,-26,-53,-24,-52,-23,-46,-25,-48,-27,-51,-29,-41,-27,-40,-27,-38,-23,-37,-28,0,0]"
