type,id,mac,rssi,rate,sig_mode,mcs,bandwidth,smoothing,not_sounding,aggregation,stbc,fec_coding,sgi,noise_floor,ampdu_cnt,channel,secondary_channel,local_timestamp,ant,sig_len,rx_state,len,first_word,data
CSI_DATA,19,1a:00:00:00:00:00,-48,11,1,0,1,1,1,0,0,0,1,-96,0,11,2,530224,0,44,0,384,0,"[0,0,0,0,0,0,0,0,0,0,0,0,-7,-4,-7,-3,-7,-2,-6,-2,-6,-1,-5,-1,-4,0,-3,0,-3,1,-2,1,-1,2,0,2,0,2,1,3,2,3,3,3,3,3,4,3,4,3,5,3,5,3,6,3,6,4,7,3,8,4,9,3,0,0,9,3,10,4,10,4,10,4,10,5,9,5,9,5,9,5,9,5,8,5,8,5,7,6,7,5,6,5,6,5,6,6,5,5,4,5,4,5,3,5,3,5,3,4,2,4,2,4,1,4,0,4,0,0,0,0,0,0,0,0,0,0,0,0,0,0,-57,-45,-55,-35,-57,-31,-54,-23,-44,-20,-38,-16,-38,-8,-37,-5,-28,-3,-30,-2,-21,7,-16,5,-13,12,-9,11,-3,14,3,14,4,19,10,22,12,24,16,21,26,20,29,21,29,19,37,19,36,20,42,23,45,22,47,21,53,20,52,19,54,22,62,22,57,20,67,21,64,21,65,28,63,26,68,20,61,28,57,29,53,30,53,36,51,31,47,28,50,31,44,30,36,32,35,32,36,30,32,28,24,29,24,27,22,27,13,26,13,27,6,25,5,30,0,0,0,0,0,0,0,0,0,0,0,0,0,0,0,0,0,0,0,0,0,0,-19,-7,-19,-4,-16,-1,-13,-1,-11,3,-13,3,-7,5,-6,8,-4,11,0,13,-2,12,3,15,6,20,7,29,11,26,16,27,20,30,18,31,23,32,26,34,27,37,32,35,36,34,37,35,38,39,42,30,41,32,47,29,47,27,54,25,52,20,62,18,58,14,60,6,63,3,64,2,60,-1,70,-12,70,-16,69,-26,71,-26,64,-37,70,-41,66,-44,64,-46,68,-54,64,-55,59,-65,62,-66,66,-68,68,-73,63,-77,65,-81,57,-73,62,-81,55,-78,51,-75,0,0]"
CSI_DATA,20,1a:00:00:00:00:00,-48,11,1,0,1,1,1,0,0,0,1,-96,0,11,2,540256,0,44,0,384,0,"[0,0,0,0,0,0,0,0,0,0,0,0,-6,-8,-5,-6,-6,-6,-5,-5,-5,-4,-4,-3,-4,-2,-3,-1,-3,0,-3,1,-2,1,-1,2,-1,2,-1,3,-1,4,1,5,1,5,1,5,2,5,3,6,3,6,4,6,4,7,5,8,5,8,6,7,0,0,7,8,7,9,7,9,7,9,6,9,6,10,6,9,6,9,6,9,4,10,5,10,4,9,3,9,3,9,2,8,2,8,2,8,1,7,1,7,0,6,-1,6,-1,6,-1,6,-1,5,-2,5,-2,4,0,0,0,0,0,0,0,0,0,0,0,0,0,0,-17,-34,-16,-28,-16,-27,-16,-21,-15,-20,-16,-18,-14,-15,-13,-10,-9,-8,-11,-7,-10,-2,-10,-3,-7,2,-7,3,-5,4,-2,6,0,9,-1,10,2,10,3,12,6,14,4,14,8,15,11,18,11,16,13,18,13,18,15,20,17,20,18,21,19,20,19,22,18,23,21,22,19,23,22,25,21,24,20,25,18,26,18,24,14,24,15,23,13,25,13,24,11,23,9,21,9,22,8,21,6,20,6,17,2,19,3,17,3,15,0,15,-2,13,-4,14,-4,13,0,0,0,0,0,0,0,0,0,0,0,0,0,0,0,0,0,0,0,0,0,0,-8,-7,-7,-6,-8,-5,-6,-5,-7,-3,-4,-1,-7,0,-5,2,-7,4,-2,5,-5,5,-5,8,-3,10,-2,13,-3,12,-1,13,1,16,-1,16,3,18,0,18,2,20,7,21,5,22,6,23,6,25,10,23,9,24,12,24,14,20,18,22,14,20,23,20,23,18,24,17,25,17,27,15,27,13,29,11,31,10,34,6,36,6,35,0,39,0,37,-2,40,-4,41,-7,41,-9,40,-13,42,-15,41,-13,45,-15,44,-18,47,-16,40,-15,44,-17,42,-21,39,-18,0,0]"
CSI_DATA,21,1a:00:00:00:00:00,-48,11,1,0,1,1,1,0,0,0,1,-96,0,11,2,560249,0,44,0,384,0,"[0,0,0,0,0,0,0,0,0,0,0,0,-9,1,-8,2,-7,2,-6,2,-6,2,-4,2,-3,2,-2,2,-1,3,-1,2,0,3,1,2,2,1,3,1,3,1,5,1,5,0,5,0,5,-1,6,0,7,-1,7,-1,8,-1,8,-3,9,-2,9,-2,0,0,10,-2,11,-3,10,-3,11,-3,10,-3,11,-2,11,-3,11,-2,11,-2,11,-1,10,-1,10,0,9,0,9,0,9,0,8,1,7,1,7,0,6,1,6,1,5,2,5,2,5,2,4,3,3,3,2,3,0,0,0,0,0,0,0,0,0,0,0,0,0,0,-37,4,-31,4,-29,7,-26,7,-25,6,-19,7,-19,7,-16,7,-13,8,-7,7,-7,8,-3,8,-3,9,0,6,1,6,6,6,6,5,8,4,7,2,13,2,14,0,14,1,16,-2,18,-4,20,-5,20,-5,21,-6,23,-8,25,-7,26,-11,24,-11,29,-10,27,-10,30,-11,31,-13,31,-8,31,-10,29,-11,30,-7,31,-5,28,-5,29,-5,27,-4,27,-2,27,-2,24,-1,24,1,24,1,20,2,19,2,17,2,16,5,15,5,14,6,15,7,11,7,9,7,0,0,0,0,0,0,0,0,0,0,0,0,0,0,0,0,0,0,0,0,0,0,-7,4,-7,5,-6,4,-6,5,-4,5,-4,4,-1,4,0,5,1,4,4,4,4,4,7,6,9,4,12,3,13,4,12,4,16,1,15,3,21,3,22,3,20,3,23,2,21,1,26,-2,25,-2,24,-4,28,-4,28,-6,26,-7,28,-10,24,-12,29,-13,27,-14,24,-17,26,-20,23,-23,21,-23,20,-27,21,-29,18,-33,17,-34,15,-34,13,-37,11,-39,10,-39,4,-40,5,-42,3,-44,0,-43,2,-48,0,-46,-3,-48,-1,-49,-3,-45,-6,-50,-3,-47,-4,-46,0,0]"
CSI_DATA,22,1a:00:00:00:00:00,-48,11,1,0,1,1,1,0,0,0,1,-96,0,11,2,580254,0,44,0,384,0,"[0,0,0,0,0,0,0,0,0,0,0,0,-6,8,-5,7,-3,6,-3,6,-2,5,-2,4,-1,4,0,3,1,3,2,2,2,1,3,0,3,-1,3,-1,4,-2,4,-3,4,-3,4,-3,4,-5,5,-6,4,-6,5,-7,5,-7,5,-8,6,-9,5,-9,0,0,6,-9,6,-10,6,-10,7,-10,7,-10,7,-10,7,-10,7,-9,8,-9,8,-9,8,-8,8,-7,7,-6,7,-6,7,-6,7,-5,7,-5,6,-4,7,-4,6,-4,6,-3,6,-2,5,-1,5,-1,5,0,4,0,0,0,0,0,0,0,0,0,0,0,0,0,0,0,-57,49,-54,46,-42,44,-35,39,-29,39,-26,41,-15,34,-16,30,-9,28,-6,24,1,23,0,16,4,15,8,11,10,7,19,5,16,1,19,-3,20,-4,19,-8,24,-15,23,-18,25,-26,27,-25,25,-27,28,-33,30,-36,29,-45,28,-46,31,-46,31,-45,34,-52,35,-46,32,-52,35,-54,41,-52,39,-56,40,-49,42,-47,41,-47,43,-44,47,-46,44,-40,43,-41,41,-31,40,-31,38,-28,40,-25,36,-21,39,-21,35,-16,33,-16,35,-13,27,-7,30,-5,28,-5,27,2,0,0,0,0,0,0,0,0,0,0,0,0,0,0,0,0,0,0,0,0,0,0,-9,15,-9,15,-7,16,-2,12,-2,10,-1,8,7,9,5,9,9,8,13,8,17,3,20,-3,23,1,25,-4,25,-1,28,-7,33,-13,34,-14,29,-13,37,-15,37,-19,38,-21,38,-24,42,-31,41,-31,39,-39,41,-34,40,-35,33,-43,31,-45,30,-45,27,-49,27,-54,18,-54,17,-59,12,-62,9,-60,6,-65,0,-63,-5,-73,-10,-70,-19,-73,-20,-69,-26,-75,-29,-71,-38,-82,-41,-78,-43,-73,-54,-75,-52,-74,-52,-75,-61,-74,-65,-76,-60,-71,-60,-71,-60,-72,-64,-65,0,0]"
CSI_DATA,23,1a:00:00:00:00:00,-48,11,1,0,1,1,1,0,0,0,1,-96,0,11,2,590919,0,44,0,384,0,"[0,0,0,0,0,0,0,0,0,0,0,0,7,-5,6,-5,5,-5,5,-4,3,-4,3,-4,1,-4,0,-3,0,-3,-1,-3,-2,-3,-3,-2,-3,-2,-3,-1,-4,0,-5,0,-5,0,-6,0,-6,2,-6,2,-7,3,-7,3,-7,3,-9,4,-9,4,-8,5,0,0,-9,5,-9,5,-10,5,-10,5,-10,5,-10,5,-10,5,-10,5,-10,4,-10,4,-11,3,-9,3,-9,2,-9,2,-9,1,-9,1,-8,1,-8,1,-8,0,-7,0,-7,-1,-6,-1,-6,-1,-6,-2,-5,-2,-5,-2,0,0,0,0,0,0,0,0,0,0,0,0,0,0,33,-14,32,-13,28,-14,23,-14,21,-14,17,-13,16,-12,12,-12,10,-14,7,-9,3,-11,2,-9,1,-10,-3,-6,-2,-4,-9,-6,-9,-4,-10,-3,-12,-1,-14,0,-16,3,-19,3,-14,6,-20,9,-18,7,-21,11,-20,11,-22,13,-21,13,-24,19,-23,15,-25,17,-27,18,-26,18,-28,18,-29,16,-28,15,-28,15,-28,15,-30,12,-28,12,-28,11,-28,11,-28,10,-25,9,-26,7,-24,4,-25,3,-21,2,-21,1,-20,1,-18,-1,-17,-2,-16,-2,-15,-4,-16,-5,-13,-7,0,0,0,0,0,0,0,0,0,0,0,0,0,0,0,0,0,0,0,0,0,0,5,-8,6,-8,3,-8,4,-7,1,-6,1,-6,0,-5,-3,-5,-4,-7,-7,-4,-7,-5,-8,-4,-9,-4,-12,-3,-12,-2,-16,-2,-18,0,-17,-2,-20,0,-21,2,-20,1,-23,3,-23,5,-24,6,-26,6,-25,9,-23,7,-25,9,-25,14,-22,17,-21,16,-23,19,-22,21,-20,21,-18,24,-17,27,-15,27,-14,30,-13,30,-10,33,-7,36,-4,40,-4,36,-1,40,0,38,6,43,5,43,7,42,11,44,9,45,11,44,16,45,14,45,13,44,15,46,16,43,16,42,0,0]"
CSI_DATA,24,1a:00:00:00:00:00,-48,11,1,0,1,1,1,0,0,0,1,-96,0,11,2,600260,0,44,0,384,0,"[0,0,0,0,0,0,0,0,0,0,0,0,0,9,1,8,2,7,1,6,2,5,1,4,2,3,2,2,2,1,2,0,2,0,2,-2,2,-2,2,-3,2,-4,2,-5,1,-5,1,-6,0,-6,0,-7,0,-8,-1,-9,0,-9,-1,-10,-1,-10,-2,-10,0,0,-1,-11,-1,-12,-2,-12,-2,-12,-1,-12,-1,-13,-1,-12,-1,-12,0,-12,0,-12,1,-11,1,-11,2,-10,2,-10,2,-9,2,-9,2,-8,2,-7,2,-7,2,-7,3,-6,2,-6,3,-5,3,-4,4,-3,3,-3,0,0,0,0,0,0,0,0,0,0,0,0,0,0,-1,38,0,33,3,33,2,28,5,25,6,22,6,20,6,16,7,14,5,10,7,8,9,6,9,3,5,-2,8,-1,5,-3,6,-9,5,-9,6,-11,5,-15,1,-14,1,-15,0,-17,2,-19,-3,-18,-1,-24,-4,-23,-8,-26,-5,-26,-6,-30,-6,-28,-6,-34,-7,-29,-7,-34,-9,-33,-3,-34,-5,-33,-4,-34,-2,-32,-1,-33,-2,-29,1,-31,0,-30,3,-29,2,-28,4,-26,5,-25,4,-25,5,-21,4,-21,5,-19,5,-17,7,-16,8,-14,7,-13,9,-12,10,-9,0,0,0,0,0,0,0,0,0,0,0,0,0,0,0,0,0,0,0,0,0,0,5,8,5,7,5,6,4,6,3,4,5,3,3,2,6,-1,5,-1,5,-2,4,-5,5,-7,5,-9,6,-10,7,-11,7,-14,5,-17,8,-17,4,-18,5,-21,5,-20,4,-26,3,-22,2,-25,0,-25,-1,-26,-1,-28,-1,-29,-3,-27,-9,-30,-8,-27,-12,-32,-12,-30,-14,-29,-16,-29,-18,-26,-22,-26,-25,-22,-25,-24,-32,-22,-30,-22,-35,-19,-37,-17,-41,-16,-38,-14,-39,-8,-41,-11,-45,-10,-48,-8,-49,-8,-48,-6,-50,-3,-53,-6,-49,-4,-51,-5,-51,0,-47,-1,0,0]"
CSI_DATA,25,1a:00:00:00:00:00,-48,11,1,0,1,1,1,0,0,0,1,-96,0,11,2,610299,0,44,0,384,0,"[0,0,0,0,0,0,0,0,0,0,0,0,-10,-1,-9,-1,-8,0,-7,0,-6,1,-5,1,-4,1,-3,2,-2,2,-2,2,0,2,1,2,1,2,2,2,2,2,4,2,4,2,5,2,5,1,6,1,7,1,8,1,8,1,9,0,10,1,10,0,0,0,11,0,12,0,12,0,13,0,12,1,12,1,12,1,11,2,12,2,11,2,11,2,10,3,10,3,9,3,9,3,8,3,8,3,7,3,6,3,6,3,5,4,5,4,4,4,3,4,2,4,2,4,0,0,0,0,0,0,0,0,0,0,0,0,0,0,-18,30,-17,28,-12,30,-9,27,-9,23,-9,20,-6,17,-5,16,-1,14,1,12,1,11,3,8,5,7,5,4,5,1,8,0,8,-5,9,-6,6,-5,10,-9,9,-11,10,-14,7,-14,8,-17,7,-20,7,-19,8,-22,6,-25,9,-25,7,-27,7,-25,8,-27,9,-28,7,-29,10,-29,12,-29,10,-30,10,-30,13,-28,12,-28,13,-29,13,-27,14,-24,15,-25,14,-21,16,-21,14,-19,14,-18,12,-16,13,-14,12,-14,13,-11,11,-11,14,-8,14,-6,12,-5,13,-3,0,0,0,0,0,0,0,0,0,0,0,0,0,0,0,0,0,0,0,0,0,0,0,10,-1,8,-1,7,0,7,1,7,2,4,3,4,3,2,6,1,7,-1,8,-3,7,-5,10,-3,8,-6,11,-6,10,-9,13,-12,13,-11,12,-13,13,-15,14,-16,14,-18,15,-20,14,-22,12,-22,12,-23,13,-22,10,-24,13,-25,7,-29,9,-27,7,-30,4,-29,0,-32,-3,-32,-4,-29,-7,-30,-9,-31,-12,-32,-15,-33,-17,-31,-24,-35,-21,-31,-27,-32,-27,-31,-29,-33,-33,-29,-36,-26,-35,-27,-37,-28,-38,-28,-40,-29,-39,-27,-39,-27,-42,-28,-42,-22,-36,-22,0,0]"
CSI_DATA,26,1a:00:00:00:00:00,-48,11,1,0,1,1,1,0,0,0,1,-96,0,11,2,620266,0,44,0,384,0,"[0,0,0,0,0,0,0,0,0,0,0,0,-3,9,-2,8,-1,7,-1,7,-1,5,0,5,1,4,1,3,1,2,2,1,2,0,2,-1,3,-2,3,-3,3,-3,3,-4,3,-5,2,-5,2,-7,2,-7,2,-8,2,-9,2,-9,2,-10,2,-11,2,-11,0,0,1,-12,2,-13,2,-13,2,-13,2,-13,2,-13,2,-13,2,-13,3,-13,3,-12,4,-12,4,-11,4,-10,4,-10,4,-9,4,-9,4,-8,4,-8,4,-7,4,-6,4,-6,4,-5,4,-5,4,-4,4,-3,4,-2,0,0,0,0,0,0,0,0,0,0,0,0,0,0,43,59,43,48,45,44,38,38,36,31,34,32,30,17,31,18,25,10,24,7,22,2,12,-1,14,-5,10,-9,3,-12,3,-15,1,-19,-4,-19,-5,-24,-6,-22,-15,-29,-16,-27,-20,-26,-28,-25,-28,-30,-32,-30,-35,-30,-37,-34,-41,-35,-44,-33,-43,-36,-47,-42,-44,-38,-51,-39,-45,-39,-49,-46,-48,-41,-49,-44,-45,-45,-42,-43,-36,-41,-35,-46,-34,-44,-36,-46,-28,-45,-26,-38,-23,-43,-17,-37,-18,-37,-14,-35,-13,-36,-10,-33,-13,-33,-4,-30,-1,-30,0,-27,7,-26,0,0,0,0,0,0,0,0,0,0,0,0,0,0,0,0,0,0,0,0,0,0,15,5,14,3,17,3,11,1,7,1,9,0,8,-4,4,-7,6,-10,-1,-12,0,-13,-1,-19,-7,-21,-7,-24,-10,-26,-12,-27,-14,-31,-16,-31,-21,-35,-21,-35,-22,-38,-29,-39,-25,-35,-33,-40,-33,-39,-37,-39,-39,-36,-40,-41,-39,-35,-51,-35,-45,-30,-57,-29,-55,-26,-59,-15,-59,-18,-65,-11,-61,-11,-64,-7,-67,2,-71,6,-75,12,-72,16,-78,19,-69,28,-76,31,-76,38,-79,42,-69,43,-77,52,-74,50,-73,52,-79,56,-83,60,-67,58,-76,57,-76,61,-66,56,0,0]"
CSI_DATA,27,1a:00:00:00:00:00,-48,11,1,0,1,1,1,0,0,0,1,-96,0,11,2,630221,0,44,0,384,0,"[0,0,0,0,0,0,0,0,0,0,0,0,8,3,7,2,7,1,6,0,5,0,4,-1,3,-1,2,-2,2,-2,1,-3,0,-3,-1,-3,-2,-3,-3,-3,-3,-4,-4,-4,-5,-3,-6,-3,-6,-3,-7,-3,-7,-3,-8,-3,-9,-3,-10,-2,-11,-2,-11,-2,0,0,-12,-2,-12,-2,-13,-2,-13,-2,-13,-3,-13,-3,-13,-3,-12,-3,-12,-3,-12,-4,-12,-4,-11,-4,-10,-4,-10,-4,-9,-5,-9,-5,-8,-4,-8,-4,-7,-5,-6,-4,-6,-5,-5,-5,-5,-5,-4,-5,-3,-5,-2,-5,0,0,0,0,0,0,0,0,0,0,0,0,0,0,57,-49,52,-47,39,-46,38,-43,33,-42,24,-35,19,-34,15,-30,17,-27,5,-21,2,-22,-1,-18,-7,-15,-8,-10,-10,-6,-11,-2,-19,-1,-18,5,-20,7,-22,12,-23,19,-29,20,-22,22,-23,25,-25,31,-23,35,-29,36,-26,41,-31,44,-30,50,-34,51,-33,54,-32,54,-33,54,-35,57,-35,52,-33,52,-35,53,-41,51,-38,50,-37,46,-40,44,-40,40,-40,42,-37,37,-38,36,-40,28,-34,29,-31,23,-37,20,-33,20,-31,14,-30,15,-33,12,-30,9,-28,6,-25,0,0,0,0,0,0,0,0,0,0,0,0,0,0,0,0,0,0,0,0,0,0,0,11,-19,6,-21,6,-14,4,-13,3,-10,-1,-11,-1,-8,-5,-8,-11,-6,-14,-3,-14,-7,-17,-5,-22,-1,-25,-4,-27,4,-30,11,-31,10,-35,9,-36,11,-34,16,-35,19,-42,23,-43,30,-43,28,-45,32,-43,37,-44,32,-42,37,-41,42,-37,50,-35,48,-31,53,-31,54,-28,55,-22,63,-16,64,-15,64,-5,66,-4,70,2,74,7,72,10,73,19,78,27,78,27,72,31,84,37,79,43,72,49,76,54,81,50,80,56,81,52,81,56,76,62,76,61,75,60,76,0,0]"
CSI_DATA,28,1a:00:00:00:00:00,-48,11,1,0,1,1,1,0,0,0,1,-96,0,11,2,640333,0,44,0,384,0,"[0,0,0,0,0,0,0,0,0,0,0,0,-3,9,-2,8,-1,7,-1,6,0,5,0,4,1,3,1,2,1,2,2,1,2,0,2,-1,2,-2,2,-3,3,-4,2,-4,2,-5,2,-5,2,-6,2,-7,1,-7,2,-8,1,-8,1,-10,1,-10,1,-10,0,0,1,-12,2,-12,2,-13,2,-12,2,-12,3,-12,2,-12,2,-12,3,-11,3,-11,3,-10,3,-10,4,-9,4,-9,4,-8,4,-8,4,-7,4,-7,4,-6,4,-6,4,-5,4,-4,4,-4,4,-4,4,-3,4,-2,0,0,0,0,0,0,0,0,0,0,0,0,0,0,-27,27,-22,23,-19,25,-17,22,-14,20,-11,20,-10,17,-8,15,-6,14,-6,12,0,10,1,8,2,7,3,4,5,3,8,1,9,-2,8,-4,9,-5,9,-7,10,-10,10,-10,13,-12,10,-15,10,-17,11,-18,12,-19,12,-22,15,-23,13,-25,15,-22,16,-26,13,-25,14,-27,15,-29,19,-27,16,-28,17,-28,19,-27,20,-26,18,-24,19,-23,20,-21,21,-22,19,-21,19,-15,18,-15,17,-15,17,-12,15,-12,16,-9,16,-8,14,-6,16,-4,14,-5,13,-1,12,-1,0,0,0,0,0,0,0,0,0,0,0,0,0,0,0,0,0,0,0,0,0,0,-4,11,-4,10,-2,7,-2,7,-1,8,0,5,2,5,3,1,3,2,6,1,8,-2,9,-2,8,-3,9,-5,11,-6,12,-8,13,-10,14,-10,14,-13,16,-13,15,-14,17,-17,16,-18,16,-20,16,-20,15,-22,16,-23,16,-26,14,-23,13,-29,12,-29,11,-32,8,-30,7,-31,4,-33,0,-33,0,-33,-4,-36,-6,-35,-11,-37,-13,-37,-14,-37,-18,-39,-22,-38,-23,-35,-23,-36,-25,-36,-29,-37,-30,-36,-33,-34,-31,-34,-36,-34,-35,-37,-36,-32,-37,-36,-37,-36,-34,-34,0,0]"
CSI_DATA,29,1a:00:00:00:00:00,-48,11,1,0,1,1,1,0,0,0,1,-96,0,11,2,670227,0,44,0,384,0,"[0,0,0,0,0,0,0,0,0,0,0,0,-1,-9,-1,-9,-2,-7,-2,-6,-3,-6,-2,-5,-2,-4,-3,-3,-3,-2,-3,-1,-3,0,-3,0,-3,2,-3,2,-3,3,-3,4,-2,4,-2,5,-2,5,-2,6,-2,6,-1,8,-2,8,-1,9,-1,9,0,9,0,0,-1,10,-1,11,-1,11,-1,11,-1,11,-2,11,-2,11,-2,11,-2,10,-3,10,-3,10,-4,9,-4,8,-4,8,-4,8,-4,7,-4,6,-4,6,-5,5,-4,5,-4,4,-4,4,-5,3,-4,3,-5,2,-5,1,0,0,0,0,0,0,0,0,0,0,0,0,0,0,0,-38,-2,-33,-4,-31,-5,-29,-5,-23,-6,-21,-8,-17,-6,-16,-8,-14,-7,-13,-9,-9,-8,-5,-9,-3,-7,-2,-8,-2,-7,2,-7,6,-8,7,-5,10,-5,12,-5,15,-3,13,-3,17,-1,19,-2,19,0,21,-1,21,3,26,1,27,4,29,3,28,2,31,2,30,4,34,1,29,0,34,2,31,1,33,-2,31,-3,31,-3,30,-6,30,-4,28,-5,28,-4,25,-7,25,-8,22,-10,21,-9,17,-7,18,-11,17,-10,15,-11,13,-11,11,-11,10,-11,8,-12,6,0,0,0,0,0,0,0,0,0,0,0,0,0,0,0,0,0,0,0,0,0,0,-7,-10,-7,-8,-5,-7,-6,-7,-5,-5,-4,-4,-3,-3,-5,-1,-4,2,-3,3,-6,5,-3,5,-3,9,-3,8,-3,9,-2,13,-2,15,-2,14,-1,17,0,19,-1,20,1,22,1,23,4,24,4,25,6,26,5,25,9,26,8,26,12,28,11,23,14,28,16,25,18,25,22,24,23,23,22,21,27,19,28,19,32,16,37,19,33,14,39,15,37,11,39,12,43,9,43,7,44,3,45,8,45,4,46,3,49,1,52,4,44,1,49,-1,49,-2,44,0,0,0]"
CSI_DATA,30,1a:00:00:00:00:00,-48,11,1,0,1,1,1,0,0,0,1,-96,0,11,2,690881,0,44,0,384,0,"[0,0,0,0,0,0,0,0,0,0,0,0,-9,1,-8,1,-7,2,-6,2,-5,2,-4,2,-3,2,-2,2,-2,2,-1,2,0,2,1,2,2,2,2,1,3,1,4,1,4,1,5,0,5,0,6,0,6,-1,7,-1,7,-1,8,-2,8,-2,9,-2,0,0,9,-3,10,-2,10,-3,11,-3,10,-2,10,-2,11,-2,10,-2,10,-2,10,-1,10,-1,9,0,9,0,9,0,8,1,8,1,8,1,7,1,6,1,6,1,5,2,5,2,5,2,4,3,3,3,2,3,0,0,0,0,0,0,0,0,0,0,0,0,0,0,-7,36,-7,31,-2,30,-3,28,-1,27,1,25,1,21,3,20,5,17,4,13,5,10,5,8,6,4,7,2,8,-1,8,-1,7,-6,6,-6,5,-8,7,-11,5,-14,8,-13,4,-16,5,-21,3,-20,4,-23,1,-24,1,-25,1,-27,-1,-31,1,-31,2,-32,1,-31,1,-32,0,-32,5,-35,2,-33,3,-32,5,-30,4,-30,6,-31,8,-30,8,-28,8,-28,8,-27,9,-25,10,-22,9,-22,10,-20,9,-18,9,-17,10,-16,10,-13,10,-13,12,-12,11,-8,12,-6,0,0,0,0,0,0,0,0,0,0,0,0,0,0,0,0,0,0,0,0,0,0,3,10,2,9,3,10,2,9,2,6,0,6,4,4,2,2,3,0,3,-1,4,-3,2,-5,2,-8,1,-6,4,-8,3,-11,1,-14,4,-16,2,-17,2,-20,2,-20,2,-23,1,-25,0,-25,1,-24,0,-26,-2,-27,-5,-26,-6,-28,-9,-31,-6,-27,-13,-30,-11,-31,-14,-27,-17,-26,-20,-28,-23,-27,-24,-26,-26,-24,-29,-25,-30,-22,-34,-22,-39,-20,-37,-21,-40,-19,-42,-15,-43,-15,-45,-15,-44,-13,-48,-14,-49,-13,-48,-10,-53,-12,-48,-10,-51,-9,-50,-9,-46,-7,0,0]"
CSI_DATA,31,1a:00:00:00:00:00,-48,11,1,0,1,1,1,0,0,0,1,-96,0,11,2,700265,0,44,0,384,0,"[0,0,0,0,0,0,0,0,0,0,0,0,9,-2,8,-2,7,-3,6,-3,5,-3,4,-3,3,-3,2,-3,1,-3,0,-3,-1,-3,-2,-3,-3,-3,-3,-3,-4,-2,-5,-2,-6,-2,-6,-1,-7,-1,-8,0,-8,0,-9,0,-9,0,-10,1,-11,1,-11,2,0,0,-12,2,-12,2,-13,2,-13,2,-13,2,-13,1,-13,2,-13,1,-13,1,-13,0,-13,0,-12,-1,-11,-1,-11,-1,-11,-2,-10,-2,-10,-2,-9,-2,-8,-2,-8,-2,-7,-3,-7,-3,-6,-3,-6,-4,-5,-4,-4,-4,0,0,0,0,0,0,0,0,0,0,0,0,0,0,13,-37,11,-32,6,-30,6,-28,2,-25,3,-23,0,-18,0,-20,-3,-16,-3,-13,-4,-11,-6,-8,-5,-7,-5,-2,-6,-2,-10,3,-7,4,-7,6,-9,6,-9,9,-10,12,-8,13,-6,15,-5,17,-6,17,-6,21,-5,21,-5,22,-6,25,-6,26,-4,28,-6,31,-4,29,-4,31,-4,32,-7,32,-7,30,-9,31,-10,29,-8,28,-8,26,-11,26,-10,25,-10,28,-11,23,-11,21,-12,20,-10,18,-13,19,-11,18,-12,16,-13,13,-12,12,-12,9,-11,8,-10,6,-12,5,0,0,0,0,0,0,0,0,0,0,0,0,0,0,0,0,0,0,0,0,0,0,1,-13,2,-11,3,-11,1,-8,0,-5,0,-5,0,-4,-1,-2,-3,-1,-3,1,-3,0,-5,6,-5,7,-4,8,-7,8,-7,10,-6,13,-8,14,-8,16,-8,16,-8,18,-7,20,-8,19,-6,23,-8,23,-6,26,-4,26,-3,28,-3,26,0,29,2,29,1,31,4,29,7,30,8,32,11,29,12,28,16,28,18,29,23,30,24,29,26,27,29,28,31,26,30,24,35,25,36,23,39,22,40,21,42,22,40,21,42,19,46,21,42,18,43,17,46,15,42,18,0,0]"
CSI_DATA,32,1a:00:00:00:00:00,-48,11,1,0,1,1,1,0,0,0,1,-96,0,11,2,710222,0,44,0,384,0,"[0,0,0,0,0,0,0,0,0,0,0,0,-8,-4,-7,-3,-7,-3,-7,-3,-6,-2,-5,-1,-4,0,-3,0,-3,1,-2,1,-1,1,0,2,0,2,0,2,1,3,3,3,3,3,3,2,4,3,5,3,5,3,6,3,6,2,7,2,7,3,8,2,0,0,9,2,9,3,9,3,9,3,9,3,9,3,9,4,9,3,9,3,9,4,8,4,8,4,7,4,7,4,6,5,6,4,6,4,5,4,5,4,4,3,3,4,3,4,3,4,2,4,1,4,1,3,0,0,0,0,0,0,0,0,0,0,0,0,0,0,-52,-50,-50,-46,-51,-39,-48,-31,-38,-31,-37,-27,-36,-17,-33,-14,-28,-9,-24,-10,-22,-1,-16,-5,-15,5,-13,5,-6,9,-3,12,1,15,4,14,8,16,10,19,16,19,17,22,25,18,28,23,29,26,34,23,35,22,45,22,41,20,50,23,50,22,52,28,51,29,55,26,58,27,57,34,55,33,54,30,56,35,50,35,46,32,44,37,45,34,42,37,39,32,38,37,31,34,28,32,26,31,26,31,22,27,19,32,15,29,14,25,8,31,5,26,4,21,0,0,0,0,0,0,0,0,0,0,0,0,0,0,0,0,0,0,0,0,0,0,-18,-12,-15,-13,-15,-11,-11,-5,-8,-7,-8,-6,-7,-2,-4,-1,-4,4,3,7,1,8,4,11,9,13,8,19,11,20,11,20,17,27,18,28,22,31,26,29,25,31,36,34,33,31,34,37,39,39,38,32,46,30,45,30,49,31,55,33,52,22,60,23,52,20,61,14,63,14,62,5,63,0,67,-5,69,-6,73,-17,71,-15,76,-21,76,-35,74,-36,74,-38,76,-46,73,-48,74,-53,70,-57,73,-56,68,-59,69,-64,75,-65,65,-62,72,-66,69,-73,63,-65,0,0]"
CSI_DATA,33,1a:00:00:00:00:00,-48,11,1,0,1,1,1,0,0,0,1,-96,0,11,2,732002,0,44,0,384,0,"[0,0,0,0,0,0,0,0,0,0,0,0,-9,-4,-8,-3,-8,-2,-7,-2,-6,-2,-5,-1,-5,0,-3,0,-3,1,-2,1,-1,2,0,2,0,2,1,3,1,3,3,3,3,3,4,3,4,3,5,3,6,3,7,3,7,2,8,2,9,3,10,2,0,0,10,3,11,3,11,3,12,3,11,4,11,4,11,4,10,4,11,4,10,4,9,5,9,5,8,5,8,4,7,5,7,5,6,5,5,4,5,5,5,4,4,4,3,4,3,4,2,5,1,4,1,4,0,0,0,0,0,0,0,0,0,0,0,0,0,0,-63,-39,-60,-37,-59,-24,-49,-22,-46,-21,-42,-16,-35,-6,-35,-9,-29,-6,-25,-2,-25,2,-16,5,-14,5,-5,9,-8,11,3,14,5,14,5,16,10,18,14,16,27,15,21,15,30,14,32,14,34,16,42,12,38,13,45,15,52,11,57,11,54,13,58,15,56,13,62,16,61,10,61,18,62,18,59,21,57,17,59,24,55,21,53,24,51,25,49,23,42,28,44,25,41,27,39,24,33,22,30,25,30,24,24,22,27,25,20,28,18,26,16,26,7,24,0,0,0,0,0,0,0,0,0,0,0,0,0,0,0,0,0,0,0,0,0,0,-26,-9,-23,-8,-19,-8,-16,-7,-16,-8,-13,-3,-6,-1,-8,-1,-4,4,-1,4,2,7,4,8,8,10,9,17,13,15,20,16,24,17,23,20,26,22,31,26,34,16,38,29,39,23,44,23,46,24,50,20,49,24,51,16,52,16,57,13,57,11,65,2,61,1,59,-1,62,-5,63,-15,61,-17,68,-23,61,-25,68,-34,65,-36,63,-42,64,-46,66,-50,60,-53,56,-66,57,-63,52,-70,55,-71,56,-72,60,-72,46,-80,54,-77,48,-75,49,-83,47,-84,45,-77,0,0]"
CSI_DATA,34,1a:00:00:00:00:00,-48,11,1,0,1,1,1,0,0,0,1,-96,0,11,2,740264,0,44,0,384,0,"[0,0,0,0,0,0,0,0,0,0,0,0,-9,-3,-8,-1,-8,-1,-7,-1,-6,0,-5,0,-4,1,-3,1,-2,1,-1,1,-1,2,0,2,1,2,2,2,2,2,4,2,4,2,4,2,5,1,6,1,6,1,7,1,8,1,9,1,9,1,9,0,0,0,10,0,11,0,11,0,11,0,11,0,12,1,11,1,10,1,11,1,10,2,11,2,10,3,9,2,9,2,8,3,8,3,7,3,7,3,6,3,6,3,5,3,5,3,4,3,3,3,3,4,2,4,0,0,0,0,0,0,0,0,0,0,0,0,0,0,-66,-35,-59,-31,-57,-20,-53,-18,-45,-15,-39,-13,-42,-9,-34,0,-25,1,-22,-1,-16,6,-15,9,-10,12,-8,14,-2,11,6,13,8,12,9,16,12,15,17,12,23,13,25,18,31,8,33,13,37,12,41,12,43,5,49,8,51,9,53,6,57,6,62,8,62,8,60,7,65,6,65,11,64,17,64,13,61,15,61,17,60,16,58,19,56,15,53,18,50,22,43,19,45,22,43,22,35,21,36,19,31,16,28,21,28,23,19,25,20,23,14,24,13,24,0,0,0,0,0,0,0,0,0,0,0,0,0,0,0,0,0,0,0,0,0,0,-25,-8,-21,-9,-19,-9,-16,-7,-13,-7,-10,-3,-8,3,-6,1,-5,1,-1,3,3,7,5,8,11,12,11,15,16,18,20,19,22,17,25,19,27,21,31,23,32,24,38,28,43,26,44,22,46,27,50,20,51,21,50,23,54,18,54,13,52,8,58,4,58,7,65,1,59,-7,63,-12,63,-19,59,-21,63,-30,67,-41,67,-40,60,-45,63,-47,64,-55,57,-54,61,-58,60,-63,51,-67,56,-71,53,-78,47,-74,50,-83,54,-82,45,-78,46,-85,44,-83,42,-82,0,0]"
CSI_DATA,35,1a:00:00:00:00:00,-48,11,1,0,1,1,1,0,0,0,1,-96,0,11,2,750363,0,44,0,384,0,"[0,0,0,0,0,0,0,0,0,0,0,0,6,-7,4,-7,3,-7,2,-5,1,-5,1,-5,0,-4,-1,-4,-1,-3,-2,-2,-3,-3,-4,-1,-4,0,-4,0,-4,1,-5,1,-5,2,-5,3,-5,4,-6,4,-6,5,-6,6,-7,6,-7,7,-7,7,-7,8,0,0,-8,8,-8,9,-8,10,-8,9,-8,9,-9,9,-8,9,-8,8,-9,8,-9,7,-10,6,-9,5,-9,5,-9,5,-9,5,-9,4,-8,3,-8,3,-8,3,-7,3,-7,2,-7,1,-6,1,-6,0,-6,-1,-5,-1,0,0,0,0,0,0,0,0,0,0,0,0,0,0,50,-46,52,-43,39,-47,37,-39,29,-39,28,-33,22,-30,14,-29,10,-25,3,-28,2,-23,-4,-20,-7,-15,-11,-13,-14,-5,-16,0,-18,2,-19,5,-23,7,-23,13,-27,20,-26,22,-24,24,-30,28,-31,29,-33,35,-29,39,-31,42,-34,48,-33,52,-34,49,-38,55,-40,53,-40,54,-38,53,-43,53,-44,55,-42,52,-47,50,-45,47,-48,46,-44,45,-46,40,-45,39,-43,34,-43,32,-43,30,-40,28,-36,23,-37,21,-38,19,-34,16,-34,13,-31,13,-34,3,-33,5,-29,-1,0,0,0,0,0,0,0,0,0,0,0,0,0,0,0,0,0,0,0,0,0,0,7,-25,12,-21,7,-16,9,-19,4,-13,0,-12,-1,-10,-2,-8,-5,-8,-9,-1,-10,-4,-15,1,-16,5,-19,7,-23,9,-23,11,-26,13,-29,14,-29,22,-31,19,-34,24,-35,29,-37,30,-35,35,-38,39,-37,41,-36,40,-36,48,-32,44,-33,53,-29,51,-27,57,-20,60,-14,57,-19,62,-8,65,-6,62,0,67,3,66,14,74,14,71,21,70,24,74,30,76,33,75,35,69,40,75,50,74,48,75,55,81,59,74,63,69,61,80,59,71,63,77,64,69,61,70,0,0]"
CSI_DATA,36,1a:00:00:00:00:00,-48,11,1,0,1,1,1,0,0,0,1,-96,0,11,2,760277,0,44,0,384,0,"[0,0,0,0,0,0,0,0,0,0,0,0,-8,3,-8,3,-7,3,-6,3,-5,2,-3,3,-2,3,-2,3,0,2,0,1,1,2,2,1,3,1,3,1,4,0,5,0,5,-1,6,-1,6,-2,6,-2,7,-3,7,-4,8,-3,8,-4,9,-4,9,-5,0,0,10,-6,10,-6,11,-6,11,-6,11,-5,11,-6,11,-5,10,-5,10,-5,10,-4,11,-4,10,-3,9,-3,9,-2,9,-2,9,-2,8,-2,8,-1,7,-1,7,-1,6,0,6,0,6,1,5,0,4,1,4,2,0,0,0,0,0,0,0,0,0,0,0,0,0,0,-35,8,-32,10,-28,10,-25,8,-21,8,-18,11,-14,11,-13,9,-11,8,-6,9,-6,10,-3,8,1,8,2,6,4,5,7,2,9,2,11,2,11,2,14,0,15,-2,16,-1,17,-6,17,-9,18,-9,24,-11,19,-10,24,-12,24,-13,24,-16,28,-15,29,-16,26,-15,30,-20,26,-20,32,-16,29,-15,29,-18,30,-16,31,-15,28,-12,29,-11,29,-10,29,-8,31,-8,27,-7,25,-4,23,-3,21,-6,20,-3,20,-4,17,-2,20,-1,16,2,14,3,14,5,11,5,0,0,0,0,0,0,0,0,0,0,0,0,0,0,0,0,0,0,0,0,0,0,-11,9,-8,5,-10,4,-7,5,-7,6,-6,4,-3,5,-1,3,-1,4,1,4,5,3,5,5,6,3,7,4,11,5,13,2,15,1,15,2,19,2,19,0,19,-1,21,0,21,-1,24,0,25,-6,24,-6,25,-7,26,-8,24,-9,25,-11,22,-12,25,-18,24,-17,23,-21,20,-22,19,-24,16,-26,17,-27,15,-29,15,-34,13,-36,8,-33,9,-39,7,-40,5,-39,-4,-41,-3,-41,-2,-43,-6,-42,-6,-45,-3,-47,-9,-47,-9,-48,-8,-44,-8,-47,-11,-46,-10,-44,0,0]"
CSI_DATA,37,1a:00:00:00:00:00,-48,11,1,0,1,1,1,0,0,0,1,-96,0,11,2,770353,0,44,0,384,0,"[0,0,0,0,0,0,0,0,0,0,0,0,-3,-9,-2,-7,-4,-6,-4,-5,-4,-4,-3,-4,-3,-3,-3,-2,-3,-1,-3,1,-3,1,-3,1,-3,2,-3,3,-2,4,-2,5,-1,5,-1,5,0,6,0,7,0,8,1,8,1,8,1,9,2,10,2,10,0,0,3,11,2,11,2,12,3,11,2,11,2,12,2,12,2,11,1,11,1,11,0,11,0,10,-1,10,-1,10,-1,9,-1,9,-1,8,-2,8,-2,7,-2,6,-2,6,-3,5,-3,5,-3,4,-4,4,-4,3,0,0,0,0,0,0,0,0,0,0,0,0,0,0,-2,-36,-2,-33,-5,-28,-4,-26,-5,-23,-4,-20,-8,-17,-7,-16,-9,-9,-6,-10,-9,-7,-8,-4,-9,-1,-7,1,-8,5,-5,4,-6,9,-6,10,-4,10,-4,13,-2,15,-3,17,1,19,0,20,2,20,2,25,5,24,4,26,6,26,8,28,7,28,8,31,6,30,8,31,8,33,7,32,6,33,5,33,4,31,3,33,2,32,2,31,2,30,0,29,-1,28,-3,25,-4,23,-4,24,-4,20,-5,17,-5,19,-5,18,-6,15,-8,15,-7,14,-8,12,-9,9,0,0,0,0,0,0,0,0,0,0,0,0,0,0,0,0,0,0,0,0,0,0,-8,-14,-6,-13,-7,-11,-7,-10,-5,-8,-4,-8,-6,-6,-5,-4,-7,-3,-6,-1,-5,0,-7,3,-6,4,-7,6,-4,7,-7,11,-5,12,-6,12,-4,15,-3,15,-3,18,-4,21,-2,21,-1,23,1,24,2,26,3,25,4,25,5,27,5,27,8,22,13,26,12,26,15,26,16,25,19,24,21,21,25,20,28,19,32,17,31,17,33,14,34,14,39,13,38,9,42,13,40,9,41,7,43,7,42,4,44,4,46,0,47,5,43,2,46,-1,45,-3,41,-1,0,0]"
CSI_DATA,38,1a:00:00:00:00:00,-48,11,1,0,1,1,1,0,0,0,1,-96,0,11,2,780886,0,44,0,384,0,"[0,0,0,0,0,0,0,0,0,0,0,0,1,-9,0,-8,-1,-8,-1,-6,-2,-6,-1,-5,-2,-4,-3,-3,-3,-2,-3,-1,-3,0,-4,1,-3,2,-3,3,-4,3,-3,4,-3,4,-3,5,-2,6,-2,7,-3,7,-2,8,-2,8,-1,9,-2,10,-1,10,0,0,-1,11,-1,12,-1,12,-1,12,-2,12,-2,12,-2,12,-3,12,-3,11,-3,11,-4,11,-4,10,-4,9,-4,9,-4,9,-4,8,-4,8,-4,7,-4,6,-4,5,-4,5,-4,4,-4,4,-5,3,-5,3,-5,2,0,0,0,0,0,0,0,0,0,0,0,0,0,0,8,-34,8,-33,4,-29,1,-25,1,-23,0,-22,0,-15,-4,-17,-2,-13,-5,-11,-7,-9,-8,-4,-7,-3,-7,-1,-7,-1,-10,1,-8,7,-7,8,-7,8,-8,11,-7,15,-6,14,-5,18,-3,19,-3,19,-5,23,-4,23,-2,26,-4,26,-1,27,-3,29,-3,32,-3,29,-1,33,-1,32,-1,34,-2,33,-4,33,-4,31,-5,33,-6,31,-9,30,-10,27,-9,28,-10,25,-8,23,-10,22,-13,21,-10,19,-9,18,-9,16,-10,15,-11,14,-10,11,-13,8,-11,8,-12,5,0,0,0,0,0,0,0,0,0,0,0,0,0,0,0,0,0,0,0,0,0,0,-6,-14,-3,-13,-5,-13,-3,-10,-3,-11,-2,-9,-4,-5,-5,-5,-5,-3,-4,0,-5,-1,-5,1,-7,6,-6,4,-7,8,-7,8,-6,11,-6,12,-5,14,-5,16,-6,18,-5,19,-4,20,-5,23,-6,23,-3,24,-4,26,-3,27,0,27,4,29,5,26,5,31,9,28,10,27,13,30,13,28,16,26,20,28,22,26,25,28,28,26,28,23,30,24,33,21,33,19,33,19,37,18,41,17,41,16,42,16,43,17,45,13,45,16,42,12,44,13,43,10,42,11,0,0]"
CSI_DATA,39,1a:00:00:00:00:00,-48,11,1,0,1,1,1,0,0,0,1,-96,0,11,2,810230,0,44,0,384,0,"[0,0,0,0,0,0,0,0,0,0,0,0,7,-1,5,-2,4,-2,4,-2,3,-2,1,-3,1,-2,0,-2,-1,-2,-2,-2,-3,-2,-4,-2,-5,-1,-5,-1,-6,-1,-7,-1,-7,0,-7,0,-7,1,-8,1,-9,2,-10,2,-11,2,-10,3,-11,4,-11,4,0,0,-12,4,-13,4,-13,4,-13,4,-12,4,-13,4,-13,3,-12,3,-13,3,-13,2,-12,1,-11,1,-10,1,-11,0,-10,0,-10,0,-9,0,-9,0,-8,-2,-7,-1,-7,-2,-7,-2,-6,-2,-5,-2,-5,-2,-4,-3,0,0,0,0,0,0,0,0,0,0,0,0,0,0,33,0,30,-1,26,-4,21,-3,19,-4,15,-5,12,-5,9,-7,7,-6,3,-6,1,-6,1,-4,-2,-4,-4,-7,-9,-3,-7,-2,-11,-1,-12,-2,-15,1,-15,2,-19,4,-18,4,-18,6,-21,9,-22,8,-23,10,-24,12,-28,14,-26,13,-26,16,-27,17,-30,16,-28,14,-29,18,-29,17,-33,15,-32,16,-32,14,-31,15,-29,14,-31,13,-31,9,-31,10,-28,7,-26,6,-26,6,-26,3,-25,4,-23,3,-20,1,-18,2,-18,1,-18,-1,-14,-1,-15,-3,-13,-5,-12,-7,0,0,0,0,0,0,0,0,0,0,0,0,0,0,0,0,0,0,0,0,0,0,8,-8,8,-8,8,-9,7,-9,5,-9,4,-8,0,-6,1,-7,-1,-9,-3,-8,-5,-7,-6,-8,-10,-9,-10,-6,-11,-7,-13,-7,-17,-6,-18,-5,-21,-6,-19,-4,-22,-5,-23,-3,-25,-4,-26,-2,-28,0,-28,2,-28,1,-28,5,-27,4,-29,6,-26,6,-30,12,-29,13,-26,14,-26,18,-24,21,-22,21,-24,23,-21,27,-20,29,-18,32,-13,34,-15,38,-13,38,-11,40,-3,41,-5,40,-4,43,-3,41,-2,46,-2,42,0,44,0,46,-1,44,3,46,2,43,1,43,0,0]"
CSI_DATA,40,1a:00:00:00:00:00,-57,11,1,0,1,1,1,0,0,0,1,-96,0,11,2,820280,0,44,0,384,0,"[0,0,0,0,0,0,0,0,0,0,0,0,-2,4,-2,3,-1,3,-1,2,0,1,1,1,1,0,1,-1,1,-2,1,-3,1,-3,1,-4,0,-5,0,-5,0,-6,-1,-6,-1,-6,-1,-7,-2,-7,-2,-7,-3,-8,-3,-8,-3,-8,-4,-8,-4,-9,-5,-9,0,0,-6,-10,-6,-10,-6,-10,-6,-10,-6,-10,-6,-10,-5,-10,-5,-10,-5,-9,-4,-9,-4,-9,-4,-9,-3,-9,-3,-8,-3,-8,-2,-8,-2,-7,-1,-7,-1,-7,0,-6,0,-6,1,-5,1,-5,2,-4,2,-4,2,-4,0,0,0,0,0,0,0,0,0,0,0,0,0,0,37,47,35,44,34,39,31,34,28,29,25,23,23,17,19,13,16,8,13,4,10,0,6,-3,3,-6,-1,-9,-5,-11,-9,-13,-14,-15,-18,-16,-21,-17,-26,-18,-30,-18,-33,-18,-37,-18,-41,-17,-44,-17,-47,-16,-50,-16,-54,-15,-56,-14,-59,-14,-60,-13,-62,-13,-63,-13,-64,-12,-65,-12,-66,-12,-65,-13,-64,-13,-62,-14,-61,-14,-59,-15,-57,-15,-55,-16,-52,-16,-50,-16,-48,-17,-45,-17,-42,-17,-39,-17,-37,-17,-33,-18,-30,-18,-27,-19,-24,-19,-21,-20,-19,-21,-17,-21,0,0,0,0,0,0,0,0,0,0,0,0,0,0,0,0,0,0,0,0,0,0,19,16,19,15,18,13,18,11,17,8,16,5,16,2,15,-1,14,-5,13,-8,12,-11,11,-14,10,-18,8,-22,6,-25,5,-28,3,-31,1,-34,-2,-37,-5,-39,-7,-42,-9,-44,-12,-46,-15,-47,-19,-48,-22,-48,-25,-48,-29,-48,-32,-47,-37,-45,-41,-42,-45,-39,-49,-36,-53,-33,-56,-29,-60,-25,-63,-21,-67,-16,-70,-11,-73,-6,-75,0,-77,4,-78,9,-80,14,-81,19,-82,24,-82,28,-82,33,-83,36,-83,40,-83,43,-82,46,-81,48,-78,49,-76,50,-74,51,-72,51,0,0]"
CSI_DATA,41,1a:00:00:00:00:00,-48,11,1,0,1,1,1,0,0,0,1,-96,0,11,2,830227,0,44,0,384,0,"[0,0,0,0,0,0,0,0,0,0,0,0,6,1,5,0,5,0,4,-1,3,-1,2,-1,1,-1,0,-1,-1,-1,-1,-1,-2,-1,-3,-1,-4,-1,-4,-1,-5,-1,-6,0,-6,0,-6,1,-7,1,-7,2,-8,2,-8,3,-8,3,-9,4,-9,4,-9,5,0,0,-10,5,-10,5,-11,5,-11,6,-11,5,-11,5,-11,5,-10,5,-11,5,-10,4,-10,4,-10,3,-9,3,-9,3,-9,2,-8,2,-8,2,-7,1,-7,1,-6,1,-6,0,-6,0,-6,-1,-5,-1,-5,-1,-4,-2,0,0,0,0,0,0,0,0,0,0,0,0,0,0,34,-55,34,-49,21,-45,20,-42,16,-42,11,-34,10,-31,5,-24,2,-21,0,-14,-1,-10,-6,-3,-10,-3,-4,2,-4,9,-11,11,-6,18,-8,19,-4,20,-7,30,-4,30,-6,32,2,35,-2,36,5,38,9,45,9,47,11,50,10,54,14,60,15,58,16,60,11,57,14,63,20,65,11,57,14,64,15,62,12,60,12,61,10,58,3,55,10,55,8,56,3,49,-2,46,-1,42,6,44,-2,40,-2,37,-5,33,-6,27,-7,28,-9,23,-6,23,-13,22,-10,18,0,0,0,0,0,0,0,0,0,0,0,0,0,0,0,0,0,0,0,0,0,0,8,-23,9,-21,1,-24,3,-18,0,-18,-3,-17,-4,-14,-3,-12,-10,-10,-12,-8,-16,-5,-17,-6,-23,2,-25,3,-25,6,-28,8,-29,13,-33,9,-32,18,-34,18,-42,18,-42,28,-40,31,-39,35,-39,38,-38,43,-37,41,-33,45,-34,50,-26,54,-26,56,-22,60,-20,56,-15,62,-12,64,-8,67,-2,67,8,67,16,71,18,76,25,70,31,71,32,67,46,75,41,65,49,69,52,69,59,63,63,66,65,67,70,62,73,63,73,58,74,58,77,57,68,48,69,48,0,0]"
CSI_DATA,42,1a:00:00:00:00:00,-48,11,1,0,1,1,1,0,0,0,1,-96,0,11,2,841915,0,44,0,384,0,"[0,0,0,0,0,0,0,0,0,0,0,0,-3,-8,-3,-7,-3,-5,-3,-5,-3,-3,-2,-3,-2,-2,-2,-1,-1,0,-1,1,0,1,1,2,1,2,2,3,2,3,3,4,4,4,4,4,5,4,5,4,6,5,7,5,7,4,8,4,9,5,9,5,0,0,10,5,10,5,11,5,11,5,11,5,11,6,10,5,10,5,10,6,9,5,9,5,8,5,8,5,8,5,6,5,6,5,6,4,5,4,5,4,4,4,3,4,3,4,2,4,2,4,1,4,1,3,0,0,0,0,0,0,0,0,0,0,0,0,0,0,-31,-13,-26,-10,-25,-9,-23,-7,-20,-7,-17,-5,-17,-2,-12,-2,-10,-2,-7,-2,-7,1,-1,1,1,1,0,0,3,1,6,1,7,0,10,-1,11,-2,15,-2,14,-3,16,-1,16,-6,17,-8,18,-6,21,-5,20,-9,24,-11,23,-12,24,-14,24,-15,26,-14,25,-13,27,-16,27,-17,29,-14,26,-13,26,-14,27,-11,26,-13,24,-13,24,-12,26,-10,24,-10,24,-8,23,-8,18,-6,22,-6,19,-5,16,-3,14,-2,15,-1,13,-2,11,0,10,0,11,3,8,4,0,0,0,0,0,0,0,0,0,0,0,0,0,0,0,0,0,0,0,0,0,0,-10,-3,-10,-2,-10,-2,-8,0,-7,0,-7,2,-4,3,-4,3,-5,6,-3,6,-2,7,-1,8,3,9,3,11,4,12,5,13,8,14,11,14,12,15,14,15,15,16,17,17,21,16,20,14,22,15,24,13,24,15,26,13,26,12,28,9,28,8,31,6,31,4,33,1,33,-1,36,-4,32,-8,32,-13,33,-12,35,-18,34,-20,33,-22,30,-24,33,-28,29,-30,27,-34,28,-33,25,-34,27,-36,25,-37,24,-40,21,-43,24,-42,21,-39,21,-41,19,-42,20,-40,0,0]"
CSI_DATA,43,1a:00:00:00:00:00,-49,11,1,0,1,1,1,0,0,0,1,-96,0,11,2,850460,0,44,0,384,0,"[0,0,0,0,0,0,0,0,0,0,0,0,3,-7,2,-6,1,-5,1,-5,0,-4,0,-3,-1,-3,-1,-2,-1,-1,-1,0,-2,0,-2,1,-2,2,-2,3,-2,3,-1,4,-1,4,-1,5,0,6,0,6,0,7,0,7,0,7,1,8,1,9,1,9,0,0,2,10,2,10,2,11,2,10,2,10,2,10,2,10,2,10,2,10,1,9,1,9,0,9,0,8,0,8,0,7,0,7,0,7,0,6,-1,6,-1,5,-1,5,-2,4,-2,4,-2,3,-2,3,-3,2,0,0,0,0,0,0,0,0,0,0,0,0,0,0,-24,-65,-20,-60,-24,-54,-26,-47,-16,-38,-20,-35,-17,-26,-15,-19,-14,-17,-13,-11,-15,-9,-6,-3,-7,-1,-2,7,3,5,6,11,8,13,9,13,14,14,15,19,19,20,21,21,27,20,29,21,29,24,39,24,37,20,42,22,45,18,48,23,48,21,53,22,53,25,56,30,52,19,55,29,51,26,52,24,49,31,49,25,45,26,45,26,42,26,44,27,38,26,36,26,31,24,33,26,24,21,19,22,24,20,17,21,16,19,11,22,11,19,7,22,3,16,0,0,0,0,0,0,0,0,0,0,0,0,0,0,0,0,0,0,0,0,0,0,-13,-20,-12,-18,-12,-16,-9,-14,-10,-8,-10,-6,-12,-5,-10,2,-13,1,-10,7,-11,9,-10,12,-7,20,-9,17,-13,25,-9,27,-7,28,-6,29,-4,36,-2,38,-3,44,2,45,2,44,8,47,10,54,22,49,18,50,21,54,25,52,32,54,33,50,34,56,41,50,44,43,47,44,54,39,49,35,64,34,66,27,73,21,74,19,81,14,83,14,85,9,83,2,92,-9,89,-4,89,-5,92,-11,95,-18,91,-24,91,-28,94,-23,87,-24,96,-28,91,-30,82,-29,0,0]"
CSI_DATA,44,1a:00:00:00:00:00,-49,11,1,0,1,1,1,0,0,0,1,-96,0,11,2,860969,0,44,0,384,0,"[0,0,0,0,0,0,0,0,0,0,0,0,2,-9,1,-8,0,-7,0,-6,0,-5,-1,-4,-1,-3,-1,-2,-2,-2,-2,-1,-2,0,-2,1,-2,2,-2,3,-2,3,-1,4,-1,4,-1,5,0,6,0,6,0,7,1,7,1,8,1,8,1,9,2,9,0,0,2,10,2,11,2,11,2,11,2,11,2,11,2,11,1,10,1,10,1,10,0,10,0,9,0,9,-1,8,-1,8,-1,7,-1,7,-1,6,-2,6,-2,5,-2,5,-2,4,-3,4,-3,3,-3,3,-3,2,0,0,0,0,0,0,0,0,0,0,0,0,0,0,-30,-25,-29,-21,-29,-17,-23,-16,-21,-14,-18,-11,-17,-8,-15,-6,-11,-4,-10,-2,-9,-1,-8,-3,-4,0,-5,2,-1,4,1,6,6,5,4,4,6,5,10,5,12,6,14,6,15,4,17,5,17,5,21,5,22,4,24,4,25,1,26,1,27,1,28,2,26,4,29,4,29,3,30,5,30,5,28,6,27,6,26,6,26,7,24,9,23,8,23,8,21,10,21,9,18,8,15,9,14,9,14,6,13,8,11,7,9,7,8,10,7,7,5,8,4,9,0,0,0,0,0,0,0,0,0,0,0,0,0,0,0,0,0,0,0,0,0,0,-11,-2,-12,-4,-10,-2,-9,-2,-8,-1,-6,0,-5,1,-5,0,-5,2,-4,5,-3,5,1,7,3,5,3,8,3,9,7,8,8,11,9,13,11,11,12,14,13,15,17,13,18,13,20,13,22,13,23,12,24,11,25,12,27,10,29,7,27,5,33,5,33,4,34,3,36,2,35,-3,35,-6,36,-10,35,-12,37,-15,38,-19,38,-21,36,-22,38,-27,34,-26,35,-26,37,-30,33,-35,35,-35,36,-38,35,-38,31,-42,33,-42,29,-39,30,-42,30,-38,27,-39,0,0]"
CSI_DATA,45,1a:00:00:00:00:00,-49,11,1,0,1,1,1,0,0,0,1,-96,0,11,2,890517,0,44,0,384,0,"[0,0,0,0,0,0,0,0,0,0,0,0,1,-10,0,-9,-1,-8,-1,-7,-1,-6,-2,-5,-2,-4,-2,-3,-3,-2,-3,-1,-3,-1,-3,0,-3,1,-3,2,-3,3,-3,4,-2,4,-2,5,-2,5,-1,6,-1,7,-1,7,-1,8,0,9,0,9,0,9,0,0,0,10,0,11,1,11,1,11,0,11,0,11,0,11,-1,11,-1,11,-1,10,-1,10,-2,10,-2,9,-2,9,-2,8,-3,8,-3,7,-3,7,-3,6,-3,6,-4,5,-4,5,-4,4,-4,3,-4,3,-4,2,0,0,0,0,0,0,0,0,0,0,0,0,0,0,-31,-20,-30,-18,-30,-16,-25,-12,-23,-14,-22,-11,-17,-6,-18,-4,-15,-3,-15,0,-12,2,-8,1,-7,4,-5,5,-3,4,0,6,3,7,3,9,4,9,6,7,10,8,11,7,14,6,14,6,15,6,20,7,19,5,23,6,24,6,23,7,25,6,28,6,25,8,29,6,27,7,28,11,28,10,28,9,29,11,27,9,25,11,23,12,23,12,22,11,20,11,18,12,18,14,15,10,15,12,14,10,12,11,10,10,9,11,9,10,6,12,2,11,1,9,0,0,0,0,0,0,0,0,0,0,0,0,0,0,0,0,0,0,0,0,0,0,-15,-2,-14,-2,-13,1,-12,-2,-10,0,-8,2,-9,2,-6,5,-5,4,-5,4,-5,7,-2,6,-1,10,2,11,2,11,4,11,7,12,6,14,10,15,12,13,11,12,15,15,15,15,17,14,19,15,21,13,21,14,23,10,24,11,29,10,25,8,31,7,31,3,29,2,33,-3,33,-5,32,-6,34,-8,33,-11,33,-16,35,-18,34,-21,35,-25,36,-27,37,-28,28,-32,33,-32,31,-34,33,-35,33,-38,32,-38,31,-40,34,-39,28,-39,28,-43,29,-42,26,-39,0,0]"
CSI_DATA,46,1a:00:00:00:00:00,-49,11,1,0,1,1,1,0,0,0,1,-96,0,11,2,901721,0,44,0,384,0,"[0,0,0,0,0,0,0,0,0,0,0,0,-10,-1,-9,-1,-7,0,-7,0,-6,1,-5,1,-4,2,-3,2,-2,2,-1,2,0,2,1,2,1,2,2,2,2,2,4,2,4,2,5,2,5,1,6,1,6,1,7,1,7,1,8,0,9,0,9,0,0,0,10,0,10,0,11,0,11,0,11,1,11,1,11,1,10,1,11,1,10,2,10,2,9,2,9,2,8,3,8,3,8,3,7,3,6,3,5,3,5,3,4,4,4,3,3,4,3,4,2,4,1,4,0,0,0,0,0,0,0,0,0,0,0,0,0,0,-20,27,-19,25,-17,28,-12,24,-11,21,-10,19,-6,17,-4,14,-4,14,0,12,5,9,3,8,3,7,2,3,6,3,8,0,10,-3,9,-2,9,-4,9,-7,10,-9,9,-9,8,-13,10,-13,12,-14,12,-18,11,-16,11,-21,14,-22,11,-23,13,-22,14,-26,14,-22,13,-27,13,-25,16,-25,17,-26,17,-24,15,-21,16,-21,17,-20,15,-19,17,-20,17,-18,17,-16,16,-14,18,-13,17,-11,14,-10,15,-7,14,-7,14,-8,13,-7,14,-5,13,-3,12,-1,11,2,0,0,0,0,0,0,0,0,0,0,0,0,0,0,0,0,0,0,0,0,0,0,3,10,4,11,4,9,4,8,4,6,3,6,4,3,5,1,9,1,6,-1,6,-3,8,-5,8,-6,11,-8,10,-8,10,-10,10,-14,10,-12,10,-16,12,-17,12,-18,11,-19,10,-21,10,-23,11,-25,7,-25,9,-26,8,-27,6,-27,5,-31,3,-28,3,-31,-1,-32,-3,-31,-6,-32,-9,-32,-9,-31,-12,-34,-16,-34,-20,-34,-18,-32,-22,-33,-24,-33,-28,-32,-29,-31,-28,-31,-33,-31,-36,-32,-37,-29,-36,-30,-38,-29,-39,-28,-40,-31,-37,-29,-39,-28,-39,-26,-36,-24,0,0]"
CSI_DATA,47,1a:00:00:00:00:00,-48,11,1,0,1,1,1,0,0,0,1,-96,0,11,2,910539,0,44,0,384,0,"[0,0,0,0,0,0,0,0,0,0,0,0,-2,-9,-3,-8,-3,-6,-3,-6,-3,-5,-3,-4,-3,-3,-3,-2,-3,-1,-3,0,-3,0,-3,1,-3,2,-2,3,-2,3,-2,4,-1,4,-1,5,-1,5,-1,6,0,6,0,7,0,7,1,8,1,8,2,9,0,0,2,9,2,10,2,10,2,10,1,10,1,10,1,10,1,10,1,10,0,10,0,10,-1,9,-1,9,-1,8,-2,8,-2,8,-2,7,-2,6,-2,6,-2,5,-3,5,-3,4,-3,4,-3,3,-4,3,-4,2,0,0,0,0,0,0,0,0,0,0,0,0,0,0,-34,-11,-32,-10,-29,-8,-27,-7,-26,-4,-22,-2,-20,-1,-18,0,-14,1,-11,2,-9,3,-8,5,-3,4,-3,6,-3,6,2,7,2,6,5,8,4,6,9,8,11,6,13,8,13,7,15,6,16,5,18,5,22,6,23,6,23,4,24,5,25,5,26,5,27,6,27,7,29,6,29,8,28,6,28,8,28,9,26,8,26,8,25,11,21,12,23,10,20,12,20,12,18,12,17,10,13,12,12,11,11,11,10,10,7,9,5,12,5,12,4,12,3,11,0,0,0,0,0,0,0,0,0,0,0,0,0,0,0,0,0,0,0,0,0,0,-9,6,-7,6,-7,4,-5,5,-4,5,-2,4,-1,5,0,3,1,4,2,5,4,6,7,4,8,6,11,8,12,7,15,6,15,6,16,7,18,6,19,5,22,6,23,5,24,6,27,5,28,6,29,4,28,3,27,1,29,-1,31,-3,31,-4,31,-5,33,-9,31,-10,31,-13,29,-16,28,-17,29,-22,29,-21,27,-24,26,-26,26,-31,26,-30,25,-37,22,-35,23,-40,23,-37,19,-39,18,-41,22,-44,19,-43,18,-43,17,-42,16,-43,17,-44,13,-42,13,-46,0,0]"
CSI_DATA,48,1a:00:00:00:00:00,-48,11,1,0,1,1,1,0,0,0,1,-96,0,11,2,922531,0,44,0,384,0,"[0,0,0,0,0,0,0,0,0,0,0,0,-7,-6,-7,-5,-6,-4,-6,-3,-5,-2,-4,-2,-4,-1,-3,0,-3,0,-2,1,-2,2,-1,3,-1,3,0,3,0,4,1,4,2,4,2,5,3,5,4,5,4,5,5,6,5,6,6,6,6,7,7,6,0,0,8,7,8,7,8,8,8,7,8,8,8,8,7,8,7,8,7,8,6,8,6,8,5,8,5,8,4,8,4,7,3,7,3,7,2,6,2,6,1,6,1,6,1,5,0,5,-1,5,-1,4,-2,4,0,0,0,0,0,0,0,0,0,0,0,0,0,0,-70,20,-65,19,-58,23,-49,23,-43,18,-39,20,-32,24,-24,22,-28,18,-9,17,-13,17,-6,15,-2,15,3,12,5,13,11,10,15,10,20,8,21,3,29,3,33,-3,32,-4,35,-5,39,-8,37,-6,39,-8,42,-11,44,-13,50,-15,51,-19,53,-18,56,-19,56,-15,60,-20,54,-23,61,-14,58,-20,58,-16,59,-10,55,-6,55,-8,56,-7,54,-1,55,-2,46,1,46,-2,43,2,41,3,39,4,35,8,32,8,30,8,26,11,24,12,23,13,15,13,13,19,0,0,0,0,0,0,0,0,0,0,0,0,0,0,0,0,0,0,0,0,0,0,-8,19,-9,15,-7,13,-3,10,-1,8,-2,8,6,6,4,2,11,3,11,0,12,-2,18,-3,19,-8,22,-5,24,-9,30,-13,35,-17,33,-15,33,-18,38,-21,36,-19,44,-25,42,-27,45,-31,46,-32,43,-39,46,-38,47,-41,44,-41,41,-49,36,-47,39,-53,36,-52,36,-54,30,-58,25,-63,20,-62,19,-65,16,-67,8,-77,9,-73,1,-79,2,-84,-9,-85,-8,-83,-7,-87,-11,-91,-18,-86,-21,-88,-20,-92,-23,-94,-25,-93,-23,-97,-24,-89,-24,-93,-25,-88,-25,-82,0,0]"
CSI_DATA,49,1a:00:00:00:00:00,-48,11,1,0,1,1,1,0,0,0,1,-96,0,11,2,930267,0,44,0,384,0,"[0,0,0,0,0,0,0,0,0,0,0,0,-9,-2,-8,-1,-7,0,-6,0,-5,1,-4,1,-3,1,-2,2,-2,2,-1,2,0,2,1,2,1,3,2,2,3,3,4,2,4,2,5,2,5,2,6,2,6,2,7,1,7,1,8,1,9,1,9,1,0,0,10,1,10,1,11,1,11,1,11,2,11,2,10,2,10,2,10,2,9,3,9,3,9,3,8,3,8,3,7,3,7,4,6,3,6,3,5,3,4,3,4,4,3,4,3,4,2,4,1,4,1,3,0,0,0,0,0,0,0,0,0,0,0,0,0,0,-22,24,-20,25,-15,24,-15,21,-15,18,-10,18,-9,15,-7,15,-4,14,-2,11,1,8,1,8,3,7,5,5,6,3,7,0,10,-4,11,-4,10,-4,11,-6,11,-7,12,-10,12,-12,12,-12,14,-14,15,-16,16,-17,13,-21,15,-19,17,-23,15,-22,17,-25,17,-23,18,-27,18,-23,20,-23,20,-23,20,-21,21,-20,20,-20,19,-19,20,-17,20,-18,18,-17,19,-12,18,-14,20,-11,18,-10,15,-9,15,-8,15,-6,14,-5,13,-3,14,-3,13,-2,10,1,10,2,0,0,0,0,0,0,0,0,0,0,0,0,0,0,0,0,0,0,0,0,0,0,1,10,2,7,-1,7,0,8,0,6,2,5,4,1,2,1,3,-1,3,-2,4,-4,4,-5,5,-8,5,-7,6,-12,7,-11,7,-15,8,-15,7,-17,10,-17,11,-18,10,-21,10,-24,9,-24,8,-25,5,-25,7,-26,6,-27,7,-28,3,-31,3,-29,-1,-31,1,-32,0,-31,-5,-34,-6,-33,-8,-31,-13,-31,-14,-34,-18,-33,-15,-35,-25,-33,-26,-35,-24,-35,-26,-30,-31,-33,-32,-33,-31,-33,-34,-31,-34,-33,-36,-31,-40,-28,-37,-33,-37,-31,-39,-29,-36,-29,-34,-27,0,0]"
CSI_DATA,50,1a:00:00:00:00:00,-48,11,1,0,1,1,1,0,0,0,1,-96,0,11,2,942551,0,44,0,384,0,"[0,0,0,0,0,0,0,0,0,0,0,0,-8,-5,-7,-4,-7,-3,-6,-2,-6,-2,-5,-1,-4,0,-4,0,-3,1,-2,2,-2,2,-1,3,-1,3,0,3,0,4,1,4,2,4,2,4,3,5,3,5,4,5,4,5,5,5,6,6,6,6,6,6,0,0,7,7,7,7,7,8,7,7,7,8,6,8,6,8,6,8,6,8,5,8,5,8,4,8,4,7,3,7,2,7,2,7,2,7,1,6,1,6,1,5,0,5,0,5,-1,4,-1,4,-2,4,-2,3,0,0,0,0,0,0,0,0,0,0,0,0,0,0,-73,22,-66,22,-58,26,-52,24,-44,26,-38,19,-33,19,-28,18,-22,21,-16,22,-11,18,-9,17,-5,21,4,16,5,15,12,14,14,12,24,14,19,6,23,12,33,1,33,3,32,-4,36,-3,38,-1,48,0,44,-8,51,-10,51,-10,55,-9,56,-11,61,-5,59,-6,60,-10,61,-9,63,-4,60,-5,60,-1,61,0,57,0,59,6,54,1,54,5,53,8,47,7,45,14,41,13,41,15,36,10,35,13,29,14,24,14,27,17,16,19,18,22,15,19,8,19,0,0,0,0,0,0,0,0,0,0,0,0,0,0,0,0,0,0,0,0,0,0,0,30,1,25,-2,27,2,21,0,21,2,13,0,11,4,10,6,9,9,3,11,0,14,0,15,-6,20,-8,17,-8,20,-10,25,-17,25,-13,22,-17,29,-19,33,-21,33,-30,33,-32,31,-32,35,-37,33,-45,35,-40,34,-45,32,-44,28,-49,24,-54,26,-57,22,-57,19,-57,19,-58,13,-69,11,-64,8,-69,2,-72,-3,-79,-5,-81,-15,-87,-14,-81,-17,-85,-20,-82,-29,-85,-27,-89,-28,-87,-33,-91,-33,-97,-36,-93,-38,-94,-35,-99,-38,-89,-39,-96,-37,-88,-35,-92,0,0]"
CSI_DATA,51,1a:00:00:00:00:00,-48,11,1,0,1,1,1,0,0,0,1,-96,0,11,2,950260,0,44,0,384,0,"[0,0,0,0,0,0,0,0,0,0,0,0,-7,6,-6,6,-4,5,-4,5,-3,4,-2,4,-1,4,0,3,0,3,1,2,2,2,2,2,3,1,3,0,4,0,5,-1,5,-1,5,-2,5,-2,6,-3,6,-3,7,-4,7,-4,7,-5,8,-5,8,-6,0,0,9,-6,9,-6,10,-6,10,-6,10,-6,10,-5,10,-5,10,-5,10,-5,10,-4,10,-4,9,-3,9,-2,9,-2,8,-1,8,-1,7,-1,7,-1,6,0,6,0,5,1,5,1,4,1,4,2,3,2,3,2,0,0,0,0,0,0,0,0,0,0,0,0,0,0,27,69,30,65,26,57,27,48,25,43,24,40,23,28,22,27,25,17,22,16,20,10,19,7,20,3,18,1,19,-8,14,-14,13,-16,10,-25,10,-24,7,-23,7,-33,6,-33,-3,-36,0,-37,-2,-42,-7,-45,0,-49,-10,-48,-8,-50,-13,-57,-8,-52,-7,-55,-6,-61,-6,-63,-9,-62,-6,-63,-3,-60,-2,-60,3,-64,3,-57,4,-56,7,-57,9,-54,9,-51,11,-45,12,-43,14,-43,17,-37,18,-34,15,-33,15,-30,16,-27,19,-26,20,-19,18,-18,17,-12,20,-5,0,0,0,0,0,0,0,0,0,0,0,0,0,0,0,0,0,0,0,0,0,0,26,-11,27,-8,24,-8,20,-8,20,-10,19,-12,12,-14,15,-12,11,-16,7,-13,6,-20,1,-19,-2,-21,-4,-23,-4,-27,-11,-33,-18,-29,-12,-33,-18,-32,-20,-35,-23,-33,-28,-35,-31,-32,-37,-35,-35,-34,-40,-28,-39,-34,-41,-32,-42,-36,-53,-31,-52,-30,-57,-27,-59,-22,-58,-17,-66,-19,-64,-16,-70,-8,-68,-7,-74,-2,-76,2,-76,9,-80,15,-83,14,-84,20,-82,19,-83,21,-84,28,-89,32,-84,33,-94,34,-94,36,-88,41,-93,34,-88,39,-92,42,-91,45,-86,34,0,0]"
CSI_DATA,52,1a:00:00:00:00:00,-48,11,1,0,1,1,1,0,0,0,1,-96,0,11,2,960343,0,44,0,384,0,"[0,0,0,0,0,0,0,0,0,0,0,0,-7,-8,-7,-6,-7,-5,-6,-5,-6,-3,-5,-3,-5,-2,-5,-1,-4,0,-4,1,-3,1,-3,2,-3,3,-2,3,-2,4,-1,5,0,5,0,5,1,6,1,6,2,7,2,7,2,7,3,8,3,9,4,9,0,0,4,10,4,10,4,11,4,10,4,11,4,11,3,11,3,10,3,10,2,10,1,10,1,10,0,9,0,9,0,9,-1,8,-1,8,-1,7,-2,6,-2,6,-2,5,-3,5,-3,4,-3,4,-4,3,-4,2,0,0,0,0,0,0,0,0,0,0,0,0,0,0,-79,19,-69,17,-61,22,-53,15,-49,21,-44,18,-36,21,-33,21,-26,20,-23,19,-17,15,-11,19,-6,20,-4,19,2,17,7,17,9,17,16,17,16,14,22,13,29,12,30,10,31,7,37,10,38,7,39,7,43,7,48,1,46,6,51,-5,57,2,61,9,58,6,61,8,59,3,59,10,57,13,60,14,59,18,56,21,57,16,50,22,50,23,46,23,42,25,42,23,36,26,37,24,31,22,27,24,23,24,19,23,17,24,9,25,8,21,5,23,1,21,0,0,0,0,0,0,0,0,0,0,0,0,0,0,0,0,0,0,0,0,0,0,13,28,9,22,10,25,13,26,15,20,13,19,10,18,13,14,19,11,15,4,22,5,24,2,24,-3,28,-5,30,-4,30,-8,34,-16,36,-13,36,-15,37,-19,39,-19,42,-27,41,-28,41,-35,45,-32,46,-39,44,-39,49,-38,39,-44,42,-46,33,-45,39,-55,35,-49,28,-60,27,-61,25,-67,22,-64,13,-68,11,-71,6,-81,7,-85,-2,-83,-2,-85,-6,-87,-10,-84,-19,-88,-15,-91,-19,-91,-18,-95,-21,-96,-23,-93,-32,-100,-25,-102,-26,-89,-30,-96,-27,-94,-23,-95,0,0]"
CSI_DATA,53,1a:00:00:00:00:00,-48,11,1,0,1,1,1,0,0,0,1,-96,0,11,2,982619,0,44,0,384,0,"[0,0,0,0,0,0,0,0,0,0,0,0,-6,-7,-6,-6,-6,-5,-6,-4,-5,-3,-5,-2,-4,-1,-4,-1,-3,0,-3,1,-2,2,-2,3,-2,3,-1,4,-1,4,0,5,1,5,1,5,2,6,2,6,3,6,3,7,3,7,4,7,5,8,5,8,0,0,6,9,6,9,6,10,6,9,5,10,5,10,5,10,5,10,4,10,4,10,4,10,3,9,2,9,2,9,1,8,1,8,1,7,0,7,0,6,-1,6,-1,6,-2,5,-2,5,-2,4,-3,4,-3,3,0,0,0,0,0,0,0,0,0,0,0,0,0,0,-73,21,-66,15,-58,23,-50,22,-49,23,-37,16,-37,24,-29,23,-22,22,-18,21,-10,20,-7,16,3,14,1,19,8,11,16,13,16,12,22,5,23,7,33,8,35,5,32,1,34,-2,43,-5,42,-5,47,-6,45,-11,53,-11,52,-10,51,-19,55,-13,58,-19,62,-11,62,-17,55,-18,64,-10,64,-8,59,-16,64,-6,59,-7,57,-6,58,2,56,5,55,5,48,5,46,4,44,10,42,8,40,10,33,9,30,14,30,15,22,14,21,17,17,19,16,18,12,15,0,0,0,0,0,0,0,0,0,0,0,0,0,0,0,0,0,0,0,0,0,0,-3,26,-9,24,-3,24,-1,19,-2,18,-2,16,5,17,10,14,10,14,14,11,13,8,18,6,23,4,25,4,28,-3,26,-2,33,-6,36,-7,35,-5,41,-9,38,-14,46,-16,42,-20,47,-22,46,-22,49,-28,46,-26,50,-31,44,-29,47,-40,40,-41,44,-48,38,-45,31,-55,32,-55,30,-60,26,-61,22,-68,21,-66,16,-74,13,-81,4,-77,6,-84,-7,-89,-5,-85,-13,-85,-12,-88,-17,-90,-18,-96,-22,-98,-17,-100,-28,-91,-22,-102,-24,-92,-28,-97,-27,-96,-27,-88,0,0]"
CSI_DATA,54,1a:00:00:00:00:00,-48,11,1,0,1,1,1,0,0,0,1,-96,0,11,2,990329,0,44,0,384,0,"[0,0,0,0,0,0,0,0,0,0,0,0,-9,4,-7,4,-6,4,-5,4,-4,3,-3,3,-2,3,-1,3,0,2,1,2,2,2,3,1,3,1,4,0,4,0,5,0,6,-1,6,-1,6,-2,7,-3,7,-3,8,-4,8,-4,9,-4,9,-5,10,-5,0,0,10,-6,11,-6,11,-6,11,-6,11,-6,11,-5,11,-6,11,-5,11,-5,11,-4,11,-3,10,-3,10,-2,9,-2,9,-1,9,-1,8,-1,7,-1,7,0,6,0,6,1,5,1,5,1,4,2,3,2,3,2,0,0,0,0,0,0,0,0,0,0,0,0,0,0,-5,35,-3,32,2,29,1,27,2,25,1,17,5,18,5,15,5,14,6,10,7,9,6,4,7,3,7,-2,6,-2,7,-7,6,-9,6,-10,5,-11,7,-14,5,-15,4,-17,2,-18,3,-20,1,-23,0,-24,2,-26,-3,-27,-2,-29,-1,-30,-1,-30,0,-30,0,-31,-3,-33,-1,-33,2,-33,0,-33,4,-32,4,-31,6,-32,6,-29,4,-28,7,-27,6,-27,7,-25,5,-22,9,-23,8,-20,10,-19,9,-16,9,-14,10,-15,10,-14,10,-11,9,-9,11,-8,10,-6,0,0,0,0,0,0,0,0,0,0,0,0,0,0,0,0,0,0,0,0,0,0,10,11,10,9,9,7,9,8,7,7,7,5,7,3,6,0,7,0,6,-2,7,-4,5,-4,7,-7,6,-11,5,-11,5,-13,6,-16,5,-17,4,-14,4,-19,4,-20,4,-22,4,-23,0,-24,-1,-26,0,-27,0,-26,-5,-27,-4,-25,-8,-28,-9,-25,-12,-28,-12,-29,-15,-27,-16,-29,-20,-24,-22,-25,-26,-23,-25,-21,-31,-22,-31,-19,-34,-17,-37,-18,-39,-17,-38,-14,-44,-14,-43,-12,-44,-10,-46,-10,-47,-9,-47,-10,-50,-5,-50,-8,-47,-6,-49,-5,-49,-4,-44,-5,0,0]"
CSI_DATA,55,1a:00:00:00:00:00,-49,11,1,0,1,1,1,0,0,0,1,-96,0,11,2,1010748,0,44,0,384,0,"[0,0,0,0,0,0,0,0,0,0,0,0,3,-8,1,-8,0,-7,0,-6,-1,-5,-1,-4,-2,-4,-2,-3,-3,-2,-3,-1,-3,-1,-3,0,-4,1,-4,2,-4,3,-5,4,-5,4,-4,4,-5,6,-5,6,-5,7,-4,7,-5,7,-5,9,-5,10,-5,10,0,0,-6,11,-6,11,-6,12,-5,12,-6,11,-7,11,-6,11,-7,10,-7,10,-7,9,-8,8,-8,8,-8,7,-7,7,-8,6,-7,6,-7,5,-7,4,-7,4,-6,3,-6,2,-6,2,-5,1,-6,0,-5,0,-5,-1,0,0,0,0,0,0,0,0,0,0,0,0,0,0,28,-60,24,-54,21,-52,12,-50,15,-46,9,-38,5,-27,2,-34,1,-25,-6,-23,-10,-14,-9,-12,-14,-5,-17,-3,-17,1,-17,4,-23,9,-23,15,-19,19,-19,24,-20,30,-16,30,-20,32,-16,39,-15,42,-18,46,-21,45,-23,49,-19,54,-18,59,-20,57,-17,62,-21,59,-20,64,-23,62,-25,61,-20,62,-23,56,-24,59,-27,55,-27,56,-31,47,-33,48,-32,48,-29,44,-35,39,-30,36,-31,34,-28,30,-27,31,-27,23,-23,19,-26,18,-29,12,-29,7,-28,6,-24,1,0,0,0,0,0,0,0,0,0,0,0,0,0,0,0,0,0,0,0,0,0,0,-16,-31,-14,-28,-15,-33,-16,-24,-16,-26,-17,-21,-18,-19,-17,-18,-24,-13,-18,-11,-27,-6,-21,-4,-26,-1,-25,2,-25,5,-31,14,-26,16,-30,16,-32,21,-28,24,-27,28,-27,33,-26,38,-26,35,-25,41,-23,46,-27,46,-18,46,-20,48,-13,54,-11,49,-7,60,2,55,3,57,9,55,14,56,16,60,20,58,27,60,35,62,34,62,45,57,53,57,54,56,57,55,67,49,69,48,68,47,72,48,73,51,71,49,83,49,82,54,75,41,82,45,76,41,79,41,0,0]"
CSI_DATA,56,1a:00:00:00:00:00,-49,11,1,0,1,1,1,0,0,0,1,-96,0,11,2,1020504,0,44,0,384,0,"[0,0,0,0,0,0,0,0,0,0,0,0,1,-9,1,-8,-1,-7,-1,-6,-2,-5,-1,-4,-2,-4,-2,-3,-3,-2,-4,-1,-3,-1,-4,1,-4,1,-4,2,-5,3,-4,3,-4,4,-4,5,-4,6,-4,7,-4,7,-4,8,-4,8,-4,9,-5,10,-4,10,0,0,-4,10,-5,11,-5,11,-5,11,-5,11,-6,11,-5,11,-6,11,-6,10,-6,9,-6,9,-7,8,-6,7,-6,7,-7,6,-6,6,-6,6,-6,4,-6,4,-5,4,-6,3,-5,2,-5,1,-5,1,-5,0,-4,0,0,0,0,0,0,0,0,0,0,0,0,0,0,0,13,-31,11,-29,7,-27,6,-26,2,-25,3,-18,1,-19,-2,-17,-3,-14,-5,-11,-5,-9,-7,-7,-7,-2,-8,1,-8,0,-11,3,-10,5,-8,6,-11,7,-10,12,-10,13,-9,13,-11,15,-10,18,-8,21,-10,22,-9,24,-7,24,-8,25,-7,28,-7,28,-10,30,-10,29,-8,31,-11,28,-12,30,-12,28,-13,30,-15,29,-15,29,-16,25,-14,25,-17,24,-15,21,-15,21,-16,20,-15,17,-14,16,-14,14,-16,11,-12,12,-13,10,-15,8,-13,6,-14,6,-13,2,-10,2,0,0,0,0,0,0,0,0,0,0,0,0,0,0,0,0,0,0,0,0,0,0,-13,-13,-11,-13,-12,-12,-12,-11,-12,-11,-11,-9,-9,-6,-11,-6,-12,-3,-11,-3,-12,0,-13,2,-13,4,-13,5,-10,6,-14,9,-12,11,-13,11,-13,13,-12,15,-10,15,-10,17,-11,21,-9,22,-10,21,-9,25,-8,24,-4,25,-4,26,-1,29,1,25,0,28,4,29,4,30,9,29,11,27,14,29,14,27,17,27,22,28,23,26,27,25,25,24,31,24,30,24,33,19,34,21,37,22,37,22,40,22,39,18,42,17,40,16,40,16,42,16,40,17,39,13,0,0]"
CSI_DATA,57,1a:00:00:00:00:00,-48,11,1,0,1,1,1,0,0,0,1,-96,0,11,2,1030287,0,44,0,384,0,"[0,0,0,0,0,0,0,0,0,0,0,0,4,-8,3,-7,1,-6,1,-6,0,-5,-1,-5,-1,-4,-2,-3,-3,-2,-3,-2,-4,-1,-4,-1,-5,1,-5,1,-5,2,-6,2,-6,3,-6,3,-6,4,-6,5,-7,5,-7,6,-7,6,-7,7,-7,8,-7,8,0,0,-8,9,-8,9,-8,10,-9,9,-8,9,-9,9,-9,9,-8,8,-9,8,-10,7,-9,7,-9,6,-9,6,-8,5,-8,5,-8,4,-8,4,-7,3,-7,3,-7,2,-7,2,-6,1,-6,1,-5,0,-5,-1,-4,-1,0,0,0,0,0,0,0,0,0,0,0,0,0,0,40,-59,27,-53,27,-49,20,-47,11,-38,12,-38,8,-29,7,-32,0,-22,-6,-22,-12,-17,-11,-13,-9,-10,-17,1,-19,3,-21,5,-20,8,-22,13,-21,15,-27,18,-24,27,-24,25,-23,30,-25,34,-25,33,-28,36,-23,45,-22,53,-25,53,-27,60,-23,56,-25,59,-31,59,-30,61,-23,58,-30,60,-29,57,-30,61,-36,53,-35,51,-30,50,-34,51,-34,54,-33,45,-36,38,-35,39,-34,34,-30,28,-31,28,-33,24,-27,22,-28,17,-26,15,-26,13,-26,12,-23,7,-21,2,0,0,0,0,0,0,0,0,0,0,0,0,0,0,0,0,0,0,0,0,0,0,-15,-27,-12,-29,-11,-29,-10,-29,-14,-24,-9,-22,-13,-19,-15,-19,-19,-14,-17,-13,-18,-6,-18,-4,-22,-1,-25,3,-23,9,-24,12,-30,12,-27,21,-29,18,-25,24,-32,24,-29,31,-27,35,-28,36,-27,39,-25,45,-22,42,-23,48,-21,53,-14,57,-14,54,-12,58,-7,58,1,61,1,61,6,64,9,59,21,62,29,63,36,65,33,68,41,64,46,63,52,61,52,59,50,62,60,60,63,59,61,56,70,58,75,56,78,53,79,57,65,48,79,51,72,47,76,49,0,0]"
CSI_DATA,58,1a:00:00:00:00:00,-48,11,1,0,1,1,1,0,0,0,1,-96,0,11,2,1040575,0,44,0,384,0,"[0,0,0,0,0,0,0,0,0,0,0,0,7,-3,5,-4,4,-3,3,-3,2,-3,1,-3,0,-3,-1,-3,-1,-2,-2,-2,-3,-3,-4,-2,-5,-2,-5,-1,-5,-1,-7,-1,-7,0,-7,0,-7,1,-8,1,-8,2,-9,2,-9,2,-10,3,-10,3,-11,4,0,0,-11,4,-12,4,-11,4,-12,4,-11,3,-12,4,-11,3,-11,3,-11,2,-11,2,-11,1,-10,0,-10,1,-9,0,-9,0,-8,-1,-8,-1,-7,-1,-7,-1,-7,-1,-6,-1,-6,-2,-5,-2,-5,-3,-4,-3,-3,-3,0,0,0,0,0,0,0,0,0,0,0,0,0,0,31,-11,30,-8,25,-10,22,-9,18,-7,14,-7,12,-9,10,-8,10,-10,4,-8,1,-8,-3,-5,-2,-6,-5,-5,-8,-5,-12,-2,-13,-4,-13,-2,-15,-3,-18,-1,-20,2,-19,3,-19,4,-21,5,-23,5,-24,7,-28,8,-29,11,-28,9,-29,11,-28,11,-30,11,-30,12,-33,13,-31,12,-32,11,-32,12,-31,11,-32,7,-31,6,-31,7,-30,5,-30,3,-28,4,-26,1,-27,3,-24,0,-24,0,-19,-2,-19,-1,-17,-1,-15,-5,-16,-4,-13,-5,-11,-6,-9,-5,-8,-7,0,0,0,0,0,0,0,0,0,0,0,0,0,0,0,0,0,0,0,0,0,0,6,-15,6,-12,6,-13,4,-13,4,-10,2,-10,0,-9,0,-9,-1,-9,-1,-8,-2,-7,-6,-7,-6,-4,-9,-4,-10,-6,-11,-3,-15,-2,-14,-1,-15,-1,-16,1,-18,3,-19,3,-20,7,-22,5,-22,6,-22,8,-23,7,-23,12,-23,12,-22,15,-22,15,-24,22,-19,22,-19,21,-19,26,-15,27,-15,27,-14,32,-14,30,-12,34,-10,34,-5,38,-4,38,-4,40,-1,39,2,44,3,43,5,41,8,43,6,46,5,44,8,44,5,45,6,44,11,48,9,43,9,44,0,0]"
CSI_DATA,59,1a:00:00:00:00:00,-49,11,1,0,1,1,1,0,0,0,1,-96,0,11,2,1050552,0,44,0,384,0,"[0,0,0,0,0,0,0,0,0,0,0,0,2,-8,2,-6,0,-5,-1,-5,-1,-4,-1,-4,-2,-3,-2,-1,-2,0,-2,1,-3,1,-3,2,-4,3,-3,4,-4,4,-3,5,-3,6,-3,6,-3,7,-2,8,-2,8,-2,9,-2,9,-1,11,-2,11,-1,11,0,0,-1,12,-1,12,-2,13,-2,12,-2,12,-2,12,-2,12,-2,12,-2,12,-3,11,-3,11,-4,10,-3,10,-3,9,-4,7,-4,7,-4,7,-3,6,-4,5,-4,5,-4,4,-4,4,-4,3,-4,3,-4,2,-4,1,0,0,0,0,0,0,0,0,0,0,0,0,0,0,34,-58,29,-47,20,-50,19,-39,11,-36,13,-31,5,-18,0,-22,0,-17,-2,-14,-9,-9,-12,-6,-13,-2,-11,7,-14,10,-14,9,-16,18,-16,25,-13,24,-12,27,-15,33,-12,37,-11,39,-9,42,-8,43,-6,50,-8,51,-2,53,-2,56,-3,61,4,60,2,66,-1,65,0,68,-1,65,-4,68,-6,64,-3,67,-7,64,-6,62,-6,57,-10,57,-10,56,-10,55,-14,50,-11,44,-13,44,-17,40,-10,33,-15,33,-13,27,-14,26,-14,24,-16,25,-16,19,-15,15,-18,11,0,0,0,0,0,0,0,0,0,0,0,0,0,0,0,0,0,0,0,0,0,0,9,-28,9,-28,7,-21,3,-24,0,-19,1,-18,-2,-16,-4,-14,-6,-13,-9,-8,-11,-11,-12,-3,-14,0,-17,0,-19,0,-20,7,-28,10,-27,12,-26,14,-26,21,-28,20,-36,24,-34,29,-30,29,-26,34,-23,40,-30,37,-30,40,-23,46,-20,52,-17,52,-16,55,-11,52,-3,61,-4,56,3,60,9,57,13,61,18,60,28,69,31,67,40,62,41,69,48,66,50,63,56,55,59,65,62,60,70,65,68,63,67,61,78,53,74,58,67,51,76,53,73,46,71,45,0,0]"
CSI_DATA,60,1a:00:00:00:00:00,-49,11,1,0,1,1,1,0,0,0,1,-96,0,11,2,1060969,0,44,0,384,0,"[0,0,0,0,0,0,0,0,0,0,0,0,-7,4,-5,3,-4,3,-3,2,-2,2,-2,2,0,1,0,1,2,1,2,-1,3,-1,4,-1,4,-2,5,-3,6,-3,6,-4,6,-4,7,-5,6,-6,6,-6,7,-7,7,-8,8,-8,7,-9,8,-10,8,-10,0,0,8,-10,9,-11,9,-11,9,-11,9,-10,9,-10,9,-10,9,-9,9,-10,9,-8,9,-8,9,-7,8,-6,8,-6,8,-5,7,-4,7,-4,6,-4,6,-3,5,-2,5,-2,5,-1,5,-1,4,0,3,0,3,0,0,0,0,0,0,0,0,0,0,0,0,0,0,0,-30,16,-24,12,-23,13,-18,10,-15,9,-11,10,-8,9,-7,8,-2,8,1,4,0,5,3,1,7,1,4,-2,8,-3,10,-4,12,-6,13,-10,13,-10,13,-9,18,-14,13,-13,15,-17,17,-18,19,-18,18,-21,16,-21,16,-25,17,-28,17,-28,18,-26,19,-30,18,-27,20,-29,18,-29,24,-29,21,-27,21,-27,21,-26,22,-26,19,-23,21,-23,19,-20,20,-20,21,-19,20,-16,18,-15,17,-11,17,-11,15,-10,16,-7,15,-7,11,-4,13,-5,12,-3,11,-1,9,0,0,0,0,0,0,0,0,0,0,0,0,0,0,0,0,0,0,0,0,0,0,0,-12,10,-10,7,-10,7,-8,8,-7,8,-6,5,-3,4,-4,5,-1,5,-2,2,1,4,3,3,6,0,7,0,10,0,11,0,12,-3,12,-2,16,-4,16,-4,19,-8,20,-7,18,-10,21,-9,18,-10,20,-16,20,-16,23,-16,21,-18,21,-20,19,-20,20,-23,18,-21,13,-25,13,-30,13,-31,7,-32,8,-35,5,-36,2,-39,3,-40,-2,-38,-2,-42,-3,-40,-6,-42,-12,-43,-14,-43,-13,-43,-15,-42,-18,-47,-18,-45,-17,-44,-19,-46,-18,-44,-18,-41,-21,-42,-18,-39,0,0]"
CSI_DATA,61,1a:00:00:00:00:00,-49,11,1,0,1,1,1,0,0,0,1,-96,0,11,2,1070514,0,44,0,384,0,"[0,0,0,0,0,0,0,0,0,0,0,0,-6,-2,-5,-1,-5,-1,-4,-1,-3,0,-1,0,-1,0,1,1,1,1,2,1,3,1,4,1,4,1,5,0,5,0,7,0,7,0,7,0,8,-1,8,-1,9,-1,9,-2,10,-2,10,-3,11,-3,11,-4,0,0,12,-4,12,-4,12,-3,13,-4,12,-3,12,-3,12,-3,11,-2,12,-3,11,-2,11,-1,10,-1,9,-1,9,-1,8,-1,8,0,7,0,6,0,6,0,5,1,5,1,4,1,4,1,3,2,2,2,2,2,0,0,0,0,0,0,0,0,0,0,0,0,0,0,-47,-37,-45,-29,-44,-26,-35,-19,-34,-16,-29,-10,-22,-9,-20,-2,-7,-1,-8,3,-5,2,3,8,12,6,10,13,11,10,25,10,24,15,28,15,27,13,34,8,42,10,39,6,43,6,49,4,51,6,56,7,54,-2,64,-6,61,-3,65,-4,64,-5,76,-6,66,-4,74,-5,70,-7,76,-1,74,-1,70,-5,67,1,62,5,61,4,59,3,61,4,54,5,55,4,46,9,45,9,41,8,37,9,32,9,27,16,27,9,25,12,22,10,16,19,19,19,12,15,0,0,0,0,0,0,0,0,0,0,0,0,0,0,0,0,0,0,0,0,0,0,-21,-22,-21,-22,-22,-19,-20,-18,-16,-17,-14,-13,-12,-9,-9,-6,-9,-5,-2,-6,-4,1,-6,4,-1,8,-1,9,1,14,4,14,7,23,8,24,13,25,13,26,19,24,19,30,22,30,28,28,31,31,35,31,38,30,40,28,42,24,50,27,45,18,53,21,51,14,60,12,61,9,62,-1,66,-2,66,-7,71,-14,74,-22,75,-23,67,-34,70,-39,67,-41,69,-42,62,-47,68,-53,68,-62,68,-62,65,-61,65,-64,62,-70,66,-74,53,-62,57,-74,55,-68,47,-62,0,0]"
CSI_DATA,62,1a:00:00:00:00:00,-50,11,1,0,1,1,1,0,0,0,1,-96,0,11,2,1090275,0,44,0,384,0,"[0,0,0,0,0,0,0,0,0,0,0,0,-9,0,-7,0,-6,0,-5,0,-4,1,-3,1,-2,1,-1,1,0,0,0,0,2,0,2,0,2,-1,4,-1,3,-2,5,-2,5,-3,5,-2,5,-4,5,-5,6,-5,7,-6,6,-6,7,-7,7,-7,7,-8,0,0,7,-8,8,-9,9,-9,8,-9,8,-9,8,-9,8,-9,8,-8,8,-8,8,-8,8,-7,7,-7,8,-6,8,-6,7,-5,7,-5,6,-4,6,-4,6,-4,5,-3,5,-3,5,-3,5,-2,5,-1,4,0,4,0,0,0,0,0,0,0,0,0,0,0,0,0,0,0,-34,-9,-30,-7,-30,-5,-25,-4,-22,-4,-18,-2,-17,1,-15,1,-12,1,-8,2,-4,1,-4,1,0,1,2,1,5,0,6,1,10,-1,10,-2,12,0,15,-3,17,-6,15,-4,15,-8,16,-11,19,-11,22,-13,24,-13,22,-17,23,-18,23,-18,21,-18,24,-19,24,-17,26,-22,23,-22,28,-21,27,-21,25,-20,26,-19,26,-18,26,-20,26,-17,25,-16,24,-14,25,-11,23,-12,22,-11,21,-11,21,-8,18,-8,19,-7,17,-6,18,-5,13,-1,14,0,15,-1,11,1,0,0,0,0,0,0,0,0,0,0,0,0,0,0,0,0,0,0,0,0,0,0,-15,-13,-12,-11,-10,-10,-13,-9,-10,-8,-10,-8,-9,-5,-9,-3,-9,-3,-9,0,-4,-1,-6,0,-4,3,-2,3,1,6,-1,5,4,8,3,8,8,8,6,9,7,9,10,10,12,8,14,12,15,8,18,9,21,10,21,7,23,7,26,4,22,3,29,1,25,-1,27,-3,29,-7,29,-9,28,-16,30,-15,29,-18,28,-21,30,-20,30,-27,29,-30,25,-33,24,-35,26,-40,21,-41,21,-39,21,-42,21,-44,19,-44,18,-45,21,-45,14,-44,14,-48,15,-47,13,-42,0,0]"
CSI_DATA,63,1a:00:00:00:00:00,-49,11,1,0,1,1,1,0,0,0,1,-96,0,11,2,1100247,0,44,0,384,0,"[0,0,0,0,0,0,0,0,0,0,0,0,-5,7,-4,7,-2,6,-2,5,-2,4,-1,3,0,2,0,2,0,1,1,-1,1,-1,1,-2,2,-3,2,-4,2,-5,2,-5,1,-5,1,-6,0,-7,0,-8,0,-9,0,-9,0,-9,-1,-11,-1,-11,-1,-11,0,0,-2,-12,-2,-13,-2,-13,-2,-14,-2,-13,-2,-13,-2,-13,-2,-13,-2,-13,-1,-12,-1,-12,0,-11,0,-11,0,-11,0,-10,0,-9,1,-9,0,-8,1,-8,1,-8,1,-7,1,-6,2,-6,2,-5,2,-5,2,-4,0,0,0,0,0,0,0,0,0,0,0,0,0,0,-45,59,-39,54,-27,54,-28,49,-22,44,-16,41,-12,34,-9,33,-11,18,-6,24,0,14,4,10,7,6,8,-1,11,-4,11,-9,8,-14,13,-14,9,-19,9,-22,10,-34,9,-30,5,-36,1,-40,0,-39,3,-48,4,-51,0,-54,-6,-48,-4,-61,-6,-63,-6,-65,-7,-59,-11,-67,-11,-66,-5,-69,-9,-70,-11,-65,-2,-68,1,-63,1,-66,0,-65,5,-61,2,-62,4,-58,2,-52,8,-49,6,-47,10,-44,6,-39,11,-38,12,-34,9,-34,11,-26,13,-25,13,-25,21,-22,0,0,0,0,0,0,0,0,0,0,0,0,0,0,0,0,0,0,0,0,0,0,-27,21,-24,17,-23,17,-21,17,-19,11,-17,8,-9,10,-12,7,-8,8,-3,5,0,6,2,5,7,0,8,2,10,0,16,-2,17,-9,21,-4,21,-12,21,-14,17,-14,27,-21,26,-19,28,-25,28,-25,25,-32,27,-35,27,-41,26,-42,19,-51,17,-45,16,-54,13,-54,7,-56,3,-63,4,-62,-7,-66,-11,-66,-12,-67,-26,-68,-24,-74,-39,-73,-38,-73,-44,-79,-43,-68,-59,-74,-56,-67,-63,-70,-64,-68,-69,-65,-73,-69,-78,-69,-78,-61,-73,-61,-78,-67,-77,-59,-73,-58,0,0]"
CSI_DATA,64,1a:00:00:00:00:00,-49,11,1,0,1,1,1,0,0,0,1,-96,0,11,2,1110542,0,44,0,384,0,"[0,0,0,0,0,0,0,0,0,0,0,0,-9,3,-8,3,-6,3,-6,2,-4,2,-3,2,-2,2,-1,2,0,1,1,0,1,1,2,0,3,0,3,-1,4,-1,5,-1,5,-3,5,-3,6,-3,6,-4,6,-5,7,-5,7,-5,7,-6,9,-7,8,-7,0,0,9,-7,9,-8,10,-8,10,-8,11,-8,10,-8,10,-8,9,-7,10,-7,10,-7,10,-6,10,-6,9,-5,8,-4,8,-4,8,-4,7,-3,7,-3,7,-3,6,-2,6,-2,6,-1,5,0,5,-1,4,0,3,1,0,0,0,0,0,0,0,0,0,0,0,0,0,0,-37,7,-33,6,-28,7,-27,9,-23,7,-19,7,-17,8,-14,8,-11,7,-5,6,-3,3,-2,7,1,4,1,2,4,1,8,1,9,-1,13,1,10,-2,14,-4,16,-6,17,-5,17,-10,19,-11,19,-10,20,-10,21,-13,20,-17,24,-17,24,-19,22,-22,24,-21,24,-19,26,-23,23,-21,27,-21,29,-21,27,-21,27,-18,26,-18,25,-17,26,-17,26,-14,24,-14,24,-13,23,-12,22,-9,21,-10,20,-9,19,-6,18,-5,17,-4,16,-4,16,-2,16,0,11,3,11,3,0,0,0,0,0,0,0,0,0,0,0,0,0,0,0,0,0,0,0,0,0,0,-16,4,-15,2,-15,0,-13,2,-13,0,-12,1,-9,0,-7,0,-5,3,-4,0,-3,-2,0,2,1,0,4,1,3,-1,5,-2,9,-1,8,-1,9,-1,12,-1,13,-1,16,-4,16,-4,19,-4,20,-5,21,-8,19,-7,20,-10,20,-13,22,-14,18,-15,22,-19,21,-19,19,-19,19,-24,16,-25,17,-29,13,-29,12,-32,9,-35,10,-35,6,-37,6,-39,3,-43,3,-40,2,-43,0,-44,-5,-46,-4,-46,-5,-48,-7,-46,-10,-46,-6,-49,-8,-46,-5,-48,-10,-47,-9,-44,0,0]"
CSI_DATA,65,1a:00:00:00:00:00,-49,11,1,0,1,1,1,0,0,0,1,-96,0,11,2,1122332,0,44,0,384,0,"[0,0,0,0,0,0,0,0,0,0,0,0,-9,-3,-8,-1,-6,-1,-6,0,-5,-1,-4,0,-3,1,-2,1,-1,2,0,2,1,2,2,2,2,2,3,2,4,3,5,3,6,2,6,2,7,2,7,2,8,1,8,1,9,1,10,0,10,1,11,0,0,0,12,0,12,1,12,0,12,0,12,1,12,2,12,2,11,2,12,2,11,2,11,2,10,2,9,3,9,3,8,3,8,3,7,3,6,3,6,3,5,3,4,3,4,3,3,3,3,3,2,3,1,3,0,0,0,0,0,0,0,0,0,0,0,0,0,0,-35,-14,-30,-12,-32,-7,-27,-7,-23,-8,-18,-6,-17,-5,-17,0,-14,2,-9,3,-8,2,-4,6,-2,4,0,5,3,6,4,8,9,6,9,8,11,6,15,5,17,7,17,7,20,5,22,3,23,6,26,8,26,3,29,4,29,2,32,2,31,0,34,1,31,5,35,2,34,1,36,5,35,4,35,5,34,9,31,8,31,5,30,8,28,9,28,11,24,9,25,9,22,11,21,8,18,9,17,7,15,10,14,7,13,10,9,11,9,10,6,10,4,10,0,0,0,0,0,0,0,0,0,0,0,0,0,0,0,0,0,0,0,0,0,0,-20,0,-19,-4,-16,-2,-16,-3,-16,-2,-14,-3,-12,-3,-10,-3,-8,-3,-4,0,-4,0,-4,0,-1,2,-1,0,0,3,3,2,6,1,8,3,9,2,10,5,11,7,14,5,15,4,17,3,18,1,21,2,21,3,22,0,22,1,26,-4,24,-4,29,-3,27,-8,25,-9,27,-10,27,-14,26,-16,24,-19,24,-21,24,-25,28,-28,26,-30,23,-31,24,-35,24,-34,22,-35,22,-36,20,-42,20,-40,21,-44,20,-44,21,-44,19,-46,19,-43,19,-46,16,-43,15,-44,0,0]"
CSI_DATA,66,1a:00:00:00:00:00,-49,11,1,0,1,1,1,0,0,0,1,-96,0,11,2,1131379,0,44,0,384,0,"[0,0,0,0,0,0,0,0,0,0,0,0,-4,-8,-4,-7,-4,-5,-4,-4,-3,-3,-3,-2,-3,-1,-2,0,-2,1,-1,2,-1,2,-1,3,-1,3,0,4,0,5,1,5,2,5,2,6,2,6,3,7,3,7,4,7,5,7,6,8,6,8,6,8,0,0,7,8,6,9,7,9,8,9,7,10,7,10,6,10,6,9,6,9,6,9,5,9,4,9,4,9,3,8,3,8,2,8,3,7,2,6,1,6,1,6,0,5,1,5,0,4,-1,4,-2,3,-2,3,0,0,0,0,0,0,0,0,0,0,0,0,0,0,-7,-37,-3,-33,-5,-28,-5,-25,-8,-22,-6,-18,-8,-14,-7,-12,-7,-9,-7,-6,-7,-4,-6,-2,-5,2,-4,5,-2,7,-2,10,-4,14,0,14,-1,15,-1,17,1,19,2,19,4,20,6,22,9,21,10,25,9,24,12,26,14,31,15,30,13,29,14,33,13,32,16,32,15,31,14,33,15,34,16,33,11,32,12,32,9,29,8,29,7,31,7,31,5,26,4,24,3,23,3,23,1,19,1,20,-1,18,-1,16,1,13,-3,15,-6,13,-6,12,-5,8,0,0,0,0,0,0,0,0,0,0,0,0,0,0,0,0,0,0,0,0,0,0,-11,-20,-9,-20,-6,-18,-7,-17,-5,-14,-6,-13,-4,-11,-6,-10,-6,-8,-5,-6,-6,-4,-3,-3,-4,-2,-4,0,-3,3,-4,6,-3,8,-3,8,-2,10,-2,15,1,13,2,17,-1,16,0,17,5,20,8,20,6,21,9,21,10,19,13,21,11,20,15,21,18,20,22,19,22,18,25,18,24,16,27,14,29,13,33,14,36,10,34,8,36,7,40,6,39,3,41,5,44,2,44,-2,47,-2,47,0,47,-2,49,-5,52,-4,46,-6,50,-5,46,-7,43,-8,0,0]"
CSI_DATA,67,1a:00:00:00:00:00,-49,11,1,0,1,1,1,0,0,0,1,-96,0,11,2,1140259,0,44,0,384,0,"[0,0,0,0,0,0,0,0,0,0,0,0,4,6,4,5,4,4,4,2,3,1,2,0,1,-1,0,-1,0,-2,0,-3,-1,-3,-2,-4,-2,-5,-2,-5,-3,-6,-5,-6,-5,-6,-6,-6,-6,-6,-7,-6,-7,-7,-9,-7,-8,-6,-9,-7,-10,-8,-10,-7,0,0,-12,-7,-11,-8,-12,-8,-12,-8,-12,-8,-12,-8,-12,-8,-11,-8,-11,-8,-10,-8,-9,-8,-8,-8,-8,-7,-8,-8,-7,-7,-7,-7,-6,-7,-6,-6,-5,-6,-4,-6,-4,-6,-3,-6,-3,-5,-2,-5,-1,-5,0,-5,0,0,0,0,0,0,0,0,0,0,0,0,0,0,16,32,11,25,16,24,14,19,11,16,11,13,6,9,8,7,6,6,7,3,6,-2,3,-4,1,-5,-2,-6,0,-10,-5,-11,-5,-12,-5,-14,-9,-17,-10,-15,-12,-16,-13,-19,-16,-18,-18,-18,-19,-14,-22,-19,-23,-18,-24,-20,-27,-20,-27,-19,-27,-21,-31,-19,-28,-19,-30,-18,-32,-19,-30,-22,-30,-20,-29,-23,-30,-23,-28,-22,-26,-19,-24,-23,-24,-22,-23,-23,-21,-22,-18,-18,-16,-19,-16,-17,-13,-18,-10,-16,-13,-17,-9,-16,-8,-15,-6,-14,-4,-13,-3,-13,0,-11,0,0,0,0,0,0,0,0,0,0,0,0,0,0,0,0,0,0,0,0,0,0,14,15,13,17,10,16,10,14,9,14,9,12,9,9,5,8,7,6,8,3,6,2,2,2,5,0,4,-2,1,-6,1,-8,3,-9,1,-9,-1,-11,-3,-11,-5,-16,-6,-16,-7,-16,-6,-17,-7,-20,-13,-19,-13,-23,-15,-21,-15,-18,-18,-20,-16,-18,-23,-17,-23,-15,-24,-14,-23,-12,-27,-12,-29,-10,-31,-7,-32,-8,-34,-3,-37,-3,-36,1,-39,3,-38,5,-39,8,-43,14,-41,12,-40,13,-43,17,-42,17,-45,16,-45,19,-43,17,-43,18,-41,18,-42,22,-38,19,0,0]"
CSI_DATA,68,1a:00:00:00:00:00,-49,11,1,0,1,1,1,0,0,0,1,-96,0,11,2,1150244,0,44,0,384,0,"[0,0,0,0,0,0,0,0,0,0,0,0,7,2,6,1,4,0,4,1,3,-1,2,-1,1,-1,-1,-2,-1,-2,-2,-2,-3,-2,-4,-2,-5,-2,-5,-2,-6,-2,-7,-1,-8,-1,-8,-1,-8,0,-9,0,-9,0,-10,1,-11,1,-12,1,-12,1,-12,2,0,0,-13,3,-13,2,-14,3,-14,2,-13,2,-14,2,-14,2,-13,1,-13,2,-12,1,-12,0,-11,0,-10,0,-10,0,-9,-1,-9,-1,-8,-1,-8,-1,-7,-1,-7,-1,-6,-2,-5,-2,-5,-2,-5,-2,-4,-3,-3,-3,0,0,0,0,0,0,0,0,0,0,0,0,0,0,61,26,56,27,53,16,44,13,41,15,36,13,27,6,18,1,18,-1,8,-3,4,-2,4,-3,-5,-5,-8,-9,-16,-6,-18,-7,-30,-10,-27,-8,-27,-7,-34,-5,-41,-6,-44,-4,-44,1,-50,2,-48,-1,-59,2,-56,3,-56,5,-58,9,-65,17,-64,13,-67,12,-61,8,-75,12,-66,13,-73,8,-73,9,-69,7,-71,1,-64,9,-63,3,-61,0,-62,1,-59,3,-49,-5,-52,-3,-49,-5,-43,-6,-41,-9,-37,-7,-36,-11,-34,-9,-30,-13,-22,-16,-22,-13,-16,-15,-15,-16,0,0,0,0,0,0,0,0,0,0,0,0,0,0,0,0,0,0,0,0,0,0,41,2,43,5,36,6,34,5,33,0,30,3,23,0,22,-3,20,-6,16,-6,16,-4,9,-6,7,-14,5,-16,2,-16,-3,-18,-6,-17,-7,-18,-13,-23,-24,-21,-25,-22,-25,-20,-28,-21,-31,-20,-37,-19,-39,-13,-38,-15,-44,-15,-42,-17,-47,-9,-48,-4,-59,-2,-54,-2,-57,4,-60,9,-52,14,-54,18,-55,29,-56,31,-59,39,-56,43,-52,43,-52,57,-54,54,-53,60,-41,66,-48,67,-49,67,-48,73,-43,77,-40,84,-37,80,-48,86,-39,81,-36,84,-37,87,-36,78,0,0]"
CSI_DATA,69,1a:00:00:00:00:00,-49,11,1,0,1,1,1,0,0,0,1,-96,0,11,2,1170680,0,44,0,384,0,"[0,0,0,0,0,0,0,0,0,0,0,0,6,-6,4,-5,3,-5,3,-4,2,-3,1,-3,0,-2,0,-1,-1,0,-1,0,-2,1,-2,2,-2,3,-2,4,-3,4,-3,5,-2,6,-2,6,-2,7,-2,8,-2,8,-1,9,-1,9,0,10,0,11,0,11,0,0,1,12,1,12,1,13,1,13,0,12,0,13,0,12,0,12,0,12,0,12,0,11,-1,10,-1,10,-1,9,-1,9,-1,8,-1,8,-2,7,-2,6,-2,6,-2,5,-2,4,-3,4,-3,3,-3,3,-3,2,0,0,0,0,0,0,0,0,0,0,0,0,0,0,-4,-36,-6,-33,-5,-27,-5,-23,-7,-21,-6,-20,-4,-15,-7,-13,-4,-9,-5,-5,-2,-3,-4,-2,-1,2,0,1,0,5,6,7,6,7,7,9,8,9,12,11,12,13,11,10,16,12,17,11,16,12,21,12,22,13,26,12,27,16,27,12,27,13,29,12,25,12,32,12,31,12,30,14,29,12,30,11,29,16,28,13,28,12,25,14,23,13,22,14,20,12,20,12,18,12,16,14,14,11,13,11,12,10,12,9,11,11,6,9,4,8,6,10,1,9,0,0,0,0,0,0,0,0,0,0,0,0,0,0,0,0,0,0,0,0,0,0,0,-24,1,-21,0,-21,1,-19,0,-19,-2,-15,-1,-15,-3,-15,-4,-12,-5,-13,-7,-11,-8,-6,-11,-6,-8,-5,-11,0,-11,-1,-13,4,-12,6,-12,7,-12,9,-13,12,-15,14,-11,15,-10,18,-10,21,-7,22,-7,19,-6,24,-5,23,-2,28,0,22,4,26,5,27,8,25,12,27,14,25,17,24,20,24,23,23,26,22,30,21,30,20,32,17,37,15,37,14,37,11,40,10,43,7,45,4,45,2,49,-1,47,0,47,1,43,-6,49,-4,45,-8,44,-8,0,0]"
CSI_DATA,70,1a:00:00:00:00:00,-50,11,1,0,1,1,1,0,0,0,1,-96,0,11,2,1191949,0,44,0,384,0,"[0,0,0,0,0,0,0,0,0,0,0,0,5,-8,3,-7,2,-6,2,-5,1,-5,1,-4,0,-3,-1,-2,-1,-1,-1,-1,-2,0,-2,1,-2,2,-2,3,-2,3,-2,4,-1,5,-1,5,-1,6,-1,6,0,7,0,7,0,8,1,9,1,9,1,9,0,0,2,10,2,11,2,11,2,11,2,10,2,11,2,11,2,10,2,10,1,10,0,10,0,9,0,9,0,8,-1,8,-1,7,-1,7,-1,6,-1,6,-1,5,-2,5,-2,4,-2,4,-3,3,-3,3,-3,2,0,0,0,0,0,0,0,0,0,0,0,0,0,0,-44,-67,-38,-59,-44,-47,-40,-46,-35,-40,-30,-35,-23,-24,-21,-26,-19,-13,-17,-11,-15,-5,-6,-9,-7,1,-3,1,0,3,9,5,21,9,10,8,16,11,17,8,26,13,31,8,35,8,43,6,36,10,46,5,43,3,52,4,56,4,58,2,61,2,59,-1,63,4,66,-4,64,-9,63,2,67,-2,65,-2,63,3,59,3,56,6,54,6,56,6,54,7,47,4,45,11,42,12,38,12,38,13,33,10,30,10,29,15,29,14,20,15,19,14,15,18,11,18,0,0,0,0,0,0,0,0,0,0,0,0,0,0,0,0,0,0,0,0,0,0,-19,-40,-20,-44,-17,-41,-18,-41,-15,-35,-19,-30,-15,-24,-19,-27,-22,-22,-22,-14,-19,-11,-23,-7,-23,1,-20,1,-22,8,-17,9,-22,15,-19,20,-18,25,-11,30,-11,30,-11,36,-10,39,-5,45,-2,44,3,47,7,48,7,52,14,47,23,51,25,50,30,58,28,52,39,48,49,47,47,36,52,33,62,29,66,25,70,17,74,18,81,10,80,2,83,-5,84,-11,83,-12,80,-15,85,-24,86,-33,96,-44,97,-43,91,-54,95,-49,88,-51,89,-59,87,-56,84,-46,0,0]"
CSI_DATA,71,1a:00:00:00:00:00,-50,11,1,0,1,1,1,0,0,0,1,-96,0,11,2,1201250,0,44,0,384,0,"[0,0,0,0,0,0,0,0,0,0,0,0,9,1,7,0,7,0,6,0,5,-1,3,-1,2,-1,1,-1,1,-1,0,-1,-1,-1,-2,-1,-3,-1,-3,-1,-4,0,-5,0,-5,1,-6,1,-6,2,-6,2,-7,3,-7,3,-8,4,-8,4,-8,5,-8,5,0,0,-9,6,-9,6,-9,6,-9,7,-9,6,-10,6,-10,6,-9,6,-9,6,-9,6,-9,5,-9,5,-9,4,-8,4,-8,3,-8,3,-8,2,-7,2,-7,2,-6,1,-6,1,-6,0,-6,0,-6,-1,-5,-1,-5,-2,0,0,0,0,0,0,0,0,0,0,0,0,0,0,25,-33,19,-30,16,-27,11,-25,12,-23,10,-19,4,-19,6,-16,4,-15,1,-11,-1,-8,2,-5,-3,-4,-1,-1,-2,0,-2,5,-2,7,0,7,-3,7,-5,10,-1,13,-3,14,-1,15,1,15,0,16,2,20,3,21,7,23,6,24,7,24,7,27,6,26,7,27,9,27,11,28,7,29,6,30,9,28,6,28,6,27,5,28,5,27,5,26,3,25,2,23,5,24,1,22,0,20,-2,20,-2,18,-4,15,-1,17,-5,14,-6,12,-7,10,-9,10,-8,9,0,0,0,0,0,0,0,0,0,0,0,0,0,0,0,0,0,0,0,0,0,0,18,-17,18,-14,15,-14,14,-14,12,-13,12,-11,8,-10,6,-12,7,-13,4,-11,3,-12,-1,-9,-3,-7,0,-9,-8,-6,-8,-6,-10,-4,-12,-3,-12,-4,-14,1,-15,1,-18,4,-20,8,-17,7,-19,8,-21,13,-19,11,-20,15,-18,14,-18,23,-15,20,-18,27,-17,24,-12,26,-10,28,-6,30,-4,30,1,32,2,31,6,37,7,39,10,37,15,38,17,38,19,37,20,39,26,37,27,34,29,36,33,36,34,33,37,31,35,35,35,32,40,32,39,30,38,29,0,0]"
CSI_DATA,72,1a:00:00:00:00:00,-50,11,1,0,1,1,1,0,0,0,1,-96,0,11,2,1210660,0,44,0,384,0,"[0,0,0,0,0,0,0,0,0,0,0,0,-9,-6,-8,-5,-7,-4,-7,-4,-6,-3,-5,-2,-4,-1,-3,-1,-2,-1,-1,0,0,0,1,0,1,1,2,1,3,1,4,0,4,0,5,0,5,-1,6,-1,7,-1,7,-2,8,-2,9,-3,9,-3,9,-4,0,0,10,-4,11,-4,11,-5,11,-5,11,-5,11,-4,11,-5,11,-4,11,-4,11,-4,11,-3,10,-3,10,-3,9,-2,9,-2,9,-2,8,-2,8,-1,7,-1,7,-1,6,0,6,0,6,1,5,1,5,2,4,2,0,0,0,0,0,0,0,0,0,0,0,0,0,0,-34,19,-32,17,-29,19,-24,16,-21,16,-19,14,-16,12,-13,13,-10,9,-8,8,-7,8,-4,5,-3,3,-1,2,1,-1,2,-4,4,-4,7,-6,6,-8,5,-12,5,-12,4,-14,3,-18,0,-18,2,-18,2,-21,1,-24,0,-24,1,-23,-3,-26,-1,-27,-2,-30,1,-28,-4,-32,-3,-29,-2,-30,-2,-29,-3,-32,0,-30,-2,-31,-2,-27,1,-28,0,-28,1,-27,2,-25,1,-25,4,-25,4,-22,4,-20,5,-18,4,-19,6,-16,6,-17,7,-15,6,-15,8,-11,8,-8,0,0,0,0,0,0,0,0,0,0,0,0,0,0,0,0,0,0,0,0,0,0,-22,0,-20,0,-19,-1,-20,-1,-20,-1,-16,1,-14,2,-14,2,-12,4,-11,4,-10,4,-6,5,-6,5,-2,7,-1,4,3,7,5,5,6,5,9,5,8,6,11,5,15,4,17,4,17,3,19,-1,22,-4,23,-2,23,-4,23,-5,25,-8,24,-9,25,-15,26,-17,21,-19,23,-22,21,-23,18,-25,15,-32,15,-31,12,-36,12,-36,6,-37,5,-40,5,-45,1,-41,-3,-43,-6,-46,-10,-46,-13,-47,-14,-49,-15,-47,-22,-46,-17,-49,-21,-46,-25,-48,-24,-46,-22,-45,0,0]"
CSI_DATA,73,1a:00:00:00:00:00,-50,11,1,0,1,1,1,0,0,0,1,-96,0,11,2,1221696,0,44,0,384,0,"[0,0,0,0,0,0,0,0,0,0,0,0,-10,1,-9,1,-8,1,-7,1,-6,1,-5,1,-4,1,-3,0,-2,1,-1,0,0,0,1,-1,1,-2,1,-2,3,-3,3,-3,3,-4,4,-4,3,-5,4,-5,4,-6,4,-7,4,-7,4,-8,3,-9,4,-9,0,0,4,-10,4,-11,4,-11,4,-11,4,-11,4,-11,3,-12,3,-11,4,-11,4,-11,4,-11,5,-10,4,-10,4,-9,4,-9,4,-8,4,-8,4,-8,4,-7,3,-7,3,-6,4,-6,4,-5,4,-4,4,-4,4,-3,0,0,0,0,0,0,0,0,0,0,0,0,0,0,-38,4,-34,4,-34,6,-28,5,-27,6,-22,5,-19,6,-14,7,-12,5,-11,5,-6,5,-6,3,-1,3,-2,1,0,-1,3,-1,6,-4,7,-5,6,-8,7,-9,8,-11,8,-10,7,-15,7,-17,8,-17,7,-20,7,-22,6,-22,8,-24,6,-27,6,-25,8,-29,7,-28,6,-31,6,-31,9,-29,10,-30,9,-33,9,-30,6,-30,9,-28,8,-29,11,-29,9,-27,9,-24,9,-25,10,-23,8,-23,8,-20,11,-20,8,-20,8,-17,10,-16,10,-15,11,-12,11,-9,10,-10,0,0,0,0,0,0,0,0,0,0,0,0,0,0,0,0,0,0,0,0,0,0,-18,-13,-17,-12,-17,-12,-18,-12,-16,-10,-15,-10,-13,-7,-12,-8,-11,-4,-13,-3,-10,0,-10,1,-7,2,-7,3,-3,5,-4,7,0,8,1,9,6,8,4,8,8,10,9,11,10,12,15,11,16,12,18,7,19,6,21,7,22,5,26,4,25,1,26,-1,27,-2,26,-5,30,-7,27,-12,27,-15,26,-19,26,-21,24,-25,27,-27,23,-34,22,-34,21,-36,17,-36,11,-43,11,-42,10,-44,9,-43,8,-47,5,-49,2,-49,0,-50,-1,-48,-1,-51,-4,-50,-4,-49,0,0]"
CSI_DATA,74,1a:00:00:00:00:00,-49,11,1,0,1,1,1,0,0,0,1,-96,0,11,2,1241294,0,44,0,384,0,"[0,0,0,0,0,0,0,0,0,0,0,0,9,-3,8,-3,6,-3,6,-3,4,-3,3,-2,2,-2,2,-2,1,-2,0,-1,-1,-1,-2,0,-2,0,-3,1,-3,1,-4,2,-4,3,-4,3,-4,4,-4,4,-5,5,-5,6,-5,6,-4,7,-5,8,-5,9,0,0,-5,10,-5,10,-5,11,-5,11,-5,11,-5,11,-5,11,-5,11,-5,11,-5,11,-6,11,-6,10,-6,10,-6,9,-6,9,-6,9,-6,8,-5,7,-6,7,-5,6,-6,6,-6,5,-6,5,-6,4,-6,4,-6,3,0,0,0,0,0,0,0,0,0,0,0,0,0,0,23,-36,16,-34,12,-32,11,-31,9,-29,8,-23,6,-21,4,-19,1,-15,1,-15,0,-10,-3,-10,-2,-8,-1,-5,-3,-2,-1,4,-3,3,-1,7,0,8,2,11,2,13,1,12,5,15,6,18,6,19,7,21,8,21,12,22,11,21,15,23,12,25,16,26,16,24,18,29,19,28,16,29,17,30,18,30,20,30,18,29,16,26,14,27,16,28,15,27,13,26,11,27,9,28,11,24,10,21,10,21,7,21,7,24,5,21,3,20,4,20,-1,20,-4,16,0,0,0,0,0,0,0,0,0,0,0,0,0,0,0,0,0,0,0,0,0,0,26,-9,25,-10,23,-10,23,-9,20,-9,20,-11,17,-10,14,-8,13,-11,13,-9,10,-9,7,-9,4,-9,3,-12,2,-10,-1,-8,-3,-7,-6,-8,-8,-5,-10,-5,-11,-4,-14,1,-16,0,-14,1,-18,3,-20,8,-17,7,-20,11,-16,11,-15,15,-15,14,-16,20,-11,20,-15,23,-7,22,-7,27,-7,24,-3,29,0,30,3,32,6,34,10,34,13,35,17,34,18,33,25,36,28,34,26,29,29,32,35,34,33,33,40,30,42,35,40,29,42,28,46,26,38,26,0,0]"
CSI_DATA,75,1a:00:00:00:00:00,-49,11,1,0,1,1,1,0,0,0,1,-96,0,11,2,1250749,0,44,0,384,0,"[0,0,0,0,0,0,0,0,0,0,0,0,0,-11,0,-10,-1,-9,-1,-8,-1,-7,-1,-6,-2,-5,-2,-4,-1,-3,-1,-2,-1,-1,-1,0,-1,1,0,1,0,2,1,3,1,3,2,4,3,4,3,5,4,5,5,5,5,5,6,6,7,6,7,6,0,0,9,6,9,7,10,7,10,7,10,7,10,7,10,7,10,7,10,8,10,8,10,8,9,8,8,8,8,7,8,8,7,7,7,7,7,7,6,7,6,6,5,7,5,6,4,6,3,6,2,6,2,6,0,0,0,0,0,0,0,0,0,0,0,0,0,0,-31,-25,-30,-21,-28,-19,-28,-18,-28,-18,-21,-14,-20,-12,-21,-11,-16,-6,-12,-9,-13,-3,-11,-2,-8,0,-6,1,-3,2,0,1,1,0,3,0,6,2,8,1,10,-1,12,0,13,-4,15,-3,17,-5,19,-3,20,-6,23,-10,22,-8,23,-11,24,-11,30,-14,28,-14,30,-14,28,-16,32,-13,31,-15,32,-12,33,-15,30,-15,30,-14,33,-11,33,-11,29,-12,29,-10,28,-11,27,-7,25,-5,25,-9,24,-3,23,-7,22,-5,20,-4,20,-1,18,-1,20,3,16,2,0,0,0,0,0,0,0,0,0,0,0,0,0,0,0,0,0,0,0,0,0,0,-6,-29,-4,-27,-8,-27,-6,-28,-4,-24,-7,-24,-7,-20,-7,-20,-8,-19,-8,-16,-9,-14,-8,-11,-11,-8,-10,-7,-7,-4,-9,-1,-10,-2,-6,2,-8,6,-9,7,-5,7,-6,11,-5,12,-2,13,0,17,2,16,1,17,1,17,5,19,10,19,9,17,14,18,17,17,20,15,21,14,22,13,25,10,27,8,29,6,31,2,34,0,34,-5,35,-5,34,-9,34,-11,37,-13,38,-18,35,-23,37,-24,37,-26,38,-30,36,-31,35,-34,38,-34,37,-36,34,-39,32,-37,0,0]"
CSI_DATA,76,1a:00:00:00:00:00,-49,11,1,0,1,1,1,0,0,0,1,-96,0,11,2,1261399,0,44,0,384,0,"[0,0,0,0,0,0,0,0,0,0,0,0,-4,10,-3,9,-2,8,-2,7,-1,6,-1,5,-1,4,0,3,0,2,0,1,0,0,0,-1,-1,-1,-1,-2,-1,-3,-1,-3,-2,-4,-2,-4,-3,-5,-3,-5,-4,-6,-4,-7,-4,-7,-6,-7,-6,-8,-7,-8,0,0,-8,-9,-8,-9,-9,-10,-9,-9,-9,-9,-9,-10,-9,-10,-9,-9,-9,-10,-9,-10,-9,-10,-8,-10,-8,-9,-8,-10,-7,-9,-7,-9,-6,-9,-6,-8,-6,-8,-5,-8,-5,-8,-4,-8,-4,-8,-3,-8,-2,-8,-2,-7,0,0,0,0,0,0,0,0,0,0,0,0,0,0,46,70,38,63,44,54,39,51,39,48,31,37,36,33,28,25,30,26,26,21,24,18,18,10,15,8,8,6,6,4,4,-1,-5,-1,-8,-1,-13,-9,-14,-5,-21,-6,-22,-7,-24,-1,-35,-3,-35,2,-40,5,-40,0,-45,3,-49,5,-56,8,-55,12,-59,3,-56,8,-62,13,-61,10,-63,8,-68,11,-64,14,-69,7,-66,8,-63,6,-69,1,-66,4,-63,7,-58,2,-58,0,-56,2,-56,4,-51,0,-54,-1,-45,-5,-45,1,-43,-1,-37,-6,-40,-12,-35,-9,-36,-19,0,0,0,0,0,0,0,0,0,0,0,0,0,0,0,0,0,0,0,0,0,0,-4,57,-7,55,-6,52,-6,47,-2,44,-3,44,1,42,-2,39,5,37,4,36,9,28,16,28,9,20,19,18,18,16,20,8,18,2,21,0,16,-6,16,-12,13,-12,15,-20,12,-21,14,-29,8,-28,8,-36,4,-33,-1,-42,-4,-39,-8,-42,-8,-38,-16,-47,-22,-40,-23,-37,-29,-43,-42,-40,-37,-35,-48,-33,-53,-28,-64,-25,-60,-21,-65,-13,-65,-12,-75,-6,-70,3,-84,5,-84,8,-75,16,-83,23,-91,28,-88,30,-90,41,-87,37,-87,46,-91,47,-84,48,-87,50,0,0]"
CSI_DATA,77,1a:00:00:00:00:00,-49,11,1,0,1,1,1,0,0,0,1,-96,0,11,2,1290313,0,44,0,384,0,"[0,0,0,0,0,0,0,0,0,0,0,0,-7,-8,-6,-7,-7,-7,-6,-5,-6,-4,-4,-3,-4,-3,-3,-2,-3,-1,-2,-1,-1,1,0,1,0,1,0,2,1,3,3,3,3,3,3,3,4,3,5,3,6,3,6,3,7,3,8,3,9,3,10,3,0,0,10,3,11,4,11,4,12,3,11,4,12,4,12,4,12,4,11,3,11,5,12,4,10,5,10,4,10,5,10,5,9,5,9,5,8,4,7,5,7,5,6,5,6,4,5,5,5,5,4,5,3,5,0,0,0,0,0,0,0,0,0,0,0,0,0,0,-37,-68,-32,-60,-34,-60,-35,-57,-29,-49,-29,-43,-27,-34,-26,-26,-23,-25,-22,-21,-20,-17,-21,-11,-9,-3,-7,-2,-3,3,-2,1,0,8,9,11,6,14,15,18,15,23,19,21,24,16,30,17,34,19,37,19,40,22,46,18,47,23,50,22,54,25,63,16,54,21,67,16,63,19,70,25,69,21,69,18,64,25,64,21,60,21,68,25,63,24,61,24,58,24,55,20,52,28,48,17,51,23,45,25,43,24,44,23,41,26,32,27,33,27,29,32,23,32,0,0,0,0,0,0,0,0,0,0,0,0,0,0,0,0,0,0,0,0,0,0,-16,-62,-9,-64,-13,-56,-9,-60,-11,-54,-8,-53,-18,-47,-11,-45,-17,-43,-16,-39,-14,-41,-18,-30,-18,-31,-16,-23,-20,-22,-19,-15,-23,-16,-19,-5,-18,3,-19,3,-15,6,-19,12,-19,17,-16,16,-9,24,-6,26,-8,29,-6,32,0,28,8,37,10,32,15,38,19,40,26,30,23,33,33,36,33,36,46,29,49,32,56,26,59,23,61,15,69,13,71,10,74,3,77,-3,78,-5,79,-7,87,-17,81,-15,85,-17,93,-29,89,-27,83,-27,88,-39,91,-36,86,-35,0,0]"
CSI_DATA,78,1a:00:00:00:00:00,-49,11,1,0,1,1,1,0,0,0,1,-96,0,11,2,1302216,0,44,0,384,0,"[0,0,0,0,0,0,0,0,0,0,0,0,-7,7,-6,7,-5,6,-4,5,-3,5,-3,4,-2,3,-1,3,-1,2,0,1,0,0,1,0,1,-1,1,-2,2,-3,2,-3,2,-4,2,-5,1,-5,1,-6,1,-7,1,-8,1,-8,0,-9,0,-10,0,-10,0,0,-1,-11,0,-12,-1,-13,-1,-13,-1,-12,-1,-13,-1,-13,-1,-13,-1,-13,0,-13,0,-13,1,-12,1,-12,0,-12,1,-11,1,-11,1,-11,1,-10,1,-10,1,-9,1,-9,2,-8,2,-8,3,-7,3,-7,3,-6,0,0,0,0,0,0,0,0,0,0,0,0,0,0,21,80,14,71,21,67,16,55,18,53,19,48,18,36,19,36,14,31,13,29,14,18,11,14,12,2,9,1,6,0,3,-8,5,-8,-1,-14,-5,-14,-9,-20,-12,-23,-16,-22,-22,-25,-24,-28,-22,-22,-31,-30,-31,-29,-34,-36,-42,-37,-47,-31,-43,-34,-48,-35,-51,-37,-55,-33,-59,-32,-60,-42,-59,-38,-59,-40,-53,-42,-54,-39,-54,-38,-52,-45,-48,-43,-48,-39,-53,-41,-46,-39,-42,-39,-42,-38,-39,-36,-35,-36,-31,-36,-32,-35,-30,-37,-23,-36,-20,-39,-22,-37,-9,-33,0,0,0,0,0,0,0,0,0,0,0,0,0,0,0,0,0,0,0,0,0,0,9,59,2,61,7,58,5,59,3,53,6,51,11,49,10,42,8,46,8,37,14,35,15,31,12,26,17,24,17,17,20,21,15,9,16,6,18,3,16,-6,14,-9,21,-15,16,-16,14,-20,13,-28,12,-23,12,-27,6,-28,4,-30,-2,-37,-6,-39,-14,-41,-16,-33,-21,-40,-27,-39,-31,-36,-29,-37,-39,-37,-44,-35,-48,-35,-55,-27,-60,-25,-67,-24,-73,-25,-66,-16,-72,-4,-73,-13,-81,-6,-83,4,-91,0,-87,4,-87,14,-94,8,-87,8,-97,11,-97,19,-92,19,0,0]"
CSI_DATA,79,1a:00:00:00:00:00,-50,11,1,0,1,1,1,0,0,0,1,-96,0,11,2,1311343,0,44,0,384,0,"[0,0,0,0,0,0,0,0,0,0,0,0,-8,-8,-8,-7,-8,-6,-8,-6,-7,-5,-5,-5,-4,-3,-4,-2,-3,-1,-2,-1,-1,-1,-1,0,0,0,1,1,0,2,3,1,3,1,3,0,4,1,5,1,6,1,7,1,7,0,8,0,9,0,9,0,0,0,11,-1,10,-1,12,-1,12,-1,12,-1,13,0,12,-1,12,-1,13,-1,12,-1,11,0,11,0,12,0,11,0,10,0,11,1,10,1,9,0,9,1,9,1,8,1,8,1,7,1,7,2,6,3,6,3,0,0,0,0,0,0,0,0,0,0,0,0,0,0,-52,-67,-49,-60,-53,-58,-46,-45,-41,-43,-36,-38,-36,-33,-32,-32,-32,-20,-23,-13,-26,-14,-18,-10,-14,-5,-11,-5,-3,2,-3,2,5,5,5,6,6,7,11,13,18,11,18,12,26,9,27,10,29,7,36,12,40,6,44,8,48,7,54,2,58,3,59,7,56,3,65,2,61,2,66,6,69,0,69,-2,65,3,65,10,66,11,64,4,63,10,63,10,64,6,60,8,56,8,51,9,52,10,50,10,47,17,42,12,47,16,35,15,38,18,36,22,30,23,0,0,0,0,0,0,0,0,0,0,0,0,0,0,0,0,0,0,0,0,0,0,-35,-54,-31,-52,-28,-54,-31,-54,-24,-49,-27,-47,-29,-42,-28,-39,-28,-38,-25,-30,-28,-30,-27,-19,-27,-20,-30,-18,-27,-10,-28,-8,-27,0,-22,3,-21,11,-18,12,-18,15,-14,25,-13,21,-10,25,-5,31,0,32,0,34,7,30,5,34,12,36,17,36,21,35,23,35,27,31,40,37,38,30,41,21,46,21,54,19,60,12,65,11,65,-1,68,1,70,-7,72,-12,78,-17,72,-22,74,-29,75,-28,79,-35,78,-39,80,-43,86,-51,75,-44,77,-54,80,-63,74,-61,0,0]"
CSI_DATA,80,1a:00:00:00:00:00,-49,11,1,0,1,1,1,0,0,0,1,-96,0,11,2,1320658,0,44,0,384,0,"[0,0,0,0,0,0,0,0,0,0,0,0,9,2,8,1,8,0,7,0,6,0,5,-1,4,-1,3,-1,2,-1,1,-1,0,-1,0,-1,-1,-1,-2,-1,-3,0,-3,0,-4,1,-4,1,-5,1,-5,2,-6,2,-6,3,-7,4,-7,4,-8,5,-8,6,0,0,-8,7,-9,7,-9,8,-9,8,-9,8,-10,8,-10,8,-10,8,-10,8,-10,8,-10,8,-10,7,-10,7,-10,6,-10,6,-10,6,-9,6,-9,5,-9,5,-8,4,-8,4,-8,3,-8,3,-8,2,-8,1,-7,1,0,0,0,0,0,0,0,0,0,0,0,0,0,0,65,-53,61,-47,53,-51,46,-45,45,-46,35,-31,23,-39,24,-34,21,-28,14,-26,11,-28,12,-19,5,-14,6,-9,0,-7,3,-1,-5,-1,-6,5,-1,14,-6,12,-2,20,-6,17,-6,24,-2,27,-4,32,-6,38,-2,44,3,42,3,44,2,56,11,53,6,55,5,63,12,57,12,64,9,66,9,68,11,71,9,66,7,66,8,64,4,72,11,66,1,71,2,60,3,61,0,59,2,57,0,49,1,51,0,52,-1,47,-3,46,-8,42,-11,37,-13,35,-12,33,0,0,0,0,0,0,0,0,0,0,0,0,0,0,0,0,0,0,0,0,0,0,59,-27,59,-23,55,-23,51,-23,50,-18,45,-17,44,-23,43,-22,39,-25,34,-28,29,-26,27,-31,22,-28,16,-30,16,-26,6,-29,0,-30,-6,-24,-3,-28,-7,-29,-13,-24,-18,-23,-19,-19,-32,-17,-23,-13,-36,-16,-35,-9,-39,-3,-39,-2,-36,3,-41,11,-41,11,-41,16,-40,23,-35,32,-34,38,-27,38,-29,36,-26,47,-19,55,-17,55,-9,65,-6,64,1,71,2,64,19,74,18,72,21,75,24,77,29,75,30,82,43,86,43,85,52,79,53,80,56,77,50,77,0,0]"
CSI_DATA,81,1a:00:00:00:00:00,-49,11,1,0,1,1,1,0,0,0,1,-96,0,11,2,1332582,0,44,0,384,0,"[0,0,0,0,0,0,0,0,0,0,0,0,-11,2,-10,2,-8,2,-8,2,-8,2,-6,2,-5,2,-4,2,-3,1,-2,1,-1,0,0,1,0,0,1,-1,1,-1,3,-1,3,-2,3,-2,3,-3,4,-4,4,-4,5,-5,5,-5,5,-7,6,-7,6,-8,0,0,7,-9,7,-9,7,-10,7,-10,7,-10,8,-10,8,-10,7,-10,8,-10,7,-9,8,-9,8,-9,8,-8,8,-8,8,-8,8,-8,8,-7,7,-7,7,-6,7,-6,7,-5,7,-5,6,-4,7,-3,6,-3,6,-3,0,0,0,0,0,0,0,0,0,0,0,0,0,0,-41,1,-37,1,-37,3,-33,3,-32,6,-27,4,-26,5,-24,5,-19,4,-16,4,-12,6,-11,5,-10,4,-5,2,-2,1,-1,3,3,1,6,2,5,0,10,-4,10,-3,10,-5,11,-8,11,-8,13,-8,16,-12,16,-16,14,-17,17,-18,17,-21,16,-22,18,-24,20,-22,20,-26,18,-23,24,-28,21,-25,22,-28,24,-27,23,-29,23,-27,23,-24,25,-24,24,-24,25,-20,22,-20,23,-21,20,-18,22,-18,19,-19,19,-16,19,-13,21,-15,18,-12,19,-9,18,-8,19,-5,0,0,0,0,0,0,0,0,0,0,0,0,0,0,0,0,0,0,0,0,0,0,-35,2,-31,1,-32,0,-31,0,-29,2,-27,2,-28,2,-24,2,-26,6,-20,8,-21,7,-18,10,-17,12,-14,10,-13,13,-12,15,-9,16,-7,15,-4,19,-5,17,2,16,4,18,4,16,7,19,6,16,11,15,13,14,16,11,15,10,18,10,19,8,21,5,20,3,24,1,25,-2,26,-5,24,-6,22,-11,24,-11,24,-17,26,-18,22,-25,22,-24,19,-30,16,-31,19,-31,17,-35,11,-37,10,-40,10,-41,8,-42,6,-44,5,-48,3,-44,3,-49,0,-47,1,-48,0,0]"
CSI_DATA,82,1a:00:00:00:00:00,-49,11,1,0,1,1,1,0,0,0,1,-96,0,11,2,1340660,0,44,0,384,0,"[0,0,0,0,0,0,0,0,0,0,0,0,-3,-12,-4,-10,-5,-9,-4,-9,-4,-7,-4,-6,-4,-6,-3,-4,-3,-4,-3,-2,-3,-1,-2,0,-2,0,-1,1,-2,2,0,2,0,3,1,3,1,4,2,5,3,4,3,5,4,5,4,6,5,6,6,6,0,0,7,7,7,7,8,7,8,8,8,8,8,8,8,9,8,8,8,9,7,9,7,9,7,9,6,9,6,8,6,8,6,9,6,8,5,7,5,7,4,7,4,8,3,7,3,6,2,7,1,7,0,6,0,0,0,0,0,0,0,0,0,0,0,0,0,0,-11,-37,-11,-39,-12,-34,-15,-29,-13,-25,-12,-24,-11,-21,-10,-20,-12,-16,-12,-15,-10,-11,-8,-7,-8,-7,-7,-6,-7,1,-5,1,-5,1,-1,4,-2,2,1,7,3,10,4,8,5,9,8,12,10,11,13,13,12,12,14,14,20,11,21,13,17,13,22,14,23,13,27,15,27,14,25,17,27,17,28,18,28,17,25,18,27,17,25,19,25,20,24,18,23,18,22,17,21,21,20,19,17,18,17,16,16,17,16,16,13,14,12,15,11,17,9,16,7,17,0,0,0,0,0,0,0,0,0,0,0,0,0,0,0,0,0,0,0,0,0,0,-17,-28,-13,-27,-16,-25,-14,-25,-12,-25,-15,-23,-14,-20,-15,-19,-14,-18,-18,-15,-16,-19,-18,-13,-18,-10,-18,-8,-17,-8,-18,-6,-20,-1,-15,1,-16,1,-16,2,-15,4,-14,7,-16,10,-15,13,-12,14,-10,16,-10,17,-8,18,-7,18,-2,21,-2,17,0,22,2,22,4,20,8,20,9,20,14,19,17,20,17,17,23,17,23,16,26,12,27,13,30,8,34,7,31,8,33,4,39,1,38,-5,38,-2,43,-5,43,-7,47,-7,43,-9,42,-11,45,-13,44,-12,0,0]"
CSI_DATA,83,1a:00:00:00:00:00,-49,11,1,0,1,1,1,0,0,0,1,-96,0,11,2,1350804,0,44,0,384,0,"[0,0,0,0,0,0,0,0,0,0,0,0,0,11,1,11,1,9,1,9,1,8,1,6,1,5,1,5,1,4,2,2,2,2,1,1,2,-1,2,-1,1,-2,1,-3,1,-3,1,-4,0,-5,0,-5,0,-6,-1,-7,-1,-7,-2,-7,-3,-8,-3,-9,0,0,-3,-10,-3,-11,-4,-12,-4,-11,-4,-12,-4,-12,-3,-12,-4,-11,-3,-12,-3,-11,-3,-12,-3,-12,-2,-12,-2,-11,-1,-11,0,-11,-2,-9,-1,-10,-1,-10,0,-9,1,-9,1,-8,1,-8,2,-8,2,-7,3,-6,0,0,0,0,0,0,0,0,0,0,0,0,0,0,-9,42,-10,39,-8,38,-8,34,-4,32,-6,28,-3,26,-1,25,1,20,1,17,-1,16,3,11,3,10,4,8,4,5,6,3,5,2,4,0,6,-1,2,-5,3,-8,3,-7,3,-11,2,-13,1,-13,-1,-18,-2,-20,-1,-19,-1,-22,-2,-25,-4,-23,-3,-27,-6,-26,-8,-29,-5,-30,-6,-30,-7,-30,-5,-29,-4,-31,-5,-34,-3,-34,-3,-33,-4,-31,-2,-31,-1,-30,-1,-30,2,-28,0,-28,1,-24,2,-25,0,-25,3,-26,3,-21,5,-21,7,-20,8,-18,9,-16,0,0,0,0,0,0,0,0,0,0,0,0,0,0,0,0,0,0,0,0,0,0,11,28,10,28,11,28,8,27,8,27,7,25,8,23,8,22,9,22,11,21,12,18,11,15,13,13,13,14,12,10,15,6,17,6,15,3,14,1,17,0,16,-1,18,-4,17,-6,16,-8,16,-9,15,-13,12,-13,12,-13,11,-17,9,-19,8,-20,5,-21,4,-24,3,-22,1,-25,-2,-24,-5,-26,-8,-27,-10,-25,-16,-26,-16,-25,-24,-23,-22,-25,-27,-23,-27,-23,-28,-21,-32,-22,-35,-19,-35,-18,-39,-17,-42,-19,-41,-13,-44,-16,-46,-15,-49,-15,-44,-12,-47,-11,0,0]"
CSI_DATA,84,1a:00:00:00:00:00,-49,11,1,0,1,1,1,0,0,0,1,-96,0,11,2,1370264,0,44,0,384,0,"[0,0,0,0,0,0,0,0,0,0,0,0,3,11,3,9,4,8,3,7,3,6,3,5,3,4,3,3,3,2,2,1,2,1,2,0,1,-1,1,-2,0,-2,0,-3,-1,-3,-1,-4,-2,-4,-3,-5,-3,-5,-4,-6,-4,-6,-5,-7,-6,-7,-7,-7,0,0,-8,-7,-9,-8,-9,-8,-10,-8,-9,-9,-10,-9,-10,-9,-10,-9,-10,-9,-9,-10,-9,-10,-8,-10,-8,-10,-8,-10,-8,-10,-7,-9,-7,-9,-7,-9,-6,-9,-6,-9,-5,-9,-5,-8,-4,-8,-3,-8,-2,-8,-1,-8,0,0,0,0,0,0,0,0,0,0,0,0,0,0,43,1,38,2,37,-3,33,-4,32,-4,27,-1,22,-5,23,-8,19,-7,16,-6,14,-8,11,-5,9,-5,7,-8,5,-7,2,-5,-1,-6,-4,-5,-3,-3,-7,-2,-9,-2,-9,-1,-11,0,-15,3,-14,1,-16,3,-18,7,-20,10,-21,9,-20,12,-22,12,-26,15,-25,13,-24,14,-27,18,-28,16,-29,16,-27,16,-29,16,-29,15,-30,14,-28,15,-31,14,-28,16,-27,10,-28,11,-28,10,-27,11,-27,8,-24,8,-24,6,-23,8,-22,3,-23,3,-22,-2,-20,1,-21,-4,0,0,0,0,0,0,0,0,0,0,0,0,0,0,0,0,0,0,0,0,0,0,30,-10,29,-9,28,-10,26,-9,25,-10,23,-9,24,-11,22,-11,23,-10,18,-13,16,-13,15,-13,14,-16,15,-15,7,-15,8,-15,4,-19,2,-15,0,-17,-1,-19,0,-18,-6,-18,-6,-18,-10,-15,-12,-16,-15,-15,-15,-13,-16,-11,-18,-11,-21,-11,-20,-7,-22,-7,-24,-3,-23,-1,-25,0,-26,3,-26,8,-27,10,-26,10,-24,16,-21,17,-24,22,-22,25,-20,26,-19,30,-21,28,-17,34,-12,36,-17,38,-11,41,-14,44,-8,42,-11,44,-8,44,-8,48,-6,45,-3,45,0,0]"
CSI_DATA,85,1a:00:00:00:00:00,-49,11,1,0,1,1,1,0,0,0,1,-96,0,11,2,1380282,0,44,0,384,0,"[0,0,0,0,0,0,0,0,0,0,0,0,10,0,10,-1,8,-1,8,-1,6,-1,6,-1,5,-2,3,-2,3,-2,2,-2,1,-2,0,-2,-1,-2,-2,-2,-2,-2,-3,-2,-4,-1,-5,-1,-5,-1,-6,0,-7,1,-7,1,-7,1,-8,2,-9,2,-10,2,0,0,-10,3,-10,3,-12,4,-11,4,-12,4,-12,3,-12,4,-12,3,-13,4,-12,3,-12,3,-12,3,-12,2,-12,2,-11,1,-11,1,-10,1,-10,1,-10,1,-9,1,-9,0,-10,-1,-8,-1,-8,-1,-8,-2,-7,-3,0,0,0,0,0,0,0,0,0,0,0,0,0,0,69,37,66,33,66,22,54,22,56,19,50,19,48,11,42,8,39,5,37,4,31,1,26,-1,18,-7,11,-6,11,-7,1,-10,3,-11,-6,-10,-8,-10,-15,-12,-15,-11,-21,-7,-24,-6,-28,-6,-31,-4,-37,-9,-35,-4,-43,3,-46,0,-51,5,-56,6,-54,8,-56,6,-59,13,-67,12,-72,7,-67,15,-67,11,-68,7,-68,5,-66,2,-72,7,-63,1,-66,2,-65,-1,-64,1,-61,-4,-58,-7,-53,-3,-49,-4,-47,-7,-51,-8,-49,-9,-42,-16,-43,-13,-39,-14,-34,-19,0,0,0,0,0,0,0,0,0,0,0,0,0,0,0,0,0,0,0,0,0,0,59,12,59,14,59,14,56,17,54,16,49,11,44,6,45,8,46,4,39,2,41,0,34,-4,40,-7,34,-11,32,-12,29,-19,23,-21,19,-23,20,-28,17,-31,4,-31,6,-35,7,-38,-2,-35,-2,-31,-10,-37,-11,-35,-23,-34,-23,-36,-25,-32,-32,-28,-37,-29,-37,-25,-45,-27,-47,-20,-47,-10,-52,-10,-48,-3,-53,2,-62,9,-57,14,-60,24,-64,26,-62,30,-59,31,-65,49,-57,47,-56,54,-57,54,-57,59,-53,62,-49,69,-51,70,-54,67,-46,79,-49,77,-49,73,0,0]"
CSI_DATA,86,1a:00:00:00:00:00,-49,11,1,0,1,1,1,0,0,0,1,-96,0,11,2,1390269,0,44,0,384,0,"[0,0,0,0,0,0,0,0,0,0,0,0,8,-7,7,-8,6,-7,5,-6,4,-6,3,-6,2,-5,1,-5,1,-4,0,-3,-2,-3,-2,-2,-3,-1,-3,0,-3,1,-4,1,-4,1,-5,2,-4,3,-5,4,-5,4,-6,5,-6,5,-6,6,-6,7,-6,8,0,0,-6,9,-7,9,-7,11,-7,10,-7,10,-7,11,-7,11,-8,11,-8,11,-8,11,-8,10,-9,10,-9,9,-8,9,-9,8,-9,8,-8,7,-8,7,-8,7,-7,6,-8,5,-8,5,-8,5,-8,4,-8,3,-8,2,0,0,0,0,0,0,0,0,0,0,0,0,0,0,70,-37,59,-29,57,-39,56,-30,46,-31,39,-24,35,-32,35,-32,25,-25,18,-21,17,-21,8,-17,5,-21,-4,-18,-4,-9,-4,-7,-10,-4,-17,2,-13,5,-13,11,-25,11,-24,10,-23,17,-25,18,-27,20,-29,27,-25,30,-28,39,-35,39,-33,42,-34,42,-36,47,-34,49,-41,53,-33,54,-39,52,-43,54,-41,56,-47,55,-46,56,-41,53,-37,52,-40,48,-44,53,-44,46,-42,48,-44,43,-44,42,-37,38,-39,36,-40,33,-35,30,-42,26,-39,28,-40,24,-37,17,-40,11,0,0,0,0,0,0,0,0,0,0,0,0,0,0,0,0,0,0,0,0,0,0,45,-38,45,-34,40,-34,41,-38,40,-32,38,-28,34,-32,31,-27,27,-29,21,-32,21,-33,17,-29,11,-33,10,-31,7,-26,3,-31,-2,-29,-8,-25,-13,-26,-13,-21,-17,-23,-22,-17,-23,-18,-26,-14,-32,-12,-35,-7,-30,-10,-40,-2,-38,1,-48,3,-38,13,-46,15,-42,16,-39,24,-38,29,-36,29,-37,36,-30,45,-29,45,-26,51,-20,55,-17,55,-11,63,-6,67,-5,64,3,75,1,74,6,76,10,82,17,83,21,80,28,78,33,87,26,81,39,84,30,79,32,83,0,0]"
CSI_DATA,87,1a:00:00:00:00:00,-49,11,1,0,1,1,1,0,0,0,1,-96,0,11,2,1400308,0,44,0,384,0,"[0,0,0,0,0,0,0,0,0,0,0,0,10,2,9,0,8,0,8,0,7,0,5,0,4,-2,3,-2,3,-2,2,-2,1,-2,0,-3,-1,-3,-1,-3,-2,-3,-3,-3,-4,-3,-5,-3,-5,-3,-5,-2,-6,-2,-7,-2,-8,-2,-9,-1,-10,-2,-10,-1,0,0,-10,-1,-12,-1,-13,-1,-13,-1,-12,-1,-13,-2,-13,-2,-13,-2,-13,-2,-13,-3,-13,-2,-12,-3,-12,-4,-11,-4,-12,-3,-11,-4,-11,-4,-10,-4,-9,-4,-9,-4,-9,-5,-8,-5,-8,-6,-7,-6,-6,-6,-5,-6,0,0,0,0,0,0,0,0,0,0,0,0,0,0,75,19,69,20,69,10,55,11,54,11,52,5,50,7,44,1,31,-8,29,-8,27,-7,22,-11,11,-7,12,-9,9,-11,1,-9,0,-15,-6,-16,-9,-11,-17,-9,-20,-8,-30,-13,-28,-8,-32,-9,-31,-10,-38,-2,-39,-3,-43,0,-47,1,-56,4,-51,3,-58,4,-59,2,-66,3,-62,6,-71,2,-68,5,-68,6,-68,2,-67,-1,-65,-4,-66,-5,-66,-3,-68,-4,-61,-8,-60,-8,-59,-15,-60,-11,-56,-15,-52,-13,-50,-10,-48,-18,-47,-13,-40,-18,-43,-24,-36,-22,-31,-24,0,0,0,0,0,0,0,0,0,0,0,0,0,0,0,0,0,0,0,0,0,0,54,-14,52,-9,50,-12,48,-11,45,-7,42,-7,41,-12,40,-15,32,-12,32,-16,27,-16,27,-17,25,-21,16,-16,14,-17,10,-18,11,-25,4,-27,-3,-26,-6,-28,-8,-24,-13,-28,-18,-26,-18,-22,-20,-24,-27,-24,-28,-19,-34,-13,-35,-21,-42,-16,-38,-16,-42,-4,-46,-2,-44,-4,-46,0,-48,8,-52,12,-48,21,-48,24,-49,29,-49,33,-52,43,-44,47,-43,52,-44,50,-43,56,-41,61,-35,70,-33,67,-38,77,-35,75,-31,84,-37,85,-27,80,-25,89,-23,91,-28,92,0,0]"
CSI_DATA,88,1a:00:00:00:00:00,-48,11,1,0,1,1,1,0,0,0,1,-96,0,11,2,1410259,0,44,0,384,0,"[0,0,0,0,0,0,0,0,0,0,0,0,10,-4,9,-4,8,-5,7,-4,6,-4,5,-4,4,-4,3,-4,2,-4,1,-3,0,-3,-1,-3,-2,-3,-2,-3,-3,-2,-4,-2,-4,-1,-5,-1,-5,0,-6,0,-6,1,-7,1,-7,2,-8,3,-9,3,-9,4,0,0,-10,4,-10,5,-11,5,-11,6,-11,5,-11,5,-12,5,-12,5,-12,5,-12,4,-12,4,-12,4,-12,4,-12,3,-12,3,-12,2,-11,2,-11,2,-10,1,-10,1,-10,0,-10,0,-9,-1,-9,-1,-9,-2,-8,-3,0,0,0,0,0,0,0,0,0,0,0,0,0,0,7,-40,8,-37,6,-35,4,-31,2,-30,1,-28,2,-27,-4,-23,-2,-22,-4,-17,-5,-17,-5,-12,-6,-9,-5,-7,-7,-7,-7,-3,-7,0,-9,2,-7,3,-8,6,-9,6,-8,9,-4,10,-6,18,-4,13,-5,18,-4,18,-1,21,-1,22,-1,25,0,27,-1,29,1,29,1,29,2,33,2,30,1,34,1,30,0,33,-1,36,0,30,-5,32,-5,31,-4,34,-6,31,-5,29,-6,29,-7,28,-6,25,-8,25,-9,23,-10,22,-8,22,-12,20,-13,19,-13,16,-16,14,0,0,0,0,0,0,0,0,0,0,0,0,0,0,0,0,0,0,0,0,0,0,-10,-25,-7,-24,-8,-28,-5,-25,-7,-23,-7,-20,-8,-17,-6,-20,-6,-18,-8,-16,-9,-13,-9,-12,-11,-10,-13,-8,-11,-6,-12,-6,-15,-1,-12,-2,-13,2,-12,2,-11,6,-14,7,-14,9,-13,11,-11,12,-12,14,-9,15,-8,15,-7,17,-4,19,-2,18,-2,22,1,23,2,22,6,26,9,25,10,24,10,25,12,23,17,24,19,26,24,22,25,21,29,22,28,21,29,17,33,19,37,19,36,16,40,15,41,15,44,14,47,14,46,14,48,12,45,10,46,9,0,0]"
CSI_DATA,89,1a:00:00:00:00:00,-49,11,1,0,1,1,1,0,0,0,1,-96,0,11,2,1420275,0,44,0,384,0,"[0,0,0,0,0,0,0,0,0,0,0,0,3,-13,2,-11,0,-11,0,-10,-1,-9,0,-8,-1,-7,-2,-7,-2,-6,-3,-4,-3,-4,-3,-2,-3,-2,-4,-1,-4,0,-4,1,-3,1,-4,1,-3,3,-4,4,-4,4,-4,5,-4,5,-4,6,-4,7,-4,8,0,0,-3,9,-4,10,-4,10,-4,11,-4,10,-5,11,-5,11,-5,10,-6,10,-7,10,-7,11,-6,10,-6,10,-7,9,-7,9,-7,8,-7,8,-7,7,-7,7,-6,6,-7,6,-7,5,-7,4,-7,4,-8,3,-8,2,0,0,0,0,0,0,0,0,0,0,0,0,0,0,6,-42,7,-36,5,-40,1,-34,2,-32,1,-29,2,-25,-3,-24,0,-22,-1,-20,-5,-17,-5,-16,-5,-12,-6,-9,-8,-9,-8,-7,-7,-2,-9,0,-8,1,-9,4,-8,6,-7,7,-6,10,-6,14,-5,12,-5,16,-8,16,-4,20,-3,19,-4,22,-5,22,-5,26,-3,23,-2,27,-2,30,-5,31,-4,32,-4,30,-4,31,-7,29,-8,30,-7,31,-9,29,-10,31,-8,28,-10,28,-9,25,-11,23,-10,25,-10,24,-10,21,-13,20,-13,19,-14,19,-14,16,-15,14,-16,10,0,0,0,0,0,0,0,0,0,0,0,0,0,0,0,0,0,0,0,0,0,0,-13,-23,-11,-22,-12,-21,-11,-20,-12,-20,-10,-19,-12,-14,-11,-15,-10,-14,-14,-14,-11,-13,-11,-9,-12,-8,-11,-6,-9,-5,-13,-1,-12,1,-12,1,-12,3,-13,5,-11,8,-13,8,-11,13,-11,11,-8,14,-8,18,-6,15,-6,17,-6,17,-1,20,-3,19,2,24,3,24,4,21,8,24,8,23,9,22,16,22,16,23,21,22,21,20,22,24,25,21,30,20,29,20,35,20,35,16,38,13,38,14,40,12,40,14,45,13,45,14,43,10,48,13,48,10,46,8,0,0]"
CSI_DATA,90,1a:00:00:00:00:00,-49,11,1,0,1,1,1,0,0,0,1,-96,0,11,2,1430285,0,44,0,384,0,"[0,0,0,0,0,0,0,0,0,0,0,0,0,-13,0,-12,-2,-11,-2,-10,-2,-9,-1,-8,-2,-7,-2,-6,-3,-5,-3,-4,-3,-4,-3,-3,-4,-1,-4,-1,-3,0,-4,0,-3,2,-4,2,-3,3,-3,4,-3,5,-3,5,-3,5,-2,6,-2,7,-3,7,0,0,-2,9,-3,10,-2,10,-2,11,-3,10,-3,11,-3,12,-3,11,-4,11,-4,11,-4,11,-5,10,-5,9,-5,9,-5,9,-6,9,-6,8,-6,7,-6,7,-6,7,-6,6,-6,6,-6,5,-6,4,-7,3,-6,3,0,0,0,0,0,0,0,0,0,0,0,0,0,0,3,-44,2,-40,-1,-36,0,-36,0,-33,-1,-29,-4,-25,-3,-25,-2,-23,-7,-18,-7,-18,-5,-14,-8,-13,-7,-10,-7,-10,-8,-5,-10,-4,-6,-2,-8,-3,-8,3,-11,7,-8,6,-6,10,-6,9,-4,13,-6,15,-8,16,-5,20,-6,22,-5,23,-6,23,-6,25,-5,24,-5,29,-3,28,-7,31,-7,31,-5,31,-8,33,-10,29,-8,30,-11,30,-11,29,-13,27,-13,28,-11,27,-11,24,-14,26,-14,22,-14,21,-16,21,-16,17,-14,17,-16,15,-18,14,-16,9,-18,9,0,0,0,0,0,0,0,0,0,0,0,0,0,0,0,0,0,0,0,0,0,0,-21,-16,-19,-15,-19,-15,-18,-15,-16,-15,-16,-13,-16,-10,-14,-11,-17,-8,-15,-7,-14,-5,-12,-3,-14,-1,-14,0,-15,0,-12,3,-13,5,-11,4,-10,8,-8,10,-11,9,-8,14,-7,15,-7,14,-4,19,-4,17,-4,19,-2,20,-1,21,2,23,5,20,5,21,8,25,10,22,11,21,15,23,14,22,18,22,20,21,25,21,24,18,31,16,31,17,33,15,35,16,39,10,38,11,41,11,41,11,45,10,45,7,47,6,48,7,49,6,51,4,47,5,51,5,0,0]"
CSI_DATA,91,1a:00:00:00:00:00,-48,11,1,0,1,1,1,0,0,0,1,-96,0,11,2,1470955,0,44,0,384,0,"[0,0,0,0,0,0,0,0,0,0,0,0,0,11,0,9,1,9,1,8,1,6,1,6,2,5,2,4,2,3,2,2,1,1,2,0,2,-1,2,-2,2,-3,1,-3,1,-4,0,-5,1,-6,1,-6,1,-6,0,-8,0,-8,-1,-9,-1,-10,-1,-10,0,0,-2,-11,-2,-11,-2,-12,-2,-12,-1,-12,-2,-13,-2,-13,-2,-13,-1,-13,-1,-12,0,-13,0,-12,0,-11,0,-12,1,-11,1,-11,1,-11,1,-10,1,-10,2,-10,2,-9,2,-8,2,-8,3,-7,4,-7,4,-6,0,0,0,0,0,0,0,0,0,0,0,0,0,0,-6,42,-4,38,0,35,0,32,1,32,1,27,4,24,4,23,0,18,5,16,6,15,8,11,6,8,3,6,5,4,6,0,6,-2,6,-4,5,-7,6,-6,3,-13,5,-8,2,-15,0,-16,1,-16,2,-22,-1,-20,-3,-23,-4,-24,-5,-26,-5,-27,-6,-29,-5,-29,-7,-30,-8,-31,-6,-33,-6,-33,-6,-35,-6,-34,-4,-34,-3,-35,-3,-35,-2,-32,-2,-34,-1,-32,-4,-30,0,-32,0,-30,0,-27,1,-25,2,-26,3,-26,4,-23,6,-22,7,-21,9,-20,10,-16,0,0,0,0,0,0,0,0,0,0,0,0,0,0,0,0,0,0,0,0,0,0,9,21,6,20,7,19,8,20,7,17,8,13,8,14,6,10,8,9,9,10,8,9,10,4,11,2,10,1,9,-1,10,-2,13,-6,11,-6,13,-8,10,-8,12,-11,9,-15,8,-14,8,-18,9,-17,6,-21,7,-19,4,-23,1,-21,1,-26,0,-24,-4,-28,-7,-26,-8,-28,-10,-27,-11,-26,-12,-24,-17,-25,-21,-24,-23,-22,-25,-22,-29,-23,-30,-24,-33,-19,-33,-18,-38,-18,-39,-19,-41,-12,-44,-12,-44,-12,-45,-10,-47,-9,-49,-11,-44,-8,-49,-9,-49,-7,-46,-7,0,0]"
CSI_DATA,92,1a:00:00:00:00:00,-48,11,1,0,1,1,1,0,0,0,1,-96,0,11,2,1500218,0,44,0,384,0,"[0,0,0,0,0,0,0,0,0,0,0,0,-8,9,-7,8,-5,8,-5,7,-4,7,-3,6,-2,6,-2,5,-1,4,0,3,0,3,1,2,1,1,2,0,2,0,3,-1,3,-2,3,-2,3,-3,4,-4,4,-5,4,-6,4,-6,4,-7,4,-8,4,-9,0,0,5,-10,5,-10,5,-11,5,-12,5,-11,6,-12,6,-12,6,-12,6,-12,7,-11,7,-12,7,-11,7,-10,7,-10,7,-10,7,-10,7,-9,7,-9,7,-8,7,-8,7,-7,7,-7,7,-6,7,-5,7,-4,7,-3,0,0,0,0,0,0,0,0,0,0,0,0,0,0,33,75,33,71,36,65,31,60,34,57,28,46,29,42,32,38,25,29,25,26,24,19,26,16,20,11,17,2,16,5,12,2,13,-8,9,-12,5,-10,7,-11,-3,-24,-1,-22,-9,-22,-12,-26,-15,-26,-17,-31,-22,-30,-26,-32,-26,-39,-33,-42,-26,-40,-34,-48,-37,-44,-36,-43,-39,-45,-36,-53,-37,-56,-40,-51,-38,-54,-35,-56,-37,-55,-32,-55,-38,-57,-31,-57,-33,-53,-30,-54,-28,-52,-23,-53,-22,-47,-16,-46,-18,-48,-20,-49,-13,-47,-13,-42,-7,-46,-4,-41,3,-44,0,0,0,0,0,0,0,0,0,0,0,0,0,0,0,0,0,0,0,0,0,0,36,24,30,27,32,27,28,23,28,24,25,18,24,15,27,13,22,15,22,14,20,5,20,4,18,-3,17,-6,14,-8,14,-13,13,-17,13,-20,4,-25,10,-22,5,-28,5,-33,1,-36,-3,-38,-4,-36,-13,-42,-13,-41,-14,-40,-15,-38,-24,-42,-19,-43,-29,-42,-27,-38,-40,-35,-40,-31,-43,-35,-41,-28,-50,-27,-58,-28,-64,-18,-59,-16,-68,-11,-63,-11,-75,-4,-74,-1,-69,4,-76,8,-77,15,-80,22,-85,23,-91,24,-87,31,-90,28,-90,36,-96,36,-88,38,-88,40,0,0]"
CSI_DATA,93,1a:00:00:00:00:00,-48,11,1,0,1,1,1,0,0,0,1,-96,0,11,2,1510683,0,44,0,384,0,"[0,0,0,0,0,0,0,0,0,0,0,0,11,-4,10,-4,9,-4,8,-4,7,-4,6,-4,5,-5,4,-4,3,-4,2,-4,1,-4,0,-4,0,-3,-2,-3,-2,-3,-4,-3,-4,-2,-4,-2,-5,-1,-5,-1,-6,-1,-7,0,-7,0,-8,0,-9,1,-9,1,0,0,-10,2,-11,2,-11,2,-11,3,-12,2,-12,2,-13,2,-12,2,-13,2,-13,1,-13,1,-13,0,-12,0,-12,0,-12,0,-11,-1,-12,-1,-11,-1,-11,-1,-10,-1,-9,-2,-9,-2,-9,-3,-8,-3,-8,-4,-7,-5,0,0,0,0,0,0,0,0,0,0,0,0,0,0,42,-16,35,-12,36,-17,31,-15,29,-14,24,-12,23,-12,24,-15,16,-14,16,-16,12,-14,10,-12,7,-9,4,-9,2,-10,2,-9,-2,-10,-3,-8,-4,-6,-6,-6,-11,-5,-11,-4,-14,1,-13,1,-14,2,-17,3,-17,4,-20,6,-23,6,-23,8,-23,9,-25,8,-24,10,-27,11,-28,12,-32,11,-31,13,-32,12,-34,10,-29,8,-31,8,-34,9,-33,8,-34,7,-31,5,-33,5,-33,4,-28,4,-29,5,-26,3,-25,2,-26,-1,-24,-2,-22,-4,-24,-5,-22,-6,-20,-9,0,0,0,0,0,0,0,0,0,0,0,0,0,0,0,0,0,0,0,0,0,0,9,-22,11,-21,9,-19,10,-18,10,-16,9,-14,7,-16,6,-15,2,-15,2,-14,1,-12,0,-10,-4,-10,-5,-11,-3,-9,-7,-8,-10,-7,-8,-7,-12,-8,-12,-6,-17,-4,-16,-3,-18,-1,-20,0,-19,1,-21,3,-20,5,-21,4,-21,5,-22,12,-20,11,-23,14,-18,16,-20,14,-19,18,-16,21,-15,21,-15,24,-11,25,-10,30,-9,30,-5,30,-7,34,-3,35,0,35,0,39,3,38,7,40,12,43,6,43,10,45,13,42,12,46,12,46,16,47,17,48,17,44,0,0]"
CSI_DATA,94,1a:00:00:00:00:00,-48,11,1,0,1,1,1,0,0,0,1,-96,0,11,2,1521315,0,44,0,384,0,"[0,0,0,0,0,0,0,0,0,0,0,0,-9,-9,-8,-8,-8,-7,-9,-6,-7,-5,-7,-4,-7,-3,-6,-2,-6,-2,-4,-1,-5,0,-4,1,-4,1,-3,1,-3,2,-2,3,0,3,-1,3,0,4,1,5,1,5,2,6,2,6,3,6,3,7,4,7,0,0,5,8,5,9,6,9,7,10,6,9,6,10,7,10,6,10,6,11,6,10,5,12,4,11,4,11,4,10,3,10,4,11,3,10,3,9,2,9,2,9,1,9,0,9,0,9,0,8,-2,8,-3,7,0,0,0,0,0,0,0,0,0,0,0,0,0,0,-89,20,-80,18,-76,27,-66,20,-65,19,-57,20,-59,23,-46,24,-45,23,-35,18,-32,22,-26,22,-21,23,-21,21,-13,17,-7,18,-5,18,3,16,10,15,11,15,18,9,19,12,16,9,27,9,34,7,36,9,36,1,42,1,45,0,48,-4,47,-5,55,-3,57,-2,60,-5,60,-6,65,-2,63,0,69,-5,68,2,73,5,66,1,61,8,66,10,68,10,61,10,60,14,60,12,60,15,56,13,51,18,49,18,47,18,47,19,43,24,42,25,33,28,29,29,0,0,0,0,0,0,0,0,0,0,0,0,0,0,0,0,0,0,0,0,0,0,-9,48,-12,43,-14,42,-14,40,-10,36,-11,36,-9,30,-5,29,-6,31,-2,22,0,26,2,22,4,24,9,20,10,17,13,14,17,14,19,11,22,4,22,8,29,1,34,1,31,-5,34,0,36,-10,39,-10,42,-8,37,-16,39,-18,39,-22,38,-25,42,-30,38,-33,34,-37,33,-37,31,-45,26,-45,27,-49,19,-54,14,-64,19,-64,10,-65,6,-66,2,-74,-1,-70,-1,-78,-4,-82,-18,-78,-15,-86,-24,-88,-21,-93,-29,-94,-25,-97,-23,-91,-29,-97,-29,-100,-25,-101,0,0]"
CSI_DATA,95,1a:00:00:00:00:00,-48,11,1,0,1,1,1,0,0,0,1,-96,0,11,2,1530264,0,44,0,384,0,"[0,0,0,0,0,0,0,0,0,0,0,0,2,12,2,11,3,10,3,10,3,8,2,7,3,6,2,5,3,4,3,3,3,3,3,1,4,1,3,0,3,-1,3,-3,3,-3,3,-3,3,-4,3,-5,2,-5,2,-7,2,-7,2,-9,1,-9,2,-9,0,0,1,-11,2,-12,2,-12,1,-12,1,-12,2,-13,2,-13,2,-13,3,-13,3,-12,3,-13,4,-12,4,-11,4,-12,5,-11,5,-11,4,-10,5,-10,5,-10,5,-9,5,-8,5,-8,5,-7,6,-6,6,-6,6,-5,0,0,0,0,0,0,0,0,0,0,0,0,0,0,-1,42,-2,43,1,40,-1,35,0,33,2,29,2,27,5,26,7,22,7,20,7,17,6,13,7,11,10,10,9,9,9,7,10,4,10,0,7,-1,11,-3,10,-5,10,-7,9,-10,11,-13,10,-13,9,-15,11,-18,8,-22,7,-20,6,-23,5,-25,7,-27,10,-29,8,-27,9,-30,11,-31,12,-33,9,-31,12,-34,15,-28,15,-29,14,-29,15,-30,17,-28,16,-28,18,-28,16,-26,16,-22,17,-20,18,-22,17,-20,17,-19,17,-15,17,-16,19,-15,18,-12,17,-7,0,0,0,0,0,0,0,0,0,0,0,0,0,0,0,0,0,0,0,0,0,0,23,6,18,7,18,8,20,9,17,8,16,7,14,5,13,5,15,5,12,4,12,3,13,0,11,-2,10,-4,7,-5,6,-6,6,-7,6,-8,6,-11,5,-13,5,-12,4,-16,2,-18,0,-17,0,-17,-3,-18,-3,-20,-2,-19,-6,-20,-9,-21,-10,-18,-9,-22,-13,-22,-13,-19,-18,-20,-16,-19,-21,-17,-22,-19,-24,-16,-27,-13,-26,-14,-29,-14,-32,-13,-35,-13,-34,-10,-36,-7,-38,-6,-39,-4,-41,-6,-44,-3,-48,-2,-46,0,-49,0,-49,-3,-51,3,-48,1,-50,-2,0,0]"
CSI_DATA,96,1a:00:00:00:00:00,-48,11,1,0,1,1,1,0,0,0,1,-96,0,11,2,1542220,0,44,0,384,0,"[0,0,0,0,0,0,0,0,0,0,0,0,11,-1,10,-1,9,-2,9,-2,8,-2,7,-3,6,-3,5,-4,4,-3,3,-3,3,-4,2,-4,1,-4,0,-4,0,-4,-1,-4,-2,-4,-3,-4,-3,-4,-4,-4,-5,-4,-6,-4,-6,-5,-7,-5,-8,-5,-8,-5,0,0,-9,-5,-9,-5,-11,-6,-11,-5,-10,-6,-10,-6,-11,-6,-11,-7,-11,-6,-11,-8,-10,-7,-9,-8,-9,-8,-9,-8,-9,-8,-8,-8,-7,-8,-7,-8,-6,-8,-6,-8,-5,-8,-5,-8,-4,-8,-3,-8,-3,-8,-2,-7,0,0,0,0,0,0,0,0,0,0,0,0,0,0,40,-10,42,-7,39,-9,32,-10,31,-9,27,-7,25,-10,24,-10,21,-10,18,-11,13,-11,13,-12,11,-12,7,-10,9,-10,3,-13,2,-12,-2,-12,-4,-12,-6,-10,-10,-9,-9,-9,-10,-7,-15,-8,-15,-6,-19,-5,-21,-5,-22,-5,-24,-4,-24,-7,-25,-6,-30,-7,-27,-6,-30,-5,-30,-2,-32,-7,-32,-6,-33,-7,-34,-7,-31,-6,-31,-12,-33,-11,-32,-12,-32,-11,-30,-13,-31,-12,-30,-14,-26,-14,-25,-15,-25,-14,-21,-14,-22,-15,-20,-14,-17,-16,-16,-16,-14,-18,-10,-18,0,0,0,0,0,0,0,0,0,0,0,0,0,0,0,0,0,0,0,0,0,0,3,-24,5,-24,4,-23,7,-23,5,-20,5,-21,6,-17,1,-17,2,-14,2,-14,-1,-14,-1,-12,-4,-10,-4,-11,-6,-9,-7,-8,-10,-7,-10,-9,-11,-7,-13,-3,-12,-2,-15,0,-14,1,-15,2,-17,2,-20,6,-20,4,-20,5,-17,8,-22,10,-16,11,-21,12,-19,16,-15,17,-16,18,-14,21,-14,22,-12,23,-12,25,-13,28,-9,31,-7,32,-9,34,-5,37,-3,34,4,38,2,37,4,40,5,39,3,43,5,45,9,46,8,46,9,46,7,50,11,51,10,48,0,0]"
CSI_DATA,97,1a:00:00:00:00:00,-48,11,1,0,1,1,1,0,0,0,1,-96,0,11,2,1560243,0,44,0,384,0,"[0,0,0,0,0,0,0,0,0,0,0,0,12,-3,11,-3,9,-3,9,-3,8,-3,7,-3,6,-4,5,-4,4,-4,3,-4,3,-5,2,-4,1,-4,0,-4,-1,-4,-2,-5,-3,-4,-4,-4,-4,-4,-5,-4,-5,-4,-6,-4,-6,-4,-7,-4,-8,-4,-9,-4,0,0,-9,-4,-10,-4,-10,-5,-11,-5,-11,-5,-10,-6,-11,-6,-11,-6,-11,-6,-11,-7,-11,-7,-9,-7,-9,-8,-9,-8,-9,-8,-8,-8,-8,-8,-7,-7,-7,-8,-6,-7,-6,-7,-5,-8,-4,-8,-3,-8,-2,-8,-2,-7,0,0,0,0,0,0,0,0,0,0,0,0,0,0,42,-15,37,-11,36,-16,33,-10,30,-15,28,-14,25,-15,22,-13,22,-14,19,-13,14,-14,12,-12,11,-11,9,-12,7,-14,3,-12,0,-14,-2,-11,-5,-11,-6,-9,-10,-10,-11,-10,-13,-9,-14,-9,-16,-6,-19,-9,-20,-5,-22,-3,-24,-5,-26,-4,-27,-4,-30,-4,-28,-8,-33,-7,-29,-4,-31,-6,-34,-6,-33,-6,-34,-11,-32,-9,-32,-7,-30,-11,-32,-11,-34,-12,-30,-12,-28,-13,-27,-15,-26,-14,-22,-15,-21,-13,-19,-16,-20,-17,-18,-16,-16,-16,-13,-17,-13,-18,-9,-18,0,0,0,0,0,0,0,0,0,0,0,0,0,0,0,0,0,0,0,0,0,0,-8,-27,-4,-25,-4,-25,-3,-25,-3,-22,-1,-22,-4,-18,-4,-18,-2,-16,-5,-14,-6,-13,-5,-14,-8,-13,-7,-10,-9,-9,-8,-9,-10,-5,-13,-2,-13,-2,-14,-3,-15,-2,-15,2,-14,3,-16,7,-18,8,-15,10,-18,7,-19,10,-16,12,-17,12,-15,14,-18,19,-16,17,-15,20,-16,23,-12,21,-7,25,-7,26,-5,26,-3,30,-6,31,-1,33,0,33,3,33,4,36,9,36,7,37,10,39,10,42,12,42,15,42,17,44,15,48,15,43,18,48,17,49,16,46,0,0]"
CSI_DATA,98,1a:00:00:00:00:00,-48,11,1,0,1,1,1,0,0,0,1,-96,0,11,2,1570266,0,44,0,384,0,"[0,0,0,0,0,0,0,0,0,0,0,0,12,0,11,1,10,0,10,0,9,-1,8,-1,7,-2,6,-3,5,-2,4,-3,4,-3,2,-4,2,-4,1,-4,1,-4,0,-4,-2,-4,-2,-5,-3,-5,-3,-5,-4,-5,-5,-5,-5,-5,-6,-5,-7,-6,-7,-5,0,0,-9,-6,-9,-6,-10,-6,-10,-7,-10,-6,-10,-7,-10,-7,-10,-7,-11,-7,-10,-8,-10,-8,-9,-9,-8,-8,-9,-9,-7,-8,-8,-9,-7,-9,-6,-8,-6,-8,-6,-8,-5,-8,-5,-8,-4,-8,-3,-8,-2,-8,-1,-8,0,0,0,0,0,0,0,0,0,0,0,0,0,0,43,9,41,10,38,7,35,5,33,5,30,1,30,2,27,2,24,-1,21,-1,21,-4,16,-4,16,-6,14,-5,11,-6,9,-8,8,-11,4,-9,5,-10,0,-9,-4,-12,-4,-11,-6,-12,-9,-11,-10,-12,-13,-14,-14,-15,-17,-14,-16,-16,-21,-15,-21,-16,-23,-17,-24,-19,-24,-16,-25,-17,-26,-19,-25,-20,-24,-20,-28,-22,-24,-21,-26,-21,-23,-23,-25,-24,-23,-23,-19,-21,-20,-25,-19,-23,-18,-24,-14,-21,-15,-21,-14,-21,-14,-23,-9,-21,-9,-23,-6,-21,-5,-23,-2,-21,0,0,0,0,0,0,0,0,0,0,0,0,0,0,0,0,0,0,0,0,0,0,12,-25,13,-23,13,-22,14,-20,14,-21,10,-19,11,-16,9,-18,8,-18,7,-15,8,-17,7,-14,3,-16,2,-17,1,-14,-2,-12,-7,-12,-4,-12,-8,-11,-9,-13,-9,-8,-14,-12,-14,-10,-14,-9,-18,-6,-19,-5,-18,-6,-20,-4,-20,-3,-22,0,-21,0,-23,1,-23,2,-26,5,-24,6,-23,9,-22,13,-21,13,-21,14,-22,22,-20,20,-22,23,-17,26,-19,30,-17,28,-15,30,-16,31,-13,38,-12,40,-15,42,-11,42,-11,44,-12,47,-11,46,-13,49,-11,50,-11,50,0,0]"
CSI_DATA,99,1a:00:00:00:00:00,-48,11,1,0,1,1,1,0,0,0,1,-96,0,11,2,1580798,0,44,0,384,0,"[0,0,0,0,0,0,0,0,0,0,0,0,10,6,9,6,9,5,9,5,8,4,7,3,7,2,6,1,5,1,5,0,4,-1,4,-1,4,-2,3,-2,2,-3,1,-4,0,-5,-1,-4,0,-5,-2,-5,-2,-5,-3,-6,-3,-6,-5,-7,-4,-7,-5,-7,0,0,-7,-8,-6,-8,-8,-9,-8,-9,-7,-10,-8,-10,-8,-10,-7,-10,-7,-10,-7,-10,-7,-11,-6,-11,-6,-11,-6,-11,-5,-10,-5,-11,-4,-10,-4,-10,-3,-10,-3,-9,-2,-9,-2,-9,-2,-8,-1,-9,0,-8,1,-8,0,0,0,0,0,0,0,0,0,0,0,0,0,0,62,64,55,55,58,49,55,49,55,42,49,40,45,35,44,29,41,26,41,16,39,19,30,15,32,10,27,0,28,2,20,-7,19,-13,19,-15,9,-16,11,-19,7,-21,0,-21,-3,-24,-4,-32,-5,-31,-7,-38,-14,-33,-22,-38,-23,-41,-27,-41,-28,-38,-29,-40,-26,-41,-37,-51,-38,-46,-33,-52,-32,-53,-40,-55,-31,-54,-32,-57,-32,-61,-30,-62,-31,-60,-31,-60,-24,-53,-24,-57,-21,-58,-19,-53,-15,-54,-13,-49,-10,-51,-4,-47,-7,-46,-1,-44,-2,-45,2,-41,8,-35,0,0,0,0,0,0,0,0,0,0,0,0,0,0,0,0,0,0,0,0,0,0,52,-22,48,-17,51,-18,50,-17,44,-13,42,-14,43,-11,38,-15,36,-14,33,-16,30,-17,26,-20,20,-21,22,-22,15,-19,15,-23,8,-34,9,-29,4,-29,-4,-26,-2,-26,-6,-33,-13,-30,-13,-31,-18,-35,-26,-31,-20,-28,-27,-31,-32,-31,-35,-24,-32,-25,-41,-24,-50,-23,-46,-21,-44,-20,-52,-15,-45,-11,-52,0,-56,2,-60,13,-60,10,-58,13,-59,19,-59,25,-60,27,-68,39,-65,38,-60,42,-71,48,-67,55,-65,62,-65,63,-75,62,-71,65,-68,73,-70,66,-72,65,0,0]"
CSI_DATA,100,1a:00:00:00:00:00,-48,11,1,0,1,1,1,0,0,0,1,-96,0,11,2,1590494,0,44,0,384,0,"[0,0,0,0,0,0,0,0,0,0,0,0,6,-11,5,-11,4,-10,3,-9,2,-9,2,-8,1,-8,0,-6,0,-6,-1,-5,-1,-5,-2,-5,-3,-4,-3,-3,-3,-2,-4,-1,-4,-1,-4,0,-4,1,-5,2,-5,2,-5,3,-6,3,-6,4,-6,5,-6,5,0,0,-6,6,-8,7,-8,8,-7,8,-8,7,-8,8,-8,8,-8,8,-9,8,-9,7,-10,6,-10,6,-9,6,-9,5,-10,5,-10,5,-10,4,-9,4,-9,4,-9,3,-9,2,-8,2,-8,1,-8,0,-8,-1,-7,-1,0,0,0,0,0,0,0,0,0,0,0,0,0,0,52,-74,53,-67,47,-68,38,-61,33,-57,34,-53,23,-51,26,-55,21,-46,13,-42,6,-38,5,-34,4,-30,-1,-26,-4,-29,-10,-20,-13,-20,-11,-12,-16,-12,-20,-8,-25,-2,-24,0,-24,4,-28,8,-27,12,-29,16,-26,20,-30,27,-27,31,-34,32,-36,35,-40,40,-44,35,-42,46,-41,45,-52,48,-49,47,-49,52,-52,48,-56,41,-50,43,-54,42,-56,41,-55,37,-54,38,-55,39,-54,33,-51,29,-52,27,-46,23,-49,22,-44,21,-52,16,-45,10,-42,6,-43,0,-41,-3,0,0,0,0,0,0,0,0,0,0,0,0,0,0,0,0,0,0,0,0,0,0,-28,-49,-27,-54,-19,-48,-21,-51,-21,-47,-15,-45,-20,-40,-16,-41,-22,-36,-20,-33,-17,-31,-16,-24,-21,-26,-26,-24,-25,-17,-27,-10,-35,-8,-26,-8,-31,0,-30,2,-33,3,-34,7,-30,12,-34,19,-36,20,-34,28,-30,24,-29,29,-30,28,-26,38,-22,35,-22,43,-19,45,-18,46,-10,46,-12,58,-1,51,5,53,7,52,13,61,23,56,20,53,28,60,32,56,34,56,46,60,50,57,54,54,57,56,57,61,67,55,74,57,76,64,71,56,76,59,78,59,76,56,0,0]"
CSI_DATA,101,1a:00:00:00:00:00,-48,11,1,0,1,1,1,0,0,0,1,-96,0,11,2,1600288,0,44,0,384,0,"[0,0,0,0,0,0,0,0,0,0,0,0,12,-3,10,-4,10,-4,9,-3,7,-2,6,-3,6,-5,5,-4,4,-4,3,-4,2,-4,1,-4,1,-3,-1,-3,-1,-3,-2,-4,-3,-3,-4,-3,-5,-2,-5,-2,-5,-2,-6,-1,-7,-1,-8,-2,-9,-1,-10,0,0,0,-10,0,-11,0,-11,0,-12,0,-12,0,-12,0,-13,1,-13,0,-13,0,-13,-1,-13,-2,-12,-3,-11,-3,-12,-3,-12,-3,-11,-3,-11,-3,-10,-3,-10,-3,-9,-3,-9,-4,-9,-4,-8,-4,-7,-5,-6,-5,-5,-6,0,0,0,0,0,0,0,0,0,0,0,0,0,0,41,-10,38,-9,38,-10,30,-13,31,-13,28,-11,28,-11,26,-10,19,-10,17,-12,14,-13,11,-10,10,-13,7,-10,6,-9,0,-11,1,-11,1,-8,-5,-7,-5,-9,-7,-5,-12,-3,-11,-2,-15,-2,-16,-2,-17,1,-20,1,-22,2,-20,1,-24,3,-25,3,-26,2,-29,4,-30,10,-30,8,-33,5,-33,7,-34,5,-35,5,-34,5,-36,4,-34,2,-34,1,-33,0,-32,0,-31,-2,-30,-2,-29,-3,-27,-3,-27,-4,-27,-7,-27,-4,-23,-5,-22,-9,-22,-11,-20,-11,-17,-12,0,0,0,0,0,0,0,0,0,0,0,0,0,0,0,0,0,0,0,0,0,0,10,-28,9,-26,10,-27,10,-27,9,-22,11,-22,9,-20,8,-21,7,-21,5,-18,5,-19,2,-17,-1,-16,0,-16,-3,-16,-6,-15,-6,-14,-8,-11,-8,-14,-12,-9,-13,-9,-16,-9,-14,-6,-18,-6,-18,-5,-20,-2,-20,-1,-20,1,-21,-1,-22,3,-20,6,-23,6,-23,7,-17,11,-23,12,-16,16,-18,17,-18,19,-16,22,-15,25,-15,25,-10,29,-10,31,-7,32,-7,33,0,33,-2,35,-1,39,3,37,1,42,5,42,6,42,7,45,8,44,12,47,10,47,10,47,0,0]"
CSI_DATA,102,1a:00:00:00:00:00,-48,11,1,0,1,1,1,0,0,0,1,-96,0,11,2,1610658,0,44,0,384,0,"[0,0,0,0,0,0,0,0,0,0,0,0,-10,7,-9,7,-7,7,-7,6,-6,6,-5,5,-3,6,-3,5,-2,5,-1,3,-1,3,0,2,0,2,1,2,2,1,3,1,3,0,3,0,4,-2,4,-2,5,-3,5,-3,6,-3,6,-4,7,-5,7,-6,0,0,8,-5,8,-6,9,-7,9,-7,9,-7,9,-7,9,-8,10,-7,10,-7,10,-7,11,-6,11,-5,10,-5,10,-5,10,-4,10,-4,9,-3,9,-4,9,-3,8,-3,9,-2,8,-1,8,-1,8,0,7,1,6,1,0,0,0,0,0,0,0,0,0,0,0,0,0,0,-75,45,-71,41,-62,42,-54,43,-49,41,-44,36,-41,36,-35,41,-31,29,-28,31,-17,30,-16,28,-14,27,-9,24,-4,16,4,14,7,17,8,13,16,12,19,9,22,-1,23,2,26,-4,27,-8,29,-10,33,-13,33,-21,33,-23,41,-24,41,-32,42,-28,46,-37,43,-31,50,-36,46,-43,54,-35,53,-38,55,-41,57,-38,57,-34,57,-29,63,-36,59,-31,62,-29,57,-28,56,-24,61,-24,58,-18,52,-14,52,-13,48,-12,50,-12,53,-7,45,0,44,-3,42,6,41,7,0,0,0,0,0,0,0,0,0,0,0,0,0,0,0,0,0,0,0,0,0,0,1,57,-8,56,-2,52,-6,51,-9,50,-3,44,-4,41,-2,40,4,42,0,38,1,33,8,28,10,30,16,31,14,25,16,22,20,14,22,13,24,12,26,11,29,7,29,0,29,-2,37,-6,35,-3,36,-15,34,-14,42,-15,40,-19,38,-26,28,-28,33,-32,27,-36,28,-39,30,-37,24,-45,22,-44,15,-49,14,-51,9,-61,3,-59,-7,-57,-5,-63,-12,-64,-12,-65,-31,-70,-25,-69,-33,-67,-37,-73,-37,-75,-32,-74,-49,-75,-46,-84,-46,-71,-47,-80,-53,-88,-52,-76,0,0]"
CSI_DATA,103,1a:00:00:00:00:00,-48,11,1,0,1,1,1,0,0,0,1,-96,0,11,2,1620755,0,44,0,384,0,"[0,0,0,0,0,0,0,0,0,0,0,0,-1,-12,-2,-11,-2,-10,-2,-10,-3,-9,-2,-8,-3,-6,-3,-5,-3,-4,-3,-3,-3,-3,-4,-2,-3,-1,-3,0,-2,1,-3,2,-2,3,-3,3,-2,4,-2,5,-1,5,-1,6,-1,6,0,8,-1,8,0,8,0,0,1,9,1,11,1,11,2,12,1,11,1,12,2,12,1,12,1,13,0,12,0,12,-1,11,-1,12,-1,11,-1,11,-2,11,-2,11,-2,10,-3,9,-2,9,-3,8,-3,8,-4,8,-4,7,-5,6,-5,5,0,0,0,0,0,0,0,0,0,0,0,0,0,0,-3,-43,-4,-38,-7,-39,-3,-35,-6,-27,-7,-28,-8,-24,-7,-25,-9,-18,-11,-19,-9,-15,-10,-13,-10,-10,-11,-7,-10,-3,-7,-2,-11,1,-7,0,-5,6,-7,8,-4,9,-4,10,-1,11,0,12,0,15,-1,15,2,17,2,19,4,22,6,26,4,24,9,25,6,30,9,28,10,28,6,31,10,33,10,33,9,33,8,34,8,32,7,33,6,33,5,32,4,31,4,30,2,31,2,27,1,28,1,25,1,26,-1,24,-2,25,-7,23,-7,19,-10,19,-9,18,0,0,0,0,0,0,0,0,0,0,0,0,0,0,0,0,0,0,0,0,0,0,-18,-20,-19,-19,-18,-20,-16,-20,-14,-19,-15,-16,-17,-14,-13,-15,-16,-12,-13,-9,-14,-8,-13,-8,-12,-5,-15,-5,-13,-2,-15,-1,-14,3,-11,0,-12,6,-12,7,-10,6,-12,11,-10,12,-10,15,-7,16,-6,18,-6,18,-4,21,-2,20,-2,22,-1,18,3,23,5,20,9,24,11,21,9,20,13,19,16,20,18,17,24,19,22,18,25,14,30,14,29,13,32,8,35,10,37,7,37,3,39,1,40,4,41,3,42,-2,47,-1,42,-2,46,-1,48,-5,46,-5,0,0]"
CSI_DATA,104,1a:00:00:00:00:00,-49,11,1,0,1,1,1,0,0,0,1,-96,0,11,2,1630867,0,44,0,384,0,"[0,0,0,0,0,0,0,0,0,0,0,0,8,8,7,8,8,6,7,6,6,5,5,4,5,3,4,2,4,1,4,0,3,0,2,-1,2,-2,1,-2,1,-3,0,-3,-1,-4,-1,-4,-2,-5,-2,-5,-3,-5,-4,-6,-4,-6,-5,-7,-6,-7,-7,-7,0,0,-8,-8,-7,-9,-8,-9,-9,-8,-8,-9,-9,-10,-9,-10,-9,-10,-8,-10,-8,-10,-8,-11,-7,-11,-7,-10,-7,-11,-6,-10,-6,-11,-5,-11,-5,-10,-5,-10,-4,-9,-3,-9,-3,-9,-3,-9,-2,-9,-1,-8,0,-8,0,0,0,0,0,0,0,0,0,0,0,0,0,0,42,71,45,68,45,59,40,57,39,54,31,46,35,41,34,33,33,32,27,25,31,18,21,13,25,9,22,4,16,4,18,-1,11,-4,6,-11,7,-15,1,-16,-1,-20,-2,-21,-10,-23,-12,-26,-15,-29,-18,-34,-18,-35,-23,-36,-23,-37,-31,-39,-31,-40,-32,-45,-33,-45,-40,-42,-42,-46,-38,-54,-38,-56,-45,-56,-40,-60,-40,-58,-36,-59,-35,-60,-34,-58,-36,-61,-29,-54,-27,-58,-27,-57,-25,-55,-19,-53,-18,-53,-9,-54,-15,-48,-11,-46,-5,-47,-3,-48,1,-41,2,-39,0,0,0,0,0,0,0,0,0,0,0,0,0,0,0,0,0,0,0,0,0,0,50,6,48,8,50,5,45,9,46,8,39,6,39,3,39,0,36,0,30,-3,33,-4,28,-3,31,-8,24,-10,20,-11,18,-20,15,-19,21,-20,8,-19,5,-28,4,-29,2,-33,-2,-27,-5,-36,-7,-35,-13,-35,-14,-36,-21,-37,-18,-36,-27,-34,-25,-35,-33,-36,-34,-31,-38,-27,-39,-23,-41,-22,-43,-20,-50,-14,-52,-10,-60,-9,-61,-3,-62,0,-62,8,-69,11,-65,13,-68,18,-70,23,-69,28,-75,32,-76,34,-75,41,-77,51,-82,44,-77,45,-78,54,-75,45,-79,57,0,0]"
CSI_DATA,105,1a:00:00:00:00:00,-48,11,1,0,1,1,1,0,0,0,1,-96,0,11,2,1650241,0,44,0,384,0,"[0,0,0,0,0,0,0,0,0,0,0,0,-12,-3,-11,-2,-11,-2,-10,-2,-9,-1,-8,-1,-7,1,-6,1,-5,1,-4,0,-4,1,-2,2,-2,2,-1,2,-1,2,1,3,2,2,2,3,2,3,3,3,4,2,5,2,6,2,7,2,7,2,8,2,0,0,9,2,9,2,10,2,11,2,11,3,11,3,12,2,11,3,12,3,12,4,11,4,10,5,10,5,10,4,10,5,9,5,9,5,9,5,8,5,7,4,7,5,7,5,6,6,5,6,4,6,3,6,0,0,0,0,0,0,0,0,0,0,0,0,0,0,-44,-6,-42,-6,-41,-1,-35,-2,-37,1,-31,0,-29,0,-27,1,-22,2,-19,2,-18,5,-14,6,-14,8,-12,8,-8,9,-5,9,-3,6,1,7,2,5,4,7,5,5,7,6,9,6,14,4,15,5,16,4,19,3,22,0,21,1,24,-1,23,2,26,1,28,-1,30,-1,31,-1,31,2,34,0,34,0,33,3,31,5,34,3,33,3,33,5,32,4,29,7,31,8,29,9,29,6,26,8,27,6,25,10,23,9,22,11,21,11,19,11,18,13,14,14,0,0,0,0,0,0,0,0,0,0,0,0,0,0,0,0,0,0,0,0,0,0,-21,16,-18,15,-19,11,-18,13,-19,13,-17,13,-15,12,-13,12,-12,12,-13,12,-10,10,-7,10,-5,12,-5,11,-2,11,-1,11,3,12,4,11,6,11,7,8,7,9,12,9,14,9,14,8,15,7,19,4,19,5,17,4,22,4,20,3,22,-3,20,-4,23,-5,23,-7,26,-10,21,-10,22,-16,23,-18,22,-18,21,-23,21,-22,19,-28,19,-28,20,-34,13,-32,10,-36,13,-35,10,-38,11,-37,11,-44,12,-45,8,-46,9,-47,11,-48,5,-50,7,-48,5,-50,0,0]"
CSI_DATA,106,1a:00:00:00:00:00,-48,11,1,0,1,1,1,0,0,0,1,-96,0,11,2,1660284,0,44,0,384,0,"[0,0,0,0,0,0,0,0,0,0,0,0,-7,-10,-8,-9,-7,-8,-7,-7,-6,-6,-6,-5,-6,-5,-5,-4,-5,-3,-5,-2,-4,-1,-4,0,-4,0,-3,1,-3,2,-3,2,-2,3,-1,3,0,4,0,5,1,5,1,6,2,6,3,7,3,8,4,8,0,0,5,8,4,9,5,10,5,9,5,10,5,10,5,11,5,10,4,11,5,11,4,11,3,11,3,11,3,11,2,10,2,10,2,10,2,10,1,9,1,9,0,9,0,9,-1,8,-2,8,-2,8,-3,6,0,0,0,0,0,0,0,0,0,0,0,0,0,0,-40,-76,-42,-69,-39,-65,-39,-59,-40,-57,-34,-49,-32,-40,-35,-36,-31,-32,-30,-28,-29,-25,-21,-18,-24,-8,-22,-9,-22,-3,-19,-1,-14,6,-12,9,-8,16,-8,16,-1,20,-3,19,3,24,7,27,7,29,7,39,14,34,21,40,24,44,27,47,21,46,29,48,30,48,31,49,31,51,31,57,34,62,30,58,29,60,26,65,31,62,25,60,25,62,27,64,24,58,22,60,16,56,17,56,13,54,13,55,11,52,5,51,9,52,-2,46,-4,45,-5,45,-12,44,0,0,0,0,0,0,0,0,0,0,0,0,0,0,0,0,0,0,0,0,0,0,-45,-8,-46,-10,-40,-8,-44,-7,-37,-12,-38,-5,-34,-6,-32,-3,-34,0,-25,2,-26,2,-24,4,-25,6,-18,11,-16,12,-18,13,-13,23,-16,22,-11,21,-9,24,0,29,1,32,-1,27,4,35,12,38,13,38,12,34,18,37,22,36,25,37,27,27,38,33,33,33,36,31,41,24,45,23,46,21,55,14,54,9,62,8,63,3,65,2,65,-1,68,-7,67,-12,79,-11,76,-22,77,-27,75,-28,79,-31,81,-34,84,-40,81,-41,83,-43,90,-49,87,-50,79,-44,0,0]"
CSI_DATA,107,1a:00:00:00:00:00,-48,11,1,0,1,1,1,0,0,0,1,-96,0,11,2,1680249,0,44,0,384,0,"[0,0,0,0,0,0,0,0,0,0,0,0,-10,6,-9,6,-8,6,-7,5,-6,5,-6,5,-4,5,-3,4,-3,4,-2,3,-1,4,0,3,1,2,2,2,2,2,3,1,4,1,4,1,5,-1,5,-1,5,-1,6,-2,6,-2,7,-3,8,-3,7,-3,0,0,9,-4,10,-5,10,-5,10,-5,10,-5,10,-5,10,-5,10,-5,11,-6,11,-4,11,-4,11,-2,11,-3,11,-3,10,-3,10,-2,9,-2,9,-2,9,-1,9,-1,9,0,8,0,8,1,7,1,7,2,6,2,0,0,0,0,0,0,0,0,0,0,0,0,0,0,-33,29,-31,25,-30,28,-24,23,-21,23,-20,22,-16,19,-14,21,-13,20,-10,16,-6,17,-3,15,-3,11,1,11,0,9,2,8,5,8,7,6,9,3,11,4,12,0,9,0,15,-5,16,-4,15,-4,16,-7,16,-9,17,-10,19,-15,19,-14,20,-15,22,-19,23,-18,25,-18,22,-19,24,-21,26,-19,23,-19,27,-18,26,-18,25,-16,26,-19,29,-16,29,-18,28,-15,26,-14,29,-13,26,-12,27,-10,24,-10,23,-8,24,-5,23,-5,20,-5,22,-3,22,0,21,3,0,0,0,0,0,0,0,0,0,0,0,0,0,0,0,0,0,0,0,0,0,0,1,20,1,18,0,17,1,17,-1,15,1,16,0,15,1,12,3,13,4,10,5,8,6,8,10,6,8,5,7,3,10,2,13,2,13,0,12,-2,13,-5,15,-8,14,-9,15,-9,14,-13,16,-13,16,-13,15,-16,13,-15,13,-16,12,-21,10,-18,11,-22,9,-23,9,-24,7,-26,5,-26,3,-25,-2,-30,-3,-29,-6,-31,-7,-33,-9,-33,-10,-35,-16,-33,-16,-34,-23,-35,-21,-35,-21,-34,-25,-34,-27,-33,-29,-36,-32,-35,-31,-40,-31,-34,-33,-38,-36,-39,-30,-36,0,0]"
CSI_DATA,108,1a:00:00:00:00:00,-48,11,1,0,1,1,1,0,0,0,1,-96,0,11,2,1690252,0,44,0,384,0,"[0,0,0,0,0,0,0,0,0,0,0,0,-6,9,-6,9,-5,8,-4,8,-3,7,-3,6,-2,6,-1,5,-1,5,0,4,0,4,2,3,2,2,3,2,3,1,4,1,4,-1,4,-1,5,-2,5,-2,5,-3,5,-4,5,-4,6,-5,7,-5,7,-6,0,0,7,-7,8,-7,8,-8,8,-8,8,-7,9,-8,9,-8,9,-7,9,-8,9,-7,10,-6,10,-5,10,-5,9,-6,9,-5,10,-4,9,-4,9,-4,8,-3,8,-3,8,-2,8,-2,8,-1,7,0,7,0,7,0,0,0,0,0,0,0,0,0,0,0,0,0,0,0,-50,67,-51,62,-45,64,-42,56,-35,58,-31,45,-29,46,-25,49,-12,42,-18,37,-6,37,-5,30,2,31,2,20,5,22,10,16,14,15,15,9,17,11,24,6,23,2,28,1,29,-7,33,-8,31,-10,33,-12,42,-19,35,-23,39,-26,42,-31,41,-27,46,-29,42,-29,49,-33,50,-35,59,-38,51,-39,54,-36,59,-33,56,-31,60,-25,60,-27,63,-24,62,-24,59,-22,61,-25,57,-17,59,-15,51,-13,56,-12,53,-10,52,-4,44,-3,44,-2,43,5,44,9,37,11,0,0,0,0,0,0,0,0,0,0,0,0,0,0,0,0,0,0,0,0,0,0,23,31,20,31,18,31,16,28,13,25,13,24,18,19,15,19,18,17,13,12,19,12,17,5,18,1,20,-4,21,-3,21,-1,19,-9,24,-12,21,-16,20,-23,21,-25,21,-25,20,-31,23,-33,22,-33,15,-40,20,-38,15,-42,17,-42,11,-51,8,-47,7,-51,7,-52,2,-51,-2,-54,-7,-53,-10,-54,-17,-58,-21,-57,-26,-64,-27,-64,-37,-60,-44,-62,-49,-63,-45,-59,-57,-54,-57,-53,-64,-59,-64,-60,-71,-64,-69,-61,-73,-61,-82,-61,-81,-61,-83,-58,-86,-60,-79,-63,0,0]"
CSI_DATA,109,1a:00:00:00:00:00,-48,11,1,0,1,1,1,0,0,0,1,-96,0,11,2,1700260,0,44,0,384,0,"[0,0,0,0,0,0,0,0,0,0,0,0,-6,10,-5,10,-4,8,-3,8,-3,7,-2,7,-1,6,-1,5,0,5,1,3,1,3,2,3,2,2,3,1,3,0,4,-1,4,-1,4,-1,4,-3,5,-3,5,-3,5,-4,5,-5,6,-6,6,-6,6,-7,0,0,7,-8,7,-8,7,-9,7,-9,8,-9,8,-9,8,-9,8,-8,8,-9,9,-8,9,-9,9,-7,9,-7,9,-6,9,-7,9,-6,9,-6,8,-5,8,-5,8,-5,8,-4,8,-3,8,-2,7,-2,7,-1,7,0,0,0,0,0,0,0,0,0,0,0,0,0,0,0,-40,74,-38,70,-32,65,-31,60,-28,62,-23,53,-16,49,-14,49,-9,41,-6,37,0,34,1,28,3,29,4,22,9,19,15,9,12,8,20,7,21,5,22,-4,23,-5,22,-11,27,-14,28,-20,26,-26,31,-24,30,-30,27,-31,31,-32,30,-41,32,-42,35,-45,34,-40,36,-49,33,-50,40,-50,42,-53,46,-56,44,-51,49,-48,44,-48,53,-48,47,-43,50,-43,48,-39,48,-40,52,-34,45,-34,44,-32,44,-29,49,-25,45,-24,41,-25,40,-18,45,-11,41,-8,42,-2,0,0,0,0,0,0,0,0,0,0,0,0,0,0,0,0,0,0,0,0,0,0,21,29,20,29,17,27,17,27,13,19,15,19,12,20,13,14,14,14,16,9,16,9,18,3,20,-2,20,-5,19,-7,19,-9,25,-18,21,-19,18,-19,20,-22,16,-26,15,-28,18,-32,18,-36,15,-40,13,-50,14,-46,16,-46,8,-41,3,-50,5,-48,3,-55,0,-54,-10,-53,-8,-56,-15,-60,-15,-56,-21,-59,-28,-58,-37,-55,-38,-57,-46,-60,-47,-53,-55,-59,-58,-54,-54,-47,-63,-55,-70,-47,-72,-51,-80,-51,-79,-48,-86,-46,-91,-54,-83,-48,-93,-49,-95,-45,-87,-48,0,0]"
CSI_DATA,110,1a:00:00:00:00:00,-48,11,1,0,1,1,1,0,0,0,1,-96,0,11,2,1710786,0,44,0,384,0,"[0,0,0,0,0,0,0,0,0,0,0,0,-8,7,-7,7,-6,7,-5,7,-5,5,-4,5,-2,6,-2,5,-1,4,0,4,0,3,1,3,2,2,3,1,3,1,4,0,4,0,5,0,5,-2,5,-2,5,-3,6,-4,6,-3,7,-5,7,-5,7,-5,0,0,8,-6,9,-6,9,-7,9,-7,9,-6,10,-7,10,-7,10,-7,11,-7,10,-6,11,-5,10,-4,10,-5,10,-4,10,-4,10,-4,10,-3,9,-3,9,-3,8,-2,8,-2,8,-1,8,-1,7,0,7,1,6,1,0,0,0,0,0,0,0,0,0,0,0,0,0,0,-64,50,-60,42,-52,43,-51,39,-41,45,-39,37,-33,35,-27,32,-20,32,-16,25,-13,26,-9,24,-1,21,1,19,2,21,8,14,9,14,14,9,17,10,20,4,23,5,23,-2,27,-4,29,-7,30,-6,33,-14,37,-14,38,-20,43,-17,44,-25,48,-26,50,-21,50,-22,54,-32,51,-32,55,-28,57,-29,55,-30,59,-29,58,-27,58,-28,60,-18,62,-19,62,-21,57,-18,57,-15,56,-14,56,-10,50,-8,48,-10,48,-6,47,-5,47,-4,47,2,40,5,38,5,35,15,0,0,0,0,0,0,0,0,0,0,0,0,0,0,0,0,0,0,0,0,0,0,5,32,1,29,5,30,3,24,1,23,3,22,2,20,4,15,8,15,9,10,13,10,13,8,15,4,14,3,15,0,22,-3,25,-6,23,-7,27,-13,23,-15,25,-18,28,-20,28,-28,33,-25,28,-32,28,-38,30,-34,25,-40,28,-40,27,-43,24,-43,20,-50,17,-46,11,-51,13,-52,8,-52,5,-53,-2,-58,-3,-62,-13,-64,-12,-62,-18,-69,-20,-65,-22,-69,-29,-63,-40,-69,-38,-67,-40,-71,-49,-72,-45,-74,-49,-72,-55,-74,-54,-76,-50,-72,-55,-77,-56,-71,-53,-72,0,0]"
CSI_DATA,111,1a:00:00:00:00:00,-47,11,1,0,1,1,1,0,0,0,1,-96,0,11,2,1720882,0,44,0,384,0,"[0,0,0,0,0,0,0,0,0,0,0,0,-2,-11,-3,-10,-3,-9,-4,-8,-3,-8,-4,-6,-3,-5,-3,-4,-4,-3,-4,-3,-4,-1,-4,0,-4,0,-5,1,-4,2,-4,3,-4,3,-4,4,-3,5,-4,6,-3,6,-3,6,-3,7,-2,8,-2,9,-2,9,0,0,-2,10,-2,11,-2,11,-2,12,-3,11,-3,11,-3,12,-3,11,-4,12,-3,12,-4,12,-5,11,-5,10,-5,10,-5,10,-5,9,-5,9,-5,8,-5,8,-5,7,-6,7,-6,7,-6,6,-6,5,-7,4,-7,3,0,0,0,0,0,0,0,0,0,0,0,0,0,0,0,-40,-1,-34,-4,-32,-4,-30,-5,-27,-5,-26,-4,-23,-7,-19,-6,-18,-8,-16,-7,-12,-8,-9,-10,-9,-8,-6,-10,-5,-9,0,-10,0,-10,2,-10,7,-11,7,-11,11,-10,11,-8,12,-8,15,-7,16,-7,18,-7,18,-6,24,-5,22,-6,26,-6,25,-6,27,-7,27,-5,30,-6,29,-6,32,-6,31,-6,32,-8,33,-9,32,-10,29,-11,33,-11,32,-11,30,-13,28,-14,28,-13,27,-12,24,-14,24,-13,23,-14,21,-15,21,-12,20,-16,15,-17,16,-16,14,-18,10,0,0,0,0,0,0,0,0,0,0,0,0,0,0,0,0,0,0,0,0,0,0,-14,-7,-12,-7,-11,-7,-12,-9,-9,-8,-8,-5,-9,-5,-9,-4,-9,-1,-8,0,-6,2,-6,3,-5,5,-5,8,-4,8,-4,10,-2,13,-3,12,-4,13,-2,15,0,16,0,17,1,19,3,18,3,20,6,21,6,21,7,22,7,23,10,24,10,21,13,25,12,22,16,21,17,21,19,20,20,18,24,18,25,16,27,14,29,13,31,12,33,14,33,9,35,8,37,9,38,7,40,4,40,2,40,3,43,1,42,-2,47,0,45,1,47,-2,48,-3,43,0,0,0]"
CSI_DATA,112,1a:00:00:00:00:00,-48,11,1,0,1,1,1,0,0,0,1,-96,0,11,2,1730861,0,44,0,384,0,"[0,0,0,0,0,0,0,0,0,0,0,0,-10,-5,-9,-4,-9,-3,-8,-3,-7,-2,-6,-2,-6,0,-5,0,-4,1,-4,1,-3,2,-2,3,-2,3,-2,4,-1,3,0,5,1,5,2,5,2,5,3,5,3,5,4,6,4,6,5,6,6,7,6,7,0,0,7,7,8,8,8,8,9,8,8,8,8,9,8,9,8,8,9,9,8,9,7,9,6,9,6,10,6,9,5,9,6,9,4,9,5,9,4,8,3,8,3,8,2,8,2,8,1,7,0,7,-1,7,0,0,0,0,0,0,0,0,0,0,0,0,0,0,-68,-46,-61,-37,-66,-28,-53,-26,-52,-24,-46,-21,-46,-16,-43,-6,-33,-10,-36,-3,-26,3,-26,6,-23,7,-23,9,-12,12,-10,13,-8,24,1,22,2,21,2,23,9,24,12,22,20,29,17,28,24,27,28,35,31,33,34,31,38,29,42,33,46,34,50,39,43,37,50,38,53,40,56,46,53,44,55,45,48,46,50,49,48,42,47,49,45,48,46,47,44,50,41,48,38,50,33,47,32,43,30,43,26,48,18,44,20,46,18,44,16,42,12,42,-1,40,0,0,0,0,0,0,0,0,0,0,0,0,0,0,0,0,0,0,0,0,0,0,-31,10,-28,9,-26,10,-28,7,-20,7,-22,5,-14,9,-13,8,-10,10,-5,10,-6,13,3,12,4,10,4,11,9,13,13,14,18,22,16,14,22,19,24,19,27,20,35,23,29,22,39,18,38,20,47,12,42,19,47,12,45,11,51,7,48,5,55,5,55,4,59,-1,55,-4,57,-10,53,-19,54,-20,57,-22,57,-32,64,-38,54,-38,59,-44,55,-49,55,-49,63,-54,58,-61,53,-64,55,-66,49,-67,51,-74,47,-81,53,-78,41,-79,49,-86,52,-82,48,-73,0,0]"
CSI_DATA,113,1a:00:00:00:00:00,-47,11,1,0,1,1,1,0,0,0,1,-96,0,11,2,1740325,0,44,0,384,0,"[0,0,0,0,0,0,0,0,0,0,0,0,-9,6,-8,5,-7,5,-6,5,-5,4,-4,4,-3,4,-2,4,-1,4,0,3,0,3,1,3,2,2,3,1,3,2,4,1,5,1,5,1,5,0,6,-1,6,-1,7,-2,7,-1,8,-3,8,-3,9,-3,0,0,10,-4,10,-4,11,-4,11,-4,12,-4,12,-4,12,-4,12,-3,12,-4,12,-4,12,-2,11,-2,11,-2,11,-1,11,-1,11,-1,10,-1,10,-1,9,0,9,0,8,1,8,1,8,1,7,2,7,3,6,3,0,0,0,0,0,0,0,0,0,0,0,0,0,0,-70,28,-62,29,-56,30,-49,30,-51,29,-39,30,-37,26,-35,24,-28,25,-18,23,-10,23,-9,25,-3,19,-4,17,1,18,11,13,14,16,14,14,20,11,20,6,26,7,31,7,32,2,35,-2,39,0,39,-2,46,-3,45,-11,46,-10,50,-16,52,-16,57,-18,54,-13,60,-18,63,-19,64,-18,60,-16,65,-19,61,-21,65,-20,65,-15,63,-9,63,-6,62,-8,63,-6,65,-1,61,-2,57,1,52,0,52,1,51,4,50,5,46,6,45,12,42,14,36,16,35,19,0,0,0,0,0,0,0,0,0,0,0,0,0,0,0,0,0,0,0,0,0,0,-6,29,-8,26,-7,28,-9,21,-8,20,-5,17,-2,17,-3,13,-3,11,3,8,7,9,4,5,10,2,15,0,13,-4,19,-4,21,-8,25,-8,21,-9,25,-15,32,-15,32,-17,31,-19,32,-17,38,-25,34,-24,38,-24,35,-33,32,-34,27,-40,30,-37,35,-42,31,-50,23,-50,24,-53,15,-53,16,-54,14,-55,11,-65,6,-65,0,-66,-5,-70,-5,-70,-8,-76,-16,-72,-19,-80,-20,-73,-28,-75,-33,-80,-30,-82,-31,-79,-35,-83,-35,-85,-36,-81,-39,-90,-44,-83,-40,-80,0,0]"
CSI_DATA,114,1a:00:00:00:00:00,-48,11,1,0,1,1,1,0,0,0,1,-96,0,11,2,1771837,0,44,0,384,0,"[0,0,0,0,0,0,0,0,0,0,0,0,-2,11,-1,10,0,9,0,8,0,7,0,6,2,6,1,4,2,4,3,3,2,2,3,1,3,1,3,-1,3,-1,4,-2,3,-3,4,-3,3,-4,4,-5,4,-5,4,-6,4,-7,4,-8,4,-9,3,-9,0,0,3,-9,4,-11,4,-11,5,-12,5,-11,5,-11,5,-12,5,-11,5,-11,6,-12,7,-11,6,-10,6,-10,6,-9,7,-9,7,-9,6,-9,6,-8,6,-8,6,-7,7,-7,6,-6,7,-5,7,-4,7,-4,7,-3,0,0,0,0,0,0,0,0,0,0,0,0,0,0,-5,40,-8,38,-4,37,-4,32,-1,32,-3,29,0,26,1,23,2,19,4,18,7,16,8,14,9,11,8,9,6,5,11,4,8,1,10,-1,8,-2,9,-6,11,-8,12,-9,9,-11,10,-13,10,-14,10,-16,11,-19,9,-19,8,-22,9,-22,9,-26,9,-27,12,-29,11,-30,10,-30,12,-30,12,-31,11,-31,14,-33,13,-32,16,-28,17,-29,18,-29,18,-29,17,-28,18,-26,20,-25,20,-23,18,-21,15,-19,17,-20,17,-19,16,-16,17,-14,20,-12,19,-10,19,-9,0,0,0,0,0,0,0,0,0,0,0,0,0,0,0,0,0,0,0,0,0,0,12,13,9,14,9,12,9,13,7,12,5,10,6,8,4,6,5,4,6,3,4,3,5,-1,2,-2,5,-1,3,-4,6,-6,3,-7,2,-8,3,-10,4,-11,2,-13,0,-14,0,-17,3,-17,1,-20,-2,-21,-1,-21,-3,-25,-2,-24,-7,-22,-8,-23,-10,-25,-10,-25,-14,-23,-16,-23,-17,-24,-19,-24,-19,-25,-25,-23,-27,-22,-27,-22,-30,-21,-34,-20,-36,-18,-34,-16,-39,-11,-40,-12,-42,-11,-43,-12,-44,-12,-46,-12,-48,-10,-48,-14,-47,-9,-51,-12,-50,-7,-49,-8,0,0]"
CSI_DATA,115,1a:00:00:00:00:00,-48,11,1,0,1,1,1,0,0,0,1,-96,0,11,2,1780275,0,44,0,384,0,"[0,0,0,0,0,0,0,0,0,0,0,0,11,-1,10,-1,9,-2,9,-2,7,-2,6,-3,6,-3,4,-4,4,-4,2,-4,2,-4,1,-4,1,-4,-1,-4,-1,-4,-3,-5,-3,-4,-3,-5,-4,-4,-5,-4,-6,-4,-6,-4,-7,-4,-8,-4,-9,-4,-9,-4,0,0,-11,-4,-10,-4,-12,-4,-12,-4,-11,-5,-11,-5,-12,-4,-12,-5,-12,-5,-11,-6,-11,-6,-11,-7,-10,-6,-10,-7,-10,-7,-10,-7,-9,-7,-8,-6,-8,-7,-7,-7,-7,-7,-6,-7,-6,-7,-5,-8,-4,-8,-3,-7,0,0,0,0,0,0,0,0,0,0,0,0,0,0,41,6,39,5,37,4,32,-1,31,0,27,2,27,-1,23,-4,21,-4,19,-5,15,-6,12,-7,12,-8,8,-9,7,-10,3,-9,3,-11,-1,-12,-4,-11,-3,-10,-9,-12,-7,-11,-10,-8,-13,-10,-14,-10,-16,-11,-18,-8,-22,-9,-20,-9,-27,-9,-25,-11,-28,-8,-28,-8,-30,-10,-30,-9,-29,-12,-34,-13,-34,-11,-32,-14,-32,-14,-30,-13,-31,-16,-32,-17,-32,-15,-26,-18,-28,-18,-25,-16,-26,-18,-23,-17,-22,-16,-22,-16,-19,-18,-18,-16,-16,-18,-12,-19,-12,-19,-8,-20,0,0,0,0,0,0,0,0,0,0,0,0,0,0,0,0,0,0,0,0,0,0,15,-13,15,-9,12,-10,14,-10,12,-8,12,-6,10,-6,10,-7,8,-7,4,-5,4,-6,1,-4,0,-6,0,-5,-2,-4,-5,-5,-6,-5,-7,-5,-10,-5,-12,-4,-13,-2,-15,-3,-17,0,-16,-2,-17,-1,-19,2,-22,3,-22,4,-20,4,-23,6,-22,6,-24,9,-25,9,-23,13,-25,15,-22,18,-24,17,-23,20,-21,21,-19,26,-20,27,-16,29,-17,30,-18,37,-13,34,-13,34,-14,38,-13,40,-10,44,-12,45,-12,45,-6,47,-8,50,-7,47,-10,51,-5,49,-6,47,0,0]"
CSI_DATA,116,1a:00:00:00:00:00,-48,11,1,0,1,1,1,0,0,0,1,-96,0,11,2,1790345,0,44,0,384,0,"[0,0,0,0,0,0,0,0,0,0,0,0,2,12,3,11,4,10,3,8,3,8,3,7,3,5,3,5,3,3,3,3,3,2,4,1,4,0,3,-1,3,-2,3,-3,3,-3,3,-3,3,-4,3,-5,3,-6,3,-7,2,-7,2,-8,2,-8,2,-9,0,0,2,-10,3,-11,2,-12,2,-11,2,-11,3,-12,4,-12,4,-12,4,-12,5,-11,5,-11,5,-11,6,-11,5,-10,6,-10,6,-9,6,-9,6,-8,6,-7,6,-7,7,-7,6,-6,6,-6,6,-5,7,-4,7,-3,0,0,0,0,0,0,0,0,0,0,0,0,0,0,10,40,11,38,13,35,10,32,9,29,10,27,11,26,13,22,11,18,11,17,11,13,10,11,10,10,11,5,11,4,12,0,11,-1,9,-1,10,-4,8,-8,8,-10,7,-12,7,-11,6,-15,6,-15,6,-18,3,-19,3,-24,3,-24,3,-25,4,-24,5,-29,4,-28,3,-29,4,-32,5,-32,6,-33,6,-31,8,-33,9,-31,9,-31,9,-34,11,-31,12,-29,12,-27,12,-30,13,-27,14,-25,12,-24,15,-23,15,-21,18,-19,15,-18,16,-16,17,-15,17,-13,17,-10,0,0,0,0,0,0,0,0,0,0,0,0,0,0,0,0,0,0,0,0,0,0,21,-1,19,0,18,2,17,1,15,1,15,2,13,2,12,2,10,0,9,-1,7,-1,6,-3,5,-5,6,-5,2,-7,3,-5,-1,-8,-2,-7,-1,-10,-3,-9,-4,-10,-6,-10,-10,-13,-10,-12,-10,-12,-13,-12,-14,-14,-14,-15,-17,-12,-21,-12,-17,-11,-21,-13,-21,-14,-21,-11,-24,-9,-23,-8,-27,-7,-30,-5,-29,-3,-33,1,-32,0,-37,2,-37,2,-36,4,-36,6,-43,11,-41,10,-41,11,-42,11,-42,14,-42,17,-42,17,-47,15,-47,16,-47,20,-47,19,-46,16,0,0]"
CSI_DATA,117,1a:00:00:00:00:00,-48,11,1,0,1,1,1,0,0,0,1,-96,0,11,2,1802268,0,44,0,384,0,"[0,0,0,0,0,0,0,0,0,0,0,0,7,-10,6,-10,5,-9,4,-9,3,-8,3,-8,2,-7,1,-7,1,-6,0,-6,-1,-5,-2,-5,-2,-4,-3,-3,-3,-3,-5,-3,-5,-1,-5,-2,-5,0,-6,0,-6,0,-6,2,-7,1,-8,2,-9,3,-9,3,0,0,-9,3,-10,5,-10,4,-11,4,-11,4,-12,4,-12,4,-12,4,-12,4,-12,3,-13,3,-12,2,-12,2,-12,1,-12,1,-12,0,-11,0,-10,0,-11,0,-10,0,-10,-1,-10,-2,-9,-2,-9,-3,-8,-3,-7,-4,0,0,0,0,0,0,0,0,0,0,0,0,0,0,43,-80,41,-71,32,-72,28,-68,27,-65,23,-55,21,-58,18,-51,9,-48,12,-42,-1,-39,-3,-33,-3,-32,-7,-26,-10,-25,-16,-21,-21,-17,-16,-11,-20,-8,-24,-5,-29,-4,-27,-3,-23,9,-25,9,-28,14,-32,17,-32,24,-37,28,-34,30,-37,30,-37,29,-41,38,-45,37,-45,42,-45,44,-53,43,-52,43,-51,46,-55,40,-50,36,-57,39,-57,33,-57,36,-57,36,-54,29,-59,30,-55,26,-53,25,-50,23,-49,22,-49,22,-52,16,-48,14,-50,7,-48,6,-44,2,-40,-5,0,0,0,0,0,0,0,0,0,0,0,0,0,0,0,0,0,0,0,0,0,0,-19,-38,-15,-37,-13,-39,-20,-39,-12,-32,-10,-34,-10,-27,-11,-26,-10,-20,-7,-17,-7,-15,-7,-15,-6,-13,-12,-7,-11,-6,-14,-2,-12,0,-14,5,-12,13,-12,15,-12,20,-9,12,-12,22,-9,29,-12,30,-6,31,-10,36,-5,38,-4,38,-3,41,1,41,3,39,7,48,14,40,12,49,16,49,21,49,25,50,27,48,34,49,38,50,46,47,45,50,55,51,58,46,57,49,68,44,74,44,65,44,78,47,83,48,86,42,82,47,86,46,92,51,89,45,84,45,0,0]"
CSI_DATA,118,1a:00:00:00:00:00,-47,11,1,0,1,1,1,0,0,0,1,-96,0,11,2,1820271,0,44,0,384,0,"[0,0,0,0,0,0,0,0,0,0,0,0,0,-14,0,-12,-2,-11,-1,-11,-2,-9,-2,-8,-3,-8,-3,-7,-3,-6,-4,-5,-4,-4,-4,-3,-5,-2,-4,-1,-4,0,-5,0,-5,1,-5,1,-5,3,-5,3,-5,4,-4,5,-6,5,-5,6,-6,7,-5,7,0,0,-5,8,-6,10,-6,10,-6,11,-6,10,-6,10,-7,11,-7,10,-7,11,-8,10,-8,10,-8,9,-8,9,-8,8,-9,8,-8,8,-9,7,-8,7,-8,6,-8,6,-9,5,-8,5,-9,4,-8,2,-8,2,-8,1,0,0,0,0,0,0,0,0,0,0,0,0,0,0,-5,-42,-5,-40,-8,-39,-6,-34,-6,-32,-7,-28,-7,-26,-9,-25,-9,-21,-8,-18,-11,-18,-12,-15,-12,-11,-11,-11,-9,-8,-12,-5,-12,-2,-10,0,-11,2,-10,3,-12,8,-13,6,-9,10,-10,11,-8,13,-10,15,-8,17,-6,21,-8,22,-7,22,-6,24,-8,25,-9,27,-8,26,-6,29,-10,32,-10,32,-12,32,-11,30,-13,30,-11,31,-14,31,-15,28,-15,30,-15,27,-17,28,-17,27,-16,23,-15,21,-16,20,-17,18,-18,18,-17,16,-20,13,-19,13,-19,11,-20,8,0,0,0,0,0,0,0,0,0,0,0,0,0,0,0,0,0,0,0,0,0,0,-20,-7,-19,-9,-18,-8,-17,-10,-15,-9,-14,-9,-12,-8,-13,-8,-9,-7,-8,-3,-9,-3,-8,-2,-6,-2,-6,0,-5,1,-5,3,0,5,-5,7,-1,8,0,6,0,9,1,12,6,13,4,11,7,14,9,14,9,16,9,17,11,17,12,16,11,13,17,16,16,15,18,15,20,15,22,13,23,11,26,12,27,8,29,6,30,7,29,6,36,5,35,2,35,2,35,1,37,-2,41,-5,41,-5,44,-5,45,-7,45,-9,48,-5,45,-7,50,-5,49,-8,49,-6,0,0]"
CSI_DATA,119,1a:00:00:00:00:00,-48,11,1,0,1,1,1,0,0,0,1,-96,0,11,2,1830263,0,44,0,384,0,"[0,0,0,0,0,0,0,0,0,0,0,0,-6,-12,-7,-10,-7,-9,-6,-8,-6,-8,-6,-6,-5,-5,-5,-4,-5,-3,-5,-2,-5,-2,-5,-1,-5,0,-5,1,-4,2,-4,2,-3,3,-3,4,-3,4,-3,5,-2,5,-2,6,-1,6,-2,8,-1,8,0,8,0,0,0,9,-1,11,0,11,0,12,-1,11,-1,11,-1,12,-1,12,-1,13,-1,12,-2,12,-3,11,-3,12,-4,11,-4,10,-4,10,-4,10,-4,9,-4,8,-5,8,-5,8,-5,7,-6,7,-6,6,-7,5,-7,4,0,0,0,0,0,0,0,0,0,0,0,0,0,0,-8,-42,-8,-38,-8,-37,-8,-35,-10,-34,-9,-29,-8,-26,-11,-24,-11,-20,-12,-19,-10,-16,-13,-13,-13,-14,-12,-8,-11,-8,-14,-3,-12,-3,-12,3,-13,1,-10,3,-12,7,-10,8,-10,10,-8,13,-8,12,-8,17,-6,17,-6,19,-7,21,-5,23,-5,23,-7,26,-6,26,-8,30,-7,30,-8,29,-9,29,-8,30,-12,29,-12,31,-12,32,-13,30,-12,29,-13,32,-15,27,-16,26,-16,24,-16,25,-15,22,-16,21,-18,18,-16,19,-19,18,-19,16,-20,14,-21,11,-19,10,0,0,0,0,0,0,0,0,0,0,0,0,0,0,0,0,0,0,0,0,0,0,-21,-4,-20,-7,-18,-6,-18,-7,-16,-7,-15,-5,-14,-7,-14,-3,-12,-5,-11,-4,-10,-1,-6,1,-7,1,-5,3,-3,1,-4,5,-3,6,-3,6,-1,8,2,9,3,11,6,9,6,12,6,14,7,12,11,12,9,17,10,15,13,17,15,15,16,12,16,14,19,13,20,12,22,13,23,12,23,11,25,6,26,8,32,5,31,6,32,1,34,0,38,-1,37,-2,35,-1,39,-4,40,-10,44,-8,43,-12,43,-10,45,-13,48,-11,47,-11,49,-11,48,-15,47,-12,0,0]"
CSI_DATA,120,1a:00:00:00:00:00,-48,11,1,0,1,1,1,0,0,0,1,-96,0,11,2,1840339,0,44,0,384,0,"[0,0,0,0,0,0,0,0,0,0,0,0,11,-6,10,-6,8,-6,8,-6,6,-6,5,-6,4,-6,3,-6,3,-5,1,-5,1,-5,0,-5,-1,-5,-1,-5,-2,-4,-3,-4,-3,-4,-4,-3,-5,-2,-5,-2,-7,-2,-7,-2,-7,-1,-8,-1,-9,-1,-9,-1,0,0,-11,0,-11,0,-12,0,-12,0,-12,-1,-12,0,-13,0,-12,-1,-13,-1,-13,-2,-13,-2,-12,-3,-12,-3,-12,-3,-11,-4,-12,-4,-11,-4,-10,-3,-10,-4,-10,-4,-9,-5,-8,-5,-8,-5,-7,-6,-6,-6,-5,-6,0,0,0,0,0,0,0,0,0,0,0,0,0,0,39,-18,36,-18,33,-20,29,-17,27,-19,25,-15,21,-16,19,-17,16,-17,15,-15,11,-15,8,-15,3,-13,6,-14,2,-13,-1,-13,-1,-12,-6,-12,-5,-9,-10,-9,-9,-7,-12,-9,-13,-5,-13,-5,-15,-4,-16,-2,-21,-2,-23,1,-23,-3,-26,2,-24,0,-28,2,-26,0,-29,2,-32,4,-34,1,-35,1,-32,0,-34,-1,-33,0,-33,-3,-34,-3,-32,-4,-32,-4,-29,-7,-34,-6,-28,-7,-31,-9,-26,-9,-25,-10,-23,-9,-23,-11,-21,-10,-19,-11,-19,-14,-18,-15,-14,-15,0,0,0,0,0,0,0,0,0,0,0,0,0,0,0,0,0,0,0,0,0,0,0,-21,2,-20,1,-19,3,-18,3,-17,2,-17,1,-13,1,-14,0,-11,-1,-9,-1,-7,-1,-7,-2,-6,-2,-6,-5,-3,-7,-3,-6,-1,-7,-1,-7,2,-11,4,-10,6,-9,5,-13,9,-13,8,-12,9,-12,15,-14,15,-12,12,-14,16,-13,17,-12,16,-14,20,-11,21,-11,22,-10,24,-6,24,-4,25,-3,29,1,27,1,32,3,30,5,33,3,34,7,37,8,33,15,34,14,34,15,36,16,38,17,42,18,40,22,41,19,42,22,42,21,47,21,40,21,43,0,0]"
CSI_DATA,121,1a:00:00:00:00:00,-48,11,1,0,1,1,1,0,0,0,1,-96,0,11,2,1850650,0,44,0,384,0,"[0,0,0,0,0,0,0,0,0,0,0,0,9,6,8,5,9,5,8,4,7,3,6,2,6,1,6,1,5,0,5,-1,4,-2,4,-3,3,-2,3,-4,2,-4,1,-5,1,-5,0,-5,0,-6,-1,-6,-2,-6,-3,-7,-3,-7,-4,-8,-4,-8,-4,-8,0,0,-5,-9,-6,-11,-6,-11,-6,-11,-6,-10,-6,-11,-6,-11,-5,-11,-6,-12,-5,-12,-5,-12,-4,-12,-4,-12,-3,-11,-3,-12,-2,-11,-3,-12,-2,-11,-2,-11,-1,-10,0,-10,-1,-9,0,-9,1,-8,2,-9,3,-7,0,0,0,0,0,0,0,0,0,0,0,0,0,0,77,41,74,42,78,32,57,30,59,26,57,23,55,17,53,10,43,12,38,7,37,3,34,-1,32,-5,28,-11,27,-14,21,-16,16,-19,11,-23,8,-18,2,-24,2,-30,-2,-25,-9,-26,-7,-28,-10,-32,-18,-36,-19,-33,-25,-37,-29,-42,-34,-39,-32,-39,-33,-47,-33,-45,-39,-50,-40,-48,-37,-54,-39,-54,-41,-53,-36,-57,-37,-60,-33,-59,-35,-60,-30,-63,-31,-60,-25,-59,-26,-63,-14,-60,-21,-58,-16,-55,-10,-50,-11,-52,-8,-52,-3,-51,1,-52,-2,-48,5,-43,15,-40,0,0,0,0,0,0,0,0,0,0,0,0,0,0,0,0,0,0,0,0,0,0,32,-24,32,-23,31,-21,31,-18,29,-18,25,-12,23,-14,20,-9,20,-12,19,-11,12,-17,8,-12,2,-10,0,-12,-3,-11,-8,-15,-10,-12,-13,-13,-22,-9,-22,-12,-23,-9,-28,-8,-31,-9,-34,-5,-35,-6,-36,-4,-40,-5,-37,-4,-42,-3,-46,0,-45,7,-52,7,-50,8,-48,13,-55,13,-55,17,-48,24,-53,29,-53,32,-48,38,-50,46,-48,47,-51,51,-49,55,-43,53,-57,64,-44,65,-45,72,-47,76,-45,80,-43,77,-42,89,-51,83,-43,88,-49,97,-45,94,-47,88,0,0]"
CSI_DATA,122,1a:00:00:00:00:00,-48,11,1,0,1,1,1,0,0,0,1,-96,0,11,2,1860285,0,44,0,384,0,"[0,0,0,0,0,0,0,0,0,0,0,0,-11,-8,-10,-7,-10,-5,-10,-6,-9,-4,-7,-3,-8,-2,-7,-2,-7,-1,-5,0,-5,0,-5,1,-4,1,-4,3,-4,3,-3,4,-1,4,-1,4,-1,5,0,5,0,6,1,6,2,6,2,7,2,8,4,8,0,0,5,9,4,9,5,10,6,9,4,10,4,10,5,11,5,10,5,11,4,11,4,12,3,12,2,11,3,11,2,11,2,12,1,10,0,10,0,9,0,9,-1,9,-1,8,-1,8,-2,8,-3,8,-4,6,0,0,0,0,0,0,0,0,0,0,0,0,0,0,-52,-70,-52,-62,-59,-54,-50,-50,-53,-47,-48,-38,-41,-35,-41,-35,-41,-22,-38,-20,-34,-16,-31,-15,-30,-5,-28,-4,-29,0,-27,5,-23,12,-17,18,-16,13,-13,22,-8,22,-9,24,-2,24,-3,31,0,34,-2,37,7,44,12,41,11,42,16,44,15,43,20,57,20,51,25,55,24,59,19,62,16,60,19,65,15,62,13,66,15,70,11,68,7,63,9,70,8,67,4,60,1,60,-1,58,-5,57,-8,55,-4,51,-10,49,-13,49,-16,42,-14,43,-22,42,-24,35,0,0,0,0,0,0,0,0,0,0,0,0,0,0,0,0,0,0,0,0,0,0,-42,7,-40,6,-36,4,-36,4,-27,1,-29,3,-23,3,-23,3,-25,0,-19,7,-12,2,-12,11,-7,7,-5,8,-3,12,2,12,8,14,6,17,7,20,18,16,17,17,24,16,21,16,31,20,31,16,38,18,35,18,41,20,32,21,44,13,40,12,49,11,46,9,47,1,54,3,52,0,49,-4,60,-13,59,-14,57,-22,65,-22,64,-26,66,-36,66,-36,64,-42,61,-38,70,-41,65,-50,72,-56,68,-58,68,-60,63,-65,78,-70,69,-65,71,-71,70,-72,71,-64,0,0]"
CSI_DATA,123,1a:00:00:00:00:00,-48,11,1,0,1,1,1,0,0,0,1,-96,0,11,2,1870818,0,44,0,384,0,"[0,0,0,0,0,0,0,0,0,0,0,0,-7,-10,-7,-9,-7,-8,-7,-8,-7,-7,-6,-5,-6,-4,-6,-3,-6,-3,-6,-2,-5,-1,-5,0,-4,0,-4,1,-4,1,-4,3,-3,3,-3,4,-3,5,-2,5,-2,6,-2,6,-1,6,0,8,0,8,0,9,0,0,1,9,1,10,1,10,1,11,0,11,0,12,1,12,0,11,0,12,-1,12,-1,12,-1,11,-2,11,-2,11,-3,11,-3,10,-3,10,-3,9,-4,8,-4,8,-4,8,-4,7,-4,7,-5,6,-6,5,-6,4,0,0,0,0,0,0,0,0,0,0,0,0,0,0,-51,-80,-44,-69,-52,-66,-47,-57,-42,-54,-39,-56,-37,-44,-37,-39,-32,-29,-34,-27,-31,-19,-35,-12,-33,-17,-26,-9,-26,-1,-21,2,-24,7,-21,7,-17,14,-15,19,-17,20,-13,24,-14,27,-9,31,-2,39,-1,37,-4,37,2,46,6,45,7,51,12,49,10,55,7,54,15,61,11,58,9,68,12,65,12,68,7,69,5,74,7,66,0,70,1,64,-4,71,-2,64,-6,59,-8,65,-9,56,-11,54,-9,52,-13,54,-16,52,-16,48,-23,45,-23,43,-23,34,-30,32,0,0,0,0,0,0,0,0,0,0,0,0,0,0,0,0,0,0,0,0,0,0,-39,-6,-38,-6,-38,-8,-37,-6,-28,-11,-31,-7,-24,-5,-24,-5,-22,0,-18,-1,-16,-1,-12,0,-9,8,-5,8,-3,9,0,12,1,14,6,18,10,19,7,17,11,21,18,23,14,25,23,23,20,24,24,28,28,30,35,25,33,30,41,25,33,19,45,22,41,21,47,15,52,16,52,10,53,7,60,6,63,3,68,-3,69,-7,69,-13,73,-17,70,-21,71,-24,81,-31,75,-34,76,-39,79,-37,79,-42,86,-46,89,-51,93,-52,82,-50,88,-55,85,-57,86,-54,0,0]"
CSI_DATA,124,1a:00:00:00:00:00,-48,11,1,0,1,1,1,0,0,0,1,-96,0,11,2,1900283,0,44,0,384,0,"[0,0,0,0,0,0,0,0,0,0,0,0,-8,8,-7,8,-5,7,-5,7,-3,6,-3,6,-3,6,-2,5,-1,5,0,4,1,3,1,3,2,2,3,2,3,1,4,1,5,0,5,0,5,-1,6,-2,6,-2,6,-3,7,-3,7,-4,8,-4,8,-5,0,0,9,-7,9,-6,10,-7,10,-6,10,-6,11,-6,11,-7,11,-7,11,-7,11,-5,12,-5,11,-4,11,-4,11,-4,11,-3,11,-3,10,-3,10,-2,10,-2,10,-1,9,0,8,0,8,0,8,1,7,2,7,2,0,0,0,0,0,0,0,0,0,0,0,0,0,0,-67,50,-60,47,-50,48,-49,44,-43,39,-38,43,-32,39,-29,38,-22,37,-18,31,-10,36,-6,28,-2,28,4,24,2,22,10,19,13,17,18,19,21,15,21,8,32,5,25,6,25,1,34,-5,36,-4,38,-7,36,-7,46,-17,47,-16,48,-21,49,-20,53,-22,54,-23,59,-27,60,-25,68,-26,68,-21,62,-22,71,-21,67,-20,63,-19,66,-9,65,-14,67,-13,67,-7,62,-8,62,-5,61,-1,50,-2,52,2,52,3,50,7,52,10,44,9,41,14,38,19,35,22,0,0,0,0,0,0,0,0,0,0,0,0,0,0,0,0,0,0,0,0,0,0,-5,36,-3,33,-3,31,-2,32,-7,26,-1,25,-4,22,-1,19,-1,18,2,12,3,11,5,8,10,5,13,-1,12,2,17,-4,20,-7,16,-6,22,-10,18,-10,16,-17,25,-16,21,-22,25,-27,21,-28,25,-32,20,-32,22,-35,20,-38,22,-40,14,-43,18,-46,15,-43,8,-44,4,-50,3,-55,2,-51,-8,-56,-8,-54,-19,-64,-16,-63,-22,-65,-26,-69,-34,-65,-31,-66,-37,-62,-44,-65,-43,-68,-49,-68,-53,-73,-56,-73,-59,-74,-67,-76,-59,-72,-67,-75,-68,-75,-59,-70,0,0]"
CSI_DATA,125,1a:00:00:00:00:00,-47,11,1,0,1,1,1,0,0,0,1,-96,0,11,2,1910283,0,44,0,384,0,"[0,0,0,0,0,0,0,0,0,0,0,0,-5,10,-4,10,-2,8,-2,8,-1,7,-1,6,0,6,1,5,1,4,2,3,2,3,3,2,3,1,4,0,4,0,4,-1,4,-2,5,-2,5,-3,5,-4,5,-5,5,-5,6,-5,6,-7,6,-7,6,-8,0,0,7,-9,8,-9,8,-9,8,-10,8,-9,8,-9,9,-9,9,-10,9,-9,10,-9,10,-8,9,-7,9,-7,10,-7,9,-6,10,-6,9,-5,9,-6,9,-4,9,-4,9,-3,8,-2,8,-2,8,-1,8,0,7,0,0,0,0,0,0,0,0,0,0,0,0,0,0,0,-35,73,-32,68,-26,69,-20,56,-17,61,-10,52,-15,50,-5,44,-1,38,-5,34,7,35,10,26,9,24,16,19,13,13,16,17,22,12,17,4,27,5,23,-2,28,-7,31,-14,23,-19,29,-21,29,-23,34,-26,33,-28,33,-35,35,-34,35,-41,39,-39,41,-49,35,-44,37,-55,42,-51,47,-50,44,-51,40,-52,46,-50,53,-51,51,-51,48,-44,56,-42,56,-42,53,-41,50,-36,54,-34,52,-36,52,-26,47,-23,48,-26,45,-19,50,-18,45,-11,46,-9,42,-5,39,1,0,0,0,0,0,0,0,0,0,0,0,0,0,0,0,0,0,0,0,0,0,0,9,32,8,33,6,28,5,28,2,24,1,23,5,18,5,13,9,13,5,13,8,6,9,2,14,1,11,0,12,-4,14,-12,10,-15,15,-14,13,-21,12,-20,13,-22,13,-27,13,-30,10,-33,10,-36,10,-40,12,-38,12,-43,9,-41,1,-52,-4,-45,-1,-48,-4,-50,-10,-49,-13,-50,-18,-54,-20,-51,-26,-56,-30,-57,-39,-60,-43,-49,-47,-54,-45,-55,-55,-51,-54,-49,-62,-53,-64,-44,-65,-42,-69,-43,-77,-37,-78,-42,-84,-44,-85,-45,-78,-40,-89,-44,-87,-42,-83,-39,0,0]"
CSI_DATA,126,1a:00:00:00:00:00,-47,11,1,0,1,1,1,0,0,0,1,-96,0,11,2,1930664,0,44,0,384,0,"[0,0,0,0,0,0,0,0,0,0,0,0,-3,-11,-3,-9,-5,-8,-4,-8,-4,-7,-4,-6,-4,-4,-4,-3,-4,-3,-4,-2,-4,-1,-4,0,-4,1,-4,2,-4,2,-3,3,-2,4,-3,5,-2,5,-2,6,-2,7,-1,7,-1,8,-1,9,-1,9,0,9,0,0,0,11,0,12,1,11,1,13,0,12,0,13,0,13,0,12,0,13,-1,13,-1,13,-2,12,-2,12,-2,11,-3,11,-3,11,-3,11,-3,10,-3,9,-3,9,-4,9,-4,8,-4,8,-5,7,-6,6,-6,5,0,0,0,0,0,0,0,0,0,0,0,0,0,0,-11,-39,-11,-33,-9,-35,-12,-29,-13,-29,-11,-22,-12,-19,-11,-16,-11,-14,-12,-12,-13,-11,-11,-9,-12,-4,-10,-1,-10,1,-9,3,-8,7,-7,6,-5,8,-6,12,-5,14,-5,15,-2,15,0,16,2,17,2,21,1,23,6,26,6,24,7,27,6,27,8,30,6,31,9,32,10,32,9,33,9,35,7,33,4,33,5,33,5,34,5,34,2,35,4,34,2,34,-1,33,-1,31,0,31,-1,29,-2,27,-5,27,-4,26,-5,25,-8,23,-6,21,-9,19,-10,16,0,0,0,0,0,0,0,0,0,0,0,0,0,0,0,0,0,0,0,0,0,0,-10,-14,-9,-13,-8,-15,-8,-13,-7,-12,-7,-7,-4,-9,-5,-5,-5,-6,-5,-5,-6,-2,-5,0,-2,1,-3,4,-3,5,-4,10,-3,10,-3,9,1,12,-1,12,-1,13,3,14,1,16,4,17,4,19,5,19,6,19,9,19,8,20,13,19,10,17,14,22,17,20,16,18,21,18,19,16,21,14,25,13,26,11,31,10,30,10,35,9,34,7,35,4,35,1,40,3,38,-2,39,-3,41,-6,41,-6,40,-7,42,-10,47,-9,45,-11,46,-11,44,-10,42,-14,0,0]"
CSI_DATA,127,1a:00:00:00:00:00,-48,11,1,0,1,1,1,0,0,0,1,-96,0,11,2,1940286,0,44,0,384,0,"[0,0,0,0,0,0,0,0,0,0,0,0,5,8,6,7,6,5,5,5,5,3,4,2,4,1,4,0,3,0,3,-1,2,-1,2,-3,2,-3,1,-4,1,-4,0,-5,-1,-6,-1,-6,-1,-7,-2,-8,-3,-8,-3,-8,-3,-8,-5,-9,-5,-10,-5,-10,0,0,-7,-11,-6,-12,-7,-13,-7,-11,-6,-13,-7,-13,-7,-13,-6,-12,-7,-13,-6,-13,-5,-13,-5,-13,-4,-12,-4,-13,-4,-12,-3,-13,-3,-12,-3,-11,-2,-11,-2,-10,-2,-10,-1,-10,-1,-10,0,-9,1,-9,2,-8,0,0,0,0,0,0,0,0,0,0,0,0,0,0,28,67,30,63,32,56,31,48,31,50,28,41,24,33,27,28,28,22,24,19,22,10,19,6,26,-2,19,1,17,-9,15,-12,9,-19,10,-21,6,-21,7,-26,3,-31,0,-31,-6,-32,-7,-38,-11,-36,-8,-48,-11,-44,-16,-48,-21,-49,-25,-55,-27,-55,-25,-61,-25,-56,-29,-58,-32,-63,-26,-66,-24,-67,-29,-67,-26,-70,-24,-73,-23,-65,-21,-67,-18,-66,-23,-72,-17,-70,-14,-66,-6,-65,-14,-60,-8,-58,-1,-53,-3,-57,-3,-51,2,-53,4,-48,6,-43,8,-46,13,-39,0,0,0,0,0,0,0,0,0,0,0,0,0,0,0,0,0,0,0,0,0,0,28,18,24,20,22,16,17,16,17,16,14,15,16,11,10,9,10,5,11,2,7,0,6,-3,2,-5,3,-8,-1,-14,0,-18,-4,-20,-3,-18,-9,-19,-8,-23,-10,-30,-13,-31,-13,-33,-20,-32,-22,-33,-27,-29,-24,-34,-29,-36,-27,-32,-33,-38,-34,-33,-42,-32,-36,-30,-45,-31,-48,-31,-52,-24,-48,-17,-53,-13,-56,-14,-65,-9,-67,-8,-67,-4,-67,1,-73,6,-72,7,-64,19,-75,15,-75,23,-78,28,-83,25,-75,29,-81,35,-89,40,-74,33,-84,49,-82,46,-74,34,0,0]"
CSI_DATA,128,1a:00:00:00:00:00,-47,11,1,0,1,1,1,0,0,0,1,-96,0,11,2,1960433,0,44,0,384,0,"[0,0,0,0,0,0,0,0,0,0,0,0,-7,-9,-7,-8,-7,-6,-7,-5,-6,-5,-6,-3,-5,-2,-5,-1,-4,0,-4,0,-3,0,-3,2,-3,3,-2,3,-2,3,-1,5,0,4,0,5,1,5,2,6,2,7,3,7,3,7,4,8,4,9,5,8,0,0,6,9,6,10,7,11,7,10,7,11,6,10,7,11,7,11,6,11,5,11,4,12,5,12,4,11,4,11,3,11,3,11,3,10,2,10,2,9,2,9,1,9,1,8,0,8,-1,8,-2,8,-2,7,0,0,0,0,0,0,0,0,0,0,0,0,0,0,-41,-62,-48,-61,-42,-51,-37,-47,-37,-41,-34,-31,-32,-27,-32,-23,-31,-13,-28,-17,-23,-10,-22,-5,-23,-1,-19,2,-15,3,-10,11,-13,22,-6,18,-11,21,2,25,5,27,2,29,11,26,5,33,12,38,16,41,19,41,24,44,28,45,33,47,29,50,30,51,37,53,39,56,41,55,34,60,38,62,38,63,31,59,36,65,38,67,32,63,29,66,31,63,24,59,25,63,20,61,17,58,13,54,12,50,13,55,10,54,3,51,-3,52,1,45,-7,46,-8,37,0,0,0,0,0,0,0,0,0,0,0,0,0,0,0,0,0,0,0,0,0,0,-30,-15,-26,-15,-24,-17,-24,-12,-18,-14,-18,-8,-18,-8,-16,-8,-10,-7,-6,-5,-7,2,-10,0,-6,5,-2,5,0,14,3,11,7,17,8,20,10,18,6,22,8,25,15,30,22,33,24,33,25,31,26,34,27,31,27,24,36,33,42,25,41,28,44,25,44,24,44,23,50,20,49,18,56,12,60,4,57,4,64,-6,61,-3,69,-14,67,-15,71,-20,63,-24,68,-20,67,-27,76,-36,69,-39,77,-43,76,-47,74,-46,75,-42,79,-52,81,-56,75,-55,77,-48,0,0]"
CSI_DATA,129,1a:00:00:00:00:00,-48,11,1,0,1,1,1,0,0,0,1,-96,0,11,2,1980257,0,44,0,384,0,"[0,0,0,0,0,0,0,0,0,0,0,0,4,-9,4,-9,2,-8,1,-7,1,-7,1,-6,0,-5,-1,-5,-1,-5,-2,-3,-2,-3,-3,-2,-3,-1,-4,-1,-4,0,-5,1,-5,2,-5,2,-5,2,-6,4,-6,3,-5,5,-6,5,-6,6,-6,6,-6,7,0,0,-6,8,-7,9,-7,9,-7,9,-7,9,-8,9,-9,9,-8,9,-8,9,-8,9,-9,9,-9,8,-9,7,-8,7,-9,7,-9,7,-9,6,-8,5,-8,5,-8,5,-8,4,-8,3,-8,3,-8,2,-7,2,-8,1,0,0,0,0,0,0,0,0,0,0,0,0,0,0,40,-66,33,-62,27,-61,23,-55,25,-56,15,-47,14,-44,9,-38,3,-36,0,-33,-3,-29,-7,-23,-9,-21,-12,-14,-19,-9,-16,-5,-20,-2,-23,2,-20,7,-23,13,-23,16,-23,16,-26,23,-25,24,-24,28,-28,34,-24,37,-25,42,-24,42,-30,51,-27,53,-29,53,-28,56,-28,59,-25,61,-33,57,-34,61,-34,60,-37,63,-35,54,-43,61,-42,56,-40,60,-40,56,-40,52,-40,51,-44,46,-46,44,-40,39,-38,33,-38,29,-39,29,-40,29,-42,26,-41,19,-39,19,-38,12,0,0,0,0,0,0,0,0,0,0,0,0,0,0,0,0,0,0,0,0,0,0,-3,-32,2,-29,4,-28,5,-29,3,-26,-2,-17,-1,-16,0,-14,-1,-13,-3,-8,-6,-9,-10,-2,-10,-1,-9,-1,-18,4,-15,8,-14,14,-12,19,-18,16,-15,23,-20,25,-20,24,-20,30,-20,29,-19,38,-13,39,-17,37,-20,45,-14,46,-13,49,-9,45,-9,53,-5,55,-2,49,0,52,3,52,9,52,15,57,16,58,28,58,31,52,33,53,40,56,42,59,48,56,62,49,57,49,55,47,61,51,66,50,75,45,78,47,76,52,75,41,81,51,81,45,77,48,0,0]"
CSI_DATA,130,1a:00:00:00:00:00,-48,11,1,0,1,1,1,0,0,0,1,-96,0,11,2,1990440,0,44,0,384,0,"[0,0,0,0,0,0,0,0,0,0,0,0,-11,-1,-10,-1,-9,0,-8,0,-7,0,-6,0,-5,2,-4,2,-3,2,-3,2,-2,3,-1,3,0,2,0,3,1,3,3,3,3,3,4,3,4,2,5,3,6,3,7,3,8,3,8,2,9,2,9,2,0,0,11,3,11,2,12,2,12,2,11,3,12,3,12,3,12,3,12,3,12,4,12,4,11,5,10,5,10,5,10,5,10,5,9,5,8,5,8,5,7,5,7,5,7,5,6,6,4,6,4,6,3,6,0,0,0,0,0,0,0,0,0,0,0,0,0,0,-41,-4,-38,-2,-33,-1,-32,-1,-30,0,-24,2,-23,4,-21,3,-19,5,-13,6,-13,7,-9,7,-8,8,-7,7,-2,6,-1,7,5,10,4,9,6,8,8,9,11,7,12,7,15,4,15,5,18,6,21,6,22,4,25,4,25,2,28,0,30,4,33,3,31,2,34,4,33,3,34,4,36,3,35,3,36,5,36,5,37,4,35,9,35,9,34,8,31,11,31,9,27,13,30,10,25,10,25,11,25,11,23,12,21,14,19,15,16,14,15,15,12,16,0,0,0,0,0,0,0,0,0,0,0,0,0,0,0,0,0,0,0,0,0,0,-16,9,-14,6,-12,6,-13,5,-10,4,-10,4,-8,3,-6,5,-6,3,-3,3,-1,3,0,3,1,3,2,4,5,4,7,5,8,3,10,4,11,4,14,2,14,1,18,2,19,0,18,2,22,0,20,-3,22,-2,22,-5,26,-5,22,-8,24,-9,24,-11,23,-13,23,-15,23,-15,20,-19,20,-19,20,-23,20,-23,17,-28,16,-27,16,-32,16,-34,12,-38,12,-36,6,-37,8,-40,6,-39,4,-43,5,-47,7,-45,3,-48,4,-47,1,-47,3,-50,1,-48,0,-49,0,0]"
CSI_DATA,131,1a:00:00:00:00:00,-48,11,1,0,1,1,1,0,0,0,1,-96,0,11,2,2002539,0,44,0,384,0,"[0,0,0,0,0,0,0,0,0,0,0,0,5,-10,5,-8,2,-8,2,-8,1,-7,1,-7,0,-6,0,-5,-1,-5,-2,-3,-2,-4,-3,-2,-3,-2,-4,-1,-4,0,-5,0,-5,1,-6,1,-6,3,-6,3,-7,3,-6,5,-7,4,-7,6,-7,7,-7,7,0,0,-8,8,-8,8,-9,8,-9,9,-9,9,-9,9,-9,10,-9,8,-10,9,-10,8,-10,8,-10,7,-11,7,-10,6,-10,6,-10,6,-10,5,-10,5,-10,4,-9,4,-9,3,-9,3,-9,2,-9,1,-8,0,-8,0,0,0,0,0,0,0,0,0,0,0,0,0,0,0,41,-66,36,-57,30,-66,25,-56,21,-50,20,-51,15,-43,10,-47,6,-38,-1,-32,-2,-27,-3,-26,-9,-20,-11,-17,-17,-15,-18,-9,-22,-4,-20,-1,-21,3,-26,8,-27,10,-27,15,-25,22,-28,24,-25,25,-29,26,-28,32,-35,39,-33,41,-28,47,-31,43,-34,55,-33,49,-39,54,-27,49,-41,58,-38,56,-35,55,-40,57,-44,54,-40,50,-43,50,-45,50,-45,48,-50,48,-44,44,-47,41,-45,36,-43,36,-45,33,-41,27,-43,28,-42,24,-44,20,-42,19,-42,13,-40,6,0,0,0,0,0,0,0,0,0,0,0,0,0,0,0,0,0,0,0,0,0,0,1,-33,3,-31,-2,-28,1,-29,5,-25,2,-23,0,-20,1,-13,0,-12,-4,-7,-3,-6,-7,-1,-8,-3,-8,-1,-8,0,-8,7,-13,12,-16,13,-19,15,-18,17,-20,18,-18,26,-18,31,-17,32,-21,33,-13,38,-16,40,-14,42,-9,39,-11,48,-6,47,-1,51,-2,47,1,52,4,56,9,54,11,53,18,56,21,53,26,56,32,59,36,51,41,62,46,52,50,51,49,49,57,50,64,50,64,51,67,53,73,51,76,43,81,51,76,47,84,45,81,50,80,43,0,0]"
CSI_DATA,132,1a:00:00:00:00:00,-48,11,1,0,1,1,1,0,0,0,1,-96,0,11,2,2010230,0,44,0,384,0,"[0,0,0,0,0,0,0,0,0,0,0,0,-10,-6,-10,-4,-9,-4,-9,-4,-8,-2,-7,-1,-6,-1,-5,0,-5,0,-4,1,-3,2,-3,3,-2,3,-1,3,-1,3,1,4,1,4,1,5,3,5,3,5,3,5,4,6,5,6,6,7,6,7,7,6,0,0,8,7,8,7,8,8,9,8,8,8,9,9,9,9,8,9,8,9,8,10,8,10,7,10,6,10,6,9,5,10,5,9,5,10,4,9,4,9,3,8,2,9,2,8,1,8,1,8,-1,7,-1,7,0,0,0,0,0,0,0,0,0,0,0,0,0,0,-61,-51,-61,-48,-60,-42,-56,-38,-50,-35,-47,-27,-46,-22,-39,-18,-37,-14,-36,-11,-34,-8,-26,-3,-22,8,-19,5,-11,12,-12,14,-11,20,-7,15,-1,25,2,23,5,31,9,25,10,31,14,36,18,35,24,35,27,33,33,39,32,38,39,40,36,37,42,45,44,43,46,46,50,49,47,51,47,50,50,53,44,53,45,53,42,55,34,60,41,57,36,54,31,59,33,55,25,56,27,53,26,54,23,57,13,50,11,46,19,45,4,45,6,45,0,43,-2,39,0,0,0,0,0,0,0,0,0,0,0,0,0,0,0,0,0,0,0,0,0,0,-36,-3,-34,-1,-31,-9,-28,-7,-27,-8,-23,-6,-22,-2,-19,-3,-17,-4,-14,0,-12,-2,-7,2,-3,6,-2,8,2,9,3,13,8,14,11,13,10,15,18,15,17,14,26,18,22,21,28,22,31,21,35,21,32,19,39,16,47,19,40,15,41,9,54,12,52,4,49,-2,51,2,55,-5,52,-9,56,-10,58,-17,59,-23,60,-26,57,-34,63,-35,62,-41,59,-45,68,-54,57,-55,56,-61,59,-61,59,-63,63,-71,63,-75,65,-74,60,-76,64,-77,57,-80,63,-76,0,0]"
CSI_DATA,133,1a:00:00:00:00:00,-48,11,1,0,1,1,1,0,0,0,1,-96,0,11,2,2020539,0,44,0,384,0,"[0,0,0,0,0,0,0,0,0,0,0,0,0,-12,-1,-11,-3,-10,-2,-9,-3,-8,-3,-7,-3,-6,-3,-5,-3,-4,-4,-3,-3,-3,-4,-1,-4,0,-5,1,-4,1,-4,2,-4,3,-4,3,-4,5,-3,6,-4,6,-4,6,-3,7,-3,8,-3,9,-3,9,0,0,-3,11,-4,11,-3,12,-3,12,-4,12,-4,12,-4,13,-4,12,-4,12,-5,12,-6,11,-6,11,-6,11,-6,11,-6,10,-6,10,-6,10,-6,9,-6,8,-6,8,-7,7,-7,6,-7,5,-7,5,-8,4,-8,3,0,0,0,0,0,0,0,0,0,0,0,0,0,0,-1,-40,-2,-39,-3,-39,-5,-33,-4,-30,-4,-27,-5,-26,-7,-22,-6,-19,-7,-18,-11,-14,-10,-11,-9,-9,-9,-7,-11,-5,-9,-2,-12,1,-9,4,-10,6,-13,8,-7,10,-11,12,-10,12,-7,18,-9,17,-7,19,-6,21,-6,23,-5,25,-4,26,-6,26,-4,29,-5,28,-2,30,-3,35,-4,33,-5,35,-6,33,-8,33,-7,36,-8,35,-10,32,-11,32,-10,32,-11,28,-12,30,-14,25,-11,28,-12,25,-12,25,-13,21,-15,22,-14,21,-16,18,-16,16,-18,15,-18,12,0,0,0,0,0,0,0,0,0,0,0,0,0,0,0,0,0,0,0,0,0,0,-10,-17,-9,-16,-8,-16,-9,-14,-7,-15,-5,-12,-5,-11,-3,-10,-8,-9,-4,-9,-6,-5,-4,-2,-5,-2,-3,-1,-5,0,-3,3,-4,5,-4,7,-2,7,-1,11,-2,11,-2,14,-1,14,0,17,2,16,3,18,1,19,4,19,6,20,9,22,9,20,12,20,11,19,12,19,17,18,18,20,22,18,23,17,24,16,28,15,29,16,32,14,34,11,36,9,36,8,35,6,39,7,41,4,43,4,46,3,45,4,49,0,48,2,48,0,49,-1,45,0,49,0,0,0]"
CSI_DATA,134,1a:00:00:00:00:00,-48,11,1,0,1,1,1,0,0,0,1,-96,0,11,2,2031929,0,44,0,384,0,"[0,0,0,0,0,0,0,0,0,0,0,0,-1,11,0,10,1,9,1,8,1,7,1,6,2,6,2,5,2,3,3,3,3,2,3,1,3,0,3,-1,3,-1,4,-2,4,-3,3,-3,3,-4,3,-5,4,-6,3,-7,4,-7,4,-8,4,-9,3,-9,0,0,3,-10,3,-11,4,-11,4,-12,4,-11,5,-11,4,-12,5,-11,5,-12,6,-11,6,-11,6,-10,7,-10,7,-10,7,-9,7,-9,7,-9,7,-8,7,-8,6,-7,7,-6,7,-6,7,-5,7,-4,7,-3,7,-2,0,0,0,0,0,0,0,0,0,0,0,0,0,0,2,39,-1,36,4,36,2,32,6,32,6,26,5,25,7,22,8,19,7,16,10,13,10,11,8,10,10,7,10,5,11,3,11,1,12,-3,10,-1,9,-7,11,-10,8,-10,8,-12,9,-14,6,-15,8,-17,6,-21,6,-23,5,-24,5,-26,4,-27,4,-28,5,-27,8,-33,6,-32,7,-33,8,-33,8,-33,10,-32,11,-32,9,-32,10,-32,11,-31,11,-32,14,-29,15,-27,14,-28,14,-26,15,-23,16,-23,16,-21,16,-21,16,-17,16,-16,17,-14,18,-14,18,-11,0,0,0,0,0,0,0,0,0,0,0,0,0,0,0,0,0,0,0,0,0,0,14,16,13,16,11,13,10,14,8,11,10,13,7,11,6,9,8,7,6,7,6,6,5,3,3,3,2,-1,3,-2,3,-3,2,-5,3,-7,2,-7,-2,-10,0,-13,-3,-11,-2,-15,-4,-14,-4,-16,-8,-19,-6,-16,-7,-19,-8,-17,-13,-20,-11,-19,-13,-19,-15,-19,-16,-17,-18,-19,-19,-17,-20,-16,-24,-15,-25,-13,-29,-13,-31,-14,-30,-10,-34,-10,-35,-8,-35,-8,-38,-8,-39,-5,-43,-2,-42,-1,-45,-1,-45,0,-47,4,-49,2,-47,2,-51,1,-49,4,-45,2,0,0]"
CSI_DATA,135,1a:00:00:00:00:00,-48,11,1,0,1,1,1,0,0,0,1,-96,0,11,2,2050262,0,44,0,384,0,"[0,0,0,0,0,0,0,0,0,0,0,0,-13,2,-12,3,-10,3,-9,3,-9,3,-8,3,-6,3,-5,4,-5,4,-3,3,-3,4,-1,4,-1,4,0,4,0,4,2,4,2,4,3,3,4,3,4,3,5,3,6,3,7,3,7,2,8,2,9,2,0,0,10,1,10,2,12,2,11,2,11,2,11,3,12,3,11,3,12,4,11,4,12,4,11,4,10,4,10,5,9,5,9,6,9,6,8,5,8,6,7,5,7,6,6,7,6,6,5,7,4,7,3,7,0,0,0,0,0,0,0,0,0,0,0,0,0,0,-46,-7,-38,-6,-41,-2,-35,-3,-33,2,-31,-1,-24,1,-27,4,-23,3,-20,7,-18,9,-13,9,-14,8,-10,10,-7,9,-6,9,-3,11,0,12,0,13,2,10,6,13,4,10,11,11,11,11,13,10,14,9,18,9,20,12,21,11,23,9,23,12,28,12,26,13,29,12,29,11,29,14,29,13,30,14,30,16,29,15,30,16,31,17,28,17,29,19,27,18,24,19,24,20,22,19,20,19,17,20,18,17,17,20,16,18,12,20,10,23,8,20,4,22,0,0,0,0,0,0,0,0,0,0,0,0,0,0,0,0,0,0,0,0,0,0,-19,12,-18,8,-18,8,-17,9,-17,9,-15,6,-14,6,-12,5,-10,5,-7,4,-7,5,-5,6,-5,6,-2,4,-1,3,1,0,4,2,6,2,6,3,8,0,7,0,14,0,12,0,13,0,17,-3,17,-3,17,-4,20,-5,20,-5,21,-6,20,-10,24,-11,19,-9,21,-15,22,-15,21,-16,16,-18,17,-20,17,-23,17,-25,17,-27,14,-31,15,-32,13,-36,13,-36,11,-43,11,-41,9,-40,9,-41,9,-44,9,-45,8,-49,8,-53,6,-48,5,-51,4,-52,5,-51,0,0]"
CSI_DATA,136,1a:00:00:00:00:00,-48,11,1,0,1,1,1,0,0,0,1,-96,0,11,2,2060263,0,44,0,384,0,"[0,0,0,0,0,0,0,0,0,0,0,0,-11,7,-9,7,-8,6,-8,6,-7,6,-6,5,-5,6,-4,5,-3,5,-2,4,-2,5,0,4,1,4,1,3,2,3,3,3,4,3,4,3,5,2,5,2,5,2,6,1,7,1,8,0,8,0,9,0,0,0,10,0,11,0,11,0,11,-1,11,1,12,1,12,0,12,1,12,1,12,2,12,2,11,3,11,2,11,3,11,4,10,4,10,4,9,4,9,5,8,4,7,5,6,5,6,5,6,6,4,6,4,6,0,0,0,0,0,0,0,0,0,0,0,0,0,0,-41,11,-40,9,-37,13,-32,10,-29,12,-28,11,-24,11,-24,13,-20,12,-16,11,-13,11,-12,11,-11,14,-5,13,-5,14,-3,11,-1,13,3,12,3,11,5,11,10,11,7,10,11,9,13,11,13,10,15,9,16,9,21,8,23,6,26,5,25,4,28,8,26,6,30,6,28,5,31,9,30,9,31,8,30,9,30,11,28,12,31,14,28,12,30,11,28,16,25,16,25,17,25,16,22,15,20,18,19,18,16,15,15,18,12,19,13,20,10,18,6,21,0,0,0,0,0,0,0,0,0,0,0,0,0,0,0,0,0,0,0,0,0,0,-5,21,-7,18,-7,19,-6,19,-8,14,-7,13,-6,12,-8,11,-5,11,-3,7,-4,7,-2,4,1,4,2,3,2,3,2,-1,4,0,6,-4,5,-3,8,-6,8,-7,9,-6,7,-9,12,-11,13,-10,12,-13,12,-13,11,-15,10,-14,12,-20,9,-19,12,-22,11,-21,11,-22,11,-24,10,-28,8,-25,4,-28,4,-30,0,-34,1,-34,-3,-36,-4,-35,-2,-36,-4,-37,-9,-40,-7,-42,-9,-42,-12,-43,-10,-43,-15,-45,-20,-46,-14,-50,-15,-45,-18,-49,-18,-50,-17,-49,0,0]"
CSI_DATA,137,1a:00:00:00:00:00,-48,11,1,0,1,1,1,0,0,0,1,-96,0,11,2,2070540,0,44,0,384,0,"[0,0,0,0,0,0,0,0,0,0,0,0,-12,3,-12,3,-10,3,-10,3,-8,3,-8,3,-7,4,-5,4,-5,4,-4,3,-3,4,-1,4,-2,4,-1,4,0,4,1,4,2,4,3,4,3,4,4,3,4,3,5,3,6,3,7,3,8,3,9,3,0,0,9,3,9,4,10,4,11,3,11,4,11,5,11,5,10,5,11,5,10,5,10,6,9,6,9,6,9,6,8,7,9,7,8,7,7,7,7,7,6,7,5,7,5,7,4,7,3,7,2,7,1,7,0,0,0,0,0,0,0,0,0,0,0,0,0,0,-43,7,-41,4,-36,8,-34,7,-31,11,-27,10,-25,7,-25,11,-19,10,-18,11,-15,10,-12,10,-10,11,-8,12,-5,11,-4,11,-1,11,1,11,2,11,4,9,8,12,8,10,12,9,13,10,13,8,15,7,18,8,19,4,21,7,22,6,26,7,27,7,27,7,30,6,28,8,30,10,29,8,30,10,31,11,29,12,30,12,29,12,28,13,28,14,26,14,26,15,24,15,24,16,19,16,20,16,17,16,14,17,15,18,14,20,12,17,10,17,6,19,0,0,0,0,0,0,0,0,0,0,0,0,0,0,0,0,0,0,0,0,0,0,-8,17,-12,16,-10,14,-10,13,-10,11,-9,10,-6,9,-10,9,-7,8,-5,7,-4,5,-4,5,-3,4,-1,3,0,4,3,1,4,0,4,-1,7,-2,8,-4,8,-4,12,-5,11,-6,12,-8,14,-9,14,-10,13,-10,13,-11,15,-11,16,-16,14,-15,15,-17,15,-18,14,-20,15,-20,11,-23,11,-24,9,-28,11,-28,8,-31,6,-32,4,-35,5,-36,2,-37,-1,-38,2,-37,0,-42,-6,-42,-3,-41,-7,-44,-9,-44,-10,-48,-8,-50,-9,-45,-9,-47,-10,-47,-9,-48,0,0]"
CSI_DATA,138,1a:00:00:00:00:00,-48,11,1,0,1,1,1,0,0,0,1,-96,0,11,2,2081178,0,44,0,384,0,"[0,0,0,0,0,0,0,0,0,0,0,0,11,-4,10,-4,8,-4,8,-4,6,-4,6,-4,5,-5,4,-5,3,-4,2,-4,2,-5,1,-5,0,-5,-1,-4,-1,-4,-2,-5,-3,-5,-3,-4,-4,-4,-5,-4,-6,-4,-6,-4,-7,-4,-7,-4,-8,-4,-9,-4,0,0,-10,-3,-10,-3,-11,-3,-11,-4,-11,-4,-11,-5,-11,-5,-11,-5,-11,-5,-11,-5,-11,-6,-10,-7,-10,-7,-9,-6,-9,-7,-9,-7,-8,-7,-8,-7,-8,-7,-7,-7,-6,-7,-6,-7,-4,-7,-4,-8,-3,-7,-2,-7,0,0,0,0,0,0,0,0,0,0,0,0,0,0,40,-11,37,-13,36,-15,30,-13,28,-14,25,-14,24,-14,20,-14,18,-13,16,-13,14,-15,10,-13,8,-14,6,-14,4,-12,1,-13,-1,-12,-2,-12,-6,-10,-5,-12,-11,-10,-9,-9,-11,-8,-15,-9,-17,-6,-17,-6,-19,-5,-25,-5,-24,-5,-26,-4,-26,-4,-28,-2,-28,-4,-32,-3,-31,-3,-34,-4,-35,-4,-33,-7,-35,-7,-32,-6,-32,-10,-31,-12,-31,-11,-33,-11,-31,-11,-29,-12,-29,-13,-26,-13,-24,-14,-22,-15,-20,-15,-21,-16,-19,-15,-16,-14,-15,-18,-14,-19,-12,-20,0,0,0,0,0,0,0,0,0,0,0,0,0,0,0,0,0,0,0,0,0,0,5,-22,7,-18,8,-17,8,-14,7,-15,8,-14,6,-12,7,-9,5,-9,3,-9,2,-7,0,-8,-1,-5,0,-4,-3,-2,-3,-1,-6,1,-10,0,-7,-1,-9,4,-10,5,-12,6,-11,7,-11,10,-15,9,-12,12,-13,13,-12,14,-14,16,-14,18,-11,18,-14,23,-12,23,-10,22,-12,23,-8,26,-6,28,-8,29,-6,30,-4,33,-2,33,2,34,1,36,4,37,5,40,4,38,7,41,10,38,11,42,11,42,14,45,16,44,14,49,16,47,19,49,17,49,16,46,0,0]"
CSI_DATA,139,1a:00:00:00:00:00,-48,11,1,0,1,1,1,0,0,0,1,-96,0,11,2,2091741,0,44,0,384,0,"[0,0,0,0,0,0,0,0,0,0,0,0,4,10,5,9,5,9,5,8,4,7,4,5,4,4,4,3,4,3,4,2,4,1,4,0,3,-1,4,-2,3,-2,3,-3,3,-4,3,-4,2,-5,3,-6,2,-7,2,-7,2,-7,1,-8,1,-9,1,-9,0,0,0,-10,1,-11,0,-12,0,-12,1,-12,1,-12,1,-12,1,-12,2,-12,3,-12,3,-12,3,-11,3,-11,3,-11,4,-11,4,-10,4,-10,4,-10,4,-9,4,-8,5,-8,5,-7,5,-7,5,-6,6,-5,5,-4,0,0,0,0,0,0,0,0,0,0,0,0,0,0,14,42,13,38,14,33,14,31,12,28,14,27,13,23,12,19,12,17,13,15,12,12,12,10,11,9,14,4,12,4,11,-1,9,-4,9,-6,9,-7,8,-8,9,-10,8,-13,5,-12,6,-13,6,-16,6,-21,3,-19,0,-22,3,-25,1,-25,1,-26,2,-28,0,-30,0,-30,0,-33,2,-31,2,-35,1,-32,5,-34,5,-33,6,-33,6,-32,8,-33,7,-34,9,-30,11,-31,9,-28,10,-27,11,-23,14,-24,13,-25,13,-22,13,-20,14,-17,14,-16,14,-16,17,-12,0,0,0,0,0,0,0,0,0,0,0,0,0,0,0,0,0,0,0,0,0,0,19,7,17,8,16,9,15,9,13,8,11,6,11,6,10,5,9,3,7,6,5,3,5,0,3,-1,2,0,0,-3,1,-3,-2,-6,-1,-7,-3,-8,-4,-11,-5,-11,-5,-13,-8,-13,-10,-14,-11,-16,-13,-15,-16,-16,-15,-15,-16,-13,-19,-14,-18,-15,-21,-15,-20,-15,-25,-11,-24,-11,-25,-12,-26,-9,-29,-7,-32,-6,-35,-4,-34,-3,-37,1,-34,2,-40,3,-37,3,-41,8,-40,5,-43,8,-44,11,-46,13,-44,13,-48,16,-47,11,-46,13,-50,18,-47,17,-47,18,0,0]"
CSI_DATA,140,1a:00:00:00:00:00,-48,11,1,0,1,1,1,0,0,0,1,-96,0,11,2,2100923,0,44,0,384,0,"[0,0,0,0,0,0,0,0,0,0,0,0,5,-11,4,-10,3,-11,2,-9,1,-9,1,-8,0,-7,0,-6,-1,-6,-2,-5,-3,-5,-3,-4,-4,-3,-4,-2,-5,-2,-5,-2,-5,-1,-6,0,-5,0,-6,1,-6,2,-7,2,-7,2,-8,4,-8,4,-8,5,0,0,-8,5,-9,6,-10,6,-10,6,-10,6,-11,6,-10,6,-11,6,-11,6,-12,5,-12,5,-11,3,-11,4,-11,3,-11,3,-11,2,-11,2,-10,1,-10,1,-10,1,-10,0,-9,-1,-9,-2,-8,-2,-8,-2,-7,-3,0,0,0,0,0,0,0,0,0,0,0,0,0,0,20,-38,16,-34,14,-36,12,-34,10,-31,9,-28,7,-24,7,-27,2,-23,3,-19,-4,-20,-3,-17,-4,-16,-6,-11,-7,-9,-9,-9,-10,-5,-10,-6,-10,-3,-12,-2,-14,0,-14,1,-13,5,-14,5,-16,6,-16,11,-17,10,-15,13,-17,16,-18,15,-17,16,-19,21,-20,17,-20,22,-20,21,-22,21,-21,23,-23,22,-24,20,-25,21,-24,18,-28,21,-27,18,-27,16,-25,16,-26,15,-28,13,-24,13,-26,12,-24,9,-24,10,-23,8,-24,6,-23,4,-22,1,-21,1,-22,-3,0,0,0,0,0,0,0,0,0,0,0,0,0,0,0,0,0,0,0,0,0,0,-5,-20,-4,-19,-2,-19,-1,-21,1,-15,-1,-15,-2,-12,-2,-12,-5,-11,-1,-8,-1,-9,-2,-6,-2,-5,-5,-2,-4,-1,-5,2,-6,3,-6,6,-6,7,-7,9,-5,9,-6,13,-5,14,-6,15,-8,18,-3,19,-5,18,-3,21,-3,20,-2,22,0,23,0,24,3,26,4,26,7,24,10,27,10,25,13,26,15,28,18,27,18,27,22,26,24,26,26,27,25,25,36,25,33,23,34,21,35,24,38,22,40,26,41,21,43,24,41,23,44,24,44,22,40,23,0,0]"
CSI_DATA,141,1a:00:00:00:00:00,-48,11,1,0,1,1,1,0,0,0,1,-96,0,11,2,2120294,0,44,0,384,0,"[0,0,0,0,0,0,0,0,0,0,0,0,3,10,2,9,4,8,3,7,3,6,3,5,3,4,3,3,3,2,3,1,3,1,3,0,3,-1,3,-2,3,-3,2,-3,2,-3,2,-4,2,-5,1,-5,1,-6,0,-7,0,-7,0,-8,0,-9,-1,-9,0,0,-1,-10,0,-10,-1,-11,-1,-11,-1,-12,0,-12,0,-12,0,-12,0,-12,1,-12,1,-11,1,-11,1,-11,1,-10,2,-10,2,-10,2,-10,2,-9,3,-9,3,-8,3,-8,4,-7,4,-7,4,-6,5,-5,5,-5,0,0,0,0,0,0,0,0,0,0,0,0,0,0,10,40,9,35,11,35,11,32,14,27,13,24,10,20,11,21,12,18,12,16,12,11,10,9,11,7,9,4,8,2,8,-1,10,-3,9,-6,9,-6,7,-6,7,-10,6,-11,3,-15,4,-15,3,-17,1,-20,-1,-19,-4,-20,-3,-23,-4,-26,-4,-24,-3,-27,-2,-29,-6,-29,-6,-28,-4,-31,-2,-32,-5,-34,-1,-32,-4,-33,-4,-31,-1,-32,0,-31,0,-30,1,-33,4,-30,3,-31,5,-27,6,-26,7,-25,7,-26,8,-24,6,-23,8,-20,10,-19,10,-17,13,-15,0,0,0,0,0,0,0,0,0,0,0,0,0,0,0,0,0,0,0,0,0,0,14,13,13,12,11,12,11,13,10,11,9,10,8,9,7,8,4,7,5,2,7,3,5,1,6,-1,2,-3,2,-3,2,-5,0,-9,0,-8,0,-10,-1,-13,-3,-13,-3,-13,-4,-16,-7,-18,-8,-19,-10,-20,-12,-20,-12,-18,-11,-19,-16,-20,-14,-21,-18,-21,-19,-18,-21,-16,-21,-18,-23,-16,-26,-14,-29,-12,-32,-12,-34,-9,-36,-10,-35,-7,-39,-4,-39,-2,-41,-2,-44,-1,-43,2,-42,5,-45,6,-46,8,-47,9,-49,11,-50,11,-47,11,-51,12,-49,12,-46,11,0,0]"
CSI_DATA,142,1a:00:00:00:00:00,-48,11,1,0,1,1,1,0,0,0,1,-96,0,11,2,2130290,0,44,0,384,0,"[0,0,0,0,0,0,0,0,0,0,0,0,8,7,7,6,8,4,7,4,6,4,6,2,5,2,4,0,4,0,4,-1,3,-1,3,-2,2,-3,2,-3,1,-4,0,-5,-1,-5,0,-5,-1,-5,-2,-6,-2,-6,-3,-7,-4,-7,-4,-7,-5,-8,-5,-8,0,0,-6,-9,-6,-10,-6,-10,-7,-10,-6,-10,-6,-10,-6,-11,-6,-10,-6,-11,-5,-11,-5,-11,-4,-11,-3,-11,-3,-11,-3,-11,-3,-11,-2,-11,-3,-10,-2,-10,-1,-9,0,-9,0,-9,0,-9,1,-8,2,-8,2,-7,0,0,0,0,0,0,0,0,0,0,0,0,0,0,65,50,59,45,65,39,55,36,57,32,48,29,45,17,42,18,37,14,34,8,38,5,27,0,26,-3,25,-5,19,-7,12,-12,10,-15,7,-19,4,-20,2,-20,-1,-25,-4,-26,-10,-22,-11,-30,-18,-27,-26,-31,-23,-30,-32,-33,-31,-28,-37,-38,-33,-34,-46,-40,-35,-34,-47,-41,-43,-40,-42,-46,-46,-47,-45,-45,-42,-50,-44,-53,-37,-45,-38,-49,-38,-48,-38,-50,-33,-50,-29,-51,-31,-50,-29,-46,-27,-47,-21,-48,-24,-44,-16,-47,-12,-43,-8,-42,-8,-39,-8,-46,2,-42,0,0,0,0,0,0,0,0,0,0,0,0,0,0,0,0,0,0,0,0,0,0,38,-1,37,1,33,2,34,1,28,2,28,2,24,-1,19,-1,19,-4,13,-3,13,-6,11,-9,7,-7,1,-11,1,-11,1,-18,-7,-16,-11,-16,-15,-13,-16,-14,-22,-21,-24,-19,-29,-24,-33,-24,-34,-19,-35,-19,-41,-19,-44,-18,-41,-13,-48,-13,-45,-8,-57,-11,-58,-10,-60,-5,-59,-1,-59,3,-57,9,-58,14,-58,19,-61,27,-71,26,-66,37,-65,35,-68,51,-60,50,-69,57,-67,60,-63,57,-63,64,-65,67,-63,74,-61,76,-64,82,-58,72,-64,82,-61,82,-57,74,0,0]"
CSI_DATA,143,1a:00:00:00:00:00,-48,11,1,0,1,1,1,0,0,0,1,-96,0,11,2,2140698,0,44,0,384,0,"[0,0,0,0,0,0,0,0,0,0,0,0,-5,-10,-5,-9,-6,-7,-5,-8,-6,-6,-5,-5,-5,-4,-4,-3,-5,-3,-4,-2,-4,-1,-4,0,-4,0,-3,1,-4,2,-3,3,-2,3,-2,4,-2,4,-1,5,-1,5,-1,6,0,6,0,7,0,7,1,8,0,0,1,9,1,9,1,10,1,10,1,10,1,10,1,11,1,10,1,11,0,10,-1,10,-1,10,-1,10,-2,10,-2,9,-3,9,-2,9,-3,8,-3,8,-3,8,-3,7,-4,7,-4,6,-4,6,-5,5,-5,4,0,0,0,0,0,0,0,0,0,0,0,0,0,0,-12,-41,-12,-38,-16,-36,-11,-31,-12,-30,-13,-27,-15,-21,-12,-21,-12,-17,-12,-16,-11,-12,-12,-9,-11,-6,-11,-3,-11,-2,-11,0,-8,4,-9,5,-8,7,-5,7,-7,10,-6,11,-5,16,-4,15,-3,16,-1,19,-1,18,2,20,3,24,4,23,4,22,3,30,1,26,4,29,5,28,1,33,0,30,3,32,-1,32,0,32,1,29,0,32,-2,31,-3,30,-3,30,-7,28,-7,29,-7,26,-7,24,-8,23,-10,23,-9,22,-10,22,-12,19,-12,17,-12,16,-16,12,0,0,0,0,0,0,0,0,0,0,0,0,0,0,0,0,0,0,0,0,0,0,-18,-8,-17,-9,-13,-8,-14,-9,-13,-8,-12,-6,-9,-4,-9,-4,-9,-3,-7,-2,-6,1,-5,4,-5,1,-5,5,-3,7,-2,6,1,8,-1,11,3,12,4,12,1,15,6,14,5,17,9,15,10,18,11,16,13,20,14,18,14,18,18,18,17,17,21,19,21,16,20,15,24,13,25,14,25,12,31,7,32,8,33,5,36,3,36,0,39,2,39,-2,39,-2,44,-5,44,-6,42,-9,43,-12,44,-13,44,-13,47,-16,49,-17,47,-16,50,-16,49,-17,46,-15,0,0]"
CSI_DATA,144,1a:00:00:00:00:00,-48,11,1,0,1,1,1,0,0,0,1,-96,0,11,2,2170483,0,44,0,384,0,"[0,0,0,0,0,0,0,0,0,0,0,0,-7,-9,-7,-8,-7,-7,-7,-7,-7,-5,-6,-4,-6,-3,-5,-2,-4,-2,-4,-1,-3,0,-3,1,-3,1,-2,2,-2,3,-1,3,0,3,1,4,1,4,1,5,2,5,3,6,3,5,4,6,4,7,5,7,0,0,6,7,6,8,7,8,7,8,7,9,6,9,7,9,7,9,7,9,6,10,6,10,6,9,5,9,5,10,4,10,3,10,3,9,3,9,2,9,2,8,1,9,1,8,1,7,0,7,-1,7,-1,7,0,0,0,0,0,0,0,0,0,0,0,0,0,0,-22,-33,-20,-30,-22,-28,-20,-26,-22,-23,-20,-20,-19,-16,-16,-16,-15,-11,-16,-9,-14,-9,-13,-5,-14,-2,-7,-2,-8,0,-5,1,-6,3,-4,6,-4,8,-2,10,1,9,2,12,6,10,4,13,7,15,9,15,11,15,13,15,13,18,18,16,16,17,20,18,20,17,21,22,24,20,19,25,23,21,22,22,20,24,20,25,21,24,19,25,17,24,18,25,15,24,16,27,13,24,14,24,10,23,12,24,9,22,8,21,8,21,5,23,4,23,2,20,0,19,0,0,0,0,0,0,0,0,0,0,0,0,0,0,0,0,0,0,0,0,0,0,-17,-8,-13,-9,-14,-12,-13,-10,-11,-10,-10,-8,-8,-6,-9,-7,-7,-3,-9,-3,-9,2,-5,1,-5,4,-5,3,-4,6,-3,7,0,7,-1,10,2,8,1,11,4,14,6,15,5,15,9,16,10,17,11,16,12,16,13,16,15,18,20,17,19,14,20,14,25,14,23,12,25,12,27,10,30,9,30,7,34,3,34,1,35,-1,37,-5,36,-5,38,-7,36,-12,39,-10,39,-11,39,-17,40,-17,42,-19,41,-20,41,-25,42,-24,40,-26,40,-27,40,-28,41,-23,0,0]"
CSI_DATA,145,1a:00:00:00:00:00,-48,11,1,0,1,1,1,0,0,0,1,-96,0,11,2,2180271,0,44,0,384,0,"[0,0,0,0,0,0,0,0,0,0,0,0,-1,-12,-1,-10,-2,-9,-2,-9,-2,-8,-2,-7,-3,-5,-3,-4,-3,-4,-3,-3,-3,-2,-3,-1,-3,0,-3,1,-4,1,-3,2,-3,3,-2,3,-2,4,-2,5,-2,5,-1,6,-1,6,-1,8,-1,9,-1,9,0,0,0,9,-1,11,0,11,0,11,0,11,-1,12,-1,12,-1,12,-1,12,-2,11,-2,12,-3,11,-2,11,-2,10,-3,10,-3,10,-3,10,-3,9,-4,9,-4,8,-5,7,-4,7,-5,6,-5,6,-6,5,-6,5,0,0,0,0,0,0,0,0,0,0,0,0,0,0,1,-42,-1,-36,-5,-37,-4,-34,-4,-30,-7,-30,-6,-23,-5,-23,-7,-18,-7,-15,-8,-13,-8,-12,-7,-10,-8,-6,-9,-5,-8,-1,-9,2,-7,4,-7,7,-7,8,-5,12,-7,11,-4,13,-2,14,-3,15,-2,16,-2,19,1,20,0,23,2,24,2,25,1,29,4,27,4,30,4,30,4,33,3,34,3,33,3,35,1,31,2,31,0,32,-1,32,-1,34,-2,31,-3,32,-6,28,-5,29,-5,26,-7,25,-6,25,-8,23,-5,24,-9,21,-11,18,-12,18,-15,15,0,0,0,0,0,0,0,0,0,0,0,0,0,0,0,0,0,0,0,0,0,0,-11,-18,-9,-16,-7,-14,-9,-16,-6,-14,-7,-12,-6,-9,-7,-11,-6,-6,-6,-4,-6,-4,-7,-2,-8,1,-5,3,-6,3,-6,3,-6,7,-8,8,-4,8,-3,11,-2,12,-2,16,-2,16,-1,20,1,20,2,21,2,23,4,22,4,21,10,24,7,24,12,26,12,25,14,24,18,22,18,22,20,22,25,19,26,20,29,19,29,20,34,15,37,15,37,11,40,10,44,7,42,8,43,6,42,5,45,2,46,3,47,1,52,2,45,-2,52,0,51,-2,47,3,0,0]"
CSI_DATA,146,1a:00:00:00:00:00,-48,11,1,0,1,1,1,0,0,0,1,-96,0,11,2,2190284,0,44,0,384,0,"[0,0,0,0,0,0,0,0,0,0,0,0,-2,-11,-3,-10,-3,-9,-3,-7,-3,-7,-2,-5,-3,-5,-2,-4,-3,-3,-3,-3,-4,-2,-3,-1,-4,0,-2,0,-3,1,-2,2,-2,3,-1,4,-1,3,-2,4,0,6,-1,7,0,7,0,8,-1,8,1,9,0,0,1,9,1,10,1,10,1,10,1,11,1,11,1,11,1,11,0,11,0,11,-1,11,-1,11,-1,10,-2,10,-2,10,-2,9,-2,9,-2,8,-2,9,-3,8,-3,7,-4,7,-4,6,-4,6,-5,5,-5,5,0,0,0,0,0,0,0,0,0,0,0,0,0,0,-2,-43,0,-40,-5,-37,-6,-33,-4,-32,-6,-27,-7,-25,-6,-18,-10,-22,-8,-20,-8,-17,-8,-9,-9,-9,-5,-7,-9,-7,-8,1,-6,0,-10,0,-9,5,-10,2,-6,11,-5,12,1,10,0,21,-6,13,-2,23,-2,18,-3,27,1,21,2,26,2,27,2,29,1,28,4,26,2,31,3,34,2,32,3,33,1,34,-3,35,0,31,-1,32,-2,32,-2,32,-3,31,-3,28,-7,30,-7,29,-8,25,-8,25,-7,24,-10,21,-9,19,-10,19,-13,17,-13,16,-13,15,0,0,0,0,0,0,0,0,0,0,0,0,0,0,0,0,0,0,0,0,0,0,-12,-16,-11,-14,-10,-14,-6,-15,-9,-12,-8,-12,-8,-8,-8,-8,-8,-6,-7,-5,-8,-3,-7,0,-5,1,-6,2,-5,3,-7,6,-5,10,-6,10,-3,10,-3,12,-5,11,-1,17,0,17,-1,17,1,20,3,21,2,19,5,24,5,22,8,23,10,21,13,25,14,23,18,21,18,24,20,21,21,21,23,19,26,20,30,18,32,18,35,18,36,13,42,13,40,10,38,3,42,6,43,6,44,4,49,5,47,1,48,0,49,2,48,0,49,-2,48,-3,47,-2,0,0]"
CSI_DATA,147,1a:00:00:00:00:00,-49,11,1,0,1,1,1,0,0,0,1,-96,0,11,2,2210511,0,44,0,384,0,"[0,0,0,0,0,0,0,0,0,0,0,0,-12,-1,-10,0,-10,0,-10,0,-8,0,-7,1,-5,2,-5,2,-4,2,-3,1,-2,2,-1,3,0,2,0,2,0,2,2,2,3,2,3,2,3,1,5,1,5,1,6,1,7,1,7,0,8,0,8,0,0,0,9,0,10,0,10,-1,11,-1,11,0,11,0,11,0,11,0,11,0,11,1,12,1,10,2,10,2,10,2,10,2,9,2,9,2,8,2,8,3,8,2,7,3,7,3,6,4,6,4,5,4,4,4,0,0,0,0,0,0,0,0,0,0,0,0,0,0,-43,1,-39,0,-39,4,-35,6,-28,2,-28,5,-24,6,-21,6,-19,5,-16,7,-12,7,-13,7,-8,9,-6,6,-7,8,-1,7,3,8,2,7,5,5,7,4,12,5,11,3,14,2,14,1,14,0,17,-1,17,-1,22,-4,22,-3,25,-5,22,-5,25,-6,27,-4,30,-8,27,-8,33,-5,34,-6,30,-6,31,-5,33,-4,29,-4,31,-2,32,-3,30,-1,32,-1,31,3,28,1,28,3,26,2,25,4,24,4,25,5,21,5,20,7,18,9,17,8,15,11,0,0,0,0,0,0,0,0,0,0,0,0,0,0,0,0,0,0,0,0,0,0,-17,9,-17,9,-17,6,-15,5,-14,7,-12,7,-11,6,-11,6,-8,6,-6,7,-5,7,-1,6,-1,7,1,7,3,7,2,5,8,6,8,6,10,6,10,3,13,5,14,4,15,3,19,3,16,3,20,-2,18,1,21,-2,21,-1,24,-8,22,-8,24,-10,24,-13,25,-14,23,-18,23,-18,21,-22,22,-25,19,-26,17,-31,16,-31,15,-36,16,-35,13,-38,13,-40,13,-39,8,-42,5,-45,4,-44,5,-47,5,-48,1,-49,0,-51,0,-50,0,-54,-2,-52,-1,-51,0,0]"
CSI_DATA,148,1a:00:00:00:00:00,-49,11,1,0,1,1,1,0,0,0,1,-96,0,11,2,2220282,0,44,0,384,0,"[0,0,0,0,0,0,0,0,0,0,0,0,-12,-4,-10,-3,-10,-2,-10,-2,-9,-1,-7,0,-7,0,-5,1,-5,1,-3,1,-3,2,-2,2,-1,2,-1,2,0,2,2,3,2,3,3,2,4,2,4,2,5,2,5,2,6,3,7,2,7,2,9,2,0,0,10,2,10,2,10,2,11,2,10,3,11,3,11,3,11,3,11,3,11,4,11,4,10,5,10,4,9,4,9,5,9,5,9,5,7,5,7,5,7,5,6,5,6,5,5,5,4,6,4,6,2,6,0,0,0,0,0,0,0,0,0,0,0,0,0,0,-38,-17,-35,-18,-31,-16,-33,-10,-31,-9,-26,-8,-27,-7,-22,-4,-20,-4,-17,-2,-16,-1,-13,1,-11,3,-9,2,-5,4,-7,6,0,6,-3,6,1,8,4,9,8,7,8,6,8,6,11,6,12,6,17,7,19,7,18,7,20,5,22,5,25,6,25,7,26,6,25,4,29,6,29,6,29,5,31,8,27,9,28,9,31,8,29,10,30,13,27,12,27,12,25,13,24,12,24,12,22,11,21,16,20,13,17,13,16,14,17,15,15,16,12,16,9,16,0,0,0,0,0,0,0,0,0,0,0,0,0,0,0,0,0,0,0,0,0,0,-21,1,-20,0,-20,1,-18,-1,-16,-2,-15,-1,-15,3,-15,1,-12,0,-10,4,-9,3,-6,5,-7,6,-2,8,-2,7,0,7,3,8,3,8,5,6,8,10,7,11,10,12,11,10,13,10,16,10,17,7,18,10,18,7,20,5,22,3,23,3,26,1,23,1,26,-2,26,-3,28,-4,27,-9,29,-12,28,-15,28,-17,29,-22,27,-22,29,-25,28,-29,26,-31,28,-36,29,-33,23,-35,25,-37,25,-42,24,-43,21,-44,26,-44,20,-45,22,-48,21,-46,21,-46,0,0]"
CSI_DATA,149,1a:00:00:00:00:00,-49,11,1,0,1,1,1,0,0,0,1,-96,0,11,2,2230264,0,44,0,384,0,"[0,0,0,0,0,0,0,0,0,0,0,0,-11,7,-8,8,-7,7,-7,6,-6,5,-5,5,-5,5,-3,4,-3,4,-1,3,-1,3,1,3,1,1,2,1,2,1,3,1,3,0,4,0,4,-1,5,-2,5,-2,6,-3,6,-4,7,-4,7,-5,7,-5,0,0,9,-6,9,-7,9,-7,10,-7,10,-7,10,-6,10,-6,10,-6,11,-5,11,-6,11,-5,11,-4,11,-4,10,-4,11,-3,10,-3,10,-3,9,-2,9,-2,9,-1,9,-1,8,0,8,1,7,1,7,2,6,2,0,0,0,0,0,0,0,0,0,0,0,0,0,0,-37,23,-35,20,-30,20,-26,20,-24,21,-21,17,-18,18,-19,17,-13,15,-14,13,-10,14,-7,10,-3,11,-1,7,-3,8,2,8,3,7,5,5,6,2,6,1,9,-3,11,-3,10,-4,12,-6,12,-8,17,-9,13,-10,13,-15,17,-17,17,-18,17,-17,19,-21,17,-19,18,-20,19,-22,23,-21,23,-23,22,-21,24,-19,25,-21,23,-20,23,-19,26,-19,25,-19,24,-16,26,-15,23,-14,23,-12,22,-12,23,-12,23,-9,20,-10,22,-7,19,-4,21,-6,19,-2,18,1,0,0,0,0,0,0,0,0,0,0,0,0,0,0,0,0,0,0,0,0,0,0,-11,17,-12,17,-11,16,-8,14,-11,13,-8,13,-6,11,-5,11,-5,9,-3,10,-3,9,0,10,2,8,2,7,6,4,7,5,7,2,10,2,9,2,8,0,13,-3,14,-2,15,-6,15,-5,17,-5,17,-9,17,-8,17,-13,16,-15,18,-16,13,-18,17,-21,14,-21,13,-21,10,-26,11,-27,7,-28,7,-31,5,-30,0,-34,1,-34,-5,-36,-4,-37,-7,-37,-11,-38,-17,-41,-16,-41,-16,-40,-19,-42,-21,-46,-23,-42,-26,-43,-25,-45,-25,-39,-29,-43,-29,-45,-28,-42,0,0]"
CSI_DATA,150,1a:00:00:00:00:00,-49,11,1,0,1,1,1,0,0,0,1,-96,0,11,2,2241150,0,44,0,384,0,"[0,0,0,0,0,0,0,0,0,0,0,0,6,-10,5,-10,4,-9,4,-9,3,-8,3,-7,1,-7,0,-6,0,-5,-1,-4,-1,-4,-2,-3,-2,-2,-3,-1,-4,-1,-4,-1,-4,0,-4,0,-4,2,-5,2,-5,3,-5,4,-6,4,-6,5,-6,5,-7,6,0,0,-6,7,-7,7,-8,8,-7,8,-8,7,-8,8,-8,8,-7,8,-8,8,-9,7,-9,7,-10,6,-9,6,-9,6,-9,5,-9,5,-9,5,-9,4,-9,4,-8,4,-8,3,-8,2,-8,2,-8,0,-8,0,-7,-1,0,0,0,0,0,0,0,0,0,0,0,0,0,0,56,-62,60,-54,49,-53,37,-52,42,-50,33,-46,34,-47,22,-44,20,-35,16,-35,9,-30,7,-32,0,-27,4,-22,-2,-21,-9,-12,-11,-17,-17,-9,-14,-5,-19,1,-17,2,-21,5,-19,11,-23,15,-23,17,-32,18,-26,25,-29,26,-36,30,-35,35,-36,33,-38,39,-39,36,-38,42,-43,46,-40,40,-45,42,-48,45,-49,42,-47,40,-46,40,-47,41,-51,35,-54,38,-48,33,-51,33,-50,27,-50,28,-47,26,-46,19,-50,19,-45,14,-46,13,-48,9,-38,5,-41,3,-39,-3,0,0,0,0,0,0,0,0,0,0,0,0,0,0,0,0,0,0,0,0,0,0,4,-46,4,-39,6,-40,7,-36,7,-35,4,-33,5,-28,6,-27,-1,-27,-3,-23,-3,-14,-9,-14,-14,-13,-13,-11,-14,-9,-15,-7,-18,-2,-18,-6,-22,2,-25,6,-22,9,-28,18,-27,22,-24,21,-29,24,-27,33,-23,28,-25,36,-26,34,-21,41,-18,42,-18,50,-16,52,-11,51,-7,54,-4,57,-1,60,3,57,11,66,16,66,18,69,27,70,30,69,37,73,32,68,52,69,48,69,52,66,56,72,60,74,63,66,66,64,72,72,70,71,74,79,73,72,72,72,0,0]"
CSI_DATA,151,1a:00:00:00:00:00,-49,11,1,0,1,1,1,0,0,0,1,-96,0,11,2,2260339,0,44,0,384,0,"[0,0,0,0,0,0,0,0,0,0,0,0,-12,2,-10,2,-9,2,-9,2,-8,2,-7,2,-6,3,-5,2,-4,3,-3,3,-2,3,-1,2,-1,3,1,2,1,2,2,2,3,2,3,2,3,1,4,1,5,0,5,1,6,0,7,-1,8,-1,9,-1,0,0,9,-1,9,-1,10,-1,10,-1,10,-1,11,-1,10,0,10,0,11,0,11,0,11,1,10,1,10,1,10,1,10,3,9,2,9,2,8,2,8,3,8,3,7,3,7,3,6,4,6,4,5,4,4,4,0,0,0,0,0,0,0,0,0,0,0,0,0,0,-44,-1,-41,0,-38,2,-34,3,-33,4,-29,3,-26,3,-27,5,-20,5,-18,8,-13,8,-12,7,-10,9,-6,8,-6,9,-3,8,-1,9,1,7,2,9,5,8,9,6,8,6,11,7,14,5,15,4,16,3,19,3,21,0,23,3,27,-1,25,1,28,1,24,2,28,0,27,2,34,0,30,4,30,3,32,2,30,4,30,5,31,4,30,6,30,3,30,9,27,9,26,10,28,10,24,11,22,10,22,10,22,13,21,12,18,12,15,14,13,15,11,16,0,0,0,0,0,0,0,0,0,0,0,0,0,0,0,0,0,0,0,0,0,0,-19,14,-17,14,-17,10,-19,11,-14,10,-15,11,-12,8,-14,9,-11,9,-10,7,-8,9,-7,8,-6,8,-4,6,-2,6,0,3,4,5,3,2,5,4,6,2,10,0,10,0,12,-1,15,-2,16,1,18,-6,18,-6,18,-6,19,-6,21,-12,19,-13,22,-14,21,-17,19,-17,20,-18,21,-23,16,-22,16,-27,15,-26,15,-31,17,-33,11,-32,13,-36,9,-40,9,-38,3,-44,4,-44,2,-45,2,-47,-1,-48,1,-50,-3,-51,-2,-53,-3,-50,-5,-54,-1,-54,-3,-51,0,0]"
CSI_DATA,152,1a:00:00:00:00:00,-49,11,1,0,1,1,1,0,0,0,1,-96,0,11,2,2270398,0,44,0,384,0,"[0,0,0,0,0,0,0,0,0,0,0,0,-9,-9,-9,-7,-8,-6,-7,-6,-7,-5,-7,-4,-6,-3,-6,-3,-5,-2,-5,-1,-4,0,-4,1,-3,1,-3,2,-3,2,-2,3,-1,4,-1,4,0,4,0,5,0,6,1,6,2,6,2,7,3,7,3,7,0,0,4,8,4,9,4,9,5,9,4,10,4,10,4,10,4,10,4,11,3,11,3,11,3,11,2,10,2,11,1,10,1,10,1,11,0,9,0,9,-1,9,-1,9,-1,8,-3,8,-3,7,-4,7,-4,6,0,0,0,0,0,0,0,0,0,0,0,0,0,0,-55,-75,-47,-68,-48,-59,-44,-52,-47,-50,-37,-45,-38,-40,-35,-30,-35,-25,-30,-26,-33,-18,-30,-14,-29,-5,-24,-5,-24,0,-20,3,-17,8,-9,8,-9,12,-6,17,-7,25,-3,27,1,30,3,26,7,27,13,30,10,35,12,40,20,41,26,41,22,40,23,44,20,53,27,52,30,52,27,58,24,55,26,56,25,61,23,57,26,60,16,57,18,58,14,60,15,54,12,61,9,55,11,55,3,52,1,52,0,48,0,51,1,41,-5,45,-11,38,-16,39,-18,39,0,0,0,0,0,0,0,0,0,0,0,0,0,0,0,0,0,0,0,0,0,0,-47,-14,-43,-13,-42,-12,-38,-15,-34,-14,-34,-15,-30,-7,-30,-5,-26,-9,-27,-3,-23,-5,-21,1,-19,2,-11,5,-9,3,-7,11,-5,11,-2,14,0,14,5,14,9,20,11,17,17,15,18,21,20,25,26,18,23,24,32,23,32,20,34,22,37,18,42,20,50,11,53,11,49,10,51,8,59,5,62,-3,60,-4,66,-11,66,-8,65,-19,68,-16,77,-27,68,-32,73,-32,76,-43,73,-45,69,-46,78,-51,80,-58,79,-53,87,-60,87,-62,83,-58,79,-60,79,-60,0,0]"
CSI_DATA,153,1a:00:00:00:00:00,-49,11,1,0,1,1,1,0,0,0,1,-96,0,11,2,2280321,0,44,0,384,0,"[0,0,0,0,0,0,0,0,0,0,0,0,-2,12,-1,11,0,9,0,9,1,8,1,7,1,6,2,5,1,4,2,3,3,2,2,1,3,1,3,-1,3,-1,3,-2,3,-3,2,-3,2,-4,3,-5,3,-6,2,-7,2,-6,2,-8,3,-9,2,-9,0,0,2,-11,3,-11,3,-12,2,-12,3,-12,4,-12,3,-12,3,-12,4,-12,5,-11,4,-12,5,-11,5,-11,5,-11,6,-10,6,-10,6,-9,6,-9,6,-8,6,-7,7,-6,6,-6,6,-6,6,-5,7,-4,6,-3,0,0,0,0,0,0,0,0,0,0,0,0,0,0,-20,38,-16,36,-12,35,-13,31,-10,32,-8,29,-6,25,-3,23,-2,22,-1,18,-1,17,1,15,3,13,4,10,6,9,8,5,8,4,6,1,10,-1,9,-4,10,-4,12,-5,8,-7,9,-10,10,-11,11,-16,11,-17,7,-18,11,-19,11,-23,13,-22,10,-25,11,-23,14,-26,13,-29,12,-28,14,-28,15,-31,15,-29,15,-30,19,-29,17,-28,18,-28,18,-28,20,-26,19,-24,19,-22,20,-25,18,-18,17,-16,19,-17,18,-16,19,-13,21,-12,19,-12,19,-9,19,-6,0,0,0,0,0,0,0,0,0,0,0,0,0,0,0,0,0,0,0,0,0,0,2,23,0,23,-1,20,-2,21,0,20,-1,16,-1,15,-1,14,-1,14,0,11,0,11,3,7,3,6,4,5,4,5,6,0,5,-1,6,-1,3,-5,4,-5,5,-6,6,-9,6,-12,5,-13,4,-13,5,-19,5,-18,5,-20,3,-19,1,-25,-1,-21,-3,-26,-2,-26,-6,-26,-6,-27,-9,-30,-11,-29,-14,-28,-15,-28,-21,-30,-21,-29,-25,-27,-26,-27,-30,-30,-30,-26,-30,-23,-33,-26,-37,-24,-40,-25,-43,-23,-43,-23,-49,-23,-49,-26,-45,-22,-47,-23,-47,-21,-47,-22,0,0]"
CSI_DATA,154,1a:00:00:00:00:00,-49,11,1,0,1,1,1,0,0,0,1,-96,0,11,2,2290319,0,44,0,384,0,"[0,0,0,0,0,0,0,0,0,0,0,0,3,11,2,10,4,8,4,8,4,6,3,6,3,4,3,3,3,3,3,2,2,0,2,0,2,-1,2,-2,2,-2,2,-3,1,-3,1,-4,1,-4,0,-6,0,-6,0,-7,0,-6,-1,-8,-2,-8,-2,-9,0,0,-2,-10,-2,-10,-2,-11,-3,-11,-2,-11,-2,-11,-2,-11,-2,-11,-2,-11,-1,-11,-1,-12,0,-11,-1,-11,0,-11,1,-11,1,-11,1,-10,1,-10,2,-10,2,-9,2,-9,3,-8,3,-7,3,-7,4,-7,4,-6,0,0,0,0,0,0,0,0,0,0,0,0,0,0,9,41,8,39,13,36,11,32,8,30,6,28,7,25,8,21,9,20,9,15,10,11,9,11,11,8,10,4,9,3,9,0,8,-1,7,-2,6,-6,6,-5,6,-10,4,-9,0,-12,1,-13,0,-19,-1,-17,-2,-19,-2,-20,-3,-20,-7,-22,-5,-22,-5,-25,-3,-25,-9,-27,-8,-29,-6,-28,-6,-31,-6,-33,-5,-32,-5,-32,-3,-30,-3,-32,-3,-32,-1,-32,-1,-27,1,-30,3,-29,2,-28,4,-28,4,-27,4,-27,4,-24,8,-24,9,-21,9,-21,8,-18,12,-13,0,0,0,0,0,0,0,0,0,0,0,0,0,0,0,0,0,0,0,0,0,0,16,20,14,18,11,16,12,16,12,16,9,16,10,11,9,11,9,12,7,10,9,7,7,6,6,2,4,1,4,1,4,-1,5,-4,2,-6,2,-6,2,-7,0,-10,-1,-14,-2,-14,-2,-14,-6,-16,-8,-16,-6,-18,-7,-17,-10,-18,-11,-19,-13,-21,-15,-21,-19,-17,-19,-17,-21,-17,-23,-17,-24,-15,-27,-14,-29,-14,-31,-14,-34,-11,-34,-11,-37,-10,-41,-6,-38,-4,-41,-4,-42,-1,-44,6,-46,2,-47,4,-49,6,-49,8,-49,6,-50,5,-55,9,-52,12,-49,9,0,0]"
CSI_DATA,155,1a:00:00:00:00:00,-49,11,1,0,1,1,1,0,0,0,1,-96,0,11,2,2301025,0,44,0,384,0,"[0,0,0,0,0,0,0,0,0,0,0,0,12,-5,10,-6,8,-5,8,-5,7,-5,6,-5,5,-6,4,-5,3,-5,2,-3,1,-5,0,-4,-1,-3,-2,-3,-3,-3,-3,-2,-4,-3,-4,-3,-5,-1,-5,-1,-6,-1,-7,0,-7,0,-8,1,-8,1,-9,1,0,0,-10,2,-11,1,-12,2,-11,2,-11,2,-12,2,-12,3,-12,2,-12,2,-13,1,-12,0,-12,-1,-12,0,-12,0,-12,-1,-12,-1,-11,-1,-11,-2,-10,-2,-9,-2,-9,-3,-9,-3,-8,-4,-8,-5,-7,-5,-6,-5,0,0,0,0,0,0,0,0,0,0,0,0,0,0,40,-9,42,-8,34,-10,32,-9,33,-9,27,-11,23,-11,24,-12,21,-7,15,-13,13,-11,12,-10,9,-10,8,-10,3,-8,0,-11,0,-8,-3,-8,-4,-7,-7,-8,-10,-6,-9,-4,-13,-2,-15,-2,-14,-2,-14,-2,-19,0,-20,4,-23,3,-25,4,-25,3,-25,4,-26,6,-27,6,-28,5,-29,4,-30,6,-32,4,-31,3,-29,3,-33,3,-33,0,-30,0,-31,1,-29,0,-31,-2,-26,-3,-31,-3,-25,-6,-26,-4,-26,-8,-23,-7,-23,-5,-23,-9,-18,-12,-19,-12,-17,-12,0,0,0,0,0,0,0,0,0,0,0,0,0,0,0,0,0,0,0,0,0,0,17,-19,16,-15,18,-16,16,-13,15,-12,13,-11,14,-12,12,-9,8,-11,9,-9,8,-10,3,-7,2,-11,3,-6,2,-5,-3,-4,-6,-5,-6,-4,-8,-4,-9,-3,-10,-3,-14,0,-15,1,-14,0,-17,3,-17,8,-19,6,-19,8,-21,8,-20,10,-22,14,-20,16,-20,15,-19,17,-19,21,-17,25,-15,26,-17,25,-15,27,-13,33,-13,34,-11,35,-9,35,-8,41,-4,35,-2,44,-1,45,3,44,2,47,3,50,4,47,7,46,5,50,8,48,10,53,7,50,9,51,0,0]"
CSI_DATA,156,1a:00:00:00:00:00,-49,11,1,0,1,1,1,0,0,0,1,-96,0,11,2,2311050,0,44,0,384,0,"[0,0,0,0,0,0,0,0,0,0,0,0,12,-3,11,-4,9,-3,8,-4,8,-3,6,-4,5,-4,4,-4,3,-4,3,-4,1,-4,0,-4,0,-4,-1,-3,-1,-3,-3,-3,-3,-2,-4,-2,-4,-2,-5,-1,-5,-1,-6,0,-6,-1,-7,0,-8,-1,-9,0,0,0,-9,1,-9,1,-10,0,-11,1,-10,1,-11,1,-11,0,-11,1,-12,0,-11,0,-12,-1,-11,-2,-11,-2,-11,-2,-11,-2,-10,-2,-10,-3,-10,-2,-9,-3,-8,-2,-8,-3,-8,-4,-7,-4,-7,-5,-6,-5,-5,-5,0,0,0,0,0,0,0,0,0,0,0,0,0,0,41,-5,41,-4,35,-7,34,-8,32,-8,27,-7,28,-9,23,-9,19,-9,14,-7,15,-8,10,-8,10,-10,7,-9,6,-9,3,-10,0,-10,-3,-7,-6,-9,-5,-7,-9,-6,-9,-5,-12,-3,-12,-2,-13,-3,-18,-1,-18,1,-18,1,-20,3,-22,5,-20,4,-23,4,-27,2,-27,8,-27,6,-30,6,-29,5,-29,7,-30,4,-29,4,-32,3,-30,3,-31,3,-32,1,-28,0,-30,-3,-28,-3,-27,-3,-25,-3,-27,-5,-22,-3,-24,-5,-22,-4,-21,-9,-19,-10,-19,-11,-15,-13,0,0,0,0,0,0,0,0,0,0,0,0,0,0,0,0,0,0,0,0,0,0,19,-16,19,-12,20,-11,17,-12,17,-11,16,-8,15,-8,13,-10,11,-11,10,-10,6,-9,6,-6,5,-7,1,-7,-1,-8,-1,-5,-5,-6,-7,-6,-7,-4,-9,-2,-10,-2,-11,-3,-14,-2,-17,1,-16,1,-18,4,-19,3,-20,4,-23,6,-23,9,-21,11,-22,14,-21,14,-20,14,-23,19,-20,21,-21,20,-18,24,-17,27,-16,31,-15,30,-14,35,-13,36,-11,40,-10,39,-3,40,-5,43,-1,47,0,44,1,49,-1,47,1,52,3,50,5,49,5,52,5,50,4,53,0,0]"
CSI_DATA,157,1a:00:00:00:00:00,-49,11,1,0,1,1,1,0,0,0,1,-96,0,11,2,2320300,0,44,0,384,0,"[0,0,0,0,0,0,0,0,0,0,0,0,9,-7,8,-8,7,-7,6,-7,6,-6,5,-6,3,-6,3,-6,2,-5,1,-4,1,-5,-1,-4,-2,-3,-2,-3,-2,-2,-4,-3,-4,-1,-4,-1,-4,0,-5,0,-6,1,-5,1,-6,2,-7,3,-7,3,-7,3,0,0,-8,4,-9,3,-9,4,-9,5,-9,4,-9,4,-10,4,-10,4,-11,4,-11,3,-10,3,-10,2,-10,2,-10,2,-10,2,-11,1,-10,1,-9,1,-9,0,-9,0,-9,0,-8,-1,-8,-2,-8,-2,-7,-3,-7,-4,0,0,0,0,0,0,0,0,0,0,0,0,0,0,34,-31,29,-25,27,-27,23,-24,21,-26,17,-22,17,-23,13,-21,13,-20,9,-15,7,-16,5,-16,-1,-13,2,-11,-1,-11,-3,-10,-5,-9,-7,-7,-6,-7,-7,-3,-11,-3,-11,-1,-10,2,-11,3,-13,5,-14,7,-15,10,-13,11,-16,10,-15,15,-16,16,-18,16,-16,17,-19,19,-18,21,-22,18,-23,18,-21,19,-22,17,-23,16,-23,18,-25,16,-25,15,-25,14,-25,13,-24,12,-24,11,-23,11,-23,9,-24,8,-23,7,-25,4,-23,5,-22,1,-20,0,-21,-2,-18,-3,0,0,0,0,0,0,0,0,0,0,0,0,0,0,0,0,0,0,0,0,0,0,5,-25,6,-22,3,-23,6,-20,5,-20,8,-18,4,-19,3,-16,2,-14,0,-13,-1,-14,0,-10,-3,-10,-4,-8,-5,-8,-5,-6,-9,-2,-8,0,-10,0,-10,0,-11,4,-14,5,-14,10,-12,11,-14,13,-11,15,-13,14,-13,17,-14,19,-12,21,-8,21,-11,23,-11,24,-7,27,-5,30,-4,28,0,32,3,30,4,31,7,35,8,35,11,38,13,36,16,39,18,34,24,37,23,38,24,37,23,36,28,40,27,38,32,39,31,41,31,39,36,43,36,38,33,39,0,0]"
CSI_DATA,158,1a:00:00:00:00:00,-49,11,1,0,1,1,1,0,0,0,1,-96,0,11,2,2330594,0,44,0,384,0,"[0,0,0,0,0,0,0,0,0,0,0,0,12,0,11,-1,10,-1,10,-1,8,-1,6,-2,6,-3,5,-3,4,-3,3,-4,2,-3,1,-3,0,-3,0,-3,-1,-3,-2,-4,-3,-3,-3,-2,-4,-3,-5,-2,-5,-2,-6,-2,-6,-2,-7,-1,-8,-1,-8,-1,0,0,-10,-1,-10,-1,-11,-1,-11,0,-11,-1,-12,-2,-12,-2,-11,-1,-12,-1,-11,-2,-11,-2,-11,-3,-10,-3,-10,-3,-10,-3,-9,-4,-10,-4,-9,-4,-9,-4,-8,-4,-7,-5,-8,-5,-7,-5,-6,-6,-6,-6,-4,-6,0,0,0,0,0,0,0,0,0,0,0,0,0,0,42,13,38,14,36,9,30,5,30,7,29,6,25,2,25,1,18,-2,18,0,14,-4,14,-2,9,-5,10,-6,6,-7,4,-8,3,-7,3,-8,0,-7,-3,-9,-6,-7,-7,-4,-8,-7,-10,-6,-11,-7,-13,-6,-14,-6,-16,-6,-20,-5,-22,-5,-21,-6,-25,-6,-25,-6,-26,-4,-24,-3,-25,-5,-28,-5,-26,-7,-28,-8,-27,-8,-28,-9,-29,-10,-27,-10,-28,-9,-25,-11,-25,-11,-24,-11,-25,-15,-21,-12,-21,-12,-17,-13,-19,-13,-16,-15,-16,-14,-14,-18,-10,-17,-8,-18,0,0,0,0,0,0,0,0,0,0,0,0,0,0,0,0,0,0,0,0,0,0,22,-6,21,-3,20,-6,20,-4,19,-3,16,-4,14,-4,13,-5,13,-6,9,-7,9,-6,8,-7,6,-8,4,-7,2,-6,0,-8,-2,-7,-5,-7,-6,-8,-8,-9,-10,-8,-14,-10,-13,-9,-15,-7,-18,-10,-17,-6,-20,-5,-22,-4,-24,-4,-25,-2,-25,2,-28,1,-27,4,-28,7,-28,9,-29,9,-28,13,-29,14,-29,19,-29,23,-29,22,-26,26,-27,27,-25,33,-23,31,-27,36,-22,36,-20,39,-19,41,-23,44,-18,45,-16,44,-18,47,-16,46,-19,49,-17,48,-16,50,0,0]"
CSI_DATA,159,1a:00:00:00:00:00,-50,11,1,0,1,1,1,0,0,0,1,-96,0,11,2,2341111,0,44,0,384,0,"[0,0,0,0,0,0,0,0,0,0,0,0,11,0,10,-1,9,-1,9,-1,7,-2,6,-2,5,-3,4,-3,3,-2,2,-3,2,-3,1,-3,0,-2,-1,-3,-1,-3,-2,-3,-3,-3,-4,-2,-3,-2,-5,-1,-5,-1,-6,-1,-6,-1,-7,0,-8,0,-8,0,0,0,-9,0,-10,1,-10,0,-10,1,-10,0,-11,0,-11,0,-11,0,-11,0,-10,0,-11,-1,-11,-1,-11,-1,-10,-2,-10,-2,-10,-2,-10,-2,-9,-2,-9,-3,-8,-3,-8,-4,-7,-4,-7,-4,-7,-4,-6,-5,-5,-5,0,0,0,0,0,0,0,0,0,0,0,0,0,0,44,7,36,8,38,2,35,2,33,1,30,2,25,-2,24,-2,16,-5,19,-2,15,-4,11,-9,11,-7,7,-7,5,-6,4,-7,2,-10,-1,-7,-4,-8,-6,-7,-8,-4,-8,-4,-9,-4,-12,-6,-16,-3,-14,-2,-15,1,-19,3,-20,0,-21,2,-22,5,-24,4,-23,4,-27,3,-24,3,-30,3,-28,4,-29,5,-28,0,-29,2,-28,2,-29,1,-29,-1,-29,3,-28,-1,-27,-2,-28,-2,-26,-4,-25,-4,-22,-6,-22,-5,-22,-7,-19,-8,-20,-7,-20,-9,-16,-11,-13,-11,0,0,0,0,0,0,0,0,0,0,0,0,0,0,0,0,0,0,0,0,0,0,21,-4,22,-2,19,-3,22,-3,19,-1,17,-3,13,-4,13,-5,12,-4,11,-5,10,-5,6,-6,4,-9,5,-9,1,-9,1,-9,-2,-10,-3,-9,-4,-9,-9,-9,-10,-10,-13,-10,-13,-9,-17,-9,-19,-7,-19,-7,-22,-6,-25,-2,-21,-3,-26,-3,-26,1,-29,2,-29,3,-27,6,-30,8,-28,10,-30,13,-27,17,-27,22,-27,24,-27,25,-25,28,-27,31,-23,33,-24,36,-18,39,-22,40,-18,42,-17,43,-18,47,-15,50,-14,49,-14,51,-13,49,-13,50,-13,52,-11,50,0,0]"
CSI_DATA,160,1a:00:00:00:00:00,-49,11,1,0,1,1,1,0,0,0,1,-96,0,11,2,2350278,0,44,0,384,0,"[0,0,0,0,0,0,0,0,0,0,0,0,2,-11,1,-10,0,-9,0,-9,-1,-7,-1,-7,-2,-6,-2,-5,-2,-4,-2,-3,-2,-3,-2,-2,-2,-1,-2,0,-3,1,-2,1,-2,2,-2,2,-2,3,-1,4,-1,4,-1,5,-1,5,0,6,0,7,0,7,0,0,1,8,1,9,1,9,1,9,1,10,1,10,1,10,1,10,1,10,0,10,0,10,-1,10,-1,9,-1,9,-1,9,-2,9,-2,8,-2,8,-2,8,-2,7,-3,7,-3,7,-4,6,-4,6,-5,5,-5,4,0,0,0,0,0,0,0,0,0,0,0,0,0,0,-68,-52,-62,-46,-65,-38,-56,-35,-58,-33,-45,-29,-44,-24,-42,-19,-35,-12,-36,-9,-26,-6,-25,-2,-22,2,-18,4,-16,8,-5,9,-6,9,-4,13,5,13,5,15,13,16,9,14,19,10,20,14,26,15,26,16,28,16,34,10,36,11,39,9,39,9,44,16,43,16,52,11,48,10,56,15,53,19,52,20,53,20,51,20,55,17,54,20,53,22,52,20,48,24,53,22,42,25,45,30,36,23,34,26,34,32,32,29,31,28,28,35,23,28,21,32,18,30,0,0,0,0,0,0,0,0,0,0,0,0,0,0,0,0,0,0,0,0,0,0,-42,-10,-42,-9,-40,-10,-34,-14,-34,-10,-31,-8,-31,-8,-26,0,-29,2,-22,4,-21,4,-18,7,-18,11,-15,14,-12,16,-7,19,0,19,-1,22,4,18,10,26,13,29,14,33,13,28,25,27,26,26,34,27,35,28,38,33,44,28,46,25,45,22,54,19,54,17,60,8,59,7,62,1,62,-3,62,-15,69,-12,69,-24,72,-24,74,-32,68,-34,74,-43,64,-48,77,-46,71,-55,68,-60,71,-63,72,-70,65,-71,66,-83,70,-78,65,-78,62,-84,62,-85,64,-81,0,0]"
CSI_DATA,161,1a:00:00:00:00:00,-49,11,1,0,1,1,1,0,0,0,1,-96,0,11,2,2361493,0,44,0,384,0,"[0,0,0,0,0,0,0,0,0,0,0,0,-10,-3,-9,-2,-9,-1,-8,-1,-7,-1,-6,-1,-5,0,-4,0,-4,0,-3,1,-2,1,-1,1,-1,1,0,1,1,1,2,1,2,0,3,0,3,0,4,0,4,0,5,-1,5,-1,6,-2,7,-2,7,-2,0,0,8,-3,8,-3,9,-3,9,-3,9,-3,9,-3,9,-3,9,-3,9,-3,9,-3,10,-3,9,-2,9,-2,9,-2,9,-1,9,-1,8,-1,8,-1,8,0,7,0,7,0,7,1,6,1,6,1,6,2,5,2,0,0,0,0,0,0,0,0,0,0,0,0,0,0,-65,56,-56,51,-51,50,-43,47,-41,48,-30,44,-31,44,-16,35,-19,32,-11,31,-9,27,-6,24,-5,21,-1,16,2,14,6,8,9,8,9,3,8,-3,8,-7,17,-13,13,-12,12,-14,15,-23,15,-25,14,-21,14,-34,12,-33,14,-34,15,-45,11,-42,17,-45,17,-46,16,-44,15,-52,17,-52,19,-55,18,-56,15,-53,19,-51,24,-52,23,-50,27,-52,25,-51,24,-45,23,-48,30,-38,27,-41,24,-35,31,-33,25,-33,24,-28,31,-31,30,-24,30,-25,31,-21,32,-14,0,0,0,0,0,0,0,0,0,0,0,0,0,0,0,0,0,0,0,0,0,0,-19,38,-20,28,-20,28,-17,29,-16,30,-13,24,-10,24,-10,22,-6,23,-3,17,2,22,3,16,9,18,9,12,15,15,17,10,21,4,24,7,27,-3,24,-6,27,-8,34,-8,36,-9,38,-17,37,-18,35,-25,39,-23,40,-30,40,-28,36,-40,38,-40,35,-45,33,-51,24,-53,21,-52,17,-63,17,-59,8,-68,5,-65,-1,-75,-3,-76,-14,-78,-17,-83,-26,-80,-28,-77,-40,-76,-38,-78,-44,-80,-50,-80,-53,-82,-51,-82,-58,-83,-61,-83,-64,-79,-66,-82,-69,-80,-67,-78,0,0]"
CSI_DATA,162,1a:00:00:00:00:00,-49,11,1,0,1,1,1,0,0,0,1,-96,0,11,2,2370438,0,44,0,384,0,"[0,0,0,0,0,0,0,0,0,0,0,0,-1,11,0,9,1,8,0,8,1,6,1,5,1,5,1,3,1,3,1,2,1,1,1,0,1,-1,1,-2,0,-2,0,-3,0,-3,-1,-4,-1,-4,-2,-5,-2,-5,-3,-6,-3,-6,-4,-7,-4,-7,-5,-8,0,0,-6,-8,-6,-9,-7,-9,-7,-9,-6,-9,-7,-10,-7,-10,-7,-10,-7,-10,-6,-10,-6,-10,-6,-10,-5,-10,-5,-10,-4,-10,-5,-10,-4,-9,-4,-9,-3,-9,-3,-8,-2,-8,-2,-9,-2,-8,-1,-8,0,-8,0,-7,0,0,0,0,0,0,0,0,0,0,0,0,0,0,29,26,30,23,30,19,25,20,24,17,22,12,22,12,22,8,16,6,13,5,14,3,11,3,9,0,6,-1,6,-1,1,-4,2,-4,-1,-5,-6,-5,-4,-3,-8,-7,-5,-8,-10,-5,-12,-6,-14,-6,-17,-6,-15,-2,-17,-4,-21,-4,-23,-1,-24,-4,-26,-5,-24,-6,-27,-4,-28,-4,-28,-5,-27,-5,-29,-4,-28,-6,-29,-7,-29,-6,-28,-7,-29,-7,-29,-10,-26,-8,-23,-10,-23,-11,-24,-9,-22,-11,-19,-11,-19,-11,-20,-10,-19,-12,-15,-12,-13,-12,-12,-13,-9,-15,0,0,0,0,0,0,0,0,0,0,0,0,0,0,0,0,0,0,0,0,0,0,17,6,18,8,17,8,15,7,13,5,13,4,11,2,15,1,12,1,11,-2,9,-3,10,-4,6,-8,6,-7,5,-9,4,-12,4,-15,0,-12,2,-14,-2,-16,-2,-18,-7,-19,-8,-17,-10,-19,-12,-20,-14,-21,-16,-19,-17,-18,-15,-16,-20,-17,-21,-15,-24,-15,-26,-14,-29,-11,-30,-10,-32,-8,-31,-4,-34,-1,-34,-1,-36,5,-38,8,-37,11,-38,13,-38,14,-38,17,-41,19,-38,24,-37,25,-37,29,-37,27,-35,31,-38,33,-39,36,-32,32,-37,38,-33,40,-31,33,0,0]"
CSI_DATA,163,1a:00:00:00:00:00,-50,11,1,0,1,1,1,0,0,0,1,-96,0,11,2,2390272,0,44,0,384,0,"[0,0,0,0,0,0,0,0,0,0,0,0,-1,11,-1,9,1,8,1,8,1,6,1,6,1,5,1,4,1,3,1,2,1,1,2,0,1,-1,1,-1,1,-2,0,-3,0,-3,0,-4,0,-4,-1,-5,-1,-6,-1,-6,-2,-6,-2,-8,-3,-8,-3,-8,0,0,-3,-9,-3,-10,-4,-10,-4,-11,-4,-10,-4,-11,-4,-11,-3,-10,-3,-11,-3,-11,-3,-11,-2,-11,-2,-10,-2,-10,-1,-10,-1,-10,-1,-10,-1,-9,0,-9,0,-8,0,-9,0,-8,1,-8,1,-7,2,-7,2,-6,0,0,0,0,0,0,0,0,0,0,0,0,0,0,-13,40,-7,39,-5,35,-3,31,-2,29,-1,28,-1,22,2,23,1,18,3,15,4,13,4,9,4,11,2,5,4,4,3,1,4,-3,4,-5,2,-5,2,-6,1,-10,1,-11,-2,-13,1,-16,-2,-13,-4,-18,-5,-19,-6,-19,-6,-18,-11,-21,-11,-23,-9,-25,-8,-24,-8,-28,-10,-27,-11,-29,-11,-29,-10,-29,-7,-29,-8,-28,-7,-30,-9,-29,-7,-28,-7,-29,-9,-29,-4,-28,-3,-27,-6,-27,-2,-25,-1,-24,1,-26,2,-23,3,-22,4,-21,4,-20,4,-20,6,-17,0,0,0,0,0,0,0,0,0,0,0,0,0,0,0,0,0,0,0,0,0,0,4,20,-1,17,-1,16,0,16,2,16,1,12,1,11,2,10,5,10,3,9,6,7,8,6,8,1,8,1,10,-1,11,-3,11,-6,12,-8,13,-9,12,-10,12,-10,14,-13,12,-16,9,-18,10,-20,10,-23,9,-22,6,-23,7,-24,4,-26,2,-27,-2,-30,-1,-29,-4,-30,-2,-30,-10,-31,-12,-30,-17,-29,-21,-28,-24,-29,-24,-29,-26,-25,-29,-28,-34,-26,-34,-25,-33,-27,-38,-25,-39,-24,-42,-22,-45,-18,-47,-15,-49,-14,-50,-15,-48,-15,-51,-11,-49,-11,-46,-12,0,0]"
CSI_DATA,164,1a:00:00:00:00:00,-49,11,1,0,1,1,1,0,0,0,1,-96,0,11,2,2410279,0,44,0,384,0,"[0,0,0,0,0,0,0,0,0,0,0,0,8,7,8,6,8,5,7,4,6,3,5,2,4,1,3,1,3,0,3,0,2,-1,1,-1,0,-2,0,-2,0,-3,-2,-3,-2,-3,-3,-3,-4,-4,-4,-4,-5,-4,-6,-5,-6,-4,-7,-4,-7,-5,-8,-4,0,0,-9,-5,-9,-5,-10,-6,-10,-6,-10,-6,-10,-6,-11,-6,-10,-6,-11,-6,-10,-7,-10,-7,-9,-8,-9,-8,-9,-8,-8,-7,-8,-8,-8,-7,-7,-7,-6,-7,-6,-7,-5,-7,-5,-7,-4,-7,-4,-7,-2,-7,-2,-7,0,0,0,0,0,0,0,0,0,0,0,0,0,0,29,31,24,28,24,24,23,25,21,20,20,17,18,15,18,12,16,9,14,7,14,5,9,1,9,2,8,-1,7,0,4,-4,2,-4,0,-7,-2,-8,-2,-6,-6,-7,-7,-6,-10,-8,-12,-10,-11,-10,-14,-12,-15,-9,-19,-9,-18,-7,-24,-11,-23,-7,-26,-12,-26,-12,-26,-11,-28,-10,-29,-12,-29,-12,-28,-10,-27,-14,-30,-14,-26,-14,-27,-16,-26,-16,-26,-16,-25,-16,-25,-16,-23,-16,-22,-16,-22,-17,-19,-16,-17,-18,-18,-18,-17,-15,-13,-15,-12,-16,-9,-17,-6,-17,0,0,0,0,0,0,0,0,0,0,0,0,0,0,0,0,0,0,0,0,0,0,17,8,16,9,14,10,13,8,12,6,12,6,12,6,9,2,9,-1,7,-3,8,-2,7,-4,8,-6,5,-9,6,-11,4,-12,1,-14,1,-14,0,-15,-3,-15,-4,-18,-5,-21,-5,-20,-8,-22,-10,-20,-15,-22,-12,-21,-15,-22,-18,-20,-24,-20,-22,-16,-24,-19,-27,-14,-28,-14,-29,-12,-32,-11,-29,-9,-35,-6,-36,-4,-39,0,-40,0,-38,5,-42,5,-42,10,-40,14,-43,20,-43,19,-43,19,-42,22,-43,25,-43,26,-44,30,-45,28,-40,30,-43,35,-42,34,-39,31,0,0]"
CSI_DATA,165,1a:00:00:00:00:00,-50,11,1,0,1,1,1,0,0,0,1,-96,0,11,2,2431228,0,44,0,384,0,"[0,0,0,0,0,0,0,0,0,0,0,0,-2,-12,-3,-10,-4,-9,-3,-7,-3,-7,-2,-6,-3,-5,-3,-4,-3,-4,-3,-2,-3,-2,-3,-1,-3,1,-2,1,-1,1,-2,2,-1,2,-1,3,-1,4,0,4,1,5,2,5,2,5,2,6,2,7,3,7,0,0,4,8,4,8,4,9,4,9,4,9,4,10,4,10,3,9,4,10,3,10,3,9,2,9,2,9,2,9,1,9,1,9,1,8,1,8,0,8,0,8,-1,7,-1,7,-1,7,-2,6,-3,6,-3,5,0,0,0,0,0,0,0,0,0,0,0,0,0,0,-5,-41,-4,-38,-8,-35,-8,-32,-8,-29,-7,-26,-8,-22,-10,-19,-11,-17,-9,-15,-9,-16,-7,-10,-9,-8,-8,-4,-6,-3,-5,1,-8,0,-4,4,-6,5,-4,6,-3,9,0,11,2,13,3,13,2,14,5,17,6,16,9,19,9,20,11,20,11,21,12,22,11,24,14,27,15,21,13,25,14,25,15,25,10,26,11,28,11,27,11,27,9,28,8,26,6,27,7,27,5,25,6,25,4,22,2,22,2,22,2,22,-1,19,-2,19,-5,20,-5,17,-5,17,0,0,0,0,0,0,0,0,0,0,0,0,0,0,0,0,0,0,0,0,0,0,-10,-17,-8,-15,-8,-15,-8,-13,-6,-12,-8,-10,-7,-8,-8,-6,-7,-6,-8,-3,-7,-3,-8,-1,-8,1,-10,3,-9,4,-9,9,-6,9,-8,13,-6,12,-5,14,-5,17,-4,21,-3,18,-3,23,0,21,-1,25,2,23,5,24,4,25,11,27,10,24,12,29,13,26,16,27,20,26,21,23,24,23,27,21,28,19,32,18,35,16,35,16,39,14,42,11,38,10,38,10,42,7,48,4,46,3,46,0,48,-3,50,-6,52,-1,48,-2,53,-6,52,-4,48,-5,0,0]"
CSI_DATA,166,1a:00:00:00:00:00,-49,11,1,0,1,1,1,0,0,0,1,-96,0,11,2,2440271,0,44,0,384,0,"[0,0,0,0,0,0,0,0,0,0,0,0,10,0,9,-1,8,-1,8,-1,6,-2,5,-2,4,-2,3,-2,2,-3,1,-2,1,-3,0,-3,-1,-3,-2,-2,-2,-2,-3,-2,-4,-2,-4,-1,-5,-1,-6,-1,-6,0,-7,0,-7,1,-8,1,-9,1,-9,2,0,0,-10,3,-10,3,-11,3,-11,3,-11,3,-11,3,-11,3,-11,3,-12,3,-12,2,-12,2,-11,1,-11,1,-11,1,-11,1,-11,0,-10,0,-10,0,-10,0,-9,-1,-9,-1,-8,-1,-8,-2,-8,-3,-7,-3,-6,-4,0,0,0,0,0,0,0,0,0,0,0,0,0,0,21,-35,18,-32,15,-31,12,-30,10,-29,11,-26,8,-22,6,-23,3,-20,2,-16,-1,-16,-3,-14,-4,-12,-2,-8,-4,-5,-4,-3,-7,-1,-6,1,-7,3,-5,6,-7,6,-5,9,-7,12,-6,12,-5,13,-5,14,-4,15,-6,20,-6,19,-3,23,-4,22,-6,25,-3,24,-1,27,-4,28,-5,29,-3,30,-3,30,-5,30,-5,29,-5,28,-8,27,-6,28,-7,28,-7,25,-8,27,-10,23,-8,22,-10,21,-9,21,-10,22,-9,19,-11,18,-14,14,-14,14,-14,12,-16,9,0,0,0,0,0,0,0,0,0,0,0,0,0,0,0,0,0,0,0,0,0,0,9,-18,8,-17,7,-18,5,-16,6,-13,3,-11,2,-11,2,-10,0,-7,-1,-7,-3,-8,-3,-7,-6,-2,-8,-3,-8,-2,-10,0,-9,3,-13,2,-12,4,-14,5,-12,6,-16,11,-16,10,-17,13,-18,16,-17,17,-16,16,-16,21,-15,22,-12,24,-13,25,-10,27,-9,30,-4,29,-4,30,4,31,1,31,4,35,6,36,10,36,14,33,14,39,17,38,22,37,23,36,24,34,28,34,32,34,35,31,35,34,35,35,38,32,41,30,39,32,41,31,43,27,40,27,0,0]"
CSI_DATA,167,1a:00:00:00:00:00,-50,11,1,0,1,1,1,0,0,0,1,-96,0,11,2,2450576,0,44,0,384,0,"[0,0,0,0,0,0,0,0,0,0,0,0,10,-3,9,-4,7,-4,7,-4,6,-4,4,-4,4,-4,3,-4,1,-4,1,-3,0,-4,-1,-3,-2,-2,-2,-2,-3,-2,-4,-2,-4,-1,-5,-1,-5,0,-5,1,-6,1,-6,2,-7,2,-7,2,-9,3,-8,4,0,0,-9,4,-9,4,-10,5,-10,5,-10,4,-11,4,-11,5,-10,4,-11,4,-11,4,-11,3,-11,3,-11,2,-10,2,-10,2,-10,2,-10,1,-9,1,-9,1,-8,0,-8,0,-8,-1,-8,-1,-8,-2,-7,-3,-6,-3,0,0,0,0,0,0,0,0,0,0,0,0,0,0,39,-5,35,-7,33,-10,29,-6,26,-13,22,-9,22,-8,18,-11,14,-10,13,-8,10,-11,7,-8,5,-7,4,-8,1,-10,-3,-5,-5,-7,-6,-4,-7,-3,-8,-3,-9,0,-7,-2,-13,1,-15,2,-16,4,-15,4,-19,8,-18,9,-17,10,-19,13,-18,10,-24,14,-24,14,-23,13,-23,15,-26,14,-25,15,-30,13,-27,12,-27,14,-29,11,-27,10,-27,9,-27,9,-27,8,-27,8,-26,8,-25,6,-21,6,-23,2,-22,3,-21,1,-21,1,-20,-1,-18,-5,-18,-4,-15,-5,0,0,0,0,0,0,0,0,0,0,0,0,0,0,0,0,0,0,0,0,0,0,16,-9,15,-7,16,-7,14,-6,15,-6,13,-7,9,-5,7,-6,6,-7,4,-6,3,-9,2,-5,-1,-5,-6,-7,-7,-6,-9,-8,-9,-5,-8,-8,-12,-5,-15,-4,-15,-3,-19,-5,-20,-1,-21,0,-23,-1,-24,2,-24,4,-25,3,-26,7,-24,8,-25,12,-27,13,-26,13,-25,17,-29,21,-26,22,-22,27,-20,29,-19,31,-17,32,-17,34,-17,39,-14,36,-12,42,-9,39,-4,43,-3,44,-3,45,-3,47,0,51,2,48,3,50,3,51,4,49,6,49,7,50,5,50,0,0]"
CSI_DATA,168,1a:00:00:00:00:00,-50,11,1,0,1,1,1,0,0,0,1,-96,0,11,2,2460413,0,44,0,384,0,"[0,0,0,0,0,0,0,0,0,0,0,0,3,10,3,9,3,8,3,7,3,5,2,5,2,3,3,3,3,2,3,1,1,0,2,-1,1,-2,1,-2,1,-3,0,-3,0,-4,-1,-5,-1,-5,-2,-6,-2,-6,-3,-7,-3,-7,-4,-8,-5,-8,-5,-9,0,0,-5,-9,-5,-10,-7,-11,-6,-10,-6,-10,-5,-11,-6,-10,-6,-10,-6,-11,-5,-11,-5,-11,-5,-11,-4,-10,-4,-10,-3,-10,-3,-10,-3,-9,-3,-10,-2,-9,-1,-8,0,-9,0,-8,0,-8,0,-8,1,-8,2,-7,0,0,0,0,0,0,0,0,0,0,0,0,0,0,10,36,9,35,16,34,11,27,10,27,12,21,11,19,12,20,12,13,11,10,8,7,8,5,7,4,7,1,6,-1,4,-2,3,-7,2,-6,1,-7,2,-10,-3,-11,-1,-11,-5,-11,-5,-12,-10,-13,-8,-18,-9,-15,-14,-16,-13,-17,-16,-16,-16,-19,-19,-18,-18,-22,-18,-20,-18,-18,-22,-24,-20,-26,-22,-22,-17,-23,-17,-22,-18,-23,-18,-23,-19,-23,-16,-25,-14,-25,-13,-24,-13,-24,-11,-22,-10,-22,-10,-21,-7,-22,-5,-21,-5,-20,-3,-20,-2,-18,-1,-20,1,-17,0,0,0,0,0,0,0,0,0,0,0,0,0,0,0,0,0,0,0,0,0,0,8,18,8,16,7,16,7,16,5,12,6,12,6,9,5,9,6,7,5,5,7,4,8,1,7,-2,6,-2,6,-5,5,-4,6,-9,7,-8,4,-14,4,-16,2,-15,2,-19,0,-17,-1,-22,-3,-22,-2,-23,-2,-22,-6,-24,-8,-25,-11,-25,-12,-23,-17,-27,-17,-23,-19,-24,-23,-24,-24,-22,-27,-21,-29,-21,-29,-17,-35,-15,-36,-16,-37,-13,-41,-14,-42,-9,-43,-6,-43,-7,-43,-4,-48,-1,-47,1,-48,4,-49,5,-49,11,-49,8,-48,9,-50,12,-50,9,-50,10,0,0]"
CSI_DATA,169,1a:00:00:00:00:00,-50,11,1,0,1,1,1,0,0,0,1,-96,0,11,2,2470291,0,44,0,384,0,"[0,0,0,0,0,0,0,0,0,0,0,0,-7,-9,-6,-8,-6,-6,-6,-6,-6,-5,-5,-4,-5,-3,-4,-2,-4,-1,-3,-1,-2,0,-2,0,-2,1,-2,2,-1,2,0,3,1,4,1,4,1,4,3,4,3,5,4,5,4,4,5,5,6,5,6,5,0,0,7,6,7,6,8,6,8,6,8,7,8,7,8,7,8,7,8,7,7,8,7,7,6,8,6,8,6,7,5,8,5,8,4,8,4,7,3,7,3,7,2,7,2,7,1,7,1,6,0,7,-1,6,0,0,0,0,0,0,0,0,0,0,0,0,0,0,-19,-36,-19,-33,-20,-31,-18,-25,-18,-23,-16,-21,-14,-17,-18,-17,-14,-13,-13,-10,-11,-9,-10,-6,-10,-6,-9,1,-8,1,-7,4,-5,8,-1,5,-2,10,1,8,2,11,6,9,6,10,6,14,10,12,11,14,11,14,16,14,17,15,20,14,18,13,20,16,22,16,21,19,20,18,22,18,21,20,21,21,19,22,20,22,22,21,22,21,18,21,17,22,16,21,16,23,14,23,12,20,10,20,10,19,8,21,7,20,6,20,4,18,3,17,1,17,-1,15,0,0,0,0,0,0,0,0,0,0,0,0,0,0,0,0,0,0,0,0,0,0,-17,-15,-14,-18,-14,-14,-12,-15,-12,-13,-11,-11,-10,-9,-10,-8,-10,-6,-11,-6,-10,-3,-9,0,-8,1,-6,1,-7,3,-6,4,-5,10,-5,8,-3,10,-2,14,2,14,-2,19,3,16,6,18,5,19,9,17,7,20,11,21,11,19,14,18,18,19,18,19,18,19,21,17,25,19,28,16,29,11,32,9,33,9,39,3,37,4,39,-2,39,-1,43,-2,41,-4,40,-9,44,-7,46,-12,45,-13,45,-15,43,-19,43,-22,49,-21,46,-20,46,-25,46,-22,43,-20,0,0]"
CSI_DATA,170,1a:00:00:00:00:00,-49,11,1,0,1,1,1,0,0,0,1,-96,0,11,2,2480858,0,44,0,384,0,"[0,0,0,0,0,0,0,0,0,0,0,0,10,0,8,-1,8,-2,7,-2,6,-2,5,-2,4,-3,3,-3,2,-3,1,-3,0,-3,-1,-3,-2,-3,-2,-2,-3,-2,-4,-2,-4,-1,-5,-1,-5,-1,-6,0,-6,0,-7,1,-7,1,-8,1,-9,2,-9,2,0,0,-10,3,-11,3,-11,4,-11,4,-11,3,-11,4,-12,4,-11,3,-11,4,-12,3,-12,2,-11,2,-11,1,-11,1,-11,1,-10,1,-10,1,-10,0,-9,0,-9,0,-9,-1,-8,-1,-8,-2,-8,-3,-7,-3,-6,-4,0,0,0,0,0,0,0,0,0,0,0,0,0,0,19,-33,18,-31,15,-30,11,-27,9,-27,6,-25,7,-24,6,-21,1,-16,1,-14,-4,-13,-2,-10,-4,-7,-4,-9,-5,-4,-6,-1,-4,2,-6,1,-9,6,-6,7,-7,9,-8,8,-4,10,-4,15,-3,14,-6,14,-1,19,-2,21,-1,22,0,24,-1,22,2,26,2,26,2,29,3,28,-1,29,0,28,0,30,-2,31,1,30,-1,29,-3,27,-2,30,-4,29,-4,27,-4,28,-6,25,-6,24,-6,23,-7,22,-10,22,-9,19,-10,19,-10,17,-10,14,-12,13,-13,13,0,0,0,0,0,0,0,0,0,0,0,0,0,0,0,0,0,0,0,0,0,0,14,-17,13,-17,11,-18,14,-16,11,-15,9,-13,7,-12,7,-11,5,-13,4,-10,1,-9,-1,-10,-1,-7,-3,-8,-5,-7,-8,-3,-8,-3,-8,-4,-12,2,-12,0,-12,0,-16,4,-16,7,-17,8,-16,10,-14,13,-15,15,-14,17,-14,18,-13,21,-13,19,-11,24,-11,26,-8,28,-5,30,-6,30,-1,30,2,35,5,35,11,36,10,36,14,36,17,35,19,36,21,32,28,38,27,35,30,36,32,33,33,34,36,31,40,30,38,32,40,30,41,32,36,27,39,26,0,0]"
CSI_DATA,171,1a:00:00:00:00:00,-50,11,1,0,1,1,1,0,0,0,1,-96,0,11,2,2490270,0,44,0,384,0,"[0,0,0,0,0,0,0,0,0,0,0,0,-8,7,-7,6,-6,5,-5,6,-3,4,-3,4,-2,4,-2,3,-1,3,0,2,1,2,1,1,2,0,2,-1,2,-1,3,-1,3,-2,3,-2,3,-4,3,-4,3,-5,3,-6,4,-6,3,-7,3,-8,3,-8,0,0,4,-9,4,-10,4,-10,4,-10,4,-10,5,-11,5,-10,5,-10,5,-10,6,-10,6,-10,6,-9,5,-8,6,-8,6,-8,6,-7,6,-7,6,-7,6,-6,6,-6,6,-5,6,-4,6,-4,6,-3,5,-3,5,-2,0,0,0,0,0,0,0,0,0,0,0,0,0,0,-33,22,-31,20,-26,22,-21,19,-22,18,-18,18,-18,16,-9,16,-9,15,-7,13,-4,10,-2,8,0,10,-2,7,4,6,6,2,6,0,4,-1,7,-3,11,-4,8,-7,9,-9,10,-11,9,-12,10,-12,9,-15,10,-17,9,-20,8,-22,7,-24,7,-23,10,-23,11,-26,12,-30,12,-28,15,-28,13,-28,14,-27,15,-25,15,-26,16,-26,14,-26,16,-27,15,-24,17,-24,15,-22,15,-22,18,-19,16,-19,17,-16,16,-15,14,-13,18,-14,17,-10,18,-9,17,-9,17,-3,0,0,0,0,0,0,0,0,0,0,0,0,0,0,0,0,0,0,0,0,0,0,-20,14,-18,11,-18,11,-18,11,-16,10,-17,9,-14,7,-13,8,-11,7,-9,8,-7,9,-5,9,-3,8,-1,8,1,6,3,4,6,3,7,3,8,1,12,2,13,0,13,-1,14,-2,15,-4,17,-7,17,-9,18,-9,19,-14,19,-14,20,-16,15,-18,17,-20,15,-22,13,-22,14,-27,12,-28,12,-30,9,-34,5,-33,2,-39,2,-40,-3,-38,-3,-44,-8,-41,-10,-42,-9,-44,-11,-45,-16,-46,-18,-46,-23,-45,-23,-43,-28,-44,-25,-45,-24,-43,-29,-47,-29,-45,-28,-43,0,0]"
CSI_DATA,172,1a:00:00:00:00:00,-49,11,1,0,1,1,1,0,0,0,1,-96,0,11,2,2501913,0,44,0,384,0,"[0,0,0,0,0,0,0,0,0,0,0,0,9,1,8,0,7,-1,7,-1,5,-1,4,-2,3,-2,2,-2,2,-2,1,-2,0,-2,-1,-2,-2,-2,-3,-2,-3,-2,-4,-1,-5,-1,-5,-1,-6,0,-6,0,-7,1,-7,1,-8,2,-8,2,-9,3,-9,4,0,0,-10,4,-10,4,-11,5,-11,5,-11,4,-11,4,-11,5,-11,4,-11,4,-11,4,-11,4,-11,3,-11,3,-11,2,-10,2,-10,2,-10,1,-10,1,-9,0,-9,0,-9,0,-8,-1,-8,-1,-8,-2,-7,-3,-6,-3,0,0,0,0,0,0,0,0,0,0,0,0,0,0,25,-30,21,-27,17,-29,15,-24,12,-21,11,-21,9,-20,5,-18,3,-16,2,-15,-1,-11,0,-9,-3,-7,-5,-6,-5,-2,-6,-1,-7,1,-6,1,-7,5,-5,6,-5,10,-6,7,-7,12,-4,14,-4,15,-5,19,-5,17,-4,20,-2,20,-3,23,-2,23,-4,26,-3,25,-2,30,-4,28,-3,30,-5,30,-1,29,-5,31,-6,29,-2,26,-5,29,-6,28,-7,28,-6,27,-7,24,-10,25,-8,22,-8,23,-8,21,-9,20,-10,19,-12,18,-11,17,-14,13,-14,11,-14,9,0,0,0,0,0,0,0,0,0,0,0,0,0,0,0,0,0,0,0,0,0,0,17,-14,17,-12,16,-11,16,-13,14,-10,12,-10,11,-10,11,-11,8,-9,6,-9,4,-9,3,-9,-1,-6,1,-7,-1,-6,-5,-5,-5,-4,-7,-2,-10,-2,-10,1,-14,5,-15,4,-13,4,-14,8,-17,9,-17,9,-17,11,-15,15,-14,15,-14,20,-11,19,-15,20,-10,23,-10,23,-8,26,-6,28,-4,28,-2,30,4,33,4,35,5,36,9,36,13,38,16,39,20,38,25,41,24,38,24,34,28,35,30,36,30,36,34,36,36,37,34,33,39,36,36,32,35,29,0,0]"
CSI_DATA,173,1a:00:00:00:00:00,-49,11,1,0,1,1,1,0,0,0,1,-96,0,11,2,2521101,0,44,0,384,0,"[0,0,0,0,0,0,0,0,0,0,0,0,-8,-7,-7,-5,-7,-4,-6,-4,-6,-3,-5,-2,-4,-1,-4,0,-3,0,-2,1,-1,1,-1,1,0,2,1,2,1,2,2,2,3,2,3,2,4,2,5,2,5,2,6,2,7,2,7,1,8,1,8,1,0,0,9,1,10,1,10,1,11,0,10,1,11,1,11,1,11,1,11,1,11,2,10,2,10,2,10,2,9,2,9,3,8,3,8,3,7,3,7,3,6,3,6,4,5,4,5,4,4,4,4,5,3,5,0,0,0,0,0,0,0,0,0,0,0,0,0,0,-81,15,-68,21,-60,22,-58,18,-51,20,-44,23,-39,20,-33,24,-23,22,-18,23,-12,15,-7,12,-2,18,-1,11,2,7,3,4,12,5,15,3,16,-3,21,-2,26,-9,22,-8,20,-21,25,-19,27,-24,28,-29,30,-31,29,-31,29,-38,33,-42,33,-44,31,-46,34,-48,33,-51,33,-50,38,-50,39,-49,36,-51,43,-49,38,-47,37,-41,43,-42,38,-49,41,-40,40,-39,40,-39,39,-33,44,-32,36,-25,38,-22,36,-25,33,-19,38,-18,37,-19,33,-10,37,-6,38,-1,0,0,0,0,0,0,0,0,0,0,0,0,0,0,0,0,0,0,0,0,0,0,-53,-8,-49,-9,-45,-12,-49,-9,-45,-11,-34,-14,-34,-7,-33,-4,-32,-7,-29,0,-23,-1,-20,5,-18,2,-15,4,-5,3,-7,4,0,8,5,5,5,7,14,10,12,15,19,9,25,10,28,3,34,2,34,0,36,0,42,-4,42,-3,47,-11,41,-16,43,-18,43,-25,47,-29,44,-36,43,-42,38,-47,37,-52,35,-58,37,-64,33,-67,31,-73,24,-80,19,-82,14,-83,15,-88,8,-91,6,-88,-2,-101,-1,-104,-6,-92,-15,-106,-13,-105,-13,-94,-21,-102,-17,-95,-18,-97,0,0]"
CSI_DATA,174,1a:00:00:00:00:00,-49,11,1,0,1,1,1,0,0,0,1,-96,0,11,2,2532287,0,44,0,384,0,"[0,0,0,0,0,0,0,0,0,0,0,0,-1,10,0,8,0,7,1,6,1,5,1,4,1,3,1,2,1,1,1,0,1,-1,1,-2,1,-3,1,-3,0,-4,0,-5,-1,-5,-1,-6,-2,-6,-2,-7,-3,-7,-3,-8,-4,-8,-5,-8,-5,-9,-6,-9,0,0,-7,-10,-7,-11,-7,-11,-8,-11,-7,-11,-7,-11,-7,-11,-7,-11,-7,-11,-7,-11,-6,-11,-5,-11,-5,-11,-5,-10,-4,-10,-4,-10,-4,-10,-3,-9,-3,-9,-2,-9,-2,-9,-1,-8,-1,-8,0,-8,1,-7,1,-7,0,0,0,0,0,0,0,0,0,0,0,0,0,0,33,20,26,19,28,15,26,13,23,10,18,7,19,5,17,3,13,2,12,2,8,0,5,-3,6,-5,5,-4,1,-2,-2,-7,-5,-8,-7,-7,-5,-8,-11,-5,-12,-4,-15,-5,-17,-1,-16,-2,-19,-4,-21,-4,-21,-2,-22,0,-25,0,-23,2,-26,0,-30,1,-26,3,-32,2,-30,2,-29,1,-33,2,-32,1,-33,1,-30,2,-29,-3,-30,-1,-28,-1,-30,-2,-27,-4,-26,-3,-27,-5,-24,-5,-21,-5,-21,-6,-21,-10,-17,-9,-17,-9,-18,-10,-17,-10,-14,-12,-12,-13,0,0,0,0,0,0,0,0,0,0,0,0,0,0,0,0,0,0,0,0,0,0,16,22,13,22,13,22,11,21,8,19,7,18,10,16,8,14,10,12,8,11,7,9,8,8,7,7,6,2,5,2,4,2,2,-2,1,-3,1,-5,-1,-7,-3,-8,-5,-9,-5,-11,-6,-11,-8,-14,-12,-11,-14,-14,-12,-12,-15,-11,-20,-10,-19,-8,-23,-9,-23,-8,-24,-6,-27,-8,-27,-2,-30,-1,-31,2,-31,4,-36,7,-35,9,-35,18,-37,16,-34,18,-35,22,-33,28,-34,27,-33,28,-33,33,-33,33,-35,35,-32,38,-34,41,-29,39,-32,41,-30,39,-31,39,0,0]"
CSI_DATA,175,1a:00:00:00:00:00,-50,11,1,0,1,1,1,0,0,0,1,-96,0,11,2,2540283,0,44,0,384,0,"[0,0,0,0,0,0,0,0,0,0,0,0,4,8,4,7,4,6,4,5,3,3,3,2,2,1,2,1,2,0,1,-2,0,-2,0,-2,0,-2,-1,-4,-2,-4,-3,-3,-3,-2,-4,-4,-5,-5,-7,-4,-7,-3,-6,-5,-7,-5,-9,-4,-9,-5,-9,-4,0,0,-12,-5,-11,-5,-13,-5,-12,-4,-12,-5,-12,-5,-12,-5,-12,-5,-12,-6,-11,-5,-11,-6,-11,-6,-11,-6,-10,-6,-9,-6,-9,-7,-8,-6,-8,-6,-7,-6,-6,-6,-6,-6,-6,-6,-5,-6,-4,-6,-3,-7,-3,-7,0,0,0,0,0,0,0,0,0,0,0,0,0,0,39,5,34,6,34,3,30,1,25,0,23,0,22,-3,16,-2,16,-3,14,-2,10,-3,4,-6,4,-4,0,-7,-2,-2,-4,0,-5,-8,-9,4,-6,-3,-5,2,-16,-3,-10,-3,-15,6,-15,2,-19,12,-19,12,-19,14,-16,16,-18,14,-20,19,-20,13,-24,19,-26,16,-25,19,-26,19,-28,19,-25,19,-29,18,-27,18,-26,15,-25,16,-25,15,-26,14,-29,13,-24,14,-27,9,-26,10,-24,11,-23,7,-22,6,-21,7,-18,3,-19,2,-20,0,-19,-2,-17,-1,-19,-3,0,0,0,0,0,0,0,0,0,0,0,0,0,0,0,0,0,0,0,0,0,0,18,22,17,23,16,21,17,22,16,20,13,18,14,16,13,15,13,13,12,8,11,10,9,6,10,5,9,4,6,3,3,1,3,-3,-2,-3,0,-3,-4,-3,-4,-8,-6,-8,-7,-7,-10,-9,-10,-9,-13,-8,-14,-10,-16,-9,-19,-9,-21,-6,-22,-4,-25,-3,-25,-4,-25,1,-28,5,-27,7,-27,11,-29,13,-29,14,-31,20,-30,21,-29,23,-29,28,-26,30,-27,34,-28,36,-25,40,-22,43,-22,41,-21,44,-20,46,-17,48,-18,50,-17,50,-18,52,-15,49,-14,48,0,0]"
CSI_DATA,176,1a:00:00:00:00:00,-50,11,1,0,1,1,1,0,0,0,1,-96,0,11,2,2561757,0,44,0,384,0,"[0,0,0,0,0,0,0,0,0,0,0,0,5,-7,4,-6,3,-6,2,-5,2,-4,1,-4,0,-3,0,-2,-1,-2,-1,-1,-2,0,-2,1,-2,1,-2,2,-2,2,-2,4,-2,4,-2,5,-1,5,-1,6,-1,6,-1,7,-1,8,0,8,0,9,0,9,0,0,1,10,1,11,1,10,1,11,1,10,1,11,1,11,0,10,1,11,0,10,0,10,-1,10,-1,9,-1,9,-1,9,-1,8,-2,8,-2,7,-2,7,-2,6,-3,6,-3,5,-3,5,-4,4,-4,4,-4,3,0,0,0,0,0,0,0,0,0,0,0,0,0,0,-29,-66,-38,-59,-32,-49,-26,-45,-31,-37,-24,-35,-28,-26,-25,-20,-19,-17,-17,-10,-14,-11,-9,-8,-6,0,-3,4,0,6,3,11,12,12,18,10,13,15,19,16,19,11,23,13,31,10,32,9,40,10,39,11,50,6,50,3,51,4,56,-1,59,-3,56,-5,59,1,59,-3,61,-2,59,-1,61,-2,61,-10,64,2,53,-2,57,-2,60,-1,56,6,50,6,54,7,47,6,48,9,42,16,40,11,39,9,37,7,32,11,31,13,29,17,26,19,26,15,13,21,0,0,0,0,0,0,0,0,0,0,0,0,0,0,0,0,0,0,0,0,0,0,25,-47,26,-46,25,-47,26,-42,25,-39,22,-37,17,-32,16,-31,15,-33,14,-25,8,-23,10,-18,7,-16,3,-9,4,-10,5,-5,2,-3,-7,8,-3,16,-5,11,-2,17,-6,22,-3,26,0,32,2,31,8,30,2,31,4,37,8,37,17,45,18,46,23,43,26,44,38,37,39,41,45,36,49,34,54,35,55,29,64,24,69,23,73,20,75,14,83,8,80,1,81,0,85,-9,90,-15,94,-19,95,-21,95,-28,92,-33,97,-32,91,-34,94,-34,87,-41,88,-36,0,0]"
CSI_DATA,177,1a:00:00:00:00:00,-50,11,1,0,1,1,1,0,0,0,1,-96,0,11,2,2580273,0,44,0,384,0,"[0,0,0,0,0,0,0,0,0,0,0,0,0,-9,0,-8,-1,-7,-1,-6,-1,-5,-2,-4,-2,-3,-2,-2,-2,-1,-1,0,-1,1,-1,2,-1,3,0,3,0,4,1,5,1,5,1,5,2,6,3,6,3,6,4,7,4,7,5,7,6,8,6,8,0,0,7,8,7,8,8,8,8,8,7,8,8,9,8,8,7,8,7,8,6,8,6,9,5,8,5,8,4,7,4,7,4,7,3,7,3,6,2,6,2,6,1,5,1,5,0,5,-1,5,-1,4,-2,4,0,0,0,0,0,0,0,0,0,0,0,0,0,0,-32,-17,-29,-16,-29,-11,-25,-10,-23,-7,-17,-8,-18,-4,-17,-1,-14,0,-9,-2,-9,1,-2,3,-2,2,-1,2,2,3,4,1,7,1,9,1,10,1,13,3,16,0,15,-1,16,-3,20,-5,20,-3,22,-5,23,-9,22,-8,24,-8,27,-9,27,-10,26,-9,26,-10,27,-13,27,-12,28,-12,27,-13,28,-11,27,-11,28,-11,28,-11,26,-8,24,-8,26,-7,21,-6,22,-4,22,-1,20,-2,18,-1,16,-2,15,1,15,2,15,1,13,5,11,5,10,4,8,6,0,0,0,0,0,0,0,0,0,0,0,0,0,0,0,0,0,0,0,0,0,0,-16,-18,-13,-18,-13,-18,-13,-16,-12,-14,-8,-12,-10,-12,-10,-11,-9,-9,-8,-7,-6,-7,-5,-3,-6,-2,-4,1,-4,0,-1,2,1,7,1,5,5,9,7,8,5,10,12,11,12,11,13,12,15,13,17,12,16,13,21,13,21,11,27,9,25,6,27,6,28,8,30,3,32,1,35,0,32,-4,34,-9,34,-10,35,-15,38,-14,36,-22,34,-20,35,-24,35,-27,30,-30,31,-31,31,-37,31,-35,31,-39,31,-38,27,-40,31,-44,27,-42,26,-46,24,-41,24,-39,0,0]"
CSI_DATA,178,1a:00:00:00:00:00,-49,11,1,0,1,1,1,0,0,0,1,-96,0,11,2,2610282,0,44,0,384,0,"[0,0,0,0,0,0,0,0,0,0,0,0,-3,7,-2,6,0,6,0,5,0,4,0,3,1,2,1,2,2,1,2,0,3,0,3,-2,3,-3,3,-3,3,-4,3,-4,3,-5,3,-6,2,-7,3,-8,3,-8,2,-9,2,-9,2,-10,2,-10,2,-11,0,0,2,-12,3,-12,2,-12,2,-12,3,-12,4,-12,3,-12,3,-12,3,-11,4,-11,4,-10,4,-10,5,-9,4,-8,5,-8,5,-7,4,-7,4,-6,4,-5,4,-5,4,-4,4,-3,4,-3,4,-2,4,-2,4,-1,0,0,0,0,0,0,0,0,0,0,0,0,0,0,-41,58,-34,51,-23,52,-24,43,-18,39,-11,33,-6,32,-3,29,2,23,-2,23,7,13,11,15,17,9,15,0,16,1,18,-3,20,-13,18,-13,21,-17,20,-20,18,-28,22,-22,16,-30,15,-35,17,-30,23,-42,18,-45,16,-48,17,-50,16,-57,14,-54,22,-65,18,-57,19,-61,15,-63,24,-59,27,-58,25,-62,30,-58,24,-54,25,-50,33,-53,31,-43,34,-45,28,-45,31,-44,29,-38,27,-30,28,-27,29,-26,25,-21,27,-17,24,-17,28,-12,26,-9,22,-1,20,3,0,0,0,0,0,0,0,0,0,0,0,0,0,0,0,0,0,0,0,0,0,0,8,41,4,41,3,39,6,38,3,32,5,34,4,25,8,25,10,22,7,19,9,15,12,10,12,9,15,6,14,1,16,-3,18,-11,17,-10,17,-16,21,-16,19,-25,20,-30,21,-35,20,-36,19,-40,16,-45,19,-44,15,-54,13,-52,9,-59,7,-52,5,-64,5,-58,-3,-65,-7,-69,-12,-68,-17,-66,-24,-69,-24,-67,-33,-69,-39,-73,-43,-67,-49,-71,-48,-70,-53,-63,-66,-63,-69,-63,-68,-64,-69,-59,-73,-63,-74,-59,-75,-60,-77,-60,-75,-56,-75,-61,-78,-56,-70,-51,0,0]"
CSI_DATA,179,1a:00:00:00:00:00,-49,11,1,0,1,1,1,0,0,0,1,-96,0,11,2,2620283,0,44,0,384,0,"[0,0,0,0,0,0,0,0,0,0,0,0,-7,5,-6,5,-5,5,-4,4,-3,4,-2,3,-1,3,0,3,0,2,1,2,2,1,2,1,3,0,3,-1,4,-1,4,-2,4,-3,5,-3,5,-4,5,-5,5,-5,5,-6,6,-6,6,-7,6,-8,6,-8,0,0,7,-9,7,-9,7,-10,7,-10,7,-9,8,-9,8,-9,7,-9,8,-9,8,-8,8,-8,8,-7,8,-7,7,-6,8,-5,7,-5,7,-5,6,-4,6,-3,6,-3,6,-2,5,-2,5,-1,5,0,4,0,4,1,0,0,0,0,0,0,0,0,0,0,0,0,0,0,1,33,0,30,6,26,3,26,8,24,7,19,8,16,7,13,9,11,6,6,7,6,8,4,8,0,6,-2,7,-2,6,-6,5,-9,4,-10,1,-10,2,-14,-1,-16,-1,-16,-3,-18,-6,-18,-4,-18,-5,-21,-7,-21,-10,-24,-11,-26,-12,-25,-12,-24,-13,-28,-10,-26,-14,-27,-12,-28,-12,-32,-11,-30,-10,-30,-7,-29,-8,-27,-10,-28,-7,-29,-6,-27,-6,-26,-3,-25,-5,-23,0,-23,0,-23,-1,-23,2,-19,3,-16,2,-17,4,-15,6,-12,5,-12,8,-10,9,-9,0,0,0,0,0,0,0,0,0,0,0,0,0,0,0,0,0,0,0,0,0,0,16,15,15,15,15,14,14,13,14,14,11,12,12,8,12,8,13,7,11,5,11,3,8,0,10,-2,7,-2,8,-4,9,-8,6,-8,5,-11,4,-13,3,-16,4,-18,1,-19,0,-20,-1,-21,-4,-23,-3,-25,-5,-25,-7,-24,-7,-27,-11,-27,-14,-25,-14,-29,-16,-27,-21,-26,-21,-27,-23,-25,-24,-24,-28,-21,-29,-22,-36,-18,-34,-19,-37,-15,-38,-16,-41,-12,-41,-12,-41,-7,-44,-9,-45,-5,-46,-6,-49,-4,-48,-2,-49,1,-49,-1,-47,0,-49,2,-46,4,-46,2,0,0]"
CSI_DATA,180,1a:00:00:00:00:00,-50,11,1,0,1,1,1,0,0,0,1,-96,0,11,2,2630287,0,44,0,384,0,"[0,0,0,0,0,0,0,0,0,0,0,0,-6,7,-5,6,-3,6,-3,5,-2,5,-2,4,-1,4,0,3,0,2,1,1,1,1,2,0,2,-1,2,-2,2,-2,3,-3,2,-4,3,-4,2,-5,2,-6,2,-6,2,-7,3,-8,2,-9,2,-9,2,-10,0,0,2,-10,3,-11,2,-11,3,-12,3,-11,3,-11,3,-11,3,-11,3,-11,4,-10,4,-10,4,-9,4,-9,4,-8,5,-8,4,-7,5,-7,4,-6,4,-6,4,-5,4,-4,4,-4,4,-3,4,-2,4,-2,4,-1,0,0,0,0,0,0,0,0,0,0,0,0,0,0,36,58,39,54,36,46,37,42,33,34,34,32,30,24,27,18,27,18,20,11,19,6,20,3,12,0,11,-6,7,-10,4,-15,-2,-19,0,-14,-7,-15,-10,-15,-12,-22,-13,-22,-20,-23,-26,-23,-26,-24,-30,-22,-34,-22,-41,-20,-42,-23,-45,-22,-47,-30,-49,-25,-50,-26,-51,-22,-53,-25,-54,-31,-53,-37,-50,-28,-52,-32,-46,-32,-44,-28,-42,-36,-42,-32,-41,-33,-37,-31,-36,-35,-29,-32,-26,-34,-25,-33,-18,-27,-20,-30,-19,-28,-12,-27,-6,-27,-9,-26,-4,-22,4,-25,0,0,0,0,0,0,0,0,0,0,0,0,0,0,0,0,0,0,0,0,0,0,40,22,42,24,42,23,40,22,36,21,34,20,25,12,32,16,31,6,27,5,27,4,24,3,20,-5,18,-5,17,-10,17,-14,11,-19,9,-22,3,-27,0,-31,1,-34,-3,-35,-7,-34,-9,-40,-15,-42,-20,-45,-23,-40,-26,-45,-28,-44,-36,-45,-37,-41,-45,-41,-46,-40,-49,-31,-56,-35,-60,-29,-63,-22,-68,-20,-70,-18,-77,-11,-74,-7,-83,-2,-84,-2,-81,7,-84,12,-83,15,-84,17,-83,26,-84,28,-89,34,-88,37,-84,42,-93,47,-82,42,-88,49,-81,48,-84,46,0,0]"
CSI_DATA,181,1a:00:00:00:00:00,-50,11,1,0,1,1,1,0,0,0,1,-96,0,11,2,2640277,0,44,0,384,0,"[0,0,0,0,0,0,0,0,0,0,0,0,4,8,4,7,4,5,4,5,3,4,3,3,3,2,2,1,2,0,1,-1,1,-1,0,-2,0,-3,-1,-3,-1,-3,-2,-4,-3,-4,-3,-4,-4,-4,-5,-5,-5,-5,-6,-5,-7,-5,-8,-5,-8,-5,-9,-5,0,0,-10,-5,-10,-6,-11,-6,-11,-5,-10,-6,-11,-6,-11,-6,-10,-6,-10,-6,-10,-6,-9,-6,-9,-7,-8,-6,-8,-6,-7,-7,-7,-7,-6,-6,-6,-6,-5,-6,-4,-6,-4,-6,-3,-6,-3,-5,-2,-5,-1,-5,-1,-5,0,0,0,0,0,0,0,0,0,0,0,0,0,0,34,6,34,6,31,5,27,-1,26,0,23,-1,20,-2,16,-4,15,-4,13,-3,10,-7,7,-5,5,-5,1,-5,0,-4,-2,-4,-5,-5,-5,-5,-7,-4,-10,-2,-13,2,-13,4,-15,2,-18,3,-14,5,-19,8,-19,7,-21,9,-22,11,-20,11,-24,12,-23,12,-24,11,-24,14,-24,13,-25,12,-27,15,-26,12,-27,13,-24,11,-27,9,-25,9,-25,8,-25,6,-22,7,-24,5,-23,4,-22,2,-19,1,-18,1,-18,0,-16,0,-15,-3,-14,-4,-14,-4,-13,-6,-10,-8,0,0,0,0,0,0,0,0,0,0,0,0,0,0,0,0,0,0,0,0,0,0,27,-1,26,2,27,1,23,1,24,1,21,0,18,-2,18,-3,18,-4,15,-3,14,-5,11,-7,10,-8,7,-7,7,-9,4,-9,-1,-10,-2,-13,-3,-12,-7,-13,-7,-11,-11,-13,-11,-13,-16,-15,-20,-12,-20,-11,-22,-11,-21,-10,-26,-11,-28,-8,-27,-5,-29,-2,-32,1,-30,1,-34,5,-34,5,-31,9,-31,13,-31,14,-33,19,-32,21,-31,25,-28,27,-30,32,-27,31,-29,35,-26,36,-21,38,-22,41,-19,43,-23,41,-17,44,-15,46,-16,46,-14,46,-14,46,-11,43,0,0]"
CSI_DATA,182,1a:00:00:00:00:00,-50,11,1,0,1,1,1,0,0,0,1,-96,0,11,2,2650288,0,44,0,384,0,"[0,0,0,0,0,0,0,0,0,0,0,0,6,6,6,5,6,4,5,3,4,2,3,2,3,1,2,0,2,0,1,-1,0,-1,-1,-2,-1,-2,-2,-3,-3,-3,-4,-3,-4,-2,-5,-3,-5,-2,-6,-2,-7,-2,-8,-2,-8,-2,-9,-2,-10,-2,-10,-1,0,0,-11,-1,-12,-2,-12,-1,-12,-1,-12,-2,-12,-2,-12,-2,-12,-2,-12,-2,-11,-3,-11,-3,-10,-3,-10,-3,-9,-3,-9,-4,-8,-4,-8,-4,-7,-4,-6,-4,-6,-4,-5,-4,-5,-4,-4,-4,-4,-4,-3,-4,-2,-4,0,0,0,0,0,0,0,0,0,0,0,0,0,0,36,-9,33,-9,29,-15,27,-11,24,-14,20,-11,15,-10,13,-11,10,-11,11,-8,6,-11,3,-4,5,-9,0,-3,-3,-4,-2,-1,-4,1,-6,2,-6,3,-7,8,-9,10,-9,10,-9,12,-11,12,-9,13,-12,17,-8,18,-9,20,-9,21,-10,25,-8,26,-9,28,-11,25,-10,28,-10,25,-13,26,-14,28,-11,28,-11,26,-13,26,-14,24,-11,26,-13,23,-11,23,-12,21,-13,18,-14,16,-15,18,-12,14,-12,12,-13,9,-12,8,-10,9,-10,6,-12,6,-10,4,-12,1,0,0,0,0,0,0,0,0,0,0,0,0,0,0,0,0,0,0,0,0,0,0,29,-2,27,0,25,0,26,-1,24,1,22,-1,20,-4,19,-4,18,-6,15,-7,13,-7,11,-7,9,-10,5,-8,4,-7,0,-8,-3,-10,-3,-12,-6,-10,-9,-12,-11,-14,-14,-11,-16,-9,-19,-8,-19,-6,-22,-5,-24,-5,-25,-1,-27,-3,-28,2,-27,3,-30,5,-29,8,-27,10,-31,14,-29,16,-26,20,-24,23,-23,28,-21,31,-22,34,-21,33,-19,36,-16,38,-15,38,-14,45,-8,44,-6,45,-4,46,-1,50,3,48,5,49,1,52,5,46,7,49,9,50,6,46,0,0]"
CSI_DATA,183,1a:00:00:00:00:00,-50,11,1,0,1,1,1,0,0,0,1,-96,0,11,2,2660691,0,44,0,384,0,"[0,0,0,0,0,0,0,0,0,0,0,0,-7,-8,-7,-7,-6,-5,-6,-5,-5,-4,-5,-3,-4,-2,-3,-1,-3,-1,-2,0,-1,1,0,1,0,2,1,2,2,2,3,2,3,2,4,2,5,2,6,2,6,3,7,3,8,2,9,2,10,2,10,2,0,0,11,2,11,2,12,2,12,2,12,3,12,3,12,3,11,3,11,3,11,3,10,4,10,4,9,4,8,4,8,4,7,4,6,4,6,4,5,4,4,4,4,4,3,4,2,4,2,4,1,4,0,4,0,0,0,0,0,0,0,0,0,0,0,0,0,0,-37,7,-35,8,-31,10,-28,6,-26,9,-22,10,-17,9,-16,10,-14,10,-11,8,-7,6,-4,6,-1,5,1,2,0,2,5,0,4,0,6,-1,8,-2,8,-4,11,-8,11,-9,10,-10,13,-11,13,-13,15,-14,13,-15,15,-20,16,-19,16,-23,16,-23,19,-22,16,-20,18,-25,17,-26,22,-23,21,-24,20,-23,18,-23,20,-22,18,-21,20,-20,20,-17,21,-17,18,-14,18,-13,17,-10,17,-9,16,-6,16,-7,15,-8,15,-6,14,-2,13,-2,13,-1,11,0,8,3,0,0,0,0,0,0,0,0,0,0,0,0,0,0,0,0,0,0,0,0,0,0,-23,9,-25,11,-22,7,-23,9,-21,7,-19,7,-19,7,-18,7,-15,9,-13,9,-11,12,-10,10,-6,12,-5,11,-3,10,0,8,4,10,1,12,7,8,9,7,10,10,16,8,16,7,15,3,21,1,22,2,22,1,24,-1,22,-1,25,-6,23,-7,27,-8,25,-10,25,-16,26,-18,24,-19,24,-22,22,-26,20,-28,20,-36,20,-34,18,-34,15,-39,12,-40,9,-41,8,-45,7,-49,4,-47,0,-49,0,-46,-1,-50,-4,-51,-5,-51,-7,-47,-8,-53,-7,-47,-6,-48,0,0]"
CSI_DATA,184,1a:00:00:00:00:00,-50,11,1,0,1,1,1,0,0,0,1,-96,0,11,2,2670275,0,44,0,384,0,"[0,0,0,0,0,0,0,0,0,0,0,0,5,-8,4,-8,3,-7,2,-6,1,-6,1,-5,0,-4,-1,-3,-1,-3,-1,-2,-2,-1,-2,0,-3,1,-3,1,-3,2,-3,3,-3,3,-3,4,-3,5,-3,6,-3,6,-3,7,-3,7,-2,8,-2,9,-2,9,0,0,-2,10,-2,11,-2,11,-2,11,-2,11,-3,11,-3,11,-3,10,-3,11,-3,10,-4,10,-4,9,-4,9,-4,8,-4,7,-4,7,-4,6,-4,6,-4,5,-4,4,-5,4,-4,3,-4,3,-4,2,-5,1,-4,0,0,0,0,0,0,0,0,0,0,0,0,0,0,0,-35,-68,-33,-59,-35,-54,-27,-50,-29,-47,-25,-39,-29,-24,-30,-27,-24,-19,-16,-16,-19,-10,-11,-8,-10,-5,-9,0,-6,5,-2,4,-1,12,1,15,5,15,11,16,14,20,16,19,24,20,25,19,32,28,37,23,29,27,40,23,42,22,48,26,46,27,53,30,47,30,55,28,53,27,51,35,48,28,49,34,46,35,42,33,43,33,44,33,39,36,35,33,29,35,27,31,26,31,28,32,17,30,19,29,13,25,12,23,10,25,-1,27,0,20,-3,23,-2,23,0,0,0,0,0,0,0,0,0,0,0,0,0,0,0,0,0,0,0,0,0,0,-35,-42,-32,-38,-29,-37,-29,-43,-26,-35,-26,-32,-24,-31,-27,-26,-26,-23,-23,-19,-23,-20,-22,-8,-23,-5,-19,0,-22,1,-16,5,-17,9,-17,12,-12,14,-9,17,-6,28,-1,33,1,30,5,40,4,37,6,44,10,39,17,45,18,41,26,42,28,36,35,41,38,38,43,39,46,41,48,37,50,28,60,27,63,23,73,19,72,18,76,6,77,8,83,0,78,0,88,-16,88,-14,90,-9,90,-20,91,-21,90,-28,90,-30,97,-35,87,-29,88,-36,89,-37,85,-31,0,0]"
CSI_DATA,185,1a:00:00:00:00:00,-50,11,1,0,1,1,1,0,0,0,1,-96,0,11,2,2690271,0,44,0,384,0,"[0,0,0,0,0,0,0,0,0,0,0,0,-8,-7,-7,-6,-7,-5,-6,-4,-6,-3,-5,-3,-5,-2,-4,-1,-3,0,-3,1,-2,1,-1,1,-1,2,0,2,0,3,2,3,2,3,3,3,3,3,4,3,5,4,5,3,6,4,7,3,8,4,8,3,0,0,9,4,9,4,9,4,10,4,9,5,9,5,9,5,9,5,8,5,8,5,8,5,7,5,6,5,6,5,5,6,5,5,4,5,4,5,3,5,3,4,2,5,1,4,1,4,0,4,0,4,-1,3,0,0,0,0,0,0,0,0,0,0,0,0,0,0,-32,12,-33,14,-27,13,-25,11,-22,14,-17,12,-17,12,-14,11,-11,10,-7,9,-8,9,-4,8,-2,6,0,7,1,4,4,3,5,0,6,1,7,1,9,-3,7,-6,12,-7,10,-7,10,-8,13,-8,15,-10,13,-14,14,-15,15,-14,16,-19,14,-18,16,-19,17,-20,17,-20,17,-20,20,-20,19,-19,18,-18,19,-16,19,-17,17,-16,22,-15,20,-13,19,-12,18,-10,17,-10,17,-8,18,-7,14,-5,14,-3,14,-4,13,-3,14,-2,12,1,10,2,9,2,8,3,0,0,0,0,0,0,0,0,0,0,0,0,0,0,0,0,0,0,0,0,0,0,-15,15,-13,13,-14,12,-12,12,-13,11,-11,10,-9,10,-7,7,-3,9,-2,9,-2,8,-1,6,3,6,3,5,5,4,8,3,10,1,12,2,14,1,15,-2,17,0,19,-2,19,-6,17,-6,23,-7,21,-12,24,-9,22,-12,24,-15,25,-20,23,-17,24,-22,23,-23,18,-23,21,-29,18,-28,18,-30,13,-36,13,-37,10,-39,10,-38,6,-39,8,-39,3,-46,-2,-40,0,-44,-2,-46,-8,-46,-8,-48,-11,-48,-13,-49,-16,-46,-12,-46,-13,-46,-16,-50,-18,-44,-15,-42,0,0]"
CSI_DATA,186,1a:00:00:00:00:00,-51,11,1,0,1,1,1,0,0,0,1,-96,0,11,2,2700276,0,44,0,384,0,"[0,0,0,0,0,0,0,0,0,0,0,0,-10,-4,-10,-3,-9,-2,-8,-2,-7,-1,-6,-1,-5,0,-4,0,-3,0,-2,1,-1,1,0,1,0,1,1,1,2,1,3,1,3,0,4,0,5,0,5,0,6,-1,6,-1,7,-1,7,-2,8,-2,8,-2,0,0,9,-3,10,-3,10,-3,10,-3,10,-2,10,-2,10,-2,10,-2,10,-2,9,-2,9,-1,9,-1,8,0,8,0,7,1,7,1,6,1,6,1,5,1,5,1,4,2,4,2,3,2,3,2,2,3,1,3,0,0,0,0,0,0,0,0,0,0,0,0,0,0,-65,35,-65,36,-54,34,-51,35,-47,30,-39,34,-28,30,-22,32,-24,24,-18,17,-9,19,-11,19,-2,12,2,8,1,9,6,1,8,1,11,-1,11,-6,11,-8,14,-10,20,-12,15,-19,22,-18,14,-24,20,-29,22,-31,17,-34,18,-38,21,-43,21,-39,24,-46,23,-41,21,-46,24,-46,30,-44,29,-44,25,-46,29,-39,32,-40,24,-38,27,-37,31,-32,28,-34,28,-30,26,-29,28,-21,29,-20,25,-17,23,-13,26,-12,22,-10,23,-5,22,-2,21,0,19,0,19,6,0,0,0,0,0,0,0,0,0,0,0,0,0,0,0,0,0,0,0,0,0,0,-22,34,-25,31,-20,30,-26,30,-21,26,-18,21,-11,21,-13,22,-8,25,-3,21,1,18,8,14,10,17,15,11,15,16,22,10,25,9,29,12,33,6,34,1,39,-1,45,-7,46,-13,47,-13,49,-11,47,-23,52,-23,47,-25,48,-33,48,-40,45,-39,48,-44,45,-48,43,-52,38,-59,37,-61,30,-59,26,-70,24,-73,15,-80,14,-77,10,-82,3,-80,-2,-93,-4,-89,-10,-96,-17,-94,-24,-89,-26,-90,-28,-100,-34,-89,-43,-94,-35,-96,-42,-90,-40,-94,-43,-92,-45,-88,0,0]"
CSI_DATA,187,1a:00:00:00:00:00,-51,11,1,0,1,1,1,0,0,0,1,-96,0,11,2,2713030,0,44,0,384,0,"[0,0,0,0,0,0,0,0,0,0,0,0,-10,3,-8,3,-8,3,-7,3,-6,2,-4,2,-3,2,-2,1,-2,1,-1,0,0,0,0,-1,1,-2,1,-2,2,-3,2,-4,2,-4,2,-5,2,-5,2,-6,2,-7,2,-8,2,-8,2,-9,2,-10,2,-10,0,0,2,-11,2,-12,2,-12,1,-12,2,-11,2,-12,2,-12,2,-11,2,-11,2,-11,2,-10,3,-9,3,-9,3,-8,3,-8,3,-7,3,-7,2,-6,3,-6,3,-5,3,-4,3,-4,3,-3,3,-3,3,-2,3,-1,0,0,0,0,0,0,0,0,0,0,0,0,0,0,-6,36,-6,32,-1,31,-1,27,1,25,1,24,4,21,3,17,6,13,2,14,4,7,3,7,2,5,2,3,1,1,2,-2,-1,-5,-4,-8,-4,-6,-5,-9,-8,-9,-8,-12,-11,-9,-13,-11,-14,-12,-17,-15,-13,-14,-18,-14,-19,-14,-22,-15,-23,-15,-24,-15,-22,-14,-27,-15,-22,-16,-23,-18,-26,-15,-23,-16,-23,-15,-23,-16,-21,-16,-20,-15,-17,-16,-18,-14,-14,-14,-14,-15,-13,-16,-10,-13,-11,-12,-10,-14,-6,-11,-6,-12,-7,-11,-1,-11,-3,-8,0,-10,2,-10,0,0,0,0,0,0,0,0,0,0,0,0,0,0,0,0,0,0,0,0,0,0,-7,22,-10,21,-8,20,-7,21,-7,16,-5,16,-3,14,-3,16,-1,13,-1,12,3,11,7,9,8,8,10,6,9,4,12,2,12,-2,15,-1,13,-3,14,-4,15,-8,17,-11,16,-13,16,-15,15,-17,14,-20,16,-24,14,-24,12,-23,8,-29,8,-27,4,-30,3,-33,0,-34,-2,-34,-6,-33,-9,-33,-12,-36,-16,-33,-22,-33,-22,-33,-28,-33,-30,-31,-35,-31,-35,-27,-41,-30,-42,-28,-42,-23,-45,-20,-46,-17,-47,-18,-51,-16,-52,-17,-48,-14,-51,-11,-50,-9,-47,-11,0,0]"
CSI_DATA,188,1a:00:00:00:00:00,-50,11,1,0,1,1,1,0,0,0,1,-96,0,11,2,2720892,0,44,0,384,0,"[0,0,0,0,0,0,0,0,0,0,0,0,4,-8,3,-7,2,-7,2,-6,1,-5,1,-4,0,-4,0,-3,-1,-2,-1,-1,-1,0,-1,1,-1,2,-1,2,-1,3,-1,4,-1,4,-1,5,0,5,1,6,1,7,1,7,1,7,2,8,2,9,2,9,0,0,3,10,3,10,3,10,3,10,3,10,3,10,3,10,3,10,3,10,2,10,2,10,1,9,1,8,1,8,0,8,0,7,0,7,0,6,-1,6,-1,5,-1,5,-2,4,-2,4,-2,3,-3,3,-3,2,0,0,0,0,0,0,0,0,0,0,0,0,0,0,-33,-62,-28,-61,-32,-48,-32,-45,-29,-47,-24,-33,-31,-31,-21,-27,-22,-15,-17,-16,-16,-11,-11,-6,-8,1,-1,0,0,3,7,0,7,3,8,11,12,9,16,9,23,11,23,13,28,7,35,9,34,7,43,14,42,10,47,5,47,12,54,9,48,11,52,8,57,7,56,3,55,8,57,9,57,11,56,4,56,10,49,7,48,12,45,13,45,15,44,16,40,15,37,18,36,15,29,18,30,13,28,17,24,15,21,12,16,18,13,18,9,20,10,21,5,17,0,0,0,0,0,0,0,0,0,0,0,0,0,0,0,0,0,0,0,0,0,0,-16,-39,-18,-37,-19,-35,-22,-34,-17,-32,-18,-25,-18,-25,-20,-22,-19,-19,-23,-14,-18,-10,-21,-5,-23,0,-21,5,-24,4,-18,13,-21,19,-20,16,-18,20,-13,31,-17,30,-11,44,-8,42,-6,43,0,50,1,53,-1,51,7,57,12,54,20,49,20,50,27,55,34,54,35,49,41,46,53,44,54,45,60,40,63,32,70,33,71,28,78,15,84,16,85,6,82,0,93,1,91,-6,89,-10,96,-17,98,-22,93,-22,96,-29,96,-27,85,-31,94,-31,85,-35,83,-36,0,0]"
CSI_DATA,189,1a:00:00:00:00:00,-49,11,1,0,1,1,1,0,0,0,1,-96,0,11,2,2742214,0,44,0,384,0,"[0,0,0,0,0,0,0,0,0,0,0,0,5,-7,4,-7,3,-6,2,-6,1,-5,1,-4,0,-4,-1,-3,-1,-3,-2,-2,-2,-1,-3,0,-3,0,-3,1,-3,1,-4,2,-3,3,-3,4,-3,4,-3,5,-3,5,-3,6,-3,7,-3,8,-3,8,-3,9,0,0,-3,9,-3,10,-3,10,-3,11,-3,10,-4,10,-4,10,-4,10,-4,10,-4,9,-4,9,-5,8,-5,8,-5,7,-5,7,-5,6,-5,6,-5,5,-5,5,-5,4,-5,3,-5,3,-5,2,-5,2,-5,1,-4,0,0,0,0,0,0,0,0,0,0,0,0,0,0,0,-16,-73,-16,-65,-24,-58,-22,-48,-22,-45,-20,-38,-18,-30,-25,-29,-20,-21,-17,-17,-17,-15,-10,-8,-16,-5,-9,2,-11,4,-3,8,-1,15,7,14,4,20,8,20,10,18,12,19,20,21,22,26,21,30,30,29,29,29,36,35,40,29,40,33,44,29,44,40,42,42,47,36,47,35,48,45,42,40,45,42,37,49,44,43,39,39,37,43,32,39,31,40,27,42,26,41,19,39,21,39,18,32,9,33,12,33,11,26,10,32,3,29,2,27,-4,23,-5,20,0,0,0,0,0,0,0,0,0,0,0,0,0,0,0,0,0,0,0,0,0,0,-33,-39,-27,-36,-31,-35,-24,-35,-29,-29,-27,-27,-27,-21,-27,-23,-29,-17,-21,-12,-30,-9,-25,-3,-24,1,-28,4,-24,2,-28,14,-30,20,-25,18,-21,28,-19,31,-18,36,-17,40,-16,40,-11,42,-10,47,-4,54,-3,53,1,54,4,54,14,55,15,55,23,56,27,58,30,52,37,52,46,50,44,49,57,43,57,35,65,34,66,38,73,26,73,24,82,15,80,11,99,15,93,8,88,5,91,-3,98,-6,93,-7,96,-14,101,-8,92,-13,97,-21,95,-21,89,-21,0,0]"
CSI_DATA,190,1a:00:00:00:00:00,-50,11,1,0,1,1,1,0,0,0,1,-96,0,11,2,2750252,0,44,0,384,0,"[0,0,0,0,0,0,0,0,0,0,0,0,7,-6,6,-6,5,-6,4,-5,3,-5,2,-4,1,-4,0,-3,0,-3,-1,-2,-2,-2,-3,-1,-3,0,-3,0,-4,1,-4,2,-4,3,-4,3,-4,4,-4,5,-5,6,-4,7,-5,7,-5,8,-5,9,-5,9,0,0,-5,10,-5,11,-5,11,-5,11,-6,11,-6,11,-6,11,-6,10,-6,10,-6,10,-6,9,-7,8,-6,8,-6,7,-6,7,-6,6,-6,6,-6,5,-6,5,-6,4,-6,3,-6,3,-6,2,-6,1,-6,0,-5,0,0,0,0,0,0,0,0,0,0,0,0,0,0,0,-1,-34,-1,-32,-6,-30,-7,-29,-10,-24,-7,-21,-6,-17,-8,-16,-8,-10,-7,-9,-7,-9,-8,-3,-7,-3,-4,0,-5,2,-4,4,-2,5,-2,8,0,8,5,8,8,10,6,11,8,12,10,12,11,14,14,14,17,15,16,14,18,16,20,16,19,17,23,18,18,16,24,17,23,16,24,18,24,20,24,20,23,17,20,21,22,17,17,20,16,18,15,19,15,21,13,19,10,19,12,17,9,16,8,17,6,12,6,14,3,14,2,13,-1,13,0,12,-3,11,0,0,0,0,0,0,0,0,0,0,0,0,0,0,0,0,0,0,0,0,0,0,4,-27,5,-24,3,-22,4,-23,2,-22,0,-17,-1,-18,-2,-18,-2,-16,-3,-13,-3,-11,-7,-10,-9,-10,-12,-8,-9,-6,-13,-2,-12,-1,-14,2,-14,2,-13,3,-13,7,-15,11,-16,12,-15,12,-12,18,-12,19,-12,18,-10,19,-9,21,-3,24,-3,24,-2,28,3,26,5,26,8,27,12,29,11,26,15,27,16,28,23,27,24,25,28,23,30,24,34,19,36,20,36,17,41,16,42,9,44,10,45,10,45,9,46,8,50,8,44,4,48,4,45,1,42,2,0,0]"
CSI_DATA,191,1a:00:00:00:00:00,-50,11,1,0,1,1,1,0,0,0,1,-96,0,11,2,2761492,0,44,0,384,0,"[0,0,0,0,0,0,0,0,0,0,0,0,0,-9,-1,-8,-2,-7,-1,-6,-2,-5,-2,-4,-2,-3,-2,-2,-2,-1,-1,0,-1,0,-1,1,-1,2,0,2,0,3,1,4,1,4,2,4,2,4,3,5,3,5,4,6,4,6,5,6,6,7,6,6,0,0,7,7,7,7,7,7,8,7,7,7,7,7,7,7,7,7,7,7,6,7,5,7,5,7,4,7,4,6,3,6,3,6,3,6,2,5,2,5,1,5,1,5,0,4,0,4,-1,4,-1,4,-2,3,0,0,0,0,0,0,0,0,0,0,0,0,0,0,-67,-36,-61,-31,-62,-23,-56,-20,-48,-13,-53,-10,-39,-4,-36,-4,-29,-1,-25,5,-19,6,-12,3,-6,3,-2,8,4,8,4,4,11,2,12,2,19,0,21,0,27,-8,33,-7,35,-7,36,-12,39,-13,43,-13,43,-20,49,-24,50,-22,51,-23,51,-27,49,-31,49,-27,61,-33,54,-30,58,-24,55,-33,53,-29,52,-25,51,-22,49,-20,47,-19,46,-16,44,-14,44,-12,39,-8,37,-8,42,-9,36,-9,29,-5,31,-3,26,2,25,-1,24,5,24,7,21,10,20,8,0,0,0,0,0,0,0,0,0,0,0,0,0,0,0,0,0,0,0,0,0,0,-26,-39,-22,-40,-21,-36,-23,-33,-19,-28,-17,-28,-13,-25,-15,-22,-20,-14,-18,-14,-19,-10,-11,-3,-14,0,-10,2,-9,5,-6,9,-4,15,-4,14,0,23,6,27,10,30,8,31,14,28,17,34,22,39,27,37,28,37,31,31,36,27,47,33,39,26,55,29,57,26,56,16,68,14,63,8,68,4,69,-4,72,-6,75,-18,72,-21,77,-32,74,-34,70,-41,73,-45,74,-63,67,-57,67,-61,67,-71,69,-72,65,-77,60,-74,68,-78,58,-79,59,-85,54,-84,48,-79,0,0]"
CSI_DATA,192,1a:00:00:00:00:00,-50,11,1,0,1,1,1,0,0,0,1,-96,0,11,2,2770348,0,44,0,384,0,"[0,0,0,0,0,0,0,0,0,0,0,0,6,4,5,3,5,2,4,2,3,1,3,1,2,0,1,0,0,-1,-1,-1,-1,-1,-2,-1,-3,-2,-3,-1,-4,-2,-5,-1,-5,-1,-6,-1,-7,0,-7,0,-8,0,-8,0,-8,1,-9,1,-10,1,-10,2,0,0,-10,2,-11,2,-11,2,-11,3,-11,2,-11,2,-11,2,-10,2,-11,2,-10,1,-10,1,-9,0,-9,0,-8,0,-8,0,-8,-1,-7,-1,-7,-1,-6,-1,-6,-1,-5,-2,-5,-2,-4,-2,-4,-3,-3,-3,-2,-3,0,0,0,0,0,0,0,0,0,0,0,0,0,0,63,-32,57,-28,52,-37,42,-29,38,-27,29,-28,21,-20,22,-23,12,-19,14,-13,6,-12,4,-9,-1,-6,-2,0,-4,0,-12,3,-9,8,-14,13,-13,16,-9,21,-10,30,-15,29,-8,32,-8,40,-6,41,-8,40,-10,41,-7,45,-6,50,-6,53,-3,48,-5,62,-6,53,-7,61,-2,59,-5,58,-2,54,-7,56,-6,52,-9,60,-8,45,-19,49,-13,46,-15,42,-13,40,-14,40,-16,36,-15,29,-11,29,-13,28,-15,24,-18,19,-15,20,-15,13,-17,11,-19,9,-19,4,0,0,0,0,0,0,0,0,0,0,0,0,0,0,0,0,0,0,0,0,0,0,38,0,36,-2,30,0,30,-1,26,-1,22,-5,17,-4,12,-5,10,-6,10,-7,8,-4,-2,-4,-6,-8,-4,-13,-7,-7,-15,-7,-24,-9,-25,-4,-27,-6,-32,-3,-37,-1,-40,5,-42,7,-48,0,-49,8,-53,11,-53,8,-54,24,-52,19,-59,27,-47,26,-55,39,-50,41,-38,44,-41,52,-39,55,-36,60,-31,62,-30,67,-28,73,-25,84,-15,74,-13,87,-5,88,-3,90,13,83,17,87,26,91,22,91,24,93,20,95,25,98,31,94,29,83,37,93,37,93,39,77,0,0]"
CSI_DATA,193,1a:00:00:00:00:00,-50,11,1,0,1,1,1,0,0,0,1,-96,0,11,2,2781368,0,44,0,384,0,"[0,0,0,0,0,0,0,0,0,0,0,0,6,3,5,2,4,1,4,1,3,0,2,0,1,-1,0,-1,0,-1,-1,-1,-2,-1,-3,-1,-3,-1,-4,-1,-4,-1,-5,-1,-6,0,-6,0,-6,0,-7,1,-7,1,-8,1,-8,1,-9,2,-9,2,-9,3,0,0,-10,4,-10,3,-11,4,-10,4,-10,3,-10,3,-10,3,-10,3,-10,3,-10,2,-10,2,-9,1,-9,1,-8,1,-8,0,-8,0,-7,0,-6,0,-6,-1,-5,-1,-5,-1,-5,-1,-4,-2,-4,-2,-3,-2,-3,-3,0,0,0,0,0,0,0,0,0,0,0,0,0,0,59,-31,51,-30,46,-31,36,-27,37,-23,29,-26,26,-21,19,-20,14,-17,6,-13,3,-12,0,-3,-4,-5,-8,3,-5,2,-12,9,-10,11,-14,12,-12,15,-16,20,-14,26,-17,28,-11,30,-12,36,-15,33,-16,37,-14,41,-8,51,-13,51,-8,56,-10,50,-14,60,-16,54,-15,56,-10,60,-17,59,-16,60,-13,53,-16,51,-17,54,-21,49,-18,47,-20,45,-20,46,-21,39,-19,35,-18,33,-19,30,-18,28,-15,23,-15,22,-20,21,-18,13,-18,9,-18,9,-17,7,-18,4,0,0,0,0,0,0,0,0,0,0,0,0,0,0,0,0,0,0,0,0,0,0,25,-19,20,-15,23,-15,19,-17,20,-15,14,-13,9,-12,6,-12,3,-11,3,-9,-4,-10,-10,-8,-14,-11,-17,-11,-20,-11,-23,-7,-29,-4,-34,1,-35,0,-43,-3,-38,0,-48,8,-49,5,-57,13,-56,13,-53,19,-55,15,-57,24,-56,28,-50,33,-51,33,-53,43,-49,46,-42,48,-44,51,-41,57,-35,59,-29,67,-28,67,-20,75,-18,75,-8,85,-3,79,-3,85,1,81,14,91,13,91,15,82,22,91,27,90,32,88,33,85,34,90,36,86,40,88,42,80,37,76,0,0]"
CSI_DATA,194,1a:00:00:00:00:00,-50,11,1,0,1,1,1,0,0,0,1,-96,0,11,2,2800456,0,44,0,384,0,"[0,0,0,0,0,0,0,0,0,0,0,0,3,8,3,6,4,5,3,4,3,3,3,2,3,1,2,0,2,-1,1,-2,1,-2,0,-3,0,-4,-1,-4,-1,-5,-2,-5,-3,-5,-3,-6,-4,-6,-5,-6,-5,-7,-6,-7,-6,-7,-7,-7,-8,-8,-8,-7,0,0,-9,-8,-10,-9,-10,-9,-10,-8,-9,-9,-10,-9,-10,-9,-9,-9,-9,-9,-8,-9,-7,-9,-7,-9,-6,-9,-6,-8,-5,-8,-5,-8,-4,-8,-4,-7,-3,-7,-3,-7,-2,-7,-2,-6,-1,-6,0,-6,1,-5,1,-5,0,0,0,0,0,0,0,0,0,0,0,0,0,0,32,1,30,0,28,-2,26,0,22,-3,21,-6,18,-6,16,-6,13,-8,6,-7,6,-6,5,-8,1,-7,-1,-7,-3,-5,-5,-5,-10,-5,-10,-3,-11,-3,-13,-2,-16,2,-18,1,-17,0,-19,5,-20,4,-20,5,-24,6,-23,8,-23,8,-24,12,-26,11,-27,11,-29,12,-28,12,-29,12,-30,8,-29,11,-29,11,-29,8,-28,9,-28,9,-27,4,-27,4,-26,2,-25,4,-23,1,-21,0,-23,-2,-19,-3,-19,-3,-16,-3,-15,-4,-15,-6,-14,-7,-12,-9,-10,-7,-8,-7,0,0,0,0,0,0,0,0,0,0,0,0,0,0,0,0,0,0,0,0,0,0,20,-8,18,-7,17,-5,14,-6,15,-6,12,-7,11,-6,9,-8,9,-8,4,-6,2,-7,2,-11,-1,-9,-4,-9,-4,-10,-7,-10,-11,-11,-12,-10,-16,-11,-18,-8,-19,-11,-21,-11,-24,-11,-23,-10,-26,-7,-26,-6,-29,-7,-29,-4,-32,-4,-32,1,-31,1,-35,6,-33,10,-31,8,-31,10,-30,14,-29,19,-29,18,-27,23,-27,26,-26,28,-25,33,-25,33,-24,36,-20,35,-15,38,-16,40,-12,43,-12,44,-12,46,-11,47,-10,46,-11,48,-6,44,-8,49,-7,48,-4,44,0,0]"
CSI_DATA,195,1a:00:00:00:00:00,-50,11,1,0,1,1,1,0,0,0,1,-96,0,11,2,2820289,0,44,0,384,0,"[0,0,0,0,0,0,0,0,0,0,0,0,-4,9,-3,8,-2,7,-1,7,-1,6,0,5,1,4,1,3,1,2,2,2,2,1,2,0,3,-1,3,-2,3,-2,3,-3,3,-4,3,-4,3,-5,2,-6,3,-6,2,-7,3,-8,2,-9,2,-9,2,-10,0,0,3,-10,3,-11,3,-11,3,-11,3,-11,4,-11,3,-11,4,-11,4,-11,5,-10,5,-10,5,-9,5,-8,5,-7,5,-7,5,-7,5,-6,5,-5,5,-4,5,-4,5,-3,5,-3,5,-2,4,-1,4,-1,4,0,0,0,0,0,0,0,0,0,0,0,0,0,0,0,48,57,43,55,49,45,41,41,41,34,36,27,30,18,34,21,25,11,28,10,24,5,21,3,17,-4,16,-6,15,-8,5,-14,7,-14,1,-19,1,-18,-9,-21,-7,-26,-13,-22,-14,-23,-19,-26,-20,-29,-29,-34,-27,-32,-34,-33,-33,-35,-37,-32,-40,-35,-41,-41,-40,-28,-42,-36,-38,-40,-40,-44,-36,-40,-40,-40,-36,-46,-31,-43,-30,-42,-34,-44,-30,-44,-25,-45,-22,-43,-18,-41,-14,-44,-10,-35,-10,-34,-3,-37,-7,-33,-4,-29,2,-30,4,-26,6,-22,10,-25,13,-20,0,0,0,0,0,0,0,0,0,0,0,0,0,0,0,0,0,0,0,0,0,0,34,12,34,11,32,10,30,11,26,7,27,8,22,3,21,2,22,-1,16,-3,14,-5,12,-9,5,-13,2,-18,3,-21,1,-19,-6,-29,3,-28,-10,-31,-14,-36,-19,-37,-20,-38,-19,-36,-27,-38,-31,-39,-41,-38,-37,-39,-40,-44,-41,-39,-53,-36,-49,-33,-57,-38,-60,-31,-58,-26,-65,-25,-65,-22,-67,-13,-76,-6,-69,-3,-82,5,-85,5,-81,11,-86,16,-83,22,-84,23,-82,37,-89,35,-81,37,-83,42,-84,44,-86,47,-84,55,-88,57,-78,52,-83,58,-83,57,-76,57,0,0]"
CSI_DATA,196,1a:00:00:00:00:00,-50,11,1,0,1,1,1,0,0,0,1,-96,0,11,2,2830289,0,44,0,384,0,"[0,0,0,0,0,0,0,0,0,0,0,0,2,9,3,8,3,7,3,6,3,5,3,4,3,3,3,2,3,1,2,0,2,-1,2,-1,2,-2,1,-3,1,-3,1,-4,0,-5,0,-5,-1,-6,-1,-6,-2,-7,-2,-7,-2,-7,-3,-8,-3,-9,-4,-9,0,0,-4,-9,-4,-10,-4,-10,-5,-10,-4,-10,-4,-11,-4,-11,-3,-10,-3,-11,-2,-10,-2,-10,-1,-10,-1,-9,-1,-9,0,-9,0,-8,0,-8,0,-7,1,-7,1,-6,2,-6,2,-5,2,-5,2,-4,3,-4,3,-3,0,0,0,0,0,0,0,0,0,0,0,0,0,0,38,7,33,4,33,4,27,1,25,1,24,1,21,-2,17,-3,17,-5,14,-5,11,-6,9,-8,6,-7,4,-7,4,-8,1,-8,-2,-10,-3,-9,-7,-8,-8,-8,-11,-6,-11,-6,-15,-6,-15,-5,-17,-2,-14,-3,-18,-4,-21,-3,-22,-4,-23,0,-22,-3,-26,-2,-25,-3,-26,-4,-26,-4,-27,-5,-28,-6,-28,-4,-26,-5,-26,-6,-24,-7,-24,-8,-23,-9,-22,-9,-21,-10,-19,-12,-17,-12,-14,-11,-14,-13,-12,-12,-13,-10,-11,-11,-9,-10,-9,-11,-4,-11,-4,-11,-2,-11,0,0,0,0,0,0,0,0,0,0,0,0,0,0,0,0,0,0,0,0,0,0,16,-9,15,-7,16,-7,14,-7,10,-6,10,-7,9,-7,7,-7,4,-7,1,-7,2,-7,-1,-8,-4,-11,-5,-9,-7,-9,-8,-9,-13,-8,-13,-9,-16,-9,-20,-6,-20,-7,-22,-9,-21,-6,-26,-5,-27,-6,-24,-2,-28,-4,-30,-2,-29,0,-32,1,-31,3,-34,5,-33,7,-32,8,-32,13,-31,16,-29,17,-30,21,-28,23,-30,25,-30,29,-24,30,-26,35,-25,34,-24,37,-19,41,-20,39,-18,42,-16,42,-17,44,-15,48,-13,45,-17,47,-12,44,-12,49,-12,47,-11,46,0,0]"
CSI_DATA,197,1a:00:00:00:00:00,-50,11,1,0,1,1,1,0,0,0,1,-96,0,11,2,2843453,0,44,0,384,0,"[0,0,0,0,0,0,0,0,0,0,0,0,-4,-10,-4,-8,-5,-7,-4,-6,-4,-6,-4,-5,-4,-4,-4,-3,-4,-2,-3,-1,-3,0,-3,1,-2,2,-2,2,-1,3,-1,3,0,4,0,4,1,4,1,5,2,6,2,6,3,6,3,7,4,7,4,7,0,0,5,8,5,9,5,9,5,9,5,9,5,9,5,9,4,9,4,9,3,9,3,9,2,9,2,8,1,8,1,8,0,7,0,7,0,6,-1,6,-1,6,-2,5,-2,5,-2,5,-3,4,-3,3,-4,3,0,0,0,0,0,0,0,0,0,0,0,0,0,0,-39,-7,-36,-6,-32,0,-31,-2,-29,-1,-23,1,-23,2,-20,4,-17,3,-14,6,-10,7,-7,6,-5,6,-6,7,-3,4,1,5,3,7,6,5,6,6,6,3,10,1,9,2,13,1,13,0,13,1,19,0,19,0,21,-2,24,-3,24,-5,24,-5,24,-6,25,-4,27,-4,26,-6,26,-2,26,-3,28,-4,26,-1,28,1,25,1,22,2,26,2,22,4,20,4,20,6,20,6,16,8,16,7,16,7,13,8,12,9,12,7,10,9,7,7,5,9,3,11,0,0,0,0,0,0,0,0,0,0,0,0,0,0,0,0,0,0,0,0,0,0,-15,7,-15,6,-15,7,-14,4,-12,7,-11,6,-9,5,-9,7,-6,8,-4,7,-3,9,0,8,2,11,5,9,5,11,9,9,12,10,11,11,16,10,16,10,16,12,23,9,21,10,24,12,26,8,27,7,27,6,30,6,29,3,31,0,28,-2,33,-4,29,-5,31,-9,33,-10,30,-12,30,-16,32,-19,29,-19,31,-24,29,-27,26,-32,28,-32,24,-36,21,-34,19,-42,21,-42,19,-42,18,-43,16,-47,16,-47,11,-48,15,-46,13,-48,12,-50,10,-45,12,-47,0,0]"
CSI_DATA,198,1a:00:00:00:00:00,-49,11,1,0,1,1,1,0,0,0,1,-96,0,11,2,2850583,0,44,0,384,0,"[0,0,0,0,0,0,0,0,0,0,0,0,6,7,6,5,6,4,5,3,5,3,4,2,4,1,3,0,3,-1,2,-1,2,-2,1,-3,0,-3,0,-4,-1,-4,-2,-4,-2,-4,-3,-4,-4,-5,-5,-5,-5,-5,-6,-5,-6,-5,-7,-6,-8,-6,-8,-6,0,0,-9,-6,-9,-7,-10,-7,-10,-7,-9,-7,-10,-7,-10,-7,-9,-7,-9,-7,-8,-8,-8,-8,-7,-8,-7,-8,-6,-8,-6,-8,-5,-7,-5,-7,-4,-7,-4,-7,-3,-6,-2,-7,-2,-6,-1,-6,-1,-6,0,-6,1,-5,0,0,0,0,0,0,0,0,0,0,0,0,0,0,37,-10,32,-7,32,-12,26,-8,22,-8,22,-9,18,-12,16,-11,12,-10,10,-8,7,-9,3,-8,4,-8,0,-9,-2,-6,-4,-8,-6,-6,-8,-4,-7,-3,-10,-1,-13,4,-13,2,-13,3,-18,2,-15,5,-18,5,-17,7,-16,8,-19,9,-22,12,-20,12,-25,14,-23,10,-24,14,-21,15,-27,12,-26,10,-25,10,-27,9,-27,10,-27,10,-25,8,-26,6,-26,5,-21,3,-20,4,-21,1,-21,-2,-18,1,-17,-1,-18,-1,-16,-1,-14,-4,-12,-6,-13,-7,-10,-7,-9,-8,0,0,0,0,0,0,0,0,0,0,0,0,0,0,0,0,0,0,0,0,0,0,12,-13,10,-13,9,-11,11,-13,8,-11,7,-11,4,-11,5,-9,1,-9,0,-9,-2,-8,-4,-9,-7,-9,-10,-7,-9,-9,-11,-6,-13,-7,-14,-8,-16,-5,-20,-5,-21,-5,-24,-6,-25,-3,-26,0,-26,0,-30,5,-26,2,-29,5,-28,5,-31,8,-27,10,-31,11,-27,13,-28,17,-26,19,-25,20,-23,23,-21,28,-21,29,-17,33,-15,35,-12,37,-13,39,-10,41,-9,40,-9,45,-7,45,-3,45,-1,43,2,44,1,47,7,47,3,47,7,46,5,49,8,46,7,44,0,0]"
CSI_DATA,199,1a:00:00:00:00:00,-49,11,1,0,1,1,1,0,0,0,1,-96,0,11,2,2862291,0,44,0,384,0,"[0,0,0,0,0,0,0,0,0,0,0,0,5,-10,4,-9,3,-9,2,-8,1,-7,1,-6,0,-6,-1,-5,-1,-4,-2,-3,-3,-3,-3,-2,-3,-1,-3,0,-4,1,-4,2,-4,3,-4,3,-4,4,-4,5,-4,6,-3,6,-4,7,-3,8,-3,9,-3,9,0,0,-3,10,-4,11,-4,11,-4,11,-4,11,-4,11,-4,11,-4,11,-5,11,-5,10,-6,10,-6,9,-6,9,-6,8,-6,8,-6,7,-6,7,-6,6,-6,5,-6,5,-6,4,-6,3,-6,3,-6,2,-6,1,-6,1,0,0,0,0,0,0,0,0,0,0,0,0,0,0,-19,-35,-20,-31,-20,-24,-22,-22,-21,-22,-17,-15,-17,-15,-14,-11,-16,-11,-13,-8,-11,-5,-12,-4,-10,-1,-7,0,-4,3,-2,5,-3,6,-2,7,0,6,1,9,4,9,4,11,6,10,8,10,10,13,14,13,12,14,16,12,18,15,21,13,18,15,21,15,23,14,21,17,25,16,22,17,22,16,23,16,20,19,21,20,21,21,20,20,18,18,18,18,14,17,12,20,9,18,12,18,7,17,9,17,6,18,6,13,6,14,3,16,2,14,-2,14,-2,12,0,0,0,0,0,0,0,0,0,0,0,0,0,0,0,0,0,0,0,0,0,0,-17,-14,-13,-10,-14,-12,-12,-10,-13,-10,-12,-6,-10,-5,-11,-6,-12,-2,-10,0,-11,1,-9,2,-9,5,-8,8,-5,9,-8,12,-5,14,-6,16,-3,16,-2,18,-2,20,0,20,3,25,2,25,4,25,7,25,7,24,7,26,10,27,15,27,16,22,18,24,20,25,21,20,24,19,27,18,30,17,32,13,33,9,32,9,37,4,42,5,38,3,45,-3,40,-2,39,-7,42,-7,45,-12,43,-13,50,-15,44,-16,43,-19,43,-20,47,-23,45,-21,41,-21,41,-20,0,0]"
CSI_DATA,200,1a:00:00:00:00:00,-49,11,1,0,1,1,1,0,0,0,1,-96,0,11,2,2870263,0,44,0,384,0,"[0,0,0,0,0,0,0,0,0,0,0,0,-8,-7,-8,-6,-7,-5,-7,-4,-6,-3,-5,-3,-5,-2,-4,-1,-4,0,-3,0,-2,1,-2,1,-1,2,0,2,0,2,1,3,2,3,2,3,3,3,4,3,5,3,5,3,6,3,7,3,7,3,8,3,0,0,9,3,9,3,10,3,10,3,10,4,10,4,10,4,10,4,9,4,9,5,9,5,8,5,8,5,7,5,6,5,6,5,6,5,5,5,5,5,4,5,4,5,3,5,3,5,2,5,1,5,0,5,0,0,0,0,0,0,0,0,0,0,0,0,0,0,-37,9,-37,8,-30,9,-28,11,-27,10,-22,9,-20,12,-19,11,-15,12,-11,10,-10,9,-7,11,-3,9,-3,7,0,3,3,3,4,2,6,1,9,-1,9,-3,11,-2,11,-3,10,-5,15,-5,13,-10,16,-9,16,-11,16,-14,17,-14,17,-19,20,-18,19,-20,20,-18,21,-20,19,-22,23,-21,25,-20,26,-21,25,-17,24,-15,23,-16,22,-17,24,-14,24,-11,24,-10,22,-10,22,-8,24,-6,18,-5,19,-6,16,-3,17,-5,16,-2,15,0,15,1,15,2,15,5,0,0,0,0,0,0,0,0,0,0,0,0,0,0,0,0,0,0,0,0,0,0,-21,11,-17,7,-17,6,-17,6,-16,4,-12,6,-11,5,-8,6,-8,9,-6,8,-4,9,-3,10,1,10,3,11,6,8,9,11,12,10,12,10,14,7,16,8,19,7,21,8,23,6,23,5,23,3,27,1,27,2,26,-4,27,0,28,-6,28,-8,28,-11,29,-13,28,-16,28,-16,27,-22,25,-23,22,-27,21,-31,20,-33,20,-35,16,-37,15,-38,11,-41,9,-41,10,-46,9,-47,5,-46,4,-47,2,-48,-1,-51,-7,-52,-3,-51,-6,-49,-7,-53,-9,-49,-8,-49,0,0]"
CSI_DATA,201,1a:00:00:00:00:00,-50,11,1,0,1,1,1,0,0,0,1,-96,0,11,2,2885957,0,44,0,384,0,"[0,0,0,0,0,0,0,0,0,0,0,0,1,9,2,8,2,7,2,6,2,5,2,4,2,3,2,2,2,1,2,0,2,0,1,-1,1,-2,0,-2,0,-3,-1,-4,-1,-4,-2,-4,-3,-5,-3,-5,-4,-5,-5,-6,-5,-6,-6,-7,-6,-7,-7,-7,0,0,-8,-7,-8,-8,-9,-8,-9,-8,-9,-8,-9,-8,-9,-8,-8,-8,-8,-8,-8,-8,-7,-9,-7,-9,-6,-8,-6,-8,-5,-8,-5,-8,-5,-8,-4,-8,-4,-7,-4,-7,-3,-7,-3,-7,-2,-7,-1,-7,0,-6,0,-6,0,0,0,0,0,0,0,0,0,0,0,0,0,0,38,11,35,11,34,6,31,4,28,0,25,1,22,-3,21,-2,16,-4,15,-3,12,-5,10,-3,5,-5,3,-6,1,-5,-1,-5,-4,-6,-4,-3,-6,-1,-7,-3,-10,-1,-12,0,-13,4,-16,3,-14,5,-17,6,-17,9,-18,11,-20,10,-22,12,-20,9,-25,14,-23,12,-23,16,-23,14,-26,14,-25,16,-26,14,-27,12,-24,11,-25,12,-26,12,-25,10,-25,9,-22,7,-24,7,-24,7,-23,5,-22,5,-18,3,-19,4,-19,3,-18,-1,-17,-3,-18,-2,-15,-3,-13,-5,0,0,0,0,0,0,0,0,0,0,0,0,0,0,0,0,0,0,0,0,0,0,13,12,11,11,13,11,10,11,10,7,11,7,8,4,8,1,8,2,8,0,7,-3,5,-6,3,-6,5,-10,3,-12,2,-13,0,-15,-1,-15,-3,-18,-6,-18,-7,-19,-10,-22,-11,-21,-14,-22,-14,-20,-19,-22,-19,-20,-21,-21,-25,-21,-25,-17,-25,-16,-31,-15,-31,-10,-32,-8,-35,-5,-32,-4,-36,2,-37,4,-36,7,-37,13,-35,13,-37,17,-37,20,-38,25,-34,25,-35,28,-33,31,-30,37,-30,35,-31,39,-26,42,-25,44,-26,44,-26,46,-25,46,-19,44,-18,41,0,0]"
CSI_DATA,202,1a:00:00:00:00:00,-50,11,1,0,1,1,1,0,0,0,1,-96,0,11,2,2890602,0,44,0,384,0,"[0,0,0,0,0,0,0,0,0,0,0,0,-1,-10,-1,-10,-2,-8,-2,-8,-2,-6,-2,-6,-3,-5,-3,-4,-3,-3,-2,-2,-2,-1,-2,0,-2,0,-1,1,-1,2,-1,2,0,3,0,3,1,4,2,4,2,4,3,5,3,5,4,6,4,6,5,6,0,0,6,7,6,7,6,7,6,7,6,8,6,8,6,8,6,8,6,8,5,8,5,8,5,8,4,8,4,8,3,7,3,8,3,7,2,7,2,7,1,6,1,6,0,6,0,5,-1,5,-1,5,-2,5,0,0,0,0,0,0,0,0,0,0,0,0,0,0,-30,-28,-29,-23,-29,-20,-23,-20,-23,-18,-22,-13,-19,-12,-20,-7,-18,-6,-16,-5,-11,-1,-10,-2,-9,2,-7,0,-6,-1,-2,5,1,4,1,7,0,3,4,4,8,3,8,2,9,7,14,3,15,3,17,4,19,2,19,2,18,-1,22,0,23,0,24,0,23,2,26,1,27,1,26,4,28,1,29,1,28,1,28,0,27,5,27,4,26,6,25,9,23,6,23,5,21,7,19,8,19,9,13,5,16,10,17,9,12,10,11,9,11,11,9,10,6,11,0,0,0,0,0,0,0,0,0,0,0,0,0,0,0,0,0,0,0,0,0,0,-10,-16,-11,-14,-9,-15,-10,-12,-9,-12,-10,-9,-9,-7,-9,-4,-7,-4,-7,-2,-9,-2,-6,4,-7,5,-6,7,-5,10,-3,11,-3,13,-5,13,-3,16,0,18,2,18,1,23,4,23,6,25,7,25,9,25,9,23,14,25,15,23,20,23,19,23,22,22,25,18,27,17,31,17,32,13,33,11,33,8,36,6,39,4,40,-2,41,-2,41,-5,42,-12,41,-11,41,-14,40,-19,40,-22,42,-24,43,-27,42,-25,42,-30,42,-28,41,-31,41,-34,37,-35,36,-34,0,0]"
CSI_DATA,203,1a:00:00:00:00:00,-51,11,1,0,1,1,1,0,0,0,1,-96,0,11,2,2930308,0,44,0,384,0,"[0,0,0,0,0,0,0,0,0,0,0,0,7,4,7,3,6,2,6,2,5,1,4,1,3,0,2,0,2,0,1,-1,0,-1,-1,-1,-1,-1,-2,-1,-2,-1,-3,0,-3,0,-4,1,-4,1,-5,1,-5,2,-6,2,-6,2,-6,3,-7,4,-6,4,0,0,-7,5,-7,5,-7,6,-7,6,-7,5,-8,6,-7,6,-7,5,-7,5,-7,5,-8,5,-7,4,-7,4,-7,4,-7,3,-7,3,-7,2,-6,2,-6,2,-6,1,-6,1,-6,1,-5,0,-5,0,-5,-1,-5,-2,0,0,0,0,0,0,0,0,0,0,0,0,0,0,65,-28,62,-28,55,-35,48,-30,43,-28,38,-36,32,-27,24,-28,20,-22,16,-21,11,-20,11,-14,7,-15,4,-5,0,-4,-5,0,-1,3,-2,5,-4,8,-2,14,-2,19,-2,14,-3,23,2,23,2,23,-1,30,3,32,8,34,7,37,12,45,18,44,14,47,15,43,22,50,15,45,13,50,17,49,8,48,10,50,12,45,10,42,8,45,9,45,7,44,5,41,4,42,1,34,1,35,1,32,-4,32,-3,30,-3,26,-6,29,-7,26,-8,26,-15,24,-14,15,0,0,0,0,0,0,0,0,0,0,0,0,0,0,0,0,0,0,0,0,0,0,28,13,21,12,23,6,24,9,22,4,18,4,15,1,12,-6,10,-10,6,-11,8,-15,0,-18,-5,-19,-9,-23,-8,-25,-13,-24,-18,-29,-23,-30,-25,-31,-32,-36,-33,-33,-46,-35,-47,-33,-53,-25,-57,-24,-61,-21,-66,-22,-64,-20,-62,-15,-72,-5,-68,-3,-76,4,-73,9,-72,15,-74,26,-67,33,-58,37,-62,50,-53,49,-54,62,-49,64,-35,73,-44,73,-30,82,-28,79,-21,89,-17,91,-6,89,-1,94,-1,94,9,97,15,99,17,104,20,89,25,94,27,89,27,88,0,0]"
CSI_DATA,204,1a:00:00:00:00:00,-51,11,1,0,1,1,1,0,0,0,1,-96,0,11,2,2941402,0,44,0,384,0,"[0,0,0,0,0,0,0,0,0,0,0,0,-7,7,-6,6,-5,6,-4,5,-3,5,-2,4,-2,3,-1,2,-1,2,-1,1,0,0,0,-1,0,-1,0,-2,0,-3,0,-3,-1,-4,-1,-4,-2,-5,-2,-6,-3,-6,-3,-6,-3,-7,-4,-7,-5,-8,-5,-8,0,0,-6,-8,-6,-9,-7,-9,-7,-9,-6,-9,-7,-9,-7,-9,-6,-9,-6,-9,-6,-9,-6,-9,-5,-8,-5,-8,-4,-8,-4,-8,-4,-8,-3,-7,-3,-7,-2,-7,-2,-6,-2,-6,-1,-6,-1,-6,0,-6,0,-6,1,-5,0,0,0,0,0,0,0,0,0,0,0,0,0,0,9,37,10,33,11,31,11,26,10,24,9,20,10,18,9,14,10,12,8,9,8,7,7,6,6,5,3,1,0,0,0,1,-2,-3,-3,-4,-2,-3,-5,-3,-10,-5,-10,-4,-11,-3,-14,-4,-14,-3,-15,-1,-18,-2,-20,0,-23,-4,-23,1,-21,0,-23,2,-25,-1,-25,3,-25,4,-23,0,-27,3,-26,3,-25,3,-24,2,-27,0,-24,2,-24,0,-26,-1,-23,2,-21,-1,-19,-4,-20,-4,-16,-5,-17,-5,-16,-4,-14,-7,-14,-7,-12,-8,-11,-10,-10,-9,-7,-12,0,0,0,0,0,0,0,0,0,0,0,0,0,0,0,0,0,0,0,0,0,0,-10,12,-9,12,-8,10,-7,10,-5,9,-2,6,-1,9,0,7,2,5,3,3,6,3,9,1,11,-1,12,-2,13,-2,15,-4,17,-7,19,-8,18,-11,20,-12,18,-16,21,-20,21,-18,20,-24,18,-26,17,-28,18,-27,16,-30,13,-33,11,-37,5,-36,4,-38,1,-38,-1,-38,-6,-38,-13,-40,-12,-38,-17,-35,-21,-34,-26,-34,-26,-35,-34,-30,-34,-29,-39,-26,-37,-20,-45,-20,-44,-18,-45,-15,-48,-13,-49,-9,-50,-7,-54,-2,-52,-2,-50,-1,-51,1,-50,5,-46,6,0,0]"
CSI_DATA,205,1a:00:00:00:00:00,-51,11,1,0,1,1,1,0,0,0,1,-96,0,11,2,2950300,0,44,0,384,0,"[0,0,0,0,0,0,0,0,0,0,0,0,2,-10,1,-9,1,-8,0,-7,0,-6,-1,-5,-1,-4,-1,-4,-1,-3,-1,-2,-1,-1,-1,0,0,1,0,1,0,2,1,3,1,3,1,3,2,3,3,4,3,4,4,4,4,5,6,5,6,5,6,5,0,0,7,6,8,6,8,6,8,6,8,6,8,6,8,6,7,6,7,6,7,6,7,6,6,6,6,6,5,6,5,6,4,6,4,6,3,5,3,5,2,5,2,5,1,5,1,5,0,5,0,5,-1,4,0,0,0,0,0,0,0,0,0,0,0,0,0,0,-22,-31,-21,-28,-24,-22,-20,-18,-19,-18,-16,-17,-14,-13,-16,-8,-12,-8,-14,-7,-9,-2,-10,-2,-6,-2,-4,-1,-2,1,1,0,-1,1,4,2,5,1,6,0,8,0,8,-1,11,-3,13,-2,14,-2,16,-4,15,-7,19,-7,19,-8,20,-10,17,-9,21,-11,22,-10,22,-12,22,-14,24,-10,22,-12,22,-10,22,-7,22,-9,21,-8,22,-7,21,-5,21,-6,19,-5,21,-6,19,-2,18,-3,17,-1,16,-1,17,-2,13,0,13,1,13,1,11,3,9,5,10,6,0,0,0,0,0,0,0,0,0,0,0,0,0,0,0,0,0,0,0,0,0,0,1,-15,1,-13,0,-14,-1,-11,-1,-11,-1,-9,-3,-8,-5,-6,-7,-4,-8,-4,-9,-3,-10,2,-12,4,-10,7,-11,9,-13,12,-11,13,-12,16,-12,18,-13,21,-12,24,-9,25,-12,26,-9,30,-9,29,-4,31,-4,31,-1,32,1,34,3,33,9,32,10,33,14,33,16,31,21,29,24,28,26,26,29,23,32,22,35,19,35,17,38,11,39,9,44,7,42,3,40,-4,43,-3,46,-9,46,-10,48,-11,46,-16,46,-17,45,-17,42,-20,46,-23,39,-21,42,-23,0,0]"
CSI_DATA,206,1a:00:00:00:00:00,-51,11,1,0,1,1,1,0,0,0,1,-96,0,11,2,2960764,0,44,0,384,0,"[0,0,0,0,0,0,0,0,0,0,0,0,-9,-3,-8,-2,-8,-1,-7,-1,-6,-1,-5,-1,-4,0,-3,0,-2,0,-2,0,-1,0,0,0,1,0,1,-1,2,-1,2,-1,3,-2,3,-2,3,-3,4,-3,4,-4,4,-5,4,-5,5,-6,5,-6,5,-7,0,0,5,-8,5,-8,5,-8,5,-8,5,-8,6,-8,5,-8,5,-8,5,-8,6,-8,6,-7,6,-7,5,-6,5,-6,5,-5,5,-5,5,-5,5,-4,5,-4,4,-3,5,-3,4,-2,4,-2,4,-1,4,-1,4,0,0,0,0,0,0,0,0,0,0,0,0,0,0,0,-47,54,-47,49,-41,46,-36,46,-24,44,-21,39,-18,35,-13,33,-9,25,-9,22,-1,15,-3,16,3,10,3,7,3,3,3,-7,1,-2,3,-9,2,-13,-3,-17,-3,-22,-5,-18,-7,-22,-11,-24,-14,-24,-13,-30,-21,-32,-22,-30,-23,-34,-25,-41,-26,-33,-28,-36,-23,-37,-29,-35,-32,-36,-29,-40,-28,-35,-30,-39,-31,-36,-25,-37,-27,-36,-24,-38,-25,-39,-23,-34,-17,-37,-19,-33,-16,-33,-11,-31,-12,-30,-9,-29,-7,-30,-6,-31,-8,-26,-5,-27,2,-23,6,-25,5,-21,0,0,0,0,0,0,0,0,0,0,0,0,0,0,0,0,0,0,0,0,0,0,-27,-1,-32,1,-26,4,-27,3,-22,4,-18,7,-13,8,-12,9,-8,11,-3,14,-1,15,5,19,11,17,17,19,21,22,26,23,32,25,33,23,37,19,35,19,48,17,49,16,53,13,64,7,58,6,65,-1,62,1,66,-6,64,-10,68,-20,64,-21,65,-26,61,-32,52,-44,54,-50,46,-52,40,-53,38,-63,37,-67,26,-75,22,-76,17,-83,6,-88,-5,-86,-7,-90,-10,-78,-22,-84,-28,-81,-33,-86,-35,-88,-40,-90,-50,-81,-45,-86,-53,-77,-60,-84,-60,-72,-58,-67,0,0]"
CSI_DATA,207,1a:00:00:00:00:00,-51,11,1,0,1,1,1,0,0,0,1,-96,0,11,2,2970293,0,44,0,384,0,"[0,0,0,0,0,0,0,0,0,0,0,0,-9,-1,-8,0,-7,1,-7,1,-6,1,-5,1,-4,1,-3,1,-2,0,-1,0,-1,0,0,0,0,0,1,-1,1,-1,2,-2,2,-2,2,-3,2,-3,3,-4,3,-4,3,-5,3,-5,3,-6,3,-7,3,-7,0,0,3,-8,4,-8,4,-9,3,-9,4,-9,4,-9,4,-9,4,-8,4,-8,4,-8,4,-8,4,-7,4,-7,4,-7,4,-6,4,-6,4,-5,4,-5,4,-4,4,-4,4,-3,4,-3,4,-2,4,-2,4,-1,4,-1,0,0,0,0,0,0,0,0,0,0,0,0,0,0,-50,58,-43,55,-40,51,-35,46,-24,45,-23,42,-17,40,-11,33,-12,33,-10,23,-6,21,-3,17,0,10,0,9,2,5,3,-4,1,-6,3,-8,-2,-7,-3,-14,2,-17,-4,-14,-6,-22,-12,-24,-6,-25,-11,-35,-15,-36,-19,-34,-19,-35,-23,-36,-25,-33,-26,-42,-23,-39,-26,-43,-28,-42,-27,-45,-30,-43,-31,-41,-28,-41,-25,-44,-23,-45,-21,-44,-20,-41,-20,-44,-13,-41,-11,-36,-7,-35,-10,-37,-10,-36,-5,-30,-4,-32,1,-32,2,-31,1,-25,4,-21,5,-20,10,-23,0,0,0,0,0,0,0,0,0,0,0,0,0,0,0,0,0,0,0,0,0,0,-30,11,-31,8,-27,11,-22,8,-19,13,-10,12,-14,12,-7,12,-1,17,5,13,6,15,14,12,16,13,25,15,20,17,27,20,38,14,38,9,44,10,47,12,51,8,60,6,56,2,65,-3,64,-7,63,-16,67,-13,64,-21,66,-26,63,-32,57,-33,56,-43,60,-47,52,-51,45,-51,42,-62,31,-62,30,-70,22,-74,16,-84,12,-82,-2,-87,-1,-87,-15,-90,-19,-87,-20,-90,-31,-90,-37,-87,-40,-86,-49,-85,-56,-81,-62,-82,-59,-84,-63,-76,-71,-79,-67,-71,-66,-69,0,0]"
CSI_DATA,208,1a:00:00:00:00:00,-51,11,1,0,1,1,1,0,0,0,1,-96,0,11,2,2980272,0,44,0,384,0,"[0,0,0,0,0,0,0,0,0,0,0,0,-5,9,-3,8,-3,7,-2,6,-2,5,-1,4,0,4,0,3,0,2,0,1,0,0,0,-1,0,-1,0,-2,0,-3,-1,-3,-1,-4,-1,-4,-2,-5,-3,-5,-3,-6,-3,-6,-4,-6,-5,-7,-5,-7,-5,-7,0,0,-6,-8,-6,-8,-7,-8,-7,-8,-6,-8,-6,-9,-7,-9,-6,-8,-6,-9,-6,-8,-6,-8,-5,-8,-4,-8,-4,-8,-3,-8,-3,-8,-3,-7,-3,-7,-2,-7,-2,-6,-1,-6,-1,-6,0,-6,0,-5,1,-5,1,-5,0,0,0,0,0,0,0,0,0,0,0,0,0,0,20,30,18,27,20,26,18,22,17,20,14,18,14,12,14,12,11,9,11,6,10,5,7,2,7,-1,4,0,2,1,-2,-2,-1,-2,-5,-3,-5,-4,-8,-3,-9,-4,-10,-3,-11,-3,-14,0,-15,1,-16,1,-16,1,-17,1,-19,1,-21,3,-20,3,-23,4,-21,3,-26,5,-22,4,-25,5,-24,4,-26,6,-24,5,-23,5,-23,2,-21,1,-23,0,-23,-1,-22,0,-17,-1,-19,-4,-18,-3,-18,-3,-14,-3,-15,-5,-12,-5,-13,-5,-11,-6,-11,-7,-11,-8,-6,-9,0,0,0,0,0,0,0,0,0,0,0,0,0,0,0,0,0,0,0,0,0,0,3,14,2,15,1,12,2,12,3,9,4,7,5,7,3,4,8,3,7,1,9,0,10,-3,9,-7,11,-8,10,-9,13,-12,10,-16,13,-13,9,-20,10,-21,10,-23,8,-28,7,-26,7,-30,6,-30,1,-32,2,-34,0,-36,-4,-32,-8,-35,-8,-32,-12,-35,-15,-33,-20,-30,-21,-28,-25,-28,-27,-24,-31,-24,-29,-23,-37,-20,-39,-18,-36,-11,-42,-12,-43,-6,-44,-1,-44,-1,-46,2,-45,7,-48,9,-45,9,-45,9,-49,14,-50,16,-42,16,-47,17,-44,23,-38,19,0,0]"
CSI_DATA,209,1a:00:00:00:00:00,-51,11,1,0,1,1,1,0,0,0,1,-96,0,11,2,2990263,0,44,0,384,0,"[0,0,0,0,0,0,0,0,0,0,0,0,3,9,3,8,4,6,3,6,3,5,2,4,3,3,2,2,2,1,1,0,1,0,0,-1,-1,-2,-1,-2,-2,-2,-2,-3,-3,-2,-3,-3,-4,-3,-5,-3,-5,-3,-6,-3,-6,-3,-8,-2,-8,-2,-8,-2,0,0,-9,-2,-10,-2,-10,-2,-10,-2,-10,-2,-10,-3,-10,-2,-10,-3,-10,-3,-10,-3,-9,-3,-9,-3,-8,-3,-8,-4,-7,-4,-7,-4,-7,-4,-6,-4,-6,-4,-5,-4,-5,-4,-4,-5,-4,-5,-3,-5,-3,-5,-2,-5,0,0,0,0,0,0,0,0,0,0,0,0,0,0,36,7,32,5,33,1,28,0,25,1,21,-2,20,-4,16,-5,15,-3,12,-3,10,-5,6,-2,6,-2,3,-6,1,-3,-1,-3,-2,-3,-5,-1,-5,1,-8,2,-8,4,-9,3,-8,5,-9,8,-11,9,-12,10,-12,11,-12,15,-12,14,-13,16,-11,15,-12,18,-14,20,-13,18,-14,17,-15,17,-15,16,-15,19,-17,19,-15,16,-15,17,-16,16,-17,14,-15,14,-14,11,-14,10,-17,10,-17,9,-14,8,-14,7,-13,5,-13,3,-14,3,-13,1,-11,3,-11,0,-12,-1,0,0,0,0,0,0,0,0,0,0,0,0,0,0,0,0,0,0,0,0,0,0,13,8,12,8,11,6,10,3,10,3,11,1,8,1,8,0,8,-3,8,-5,6,-7,3,-11,4,-11,1,-15,1,-17,-2,-19,-1,-19,-5,-20,-6,-22,-8,-23,-10,-22,-13,-25,-17,-25,-18,-23,-20,-25,-22,-23,-23,-23,-26,-21,-26,-21,-32,-19,-27,-16,-33,-14,-34,-12,-34,-7,-34,-5,-36,-2,-35,2,-38,6,-37,8,-37,14,-35,16,-37,19,-36,21,-35,26,-30,27,-35,33,-30,33,-27,37,-27,38,-26,43,-23,43,-20,43,-20,45,-17,42,-16,48,-14,47,-13,47,0,0]"
CSI_DATA,210,1a:00:00:00:00:00,-51,11,1,0,1,1,1,0,0,0,1,-96,0,11,2,3010244,0,44,0,384,0,"[0,0,0,0,0,0,0,0,0,0,0,0,5,-8,4,-8,3,-7,3,-7,2,-6,1,-5,1,-5,0,-4,0,-3,-1,-2,-1,-2,-1,-1,-1,0,-1,0,-1,1,-1,1,-1,2,-1,2,-1,3,0,3,0,4,0,4,0,5,1,5,1,6,1,6,0,0,2,7,2,7,2,8,2,7,2,7,2,8,2,8,1,8,1,8,1,7,1,7,0,7,0,7,0,6,-1,6,-1,6,-1,6,-1,5,-2,5,-2,4,-2,4,-2,4,-3,3,-3,3,-3,3,-3,2,0,0,0,0,0,0,0,0,0,0,0,0,0,0,-26,-73,-27,-68,-36,-67,-31,-52,-29,-46,-29,-38,-29,-35,-29,-31,-24,-25,-20,-17,-23,-14,-20,-15,-17,-10,-12,-1,-12,-3,-3,2,-3,2,3,8,3,7,5,4,11,6,10,5,12,7,23,8,22,8,28,7,31,1,30,5,35,2,38,3,38,2,37,1,45,1,47,4,43,-1,49,4,44,3,45,1,47,7,43,7,45,6,39,10,39,7,41,13,34,10,35,11,31,21,32,15,23,14,27,14,27,14,24,16,17,14,20,18,13,20,13,18,8,19,0,0,0,0,0,0,0,0,0,0,0,0,0,0,0,0,0,0,0,0,0,0,-6,-28,-2,-32,-5,-29,-7,-30,-9,-23,-8,-23,-12,-18,-14,-15,-20,-13,-20,-8,-21,-5,-25,-1,-25,10,-24,15,-30,11,-28,16,-29,23,-30,25,-26,33,-30,41,-28,43,-28,51,-26,49,-26,56,-22,54,-11,63,-16,60,-8,62,-7,67,2,66,10,64,13,69,16,65,28,63,31,63,41,59,45,57,52,54,56,53,63,44,66,40,79,35,82,29,87,25,79,20,92,8,92,5,98,3,97,-5,101,-9,97,-14,96,-20,95,-13,95,-22,103,-30,93,-29,97,-27,0,0]"
CSI_DATA,211,1a:00:00:00:00:00,-51,11,1,0,1,1,1,0,0,0,1,-96,0,11,2,3020267,0,44,0,384,0,"[0,0,0,0,0,0,0,0,0,0,0,0,5,-10,4,-9,3,-9,2,-8,2,-7,1,-6,0,-6,0,-5,0,-4,-1,-3,-1,-2,-1,-1,-1,-1,-1,0,-1,1,-1,1,-1,2,-1,2,0,3,0,4,0,4,1,5,1,5,2,6,2,6,2,6,0,0,3,7,3,8,4,8,4,8,3,8,3,8,3,8,3,8,3,8,2,8,2,8,1,8,1,7,1,7,1,7,0,7,0,7,0,6,-1,6,-1,5,-2,5,-2,5,-2,4,-2,4,-3,4,-3,3,0,0,0,0,0,0,0,0,0,0,0,0,0,0,-22,-33,-20,-32,-21,-28,-21,-24,-22,-21,-18,-20,-17,-15,-17,-12,-16,-11,-12,-7,-12,-4,-9,-3,-12,-3,-9,-3,-5,-1,-3,-1,0,2,0,0,2,3,3,1,7,1,7,1,8,0,10,-1,12,0,14,0,11,-1,14,-2,16,0,17,-3,17,-3,20,-5,20,-4,22,-6,19,-8,22,-5,24,-8,20,-6,23,-4,19,-3,20,-3,20,-1,20,-2,18,-1,18,-2,18,0,19,1,16,1,16,0,14,3,13,2,12,2,13,2,11,6,10,8,11,6,6,7,0,0,0,0,0,0,0,0,0,0,0,0,0,0,0,0,0,0,0,0,0,0,1,-17,-2,-16,-3,-15,-3,-16,-3,-12,-5,-12,-8,-9,-8,-9,-10,-6,-11,-2,-9,-3,-11,0,-13,3,-16,4,-15,8,-15,6,-17,12,-14,13,-14,15,-17,18,-14,19,-15,23,-13,24,-14,26,-10,29,-9,31,-10,29,-6,34,-2,31,3,35,5,32,8,36,10,31,14,31,16,34,20,29,22,28,26,25,30,24,33,21,36,20,37,16,41,13,42,9,44,10,41,0,43,3,48,-2,47,-7,51,-8,49,-12,47,-15,48,-16,45,-19,50,-21,45,-20,44,-18,0,0]"
CSI_DATA,212,1a:00:00:00:00:00,-51,11,1,0,1,1,1,0,0,0,1,-96,0,11,2,3041470,0,44,0,384,0,"[0,0,0,0,0,0,0,0,0,0,0,0,-9,6,-8,6,-7,6,-6,5,-5,5,-4,4,-3,4,-2,3,-2,3,-1,2,-1,2,0,1,0,0,0,0,0,-1,1,-2,1,-2,1,-3,0,-3,0,-4,0,-5,0,-5,0,-6,0,-6,0,-7,-1,-7,0,0,-1,-8,-1,-9,-1,-9,-1,-9,-1,-9,-1,-9,-1,-9,-1,-9,0,-9,0,-9,0,-9,1,-8,1,-8,1,-8,1,-8,1,-7,2,-7,2,-6,2,-6,2,-6,2,-5,2,-5,3,-4,3,-4,3,-3,3,-3,0,0,0,0,0,0,0,0,0,0,0,0,0,0,2,40,3,36,9,33,8,32,9,28,7,24,9,21,10,19,10,14,10,13,9,12,8,9,8,6,4,4,4,3,3,1,2,1,2,-3,-1,-4,-2,-5,-3,-4,-4,-6,-6,-6,-8,-5,-10,-7,-11,-5,-11,-6,-14,-8,-15,-5,-19,-8,-16,-9,-19,-5,-18,-7,-21,-4,-21,-3,-21,-7,-23,-8,-22,-8,-21,-9,-20,-8,-19,-10,-21,-9,-20,-12,-18,-11,-18,-11,-17,-10,-15,-13,-13,-13,-11,-12,-11,-11,-12,-11,-9,-11,-9,-12,-6,-13,-7,-11,-4,-12,-2,-12,0,0,0,0,0,0,0,0,0,0,0,0,0,0,0,0,0,0,0,0,0,0,-3,17,-4,15,-3,15,-1,14,0,12,-1,12,5,9,6,10,6,8,9,6,10,6,13,5,12,1,14,0,15,-1,18,-5,18,-6,17,-8,21,-10,20,-14,21,-17,23,-18,21,-20,22,-23,22,-23,18,-25,19,-26,15,-28,14,-31,10,-36,8,-31,4,-38,1,-38,-3,-35,-5,-36,-8,-34,-12,-35,-16,-35,-19,-34,-24,-35,-26,-33,-29,-29,-33,-31,-37,-24,-41,-23,-44,-21,-44,-19,-47,-17,-46,-13,-49,-12,-49,-9,-52,-6,-52,-8,-50,-4,-55,-1,-51,0,-50,0,0,0]"
CSI_DATA,213,1a:00:00:00:00:00,-51,11,1,0,1,1,1,0,0,0,1,-96,0,11,2,3050255,0,44,0,384,0,"[0,0,0,0,0,0,0,0,0,0,0,0,-11,4,-10,4,-8,4,-8,4,-6,4,-5,3,-4,3,-4,3,-3,2,-2,2,-1,2,-1,1,0,1,0,0,0,0,1,-1,1,-2,1,-2,1,-3,1,-4,1,-4,1,-5,2,-5,1,-6,1,-7,1,-7,0,0,1,-8,1,-8,1,-9,1,-9,1,-9,2,-9,2,-9,2,-9,2,-9,2,-9,3,-8,3,-8,3,-7,3,-7,3,-7,3,-7,3,-6,3,-6,3,-5,3,-5,4,-4,4,-4,4,-3,4,-3,4,-2,4,-2,0,0,0,0,0,0,0,0,0,0,0,0,0,0,-9,41,-7,38,-3,36,0,33,0,30,1,25,3,24,4,22,2,16,5,16,6,10,6,12,5,10,4,7,5,4,4,3,2,0,2,0,2,0,1,-4,-2,-5,-1,-6,-10,-7,-7,-6,-9,-11,-6,-12,-12,-9,-11,-11,-13,-11,-14,-12,-14,-11,-18,-13,-17,-12,-21,-14,-17,-12,-16,-15,-17,-15,-20,-14,-17,-16,-16,-15,-17,-15,-14,-18,-14,-17,-13,-15,-12,-14,-12,-15,-12,-15,-10,-15,-10,-15,-7,-14,-6,-13,-5,-14,-5,-14,-4,-14,-2,-13,0,-14,2,-12,0,0,0,0,0,0,0,0,0,0,0,0,0,0,0,0,0,0,0,0,0,0,-6,16,-7,14,-7,14,-5,14,-1,14,0,11,1,12,2,11,6,11,7,9,7,9,10,7,13,6,14,4,13,4,18,1,22,-1,20,-3,23,-4,23,-5,25,-10,24,-9,22,-12,23,-18,27,-19,24,-21,24,-22,22,-27,18,-26,18,-30,16,-30,15,-34,8,-32,6,-35,6,-38,2,-36,-1,-36,-6,-39,-7,-36,-13,-39,-17,-40,-22,-37,-24,-38,-27,-36,-32,-33,-37,-33,-36,-32,-39,-27,-40,-28,-44,-26,-45,-24,-49,-18,-49,-22,-49,-19,-52,-17,-51,-16,-48,-11,0,0]"
CSI_DATA,214,1a:00:00:00:00:00,-51,11,1,0,1,1,1,0,0,0,1,-96,0,11,2,3060567,0,44,0,384,0,"[0,0,0,0,0,0,0,0,0,0,0,0,-10,-4,-9,-3,-9,-2,-8,-2,-7,-1,-6,-1,-6,0,-5,0,-4,0,-3,0,-3,0,-2,0,-1,0,-1,0,0,0,1,0,1,0,2,-1,2,-1,3,-1,3,-1,3,-2,4,-2,4,-3,5,-3,5,-3,0,0,5,-4,6,-4,6,-4,6,-5,6,-4,7,-4,7,-4,7,-4,7,-4,7,-4,7,-3,7,-3,6,-3,6,-2,6,-2,6,-2,6,-1,5,-1,5,-1,5,0,5,0,4,0,4,1,4,1,4,1,3,2,0,0,0,0,0,0,0,0,0,0,0,0,0,0,-64,52,-56,48,-54,49,-42,40,-38,48,-32,41,-28,39,-25,32,-18,31,-15,29,-13,27,-7,20,-4,16,-5,14,0,13,-1,10,5,7,3,3,4,6,6,-6,3,-7,4,-7,5,-12,-1,-17,7,-20,-1,-20,-1,-26,-5,-27,0,-31,-6,-34,-3,-36,-5,-41,-5,-37,-6,-40,-10,-42,-6,-42,-3,-44,-6,-43,3,-44,-4,-43,-4,-43,1,-40,-1,-37,0,-38,4,-36,5,-36,7,-37,9,-34,8,-33,9,-24,11,-26,12,-27,10,-23,13,-22,15,-22,17,-16,19,-15,0,0,0,0,0,0,0,0,0,0,0,0,0,0,0,0,0,0,0,0,0,0,-27,16,-29,21,-22,18,-24,18,-17,16,-16,20,-14,21,-7,21,-6,24,-1,25,4,22,10,26,16,24,15,22,19,26,26,23,36,22,34,21,38,19,44,16,46,17,54,15,54,8,55,4,60,2,66,-4,65,-1,63,-10,62,-15,64,-25,57,-25,60,-35,58,-38,52,-44,52,-46,47,-49,43,-57,35,-64,31,-69,25,-78,26,-77,11,-80,7,-84,3,-89,-5,-89,-19,-81,-16,-88,-21,-91,-31,-94,-32,-92,-38,-89,-49,-88,-46,-95,-49,-88,-58,-89,-60,-83,-54,-87,0,0]"
CSI_DATA,215,1a:00:00:00:00:00,-51,11,1,0,1,1,1,0,0,0,1,-96,0,11,2,3070280,0,44,0,384,0,"[0,0,0,0,0,0,0,0,0,0,0,0,-4,9,-3,9,-2,8,-2,7,-1,6,-1,5,0,5,0,4,0,3,0,2,0,2,1,1,0,0,0,0,0,-1,0,-2,0,-2,-1,-3,-1,-3,-1,-3,-2,-4,-2,-4,-2,-4,-3,-5,-3,-5,-4,-6,0,0,-4,-6,-4,-7,-4,-7,-5,-7,-4,-7,-4,-7,-4,-7,-4,-7,-4,-7,-4,-7,-3,-7,-3,-7,-3,-7,-2,-7,-2,-7,-2,-7,-1,-6,-1,-6,-1,-6,-1,-5,0,-6,0,-5,0,-5,1,-5,1,-4,2,-4,0,0,0,0,0,0,0,0,0,0,0,0,0,0,44,64,48,58,51,54,46,45,39,42,35,34,38,29,31,26,32,17,30,16,27,12,23,8,20,5,19,3,17,4,12,0,6,-2,4,-6,1,-4,-3,-4,-10,-8,-5,-4,-14,-9,-17,-4,-20,-3,-20,-9,-26,-11,-30,-4,-32,-4,-31,-4,-33,-7,-36,-6,-36,-4,-44,-2,-41,-5,-40,-7,-46,-5,-44,-5,-39,-6,-43,-11,-40,-7,-41,-11,-37,-14,-39,-18,-35,-16,-33,-17,-29,-16,-33,-18,-27,-17,-22,-19,-22,-16,-25,-19,-22,-21,-14,-17,-12,-22,-11,-21,-10,-22,0,0,0,0,0,0,0,0,0,0,0,0,0,0,0,0,0,0,0,0,0,0,21,26,19,22,22,21,24,17,22,18,22,10,22,7,22,5,24,-6,21,-7,20,-11,22,-14,19,-19,20,-24,19,-27,23,-31,18,-36,20,-37,13,-44,11,-43,9,-47,10,-54,2,-53,0,-62,-4,-65,-12,-63,-11,-62,-16,-59,-21,-66,-27,-59,-28,-55,-36,-57,-39,-57,-49,-47,-53,-53,-61,-42,-61,-36,-68,-30,-68,-27,-75,-19,-78,-19,-81,-11,-85,-6,-89,4,-85,7,-83,20,-88,18,-88,28,-89,32,-93,36,-88,40,-89,43,-94,42,-85,45,-92,52,-84,55,-81,54,0,0]"
CSI_DATA,216,1a:00:00:00:00:00,-51,11,1,0,1,1,1,0,0,0,1,-96,0,11,2,3080353,0,44,0,384,0,"[0,0,0,0,0,0,0,0,0,0,0,0,-11,3,-10,3,-9,4,-8,3,-7,3,-6,3,-5,3,-4,3,-3,2,-3,2,-2,2,-1,1,-1,1,0,0,0,0,1,-1,1,-1,1,-2,1,-2,2,-3,2,-4,2,-4,2,-5,2,-6,2,-6,2,-7,0,0,2,-8,3,-8,3,-8,2,-9,3,-8,3,-8,3,-9,3,-8,3,-9,4,-8,4,-8,4,-7,4,-7,4,-7,4,-6,4,-6,4,-6,4,-5,4,-5,4,-4,4,-4,4,-3,4,-3,4,-2,4,-2,4,-1,0,0,0,0,0,0,0,0,0,0,0,0,0,0,-15,39,-11,35,-6,34,-5,30,-2,30,-2,26,-1,24,3,22,2,17,5,15,2,15,2,14,3,8,5,7,3,4,2,3,4,2,3,-1,3,-2,1,-2,-1,-4,-3,-6,-2,-7,-3,-6,-5,-9,-6,-11,-8,-10,-12,-11,-11,-11,-12,-13,-12,-13,-13,-16,-11,-16,-15,-13,-15,-16,-14,-16,-14,-16,-15,-18,-13,-19,-13,-16,-15,-20,-12,-16,-12,-20,-11,-18,-10,-19,-9,-18,-10,-16,-5,-16,-6,-16,-4,-14,-4,-15,-3,-14,-2,-13,-1,-13,0,-13,2,-15,3,-11,0,0,0,0,0,0,0,0,0,0,0,0,0,0,0,0,0,0,0,0,0,0,-5,17,-5,14,-6,14,-3,15,-3,14,-1,12,1,11,3,9,6,11,5,10,8,8,10,7,12,4,15,6,16,3,18,2,19,-1,19,-3,22,-3,23,-6,22,-5,27,-9,24,-11,25,-16,24,-17,25,-20,24,-21,22,-23,19,-24,19,-28,16,-27,14,-32,13,-32,9,-32,6,-36,4,-37,1,-36,-6,-36,-7,-37,-14,-39,-15,-37,-18,-35,-22,-34,-26,-36,-26,-32,-32,-35,-35,-33,-37,-30,-39,-30,-42,-27,-42,-25,-46,-24,-47,-25,-47,-22,-49,-17,-48,-17,-46,-15,0,0]"
CSI_DATA,217,1a:00:00:00:00:00,-51,11,1,0,1,1,1,0,0,0,1,-96,0,11,2,3110268,0,44,0,384,0,"[0,0,0,0,0,0,0,0,0,0,0,0,-1,-12,-2,-11,-3,-9,-3,-9,-3,-8,-3,-7,-3,-6,-3,-5,-3,-4,-3,-3,-2,-2,-2,-2,-2,-1,-2,0,-1,0,-1,1,0,1,0,2,1,2,1,3,2,3,2,3,2,4,3,4,4,5,4,5,0,0,5,5,5,5,6,6,6,6,6,6,6,6,6,6,5,6,5,7,5,7,4,7,4,7,3,7,3,7,2,6,2,7,2,6,1,6,1,6,1,5,0,5,0,5,-1,5,-1,5,-2,4,-2,4,0,0,0,0,0,0,0,0,0,0,0,0,0,0,-37,-14,-38,-15,-34,-8,-30,-10,-32,-7,-27,-7,-26,-5,-23,-3,-19,-1,-17,-1,-16,0,-12,2,-12,1,-9,2,-6,4,-5,3,-4,3,-1,2,1,3,3,2,5,0,5,-1,6,0,6,0,10,-1,10,-4,11,-4,14,-7,15,-6,15,-8,17,-7,17,-7,18,-9,20,-12,18,-8,20,-10,19,-9,18,-9,22,-7,21,-9,19,-8,21,-7,20,-5,20,-4,19,-3,19,-1,18,-2,16,-1,15,0,14,2,14,1,13,3,13,3,10,4,11,6,10,4,8,8,0,0,0,0,0,0,0,0,0,0,0,0,0,0,0,0,0,0,0,0,0,0,-18,-3,-16,-4,-16,-2,-14,0,-14,1,-13,1,-12,1,-12,4,-12,7,-11,8,-9,10,-6,10,-4,14,-5,14,-3,16,0,17,1,20,2,22,4,20,7,22,8,24,8,26,12,26,14,25,16,25,20,24,19,24,22,22,24,21,28,18,27,15,28,15,27,13,31,10,33,8,35,4,35,1,36,-2,36,-5,35,-11,35,-10,36,-17,36,-19,36,-26,32,-26,37,-33,32,-33,28,-34,31,-36,30,-41,27,-40,26,-43,25,-43,25,-44,22,-49,20,-45,21,-45,0,0]"
CSI_DATA,218,1a:00:00:00:00:00,-51,11,1,0,1,1,1,0,0,0,1,-96,0,11,2,3130258,0,44,0,384,0,"[0,0,0,0,0,0,0,0,0,0,0,0,-10,4,-9,4,-7,4,-7,4,-6,4,-5,3,-4,4,-3,3,-2,3,-2,2,-1,2,-1,1,0,1,0,0,1,0,1,-1,1,-2,1,-2,1,-3,2,-3,2,-4,2,-4,2,-5,2,-6,2,-6,2,-7,0,0,2,-8,2,-8,2,-8,2,-8,2,-8,3,-8,3,-9,3,-8,3,-8,3,-8,4,-8,4,-7,4,-7,4,-7,4,-6,4,-6,4,-5,4,-5,4,-5,4,-4,4,-4,4,-3,4,-3,4,-2,4,-2,4,-1,0,0,0,0,0,0,0,0,0,0,0,0,0,0,-5,38,-4,37,-3,35,1,35,3,30,5,26,3,21,4,19,8,15,6,16,5,13,6,10,6,10,5,6,5,1,4,1,3,1,3,-3,1,-3,2,-5,-2,-6,-2,-6,-7,-7,-4,-10,-8,-9,-9,-11,-7,-11,-10,-10,-12,-10,-14,-13,-16,-14,-15,-13,-15,-13,-16,-14,-17,-14,-17,-16,-17,-17,-18,-16,-15,-17,-15,-18,-16,-16,-14,-17,-13,-18,-12,-17,-10,-18,-11,-17,-12,-17,-9,-17,-9,-17,-5,-15,-7,-14,-4,-14,-4,-14,-2,-14,-1,-14,1,-14,1,-13,0,0,0,0,0,0,0,0,0,0,0,0,0,0,0,0,0,0,0,0,0,0,-2,17,-2,15,-1,15,1,14,1,12,5,12,2,11,7,10,7,10,8,7,11,8,12,5,15,1,15,3,14,1,17,-2,19,-6,19,-5,21,-9,22,-11,21,-12,22,-14,21,-19,21,-20,20,-21,19,-24,16,-25,17,-28,17,-28,14,-32,10,-29,8,-34,8,-33,2,-35,1,-35,-3,-35,-5,-33,-13,-35,-14,-34,-18,-33,-20,-34,-25,-32,-28,-34,-31,-31,-32,-28,-39,-25,-36,-21,-40,-23,-41,-20,-45,-19,-46,-17,-47,-14,-52,-17,-50,-14,-53,-10,-49,-9,-49,-6,0,0]"
CSI_DATA,219,1a:00:00:00:00:00,-51,11,1,0,1,1,1,0,0,0,1,-96,0,11,2,3140290,0,44,0,384,0,"[0,0,0,0,0,0,0,0,0,0,0,0,-11,4,-9,4,-8,4,-8,4,-7,4,-5,3,-4,4,-4,3,-3,3,-2,2,-1,2,-1,1,0,1,0,0,1,0,1,-1,2,-1,2,-2,2,-3,2,-3,3,-4,3,-4,3,-5,3,-6,3,-6,3,-7,0,0,4,-7,4,-8,4,-8,4,-9,5,-8,5,-8,5,-8,5,-8,5,-8,5,-8,6,-7,6,-7,6,-6,6,-6,6,-5,6,-5,6,-5,5,-4,5,-4,5,-3,5,-3,5,-2,5,-2,5,-1,5,-1,4,0,0,0,0,0,0,0,0,0,0,0,0,0,0,0,-6,38,-5,38,-1,36,2,30,2,30,2,26,2,24,2,20,6,17,5,15,5,12,7,13,5,9,5,6,5,5,4,1,4,0,2,0,3,-3,0,-6,-1,-8,-1,-8,-3,-8,-4,-9,-3,-11,-8,-12,-8,-10,-10,-13,-8,-15,-13,-17,-12,-14,-13,-17,-14,-17,-15,-19,-14,-19,-12,-20,-15,-20,-14,-20,-12,-20,-14,-19,-11,-22,-10,-21,-9,-21,-9,-20,-6,-19,-7,-18,-5,-19,-4,-18,-4,-14,-3,-16,-1,-15,-1,-14,-1,-13,0,-14,3,-13,5,-12,6,-13,0,0,0,0,0,0,0,0,0,0,0,0,0,0,0,0,0,0,0,0,0,0,4,15,0,15,2,15,2,12,5,11,4,11,6,10,6,10,8,7,9,6,12,5,13,1,14,2,16,-1,17,-4,18,-6,18,-8,22,-8,19,-11,18,-15,19,-14,22,-18,19,-19,20,-22,20,-21,18,-24,17,-25,15,-27,13,-29,11,-32,8,-30,6,-35,4,-34,3,-35,-2,-35,-6,-34,-9,-36,-13,-33,-14,-34,-19,-34,-22,-34,-26,-29,-30,-30,-35,-27,-33,-27,-36,-25,-38,-26,-40,-23,-43,-21,-44,-21,-47,-19,-48,-15,-47,-15,-47,-13,-50,-14,-48,-10,-50,-11,0,0]"
CSI_DATA,220,1a:00:00:00:00:00,-51,11,1,0,1,1,1,0,0,0,1,-96,0,11,2,3150292,0,44,0,384,0,"[0,0,0,0,0,0,0,0,0,0,0,0,-4,9,-3,8,-2,8,-2,7,-1,6,-1,5,0,5,0,4,0,3,0,2,1,2,1,1,1,0,1,-1,1,-1,0,-2,0,-3,0,-3,0,-4,-1,-4,-1,-5,-1,-5,-1,-6,-2,-6,-2,-7,-2,-7,0,0,-3,-8,-3,-8,-3,-8,-3,-9,-3,-9,-3,-9,-3,-9,-3,-9,-2,-9,-2,-9,-2,-9,-1,-9,-1,-8,-1,-8,0,-8,0,-8,0,-7,0,-7,1,-6,1,-6,1,-6,1,-5,2,-5,2,-5,3,-4,3,-4,0,0,0,0,0,0,0,0,0,0,0,0,0,0,41,63,39,63,44,51,35,46,40,40,37,38,30,30,34,28,31,20,26,22,26,13,20,10,19,2,15,3,13,3,10,-5,6,-6,3,-7,0,-5,1,-9,-8,-11,-10,-11,-10,-9,-19,-12,-17,-12,-23,-12,-23,-13,-31,-10,-33,-13,-39,-12,-38,-11,-39,-13,-41,-14,-46,-12,-45,-12,-44,-19,-43,-12,-45,-20,-47,-15,-41,-19,-41,-19,-42,-21,-41,-23,-35,-24,-35,-23,-34,-24,-30,-26,-31,-23,-22,-22,-24,-23,-19,-22,-16,-24,-18,-25,-12,-24,-9,-21,-10,-25,-8,-21,0,0,0,0,0,0,0,0,0,0,0,0,0,0,0,0,0,0,0,0,0,0,27,22,24,20,24,22,22,15,26,16,22,13,23,7,24,1,26,-1,22,-5,20,-8,20,-10,26,-20,23,-25,22,-23,18,-32,12,-37,17,-39,12,-45,12,-41,3,-45,8,-57,5,-54,1,-57,-7,-57,-8,-59,-5,-59,-13,-62,-13,-61,-22,-59,-25,-58,-35,-60,-38,-55,-44,-53,-50,-54,-53,-44,-57,-37,-65,-38,-66,-32,-70,-23,-78,-22,-76,-16,-83,-10,-86,-3,-84,3,-84,4,-89,9,-87,23,-89,23,-96,28,-92,31,-92,41,-95,35,-85,42,-91,44,-91,47,-89,48,0,0]"
CSI_DATA,221,1a:00:00:00:00:00,-51,11,1,0,1,1,1,0,0,0,1,-96,0,11,2,3160464,0,44,0,384,0,"[0,0,0,0,0,0,0,0,0,0,0,0,4,-10,2,-9,2,-8,1,-7,1,-7,0,-6,-1,-5,-1,-5,-1,-4,-1,-3,-2,-3,-2,-2,-2,-1,-2,0,-2,0,-2,1,-1,1,-1,2,-1,3,-1,3,-1,4,0,4,0,5,0,5,0,6,0,6,0,0,1,7,1,7,1,7,1,8,1,8,1,8,1,8,0,8,0,8,0,8,-1,8,-1,7,-1,7,-1,7,-2,7,-2,6,-2,6,-2,5,-2,5,-2,5,-3,4,-3,4,-3,4,-4,3,-4,3,-4,2,0,0,0,0,0,0,0,0,0,0,0,0,0,0,-45,-62,-43,-57,-46,-48,-44,-43,-43,-39,-37,-35,-35,-31,-40,-22,-35,-20,-24,-14,-29,-10,-22,-7,-21,-5,-18,-3,-15,3,-9,0,-8,4,-3,4,2,7,4,8,12,11,11,10,15,10,15,8,21,7,23,8,26,11,31,12,33,8,35,7,33,6,37,8,42,11,44,6,44,11,44,14,44,12,44,14,48,15,44,18,42,18,42,23,41,19,37,17,34,20,32,18,34,18,29,24,25,22,22,18,20,22,21,22,13,22,13,26,7,24,12,22,7,22,0,0,0,0,0,0,0,0,0,0,0,0,0,0,0,0,0,0,0,0,0,0,-31,-20,-25,-20,-28,-14,-26,-12,-25,-11,-27,-10,-24,-7,-24,-4,-24,3,-24,6,-27,10,-25,13,-19,20,-19,24,-22,25,-19,32,-11,37,-14,37,-10,38,-7,46,-8,45,-7,58,-1,55,7,55,4,60,14,57,9,54,17,57,23,60,31,57,32,57,40,55,42,51,41,41,51,43,50,36,64,35,66,28,71,23,72,12,76,20,81,3,79,2,89,-5,81,-9,81,-11,84,-16,87,-28,86,-31,91,-37,89,-40,84,-46,86,-43,84,-45,82,-53,79,-54,80,-56,0,0]"
CSI_DATA,222,1a:00:00:00:00:00,-51,11,1,0,1,1,1,0,0,0,1,-96,0,11,2,3172019,0,44,0,384,0,"[0,0,0,0,0,0,0,0,0,0,0,0,8,-5,7,-5,6,-6,5,-5,4,-5,3,-4,2,-5,2,-4,1,-4,0,-3,0,-3,-1,-2,-1,-2,-2,-1,-2,-1,-3,0,-3,1,-3,1,-3,2,-3,2,-3,3,-3,4,-4,4,-4,5,-4,5,-4,6,0,0,-4,6,-4,7,-4,7,-4,8,-4,7,-4,7,-5,7,-5,7,-5,7,-5,7,-6,6,-6,6,-6,5,-6,5,-6,5,-6,4,-6,4,-5,3,-5,3,-5,3,-5,2,-5,2,-5,1,-5,1,-5,0,-5,-1,0,0,0,0,0,0,0,0,0,0,0,0,0,0,-6,-38,-8,-37,-10,-33,-9,-30,-11,-28,-8,-26,-12,-21,-9,-19,-11,-18,-9,-15,-11,-12,-9,-9,-7,-5,-6,-5,-6,-3,-9,0,-5,3,-4,4,-2,5,0,5,0,7,1,9,4,7,6,6,6,9,7,8,9,13,12,11,10,13,14,11,14,12,16,14,14,14,17,14,19,13,16,17,17,15,16,18,14,18,14,16,15,18,13,17,11,17,11,17,8,17,11,15,8,17,6,17,5,14,2,14,2,14,2,13,1,13,0,14,-2,12,-1,12,-4,11,0,0,0,0,0,0,0,0,0,0,0,0,0,0,0,0,0,0,0,0,0,0,-7,-18,-6,-13,-8,-12,-10,-12,-8,-13,-7,-11,-9,-7,-11,-8,-13,-3,-13,-5,-14,-2,-13,1,-15,4,-13,6,-15,6,-14,9,-15,12,-17,14,-15,15,-14,16,-14,19,-13,22,-13,26,-11,26,-12,27,-5,30,-8,27,-8,28,-6,30,-2,33,0,28,5,31,8,33,8,30,12,31,12,29,17,30,23,29,23,23,29,25,27,23,32,24,36,18,39,17,38,15,38,10,40,11,45,6,44,4,48,3,47,1,49,-1,47,-1,51,1,49,-5,44,-6,47,-5,0,0]"
CSI_DATA,223,1a:00:00:00:00:00,-51,11,1,0,1,1,1,0,0,0,1,-96,0,11,2,3180354,0,44,0,384,0,"[0,0,0,0,0,0,0,0,0,0,0,0,5,9,5,7,5,6,5,5,4,4,4,3,4,2,3,2,3,1,2,0,2,0,1,-1,1,-2,0,-2,-1,-2,-1,-3,-2,-3,-2,-3,-3,-3,-4,-3,-4,-3,-5,-3,-5,-3,-7,-4,-7,-4,-7,-4,0,0,-8,-4,-9,-4,-9,-4,-9,-4,-9,-4,-9,-4,-10,-4,-9,-4,-9,-5,-9,-5,-9,-6,-8,-6,-7,-6,-7,-6,-7,-6,-6,-6,-6,-6,-5,-6,-5,-6,-4,-5,-4,-6,-3,-6,-3,-5,-2,-6,-2,-6,-1,-5,0,0,0,0,0,0,0,0,0,0,0,0,0,0,39,-3,36,-4,33,-6,28,-7,29,-6,21,-8,21,-8,18,-11,17,-9,14,-9,10,-9,9,-5,7,-7,3,-7,2,-7,0,-6,-4,-7,-5,-3,-6,-3,-6,-2,-9,2,-8,2,-8,4,-11,4,-11,4,-15,7,-13,7,-15,11,-16,12,-16,13,-14,11,-18,14,-17,14,-17,15,-19,14,-21,14,-22,14,-22,16,-22,11,-21,13,-21,12,-20,11,-20,11,-20,7,-19,6,-20,6,-20,5,-19,6,-15,4,-17,2,-16,1,-14,0,-15,-2,-16,-3,-13,-3,-13,-4,-11,-7,0,0,0,0,0,0,0,0,0,0,0,0,0,0,0,0,0,0,0,0,0,0,14,-9,13,-8,14,-9,12,-8,10,-9,10,-8,7,-9,6,-11,5,-11,3,-13,1,-13,-3,-11,-4,-14,-7,-15,-7,-15,-10,-16,-14,-15,-14,-16,-16,-14,-19,-16,-21,-16,-23,-16,-24,-16,-27,-13,-29,-12,-30,-6,-30,-7,-31,-6,-33,-7,-32,-1,-31,1,-35,3,-35,5,-33,7,-35,12,-33,12,-30,15,-30,21,-27,21,-29,28,-27,29,-23,34,-24,35,-21,39,-18,37,-15,38,-17,42,-14,44,-11,46,-10,47,-6,49,-1,49,-7,50,-3,48,3,53,-2,50,1,48,0,0]"
CSI_DATA,224,1a:00:00:00:00:00,-51,11,1,0,1,1,1,0,0,0,1,-96,0,11,2,3190267,0,44,0,384,0,"[0,0,0,0,0,0,0,0,0,0,0,0,-4,-10,-4,-9,-5,-7,-4,-7,-4,-6,-4,-5,-4,-4,-4,-3,-3,-2,-3,-1,-3,-1,-2,0,-2,1,-1,1,-1,1,0,2,1,2,1,2,2,3,3,3,3,3,4,3,4,3,5,4,5,4,6,3,0,0,7,4,7,4,8,4,8,4,8,4,8,4,8,4,7,5,7,5,7,5,7,5,6,5,6,5,5,5,5,5,4,5,4,5,4,5,3,5,3,5,2,5,2,4,1,5,1,5,0,4,-1,4,0,0,0,0,0,0,0,0,0,0,0,0,0,0,-38,2,-36,2,-35,6,-33,2,-28,5,-25,6,-25,8,-20,6,-16,8,-15,7,-11,5,-7,7,-6,7,-6,7,-4,6,1,4,1,4,4,3,4,0,6,-2,9,-3,8,-3,7,-5,12,-7,10,-9,13,-9,11,-9,14,-13,12,-14,15,-13,13,-15,13,-17,14,-17,15,-19,13,-19,14,-17,18,-19,16,-19,17,-16,17,-16,17,-17,18,-15,17,-16,18,-16,17,-10,19,-11,17,-8,16,-9,15,-9,15,-7,15,-5,13,-4,13,-4,12,-4,13,-1,13,1,11,1,0,0,0,0,0,0,0,0,0,0,0,0,0,0,0,0,0,0,0,0,0,0,-18,3,-16,1,-15,2,-13,4,-14,4,-13,4,-12,5,-8,5,-9,9,-5,11,-5,12,0,11,0,15,1,14,4,15,7,15,8,14,9,16,12,18,16,18,16,17,21,18,21,18,21,17,22,17,27,13,26,14,25,11,30,11,30,7,29,4,34,2,32,0,33,-2,36,-6,33,-12,31,-16,34,-18,31,-20,31,-24,28,-26,27,-30,25,-33,22,-36,23,-37,16,-42,16,-43,15,-45,11,-43,14,-48,9,-48,8,-48,7,-50,3,-51,4,-51,0,-47,2,-49,0,0]"
CSI_DATA,225,1a:00:00:00:00:00,-51,11,1,0,1,1,1,0,0,0,1,-96,0,11,2,3210281,0,44,0,384,0,"[0,0,0,0,0,0,0,0,0,0,0,0,-10,1,-9,1,-8,2,-8,2,-6,2,-5,2,-4,2,-3,2,-3,2,-2,2,-1,1,0,1,0,1,1,0,1,0,2,-1,2,-1,3,-2,3,-2,3,-3,4,-3,4,-4,4,-4,4,-5,5,-6,4,-6,0,0,5,-7,5,-7,6,-8,5,-8,6,-8,6,-8,6,-8,6,-7,6,-8,6,-7,6,-7,6,-6,6,-6,6,-5,6,-5,6,-4,6,-4,5,-4,5,-3,5,-3,5,-2,5,-2,5,-1,4,-1,4,0,4,0,0,0,0,0,0,0,0,0,0,0,0,0,0,0,-16,37,-15,31,-10,30,-10,30,-5,26,-7,25,-3,23,-1,19,1,15,2,16,4,12,2,10,3,9,3,3,4,2,3,0,3,-2,5,-5,0,-4,1,-7,0,-9,-2,-9,-2,-12,-3,-13,-4,-13,-6,-16,-6,-15,-7,-18,-9,-17,-8,-20,-10,-19,-11,-21,-12,-19,-13,-21,-14,-21,-12,-22,-11,-22,-12,-22,-10,-22,-10,-24,-8,-23,-9,-22,-7,-23,-9,-22,-5,-21,-5,-21,-6,-19,-4,-19,-1,-18,-3,-16,-1,-18,0,-15,0,-15,3,-15,4,-14,5,-12,5,-9,0,0,0,0,0,0,0,0,0,0,0,0,0,0,0,0,0,0,0,0,0,0,-8,15,-8,14,-6,12,-7,11,-4,12,-2,9,-1,11,2,10,4,10,4,8,6,7,7,7,12,6,13,6,17,4,16,1,21,0,21,1,20,-4,22,-4,23,-8,28,-10,25,-9,26,-14,25,-14,24,-18,26,-21,22,-20,22,-22,20,-26,17,-25,16,-29,14,-29,9,-32,11,-34,6,-34,5,-37,1,-36,-3,-37,-10,-37,-10,-40,-14,-38,-20,-37,-24,-40,-25,-37,-23,-36,-29,-34,-33,-31,-33,-32,-38,-33,-38,-29,-42,-26,-45,-27,-41,-27,-46,-24,-45,-25,-40,-21,0,0]"
CSI_DATA,226,1a:00:00:00:00:00,-51,11,1,0,1,1,1,0,0,0,1,-96,0,11,2,3220274,0,44,0,384,0,"[0,0,0,0,0,0,0,0,0,0,0,0,-7,7,-6,7,-4,7,-4,6,-3,5,-2,5,-1,4,-1,3,0,3,0,2,0,1,1,0,1,0,1,-1,1,-2,1,-3,1,-3,1,-4,0,-4,0,-5,0,-6,0,-6,0,-7,-1,-7,-1,-8,-1,-8,0,0,-2,-9,-2,-10,-2,-10,-2,-10,-2,-10,-2,-10,-2,-10,-2,-10,-2,-10,-1,-10,0,-10,0,-9,0,-9,0,-9,1,-8,1,-8,1,-8,1,-7,1,-7,1,-6,2,-6,2,-6,2,-5,3,-4,3,-4,3,-3,0,0,0,0,0,0,0,0,0,0,0,0,0,0,14,35,14,33,18,27,16,26,17,23,14,20,14,19,13,15,13,9,11,11,9,5,8,4,7,3,5,2,5,-2,2,-1,1,-5,0,-4,-2,-4,-5,-5,-6,-5,-6,-7,-11,-8,-11,-9,-11,-9,-14,-8,-15,-7,-17,-5,-21,-6,-22,-6,-18,-4,-22,-7,-22,-6,-23,-8,-25,-7,-24,-8,-24,-10,-24,-10,-23,-9,-21,-10,-23,-9,-24,-11,-22,-11,-19,-9,-17,-12,-18,-11,-16,-11,-15,-11,-13,-10,-12,-10,-11,-11,-10,-11,-8,-10,-7,-12,-6,-12,-6,-11,-1,-12,0,0,0,0,0,0,0,0,0,0,0,0,0,0,0,0,0,0,0,0,0,0,4,15,6,13,6,11,6,11,6,11,9,9,7,7,9,6,9,4,11,1,11,0,11,-2,12,-5,11,-7,14,-7,15,-12,14,-17,13,-15,13,-20,10,-18,12,-19,9,-26,10,-24,6,-28,6,-31,3,-30,3,-31,3,-32,0,-33,-5,-34,-7,-31,-9,-34,-11,-32,-14,-31,-16,-33,-19,-28,-24,-28,-29,-24,-26,-22,-33,-19,-34,-17,-37,-17,-39,-12,-41,-11,-41,-7,-46,-9,-45,-4,-45,-2,-48,2,-50,5,-47,7,-46,12,-49,9,-48,10,-49,15,-44,15,-48,14,0,0]"
CSI_DATA,227,1a:00:00:00:00:00,-51,11,1,0,1,1,1,0,0,0,1,-96,0,11,2,3232625,0,44,0,384,0,"[0,0,0,0,0,0,0,0,0,0,0,0,-8,-8,-8,-6,-7,-5,-7,-4,-6,-3,-5,-3,-5,-2,-4,-1,-4,-1,-3,0,-2,0,-1,0,0,1,0,1,1,1,2,1,3,1,3,1,4,1,5,1,5,0,6,0,6,0,7,-1,8,-1,8,-1,0,0,9,-2,9,-2,10,-2,10,-2,10,-2,10,-1,10,-1,10,-1,10,-1,9,-1,9,0,9,0,9,0,8,0,8,1,8,1,7,1,6,1,6,2,5,2,5,2,5,2,4,2,4,3,3,3,2,3,0,0,0,0,0,0,0,0,0,0,0,0,0,0,-42,5,-34,5,-36,11,-30,7,-27,10,-22,10,-21,11,-17,11,-15,9,-13,7,-9,8,-8,6,-4,6,0,5,-1,3,0,3,3,4,5,0,7,-2,4,-3,10,-6,7,-5,8,-7,8,-8,9,-11,10,-12,8,-13,10,-18,10,-16,9,-20,8,-20,11,-22,11,-20,9,-25,12,-23,11,-24,11,-23,11,-25,14,-21,13,-22,13,-20,14,-19,14,-21,15,-19,13,-16,13,-16,15,-15,12,-12,13,-11,12,-10,13,-10,12,-6,11,-5,10,-4,12,-4,12,-2,12,0,0,0,0,0,0,0,0,0,0,0,0,0,0,0,0,0,0,0,0,0,0,0,-19,2,-17,2,-14,3,-15,4,-13,4,-11,4,-10,5,-9,6,-7,10,-5,10,-3,11,0,13,0,13,3,15,4,16,6,14,12,17,12,17,14,16,16,16,17,17,19,16,22,16,27,16,26,16,29,12,27,11,32,9,29,7,32,3,30,0,35,-2,34,-3,33,-7,32,-11,32,-13,31,-16,29,-22,30,-22,28,-29,28,-30,22,-36,22,-37,19,-37,15,-40,14,-44,13,-46,11,-46,8,-50,8,-48,7,-47,1,-52,1,-53,0,-48,-3,-52,-3,-52,-5,-47,0,0]"
CSI_DATA,228,1a:00:00:00:00:00,-51,11,1,0,1,1,1,0,0,0,1,-96,0,11,2,3240231,0,44,0,384,0,"[0,0,0,0,0,0,0,0,0,0,0,0,8,-4,7,-5,6,-5,5,-5,4,-4,3,-4,2,-4,1,-3,1,-3,0,-2,0,-2,-1,-1,-2,-1,-2,0,-2,0,-3,1,-3,2,-3,2,-3,3,-3,4,-3,4,-3,5,-3,5,-3,6,-3,7,-3,7,0,0,-3,8,-3,8,-3,9,-3,9,-3,9,-3,9,-3,9,-3,9,-3,9,-4,8,-4,8,-4,7,-4,7,-4,7,-4,6,-5,6,-4,5,-4,5,-4,4,-4,4,-4,3,-4,3,-5,2,-5,2,-5,1,-5,1,0,0,0,0,0,0,0,0,0,0,0,0,0,0,6,-41,1,-36,0,-31,0,-32,-2,-28,-2,-25,-4,-23,-4,-21,-6,-15,-5,-15,-5,-12,-8,-7,-5,-7,-3,-5,-6,-1,-3,0,-2,-2,-4,1,-1,4,2,5,2,9,4,9,4,7,6,13,9,12,8,15,11,13,12,12,14,13,15,13,13,15,17,16,17,14,17,17,19,18,16,17,19,16,18,16,15,19,18,17,15,19,13,19,12,19,14,17,13,18,10,17,9,15,10,17,6,15,5,15,4,15,4,14,2,14,1,12,0,12,-1,11,-4,12,0,0,0,0,0,0,0,0,0,0,0,0,0,0,0,0,0,0,0,0,0,0,2,-17,2,-16,2,-15,0,-16,0,-14,-3,-13,-4,-11,-4,-12,-7,-10,-8,-9,-10,-8,-13,-7,-13,-2,-15,1,-17,0,-18,2,-21,5,-22,5,-20,9,-20,10,-21,12,-23,15,-24,15,-20,20,-20,21,-20,24,-20,24,-17,27,-17,26,-13,28,-13,28,-9,33,-6,32,-4,32,0,34,0,34,8,34,9,34,12,34,18,36,21,34,22,34,29,31,30,30,30,27,35,31,38,28,36,21,43,20,43,21,42,16,47,14,48,19,47,13,48,13,47,10,46,9,0,0]"
CSI_DATA,229,1a:00:00:00:00:00,-51,11,1,0,1,1,1,0,0,0,1,-96,0,11,2,3250273,0,44,0,384,0,"[0,0,0,0,0,0,0,0,0,0,0,0,9,-1,7,-2,7,-2,6,-2,5,-2,4,-2,3,-3,2,-2,1,-2,1,-2,0,-2,-1,-1,-1,-1,-2,-1,-2,0,-3,1,-3,1,-3,2,-3,2,-4,3,-4,3,-4,4,-4,4,-4,5,-5,5,-4,6,0,0,-5,7,-5,7,-5,8,-5,8,-5,7,-5,8,-5,8,-5,7,-5,7,-6,7,-6,7,-6,6,-6,6,-6,5,-6,5,-5,5,-5,4,-5,4,-5,3,-5,3,-5,2,-5,2,-5,1,-5,1,-5,0,-5,0,0,0,0,0,0,0,0,0,0,0,0,0,0,0,21,-32,18,-33,13,-32,9,-29,7,-25,4,-22,5,-23,2,-20,-2,-15,-1,-15,-1,-12,0,-12,-3,-8,-5,-5,-4,-3,-4,0,-2,0,-1,4,-2,4,0,7,1,8,0,6,4,8,5,11,6,12,7,14,5,14,11,13,10,16,12,17,13,16,16,16,15,17,15,14,17,19,16,20,14,20,17,21,15,18,13,22,15,19,13,20,12,18,11,20,7,18,8,17,6,16,6,16,6,14,4,15,4,13,3,13,3,14,0,14,-1,11,-4,11,-5,11,0,0,0,0,0,0,0,0,0,0,0,0,0,0,0,0,0,0,0,0,0,0,13,-10,11,-10,11,-11,9,-9,6,-10,6,-11,3,-11,3,-10,-1,-11,-1,-11,-6,-9,-7,-12,-9,-11,-13,-9,-13,-9,-14,-11,-19,-9,-23,-7,-22,-4,-23,-4,-28,-4,-27,-2,-29,0,-31,1,-29,2,-32,10,-29,10,-30,11,-27,13,-30,17,-25,20,-28,23,-22,23,-21,28,-21,30,-17,33,-12,32,-9,35,-7,36,-2,39,1,39,5,41,7,41,12,42,15,38,20,36,20,38,28,38,26,35,29,39,34,34,37,34,36,35,34,29,40,31,37,25,38,25,0,0]"
CSI_DATA,230,1a:00:00:00:00:00,-51,11,1,0,1,1,1,0,0,0,1,-96,0,11,2,3260530,0,44,0,384,0,"[0,0,0,0,0,0,0,0,0,0,0,0,7,-7,6,-7,5,-7,4,-6,3,-6,2,-5,1,-5,1,-4,0,-3,0,-2,-1,-2,-1,-1,-1,0,-2,1,-2,1,-2,2,-2,3,-2,3,-1,4,-1,5,-1,5,-1,6,-1,6,0,7,0,8,1,8,0,0,1,9,1,9,1,10,2,10,1,10,1,10,1,10,1,10,1,10,0,10,0,10,0,9,-1,9,-1,8,-1,8,-1,7,-1,7,-2,6,-2,6,-2,6,-3,5,-3,5,-3,4,-3,4,-4,3,-4,3,0,0,0,0,0,0,0,0,0,0,0,0,0,0,-3,-39,-4,-36,-8,-31,-8,-28,-8,-27,-8,-20,-7,-21,-8,-17,-8,-14,-9,-12,-8,-10,-6,-6,-7,-6,-4,-3,-4,0,-2,1,0,2,1,5,1,3,5,5,6,7,6,7,9,7,10,7,11,8,14,7,11,9,16,9,18,9,19,7,18,7,22,9,22,8,21,6,24,8,25,8,24,12,24,9,24,12,22,12,22,12,21,11,19,10,19,11,18,11,17,12,14,11,15,11,12,9,12,8,10,11,9,11,10,12,6,13,5,12,2,11,1,11,0,0,0,0,0,0,0,0,0,0,0,0,0,0,0,0,0,0,0,0,0,0,1,-17,0,-16,0,-17,0,-14,-2,-14,-3,-12,-4,-13,-7,-9,-10,-8,-8,-8,-10,-5,-12,-4,-12,-1,-16,2,-16,0,-16,2,-19,8,-21,8,-18,11,-19,14,-21,15,-20,15,-22,21,-19,23,-17,24,-16,27,-15,25,-13,28,-14,32,-8,32,-9,31,-6,33,-2,35,0,35,6,35,9,36,11,31,16,32,19,31,23,29,26,28,29,31,31,24,37,25,36,21,36,18,39,18,44,15,45,13,48,14,45,7,49,4,47,7,51,4,50,1,48,0,48,0,0,0]"
CSI_DATA,231,1a:00:00:00:00:00,-51,11,1,0,1,1,1,0,0,0,1,-96,0,11,2,3270294,0,44,0,384,0,"[0,0,0,0,0,0,0,0,0,0,0,0,4,-9,3,-8,2,-8,2,-7,1,-6,1,-5,0,-5,-1,-4,-1,-3,-1,-2,-1,-1,-1,-1,-1,0,-1,1,-1,2,-1,2,0,3,0,3,0,4,1,4,1,5,2,5,2,6,2,6,3,7,3,7,0,0,4,7,4,8,4,8,4,8,4,8,4,8,4,8,4,8,4,8,3,8,3,8,2,8,2,8,2,7,1,7,1,7,1,7,1,6,0,6,0,5,-1,5,-1,5,-1,5,-2,4,-2,4,-3,3,0,0,0,0,0,0,0,0,0,0,0,0,0,0,-38,-65,-36,-56,-41,-49,-37,-41,-35,-36,-36,-28,-35,-25,-33,-22,-25,-18,-22,-16,-20,-7,-16,-8,-15,-4,-10,-1,-3,0,-4,6,-1,4,2,11,9,4,9,6,16,9,15,5,22,1,27,3,25,4,34,-1,30,3,38,0,38,0,43,-2,39,-8,47,-3,45,1,52,-10,47,-1,51,-3,51,-3,51,-5,49,-1,50,2,44,-2,50,0,44,1,44,3,41,6,39,3,35,10,32,8,33,7,31,12,26,12,26,14,22,9,19,16,17,12,15,14,9,17,0,0,0,0,0,0,0,0,0,0,0,0,0,0,0,0,0,0,0,0,0,0,-17,-30,-15,-29,-11,-27,-17,-25,-13,-21,-14,-17,-16,-15,-20,-13,-18,-7,-19,-7,-21,2,-20,4,-25,9,-20,17,-25,18,-21,19,-24,32,-24,31,-20,40,-23,46,-19,44,-17,53,-18,48,-10,56,-10,59,-4,60,0,59,-1,60,7,60,13,64,19,57,26,62,30,58,31,53,41,57,47,45,50,45,60,38,66,34,71,29,69,26,78,18,74,19,83,10,80,4,85,5,87,-3,87,-19,84,-16,92,-22,85,-38,84,-35,89,-35,84,-40,85,-48,85,-49,79,-42,0,0]"
CSI_DATA,232,1a:00:00:00:00:00,-51,11,1,0,1,1,1,0,0,0,1,-96,0,11,2,3280288,0,44,0,384,0,"[0,0,0,0,0,0,0,0,0,0,0,0,-5,-8,-5,-7,-5,-6,-5,-5,-5,-4,-4,-3,-4,-3,-3,-2,-3,-1,-2,-1,-1,0,-1,0,0,1,1,1,1,1,2,1,2,1,3,1,4,1,4,1,5,0,6,0,6,0,7,0,7,0,8,-1,0,0,8,-1,9,-1,9,-1,9,-2,9,-1,9,-1,9,-1,9,-1,9,-1,9,-1,9,0,8,0,8,0,8,0,7,1,7,1,6,1,6,1,5,1,5,1,5,2,4,2,4,2,3,2,3,3,2,3,0,0,0,0,0,0,0,0,0,0,0,0,0,0,-35,9,-35,9,-31,10,-27,11,-26,6,-21,9,-19,10,-16,8,-14,9,-10,8,-8,8,-5,5,-5,5,-4,2,-2,2,0,0,3,-1,2,-2,2,-6,3,-5,6,-11,5,-8,5,-11,6,-13,4,-14,6,-16,6,-19,5,-20,4,-20,4,-20,4,-23,4,-24,5,-23,4,-23,1,-26,6,-28,5,-27,3,-26,5,-26,5,-25,6,-26,6,-25,8,-22,7,-22,8,-22,9,-20,7,-19,10,-17,9,-15,7,-16,8,-12,8,-12,11,-11,11,-8,9,-8,10,-5,10,-5,0,0,0,0,0,0,0,0,0,0,0,0,0,0,0,0,0,0,0,0,0,0,-16,-2,-18,0,-15,0,-13,-2,-15,2,-13,3,-11,4,-10,5,-7,6,-6,9,-5,9,-1,11,0,13,3,14,2,13,4,17,8,16,11,16,11,16,15,17,16,17,18,18,22,18,24,16,28,17,29,12,27,13,30,11,31,8,33,5,32,4,34,2,35,-2,30,-6,35,-11,32,-11,31,-17,32,-21,28,-23,28,-28,26,-28,26,-33,22,-33,19,-39,18,-39,17,-43,13,-42,7,-46,7,-46,5,-48,4,-47,-2,-48,-1,-48,-4,-49,-5,-53,-7,-47,-7,-50,0,0]"
CSI_DATA,233,1a:00:00:00:00:00,-51,11,1,0,1,1,1,0,0,0,1,-96,0,11,2,3291713,0,44,0,384,0,"[0,0,0,0,0,0,0,0,0,0,0,0,0,9,1,8,2,6,1,6,1,5,1,4,2,3,1,2,1,1,1,0,1,0,0,-1,0,-2,-1,-2,-1,-3,-2,-3,-2,-3,-3,-4,-4,-4,-4,-4,-5,-4,-6,-4,-6,-4,-7,-5,-7,-5,-8,-4,0,0,-9,-5,-9,-5,-10,-5,-10,-5,-9,-5,-10,-5,-10,-5,-9,-5,-9,-5,-9,-6,-8,-6,-8,-6,-7,-6,-7,-6,-6,-6,-6,-6,-6,-6,-5,-5,-5,-5,-4,-5,-4,-5,-3,-5,-3,-5,-2,-5,-1,-5,-1,-5,0,0,0,0,0,0,0,0,0,0,0,0,0,0,34,10,33,9,31,2,28,4,28,4,22,1,20,-1,16,-1,16,-4,11,-4,8,-6,7,-6,5,-3,3,-3,0,0,-2,-4,-5,-2,-7,0,-5,0,-9,0,-7,3,-9,1,-12,6,-10,5,-14,6,-14,9,-17,10,-18,15,-15,12,-16,16,-17,14,-17,18,-19,16,-16,16,-19,20,-19,18,-21,17,-23,18,-20,16,-21,15,-20,16,-20,14,-18,14,-19,15,-18,9,-21,10,-19,7,-16,7,-16,7,-15,5,-13,4,-17,3,-14,1,-14,-2,-14,0,-13,-3,-12,-4,0,0,0,0,0,0,0,0,0,0,0,0,0,0,0,0,0,0,0,0,0,0,17,6,15,4,15,5,12,3,12,2,13,0,10,-2,9,-4,10,-4,8,-7,8,-9,6,-9,4,-12,4,-13,2,-16,2,-18,-3,-20,-1,-21,-5,-20,-7,-21,-9,-25,-12,-25,-13,-26,-16,-26,-19,-26,-21,-25,-20,-23,-23,-23,-25,-24,-28,-20,-29,-19,-31,-16,-33,-14,-33,-9,-35,-6,-37,-6,-37,-2,-39,2,-36,5,-39,10,-38,11,-39,19,-34,19,-38,24,-32,22,-34,33,-31,35,-29,35,-27,36,-29,39,-27,41,-25,41,-25,43,-24,44,-22,45,-17,43,-17,43,0,0]"
CSI_DATA,234,1a:00:00:00:00:00,-50,11,1,0,1,1,1,0,0,0,1,-96,0,11,2,3320660,0,44,0,384,0,"[0,0,0,0,0,0,0,0,0,0,0,0,-6,-8,-6,-7,-6,-5,-5,-5,-5,-4,-4,-3,-4,-2,-3,-1,-3,-1,-2,0,-1,0,-1,1,0,1,1,1,1,2,2,1,3,1,3,1,4,1,5,1,5,1,6,1,6,1,8,0,8,0,8,0,0,0,9,-1,10,0,10,-1,10,-1,10,0,10,0,10,0,10,0,10,0,10,0,10,1,9,1,9,1,8,1,8,2,7,2,7,2,6,2,6,2,6,2,5,3,5,3,4,3,3,3,3,4,2,4,0,0,0,0,0,0,0,0,0,0,0,0,0,0,-38,2,-34,4,-33,7,-27,8,-24,8,-21,9,-20,9,-15,9,-12,6,-10,5,-6,7,-6,6,-4,5,-1,4,2,5,2,2,3,-1,5,-2,5,-3,6,-5,8,-9,8,-7,8,-9,10,-14,9,-14,9,-16,7,-16,9,-19,10,-18,9,-22,6,-21,9,-25,9,-22,10,-27,8,-24,12,-27,11,-25,9,-26,10,-26,11,-23,9,-22,12,-21,10,-23,10,-21,14,-20,13,-16,12,-17,11,-17,10,-14,12,-11,13,-12,12,-9,11,-9,14,-5,11,-6,13,-3,13,-1,0,0,0,0,0,0,0,0,0,0,0,0,0,0,0,0,0,0,0,0,0,0,-16,-2,-18,-1,-16,0,-17,-1,-13,1,-12,3,-12,1,-9,6,-9,8,-7,7,-7,10,-4,12,0,11,-1,14,1,15,1,13,9,17,8,18,11,17,11,17,12,19,19,19,20,16,24,17,22,15,28,14,28,15,30,13,28,9,33,8,30,6,36,2,33,-1,32,-4,36,-6,34,-11,31,-11,33,-17,30,-19,30,-26,33,-29,22,-29,27,-34,22,-37,20,-38,17,-44,20,-41,14,-41,10,-46,10,-45,6,-48,2,-48,5,-52,1,-44,-1,-52,-2,-49,-1,-46,0,0]"
CSI_DATA,235,1a:00:00:00:00:00,-50,11,1,0,1,1,1,0,0,0,1,-96,0,11,2,3340260,0,44,0,384,0,"[0,0,0,0,0,0,0,0,0,0,0,0,2,-10,1,-9,0,-8,0,-7,-1,-6,-1,-5,-2,-4,-2,-3,-2,-3,-2,-2,-2,-1,-2,0,-2,1,-1,2,-1,2,-1,3,0,3,0,4,1,4,1,5,1,5,2,6,2,6,3,7,4,7,4,7,0,0,5,8,5,8,5,8,6,9,5,8,5,9,5,9,5,9,5,9,4,9,4,9,3,8,3,8,3,8,2,8,2,7,2,7,1,7,1,6,0,6,0,6,-1,6,-1,5,-2,5,-2,4,-3,4,0,0,0,0,0,0,0,0,0,0,0,0,0,0,-43,-55,-42,-54,-44,-40,-43,-39,-41,-32,-35,-24,-35,-19,-33,-18,-25,-10,-26,-10,-21,-4,-22,-4,-12,5,-10,3,-6,6,-1,8,2,9,8,8,10,11,17,7,17,6,19,9,25,6,29,5,33,4,37,1,39,3,41,3,43,2,42,-4,46,-4,48,-6,51,-7,55,-9,52,-8,55,1,56,-8,54,-7,54,0,49,-1,52,2,53,4,44,8,49,8,42,6,44,6,40,13,36,8,34,12,32,10,28,11,30,13,28,10,24,15,18,19,13,21,11,19,0,0,0,0,0,0,0,0,0,0,0,0,0,0,0,0,0,0,0,0,0,0,-13,-32,-15,-28,-16,-30,-21,-27,-18,-19,-16,-20,-22,-13,-21,-10,-23,-9,-25,-5,-25,-1,-21,7,-27,12,-26,17,-28,18,-23,24,-22,31,-22,31,-17,33,-17,42,-17,46,-11,51,-12,50,-10,54,-4,58,-3,59,1,56,8,63,14,66,19,64,24,60,27,63,38,58,40,55,49,53,49,42,58,44,65,39,66,35,72,34,70,21,82,13,77,14,90,4,82,-4,82,-5,88,-11,85,-24,87,-33,91,-31,91,-30,85,-42,87,-39,86,-45,89,-48,77,-49,69,-50,0,0]"
CSI_DATA,236,1a:00:00:00:00:00,-50,11,1,0,1,1,1,0,0,0,1,-96,0,11,2,3350262,0,44,0,384,0,"[0,0,0,0,0,0,0,0,0,0,0,0,-6,-8,-6,-7,-6,-5,-5,-5,-5,-4,-4,-3,-4,-2,-3,-1,-3,-1,-2,0,-2,0,-1,1,0,2,0,2,1,2,2,2,2,2,3,2,4,2,4,2,5,2,6,2,6,2,7,2,8,2,8,2,0,0,9,2,10,2,10,2,10,1,10,2,10,2,10,2,10,2,10,3,9,3,9,3,9,3,8,3,8,3,7,4,7,4,6,4,6,4,5,4,4,4,4,4,3,4,3,4,2,4,2,4,1,4,0,0,0,0,0,0,0,0,0,0,0,0,0,0,-37,-4,-32,-2,-30,0,-25,-1,-26,2,-22,2,-20,3,-18,5,-14,7,-10,6,-8,7,-6,7,-6,4,-1,3,-1,3,2,3,3,2,8,1,5,2,7,-2,12,-4,10,-5,12,-7,11,-10,11,-9,16,-10,13,-13,15,-15,15,-17,15,-17,15,-19,16,-21,19,-19,17,-23,17,-20,19,-21,19,-21,20,-22,19,-20,20,-19,18,-17,20,-16,20,-16,20,-12,20,-14,19,-12,18,-12,16,-10,18,-9,17,-7,17,-6,17,-6,16,-5,15,-4,13,0,13,1,13,2,0,0,0,0,0,0,0,0,0,0,0,0,0,0,0,0,0,0,0,0,0,0,-18,-5,-17,-2,-15,-3,-18,-3,-15,1,-14,2,-14,3,-11,5,-13,6,-10,6,-8,8,-5,10,-2,13,-1,17,-2,16,0,15,4,20,4,19,7,20,9,23,11,23,14,23,17,21,16,21,20,19,23,18,23,21,27,18,26,17,31,12,31,11,34,6,31,7,33,3,34,0,35,-4,33,-6,33,-12,37,-13,37,-20,35,-20,33,-24,32,-25,32,-31,30,-32,29,-38,27,-38,21,-40,22,-43,18,-45,19,-45,15,-49,16,-47,11,-42,12,-50,8,-48,9,-46,0,0]"
CSI_DATA,237,1a:00:00:00:00:00,-50,11,1,0,1,1,1,0,0,0,1,-96,0,11,2,3360264,0,44,0,384,0,"[0,0,0,0,0,0,0,0,0,0,0,0,-9,-2,-8,-1,-8,0,-7,0,-6,0,-5,0,-4,1,-3,1,-2,1,-1,1,-1,1,0,1,1,1,2,1,2,1,3,0,3,-1,4,-1,4,-1,5,-2,5,-2,6,-3,6,-3,7,-4,7,-4,7,-5,0,0,8,-5,8,-5,9,-6,9,-6,9,-5,9,-5,9,-5,9,-5,9,-5,9,-5,9,-4,8,-3,8,-3,8,-3,8,-2,7,-2,7,-2,7,-1,6,-1,6,-1,6,0,5,0,5,1,5,1,4,2,3,2,0,0,0,0,0,0,0,0,0,0,0,0,0,0,-50,53,-41,54,-32,57,-23,48,-20,46,-16,43,-15,33,-10,33,-3,30,1,27,4,21,4,14,6,10,3,8,5,4,7,-3,6,-6,8,-9,8,-12,12,-15,7,-21,8,-23,0,-26,1,-29,0,-31,-2,-36,-2,-39,-5,-41,-4,-40,-9,-47,-8,-46,-10,-52,-9,-51,-11,-55,-11,-48,-8,-55,-11,-58,-10,-54,-10,-58,-7,-53,-6,-52,-1,-50,0,-48,0,-44,3,-48,5,-46,3,-43,7,-37,9,-37,7,-35,9,-32,11,-31,13,-25,14,-26,17,-23,20,-15,21,-14,0,0,0,0,0,0,0,0,0,0,0,0,0,0,0,0,0,0,0,0,0,0,-25,26,-25,28,-24,26,-17,28,-12,24,-15,22,-9,23,-6,24,2,18,6,23,8,20,13,19,18,20,23,18,22,15,29,13,36,11,40,12,43,6,43,6,45,0,52,-3,54,-7,55,-10,54,-12,55,-17,53,-18,55,-28,56,-26,54,-38,48,-37,47,-49,43,-52,34,-56,36,-59,30,-63,25,-66,18,-73,16,-72,6,-76,6,-78,-7,-79,-13,-86,-26,-81,-24,-81,-40,-86,-38,-80,-44,-77,-48,-77,-53,-78,-54,-74,-58,-73,-63,-78,-60,-68,-68,-72,-72,-65,-64,-62,0,0]"
CSI_DATA,238,1a:00:00:00:00:00,-50,11,1,0,1,1,1,0,0,0,1,-96,0,11,2,3370328,0,44,0,384,0,"[0,0,0,0,0,0,0,0,0,0,0,0,-6,-8,-6,-7,-6,-5,-5,-5,-5,-4,-4,-3,-4,-2,-4,-1,-3,-1,-2,0,-2,1,-1,1,0,2,0,2,1,2,2,2,3,2,3,2,4,2,5,2,5,2,6,2,6,2,7,2,8,2,9,2,0,0,9,1,10,2,10,1,11,1,10,2,11,2,11,2,10,2,10,2,10,3,10,3,9,3,8,3,8,3,7,4,7,3,7,4,6,3,5,4,5,4,4,4,4,4,3,4,2,4,2,5,1,4,0,0,0,0,0,0,0,0,0,0,0,0,0,0,-35,0,-36,1,-27,5,-28,5,-25,6,-19,5,-23,7,-13,7,-13,7,-10,9,-6,6,-4,3,-3,5,0,7,0,5,1,3,5,3,6,-1,6,-1,8,-2,11,-5,11,-7,9,-5,12,-8,12,-11,12,-10,15,-10,15,-15,17,-17,13,-20,15,-19,15,-20,17,-19,14,-19,16,-22,15,-20,18,-21,18,-21,22,-18,19,-17,19,-21,19,-15,18,-17,18,-18,18,-11,18,-14,18,-11,18,-11,14,-9,14,-7,15,-7,15,-4,14,-4,15,-1,13,-2,13,1,11,4,0,0,0,0,0,0,0,0,0,0,0,0,0,0,0,0,0,0,0,0,0,0,-21,2,-17,2,-18,2,-17,3,-15,5,-14,4,-12,6,-10,7,-8,8,-8,10,-6,11,-4,10,0,14,-1,16,2,13,4,16,8,14,8,17,10,17,15,19,15,16,17,18,19,16,23,16,21,14,25,12,27,12,26,11,32,8,31,5,31,3,32,1,31,-3,33,-5,34,-7,32,-10,34,-14,31,-16,29,-22,30,-25,27,-25,27,-34,24,-31,24,-36,22,-34,17,-35,19,-39,15,-42,11,-43,12,-48,8,-46,5,-49,8,-47,3,-49,4,-50,1,-44,-1,-49,0,0]"
CSI_DATA,239,1a:00:00:00:00:00,-50,11,1,0,1,1,1,0,0,0,1,-96,0,11,2,3380275,0,44,0,384,0,"[0,0,0,0,0,0,0,0,0,0,0,0,-3,8,-3,7,-2,6,-1,6,-1,5,0,4,0,3,1,2,1,2,1,1,1,0,1,-1,1,-2,1,-3,1,-3,1,-4,0,-4,0,-5,-1,-5,-1,-6,-1,-6,-2,-7,-2,-7,-3,-8,-3,-8,-4,-9,0,0,-4,-9,-4,-10,-4,-10,-4,-10,-4,-10,-4,-10,-4,-10,-4,-10,-4,-10,-3,-10,-3,-10,-2,-10,-2,-9,-2,-9,-1,-9,-1,-9,-1,-8,0,-8,0,-7,0,-7,1,-6,1,-6,2,-6,2,-5,2,-5,3,-4,0,0,0,0,0,0,0,0,0,0,0,0,0,0,45,54,40,53,45,41,37,37,38,34,37,27,32,17,30,19,24,10,24,7,18,2,16,2,9,-4,10,-7,8,-3,1,-11,0,-12,-6,-12,-11,-10,-12,-13,-19,-10,-17,-16,-29,-6,-28,-8,-30,-9,-36,-11,-39,-5,-41,-6,-44,-8,-47,-3,-49,-5,-51,-5,-45,0,-52,-5,-52,-3,-57,-7,-56,-8,-53,-6,-56,-8,-54,-14,-49,-12,-46,-11,-48,-17,-47,-14,-43,-18,-41,-19,-39,-17,-40,-14,-35,-20,-30,-15,-30,-16,-26,-21,-19,-25,-17,-22,-17,-20,-10,-25,-9,-24,0,0,0,0,0,0,0,0,0,0,0,0,0,0,0,0,0,0,0,0,0,0,20,32,21,30,24,25,19,22,23,21,22,16,22,9,20,9,28,4,21,0,24,-6,23,-8,20,-13,25,-20,25,-23,25,-30,21,-32,16,-35,17,-41,9,-42,9,-44,10,-53,5,-50,3,-54,0,-60,-5,-55,-6,-58,-17,-62,-18,-58,-25,-65,-28,-55,-39,-58,-41,-53,-45,-50,-46,-49,-53,-43,-57,-37,-64,-38,-68,-28,-73,-26,-82,-21,-74,-14,-84,-9,-84,-1,-86,4,-82,8,-81,14,-88,22,-83,29,-91,31,-91,35,-88,41,-87,42,-77,42,-87,44,-79,54,-74,46,0,0]"
CSI_DATA,240,1a:00:00:00:00:00,-50,11,1,0,1,1,1,0,0,0,1,-96,0,11,2,3390283,0,44,0,384,0,"[0,0,0,0,0,0,0,0,0,0,0,0,2,8,3,7,3,6,3,5,3,4,2,3,3,2,2,1,2,0,1,-1,1,-1,1,-2,0,-2,-1,-3,-1,-3,-2,-4,-2,-4,-3,-4,-4,-4,-5,-5,-5,-5,-6,-5,-6,-5,-7,-5,-8,-5,-8,-5,0,0,-9,-5,-10,-6,-10,-5,-10,-5,-10,-6,-10,-6,-10,-5,-10,-6,-10,-6,-9,-6,-9,-7,-8,-7,-7,-7,-7,-6,-7,-7,-6,-6,-6,-6,-5,-6,-5,-6,-4,-6,-4,-6,-3,-6,-2,-6,-2,-6,-1,-6,0,-5,0,0,0,0,0,0,0,0,0,0,0,0,0,0,38,8,30,3,30,2,24,0,23,-3,22,-3,17,-5,18,-4,15,-6,12,-6,7,-6,6,-6,4,-7,2,-6,-1,-3,-3,-4,-5,-3,-6,-3,-8,-2,-9,-1,-10,1,-14,4,-12,4,-14,5,-17,6,-16,8,-15,9,-17,12,-20,15,-18,16,-18,17,-19,17,-19,16,-21,18,-19,15,-23,16,-22,17,-24,16,-24,16,-23,15,-22,13,-22,11,-21,11,-21,10,-21,8,-20,9,-19,5,-19,6,-19,3,-16,3,-15,3,-15,2,-16,-2,-14,-3,-14,-5,-13,-3,-11,-4,0,0,0,0,0,0,0,0,0,0,0,0,0,0,0,0,0,0,0,0,0,0,17,3,17,5,15,2,16,3,14,1,16,1,12,-2,13,-3,10,-4,9,-8,7,-10,7,-12,6,-14,4,-13,5,-16,0,-18,-4,-20,-1,-20,-5,-24,-8,-23,-11,-22,-13,-26,-17,-21,-16,-22,-19,-23,-20,-19,-22,-22,-24,-20,-24,-20,-30,-18,-26,-17,-31,-12,-32,-9,-31,-6,-35,-5,-34,-3,-37,2,-38,6,-35,8,-37,13,-36,17,-32,20,-37,22,-34,27,-29,29,-30,28,-29,32,-24,37,-25,37,-22,38,-21,42,-16,43,-22,44,-18,40,-16,45,-13,43,-11,42,0,0]"
CSI_DATA,241,1a:00:00:00:00:00,-50,11,1,0,1,1,1,0,0,0,1,-96,0,11,2,3401448,0,44,0,384,0,"[0,0,0,0,0,0,0,0,0,0,0,0,-3,-9,-4,-8,-4,-6,-4,-6,-4,-5,-4,-4,-4,-3,-3,-2,-3,-1,-2,0,-2,0,-1,1,-1,1,0,2,0,2,1,2,2,3,2,3,3,3,4,3,4,3,5,4,5,3,7,3,7,4,8,3,0,0,9,3,9,4,10,4,9,3,10,4,9,4,9,4,9,4,9,4,8,4,8,5,8,5,7,5,7,5,6,5,6,5,5,5,5,5,4,5,4,5,3,5,2,5,2,5,1,5,1,5,0,5,0,0,0,0,0,0,0,0,0,0,0,0,0,0,-32,-16,-27,-14,-30,-10,-23,-6,-23,-7,-20,-3,-17,-2,-18,0,-15,-1,-11,3,-9,5,-8,0,-3,2,-3,6,-1,4,1,3,2,3,4,4,7,3,7,0,11,0,11,-1,11,-3,13,-4,14,-6,15,-5,15,-8,15,-9,20,-7,18,-13,20,-12,21,-15,20,-11,21,-16,21,-14,23,-13,22,-13,22,-13,23,-9,24,-12,23,-11,22,-10,22,-8,22,-8,20,-7,20,-5,19,-4,18,-4,18,-3,19,-1,17,1,14,0,16,1,12,2,10,4,11,6,11,7,0,0,0,0,0,0,0,0,0,0,0,0,0,0,0,0,0,0,0,0,0,0,-18,-9,-15,-11,-16,-8,-17,-8,-14,-6,-12,-4,-14,-3,-11,-2,-13,4,-10,4,-11,4,-9,6,-9,9,-7,10,-8,13,-5,14,-5,17,-4,16,-4,21,1,20,4,21,4,25,6,24,9,26,9,28,16,25,12,26,16,23,18,24,24,20,22,20,27,20,26,17,29,12,30,10,32,8,31,6,34,0,35,-1,39,-5,37,-8,38,-12,36,-15,36,-19,35,-21,38,-23,36,-25,30,-28,30,-31,31,-35,27,-34,24,-36,30,-35,25,-37,25,-40,21,-42,20,-36,0,0]"
CSI_DATA,242,1a:00:00:00:00:00,-50,11,1,0,1,1,1,0,0,0,1,-96,0,11,2,3431051,0,44,0,384,0,"[0,0,0,0,0,0,0,0,0,0,0,0,0,-9,-1,-8,-2,-7,-2,-6,-2,-5,-2,-5,-3,-4,-2,-3,-2,-2,-2,-1,-2,0,-1,0,-1,1,-1,2,0,2,0,3,1,3,2,3,2,4,3,4,3,4,4,4,4,4,6,5,6,5,6,5,0,0,8,5,8,5,8,5,8,5,8,5,8,5,8,5,8,5,8,5,7,5,7,6,6,6,6,6,6,6,5,6,5,6,4,5,4,5,3,5,3,5,2,5,2,5,1,5,1,5,0,5,-1,4,0,0,0,0,0,0,0,0,0,0,0,0,0,0,-58,-38,-53,-39,-54,-26,-47,-22,-44,-17,-40,-13,-34,-9,-32,-8,-26,-7,-21,-2,-17,0,-19,3,-7,7,-7,5,-1,4,-1,9,8,9,9,7,12,11,15,9,22,2,21,-4,23,-6,23,-9,29,-13,36,-8,32,-11,36,-16,38,-17,40,-24,36,-18,45,-20,45,-18,45,-26,48,-25,48,-19,49,-21,48,-23,48,-20,47,-17,48,-19,46,-16,44,-9,42,-15,43,-7,39,-9,40,-8,37,-8,36,-2,35,-1,27,0,30,3,29,7,29,5,25,8,22,12,21,16,0,0,0,0,0,0,0,0,0,0,0,0,0,0,0,0,0,0,0,0,0,0,-30,-27,-28,-27,-25,-23,-27,-20,-28,-18,-25,-14,-26,-13,-28,-7,-29,-5,-28,2,-24,3,-24,10,-23,16,-26,20,-20,25,-21,29,-17,34,-19,35,-12,42,-12,46,-8,45,-3,57,-1,56,4,59,8,59,14,59,13,57,24,58,24,57,36,54,42,47,43,54,44,47,53,38,62,40,63,30,65,23,66,22,74,18,75,3,78,1,75,-5,79,-13,82,-19,78,-24,76,-28,75,-33,73,-43,76,-51,68,-53,70,-60,68,-62,68,-62,62,-62,63,-67,58,-72,53,-62,0,0]"
CSI_DATA,243,1a:00:00:00:00:00,-51,11,1,0,1,1,1,0,0,0,1,-96,0,11,2,3441570,0,44,0,384,0,"[0,0,0,0,0,0,0,0,0,0,0,0,-5,-8,-5,-7,-5,-5,-5,-5,-4,-4,-4,-3,-3,-2,-3,-2,-2,-1,-2,0,-1,0,-1,1,0,1,1,1,1,1,2,1,3,1,3,2,4,1,4,1,5,1,6,1,6,1,7,0,7,0,8,0,0,0,8,0,9,0,9,0,9,-1,9,0,9,0,9,0,9,0,9,0,9,0,9,1,8,1,8,1,7,1,7,2,7,2,6,2,6,2,5,2,5,2,5,2,4,3,4,3,3,3,2,4,2,3,0,0,0,0,0,0,0,0,0,0,0,0,0,0,-36,-8,-31,-5,-32,-1,-26,-1,-23,-1,-19,-1,-18,1,-16,4,-12,3,-11,4,-9,4,-7,3,-3,2,-2,5,-1,0,0,1,1,1,8,1,6,-1,7,-3,11,-6,11,-6,9,-6,11,-8,10,-12,14,-11,11,-13,12,-14,13,-16,13,-20,15,-19,16,-20,15,-18,15,-21,14,-23,19,-21,16,-20,17,-21,18,-20,16,-19,16,-19,16,-18,18,-18,17,-15,17,-13,16,-13,15,-12,16,-12,15,-11,14,-8,16,-8,13,-6,14,-5,11,-1,14,-4,13,1,11,2,0,0,0,0,0,0,0,0,0,0,0,0,0,0,0,0,0,0,0,0,0,0,-18,-9,-16,-10,-15,-6,-14,-4,-15,-5,-15,-2,-12,-2,-11,0,-14,3,-13,5,-10,7,-11,10,-8,12,-8,14,-9,13,-6,17,-4,21,-3,21,0,21,2,22,3,25,5,28,8,27,13,26,11,25,16,25,17,25,21,24,22,22,26,22,23,17,29,17,31,15,31,12,34,10,32,5,34,1,37,-2,34,-4,37,-9,37,-12,37,-18,36,-20,35,-24,32,-24,35,-28,33,-31,25,-34,25,-37,26,-38,24,-38,18,-42,23,-43,17,-44,18,-47,14,-43,11,-41,0,0]"
CSI_DATA,244,1a:00:00:00:00:00,-50,11,1,0,1,1,1,0,0,0,1,-96,0,11,2,3450553,0,44,0,384,0,"[0,0,0,0,0,0,0,0,0,0,0,0,-9,1,-8,1,-7,2,-6,2,-5,2,-4,2,-3,2,-2,2,-1,1,-1,1,0,0,1,0,1,0,1,-1,2,-2,2,-2,2,-3,3,-4,2,-4,3,-5,3,-5,3,-6,3,-7,3,-7,3,-8,2,-9,0,0,2,-10,2,-10,3,-10,2,-11,3,-10,3,-10,2,-11,3,-10,3,-10,3,-10,4,-10,4,-9,4,-8,4,-8,4,-8,4,-7,4,-7,4,-6,3,-6,3,-5,4,-5,4,-4,4,-4,4,-3,4,-2,4,-2,0,0,0,0,0,0,0,0,0,0,0,0,0,0,-8,34,-8,29,-4,28,-2,25,-3,23,1,20,-1,17,3,15,3,12,4,12,4,8,3,4,3,2,4,2,2,1,2,-1,3,-4,-1,-6,-1,-8,-3,-9,-5,-11,-3,-11,-8,-11,-9,-11,-8,-12,-12,-11,-13,-13,-15,-12,-18,-15,-20,-15,-18,-13,-21,-16,-21,-15,-23,-14,-23,-15,-22,-17,-23,-16,-23,-16,-20,-16,-18,-16,-20,-16,-18,-17,-17,-18,-16,-18,-14,-16,-15,-17,-13,-17,-11,-16,-10,-15,-9,-15,-8,-13,-7,-12,-6,-15,-5,-15,-2,-15,-1,-15,2,-10,0,0,0,0,0,0,0,0,0,0,0,0,0,0,0,0,0,0,0,0,0,0,-8,16,-10,16,-8,15,-6,16,-2,13,-3,14,0,12,2,13,2,11,4,11,8,11,9,10,14,7,14,7,16,5,17,3,23,2,22,0,23,-3,24,-3,23,-1,27,-7,25,-10,29,-11,29,-14,25,-17,25,-18,28,-20,22,-21,22,-27,16,-24,16,-28,15,-30,11,-33,8,-35,4,-36,1,-34,-3,-36,-6,-38,-9,-38,-11,-39,-18,-35,-20,-38,-25,-37,-25,-35,-28,-35,-30,-31,-33,-28,-36,-29,-37,-28,-40,-26,-43,-22,-42,-23,-41,-16,-45,-20,-46,-17,-40,-15,0,0]"
CSI_DATA,245,1a:00:00:00:00:00,-50,11,1,0,1,1,1,0,0,0,1,-96,0,11,2,3460553,0,44,0,384,0,"[0,0,0,0,0,0,0,0,0,0,0,0,-5,7,-4,7,-3,6,-3,5,-2,4,-1,4,0,3,0,2,0,1,0,1,1,0,1,-1,0,-2,0,-2,0,-3,0,-4,-1,-4,-1,-5,-1,-5,-2,-6,-2,-6,-3,-7,-3,-7,-4,-7,-4,-8,-5,-8,0,0,-5,-8,-6,-9,-6,-9,-6,-9,-6,-9,-6,-10,-6,-9,-5,-9,-5,-9,-5,-9,-5,-9,-4,-9,-4,-9,-3,-8,-3,-8,-3,-8,-2,-8,-2,-7,-1,-7,-1,-7,0,-7,0,-6,0,-6,1,-6,1,-5,2,-5,0,0,0,0,0,0,0,0,0,0,0,0,0,0,10,31,9,30,15,29,12,22,11,19,13,17,9,13,10,12,12,7,11,8,8,3,6,3,6,1,2,-2,1,-3,-1,-5,-2,-5,-3,-5,-8,-6,-7,-5,-10,-6,-10,-5,-13,-6,-13,-5,-14,-5,-17,-8,-16,-5,-21,-1,-24,-4,-25,-2,-22,-3,-24,-1,-27,0,-26,-2,-25,0,-28,-2,-27,-3,-26,-4,-26,-7,-24,-3,-23,-3,-23,-5,-23,-7,-22,-6,-22,-5,-20,-6,-21,-9,-16,-7,-17,-7,-14,-8,-12,-8,-12,-10,-13,-8,-10,-10,-10,-12,-11,-11,-6,-11,0,0,0,0,0,0,0,0,0,0,0,0,0,0,0,0,0,0,0,0,0,0,3,19,0,16,2,17,4,15,4,14,4,13,6,11,5,11,10,8,9,6,13,6,13,2,16,-1,18,-2,17,-4,17,-5,18,-10,20,-10,18,-13,20,-16,21,-16,21,-20,16,-23,17,-27,15,-28,12,-31,10,-28,10,-33,9,-30,6,-36,3,-31,-1,-38,-3,-36,-7,-33,-9,-36,-12,-35,-16,-31,-20,-32,-24,-32,-27,-27,-29,-27,-32,-25,-36,-23,-37,-19,-40,-17,-44,-15,-46,-15,-45,-8,-43,-5,-46,-2,-45,0,-46,2,-48,3,-44,3,-48,8,-47,8,-44,7,0,0]"
CSI_DATA,246,1a:00:00:00:00:00,-50,11,1,0,1,1,1,0,0,0,1,-96,0,11,2,3470268,0,44,0,384,0,"[0,0,0,0,0,0,0,0,0,0,0,0,7,4,6,3,6,2,5,1,5,1,4,0,3,0,2,-1,1,-1,1,-1,0,-1,-1,-1,-2,-1,-2,-1,-3,-1,-4,-1,-4,0,-5,0,-5,1,-6,1,-6,1,-7,2,-7,2,-7,3,-8,3,-8,4,0,0,-8,5,-9,5,-9,5,-9,6,-9,5,-9,5,-9,5,-9,5,-9,5,-9,4,-9,4,-9,3,-9,3,-8,3,-8,2,-8,2,-8,2,-7,1,-7,1,-6,0,-6,0,-6,-1,-6,-1,-6,-2,-5,-2,-5,-3,0,0,0,0,0,0,0,0,0,0,0,0,0,0,31,-17,27,-14,24,-15,19,-17,16,-15,14,-15,11,-13,12,-13,5,-11,3,-9,2,-10,3,-9,0,-6,-1,-4,0,-2,-2,-1,-3,0,-4,4,-2,4,-4,8,-1,8,-5,9,-3,11,-1,14,-1,14,0,16,0,18,1,18,3,20,5,22,5,22,6,24,2,22,6,23,8,25,5,24,5,27,3,27,2,26,3,24,3,21,3,24,0,21,1,21,1,19,-1,20,-3,18,-2,20,-2,16,-3,18,-4,16,-5,13,-7,15,-6,11,-8,11,-9,9,-8,7,0,0,0,0,0,0,0,0,0,0,0,0,0,0,0,0,0,0,0,0,0,0,20,-4,18,-1,17,-1,16,-3,14,-5,13,-8,9,-7,8,-10,7,-10,6,-10,4,-13,0,-13,0,-16,0,-17,-4,-19,-8,-17,-11,-20,-11,-19,-13,-19,-18,-20,-18,-19,-23,-21,-25,-17,-26,-16,-27,-16,-33,-12,-32,-11,-34,-9,-33,-8,-34,-1,-33,-3,-36,1,-37,6,-35,10,-34,11,-31,14,-32,18,-31,24,-30,25,-27,31,-24,32,-20,35,-18,36,-14,42,-12,40,-10,43,-8,43,-3,42,-2,44,0,45,2,47,8,47,8,49,12,43,13,47,15,42,14,41,0,0]"
CSI_DATA,247,1a:00:00:00:00:00,-51,11,1,0,1,1,1,0,0,0,1,-96,0,11,2,3480791,0,44,0,384,0,"[0,0,0,0,0,0,0,0,0,0,0,0,8,0,7,-1,6,-1,6,-2,4,-2,3,-2,2,-2,2,-2,1,-2,0,-1,-1,-1,-1,-1,-2,0,-2,0,-3,0,-3,1,-4,2,-4,2,-4,3,-4,4,-4,4,-4,5,-4,5,-4,6,-4,7,-4,8,0,0,-4,8,-4,9,-4,9,-4,9,-4,9,-5,9,-5,9,-5,9,-5,9,-5,8,-5,8,-5,7,-5,7,-5,7,-5,6,-5,6,-5,5,-5,5,-5,4,-5,4,-5,3,-5,3,-5,2,-5,2,-5,1,-5,0,0,0,0,0,0,0,0,0,0,0,0,0,0,0,49,-51,42,-42,37,-47,25,-43,22,-44,20,-35,14,-28,12,-28,4,-29,7,-25,-1,-17,-1,-13,-3,-10,-4,-9,-10,-5,-4,6,-1,9,-3,7,-3,11,-1,16,2,23,3,24,9,20,6,32,10,26,14,29,17,32,19,35,20,34,26,39,26,39,28,42,26,37,29,38,32,43,29,42,33,43,28,41,29,39,25,41,21,42,24,44,22,38,20,44,12,39,13,39,13,36,9,36,12,34,8,33,7,31,7,28,3,29,-3,24,-4,28,-4,22,-10,24,0,0,0,0,0,0,0,0,0,0,0,0,0,0,0,0,0,0,0,0,0,0,36,-12,34,-10,29,-15,29,-14,24,-15,24,-18,19,-21,11,-23,11,-27,2,-25,1,-25,-6,-31,-11,-29,-16,-28,-19,-30,-23,-33,-32,-37,-32,-32,-40,-30,-45,-27,-48,-24,-54,-25,-56,-22,-60,-12,-66,-13,-63,-8,-65,-9,-72,1,-69,2,-70,12,-66,20,-70,27,-62,30,-61,40,-63,42,-54,49,-46,57,-47,61,-45,60,-33,76,-31,75,-19,83,-17,79,-6,83,0,83,13,87,19,88,26,82,27,85,30,84,38,82,49,85,46,82,50,73,54,79,56,73,55,65,0,0]"
CSI_DATA,248,1a:00:00:00:00:00,-51,11,1,0,1,1,1,0,0,0,1,-96,0,11,2,3490258,0,44,0,384,0,"[0,0,0,0,0,0,0,0,0,0,0,0,-1,-8,-1,-7,-2,-6,-2,-6,-2,-5,-2,-4,-2,-3,-2,-2,-2,-2,-1,-1,-1,0,-1,0,0,1,0,1,1,2,1,2,2,2,2,2,3,2,4,2,4,3,5,2,5,2,6,2,6,2,7,2,0,0,8,2,8,2,8,2,9,2,8,2,8,2,9,2,8,2,8,2,8,3,8,3,7,3,7,3,6,3,6,3,5,3,5,3,4,3,4,3,4,3,3,3,3,3,2,3,2,4,1,4,1,4,0,0,0,0,0,0,0,0,0,0,0,0,0,0,-53,-40,-52,-35,-51,-26,-49,-20,-45,-18,-39,-18,-34,-4,-31,-6,-27,-5,-21,2,-18,-2,-13,0,-11,1,-5,0,-2,5,2,0,7,0,12,1,14,-4,15,-5,20,-4,17,-5,20,-11,26,-10,25,-15,28,-20,25,-24,26,-23,28,-31,34,-35,34,-30,32,-36,30,-34,30,-36,34,-40,34,-35,33,-37,34,-36,34,-36,35,-33,34,-30,33,-29,37,-32,35,-29,34,-26,31,-20,31,-24,28,-19,29,-16,26,-15,27,-10,30,-10,27,-9,30,-5,25,-4,23,-2,24,0,0,0,0,0,0,0,0,0,0,0,0,0,0,0,0,0,0,0,0,0,0,0,-21,-33,-16,-28,-19,-28,-18,-27,-18,-23,-22,-18,-22,-15,-22,-13,-27,-10,-30,-3,-28,-1,-28,6,-29,12,-29,18,-26,24,-30,26,-25,37,-24,35,-21,39,-21,47,-20,44,-15,58,-14,61,-8,59,-5,63,4,66,6,68,9,65,16,66,23,66,22,58,34,59,36,57,45,54,50,53,55,46,62,39,62,33,67,24,79,19,72,16,81,5,76,2,80,-9,77,-10,86,-23,84,-26,76,-35,80,-43,77,-40,71,-51,71,-55,73,-55,61,-61,65,-72,57,-64,57,-62,0,0]"
CSI_DATA,249,1a:00:00:00:00:00,-51,11,1,0,1,1,1,0,0,0,1,-96,0,11,2,3500433,0,44,0,384,0,"[0,0,0,0,0,0,0,0,0,0,0,0,-4,7,-3,7,-2,6,-2,5,-1,4,-1,4,0,3,0,2,0,1,0,0,0,-1,0,-1,0,-2,-1,-3,-1,-3,-1,-4,-2,-4,-2,-4,-3,-5,-4,-5,-4,-6,-5,-6,-5,-6,-6,-6,-6,-7,-7,-6,0,0,-7,-7,-8,-7,-8,-7,-8,-7,-8,-7,-8,-8,-8,-7,-8,-7,-8,-7,-7,-8,-7,-8,-6,-7,-6,-7,-5,-7,-5,-7,-5,-7,-4,-7,-4,-6,-3,-6,-3,-6,-2,-6,-2,-6,-1,-6,-1,-6,0,-5,0,-5,0,0,0,0,0,0,0,0,0,0,0,0,0,0,49,48,45,43,44,37,37,28,39,25,37,17,28,15,25,11,18,8,20,6,19,-1,11,3,6,2,1,-4,1,0,-6,-1,-9,-5,-8,-5,-14,-3,-12,1,-22,9,-23,3,-24,10,-25,11,-27,11,-31,15,-34,14,-32,22,-36,21,-35,25,-34,31,-35,29,-36,32,-40,31,-38,32,-41,34,-41,31,-38,35,-36,29,-38,30,-39,24,-39,24,-38,23,-40,23,-32,22,-37,19,-33,15,-34,15,-32,14,-35,10,-30,10,-29,8,-25,5,-28,1,-21,-2,-25,-3,-25,-8,0,0,0,0,0,0,0,0,0,0,0,0,0,0,0,0,0,0,0,0,0,0,8,32,9,31,12,32,15,28,10,25,16,23,15,18,20,11,23,9,24,4,28,0,28,-2,30,-9,32,-13,31,-19,31,-24,31,-32,33,-30,35,-38,29,-46,26,-47,26,-54,28,-56,23,-62,20,-64,14,-68,11,-66,3,-67,-1,-70,-8,-75,-18,-65,-24,-73,-29,-66,-32,-63,-41,-62,-49,-55,-52,-50,-58,-50,-59,-45,-73,-36,-72,-30,-75,-27,-81,-16,-82,-9,-80,-5,-94,8,-88,10,-85,17,-83,21,-86,30,-83,26,-85,36,-83,43,-78,45,-77,48,-73,51,-68,50,0,0]"
CSI_DATA,250,1a:00:00:00:00:00,-51,11,1,0,1,1,1,0,0,0,1,-96,0,11,2,3510272,0,44,0,384,0,"[0,0,0,0,0,0,0,0,0,0,0,0,-9,-2,-8,-1,-7,0,-6,0,-5,0,-4,0,-3,0,-2,0,-2,0,-1,0,0,0,0,-1,1,-1,1,-1,2,-1,2,-2,3,-3,3,-3,3,-4,3,-4,3,-5,3,-6,3,-6,3,-7,4,-7,3,-8,0,0,3,-9,4,-9,4,-10,3,-10,4,-9,4,-10,3,-10,4,-9,4,-9,4,-9,4,-9,4,-8,4,-7,4,-7,4,-7,4,-6,4,-6,4,-5,4,-5,4,-5,4,-4,4,-4,4,-3,4,-3,4,-2,4,-1,0,0,0,0,0,0,0,0,0,0,0,0,0,0,-49,45,-45,42,-37,43,-33,37,-28,36,-24,34,-21,32,-13,29,-8,23,-3,21,-3,19,-1,10,-3,9,1,4,1,-1,1,-3,1,-9,1,-9,3,-14,-3,-18,-5,-22,-7,-22,-6,-22,-8,-27,-12,-26,-15,-30,-15,-34,-23,-34,-24,-35,-24,-38,-26,-38,-28,-41,-25,-37,-30,-42,-33,-39,-28,-42,-28,-41,-30,-42,-30,-42,-27,-46,-26,-35,-28,-39,-24,-41,-22,-42,-17,-35,-21,-37,-14,-39,-13,-31,-9,-35,-15,-33,-7,-29,-4,-28,-3,-27,-2,-28,2,-26,4,-24,8,-22,0,0,0,0,0,0,0,0,0,0,0,0,0,0,0,0,0,0,0,0,0,0,-35,9,-30,10,-27,10,-28,13,-25,13,-24,15,-15,13,-15,19,-13,27,-9,22,-3,27,2,30,8,32,11,33,15,34,21,37,34,32,31,35,42,29,40,31,46,34,56,28,54,27,59,21,62,16,68,15,70,15,70,4,74,-3,69,-12,63,-15,70,-23,65,-25,65,-31,64,-40,58,-43,54,-47,46,-61,42,-62,39,-71,24,-71,26,-78,20,-82,11,-87,2,-83,-5,-78,-12,-84,-15,-89,-23,-84,-23,-88,-34,-83,-43,-86,-42,-88,-42,-76,-52,-76,-49,-70,-51,-70,0,0]"
CSI_DATA,251,1a:00:00:00:00:00,-50,11,1,0,1,1,1,0,0,0,1,-96,0,11,2,3520847,0,44,0,384,0,"[0,0,0,0,0,0,0,0,0,0,0,0,-5,-8,-5,-6,-5,-5,-4,-5,-4,-4,-3,-3,-3,-2,-2,-2,-2,-1,-1,-1,-1,0,0,0,1,0,1,0,2,0,3,0,3,0,4,0,4,0,5,0,5,-1,6,-1,6,-1,7,-2,7,-2,7,-3,0,0,8,-3,9,-3,9,-4,9,-4,9,-3,9,-3,9,-3,9,-3,9,-3,9,-3,8,-3,8,-2,8,-2,7,-2,7,-1,7,-1,6,-1,6,-1,6,0,5,0,5,1,5,1,4,1,4,1,4,2,3,2,0,0,0,0,0,0,0,0,0,0,0,0,0,0,-32,-1,-29,2,-28,4,-25,4,-22,4,-20,5,-15,6,-15,6,-11,6,-11,5,-7,3,-4,2,-3,4,-2,1,-1,0,2,0,3,-3,4,-4,4,-5,4,-7,4,-10,5,-11,4,-12,3,-12,4,-15,4,-19,4,-17,1,-19,3,-21,1,-23,0,-21,0,-23,0,-24,1,-25,-1,-25,1,-26,1,-26,0,-24,-1,-25,2,-23,0,-24,2,-22,3,-23,4,-22,4,-20,4,-21,4,-18,5,-16,6,-15,6,-14,6,-14,5,-13,7,-12,8,-10,9,-11,9,-8,9,-7,0,0,0,0,0,0,0,0,0,0,0,0,0,0,0,0,0,0,0,0,0,0,-15,-9,-13,-9,-14,-8,-13,-4,-13,-4,-12,-3,-13,-1,-13,2,-11,4,-10,6,-11,9,-9,11,-9,15,-8,16,-7,17,-4,20,-2,23,-2,21,2,23,4,27,4,25,9,27,9,27,15,29,14,29,18,28,17,27,22,25,23,24,27,22,27,17,32,17,33,15,36,8,35,5,34,2,36,-1,37,-3,36,-6,36,-13,35,-15,33,-22,34,-21,32,-26,28,-29,29,-33,26,-34,25,-36,21,-38,21,-39,17,-41,12,-45,14,-44,11,-43,8,-44,5,-43,4,-44,0,0]"
CSI_DATA,252,1a:00:00:00:00:00,-50,11,1,0,1,1,1,0,0,0,1,-96,0,11,2,3550599,0,44,0,384,0,"[0,0,0,0,0,0,0,0,0,0,0,0,-1,7,-1,6,0,5,0,4,0,3,0,3,0,2,0,1,0,1,0,0,0,-1,-1,-1,-1,-2,-2,-2,-2,-3,-3,-3,-3,-3,-4,-3,-4,-3,-5,-3,-5,-3,-6,-3,-6,-3,-7,-3,-8,-3,-8,-3,0,0,-9,-3,-9,-3,-10,-3,-10,-3,-10,-3,-10,-3,-10,-3,-9,-3,-9,-3,-9,-4,-9,-4,-8,-4,-7,-4,-7,-4,-7,-4,-6,-4,-6,-4,-6,-4,-5,-4,-5,-4,-4,-4,-4,-4,-3,-4,-3,-4,-2,-4,-2,-4,0,0,0,0,0,0,0,0,0,0,0,0,0,0,55,33,50,29,52,21,39,19,42,13,32,10,26,8,25,1,21,0,16,2,14,-4,7,-2,6,-3,1,-4,0,-2,-6,0,-9,0,-9,0,-16,7,-18,6,-17,11,-17,13,-17,15,-21,21,-23,23,-26,26,-25,25,-24,31,-24,32,-22,36,-24,37,-25,41,-27,39,-28,44,-24,42,-26,40,-25,48,-24,43,-29,43,-26,39,-23,40,-30,34,-30,33,-29,34,-24,32,-30,28,-30,23,-28,23,-25,23,-24,18,-20,20,-25,13,-25,17,-24,11,-20,6,-22,6,-21,2,0,0,0,0,0,0,0,0,0,0,0,0,0,0,0,0,0,0,0,0,0,0,15,29,14,29,18,27,17,20,17,20,18,13,19,11,21,7,23,1,24,-5,25,-8,28,-14,28,-20,26,-20,26,-28,27,-33,20,-38,24,-41,23,-43,18,-53,17,-58,11,-63,8,-63,9,-67,1,-68,-9,-69,-4,-69,-12,-72,-11,-69,-25,-65,-28,-58,-36,-66,-40,-61,-50,-54,-55,-52,-57,-44,-63,-39,-66,-33,-70,-28,-76,-23,-76,-13,-75,-5,-80,-2,-84,8,-76,16,-72,24,-75,29,-73,40,-75,46,-72,51,-71,50,-71,57,-69,65,-58,58,-60,67,-53,66,-46,68,0,0]"
CSI_DATA,253,1a:00:00:00:00:00,-50,11,1,0,1,1,1,0,0,0,1,-96,0,11,2,3560257,0,44,0,384,0,"[0,0,0,0,0,0,0,0,0,0,0,0,-1,-9,-2,-8,-2,-6,-2,-6,-2,-5,-2,-4,-2,-3,-2,-2,-1,-1,-1,-1,0,0,0,0,1,1,1,1,2,1,3,1,3,1,4,2,4,1,5,1,6,1,6,1,6,1,7,0,8,0,8,0,0,0,9,0,10,0,10,-1,10,-1,10,0,10,0,10,0,10,0,10,0,9,0,9,0,9,0,8,0,8,1,7,1,7,1,7,1,6,1,6,2,5,2,5,2,4,2,4,2,4,3,3,3,2,3,0,0,0,0,0,0,0,0,0,0,0,0,0,0,-49,-43,-46,-34,-47,-30,-41,-20,-38,-19,-34,-17,-31,-7,-28,-9,-21,-3,-18,-10,-19,0,-12,-1,-7,-1,0,2,3,1,2,-4,9,-8,11,-2,13,-5,15,-4,23,-10,15,-13,21,-14,23,-21,27,-22,25,-22,23,-20,26,-33,26,-31,26,-34,24,-41,30,-44,27,-38,27,-48,24,-43,36,-45,29,-41,31,-42,32,-37,27,-41,27,-31,30,-33,28,-34,33,-34,26,-28,28,-28,28,-27,28,-25,27,-24,24,-22,23,-17,23,-18,24,-14,21,-9,25,-7,20,-5,22,0,0,0,0,0,0,0,0,0,0,0,0,0,0,0,0,0,0,0,0,0,0,0,-9,-30,-10,-36,-10,-30,-12,-26,-13,-18,-17,-16,-19,-13,-20,-10,-24,-7,-26,-4,-31,2,-29,5,-32,12,-32,13,-34,23,-34,19,-37,35,-34,31,-31,43,-30,47,-28,48,-27,57,-23,55,-17,67,-17,62,-7,72,-4,66,-3,69,4,67,15,73,13,63,29,72,28,69,35,61,40,57,48,53,52,45,61,42,63,38,73,32,77,25,70,17,84,7,78,4,85,-8,88,-17,80,-17,77,-25,79,-32,77,-39,75,-43,72,-46,80,-48,61,-51,69,-57,63,-68,55,-55,0,0]"
CSI_DATA,254,1a:00:00:00:00:00,-50,11,1,0,1,1,1,0,0,0,1,-96,0,11,2,3580262,0,44,0,384,0,"[0,0,0,0,0,0,0,0,0,0,0,0,-8,1,-7,1,-6,1,-6,1,-5,1,-3,1,-3,1,-2,1,-1,0,-1,0,0,-1,0,-1,1,-2,1,-2,1,-3,2,-4,1,-4,1,-5,1,-5,1,-6,1,-7,1,-7,1,-8,0,-8,0,-9,-1,-9,0,0,-1,-10,-1,-11,-1,-11,-2,-11,-1,-11,-1,-11,-1,-11,-1,-11,-1,-11,-1,-10,-1,-10,0,-10,0,-9,0,-9,0,-9,1,-8,1,-8,1,-7,1,-7,1,-6,1,-6,2,-6,2,-5,2,-5,3,-4,3,-4,0,0,0,0,0,0,0,0,0,0,0,0,0,0,-23,61,-19,53,-15,53,-8,47,-6,41,-7,36,-4,32,-2,29,2,25,6,23,5,13,2,9,2,4,-3,4,0,0,-1,-7,-6,-8,-3,-10,-8,-13,-10,-16,-15,-16,-14,-15,-22,-17,-28,-19,-26,-16,-33,-16,-34,-18,-40,-17,-38,-21,-44,-14,-44,-15,-49,-16,-43,-15,-51,-17,-48,-18,-56,-21,-55,-12,-46,-18,-46,-18,-48,-17,-42,-19,-42,-19,-42,-23,-42,-17,-34,-18,-38,-20,-34,-21,-34,-22,-29,-23,-26,-16,-25,-19,-21,-19,-19,-21,-15,-18,-17,-23,-9,-24,-7,-24,0,0,0,0,0,0,0,0,0,0,0,0,0,0,0,0,0,0,0,0,0,0,-25,18,-25,20,-23,19,-21,24,-15,20,-10,24,-9,19,1,20,0,27,4,24,12,24,17,29,24,26,32,24,29,21,39,24,47,16,46,20,53,13,56,8,55,6,63,2,55,1,68,-4,68,-10,67,-15,73,-17,67,-26,65,-27,64,-39,55,-43,58,-53,55,-56,43,-58,41,-61,32,-63,28,-67,20,-75,15,-74,0,-74,0,-80,-19,-78,-17,-80,-29,-81,-31,-77,-40,-69,-51,-72,-54,-67,-56,-69,-63,-62,-62,-62,-69,-56,-76,-57,-72,-45,-73,-47,-81,-44,-74,-36,0,0]"
CSI_DATA,255,1a:00:00:00:00:00,-50,11,1,0,1,1,1,0,0,0,1,-96,0,11,2,3590280,0,44,0,384,0,"[0,0,0,0,0,0,0,0,0,0,0,0,-8,4,-6,4,-5,3,-5,3,-4,3,-3,2,-2,2,-1,1,-1,0,-1,0,0,-1,0,-2,0,-2,0,-3,0,-3,0,-4,0,-5,0,-5,-1,-6,-1,-7,-1,-7,-2,-7,-2,-8,-3,-8,-3,-9,-4,-9,0,0,-4,-10,-5,-10,-5,-10,-5,-10,-5,-10,-5,-11,-5,-10,-5,-10,-5,-10,-4,-10,-4,-10,-3,-10,-3,-9,-3,-9,-2,-9,-2,-8,-2,-8,-2,-7,-1,-7,-1,-7,0,-7,0,-6,0,-6,1,-6,1,-5,2,-5,0,0,0,0,0,0,0,0,0,0,0,0,0,0,0,33,5,29,1,26,3,23,6,21,6,19,7,13,3,14,5,6,3,7,3,3,4,2,2,2,1,2,0,-2,-2,-3,-4,-3,-6,-7,-9,-4,-7,-3,-10,-6,-12,-5,-15,-4,-15,-6,-18,-3,-19,-3,-19,-4,-20,-2,-23,0,-22,0,-23,-1,-25,2,-28,0,-26,2,-25,2,-29,2,-25,2,-28,3,-27,1,-24,0,-23,0,-27,0,-24,-4,-24,0,-19,-2,-22,-1,-20,-3,-19,-2,-17,-2,-16,-3,-16,-6,-14,-5,-12,-6,-12,-8,-12,-8,-10,-10,-8,-8,0,0,0,0,0,0,0,0,0,0,0,0,0,0,0,0,0,0,0,0,0,0,-8,14,-8,13,-6,12,-6,13,-5,12,-1,12,1,12,3,10,6,11,8,8,11,8,13,9,15,7,17,4,20,5,23,4,23,0,26,-1,27,-4,28,-5,28,-7,32,-10,31,-13,31,-17,30,-17,28,-21,28,-21,24,-24,26,-28,23,-32,19,-28,17,-33,12,-34,8,-37,7,-37,3,-38,-1,-36,-4,-37,-8,-36,-15,-37,-17,-34,-21,-36,-24,-33,-29,-31,-28,-27,-30,-28,-33,-25,-36,-22,-39,-21,-41,-20,-42,-18,-42,-11,-45,-10,-44,-10,-46,-6,-43,-4,-40,-6,0,0]"
CSI_DATA,256,1a:00:00:00:00:00,-50,11,1,0,1,1,1,0,0,0,1,-96,0,11,2,3600237,0,44,0,384,0,"[0,0,0,0,0,0,0,0,0,0,0,0,6,5,5,3,5,2,4,2,3,1,3,1,2,0,1,0,0,0,0,-1,-1,-1,-2,-1,-2,-1,-3,0,-4,0,-4,0,-4,1,-5,1,-5,2,-6,2,-6,2,-7,3,-7,3,-7,4,-7,5,-7,6,0,0,-8,6,-8,6,-8,7,-8,7,-8,7,-8,7,-8,7,-8,6,-8,7,-8,6,-8,6,-8,5,-8,5,-7,4,-7,4,-7,4,-7,3,-6,3,-6,2,-6,2,-6,1,-6,1,-6,1,-6,0,-5,-1,-5,-1,0,0,0,0,0,0,0,0,0,0,0,0,0,0,29,-12,26,-8,22,-11,18,-12,17,-13,15,-9,11,-10,8,-8,7,-7,6,-8,4,-7,3,-5,1,-4,0,-1,-2,0,-3,2,-4,5,-3,5,-5,6,-5,6,-3,10,-2,10,1,12,0,13,1,15,0,17,2,15,4,19,4,21,5,22,4,20,7,23,6,22,9,25,8,22,5,26,8,25,8,23,6,23,6,24,6,23,4,22,4,21,4,22,3,19,3,19,1,18,0,18,2,18,1,14,0,14,-1,14,-2,14,-2,13,-3,11,-5,11,-6,9,0,0,0,0,0,0,0,0,0,0,0,0,0,0,0,0,0,0,0,0,0,0,14,4,13,4,13,2,13,0,12,0,11,-3,11,-5,10,-6,8,-9,7,-11,8,-12,7,-16,3,-18,3,-18,-1,-19,-2,-23,-5,-26,-5,-24,-9,-27,-10,-27,-11,-26,-17,-29,-17,-28,-22,-27,-22,-25,-25,-23,-24,-24,-29,-22,-28,-19,-33,-18,-32,-12,-38,-10,-35,-8,-35,-2,-36,-1,-36,3,-34,7,-36,12,-33,12,-35,19,-33,22,-25,26,-27,27,-24,31,-22,33,-20,34,-17,38,-13,37,-8,40,-6,41,-9,42,-2,43,-2,44,1,41,1,43,5,40,5,38,0,0]"
CSI_DATA,257,1a:00:00:00:00:00,-50,11,1,0,1,1,1,0,0,0,1,-96,0,11,2,3621131,0,44,0,384,0,"[0,0,0,0,0,0,0,0,0,0,0,0,-6,5,-5,4,-4,4,-4,4,-3,3,-2,2,-1,2,-1,1,-1,0,0,0,0,-1,0,-2,0,-2,0,-3,0,-3,-1,-4,-1,-5,-1,-5,-2,-5,-2,-6,-2,-6,-3,-7,-3,-7,-4,-7,-5,-8,-5,-8,0,0,-6,-8,-6,-9,-6,-9,-7,-9,-6,-9,-6,-9,-6,-9,-6,-9,-6,-9,-6,-9,-5,-9,-5,-8,-4,-8,-5,-8,-4,-8,-4,-8,-3,-7,-3,-7,-2,-7,-2,-6,-2,-6,-1,-6,-1,-6,0,-6,0,-5,1,-5,0,0,0,0,0,0,0,0,0,0,0,0,0,0,5,31,6,28,7,25,5,19,6,20,5,17,6,14,6,12,5,9,5,7,3,4,3,3,2,1,3,-2,-1,-1,-2,-1,-3,-2,-5,-3,-6,-5,-8,-6,-11,-5,-12,-4,-15,-2,-16,-2,-17,-3,-19,-1,-18,-1,-22,-1,-24,-1,-22,1,-23,0,-25,1,-26,1,-27,5,-25,4,-27,2,-26,4,-27,4,-25,1,-25,2,-24,1,-25,0,-24,-1,-24,0,-24,0,-23,-2,-19,-3,-19,-5,-17,-4,-17,-4,-15,-4,-14,-5,-14,-4,-14,-7,-13,-9,-11,-6,-11,-10,0,0,0,0,0,0,0,0,0,0,0,0,0,0,0,0,0,0,0,0,0,0,-6,13,-5,14,-5,14,-3,16,-3,12,0,11,2,13,6,12,7,9,9,8,11,9,15,9,16,6,18,4,22,5,19,5,24,-1,25,-1,27,-5,28,-8,27,-9,29,-13,26,-13,30,-16,31,-18,28,-22,25,-21,25,-25,24,-27,20,-31,16,-28,16,-34,11,-34,8,-35,3,-36,0,-36,-3,-36,-6,-35,-10,-34,-15,-36,-17,-36,-23,-31,-24,-32,-28,-30,-30,-26,-33,-27,-36,-21,-38,-21,-39,-15,-40,-15,-42,-14,-41,-11,-46,-8,-42,-7,-43,-6,-45,-1,-41,1,0,0]"
CSI_DATA,258,1a:00:00:00:00:00,-50,11,1,0,1,1,1,0,0,0,1,-96,0,11,2,3630716,0,44,0,384,0,"[0,0,0,0,0,0,0,0,0,0,0,0,-6,5,-5,4,-5,4,-3,3,-3,3,-2,2,-1,2,-1,2,-1,1,0,-1,0,-1,0,-1,0,-2,0,-2,0,-3,0,-4,0,-4,0,-5,-1,-5,-2,-5,-1,-6,-2,-6,-2,-7,-3,-8,-3,-8,-4,-8,0,0,-4,-8,-5,-9,-5,-9,-6,-9,-5,-9,-5,-9,-4,-10,-4,-8,-4,-9,-4,-9,-4,-9,-3,-8,-3,-8,-3,-8,-3,-8,-2,-7,-2,-7,-2,-6,-1,-6,-1,-6,0,-6,0,-6,0,-6,0,-5,2,-5,1,-4,0,0,0,0,0,0,0,0,0,0,0,0,0,0,-27,16,-27,12,-23,16,-18,13,-16,12,-13,11,-12,12,-10,10,-7,7,-5,8,-3,4,-2,3,0,2,-2,2,2,-1,1,-3,0,-4,1,-6,1,-8,-2,-10,0,-10,0,-12,-1,-13,-3,-14,-3,-15,-5,-18,-7,-18,-7,-19,-6,-22,-12,-24,-11,-21,-10,-24,-10,-22,-11,-24,-12,-22,-12,-27,-12,-26,-15,-26,-10,-26,-10,-22,-11,-26,-10,-23,-9,-22,-7,-25,-4,-22,-6,-20,-4,-19,-4,-19,-2,-18,-1,-17,-1,-17,2,-16,-1,-15,0,-16,4,-13,3,-13,5,-12,0,0,0,0,0,0,0,0,0,0,0,0,0,0,0,0,0,0,0,0,0,0,-18,0,-16,0,-16,3,-15,4,-13,4,-11,5,-11,7,-8,8,-8,10,-5,12,-6,13,-3,15,3,18,1,22,2,22,5,17,9,23,12,22,15,24,15,22,20,22,22,23,22,20,25,21,27,20,29,16,32,15,34,12,30,10,36,7,33,6,39,3,34,-3,34,-8,35,-9,34,-11,31,-18,30,-20,27,-24,28,-26,24,-31,22,-31,20,-37,15,-38,13,-38,6,-43,6,-43,3,-42,0,-44,-4,-45,-4,-42,-9,-45,-8,-45,-10,-41,-14,-44,-17,-40,-13,-40,0,0]"
CSI_DATA,259,1a:00:00:00:00:00,-50,11,1,0,1,1,1,0,0,0,1,-96,0,11,2,3670335,0,44,0,384,0,"[0,0,0,0,0,0,0,0,0,0,0,0,-8,0,-7,1,-6,1,-6,1,-5,1,-4,1,-3,1,-2,1,-1,0,-1,0,0,0,1,-1,1,-1,1,-2,2,-2,2,-3,2,-4,2,-4,2,-5,2,-6,2,-6,2,-7,2,-7,1,-8,1,-9,1,-9,0,0,1,-10,1,-10,1,-11,0,-11,1,-11,1,-11,1,-11,1,-11,1,-11,1,-11,1,-11,1,-10,1,-9,1,-9,2,-8,2,-8,2,-8,2,-7,2,-7,2,-6,3,-6,3,-6,3,-5,3,-5,3,-4,4,-3,0,0,0,0,0,0,0,0,0,0,0,0,0,0,-34,61,-29,53,-22,50,-17,45,-11,39,-11,38,-3,31,-1,29,-3,26,0,18,2,13,1,10,3,10,2,2,1,-3,-1,-5,-2,-6,-4,-7,-4,-13,-8,-18,-8,-17,-15,-18,-18,-23,-18,-20,-19,-25,-27,-26,-23,-26,-34,-23,-39,-24,-37,-24,-42,-23,-42,-26,-39,-27,-46,-25,-49,-22,-41,-32,-45,-25,-47,-27,-45,-30,-46,-29,-43,-28,-42,-29,-42,-28,-38,-26,-36,-25,-31,-28,-29,-27,-29,-28,-26,-24,-21,-29,-22,-24,-16,-23,-14,-26,-16,-27,-9,-27,-11,-25,-3,-24,0,0,0,0,0,0,0,0,0,0,0,0,0,0,0,0,0,0,0,0,0,0,-27,20,-27,14,-24,16,-23,17,-19,22,-14,20,-11,23,-5,22,-3,26,0,28,1,33,13,26,18,30,19,27,25,27,33,30,40,28,38,26,44,22,53,22,55,22,60,20,60,16,64,7,64,0,70,-6,66,-2,60,-12,65,-19,65,-20,58,-30,57,-33,54,-38,53,-46,49,-47,46,-54,42,-64,30,-66,23,-68,13,-73,9,-77,2,-79,0,-76,-12,-82,-17,-76,-30,-81,-34,-79,-36,-71,-44,-76,-50,-73,-56,-73,-61,-62,-61,-65,-62,-60,-72,-56,-62,-49,-63,-50,0,0]"
CSI_DATA,260,1a:00:00:00:00:00,-50,11,1,0,1,1,1,0,0,0,1,-96,0,11,2,3680940,0,44,0,384,0,"[0,0,0,0,0,0,0,0,0,0,0,0,1,-9,0,-8,0,-7,-1,-6,-1,-5,-1,-4,-1,-3,-1,-3,-1,-2,-1,-1,-1,0,-1,0,0,1,0,2,0,2,1,3,2,3,2,3,3,3,3,4,4,4,5,4,5,4,6,4,7,4,7,4,0,0,8,4,8,5,9,4,9,4,9,5,9,5,9,5,8,5,8,5,8,5,8,5,7,5,7,5,6,5,6,5,5,5,5,5,5,5,4,5,4,4,3,5,3,5,2,5,2,5,1,5,0,4,0,0,0,0,0,0,0,0,0,0,0,0,0,0,-62,-37,-49,-32,-50,-24,-45,-17,-41,-17,-38,-13,-33,-11,-30,-11,-25,-1,-17,1,-19,2,-10,-2,-11,0,-5,4,-1,2,4,0,10,0,9,-4,12,-2,16,-8,20,-10,15,-10,24,-15,19,-18,27,-20,28,-21,28,-30,28,-33,29,-30,28,-35,27,-43,27,-41,30,-40,27,-49,29,-45,28,-44,29,-43,29,-47,33,-45,28,-42,29,-40,30,-42,31,-35,32,-36,31,-35,29,-34,27,-30,33,-28,27,-21,32,-25,28,-18,26,-16,26,-13,23,-12,28,-11,26,-5,26,-1,0,0,0,0,0,0,0,0,0,0,0,0,0,0,0,0,0,0,0,0,0,0,-16,-31,-15,-28,-15,-26,-14,-25,-16,-22,-24,-18,-22,-12,-24,-8,-28,-2,-29,0,-31,5,-30,13,-32,17,-33,19,-31,23,-30,29,-34,37,-34,37,-29,45,-27,51,-27,49,-25,60,-20,60,-14,62,-11,66,-3,67,1,68,3,73,9,68,20,73,25,59,32,64,37,60,44,53,50,57,52,48,56,40,68,32,67,27,76,24,75,19,75,3,79,3,78,-9,79,-15,86,-25,77,-26,79,-34,78,-43,78,-45,72,-48,69,-56,74,-62,58,-59,68,-69,57,-63,52,-60,0,0]"
CSI_DATA,261,1a:00:00:00:00:00,-50,11,1,0,1,1,1,0,0,0,1,-96,0,11,2,3692546,0,44,0,384,0,"[0,0,0,0,0,0,0,0,0,0,0,0,8,1,7,0,6,-1,5,-1,4,-1,3,-1,2,-2,1,-2,1,-1,0,-1,-1,-1,-1,-1,-2,0,-2,0,-3,1,-3,1,-4,2,-4,2,-4,3,-4,4,-4,4,-4,5,-4,5,-4,6,-4,7,-4,8,0,0,-4,8,-4,9,-4,9,-4,9,-4,9,-4,9,-4,9,-4,9,-4,9,-4,9,-5,9,-5,8,-5,7,-5,7,-5,7,-5,7,-5,6,-4,6,-5,5,-4,4,-5,4,-5,4,-5,3,-5,3,-5,2,-5,1,0,0,0,0,0,0,0,0,0,0,0,0,0,0,49,-46,44,-39,33,-41,30,-41,23,-37,18,-32,15,-31,13,-31,8,-22,6,-18,-3,-17,-1,-20,-3,-9,1,-4,0,-4,-1,2,0,9,-2,5,-2,8,4,15,5,23,4,22,9,22,11,24,5,22,16,29,15,35,22,33,24,35,24,34,29,36,26,40,31,37,29,39,34,38,29,41,31,42,28,41,28,41,28,41,25,42,28,37,23,41,23,40,24,36,19,36,14,36,10,35,10,32,13,32,7,33,10,29,3,29,-3,28,1,27,-3,28,-4,25,0,0,0,0,0,0,0,0,0,0,0,0,0,0,0,0,0,0,0,0,0,0,32,-13,27,-12,25,-13,25,-14,26,-17,19,-13,12,-20,12,-23,10,-24,4,-27,1,-30,-8,-30,-10,-32,-14,-35,-18,-33,-22,-40,-29,-33,-33,-38,-36,-34,-39,-33,-45,-33,-52,-33,-52,-25,-60,-23,-62,-23,-69,-10,-66,-15,-69,-8,-65,2,-66,13,-66,13,-66,20,-66,24,-60,27,-60,37,-55,42,-50,43,-49,53,-39,59,-37,68,-33,69,-17,73,-14,75,-7,83,-4,74,4,85,11,82,15,80,20,81,24,83,32,83,37,78,36,79,46,68,45,71,50,65,50,65,0,0]"
CSI_DATA,262,1a:00:00:00:00:00,-50,11,1,0,1,1,1,0,0,0,1,-96,0,11,2,3700228,0,44,0,384,0,"[0,0,0,0,0,0,0,0,0,0,0,0,-6,-7,-6,-5,-6,-4,-5,-4,-5,-3,-4,-2,-3,-2,-3,-1,-2,-1,-1,0,-1,0,0,0,1,0,1,0,2,0,3,0,3,0,4,0,4,-1,5,-1,5,-1,6,-2,6,-2,7,-3,7,-3,7,-4,0,0,8,-4,9,-5,9,-5,9,-5,9,-5,9,-5,9,-5,9,-5,9,-5,9,-4,9,-4,9,-3,8,-3,8,-3,8,-2,7,-2,7,-2,7,-1,6,-1,6,-1,6,0,5,0,5,0,5,1,4,1,4,2,0,0,0,0,0,0,0,0,0,0,0,0,0,0,-33,9,-30,6,-26,12,-25,9,-18,10,-19,9,-14,9,-13,9,-9,9,-7,8,-8,6,-5,3,-2,3,-1,2,0,0,3,1,3,-5,5,-4,3,-5,4,-7,3,-14,3,-12,1,-11,2,-15,0,-16,1,-18,-2,-18,-3,-17,-1,-22,-3,-23,-5,-22,-6,-26,-6,-26,-4,-25,-6,-25,-5,-26,-7,-27,-9,-29,-6,-25,-7,-26,-3,-28,-4,-27,-3,-25,-2,-23,-2,-24,0,-23,-1,-21,-1,-19,1,-19,2,-19,2,-18,2,-17,2,-15,6,-14,6,-13,5,-13,6,-11,0,0,0,0,0,0,0,0,0,0,0,0,0,0,0,0,0,0,0,0,0,0,-18,-6,-16,-5,-17,-2,-15,-2,-15,-1,-13,3,-13,4,-10,5,-10,8,-8,11,-9,14,-5,14,-6,16,-4,20,-2,19,0,21,3,22,2,23,8,24,7,25,9,26,14,28,16,25,20,27,21,25,23,21,23,21,25,18,26,21,31,15,30,14,34,10,36,6,32,2,38,-1,35,-5,33,-10,34,-15,32,-16,31,-21,29,-22,26,-27,30,-29,23,-34,20,-34,18,-40,16,-39,13,-41,10,-40,8,-45,5,-43,2,-46,3,-45,-3,-46,-3,-48,-7,-42,-6,-41,0,0]"
CSI_DATA,263,1a:00:00:00:00:00,-50,11,1,0,1,1,1,0,0,0,1,-96,0,11,2,3713076,0,44,0,384,0,"[0,0,0,0,0,0,0,0,0,0,0,0,3,-8,2,-8,2,-7,1,-6,0,-5,0,-5,-1,-4,-1,-3,-1,-2,-1,-1,-1,-1,-1,0,-1,1,-1,1,0,2,0,3,0,3,1,3,1,4,2,4,2,5,3,5,3,5,5,5,5,6,6,6,0,0,7,6,7,7,7,7,7,7,7,7,7,7,7,7,7,7,7,7,7,7,7,7,6,7,6,6,5,7,5,7,4,6,4,6,3,6,3,6,2,5,2,6,1,5,1,5,1,5,0,5,-1,5,0,0,0,0,0,0,0,0,0,0,0,0,0,0,-24,-64,-26,-55,-29,-53,-25,-40,-25,-38,-25,-30,-25,-27,-25,-24,-18,-22,-20,-17,-21,-9,-12,-2,-14,1,-7,-3,-3,1,1,3,2,6,10,8,11,8,14,6,18,7,17,2,21,3,27,5,29,2,33,-1,36,-1,34,-6,44,-3,41,-8,45,-3,47,-11,47,-12,51,-10,51,-16,51,-14,51,-10,51,-12,56,-6,49,-11,50,-8,47,-7,45,-4,48,-5,45,-4,45,-4,41,2,38,0,38,4,35,8,34,6,29,9,31,6,25,13,28,10,25,13,20,18,0,0,0,0,0,0,0,0,0,0,0,0,0,0,0,0,0,0,0,0,0,0,-1,-36,1,-36,0,-31,-2,-33,-6,-25,-11,-24,-9,-21,-15,-17,-22,-19,-24,-10,-25,-13,-32,-6,-34,1,-36,-1,-39,7,-43,7,-46,17,-46,14,-45,27,-49,27,-47,33,-47,39,-48,42,-45,46,-46,47,-34,56,-41,57,-29,61,-26,57,-16,66,-16,62,-8,72,-2,68,7,67,11,67,18,67,22,65,33,61,40,62,50,59,54,59,61,43,65,49,69,38,71,34,71,24,77,25,85,12,85,11,81,2,88,4,90,-7,94,-6,86,-12,90,-15,85,-22,79,-19,0,0]"
CSI_DATA,264,1a:00:00:00:00:00,-50,11,1,0,1,1,1,0,0,0,1,-96,0,11,2,3720264,0,44,0,384,0,"[0,0,0,0,0,0,0,0,0,0,0,0,-9,-1,-8,0,-7,1,-6,1,-5,1,-4,1,-3,1,-3,1,-2,1,-1,0,-1,0,0,0,1,-1,1,-1,2,-1,2,-2,2,-3,2,-3,2,-4,3,-5,3,-5,3,-6,3,-6,2,-7,3,-8,2,-9,0,0,2,-10,3,-10,3,-10,2,-10,3,-10,3,-11,3,-11,3,-10,3,-10,3,-10,3,-10,3,-9,3,-9,3,-9,4,-8,4,-7,3,-7,3,-7,4,-6,4,-6,4,-5,4,-4,4,-4,4,-4,4,-3,4,-2,0,0,0,0,0,0,0,0,0,0,0,0,0,0,-37,58,-31,50,-24,51,-21,46,-17,41,-9,41,-8,34,-8,32,-2,26,0,26,2,15,0,14,5,11,1,2,3,-2,4,-5,-1,-9,-5,-6,0,-9,-5,-15,-6,-18,-8,-17,-13,-23,-17,-20,-20,-26,-23,-24,-28,-25,-30,-30,-36,-29,-35,-32,-37,-29,-40,-28,-38,-27,-47,-35,-47,-34,-47,-33,-46,-39,-47,-33,-40,-36,-38,-32,-36,-36,-38,-35,-39,-34,-37,-34,-32,-33,-28,-35,-29,-33,-24,-31,-20,-32,-19,-26,-13,-32,-16,-28,-15,-29,-8,-30,-7,-25,-5,-27,-1,-26,0,0,0,0,0,0,0,0,0,0,0,0,0,0,0,0,0,0,0,0,0,0,-33,11,-28,13,-24,15,-22,14,-18,16,-16,22,-13,23,-9,22,-5,28,0,29,6,29,12,25,16,27,20,30,20,31,26,31,40,31,39,26,46,23,48,22,52,22,56,16,58,17,65,9,66,5,67,0,60,-2,67,-8,67,-14,67,-21,60,-27,62,-35,61,-39,51,-41,50,-52,44,-53,39,-57,35,-65,29,-68,19,-73,16,-73,3,-74,0,-84,-11,-83,-14,-83,-25,-78,-31,-81,-38,-80,-37,-74,-50,-77,-48,-75,-57,-70,-58,-71,-58,-68,-69,-66,-70,-57,-62,-55,0,0]"
CSI_DATA,265,1a:00:00:00:00:00,-50,11,1,0,1,1,1,0,0,0,1,-96,0,11,2,3730255,0,44,0,384,0,"[0,0,0,0,0,0,0,0,0,0,0,0,-4,8,-3,7,-2,6,-1,5,-1,5,0,4,0,3,0,2,0,1,0,0,0,0,0,-1,0,-2,-1,-2,-1,-3,-1,-3,-2,-4,-2,-4,-3,-4,-4,-5,-4,-5,-5,-5,-5,-6,-6,-6,-6,-6,-7,-6,0,0,-8,-6,-8,-6,-9,-6,-9,-7,-9,-7,-9,-7,-9,-6,-9,-6,-9,-7,-8,-7,-8,-7,-7,-7,-7,-7,-7,-7,-6,-7,-6,-7,-6,-7,-5,-6,-5,-6,-4,-6,-4,-6,-3,-6,-3,-6,-2,-6,-1,-6,-1,-5,0,0,0,0,0,0,0,0,0,0,0,0,0,0,53,51,47,37,44,36,42,30,41,24,37,20,29,9,35,12,30,6,23,5,21,1,13,0,13,-3,8,-4,4,-4,-2,-6,-5,-8,-9,-4,-13,1,-12,-3,-17,-1,-21,4,-18,2,-25,7,-27,7,-33,11,-32,13,-37,11,-38,22,-40,23,-41,25,-39,22,-40,30,-44,30,-47,28,-51,27,-42,30,-43,29,-49,29,-40,25,-43,21,-46,25,-40,23,-47,21,-43,17,-42,15,-41,16,-37,12,-33,7,-31,9,-35,6,-33,6,-29,5,-29,0,-25,-5,-28,-5,-22,-12,0,0,0,0,0,0,0,0,0,0,0,0,0,0,0,0,0,0,0,0,0,0,13,30,13,27,12,23,15,23,18,20,20,21,24,12,23,10,28,7,22,-1,24,-3,28,-9,28,-17,30,-20,34,-21,30,-26,29,-39,34,-36,26,-42,28,-46,28,-45,27,-55,20,-55,18,-61,11,-65,10,-66,6,-68,-1,-72,-5,-68,-13,-71,-15,-61,-26,-69,-37,-64,-35,-58,-39,-56,-49,-53,-54,-48,-59,-43,-63,-36,-74,-34,-73,-28,-80,-21,-80,-10,-83,-9,-79,5,-80,5,-82,13,-82,21,-82,26,-80,32,-82,34,-80,44,-83,47,-70,45,-79,48,-74,55,-63,56,0,0]"
CSI_DATA,266,1a:00:00:00:00:00,-50,11,1,0,1,1,1,0,0,0,1,-96,0,11,2,3740292,0,44,0,384,0,"[0,0,0,0,0,0,0,0,0,0,0,0,-4,8,-3,7,-2,6,-2,6,-1,5,-1,4,0,3,0,2,0,2,0,1,0,0,0,-1,0,-2,0,-2,-1,-3,-1,-3,-1,-4,-2,-4,-2,-5,-3,-5,-3,-5,-4,-6,-4,-6,-6,-6,-6,-7,-6,-7,0,0,-7,-7,-8,-7,-8,-8,-8,-7,-8,-8,-8,-8,-8,-8,-8,-8,-8,-8,-8,-8,-7,-8,-7,-8,-6,-8,-6,-8,-5,-8,-5,-7,-5,-7,-4,-7,-4,-7,-4,-6,-3,-7,-2,-6,-2,-6,-1,-6,-1,-6,0,-6,0,0,0,0,0,0,0,0,0,0,0,0,0,0,37,56,34,47,37,42,35,39,34,30,30,29,31,22,29,18,22,12,20,10,19,2,17,2,10,3,7,-3,7,-2,-2,-3,-4,-7,-9,-5,-9,-8,-16,-2,-15,-1,-21,-2,-24,2,-24,4,-30,3,-31,6,-32,6,-39,9,-37,11,-41,16,-38,18,-49,18,-45,15,-48,25,-41,26,-51,22,-50,24,-47,22,-53,19,-52,20,-44,17,-48,12,-46,14,-47,9,-45,7,-44,10,-44,10,-39,4,-38,8,-36,0,-35,0,-33,1,-30,-1,-28,-5,-29,-5,-25,-9,-22,-15,0,0,0,0,0,0,0,0,0,0,0,0,0,0,0,0,0,0,0,0,0,0,9,27,8,31,7,24,14,26,8,27,16,22,12,14,21,12,23,13,19,5,27,2,29,-1,32,-8,36,-12,35,-18,35,-21,37,-33,34,-26,32,-36,32,-41,36,-46,37,-51,31,-51,26,-62,22,-60,12,-64,12,-61,12,-69,5,-64,0,-75,-8,-62,-10,-78,-18,-69,-25,-66,-29,-68,-38,-60,-39,-60,-52,-56,-57,-44,-67,-42,-67,-43,-73,-32,-75,-29,-77,-18,-81,-11,-90,-7,-89,-4,-83,3,-85,11,-92,13,-86,20,-82,28,-86,31,-81,34,-79,41,-81,47,-73,38,0,0]"
CSI_DATA,267,1a:00:00:00:00:00,-50,11,1,0,1,1,1,0,0,0,1,-96,0,11,2,3750457,0,44,0,384,0,"[0,0,0,0,0,0,0,0,0,0,0,0,3,-9,2,-8,1,-7,1,-7,0,-6,0,-5,-1,-4,-1,-3,-1,-3,-1,-2,-1,-1,-1,0,-1,0,-1,1,0,2,0,2,0,3,1,3,2,4,2,4,3,4,3,5,3,5,4,5,5,6,5,6,0,0,7,6,7,6,7,6,8,6,7,6,8,7,8,6,7,6,8,7,7,7,7,7,6,7,6,7,5,6,5,6,5,6,4,6,4,6,3,6,3,5,2,5,2,5,1,5,1,5,0,5,-1,5,0,0,0,0,0,0,0,0,0,0,0,0,0,0,-34,-64,-35,-54,-38,-47,-36,-42,-29,-34,-30,-32,-27,-24,-26,-22,-27,-17,-19,-14,-19,-7,-19,-4,-11,-4,-9,-2,-6,1,-2,3,5,7,5,5,10,6,13,4,17,3,16,3,21,-1,24,-1,30,-4,32,-3,35,-9,36,-12,42,-11,45,-16,43,-12,42,-18,44,-16,47,-22,47,-22,50,-16,50,-20,49,-20,50,-12,49,-14,45,-13,52,-10,47,-13,48,-13,45,-8,43,-8,40,-5,41,-2,35,-6,36,0,35,1,32,3,31,2,25,2,28,8,22,12,25,14,0,0,0,0,0,0,0,0,0,0,0,0,0,0,0,0,0,0,0,0,0,0,-4,-35,1,-29,-2,-29,-7,-29,-5,-26,-14,-23,-11,-22,-18,-16,-21,-16,-24,-9,-31,-10,-31,-4,-32,0,-37,4,-37,10,-39,11,-39,19,-41,17,-39,31,-39,31,-37,40,-41,44,-39,43,-36,51,-36,50,-30,59,-26,57,-20,62,-18,65,-12,64,-5,68,2,74,4,68,16,66,17,65,24,64,30,61,39,59,46,55,56,52,58,50,67,36,66,39,77,30,70,23,82,21,85,12,84,5,89,3,90,-4,88,-8,91,-17,93,-21,83,-24,87,-26,84,-34,83,-31,0,0]"
CSI_DATA,268,1a:00:00:00:00:00,-50,11,1,0,1,1,1,0,0,0,1,-96,0,11,2,3760785,0,44,0,384,0,"[0,0,0,0,0,0,0,0,0,0,0,0,9,-2,7,-2,6,-3,6,-3,5,-3,4,-3,3,-3,2,-2,1,-2,0,-2,0,-1,-1,-1,-1,0,-2,0,-2,0,-2,2,-2,2,-3,3,-3,3,-3,4,-3,5,-3,5,-3,6,-2,7,-2,7,-2,8,0,0,-2,9,-2,9,-1,10,-1,10,-1,10,-2,10,-1,10,-2,10,-2,10,-2,10,-2,10,-3,9,-3,8,-3,8,-3,8,-3,8,-3,7,-3,7,-3,6,-3,6,-4,5,-4,5,-4,4,-4,4,-5,3,-5,2,0,0,0,0,0,0,0,0,0,0,0,0,0,0,18,-71,17,-62,8,-60,8,-52,5,-52,-1,-40,-2,-39,-7,-33,-7,-31,-9,-24,-7,-21,-12,-14,-7,-11,-7,-9,-5,-5,-5,-2,-3,2,0,4,-4,7,1,10,8,13,13,16,16,15,21,19,22,20,25,22,22,22,29,23,36,21,38,16,32,22,42,26,44,23,42,22,44,23,45,21,41,27,51,28,48,27,40,33,40,28,42,33,38,33,36,29,34,32,36,30,32,30,26,28,23,28,26,25,19,30,17,28,18,28,13,28,8,28,6,24,1,24,0,0,0,0,0,0,0,0,0,0,0,0,0,0,0,0,0,0,0,0,0,0,19,-25,17,-22,11,-28,13,-23,6,-26,6,-26,0,-24,-3,-22,-8,-22,-10,-22,-17,-21,-22,-18,-25,-17,-29,-22,-33,-17,-38,-13,-47,-10,-47,-9,-46,-5,-55,-2,-55,2,-58,8,-63,13,-60,15,-60,19,-59,27,-60,25,-56,33,-53,36,-53,47,-44,42,-49,58,-40,60,-31,60,-28,69,-23,66,-14,63,-7,70,-3,72,9,75,13,74,18,76,31,73,37,75,38,69,48,62,50,62,63,61,65,54,71,59,72,54,77,46,82,50,81,43,89,42,80,32,81,32,0,0]"
CSI_DATA,269,1a:00:00:00:00:00,-50,11,1,0,1,1,1,0,0,0,1,-96,0,11,2,3770272,0,44,0,384,0,"[0,0,0,0,0,0,0,0,0,0,0,0,2,-10,1,-9,0,-8,0,-7,0,-6,-1,-5,-1,-5,-1,-4,-1,-3,-1,-2,-1,-1,-1,-1,-1,0,0,1,0,1,0,2,1,2,1,3,2,3,3,3,3,4,4,4,4,4,5,4,6,5,6,5,0,0,7,5,8,5,8,5,8,5,8,5,8,6,8,6,8,6,8,6,8,6,7,6,7,6,6,6,6,6,5,6,5,6,5,6,4,5,4,5,3,5,3,5,2,5,2,5,1,5,0,5,0,5,0,0,0,0,0,0,0,0,0,0,0,0,0,0,-42,-62,-37,-56,-39,-50,-40,-44,-34,-37,-34,-29,-33,-18,-29,-21,-31,-13,-25,-15,-20,-6,-18,-10,-12,2,-9,1,-11,0,-1,-1,-2,4,10,1,6,0,11,0,20,1,19,0,23,-5,24,-8,23,-6,37,-9,35,-7,41,-12,33,-12,44,-19,44,-23,42,-25,48,-23,49,-30,46,-27,51,-24,50,-24,49,-23,51,-23,49,-28,49,-20,54,-12,49,-16,47,-14,44,-13,42,-12,40,-8,42,-10,37,-3,36,-5,35,-4,34,-2,32,-2,28,6,29,4,29,7,24,9,0,0,0,0,0,0,0,0,0,0,0,0,0,0,0,0,0,0,0,0,0,0,0,-34,0,-32,-2,-30,-4,-29,-8,-27,-13,-22,-15,-21,-19,-21,-25,-11,-21,-10,-24,-7,-26,-3,-33,1,-38,5,-36,8,-42,14,-44,26,-41,23,-41,30,-39,37,-46,41,-40,45,-38,49,-32,56,-36,59,-27,61,-25,59,-21,66,-15,69,-9,74,-1,66,5,77,11,67,17,69,19,72,34,65,38,62,48,60,50,51,61,52,61,47,73,38,76,34,81,27,77,19,83,4,82,7,90,-3,89,-10,91,-11,90,-19,92,-27,95,-29,84,-34,92,-38,85,-38,82,-47,0,0]"
CSI_DATA,270,1a:00:00:00:00:00,-50,11,1,0,1,1,1,0,0,0,1,-96,0,11,2,3791315,0,44,0,384,0,"[0,0,0,0,0,0,0,0,0,0,0,0,-6,-8,-6,-7,-6,-6,-5,-5,-5,-4,-4,-4,-4,-3,-3,-2,-3,-2,-2,-1,-2,-1,-1,0,0,0,0,0,1,0,2,0,2,0,3,0,4,0,4,0,5,0,6,-1,6,-1,7,-2,7,-2,7,-2,0,0,8,-3,9,-3,9,-3,10,-4,9,-3,10,-3,10,-3,10,-3,9,-3,9,-3,9,-2,9,-2,9,-2,8,-1,8,-1,8,-1,7,-1,7,0,7,0,6,0,6,1,5,1,5,1,5,2,4,2,3,2,0,0,0,0,0,0,0,0,0,0,0,0,0,0,-37,3,-34,2,-30,8,-29,6,-25,7,-20,6,-19,10,-18,9,-12,9,-11,6,-10,7,-6,6,-4,4,-3,4,-3,0,0,1,2,-1,4,-1,3,-2,4,-3,6,-8,5,-7,4,-11,5,-14,3,-15,5,-14,5,-17,3,-17,3,-18,1,-22,3,-23,2,-25,4,-24,4,-26,2,-27,4,-26,4,-27,4,-29,4,-27,5,-24,4,-26,6,-25,7,-23,7,-24,7,-20,7,-22,7,-20,8,-18,8,-17,8,-17,9,-17,7,-16,10,-13,9,-10,10,-11,11,-8,12,-6,0,0,0,0,0,0,0,0,0,0,0,0,0,0,0,0,0,0,0,0,0,0,-16,-7,-14,-4,-15,-2,-16,-2,-12,0,-13,2,-11,2,-11,5,-7,6,-9,8,-8,9,-7,12,-5,15,-4,17,-3,17,0,20,3,20,3,23,7,23,7,21,9,23,16,26,17,24,16,23,22,26,22,22,23,20,24,18,27,19,32,16,29,14,32,10,35,11,34,4,35,1,36,-4,34,-6,35,-10,34,-14,34,-16,31,-19,30,-25,28,-28,28,-29,25,-33,22,-39,19,-36,17,-40,16,-39,16,-44,12,-46,8,-43,9,-44,7,-44,3,-49,2,-46,1,-46,0,0]"
CSI_DATA,271,1a:00:00:00:00:00,-50,11,1,0,1,1,1,0,0,0,1,-96,0,11,2,3800281,0,44,0,384,0,"[0,0,0,0,0,0,0,0,0,0,0,0,-7,6,-6,6,-5,6,-4,5,-4,5,-3,4,-2,4,-1,3,-1,2,-1,1,0,1,0,0,0,-1,0,-1,0,-2,0,-3,0,-3,-1,-4,-1,-5,-2,-5,-2,-6,-2,-6,-3,-7,-3,-7,-4,-8,-4,-8,0,0,-5,-9,-5,-9,-6,-9,-6,-10,-6,-9,-6,-10,-6,-10,-6,-10,-6,-10,-5,-10,-5,-10,-4,-9,-4,-9,-4,-9,-3,-9,-3,-9,-3,-8,-3,-8,-2,-8,-2,-7,-1,-7,-1,-7,0,-7,0,-6,1,-6,1,-5,0,0,0,0,0,0,0,0,0,0,0,0,0,0,10,33,9,30,13,28,13,25,12,21,13,20,10,17,13,14,12,8,11,8,6,5,7,4,4,2,5,2,5,1,1,-1,-2,-3,-3,-2,-5,-2,-8,-6,-8,-3,-10,-3,-10,-2,-12,-3,-13,0,-16,-2,-17,-3,-22,-2,-20,1,-22,2,-22,2,-23,2,-22,3,-28,6,-26,1,-29,3,-27,4,-25,4,-26,3,-25,5,-25,3,-24,2,-26,1,-29,2,-22,-2,-24,0,-22,-1,-20,-3,-19,-4,-19,-3,-17,-4,-17,-5,-16,-4,-14,-6,-14,-8,-12,-8,-10,-11,0,0,0,0,0,0,0,0,0,0,0,0,0,0,0,0,0,0,0,0,0,0,-3,14,-3,15,-1,11,-2,16,1,11,1,11,3,9,7,9,6,7,9,5,11,5,11,4,14,1,15,0,18,-4,21,-3,19,-9,22,-7,22,-11,20,-13,21,-15,23,-18,19,-20,22,-25,22,-27,20,-26,20,-26,15,-31,16,-30,10,-33,6,-31,5,-38,2,-36,-3,-36,-7,-37,-9,-35,-13,-36,-15,-34,-19,-34,-22,-31,-25,-30,-31,-27,-34,-25,-36,-22,-37,-19,-42,-18,-41,-13,-43,-12,-45,-7,-44,-7,-44,-5,-47,-3,-48,2,-46,4,-49,5,-47,9,-43,9,0,0]"
CSI_DATA,272,1a:00:00:00:00:00,-50,11,1,0,1,1,1,0,0,0,1,-96,0,11,2,3820269,0,44,0,384,0,"[0,0,0,0,0,0,0,0,0,0,0,0,9,0,8,0,7,-1,7,-1,6,-2,4,-2,4,-2,3,-2,2,-2,1,-2,0,-1,0,-1,-1,-1,-1,0,-2,0,-2,1,-3,1,-3,2,-3,2,-4,3,-4,3,-4,4,-4,5,-4,6,-4,6,-4,7,0,0,-4,8,-4,8,-4,9,-4,9,-4,9,-4,9,-4,9,-4,9,-4,9,-5,9,-5,9,-5,8,-5,8,-5,7,-5,7,-5,6,-5,6,-5,6,-5,5,-5,5,-5,4,-5,4,-5,3,-5,3,-5,2,-5,1,0,0,0,0,0,0,0,0,0,0,0,0,0,0,42,-64,37,-57,27,-57,24,-52,14,-47,15,-41,7,-45,3,-43,3,-34,0,-26,-4,-24,-2,-19,-4,-15,-2,-10,-1,-9,-6,-1,-4,-2,0,2,-2,9,3,10,7,13,6,11,12,11,16,18,18,20,19,25,25,24,26,20,25,23,29,25,36,23,39,31,37,28,42,26,45,30,40,30,36,29,43,28,42,29,43,33,36,32,37,33,35,32,35,31,31,33,32,31,30,30,29,28,22,28,20,26,16,24,18,24,16,28,13,28,12,23,4,23,2,27,0,0,0,0,0,0,0,0,0,0,0,0,0,0,0,0,0,0,0,0,0,0,28,-9,28,-5,29,-10,22,-10,19,-14,15,-11,16,-14,10,-20,8,-21,3,-23,-1,-21,-5,-26,-5,-26,-16,-28,-21,-31,-31,-33,-34,-32,-33,-28,-33,-23,-42,-26,-50,-25,-50,-23,-60,-16,-58,-13,-59,-15,-62,-4,-64,-3,-68,5,-63,7,-63,17,-60,19,-62,29,-58,31,-56,40,-52,44,-46,52,-44,51,-40,57,-31,62,-24,68,-19,69,-6,76,-6,78,3,81,8,77,22,80,23,83,30,75,37,79,43,79,47,72,53,73,59,73,60,65,70,64,65,62,64,59,0,0]"
CSI_DATA,273,1a:00:00:00:00:00,-50,11,1,0,1,1,1,0,0,0,1,-96,0,11,2,3830389,0,44,0,384,0,"[0,0,0,0,0,0,0,0,0,0,0,0,-7,7,-6,6,-4,6,-4,5,-3,5,-2,4,-2,4,-1,3,-1,2,-1,1,0,1,0,0,0,-1,0,-1,0,-2,0,-3,-1,-3,-1,-4,-2,-4,-2,-5,-2,-5,-3,-6,-3,-6,-4,-6,-4,-7,-5,-7,0,0,-6,-8,-6,-8,-6,-8,-7,-8,-6,-8,-7,-8,-7,-8,-7,-8,-7,-9,-6,-9,-6,-9,-5,-8,-5,-8,-5,-8,-4,-8,-4,-8,-4,-7,-4,-7,-3,-7,-3,-6,-2,-7,-2,-6,-1,-6,-1,-6,0,-6,0,-5,0,0,0,0,0,0,0,0,0,0,0,0,0,0,8,37,7,34,10,30,10,26,10,24,8,22,9,18,14,15,10,11,9,11,9,10,7,5,5,4,2,1,3,1,1,-2,0,-3,-1,-2,-3,-3,-5,-4,-9,-5,-7,-3,-10,-1,-15,0,-12,-2,-15,-2,-17,1,-20,0,-18,1,-22,2,-20,3,-25,4,-24,2,-27,7,-23,5,-27,3,-28,4,-27,4,-27,3,-25,3,-26,2,-28,2,-26,1,-24,-1,-23,0,-22,1,-22,2,-21,0,-19,-1,-19,-2,-17,-3,-17,-2,-14,-4,-15,-5,-15,-6,-15,-9,-9,-9,0,0,0,0,0,0,0,0,0,0,0,0,0,0,0,0,0,0,0,0,0,0,-8,13,-7,12,-6,10,-5,11,-5,12,-2,11,-1,10,3,10,5,9,7,9,10,6,12,7,14,6,15,4,18,2,18,1,22,0,20,1,22,-5,23,-8,24,-10,26,-13,24,-13,27,-17,25,-20,24,-23,24,-23,22,-26,18,-25,17,-31,13,-29,11,-36,7,-37,3,-34,2,-38,-1,-37,-4,-35,-7,-37,-12,-37,-19,-36,-21,-35,-26,-31,-28,-30,-32,-28,-35,-26,-36,-23,-41,-19,-42,-17,-42,-13,-44,-11,-47,-10,-47,-8,-52,-6,-47,-3,-48,-1,-45,0,-45,0,0,0]"
CSI_DATA,274,1a:00:00:00:00:00,-50,11,1,0,1,1,1,0,0,0,1,-96,0,11,2,3840286,0,44,0,384,0,"[0,0,0,0,0,0,0,0,0,0,0,0,2,-10,1,-9,0,-8,0,-8,0,-7,-1,-6,-1,-5,-1,-4,-1,-3,-1,-2,-1,-2,-1,-1,-1,0,0,0,0,1,0,2,1,2,1,2,2,3,3,3,3,3,4,3,4,4,5,4,6,4,6,4,0,0,8,4,8,4,9,4,9,4,9,5,9,4,9,4,9,4,9,4,8,5,8,5,7,5,7,5,7,5,6,5,6,5,6,5,5,5,5,5,4,4,4,5,3,4,3,5,2,5,1,5,1,4,0,0,0,0,0,0,0,0,0,0,0,0,0,0,-52,-57,-49,-47,-48,-39,-51,-35,-42,-32,-41,-26,-40,-19,-35,-17,-34,-12,-28,-9,-23,-6,-23,-3,-18,-3,-12,2,-8,-2,-1,1,2,0,2,3,6,-1,12,-4,11,-3,16,0,19,-10,24,-11,22,-16,30,-16,25,-18,31,-16,32,-22,35,-21,33,-21,40,-29,40,-30,36,-40,36,-32,41,-29,40,-35,42,-35,42,-32,44,-33,40,-29,39,-28,40,-24,44,-26,42,-21,40,-24,37,-21,32,-16,32,-16,34,-10,31,-8,31,-12,31,-7,29,-6,30,1,26,2,23,7,0,0,0,0,0,0,0,0,0,0,0,0,0,0,0,0,0,0,0,0,0,0,-4,-30,-4,-28,-7,-27,-14,-29,-9,-22,-12,-20,-13,-18,-19,-13,-24,-9,-22,-2,-25,3,-32,3,-31,9,-29,10,-34,16,-35,21,-33,31,-34,24,-32,36,-28,43,-27,42,-28,52,-23,54,-22,58,-20,61,-6,61,-10,64,-4,68,3,65,7,67,14,66,18,72,24,62,29,58,37,64,47,57,49,50,58,46,58,41,73,37,68,35,70,22,83,16,82,9,82,1,81,-8,85,-12,86,-18,86,-25,85,-29,85,-34,84,-45,88,-44,79,-44,81,-52,73,-56,73,-51,0,0]"
CSI_DATA,275,1a:00:00:00:00:00,-50,11,1,0,1,1,1,0,0,0,1,-96,0,11,2,3860483,0,44,0,384,0,"[0,0,0,0,0,0,0,0,0,0,0,0,-3,8,-2,8,-2,7,-1,6,-1,5,-1,4,0,4,0,3,0,2,0,1,0,1,0,0,0,-1,-1,-1,-1,-2,-1,-2,-2,-3,-2,-3,-3,-3,-3,-4,-4,-4,-4,-4,-4,-5,-5,-5,-6,-5,-6,-5,0,0,-7,-5,-8,-6,-8,-6,-8,-6,-8,-6,-8,-6,-8,-6,-8,-6,-8,-6,-8,-7,-7,-7,-7,-7,-7,-6,-6,-6,-6,-6,-5,-6,-5,-6,-5,-6,-4,-6,-4,-6,-3,-6,-3,-6,-3,-6,-2,-6,-1,-6,-1,-5,0,0,0,0,0,0,0,0,0,0,0,0,0,0,47,51,47,44,46,43,43,35,40,33,42,28,35,19,34,13,29,16,22,7,21,5,18,6,18,2,9,0,4,-3,4,-4,-2,-1,-5,-2,-7,-3,-8,-4,-18,-2,-15,1,-22,1,-26,6,-23,6,-29,9,-29,13,-35,15,-38,11,-36,19,-33,22,-39,27,-37,24,-44,26,-43,28,-45,24,-48,25,-44,28,-46,23,-47,24,-41,24,-44,23,-44,22,-45,15,-41,17,-45,14,-39,10,-37,10,-34,10,-35,6,-33,5,-30,-1,-27,3,-30,-2,-31,1,-27,-5,-26,-9,0,0,0,0,0,0,0,0,0,0,0,0,0,0,0,0,0,0,0,0,0,0,8,30,7,28,9,22,7,25,10,18,10,16,17,12,16,9,18,10,22,2,21,0,26,-5,29,-14,28,-13,27,-15,27,-19,29,-33,31,-30,28,-37,31,-37,25,-41,26,-49,21,-52,19,-60,19,-60,11,-61,9,-66,3,-70,2,-63,-11,-74,-14,-60,-17,-71,-22,-64,-32,-56,-36,-57,-44,-55,-51,-49,-58,-44,-54,-45,-67,-38,-68,-31,-77,-26,-76,-18,-82,-12,-85,-6,-81,3,-83,9,-83,10,-85,22,-82,24,-85,31,-88,34,-90,41,-82,43,-83,44,-79,48,-75,54,0,0]"
CSI_DATA,276,1a:00:00:00:00:00,-50,11,1,0,1,1,1,0,0,0,1,-96,0,11,2,3870461,0,44,0,384,0,"[0,0,0,0,0,0,0,0,0,0,0,0,9,4,8,3,7,2,7,1,6,1,5,0,4,0,3,-1,2,-1,2,-1,1,-1,0,-1,-1,-1,-1,-1,-2,0,-3,0,-3,1,-3,1,-4,2,-5,2,-5,2,-5,3,-5,3,-6,4,-6,5,-6,6,0,0,-6,7,-7,7,-7,7,-7,8,-7,7,-7,8,-7,8,-7,7,-7,8,-7,7,-8,7,-7,6,-7,6,-7,6,-7,5,-7,5,-7,4,-7,4,-7,4,-6,3,-6,2,-6,2,-6,2,-6,1,-6,0,-6,0,0,0,0,0,0,0,0,0,0,0,0,0,0,0,33,-19,30,-17,21,-21,20,-20,19,-22,15,-16,14,-16,13,-17,9,-15,6,-12,5,-11,5,-10,0,-7,2,-5,1,-7,1,-2,-1,-1,-1,0,1,1,-3,4,-2,8,-1,8,1,11,1,10,2,10,2,16,4,17,5,16,4,19,7,18,7,20,8,22,9,21,7,22,9,23,6,23,9,23,9,24,7,23,9,24,9,22,8,22,7,24,7,21,5,21,4,20,4,20,4,19,2,15,1,18,0,17,-2,15,-1,13,-3,13,-3,14,-1,11,-7,11,0,0,0,0,0,0,0,0,0,0,0,0,0,0,0,0,0,0,0,0,0,0,13,0,14,1,12,1,11,-1,10,-2,9,-2,8,-4,8,-7,6,-9,6,-11,3,-10,0,-13,-3,-16,-2,-17,-4,-17,-7,-19,-11,-20,-12,-20,-14,-20,-17,-20,-18,-21,-23,-21,-24,-19,-24,-18,-27,-18,-29,-14,-29,-11,-34,-9,-31,-8,-34,-7,-34,0,-35,2,-37,2,-33,6,-33,9,-33,14,-30,16,-30,19,-26,22,-24,27,-25,31,-21,34,-18,34,-15,39,-12,39,-10,38,-7,41,-4,43,-1,44,4,45,5,44,10,46,9,45,11,42,15,44,16,43,18,40,0,0]"
CSI_DATA,277,1a:00:00:00:00:00,-50,11,1,0,1,1,1,0,0,0,1,-96,0,11,2,3880328,0,44,0,384,0,"[0,0,0,0,0,0,0,0,0,0,0,0,-8,6,-7,6,-6,6,-5,5,-4,5,-3,4,-2,4,-2,3,-1,2,-1,2,-1,1,0,0,0,-1,0,-1,0,-2,0,-3,0,-3,-1,-4,-1,-4,-1,-5,-1,-6,-2,-6,-2,-7,-3,-7,-3,-8,-4,-8,0,0,-4,-9,-5,-9,-5,-10,-5,-10,-5,-10,-5,-10,-5,-10,-5,-10,-5,-10,-4,-10,-4,-10,-4,-10,-4,-9,-3,-9,-3,-9,-2,-9,-2,-8,-2,-8,-1,-8,-1,-7,-1,-7,0,-7,0,-6,0,-6,1,-6,1,-5,0,0,0,0,0,0,0,0,0,0,0,0,0,0,5,35,6,31,9,29,9,24,12,23,9,21,10,16,10,17,9,11,9,11,10,8,8,6,5,4,4,4,4,0,1,1,-1,-1,-2,-1,-3,-3,-4,-3,-8,-3,-8,-3,-9,-3,-11,-3,-13,-2,-16,-3,-14,-2,-15,1,-18,-1,-20,0,-20,1,-24,1,-22,3,-26,2,-24,3,-29,2,-25,2,-26,3,-27,2,-27,1,-24,0,-26,-2,-24,-2,-25,-2,-23,-3,-22,-2,-18,-3,-20,-2,-19,-2,-16,-3,-17,-5,-17,-5,-16,-6,-12,-8,-13,-6,-12,-8,-11,-6,0,0,0,0,0,0,0,0,0,0,0,0,0,0,0,0,0,0,0,0,0,0,-7,13,-7,13,-6,12,-3,12,-2,12,-2,9,1,9,2,8,5,8,5,6,8,6,10,5,13,5,15,3,15,0,18,0,21,-4,20,-4,23,-5,22,-8,21,-11,26,-14,23,-14,24,-17,24,-20,20,-24,22,-25,21,-28,16,-26,15,-32,12,-30,12,-35,8,-35,2,-35,2,-37,-3,-36,-6,-35,-12,-36,-12,-35,-20,-34,-22,-33,-25,-30,-29,-30,-31,-27,-32,-24,-38,-18,-41,-20,-40,-15,-43,-13,-45,-12,-43,-10,-46,-7,-49,-6,-43,-3,-48,0,-45,-1,-46,3,0,0]"
CSI_DATA,278,1a:00:00:00:00:00,-50,11,1,0,1,1,1,0,0,0,1,-96,0,11,2,3890280,0,44,0,384,0,"[0,0,0,0,0,0,0,0,0,0,0,0,9,2,8,1,7,0,7,0,6,0,5,-1,4,-1,3,-1,2,-1,1,-1,1,-1,0,-1,-1,-1,-1,-1,-2,0,-2,1,-3,1,-3,2,-4,2,-4,3,-4,3,-4,4,-5,4,-5,5,-5,6,-5,6,0,0,-5,7,-5,7,-5,8,-5,8,-6,8,-6,9,-6,9,-5,8,-5,8,-6,8,-6,8,-6,7,-6,7,-6,6,-6,6,-6,6,-6,5,-5,5,-5,4,-5,4,-5,4,-5,3,-5,2,-6,2,-6,1,-5,1,0,0,0,0,0,0,0,0,0,0,0,0,0,0,59,-45,52,-39,46,-47,36,-44,29,-37,30,-38,19,-34,17,-34,11,-29,10,-28,5,-22,0,-20,0,-19,0,-11,0,-7,-3,-2,-5,-2,-4,2,0,4,-2,7,2,11,5,16,1,16,7,22,10,24,9,32,8,27,11,31,14,34,22,37,16,37,22,40,20,37,27,40,29,39,23,40,26,42,26,43,24,41,27,46,22,41,14,43,16,44,20,44,18,41,17,42,12,37,13,34,10,38,8,33,7,32,3,32,3,30,-2,29,-4,27,-7,27,-9,25,0,0,0,0,0,0,0,0,0,0,0,0,0,0,0,0,0,0,0,0,0,0,29,-1,29,-3,29,-1,20,-7,19,-5,17,-8,15,-12,13,-12,9,-20,5,-20,4,-22,-1,-23,-8,-30,-7,-28,-18,-31,-18,-31,-29,-33,-24,-31,-36,-30,-37,-28,-44,-28,-50,-32,-46,-30,-53,-24,-56,-24,-63,-16,-61,-17,-71,-9,-59,-4,-72,2,-65,3,-70,18,-64,23,-64,30,-66,33,-58,41,-51,45,-54,51,-48,51,-46,64,-38,65,-29,73,-25,74,-14,77,-15,78,2,86,6,84,11,81,16,89,21,88,21,87,29,87,35,91,36,78,49,87,45,84,44,74,0,0]"
CSI_DATA,279,1a:00:00:00:00:00,-50,11,1,0,1,1,1,0,0,0,1,-96,0,11,2,3900753,0,44,0,384,0,"[0,0,0,0,0,0,0,0,0,0,0,0,1,-11,0,-10,-1,-8,-1,-8,-1,-7,-1,-6,-2,-5,-2,-4,-2,-3,-1,-2,-1,-2,-1,-1,-1,0,0,0,0,1,1,1,1,2,2,2,3,2,3,2,4,3,5,3,5,3,6,3,7,3,7,3,0,0,8,3,9,3,9,3,9,3,9,3,10,3,10,3,9,3,9,3,9,3,9,3,8,4,8,3,7,3,7,4,7,4,6,4,6,4,5,4,5,3,4,4,4,4,4,4,3,4,2,4,2,4,0,0,0,0,0,0,0,0,0,0,0,0,0,0,-56,-54,-53,-48,-50,-36,-48,-32,-45,-22,-40,-24,-40,-17,-38,-15,-32,-9,-26,-4,-23,-2,-21,0,-17,2,-12,8,-9,1,-2,1,-4,-3,1,2,6,1,13,-5,11,-5,14,-3,17,-7,17,-13,23,-12,30,-14,29,-20,26,-20,33,-23,29,-24,35,-25,35,-22,36,-28,39,-34,37,-33,38,-33,43,-35,39,-34,42,-31,39,-32,42,-27,40,-26,37,-28,40,-27,36,-21,39,-21,35,-19,34,-15,31,-15,31,-12,29,-8,32,-8,28,-7,28,-2,28,0,23,2,23,5,0,0,0,0,0,0,0,0,0,0,0,0,0,0,0,0,0,0,0,0,0,0,-14,-30,-8,-26,-13,-30,-8,-26,-14,-24,-11,-20,-14,-15,-20,-12,-22,-3,-23,1,-26,0,-24,6,-28,9,-27,18,-28,19,-26,26,-29,30,-27,29,-22,37,-21,43,-17,48,-24,56,-17,55,-14,58,-13,61,0,65,1,66,3,62,10,67,17,62,21,60,27,65,33,61,37,55,48,52,50,51,48,44,58,40,62,33,72,29,72,24,78,15,83,8,84,-5,75,-8,75,-16,80,-22,81,-28,85,-36,82,-40,74,-43,82,-45,76,-50,75,-51,77,-58,68,-65,65,-58,0,0]"
CSI_DATA,280,1a:00:00:00:00:00,-50,11,1,0,1,1,1,0,0,0,1,-96,0,11,2,3910963,0,44,0,384,0,"[0,0,0,0,0,0,0,0,0,0,0,0,-10,2,-9,2,-8,3,-7,2,-6,2,-5,2,-4,2,-3,2,-3,1,-2,1,-1,1,-1,0,0,0,0,-1,0,-2,1,-2,1,-3,1,-4,1,-4,1,-5,1,-5,1,-6,1,-7,1,-7,1,-8,0,-9,0,0,0,-9,0,-10,0,-10,-1,-11,0,-11,0,-11,0,-11,0,-10,0,-11,0,-10,1,-10,1,-10,1,-9,1,-9,1,-9,1,-8,1,-8,1,-8,2,-7,2,-7,2,-6,2,-6,3,-5,3,-5,3,-4,3,-4,0,0,0,0,0,0,0,0,0,0,0,0,0,0,-10,33,-11,34,-7,30,-3,27,-1,26,-1,22,0,21,2,18,3,13,1,13,4,15,2,9,2,8,5,6,2,2,2,0,0,-1,-1,-2,-1,-4,-3,-5,-4,-6,-6,-8,-8,-6,-10,-8,-10,-9,-12,-9,-16,-8,-17,-8,-16,-9,-20,-11,-19,-10,-19,-11,-19,-10,-23,-12,-22,-12,-23,-11,-22,-13,-24,-11,-24,-11,-20,-13,-23,-10,-20,-14,-21,-12,-21,-15,-17,-12,-16,-13,-16,-13,-14,-13,-15,-12,-13,-13,-14,-12,-10,-13,-9,-12,-7,-13,-7,-12,-6,-12,-5,-13,0,0,0,0,0,0,0,0,0,0,0,0,0,0,0,0,0,0,0,0,0,0,-11,10,-11,10,-8,9,-7,9,-6,12,-5,8,-2,11,1,8,2,10,4,10,5,10,9,11,11,8,12,8,13,5,20,5,20,4,22,2,23,1,24,-2,24,-2,26,-3,28,-4,28,-9,30,-10,28,-13,27,-13,25,-15,26,-19,25,-23,23,-26,21,-26,19,-28,16,-31,14,-34,10,-32,5,-34,4,-37,2,-37,-4,-37,-6,-35,-12,-38,-15,-38,-19,-37,-20,-35,-28,-33,-31,-30,-31,-30,-32,-30,-36,-32,-36,-27,-39,-25,-39,-24,-42,-25,-43,-23,-41,-18,-43,-17,0,0]"
CSI_DATA,281,1a:00:00:00:00:00,-50,11,1,0,1,1,1,0,0,0,1,-96,0,11,2,3930281,0,44,0,384,0,"[0,0,0,0,0,0,0,0,0,0,0,0,-10,3,-8,4,-7,4,-7,4,-5,3,-4,3,-3,3,-3,2,-2,2,-2,1,-1,1,-1,0,0,-1,0,-1,0,-2,0,-3,0,-3,0,-4,0,-5,0,-5,-1,-6,-1,-6,-1,-7,-1,-8,-1,-8,-2,-9,0,0,-3,-9,-3,-10,-3,-10,-4,-10,-3,-10,-4,-11,-4,-11,-3,-10,-4,-10,-3,-10,-2,-11,-2,-10,-2,-9,-2,-9,-1,-9,-1,-9,-1,-8,-1,-8,-1,-8,-1,-7,0,-7,0,-7,1,-6,2,-6,2,-5,2,-5,0,0,0,0,0,0,0,0,0,0,0,0,0,0,-8,36,-5,33,-1,31,-4,28,1,27,2,22,5,21,3,17,4,13,4,13,6,11,2,8,5,5,2,4,3,2,3,1,-1,-1,-1,-1,-4,-4,-5,-5,-7,-4,-9,-5,-10,-6,-11,-5,-13,-5,-14,-6,-14,-6,-18,-6,-20,-5,-20,-6,-20,-6,-23,-5,-24,-5,-27,-3,-26,-4,-26,-5,-26,-5,-28,-5,-26,-6,-26,-7,-25,-6,-24,-6,-23,-6,-25,-6,-22,-7,-21,-7,-21,-8,-19,-7,-17,-8,-15,-9,-16,-9,-15,-8,-13,-9,-9,-10,-11,-10,-8,-10,-8,-12,0,0,0,0,0,0,0,0,0,0,0,0,0,0,0,0,0,0,0,0,0,0,-13,7,-12,9,-11,8,-10,9,-9,8,-5,8,-4,9,1,10,0,11,2,12,4,8,8,9,11,10,12,8,14,8,18,8,20,6,19,5,21,3,23,-1,25,0,31,-2,28,-4,27,-8,30,-10,30,-13,31,-14,29,-18,28,-18,26,-24,23,-22,23,-28,20,-27,17,-31,15,-33,10,-33,10,-36,5,-38,-2,-35,-6,-41,-4,-39,-13,-37,-13,-38,-19,-39,-21,-33,-24,-32,-26,-33,-31,-30,-37,-30,-38,-28,-37,-24,-46,-23,-45,-22,-41,-20,-47,-20,-47,-15,-43,-14,0,0]"
CSI_DATA,282,1a:00:00:00:00:00,-57,11,1,0,1,1,1,0,0,0,1,-96,0,11,2,3960479,0,44,0,384,0,"[0,0,0,0,0,0,0,0,0,0,0,0,1,-7,0,-7,0,-6,0,-6,-1,-5,-1,-4,-2,-3,-1,-3,-1,-2,-1,-1,-1,0,0,0,0,0,1,1,1,1,2,1,2,1,2,1,3,1,4,1,4,1,4,1,5,0,5,0,5,0,6,0,0,0,7,-1,7,0,7,-1,8,0,8,0,7,0,8,0,7,0,7,0,7,1,7,1,7,1,7,1,6,1,6,1,6,1,5,2,5,2,4,2,4,2,4,2,3,3,3,3,2,3,2,4,2,4,0,0,0,0,0,0,0,0,0,0,0,0,0,0,-48,-50,-47,-46,-46,-43,-44,-38,-42,-34,-39,-28,-36,-23,-33,-19,-30,-15,-26,-11,-23,-9,-20,-6,-15,-4,-12,-3,-8,-2,-5,-2,0,-2,4,-2,7,-3,11,-4,15,-6,17,-8,20,-10,22,-12,24,-15,26,-17,27,-20,28,-23,29,-25,29,-28,30,-30,31,-31,32,-33,33,-34,34,-36,34,-36,35,-37,35,-37,36,-36,36,-36,36,-36,36,-34,35,-32,35,-30,34,-28,33,-27,32,-24,31,-23,30,-21,29,-18,29,-16,28,-15,26,-12,26,-10,25,-7,24,-6,23,-4,0,0,0,0,0,0,0,0,0,0,0,0,0,0,0,0,0,0,0,0,0,0,2,-29,0,-28,-1,-26,-3,-24,-6,-22,-8,-20,-11,-17,-15,-15,-18,-12,-20,-9,-23,-5,-27,-2,-29,2,-31,6,-32,11,-34,15,-35,20,-36,24,-37,29,-36,34,-36,39,-33,44,-31,48,-30,52,-27,56,-22,59,-18,62,-13,64,-7,66,-1,67,4,67,10,67,16,66,23,65,29,62,36,60,42,56,48,52,54,48,61,42,65,36,71,31,74,25,78,19,81,12,83,6,85,-1,86,-9,86,-14,87,-20,86,-26,85,-32,84,-37,83,-40,82,-44,80,-46,79,-48,0,0]"
CSI_DATA,283,1a:00:00:00:00:00,-50,11,1,0,1,1,1,0,0,0,1,-96,0,11,2,3970276,0,44,0,384,0,"[0,0,0,0,0,0,0,0,0,0,0,0,4,-9,3,-8,2,-8,2,-7,1,-6,1,-5,0,-5,0,-4,0,-3,0,-2,-1,-2,-1,-1,0,0,0,1,0,1,0,2,1,2,1,3,2,3,2,4,3,4,4,4,4,5,5,5,5,5,6,5,0,0,7,5,7,6,7,6,8,6,7,6,8,6,8,6,7,6,8,6,7,6,7,7,6,6,6,6,5,6,5,6,5,6,4,6,4,5,3,5,3,5,2,5,2,5,2,5,1,5,0,5,0,5,0,0,0,0,0,0,0,0,0,0,0,0,0,0,-19,-34,-19,-31,-19,-25,-18,-24,-18,-21,-17,-18,-18,-16,-16,-13,-14,-12,-11,-9,-11,-5,-8,-3,-6,-3,-5,-1,-2,0,-2,-2,1,-1,2,1,2,-1,4,-1,9,0,9,-1,11,-4,12,-3,14,-5,14,-4,15,-5,18,-7,18,-8,18,-8,19,-12,21,-10,20,-12,22,-14,21,-13,22,-11,24,-14,25,-12,24,-12,22,-9,23,-10,26,-8,21,-9,22,-10,20,-8,22,-7,20,-5,17,-5,17,-4,16,-3,16,-3,14,-2,13,-1,15,1,13,4,13,3,12,4,0,0,0,0,0,0,0,0,0,0,0,0,0,0,0,0,0,0,0,0,0,0,1,-17,1,-14,0,-14,-1,-13,-1,-14,-4,-12,-6,-9,-5,-10,-8,-8,-9,-4,-11,-4,-12,-1,-14,0,-17,2,-16,3,-20,8,-19,9,-21,9,-20,13,-19,15,-20,17,-20,19,-17,22,-18,26,-17,24,-14,31,-15,28,-10,30,-9,32,-4,33,-3,33,1,35,3,36,5,34,10,32,11,33,16,29,21,28,24,28,29,26,30,23,33,22,35,17,38,15,38,12,42,4,44,6,44,2,44,0,46,-2,46,-5,47,-9,46,-12,43,-12,48,-16,43,-20,42,-16,0,0]"
CSI_DATA,284,1a:00:00:00:00:00,-55,11,1,0,1,1,1,0,0,0,1,-96,0,11,2,3980288,0,44,0,384,0,"[0,0,0,0,0,0,0,0,0,0,0,0,-2,-7,-2,-7,-2,-6,-2,-5,-2,-5,-2,-4,-2,-3,-1,-2,-1,-1,-1,-1,-1,0,0,0,0,0,1,0,1,0,2,0,2,0,3,0,3,0,4,0,4,0,5,0,5,-1,5,-1,6,-1,6,-2,0,0,7,-3,7,-3,7,-3,8,-3,8,-3,8,-3,8,-2,8,-2,7,-2,7,-2,7,-2,7,-1,7,-1,7,-1,7,-1,6,0,6,0,5,0,5,0,5,1,4,1,4,1,4,2,4,2,3,3,3,3,0,0,0,0,0,0,0,0,0,0,0,0,0,0,-69,-9,-66,-7,-62,-5,-58,-2,-53,0,-48,3,-43,5,-38,6,-33,7,-28,7,-23,7,-19,6,-14,5,-10,4,-7,2,-4,-1,0,-3,2,-6,4,-10,6,-13,7,-16,9,-19,9,-22,9,-26,10,-29,9,-32,9,-35,9,-37,9,-40,9,-43,8,-44,7,-47,8,-48,8,-50,9,-50,8,-52,8,-51,8,-52,8,-51,8,-51,9,-50,10,-49,10,-47,10,-46,11,-43,11,-41,11,-39,11,-37,12,-34,13,-32,13,-30,14,-28,15,-24,16,-22,18,-20,19,-18,20,-16,0,0,0,0,0,0,0,0,0,0,0,0,0,0,0,0,0,0,0,0,0,0,-18,-20,-18,-19,-18,-17,-18,-15,-19,-12,-19,-9,-20,-5,-20,-1,-21,3,-21,7,-21,12,-21,16,-20,21,-18,25,-17,30,-14,34,-12,38,-9,42,-7,45,-3,48,1,51,5,53,9,55,13,57,17,57,23,58,27,57,32,56,38,54,43,51,46,48,51,44,55,39,59,34,61,28,65,21,67,14,69,6,71,-1,72,-9,73,-17,71,-24,70,-32,69,-39,66,-46,64,-52,61,-58,58,-64,54,-69,50,-73,48,-77,44,-80,41,-82,38,-84,35,-85,32,-86,31,-85,0,0]"
CSI_DATA,285,1a:00:00:00:00:00,-50,11,1,0,1,1,1,0,0,0,1,-96,0,11,2,3990274,0,44,0,384,0,"[0,0,0,0,0,0,0,0,0,0,0,0,-10,0,-9,1,-8,1,-7,1,-6,1,-5,1,-4,1,-3,1,-3,1,-2,0,-1,0,0,0,0,-1,0,-1,1,-2,1,-3,1,-4,1,-4,2,-5,2,-5,2,-6,2,-7,1,-7,1,-8,1,-9,1,-9,0,0,0,-10,1,-10,1,-11,0,-11,1,-11,1,-11,1,-11,1,-11,1,-11,1,-10,1,-11,2,-10,2,-9,2,-9,2,-8,2,-8,2,-8,2,-7,2,-7,2,-6,3,-6,3,-6,3,-5,3,-5,3,-4,4,-3,0,0,0,0,0,0,0,0,0,0,0,0,0,0,-26,27,-22,25,-17,29,-15,22,-11,23,-12,20,-9,18,-8,15,-3,13,-3,14,-3,11,0,9,-1,4,-1,5,0,3,-3,0,1,-2,-1,-4,-2,-8,-4,-8,-4,-9,-7,-10,-6,-11,-6,-10,-9,-10,-11,-14,-13,-12,-17,-14,-16,-14,-19,-16,-17,-16,-21,-16,-21,-15,-22,-15,-21,-15,-22,-18,-22,-17,-21,-16,-21,-17,-23,-17,-19,-16,-19,-15,-17,-17,-19,-17,-17,-16,-15,-17,-13,-15,-13,-17,-12,-13,-13,-14,-12,-13,-9,-13,-8,-14,-5,-11,-6,-12,-3,-14,-3,-13,0,0,0,0,0,0,0,0,0,0,0,0,0,0,0,0,0,0,0,0,0,0,-15,0,-17,-1,-15,0,-14,2,-13,2,-11,5,-11,7,-8,8,-9,11,-5,11,-1,12,0,13,2,15,4,15,7,16,9,15,11,16,12,16,17,17,19,16,21,15,24,16,26,15,29,9,30,11,32,9,31,7,31,4,30,3,35,-1,29,-4,36,-9,33,-12,33,-17,32,-21,28,-23,25,-24,24,-29,19,-31,17,-36,17,-38,10,-37,6,-41,4,-41,0,-43,-5,-42,-7,-42,-11,-40,-16,-45,-16,-44,-20,-42,-22,-42,-27,-45,-25,-39,-30,-40,-30,-38,-29,-33,0,0]"
CSI_DATA,286,1a:00:00:00:00:00,-50,11,1,0,1,1,1,0,0,0,1,-96,0,11,2,4000275,0,44,0,384,0,"[0,0,0,0,0,0,0,0,0,0,0,0,-7,5,-6,5,-5,5,-4,4,-3,4,-3,3,-2,3,-2,2,-1,1,-1,1,-1,0,0,-1,0,-1,0,-2,0,-2,0,-3,-1,-4,-1,-4,-1,-4,-2,-5,-2,-5,-2,-6,-2,-6,-3,-7,-4,-7,-4,-7,0,0,-5,-8,-5,-8,-6,-8,-6,-9,-5,-8,-5,-9,-6,-9,-5,-9,-5,-9,-5,-9,-5,-9,-4,-8,-4,-8,-4,-8,-3,-8,-3,-7,-3,-7,-2,-7,-2,-6,-2,-6,-1,-6,-1,-6,0,-6,0,-5,1,-5,1,-5,0,0,0,0,0,0,0,0,0,0,0,0,0,0,11,72,21,65,25,56,19,50,18,49,21,39,17,33,21,29,18,22,17,20,13,15,11,9,11,9,6,12,3,1,0,-2,-4,-6,-7,-4,-11,-1,-12,-7,-18,-2,-20,-7,-21,0,-30,-8,-29,-4,-38,-2,-32,-2,-36,3,-42,6,-43,4,-43,7,-49,10,-47,10,-51,10,-49,7,-53,4,-54,9,-53,10,-54,8,-46,9,-45,6,-53,5,-50,4,-49,1,-45,2,-43,1,-43,-2,-39,1,-36,-1,-31,-9,-27,-7,-30,-8,-27,-9,-28,-14,-21,-11,-20,-15,-18,-15,0,0,0,0,0,0,0,0,0,0,0,0,0,0,0,0,0,0,0,0,0,0,-13,30,-9,26,-4,26,-6,26,0,23,1,23,5,22,6,17,12,19,17,14,21,12,24,8,28,8,35,3,36,-1,39,-3,40,-13,41,-10,43,-15,41,-22,46,-25,51,-34,48,-34,45,-40,48,-42,39,-51,43,-51,35,-57,33,-57,26,-68,23,-59,18,-71,11,-69,4,-68,-1,-72,-12,-69,-13,-68,-27,-68,-32,-67,-41,-69,-48,-61,-52,-58,-58,-52,-66,-49,-71,-45,-69,-36,-80,-32,-83,-27,-90,-22,-88,-14,-90,-9,-95,-9,-99,-8,-87,-1,-92,1,-93,9,-86,12,0,0]"
CSI_DATA,287,1a:00:00:00:00:00,-50,11,1,0,1,1,1,0,0,0,1,-96,0,11,2,4010291,0,44,0,384,0,"[0,0,0,0,0,0,0,0,0,0,0,0,-1,9,0,8,0,7,0,6,0,5,0,4,1,3,1,2,0,2,0,1,0,0,0,-1,-1,-1,-1,-2,-2,-2,-2,-3,-3,-3,-3,-3,-4,-3,-5,-3,-5,-4,-6,-4,-6,-4,-8,-4,-8,-4,-8,-3,0,0,-9,-3,-10,-4,-11,-3,-11,-3,-10,-4,-11,-4,-11,-4,-10,-3,-10,-4,-10,-4,-10,-4,-9,-4,-9,-4,-8,-4,-8,-4,-7,-4,-7,-4,-6,-4,-6,-4,-5,-4,-5,-5,-5,-5,-4,-5,-4,-5,-3,-5,-2,-5,0,0,0,0,0,0,0,0,0,0,0,0,0,0,60,39,57,38,58,27,49,20,44,18,42,16,40,11,36,7,27,7,28,2,19,-3,18,0,12,3,6,-2,4,-1,-2,0,-4,0,-9,-1,-8,5,-13,5,-16,7,-19,7,-20,10,-26,13,-30,16,-28,19,-29,21,-30,26,-33,26,-32,32,-34,32,-37,32,-35,34,-34,40,-35,40,-34,40,-33,40,-36,39,-35,36,-37,39,-33,35,-37,35,-39,26,-37,33,-35,26,-33,26,-34,22,-32,22,-33,18,-28,17,-29,13,-27,11,-26,9,-31,6,-23,4,-28,0,-26,-4,0,0,0,0,0,0,0,0,0,0,0,0,0,0,0,0,0,0,0,0,0,0,19,26,12,26,16,23,18,21,18,18,18,10,18,10,21,2,25,0,23,-6,25,-9,20,-11,23,-23,27,-23,23,-28,23,-32,19,-39,24,-40,15,-44,13,-46,13,-55,4,-58,5,-58,2,-65,-3,-63,-8,-62,-7,-60,-19,-64,-21,-65,-30,-64,-33,-61,-40,-60,-42,-55,-51,-51,-53,-46,-59,-39,-63,-34,-65,-25,-70,-21,-74,-17,-72,-10,-83,3,-79,4,-86,17,-77,19,-84,24,-80,32,-73,38,-77,47,-76,49,-74,56,-70,62,-74,61,-62,64,-62,68,-59,72,-50,71,0,0]"
CSI_DATA,288,1a:00:00:00:00:00,-50,11,1,0,1,1,1,0,0,0,1,-96,0,11,2,4020518,0,44,0,384,0,"[0,0,0,0,0,0,0,0,0,0,0,0,9,1,8,0,7,-1,6,-1,5,-1,4,-1,3,-2,2,-1,2,-1,1,-1,0,-1,-1,0,-1,0,-2,0,-2,1,-3,1,-3,2,-3,3,-3,3,-4,4,-4,4,-4,5,-4,6,-4,6,-4,7,-4,8,0,0,-4,9,-4,9,-4,10,-4,10,-4,9,-4,9,-4,10,-4,9,-4,9,-4,9,-4,9,-4,8,-5,8,-4,7,-4,7,-5,7,-5,6,-4,6,-4,5,-4,4,-4,4,-5,3,-5,3,-5,3,-5,2,-5,1,0,0,0,0,0,0,0,0,0,0,0,0,0,0,51,-52,43,-52,41,-47,34,-41,23,-38,20,-40,18,-34,16,-32,11,-26,6,-23,-1,-19,6,-20,-1,-12,-2,-11,-1,-2,-2,-1,0,0,0,8,1,10,4,13,5,17,3,21,8,22,7,22,14,25,18,29,18,27,21,30,27,29,31,33,31,33,33,37,27,34,38,36,33,36,35,40,35,37,37,38,32,41,36,41,26,39,31,42,28,40,29,34,22,33,20,36,20,33,16,31,18,30,11,32,10,28,7,25,8,29,5,24,4,25,1,29,-4,24,0,0,0,0,0,0,0,0,0,0,0,0,0,0,0,0,0,0,0,0,0,0,30,-7,27,-5,26,-11,24,-11,18,-9,16,-17,12,-15,9,-17,6,-20,2,-28,-3,-24,-6,-27,-9,-30,-15,-31,-19,-28,-24,-33,-30,-33,-35,-30,-39,-28,-46,-28,-45,-26,-51,-31,-52,-23,-59,-18,-64,-18,-69,-9,-67,-3,-67,-5,-62,3,-70,5,-63,13,-74,25,-63,25,-63,32,-59,37,-55,45,-51,46,-44,55,-37,64,-32,68,-29,76,-16,74,-16,78,-6,80,1,82,5,85,18,88,20,80,31,82,32,82,37,82,50,76,46,83,47,71,59,77,59,78,57,68,0,0]"
CSI_DATA,289,1a:00:00:00:00:00,-50,11,1,0,1,1,1,0,0,0,1,-96,0,11,2,4033946,0,44,0,384,0,"[0,0,0,0,0,0,0,0,0,0,0,0,-10,-2,-9,-1,-8,0,-7,0,-6,0,-5,0,-4,1,-3,0,-3,0,-2,0,-1,0,0,-1,0,-1,1,-1,1,-2,2,-3,2,-3,2,-4,2,-4,3,-5,3,-5,3,-6,3,-7,3,-7,3,-8,3,-9,0,0,2,-10,3,-10,3,-10,2,-11,3,-10,3,-11,3,-11,3,-10,3,-11,3,-10,3,-10,3,-9,3,-9,3,-8,3,-8,3,-8,3,-7,3,-6,3,-6,3,-6,3,-5,3,-5,4,-4,4,-4,4,-3,4,-2,0,0,0,0,0,0,0,0,0,0,0,0,0,0,-41,56,-41,53,-34,56,-27,47,-24,40,-23,38,-12,31,-8,33,-5,28,-9,26,-2,19,-2,15,-3,16,1,7,2,6,0,-1,-2,-4,1,-10,-1,-10,-7,-14,-8,-24,-8,-17,-13,-21,-17,-25,-18,-26,-19,-26,-19,-29,-27,-30,-24,-29,-32,-30,-38,-33,-34,-33,-31,-36,-45,-36,-36,-33,-37,-39,-39,-41,-37,-34,-39,-36,-34,-37,-30,-29,-31,-39,-31,-36,-28,-38,-28,-35,-23,-32,-21,-34,-23,-36,-17,-30,-17,-27,-14,-26,-13,-25,-7,-27,-6,-27,-4,-24,-2,-25,3,-25,0,0,0,0,0,0,0,0,0,0,0,0,0,0,0,0,0,0,0,0,0,0,-32,16,-24,12,-23,12,-20,15,-18,16,-15,17,-12,16,-4,20,-3,24,2,24,11,28,7,27,15,26,19,27,22,28,25,23,34,27,37,24,42,20,44,21,52,16,52,13,56,9,64,10,63,5,63,-4,72,-4,70,-6,60,-16,69,-24,57,-25,59,-34,61,-32,50,-44,49,-52,44,-53,40,-53,34,-63,29,-68,23,-76,18,-76,4,-79,6,-83,-2,-81,-13,-80,-17,-86,-27,-79,-36,-76,-36,-82,-42,-76,-47,-79,-58,-77,-62,-80,-57,-64,-66,-70,-68,-69,-64,-59,0,0]"
CSI_DATA,290,1a:00:00:00:00:00,-50,11,1,0,1,1,1,0,0,0,1,-96,0,11,2,4050457,0,44,0,384,0,"[0,0,0,0,0,0,0,0,0,0,0,0,-4,8,-3,7,-2,6,-2,6,-1,5,-1,4,-1,3,0,2,0,2,0,1,0,0,-1,-1,-1,-2,-1,-2,-2,-3,-2,-3,-2,-4,-3,-4,-4,-4,-4,-5,-5,-5,-6,-5,-6,-5,-7,-5,-8,-5,-8,-5,0,0,-9,-5,-9,-6,-10,-6,-10,-5,-10,-6,-10,-6,-10,-6,-10,-5,-10,-6,-9,-6,-9,-6,-8,-6,-8,-6,-8,-6,-7,-6,-7,-6,-6,-5,-6,-5,-5,-5,-5,-5,-4,-5,-4,-5,-3,-5,-3,-5,-2,-5,-2,-5,0,0,0,0,0,0,0,0,0,0,0,0,0,0,29,67,27,59,34,49,28,45,28,37,29,32,26,27,23,23,19,15,19,16,19,13,11,6,12,3,9,1,3,0,-5,-1,-8,-2,-7,-2,-13,-3,-17,-4,-18,0,-21,1,-25,-3,-30,4,-32,6,-33,5,-37,6,-41,13,-36,10,-42,17,-47,18,-48,19,-45,19,-48,23,-42,26,-53,23,-47,22,-43,26,-46,23,-52,19,-45,14,-44,19,-43,13,-43,15,-42,11,-38,10,-36,9,-38,6,-36,5,-35,6,-36,5,-27,6,-26,-1,-27,-4,-29,-6,-24,-8,-20,-14,0,0,0,0,0,0,0,0,0,0,0,0,0,0,0,0,0,0,0,0,0,0,-5,26,-6,26,-3,25,-1,29,2,18,6,21,9,21,12,18,17,12,16,12,21,11,29,6,35,0,31,-1,37,-3,36,-9,39,-17,43,-18,38,-27,46,-28,42,-36,43,-40,43,-44,42,-51,40,-52,34,-56,35,-56,30,-65,23,-62,17,-67,10,-63,2,-75,-2,-68,-10,-71,-12,-66,-24,-69,-26,-65,-34,-65,-39,-60,-51,-60,-57,-62,-63,-45,-67,-46,-73,-37,-75,-29,-85,-21,-84,-20,-85,-12,-90,-2,-88,-5,-89,6,-95,14,-95,9,-85,21,-92,17,-89,27,-83,27,0,0]"
CSI_DATA,291,1a:00:00:00:00:00,-50,11,1,0,1,1,1,0,0,0,1,-96,0,11,2,4060293,0,44,0,384,0,"[0,0,0,0,0,0,0,0,0,0,0,0,-9,-1,-8,-1,-7,0,-7,0,-6,0,-5,0,-4,0,-3,0,-2,0,-2,0,-1,0,0,-1,0,-1,1,-2,1,-2,2,-3,2,-3,2,-4,2,-4,2,-5,2,-5,2,-6,2,-7,2,-8,2,-8,2,-9,0,0,2,-10,2,-10,2,-10,1,-11,2,-10,2,-11,2,-11,2,-10,2,-11,2,-10,2,-10,2,-9,2,-9,2,-8,2,-8,3,-8,2,-7,2,-7,3,-6,2,-6,3,-5,3,-5,3,-4,3,-4,3,-3,3,-2,0,0,0,0,0,0,0,0,0,0,0,0,0,0,-44,52,-40,52,-26,56,-23,43,-24,42,-19,41,-14,35,-9,37,-8,24,-2,24,-1,22,-2,11,-2,10,-1,7,1,1,3,-4,0,-4,-7,-11,-4,-9,-9,-15,-8,-12,-14,-17,-18,-22,-24,-25,-23,-27,-26,-23,-23,-30,-32,-23,-38,-30,-40,-33,-38,-30,-45,-33,-41,-30,-48,-31,-44,-28,-43,-36,-44,-34,-45,-30,-42,-33,-44,-33,-44,-32,-41,-29,-35,-28,-37,-31,-34,-33,-31,-31,-28,-29,-25,-27,-20,-29,-22,-26,-22,-27,-18,-26,-15,-24,-10,-23,-5,-29,-1,-27,-3,-21,0,0,0,0,0,0,0,0,0,0,0,0,0,0,0,0,0,0,0,0,0,0,-32,12,-27,10,-25,10,-23,17,-21,15,-17,18,-10,18,-4,20,-2,23,3,28,6,26,10,26,19,30,20,26,21,30,28,29,37,23,36,29,41,22,46,20,48,17,59,19,55,11,68,9,67,3,66,-2,68,-2,71,-9,70,-14,68,-23,66,-22,70,-34,59,-37,56,-46,53,-55,48,-55,38,-57,37,-64,29,-66,22,-78,17,-77,2,-83,4,-78,-7,-86,-14,-86,-21,-74,-29,-79,-37,-84,-41,-79,-49,-76,-54,-75,-56,-74,-60,-78,-62,-69,-73,-68,-68,-59,-63,-63,0,0]"
CSI_DATA,292,1a:00:00:00:00:00,-50,11,1,0,1,1,1,0,0,0,1,-96,0,11,2,4070992,0,44,0,384,0,"[0,0,0,0,0,0,0,0,0,0,0,0,6,6,5,5,5,4,5,3,4,2,3,2,3,1,2,1,1,0,1,0,0,0,-1,0,-2,-1,-2,-1,-3,-1,-4,0,-4,0,-5,0,-5,1,-6,1,-6,1,-7,2,-7,2,-8,3,-8,4,-8,4,0,0,-8,5,-9,5,-9,6,-9,6,-9,6,-9,6,-9,6,-9,5,-9,5,-9,5,-9,5,-9,4,-8,4,-8,4,-8,3,-8,3,-7,2,-7,2,-7,2,-6,1,-6,1,-6,0,-6,0,-6,-1,-5,-1,-5,-2,0,0,0,0,0,0,0,0,0,0,0,0,0,0,38,-4,33,-5,28,-8,25,-7,22,-9,17,-6,17,-9,15,-9,11,-7,11,-9,5,-6,6,-5,3,-5,2,-3,2,-1,-1,0,-3,0,-2,4,-4,4,-4,6,-2,9,-5,12,-1,11,-2,16,-4,14,-3,19,2,19,2,20,1,20,3,23,3,23,5,27,4,23,6,26,6,27,3,27,4,27,4,28,2,26,3,24,4,25,2,23,1,24,2,24,0,22,0,20,1,21,-1,19,1,16,-2,14,-4,15,-2,13,-5,13,-5,12,-6,13,-7,10,-8,7,0,0,0,0,0,0,0,0,0,0,0,0,0,0,0,0,0,0,0,0,0,0,12,8,11,10,10,6,10,5,8,2,11,1,10,-1,10,-4,9,-6,8,-9,6,-11,6,-12,6,-16,6,-18,5,-17,2,-19,0,-24,0,-23,-2,-25,-7,-26,-7,-26,-11,-30,-12,-30,-15,-27,-15,-29,-20,-26,-22,-27,-24,-26,-23,-24,-29,-22,-30,-18,-34,-18,-33,-14,-33,-11,-34,-6,-35,-3,-35,-1,-37,5,-36,9,-36,15,-36,18,-34,17,-31,25,-31,30,-28,29,-26,30,-24,34,-20,36,-18,40,-15,41,-14,42,-9,45,-9,47,-5,43,-4,45,-3,47,-2,43,0,0]"
CSI_DATA,293,1a:00:00:00:00:00,-50,11,1,0,1,1,1,0,0,0,1,-96,0,11,2,4080289,0,44,0,384,0,"[0,0,0,0,0,0,0,0,0,0,0,0,4,8,4,7,4,6,4,5,3,3,3,3,2,2,2,1,1,1,0,0,0,0,-1,-1,-2,-1,-2,-1,-3,-2,-4,-1,-5,-1,-5,-1,-6,-1,-7,-1,-7,-1,-8,0,-8,0,-9,1,-10,1,-10,1,0,0,-10,2,-11,2,-12,2,-11,3,-12,2,-12,2,-12,2,-11,2,-11,2,-11,2,-11,1,-10,1,-10,1,-10,0,-9,0,-9,0,-8,0,-8,-1,-7,-1,-7,-1,-7,-2,-6,-2,-6,-2,-5,-3,-5,-3,-4,-4,0,0,0,0,0,0,0,0,0,0,0,0,0,0,35,3,29,3,31,0,24,-1,22,-3,21,-2,18,-2,17,-5,12,-5,11,-4,8,-5,5,-4,3,-5,3,-2,1,-1,-1,1,-2,2,-4,4,-4,4,-6,7,-7,8,-7,11,-7,11,-7,13,-8,14,-7,17,-7,16,-6,22,-6,20,-3,21,-5,22,-2,23,-6,20,-4,27,-4,23,-5,27,-4,25,-2,27,-6,25,-6,26,-4,24,-6,23,-8,22,-7,25,-7,22,-6,20,-9,18,-7,15,-8,14,-7,13,-6,12,-8,14,-10,12,-10,9,-11,8,-10,9,-10,6,0,0,0,0,0,0,0,0,0,0,0,0,0,0,0,0,0,0,0,0,0,0,8,10,9,9,9,7,10,7,8,3,10,4,9,0,9,-2,11,-5,9,-6,10,-9,9,-11,9,-15,7,-16,6,-18,6,-18,4,-24,3,-24,-1,-25,0,-28,-3,-27,-5,-31,-6,-29,-8,-31,-10,-30,-15,-32,-14,-32,-19,-31,-19,-27,-24,-29,-24,-22,-30,-23,-30,-21,-32,-16,-35,-15,-35,-10,-34,-7,-36,-4,-38,-1,-40,3,-38,10,-38,14,-38,14,-33,22,-33,24,-34,24,-32,28,-27,32,-28,33,-25,35,-25,36,-20,40,-21,41,-14,38,-17,46,-12,44,-13,40,0,0]"
CSI_DATA,294,1a:00:00:00:00:00,-50,11,1,0,1,1,1,0,0,0,1,-96,0,11,2,4090268,0,44,0,384,0,"[0,0,0,0,0,0,0,0,0,0,0,0,8,-4,6,-4,6,-4,5,-4,4,-4,3,-3,2,-3,1,-2,1,-2,0,-1,0,-1,-1,0,-1,0,-1,1,-1,2,-2,3,-2,3,-1,4,-1,4,-1,5,-1,5,-1,6,-1,7,0,7,0,8,1,8,0,0,1,9,1,9,2,9,2,10,1,9,2,10,2,10,1,9,1,9,1,9,1,9,0,9,0,8,0,8,0,8,-1,7,-1,7,-1,6,-1,6,-1,5,-2,5,-2,5,-2,5,-3,4,-3,4,-3,3,0,0,0,0,0,0,0,0,0,0,0,0,0,0,7,-34,4,-32,1,-31,-2,-26,-1,-26,-2,-22,-2,-21,-5,-16,-4,-12,-4,-14,-4,-10,-4,-5,-5,-4,-2,-2,-4,-3,1,0,3,2,3,3,4,5,7,6,8,7,10,6,10,5,12,5,14,5,16,7,14,6,19,6,21,5,22,5,22,6,24,6,24,5,25,5,25,4,26,8,25,5,24,3,26,5,22,5,24,6,22,9,22,7,21,7,20,6,19,7,19,7,17,7,14,8,13,8,14,7,11,7,11,8,8,9,10,10,6,11,6,11,0,0,0,0,0,0,0,0,0,0,0,0,0,0,0,0,0,0,0,0,0,0,9,-11,8,-9,7,-9,6,-10,5,-10,2,-10,0,-12,-3,-8,-7,-11,-6,-10,-9,-10,-10,-10,-14,-6,-16,-8,-18,-5,-20,-6,-24,-3,-23,-4,-25,-1,-27,2,-29,4,-31,5,-30,6,-32,9,-32,9,-31,16,-33,13,-28,18,-30,20,-24,26,-22,24,-23,30,-20,31,-14,30,-12,34,-9,34,-7,33,-5,35,1,35,6,37,7,36,13,37,16,35,20,34,21,33,26,34,29,31,35,27,35,25,36,26,37,22,39,18,42,21,41,17,42,18,40,11,41,11,0,0]"
CSI_DATA,295,1a:00:00:00:00:00,-50,11,1,0,1,1,1,0,0,0,1,-96,0,11,2,4100267,0,44,0,384,0,"[0,0,0,0,0,0,0,0,0,0,0,0,1,-9,0,-9,-1,-7,-1,-7,-1,-5,-1,-5,-2,-4,-1,-3,-1,-2,-1,-1,-1,-1,-1,0,0,1,0,1,1,2,1,2,2,2,2,2,3,3,4,3,4,3,5,3,5,3,6,3,7,3,7,3,0,0,8,3,9,3,9,3,9,3,9,3,9,3,9,3,9,3,9,3,8,3,8,4,8,4,7,4,7,4,6,4,6,4,5,4,5,3,5,3,4,3,4,4,3,4,3,4,2,4,2,4,1,4,0,0,0,0,0,0,0,0,0,0,0,0,0,0,-44,-57,-45,-50,-44,-41,-41,-38,-40,-33,-34,-26,-31,-23,-30,-18,-22,-15,-26,-10,-16,-4,-15,-2,-12,-3,-7,-2,-6,0,1,1,5,1,7,-2,14,1,17,-5,19,-4,19,-4,21,-11,27,-14,25,-15,35,-18,29,-16,37,-25,36,-22,35,-25,39,-26,39,-30,42,-25,42,-32,40,-33,44,-33,41,-35,42,-34,46,-31,46,-32,37,-27,38,-28,39,-25,45,-25,39,-23,37,-20,33,-15,34,-16,31,-13,28,-15,30,-10,29,-11,27,-10,28,-2,24,-1,24,0,24,7,0,0,0,0,0,0,0,0,0,0,0,0,0,0,0,0,0,0,0,0,0,0,0,-27,2,-25,-2,-25,-5,-23,-6,-21,-11,-18,-16,-16,-17,-12,-25,-5,-24,-1,-28,-2,-28,1,-35,7,-35,10,-39,13,-38,20,-41,28,-41,25,-36,32,-34,42,-38,43,-35,52,-33,49,-33,56,-29,59,-22,64,-23,67,-16,66,-15,68,-2,67,3,70,10,75,13,73,24,71,27,66,38,65,38,56,46,54,49,49,66,46,63,44,72,31,71,27,82,22,76,12,82,6,88,1,81,-10,85,-16,88,-14,85,-21,85,-31,91,-37,79,-37,85,-40,79,-44,72,-44,0,0]"
CSI_DATA,296,1a:00:00:00:00:00,-50,11,1,0,1,1,1,0,0,0,1,-96,0,11,2,4110286,0,44,0,384,0,"[0,0,0,0,0,0,0,0,0,0,0,0,-3,-9,-3,-7,-3,-6,-3,-6,-3,-5,-3,-4,-3,-3,-2,-2,-2,-2,-1,-1,-1,-1,0,0,0,0,1,1,1,1,2,1,3,1,3,1,4,1,5,1,5,1,6,1,6,0,7,0,7,0,7,0,0,0,8,-1,9,-1,9,-1,9,-1,9,-1,9,-1,9,-1,9,-1,9,-1,9,0,9,0,8,0,8,0,7,0,7,1,7,1,6,1,6,1,5,1,5,1,5,2,4,2,4,2,3,2,3,3,2,3,0,0,0,0,0,0,0,0,0,0,0,0,0,0,-68,-15,-57,-7,-60,-1,-51,3,-47,3,-41,2,-36,2,-33,6,-28,7,-23,8,-15,9,-12,12,-14,5,-7,4,-3,0,6,0,4,-1,13,-2,12,-4,12,-11,18,-12,15,-15,15,-20,17,-27,18,-27,17,-26,19,-30,17,-35,14,-39,11,-42,17,-42,18,-47,16,-45,15,-48,15,-47,20,-51,19,-49,16,-51,18,-46,19,-46,17,-45,20,-44,23,-41,24,-42,23,-37,17,-39,22,-39,23,-30,23,-31,23,-27,22,-24,23,-25,20,-20,19,-12,23,-14,24,-12,23,-6,0,0,0,0,0,0,0,0,0,0,0,0,0,0,0,0,0,0,0,0,0,0,-24,-16,-22,-18,-21,-7,-21,-9,-16,-6,-20,-2,-20,0,-18,7,-17,9,-14,16,-17,23,-14,25,-13,32,-17,32,-12,34,-12,40,-4,47,-2,45,0,50,7,50,9,50,16,61,17,56,23,58,26,55,32,58,33,55,39,55,42,54,51,52,47,39,62,46,63,37,63,27,71,21,68,17,69,10,68,1,72,-2,75,-14,74,-24,72,-20,66,-36,69,-43,63,-48,60,-62,52,-62,52,-65,48,-72,52,-74,46,-72,39,-79,42,-84,34,-80,33,-89,19,-85,25,-78,0,0]"
CSI_DATA,297,1a:00:00:00:00:00,-50,11,1,0,1,1,1,0,0,0,1,-96,0,11,2,4130293,0,44,0,384,0,"[0,0,0,0,0,0,0,0,0,0,0,0,-8,4,-7,4,-6,4,-5,3,-4,3,-3,3,-2,2,-2,2,-1,1,-1,1,0,0,0,-1,0,-1,0,-2,1,-3,1,-4,1,-4,0,-5,0,-5,0,-6,0,-6,-1,-7,-1,-7,-1,-8,-2,-9,-2,-9,0,0,-3,-10,-3,-10,-3,-11,-3,-11,-3,-11,-3,-11,-3,-11,-3,-10,-3,-11,-2,-10,-2,-10,-2,-10,-2,-9,-1,-9,-1,-9,-1,-9,-1,-8,0,-8,0,-7,0,-7,1,-6,1,-6,1,-6,2,-5,2,-5,2,-4,0,0,0,0,0,0,0,0,0,0,0,0,0,0,-6,33,-4,33,-1,29,-2,26,0,23,0,17,3,19,3,15,2,14,3,9,3,8,5,7,3,4,2,3,2,0,0,-2,-3,-3,-3,-4,-2,-7,-5,-6,-6,-6,-10,-8,-9,-6,-14,-7,-17,-9,-17,-9,-17,-9,-18,-10,-20,-8,-21,-9,-21,-9,-22,-9,-24,-8,-25,-7,-28,-9,-25,-9,-27,-7,-27,-10,-25,-11,-25,-9,-25,-10,-23,-11,-22,-11,-22,-10,-19,-9,-20,-11,-19,-10,-17,-12,-15,-9,-14,-10,-12,-9,-11,-9,-11,-10,-9,-9,-8,-13,-9,-12,-6,-12,0,0,0,0,0,0,0,0,0,0,0,0,0,0,0,0,0,0,0,0,0,0,-8,9,-9,8,-7,8,-5,11,-5,8,-3,9,0,8,2,8,6,9,7,10,12,9,11,9,13,6,16,7,16,6,20,4,22,2,25,2,23,0,25,-2,27,-5,29,-7,30,-8,28,-9,32,-12,32,-15,32,-15,29,-19,31,-21,25,-24,24,-23,24,-27,19,-30,16,-33,15,-33,8,-35,6,-37,5,-39,0,-37,-5,-39,-7,-38,-12,-38,-16,-37,-20,-38,-20,-33,-24,-28,-31,-31,-33,-29,-34,-26,-36,-28,-37,-25,-40,-23,-41,-21,-41,-17,-42,-18,-42,-15,-42,-12,0,0]"
CSI_DATA,298,1a:00:00:00:00:00,-50,11,1,0,1,1,1,0,0,0,1,-96,0,11,2,4142531,0,44,0,384,0,"[0,0,0,0,0,0,0,0,0,0,0,0,4,7,4,6,4,4,4,4,3,3,3,2,3,1,2,1,1,0,1,0,0,-1,-1,-1,-1,-1,-2,-2,-3,-2,-4,-2,-4,-1,-5,-1,-5,-1,-6,-1,-7,-1,-7,-1,-7,0,-8,0,-9,1,-9,1,0,0,-10,2,-10,1,-11,2,-11,2,-11,2,-11,2,-11,2,-11,1,-11,1,-10,1,-10,1,-10,0,-10,0,-9,0,-9,-1,-9,-1,-8,-1,-8,-1,-7,-1,-7,-2,-6,-2,-6,-2,-6,-3,-5,-3,-5,-3,-4,-4,0,0,0,0,0,0,0,0,0,0,0,0,0,0,36,4,30,2,30,-4,22,-3,24,-2,20,-4,15,-5,16,-3,10,-3,10,-4,5,-5,4,-5,4,-4,2,-2,-1,-1,-3,-1,-2,1,-6,2,-7,2,-10,4,-9,6,-8,7,-7,8,-11,11,-10,11,-11,16,-11,15,-10,17,-9,19,-8,22,-12,21,-11,22,-8,22,-10,24,-10,22,-11,24,-12,27,-12,23,-10,22,-13,21,-12,23,-14,22,-14,21,-15,19,-13,18,-12,16,-14,15,-14,14,-13,13,-13,11,-12,9,-10,11,-14,9,-13,6,-13,6,-13,4,-13,2,0,0,0,0,0,0,0,0,0,0,0,0,0,0,0,0,0,0,0,0,0,0,10,8,10,4,10,4,9,3,8,0,9,-1,7,-3,8,-5,7,-8,8,-11,7,-12,5,-13,3,-15,3,-17,2,-21,0,-22,-3,-24,-3,-25,-6,-25,-10,-25,-10,-29,-11,-29,-13,-29,-15,-30,-17,-30,-22,-26,-21,-29,-26,-26,-24,-26,-28,-21,-28,-22,-33,-19,-33,-15,-33,-11,-36,-10,-36,-5,-37,-3,-36,0,-38,4,-40,8,-38,10,-36,16,-32,19,-35,22,-31,23,-27,31,-28,30,-25,33,-25,35,-26,36,-21,38,-17,41,-18,42,-17,39,-14,41,-14,43,-9,40,0,0]"
CSI_DATA,299,1a:00:00:00:00:00,-50,11,1,0,1,1,1,0,0,0,1,-96,0,11,2,4170657,0,44,0,384,0,"[0,0,0,0,0,0,0,0,0,0,0,0,1,8,1,7,2,6,2,5,2,4,2,3,2,2,1,2,1,1,1,0,0,-1,0,-1,-1,-2,-1,-2,-2,-3,-3,-3,-3,-3,-4,-3,-5,-3,-5,-3,-6,-4,-7,-4,-7,-4,-8,-3,-9,-3,-9,-3,0,0,-10,-3,-11,-3,-11,-3,-11,-3,-10,-3,-11,-3,-11,-3,-11,-3,-11,-3,-10,-4,-10,-4,-9,-4,-9,-4,-8,-4,-8,-4,-8,-4,-7,-4,-7,-4,-6,-4,-6,-4,-5,-5,-5,-5,-4,-5,-4,-5,-3,-5,-2,-5,0,0,0,0,0,0,0,0,0,0,0,0,0,0,33,13,29,12,28,6,25,8,22,2,20,3,17,-1,16,-2,14,-1,9,-3,9,-3,8,-2,5,-3,-1,-2,-1,-3,-2,-1,-5,0,-5,0,-8,0,-7,1,-10,4,-10,5,-10,6,-14,8,-14,10,-14,11,-13,12,-12,11,-14,14,-15,17,-15,17,-16,20,-17,22,-17,21,-14,22,-18,21,-17,20,-16,22,-16,21,-18,19,-16,18,-17,14,-17,17,-16,18,-17,15,-15,14,-16,12,-15,12,-15,11,-14,8,-13,9,-14,8,-15,7,-14,3,-14,4,-11,0,-13,0,0,0,0,0,0,0,0,0,0,0,0,0,0,0,0,0,0,0,0,0,0,0,7,11,7,10,8,6,7,6,6,4,8,4,9,1,10,-1,10,-4,10,-7,9,-9,10,-11,8,-14,9,-14,9,-16,9,-19,6,-23,6,-23,5,-25,5,-28,4,-30,1,-30,-4,-32,-1,-32,-6,-33,-10,-34,-8,-34,-12,-34,-14,-33,-19,-33,-21,-27,-24,-29,-28,-27,-26,-23,-31,-22,-33,-20,-33,-13,-36,-11,-37,-8,-41,-5,-40,-2,-39,4,-39,6,-39,10,-40,13,-35,16,-36,19,-36,24,-34,26,-34,31,-33,31,-30,32,-31,36,-26,32,-29,37,-23,39,-21,37,0,0]"
CSI_DATA,300,1a:00:00:00:00:00,-50,11,1,0,1,1,1,0,0,0,1,-96,0,11,2,4180261,0,44,0,384,0,"[0,0,0,0,0,0,0,0,0,0,0,0,-9,2,-8,2,-7,2,-6,2,-5,2,-4,2,-3,2,-2,2,-2,1,-1,1,0,0,0,0,1,-1,1,-1,2,-2,2,-3,2,-3,2,-4,2,-5,2,-5,2,-6,2,-7,2,-7,2,-8,2,-9,2,-9,0,0,2,-10,2,-10,2,-11,1,-11,2,-10,2,-11,2,-11,2,-11,2,-11,2,-11,3,-10,3,-10,3,-9,3,-9,3,-8,3,-8,3,-8,3,-7,3,-7,3,-6,3,-5,3,-5,4,-5,4,-4,4,-3,4,-2,0,0,0,0,0,0,0,0,0,0,0,0,0,0,-13,32,-10,30,-7,28,-4,26,-3,24,-4,19,-2,17,0,17,1,15,1,10,3,8,4,8,3,6,2,3,3,-1,4,0,-1,-2,-4,-6,-2,-6,-2,-7,-5,-10,-7,-11,-8,-11,-11,-13,-9,-12,-13,-14,-11,-15,-17,-13,-18,-14,-19,-15,-17,-16,-20,-16,-20,-14,-22,-18,-22,-17,-19,-16,-22,-17,-24,-16,-22,-18,-18,-18,-20,-17,-19,-17,-18,-17,-17,-16,-15,-16,-14,-17,-16,-16,-14,-15,-12,-15,-11,-15,-8,-15,-8,-16,-7,-15,-6,-14,-4,-12,-3,-13,-2,-13,0,0,0,0,0,0,0,0,0,0,0,0,0,0,0,0,0,0,0,0,0,0,-9,9,-9,9,-8,9,-6,9,-5,9,-1,9,-1,7,2,6,5,8,6,9,10,10,10,7,12,6,17,5,18,6,22,6,23,4,24,8,25,0,26,1,29,-2,31,-5,31,-5,31,-9,33,-10,31,-14,32,-16,30,-17,30,-19,29,-22,25,-22,25,-26,25,-29,19,-28,21,-32,14,-34,10,-31,8,-36,4,-37,-2,-41,-3,-39,-8,-37,-9,-40,-15,-37,-15,-37,-23,-37,-23,-37,-28,-31,-30,-32,-33,-33,-33,-29,-38,-29,-37,-29,-38,-25,-40,-24,-41,-21,-37,-20,0,0]"
CSI_DATA,301,1a:00:00:00:00:00,-50,11,1,0,1,1,1,0,0,0,1,-96,0,11,2,4190674,0,44,0,384,0,"[0,0,0,0,0,0,0,0,0,0,0,0,8,-3,7,-3,6,-3,5,-3,4,-3,3,-3,2,-3,1,-3,1,-2,0,-2,-1,-1,-1,-1,-2,0,-2,0,-2,1,-3,2,-3,3,-3,3,-3,4,-3,4,-3,5,-3,6,-3,6,-3,7,-3,8,-2,8,0,0,-2,9,-2,9,-2,10,-2,10,-2,10,-2,10,-2,10,-2,10,-2,10,-3,9,-3,10,-3,9,-3,8,-3,8,-4,7,-4,7,-4,7,-4,6,-4,6,-4,5,-4,5,-4,4,-4,4,-5,3,-5,2,-5,2,0,0,0,0,0,0,0,0,0,0,0,0,0,0,14,-32,12,-30,9,-31,7,-27,5,-25,1,-23,-1,-16,-1,-17,1,-12,-3,-12,-4,-10,-3,-8,-4,-6,-4,-1,-2,-2,-3,1,1,4,-1,6,1,7,-2,7,0,10,2,8,3,12,5,13,6,11,10,15,9,14,13,15,15,15,14,15,17,17,18,19,18,16,17,19,18,16,19,19,18,20,18,19,18,19,16,19,16,19,17,21,15,19,14,19,12,19,10,18,9,18,8,15,7,15,7,16,5,16,5,13,3,14,-1,14,1,12,-1,13,-2,13,0,0,0,0,0,0,0,0,0,0,0,0,0,0,0,0,0,0,0,0,0,0,8,-10,6,-10,6,-9,5,-10,3,-10,1,-9,-1,-9,-3,-9,-6,-9,-8,-8,-11,-10,-12,-8,-16,-8,-18,-7,-18,-7,-21,-6,-25,-2,-24,-4,-27,-1,-29,2,-28,1,-31,3,-31,6,-32,8,-33,11,-34,14,-32,12,-32,15,-31,16,-28,22,-26,20,-27,27,-24,27,-21,29,-19,31,-16,32,-13,32,-7,34,-4,37,-1,40,0,40,4,38,10,39,13,39,17,37,16,39,21,36,25,31,25,34,31,30,33,30,35,28,36,28,36,27,38,25,39,23,34,22,0,0]"
CSI_DATA,302,1a:00:00:00:00:00,-50,11,1,0,1,1,1,0,0,0,1,-96,0,11,2,4200265,0,44,0,384,0,"[0,0,0,0,0,0,0,0,0,0,0,0,4,7,4,6,4,5,4,4,3,3,3,2,3,2,2,1,2,0,1,0,0,-1,0,-1,-1,-2,-2,-2,-2,-2,-3,-2,-4,-2,-4,-2,-5,-2,-6,-2,-6,-2,-7,-2,-7,-2,-8,-1,-9,-1,-9,-1,0,0,-10,0,-11,-1,-11,-1,-11,0,-11,-1,-11,-1,-11,-1,-11,-1,-11,-1,-11,-1,-11,-2,-10,-2,-10,-2,-9,-2,-9,-3,-9,-3,-8,-3,-8,-3,-7,-3,-6,-3,-6,-4,-6,-4,-5,-4,-5,-4,-4,-5,-3,-5,0,0,0,0,0,0,0,0,0,0,0,0,0,0,35,-1,29,-2,31,-4,23,-3,23,-4,20,-5,17,-7,15,-7,12,-6,10,-7,7,-7,5,-5,3,-4,2,-5,-1,-5,-4,-2,-4,0,-5,0,-6,1,-6,4,-8,6,-8,7,-7,9,-10,11,-11,12,-8,14,-10,13,-9,18,-10,19,-10,22,-9,20,-9,23,-10,21,-10,25,-9,23,-13,25,-13,24,-13,25,-13,24,-13,23,-11,24,-13,20,-13,19,-12,21,-13,18,-14,17,-13,18,-13,13,-12,14,-11,11,-12,10,-13,10,-12,8,-14,7,-12,7,-12,4,-12,2,0,0,0,0,0,0,0,0,0,0,0,0,0,0,0,0,0,0,0,0,0,0,12,4,10,2,10,3,10,0,8,-1,8,-1,7,-5,6,-7,5,-10,4,-10,3,-13,3,-15,-1,-17,-1,-18,-1,-21,-3,-20,-7,-25,-6,-24,-10,-26,-13,-25,-14,-24,-16,-29,-17,-27,-22,-27,-22,-29,-27,-24,-26,-24,-30,-23,-27,-21,-34,-18,-29,-17,-34,-15,-36,-12,-34,-5,-38,-5,-36,-1,-35,1,-37,9,-35,7,-37,16,-36,17,-35,20,-33,26,-31,25,-30,30,-24,36,-24,35,-23,36,-22,37,-19,39,-18,40,-15,43,-15,45,-9,44,-9,44,-8,44,-8,41,0,0]"
CSI_DATA,303,1a:00:00:00:00:00,-50,11,1,0,1,1,1,0,0,0,1,-96,0,11,2,4220967,0,44,0,384,0,"[0,0,0,0,0,0,0,0,0,0,0,0,-7,-5,-7,-4,-6,-3,-6,-2,-5,-2,-4,-1,-4,-1,-3,0,-2,0,-2,0,-1,0,0,0,0,0,1,0,2,0,2,0,3,-1,3,-1,4,-1,4,-2,5,-2,5,-2,6,-2,6,-3,7,-4,6,-4,0,0,7,-5,8,-5,8,-5,8,-6,8,-5,8,-5,8,-5,8,-5,8,-5,8,-5,8,-4,7,-4,7,-3,7,-3,7,-3,6,-2,6,-2,6,-2,5,-1,5,-1,5,-1,5,0,5,0,4,1,4,1,3,2,0,0,0,0,0,0,0,0,0,0,0,0,0,0,-63,31,-54,26,-51,37,-39,33,-33,30,-28,24,-25,28,-23,26,-16,21,-10,18,-8,20,-2,14,1,8,1,5,4,3,7,-1,6,-3,12,-8,5,-12,10,-17,9,-18,8,-19,4,-26,6,-26,3,-29,5,-32,0,-35,-1,-39,-4,-39,-6,-46,-9,-47,-8,-53,-5,-50,-11,-59,-6,-52,-5,-52,-7,-51,-6,-52,-6,-54,-3,-50,-8,-51,-6,-46,1,-50,3,-44,1,-43,0,-44,4,-43,6,-36,9,-40,8,-33,5,-32,8,-29,8,-29,15,-20,15,-21,16,-21,16,-13,0,0,0,0,0,0,0,0,0,0,0,0,0,0,0,0,0,0,0,0,0,0,-25,6,-23,5,-22,8,-16,9,-14,13,-10,13,-6,13,-5,18,3,19,4,24,7,25,11,26,16,29,16,30,22,30,27,32,35,32,37,32,43,32,42,27,48,29,56,31,54,27,57,26,63,26,64,13,66,14,71,12,65,6,73,-2,70,-9,74,-11,69,-15,66,-25,70,-34,62,-39,56,-39,55,-51,55,-48,48,-63,45,-63,34,-63,30,-78,23,-79,20,-80,9,-76,8,-83,-2,-85,-3,-86,-11,-88,-13,-93,-22,-89,-23,-92,-26,-83,-30,-85,-36,-83,-36,-79,0,0]"
CSI_DATA,304,1a:00:00:00:00:00,-50,11,1,0,1,1,1,0,0,0,1,-96,0,11,2,4230892,0,44,0,384,0,"[0,0,0,0,0,0,0,0,0,0,0,0,2,8,2,6,2,5,3,5,2,4,2,2,2,2,2,1,1,1,1,0,0,-1,0,-1,-1,-2,-1,-2,-2,-3,-3,-3,-3,-3,-4,-3,-5,-3,-5,-3,-6,-3,-6,-3,-7,-3,-8,-3,-8,-3,-8,-2,0,0,-9,-2,-10,-3,-10,-3,-11,-2,-10,-3,-11,-3,-11,-2,-10,-3,-10,-3,-10,-3,-10,-4,-9,-4,-9,-4,-8,-4,-8,-4,-7,-4,-7,-4,-6,-4,-6,-4,-6,-4,-5,-4,-5,-4,-4,-4,-4,-5,-3,-5,-2,-5,0,0,0,0,0,0,0,0,0,0,0,0,0,0,68,25,62,23,56,11,57,7,48,5,39,6,36,-3,34,-5,30,-6,15,-3,12,-8,11,-6,10,-8,3,-9,-3,-9,-1,-2,-8,-7,-6,-5,-14,-1,-14,2,-20,10,-25,10,-25,15,-22,21,-21,19,-25,23,-29,22,-30,33,-32,34,-37,36,-33,34,-35,37,-32,38,-34,39,-31,42,-38,40,-35,40,-38,41,-38,36,-38,36,-39,37,-35,36,-38,32,-38,34,-33,25,-33,30,-34,25,-32,21,-31,18,-32,17,-33,12,-28,10,-25,8,-25,4,-28,-1,-27,2,-26,-4,0,0,0,0,0,0,0,0,0,0,0,0,0,0,0,0,0,0,0,0,0,0,20,15,18,11,17,10,18,8,18,2,18,-2,19,-9,17,-10,13,-15,13,-18,14,-20,16,-25,11,-35,7,-40,10,-42,7,-46,2,-51,0,-51,-4,-58,-6,-57,-12,-62,-11,-68,-16,-63,-27,-63,-25,-64,-31,-67,-33,-64,-39,-62,-41,-58,-51,-53,-53,-49,-61,-51,-63,-44,-66,-39,-65,-37,-68,-24,-70,-18,-74,-11,-73,-3,-77,7,-76,9,-73,23,-80,23,-76,34,-70,39,-64,53,-74,50,-70,60,-62,64,-68,69,-59,70,-50,73,-54,77,-49,72,-44,85,-41,77,-34,81,0,0]"
CSI_DATA,305,1a:00:00:00:00:00,-50,11,1,0,1,1,1,0,0,0,1,-96,0,11,2,4250255,0,44,0,384,0,"[0,0,0,0,0,0,0,0,0,0,0,0,-5,7,-4,7,-3,6,-2,5,-2,5,-1,4,0,3,0,2,0,1,0,1,0,0,0,-1,0,-2,0,-2,0,-3,0,-4,-1,-4,-1,-5,-1,-5,-2,-6,-2,-6,-3,-7,-3,-7,-4,-8,-4,-8,-4,-8,0,0,-5,-9,-5,-9,-6,-9,-6,-9,-6,-10,-6,-10,-6,-10,-5,-9,-5,-10,-5,-10,-5,-10,-4,-9,-4,-9,-3,-9,-3,-8,-3,-8,-2,-8,-2,-8,-2,-7,-1,-7,-1,-7,0,-6,0,-6,1,-6,1,-5,2,-5,0,0,0,0,0,0,0,0,0,0,0,0,0,0,25,62,29,57,32,47,29,42,27,36,26,28,26,24,22,20,19,18,18,13,12,5,14,4,14,2,5,-2,3,-3,-3,-3,-3,-8,-5,-9,-9,-6,-15,-10,-18,-11,-23,-11,-26,-10,-28,-10,-31,-6,-36,-4,-36,-5,-43,-3,-46,-5,-46,-1,-44,0,-49,0,-48,1,-52,6,-48,4,-56,-1,-58,2,-55,3,-56,-3,-56,0,-48,-1,-51,-2,-48,-6,-45,-10,-46,-10,-40,-6,-43,-11,-42,-7,-35,-11,-29,-13,-34,-12,-25,-15,-26,-15,-24,-16,-20,-18,-16,-17,-13,-20,0,0,0,0,0,0,0,0,0,0,0,0,0,0,0,0,0,0,0,0,0,0,5,19,3,23,3,17,9,17,10,10,12,10,16,7,24,4,20,3,23,-3,27,-5,29,-9,33,-12,34,-23,32,-17,32,-25,37,-30,34,-31,36,-39,35,-43,34,-42,34,-55,34,-53,29,-58,31,-66,24,-68,25,-65,18,-74,12,-71,8,-73,-3,-68,-3,-77,-6,-75,-17,-73,-19,-71,-24,-69,-30,-60,-42,-62,-47,-57,-57,-56,-62,-47,-72,-40,-70,-37,-80,-31,-76,-24,-87,-27,-83,-18,-86,-8,-87,-3,-88,-6,-87,4,-85,11,-93,15,-84,16,-91,24,-85,25,-78,19,0,0]"
CSI_DATA,306,1a:00:00:00:00:00,-50,11,1,0,1,1,1,0,0,0,1,-96,0,11,2,4270289,0,44,0,384,0,"[0,0,0,0,0,0,0,0,0,0,0,0,6,5,5,4,5,3,4,2,4,2,3,1,3,0,2,0,1,0,1,-1,0,-1,-1,-1,-1,-2,-2,-2,-3,-2,-4,-1,-4,-1,-5,-1,-5,-1,-6,-1,-6,-1,-7,0,-7,0,-8,1,-8,1,-8,1,0,0,-9,2,-10,2,-10,2,-10,3,-10,2,-10,2,-10,2,-10,2,-10,2,-10,2,-10,1,-9,1,-9,1,-8,0,-9,0,-8,0,-8,0,-7,-1,-7,-1,-7,-1,-6,-2,-6,-2,-6,-2,-5,-3,-5,-3,-4,-3,0,0,0,0,0,0,0,0,0,0,0,0,0,0,70,-10,59,-9,54,-16,49,-19,42,-15,36,-18,36,-23,29,-19,20,-17,11,-14,12,-16,11,-16,6,-13,1,-6,-4,-1,-6,0,-7,4,-11,2,-10,7,-15,10,-14,17,-15,16,-16,21,-17,24,-11,24,-14,29,-14,32,-16,40,-14,40,-13,44,-11,41,-16,48,-19,47,-14,49,-14,51,-16,52,-11,52,-18,53,-19,48,-13,49,-19,44,-21,44,-24,46,-25,42,-19,41,-21,38,-21,34,-20,33,-20,29,-19,27,-21,24,-21,22,-22,20,-24,17,-22,12,-21,10,-23,5,0,0,0,0,0,0,0,0,0,0,0,0,0,0,0,0,0,0,0,0,0,0,25,2,22,2,21,0,18,-4,17,-7,13,-7,15,-11,8,-16,7,-20,5,-24,1,-26,-3,-31,-10,-35,-9,-38,-13,-40,-15,-41,-23,-43,-25,-42,-29,-45,-33,-43,-36,-44,-50,-49,-46,-46,-52,-45,-54,-43,-61,-41,-60,-38,-63,-38,-61,-32,-70,-28,-66,-18,-73,-16,-70,-10,-73,1,-74,8,-72,13,-69,19,-68,23,-66,25,-65,43,-61,45,-61,49,-57,58,-53,63,-49,62,-30,73,-36,76,-27,77,-27,83,-24,83,-20,83,-13,89,-12,92,-6,88,-7,87,3,88,7,81,0,0]"
CSI_DATA,307,1a:00:00:00:00:00,-50,11,1,0,1,1,1,0,0,0,1,-96,0,11,2,4290699,0,44,0,384,0,"[0,0,0,0,0,0,0,0,0,0,0,0,-9,1,-8,2,-7,2,-6,2,-5,2,-4,2,-3,2,-2,2,-2,1,-1,1,0,0,1,0,1,-1,1,-1,2,-2,2,-3,2,-3,3,-4,3,-4,3,-5,3,-6,3,-6,3,-7,3,-7,3,-8,3,-9,0,0,3,-10,3,-10,3,-11,2,-11,3,-10,3,-10,3,-10,3,-10,3,-10,3,-10,4,-10,4,-9,4,-9,4,-8,4,-8,4,-7,4,-7,4,-6,4,-6,4,-5,4,-5,4,-4,4,-4,4,-3,4,-3,4,-2,0,0,0,0,0,0,0,0,0,0,0,0,0,0,-16,31,-15,28,-9,26,-8,24,-8,24,-5,19,-3,19,-4,15,-1,12,1,12,1,6,1,5,2,3,2,0,1,1,1,-3,1,-5,-1,-6,0,-6,0,-10,-2,-11,-2,-10,-6,-13,-5,-14,-6,-14,-9,-17,-12,-16,-13,-18,-13,-17,-14,-17,-13,-18,-14,-20,-16,-19,-18,-20,-16,-21,-15,-22,-16,-21,-15,-23,-14,-21,-14,-23,-14,-22,-13,-23,-12,-20,-13,-19,-11,-20,-11,-21,-10,-20,-7,-21,-5,-16,-5,-15,-3,-17,-2,-16,-1,-16,-1,-14,0,-15,1,-13,3,-12,0,0,0,0,0,0,0,0,0,0,0,0,0,0,0,0,0,0,0,0,0,0,-7,7,-6,7,-6,8,-4,8,-2,8,-2,8,3,7,3,8,7,7,9,6,10,7,13,7,15,6,17,5,19,5,22,3,23,0,26,3,26,-1,27,-1,28,-3,32,-6,32,-7,31,-9,34,-10,31,-15,33,-12,30,-17,30,-19,28,-22,27,-22,24,-27,25,-27,20,-30,20,-30,16,-33,12,-36,8,-35,6,-38,0,-39,-1,-37,-8,-40,-10,-37,-13,-41,-14,-36,-23,-35,-20,-36,-24,-34,-27,-36,-29,-35,-32,-32,-36,-28,-35,-33,-34,-26,-37,-27,-37,-24,-38,-22,0,0]"
CSI_DATA,308,1a:00:00:00:00:00,-50,11,1,0,1,1,1,0,0,0,1,-96,0,11,2,4301500,0,44,0,384,0,"[0,0,0,0,0,0,0,0,0,0,0,0,-9,1,-8,1,-7,2,-6,2,-5,2,-4,2,-3,2,-2,1,-2,1,-1,1,0,0,1,0,1,0,1,-1,2,-2,2,-3,2,-3,3,-4,3,-4,3,-5,3,-5,3,-6,3,-7,3,-8,3,-8,3,-9,0,0,3,-10,3,-10,3,-11,3,-11,3,-11,3,-11,3,-11,3,-10,3,-11,4,-10,4,-10,4,-9,4,-9,4,-8,4,-8,4,-8,4,-7,4,-6,4,-6,4,-5,4,-5,4,-4,4,-4,4,-3,4,-3,4,-2,0,0,0,0,0,0,0,0,0,0,0,0,0,0,-32,63,-33,54,-14,58,-15,49,-8,47,-9,42,-3,33,-3,38,-4,23,-4,27,5,20,2,12,3,10,2,7,9,1,2,-3,-2,-6,-3,-10,-4,-12,-5,-18,-7,-20,-10,-21,-12,-22,-14,-24,-13,-26,-17,-29,-23,-30,-29,-31,-30,-31,-34,-31,-35,-37,-37,-36,-36,-34,-41,-40,-44,-33,-43,-37,-39,-36,-43,-41,-36,-33,-35,-41,-36,-34,-36,-38,-32,-35,-31,-40,-29,-39,-29,-32,-26,-38,-23,-33,-22,-30,-15,-29,-17,-33,-16,-32,-12,-30,-6,-29,-3,-27,-1,-29,4,-27,0,0,0,0,0,0,0,0,0,0,0,0,0,0,0,0,0,0,0,0,0,0,-21,13,-16,10,-16,13,-12,16,-11,13,-4,18,1,16,2,18,12,17,10,15,15,20,20,19,28,23,32,21,35,17,36,25,48,15,44,21,51,12,55,7,58,5,66,4,63,5,65,-1,73,-6,71,-12,70,-13,68,-21,63,-24,66,-36,58,-29,59,-47,56,-49,48,-56,48,-60,40,-62,32,-66,29,-72,24,-73,16,-83,9,-77,-7,-81,-5,-81,-18,-82,-22,-77,-27,-84,-35,-79,-41,-72,-49,-73,-54,-71,-57,-67,-65,-74,-66,-70,-68,-57,-70,-60,-76,-56,-68,-46,0,0]"
CSI_DATA,309,1a:00:00:00:00:00,-50,11,1,0,1,1,1,0,0,0,1,-96,0,11,2,4310292,0,44,0,384,0,"[0,0,0,0,0,0,0,0,0,0,0,0,-9,0,-8,0,-7,1,-6,1,-6,1,-4,1,-3,1,-3,1,-2,1,-1,1,0,0,0,0,1,0,1,-1,2,-1,3,-2,3,-3,3,-3,3,-4,3,-5,4,-5,4,-6,4,-6,4,-7,4,-8,4,-8,0,0,4,-9,4,-10,4,-10,4,-11,4,-10,4,-10,4,-10,4,-10,4,-10,5,-10,5,-9,5,-8,5,-8,5,-8,5,-8,5,-7,5,-7,4,-6,4,-5,4,-5,4,-4,4,-4,5,-3,4,-3,5,-2,4,-1,0,0,0,0,0,0,0,0,0,0,0,0,0,0,-29,63,-27,55,-21,56,-15,48,-11,43,-6,37,-4,36,-5,33,0,26,3,16,9,13,7,8,8,11,6,1,2,-2,1,-4,1,-6,2,-5,-2,-14,-9,-20,-7,-16,-8,-19,-12,-25,-13,-26,-18,-27,-21,-27,-25,-29,-27,-31,-28,-35,-32,-35,-34,-34,-34,-34,-35,-36,-39,-35,-40,-35,-40,-40,-40,-36,-42,-35,-40,-38,-35,-33,-37,-37,-33,-39,-34,-39,-30,-40,-26,-38,-26,-34,-21,-33,-21,-33,-19,-32,-18,-29,-17,-31,-17,-26,-11,-32,-11,-27,-4,-26,1,-24,5,-23,0,0,0,0,0,0,0,0,0,0,0,0,0,0,0,0,0,0,0,0,0,0,-17,17,-17,14,-16,19,-9,14,-7,17,-2,14,6,18,4,16,10,18,15,15,20,15,21,15,30,17,35,16,35,16,39,15,44,9,54,11,47,3,57,3,57,2,65,-4,63,-5,66,-13,68,-16,64,-23,62,-19,66,-27,62,-32,57,-45,54,-37,56,-50,49,-54,41,-59,40,-64,31,-61,26,-66,19,-71,15,-72,7,-80,-3,-77,-6,-79,-22,-78,-21,-81,-27,-71,-32,-80,-38,-74,-48,-67,-56,-67,-57,-66,-62,-62,-72,-60,-66,-65,-68,-56,-72,-54,-69,-45,-70,-40,0,0]"
CSI_DATA,310,1a:00:00:00:00:00,-50,11,1,0,1,1,1,0,0,0,1,-96,0,11,2,4330302,0,44,0,384,0,"[0,0,0,0,0,0,0,0,0,0,0,0,1,8,1,7,2,6,1,5,1,4,1,3,1,2,1,2,1,1,0,0,0,-1,0,-1,-1,-2,-1,-2,-2,-3,-3,-3,-3,-3,-4,-4,-4,-4,-5,-4,-6,-4,-6,-4,-7,-4,-8,-4,-8,-4,-8,-4,0,0,-10,-4,-10,-4,-11,-4,-11,-4,-10,-4,-10,-4,-11,-4,-10,-4,-10,-4,-10,-4,-10,-4,-9,-4,-9,-4,-8,-4,-8,-5,-7,-5,-7,-5,-6,-4,-6,-4,-5,-4,-5,-5,-4,-5,-4,-5,-3,-5,-3,-5,-2,-5,0,0,0,0,0,0,0,0,0,0,0,0,0,0,61,29,51,20,59,15,48,10,44,8,39,9,30,1,33,0,28,-2,21,-2,17,-4,12,-3,13,-3,3,-4,2,-4,-4,-6,-9,-2,-11,-2,-12,1,-14,3,-21,10,-17,8,-22,16,-25,15,-28,18,-32,22,-27,24,-27,29,-31,28,-26,36,-29,36,-31,46,-32,31,-34,47,-32,42,-39,46,-33,43,-33,42,-40,40,-32,37,-31,35,-34,41,-38,38,-34,36,-36,32,-32,25,-37,24,-30,25,-29,18,-27,19,-28,15,-28,15,-27,11,-25,10,-25,9,-31,4,-25,2,0,0,0,0,0,0,0,0,0,0,0,0,0,0,0,0,0,0,0,0,0,0,11,20,13,15,8,12,14,12,11,8,15,5,15,1,18,-5,21,-6,17,-13,19,-18,18,-23,18,-32,18,-37,18,-35,20,-41,14,-48,17,-45,6,-53,7,-54,5,-58,0,-65,-1,-63,-6,-68,-12,-72,-18,-70,-20,-67,-24,-71,-25,-62,-36,-67,-35,-54,-46,-61,-52,-59,-52,-50,-59,-50,-66,-39,-64,-28,-72,-22,-77,-16,-76,-7,-82,-6,-82,3,-80,7,-76,22,-79,25,-80,40,-78,37,-73,43,-69,51,-70,56,-64,61,-63,65,-71,67,-56,66,-53,74,-54,77,-45,72,0,0]"
CSI_DATA,311,1a:00:00:00:00:00,-50,11,1,0,1,1,1,0,0,0,1,-96,0,11,2,4340346,0,44,0,384,0,"[0,0,0,0,0,0,0,0,0,0,0,0,-2,8,-1,7,0,6,0,6,0,5,0,4,1,3,1,2,1,1,0,0,0,0,0,-1,0,-2,-1,-3,-1,-3,-2,-4,-2,-4,-3,-4,-4,-5,-4,-5,-4,-5,-5,-6,-5,-6,-6,-6,-7,-6,-7,-6,0,0,-8,-7,-9,-7,-9,-7,-9,-7,-9,-7,-9,-7,-9,-7,-9,-7,-9,-7,-8,-7,-8,-7,-7,-7,-7,-7,-7,-7,-6,-7,-6,-7,-5,-7,-5,-6,-4,-6,-4,-6,-3,-6,-3,-6,-2,-6,-2,-6,-1,-6,0,-5,0,0,0,0,0,0,0,0,0,0,0,0,0,0,51,44,46,39,51,28,41,23,40,24,38,19,30,13,32,6,25,4,21,1,21,-1,11,-1,10,-2,3,-5,6,0,-2,-4,-6,-6,-12,-4,-14,-4,-21,2,-23,2,-25,1,-27,1,-30,5,-29,6,-36,12,-33,11,-43,17,-40,17,-37,21,-38,20,-49,28,-42,27,-47,24,-44,28,-49,23,-47,24,-48,23,-52,20,-49,21,-45,20,-45,14,-48,19,-41,18,-42,10,-41,14,-41,9,-38,9,-36,5,-35,5,-31,-2,-33,-1,-33,-2,-27,-2,-30,-8,-26,-7,-20,-14,0,0,0,0,0,0,0,0,0,0,0,0,0,0,0,0,0,0,0,0,0,0,14,19,11,17,14,10,16,12,13,8,15,3,16,0,14,-5,18,-8,18,-10,17,-17,17,-21,20,-30,16,-32,17,-35,19,-42,19,-44,20,-44,14,-50,8,-57,11,-55,8,-65,2,-60,-2,-67,-1,-68,-14,-66,-12,-67,-17,-69,-16,-70,-34,-64,-34,-57,-38,-61,-42,-62,-45,-55,-54,-53,-54,-47,-57,-36,-68,-34,-66,-31,-77,-22,-77,-16,-76,-5,-80,0,-83,5,-79,12,-73,21,-81,21,-78,30,-78,30,-75,39,-74,46,-72,51,-75,54,-66,48,-65,58,-63,62,-59,54,0,0]"
CSI_DATA,312,1a:00:00:00:00:00,-50,11,1,0,1,1,1,0,0,0,1,-96,0,11,2,4362275,0,44,0,384,0,"[0,0,0,0,0,0,0,0,0,0,0,0,-6,-7,-6,-6,-6,-5,-5,-4,-5,-3,-4,-3,-4,-2,-3,-1,-2,-1,-2,0,-1,0,0,0,1,1,1,1,2,1,3,1,3,0,4,0,5,0,5,0,6,0,7,-1,7,-1,8,-2,8,-2,8,-3,0,0,9,-3,10,-3,10,-3,10,-4,10,-3,10,-3,10,-3,10,-3,10,-3,9,-3,9,-2,9,-2,9,-2,9,-1,8,-1,8,-1,7,-1,7,0,6,0,6,0,6,1,5,1,5,1,4,2,4,2,3,2,0,0,0,0,0,0,0,0,0,0,0,0,0,0,-35,-10,-30,-6,-27,-3,-27,-1,-24,0,-20,2,-19,0,-16,2,-14,3,-11,2,-8,3,-7,2,-3,2,0,2,-1,1,2,-1,3,0,4,-2,4,-2,10,-6,7,-6,7,-8,10,-8,11,-10,12,-11,11,-13,11,-14,11,-17,12,-17,12,-21,11,-21,12,-22,12,-22,12,-23,12,-23,13,-20,14,-23,11,-23,14,-22,14,-24,14,-21,14,-23,14,-19,13,-18,15,-17,14,-16,12,-14,13,-14,10,-13,13,-11,11,-11,12,-10,10,-8,12,-5,13,-5,11,-2,11,-1,0,0,0,0,0,0,0,0,0,0,0,0,0,0,0,0,0,0,0,0,0,0,-10,-10,-8,-6,-10,-6,-9,-3,-9,-1,-8,0,-8,2,-6,5,-7,7,-8,8,-7,11,-5,13,-5,16,-4,19,-4,18,-3,20,2,25,-1,25,1,26,4,27,5,29,7,31,8,29,14,30,13,30,15,29,17,29,21,31,21,26,25,26,25,23,27,21,30,18,30,15,34,13,34,9,34,5,37,2,36,-2,39,-6,36,-8,36,-12,34,-15,37,-22,33,-22,33,-26,32,-26,30,-29,28,-34,27,-36,25,-36,22,-40,22,-40,19,-40,20,-42,13,-41,16,-40,0,0]"
CSI_DATA,313,1a:00:00:00:00:00,-50,11,1,0,1,1,1,0,0,0,1,-96,0,11,2,4370244,0,44,0,384,0,"[0,0,0,0,0,0,0,0,0,0,0,0,-6,5,-5,5,-4,5,-3,4,-3,4,-2,3,-1,3,-1,2,-1,1,0,0,0,0,0,-1,0,-2,0,-2,0,-3,0,-4,0,-4,0,-5,-1,-5,-1,-6,-1,-7,-2,-7,-2,-7,-2,-8,-2,-9,-3,-9,0,0,-4,-9,-4,-10,-4,-10,-4,-10,-4,-10,-4,-10,-4,-10,-4,-10,-4,-10,-3,-10,-3,-10,-2,-9,-2,-9,-2,-9,-2,-9,-1,-8,-1,-8,-1,-7,-1,-7,0,-7,0,-6,0,-6,1,-6,1,-5,2,-5,2,-4,0,0,0,0,0,0,0,0,0,0,0,0,0,0,21,62,23,52,27,51,29,44,23,38,21,36,15,24,23,19,20,19,16,13,17,11,13,6,10,3,7,0,4,1,-2,-2,-7,-7,-5,-11,-14,-9,-12,-4,-21,-10,-25,-5,-25,-9,-32,-7,-31,-8,-35,-4,-34,-8,-42,-3,-43,0,-45,2,-43,0,-52,2,-50,0,-58,4,-51,4,-54,-3,-58,4,-55,3,-51,-1,-54,0,-51,-4,-48,-1,-44,-6,-44,-9,-41,-6,-43,-9,-39,-7,-36,-11,-36,-12,-30,-9,-30,-11,-28,-10,-24,-15,-22,-19,-22,-20,-18,-17,-13,-18,0,0,0,0,0,0,0,0,0,0,0,0,0,0,0,0,0,0,0,0,0,0,3,21,0,26,1,16,3,19,8,17,12,10,12,7,15,9,21,7,20,1,27,-2,26,-4,30,-12,33,-16,37,-17,36,-24,42,-27,37,-27,39,-37,37,-38,40,-47,40,-50,38,-52,35,-59,35,-64,30,-68,25,-65,24,-67,23,-65,9,-72,4,-66,1,-77,1,-73,-14,-72,-20,-75,-30,-69,-29,-67,-40,-64,-46,-58,-51,-56,-56,-51,-64,-47,-69,-44,-77,-39,-70,-31,-76,-23,-81,-18,-82,-11,-86,-7,-91,-5,-90,-4,-89,5,-93,9,-84,10,-90,17,-85,21,-77,19,0,0]"
CSI_DATA,314,1a:00:00:00:00:00,-50,11,1,0,1,1,1,0,0,0,1,-96,0,11,2,4380364,0,44,0,384,0,"[0,0,0,0,0,0,0,0,0,0,0,0,-4,-7,-4,-6,-4,-5,-4,-4,-4,-4,-3,-3,-3,-2,-3,-2,-2,-1,-1,0,-1,0,0,0,0,1,1,1,1,1,2,1,3,1,3,1,4,1,4,1,5,1,5,0,6,0,7,0,7,0,7,-1,0,0,8,-1,9,-1,9,-1,9,-1,9,-1,9,-1,9,-1,9,-1,9,-1,9,-1,8,0,8,0,7,0,7,0,7,0,6,0,6,1,5,1,5,1,5,1,4,1,4,2,4,2,3,2,3,3,2,3,0,0,0,0,0,0,0,0,0,0,0,0,0,0,-64,-11,-64,-3,-57,-1,-50,-1,-50,2,-37,4,-38,9,-31,12,-25,9,-18,8,-14,3,-11,9,-9,5,-4,8,-2,2,6,1,5,-3,11,-3,11,-3,12,-10,13,-16,18,-19,15,-18,18,-20,18,-24,24,-28,21,-32,21,-38,19,-34,19,-40,19,-44,22,-45,23,-46,18,-52,18,-51,26,-48,23,-48,23,-46,29,-47,21,-46,23,-41,23,-41,25,-44,23,-43,23,-35,25,-39,27,-32,25,-29,20,-26,21,-24,22,-19,24,-17,21,-16,25,-10,22,-12,24,-6,23,0,0,0,0,0,0,0,0,0,0,0,0,0,0,0,0,0,0,0,0,0,0,0,-21,-11,-20,-8,-20,-7,-18,-3,-15,-3,-14,1,-13,7,-12,13,-12,16,-10,20,-9,23,-6,27,-5,36,-5,35,-6,40,-1,45,9,46,10,47,15,45,18,49,18,53,28,59,30,61,37,55,36,55,44,55,46,51,49,51,52,49,62,44,61,38,66,35,67,32,64,23,73,21,72,10,69,3,73,-4,71,-12,73,-23,73,-25,71,-34,64,-40,66,-49,59,-51,56,-62,56,-63,50,-70,47,-74,46,-75,35,-77,35,-83,37,-82,30,-78,24,-89,20,-83,22,-85,0,0]"
CSI_DATA,315,1a:00:00:00:00:00,-50,11,1,0,1,1,1,0,0,0,1,-96,0,11,2,4390293,0,44,0,384,0,"[0,0,0,0,0,0,0,0,0,0,0,0,-1,8,0,7,0,6,0,5,1,4,1,3,1,2,1,2,1,1,0,0,0,-1,0,-1,-1,-2,-1,-3,-2,-3,-2,-4,-3,-4,-3,-4,-4,-4,-5,-5,-5,-5,-6,-5,-6,-5,-7,-5,-8,-5,-8,-5,0,0,-9,-5,-9,-5,-10,-5,-10,-5,-10,-5,-10,-6,-10,-6,-9,-5,-9,-6,-9,-6,-9,-6,-8,-6,-8,-6,-7,-6,-7,-6,-6,-6,-6,-6,-5,-5,-5,-5,-4,-5,-4,-5,-3,-5,-3,-5,-2,-5,-2,-5,-1,-5,0,0,0,0,0,0,0,0,0,0,0,0,0,0,50,35,50,32,52,22,44,21,41,20,35,9,34,8,28,1,28,2,17,1,20,-6,12,-5,8,-5,7,-4,2,-4,-6,-5,-8,-2,-9,-1,-16,-4,-20,1,-20,1,-26,2,-27,10,-32,9,-31,9,-33,15,-33,18,-36,17,-39,25,-37,30,-43,26,-43,33,-42,28,-43,27,-41,28,-46,30,-55,31,-44,26,-46,29,-45,22,-41,24,-42,23,-41,17,-44,21,-39,15,-42,11,-38,10,-38,10,-35,9,-32,1,-35,3,-29,2,-29,-2,-29,-3,-26,-5,-24,-8,-24,-8,0,0,0,0,0,0,0,0,0,0,0,0,0,0,0,0,0,0,0,0,0,0,20,14,17,12,18,9,16,7,16,3,18,1,12,-1,15,-11,14,-15,13,-20,15,-19,10,-26,10,-37,5,-35,7,-38,7,-45,2,-49,2,-48,-2,-54,-3,-55,-4,-55,-13,-66,-13,-64,-17,-69,-29,-65,-31,-63,-27,-66,-33,-63,-38,-61,-45,-60,-44,-53,-50,-56,-58,-49,-59,-42,-66,-42,-63,-35,-69,-22,-72,-20,-75,-13,-77,-2,-76,1,-80,6,-74,16,-78,22,-71,25,-82,32,-73,33,-73,42,-70,43,-68,54,-69,58,-61,63,-67,66,-56,68,-58,72,-52,69,-46,63,0,0]"
CSI_DATA,316,1a:00:00:00:00:00,-50,11,1,0,1,1,1,0,0,0,1,-96,0,11,2,4400281,0,44,0,384,0,"[0,0,0,0,0,0,0,0,0,0,0,0,8,2,7,1,6,0,6,0,5,-1,4,-1,3,-1,2,-1,1,-1,0,-1,-1,-1,-1,-1,-2,-1,-3,0,-3,0,-4,1,-4,1,-5,1,-5,2,-6,3,-6,3,-6,4,-6,4,-7,5,-7,6,-7,6,0,0,-7,7,-8,7,-8,8,-8,8,-8,8,-8,8,-8,8,-8,7,-8,8,-8,7,-8,7,-8,6,-8,5,-8,5,-8,4,-8,4,-7,4,-7,3,-7,3,-6,2,-6,2,-6,1,-6,1,-6,0,-6,-1,-5,-1,0,0,0,0,0,0,0,0,0,0,0,0,0,0,55,-43,49,-41,40,-43,33,-38,30,-35,23,-30,21,-27,18,-32,12,-26,8,-18,-3,-17,1,-15,-2,-11,-3,-10,-4,-3,-1,2,0,7,-3,10,-3,13,-5,18,-3,20,-2,22,0,27,2,29,3,31,8,40,3,37,11,38,11,36,15,42,13,47,20,50,18,47,20,50,19,50,17,49,21,49,23,47,17,54,19,55,14,49,12,48,11,47,8,48,7,45,9,43,5,43,4,38,4,34,-2,34,-4,34,-8,31,-4,31,-8,25,-9,26,-11,24,-13,19,0,0,0,0,0,0,0,0,0,0,0,0,0,0,0,0,0,0,0,0,0,0,21,-8,19,-5,14,-7,14,-10,13,-15,11,-12,5,-14,3,-16,-2,-25,-13,-23,-11,-27,-16,-28,-18,-30,-26,-30,-31,-32,-34,-31,-42,-34,-41,-34,-48,-24,-50,-27,-49,-26,-60,-26,-58,-22,-64,-20,-70,-18,-72,-7,-70,-10,-75,-3,-68,-2,-75,9,-70,10,-74,23,-66,23,-68,27,-69,38,-64,47,-55,44,-53,51,-45,58,-42,68,-38,73,-33,73,-24,77,-24,79,-12,79,-3,87,4,86,11,89,15,90,20,85,25,84,34,84,34,88,36,77,38,83,44,77,40,68,0,0]"
CSI_DATA,317,1a:00:00:00:00:00,-50,11,1,0,1,1,1,0,0,0,1,-96,0,11,2,4410324,0,44,0,384,0,"[0,0,0,0,0,0,0,0,0,0,0,0,6,2,6,2,5,1,5,0,4,0,3,0,2,-1,2,-1,1,-1,0,-1,0,-1,-1,-1,-2,-1,-2,-1,-3,0,-4,0,-4,1,-4,1,-5,1,-5,2,-5,2,-6,3,-6,3,-6,4,-7,4,-7,4,0,0,-7,5,-7,6,-7,6,-7,6,-7,6,-8,6,-8,6,-7,5,-7,6,-8,5,-8,5,-7,4,-7,4,-7,4,-7,3,-6,3,-6,3,-6,2,-6,2,-5,2,-6,1,-5,1,-5,0,-5,0,-5,-1,-4,-1,0,0,0,0,0,0,0,0,0,0,0,0,0,0,56,-43,49,-41,41,-39,34,-38,26,-40,26,-34,18,-28,13,-27,8,-23,8,-22,3,-16,0,-14,-1,-11,-1,-7,-4,-3,-6,1,-2,7,-5,9,-5,15,0,17,3,21,0,29,2,24,4,28,6,31,7,34,10,34,12,36,17,40,18,43,17,42,20,47,20,44,25,45,22,45,19,49,20,47,21,47,19,48,17,47,14,46,13,45,15,45,9,44,8,41,8,44,8,40,7,35,5,34,3,32,4,31,0,30,-2,27,-7,23,-9,25,-10,23,-13,18,0,0,0,0,0,0,0,0,0,0,0,0,0,0,0,0,0,0,0,0,0,0,20,-3,21,-5,16,-6,16,-8,15,-11,8,-13,5,-13,5,-16,0,-22,-2,-19,-7,-28,-12,-27,-20,-30,-21,-30,-24,-32,-30,-33,-38,-32,-36,-33,-43,-29,-47,-33,-49,-29,-56,-30,-59,-26,-63,-26,-62,-23,-66,-15,-69,-18,-71,-9,-70,-3,-75,1,-68,7,-74,17,-70,19,-67,27,-64,32,-65,39,-59,44,-52,49,-45,55,-44,63,-38,69,-31,69,-24,79,-17,76,-12,77,3,88,-3,81,3,83,11,82,15,85,22,83,27,83,30,84,32,75,39,78,41,79,43,73,0,0]"
CSI_DATA,318,1a:00:00:00:00:00,-50,11,1,0,1,1,1,0,0,0,1,-96,0,11,2,4420278,0,44,0,384,0,"[0,0,0,0,0,0,0,0,0,0,0,0,-2,-9,-3,-8,-3,-7,-3,-6,-3,-5,-3,-4,-3,-3,-2,-2,-2,-2,-1,-1,-1,0,0,0,0,1,1,1,1,2,2,2,2,2,3,2,4,2,4,3,5,3,6,3,6,3,7,2,8,3,8,2,0,0,9,2,9,2,10,2,10,2,10,2,10,3,10,2,9,3,9,3,9,3,9,3,8,3,8,3,7,3,7,3,7,3,6,3,6,3,5,3,4,3,4,3,3,3,3,3,2,4,2,4,1,4,0,0,0,0,0,0,0,0,0,0,0,0,0,0,-63,-22,-57,-16,-54,-11,-47,-11,-47,-6,-39,-6,-37,-3,-33,-1,-27,5,-17,6,-15,2,-11,4,-7,6,-3,6,-1,4,5,0,11,0,8,1,10,-4,20,-9,19,-11,17,-11,22,-16,25,-20,28,-22,30,-23,31,-23,29,-32,26,-34,29,-35,33,-37,34,-38,31,-39,33,-44,29,-41,34,-43,35,-43,35,-42,38,-40,34,-37,37,-37,30,-31,34,-34,34,-33,33,-29,33,-24,31,-24,32,-21,28,-19,28,-16,27,-11,29,-13,27,-11,24,-10,24,-4,23,1,26,3,0,0,0,0,0,0,0,0,0,0,0,0,0,0,0,0,0,0,0,0,0,0,-21,-14,-19,-10,-18,-12,-19,-3,-18,-1,-15,2,-13,0,-14,7,-13,10,-9,18,-13,24,-10,27,-10,33,-6,37,-3,40,-4,44,2,45,2,45,8,50,9,53,14,54,17,60,21,57,29,56,28,67,35,57,35,57,38,55,44,56,52,50,52,46,54,43,58,39,61,32,65,29,69,21,68,14,72,10,70,0,76,-12,76,-12,74,-23,72,-26,75,-34,62,-40,63,-55,67,-55,61,-58,62,-62,58,-71,54,-71,49,-73,45,-76,45,-75,40,-85,37,-80,34,-83,0,0]"
CSI_DATA,319,1a:00:00:00:00:00,-50,11,1,0,1,1,1,0,0,0,1,-96,0,11,2,4431071,0,44,0,384,0,"[0,0,0,0,0,0,0,0,0,0,0,0,-3,-9,-3,-8,-3,-6,-3,-6,-3,-5,-3,-4,-3,-3,-2,-2,-2,-1,-1,-1,-1,0,0,0,0,1,1,1,1,2,2,2,3,2,3,2,4,2,5,2,5,2,6,2,6,2,7,2,8,2,8,2,0,0,9,2,10,2,10,2,10,1,10,2,10,2,10,2,10,2,10,2,9,2,9,3,8,3,8,3,8,3,7,3,7,3,6,3,6,3,5,3,5,3,4,3,4,3,3,3,3,4,2,4,1,4,0,0,0,0,0,0,0,0,0,0,0,0,0,0,-31,-17,-27,-14,-26,-10,-23,-8,-23,-4,-21,-4,-16,-3,-17,0,-12,1,-12,-1,-9,2,-6,0,-3,2,-2,3,-2,0,1,1,5,-2,4,-1,6,2,8,-2,9,-5,10,-5,11,-6,14,-7,13,-8,16,-12,14,-10,15,-16,16,-18,15,-18,16,-16,20,-20,18,-17,18,-23,16,-20,19,-21,18,-19,20,-19,20,-18,20,-18,17,-18,20,-16,20,-14,18,-15,19,-14,16,-11,15,-9,15,-9,15,-8,14,-9,13,-5,14,-4,13,-5,12,-3,12,-2,11,1,11,2,0,0,0,0,0,0,0,0,0,0,0,0,0,0,0,0,0,0,0,0,0,0,-8,-8,-9,-8,-7,-6,-8,-7,-8,-3,-10,-2,-8,1,-7,2,-8,6,-7,7,-7,9,-7,11,-8,16,-5,16,-5,19,-6,19,-4,26,-4,24,-1,27,0,27,2,27,2,31,4,28,9,32,8,32,14,31,12,30,17,32,15,30,22,31,21,23,28,26,27,25,29,21,31,18,31,15,31,11,35,8,36,6,37,2,37,1,37,-7,38,-8,37,-13,38,-14,37,-17,35,-19,34,-22,33,-27,33,-29,31,-31,28,-33,30,-36,26,-34,25,-38,24,-37,24,-36,0,0]"
CSI_DATA,320,1a:00:00:00:00:00,-50,11,1,0,1,1,1,0,0,0,1,-96,0,11,2,4450251,0,44,0,384,0,"[0,0,0,0,0,0,0,0,0,0,0,0,6,6,5,5,5,3,5,3,4,2,3,1,3,0,2,0,1,0,0,-1,0,-1,-1,-1,-2,-2,-3,-2,-3,-2,-4,-1,-5,-1,-5,-1,-6,-1,-6,0,-7,0,-8,0,-8,1,-9,1,-9,2,-9,2,0,0,-10,3,-11,2,-11,3,-11,3,-11,3,-11,3,-11,3,-11,3,-11,3,-10,2,-11,2,-10,1,-10,1,-9,1,-9,0,-9,0,-8,0,-8,0,-7,-1,-7,-1,-7,-1,-6,-2,-6,-2,-5,-2,-5,-3,-4,-3,0,0,0,0,0,0,0,0,0,0,0,0,0,0,32,-3,30,-3,26,-8,23,-10,20,-7,17,-8,16,-8,14,-9,11,-6,8,-7,5,-5,3,-5,2,-4,0,-4,-2,0,-3,1,-4,2,-5,3,-4,3,-8,6,-8,8,-7,7,-7,10,-7,13,-8,12,-8,15,-9,17,-9,20,-8,20,-6,22,-7,20,-8,25,-7,23,-7,25,-5,24,-8,25,-8,25,-8,26,-8,26,-9,25,-9,24,-10,22,-11,21,-10,20,-9,19,-10,19,-10,20,-9,15,-10,14,-10,12,-10,12,-12,9,-11,8,-13,8,-12,6,-12,6,-11,4,0,0,0,0,0,0,0,0,0,0,0,0,0,0,0,0,0,0,0,0,0,0,11,3,11,2,9,-2,9,-1,8,-3,8,-4,3,-5,4,-7,3,-9,1,-10,0,-14,-1,-15,-3,-17,-6,-17,-6,-20,-10,-20,-12,-21,-11,-21,-15,-24,-17,-22,-16,-22,-23,-25,-22,-24,-25,-23,-27,-24,-29,-19,-29,-20,-31,-17,-30,-14,-38,-14,-34,-11,-35,-7,-36,-4,-35,-2,-38,1,-34,4,-35,9,-34,12,-33,16,-34,21,-34,20,-32,27,-26,29,-27,32,-24,33,-21,32,-20,37,-17,38,-13,39,-13,41,-9,43,-9,43,-9,44,-5,41,-4,45,-1,45,0,41,0,0]"
CSI_DATA,321,1a:00:00:00:00:00,-50,11,1,0,1,1,1,0,0,0,1,-96,0,11,2,4460418,0,44,0,384,0,"[0,0,0,0,0,0,0,0,0,0,0,0,-7,-6,-6,-5,-6,-4,-6,-4,-5,-3,-4,-2,-4,-1,-3,-1,-2,-1,-1,0,-1,0,0,0,1,1,2,1,2,0,3,0,4,0,4,0,5,-1,5,-1,6,-1,7,-2,7,-2,8,-3,8,-3,8,-4,0,0,9,-4,9,-4,10,-5,9,-5,10,-5,10,-5,10,-5,9,-5,9,-5,9,-4,9,-3,9,-3,9,-3,8,-2,8,-2,8,-2,7,-2,7,-1,6,-1,6,-1,5,0,5,0,5,1,4,1,4,2,3,2,0,0,0,0,0,0,0,0,0,0,0,0,0,0,-33,11,-33,7,-28,12,-22,9,-22,10,-17,9,-15,11,-15,10,-13,8,-8,6,-6,7,-4,7,-1,3,-4,3,0,0,2,-1,2,-2,3,-4,6,-6,4,-7,5,-12,6,-9,4,-14,5,-16,6,-14,5,-19,4,-17,2,-22,3,-22,0,-25,2,-24,2,-27,2,-26,1,-28,-1,-26,3,-29,1,-29,2,-30,3,-26,3,-28,5,-27,3,-26,3,-24,7,-25,5,-20,4,-22,6,-18,7,-20,7,-19,5,-16,6,-14,7,-14,8,-13,6,-11,8,-10,9,-8,11,-7,0,0,0,0,0,0,0,0,0,0,0,0,0,0,0,0,0,0,0,0,0,0,-14,-2,-11,-2,-10,1,-9,1,-11,2,-8,2,-6,6,-4,5,-4,10,0,9,-1,10,4,13,5,16,6,17,9,18,11,18,12,21,12,19,14,17,16,21,21,22,25,21,25,19,27,18,30,19,31,17,31,16,34,12,34,13,38,8,33,6,38,4,36,0,35,-5,38,-7,35,-12,33,-12,33,-18,30,-20,29,-27,29,-28,25,-31,24,-32,21,-35,19,-37,10,-39,15,-40,10,-41,9,-43,8,-45,4,-44,0,-47,-1,-49,-4,-45,-5,-49,-6,-44,-8,-42,0,0]"
CSI_DATA,322,1a:00:00:00:00:00,-50,11,1,0,1,1,1,0,0,0,1,-96,0,11,2,4470292,0,44,0,384,0,"[0,0,0,0,0,0,0,0,0,0,0,0,7,-2,6,-3,5,-3,5,-3,4,-3,3,-3,2,-3,1,-2,0,-2,0,-1,-1,-1,-1,-1,-2,0,-2,1,-3,1,-3,2,-3,3,-3,3,-3,4,-3,4,-3,5,-3,6,-3,6,-3,7,-3,7,-3,8,0,0,-2,9,-3,9,-3,9,-2,10,-3,9,-3,10,-3,10,-3,9,-3,9,-3,9,-3,9,-4,8,-3,8,-4,7,-4,7,-4,6,-4,6,-4,5,-4,5,-4,4,-4,4,-4,3,-4,3,-4,2,-5,2,-4,1,0,0,0,0,0,0,0,0,0,0,0,0,0,0,35,-58,28,-54,24,-51,9,-50,10,-45,12,-40,5,-36,1,-30,-4,-26,-4,-20,-5,-17,-5,-13,-4,-7,-5,-3,-3,2,-1,2,-1,9,0,11,0,12,5,14,5,15,10,25,12,21,15,22,19,24,21,30,20,27,26,31,26,33,32,33,30,33,40,37,33,34,41,33,40,31,41,38,40,39,40,36,38,36,37,35,32,36,31,36,30,34,26,36,24,34,25,34,23,31,18,34,19,27,15,30,14,25,9,25,11,25,7,25,3,27,2,25,-4,20,0,0,0,0,0,0,0,0,0,0,0,0,0,0,0,0,0,0,0,0,0,0,21,-13,16,-12,12,-15,7,-16,9,-16,6,-17,1,-16,-7,-14,-8,-19,-15,-16,-19,-18,-24,-16,-27,-20,-31,-18,-35,-15,-40,-15,-46,-9,-49,-13,-53,-6,-58,-5,-57,-4,-63,1,-62,5,-63,6,-66,11,-69,18,-66,14,-69,23,-64,28,-60,38,-59,39,-58,46,-55,50,-42,52,-40,60,-32,61,-29,62,-24,67,-19,72,-10,74,-6,77,5,79,10,76,20,78,27,71,32,81,38,73,44,68,46,67,50,70,58,65,59,61,65,63,66,56,67,58,70,50,70,49,0,0]"
CSI_DATA,323,1a:00:00:00:00:00,-50,11,1,0,1,1,1,0,0,0,1,-96,0,11,2,4480277,0,44,0,384,0,"[0,0,0,0,0,0,0,0,0,0,0,0,-2,-9,-2,-8,-3,-6,-3,-6,-3,-5,-3,-4,-3,-3,-2,-2,-2,-2,-1,-1,-1,0,-1,0,0,1,1,1,1,2,2,2,2,2,3,2,4,3,4,3,5,3,6,3,6,3,7,3,7,3,8,3,0,0,9,2,9,3,10,2,10,3,10,3,10,3,10,3,9,3,9,3,9,3,9,4,8,4,7,4,7,4,7,4,6,4,6,4,5,3,5,4,4,3,4,4,3,4,3,4,2,4,1,4,1,4,0,0,0,0,0,0,0,0,0,0,0,0,0,0,-66,-9,-60,-10,-56,-2,-52,-7,-44,1,-40,-1,-30,6,-28,7,-29,9,-17,6,-16,8,-9,9,-8,8,-2,5,-1,2,4,2,4,0,9,-2,10,-6,12,-11,15,-16,17,-11,18,-18,22,-23,20,-23,21,-30,17,-32,18,-37,21,-38,22,-40,17,-42,22,-46,22,-41,22,-50,23,-51,25,-51,26,-48,23,-52,23,-47,22,-44,22,-41,27,-41,30,-40,26,-35,27,-35,23,-34,28,-30,22,-30,27,-26,23,-23,26,-19,25,-18,21,-14,26,-13,20,-11,24,-8,23,-5,0,0,0,0,0,0,0,0,0,0,0,0,0,0,0,0,0,0,0,0,0,0,-22,-12,-19,-11,-18,-9,-18,-8,-18,-2,-14,4,-17,5,-12,11,-14,12,-11,20,-12,20,-3,24,-5,34,-4,35,-4,39,2,40,7,47,8,43,8,55,15,48,17,56,24,61,28,53,32,61,35,60,43,55,39,57,45,57,44,49,57,48,53,38,63,34,63,30,66,25,70,20,72,14,69,5,78,-4,75,-6,76,-18,74,-23,75,-29,68,-40,70,-44,67,-48,65,-63,64,-59,52,-63,50,-70,49,-78,48,-76,39,-81,42,-79,30,-75,26,-86,25,-81,24,-83,0,0]"
CSI_DATA,324,1a:00:00:00:00:00,-50,11,1,0,1,1,1,0,0,0,1,-96,0,11,2,4490945,0,44,0,384,0,"[0,0,0,0,0,0,0,0,0,0,0,0,2,8,2,7,3,5,2,5,2,4,2,3,2,2,1,1,1,0,1,0,0,-1,0,-1,-1,-2,-2,-2,-2,-3,-3,-3,-4,-3,-4,-3,-5,-3,-5,-3,-6,-3,-7,-3,-7,-3,-8,-3,-9,-3,-9,-2,0,0,-10,-2,-11,-3,-11,-3,-11,-2,-11,-3,-11,-3,-11,-3,-11,-3,-11,-3,-10,-3,-10,-3,-9,-4,-9,-4,-9,-4,-8,-4,-8,-4,-7,-4,-7,-4,-6,-4,-6,-4,-5,-4,-5,-4,-4,-4,-4,-5,-3,-5,-2,-5,0,0,0,0,0,0,0,0,0,0,0,0,0,0,32,9,29,9,27,7,25,4,22,2,21,1,17,-1,15,-1,11,-3,11,-3,8,-6,7,-4,4,-3,0,-4,-2,-3,-2,-1,-6,0,-5,-1,-9,2,-9,3,-9,5,-11,6,-11,9,-13,10,-13,10,-14,10,-15,14,-15,15,-13,15,-17,18,-15,18,-17,18,-18,20,-18,21,-16,22,-18,20,-19,22,-18,20,-19,20,-18,19,-19,18,-19,16,-18,16,-17,17,-19,16,-18,12,-17,12,-17,11,-14,10,-16,9,-14,7,-14,7,-14,4,-14,1,-14,2,-11,-1,-12,-2,0,0,0,0,0,0,0,0,0,0,0,0,0,0,0,0,0,0,0,0,0,0,8,6,7,5,7,4,9,4,7,1,8,0,6,-4,7,-6,6,-9,5,-10,4,-11,5,-13,4,-17,4,-20,1,-20,0,-22,-1,-24,-3,-24,-5,-26,-5,-28,-9,-28,-10,-31,-13,-31,-13,-31,-15,-32,-20,-31,-19,-30,-22,-28,-24,-27,-29,-26,-28,-24,-31,-24,-34,-22,-32,-15,-35,-16,-35,-10,-35,-6,-38,-2,-39,0,-40,3,-40,7,-39,9,-38,15,-38,18,-36,20,-36,25,-33,24,-30,28,-29,29,-31,34,-26,35,-25,38,-28,38,-22,39,-22,40,-18,42,-17,37,0,0]"
CSI_DATA,325,1a:00:00:00:00:00,-50,11,1,0,1,1,1,0,0,0,1,-96,0,11,2,4500269,0,44,0,384,0,"[0,0,0,0,0,0,0,0,0,0,0,0,-6,5,-5,5,-4,4,-4,4,-3,3,-2,3,-1,2,-1,2,-1,1,0,0,0,0,0,-1,0,-1,0,-2,1,-3,0,-4,0,-4,0,-4,0,-5,0,-6,-1,-6,-1,-7,-1,-7,-2,-8,-2,-8,-3,-9,0,0,-3,-9,-3,-9,-3,-10,-3,-10,-3,-10,-3,-10,-3,-10,-3,-10,-3,-10,-3,-10,-2,-10,-2,-9,-2,-9,-1,-9,-1,-8,-1,-8,-1,-7,-1,-7,0,-7,0,-6,1,-6,1,-6,1,-5,1,-5,2,-5,2,-4,0,0,0,0,0,0,0,0,0,0,0,0,0,0,3,66,1,58,3,57,11,45,8,45,10,41,7,34,10,27,13,23,13,17,11,16,5,8,11,7,5,0,0,0,-2,-8,0,-9,-5,-10,-7,-12,-11,-13,-15,-18,-21,-20,-18,-14,-28,-18,-29,-18,-34,-21,-27,-18,-38,-16,-38,-16,-50,-20,-44,-14,-48,-14,-41,-19,-51,-19,-52,-15,-50,-22,-50,-21,-53,-19,-47,-16,-50,-20,-42,-18,-47,-22,-42,-25,-42,-19,-38,-26,-36,-24,-33,-23,-37,-19,-27,-19,-25,-18,-26,-20,-20,-20,-20,-18,-14,-20,-12,-24,-9,-22,-6,-22,0,0,0,0,0,0,0,0,0,0,0,0,0,0,0,0,0,0,0,0,0,0,-7,22,-6,19,-8,15,-1,18,1,13,5,11,7,12,9,7,18,7,20,4,25,7,24,-2,32,-4,36,-2,37,-6,40,-10,41,-18,47,-15,44,-24,48,-27,47,-31,50,-35,51,-42,46,-44,47,-45,44,-58,44,-50,43,-59,37,-54,34,-64,29,-62,21,-70,20,-67,8,-74,5,-75,-2,-75,-3,-70,-16,-71,-29,-68,-32,-76,-39,-69,-44,-69,-51,-63,-53,-64,-60,-55,-70,-49,-74,-48,-76,-38,-77,-40,-81,-33,-83,-30,-84,-26,-86,-28,-86,-18,-87,-17,-85,-10,-81,-16,0,0]"
CSI_DATA,326,1a:00:00:00:00:00,-50,11,1,0,1,1,1,0,0,0,1,-96,0,11,2,4510351,0,44,0,384,0,"[0,0,0,0,0,0,0,0,0,0,0,0,-9,-2,-8,-1,-8,0,-7,0,-6,0,-4,0,-4,0,-3,0,-2,0,-1,0,0,0,0,0,1,0,2,-1,2,-1,3,-2,3,-2,4,-3,4,-3,4,-4,5,-4,5,-5,5,-5,6,-6,6,-6,6,-7,0,0,6,-8,7,-8,6,-8,7,-9,7,-8,7,-9,7,-9,7,-8,7,-8,7,-8,7,-7,7,-7,7,-6,6,-6,6,-6,6,-5,6,-5,6,-4,5,-4,5,-3,5,-3,5,-2,5,-2,5,-1,5,0,4,0,0,0,0,0,0,0,0,0,0,0,0,0,0,0,-43,48,-44,42,-33,47,-27,44,-24,39,-20,40,-17,31,-10,29,-7,24,-4,22,-1,15,1,10,2,9,0,8,8,1,4,-4,3,-9,3,-11,3,-13,1,-17,-3,-25,-2,-22,-4,-24,-10,-29,-5,-31,-8,-35,-11,-35,-16,-34,-18,-39,-19,-43,-21,-41,-22,-45,-19,-44,-23,-44,-25,-46,-22,-51,-25,-47,-23,-50,-19,-47,-21,-46,-16,-49,-16,-50,-13,-47,-15,-44,-12,-45,-10,-42,-9,-40,0,-35,-4,-33,2,-34,-1,-29,-1,-29,0,-26,5,-26,5,-28,5,-22,10,-20,0,0,0,0,0,0,0,0,0,0,0,0,0,0,0,0,0,0,0,0,0,0,-21,12,-16,9,-15,9,-11,11,-8,12,-2,14,0,14,4,15,8,16,13,13,18,15,24,15,25,16,32,13,32,22,39,19,43,15,43,11,49,9,49,14,55,10,62,4,62,3,69,-4,65,-6,67,-14,69,-11,70,-16,64,-22,70,-32,58,-30,64,-41,60,-38,52,-51,52,-53,44,-58,40,-57,34,-72,25,-69,20,-75,17,-75,11,-81,2,-78,-6,-83,-6,-78,-12,-80,-16,-83,-29,-77,-34,-83,-36,-79,-43,-76,-54,-70,-53,-78,-52,-72,-62,-72,-58,-66,-58,-58,0,0]"
CSI_DATA,327,1a:00:00:00:00:00,-50,11,1,0,1,1,1,0,0,0,1,-96,0,11,2,4520294,0,44,0,384,0,"[0,0,0,0,0,0,0,0,0,0,0,0,5,5,5,4,5,3,5,2,4,2,3,1,3,0,2,0,1,0,1,-1,0,-1,-1,-1,-2,-2,-2,-2,-3,-2,-4,-1,-4,-1,-5,-1,-5,-1,-6,0,-6,0,-7,0,-7,1,-8,1,-9,1,-9,2,0,0,-9,3,-10,3,-10,3,-10,3,-10,3,-10,3,-10,3,-10,3,-10,3,-10,2,-10,2,-9,1,-9,1,-9,1,-8,0,-8,0,-8,0,-7,0,-7,0,-6,-1,-6,-1,-6,-1,-6,-2,-5,-2,-5,-3,-4,-3,0,0,0,0,0,0,0,0,0,0,0,0,0,0,33,-4,30,-6,28,-6,23,-8,21,-7,18,-9,17,-9,13,-9,10,-8,8,-8,5,-8,4,-5,1,-3,1,-5,-1,-3,-4,0,-4,-1,-5,3,-6,4,-5,5,-8,9,-8,8,-8,11,-5,12,-7,13,-7,16,-8,17,-5,19,-8,19,-4,21,-5,22,-5,24,-5,21,-7,24,-5,25,-8,28,-7,23,-9,28,-10,25,-7,25,-8,23,-7,21,-10,22,-8,22,-9,19,-9,17,-10,19,-11,15,-10,13,-10,13,-9,12,-10,11,-8,9,-11,8,-13,7,-10,5,-14,5,0,0,0,0,0,0,0,0,0,0,0,0,0,0,0,0,0,0,0,0,0,0,11,1,10,0,8,0,9,-1,6,-1,7,-4,6,-4,4,-5,3,-10,1,-11,0,-12,-2,-14,-6,-14,-8,-18,-6,-19,-8,-19,-13,-21,-12,-21,-15,-20,-16,-22,-17,-24,-22,-24,-23,-22,-26,-20,-27,-22,-31,-18,-30,-17,-34,-17,-29,-14,-35,-12,-35,-9,-39,-9,-35,-7,-36,-1,-37,2,-38,6,-35,8,-33,12,-32,15,-35,21,-32,23,-29,25,-28,28,-27,32,-24,33,-18,33,-20,37,-17,38,-15,39,-12,41,-8,41,-5,45,-10,46,-3,41,-2,45,-2,45,-2,44,0,0]"
CSI_DATA,328,1a:00:00:00:00:00,-50,11,1,0,1,1,1,0,0,0,1,-96,0,11,2,4542080,0,44,0,384,0,"[0,0,0,0,0,0,0,0,0,0,0,0,7,-5,6,-5,4,-5,4,-5,3,-4,2,-4,1,-4,1,-3,0,-3,-1,-2,-1,-1,-2,0,-2,0,-2,1,-2,1,-2,2,-2,3,-2,4,-2,4,-2,5,-2,6,-1,6,-2,7,-1,8,-1,8,0,8,0,0,0,9,0,10,0,10,0,11,0,10,0,10,0,10,0,10,0,10,-1,10,-1,10,-1,9,-2,8,-2,8,-2,8,-2,8,-2,7,-2,7,-3,6,-3,5,-3,5,-3,5,-3,4,-4,4,-4,3,-4,2,0,0,0,0,0,0,0,0,0,0,0,0,0,0,-2,-33,-1,-33,-5,-27,-5,-24,-6,-23,-7,-17,-5,-17,-6,-15,-5,-13,-6,-12,-7,-7,-5,-4,-6,-3,-3,-3,-3,0,-1,2,-1,3,2,4,1,7,6,8,7,9,7,8,9,8,11,8,14,8,14,11,15,8,17,9,19,6,21,9,21,10,22,11,22,8,25,9,24,7,24,11,24,10,26,8,24,10,22,11,22,11,20,12,19,13,18,13,18,11,17,12,14,14,13,12,12,13,13,13,11,10,10,11,8,11,7,11,4,12,2,11,0,12,0,0,0,0,0,0,0,0,0,0,0,0,0,0,0,0,0,0,0,0,0,0,2,-11,1,-10,0,-12,-3,-11,-2,-9,-4,-8,-5,-4,-9,-5,-9,-3,-12,-2,-14,-1,-15,1,-17,4,-16,5,-19,7,-22,8,-21,11,-23,12,-20,13,-21,16,-21,18,-23,20,-24,24,-23,25,-22,27,-19,27,-20,27,-18,29,-17,31,-13,33,-10,32,-9,35,-5,35,-1,34,1,36,6,34,7,35,11,35,14,34,18,33,21,30,25,30,25,30,31,28,31,24,33,21,36,20,38,16,39,15,42,13,42,13,43,9,44,9,44,6,44,6,42,3,42,4,0,0]"
CSI_DATA,329,1a:00:00:00:00:00,-50,11,1,0,1,1,1,0,0,0,1,-96,0,11,2,4550358,0,44,0,384,0,"[0,0,0,0,0,0,0,0,0,0,0,0,5,-6,4,-6,3,-6,3,-5,2,-5,1,-4,0,-4,0,-3,-1,-2,-1,-2,-1,-1,-1,0,-2,0,-2,1,-2,2,-2,3,-1,3,-1,4,-1,4,-1,5,0,5,0,6,0,6,1,7,1,7,1,8,0,0,2,8,2,9,2,9,2,9,2,9,2,9,2,9,2,9,2,9,1,9,1,9,1,8,0,8,0,8,0,7,0,7,-1,7,-1,6,-1,6,-1,5,-2,5,-2,5,-2,4,-3,4,-3,3,-3,3,0,0,0,0,0,0,0,0,0,0,0,0,0,0,-4,-66,-10,-62,-17,-55,-22,-48,-15,-44,-15,-36,-17,-30,-20,-31,-10,-24,-14,-19,-12,-12,-14,-9,-7,-5,-8,-2,-6,3,-4,4,4,7,8,10,8,4,9,12,15,10,17,14,21,13,22,12,30,15,32,13,37,16,39,11,42,14,45,12,42,12,49,12,50,11,54,13,50,8,49,13,51,14,53,13,50,16,49,16,48,17,45,17,44,18,40,18,41,16,42,19,33,19,33,20,25,17,24,19,29,16,24,20,18,19,17,20,14,22,12,19,9,19,0,0,0,0,0,0,0,0,0,0,0,0,0,0,0,0,0,0,0,0,0,0,3,-25,2,-25,2,-19,-1,-21,-6,-16,-11,-12,-13,-9,-16,-7,-18,-5,-20,-1,-25,1,-27,5,-32,12,-33,10,-33,11,-42,18,-38,25,-46,22,-39,33,-43,38,-42,38,-45,45,-43,51,-44,54,-37,60,-35,60,-34,58,-29,61,-31,64,-21,67,-17,64,-8,70,-6,73,5,72,12,73,16,68,22,68,28,69,35,62,44,64,45,60,58,58,55,52,65,49,66,40,77,30,74,30,79,25,83,26,92,22,85,20,88,8,89,16,89,5,89,-2,86,-9,81,-4,0,0]"
CSI_DATA,330,1a:00:00:00:00:00,-50,11,1,0,1,1,1,0,0,0,1,-96,0,11,2,4560282,0,44,0,384,0,"[0,0,0,0,0,0,0,0,0,0,0,0,-8,5,-7,5,-5,4,-5,4,-4,3,-3,3,-2,3,-1,2,-1,1,0,1,0,0,1,-1,1,-1,1,-2,1,-3,1,-4,1,-4,1,-5,1,-6,1,-6,1,-7,0,-7,0,-8,0,-9,0,-10,-1,-10,0,0,-1,-11,-1,-11,-1,-12,-2,-12,-1,-12,-1,-12,-1,-12,-1,-11,-1,-12,-1,-11,0,-11,0,-10,0,-10,0,-10,1,-9,1,-9,1,-8,1,-8,1,-7,2,-7,2,-6,2,-6,2,-5,3,-5,3,-4,3,-4,0,0,0,0,0,0,0,0,0,0,0,0,0,0,2,30,5,29,9,26,4,22,6,18,7,18,7,15,8,12,6,10,7,10,6,7,5,5,4,2,2,0,1,-1,0,-4,-2,-5,-3,-4,-4,-5,-4,-6,-9,-9,-8,-8,-13,-9,-13,-7,-12,-7,-16,-11,-16,-10,-19,-8,-20,-11,-22,-8,-22,-8,-24,-9,-24,-8,-27,-9,-25,-9,-26,-11,-26,-9,-26,-11,-25,-13,-26,-10,-22,-10,-23,-12,-23,-12,-23,-11,-17,-13,-17,-13,-15,-11,-14,-11,-13,-9,-12,-10,-10,-10,-10,-12,-10,-12,-7,-12,-7,-12,-5,-11,-4,-11,0,0,0,0,0,0,0,0,0,0,0,0,0,0,0,0,0,0,0,0,0,0,-2,9,-2,10,-2,8,0,8,1,7,3,6,4,5,7,4,8,1,9,0,12,-3,14,-2,17,-7,17,-7,18,-8,18,-9,21,-14,21,-12,20,-16,20,-19,18,-18,22,-25,22,-23,19,-27,19,-28,17,-31,18,-28,18,-32,15,-32,9,-35,9,-31,6,-37,3,-35,2,-36,-4,-38,-6,-36,-10,-34,-13,-36,-18,-34,-22,-32,-22,-31,-27,-26,-28,-30,-33,-26,-34,-25,-38,-23,-40,-19,-39,-17,-42,-14,-41,-13,-42,-12,-44,-6,-44,-9,-41,-5,-46,-3,-44,-3,-42,-2,0,0]"
CSI_DATA,331,1a:00:00:00:00:00,-50,11,1,0,1,1,1,0,0,0,1,-96,0,11,2,4590658,0,44,0,384,0,"[0,0,0,0,0,0,0,0,0,0,0,0,-8,4,-7,4,-6,4,-5,4,-4,3,-3,3,-2,3,-2,2,-1,1,-1,1,0,0,1,-1,1,-1,1,-2,1,-2,2,-4,2,-4,2,-5,1,-5,1,-6,1,-7,1,-7,1,-8,0,-9,0,-9,0,-10,0,0,-1,-11,0,-11,-1,-12,-1,-12,0,-11,0,-12,-1,-12,0,-11,0,-12,0,-11,0,-11,1,-10,1,-10,1,-9,1,-9,1,-9,1,-8,1,-8,2,-7,2,-7,2,-6,2,-6,3,-5,3,-5,3,-4,3,-3,0,0,0,0,0,0,0,0,0,0,0,0,0,0,-1,35,1,31,6,28,5,25,3,21,6,20,7,17,6,13,5,10,5,11,6,5,4,5,4,2,2,1,2,-2,-1,-3,-1,-3,-3,-5,-4,-7,-4,-9,-7,-8,-9,-10,-11,-9,-12,-8,-13,-9,-14,-11,-16,-11,-19,-10,-17,-12,-25,-9,-22,-10,-24,-10,-23,-13,-27,-10,-24,-10,-25,-14,-28,-13,-27,-13,-26,-17,-23,-12,-23,-12,-22,-13,-21,-14,-22,-14,-18,-14,-16,-12,-15,-13,-15,-13,-15,-14,-13,-14,-10,-13,-9,-13,-9,-13,-7,-12,-5,-13,-1,-12,-1,-13,0,0,0,0,0,0,0,0,0,0,0,0,0,0,0,0,0,0,0,0,0,0,0,12,-1,10,1,10,2,10,1,7,3,7,6,2,6,3,8,0,10,0,11,-3,14,-4,14,-7,16,-8,15,-9,17,-10,20,-14,20,-15,19,-17,17,-19,21,-22,20,-24,21,-22,20,-28,19,-30,15,-30,16,-31,15,-32,13,-32,9,-39,6,-34,4,-39,4,-37,-1,-37,-5,-38,-9,-36,-12,-33,-14,-36,-18,-33,-23,-34,-23,-33,-28,-28,-30,-30,-34,-28,-34,-22,-43,-22,-41,-19,-43,-16,-41,-14,-44,-14,-44,-10,-47,-6,-45,-7,-46,-5,-48,-3,-45,-2,-43,-1,0,0]"
CSI_DATA,332,1a:00:00:00:00:00,-50,11,1,0,1,1,1,0,0,0,1,-96,0,11,2,4600271,0,44,0,384,0,"[0,0,0,0,0,0,0,0,0,0,0,0,-3,-9,-4,-8,-4,-6,-4,-6,-3,-5,-3,-4,-3,-3,-3,-2,-2,-2,-2,-1,-1,0,-1,0,0,1,1,1,1,2,2,2,2,2,3,2,4,2,5,2,5,3,6,3,6,2,7,2,8,3,8,2,0,0,9,2,9,2,10,2,10,2,10,2,10,3,10,2,10,2,10,3,9,3,9,3,8,4,8,4,8,4,7,4,7,4,6,4,5,4,5,3,4,3,4,4,3,4,3,4,2,4,2,4,1,4,0,0,0,0,0,0,0,0,0,0,0,0,0,0,-33,-10,-33,-8,-29,-3,-24,-3,-23,-1,-20,-1,-18,2,-16,2,-14,3,-10,4,-8,5,-5,2,-5,3,-4,2,1,3,0,2,5,0,6,0,4,-2,7,-1,8,-5,8,-6,9,-8,12,-10,11,-9,12,-12,12,-14,14,-15,14,-16,14,-20,13,-18,16,-21,15,-16,18,-20,14,-21,17,-21,17,-21,16,-21,18,-20,17,-18,16,-19,18,-18,19,-18,18,-17,17,-13,16,-13,14,-10,14,-11,15,-10,13,-8,13,-7,15,-6,14,-6,11,-2,12,-2,11,-1,11,2,0,0,0,0,0,0,0,0,0,0,0,0,0,0,0,0,0,0,0,0,0,0,-12,-5,-9,-5,-9,-5,-7,-3,-8,1,-9,1,-6,3,-7,6,-6,7,-3,9,-3,10,-3,12,-1,15,-1,19,1,20,2,21,3,23,5,25,8,25,10,25,10,25,13,29,15,26,17,26,18,27,20,26,18,27,23,25,23,23,30,21,28,19,32,18,34,15,30,10,37,11,35,5,35,3,37,-1,37,-3,39,-9,37,-11,37,-16,34,-19,34,-23,32,-25,28,-25,29,-30,28,-34,25,-34,26,-35,26,-38,23,-40,22,-39,20,-38,18,-42,17,-41,15,-40,0,0]"
CSI_DATA,333,1a:00:00:00:00:00,-50,11,1,0,1,1,1,0,0,0,1,-96,0,11,2,4620285,0,44,0,384,0,"[0,0,0,0,0,0,0,0,0,0,0,0,-8,4,-7,4,-6,4,-5,3,-4,3,-3,2,-2,2,-2,2,-1,1,-1,1,0,0,1,-1,1,-1,1,-2,1,-2,2,-3,2,-4,2,-5,1,-5,1,-6,1,-6,1,-7,1,-8,1,-8,1,-9,0,-9,0,0,0,-10,0,-11,0,-11,0,-11,0,-11,0,-11,0,-11,1,-11,1,-11,1,-11,1,-10,2,-10,2,-9,2,-9,2,-8,2,-8,2,-8,2,-7,2,-6,2,-6,3,-5,3,-5,3,-5,3,-4,3,-3,3,-3,0,0,0,0,0,0,0,0,0,0,0,0,0,0,-5,33,-4,27,2,30,0,26,1,21,4,22,3,14,5,16,3,12,6,10,3,7,4,4,4,3,2,1,4,-1,1,-2,-2,-3,-3,-4,-4,-8,-4,-6,-5,-11,-6,-10,-8,-10,-11,-11,-10,-11,-15,-13,-14,-12,-18,-13,-18,-16,-22,-15,-21,-13,-24,-16,-21,-14,-25,-15,-24,-12,-25,-17,-24,-16,-24,-15,-22,-16,-22,-16,-18,-15,-18,-15,-18,-16,-18,-17,-17,-16,-13,-15,-13,-16,-14,-14,-12,-15,-10,-14,-10,-13,-8,-14,-6,-14,-5,-12,-5,-13,-3,-12,-2,-14,0,0,0,0,0,0,0,0,0,0,0,0,0,0,0,0,0,0,0,0,0,0,-2,12,-3,11,0,10,-1,9,0,7,3,7,6,5,7,4,9,4,9,1,11,1,13,0,17,-4,16,-5,20,-6,20,-7,23,-13,21,-10,22,-13,23,-14,23,-15,28,-20,22,-21,23,-25,25,-24,20,-28,21,-27,22,-33,17,-29,16,-38,11,-34,12,-38,8,-35,5,-37,0,-39,-2,-37,-3,-36,-10,-38,-12,-37,-18,-37,-20,-41,-21,-32,-25,-36,-28,-30,-31,-29,-33,-31,-36,-29,-38,-25,-40,-23,-39,-22,-43,-17,-45,-14,-49,-16,-40,-13,-47,-11,-47,-9,-41,-8,0,0]"
CSI_DATA,334,1a:00:00:00:00:00,-50,11,1,0,1,1,1,0,0,0,1,-96,0,11,2,4630279,0,44,0,384,0,"[0,0,0,0,0,0,0,0,0,0,0,0,2,8,2,7,3,6,2,5,2,4,2,3,2,2,2,1,1,1,1,0,0,-1,0,-1,-1,-2,-1,-3,-2,-3,-3,-3,-3,-3,-4,-3,-5,-3,-6,-3,-6,-3,-7,-3,-7,-3,-8,-3,-9,-4,-9,-3,0,0,-10,-3,-11,-3,-11,-3,-11,-3,-11,-3,-11,-3,-11,-3,-11,-3,-11,-3,-10,-4,-10,-4,-9,-4,-9,-4,-9,-4,-8,-4,-8,-4,-7,-4,-7,-4,-6,-4,-6,-4,-5,-4,-5,-4,-4,-5,-3,-5,-3,-5,-2,-5,0,0,0,0,0,0,0,0,0,0,0,0,0,0,32,17,26,12,27,9,23,8,26,8,19,3,16,1,16,-1,12,-1,11,-1,9,-2,7,-2,3,-2,2,-4,-2,-3,-2,-2,-5,-2,-9,-2,-7,-1,-9,2,-10,2,-11,4,-14,3,-14,6,-14,5,-17,5,-15,9,-17,9,-19,10,-19,12,-22,14,-22,13,-20,13,-20,17,-22,15,-23,16,-24,16,-22,14,-25,13,-22,13,-22,13,-22,13,-23,10,-24,11,-18,9,-22,9,-20,6,-19,6,-16,4,-17,1,-14,2,-17,1,-15,2,-15,-2,-13,-4,-13,-4,-11,-5,0,0,0,0,0,0,0,0,0,0,0,0,0,0,0,0,0,0,0,0,0,0,9,6,9,4,8,3,8,4,6,1,7,-1,7,-3,5,-5,7,-9,7,-9,6,-11,3,-16,2,-18,2,-21,3,-20,0,-22,-2,-24,-1,-22,-3,-27,-4,-27,-4,-30,-7,-32,-9,-31,-12,-32,-13,-32,-18,-34,-16,-31,-20,-30,-20,-30,-28,-28,-25,-26,-30,-25,-31,-24,-31,-20,-34,-20,-34,-14,-35,-11,-39,-7,-40,-4,-41,2,-40,3,-41,6,-39,8,-41,15,-39,14,-42,18,-39,19,-37,23,-34,26,-37,31,-33,32,-32,34,-31,35,-27,34,-28,38,-26,35,-23,35,0,0]"
CSI_DATA,335,1a:00:00:00:00:00,-50,11,1,0,1,1,1,0,0,0,1,-96,0,11,2,4641602,0,44,0,384,0,"[0,0,0,0,0,0,0,0,0,0,0,0,-4,7,-3,6,-2,6,-2,5,-1,5,-1,3,0,3,0,2,0,1,0,0,0,0,0,-1,0,-2,0,-3,0,-3,0,-4,-1,-4,-1,-5,-2,-5,-2,-6,-2,-6,-3,-7,-3,-7,-4,-7,-4,-8,-5,-8,0,0,-6,-9,-6,-9,-6,-9,-6,-9,-6,-9,-6,-9,-6,-9,-6,-9,-5,-9,-5,-9,-5,-9,-4,-9,-4,-9,-3,-8,-3,-8,-3,-8,-3,-8,-2,-7,-2,-7,-1,-6,-1,-6,0,-6,0,-6,0,-5,1,-5,1,-4,0,0,0,0,0,0,0,0,0,0,0,0,0,0,29,59,31,54,33,43,28,41,27,33,29,32,25,26,26,17,21,17,15,12,14,6,14,4,6,2,8,-4,5,-4,0,-5,-4,-9,-8,-11,-9,-7,-11,-5,-16,-8,-22,-10,-26,-8,-28,-12,-34,-5,-36,-4,-40,-3,-40,0,-40,1,-46,1,-44,2,-50,0,-53,-1,-52,5,-51,0,-56,0,-55,-2,-55,2,-56,-2,-48,-5,-55,-4,-50,-6,-45,0,-46,-6,-43,-9,-41,-10,-39,-10,-37,-9,-31,-13,-30,-10,-27,-11,-26,-15,-20,-14,-22,-14,-23,-17,-19,-18,-11,-19,0,0,0,0,0,0,0,0,0,0,0,0,0,0,0,0,0,0,0,0,0,0,5,27,3,17,7,18,7,13,9,12,11,9,16,5,12,4,17,0,18,-6,20,-10,22,-16,26,-21,27,-24,22,-26,28,-29,30,-39,30,-42,27,-43,29,-49,22,-51,27,-57,27,-60,17,-65,16,-66,9,-65,7,-70,2,-67,1,-72,-8,-71,-8,-68,-15,-69,-19,-71,-25,-68,-32,-67,-42,-65,-45,-58,-53,-55,-60,-45,-67,-41,-66,-39,-72,-37,-78,-31,-81,-24,-78,-18,-80,-20,-81,-8,-86,0,-86,2,-90,8,-88,12,-87,22,-90,19,-87,26,-90,25,-79,34,-79,27,0,0]"
CSI_DATA,336,1a:00:00:00:00:00,-50,11,1,0,1,1,1,0,0,0,1,-96,0,11,2,4651033,0,44,0,384,0,"[0,0,0,0,0,0,0,0,0,0,0,0,5,-7,4,-6,3,-6,3,-6,2,-5,1,-4,0,-4,0,-3,-1,-2,-1,-2,-1,-1,-2,0,-2,1,-2,1,-2,2,-2,3,-1,3,-1,4,-1,4,0,5,0,6,0,6,0,7,1,7,1,8,1,8,0,0,2,9,2,9,2,10,3,10,2,10,2,10,2,10,2,10,2,10,1,9,1,9,0,9,0,8,0,8,0,8,0,8,-1,7,-1,6,-1,6,-1,6,-2,5,-2,5,-2,4,-3,4,-3,3,-3,3,0,0,0,0,0,0,0,0,0,0,0,0,0,0,-7,-36,-8,-29,-10,-27,-12,-24,-10,-23,-9,-18,-10,-16,-11,-12,-8,-8,-8,-7,-7,-6,-6,-4,-6,-4,-4,0,-3,0,-1,1,-1,3,2,4,3,5,7,7,6,6,8,6,11,4,13,6,13,6,16,8,16,6,20,6,20,7,21,6,22,5,22,5,23,4,27,6,26,5,26,6,24,5,27,5,26,5,26,7,22,8,22,8,21,8,21,8,18,9,19,8,18,9,16,8,14,9,13,8,13,8,11,8,10,9,7,10,7,11,5,10,3,10,0,0,0,0,0,0,0,0,0,0,0,0,0,0,0,0,0,0,0,0,0,0,1,-14,-1,-11,-1,-9,-2,-10,-4,-8,-3,-6,-6,-5,-6,-3,-11,-3,-8,0,-11,0,-14,3,-15,5,-16,6,-18,9,-18,9,-18,13,-20,14,-20,15,-21,19,-21,20,-20,24,-19,22,-16,27,-17,28,-16,31,-17,29,-15,33,-12,30,-7,36,-3,32,-4,36,-2,35,2,37,6,35,12,33,13,31,15,34,17,32,24,31,25,31,29,23,29,26,35,23,36,20,38,15,38,14,41,11,41,9,42,7,44,4,44,4,46,4,41,-1,44,0,44,-5,42,-4,0,0]"
CSI_DATA,337,1a:00:00:00:00:00,-50,11,1,0,1,1,1,0,0,0,1,-96,0,11,2,4670269,0,44,0,384,0,"[0,0,0,0,0,0,0,0,0,0,0,0,-9,0,-8,1,-7,1,-6,1,-5,1,-4,1,-3,1,-2,1,-2,1,-1,1,0,0,1,0,1,0,2,-1,2,-1,3,-2,3,-3,3,-3,3,-4,3,-5,4,-5,4,-6,4,-6,4,-7,4,-8,4,-8,0,0,4,-9,4,-9,4,-10,4,-10,5,-10,5,-10,4,-10,5,-9,5,-10,5,-9,5,-9,5,-8,5,-7,5,-7,5,-7,5,-6,5,-6,4,-5,4,-5,4,-4,4,-4,4,-3,4,-3,4,-2,4,-2,4,-1,0,0,0,0,0,0,0,0,0,0,0,0,0,0,-36,59,-32,50,-24,51,-18,51,-9,45,-12,40,-7,34,-2,32,2,25,1,22,8,18,7,14,2,15,3,5,4,-1,5,-4,1,-7,2,-9,5,-10,-1,-22,-7,-21,-6,-22,-12,-26,-13,-26,-12,-27,-17,-32,-20,-33,-23,-34,-23,-35,-29,-36,-29,-36,-34,-42,-30,-40,-35,-42,-36,-38,-36,-41,-35,-43,-34,-43,-29,-42,-29,-41,-27,-44,-27,-44,-23,-41,-25,-43,-20,-41,-19,-35,-16,-39,-14,-35,-13,-36,-10,-34,-7,-29,-5,-28,-6,-29,-2,-30,1,-27,2,-23,7,-23,0,0,0,0,0,0,0,0,0,0,0,0,0,0,0,0,0,0,0,0,0,0,-17,15,-13,12,-9,13,-6,18,-8,15,-3,13,4,13,6,14,13,15,16,13,23,9,23,9,34,8,37,11,39,6,44,8,47,2,49,0,47,-3,56,-5,60,-11,64,-9,62,-15,61,-25,66,-21,65,-33,70,-30,63,-35,58,-37,59,-44,49,-48,49,-57,45,-59,35,-65,35,-64,27,-70,20,-69,14,-77,7,-74,1,-85,-5,-84,-11,-79,-20,-84,-24,-78,-31,-78,-48,-75,-48,-76,-52,-70,-56,-73,-58,-68,-64,-67,-68,-62,-72,-70,-71,-59,-78,-56,-78,-55,-73,-46,0,0]"
CSI_DATA,338,1a:00:00:00:00:00,-50,11,1,0,1,1,1,0,0,0,1,-96,0,11,2,4680292,0,44,0,384,0,"[0,0,0,0,0,0,0,0,0,0,0,0,-8,4,-7,4,-6,4,-5,4,-4,3,-3,3,-2,3,-1,2,-1,1,0,1,0,0,1,-1,1,-1,1,-2,1,-2,2,-4,1,-4,1,-5,1,-5,1,-6,1,-7,0,-7,1,-8,0,-9,0,-9,0,-10,0,0,-1,-10,-1,-11,-1,-11,-1,-12,-1,-11,-1,-11,-1,-11,-1,-11,-1,-11,0,-11,0,-11,0,-10,0,-10,1,-9,1,-9,1,-8,1,-8,1,-7,1,-7,1,-6,2,-6,2,-6,2,-5,3,-5,3,-4,3,-3,0,0,0,0,0,0,0,0,0,0,0,0,0,0,3,32,1,29,4,29,4,24,4,22,5,18,4,15,6,14,6,12,4,9,5,7,5,3,4,3,0,0,2,-2,-1,-3,-1,-5,-3,-6,-4,-8,-5,-8,-8,-7,-7,-8,-11,-9,-12,-9,-13,-9,-14,-10,-15,-11,-20,-12,-19,-10,-23,-9,-20,-9,-25,-12,-23,-10,-24,-11,-25,-12,-23,-13,-25,-11,-24,-13,-24,-14,-23,-14,-23,-11,-20,-13,-18,-14,-20,-14,-18,-11,-17,-12,-15,-13,-14,-14,-13,-13,-11,-12,-10,-13,-9,-12,-8,-12,-7,-11,-6,-11,-3,-11,-1,-11,0,0,0,0,0,0,0,0,0,0,0,0,0,0,0,0,0,0,0,0,0,0,-3,10,-2,11,-1,8,-1,9,0,7,4,6,4,5,6,1,10,2,8,2,10,-2,13,-4,16,-4,15,-5,16,-7,19,-8,21,-14,20,-14,21,-15,20,-17,21,-19,23,-23,21,-23,21,-26,21,-27,17,-29,18,-28,16,-31,14,-30,11,-33,8,-31,8,-37,2,-36,-1,-35,-2,-35,-6,-36,-10,-36,-11,-35,-16,-36,-21,-35,-21,-33,-27,-30,-30,-31,-32,-27,-32,-26,-33,-22,-36,-22,-41,-18,-40,-16,-42,-14,-42,-12,-43,-8,-44,-11,-43,-6,-47,-6,-43,-2,-42,-2,0,0]"
CSI_DATA,339,1a:00:00:00:00:00,-50,11,1,0,1,1,1,0,0,0,1,-96,0,11,2,4690271,0,44,0,384,0,"[0,0,0,0,0,0,0,0,0,0,0,0,4,7,4,6,4,4,4,4,3,3,3,2,3,1,2,1,1,0,1,-1,0,-1,-1,-2,-1,-2,-2,-2,-3,-2,-4,-2,-4,-2,-5,-2,-5,-2,-6,-2,-7,-2,-7,-2,-8,-1,-9,-1,-9,-1,-9,-1,0,0,-10,0,-11,0,-11,0,-11,0,-11,0,-12,0,-11,0,-11,0,-11,0,-11,-1,-11,-1,-10,-2,-9,-2,-9,-2,-9,-2,-8,-2,-8,-2,-7,-2,-7,-3,-6,-3,-6,-3,-5,-3,-5,-3,-4,-4,-4,-4,-3,-4,0,0,0,0,0,0,0,0,0,0,0,0,0,0,34,-3,32,-4,29,-5,25,-5,23,-7,20,-7,15,-12,13,-7,12,-8,9,-7,5,-8,3,-6,1,-5,0,-5,-1,-3,-4,-1,-5,0,-8,1,-7,4,-8,5,-7,8,-8,6,-9,9,-10,10,-9,13,-11,13,-10,18,-9,16,-9,19,-9,21,-11,20,-9,23,-10,23,-13,24,-10,26,-12,22,-13,26,-12,25,-14,23,-12,23,-12,21,-12,22,-13,20,-12,19,-13,17,-14,16,-15,15,-14,12,-12,11,-14,9,-13,10,-12,7,-14,6,-14,4,-13,3,-13,3,-12,2,0,0,0,0,0,0,0,0,0,0,0,0,0,0,0,0,0,0,0,0,0,0,11,-1,10,-1,10,-1,9,-1,8,-3,6,-3,2,-7,4,-7,1,-10,0,-12,-2,-13,-4,-14,-7,-17,-8,-20,-7,-19,-11,-20,-14,-20,-15,-19,-17,-20,-20,-21,-21,-22,-22,-22,-25,-19,-28,-18,-30,-17,-33,-15,-31,-17,-34,-15,-34,-13,-35,-10,-35,-6,-40,-5,-39,-3,-36,2,-39,5,-36,8,-36,10,-35,15,-32,18,-33,23,-31,24,-28,26,-28,31,-26,33,-22,35,-21,31,-19,37,-15,41,-15,42,-12,44,-10,42,-6,47,-7,46,-5,43,-4,46,-3,44,-1,43,0,0]"
CSI_DATA,340,1a:00:00:00:00:00,-50,11,1,0,1,1,1,0,0,0,1,-96,0,11,2,4700298,0,44,0,384,0,"[0,0,0,0,0,0,0,0,0,0,0,0,5,4,5,3,5,2,4,2,4,1,3,1,2,0,2,0,1,-1,1,-1,0,-1,-1,-1,-1,-2,-2,-1,-3,-2,-3,-1,-4,-1,-4,-1,-5,-1,-6,0,-6,0,-6,0,-6,0,-7,1,-8,1,-8,2,0,0,-9,2,-9,2,-10,2,-9,2,-10,2,-10,2,-9,2,-9,2,-9,2,-9,1,-9,1,-9,1,-8,1,-8,0,-7,0,-8,0,-7,0,-7,-1,-6,-1,-6,-1,-6,-2,-5,-2,-5,-2,-5,-2,-4,-3,-4,-3,0,0,0,0,0,0,0,0,0,0,0,0,0,0,69,-17,60,-21,51,-20,46,-22,44,-21,36,-14,30,-20,27,-22,21,-20,15,-20,11,-14,6,-11,1,-10,3,-7,-3,-1,-7,2,-10,1,-9,6,-13,8,-9,11,-14,17,-13,19,-10,22,-11,26,-13,28,-11,30,-14,32,-14,40,-11,42,-10,45,-9,41,-10,46,-12,47,-6,48,-8,49,-13,50,-9,50,-11,48,-15,51,-10,52,-13,48,-16,45,-15,43,-15,39,-17,38,-17,37,-17,35,-20,34,-20,32,-18,30,-18,28,-22,23,-18,21,-19,14,-19,15,-23,12,-21,7,0,0,0,0,0,0,0,0,0,0,0,0,0,0,0,0,0,0,0,0,0,0,21,0,18,-3,20,-3,20,-6,11,-6,8,-8,2,-13,4,-14,3,-15,-3,-16,-7,-20,-11,-23,-17,-29,-15,-31,-22,-32,-25,-36,-33,-35,-31,-37,-32,-37,-45,-31,-44,-31,-51,-34,-54,-35,-57,-35,-59,-32,-66,-25,-62,-28,-67,-19,-68,-18,-73,-8,-67,-3,-74,-4,-72,7,-72,15,-73,16,-66,27,-66,31,-64,35,-61,43,-59,53,-54,56,-52,60,-44,71,-40,74,-37,69,-35,75,-25,75,-15,81,-13,86,-13,89,-6,85,0,87,1,86,2,85,11,95,15,88,15,83,0,0]"
CSI_DATA,341,1a:00:00:00:00:00,-50,11,1,0,1,1,1,0,0,0,1,-96,0,11,2,4711498,0,44,0,384,0,"[0,0,0,0,0,0,0,0,0,0,0,0,-1,-9,-1,-8,-2,-7,-2,-6,-2,-5,-2,-4,-2,-3,-2,-2,-2,-2,-2,-1,-1,0,-1,0,-1,1,0,2,0,2,1,2,2,2,2,3,3,3,3,3,4,3,5,4,5,4,6,4,6,4,6,4,0,0,7,4,8,4,8,4,8,4,8,4,8,4,8,4,8,4,8,4,7,5,7,5,7,5,6,5,6,4,5,5,5,5,5,4,4,4,4,4,3,4,3,4,2,4,2,4,1,4,0,4,0,4,0,0,0,0,0,0,0,0,0,0,0,0,0,0,-58,-39,-51,-39,-51,-29,-48,-25,-45,-21,-36,-14,-35,-12,-32,-11,-24,-4,-23,0,-23,1,-16,-2,-10,-2,-11,6,-1,3,4,7,5,3,11,4,14,2,18,-1,22,-2,23,-5,27,-6,27,-8,32,-5,36,-11,31,-9,39,-18,37,-16,40,-26,39,-23,44,-25,45,-25,40,-29,47,-26,47,-25,47,-21,51,-26,50,-22,45,-17,44,-23,47,-20,50,-19,45,-16,37,-10,43,-12,40,-6,39,-10,37,-9,34,-6,32,-1,32,2,28,6,29,4,26,1,21,11,19,11,0,0,0,0,0,0,0,0,0,0,0,0,0,0,0,0,0,0,0,0,0,0,-17,-20,-15,-15,-16,-12,-12,-9,-14,-7,-13,-4,-15,-2,-14,6,-13,7,-10,15,-12,19,-10,24,-10,32,-10,33,-7,35,-9,37,-4,43,-7,43,1,50,-3,52,-1,56,2,60,7,64,15,64,20,67,25,60,23,63,28,61,29,65,42,62,42,56,50,56,49,57,59,47,59,42,66,35,67,32,72,22,73,17,78,10,75,5,80,-6,81,-8,83,-18,75,-21,84,-32,76,-34,78,-38,79,-47,78,-48,72,-54,68,-64,69,-57,65,-61,63,-68,58,-67,52,-69,0,0]"
CSI_DATA,342,1a:00:00:00:00:00,-50,11,1,0,1,1,1,0,0,0,1,-96,0,11,2,4721822,0,44,0,384,0,"[0,0,0,0,0,0,0,0,0,0,0,0,5,-8,3,-7,2,-7,2,-6,1,-5,1,-5,0,-4,-1,-3,-1,-2,-1,-2,-1,-1,-2,0,-2,1,-1,1,-2,2,-1,3,-1,3,-1,4,0,5,0,5,0,6,1,6,1,7,2,7,2,8,2,8,0,0,3,9,3,9,3,10,3,10,3,10,3,10,3,10,3,9,3,10,2,10,2,10,1,9,1,8,1,8,0,8,0,8,0,7,0,7,-1,6,-1,6,-2,5,-2,5,-2,5,-3,4,-3,4,-3,3,0,0,0,0,0,0,0,0,0,0,0,0,0,0,-15,-34,-13,-29,-14,-24,-11,-23,-13,-20,-13,-19,-11,-14,-12,-13,-8,-10,-8,-7,-8,-4,-5,-4,-5,-1,-3,-1,-2,1,-2,5,1,3,2,0,5,4,4,4,9,5,8,6,13,4,15,1,17,3,15,3,17,2,18,0,20,1,23,-1,22,1,25,-1,23,2,26,1,27,-1,28,1,27,1,26,0,27,3,25,3,24,1,24,3,23,4,22,3,21,6,20,6,19,7,19,6,16,5,15,6,13,6,13,7,10,5,12,7,9,8,8,8,6,10,0,0,0,0,0,0,0,0,0,0,0,0,0,0,0,0,0,0,0,0,0,0,-2,-13,0,-10,-1,-11,-2,-8,-2,-7,-4,-5,-7,-6,-8,-3,-10,-2,-9,1,-12,0,-12,2,-16,5,-15,8,-17,10,-17,11,-18,14,-17,14,-17,17,-20,21,-17,21,-17,25,-17,26,-15,28,-16,32,-11,31,-11,31,-8,33,-9,33,-3,36,0,31,1,37,4,36,8,34,9,33,14,33,15,31,19,31,24,30,28,26,28,27,31,18,36,20,36,14,37,14,36,12,40,10,42,6,42,2,43,1,42,1,46,-5,47,-2,40,-6,46,-10,42,-10,39,-12,0,0]"
CSI_DATA,343,1a:00:00:00:00:00,-49,11,1,0,1,1,1,0,0,0,1,-96,0,11,2,4730529,0,44,0,384,0,"[0,0,0,0,0,0,0,0,0,0,0,0,-9,-2,-8,-1,-7,0,-7,0,-6,0,-5,0,-4,1,-3,1,-2,1,-1,1,0,0,0,0,1,0,2,0,2,-1,3,-1,3,-2,4,-2,4,-3,5,-3,5,-4,5,-4,6,-5,6,-5,6,-6,6,-7,0,0,7,-7,7,-8,7,-8,7,-8,7,-8,8,-8,7,-8,7,-8,8,-8,8,-7,8,-7,8,-6,7,-5,7,-5,7,-5,7,-4,6,-4,6,-3,6,-3,5,-3,5,-2,5,-2,5,-1,5,0,4,0,4,1,0,0,0,0,0,0,0,0,0,0,0,0,0,0,-44,53,-44,48,-30,50,-28,46,-23,44,-24,40,-17,31,-10,31,-11,28,-3,19,0,20,4,11,1,10,4,7,0,3,4,-3,5,-7,6,-17,1,-12,3,-18,3,-25,-1,-24,0,-28,-5,-31,-8,-29,-8,-37,-8,-40,-12,-43,-14,-40,-18,-46,-17,-45,-17,-49,-19,-51,-22,-54,-23,-51,-20,-51,-22,-51,-21,-49,-17,-54,-17,-52,-18,-47,-16,-51,-12,-50,-9,-48,-10,-46,-8,-45,-4,-40,1,-39,-4,-36,0,-32,0,-33,4,-29,5,-29,8,-22,8,-28,12,-22,13,-20,0,0,0,0,0,0,0,0,0,0,0,0,0,0,0,0,0,0,0,0,0,0,-19,14,-22,15,-11,11,-12,10,-8,16,-5,11,2,13,5,15,11,12,15,14,19,16,27,13,29,12,35,11,34,13,41,16,47,8,48,10,49,3,51,2,58,3,67,-6,65,-9,64,-8,68,-11,65,-15,67,-20,66,-26,63,-31,66,-36,51,-39,58,-51,52,-51,44,-52,40,-59,37,-61,35,-61,30,-69,24,-74,11,-79,9,-75,4,-84,-8,-83,-14,-84,-16,-81,-30,-81,-33,-85,-36,-86,-39,-77,-49,-82,-47,-76,-58,-77,-59,-76,-55,-68,-64,-75,-68,-65,-60,-59,0,0]"
CSI_DATA,344,1a:00:00:00:00:00,-50,11,1,0,1,1,1,0,0,0,1,-96,0,11,2,4750326,0,44,0,384,0,"[0,0,0,0,0,0,0,0,0,0,0,0,-6,7,-4,6,-3,5,-3,5,-2,4,-2,4,-1,3,0,2,0,1,0,0,0,0,0,-1,0,-2,0,-3,0,-3,0,-4,0,-5,0,-5,-1,-6,-1,-6,-1,-7,-2,-7,-2,-8,-3,-8,-3,-9,-4,-9,0,0,-4,-10,-4,-10,-5,-11,-5,-10,-4,-11,-4,-11,-4,-11,-4,-10,-4,-11,-3,-10,-3,-10,-3,-10,-2,-10,-2,-9,-1,-9,-1,-9,-1,-8,-1,-8,-1,-7,0,-7,0,-6,1,-6,1,-6,1,-5,2,-5,2,-4,0,0,0,0,0,0,0,0,0,0,0,0,0,0,10,33,9,29,11,24,9,23,10,21,9,18,10,13,8,13,8,9,9,8,9,4,5,2,6,2,2,-2,3,1,0,-3,-1,-4,-5,-6,-5,-6,-8,-7,-10,-6,-11,-6,-12,-5,-16,-7,-14,-7,-15,-7,-17,-7,-19,-4,-23,-5,-24,-6,-24,-3,-26,-5,-25,-5,-26,-5,-28,-3,-26,-7,-27,-5,-27,-5,-28,-7,-26,-8,-23,-5,-24,-9,-24,-8,-22,-9,-22,-9,-19,-7,-18,-9,-19,-9,-15,-9,-14,-8,-13,-8,-14,-11,-11,-9,-8,-10,-7,-11,-8,-10,-4,-11,0,0,0,0,0,0,0,0,0,0,0,0,0,0,0,0,0,0,0,0,0,0,2,11,1,12,1,8,2,9,4,7,3,3,6,5,7,2,7,1,9,-2,10,-4,12,-5,12,-8,15,-8,15,-10,15,-14,14,-17,16,-15,16,-20,16,-21,16,-23,16,-27,14,-26,15,-28,15,-29,12,-31,10,-32,8,-34,8,-35,3,-35,2,-35,-2,-37,-5,-36,-9,-34,-9,-36,-14,-34,-17,-33,-21,-29,-20,-30,-29,-29,-27,-28,-35,-24,-32,-21,-39,-19,-37,-15,-36,-11,-41,-13,-41,-10,-43,-7,-46,-6,-43,-2,-48,2,-46,1,-42,2,-44,4,-43,7,-43,6,0,0]"
CSI_DATA,345,1a:00:00:00:00:00,-50,11,1,0,1,1,1,0,0,0,1,-96,0,11,2,4760294,0,44,0,384,0,"[0,0,0,0,0,0,0,0,0,0,0,0,7,3,7,2,6,1,6,1,5,0,3,0,3,-1,2,-1,1,-1,0,-1,-1,-1,-1,-1,-2,-1,-3,-1,-3,-1,-4,0,-5,0,-5,0,-6,1,-6,2,-6,2,-7,2,-7,3,-8,3,-8,4,-8,5,0,0,-8,6,-9,6,-9,6,-9,6,-9,6,-9,6,-9,6,-9,6,-9,6,-9,5,-9,5,-9,4,-9,4,-8,3,-8,3,-8,3,-8,2,-7,2,-7,2,-6,1,-6,1,-6,0,-6,0,-6,-1,-5,-1,-5,-2,0,0,0,0,0,0,0,0,0,0,0,0,0,0,51,-44,45,-37,45,-42,31,-38,28,-35,27,-31,14,-29,15,-31,10,-24,10,-20,1,-15,0,-13,-2,-8,-5,-6,-8,4,-3,7,-5,2,-9,8,-3,11,-6,15,-4,22,-3,21,-2,26,3,29,-2,30,2,34,1,36,7,42,6,39,11,44,11,45,9,51,9,46,11,55,16,49,10,54,10,55,12,51,4,51,5,51,12,49,3,50,0,49,6,49,-2,44,0,39,-2,38,-7,35,0,34,-7,32,-4,31,-8,30,-10,25,-11,21,-11,23,-17,18,-16,16,0,0,0,0,0,0,0,0,0,0,0,0,0,0,0,0,0,0,0,0,0,0,17,-14,18,-8,12,-14,15,-12,10,-13,5,-13,4,-13,-2,-12,-11,-15,-11,-20,-16,-24,-18,-18,-28,-20,-29,-19,-31,-20,-35,-19,-43,-21,-47,-18,-51,-11,-52,-6,-53,-12,-63,-12,-59,-7,-66,-3,-65,2,-68,11,-64,9,-69,9,-65,12,-68,22,-59,27,-62,30,-60,37,-51,43,-55,47,-48,54,-41,54,-40,60,-33,66,-27,73,-23,73,-10,72,-14,79,-2,80,0,80,11,72,8,76,23,82,25,80,31,83,33,82,40,82,44,82,41,74,48,77,48,74,47,69,0,0]"
CSI_DATA,346,1a:00:00:00:00:00,-50,11,1,0,1,1,1,0,0,0,1,-96,0,11,2,4770515,0,44,0,384,0,"[0,0,0,0,0,0,0,0,0,0,0,0,-1,-8,-1,-7,-2,-6,-2,-6,-2,-5,-2,-4,-2,-3,-2,-2,-2,-2,-1,-1,-1,0,-1,0,0,1,0,2,0,2,1,2,1,3,2,3,3,3,3,3,4,3,4,4,4,4,6,4,6,4,6,4,0,0,7,4,8,4,8,4,8,4,8,4,8,5,8,5,8,5,8,5,7,5,7,5,6,5,6,5,6,5,5,5,5,5,4,4,4,4,3,4,3,4,2,4,2,4,1,4,1,4,0,4,0,4,0,0,0,0,0,0,0,0,0,0,0,0,0,0,-49,-46,-53,-36,-47,-27,-44,-27,-44,-21,-39,-16,-33,-12,-31,-8,-26,-4,-21,-4,-15,2,-12,-5,-9,2,-5,2,-4,6,4,1,9,2,11,1,15,1,21,1,23,-1,24,-2,26,-10,30,-3,29,-6,38,-6,35,-12,42,-20,42,-19,43,-23,47,-21,44,-23,45,-23,45,-29,46,-24,48,-26,50,-24,50,-26,53,-21,46,-20,47,-19,45,-19,48,-20,46,-18,44,-13,43,-11,39,-10,35,-8,32,-3,33,-4,30,-5,31,2,29,5,25,5,24,9,23,10,17,12,0,0,0,0,0,0,0,0,0,0,0,0,0,0,0,0,0,0,0,0,0,0,-14,-21,-15,-20,-12,-15,-16,-15,-14,-10,-17,-3,-10,0,-15,2,-20,8,-16,13,-15,19,-17,21,-18,27,-15,33,-13,29,-14,42,-9,46,-11,45,-9,46,-7,54,-2,55,0,59,3,59,12,64,6,66,19,63,18,65,26,64,30,60,36,61,36,56,41,55,44,54,50,50,54,49,59,36,61,32,71,27,72,23,78,10,76,11,79,-3,83,-3,83,-8,79,-16,78,-18,78,-29,78,-34,79,-35,76,-43,74,-49,74,-57,71,-59,68,-58,67,-65,60,-64,58,-62,0,0]"
CSI_DATA,347,1a:00:00:00:00:00,-50,11,1,0,1,1,1,0,0,0,1,-96,0,11,2,4791656,0,44,0,384,0,"[0,0,0,0,0,0,0,0,0,0,0,0,8,-3,7,-3,5,-3,5,-3,4,-3,3,-3,2,-3,1,-2,0,-2,0,-1,-1,-1,-2,-1,-2,0,-3,0,-3,1,-3,2,-4,2,-4,3,-4,4,-4,4,-4,5,-4,5,-4,6,-4,7,-4,7,-4,8,0,0,-4,9,-4,9,-4,10,-4,10,-4,9,-4,10,-4,10,-4,9,-4,9,-5,9,-5,9,-5,8,-5,7,-5,7,-5,6,-5,6,-5,5,-5,5,-5,5,-5,4,-5,4,-5,3,-5,3,-5,2,-5,1,-5,1,0,0,0,0,0,0,0,0,0,0,0,0,0,0,13,-29,12,-27,9,-27,6,-26,6,-24,4,-20,2,-18,-1,-15,0,-13,-3,-11,-3,-11,-3,-6,-6,-5,-4,-2,-5,-1,-3,1,-2,5,-1,4,2,7,2,8,2,11,3,11,6,12,5,11,7,12,9,17,10,16,11,15,13,18,13,17,14,19,15,19,19,20,18,19,19,20,17,22,17,20,17,20,16,23,16,20,14,21,13,20,11,20,12,18,9,18,9,18,8,17,8,19,5,15,5,16,3,15,3,13,1,13,-1,13,1,14,-2,12,-3,10,0,0,0,0,0,0,0,0,0,0,0,0,0,0,0,0,0,0,0,0,0,0,7,-10,5,-8,4,-10,2,-7,2,-8,0,-7,-2,-7,-4,-8,-6,-8,-9,-8,-11,-6,-11,-5,-17,-4,-16,-3,-18,-4,-21,-3,-23,1,-24,0,-23,2,-25,4,-28,5,-31,6,-29,9,-31,11,-29,13,-31,17,-29,17,-26,20,-31,19,-26,22,-22,24,-22,27,-21,29,-18,31,-18,33,-13,32,-9,33,-2,35,-4,36,0,40,5,39,6,34,13,36,16,39,18,33,18,35,21,36,24,30,27,34,33,33,31,28,38,27,33,28,35,24,35,25,35,22,37,21,0,0]"
CSI_DATA,348,1a:00:00:00:00:00,-50,11,1,0,1,1,1,0,0,0,1,-96,0,11,2,4803748,0,44,0,384,0,"[0,0,0,0,0,0,0,0,0,0,0,0,5,5,5,4,5,3,4,2,4,2,3,1,2,0,2,0,1,-1,0,-1,0,-1,-1,-1,-2,-2,-2,-2,-3,-2,-4,-2,-4,-1,-5,-1,-5,-1,-6,-1,-6,-1,-7,0,-7,0,-8,0,-9,1,-9,1,0,0,-9,2,-10,2,-10,2,-10,2,-10,2,-10,2,-10,2,-10,2,-10,2,-10,1,-10,1,-9,0,-9,0,-9,0,-8,0,-8,-1,-8,-1,-7,-1,-7,-1,-6,-1,-6,-2,-6,-2,-5,-2,-5,-3,-4,-3,-4,-3,0,0,0,0,0,0,0,0,0,0,0,0,0,0,65,-17,63,-19,53,-24,42,-22,43,-23,36,-24,29,-23,27,-21,21,-18,14,-16,4,-14,6,-10,2,-11,1,-9,-4,-1,-3,1,-7,5,-3,7,-11,9,-11,13,-11,25,-15,21,-15,24,-13,28,-14,31,-11,31,-11,37,-10,42,-6,40,-9,47,-6,45,-7,52,-9,48,-2,50,-5,54,-9,54,-10,51,-10,53,-11,52,-9,48,-9,52,-13,50,-17,45,-14,45,-13,41,-11,39,-15,39,-18,37,-14,35,-16,28,-17,29,-15,25,-16,22,-17,23,-20,18,-18,15,-25,10,0,0,0,0,0,0,0,0,0,0,0,0,0,0,0,0,0,0,0,0,0,0,23,4,22,1,17,-6,16,-6,17,-7,12,-7,4,-8,4,-17,4,-18,-1,-19,-7,-22,-7,-27,-13,-32,-14,-32,-19,-34,-27,-37,-30,-37,-29,-39,-36,-38,-39,-39,-43,-39,-48,-41,-49,-35,-57,-35,-58,-34,-61,-30,-62,-29,-66,-21,-67,-16,-78,-9,-71,-4,-76,-2,-74,2,-68,9,-72,14,-67,22,-70,30,-69,39,-61,40,-61,55,-55,53,-42,69,-50,68,-39,74,-33,77,-30,85,-31,82,-21,84,-12,86,-15,88,-7,94,2,92,-2,94,6,85,7,91,12,86,17,85,0,0]"
CSI_DATA,349,1a:00:00:00:00:00,-50,11,1,0,1,1,1,0,0,0,1,-96,0,11,2,4810246,0,44,0,384,0,"[0,0,0,0,0,0,0,0,0,0,0,0,8,0,7,-1,6,-1,6,-1,4,-2,3,-2,2,-2,2,-2,1,-2,0,-2,-1,-1,-2,-1,-2,-1,-3,0,-3,0,-4,1,-4,1,-5,2,-5,2,-5,3,-6,3,-6,4,-6,4,-6,5,-7,6,-6,7,0,0,-7,8,-7,8,-7,8,-7,8,-7,8,-7,8,-8,8,-7,8,-8,8,-8,7,-8,7,-8,6,-7,6,-7,5,-7,5,-7,4,-7,4,-6,3,-6,3,-6,3,-6,2,-6,1,-6,1,-6,0,-6,0,-5,-1,0,0,0,0,0,0,0,0,0,0,0,0,0,0,43,-51,37,-50,27,-50,24,-44,18,-46,17,-38,11,-35,7,-31,4,-23,1,-19,-1,-19,-1,-12,-5,-8,-7,-6,-4,3,-6,1,-4,8,-3,13,-3,16,-3,17,6,24,3,24,5,26,7,29,9,32,10,33,14,39,22,36,18,36,23,44,16,43,25,49,24,48,24,48,28,50,22,47,25,49,28,44,27,50,22,54,22,46,20,46,16,47,17,45,16,44,11,43,8,35,12,36,3,35,6,29,7,31,2,29,3,30,-1,29,-6,25,-8,24,-13,20,0,0,0,0,0,0,0,0,0,0,0,0,0,0,0,0,0,0,0,0,0,0,20,-16,16,-12,16,-15,9,-14,7,-14,4,-14,-2,-16,-5,-14,-8,-18,-15,-15,-17,-15,-26,-16,-26,-14,-32,-16,-36,-14,-38,-9,-52,-8,-48,-12,-53,-7,-57,-5,-61,-3,-65,2,-62,6,-64,7,-68,13,-67,19,-64,13,-62,23,-64,30,-59,38,-58,38,-55,44,-57,54,-43,54,-43,59,-39,63,-32,65,-24,68,-18,77,-14,81,-9,77,5,80,3,80,19,82,19,73,21,85,35,77,41,76,44,71,50,77,51,72,60,75,59,70,63,63,62,67,64,58,68,55,0,0]"
CSI_DATA,350,1a:00:00:00:00:00,-50,11,1,0,1,1,1,0,0,0,1,-96,0,11,2,4822870,0,44,0,384,0,"[0,0,0,0,0,0,0,0,0,0,0,0,-2,7,-2,6,-1,6,-1,5,0,4,0,3,0,3,0,2,0,1,0,0,0,-1,0,-1,0,-2,0,-3,-1,-3,-1,-4,-1,-4,-2,-5,-2,-5,-3,-6,-3,-6,-4,-6,-4,-6,-5,-7,-5,-7,-6,-7,0,0,-6,-8,-7,-8,-7,-8,-7,-8,-7,-8,-7,-8,-7,-8,-7,-8,-7,-8,-6,-8,-6,-8,-5,-8,-5,-8,-4,-8,-4,-8,-4,-7,-3,-7,-3,-7,-3,-6,-2,-6,-2,-6,-1,-6,-1,-6,0,-5,0,-5,1,-4,0,0,0,0,0,0,0,0,0,0,0,0,0,0,54,43,52,41,50,25,45,25,44,20,34,15,32,14,32,7,23,4,21,0,17,1,9,1,6,-4,3,-6,1,-4,-5,-5,-7,-6,-11,-5,-19,-5,-23,3,-24,1,-23,-1,-29,3,-28,4,-29,2,-41,11,-34,8,-40,17,-44,17,-46,20,-44,18,-51,26,-48,19,-54,24,-53,25,-50,22,-50,21,-52,20,-49,18,-48,16,-46,18,-50,17,-49,16,-48,13,-44,10,-42,7,-42,10,-39,5,-35,3,-35,1,-31,1,-31,0,-29,-2,-26,-6,-27,-8,-23,-8,-20,-11,0,0,0,0,0,0,0,0,0,0,0,0,0,0,0,0,0,0,0,0,0,0,13,17,13,18,10,12,9,13,13,7,14,4,13,0,14,-6,14,-8,12,-12,16,-21,14,-22,12,-31,18,-31,13,-38,12,-39,7,-46,15,-43,3,-53,5,-50,3,-55,1,-67,-3,-61,-6,-65,-12,-65,-21,-66,-18,-68,-22,-70,-26,-65,-34,-60,-35,-56,-46,-56,-45,-53,-52,-49,-55,-46,-63,-39,-63,-38,-71,-31,-69,-17,-83,-14,-82,-12,-77,-2,-85,10,-81,8,-78,13,-75,27,-80,24,-82,34,-79,38,-80,42,-80,48,-77,54,-73,58,-67,58,-68,59,-63,59,-59,62,0,0]"
CSI_DATA,351,1a:00:00:00:00:00,-50,11,1,0,1,1,1,0,0,0,1,-96,0,11,2,4830232,0,44,0,384,0,"[0,0,0,0,0,0,0,0,0,0,0,0,-8,-5,-7,-4,-7,-3,-6,-3,-5,-2,-4,-2,-4,-1,-3,-1,-2,0,-1,0,-1,0,0,0,1,1,2,1,2,1,3,0,4,0,4,0,5,0,6,-1,6,-1,7,-1,7,-2,8,-2,8,-3,8,-3,0,0,9,-3,10,-3,10,-4,10,-4,10,-3,10,-3,10,-3,10,-3,10,-3,10,-2,10,-2,9,-2,9,-1,8,-1,8,-1,8,0,7,0,7,0,6,1,6,0,5,1,5,1,4,2,4,2,4,2,3,3,0,0,0,0,0,0,0,0,0,0,0,0,0,0,-69,18,-64,20,-54,25,-46,17,-40,24,-33,20,-32,22,-28,22,-21,16,-18,14,-13,15,-7,15,-3,8,-2,4,4,3,8,-3,8,-3,11,-12,13,-12,13,-14,18,-21,17,-20,15,-22,15,-26,16,-28,17,-30,15,-39,7,-44,12,-46,13,-50,14,-48,14,-49,15,-52,7,-51,10,-55,16,-54,14,-53,15,-53,18,-56,21,-50,22,-50,19,-49,20,-47,22,-50,19,-39,21,-42,19,-35,21,-34,17,-27,19,-28,21,-28,21,-22,21,-24,23,-20,20,-16,20,-12,22,-7,0,0,0,0,0,0,0,0,0,0,0,0,0,0,0,0,0,0,0,0,0,0,-26,3,-20,3,-19,4,-15,5,-11,5,-9,10,-5,10,-3,14,1,15,0,20,8,19,11,23,18,28,19,31,25,28,25,32,32,29,34,32,38,30,42,36,48,38,55,32,53,30,58,23,62,30,68,21,68,21,70,12,69,14,71,6,69,1,72,-9,67,-10,69,-18,68,-22,67,-28,61,-35,64,-40,59,-44,60,-59,53,-64,42,-62,39,-73,40,-79,28,-72,24,-85,22,-86,19,-83,13,-91,13,-90,5,-90,-1,-93,-2,-96,-3,-88,-13,-88,-14,-89,-16,-86,0,0]"
CSI_DATA,352,1a:00:00:00:00:00,-50,11,1,0,1,1,1,0,0,0,1,-96,0,11,2,4851539,0,44,0,384,0,"[0,0,0,0,0,0,0,0,0,0,0,0,-9,2,-7,2,-6,3,-6,2,-5,2,-4,2,-3,2,-2,1,-1,1,-1,1,0,0,1,-1,1,-1,1,-2,2,-2,2,-3,2,-4,3,-4,2,-5,3,-6,3,-6,3,-7,3,-7,2,-8,3,-9,2,-9,0,0,2,-10,3,-11,2,-11,2,-11,3,-11,3,-11,3,-11,3,-11,3,-11,3,-10,3,-10,4,-9,3,-9,4,-8,4,-8,4,-8,4,-7,3,-7,4,-6,4,-5,4,-5,4,-4,4,-4,4,-3,4,-3,4,-2,0,0,0,0,0,0,0,0,0,0,0,0,0,0,-11,30,-10,30,-6,27,-4,25,-3,24,-2,21,-1,17,0,16,2,13,4,10,4,7,2,3,2,4,3,0,1,-2,1,-3,0,-4,1,-7,-2,-7,-3,-9,-3,-12,-5,-13,-8,-11,-9,-15,-6,-14,-10,-17,-12,-18,-12,-18,-16,-18,-16,-18,-18,-19,-16,-21,-18,-20,-19,-22,-19,-20,-19,-23,-20,-22,-19,-23,-19,-23,-18,-22,-15,-21,-15,-23,-14,-19,-13,-22,-12,-22,-11,-21,-8,-19,-10,-18,-8,-17,-5,-16,-6,-15,-4,-15,-2,-16,-2,-14,-2,-13,0,-13,4,-11,0,0,0,0,0,0,0,0,0,0,0,0,0,0,0,0,0,0,0,0,0,0,-7,12,-6,8,-2,9,-4,7,-2,7,1,7,0,5,2,5,7,5,9,3,10,2,14,3,14,0,17,0,19,-2,21,-4,23,-6,22,-6,24,-9,23,-10,25,-10,27,-15,25,-16,27,-19,28,-20,26,-23,27,-22,25,-26,24,-25,22,-31,16,-30,18,-34,14,-35,11,-35,7,-36,5,-35,1,-37,-1,-36,-5,-37,-10,-38,-11,-41,-16,-40,-18,-39,-21,-37,-23,-32,-28,-34,-30,-32,-32,-30,-35,-29,-36,-29,-37,-26,-39,-24,-42,-25,-36,-20,-42,-20,-44,-18,-39,-17,0,0]"
CSI_DATA,353,1a:00:00:00:00:00,-50,11,1,0,1,1,1,0,0,0,1,-96,0,11,2,4862421,0,44,0,384,0,"[0,0,0,0,0,0,0,0,0,0,0,0,0,-9,0,-8,-1,-7,-1,-6,-1,-5,-1,-4,-2,-4,-2,-3,-2,-2,-1,-1,-1,0,-1,1,-1,1,0,2,0,2,1,3,1,3,1,4,2,4,3,5,3,5,4,5,4,5,5,6,6,6,6,6,0,0,7,6,7,7,7,7,8,7,7,7,8,7,8,7,7,7,7,7,7,7,6,7,6,7,5,7,5,7,4,7,4,6,3,6,3,6,2,6,2,5,1,5,1,5,0,5,0,5,-1,4,-1,4,0,0,0,0,0,0,0,0,0,0,0,0,0,0,-56,-40,-54,-36,-51,-29,-47,-23,-40,-18,-35,-19,-39,-12,-29,-6,-24,-4,-18,-1,-19,-2,-14,0,-11,4,0,3,0,1,4,1,11,2,10,4,15,3,16,1,24,-5,24,-1,27,-10,29,-10,27,-8,35,-8,35,-14,36,-18,38,-21,40,-23,45,-23,42,-27,42,-26,47,-28,49,-32,45,-23,45,-24,47,-29,46,-25,42,-24,46,-22,44,-19,48,-15,44,-18,43,-17,41,-13,38,-13,37,-10,33,-8,34,-5,31,0,26,-5,31,-3,23,5,24,6,23,6,22,12,0,0,0,0,0,0,0,0,0,0,0,0,0,0,0,0,0,0,0,0,0,0,-17,-21,-14,-16,-12,-14,-15,-12,-19,-4,-12,-2,-13,2,-12,4,-15,11,-12,16,-14,17,-16,19,-16,30,-15,34,-14,35,-8,39,-5,43,-10,45,0,50,0,54,3,51,3,62,5,59,13,61,12,63,22,66,22,61,28,61,27,64,38,62,41,55,47,52,52,49,52,45,57,37,62,34,60,28,63,21,68,14,79,11,74,5,82,-1,75,-10,80,-16,74,-20,79,-27,73,-39,69,-41,75,-47,73,-55,69,-50,67,-57,69,-60,61,-60,64,-68,58,-63,54,-64,0,0]"
CSI_DATA,354,1a:00:00:00:00:00,-50,11,1,0,1,1,1,0,0,0,1,-96,0,11,2,4891971,0,44,0,384,0,"[0,0,0,0,0,0,0,0,0,0,0,0,-9,1,-8,2,-7,2,-6,2,-5,2,-4,2,-3,2,-2,1,-1,1,-1,1,0,0,1,0,1,-1,2,-1,2,-2,3,-3,3,-3,3,-4,3,-4,3,-5,4,-6,3,-6,4,-7,3,-8,4,-9,3,-9,0,0,4,-10,4,-10,4,-11,4,-11,4,-10,4,-11,4,-11,4,-10,4,-10,4,-10,5,-10,5,-9,4,-8,5,-8,5,-7,5,-7,4,-7,4,-6,4,-5,4,-5,4,-4,4,-4,4,-3,4,-3,4,-2,4,-1,0,0,0,0,0,0,0,0,0,0,0,0,0,0,-13,31,-11,28,-7,28,-7,26,-2,21,-3,21,-3,16,-1,15,1,11,2,10,1,8,1,5,3,4,3,1,1,-2,0,-3,-3,-5,0,-7,-1,-9,-3,-7,-3,-12,-6,-10,-8,-13,-9,-13,-11,-12,-12,-17,-12,-17,-14,-15,-16,-18,-20,-19,-18,-18,-19,-19,-18,-19,-21,-21,-20,-19,-19,-21,-21,-19,-19,-19,-20,-22,-18,-21,-19,-19,-17,-20,-17,-21,-16,-19,-13,-20,-12,-18,-12,-19,-11,-16,-8,-16,-7,-16,-7,-13,-4,-14,-7,-15,-4,-12,-2,-13,-1,-13,0,-9,0,0,0,0,0,0,0,0,0,0,0,0,0,0,0,0,0,0,0,0,0,0,-5,8,-7,7,-5,9,-5,10,-2,8,-1,7,1,5,4,6,6,5,8,4,9,5,12,2,13,1,16,2,21,2,20,-1,25,-2,24,-1,24,-7,25,-5,27,-8,28,-10,29,-12,27,-13,31,-18,29,-18,29,-18,29,-21,26,-22,23,-28,22,-27,21,-30,20,-31,14,-34,12,-37,9,-36,8,-35,1,-38,-3,-38,-7,-41,-6,-40,-11,-39,-17,-40,-19,-39,-20,-36,-28,-32,-28,-33,-31,-34,-34,-33,-35,-31,-38,-28,-39,-26,-41,-25,-37,-24,-43,-22,-42,-22,-39,-19,0,0]"
CSI_DATA,355,1a:00:00:00:00:00,-50,11,1,0,1,1,1,0,0,0,1,-96,0,11,2,4900296,0,44,0,384,0,"[0,0,0,0,0,0,0,0,0,0,0,0,-7,-6,-6,-5,-6,-4,-5,-4,-5,-3,-4,-2,-4,-1,-3,-1,-2,-1,-1,0,-1,0,0,0,1,1,1,1,2,1,3,1,3,1,4,0,5,0,5,0,6,0,7,0,7,-1,8,-1,8,-1,8,-2,0,0,9,-2,10,-2,10,-2,10,-2,10,-2,10,-2,10,-2,10,-2,10,-2,10,-1,10,-1,9,0,9,0,8,0,8,0,7,1,7,1,6,1,6,1,5,1,5,2,5,2,4,2,4,2,3,3,2,3,0,0,0,0,0,0,0,0,0,0,0,0,0,0,-32,11,-29,12,-24,12,-21,13,-19,10,-18,12,-16,10,-11,11,-9,7,-9,6,-6,7,-4,3,-3,5,0,3,4,0,3,-2,3,-4,5,-5,5,-5,5,-7,6,-12,6,-11,5,-12,4,-15,6,-17,4,-19,4,-17,4,-22,4,-23,4,-25,2,-23,4,-27,2,-25,1,-27,2,-26,4,-27,6,-26,4,-27,6,-25,6,-27,5,-26,8,-25,7,-23,7,-22,7,-20,7,-18,8,-21,8,-16,7,-14,9,-14,8,-12,9,-13,7,-12,10,-8,11,-7,10,-9,10,-4,0,0,0,0,0,0,0,0,0,0,0,0,0,0,0,0,0,0,0,0,0,0,-11,1,-10,2,-10,1,-9,2,-8,4,-4,4,-2,5,-2,8,0,9,2,9,2,8,5,9,11,10,11,13,11,14,13,14,18,14,17,15,19,14,21,12,24,15,25,15,29,15,31,10,30,9,33,6,33,8,33,6,32,2,36,-1,32,-2,35,-6,35,-8,34,-10,34,-15,30,-19,29,-18,30,-23,26,-25,25,-30,24,-29,20,-38,19,-35,16,-38,13,-39,8,-44,7,-45,6,-42,2,-44,0,-46,-3,-44,-5,-45,-5,-48,-6,-42,-12,-45,-12,-44,-10,-42,0,0]"
CSI_DATA,356,1a:00:00:00:00:00,-50,11,1,0,1,1,1,0,0,0,1,-96,0,11,2,4920839,0,44,0,384,0,"[0,0,0,0,0,0,0,0,0,0,0,0,-9,3,-7,3,-6,3,-6,3,-5,3,-3,2,-3,2,-2,2,-1,1,-1,1,0,0,1,-1,1,-1,1,-2,2,-2,2,-3,2,-4,2,-4,2,-5,2,-6,2,-6,2,-7,2,-8,2,-9,2,-9,2,-10,0,0,2,-11,2,-11,2,-11,2,-12,2,-11,2,-11,2,-11,2,-11,2,-11,3,-11,3,-10,3,-10,3,-9,3,-9,3,-8,3,-8,3,-7,3,-7,3,-6,3,-6,3,-5,3,-5,4,-4,4,-3,4,-3,4,-2,0,0,0,0,0,0,0,0,0,0,0,0,0,0,-8,33,-7,29,-2,28,-2,25,-1,25,2,18,2,17,1,15,3,11,3,9,4,9,3,6,5,1,4,2,3,0,-1,-3,-1,-6,-3,-4,-4,-8,-4,-10,-5,-11,-5,-12,-9,-11,-12,-13,-12,-10,-14,-14,-14,-15,-17,-12,-19,-14,-20,-15,-18,-15,-22,-15,-22,-17,-25,-16,-23,-17,-23,-17,-22,-17,-24,-16,-22,-15,-21,-18,-20,-15,-19,-18,-17,-17,-20,-18,-16,-16,-15,-16,-14,-16,-13,-16,-12,-15,-8,-15,-11,-14,-9,-14,-7,-14,-6,-14,-4,-12,-3,-13,0,-13,0,0,0,0,0,0,0,0,0,0,0,0,0,0,0,0,0,0,0,0,0,0,-7,9,-5,8,-5,9,-2,6,-1,7,-1,6,2,5,4,6,5,4,8,4,9,2,12,0,16,0,18,-3,20,-2,19,-3,25,-7,22,-8,22,-10,23,-11,24,-11,29,-16,26,-17,27,-20,26,-23,25,-25,24,-24,23,-25,22,-26,22,-31,19,-31,17,-33,13,-34,9,-34,6,-37,3,-39,-1,-36,-5,-37,-7,-38,-13,-38,-15,-36,-19,-39,-21,-33,-24,-37,-26,-31,-26,-32,-32,-31,-36,-27,-36,-28,-39,-28,-41,-23,-43,-21,-43,-21,-43,-17,-45,-18,-44,-13,-42,-15,0,0]"
CSI_DATA,357,1a:00:00:00:00:00,-50,11,1,0,1,1,1,0,0,0,1,-96,0,11,2,4931750,0,44,0,384,0,"[0,0,0,0,0,0,0,0,0,0,0,0,5,-7,4,-7,3,-6,3,-6,2,-5,1,-4,0,-4,0,-3,-1,-2,-1,-1,-1,-1,-1,0,-2,1,-2,2,-2,2,-1,3,-1,4,-1,4,-1,5,0,5,0,6,0,7,0,7,1,7,1,8,2,8,0,0,3,9,2,9,3,10,3,10,2,10,3,10,3,10,2,10,2,10,2,9,1,10,1,9,1,8,1,8,0,8,0,8,0,7,0,7,-1,6,-1,6,-1,5,-2,5,-2,5,-2,4,-3,4,-3,3,0,0,0,0,0,0,0,0,0,0,0,0,0,0,-8,-32,-7,-30,-9,-25,-10,-24,-10,-23,-9,-19,-7,-16,-9,-12,-10,-9,-7,-9,-7,-5,-5,-5,-6,-2,-4,-2,-5,-1,-1,1,-1,5,3,5,3,5,7,7,9,7,10,8,10,5,13,7,14,8,17,10,17,9,20,4,20,8,22,6,24,6,25,6,23,9,25,6,27,6,25,6,26,7,26,8,26,8,25,7,23,8,23,10,22,10,22,9,19,10,17,9,17,11,17,10,14,9,13,9,13,9,11,9,11,9,7,8,7,9,5,9,3,10,0,0,0,0,0,0,0,0,0,0,0,0,0,0,0,0,0,0,0,0,0,0,-1,-12,-1,-11,1,-9,-1,-7,-3,-6,-5,-6,-6,-5,-5,-4,-9,-2,-9,0,-10,1,-12,3,-14,6,-17,6,-16,7,-17,11,-17,14,-19,16,-18,17,-17,18,-17,18,-17,23,-20,23,-16,26,-16,29,-16,31,-14,30,-12,31,-11,32,-6,34,-4,32,-2,37,2,33,1,33,6,35,12,36,12,33,17,31,17,31,24,31,24,28,28,27,31,25,36,22,34,18,34,16,39,14,40,12,42,9,44,9,41,6,44,1,47,3,43,0,45,-2,42,-4,40,-6,0,0]"
CSI_DATA,358,1a:00:00:00:00:00,-49,11,1,0,1,1,1,0,0,0,1,-96,0,11,2,4940239,0,44,0,384,0,"[0,0,0,0,0,0,0,0,0,0,0,0,-4,-9,-4,-7,-4,-6,-4,-5,-3,-4,-3,-4,-3,-3,-2,-2,-2,-1,-2,0,-1,0,0,1,0,1,1,2,1,2,2,2,3,2,3,2,4,2,5,2,5,3,6,3,6,2,7,2,8,3,8,2,0,0,9,2,10,2,10,2,10,2,10,2,10,2,10,2,10,2,10,2,9,3,9,3,8,4,8,3,8,3,7,4,7,4,6,3,5,3,5,3,4,3,4,3,4,3,3,3,2,4,2,4,1,4,0,0,0,0,0,0,0,0,0,0,0,0,0,0,-33,-15,-29,-12,-28,-9,-25,-5,-23,-7,-18,-3,-19,-3,-17,0,-16,1,-11,0,-9,3,-8,2,-3,2,-3,2,0,0,3,-1,4,0,4,0,6,1,8,-3,11,-5,12,-5,12,-7,14,-6,14,-9,16,-9,14,-11,16,-14,19,-13,20,-16,17,-16,18,-18,20,-18,22,-18,19,-21,20,-19,21,-19,20,-18,21,-17,21,-17,20,-18,20,-16,20,-14,18,-15,16,-13,17,-10,17,-10,17,-10,16,-8,14,-6,13,-5,13,-3,13,-5,14,0,15,-2,11,-1,9,3,0,0,0,0,0,0,0,0,0,0,0,0,0,0,0,0,0,0,0,0,0,0,-9,-9,-8,-6,-7,-7,-7,-4,-8,-4,-8,0,-7,1,-6,5,-6,5,-6,7,-3,8,-4,11,-4,14,-2,16,-2,16,0,19,2,23,2,23,3,25,4,26,4,25,8,28,10,27,12,28,14,28,17,28,17,27,21,27,22,26,24,26,25,22,28,21,27,21,30,16,31,13,34,10,33,6,37,4,36,1,38,-4,36,-6,38,-13,36,-12,38,-18,36,-20,29,-25,33,-24,33,-30,31,-30,32,-32,29,-35,26,-36,26,-38,25,-34,23,-40,19,-40,19,-37,0,0]"
CSI_DATA,359,1a:00:00:00:00:00,-49,11,1,0,1,1,1,0,0,0,1,-96,0,11,2,4950338,0,44,0,384,0,"[0,0,0,0,0,0,0,0,0,0,0,0,6,-5,5,-5,4,-5,4,-5,2,-4,2,-4,1,-3,0,-3,0,-2,-1,-1,-1,-1,-2,0,-2,1,-2,1,-2,2,-2,3,-2,3,-2,4,-2,5,-2,5,-2,6,-2,6,-2,7,-1,8,-1,8,-1,9,0,0,0,10,0,10,0,11,0,10,0,10,0,10,0,10,0,10,-1,10,-1,10,-1,10,-2,9,-2,8,-2,8,-2,8,-2,8,-2,7,-2,6,-2,6,-3,5,-3,5,-3,4,-3,4,-4,3,-4,3,-4,2,0,0,0,0,0,0,0,0,0,0,0,0,0,0,-3,-36,-4,-32,-9,-29,-8,-25,-10,-22,-8,-22,-7,-15,-7,-16,-8,-12,-6,-12,-5,-6,-5,-3,-4,-2,-2,-1,-4,2,2,1,1,5,4,4,4,4,6,6,10,7,9,8,13,9,13,8,13,9,16,9,17,7,17,8,21,8,21,7,22,8,25,10,23,8,27,9,25,7,26,11,27,10,26,8,25,9,23,11,20,9,22,12,22,9,22,10,20,11,17,10,18,11,17,12,13,10,13,11,13,9,11,9,10,11,6,9,6,10,4,12,3,12,0,0,0,0,0,0,0,0,0,0,0,0,0,0,0,0,0,0,0,0,0,0,1,-11,3,-10,1,-9,1,-9,-2,-8,-2,-5,-5,-6,-6,-3,-8,-4,-10,-2,-12,0,-13,3,-13,3,-17,7,-19,7,-20,9,-20,13,-21,12,-21,16,-20,17,-21,19,-22,22,-21,24,-21,27,-18,28,-17,30,-18,29,-15,32,-14,31,-11,33,-9,31,-6,37,-5,35,1,35,5,37,9,35,9,34,15,34,19,32,22,33,23,30,25,31,29,27,32,26,35,22,39,23,39,18,41,15,42,11,43,10,44,11,48,7,50,5,44,3,47,5,44,-3,42,0,0,0]"
CSI_DATA,360,1a:00:00:00:00:00,-50,11,1,0,1,1,1,0,0,0,1,-96,0,11,2,4960281,0,44,0,384,0,"[0,0,0,0,0,0,0,0,0,0,0,0,-9,1,-8,2,-7,2,-6,2,-5,2,-4,2,-3,2,-2,1,-1,1,-1,1,0,0,1,-1,1,-1,2,-1,2,-2,3,-3,3,-3,3,-4,3,-4,3,-5,3,-6,3,-6,3,-7,3,-8,3,-8,3,-9,0,0,3,-10,4,-10,4,-11,3,-11,4,-10,4,-10,4,-11,4,-10,4,-10,4,-10,4,-9,4,-9,4,-8,4,-8,4,-7,4,-7,4,-6,4,-6,4,-5,4,-5,4,-4,4,-4,4,-3,4,-3,4,-2,4,-1,0,0,0,0,0,0,0,0,0,0,0,0,0,0,-9,34,-7,30,-5,31,-4,24,-1,20,0,20,1,16,0,16,1,13,2,10,3,8,3,3,2,3,1,2,2,2,1,-4,1,-4,-2,-5,-1,-5,-1,-9,-7,-11,-7,-13,-8,-12,-8,-14,-11,-15,-12,-16,-14,-17,-16,-16,-16,-17,-21,-18,-17,-16,-20,-19,-19,-18,-23,-20,-20,-18,-20,-21,-22,-18,-20,-20,-23,-20,-19,-21,-17,-19,-16,-22,-16,-19,-16,-19,-15,-20,-13,-18,-12,-18,-10,-17,-10,-18,-9,-15,-7,-15,-7,-14,-4,-14,-5,-12,0,-15,0,-13,2,-11,0,0,0,0,0,0,0,0,0,0,0,0,0,0,0,0,0,0,0,0,0,0,-4,8,-5,9,-3,9,-5,8,-2,8,0,5,2,5,4,6,7,3,6,3,10,2,12,2,14,-1,16,0,20,-3,20,-3,24,-8,20,-5,24,-9,23,-8,26,-12,28,-13,25,-17,27,-18,26,-20,24,-21,26,-21,27,-27,22,-24,23,-30,19,-28,18,-35,16,-34,10,-34,9,-35,6,-37,0,-35,-3,-38,-7,-37,-10,-39,-13,-41,-17,-38,-20,-39,-22,-34,-26,-35,-26,-34,-31,-33,-34,-28,-35,-28,-37,-28,-38,-24,-42,-24,-42,-25,-40,-19,-42,-21,-44,-17,-40,-18,0,0]"
CSI_DATA,361,1a:00:00:00:00:00,-50,11,1,0,1,1,1,0,0,0,1,-96,0,11,2,4980276,0,44,0,384,0,"[0,0,0,0,0,0,0,0,0,0,0,0,7,5,6,4,6,2,5,2,4,1,3,1,3,0,2,0,1,-1,0,-1,0,-1,-1,-2,-2,-2,-3,-2,-3,-2,-4,-1,-5,-1,-5,-1,-6,-1,-7,-1,-7,0,-8,0,-8,0,-9,1,-10,1,-10,2,0,0,-11,2,-11,2,-11,2,-11,3,-11,2,-12,2,-11,2,-11,2,-11,2,-11,1,-11,1,-10,0,-10,0,-10,0,-9,0,-9,-1,-8,-1,-8,-1,-7,-1,-7,-1,-6,-2,-6,-2,-6,-2,-5,-3,-5,-3,-4,-4,0,0,0,0,0,0,0,0,0,0,0,0,0,0,37,-9,28,-8,27,-13,24,-10,20,-10,16,-10,15,-10,13,-13,9,-10,6,-7,2,-7,5,-5,0,-4,1,-4,-2,0,-6,0,-5,1,-5,3,-6,4,-8,7,-10,12,-8,10,-7,10,-9,13,-6,14,-10,18,-7,18,-6,19,-6,21,-6,25,-6,25,-6,28,-9,23,-8,27,-6,27,-10,29,-9,27,-7,24,-11,27,-10,25,-9,24,-9,24,-8,23,-10,24,-11,21,-10,18,-11,17,-12,17,-11,15,-10,14,-12,11,-10,11,-9,9,-9,9,-11,6,-12,6,-13,4,0,0,0,0,0,0,0,0,0,0,0,0,0,0,0,0,0,0,0,0,0,0,13,-1,12,-1,8,-2,7,-3,6,-3,5,-5,2,-5,2,-8,0,-9,-2,-10,-4,-12,-8,-12,-10,-13,-10,-15,-12,-16,-14,-17,-19,-16,-17,-18,-20,-16,-23,-17,-26,-19,-27,-15,-26,-14,-31,-13,-31,-13,-35,-9,-31,-11,-35,-6,-33,-5,-39,-4,-34,1,-37,2,-36,5,-35,9,-36,10,-34,14,-32,17,-30,20,-29,23,-28,28,-29,30,-20,31,-24,36,-18,37,-14,37,-14,43,-11,41,-8,39,-6,47,-2,44,-2,46,-2,47,2,47,5,40,5,44,7,45,6,42,0,0]"
CSI_DATA,362,1a:00:00:00:00:00,-49,11,1,0,1,1,1,0,0,0,1,-96,0,11,2,4990403,0,44,0,384,0,"[0,0,0,0,0,0,0,0,0,0,0,0,-8,4,-7,4,-6,4,-5,4,-4,3,-3,3,-2,2,-1,2,-1,1,0,1,0,0,1,-1,1,-1,1,-2,1,-3,2,-4,2,-4,2,-5,1,-5,1,-6,1,-7,1,-8,1,-8,0,-9,0,-10,0,-10,0,0,-1,-11,0,-12,-1,-12,-1,-12,0,-11,0,-12,0,-12,0,-11,0,-12,0,-11,1,-11,1,-10,1,-10,1,-9,1,-9,1,-8,1,-8,1,-7,1,-7,2,-6,2,-6,2,-6,2,-5,3,-4,3,-4,3,-3,0,0,0,0,0,0,0,0,0,0,0,0,0,0,-2,34,-3,32,2,28,3,26,6,25,3,19,4,15,5,14,6,13,4,9,5,8,6,4,2,4,3,0,1,-2,1,-3,-2,-5,-4,-5,-5,-8,-5,-9,-10,-8,-10,-12,-11,-9,-14,-11,-15,-10,-19,-11,-15,-13,-18,-11,-22,-12,-25,-12,-24,-12,-24,-12,-24,-12,-28,-13,-26,-11,-27,-16,-25,-12,-27,-14,-23,-15,-23,-13,-24,-14,-23,-14,-21,-14,-20,-14,-20,-13,-18,-13,-17,-13,-15,-13,-14,-10,-12,-13,-12,-12,-10,-11,-9,-12,-7,-11,-7,-13,-6,-11,-4,-11,0,0,0,0,0,0,0,0,0,0,0,0,0,0,0,0,0,0,0,0,0,0,-4,10,-6,8,-5,10,-3,7,-2,7,0,7,0,5,5,4,6,2,7,3,10,1,13,-1,16,-3,16,-3,18,-4,18,-7,20,-10,21,-10,21,-12,23,-12,24,-16,27,-20,24,-18,24,-23,23,-25,21,-26,21,-27,19,-27,18,-28,14,-35,12,-32,11,-34,10,-34,5,-37,4,-38,-2,-36,-5,-34,-9,-38,-11,-36,-18,-38,-18,-37,-25,-31,-26,-33,-31,-31,-31,-27,-31,-26,-34,-26,-38,-24,-39,-21,-43,-20,-44,-16,-47,-12,-47,-16,-45,-11,-47,-9,-45,-7,-44,-7,0,0]"
CSI_DATA,363,1a:00:00:00:00:00,-50,11,1,0,1,1,1,0,0,0,1,-96,0,11,2,5010539,0,44,0,384,0,"[0,0,0,0,0,0,0,0,0,0,0,0,-7,-4,-7,-3,-6,-2,-6,-2,-5,-1,-4,-1,-3,0,-3,0,-2,0,-1,0,0,0,0,0,1,0,2,0,2,0,3,0,3,-1,4,-1,4,-1,5,-2,5,-2,6,-2,6,-2,7,-3,7,-3,7,-4,0,0,8,-5,8,-5,9,-5,9,-5,9,-5,9,-5,9,-5,9,-4,8,-4,9,-4,8,-3,8,-3,7,-3,7,-2,7,-2,7,-2,7,-2,6,-1,6,-1,5,-1,5,0,4,0,4,0,4,1,3,1,3,2,0,0,0,0,0,0,0,0,0,0,0,0,0,0,-51,48,-43,43,-36,47,-29,44,-26,38,-19,36,-14,30,-14,31,-10,25,-4,23,-3,14,1,11,2,9,1,8,2,-3,7,-3,5,-9,3,-10,3,-17,-1,-17,4,-25,1,-27,-2,-29,1,-34,-5,-33,-5,-40,-8,-37,-12,-41,-13,-41,-17,-45,-13,-44,-18,-51,-16,-50,-16,-53,-19,-53,-18,-57,-19,-52,-13,-52,-8,-53,-12,-51,-14,-48,-13,-49,-10,-49,-7,-50,-8,-45,-6,-43,-3,-42,0,-43,0,-38,4,-35,5,-32,3,-29,4,-28,8,-25,8,-23,12,-23,12,-20,0,0,0,0,0,0,0,0,0,0,0,0,0,0,0,0,0,0,0,0,0,0,-21,13,-19,11,-13,11,-12,11,-10,10,-7,11,-4,12,2,10,5,10,7,13,15,11,19,9,24,10,28,13,35,15,36,8,46,10,44,7,48,2,52,6,53,2,55,1,61,-2,59,-8,62,-10,62,-20,66,-18,61,-23,62,-23,63,-30,53,-35,59,-38,49,-45,47,-50,48,-56,44,-58,36,-59,29,-66,24,-68,18,-72,16,-76,-2,-79,2,-80,-6,-80,-12,-80,-25,-76,-23,-77,-36,-76,-36,-77,-41,-82,-45,-77,-49,-77,-55,-80,-54,-70,-61,-72,-57,-69,-52,-67,0,0]"
CSI_DATA,364,1a:00:00:00:00:00,-49,11,1,0,1,1,1,0,0,0,1,-96,0,11,2,5020269,0,44,0,384,0,"[0,0,0,0,0,0,0,0,0,0,0,0,-6,7,-4,6,-3,6,-3,5,-2,4,-2,3,-1,3,0,2,0,1,0,0,1,0,1,-1,1,-2,1,-3,1,-3,0,-4,0,-5,0,-5,-1,-6,-1,-7,-1,-7,-2,-8,-2,-8,-2,-9,-3,-10,-3,-9,0,0,-4,-10,-4,-11,-4,-11,-4,-12,-4,-11,-4,-11,-4,-11,-4,-11,-4,-11,-3,-11,-2,-11,-2,-10,-2,-10,-2,-9,-1,-9,-1,-9,-1,-8,-1,-8,0,-7,0,-7,0,-7,1,-6,1,-6,2,-5,2,-5,2,-4,0,0,0,0,0,0,0,0,0,0,0,0,0,0,27,57,25,54,32,43,25,42,26,41,26,32,26,24,25,22,20,14,15,11,14,11,11,7,9,2,6,3,2,-4,-1,-6,-6,-7,-12,-12,-13,-11,-13,-10,-23,-13,-22,-14,-25,-8,-30,-14,-30,-10,-37,-12,-41,-10,-46,-9,-43,-6,-48,-7,-48,-6,-53,-7,-56,-9,-56,-5,-53,-5,-54,-8,-56,-11,-57,-8,-51,-9,-52,-7,-50,-14,-50,-13,-50,-17,-48,-15,-40,-13,-39,-12,-35,-19,-33,-17,-35,-16,-28,-13,-27,-17,-25,-14,-23,-18,-22,-20,-18,-24,-12,-21,-10,-19,0,0,0,0,0,0,0,0,0,0,0,0,0,0,0,0,0,0,0,0,0,0,5,22,2,20,3,20,9,14,6,11,6,8,11,2,15,2,18,-6,16,-4,22,-12,16,-16,22,-24,22,-24,22,-27,23,-30,22,-37,27,-39,22,-42,22,-48,20,-50,22,-58,19,-55,15,-58,15,-64,6,-63,8,-64,4,-67,-2,-67,-3,-72,-11,-67,-13,-69,-21,-65,-27,-60,-32,-64,-39,-63,-41,-53,-50,-54,-51,-50,-63,-52,-64,-43,-71,-27,-76,-34,-79,-23,-79,-23,-81,-4,-84,-6,-87,0,-85,4,-92,1,-88,7,-91,14,-93,16,-86,17,-86,21,-82,28,-78,23,0,0]"
CSI_DATA,365,1a:00:00:00:00:00,-49,11,1,0,1,1,1,0,0,0,1,-96,0,11,2,5030286,0,44,0,384,0,"[0,0,0,0,0,0,0,0,0,0,0,0,1,8,2,7,2,6,2,5,2,4,2,3,2,2,1,1,1,0,0,0,0,-1,0,-2,-1,-2,-1,-3,-2,-3,-3,-4,-3,-4,-4,-4,-5,-4,-5,-5,-6,-5,-6,-5,-7,-5,-8,-5,-9,-5,-9,-5,0,0,-10,-5,-10,-5,-11,-6,-11,-5,-11,-6,-11,-6,-11,-6,-10,-6,-10,-6,-9,-6,-9,-6,-9,-6,-8,-6,-8,-6,-7,-6,-7,-6,-6,-6,-6,-6,-5,-6,-5,-5,-4,-6,-3,-5,-3,-5,-2,-5,-2,-5,-1,-5,0,0,0,0,0,0,0,0,0,0,0,0,0,0,28,15,28,12,27,8,22,7,22,4,20,1,16,1,16,1,12,-1,11,-2,8,-2,5,-2,5,-3,3,-3,0,-2,-3,-2,-6,-1,-8,-2,-8,0,-9,0,-10,4,-12,3,-13,5,-17,5,-16,7,-14,6,-15,11,-18,13,-19,10,-20,15,-19,15,-23,17,-22,15,-23,17,-21,17,-25,16,-24,18,-25,18,-22,14,-22,15,-22,13,-23,13,-24,10,-24,11,-19,9,-20,9,-20,7,-19,6,-17,5,-16,4,-15,2,-15,4,-15,2,-15,2,-14,-2,-14,-2,-12,-4,0,0,0,0,0,0,0,0,0,0,0,0,0,0,0,0,0,0,0,0,0,0,8,6,7,6,8,3,7,1,6,0,6,0,5,-3,5,-2,6,-5,2,-8,5,-10,1,-11,1,-16,1,-17,0,-19,-3,-21,-4,-23,-4,-22,-6,-24,-7,-29,-8,-28,-12,-31,-13,-28,-17,-30,-17,-29,-22,-29,-21,-30,-23,-27,-24,-27,-27,-25,-26,-20,-32,-19,-32,-21,-34,-16,-33,-13,-35,-11,-37,-7,-38,-2,-38,1,-40,5,-39,6,-37,10,-39,15,-38,17,-37,19,-36,23,-37,23,-32,27,-32,28,-33,32,-31,38,-28,38,-26,37,-27,38,-24,39,-22,39,-21,39,0,0]"
CSI_DATA,366,1a:00:00:00:00:00,-49,11,1,0,1,1,1,0,0,0,1,-96,0,11,2,5040329,0,44,0,384,0,"[0,0,0,0,0,0,0,0,0,0,0,0,1,8,2,7,2,6,2,5,2,4,2,3,2,2,1,1,1,0,1,0,0,-1,0,-2,-1,-2,-2,-3,-2,-3,-3,-4,-3,-4,-4,-4,-5,-4,-5,-4,-6,-5,-7,-4,-7,-5,-8,-4,-8,-5,-9,-4,0,0,-10,-5,-10,-5,-11,-5,-11,-5,-10,-5,-11,-5,-11,-5,-10,-5,-10,-5,-10,-5,-9,-6,-9,-6,-8,-5,-8,-5,-7,-5,-7,-5,-6,-5,-6,-5,-5,-5,-5,-5,-4,-5,-4,-5,-3,-5,-3,-5,-2,-5,-1,-5,0,0,0,0,0,0,0,0,0,0,0,0,0,0,33,7,30,8,28,1,27,4,23,-1,19,-1,17,-3,16,-3,11,-3,9,-3,8,-5,6,-3,1,-3,0,-4,-2,-3,-2,-1,-6,0,-7,1,-7,0,-9,2,-11,5,-11,5,-12,6,-14,10,-11,9,-17,12,-14,12,-15,15,-18,17,-17,18,-15,17,-19,18,-19,19,-19,18,-18,20,-20,18,-21,20,-20,20,-21,18,-20,18,-20,17,-19,16,-18,17,-18,14,-18,10,-19,12,-17,10,-17,8,-18,10,-16,7,-16,5,-15,6,-15,4,-14,2,-13,2,-13,-1,-11,-2,0,0,0,0,0,0,0,0,0,0,0,0,0,0,0,0,0,0,0,0,0,0,11,2,8,2,9,3,8,-1,6,-3,6,-1,4,-4,3,-7,4,-7,1,-9,0,-10,-1,-14,-3,-16,-5,-17,-6,-17,-7,-19,-10,-22,-11,-22,-12,-22,-15,-26,-15,-25,-19,-24,-21,-24,-21,-25,-26,-25,-25,-22,-28,-23,-28,-20,-30,-19,-33,-17,-32,-13,-33,-13,-34,-9,-35,-8,-37,-4,-37,1,-37,2,-36,5,-36,9,-37,16,-36,15,-32,16,-34,24,-30,27,-29,27,-31,32,-29,32,-26,34,-25,36,-24,39,-22,40,-16,45,-19,43,-18,42,-16,44,-14,42,-11,42,0,0]"
CSI_DATA,367,1a:00:00:00:00:00,-49,11,1,0,1,1,1,0,0,0,1,-96,0,11,2,5070257,0,44,0,384,0,"[0,0,0,0,0,0,0,0,0,0,0,0,-8,4,-7,4,-6,4,-5,3,-4,3,-3,3,-2,2,-2,2,-1,1,0,0,0,0,1,-1,1,-1,1,-2,1,-3,2,-4,2,-4,2,-5,2,-5,2,-6,2,-6,2,-7,2,-8,1,-9,1,-9,1,-10,0,0,1,-11,1,-11,1,-11,1,-12,1,-11,2,-12,2,-12,2,-11,2,-11,2,-11,2,-11,2,-10,2,-10,2,-9,3,-9,3,-8,3,-8,3,-7,3,-7,3,-6,3,-5,3,-5,3,-4,3,-4,3,-3,3,-2,0,0,0,0,0,0,0,0,0,0,0,0,0,0,2,34,2,31,5,28,5,24,7,23,7,19,6,15,6,14,5,11,7,9,7,6,5,4,3,2,2,0,2,-2,1,-4,-3,-6,-1,-7,-3,-7,-4,-9,-8,-9,-9,-11,-10,-10,-13,-9,-16,-10,-15,-13,-18,-14,-19,-13,-20,-11,-23,-13,-24,-11,-26,-12,-26,-11,-27,-13,-27,-13,-26,-14,-28,-13,-24,-14,-26,-14,-25,-14,-23,-15,-23,-15,-21,-15,-21,-14,-18,-16,-17,-14,-17,-16,-16,-14,-14,-14,-14,-13,-13,-12,-10,-12,-10,-11,-5,-12,-5,-12,-5,-11,-3,-13,0,0,0,0,0,0,0,0,0,0,0,0,0,0,0,0,0,0,0,0,0,0,0,10,-2,9,-2,7,-1,9,1,7,3,6,4,5,7,3,9,0,8,-1,10,-1,12,-4,12,-5,15,-5,18,-9,19,-11,19,-12,19,-13,18,-17,19,-17,20,-19,19,-23,21,-24,18,-25,17,-28,15,-30,15,-29,13,-32,13,-33,11,-36,6,-34,2,-37,1,-36,-2,-36,-5,-38,-9,-35,-12,-34,-15,-36,-17,-35,-23,-31,-24,-30,-31,-29,-29,-28,-35,-26,-35,-23,-38,-22,-40,-19,-42,-15,-43,-11,-45,-14,-44,-11,-47,-7,-46,-9,-46,-7,-48,-4,-46,-2,-44,-3,0,0]"
CSI_DATA,368,1a:00:00:00:00:00,-49,11,1,0,1,1,1,0,0,0,1,-96,0,11,2,5090334,0,44,0,384,0,"[0,0,0,0,0,0,0,0,0,0,0,0,-6,7,-4,6,-3,5,-3,5,-2,4,-2,3,-1,3,0,2,0,1,0,0,0,0,0,-1,0,-2,0,-3,1,-3,0,-4,0,-5,0,-5,-1,-6,-1,-6,-1,-7,-1,-8,-2,-8,-3,-8,-3,-9,-3,-9,0,0,-4,-10,-4,-11,-4,-11,-4,-11,-4,-11,-4,-11,-4,-11,-4,-11,-3,-11,-3,-11,-3,-10,-2,-10,-2,-10,-2,-9,-1,-9,-1,-9,-1,-8,-1,-8,0,-7,0,-7,0,-7,1,-6,1,-6,1,-5,2,-5,2,-4,0,0,0,0,0,0,0,0,0,0,0,0,0,0,18,66,23,58,27,52,26,46,26,36,21,34,22,27,18,23,18,15,14,14,15,8,11,4,9,1,4,-1,2,0,-2,-9,-4,-10,-7,-9,-15,-16,-15,-13,-22,-12,-23,-11,-25,-9,-31,-15,-33,-13,-39,-12,-39,-11,-44,-6,-46,-9,-48,-9,-49,-6,-52,-6,-55,-7,-62,-7,-53,-9,-59,-12,-57,-8,-57,-6,-56,-9,-56,-7,-50,-12,-51,-15,-46,-15,-47,-9,-45,-13,-46,-12,-39,-17,-36,-12,-32,-16,-29,-12,-28,-15,-26,-17,-26,-15,-18,-19,-19,-19,-18,-22,-11,-23,0,0,0,0,0,0,0,0,0,0,0,0,0,0,0,0,0,0,0,0,0,0,-1,20,0,21,2,19,2,16,3,11,7,13,9,6,9,2,16,-2,19,-4,22,-8,20,-10,25,-15,29,-18,26,-23,31,-22,32,-33,27,-33,30,-39,30,-44,31,-50,34,-56,32,-58,25,-61,21,-64,17,-65,18,-66,16,-66,5,-65,4,-74,-2,-66,-7,-77,-14,-71,-18,-68,-24,-69,-28,-64,-39,-61,-41,-58,-48,-58,-60,-58,-63,-51,-67,-47,-74,-41,-79,-33,-82,-31,-77,-16,-87,-16,-83,-13,-93,-8,-93,-7,-90,2,-94,6,-96,6,-91,10,-93,22,-87,16,-83,16,0,0]"
CSI_DATA,369,1a:00:00:00:00:00,-49,11,1,0,1,1,1,0,0,0,1,-96,0,11,2,5110341,0,44,0,384,0,"[0,0,0,0,0,0,0,0,0,0,0,0,8,1,7,0,6,0,6,0,5,-1,3,-1,3,-1,2,-2,1,-2,0,-1,-1,-1,-2,-1,-2,-1,-3,-1,-4,0,-4,0,-5,1,-5,1,-5,2,-6,2,-6,3,-7,3,-7,4,-7,5,-8,5,-8,6,0,0,-8,7,-9,7,-9,7,-9,7,-9,7,-9,7,-9,7,-9,7,-9,7,-9,6,-9,6,-9,5,-8,5,-8,4,-8,4,-8,4,-7,3,-7,3,-7,2,-6,2,-6,1,-6,1,-6,0,-6,0,-5,-1,-5,-1,0,0,0,0,0,0,0,0,0,0,0,0,0,0,54,-49,47,-40,41,-44,31,-45,26,-35,20,-30,22,-29,17,-29,11,-24,8,-20,5,-18,1,-13,-3,-12,-3,-6,-7,-2,-5,3,-5,10,-8,10,-7,11,-4,17,-8,23,-6,26,-5,26,3,27,-4,33,-1,37,-1,38,9,42,6,45,10,50,10,43,11,52,9,54,13,54,14,57,10,53,19,55,11,55,10,51,10,56,7,53,3,53,5,48,3,46,-4,49,4,46,1,42,0,38,-3,34,-8,35,-5,31,-7,24,-8,30,-15,26,-16,22,-16,20,-16,19,0,0,0,0,0,0,0,0,0,0,0,0,0,0,0,0,0,0,0,0,0,0,21,-7,19,-12,16,-12,12,-12,7,-10,8,-11,3,-15,-2,-14,-8,-16,-8,-14,-13,-16,-21,-19,-26,-16,-30,-20,-25,-19,-36,-17,-44,-19,-47,-20,-45,-14,-51,-14,-53,-15,-60,-8,-61,-8,-68,-7,-65,0,-62,10,-64,10,-68,11,-66,13,-65,26,-60,24,-65,36,-63,37,-58,41,-58,50,-52,54,-44,55,-39,61,-34,64,-26,73,-22,73,-20,83,-9,75,-3,86,3,78,2,86,16,84,24,85,28,86,35,86,35,88,37,82,42,84,44,73,47,80,50,74,55,68,0,0]"
CSI_DATA,370,1a:00:00:00:00:00,-49,11,1,0,1,1,1,0,0,0,1,-96,0,11,2,5120270,0,44,0,384,0,"[0,0,0,0,0,0,0,0,0,0,0,0,-8,-4,-7,-3,-7,-2,-6,-2,-5,-1,-4,-1,-3,0,-3,0,-2,0,-1,0,0,0,0,0,1,0,2,0,2,0,3,-1,3,-1,4,-1,4,-2,5,-2,5,-2,6,-3,6,-3,6,-4,7,-4,7,-5,0,0,7,-5,8,-5,8,-6,8,-6,8,-5,8,-5,8,-6,8,-5,8,-5,8,-5,8,-4,8,-4,7,-3,7,-3,7,-3,7,-3,6,-2,6,-2,5,-2,5,-2,5,-1,5,-1,4,0,4,0,4,1,3,1,0,0,0,0,0,0,0,0,0,0,0,0,0,0,-51,44,-47,43,-39,43,-33,40,-25,38,-26,33,-18,30,-15,29,-14,24,-5,18,1,13,-2,15,3,6,5,6,6,4,5,-6,6,-8,7,-10,6,-17,7,-17,5,-22,2,-29,4,-28,2,-32,2,-32,0,-40,-5,-40,-1,-41,-5,-49,-11,-51,-8,-53,-10,-55,-10,-52,-10,-55,-14,-62,-12,-56,-11,-59,-10,-54,-11,-55,-5,-55,-3,-53,-2,-53,-2,-49,-3,-49,2,-44,2,-48,4,-39,6,-40,4,-35,6,-31,7,-35,9,-30,7,-28,12,-23,12,-24,16,-21,21,-20,0,0,0,0,0,0,0,0,0,0,0,0,0,0,0,0,0,0,0,0,0,0,-18,12,-14,12,-15,13,-13,12,-8,11,-7,13,2,10,5,11,5,13,11,12,13,12,18,12,27,10,28,15,33,12,38,9,47,7,47,11,49,6,53,6,54,4,62,0,60,0,65,-5,62,-6,65,-16,66,-16,65,-16,62,-24,66,-31,55,-34,60,-40,52,-47,48,-46,50,-57,40,-59,34,-61,30,-64,24,-68,20,-77,18,-73,7,-83,-1,-78,-7,-86,-6,-80,-15,-79,-24,-84,-27,-84,-35,-84,-34,-85,-36,-83,-42,-82,-47,-82,-47,-75,-56,-78,-55,-76,-51,-68,0,0]"
CSI_DATA,371,1a:00:00:00:00:00,-49,11,1,0,1,1,1,0,0,0,1,-96,0,11,2,5140266,0,44,0,384,0,"[0,0,0,0,0,0,0,0,0,0,0,0,2,8,3,7,3,5,3,5,2,3,2,3,2,2,1,1,1,0,0,-1,0,-1,-1,-2,-1,-2,-2,-3,-2,-3,-3,-3,-4,-3,-4,-3,-5,-4,-6,-4,-6,-4,-7,-4,-7,-4,-8,-4,-9,-4,-9,-3,0,0,-10,-3,-10,-4,-11,-4,-11,-3,-11,-4,-11,-4,-11,-3,-11,-4,-11,-4,-10,-4,-10,-4,-9,-5,-9,-4,-9,-4,-8,-5,-8,-5,-7,-4,-7,-4,-6,-4,-6,-4,-5,-4,-5,-4,-4,-4,-3,-5,-3,-5,-2,-5,0,0,0,0,0,0,0,0,0,0,0,0,0,0,32,9,34,9,29,6,24,5,22,5,20,3,17,-2,15,-1,13,-2,10,-2,7,-2,6,-5,3,-3,0,-2,0,0,-2,-2,-5,0,-5,-2,-9,0,-10,3,-11,4,-13,3,-12,8,-16,9,-16,8,-15,10,-21,12,-17,15,-21,14,-19,18,-21,17,-19,20,-22,18,-21,21,-23,19,-23,16,-20,20,-22,20,-23,18,-22,17,-21,17,-21,15,-23,14,-23,12,-21,12,-20,10,-19,9,-18,11,-17,8,-17,8,-16,6,-15,5,-16,2,-15,1,-13,1,-12,-1,-13,-3,0,0,0,0,0,0,0,0,0,0,0,0,0,0,0,0,0,0,0,0,0,0,10,6,8,5,9,6,6,1,6,0,4,-1,5,-3,7,-6,4,-6,3,-8,4,-11,1,-14,2,-15,2,-18,-2,-18,-3,-22,-5,-23,-4,-24,-7,-25,-8,-26,-12,-25,-12,-28,-16,-28,-18,-30,-18,-29,-21,-28,-19,-27,-22,-26,-28,-25,-27,-23,-30,-22,-32,-18,-32,-16,-33,-13,-38,-10,-36,-6,-36,-4,-38,-1,-39,2,-39,8,-39,7,-41,18,-38,14,-40,21,-35,21,-35,25,-33,27,-29,30,-29,32,-30,37,-29,38,-25,39,-26,40,-23,41,-24,45,-19,40,-19,40,0,0]"
CSI_DATA,372,1a:00:00:00:00:00,-49,11,1,0,1,1,1,0,0,0,1,-96,0,11,2,5150559,0,44,0,384,0,"[0,0,0,0,0,0,0,0,0,0,0,0,3,7,3,6,3,5,3,4,3,3,2,2,2,1,1,1,1,0,1,-1,0,-1,-1,-2,-1,-2,-2,-2,-2,-3,-3,-3,-4,-3,-4,-3,-5,-3,-6,-3,-6,-3,-7,-3,-7,-3,-8,-3,-9,-3,-9,-2,0,0,-10,-2,-11,-2,-11,-2,-11,-2,-11,-2,-11,-2,-11,-2,-11,-2,-11,-3,-10,-3,-10,-3,-9,-3,-9,-3,-9,-3,-8,-4,-8,-4,-7,-3,-7,-3,-6,-4,-6,-3,-5,-4,-5,-4,-4,-4,-4,-4,-3,-4,-2,-4,0,0,0,0,0,0,0,0,0,0,0,0,0,0,36,6,31,4,27,4,26,0,22,-1,19,-1,18,-3,15,-3,14,-4,8,-4,8,-5,5,-4,4,-2,0,-4,-1,-3,-2,-4,-6,0,-9,2,-8,1,-8,3,-12,5,-11,6,-11,9,-13,11,-14,11,-14,13,-14,14,-17,16,-14,15,-16,21,-14,19,-16,22,-18,20,-18,22,-15,24,-20,23,-18,25,-18,21,-20,21,-18,19,-18,21,-19,17,-19,18,-18,17,-18,14,-18,15,-16,13,-16,12,-13,10,-13,10,-16,8,-15,6,-14,8,-14,4,-14,4,-13,2,-11,-1,0,0,0,0,0,0,0,0,0,0,0,0,0,0,0,0,0,0,0,0,0,0,10,7,9,4,8,3,7,3,8,0,6,-2,5,-1,5,-4,3,-5,1,-9,0,-10,-1,-11,0,-16,-2,-17,-2,-18,-6,-21,-6,-20,-7,-23,-11,-25,-11,-24,-12,-27,-15,-27,-16,-26,-18,-27,-19,-27,-23,-23,-23,-23,-26,-24,-26,-22,-31,-20,-28,-15,-33,-17,-34,-13,-34,-10,-36,-7,-35,-3,-36,1,-37,3,-37,5,-38,12,-36,12,-35,17,-36,20,-34,22,-33,25,-31,35,-28,32,-25,34,-25,35,-24,39,-23,40,-19,42,-21,41,-17,40,-15,42,-14,41,-13,44,0,0]"
CSI_DATA,373,1a:00:00:00:00:00,-49,11,1,0,1,1,1,0,0,0,1,-96,0,11,2,5161577,0,44,0,384,0,"[0,0,0,0,0,0,0,0,0,0,0,0,7,3,7,2,6,1,6,1,4,0,4,0,3,-1,2,-1,1,-1,0,-1,-1,-1,-1,-1,-2,-1,-3,-1,-3,-1,-4,0,-5,0,-5,0,-6,1,-6,1,-7,1,-7,2,-7,2,-8,3,-9,3,-9,4,0,0,-9,5,-10,5,-11,6,-10,5,-11,5,-10,5,-10,5,-10,5,-10,5,-10,4,-10,4,-10,3,-9,3,-9,3,-9,2,-9,2,-8,1,-8,1,-7,1,-7,1,-7,0,-6,0,-6,-1,-6,-1,-5,-2,-5,-2,0,0,0,0,0,0,0,0,0,0,0,0,0,0,58,-45,46,-39,40,-49,34,-36,26,-35,27,-34,18,-28,16,-27,13,-23,9,-20,3,-16,-2,-13,-1,-15,-4,-6,-4,1,-7,3,-6,6,-6,10,-6,10,-5,18,-10,22,-4,22,1,30,-7,28,-3,31,1,36,5,39,7,46,7,46,12,48,11,47,14,52,9,47,9,57,11,54,15,56,15,56,11,53,9,52,8,55,9,51,6,54,5,49,6,47,5,43,0,45,-4,43,-5,39,-3,36,-2,35,-10,32,-8,29,-9,28,-6,24,-13,24,-10,22,-16,15,0,0,0,0,0,0,0,0,0,0,0,0,0,0,0,0,0,0,0,0,0,0,18,-11,23,-9,15,-12,11,-8,9,-11,5,-10,4,-8,0,-14,-4,-16,-12,-18,-10,-17,-16,-16,-23,-20,-24,-18,-27,-19,-35,-19,-41,-19,-43,-19,-44,-19,-50,-16,-55,-14,-59,-10,-61,-7,-64,-6,-61,-7,-67,5,-65,7,-70,8,-68,9,-69,24,-65,22,-67,31,-62,34,-56,36,-56,45,-51,49,-45,51,-41,61,-36,67,-30,69,-25,75,-22,75,-18,79,-9,84,1,84,2,79,9,84,18,86,23,86,29,89,32,86,37,81,43,88,42,79,47,85,45,75,47,69,0,0]"
CSI_DATA,374,1a:00:00:00:00:00,-49,11,1,0,1,1,1,0,0,0,1,-96,0,11,2,5171430,0,44,0,384,0,"[0,0,0,0,0,0,0,0,0,0,0,0,-3,7,-2,6,-1,6,-1,5,-1,4,-1,3,0,2,0,2,0,1,0,0,0,-1,0,-1,0,-2,0,-3,0,-3,-1,-4,-1,-4,-1,-5,-2,-5,-2,-6,-2,-6,-3,-7,-3,-7,-4,-7,-5,-8,-5,-8,0,0,-5,-8,-6,-9,-6,-9,-6,-9,-6,-9,-6,-9,-6,-9,-5,-9,-6,-9,-5,-9,-5,-9,-4,-9,-4,-8,-4,-8,-3,-8,-3,-8,-3,-7,-2,-7,-2,-7,-2,-6,-1,-6,-1,-6,0,-6,0,-5,1,-5,1,-4,0,0,0,0,0,0,0,0,0,0,0,0,0,0,52,50,46,41,48,31,42,28,44,24,36,17,30,16,29,11,28,11,21,5,20,3,14,-2,10,3,5,-6,2,-2,-2,-5,-14,-5,-14,-6,-16,-8,-20,-2,-26,-2,-24,0,-32,3,-30,5,-38,4,-40,4,-35,7,-42,17,-48,14,-44,17,-44,17,-48,21,-50,18,-52,23,-48,22,-56,18,-56,21,-54,21,-54,15,-48,14,-52,12,-51,13,-53,14,-47,9,-45,9,-43,4,-44,4,-40,5,-36,2,-35,3,-35,0,-32,-1,-29,-3,-25,-8,-27,-10,-23,-11,-19,-17,0,0,0,0,0,0,0,0,0,0,0,0,0,0,0,0,0,0,0,0,0,0,13,22,10,17,9,13,12,11,9,9,11,7,9,0,13,2,11,-6,12,-15,15,-19,13,-20,11,-26,18,-30,14,-34,10,-38,7,-41,10,-43,6,-47,4,-54,4,-56,-2,-57,0,-57,-11,-66,-9,-65,-20,-65,-19,-61,-23,-62,-27,-64,-36,-62,-37,-52,-45,-62,-47,-53,-53,-47,-55,-44,-56,-37,-60,-32,-65,-32,-71,-25,-71,-13,-73,-11,-86,0,-80,-2,-80,10,-81,16,-84,26,-81,24,-83,31,-83,40,-77,39,-75,48,-74,49,-73,51,-70,60,-68,61,-68,57,-60,62,0,0]"
CSI_DATA,375,1a:00:00:00:00:00,-49,11,1,0,1,1,1,0,0,0,1,-96,0,11,2,5180271,0,44,0,384,0,"[0,0,0,0,0,0,0,0,0,0,0,0,-9,-1,-8,0,-7,1,-7,1,-6,1,-5,1,-4,1,-3,1,-2,1,-1,1,0,0,1,0,1,0,2,-1,3,-1,3,-2,4,-2,4,-3,4,-3,5,-4,5,-4,5,-5,6,-6,6,-7,6,-7,6,-8,0,0,6,-9,7,-9,7,-10,7,-10,7,-9,8,-9,7,-9,8,-9,7,-9,7,-8,8,-8,7,-7,7,-7,7,-6,7,-6,7,-5,6,-5,6,-5,6,-4,5,-3,6,-3,5,-2,5,-2,5,-1,5,-1,4,0,0,0,0,0,0,0,0,0,0,0,0,0,0,0,-19,31,-17,26,-11,27,-11,24,-7,22,-5,19,-2,17,-2,17,-3,11,0,10,2,9,1,5,4,3,1,2,2,1,3,-4,0,-7,1,-7,0,-6,1,-11,-1,-11,-1,-12,-3,-14,-5,-16,-5,-16,-7,-18,-7,-19,-9,-21,-10,-22,-13,-21,-12,-22,-12,-24,-12,-25,-14,-29,-15,-23,-12,-27,-14,-26,-14,-27,-10,-25,-12,-24,-8,-25,-7,-26,-6,-23,-7,-26,-8,-23,-6,-23,-4,-22,-3,-20,-3,-19,-2,-19,-3,-18,-2,-15,0,-17,3,-14,2,-13,3,-12,6,-8,0,0,0,0,0,0,0,0,0,0,0,0,0,0,0,0,0,0,0,0,0,0,-8,9,-6,11,-4,7,-4,7,-2,7,-1,5,3,6,3,5,5,7,5,3,10,5,10,1,14,0,14,1,16,0,18,-3,24,-3,21,-3,24,-8,25,-8,24,-8,27,-12,28,-13,26,-14,30,-17,27,-20,26,-19,26,-21,23,-20,25,-24,20,-27,21,-32,17,-31,15,-31,14,-33,9,-34,6,-34,1,-37,2,-37,-4,-38,-7,-40,-9,-36,-15,-39,-14,-40,-18,-39,-26,-37,-27,-34,-28,-34,-31,-32,-31,-34,-31,-33,-34,-32,-38,-33,-35,-27,-39,-31,-38,-25,-37,-24,0,0]"
CSI_DATA,376,1a:00:00:00:00:00,-49,11,1,0,1,1,1,0,0,0,1,-96,0,11,2,5190350,0,44,0,384,0,"[0,0,0,0,0,0,0,0,0,0,0,0,-5,-8,-5,-6,-5,-5,-5,-5,-4,-4,-4,-3,-3,-2,-3,-1,-2,-1,-1,0,-1,0,0,1,1,1,1,1,2,1,3,1,3,1,4,1,4,1,5,1,6,1,7,1,7,1,8,0,9,0,9,0,0,0,10,0,10,0,11,0,11,-1,10,0,11,0,11,0,10,0,10,0,10,0,10,1,9,1,9,1,8,1,8,2,7,2,7,2,6,2,6,2,5,2,5,2,4,2,4,3,3,3,3,3,2,3,0,0,0,0,0,0,0,0,0,0,0,0,0,0,-35,-4,-34,-2,-30,0,-26,2,-25,3,-23,3,-19,2,-15,3,-13,4,-11,3,-7,4,-6,4,-3,4,-2,1,-1,2,3,1,4,1,7,-2,7,-4,7,-6,11,-7,10,-7,11,-8,13,-15,12,-12,13,-14,11,-15,14,-17,13,-20,14,-22,14,-21,15,-24,15,-23,16,-25,14,-25,17,-26,15,-23,16,-24,17,-22,15,-22,17,-22,19,-21,16,-19,16,-17,15,-16,16,-18,14,-15,16,-13,13,-13,13,-10,12,-10,12,-10,13,-8,12,-5,13,-5,11,-3,12,-1,0,0,0,0,0,0,0,0,0,0,0,0,0,0,0,0,0,0,0,0,0,0,-11,-5,-10,-3,-9,-3,-10,-4,-7,0,-7,1,-6,4,-5,3,-3,8,-3,10,-1,10,1,12,2,13,4,15,5,15,4,18,9,18,8,19,14,20,12,21,15,24,17,24,18,21,20,21,22,23,25,21,27,20,28,18,29,16,34,16,33,10,33,9,34,10,32,4,35,2,34,-4,33,-6,34,-11,35,-12,34,-17,35,-18,30,-21,32,-25,33,-30,29,-32,27,-30,26,-35,22,-37,22,-40,21,-41,19,-43,15,-45,15,-43,12,-40,10,-48,7,-48,7,-41,0,0]"
CSI_DATA,377,1a:00:00:00:00:00,-49,11,1,0,1,1,1,0,0,0,1,-96,0,11,2,5201069,0,44,0,384,0,"[0,0,0,0,0,0,0,0,0,0,0,0,-5,8,-4,7,-2,6,-2,6,-2,5,-1,4,0,3,0,2,0,1,0,0,1,0,0,-1,0,-2,0,-3,0,-4,0,-5,-1,-5,-1,-6,-2,-6,-2,-7,-2,-7,-3,-8,-3,-8,-4,-9,-4,-10,-5,-10,0,0,-5,-10,-6,-11,-6,-11,-6,-11,-6,-11,-6,-11,-6,-11,-5,-11,-5,-11,-5,-11,-4,-11,-4,-11,-4,-10,-3,-10,-3,-10,-2,-9,-2,-9,-2,-8,-1,-8,-1,-7,-1,-7,0,-7,0,-6,1,-6,1,-6,2,-5,0,0,0,0,0,0,0,0,0,0,0,0,0,0,19,29,15,24,20,22,16,20,16,15,14,16,15,8,14,7,9,8,11,6,8,3,6,2,5,-1,3,-1,0,-3,-3,-2,-4,-5,-5,-3,-7,-4,-8,-5,-11,-5,-11,-5,-14,-3,-17,-2,-19,-4,-19,-3,-21,-5,-24,-1,-23,-2,-24,2,-24,0,-28,-1,-27,0,-31,2,-27,0,-29,0,-28,0,-29,0,-28,-3,-28,-2,-26,-3,-25,-5,-27,-3,-26,-6,-23,-5,-23,-5,-21,-6,-19,-6,-19,-5,-17,-6,-15,-5,-14,-7,-14,-7,-11,-9,-10,-9,-10,-9,-8,-10,0,0,0,0,0,0,0,0,0,0,0,0,0,0,0,0,0,0,0,0,0,0,4,9,4,8,6,8,5,6,4,5,5,4,6,1,6,-2,5,-4,6,-7,7,-6,9,-8,8,-14,7,-15,10,-14,6,-18,7,-22,8,-22,7,-25,7,-25,5,-28,3,-30,2,-30,0,-33,-1,-33,-2,-33,-3,-32,-4,-32,-9,-32,-12,-34,-13,-30,-17,-33,-19,-31,-22,-27,-21,-30,-26,-26,-27,-23,-31,-20,-33,-16,-37,-16,-35,-13,-40,-9,-40,-9,-42,-3,-41,-3,-47,1,-43,3,-43,8,-44,10,-44,11,-46,14,-46,16,-45,18,-40,19,-43,20,-40,20,-37,21,0,0]"
CSI_DATA,378,1a:00:00:00:00:00,-49,11,1,0,1,1,1,0,0,0,1,-96,0,11,2,5210426,0,44,0,384,0,"[0,0,0,0,0,0,0,0,0,0,0,0,-7,-7,-7,-5,-6,-4,-6,-4,-5,-3,-4,-2,-4,-1,-3,-1,-2,0,-2,0,-1,0,0,0,1,1,2,1,2,1,3,1,4,1,4,0,5,0,6,0,6,0,7,-1,7,-1,8,-1,9,-1,9,-2,0,0,10,-3,10,-3,11,-3,11,-3,11,-2,11,-3,11,-3,11,-2,10,-2,10,-2,10,-1,10,-1,9,-1,9,-1,8,0,8,0,7,0,7,0,6,0,6,0,5,1,5,1,5,2,4,2,4,2,3,3,0,0,0,0,0,0,0,0,0,0,0,0,0,0,-35,8,-29,10,-29,13,-24,12,-21,13,-19,11,-14,10,-12,11,-8,9,-8,10,-5,6,-2,6,-2,6,1,4,1,1,2,-1,3,-2,3,-4,6,-6,6,-9,9,-12,6,-11,7,-13,7,-14,5,-16,9,-18,8,-18,3,-21,6,-24,3,-25,4,-25,6,-30,6,-25,5,-30,5,-28,6,-29,8,-29,6,-27,8,-27,6,-28,7,-26,8,-25,8,-23,8,-21,10,-21,9,-20,9,-21,8,-19,8,-17,9,-16,7,-15,9,-13,8,-10,11,-9,10,-12,11,-6,11,-5,0,0,0,0,0,0,0,0,0,0,0,0,0,0,0,0,0,0,0,0,0,0,-10,1,-10,2,-10,2,-8,1,-8,2,-6,5,-3,4,-1,7,1,9,2,7,5,8,6,9,10,11,9,12,10,16,12,11,19,13,16,13,18,12,20,12,25,14,26,14,25,11,28,10,29,9,33,5,29,5,35,3,32,4,36,-2,31,-4,38,-6,31,-7,34,-12,33,-17,31,-18,29,-18,28,-24,26,-26,23,-30,26,-31,17,-31,20,-38,14,-36,14,-39,7,-41,8,-44,4,-45,4,-45,2,-45,-4,-45,-6,-46,-5,-48,-6,-43,-9,-46,-12,-44,-11,-41,0,0]"
CSI_DATA,379,1a:00:00:00:00:00,-49,11,1,0,1,1,1,0,0,0,1,-96,0,11,2,5220719,0,44,0,384,0,"[0,0,0,0,0,0,0,0,0,0,0,0,-7,-6,-7,-5,-7,-3,-6,-3,-5,-2,-4,-2,-4,-1,-3,-1,-2,0,-1,0,-1,0,0,0,1,1,2,1,2,1,3,0,4,0,4,0,5,0,5,-1,6,-1,7,-1,7,-1,8,-2,8,-2,8,-3,0,0,9,-3,10,-3,10,-3,10,-4,10,-3,10,-3,10,-3,10,-3,10,-3,10,-2,10,-2,9,-1,9,-1,8,-1,8,-1,8,-1,7,0,7,0,6,0,6,0,5,1,5,1,5,1,4,2,4,2,3,2,0,0,0,0,0,0,0,0,0,0,0,0,0,0,-59,25,-55,30,-49,30,-41,26,-38,29,-32,24,-26,24,-26,22,-16,21,-14,14,-7,16,-5,10,-3,5,0,7,3,3,2,-5,4,-3,10,-8,7,-10,10,-11,12,-22,13,-23,10,-26,9,-32,10,-30,8,-35,4,-40,5,-41,7,-43,2,-48,7,-48,6,-48,5,-50,5,-59,5,-56,7,-53,7,-59,7,-54,11,-53,10,-57,8,-49,14,-50,9,-45,15,-48,15,-43,12,-41,15,-36,14,-36,15,-35,11,-28,13,-32,15,-28,13,-25,18,-22,20,-16,17,-16,20,-10,0,0,0,0,0,0,0,0,0,0,0,0,0,0,0,0,0,0,0,0,0,0,-21,8,-21,4,-17,5,-11,10,-11,10,-10,9,-4,13,2,11,0,14,4,17,8,17,13,15,23,22,22,23,27,20,30,24,37,18,40,19,41,20,46,20,47,22,55,17,55,16,58,15,59,11,61,3,63,2,65,0,66,-6,63,-13,59,-15,66,-20,56,-24,56,-32,59,-35,53,-40,53,-42,50,-57,40,-56,40,-67,35,-65,29,-73,24,-73,19,-81,12,-77,11,-79,4,-87,-3,-87,-5,-86,-8,-92,-13,-87,-24,-88,-19,-90,-23,-85,-27,-85,-30,-85,-28,-84,0,0]"
CSI_DATA,380,1a:00:00:00:00:00,-49,11,1,0,1,1,1,0,0,0,1,-96,0,11,2,5235678,0,44,0,384,0,"[0,0,0,0,0,0,0,0,0,0,0,0,5,6,5,5,5,4,4,3,4,2,3,2,3,1,2,0,1,0,1,-1,0,-1,-1,-2,-2,-2,-2,-2,-3,-2,-4,-2,-4,-2,-5,-2,-6,-2,-6,-2,-7,-2,-8,-2,-8,-1,-9,-1,-9,-1,-10,0,0,0,-10,0,-11,0,-12,0,-12,0,-11,0,-12,0,-12,0,-11,0,-11,-1,-11,-1,-11,-1,-10,-2,-10,-2,-9,-2,-9,-2,-8,-2,-8,-2,-7,-2,-7,-2,-6,-3,-6,-3,-6,-3,-5,-3,-5,-4,-4,-4,-3,-4,0,0,0,0,0,0,0,0,0,0,0,0,0,0,37,-6,30,-6,27,-9,24,-8,22,-10,18,-10,13,-10,15,-9,11,-9,9,-8,7,-7,3,-5,1,-4,1,-4,-2,0,-4,-1,-5,0,-6,2,-8,4,-9,6,-8,9,-8,9,-7,10,-8,13,-8,14,-11,17,-9,18,-8,19,-7,19,-8,25,-7,23,-9,27,-10,23,-9,27,-9,26,-13,29,-10,25,-9,25,-12,27,-9,25,-10,25,-12,24,-10,22,-12,24,-11,20,-12,18,-11,18,-11,16,-12,15,-11,13,-12,12,-11,10,-10,10,-13,7,-12,6,-11,5,-11,2,0,0,0,0,0,0,0,0,0,0,0,0,0,0,0,0,0,0,0,0,0,0,12,0,10,1,9,0,9,0,7,-4,6,-5,4,-6,3,-6,3,-7,-1,-9,-3,-10,-4,-11,-6,-14,-8,-15,-8,-15,-12,-15,-15,-16,-15,-16,-19,-18,-19,-19,-21,-19,-24,-19,-24,-18,-28,-16,-30,-13,-32,-11,-31,-12,-33,-8,-30,-8,-36,-6,-32,-4,-36,-1,-36,0,-33,5,-34,7,-36,12,-31,13,-31,20,-29,23,-29,24,-30,29,-23,30,-25,34,-21,33,-17,36,-16,40,-14,41,-12,42,-8,41,-10,43,-5,44,-4,45,-3,47,2,44,0,47,2,48,4,41,0,0]"
CSI_DATA,381,1a:00:00:00:00:00,-49,11,1,0,1,1,1,0,0,0,1,-96,0,11,2,5240246,0,44,0,384,0,"[0,0,0,0,0,0,0,0,0,0,0,0,-5,7,-4,7,-3,6,-3,5,-2,4,-1,4,-1,3,0,2,0,1,0,0,0,0,0,-1,0,-2,0,-3,0,-3,0,-4,0,-5,0,-5,-1,-6,-1,-7,-2,-7,-2,-8,-2,-8,-3,-9,-3,-9,-4,-9,0,0,-4,-10,-4,-10,-5,-11,-5,-11,-5,-11,-5,-11,-5,-11,-4,-11,-4,-11,-4,-10,-4,-11,-3,-10,-3,-10,-3,-10,-2,-9,-2,-9,-2,-8,-1,-8,-1,-7,-1,-7,0,-7,0,-6,0,-6,1,-5,1,-5,2,-5,0,0,0,0,0,0,0,0,0,0,0,0,0,0,32,63,32,55,33,46,32,40,29,40,28,34,23,24,23,21,21,14,18,12,16,5,13,0,10,1,5,-1,5,-5,-4,-2,-3,-8,-11,-11,-16,-11,-16,-11,-23,-12,-21,-10,-30,-6,-29,-8,-37,-10,-37,-10,-38,-8,-39,-5,-49,-6,-51,-1,-52,-9,-50,-5,-53,-4,-56,-1,-54,-2,-61,-3,-61,-4,-56,-3,-55,-6,-55,-6,-49,-9,-58,-9,-52,-12,-52,-12,-46,-14,-43,-12,-42,-18,-37,-13,-34,-17,-32,-14,-32,-16,-29,-14,-27,-15,-23,-18,-17,-23,-17,-22,-11,-19,0,0,0,0,0,0,0,0,0,0,0,0,0,0,0,0,0,0,0,0,0,0,7,21,4,20,8,18,8,17,7,12,6,9,12,3,15,4,15,-5,18,-9,18,-10,19,-15,16,-24,20,-28,22,-25,22,-32,23,-43,22,-40,22,-48,19,-47,16,-52,15,-62,15,-54,14,-60,12,-62,4,-64,4,-65,-3,-71,-7,-67,-15,-70,-17,-62,-24,-72,-28,-65,-36,-60,-44,-57,-41,-55,-46,-54,-58,-48,-65,-48,-66,-43,-72,-36,-74,-28,-75,-29,-81,-21,-78,-17,-88,-10,-87,-2,-88,9,-92,13,-86,12,-89,14,-92,18,-94,21,-80,25,-90,30,-88,37,-77,37,0,0]"
CSI_DATA,382,1a:00:00:00:00:00,-49,11,1,0,1,1,1,0,0,0,1,-96,0,11,2,5260299,0,44,0,384,0,"[0,0,0,0,0,0,0,0,0,0,0,0,1,8,2,7,2,5,2,5,2,4,2,3,2,2,1,1,1,1,0,0,0,-1,0,-2,-1,-2,-1,-3,-2,-3,-3,-3,-3,-4,-4,-4,-4,-4,-5,-4,-6,-4,-6,-4,-7,-5,-8,-5,-8,-5,-9,-5,0,0,-10,-5,-10,-5,-11,-5,-11,-5,-10,-6,-11,-5,-11,-5,-10,-5,-10,-5,-9,-6,-9,-6,-8,-6,-8,-6,-8,-6,-7,-6,-7,-6,-6,-5,-6,-5,-5,-5,-5,-5,-4,-5,-4,-5,-3,-5,-2,-5,-2,-5,-1,-5,0,0,0,0,0,0,0,0,0,0,0,0,0,0,34,5,28,5,30,0,23,2,23,1,21,-2,17,-3,14,-2,10,-5,10,-5,8,-3,5,-4,3,-4,1,-4,0,-3,-3,-2,-5,-1,-7,0,-9,0,-7,1,-12,4,-9,5,-12,7,-13,9,-14,8,-14,11,-16,14,-17,14,-18,15,-19,19,-17,19,-17,19,-17,19,-19,19,-19,20,-21,20,-20,20,-21,19,-21,19,-18,18,-19,17,-21,15,-20,15,-23,12,-19,13,-20,11,-19,9,-17,11,-15,8,-16,7,-14,7,-15,6,-14,4,-15,2,-13,1,-13,-1,-11,-2,0,0,0,0,0,0,0,0,0,0,0,0,0,0,0,0,0,0,0,0,0,0,11,4,9,3,10,3,8,0,6,-1,7,-3,4,-4,2,-5,3,-9,2,-8,1,-11,1,-12,-4,-15,-6,-18,-5,-16,-7,-18,-11,-21,-9,-20,-12,-21,-13,-23,-14,-26,-18,-24,-18,-22,-21,-26,-22,-24,-27,-23,-27,-21,-29,-18,-28,-17,-30,-15,-31,-12,-35,-11,-35,-8,-35,-4,-36,-3,-34,1,-33,2,-35,7,-33,10,-34,13,-34,19,-34,20,-34,24,-34,25,-29,27,-24,34,-26,34,-26,35,-23,37,-23,41,-22,38,-20,42,-21,44,-15,40,-16,43,-13,43,-11,41,0,0]"
CSI_DATA,383,1a:00:00:00:00:00,-49,11,1,0,1,1,1,0,0,0,1,-96,0,11,2,5272055,0,44,0,384,0,"[0,0,0,0,0,0,0,0,0,0,0,0,8,1,7,0,6,0,6,-1,5,-1,3,-1,3,-1,2,-1,1,-1,0,-2,-1,-1,-2,-1,-2,-1,-3,-1,-3,-1,-4,0,-4,1,-5,1,-5,2,-6,2,-6,2,-7,3,-7,3,-7,4,-8,5,-8,5,0,0,-8,6,-9,6,-9,6,-9,7,-9,6,-10,6,-9,6,-9,6,-9,6,-9,6,-9,5,-9,4,-9,4,-8,3,-8,3,-8,3,-8,2,-7,2,-7,2,-7,1,-7,1,-6,0,-6,0,-6,-1,-5,-1,-5,-2,0,0,0,0,0,0,0,0,0,0,0,0,0,0,36,-60,35,-52,25,-53,24,-45,19,-45,15,-41,10,-33,7,-33,4,-22,4,-23,3,-17,-2,-15,-5,-11,-6,-4,-1,0,-8,6,-3,8,-4,9,-5,16,0,15,-1,26,-4,23,7,25,7,30,7,28,9,33,11,40,15,37,20,43,26,45,22,46,26,48,21,47,25,51,29,49,27,50,24,48,23,51,23,55,21,54,18,48,15,46,16,52,13,45,10,41,9,41,10,42,6,40,6,38,1,35,3,32,2,29,1,27,-6,29,-6,29,-11,27,-13,20,0,0,0,0,0,0,0,0,0,0,0,0,0,0,0,0,0,0,0,0,0,0,21,-11,13,-12,10,-19,10,-11,7,-12,6,-11,1,-10,-6,-11,-5,-11,-14,-13,-17,-10,-24,-7,-28,-9,-29,-12,-34,-13,-37,-10,-48,-7,-43,-4,-51,-2,-54,7,-57,1,-59,7,-57,9,-58,18,-57,15,-63,23,-63,22,-60,29,-62,28,-57,40,-52,41,-53,53,-49,51,-43,59,-37,63,-31,59,-28,62,-16,72,-15,75,-7,77,1,76,5,80,8,84,19,84,22,73,28,84,38,80,41,75,46,74,51,78,56,74,63,71,62,71,64,61,67,62,67,55,63,59,0,0]"
CSI_DATA,384,1a:00:00:00:00:00,-49,11,1,0,1,1,1,0,0,0,1,-96,0,11,2,5290273,0,44,0,384,0,"[0,0,0,0,0,0,0,0,0,0,0,0,-8,-4,-8,-3,-7,-2,-6,-2,-6,-1,-5,-1,-4,0,-3,0,-2,0,-1,0,-1,0,0,0,1,0,2,0,2,0,3,-1,4,-1,4,-1,5,-2,5,-2,6,-2,6,-3,6,-3,7,-4,8,-4,7,-5,0,0,8,-6,9,-6,9,-6,9,-6,9,-6,9,-6,9,-6,9,-6,9,-6,9,-5,9,-5,8,-4,8,-4,8,-4,8,-3,8,-3,7,-3,6,-2,6,-2,6,-2,6,-1,5,-1,5,0,5,0,4,1,4,1,0,0,0,0,0,0,0,0,0,0,0,0,0,0,-67,32,-58,30,-48,38,-42,31,-34,30,-32,26,-27,27,-25,24,-19,21,-14,18,-2,17,-7,9,-1,10,3,9,6,2,5,-2,4,-5,7,-9,9,-14,6,-20,8,-22,4,-22,7,-27,3,-30,4,-36,3,-36,1,-38,-2,-45,1,-46,-3,-51,0,-50,-6,-59,-3,-53,-2,-56,-10,-52,-4,-61,-4,-57,-9,-57,-2,-60,-5,-56,-4,-49,3,-52,4,-47,0,-50,1,-53,4,-44,7,-41,5,-36,5,-38,8,-35,9,-35,9,-33,8,-25,10,-21,13,-25,15,-20,18,-17,0,0,0,0,0,0,0,0,0,0,0,0,0,0,0,0,0,0,0,0,0,0,-22,-1,-26,0,-19,5,-14,5,-15,10,-9,9,-8,12,-5,12,0,10,5,16,14,22,13,20,18,25,21,25,25,22,25,23,37,22,32,28,42,27,45,21,50,24,54,21,51,17,56,16,61,14,66,8,66,10,69,3,62,-3,69,-10,62,-10,76,-20,68,-26,60,-30,63,-39,58,-39,51,-47,50,-56,46,-57,42,-65,35,-69,30,-71,31,-80,17,-81,11,-84,1,-79,0,-84,-9,-89,-10,-84,-15,-88,-13,-91,-22,-87,-24,-100,-30,-85,-33,-92,-33,-85,-36,-77,0,0]"
CSI_DATA,385,1a:00:00:00:00:00,-49,11,1,0,1,1,1,0,0,0,1,-96,0,11,2,5300542,0,44,0,384,0,"[0,0,0,0,0,0,0,0,0,0,0,0,-10,1,-9,1,-8,2,-7,2,-6,2,-4,1,-3,2,-2,1,-2,1,-1,1,0,0,1,0,1,-1,2,-1,2,-1,3,-3,3,-3,4,-4,4,-4,4,-5,4,-5,5,-6,5,-7,5,-8,5,-8,5,-9,0,0,5,-10,6,-10,6,-11,6,-11,6,-11,6,-11,6,-11,6,-10,6,-10,6,-10,6,-10,6,-9,6,-8,6,-8,6,-7,6,-7,6,-6,5,-6,5,-5,5,-5,5,-4,5,-3,5,-3,5,-2,5,-2,4,-1,0,0,0,0,0,0,0,0,0,0,0,0,0,0,-13,32,-12,29,-6,28,-7,25,-3,23,-3,20,-4,16,-1,17,0,13,2,11,2,8,1,6,3,4,2,2,2,2,2,-5,1,-7,-1,-7,-1,-8,-2,-11,-4,-12,-4,-11,-7,-12,-7,-15,-9,-15,-12,-17,-11,-15,-15,-16,-14,-20,-16,-20,-17,-20,-20,-21,-16,-21,-20,-21,-21,-20,-19,-22,-21,-22,-20,-22,-19,-22,-16,-21,-16,-21,-16,-23,-15,-21,-14,-21,-13,-21,-13,-20,-11,-19,-10,-18,-10,-18,-6,-16,-5,-15,-6,-14,-6,-16,-2,-14,-1,-13,0,-12,1,-12,0,0,0,0,0,0,0,0,0,0,0,0,0,0,0,0,0,0,0,0,0,0,-9,8,-7,6,-6,8,-4,7,-4,7,-1,7,2,6,4,4,4,7,8,3,9,5,10,2,14,1,15,1,14,0,20,0,22,-1,22,-2,25,-5,25,-5,25,-7,28,-9,28,-11,29,-14,29,-15,27,-19,26,-17,27,-21,26,-22,24,-26,22,-26,21,-31,17,-32,15,-33,13,-34,8,-35,4,-36,3,-35,0,-37,-4,-40,-9,-39,-9,-39,-16,-38,-18,-38,-21,-38,-21,-38,-26,-37,-29,-32,-34,-31,-34,-30,-37,-29,-36,-28,-41,-30,-36,-25,-44,-25,-41,-23,-38,-20,0,0]"
CSI_DATA,386,1a:00:00:00:00:00,-49,11,1,0,1,1,1,0,0,0,1,-96,0,11,2,5310295,0,44,0,384,0,"[0,0,0,0,0,0,0,0,0,0,0,0,-4,7,-3,6,-2,5,-2,5,-1,4,-1,3,0,3,0,2,0,1,0,0,0,0,0,-1,0,-2,0,-3,0,-3,0,-4,-1,-4,-1,-5,-2,-5,-2,-6,-2,-6,-3,-7,-3,-7,-4,-7,-4,-8,-5,-8,0,0,-5,-8,-6,-9,-6,-9,-6,-9,-6,-9,-6,-9,-6,-9,-6,-9,-6,-9,-5,-9,-5,-9,-4,-9,-4,-8,-4,-8,-3,-8,-3,-8,-3,-7,-3,-7,-2,-6,-2,-6,-1,-6,-1,-6,0,-5,0,-5,1,-5,1,-4,0,0,0,0,0,0,0,0,0,0,0,0,0,0,43,56,42,50,40,44,35,34,33,33,33,22,25,21,32,18,19,12,22,13,16,2,11,4,10,1,8,-2,0,-8,-1,-4,-7,-5,-12,-9,-12,-11,-17,-3,-24,-8,-23,-6,-25,-8,-30,-3,-33,-7,-41,-4,-39,-1,-41,5,-49,3,-47,7,-50,8,-55,11,-56,4,-58,8,-54,12,-61,6,-59,10,-54,3,-57,5,-56,3,-55,5,-51,0,-51,1,-50,-2,-48,-2,-42,-3,-43,-6,-44,-4,-38,-5,-32,-6,-33,-10,-29,-10,-29,-11,-25,-12,-23,-15,-19,-19,-16,-18,0,0,0,0,0,0,0,0,0,0,0,0,0,0,0,0,0,0,0,0,0,0,10,21,8,14,7,13,10,13,10,11,14,9,11,2,15,0,19,-5,13,-8,16,-15,15,-18,19,-22,15,-27,16,-32,15,-34,16,-43,13,-41,13,-48,11,-49,12,-51,9,-61,6,-59,-4,-64,-4,-68,-9,-68,-10,-64,-9,-71,-13,-64,-28,-69,-28,-58,-32,-69,-35,-57,-43,-59,-45,-51,-51,-49,-49,-42,-65,-38,-65,-32,-72,-25,-73,-25,-76,-13,-85,-13,-83,-4,-83,2,-88,3,-82,7,-88,18,-89,22,-84,24,-84,35,-83,39,-89,37,-82,38,-82,43,-77,47,-69,42,0,0]"
CSI_DATA,387,1a:00:00:00:00:00,-49,11,1,0,1,1,1,0,0,0,1,-96,0,11,2,5320290,0,44,0,384,0,"[0,0,0,0,0,0,0,0,0,0,0,0,5,6,5,5,5,4,5,3,4,2,3,2,3,1,2,0,1,0,1,-1,0,-1,-1,-2,-1,-2,-2,-2,-3,-2,-4,-2,-4,-2,-5,-2,-6,-2,-6,-2,-7,-2,-8,-1,-8,-1,-9,0,-9,0,-10,0,0,0,-10,1,-11,1,-12,1,-12,1,-11,1,-12,0,-12,0,-11,0,-11,0,-11,0,-11,0,-10,-1,-10,-1,-9,-1,-9,-1,-9,-1,-8,-2,-7,-2,-7,-2,-7,-2,-6,-3,-6,-3,-5,-3,-5,-3,-4,-4,-4,-4,0,0,0,0,0,0,0,0,0,0,0,0,0,0,35,-7,32,-6,31,-9,24,-9,20,-9,19,-10,16,-9,16,-9,9,-9,9,-8,6,-6,5,-7,3,-6,1,-4,-2,-2,-4,-1,-7,0,-4,1,-7,1,-8,4,-9,8,-9,9,-9,12,-10,12,-9,11,-10,15,-10,17,-10,20,-11,22,-9,22,-10,22,-11,26,-12,23,-11,26,-10,25,-13,26,-11,26,-11,28,-13,28,-12,22,-12,22,-15,22,-14,20,-13,19,-14,18,-12,18,-14,16,-13,13,-14,13,-13,14,-12,13,-13,10,-13,10,-11,8,-11,5,-11,5,-10,0,0,0,0,0,0,0,0,0,0,0,0,0,0,0,0,0,0,0,0,0,0,0,11,0,9,0,9,-1,9,-1,6,-3,5,-3,5,-3,3,-8,1,-7,-2,-10,-3,-11,-6,-11,-8,-12,-10,-12,-9,-16,-12,-16,-15,-17,-17,-18,-18,-17,-20,-17,-20,-18,-24,-17,-28,-16,-29,-15,-29,-13,-32,-12,-30,-13,-33,-7,-33,-8,-37,-5,-33,-3,-39,0,-38,2,-34,4,-36,8,-34,11,-33,14,-32,19,-30,21,-29,25,-26,27,-24,32,-26,35,-21,35,-19,35,-18,42,-14,39,-11,43,-9,43,-7,46,-6,47,-5,47,-4,46,-2,44,-3,48,2,44,4,44,0,0]"
CSI_DATA,388,1a:00:00:00:00:00,-49,11,1,0,1,1,1,0,0,0,1,-96,0,11,2,5330482,0,44,0,384,0,"[0,0,0,0,0,0,0,0,0,0,0,0,-2,-10,-2,-8,-3,-7,-2,-6,-3,-5,-2,-4,-2,-3,-2,-2,-2,-2,-2,-1,-1,0,-1,1,0,1,0,2,0,2,1,3,2,3,2,4,3,3,4,4,4,4,5,4,5,5,6,5,7,5,7,5,0,0,8,5,9,6,9,6,9,6,9,5,9,6,9,6,9,6,9,6,8,6,8,6,7,6,6,6,6,6,6,6,5,6,5,6,4,5,4,5,3,5,3,5,2,5,2,5,1,5,0,5,0,4,0,0,0,0,0,0,0,0,0,0,0,0,0,0,-30,-18,-26,-18,-28,-12,-24,-11,-24,-9,-20,-6,-17,-4,-17,-4,-14,-2,-11,0,-10,0,-8,1,-6,1,-4,3,-1,1,2,3,4,2,6,2,8,1,9,1,10,0,12,0,15,-5,16,-5,13,-5,19,-5,16,-7,20,-9,21,-9,22,-13,22,-10,24,-12,23,-11,27,-13,25,-14,26,-11,27,-12,25,-14,25,-9,26,-11,23,-10,26,-6,25,-8,25,-7,21,-4,22,-6,19,-4,19,-3,17,0,18,-1,17,1,15,-1,15,1,13,4,12,3,11,4,9,6,0,0,0,0,0,0,0,0,0,0,0,0,0,0,0,0,0,0,0,0,0,0,-10,-8,-10,-6,-9,-5,-9,-3,-8,-2,-8,-1,-6,1,-7,3,-4,4,-6,7,-4,9,-2,11,-2,15,-1,17,-2,20,2,19,5,19,0,21,4,24,9,25,4,22,9,29,10,25,14,30,14,28,18,26,17,28,21,26,19,28,25,24,26,19,29,22,31,16,31,14,33,11,35,9,33,6,37,1,37,1,38,-4,37,-7,41,-11,39,-11,37,-16,38,-18,39,-22,38,-24,33,-27,34,-29,32,-30,31,-33,30,-34,32,-36,28,-34,28,-36,24,-38,22,-37,0,0]"
CSI_DATA,389,1a:00:00:00:00:00,-49,11,1,0,1,1,1,0,0,0,1,-96,0,11,2,5340275,0,44,0,384,0,"[0,0,0,0,0,0,0,0,0,0,0,0,-1,-10,-2,-8,-2,-7,-2,-6,-2,-5,-2,-5,-2,-4,-2,-3,-2,-2,-2,-1,-1,0,-1,1,-1,1,0,2,0,2,1,3,1,3,2,4,3,4,3,5,3,5,4,5,5,5,6,5,7,5,7,5,0,0,8,6,8,6,9,6,9,6,8,7,8,7,8,7,8,7,8,7,7,7,7,7,6,7,6,6,5,6,5,6,5,6,4,6,4,6,3,6,3,5,2,5,2,5,1,5,1,5,0,5,-1,4,0,0,0,0,0,0,0,0,0,0,0,0,0,0,-33,-15,-28,-12,-27,-10,-28,-8,-25,-5,-21,-3,-20,-3,-17,0,-13,0,-12,1,-11,2,-8,4,-6,1,-3,2,0,2,3,0,5,2,6,1,7,0,9,0,12,-2,11,-3,13,-5,14,-7,15,-8,17,-7,19,-8,19,-12,21,-11,20,-13,22,-15,22,-15,20,-15,25,-15,22,-16,26,-16,26,-16,25,-17,24,-15,24,-14,22,-15,23,-11,23,-10,21,-9,20,-8,20,-7,20,-7,18,-7,19,-5,17,-4,16,-3,15,-2,14,-1,11,0,13,1,10,3,11,5,0,0,0,0,0,0,0,0,0,0,0,0,0,0,0,0,0,0,0,0,0,0,-11,-7,-11,-7,-8,-5,-8,-3,-6,-2,-8,0,-7,3,-4,3,-7,6,-6,7,-5,11,-1,12,-1,14,-1,17,1,16,0,19,5,21,2,22,7,24,8,25,11,24,14,28,12,23,14,26,16,27,21,25,18,25,21,25,23,23,26,22,27,18,32,19,32,16,32,12,33,9,36,7,33,4,37,0,36,-3,41,-4,38,-10,36,-13,38,-17,37,-20,34,-22,35,-31,34,-29,30,-29,29,-32,31,-35,29,-36,30,-36,28,-40,26,-38,26,-39,22,-38,20,-41,0,0]"
CSI_DATA,390,1a:00:00:00:00:00,-49,11,1,0,1,1,1,0,0,0,1,-96,0,11,2,5350282,0,44,0,384,0,"[0,0,0,0,0,0,0,0,0,0,0,0,-8,-6,-7,-4,-7,-3,-6,-3,-5,-2,-4,-2,-4,-1,-3,-1,-2,0,-1,0,-1,0,0,0,1,1,2,1,2,1,3,0,4,0,4,0,5,0,6,0,6,-1,7,-1,7,-1,8,-2,8,-2,8,-3,0,0,9,-3,10,-3,10,-4,10,-4,10,-3,10,-3,10,-3,10,-3,10,-3,10,-3,10,-3,9,-2,9,-2,8,-1,8,-1,8,-1,7,-1,7,-1,6,0,6,0,6,1,5,1,5,1,4,1,4,2,3,2,0,0,0,0,0,0,0,0,0,0,0,0,0,0,-53,41,-48,42,-38,45,-36,40,-33,38,-25,35,-15,31,-15,30,-11,26,-10,23,-6,15,-1,12,0,9,3,6,6,5,1,-4,9,-5,9,-15,4,-15,3,-13,4,-26,8,-26,-1,-30,3,-30,4,-33,2,-42,1,-42,1,-46,-4,-50,-9,-49,-8,-47,-12,-55,-10,-52,-13,-56,-13,-55,-7,-63,-10,-59,-5,-58,-5,-52,-5,-56,-3,-57,0,-51,1,-47,0,-49,0,-45,4,-49,7,-40,9,-45,5,-36,7,-35,5,-34,12,-30,10,-28,12,-23,19,-22,14,-20,14,-18,0,0,0,0,0,0,0,0,0,0,0,0,0,0,0,0,0,0,0,0,0,0,-22,14,-17,12,-17,9,-11,12,-8,10,-5,12,-4,10,1,15,4,16,12,16,15,15,18,11,22,12,31,13,34,14,34,11,43,8,40,6,44,8,48,3,51,5,58,1,58,-3,60,-8,62,-9,63,-15,63,-15,59,-21,64,-26,60,-30,57,-38,59,-35,54,-44,49,-50,48,-53,41,-59,38,-59,31,-67,25,-69,16,-75,13,-78,10,-79,1,-82,0,-87,-7,-78,-25,-84,-23,-81,-25,-83,-33,-79,-37,-87,-42,-85,-46,-79,-45,-82,-47,-80,-53,-78,-56,-70,-49,-69,0,0]"
CSI_DATA,391,1a:00:00:00:00:00,-49,11,1,0,1,1,1,0,0,0,1,-96,0,11,2,5391182,0,44,0,384,0,"[0,0,0,0,0,0,0,0,0,0,0,0,-9,-2,-8,-1,-7,-1,-7,-1,-6,0,-4,0,-4,0,-3,1,-2,0,-1,1,0,0,0,0,1,0,2,0,2,-1,3,-1,4,-2,4,-2,4,-2,5,-3,5,-3,6,-4,6,-4,7,-5,7,-5,7,-6,0,0,7,-7,8,-7,8,-7,8,-8,8,-7,8,-7,8,-7,8,-7,8,-7,8,-6,8,-6,8,-5,8,-5,8,-5,7,-4,7,-4,7,-3,6,-3,6,-3,6,-2,6,-2,5,-1,5,-1,5,0,4,0,4,1,0,0,0,0,0,0,0,0,0,0,0,0,0,0,-48,48,-44,44,-37,53,-34,44,-23,39,-26,34,-19,31,-13,28,-7,23,-8,20,-3,18,-1,10,0,9,2,6,4,1,9,-6,5,-8,3,-7,6,-13,2,-17,3,-23,3,-26,2,-27,1,-30,-3,-31,-8,-40,-5,-39,-12,-43,-9,-47,-17,-50,-14,-52,-17,-55,-13,-52,-14,-52,-21,-56,-15,-60,-14,-54,-15,-55,-14,-57,-15,-55,-14,-55,-8,-54,-7,-51,-9,-49,-4,-45,-4,-46,-3,-45,-1,-40,-2,-39,1,-30,3,-33,3,-29,7,-33,8,-30,10,-27,11,-26,12,-19,0,0,0,0,0,0,0,0,0,0,0,0,0,0,0,0,0,0,0,0,0,0,-24,16,-17,11,-17,9,-14,11,-13,13,-8,11,-5,9,2,12,6,9,8,8,15,11,21,7,22,12,27,12,31,12,32,9,44,10,41,11,46,8,48,2,54,0,60,0,61,-6,64,-8,61,-14,60,-19,62,-16,61,-26,61,-24,63,-38,51,-38,57,-44,53,-45,43,-51,42,-57,40,-60,34,-61,32,-68,24,-70,14,-78,12,-72,4,-83,-3,-80,-15,-79,-16,-84,-14,-83,-25,-82,-34,-84,-34,-78,-43,-84,-46,-81,-53,-79,-53,-83,-51,-71,-60,-75,-62,-70,-57,-68,0,0]"
CSI_DATA,392,1a:00:00:00:00:00,-49,11,1,0,1,1,1,0,0,0,1,-96,0,11,2,5401111,0,44,0,384,0,"[0,0,0,0,0,0,0,0,0,0,0,0,6,4,6,3,6,2,5,2,4,1,3,1,3,0,2,0,1,-1,0,-1,0,-1,-1,-1,-2,-2,-2,-2,-3,-2,-4,-1,-4,-1,-5,-1,-5,-1,-6,0,-6,0,-7,0,-7,1,-8,1,-9,1,-9,2,0,0,-9,2,-10,2,-10,3,-10,3,-10,2,-10,2,-10,3,-10,2,-10,2,-10,2,-10,1,-9,1,-9,1,-9,1,-8,0,-8,0,-8,0,-7,0,-7,-1,-6,-1,-6,-1,-6,-1,-5,-2,-5,-2,-4,-3,-4,-3,0,0,0,0,0,0,0,0,0,0,0,0,0,0,61,-38,57,-36,48,-36,44,-36,34,-34,32,-32,22,-27,24,-24,16,-20,13,-21,5,-16,5,-12,-3,-14,1,-3,-4,-3,-3,3,-11,0,-9,10,-10,12,-9,16,-10,22,-11,21,-13,30,-7,30,-8,30,-7,32,-2,38,-2,41,-2,41,-1,51,-2,47,-4,52,-1,52,5,52,-2,60,0,53,-7,56,-1,55,-7,56,-6,56,-6,53,-4,51,-8,48,-7,48,-6,42,-10,47,-11,41,-10,38,-14,32,-9,33,-10,26,-15,28,-13,24,-16,26,-19,19,-20,17,-18,13,0,0,0,0,0,0,0,0,0,0,0,0,0,0,0,0,0,0,0,0,0,0,24,-5,20,-6,18,-6,16,-6,11,-8,12,-9,4,-10,-2,-15,-1,-14,-4,-21,-7,-21,-12,-20,-20,-16,-24,-20,-28,-24,-27,-23,-37,-21,-37,-22,-43,-22,-44,-21,-52,-19,-53,-14,-58,-15,-60,-15,-60,-9,-64,-5,-64,-4,-60,1,-66,7,-70,12,-59,14,-67,24,-63,24,-58,33,-59,38,-57,45,-53,49,-44,56,-45,60,-40,67,-34,66,-28,79,-26,80,-14,82,-14,75,-1,76,1,80,7,85,9,83,16,86,21,85,25,86,22,91,27,80,33,88,38,78,34,79,0,0]"
CSI_DATA,393,1a:00:00:00:00:00,-49,11,1,0,1,1,1,0,0,0,1,-96,0,11,2,5410322,0,44,0,384,0,"[0,0,0,0,0,0,0,0,0,0,0,0,0,-10,-1,-9,-1,-7,-1,-7,-2,-5,-2,-5,-2,-4,-2,-3,-2,-2,-2,-1,-2,0,-1,0,-1,1,0,2,0,3,1,3,1,3,1,4,2,4,3,5,3,5,4,5,4,5,5,6,6,6,6,6,0,0,7,7,7,7,8,7,8,7,8,7,8,8,8,8,7,8,7,8,7,8,6,8,6,7,5,7,5,7,4,7,4,7,4,6,3,6,3,6,2,5,2,5,1,5,1,5,0,5,-1,5,-1,4,0,0,0,0,0,0,0,0,0,0,0,0,0,0,-57,-37,-53,-33,-56,-27,-49,-25,-43,-22,-42,-16,-34,-5,-32,-6,-27,-7,-24,-1,-19,-1,-17,0,-10,3,-8,3,-4,5,0,6,9,5,14,5,15,3,18,2,21,-2,23,2,31,-2,32,-7,33,-4,38,-5,36,-6,37,-13,38,-14,41,-20,47,-18,55,-15,49,-17,53,-21,52,-21,57,-18,57,-16,56,-16,55,-11,54,-14,53,-12,54,-8,55,-6,52,-12,44,-3,42,-3,41,0,39,-1,39,-1,32,5,36,8,29,5,33,4,26,8,26,11,24,15,15,16,0,0,0,0,0,0,0,0,0,0,0,0,0,0,0,0,0,0,0,0,0,0,-22,-10,-17,-8,-18,-6,-16,-8,-14,-3,-12,1,-12,8,-12,10,-8,11,-8,14,-7,18,-7,23,-2,31,-2,32,1,32,-1,37,6,45,3,39,14,46,14,50,16,52,24,55,24,51,31,51,32,59,38,51,37,52,46,51,44,47,49,47,51,43,62,42,60,37,66,30,64,31,70,22,67,14,70,7,74,1,79,-1,76,-11,81,-22,80,-23,80,-30,76,-37,72,-49,71,-47,67,-49,73,-58,67,-60,66,-62,62,-68,71,-68,57,-66,57,-78,56,-74,54,-71,0,0]"
CSI_DATA,394,1a:00:00:00:00:00,-49,11,1,0,1,1,1,0,0,0,1,-96,0,11,2,5430271,0,44,0,384,0,"[0,0,0,0,0,0,0,0,0,0,0,0,1,8,1,7,2,6,1,5,1,4,1,3,1,2,1,1,1,1,1,0,0,-1,0,-2,-1,-2,-1,-3,-1,-3,-2,-4,-3,-4,-3,-4,-4,-4,-5,-5,-5,-5,-6,-5,-6,-5,-7,-5,-8,-6,-8,-6,0,0,-9,-6,-9,-6,-10,-6,-10,-6,-10,-6,-10,-6,-10,-6,-9,-6,-9,-7,-9,-7,-9,-7,-8,-7,-7,-7,-7,-6,-6,-6,-6,-6,-6,-6,-5,-6,-5,-6,-4,-5,-4,-6,-3,-5,-3,-5,-2,-5,-2,-5,-1,-5,0,0,0,0,0,0,0,0,0,0,0,0,0,0,31,16,29,13,28,8,24,8,24,6,20,4,19,2,16,0,11,-1,11,0,8,-3,4,-3,4,-3,2,-5,2,-3,0,-3,-5,-2,-7,-2,-7,-4,-10,1,-12,2,-13,1,-13,2,-17,3,-16,3,-18,8,-19,7,-21,10,-21,10,-21,11,-21,12,-23,12,-23,10,-26,14,-23,15,-27,12,-27,13,-28,13,-28,9,-25,11,-25,11,-24,10,-23,7,-25,8,-24,7,-22,5,-20,4,-21,5,-20,3,-18,3,-18,0,-18,1,-16,-1,-15,-1,-14,-2,-12,-3,-11,-5,0,0,0,0,0,0,0,0,0,0,0,0,0,0,0,0,0,0,0,0,0,0,9,5,9,5,7,2,5,0,6,1,6,-1,6,-1,5,-4,5,-6,2,-9,3,-9,1,-10,-1,-15,0,-16,-2,-17,-2,-20,-5,-22,-6,-21,-8,-22,-9,-24,-9,-25,-12,-28,-14,-28,-15,-28,-19,-29,-21,-24,-21,-28,-24,-24,-23,-23,-27,-24,-26,-18,-31,-20,-31,-16,-32,-13,-32,-13,-34,-9,-34,-4,-36,0,-36,3,-40,6,-40,8,-39,10,-41,16,-38,18,-36,19,-33,25,-35,26,-35,29,-31,33,-30,33,-28,34,-28,36,-29,37,-26,36,-24,41,-25,39,-22,35,0,0]"
CSI_DATA,395,1a:00:00:00:00:00,-49,11,1,0,1,1,1,0,0,0,1,-96,0,11,2,5440633,0,44,0,384,0,"[0,0,0,0,0,0,0,0,0,0,0,0,-9,-1,-8,0,-8,0,-7,0,-6,1,-4,1,-3,1,-3,1,-2,1,-1,1,0,0,1,0,1,0,2,-1,2,-1,3,-2,3,-2,4,-3,4,-3,5,-4,5,-4,5,-5,5,-5,6,-6,6,-7,6,-7,0,0,6,-8,7,-8,7,-9,7,-9,7,-8,7,-9,7,-9,7,-8,7,-8,7,-8,7,-8,7,-7,7,-6,7,-6,7,-6,6,-5,6,-5,5,-4,5,-4,5,-4,5,-3,5,-3,5,-2,5,-1,5,-1,4,0,0,0,0,0,0,0,0,0,0,0,0,0,0,0,-42,57,-39,53,-27,52,-25,49,-18,48,-14,39,-8,36,-6,33,-6,27,-4,27,3,22,1,12,3,12,5,7,7,-1,5,-2,3,-6,4,-19,3,-13,3,-20,2,-23,0,-26,-3,-26,-6,-27,-8,-38,-6,-39,-11,-42,-15,-43,-17,-40,-23,-49,-22,-47,-26,-48,-22,-50,-29,-49,-30,-55,-21,-50,-28,-52,-25,-52,-23,-52,-17,-51,-20,-53,-13,-52,-20,-48,-15,-53,-12,-49,-12,-46,-10,-41,-9,-41,-8,-36,-2,-33,-3,-36,1,-34,-1,-30,2,-26,4,-25,7,-25,11,-22,0,0,0,0,0,0,0,0,0,0,0,0,0,0,0,0,0,0,0,0,0,0,-18,14,-13,12,-16,16,-11,11,-5,13,-2,7,3,15,9,11,10,10,14,9,16,9,18,9,30,7,30,4,30,5,38,4,42,0,44,1,42,-7,51,-7,52,-7,54,-9,60,-14,56,-21,62,-23,59,-31,61,-30,60,-36,54,-38,52,-46,51,-47,45,-54,45,-51,39,-61,36,-61,32,-70,25,-67,13,-73,11,-76,-2,-80,3,-77,-13,-82,-15,-76,-24,-82,-28,-74,-36,-84,-42,-82,-45,-74,-53,-78,-53,-81,-54,-73,-65,-72,-64,-72,-70,-66,-71,-66,-67,-55,-68,-58,0,0]"
CSI_DATA,396,1a:00:00:00:00:00,-49,11,1,0,1,1,1,0,0,0,1,-96,0,11,2,5471265,0,44,0,384,0,"[0,0,0,0,0,0,0,0,0,0,0,0,-9,-2,-8,-1,-8,0,-7,0,-6,0,-5,0,-4,1,-3,1,-2,1,-1,1,0,1,0,0,1,0,2,0,2,0,3,-1,4,-1,4,-2,5,-2,5,-3,5,-3,6,-4,6,-4,7,-5,7,-5,7,-6,0,0,8,-7,8,-7,9,-7,9,-8,9,-7,9,-7,9,-7,9,-7,9,-7,9,-6,9,-6,9,-5,8,-5,8,-4,8,-4,7,-4,7,-3,7,-3,6,-3,6,-2,6,-2,5,-1,5,-1,5,0,4,1,4,1,0,0,0,0,0,0,0,0,0,0,0,0,0,0,-48,52,-42,46,-31,50,-27,43,-21,42,-21,40,-11,35,-10,33,-6,25,-4,19,5,16,2,11,3,7,3,4,5,3,4,-6,5,-12,4,-12,1,-15,2,-20,2,-25,-1,-23,2,-29,-5,-29,-5,-32,-7,-40,-7,-36,-9,-44,-11,-44,-15,-48,-16,-51,-18,-53,-16,-52,-19,-56,-17,-54,-14,-60,-18,-58,-19,-57,-11,-59,-11,-52,-10,-54,-9,-53,-7,-52,-10,-52,-5,-49,-5,-44,-4,-45,-3,-42,1,-39,2,-31,3,-39,4,-31,3,-30,9,-28,9,-24,14,-23,12,-18,0,0,0,0,0,0,0,0,0,0,0,0,0,0,0,0,0,0,0,0,0,0,-18,15,-17,13,-14,10,-12,11,-7,11,-7,12,2,12,2,8,9,8,11,13,16,11,21,8,25,9,30,7,31,9,38,0,44,1,41,5,48,2,50,1,53,-4,60,-10,57,-13,56,-16,57,-21,62,-25,57,-25,64,-31,56,-32,59,-46,51,-43,56,-49,45,-49,42,-57,40,-58,37,-62,28,-61,18,-66,19,-68,10,-84,9,-80,-3,-85,-7,-82,-21,-85,-18,-83,-30,-84,-36,-83,-40,-75,-42,-77,-47,-82,-49,-75,-60,-76,-63,-80,-61,-69,-61,-70,-73,-63,-63,-62,0,0]"
CSI_DATA,397,1a:00:00:00:00:00,-49,11,1,0,1,1,1,0,0,0,1,-96,0,11,2,5482624,0,44,0,384,0,"[0,0,0,0,0,0,0,0,0,0,0,0,1,-10,0,-9,-1,-7,-1,-7,-1,-6,-1,-5,-2,-4,-2,-3,-2,-2,-2,-1,-2,0,-1,0,-1,1,-1,2,-1,3,0,3,0,4,1,4,1,5,2,5,2,6,3,6,3,6,4,7,5,7,5,7,0,0,6,8,6,8,7,8,7,8,6,9,6,9,7,9,6,9,6,9,5,9,5,9,4,8,4,8,4,8,3,8,3,7,3,7,2,7,2,6,1,6,1,6,0,5,0,5,-1,5,-1,5,-2,4,0,0,0,0,0,0,0,0,0,0,0,0,0,0,-56,-49,-52,-40,-50,-30,-46,-32,-40,-19,-38,-16,-32,-14,-29,-11,-29,-9,-25,-10,-18,-2,-14,-1,-10,3,-5,2,-2,3,1,7,9,10,7,6,13,8,17,3,18,3,25,6,29,3,28,1,36,-1,36,-2,39,-5,43,-6,46,-4,48,-11,46,-10,50,-10,54,-11,55,-13,54,-13,55,-11,58,-14,58,-13,59,-7,57,-5,53,-6,54,-3,51,-6,50,-5,44,-1,45,5,43,0,41,1,33,3,33,6,33,6,30,6,27,7,27,8,19,10,21,13,18,18,0,0,0,0,0,0,0,0,0,0,0,0,0,0,0,0,0,0,0,0,0,0,-20,-18,-16,-13,-14,-12,-16,-9,-16,-8,-12,-6,-11,2,-9,1,-9,9,-11,16,-11,18,-5,22,-6,25,-8,30,-2,33,-6,40,-2,41,2,42,2,47,8,49,9,52,8,56,15,52,17,56,22,59,29,59,23,63,36,53,36,53,45,53,42,44,51,46,53,45,56,39,62,38,64,29,64,26,67,17,70,13,78,6,75,2,79,-7,80,-11,81,-20,79,-23,86,-31,77,-39,75,-43,79,-48,77,-54,78,-51,71,-58,73,-57,67,-61,72,-68,59,-66,61,-62,0,0]"
CSI_DATA,398,1a:00:00:00:00:00,-49,11,1,0,1,1,1,0,0,0,1,-96,0,11,2,5490268,0,44,0,384,0,"[0,0,0,0,0,0,0,0,0,0,0,0,1,8,1,7,2,6,2,5,2,4,1,3,2,2,1,1,1,1,1,0,0,-1,0,-2,-1,-2,-1,-3,-1,-3,-2,-4,-3,-4,-3,-4,-4,-5,-5,-5,-5,-5,-6,-5,-6,-6,-7,-6,-8,-6,-8,-6,0,0,-9,-6,-10,-6,-10,-6,-10,-6,-10,-6,-10,-7,-10,-7,-9,-7,-10,-7,-9,-7,-9,-7,-8,-7,-7,-7,-7,-7,-7,-7,-6,-7,-6,-7,-5,-6,-5,-6,-4,-6,-4,-6,-3,-6,-3,-6,-2,-6,-1,-5,-1,-5,0,0,0,0,0,0,0,0,0,0,0,0,0,0,36,3,29,1,30,0,25,-3,23,-2,21,-2,18,-5,16,-8,11,-5,10,-5,8,-5,4,-4,1,-4,0,-2,1,-2,-4,-1,-6,-2,-7,-1,-7,0,-9,2,-10,6,-9,5,-12,10,-13,11,-13,11,-14,12,-13,13,-16,17,-17,17,-14,17,-14,18,-17,24,-20,20,-17,24,-16,22,-19,23,-21,21,-18,22,-21,21,-19,21,-18,20,-19,20,-20,18,-18,18,-18,14,-16,15,-18,16,-17,11,-17,11,-17,9,-15,8,-15,7,-16,6,-13,6,-13,4,-12,1,-14,-1,0,0,0,0,0,0,0,0,0,0,0,0,0,0,0,0,0,0,0,0,0,0,10,4,8,3,9,1,9,1,6,-1,5,-3,5,-3,3,-4,3,-7,1,-9,1,-11,-1,-12,-4,-13,-6,-15,-8,-16,-7,-18,-12,-20,-8,-19,-14,-20,-17,-22,-16,-22,-19,-24,-19,-22,-24,-22,-27,-21,-29,-19,-26,-19,-29,-17,-29,-16,-33,-14,-30,-13,-37,-10,-38,-8,-33,-5,-36,-1,-36,2,-33,5,-36,10,-35,14,-33,17,-35,20,-33,22,-34,27,-29,27,-28,33,-27,36,-24,36,-21,38,-20,39,-19,42,-18,43,-14,47,-12,46,-11,42,-12,47,-11,46,-8,44,0,0]"
CSI_DATA,399,1a:00:00:00:00:00,-49,11,1,0,1,1,1,0,0,0,1,-96,0,11,2,5500505,0,44,0,384,0,"[0,0,0,0,0,0,0,0,0,0,0,0,8,0,7,-1,7,-1,6,-1,5,-2,4,-2,3,-2,2,-2,1,-2,0,-2,-1,-2,-2,-1,-2,-1,-3,-1,-3,0,-4,0,-5,1,-5,1,-5,2,-6,3,-6,3,-6,4,-7,4,-7,5,-8,5,-8,6,0,0,-8,7,-8,7,-9,8,-8,8,-9,7,-9,8,-9,8,-8,7,-9,7,-9,7,-9,6,-9,5,-8,5,-8,5,-8,4,-8,4,-7,4,-7,3,-7,3,-6,2,-6,2,-6,1,-6,1,-6,0,-6,-1,-5,-1,0,0,0,0,0,0,0,0,0,0,0,0,0,0,46,-55,41,-47,36,-45,30,-45,25,-44,21,-39,14,-34,13,-36,7,-28,0,-19,-3,-20,1,-18,-5,-14,-3,-11,-7,2,-13,1,-7,5,-9,12,-3,15,-6,17,-4,23,-6,27,1,23,1,27,3,33,1,35,3,38,10,43,8,39,16,48,12,50,18,53,16,52,15,55,14,52,15,54,15,56,15,62,14,58,10,56,11,50,3,51,6,50,3,50,3,48,0,46,2,44,0,41,0,35,-2,34,-2,30,-4,28,-9,29,-7,29,-14,25,-11,21,-15,16,0,0,0,0,0,0,0,0,0,0,0,0,0,0,0,0,0,0,0,0,0,0,20,-12,12,-10,15,-14,9,-13,6,-13,5,-12,2,-14,-5,-11,-5,-14,-10,-13,-17,-10,-19,-6,-26,-14,-29,-9,-34,-6,-38,-6,-46,-6,-47,-5,-43,-6,-51,-4,-57,1,-63,6,-57,7,-64,12,-61,10,-65,24,-61,21,-62,28,-58,31,-59,36,-54,42,-56,46,-48,48,-44,53,-42,59,-39,66,-31,60,-26,67,-19,68,-16,79,-3,75,2,80,5,80,13,85,15,76,32,87,33,77,36,77,41,81,44,86,49,76,60,75,58,81,52,69,56,76,61,63,61,67,0,0]"
CSI_DATA,400,1a:00:00:00:00:00,-49,11,1,0,1,1,1,0,0,0,1,-96,0,11,2,5511321,0,44,0,384,0,"[0,0,0,0,0,0,0,0,0,0,0,0,7,4,6,3,6,2,5,2,5,1,3,1,3,0,2,-1,1,-1,1,-1,0,-2,-1,-2,-2,-2,-3,-2,-3,-2,-4,-1,-5,-1,-5,-1,-6,-1,-7,0,-7,0,-8,0,-8,0,-9,1,-9,1,-9,2,0,0,-10,2,-11,2,-11,3,-11,3,-11,2,-12,2,-12,2,-11,2,-11,2,-11,2,-11,1,-10,1,-10,1,-9,0,-9,0,-9,0,-9,0,-8,-1,-8,-1,-7,-1,-7,-2,-6,-2,-6,-2,-5,-2,-5,-3,-4,-3,0,0,0,0,0,0,0,0,0,0,0,0,0,0,65,-22,59,-22,50,-28,47,-25,41,-25,32,-23,31,-24,27,-21,19,-21,14,-19,8,-16,5,-11,-1,-13,-3,-10,-4,-3,-9,-2,-12,2,-13,4,-9,12,-14,13,-14,21,-14,18,-18,23,-15,25,-17,29,-16,35,-13,37,-11,39,-18,42,-16,47,-15,46,-14,53,-16,46,-16,49,-14,54,-19,54,-11,52,-15,53,-20,55,-18,53,-19,46,-20,48,-21,43,-22,41,-23,43,-23,37,-21,35,-20,35,-18,30,-23,31,-15,24,-22,21,-21,19,-18,16,-23,13,-21,13,-21,10,0,0,0,0,0,0,0,0,0,0,0,0,0,0,0,0,0,0,0,0,0,0,24,-5,20,-3,17,-5,17,-7,10,-2,6,-9,2,-10,1,-13,-2,-14,-5,-13,-6,-18,-10,-20,-18,-20,-22,-23,-23,-25,-27,-22,-37,-23,-36,-26,-40,-28,-43,-25,-45,-24,-53,-20,-54,-20,-61,-18,-59,-17,-62,-11,-62,-13,-69,-7,-63,-6,-66,4,-69,9,-73,14,-67,18,-63,25,-65,30,-59,36,-55,38,-55,45,-53,52,-45,62,-45,60,-36,71,-35,69,-26,83,-23,78,-26,80,-15,84,-3,84,-5,88,-2,92,1,88,12,92,11,93,10,84,17,88,21,83,17,81,0,0]"
CSI_DATA,401,1a:00:00:00:00:00,-49,11,1,0,1,1,1,0,0,0,1,-96,0,11,2,5521862,0,44,0,384,0,"[0,0,0,0,0,0,0,0,0,0,0,0,7,5,6,4,6,3,5,2,4,1,3,1,3,0,2,0,1,-1,1,-1,0,-1,-1,-2,-2,-2,-2,-2,-3,-2,-4,-2,-5,-2,-5,-1,-6,-1,-7,-1,-7,-1,-8,-1,-8,0,-9,1,-10,0,-10,1,0,0,-11,2,-11,1,-12,1,-12,2,-11,1,-12,1,-12,1,-12,1,-12,1,-11,1,-11,1,-10,0,-10,0,-10,0,-9,-1,-9,-1,-9,-1,-8,-1,-8,-2,-7,-2,-7,-2,-6,-3,-6,-3,-5,-3,-5,-4,-4,-4,0,0,0,0,0,0,0,0,0,0,0,0,0,0,36,-8,31,-8,30,-10,25,-10,21,-8,17,-9,15,-12,16,-8,12,-7,6,-8,2,-8,2,-7,1,-3,-2,-6,-3,-4,-5,-2,-4,-1,-5,4,-8,3,-8,7,-8,7,-8,9,-12,9,-10,13,-11,14,-10,16,-10,18,-11,20,-11,20,-12,24,-10,22,-11,26,-11,23,-10,25,-10,26,-14,28,-14,26,-11,25,-13,22,-12,26,-13,24,-15,24,-12,22,-13,21,-11,19,-12,17,-12,15,-13,17,-12,13,-10,13,-11,13,-11,12,-12,9,-12,6,-12,6,-11,4,-11,2,0,0,0,0,0,0,0,0,0,0,0,0,0,0,0,0,0,0,0,0,0,0,11,0,10,0,8,-2,9,-3,8,-3,5,-4,2,-5,2,-6,-1,-8,-3,-8,-4,-9,-5,-9,-8,-12,-10,-13,-12,-14,-14,-14,-16,-13,-18,-17,-19,-15,-22,-16,-24,-15,-25,-17,-26,-14,-29,-12,-29,-12,-34,-9,-31,-11,-34,-8,-32,-5,-36,0,-32,-1,-38,4,-36,6,-33,9,-35,11,-34,14,-29,16,-31,19,-27,22,-28,28,-26,30,-23,33,-24,35,-18,35,-17,38,-12,41,-11,42,-8,41,-8,44,-7,47,-3,47,-1,47,-1,47,0,44,3,47,5,46,6,44,0,0]"
CSI_DATA,402,1a:00:00:00:00:00,-49,11,1,0,1,1,1,0,0,0,1,-96,0,11,2,5531267,0,44,0,384,0,"[0,0,0,0,0,0,0,0,0,0,0,0,-9,-5,-8,-4,-7,-3,-7,-2,-6,-2,-5,-1,-4,-1,-3,0,-2,0,-2,0,-1,1,0,1,1,1,1,1,2,1,3,0,4,0,4,0,5,0,6,-1,6,-1,7,-1,7,-2,8,-2,9,-2,9,-3,0,0,10,-4,10,-3,11,-4,11,-4,10,-3,11,-3,11,-3,10,-3,11,-3,10,-3,10,-2,10,-2,9,-1,9,-1,8,-1,8,-1,8,0,7,0,7,0,6,0,6,1,5,1,5,1,4,2,4,2,3,3,0,0,0,0,0,0,0,0,0,0,0,0,0,0,-59,43,-51,38,-45,39,-39,37,-37,37,-24,33,-22,32,-22,24,-14,23,-10,23,-8,20,-7,13,-1,10,2,4,7,1,6,0,6,-6,7,-8,11,-9,10,-16,12,-23,8,-22,8,-25,6,-32,7,-35,11,-36,9,-40,7,-45,4,-48,1,-48,4,-51,6,-56,3,-53,3,-55,1,-54,9,-58,4,-62,5,-53,4,-60,10,-57,11,-54,11,-48,14,-54,10,-48,12,-46,15,-42,21,-39,17,-42,14,-32,15,-31,16,-29,18,-27,19,-24,19,-22,22,-19,19,-14,21,-10,0,0,0,0,0,0,0,0,0,0,0,0,0,0,0,0,0,0,0,0,0,0,-15,14,-16,11,-14,9,-8,9,-8,12,-4,12,-1,13,1,13,6,12,10,10,17,12,22,8,24,10,30,7,32,6,36,8,42,3,43,4,45,0,50,3,51,-4,59,-6,59,-5,60,-13,61,-15,59,-20,62,-18,59,-23,64,-27,62,-43,54,-34,54,-43,55,-44,49,-52,47,-55,43,-57,37,-65,30,-68,24,-69,19,-78,17,-76,2,-80,3,-82,-8,-83,-10,-81,-10,-84,-17,-84,-27,-82,-29,-91,-36,-85,-41,-83,-46,-85,-44,-85,-45,-75,-53,-82,-51,-79,-49,-74,0,0]"
CSI_DATA,403,1a:00:00:00:00:00,-49,11,1,0,1,1,1,0,0,0,1,-96,0,11,2,5540251,0,44,0,384,0,"[0,0,0,0,0,0,0,0,0,0,0,0,-7,6,-6,6,-5,5,-4,5,-3,4,-2,3,-1,3,-1,2,0,2,0,1,1,0,1,-1,1,-1,1,-2,1,-3,1,-4,1,-4,1,-5,1,-6,1,-6,1,-7,1,-8,0,-8,0,-9,0,-10,-1,-10,0,0,-1,-11,-1,-11,-1,-12,-1,-12,-1,-12,-1,-12,-1,-12,0,-12,0,-12,0,-11,0,-11,1,-11,1,-10,1,-10,1,-9,1,-9,1,-8,1,-8,2,-7,2,-7,2,-6,2,-6,2,-5,3,-5,3,-4,3,-3,0,0,0,0,0,0,0,0,0,0,0,0,0,0,5,33,5,31,6,30,10,26,7,22,9,19,5,15,10,13,7,10,7,9,6,6,6,3,3,2,2,-1,3,-1,-1,-4,-2,-4,-2,-5,-3,-8,-8,-7,-8,-9,-8,-9,-10,-10,-12,-9,-15,-11,-17,-13,-17,-12,-20,-12,-21,-13,-24,-13,-24,-12,-24,-13,-24,-12,-27,-12,-25,-11,-28,-14,-27,-13,-27,-16,-27,-16,-23,-13,-24,-15,-22,-16,-22,-16,-22,-17,-19,-13,-18,-15,-16,-13,-16,-12,-15,-16,-13,-13,-13,-14,-10,-13,-10,-12,-8,-13,-7,-13,-6,-14,-3,-13,0,0,0,0,0,0,0,0,0,0,0,0,0,0,0,0,0,0,0,0,0,0,0,11,-1,8,1,8,2,6,3,6,2,5,5,3,5,3,7,0,8,-3,10,-2,8,-5,9,-7,14,-9,14,-12,14,-12,16,-19,15,-17,16,-17,14,-19,13,-23,15,-25,14,-25,12,-30,13,-30,10,-32,11,-33,9,-34,6,-33,3,-38,0,-33,-3,-39,-5,-38,-7,-34,-11,-34,-15,-36,-15,-32,-19,-32,-22,-33,-27,-31,-28,-28,-30,-25,-34,-24,-37,-21,-40,-19,-38,-14,-40,-12,-43,-10,-46,-8,-46,-9,-45,-7,-47,-4,-48,-2,-45,-1,-50,0,-46,2,-44,4,0,0]"
CSI_DATA,404,1a:00:00:00:00:00,-49,11,1,0,1,1,1,0,0,0,1,-96,0,11,2,5570297,0,44,0,384,0,"[0,0,0,0,0,0,0,0,0,0,0,0,7,3,6,2,5,1,5,1,4,0,3,0,2,-1,2,-1,1,-1,1,-2,0,-2,-1,-2,-2,-2,-2,-2,-3,-2,-4,-2,-4,-1,-5,-1,-5,-1,-6,-1,-6,-1,-7,0,-7,0,-8,0,-9,0,-9,1,0,0,-10,2,-10,1,-11,2,-10,2,-10,1,-11,1,-11,1,-10,1,-10,1,-10,1,-10,0,-10,0,-9,-1,-9,-1,-8,-1,-8,-1,-8,-1,-7,-1,-7,-1,-6,-2,-6,-2,-6,-2,-5,-3,-5,-3,-4,-3,-3,-3,0,0,0,0,0,0,0,0,0,0,0,0,0,0,57,-38,54,-42,45,-42,35,-34,30,-36,27,-34,23,-32,20,-25,13,-25,8,-20,8,-21,2,-15,-5,-10,-6,-7,-7,-4,-10,-2,-11,5,-10,7,-9,10,-13,14,-11,20,-12,24,-12,24,-10,29,-12,30,-13,39,-9,38,-5,43,-8,47,-3,49,-6,49,-3,53,-7,56,-4,58,-5,59,-6,54,-9,56,-10,62,-13,55,-12,55,-11,52,-12,53,-13,47,-15,49,-13,42,-17,42,-18,36,-20,39,-15,34,-15,32,-18,27,-18,25,-14,22,-21,21,-24,19,-19,16,-19,9,0,0,0,0,0,0,0,0,0,0,0,0,0,0,0,0,0,0,0,0,0,0,17,-11,17,-12,15,-15,6,-11,9,-12,4,-9,-1,-10,-5,-10,-10,-11,-11,-14,-16,-10,-19,-11,-25,-13,-30,-17,-29,-10,-37,-10,-44,-8,-46,-10,-47,-8,-49,-1,-51,-7,-60,1,-58,2,-61,4,-63,9,-60,12,-59,12,-62,15,-64,19,-65,27,-56,28,-63,35,-56,39,-51,45,-51,51,-44,50,-41,57,-37,67,-33,62,-27,74,-22,72,-15,78,-8,76,-4,81,2,77,18,87,12,85,17,84,24,84,28,91,32,84,38,84,38,86,41,82,45,81,41,74,40,74,0,0]"
CSI_DATA,405,1a:00:00:00:00:00,-49,11,1,0,1,1,1,0,0,0,1,-96,0,11,2,5580620,0,44,0,384,0,"[0,0,0,0,0,0,0,0,0,0,0,0,2,8,2,7,3,5,2,5,2,4,2,3,2,2,2,1,1,0,1,-1,1,-1,0,-2,0,-3,-1,-3,-1,-4,-2,-4,-3,-4,-3,-4,-4,-5,-5,-5,-5,-5,-6,-6,-6,-5,-7,-6,-8,-6,-8,-6,0,0,-9,-6,-9,-7,-10,-7,-10,-6,-10,-7,-10,-7,-10,-7,-9,-7,-9,-7,-9,-7,-8,-7,-8,-7,-7,-7,-7,-7,-6,-7,-6,-7,-6,-7,-5,-6,-5,-6,-4,-6,-3,-6,-3,-6,-3,-6,-2,-6,-1,-5,-1,-5,0,0,0,0,0,0,0,0,0,0,0,0,0,0,32,13,29,12,29,7,27,5,25,5,22,3,18,2,16,0,15,-2,11,0,10,-5,5,-5,4,-3,1,-3,1,-3,-3,-3,-5,-5,-6,-4,-8,-2,-10,-3,-14,-3,-12,0,-14,1,-16,0,-18,3,-19,3,-21,5,-22,5,-25,8,-23,10,-23,9,-27,9,-26,8,-29,12,-30,11,-30,7,-30,8,-28,9,-29,7,-27,7,-28,5,-29,4,-26,5,-26,4,-24,1,-23,3,-21,2,-22,0,-19,0,-20,-1,-16,-3,-17,-3,-18,-5,-12,-4,-14,-6,-11,-6,-9,-10,0,0,0,0,0,0,0,0,0,0,0,0,0,0,0,0,0,0,0,0,0,0,10,2,8,2,8,1,6,1,6,1,4,-2,3,-5,3,-5,3,-7,0,-9,0,-10,-3,-13,-4,-14,-4,-15,-5,-19,-6,-19,-12,-20,-9,-21,-13,-20,-14,-22,-15,-23,-18,-27,-20,-24,-19,-25,-22,-24,-26,-23,-25,-23,-29,-21,-29,-20,-32,-16,-30,-16,-33,-14,-34,-11,-38,-11,-37,-8,-37,-3,-37,0,-36,2,-38,6,-38,10,-40,11,-38,14,-38,17,-37,23,-36,25,-34,25,-32,29,-31,32,-31,35,-32,35,-29,37,-28,40,-31,37,-23,39,-25,39,-21,41,-19,40,0,0]"
CSI_DATA,406,1a:00:00:00:00:00,-49,11,1,0,1,1,1,0,0,0,1,-96,0,11,2,5590287,0,44,0,384,0,"[0,0,0,0,0,0,0,0,0,0,0,0,-2,-10,-2,-8,-3,-7,-2,-7,-3,-5,-2,-4,-3,-3,-2,-3,-2,-2,-2,-1,-2,0,-1,1,-1,2,-1,2,0,3,0,3,1,4,1,4,2,4,3,5,3,5,4,6,4,6,5,6,6,7,6,6,0,0,7,7,7,7,8,8,8,8,8,8,8,8,8,8,7,8,7,8,6,8,6,8,5,8,5,8,5,7,4,7,4,7,3,7,3,6,3,6,2,6,2,6,1,5,0,5,0,5,-1,5,-1,4,0,0,0,0,0,0,0,0,0,0,0,0,0,0,-32,-13,-32,-13,-28,-11,-25,-6,-23,-7,-21,-5,-19,-4,-19,-2,-15,0,-11,0,-11,0,-7,-1,-5,5,-3,2,-3,2,0,4,4,3,8,3,4,1,9,1,11,0,13,-1,14,-4,15,-4,16,-3,20,-5,19,-5,22,-8,22,-6,21,-9,24,-11,26,-8,25,-12,28,-10,25,-8,29,-11,29,-10,28,-10,28,-10,26,-6,26,-7,26,-4,26,-4,25,-5,25,-2,24,-3,21,0,20,-2,19,-1,17,2,16,0,18,2,13,4,12,4,14,6,12,6,9,6,0,0,0,0,0,0,0,0,0,0,0,0,0,0,0,0,0,0,0,0,0,0,-10,-5,-10,-3,-9,-2,-7,-5,-6,-2,-6,1,-5,3,-4,4,-2,5,0,6,0,9,1,11,3,10,2,14,6,17,6,18,10,18,9,18,11,21,11,22,12,21,18,25,17,21,19,24,19,23,23,20,22,20,28,20,25,18,29,15,28,14,32,14,33,10,33,8,35,6,36,4,34,0,36,-3,35,-5,35,-9,38,-10,36,-16,36,-19,36,-21,33,-24,27,-28,30,-28,27,-32,29,-33,28,-35,28,-36,26,-37,28,-40,24,-38,23,-40,21,-42,19,-38,0,0]"
CSI_DATA,407,1a:00:00:00:00:00,-49,11,1,0,1,1,1,0,0,0,1,-96,0,11,2,5600254,0,44,0,384,0,"[0,0,0,0,0,0,0,0,0,0,0,0,-9,3,-8,3,-7,3,-6,3,-5,3,-4,2,-3,2,-2,2,-1,2,0,1,0,1,1,0,2,0,2,-1,2,-1,3,-2,3,-3,4,-3,4,-4,4,-4,4,-5,5,-6,5,-6,5,-7,5,-8,5,-8,0,0,5,-9,6,-10,6,-10,6,-10,6,-10,7,-10,6,-10,7,-9,7,-10,7,-9,7,-9,7,-8,6,-7,7,-7,6,-6,6,-6,6,-6,6,-5,6,-5,5,-4,5,-3,5,-3,5,-2,5,-2,5,-1,4,0,0,0,0,0,0,0,0,0,0,0,0,0,0,0,-6,34,-6,31,-1,28,-3,27,0,23,1,21,2,18,2,15,4,13,4,11,5,8,4,5,5,3,3,0,4,-1,3,-3,3,-6,1,-8,-1,-8,-1,-9,-3,-12,-3,-12,-6,-14,-5,-14,-7,-16,-9,-16,-10,-19,-13,-18,-13,-21,-15,-20,-15,-18,-19,-20,-15,-23,-20,-21,-20,-21,-18,-27,-18,-26,-18,-26,-15,-24,-16,-24,-16,-24,-13,-22,-12,-24,-13,-23,-9,-23,-11,-22,-10,-20,-8,-19,-6,-18,-5,-18,-6,-18,-1,-16,-3,-17,0,-16,-1,-15,2,-13,2,-12,0,0,0,0,0,0,0,0,0,0,0,0,0,0,0,0,0,0,0,0,0,0,-2,9,-1,7,-2,8,-1,5,1,7,1,4,3,3,3,1,6,2,8,-1,9,-2,10,-5,11,-6,14,-8,14,-7,15,-8,18,-13,18,-11,17,-16,18,-16,20,-20,21,-21,20,-20,19,-23,18,-25,16,-28,16,-26,14,-29,12,-31,11,-33,9,-32,6,-35,7,-34,4,-35,0,-38,-3,-36,-8,-33,-11,-36,-13,-33,-19,-36,-19,-35,-24,-31,-27,-32,-30,-32,-31,-29,-34,-23,-36,-26,-37,-24,-40,-21,-42,-21,-43,-18,-45,-16,-45,-19,-42,-15,-46,-14,-45,-12,-42,-10,0,0]"
CSI_DATA,408,1a:00:00:00:00:00,-49,11,1,0,1,1,1,0,0,0,1,-96,0,11,2,5610867,0,44,0,384,0,"[0,0,0,0,0,0,0,0,0,0,0,0,-1,-10,-1,-8,-2,-7,-2,-7,-2,-6,-2,-5,-2,-4,-2,-3,-2,-2,-2,-1,-2,0,-2,1,-1,1,-1,2,-1,3,0,4,0,4,1,4,1,5,2,5,2,6,3,6,3,6,4,7,5,7,5,7,0,0,6,8,6,9,7,9,7,9,6,9,6,9,6,9,6,9,6,9,5,9,5,9,4,9,4,8,3,8,3,8,3,8,2,7,2,7,1,6,1,6,0,6,0,6,0,5,-1,5,-1,5,-2,4,0,0,0,0,0,0,0,0,0,0,0,0,0,0,-29,-21,-25,-21,-29,-16,-24,-11,-21,-11,-20,-10,-20,-7,-18,-5,-13,-4,-13,-4,-10,2,-8,0,-7,2,-6,4,-4,4,1,3,1,2,4,4,7,3,8,5,11,2,10,1,15,1,16,0,17,0,22,0,20,0,22,-2,25,-3,24,-2,26,-4,28,-6,28,-2,30,-6,29,-4,28,-4,29,-5,31,-6,31,-4,26,-3,28,-3,27,-2,26,1,26,2,24,0,24,1,22,2,22,3,18,4,17,2,16,4,15,4,15,5,12,6,12,9,11,7,9,9,0,0,0,0,0,0,0,0,0,0,0,0,0,0,0,0,0,0,0,0,0,0,-10,-9,-8,-6,-8,-6,-6,-5,-7,-2,-4,0,-6,0,-5,2,-5,5,-4,8,-4,8,-3,9,-2,12,-3,16,0,17,1,20,4,23,3,21,4,22,5,26,6,26,8,27,10,28,12,28,13,28,15,28,15,30,19,26,19,27,23,25,24,22,26,22,28,21,31,18,32,14,35,13,32,8,36,9,36,7,40,1,39,1,39,-8,39,-9,42,-12,38,-12,38,-21,36,-22,36,-23,39,-26,38,-30,36,-27,38,-30,39,-32,33,-30,36,-32,32,-35,29,-32,0,0]"
CSI_DATA,409,1a:00:00:00:00:00,-49,11,1,0,1,1,1,0,0,0,1,-96,0,11,2,5622870,0,44,0,384,0,"[0,0,0,0,0,0,0,0,0,0,0,0,-9,-4,-8,-3,-7,-2,-7,-2,-6,-1,-5,-1,-4,0,-3,0,-2,1,-1,1,-1,1,0,1,1,1,2,1,2,1,3,1,4,0,4,0,5,0,6,0,6,-1,7,-1,7,-1,8,-2,9,-2,9,-3,0,0,10,-3,10,-3,11,-3,11,-3,11,-3,11,-3,11,-3,11,-2,11,-2,10,-2,10,-2,10,-1,9,-1,9,0,8,0,8,0,8,0,7,0,7,1,6,1,6,1,5,2,5,2,4,2,4,3,3,3,0,0,0,0,0,0,0,0,0,0,0,0,0,0,-66,40,-53,38,-44,39,-41,34,-35,31,-27,33,-24,29,-24,27,-10,24,-11,18,-3,15,-4,15,0,12,2,8,6,1,11,1,8,0,10,-9,13,-11,13,-15,17,-20,14,-19,11,-24,17,-27,14,-28,16,-37,15,-38,12,-44,12,-42,9,-50,12,-52,11,-55,15,-52,10,-58,12,-57,17,-59,19,-60,16,-55,18,-52,21,-53,22,-49,16,-52,21,-49,26,-47,23,-43,22,-39,25,-38,20,-34,23,-35,20,-27,22,-26,22,-22,22,-19,20,-15,22,-12,23,-8,23,-9,0,0,0,0,0,0,0,0,0,0,0,0,0,0,0,0,0,0,0,0,0,0,-15,13,-16,13,-12,14,-9,11,-5,10,-2,11,1,9,4,12,8,10,10,6,20,10,20,9,26,6,29,5,33,6,39,4,43,5,42,3,44,-5,51,-2,51,-3,56,-7,54,-8,60,-14,60,-14,60,-21,62,-26,63,-25,56,-29,61,-37,52,-37,57,-47,54,-47,47,-51,45,-53,42,-60,40,-58,31,-64,25,-69,25,-75,21,-78,11,-79,1,-80,-1,-81,-4,-80,-15,-88,-11,-88,-19,-84,-30,-92,-30,-84,-32,-88,-40,-85,-39,-88,-39,-77,-42,-82,-46,-83,-43,-75,0,0]"
CSI_DATA,410,1a:00:00:00:00:00,-49,11,1,0,1,1,1,0,0,0,1,-96,0,11,2,5632382,0,44,0,384,0,"[0,0,0,0,0,0,0,0,0,0,0,0,-9,1,-8,2,-7,2,-7,2,-5,2,-4,2,-3,2,-2,2,-1,1,-1,1,0,1,1,0,1,0,2,0,3,-1,3,-2,4,-2,4,-3,4,-3,5,-4,5,-4,5,-5,5,-6,6,-7,6,-7,6,-8,0,0,6,-9,7,-9,7,-10,7,-9,7,-9,7,-9,7,-9,7,-9,7,-9,7,-8,7,-8,7,-7,7,-7,7,-7,7,-6,7,-6,6,-5,6,-5,6,-4,5,-4,5,-3,5,-3,5,-2,5,-2,5,-1,4,0,0,0,0,0,0,0,0,0,0,0,0,0,0,0,-15,29,-12,31,-10,29,-10,24,-4,24,-5,19,-4,17,-1,14,0,13,0,9,1,9,2,7,4,4,3,1,5,0,4,-2,3,-4,2,-8,3,-8,3,-10,-2,-12,0,-12,-1,-14,-2,-17,-4,-17,-5,-21,-7,-22,-10,-22,-8,-21,-11,-25,-10,-25,-11,-26,-12,-25,-10,-25,-12,-27,-10,-29,-9,-27,-10,-29,-9,-27,-9,-28,-8,-29,-6,-28,-7,-26,-4,-27,-6,-23,-3,-24,-3,-21,-2,-22,-2,-19,-1,-17,1,-19,1,-17,1,-15,2,-13,4,-13,4,-13,5,-11,0,0,0,0,0,0,0,0,0,0,0,0,0,0,0,0,0,0,0,0,0,0,-5,10,-4,6,-4,6,-1,7,-1,6,1,5,3,3,2,3,5,4,6,1,9,1,11,0,15,-2,15,-4,19,-3,18,-4,19,-8,20,-8,22,-9,24,-11,22,-12,27,-13,25,-16,24,-17,25,-21,24,-22,24,-22,23,-25,22,-27,21,-28,18,-29,14,-30,15,-30,12,-33,10,-32,7,-35,3,-36,-1,-37,-4,-37,-10,-39,-9,-37,-15,-39,-15,-35,-21,-38,-21,-34,-26,-35,-27,-36,-29,-32,-32,-32,-35,-32,-35,-30,-38,-27,-37,-30,-38,-26,-39,-26,-40,-23,-37,-23,0,0]"
CSI_DATA,411,1a:00:00:00:00:00,-49,11,1,0,1,1,1,0,0,0,1,-96,0,11,2,5641431,0,44,0,384,0,"[0,0,0,0,0,0,0,0,0,0,0,0,-9,-2,-9,-1,-7,0,-7,0,-6,0,-5,0,-4,1,-3,1,-2,1,-1,1,0,1,1,1,1,1,2,0,3,0,4,0,4,-1,4,-1,5,-1,5,-2,6,-2,7,-3,7,-3,7,-4,8,-5,8,-5,0,0,9,-6,9,-6,10,-6,9,-6,10,-6,10,-6,10,-6,10,-5,10,-5,9,-5,10,-5,9,-4,9,-4,9,-3,8,-3,8,-3,8,-2,7,-2,7,-1,6,-1,6,-1,6,0,5,0,5,1,4,1,4,2,0,0,0,0,0,0,0,0,0,0,0,0,0,0,-52,53,-53,48,-34,48,-28,41,-24,42,-22,34,-21,30,-17,32,-9,27,0,23,3,20,5,16,7,13,5,4,8,1,11,-2,10,-10,11,-7,9,-12,12,-14,8,-25,11,-27,2,-24,7,-29,4,-34,3,-36,3,-40,0,-44,3,-49,1,-50,1,-55,1,-56,1,-55,0,-58,-1,-57,0,-60,-3,-66,-4,-58,2,-60,4,-59,5,-59,8,-55,10,-51,7,-49,12,-49,8,-47,11,-37,11,-45,9,-30,10,-32,13,-32,11,-28,12,-28,18,-25,17,-22,21,-20,18,-11,0,0,0,0,0,0,0,0,0,0,0,0,0,0,0,0,0,0,0,0,0,0,-18,13,-13,13,-10,12,-10,14,-5,13,0,9,2,8,6,6,6,9,12,7,17,7,19,4,26,1,29,5,31,4,37,-1,43,-3,48,2,47,-8,49,-7,53,-13,53,-14,58,-17,61,-19,59,-22,61,-26,63,-24,55,-30,57,-33,50,-41,47,-44,53,-49,46,-53,41,-57,35,-63,28,-70,28,-68,24,-67,16,-71,9,-72,7,-76,-6,-80,-7,-81,-16,-84,-18,-75,-29,-87,-32,-82,-40,-76,-44,-80,-45,-82,-44,-83,-52,-77,-57,-77,-57,-78,-55,-78,-56,-67,-57,-65,0,0]"
CSI_DATA,412,1a:00:00:00:00:00,-49,11,1,0,1,1,1,0,0,0,1,-96,0,11,2,5670257,0,44,0,384,0,"[0,0,0,0,0,0,0,0,0,0,0,0,-6,6,-5,6,-4,5,-4,5,-3,4,-2,3,-1,3,0,2,0,2,0,1,1,0,1,-1,1,-1,2,-2,2,-3,2,-4,2,-4,2,-5,1,-5,1,-6,1,-7,1,-8,1,-8,1,-9,1,-9,1,-10,0,0,0,-11,0,-11,0,-12,0,-12,1,-11,1,-12,0,-12,1,-11,1,-11,1,-11,2,-11,2,-10,2,-10,2,-9,2,-9,2,-8,2,-8,2,-7,2,-7,2,-6,3,-6,3,-5,3,-5,3,-4,4,-3,3,-3,0,0,0,0,0,0,0,0,0,0,0,0,0,0,21,70,18,65,23,58,23,47,25,45,24,34,22,32,19,27,21,21,18,17,18,12,16,8,16,4,13,-2,7,-5,4,-7,2,-13,-3,-12,-2,-15,-6,-16,-14,-22,-15,-23,-22,-17,-24,-21,-28,-29,-31,-28,-32,-26,-40,-25,-38,-28,-46,-30,-42,-31,-43,-34,-47,-35,-51,-33,-52,-33,-51,-39,-48,-38,-47,-36,-44,-40,-43,-39,-47,-35,-42,-38,-34,-41,-39,-39,-32,-37,-29,-41,-27,-36,-28,-32,-23,-32,-18,-32,-17,-31,-13,-33,-13,-28,-8,-27,-9,-29,-4,-30,-2,-24,0,0,0,0,0,0,0,0,0,0,0,0,0,0,0,0,0,0,0,0,0,0,9,20,13,16,8,15,9,11,9,7,11,2,8,1,12,-1,15,-5,9,-14,12,-11,11,-21,13,-26,13,-31,17,-28,13,-37,13,-39,18,-41,10,-45,7,-49,10,-49,8,-60,6,-63,-1,-64,-1,-63,-6,-68,-4,-62,-9,-64,-10,-66,-14,-71,-21,-64,-26,-72,-31,-68,-36,-62,-37,-64,-41,-58,-51,-52,-57,-48,-61,-42,-68,-41,-69,-43,-75,-25,-78,-29,-87,-23,-78,-17,-84,-7,-85,-12,-92,-3,-92,-2,-92,3,-98,8,-91,19,-99,9,-89,12,-92,18,-90,21,-88,20,0,0]"
CSI_DATA,413,1a:00:00:00:00:00,-49,11,1,0,1,1,1,0,0,0,1,-96,0,11,2,5682535,0,44,0,384,0,"[0,0,0,0,0,0,0,0,0,0,0,0,-2,8,-1,7,0,6,0,6,0,4,0,4,1,3,1,2,1,1,1,0,1,-1,1,-1,1,-2,0,-3,0,-3,0,-4,-1,-5,-1,-5,-2,-6,-2,-6,-2,-7,-3,-7,-3,-7,-4,-8,-4,-9,-5,-9,0,0,-6,-9,-6,-10,-6,-10,-6,-10,-6,-10,-6,-11,-6,-10,-5,-10,-5,-10,-5,-10,-5,-10,-4,-10,-4,-9,-3,-9,-3,-9,-3,-9,-2,-8,-2,-8,-2,-8,-1,-7,-1,-7,0,-6,0,-6,0,-6,1,-5,1,-5,0,0,0,0,0,0,0,0,0,0,0,0,0,0,46,40,47,49,45,36,42,32,42,29,35,19,35,20,29,11,29,8,24,4,20,3,15,-2,12,-1,7,-5,3,-5,-3,-10,-3,-10,-11,-13,-14,-10,-15,-9,-20,-13,-24,-9,-25,-9,-28,-7,-36,-9,-38,-4,-39,-2,-46,-7,-47,-2,-52,0,-53,-1,-53,-1,-54,-1,-58,1,-58,2,-63,-3,-61,-7,-59,-2,-59,-4,-59,-4,-55,-6,-54,-8,-53,-10,-49,-7,-44,-12,-50,-10,-42,-16,-44,-12,-31,-14,-36,-16,-29,-12,-34,-14,-27,-17,-26,-17,-20,-20,-15,-22,-12,-19,0,0,0,0,0,0,0,0,0,0,0,0,0,0,0,0,0,0,0,0,0,0,13,15,14,11,13,8,12,7,12,4,11,1,7,-1,13,-6,7,-8,4,-15,8,-18,6,-22,1,-28,1,-29,-1,-36,-4,-37,-5,-46,0,-46,-9,-49,-13,-49,-14,-57,-11,-57,-19,-61,-21,-58,-23,-60,-36,-58,-27,-59,-31,-56,-38,-53,-41,-52,-45,-49,-50,-45,-56,-45,-55,-35,-65,-41,-61,-29,-67,-24,-74,-20,-73,-13,-73,-3,-71,-6,-78,5,-79,12,-85,18,-76,19,-77,33,-76,34,-77,40,-72,43,-83,46,-81,52,-74,53,-77,52,-74,60,-76,60,-64,57,-61,59,0,0]"
CSI_DATA,414,1a:00:00:00:00:00,-49,11,1,0,1,1,1,0,0,0,1,-96,0,11,2,5691026,0,44,0,384,0,"[0,0,0,0,0,0,0,0,0,0,0,0,5,7,5,6,5,4,4,4,4,3,3,2,3,1,2,0,2,0,1,-1,1,-2,0,-2,-1,-3,-1,-3,-2,-3,-3,-3,-4,-4,-4,-4,-5,-4,-6,-4,-6,-4,-7,-4,-7,-4,-8,-4,-9,-4,-10,-4,0,0,-11,-4,-11,-4,-12,-4,-11,-4,-11,-5,-11,-5,-12,-5,-11,-5,-11,-5,-10,-5,-10,-5,-9,-6,-9,-5,-9,-6,-8,-6,-8,-6,-7,-5,-7,-5,-6,-5,-5,-5,-5,-5,-4,-5,-4,-5,-3,-5,-2,-5,-2,-5,0,0,0,0,0,0,0,0,0,0,0,0,0,0,35,4,31,1,30,0,24,-1,22,-2,22,-3,18,-4,17,-3,12,-3,7,-5,7,-8,4,-4,3,-6,0,-6,0,-5,-5,-3,-5,-4,-6,-2,-9,-1,-8,0,-13,1,-15,3,-13,4,-16,6,-16,6,-18,9,-18,9,-19,12,-19,12,-18,15,-20,14,-24,18,-24,14,-24,16,-23,17,-23,15,-28,16,-24,17,-27,14,-23,13,-25,12,-24,13,-22,12,-24,11,-23,9,-23,7,-22,7,-21,6,-19,6,-18,3,-17,1,-17,2,-15,1,-15,-1,-15,-4,-13,-5,-12,-5,0,0,0,0,0,0,0,0,0,0,0,0,0,0,0,0,0,0,0,0,0,0,9,-1,10,-2,6,-1,5,-2,5,-3,5,-4,2,-3,1,-6,-2,-8,-4,-7,-3,-11,-7,-9,-9,-12,-10,-14,-12,-14,-14,-15,-15,-14,-17,-16,-17,-16,-19,-17,-21,-17,-25,-17,-26,-15,-28,-13,-29,-13,-32,-10,-30,-12,-35,-11,-32,-11,-33,-8,-32,-5,-35,-3,-34,-1,-33,3,-35,4,-34,9,-33,13,-35,14,-32,15,-33,23,-31,22,-30,24,-27,29,-25,31,-22,32,-22,37,-23,38,-19,40,-19,43,-15,41,-14,44,-12,43,-16,48,-12,44,-10,47,-7,42,-10,42,0,0]"
CSI_DATA,415,1a:00:00:00:00:00,-49,11,1,0,1,1,1,0,0,0,1,-96,0,11,2,5701282,0,44,0,384,0,"[0,0,0,0,0,0,0,0,0,0,0,0,8,-1,7,-1,6,-2,5,-2,4,-2,3,-2,2,-2,2,-2,1,-2,0,-2,-1,-2,-2,-2,-2,-2,-3,-1,-3,-1,-4,0,-5,0,-5,0,-5,1,-6,2,-6,2,-7,3,-7,3,-7,4,-8,4,-8,5,0,0,-8,5,-9,5,-9,6,-9,6,-9,6,-10,6,-10,6,-9,5,-10,5,-10,5,-10,4,-9,4,-9,3,-9,3,-8,3,-8,2,-8,2,-7,2,-7,1,-7,1,-7,0,-6,0,-6,-1,-6,-1,-5,-2,-5,-2,0,0,0,0,0,0,0,0,0,0,0,0,0,0,28,-64,28,-55,20,-59,15,-54,12,-49,11,-44,11,-38,4,-36,-3,-31,-6,-26,-5,-22,-4,-13,-7,-10,-10,-7,-7,-4,-9,2,-4,6,-7,10,-7,14,-6,19,-5,25,-6,24,1,28,2,32,1,34,3,40,5,41,11,43,11,39,14,46,13,47,14,53,12,48,19,56,12,55,14,58,18,59,16,57,8,57,6,58,6,54,9,56,7,50,3,51,2,50,0,47,-3,46,-5,40,-2,36,-4,40,-6,28,-5,31,-8,25,-12,26,-13,25,-12,22,-18,18,0,0,0,0,0,0,0,0,0,0,0,0,0,0,0,0,0,0,0,0,0,0,10,-19,6,-18,4,-19,3,-14,1,-13,-7,-12,-3,-7,-7,-7,-13,-6,-16,-2,-19,-1,-22,2,-26,5,-29,7,-32,5,-34,10,-39,15,-43,15,-45,23,-44,22,-45,24,-46,32,-48,33,-50,39,-52,42,-50,49,-49,44,-50,51,-45,49,-41,59,-33,52,-36,64,-29,62,-19,63,-12,70,-11,72,-6,67,2,73,7,76,16,76,15,74,23,71,37,78,40,70,38,72,56,65,56,67,61,62,62,64,67,62,73,60,74,55,79,58,70,49,84,54,79,43,75,41,0,0]"
