11.0,10.04988,10.04988,9.05539,9.05539,8.06226,8.544,7.61577,7.61577,7.61577,6.7082,7.2111,7.2111,7.81025,7.07107,7.81025,7.2111,7.2111,8.06226,8.06226,8.94427,8.544,8.94427,9.84886,9.84886,10.77033,10.77033,12.08305,12.08305,12.08305,11.18034,12.08305,12.08305,11.6619,11.6619,12.20656,10.63015,10.63015,9.89949,9.89949,10.0,9.21954,8.60233,8.60233,8.06226,7.2111,7.61577,6.32456,6.32456,6.08276,6.0,5.0,65.9242,67.36468,64.19502,61.29437,62.03225,54.08327,54.0,52.08647,51.35173,49.16299,49.72927,47.29693,49.0408,42.37924,43.46263,44.10215,45.48626,42.0119,41.03657,43.86342,47.63402,47.01064,42.54409,47.42362,46.32494,51.97115,52.3259,60.92618,60.41523,62.39391,59.03389,65.55151,62.6099,64.07808,67.62396,65.74192,70.23532,65.0,68.24222,66.28725,66.06815,62.62587,68.0147,67.17887,60.10824,57.28001,55.44367,52.20153,50.32892,45.22168,42.94182,46.06517,40.71855,40.16217,35.69314,31.57531,28.16026,33.28663,31.82766,32.52691,32.80244,31.06445,29.96665,24.16609,22.80351,24.69818,22.80351,22.2036,18.0,16.76305,17.49286,15.81139,9.89949,6.40312,6.32456,8.24621,11.40175,14.14214,21.54066,16.55295,20.12461,28.28427,27.29469,31.06445,31.14482,35.12834,37.01351,37.01351,42.19005,45.17743,43.10452,54.00926,51.35173,51.24451,55.44367,55.22681,60.03332,60.03332,63.0,68.0,67.02984,65.06919,74.43118,73.00685,73.00685,72.1734,78.23043,77.00649,76.05919,83.21658,79.30952,81.49847,81.30191,78.05767
12.36932,12.16553,11.18034,12.16553,11.04536,10.04988,10.0,10.0,10.04988,9.21954,9.21954,9.48683,9.48683,8.94427,8.94427,9.43398,9.43398,9.43398,10.0,10.63015,10.63015,11.31371,10.63015,12.04159,12.04159,12.80625,13.45362,13.45362,13.45362,13.45362,14.14214,14.14214,13.45362,13.45362,13.60147,13.60147,13.0384,12.52996,11.6619,11.6619,11.18034,10.77033,10.77033,9.48683,9.48683,9.48683,8.06226,8.06226,8.06226,7.0,7.07107,6.08276,68.09552,73.06162,61.84658,67.54258,62.29767,57.56735,56.30275,57.00877,49.24429,56.08921,49.16299,48.04165,49.0102,44.10215,44.40721,47.53946,46.84015,43.46263,41.23106,48.76474,49.65884,46.64762,47.20169,48.02083,45.60702,51.73973,53.74012,58.13777,61.52235,65.43699,63.65532,66.46804,65.79514,70.72482,67.94115,67.62396,68.88396,67.35726,73.00685,69.33974,65.45991,68.60029,59.5399,63.56099,63.07139,58.69412,56.61272,55.08176,50.0,48.05206,46.38965,48.50773,43.01163,38.01316,38.01316,31.57531,32.89377,34.88553,36.05551,34.78505,35.17101,30.06659,27.07397,26.01922,25.70992,23.76973,23.76973,20.24846,15.23155,19.23538,15.55635,11.7047,10.0,9.84886,9.89949,8.60233,7.61577,13.34166,16.15549,20.02498,22.02272,24.08319,29.0,28.86174,34.48188,30.08322,36.40055,42.95346,39.21734,42.48529,42.95346,46.61545,57.00877,51.89412,58.30952,56.0803,58.5235,61.09828,64.4748,63.32456,64.84597,63.24555,67.1193,65.9242,72.8011,75.02666,77.83315,75.02666,77.49194,80.62258,80.05623,81.02469,75.15318,72.91776
12.04159,12.16553,11.18034,11.18034,10.19804,10.44031,9.48683,9.84886,8.94427,9.43398,9.43398,9.21954,8.60233,8.48528,9.89949,9.21954,10.0,9.43398,10.29563,9.84886,9.84886,10.77033,11.18034,11.7047,13.0,12.64911,12.64911,13.92839,13.92839,13.92839,14.31782,14.31782,14.31782,13.89244,13.89244,13.0384,13.60147,12.80625,12.04159,12.04159,11.31371,12.04159,10.63015,9.89949,10.0,8.60233,9.43398,8.94427,8.06226,7.28011,7.28011,6.08276,66.28725,65.37584,62.07254,62.03225,62.00806,57.03508,55.14526,52.23983,50.44799,49.24429,49.0408,47.12749,48.10405,46.09772,47.01064,45.48626,47.80167,47.42362,42.52058,53.90733,50.44799,50.9902,49.39636,50.60632,52.39275,51.89412,55.9017,61.68468,61.46544,71.86793,65.9242,70.68239,72.23573,71.69379,75.02666,73.79024,70.66116,76.05919,72.40166,70.17834,72.40166,71.06335,69.42622,65.43699,61.55485,62.93648,55.22681,62.28965,55.31727,52.43091,52.43091,43.04649,44.77723,43.08132,39.05125,38.27532,33.54102,31.82766,33.61547,37.12142,35.1141,29.61419,27.16616,27.29469,26.01922,31.01612,24.04163,23.76973,21.09502,20.59126,16.27882,15.0,10.19804,12.16553,12.36932,13.60147,16.27882,20.59126,19.72308,23.85372,24.16609,29.61419,26.68333,33.01515,36.05551,36.05551,44.10215,40.1995,45.01111,42.10701,47.04253,49.36598,48.25971,54.33231,53.46027,56.4358,57.14018,58.30952,62.20129,63.07139,69.02898,63.28507,75.53807,70.11419,69.06519,71.0,76.79193,78.31347,79.1012,81.22192,82.21922,78.23043,77.16217,76.23647
11.40175,11.7047,10.77033,10.44031,9.84886,9.84886,8.94427,8.60233,8.60233,7.81025,8.48528,8.48528,7.81025,7.81025,7.2111,8.06226,7.61577,7.61577,7.28011,8.24621,8.24621,9.05539,9.05539,9.05539,10.04988,10.04988,11.0,11.04536,12.04159,12.04159,12.04159,12.16553,12.04159,12.16553,11.18034,12.36932,11.40175,10.77033,10.77033,10.77033,10.29563,10.29563,9.43398,8.60233,8.60233,7.81025,7.81025,7.07107,7.07107,6.40312,5.83095,5.38516,77.92946,71.84706,70.21396,59.90826,66.76077,55.97321,56.30275,58.30952,51.47815,50.11986,45.65085,45.48626,42.80187,45.60702,41.86884,43.01163,47.01064,42.72002,44.41846,44.77723,44.64303,49.39636,46.09772,49.24429,51.97115,50.80354,54.08327,55.22681,56.14268,59.0,62.03225,67.18631,63.07139,68.18358,64.00781,68.46897,68.35934,68.46897,70.34202,67.18631,65.73431,65.19202,62.36185,68.62215,58.18075,62.24147,56.82429,56.93856,50.24938,51.0392,47.20169,41.10961,41.72529,38.94868,35.38361,34.1321,31.7805,35.22783,34.05877,29.73214,32.80244,30.01666,29.54657,26.92582,25.96151,25.0,19.0263,23.08679,19.10497,22.80351,15.52417,13.0384,15.81139,17.20465,17.72005,13.34166,15.52417,15.81139,22.80351,22.67157,27.58623,29.68164,30.52868,33.54102,36.89173,39.29377,41.48494,36.68787,45.88028,47.80167,47.07441,52.88667,47.80167,54.12024,52.55473,58.5235,63.56886,56.75385,61.40033,66.70832,66.76077,64.56005,74.72617,70.88018,69.89278,73.08215,78.16009,81.7435,78.74643,84.89994,77.62087,87.64131,82.28001,83.95237
11.40175,11.40175,11.7047,11.7047,10.77033,9.84886,10.29563,9.43398,9.43398,9.21954,10.0,9.89949,9.21954,9.21954,9.21954,9.43398,10.29563,9.43398,9.84886,10.77033,9.84886,10.44031,10.77033,11.40175,12.36932,12.36932,13.34166,13.60147,13.60147,13.60147,13.92839,13.92839,13.92839,13.0,13.41641,12.52996,13.0384,12.20656,12.80625,11.40175,10.63015,12.04159,9.89949,9.89949,9.21954,9.21954,8.60233,8.60233,8.06226,7.61577,7.28011,6.08276,70.71068,63.78871,64.84597,61.13101,66.21933,57.93962,58.5235,55.71355,50.08992,51.88449,50.24938,49.39636,53.53504,48.83646,47.38143,48.27007,43.56604,46.61545,44.10215,43.86342,49.24429,48.75449,47.80167,49.47727,53.75872,53.60037,57.72348,63.28507,64.49806,65.62012,63.3877,64.49806,64.77654,68.18358,70.5762,71.80529,73.00685,73.4983,74.04053,67.35726,67.6757,72.61543,65.79514,67.62396,57.98276,59.48109,55.75841,58.00862,54.20332,50.32892,48.79549,45.25483,43.18565,40.80441,40.49691,35.35534,31.38471,33.10589,30.23243,37.20215,34.71311,32.20248,28.63564,26.40076,27.51363,25.05993,25.01999,22.09072,20.02498,22.02272,19.23538,11.7047,11.40175,12.52996,12.16553,12.04159,13.34166,18.78829,20.0,20.80865,24.75884,23.02173,28.84441,29.12044,32.89377,32.28002,38.60052,40.02499,42.75512,46.09772,41.7732,48.50773,47.29693,52.63079,51.41984,54.74486,57.72348,54.57105,61.0,60.20797,64.53681,63.60031,63.34824,67.46851,69.12308,66.70832,72.78049,73.97973,77.7946,76.90254,78.64477,78.8543,77.87811,76.48529
10.0,10.0,9.43398,9.43398,8.06226,8.06226,7.61577,7.28011,7.28011,7.07107,7.07107,8.0,8.06226,7.07107,7.07107,8.544,8.544,7.61577,8.94427,8.06226,9.43398,10.0,9.43398,10.81665,10.81665,11.40175,11.40175,12.20656,13.60147,12.20656,13.0384,12.52996,12.52996,12.52996,12.52996,12.08305,11.7047,11.40175,10.44031,10.44031,9.21954,10.19804,9.05539,9.05539,8.0,7.07107,7.0,6.08276,6.08276,6.32456,5.38516,4.47214,68.593,62.24147,67.00746,55.31727,61.40033,54.81788,52.47857,56.0803,47.01064,45.69464,50.28916,43.01163,41.0,43.41659,42.10701,42.04759,46.52956,49.47727,45.12206,41.4367,50.28916,42.05948,48.02083,49.39636,47.50789,57.68882,54.81788,59.20304,61.22091,64.2028,61.22091,67.42403,69.89278,73.00685,66.85058,70.3278,74.33034,71.19691,75.13322,68.942,69.07966,69.857,67.06713,67.6757,61.40033,62.36185,61.18823,53.15073,55.57877,49.36598,49.09175,48.04165,43.04649,38.32754,35.90265,32.01562,31.7805,34.05877,33.06055,34.71311,29.41088,28.01785,28.30194,24.69818,27.01851,25.4951,22.2036,17.49286,18.02776,18.11077,13.0384,12.36932,14.86607,13.0,9.0,14.14214,19.10497,18.24829,22.2036,21.0238,30.01666,29.52965,34.98571,34.4093,36.12478,38.28838,45.60702,38.94868,48.79549,49.49747,44.59821,50.93133,54.45181,50.44799,57.98276,59.46427,60.82763,67.89698,62.24147,65.76473,65.79514,64.3506,75.60423,68.24954,70.93659,75.9276,76.83749,79.24645,79.39773,82.73452,76.36753,82.87943,84.95881,79.98125
11.04536,10.0,10.0,10.0,9.05539,8.06226,8.24621,8.24621,7.28011,7.61577,7.61577,7.81025,7.2111,7.81025,7.07107,8.48528,7.81025,8.60233,8.06226,8.06226,8.94427,8.94427,9.84886,9.84886,10.77033,10.77033,12.08305,13.0,12.08305,13.41641,12.08305,12.52996,12.52996,12.52996,13.0384,13.0384,12.80625,12.04159,11.31371,10.63015,11.31371,9.89949,10.63015,9.21954,8.60233,7.81025,8.06226,6.7082,6.7082,6.32456,6.08276,5.09902,67.46851,70.0928,67.08204,58.69412,62.80127,57.55867,54.45181,52.08647,50.15974,45.04442,45.54119,45.54119,46.69047,45.60702,40.8534,41.67733,43.41659,46.04346,37.64306,43.13931,42.63801,47.42362,42.80187,52.20153,44.94441,54.20332,53.7122,55.07268,58.59181,63.15853,59.09315,63.97656,67.1193,68.02941,67.08204,70.17834,71.86793,70.3278,70.60453,67.42403,71.06335,65.94695,62.93648,63.63961,59.4138,65.19202,60.44005,55.80323,48.01042,51.0,45.17743,45.17743,42.95346,40.80441,40.5216,38.20995,33.01515,41.01219,40.80441,40.60788,35.8469,38.62642,37.94733,36.05551,35.90265,36.22154,31.01612,30.01666,27.07397,24.18677,18.11077,18.02776,15.81139,14.42221,14.86607,7.07107,8.06226,9.84886,8.48528,13.89244,13.0,19.10497,23.08679,24.02082,24.02082,27.07397,34.36568,32.75668,36.67424,40.60788,41.7732,43.41659,42.57934,47.85394,48.05206,53.60037,54.74486,56.29387,58.0517,55.9017,62.514,59.22837,64.28063,65.9242,65.49046,71.19691,80.06248,68.88396,73.97973,77.46612,74.33034,82.56513,75.95393,76.68768
12.16553,12.04159,11.0,12.0,11.0,10.0,10.04988,9.05539,9.21954,8.24621,9.21954,8.94427,8.544,8.94427,8.94427,9.43398,8.60233,9.21954,9.21954,9.89949,9.89949,10.63015,9.89949,11.40175,12.04159,11.40175,12.20656,12.80625,12.80625,12.80625,13.45362,13.45362,14.14214,13.45362,13.45362,12.80625,13.0384,12.20656,11.6619,11.6619,11.18034,10.77033,9.84886,9.84886,9.48683,8.544,8.24621,8.06226,8.06226,7.0,7.0,6.08276,75.89466,72.8011,66.4906,65.30697,67.47592,60.41523,59.07622,57.21888,55.08176,50.08992,52.34501,49.64877,53.85165,49.0306,44.64303,50.92151,50.92151,42.48529,40.81666,49.64877,48.9183,47.80167,47.50789,48.27007,50.93133,54.03702,52.80152,56.0357,60.53924,66.28725,64.40497,65.45991,70.21396,67.42403,71.84706,71.21798,72.20111,74.02702,74.41102,67.17887,68.0147,68.0147,64.40497,69.40461,58.24946,59.07622,55.07268,56.93856,49.24429,47.88528,49.33559,43.01163,44.64303,41.59327,35.0571,34.0,32.06244,41.40048,36.06938,38.18377,39.82462,35.51056,29.52965,31.38471,30.08322,32.28002,28.44293,25.31798,19.23538,21.2132,18.68154,16.12452,11.6619,9.21954,5.83095,9.21954,8.544,8.544,13.41641,18.02776,18.97367,18.11077,24.0,29.06888,30.14963,29.42788,32.14032,38.20995,37.33631,39.11521,40.4475,47.16991,47.38143,52.46904,57.07013,55.9017,59.22837,60.40695,64.38167,58.30952,64.77654,62.514,69.58448,68.46897,75.42546,72.56032,78.08969,75.13322,82.03658,80.06248,79.07591,84.17244,77.31753,79.07591
10.63015,10.63015,10.81665,10.63015,9.43398,9.43398,8.94427,8.94427,8.24621,8.24621,8.24621,8.06226,8.06226,8.0,8.0,9.21954,8.24621,9.21954,8.544,8.544,8.94427,8.94427,9.84886,11.18034,11.18034,11.6619,11.6619,12.52996,12.52996,13.0384,12.52996,13.41641,12.52996,12.08305,13.0,12.64911,12.36932,12.16553,11.18034,11.04536,11.04536,10.04988,10.0,9.0,9.05539,8.06226,8.06226,7.28011,7.28011,6.7082,5.83095,5.0,65.8559,71.42129,62.80127,63.60031,59.68249,52.15362,56.40035,53.33854,54.626,52.20153,46.17359,46.57252,45.54119,49.81967,44.04543,46.04346,52.08647,45.89118,41.7732,45.35416,48.8467,50.56679,44.72136,49.65884,49.40648,53.82379,59.36329,55.31727,66.0303,67.00746,68.41053,68.41053,69.2026,70.93659,67.47592,71.56116,69.89278,66.57327,72.00694,68.02941,71.58911,68.15424,68.62215,64.62198,57.24509,64.56005,58.94065,57.00877,49.0306,50.35871,45.01111,47.04253,47.04253,39.81206,40.02499,32.98485,34.53983,34.05877,33.54102,35.35534,34.78505,34.43835,32.20248,28.6007,32.80244,26.90725,27.80288,23.85372,20.61553,24.18677,21.18962,20.02498,20.0,14.31782,15.55635,15.26434,14.42221,19.69772,22.56103,24.0,20.02498,26.68333,30.26549,34.53983,31.30495,30.80584,35.35534,38.58756,42.2019,43.26662,42.80187,50.0,45.45327,52.43091,54.40588,56.61272,58.24946,56.40035,63.60031,65.21503,66.61081,62.20129,72.94518,78.00641,71.84706,76.02631,80.28076,75.0,76.27582,83.24062,76.55064,84.20214,85.14693,77.15569
11.40175,10.81665,10.29563,10.29563,10.29563,8.94427,9.48683,9.21954,8.24621,8.06226,9.05539,9.0,9.0,9.05539,9.05539,9.21954,9.48683,9.48683,9.84886,9.84886,10.29563,10.29563,10.29563,11.6619,12.20656,11.6619,12.20656,13.89244,13.89244,13.89244,13.41641,14.31782,13.41641,13.41641,13.0,12.64911,13.60147,12.36932,12.36932,11.18034,11.18034,12.04159,10.04988,10.04988,10.04988,9.0,8.0,8.06226,7.07107,7.28011,6.32456,5.38516,68.88396,66.61081,66.6033,63.70243,57.38467,58.13777,58.25805,51.08816,55.22681,51.31277,58.18075,46.06517,47.01064,48.46648,44.38468,50.01,49.25444,43.0,48.01042,46.27094,52.7731,51.62364,46.57252,50.21952,50.69517,54.70832,57.24509,62.96825,59.03389,66.18912,59.9333,71.69379,65.78754,73.00685,73.40981,77.16217,73.68175,70.5762,78.33901,74.1485,70.40597,71.56815,67.47592,67.47592,64.00781,62.03225,58.03447,59.07622,52.15362,54.14795,50.21952,48.05206,43.17407,42.15448,39.81206,33.12099,31.89044,41.04875,42.95346,44.14748,41.78516,38.48376,36.24914,41.67733,37.48333,34.05877,31.82766,33.28663,32.64966,32.20248,27.73085,26.1725,18.24829,25.07987,14.31782,15.13275,16.40122,15.0,14.76482,19.23538,18.43909,19.23538,25.17936,26.0,27.85678,30.08322,32.44996,33.6006,36.23534,38.28838,37.01351,41.03657,43.27817,42.44997,50.9902,50.32892,55.86591,55.15433,56.22277,62.24147,60.82763,60.82763,69.35416,65.79514,68.76772,74.96666,79.20859,77.7946,79.93122,82.13404,79.93122,85.56284,82.87943,78.1025
11.04536,11.18034,10.19804,10.19804,9.21954,9.48683,8.94427,8.94427,8.94427,8.06226,8.60233,8.48528,8.48528,7.81025,7.81025,8.60233,8.94427,8.94427,8.94427,9.84886,9.48683,10.44031,10.44031,11.18034,11.40175,12.36932,12.36932,12.36932,13.60147,13.34166,12.64911,13.0,13.92839,13.0,13.0,13.41641,12.52996,11.6619,12.20656,11.40175,10.63015,11.31371,9.89949,8.48528,9.21954,7.81025,7.81025,7.2111,6.7082,6.7082,6.32456,5.09902,74.33034,69.35416,69.11584,63.28507,62.00806,56.00893,55.0,60.00833,51.41984,47.85394,47.80167,47.16991,47.42362,47.85394,42.95346,45.22168,43.60046,47.38143,43.41659,46.69047,51.08816,45.80393,51.61395,52.47857,54.20332,56.36488,53.31041,57.38467,59.9333,65.19202,65.39113,70.77429,66.48308,67.23095,67.06713,73.06162,71.69379,74.70609,76.00658,72.71864,66.61081,68.24954,64.81512,68.0147,62.2254,60.1415,61.55485,56.58622,53.90733,50.44799,47.16991,46.51881,40.70626,41.4367,37.94733,33.95585,32.01562,48.08326,45.96738,45.0,46.14109,45.17743,44.77723,35.1141,42.75512,42.75512,35.22783,34.05877,29.42788,32.38827,28.16026,25.63201,23.70654,25.07987,16.97056,14.21267,11.6619,13.0,12.04159,12.36932,14.21267,16.27882,23.02173,24.04163,22.02272,25.01999,29.83287,30.06659,36.0,35.0571,36.0,42.0119,45.0,42.0119,44.01136,52.08647,55.0,56.0,57.14018,62.03225,66.00758,66.0,61.03278,62.07254,66.1211,72.00694,80.0,79.02531,81.00617,86.05231,78.05767,86.20905,86.09297,82.29824
11.18034,11.40175,10.44031,10.44031,9.48683,8.94427,8.94427,8.60233,8.60233,7.81025,8.48528,7.81025,8.60233,8.06226,8.06226,8.94427,8.544,8.544,9.21954,9.21954,10.19804,10.19804,10.19804,11.04536,11.04536,12.04159,12.04159,13.15295,13.15295,13.0384,13.15295,13.15295,13.34166,13.34166,13.60147,12.64911,12.64911,12.08305,12.08305,11.18034,10.29563,10.81665,10.29563,9.43398,8.60233,7.81025,7.81025,7.07107,7.07107,6.40312,5.83095,5.38516,76.32169,66.61081,70.06426,58.00862,62.00806,59.03389,55.44367,60.29925,49.0306,45.89118,46.48656,43.01163,44.72136,39.82462,45.18849,40.0,44.20407,44.55334,43.18565,41.7732,48.01042,42.72002,46.06517,45.65085,49.24429,56.79789,52.39275,59.13544,56.64804,62.0967,62.29767,63.56886,61.84658,67.6757,65.80274,72.01389,67.41662,68.15424,66.7308,66.88797,64.88451,62.42596,67.62396,61.22091,60.959,60.20797,58.0,50.93133,46.8615,48.16638,42.2019,41.88078,37.21559,35.8469,33.52611,34.9285,29.61419,46.2277,42.42641,42.52058,41.23106,39.66106,44.01136,37.16181,39.29377,40.02499,36.13862,37.33631,28.07134,29.27456,25.31798,21.2132,17.46425,14.42221,17.69181,7.61577,9.84886,3.60555,7.81025,12.52996,18.60108,18.02776,17.88854,19.41649,27.65863,29.61419,35.12834,25.70992,38.01316,36.05551,43.01163,40.04997,45.17743,43.04649,50.03998,53.00943,55.0,56.00893,59.07622,62.0,64.12488,60.20797,68.11755,70.11419,69.46222,74.10803,74.02702,75.00667,79.0,82.29824,73.17103,82.1523,83.0542,80.22468
11.7047,10.77033,11.18034,10.77033,10.29563,10.29563,9.43398,8.60233,9.21954,8.48528,8.48528,9.21954,8.60233,8.06226,8.06226,8.94427,8.544,8.544,8.544,9.21954,9.21954,10.19804,10.19804,11.04536,11.04536,11.04536,12.04159,12.04159,13.15295,13.0384,13.15295,13.34166,13.34166,12.36932,12.36932,12.64911,12.64911,12.08305,11.18034,11.18034,10.29563,10.81665,10.0,9.43398,9.21954,8.60233,8.48528,7.81025,7.81025,6.40312,5.83095,5.38516,68.44706,70.40597,68.30813,66.76077,63.89053,57.58472,52.55473,57.24509,50.32892,52.83938,48.25971,46.09772,43.27817,41.7732,43.86342,46.09772,46.32494,41.88078,40.24922,46.61545,52.63079,46.17359,46.09772,50.48762,50.9902,58.30952,56.4358,60.03332,58.13777,62.00806,63.07139,62.39391,66.48308,68.0,70.11419,67.47592,70.21396,73.82412,74.1485,70.83078,67.05222,66.40783,62.39391,65.0,60.37384,60.82763,57.14018,55.47071,50.21952,46.61545,44.20407,38.94868,39.05125,37.53665,37.73592,35.35534,27.85678,42.72002,38.01316,40.49691,35.60899,40.31129,36.76955,34.65545,34.4093,36.05551,33.24154,29.15476,25.70992,27.07397,26.30589,20.39608,19.31321,17.08801,14.86607,15.0,17.49286,19.0263,21.0,22.47221,20.80865,23.02173,26.40076,27.01851,29.15476,35.0,34.82815,34.98571,43.56604,43.82921,44.29447,46.06517,45.18849,50.53712,49.24429,59.48109,61.7414,57.93962,58.5235,62.39391,69.64194,65.79514,66.70832,68.70953,71.17584,74.84651,77.07788,78.18568,78.43469,86.37708,80.23092,85.44004,78.1089,85.44004
11.18034,10.29563,9.84886,9.84886,8.94427,8.544,8.544,8.06226,8.06226,7.0,8.0,7.07107,7.07107,7.28011,7.28011,8.06226,7.61577,7.2111,8.06226,7.81025,7.81025,9.21954,9.21954,9.89949,9.89949,10.63015,10.63015,11.31371,12.04159,12.04159,12.04159,12.04159,12.04159,11.40175,12.20656,11.6619,11.6619,11.18034,9.84886,9.84886,9.48683,9.48683,9.21954,8.24621,8.24621,7.07107,7.07107,7.0,6.08276,6.08276,5.38516,5.38516,69.29646,68.62215,65.29931,56.0803,57.62812,57.00877,53.0,53.23533,49.39636,41.62932,46.48656,42.05948,43.41659,37.33631,41.04875,38.0526,49.09175,44.91102,41.48494,45.22168,45.31004,45.31004,45.17743,49.64877,47.70744,51.47815,57.14018,57.00877,59.03389,64.53681,62.62587,67.80118,65.45991,64.40497,67.20119,67.1193,71.58911,69.11584,70.68239,71.17584,65.79514,63.69458,62.39391,64.19502,61.61169,58.24946,55.10898,52.17279,45.27693,46.01087,47.26521,43.01163,44.40721,36.87818,34.20526,31.04835,31.38471,41.19466,38.0526,43.41659,39.81206,41.78516,33.54102,35.35534,34.4093,37.80212,32.64966,29.83287,30.0,30.23243,31.76476,19.64688,23.19483,19.10497,19.92486,17.08801,19.41649,21.93171,21.09502,23.34524,22.13594,27.01851,29.42788,31.06445,29.41088,30.8707,38.8973,39.39543,40.71855,42.05948,43.56604,46.87217,50.21952,52.69725,56.4358,53.53504,58.30952,57.14018,60.44005,62.42596,63.24555,64.63745,73.00685,70.45566,71.84706,73.40981,78.00641,81.02469,82.68011,79.40403,83.60024,87.80091,77.62087,77.98718
11.18034,11.40175,10.44031,10.77033,9.48683,8.544,8.94427,8.60233,8.60233,9.21954,8.48528,9.21954,9.21954,8.60233,8.60233,9.43398,8.94427,8.94427,9.48683,9.48683,9.48683,10.44031,10.44031,11.40175,12.36932,12.36932,13.34166,13.34166,13.60147,13.34166,12.64911,13.92839,12.64911,13.0,13.0,12.52996,12.52996,11.6619,11.6619,10.81665,10.0,10.0,10.0,9.21954,8.48528,7.81025,7.81025,7.2111,6.40312,5.83095,5.38516,5.38516,75.50497,71.70077,66.18912,61.03278,61.0,58.21512,56.0803,55.0,56.22277,51.62364,50.44799,43.41659,48.08326,46.23851,46.48656,46.64762,47.80167,46.09772,47.42362,44.68781,48.41487,48.16638,51.31277,50.77401,53.33854,56.60389,59.48109,61.32699,63.97656,63.97656,59.9333,68.942,66.18912,71.58911,66.70832,72.56032,69.97142,68.26419,70.21396,66.4003,67.80118,65.94695,63.78087,61.6198,59.4138,60.44005,57.31492,54.03702,48.25971,47.70744,44.94441,44.41846,43.08132,36.05551,36.87818,33.95585,25.31798,41.86884,38.18377,37.64306,40.22437,35.8469,34.43835,33.10589,34.20526,31.257,28.44293,31.01612,26.07681,20.09975,18.0,17.26268,18.38478,12.64911,9.21954,8.94427,6.32456,9.21954,7.81025,16.12452,16.76305,17.72005,19.92486,24.02082,25.01999,29.0,30.01666,33.13608,38.0526,39.62323,40.1995,45.89118,41.10961,51.0392,50.15974,55.44367,55.08176,55.57877,61.13101,62.28965,66.06815,62.07254,62.514,63.28507,71.06335,75.02666,77.23341,80.22468,77.41447,79.51101,78.05767,83.48653,84.38009,77.31753
11.18034,11.40175,10.77033,10.77033,9.84886,9.84886,10.29563,9.43398,9.43398,9.21954,9.21954,9.21954,9.21954,9.21954,9.21954,10.0,9.43398,10.29563,9.84886,11.18034,10.77033,10.77033,10.77033,11.7047,12.64911,12.64911,12.64911,13.92839,14.31782,13.92839,13.41641,13.89244,13.89244,13.89244,13.60147,13.60147,12.80625,12.04159,12.04159,11.31371,10.63015,10.63015,10.63015,9.43398,9.43398,8.06226,7.61577,7.61577,7.28011,6.32456,6.08276,6.0,67.26812,63.03174,58.03447,62.00806,63.07139,53.75872,53.15073,52.88667,53.60037,51.41984,49.33559,48.75449,54.23099,46.14109,50.24938,50.80354,47.50789,46.66905,48.10405,47.42362,52.20153,51.66237,49.73932,55.00909,53.7122,60.41523,59.16925,62.64982,63.13478,69.46222,69.77105,72.94518,69.77105,74.24284,71.58911,75.47185,75.71658,73.00685,74.20243,70.60453,66.48308,67.94115,68.68042,66.70832,65.94695,58.25805,54.91812,52.80152,49.09175,45.61798,46.51881,43.08132,40.26164,40.31129,37.12142,33.24154,30.14963,39.44617,38.07887,42.37924,38.11824,37.12142,35.0,33.13608,33.73426,35.17101,31.95309,29.52965,28.6007,26.1725,26.24881,27.78489,23.08679,22.84732,21.09502,21.0,21.54066,19.72308,23.43075,20.61553,26.90725,28.17801,29.96665,32.89377,33.73426,39.29377,39.29377,34.1321,39.45884,42.04759,45.27693,48.50773,46.04346,45.01111,54.03702,49.09175,58.03447,60.20797,58.30952,59.00847,65.19202,61.20457,68.00735,67.06713,65.49046,69.06519,73.0,72.02777,76.00658,80.0,70.11419,75.00667,72.0,74.10803
10.77033,9.84886,10.44031,10.44031,9.48683,9.21954,9.05539,8.0,9.0,9.05539,9.05539,8.24621,9.21954,8.544,8.544,9.43398,9.43398,8.60233,9.21954,10.63015,10.0,9.89949,11.31371,12.04159,12.04159,12.04159,12.80625,13.45362,13.45362,14.21267,12.72792,14.86607,14.14214,13.45362,14.21267,12.80625,13.60147,13.0384,11.6619,11.6619,11.18034,11.18034,10.77033,9.84886,9.48683,9.48683,9.21954,8.24621,8.06226,8.0,7.07107,6.08276,65.19202,59.64059,53.85165,53.25411,50.56679,46.51881,51.24451,48.46648,46.38965,42.2019,47.09565,46.17359,48.0,46.01087,43.0,42.2019,47.53946,47.16991,45.61798,49.64877,46.87217,48.8774,49.64877,55.22681,50.44799,52.34501,60.82763,63.12686,63.12686,66.06815,63.12686,72.18033,72.18033,73.66139,74.41102,73.66139,72.24957,73.66139,73.87828,71.02816,68.8186,70.83078,66.7308,65.8635,59.03389,63.95311,56.85948,58.30952,52.0,51.41984,49.0408,47.53946,44.55334,38.20995,40.04997,36.12478,32.28002,41.6173,41.10961,42.42641,41.7732,43.41659,41.59327,37.16181,40.49691,40.49691,37.48333,37.65634,36.01389,33.24154,33.24154,31.01612,30.01666,31.7805,24.18677,26.87006,23.85372,26.0,31.01612,27.07397,28.07134,28.28427,23.08679,28.44293,34.53983,31.76476,34.48188,35.35534,36.05551,39.11521,38.83298,39.20459,45.0,45.80393,48.16638,48.82622,51.61395,51.40039,58.5235,49.67897,59.90826,55.60576,69.2026,60.80296,65.51336,63.82006,70.17834,69.2026,70.72482,66.21933,71.40028,74.63243,71.70077,71.84706
8.544,7.61577,8.06226,7.81025,7.81025,6.40312,6.40312,6.40312,6.7082,6.32456,6.32456,7.07107,7.07107,7.07107,7.0,8.06226,8.24621,7.07107,7.28011,8.544,8.544,9.84886,9.84886,11.18034,12.08305,11.6619,12.52996,13.41641,13.41641,13.41641,13.0,13.0,13.92839,13.0,13.92839,13.60147,12.36932,11.18034,12.16553,11.18034,11.04536,11.04536,10.04988,9.05539,9.0,9.0,8.06226,8.06226,7.07107,6.32456,6.32456,5.38516,59.43904,58.69412,52.20153,47.75982,53.7122,46.48656,47.01064,43.04649,41.04875,39.82462,39.62323,38.60052,42.05948,34.48188,39.81206,39.21734,42.37924,37.33631,41.30375,46.0,43.28972,44.28318,44.91102,49.72927,49.72927,52.88667,56.61272,61.46544,66.85058,63.69458,64.40497,70.26379,73.73602,70.77429,78.92401,78.43469,74.94665,78.43469,76.65507,76.90254,74.46476,71.70077,72.56032,71.56815,62.514,63.12686,62.00806,61.0,54.00926,48.0,49.16299,46.52956,43.56604,41.48494,42.72002,37.16181,34.9285,43.68066,46.38965,49.0408,49.0408,47.51842,42.75512,43.41659,44.27189,43.82921,45.17743,37.73592,40.80441,42.0119,37.53665,34.66987,30.41381,33.61547,28.16026,24.08319,24.33105,26.01922,25.96151,23.25941,26.07681,26.87006,29.06888,26.41969,29.15476,31.38471,34.17601,33.24154,35.69314,37.48333,38.63936,41.19466,44.91102,44.10215,45.27693,47.51842,50.01,45.27693,55.7315,55.3263,58.54912,56.29387,63.56099,60.63827,64.03124,66.4906,67.08204,70.03571,72.27724,71.19691,69.63476,71.19691,68.68042,65.11528
9.48683,9.21954,8.06226,9.0,8.0,8.0,8.06226,7.28011,7.28011,6.7082,7.61577,7.2111,7.81025,7.07107,8.48528,8.60233,8.60233,8.60233,8.94427,9.84886,9.84886,10.44031,10.77033,11.40175,12.36932,12.36932,13.34166,14.56022,14.56022,14.56022,13.60147,13.92839,14.86607,14.31782,15.23155,14.31782,13.89244,13.0384,13.0384,13.0384,12.20656,12.20656,11.40175,10.63015,10.63015,9.21954,9.21954,9.21954,8.60233,8.60233,8.06226,6.7082,62.03225,59.80803,55.54278,55.7853,49.64877,44.72136,46.27094,41.0,43.01163,38.20995,37.36308,36.05551,36.40055,35.8469,39.11521,34.71311,40.31129,40.36087,39.82462,42.54409,44.29447,46.06517,48.70318,50.0,48.50773,54.34151,55.9017,56.22277,60.67125,65.37584,63.1981,71.34424,64.77654,72.1734,73.68175,78.64477,76.90254,71.06335,71.8401,72.8011,72.11103,72.09022,71.30919,68.942,67.1193,60.83584,60.90156,58.66856,56.4358,50.21952,52.20153,46.2277,44.04543,41.86884,39.20459,38.60052,37.20215,51.0098,52.7731,51.1957,52.20153,50.9902,49.73932,46.87217,43.01163,52.63079,47.63402,45.80393,38.60052,45.0,41.14608,38.27532,33.83785,32.98485,36.22154,31.01612,26.92582,22.84732,24.69818,21.40093,24.83948,25.05993,24.35159,26.57066,26.1725,29.06888,31.01612,30.0,32.75668,35.69314,38.63936,34.48188,42.44997,38.60052,46.57252,47.29693,51.92302,49.64877,55.08176,59.48109,58.46366,55.7853,62.24147,63.24555,60.44005,62.64184,66.76077,67.05222,71.06335,71.7844,67.35726,75.39231,72.23573,69.28925
9.21954,8.60233,7.2111,7.2111,6.7082,6.7082,7.28011,6.08276,6.08276,6.0,6.08276,6.32456,6.32456,6.7082,6.7082,7.2111,7.81025,7.07107,7.81025,7.81025,8.60233,8.60233,8.60233,10.29563,11.6619,11.6619,12.52996,12.20656,13.0384,12.52996,13.0384,13.60147,12.80625,12.80625,12.80625,12.04159,12.72792,12.04159,12.04159,12.04159,10.0,10.81665,10.0,9.43398,9.43398,8.06226,8.544,7.61577,7.61577,7.07107,6.08276,6.0,59.03389,54.12024,57.3062,47.43416,51.0392,47.01064,41.40048,40.45986,40.36087,36.61967,33.12099,34.43835,41.10961,30.08322,34.0147,35.0,37.05401,34.52535,35.90265,38.8973,46.51881,43.909,44.65423,44.65423,41.6173,53.53504,57.48913,56.56854,60.20797,62.93648,68.11755,68.11755,66.4003,69.42622,69.31089,76.40026,71.06335,68.0147,74.8131,72.42237,71.69379,74.24284,72.06941,72.91776,68.15424,61.68468,59.20304,64.4748,57.28001,56.51548,49.72927,47.67599,43.73786,41.4367,38.20995,36.49658,34.52535,52.34501,53.2635,53.00943,50.77401,56.46238,49.98,47.75982,52.61179,49.36598,46.27094,44.04543,47.51842,45.04442,47.51842,40.80441,34.43835,34.0,32.64966,33.97058,27.65863,24.75884,26.92582,22.47221,20.61553,21.09502,24.73863,25.07987,25.4951,25.55386,28.42534,31.241,35.4683,31.89044,34.1321,36.40055,36.61967,38.01316,41.10961,38.83298,48.25971,47.41308,46.87217,52.83938,54.08327,56.93856,55.22681,59.03389,60.959,63.82006,65.19202,71.02816,71.02816,71.34424,61.40033,72.89719,78.29432,64.00781
8.544,8.94427,8.06226,8.06226,8.06226,7.2111,7.07107,6.40312,7.2111,6.7082,6.7082,7.28011,7.28011,7.07107,8.06226,8.0,8.0,8.0,9.05539,9.05539,9.05539,10.19804,10.19804,11.40175,11.40175,12.64911,13.34166,13.34166,14.56022,14.31782,13.34166,15.13275,14.14214,14.14214,14.03567,14.03567,14.0,13.0,13.0,12.04159,12.04159,11.18034,11.18034,10.19804,10.19804,9.48683,8.544,8.94427,8.544,7.61577,7.2111,5.83095,64.0,57.0,57.31492,51.47815,50.63596,49.0306,49.72927,44.27189,41.10961,38.01316,38.94868,38.60052,39.82462,33.94113,35.80503,34.66987,39.92493,37.0,40.26164,43.68066,47.07441,42.29657,47.01064,48.01042,47.01064,53.03772,55.22681,61.0,62.36986,63.15061,63.15061,69.46222,66.61081,73.5527,70.85901,78.16009,82.02439,77.02597,77.02597,73.10951,72.24957,74.33034,72.56032,71.84706,63.95311,60.87693,63.60031,56.921,58.5235,55.02727,52.80152,49.24429,46.32494,41.34005,40.22437,39.82462,36.76955,57.68882,57.69749,58.82176,56.32051,56.29387,56.56854,53.03772,50.03998,52.15362,45.39824,50.9902,46.69047,45.88028,43.65776,36.05551,37.53665,34.05877,34.65545,32.55764,26.92582,24.35159,24.02082,25.01999,19.10497,18.68154,22.84732,25.6125,23.34524,22.36068,28.23119,25.29822,32.57299,30.36445,33.95585,34.71311,37.48333,38.63936,39.45884,43.56604,47.29693,46.38965,51.78803,54.33231,51.62364,50.80354,65.37584,60.40695,58.30952,63.50591,68.35934,70.5762,70.03571,74.16873,67.26812,72.33948,71.34424,69.06519
10.81665,10.29563,9.84886,8.544,8.544,8.544,8.24621,8.06226,8.06226,7.07107,8.0,7.28011,7.28011,7.61577,7.61577,8.94427,8.60233,8.60233,9.21954,10.0,10.63015,10.63015,11.31371,11.40175,12.80625,12.80625,12.80625,14.21267,14.21267,15.0,13.45362,14.86607,15.55635,14.14214,14.86607,14.21267,14.21267,13.60147,13.60147,13.0384,13.0384,12.52996,12.52996,11.18034,11.18034,9.84886,9.48683,9.21954,9.21954,8.24621,8.0,7.0,67.00746,58.5235,58.13777,55.47071,48.75449,49.39636,46.17359,48.33218,39.56008,41.10961,37.05401,33.01515,39.31921,37.65634,33.73426,37.94733,40.31129,36.05551,36.35932,43.26662,44.59821,46.69047,41.04875,46.09772,46.61545,53.60037,57.24509,58.13777,60.90156,62.6099,59.03389,69.11584,66.37017,65.30697,68.47627,68.26419,75.29276,74.33034,80.91971,68.76772,71.21798,71.50524,74.41102,72.86288,63.03174,65.29931,63.60031,61.84658,54.6443,51.61395,48.82622,48.30114,49.76947,47.75982,40.8534,35.44009,34.36568,56.0,56.29387,59.66574,57.56735,54.626,51.47815,51.88449,53.82379,55.80323,53.07542,48.27007,45.80393,46.09772,41.88078,40.71855,37.94733,35.4683,30.14963,29.06888,28.01785,27.65863,23.76973,21.63331,21.47091,24.08319,21.26029,19.23538,20.02498,23.02173,25.07987,27.29469,26.92582,31.62278,27.45906,31.01612,35.8469,38.07887,43.46263,46.8188,46.61545,50.32892,48.75449,51.47815,54.23099,55.9017,56.4358,55.07268,64.41273,66.21178,64.41273,70.21396,67.62396,70.3278,70.23532,72.00694,68.7968,73.78347
8.544,8.24621,8.06226,7.07107,7.0,6.0,6.32456,6.08276,5.38516,5.83095,5.83095,5.0,5.65685,5.83095,6.40312,6.7082,6.7082,6.7082,7.28011,8.24621,8.24621,9.05539,9.05539,10.04988,11.04536,10.04988,11.04536,13.0384,12.04159,13.0384,12.04159,13.15295,13.15295,12.16553,13.15295,13.34166,12.64911,11.7047,11.7047,10.77033,11.18034,11.18034,10.29563,8.94427,9.43398,8.60233,8.60233,7.81025,7.07107,6.40312,6.40312,5.83095,54.70832,56.30275,58.24088,44.14748,49.72927,44.55334,39.31921,38.0,31.06445,37.21559,36.67424,31.38471,33.24154,29.54657,34.66987,32.64966,33.30165,29.0,37.20215,35.8469,43.38202,39.81206,40.79216,46.09772,48.05206,54.12024,51.35173,57.00877,57.42822,60.67125,57.21888,68.11755,63.1981,73.0,65.00769,69.46222,73.68175,70.45566,75.9276,70.61161,68.44706,68.41053,69.92138,68.41053,65.14599,63.24555,57.93962,62.64982,54.12947,55.9464,51.62364,47.70744,43.56604,43.01163,46.75468,38.41875,37.21559,50.96077,53.48832,51.47815,55.03635,52.15362,53.8145,48.16638,50.93133,47.01064,48.25971,48.75449,45.27693,50.08992,51.62364,46.17359,42.95346,41.7732,34.0147,38.47077,33.73426,31.01612,28.17801,23.85372,27.58623,31.1127,31.40064,24.33105,30.36445,26.4764,31.06445,31.0,34.05877,34.71311,36.87818,34.20526,41.97618,38.27532,43.68066,44.38468,48.76474,45.22168,51.62364,55.36244,52.92447,54.78138,58.59181,56.30275,57.87055,62.29767,66.7308,64.51356,68.35203,64.19502,65.52099,72.23573,68.00735,62.64982
9.43398,8.94427,7.61577,7.61577,7.28011,7.07107,7.0,7.0,7.0,6.08276,7.07107,7.28011,7.2111,7.2111,7.2111,7.81025,8.48528,7.81025,8.60233,9.21954,9.43398,9.43398,10.29563,11.18034,11.18034,12.08305,13.0,13.41641,14.31782,13.41641,13.41641,13.89244,13.89244,13.89244,13.89244,13.60147,13.60147,13.45362,12.80625,12.80625,12.72792,12.04159,11.31371,11.31371,10.63015,9.21954,10.0,9.43398,8.94427,8.06226,7.61577,7.28011,59.07622,53.82379,52.00961,47.42362,54.03702,46.8615,45.27693,41.86884,40.49691,34.88553,34.78505,37.48333,33.37664,35.0,34.1321,31.32092,36.40055,36.05551,35.34119,37.58989,40.22437,40.45986,39.62323,46.75468,45.45327,51.22499,50.44799,54.20332,57.80138,62.68174,61.05735,67.1193,68.8186,64.89992,68.24222,75.80237,71.61006,77.10383,73.00685,73.87828,73.59348,70.76722,70.71068,68.593,66.52819,61.6198,60.20797,61.6198,55.47071,52.15362,50.21952,51.0,47.50789,44.77723,44.94441,39.05125,39.31921,53.8145,54.08327,56.0803,55.9017,54.78138,50.96077,48.05206,51.62364,55.57877,54.33231,51.62364,48.6621,50.48762,48.83646,44.01136,42.95346,38.91015,40.81666,36.40055,33.94113,31.62278,34.1321,31.32092,27.85678,29.06888,30.26549,28.44293,29.73214,26.0,32.31099,29.83287,31.06445,36.06938,33.30165,36.12478,43.18565,40.36087,41.7732,43.18565,47.63402,47.01064,59.46427,55.44367,57.42822,57.00877,51.08816,57.62812,58.60034,62.62587,62.20129,64.2028,64.3506,73.00685,67.62396,68.11755,70.0,69.02898
8.06226,7.81025,8.48528,7.81025,7.07107,6.40312,6.7082,6.7082,6.7082,6.32456,6.32456,7.07107,6.0,7.0,7.0,7.07107,7.28011,7.28011,7.61577,8.544,8.544,8.94427,8.94427,10.29563,10.29563,11.6619,11.6619,12.52996,12.52996,12.52996,12.08305,13.41641,12.08305,12.08305,13.0,12.64911,12.36932,11.18034,11.18034,10.19804,10.19804,11.04536,9.05539,9.05539,9.0,8.0,8.0,7.07107,7.07107,6.32456,6.32456,5.0,57.24509,55.47071,50.47772,53.33854,52.15362,45.0,46.8615,43.86342,41.03657,37.80212,36.05551,36.89173,40.31129,39.0,32.57299,35.51056,40.0125,39.01282,38.0526,42.04759,43.68066,44.72136,42.37924,42.72002,46.8188,53.31041,55.03635,55.07268,58.59181,60.53924,61.77378,64.88451,65.76473,64.84597,65.73431,68.02941,66.18912,73.1642,70.5195,70.5195,69.92138,66.94027,68.06614,61.66036,57.31492,65.9242,54.45181,57.14018,52.15362,48.04165,45.17743,47.16991,41.59327,42.72002,38.62642,39.29377,33.12099,48.30114,43.82921,50.32892,47.50789,50.80354,45.65085,44.29447,45.31004,45.54119,46.32494,44.55334,37.65634,45.0,43.18565,34.71311,32.98485,32.31099,33.12099,32.20248,29.69848,31.06445,32.24903,28.4605,31.62278,29.0,31.01612,27.20294,30.36445,30.46309,37.16181,33.28663,35.22783,35.60899,38.18377,46.75468,39.69887,46.66905,42.63801,50.60632,47.38143,53.2635,56.72742,55.21775,61.7171,59.40539,53.60037,59.64059,62.62587,67.00746,66.61081,70.21396,68.24222,72.71864,67.23095,72.11103,68.60029,72.94518
10.0,9.21954,9.89949,9.21954,8.48528,7.81025,8.06226,8.06226,7.61577,7.28011,7.28011,8.24621,8.06226,8.0,8.0,9.05539,9.05539,9.05539,9.21954,9.21954,9.21954,9.48683,10.44031,11.7047,11.7047,11.7047,12.08305,13.0,13.92839,13.92839,13.60147,13.60147,13.60147,13.34166,13.34166,13.15295,13.15295,12.04159,12.04159,11.0,11.0,11.0,10.04988,10.04988,9.05539,8.06226,8.24621,8.24621,7.61577,7.61577,6.7082,5.83095,63.63175,67.08204,58.5235,53.00943,51.0392,46.75468,46.69047,47.38143,48.10405,43.27817,43.01163,38.07887,38.01316,40.49691,41.0,39.45884,45.12206,40.11234,40.0,43.28972,50.80354,51.62364,48.37355,49.72927,50.92151,54.70832,56.921,53.22593,58.69412,60.92618,63.07139,67.1193,60.92618,70.5762,68.02941,73.68175,73.1642,73.68175,73.97973,71.38627,72.27724,69.87131,62.514,64.93843,61.29437,63.3877,62.1289,56.0357,52.08647,49.25444,49.64877,47.26521,44.14748,44.01136,38.60052,34.88553,33.6006,46.17359,48.02083,48.60041,46.2277,48.79549,50.60632,47.70744,45.65085,44.01136,43.08132,43.68066,45.89118,45.39824,36.34556,35.35534,35.51056,37.10795,34.53983,29.41088,29.83287,31.82766,30.41381,31.62278,26.68333,34.1321,29.01724,35.51056,33.54102,30.67572,37.57659,35.77709,43.18565,39.59798,39.69887,44.55334,45.34314,48.08326,50.9902,46.69047,58.25805,57.2014,61.55485,61.22091,58.79626,57.48913,70.21396,63.00794,62.96825,69.63476,67.80118,74.63243,72.8011,76.27582,70.21396,78.54935,77.52419,68.26419
11.18034,9.84886,9.84886,9.84886,9.48683,8.544,8.06226,8.24621,8.06226,8.0,8.06226,8.24621,8.24621,8.24621,8.24621,8.94427,8.06226,8.06226,8.60233,8.60233,8.60233,9.89949,9.21954,9.89949,11.31371,11.40175,12.04159,12.04159,12.04159,13.45362,12.72792,12.80625,13.45362,12.80625,12.80625,12.20656,12.20656,11.6619,11.6619,11.18034,11.18034,11.18034,10.77033,9.84886,9.48683,9.21954,9.21954,9.05539,8.06226,7.0,7.0,6.08276,69.02898,60.21628,55.80323,58.00862,56.61272,50.77401,46.51881,50.92151,42.95346,43.46263,47.53946,37.48333,44.28318,41.0,38.0526,38.32754,46.32494,42.37924,43.9659,43.38202,41.67733,44.41846,39.11521,49.64877,47.63402,53.60037,52.40229,53.03772,57.98276,63.03174,60.10824,62.96825,60.10824,67.26812,65.05382,68.88396,68.11755,68.62215,68.41053,67.00746,65.0,73.81734,61.40033,66.03787,63.06346,65.30697,57.38467,54.23099,51.24451,53.60037,48.08326,44.55334,42.42641,42.0,41.04875,36.12478,37.85499,50.24938,48.37355,49.81967,47.12749,46.09772,48.76474,49.09175,45.80393,43.93177,44.55334,40.0,37.73592,39.82462,39.56008,36.13862,31.40064,33.01515,32.55764,28.79236,28.17801,31.76476,30.4795,28.3196,31.62278,27.51363,31.01612,30.41381,36.0,35.0571,37.21559,35.90265,44.14748,40.80441,41.78516,46.51881,43.82921,43.86342,50.9902,57.69749,60.41523,61.29437,52.83938,62.17717,68.8767,62.64982,66.85058,68.26419,68.96376,70.49113,76.66159,75.47185,76.32169,80.1561,69.63476,75.21303,76.02631,74.4043
9.84886,9.43398,8.60233,9.21954,7.81025,7.07107,7.81025,7.81025,7.2111,7.61577,6.7082,7.28011,7.28011,7.07107,7.07107,8.0,8.06226,7.0,8.06226,8.06226,8.24621,9.48683,9.21954,10.44031,10.44031,10.77033,11.7047,12.64911,12.64911,12.64911,12.36932,12.36932,12.36932,12.16553,13.15295,12.16553,12.04159,12.0,11.0,11.04536,11.04536,10.19804,10.19804,9.21954,9.21954,8.24621,8.544,7.61577,6.7082,6.7082,6.40312,5.65685,60.40695,65.9242,59.05929,60.37384,54.58938,55.07268,47.43416,46.09772,44.20407,45.27693,39.82462,38.41875,39.44617,42.48529,40.81666,40.8534,40.4475,41.23106,37.33631,44.55334,44.04543,43.01163,47.38143,45.54119,44.64303,49.24429,54.34151,58.94065,60.08328,63.69458,59.13544,61.03278,64.19502,65.78754,61.84658,68.15424,71.56815,70.0928,69.05071,67.74216,70.45566,70.06426,67.00746,64.07027,62.0,61.0082,59.13544,57.70615,51.62364,50.63596,47.80167,49.72927,43.32436,41.62932,39.66106,33.6006,31.89044,47.12749,46.52956,46.64762,45.0,44.59821,45.25483,41.03657,39.96248,44.94441,41.62932,42.44997,37.33631,38.32754,39.01282,33.01515,30.80584,28.16026,25.63201,26.40076,22.67157,24.41311,24.59675,26.92582,26.1725,27.16616,29.61419,28.6531,29.41088,29.68164,33.6006,36.06938,43.18565,41.7732,43.41659,49.40648,48.27007,48.25971,50.60632,50.60632,57.98276,52.69725,61.58734,56.93856,64.14047,62.76942,64.49806,66.88797,71.84706,68.7968,70.71068,72.44998,76.05919,78.29432,76.94154,73.34848,74.46476,74.24958
10.04988,9.05539,9.0,9.0,8.0,8.06226,7.07107,7.28011,7.28011,6.7082,6.7082,7.2111,7.2111,6.40312,7.07107,7.81025,7.2111,7.2111,8.06226,8.06226,7.61577,8.544,9.48683,10.44031,10.44031,10.44031,11.40175,12.36932,12.36932,12.36932,11.7047,12.08305,13.0,12.08305,12.08305,12.52996,11.6619,11.40175,10.81665,10.0,10.63015,10.63015,9.89949,9.21954,9.21954,7.81025,8.60233,7.2111,6.7082,6.7082,6.32456,6.08276,63.15853,58.30952,63.56099,54.57105,57.27128,50.80354,48.50773,48.25971,37.33631,43.01163,41.97618,40.02499,46.57252,42.05948,41.14608,41.04875,40.80441,38.8973,38.8973,45.45327,44.04543,43.18565,44.10215,44.72136,46.09772,49.39636,52.80152,57.56735,53.16014,59.80803,59.48109,66.12866,64.40497,65.0,65.80274,71.11259,70.66116,72.44998,70.83078,68.09552,70.83078,68.50547,66.88797,71.61006,57.62812,66.52819,58.69412,58.69412,51.66237,49.57822,49.92995,52.43091,47.88528,44.72136,42.04759,37.33631,30.80584,45.79301,46.23851,48.50773,44.64303,45.54119,45.04442,40.04997,41.4367,41.59327,39.29377,35.34119,29.96665,37.21559,33.01515,29.73214,27.58623,25.0,22.36068,20.59126,21.2132,19.31321,21.18962,18.78829,20.61553,24.20744,23.32381,27.20294,29.06888,27.16616,34.23449,32.06244,37.48333,39.11521,41.4367,44.40721,44.91102,46.87217,50.01,48.05206,54.57105,58.54912,60.20797,61.39218,60.41523,62.58594,67.08204,67.68309,65.11528,66.70832,72.53275,71.58911,77.12976,77.20104,73.08215,75.43209,75.43209,71.56815
9.48683,8.544,8.544,7.61577,8.06226,7.2111,7.81025,7.07107,7.07107,7.2111,7.2111,7.61577,7.61577,7.28011,7.28011,8.24621,8.06226,8.06226,9.0,9.0,9.05539,10.04988,10.04988,11.18034,11.18034,12.16553,12.36932,13.34166,13.34166,13.34166,13.15295,14.14214,14.14214,13.15295,13.0384,14.0,13.0,13.0384,12.04159,12.04159,12.16553,11.18034,11.18034,10.19804,10.19804,9.21954,9.48683,8.544,7.61577,8.06226,7.2111,6.40312,60.0,59.03389,58.30952,51.97115,47.80167,47.29693,46.32494,46.09772,45.18849,40.71855,43.60046,41.86884,46.01087,41.04875,39.40812,42.48529,42.48529,39.92493,44.27189,41.23106,42.29657,45.39824,45.17743,46.17359,51.0392,52.34501,52.61179,61.52235,60.40695,64.53681,63.34824,66.75328,68.593,73.1642,73.97973,76.32169,70.85901,76.41989,72.11103,73.00685,76.10519,76.00658,74.43118,70.34913,66.91039,66.48308,61.39218,61.18823,57.87055,53.16014,55.65968,51.07837,48.70318,44.28318,40.81666,41.40048,36.87818,50.24938,50.08992,49.98,47.12749,48.27007,50.08992,46.27094,46.09772,48.16638,42.42641,45.22168,41.48494,35.1141,33.61547,33.28663,29.20616,28.6007,26.40076,22.36068,20.12461,18.02776,22.09072,19.41649,19.41649,20.61553,25.0,24.18677,25.94224,29.12044,27.89265,28.63564,33.37664,34.0147,39.01282,41.04875,42.0119,41.04875,48.09366,46.0,55.00909,52.00961,51.08816,59.21149,56.0357,55.14526,60.53098,62.1289,61.13101,61.03278,66.18912,68.18358,66.61081,72.06247,70.25667,73.24616,71.25307,74.24284
9.21954,8.544,8.06226,8.06226,8.06226,6.7082,7.2111,6.40312,6.40312,6.40312,6.40312,6.7082,7.61577,7.28011,7.28011,7.07107,8.06226,8.0,8.0,8.06226,9.05539,9.05539,10.04988,11.18034,11.18034,11.40175,12.36932,12.36932,13.34166,13.34166,13.15295,13.15295,13.15295,13.15295,13.0384,13.0,13.0,13.0384,12.04159,12.04159,11.18034,11.18034,10.19804,10.44031,9.48683,9.48683,8.544,8.06226,7.2111,7.2111,7.07107,5.65685,61.03278,58.0,51.24451,50.24938,53.60037,47.67599,44.91102,40.5216,39.0,40.31129,41.34005,38.58756,41.10961,38.41875,38.94868,39.69887,40.49691,41.34005,40.24922,43.38202,46.57252,44.92215,40.4475,49.0408,45.0,57.07889,55.00909,56.14268,63.00794,65.27634,63.00794,64.07027,71.0,68.26419,69.46222,72.06247,75.0,75.02666,69.02898,72.1734,73.24616,67.74216,72.27724,73.24616,61.84658,65.0,57.24509,64.2573,55.15433,52.92447,51.62364,47.92703,44.94441,43.86342,42.0119,38.20995,35.0,46.95743,46.48656,49.0306,44.72136,49.09175,44.01136,43.18565,40.79216,42.44997,39.29377,40.31129,38.91015,40.31129,40.49691,32.55764,30.80584,26.62705,25.80698,23.4094,21.84033,20.09975,25.70992,18.02776,20.80865,25.6125,23.60085,28.63564,24.69818,29.61419,31.32092,33.06055,37.21559,36.05551,37.01351,40.0125,44.04543,43.01163,47.16991,43.0,50.03998,53.08484,56.0357,58.30952,58.07753,56.00893,65.06919,58.03447,59.0,63.03174,69.0,69.00725,69.02898,71.17584,65.12296,68.0,66.00758,72.02777
10.04988,10.0,9.05539,10.04988,9.05539,8.24621,9.48683,7.61577,8.06226,8.06226,8.06226,8.48528,8.48528,9.21954,7.81025,8.60233,9.43398,9.43398,9.84886,9.84886,9.48683,10.44031,10.44031,12.36932,11.40175,12.36932,13.34166,14.31782,14.31782,14.31782,14.31782,14.56022,14.31782,14.56022,14.56022,13.92839,15.23155,13.41641,13.41641,12.52996,13.0384,12.52996,12.20656,10.81665,11.40175,10.0,10.63015,9.89949,9.21954,8.60233,8.06226,7.61577,66.48308,61.13101,56.08921,55.08176,53.60037,45.04442,48.04165,45.17743,45.12206,43.73786,42.72002,40.8534,43.65776,42.05948,40.70626,40.45986,44.59821,39.82462,38.60052,45.17743,46.06517,51.42956,44.94441,48.8467,49.33559,57.28001,55.54278,62.96825,58.46366,61.98387,68.24954,73.34848,69.2315,72.00694,73.82412,73.1642,77.87811,75.9276,78.74643,74.33034,76.2168,76.92204,70.21396,71.58911,67.97794,70.71068,55.56978,66.57327,54.6443,55.56978,52.63079,50.9902,51.62364,48.27007,46.2277,40.0,40.70626,47.67599,46.04346,50.01,50.35871,51.92302,49.39636,45.61798,47.92703,46.51881,50.32892,39.82462,37.53665,39.05125,40.22437,35.51056,34.9285,34.17601,31.04835,26.30589,25.17936,26.0,24.04163,23.02173,25.0,23.34524,23.32381,22.84732,28.44293,29.42788,33.06055,33.24154,33.24154,35.51056,36.49658,41.19466,43.28972,43.41659,46.57252,50.0,53.60037,50.21952,60.16644,53.85165,58.24946,53.60037,62.29767,60.44005,65.49046,61.18823,70.88018,68.65858,73.75636,68.24954,68.65858,77.88453,68.65858,68.88396
10.63015,9.89949,10.0,10.0,10.81665,8.06226,8.94427,8.544,8.544,8.06226,8.24621,8.06226,9.0,9.05539,9.05539,9.21954,9.21954,9.48683,8.544,9.84886,9.84886,10.29563,10.29563,11.40175,12.20656,12.20656,13.60147,13.89244,14.42221,13.60147,14.42221,14.76482,15.26434,13.89244,14.76482,14.31782,14.31782,13.92839,13.0,12.64911,13.34166,12.36932,12.36932,11.18034,11.04536,10.04988,10.04988,9.0,9.05539,9.05539,8.24621,7.28011,58.18075,54.12947,54.12947,51.31277,56.0803,43.56604,46.8615,42.44997,42.52058,39.05125,42.80187,38.27532,39.81206,36.40055,40.49691,38.63936,43.10452,42.04759,41.01219,48.6621,46.69047,42.95346,44.92215,46.8188,51.62364,59.05929,54.12024,58.83026,56.35601,60.53924,65.36819,65.51336,70.66116,72.00694,70.17834,70.68239,74.32362,76.02631,76.55064,70.5762,72.44998,70.83784,68.68042,66.09841,64.7611,63.50591,64.62971,60.20797,55.14526,54.14795,51.0,51.0098,47.26521,47.16991,39.56008,43.01163,38.07887,47.42362,44.94441,44.29447,43.46263,47.75982,43.93177,38.83298,42.04759,48.16638,46.01087,42.29657,40.31129,41.48494,33.52611,32.64966,27.78489,28.30194,31.241,28.3196,29.52965,26.0,22.80351,28.01785,29.0,26.24881,25.4951,25.80698,27.01851,29.83287,32.01562,27.29469,32.64966,32.20248,37.33631,39.0,38.27532,39.81206,41.14608,45.61798,50.9902,48.10405,56.30275,53.14132,57.27128,49.64877,59.09315,52.80152,59.23681,59.5063,65.0,61.29437,65.29931,66.30988,66.30988,72.91776,70.66116,66.21178
10.0,9.21954,9.21954,8.48528,8.60233,7.81025,8.06226,7.61577,7.61577,7.28011,7.28011,7.0,7.0,7.07107,7.07107,8.24621,7.28011,8.544,7.61577,8.94427,8.06226,9.43398,9.43398,10.81665,11.40175,10.81665,12.04159,12.80625,12.80625,12.80625,13.60147,13.60147,13.60147,13.89244,13.89244,13.41641,13.41641,12.64911,11.7047,11.7047,11.40175,11.40175,11.40175,9.21954,10.04988,9.05539,9.05539,9.0,8.06226,7.28011,7.28011,6.32456,63.52952,55.4617,58.5235,49.64877,54.91812,49.0408,49.81967,52.20153,41.7732,40.0,41.6173,40.24922,42.94182,41.78516,39.29377,43.41659,42.29657,43.0,40.0125,44.55334,50.01,45.89118,45.54119,49.0408,49.0408,55.36244,55.03635,55.56978,57.69749,66.37017,65.30697,68.96376,69.35416,71.58911,71.86793,73.00685,73.40981,77.16217,77.49194,72.42237,75.27284,72.42237,71.80529,77.20104,70.21396,66.09841,63.50591,62.20129,57.21888,53.0,51.24451,47.38143,48.6621,47.85394,46.09772,41.62932,34.0147,50.80354,48.08326,49.57822,48.41487,46.87217,42.95346,41.76123,45.88028,47.29693,43.93177,37.21559,38.11824,39.01282,34.36568,30.80584,32.89377,31.76476,28.42534,24.75884,22.02272,22.80351,23.32381,24.73863,24.33105,20.39608,23.08679,25.4951,24.83948,26.40076,29.06888,30.0,34.20526,36.23534,39.84972,40.24922,41.18252,44.41846,47.41308,48.37355,51.88449,50.15974,52.3259,55.4617,57.27128,56.35601,58.30952,57.24509,61.29437,64.88451,68.60029,62.26556,69.89278,69.77822,72.89719,77.36924,70.66116,67.1193
9.0,9.05539,8.24621,8.24621,7.28011,7.28011,6.7082,6.7082,6.7082,6.40312,6.40312,6.40312,7.2111,6.7082,6.7082,7.61577,7.28011,7.28011,8.06226,9.05539,9.05539,10.0,9.0,10.0,11.0,11.04536,12.04159,12.04159,14.03567,13.0384,13.0,13.0,13.0,13.0,13.0384,12.04159,13.15295,12.36932,11.40175,11.40175,11.40175,11.40175,10.77033,9.48683,8.94427,8.544,8.94427,8.06226,7.2111,6.40312,7.07107,6.40312,61.46544,54.70832,59.5399,51.66237,51.08816,50.08992,41.10961,44.01136,41.04875,39.31921,39.29377,34.71311,41.4367,34.48188,37.57659,36.06938,40.31129,37.53665,41.7732,44.04543,50.24938,42.54409,43.86342,48.8467,46.8188,52.39275,51.24451,61.52235,55.31727,66.75328,63.3877,70.0928,68.44706,67.46851,69.46222,76.24303,75.96052,75.96052,70.2282,70.2282,68.00735,70.00714,65.79514,64.4748,65.36819,61.77378,56.60389,61.03278,57.42822,52.49762,53.03772,48.79549,47.63402,45.0,40.81666,39.66106,36.76955,47.53946,47.38143,43.04649,49.16299,45.70558,42.95346,43.01163,40.31129,41.23106,41.14608,40.80441,34.4093,39.59798,34.71311,32.20248,27.29469,26.41969,21.58703,24.5153,22.36068,23.5372,24.18677,19.84943,21.40093,24.41311,20.59126,23.02173,25.0,24.18677,32.06244,31.257,33.24154,34.23449,32.75668,37.64306,43.65776,41.10961,46.8188,44.64303,48.05206,49.64877,55.02727,54.81788,56.30275,60.72891,52.20153,61.68468,62.36986,61.03278,65.73431,63.06346,68.96376,70.21396,66.09841,73.4983,70.83784,65.80274
9.84886,8.94427,8.60233,9.21954,9.21954,7.81025,8.48528,7.81025,7.81025,7.2111,8.06226,7.61577,8.544,8.24621,8.24621,9.0,8.0,8.0,9.0,9.05539,10.19804,10.19804,10.19804,10.44031,11.40175,11.7047,12.64911,13.60147,12.64911,13.92839,13.60147,13.60147,13.60147,13.34166,13.60147,14.14214,13.15295,13.0384,12.0,12.0,12.0,12.04159,11.04536,11.04536,10.04988,9.21954,10.19804,9.21954,8.544,7.61577,8.06226,7.2111,61.66036,61.39218,58.18935,52.49762,49.76947,47.53946,45.18849,46.14109,45.80393,46.04346,38.18377,36.06938,39.69887,38.83298,38.01316,39.21734,45.60702,39.11521,39.11521,40.4475,47.0,46.0,42.75512,48.27007,50.28916,53.46027,53.16014,61.09828,59.48109,58.69412,63.56886,66.85058,64.84597,70.68239,68.942,72.42237,73.68175,74.63243,75.43209,71.8401,71.06335,70.45566,73.97973,68.593,66.00758,62.20129,64.0,61.03278,58.03447,56.32051,51.35173,50.44799,48.76474,44.38468,38.62642,41.59327,35.80503,50.20956,51.61395,48.33218,49.98,52.20153,50.28916,47.67599,49.36598,48.09366,43.01163,45.17743,42.19005,43.56604,39.0,35.8469,31.40064,34.20526,27.80288,25.4951,22.82542,26.4764,23.08679,21.09502,22.80351,24.59675,23.85372,26.1725,24.69818,29.52965,37.20215,33.61547,37.64306,33.83785,40.16217,43.17407,43.41659,48.08326,46.09772,52.63079,54.34151,56.29387,60.16644,54.45181,60.01666,60.87693,68.00735,61.40033,63.24555,67.26812,69.857,69.64194,72.53275,72.03471,72.03471,72.27724,75.80237,73.82412
10.29563,9.43398,7.81025,9.21954,7.81025,7.07107,7.81025,7.2111,7.2111,6.7082,7.61577,7.28011,7.07107,6.08276,7.07107,7.0,7.0,7.07107,7.28011,8.24621,7.61577,8.544,8.544,8.94427,9.84886,10.29563,10.29563,11.18034,12.52996,12.08305,12.08305,12.08305,12.08305,11.18034,11.7047,11.40175,11.18034,11.18034,10.04988,11.04536,10.04988,10.04988,9.0,9.0,9.0,8.06226,8.06226,8.24621,7.28011,6.7082,6.7082,5.83095,65.30697,62.36986,61.68468,51.5461,57.38467,50.92151,52.7731,41.14608,48.02083,39.20459,39.05125,38.60052,45.45327,37.01351,37.12142,44.59821,39.56008,41.0,43.68066,44.10215,47.09565,45.04442,45.54119,48.27007,46.09772,54.12947,54.34151,54.08327,61.18823,60.08328,58.69412,64.84597,65.45991,65.45991,68.68042,70.40597,69.37579,70.83078,69.42622,70.40597,66.75328,67.1193,67.00746,67.02984,60.00833,63.03174,56.88585,59.4138,50.48762,56.51548,52.20153,43.9659,43.65776,43.32436,38.47077,38.27532,35.35534,51.62364,45.60702,50.77401,50.53712,51.89412,49.24429,45.89118,44.18144,51.08816,46.01087,42.95346,42.2019,42.57934,40.16217,36.71512,37.20215,35.35534,35.0,31.62278,29.06888,28.16026,30.06659,29.0,23.5372,30.46309,33.61547,32.44996,34.82815,32.01562,39.20459,38.83298,39.81206,44.38468,43.909,46.09772,48.46648,51.89412,52.7731,49.98,53.85165,57.56735,62.62587,59.77458,66.94027,62.29767,70.26379,66.85058,67.41662,74.04053,77.20104,69.63476,72.61543,71.47027,74.46476,82.2253,73.97973,76.53757
10.63015,10.0,10.0,10.81665,8.94427,8.544,8.544,7.28011,8.24621,8.06226,8.06226,8.0,8.0,8.06226,8.06226,8.24621,8.544,7.61577,8.94427,8.94427,8.94427,9.43398,10.0,10.0,11.40175,11.40175,12.80625,12.80625,12.80625,12.80625,13.0384,13.0384,12.20656,13.0384,13.41641,12.52996,12.08305,11.7047,11.7047,11.40175,11.18034,11.18034,10.19804,10.19804,10.04988,10.04988,9.0,8.06226,7.07107,7.28011,7.28011,6.7082,64.3506,61.61169,64.66065,52.80152,54.03702,53.07542,51.85557,46.04346,41.23106,44.65423,43.04649,41.10961,38.07887,36.87818,35.17101,33.73426,39.01282,42.0119,37.21559,43.28972,45.70558,41.0,45.18849,43.65776,45.18849,53.22593,48.75449,50.08992,54.12024,58.00862,56.4358,66.03787,59.5399,65.51336,60.53924,65.79514,67.53518,67.62396,67.06713,68.94926,68.00735,65.14599,61.61169,64.7611,58.54912,58.42089,56.0803,54.00926,51.08816,48.04165,46.38965,44.91102,40.02499,39.21734,39.21734,33.12099,29.15476,47.53946,47.16991,48.25971,47.20169,43.86342,46.75468,45.34314,43.01163,44.40721,46.14109,44.94441,42.37924,43.56604,44.01136,39.0,35.12834,34.48188,35.8469,32.24903,29.20616,31.14482,37.20215,28.6531,31.38471,35.22783,28.07134,31.257,32.24903,37.10795,36.05551,33.54102,40.70626,39.11521,40.81666,47.80167,48.41487,47.20169,49.67897,48.82622,56.22277,55.86591,55.22681,60.10824,60.1415,58.89822,63.65532,63.65532,65.8559,69.42622,69.31089,69.31089,77.07788,78.1025,69.52697,72.47068,77.00649,73.81734
10.44031,9.21954,9.05539,9.05539,8.0,8.0,7.07107,7.07107,7.07107,6.32456,7.28011,7.61577,7.2111,6.40312,6.40312,7.81025,7.81025,7.81025,7.2111,8.06226,8.06226,8.94427,8.94427,9.84886,10.77033,9.84886,11.7047,12.08305,12.08305,13.0,12.08305,12.52996,12.52996,11.6619,12.20656,12.20656,12.20656,12.04159,10.63015,9.89949,10.63015,9.21954,10.0,9.21954,8.60233,8.06226,7.61577,7.61577,7.28011,6.08276,6.08276,5.0,67.26812,56.51548,56.22277,53.75872,58.00862,53.00943,49.09175,48.0,41.0,44.14748,43.65776,44.01136,39.82462,39.35734,39.66106,43.86342,41.7732,42.42641,40.31129,43.41659,43.38202,43.82921,44.29447,45.69464,44.77723,50.0,52.81098,53.75872,54.57105,61.39218,58.0517,64.53681,65.30697,71.06335,68.88396,71.56815,67.6757,70.5195,73.38937,66.21178,68.54196,65.30697,68.88396,62.96825,61.85467,59.36329,54.40588,58.00862,51.40039,47.42362,45.25483,44.55334,44.59821,39.44617,34.98571,34.9285,31.62278,50.69517,46.17359,46.17359,45.17743,45.04442,47.38143,43.73786,42.72002,46.23851,43.26662,40.49691,40.22437,42.80187,41.10961,34.4093,34.0,34.4093,29.42788,28.07134,32.14032,31.14482,32.89377,28.30194,29.68164,33.97058,33.30165,33.61547,35.8469,38.60052,38.83298,36.13862,38.32754,38.63936,44.28318,49.25444,47.09565,47.01064,53.08484,54.23099,60.03332,58.03447,65.06919,63.28507,61.0,61.07373,62.39391,69.18092,65.12296,69.26038,75.16648,71.25307,79.40403,81.3941,76.11833,81.61495,73.97973,79.6304
10.63015,10.63015,8.48528,9.21954,8.48528,7.81025,8.06226,7.61577,7.61577,6.32456,7.28011,7.07107,7.07107,7.0,7.0,8.06226,7.28011,7.28011,7.61577,8.544,8.544,8.06226,8.94427,10.29563,10.29563,10.81665,10.81665,11.6619,11.6619,11.6619,12.52996,12.52996,12.52996,12.08305,12.08305,11.7047,11.7047,11.40175,10.44031,10.19804,10.19804,10.04988,9.05539,9.05539,9.0,8.0,8.06226,7.07107,7.28011,6.32456,5.83095,5.83095,63.50591,65.30697,60.03332,56.61272,56.40035,52.63079,49.92995,47.50789,48.9183,47.20169,40.22437,37.58989,39.35734,38.91015,44.01136,40.79216,43.56604,39.20459,41.01219,46.01087,43.41659,44.91102,40.16217,49.72927,49.72927,51.1957,52.3259,55.00909,54.626,60.37384,62.64982,61.7171,61.26989,65.30697,66.64083,70.77429,74.0,69.28925,69.26038,71.30919,65.96969,69.05071,65.9242,63.34824,63.50591,59.68249,56.0357,59.00847,54.03702,49.0408,49.36598,44.91102,42.75512,37.36308,40.71855,31.30495,30.52868,46.2277,42.44997,48.10405,51.22499,42.19005,47.88528,45.54119,45.60702,45.35416,41.4367,40.04997,42.0119,41.04875,38.11824,34.17601,31.76476,31.90611,31.14482,28.42534,27.80288,29.06888,31.30495,33.37664,29.01724,30.41381,30.06659,34.17601,38.48376,35.22783,36.61967,38.28838,38.18377,41.01219,40.31129,49.49747,50.9902,45.34314,54.56189,55.44367,57.2014,57.68882,58.72819,58.82176,61.85467,65.21503,63.65532,64.53681,64.81512,66.61081,69.06519,74.33034,75.71658,76.844,69.33974,76.66159,75.16648,77.17513
10.29563,9.43398,9.21954,9.21954,8.48528,8.48528,8.60233,8.06226,8.06226,7.61577,8.544,8.24621,8.24621,8.06226,8.06226,9.0,9.0,9.0,9.05539,9.05539,9.21954,10.44031,10.19804,11.40175,11.40175,11.7047,12.64911,13.60147,13.60147,13.60147,13.60147,13.34166,14.31782,13.34166,13.34166,13.0384,13.0384,13.0,12.0,12.0,11.04536,11.04536,11.04536,10.04988,10.04988,9.05539,9.21954,8.24621,7.61577,7.61577,6.7082,5.83095,65.55151,58.18935,60.03332,58.13777,56.4358,50.24938,51.62364,52.20153,46.01087,46.69047,40.22437,40.60788,41.34005,41.88078,37.58989,40.80441,43.41659,41.4367,42.75512,37.21559,49.16299,46.09772,45.89118,47.67599,48.27007,55.9017,53.16014,59.48109,55.02727,63.90618,61.09828,62.96825,64.84597,72.8011,67.06713,72.53275,67.35726,70.88018,68.15424,70.83078,66.09841,69.58448,69.46222,61.13101,65.06919,61.03278,59.0,57.03508,57.55867,49.25444,49.64877,46.52956,46.84015,41.10961,39.81206,36.24914,33.6006,45.96738,48.8774,45.79301,48.8467,48.08326,48.05206,44.64303,47.51842,45.17743,43.01163,43.41659,39.29377,41.23106,38.07887,33.54102,32.44996,37.01351,30.4795,31.241,31.40064,29.54657,29.42788,27.29469,27.01851,27.45906,31.01612,33.01515,36.89173,36.12478,40.36087,34.71311,39.20459,38.41875,42.19005,44.65423,46.87217,40.31129,51.10773,51.89412,51.97115,53.7122,53.7122,55.00909,64.84597,59.5063,64.41273,64.00781,65.76473,67.1193,68.8767,70.21396,74.70609,73.34848,71.58911,74.46476,79.20227,70.77429
9.48683,9.84886,8.94427,8.94427,8.94427,8.06226,7.81025,7.81025,7.07107,7.07107,7.81025,7.2111,7.2111,7.61577,7.61577,8.24621,7.28011,8.06226,8.06226,8.0,8.06226,9.0,9.0,10.04988,10.0,10.04988,11.04536,11.04536,12.04159,12.04159,11.0,12.04159,12.0,12.04159,12.04159,11.18034,12.16553,11.18034,10.44031,10.44031,9.84886,9.84886,8.94427,8.94427,8.60233,8.06226,7.81025,7.07107,7.07107,6.40312,6.40312,5.83095,66.94027,61.98387,62.93648,56.64804,52.20153,52.81098,46.06517,51.07837,49.24429,44.10215,40.36087,38.20995,41.03657,43.93177,42.2019,38.07887,46.09772,44.38468,39.0,47.07441,48.05206,44.38468,47.16991,47.16991,48.04165,52.15362,52.03845,57.14018,59.07622,64.38167,64.28063,65.00769,66.06815,68.11755,69.18092,70.0,69.11584,67.06713,70.85901,70.45566,69.58448,66.09841,63.15061,64.28841,61.40033,59.61543,56.85948,58.18075,51.88449,49.24429,45.48626,46.32494,44.20407,40.31129,38.28838,32.20248,31.90611,47.50789,46.40043,45.22168,47.50789,45.69464,47.12749,44.92215,41.7732,45.27693,40.0125,41.04875,39.81206,39.29377,34.17601,34.88553,37.01351,37.64306,33.24154,31.06445,28.63564,33.24154,29.42788,31.06445,32.38827,28.4605,31.7805,33.54102,33.42155,31.82766,38.8973,36.40055,39.96248,39.66106,39.40812,44.41846,46.64762,49.24429,47.41308,52.39275,55.54278,56.0803,57.80138,61.26989,60.53924,60.16644,61.7414,63.15853,67.1193,64.84597,74.94665,70.38466,73.00685,75.58439,73.76313,81.60882,77.16217,69.26038
9.84886,8.94427,8.94427,9.43398,8.60233,7.81025,8.48528,7.07107,7.81025,7.2111,8.06226,7.61577,7.61577,8.544,8.24621,9.05539,9.05539,9.05539,9.05539,9.0,10.0,10.0,10.04988,11.04536,12.04159,12.04159,12.16553,13.0384,13.0384,14.03567,13.0,13.0,13.0,13.0,13.0384,13.15295,13.15295,12.16553,11.18034,11.40175,11.40175,11.40175,10.44031,9.48683,8.94427,8.06226,8.06226,7.2111,7.2111,6.40312,6.40312,5.65685,61.29437,65.49046,60.63827,51.66237,54.12024,47.43416,53.14132,48.33218,49.39636,40.70626,41.6173,43.86342,42.44997,41.10961,40.45986,38.07887,45.65085,42.04759,40.49691,47.07441,48.6621,46.52956,44.04543,50.35871,46.38965,55.14526,52.08647,60.03332,57.00877,61.29437,62.03225,69.11584,65.00769,71.34424,68.26419,70.02857,73.06162,68.06614,70.45566,66.27217,67.89698,68.44706,64.93843,64.03124,63.06346,65.14599,58.87274,61.46544,51.89412,49.73932,49.64877,50.60632,42.19005,41.23106,38.20995,36.87818,35.0,45.80393,43.41659,45.69464,49.33559,45.27693,43.41659,46.01087,42.19005,43.28972,41.30375,41.4367,36.05551,40.24922,35.8469,33.6006,35.35534,35.80503,33.10589,27.51363,28.63564,23.02173,29.15476,30.80584,27.51363,31.7805,30.23243,30.4795,34.82815,34.98571,37.58989,34.88553,42.04759,39.29377,38.62642,44.64303,45.60702,47.53946,49.39636,50.9902,53.85165,52.17279,57.27128,57.27128,60.41523,58.69412,60.53098,63.34824,65.30697,66.94027,74.52516,70.21396,72.27724,72.36712,69.63476,77.87811,71.80529,75.31268
9.89949,9.21954,9.43398,8.60233,8.06226,8.06226,7.61577,8.24621,8.24621,7.07107,8.06226,8.0,8.0,8.0,8.06226,9.21954,9.21954,8.24621,9.48683,9.48683,9.48683,9.84886,10.77033,11.18034,11.18034,11.6619,12.08305,13.0,13.0,13.0,13.0,13.60147,12.64911,12.64911,13.34166,12.36932,13.15295,12.16553,12.04159,12.04159,11.0,11.0,10.0,10.0,9.05539,9.05539,8.24621,7.28011,7.28011,6.7082,6.7082,5.83095,63.28507,64.88451,58.24946,51.22499,58.0517,52.00961,47.38143,50.24938,41.03657,42.19005,43.60046,41.18252,44.77723,40.16217,39.21734,43.18565,45.70558,41.0,45.04442,46.04346,50.01,50.35871,50.69517,45.88028,48.76474,55.08176,54.70832,60.00833,63.32456,63.95311,60.82763,67.53518,67.77905,70.68239,71.58911,68.62215,72.8011,72.8011,69.12308,73.00685,72.03471,70.21396,66.37017,67.74216,61.66036,61.03278,61.03278,56.00893,53.23533,50.08992,47.51842,50.48762,45.89118,42.05948,41.4367,36.67424,33.30165,46.66905,46.09772,43.93177,49.39636,44.77723,40.80441,46.48656,46.09772,45.27693,44.04543,39.0,38.32754,40.02499,38.83298,34.53983,35.77709,36.05551,31.89044,26.87006,30.01666,28.4605,30.08322,31.14482,28.07134,30.80584,34.20526,34.43835,33.10589,33.83785,41.34005,39.69887,43.13931,39.82462,38.28838,42.63801,48.41487,50.60632,51.40039,52.47857,52.80152,49.73932,58.00862,56.30275,60.03332,57.42822,61.05735,62.42596,63.00794,66.0303,70.17834,65.73431,69.63476,71.58911,66.88797,72.56032,72.20111,70.23532
8.48528,7.81025,8.60233,8.06226,8.06226,6.7082,7.28011,7.28011,7.07107,7.07107,7.0,8.06226,7.07107,7.28011,8.24621,8.544,8.94427,8.06226,8.06226,9.43398,9.43398,10.0,10.0,10.63015,11.40175,12.04159,12.04159,12.80625,13.45362,12.80625,12.80625,13.0384,12.80625,13.0384,13.0384,12.52996,12.52996,12.08305,11.18034,10.77033,10.77033,10.44031,9.48683,9.21954,9.05539,8.06226,8.06226,7.0,7.0,6.0,6.08276,5.38516,57.2014,51.73973,53.03772,55.44367,48.10405,48.60041,46.14109,47.16991,42.54409,39.84972,38.27532,32.57299,44.72136,37.21559,39.11521,39.45884,42.95346,40.80441,38.32754,40.8534,46.95743,42.19005,48.54894,49.64877,53.41348,52.80152,52.20153,57.31492,56.63921,63.63961,60.20797,65.06919,64.53681,70.72482,70.00714,73.10951,69.63476,71.70077,70.17834,70.17834,66.88797,70.17834,64.00781,65.30697,58.69412,63.69458,56.64804,52.20153,52.81098,47.80167,48.27007,43.56604,42.04759,41.04875,38.11824,35.0571,30.08322,45.22168,44.82187,44.10215,43.909,42.54409,44.27189,46.57252,42.42641,41.10961,40.11234,40.04997,38.32754,38.07887,36.76955,35.51056,35.77709,34.66987,31.82766,30.80584,33.61547,29.54657,30.08322,30.14963,35.0571,34.52535,31.7805,33.24154,39.81206,41.67733,43.56604,35.4683,38.8973,47.63402,39.69887,46.75468,46.8615,49.49747,52.34501,48.79549,54.45181,54.48853,57.28001,58.25805,60.10824,61.52235,54.81788,61.6198,65.11528,64.53681,69.29646,60.30755,67.20863,71.70077,64.66065,77.98718,67.47592,67.20863
10.63015,10.63015,9.43398,10.0,9.43398,9.43398,8.544,8.24621,8.24621,7.28011,8.24621,8.06226,8.0,8.06226,8.06226,8.24621,9.48683,8.24621,8.544,9.84886,8.94427,9.43398,9.43398,10.81665,11.6619,10.81665,12.20656,12.20656,13.0384,12.20656,12.52996,13.89244,13.41641,12.52996,13.41641,13.0,12.64911,12.36932,12.36932,12.36932,11.18034,11.18034,10.19804,10.04988,9.05539,9.0,9.05539,8.06226,7.07107,7.28011,6.7082,6.7082,65.8635,64.3506,58.0517,54.20332,56.0803,50.60632,45.27693,41.7732,45.60702,44.65423,42.72002,38.01316,43.65776,37.48333,39.29377,38.01316,44.01136,46.27094,42.19005,41.7732,48.27007,41.76123,45.17743,46.06517,49.1935,54.58938,54.20332,56.85948,62.26556,59.36329,60.20797,69.81404,61.29437,71.02112,68.24222,76.66159,70.3278,67.95587,74.24284,69.31811,62.6099,65.55151,66.7308,65.51336,63.78871,58.94065,55.54278,54.58938,49.64877,50.24938,47.01064,49.09175,45.54119,40.80441,34.48188,34.20526,30.08322,47.80167,48.82622,44.28318,49.98,51.41984,50.80354,46.27094,46.01087,51.0098,42.29657,40.02499,44.64303,42.54409,42.04759,41.23106,35.80503,33.97058,35.80503,35.80503,35.73514,33.24154,39.62323,34.1321,36.34556,39.29377,38.07887,34.0,36.67424,41.6173,43.41659,38.8973,41.23106,38.8973,43.86342,49.0408,50.32892,48.27007,50.44799,52.00961,56.40035,57.14018,61.07373,61.05735,64.63745,62.1289,60.82763,61.61169,68.50547,71.40028,70.17834,71.56116,73.81734,73.78347,72.20111,73.92564,69.64194,70.49113
10.04988,10.19804,9.48683,9.48683,8.544,8.544,8.06226,8.06226,8.06226,7.81025,7.81025,7.81025,7.81025,8.60233,8.60233,8.94427,8.94427,8.06226,9.48683,9.48683,9.21954,10.19804,9.21954,11.18034,11.18034,12.04159,12.04159,13.15295,13.15295,12.16553,13.15295,13.34166,13.34166,13.34166,13.60147,12.64911,13.0,12.52996,12.08305,12.08305,11.6619,11.6619,10.81665,10.0,10.0,9.21954,8.48528,7.81025,7.81025,7.2111,6.7082,6.7082,62.80127,61.68468,55.08176,53.15073,52.00961,50.0,42.19005,50.80354,46.09772,42.37924,42.72002,42.95346,42.72002,34.66987,39.82462,38.20995,42.52058,40.80441,41.88078,44.41846,46.23851,47.42362,39.84972,50.96077,50.69517,53.15073,53.60037,51.78803,59.68249,59.3043,60.29925,68.26419,63.95311,68.73136,66.18912,73.97973,76.11833,73.75636,70.88018,70.60453,62.96825,72.11103,68.942,69.35416,67.08204,62.1289,59.5399,60.74537,55.22681,52.80152,45.60702,48.08326,45.27693,37.80212,40.0,38.07887,30.67572,52.20153,48.37355,50.0,56.22277,49.0306,48.76474,45.54119,45.61798,46.95743,45.80393,42.52058,41.03657,43.18565,39.69887,42.54409,33.61547,34.78505,32.01562,33.06055,33.01515,33.52611,33.24154,32.64966,33.01515,33.24154,30.61046,33.10589,37.69615,35.34119,44.14748,38.01316,43.41659,42.42641,48.16638,47.09565,49.0408,47.16991,52.00961,53.03772,57.00877,58.03447,60.07495,62.20129,62.00806,66.06815,66.27217,68.06614,70.00714,70.34913,73.06162,71.17584,75.66373,79.76215,74.54529,75.95393,76.11833,71.56815
10.63015,9.21954,9.21954,9.21954,8.60233,7.2111,7.61577,7.61577,7.28011,6.32456,7.07107,7.07107,7.0,7.0,7.07107,7.07107,7.28011,7.28011,7.61577,8.06226,8.06226,8.60233,8.60233,9.43398,10.0,10.63015,11.40175,11.40175,12.04159,12.20656,12.20656,12.52996,12.20656,12.52996,12.52996,12.08305,11.7047,11.7047,10.44031,10.19804,10.44031,10.19804,9.21954,9.05539,8.06226,8.0,8.0,7.07107,7.07107,6.32456,6.32456,5.83095,68.41053,59.66574,66.48308,54.45181,52.3259,50.32892,47.63402,56.93856,40.81666,42.48529,41.4367,38.07887,41.48494,37.05401,40.31129,40.04997,39.11521,39.62323,38.47077,41.48494,38.48376,42.94182,42.54409,47.01064,45.80393,50.32892,57.48913,55.9017,59.5483,65.11528,58.72819,64.3506,67.00746,72.24957,67.20863,74.06079,71.06335,66.48308,71.40028,72.8011,68.26419,69.31811,67.1193,68.15424,64.88451,61.68468,58.5235,63.56886,50.21952,52.17279,49.81967,48.37355,43.18565,42.04759,37.05401,34.23449,32.69557,45.35416,43.01163,48.37355,46.04346,46.40043,39.59798,43.13931,40.49691,40.31129,41.34005,35.1141,38.60052,35.69314,31.257,28.28427,33.37664,26.68333,26.40076,25.05993,21.26029,25.55386,25.4951,30.14963,29.01724,32.06244,32.24903,34.43835,36.24914,40.22437,42.43819,38.07887,43.01163,42.63801,43.93177,48.9183,46.8615,52.3259,58.0517,55.86591,65.11528,62.24147,66.48308,64.44377,67.26812,59.39697,73.66139,68.62215,70.76722,72.13876,80.05623,74.41102,77.23341,75.00667,77.10383,80.72174,75.74299,80.72174
10.29563,9.43398,8.60233,8.60233,7.81025,8.48528,7.81025,7.2111,7.2111,6.7082,7.61577,7.28011,7.28011,7.07107,7.0,8.0,7.07107,8.06226,7.28011,7.28011,8.24621,8.544,8.544,8.94427,9.84886,10.29563,11.18034,11.18034,12.52996,11.18034,12.08305,13.0,11.7047,11.7047,11.40175,11.40175,11.40175,11.04536,11.18034,11.04536,10.0,10.04988,9.0,9.0,9.05539,8.06226,8.24621,7.28011,7.61577,6.7082,5.83095,6.40312,71.16881,64.84597,57.27128,49.24429,49.39636,51.0392,48.82622,51.08816,45.96738,39.62323,38.01316,38.48376,35.34119,39.21734,37.94733,40.11234,40.4475,40.0125,41.01219,38.11824,45.89118,41.7732,42.05948,47.16991,45.31004,49.39636,51.89412,57.80138,51.88449,63.81222,60.53924,65.51336,61.7171,70.49113,69.11584,71.55418,70.71068,68.96376,73.3553,72.8011,69.64194,67.91171,66.76077,67.18631,62.96825,64.13267,64.49806,57.07013,55.22681,48.01042,50.08992,45.04442,42.04759,39.45884,40.80441,36.76955,36.23534,42.44997,43.60046,47.43416,45.17743,38.60052,43.01163,35.51056,40.60788,41.10961,38.0526,34.9285,33.54102,34.20526,33.24154,31.62278,29.20616,30.61046,28.17801,25.05993,24.18677,24.0,29.01724,27.45906,30.46309,29.41088,36.12478,31.241,38.8973,40.80441,42.54409,37.21559,47.16991,47.01064,46.52956,49.64877,47.88528,53.22593,55.03635,57.58472,62.64982,63.15853,61.26989,68.02941,63.69458,68.942,70.45566,66.37017,65.51336,76.47876,76.94154,74.68601,76.15773,80.49845,73.82412,78.29432,81.88406,70.26379
9.48683,8.94427,8.06226,8.06226,8.06226,7.2111,7.07107,7.07107,7.2111,6.7082,6.7082,6.32456,7.28011,7.07107,7.07107,8.0,7.0,7.07107,8.06226,9.21954,9.21954,9.48683,9.48683,10.44031,11.7047,10.77033,12.08305,12.64911,12.64911,13.0,12.64911,13.60147,13.34166,12.36932,13.34166,13.15295,13.15295,12.04159,12.0,11.0,11.0,11.0,10.04988,9.0,9.05539,8.06226,8.24621,7.61577,6.7082,6.7082,5.83095,5.65685,61.0,55.36244,62.03225,56.61272,54.70832,49.33559,42.95346,45.69464,41.88078,38.27532,43.86342,46.09772,40.36087,39.44617,36.05551,37.16181,41.76123,37.85499,37.48333,39.62323,48.16638,43.04649,47.09565,48.09366,51.1957,59.3043,49.81967,57.56735,59.48109,61.98387,64.84597,70.0928,61.39218,75.0,67.05222,74.2159,73.82412,75.13322,76.65507,69.72087,65.27634,67.06713,69.18092,67.18631,67.1193,62.28965,63.50591,61.98387,53.75872,50.01,45.88028,44.59821,42.37924,38.01316,39.81206,38.01316,34.05877,46.8615,45.27693,47.01064,45.22168,42.44997,41.59327,38.11824,43.01163,40.1995,34.36568,37.0,34.17601,37.33631,35.51056,31.241,23.34524,31.76476,25.29822,25.96151,24.18677,25.07987,33.24154,23.25941,28.6531,34.82815,30.4795,32.01562,32.44996,40.70626,42.04759,38.27532,43.01163,44.59821,41.10961,52.81098,47.29693,51.41984,50.44799,54.70832,57.72348,61.40033,61.18823,62.8172,67.68309,57.56735,63.15853,71.30919,70.34202,71.30919,73.37575,70.60453,78.44743,80.52329,67.68309,79.07591,76.90254,72.78049
9.05539,9.05539,8.06226,8.06226,7.07107,7.07107,7.61577,6.7082,7.2111,7.2111,7.2111,7.07107,7.81025,7.81025,7.81025,8.94427,8.06226,7.61577,8.544,9.48683,9.48683,9.21954,10.19804,11.18034,11.18034,12.16553,13.15295,13.15295,13.34166,13.34166,13.34166,13.60147,13.60147,12.64911,13.92839,13.0,13.0,12.52996,11.6619,11.6619,10.81665,10.81665,10.81665,10.0,9.21954,8.48528,8.48528,7.81025,7.81025,7.2111,5.83095,5.38516,58.46366,62.0967,58.0517,48.08326,50.48762,45.54119,49.0,45.0,43.18565,38.83298,36.67424,33.61547,36.05551,39.44617,37.80212,41.72529,38.8973,45.60702,38.8973,39.40812,44.41846,42.48529,44.94441,47.16991,49.1935,54.08327,48.05206,54.57105,55.57877,65.76473,61.98387,63.95311,64.28841,70.0928,70.40597,69.07966,74.0,71.16881,70.38466,73.53911,66.70832,71.55418,65.30697,68.42514,61.40033,59.40539,58.00862,54.91812,56.0803,52.40229,46.66905,45.34314,43.86342,43.82921,36.71512,33.61547,37.69615,45.27693,45.01111,45.27693,43.41659,40.26164,41.14608,40.70626,38.60052,41.86884,35.38361,33.30165,32.52691,37.44329,33.12099,32.89377,29.61419,28.16026,23.0,26.92582,25.05993,23.60085,30.41381,28.6007,23.85372,30.08322,29.54657,31.7805,29.42788,36.01389,39.01282,37.48333,39.31921,46.27094,42.2019,44.55334,49.24429,47.53946,50.9902,56.32051,59.20304,59.77458,62.16912,58.94065,63.34824,63.15061,58.69412,61.39218,63.34824,67.72001,73.5459,71.80529,71.80529,77.87811,67.91171,75.28612,71.8401,72.03471
10.44031,9.48683,9.84886,8.544,8.06226,8.06226,7.81025,7.07107,7.07107,6.40312,7.81025,7.2111,6.7082,6.7082,7.28011,8.24621,8.06226,8.0,8.0,8.06226,8.06226,9.21954,9.05539,10.19804,10.19804,11.18034,11.40175,12.36932,12.36932,13.34166,12.16553,12.16553,12.16553,13.0384,12.16553,13.0,12.0,12.04159,11.04536,11.04536,10.19804,10.19804,10.19804,9.21954,8.24621,8.544,7.61577,8.06226,7.2111,7.2111,6.40312,5.65685,59.22837,58.94065,58.82176,54.626,49.39636,51.88449,48.37355,51.0392,41.23106,40.36087,38.8973,38.58756,37.21559,39.96248,41.78516,38.32754,40.79216,40.02499,38.63936,39.01282,45.39824,39.05125,47.29693,48.50773,49.24429,47.51842,52.39275,56.0803,65.19202,60.83584,58.30952,64.2573,61.98387,68.35203,67.23095,73.37575,71.16881,71.51224,75.0,69.64194,68.88396,72.44308,68.24954,62.1289,60.20797,61.07373,59.07622,59.0,54.33231,48.37355,47.85394,44.14748,41.76123,37.94733,42.95346,34.9285,30.80584,44.29447,44.01136,39.81206,42.72002,39.81206,46.27094,40.0,37.48333,39.20459,38.83298,37.12142,35.34119,33.61547,32.01562,28.28427,29.52965,28.6531,31.32092,23.76973,28.28427,25.31798,23.08679,33.61547,27.313,31.82766,33.94113,34.65545,34.98571,39.11521,42.05948,41.4367,43.08132,47.16991,48.10405,43.08132,51.07837,53.7122,58.24088,56.921,54.78138,59.77458,64.19502,62.93648,65.14599,67.35726,64.88451,65.78754,70.38466,65.0,72.61543,74.94665,73.38937,75.28612,78.0,76.53757,83.38465,72.73239
10.04988,10.19804,10.44031,9.48683,8.544,8.544,8.06226,8.06226,8.60233,7.81025,7.81025,7.81025,7.81025,9.43398,8.06226,8.94427,8.544,8.544,9.21954,9.21954,10.19804,10.19804,10.19804,11.04536,12.04159,12.04159,13.0384,13.0384,13.0384,13.0384,13.15295,14.31782,14.14214,13.34166,14.31782,13.60147,13.60147,12.64911,13.0,12.08305,11.18034,11.18034,11.6619,10.81665,10.0,9.43398,9.21954,8.48528,8.48528,7.81025,7.2111,6.7082,66.28725,64.03124,61.40033,53.00943,55.0,50.48762,44.72136,47.07441,42.05948,43.46263,47.50789,38.01316,38.83298,39.59798,41.72529,43.18565,38.83298,43.01163,44.10215,44.94441,48.38388,47.01064,46.09772,49.24429,50.01,52.17279,54.74486,58.69412,57.31492,65.06919,60.20797,67.18631,62.03225,71.56815,70.17834,70.21396,73.68175,73.34848,73.08215,71.16881,70.21396,70.00714,69.26038,70.77429,61.84658,62.16912,56.82429,53.25411,55.21775,54.67175,45.60702,44.82187,46.01087,43.27817,40.60788,37.44329,34.0147,43.38202,43.9659,39.05125,45.04442,42.10701,41.59327,40.60788,41.4367,35.4683,38.91015,36.35932,35.4683,33.42155,31.241,29.20616,31.76476,29.73214,28.0,31.01612,29.15476,26.24881,27.45906,27.80288,32.64966,33.94113,36.61967,34.0,36.76955,37.94733,41.76123,40.4475,47.85394,44.0,44.72136,46.38965,50.03998,49.36598,55.08176,56.0357,53.0,59.00847,59.0,62.07254,62.07254,62.03225,61.03278,65.06919,70.0,67.1193,74.00676,71.17584,75.32596,78.0,73.0,77.05842,73.02739,74.16873
10.19804,10.19804,9.48683,9.21954,8.544,8.544,8.06226,7.2111,7.2111,7.07107,7.07107,7.2111,6.40312,6.7082,7.61577,7.61577,7.28011,7.28011,7.07107,8.06226,8.06226,9.0,9.0,9.05539,10.04988,10.04988,11.04536,12.04159,12.04159,12.04159,12.04159,12.04159,12.0,12.0,12.04159,12.16553,12.16553,11.40175,11.40175,11.40175,10.44031,10.44031,9.84886,8.94427,8.06226,8.06226,7.2111,7.2111,7.81025,7.07107,6.40312,5.83095,67.26812,61.0,57.07889,56.00893,56.56854,46.04346,46.38965,47.53946,50.0,38.60052,41.62932,39.35734,40.31129,39.96248,39.05125,39.05125,41.67733,40.80441,38.47077,41.4367,44.92215,42.2019,41.97618,48.25971,46.87217,45.12206,48.09366,55.03635,57.07889,58.42089,61.07373,66.18912,64.07027,68.06614,64.28063,69.00725,73.02739,70.02857,71.17584,69.46222,70.25667,68.593,65.76473,66.4906,64.03124,64.51356,55.71355,57.24509,51.42956,51.97115,46.52956,44.41846,42.72002,40.22437,37.80212,37.53665,29.41088,51.15662,51.08816,45.70558,46.57252,46.8188,44.01136,43.38202,45.22168,46.69047,40.36087,42.44997,41.10961,42.63801,39.96248,36.76955,32.98485,37.48333,38.0526,30.06659,30.41381,29.73214,30.88689,33.61547,36.12478,35.22783,31.06445,39.66106,36.24914,38.27532,40.26164,41.59327,44.55334,44.18144,48.04165,49.09175,51.0098,50.03998,55.22681,51.0098,60.03332,61.03278,56.0357,58.03447,63.0,59.0,63.0,71.34424,70.11419,69.0,77.05842,69.0,76.02631,80.025,72.06247,80.09994,72.00694,77.16217
9.89949,9.21954,8.60233,8.60233,8.06226,7.2111,7.28011,6.32456,6.08276,6.08276,6.0,7.0,7.07107,7.28011,7.28011,7.61577,7.61577,8.06226,8.06226,8.60233,8.60233,9.21954,9.21954,10.63015,10.63015,10.63015,11.31371,12.72792,12.72792,12.72792,12.04159,12.80625,12.80625,12.80625,13.60147,12.20656,12.52996,11.18034,11.18034,11.18034,10.77033,10.77033,10.44031,9.48683,8.24621,7.28011,8.06226,7.07107,7.0,6.0,6.08276,5.09902,65.60488,59.20304,65.19202,58.89822,52.40229,51.85557,44.68781,50.47772,41.23106,42.72002,40.70626,38.62642,41.0,37.10795,37.33631,37.01351,42.0119,43.18565,38.63936,41.59327,48.10405,42.04759,46.09772,48.8774,45.65085,54.70832,48.02083,58.13777,59.20304,55.9017,57.80138,63.78087,60.21628,69.2026,64.81512,72.94518,72.40166,69.06519,69.83552,67.97794,65.51336,66.30988,64.62198,69.46222,62.36185,59.20304,57.27128,60.20797,53.60037,49.16299,47.26521,44.10215,44.0,39.45884,39.62323,36.67424,33.52611,49.20366,47.38143,48.10405,49.67897,48.8774,47.85394,45.69464,42.05948,47.29693,44.40721,41.0,41.19466,45.39824,40.4475,40.16217,36.71512,35.35534,34.65545,31.82766,36.05551,29.15476,33.52611,29.41088,30.01666,36.01389,38.11824,32.98485,39.35734,36.24914,41.18252,36.89173,46.04346,45.45327,45.60702,46.69047,45.25483,50.20956,51.62364,53.15073,60.10824,59.4138,60.1415,61.7171,59.66574,63.89053,69.31089,64.3506,66.48308,70.0928,73.0,75.16648,75.16648,75.80237,73.40981,76.48529,74.65253,73.40981
9.43398,10.0,9.21954,8.48528,8.48528,7.07107,7.2111,7.2111,7.2111,6.7082,7.28011,7.07107,7.07107,7.0,7.0,8.06226,7.28011,8.06226,7.28011,8.544,7.61577,8.94427,8.94427,9.43398,10.29563,10.81665,10.81665,11.6619,11.6619,11.6619,11.18034,12.08305,12.08305,11.18034,12.08305,11.7047,11.40175,11.40175,10.44031,11.18034,10.04988,10.04988,9.05539,9.05539,9.0,8.0,7.07107,7.07107,7.28011,6.32456,5.83095,5.83095,66.03787,60.41523,63.51378,49.20366,55.22681,48.01042,41.72529,46.8615,44.40721,40.22437,38.8973,37.94733,41.76123,39.21734,37.10795,37.12142,42.04759,40.11234,38.20995,40.79216,47.53946,43.9659,42.72002,42.54409,44.77723,52.3259,54.12024,54.3783,53.85165,60.80296,61.05735,62.43397,62.20129,64.07027,66.61081,66.64833,64.14047,67.23095,67.97794,64.62198,69.07966,62.62587,64.84597,64.19502,57.48913,64.28841,59.68249,58.13777,49.36598,48.04165,46.09772,45.01111,40.11234,39.62323,37.33631,32.31099,34.0147,49.51767,42.44997,46.2277,45.65085,47.75982,46.8188,41.23106,41.0,42.10701,40.04997,41.19466,40.4475,37.64306,36.40055,34.48188,44.82187,37.20215,36.23534,28.01785,32.44996,28.86174,33.24154,32.24903,31.257,32.75668,36.67424,39.0,37.20215,36.71512,38.07887,38.60052,43.18565,40.36087,41.7732,48.16638,48.79549,50.60632,55.15433,52.49762,57.48913,53.41348,60.60528,57.28001,62.36986,64.2028,58.25805,67.26812,66.06815,64.53681,75.28612,70.93659,70.17834,71.40028,74.02702,77.10383,74.4043,76.00658
10.29563,8.94427,9.84886,8.94427,8.544,8.24621,8.06226,8.06226,8.06226,8.0,8.0,8.24621,8.24621,8.544,8.24621,8.94427,8.94427,8.94427,9.43398,9.43398,10.0,10.0,10.0,10.63015,12.04159,12.04159,12.72792,13.45362,13.45362,13.45362,12.80625,13.60147,14.21267,13.60147,13.60147,13.0384,13.0384,12.52996,12.52996,12.08305,11.7047,10.77033,10.44031,10.44031,10.44031,9.21954,9.05539,8.06226,8.0,7.0,7.07107,6.08276,63.65532,59.46427,58.13777,53.41348,52.43091,46.87217,49.64877,47.01064,45.61798,43.9659,38.63936,41.7732,42.42641,42.10701,43.0,40.79216,43.28972,41.76123,42.15448,43.65776,50.53712,45.48626,45.22168,49.09175,49.0408,57.2014,58.0,56.56854,60.82763,64.38167,63.78087,68.593,70.0928,69.29646,69.31089,73.10951,69.42622,68.0147,70.80254,71.02112,74.09453,70.83078,66.7308,64.88451,63.50591,64.62198,59.23681,57.24509,52.88667,49.39636,47.29693,46.87217,47.85394,38.0526,42.0,35.22783,34.48188,51.0,44.04543,45.27693,47.50789,45.0,41.67733,42.95346,45.31004,42.44997,43.41659,40.60788,40.11234,39.20459,40.31129,30.26549,35.4683,32.44996,30.80584,29.41088,26.24881,31.241,29.41088,29.83287,30.41381,31.06445,32.24903,36.68787,36.68787,32.69557,39.35734,35.35534,42.19005,44.94441,42.43819,43.56604,45.0,45.80393,53.25411,52.49762,55.0,55.22681,56.85068,58.89822,59.81639,61.40033,57.38467,65.29931,60.21628,67.47592,70.03571,69.02898,68.0147,73.66139,69.29646,72.86288,72.83543,66.52819
10.04988,10.0,9.05539,10.04988,9.05539,9.05539,8.24621,8.544,8.544,7.61577,8.06226,7.81025,7.81025,8.48528,8.48528,8.60233,8.60233,8.06226,8.06226,8.94427,8.94427,9.48683,8.544,10.44031,10.44031,11.40175,12.36932,12.64911,13.34166,12.64911,12.64911,12.64911,13.0,12.08305,12.08305,12.52996,12.52996,12.20656,10.81665,11.40175,10.63015,10.63015,9.89949,9.89949,9.21954,7.81025,8.60233,8.06226,7.2111,7.61577,6.32456,6.08276,61.68468,62.58594,60.53098,51.35173,52.23983,51.35173,46.01087,47.0,43.18565,40.11234,44.64303,39.56008,39.39543,38.58756,40.49691,42.2019,43.41659,44.59821,45.96738,42.0119,49.09175,43.82921,50.08992,50.15974,50.15974,53.22593,53.75872,57.27128,57.93962,61.68468,60.16644,67.05222,60.16644,68.00735,68.65858,74.32362,70.00714,71.7844,72.91776,71.58911,67.97794,70.49113,69.46222,66.85058,61.40033,62.00806,59.20304,54.48853,52.34501,49.49747,45.34314,50.20956,42.43819,39.96248,38.48376,38.62642,31.7805,41.59327,49.33559,45.31004,46.95743,43.909,45.60702,44.10215,42.63801,40.31129,41.18252,41.59327,39.35734,40.8534,38.63936,36.05551,37.12142,35.0571,32.75668,31.38471,29.06888,27.20294,33.30165,32.01562,33.12099,31.95309,36.05551,36.34556,36.22154,38.0,39.05125,40.31129,44.72136,40.60788,42.57934,51.35173,50.21952,48.27007,48.83646,52.95281,55.65968,56.921,61.61169,60.41523,61.39218,61.40033,57.55867,64.13267,62.03225,67.91171,70.61161,71.80529,66.70832,73.37575,70.40597,72.73239,73.1642,70.34202
9.48683,9.21954,9.05539,8.06226,8.06226,8.0,8.06226,7.07107,7.28011,7.28011,7.28011,6.7082,7.2111,7.2111,7.2111,7.81025,8.48528,7.81025,7.81025,8.60233,8.60233,9.43398,9.43398,10.29563,10.81665,11.18034,11.6619,12.52996,12.52996,12.52996,12.20656,12.20656,13.0384,12.80625,12.80625,12.04159,12.72792,12.04159,11.40175,10.0,10.0,10.81665,9.43398,8.94427,8.544,7.61577,7.61577,7.28011,7.07107,6.0,6.0,5.09902,65.19202,60.90156,58.69412,53.45091,57.58472,50.28916,48.27007,49.72927,45.39824,44.10215,39.01282,42.04759,46.38965,40.02499,40.02499,42.48529,44.28318,40.31129,43.01163,46.75468,51.08816,47.42362,46.8615,46.75468,47.50789,54.03702,57.00877,58.83026,59.64059,65.0,64.07027,64.63745,66.28725,71.86793,66.57327,70.83784,69.06519,72.47068,77.07788,70.76722,68.11755,65.19202,68.41053,68.60029,64.89992,59.07622,60.41523,56.4358,51.89412,53.7122,46.61545,47.12749,44.92215,42.75512,37.65634,34.0147,33.01515,44.04543,42.2019,43.08132,46.06517,45.22168,42.2019,41.10961,38.94868,43.82921,41.6173,39.39543,32.89377,38.62642,38.07887,35.0571,35.12834,32.38827,29.73214,31.76476,30.41381,28.42534,29.83287,29.06888,29.52965,31.38471,35.17101,37.05401,37.12142,37.33631,38.47077,39.62323,40.5216,41.23106,41.76123,48.70318,48.70318,52.81098,51.26402,50.15974,60.74537,57.77543,61.09828,59.80803,61.84658,59.09315,57.93962,62.24147,65.55151,66.64083,73.00685,74.32362,70.93659,75.6439,69.31811,74.84651,73.40981,72.91776
9.21954,8.60233,8.06226,8.06226,7.61577,7.2111,7.28011,7.28011,7.07107,7.0,8.0,7.07107,7.07107,7.28011,8.24621,8.544,8.544,7.61577,8.94427,8.94427,9.43398,10.0,10.0,10.63015,11.40175,11.40175,12.20656,12.20656,13.60147,12.80625,12.20656,13.0384,13.0384,12.52996,12.52996,12.08305,12.08305,11.7047,11.40175,11.40175,10.19804,10.19804,10.19804,9.21954,9.05539,8.06226,8.0,7.07107,7.07107,6.08276,6.32456,5.38516,63.51378,57.68882,53.2635,51.61395,53.2635,44.55334,51.73973,50.80354,46.04346,39.20459,38.91015,39.56008,45.69464,43.41659,38.60052,39.45884,47.0,43.10452,43.04649,41.4367,46.87217,48.27007,50.28916,50.28916,55.03635,55.9464,57.27128,56.79789,61.26989,64.88451,59.5063,67.53518,67.54258,72.01389,68.8767,69.89278,71.69379,73.53911,71.06335,68.96376,67.91171,68.24954,73.34848,68.06614,64.38167,62.28965,61.0,57.00877,53.08484,51.08816,48.16638,49.25444,40.80441,41.10961,38.07887,36.67424,30.23243,43.84062,42.0119,42.0119,43.46263,46.61545,44.64303,37.65634,40.1995,42.29657,39.31921,38.47077,39.62323,35.4683,36.61967,33.01515,29.06888,30.41381,30.23243,30.01666,32.75668,32.14032,32.01562,30.01666,32.75668,34.0147,31.38471,33.01515,37.64306,41.23106,44.82187,37.48333,40.45986,47.20169,39.59798,50.60632,52.00961,49.40648,51.62364,52.69725,58.82176,56.85948,56.61272,56.0803,63.81222,59.36329,53.00943,66.21933,65.80274,65.0,70.17834,70.21396,71.86793,75.66373,69.97142,73.92564,68.8186,76.15773
8.544,8.24621,8.24621,8.24621,8.06226,7.07107,7.0,7.0,7.07107,6.32456,7.28011,7.61577,7.61577,8.06226,8.06226,7.81025,8.48528,7.81025,8.48528,9.21954,9.21954,10.0,10.0,10.81665,10.81665,10.81665,12.20656,12.80625,12.80625,13.60147,12.80625,12.80625,13.45362,12.72792,12.72792,12.72792,12.80625,11.40175,10.81665,10.81665,10.81665,10.29563,10.29563,8.94427,8.544,8.544,7.28011,7.28011,7.07107,7.07107,5.0,5.09902,60.10824,60.44005,62.00806,51.85557,54.40588,48.01042,44.29447,48.02083,43.86342,47.12749,40.26164,43.17407,42.10701,44.01136,39.20459,42.19005,41.23106,40.80441,43.01163,45.22168,46.61545,46.06517,44.20407,53.82379,50.47772,56.0803,54.03702,60.1415,62.24147,67.88225,60.82763,70.03571,62.96825,74.27651,68.0147,72.91776,70.29225,64.81512,72.42237,70.72482,66.4003,72.20111,67.60178,65.76473,63.32456,62.64982,62.62587,55.36244,53.16014,50.01,50.63596,48.16638,44.18144,38.0,37.12142,36.13862,37.10795,43.82921,43.60046,44.59821,46.8615,44.94441,41.18252,42.15448,41.76123,41.10961,38.47077,36.22154,39.05125,40.1995,35.17101,35.8469,34.0,32.75668,29.06888,28.6007,34.43835,31.62278,34.71311,34.23449,33.13608,36.49658,38.0,35.73514,37.36308,38.48376,43.38202,41.34005,46.32494,47.80167,45.0,48.41487,49.0408,47.20169,48.60041,54.20332,58.25805,58.0517,58.13777,58.25805,60.87693,60.0,70.0928,62.80127,65.29931,66.8431,67.62396,68.68042,71.70077,74.33034,65.8559,75.82216,76.05919,68.68042
8.94427,8.94427,8.544,8.24621,7.28011,7.28011,7.0,7.0,7.0,6.08276,7.07107,6.32456,7.61577,6.7082,7.2111,7.81025,7.81025,7.07107,7.81025,7.81025,8.60233,8.60233,8.60233,9.43398,10.29563,10.29563,10.29563,11.6619,11.6619,12.52996,12.20656,12.20656,12.20656,12.20656,11.40175,12.04159,12.04159,11.31371,10.63015,10.0,10.0,9.43398,8.60233,8.06226,8.06226,7.61577,7.61577,7.28011,7.28011,6.08276,6.0,5.0,64.07027,62.42596,54.12947,52.20153,54.23099,49.64877,47.80167,43.41659,43.17407,43.28972,40.11234,38.0526,42.42641,37.48333,42.05948,39.92493,41.14608,36.61967,38.83298,42.0119,47.38143,44.55334,46.75468,44.40721,48.41487,52.69725,50.80354,56.0803,59.05929,61.7171,62.64982,65.8635,59.68249,68.96376,71.55418,68.8186,74.94665,70.45566,71.8401,67.47592,66.21933,68.62215,65.19202,66.6033,57.62812,59.46427,56.40035,54.3783,48.33218,45.27693,46.61545,44.77723,42.04759,39.56008,39.29377,36.01389,31.06445,40.80441,40.24922,44.77723,44.40721,46.66905,44.10215,41.40048,39.44617,41.18252,40.49691,39.81206,35.69314,36.34556,38.11824,37.21559,32.55764,36.76955,32.80244,33.61547,31.89044,31.14482,35.4683,38.27532,31.95309,37.12142,40.4475,36.22154,40.79216,43.9659,42.19005,38.8973,43.65776,45.54119,42.54409,49.76947,48.8467,49.24429,55.9464,54.12947,58.60034,58.59181,59.5063,62.6099,60.37384,60.92618,71.58911,65.30697,65.30697,67.54258,71.55418,74.68601,71.58911,72.94518,76.96753,78.29432,74.24958,68.47627
9.43398,9.21954,8.48528,8.48528,7.81025,7.81025,7.2111,7.2111,6.7082,6.32456,7.28011,7.07107,7.07107,7.0,6.0,7.07107,7.07107,7.28011,7.28011,7.61577,8.544,7.61577,8.544,9.43398,9.43398,9.43398,10.29563,11.18034,11.6619,11.6619,11.18034,12.08305,12.08305,11.7047,11.7047,11.40175,11.40175,11.18034,10.19804,10.04988,10.04988,10.0,9.0,8.0,8.06226,7.07107,7.28011,7.28011,6.7082,6.7082,5.83095,5.65685,64.40497,59.94164,59.05929,52.69725,53.60037,50.9902,47.42362,48.9183,45.96738,45.48626,42.05948,37.16181,41.10961,38.8973,42.72002,40.60788,42.75512,45.0,42.04759,45.17743,46.52956,43.17407,39.29377,45.54119,46.61545,49.98,52.0,54.56189,54.626,61.40033,58.18075,64.66065,62.6099,69.97142,64.49806,69.77822,72.91776,70.68239,69.89278,68.35203,65.78754,66.70832,63.78871,60.20797,59.3043,55.22681,59.0,54.08327,52.03845,49.09175,47.38143,46.38965,42.75512,41.97618,37.94733,34.43835,30.0,43.86342,46.75468,44.65423,48.76474,43.46263,40.5216,41.59327,42.19005,38.01316,42.04759,42.72002,39.56008,39.21734,38.48376,35.51056,33.42155,39.59798,31.76476,34.0,31.30495,31.40064,36.22154,36.22154,36.22154,34.9285,38.62642,39.20459,35.77709,38.01316,43.27817,41.72529,45.45327,43.18565,45.96738,51.61395,51.73973,51.61395,53.2635,55.60576,58.66856,59.07622,61.03278,63.00794,65.73431,67.80118,64.66065,66.7308,66.06815,74.4043,73.24616,72.42237,73.00685,78.54935,72.11103,78.23682,79.92496,76.32169
10.0,9.43398,9.21954,9.21954,9.21954,8.48528,8.60233,8.06226,8.06226,7.61577,7.61577,7.28011,8.24621,8.06226,8.06226,9.0,8.06226,8.06226,8.24621,9.21954,8.24621,9.48683,9.48683,10.77033,10.77033,10.29563,11.18034,12.08305,13.41641,13.41641,13.0,13.0,13.0,12.64911,12.64911,12.64911,12.36932,12.16553,11.18034,11.18034,11.04536,11.04536,11.04536,10.0,10.0,9.0,8.06226,8.06226,8.24621,7.28011,7.61577,5.83095,63.56886,59.13544,55.15433,52.7731,55.9017,46.52956,48.54894,45.79301,43.18565,41.23106,43.41659,42.63801,37.73592,40.71855,39.82462,39.84972,40.80441,43.93177,42.19005,42.10701,49.0408,43.10452,42.44997,43.9659,47.85394,46.8188,53.60037,54.08327,55.08176,59.61543,60.74537,61.98387,64.07808,69.46222,71.30919,66.09841,73.37575,71.47027,73.75636,67.91171,70.34202,66.18912,67.06713,66.18912,60.20797,59.3043,56.00893,54.14795,51.0392,47.01064,47.85394,46.69047,45.89118,40.8534,35.77709,35.4683,33.42155,43.60046,42.04759,45.17743,45.69464,47.07441,45.17743,38.63936,41.04875,40.1995,39.29377,37.33631,37.57659,42.19005,33.01515,33.24154,27.80288,30.41381,30.08322,24.04163,27.85678,30.06659,29.0,27.29469,31.7805,34.1321,32.44996,31.89044,36.12478,38.60052,42.19005,37.44329,42.19005,40.71855,45.61798,47.88528,44.94441,47.85394,47.42362,53.85165,58.60034,56.30275,61.68468,62.76942,62.76942,59.09315,63.28507,64.49806,70.68239,68.42514,69.857,64.2573,75.02666,71.30919,68.94926,75.58439,75.76939,74.67262
9.05539,8.06226,8.24621,8.24621,7.61577,6.7082,6.7082,6.40312,6.40312,6.40312,6.40312,6.7082,6.7082,7.28011,6.32456,7.28011,7.07107,7.07107,8.06226,8.0,9.0,9.0,9.05539,10.19804,11.18034,10.19804,11.18034,12.04159,12.16553,12.16553,12.04159,12.04159,12.04159,12.0,12.0,12.0,12.04159,11.18034,11.18034,11.40175,10.44031,10.44031,9.48683,8.544,8.544,8.544,8.06226,7.2111,6.40312,6.40312,6.40312,5.0,64.12488,59.21149,52.00961,57.0,55.00909,48.04165,41.97618,41.7732,40.60788,43.32436,39.39543,41.67733,40.22437,40.80441,37.01351,43.93177,39.40812,38.94868,39.35734,46.06517,44.94441,47.75982,47.53946,46.87217,49.64877,54.23099,54.23099,57.03508,60.07495,65.00769,57.00877,64.28063,65.06919,71.11259,71.0,72.33948,73.33485,75.95393,72.18033,66.28725,69.87131,71.47027,67.41662,65.78754,62.24147,65.0,55.9017,62.64982,51.47815,53.33854,42.05948,47.01064,40.60788,44.55334,42.80187,37.80212,34.0,42.72002,39.05125,42.19005,44.01136,39.20459,40.4475,39.31921,34.53983,35.34119,36.35932,33.42155,32.52691,34.65545,30.88689,26.40076,25.70992,28.44293,25.01999,23.34524,23.76973,25.07987,28.6007,30.0,25.80698,29.68164,31.01612,34.9285,38.20995,40.02499,41.59327,41.0,44.01136,46.04346,46.17359,49.0102,49.09175,53.00943,53.23533,56.00893,59.00847,56.00893,60.29925,58.13777,63.00794,62.0,67.47592,68.0,67.02984,71.11259,71.06335,71.00704,72.0,73.06162,72.0,76.23647,70.25667,71.11259
9.43398,8.94427,8.544,8.544,8.544,7.28011,8.06226,8.0,8.0,8.06226,8.06226,8.24621,8.24621,8.544,7.61577,8.94427,8.06226,8.60233,9.21954,9.21954,9.89949,9.89949,11.31371,10.63015,11.31371,12.04159,12.04159,13.45362,13.45362,13.45362,12.72792,13.45362,14.14214,13.45362,13.45362,13.60147,13.0384,13.0384,12.52996,11.6619,11.18034,11.18034,10.77033,9.84886,9.84886,8.544,8.544,8.24621,8.06226,7.0,7.0,6.08276,63.00794,59.03389,50.21952,51.97115,53.33854,47.92703,41.14608,43.65776,41.97618,39.81206,37.05401,42.10701,39.20459,42.29657,36.67424,45.22168,44.92215,42.54409,39.0,46.87217,46.32494,46.61545,42.42641,46.75468,50.24938,49.51767,55.22681,59.03389,58.82176,59.07622,66.70832,64.66065,65.29931,69.81404,69.6563,70.72482,71.50524,72.12489,74.33034,70.03571,66.4003,68.88396,69.06519,72.62231,60.80296,62.64982,59.5063,56.79789,53.22593,50.59644,50.92151,47.29693,47.29693,38.63936,34.52535,35.12834,31.06445,41.76123,38.91015,42.04759,40.0,41.01219,37.64306,36.12478,37.57659,36.67424,34.17601,35.4683,34.23449,30.14963,30.0,28.44293,30.46309,25.07987,25.6125,27.65863,28.84441,24.69818,24.73863,31.01612,29.01724,31.01612,35.12834,33.24154,35.4683,36.23534,39.44617,34.53983,40.70626,41.34005,43.60046,44.59821,45.22168,45.79301,54.20332,52.20153,54.40588,56.0803,57.00877,62.00806,62.42596,63.51378,60.30755,61.03278,65.19202,63.60031,68.50547,64.63745,72.40166,69.40461,72.11103,75.28612,70.60453,67.47592
9.21954,9.05539,9.05539,8.06226,8.0,7.0,7.07107,7.28011,7.28011,6.32456,7.61577,8.06226,7.2111,7.07107,7.81025,9.21954,8.60233,8.60233,8.60233,9.43398,9.43398,10.29563,9.84886,10.77033,12.08305,12.08305,12.08305,13.41641,13.41641,14.31782,12.52996,13.0384,13.89244,13.0384,13.60147,12.80625,12.80625,12.04159,11.31371,11.31371,10.63015,10.63015,10.63015,10.0,9.43398,8.06226,8.06226,8.06226,7.61577,7.28011,6.08276,5.09902,57.93962,58.94065,57.27128,55.03635,56.64804,49.33559,44.91102,43.28972,44.0,38.0,39.62323,38.20995,38.8973,43.68066,39.0,38.58756,45.80393,43.27817,42.0119,45.34314,47.01064,41.01219,47.20169,44.40721,47.16991,51.0392,50.56679,61.32699,61.84658,62.03225,62.16912,66.64083,65.76473,74.24284,67.1193,71.02112,75.16648,68.50547,69.2026,71.21798,66.21933,68.88396,67.94115,67.17887,63.63961,59.5483,59.81639,56.61272,53.25411,52.7731,49.64877,48.8467,47.16991,37.12142,39.05125,33.95585,33.06055,42.75512,39.01282,40.60788,37.85499,35.73514,37.57659,34.48188,36.40055,33.97058,32.55764,32.80244,29.73214,32.69557,27.20294,25.01999,29.0,29.0,23.5372,21.09502,27.20294,27.45906,32.20248,27.29469,29.73214,32.75668,34.48188,30.01666,40.0125,39.62323,42.10701,36.40055,44.27189,46.84015,43.46263,48.46648,45.54119,53.45091,51.5461,51.5461,57.00877,56.30275,61.03278,59.80803,58.5235,64.2573,69.64194,62.96825,63.69458,66.09841,72.11103,67.35726,64.84597,68.02941,71.30919,72.73239,75.02666,67.23095
9.21954,9.21954,8.06226,8.06226,8.06226,8.544,8.24621,7.28011,8.06226,7.07107,8.06226,8.06226,8.06226,8.24621,7.28011,8.544,8.544,8.544,8.94427,9.43398,9.43398,10.0,10.81665,11.40175,11.40175,11.40175,12.20656,12.80625,12.80625,12.80625,13.0384,13.0384,13.0384,13.0384,13.0384,13.41641,13.0,12.08305,11.7047,11.40175,11.40175,11.40175,10.19804,9.21954,9.21954,9.05539,9.0,8.0,7.0,7.07107,7.07107,5.38516,65.43699,57.62812,63.03174,50.93133,48.79549,47.01064,50.93133,48.9183,42.72002,43.909,40.80441,37.94733,39.05125,41.59327,43.28972,42.19005,44.04543,43.18565,41.59327,46.87217,50.28916,46.57252,47.42362,52.39275,51.47815,53.22593,54.91812,60.74537,60.74537,67.80118,64.07027,68.26419,66.28725,67.41662,69.2026,73.3553,75.29276,71.19691,72.23573,70.68239,67.41662,72.11103,69.28925,66.48308,59.90826,60.82763,57.31492,57.55867,53.33854,48.09366,49.0102,49.16299,44.04543,41.7732,42.2019,37.36308,31.76476,39.39543,37.01351,40.60788,38.8973,39.20459,35.51056,33.61547,33.83785,35.17101,33.73426,32.01562,32.01562,32.38827,29.15476,29.06888,26.90725,26.24881,26.40076,19.72308,23.76973,24.73863,27.29469,28.07134,26.68333,29.73214,37.33631,34.66987,37.01351,38.60052,43.13931,41.03657,46.09772,43.18565,42.0119,46.75468,52.00961,47.50789,55.60576,54.40588,54.56189,56.72742,58.13777,60.60528,62.24147,63.65532,60.10824,60.87693,65.0,63.25346,71.70077,66.06815,77.07788,76.40026,71.61006,74.41102,72.00694,72.8011
8.94427,8.60233,8.60233,7.81025,8.48528,7.07107,7.2111,5.83095,6.7082,6.7082,6.32456,7.07107,7.07107,7.07107,8.0,8.06226,7.07107,8.06226,8.24621,8.544,8.544,9.48683,9.48683,10.77033,10.77033,11.18034,12.08305,12.08305,13.0,13.0,12.08305,13.0,13.0,12.64911,12.64911,12.36932,12.16553,11.18034,11.04536,11.04536,10.04988,10.0,9.0,9.0,9.0,8.06226,8.06226,7.28011,6.32456,6.32456,5.83095,5.0,61.68468,59.22837,56.921,50.28916,53.14132,53.22593,48.02083,46.32494,44.82187,44.94441,43.86342,41.03657,42.19005,37.80212,38.83298,36.24914,39.84972,44.38468,42.75512,42.75512,45.09989,45.01111,45.27693,49.09175,48.25971,52.95281,56.14268,57.87055,60.82763,62.0967,60.82763,67.18631,64.93843,73.24616,65.0,71.38627,73.68175,69.46222,71.06335,67.00746,68.00735,66.06815,64.12488,69.11584,60.40695,59.84146,56.08921,57.70615,53.60037,49.33559,45.88028,47.53946,44.29447,38.83298,35.60899,37.01351,30.61046,39.69887,39.82462,36.68787,36.40055,37.10795,37.48333,34.23449,34.1321,35.69314,36.05551,32.20248,31.90611,31.62278,31.14482,31.40064,26.41969,30.46309,26.30589,26.07681,27.01851,25.4951,31.30495,29.41088,34.66987,34.71311,35.60899,33.01515,35.35534,37.21559,42.95346,42.54409,47.16991,48.10405,43.32436,51.86521,51.41984,50.69517,50.96077,55.7853,61.84658,57.56735,60.44005,62.80127,63.24555,59.77458,58.69412,63.56099,66.21933,67.6757,71.86793,70.21396,70.2282,77.20104,75.43209,73.68175,75.18643,70.40597
10.29563,8.94427,9.43398,9.43398,8.60233,8.48528,8.48528,7.81025,7.2111,7.2111,8.06226,8.544,7.61577,8.24621,8.24621,9.05539,9.0,9.0,9.05539,9.05539,10.04988,10.19804,10.19804,11.18034,12.36932,12.36932,12.36932,13.34166,13.34166,13.34166,13.34166,13.15295,13.15295,13.15295,13.0384,13.0384,13.0,13.0384,12.04159,12.04159,11.04536,11.18034,11.18034,10.19804,10.19804,9.21954,8.544,8.544,7.61577,6.7082,6.40312,5.65685,68.26419,61.40033,56.08921,53.36666,47.07441,51.66237,48.8467,48.46648,40.31129,41.67733,46.04346,37.48333,40.36087,38.41875,41.40048,38.47077,48.33218,41.62932,43.32436,39.21734,47.67599,42.42641,47.26521,49.0408,43.01163,52.15362,50.03998,55.44367,55.3263,63.95311,57.55867,68.65858,62.20129,72.24957,66.75328,69.18092,69.35416,70.00714,66.00758,66.27217,68.06614,69.35416,59.68249,66.48308,63.56099,60.63827,63.24555,53.45091,53.85165,51.62364,49.76947,47.42362,45.18849,39.96248,40.60788,38.20995,32.01562,38.8973,43.41659,42.04759,45.04442,38.01316,40.60788,37.10795,39.56008,39.39543,35.34119,31.90611,33.94113,33.42155,30.80584,28.4605,31.257,27.89265,30.06659,27.07397,26.68333,28.4605,29.68164,25.6125,31.82766,31.89044,37.44329,35.77709,36.67424,35.17101,41.4367,36.87818,43.41659,44.40721,42.75512,48.37355,49.81967,47.51842,53.15073,54.45181,56.4358,58.07753,55.9017,64.28063,62.64982,63.95311,64.12488,63.12686,62.20129,65.62012,67.47592,70.02857,67.74216,80.05623,68.11755,72.11103,75.23962,71.25307
9.21954,9.05539,9.0,8.06226,8.0,7.0,8.24621,7.28011,7.28011,6.7082,7.61577,7.2111,7.2111,7.81025,7.07107,8.48528,7.81025,7.81025,8.06226,8.94427,9.43398,9.84886,9.84886,10.77033,11.18034,10.77033,12.08305,12.08305,13.0,13.0,12.52996,13.41641,13.41641,13.0384,13.0384,13.60147,12.80625,12.04159,11.31371,11.31371,11.31371,10.63015,10.63015,9.21954,9.43398,8.60233,8.06226,7.61577,7.61577,6.32456,6.08276,5.0,58.24946,65.51336,58.69412,53.75872,50.63596,49.49747,45.01111,46.01087,43.41659,37.48333,40.02499,42.72002,39.82462,40.31129,37.58989,36.06938,43.82921,37.48333,40.36087,40.60788,45.27693,41.6173,42.05948,48.30114,45.65085,55.54278,54.23099,53.45091,54.70832,61.84658,59.13544,60.08328,63.24555,64.84597,68.96376,69.89278,69.28925,67.1193,67.1193,67.53518,67.60178,69.11584,68.00735,66.21933,57.42822,59.66574,53.03772,56.40035,53.8145,48.10405,50.44799,45.0,44.40721,38.01316,37.12142,33.83785,28.28427,43.04649,39.01282,41.01219,40.26164,43.68066,38.8973,40.8534,41.88078,37.21559,39.69887,37.48333,34.65545,35.8469,32.64966,29.41088,33.73426,32.01562,32.14032,29.12044,27.73085,29.68164,31.82766,32.64966,31.06445,34.88553,29.96665,36.05551,31.04835,43.10452,40.60788,40.0125,47.04253,44.18144,44.40721,51.08816,48.83646,47.51842,52.23983,55.7315,56.7186,55.10898,60.87693,59.03389,62.64982,58.54912,68.88396,67.46851,62.64982,67.68309,72.36712,68.65858,69.72087,71.58911,75.13322,71.38627,73.1642,72.18033
8.94427,8.94427,8.544,8.544,7.28011,7.28011,7.07107,7.0,7.0,7.07107,7.07107,7.28011,7.28011,7.61577,6.7082,7.81025,7.81025,7.81025,8.48528,8.48528,9.21954,9.21954,8.60233,10.0,10.81665,10.81665,11.6619,12.20656,13.0384,13.0384,12.80625,12.80625,12.80625,12.04159,12.80625,12.72792,12.04159,11.40175,11.40175,11.40175,10.81665,10.81665,9.43398,8.94427,8.94427,8.06226,7.61577,7.28011,7.28011,6.08276,6.0,5.0,63.60031,59.20304,60.03332,52.63079,49.39636,45.79301,41.4367,43.01163,47.01064,38.60052,44.72136,38.11824,42.04759,39.11521,39.11521,34.9285,38.8973,41.23106,38.07887,42.95346,46.87217,41.88078,44.59821,47.38143,45.34314,48.10405,51.62364,53.90733,54.48853,60.46487,57.2014,62.80127,63.03174,65.19202,67.20119,67.35726,69.31089,67.17887,66.70832,68.68042,65.79514,68.24954,66.0303,64.89992,61.58734,58.66856,54.58938,50.53712,49.24429,43.82921,44.92215,46.17359,44.64303,38.0,33.06055,33.0,29.42788,45.22168,46.06517,45.48626,44.20407,46.75468,43.84062,41.23106,40.22437,40.70626,38.27532,37.33631,36.01389,36.05551,38.0526,36.12478,30.08322,32.57299,35.22783,31.06445,29.83287,30.01666,34.0147,32.31099,32.57299,36.01389,34.05877,31.06445,34.36568,39.56008,42.37924,39.0,46.09772,50.08992,44.72136,47.85394,46.95743,48.8774,52.7731,51.97115,59.5399,55.80323,57.3062,60.90156,61.29437,58.66856,58.24946,64.3506,66.24198,64.88451,71.02112,68.26419,73.24616,77.42093,75.43209,74.62573,77.20104,70.0
11.0,10.0,9.05539,10.19804,9.21954,8.24621,8.544,8.544,8.06226,7.61577,8.06226,7.81025,7.81025,8.48528,7.81025,8.60233,8.60233,8.06226,8.94427,8.94427,8.94427,9.84886,9.84886,10.77033,11.7047,11.7047,12.64911,12.64911,12.64911,13.60147,13.0,13.0,13.92839,13.0,13.41641,12.52996,13.0384,12.20656,11.40175,11.40175,11.40175,10.63015,10.63015,9.89949,9.21954,9.21954,8.60233,8.06226,7.61577,7.61577,6.32456,6.32456,70.61161,58.54912,62.28965,51.0098,52.23983,60.03332,47.04253,47.16991,43.73786,48.83646,40.8534,40.71855,46.09772,38.47077,38.94868,42.52058,44.68781,38.8973,42.63801,39.69887,49.20366,44.10215,47.42362,49.98,41.4367,49.64877,50.28916,54.81788,53.36666,56.32051,60.63827,66.76077,62.64184,68.15424,61.61169,75.23962,71.86793,67.41662,70.77429,68.942,67.08204,63.13478,67.95587,66.03787,60.60528,58.60034,56.72742,57.31492,50.93133,50.91169,46.8615,43.27817,42.05948,40.8534,41.23106,36.76955,31.32092,41.4367,45.0,48.25971,50.01,44.92215,44.72136,41.67733,45.48626,44.10215,40.36087,40.36087,37.64306,39.66106,39.96248,39.92493,34.23449,36.22154,36.12478,34.52535,36.34556,30.67572,38.07887,31.1127,33.94113,37.53665,34.98571,35.4683,38.27532,39.29377,47.80167,36.13862,44.14748,43.10452,41.59327,46.0,49.09175,47.04253,50.01,55.0,59.07622,61.0,56.14268,66.0303,60.07495,66.1211,66.1211,65.00769,64.03124,66.0303,68.18358,69.26038,74.16873,79.1012,65.9242,73.97973,77.31753,73.5527
10.81665,10.29563,8.94427,9.84886,8.544,8.544,9.21954,8.06226,8.06226,8.0,9.0,9.05539,8.24621,8.24621,8.544,9.84886,8.94427,8.94427,9.43398,10.0,9.43398,10.0,10.0,11.40175,11.40175,12.04159,12.72792,12.80625,14.21267,13.45362,13.60147,13.60147,13.60147,13.0384,13.0384,13.41641,13.41641,13.0,11.7047,11.7047,11.40175,11.40175,10.44031,10.19804,9.05539,9.21954,9.05539,8.0,8.0,7.07107,7.28011,6.08276,66.21933,61.61169,55.97321,55.31727,50.93133,53.15073,52.15362,46.64762,46.04346,43.82921,42.15448,43.65776,42.2019,38.32754,41.30375,41.4367,44.01136,42.19005,39.81206,42.05948,46.84015,44.92215,46.51881,47.42362,47.01064,46.06517,51.31277,56.85948,57.2014,63.82006,60.74537,63.24555,63.28507,71.02112,67.00746,70.23532,67.23095,68.47627,72.01389,71.17584,65.9242,64.62198,64.19502,68.68042,62.36185,59.43904,54.58938,56.4358,51.24451,44.40721,47.04253,45.01111,44.01136,39.62323,41.48494,36.24914,30.01666,47.50789,42.63801,44.68781,43.82921,43.26662,38.94868,38.48376,41.23106,40.80441,40.1995,38.01316,37.12142,39.20459,36.40055,35.1141,29.06888,30.80584,28.3196,31.14482,24.69818,26.07681,27.85678,29.15476,33.24154,33.13608,35.0571,32.55764,38.07887,34.48188,41.62932,41.59327,40.81666,40.45986,40.60788,47.01064,47.01064,50.24938,47.42362,51.73973,55.22681,57.31492,57.38467,60.1415,63.12686,58.13777,64.38167,65.05382,64.03124,67.20863,68.593,70.00714,75.69016,79.9062,73.53911,76.36753,71.50524,73.53911
10.81665,11.40175,10.63015,9.89949,9.89949,9.21954,8.60233,8.06226,8.94427,8.544,8.544,8.24621,9.21954,8.06226,8.06226,9.0,9.05539,9.0,9.05539,9.21954,9.21954,10.44031,10.44031,10.77033,11.7047,11.7047,13.0,13.0,13.0,13.0,12.64911,13.60147,13.60147,12.64911,13.60147,13.34166,13.15295,12.04159,12.04159,12.04159,12.0,11.0,11.0,10.0,10.04988,9.05539,9.21954,8.24621,8.544,7.61577,7.2111,7.2111,66.7308,65.29931,61.85467,60.20797,57.42822,56.63921,48.9183,53.74012,43.27817,49.49747,42.43819,41.34005,42.54409,40.49691,39.0,41.30375,45.27693,44.10215,46.04346,43.18565,49.64877,45.39824,44.38468,52.63079,52.49762,52.20153,55.71355,60.83584,59.23681,59.5399,65.74192,70.21396,65.39113,71.55418,71.30919,74.46476,72.23573,73.92564,74.0,69.89278,62.36185,66.70832,67.60178,67.36468,67.36468,58.30952,60.00833,61.0082,52.08647,52.03845,48.16638,48.50773,42.44997,43.32436,39.81206,42.05948,36.71512,43.86342,46.87217,45.61798,46.51881,46.32494,46.32494,41.7732,41.04875,43.01163,38.20995,40.02499,38.32754,38.07887,36.71512,32.80244,33.30165,33.94113,29.83287,34.1321,28.16026,31.01612,33.0,31.01612,37.85499,31.95309,29.41088,38.27532,40.80441,32.20248,44.04543,36.06938,46.8615,41.40048,40.0,45.60702,48.83646,46.14109,50.44799,51.22499,57.62812,57.80138,57.42822,64.14047,63.25346,64.03124,66.37017,65.21503,71.02816,72.47068,73.4983,73.57309,77.80103,77.02597,69.63476,84.59905,69.11584,71.02816
11.0,10.0,10.04988,10.04988,9.05539,8.24621,8.24621,8.544,7.61577,8.06226,8.06226,7.81025,7.81025,7.81025,7.81025,8.60233,8.06226,8.06226,8.06226,8.94427,8.94427,9.84886,9.48683,10.44031,10.44031,10.44031,11.40175,12.36932,11.40175,12.36932,11.7047,12.64911,13.0,12.08305,13.0,12.52996,12.52996,11.6619,10.81665,10.81665,10.63015,10.0,10.63015,9.21954,9.21954,8.48528,8.60233,7.81025,8.06226,6.7082,6.32456,6.08276,67.02984,59.07622,63.28507,52.0,52.0,51.0098,51.1957,52.61179,48.50773,42.05948,41.10961,42.04759,41.34005,39.96248,37.44329,36.87818,47.38143,42.2019,42.0119,42.19005,50.15974,47.41308,42.37924,48.33218,49.0408,50.32892,52.49762,54.74486,57.97413,61.98387,59.22837,64.93843,59.03389,67.68309,67.08204,68.96376,69.37579,72.8011,62.62587,68.70953,62.96825,68.42514,63.50591,63.13478,58.83026,56.85948,58.24946,56.61272,53.90733,49.20366,48.10405,45.27693,44.40721,41.04875,39.35734,38.91015,34.48188,41.0,44.40721,45.09989,42.0119,42.57934,41.23106,39.56008,39.21734,42.48529,38.27532,37.64306,36.12478,38.28838,37.21559,31.30495,33.61547,31.32092,29.15476,31.257,24.73863,25.31798,29.96665,29.68164,27.65863,29.06888,35.0,32.75668,34.48188,34.48188,39.92493,40.16217,41.4367,43.56604,43.17407,45.27693,45.89118,43.28972,51.24451,49.25444,54.14795,58.00862,56.56854,59.21149,62.39391,58.13777,66.00758,62.39391,66.27217,68.73136,66.0303,71.25307,75.16648,72.0,70.02857,83.0542,79.02531,75.05998
10.04988,10.04988,9.0,9.0,8.0,8.06226,8.24621,7.28011,7.61577,6.7082,7.61577,7.2111,6.40312,7.07107,7.07107,7.81025,7.81025,7.2111,8.06226,8.06226,8.94427,8.94427,8.94427,9.48683,10.77033,10.77033,11.7047,11.7047,13.0,11.7047,12.08305,12.08305,12.08305,11.18034,11.6619,11.6619,11.40175,10.63015,10.63015,10.63015,9.89949,9.89949,9.21954,9.21954,8.60233,8.60233,7.61577,7.61577,6.32456,6.08276,6.08276,5.0,61.09828,65.0,58.0517,54.91812,56.56854,52.46904,49.16299,46.09772,44.10215,45.0,45.27693,41.59327,43.32436,42.15448,40.31129,38.27532,39.96248,40.36087,36.40055,47.01064,48.10405,46.69047,44.10215,48.01042,45.22168,55.47071,51.88449,52.39275,57.24509,62.16912,54.58938,59.9333,62.17717,65.29931,66.18912,68.96376,66.57327,68.50547,67.20119,66.8431,66.70832,63.89053,65.19202,65.19202,58.79626,62.93648,54.03702,59.40539,51.0392,49.39636,46.06517,44.29447,41.18252,39.84972,39.56008,35.51056,30.01666,45.35416,42.0,45.04442,40.1995,45.88028,41.78516,37.33631,38.58756,39.11521,40.60788,38.94868,35.35534,36.12478,35.8469,31.95309,29.83287,29.12044,28.0,26.07681,26.24881,21.93171,30.0,28.3196,26.24881,33.01515,35.22783,34.78505,35.73514,34.52535,37.10795,40.1995,40.11234,40.0,44.18144,42.04759,47.16991,48.25971,49.0102,50.08992,55.22681,52.34501,56.4358,54.91812,61.13101,58.42089,63.95311,69.26038,61.40033,65.37584,70.5762,68.593,75.66373,75.31268,76.11833,76.11833,77.10383,74.95332
10.63015,9.21954,10.0,10.0,8.60233,8.06226,8.06226,7.61577,7.61577,7.28011,8.06226,8.0,8.0,8.0,8.06226,8.24621,8.24621,8.24621,8.544,8.544,8.544,8.94427,8.94427,10.29563,10.81665,10.81665,11.6619,11.6619,13.0384,12.20656,11.6619,12.08305,12.08305,12.08305,13.0,11.7047,11.7047,11.40175,11.40175,10.19804,10.04988,10.04988,10.0,9.0,9.0,8.06226,8.06226,7.28011,7.28011,6.32456,6.7082,6.40312,65.51336,59.40539,64.66065,51.08816,57.48913,50.9902,53.07542,51.85557,43.60046,45.48626,43.04649,40.71855,41.4367,40.49691,40.5216,43.10452,46.09772,43.0,42.10701,44.10215,45.70558,44.72136,45.35416,47.53946,51.41984,51.24451,53.85165,56.36488,58.18075,62.64982,65.39113,70.38466,64.2573,64.2573,69.857,67.44627,68.94926,70.88018,71.06335,69.63476,67.08204,65.76473,65.9242,69.11584,59.21149,61.03278,59.00847,58.30952,49.09175,53.93515,46.09772,44.92215,44.14748,41.10961,39.39543,38.48376,33.42155,43.46263,39.11521,43.60046,42.44997,43.13931,46.87217,41.67733,41.23106,40.16217,39.21734,38.20995,38.11824,37.01351,31.57531,32.75668,33.61547,32.24903,28.42534,27.58623,27.65863,27.29469,28.23119,26.30589,28.16026,28.07134,33.95585,32.57299,35.1141,36.23534,37.20215,39.11521,40.60788,38.60052,41.10961,43.86342,47.20169,45.27693,51.08816,53.74012,55.86591,55.97321,60.1415,61.52235,57.98276,63.65532,63.03174,64.3506,65.79514,69.35416,71.70077,72.91776,74.41102,80.1561,73.66139,80.65978,74.41102,78.81624
10.04988,9.21954,9.21954,9.48683,8.544,8.544,8.06226,8.06226,7.2111,7.81025,7.81025,7.81025,8.60233,8.60233,8.60233,8.94427,8.94427,8.94427,9.48683,9.48683,10.44031,10.19804,10.44031,11.18034,12.36932,12.16553,12.16553,13.34166,13.34166,14.31782,13.34166,13.34166,13.34166,13.60147,13.60147,12.64911,13.0,12.08305,11.6619,11.6619,11.6619,10.81665,10.81665,10.0,9.21954,9.21954,8.48528,8.48528,7.81025,7.2111,6.7082,5.38516,67.06713,61.03278,64.00781,53.23533,53.15073,50.03998,49.24429,52.63079,46.23851,47.16991,47.01064,41.14608,48.25971,43.82921,43.93177,43.27817,45.27693,41.04875,44.29447,42.05948,52.7731,42.04759,49.64877,51.24451,51.24451,52.63079,59.43904,56.32051,60.20797,65.49046,64.77654,67.60178,64.93843,71.19691,67.89698,74.2159,70.83078,69.857,70.2282,73.73602,64.84597,68.15424,67.53518,64.62198,66.7308,59.68249,60.0,54.3783,56.30275,53.2635,50.20956,48.08326,43.84062,42.52058,37.73592,34.1321,33.61547,43.17407,42.29657,41.10961,44.04543,39.62323,38.83298,37.10795,39.0,39.82462,39.11521,35.60899,38.28838,33.01515,33.83785,30.88689,28.79236,28.86174,27.16616,27.07397,24.33105,25.63201,30.23243,26.90725,27.80288,34.71311,29.15476,31.7805,36.24914,38.83298,41.10961,38.47077,40.31129,41.19466,39.20459,47.01064,42.42641,43.10452,47.51842,52.00961,55.03635,56.0357,58.00862,58.03447,63.3877,57.07889,60.67125,60.0,64.49806,65.12296,66.48308,72.06247,72.06247,78.02564,72.00694,77.05842,78.05767,75.05998
10.29563,10.0,10.0,9.21954,9.21954,8.48528,8.60233,8.60233,8.06226,8.94427,8.94427,8.544,8.544,8.24621,8.24621,10.04988,9.05539,10.0,10.0,10.04988,10.04988,10.19804,11.04536,12.16553,12.16553,13.15295,13.15295,14.31782,14.31782,14.31782,14.14214,14.14214,14.03567,14.03567,14.03567,14.0,13.0384,13.0384,12.16553,12.16553,12.16553,11.40175,11.18034,10.19804,9.48683,9.48683,8.94427,8.544,8.06226,7.2111,7.07107,5.65685,61.46544,62.93648,62.24147,56.4358,52.7731,49.24429,49.40648,53.07542,46.04346,48.83646,45.22168,44.65423,44.94441,43.82921,40.24922,44.27189,44.38468,42.72002,40.79216,45.27693,51.0392,47.26521,50.0,50.03998,50.24938,49.25444,57.21888,58.24946,60.40695,66.94027,58.94065,66.4906,63.28507,71.84706,72.56721,71.44928,71.56815,71.44928,73.00685,71.02816,69.00725,67.02984,66.18912,65.37584,61.52235,65.30697,57.07013,59.66574,53.14132,49.98,47.01064,43.38202,42.05948,38.83298,35.4683,36.06938,34.82815,43.13931,41.10961,43.56604,42.48529,42.15448,37.64306,40.60788,40.04997,37.0,40.0125,37.65634,33.52611,34.0147,32.20248,33.54102,31.14482,28.42534,29.15476,21.0238,27.85678,23.34524,26.01922,29.42788,30.08322,34.53983,32.64966,32.80244,41.86884,38.28838,40.31129,36.79674,41.6173,39.82462,39.44617,44.94441,46.64762,44.94441,48.54894,49.1935,56.0803,52.35456,55.47071,55.47071,61.7171,59.05929,57.42822,64.88451,67.42403,64.88451,73.3553,71.11259,70.83078,72.91776,71.58911,79.15807,74.24958,72.8011
10.81665,10.81665,10.63015,10.63015,9.89949,8.48528,9.21954,8.60233,8.94427,8.06226,8.94427,8.544,8.544,9.21954,8.24621,9.05539,9.0,9.0,9.0,9.05539,10.04988,10.19804,10.19804,11.18034,11.40175,11.40175,12.36932,12.36932,13.34166,13.34166,13.34166,13.15295,13.34166,13.15295,13.15295,13.0384,13.0,12.04159,12.04159,12.04159,12.16553,11.18034,11.18034,10.19804,10.44031,9.21954,9.48683,8.544,7.61577,8.06226,7.81025,7.07107,65.9242,60.41523,58.59181,55.03635,58.59181,55.80323,50.60632,50.32892,45.25483,50.24938,43.13931,40.0,46.40043,37.57659,45.79301,41.10961,46.17359,46.52956,45.39824,42.42641,52.08647,48.16638,51.15662,54.08327,52.23983,57.55867,49.64877,65.73431,59.03389,59.77458,61.68468,68.88396,61.61169,74.95332,65.73431,73.68175,70.5762,70.5762,70.00714,68.00735,65.12296,66.00758,65.00769,72.02777,66.37017,63.95311,58.24946,57.27128,54.12024,50.28916,49.64877,45.69464,44.28318,38.27532,39.82462,37.80212,36.79674,42.44997,44.40721,43.909,45.18849,40.49691,43.41659,42.57934,41.04875,40.0125,38.0526,36.49658,36.13862,40.49691,35.51056,36.76955,31.40064,32.20248,28.6531,31.30495,32.55764,30.80584,36.05551,32.01562,33.73426,32.01562,36.76955,34.48188,38.94868,37.53665,41.7732,37.48333,47.63402,45.80393,45.80393,48.27007,47.16991,48.01042,52.00961,54.40588,57.2014,57.68882,55.44367,61.05735,61.29437,59.16925,65.74192,65.51336,66.37017,67.23095,69.97142,75.16648,73.92564,77.82031,76.15773,71.86793,72.06941,72.61543
10.0,9.43398,9.43398,9.43398,8.94427,8.544,8.544,8.24621,8.06226,8.06226,8.06226,8.0,8.06226,8.06226,8.24621,9.48683,8.544,8.544,8.94427,8.94427,8.94427,10.0,10.81665,10.81665,11.40175,12.20656,12.20656,13.60147,13.60147,13.60147,13.0384,13.0384,13.0384,13.0384,13.89244,12.52996,13.0,11.7047,11.7047,11.7047,11.40175,10.44031,10.19804,10.19804,9.21954,9.05539,9.0,8.0,8.0,7.07107,7.07107,6.32456,71.70077,60.30755,60.82763,53.07542,55.15433,50.60632,50.93133,48.27007,45.48626,44.72136,45.61798,38.32754,45.22168,42.42641,37.65634,38.0526,47.09565,45.0,40.31129,46.09772,48.70318,46.17359,43.65776,50.32892,53.22593,54.12947,55.07268,54.20332,57.98276,63.00794,63.24555,63.81222,62.43397,67.1193,66.88797,65.8635,70.23532,70.66116,73.34848,71.69379,68.942,68.00735,64.19502,64.84597,60.41523,60.67125,56.4358,57.87055,50.15974,48.09366,48.09366,47.01064,41.04875,42.42641,36.68787,37.94733,34.53983,44.41846,44.68781,43.86342,45.22168,44.40721,40.31129,42.15448,38.32754,38.63936,38.32754,39.01282,38.0,36.01389,36.67424,32.89377,34.0,33.12099,30.4795,28.28427,29.52965,28.79236,30.08322,31.06445,28.01785,30.06659,34.9285,34.20526,37.16181,39.35734,40.49691,38.60052,39.62323,44.20407,38.20995,46.01087,47.20169,51.85557,51.22499,52.49762,55.31727,54.45181,55.31727,56.58622,62.93648,58.69412,68.76772,63.65532,64.3506,65.19202,71.42129,73.5527,70.72482,72.12489,72.12489,77.46612,74.02702,78.74643
11.0,10.04988,10.19804,9.21954,9.21954,8.24621,8.544,8.544,8.06226,8.06226,8.06226,7.81025,7.81025,8.48528,8.48528,8.60233,8.60233,8.60233,8.94427,8.94427,8.94427,9.84886,9.84886,10.77033,10.77033,11.7047,11.7047,12.64911,12.64911,13.60147,13.0,13.0,13.0,12.52996,12.52996,13.0384,12.20656,11.40175,11.40175,12.04159,10.63015,11.31371,9.89949,9.89949,10.0,9.21954,8.06226,8.06226,7.61577,7.61577,6.32456,6.08276,69.35416,62.28965,59.00847,59.00847,57.21888,51.35173,54.33231,50.69517,46.32494,42.72002,45.31004,43.08132,38.47077,43.909,42.2019,41.72529,44.59821,38.94868,42.0119,40.22437,47.16991,48.02083,44.77723,47.01064,49.24429,51.97115,56.04463,56.75385,57.27128,62.36986,60.01666,63.95311,63.95311,65.62012,66.28725,65.52099,69.63476,68.68042,66.85058,65.0,67.62396,67.08204,65.74192,62.17717,57.68882,63.51378,58.41233,55.60576,48.60041,50.44799,42.42641,46.01087,46.2277,43.82921,39.11521,33.10589,31.95309,43.08132,43.17407,42.57934,43.04649,44.10215,39.29377,42.75512,38.8973,42.15448,40.0,39.20459,37.80212,41.10961,35.0,33.10589,31.38471,32.75668,29.42788,28.07134,30.01666,30.67572,30.80584,33.42155,34.82815,32.01562,33.24154,34.48188,32.69557,37.33631,41.23106,38.8973,40.5216,41.59327,46.52956,45.54119,47.67599,52.15362,48.37355,53.15073,52.23983,53.33854,59.4138,60.20797,63.3877,59.07622,67.36468,67.1193,67.18631,67.47592,71.00704,73.06162,75.16648,79.02531,74.02702,73.00685,69.06519,70.02857
11.18034,11.18034,10.29563,9.43398,8.60233,8.60233,8.48528,8.48528,8.48528,7.2111,8.60233,8.06226,7.61577,7.61577,8.544,8.24621,8.06226,8.06226,8.0,8.0,9.05539,9.05539,9.05539,10.04988,10.19804,10.44031,11.18034,12.16553,12.16553,12.16553,12.16553,12.04159,12.04159,12.04159,12.04159,12.0,12.04159,11.18034,11.18034,10.19804,10.44031,10.44031,9.48683,9.48683,8.544,8.544,8.06226,7.2111,7.81025,7.07107,6.40312,5.83095,69.35416,65.8635,64.14047,56.85948,56.30275,56.22277,54.20332,53.41348,44.59821,48.83646,44.04543,44.10215,45.27693,45.48626,43.46263,42.95346,44.64303,39.31921,44.40721,40.0125,45.39824,48.16638,46.52956,47.67599,51.97115,49.0306,50.96077,54.78138,55.36244,61.68468,56.46238,65.55151,65.45991,66.12866,63.90618,73.05477,72.12489,65.25335,68.15424,69.42622,65.9242,64.62971,69.35416,61.29437,64.19502,60.03332,56.22277,55.22681,55.57877,47.29693,50.96077,45.22168,45.22168,41.62932,39.44617,35.35534,31.89044,44.41846,44.55334,41.01219,42.0119,42.19005,42.54409,40.5216,40.31129,44.55334,43.18565,36.34556,36.34556,35.90265,36.05551,30.01666,31.90611,31.241,29.41088,27.45906,28.86174,25.31798,33.73426,32.01562,32.14032,30.36445,35.44009,35.73514,40.70626,38.60052,42.44997,37.64306,48.79549,41.23106,43.27817,49.0408,48.79549,47.63402,56.22277,54.67175,58.25805,60.46487,60.30755,66.85058,66.4003,62.62587,64.03124,66.61081,68.41053,68.88396,76.40026,74.63243,76.40026,75.29276,72.67049,81.12336,83.48653,80.06248
10.44031,9.48683,9.84886,9.84886,8.94427,8.94427,9.21954,7.81025,7.07107,8.48528,8.48528,8.60233,8.06226,8.06226,7.61577,9.48683,9.21954,8.24621,9.05539,9.05539,9.05539,10.04988,10.04988,11.0,11.04536,11.0,12.04159,13.0,13.0,13.0,13.0,13.0384,13.0384,13.0384,13.0384,12.16553,13.34166,12.64911,11.7047,11.7047,11.7047,10.77033,10.77033,9.84886,8.94427,8.06226,8.60233,7.81025,7.81025,7.07107,6.40312,5.83095,65.80274,63.60031,62.62587,56.30275,54.626,51.62364,52.35456,53.7122,45.48626,46.2277,41.03657,44.55334,43.01163,41.86884,39.82462,42.05948,44.10215,42.37924,37.0,43.93177,46.69047,43.56604,46.01087,49.0408,47.01064,51.0,53.03772,57.42822,58.69412,60.53098,60.67125,62.80127,66.48308,64.62971,68.06614,68.02941,67.47592,68.35934,70.06426,66.00758,69.0,66.75328,65.30697,67.74216,59.43904,61.18823,58.24088,53.85165,48.76474,45.22168,48.33218,49.76947,40.70626,37.21559,41.01219,35.4683,32.44996,44.94441,43.82921,43.08132,42.05948,41.59327,39.45884,39.05125,42.04759,37.33631,39.05125,35.8469,33.10589,34.0,34.65545,33.24154,33.42155,31.90611,28.17801,23.76973,28.63564,28.01785,32.14032,27.20294,26.41969,33.01515,33.42155,33.30165,33.94113,36.40055,38.47077,34.98571,45.17743,39.35734,40.70626,48.76474,45.65085,44.38468,51.47815,51.26402,55.97321,54.70832,61.35145,59.48109,57.93962,57.27128,68.62215,66.30988,64.07808,69.28925,72.11103,68.00735,73.05477,73.68175,67.18631,75.89466,75.27284,76.24303
10.19804,9.05539,9.0,9.05539,8.0,8.0,7.07107,8.06226,7.07107,7.61577,7.28011,6.7082,7.2111,7.2111,7.2111,7.81025,7.81025,7.81025,7.81025,8.60233,7.81025,8.60233,8.06226,9.84886,10.29563,9.84886,11.18034,11.18034,11.18034,12.08305,11.6619,11.6619,12.20656,12.20656,11.40175,11.40175,12.04159,11.31371,9.89949,10.63015,10.0,10.0,8.60233,8.60233,8.06226,8.06226,7.61577,7.28011,7.28011,6.08276,6.08276,5.0,69.46222,62.39391,61.40033,56.61272,57.28001,53.60037,51.62364,52.23983,48.16638,50.01,47.67599,45.54119,46.38965,41.7732,44.27189,40.81666,41.59327,42.54409,45.45327,45.60702,44.20407,46.75468,49.20366,46.2277,49.0408,50.44799,52.43091,58.18075,58.5235,64.66065,58.59181,67.74216,64.3506,67.74216,66.18912,69.89278,71.61006,67.6757,73.10951,66.8431,64.38167,67.88225,65.76473,68.62215,61.84658,60.60528,57.68882,59.40539,51.97115,49.1935,43.38202,46.23851,45.22168,40.80441,36.13862,34.05877,31.14482,38.63936,41.10961,41.4367,42.72002,41.10961,42.04759,37.73592,34.66987,34.82815,37.53665,32.64966,31.90611,39.44617,34.0147,32.01562,31.257,31.0,26.4764,29.41088,27.29469,24.41311,31.82766,29.20616,30.23243,30.8707,37.94733,34.52535,35.35534,40.0,40.0125,35.0571,41.10961,44.40721,42.57934,41.4367,49.72927,49.0408,55.44367,52.88667,58.85576,55.10898,61.39218,59.03389,62.80127,60.82763,65.25335,70.40597,66.28725,70.21396,70.0928,71.30919,74.33034,79.81228,78.44743,73.76313,76.24303,69.26038
10.29563,9.84886,9.48683,9.48683,8.24621,8.24621,8.06226,8.0,8.0,7.0,8.06226,8.24621,7.07107,7.28011,7.28011,8.06226,8.06226,8.06226,7.81025,7.81025,7.81025,8.48528,8.48528,9.89949,9.89949,9.89949,11.31371,11.31371,11.31371,12.04159,11.31371,12.04159,12.04159,12.04159,12.04159,11.40175,11.6619,11.18034,10.29563,9.84886,9.84886,9.84886,9.48683,8.544,8.24621,7.28011,7.07107,7.07107,7.0,6.08276,6.08276,5.38516,64.89992,62.42596,62.26556,56.4358,56.82429,54.58938,46.14109,51.26402,43.9659,49.81967,43.41659,44.28318,46.09772,39.0,46.09772,41.59327,45.22168,43.17407,42.72002,43.65776,50.08992,46.51881,45.60702,47.80167,45.48626,50.80354,48.9183,54.45181,55.22681,61.55485,60.1415,69.31089,61.55485,64.44377,63.70243,66.52819,71.58911,67.47592,69.63476,63.24555,64.14047,64.00781,64.88451,63.50591,65.9242,58.18935,59.23681,54.70832,50.44799,48.05206,46.32494,48.6621,45.17743,38.0526,39.31921,32.75668,35.73514,39.05125,39.56008,37.0,42.05948,37.44329,38.94868,37.64306,35.60899,38.83298,36.05551,34.43835,32.57299,36.40055,38.83298,35.01428,26.92582,29.41088,29.06888,25.55386,28.84441,27.80288,30.0,31.01612,28.16026,31.7805,33.37664,37.12142,39.20459,37.65634,37.33631,35.73514,39.81206,44.59821,44.38468,42.05948,43.86342,45.31004,50.69517,49.1935,54.70832,56.85948,53.7122,63.07139,59.5063,60.37384,69.46222,65.79514,62.64982,67.54258,70.3278,74.30343,76.02631,79.25907,70.3278,78.77182,76.32169,75.45197
9.48683,9.48683,9.21954,9.21954,9.05539,8.06226,8.0,8.06226,8.0,6.08276,8.24621,7.28011,7.28011,6.7082,7.61577,7.2111,7.2111,7.81025,7.07107,7.81025,7.81025,8.60233,8.60233,9.43398,9.43398,10.29563,11.6619,10.81665,12.20656,11.6619,12.20656,12.20656,12.20656,11.40175,12.04159,11.31371,11.31371,11.40175,10.63015,10.0,9.43398,9.43398,9.43398,8.94427,8.94427,7.61577,7.61577,7.28011,7.07107,6.08276,6.0,6.08276,61.61169,61.22091,63.06346,57.14018,56.35601,57.70615,52.55473,52.39275,43.9659,47.12749,43.73786,43.28972,46.38965,39.05125,41.04875,42.57934,40.5216,44.92215,43.08132,40.24922,48.76474,42.54409,45.0,49.20366,44.20407,51.66237,50.93133,55.15433,55.86591,63.41136,60.959,67.20863,65.05382,72.24957,66.52819,68.593,68.76772,64.66065,68.88396,71.61006,63.00794,66.85058,64.63745,66.88797,60.82763,57.38467,54.78138,56.0803,50.56679,50.0,47.53946,46.09772,42.75512,42.19005,39.0,36.22154,31.01612,41.23106,42.72002,39.39543,43.909,41.40048,42.42641,40.45986,36.71512,39.11521,38.47077,34.0147,34.71311,36.67424,38.63936,31.0,30.26549,29.41088,24.35159,27.313,25.6125,30.61046,28.42534,26.24881,32.69557,29.83287,33.13608,32.06244,36.22154,40.02499,38.63936,38.27532,38.8973,35.4683,42.95346,42.48529,48.46648,44.38468,47.01064,50.15974,51.89412,56.60389,58.13777,56.36488,61.7414,60.41523,64.07808,66.18912,68.96376,68.0,69.11584,70.49113,75.13322,74.43118,71.69379,78.39005,73.4983,71.56116
10.04988,9.05539,9.0,9.0,9.0,8.06226,8.24621,7.28011,7.28011,6.32456,6.7082,7.2111,7.2111,7.07107,6.40312,7.81025,7.07107,7.2111,7.2111,7.61577,8.06226,8.544,8.94427,9.48683,9.84886,9.48683,10.77033,11.7047,10.77033,11.7047,11.7047,12.08305,12.08305,11.18034,11.18034,11.6619,12.20656,11.40175,10.0,9.21954,9.89949,9.89949,9.21954,7.81025,8.60233,7.81025,7.2111,6.7082,6.32456,6.08276,6.08276,5.0,66.48308,68.00735,62.20129,59.4138,55.7315,54.58938,49.49747,51.26402,44.38468,48.46648,44.29447,43.909,40.80441,44.59821,44.20407,45.27693,44.59821,40.22437,41.6173,48.33218,49.65884,47.42362,45.88028,47.67599,49.0408,51.97115,51.97115,55.14526,56.22277,61.20457,58.03447,64.49806,64.19502,69.46222,69.02898,70.21396,72.69113,70.40597,71.80529,69.42622,67.44627,68.94926,67.41662,64.62198,63.15853,59.03389,59.05929,56.60389,52.69725,46.87217,45.60702,44.20407,43.86342,42.0119,38.60052,33.28663,32.20248,39.96248,43.41659,44.38468,45.89118,45.01111,41.04875,39.45884,38.32754,41.23106,41.67733,38.07887,34.66987,36.87818,38.8973,34.4093,30.01666,32.75668,29.12044,31.06445,29.06888,29.27456,29.61419,28.6531,32.01562,38.18377,33.24154,33.01515,35.51056,37.57659,38.94868,37.33631,40.80441,40.26164,43.41659,45.22168,46.87217,51.41984,49.24429,50.01,53.60037,52.63079,57.07013,62.36986,66.28725,57.48913,71.19691,67.26812,68.24954,67.60178,72.36712,72.99315,73.75636,76.65507,75.32596,83.21658,78.05767,76.1643
10.44031,10.44031,8.544,9.48683,8.94427,8.06226,8.06226,7.2111,7.2111,7.07107,7.81025,7.2111,7.2111,7.61577,7.61577,7.61577,8.24621,7.28011,8.06226,9.05539,9.05539,9.05539,9.05539,10.0,11.0,11.0,12.0,12.04159,13.0384,12.0,12.04159,12.16553,13.0384,12.16553,12.36932,11.18034,12.36932,11.7047,11.7047,10.77033,10.29563,10.29563,8.94427,9.43398,8.60233,8.60233,7.81025,7.07107,6.40312,6.40312,5.83095,5.38516,67.1193,66.1211,60.07495,61.0082,54.23099,50.0,47.51842,50.21952,43.68066,45.88028,42.95346,43.82921,48.30114,40.49691,43.82921,43.86342,42.42641,38.8973,43.60046,47.16991,50.11986,44.28318,44.59821,50.28916,47.53946,50.92151,52.63079,57.87055,57.28001,63.34824,59.22837,67.74216,66.09841,65.73431,67.08204,69.37579,69.64194,69.37579,67.6757,69.57011,67.23095,66.30988,65.29931,64.88451,61.40033,62.43397,57.80138,56.85948,53.00943,48.01042,49.67897,44.68781,42.0119,41.04875,38.94868,30.88689,32.89377,43.46263,41.7732,41.10961,44.0,40.04997,39.20459,36.87818,36.40055,35.4683,41.59327,36.89173,35.80503,36.12478,39.05125,29.15476,27.51363,27.85678,27.07397,31.06445,27.45906,27.45906,30.41381,26.62705,32.80244,31.89044,32.01562,34.9285,33.24154,35.1141,43.32436,36.68787,40.79216,39.31921,45.12206,45.54119,45.54119,46.27094,51.24451,51.62364,56.32051,54.33231,60.29925,63.1981,62.514,60.40695,66.75328,69.72087,69.18092,72.44308,73.33485,71.11259,75.23962,82.05486,73.0,77.05842,77.05842,74.00676
10.63015,9.89949,9.21954,9.89949,9.21954,8.60233,8.06226,7.61577,7.61577,7.28011,8.24621,8.06226,8.0,8.0,8.0,8.06226,9.21954,9.21954,9.48683,9.48683,9.48683,9.84886,9.84886,11.18034,11.18034,11.18034,12.52996,12.52996,14.31782,13.41641,13.0,13.92839,13.92839,13.0,12.64911,12.64911,13.34166,12.16553,12.16553,12.16553,11.04536,11.04536,10.0,10.0,9.05539,9.05539,8.24621,8.24621,7.28011,6.32456,6.7082,5.83095,64.88451,67.06713,66.24198,63.69458,60.82763,57.69749,47.01064,47.43416,50.32892,46.69047,43.18565,46.2277,44.59821,42.05948,42.72002,41.78516,50.96077,43.41659,46.87217,43.17407,51.35173,44.04543,53.15073,54.33231,51.15662,55.03635,50.63596,56.56854,60.63827,63.24555,61.98387,69.63476,62.16912,73.97973,67.08204,74.96666,71.70077,71.44928,72.11103,69.06519,67.02984,68.18358,67.36468,66.48308,66.61081,62.96825,62.8172,54.34151,55.02727,50.92151,49.98,48.38388,42.95346,42.72002,43.27817,37.53665,37.53665,42.63801,41.86884,40.60788,48.02083,36.76955,45.31004,39.21734,34.9285,37.48333,36.0,33.06055,32.98485,36.13862,32.89377,29.15476,27.01851,27.65863,27.29469,28.17801,27.45906,27.45906,30.01666,21.2132,27.20294,34.48188,29.68164,32.64966,34.65545,35.38361,38.28838,37.01351,46.87217,44.10215,43.60046,45.79301,47.43416,44.40721,48.82622,56.40035,54.91812,63.28507,58.30952,63.52952,63.63175,63.50591,67.1193,67.60178,68.96376,69.46222,74.24284,75.66373,76.02631,81.41253,69.46222,79.17702,81.12336,75.58439
9.48683,10.19804,9.05539,9.05539,8.06226,8.0,8.0,8.06226,8.06226,7.28011,8.24621,7.61577,7.61577,8.06226,8.06226,8.60233,8.60233,7.81025,8.48528,8.48528,9.21954,9.21954,9.21954,10.0,11.40175,10.81665,12.20656,12.04159,12.80625,12.80625,12.72792,12.72792,12.72792,12.72792,12.04159,12.04159,12.80625,11.6619,10.81665,11.6619,9.84886,11.18034,9.84886,9.84886,9.48683,8.24621,7.28011,7.07107,7.07107,7.0,6.08276,5.09902,70.23532,63.63175,64.62198,56.36488,58.87274,51.47815,54.40588,49.0408,48.37355,45.39824,46.38965,44.0,47.26521,42.42641,42.75512,40.80441,44.92215,45.31004,45.17743,44.29447,48.02083,48.82622,48.16638,51.40039,48.10405,56.58622,52.40229,59.5483,60.10824,63.00794,63.78087,69.6563,66.52819,66.6033,68.76772,68.68042,70.03571,74.27651,66.6033,67.94115,70.0,68.50547,66.03787,67.60178,63.63175,63.07139,56.30275,60.92618,49.39636,50.15974,52.81098,45.60702,43.56604,41.10961,34.0,37.21559,32.28002,44.04543,44.28318,40.79216,43.93177,42.54409,38.47077,39.44617,34.66987,42.2019,34.65545,34.82815,33.83785,36.23534,32.01562,31.257,24.02082,27.07397,27.65863,23.5372,21.63331,28.6007,32.64966,27.01851,26.57066,26.92582,32.98485,30.01666,37.0,35.69314,41.19466,37.10795,41.78516,42.72002,43.9659,46.17359,47.16991,47.16991,45.60702,51.86521,57.38467,59.23681,58.18075,58.87274,68.00735,58.69412,59.9333,64.84597,64.84597,70.83784,71.69379,76.6942,75.76939,80.23092,71.17584,77.82031,78.18568,76.47876
10.29563,10.29563,9.43398,9.43398,8.60233,8.60233,8.48528,7.81025,7.81025,8.60233,8.60233,8.94427,8.06226,8.544,8.544,9.21954,9.05539,8.06226,9.05539,9.05539,9.0,10.0,10.0,11.0,11.0,12.04159,12.04159,12.0,13.0384,13.0,13.0,13.0,13.0,13.0384,13.0384,13.15295,12.36932,12.36932,11.40175,11.7047,10.77033,10.77033,9.84886,9.84886,8.94427,8.94427,8.06226,7.81025,7.81025,7.07107,6.40312,5.83095,67.6757,64.51356,65.9242,58.69412,57.38467,49.0408,57.69749,50.24938,49.40648,48.25971,44.68781,43.84062,43.18565,46.66905,44.20407,41.18252,44.77723,44.28318,42.95346,40.80441,48.50773,48.37355,46.38965,47.0,49.09175,54.08327,55.00909,58.07753,58.00862,61.29437,63.00794,64.07027,67.0,66.00758,67.18631,66.06815,71.02816,70.02857,68.35934,68.26419,68.46897,67.08204,61.98387,64.32729,60.44005,62.03225,58.18935,57.58472,48.76474,48.8467,53.23533,43.41659,41.67733,43.41659,40.31129,35.4683,34.1321,43.27817,38.41875,41.18252,36.71512,39.84972,37.0,39.29377,40.11234,37.12142,37.33631,34.52535,35.73514,34.17601,26.92582,25.4951,34.71311,27.01851,28.6531,26.57066,22.80351,22.36068,26.0,27.65863,25.96151,27.29469,32.20248,32.55764,31.82766,36.23534,36.89173,37.20215,40.31129,42.95346,39.96248,44.28318,45.17743,44.28318,47.42362,51.07837,54.56189,51.47815,56.85948,55.03635,59.5399,56.79789,63.15853,61.7171,61.7414,62.24147,73.05477,70.26379,72.8011,67.23095,74.46476,76.844,74.33034,74.33034
11.6619,10.29563,10.77033,10.77033,9.48683,9.48683,9.21954,9.05539,9.05539,9.0,9.0,9.05539,9.05539,9.21954,9.05539,9.48683,9.48683,9.84886,9.84886,10.29563,10.29563,10.29563,10.29563,11.6619,11.6619,12.20656,12.20656,13.0384,13.0384,13.60147,13.41641,13.41641,13.41641,13.41641,13.41641,13.0,13.60147,12.36932,12.36932,11.18034,11.18034,11.18034,10.04988,10.04988,10.0,9.0,9.05539,8.06226,8.06226,7.28011,6.32456,5.38516,71.02816,64.63745,62.17717,59.9333,55.9464,55.03635,52.92447,53.48832,45.31004,47.07441,45.39824,43.04649,49.0,42.04759,45.04442,44.55334,45.70558,43.17407,43.68066,46.61545,49.64877,46.95743,45.17743,48.25971,50.47772,51.22499,54.20332,58.13777,57.80138,62.96825,62.482,66.6033,59.5483,68.11755,70.00714,71.70077,68.88396,63.89053,70.72482,73.4983,69.46222,72.47068,66.48308,66.70832,61.84658,61.84658,59.20304,59.20304,54.57105,48.27007,49.81967,47.26521,45.09989,41.19466,39.20459,36.49658,34.48188,42.29657,43.41659,39.56008,43.46263,42.72002,39.62323,38.60052,37.64306,40.45986,35.80503,34.17601,31.95309,33.52611,26.07681,30.0,30.80584,31.14482,26.07681,25.07987,27.45906,29.0,27.78489,26.83282,29.41088,30.06659,33.13608,32.24903,36.05551,33.73426,40.60788,37.64306,43.32436,37.64306,42.72002,47.16991,46.23851,48.75449,50.56679,54.12024,55.03635,57.70615,59.03389,59.09315,61.32699,56.46238,72.01389,66.18912,69.07966,70.38466,69.77105,72.06941,76.05919,79.64923,70.71068,80.44874,74.70609,70.17834
12.08305,10.77033,10.44031,10.44031,9.21954,9.21954,10.04988,9.05539,9.05539,9.0,9.0,9.05539,9.21954,9.48683,9.21954,9.84886,9.84886,8.94427,9.43398,10.29563,10.29563,10.81665,10.81665,11.40175,11.40175,12.80625,12.80625,13.60147,14.21267,14.21267,13.60147,14.42221,13.89244,13.89244,13.89244,13.41641,13.41641,13.0,12.64911,12.64911,11.40175,11.40175,11.40175,10.19804,10.04988,10.04988,9.0,9.0,8.06226,7.07107,7.28011,6.32456,70.0928,64.38167,62.80127,57.62812,59.07622,54.6443,53.33854,53.33854,50.9902,45.65085,47.16991,45.60702,47.53946,44.40721,43.04649,44.01136,47.38143,45.54119,47.07441,46.57252,53.14132,47.75982,52.3259,51.47815,49.65884,56.85948,53.85165,58.24946,58.83026,64.03124,58.83026,68.8186,63.28507,67.00746,65.60488,68.0,72.56032,68.8767,72.89719,65.55151,70.5762,70.2282,65.80274,63.89053,61.68468,61.98387,57.70615,54.58938,52.46904,53.00943,53.00943,46.01087,43.10452,43.56604,37.85499,39.56008,36.23534,39.21734,37.12142,42.19005,40.31129,40.36087,36.76955,37.80212,38.27532,36.23534,36.24914,39.29377,33.73426,29.27456,32.01562,30.26549,28.86174,28.4605,26.41969,23.43075,28.3196,26.92582,27.73085,29.83287,29.15476,31.06445,31.0,32.98485,34.78505,36.24914,43.46263,37.57659,42.19005,39.44617,42.19005,47.70744,45.79301,46.87217,52.15362,51.0392,50.47772,54.56189,57.2014,58.24946,64.66065,64.89992,63.13478,59.64059,68.50547,66.88797,74.06079,74.4043,76.02631,77.00649,74.06079,77.20104,77.00649,75.45197
11.18034,11.04536,10.0,11.0,10.0,9.0,9.05539,9.21954,9.21954,8.544,9.48683,8.94427,8.94427,8.60233,9.43398,10.0,9.21954,9.89949,9.21954,10.63015,9.89949,10.0,11.40175,11.40175,12.20656,12.20656,12.20656,13.60147,13.0384,14.42221,13.60147,14.21267,13.60147,12.80625,14.21267,14.14214,13.45362,12.80625,12.20656,11.40175,12.20656,10.81665,10.81665,10.29563,10.29563,8.94427,8.544,8.544,8.24621,7.28011,7.07107,7.0,65.45991,65.19202,61.84658,60.72891,59.5399,54.45181,53.0,51.08816,50.01,50.01,46.17359,43.41659,44.38468,43.9659,44.59821,43.909,46.64762,42.19005,43.909,47.63402,51.62364,46.66905,47.38143,50.93133,52.49762,55.31727,55.47071,59.05929,57.14018,65.76473,61.91123,67.1193,68.8186,68.09552,66.61081,70.60453,73.40981,73.75636,74.27651,69.02898,70.29225,67.20863,69.52697,64.38167,60.80296,61.85467,58.24946,56.93856,51.47815,47.01064,51.88449,48.70318,48.70318,45.89118,39.31921,36.34556,32.14032,42.42641,35.22783,42.10701,40.60788,39.21734,37.69615,37.12142,35.4683,40.60788,37.64306,36.12478,32.01562,35.22783,30.52868,30.46309,27.45906,29.42788,29.42788,22.56103,21.93171,27.20294,27.58623,30.0,29.0,31.76476,33.61547,33.24154,37.10795,36.05551,38.0,40.0,40.04997,41.4367,39.31921,44.40721,50.21952,49.49747,48.09366,54.23099,57.21888,54.34151,61.0,58.69412,66.75328,61.66036,59.68249,60.20797,67.46851,69.05071,71.38627,73.5527,78.91768,72.03471,69.857,78.8543,75.50497,77.62087
12.04159,11.40175,10.81665,10.81665,10.29563,9.43398,9.84886,9.84886,9.48683,9.21954,9.21954,10.04988,9.05539,9.0,9.0,10.04988,9.05539,9.21954,9.21954,10.44031,9.48683,10.77033,10.77033,12.08305,12.08305,12.08305,13.41641,13.0,13.41641,13.41641,13.0,13.92839,13.92839,13.60147,13.60147,13.34166,13.15295,13.0384,12.16553,12.04159,12.0,11.0,11.0,10.0,10.04988,9.05539,9.21954,8.24621,8.544,7.61577,8.06226,7.2111,67.20863,70.29225,65.0,57.80138,57.80138,54.6443,52.35456,50.56679,47.92703,45.69464,46.17359,44.01136,45.70558,47.26521,43.41659,45.04442,46.27094,46.38965,45.70558,44.38468,49.98,45.22168,47.85394,47.42362,48.30114,54.20332,56.82429,61.40033,59.5399,64.63745,59.64059,67.41662,65.0,71.34424,67.41662,72.71864,66.88797,70.71068,73.40981,67.23095,67.23095,65.78754,67.44627,63.32456,65.30697,62.16912,59.5399,59.21149,54.45181,50.15974,46.01087,47.04253,46.17359,41.7732,40.26164,37.36308,36.71512,38.27532,38.94868,38.58756,38.20995,39.69887,39.05125,33.61547,34.9285,36.67424,32.01562,32.75668,30.01666,33.01515,28.86174,27.89265,27.313,25.80698,20.24846,29.83287,28.84441,28.4605,33.52611,31.257,32.14032,35.12834,33.37664,34.9285,36.76955,42.04759,42.94182,35.8469,43.82921,40.60788,43.26662,48.01042,46.2277,44.59821,49.40648,53.60037,54.40588,59.66574,56.30275,59.03389,59.40539,60.0,60.80296,63.00794,65.21503,67.42403,72.20111,68.41053,75.43209,75.28612,74.02702,79.64923,71.58911,73.0
11.18034,10.77033,9.48683,10.44031,9.48683,9.21954,9.21954,8.06226,9.05539,8.0,8.06226,8.06226,9.21954,8.24621,9.48683,8.544,8.94427,8.94427,9.43398,9.43398,9.43398,10.0,10.0,10.63015,11.31371,11.31371,12.04159,12.04159,12.72792,12.04159,12.80625,12.80625,12.80625,12.20656,12.20656,12.52996,12.52996,12.08305,11.18034,10.77033,10.77033,10.44031,10.44031,9.48683,9.21954,8.06226,9.05539,8.0,8.0,7.07107,7.07107,6.32456,65.19202,63.25346,61.40033,56.22277,61.85467,56.61272,52.3259,55.15433,46.23851,45.88028,44.59821,41.48494,45.27693,46.09772,45.04442,47.01064,44.72136,45.35416,44.40721,45.88028,48.46648,49.0408,48.37355,52.47857,50.60632,56.93856,55.60576,59.03389,62.20129,63.12686,64.03124,66.06815,68.00735,69.06519,67.62396,69.97142,69.33974,70.83078,70.21396,67.53518,67.60178,68.02941,63.32456,69.57011,60.44005,62.29767,58.24088,54.57105,50.48762,51.08816,46.17359,47.0,45.09989,42.29657,40.4475,36.87818,32.89377,37.0,37.12142,38.94868,37.80212,41.7732,36.40055,34.1321,34.88553,35.8469,34.48188,33.54102,30.80584,31.257,31.40064,26.92582,27.20294,26.92582,23.85372,24.83948,26.62705,27.85678,32.89377,27.51363,32.01562,33.54102,33.13608,33.37664,32.28002,39.84972,40.8534,36.40055,41.18252,41.6173,43.01163,49.20366,48.37355,44.04543,50.24938,49.09175,55.47071,59.07622,56.60389,59.64059,60.74537,58.82176,57.98276,62.42596,69.40461,68.7968,67.42403,67.74216,74.88658,73.81734,70.72482,78.23043,74.63243,75.43209
10.77033,9.84886,10.29563,10.29563,9.43398,8.60233,9.21954,8.48528,8.48528,7.81025,8.60233,8.06226,8.06226,7.61577,7.61577,8.24621,8.06226,8.06226,8.06226,9.0,9.0,9.0,9.0,10.04988,11.04536,11.04536,11.18034,12.04159,12.16553,12.16553,12.04159,13.0384,12.04159,12.0,13.0384,12.04159,12.16553,12.16553,11.18034,11.40175,10.44031,10.44031,10.44031,9.48683,8.544,8.94427,8.06226,8.06226,7.81025,7.07107,6.40312,5.83095,67.53518,65.39113,63.81222,55.56978,57.42822,49.64877,53.00943,51.66237,47.42362,46.75468,47.38143,42.2019,46.06517,42.48529,41.62932,43.65776,45.88028,44.91102,44.40721,47.26521,51.0098,46.01087,45.01111,50.48762,48.6621,53.60037,57.72348,57.72348,61.39218,64.51356,63.56099,65.0,65.73431,65.45991,70.60453,67.26812,70.21396,68.24954,72.1734,71.44928,68.11755,69.00725,69.02898,63.03174,60.20797,60.53098,61.18823,59.03389,53.60037,52.81098,49.64877,48.75449,46.09772,44.77723,40.49691,36.06938,33.97058,40.45986,39.05125,38.41875,38.91015,40.8534,37.94733,36.87818,37.12142,36.05551,34.05877,36.40055,33.95585,32.98485,30.52868,30.61046,30.41381,28.3196,27.29469,23.85372,27.89265,25.07987,26.07681,29.27456,28.4605,33.24154,33.54102,34.66987,34.82815,38.8973,39.69887,38.94868,41.7732,45.80393,44.82187,42.43819,46.40043,45.48626,50.21952,50.47772,59.36329,55.56978,60.53924,58.24946,61.03278,56.40035,61.91123,67.1193,64.81512,69.33974,71.34424,72.42237,74.02702,75.80237,75.80237,80.5295,77.69813,72.71864
10.63015,9.89949,10.0,9.21954,8.60233,8.60233,8.94427,7.61577,7.61577,7.28011,7.61577,8.06226,8.06226,8.0,8.0,9.05539,8.06226,8.06226,8.24621,8.544,8.544,9.84886,8.94427,10.29563,10.29563,10.29563,11.6619,12.52996,12.52996,12.52996,11.18034,12.08305,12.08305,12.08305,13.0,11.7047,12.36932,11.40175,11.18034,11.04536,11.04536,10.04988,10.0,9.0,9.0,8.0,8.06226,8.24621,7.28011,6.7082,6.7082,5.83095,68.50547,64.66065,65.45991,58.24946,53.90733,53.03772,51.73973,52.34501,50.0,43.82921,45.48626,43.56604,43.38202,44.77723,43.32436,42.95346,47.16991,41.30375,45.17743,46.17359,45.54119,49.36598,42.75512,50.44799,48.05206,54.12024,54.70832,54.78138,56.79789,62.6099,62.64982,66.30988,67.1193,66.30988,71.58911,71.51224,73.08215,68.62215,70.83784,70.61161,71.58911,66.91039,67.89698,62.39391,63.07139,61.0082,60.03332,59.00847,53.15073,48.27007,49.0306,48.27007,46.32494,43.9659,37.33631,36.23534,33.42155,38.60052,38.94868,41.10961,40.49691,39.92493,38.27532,37.65634,34.1321,37.01351,38.0,36.22154,37.21559,31.32092,34.78505,29.06888,26.90725,27.58623,27.80288,25.23886,27.51363,24.18677,28.16026,33.0,28.28427,32.28002,34.43835,34.0,33.6006,34.05877,39.11521,38.20995,41.7732,41.7732,40.36087,49.20366,51.22499,50.24938,51.66237,48.60041,55.80323,55.0,62.28965,57.00877,64.63745,58.89822,70.17834,64.03124,64.66065,69.52697,74.4043,71.84706,77.46612,76.2168,73.00685,79.40403,80.21222,74.4043
11.31371,10.0,10.0,10.0,9.43398,8.94427,8.544,8.544,8.544,7.28011,8.24621,8.06226,7.07107,8.0,8.0,8.24621,8.24621,7.28011,8.544,8.544,8.544,9.43398,8.06226,9.43398,10.29563,10.81665,12.20656,11.6619,12.52996,11.6619,12.52996,11.6619,12.52996,12.52996,12.08305,12.08305,12.64911,12.36932,11.18034,11.40175,10.04988,10.04988,10.04988,10.04988,9.0,8.0,8.06226,7.07107,7.28011,6.7082,6.7082,5.83095,62.42596,67.1193,61.55485,56.58622,58.0,54.45181,52.3259,49.57822,49.40648,45.60702,43.56604,45.61798,42.54409,39.56008,43.9659,40.79216,49.09175,43.10452,38.0526,43.18565,48.16638,44.55334,46.32494,46.32494,47.80167,53.45091,51.47815,57.69749,59.61543,60.03332,59.9333,64.40497,66.70832,67.53518,68.47627,68.70953,68.70953,69.26038,68.96376,67.35726,65.52099,66.28725,65.51336,63.78871,57.21888,66.18912,54.03702,56.32051,48.04165,49.36598,50.80354,45.70558,47.53946,43.32436,44.77723,33.83785,33.61547,36.61967,37.48333,36.06938,38.28838,37.73592,37.94733,35.4683,33.52611,37.21559,34.23449,35.01428,31.14482,33.37664,31.32092,29.06888,28.84441,30.41381,28.6007,27.45906,26.92582,28.28427,31.257,27.01851,27.29469,28.63564,34.20526,29.96665,36.23534,37.20215,40.22437,34.20526,41.7732,40.31129,41.03657,45.34314,43.13931,49.57822,48.83646,50.20956,55.86591,52.49762,62.28965,59.81639,61.6198,56.0803,62.24147,62.24147,62.28965,66.6033,70.93659,68.0147,66.46804,73.66139,71.44928,78.56844,77.98718,70.72482
11.18034,9.48683,10.44031,9.48683,9.21954,8.24621,9.05539,8.06226,9.05539,8.06226,8.06226,8.24621,7.28011,7.28011,7.28011,8.94427,8.06226,8.06226,8.60233,9.21954,8.60233,9.21954,9.21954,10.63015,10.63015,10.63015,12.04159,12.04159,12.04159,12.72792,12.72792,12.04159,12.72792,12.04159,12.20656,12.20656,13.0384,11.6619,11.18034,11.18034,10.77033,10.77033,10.44031,9.48683,9.21954,8.24621,8.06226,8.0,8.0,7.07107,6.08276,6.32456,64.2028,64.40497,66.88797,52.83938,56.46238,52.80152,47.92703,47.92703,48.10405,46.57252,43.10452,44.18144,49.0102,44.0,42.04759,41.59327,46.38965,43.32436,40.80441,46.09772,45.79301,47.88528,43.26662,48.27007,47.50789,50.9902,55.9017,54.67175,58.79626,59.46427,58.72819,65.29931,62.93648,68.62215,68.68042,68.62215,70.71068,66.46804,68.68042,66.8431,67.80118,67.6757,67.41662,66.57327,62.26556,62.96825,58.18075,57.27128,49.0408,51.26402,52.49762,49.47727,45.54119,42.10701,41.01219,39.11521,31.57531,37.69615,36.24914,38.47077,41.04875,39.59798,41.23106,34.71311,36.89173,38.91015,35.4683,32.98485,31.04835,32.06244,30.01666,26.30589,29.12044,26.92582,24.69818,26.24881,24.75884,27.45906,26.83282,26.24881,29.83287,29.27456,31.14482,29.12044,33.24154,34.53983,36.40055,34.0147,37.57659,37.73592,40.49691,43.909,45.61798,46.61545,46.14109,46.32494,54.58938,51.86521,60.53924,56.4358,59.05929,56.60389,58.30952,62.43397,65.36819,67.23095,69.46222,69.35416,72.89719,77.69813,76.15773,79.40403,74.79305,72.44998
9.84886,10.29563,9.43398,10.29563,9.43398,8.60233,9.21954,8.48528,8.60233,8.60233,8.60233,8.06226,8.94427,8.544,8.24621,9.21954,9.05539,9.05539,9.05539,10.0,10.0,11.04536,10.04988,11.04536,12.04159,12.16553,12.16553,13.0384,14.14214,13.15295,13.0384,14.0,14.03567,13.0384,14.0,13.0384,13.0384,13.15295,12.16553,12.16553,11.18034,11.40175,10.44031,10.44031,9.48683,8.544,8.94427,8.06226,8.06226,7.2111,6.40312,5.65685,70.83078,61.66036,57.56735,54.70832,61.98387,54.12947,54.78138,53.66563,51.10773,46.61545,46.40043,43.41659,45.96738,45.45327,44.82187,43.82921,48.76474,41.78516,42.95346,47.75982,50.9902,45.12206,46.17359,49.25444,48.25971,56.22277,53.03772,56.0,59.03389,64.12488,62.28965,65.03076,64.12488,64.12488,67.1193,68.02941,71.0,71.00704,74.00676,74.24284,70.45566,70.21396,68.65858,72.00694,59.48109,60.72891,59.23681,59.80803,53.31041,51.47815,50.53712,49.64877,45.79301,44.68781,39.59798,34.82815,34.0,37.73592,41.62932,40.49691,40.8534,39.45884,38.47077,37.0,36.12478,39.11521,33.73426,33.10589,35.4683,32.24903,30.0,29.06888,29.68164,27.78489,25.29822,24.04163,21.2132,20.09975,28.01785,26.57066,27.313,28.6007,27.58623,30.80584,28.6007,33.61547,36.40055,33.61547,37.69615,39.21734,41.76123,42.05948,40.49691,40.49691,46.8188,48.50773,53.85165,52.20153,54.78138,53.14132,62.62587,56.30275,57.38467,61.03278,61.68468,63.78871,74.33034,71.8401,68.70953,74.04053,66.76077,76.65507,76.53757,74.2159
11.0,10.04988,10.04988,10.04988,10.19804,9.21954,9.21954,8.544,8.544,7.61577,8.06226,8.60233,8.60233,7.81025,8.48528,8.60233,7.81025,8.60233,8.60233,8.94427,8.94427,8.94427,9.84886,9.84886,10.77033,10.77033,11.40175,11.7047,12.64911,12.64911,12.08305,13.0,13.0,12.08305,12.52996,13.0384,12.20656,11.40175,11.40175,10.63015,10.63015,9.89949,9.89949,9.21954,9.21954,8.60233,8.60233,8.06226,7.61577,7.28011,7.28011,6.08276,68.15424,70.61161,65.37584,61.29437,56.00893,53.00943,62.03225,54.03702,51.47815,47.16991,50.01,45.60702,47.92703,46.61545,44.01136,48.82622,46.61545,46.2277,44.55334,44.59821,49.67897,47.20169,50.21952,49.64877,51.97115,54.91812,56.36488,60.41523,59.5063,63.32456,62.39391,66.12866,67.54258,68.54196,68.15424,68.942,73.34848,70.66116,71.19691,71.69379,72.40166,69.63476,67.62396,68.11755,62.96825,65.76473,59.66574,60.1415,50.9902,53.90733,48.25971,48.54894,49.73932,42.15448,43.08132,39.29377,34.05877,38.07887,37.12142,34.1321,36.12478,39.81206,32.28002,35.73514,33.10589,35.51056,32.80244,27.65863,31.1127,31.89044,27.80288,25.0,24.73863,24.08319,22.2036,22.80351,21.0238,23.02173,27.01851,26.87006,25.94224,31.01612,30.88689,32.57299,32.28002,36.0,40.0,39.05125,40.0125,40.11234,42.29657,44.01136,44.10215,47.16991,50.15974,50.15974,59.07622,57.31492,60.03332,55.44367,65.12296,59.0,66.37017,62.39391,64.07027,70.02857,72.1734,78.51751,71.06335,75.02666,71.84706,80.89499,77.64664,75.95393
10.19804,10.04988,9.0,10.0,9.0,8.0,8.06226,8.06226,8.24621,7.28011,8.24621,8.06226,8.06226,8.60233,8.60233,9.21954,8.48528,8.48528,9.21954,9.21954,10.0,10.0,9.43398,10.81665,11.6619,11.6619,11.6619,13.0384,13.0384,13.0384,13.0384,13.60147,12.80625,12.80625,12.80625,12.72792,12.72792,12.04159,11.40175,11.40175,11.40175,10.81665,10.0,9.43398,9.43398,8.94427,7.61577,7.61577,7.28011,7.07107,7.0,6.0,68.42514,63.56099,59.80803,54.23099,55.97321,53.16014,51.41984,54.58938,49.25444,44.40721,44.10215,42.04759,46.38965,45.70558,39.56008,41.78516,47.53946,46.06517,48.37355,47.88528,47.80167,46.04346,46.01087,52.34501,47.42362,56.58622,55.9017,57.00877,57.38467,62.62587,61.40033,70.0,60.959,71.8401,70.0,70.00714,68.68042,72.34639,68.0147,72.34639,62.96825,67.35726,65.80274,69.89278,67.95587,60.41523,55.00909,54.58938,54.12947,51.86521,49.33559,48.08326,44.38468,43.41659,39.31921,37.05401,37.05401,38.32754,38.0,36.12478,37.48333,38.27532,36.68787,33.12099,33.12099,33.83785,32.52691,29.0,26.40076,29.41088,25.96151,25.70992,22.56103,22.02272,21.09502,19.92486,21.63331,19.84943,24.69818,21.40093,22.80351,24.73863,28.86174,30.0,32.24903,30.59412,38.32754,35.44009,38.60052,38.60052,44.01136,44.38468,45.60702,44.28318,47.75982,47.80167,55.02727,57.93962,54.12024,58.5235,61.03278,58.5235,61.39218,62.03225,65.0,68.62215,69.92138,70.83784,72.27724,79.37884,70.93659,75.02666,74.84651,71.7844
10.63015,9.89949,9.89949,9.21954,9.21954,8.60233,8.06226,7.61577,7.61577,7.61577,8.24621,8.06226,8.06226,8.06226,8.0,8.06226,8.06226,8.06226,8.24621,9.21954,9.48683,9.48683,9.84886,10.77033,10.77033,11.18034,12.08305,12.08305,13.41641,13.0,11.7047,12.64911,12.64911,12.64911,12.36932,12.36932,12.16553,12.16553,11.04536,11.04536,11.0,10.0,10.0,9.0,9.05539,9.05539,8.24621,7.28011,7.28011,6.7082,6.7082,5.83095,72.42237,67.95587,64.53681,59.81639,57.48913,58.89822,55.31727,54.56189,47.50789,50.60632,48.8774,47.50789,44.29447,43.08132,43.86342,42.75512,49.0306,46.38965,50.01,46.04346,50.15974,44.28318,48.25971,50.9902,50.96077,54.81788,52.49762,58.87274,62.39391,60.00833,60.40695,67.06713,65.25335,69.28925,65.78754,68.30813,72.73239,71.16881,72.78049,71.19691,71.02112,68.73136,66.27217,63.03174,61.0,63.03174,60.07495,56.0803,52.34501,49.36598,49.24429,47.12749,44.01136,43.82921,40.81666,40.70626,36.79674,37.69615,37.58989,37.73592,34.20526,36.76955,32.55764,33.01515,33.12099,31.06445,30.41381,27.51363,28.86174,29.15476,26.0,25.0,22.13594,21.9545,19.20937,19.41649,22.47221,19.64688,20.39608,23.02173,23.5372,27.20294,26.57066,28.84441,30.80584,35.0,38.20995,30.4795,38.8973,39.59798,36.76955,44.04543,45.60702,45.45327,49.0408,54.81788,55.22681,57.00877,56.63921,58.60034,60.87693,57.80138,61.22091,63.24555,65.19202,71.21798,71.44928,71.40028,72.91776,79.81228,71.8401,76.40026,80.91971,75.9276
10.19804,10.19804,10.04988,10.04988,9.0,9.0,9.05539,8.06226,8.06226,8.24621,8.24621,7.61577,7.61577,8.06226,8.06226,9.21954,8.48528,7.81025,8.48528,8.60233,8.60233,8.60233,10.0,10.29563,10.81665,10.81665,11.6619,11.6619,11.6619,12.52996,12.20656,12.20656,12.20656,12.20656,12.80625,12.72792,12.72792,11.40175,11.40175,10.0,10.81665,10.81665,10.29563,9.43398,8.94427,7.61577,8.544,7.28011,7.07107,7.07107,7.0,6.08276,65.11528,59.66574,62.39391,62.64982,60.29925,56.32051,48.01042,53.08484,50.15974,48.16638,45.39824,47.53946,47.53946,46.84015,46.8188,47.41308,49.73932,39.40812,39.69887,45.96738,48.10405,45.34314,43.41659,48.02083,47.01064,49.64877,52.35456,57.24509,56.0803,59.48109,57.69749,65.29931,59.94164,67.62396,65.39113,66.24198,72.06941,69.11584,70.72482,70.21396,60.21628,68.0147,66.48308,65.06919,63.65532,60.10824,58.25805,55.9017,52.63079,49.81967,45.79301,48.8774,46.51881,42.05948,41.48494,38.07887,35.12834,37.10795,37.65634,36.12478,39.11521,37.21559,32.01562,31.04835,32.69557,32.20248,30.41381,28.42534,26.24881,29.06888,27.45906,23.25941,24.04163,22.56103,21.0,20.61553,20.24846,16.64332,24.83948,24.83948,25.63201,24.73863,28.44293,33.06055,36.12478,35.22783,38.0526,36.0,38.11824,39.81206,40.11234,42.2019,44.40721,48.05206,51.1957,46.69047,52.34501,53.23533,59.84146,59.4138,60.67125,62.64982,61.84658,68.88396,66.18912,66.18912,71.56815,72.99315,75.95393,77.87811,75.13322,80.06248,78.91768,78.26238
11.04536,10.19804,10.19804,10.19804,9.21954,8.544,8.94427,8.06226,8.06226,8.60233,8.60233,9.21954,8.48528,8.60233,9.21954,9.43398,9.43398,8.94427,8.94427,9.48683,9.48683,10.44031,10.44031,11.40175,11.40175,11.40175,12.16553,12.64911,13.34166,13.34166,13.60147,13.60147,13.60147,12.64911,13.60147,13.0,13.41641,12.52996,11.6619,11.6619,11.6619,10.81665,10.0,10.0,10.0,9.21954,8.48528,7.81025,7.81025,7.2111,6.7082,5.38516,72.0,61.13101,68.18358,60.07495,56.32051,56.22277,55.3263,59.84146,50.44799,48.70318,49.39636,43.38202,44.94441,45.27693,44.65423,46.2277,47.42362,43.93177,42.63801,47.16991,52.3259,46.64762,47.53946,51.07837,52.39275,52.88667,54.70832,61.84658,60.16644,63.15061,62.0967,67.46851,65.30697,68.88396,66.70832,71.30919,72.27724,72.73239,71.69379,70.68239,69.77822,73.34848,67.74216,67.1193,64.3506,61.85467,61.61169,55.75841,50.20956,53.8145,46.2277,45.27693,44.59821,44.20407,42.19005,36.76955,36.13862,37.57659,38.8973,39.05125,40.31129,38.0,40.11234,36.12478,36.67424,35.17101,31.38471,31.90611,25.23886,29.20616,23.02173,22.2036,26.92582,26.24881,21.09502,21.58703,21.18962,15.81139,22.62742,25.80698,26.62705,27.45906,29.41088,29.15476,32.57299,32.98485,37.48333,33.13608,42.19005,43.10452,40.11234,47.26521,42.0119,43.04649,47.09565,52.0,56.0,55.03635,56.0803,60.13319,57.00877,59.13544,60.82763,66.1211,64.62971,69.26038,70.06426,75.16648,74.02702,78.0,71.44928,80.025,80.22468,81.0
10.19804,10.44031,9.48683,9.48683,9.48683,8.94427,8.06226,8.60233,8.60233,7.81025,8.48528,9.21954,8.60233,8.60233,8.60233,8.94427,9.84886,8.544,9.48683,9.48683,9.48683,10.19804,10.19804,11.18034,11.18034,11.18034,12.16553,12.16553,13.15295,13.15295,12.36932,12.36932,13.34166,12.64911,12.64911,12.64911,13.0,12.08305,11.18034,11.18034,10.81665,10.81665,10.0,10.0,9.21954,8.60233,8.48528,7.81025,7.81025,7.2111,6.7082,5.38516,69.18092,66.18912,63.00794,64.0,58.07753,54.14795,58.21512,51.15662,49.0306,47.29693,49.0408,45.18849,50.08992,51.10773,44.65423,46.8615,50.32892,47.38143,42.42641,49.0408,50.77401,45.79301,43.04649,48.75449,47.92703,53.31041,54.78138,60.08328,56.64804,60.44005,65.14599,66.40783,65.79514,66.7308,68.35203,69.07966,71.30919,69.89278,67.1193,71.11962,68.09552,68.09552,67.6757,63.24555,64.2028,64.44377,58.0,56.63921,51.73973,50.24938,48.27007,48.01042,46.87217,43.41659,42.72002,37.0,35.17101,38.91015,37.57659,37.69615,34.52535,36.22154,38.01316,34.1321,34.52535,37.10795,32.69557,31.06445,27.45906,28.30194,29.69848,25.0,24.69818,24.35159,24.08319,19.41649,19.41649,21.54066,25.80698,23.85372,26.24881,29.68164,33.01515,32.69557,31.32092,35.51056,37.21559,37.48333,40.1995,44.04543,41.4367,49.09175,45.04442,47.67599,50.15974,53.00943,58.13777,55.0,55.03635,59.13544,62.39391,60.00833,62.0,63.07139,63.3877,68.35934,72.24957,74.16873,77.23341,78.05767,75.02666,80.00625,77.02597,76.02631
11.18034,11.18034,10.81665,10.81665,9.43398,8.60233,9.89949,8.48528,9.21954,8.60233,9.43398,8.94427,8.94427,8.544,8.544,9.48683,9.21954,10.19804,9.05539,10.04988,10.0,10.0,11.0,11.04536,12.04159,12.04159,13.0384,13.0384,14.03567,13.0384,13.0,13.0384,14.03567,13.0,13.0,14.14214,13.15295,12.16553,12.36932,12.36932,11.40175,11.7047,10.44031,10.77033,9.48683,8.94427,8.94427,8.06226,8.60233,7.81025,7.07107,6.40312,71.19691,70.40597,67.18631,62.0967,54.40588,54.78138,55.9464,53.31041,51.47815,48.76474,47.80167,44.10215,47.42362,43.84062,42.80187,44.40721,51.97115,47.42362,44.29447,45.69464,53.16014,47.53946,50.44799,48.27007,50.01,55.3263,53.23533,58.03447,64.00781,65.03076,65.0,67.06713,62.1289,68.00735,69.0,70.0,70.25667,75.53807,71.84706,71.38627,67.08204,69.42622,66.4906,65.73431,60.16644,64.62198,59.23681,57.38467,53.7122,51.31277,51.62364,49.81967,45.45327,43.18565,42.44997,38.8973,36.35932,38.28838,38.07887,37.94733,40.02499,37.65634,36.12478,36.01389,35.22783,34.71311,32.75668,33.61547,29.15476,28.84441,25.6125,23.43075,23.76973,22.36068,24.69818,21.09502,21.54066,17.72005,19.23538,27.29469,28.42534,31.14482,30.41381,31.90611,34.1321,32.69557,34.0147,36.40055,41.0,42.2019,40.26164,43.18565,46.09772,45.60702,45.88028,52.20153,54.40588,57.07013,56.04463,60.87693,63.32456,65.25335,67.26812,64.28841,66.21933,67.05222,70.60453,75.69016,79.37884,78.64477,74.04053,76.40026,76.90254,78.84795
11.40175,10.81665,11.6619,10.29563,10.29563,8.94427,9.48683,9.48683,9.21954,9.05539,9.05539,9.0,9.0,9.0,9.05539,10.19804,9.48683,10.19804,9.48683,10.77033,9.84886,11.18034,10.77033,11.18034,12.08305,12.52996,13.0384,13.41641,13.89244,13.89244,13.41641,13.41641,14.31782,13.92839,13.92839,13.60147,13.34166,13.15295,12.16553,12.16553,12.16553,12.04159,11.04536,10.0,10.0,9.0,9.05539,9.05539,8.24621,8.24621,7.61577,6.7082,73.5527,67.26812,70.60453,62.80127,60.30755,58.24946,54.08327,59.16925,49.73932,53.22593,50.92151,45.88028,47.12749,49.47727,41.59327,45.39824,47.26521,46.0,47.51842,50.96077,55.54278,47.07441,47.16991,51.5461,52.55473,57.38467,56.85948,61.40033,62.39391,66.7308,65.8635,64.00781,63.13478,67.74216,68.88396,74.68601,70.26379,73.00685,72.11103,70.5762,67.6757,66.70832,68.44706,66.09841,66.61081,56.88585,59.21149,57.31492,54.0,53.00943,49.16299,47.26521,41.30375,42.05948,43.01163,37.12142,36.71512,37.65634,39.56008,33.61547,37.21559,34.20526,36.87818,31.89044,34.4093,33.28663,30.01666,30.08322,27.45906,29.42788,26.07681,27.89265,21.37756,20.24846,25.55386,22.62742,21.93171,23.76973,27.51363,27.07397,26.07681,30.06659,33.24154,30.46309,35.1141,34.0147,38.91015,35.22783,40.80441,40.81666,42.43819,43.82921,47.70744,45.22168,50.60632,50.32892,52.63079,57.48913,55.0,59.20304,59.20304,62.00806,70.45566,69.06519,66.4003,67.6757,70.60453,73.60027,79.20227,76.41989,71.84706,80.80842,81.56592,78.24321
11.40175,10.0,10.81665,10.29563,9.84886,8.94427,9.48683,9.48683,9.21954,8.24621,9.21954,9.05539,9.05539,9.0,9.0,10.04988,9.21954,9.21954,9.48683,9.84886,10.44031,10.77033,10.77033,11.18034,12.08305,12.08305,12.52996,13.41641,13.41641,13.41641,13.0,13.41641,13.41641,13.92839,13.0,13.60147,13.34166,13.15295,12.16553,12.16553,11.04536,11.04536,11.04536,10.04988,10.0,9.0,9.05539,9.05539,8.24621,7.28011,7.61577,6.7082,70.03571,69.29646,61.84658,57.48913,59.07622,58.82176,52.83938,56.4358,51.97115,44.72136,46.8188,46.57252,50.69517,50.9902,43.41659,45.09989,50.0,45.09989,44.55334,50.44799,49.72927,50.28916,47.53946,51.07837,49.76947,52.80152,61.40033,58.30952,59.03389,63.28507,60.82763,68.96376,64.88451,66.24198,68.26419,68.47627,69.35416,71.69379,70.77429,70.38466,73.1642,69.57011,66.12866,66.48308,62.36986,63.78871,59.84146,60.20797,50.35871,50.24938,49.0408,49.0408,46.09772,44.72136,42.75512,36.24914,34.0147,38.48376,36.23534,35.80503,37.01351,37.53665,33.83785,32.44996,34.98571,33.52611,32.89377,31.257,28.01785,25.07987,25.31798,25.07987,27.29469,26.40076,24.75884,21.93171,17.46425,18.78829,24.73863,28.44293,23.08679,29.61419,31.57531,30.8707,34.66987,39.66106,35.80503,40.0,39.82462,38.18377,41.72529,45.34314,45.25483,48.08326,45.22168,51.08816,52.34501,50.93133,61.40033,53.8145,63.89053,58.79626,58.82176,63.12686,67.47592,69.2026,74.51845,71.50524,74.20243,72.24957,73.10951,78.1025,75.00667,79.20859
10.0,9.43398,8.94427,8.94427,8.94427,7.61577,8.24621,8.24621,8.24621,8.06226,8.0,8.06226,8.06226,8.06226,8.06226,8.24621,8.544,8.544,8.544,8.94427,8.94427,10.29563,9.43398,10.81665,10.81665,10.81665,11.6619,11.6619,12.52996,11.6619,11.6619,12.52996,12.52996,12.08305,12.08305,11.7047,11.7047,11.40175,10.44031,10.19804,10.19804,10.04988,9.05539,9.05539,8.0,8.0,7.07107,7.07107,7.07107,6.32456,6.32456,5.83095,62.93648,60.959,62.00806,59.5483,58.89822,50.9902,51.31277,51.47815,47.88528,46.51881,47.85394,43.08132,47.12749,46.69047,45.12206,44.0,51.15662,45.01111,42.10701,45.70558,50.9902,50.96077,47.92703,49.0408,56.30275,53.66563,55.56978,60.90156,59.94164,59.16925,60.46487,61.85467,63.07139,67.60178,66.7308,71.55418,71.55418,67.53518,68.70953,68.54196,66.7308,71.16881,65.14599,65.52099,56.29387,62.36986,60.01666,56.32051,49.16299,51.0392,49.0102,46.01087,44.28318,41.7732,41.48494,37.36308,32.75668,36.05551,30.23243,33.01515,34.65545,33.97058,33.30165,28.30194,30.8707,33.24154,27.20294,28.16026,28.16026,28.28427,22.56103,25.94224,21.9545,22.80351,21.09502,24.18677,25.07987,27.29469,28.16026,29.0,29.27456,32.57299,30.80584,32.20248,33.61547,38.83298,40.22437,39.69887,43.41659,43.18565,41.10961,43.93177,46.01087,50.32892,52.40229,51.66237,52.00961,53.8145,61.52235,58.0,58.0517,55.86591,66.46804,61.55485,62.62587,69.52697,65.60488,70.0,74.33034,76.48529,72.18033,78.64477,74.24958,72.13876
11.40175,10.63015,10.81665,10.0,9.43398,8.94427,9.84886,8.544,9.84886,8.24621,9.21954,9.05539,9.05539,9.0,9.0,10.0,9.05539,9.05539,9.21954,9.21954,9.21954,10.44031,10.44031,10.77033,11.7047,12.08305,12.08305,13.0,13.0,13.0,12.64911,12.64911,13.60147,12.64911,13.34166,13.34166,13.15295,12.04159,12.04159,12.04159,11.0,11.0,10.0,10.04988,9.05539,9.05539,8.24621,8.24621,8.24621,7.61577,6.7082,5.83095,71.84706,66.7308,65.60488,60.959,58.25805,56.72742,51.66237,55.17246,48.79549,53.41348,45.79301,44.65423,52.7731,46.52956,42.15448,44.38468,51.5461,45.12206,46.69047,43.01163,55.03635,48.04165,47.04253,46.38965,43.56604,55.7315,51.41984,56.29387,60.20797,63.24555,60.41523,68.68042,60.87693,69.37579,59.20304,70.40597,64.53681,68.06614,67.36468,70.5762,62.20129,62.00806,65.00769,65.19202,63.28507,59.68249,56.7186,54.74486,48.50773,47.80167,48.08326,48.38388,44.01136,41.59327,42.80187,36.12478,36.87818,40.71855,37.21559,38.27532,37.64306,36.06938,37.01351,34.1321,33.54102,35.77709,30.36445,32.24903,34.05877,32.24903,31.06445,29.12044,22.82542,26.90725,23.34524,26.1725,25.23886,26.92582,29.42788,28.16026,31.257,31.7805,38.60052,34.78505,40.70626,35.80503,46.04346,38.83298,42.44997,42.42641,41.03657,48.16638,51.62364,50.20956,48.10405,53.03772,57.28001,63.78087,57.98276,63.63961,62.93648,64.53681,63.25346,67.26812,67.26812,70.0928,68.0147,68.60029,75.74299,82.0061,68.11755,83.23461,84.20214,74.20243
11.18034,11.18034,10.44031,10.44031,10.44031,9.48683,8.94427,9.43398,9.43398,8.60233,8.60233,9.21954,8.48528,9.21954,9.21954,8.60233,8.60233,8.94427,8.94427,9.48683,9.48683,10.44031,10.44031,11.40175,11.40175,11.18034,12.16553,12.36932,13.34166,13.15295,12.36932,13.60147,13.34166,13.34166,13.60147,12.64911,13.0,12.52996,12.08305,11.6619,11.6619,11.6619,11.6619,10.81665,10.0,9.21954,9.21954,8.48528,7.81025,8.60233,8.06226,6.7082,71.34424,64.49806,65.12296,58.0,64.03124,53.08484,54.14795,54.58938,47.85394,51.92302,50.69517,49.76947,49.39636,49.1935,45.48626,43.60046,48.83646,43.93177,43.86342,48.83646,49.64877,43.41659,48.37355,50.56679,47.88528,56.4358,55.15433,59.66574,60.40695,64.84597,61.13101,67.6757,65.45991,68.15424,67.91171,73.05477,70.2282,72.23573,72.91776,70.21396,69.31811,70.77429,67.74216,68.96376,66.28725,65.21503,62.00806,62.36986,58.79626,53.75872,55.22681,54.40588,49.20366,45.22168,43.38202,42.05948,38.60052,35.35534,31.90611,31.76476,33.24154,30.36445,30.06659,29.01724,29.0,25.0,28.0,23.76973,21.0238,25.23886,22.80351,20.80865,19.23538,15.13275,17.0,19.23538,16.15549,15.0,22.02272,21.40093,27.45906,26.40076,29.41088,31.04835,32.24903,36.34556,38.32754,38.0526,44.18144,44.01136,41.04875,46.17359,50.01,45.04442,50.0,52.03845,57.00877,59.07622,61.0082,60.0,61.03278,60.03332,61.0082,67.06713,69.00725,69.00725,73.00685,71.06335,74.33034,76.00658,74.00676,78.00641,77.05842,77.05842
12.04159,11.04536,11.0,11.0,10.04988,9.05539,9.05539,9.21954,9.21954,8.24621,8.94427,8.94427,8.06226,8.60233,8.60233,9.21954,8.48528,8.48528,8.48528,9.21954,9.21954,9.43398,9.43398,10.29563,11.18034,11.18034,12.08305,12.52996,12.52996,13.41641,12.52996,12.52996,13.0384,13.0384,13.60147,13.60147,12.80625,12.04159,12.04159,11.31371,12.04159,11.40175,11.40175,10.0,10.29563,9.43398,9.84886,8.94427,8.544,8.24621,8.24621,7.07107,73.73602,65.73431,72.00694,63.24555,62.96825,58.24946,57.31492,57.07889,55.00909,50.24938,44.28318,44.55334,45.12206,48.08326,41.23106,42.54409,47.01064,44.65423,47.70744,46.2277,48.83646,47.42362,51.22499,49.49747,49.40648,57.2014,51.47815,58.59181,58.5235,65.30697,65.29931,71.69379,65.8635,70.83078,67.60178,71.86793,72.20111,75.66373,72.00694,75.0,71.21798,72.62231,70.93659,68.62215,65.8559,64.3506,65.0,59.5483,56.61272,53.82379,55.56978,51.88449,53.22593,44.01136,48.27007,43.68066,37.21559,36.71512,32.69557,32.69557,34.71311,34.1321,32.06244,29.27456,32.01562,28.63564,23.25941,26.57066,22.2036,21.93171,19.84943,20.12461,16.76305,18.24829,14.0,18.78829,17.49286,19.41649,24.69818,24.69818,21.93171,30.80584,32.28002,35.01428,35.01428,36.67424,39.31921,37.85499,41.48494,44.59821,44.64303,47.43416,53.36666,48.05206,48.83646,54.40588,63.06346,59.90826,59.20304,60.87693,67.08204,62.8172,61.40033,66.48308,65.51336,70.85901,72.00694,80.06248,77.10383,82.2253,70.0928,82.03658,80.04998,76.65507
11.18034,10.19804,9.48683,9.48683,8.544,8.544,8.94427,8.06226,8.06226,7.81025,7.81025,7.81025,7.81025,7.81025,7.81025,8.94427,8.94427,7.61577,8.544,8.544,9.48683,9.21954,9.21954,11.18034,11.18034,11.04536,12.16553,12.16553,13.15295,13.15295,12.36932,13.34166,13.34166,12.64911,13.60147,12.64911,12.64911,12.08305,12.08305,12.52996,10.81665,10.81665,10.81665,10.0,9.21954,9.21954,8.48528,8.48528,7.81025,7.81025,6.7082,6.7082,69.18092,66.0,63.50591,62.03225,58.30952,50.01,56.08921,56.75385,48.76474,48.8467,46.61545,44.28318,42.05948,45.80393,45.79301,44.40721,47.50789,41.72529,44.55334,44.41846,48.54894,44.41846,45.61798,47.75982,51.47815,52.49762,54.40588,57.72348,59.20304,59.5399,61.13101,70.40597,64.7611,69.12308,68.24954,71.56815,74.2159,74.04053,73.68175,70.5762,70.5762,71.11259,65.76473,67.1193,64.07027,65.36819,61.03278,57.80138,56.85068,53.8145,53.03772,51.62364,45.96738,42.2019,45.65085,41.18252,37.64306,36.12478,32.55764,33.6006,36.89173,32.64966,30.67572,31.32092,28.44293,30.80584,27.01851,27.29469,24.73863,21.93171,21.47091,19.10497,19.10497,16.40122,14.42221,12.64911,17.0,17.46425,16.97056,17.69181,24.16609,23.08679,26.57066,29.41088,32.28002,33.13608,35.69314,34.0147,46.0,42.0119,46.01087,45.0,47.04253,44.01136,50.0,50.01,56.0357,54.0,54.14795,59.00847,61.03278,62.514,64.62971,63.50591,64.38167,67.06713,71.06335,74.16873,73.24616,76.00658,72.02777,80.0,78.1025,80.025
12.0,11.0,11.04536,11.04536,10.04988,10.19804,9.48683,9.48683,9.84886,8.94427,8.94427,8.60233,8.60233,8.60233,8.60233,8.48528,8.60233,8.60233,8.06226,8.94427,8.94427,9.84886,9.84886,10.77033,10.77033,11.7047,11.7047,12.64911,12.64911,12.64911,12.64911,12.64911,13.0,13.0,13.0,12.52996,13.0384,12.20656,12.20656,12.20656,11.40175,12.04159,11.31371,11.31371,9.89949,9.21954,9.43398,8.60233,8.94427,8.544,7.28011,7.07107,76.00658,66.37017,66.06815,66.0,58.21512,56.0803,53.75872,58.85576,52.63079,48.6621,50.92151,45.69464,51.89412,49.64877,47.70744,44.82187,47.38143,45.96738,43.86342,47.20169,50.24938,47.43416,46.95743,47.53946,50.56679,55.15433,53.31041,58.24088,60.72891,60.41523,60.20797,66.94027,62.8172,68.24954,69.857,71.30919,75.02666,74.72617,75.76939,72.44998,74.09453,71.11259,68.8767,69.46222,65.0,64.49806,66.4003,63.25346,55.0,57.31492,53.15073,50.24938,52.80152,45.80393,46.04346,41.62932,39.21734,35.4683,34.05877,35.4683,33.83785,36.23534,32.75668,30.59412,30.01666,32.06244,25.4951,28.01785,24.5153,23.08679,21.47091,17.02939,19.84943,20.12461,13.60147,14.31782,17.26268,12.52996,21.26029,21.26029,23.32381,25.05993,29.54657,26.92582,26.24881,35.0571,40.1995,39.11521,40.0125,44.01136,40.1995,50.01,49.0,47.16991,49.25444,53.00943,55.44367,60.00833,65.03076,66.18912,64.12488,64.19502,68.06614,66.06815,65.12296,73.24616,77.41447,75.66373,72.44308,78.00641,76.23647,84.09518,75.16648,84.0
11.40175,12.16553,11.04536,11.04536,10.04988,10.04988,9.05539,9.0,9.05539,9.21954,9.21954,8.544,8.544,8.94427,8.94427,8.60233,8.60233,8.60233,8.48528,9.89949,9.21954,9.21954,10.0,10.81665,10.81665,10.81665,12.20656,12.20656,13.0384,12.52996,12.20656,13.60147,12.80625,12.80625,12.80625,13.45362,12.72792,12.04159,12.04159,11.40175,12.20656,12.20656,10.81665,10.29563,10.29563,9.84886,9.48683,9.21954,8.24621,8.06226,8.06226,7.0,69.77822,72.01389,67.23095,63.07139,63.56099,56.0803,56.64804,61.35145,50.01,50.9902,48.37355,48.04165,46.0,45.04442,45.09989,44.14748,45.60702,41.78516,44.77723,44.41846,49.64877,46.14109,48.41487,49.81967,48.16638,51.62364,52.40229,58.13777,58.13777,66.70832,59.66574,63.60031,63.89053,67.35726,69.42622,72.13876,73.0,71.44928,75.74299,69.42622,70.03571,68.24954,63.60031,71.02816,61.58734,65.36819,59.05929,63.07139,54.56189,56.64804,54.42426,52.63079,50.21952,46.38965,45.09989,41.01219,39.45884,38.27532,36.67424,33.13608,36.05551,37.48333,37.48333,34.9285,32.31099,30.8707,28.30194,27.01851,28.42534,26.1725,20.61553,17.46425,19.10497,19.41649,19.0,17.0,16.27882,18.43909,17.88854,22.82542,26.4764,26.1725,28.01785,30.0,34.9285,36.13862,41.4367,35.1141,43.01163,46.51881,45.69464,43.46263,47.42362,45.31004,44.94441,55.03635,60.74537,59.13544,58.30952,60.41523,65.0,61.68468,64.84597,63.90618,66.85058,72.42237,73.73602,72.09022,80.08121,78.0,74.24958,82.34683,77.07788,78.72103
12.04159,12.16553,11.18034,11.18034,10.19804,10.44031,9.84886,8.94427,8.94427,8.94427,9.43398,8.60233,8.60233,8.48528,8.48528,9.21954,8.60233,8.60233,8.06226,8.94427,8.94427,8.94427,9.48683,10.77033,10.44031,11.40175,11.40175,12.64911,12.64911,12.64911,11.7047,13.0,13.0,13.0,13.41641,12.52996,13.0384,12.20656,12.20656,11.40175,10.63015,10.63015,11.31371,9.89949,9.21954,9.21954,9.43398,8.94427,8.94427,8.544,7.28011,7.07107,74.43118,66.48308,70.5762,66.27217,62.28965,56.0,55.08176,55.57877,52.7731,48.6621,49.0306,46.32494,46.17359,45.54119,45.31004,44.72136,48.76474,43.82921,46.8615,43.18565,48.27007,48.9183,46.87217,49.40648,47.43416,53.85165,55.9464,56.79789,55.9017,59.23681,58.30952,67.23095,64.88451,68.942,70.00714,68.942,72.00694,68.96376,68.60029,72.40166,69.64194,75.60423,68.00735,64.66065,64.66065,64.44377,61.55485,56.58622,58.82176,53.15073,53.53504,49.92995,47.88528,45.54119,42.54409,41.23106,37.21559,38.94868,34.66987,39.82462,38.62642,35.90265,36.49658,32.24903,33.13608,35.22783,31.04835,32.31099,28.79236,29.06888,26.40076,24.04163,24.18677,24.59675,23.08679,21.2132,18.11077,21.18962,21.09502,26.62705,27.01851,27.45906,30.23243,33.24154,31.95309,32.01562,33.13608,36.67424,39.05125,44.10215,43.04649,46.04346,45.04442,48.0,49.36598,52.00961,56.00893,59.0,61.0082,60.03332,61.07373,63.00794,60.29925,66.00758,65.12296,70.02857,73.06162,80.00625,76.0,78.02564,75.0,86.20905,81.09871,79.15807
12.64911,12.64911,11.40175,11.18034,10.19804,10.19804,10.04988,9.05539,9.0,9.0,10.04988,9.21954,9.21954,9.21954,8.24621,9.48683,8.94427,8.94427,8.94427,9.43398,9.43398,10.0,10.0,10.63015,10.63015,10.63015,12.04159,12.04159,12.04159,12.04159,12.80625,12.80625,12.80625,12.20656,13.0384,12.52996,12.52996,12.08305,12.08305,11.7047,11.40175,11.40175,10.44031,10.19804,10.19804,9.05539,9.0,9.0,8.0,8.06226,7.28011,7.28011,71.16881,69.89278,72.8011,64.13267,63.60031,57.72348,56.4358,58.42089,54.14795,50.08992,50.08992,46.09772,50.24938,50.80354,47.38143,43.68066,50.59644,47.01064,44.28318,48.54894,51.40039,45.48626,41.7732,47.50789,48.79549,54.56189,51.85557,57.48913,56.0803,56.22277,54.20332,65.80274,63.60031,71.06335,62.80127,69.52697,69.42622,73.87828,67.89698,67.26812,68.62215,65.19202,62.42596,70.21396,61.85467,59.36329,55.47071,55.9464,50.53712,52.7731,50.69517,49.98,47.43416,43.41659,43.01163,41.01219,38.32754,39.92493,39.62323,38.07887,40.1995,39.20459,38.47077,35.22783,35.73514,33.24154,33.12099,33.28663,33.24154,30.41381,31.90611,31.7805,29.12044,22.36068,27.0,25.01999,29.15476,28.17801,31.62278,27.20294,27.65863,26.40076,34.1321,32.28002,32.01562,40.1995,39.20459,36.12478,38.11824,39.01282,43.01163,46.04346,46.0,44.0,49.0408,53.46027,62.39391,56.32051,59.21149,60.07495,62.514,60.40695,69.72087,68.02941,67.36468,72.24957,76.32169,78.63841,75.53807,81.7435,77.87811,84.72308,81.78631,78.91768
12.0,11.04536,11.04536,11.04536,10.19804,9.21954,9.48683,9.48683,9.48683,8.544,8.94427,9.43398,8.60233,8.60233,8.60233,9.89949,7.81025,8.48528,8.60233,8.60233,8.60233,9.43398,8.94427,9.84886,10.29563,10.77033,10.77033,12.08305,12.08305,12.08305,11.18034,12.08305,12.08305,11.6619,13.0384,12.20656,12.04159,11.31371,11.31371,10.63015,10.63015,10.63015,10.63015,10.0,8.60233,8.60233,8.94427,8.06226,8.544,7.07107,7.07107,6.0,79.05694,69.0,67.47592,62.07254,61.13101,53.33854,59.84146,61.52235,56.29387,50.96077,46.8188,50.69517,47.92703,45.79301,44.94441,47.63402,47.63402,50.32892,45.96738,46.01087,50.80354,45.80393,48.54894,47.50789,50.11986,49.65884,53.7122,55.65968,57.24509,59.46427,61.03278,67.35726,57.87055,65.78754,67.6757,69.857,66.70832,68.44706,70.71068,73.82412,66.37017,65.73431,64.07027,63.82006,60.959,60.30755,58.72819,55.9017,50.9902,49.20366,51.86521,45.80393,42.54409,43.38202,39.92493,39.84972,36.34556,35.22783,38.07887,39.21734,35.44009,35.69314,35.0571,36.01389,32.75668,35.69314,31.01612,34.9285,31.38471,29.68164,27.58623,31.62278,29.15476,30.41381,29.15476,27.29469,29.06888,29.54657,29.15476,29.41088,33.6006,34.71311,33.24154,35.80503,35.8469,39.35734,40.31129,37.69615,43.68066,46.23851,41.97618,44.91102,47.85394,47.29693,53.16014,50.80354,59.90826,54.12947,57.00877,63.34824,64.53681,61.39218,68.68042,67.68309,67.91171,72.18033,79.42921,81.21576,80.04998,85.47514,74.24284,83.86298,82.03658,84.59314
12.08305,11.18034,11.18034,11.6619,10.29563,9.43398,9.21954,8.60233,9.21954,8.48528,9.21954,8.60233,8.06226,8.06226,8.06226,9.48683,8.544,8.24621,8.24621,9.21954,9.05539,10.04988,9.05539,10.0,11.04536,11.0,12.0,12.0,13.0384,12.04159,12.0,12.04159,13.0,12.04159,13.0384,12.16553,12.16553,12.36932,11.40175,11.40175,10.44031,10.77033,9.84886,9.84886,8.94427,8.06226,9.21954,7.81025,8.48528,7.81025,7.2111,6.7082,74.67262,69.07966,73.92564,63.90618,62.17717,58.59181,55.9464,55.56978,50.80354,52.20153,50.0,48.10405,47.38143,46.75468,47.20169,44.41846,50.11986,43.41659,47.92703,43.9659,52.20153,45.89118,45.39824,52.03845,50.35871,50.35871,54.14795,59.13544,58.03447,64.38167,63.63961,65.06919,64.00781,71.34424,68.46897,72.24957,73.10951,70.02857,69.00725,67.02984,65.19202,69.58448,68.44706,68.06614,60.63827,58.46366,59.13544,56.921,55.71355,53.7122,47.01064,50.53712,47.20169,45.80393,41.7732,42.42641,37.20215,33.30165,36.05551,31.30495,31.95309,31.57531,29.42788,30.0,32.0,33.24154,29.83287,29.54657,26.07681,26.40076,23.34524,28.6007,25.0,28.23119,24.5153,23.19483,27.07397,26.24881,29.15476,27.313,30.80584,31.1127,36.12478,35.0,35.4683,38.01316,44.77723,37.58989,42.72002,42.54409,43.82921,46.09772,47.85394,50.9902,49.24429,51.47815,56.82429,53.7122,60.90156,61.32699,66.64083,64.40497,65.36819,66.64833,64.84597,66.37017,78.29432,72.01389,79.17702,81.15417,80.49845,82.29216,79.70571,85.44004
12.16553,11.18034,10.44031,11.40175,10.44031,10.44031,9.84886,9.43398,9.43398,8.60233,8.60233,9.21954,9.21954,8.48528,9.21954,8.60233,9.43398,8.60233,8.94427,8.94427,9.84886,9.84886,9.48683,10.44031,11.40175,11.18034,12.16553,12.36932,13.34166,12.36932,12.36932,12.64911,12.36932,12.64911,12.64911,13.0,13.41641,12.52996,11.6619,11.6619,11.40175,11.40175,10.63015,10.63015,9.89949,9.21954,9.21954,8.60233,8.06226,8.06226,7.61577,7.28011,74.06079,67.02984,68.593,63.1981,60.20797,56.4358,54.45181,53.75872,54.34151,50.28916,48.10405,48.76474,49.39636,44.10215,44.77723,48.41487,50.44799,48.79549,47.50789,47.43416,50.77401,46.32494,49.65884,52.0,52.7731,54.12024,51.86521,58.82176,58.5235,65.0,62.76942,65.19202,63.32456,71.16881,66.48308,72.09022,75.76939,71.47027,73.92564,69.46222,70.49113,71.34424,69.97142,68.09552,65.80274,64.2028,62.36986,58.0,55.86591,53.15073,51.73973,54.20332,47.16991,46.51881,42.95346,38.62642,37.10795,33.61547,30.67572,28.79236,30.26549,30.01666,33.13608,30.14963,27.20294,31.32092,25.94224,25.80698,24.08319,24.83948,20.0,21.54066,21.18962,21.58703,20.02498,18.97367,22.47221,24.18677,24.75884,27.80288,30.0,31.62278,31.40064,36.05551,36.76955,32.98485,39.45884,37.33631,40.4475,43.28972,45.70558,42.19005,46.52956,44.55334,48.16638,51.15662,53.60037,53.60037,55.9017,58.00862,61.81424,61.81424,63.3877,65.9242,64.53681,69.2315,68.06614,73.68175,70.71068,81.05554,75.32596,82.49242,83.29466,81.30191
11.04536,11.0,10.04988,10.0,10.19804,9.05539,9.21954,9.21954,8.544,8.544,8.94427,9.43398,9.43398,8.60233,8.60233,9.89949,9.21954,9.21954,9.21954,10.0,9.43398,10.81665,10.29563,11.18034,11.6619,11.6619,12.52996,12.52996,13.89244,13.89244,13.0384,14.42221,13.60147,13.60147,13.60147,13.45362,13.45362,12.72792,11.31371,12.04159,11.40175,11.40175,10.63015,10.0,10.0,9.43398,8.94427,8.544,7.28011,7.28011,7.07107,6.0,73.00685,71.47027,65.52099,62.8172,63.06346,56.29387,60.67125,52.46904,50.0,47.16991,50.08992,45.39824,50.9902,48.27007,43.93177,48.10405,51.89412,47.92703,44.94441,49.24429,49.81967,50.60632,47.42362,49.51767,55.22681,55.86591,56.72742,62.42596,59.66574,63.24555,63.41136,64.03124,67.20119,68.88396,71.02816,71.44928,71.58911,68.76772,72.24957,68.593,70.0,71.21798,67.00746,67.20119,63.51378,66.37017,59.16925,58.59181,53.7122,54.626,49.98,47.12749,47.12749,45.04442,43.04649,40.04997,36.87818,32.20248,32.89377,32.01562,33.24154,32.14032,30.14963,29.42788,27.85678,28.79236,25.23886,28.84441,22.67157,25.4951,22.47221,19.31321,19.10497,21.0238,18.02776,19.92486,21.93171,17.02939,23.85372,23.32381,28.17801,31.04835,29.42788,32.14032,33.13608,31.01612,39.01282,37.05401,37.21559,38.83298,40.60788,44.55334,43.41659,43.41659,49.25444,51.66237,53.60037,53.60037,57.31492,54.74486,62.39391,59.68249,63.15061,63.63961,67.18631,65.27634,71.34424,70.45566,71.70077,75.50497,75.31268,82.56513,77.66595,74.52516
12.36932,11.40175,11.18034,10.77033,11.18034,9.84886,10.29563,9.43398,9.21954,8.60233,9.21954,9.21954,8.48528,8.60233,8.60233,8.94427,8.94427,8.544,8.544,9.48683,9.48683,10.19804,10.19804,11.18034,11.18034,11.18034,12.04159,12.04159,13.15295,12.04159,12.16553,13.15295,13.15295,12.36932,12.36932,12.64911,12.64911,12.08305,12.08305,11.18034,11.18034,11.18034,10.81665,10.0,10.0,9.21954,9.21954,8.48528,7.81025,8.06226,7.61577,6.7082,71.8401,71.86793,67.54258,65.79514,61.77378,58.60034,59.48109,58.66856,55.60576,52.80152,50.24938,46.01087,50.24938,48.9183,47.80167,48.30114,47.01064,47.16991,43.82921,48.08326,50.9902,49.47727,51.0098,53.33854,47.38143,54.03702,53.03772,57.21888,58.00862,63.63961,60.29925,66.48308,67.18631,66.61081,67.89698,70.17834,70.00714,70.11419,73.00685,68.00735,65.0,69.35416,64.28063,62.28965,62.8172,64.32729,60.72891,64.19502,52.49762,54.23099,53.23533,49.64877,47.70744,44.65423,44.04543,39.69887,38.41875,32.44996,31.14482,32.44996,34.0,32.20248,29.73214,24.18677,28.16026,28.16026,25.01999,21.2132,25.01999,25.07987,21.0238,18.38478,17.02939,21.9545,19.23538,22.09072,20.39608,23.34524,21.0238,23.32381,27.65863,31.1127,29.06888,30.80584,32.20248,35.77709,38.27532,38.91015,38.91015,39.92493,37.33631,39.92493,44.01136,45.69464,48.33218,49.24429,52.3259,54.12947,55.54278,55.03635,63.97656,62.64982,62.96825,67.08204,65.30697,68.47627,72.94518,76.05919,77.82673,77.38863,79.62412,85.42833,79.15807,81.43709
10.63015,10.63015,10.63015,10.63015,10.63015,9.21954,9.43398,8.60233,8.94427,8.06226,8.544,8.544,8.24621,8.24621,8.06226,9.0,8.0,8.0,8.06226,8.06226,9.05539,9.21954,9.21954,9.48683,10.44031,10.44031,10.77033,11.40175,11.7047,11.7047,11.40175,11.40175,12.36932,11.40175,12.16553,12.16553,12.04159,11.0,11.0,10.0,10.04988,10.04988,10.19804,9.21954,9.21954,8.24621,8.544,7.61577,7.61577,7.2111,6.40312,5.65685,72.86288,75.00667,68.0147,61.52235,63.89053,56.85068,53.60037,54.20332,52.43091,50.08992,50.69517,46.48656,52.20153,50.69517,46.09772,45.39824,46.52956,44.04543,45.09989,46.38965,50.01,51.24451,46.52956,50.01,49.0408,51.92302,55.65968,60.41523,58.18935,62.17717,56.79789,65.74192,64.4748,65.30697,67.1193,63.56099,74.33034,67.06713,69.92138,70.0928,68.15424,67.26812,66.28725,63.50591,60.53098,64.38167,60.03332,58.13777,50.03998,51.35173,48.83646,48.50773,47.85394,45.31004,41.78516,38.94868,36.35932,31.06445,26.4764,31.57531,28.16026,28.17801,30.52868,26.1725,25.4951,25.0,25.0,23.76973,18.68154,20.61553,18.02776,17.11724,15.81139,16.27882,20.24846,13.60147,16.49242,17.02939,20.09975,26.01922,25.4951,29.54657,33.83785,37.12142,31.90611,34.66987,35.22783,38.60052,39.82462,42.44997,42.0119,41.72529,47.80167,45.60702,50.9902,47.01064,55.21775,54.48853,59.5483,55.60576,62.68174,58.60034,66.70832,64.40497,65.21503,67.62396,72.00694,72.34639,79.6304,73.10951,74.02702,78.56844,79.39773,78.56844
11.40175,10.81665,10.81665,10.29563,9.43398,9.43398,8.94427,8.544,8.544,8.24621,8.24621,8.06226,8.06226,8.0,8.0,8.06226,8.24621,8.24621,8.24621,8.24621,9.21954,8.544,9.48683,9.84886,9.84886,10.29563,11.18034,11.18034,12.08305,11.18034,11.7047,12.08305,11.7047,11.7047,11.7047,11.40175,11.18034,11.18034,10.04988,11.04536,10.04988,10.0,10.0,9.0,9.05539,8.06226,7.28011,7.28011,6.7082,6.7082,6.40312,6.40312,73.0,71.40028,67.6757,62.43397,63.06346,59.5399,55.00909,59.03389,47.01064,50.56679,49.47727,47.12749,45.54119,43.56604,43.56604,47.16991,48.0,45.17743,42.57934,47.07441,54.12024,45.60702,46.61545,46.8188,48.8467,51.47815,55.47071,57.70615,56.93856,61.91123,59.68249,67.60178,62.17717,67.60178,67.6757,69.35416,68.0,70.23532,67.54258,70.93659,63.56886,66.48308,66.70832,61.68468,57.27128,59.03389,58.30952,53.60037,53.15073,49.09175,50.01,45.27693,45.17743,40.80441,38.60052,36.40055,34.98571,31.06445,32.01562,29.42788,30.36445,26.57066,33.54102,27.20294,25.6125,26.90725,23.85372,23.70654,23.76973,21.58703,21.0238,20.02498,18.78829,19.41649,21.2132,23.60085,20.24846,19.23538,25.29822,30.14963,24.02082,30.14963,31.40064,33.83785,37.94733,36.67424,40.24922,39.81206,39.82462,42.94182,38.58756,48.37355,46.64762,46.32494,50.11986,52.35456,54.20332,58.30952,58.13777,61.29437,61.26989,64.88451,67.06713,64.40497,71.30919,67.08204,74.79305,74.24284,73.06162,76.32169,77.17513,81.9878,78.77182,76.32169
13.0384,12.52996,12.08305,12.08305,11.7047,10.77033,10.44031,10.44031,10.44031,9.21954,9.21954,9.05539,9.0,9.0,9.0,10.19804,9.21954,9.21954,9.48683,9.84886,9.48683,10.29563,9.84886,10.29563,11.6619,10.81665,11.6619,12.52996,13.0384,13.0384,12.52996,13.41641,13.41641,12.52996,13.0,12.64911,12.64911,12.36932,12.36932,11.18034,11.18034,11.18034,11.04536,10.04988,10.0,9.0,9.05539,9.05539,8.24621,8.24621,7.61577,6.7082,72.20111,69.81404,66.64083,63.63175,63.13478,55.56978,60.74537,57.58472,50.96077,49.98,48.50773,48.50773,50.15974,53.03772,47.04253,46.04346,47.26521,48.50773,44.14748,47.43416,51.86521,48.50773,44.28318,48.02083,49.24429,53.85165,52.47857,53.53504,54.12024,58.41233,57.42822,62.1289,63.63175,65.0,64.2028,65.0,68.7968,65.8635,68.47627,66.18912,68.02941,65.45991,64.56005,63.60031,64.03124,61.61169,55.9017,57.42822,51.08816,52.15362,49.0102,47.04253,42.29657,41.7732,35.17101,37.33631,31.7805,32.75668,30.41381,34.05877,29.06888,32.75668,28.63564,29.15476,27.313,29.68164,24.75884,25.80698,23.02173,24.16609,22.2036,21.0,18.11077,25.96151,20.24846,19.84943,24.08319,23.85372,30.8707,27.20294,31.01612,33.24154,32.06244,34.9285,33.95585,38.60052,40.5216,36.76955,42.15448,42.37924,47.75982,49.24429,46.51881,48.46648,49.76947,52.55473,55.03635,56.64804,58.18075,57.77543,64.2573,58.69412,62.62587,67.06713,68.00735,72.73239,82.63776,73.82412,76.6942,80.05623,81.5414,85.49269,79.60528,80.11242
12.80625,12.80625,11.31371,11.31371,10.63015,9.89949,10.0,9.43398,10.0,9.43398,9.43398,9.84886,9.48683,9.48683,9.48683,9.21954,9.05539,9.05539,9.05539,10.0,9.0,10.04988,10.04988,11.04536,11.04536,11.18034,12.16553,12.16553,13.15295,12.16553,13.0384,13.0384,13.0384,12.04159,13.0384,13.0384,13.0384,12.16553,12.16553,12.36932,11.40175,11.40175,10.44031,10.44031,9.48683,9.48683,8.94427,8.06226,8.06226,7.81025,7.07107,6.40312,71.55418,69.857,64.84597,66.21178,67.1193,60.41523,61.03278,60.44005,54.20332,52.80152,47.50789,48.10405,50.20956,52.20153,51.61395,46.64762,51.0,47.01064,42.54409,43.68066,50.01,42.72002,46.17359,51.15662,52.61179,54.08327,57.00877,56.4358,56.0803,56.4358,58.30952,59.13544,66.1211,67.26812,64.12488,65.00769,67.00746,69.18092,70.45566,66.27217,65.06919,69.2315,62.80127,63.34824,58.46366,63.32456,57.58472,58.69412,51.89412,52.83938,47.88528,50.21952,46.09772,43.18565,42.44997,37.64306,32.75668,38.63936,36.40055,32.75668,34.66987,35.4683,29.73214,29.73214,28.30194,29.54657,31.30495,24.33105,24.33105,23.0,21.2132,18.68154,19.41649,17.0,22.2036,20.88061,23.5372,20.09975,24.18677,25.29822,27.85678,31.76476,32.75668,30.0,34.71311,41.03657,40.31129,35.80503,44.20407,46.87217,41.6173,48.60041,48.02083,51.62364,51.40039,52.15362,60.44005,60.21628,64.07027,60.80296,65.60488,64.66065,64.63745,61.58734,68.7968,72.94518,75.80237,74.63243,77.20104,75.17978,79.32213,83.52844,80.62258,78.77182
12.52996,12.08305,11.7047,11.7047,10.44031,9.48683,9.21954,9.21954,9.05539,9.05539,9.05539,9.05539,9.05539,9.05539,8.24621,9.48683,8.544,8.544,8.94427,8.94427,8.94427,9.43398,9.43398,10.0,10.81665,10.63015,11.40175,12.20656,12.20656,12.80625,12.20656,12.20656,12.20656,12.20656,12.52996,12.52996,12.08305,11.7047,11.7047,11.7047,11.40175,10.19804,10.19804,10.19804,9.05539,9.05539,9.0,8.06226,8.06226,8.24621,7.61577,6.7082,78.79086,72.47068,67.77905,69.07966,61.26989,58.82176,58.24088,57.87055,50.44799,50.96077,49.24429,47.38143,47.09565,52.08647,46.0,43.28972,50.24938,48.76474,45.60702,49.33559,48.75449,50.56679,49.1935,50.77401,50.21952,52.47857,53.00943,58.25805,57.48913,61.6198,59.5483,66.06815,62.482,67.47592,66.6033,68.41053,68.24954,72.47068,67.80118,70.49113,62.26556,64.41273,66.64083,62.76942,59.80803,60.40695,59.90826,62.36986,54.57105,54.45181,53.15073,49.0408,48.01042,42.29657,40.4475,40.5216,35.1141,34.4093,34.0,33.10589,35.1141,30.26549,31.14482,28.07134,28.16026,26.4764,21.58703,21.54066,21.0238,18.60108,17.49286,11.6619,14.56022,16.03122,13.34166,14.42221,14.86607,17.20465,21.0238,19.64688,24.18677,30.06659,28.01785,29.61419,33.95585,39.56008,43.01163,36.68787,43.38202,41.76123,42.72002,48.27007,47.75982,47.16991,48.8467,55.71355,63.32456,57.93962,57.87055,65.0,63.78871,64.84597,73.38937,66.7308,70.88018,71.47027,74.94665,77.49194,78.1089,83.21658,76.6942,83.25863,85.61542,80.32434
12.52996,11.6619,11.40175,10.81665,10.0,10.0,8.48528,8.48528,8.48528,8.60233,8.60233,8.06226,8.06226,8.544,7.61577,8.24621,8.06226,8.06226,8.06226,9.0,9.0,9.05539,9.0,10.04988,10.04988,11.18034,11.18034,12.16553,12.04159,12.16553,12.04159,12.04159,13.0384,12.04159,12.0,12.04159,13.15295,12.16553,11.40175,11.40175,10.44031,10.44031,10.44031,9.48683,9.84886,8.94427,8.60233,8.60233,7.81025,7.07107,7.81025,5.83095,72.11103,70.5762,72.09022,65.19202,65.8635,60.37384,59.05929,59.68249,49.64877,51.73973,54.48853,45.96738,51.85557,46.09772,45.80393,46.51881,47.41308,45.88028,43.38202,45.54119,50.63596,45.54119,46.09772,47.01064,47.01064,55.00909,53.15073,54.45181,55.57877,58.42089,58.42089,62.96825,59.3043,65.76473,62.39391,70.5762,67.89698,69.26038,69.02898,69.02898,64.00781,70.11419,68.35934,68.35934,63.78871,60.87693,62.36185,60.16644,55.7853,54.42426,51.89412,45.18849,46.14109,41.18252,44.59821,38.18377,35.80503,33.24154,28.86174,32.57299,32.57299,29.96665,30.0,25.6125,24.20744,21.63331,22.02272,15.81139,15.13275,14.56022,11.7047,10.04988,8.06226,7.61577,8.06226,9.05539,11.7047,12.08305,14.86607,22.67157,22.2036,26.40076,27.20294,33.61547,34.98571,32.31099,43.38202,36.24914,44.01136,42.72002,48.38388,47.80167,49.39636,46.8188,52.7731,57.24509,60.92618,59.80803,61.29437,60.37384,64.84597,61.7171,72.00694,65.76473,66.37017,71.58911,68.42514,77.02597,76.32169,78.79086,76.05919,83.19255,84.11896,80.49845
13.0384,12.0,11.0,12.0,11.04536,10.04988,10.19804,9.21954,9.21954,8.544,9.84886,8.94427,8.94427,9.43398,8.60233,9.21954,8.48528,8.48528,9.21954,9.21954,8.60233,9.43398,9.43398,10.29563,11.18034,11.18034,12.08305,12.52996,13.41641,13.0,12.52996,13.89244,13.0384,13.0384,13.0384,13.60147,12.80625,12.80625,12.72792,12.04159,12.04159,11.40175,11.40175,10.81665,10.81665,9.43398,8.94427,8.94427,8.544,8.24621,8.06226,7.0,68.35203,78.1089,66.48308,60.87693,61.84658,60.63827,57.27128,60.67125,56.14268,51.15662,52.0,48.04165,51.15662,44.55334,45.35416,43.46263,49.39636,49.24429,46.64762,41.88078,47.63402,50.44799,43.86342,50.93133,52.40229,55.9017,50.60632,56.60389,58.5235,65.45991,61.29437,64.49806,67.20119,68.96376,70.49113,72.00694,69.02898,73.23933,70.43437,71.50524,72.24957,68.593,67.17887,71.42129,64.53681,65.43699,61.40033,61.03278,53.0,55.4617,52.92447,49.24429,48.70318,50.44799,45.60702,41.0,38.0526,35.4683,33.12099,31.62278,33.61547,29.83287,25.07987,23.02173,27.01851,27.29469,18.02776,20.88061,16.15549,12.20656,11.18034,10.29563,9.21954,7.07107,8.06226,7.07107,9.21954,18.0,23.08679,18.43909,27.51363,26.92582,27.29469,29.54657,30.36445,37.69615,39.92493,40.31129,41.23106,40.71855,46.51881,44.77723,50.08992,48.30114,54.42426,54.626,59.23681,57.77543,62.62587,56.0803,65.9242,62.39391,62.0967,67.6757,68.15424,71.16881,76.24303,73.08215,75.69016,79.37884,73.4983,88.29496,81.49233,77.16217
10.81665,10.81665,10.0,10.0,9.21954,7.81025,8.60233,7.81025,8.60233,7.2111,8.06226,7.61577,7.61577,7.28011,7.28011,8.06226,8.06226,8.06226,9.0,9.05539,8.06226,9.21954,9.05539,10.19804,10.19804,10.44031,11.40175,11.40175,12.36932,12.36932,12.16553,12.16553,12.16553,12.16553,12.04159,12.04159,12.0,11.04536,11.04536,11.04536,11.18034,10.19804,10.19804,9.21954,9.21954,8.544,7.61577,8.06226,7.2111,6.40312,6.40312,5.65685,74.73286,67.54258,64.14047,65.0,61.29437,60.90156,58.24946,53.60037,51.85557,57.38467,51.66237,46.75468,51.08816,44.04543,44.94441,47.01064,50.9902,44.92215,44.38468,41.59327,47.38143,45.27693,51.0098,47.26521,50.03998,53.15073,55.57877,59.5399,61.66036,62.80127,63.15061,64.93843,65.11528,73.97973,67.72001,72.69113,73.97973,72.44308,73.10951,70.00714,68.0,72.11103,69.18092,66.48308,65.62012,62.80127,58.85576,58.46366,56.32051,54.57105,54.78138,50.32892,48.30114,43.01163,43.82921,39.05125,36.06938,31.01612,35.12834,35.22783,31.62278,31.38471,30.8707,27.78489,23.32381,26.1725,20.51828,19.84943,17.49286,15.81139,10.81665,11.18034,6.08276,4.47214,7.28011,5.0,10.29563,11.6619,16.27882,14.42221,19.79899,25.55386,29.06888,26.40076,31.62278,36.76955,38.62642,37.69615,40.8534,43.9659,44.38468,47.75982,49.64877,46.23851,48.8467,55.71355,55.9017,55.54278,58.13777,63.50591,61.29437,61.29437,60.21628,63.52952,69.97142,70.49113,69.46222,75.80237,79.40403,83.24062,75.29276,82.76473,80.77747,76.48529
12.04159,11.04536,10.19804,11.18034,10.19804,9.21954,9.48683,8.544,8.94427,8.94427,8.60233,8.60233,9.21954,8.48528,8.48528,10.0,9.43398,9.43398,9.43398,10.29563,9.84886,10.77033,10.77033,11.7047,11.7047,11.40175,12.36932,13.60147,13.60147,13.60147,13.92839,13.0,13.92839,13.0,13.92839,13.41641,13.89244,13.0384,12.20656,12.20656,11.40175,11.40175,10.63015,10.63015,9.89949,9.89949,9.21954,8.60233,8.60233,8.06226,7.61577,6.32456,79.12016,71.80529,70.71068,66.09841,63.50591,54.58938,56.0803,62.03225,55.00909,51.35173,49.0306,49.47727,51.66237,51.5461,46.8188,47.41308,49.64877,46.61545,48.25971,45.34314,52.34501,48.79549,51.40039,50.60632,53.41348,58.83026,56.79789,62.16912,64.84597,61.7171,64.07808,66.64083,68.96376,77.38863,70.77429,71.11962,75.29276,72.56032,74.09453,72.20111,73.23933,74.4043,68.41053,68.68042,65.06919,62.93648,65.29931,63.12686,59.81639,54.40588,54.91812,53.0,50.11986,48.8467,44.92215,41.0,38.11824,35.38361,36.87818,36.89173,31.30495,31.30495,31.04835,30.67572,26.92582,26.68333,24.02082,21.0238,16.03122,18.11077,12.36932,12.0,8.48528,3.60555,2.82843,6.40312,8.06226,11.0,18.02776,19.0263,24.04163,22.36068,24.33105,32.31099,29.41088,31.30495,37.0,37.16181,47.42362,38.62642,40.8534,48.46648,45.54119,48.10405,49.0408,52.92447,56.61272,51.5461,53.60037,61.03278,61.68468,60.20797,60.01666,64.32729,65.62012,70.71068,72.00694,75.13322,81.3941,77.46612,69.05071,87.66413,84.34453,80.80842
13.15295,12.16553,12.04159,12.04159,11.04536,11.04536,10.0,10.04988,10.04988,9.21954,9.21954,9.48683,9.48683,8.94427,8.94427,9.43398,10.0,8.60233,9.21954,9.89949,9.89949,10.0,10.0,10.81665,12.20656,11.6619,12.20656,13.0384,14.42221,13.0384,13.60147,14.21267,14.21267,13.45362,14.21267,13.45362,14.14214,13.45362,12.80625,12.80625,12.20656,12.20656,11.6619,10.29563,10.29563,9.84886,9.48683,9.48683,9.21954,8.06226,8.0,8.0,71.11962,70.26379,68.70953,65.0,64.51356,56.0803,56.04463,58.5235,52.46904,49.36598,50.63596,49.25444,52.08647,51.0,46.52956,44.38468,48.70318,48.46648,45.18849,46.95743,49.09175,47.50789,46.04346,52.80152,54.81788,58.0517,53.74012,60.20797,61.84658,64.2028,63.78087,71.50524,68.0147,70.83784,70.43437,72.83543,67.26812,74.27651,71.40028,69.81404,67.26812,69.81404,69.40461,72.94518,67.41662,65.76473,64.88451,64.40497,57.93962,55.02727,53.16014,53.16014,47.67599,46.17359,45.17743,42.10701,43.41659,36.12478,31.62278,31.38471,30.8707,32.98485,30.80584,28.16026,27.01851,25.01999,22.2036,21.18962,18.11077,16.55295,13.89244,11.18034,5.0,5.09902,2.0,8.60233,8.0,13.0384,14.86607,19.64688,22.56103,21.47091,28.17801,28.17801,30.88689,33.6006,35.51056,35.38361,39.69887,41.67733,47.43416,47.01064,48.02083,47.41308,48.02083,52.7731,57.70615,57.69749,57.24509,56.79789,61.84658,59.46427,62.64184,63.15853,67.23095,70.00714,71.51224,71.86793,77.7946,80.41144,75.61085,87.09191,80.05623,81.70679
12.20656,11.6619,11.18034,11.18034,10.29563,9.84886,10.44031,9.48683,10.44031,9.05539,10.04988,10.0,9.0,9.05539,9.05539,10.19804,9.21954,9.48683,9.84886,9.84886,9.84886,11.18034,11.18034,11.6619,12.52996,13.0384,13.89244,13.89244,13.89244,13.89244,13.89244,14.31782,14.31782,14.31782,15.23155,13.92839,13.60147,13.60147,12.36932,13.34166,12.16553,12.16553,12.04159,11.04536,11.0,10.0,10.04988,10.04988,9.21954,8.24621,8.544,7.61577,70.93659,70.72482,68.24954,66.85058,62.80127,61.03278,60.74537,54.3783,54.12024,52.7731,51.26402,49.33559,54.12947,48.76474,50.48762,48.0,51.08816,46.17359,43.18565,49.0306,53.45091,48.76474,45.22168,51.47815,51.07837,55.56978,57.3062,55.22681,59.05929,63.00794,62.1289,66.0303,66.37017,67.41662,69.81404,76.32169,73.92564,70.83078,73.43024,73.40981,68.942,73.92564,70.83784,68.94926,67.05222,68.88396,62.16912,64.77654,57.70615,53.46027,55.3263,56.0357,50.01,43.56604,49.49747,42.05948,36.76955,34.53983,34.20526,36.34556,35.01428,35.01428,31.14482,28.63564,27.16616,23.5372,21.37756,17.72005,18.78829,18.38478,15.55635,12.80625,7.2111,5.38516,2.0,4.47214,7.07107,7.61577,11.6619,15.26434,18.02776,23.02173,27.65863,25.45584,33.94113,34.66987,37.20215,35.38361,38.60052,40.0,38.41875,43.41659,49.0408,46.69047,49.51767,53.07542,53.75872,54.45181,59.46427,58.69412,63.65532,61.84658,67.17887,63.89053,65.80274,68.76772,78.64477,75.9276,77.80103,73.40981,77.62087,76.6942,80.65978,74.8131
13.0384,12.52996,12.08305,12.08305,11.7047,10.77033,10.44031,9.21954,10.19804,9.05539,10.0,9.0,9.0,10.04988,9.05539,9.48683,9.48683,9.48683,9.84886,10.29563,10.29563,10.81665,10.29563,11.40175,12.20656,12.20656,12.80625,12.80625,14.21267,13.60147,13.60147,13.60147,13.60147,14.42221,13.89244,13.89244,13.41641,13.0,13.0,12.64911,12.36932,11.40175,11.40175,11.18034,11.18034,10.04988,10.04988,9.0,9.05539,8.06226,8.24621,7.61577,71.58911,75.0,73.24616,66.0303,66.57327,64.88451,56.4358,59.05929,53.31041,51.62364,47.75982,45.12206,50.80354,46.69047,44.40721,42.04759,51.62364,48.6621,46.09772,45.12206,49.0408,48.05206,49.76947,53.23533,49.24429,55.56978,54.91812,61.6198,63.41136,63.89053,62.20129,69.06519,63.60031,71.21798,65.80274,71.56116,73.23933,76.66159,75.29276,72.47068,70.23532,75.23962,65.9242,67.23095,63.90618,65.19202,63.06346,62.16912,56.7186,56.7186,57.42822,54.00926,48.01042,45.09989,43.56604,42.72002,38.07887,36.87818,35.22783,34.9285,34.17601,31.04835,33.73426,28.07134,32.01562,25.01999,26.01922,22.56103,19.92486,15.52417,13.92839,10.29563,9.21954,5.09902,4.47214,3.16228,8.06226,9.48683,16.12452,17.46425,23.08679,26.41969,28.4605,32.75668,29.15476,35.0,37.01351,33.30165,38.20995,42.2019,41.40048,47.20169,48.9183,43.82921,50.0,55.31727,59.64059,55.21775,55.47071,60.21628,62.43397,60.74537,61.32699,65.0,68.0,69.83552,72.20111,74.94665,80.62258,78.23043,69.97142,86.60831,86.4523,80.44874
12.64911,11.40175,11.18034,11.18034,10.19804,10.19804,10.0,9.0,9.0,9.05539,9.05539,9.21954,8.24621,8.24621,8.544,8.94427,8.06226,8.06226,8.60233,8.60233,8.60233,9.21954,9.21954,9.89949,10.63015,10.63015,11.31371,11.31371,12.72792,12.04159,12.04159,12.04159,12.04159,12.04159,12.80625,12.20656,12.20656,11.6619,11.6619,11.18034,10.77033,10.77033,10.44031,10.44031,9.48683,9.21954,9.05539,8.0,8.0,8.06226,8.06226,7.28011,74.24284,69.83552,73.1642,64.41273,66.21178,58.18075,59.13544,59.48109,54.81788,50.01,50.80354,45.27693,48.6621,46.04346,47.01064,45.70558,50.44799,49.72927,49.0408,48.08326,50.69517,48.30114,49.64877,48.41487,51.40039,54.20332,53.15073,55.15433,59.39697,63.78087,64.3506,67.20863,60.82763,74.27651,68.68042,72.34639,73.66139,73.75636,72.47068,76.6094,63.00794,68.60029,64.14047,67.23095,67.1193,63.06346,60.00833,62.39391,53.75872,53.93515,54.91812,50.63596,49.25444,43.0,45.01111,42.29657,39.84972,34.65545,37.44329,35.34119,36.23534,31.32092,29.61419,29.42788,30.14963,31.01612,20.09975,23.19483,20.88061,18.43909,14.76482,13.60147,12.04159,15.23155,8.06226,7.81025,7.07107,10.29563,17.11724,16.03122,20.09975,20.61553,24.18677,32.89377,31.04835,34.66987,38.48376,32.69557,43.909,44.01136,39.81206,46.06517,48.37355,44.38468,50.08992,48.30114,57.77543,59.5063,56.36488,62.17717,65.39113,66.48308,62.36185,65.45991,68.94926,73.38937,72.42237,75.02666,75.89466,84.17244,74.73286,81.15417,81.34494,78.0
12.36932,11.7047,10.77033,10.77033,10.77033,9.84886,10.29563,8.60233,9.43398,7.81025,9.21954,9.21954,8.48528,8.60233,8.60233,9.43398,8.94427,8.544,9.48683,9.48683,10.44031,10.44031,10.19804,11.18034,11.18034,12.16553,12.16553,12.36932,13.15295,13.15295,13.34166,13.60147,13.60147,12.64911,13.60147,13.0,13.0,12.08305,12.08305,11.6619,10.81665,10.81665,10.81665,10.0,9.21954,9.21954,8.48528,7.81025,7.81025,7.2111,6.7082,6.32456,73.17103,77.23341,73.06162,65.19202,65.19202,62.0,61.40033,61.40033,54.45181,52.39275,48.76474,46.23851,47.92703,47.92703,44.28318,44.40721,50.0,52.80152,42.42641,48.9183,49.67897,52.80152,47.16991,52.15362,48.8774,54.91812,57.69749,57.38467,58.69412,64.2573,60.08328,62.96825,63.15853,72.23573,65.14599,70.38466,70.38466,69.77822,69.35416,69.46222,68.26419,68.7968,66.85058,71.28113,63.25346,62.24147,58.69412,59.46427,53.75872,54.67175,50.44799,47.01064,43.82921,48.37355,39.39543,41.4367,37.10795,38.28838,36.12478,37.48333,36.61967,35.34119,33.61547,34.53983,33.83785,32.38827,27.07397,27.07397,24.33105,19.23538,18.38478,20.24846,18.60108,17.02939,16.49242,11.40175,11.0,14.86607,15.0,17.80449,20.24846,23.34524,28.16026,28.16026,30.26549,34.0147,38.11824,36.0,41.19466,39.05125,42.10701,46.04346,48.04165,50.0,49.16299,52.15362,57.07889,53.08484,60.00833,58.03447,64.07027,58.03447,67.74216,69.18092,70.25667,75.16648,71.17584,73.06162,78.05767,80.00625,78.02564,82.0,86.46965,86.14523
13.41641,13.89244,12.20656,13.0384,10.81665,11.6619,11.31371,10.63015,9.89949,9.89949,10.63015,10.0,9.43398,10.29563,10.29563,9.84886,10.44031,9.48683,10.19804,10.19804,10.19804,10.04988,11.04536,12.0,12.04159,12.0,13.0,13.0,14.03567,14.03567,14.03567,14.03567,14.03567,14.14214,14.14214,13.34166,13.34166,12.64911,12.64911,12.64911,12.08305,12.08305,11.18034,11.18034,10.29563,10.29563,10.0,9.21954,8.48528,7.81025,8.60233,7.2111,79.62412,70.61161,73.68175,68.70953,61.68468,65.80274,60.44005,58.69412,57.24509,51.42956,54.70832,50.77401,49.64877,48.83646,47.01064,48.9183,50.80354,45.80393,49.09175,46.32494,51.0,48.33218,50.92151,49.0408,42.05948,55.31727,52.95281,56.56854,57.55867,62.20129,61.52235,65.27634,62.80127,67.89698,66.61081,72.56721,68.46897,71.70077,70.60453,67.44627,62.8172,68.62215,67.41662,68.942,64.40497,61.7414,56.0803,55.47071,59.40539,47.80167,52.00961,48.9183,43.86342,43.86342,44.77723,41.04875,35.1141,34.17601,35.35534,33.6006,38.20995,32.01562,30.0,32.20248,30.36445,31.01612,28.86174,27.16616,23.19483,24.08319,19.64688,18.38478,17.49286,14.21267,15.81139,18.43909,18.11077,18.68154,24.59675,25.0,26.62705,29.06888,31.241,29.68164,30.88689,34.48188,38.62642,36.68787,41.78516,44.27189,44.01136,47.80167,50.59644,47.53946,49.64877,50.59644,55.54278,55.54278,59.80803,61.98387,64.00781,60.74537,68.8767,68.70953,68.02941,72.61543,68.942,80.99383,79.84986,80.95678,80.23092,82.56513,88.54377,78.84795
12.80625,12.20656,12.20656,11.6619,11.6619,10.29563,10.77033,9.48683,9.48683,9.48683,9.48683,10.19804,10.04988,9.05539,9.0,10.0,9.05539,9.05539,9.21954,9.21954,10.19804,10.44031,10.44031,10.44031,11.40175,11.7047,12.08305,12.08305,13.0,13.0,12.64911,12.64911,13.60147,12.64911,13.34166,13.15295,13.15295,12.04159,12.04159,12.04159,11.0,11.0,11.0,10.04988,10.04988,9.21954,9.21954,8.24621,8.544,8.06226,8.06226,7.2111,74.51845,77.98718,71.86793,68.11755,64.89992,62.1289,60.90156,59.03389,55.54278,50.69517,49.0408,47.16991,47.80167,52.95281,47.29693,49.09175,47.01064,46.09772,46.27094,46.69047,53.16014,47.12749,45.69464,50.69517,47.85394,53.23533,57.69749,56.93856,57.70615,61.91123,62.1289,63.81222,62.76942,66.64833,68.26419,67.08204,69.35416,65.29931,69.07966,69.857,70.00714,65.52099,65.25335,61.84658,61.61169,62.16912,56.88585,56.32051,53.15073,51.0098,51.08816,44.10215,46.27094,47.29693,39.84972,40.49691,35.35534,32.24903,30.01666,31.06445,31.04835,31.95309,26.92582,28.63564,26.40076,26.40076,27.65863,20.0,20.61553,16.49242,15.0333,17.02939,18.02776,14.42221,16.64332,14.76482,18.68154,18.43909,23.19483,24.33105,26.92582,28.79236,30.80584,32.20248,33.10589,35.8469,42.05948,40.0,45.22168,43.82921,44.29447,46.40043,49.0408,46.32494,48.02083,56.0803,57.2014,52.20153,60.74537,58.5235,66.37017,62.1289,60.03332,67.74216,67.08204,67.60178,80.06248,75.47185,79.25907,75.71658,77.38863,86.28441,82.92768,79.40403
12.52996,12.08305,10.77033,11.7047,10.77033,10.44031,10.19804,9.21954,9.21954,9.05539,9.05539,9.0,9.0,9.05539,9.05539,9.21954,9.48683,8.24621,8.544,9.84886,8.94427,9.84886,9.84886,10.29563,11.18034,11.6619,11.6619,12.52996,12.52996,12.52996,12.08305,12.52996,12.08305,12.08305,13.0,12.64911,12.36932,12.16553,11.18034,11.18034,11.04536,11.04536,10.0,10.0,10.0,9.0,9.05539,9.05539,8.24621,7.61577,7.61577,6.7082,75.16648,75.16648,75.591,64.14047,63.63175,58.30952,61.7171,58.87274,52.3259,49.76947,49.33559,48.76474,50.80354,52.61179,49.64877,48.01042,53.00943,44.28318,43.10452,50.01,50.96077,50.21952,48.8467,50.9902,51.89412,50.56679,54.56189,62.96825,60.37384,62.68174,64.88451,60.90156,68.47627,68.42514,67.74216,70.23532,70.21396,65.76473,69.64194,69.92138,70.21396,66.76077,61.61169,61.40033,61.98387,63.34824,61.66036,58.13777,56.0357,54.03702,48.16638,46.17359,44.72136,40.49691,39.21734,38.91015,38.83298,31.38471,29.15476,30.08322,28.63564,28.01785,27.45906,27.89265,26.40076,26.40076,25.4951,21.93171,19.41649,19.41649,17.46425,12.04159,16.27882,13.34166,14.42221,17.69181,18.02776,20.61553,21.54066,20.24846,26.1725,28.01785,29.01724,30.59412,28.16026,34.43835,38.48376,32.89377,39.39543,43.38202,42.48529,44.72136,40.70626,48.76474,51.42956,51.42956,56.85948,58.60034,59.03389,56.36488,63.15853,59.5063,64.4748,66.18912,66.21178,68.8767,75.39231,79.70571,76.15773,77.38863,76.47876,87.23531,77.36924,79.64923
12.16553,11.40175,10.44031,10.44031,10.44031,9.84886,9.84886,8.94427,8.94427,8.60233,8.60233,8.48528,8.48528,7.81025,7.81025,8.60233,8.06226,8.06226,8.06226,8.94427,8.544,9.48683,9.48683,10.44031,10.44031,11.18034,11.40175,11.40175,12.36932,12.36932,12.64911,12.64911,12.64911,12.08305,13.0,11.18034,12.52996,12.20656,10.81665,11.40175,10.63015,10.63015,9.89949,9.89949,9.21954,8.60233,8.06226,8.06226,7.61577,7.28011,7.28011,6.08276,69.11584,71.0,72.18033,69.46222,65.62012,62.64982,57.72348,57.97413,55.02727,54.626,54.626,49.76947,53.22593,49.39636,49.64877,49.0408,46.75468,47.42362,43.93177,48.9183,52.80152,47.43416,48.30114,48.76474,50.53712,53.22593,55.15433,57.93962,60.44005,62.64184,62.29767,66.40783,65.78754,70.21396,64.2573,72.01389,72.01389,70.26379,70.71068,68.09552,67.60178,69.33974,67.20119,65.0,63.78087,64.2028,55.86591,60.10824,53.74012,54.81788,48.54894,47.50789,44.77723,44.77723,40.49691,38.27532,35.12834,35.90265,34.0147,34.43835,35.0,32.64966,32.64966,27.20294,28.30194,24.18677,24.69818,22.80351,18.24829,21.37756,17.11724,14.86607,11.7047,12.80625,9.48683,13.60147,11.7047,11.7047,15.81139,19.84943,22.02272,24.18677,29.73214,29.15476,32.28002,31.32092,37.33631,39.05125,43.56604,37.33631,41.97618,46.52956,47.67599,46.17359,51.41984,51.97115,55.31727,56.32051,58.46366,58.46366,57.97413,65.80274,68.62215,67.46851,68.00735,67.91171,74.46476,75.18643,77.12976,79.07591,77.36924,89.627,79.07591,77.78175
13.0384,12.0,12.0,12.0,11.0,10.04988,10.04988,9.21954,9.21954,9.48683,9.48683,9.84886,9.84886,8.94427,8.94427,9.43398,8.60233,9.21954,9.21954,9.89949,9.89949,10.0,10.0,10.0,10.81665,10.81665,12.20656,12.20656,12.20656,13.0384,12.80625,12.80625,12.80625,12.80625,13.45362,12.72792,12.72792,12.04159,12.20656,12.20656,11.6619,10.81665,11.6619,10.29563,9.84886,9.84886,9.48683,9.21954,8.24621,8.06226,8.0,7.07107,80.32434,67.35726,75.18643,69.37579,63.06346,61.61169,59.22837,64.77654,58.85576,54.33231,51.0,50.03998,53.75872,48.25971,48.6621,44.64303,49.64877,49.39636,46.23851,47.16991,54.3783,46.14109,51.66237,49.57822,50.32892,53.75872,53.03772,59.5483,55.22681,63.78087,60.60528,68.11755,59.39697,68.11755,64.53681,73.5527,75.69016,68.62215,68.593,67.35726,65.43699,70.21396,66.61081,64.2028,65.36819,61.40033,63.07139,56.79789,57.27128,54.23099,49.64877,48.08326,49.47727,46.27094,41.01219,38.47077,35.35534,36.79674,37.48333,33.83785,35.8469,29.15476,31.62278,30.36445,28.16026,30.14963,24.0,21.0238,16.55295,20.24846,16.40122,14.86607,8.94427,12.64911,10.19804,13.15295,10.63015,12.80625,13.41641,15.52417,24.18677,22.09072,30.26549,30.06659,33.06055,33.13608,38.83298,32.98485,41.23106,41.48494,43.56604,41.48494,43.32436,41.76123,52.63079,51.97115,55.08176,59.68249,56.29387,60.01666,60.67125,64.13267,60.53098,63.50591,66.75328,71.34424,76.41989,77.78175,79.76215,84.0119,73.5459,87.80091,88.07383,81.0432
12.16553,11.18034,11.40175,11.40175,10.44031,9.48683,9.84886,9.84886,9.43398,9.43398,9.43398,9.21954,9.21954,8.48528,9.21954,10.0,9.43398,9.43398,9.43398,9.43398,9.84886,9.84886,9.84886,11.7047,11.7047,11.7047,12.64911,13.0,13.0,13.0,13.0,13.41641,13.41641,12.52996,13.0384,13.0384,13.0384,12.20656,12.04159,11.40175,11.31371,11.31371,11.31371,9.89949,9.21954,8.60233,8.60233,8.06226,8.06226,7.61577,7.28011,6.08276,79.07591,74.16873,69.00725,70.00714,66.1211,63.0,65.00769,59.21149,57.07889,49.49747,53.15073,51.41984,50.69517,50.15974,45.88028,48.37355,52.15362,47.01064,47.20169,44.82187,49.51767,45.34314,48.01042,51.08816,51.08816,55.21775,55.22681,60.00833,61.29437,64.62198,62.6099,71.11962,63.51378,67.54258,63.56099,69.33974,69.64194,65.51336,69.2026,68.60029,67.00746,65.79514,65.79514,66.46804,65.11528,61.7171,57.48913,60.30755,51.61395,51.31277,52.83938,47.92703,47.42362,43.65776,42.75512,37.85499,38.01316,39.39543,35.35534,35.22783,34.65545,30.4795,30.61046,31.90611,28.63564,28.17801,28.16026,26.30589,20.39608,18.11077,20.88061,17.08801,14.31782,13.89244,11.40175,8.60233,8.94427,13.0384,14.76482,13.41641,20.12461,22.13594,25.07987,30.80584,29.27456,28.16026,36.01389,37.05401,42.0,40.04997,40.04997,44.04543,42.0119,41.10961,48.09366,53.03772,56.00893,54.00926,60.00833,55.22681,61.29437,58.21512,60.67125,64.12488,66.61081,73.33485,75.10659,73.33485,77.31753,80.09994,79.30952,83.02409,85.02353,84.05355
11.31371,11.31371,11.40175,10.63015,10.63015,10.0,9.43398,9.43398,9.43398,8.544,9.84886,9.48683,9.21954,9.21954,8.24621,9.05539,9.0,9.0,9.0,10.04988,9.05539,10.04988,10.19804,11.18034,11.18034,11.40175,12.36932,12.16553,12.36932,13.15295,12.16553,12.16553,13.0384,12.04159,12.04159,13.0,12.04159,12.04159,11.04536,11.18034,11.18034,10.19804,10.44031,10.19804,9.48683,8.544,8.94427,8.06226,8.06226,7.2111,6.40312,6.40312,77.52419,74.43118,72.94518,70.72482,66.8431,62.00806,56.85068,59.81639,55.17246,52.3259,53.2635,48.41487,51.61395,50.80354,48.8774,48.10405,52.81098,47.43416,42.05948,44.38468,52.61179,50.63596,48.16638,49.09175,47.04253,52.00961,54.03702,56.32051,58.42089,63.78871,59.3043,67.18631,60.00833,69.46222,67.1193,68.02941,71.02816,66.1211,70.11419,67.60178,67.60178,67.89698,64.62971,65.76473,61.61169,61.84658,57.24509,57.58472,55.71355,51.0,54.12024,48.02083,46.04346,44.20407,41.01219,41.72529,36.23534,35.17101,34.36568,36.01389,33.13608,32.55764,32.28002,30.67572,31.38471,26.40076,25.23886,23.34524,21.26029,19.79899,18.86796,14.56022,14.0,11.7047,10.63015,7.28011,9.48683,10.19804,15.29706,15.81139,19.31321,20.12461,26.40076,25.6125,31.14482,29.73214,36.12478,37.48333,36.79674,40.81666,37.01351,44.40721,44.82187,45.80393,46.8615,53.90733,55.60576,54.67175,53.41348,58.25805,65.29931,61.52235,60.20797,65.94695,69.31089,68.68042,73.87828,80.65978,76.41989,78.24321,76.83749,84.6286,80.80223,77.42093
13.41641,12.08305,11.7047,10.77033,10.44031,10.44031,9.21954,9.21954,9.21954,8.06226,9.05539,8.0,8.0,8.0,8.06226,8.24621,8.24621,7.28011,7.61577,7.61577,8.06226,8.60233,8.06226,9.43398,10.0,10.0,10.0,10.81665,10.81665,10.81665,11.18034,10.81665,11.6619,11.18034,11.18034,11.18034,11.7047,10.44031,10.44031,10.19804,10.04988,10.04988,9.05539,9.05539,8.0,8.0,8.06226,7.07107,7.28011,6.7082,5.83095,5.83095,79.64923,81.60882,64.3506,68.50547,74.79305,66.28725,66.28725,58.5235,58.18075,52.35456,54.42426,56.30275,49.64877,49.98,45.89118,49.0102,47.09565,43.0,47.09565,48.16638,45.70558,50.9902,44.14748,49.0408,47.43416,49.76947,53.85165,56.36488,51.88449,57.68882,62.16912,62.16912,62.64982,56.93856,62.6099,59.80803,63.97656,65.55151,68.68042,67.44627,65.52099,63.34824,63.63961,67.08204,55.08176,62.20129,55.08176,52.0,48.04165,48.25971,50.35871,44.14748,45.12206,41.4367,41.23106,36.89173,34.4093,39.20459,37.48333,37.64306,38.58756,36.24914,31.95309,31.7805,30.26549,26.30589,26.07681,25.0,19.41649,17.46425,19.23538,15.81139,12.80625,11.18034,9.05539,8.60233,13.45362,12.52996,13.60147,21.2132,26.01922,23.02173,35.12834,31.257,34.20526,36.68787,36.68787,43.08132,47.01064,46.06517,41.59327,51.42956,48.8467,48.76474,51.47815,54.56189,58.87274,56.46238,66.12866,59.9333,67.23095,63.56099,72.12489,70.5195,75.76939,75.02666,85.23497,74.68601,86.16264,90.35486,89.0,91.7878,87.65843,85.95929
12.52996,11.18034,11.18034,11.18034,9.84886,9.84886,9.48683,9.21954,9.21954,8.06226,8.06226,9.0,8.0,8.06226,8.06226,8.24621,8.24621,7.61577,8.94427,8.94427,8.94427,9.43398,8.60233,10.0,10.81665,10.0,10.63015,11.40175,11.40175,11.40175,10.81665,11.6619,11.6619,11.6619,11.18034,11.18034,12.08305,10.77033,10.77033,10.44031,10.19804,10.19804,9.05539,8.06226,8.06226,8.06226,8.0,7.07107,7.07107,6.08276,6.32456,5.38516,75.16648,76.83749,75.66373,70.29225,69.81404,61.7171,63.60031,60.80296,58.83026,55.47071,55.15433,49.0408,53.14132,50.59644,45.60702,46.27094,46.38965,47.01064,46.01087,41.01219,46.38965,44.40721,41.48494,48.08326,50.0,53.31041,49.1935,54.626,52.35456,58.30952,55.56978,58.59181,61.26989,60.90156,65.76473,65.74192,63.97656,63.56099,65.45991,62.64184,62.93648,62.8172,62.8172,58.24946,55.3263,60.40695,55.00909,55.0,51.15662,49.16299,49.0102,47.67599,40.79216,39.29377,42.15448,34.43835,33.6006,39.69887,37.64306,39.66106,37.73592,38.01316,33.24154,34.78505,32.38827,33.13608,29.01724,23.02173,22.2036,21.09502,17.11724,17.0,14.86607,10.63015,4.12311,5.09902,5.83095,8.06226,14.03567,16.0,19.31321,22.80351,24.73863,26.24881,31.38471,36.23534,41.14608,36.35932,42.48529,44.65423,44.94441,46.64762,48.8774,51.47815,52.35456,52.15362,61.77378,56.0803,61.7171,63.28507,66.24198,65.8635,68.54196,68.8767,72.01389,76.94154,80.49845,81.88406,84.21995,91.92388,86.09297,89.30845,86.60831,91.26883
12.04159,11.0,11.0,11.0,10.0,9.05539,9.21954,9.21954,8.24621,8.544,8.544,8.94427,7.61577,8.06226,8.06226,9.21954,8.48528,7.81025,7.81025,8.60233,8.60233,8.60233,9.43398,9.43398,10.29563,10.29563,10.29563,11.6619,11.6619,11.6619,11.6619,12.20656,11.6619,11.40175,12.20656,11.40175,11.31371,10.63015,10.63015,10.0,10.0,10.0,9.43398,8.60233,8.60233,8.06226,7.61577,7.28011,7.28011,6.08276,6.0,5.0,80.09994,74.8131,75.02666,70.34913,65.12296,65.37584,59.03389,60.03332,51.24451,53.00943,46.27094,43.56604,48.38388,44.92215,46.23851,46.95743,46.52956,45.27693,43.56604,44.04543,48.83646,44.20407,45.34314,43.41659,45.60702,50.60632,50.77401,56.0803,53.7122,62.64982,57.24509,60.41523,55.56978,65.0,59.5063,66.88797,65.21503,63.81222,67.35726,63.25346,62.62587,64.3506,58.13777,59.39697,59.46427,57.00877,57.2014,50.9902,50.47772,48.8774,48.8774,44.94441,41.4367,36.68787,39.31921,36.12478,35.0571,39.29377,38.27532,63.07139,31.04835,44.10215,71.02112,33.42155,39.39543,36.23534,30.26549,28.86174,41.7732,30.41381,7.2111,3.16228,39.39543,9.48683,12.52996,34.71311,12.04159,7.07107,42.44997,20.22375,22.13594,26.90725,32.01562,34.23449,36.12478,33.24154,37.01351,38.0526,47.67599,44.01136,47.16991,46.01087,48.09366,43.0,49.0102,53.23533,56.0357,56.00893,62.1289,59.03389,66.0303,65.00769,64.49806,69.18092,73.10951,70.17834,77.23341,79.6304,76.41989,81.05554,76.00658,92.02174,87.20665,84.00595
12.04159,11.31371,11.40175,10.63015,10.63015,9.21954,9.43398,8.06226,8.06226,7.61577,8.544,8.24621,8.24621,8.06226,8.06226,8.0,8.0,8.0,8.06226,8.24621,8.24621,9.21954,9.21954,9.48683,10.44031,10.44031,10.77033,11.40175,11.7047,11.7047,11.40175,12.36932,12.36932,12.16553,12.16553,11.04536,12.0,11.0,11.0,10.04988,10.04988,10.19804,9.21954,9.21954,8.544,8.24621,7.61577,6.7082,7.2111,6.40312,5.65685,5.0,75.45197,72.71864,73.87828,69.64194,67.95587,60.21628,59.03389,57.62812,56.72742,53.75872,48.79549,48.10405,47.38143,47.20169,44.41846,43.86342,46.8188,43.68066,43.17407,40.80441,48.37355,46.52956,43.04649,46.0,44.0,51.0098,49.0408,55.22681,54.33231,60.67125,57.55867,60.40695,56.22277,64.38167,62.64982,67.06713,64.12488,65.03076,64.03124,66.06815,61.29437,60.29925,65.25335,60.41523,57.97413,58.69412,55.97321,51.86521,49.98,46.95743,47.88528,46.61545,39.82462,37.53665,38.20995,36.87818,35.51056,36.87818,34.1321,36.23534,37.57659,30.67572,31.7805,31.7805,28.28427,29.0,24.08319,20.02498,19.0263,19.23538,14.31782,9.05539,9.84886,4.24264,3.16228,3.16228,6.7082,12.20656,16.27882,16.27882,19.41649,28.3196,27.01851,29.0,34.82815,33.30165,39.69887,36.87818,42.2019,47.01064,42.0119,47.43416,51.86521,45.0,52.63079,55.9017,58.13777,57.80138,60.10824,64.2028,69.31089,59.4138,74.4043,69.42622,69.35416,75.69016,75.0733,80.05623,79.24645,87.80091,78.74643,81.68843,85.27602,87.61849
12.36932,11.18034,11.04536,11.18034,10.04988,9.05539,9.0,9.05539,8.06226,8.06226,8.24621,8.544,7.61577,7.61577,8.06226,8.60233,7.81025,7.81025,8.48528,9.21954,9.21954,10.0,10.0,10.0,11.40175,10.81665,12.20656,12.80625,12.20656,12.20656,12.80625,12.04159,12.80625,12.04159,12.04159,12.04159,12.04159,11.40175,11.40175,10.81665,10.81665,10.29563,10.29563,8.94427,8.94427,8.544,7.61577,8.24621,7.07107,7.07107,6.0,6.08276,79.55501,71.06335,78.44743,71.19691,72.36712,61.61169,63.15061,59.13544,56.00893,48.16638,50.08992,48.16638,46.09772,47.67599,41.7732,47.12749,48.70318,45.88028,43.82921,40.31129,49.39636,42.80187,47.38143,52.34501,50.32892,50.80354,51.22499,55.75841,58.00862,62.43397,52.80152,63.51378,63.00794,66.0303,64.14047,67.00746,71.40028,70.0,66.70832,66.48308,62.93648,63.65532,67.47592,63.00794,57.62812,60.0,61.77378,56.0803,51.47815,47.92703,48.8774,47.75982,44.38468,43.9659,42.29657,38.32754,34.0147,39.56008,39.39543,39.81206,39.82462,35.60899,33.30165,34.71311,29.41088,27.20294,21.63331,21.0238,18.02776,17.88854,15.29706,11.6619,5.38516,5.38516,2.23607,5.09902,8.0,12.04159,17.02939,12.0,20.02498,25.07987,28.01785,31.57531,31.7805,39.21734,37.65634,36.40055,46.32494,44.64303,47.07441,47.07441,51.24451,46.32494,55.31727,51.62364,58.5235,60.20797,60.20797,62.8172,67.08204,62.64982,72.44308,68.26419,70.34913,73.43705,82.03658,79.24645,79.24645,85.15868,79.07591,88.07383,89.10668,88.28363
11.7047,11.18034,11.18034,10.77033,9.84886,9.43398,8.60233,8.60233,8.48528,7.81025,7.81025,8.60233,7.81025,7.2111,7.2111,8.544,8.544,8.24621,8.24621,8.06226,8.06226,9.05539,9.05539,10.0,10.0,11.04536,11.0,12.0,12.0,12.0,12.0,12.04159,12.0,12.04159,12.04159,12.16553,11.40175,10.77033,10.44031,10.77033,9.84886,10.29563,9.84886,8.94427,8.60233,7.81025,7.81025,7.81025,7.07107,6.40312,5.83095,5.38516,77.36924,68.0,70.3278,65.73431,68.60029,63.06346,54.40588,57.38467,52.00961,51.40039,50.20956,49.81967,47.63402,44.82187,48.60041,43.38202,45.69464,44.59821,38.8973,40.79216,48.05206,43.18565,40.0,44.01136,45.39824,47.67599,52.15362,51.47815,53.60037,58.42089,57.70615,61.18823,62.16912,64.13267,61.98387,63.12686,67.74216,68.73136,68.11755,70.11419,65.06919,62.1289,59.3043,60.53098,53.33854,57.55867,57.48913,52.39275,53.16014,48.38388,45.69464,44.27189,44.77723,40.31129,40.45986,36.06938,32.44996,39.92493,37.64306,31.57531,33.06055,35.0,28.16026,30.14963,24.5153,27.16616,23.76973,20.12461,18.24829,17.46425,11.18034,16.27882,6.32456,3.16228,1.41421,6.7082,4.47214,12.20656,16.97056,14.42221,21.09502,23.02173,26.57066,30.08322,31.30495,31.7805,39.39543,36.68787,40.71855,42.54409,45.69464,47.85394,52.80152,51.26402,54.56189,52.83938,59.5399,56.60389,59.16925,64.00781,65.51336,62.96825,62.00806,65.73431,71.40028,71.40028,77.66595,78.77182,77.66595,83.76157,78.77182,83.35466,81.8352,80.77747
12.16553,11.40175,11.40175,10.44031,10.44031,9.48683,8.94427,8.94427,8.06226,8.06226,8.06226,7.81025,7.81025,7.81025,7.81025,8.06226,8.06226,7.61577,7.61577,8.544,8.24621,9.21954,8.24621,10.19804,10.19804,10.04988,10.04988,12.16553,11.18034,12.04159,11.18034,12.16553,12.16553,12.36932,12.36932,11.7047,12.08305,11.18034,11.18034,10.29563,10.29563,10.29563,9.43398,8.60233,8.60233,7.81025,7.81025,7.81025,7.2111,6.7082,6.32456,6.32456,70.00714,74.06079,66.91039,68.11755,71.84706,60.53098,58.85576,50.01,58.94065,48.38388,49.33559,42.37924,45.27693,46.06517,45.61798,45.34314,45.45327,42.52058,38.94868,44.04543,44.20407,46.32494,39.92493,47.92703,45.69464,46.8188,56.0803,52.63079,57.97413,59.03389,57.27128,58.69412,60.16644,61.39218,62.36986,60.72891,68.94926,63.60031,66.40783,68.942,67.41662,66.30988,63.63175,64.00781,52.69725,55.75841,60.20797,58.25805,52.40229,47.38143,50.24938,48.16638,45.0,44.77723,41.14608,38.62642,32.89377,36.05551,35.22783,38.07887,32.69557,33.54102,28.17801,29.15476,28.01785,25.80698,28.3196,23.43075,20.0,19.41649,12.72792,7.28011,4.24264,3.60555,0.0,6.32456,8.06226,8.48528,16.0,15.29706,18.43909,26.92582,26.4764,30.06659,33.0,35.0571,34.05877,44.10215,42.10701,44.0,44.01136,47.04253,47.04253,51.08816,51.08816,53.23533,56.08921,55.3263,60.13319,57.21888,66.75328,59.22837,71.17584,70.45566,72.27724,71.19691,76.29548,76.79193,80.23092,74.33034,79.40403,83.18654,73.97973,85.28775
12.0,11.04536,10.04988,11.04536,10.04988,9.21954,9.21954,8.24621,8.24621,7.61577,8.06226,8.06226,7.2111,7.81025,7.07107,7.81025,7.81025,7.2111,7.2111,8.06226,8.06226,8.94427,8.544,9.48683,9.48683,10.44031,10.44031,10.77033,11.7047,11.7047,11.7047,11.18034,11.18034,11.18034,11.6619,11.6619,10.81665,10.81665,10.0,10.63015,9.89949,9.89949,9.21954,9.21954,8.60233,8.06226,7.61577,7.61577,6.32456,6.32456,6.08276,5.0,78.63841,68.73136,75.32596,66.61081,69.58448,65.76473,56.00893,62.00806,53.0,55.14526,51.35173,54.45181,50.9902,48.38388,47.12749,48.8467,43.04649,42.94182,41.04875,45.0,44.59821,42.52058,46.2277,43.26662,47.70744,48.37355,51.86521,52.69725,56.82429,58.18075,59.94164,59.9333,57.98276,67.08204,63.06346,68.60029,70.21396,64.63745,67.20119,66.8431,67.26812,66.52819,61.52235,61.55485,61.7171,63.00794,56.30275,52.69725,51.97115,48.25971,49.64877,45.18849,43.65776,39.56008,41.7732,40.0125,34.05877,36.49658,36.87818,35.1141,34.53983,34.1321,35.38361,28.6007,24.75884,28.3196,26.40076,21.40093,19.84943,18.02776,17.80449,12.36932,10.44031,3.16228,2.23607,5.65685,5.65685,10.81665,16.49242,17.02939,23.19483,28.28427,30.01666,29.06888,32.06244,36.22154,43.04649,38.83298,43.01163,47.09565,48.25971,48.6621,49.36598,55.14526,53.75872,52.15362,57.14018,58.21512,62.07254,66.27217,65.00769,68.02941,71.06335,70.00714,73.06162,72.00694,77.00649,78.02564,81.00617,86.14523,85.28775,85.2115,84.05355,82.0975
13.89244,13.41641,13.41641,13.41641,12.08305,10.77033,11.7047,10.44031,10.44031,10.19804,10.19804,9.05539,10.04988,9.0,10.04988,10.19804,9.21954,9.21954,9.48683,9.84886,9.84886,10.29563,9.84886,10.29563,11.6619,10.81665,12.20656,12.52996,13.0384,13.0384,12.52996,13.41641,13.41641,13.41641,13.0,13.0,13.60147,12.36932,12.36932,12.16553,12.04159,11.04536,11.04536,11.04536,10.0,10.04988,9.05539,9.21954,8.24621,8.544,8.06226,7.2111,81.84131,73.60027,81.49233,69.63476,68.88396,63.28507,67.1193,63.95311,52.7731,57.69749,52.39275,46.57252,50.92151,47.67599,45.12206,45.27693,47.16991,44.04543,47.16991,41.4367,47.85394,43.73786,50.92151,48.8467,48.33218,51.89412,47.01064,54.70832,59.48109,61.85467,55.56978,65.51336,56.4358,65.19202,61.85467,64.40497,68.60029,64.49806,69.46222,67.23095,61.68468,62.62587,64.56005,61.18823,55.31727,61.98387,59.5399,54.14795,54.0,49.0,48.04165,47.26521,45.70558,42.44997,37.94733,40.31129,36.89173,37.48333,39.82462,37.73592,41.14608,39.05125,38.07887,35.73514,30.41381,36.12478,32.38827,32.55764,25.4951,27.51363,18.86796,19.84943,17.69181,15.81139,13.15295,9.05539,15.81139,14.14214,17.88854,14.42221,21.0238,23.0,22.0,24.5153,27.29469,32.89377,36.40055,31.32092,42.04759,38.91015,42.04759,45.27693,45.22168,45.61798,50.56679,53.7122,57.00877,57.70615,59.09315,60.92618,60.40695,63.69458,62.29767,68.70953,70.2282,77.7946,79.47956,76.02631,78.39005,85.49269,80.49845,91.3017,87.66413,84.21995
13.41641,12.08305,11.18034,12.08305,11.18034,10.29563,10.0,10.0,9.21954,9.21954,8.48528,9.21954,8.60233,8.06226,7.2111,8.544,7.61577,8.544,8.24621,8.24621,8.06226,9.05539,9.05539,10.0,10.0,10.0,11.0,12.0,12.04159,12.0,12.04159,11.04536,12.04159,12.16553,12.16553,12.36932,11.7047,11.7047,10.77033,10.77033,11.18034,10.29563,10.0,9.43398,9.21954,8.60233,8.48528,7.81025,7.81025,8.06226,6.7082,6.32456,81.59657,73.37575,74.84651,69.07966,68.00735,61.84658,64.2573,60.00833,52.7731,53.23533,52.83938,48.60041,48.01042,47.20169,50.20956,46.66905,45.80393,43.04649,40.22437,43.41659,45.31004,41.23106,44.59821,49.0408,46.57252,50.69517,50.9902,52.15362,52.34501,61.0082,56.22277,60.29925,60.67125,63.3877,61.20457,64.32729,66.94027,71.80529,64.56005,62.93648,66.12866,60.74537,60.41523,63.15853,51.88449,59.5399,55.47071,56.61272,50.21952,50.60632,47.38143,44.68781,43.01163,43.41659,42.80187,39.39543,32.57299,40.26164,40.0125,41.01219,42.10701,38.63936,40.5216,35.4683,31.90611,37.12142,29.20616,28.42534,26.90725,26.1725,24.20744,20.24846,17.46425,18.11077,12.16553,9.48683,9.21954,16.12452,11.04536,17.72005,16.12452,23.02173,25.05993,28.6007,29.73214,29.20616,33.01515,30.4795,38.83298,37.12142,40.81666,43.26662,45.22168,42.43819,52.80152,50.47772,55.0,55.75841,56.61272,60.90156,64.3506,60.20797,65.0,68.00735,69.63476,72.94518,79.88116,77.10383,79.88116,80.62258,86.09297,87.65843,90.42677,92.66067
13.0384,11.6619,11.18034,11.18034,10.29563,9.84886,9.48683,9.48683,8.24621,8.24621,8.06226,8.0,8.0,8.06226,8.06226,8.24621,8.544,7.28011,8.06226,8.06226,8.06226,8.60233,8.60233,10.0,10.0,10.0,11.40175,11.40175,12.80625,11.40175,12.20656,12.20656,12.20656,11.6619,12.52996,11.18034,12.08305,11.7047,10.77033,10.44031,10.19804,10.19804,10.19804,9.05539,9.05539,8.0,8.0,8.06226,7.07107,7.28011,6.7082,5.83095,74.27651,77.10383,70.43437,71.42129,67.94115,61.52235,65.60488,57.2014,51.40039,53.53504,55.54278,44.77723,45.54119,46.61545,42.05948,44.72136,47.38143,38.32754,39.11521,44.0,47.67599,46.38965,42.2019,44.64303,45.88028,45.69464,52.80152,47.85394,55.9464,61.05735,55.9464,59.5063,63.07139,64.88451,66.64833,62.96825,65.9242,66.7308,68.96376,63.69458,62.58594,65.11528,60.53098,61.98387,57.42822,61.29437,57.0,56.0,51.24451,53.08484,47.51842,45.60702,45.88028,43.38202,40.31129,39.44617,34.4093,41.04875,40.70626,45.69464,42.37924,42.75512,40.11234,37.21559,35.35534,34.0147,33.37664,28.4605,28.63564,25.05993,21.63331,16.97056,14.21267,15.55635,6.0,13.0384,10.44031,9.21954,9.43398,15.0333,16.0,20.24846,23.19483,27.73085,29.52965,28.63564,33.10589,35.8469,35.80503,39.66106,39.66106,41.88078,46.52956,50.77401,48.25971,49.39636,55.56978,53.25411,59.16925,60.74537,63.81222,59.16925,66.18912,68.47627,73.3553,73.92564,78.23043,79.92496,80.9506,80.44874,88.20431,91.52595,83.48653,84.50444
12.0,10.0,10.04988,9.05539,10.04988,8.06226,8.24621,8.24621,7.61577,7.61577,6.7082,7.2111,6.40312,7.07107,7.07107,7.81025,7.2111,7.2111,7.61577,7.61577,7.61577,8.544,8.544,9.21954,10.19804,9.21954,10.19804,11.40175,11.40175,11.40175,11.40175,11.40175,11.40175,11.7047,11.7047,12.08305,11.18034,10.29563,10.81665,9.43398,10.0,10.0,9.21954,9.21954,8.48528,8.48528,7.81025,7.2111,7.2111,6.7082,6.32456,5.09902,79.1012,80.05623,66.0303,66.0303,73.10951,58.00862,61.40033,56.32051,53.75872,47.85394,53.45091,47.80167,50.92151,45.88028,43.82921,46.04346,43.60046,43.18565,39.62323,41.72529,44.77723,42.80187,40.70626,43.38202,46.14109,52.92447,52.20153,52.63079,60.44005,62.8172,60.44005,64.51356,65.0,63.06346,67.46851,63.89053,63.90618,70.5195,68.8767,71.11962,69.77822,68.47627,65.0,70.3278,58.82176,65.45991,59.66574,61.6198,52.40229,53.03772,48.10405,49.51767,47.20169,45.27693,40.70626,36.05551,33.73426,43.08132,36.35932,46.61545,39.20459,43.13931,39.62323,38.41875,31.30495,31.7805,31.32092,24.73863,25.4951,29.83287,25.0,18.0,16.49242,10.29563,8.60233,12.04159,9.48683,13.34166,10.81665,16.64332,14.76482,18.86796,20.39608,26.1725,29.15476,28.16026,32.06244,34.05877,34.0,40.0,39.0,42.10701,49.09175,48.01042,47.51842,48.37355,55.3263,53.23533,59.68249,59.13544,60.40695,58.69412,68.73136,70.71068,69.72087,72.44308,79.76215,79.6304,82.37718,84.48077,82.49242,87.82369,78.23043,85.00588
12.64911,12.36932,11.18034,11.18034,11.18034,10.19804,10.04988,9.0,9.0,8.06226,9.21954,8.24621,8.24621,8.544,8.544,8.94427,8.06226,8.60233,7.81025,9.21954,8.48528,9.21954,8.48528,10.63015,10.63015,11.40175,11.40175,12.04159,12.04159,12.20656,12.04159,12.72792,12.72792,12.04159,12.04159,12.04159,12.80625,11.6619,11.6619,11.6619,11.18034,11.18034,10.77033,9.84886,9.48683,9.21954,9.21954,8.06226,8.06226,8.0,7.07107,7.07107,80.06248,78.03204,74.32362,68.54196,67.54258,61.7414,60.74537,59.46427,53.48832,53.14132,50.01,51.35173,50.03998,47.04253,46.01087,45.39824,46.52956,45.60702,44.59821,41.78516,47.41308,44.41846,44.40721,45.22168,48.16638,51.08816,49.51767,56.63921,60.82763,57.28001,58.0,67.00746,63.65532,68.62215,65.8559,70.72482,64.38167,64.44377,70.29225,68.24954,67.26812,70.45566,65.73431,66.57327,64.84597,63.50591,63.06346,59.03389,57.58472,55.36244,51.92302,52.81098,44.72136,45.39824,45.04442,39.20459,37.65634,42.43819,40.31129,39.56008,36.40055,35.17101,33.13608,32.14032,33.06055,33.06055,25.4951,29.61419,29.12044,24.16609,21.47091,15.0,15.6205,11.6619,11.04536,10.0,11.40175,7.2111,12.64911,13.34166,19.10497,22.2036,23.19483,25.70992,31.57531,28.86174,37.57659,34.53983,36.23534,38.91015,40.70626,42.48529,46.52956,44.38468,47.92703,50.08992,56.64804,54.23099,56.921,61.46544,62.62587,64.2573,64.03124,64.19502,73.24616,72.42237,78.18568,81.9329,80.65358,82.46211,79.71198,86.00581,83.00602,88.56636
12.16553,11.04536,11.0,11.04536,10.0,9.0,9.05539,8.24621,8.24621,7.28011,8.24621,7.61577,8.06226,8.06226,7.2111,7.81025,7.07107,7.07107,7.81025,8.06226,8.60233,8.94427,8.94427,9.43398,10.29563,9.84886,11.18034,11.18034,12.08305,12.08305,11.6619,11.6619,12.52996,11.6619,11.6619,11.40175,12.04159,11.31371,10.63015,10.63015,10.63015,10.0,10.0,8.60233,8.60233,8.06226,7.61577,7.61577,7.28011,7.07107,7.0,6.0,78.0,74.24284,76.10519,72.1734,71.11259,65.00769,59.07622,58.0517,55.7315,49.0306,50.0,47.92703,50.60632,47.01064,41.67733,44.65423,41.10961,43.93177,40.36087,45.60702,51.31277,43.82921,46.61545,50.69517,45.88028,53.85165,52.81098,58.69412,62.64184,61.13101,58.69412,67.68309,67.6757,69.42622,63.56099,72.11103,69.64194,71.30919,72.09022,69.64194,67.1193,66.03787,68.96376,67.60178,65.45991,62.68174,59.40539,61.03278,53.07542,53.15073,53.07542,48.27007,49.20366,46.64762,42.48529,40.16217,33.83785,36.24914,39.11521,40.0,42.52058,33.30165,35.60899,34.20526,30.88689,33.24154,27.51363,24.04163,20.39608,22.02272,22.09072,15.29706,12.16553,12.20656,9.21954,13.0384,13.0,10.29563,16.64332,17.0,22.80351,21.54066,23.5372,29.15476,28.44293,32.01562,38.47077,36.22154,39.05125,42.10701,43.41659,43.04649,47.09565,50.03998,51.15662,50.24938,52.46904,58.21512,62.39391,62.39391,67.47592,69.72087,68.44706,70.5762,73.68175,76.11833,78.08969,79.76215,85.84288,89.80535,84.71718,91.08787,91.13726,86.05231
13.0384,12.52996,12.08305,11.18034,10.77033,10.77033,10.19804,10.19804,9.21954,8.06226,9.05539,9.0,9.0,9.05539,9.05539,9.21954,9.48683,9.48683,9.84886,10.29563,9.43398,10.81665,9.43398,10.81665,12.20656,12.20656,12.20656,13.0384,13.89244,13.0384,13.0384,13.89244,13.89244,12.52996,13.89244,13.41641,13.0,12.64911,12.36932,12.36932,11.18034,12.16553,11.18034,11.18034,10.04988,10.04988,9.0,9.05539,8.06226,8.24621,7.28011,6.7082,78.87332,80.91971,73.78347,69.40461,72.94518,60.60528,62.1289,61.05735,56.0803,51.89412,47.16991,52.17279,51.1957,49.47727,44.28318,44.0,48.0,47.38143,43.93177,45.88028,46.17359,48.70318,45.17743,50.11986,48.54894,54.58938,58.66856,57.68882,58.83026,67.47592,57.14018,66.8431,64.63745,70.45566,70.45566,70.83078,67.23095,68.7968,74.68601,72.47068,69.77105,70.77429,69.07966,73.05477,66.48308,63.32456,59.84146,57.70615,50.01,50.03998,51.24451,54.00926,48.09366,44.91102,40.5216,41.10961,31.7805,39.35734,36.13862,38.63936,40.4475,40.0,38.01316,35.01428,33.54102,34.52535,30.41381,26.40076,25.80698,27.20294,20.51828,18.02776,14.21267,14.56022,8.06226,10.44031,11.6619,8.24621,12.16553,14.03567,19.0263,22.36068,26.68333,27.29469,27.73085,30.23243,34.1321,31.90611,35.80503,39.82462,40.70626,41.6173,44.65423,47.01064,51.97115,51.97115,56.85948,57.42822,60.82763,58.59181,67.74216,59.16925,67.54258,68.0,73.79024,75.58439,77.89737,76.15773,81.9878,85.75547,86.09297,88.20431,87.80091,84.87638
12.08305,10.77033,10.77033,10.44031,9.48683,8.24621,9.05539,8.0,8.0,8.06226,8.06226,8.24621,7.28011,7.61577,7.61577,8.60233,8.60233,7.81025,7.81025,9.21954,9.21954,10.0,10.0,11.40175,11.40175,10.81665,12.20656,12.80625,12.80625,13.60147,12.80625,13.45362,13.45362,12.72792,12.72792,13.45362,13.45362,11.40175,11.40175,11.40175,10.81665,11.6619,10.29563,10.29563,9.84886,8.94427,8.544,8.24621,8.24621,8.06226,7.0,6.0,77.83315,70.77429,72.42237,66.85058,62.39391,58.18935,60.87693,58.24946,51.1957,49.64877,42.0,47.0,49.16299,44.55334,43.73786,43.65776,44.38468,42.15448,46.64762,40.31129,45.45327,45.96738,47.42362,47.42362,49.49747,53.41348,59.07622,61.61169,62.42596,64.49806,59.36329,62.26556,64.89992,69.11584,65.76473,68.24954,68.24222,69.89278,68.76772,65.19202,67.20863,72.13876,68.88396,63.89053,63.41136,65.29931,61.03278,61.40033,50.77401,52.47857,52.47857,51.88449,47.53946,42.44997,41.23106,38.47077,35.22783,39.66106,38.58756,41.59327,39.21734,39.29377,35.51056,35.44009,34.23449,30.01666,27.45906,30.59412,22.84732,25.63201,21.54066,17.20465,16.40122,15.6205,10.44031,12.04159,9.84886,10.81665,13.89244,14.31782,21.0,19.0263,25.01999,27.29469,25.4951,30.08322,35.44009,36.68787,42.15448,38.32754,41.48494,42.37924,41.4367,46.84015,48.38388,50.0,54.40588,59.77458,61.13101,60.40695,66.28725,61.18823,68.41053,66.48308,70.61161,70.83078,79.83107,76.90254,79.12016,85.70298,81.60882,84.48077,85.61542,88.54377
13.0,12.08305,11.6619,11.18034,10.81665,9.43398,9.21954,9.21954,9.21954,8.48528,8.60233,9.43398,8.94427,8.544,8.544,9.48683,9.21954,9.21954,9.05539,9.0,9.0,10.0,10.0,11.04536,11.04536,11.04536,12.16553,13.0384,13.15295,13.0384,13.0,13.0384,13.0,13.0,13.0,13.0384,13.0384,12.16553,11.18034,11.40175,11.40175,11.40175,11.40175,10.44031,9.84886,9.48683,8.94427,8.94427,8.60233,7.81025,7.81025,7.07107,76.92204,67.05222,71.17584,71.30919,63.97656,57.93962,55.03635,56.79789,53.53504,56.60389,52.00961,44.82187,48.9183,43.01163,44.68781,41.04875,46.09772,39.56008,41.10961,42.2019,43.32436,45.70558,45.0,51.0392,46.09772,50.0,54.23099,56.4358,56.7186,64.13267,60.53098,64.93843,65.12296,69.58448,67.89698,72.11103,70.06426,68.18358,68.00735,66.00758,67.00746,67.18631,66.06815,63.28507,65.62012,58.24946,60.16644,54.57105,59.48109,52.20153,53.85165,51.07837,46.64762,44.94441,41.6173,39.69887,38.8973,38.32754,39.81206,36.35932,36.40055,37.01351,38.8973,33.97058,33.6006,31.62278,28.17801,29.06888,21.54066,21.58703,22.02272,21.2132,15.0,13.0,9.89949,16.40122,12.36932,12.04159,14.31782,18.02776,21.2132,22.02272,27.01851,25.05993,29.96665,32.31099,37.16181,30.08322,42.54409,40.49691,41.23106,43.65776,45.31004,45.18849,50.56679,50.15974,57.70615,57.70615,59.48109,61.32699,66.18912,67.08204,64.41273,70.66116,72.47068,72.91776,75.591,79.60528,83.63014,87.09191,82.07923,83.7735,88.39118,83.57033
11.18034,10.04988,10.04988,10.04988,10.0,8.06226,8.24621,8.24621,8.24621,7.61577,8.544,7.2111,7.2111,7.81025,8.48528,7.81025,8.60233,8.06226,8.06226,8.544,8.544,9.84886,10.77033,11.7047,11.7047,11.7047,12.36932,12.64911,13.60147,13.60147,13.92839,13.92839,13.92839,13.0,14.31782,13.41641,13.89244,13.0384,12.20656,12.20656,11.40175,12.04159,11.31371,10.63015,9.89949,9.21954,9.21954,8.60233,8.06226,7.61577,7.28011,6.32456,69.35416,74.16873,73.06162,66.1211,61.20457,49.0102,56.0,57.07889,48.25971,47.26521,44.59821,41.62932,41.4367,37.16181,43.41659,38.27532,43.13931,41.7732,41.7732,42.80187,49.24429,44.77723,48.46648,45.88028,46.09772,52.49762,52.39275,54.91812,58.24088,61.81424,55.9017,63.56099,66.40783,71.38627,69.63476,67.72001,70.0928,68.15424,74.94665,67.77905,72.23573,70.21396,62.16912,65.51336,62.76942,65.19202,62.1289,61.40033,53.82379,50.60632,51.62364,51.62364,47.63402,42.72002,44.10215,42.48529,33.52611,45.22168,45.27693,44.55334,45.48626,44.40721,41.34005,39.11521,38.62642,39.81206,33.52611,34.05877,29.27456,31.14482,27.16616,24.0,18.02776,20.61553,13.45362,11.18034,5.0,4.0,6.32456,9.89949,12.52996,15.13275,14.86607,16.0,27.01851,23.19483,29.01724,26.4764,34.1321,34.05877,35.0571,35.51056,39.20459,40.11234,47.01064,44.04543,53.60037,50.03998,52.46904,51.0098,59.0,59.07622,56.14268,63.12686,67.26812,69.11584,71.70077,76.23647,76.10519,78.05767,79.02531,84.48077,85.05292,82.05486
13.15295,13.0384,12.0,12.0,11.0,10.0,9.05539,9.21954,8.24621,8.24621,8.544,7.61577,7.61577,7.2111,7.2111,7.81025,7.81025,7.81025,8.06226,8.06226,8.06226,8.544,8.544,9.48683,10.77033,10.44031,11.18034,11.40175,11.40175,12.36932,12.64911,11.7047,12.64911,11.7047,13.0,12.52996,12.52996,11.6619,11.6619,10.81665,11.40175,10.0,10.63015,9.89949,9.21954,9.21954,9.21954,8.60233,8.06226,7.61577,7.28011,6.32456,41.10961,39.31921,40.0125,35.12834,32.01562,32.06244,28.07134,30.06659,28.07134,24.18677,25.96151,22.80351,21.18962,24.16609,21.0238,20.59126,22.2036,19.84943,20.51828,20.0,22.47221,20.59126,20.61553,21.54066,23.76973,22.56103,25.96151,25.70992,27.65863,29.42788,28.16026,31.57531,32.75668,34.52535,33.13608,32.98485,34.20526,34.20526,34.17601,31.62278,32.31099,35.4683,32.31099,31.30495,30.01666,32.64966,29.68164,27.45906,28.01785,24.08319,24.75884,24.04163,22.67157,22.80351,20.80865,18.38478,18.97367,23.25941,22.47221,22.80351,22.80351,21.93171,22.67157,20.0,20.80865,20.80865,16.55295,16.76305,14.86607,14.56022,12.16553,11.04536,8.0,7.0,4.47214,3.16228,1.41421,2.23607,2.23607,5.38516,9.0,9.05539,9.05539,11.0,14.0,15.13275,16.12452,17.0,18.24829,21.09502,20.39608,22.36068,22.02272,21.0238,26.01922,25.0,26.0,28.07134,30.01666,30.0,33.06055,31.01612,38.20995,37.05401,37.21559,37.12142,41.01219,42.19005,40.31129,42.04759,42.0119,45.04442,44.01136,43.0
12.08305,12.08305,10.77033,10.77033,10.44031,8.544,9.05539,8.06226,8.06226,8.0,8.06226,8.06226,7.28011,7.28011,7.28011,8.06226,7.2111,7.2111,7.81025,7.81025,8.48528,9.21954,9.21954,10.0,10.63015,10.81665,11.40175,11.40175,12.20656,12.80625,12.04159,12.72792,12.72792,12.04159,12.72792,12.80625,12.20656,11.40175,10.81665,10.81665,10.29563,10.29563,10.29563,9.48683,9.48683,8.544,8.24621,8.06226,7.07107,7.0,6.08276,5.09902,81.41253,79.64923,74.84651,70.26379,69.07966,63.56099,56.85948,59.13544,52.39275,57.56735,50.44799,47.85394,43.18565,43.04649,42.0,42.42641,41.97618,38.62642,39.21734,41.23106,40.81666,40.49691,41.03657,42.63801,46.66905,50.9902,47.43416,54.40588,58.00862,59.64059,56.61272,61.40033,60.44005,62.20129,64.40497,66.21933,68.76772,68.88396,64.38167,66.70832,64.66065,68.24954,64.03124,65.80274,59.07622,59.5399,56.4358,56.35601,51.47815,49.39636,49.98,44.91102,45.12206,44.10215,44.01136,37.01351,32.55764,47.43416,46.8615,47.38143,45.27693,45.48626,43.26662,40.31129,38.48376,36.05551,37.0,32.57299,29.83287,26.68333,24.0,18.11077,15.0333,13.15295,9.48683,6.7082,5.0,4.0,9.21954,15.29706,19.23538,19.92486,20.61553,23.25941,28.16026,34.1321,34.0147,34.43835,39.82462,41.18252,40.24922,46.32494,47.85394,47.42362,51.42956,49.65884,54.08327,55.54278,60.40695,59.23681,68.00735,67.77905,63.78871,69.26038,72.8011,72.42237,82.56513,84.48077,82.0061,86.97701,89.19641,89.5377,89.31965,89.5377
11.6619,11.18034,10.29563,11.18034,9.84886,8.544,8.24621,8.24621,7.07107,7.07107,8.0,8.06226,7.07107,7.28011,7.28011,8.06226,8.06226,7.2111,7.81025,8.60233,8.48528,9.89949,8.48528,9.89949,10.63015,10.63015,11.40175,12.04159,13.45362,12.04159,13.45362,12.72792,12.72792,12.72792,12.72792,11.40175,12.20656,11.6619,11.6619,11.6619,10.29563,11.18034,9.84886,9.84886,8.544,8.544,8.24621,8.06226,7.07107,7.0,6.08276,5.09902,74.06079,71.61006,68.60029,68.7968,64.07027,60.21628,58.30952,59.68249,49.65884,50.56679,48.70318,45.60702,46.09772,44.10215,44.28318,41.10961,40.79216,42.37924,44.64303,37.94733,39.35734,43.41659,45.0,46.40043,46.8615,45.27693,50.20956,54.56189,53.07542,56.22277,54.03702,62.00806,62.93648,67.35726,58.13777,67.89698,68.62215,70.72482,66.8431,67.1193,66.8431,66.8431,65.73431,65.73431,59.05929,60.74537,57.69749,55.97321,51.89412,50.69517,47.53946,47.43416,43.56604,41.01219,35.12834,40.0125,33.37664,40.80441,40.31129,40.49691,38.8973,37.10795,35.22783,29.61419,32.24903,30.01666,26.1725,27.07397,21.84033,21.37756,13.92839,11.6619,8.544,5.0,3.60555,3.0,7.28011,12.72792,14.76482,15.81139,20.0,27.80288,27.01851,24.08319,31.1127,33.97058,36.06938,34.82815,41.72529,48.10405,45.96738,44.59821,47.38143,44.04543,52.80152,54.81788,54.08327,57.48913,59.64059,61.03278,66.37017,65.0,68.42514,72.00694,71.11962,74.30343,78.89233,77.36924,83.72574,85.98256,84.87638,92.08692,88.19297,87.13208
11.04536,11.0,11.04536,10.04988,9.05539,8.06226,9.21954,8.24621,7.61577,6.7082,7.61577,7.2111,6.40312,7.07107,7.07107,7.2111,7.2111,7.2111,7.61577,8.544,8.544,8.24621,8.24621,10.19804,10.19804,10.19804,10.19804,11.18034,11.40175,11.18034,11.40175,11.40175,12.64911,11.40175,11.7047,12.08305,12.08305,11.6619,10.81665,10.81665,10.0,10.0,9.21954,8.48528,8.48528,7.81025,7.2111,7.2111,6.7082,6.7082,6.08276,6.08276,78.31347,73.43705,73.02739,70.11419,65.12296,62.07254,56.0,53.00943,50.35871,49.64877,46.69047,46.17359,43.65776,39.84972,41.14608,45.79301,39.96248,38.94868,43.84062,39.82462,44.20407,42.43819,46.52956,46.51881,44.72136,49.24429,51.07837,52.63079,52.20153,58.0517,63.60031,65.14599,59.77458,62.96825,64.84597,69.64194,70.38466,70.26379,72.06941,71.11259,66.03787,64.3506,62.1289,65.45991,63.70243,57.38467,56.63921,54.67175,53.75872,52.49762,47.70744,48.54894,45.17743,34.9285,42.44997,38.8973,36.22154,38.47077,41.62932,35.34119,38.27532,34.82815,29.69848,29.69848,29.41088,28.3196,26.62705,20.59126,22.36068,20.24846,13.92839,10.44031,7.07107,5.09902,0.0,3.16228,8.06226,9.48683,18.11077,21.09502,28.01785,22.02272,31.01612,32.55764,34.36568,33.95585,37.48333,37.10795,42.19005,41.59327,45.39824,48.25971,51.15662,44.28318,52.23983,55.08176,55.03635,60.07495,60.00833,65.00769,64.28063,67.06713,66.0,75.02666,71.34424,78.02564,80.09994,81.3941,82.1523,88.00568,82.0061,93.00538,87.05171,83.21658
11.18034,11.40175,10.44031,11.40175,9.48683,9.84886,8.94427,8.60233,8.60233,7.81025,7.81025,8.48528,7.81025,8.60233,8.60233,8.544,8.544,8.544,8.24621,9.21954,9.21954,10.19804,10.19804,11.04536,12.04159,12.04159,13.0384,13.15295,13.15295,13.15295,13.15295,13.34166,13.34166,13.60147,13.60147,12.64911,13.0,12.08305,12.08305,11.18034,10.81665,10.81665,10.81665,10.0,9.21954,8.48528,9.21954,8.60233,7.81025,7.2111,6.7082,6.32456,79.22752,81.00617,73.24616,65.0,58.0,60.03332,56.14268,60.53098,51.78803,47.80167,45.88028,43.08132,48.8467,41.59327,44.20407,45.60702,48.10405,44.59821,41.7732,41.23106,46.87217,43.909,50.53712,52.39275,48.76474,57.24509,49.47727,57.70615,57.28001,62.96825,60.87693,69.64194,59.13544,69.57011,61.18823,75.96052,69.57011,75.27284,74.46476,69.77822,64.4748,67.74216,64.66065,68.24222,64.2028,60.30755,58.69412,56.85068,53.03772,50.32892,50.9902,48.27007,44.10215,42.48529,39.81206,38.8973,32.55764,40.79216,39.56008,38.48376,41.59327,36.61967,37.53665,37.64306,32.64966,31.82766,27.20294,24.18677,18.86796,22.82542,13.0384,13.41641,10.77033,9.48683,3.60555,2.23607,10.04988,8.06226,16.27882,12.04159,23.02173,25.01999,26.07681,25.70992,30.06659,31.57531,37.85499,31.7805,46.57252,45.12206,41.97618,43.41659,43.28972,44.55334,51.24451,53.08484,57.03508,59.00847,56.00893,59.13544,63.00794,62.514,65.19202,67.1193,68.73136,71.17584,71.25307,78.40918,79.51101,87.05171,77.10383,87.14356,89.27486,80.00625
12.52996,12.08305,11.18034,10.77033,9.48683,9.48683,9.21954,9.05539,9.05539,8.0,9.0,9.05539,9.21954,8.544,8.544,9.48683,8.94427,9.43398,9.43398,10.0,10.0,10.0,10.63015,11.31371,12.04159,12.04159,13.45362,13.45362,13.45362,13.45362,13.45362,14.21267,14.21267,13.60147,13.60147,13.60147,13.89244,12.52996,12.52996,12.08305,11.7047,11.7047,11.7047,10.44031,10.44031,10.19804,9.05539,9.05539,8.0,8.06226,7.07107,6.08276,77.33693,75.00667,75.43209,68.41053,67.42403,60.60528,60.53924,55.75841,49.39636,50.08992,44.77723,48.08326,50.80354,45.70558,46.27094,42.04759,47.38143,43.41659,45.17743,42.72002,48.8467,46.61545,51.31277,48.8774,50.21952,53.82379,55.80323,64.2028,58.25805,66.52819,62.36986,68.0147,69.6563,70.17834,70.93659,74.63243,75.0,72.8011,71.34424,72.11103,70.49113,72.01389,69.46222,67.62396,63.69458,65.78754,61.68468,61.03278,54.81788,56.29387,52.39275,50.15974,47.0,42.10701,43.73786,38.63936,36.05551,48.46648,45.60702,47.80167,46.27094,46.04346,44.0,40.1995,40.60788,40.60788,35.51056,32.57299,28.79236,28.4605,26.92582,21.09502,15.65248,13.92839,10.44031,5.83095,3.16228,4.47214,7.0,8.60233,11.6619,15.81139,24.08319,21.47091,26.41969,27.78489,35.22783,34.98571,34.43835,32.24903,38.58756,39.69887,39.82462,43.93177,48.10405,45.96738,52.3259,51.62364,56.58622,58.72819,59.03389,55.0,71.06335,67.47592,68.26419,69.97142,73.40981,76.02631,78.77182,82.80097,78.23682,87.41853,83.86895,85.27602
12.36932,12.16553,12.04159,11.04536,10.04988,10.0,10.04988,9.05539,8.06226,8.24621,8.24621,8.544,8.544,8.06226,8.06226,7.81025,8.48528,8.48528,9.21954,9.21954,9.21954,9.43398,9.43398,10.29563,11.18034,11.18034,12.52996,12.52996,12.52996,12.52996,12.52996,13.0384,13.0384,12.20656,13.0384,12.04159,12.72792,12.72792,12.04159,12.04159,11.40175,11.40175,10.81665,10.0,9.43398,8.94427,9.48683,8.544,8.24621,8.24621,7.0,7.0,78.26238,72.94518,72.44998,69.857,67.1193,63.69458,58.24088,59.90826,54.40588,50.48762,49.49747,46.09772,46.0,51.35173,46.09772,44.64303,45.54119,42.48529,46.23851,46.14109,48.01042,42.80187,48.83646,50.32892,48.08326,50.9902,56.85068,60.60528,59.5483,65.73431,63.00794,66.06815,63.41136,71.21798,68.8186,72.47068,72.83543,70.00714,70.0928,72.91776,74.24958,70.80254,66.4003,67.42403,64.14047,68.26419,62.64982,61.40033,56.0803,52.39275,50.28916,49.0408,49.47727,45.09989,43.18565,44.01136,35.69314,49.57822,49.64877,48.8774,53.31041,48.08326,45.54119,46.32494,43.10452,43.01163,40.1995,42.42641,29.27456,31.06445,27.89265,22.80351,20.59126,18.38478,14.21267,6.7082,7.2111,3.60555,5.83095,5.09902,12.36932,13.60147,13.60147,20.12461,25.23886,26.24881,35.34119,22.80351,32.75668,34.82815,32.80244,41.04875,41.6173,41.67733,45.17743,42.94182,50.08992,51.89412,53.14132,57.00877,59.13544,58.5235,66.40783,69.64194,63.89053,75.28612,72.73239,74.0,76.844,80.65358,81.27115,88.88757,87.93179,82.56513
12.16553,11.18034,11.18034,10.19804,10.04988,9.0,9.05539,8.06226,8.06226,8.24621,8.24621,7.61577,7.61577,8.06226,8.06226,8.48528,8.48528,8.48528,8.60233,8.60233,8.60233,9.43398,10.29563,11.18034,11.18034,11.18034,12.52996,12.52996,13.0384,13.89244,12.52996,13.0384,13.0384,13.60147,13.60147,12.80625,12.04159,12.04159,11.31371,10.63015,11.40175,10.63015,10.81665,10.0,9.43398,8.06226,8.544,8.544,7.28011,7.28011,6.08276,5.0,79.81228,69.64194,77.66595,66.91039,62.58594,61.84658,57.31492,61.07373,50.0,50.24938,49.0102,47.16991,50.01,44.64303,42.44997,44.77723,47.01064,39.96248,44.41846,42.42641,50.93133,40.45986,45.60702,48.54894,49.0408,50.77401,53.00943,56.79789,58.59181,62.16912,57.3062,63.50591,60.90156,69.35416,63.07139,70.45566,68.7968,64.49806,74.4043,67.47592,66.4003,68.41053,66.52819,65.11528,65.94695,59.81639,56.0803,55.47071,51.61395,51.62364,49.1935,50.53712,44.38468,40.80441,39.81206,39.11521,34.0,46.64762,45.27693,44.59821,46.69047,41.18252,46.06517,40.24922,36.40055,39.56008,35.90265,33.73426,28.44293,24.18677,20.09975,15.29706,12.16553,14.56022,12.04159,5.0,3.16228,8.06226,7.81025,12.36932,13.15295,16.03122,20.22375,22.2036,21.54066,28.4605,36.13862,27.89265,38.27532,39.56008,34.0147,44.94441,46.48656,44.94441,47.67599,48.25971,54.91812,53.93515,52.46904,60.82763,57.03508,60.29925,68.65858,66.91039,70.34913,73.97973,73.5527,78.31347,81.02469,87.66413,78.91768,88.11924,86.14523,82.56513
13.0,13.0,12.08305,12.08305,11.18034,10.29563,10.0,10.0,9.21954,8.48528,8.48528,8.60233,8.60233,8.60233,8.06226,8.544,8.544,8.544,8.24621,9.21954,9.05539,9.05539,9.05539,10.0,11.0,11.0,11.04536,12.0,13.0,13.0,12.0,12.04159,13.0,12.04159,13.0384,12.16553,12.16553,11.40175,11.40175,11.40175,10.77033,10.77033,9.84886,9.84886,8.94427,9.43398,8.60233,8.60233,8.48528,7.07107,7.2111,5.83095,77.47258,74.73286,75.76939,70.5762,65.29931,67.23095,57.3062,60.53924,54.08327,53.00943,50.0,49.49747,50.24938,45.45327,46.09772,44.94441,42.04759,46.95743,40.5216,40.49691,45.89118,41.0,46.0,43.04649,46.27094,48.16638,50.15974,50.63596,53.33854,60.67125,56.7186,67.26812,56.32051,66.70832,57.87055,70.03571,68.46897,65.37584,68.06614,67.18631,64.03124,67.00746,63.28507,66.48308,59.03389,59.4138,57.72348,53.60037,51.1957,50.56679,45.88028,45.31004,42.05948,40.80441,41.10961,33.97058,30.4795,39.01282,41.30375,38.07887,39.84972,35.8469,36.23534,30.01666,33.12099,30.80584,28.3196,26.87006,26.40076,21.47091,19.72308,15.23155,12.36932,9.0,2.23607,7.2111,7.07107,10.63015,14.42221,16.64332,22.67157,21.40093,27.85678,27.85678,36.76955,31.38471,38.62642,33.83785,43.01163,42.54409,40.31129,50.56679,48.8467,50.69517,53.85165,53.22593,60.82763,59.16925,61.77378,67.53518,65.19202,68.96376,66.7308,71.34424,72.94518,76.27582,78.03204,79.92496,87.32125,93.94147,83.72574,89.94443,97.04638,84.97058
12.08305,11.40175,11.40175,11.40175,9.21954,9.21954,9.05539,8.06226,8.0,8.0,7.07107,8.24621,8.24621,7.61577,7.61577,8.06226,7.2111,7.2111,8.60233,7.81025,7.81025,8.48528,8.48528,9.21954,10.63015,10.63015,11.40175,11.31371,12.04159,11.40175,11.31371,11.31371,12.04159,12.04159,12.04159,11.40175,11.40175,10.81665,10.29563,10.29563,9.84886,9.84886,8.94427,8.544,8.24621,8.24621,7.07107,7.07107,6.0,6.0,5.09902,5.38516,41.62932,40.70626,38.07887,35.77709,36.24914,32.69557,31.38471,32.31099,26.57066,26.24881,25.96151,25.31798,26.1725,22.02272,20.02498,22.36068,24.18677,22.36068,21.18962,21.18962,23.25941,22.36068,21.40093,22.47221,22.02272,25.6125,24.75884,24.75884,28.3196,27.65863,29.06888,31.82766,30.41381,33.24154,32.52691,32.01562,31.89044,32.01562,32.80244,31.38471,31.40064,30.52868,31.38471,30.8707,29.96665,28.79236,27.20294,25.29822,22.80351,24.33105,22.36068,21.2132,19.10497,20.09975,16.27882,16.27882,15.81139,23.02173,19.20937,19.10497,19.10497,17.20465,17.49286,17.0,15.65248,15.23155,14.31782,13.0384,10.04988,8.06226,7.07107,6.32456,4.12311,3.16228,2.23607,2.23607,6.08276,8.0,9.05539,10.19804,13.15295,14.31782,16.27882,18.02776,19.31321,19.69772,21.93171,21.0238,23.25941,23.76973,24.16609,26.40076,27.73085,26.57066,30.67572,28.79236,33.24154,33.24154,32.89377,34.17601,34.48188,33.52611,37.65634,38.60052,38.07887,41.23106,43.01163,43.01163,45.88028,48.70318,41.78516,47.16991,47.53946,46.61545
14.14214,13.45362,12.80625,12.80625,12.20656,11.40175,10.81665,10.29563,9.43398,8.94427,9.48683,9.21954,8.24621,8.06226,8.0,9.05539,8.06226,8.06226,8.24621,9.21954,8.544,9.84886,9.84886,10.29563,10.29563,11.6619,11.6619,12.52996,12.52996,13.0384,12.52996,12.52996,13.41641,12.08305,13.0,13.0,12.64911,11.40175,12.16553,11.18034,11.18034,11.04536,11.0,10.0,10.0,9.0,8.06226,8.06226,8.24621,7.61577,6.7082,5.83095,82.68011,74.79305,77.00649,70.83078,67.95587,64.66065,62.62587,61.7171,51.40039,52.20153,52.00961,42.44997,45.60702,43.60046,42.19005,42.94182,49.24429,37.48333,44.38468,39.05125,37.01351,37.05401,39.45884,40.1995,41.30375,48.25971,46.09772,54.12947,56.0803,57.77543,53.75872,57.97413,57.87055,63.90618,61.98387,61.61169,66.70832,63.34824,63.1981,61.98387,64.28063,65.06919,61.03278,59.03389,55.14526,55.08176,52.61179,53.85165,44.92215,49.24429,47.12749,42.94182,39.81206,36.71512,33.01515,33.42155,31.14482,38.83298,37.69615,39.56008,38.20995,38.01316,32.06244,29.42788,31.40064,29.83287,25.4951,20.12461,18.02776,13.89244,10.81665,8.60233,5.65685,6.40312,6.7082,12.64911,7.81025,12.72792,18.60108,19.20937,25.4951,29.69848,31.82766,33.83785,34.66987,41.34005,43.60046,40.22437,48.02083,44.72136,46.32494,51.61395,50.77401,48.27007,58.41233,54.56189,64.44377,61.07373,63.65532,64.38167,65.76473,66.52819,77.7946,75.69016,80.62258,81.32035,80.62258,81.32035,87.69265,92.19544,87.61849,94.36631,93.50936,91.40022
13.0384,12.0,11.0,11.0,10.0,9.0,9.05539,9.21954,8.24621,7.28011,8.544,8.06226,8.06226,7.2111,7.2111,7.81025,7.07107,7.07107,7.81025,8.60233,8.60233,8.60233,8.60233,8.94427,10.29563,9.84886,10.29563,10.81665,11.6619,11.6619,10.81665,10.81665,11.40175,11.40175,11.40175,11.31371,10.63015,10.0,10.0,10.0,9.43398,9.43398,8.94427,8.06226,7.61577,7.28011,7.28011,7.07107,6.08276,6.0,6.0,5.09902,40.0125,36.05551,38.0,33.06055,34.05877,30.01666,30.06659,30.14963,27.45906,23.19483,23.76973,21.84033,21.84033,22.47221,20.59126,19.41649,21.40093,19.79899,19.79899,19.79899,20.0,20.59126,21.47091,22.82542,21.93171,23.70654,23.25941,25.63201,26.0,27.20294,26.57066,29.73214,27.313,29.54657,29.15476,30.8707,30.46309,31.30495,30.88689,29.68164,28.01785,28.42534,29.0,28.3196,27.01851,26.87006,24.20744,23.60085,22.47221,20.59126,21.09502,20.12461,17.08801,18.97367,15.29706,14.03567,14.0,11.18034,11.7047,12.36932,10.19804,9.05539,7.07107,7.0,5.0,5.09902,4.12311,4.0,1.41421,3.0,3.0,5.0,5.83095,7.2111,8.94427,10.81665,13.41641,14.31782,16.15549,15.81139,19.92486,21.84033,20.61553,21.58703,23.76973,26.30589,27.65863,25.4951,28.44293,28.28427,28.63564,30.41381,30.41381,29.61419,32.55764,31.7805,35.90265,34.9285,38.07887,34.9285,38.32754,36.68787,38.07887,38.32754,39.21734,43.68066,44.64303,43.17407,43.41659,46.38965,43.93177,48.25971,45.54119,45.39824
13.92839,12.08305,12.52996,11.18034,11.6619,10.29563,10.81665,10.0,9.21954,9.21954,9.21954,9.21954,9.21954,9.43398,8.60233,9.84886,8.544,8.544,8.544,9.21954,9.21954,10.19804,10.19804,11.04536,11.04536,11.04536,12.04159,13.15295,13.15295,13.0384,12.16553,13.15295,13.34166,12.36932,13.34166,12.64911,12.64911,12.08305,12.08305,11.18034,11.18034,10.29563,10.81665,9.43398,10.0,9.21954,8.48528,8.48528,7.81025,7.2111,6.7082,6.7082,80.32434,73.1642,75.58439,70.93659,67.97794,66.70832,60.83584,61.7171,56.93856,56.0357,54.40588,47.42362,47.42362,42.44997,48.16638,47.63402,49.20366,43.86342,47.01064,44.94441,49.47727,43.01163,45.70558,45.39824,48.09366,51.24451,49.0102,60.07495,56.0357,60.03332,56.0803,64.00781,59.03389,69.06519,61.0,70.02857,69.06519,67.1193,68.73136,67.74216,63.78871,64.56005,63.32456,65.45991,61.09828,61.09828,59.23681,52.92447,53.7122,50.60632,47.43416,44.40721,42.80187,39.62323,40.0,36.05551,34.88553,34.1321,32.89377,36.87818,34.23449,33.13608,34.1321,30.01666,26.07681,27.07397,23.19483,22.36068,21.0238,17.02939,15.0333,9.48683,11.7047,6.40312,10.29563,10.77033,10.77033,14.03567,20.09975,21.0238,23.02173,25.4951,28.28427,33.24154,35.12834,34.36568,41.23106,35.69314,44.72136,42.44997,42.72002,48.08326,48.76474,46.57252,51.24451,54.40588,60.16644,60.00833,57.27128,63.56099,59.9333,63.97656,70.17834,70.3278,73.3553,75.80237,74.09453,78.71467,82.29824,89.06739,79.15807,84.07735,86.76981,82.29216
12.04159,11.0,11.04536,10.0,10.0,9.0,8.24621,8.06226,7.28011,7.28011,7.28011,6.7082,6.7082,6.40312,6.40312,7.07107,6.40312,6.40312,6.7082,7.61577,7.61577,7.61577,7.61577,8.544,9.48683,9.48683,9.48683,10.44031,10.77033,10.77033,10.77033,10.77033,10.77033,10.29563,11.18034,10.81665,10.81665,9.21954,9.21954,8.48528,8.48528,9.21954,8.60233,7.81025,7.2111,7.2111,6.7082,6.7082,6.32456,6.08276,5.0,5.0,40.1995,38.32754,38.01316,35.12834,35.01428,31.14482,26.01922,29.01724,27.0,24.08319,24.33105,25.70992,24.04163,22.80351,21.0238,20.59126,20.80865,22.2036,21.40093,19.10497,24.08319,21.63331,20.24846,18.78829,22.36068,21.09502,24.59675,23.08679,27.20294,30.46309,28.23119,29.06888,29.96665,31.01612,30.8707,31.76476,30.8707,30.52868,32.44996,29.68164,30.0,32.01562,29.06888,29.06888,25.45584,29.0,24.08319,25.80698,24.41311,22.2036,22.82542,21.47091,19.31321,16.76305,18.24829,16.12452,15.0333,19.41649,18.24829,17.26268,19.0263,15.13275,14.31782,13.60147,12.36932,14.86607,11.7047,8.06226,9.21954,7.2111,6.32456,5.38516,3.16228,5.83095,5.0,6.08276,7.0,10.04988,9.05539,13.0,13.0384,16.03122,19.0263,18.02776,19.10497,19.0263,23.02173,23.02173,24.0,26.01922,27.01851,27.0,26.0,27.07397,32.0,30.0,33.13608,34.05877,33.13608,36.05551,37.21559,37.21559,40.26164,39.62323,40.60788,41.30375,44.28318,41.10961,47.38143,50.15974,44.18144,48.01042,46.01087,46.01087
12.04159,11.18034,11.0,11.04536,10.0,10.04988,9.0,8.06226,8.06226,7.07107,7.07107,7.28011,6.32456,6.7082,6.7082,7.2111,6.40312,6.40312,6.40312,7.2111,7.2111,7.2111,7.2111,8.06226,8.94427,8.94427,10.29563,9.43398,10.29563,10.29563,9.43398,10.0,9.43398,10.0,10.0,9.89949,9.89949,9.21954,9.21954,9.21954,8.60233,8.60233,8.06226,6.7082,6.7082,6.32456,6.32456,6.08276,6.08276,5.0,5.09902,5.09902,41.0,39.84972,39.45884,37.85499,34.9285,34.20526,29.42788,29.42788,27.16616,27.16616,26.01922,24.02082,25.07987,23.02173,23.19483,20.39608,20.61553,20.24846,19.23538,20.12461,21.63331,18.02776,20.51828,19.10497,19.84943,23.60085,23.43075,25.55386,23.60085,28.30194,27.20294,30.23243,27.80288,30.0,27.80288,32.80244,28.42534,31.241,30.41381,31.14482,29.20616,30.61046,30.61046,28.30194,27.45906,28.6531,26.83282,26.57066,24.69818,20.61553,20.88061,18.68154,19.23538,19.0263,16.03122,15.13275,15.29706,16.27882,16.03122,14.14214,13.34166,14.31782,12.16553,12.08305,11.7047,10.81665,8.06226,6.7082,5.0,5.65685,2.82843,1.41421,2.23607,7.07107,6.0,8.06226,8.06226,11.04536,12.16553,14.14214,16.0,18.11077,20.02498,20.0,22.0,22.09072,23.0,23.08679,27.16616,27.07397,28.01785,28.16026,30.14963,28.16026,30.06659,32.14032,35.12834,36.01389,37.01351,36.0,37.0,39.01282,37.01351,40.0,41.19466,42.0,43.0,43.01163,45.0,48.16638,44.18144,48.6621,46.17359,45.54119
13.34166,13.60147,12.64911,12.64911,11.7047,10.44031,10.29563,9.84886,8.94427,9.43398,9.43398,9.21954,8.48528,8.48528,7.81025,8.60233,8.06226,8.06226,8.06226,8.544,8.544,9.48683,9.48683,10.19804,10.44031,10.19804,11.18034,11.40175,12.36932,12.36932,12.36932,12.64911,12.64911,11.7047,11.7047,11.18034,11.6619,10.81665,10.81665,10.81665,10.0,10.0,9.89949,9.21954,9.21954,8.48528,7.81025,7.81025,7.2111,6.7082,6.32456,6.08276,81.7435,76.65507,75.95393,73.82412,73.5459,70.03571,68.41053,59.90826,56.61272,57.72348,53.31041,53.7122,53.31041,49.1935,52.47857,45.60702,42.52058,45.27693,40.31129,43.27817,47.43416,40.22437,41.62932,45.18849,40.16217,48.70318,49.47727,54.58938,50.9902,60.41523,55.9017,55.57877,54.12024,64.32729,63.15061,64.53681,63.32456,65.25335,67.06713,63.15853,61.84658,63.56099,59.9333,61.91123,55.07268,57.98276,52.20153,53.41348,51.73973,43.84062,44.82187,41.40048,39.20459,39.11521,36.24914,32.69557,31.32092,35.34119,35.17101,33.24154,33.01515,30.06659,30.01666,30.14963,26.01922,24.5153,19.10497,20.22375,19.23538,14.03567,13.0,11.18034,9.89949,10.77033,13.60147,16.03122,14.86607,18.0,25.17936,27.16616,29.01724,31.14482,34.05877,38.01316,40.0125,38.0526,48.0,45.01111,51.0098,50.01,48.04165,53.46027,52.15362,54.45181,58.0517,55.10898,62.58594,63.95311,65.0,67.68309,69.42622,67.46851,68.15424,71.47027,77.49194,74.04053,81.32035,84.20214,84.89994,92.41753,85.14693,91.21952,91.92388,89.26926
15.52417,14.31782,13.60147,13.60147,12.64911,11.40175,11.7047,10.77033,9.84886,8.94427,9.43398,8.60233,8.48528,8.48528,7.81025,8.60233,8.06226,8.06226,7.61577,8.544,8.544,9.21954,9.21954,10.19804,11.18034,10.04988,11.04536,11.18034,12.16553,12.16553,12.16553,12.36932,12.36932,12.36932,12.64911,12.64911,11.7047,12.08305,11.18034,11.18034,10.29563,10.29563,10.0,8.60233,9.21954,8.48528,8.48528,7.81025,7.2111,6.40312,6.32456,5.38516,44.72136,42.57934,40.60788,37.10795,37.85499,33.54102,34.52535,32.98485,29.83287,28.16026,26.0,25.63201,26.40076,26.0,21.93171,19.41649,21.63331,20.0,21.2132,19.20937,19.72308,20.59126,18.78829,20.61553,20.61553,22.80351,24.73863,23.76973,26.68333,28.16026,25.4951,28.01785,28.44293,29.42788,29.06888,28.16026,29.61419,29.83287,32.01562,29.12044,29.15476,29.54657,27.29469,30.01666,25.4951,28.17801,26.40076,24.69818,23.60085,22.67157,22.62742,19.84943,19.20937,18.60108,17.49286,14.31782,13.60147,22.13594,19.64688,20.22375,20.0,21.0238,16.27882,18.11077,16.49242,16.27882,15.52417,13.92839,12.08305,10.77033,9.48683,9.84886,6.32456,3.0,2.23607,2.23607,3.0,5.0,5.83095,10.04988,9.05539,12.04159,13.34166,13.15295,16.27882,17.26268,19.23538,17.46425,20.09975,21.2132,21.2132,25.31798,24.04163,26.30589,26.92582,27.89265,29.41088,30.08322,32.89377,31.62278,33.83785,31.38471,36.76955,37.0,37.57659,39.92493,42.72002,42.37924,44.59821,43.01163,43.68066,48.76474,46.17359,48.38388
13.92839,13.0,12.08305,12.08305,11.18034,9.84886,9.43398,9.43398,8.60233,7.81025,7.81025,7.81025,7.2111,7.2111,7.2111,7.61577,6.32456,7.28011,7.07107,7.07107,8.06226,8.0,9.0,9.05539,10.0,10.04988,11.04536,11.0,11.0,12.0,11.0,11.0,12.04159,12.04159,11.04536,11.18034,11.40175,10.44031,10.44031,9.48683,9.84886,10.29563,10.29563,8.94427,8.60233,8.60233,7.81025,7.07107,7.81025,7.2111,6.7082,5.38516,85.42833,76.96753,76.15773,69.77105,74.62573,61.7414,65.51336,57.98276,54.20332,50.47772,49.0408,41.03657,46.01087,41.72529,40.0,37.73592,42.04759,35.8469,35.4683,39.31921,41.0,41.4367,37.01351,38.47077,42.04759,45.54119,48.05206,49.47727,53.60037,55.36244,55.97321,60.44005,57.97413,62.29767,64.56005,63.78871,60.20797,68.24954,66.48308,63.1981,63.0,61.07373,59.13544,59.03389,54.14795,58.13777,53.75872,53.60037,45.12206,48.10405,45.88028,41.62932,43.38202,38.07887,38.41875,33.42155,29.20616,37.21559,32.31099,37.64306,37.36308,34.36568,33.01515,30.06659,31.40064,26.4764,29.42788,24.04163,21.2132,16.12452,13.0,13.0384,7.07107,5.09902,5.0,9.05539,2.82843,11.40175,16.55295,18.60108,26.1725,27.78489,32.01562,32.20248,34.88553,40.70626,46.51881,39.81206,49.64877,43.65776,47.88528,52.39275,55.00909,55.22681,56.0357,57.2014,65.73431,61.61169,64.63745,64.63745,73.60027,68.00735,67.62396,74.4043,76.05919,80.60397,92.20087,88.40814,89.02247,88.48164,92.41753,98.22932,89.04493,97.12878
12.08305,11.18034,11.6619,11.18034,10.29563,10.29563,10.0,8.60233,8.60233,7.81025,8.48528,7.81025,7.2111,7.2111,7.2111,7.61577,7.61577,6.32456,7.28011,8.06226,8.24621,8.06226,8.06226,9.05539,9.0,9.0,10.0,10.04988,11.04536,11.04536,10.04988,11.18034,11.18034,10.19804,10.19804,9.48683,10.77033,9.84886,8.94427,8.94427,8.94427,9.43398,7.2111,7.2111,7.81025,7.07107,6.40312,6.40312,5.83095,5.38516,5.38516,4.12311,81.59657,78.74643,79.84986,74.84651,74.0,65.52099,65.79514,61.09828,58.13777,54.56189,57.70615,52.47857,46.32494,45.0,48.60041,43.84062,46.69047,45.22168,40.0,44.20407,46.95743,46.52956,43.08132,49.0408,44.27189,48.27007,48.10405,54.34151,55.08176,57.87055,52.88667,62.58594,58.69412,57.97413,57.48913,63.56886,61.40033,62.64184,62.62587,62.64982,58.60034,60.90156,56.60389,59.64059,51.73973,55.60576,53.90733,48.79549,45.96738,43.84062,44.82187,39.05125,36.05551,36.40055,33.83785,33.24154,31.257,36.79674,37.20215,34.48188,32.31099,31.7805,33.24154,32.98485,28.28427,26.1725,23.19483,21.0,17.0,16.27882,10.0,13.0384,9.05539,5.09902,3.16228,7.61577,10.29563,17.69181,19.79899,21.63331,25.80698,29.06888,31.241,34.88553,38.01316,41.14608,42.54409,41.14608,48.30114,46.61545,46.95743,51.89412,52.80152,50.9902,53.23533,55.07268,63.63175,68.88396,68.09552,65.74192,71.28113,68.26419,64.66065,70.49113,75.47185,77.69813,81.00617,85.0,86.83317,92.17917,87.66413,94.84725,95.25755,89.9611
13.41641,13.0,11.7047,12.08305,10.77033,10.77033,10.44031,9.21954,8.544,8.06226,8.06226,8.06226,7.07107,7.0,7.0,7.07107,7.28011,7.28011,6.7082,6.7082,6.7082,7.2111,7.2111,7.81025,8.60233,9.21954,9.21954,9.21954,10.63015,10.0,10.0,10.0,10.0,10.0,9.43398,9.43398,9.84886,8.94427,8.544,8.544,8.24621,8.24621,7.28011,7.28011,7.07107,7.07107,7.0,6.08276,6.08276,5.38516,5.38516,5.0,42.94182,41.67733,42.04759,39.35734,38.48376,37.58989,34.0,35.35534,29.06888,27.73085,29.41088,27.20294,26.24881,23.08679,22.80351,24.02082,21.0,21.0238,20.09975,19.10497,21.37756,18.43909,19.31321,17.88854,19.72308,22.36068,23.02173,23.85372,24.41311,25.6125,24.08319,28.01785,25.23886,28.42534,27.20294,30.23243,29.15476,28.84441,27.45906,30.01666,26.83282,30.36445,30.36445,27.51363,26.92582,24.73863,25.70992,24.33105,21.2132,20.22375,22.02272,22.02272,20.09975,16.49242,17.26268,15.52417,15.65248,18.43909,18.97367,17.46425,18.02776,15.81139,15.81139,13.45362,12.04159,14.21267,11.40175,9.21954,9.21954,6.40312,7.07107,3.60555,3.0,4.0,3.60555,4.47214,8.06226,6.7082,9.21954,12.36932,11.7047,15.23155,17.08801,17.88854,19.72308,19.69772,22.82542,22.84732,24.18677,25.05993,25.4951,26.92582,27.51363,27.73085,28.23119,28.79236,33.24154,33.24154,32.89377,34.78505,36.05551,38.32754,39.29377,39.56008,38.60052,41.48494,42.72002,42.37924,43.01163,50.59644,46.48656,48.8467,48.8467,47.92703
14.0,13.0,12.0,13.0384,11.0,10.04988,10.19804,9.21954,8.24621,8.24621,8.544,7.61577,7.61577,7.2111,7.2111,7.81025,7.81025,6.40312,7.2111,7.2111,8.06226,7.61577,8.544,8.544,9.21954,9.48683,10.44031,10.44031,11.40175,11.40175,11.7047,11.7047,11.7047,10.77033,12.08305,11.18034,10.81665,10.81665,10.81665,10.0,9.21954,9.21954,9.21954,8.48528,8.48528,7.81025,7.81025,7.2111,6.7082,6.32456,6.32456,5.09902,43.41659,44.40721,40.1995,34.52535,37.48333,33.73426,34.1321,34.23449,30.06659,27.29469,25.01999,25.0,24.02082,24.18677,20.22375,19.64688,21.58703,19.92486,18.78829,18.02776,18.38478,18.38478,17.69181,19.10497,20.61553,22.47221,21.9545,22.84732,24.59675,23.76973,26.40076,27.51363,28.23119,27.73085,29.54657,27.78489,30.41381,31.06445,32.24903,28.84441,27.01851,29.06888,29.20616,28.42534,29.0,26.24881,24.75884,25.6125,23.34524,21.40093,21.9545,20.59126,20.59126,18.97367,18.02776,16.12452,16.0,19.10497,18.68154,18.38478,17.46425,16.12452,17.49286,15.0,13.45362,13.45362,13.45362,11.40175,9.43398,9.89949,5.0,3.60555,5.0,3.0,2.82843,2.82843,4.47214,7.0,10.0,8.06226,13.34166,15.0333,14.14214,18.11077,17.26268,20.39608,22.36068,21.58703,23.34524,26.68333,23.5372,29.61419,27.07397,26.30589,28.44293,30.41381,33.13608,31.14482,33.06055,33.13608,36.05551,33.0,39.01282,37.05401,39.0,42.0,43.0,43.01163,45.01111,47.16991,43.04649,50.15974,48.09366,49.25444
15.0333,15.0333,13.0,14.03567,12.0,12.0,12.04159,10.04988,10.04988,9.21954,9.21954,8.544,8.94427,8.94427,8.06226,8.60233,7.81025,8.48528,7.81025,8.60233,8.60233,8.94427,8.94427,9.84886,10.77033,10.77033,11.7047,11.7047,13.0,12.64911,12.08305,13.41641,12.52996,12.52996,12.52996,12.20656,12.20656,11.40175,11.40175,11.40175,10.63015,11.31371,9.89949,9.89949,9.21954,8.60233,8.60233,8.06226,7.61577,7.28011,7.28011,6.08276,45.35416,40.5216,42.95346,41.23106,40.79216,35.90265,33.54102,33.54102,30.26549,30.14963,26.1725,27.01851,26.0,24.02082,23.08679,21.58703,23.08679,19.31321,21.0238,18.86796,18.86796,18.43909,19.10497,21.26029,19.84943,21.63331,21.09502,24.59675,26.40076,28.17801,25.55386,28.6531,27.29469,31.7805,29.06888,34.0,33.28663,30.01666,31.40064,29.83287,32.20248,32.64966,31.241,29.73214,27.58623,29.0,26.90725,28.01785,26.62705,25.23886,24.18677,21.47091,18.78829,21.37756,17.26268,17.26268,16.0,18.24829,18.68154,18.97367,18.78829,17.49286,17.49286,15.0,14.86607,15.6205,12.80625,11.31371,8.48528,10.0,8.06226,5.0,2.82843,2.23607,2.0,3.16228,6.32456,8.06226,9.48683,11.18034,14.14214,15.13275,17.26268,18.43909,22.13594,21.84033,24.73863,23.08679,25.96151,25.63201,26.24881,26.68333,28.86174,28.86174,31.57531,32.75668,32.24903,34.52535,36.49658,36.34556,39.20459,37.33631,42.29657,39.20459,41.19466,42.19005,44.18144,43.18565,45.09989,48.50773,46.17359,49.64877,49.49747,47.85394
12.52996,11.6619,11.6619,11.6619,10.81665,10.0,9.21954,8.48528,8.48528,7.81025,7.81025,8.06226,8.06226,7.61577,7.28011,8.24621,7.07107,7.07107,7.0,8.0,8.0,8.06226,8.06226,9.05539,10.19804,10.19804,10.19804,11.18034,11.18034,12.16553,11.04536,11.04536,12.04159,11.04536,11.04536,11.0,11.04536,10.04988,10.04988,10.04988,10.19804,9.21954,9.21954,8.24621,8.24621,7.61577,7.61577,6.7082,7.2111,6.40312,5.65685,5.0,82.46211,88.14193,75.66373,69.35416,72.94518,64.84597,66.37017,59.94164,61.40033,51.61395,49.0408,49.51767,46.75468,48.10405,41.86884,38.83298,44.72136,40.70626,38.94868,36.40055,39.62323,36.05551,36.34556,42.0,34.0,45.17743,48.16638,45.70558,52.7731,54.81788,52.20153,57.48913,59.68249,53.46027,64.03124,63.78871,63.50591,58.42089,65.12296,60.13319,59.00847,64.28063,59.13544,54.58938,49.64877,56.88585,49.72927,52.95281,45.22168,44.01136,42.04759,41.18252,39.82462,36.05551,34.82815,32.52691,28.42534,34.4093,29.15476,29.54657,28.79236,30.80584,26.92582,23.08679,19.0263,23.0,17.26268,11.7047,10.04988,7.28011,8.0,4.47214,4.12311,10.29563,12.52996,13.15295,19.41649,17.02939,26.1725,24.69818,31.40064,33.61547,38.27532,39.82462,42.05948,44.01136,47.42362,48.33218,52.92447,47.85394,53.14132,52.3259,53.33854,57.3062,58.13777,56.93856,63.81222,62.64982,67.41662,70.17834,80.21222,66.0303,70.80254,73.81734,79.20227,80.60397,86.26703,83.81527,85.2115,91.26336,90.44335,93.64828,87.36704,90.42677
13.41641,12.52996,12.20656,11.6619,10.81665,9.43398,10.0,9.21954,9.21954,8.48528,9.21954,8.60233,8.06226,7.61577,7.61577,8.24621,8.24621,8.06226,8.06226,8.06226,8.0,9.0,9.0,10.04988,10.04988,10.19804,11.18034,11.04536,12.04159,12.16553,12.0,12.0,12.0,12.0,12.04159,12.16553,12.16553,11.40175,11.40175,10.44031,10.77033,9.84886,9.84886,9.84886,8.94427,8.06226,8.60233,7.81025,7.07107,7.07107,6.40312,5.83095,82.29824,79.60528,76.15773,71.58911,72.06941,66.64833,62.43397,59.5399,58.82176,53.53504,51.61395,48.16638,46.69047,46.40043,44.68781,39.66106,42.04759,39.35734,35.73514,41.76123,44.38468,39.31921,44.04543,38.20995,44.18144,45.70558,48.27007,54.34151,54.74486,57.72348,56.29387,60.41523,61.84658,63.06346,63.06346,66.48308,65.11528,67.08204,63.63961,60.20797,64.00781,64.12488,63.12686,64.03124,56.56854,56.56854,53.60037,55.54278,49.98,49.33559,46.48656,45.69464,38.58756,38.41875,38.18377,36.06938,36.06938,33.6006,30.23243,26.40076,29.41088,31.32092,27.65863,25.31798,23.19483,22.09072,16.12452,13.0384,12.0,8.06226,8.24621,2.23607,5.0,10.29563,10.04988,13.60147,18.02776,24.75884,25.80698,25.63201,29.68164,32.24903,36.24914,39.82462,41.59327,44.29447,52.35456,43.46263,52.80152,50.11986,51.42956,56.79789,55.00909,59.9333,57.70615,60.53924,66.03787,67.6757,70.0,67.41662,74.4043,68.50547,69.40461,78.81624,78.87332,80.05623,84.20214,87.09191,84.31489,94.04786,91.83681,99.0202,88.23265,89.06739
12.72792,12.72792,11.40175,11.40175,10.63015,10.0,9.43398,8.94427,8.94427,8.544,8.544,8.24621,8.24621,8.06226,8.0,8.0,8.06226,8.06226,8.24621,8.24621,8.544,8.544,8.544,9.84886,10.77033,10.77033,11.18034,11.18034,12.08305,12.08305,11.7047,12.64911,12.64911,12.64911,11.40175,11.18034,12.16553,11.04536,11.04536,11.04536,10.0,10.0,9.0,9.0,9.05539,8.06226,8.24621,7.28011,7.61577,6.7082,6.7082,5.83095,84.59905,81.02469,75.43209,72.42237,67.80118,61.40033,61.55485,62.96825,56.63921,54.45181,50.60632,44.65423,46.87217,46.06517,44.29447,43.32436,44.64303,43.73786,43.41659,41.4367,48.0,39.11521,42.57934,48.83646,47.43416,50.21952,53.75872,57.87055,60.16644,62.39391,59.46427,64.19502,62.8172,67.35726,67.72001,67.6757,70.40597,71.80529,67.89698,71.84706,65.37584,59.0,61.13101,62.20129,60.00833,59.68249,57.55867,52.7731,48.05206,46.84015,49.64877,43.65776,42.48529,35.8469,38.27532,34.82815,38.8973,35.35534,33.97058,37.01351,34.98571,32.69557,29.73214,28.6531,25.70992,24.33105,18.24829,17.26268,19.10497,13.34166,13.0,5.0,7.28011,6.08276,6.0,12.04159,10.63015,17.20465,22.02272,22.2036,26.87006,31.40064,33.24154,34.1321,40.22437,41.40048,49.0408,43.82921,51.61395,48.25971,51.31277,51.0392,52.69725,52.00961,58.41233,60.30755,64.38167,63.70243,66.52819,67.89698,72.13876,64.38167,74.65253,73.0,75.16648,80.1561,80.62258,83.4386,88.39118,92.02174,83.4386,96.20811,88.45903,92.95698
12.52996,13.0384,12.20656,10.81665,10.81665,10.0,9.21954,9.89949,9.21954,8.60233,8.60233,8.94427,8.06226,8.544,7.61577,9.21954,8.24621,9.05539,9.05539,10.0,10.0,10.0,10.0,11.04536,11.04536,12.04159,12.04159,13.0,13.0384,13.0384,13.0,13.0,13.0384,13.0384,13.0384,12.16553,12.36932,11.40175,11.40175,10.44031,10.77033,10.77033,9.84886,8.94427,8.94427,8.06226,8.06226,7.2111,7.81025,7.07107,6.40312,5.0,84.5281,74.8131,73.5459,70.88018,64.32729,62.64184,60.08328,61.68468,52.81098,51.62364,49.24429,47.70744,49.40648,45.22168,44.40721,41.72529,47.38143,42.63801,41.6173,40.31129,43.41659,42.15448,44.94441,46.48656,46.32494,51.5461,52.17279,55.7315,57.87055,60.67125,58.85576,63.95311,59.43904,71.02112,62.58594,68.15424,66.48308,65.52099,67.77905,65.79514,65.79514,65.29931,62.76942,63.13478,59.94164,59.90826,57.80138,56.72742,50.60632,44.55334,47.42362,45.34314,41.40048,39.82462,36.67424,31.95309,31.01612,34.9285,35.90265,36.87818,29.42788,35.0,29.06888,30.26549,26.30589,22.36068,21.58703,17.26268,12.64911,12.04159,11.40175,7.07107,2.23607,5.83095,7.2111,8.06226,14.56022,14.14214,21.84033,23.76973,27.07397,27.85678,33.52611,35.35534,39.31921,39.31921,44.40721,44.55334,52.61179,47.16991,46.87217,51.47815,56.08921,48.27007,53.85165,54.57105,63.60031,62.93648,65.14599,64.84597,69.26038,71.16881,68.62215,73.05477,75.23962,72.8011,83.81527,79.69944,87.46428,89.49302,82.71034,92.41753,88.88757,85.72631
14.14214,12.04159,12.80625,12.04159,11.40175,10.0,10.81665,9.43398,10.29563,9.84886,8.94427,9.48683,9.48683,9.21954,8.24621,9.05539,9.0,9.0,9.05539,9.05539,9.05539,10.19804,10.19804,10.19804,11.40175,11.40175,12.36932,12.16553,12.36932,12.36932,12.16553,13.15295,13.0384,12.04159,12.04159,12.0,12.04159,11.04536,11.04536,11.18034,11.18034,10.19804,10.44031,9.48683,9.48683,8.544,8.06226,8.06226,7.2111,6.40312,7.07107,5.65685,71.84706,74.62573,74.09453,72.40166,67.80118,64.89992,64.03124,58.25805,55.9017,54.45181,56.72742,46.8615,49.40648,48.01042,46.40043,47.50789,50.08992,44.94441,43.41659,43.68066,47.16991,46.17359,46.27094,50.08992,50.03998,51.15662,50.48762,55.22681,51.0392,58.42089,61.66036,59.03389,57.87055,67.08204,63.50591,69.11584,68.26419,65.27634,69.00725,62.00806,61.07373,62.39391,62.96825,61.81424,56.29387,59.20304,53.16014,53.45091,47.92703,45.22168,45.61798,45.17743,40.71855,36.23534,34.71311,38.20995,34.82815,33.83785,30.23243,29.06888,34.0,25.29822,26.4764,23.76973,20.22375,21.58703,16.03122,14.14214,10.19804,9.05539,6.0,3.60555,2.23607,2.23607,10.81665,10.81665,15.6205,20.0,24.08319,27.01851,28.84441,34.0,34.1321,35.4683,43.04649,41.14608,44.29447,40.49691,47.50789,48.76474,49.24429,54.3783,52.43091,57.45433,56.0803,57.45433,61.85467,58.24946,61.07373,61.61169,71.06335,66.06815,74.41102,73.10951,73.66139,76.48529,80.43009,82.0061,82.46211,86.02325,85.60374,88.23265,87.45856,87.20092
12.52996,11.18034,10.77033,10.77033,10.77033,9.48683,9.21954,9.21954,9.21954,8.06226,8.06226,8.0,8.0,8.06226,8.06226,8.24621,8.544,7.61577,7.61577,8.06226,8.60233,9.43398,9.43398,10.0,10.81665,10.0,11.40175,11.6619,12.20656,12.20656,11.6619,11.6619,11.6619,11.18034,11.18034,10.77033,10.77033,10.44031,10.44031,9.48683,9.21954,9.21954,9.05539,8.0,8.06226,8.0,7.07107,6.08276,6.08276,5.09902,5.38516,4.47214,75.16648,77.07788,78.64477,67.88225,70.72482,60.82763,63.65532,60.87693,56.0803,55.31727,52.43091,50.21952,50.60632,49.65884,47.41308,46.48656,50.0,47.07441,40.60788,47.26521,47.01064,42.0119,46.27094,45.09989,45.27693,51.78803,50.80354,55.08176,56.51548,60.72891,58.5235,59.66574,61.84658,66.21933,61.40033,68.88396,65.76473,66.09841,66.27217,60.29925,60.0,60.03332,62.1289,61.03278,55.3263,57.70615,53.60037,55.10898,46.48656,47.53946,44.01136,36.24914,36.35932,36.35932,38.58756,33.97058,29.73214,36.89173,33.30165,31.89044,30.61046,29.41088,25.55386,22.36068,21.93171,21.93171,17.0,16.15549,14.42221,9.84886,4.47214,6.08276,6.32456,8.60233,13.41641,12.72792,17.02939,21.40093,22.80351,27.01851,31.241,33.30165,37.53665,36.23534,39.20459,44.68781,49.51767,45.34314,57.00877,50.0,53.07542,52.20153,56.40035,54.03702,59.46427,59.46427,62.93648,66.48308,65.29931,65.79514,72.18033,65.94695,70.0,72.34639,76.05919,77.00649,82.80097,86.68333,85.14693,87.04596,85.63294,88.61715,90.60905,88.39118
13.45362,12.80625,12.20656,12.20656,11.40175,10.81665,11.18034,10.29563,10.29563,8.94427,9.84886,9.48683,9.48683,9.21954,8.24621,10.04988,9.0,9.0,9.0,9.05539,9.05539,10.19804,10.19804,10.19804,11.18034,11.18034,11.40175,12.36932,12.36932,12.16553,11.18034,12.16553,12.16553,12.04159,12.04159,12.0,12.04159,11.04536,11.18034,10.04988,10.19804,10.19804,9.21954,8.544,8.544,8.544,7.61577,6.7082,7.2111,6.40312,5.65685,5.65685,78.87332,79.51101,78.00641,70.45566,72.00694,65.43699,65.73431,63.51378,58.5235,55.47071,55.9464,49.65884,48.8467,52.3259,47.01064,47.80167,50.21952,45.12206,44.72136,44.01136,47.04253,45.04442,45.54119,48.27007,49.0306,50.96077,54.12024,54.08327,56.04463,59.46427,56.30275,55.02727,60.87693,64.84597,58.82176,61.13101,59.43904,60.41523,63.95311,60.67125,60.53098,59.03389,61.03278,55.03635,53.08484,53.03772,50.35871,51.97115,45.12206,44.14748,41.48494,41.78516,40.49691,36.67424,34.48188,31.62278,29.73214,32.69557,27.73085,28.6531,26.07681,27.01851,24.08319,22.80351,19.79899,15.55635,17.20465,14.42221,8.60233,10.63015,6.40312,6.08276,9.21954,10.0,15.6205,14.76482,19.20937,20.12461,25.6125,27.45906,28.01785,35.22783,36.89173,34.71311,39.20459,47.42362,47.80167,44.20407,48.08326,53.8145,46.40043,53.2635,54.81788,56.22277,60.80296,60.21628,60.74537,59.90826,65.51336,64.89992,69.64194,67.6757,66.7308,71.69379,71.58911,74.68601,83.35466,80.77747,82.49242,82.37718,84.90583,89.58795,89.30845,90.6973
13.60147,13.92839,12.08305,13.0,11.7047,11.7047,11.18034,10.29563,9.43398,9.43398,9.43398,9.21954,8.60233,8.60233,8.48528,8.48528,7.81025,7.81025,8.60233,8.94427,8.06226,8.94427,8.94427,9.84886,9.84886,10.77033,10.77033,10.77033,11.18034,10.77033,11.18034,11.18034,11.18034,10.29563,10.81665,10.0,11.40175,10.63015,9.89949,9.89949,9.21954,9.21954,8.60233,8.60233,8.60233,7.2111,7.61577,7.28011,7.28011,6.08276,6.0,6.0,82.20097,81.02469,80.52329,73.34848,72.56721,70.0928,65.73431,65.25335,59.43904,55.02727,55.97321,50.59644,56.85948,52.55473,46.61545,47.70744,50.60632,45.34314,45.45327,44.55334,46.75468,42.42641,45.0,42.63801,46.40043,51.86521,50.11986,49.64877,52.39275,52.92447,51.42956,58.69412,54.56189,58.18075,57.77543,60.53924,62.64982,59.64059,58.24946,57.62812,54.81788,55.15433,58.0,55.15433,52.49762,51.08816,46.87217,45.22168,44.94441,40.31129,42.94182,39.0,37.64306,34.20526,33.24154,32.14032,33.01515,28.3196,29.83287,28.84441,27.73085,24.59675,23.76973,22.13594,19.41649,18.68154,18.02776,16.76305,11.40175,12.52996,12.80625,10.19804,7.61577,11.04536,14.14214,18.97367,21.09502,24.35159,29.42788,28.86174,32.89377,34.78505,38.62642,41.23106,42.72002,42.2019,48.50773,43.32436,52.88667,49.47727,51.97115,51.66237,54.81788,51.97115,60.74537,58.5235,63.56886,64.2573,65.0,66.40783,72.73239,69.07966,69.31811,73.53911,71.51224,82.07923,79.37884,81.59657,88.02272,90.13878,81.27115,92.34717,88.54377,86.40023
13.89244,13.41641,12.08305,12.52996,11.18034,11.18034,10.77033,9.84886,9.48683,9.21954,9.48683,9.05539,9.21954,8.06226,9.05539,9.0,9.0,9.05539,8.06226,8.24621,9.21954,9.21954,9.48683,9.48683,10.44031,10.44031,11.40175,11.40175,11.40175,11.40175,11.18034,11.18034,11.18034,11.18034,11.04536,11.04536,11.0,10.0,10.04988,10.04988,9.05539,9.21954,9.21954,8.24621,7.61577,7.28011,7.61577,6.7082,6.7082,5.83095,5.65685,5.0,85.63294,79.93122,74.96666,73.66139,72.83543,62.93648,65.79514,60.82763,60.44005,55.80323,54.40588,53.0,51.97115,52.15362,49.39636,46.95743,49.24429,40.8534,43.32436,44.91102,45.70558,42.29657,46.01087,46.27094,47.01064,49.0102,49.09175,50.48762,51.35173,54.45181,54.74486,56.32051,58.42089,57.42822,57.70615,62.00806,59.21149,57.07889,60.00833,57.0,62.20129,56.4358,54.74486,55.31727,50.96077,52.88667,49.64877,48.38388,44.01136,42.54409,42.19005,40.24922,38.83298,36.79674,34.65545,30.80584,26.92582,31.7805,27.85678,29.54657,26.92582,26.83282,25.55386,20.80865,19.41649,20.0,18.38478,16.64332,14.76482,13.60147,9.21954,11.0,10.77033,13.0384,11.31371,16.40122,18.43909,21.63331,29.20616,24.08319,33.42155,35.38361,38.94868,35.38361,40.31129,43.84062,48.83646,48.83646,49.51767,51.73973,49.49747,53.07542,56.63921,55.22681,58.79626,58.0517,61.07373,61.84658,64.03124,65.43699,68.60029,63.82006,74.62573,71.40028,73.60027,81.27115,79.81228,80.60397,82.20097,86.05231,82.9759,88.72993,84.20214,82.21922
13.0384,12.20656,12.80625,12.20656,11.40175,10.63015,10.63015,9.89949,9.89949,9.21954,9.21954,8.60233,8.60233,8.06226,8.06226,8.94427,8.544,8.544,8.24621,8.24621,9.05539,9.05539,9.05539,10.04988,10.04988,10.04988,11.0,11.04536,11.04536,11.04536,11.18034,11.18034,11.18034,11.18034,11.40175,10.44031,10.77033,9.84886,9.84886,9.84886,8.94427,8.94427,8.60233,8.06226,7.81025,7.2111,7.07107,7.07107,6.40312,5.0,5.38516,4.47214,84.15462,80.41144,80.11242,75.02666,73.1642,69.46222,67.77905,65.9242,61.7414,59.03389,55.4617,55.07268,56.30275,53.82379,49.81967,50.20956,50.20956,48.83646,43.93177,44.40721,51.61395,44.41846,43.82921,45.61798,43.41659,51.07837,48.46648,53.15073,56.32051,55.7853,53.36666,57.28001,57.87055,59.80803,63.32456,58.5235,61.09828,60.82763,58.59181,57.80138,57.14018,56.79789,56.40035,54.91812,53.41348,55.31727,48.79549,51.66237,43.93177,43.41659,42.19005,42.05948,37.57659,35.1141,36.40055,31.32092,29.06888,30.08322,30.80584,31.62278,30.41381,31.241,29.0,23.85372,23.85372,25.0,23.34524,19.20937,17.02939,19.41649,14.31782,14.76482,16.49242,20.02498,18.0,19.41649,23.5372,27.89265,28.16026,32.31099,34.9285,34.78505,41.23106,39.56008,45.31004,46.23851,49.0408,44.92215,53.16014,52.39275,50.92151,56.32051,55.97321,56.64804,59.05929,62.6099,64.49806,66.70832,63.52952,67.54258,73.79024,68.96376,71.11962,71.11962,76.15773,79.15807,78.89233,84.21995,83.35466,89.00562,82.76473,87.32125,91.70605,88.63972
13.0384,12.20656,12.20656,12.20656,10.81665,10.0,10.63015,9.89949,9.89949,9.21954,9.21954,9.21954,8.60233,8.06226,8.06226,8.94427,8.544,8.544,8.24621,9.48683,8.24621,9.21954,9.05539,10.04988,10.04988,10.04988,11.04536,11.18034,11.18034,11.04536,11.18034,11.18034,11.18034,11.40175,10.44031,10.44031,10.77033,9.84886,9.84886,8.94427,9.43398,9.43398,8.60233,8.06226,7.81025,7.81025,7.07107,6.40312,6.40312,5.83095,5.83095,4.47214,82.41966,78.81624,82.32861,70.0,73.75636,69.42622,67.26812,66.06815,61.6198,59.4138,54.48853,49.67897,56.72742,51.61395,49.09175,55.00909,50.53712,48.70318,46.61545,43.32436,50.59644,43.41659,47.67599,48.50773,48.25971,50.08992,49.0,50.0,55.00909,58.07753,54.03702,60.03332,60.00833,64.00781,57.03508,62.07254,62.07254,61.07373,62.39391,61.98387,59.43904,58.24946,56.75385,58.24088,51.24451,52.80152,48.8467,47.01064,47.16991,44.94441,38.58756,34.82815,38.20995,37.01351,34.05877,30.0,27.73085,35.69314,33.83785,32.64966,31.76476,32.44996,29.20616,24.41311,22.67157,22.02272,21.63331,19.20937,18.35756,19.23538,17.46425,18.43909,17.02939,15.65248,14.86607,19.31321,20.24846,26.41969,28.63564,27.20294,34.05877,39.40812,39.69887,40.81666,40.81666,46.64762,49.39636,45.27693,50.77401,50.77401,50.0,57.98276,56.40035,55.17246,57.62812,57.38467,65.19202,61.7171,65.06919,68.76772,68.11755,66.46804,72.86288,73.53911,74.41102,77.7946,81.34494,81.3941,85.04117,83.4386,78.49204,89.80535,89.80535,84.95881
13.0384,13.0,12.04159,13.0,11.0,11.0,11.04536,10.04988,10.19804,9.21954,9.21954,9.48683,9.48683,8.544,8.94427,9.43398,8.06226,8.60233,8.60233,8.48528,8.48528,9.21954,8.48528,9.89949,9.89949,10.63015,10.63015,10.63015,11.31371,11.31371,11.31371,11.31371,11.31371,10.63015,10.63015,10.63015,10.81665,10.29563,8.94427,8.94427,8.94427,8.544,8.544,8.544,7.28011,7.07107,7.07107,6.08276,6.0,6.08276,5.09902,4.12311,75.95393,77.92946,75.32596,72.83543,76.10519,66.91039,67.26812,67.06713,62.03225,57.0,56.14268,57.14018,59.13544,53.23533,55.44367,50.21952,52.20153,48.38388,43.9659,48.33218,48.37355,47.85394,47.20169,47.01064,46.04346,47.70744,49.67897,53.74012,52.34501,54.56189,55.86591,58.72819,55.86591,59.4138,60.10824,56.22277,60.30755,61.22091,60.20797,58.66856,57.98276,59.68249,56.35601,58.13777,50.15974,50.32892,49.33559,47.43416,44.14748,40.60788,38.20995,37.33631,37.12142,35.22783,31.257,27.89265,27.73085,34.48188,32.89377,30.67572,31.57531,32.38827,29.15476,24.08319,26.01922,25.17936,19.0,20.0,16.27882,18.11077,13.41641,12.72792,12.52996,14.42221,16.55295,15.29706,19.41649,19.23538,25.96151,28.44293,31.57531,32.75668,37.48333,36.34556,40.60788,39.81206,49.0306,41.97618,45.70558,48.05206,49.36598,52.61179,53.46027,52.61179,56.32051,56.32051,63.12686,61.13101,65.19202,65.06919,67.00746,68.26419,68.02941,69.00725,75.02666,76.02631,79.00633,81.09871,84.05355,84.09518,82.0,90.04999,88.02272,83.48653
14.31782,14.14214,13.0384,13.15295,12.04159,12.16553,11.04536,11.0,11.0,10.0,10.04988,10.04988,10.04988,9.21954,9.21954,9.48683,9.84886,8.544,9.84886,10.29563,8.94427,9.43398,9.43398,10.81665,10.81665,10.81665,11.6619,11.6619,13.0384,12.20656,11.6619,11.6619,12.52996,12.08305,12.08305,11.7047,11.7047,10.44031,10.19804,10.19804,10.19804,10.04988,9.05539,9.05539,9.0,8.0,8.06226,7.07107,7.28011,6.32456,6.7082,5.83095,81.60882,86.72946,77.62087,77.49194,73.08215,67.06713,72.53275,64.53681,63.78871,58.46366,56.32051,57.55867,56.7186,54.08327,54.03702,51.24451,55.22681,47.51842,47.26521,48.50773,51.24451,48.05206,48.38388,49.76947,45.61798,54.56189,55.54278,54.3783,57.3062,60.21628,56.4358,57.98276,58.30952,63.28507,62.6099,59.9333,63.97656,63.97656,62.39391,59.13544,62.29767,59.90826,60.01666,59.03389,54.74486,55.44367,50.15974,53.23533,45.01111,41.0,43.56604,45.12206,39.62323,38.8973,34.17601,32.75668,25.80698,29.41088,30.80584,31.62278,30.14963,30.01666,24.0,26.1725,27.01851,22.02272,24.5153,19.10497,16.12452,13.0384,14.03567,9.43398,14.21267,12.04159,13.60147,13.0,20.61553,21.18962,22.47221,29.41088,30.80584,34.9285,34.9285,37.36308,37.36308,41.23106,47.12749,43.68066,47.43416,47.80167,48.76474,55.7853,51.78803,56.04463,58.46366,60.53098,63.78871,62.16912,69.46222,67.08204,68.73136,69.35416,73.34848,72.83543,77.41447,75.66373,86.97701,84.17244,85.70881,86.49277,85.32878,94.92102,86.34813,89.02247
13.15295,12.16553,12.04159,11.18034,11.18034,10.04988,11.04536,10.0,10.0,9.0,9.0,9.05539,8.06226,8.24621,8.24621,9.48683,7.61577,8.94427,8.06226,8.06226,8.60233,8.60233,8.60233,10.0,10.0,10.0,10.63015,11.40175,10.63015,11.40175,10.81665,10.81665,11.6619,10.81665,10.81665,11.18034,10.77033,9.48683,9.48683,8.544,9.48683,8.24621,9.21954,7.07107,7.07107,7.07107,7.0,6.08276,6.08276,5.38516,5.38516,4.47214,82.49242,76.0,82.03658,77.23341,71.11259,71.06335,69.26038,67.60178,61.66036,63.28507,57.48913,55.7853,55.08176,53.85165,52.20153,52.39275,52.3259,51.47815,46.32494,51.0392,53.60037,45.45327,48.10405,48.9183,46.75468,48.27007,50.60632,55.47071,59.20304,58.24946,59.07622,62.1289,57.80138,65.45991,61.85467,63.03174,64.66065,61.61169,65.05382,63.03174,56.63921,62.00806,59.03389,55.21775,54.40588,53.82379,53.7122,51.42956,45.18849,45.18849,45.31004,42.54409,39.20459,36.22154,35.01428,35.01428,31.40064,33.83785,29.96665,32.69557,28.23119,29.42788,29.42788,26.1725,24.18677,23.34524,21.2132,19.0263,16.0,13.15295,11.40175,11.18034,12.20656,10.0,11.18034,14.31782,18.02776,19.23538,23.08679,28.0,32.01562,31.0,35.35534,39.0,35.01428,42.04759,45.01111,42.0119,50.03998,50.24938,53.15073,53.00943,53.23533,54.23099,58.13777,58.07753,60.40695,61.40033,66.61081,69.05071,67.89698,69.42622,75.43209,72.56721,77.12976,77.46612,81.58431,82.20097,81.21576,84.71718,81.04937,90.55385,88.95504,89.6772
12.52996,12.08305,12.08305,12.08305,11.18034,10.77033,10.44031,9.48683,9.21954,9.21954,9.21954,9.05539,9.05539,8.0,8.0,9.05539,8.24621,8.24621,8.24621,8.544,8.544,8.544,8.94427,8.94427,9.84886,10.29563,10.29563,11.18034,11.18034,11.18034,10.77033,10.77033,10.77033,10.77033,10.77033,10.44031,10.19804,10.04988,10.04988,9.05539,9.05539,9.0,9.0,8.0,8.0,7.07107,7.07107,7.28011,6.32456,6.7082,5.83095,5.0,80.23092,79.62412,78.74643,71.86793,73.37575,69.07966,68.00735,65.14599,62.64184,59.90826,55.10898,50.63596,53.75872,51.24451,52.15362,55.00909,54.00926,49.36598,45.17743,47.07441,50.28916,47.80167,49.65884,47.92703,47.16991,51.42956,51.62364,56.60389,59.64059,63.25346,57.42822,61.91123,56.60389,65.73431,61.29437,66.18912,67.53518,64.84597,64.84597,62.39391,60.53924,62.64184,63.24555,58.69412,53.93515,53.60037,54.45181,52.61179,49.16299,46.04346,42.04759,38.47077,43.18565,38.83298,38.62642,30.08322,31.90611,33.01515,30.41381,32.98485,32.31099,29.54657,23.70654,23.85372,22.47221,19.20937,17.69181,17.02939,12.72792,15.26434,8.24621,7.28011,5.83095,4.47214,9.43398,12.64911,14.76482,17.08801,20.61553,21.58703,25.4951,31.01612,32.01562,37.94733,37.69615,40.16217,44.94441,43.46263,47.92703,46.23851,48.46648,51.86521,55.15433,52.0,57.87055,56.30275,62.62587,62.64184,66.21933,66.76077,66.76077,66.48308,72.56721,78.58753,76.48529,75.43209,83.43261,81.49233,86.83317,87.28115,80.95678,91.76056,91.21403,84.75848
12.64911,12.08305,12.08305,12.08305,12.08305,9.84886,10.29563,9.43398,9.43398,9.43398,10.0,9.21954,9.21954,9.21954,8.48528,9.43398,9.43398,8.94427,8.94427,9.84886,8.94427,9.48683,9.48683,10.44031,10.77033,11.40175,11.40175,11.7047,11.40175,12.64911,11.7047,11.7047,12.08305,11.18034,12.08305,11.6619,11.6619,10.81665,10.0,10.0,9.89949,9.21954,9.21954,8.48528,8.48528,7.81025,7.2111,7.2111,6.7082,6.32456,5.38516,5.09902,86.40602,76.6942,78.26238,70.23532,71.11259,73.82412,65.74192,69.77105,61.40033,62.26556,57.14018,55.0,55.44367,52.63079,51.73973,49.81967,50.24938,49.0408,49.64877,48.60041,52.83938,45.61798,47.53946,51.26402,47.53946,52.63079,51.24451,56.29387,54.34151,57.07013,54.34151,64.32729,57.97413,67.46851,60.01666,62.62587,65.52099,67.72001,65.55151,63.90618,59.03389,61.26989,64.49806,58.83026,55.75841,52.20153,55.80323,49.40648,49.81967,46.09772,45.25483,41.86884,36.87818,37.73592,38.07887,33.83785,31.32092,32.80244,31.06445,30.41381,29.52965,27.20294,26.68333,25.4951,22.2036,22.2036,18.02776,17.11724,14.14214,12.16553,6.32456,8.0,3.16228,4.0,6.32456,7.2111,13.0,16.40122,24.20744,22.47221,24.41311,28.6531,29.54657,35.8469,36.23534,37.0,44.29447,39.35734,48.76474,46.09772,47.88528,51.89412,48.8774,51.62364,52.69725,54.12024,60.90156,63.52952,62.96825,65.36819,67.60178,69.06519,68.26419,67.6757,72.42237,74.33034,77.93587,82.49242,86.28441,88.19297,75.591,90.33825,90.35486,83.19255
12.0,12.0,11.04536,12.04159,11.04536,10.04988,10.19804,9.05539,9.21954,8.544,8.544,8.94427,8.06226,8.06226,8.06226,8.60233,7.81025,7.81025,7.81025,7.81025,7.81025,8.60233,8.60233,9.43398,10.29563,9.43398,10.29563,10.29563,11.6619,11.18034,10.81665,11.40175,11.6619,11.40175,11.40175,10.63015,10.63015,9.89949,9.89949,9.21954,10.0,10.0,8.60233,8.06226,8.06226,7.61577,7.28011,7.28011,6.08276,6.08276,6.0,5.09902,81.30191,72.44308,76.23647,71.17584,71.02816,62.1289,59.03389,62.0,56.0357,59.13544,57.42822,52.17279,56.51548,47.07441,48.50773,44.77723,51.0,45.65085,46.06517,42.19005,50.24938,41.86884,43.13931,48.10405,46.69047,50.9902,53.41348,56.0357,53.82379,58.30952,56.30275,61.85467,58.82176,65.73431,61.03278,64.03124,64.44377,68.88396,62.93648,62.2254,62.96825,64.44377,60.80296,60.44005,58.60034,55.75841,52.47857,51.88449,47.85394,49.39636,46.8188,44.27189,39.56008,38.47077,36.01389,34.0147,35.35534,38.83298,38.32754,40.0125,38.0526,38.32754,33.73426,33.24154,29.96665,31.38471,24.18677,23.85372,21.0238,21.9545,14.76482,12.20656,10.19804,8.06226,6.08276,5.38516,8.06226,8.544,15.0,19.23538,23.02173,24.02082,28.07134,28.07134,34.05877,31.14482,38.20995,39.20459,42.29657,44.28318,45.0,47.09565,49.0408,51.0392,53.03772,50.0,62.00806,60.0,63.12686,65.03076,63.3877,67.26812,68.06614,72.24957,73.43705,73.33485,76.10519,80.025,83.38465,88.0,81.09871,87.00575,88.0,84.0
11.7047,11.40175,11.40175,11.40175,10.19804,9.21954,9.05539,9.05539,9.05539,8.0,8.0,8.06226,8.06226,8.24621,7.28011,8.544,7.61577,8.06226,8.06226,8.60233,8.60233,8.60233,8.60233,9.21954,10.0,10.63015,10.63015,11.40175,12.04159,12.04159,10.81665,12.20656,11.40175,11.6619,11.6619,11.18034,11.18034,10.77033,9.48683,9.48683,9.48683,9.21954,9.21954,8.24621,8.06226,7.07107,7.0,7.0,7.07107,6.08276,5.38516,5.38516,77.41447,70.49113,77.38863,72.89719,67.1193,66.30988,62.96825,64.62198,54.42426,58.82176,52.88667,51.26402,53.60037,46.52956,47.26521,45.0,49.09175,46.38965,45.39824,41.10961,50.28916,42.72002,44.28318,50.11986,50.32892,49.73932,51.86521,58.25805,58.25805,59.40539,56.40035,60.80296,58.60034,68.24222,57.42822,70.3278,67.23095,66.24198,68.942,61.7414,63.15853,63.15853,59.23681,60.40695,57.28001,54.57105,57.97413,55.31727,53.23533,48.09366,46.17359,47.04253,39.01282,41.7732,38.83298,37.10795,32.69557,37.48333,38.27532,35.1141,37.58989,37.73592,31.89044,31.06445,29.0,26.87006,24.04163,26.24881,19.79899,22.02272,17.69181,11.31371,10.81665,11.7047,6.0,11.31371,10.0,13.89244,16.12452,22.82542,26.07681,27.313,26.41969,29.15476,35.35534,34.88553,39.35734,40.22437,46.06517,46.32494,45.48626,50.60632,49.92995,50.24938,56.36488,54.626,58.69412,60.92618,62.39391,65.0,65.55151,71.17584,69.92138,73.1642,73.1642,73.05477,77.25283,83.1685,80.65358,88.23831,82.8553,87.46428,91.38928,87.65843
13.0384,11.18034,11.18034,11.18034,9.84886,9.84886,9.48683,8.544,8.24621,8.24621,8.24621,8.06226,8.06226,8.0,8.0,9.05539,8.24621,8.24621,7.61577,8.544,8.544,8.94427,8.94427,10.29563,10.29563,10.29563,11.6619,11.18034,11.18034,12.08305,10.77033,11.7047,12.08305,11.7047,11.7047,11.40175,11.18034,11.18034,10.19804,10.04988,10.0,10.0,9.0,9.0,8.06226,8.06226,7.07107,7.28011,6.7082,6.7082,5.83095,5.0,78.1025,76.6942,71.86793,68.60029,70.17834,62.80127,64.66065,62.76942,56.30275,53.85165,54.12947,49.39636,54.08327,46.17359,47.80167,46.09772,51.15662,47.01064,44.18144,44.01136,48.50773,47.16991,44.91102,45.22168,49.72927,51.86521,50.92151,53.66563,56.36488,59.9333,57.27128,59.05929,63.15853,65.79514,61.7414,62.24147,65.0,65.19202,69.12308,62.8172,65.73431,63.15061,63.15061,61.66036,56.0803,60.03332,55.08176,53.0,48.04165,49.25444,49.81967,45.70558,41.97618,43.65776,37.33631,37.21559,33.83785,39.56008,32.64966,37.21559,35.22783,36.06938,33.30165,31.82766,30.0,27.80288,26.62705,24.41311,22.2036,18.60108,16.12452,9.21954,9.43398,10.04988,8.24621,9.48683,9.21954,9.43398,20.0,18.60108,22.80351,26.62705,32.01562,34.20526,36.79674,39.69887,42.63801,40.45986,43.93177,47.42362,52.40229,53.15073,50.44799,49.20366,56.40035,55.47071,61.61169,60.80296,66.7308,65.21503,71.34424,61.7171,74.63243,73.4983,74.43118,74.70609,81.8352,83.35466,86.60831,90.13878,85.08819,90.44335,85.44004,85.44004
13.92839,13.0,12.52996,12.52996,12.52996,10.29563,10.81665,10.0,10.63015,9.21954,9.21954,9.89949,9.21954,9.21954,8.60233,9.43398,8.94427,8.94427,8.544,9.48683,9.48683,10.19804,10.44031,10.19804,11.18034,11.18034,12.16553,12.36932,12.36932,13.34166,12.36932,12.36932,12.64911,12.64911,12.64911,13.0,12.52996,11.6619,11.6619,10.81665,10.81665,10.81665,11.40175,10.0,9.21954,8.48528,9.21954,9.21954,8.60233,8.06226,7.61577,6.32456,78.39005,76.05919,77.69813,72.71864,70.72482,68.88396,63.51378,64.07027,60.80296,57.00877,60.30755,52.3259,53.03772,52.34501,51.08816,49.40648,51.47815,46.52956,45.61798,42.37924,50.96077,47.12749,46.87217,45.17743,47.26521,50.08992,55.3263,54.14795,56.0357,59.07622,58.13777,64.00781,63.07139,64.03124,65.00769,68.18358,70.02857,67.06713,70.34913,66.09841,65.30697,68.15424,62.0967,60.72891,60.08328,59.23681,57.38467,55.03635,52.80152,51.0,47.70744,43.26662,41.10961,40.31129,44.55334,35.38361,34.48188,34.20526,34.65545,35.22783,36.89173,30.88689,29.54657,29.15476,27.65863,28.44293,21.58703,21.54066,18.43909,17.26268,14.0,9.84886,8.60233,8.48528,2.0,10.04988,12.08305,16.40122,15.26434,19.72308,26.62705,27.80288,30.80584,32.75668,34.0,34.88553,40.22437,39.96248,46.14109,48.37355,47.70744,52.47857,48.01042,55.21775,53.33854,56.93856,57.62812,60.46487,62.42596,65.0,68.41053,68.24954,72.91776,67.62396,73.59348,76.05919,79.51101,87.9659,80.91971,88.00568,82.80097,90.6973,88.81441,89.88882
13.89244,12.20656,12.20656,11.6619,12.20656,10.81665,10.63015,9.21954,9.89949,9.89949,9.89949,9.21954,8.60233,8.60233,8.06226,8.544,8.544,8.544,8.24621,8.06226,8.06226,9.05539,9.05539,10.04988,11.04536,11.0,11.0,12.04159,12.0,12.0,11.04536,12.04159,12.04159,11.18034,12.16553,12.36932,11.7047,10.77033,10.77033,9.84886,11.18034,10.29563,10.29563,9.43398,8.60233,8.60233,8.48528,7.07107,7.81025,7.2111,6.7082,6.32456,73.3553,75.13322,75.71658,67.1193,72.20111,62.1289,66.85058,60.03332,57.00877,53.60037,51.08816,50.32892,48.27007,48.9183,47.01064,46.87217,47.70744,45.65085,42.48529,43.65776,49.24429,43.68066,44.40721,47.26521,46.09772,50.08992,49.0102,51.0392,54.03702,58.21512,56.0,58.07753,57.0,59.13544,64.00781,62.07254,64.07027,63.12686,64.49806,60.82763,58.54912,63.78871,58.69412,58.5235,56.0803,59.46427,54.56189,55.47071,46.06517,47.88528,46.14109,41.40048,41.03657,42.44997,35.35534,32.20248,35.35534,34.71311,32.52691,35.35534,32.55764,34.48188,23.76973,26.40076,28.79236,23.76973,21.54066,19.23538,20.22375,19.64688,12.64911,10.29563,6.7082,4.47214,5.09902,9.05539,13.0,13.89244,17.02939,21.40093,24.41311,25.07987,27.45906,33.61547,28.6531,34.48188,43.82921,39.44617,46.14109,45.79301,42.72002,47.50789,52.15362,48.25971,54.20332,57.2014,60.21628,57.45433,61.84658,61.40033,66.8431,62.28965,65.19202,68.24954,75.0733,75.16648,81.8352,80.91971,77.98718,85.70298,83.40863,89.627,83.81527,86.60831
13.0384,12.52996,12.08305,11.6619,11.18034,9.84886,9.84886,9.48683,9.48683,8.24621,9.21954,9.05539,8.06226,8.0,8.0,8.06226,8.24621,8.24621,7.28011,8.544,8.544,8.94427,8.94427,10.29563,10.81665,10.29563,11.6619,11.6619,11.6619,11.6619,11.18034,12.08305,12.08305,11.7047,11.7047,11.40175,11.40175,11.18034,11.18034,10.19804,10.04988,10.0,9.0,9.0,9.05539,8.06226,8.24621,7.28011,7.28011,6.7082,7.2111,6.40312,70.72482,77.89737,69.2026,68.11755,69.2026,59.81639,61.22091,57.00877,61.03278,52.43091,51.47815,52.80152,50.56679,48.46648,46.8188,43.56604,45.89118,43.28972,39.29377,50.01,44.28318,46.09772,45.89118,47.53946,43.17407,49.72927,53.45091,53.31041,50.9902,60.41523,56.85948,56.46238,61.84658,59.46427,59.5063,60.40695,64.56005,63.24555,63.32456,64.7611,61.66036,61.81424,59.68249,61.20457,56.22277,59.5399,54.00926,55.22681,47.09565,49.81967,44.14748,41.48494,36.68787,40.49691,35.34119,38.01316,35.0,35.4683,31.90611,33.83785,32.55764,32.20248,27.80288,26.1725,27.29469,25.07987,25.23886,21.9545,17.02939,17.0,13.41641,11.18034,10.0,7.28011,4.47214,9.48683,11.18034,17.02939,19.10497,17.80449,20.61553,26.24881,28.6007,30.41381,34.05877,33.42155,38.28838,40.60788,41.86884,45.96738,42.44997,46.69047,46.2277,51.22499,56.40035,53.60037,63.82006,53.90733,67.1193,59.90826,68.24222,59.68249,64.89992,64.40497,70.49113,75.71658,82.0975,77.66595,83.00602,79.20227,84.87638,88.00568,82.20097,81.21576
13.60147,12.20656,12.04159,11.40175,11.40175,10.0,9.89949,9.21954,9.21954,8.60233,8.60233,8.94427,8.06226,7.61577,7.61577,8.24621,8.24621,8.24621,8.06226,8.06226,8.0,9.0,9.0,9.05539,10.04988,10.19804,11.04536,11.04536,11.04536,11.04536,11.04536,11.0,12.0,11.0,11.0,11.04536,11.04536,11.18034,10.19804,10.19804,9.48683,9.48683,9.48683,8.544,8.94427,8.06226,8.06226,7.2111,7.2111,7.07107,6.40312,5.83095,76.89603,76.89603,79.62412,65.74192,68.42514,67.23095,61.26989,59.94164,59.90826,56.85948,52.80152,52.34501,51.22499,45.27693,47.38143,47.20169,53.60037,46.64762,47.50789,44.38468,48.10405,42.72002,41.23106,46.69047,44.28318,51.47815,51.47815,51.0392,52.08647,60.00833,59.07622,65.03076,60.07495,65.03076,62.00806,68.18358,66.37017,66.18912,65.76473,67.26812,61.84658,63.06346,62.29767,61.68468,62.29767,58.30952,57.77543,55.9017,51.47815,48.8774,48.54894,46.61545,46.40043,42.44997,41.23106,39.20459,36.35932,36.87818,35.51056,34.0,34.9285,32.57299,32.75668,28.28427,27.07397,28.16026,23.02173,21.09502,21.2132,19.0263,13.0,8.24621,8.06226,7.28011,10.19804,11.04536,11.40175,13.0384,17.46425,15.65248,24.04163,25.96151,26.83282,34.48188,36.05551,36.05551,38.8973,38.48376,44.92215,41.78516,49.98,45.54119,51.62364,45.18849,53.23533,55.03635,59.05929,61.26989,61.05735,61.91123,68.47627,67.60178,69.97142,72.71864,73.23933,77.69813,75.29276,81.88406,85.14693,93.53609,79.75588,93.53609,90.82401,86.31338
12.80625,12.80625,12.20656,11.40175,10.81665,10.81665,10.29563,10.29563,9.84886,8.544,9.48683,9.21954,9.21954,9.05539,9.05539,9.0,9.0,9.05539,9.05539,9.05539,9.21954,9.48683,9.21954,10.44031,11.40175,11.7047,11.7047,12.36932,12.64911,12.64911,12.36932,12.36932,13.34166,12.16553,13.15295,12.16553,12.04159,12.0,11.0,11.0,11.04536,11.04536,10.04988,10.19804,9.21954,8.24621,8.24621,7.61577,7.61577,6.7082,6.40312,5.65685,79.30952,78.74643,69.35416,69.52697,74.96666,62.2254,62.96825,59.46427,57.28001,54.03702,56.61272,51.86521,50.77401,51.0,44.72136,46.23851,51.5461,46.17359,44.72136,44.55334,47.01064,48.04165,44.04543,46.09772,50.24938,50.80354,57.27128,56.04463,57.97413,61.03278,58.69412,62.0967,63.56099,60.87693,63.06346,65.62012,66.09841,68.06614,68.06614,62.20129,65.03076,64.19502,65.03076,62.00806,56.56854,58.69412,51.47815,58.46366,49.47727,49.64877,48.70318,46.23851,43.08132,41.67733,40.49691,37.20215,34.05877,38.27532,34.05877,37.53665,33.30165,34.05877,29.20616,26.92582,30.01666,29.06888,25.63201,22.36068,19.69772,20.12461,15.52417,9.48683,11.40175,8.60233,8.0,9.05539,12.0,10.44031,15.65248,17.88854,19.10497,27.20294,27.65863,29.20616,32.64966,38.01316,35.0,38.41875,38.83298,42.2019,43.18565,47.80167,49.57822,51.66237,50.9902,53.8145,55.9017,55.17246,61.7171,58.72819,64.66065,62.482,72.62231,70.93659,75.28612,79.02531,78.1025,79.81228,80.43009,82.807,86.27862,90.68627,82.75869,84.89994
13.0384,12.20656,12.20656,12.20656,11.40175,10.81665,10.63015,9.21954,9.21954,9.21954,9.21954,9.43398,8.60233,8.94427,8.94427,9.48683,9.48683,8.24621,9.21954,9.21954,9.21954,10.04988,10.04988,10.0,11.04536,11.04536,12.04159,12.04159,13.0384,12.04159,12.16553,13.15295,13.15295,12.36932,12.36932,12.36932,12.64911,11.7047,10.77033,10.77033,10.29563,10.29563,10.29563,9.43398,9.43398,8.60233,8.48528,7.81025,7.81025,7.2111,6.7082,5.83095,83.1685,77.49194,76.6942,71.86793,69.46222,64.62198,60.16644,61.7171,59.48109,54.70832,54.91812,46.87217,52.00961,51.22499,47.42362,50.0,49.40648,43.60046,44.94441,45.65085,44.59821,45.31004,48.08326,45.54119,44.27189,50.01,51.24451,55.08176,58.21512,61.13101,57.21888,61.13101,60.67125,65.49046,65.12296,65.9242,67.68309,70.21396,68.41053,68.62215,62.96825,65.14599,60.16644,64.2573,60.83584,57.80138,54.12024,53.7122,46.61545,45.0,47.50789,47.50789,45.96738,40.80441,40.36087,35.8469,35.4683,34.71311,35.51056,39.44617,36.71512,36.05551,33.83785,33.13608,28.63564,26.92582,27.45906,24.08319,24.0,17.46425,15.13275,15.0333,12.04159,8.544,9.89949,9.21954,13.92839,13.0384,20.39608,16.03122,19.64688,24.5153,28.63564,29.61419,31.7805,36.49658,43.65776,37.10795,43.68066,43.68066,43.41659,45.22168,52.55473,47.53946,51.89412,49.24429,58.13777,59.9333,61.40033,63.95311,64.49806,64.00781,72.20111,73.06162,69.11584,73.57309,81.49233,82.8553,85.75547,84.09518,80.49845,87.23531,88.56636,85.90693
13.0384,13.0384,11.6619,11.6619,10.29563,10.29563,9.84886,9.84886,9.48683,8.544,8.24621,9.05539,8.06226,8.06226,8.0,8.06226,8.06226,8.06226,8.24621,8.24621,8.544,8.94427,8.544,9.84886,9.84886,10.29563,10.29563,11.18034,11.18034,11.18034,10.77033,11.7047,11.7047,11.7047,11.40175,11.40175,11.18034,11.18034,10.04988,10.04988,10.0,10.0,9.0,9.0,9.05539,8.06226,8.24621,7.61577,7.61577,6.7082,6.40312,5.65685,84.50444,76.57676,77.89737,72.83543,67.26812,66.48308,59.39697,61.52235,57.48913,60.44005,53.53504,52.83938,53.7122,44.28318,48.30114,47.43416,48.50773,46.84015,43.93177,45.12206,49.09175,44.18144,44.28318,47.16991,43.28972,50.48762,49.81967,53.85165,54.12947,59.77458,59.43904,64.7611,59.66574,64.28841,63.32456,68.24954,67.46851,63.78871,66.27217,62.80127,62.20129,63.03174,62.03225,59.13544,57.21888,54.74486,55.7315,56.29387,49.36598,49.24429,46.57252,45.88028,46.06517,39.44617,40.80441,31.14482,34.65545,38.27532,40.31129,34.1321,36.61967,38.94868,34.71311,31.82766,30.41381,29.20616,29.20616,24.20744,16.97056,23.85372,17.49286,16.40122,10.29563,8.94427,10.44031,10.19804,9.21954,10.29563,19.41649,18.43909,22.67157,26.87006,30.41381,33.24154,34.71311,35.38361,38.94868,41.03657,43.86342,43.93177,46.01087,45.96738,50.9902,53.8145,55.17246,54.45181,59.5483,62.28965,63.60031,65.19202,63.00794,63.82006,75.16648,71.84706,72.11103,76.55064,75.80237,80.28076,87.00575,88.86507,83.86895,92.19544,90.60905,84.95881
12.0,12.04159,11.18034,11.04536,10.04988,10.04988,9.21954,9.48683,9.48683,8.544,8.544,8.06226,8.06226,7.2111,7.2111,8.48528,7.07107,7.81025,7.2111,8.06226,8.06226,8.94427,8.94427,8.94427,9.84886,9.84886,10.77033,11.18034,11.18034,10.77033,11.18034,11.18034,11.18034,11.18034,11.6619,11.40175,11.40175,10.63015,9.89949,9.89949,9.89949,9.89949,9.21954,8.60233,8.60233,7.2111,7.61577,7.61577,6.32456,6.32456,6.08276,5.0,73.33485,78.16009,78.00641,72.02777,75.02666,67.0,61.0082,64.49806,55.3263,55.3263,60.53098,49.72927,52.81098,45.88028,45.54119,45.17743,44.41846,45.48626,45.22168,43.60046,49.57822,44.82187,47.63402,43.82921,46.40043,48.25971,49.39636,51.42956,55.00909,60.37384,58.18075,60.00833,55.07268,64.88451,62.26556,65.51336,65.8635,62.43397,64.40497,63.25346,61.85467,64.38167,62.482,58.13777,58.69412,57.98276,57.80138,52.80152,53.60037,47.01064,46.95743,45.17743,41.78516,38.8973,39.05125,37.33631,33.06055,42.05948,39.45884,35.51056,40.04997,37.01351,35.22783,31.257,27.89265,28.4605,26.92582,23.76973,20.88061,20.88061,14.56022,13.34166,12.0,12.16553,9.43398,6.40312,11.40175,10.44031,16.27882,23.76973,20.02498,26.1725,29.06888,30.41381,34.36568,35.69314,41.19466,36.34556,46.17359,42.19005,43.04649,49.25444,50.01,51.0392,56.0357,53.03772,60.20797,56.32051,61.13101,64.19502,65.76473,67.47592,72.56032,70.5762,72.44308,78.31347,81.88406,78.51751,85.98837,90.08885,85.14693,88.27797,89.08984,83.0
13.0,13.0,12.08305,12.08305,10.77033,9.84886,10.29563,9.43398,8.60233,9.21954,9.21954,8.48528,8.48528,8.60233,8.60233,8.94427,8.94427,8.544,8.544,8.544,8.544,9.48683,9.21954,10.19804,10.19804,10.19804,12.16553,11.18034,12.16553,11.18034,11.40175,12.36932,12.36932,11.40175,11.7047,11.7047,12.08305,11.18034,11.18034,11.18034,10.81665,10.81665,10.0,8.60233,8.60233,8.48528,8.48528,7.81025,7.2111,6.7082,6.7082,5.38516,84.59314,82.38932,77.27872,66.28725,71.80529,65.76473,65.11528,60.63827,59.66574,53.45091,54.78138,53.22593,54.23099,51.47815,46.64762,46.09772,52.63079,50.24938,41.10961,45.96738,46.8615,43.82921,45.65085,49.73932,44.77723,52.7731,53.31041,55.02727,56.0803,62.93648,58.30952,59.09315,60.83584,65.14599,62.03225,63.52952,63.97656,65.76473,66.24198,63.81222,66.03787,62.42596,64.66065,64.66065,55.17246,59.39697,52.40229,55.97321,50.44799,48.60041,48.60041,45.79301,43.909,42.37924,41.78516,34.9285,35.22783,41.23106,40.71855,42.94182,37.69615,39.84972,36.67424,33.24154,27.29469,30.06659,27.07397,26.01922,23.0,22.09072,21.0,20.0,14.14214,9.48683,9.84886,8.94427,11.7047,12.16553,14.03567,14.31782,23.5372,21.84033,30.67572,27.65863,33.54102,34.20526,40.4475,37.21559,44.18144,45.39824,47.29693,50.9902,44.64303,50.96077,55.65968,53.85165,56.61272,54.40588,60.72891,60.72891,69.46222,65.39113,72.73239,73.05477,73.40981,80.99383,82.8734,80.41144,83.81527,87.64131,82.0061,86.83317,89.28606,92.41753
13.45362,12.04159,12.20656,12.04159,11.40175,10.63015,10.81665,10.29563,10.29563,8.544,9.48683,9.21954,9.21954,9.05539,8.06226,9.05539,9.0,9.0,9.05539,9.05539,9.05539,10.19804,9.21954,10.44031,10.77033,10.77033,11.7047,12.36932,12.64911,12.64911,12.36932,12.36932,12.36932,12.16553,12.16553,12.16553,12.04159,12.04159,11.04536,11.0,11.04536,10.04988,10.04988,10.04988,9.21954,9.21954,8.24621,8.544,7.61577,7.61577,6.7082,6.40312,79.25907,74.68601,73.23933,69.11584,70.83078,66.61081,59.90826,64.3506,55.60576,55.0,56.85068,49.57822,53.03772,48.83646,47.63402,43.82921,50.77401,46.64762,44.01136,45.88028,48.38388,46.87217,42.57934,50.44799,45.39824,49.64877,50.08992,51.08816,54.03702,57.21888,53.08484,58.30952,57.03508,65.19202,61.03278,65.12296,65.00769,67.06713,64.38167,65.62012,63.78871,61.18823,62.16912,65.52099,61.40033,57.97413,54.23099,56.64804,48.75449,48.76474,47.01064,45.48626,45.34314,39.59798,40.45986,36.87818,34.0,42.0119,43.27817,40.0,42.19005,39.44617,38.48376,35.73514,32.98485,32.24903,31.14482,28.44293,25.01999,26.07681,20.88061,18.02776,15.0,11.18034,10.29563,11.6619,6.08276,7.07107,10.63015,13.0384,20.12461,16.76305,20.61553,26.07681,30.01666,34.43835,36.35932,37.21559,41.14608,40.24922,41.67733,42.48529,48.54894,49.09175,51.85557,50.60632,52.63079,52.43091,58.89822,62.80127,64.53681,66.06815,64.66065,72.62231,70.0928,75.80237,77.20104,76.05919,84.02381,83.86895,82.80097,87.00575,88.23265,85.44589
13.89244,13.0384,12.20656,13.0384,12.20656,10.81665,11.40175,10.63015,10.63015,9.21954,9.89949,10.0,8.60233,8.94427,8.94427,9.48683,8.544,8.544,9.21954,9.05539,9.21954,9.05539,9.05539,10.0,11.0,11.0,11.0,12.0,12.0,12.0,12.04159,12.04159,12.04159,12.04159,12.16553,12.36932,12.36932,11.40175,11.40175,11.7047,10.77033,11.18034,11.18034,10.29563,9.43398,9.43398,8.60233,8.60233,7.81025,8.48528,7.81025,7.2111,84.05355,75.71658,76.57676,73.81734,76.27582,68.00735,61.61169,65.19202,58.0,61.07373,57.31492,53.07542,53.90733,52.80152,48.9183,45.48626,48.76474,47.01064,44.28318,43.32436,45.35416,46.69047,42.42641,47.01064,51.0392,50.0,51.0098,53.46027,56.56854,56.51548,58.03447,63.3877,60.07495,64.28063,61.29437,69.11584,68.06614,69.11584,67.00746,67.06713,63.1981,62.1289,65.11528,62.64982,55.9017,60.41523,58.18935,57.56735,52.92447,53.31041,49.76947,50.53712,46.04346,41.6173,38.94868,42.52058,34.20526,44.82187,40.31129,42.0119,41.23106,42.05948,38.01316,37.12142,34.53983,34.17601,30.08322,30.14963,25.31798,23.08679,22.56103,16.12452,13.0,10.19804,7.61577,6.40312,5.0,5.09902,5.83095,14.21267,16.97056,20.51828,24.41311,23.43075,26.1725,35.60899,32.55764,34.4093,41.10961,41.03657,41.23106,44.68781,44.68781,50.32892,48.27007,50.91169,55.17246,58.0,63.63961,61.52235,63.89053,65.05382,67.88225,69.35416,74.33034,77.89737,76.38063,79.9062,82.75869,89.93887,82.87943,88.4138,91.35097,90.0
13.60147,12.80625,12.04159,12.04159,11.31371,11.31371,10.63015,9.21954,9.21954,8.60233,8.60233,8.94427,8.94427,8.544,8.544,8.24621,8.06226,8.06226,8.0,8.0,8.0,9.05539,9.05539,9.21954,10.19804,10.19804,11.18034,11.18034,12.16553,11.18034,11.18034,12.04159,11.04536,12.04159,12.04159,11.0,12.04159,11.04536,11.18034,10.19804,10.19804,10.19804,9.48683,9.48683,8.94427,8.94427,8.06226,7.2111,7.2111,7.07107,6.40312,6.40312,78.60025,81.5414,71.06335,70.43437,71.44928,64.53681,63.89053,58.69412,61.52235,55.15433,54.20332,50.32892,51.40039,51.10773,46.87217,44.59821,48.10405,46.57252,39.29377,42.75512,45.17743,45.54119,43.18565,47.0,46.01087,48.16638,54.33231,52.17279,53.85165,55.65968,56.56854,56.08921,63.95311,65.11528,67.18631,65.62012,64.13267,66.4906,68.11755,62.20129,69.02898,64.00781,62.00806,62.1289,55.3263,60.67125,50.80354,58.85576,49.47727,51.07837,48.10405,46.09772,42.04759,42.72002,40.0,40.45986,33.97058,41.23106,42.42641,40.36087,40.60788,36.71512,35.8469,37.12142,31.38471,29.41088,32.28002,24.69818,25.17936,24.5153,20.22375,17.0,13.0384,13.15295,5.38516,4.12311,5.09902,7.2111,10.81665,15.81139,15.55635,21.26029,24.83948,23.43075,26.1725,34.05877,34.71311,34.71311,41.10961,39.69887,38.8973,44.68781,48.08326,50.9902,52.49762,52.40229,58.41233,51.66237,65.19202,63.03174,68.76772,61.07373,75.43209,72.91776,75.28612,77.33693,85.91275,83.63014,90.60353,88.39118,89.14034,91.93476,90.52072,86.97701
12.0,12.04159,11.18034,12.04159,10.04988,10.04988,9.21954,8.544,8.544,8.544,8.544,8.06226,8.06226,7.2111,7.2111,7.07107,7.81025,7.81025,7.2111,8.06226,8.06226,8.94427,7.61577,8.94427,9.84886,9.84886,10.77033,10.77033,10.77033,10.77033,11.18034,11.18034,12.08305,11.18034,11.18034,10.81665,11.40175,10.63015,10.63015,9.89949,9.21954,9.89949,9.21954,9.21954,7.81025,7.2111,7.2111,6.7082,6.7082,6.32456,6.08276,5.0,38.47077,37.33631,35.90265,34.52535,34.9285,31.7805,28.63564,29.12044,26.24881,27.51363,25.07987,24.69818,22.82542,23.70654,23.70654,22.2036,23.43075,20.61553,19.84943,22.2036,22.80351,21.09502,22.47221,23.25941,23.25941,25.63201,25.63201,25.96151,25.0,27.20294,27.65863,30.08322,28.4605,30.08322,28.63564,29.73214,31.38471,31.32092,32.31099,29.52965,31.76476,33.12099,30.88689,31.38471,28.01785,27.80288,25.80698,25.4951,24.04163,24.08319,22.67157,22.02272,20.80865,19.23538,18.38478,18.02776,17.46425,21.09502,21.0238,19.92486,20.39608,19.0,19.0263,17.02939,18.11077,17.11724,15.29706,13.60147,11.40175,12.64911,9.48683,9.84886,7.0,7.07107,4.0,1.41421,2.82843,2.0,5.0,7.07107,8.544,9.48683,10.19804,13.15295,14.14214,15.0333,18.02776,15.13275,20.88061,19.64688,19.92486,23.34524,22.80351,23.5372,25.0,23.76973,28.23119,27.51363,31.38471,32.89377,34.17601,32.31099,34.53983,35.8469,35.34119,37.33631,39.21734,38.62642,42.15448,41.76123,44.64303,43.9659,45.88028,42.44997
13.0384,13.0384,12.16553,12.04159,11.04536,11.04536,10.19804,9.21954,10.44031,8.544,9.48683,8.94427,8.94427,8.06226,8.06226,7.81025,8.48528,7.81025,7.81025,8.60233,8.60233,8.06226,8.60233,9.43398,10.29563,10.29563,11.18034,11.18034,12.08305,11.18034,11.6619,11.6619,11.6619,12.20656,12.20656,11.40175,12.04159,10.63015,11.31371,11.31371,10.0,10.0,10.0,10.0,9.43398,8.06226,8.544,8.544,7.28011,7.28011,7.07107,7.0,84.38009,80.50466,83.02409,68.06614,66.0,68.00735,61.07373,66.00758,60.13319,55.7315,54.58938,47.67599,50.80354,48.76474,46.57252,46.95743,50.53712,46.14109,45.79301,45.60702,50.91169,42.44997,47.63402,47.01064,46.2277,55.44367,47.20169,56.0803,55.9464,57.3062,56.82429,65.29931,59.16925,63.06346,62.16912,67.74216,67.6757,65.73431,64.03124,66.8431,62.62587,67.17887,60.82763,62.96825,60.82763,55.22681,57.62812,55.60576,55.80323,51.97115,47.41308,45.69464,43.38202,38.8973,41.97618,36.22154,34.0,42.75512,45.54119,42.04759,42.19005,37.12142,38.32754,34.48188,35.34119,33.12099,29.52965,28.30194,26.62705,22.02272,17.80449,16.12452,12.72792,10.77033,8.94427,1.41421,5.09902,7.2111,11.04536,13.0384,16.49242,21.2132,23.34524,27.07397,32.01562,29.01724,39.20459,35.01428,45.04442,43.10452,42.0,47.01064,43.04649,46.01087,52.46904,52.03845,57.31492,62.28965,61.40033,67.47592,62.39391,68.593,73.97973,72.33948,72.69113,81.88406,78.63841,83.02409,83.60024,89.05055,81.09871,93.19335,96.00521,87.02299
13.41641,13.0,13.0,12.08305,12.08305,10.77033,10.77033,10.44031,10.19804,9.21954,9.21954,9.05539,9.05539,9.0,9.0,9.05539,8.24621,8.24621,8.544,8.544,8.544,8.94427,9.84886,9.84886,10.29563,10.29563,11.18034,12.52996,12.52996,12.52996,12.08305,12.08305,12.08305,11.7047,11.7047,12.36932,12.36932,11.18034,11.18034,11.18034,11.04536,11.04536,11.04536,9.0,9.05539,9.05539,9.21954,8.24621,8.544,7.61577,7.2111,7.2111,77.52419,76.32169,72.09022,68.7968,74.70609,67.97794,64.41273,61.7414,60.53924,54.626,53.48832,52.81098,52.49762,49.24429,47.80167,50.03998,51.0392,45.39824,43.28972,48.50773,45.39824,47.29693,47.42362,47.12749,46.51881,53.22593,55.9464,54.91812,56.60389,58.24946,55.47071,65.36819,63.50591,65.36819,64.89992,67.97794,67.1193,65.8635,69.07966,67.41662,62.76942,61.98387,61.03278,62.58594,58.24946,62.64982,57.21888,57.21888,50.0,52.03845,49.0408,49.25444,43.18565,41.10961,41.97618,38.01316,38.27532,42.19005,42.44997,43.9659,37.57659,39.66106,36.05551,35.60899,38.18377,33.97058,29.73214,27.58623,24.08319,20.51828,17.49286,12.80625,12.04159,10.81665,5.0,1.41421,8.544,8.0,13.0384,13.0,18.38478,20.12461,23.19483,26.57066,28.79236,35.35534,34.53983,36.24914,39.81206,41.18252,44.38468,47.01064,47.01064,47.85394,47.75982,53.75872,55.65968,59.48109,63.24555,63.32456,69.89278,61.68468,66.94027,66.48308,75.28612,82.28001,81.90849,81.59657,86.68333,85.42833,82.28001,87.09191,88.60023,91.24144
13.60147,13.0,12.08305,12.08305,10.77033,10.77033,10.29563,9.43398,10.29563,8.60233,9.21954,9.21954,8.48528,8.48528,8.48528,8.60233,8.60233,8.06226,8.94427,8.94427,8.544,9.48683,9.48683,10.19804,10.44031,10.44031,11.18034,11.40175,12.36932,11.40175,11.40175,12.64911,11.7047,11.7047,12.08305,11.18034,12.08305,11.18034,10.81665,10.81665,10.0,10.81665,10.0,9.21954,9.89949,9.21954,8.60233,8.60233,8.06226,7.2111,6.7082,6.32456,81.22192,75.16648,72.69113,74.10803,70.45566,64.28063,63.15061,60.82763,56.04463,57.72348,52.39275,52.63079,51.41984,44.38468,47.01064,45.27693,49.20366,39.05125,43.93177,45.80393,48.16638,44.68781,46.87217,44.10215,47.20169,51.31277,51.97115,53.31041,51.89412,60.74537,56.0803,64.07808,59.9333,60.92618,63.32456,65.0,68.42514,65.0,66.28725,65.21503,61.03278,62.20129,59.03389,61.22091,55.15433,55.9017,55.44367,52.63079,53.15073,51.31277,47.01064,43.86342,39.0,41.10961,39.29377,40.5216,36.12478,40.70626,38.62642,40.02499,41.30375,38.01316,35.01428,34.1321,32.24903,34.71311,24.35159,26.92582,23.08679,21.93171,18.68154,17.0,12.64911,9.84886,7.07107,6.7082,4.47214,9.0,9.05539,11.0,21.58703,20.88061,23.76973,23.76973,34.71311,30.26549,37.36308,32.06244,39.45884,39.62323,38.83298,45.27693,46.09772,45.70558,50.44799,50.96077,56.61272,57.87055,59.77458,64.03124,64.84597,66.76077,66.94027,73.00685,69.26038,75.43209,76.53757,81.0432,82.86133,89.26926,79.62412,85.14693,90.25519,83.72574
12.80625,12.04159,12.04159,12.04159,10.63015,10.63015,9.89949,9.21954,9.21954,8.60233,8.06226,8.06226,8.06226,8.544,7.28011,8.24621,8.24621,8.06226,8.0,9.0,8.0,9.05539,9.05539,10.19804,10.19804,10.19804,10.19804,11.18034,12.16553,11.18034,12.16553,12.04159,12.04159,11.04536,12.0,11.0,12.04159,11.04536,11.04536,10.04988,10.19804,10.44031,9.21954,9.48683,8.544,7.61577,8.06226,7.2111,7.2111,6.40312,6.40312,5.65685,81.41253,77.87811,77.89737,75.13322,68.60029,62.76942,64.14047,61.40033,57.68882,56.40035,52.69725,49.20366,53.41348,50.24938,50.24938,43.27817,48.25971,43.909,42.54409,43.04649,45.88028,44.01136,43.17407,46.32494,43.41659,49.0306,48.37355,55.14526,55.00909,55.03635,54.08327,56.00893,55.14526,59.00847,59.03389,63.3877,61.52235,62.20129,65.0,61.39218,61.98387,59.20304,60.16644,57.24509,53.85165,57.24509,53.7122,53.66563,51.47815,43.60046,48.82622,42.63801,41.01219,41.86884,36.23534,29.83287,31.90611,39.82462,41.72529,37.01351,37.21559,37.21559,34.43835,33.83785,31.01612,29.12044,28.44293,26.4764,24.73863,24.08319,15.13275,14.03567,13.41641,11.18034,6.40312,5.83095,13.0,10.77033,14.42221,16.55295,19.79899,21.47091,29.06888,28.63564,32.64966,31.30495,40.49691,38.58756,40.71855,41.18252,40.71855,47.88528,49.1935,53.0,51.62364,53.82379,62.68174,59.64059,58.41233,66.61081,65.80274,66.61081,75.71658,75.0,75.43209,77.00649,82.37718,84.02381,88.40814,87.36704,83.48653,92.08692,90.04999,89.88882
13.0,13.0,12.08305,12.08305,12.08305,11.18034,10.29563,9.43398,9.43398,8.60233,8.60233,8.48528,8.48528,7.81025,7.81025,8.60233,8.06226,8.06226,7.61577,8.544,8.544,8.24621,8.544,9.21954,10.19804,10.19804,11.18034,11.18034,11.18034,11.18034,11.18034,11.40175,11.40175,11.40175,11.7047,10.77033,11.18034,10.29563,10.29563,10.29563,10.0,10.0,10.0,8.60233,8.48528,8.48528,8.48528,8.60233,7.2111,6.7082,6.32456,6.32456,81.15417,80.05623,76.05919,72.89719,68.8767,61.32699,62.24147,62.6099,55.07268,52.3259,49.40648,50.9902,50.0,48.41487,45.27693,45.96738,50.0,45.45327,43.82921,42.95346,44.01136,44.27189,43.17407,45.89118,46.69047,48.38388,47.26521,53.93515,53.33854,57.07889,56.32051,58.07753,56.56854,62.1289,59.07622,64.93843,66.18912,64.62971,59.03389,63.06346,63.60031,61.98387,60.16644,57.58472,57.27128,55.54278,54.20332,54.58938,44.10215,46.87217,48.01042,44.82187,42.52058,40.31129,43.01163,35.51056,34.88553,41.03657,39.20459,39.44617,38.48376,38.01316,34.20526,31.40064,31.32092,28.07134,25.70992,23.08679,21.2132,21.2132,15.13275,10.77033,9.21954,5.0,4.24264,7.0,5.38516,8.544,14.31782,14.86607,23.32381,25.55386,27.80288,27.29469,31.76476,33.10589,39.56008,38.01316,47.01064,42.04759,45.18849,51.89412,47.41308,50.11986,51.31277,56.4358,57.80138,57.3062,63.28507,62.26556,67.6757,65.21503,68.8186,68.8186,70.43437,74.33034,81.5414,83.00602,84.87638,86.09297,80.06248,95.38344,89.89438,86.76405
14.14214,13.0384,13.0384,13.0384,12.04159,11.04536,11.0,10.04988,10.0,10.04988,10.04988,9.21954,9.21954,8.24621,8.544,8.94427,8.06226,8.94427,8.60233,8.60233,8.60233,9.21954,9.21954,9.89949,9.89949,10.63015,10.63015,12.04159,12.04159,12.04159,11.31371,12.04159,11.31371,12.04159,12.04159,11.40175,12.20656,11.18034,11.18034,10.29563,10.77033,9.84886,9.84886,9.48683,9.48683,8.544,8.06226,8.06226,8.0,7.0,7.07107,6.32456,41.97618,38.47077,39.62323,37.33631,35.12834,34.23449,32.24903,33.24154,29.01724,29.01724,28.01785,27.07397,29.01724,25.17936,24.08319,24.04163,25.63201,24.16609,21.93171,22.84732,23.02173,23.02173,22.67157,23.34524,24.08319,25.4951,21.93171,27.20294,29.06888,29.41088,28.6007,29.41088,26.90725,31.40064,32.20248,33.94113,33.24154,31.89044,31.241,31.241,31.89044,31.40064,30.23243,30.23243,28.30194,27.78489,27.78489,27.78489,26.0,25.29822,25.29822,22.56103,21.84033,20.22375,19.0263,19.0263,17.26268,18.68154,18.11077,18.11077,19.0263,16.27882,16.49242,14.86607,15.23155,14.31782,12.52996,12.08305,10.29563,11.18034,7.2111,5.83095,4.0,3.16228,3.0,1.41421,2.82843,5.38516,8.06226,10.44031,12.0,14.03567,17.02939,18.0,19.10497,17.26268,21.0238,21.09502,22.2036,23.08679,23.19483,24.18677,25.31798,24.18677,27.0,28.0,31.01612,31.01612,32.06244,33.0,35.12834,35.12834,36.22154,38.0,38.0,40.04997,40.0,41.04875,43.01163,47.04253,45.09989,46.0,47.04253,45.27693
13.41641,13.41641,12.08305,13.0,11.18034,11.18034,10.44031,9.48683,9.48683,9.21954,9.21954,9.05539,9.0,9.0,9.0,9.05539,9.05539,8.24621,8.24621,9.21954,8.24621,9.48683,8.544,9.84886,9.84886,10.29563,11.18034,11.18034,12.08305,11.18034,11.7047,11.7047,11.7047,11.40175,11.40175,11.40175,11.40175,11.18034,11.18034,11.04536,10.0,11.0,10.0,9.0,9.05539,8.06226,8.24621,8.544,7.61577,7.61577,6.7082,6.40312,78.03204,78.54935,76.05919,71.28113,72.20111,64.3506,67.1193,62.64982,62.6099,57.69749,55.54278,51.62364,56.30275,48.50773,46.69047,45.27693,47.38143,47.09565,43.01163,43.10452,46.57252,44.18144,45.22168,45.22168,46.57252,52.0,48.10405,53.22593,56.79789,59.5399,52.7731,60.41523,58.59181,64.4748,62.6099,65.55151,65.39113,62.39391,64.19502,62.93648,64.28841,61.18823,62.96825,60.53098,58.69412,58.13777,55.00909,54.00926,51.0098,51.08816,47.67599,48.6621,41.48494,42.15448,37.0,36.24914,36.05551,37.05401,36.87818,34.78505,38.8973,34.48188,32.20248,29.41088,27.80288,28.3196,26.1725,24.83948,21.63331,17.02939,15.55635,8.94427,8.48528,3.16228,4.12311,5.65685,6.40312,12.08305,18.24829,16.15549,25.4951,25.4951,25.96151,28.4605,30.8707,38.48376,40.8534,36.24914,46.23851,44.59821,47.01064,47.01064,51.47815,49.24429,51.26402,50.69517,61.35145,59.23681,61.09828,61.68468,69.26038,67.06713,74.04053,73.68175,69.64194,79.12016,81.34494,83.21658,85.70298,84.58132,84.17244,91.0,88.95504,88.54942
13.60147,12.80625,12.80625,12.20656,11.40175,11.40175,11.31371,10.63015,9.89949,9.21954,9.21954,9.21954,8.60233,9.43398,8.94427,8.94427,8.544,8.544,9.21954,9.21954,9.21954,9.05539,10.04988,10.04988,11.04536,10.04988,11.04536,12.04159,12.04159,12.04159,11.04536,12.16553,12.16553,11.40175,12.36932,12.36932,11.7047,11.7047,10.77033,10.77033,10.29563,10.29563,10.29563,9.43398,9.21954,8.60233,8.48528,8.48528,7.81025,7.2111,6.7082,6.7082,83.25863,82.29216,75.29276,74.70609,72.91776,68.88396,68.09552,63.28507,57.68882,52.69725,56.85948,54.03702,51.85557,51.66237,51.22499,46.66905,50.44799,45.48626,42.19005,47.16991,45.31004,44.77723,44.92215,46.84015,49.0306,49.81967,52.46904,57.70615,57.07013,57.14018,55.57877,58.21512,59.5399,57.42822,65.12296,61.18823,65.9242,64.13267,67.18631,63.60031,65.45991,62.24147,58.60034,59.9333,56.79789,61.40033,52.43091,56.30275,48.60041,48.16638,49.81967,43.27817,44.55334,41.40048,39.96248,38.07887,34.20526,40.22437,36.79674,36.87818,32.20248,34.1321,32.31099,29.96665,30.36445,28.63564,25.96151,22.36068,20.0,17.26268,12.04159,13.0384,7.07107,5.0,4.47214,6.08276,7.07107,13.45362,15.81139,20.24846,19.20937,26.1725,29.20616,27.78489,33.61547,39.40812,40.80441,38.07887,43.26662,43.60046,43.04649,51.86521,48.25971,53.82379,51.0392,54.91812,56.61272,55.60576,62.482,63.60031,65.60488,64.81512,74.02702,70.17834,77.62087,75.82216,84.02381,81.40025,84.6286,85.98256,85.98256,89.04493,81.8352,85.23497
14.42221,13.60147,12.80625,12.80625,11.40175,11.40175,11.31371,9.89949,9.89949,9.21954,9.21954,10.0,9.43398,8.94427,8.94427,9.48683,9.21954,9.48683,9.21954,10.19804,10.04988,10.0,10.0,11.0,12.0,12.0,12.04159,13.0,13.0,13.0,13.0,13.0384,13.0384,13.0384,13.0384,12.16553,12.36932,12.36932,11.40175,11.7047,10.77033,10.77033,10.77033,9.84886,9.43398,8.94427,8.60233,8.60233,7.81025,7.07107,6.40312,5.83095,85.79627,77.62087,80.05623,69.77822,68.02941,66.64083,66.48308,67.08204,58.59181,59.16925,53.41348,52.63079,50.9902,46.01087,48.27007,45.0,49.67897,46.40043,45.22168,45.65085,52.39275,46.09772,45.88028,46.8188,47.43416,49.33559,52.39275,51.47815,54.12947,56.0357,56.4358,64.28063,55.9017,64.38167,59.13544,58.24946,64.32729,66.94027,66.09841,64.84597,61.68468,61.09828,60.00833,61.7414,59.5063,55.4617,54.3783,52.15362,50.47772,45.60702,45.25483,43.86342,42.44997,37.64306,40.22437,38.58756,33.83785,39.62323,40.36087,36.05551,37.21559,34.17601,34.17601,27.65863,28.44293,31.14482,27.16616,24.02082,19.0,18.02776,17.0,10.19804,8.24621,9.0,4.24264,10.19804,8.24621,15.65248,18.38478,15.26434,22.47221,26.0,28.84441,29.06888,35.35534,36.24914,38.91015,36.23534,44.38468,43.38202,44.01136,48.75449,52.47857,48.37355,49.39636,54.12024,56.30275,61.77378,59.20304,65.45991,64.2028,69.06519,74.02702,73.00685,74.63243,79.61156,79.07591,78.77182,83.76157,92.28218,79.61156,90.04999,89.0,86.83317
15.0,13.60147,13.89244,13.0384,13.0384,10.81665,11.18034,10.29563,9.84886,10.77033,9.48683,9.48683,9.48683,9.21954,9.21954,10.0,9.0,9.0,8.06226,9.05539,9.21954,9.21954,10.19804,10.44031,10.44031,10.44031,11.7047,11.7047,11.7047,12.64911,11.40175,12.36932,12.36932,12.16553,12.16553,12.04159,12.04159,11.0,11.0,11.04536,11.04536,10.04988,10.04988,9.05539,9.21954,9.21954,8.544,8.544,8.06226,8.06226,7.2111,6.40312,84.72308,76.55064,76.02631,70.3278,72.20111,68.60029,63.63175,67.1193,57.69749,55.9464,57.24509,51.86521,53.45091,50.80354,50.0,46.52956,49.36598,45.0,47.0,50.15974,48.6621,46.38965,44.27189,45.54119,47.53946,49.0408,48.33218,48.37355,55.56978,56.4358,58.66856,61.77378,56.85948,63.50591,63.50591,63.97656,65.55151,66.48308,67.06713,62.64184,60.72891,59.77458,58.0517,62.0967,58.0517,59.21149,55.3263,56.0803,49.0,47.09565,45.27693,43.18565,42.2019,42.72002,41.10961,36.40055,34.98571,37.65634,41.0,37.69615,36.23534,34.05877,31.06445,31.14482,26.90725,29.0,22.2036,22.02272,22.2036,19.23538,14.76482,10.63015,8.06226,8.544,3.60555,7.2111,9.21954,14.86607,16.12452,21.37756,23.76973,26.41969,25.63201,35.34119,35.1141,37.16181,39.82462,39.35734,42.94182,46.52956,46.61545,51.88449,50.08992,47.42362,57.38467,54.42426,60.16644,62.39391,63.32456,65.9242,71.30919,67.23095,66.40783,72.44998,77.7946,76.844,81.9329,80.65358,90.13878,90.87354,86.33076,95.46203,89.44272,92.17917
13.41641,13.0,12.64911,12.64911,11.7047,11.7047,11.40175,10.44031,10.19804,9.21954,10.04988,9.05539,9.0,9.0,9.0,9.05539,9.21954,8.24621,8.24621,8.544,8.544,9.84886,8.94427,10.29563,11.18034,10.29563,10.29563,11.18034,12.08305,11.6619,11.18034,12.08305,12.08305,11.7047,11.7047,11.7047,11.40175,11.18034,11.04536,10.04988,10.04988,10.0,10.0,9.0,9.05539,9.05539,8.24621,8.24621,7.61577,7.61577,6.7082,7.2111,81.88406,78.39005,78.18568,75.29276,71.30919,65.29931,64.4748,65.39113,62.96825,54.70832,55.02727,49.72927,52.39275,50.9902,48.6621,43.0,50.15974,47.16991,43.01163,45.54119,48.08326,46.87217,47.53946,49.24429,46.8188,51.47815,51.07837,56.30275,55.22681,59.90826,53.7122,60.20797,60.41523,66.03787,63.81222,66.18912,64.40497,64.41273,64.62198,64.84597,60.44005,58.5235,65.0,60.44005,59.22837,59.66574,58.42089,54.58938,48.16638,49.0102,48.01042,46.04346,41.19466,40.79216,41.76123,39.0,36.71512,37.48333,35.90265,34.20526,35.8469,36.67424,35.60899,32.64966,31.82766,28.3196,22.67157,24.08319,21.93171,14.86607,13.45362,8.544,7.81025,7.81025,3.16228,7.07107,10.19804,13.0,14.14214,16.76305,24.35159,29.73214,25.96151,30.67572,33.24154,34.9285,38.62642,39.81206,46.09772,45.31004,46.23851,49.76947,48.33218,49.64877,55.71355,57.56735,59.90826,61.09828,61.13101,59.90826,66.21933,68.15424,70.21396,76.2168,74.04053,76.24303,85.44004,86.02325,85.72631,87.46428,86.33076,84.77028,90.47652,84.58132
12.72792,12.72792,12.04159,12.04159,11.31371,10.63015,10.0,9.43398,10.0,8.60233,9.43398,8.94427,7.61577,7.61577,7.28011,8.06226,8.06226,8.06226,8.0,8.0,8.0,9.05539,8.06226,9.05539,9.05539,10.19804,10.19804,10.19804,11.18034,11.18034,11.18034,11.04536,11.04536,11.04536,11.04536,11.04536,11.04536,10.04988,10.19804,10.19804,9.21954,9.21954,9.48683,8.544,8.544,7.61577,8.06226,7.2111,7.2111,7.07107,6.40312,5.83095,82.75869,75.66373,79.20859,68.68042,65.79514,65.06919,64.66065,65.43699,60.0,59.64059,54.20332,50.60632,47.88528,45.61798,45.69464,46.48656,47.80167,41.97618,43.93177,43.18565,47.0,44.04543,43.10452,48.25971,45.89118,47.26521,48.6621,56.08921,54.57105,57.87055,56.75385,58.5235,59.90826,58.94065,58.69412,65.9242,63.78871,65.30697,64.13267,62.39391,62.20129,58.0,57.03508,58.00862,55.03635,52.03845,55.3263,53.60037,46.84015,46.57252,45.88028,45.88028,43.38202,42.19005,41.23106,34.20526,33.30165,37.0,38.07887,34.1321,37.01351,35.4683,33.30165,32.64966,28.84441,28.01785,23.70654,22.84732,19.69772,20.12461,16.27882,10.63015,7.07107,3.16228,5.38516,7.2111,8.60233,11.18034,16.55295,18.35756,21.40093,27.01851,30.52868,32.80244,37.80212,37.53665,39.82462,38.01316,44.20407,43.18565,42.0119,46.09772,50.0,51.08816,53.25411,56.61272,57.68882,59.64059,63.63175,68.09552,65.73431,64.14047,74.94665,71.19691,72.71864,77.17513,81.27115,81.84131,85.23497,88.40814,84.59905,92.00543,90.42677,89.4986
13.60147,13.60147,12.80625,12.20656,11.40175,11.40175,10.63015,9.89949,9.89949,9.21954,9.21954,9.43398,9.43398,9.43398,9.43398,8.94427,9.48683,8.544,9.21954,9.21954,9.21954,9.05539,9.05539,10.04988,10.04988,11.04536,11.04536,11.04536,12.04159,12.04159,12.16553,12.16553,12.16553,12.16553,12.36932,11.40175,11.7047,10.77033,10.77033,11.18034,10.29563,10.29563,8.94427,9.43398,8.60233,8.60233,7.81025,8.48528,7.81025,7.81025,7.2111,5.83095,83.81527,75.69016,79.12016,70.83784,73.68175,69.37579,63.69458,68.942,55.15433,61.7414,55.9464,52.15362,54.70832,51.61395,52.80152,46.40043,55.22681,48.41487,47.50789,44.40721,51.86521,43.04649,47.85394,49.24429,47.53946,51.62364,48.38388,54.40588,56.32051,57.27128,58.24088,64.51356,57.97413,66.76077,58.18935,68.15424,63.56886,63.90618,66.18912,64.88451,60.41523,64.88451,61.05735,61.58734,62.80127,55.22681,59.4138,51.62364,53.75872,49.67897,48.9183,46.87217,43.01163,38.48376,39.81206,37.64306,35.51056,35.38361,42.2019,32.24903,37.69615,34.78505,34.48188,29.83287,31.257,30.26549,24.02082,23.08679,21.37756,16.03122,11.40175,8.24621,9.48683,9.21954,4.12311,5.38516,4.47214,10.63015,15.6205,17.49286,22.82542,31.40064,26.92582,27.20294,34.48188,36.67424,42.04759,38.48376,46.51881,42.54409,45.17743,46.06517,49.73932,48.76474,54.20332,57.3062,55.75841,60.90156,62.1289,68.42514,65.8635,71.56116,74.94665,72.67049,75.29276,76.00658,79.07591,81.88406,85.88364,93.0215,81.3941,96.17692,93.94147,83.7735
13.0,12.64911,12.64911,11.40175,11.40175,10.44031,10.19804,10.19804,10.19804,9.05539,9.05539,9.0,9.05539,9.05539,8.06226,9.48683,8.544,8.544,8.94427,8.94427,8.94427,9.43398,9.43398,10.0,10.81665,10.81665,10.81665,12.20656,12.20656,12.20656,11.6619,12.52996,12.52996,11.6619,12.08305,12.08305,11.7047,10.44031,10.44031,10.44031,10.19804,10.19804,10.19804,9.05539,9.05539,9.0,9.0,8.06226,8.06226,7.07107,6.32456,6.32456,77.38863,73.43024,77.82031,71.17584,70.68239,69.83552,64.88451,63.97656,57.77543,57.24509,55.54278,52.88667,53.75872,46.52956,49.49747,48.16638,48.04165,47.04253,46.17359,44.55334,50.96077,49.81967,45.54119,47.53946,46.95743,50.9902,49.64877,54.58938,55.22681,57.80138,54.3783,59.90826,58.83026,64.89992,58.82176,66.7308,65.29931,63.63175,59.94164,64.88451,60.74537,61.68468,58.82176,61.61169,57.28001,55.54278,56.51548,56.7186,54.14795,47.16991,48.16638,46.09772,42.10701,43.56604,38.32754,34.78505,36.23534,35.8469,37.12142,38.27532,38.01316,35.4683,34.82815,31.14482,30.41381,29.83287,25.05993,24.59675,18.78829,19.41649,13.0,13.60147,7.81025,6.32456,3.0,4.47214,6.40312,7.2111,14.56022,17.72005,19.72308,23.32381,29.06888,30.41381,35.51056,34.98571,38.91015,40.81666,41.04875,42.72002,41.18252,45.65085,46.95743,46.95743,52.7731,55.00909,57.27128,58.60034,59.61543,59.9333,65.55151,66.70832,69.37579,70.88018,77.16217,74.63243,78.79086,77.07788,84.69357,86.92526,83.25863,89.89438,87.66413,86.00581
13.15295,13.34166,12.36932,13.34166,11.40175,11.40175,10.44031,9.84886,9.84886,8.544,9.84886,8.94427,8.94427,8.60233,8.60233,9.21954,9.21954,8.48528,8.48528,9.21954,7.81025,9.43398,9.43398,9.43398,9.43398,10.29563,10.29563,10.81665,11.6619,11.6619,12.20656,11.40175,11.40175,11.40175,11.40175,11.31371,11.31371,10.63015,10.0,10.0,9.43398,10.29563,9.43398,9.43398,8.94427,8.544,8.24621,8.24621,7.07107,7.07107,7.0,6.08276,81.22192,78.02564,77.16217,71.02816,69.02898,66.0303,68.0,64.07027,62.07254,58.13777,52.61179,50.80354,58.0517,51.66237,46.32494,47.75982,49.24429,45.65085,46.51881,53.33854,47.01064,46.87217,44.82187,46.66905,47.42362,48.79549,55.9017,52.20153,58.79626,57.42822,58.79626,60.30755,57.38467,60.30755,60.959,64.38167,64.38167,65.06919,64.66065,64.81512,63.00794,62.68174,61.77378,58.83026,57.24509,59.05929,50.59644,56.64804,51.24451,48.38388,45.35416,44.91102,39.20459,42.0119,38.20995,37.85499,32.28002,38.60052,35.35534,36.24914,34.78505,35.69314,33.13608,29.27456,30.0,30.01666,25.31798,24.35159,18.43909,17.26268,12.04159,10.19804,9.05539,6.7082,3.16228,7.28011,9.21954,13.60147,16.15549,17.46425,23.76973,24.5153,29.96665,31.32092,30.36445,36.49658,41.0,39.62323,41.59327,46.52956,45.70558,50.63596,48.50773,49.0306,58.69412,53.60037,58.69412,62.36185,63.78871,61.13101,74.04053,68.68042,70.0928,67.44627,76.2168,80.52329,85.61542,81.78631,82.37718,87.47571,88.11924,93.55747,89.80535,89.94443
13.92839,13.0,12.08305,11.7047,12.08305,11.18034,11.18034,10.29563,10.29563,10.0,10.0,10.0,9.21954,9.21954,9.21954,10.0,8.60233,8.60233,8.94427,8.94427,9.84886,9.84886,9.84886,10.77033,10.77033,10.44031,11.40175,11.7047,11.7047,12.64911,11.7047,12.08305,12.08305,12.08305,12.52996,12.52996,11.6619,10.81665,10.81665,10.81665,10.63015,9.89949,10.63015,9.21954,9.21954,9.21954,8.60233,8.06226,8.06226,6.7082,6.32456,6.32456,86.14523,76.65507,77.27872,74.43118,73.97973,65.9242,66.4906,64.13267,62.8172,60.87693,57.87055,55.02727,55.71355,51.88449,51.89412,48.02083,49.81967,50.93133,43.93177,43.18565,52.3259,45.27693,46.32494,45.22168,47.88528,51.10773,49.64877,56.64804,53.66563,59.09315,54.626,63.56099,56.85948,64.40497,60.53924,63.50591,66.24198,67.1193,66.28725,62.96825,59.81639,59.20304,64.03124,63.03174,59.4138,54.45181,56.0803,53.90733,50.9902,47.63402,47.01064,47.16991,43.38202,39.92493,41.4367,37.65634,36.05551,38.47077,37.36308,33.24154,35.69314,34.0147,33.01515,32.06244,33.37664,28.63564,26.30589,19.69772,20.39608,14.31782,15.81139,9.48683,11.40175,4.0,5.09902,2.23607,7.07107,9.21954,16.15549,15.65248,20.88061,23.76973,31.04835,29.41088,33.54102,37.65634,39.29377,35.35534,45.35416,41.97618,41.0,46.09772,49.72927,51.1957,53.85165,52.81098,59.77458,61.03278,58.24088,65.14599,64.84597,68.30813,75.58439,73.08215,71.47027,78.18568,77.16217,80.77747,85.44004,89.73851,78.58753,84.89994,92.41753,82.9759
12.16553,11.18034,11.40175,11.40175,10.44031,10.19804,9.48683,9.48683,9.48683,8.94427,8.94427,8.60233,8.60233,7.81025,7.07107,8.48528,7.81025,7.81025,7.2111,8.06226,8.06226,8.94427,8.94427,8.94427,9.84886,9.84886,9.84886,10.77033,11.18034,10.77033,11.18034,11.18034,11.18034,10.81665,10.81665,11.40175,10.0,10.63015,9.89949,9.89949,9.21954,9.21954,9.21954,8.60233,8.06226,7.2111,7.61577,6.7082,6.32456,6.08276,6.08276,5.0,80.0,76.00658,73.24616,71.06335,71.02816,68.18358,62.20129,66.91039,59.5399,58.42089,56.08921,55.08176,55.36244,49.98,47.43416,45.18849,45.79301,51.0,47.43416,45.48626,51.08816,49.40648,48.79549,44.04543,48.9183,50.24938,56.0803,54.08327,56.0357,61.91123,55.22681,57.98276,58.83026,60.80296,62.20129,68.24954,65.0,66.70832,67.94115,60.1415,60.20797,63.25346,64.03124,61.6198,55.0,57.68882,55.22681,52.83938,48.75449,48.75449,44.59821,46.57252,41.23106,42.57934,36.49658,36.0,35.35534,38.01316,36.24914,38.32754,35.69314,36.12478,33.0,34.0147,33.37664,26.68333,27.20294,20.88061,20.24846,20.24846,13.41641,12.52996,9.21954,9.05539,4.12311,7.0,8.94427,8.94427,12.64911,18.68154,22.56103,26.92582,25.4951,28.16026,29.15476,33.24154,39.31921,33.24154,39.45884,45.04442,43.41659,50.24938,50.35871,50.35871,51.47815,54.57105,58.46366,58.94065,61.84658,62.58594,68.41053,67.18631,70.83078,71.58911,73.00685,73.00685,82.46211,84.64632,83.54639,90.42677,86.70063,83.86298,87.13208,88.14193
12.16553,12.36932,11.7047,11.40175,10.44031,10.44031,9.84886,8.94427,8.94427,8.94427,9.43398,9.21954,8.60233,8.48528,7.81025,9.21954,8.60233,8.60233,8.60233,8.94427,8.94427,9.84886,8.94427,9.84886,10.77033,10.77033,10.77033,11.18034,11.7047,11.7047,11.18034,11.18034,11.18034,10.81665,11.6619,10.81665,11.40175,10.63015,10.63015,9.21954,9.21954,9.89949,9.21954,8.48528,8.60233,7.81025,7.2111,7.2111,6.7082,6.32456,6.08276,5.09902,79.9062,78.26238,76.15773,72.36712,71.56815,68.24954,65.80274,65.25335,61.68468,59.13544,56.30275,50.9902,55.03635,51.47815,49.73932,49.64877,49.67897,48.83646,47.20169,45.96738,49.67897,46.40043,47.16991,48.60041,51.0,51.31277,54.56189,57.00877,57.38467,58.18935,57.38467,59.5063,59.09315,62.76942,59.61543,63.50591,63.50591,65.76473,65.45991,61.29437,63.82006,61.22091,61.61169,62.00806,55.86591,54.45181,53.74012,56.0803,49.20366,48.54894,46.87217,48.76474,43.08132,39.21734,39.29377,36.40055,32.24903,37.20215,36.23534,34.43835,35.44009,32.01562,38.0526,28.07134,30.06659,30.01666,26.07681,26.4764,21.37756,19.92486,14.56022,8.0,11.18034,5.0,2.0,5.0,8.94427,9.05539,15.0,18.02776,22.47221,24.69818,26.40076,31.04835,30.36445,35.17101,39.56008,38.32754,42.72002,44.14748,43.9659,45.88028,46.57252,53.45091,55.15433,53.7122,55.36244,58.87274,65.9242,62.64982,68.54196,66.70832,64.4748,70.68239,77.07788,78.0,79.70571,84.69357,82.8553,87.31552,84.11896,87.46428,87.92042,85.3815
12.80625,12.04159,12.04159,12.04159,10.63015,10.63015,10.63015,10.63015,10.0,9.21954,10.0,9.43398,9.43398,8.94427,8.94427,9.48683,9.21954,8.544,8.24621,9.05539,9.05539,10.04988,10.04988,10.04988,11.04536,11.0,11.04536,12.04159,12.04159,12.04159,11.04536,12.16553,12.16553,11.18034,12.36932,11.40175,11.7047,10.77033,10.77033,9.84886,10.29563,9.43398,9.43398,8.06226,8.60233,8.60233,7.81025,7.07107,6.40312,6.40312,5.83095,5.38516,80.80223,79.32213,78.87332,78.60025,69.40461,67.80118,71.8401,67.62396,64.44377,59.4138,58.69412,52.3259,55.97321,54.56189,51.40039,50.60632,55.9464,49.24429,46.52956,47.01064,50.96077,46.84015,46.52956,50.63596,47.38143,51.35173,51.08816,54.00926,53.15073,60.07495,58.03447,63.03174,57.42822,66.0,62.00806,70.03571,71.44928,66.91039,63.78871,60.63827,63.78871,66.09841,62.03225,62.62587,60.00833,57.70615,54.58938,54.626,50.21952,46.40043,47.80167,42.52058,42.52058,41.7732,35.60899,38.91015,31.76476,36.89173,34.20526,36.12478,36.79674,34.05877,33.83785,31.06445,26.40076,26.83282,24.59675,22.13594,17.46425,17.08801,13.92839,10.04988,8.94427,6.40312,6.08276,6.40312,5.65685,11.40175,14.86607,19.20937,23.43075,24.75884,28.30194,30.41381,34.20526,36.79674,40.60788,41.10961,42.52058,42.80187,43.18565,49.49747,48.08326,50.9902,51.62364,50.9902,55.17246,58.69412,58.72819,60.82763,70.00714,68.68042,67.62396,70.60453,73.87828,74.33034,82.03658,80.72174,82.807,89.09545,82.07314,86.4523,89.93887,87.11487
12.80625,12.20656,11.6619,12.20656,10.81665,10.81665,10.29563,10.29563,8.94427,8.94427,8.94427,9.48683,8.24621,8.24621,8.24621,9.0,9.0,8.0,8.06226,9.21954,9.05539,9.21954,9.21954,10.44031,10.19804,10.44031,11.40175,11.40175,12.36932,11.40175,12.36932,12.36932,12.16553,11.04536,11.18034,11.04536,11.0,11.04536,10.04988,10.04988,9.05539,10.19804,9.21954,8.24621,8.24621,8.24621,7.61577,6.7082,5.83095,6.40312,5.65685,5.0,84.85281,82.807,75.28612,77.83315,76.41989,66.48308,66.70832,62.36986,62.482,56.0803,53.85165,53.25411,55.07268,55.47071,49.39636,50.56679,48.38388,48.76474,44.38468,48.27007,48.16638,48.16638,49.09175,52.0,50.01,54.00926,51.97115,52.95281,55.9017,63.78871,54.74486,59.03389,63.15061,61.0,64.93843,66.18912,67.60178,66.27217,66.0303,66.1211,65.0,63.1981,62.514,58.54912,56.4358,58.0517,55.08176,55.7853,47.43416,48.10405,48.10405,44.77723,43.38202,38.41875,36.23534,30.41381,30.4795,38.48376,36.35932,37.20215,36.76955,34.20526,32.20248,29.68164,29.15476,30.41381,26.83282,23.4094,18.38478,21.58703,16.40122,11.18034,9.21954,7.07107,6.08276,7.07107,8.544,10.0,14.14214,18.43909,22.2036,24.75884,26.1725,30.41381,32.64966,37.01351,37.64306,39.62323,42.42641,43.13931,46.69047,44.68781,46.75468,50.91169,55.31727,56.40035,57.80138,55.22681,64.89992,65.29931,68.60029,60.80296,73.24616,73.00685,76.00658,76.00658,82.20097,83.86895,85.44589,87.61849,85.27602,91.67879,88.86507,90.55385
13.41641,13.0,12.08305,12.08305,10.77033,10.77033,10.44031,10.44031,10.19804,9.21954,9.21954,9.05539,9.05539,9.0,8.0,9.05539,8.24621,8.24621,8.544,8.544,8.544,8.94427,8.94427,9.43398,9.43398,10.29563,10.81665,11.18034,11.18034,11.6619,11.18034,11.18034,11.18034,10.77033,10.77033,10.77033,11.40175,10.19804,10.19804,10.19804,9.05539,9.0,9.0,8.0,8.0,8.06226,8.06226,7.28011,7.28011,6.7082,6.7082,5.0,82.46211,79.20227,78.77182,76.32169,73.73602,71.69379,66.76077,68.00735,60.44005,62.62587,57.97413,57.07013,54.74486,51.78803,51.62364,52.00961,53.03772,49.0,48.37355,48.27007,51.5461,48.08326,49.98,48.8467,50.69517,53.31041,51.97115,55.56978,57.69749,59.64059,57.70615,63.81222,61.40033,66.88797,66.28725,63.50591,65.74192,65.0,64.88451,59.80803,61.03278,63.78871,59.20304,63.06346,54.34151,56.7186,55.3263,55.3263,53.08484,47.04253,46.17359,43.04649,40.79216,38.60052,42.44997,36.24914,36.71512,37.12142,34.52535,36.87818,35.44009,34.17601,33.54102,30.52868,26.92582,28.01785,25.23886,22.62742,19.41649,17.20465,12.04159,8.60233,7.2111,7.28011,7.07107,7.81025,10.44031,15.0,17.08801,17.08801,23.76973,24.59675,30.36445,30.36445,37.0,39.92493,42.15448,38.62642,46.8188,46.48656,48.08326,48.70318,49.33559,54.40588,52.49762,56.04463,59.22837,59.90826,67.44627,65.80274,69.857,67.91171,69.05071,72.36712,76.79193,73.5459,82.96987,87.32125,85.37564,90.24965,82.86133,88.60023,89.81091,86.33076
14.21267,13.60147,13.0384,12.80625,13.0384,11.40175,11.6619,10.29563,11.6619,9.84886,9.84886,10.77033,9.48683,9.48683,9.48683,10.19804,9.05539,9.05539,9.0,10.0,9.0,10.04988,9.0,10.04988,11.04536,11.18034,11.18034,12.04159,12.04159,12.16553,12.04159,12.04159,12.0,12.0,12.0,12.04159,12.04159,11.18034,11.18034,11.18034,10.44031,10.44031,9.48683,9.48683,8.94427,8.94427,8.60233,8.60233,7.81025,7.81025,7.07107,6.40312,85.63294,77.10383,76.05919,73.24616,64.81512,67.00746,67.47592,71.40028,59.64059,59.20304,53.82379,55.4617,53.23533,49.65884,49.65884,50.96077,51.41984,49.47727,47.29693,47.51842,53.03772,48.16638,47.04253,48.09366,48.09366,53.08484,51.24451,54.91812,56.08921,58.24088,55.54278,59.84146,58.0517,65.76473,57.97413,66.18912,65.49046,60.29925,64.03124,66.06815,62.07254,59.03389,59.13544,61.29437,58.69412,54.58938,55.10898,52.63079,48.76474,47.92703,48.10405,45.18849,46.64762,43.56604,40.80441,37.53665,33.30165,33.37664,38.27532,31.76476,35.51056,31.62278,29.06888,30.41381,26.24881,26.40076,21.63331,18.86796,15.6205,14.31782,13.45362,7.2111,8.48528,4.12311,5.38516,4.47214,10.81665,9.0,15.23155,15.23155,24.04163,26.40076,27.73085,32.75668,33.28663,31.62278,38.07887,40.22437,45.48626,43.01163,42.80187,47.80167,46.04346,52.47857,51.42956,55.56978,57.70615,56.93856,58.59181,64.00781,66.18912,68.42514,62.26556,68.96376,72.91776,78.26238,76.66159,81.9878,80.26207,85.75547,80.1561,86.60831,90.04999,87.09191
12.20656,12.20656,11.40175,11.40175,10.0,10.0,9.21954,8.48528,8.48528,8.48528,7.81025,8.60233,8.60233,8.06226,8.06226,7.61577,7.28011,7.61577,8.24621,8.24621,8.06226,9.05539,9.05539,9.05539,9.05539,10.0,10.0,10.04988,11.04536,11.0,10.04988,11.18034,11.18034,10.19804,10.44031,10.44031,10.44031,9.84886,9.84886,8.94427,8.94427,9.43398,8.06226,8.06226,7.81025,7.81025,7.07107,6.40312,6.40312,5.83095,5.83095,4.47214,80.45496,78.23043,74.63243,76.8505,74.09453,65.45991,64.81512,61.22091,61.07373,59.03389,53.90733,51.62364,53.74012,49.67897,53.07542,48.01042,51.0392,49.73932,46.95743,48.8467,50.32892,48.08326,47.53946,44.55334,49.81967,54.12947,52.23983,55.08176,55.22681,60.07495,57.42822,60.13319,62.28965,62.28965,63.28507,61.98387,65.27634,62.96825,65.30697,61.18823,63.06346,63.24555,60.16644,60.16644,52.80152,60.83584,49.64877,52.47857,46.64762,45.60702,45.48626,44.04543,41.01219,38.28838,35.80503,35.8469,36.40055,37.73592,34.1321,35.4683,32.64966,32.64966,31.38471,29.96665,28.17801,25.29822,24.04163,21.58703,21.84033,19.31321,15.52417,11.40175,10.29563,7.07107,4.47214,5.38516,10.0,10.0,12.72792,20.61553,22.62742,22.67157,25.45584,30.80584,30.4795,37.64306,37.44329,34.82815,45.22168,42.2019,42.0119,47.63402,51.85557,49.57822,50.24938,51.73973,60.10824,54.48853,60.82763,60.87693,66.48308,62.96825,71.42129,68.68042,72.13876,77.10383,83.63014,83.48653,86.37129,82.32861,83.63014,86.21485,90.13878,87.61849
13.60147,12.64911,13.0,12.64911,11.7047,10.77033,11.18034,10.77033,9.84886,9.43398,10.0,9.89949,9.89949,9.21954,8.48528,10.0,8.60233,10.0,9.43398,9.43398,9.43398,10.29563,9.84886,10.77033,10.77033,10.77033,12.08305,12.08305,12.08305,13.0,12.08305,12.52996,12.52996,12.20656,12.20656,12.20656,12.20656,11.40175,10.63015,10.63015,9.89949,9.89949,9.89949,9.21954,8.60233,8.06226,8.06226,7.61577,7.61577,6.32456,6.32456,6.08276,84.40379,80.52329,79.40403,73.76313,71.06335,68.15424,63.32456,68.62215,58.69412,58.82176,59.03389,55.9017,58.13777,50.53712,50.77401,51.31277,53.2635,49.81967,48.83646,48.10405,53.2635,49.0408,49.92995,48.8774,51.10773,50.08992,54.58938,54.42426,56.46238,61.35145,56.46238,61.32699,57.80138,63.97656,66.64083,63.63175,68.0,64.41273,69.33974,61.85467,61.03278,62.36986,60.82763,60.1415,54.48853,55.17246,53.07542,52.49762,48.41487,49.92995,43.82921,47.50789,44.38468,37.69615,34.20526,34.20526,35.0,35.60899,33.28663,32.64966,33.54102,32.89377,29.42788,28.63564,29.01724,28.0,25.07987,24.33105,20.02498,16.0,16.27882,12.0,9.21954,5.83095,5.65685,2.23607,7.07107,8.60233,15.65248,18.97367,19.69772,24.69818,28.63564,30.80584,36.76955,34.48188,40.71855,38.60052,44.27189,45.88028,44.27189,47.43416,49.0408,49.24429,53.85165,54.23099,58.60034,56.85948,61.29437,59.09315,68.02941,63.06346,72.20111,68.60029,68.8767,78.71467,81.939,82.8553,82.46211,84.30896,82.34683,89.88882,86.72946,89.49302
12.36932,11.40175,11.40175,11.40175,10.44031,10.44031,9.84886,9.84886,9.84886,8.94427,8.94427,8.60233,8.60233,7.81025,7.81025,9.21954,7.81025,7.81025,8.06226,8.06226,8.06226,8.94427,8.94427,9.48683,9.84886,9.84886,10.77033,10.77033,10.77033,10.77033,10.77033,11.18034,11.18034,10.29563,10.29563,10.81665,10.0,10.0,9.21954,9.21954,9.21954,8.48528,8.48528,7.81025,7.81025,7.2111,6.7082,6.7082,6.7082,6.32456,5.09902,5.0,78.58753,74.72617,73.37575,69.28925,72.23573,64.19502,61.40033,68.00735,60.53924,61.26989,57.24509,53.7122,56.30275,55.0,50.47772,47.42362,50.91169,44.68781,45.45327,46.09772,50.21952,45.22168,43.46263,48.75449,48.75449,50.69517,53.48832,53.16014,53.48832,59.20304,58.18935,60.16644,57.24509,61.98387,58.24088,63.56886,62.93648,64.19502,63.32456,61.32699,58.59181,60.03332,59.16925,57.98276,53.53504,55.47071,50.91169,51.73973,45.96738,48.08326,43.18565,42.42641,38.41875,39.20459,38.47077,34.78505,32.01562,35.8469,35.34119,32.89377,33.54102,28.44293,29.01724,30.01666,28.16026,27.0,24.73863,19.10497,16.12452,12.16553,15.0333,12.04159,7.07107,7.61577,7.07107,8.24621,7.07107,11.7047,16.55295,18.24829,24.73863,22.80351,27.51363,26.92582,32.38827,33.37664,39.29377,36.67424,45.60702,41.23106,42.95346,44.91102,47.29693,47.75982,49.72927,52.49762,56.0803,55.97321,60.16644,64.2573,65.55151,63.15853,69.83552,67.62396,72.01389,75.591,77.38863,79.70571,83.9345,84.69357,80.65358,86.33076,84.8646,86.72946
12.52996,12.08305,12.08305,12.08305,11.7047,10.77033,10.44031,9.48683,10.19804,9.21954,9.21954,9.05539,9.05539,8.0,8.0,9.05539,8.06226,8.06226,8.24621,9.21954,9.48683,9.48683,9.48683,9.84886,10.77033,10.29563,11.18034,10.77033,12.08305,12.08305,10.77033,11.7047,11.7047,11.40175,11.40175,11.18034,11.18034,10.04988,10.04988,10.0,10.0,9.0,9.05539,8.06226,8.06226,7.07107,7.28011,6.32456,6.7082,5.83095,5.65685,5.0,82.76473,78.54935,79.60528,73.82412,72.94518,68.42514,63.15853,64.4748,59.9333,63.07139,58.24088,55.15433,54.81788,56.08921,54.34151,51.47815,54.14795,47.16991,48.0,47.09565,49.0306,47.26521,48.05206,50.21952,52.55473,51.66237,50.0,53.45091,56.30275,59.5063,60.16644,63.69458,58.5235,66.21178,62.76942,66.09841,63.32456,65.52099,69.857,62.8172,64.49806,63.28507,60.20797,61.07373,53.03772,55.0,51.15662,50.01,52.34501,47.38143,47.51842,42.57934,40.80441,39.44617,35.35534,35.51056,34.82815,35.12834,34.36568,34.71311,31.62278,30.88689,28.01785,27.45906,26.40076,25.0,24.04163,21.26029,19.84943,19.10497,13.60147,7.2111,7.81025,7.07107,6.32456,5.83095,10.44031,15.26434,15.23155,18.02776,23.32381,27.51363,27.20294,28.6531,34.17601,35.77709,40.71855,39.35734,43.04649,47.01064,43.82921,49.39636,50.53712,47.53946,51.62364,55.15433,58.82176,58.5235,64.56005,65.0,66.12866,66.09841,71.51224,69.26038,73.68175,78.44743,80.32434,78.18568,84.30896,85.0,83.57033,91.7878,89.0,87.46428
12.52996,12.52996,12.20656,11.6619,11.6619,10.81665,11.40175,10.63015,10.0,9.89949,9.89949,9.21954,9.21954,8.60233,8.60233,8.94427,8.94427,8.94427,9.48683,9.48683,9.48683,9.21954,9.21954,10.19804,11.18034,11.18034,11.18034,12.16553,12.16553,12.16553,11.40175,12.36932,12.36932,11.7047,11.7047,11.7047,12.08305,11.18034,10.29563,10.29563,10.0,10.0,9.43398,8.60233,9.21954,7.81025,7.81025,7.81025,7.2111,6.40312,5.83095,5.38516,82.1523,79.40403,79.76215,71.70077,75.95393,63.78871,66.28725,66.48308,65.80274,58.5235,57.38467,58.18935,58.82176,54.08327,53.66563,53.53504,53.53504,51.0392,49.09175,51.66237,51.62364,50.20956,48.9183,51.85557,54.40588,53.60037,53.82379,58.13777,58.59181,63.52952,56.82429,62.6099,61.91123,63.95311,63.06346,65.51336,65.36819,64.14047,65.80274,66.4003,66.6033,64.53681,60.10824,59.5483,56.58622,57.31492,51.73973,56.85068,50.21952,48.25971,44.77723,42.95346,40.24922,43.01163,38.60052,38.07887,29.06888,38.27532,32.89377,33.73426,34.0147,32.01562,28.28427,31.57531,27.65863,27.89265,26.24881,19.72308,17.46425,15.52417,13.15295,11.40175,9.21954,5.09902,7.81025,8.0,9.21954,11.04536,17.11724,21.2132,21.18962,26.4764,26.4764,30.01666,33.13608,39.05125,39.20459,37.21559,43.10452,44.10215,44.01136,50.08992,49.36598,51.35173,52.17279,53.46027,57.97413,58.24946,65.25335,65.30697,70.40597,64.28841,66.7308,67.91171,75.28612,74.2159,85.37564,82.0061,83.95237,86.34813,87.86353,92.96236,90.60905,89.94443
13.60147,12.64911,13.0,12.64911,12.64911,11.7047,11.18034,11.18034,11.18034,10.29563,10.29563,10.0,10.0,9.21954,9.21954,9.89949,9.89949,9.21954,10.0,9.43398,9.43398,10.29563,9.43398,11.18034,11.18034,11.18034,12.08305,11.6619,12.52996,12.52996,11.6619,12.20656,12.20656,12.20656,12.20656,12.04159,12.04159,11.31371,10.63015,10.63015,10.63015,10.0,10.0,9.43398,9.43398,8.06226,8.94427,7.61577,7.28011,7.28011,7.07107,6.0,82.20097,77.52419,80.77747,74.8131,72.53275,70.83078,70.61161,68.65858,65.14599,61.13101,60.40695,57.24509,64.07808,55.00909,56.36488,53.85165,57.80138,52.20153,47.80167,52.40229,53.07542,47.42362,53.41348,50.47772,50.60632,57.2014,54.08327,56.0803,60.20797,61.26989,57.70615,65.51336,61.58734,64.66065,61.91123,62.42596,66.85058,67.41662,65.60488,63.78087,63.03174,64.38167,62.96825,60.82763,59.20304,58.25805,53.53504,54.70832,49.39636,49.73932,47.41308,48.8467,39.81206,39.56008,37.85499,37.33631,31.01612,37.20215,34.0147,35.1141,30.08322,28.16026,31.57531,27.01851,25.0,25.17936,25.01999,17.26268,19.41649,15.0,13.0384,11.04536,6.0,5.0,4.12311,5.09902,12.08305,16.03122,17.46425,17.0,21.18962,25.94224,30.36445,32.89377,33.24154,34.20526,40.02499,37.64306,43.41659,44.27189,41.97618,47.80167,48.10405,49.33559,55.02727,52.20153,58.24088,61.68468,62.29767,63.32456,66.7308,64.2573,69.83552,68.35203,72.23573,76.6942,78.18568,81.27115,81.15417,86.68333,85.70298,90.44335,87.93179,89.73851
14.31782,13.41641,13.89244,12.52996,12.52996,11.18034,11.6619,10.81665,11.40175,10.63015,10.63015,10.63015,9.89949,10.0,9.21954,10.0,9.43398,10.29563,9.84886,9.84886,9.84886,10.77033,10.77033,11.40175,11.7047,11.40175,11.40175,12.36932,12.36932,12.36932,11.7047,12.64911,12.64911,13.0,13.0,12.08305,12.52996,11.6619,10.81665,10.81665,10.81665,10.0,10.0,10.0,9.89949,8.48528,9.21954,8.60233,7.81025,7.2111,7.61577,6.32456,80.52329,80.36168,75.96052,73.38937,74.32362,70.93659,70.77429,63.56099,62.64982,58.13777,57.70615,58.66856,57.14018,56.61272,54.70832,50.32892,56.56854,52.40229,45.34314,52.00961,52.47857,48.54894,46.09772,46.09772,49.65884,54.70832,57.93962,55.36244,55.65968,57.27128,57.72348,59.46427,62.64184,63.32456,63.56886,64.62198,63.56886,65.55151,66.21178,61.7171,63.50591,61.05735,59.94164,59.64059,56.61272,59.03389,50.32892,52.40229,49.51767,45.27693,47.50789,46.40043,41.40048,42.54409,38.94868,34.17601,33.95585,36.61967,32.24903,32.75668,32.57299,28.86174,26.1725,26.30589,23.0,23.02173,25.0,18.24829,14.0,14.03567,11.04536,8.544,6.0,4.24264,5.09902,9.21954,9.48683,10.19804,16.27882,19.69772,22.80351,26.92582,28.17801,30.80584,31.95309,32.98485,39.84972,36.13862,43.01163,40.80441,43.68066,45.22168,45.22168,50.56679,52.55473,49.76947,57.27128,57.70615,60.92618,61.84658,65.74192,63.13478,63.15853,66.70832,74.09453,73.3553,78.77182,78.29432,82.36504,82.76473,83.67198,91.67879,86.16264,83.38465
14.31782,13.41641,13.89244,13.41641,12.52996,12.52996,11.6619,10.81665,11.40175,10.0,11.40175,10.63015,9.89949,9.89949,9.21954,10.0,9.43398,10.29563,10.29563,9.84886,9.84886,10.77033,10.77033,10.77033,11.7047,11.7047,11.7047,12.64911,12.64911,12.64911,12.08305,13.0,12.08305,12.08305,12.08305,12.52996,12.20656,11.40175,11.40175,11.40175,10.63015,9.89949,10.63015,9.89949,9.89949,9.21954,8.60233,8.60233,8.06226,7.61577,7.28011,6.32456,80.49845,78.26238,79.75588,70.83078,73.78347,66.64833,66.7308,65.73431,64.07027,61.29437,59.66574,58.41233,57.28001,54.56189,51.62364,53.2635,51.22499,51.0392,49.92995,51.47815,51.47815,51.88449,46.8188,50.0,48.08326,48.05206,50.9902,57.87055,55.10898,58.42089,56.32051,58.85576,58.69412,62.80127,62.64982,61.61169,69.12308,67.08204,68.30813,61.03278,62.29767,62.64982,60.16644,56.79789,53.7122,58.18075,58.5235,55.21775,49.40648,46.2277,45.25483,45.27693,42.44997,38.27532,36.89173,36.24914,31.7805,31.89044,32.01562,31.90611,32.24903,31.38471,28.17801,25.0,24.04163,25.0,21.0238,17.02939,15.13275,13.34166,11.04536,7.28011,5.38516,4.24264,5.09902,8.0,11.18034,10.63015,14.76482,21.09502,24.41311,25.6125,28.01785,27.29469,32.75668,34.9285,41.04875,36.76955,43.38202,43.82921,43.56604,44.65423,45.48626,47.16991,52.15362,55.22681,59.66574,53.41348,59.90826,64.63745,67.42403,63.41136,70.83784,68.11755,73.75636,76.6942,84.20214,85.0,80.91971,83.23461,83.00602,89.30845,87.09191,87.32125
14.76482,13.89244,13.60147,13.0384,13.0384,11.6619,11.40175,10.63015,10.63015,10.63015,11.31371,10.63015,10.63015,10.0,10.0,10.29563,9.84886,10.29563,9.84886,10.44031,10.44031,10.44031,10.44031,11.40175,11.40175,11.18034,12.16553,12.36932,12.36932,12.36932,12.64911,12.64911,12.36932,12.64911,12.64911,13.0,12.52996,11.6619,10.81665,10.81665,10.81665,10.81665,10.0,9.21954,9.21954,8.48528,8.48528,8.60233,8.60233,7.2111,7.61577,6.32456,87.46428,75.89466,74.68601,72.44998,73.92564,69.77822,65.9242,68.42514,62.17717,61.77378,57.80138,53.82379,56.61272,51.22499,52.43091,50.20956,52.34501,49.67897,49.67897,47.20169,52.15362,50.24938,48.10405,52.92447,49.76947,50.53712,52.20153,55.36244,57.28001,61.84658,59.20304,62.36185,61.46544,63.56886,57.97413,67.35726,64.51356,66.40783,60.83584,67.1193,58.18075,59.5399,63.28507,57.45433,58.60034,55.0,53.15073,53.8145,48.08326,46.69047,44.55334,45.25483,41.23106,42.04759,39.39543,35.34119,33.73426,32.52691,32.20248,32.75668,33.10589,31.30495,26.24881,28.86174,26.4764,23.34524,22.09072,19.23538,19.41649,13.0384,11.04536,10.04988,7.0,5.38516,4.47214,8.06226,9.43398,13.89244,18.60108,21.47091,24.18677,28.6531,29.15476,29.96665,34.0147,37.16181,38.91015,39.39543,43.65776,44.94441,45.17743,47.92703,48.33218,45.27693,54.12024,51.97115,55.9464,56.93856,59.48109,63.63175,63.51378,66.88797,70.29225,66.85058,71.40028,77.66595,75.80237,79.17702,85.75547,86.76405,80.77747,86.33076,89.55445,90.80198
13.0384,13.0384,12.0,12.04159,11.04536,11.0,11.0,10.04988,10.04988,9.05539,9.21954,9.21954,9.21954,8.544,8.544,8.94427,8.60233,8.06226,8.60233,8.60233,8.60233,9.21954,8.48528,9.89949,9.89949,9.89949,10.63015,11.31371,11.31371,10.63015,11.31371,10.63015,10.63015,10.63015,11.40175,10.0,10.81665,10.29563,9.43398,9.84886,8.544,9.48683,8.544,8.544,8.24621,7.07107,7.07107,7.0,6.0,6.08276,6.08276,5.38516,39.56008,39.92493,38.8973,35.4683,37.94733,31.62278,33.83785,32.31099,29.83287,28.63564,29.61419,26.4764,29.42788,25.07987,25.01999,24.0,25.01999,25.31798,22.2036,23.5372,24.04163,22.80351,22.47221,24.69818,23.25941,25.4951,25.55386,27.45906,25.80698,28.6007,27.20294,27.45906,27.78489,30.23243,31.62278,29.96665,32.64966,31.30495,31.38471,29.73214,29.54657,29.73214,29.12044,30.80584,27.45906,26.4764,25.4951,25.17936,22.09072,24.02082,22.2036,22.09072,20.22375,19.92486,18.68154,18.35756,16.12452,16.12452,16.03122,17.11724,15.81139,16.15549,13.0,13.89244,12.52996,13.41641,11.18034,9.43398,7.07107,8.06226,5.0,5.0,3.16228,3.0,2.82843,3.60555,5.83095,6.32456,9.48683,12.36932,13.15295,13.92839,15.29706,16.49242,18.68154,18.38478,21.18962,19.69772,22.47221,23.76973,22.13594,23.76973,25.29822,25.29822,26.92582,26.92582,30.36445,29.83287,29.83287,32.75668,33.54102,32.38827,33.06055,36.87818,36.49658,39.81206,41.76123,40.60788,43.73786,45.35416,41.48494,45.12206,44.38468,44.64303
13.0384,12.20656,12.20656,12.20656,10.81665,10.81665,10.63015,9.21954,9.89949,8.48528,9.21954,8.48528,8.60233,8.60233,8.06226,8.94427,8.544,8.544,8.544,9.21954,9.21954,9.21954,9.21954,9.21954,10.19804,10.04988,10.04988,11.04536,11.18034,11.04536,11.18034,11.18034,11.18034,11.40175,10.44031,10.77033,10.77033,10.29563,9.43398,10.29563,9.43398,9.43398,8.60233,7.81025,7.81025,7.81025,7.07107,7.07107,5.83095,5.83095,5.38516,5.09902,85.79627,77.62087,74.43118,69.83552,71.34424,68.42514,63.07139,68.47627,59.68249,57.68882,56.40035,57.00877,57.00877,54.67175,52.40229,52.80152,54.48853,45.22168,46.61545,46.52956,52.39275,50.08992,47.43416,49.0306,51.1957,44.38468,51.66237,57.87055,55.57877,58.54912,53.75872,59.3043,60.40695,60.53098,58.0517,65.0,66.4906,64.13267,67.05222,61.68468,58.18935,62.76942,59.23681,56.85948,55.9464,53.23533,54.70832,49.64877,51.31277,45.0,44.82187,46.2277,41.03657,35.60899,38.27532,32.64966,31.62278,31.241,34.1321,32.24903,34.0147,28.79236,29.42788,25.0,26.1725,25.31798,22.0,19.0263,18.02776,16.03122,12.0,9.21954,6.32456,7.81025,6.08276,7.28011,14.31782,14.31782,17.46425,19.72308,24.59675,25.05993,29.54657,30.8707,33.10589,35.4683,44.77723,39.56008,45.31004,44.28318,47.01064,47.01064,50.53712,50.15974,53.23533,51.47815,56.4358,57.70615,61.05735,63.63175,64.14047,69.06519,62.42596,71.28113,74.06079,75.80237,79.32213,82.37718,81.84131,86.95401,81.12336,92.17917,87.81799,88.19297
9.84886,14.56022,14.56022,10.04988,9.21954,11.6619,12.64911,10.19804,9.48683,8.24621,10.77033,9.48683,8.24621,9.21954,8.544,9.21954,8.544,9.48683,9.21954,8.24621,7.61577,9.84886,11.18034,9.05539,7.61577,10.81665,11.18034,8.24621,11.31371,12.04159,10.77033,10.0,6.7082,14.76482,12.04159,10.63015,3.60555,8.06226,13.34166,10.81665,8.24621,8.06226,9.21954,10.04988,7.07107,6.08276,5.65685,7.81025,6.40312,5.0,4.24264,4.47214,82.0,69.46222,71.17584,74.1485,67.60178,94.25497,101.31634,84.21401,66.00758,65.62012,44.38468,66.91039,39.0,44.64303,49.64877,49.64877,48.70318,52.55473,44.72136,44.01136,54.08327,49.1935,47.70744,61.85467,40.45986,51.73973,42.2019,41.23106,64.66065,66.6033,62.6099,73.92564,68.00735,35.17101,45.65085,54.12024,55.00909,80.05623,70.00714,69.07966,84.31489,79.30952,51.0392,66.21933,64.7611,79.40403,26.90725,29.06888,35.35534,45.01111,49.64877,38.32754,32.55764,41.0,32.89377,32.55764,32.69557,30.61046,33.54102,31.7805,28.4605,26.4764,23.02173,25.01999,24.08319,23.19483,20.0,18.68154,14.14214,15.29706,10.29563,10.04988,8.06226,4.12311,2.23607,6.32456,11.40175,13.0384,17.26268,18.02776,24.04163,23.34524,28.44293,29.83287,38.11824,29.61419,39.45884,36.87818,43.10452,43.18565,42.42641,46.27094,48.83646,43.73786,47.04253,52.7731,56.51548,53.75872,60.63827,59.22837,64.32729,64.13267,62.36185,67.26812,68.65858,71.84706,74.73286,74.67262,78.26238,83.60024,79.51101,87.02299,83.15047,79.15807
13.89244,12.52996,12.52996,12.52996,12.08305,11.18034,10.77033,10.77033,10.77033,10.44031,10.44031,10.19804,10.19804,10.04988,9.05539,10.0,10.0,9.05539,9.05539,10.04988,10.19804,10.19804,10.19804,10.44031,11.40175,11.40175,11.40175,12.36932,12.36932,12.36932,12.36932,12.16553,12.36932,12.16553,12.16553,12.04159,12.04159,11.0,11.0,10.04988,10.04988,10.04988,10.04988,9.21954,9.21954,8.24621,8.544,7.61577,7.61577,6.7082,6.40312,6.40312,83.48653,77.80103,75.16648,67.1193,74.33034,70.72482,66.03787,67.74216,60.53924,61.7171,59.94164,56.0803,59.5063,56.46238,48.08326,51.78803,54.91812,50.80354,48.09366,50.24938,56.00893,48.04165,51.78803,50.15974,50.48762,55.3263,55.54278,55.08176,61.39218,61.68468,59.48109,64.28841,61.39218,64.7611,61.40033,62.58594,65.73431,63.15061,65.27634,67.36468,61.20457,63.03174,60.0,62.03225,56.22277,55.57877,54.33231,54.12947,48.6621,47.53946,48.76474,39.21734,44.38468,36.67424,38.60052,35.22783,31.82766,31.04835,32.57299,29.54657,37.21559,31.06445,29.20616,24.83948,24.75884,22.80351,22.02272,20.12461,16.40122,15.0,10.63015,10.44031,7.07107,6.7082,3.60555,9.89949,13.60147,12.20656,16.40122,21.54066,23.25941,24.59675,29.15476,31.62278,35.22783,33.83785,38.27532,37.44329,43.26662,43.04649,47.70744,45.22168,46.64762,47.01064,51.88449,55.47071,56.85948,59.68249,63.06346,61.91123,65.39113,62.6099,72.01389,71.11259,72.49828,75.76939,78.72103,78.29432,88.14193,87.20665,78.29432,87.32125,84.97058,85.23497
13.41641,13.41641,13.0,13.41641,12.08305,12.08305,11.7047,10.77033,10.44031,10.44031,10.44031,10.19804,10.04988,9.05539,9.05539,10.0,10.04988,10.04988,9.21954,10.19804,10.19804,10.44031,10.19804,10.44031,11.40175,10.77033,11.7047,12.36932,12.36932,12.64911,11.40175,12.36932,12.36932,12.16553,12.16553,12.04159,12.04159,12.0,11.0,10.0,10.04988,10.04988,10.04988,9.05539,9.05539,8.24621,8.24621,7.61577,7.61577,6.7082,6.40312,6.40312,81.27115,76.40026,79.40403,69.97142,68.50547,70.17834,62.1289,67.23095,59.5399,58.18075,56.64804,55.15433,54.70832,49.98,50.69517,49.64877,52.49762,47.67599,48.16638,43.18565,54.0,47.0,47.16991,48.25971,47.67599,53.36666,45.35416,55.7853,52.95281,59.20304,60.20797,65.25335,58.0517,66.4906,57.48913,64.93843,63.63961,62.16912,61.29437,62.39391,57.00877,61.0082,58.13777,60.13319,55.22681,55.57877,55.9017,47.85394,49.64877,43.9659,42.72002,39.56008,39.0,37.12142,37.01351,34.05877,34.65545,31.40064,33.73426,30.36445,32.64966,30.23243,27.80288,24.69818,24.75884,22.67157,20.61553,18.43909,17.20465,14.42221,14.42221,7.2111,8.06226,2.23607,5.0,7.61577,8.24621,12.52996,18.38478,17.0,21.54066,25.4951,28.23119,28.30194,31.38471,31.90611,38.94868,35.51056,42.54409,41.04875,41.59327,45.27693,50.53712,45.18849,51.97115,51.88449,56.85948,58.18075,59.03389,63.69458,60.83584,62.03225,62.93648,70.5762,68.70953,74.33034,72.44998,77.38863,79.60528,89.47067,74.24958,83.00602,87.23531,77.69813
13.60147,12.20656,13.0384,12.20656,11.6619,10.81665,11.18034,10.29563,10.29563,9.48683,9.84886,9.48683,9.48683,9.21954,9.21954,10.04988,10.04988,9.05539,9.0,9.0,9.0,10.04988,10.04988,11.04536,11.18034,11.18034,11.04536,12.04159,12.04159,12.04159,11.04536,12.04159,12.0,12.0,12.0,11.04536,11.04536,11.18034,10.19804,10.44031,10.44031,9.48683,9.48683,8.544,8.94427,8.06226,7.2111,7.2111,7.2111,6.40312,6.40312,5.0,84.14868,77.10383,81.46779,75.16648,73.59348,71.42129,65.19202,65.06919,60.1415,61.84658,61.85467,53.25411,56.60389,51.47815,53.25411,52.39275,50.9902,51.89412,52.49762,46.09772,53.60037,47.29693,50.24938,52.34501,52.23983,52.0,52.0,57.0,59.0,63.12686,58.00862,63.00794,57.07889,64.00781,59.21149,65.12296,67.00746,69.00725,63.1981,64.77654,62.80127,62.16912,59.90826,62.93648,60.08328,55.36244,55.54278,51.62364,46.51881,46.14109,46.87217,45.22168,41.04875,40.36087,39.69887,35.0,29.96665,33.10589,34.0147,29.15476,29.20616,31.40064,31.89044,26.90725,24.83948,24.08319,22.2036,22.82542,16.64332,16.55295,11.6619,9.21954,5.83095,7.28011,2.82843,7.07107,9.21954,10.63015,17.46425,21.09502,25.80698,25.23886,27.73085,31.14482,36.40055,35.38361,38.94868,37.64306,45.27693,43.13931,45.45327,46.75468,48.27007,46.75468,53.41348,54.20332,60.0,61.07373,58.00862,63.82006,63.24555,64.3506,69.63476,72.11103,70.72482,74.09453,74.06079,83.23461,82.20097,91.40022,76.83749,92.09777,93.50936,87.86353
14.31782,13.41641,12.52996,13.0,12.08305,11.18034,10.29563,10.29563,10.29563,10.0,10.0,9.89949,9.21954,9.21954,9.21954,10.0,8.60233,8.60233,8.94427,8.94427,8.94427,8.94427,9.48683,9.48683,10.44031,10.44031,10.44031,11.7047,11.7047,11.7047,10.77033,12.08305,12.08305,11.18034,11.18034,11.18034,11.6619,10.81665,10.0,10.0,9.89949,9.89949,9.21954,8.48528,9.21954,8.60233,8.06226,8.06226,7.61577,6.7082,6.32456,6.08276,81.7435,78.31347,75.9276,64.93843,72.00694,62.8172,67.91171,67.68309,65.80274,56.32051,59.80803,55.03635,51.62364,52.0,49.24429,49.92995,53.82379,49.0408,43.60046,48.9183,48.10405,48.79549,48.01042,49.81967,52.15362,55.21775,51.97115,53.33854,53.53504,55.00909,54.58938,58.69412,58.59181,59.5063,61.7171,60.41523,62.96825,64.3506,63.00794,58.41233,59.66574,60.1415,57.98276,58.69412,54.45181,54.56189,49.20366,52.80152,41.40048,46.87217,43.909,42.48529,41.62932,41.4367,36.13862,36.22154,33.06055,30.41381,30.67572,32.98485,29.15476,29.15476,27.0,24.0,26.07681,21.09502,21.58703,18.68154,19.41649,13.0384,10.04988,5.38516,5.0,3.60555,5.38516,6.32456,10.04988,16.27882,19.0,20.61553,21.18962,30.01666,28.16026,31.40064,31.40064,35.51056,38.32754,36.87818,40.1995,44.72136,45.12206,47.85394,50.63596,51.41984,52.17279,51.41984,56.61272,57.72348,63.06346,58.24088,69.57011,60.16644,61.68468,70.5195,72.44998,74.33034,79.05694,76.844,84.43341,81.60882,83.81527,91.48224,81.49233,87.09765
14.31782,13.41641,13.0,13.41641,13.0,12.08305,11.7047,10.44031,11.40175,10.44031,10.44031,10.19804,10.19804,10.04988,10.04988,10.0,10.04988,9.05539,9.05539,10.04988,10.04988,10.19804,10.19804,10.44031,10.44031,11.40175,11.40175,11.40175,12.36932,12.64911,12.16553,12.16553,12.16553,12.16553,12.16553,11.04536,12.04159,12.0,11.0,11.04536,10.04988,10.04988,10.19804,10.19804,9.21954,8.544,8.544,8.06226,8.06226,7.2111,7.2111,7.07107,77.87811,74.70609,80.99383,71.51224,66.30988,67.23095,64.19502,65.14599,64.19502,57.28001,58.94065,55.54278,56.29387,54.34151,49.24429,50.08992,52.15362,49.0102,46.17359,47.38143,53.36666,48.50773,50.0,50.28916,48.46648,48.08326,52.20153,56.79789,55.71355,58.18075,52.7731,61.7414,62.39391,65.30697,58.5235,64.19502,62.03225,62.03225,64.28841,63.32456,59.22837,60.67125,58.0517,56.32051,55.22681,57.31492,52.0,50.03998,50.15974,47.38143,46.69047,44.91102,38.07887,37.69615,35.8469,36.89173,32.01562,33.13608,29.0,28.28427,28.63564,30.08322,26.24881,23.76973,25.4951,25.4951,17.80449,17.49286,13.89244,12.08305,10.81665,10.29563,1.0,9.48683,7.07107,9.43398,13.15295,12.08305,15.0,17.72005,26.4764,28.86174,31.14482,30.46309,32.01562,35.1141,39.84972,35.73514,44.59821,40.80441,41.48494,46.17359,46.32494,48.50773,52.39275,54.12947,57.48913,56.51548,62.16912,66.94027,65.51336,61.81424,67.47592,68.593,74.8131,70.85901,76.29548,77.87811,81.02469,84.48077,82.28001,87.5557,87.09765,83.1685
14.14214,13.15295,13.34166,13.15295,12.36932,11.18034,11.7047,10.44031,10.44031,9.84886,10.77033,9.84886,10.29563,9.43398,9.43398,10.0,8.48528,9.21954,8.48528,9.21954,9.21954,9.21954,10.0,10.0,10.0,10.81665,10.81665,11.6619,11.6619,11.6619,11.40175,12.20656,12.20656,11.40175,12.04159,12.04159,11.31371,10.63015,10.63015,10.0,10.81665,9.43398,9.43398,9.43398,8.94427,8.94427,8.544,8.24621,7.28011,7.07107,7.0,6.0,80.30567,75.32596,83.09633,72.44308,75.00667,63.03174,70.06426,63.00794,63.12686,58.00862,58.54912,56.4358,58.69412,51.78803,50.21952,50.28916,52.92447,49.76947,47.92703,48.37355,50.24938,43.82921,48.01042,54.20332,50.80354,53.15073,53.07542,55.97321,56.56854,56.72742,53.07542,56.85068,57.98276,61.52235,59.46427,62.2254,64.38167,62.2254,63.03174,63.41136,59.40539,57.98276,55.07268,59.16925,52.7731,54.56189,52.92447,52.80152,48.70318,44.92215,44.64303,40.79216,38.63936,41.10961,39.01282,34.36568,32.01562,32.31099,31.7805,30.08322,31.06445,33.01515,26.07681,25.07987,23.19483,23.5372,19.64688,16.55295,16.55295,12.16553,11.40175,8.0,7.0,4.24264,3.16228,9.48683,11.18034,14.0,19.23538,19.10497,23.19483,25.07987,31.06445,32.01562,32.14032,35.22783,39.01282,39.05125,45.04442,42.0119,47.04253,47.01064,49.0102,50.24938,51.0392,51.0392,57.21888,59.3043,57.42822,64.19502,64.77654,59.4138,68.88396,70.40597,70.21396,73.97973,75.53807,79.30952,81.49847,86.14523,81.15417,86.09297,85.14693,87.02299
12.72792,12.72792,12.04159,12.04159,12.04159,10.63015,10.81665,10.81665,10.81665,8.94427,9.43398,9.84886,8.94427,9.48683,9.48683,9.21954,9.21954,9.05539,9.05539,9.05539,9.05539,10.0,10.0,10.04988,11.04536,11.04536,11.04536,12.04159,12.04159,12.04159,11.0,12.0,12.0,12.0,12.0,11.04536,11.18034,10.19804,10.19804,10.19804,9.48683,9.48683,9.48683,8.544,8.544,7.61577,8.06226,7.2111,7.2111,6.40312,5.65685,5.65685,83.86298,78.77182,80.70936,68.7968,71.21798,70.45566,67.1193,68.00735,62.482,61.7171,58.89822,56.56854,57.31492,55.44367,55.60576,52.47857,56.85948,51.97115,45.61798,49.39636,55.15433,47.16991,50.9902,53.60037,48.27007,55.10898,53.08484,58.07753,56.22277,62.00806,56.0803,64.19502,61.29437,64.12488,61.13101,68.35934,62.514,66.27217,62.8172,66.4906,61.39218,65.25335,61.40033,60.72891,57.24509,52.80152,51.07837,53.66563,52.35456,45.27693,44.40721,43.60046,42.44997,36.76955,36.12478,37.01351,33.24154,34.05877,34.65545,29.68164,35.35534,27.73085,30.36445,27.20294,26.4764,23.08679,25.07987,20.22375,17.11724,14.03567,10.19804,5.0,6.32456,5.0,5.0,10.81665,7.61577,13.60147,16.97056,20.24846,22.82542,27.29469,27.45906,31.30495,32.69557,32.69557,38.01316,38.01316,42.05948,40.81666,42.2019,47.85394,46.87217,47.43416,53.00943,55.21775,57.00877,61.61169,59.5483,63.25346,71.70077,67.62396,64.44377,66.06815,70.71068,75.9276,77.33693,81.56592,81.46779,83.86895,81.02469,89.02247,90.44335,88.48164
12.80625,13.60147,12.20656,13.60147,12.20656,11.40175,11.6619,10.29563,10.29563,8.94427,9.84886,10.44031,9.48683,9.21954,9.21954,10.19804,10.04988,9.0,9.0,10.0,10.0,10.04988,10.04988,11.04536,11.04536,11.18034,12.16553,12.04159,13.15295,12.16553,12.04159,12.04159,12.0,12.0,12.0,12.0,12.04159,11.04536,11.04536,11.18034,10.19804,10.19804,9.21954,9.21954,8.544,8.544,8.06226,8.06226,7.2111,7.2111,6.40312,5.65685,80.99383,75.66373,77.66595,71.56116,72.42237,66.85058,70.21396,65.45991,62.482,60.87693,58.69412,55.9017,56.58622,56.22277,50.32892,54.08327,53.7122,49.73932,50.60632,52.3259,50.92151,52.55473,52.39275,52.95281,49.81967,52.46904,51.24451,56.0,59.21149,61.03278,60.03332,66.00758,59.13544,66.1211,63.12686,68.46897,65.37584,66.37017,63.95311,64.32729,61.18823,64.03124,64.19502,63.32456,56.921,54.23099,54.12947,52.3259,49.1935,49.39636,45.22168,42.43819,46.8615,42.52058,37.48333,34.20526,31.76476,33.42155,28.3196,32.20248,31.76476,30.52868,29.15476,26.0,26.4764,25.70992,23.5372,19.10497,15.81139,15.0,10.44031,8.06226,7.07107,8.24621,5.09902,5.65685,11.7047,14.21267,18.60108,20.24846,25.80698,25.23886,29.06888,32.24903,34.20526,36.23534,39.40812,38.27532,42.72002,42.2019,46.14109,44.94441,52.43091,47.63402,49.39636,54.40588,59.5483,60.21628,61.7171,61.7171,65.8559,63.78087,68.76772,68.593,72.83543,75.69016,78.64477,77.89737,82.807,92.95698,79.24645,89.4986,85.42833,86.83893
12.64911,12.64911,11.40175,12.36932,11.40175,10.44031,10.19804,10.04988,10.04988,9.05539,10.0,9.0,9.0,9.05539,9.05539,9.21954,8.544,8.544,8.544,8.94427,8.94427,9.84886,8.94427,10.29563,10.29563,10.81665,11.6619,11.18034,11.6619,11.6619,11.18034,11.18034,12.08305,11.18034,12.08305,10.77033,11.40175,10.19804,10.19804,10.19804,9.21954,9.05539,9.05539,9.05539,8.0,8.0,7.07107,7.07107,6.08276,6.32456,5.38516,5.0,82.8553,85.95929,79.70571,75.29276,76.02631,67.08204,68.8767,66.30988,61.46544,57.00877,60.74537,55.71355,57.97413,55.7853,51.97115,52.08647,54.14795,50.01,48.01042,53.23533,53.75872,47.26521,48.27007,52.17279,48.50773,50.96077,55.02727,55.9464,59.61543,59.03389,57.27128,64.62198,62.39391,62.76942,62.16912,65.45991,68.41053,66.94027,64.13267,66.4906,64.13267,61.66036,60.01666,61.66036,56.00893,59.13544,52.15362,53.00943,48.09366,46.52956,44.14748,42.37924,41.23106,39.92493,38.47077,34.1321,33.01515,36.34556,31.7805,34.0147,33.24154,31.38471,31.62278,26.62705,25.80698,27.01851,24.75884,24.75884,16.40122,15.6205,12.80625,6.40312,5.83095,6.0,5.38516,9.84886,11.6619,15.65248,21.0238,19.69772,20.88061,24.35159,31.01612,32.69557,36.76955,35.35534,37.16181,38.47077,43.41659,43.38202,45.17743,51.42956,48.75449,55.03635,49.39636,50.69517,59.23681,56.64804,60.74537,63.32456,69.57011,65.78754,63.24555,70.2282,68.96376,75.61085,81.59657,83.81527,82.86133,82.8553,85.61542,90.82401,87.32125,90.33825
14.0,13.0384,13.0384,13.0384,12.04159,11.04536,11.18034,10.19804,11.18034,10.44031,10.44031,10.44031,9.84886,9.84886,8.94427,9.43398,9.43398,9.21954,9.21954,10.0,9.21954,10.63015,9.89949,10.63015,11.31371,11.31371,12.04159,12.04159,12.72792,12.04159,12.04159,12.04159,12.04159,12.04159,12.20656,12.20656,11.6619,11.6619,10.29563,10.29563,10.29563,9.84886,9.84886,9.48683,8.544,8.544,8.24621,8.06226,8.06226,7.07107,7.0,6.08276,77.64664,80.62258,74.24284,72.1734,70.17834,69.35416,68.02941,68.00735,61.0,59.0,56.0803,58.54912,55.44367,55.10898,52.7731,54.12024,52.88667,50.92151,47.42362,48.70318,51.10773,49.1935,46.2277,51.85557,49.0408,49.0408,52.40229,56.58622,57.48913,60.1415,57.98276,59.46427,59.5483,63.65532,60.10824,62.36986,65.06919,62.96825,64.2028,62.20129,61.29437,56.60389,60.82763,58.18075,52.3259,54.12947,57.58472,50.59644,45.88028,48.08326,45.60702,41.97618,39.31921,40.11234,36.05551,34.1321,32.28002,29.27456,29.15476,28.07134,32.38827,29.27456,27.20294,24.5153,26.57066,23.4094,19.72308,17.0,14.86607,14.76482,9.84886,9.48683,7.07107,5.83095,3.16228,9.84886,10.44031,9.21954,18.02776,19.0,21.09502,29.0,26.0,30.41381,33.06055,34.71311,37.12142,37.33631,38.11824,42.29657,42.0,47.09565,50.01,49.0102,51.0,52.08647,57.00877,55.0,60.07495,61.07373,62.28965,65.03076,64.77654,67.26812,69.46222,71.17584,78.1025,80.09994,80.025,83.00602,79.00633,86.02325,90.02222,84.05355
13.41641,13.41641,13.0,13.41641,12.08305,11.18034,11.7047,10.77033,10.77033,10.44031,10.19804,10.19804,10.19804,9.05539,10.04988,10.0,9.0,9.05539,9.05539,9.05539,9.21954,10.19804,9.21954,10.44031,10.44031,10.44031,11.40175,11.40175,12.36932,11.40175,11.18034,12.16553,12.16553,12.16553,12.04159,12.04159,12.0,11.0,11.0,10.04988,10.04988,10.19804,10.19804,9.21954,9.21954,8.544,8.544,8.06226,8.06226,7.2111,6.40312,6.40312,82.0975,83.48653,72.71864,75.29276,72.20111,63.51378,66.7308,68.47627,61.29437,57.24509,60.16644,58.30952,57.56735,55.36244,54.70832,50.63596,52.17279,46.69047,49.36598,52.46904,51.08816,46.01087,47.26521,50.01,49.81967,53.60037,54.34151,54.08327,56.32051,55.65968,58.46366,61.13101,60.63827,59.66574,62.0967,62.8172,62.96825,63.95311,63.63961,62.28965,62.1289,59.07622,61.0082,60.0,55.14526,53.15073,50.48762,53.15073,50.21952,47.29693,44.92215,40.49691,41.78516,42.94182,37.20215,34.20526,33.24154,31.06445,32.55764,29.41088,30.08322,27.78489,26.07681,23.85372,26.90725,25.80698,19.10497,19.20937,16.27882,15.6205,8.48528,6.7082,5.83095,4.47214,3.60555,6.7082,8.24621,15.23155,15.65248,18.43909,25.4951,28.63564,31.32092,30.88689,32.20248,34.0,38.94868,36.67424,43.56604,47.01064,42.94182,47.41308,50.08992,46.61545,51.47815,52.80152,56.64804,56.85948,60.00833,59.9333,64.07808,62.96825,63.90618,68.15424,70.93659,74.67262,79.84986,77.87811,81.5414,81.43709,80.62258,88.10221,80.11242,87.65843
13.0384,13.0,12.0,12.0,11.0,11.0,11.04536,10.04988,10.04988,9.21954,9.21954,9.48683,8.24621,8.544,8.544,8.94427,8.60233,8.60233,7.81025,9.21954,9.21954,9.21954,8.48528,9.89949,9.89949,10.63015,10.63015,10.63015,10.63015,10.63015,11.31371,11.31371,11.31371,10.63015,10.63015,11.40175,10.81665,10.29563,9.43398,10.29563,8.94427,9.84886,8.544,8.544,8.24621,7.28011,7.07107,7.07107,6.0,6.08276,6.08276,5.38516,82.37718,78.26238,78.1025,72.18033,73.33485,67.26812,65.27634,67.26812,63.0,62.03225,60.40695,55.08176,55.22681,53.23533,54.33231,51.41984,54.57105,49.0408,49.98,45.18849,55.03635,48.30114,50.21952,49.92995,50.80354,51.86521,53.2635,53.74012,55.44367,60.81118,55.9017,62.96825,55.9017,62.36986,65.76473,62.80127,63.25346,63.41136,61.29437,63.28507,61.29437,61.91123,58.60034,59.09315,54.56189,53.85165,52.81098,50.28916,47.53946,51.97115,41.4367,43.41659,42.04759,39.20459,37.21559,33.73426,33.24154,33.24154,32.38827,35.0571,32.06244,31.7805,30.59412,26.1725,23.76973,22.47221,22.84732,18.78829,15.65248,15.65248,11.6619,9.0,6.0,6.7082,5.83095,6.08276,10.19804,16.49242,19.23538,21.0,20.22375,26.01922,32.01562,30.41381,34.36568,35.22783,40.1995,38.32754,44.40721,46.52956,47.09565,46.52956,51.15662,49.16299,54.08327,51.0,57.03508,61.13101,60.07495,65.00769,67.0,66.0303,71.56815,72.11103,71.17584,74.16873,79.00633,82.0061,84.02381,87.02299,82.02439,91.02198,87.02299,90.55385
13.45362,13.45362,12.72792,12.72792,12.72792,11.31371,11.40175,10.63015,10.63015,10.0,10.0,9.43398,9.43398,8.94427,8.94427,9.48683,9.21954,9.48683,8.24621,9.05539,9.05539,9.05539,10.04988,10.0,10.0,10.0,11.0,12.04159,12.0,12.0,11.04536,12.16553,12.04159,11.04536,12.16553,11.18034,11.40175,10.77033,10.77033,9.84886,9.84886,8.94427,9.43398,8.60233,8.60233,8.60233,7.81025,7.07107,7.07107,7.2111,6.7082,6.32456,80.1561,80.99383,77.98718,73.4983,74.4043,66.21933,69.81404,65.94695,65.05382,62.36986,58.69412,56.56854,58.72819,55.44367,48.16638,49.92995,54.70832,44.29447,46.52956,47.16991,48.70318,49.98,46.87217,52.63079,50.21952,50.63596,53.23533,55.03635,56.22277,55.0,56.4358,63.1981,61.29437,64.19502,56.0803,60.67125,62.64982,59.84146,61.61169,60.72891,58.24088,61.35145,60.92618,57.58472,54.12947,53.7122,50.60632,51.97115,48.02083,47.70744,48.9183,43.93177,39.62323,34.82815,36.23534,36.61967,35.1141,32.20248,31.14482,31.89044,29.83287,32.80244,28.6531,24.41311,23.70654,22.47221,23.08679,18.68154,15.23155,15.26434,10.77033,8.48528,7.07107,5.09902,3.16228,10.81665,10.63015,14.86607,19.79899,18.86796,25.45584,24.83948,27.58623,31.89044,35.35534,35.60899,42.0119,37.64306,40.80441,40.60788,41.86884,46.09772,47.63402,50.24938,51.66237,53.03772,57.28001,58.0517,57.98276,63.65532,65.76473,62.96825,71.21798,70.76722,72.91776,75.74299,80.62258,80.61017,82.13404,85.58621,80.65978,87.86353,89.87213,84.50444
11.6619,12.20656,11.40175,12.20656,10.81665,10.81665,10.0,9.21954,9.21954,8.48528,9.21954,8.48528,8.60233,8.60233,8.06226,8.06226,8.06226,7.61577,8.544,8.544,8.544,9.21954,8.24621,9.21954,9.21954,10.19804,10.19804,10.44031,11.40175,11.40175,10.44031,10.44031,10.77033,10.77033,10.77033,10.29563,10.81665,10.0,9.43398,9.21954,9.21954,9.21954,8.48528,7.81025,7.81025,7.07107,7.2111,6.7082,6.7082,6.32456,6.08276,5.0,81.15417,76.2168,76.48529,70.2282,75.76939,70.77429,66.70832,66.48308,65.30697,55.9017,62.17717,56.30275,58.5235,49.64877,50.24938,52.40229,55.44367,52.3259,50.24938,47.80167,51.62364,46.04346,44.72136,48.8774,46.51881,55.00909,48.33218,54.78138,56.921,62.03225,57.93962,63.56099,59.80803,64.84597,61.03278,62.26556,63.52952,64.41273,64.3506,65.0,59.64059,59.81639,57.31492,60.1415,58.69412,55.86591,48.9183,53.15073,50.44799,45.79301,44.41846,43.41659,42.04759,37.64306,37.10795,36.34556,32.0,35.22783,36.12478,32.55764,31.40064,31.06445,26.62705,28.30194,25.4951,25.96151,23.08679,19.41649,18.24829,14.86607,11.7047,10.04988,5.09902,4.12311,5.0,10.77033,10.29563,13.60147,16.64332,24.41311,17.49286,25.6125,30.41381,32.24903,34.88553,33.61547,41.88078,39.35734,40.70626,44.29447,45.27693,46.14109,49.73932,47.16991,51.88449,54.3783,59.20304,60.74537,62.42596,66.03787,66.0303,64.40497,72.11103,74.06079,73.60027,76.2168,79.07591,81.5414,85.70298,92.11406,83.21658,82.36504,88.19297,85.88364
13.0384,12.04159,13.0384,12.0,11.04536,11.04536,11.18034,10.19804,10.19804,9.48683,10.19804,9.48683,9.48683,8.94427,8.94427,9.43398,9.21954,9.21954,9.21954,9.21954,9.21954,9.89949,9.21954,10.63015,10.63015,10.63015,11.40175,11.40175,12.04159,12.04159,12.04159,12.04159,12.04159,11.31371,11.31371,11.40175,11.40175,10.81665,9.43398,10.29563,9.43398,9.43398,8.94427,8.94427,8.94427,7.61577,7.28011,7.28011,7.07107,7.0,6.0,5.09902,84.00595,82.0,76.53104,73.33485,71.34424,66.27217,69.18092,65.49046,62.80127,59.5399,59.90826,54.12024,55.31727,58.69412,54.08327,52.0,55.54278,47.01064,48.37355,48.60041,55.22681,50.60632,49.51767,52.34501,50.24938,50.93133,57.62812,59.81639,57.2014,56.61272,60.46487,62.00806,60.0,65.21503,61.29437,63.12686,66.4003,64.03124,63.70243,60.81118,59.46427,61.22091,64.2028,60.60528,56.30275,55.22681,54.3783,51.0,48.8467,47.85394,46.23851,42.72002,43.01163,40.60788,38.11824,35.0,32.0,32.31099,31.32092,34.36568,32.06244,32.01562,32.24903,31.14482,25.4951,25.4951,24.33105,17.72005,17.08801,15.81139,13.34166,8.94427,5.83095,7.0,5.09902,5.38516,11.40175,11.04536,16.0,19.23538,24.33105,24.33105,28.44293,30.01666,34.0147,35.01428,38.01316,37.12142,39.11521,45.01111,43.56604,45.27693,47.38143,48.25971,54.14795,55.22681,60.40695,53.75872,65.11528,62.20129,66.4906,59.03389,73.24616,69.2315,73.97973,76.15773,80.06248,78.64477,85.51023,85.84288,85.70881,91.35097,87.13208,88.36289
13.60147,12.80625,12.80625,12.80625,12.04159,10.63015,11.31371,9.89949,10.63015,9.89949,10.0,10.0,9.43398,9.43398,8.94427,9.84886,9.48683,9.48683,9.21954,10.19804,10.19804,10.19804,10.19804,11.04536,11.04536,11.04536,12.04159,12.04159,12.04159,12.04159,12.16553,12.16553,12.16553,12.36932,12.36932,11.40175,11.7047,10.77033,10.77033,10.77033,9.84886,9.84886,10.29563,8.94427,8.60233,8.60233,7.81025,7.81025,7.07107,6.40312,5.83095,5.38516,82.37718,78.23043,79.40403,69.63476,70.0,70.0,66.61081,66.70832,63.03174,60.959,61.52235,53.90733,56.72742,56.58622,51.85557,49.73932,54.08327,51.97115,50.08992,47.01064,53.16014,48.70318,47.07441,49.81967,50.01,52.46904,50.08992,59.21149,58.30952,58.00862,58.03447,65.03076,59.21149,67.18631,60.00833,65.76473,65.62012,62.64982,64.13267,61.39218,60.87693,65.0,60.40695,55.71355,55.71355,56.85948,55.47071,51.42956,49.73932,47.01064,45.80393,40.45986,40.45986,38.8973,35.4683,33.83785,35.51056,30.41381,32.55764,31.241,30.52868,30.01666,32.31099,25.96151,25.63201,25.4951,22.80351,22.36068,20.39608,11.0,12.04159,11.18034,7.0,5.38516,4.12311,7.07107,8.94427,12.20656,19.84943,21.63331,26.40076,29.41088,26.62705,29.20616,34.66987,33.83785,41.86884,38.60052,43.26662,44.41846,47.01064,50.21952,49.64877,46.2277,52.80152,52.15362,58.25805,56.72742,60.30755,64.81512,61.55485,62.482,72.86288,69.35416,70.72482,76.41989,80.1561,80.80842,82.32861,85.91275,81.68843,89.02247,87.32125,81.60882
14.14214,13.15295,13.0384,12.04159,12.04159,11.04536,11.0,10.0,10.0,10.04988,10.04988,9.05539,9.21954,9.21954,8.24621,9.48683,8.94427,8.94427,8.94427,8.60233,8.60233,9.43398,8.60233,10.0,10.0,10.0,10.63015,10.63015,11.40175,11.40175,11.40175,11.40175,11.6619,10.81665,11.6619,11.18034,11.18034,10.77033,9.48683,9.48683,9.21954,9.21954,9.21954,8.24621,8.06226,8.0,8.0,7.07107,7.07107,6.32456,6.32456,5.83095,39.84972,39.84972,38.07887,36.40055,37.65634,33.24154,34.48188,33.54102,32.55764,29.61419,29.15476,27.07397,30.06659,26.01922,24.02082,25.01999,26.1725,24.18677,23.34524,23.5372,25.0,26.24881,23.70654,24.16609,23.76973,25.55386,24.59675,27.20294,28.84441,28.42534,29.68164,31.90611,30.23243,30.52868,30.23243,31.90611,31.06445,30.52868,30.8707,31.38471,31.7805,29.73214,29.73214,30.08322,27.45906,28.44293,27.16616,25.17936,23.08679,23.02173,23.02173,22.09072,22.09072,18.68154,18.97367,16.15549,16.64332,18.24829,18.11077,18.0,16.27882,16.12452,12.36932,13.60147,10.44031,14.86607,11.6619,10.81665,7.61577,9.43398,7.2111,4.12311,2.0,2.82843,3.16228,3.60555,5.83095,7.28011,9.48683,10.19804,10.04988,13.34166,15.0333,16.27882,17.46425,17.46425,19.64688,22.36068,21.84033,23.34524,23.76973,25.0,24.33105,26.4764,27.29469,28.44293,30.26549,31.57531,33.13608,33.06055,34.1321,32.06244,33.13608,36.12478,36.12478,38.0526,41.30375,40.1995,43.18565,43.93177,43.41659,44.72136,44.55334,44.72136
14.31782,13.41641,13.89244,13.41641,12.52996,11.6619,12.20656,11.40175,11.40175,10.0,10.63015,10.63015,10.63015,9.89949,9.21954,10.0,9.43398,9.43398,8.94427,9.84886,8.94427,9.84886,9.84886,10.44031,10.44031,10.44031,11.40175,12.64911,11.7047,12.64911,11.7047,12.08305,13.0,12.08305,12.08305,12.52996,11.6619,10.81665,10.63015,10.81665,10.63015,10.63015,9.89949,9.21954,9.21954,8.60233,8.60233,8.06226,8.06226,7.61577,7.28011,6.08276,78.0,78.79086,78.26238,74.24284,74.84651,70.26379,66.24198,72.06941,62.6099,66.24198,55.47071,59.40539,57.42822,57.2014,52.80152,51.62364,55.17246,50.24938,46.2277,50.21952,50.77401,50.77401,48.76474,53.22593,53.22593,54.626,54.78138,57.56735,56.921,61.84658,56.32051,61.40033,60.72891,66.48308,62.64184,66.7308,64.2573,63.24555,64.84597,59.05929,62.17717,61.05735,61.61169,59.90826,55.75841,55.60576,53.03772,52.49762,48.79549,46.01087,46.75468,46.61545,40.31129,40.81666,37.33631,34.20526,36.67424,29.83287,31.82766,33.01515,31.90611,29.68164,27.85678,27.85678,25.63201,24.69818,24.04163,22.09072,17.46425,16.12452,11.40175,11.18034,5.83095,6.08276,6.08276,8.06226,13.41641,14.42221,16.64332,22.67157,24.69818,25.23886,29.06888,30.52868,33.12099,35.22783,43.26662,37.73592,45.27693,45.17743,41.67733,46.14109,49.92995,53.0,53.33854,52.83938,58.60034,59.90826,63.60031,62.80127,65.21503,63.82006,73.24616,75.21303,74.20243,77.20104,80.99383,85.70298,83.23461,84.59905,84.0595,92.66067,90.55385,91.92388
13.0384,12.0,12.0,11.0,11.04536,10.0,10.04988,10.04988,9.21954,9.21954,9.21954,9.48683,9.48683,8.544,8.544,8.94427,8.60233,8.60233,8.60233,9.21954,9.21954,9.21954,9.21954,9.89949,10.63015,10.63015,10.63015,11.31371,11.31371,11.31371,10.63015,12.04159,11.31371,11.40175,11.40175,11.6619,10.81665,10.29563,9.84886,8.94427,9.84886,8.544,8.544,8.544,8.24621,7.28011,7.07107,7.07107,7.0,6.08276,6.08276,5.09902,80.00625,77.07788,77.62087,74.94665,74.33034,69.26038,64.56005,62.58594,63.78871,63.34824,56.56854,58.42089,56.32051,54.14795,55.22681,52.08647,55.14526,49.24429,49.49747,50.80354,54.40588,50.44799,44.01136,48.8467,47.92703,52.80152,51.88449,55.9017,56.35601,60.20797,55.22681,59.16925,57.3062,64.66065,59.90826,63.95311,65.0,64.41273,65.55151,63.90618,63.15853,60.87693,59.48109,63.06346,57.27128,57.42822,52.7731,51.47815,46.09772,47.04253,44.04543,46.17359,41.4367,37.85499,38.8973,35.77709,31.90611,34.0,32.06244,34.36568,29.12044,28.23119,30.01666,28.6531,26.41969,27.78489,25.23886,20.0,17.69181,14.21267,13.45362,12.72792,8.60233,7.0,4.12311,7.81025,9.84886,14.03567,16.15549,18.43909,20.88061,24.04163,28.44293,29.12044,32.57299,33.83785,36.13862,37.0,44.94441,45.54119,43.68066,45.60702,48.05206,47.07441,53.93515,55.31727,58.24946,57.48913,60.53098,66.70832,62.80127,61.98387,70.34913,71.17584,72.18033,72.56032,81.3941,80.80842,85.32878,85.86617,82.9759,88.32327,87.09191,88.32327
14.76482,13.41641,13.92839,13.0,13.0,12.08305,11.7047,11.40175,10.44031,10.44031,10.44031,10.19804,10.19804,10.04988,9.05539,10.0,9.0,10.04988,9.05539,9.21954,10.19804,10.19804,10.19804,10.44031,11.40175,11.40175,11.7047,12.64911,11.40175,12.64911,12.36932,12.36932,12.36932,12.36932,12.16553,12.04159,12.0,12.0,11.0,10.04988,10.04988,10.04988,10.04988,10.19804,9.21954,8.24621,8.544,8.544,8.06226,7.2111,7.81025,6.40312,81.34494,80.99383,75.89466,77.83315,74.94665,71.16881,66.40783,68.88396,64.19502,60.87693,61.18823,57.70615,58.0517,53.15073,53.23533,50.03998,53.03772,49.25444,49.64877,50.9902,54.81788,45.70558,47.43416,52.81098,48.8467,52.3259,52.3259,58.83026,57.3062,59.68249,58.13777,63.13478,59.5399,65.0,59.68249,67.97794,64.07808,65.30697,65.0,62.64184,60.40695,60.72891,57.72348,61.84658,57.70615,55.57877,55.57877,53.23533,52.0,48.04165,46.38965,46.17359,40.31129,42.44997,36.68787,36.67424,32.24903,31.14482,34.05877,31.7805,30.41381,31.62278,27.29469,27.313,26.92582,25.05993,23.60085,17.0,15.26434,16.40122,12.72792,7.81025,7.81025,6.7082,6.7082,7.61577,13.0,16.76305,21.0,19.23538,25.70992,26.30589,31.257,28.86174,33.54102,35.4683,39.05125,35.73514,40.16217,45.22168,42.72002,47.07441,46.17359,48.50773,50.21952,55.7315,59.03389,60.63827,60.67125,62.96825,63.63961,68.44706,71.56815,70.71068,71.84706,77.92946,78.77182,79.07591,80.06248,89.4986,83.43261,87.86353,90.95603,86.68333
13.0,13.0,11.7047,12.08305,10.77033,10.77033,10.44031,9.48683,9.48683,9.21954,9.21954,9.05539,9.05539,8.0,9.0,9.05539,9.21954,8.06226,9.21954,9.21954,9.21954,9.48683,8.544,9.84886,10.77033,10.77033,10.77033,11.40175,11.7047,10.77033,11.40175,11.40175,11.40175,11.40175,11.18034,10.19804,11.04536,10.04988,10.0,10.0,9.05539,10.04988,9.05539,8.06226,8.24621,7.28011,7.61577,6.7082,6.7082,5.83095,5.65685,5.65685,84.07735,75.17978,78.0,75.17978,72.91776,68.0,68.02941,68.0,58.18075,64.51356,57.28001,57.56735,56.04463,52.17279,54.57105,53.00943,54.00926,51.0392,49.0102,48.09366,49.64877,49.49747,51.24451,49.72927,47.80167,50.59644,50.32892,56.85948,56.46238,60.82763,56.85948,60.83584,57.70615,63.15853,63.56099,64.51356,65.45991,61.35145,61.84658,63.34824,62.36986,61.81424,60.40695,57.55867,57.31492,54.03702,55.03635,51.0392,51.08816,48.09366,49.36598,43.17407,43.17407,39.21734,37.57659,35.8469,30.4795,33.06055,35.90265,34.78505,33.61547,31.76476,29.06888,26.62705,26.07681,24.41311,22.02272,20.51828,19.10497,17.02939,13.60147,9.89949,7.81025,7.28011,5.0,3.60555,12.20656,12.52996,18.38478,18.97367,23.4094,25.63201,29.06888,29.54657,32.24903,34.78505,35.8469,36.24914,43.41659,42.94182,42.95346,47.42362,48.75449,51.07837,50.92151,51.5461,56.64804,59.80803,55.97321,63.56886,60.40695,65.45991,67.91171,73.4983,73.4983,79.81228,78.74643,82.86133,83.1685,82.8553,81.34494,88.39118,88.39118,86.92526
14.31782,12.36932,13.60147,13.15295,12.36932,11.18034,11.40175,10.44031,10.44031,10.77033,10.77033,10.29563,9.84886,9.43398,8.60233,10.0,9.21954,9.21954,8.48528,9.89949,9.21954,9.21954,10.0,10.0,10.81665,10.0,10.81665,11.6619,11.6619,12.20656,11.40175,12.04159,12.04159,12.04159,11.31371,12.04159,11.40175,11.40175,10.81665,10.0,10.81665,10.29563,10.29563,8.94427,8.544,8.544,8.24621,8.24621,8.06226,7.0,7.07107,6.08276,81.60882,77.36924,81.27115,71.56815,71.16881,69.64194,61.98387,67.41662,60.92618,61.09828,58.13777,53.66563,57.80138,54.08327,52.69725,48.27007,53.90733,52.49762,51.08816,47.42362,53.07542,47.50789,49.09175,51.10773,44.40721,55.22681,53.22593,52.80152,58.59181,58.69412,59.09315,62.64982,58.18075,63.32456,62.16912,65.8635,67.08204,62.43397,65.73431,61.40033,64.66065,61.40033,59.66574,60.44005,56.72742,57.28001,56.72742,54.20332,51.0392,46.04346,45.79301,45.17743,41.62932,38.27532,38.8973,35.44009,30.26549,34.05877,29.52965,33.12099,35.34119,29.12044,27.89265,24.5153,26.01922,27.0,20.22375,21.0238,20.0,14.03567,9.48683,9.0,8.06226,3.60555,5.0,5.09902,14.31782,14.31782,18.86796,18.38478,23.08679,26.92582,29.54657,31.95309,36.68787,34.52535,37.64306,38.07887,44.64303,42.72002,43.68066,47.75982,49.76947,50.15974,51.47815,55.36244,56.79789,59.09315,60.82763,63.07139,65.8635,65.76473,70.68239,71.55418,72.01389,76.05919,80.49845,78.79086,80.95678,84.8646,79.70571,92.61209,87.46428,87.28115
13.89244,13.41641,13.0,13.0,13.0,12.08305,11.7047,10.77033,10.44031,10.44031,10.44031,10.19804,10.04988,10.04988,9.05539,10.0,10.0,9.05539,9.05539,9.21954,9.21954,10.44031,10.19804,10.44031,11.40175,10.77033,11.7047,11.7047,11.7047,11.7047,12.36932,12.36932,12.36932,11.40175,12.16553,12.16553,12.04159,11.0,11.0,11.0,11.04536,10.04988,10.04988,9.05539,9.21954,9.21954,8.544,8.544,7.61577,8.06226,7.2111,6.40312,80.05623,75.76939,75.39231,76.55717,77.87811,72.09022,67.35726,67.05222,61.98387,61.09828,57.97413,58.5235,59.20304,57.70615,56.29387,51.35173,56.0357,51.0392,46.04346,52.23983,51.62364,49.81967,49.0408,50.44799,53.45091,55.36244,53.14132,54.12947,57.00877,59.23681,57.77543,63.24555,60.72891,62.62587,65.0,61.35145,66.85058,63.90618,60.87693,63.34824,61.18823,63.28507,59.21149,61.20457,57.00877,56.14268,54.00926,52.15362,48.6621,49.81967,45.89118,43.17407,44.64303,39.35734,37.12142,35.0,32.64966,33.13608,33.0,30.80584,31.14482,27.89265,28.16026,26.83282,25.94224,23.85372,23.70654,20.80865,14.76482,14.86607,13.45362,6.0,6.08276,6.32456,4.47214,8.24621,11.18034,12.16553,17.26268,19.64688,22.2036,27.51363,28.44293,31.14482,31.32092,34.48188,39.81206,37.64306,41.48494,44.38468,43.17407,48.38388,45.60702,48.70318,53.75872,53.85165,60.63827,57.07013,59.68249,61.61169,64.77654,61.18823,65.11528,72.18033,75.31268,76.90254,81.78631,78.8543,89.02247,87.09191,81.7435,88.88757,87.64131,87.28115
13.45362,12.72792,12.04159,12.04159,12.04159,10.63015,10.81665,10.81665,10.29563,10.29563,10.29563,9.84886,9.84886,9.48683,9.48683,10.19804,9.21954,9.21954,9.05539,10.0,10.0,10.0,10.0,11.0,11.0,11.04536,12.04159,12.04159,12.04159,12.04159,12.0,12.0,12.0,12.0,12.0,12.04159,12.16553,11.18034,10.19804,10.19804,10.44031,10.44031,9.48683,9.48683,8.544,8.544,8.06226,8.06226,7.2111,6.40312,6.40312,5.65685,82.21922,81.56592,76.38063,72.24957,73.59348,66.48308,68.593,65.05382,63.89053,60.87693,60.44005,54.91812,60.46487,54.3783,54.3783,50.08992,50.56679,49.76947,47.43416,48.50773,51.62364,49.49747,45.17743,50.08992,49.16299,53.03772,59.07622,57.14018,61.03278,61.13101,56.22277,63.07139,64.28063,63.12686,62.20129,63.00794,67.00746,61.03278,65.27634,62.20129,64.49806,65.9242,60.82763,59.68249,55.65968,58.94065,53.31041,56.32051,48.10405,49.76947,47.01064,40.31129,43.04649,40.60788,38.28838,32.55764,30.52868,34.0,29.0,34.05877,30.41381,32.80244,26.92582,25.94224,29.06888,25.4951,26.0,21.37756,18.35756,15.52417,12.08305,9.48683,8.60233,5.0,6.0,5.65685,6.7082,12.04159,17.02939,22.62742,20.51828,24.75884,26.90725,28.42534,28.28427,32.52691,36.06938,36.79674,43.86342,41.72529,41.01219,43.86342,47.38143,50.93133,53.07542,55.15433,57.48913,55.22681,62.20129,59.46427,65.43699,62.482,69.89278,67.62396,70.43437,72.42237,76.6942,78.51751,84.02381,80.65978,84.85281,89.82761,87.78383,88.39118
14.03567,13.15295,12.16553,13.15295,12.16553,11.18034,11.40175,10.44031,10.44031,10.44031,10.44031,9.84886,9.84886,9.84886,8.94427,9.43398,9.43398,8.60233,9.21954,9.21954,9.21954,9.89949,9.89949,10.63015,10.63015,10.63015,10.63015,12.04159,12.04159,12.04159,11.31371,12.04159,12.04159,11.40175,11.40175,11.40175,11.6619,11.18034,10.29563,10.29563,9.84886,10.77033,9.48683,9.48683,9.21954,8.24621,8.06226,8.0,7.0,7.0,7.07107,6.32456,79.15807,82.0975,76.05919,73.00685,72.02777,67.26812,68.06614,66.0303,63.00794,61.13101,59.68249,55.9017,57.87055,58.69412,53.33854,51.92302,57.97413,49.72927,48.33218,48.76474,50.47772,50.11986,49.20366,49.57822,50.44799,52.40229,52.40229,60.1415,54.48853,60.82763,55.15433,65.06919,60.1415,66.52819,63.70243,64.44377,68.62215,64.3506,67.00746,62.482,62.1289,61.40033,59.94164,60.41523,54.626,54.626,55.71355,53.48832,46.17359,51.5461,47.53946,43.93177,42.42641,40.11234,39.31921,35.35534,34.48188,33.54102,32.57299,34.71311,30.41381,31.257,30.0,28.0,26.1725,25.4951,22.56103,21.93171,19.69772,17.26268,11.04536,10.04988,6.0,6.0,6.7082,8.06226,10.04988,13.0384,17.11724,18.43909,24.02082,26.0,29.15476,30.06659,34.1321,40.04997,38.32754,38.01316,46.04346,46.38965,41.19466,46.04346,46.09772,47.16991,51.47815,54.14795,62.514,56.22277,65.9242,64.77654,67.26812,64.49806,75.69016,70.61161,73.34848,75.50497,80.50466,81.3941,85.84288,80.50466,85.47514,88.09086,89.35883,87.20665
12.64911,12.36932,12.36932,11.40175,11.18034,10.44031,11.04536,10.04988,10.04988,9.0,9.0,9.05539,9.05539,9.05539,8.24621,9.48683,8.544,8.544,8.94427,8.94427,9.43398,9.43398,9.43398,10.0,10.81665,10.81665,11.40175,11.6619,12.20656,12.20656,10.81665,11.6619,11.6619,11.18034,11.18034,10.77033,10.77033,10.44031,10.19804,9.48683,9.21954,9.05539,9.21954,8.06226,8.06226,8.06226,8.0,7.07107,6.08276,6.08276,6.32456,5.38516,80.62258,74.94665,79.64923,68.26419,72.94518,65.51336,65.76473,64.40497,62.26556,60.41523,60.40695,55.02727,54.40588,51.66237,54.91812,49.16299,51.0392,54.14795,46.01087,48.16638,52.7731,48.16638,47.07441,51.78803,51.1957,47.80167,53.14132,57.27128,55.03635,57.77543,56.46238,61.84658,61.32699,60.92618,62.24147,66.7308,65.14599,63.90618,61.13101,62.36986,62.8172,58.85576,57.87055,59.4138,53.23533,53.08484,53.00943,52.03845,48.04165,46.01087,45.60702,42.2019,39.56008,38.8973,36.76955,34.88553,34.4093,35.90265,32.57299,31.30495,34.0,31.90611,31.40064,29.69848,29.0,26.1725,23.02173,24.41311,17.69181,14.86607,13.41641,8.94427,8.48528,7.07107,6.7082,7.81025,8.94427,10.29563,17.49286,17.46425,23.32381,25.55386,26.92582,27.45906,29.68164,30.80584,42.04759,39.44617,40.22437,42.19005,45.17743,45.48626,52.3259,48.76474,50.9902,51.26402,57.77543,57.24509,59.09315,64.4748,67.41662,62.39391,71.51224,68.15424,68.94926,75.27284,77.47258,79.47956,80.32434,85.49269,85.42833,87.66413,83.25863,90.82401
12.52996,12.52996,12.08305,12.52996,11.18034,10.29563,10.77033,9.84886,9.84886,9.48683,9.48683,9.21954,9.05539,9.0,9.05539,9.0,9.05539,9.05539,9.05539,9.05539,9.21954,9.21954,9.21954,9.48683,10.77033,10.77033,10.77033,11.40175,11.40175,11.7047,11.40175,11.40175,11.18034,11.04536,12.16553,11.04536,11.04536,10.0,10.0,10.0,10.04988,9.05539,9.05539,8.06226,8.24621,7.28011,7.61577,6.7082,6.7082,5.83095,5.65685,5.65685,79.20859,78.56844,76.05919,74.33034,69.81404,67.62396,67.80118,63.41136,62.00806,63.24555,59.68249,55.22681,57.98276,55.4617,55.9464,47.75982,53.14132,51.92302,47.29693,49.0306,51.35173,47.67599,49.0408,49.0102,48.04165,53.15073,54.23099,58.69412,57.31492,60.01666,56.88585,64.49806,63.63961,59.68249,60.01666,62.07254,66.0303,62.03225,66.06815,62.07254,62.07254,59.3043,59.5399,57.55867,56.51548,56.75385,52.49762,52.20153,49.0408,44.77723,43.82921,41.67733,41.18252,38.41875,36.76955,33.24154,32.64966,34.48188,34.43835,33.61547,33.83785,32.55764,29.73214,27.65863,28.42534,26.1725,21.40093,20.61553,21.63331,17.80449,10.63015,8.60233,9.89949,7.61577,6.0,6.32456,8.60233,9.89949,17.02939,18.60108,23.32381,28.84441,29.15476,29.20616,34.71311,35.38361,38.41875,38.20995,41.10961,42.52058,45.45327,48.9183,46.2277,45.45327,53.85165,51.61395,55.22681,56.85948,64.00781,62.42596,64.49806,65.51336,68.96376,70.49113,71.56116,73.78347,77.66595,80.45496,83.86298,84.05355,82.66196,91.02198,90.60353,81.05554
11.7047,11.7047,11.18034,11.7047,11.18034,9.84886,10.29563,9.43398,9.43398,8.60233,8.60233,8.48528,8.48528,8.48528,7.81025,8.60233,8.06226,8.06226,7.61577,8.06226,8.544,8.544,8.544,9.48683,9.48683,10.44031,10.44031,10.44031,11.40175,10.44031,10.44031,10.77033,10.77033,10.77033,10.77033,10.29563,10.29563,9.43398,9.43398,9.43398,8.60233,9.21954,7.81025,7.81025,7.81025,7.07107,7.2111,6.40312,5.83095,5.83095,5.38516,5.09902,82.38932,73.06162,78.26238,72.69113,68.88396,62.39391,59.03389,62.80127,59.66574,58.94065,56.04463,56.04463,55.36244,50.92151,54.23099,48.76474,52.69725,48.82622,48.82622,44.20407,50.20956,47.38143,49.0408,46.2277,44.20407,51.31277,53.25411,51.31277,52.47857,56.4358,53.53504,57.24509,58.83026,61.91123,60.41523,61.61169,64.63745,62.96825,63.41136,57.38467,58.41233,58.69412,56.63921,56.63921,55.97321,54.67175,52.20153,50.21952,46.32494,44.65423,42.19005,41.62932,40.71855,37.36308,36.40055,33.13608,31.01612,33.10589,32.89377,30.41381,32.14032,31.01612,28.07134,26.30589,25.17936,25.0,19.41649,20.88061,17.26268,16.76305,13.0,9.21954,9.0,6.08276,6.40312,6.0,8.24621,13.0384,15.0333,18.02776,21.2132,23.19483,27.65863,29.06888,34.23449,35.35534,38.20995,38.20995,42.0119,41.30375,41.19466,44.72136,46.69047,48.25971,50.21952,52.7731,55.08176,55.54278,59.20304,61.84658,66.94027,66.70832,66.94027,69.92138,72.11103,74.04053,77.88453,80.52329,79.12016,84.40379,78.64477,84.5281,84.5281,82.20097
12.72792,12.04159,11.40175,12.04159,10.63015,10.63015,10.81665,10.0,9.43398,8.94427,9.43398,8.94427,8.94427,8.544,8.544,8.24621,9.05539,8.06226,8.06226,9.0,9.0,9.0,9.0,10.0,10.0,10.04988,11.04536,11.04536,12.04159,11.04536,11.0,12.0,11.0,11.0,11.04536,11.18034,11.18034,10.44031,9.48683,9.48683,9.48683,9.48683,8.94427,8.94427,8.06226,8.06226,7.2111,6.40312,5.65685,6.40312,5.83095,5.38516,79.88116,79.05694,77.33693,75.16648,73.10951,71.8401,67.26812,64.66065,58.79626,62.24147,61.84658,60.10824,54.56189,53.15073,53.2635,52.47857,50.08992,48.33218,48.46648,46.48656,53.16014,45.88028,48.6621,48.83646,48.6621,52.15362,52.08647,52.03845,56.0803,58.07753,57.31492,62.1289,60.03332,65.12296,59.03389,67.60178,65.49046,63.3877,62.16912,61.13101,57.48913,58.82176,59.77458,60.40695,61.84658,52.0,54.56189,47.85394,52.83938,48.8774,44.40721,44.68781,42.52058,37.64306,36.61967,36.61967,29.06888,34.9285,35.0,31.241,33.97058,31.14482,30.23243,27.20294,25.0,25.55386,24.16609,19.92486,18.38478,17.08801,13.41641,11.7047,8.60233,7.07107,5.09902,6.40312,12.04159,11.31371,15.0,17.80449,23.43075,22.02272,29.69848,28.42534,32.64966,33.24154,36.87818,36.12478,44.04543,41.40048,44.82187,46.2277,48.16638,47.42362,50.44799,52.3259,56.58622,62.93648,60.30755,64.44377,62.36986,65.94695,65.8559,68.0147,72.91776,73.0,78.49204,79.24645,82.21922,87.78383,79.24645,86.37129,91.28527,85.70298
13.15295,12.16553,12.04159,12.16553,12.04159,11.04536,10.0,10.0,10.0,10.0,9.05539,9.21954,9.21954,9.21954,8.24621,9.84886,8.94427,8.94427,8.06226,9.43398,9.43398,10.0,9.43398,10.0,10.63015,10.63015,10.63015,11.40175,11.40175,12.04159,10.81665,12.20656,11.6619,11.6619,11.6619,11.18034,11.18034,10.77033,9.84886,9.48683,9.48683,9.48683,9.21954,8.24621,8.06226,8.06226,7.0,7.0,7.07107,6.08276,6.32456,5.38516,80.23092,78.74643,72.56721,73.00685,71.80529,66.94027,65.30697,63.63961,63.50591,58.69412,57.07889,55.00909,53.03772,58.07753,52.03845,51.78803,54.91812,49.64877,45.88028,48.08326,50.15974,46.51881,46.52956,49.09175,48.01042,54.6443,54.91812,54.40588,56.22277,60.30755,56.63921,60.10824,59.46427,60.959,62.96825,60.44005,65.43699,64.40497,66.03787,64.3506,62.43397,65.76473,60.82763,57.00877,56.0803,57.77543,51.86521,55.97321,44.92215,45.88028,47.80167,40.79216,41.30375,39.20459,36.12478,36.87818,30.36445,33.01515,34.23449,33.95585,30.67572,30.46309,27.78489,28.84441,25.4951,29.68164,23.85372,21.93171,18.43909,16.40122,14.14214,12.72792,6.7082,7.2111,4.47214,5.0,8.544,10.77033,17.02939,19.23538,22.13594,27.51363,27.20294,28.79236,30.36445,33.24154,37.64306,37.0,41.0,44.94441,44.64303,45.60702,49.47727,49.0408,49.0408,52.7731,52.61179,57.87055,62.80127,62.80127,67.36468,63.3877,69.02898,68.11755,72.02777,75.66373,83.60024,80.62258,77.78175,85.15868,85.51023,86.88498,85.90693,87.47571
13.89244,13.0384,12.80625,12.20656,12.20656,11.40175,11.40175,10.63015,10.63015,9.89949,9.89949,9.21954,9.21954,8.60233,8.60233,10.29563,8.94427,8.94427,8.544,9.48683,9.48683,9.48683,9.48683,10.19804,10.19804,10.19804,11.18034,12.16553,11.18034,12.16553,11.40175,12.36932,11.40175,11.7047,11.7047,11.7047,12.08305,10.29563,10.29563,9.43398,10.0,10.0,9.21954,9.21954,9.21954,8.48528,7.81025,7.2111,7.2111,7.61577,7.28011,6.32456,82.73452,76.92204,76.53757,72.56032,74.70609,72.47068,66.7308,67.41662,62.68174,59.07622,58.5235,57.62812,59.20304,56.0803,52.49762,52.49762,52.40229,50.21952,52.20153,46.87217,54.56189,45.65085,46.95743,52.35456,49.76947,54.12947,50.28916,55.7853,56.30275,61.39218,59.20304,61.68468,55.71355,65.78754,58.5235,63.90618,65.55151,63.15853,64.49806,61.29437,56.93856,60.74537,64.3506,56.85948,55.31727,57.38467,55.86591,50.24938,50.32892,46.75468,44.20407,41.88078,44.10215,38.07887,40.5216,35.44009,32.38827,33.54102,34.4093,32.80244,33.24154,28.42534,30.52868,24.18677,23.76973,25.07987,22.82542,22.47221,17.08801,16.12452,11.7047,9.21954,5.09902,5.83095,5.38516,7.28011,7.2111,15.81139,15.81139,19.10497,22.67157,22.2036,26.90725,31.40064,34.82815,33.30165,38.60052,36.40055,43.04649,44.65423,43.82921,48.60041,49.92995,48.27007,51.08816,51.85557,57.38467,58.25805,62.28965,64.03124,68.593,66.06815,68.62215,67.94115,70.0928,75.69016,78.1025,78.40918,81.34494,85.60374,81.60882,91.83681,91.83681,81.63333
13.60147,12.64911,12.36932,12.36932,11.40175,11.40175,11.18034,10.19804,10.19804,10.04988,10.04988,10.0,10.0,9.05539,9.05539,10.19804,9.21954,9.21954,9.48683,9.48683,9.48683,9.84886,9.84886,11.18034,11.18034,11.18034,11.18034,12.08305,12.08305,12.08305,11.7047,11.7047,12.08305,11.7047,11.7047,11.40175,11.40175,11.18034,10.19804,10.04988,10.04988,10.04988,10.0,9.0,9.05539,8.0,8.06226,7.28011,7.28011,6.32456,6.32456,5.83095,85.61542,81.3941,75.27284,73.92564,70.77429,67.77905,73.73602,64.62198,61.09828,57.87055,58.24946,53.75872,58.69412,55.57877,53.33854,51.0392,56.0803,53.33854,47.16991,47.38143,52.39275,50.63596,49.33559,48.70318,48.76474,50.96077,54.56189,53.7122,61.26989,61.40033,58.66856,62.6099,63.97656,67.62396,63.95311,66.85058,65.79514,65.0,66.7308,63.89053,63.90618,63.78871,63.63961,62.64982,56.4358,60.29925,52.03845,54.08327,48.01042,48.09366,46.38965,42.95346,42.44997,39.84972,38.8973,34.0147,35.0,35.01428,32.55764,31.257,35.1141,33.10589,26.41969,31.62278,23.43075,29.68164,23.43075,20.61553,14.86607,16.27882,12.04159,12.80625,9.21954,6.08276,4.47214,4.12311,10.0,12.08305,17.72005,17.26268,20.24846,22.56103,28.79236,30.67572,31.95309,34.53983,36.76955,37.33631,39.81206,37.69615,39.92493,46.23851,45.54119,49.33559,48.70318,52.81098,53.75872,58.24088,62.0967,63.06346,66.28725,64.32729,65.52099,70.40597,70.40597,72.36712,80.52329,81.0432,80.04998,86.02325,81.32035,88.86507,87.28115,87.31552
13.41641,13.0,12.08305,12.08305,10.77033,10.77033,10.77033,10.44031,10.44031,9.21954,10.19804,9.05539,9.05539,9.0,9.0,9.05539,9.05539,8.06226,8.24621,9.21954,8.24621,9.48683,8.544,9.84886,10.77033,9.84886,11.18034,10.77033,12.08305,10.77033,10.77033,10.77033,11.7047,10.44031,11.40175,10.19804,11.18034,10.04988,10.04988,10.0,9.05539,10.04988,9.05539,9.05539,8.06226,7.07107,7.28011,6.32456,6.7082,5.83095,6.40312,5.65685,84.90583,75.45197,76.66159,71.28113,70.83078,69.83552,64.49806,68.26419,59.48109,57.70615,55.15433,56.64804,55.71355,52.20153,49.98,47.38143,53.75872,50.80354,49.16299,49.0408,53.08484,48.04165,48.50773,50.35871,52.63079,54.34151,52.95281,55.02727,54.40588,57.24509,56.32051,58.82176,59.13544,62.29767,65.78754,67.05222,66.48308,63.56886,62.80127,60.82763,59.5399,60.03332,60.07495,57.00877,56.0803,59.00847,57.31492,51.24451,46.69047,47.85394,44.38468,43.93177,40.8534,37.57659,38.94868,33.83785,32.64966,33.37664,33.61547,33.61547,32.24903,30.23243,30.41381,27.45906,26.90725,24.08319,23.34524,19.84943,13.60147,17.02939,11.31371,7.81025,9.21954,3.16228,5.38516,7.61577,14.14214,16.12452,15.65248,19.31321,19.72308,27.45906,30.08322,31.76476,35.35534,36.35932,41.59327,39.66106,43.04649,43.41659,43.04649,47.16991,48.54894,48.76474,51.88449,50.9902,56.36488,60.82763,64.07808,61.32699,67.77905,66.21178,67.05222,70.5762,70.93659,75.96052,81.02469,76.55717,82.34683,85.42248,85.0,92.7847,85.08819,86.95401
13.45362,12.80625,12.20656,12.80625,11.40175,10.63015,10.81665,10.81665,10.0,9.43398,10.29563,9.84886,8.94427,8.544,8.544,9.21954,8.24621,8.06226,8.06226,9.05539,9.05539,9.0,9.0,10.04988,10.0,10.04988,11.04536,11.04536,11.04536,11.04536,11.0,11.0,11.0,11.04536,11.04536,11.04536,11.18034,10.44031,10.19804,9.48683,9.48683,9.48683,8.94427,8.94427,8.06226,8.06226,7.81025,7.81025,7.07107,6.40312,6.40312,5.83095,77.83315,80.0,75.00667,72.18033,76.38063,70.72482,67.89698,67.17887,62.24147,64.38167,57.00877,55.21775,53.60037,54.91812,53.82379,53.66563,55.4617,46.06517,47.53946,48.76474,46.32494,50.21952,48.6621,52.61179,48.6621,55.3263,54.00926,56.0357,57.14018,57.21888,58.00862,57.00877,61.0,59.03389,62.20129,63.1981,68.00735,64.07027,62.64982,63.95311,63.78871,62.8172,57.28001,58.5235,56.32051,54.78138,54.56189,53.66563,47.41308,47.16991,45.80393,44.41846,41.10961,37.53665,38.94868,36.89173,33.61547,32.89377,30.8707,32.64966,30.61046,33.97058,27.58623,25.6125,26.07681,26.24881,23.32381,20.80865,17.49286,17.88854,11.7047,10.81665,7.61577,3.16228,8.06226,8.544,11.31371,15.0,17.88854,17.02939,20.24846,24.08319,26.92582,27.58623,32.80244,34.82815,38.94868,39.69887,41.03657,44.68781,42.42641,44.59821,46.8615,51.40039,54.20332,53.41348,58.25805,58.13777,63.24555,63.03174,67.47592,65.60488,69.63476,69.63476,70.17834,75.21303,77.20104,80.80223,86.02325,84.50444,88.09086,87.72685,87.9659,86.26703
14.0,13.0,12.04159,13.0,12.0,11.0,11.04536,10.04988,11.18034,10.19804,10.19804,10.44031,9.48683,9.84886,8.94427,10.29563,9.43398,9.43398,9.21954,10.0,10.0,9.89949,10.63015,10.63015,10.63015,11.31371,11.31371,12.04159,11.31371,12.72792,12.04159,12.04159,12.04159,12.04159,11.40175,12.20656,11.6619,11.6619,11.18034,10.29563,10.29563,9.84886,9.84886,9.48683,8.544,8.544,8.24621,8.24621,7.07107,7.0,7.07107,6.08276,79.02531,78.0,77.16217,75.10659,70.34913,71.25307,64.28063,66.37017,57.14018,65.11528,60.63827,56.51548,57.28001,52.49762,55.65968,53.7122,53.7122,50.11986,48.8774,50.0,54.56189,51.22499,48.08326,51.73973,49.51767,55.17246,52.80152,58.82176,58.25805,59.64059,59.36329,61.85467,58.89822,62.1289,64.07027,68.41053,64.66065,65.60488,64.53681,59.4138,60.82763,62.24147,61.55485,59.5483,56.61272,57.42822,53.25411,52.15362,51.31277,47.42362,46.09772,44.77723,41.23106,39.56008,38.63936,36.34556,34.0,31.32092,33.24154,31.14482,31.06445,26.1725,26.68333,25.4951,25.70992,25.29822,22.84732,20.61553,17.88854,17.49286,14.31782,10.29563,8.06226,4.0,4.24264,5.09902,11.40175,15.29706,16.49242,18.0,24.08319,25.01999,28.01785,27.07397,29.01724,34.0147,38.0,38.11824,38.11824,40.04997,41.01219,45.0,46.01087,48.16638,50.15974,50.24938,54.91812,58.54912,61.81424,61.66036,62.64982,65.73431,65.9242,70.83078,71.80529,69.87131,80.80842,81.21576,80.41144,85.84288,82.03658,87.46428,85.37564,81.09871
12.80625,12.04159,11.31371,11.31371,11.31371,9.89949,9.89949,9.89949,9.21954,9.21954,8.60233,8.94427,8.94427,8.94427,8.544,9.48683,8.24621,8.24621,8.06226,9.05539,9.05539,9.05539,9.05539,10.04988,10.0,10.0,11.0,11.04536,11.0,11.04536,11.04536,11.04536,11.04536,11.18034,11.18034,11.40175,10.44031,10.44031,9.84886,9.84886,8.94427,8.94427,8.94427,8.06226,8.60233,7.2111,7.07107,7.07107,6.40312,5.83095,5.83095,5.38516,79.92496,80.62258,74.4043,71.34424,72.42237,65.21503,64.2028,66.61081,56.40035,62.00806,58.41233,56.58622,56.58622,53.8145,52.34501,52.80152,52.80152,50.60632,48.8774,48.76474,49.65884,50.56679,48.27007,48.76474,48.76474,52.88667,49.81967,54.33231,52.46904,59.5399,57.55867,63.95311,59.4138,62.80127,64.49806,61.18823,62.58594,63.32456,65.78754,63.56886,64.19502,63.90618,59.23681,62.16912,52.7731,56.93856,56.60389,52.20153,46.40043,44.04543,47.42362,42.44997,41.86884,41.34005,36.61967,34.0147,35.4683,35.51056,31.241,33.97058,32.64966,30.80584,28.84441,27.313,25.63201,26.92582,24.69818,18.97367,18.43909,17.72005,13.0,8.24621,10.0,8.06226,6.08276,3.16228,9.21954,10.0,14.21267,18.78829,21.63331,24.41311,28.42534,24.41311,35.51056,35.0,35.38361,40.22437,40.80441,40.49691,43.60046,46.61545,51.85557,51.0392,50.44799,52.49762,55.31727,54.67175,62.24147,59.46427,67.26812,60.1415,67.89698,68.68042,72.24957,74.27651,80.72174,79.98125,85.04117,87.00575,81.8352,88.86507,82.80097,81.02469
14.0,13.0,14.03567,13.0384,13.0,12.0,12.04159,11.04536,11.18034,10.19804,11.18034,10.44031,9.48683,9.48683,9.48683,10.29563,9.43398,9.43398,9.43398,10.0,10.0,9.21954,9.21954,10.63015,10.63015,10.63015,11.31371,12.04159,12.72792,12.72792,12.04159,12.04159,12.04159,12.04159,11.40175,12.20656,11.6619,11.18034,11.18034,10.77033,10.77033,9.84886,10.44031,9.48683,9.21954,9.21954,8.06226,8.06226,8.0,8.06226,7.07107,6.32456,82.21922,81.00617,79.76215,74.54529,71.17584,67.06713,67.89698,64.77654,65.30697,60.20797,57.07013,55.54278,57.00877,53.45091,50.59644,52.35456,54.58938,50.77401,47.16991,46.61545,52.63079,47.50789,51.62364,50.93133,49.49747,53.03772,55.44367,59.07622,56.30275,55.75841,57.45433,60.20797,59.64059,65.80274,63.24555,65.8559,61.84658,65.11528,63.65532,61.52235,58.72819,63.03174,59.5483,61.22091,54.6443,55.21775,54.08327,53.7122,47.88528,46.61545,43.9659,43.32436,43.01163,39.45884,41.19466,34.0,33.13608,34.4093,30.36445,34.48188,31.40064,32.24903,29.0,26.0,28.16026,25.01999,22.56103,21.2132,19.23538,15.52417,16.76305,7.07107,8.0,5.38516,4.0,9.05539,10.0,12.16553,17.26268,21.37756,23.08679,23.19483,29.27456,28.16026,30.41381,34.05877,38.11824,37.05401,45.17743,43.10452,45.39824,46.38965,49.25444,49.24429,49.24429,57.07013,61.03278,56.51548,59.90826,60.20797,67.18631,65.96969,72.03471,71.06335,73.08215,72.27724,78.84795,80.28076,79.55501,84.72308,84.34453,88.64536,88.28363,85.70881
14.31782,12.64911,12.64911,12.64911,12.64911,11.7047,10.77033,10.77033,11.18034,9.84886,10.29563,10.29563,9.43398,10.0,8.60233,9.89949,9.21954,9.89949,9.21954,10.0,10.0,10.0,10.0,10.81665,10.81665,10.81665,11.6619,12.20656,12.20656,12.20656,11.40175,11.40175,12.04159,12.04159,12.04159,12.04159,12.04159,10.63015,10.0,10.0,10.81665,9.43398,9.43398,9.43398,8.94427,8.94427,8.544,8.24621,7.28011,7.07107,7.0,6.0,80.32434,76.55064,79.70571,72.8011,70.77429,71.51224,67.41662,70.38466,63.56099,61.7414,59.9333,61.91123,62.17717,51.31277,55.80323,55.17246,53.03772,48.79549,47.38143,48.83646,53.0,45.45327,50.60632,48.8774,52.7731,52.7731,55.4617,61.32699,57.93962,61.68468,54.70832,63.24555,60.53924,68.00735,59.80803,68.942,67.08204,60.00833,66.88797,59.94164,59.16925,59.64059,62.20129,61.40033,59.4138,54.45181,53.75872,52.3259,50.9902,50.44799,47.80167,43.26662,44.41846,38.48376,37.16181,36.40055,32.55764,31.1127,30.80584,31.76476,32.64966,30.67572,29.83287,26.68333,28.44293,25.4951,24.02082,22.0,19.0263,18.02776,13.0384,10.19804,7.07107,7.0,6.32456,7.07107,8.94427,12.36932,14.42221,19.23538,22.36068,23.70654,25.55386,28.30194,32.69557,33.24154,38.94868,34.9285,43.08132,42.54409,39.84972,43.9659,47.85394,45.18849,52.35456,54.12947,55.56978,57.98276,60.90156,63.13478,63.63175,65.0,65.19202,72.47068,75.29276,71.58911,78.03204,81.41253,79.25907,80.95678,82.34683,88.14193,95.7549,92.11406
13.89244,13.89244,13.60147,13.89244,13.0384,12.20656,12.20656,10.63015,11.40175,9.89949,11.31371,10.63015,10.63015,10.0,10.0,10.29563,10.29563,9.43398,9.84886,10.44031,10.44031,10.44031,10.44031,11.40175,11.40175,12.16553,12.16553,12.36932,13.34166,12.16553,12.36932,12.64911,12.36932,12.64911,12.64911,11.7047,12.08305,11.18034,11.18034,11.6619,10.81665,10.81665,10.0,10.0,9.21954,9.21954,8.48528,7.81025,7.81025,7.2111,7.2111,6.7082,82.05486,78.23043,73.24616,73.0,75.16648,67.1193,71.17584,68.18358,60.53098,60.20797,57.70615,56.32051,61.13101,54.12024,53.48832,52.39275,52.80152,53.7122,46.32494,48.8774,52.00961,51.85557,45.27693,50.91169,48.10405,52.34501,54.67175,55.80323,54.40588,62.68174,62.00806,64.40497,60.30755,64.2028,64.53681,64.53681,64.53681,65.8559,62.96825,65.11528,65.06919,63.70243,57.80138,64.03124,55.60576,56.30275,53.53504,53.33854,49.1935,45.61798,48.10405,42.72002,42.2019,37.85499,40.31129,36.12478,33.24154,36.67424,32.89377,29.61419,33.06055,33.06055,30.01666,26.07681,23.34524,25.96151,25.0,19.92486,14.86607,13.92839,11.7047,10.44031,8.24621,3.0,7.07107,7.61577,10.04988,14.03567,14.03567,17.46425,18.11077,23.08679,25.96151,30.14963,33.13608,31.257,38.11824,35.01428,40.04997,38.11824,38.32754,46.01087,52.08647,47.51842,50.24938,49.64877,57.07013,57.97413,59.22837,59.84146,66.28725,58.24946,62.80127,67.08204,74.46476,73.34848,80.23092,75.9276,82.96987,85.0,81.7435,85.84288,84.59314,87.28115
13.41641,12.52996,12.20656,11.6619,11.6619,10.81665,10.81665,10.0,10.0,9.21954,9.21954,9.21954,9.21954,8.60233,8.60233,8.94427,8.94427,8.94427,8.544,8.544,8.24621,9.21954,9.21954,10.19804,10.04988,10.04988,11.04536,11.18034,12.16553,11.04536,11.18034,11.18034,11.18034,11.40175,11.40175,11.7047,10.77033,9.84886,9.84886,9.84886,9.43398,9.43398,8.60233,8.60233,7.81025,7.81025,7.07107,7.07107,6.40312,5.83095,6.7082,5.38516,76.65507,78.33901,71.7844,74.33034,74.33034,68.62215,64.84597,66.48308,61.26989,58.69412,59.03389,53.7122,56.35601,55.56978,51.0,49.81967,52.49762,50.20956,45.34314,46.75468,48.02083,48.60041,46.09772,51.89412,47.88528,52.80152,55.15433,54.42426,57.93962,57.77543,59.61543,61.46544,60.53924,60.16644,64.2573,62.24147,58.13777,62.64982,62.64982,61.77378,62.43397,61.29437,59.40539,59.07622,52.20153,59.40539,49.51767,53.07542,48.10405,46.09772,46.8615,46.61545,40.22437,40.24922,38.62642,32.28002,33.54102,36.35932,34.48188,33.83785,32.98485,34.20526,29.42788,25.17936,27.01851,26.01922,23.0,19.23538,17.11724,16.27882,14.86607,10.04988,8.94427,6.7082,7.07107,9.21954,10.0,7.0,16.12452,17.26268,21.18962,24.73863,28.16026,29.61419,30.59412,38.32754,35.73514,37.65634,40.49691,46.32494,40.49691,45.12206,45.22168,49.64877,50.92151,53.85165,60.53924,55.71355,63.50591,58.69412,65.30697,65.0,71.58911,74.24958,73.40981,78.29432,81.02469,80.62258,85.90693,84.8646,81.9329,90.24965,85.79627,88.86507
13.34166,13.60147,12.64911,12.64911,12.36932,11.40175,10.77033,10.77033,10.77033,9.84886,10.29563,9.43398,9.43398,9.43398,9.21954,9.21954,9.89949,8.48528,9.21954,9.21954,8.60233,10.0,9.43398,9.43398,10.29563,10.29563,11.6619,11.6619,11.6619,11.6619,10.81665,12.20656,11.6619,11.40175,11.40175,12.04159,11.31371,11.31371,10.63015,10.63015,10.0,10.0,9.43398,8.06226,8.94427,8.06226,8.544,8.24621,7.28011,7.07107,7.0,6.0,76.0,84.02381,75.32596,75.16648,73.24616,65.27634,68.11755,66.27217,66.48308,56.56854,59.22837,54.12947,57.72348,59.90826,54.81788,53.23533,53.22593,49.73932,44.72136,50.47772,52.00961,54.20332,46.75468,50.24938,45.34314,55.17246,53.8145,57.2014,51.40039,62.68174,58.60034,56.22277,60.44005,61.84658,64.63745,61.6198,65.05382,66.48308,63.63961,62.36986,67.17887,62.00806,62.20129,59.40539,55.0,60.53924,50.53712,54.58938,47.92703,45.88028,44.64303,46.17359,40.02499,42.19005,37.33631,34.0,35.22783,34.88553,31.01612,31.7805,31.57531,31.14482,29.0,26.0,27.45906,24.5153,25.0,21.18962,14.86607,13.15295,14.0,6.08276,8.544,6.08276,3.60555,6.0,8.06226,15.0,15.13275,19.41649,22.09072,26.30589,28.07134,31.01612,29.15476,36.22154,39.81206,37.21559,43.28972,43.10452,42.57934,46.04346,46.52956,48.6621,51.41984,51.97115,58.85576,55.9017,64.56005,58.69412,71.8401,63.56099,65.80274,68.65858,71.30919,73.97973,83.54639,78.33901,84.40379,81.04937,88.11924,90.79648,88.56636,87.36704
12.52996,12.52996,12.20656,11.6619,10.81665,10.29563,10.0,10.0,10.0,9.21954,8.48528,9.21954,9.21954,8.60233,8.60233,9.43398,8.06226,8.06226,8.544,8.544,8.544,9.48683,8.544,9.21954,10.19804,10.19804,10.19804,11.18034,11.40175,11.40175,10.44031,10.77033,10.77033,10.77033,10.77033,10.77033,10.29563,9.43398,9.43398,10.0,9.21954,9.21954,9.21954,7.81025,7.81025,7.81025,7.2111,6.7082,6.7082,6.32456,6.32456,5.09902,75.95393,79.62412,77.66595,73.24616,72.53275,64.84597,65.96969,63.32456,62.64184,60.87693,56.46238,54.626,55.9464,51.0,53.66563,49.09175,54.08327,48.27007,44.59821,46.69047,53.15073,47.63402,46.40043,47.80167,48.27007,54.08327,52.83938,56.79789,57.27128,60.83584,55.54278,61.32699,60.90156,61.7171,64.40497,63.95311,63.95311,66.37017,66.61081,63.24555,63.41136,61.84658,55.97321,63.25346,54.45181,57.28001,52.49762,52.49762,44.40721,48.02083,45.61798,43.41659,41.23106,37.69615,38.60052,35.17101,31.14482,36.89173,30.8707,32.89377,32.98485,32.98485,29.06888,27.29469,26.0,27.0,22.2036,19.10497,20.39608,15.0333,13.0384,12.16553,7.2111,2.82843,5.09902,5.38516,5.38516,13.0384,15.0333,17.0,22.13594,23.76973,28.23119,29.73214,30.80584,33.95585,34.71311,39.81206,44.14748,42.95346,42.95346,47.29693,47.80167,49.0408,50.28916,54.57105,55.71355,56.921,61.03278,63.24555,64.2573,64.62198,67.77905,72.8011,75.76939,75.96052,78.18568,82.07923,83.7735,81.32035,84.50444,91.08238,85.70298,89.02247
13.0384,12.20656,11.40175,11.40175,11.40175,10.63015,9.89949,9.89949,9.89949,9.21954,10.0,9.43398,8.60233,8.94427,8.94427,9.84886,9.48683,8.544,9.21954,9.21954,9.21954,10.04988,10.04988,10.04988,11.04536,11.04536,11.04536,12.04159,12.16553,12.04159,11.18034,12.16553,12.16553,11.18034,11.18034,11.40175,11.40175,10.77033,10.77033,10.77033,9.84886,8.94427,9.43398,8.94427,8.06226,8.06226,7.81025,7.81025,7.07107,7.07107,5.83095,5.0,80.62258,77.52419,80.45496,70.23532,72.40166,69.46222,66.0303,69.40461,63.60031,59.20304,54.20332,56.22277,53.90733,56.58622,49.51767,49.81967,54.40588,51.0392,48.8774,50.9902,53.85165,47.16991,49.64877,50.92151,50.32892,55.36244,56.88585,55.57877,58.85576,57.31492,54.33231,63.78871,64.13267,62.39391,64.62971,64.03124,64.03124,66.48308,63.89053,63.32456,62.93648,64.2573,62.62587,61.46544,55.56978,56.79789,53.53504,55.56978,49.09175,49.64877,43.86342,45.96738,44.68781,40.31129,38.01316,35.51056,34.9285,37.53665,31.40064,32.80244,31.90611,31.30495,31.01612,25.29822,26.92582,28.01785,21.09502,23.19483,18.0,17.02939,18.0,11.0,10.0,2.82843,3.60555,7.07107,7.61577,11.18034,13.60147,16.15549,21.93171,22.47221,26.92582,27.45906,31.38471,34.43835,38.58756,36.24914,43.909,42.04759,41.59327,45.17743,46.87217,48.01042,52.63079,51.0392,55.0,57.42822,59.20304,62.00806,63.89053,63.25346,62.36986,66.21933,71.8401,75.0,77.62087,81.05554,82.46211,85.70298,80.99383,89.627,86.53323,84.0595
14.31782,13.34166,13.15295,13.34166,13.34166,12.16553,12.16553,11.04536,11.04536,11.04536,11.0,11.04536,10.04988,10.04988,9.05539,10.19804,9.48683,9.48683,9.48683,9.84886,9.84886,9.84886,10.29563,10.29563,11.18034,10.81665,11.6619,12.52996,11.6619,12.52996,12.52996,12.08305,12.08305,11.7047,12.08305,12.64911,12.36932,11.18034,11.18034,10.19804,11.04536,10.04988,10.04988,10.0,9.05539,9.05539,8.06226,8.06226,8.24621,7.28011,6.7082,6.7082,42.57934,40.60788,40.11234,35.51056,36.34556,34.23449,32.24903,36.22154,33.13608,31.14482,31.01612,28.07134,29.01724,27.07397,26.01922,27.89265,26.30589,26.24881,23.4094,24.69818,26.40076,24.16609,25.94224,26.07681,24.18677,26.07681,26.62705,28.42534,27.20294,29.06888,30.0,31.241,29.83287,32.64966,30.4795,33.6006,31.62278,32.80244,33.6006,31.38471,30.88689,31.30495,30.46309,29.96665,29.73214,28.4605,28.4605,26.4764,25.31798,24.18677,23.34524,23.02173,21.09502,20.02498,20.22375,19.64688,17.08801,16.76305,17.11724,15.0333,16.0,14.14214,15.29706,13.34166,12.64911,10.44031,10.77033,8.94427,8.24621,6.7082,5.38516,2.0,3.16228,3.60555,3.16228,4.12311,6.08276,7.07107,9.0,10.0,11.0,12.0,14.14214,15.13275,15.0333,17.26268,22.02272,18.11077,21.0238,22.09072,22.2036,24.02082,24.02082,25.07987,25.0,26.0,29.0,29.06888,31.01612,33.06055,33.01515,32.0,33.13608,36.05551,38.0526,38.11824,42.04759,42.0,42.04759,44.10215,40.04997,47.04253,45.01111,43.10452
14.03567,13.15295,13.15295,13.15295,12.16553,11.18034,11.18034,11.40175,11.40175,10.44031,10.44031,9.84886,9.84886,9.84886,8.94427,10.29563,9.43398,9.43398,9.21954,9.21954,9.21954,9.89949,9.89949,10.63015,10.63015,10.63015,11.40175,12.04159,12.04159,12.04159,11.31371,12.04159,12.04159,11.31371,12.04159,11.40175,10.81665,11.6619,10.29563,10.29563,9.84886,9.84886,9.84886,8.544,9.21954,8.24621,8.24621,8.06226,7.0,7.0,7.07107,6.32456,80.00625,83.21658,76.53104,76.05919,75.32596,68.35934,66.37017,70.34913,62.96825,61.52235,62.16912,53.93515,59.22837,50.59644,50.96077,51.24451,55.9017,52.47857,48.37355,49.92995,52.20153,48.41487,48.83646,51.73973,50.24938,54.48853,51.08816,58.00862,58.0517,61.61169,57.48913,61.22091,59.66574,65.29931,61.6198,63.65532,60.82763,61.52235,65.94695,63.12686,62.20129,61.61169,60.20797,60.74537,57.3062,57.45433,55.47071,56.46238,47.75982,48.70318,46.17359,44.92215,43.41659,39.05125,41.04875,36.01389,34.36568,32.75668,36.24914,30.36445,30.08322,30.14963,28.16026,27.01851,25.01999,28.28427,21.2132,19.41649,18.24829,15.13275,12.16553,10.04988,5.09902,7.07107,6.08276,8.544,12.16553,14.14214,17.26268,20.61553,20.22375,26.68333,27.20294,30.41381,31.57531,32.24903,38.47077,34.52535,42.29657,42.75512,43.41659,48.50773,45.54119,46.69047,53.36666,52.95281,58.82176,55.54278,59.20304,62.36185,64.56005,65.0,64.84597,69.57011,69.92138,76.65507,81.02469,78.8543,82.28001,84.34453,81.3941,91.98369,91.24144,84.59314
12.16553,12.36932,11.40175,12.36932,11.40175,11.18034,10.44031,9.48683,9.48683,8.544,8.94427,8.94427,8.06226,8.06226,8.60233,9.21954,8.48528,8.48528,8.48528,9.21954,8.60233,8.60233,8.60233,9.43398,9.43398,9.43398,10.29563,10.81665,10.81665,10.81665,10.81665,11.40175,11.40175,10.63015,10.63015,9.89949,10.63015,10.0,9.43398,10.0,9.43398,9.43398,8.94427,8.06226,7.61577,7.61577,7.28011,7.07107,6.08276,6.0,6.08276,5.09902,79.30952,75.66373,72.36712,73.1642,68.88396,64.62971,69.58448,63.95311,59.43904,57.48913,57.97413,56.32051,56.921,53.14132,52.55473,49.1935,48.76474,45.79301,46.14109,47.80167,50.9902,48.08326,45.25483,48.79549,50.91169,49.81967,52.63079,51.31277,54.40588,60.46487,57.14018,57.2014,56.22277,59.90826,62.42596,62.62587,60.60528,60.80296,61.52235,61.55485,60.20797,57.31492,55.44367,55.80323,52.15362,55.47071,46.64762,51.97115,45.61798,44.77723,40.8534,44.27189,41.76123,38.32754,35.12834,34.0147,33.24154,32.75668,32.64966,30.08322,31.38471,30.59412,27.45906,29.15476,25.01999,23.0,23.02173,20.22375,18.11077,15.13275,10.19804,10.0,6.08276,7.2111,5.09902,6.0,10.19804,13.60147,13.34166,19.92486,20.24846,24.35159,25.29822,27.45906,32.14032,35.12834,34.71311,37.33631,41.59327,43.56604,39.81206,44.14748,41.23106,51.66237,49.0306,51.66237,54.70832,53.85165,61.03278,59.77458,65.14599,59.20304,65.45991,67.35726,70.00714,70.88018,80.08121,76.844,83.21658,84.40379,83.19856,89.4986,82.37718,81.58431
13.15295,13.15295,12.04159,12.04159,12.04159,11.04536,11.0,11.0,10.0,9.05539,10.04988,10.19804,9.21954,9.21954,8.24621,8.544,8.94427,8.94427,8.06226,8.60233,8.60233,9.21954,9.21954,9.21954,10.63015,10.63015,10.63015,12.04159,12.04159,12.04159,11.40175,11.40175,11.40175,10.81665,11.6619,11.6619,11.18034,9.84886,10.77033,9.48683,9.48683,9.48683,9.21954,8.24621,8.24621,8.06226,8.0,7.0,7.07107,6.08276,6.32456,5.83095,40.31129,39.62323,38.0526,36.12478,36.01389,32.14032,33.01515,33.06055,30.0,30.01666,29.01724,28.07134,29.27456,27.16616,26.30589,26.24881,24.73863,26.57066,21.93171,25.07987,27.29469,24.59675,22.80351,23.43075,23.60085,25.0,25.4951,26.90725,27.65863,30.41381,28.3196,29.73214,29.69848,31.1127,31.1127,31.89044,32.55764,30.4795,30.23243,29.41088,28.84441,30.01666,29.52965,28.17801,26.40076,26.40076,27.51363,23.76973,24.73863,23.08679,21.58703,21.2132,21.2132,20.0,19.0263,18.43909,13.60147,17.72005,15.29706,19.0263,18.0,15.0333,15.29706,14.31782,12.64911,13.60147,13.0,9.48683,8.544,7.61577,6.32456,6.7082,3.0,4.47214,1.41421,3.60555,5.0,6.32456,8.24621,10.04988,11.0,13.0384,15.0333,16.12452,18.0,16.12452,20.02498,18.11077,19.41649,20.0,22.2036,24.18677,24.08319,25.07987,27.07397,26.1725,27.0,31.01612,32.0,31.0,34.0147,33.06055,35.0,34.05877,37.12142,34.1321,41.04875,41.01219,43.01163,43.04649,42.0119,44.10215,45.01111,44.18144
13.0,12.04159,12.16553,12.04159,11.04536,11.04536,10.19804,10.19804,10.19804,9.48683,9.21954,9.48683,8.544,8.94427,8.06226,8.60233,8.60233,8.60233,7.81025,8.48528,8.48528,9.21954,8.48528,9.21954,10.0,10.0,10.0,10.63015,10.63015,10.63015,10.63015,11.31371,11.31371,11.31371,11.31371,11.40175,10.81665,10.29563,10.29563,10.29563,8.94427,8.94427,8.544,8.544,8.544,7.28011,7.07107,7.07107,7.0,6.0,6.08276,5.38516,78.40918,77.27872,78.23043,74.33034,72.24957,68.06614,67.36468,68.00735,66.1211,58.00862,59.00847,56.32051,53.60037,53.23533,54.58938,49.0306,53.85165,50.28916,46.17359,50.9902,51.97115,50.53712,48.02083,52.80152,47.43416,49.20366,53.90733,56.63921,55.97321,60.87693,56.0803,61.6198,59.66574,63.63961,62.24147,63.25346,63.89053,64.40497,59.64059,60.74537,62.43397,62.17717,59.48109,56.79789,56.46238,60.92618,56.64804,53.14132,45.89118,47.29693,46.27094,44.28318,40.0,38.11824,39.45884,33.73426,31.95309,33.24154,34.9285,33.24154,33.01515,29.15476,28.28427,25.31798,24.33105,25.4951,22.80351,21.93171,17.08801,17.08801,10.77033,9.48683,8.544,5.09902,8.60233,10.0,9.05539,12.04159,17.26268,19.41649,20.09975,22.0,27.07397,32.01562,32.01562,35.01428,38.01316,37.01351,44.04543,45.17743,44.0,46.04346,47.0,49.25444,53.00943,55.00909,55.00909,56.14268,67.02984,61.29437,67.18631,63.03174,76.53104,71.44928,74.67262,74.43118,76.41989,80.22468,81.15417,83.09633,84.02381,89.02247,89.08984,86.09297
14.03567,13.0,13.0,13.0,12.0,11.0,12.04159,10.04988,10.04988,10.19804,10.19804,9.21954,9.21954,9.48683,9.48683,9.84886,8.94427,8.94427,9.43398,9.43398,9.43398,9.21954,9.21954,10.0,10.63015,10.63015,10.63015,11.40175,12.04159,10.63015,11.40175,11.40175,11.40175,10.81665,10.81665,11.6619,11.18034,10.77033,10.77033,10.44031,10.44031,9.48683,9.21954,9.21954,9.21954,8.06226,8.0,8.0,8.06226,7.07107,7.28011,6.32456,84.17244,75.32596,79.02531,75.10659,70.17834,69.18092,68.06614,69.11584,60.00833,62.0,62.07254,58.13777,61.52235,56.51548,50.63596,50.92151,54.70832,53.48832,48.70318,47.42362,52.47857,49.1935,54.6443,52.43091,49.64877,49.81967,52.63079,57.98276,56.85068,60.81118,57.98276,64.44377,60.20797,67.89698,60.10824,64.40497,66.70832,62.80127,61.91123,59.07622,57.42822,64.49806,61.77378,62.16912,57.93962,55.02727,57.00877,53.75872,51.92302,48.05206,47.07441,45.39824,41.04875,39.20459,40.1995,36.87818,32.98485,35.4683,32.28002,31.14482,32.06244,30.26549,28.07134,27.29469,27.29469,24.04163,20.88061,19.31321,19.31321,14.86607,11.40175,6.7082,8.0,6.32456,7.81025,9.84886,8.06226,14.31782,14.0,17.11724,21.0238,26.1725,26.4764,31.06445,35.0,35.01428,37.05401,36.05551,44.04543,42.0,40.04997,47.01064,48.04165,48.04165,51.0392,52.00961,58.42089,56.00893,60.20797,63.1981,66.37017,68.593,65.49046,70.34913,74.54529,71.17584,78.40918,81.3941,83.72574,87.02299,81.00617,90.00556,89.05055,84.02381
12.64911,12.08305,12.08305,11.7047,10.77033,9.84886,10.29563,10.29563,9.43398,9.43398,10.0,9.21954,9.21954,8.48528,8.48528,10.0,8.60233,9.43398,8.06226,8.94427,8.94427,9.84886,9.84886,9.84886,10.77033,10.44031,11.40175,11.7047,11.7047,11.7047,11.7047,12.08305,12.08305,11.18034,11.18034,11.6619,11.6619,10.81665,10.0,10.0,10.0,9.21954,9.89949,8.48528,7.81025,7.81025,7.2111,7.2111,6.7082,6.7082,5.38516,5.09902,79.37884,79.12016,75.13322,76.32169,75.23962,64.07808,68.42514,69.77822,63.56099,57.3062,56.60389,56.85948,58.5235,58.25805,53.53504,50.9902,56.58622,52.49762,46.01087,49.40648,52.15362,51.61395,47.88528,52.80152,52.80152,52.80152,55.71355,58.82176,55.97321,62.58594,58.5235,59.80803,61.09828,61.68468,68.00735,60.92618,69.35416,65.19202,66.18912,59.94164,64.88451,63.52952,59.64059,61.03278,54.20332,57.48913,53.15073,53.07542,46.01087,47.63402,44.04543,44.65423,42.43819,40.71855,38.01316,34.0147,30.80584,34.65545,31.40064,32.75668,30.52868,31.95309,28.86174,29.12044,27.89265,27.29469,24.73863,22.0,17.11724,16.0,14.03567,11.18034,9.05539,5.0,6.7082,6.08276,7.2111,9.84886,12.36932,15.55635,19.92486,25.05993,26.40076,31.76476,30.8707,33.52611,37.16181,37.16181,39.39543,43.86342,42.05948,47.85394,43.65776,49.24429,50.60632,55.47071,55.56978,53.33854,62.43397,58.24946,69.64194,63.24555,65.0,69.89278,70.80254,73.78347,82.68011,80.45496,83.76157,82.8553,83.24062,89.47067,84.59905,90.47099
12.80625,12.80625,12.80625,12.20656,12.20656,10.81665,10.81665,10.29563,10.29563,9.84886,9.84886,9.48683,9.48683,9.21954,9.21954,10.19804,9.05539,9.05539,9.0,9.0,9.0,10.04988,10.04988,11.18034,11.18034,11.04536,11.18034,12.16553,12.16553,12.16553,12.04159,12.04159,12.04159,11.0,12.0,12.0,11.0,11.18034,10.04988,10.19804,10.19804,9.21954,10.19804,8.24621,9.48683,8.544,7.61577,7.61577,7.2111,7.2111,6.40312,5.65685,79.98125,76.38063,75.00667,70.76722,70.43437,65.94695,65.76473,63.78087,60.30755,61.85467,57.45433,55.07268,53.7122,53.23533,52.7731,54.08327,53.85165,46.57252,45.89118,50.48762,52.7731,47.38143,46.01087,49.0102,51.0098,50.24938,52.23983,54.12947,56.56854,58.46366,56.7186,63.34824,60.82763,61.61169,60.01666,63.78871,62.20129,66.75328,62.20129,63.03174,64.03124,62.07254,61.13101,58.21512,56.0803,56.4358,54.58938,51.92302,49.47727,44.64303,45.22168,39.92493,41.78516,40.81666,34.66987,32.64966,33.24154,32.20248,31.89044,33.24154,30.41381,28.01785,26.92582,25.94224,28.17801,25.29822,22.13594,17.72005,17.26268,18.68154,14.0,8.06226,7.07107,5.83095,5.38516,7.28011,10.0,9.21954,15.55635,18.43909,21.2132,22.67157,26.24881,27.80288,33.24154,37.64306,38.20995,33.30165,36.79674,41.23106,37.53665,46.01087,46.69047,46.75468,47.63402,49.51767,53.2635,55.22681,54.81788,57.31492,61.84658,59.20304,65.19202,68.41053,66.0303,73.78347,79.81228,76.2168,80.0,79.30952,79.02531,84.29116,83.73769,84.38602
13.0384,12.04159,12.0,12.04159,11.0,10.0,11.04536,10.04988,10.04988,9.05539,10.19804,9.21954,9.48683,8.544,9.48683,9.84886,8.94427,8.94427,8.60233,9.21954,9.21954,9.21954,9.21954,9.89949,10.63015,10.63015,11.31371,12.04159,12.04159,11.31371,11.40175,11.40175,11.40175,11.40175,12.20656,11.6619,11.6619,10.29563,9.84886,9.84886,9.48683,9.48683,9.48683,8.544,8.24621,7.07107,8.06226,7.0,6.0,6.0,6.08276,5.38516,80.04998,74.2159,78.77182,72.36712,70.21396,68.88396,59.07622,65.76473,56.0803,65.12296,60.00833,54.0,57.07889,53.03772,52.23983,48.50773,51.41984,50.59644,50.59644,47.16991,56.36488,45.61798,48.8774,51.88449,51.31277,56.60389,49.64877,55.22681,56.61272,62.482,58.60034,61.22091,61.40033,65.29931,57.38467,66.28725,63.51378,66.0303,67.23095,64.49806,62.64982,61.7414,59.9333,60.40695,61.09828,58.18935,53.85165,48.05206,49.64877,45.17743,45.27693,43.04649,43.10452,39.81206,39.45884,32.75668,35.4683,33.95585,32.0,29.0,34.0147,31.57531,29.73214,27.89265,26.0,26.0,21.0238,22.36068,21.09502,14.76482,15.65248,9.84886,9.84886,5.0,4.24264,7.07107,9.48683,11.40175,17.11724,16.12452,19.10497,22.09072,26.0,26.07681,33.24154,32.75668,38.0526,33.54102,43.41659,40.60788,40.60788,44.38468,46.27094,43.28972,54.00926,51.08816,59.07622,62.20129,56.0803,65.06919,62.00806,70.02857,73.00685,70.11419,71.02816,73.0,77.02597,80.025,81.00617,86.28441,78.1025,88.27797,91.44397,87.82369
13.45362,13.45362,12.80625,13.45362,12.80625,11.40175,12.20656,10.81665,10.81665,10.29563,10.81665,10.29563,9.84886,9.84886,10.44031,10.19804,10.19804,10.19804,10.04988,10.04988,10.04988,10.0,10.0,11.0,11.0,11.04536,12.04159,12.04159,13.0,12.04159,12.0,13.0,12.0,12.04159,12.04159,12.16553,12.16553,11.40175,11.40175,10.44031,10.77033,10.77033,9.84886,9.84886,8.94427,8.94427,8.06226,8.60233,7.81025,7.07107,7.2111,6.40312,80.65978,78.1025,82.73452,72.18033,70.83784,70.72482,68.24954,64.66065,64.44377,63.12686,61.85467,53.60037,57.14018,52.83938,52.15362,50.69517,54.78138,49.98,45.88028,48.76474,54.58938,54.57105,49.36598,53.08484,53.15073,55.0,52.0,52.15362,60.13319,61.66036,60.20797,62.28965,62.20129,64.49806,63.3877,68.00735,65.03076,66.00758,65.03076,63.28507,61.66036,60.29925,59.22837,60.41523,57.72348,57.87055,54.81788,53.75872,46.8188,48.76474,46.14109,45.65085,41.04875,38.41875,37.48333,35.38361,35.22783,34.43835,34.98571,29.20616,33.24154,28.42534,27.80288,26.24881,26.41969,26.41969,20.61553,19.69772,17.72005,15.23155,11.18034,9.48683,5.38516,2.23607,7.07107,5.83095,9.89949,11.31371,16.27882,16.40122,23.85372,25.6125,27.01851,30.41381,30.41381,35.0,39.62323,35.38361,43.18565,45.96738,42.44997,43.84062,48.27007,48.10405,51.61395,53.07542,61.40033,59.03389,61.58734,64.81512,66.61081,66.85058,67.00746,69.02898,70.45566,75.0,77.20104,77.00649,82.20097,85.14693,81.56592,94.64143,90.60905,83.86895
13.0,12.64911,11.40175,11.7047,11.40175,10.44031,11.18034,9.21954,10.19804,9.05539,9.05539,9.0,9.0,9.05539,8.06226,9.21954,9.21954,8.24621,8.544,9.48683,8.544,9.84886,9.84886,10.29563,10.29563,10.29563,11.6619,11.18034,12.52996,12.52996,12.08305,11.7047,12.08305,11.7047,11.7047,11.40175,11.40175,10.19804,10.04988,9.05539,10.04988,10.0,9.0,9.0,8.06226,8.06226,7.07107,7.28011,6.32456,6.7082,5.83095,5.0,84.97058,74.70609,77.62087,72.00694,74.84651,68.02941,65.74192,61.84658,62.03225,57.58472,58.18935,58.18935,56.04463,55.10898,50.24938,51.15662,54.00926,52.00961,48.04165,49.36598,50.48762,50.63596,45.88028,51.97115,50.0,54.42426,52.92447,57.24509,53.7122,59.05929,59.48109,61.7171,63.07139,63.07139,65.29931,64.2573,63.56886,65.78754,64.03124,64.03124,64.53681,61.18823,61.0,61.0,56.14268,58.13777,56.00893,54.03702,48.01042,48.09366,44.72136,42.2019,41.48494,36.67424,37.94733,33.61547,31.90611,36.22154,29.83287,32.57299,31.38471,31.30495,32.64966,27.20294,27.58623,25.80698,21.2132,19.10497,18.38478,16.27882,14.14214,10.0,7.81025,6.0,8.06226,4.12311,13.89244,8.544,17.0,18.78829,20.24846,25.0,25.70992,31.01612,30.88689,36.23534,38.27532,35.4683,41.59327,42.54409,39.81206,42.54409,48.33218,49.1935,50.59644,51.92302,58.24088,57.24509,62.36185,59.77458,65.45991,63.60031,62.8172,65.52099,73.08215,75.28612,77.20104,78.74643,82.86133,87.66413,81.939,90.13878,84.15462,85.0
13.92839,13.60147,13.34166,13.34166,12.36932,12.36932,12.16553,11.18034,11.04536,10.04988,11.04536,11.0,10.0,10.04988,10.04988,10.19804,10.19804,10.44031,10.44031,9.48683,9.84886,9.84886,10.77033,11.18034,11.18034,12.08305,12.52996,12.52996,13.41641,12.52996,12.08305,13.0,13.0,12.64911,12.64911,12.36932,12.36932,12.16553,11.18034,11.04536,11.04536,10.04988,10.0,10.0,9.05539,9.05539,8.06226,8.24621,7.28011,7.61577,6.7082,5.83095,82.63776,78.71467,72.73239,70.93659,74.04053,68.00735,68.30813,68.96376,62.93648,61.84658,61.39218,56.7186,57.55867,52.7731,54.14795,50.03998,54.03702,51.35173,48.01042,46.52956,52.88667,49.72927,49.64877,48.27007,50.32892,53.48832,53.22593,55.56978,58.18075,61.77378,57.70615,68.42514,59.03389,63.95311,63.06346,64.88451,65.0,68.15424,66.09841,62.96825,64.56005,65.0,61.61169,64.13267,60.67125,58.69412,50.15974,53.15073,47.04253,47.01064,49.16299,43.56604,41.97618,39.56008,40.80441,34.9285,33.83785,34.05877,30.26549,32.01562,30.67572,30.67572,29.06888,26.41969,23.32381,28.6531,23.34524,22.2036,13.45362,14.86607,11.40175,9.21954,8.48528,3.16228,4.24264,5.38516,8.60233,11.7047,15.13275,17.46425,21.84033,26.30589,26.07681,29.73214,32.28002,35.73514,37.0,35.44009,40.80441,40.80441,41.48494,49.98,46.32494,49.72927,52.39275,51.41984,58.46366,56.75385,62.16912,64.77654,67.68309,61.39218,68.35934,68.593,72.36712,77.66595,77.87811,76.40026,81.3941,85.14693,83.52245,85.61542,88.88757,86.97701
14.14214,13.15295,13.0384,13.15295,12.04159,12.04159,12.04159,11.04536,11.0,10.0,11.04536,10.04988,10.19804,10.44031,9.21954,10.44031,9.84886,9.84886,9.84886,10.29563,10.29563,10.29563,10.29563,11.40175,11.40175,11.40175,12.20656,12.20656,12.80625,12.20656,12.20656,11.6619,12.52996,12.52996,12.52996,12.08305,12.08305,11.7047,10.77033,10.44031,10.44031,10.44031,10.19804,9.21954,9.05539,9.05539,9.0,8.0,8.06226,7.07107,7.28011,6.32456,78.54935,78.89233,80.62258,73.06162,67.08204,72.00694,64.49806,69.35416,56.36488,62.24147,59.23681,55.65968,58.18935,51.66237,52.17279,52.46904,55.03635,50.08992,51.08816,47.04253,57.31492,45.27693,50.21952,51.78803,50.21952,52.95281,52.49762,56.64804,58.5235,59.9333,58.60034,65.55151,59.77458,62.96825,57.77543,66.48308,65.52099,63.32456,67.08204,63.50591,57.87055,61.40033,59.4138,61.29437,61.07373,54.0,58.03447,52.34501,53.15073,47.67599,47.29693,44.38468,42.15448,35.8469,38.94868,34.66987,36.23534,33.24154,32.28002,27.85678,31.76476,28.30194,26.40076,28.3196,26.1725,25.4951,21.93171,21.26029,15.65248,15.26434,12.20656,10.81665,5.65685,8.24621,2.0,7.2111,10.0,10.81665,17.08801,15.26434,19.64688,25.07987,25.29822,30.46309,36.67424,30.52868,38.27532,36.23534,43.41659,41.18252,44.72136,47.42362,46.51881,46.95743,50.15974,50.15974,57.24509,63.69458,57.24509,62.62587,64.84597,68.35203,67.44627,70.2282,72.73239,75.58439,75.61085,76.844,82.5409,89.9611,78.54935,87.84646,90.87354,78.29432
13.60147,12.64911,13.0,12.64911,12.08305,10.77033,11.18034,11.18034,10.29563,10.29563,10.29563,10.0,10.0,9.21954,9.21954,9.21954,9.21954,9.21954,8.60233,9.43398,9.43398,8.94427,9.43398,9.84886,10.29563,9.84886,10.77033,11.18034,11.18034,12.08305,11.18034,12.52996,11.18034,11.6619,11.6619,11.40175,10.63015,10.63015,9.89949,9.89949,9.89949,9.21954,9.21954,8.60233,8.60233,7.2111,8.06226,7.61577,7.28011,7.28011,7.07107,6.0,82.29216,78.71467,77.41447,72.47068,72.56032,69.77105,60.53924,69.35416,60.46487,64.40497,59.5483,56.40035,50.9902,53.90733,55.97321,53.2635,56.72742,48.01042,48.60041,46.04346,56.79789,47.88528,48.8467,50.28916,51.5461,52.81098,52.49762,54.34151,58.46366,64.93843,56.88585,60.16644,59.48109,61.61169,61.61169,67.44627,63.78871,62.36185,69.28925,62.64982,61.84658,60.37384,65.51336,59.05929,55.47071,53.25411,54.67175,53.2635,50.32892,47.38143,41.7732,45.0,42.63801,41.04875,36.67424,34.88553,34.23449,35.60899,33.24154,33.24154,32.44996,31.06445,30.46309,25.4951,25.29822,25.70992,23.4094,22.0,15.29706,16.49242,13.0,7.61577,7.61577,2.82843,8.0,9.43398,9.84886,17.20465,17.20465,18.43909,22.36068,25.23886,25.80698,29.68164,33.28663,32.75668,43.82921,38.27532,44.10215,42.05948,47.43416,48.54894,46.2277,46.61545,53.60037,52.20153,61.40033,60.21628,62.36986,64.03124,65.43699,67.00746,70.76722,70.83784,74.33034,75.00667,77.98718,78.00641,85.14693,85.98256,81.40025,89.35883,91.60786,83.21658
12.80625,12.80625,12.04159,12.04159,11.31371,10.63015,10.63015,9.89949,9.89949,9.21954,9.21954,8.60233,8.94427,8.94427,8.06226,8.544,8.544,8.24621,8.24621,9.21954,9.05539,9.05539,9.05539,10.0,11.0,10.0,11.0,11.04536,11.04536,11.0,11.04536,11.18034,11.18034,11.18034,11.18034,10.44031,11.40175,10.44031,9.48683,9.84886,8.94427,8.94427,8.94427,8.06226,7.81025,7.2111,7.07107,7.07107,6.40312,6.40312,5.83095,5.38516,78.39005,81.00617,73.57309,71.58911,75.66373,69.11584,64.63745,62.96825,61.85467,58.60034,56.22277,56.0357,57.38467,51.62364,50.20956,53.90733,55.44367,51.61395,47.43416,51.97115,51.42956,48.30114,47.53946,50.0,49.76947,52.88667,54.40588,54.34151,59.4138,59.4138,55.31727,61.0,58.24946,60.41523,61.61169,62.62587,62.93648,64.56005,64.07808,63.56099,63.97656,58.59181,60.82763,59.5399,56.30275,57.42822,53.00943,50.44799,46.09772,45.96738,43.13931,43.60046,42.80187,39.11521,38.01316,32.31099,35.73514,34.98571,33.42155,34.65545,30.41381,30.61046,28.01785,28.30194,23.25941,28.63564,21.84033,20.61553,16.76305,19.64688,13.15295,9.05539,6.7082,7.61577,4.12311,7.2111,9.21954,10.0,10.81665,18.60108,24.75884,25.4951,29.06888,28.30194,35.80503,33.01515,34.65545,37.20215,42.80187,40.0,41.88078,47.16991,46.01087,47.63402,48.60041,49.0408,55.9017,59.20304,62.28965,65.19202,65.19202,62.2254,72.13876,70.72482,70.00714,77.07788,78.1025,76.57676,84.89994,83.00602,83.24062,88.23831,90.21086,84.38009
14.56022,13.60147,13.60147,13.60147,12.64911,11.40175,12.08305,10.77033,11.18034,11.18034,11.18034,10.81665,10.81665,10.0,10.0,10.63015,9.89949,9.89949,9.21954,10.63015,10.0,10.81665,10.81665,11.6619,11.6619,11.6619,11.6619,13.89244,12.52996,13.0384,12.20656,12.80625,12.20656,12.80625,12.80625,12.72792,12.72792,12.04159,10.63015,10.63015,11.40175,11.40175,10.81665,9.43398,9.43398,8.94427,8.544,8.544,8.544,7.07107,7.07107,6.0,80.5295,77.36924,78.77182,74.70609,72.47068,70.23532,68.96376,70.83078,62.76942,59.16925,60.21628,57.2014,55.31727,56.0803,55.44367,53.90733,55.9017,49.51767,47.01064,47.41308,55.9464,48.54894,47.85394,50.9902,49.24429,54.23099,55.02727,57.97413,57.72348,61.18823,57.48913,62.64184,60.74537,69.64194,61.40033,66.12866,63.69458,66.40783,65.79514,64.88451,63.52952,68.60029,59.90826,63.51378,54.81788,55.60576,57.00877,53.15073,51.62364,53.07542,44.68781,44.82187,43.01163,40.70626,39.39543,35.4683,36.13862,30.80584,32.55764,31.89044,33.28663,30.52868,29.52965,24.16609,24.35159,24.33105,22.36068,20.0,14.03567,16.12452,11.04536,10.44031,5.65685,7.81025,4.12311,3.16228,8.94427,11.40175,16.55295,18.43909,18.43909,23.43075,25.80698,33.61547,33.83785,36.89173,41.04875,35.60899,41.04875,40.22437,46.32494,48.54894,46.04346,48.60041,50.44799,55.80323,56.85068,56.85068,57.38467,65.43699,61.07373,65.8559,76.6942,69.6563,72.47068,74.02702,78.60025,76.83749,83.86895,87.66413,81.40025,89.627,87.09191,89.06739
12.80625,12.20656,11.40175,12.20656,10.81665,10.0,10.29563,10.29563,9.43398,8.94427,8.94427,8.544,9.48683,9.21954,9.21954,9.21954,9.05539,8.06226,9.0,9.0,9.05539,9.05539,9.05539,10.19804,10.19804,10.19804,11.18034,11.18034,12.16553,11.18034,11.04536,12.04159,11.04536,11.04536,11.04536,11.0,11.0,10.04988,10.04988,10.04988,9.21954,9.21954,8.24621,8.24621,7.61577,7.61577,6.7082,6.7082,6.40312,6.40312,5.65685,5.0,78.81624,82.0975,75.60423,74.63243,73.60027,66.4003,68.24954,64.66065,64.53681,59.5483,55.9017,58.72819,56.72742,54.67175,52.20153,52.15362,53.85165,50.53712,51.62364,50.69517,51.07837,49.0408,49.0306,47.29693,48.83646,56.08921,56.22277,54.08327,58.21512,59.03389,63.03174,61.03278,61.20457,64.19502,63.1981,63.63961,61.0,66.28725,66.09841,62.16912,61.68468,61.35145,63.56886,59.80803,52.92447,57.69749,52.7731,51.10773,44.41846,47.70744,45.60702,45.45327,41.03657,40.0,35.60899,38.58756,31.38471,35.80503,32.55764,34.65545,32.55764,30.23243,30.01666,25.80698,29.06888,26.0,22.80351,21.93171,20.88061,12.36932,14.03567,11.04536,9.21954,5.0,5.38516,6.08276,8.06226,10.81665,20.51828,19.20937,22.02272,24.83948,30.41381,30.4795,31.82766,40.45986,36.23534,39.05125,37.20215,42.80187,41.40048,44.20407,47.42362,48.27007,50.20956,48.10405,55.9017,57.38467,63.65532,63.63961,70.76722,65.06919,67.88225,70.72482,75.00667,76.48529,84.14868,79.93122,84.89994,83.63014,84.38602,90.60905,85.70298,85.79627
13.0384,12.04159,12.16553,12.04159,12.16553,11.18034,10.44031,10.44031,9.48683,9.48683,9.48683,9.84886,8.94427,8.94427,8.94427,10.0,9.21954,9.21954,8.48528,9.89949,9.21954,9.21954,9.21954,10.0,10.81665,10.81665,10.81665,12.20656,12.20656,12.20656,11.40175,11.40175,11.40175,11.40175,11.40175,11.31371,12.04159,11.40175,10.0,10.0,9.43398,9.43398,9.43398,8.94427,8.06226,8.06226,7.28011,7.28011,7.28011,6.08276,6.0,5.0,81.7435,78.40918,74.46476,71.06335,76.11833,66.91039,66.4906,66.94027,65.73431,57.87055,60.92618,55.71355,56.79789,55.47071,53.48832,49.64877,54.3783,50.77401,46.04346,53.15073,54.48853,48.08326,51.85557,50.21952,49.81967,54.91812,56.4358,54.20332,57.98276,58.13777,60.41523,60.41523,62.76942,65.8635,64.00781,65.45991,67.74216,62.64982,67.20119,66.0303,64.81512,66.48308,56.56854,57.28001,58.0517,59.03389,50.0,54.20332,47.20169,46.61545,44.94441,43.41659,41.14608,40.16217,38.47077,37.33631,34.1321,34.0,32.28002,34.71311,32.38827,32.06244,27.01851,27.29469,27.01851,24.33105,22.80351,21.84033,17.26268,15.52417,13.60147,10.44031,8.0,4.12311,3.60555,6.0,10.0,9.05539,15.52417,17.08801,22.13594,22.36068,28.4605,31.04835,33.13608,34.36568,36.67424,35.51056,42.42641,42.95346,40.60788,44.92215,44.91102,49.24429,51.66237,52.63079,55.65968,56.51548,64.56005,64.19502,65.55151,63.90618,69.07966,71.30919,75.76939,75.02666,77.49194,79.12016,80.08121,83.24062,85.61542,90.24411,86.40023,85.90693
13.0384,12.16553,11.40175,12.16553,11.18034,10.04988,10.44031,10.44031,9.21954,9.48683,9.48683,9.84886,8.94427,8.06226,8.06226,8.60233,9.21954,7.81025,8.48528,8.48528,9.21954,9.21954,8.48528,10.0,10.0,10.0,10.63015,10.63015,11.40175,11.40175,10.63015,11.31371,11.31371,11.31371,11.31371,11.40175,10.81665,10.29563,9.43398,9.43398,8.94427,8.94427,8.544,8.544,8.544,7.28011,7.07107,7.07107,7.0,6.08276,6.08276,5.38516,79.0,81.09871,77.10383,73.17103,74.06079,67.26812,68.18358,66.48308,62.20129,57.42822,59.22837,55.7853,55.36244,55.36244,53.36666,49.0408,52.20153,48.76474,42.95346,53.0,51.61395,49.09175,49.51767,53.03772,50.20956,50.91169,56.63921,55.22681,55.97321,56.85068,54.67175,62.36986,63.65532,63.78087,64.40497,63.65532,66.70832,63.65532,64.38167,64.38167,63.60031,62.1289,63.51378,56.60389,54.3783,58.30952,53.7122,53.31041,47.53946,48.10405,45.88028,44.64303,41.59327,42.19005,36.05551,37.48333,33.52611,35.1141,33.24154,34.9285,33.37664,30.01666,31.06445,27.45906,27.45906,24.5153,25.0,19.31321,17.08801,16.15549,12.64911,8.24621,5.0,3.60555,4.47214,5.09902,11.18034,13.0,20.39608,19.0263,19.0,24.33105,27.29469,28.01785,30.06659,36.12478,35.35534,37.05401,40.1995,44.18144,43.01163,48.50773,48.37355,50.24938,55.57877,55.3263,56.08921,53.46027,66.09841,63.34824,69.857,65.25335,67.26812,72.00694,72.27724,76.65507,77.92946,81.04937,82.73452,83.02409,84.85281,91.66242,84.38009,89.27486
13.45362,13.45362,12.72792,12.72792,12.72792,11.31371,11.40175,10.63015,10.63015,10.0,10.0,10.29563,10.29563,9.84886,9.84886,9.84886,9.48683,9.48683,9.21954,9.21954,10.19804,10.04988,10.04988,11.04536,11.04536,11.04536,12.04159,12.04159,12.04159,12.04159,12.04159,12.16553,12.16553,12.16553,12.16553,12.36932,11.40175,10.77033,10.77033,10.77033,10.77033,10.29563,10.29563,9.43398,9.43398,8.60233,9.21954,8.48528,7.81025,7.07107,7.2111,6.7082,85.70298,77.23341,78.56844,72.12489,73.5527,66.48308,61.55485,67.35726,62.36986,63.78087,59.20304,57.80138,56.40035,56.30275,52.69725,55.4617,56.0803,51.62364,49.33559,49.72927,57.27128,48.6621,49.81967,50.24938,49.36598,51.0392,52.34501,57.03508,59.07622,61.20457,59.00847,67.00746,56.00893,64.00781,60.03332,66.1211,68.11755,64.28063,63.50591,64.77654,60.82763,63.34824,61.68468,60.53924,58.5235,57.77543,55.15433,52.39275,51.0,46.51881,45.48626,42.80187,39.40812,40.36087,37.80212,35.0,35.77709,30.08322,34.43835,34.98571,30.80584,29.06888,28.01785,25.80698,25.4951,23.25941,22.36068,20.61553,18.78829,13.0,11.40175,6.7082,7.81025,7.07107,4.24264,6.7082,6.40312,12.72792,14.31782,18.86796,23.43075,25.23886,26.92582,28.3196,31.40064,30.61046,37.20215,34.82815,44.04543,48.16638,41.10961,46.69047,47.70744,42.80187,54.81788,53.00943,53.60037,60.74537,58.82176,63.60031,64.63745,64.63745,65.45991,68.50547,75.16648,77.93587,78.40918,84.02381,82.0061,87.9659,79.39773,89.64374,90.90655,86.27862
13.89244,12.52996,12.08305,12.52996,11.18034,11.18034,10.77033,10.77033,9.48683,9.48683,9.48683,9.21954,9.21954,9.05539,8.06226,9.0,9.0,9.0,8.06226,9.05539,8.24621,8.24621,9.21954,9.48683,10.44031,10.44031,10.77033,11.40175,11.7047,11.7047,11.40175,11.40175,11.40175,11.18034,11.18034,11.04536,11.04536,10.0,10.0,10.04988,10.04988,9.05539,9.05539,9.05539,8.24621,8.24621,7.61577,6.7082,6.7082,6.40312,6.40312,5.65685,78.72103,80.95678,80.65358,71.69379,70.77429,67.6757,64.2573,66.12866,66.40783,63.89053,58.94065,54.12947,54.91812,53.75872,53.60037,50.08992,55.00909,52.03845,50.15974,48.50773,53.36666,48.6621,51.24451,51.86521,48.76474,52.20153,51.07837,56.79789,56.82429,59.94164,56.35601,63.56099,59.46427,65.79514,62.64982,69.07966,65.45991,63.89053,65.80274,64.28841,62.8172,64.32729,59.68249,57.70615,55.08176,57.14018,55.03635,54.00926,48.0,47.26521,47.26521,42.44997,41.76123,43.01163,40.71855,35.8469,32.24903,34.0147,29.27456,33.95585,32.89377,27.51363,28.30194,24.59675,27.80288,24.08319,22.02272,21.93171,17.80449,17.20465,12.04159,8.48528,7.07107,4.47214,10.81665,6.7082,10.0,18.02776,17.26268,21.58703,21.84033,25.4951,29.83287,31.01612,29.52965,34.9285,35.17101,39.84972,43.32436,44.38468,42.05948,48.70318,45.88028,49.0408,53.85165,52.81098,56.29387,59.90826,63.06346,65.73431,64.62971,65.30697,74.95332,71.06335,73.1642,73.5459,78.44743,79.83107,84.40379,88.60023,81.32035,90.13878,92.65528,86.16264
13.0,12.08305,11.6619,12.08305,11.18034,11.18034,10.81665,9.43398,9.43398,8.60233,9.21954,9.21954,8.48528,9.21954,8.48528,8.60233,8.94427,8.06226,8.94427,8.94427,8.94427,8.544,8.544,10.19804,10.44031,10.19804,10.44031,10.44031,11.40175,11.40175,11.40175,10.77033,11.18034,11.18034,11.18034,10.29563,11.6619,10.29563,9.43398,9.43398,9.21954,9.21954,8.48528,8.48528,7.81025,7.81025,7.2111,6.7082,6.7082,6.32456,6.32456,5.09902,78.51751,75.32596,77.23341,73.06162,71.17584,66.18912,61.13101,64.07027,57.07889,62.07254,56.14268,53.23533,54.45181,49.36598,51.24451,49.33559,54.40588,50.92151,50.32892,46.95743,53.7122,43.04649,49.40648,48.60041,46.61545,53.2635,50.44799,51.66237,54.67175,59.39697,56.56854,61.52235,53.15073,62.93648,58.13777,67.47592,62.28965,63.89053,64.2028,61.22091,60.20797,61.32699,59.94164,60.53924,58.69412,51.07837,58.82176,47.16991,47.12749,47.07441,41.97618,43.56604,40.11234,36.01389,36.22154,34.9285,32.98485,31.04835,34.52535,32.14032,32.06244,26.07681,28.16026,25.70992,21.58703,25.96151,18.38478,19.69772,19.23538,13.92839,16.12452,8.48528,4.12311,6.0,6.40312,7.07107,12.0,13.0384,19.10497,19.0263,21.0238,24.02082,27.0,27.01851,32.06244,31.01612,41.04875,35.01428,43.10452,41.01219,43.0,44.04543,43.0,46.01087,48.04165,52.0,56.0357,54.0,59.21149,64.12488,63.1981,62.20129,65.51336,70.03571,73.97973,72.83543,75.10659,78.00641,82.0975,90.02222,80.00625,85.09407,85.02353,84.0
13.89244,13.60147,12.80625,13.60147,12.20656,11.40175,11.31371,10.63015,10.63015,9.89949,10.63015,10.63015,10.0,10.0,10.0,9.43398,10.29563,8.94427,9.84886,9.48683,9.48683,10.44031,9.48683,10.44031,11.40175,11.40175,11.40175,12.36932,12.36932,11.40175,11.7047,12.64911,12.64911,11.7047,12.08305,12.08305,11.6619,10.81665,10.81665,10.81665,10.0,10.63015,9.21954,9.21954,9.21954,8.48528,7.81025,7.81025,7.2111,6.7082,7.28011,6.32456,83.57033,80.00625,79.12016,69.46222,72.61543,68.44706,67.97794,67.23095,63.07139,64.84597,60.53924,55.56978,58.66856,55.21775,55.0,55.86591,53.90733,53.8145,49.49747,48.41487,54.40588,50.21952,48.8774,51.62364,51.47815,55.4617,55.03635,57.24509,57.00877,61.35145,58.5235,63.32456,59.5063,66.70832,62.39391,67.08204,64.41273,66.21178,67.41662,65.45991,60.90156,62.68174,62.20129,60.0,56.63921,57.98276,56.58622,54.45181,50.44799,46.61545,47.16991,46.64762,39.35734,38.62642,39.56008,37.10795,35.0571,35.38361,32.01562,33.61547,30.41381,29.54657,26.24881,24.73863,26.07681,24.02082,21.0,17.26268,18.0,14.03567,10.04988,6.08276,6.0,6.7082,7.81025,7.2111,10.0,14.42221,12.20656,20.0,22.67157,24.18677,25.80698,26.92582,31.38471,35.8469,35.35534,36.35932,42.48529,44.77723,43.86342,44.41846,45.65085,47.85394,53.0,51.31277,56.0357,57.45433,62.1289,65.51336,64.63745,65.73431,69.89278,72.11103,71.56116,76.32169,81.12336,81.12336,82.49242,86.31338,83.00602,92.17917,92.17917,85.61542
14.14214,13.34166,13.34166,12.36932,12.36932,11.40175,11.7047,10.44031,10.77033,9.84886,9.84886,10.29563,10.29563,9.43398,9.43398,10.0,9.21954,9.21954,8.48528,9.21954,9.21954,9.21954,10.0,10.0,10.81665,10.81665,10.81665,11.40175,12.20656,12.20656,11.40175,12.04159,12.04159,12.04159,11.31371,11.31371,12.04159,11.40175,10.0,10.0,10.29563,10.29563,9.43398,8.94427,8.544,8.544,8.24621,8.24621,8.06226,7.0,7.0,6.08276,79.6304,77.41447,79.24645,74.33034,70.85901,70.45566,63.78871,69.87131,60.41523,63.56099,57.00877,56.04463,60.16644,54.70832,48.46648,49.92995,55.47071,51.31277,53.33854,48.01042,55.31727,46.40043,48.83646,51.62364,49.67897,54.67175,53.2635,55.21775,57.2014,60.74537,59.90826,64.07027,61.22091,65.21503,62.42596,66.21933,63.12686,63.41136,65.06919,60.10824,62.96825,61.07373,60.959,60.44005,59.40539,59.07622,58.30952,52.7731,51.47815,49.24429,44.77723,45.22168,41.23106,36.87818,38.11824,35.01428,32.14032,33.54102,35.1141,31.32092,31.7805,27.29469,27.16616,29.06888,27.01851,23.34524,22.36068,19.92486,18.68154,16.12452,10.19804,10.44031,3.60555,3.16228,6.7082,6.7082,10.44031,13.89244,18.97367,18.02776,21.58703,26.0,23.08679,27.65863,33.95585,37.12142,37.65634,35.17101,46.32494,43.56604,41.59327,44.14748,49.72927,44.14748,52.63079,54.12947,57.97413,61.13101,62.0967,63.60031,65.80274,67.05222,68.35203,69.57011,75.96052,75.89466,78.44743,79.81228,82.71034,86.88498,82.0,89.05055,91.98369,85.15868
12.80625,13.45362,12.72792,12.04159,12.04159,11.31371,10.63015,10.63015,10.63015,10.0,10.0,9.43398,9.43398,8.94427,8.94427,9.48683,9.48683,8.544,8.24621,9.21954,9.21954,9.21954,9.05539,10.04988,10.04988,10.04988,11.04536,11.04536,11.04536,11.04536,11.18034,11.18034,11.18034,11.18034,11.40175,10.44031,11.7047,10.77033,9.84886,9.84886,10.29563,9.43398,9.43398,9.43398,8.60233,7.81025,7.81025,7.81025,7.2111,7.2111,6.7082,6.32456,77.83315,74.41102,74.02702,73.40981,70.80254,67.26812,65.43699,66.85058,59.07622,56.0357,57.3062,53.33854,57.24509,54.56189,49.64877,52.0,53.45091,47.12749,46.09772,49.09175,52.34501,48.37355,50.03998,51.0098,46.0,51.0392,52.23983,53.46027,62.28965,60.01666,56.32051,60.40695,57.55867,67.47592,61.81424,66.27217,65.12296,65.27634,61.07373,64.0,62.03225,65.62012,59.5399,60.01666,58.85576,53.15073,52.88667,51.86521,49.33559,47.43416,45.61798,43.82921,44.41846,40.45986,40.0,34.71311,35.0,33.52611,34.0,33.12099,34.20526,31.40064,31.1127,29.0,26.40076,23.02173,24.20744,21.9545,17.08801,13.0384,12.08305,10.63015,6.7082,4.12311,3.16228,5.83095,7.61577,12.04159,14.76482,22.47221,20.59126,24.69818,29.52965,30.52868,35.0,36.23534,41.40048,36.05551,45.22168,42.80187,43.41659,51.85557,47.70744,48.02083,50.77401,56.0803,59.16925,61.61169,62.76942,63.24555,66.37017,64.41273,67.95587,70.49113,73.79024,76.00658,81.9878,81.63333,84.0595,85.70298,80.99383,91.52595,89.627,80.28076
13.34166,13.34166,13.15295,13.34166,12.36932,12.16553,11.18034,11.04536,11.04536,10.04988,10.04988,10.04988,10.0,10.04988,10.04988,9.21954,10.44031,8.24621,9.48683,9.48683,9.84886,9.84886,9.84886,10.29563,11.18034,11.6619,11.6619,11.18034,12.52996,11.6619,12.08305,12.08305,12.08305,12.08305,12.08305,11.7047,11.40175,11.40175,11.18034,10.19804,10.04988,11.04536,10.0,10.0,9.0,9.0,8.06226,8.06226,8.24621,7.28011,6.7082,6.7082,83.00602,80.05623,76.92204,77.49194,72.12489,66.40783,68.35203,70.83078,62.0967,59.20304,60.01666,56.7186,53.33854,53.23533,55.3263,54.00926,56.0,51.15662,51.24451,48.83646,53.60037,48.6621,52.55473,54.23099,51.26402,54.56189,53.22593,59.48109,58.13777,58.83026,56.82429,64.41273,56.79789,67.1193,62.6099,66.30988,66.70832,62.64982,63.24555,64.84597,62.58594,64.53681,60.40695,62.80127,57.14018,55.14526,54.00926,50.0,51.0098,50.08992,45.17743,44.40721,41.97618,39.21734,37.16181,36.67424,34.48188,32.14032,32.01562,33.37664,32.98485,28.23119,30.08322,27.73085,23.70654,23.32381,23.02173,18.43909,13.60147,9.21954,9.21954,6.40312,7.07107,1.41421,6.40312,7.0,11.18034,12.16553,18.02776,15.52417,22.09072,24.33105,27.16616,30.41381,30.80584,34.9285,40.4475,36.67424,43.56604,42.95346,44.28318,44.91102,47.67599,46.38965,53.36666,53.93515,57.55867,58.54912,62.514,62.16912,66.37017,69.46222,66.1211,70.34913,72.11103,76.32169,79.07591,80.41144,86.49277,88.07383,81.58431,92.19544,90.70832,84.89994
12.08305,12.08305,11.7047,12.08305,10.77033,10.77033,10.44031,9.21954,9.48683,9.21954,9.21954,9.05539,9.05539,9.0,9.0,9.05539,9.05539,8.24621,9.21954,9.21954,8.544,9.48683,9.48683,9.84886,10.77033,10.29563,11.18034,10.77033,11.7047,12.08305,11.7047,11.40175,11.7047,11.40175,11.40175,11.18034,11.04536,11.04536,10.04988,10.0,9.0,9.0,9.0,8.06226,8.06226,8.06226,7.28011,7.61577,6.7082,5.83095,5.83095,5.0,82.02439,77.83315,74.51845,70.0,75.74299,64.66065,66.4003,63.60031,63.60031,57.42822,55.47071,57.14018,59.05929,52.83938,51.88449,51.07837,57.27128,50.28916,46.84015,53.60037,51.78803,47.38143,45.01111,49.0102,49.0102,57.03508,53.00943,55.57877,60.03332,61.40033,62.1289,61.20457,62.03225,66.0303,62.28965,63.00794,61.20457,63.03174,66.06815,63.1981,61.52235,60.20797,60.87693,58.94065,54.81788,61.40033,50.92151,53.31041,47.92703,47.01064,47.01064,42.54409,41.86884,36.76955,36.12478,34.66987,33.28663,32.89377,31.01612,32.75668,29.83287,31.1127,31.82766,27.65863,26.24881,24.75884,22.47221,18.86796,19.69772,16.76305,14.03567,6.7082,7.2111,1.41421,6.08276,5.83095,8.06226,10.81665,14.76482,19.72308,20.80865,26.24881,23.32381,31.06445,32.80244,36.87818,39.96248,39.66106,40.45986,43.56604,42.19005,44.40721,50.21952,48.25971,53.60037,56.0803,59.16925,57.14018,63.81222,63.81222,67.53518,62.43397,65.29931,71.86793,76.53757,76.66159,80.1561,83.48653,85.23497,85.60374,82.41966,90.90655,87.41853,87.80091
13.0384,12.20656,12.20656,12.20656,11.40175,10.63015,10.63015,9.89949,9.89949,9.89949,9.89949,9.43398,8.60233,8.60233,8.06226,8.94427,8.544,8.544,8.544,8.24621,8.24621,9.21954,9.21954,10.04988,10.19804,10.04988,10.04988,11.18034,11.18034,11.04536,11.18034,11.18034,11.18034,10.44031,10.44031,10.44031,10.77033,10.29563,9.84886,9.43398,9.43398,9.43398,9.43398,8.60233,7.81025,7.81025,8.48528,7.81025,7.2111,6.7082,6.7082,5.38516,82.46211,76.6094,83.09633,74.51845,69.52697,68.88396,65.8559,65.94695,66.48308,64.38167,60.959,55.22681,56.22277,53.82379,52.80152,47.88528,55.9464,47.42362,47.01064,50.28916,54.57105,50.28916,48.50773,49.36598,49.49747,53.46027,53.46027,56.0803,59.21149,59.13544,58.00862,63.03174,59.03389,64.12488,65.00769,66.48308,67.18631,64.19502,66.48308,61.81424,61.18823,60.87693,59.48109,59.77458,55.02727,56.64804,53.48832,54.12024,51.0,48.33218,46.32494,44.65423,41.6173,38.94868,37.01351,35.80503,31.38471,34.1321,32.01562,33.24154,32.24903,31.38471,28.6531,26.41969,24.69818,25.63201,19.23538,17.46425,18.11077,12.64911,12.0,7.07107,2.82843,4.12311,2.23607,7.81025,7.2111,12.80625,16.12452,16.97056,23.34524,24.08319,32.20248,26.40076,33.42155,32.55764,40.31129,37.53665,44.59821,42.42641,45.27693,46.09772,48.10405,50.91169,50.93133,54.48853,56.56854,61.6198,62.24147,62.36986,63.89053,66.52819,76.05919,70.83784,73.24616,73.66139,78.49204,80.61017,83.45058,81.32035,84.21995,91.96739,88.72993,83.54639
13.0384,12.0,11.0,12.0,11.0,10.0,10.04988,10.04988,9.05539,9.05539,9.21954,8.24621,8.24621,8.544,8.544,8.94427,8.06226,7.61577,8.60233,8.60233,8.60233,8.60233,8.60233,9.89949,9.89949,9.89949,9.89949,10.63015,11.40175,10.63015,10.63015,11.40175,10.63015,10.81665,10.81665,10.29563,10.29563,9.84886,9.84886,9.48683,9.48683,9.21954,8.24621,8.24621,8.06226,7.07107,7.0,7.0,7.07107,6.08276,5.38516,5.38516,79.15807,79.17702,75.76939,75.591,73.53911,65.0,67.62396,69.07966,62.39391,59.46427,54.40588,53.85165,62.0967,53.93515,51.78803,53.15073,53.00943,50.01,48.0,49.0,50.48762,53.15073,46.87217,51.92302,49.0408,54.70832,51.5461,55.71355,56.30275,59.9333,59.61543,59.61543,63.15853,62.64982,65.55151,63.60031,68.30813,64.84597,61.40033,65.62012,61.98387,59.84146,58.21512,62.28965,53.03772,58.03447,52.00961,52.03845,51.24451,48.50773,46.87217,44.14748,43.01163,41.4367,40.31129,34.98571,34.4093,33.13608,30.59412,33.95585,32.57299,30.88689,27.29469,27.20294,27.01851,24.75884,22.80351,19.20937,16.27882,14.42221,10.63015,11.31371,3.16228,5.38516,2.0,4.12311,10.77033,10.29563,13.89244,17.46425,23.19483,26.92582,26.68333,30.36445,33.83785,33.95585,38.8973,41.4367,44.64303,40.49691,43.65776,44.27189,48.10405,45.22168,53.85165,52.88667,57.97413,57.56735,63.34824,63.34824,65.0,66.21933,69.42622,69.12308,74.73286,75.70997,81.32035,79.81228,87.32125,87.31552,83.48653,84.8646,90.80198,86.00581
13.45362,13.45362,13.45362,12.80625,12.04159,12.04159,11.40175,10.81665,10.81665,10.29563,10.29563,10.77033,9.84886,9.84886,9.48683,10.19804,10.19804,10.19804,10.04988,10.04988,10.04988,10.04988,10.0,11.0,12.0,12.0,12.0,13.0,13.0,13.0,12.04159,13.0384,13.0384,12.04159,13.15295,12.16553,12.16553,11.40175,11.40175,10.77033,10.77033,9.84886,9.84886,8.94427,8.94427,8.06226,8.60233,7.81025,7.81025,7.07107,6.40312,5.83095,80.62258,76.96753,72.94518,68.09552,73.4983,65.51336,67.1193,64.07027,59.64059,54.20332,56.22277,54.03702,55.17246,55.86591,48.83646,51.22499,51.31277,48.37355,49.40648,46.52956,48.46648,50.56679,50.96077,49.0408,51.92302,50.69517,53.15073,54.23099,59.03389,60.29925,55.3263,60.29925,60.53098,64.38167,62.514,64.32729,63.78871,64.13267,65.80274,61.40033,61.98387,61.03278,57.58472,60.00833,55.9464,55.9464,53.85165,54.58938,45.0,47.63402,46.09772,42.52058,37.53665,38.28838,34.82815,35.8469,29.96665,34.20526,32.44996,31.38471,30.46309,29.41088,26.68333,25.70992,24.08319,23.19483,23.0,17.02939,16.0,16.49242,9.0,8.24621,3.16228,6.32456,6.0,3.60555,7.81025,11.18034,15.6205,17.02939,19.41649,23.02173,24.75884,28.6007,30.80584,32.64966,36.61967,34.1321,42.05948,41.18252,40.81666,47.01064,49.09175,48.54894,50.0,51.31277,55.60576,54.40588,59.03389,60.80296,59.81639,58.41233,66.6033,68.60029,72.47068,72.62231,80.1561,77.00649,80.1561,82.20097,79.32213,83.48653,87.65843,84.59905
13.45362,12.80625,12.80625,12.80625,12.20656,11.40175,11.6619,10.81665,10.29563,10.29563,9.84886,9.48683,9.48683,9.48683,9.48683,10.19804,10.04988,10.04988,9.0,10.0,10.0,10.04988,10.04988,11.04536,11.04536,11.04536,12.16553,13.0384,12.16553,13.0384,12.04159,12.04159,12.04159,12.0,12.0,12.04159,12.04159,11.18034,11.18034,10.19804,10.44031,10.19804,10.44031,9.48683,8.544,8.544,8.06226,7.2111,7.2111,6.40312,6.40312,5.65685,79.19596,77.7946,79.93122,70.00714,67.94115,68.68042,61.07373,66.8431,59.03389,56.40035,55.47071,53.82379,53.7122,51.0,55.47071,49.98,50.92151,49.64877,47.75982,47.51842,54.14795,45.39824,50.03998,51.0392,50.0,52.00961,53.03772,56.4358,55.3263,57.55867,57.31492,66.37017,58.30952,62.39391,60.29925,64.38167,61.0,59.07622,63.0,62.03225,61.13101,60.67125,56.88585,61.29437,58.54912,54.34151,53.75872,49.24429,49.39636,46.8188,44.28318,45.65085,43.56604,38.60052,36.79674,35.60899,31.40064,33.54102,31.62278,29.06888,33.30165,30.0,27.45906,25.05993,23.76973,25.63201,21.18962,20.88061,20.24846,15.81139,11.04536,8.24621,7.07107,2.0,2.0,5.83095,5.83095,9.43398,13.0384,16.64332,20.24846,22.47221,27.80288,27.80288,30.80584,31.40064,38.28838,33.6006,43.93177,39.69887,41.03657,46.69047,45.22168,42.2019,49.67897,53.41348,57.68882,55.80323,56.0357,60.80296,61.03278,64.07027,61.85467,66.61081,69.97142,72.67049,75.45197,78.60025,79.88116,84.20214,73.75636,90.80198,87.86353,80.80842
13.0,12.08305,12.64911,12.08305,11.7047,10.77033,10.44031,10.44031,10.44031,9.21954,9.21954,9.05539,9.0,9.0,9.0,9.05539,9.21954,8.24621,8.24621,8.544,9.48683,8.94427,9.48683,9.84886,9.84886,10.29563,10.29563,11.18034,11.18034,11.18034,10.77033,10.77033,11.7047,10.77033,10.77033,10.44031,11.40175,10.19804,10.19804,10.04988,9.05539,9.05539,9.0,8.0,8.06226,8.06226,7.28011,7.28011,6.32456,6.7082,6.7082,6.40312,76.05919,78.29432,76.55717,71.55418,72.23573,69.77822,66.30988,65.30697,61.84658,59.46427,57.28001,58.24088,59.84146,56.88585,56.7186,49.0,56.0357,49.09175,48.01042,49.36598,53.15073,50.63596,47.43416,50.28916,50.28916,55.65968,52.39275,59.03389,55.03635,60.82763,57.69749,64.40497,60.92618,62.76942,63.50591,64.4748,68.54196,63.90618,66.94027,61.84658,60.44005,63.78871,61.84658,59.03389,54.45181,57.31492,51.08816,53.03772,46.0,45.09989,46.38965,44.55334,41.76123,41.48494,38.07887,37.12142,35.51056,32.01562,31.32092,33.10589,29.15476,30.80584,29.06888,24.83948,24.75884,25.80698,24.69818,20.24846,15.23155,16.64332,11.6619,7.2111,5.0,2.23607,5.65685,5.83095,11.40175,14.31782,18.24829,16.76305,21.0238,24.04163,25.70992,29.06888,33.24154,37.16181,37.33631,39.0,46.06517,42.48529,44.77723,50.08992,48.33218,51.89412,52.0,53.45091,55.97321,56.46238,60.72891,63.90618,69.26038,67.6757,69.857,69.92138,77.7946,71.47027,82.28001,80.99383,77.20104,85.3815,83.48653,93.40771,88.23831,85.86617
13.45362,12.80625,12.04159,13.45362,12.04159,11.31371,10.63015,10.63015,10.63015,9.43398,10.0,10.29563,9.43398,8.94427,8.94427,9.48683,9.21954,8.24621,9.21954,9.21954,9.05539,9.05539,9.05539,10.0,10.0,10.0,11.04536,11.0,12.0,11.0,12.0,12.04159,12.04159,11.04536,11.04536,11.18034,11.18034,10.44031,10.44031,10.44031,9.48683,10.77033,8.94427,8.94427,8.94427,8.06226,7.81025,7.81025,7.07107,7.07107,6.40312,5.83095,79.40403,76.94154,76.844,71.56116,73.23933,69.40461,70.43437,65.21503,61.07373,61.07373,58.69412,53.75872,57.28001,52.34501,49.0408,53.82379,55.47071,49.64877,47.85394,46.14109,52.81098,52.55473,50.28916,51.92302,48.27007,54.12024,53.60037,58.21512,55.9017,61.0,57.42822,62.39391,59.68249,63.28507,63.50591,62.96825,63.63961,64.13267,63.60031,62.58594,58.82176,64.51356,63.15853,60.74537,58.18075,56.82429,53.7122,52.15362,49.09175,47.20169,46.8615,48.83646,43.18565,38.60052,39.20459,35.51056,34.53983,34.66987,34.71311,30.61046,34.48188,29.54657,27.51363,28.23119,24.73863,26.92582,20.22375,22.2036,14.14214,13.0384,9.48683,8.94427,6.08276,6.40312,3.16228,8.60233,12.04159,14.14214,15.81139,16.40122,25.0,26.87006,30.41381,31.89044,35.60899,34.82815,38.41875,37.80212,44.04543,44.82187,42.2019,46.2277,49.20366,44.82187,52.34501,51.22499,58.79626,60.44005,60.1415,65.8559,66.52819,66.48308,69.42622,72.83543,72.86288,76.38063,78.56844,82.87943,81.3941,82.46211,81.46779,89.20202,89.4986,89.20202
13.41641,13.0,11.7047,12.08305,11.7047,10.77033,10.44031,10.44031,10.44031,9.21954,9.21954,10.04988,9.05539,9.0,9.0,9.05539,9.05539,9.05539,8.24621,8.544,8.544,8.544,8.544,9.84886,10.77033,9.84886,11.18034,10.77033,11.7047,10.77033,10.77033,10.44031,10.77033,11.40175,11.40175,11.18034,11.18034,10.04988,10.04988,10.0,10.0,10.04988,9.05539,9.05539,8.06226,8.24621,7.28011,7.61577,6.7082,7.2111,6.40312,5.65685,76.94154,76.47876,74.32362,73.79024,73.53911,66.64083,66.30988,64.07808,63.32456,58.87274,60.41523,59.43904,59.22837,55.10898,53.75872,53.15073,53.08484,51.0392,46.17359,55.08176,54.33231,49.36598,47.80167,46.48656,50.59644,51.24451,57.00877,52.3259,57.24509,60.41523,59.03389,59.9333,61.09828,64.62198,61.7414,63.56886,62.96825,59.80803,68.15424,60.44005,63.15061,61.66036,59.5399,60.82763,49.0102,58.21512,52.08647,53.15073,47.16991,45.27693,44.55334,44.38468,43.01163,39.92493,35.1141,33.61547,31.40064,36.13862,29.41088,34.53983,28.63564,32.20248,26.40076,25.6125,26.1725,24.08319,24.83948,19.84943,19.41649,13.0384,13.0384,8.94427,4.12311,2.0,3.60555,5.0,7.61577,12.64911,18.02776,21.37756,23.5372,29.73214,27.85678,32.57299,34.48188,34.43835,38.07887,39.56008,40.31129,43.9659,42.54409,45.31004,49.0408,50.92151,53.48832,55.65968,54.70832,58.5235,64.84597,64.51356,69.92138,66.48308,67.26812,70.60453,75.43209,72.53275,80.08121,80.32434,80.95678,80.95678,83.00602,87.46428,86.37708,86.76981
13.15295,12.16553,12.04159,12.16553,11.04536,11.04536,11.0,10.0,10.04988,9.05539,10.04988,9.05539,9.21954,9.21954,8.24621,8.544,8.94427,8.06226,8.06226,8.60233,8.60233,8.60233,8.60233,9.21954,10.0,10.63015,10.63015,10.63015,11.40175,11.31371,11.40175,11.40175,11.40175,11.40175,10.81665,11.18034,11.18034,10.77033,9.84886,9.48683,9.48683,9.21954,9.21954,8.24621,8.06226,8.06226,7.0,7.0,7.07107,6.08276,6.32456,5.38516,79.51101,79.76215,76.05919,71.06335,71.00704,67.06713,66.0303,69.00725,60.00833,60.03332,60.40695,54.45181,55.9017,51.41984,53.36666,49.98,53.45091,47.16991,50.15974,51.10773,52.47857,49.92995,47.63402,50.44799,48.9183,50.32892,51.66237,58.0,59.39697,61.6198,57.31492,60.87693,58.69412,65.11528,61.55485,62.96825,66.46804,62.2254,65.29931,62.482,62.20129,66.03787,61.05735,57.98276,55.56978,52.7731,55.03635,52.92447,49.39636,47.53946,44.64303,45.35416,38.47077,38.11824,37.05401,37.12142,33.24154,32.06244,36.12478,30.01666,36.87818,31.04835,28.79236,29.15476,24.59675,25.55386,18.78829,18.35756,15.55635,19.20937,13.45362,9.43398,6.08276,2.23607,5.0,5.38516,7.07107,9.21954,16.03122,20.02498,21.0,23.0,30.0,33.0,35.0,31.40064,41.01219,37.12142,44.01136,43.04649,45.04442,49.0408,47.01064,49.0408,53.08484,54.0,59.07622,58.00862,61.0082,66.06815,69.06519,65.00769,68.35934,70.25667,72.69113,73.24616,81.05554,76.00658,82.02439,84.00595,81.00617,90.04999,90.04999,87.09191
12.64911,11.7047,12.08305,12.08305,10.77033,9.84886,10.29563,10.29563,10.29563,8.60233,9.43398,9.21954,8.60233,8.48528,8.48528,9.21954,8.60233,8.60233,8.06226,8.94427,8.94427,8.94427,8.94427,9.48683,9.84886,10.44031,11.40175,11.7047,11.7047,11.7047,11.18034,11.18034,11.18034,11.18034,11.18034,10.81665,11.40175,10.0,10.0,9.89949,9.21954,9.21954,9.21954,7.81025,7.81025,7.2111,8.06226,6.7082,6.7082,6.32456,6.08276,5.0,80.50466,75.53807,77.46612,71.19691,71.38627,74.52516,62.8172,70.03571,58.24946,64.84597,57.87055,53.7122,60.53924,50.08992,52.55473,51.97115,56.93856,49.64877,49.40648,48.27007,51.73973,47.38143,49.67897,48.10405,47.20169,52.00961,53.25411,51.97115,58.83026,58.66856,55.75841,62.26556,57.14018,63.63175,60.90156,65.0,67.1193,63.51378,63.41136,61.22091,59.20304,60.10824,62.24147,59.5483,60.1415,52.49762,54.20332,48.01042,49.64877,46.14109,43.909,45.17743,43.32436,38.8973,39.45884,34.1321,32.0,30.67572,33.24154,29.83287,35.22783,25.0,29.0,26.1725,24.73863,25.0,21.58703,19.41649,17.88854,14.31782,11.18034,10.0,6.32456,3.16228,4.47214,5.38516,10.63015,8.94427,16.76305,16.27882,19.31321,25.29822,28.4605,29.15476,31.7805,34.36568,37.65634,37.48333,43.73786,41.4367,43.93177,49.0306,49.0306,46.87217,53.60037,53.15073,60.72891,62.64184,57.87055,67.72001,66.40783,69.64194,64.84597,71.7844,70.83784,77.20104,78.33901,79.30952,83.52245,86.83317,81.7435,86.12201,91.67879,81.3941
13.34166,13.34166,12.04159,13.15295,12.16553,12.16553,12.04159,11.04536,11.0,10.04988,11.0,10.04988,10.04988,10.19804,10.19804,10.44031,10.44031,9.48683,9.84886,9.84886,10.29563,10.29563,10.29563,10.81665,11.6619,11.6619,11.6619,12.52996,13.0384,11.6619,12.52996,12.52996,12.52996,12.08305,12.08305,11.7047,12.64911,11.40175,11.40175,11.18034,10.19804,11.04536,10.04988,9.05539,9.05539,9.05539,8.0,8.06226,7.07107,7.28011,6.32456,5.83095,83.00602,75.96052,76.24303,74.63243,69.26038,66.48308,67.6757,68.62215,62.36185,61.98387,60.07495,56.0803,61.20457,53.08484,52.08647,52.03845,53.15073,51.15662,46.27094,49.47727,51.92302,50.21952,52.92447,47.41308,48.75449,53.31041,50.53712,59.16925,59.16925,59.68249,58.30952,61.05735,56.35601,64.84597,62.26556,63.95311,62.17717,65.51336,62.64982,67.77905,59.80803,63.56886,59.66574,58.24946,58.85576,56.88585,56.22277,52.08647,51.0392,46.09772,43.10452,45.01111,42.29657,38.63936,38.32754,33.61547,31.90611,31.01612,31.7805,31.57531,32.69557,29.06888,26.92582,26.07681,23.02173,23.43075,21.26029,19.41649,15.0,16.40122,8.94427,7.07107,5.65685,4.12311,2.23607,7.0,10.44031,11.0,11.0,14.0,21.37756,25.4951,24.08319,29.12044,29.61419,31.32092,37.10795,35.17101,42.2019,39.56008,38.32754,45.60702,44.72136,47.07441,51.97115,54.12947,57.55867,57.87055,60.01666,65.11528,62.514,61.81424,64.53681,69.2315,72.24957,74.33034,73.68175,80.04998,81.58431,86.58522,78.33901,87.64131,85.86617,82.86133
12.52996,12.08305,12.08305,12.08305,11.18034,9.84886,10.44031,9.48683,10.44031,9.21954,9.21954,9.05539,9.05539,9.05539,8.0,9.05539,9.05539,9.05539,9.21954,9.21954,9.21954,9.48683,9.48683,10.44031,10.77033,10.77033,10.77033,11.7047,11.7047,11.7047,11.40175,11.40175,11.40175,11.18034,11.18034,11.18034,11.04536,10.0,10.0,10.0,10.04988,9.05539,9.05539,8.06226,8.24621,7.28011,7.61577,7.61577,6.7082,5.83095,6.40312,5.65685,80.5295,71.55418,79.70571,70.66116,67.62396,67.53518,65.79514,63.32456,56.64804,58.30952,55.7853,54.57105,57.28001,55.3263,53.15073,51.15662,53.00943,51.0098,46.09772,48.25971,51.97115,47.51842,48.27007,49.47727,53.48832,50.44799,50.15974,54.12947,53.7122,60.37384,59.5399,60.92618,59.80803,64.4748,55.9464,65.19202,64.07808,62.93648,60.44005,61.84658,59.90826,59.22837,60.67125,57.55867,54.33231,56.0,49.0408,50.08992,47.04253,49.36598,45.70558,40.60788,41.48494,37.33631,38.07887,32.24903,31.14482,35.90265,31.38471,31.7805,32.75668,30.4795,31.82766,25.80698,25.6125,24.04163,20.80865,19.41649,16.97056,12.64911,10.0,4.0,5.09902,2.23607,5.38516,4.47214,6.32456,13.15295,13.92839,16.27882,20.61553,23.76973,27.20294,25.96151,29.15476,33.61547,39.21734,35.34119,39.39543,40.8534,41.23106,45.31004,45.31004,48.10405,49.64877,49.98,57.56735,56.32051,58.5235,62.96825,63.56886,62.03225,73.1642,68.30813,71.16881,72.42237,76.53757,78.43469,79.05694,80.95678,83.81527,88.76936,82.46211,85.88364
11.7047,12.08305,11.18034,11.18034,11.18034,9.84886,10.29563,9.43398,9.43398,8.60233,9.21954,9.21954,8.48528,7.81025,8.48528,8.60233,8.06226,8.06226,8.94427,8.94427,8.94427,8.544,8.544,9.48683,9.48683,10.44031,10.44031,10.44031,10.77033,10.44031,10.77033,10.77033,10.77033,10.29563,11.18034,10.29563,10.81665,10.0,10.0,9.21954,9.21954,9.21954,8.48528,8.48528,7.81025,7.2111,7.2111,6.7082,6.32456,6.32456,6.08276,5.0,79.81228,75.69016,75.89466,73.08215,73.68175,67.05222,65.80274,65.45991,63.56886,57.69749,58.13777,56.82429,56.35601,53.0,56.60389,51.85557,53.8145,52.40229,50.20956,48.79549,53.15073,51.85557,48.02083,48.54894,50.24938,51.97115,54.20332,54.78138,57.00877,58.87274,60.41523,62.16912,58.13777,62.64982,64.07808,64.41273,63.52952,65.29931,64.40497,61.61169,61.29437,60.30755,58.89822,59.03389,55.86591,54.45181,54.56189,52.00961,48.01042,48.41487,46.87217,43.26662,41.62932,35.1141,38.27532,35.90265,30.41381,35.60899,30.88689,31.95309,32.28002,33.37664,30.26549,29.0,24.08319,25.01999,20.39608,20.02498,19.41649,15.0333,13.0384,10.81665,3.0,4.24264,2.23607,6.40312,9.43398,8.94427,13.0,12.08305,21.47091,26.07681,26.83282,31.38471,32.31099,33.52611,36.76955,38.27532,44.01136,40.49691,42.72002,46.48656,48.70318,48.8467,53.22593,51.89412,58.60034,58.60034,60.82763,63.50591,66.21178,66.21178,68.7968,73.79024,76.96753,75.15318,80.49845,82.34683,82.76473,85.09407,85.23497,88.02272,88.39118,84.77028
12.64911,13.0,12.08305,13.0,11.7047,11.18034,11.6619,10.29563,9.43398,9.43398,9.43398,10.0,10.0,9.89949,9.21954,10.0,10.0,9.43398,9.43398,9.43398,9.43398,9.84886,10.29563,11.18034,11.18034,10.77033,11.7047,12.08305,12.08305,12.08305,11.6619,12.52996,12.52996,11.6619,11.6619,11.40175,11.40175,10.63015,10.63015,11.31371,9.89949,9.89949,9.21954,9.21954,8.60233,8.60233,8.06226,7.61577,6.7082,6.32456,6.08276,5.09902,83.95237,74.33034,77.20104,73.4983,69.92138,67.18631,63.90618,68.00735,57.58472,60.16644,59.9333,55.4617,56.82429,54.70832,51.97115,55.0,55.44367,51.08816,53.8145,47.42362,56.0803,48.16638,53.82379,53.00943,53.0,54.70832,51.88449,58.13777,59.05929,61.84658,60.83584,65.39113,58.66856,66.64833,61.26989,65.73431,64.00781,64.88451,67.42403,63.24555,63.00794,65.60488,59.46427,57.38467,58.69412,54.45181,57.48913,50.80354,53.25411,49.81967,47.70744,43.41659,42.54409,37.94733,37.64306,32.75668,34.36568,30.41381,32.31099,30.80584,33.54102,26.01922,31.01612,30.26549,26.30589,26.68333,21.18962,20.61553,18.38478,16.55295,14.56022,6.7082,6.32456,1.0,2.0,5.0,10.29563,10.0,16.15549,16.64332,24.59675,26.92582,27.45906,32.31099,32.57299,32.57299,41.97618,37.0,44.59821,41.10961,44.27189,42.44997,45.69464,47.12749,52.20153,54.42426,56.85948,59.23681,59.09315,66.7308,63.97656,66.21178,66.85058,69.64194,71.58911,75.02666,76.89603,79.12016,79.47956,86.02325,79.71198,91.70605,88.86507,83.52245
14.42221,13.0384,13.41641,13.0384,12.52996,11.6619,12.08305,11.18034,10.77033,10.44031,10.77033,10.44031,10.44031,10.19804,10.19804,10.04988,10.04988,10.04988,10.0,10.04988,10.0,11.04536,10.04988,11.18034,11.04536,11.18034,12.16553,12.04159,13.15295,12.16553,12.04159,13.0384,13.0384,12.0,12.0,12.04159,12.04159,11.18034,11.18034,11.18034,10.44031,10.44031,10.44031,9.48683,9.84886,8.94427,8.60233,8.60233,7.81025,7.81025,7.07107,6.40312,80.77747,74.94665,76.47876,72.06941,70.66116,68.09552,66.64083,68.42514,63.97656,60.41523,61.09828,59.23681,54.08327,55.08176,52.49762,50.63596,54.45181,52.08647,47.01064,50.03998,51.24451,51.08816,46.27094,51.78803,48.83646,52.63079,58.24088,57.58472,58.87274,60.16644,58.18935,59.61543,64.19502,63.24555,63.32456,65.96969,67.91171,59.90826,66.48308,65.62012,65.76473,62.39391,61.52235,61.07373,55.03635,60.00833,53.23533,58.54912,49.25444,44.14748,41.97618,45.35416,37.0,39.0,33.54102,34.1321,30.61046,31.01612,32.31099,33.01515,28.84441,24.83948,26.90725,26.87006,23.02173,23.85372,20.12461,17.46425,14.76482,11.7047,8.60233,4.47214,5.38516,4.12311,2.23607,6.32456,6.32456,13.60147,15.52417,17.26268,22.2036,21.37756,25.0,29.54657,29.54657,35.35534,36.68787,36.24914,41.14608,42.05948,43.86342,45.61798,48.8467,49.39636,50.56679,53.85165,56.921,53.85165,66.48308,61.68468,69.28925,60.53924,61.35145,66.70832,73.73602,75.02666,82.28001,80.62258,82.5409,83.25863,84.17244,87.72685,81.85964,84.53402
13.89244,14.42221,12.80625,13.60147,12.20656,12.20656,11.40175,12.04159,11.40175,10.63015,11.31371,10.63015,10.0,10.81665,10.0,10.29563,9.84886,9.84886,9.84886,10.44031,9.48683,10.44031,10.44031,11.40175,11.40175,11.40175,12.36932,12.36932,13.34166,12.36932,12.36932,12.64911,12.64911,12.64911,12.64911,12.08305,12.08305,11.6619,11.18034,10.81665,10.81665,10.81665,10.0,10.0,9.21954,8.48528,9.21954,7.81025,7.81025,7.2111,6.7082,6.7082,78.79086,79.30952,75.17978,72.91776,73.79024,70.21396,68.0,64.14047,62.42596,62.96825,57.42822,55.0,59.66574,54.67175,51.85557,51.62364,54.03702,51.22499,49.40648,50.0,54.58938,49.92995,48.8467,49.76947,50.69517,53.14132,52.55473,54.81788,57.87055,58.94065,61.84658,60.44005,59.77458,65.52099,65.96969,65.0,68.70953,65.19202,63.95311,64.40497,60.90156,60.20797,60.90156,59.36329,56.0357,57.80138,55.60576,55.31727,48.79549,46.75468,45.0,44.20407,42.63801,35.35534,34.9285,37.57659,34.17601,30.41381,31.62278,31.90611,28.4605,26.92582,25.0,21.58703,24.5153,24.02082,20.09975,16.12452,15.29706,13.60147,9.84886,9.84886,5.0,3.60555,2.0,5.83095,8.48528,10.29563,15.0,19.84943,20.0,23.43075,28.01785,28.6531,28.6007,37.21559,39.82462,37.73592,41.18252,44.41846,44.29447,47.63402,46.87217,45.48626,49.40648,51.47815,59.64059,58.60034,63.60031,61.61169,68.41053,61.22091,64.44377,66.28725,74.8131,73.60027,77.42093,76.6094,82.37718,86.4523,79.25907,84.38009,86.09297,84.0595
13.41641,13.89244,13.0384,13.0384,11.6619,11.6619,11.40175,11.40175,11.40175,10.63015,10.63015,9.89949,9.89949,10.0,9.21954,10.0,9.43398,9.43398,10.29563,9.84886,9.84886,9.84886,9.84886,10.77033,10.77033,11.7047,11.7047,12.08305,12.64911,11.7047,12.08305,12.08305,12.08305,12.08305,12.08305,11.6619,12.20656,11.40175,11.40175,10.63015,9.89949,11.31371,9.89949,9.89949,9.21954,8.60233,8.60233,8.06226,8.06226,7.61577,6.32456,6.32456,84.69357,77.83315,76.47876,73.53911,73.82412,69.35416,69.31811,69.83552,64.00781,61.77378,60.46487,58.5235,56.85948,56.0357,52.00961,54.45181,56.56854,51.73973,51.85557,51.22499,53.7122,52.69725,50.08992,52.80152,50.69517,55.71355,56.46238,59.48109,56.64804,63.06346,57.28001,64.84597,64.2573,66.7308,62.93648,66.48308,66.12866,67.77905,69.35416,65.30697,62.64982,62.76942,65.8635,66.28725,59.03389,59.66574,56.63921,55.17246,47.38143,51.08816,48.79549,43.26662,45.60702,39.35734,37.57659,35.73514,32.01562,35.0,33.61547,31.38471,31.04835,31.257,29.15476,23.02173,22.09072,24.5153,19.64688,21.2132,14.56022,15.23155,12.64911,8.48528,5.38516,4.47214,2.82843,3.16228,7.61577,12.52996,12.80625,17.80449,22.47221,27.45906,28.6007,30.52868,31.76476,35.77709,38.94868,37.57659,42.54409,42.54409,44.72136,45.61798,48.30114,52.35456,50.60632,52.35456,57.70615,59.5399,60.53924,65.0,69.33974,65.51336,68.47627,69.97142,76.8505,75.47185,77.02597,80.9506,83.72574,85.88364,78.71467,86.76405,86.8159,85.42248
13.92839,13.0,12.08305,13.0,13.0,12.08305,11.6619,10.29563,10.29563,10.0,10.81665,10.0,10.0,9.89949,9.21954,10.63015,9.21954,9.21954,9.43398,9.43398,9.43398,9.84886,8.94427,9.84886,11.18034,10.77033,10.77033,12.08305,12.08305,12.08305,11.18034,12.52996,11.6619,11.6619,12.20656,11.40175,11.40175,10.63015,10.63015,9.89949,10.63015,10.0,10.0,8.60233,9.43398,8.06226,7.61577,7.61577,7.28011,7.28011,7.07107,6.0,82.07923,75.27284,79.60528,73.00685,71.11259,66.21178,65.30697,65.29931,60.41523,58.59181,59.36329,53.33854,54.20332,55.97321,52.00961,53.75872,57.28001,51.08816,48.16638,48.9183,49.92995,48.82622,51.42956,48.33218,51.47815,52.80152,55.9464,57.93962,55.65968,60.40695,56.64804,61.98387,59.61543,67.06713,58.5235,63.56099,64.2573,64.07808,64.84597,64.41273,60.90156,63.24555,60.21628,61.61169,57.48913,57.38467,53.03772,53.74012,47.42362,49.81967,45.45327,44.40721,40.22437,38.47077,38.27532,36.40055,33.95585,30.80584,32.24903,28.23119,31.01612,28.28427,28.86174,26.30589,23.19483,23.0,18.02776,19.64688,14.14214,14.31782,8.24621,6.7082,5.0,3.16228,3.16228,7.2111,7.2111,10.63015,13.0384,17.69181,21.40093,28.01785,29.68164,31.90611,27.78489,33.61547,35.51056,35.34119,42.54409,42.05948,42.54409,47.88528,47.50789,46.64762,51.47815,52.15362,57.45433,56.0803,60.03332,65.19202,69.63476,62.80127,70.83078,71.02112,68.60029,74.06079,79.07591,81.88406,81.8352,87.66413,78.03204,87.20665,85.23497,86.31338
13.34166,12.36932,12.64911,12.36932,11.40175,10.44031,10.77033,9.84886,9.84886,8.94427,8.94427,9.43398,9.43398,8.60233,8.60233,9.21954,8.48528,8.48528,8.60233,9.43398,8.60233,9.43398,8.94427,10.29563,10.29563,10.29563,11.18034,11.18034,11.18034,11.18034,11.6619,11.6619,11.6619,10.81665,10.81665,11.40175,10.63015,9.89949,9.89949,9.89949,9.21954,10.0,8.60233,8.60233,8.60233,8.06226,7.61577,6.32456,6.32456,6.08276,6.0,5.0,75.13322,72.83543,73.00685,67.68309,68.15424,65.73431,60.44005,66.76077,63.89053,57.87055,57.27128,56.35601,56.35601,51.42956,52.3259,48.01042,51.0392,51.40039,47.63402,48.83646,54.03702,48.16638,51.40039,49.09175,50.47772,54.91812,53.7122,56.35601,53.85165,60.37384,57.69749,62.6099,58.13777,63.50591,59.94164,65.51336,67.23095,64.00781,62.42596,60.80296,58.60034,60.87693,62.482,56.58622,55.17246,55.17246,56.0803,50.32892,49.81967,48.25971,43.56604,43.38202,38.48376,37.94733,38.8973,32.75668,31.06445,34.9285,31.32092,32.24903,32.38827,32.01562,23.5372,26.01922,24.33105,20.88061,21.0238,18.78829,16.76305,13.41641,8.94427,9.21954,3.16228,2.23607,3.16228,8.60233,5.65685,12.52996,15.29706,16.76305,21.09502,25.0,29.12044,30.08322,29.61419,35.90265,38.07887,37.85499,43.41659,42.75512,44.14748,45.60702,47.80167,47.80167,50.69517,50.28916,56.29387,57.24509,60.74537,63.89053,66.12866,61.68468,66.85058,68.15424,74.84651,73.38937,77.83315,76.55064,79.69944,84.89994,78.44743,85.86617,84.89994,86.58522
13.0,12.08305,11.6619,12.52996,11.6619,10.29563,10.0,10.0,10.0,9.21954,9.21954,9.21954,9.21954,9.21954,8.60233,9.43398,8.94427,8.06226,8.544,8.544,8.544,9.21954,9.48683,9.21954,10.44031,11.40175,11.18034,11.40175,11.40175,11.40175,11.40175,11.40175,11.40175,11.7047,11.7047,10.77033,11.18034,10.29563,10.29563,9.43398,9.43398,9.21954,9.21954,7.81025,8.48528,7.07107,7.81025,7.2111,5.83095,6.32456,5.38516,5.09902,78.18568,79.12016,74.30343,72.44998,74.73286,71.69379,63.13478,68.0,62.17717,60.53924,61.03278,59.40539,55.21775,54.03702,52.00961,55.17246,55.17246,49.81967,46.40043,48.41487,54.20332,52.7731,48.76474,52.35456,47.42362,53.48832,51.62364,55.7853,55.97321,63.78871,58.18935,63.60031,63.90618,67.41662,62.58594,65.55151,67.35726,65.9242,64.88451,63.95311,61.7414,63.51378,61.58734,59.68249,59.90826,54.81788,54.56189,53.07542,47.63402,50.20956,47.50789,43.93177,42.43819,39.35734,38.47077,32.57299,36.67424,31.62278,32.20248,33.54102,29.42788,31.57531,25.01999,25.07987,24.08319,25.17936,19.0,17.02939,12.16553,17.46425,11.7047,9.05539,7.0,2.23607,3.0,5.38516,10.81665,9.21954,16.40122,17.20465,22.80351,25.80698,31.40064,29.54657,28.30194,36.23534,38.58756,39.44617,42.95346,43.38202,42.54409,46.14109,48.75449,51.0,48.02083,52.35456,59.5399,60.90156,60.20797,64.14047,69.11584,65.0,73.4983,73.92564,77.93587,76.55064,78.03204,83.00602,79.92496,83.63014,81.00617,89.00562,85.86617,87.72685
14.86607,12.64911,13.60147,12.64911,12.64911,11.40175,12.36932,11.18034,11.18034,11.04536,11.04536,11.0,10.0,10.04988,10.04988,11.18034,10.19804,10.19804,9.48683,10.44031,10.44031,10.77033,10.77033,12.08305,12.08305,12.08305,12.08305,13.0,13.0,13.41641,13.0,13.0,12.64911,12.64911,12.64911,13.34166,12.16553,12.16553,11.18034,11.18034,11.04536,11.04536,11.0,10.0,9.0,9.0,9.05539,8.24621,8.24621,7.28011,6.7082,5.83095,81.43709,74.46476,77.16217,72.42237,68.94926,70.5195,65.52099,69.26038,59.66574,58.94065,57.55867,55.57877,57.42822,55.3263,51.24451,49.0408,53.0,53.23533,50.80354,49.49747,55.10898,48.50773,48.38388,49.98,48.46648,53.85165,54.78138,55.9464,57.70615,62.43397,56.93856,64.00781,59.94164,65.36819,66.03787,61.7414,63.97656,66.18912,67.77905,62.29767,58.87274,60.08328,64.28841,62.8172,57.27128,56.56854,53.33854,54.03702,46.27094,49.0408,46.04346,45.39824,41.30375,41.59327,40.49691,37.12142,34.43835,32.98485,31.38471,28.6531,28.01785,28.6007,26.1725,24.08319,23.02173,20.51828,24.69818,17.88854,17.0,13.92839,10.29563,7.07107,4.47214,2.23607,1.0,4.47214,7.0,10.77033,15.0,17.08801,21.37756,23.19483,26.30589,28.86174,31.04835,37.0,36.40055,36.05551,42.15448,40.8534,40.8534,45.18849,44.94441,46.48656,50.59644,53.75872,54.34151,59.20304,63.56099,62.36185,64.7611,63.89053,64.56005,69.37579,72.36712,73.24616,77.12976,79.69944,79.40403,87.31552,79.05694,84.77028,90.24965,82.5409
13.60147,12.64911,13.0,12.64911,12.08305,10.77033,11.18034,10.29563,10.29563,10.29563,10.29563,10.0,9.21954,9.21954,9.21954,9.21954,9.21954,9.21954,8.60233,9.43398,9.43398,9.43398,9.43398,9.84886,9.84886,10.77033,10.77033,12.08305,11.7047,12.08305,11.18034,11.6619,11.18034,10.81665,11.6619,10.81665,11.40175,11.40175,10.63015,9.89949,9.89949,9.89949,9.21954,8.60233,8.60233,8.60233,8.06226,8.06226,7.61577,6.32456,6.08276,6.08276,80.23092,83.19255,73.92564,74.32362,74.68601,67.60178,64.88451,66.57327,62.43397,59.36329,55.80323,58.25805,56.72742,54.81788,56.85068,54.48853,57.28001,51.85557,49.67897,52.47857,51.97115,51.47815,50.32892,49.39636,54.56189,53.48832,57.24509,57.48913,57.56735,60.63827,61.68468,62.64184,63.78871,66.94027,66.76077,65.14599,65.78754,63.32456,68.88396,66.30988,64.84597,62.64982,62.68174,62.1289,53.53504,61.85467,55.22681,54.48853,47.38143,48.83646,46.09772,44.04543,38.60052,40.31129,37.69615,38.62642,35.44009,31.89044,33.54102,31.30495,30.01666,31.95309,27.45906,27.29469,24.02082,22.02272,21.2132,19.23538,15.13275,13.15295,8.544,6.08276,5.0,1.0,3.60555,5.0,9.21954,12.80625,17.20465,19.84943,24.83948,25.6125,29.41088,29.96665,34.66987,35.0,38.60052,39.56008,42.04759,41.59327,46.87217,49.24429,47.41308,48.37355,53.25411,52.47857,59.07622,61.05735,64.3506,63.24555,67.95587,66.57327,70.29225,71.06335,73.60027,76.40026,84.72308,81.30191,83.21658,79.40403,84.90583,89.88882,85.08819,89.88882
12.52996,12.52996,12.08305,12.08305,11.18034,10.77033,10.77033,10.44031,9.48683,9.21954,9.21954,9.05539,9.05539,9.0,9.0,9.0,9.05539,9.05539,9.05539,9.21954,9.21954,10.19804,9.48683,10.44031,10.77033,10.77033,11.7047,11.40175,11.40175,11.7047,11.40175,12.36932,12.16553,11.18034,12.16553,11.04536,11.04536,11.0,10.0,10.0,9.05539,10.04988,9.05539,9.05539,8.24621,7.28011,7.61577,6.7082,6.7082,5.83095,5.83095,5.65685,79.81228,75.16648,74.96666,66.52819,69.42622,65.76473,60.82763,63.65532,62.36986,60.82763,59.5483,55.31727,56.61272,51.86521,53.25411,49.24429,53.7122,50.32892,49.76947,51.86521,57.00877,49.47727,49.16299,51.47815,47.67599,53.08484,53.03772,61.0082,53.00943,62.00806,58.0,62.03225,59.03389,64.0,61.0,66.18912,63.3877,64.12488,63.34824,66.28725,60.87693,59.43904,62.29767,59.48109,55.65968,58.30952,53.66563,50.08992,48.37355,47.70744,47.80167,44.55334,39.05125,39.62323,37.53665,35.22783,31.30495,34.1321,33.30165,30.4795,30.0,29.41088,26.41969,25.07987,27.85678,23.76973,20.39608,17.46425,15.13275,14.14214,11.0,6.7082,5.83095,5.65685,2.23607,5.09902,9.84886,10.77033,16.15549,15.6205,19.72308,24.83948,29.52965,29.06888,33.30165,35.38361,39.62323,37.48333,44.82187,41.03657,41.03657,44.59821,49.51767,48.79549,51.62364,51.73973,60.60528,56.72742,60.60528,63.03174,67.00746,65.29931,62.80127,69.81404,73.87828,74.51845,78.1025,79.98125,81.21576,79.93122,78.49204,89.10668,89.14034,84.14868
14.14214,13.0384,13.0,13.0384,13.0,11.0,12.04159,11.04536,11.04536,11.18034,11.04536,11.18034,10.19804,9.48683,9.48683,10.77033,9.84886,10.29563,9.43398,10.81665,10.29563,10.81665,10.81665,11.40175,11.40175,11.40175,12.80625,12.80625,12.80625,13.60147,12.20656,13.0384,13.0384,12.52996,12.52996,12.52996,13.0,11.7047,11.7047,10.44031,11.40175,10.44031,10.19804,9.21954,9.05539,9.05539,8.0,8.0,8.0,7.07107,6.32456,6.32456,79.0,76.00658,74.10803,68.00735,69.18092,65.00769,68.02941,64.38167,61.52235,60.53098,56.04463,56.51548,62.0967,57.48913,51.86521,50.32892,53.7122,50.9902,50.9902,50.60632,55.0,54.08327,49.67897,51.22499,53.90733,53.8145,56.63921,54.56189,61.52235,61.07373,62.24147,63.12686,63.03174,68.24954,63.25346,69.35416,67.17887,65.06919,66.06815,62.62587,63.41136,63.28507,61.91123,61.58734,56.4358,54.56189,55.00909,57.69749,49.24429,48.10405,46.32494,45.60702,42.95346,39.05125,40.0125,36.0,35.17101,29.83287,29.27456,30.01666,32.01562,32.75668,27.20294,25.70992,21.54066,23.25941,20.24846,21.47091,14.86607,12.80625,10.63015,6.32456,5.65685,2.0,1.0,4.12311,9.48683,11.18034,10.77033,18.02776,21.37756,24.5153,28.79236,29.15476,34.36568,32.24903,34.23449,37.33631,40.04997,42.19005,40.1995,46.38965,49.09175,50.08992,53.46027,56.14268,55.57877,55.57877,59.22837,60.67125,64.32729,64.13267,68.65858,65.11528,73.5459,73.5459,78.40918,77.64664,81.04937,81.3941,82.29824,87.28115,82.0975,87.28115
13.0384,13.0384,12.0,12.0,12.0,11.0,11.0,10.04988,10.04988,9.05539,10.19804,9.48683,9.48683,9.48683,8.544,8.94427,8.94427,8.94427,9.43398,9.43398,8.60233,10.0,9.21954,9.89949,9.89949,10.63015,11.31371,12.04159,12.04159,12.04159,11.40175,12.20656,11.40175,10.81665,11.6619,11.6619,11.18034,10.77033,10.77033,9.48683,9.48683,9.21954,9.21954,9.21954,8.06226,8.06226,8.0,7.0,7.07107,6.08276,6.32456,5.38516,77.66595,75.43209,77.64664,74.52516,70.71068,63.78871,63.78871,66.91039,61.20457,62.28965,56.0,57.00877,60.07495,55.00909,51.24451,49.64877,54.91812,49.47727,50.0,51.5461,53.66563,50.69517,50.11986,50.77401,51.47815,58.66856,53.60037,58.25805,54.81788,59.5483,59.90826,61.40033,58.83026,68.24222,59.81639,66.28725,67.95587,67.41662,65.36819,63.50591,59.48109,62.76942,62.62587,60.74537,54.40588,57.56735,57.72348,53.93515,49.0306,45.09989,43.10452,46.01087,45.04442,41.30375,37.36308,35.44009,31.76476,32.01562,31.40064,29.41088,28.63564,30.08322,26.0,23.25941,19.84943,20.61553,20.51828,14.14214,15.55635,12.04159,8.94427,3.60555,2.23607,3.0,3.16228,6.0,11.0,12.16553,17.0,20.0,20.02498,25.01999,29.27456,29.0,35.0571,35.22783,39.20459,40.31129,42.42641,42.29657,42.57934,49.49747,47.38143,47.38143,54.45181,53.33854,60.03332,58.54912,63.12686,67.18631,65.19202,69.11584,67.36468,70.17834,71.0,74.10803,78.23043,78.40918,85.09407,84.85281,81.61495,82.73452,84.71718,84.71718
12.16553,12.16553,11.40175,11.40175,11.40175,10.19804,10.77033,9.84886,9.48683,8.94427,10.29563,9.43398,8.60233,8.60233,8.60233,9.21954,8.48528,8.48528,8.60233,9.21954,8.60233,9.43398,9.43398,10.29563,10.29563,10.29563,11.18034,10.81665,11.6619,11.6619,10.81665,11.6619,11.40175,10.81665,11.40175,10.63015,10.63015,9.89949,9.21954,9.21954,9.43398,8.60233,8.60233,8.06226,8.06226,7.61577,7.61577,6.32456,6.32456,6.08276,6.0,5.0,80.09994,77.23341,77.05842,67.18631,71.02816,63.00794,65.0,65.12296,62.64982,55.9017,56.56854,53.93515,56.75385,51.66237,53.16014,50.56679,49.65884,49.65884,50.9902,50.11986,56.85948,48.9183,51.85557,48.83646,50.20956,53.03772,53.75872,54.20332,58.25805,60.80296,59.81639,63.60031,62.96825,63.89053,62.80127,66.70832,65.19202,68.593,63.78087,65.79514,63.12686,60.44005,60.80296,64.03124,56.0357,53.85165,54.12024,55.03635,45.17743,44.28318,44.92215,41.76123,42.95346,41.97618,38.01316,36.22154,34.52535,29.15476,30.14963,28.44293,31.7805,26.92582,25.4951,24.18677,23.70654,25.4951,17.80449,14.21267,14.86607,12.20656,8.24621,8.94427,1.41421,2.23607,3.16228,7.07107,8.24621,12.08305,20.39608,21.0238,20.22375,26.0,28.16026,30.0,36.05551,35.01428,38.0,40.0125,45.01111,42.04759,45.04442,46.0,47.0,48.01042,53.00943,55.14526,62.1289,61.03278,62.00806,64.00781,68.46897,63.1981,70.11419,70.11419,71.02112,75.16648,76.1643,79.02531,86.20905,83.02409,81.02469,87.0,82.02439,84.00595
12.64911,11.7047,12.36932,11.40175,11.40175,10.44031,10.19804,10.04988,10.04988,10.04988,9.05539,9.0,9.0,9.05539,9.05539,9.21954,8.544,9.48683,8.544,9.84886,9.84886,8.94427,9.84886,10.29563,11.18034,11.18034,11.6619,12.08305,11.6619,12.52996,11.18034,12.08305,12.08305,10.77033,11.7047,11.40175,11.40175,11.18034,10.19804,10.19804,10.04988,9.05539,9.0,8.0,8.0,8.0,7.07107,7.07107,6.32456,6.32456,5.83095,5.0,79.05694,76.89603,75.96052,72.12489,72.11103,66.40783,65.73431,62.0967,58.69412,56.75385,61.98387,53.75872,60.29925,57.31492,52.08647,56.0803,54.08327,52.34501,50.15974,49.0306,50.96077,52.39275,47.42362,50.69517,49.39636,54.23099,56.82429,57.3062,56.82429,61.29437,59.9333,61.26989,64.41273,64.41273,63.95311,66.85058,65.79514,65.39113,63.32456,64.51356,62.64184,63.32456,59.66574,63.34824,55.10898,60.53098,54.08327,54.00926,46.0,49.0,44.18144,43.73786,39.81206,42.05948,39.35734,34.88553,33.83785,34.52535,30.08322,31.95309,30.41381,28.6531,28.6007,21.93171,23.34524,21.26029,17.49286,17.20465,14.42221,10.77033,8.0,5.0,6.08276,1.41421,1.0,6.32456,8.06226,12.16553,15.0333,18.43909,22.09072,28.01785,30.41381,29.73214,31.7805,35.17101,37.85499,41.0,39.84972,44.91102,45.88028,49.72927,45.54119,49.0408,50.96077,56.51548,56.88585,56.51548,61.81424,61.84658,66.28725,61.18823,66.75328,65.73431,70.03571,72.78049,80.80842,76.68768,81.02469,78.74643,82.56513,88.60023,82.96987,83.52245
14.03567,13.15295,13.15295,13.15295,12.16553,11.18034,11.18034,10.44031,10.44031,10.44031,10.77033,9.84886,9.84886,9.43398,8.94427,10.0,9.21954,9.21954,9.21954,9.89949,9.89949,10.63015,9.21954,10.63015,11.40175,11.40175,11.40175,12.04159,12.04159,11.40175,12.04159,12.04159,12.04159,11.31371,11.31371,11.40175,11.40175,10.81665,10.81665,10.81665,10.29563,10.29563,9.84886,8.94427,9.48683,8.544,8.24621,8.06226,8.06226,7.0,7.0,6.08276,77.0,77.00649,78.16009,70.11419,71.44928,68.26419,65.37584,68.18358,64.77654,60.41523,58.24946,56.32051,62.58594,56.64804,56.64804,54.626,54.12024,50.60632,49.09175,48.8774,53.41348,51.08816,46.66905,55.9017,53.03772,55.9017,53.41348,57.80138,59.20304,63.24555,61.40033,62.80127,62.00806,66.4003,62.42596,65.29931,67.62396,65.43699,65.05382,66.52819,62.2254,61.07373,62.36986,60.87693,58.00862,58.24946,55.00909,54.20332,47.41308,47.01064,48.46648,44.77723,43.9659,42.2019,39.11521,35.0,37.33631,30.41381,29.01724,28.28427,31.04835,26.92582,24.69818,21.54066,22.84732,22.80351,18.43909,16.97056,14.86607,11.40175,6.0,7.2111,4.47214,2.0,5.38516,8.24621,12.08305,15.81139,18.02776,19.64688,21.2132,23.19483,28.44293,30.59412,33.37664,35.22783,41.4367,35.35534,43.04649,46.04346,43.18565,48.16638,50.24938,48.25971,51.15662,51.15662,58.69412,60.67125,61.0,62.96825,67.68309,64.93843,69.05071,68.88396,67.89698,75.95393,79.9062,80.30567,83.86298,84.29116,77.41447,88.36289,86.46965,87.57283
12.72792,13.45362,12.04159,12.80625,12.04159,12.04159,11.40175,10.81665,10.81665,10.29563,10.29563,10.77033,9.84886,9.84886,9.84886,10.44031,10.44031,9.21954,10.04988,10.04988,10.04988,10.04988,10.04988,11.0,12.0,12.0,12.0,12.0,13.0,12.0,12.04159,12.04159,12.04159,12.04159,12.16553,12.16553,12.36932,11.40175,10.44031,10.44031,10.77033,10.77033,9.84886,9.84886,9.43398,8.06226,8.60233,7.81025,7.81025,7.07107,6.40312,5.83095,78.72103,76.53757,77.38863,71.56116,75.29276,65.73431,64.40497,67.95587,62.68174,59.81639,59.46427,58.79626,60.20797,57.98276,54.45181,51.66237,54.81788,53.85165,53.7122,53.33854,54.23099,51.88449,52.92447,54.42426,55.08176,57.56735,55.7315,60.53098,59.66574,63.63961,62.80127,68.06614,57.00877,67.18631,64.93843,68.68042,68.68042,66.48308,66.7308,65.55151,62.96825,63.56099,61.7171,64.41273,60.90156,55.47071,56.85948,54.20332,49.67897,50.32892,47.38143,45.96738,42.52058,42.19005,42.19005,38.91015,31.38471,29.41088,31.38471,28.23119,28.63564,25.17936,25.31798,25.07987,22.09072,22.02272,19.0,17.46425,13.15295,11.40175,9.84886,6.32456,4.24264,1.0,7.07107,7.61577,9.84886,12.52996,17.49286,20.61553,24.08319,25.4951,27.58623,30.61046,34.71311,34.4093,35.22783,38.60052,43.909,42.43819,44.40721,47.20169,49.64877,47.70744,48.60041,52.63079,59.66574,60.44005,61.61169,61.61169,65.43699,66.8431,72.62231,70.80254,71.58911,78.87332,74.4043,76.6094,80.1561,85.44589,77.66595,84.87638,85.98256,81.5414
12.04159,11.31371,12.04159,11.31371,10.63015,9.89949,10.0,9.21954,9.43398,8.60233,9.43398,8.94427,8.544,8.544,8.544,9.21954,8.06226,8.24621,9.05539,9.05539,9.05539,9.0,9.0,10.04988,10.04988,10.04988,11.04536,11.04536,12.04159,12.04159,11.0,11.0,11.0,11.04536,11.04536,11.18034,11.18034,10.19804,9.21954,9.48683,9.48683,9.48683,8.544,8.544,8.06226,8.06226,7.2111,6.40312,6.40312,5.65685,6.40312,5.0,74.51845,76.40026,77.15569,70.0928,70.76722,66.70832,65.79514,65.76473,60.959,60.959,58.82176,56.22277,57.80138,53.85165,52.15362,51.89412,53.7122,48.8467,48.70318,50.96077,54.74486,51.1957,47.26521,49.16299,53.23533,54.00926,57.0,61.03278,59.0,62.20129,62.03225,62.03225,63.0,66.06815,62.03225,66.1211,65.0,64.0,65.37584,62.96825,63.63961,65.9242,61.61169,60.63827,59.48109,58.82176,56.64804,53.22593,52.35456,47.41308,49.24429,45.79301,40.60788,40.31129,36.06938,35.38361,31.62278,32.55764,31.62278,29.15476,28.30194,29.73214,26.92582,22.80351,25.31798,24.33105,22.09072,17.11724,18.0,10.0,8.94427,5.09902,3.16228,1.0,5.0,5.83095,9.84886,12.20656,16.64332,19.41649,21.93171,25.80698,27.01851,29.0,31.89044,31.82766,39.62323,36.06938,43.18565,42.0119,41.72529,50.32892,49.0408,52.40229,53.07542,53.03772,57.28001,57.28001,63.70243,61.52235,63.70243,64.53681,68.68042,70.72482,75.0733,75.0733,77.89737,80.05623,78.56844,84.38602,82.03658,87.68124,83.4386,84.29116
13.89244,13.89244,13.0384,13.0384,12.20656,11.6619,11.40175,11.40175,10.63015,10.63015,10.63015,10.63015,10.63015,10.0,10.0,10.81665,10.29563,10.29563,9.84886,10.77033,9.84886,10.44031,10.77033,11.40175,11.7047,11.7047,12.36932,12.64911,12.64911,13.60147,12.64911,13.0,12.64911,13.0,12.08305,12.08305,13.0384,12.20656,11.6619,10.81665,11.40175,10.63015,10.63015,9.21954,9.21954,9.21954,8.60233,8.60233,8.06226,8.06226,7.61577,6.32456,79.30952,76.92204,75.13322,68.42514,69.46222,65.8635,64.41273,64.49806,60.74537,64.3506,58.82176,55.60576,58.25805,52.3259,54.48853,55.44367,55.44367,51.40039,50.60632,51.31277,53.7122,53.33854,49.76947,51.89412,45.31004,53.85165,56.32051,56.32051,58.94065,61.39218,59.43904,64.28841,62.29767,64.28841,62.36185,64.51356,66.09841,64.84597,66.30988,64.07808,64.84597,62.17717,59.48109,61.91123,58.24946,57.68882,55.60576,55.0,51.66237,48.83646,48.10405,45.60702,42.80187,41.34005,37.58989,34.78505,32.28002,30.46309,30.36445,29.15476,31.40064,24.73863,22.0,20.22375,20.61553,20.39608,18.35756,18.97367,13.0,13.41641,8.48528,6.32456,5.83095,1.0,6.32456,8.06226,10.29563,13.0384,17.80449,21.2132,24.20744,24.20744,29.83287,29.96665,32.24903,32.24903,39.35734,39.82462,42.05948,42.48529,41.62932,45.61798,46.52956,49.1935,49.39636,54.70832,57.45433,55.56978,63.28507,63.13478,66.85058,61.40033,62.96825,65.73431,71.61006,70.72482,79.07591,72.94518,79.32213,80.49845,78.03204,84.11896,80.9506,80.5295
12.16553,12.16553,12.36932,11.18034,11.40175,10.19804,10.44031,9.48683,9.84886,9.84886,9.84886,9.43398,9.43398,8.60233,8.60233,9.89949,8.48528,9.21954,9.21954,9.21954,9.21954,10.0,10.0,10.29563,10.81665,11.6619,11.6619,12.20656,12.20656,12.20656,11.40175,11.40175,11.40175,10.63015,12.04159,11.31371,11.31371,11.31371,10.63015,10.0,10.0,10.0,9.43398,8.06226,8.06226,8.06226,7.28011,7.28011,7.28011,6.08276,6.08276,5.0,73.5527,71.56815,73.00685,70.34913,70.11419,68.06614,61.0082,68.00735,61.29437,60.67125,55.57877,52.61179,59.22837,53.93515,50.9902,51.92302,53.45091,51.62364,51.47815,50.53712,54.70832,50.60632,49.20366,51.08816,52.80152,54.56189,50.44799,55.86591,55.22681,60.10824,62.93648,64.38167,58.13777,67.17887,60.82763,61.84658,65.11528,66.8431,64.40497,61.29437,62.1289,59.16925,59.9333,61.26989,55.4617,56.0803,53.48832,52.81098,46.8188,44.38468,46.32494,44.40721,41.10961,38.01316,36.34556,31.40064,31.32092,31.0,30.41381,30.08322,30.08322,26.40076,26.92582,25.0,26.62705,23.43075,19.10497,18.43909,14.21267,10.81665,9.89949,6.7082,5.0,3.16228,4.24264,9.48683,10.81665,13.15295,17.46425,18.0,21.2132,22.02272,25.17936,30.0,32.06244,32.06244,39.0,35.01428,41.04875,46.0,45.0,48.04165,49.0102,45.04442,50.08992,52.23983,59.03389,58.00862,60.03332,61.0,63.12686,63.07139,62.39391,67.1193,68.26419,72.24957,78.00641,75.02666,79.05694,83.00602,80.0,86.09297,84.09518,78.31347
12.52996,12.08305,11.7047,12.08305,10.77033,10.77033,10.44031,9.48683,10.44031,9.21954,9.21954,9.05539,9.05539,8.0,9.0,9.05539,9.05539,8.06226,9.21954,8.24621,8.24621,8.544,8.544,9.48683,10.77033,9.84886,10.77033,10.77033,11.7047,11.18034,11.40175,11.7047,10.77033,11.40175,11.40175,10.19804,11.04536,10.04988,10.04988,10.04988,9.0,9.0,9.05539,9.05539,8.06226,7.07107,7.28011,7.28011,6.7082,6.7082,6.40312,5.65685,77.36924,78.29432,71.55418,68.8767,74.32362,64.4748,70.77429,63.32456,64.2573,56.921,56.32051,55.7315,57.97413,56.56854,51.62364,54.00926,54.00926,50.01,48.04165,53.23533,54.12947,52.61179,47.75982,52.20153,50.59644,55.97321,56.46238,57.27128,59.94164,64.41273,60.82763,62.26556,64.07808,64.40497,67.53518,61.09828,67.23095,65.39113,65.14599,65.14599,63.32456,66.94027,59.03389,59.22837,56.22277,58.42089,53.23533,57.03508,46.01087,49.09175,45.09989,44.40721,40.79216,40.16217,38.60052,33.10589,35.80503,35.77709,33.10589,26.57066,34.82815,28.30194,26.1725,19.84943,15.13275,22.80351,24.5153,15.29706,15.6205,16.0,24.08319,1.0,4.12311,7.0,9.05539,9.21954,11.40175,13.60147,22.36068,19.0263,14.31782,24.18677,35.35534,26.92582,39.92493,32.75668,46.32494,40.02499,43.9659,31.14482,38.07887,43.60046,54.12947,54.58938,47.85394,58.60034,55.54278,60.53924,60.74537,60.74537,72.23573,63.90618,68.35203,73.05477,68.00735,74.94665,80.23092,80.62258,78.54935,79.30952,82.07923,88.39118,84.09518,85.86617
13.41641,13.41641,12.08305,13.0,12.08305,11.7047,11.7047,11.40175,10.44031,10.19804,10.19804,10.04988,10.04988,10.0,10.0,10.0,10.04988,10.04988,10.19804,10.19804,10.19804,10.44031,10.44031,11.40175,11.7047,11.7047,12.64911,12.64911,13.60147,12.36932,12.36932,12.36932,13.34166,12.16553,12.16553,12.04159,12.04159,11.0,11.0,11.0,10.04988,10.04988,10.04988,9.21954,9.21954,8.24621,8.544,8.544,7.61577,6.7082,6.40312,6.40312,77.23341,80.05623,70.80254,70.0,74.09453,67.6757,66.85058,63.81222,61.40033,54.70832,58.60034,56.36488,58.87274,56.46238,55.36244,52.63079,56.51548,51.47815,51.35173,52.23983,53.03772,53.23533,50.03998,51.0098,51.0098,53.33854,55.7315,57.97413,57.07013,62.0967,61.61169,63.34824,59.43904,64.7611,66.28725,65.49046,66.75328,64.38167,67.02984,63.0,62.00806,62.00806,61.29437,62.07254,57.55867,61.29437,50.9902,54.12024,48.76474,50.59644,47.16991,43.46263,42.54409,40.81666,39.82462,34.4093,33.6006,30.52868,29.73214,29.0,26.24881,27.29469,23.76973,23.70654,23.4094,24.04163,20.61553,15.13275,14.0,13.0,11.40175,9.0,3.0,1.0,3.16228,7.61577,11.18034,13.15295,18.02776,17.0,17.46425,25.55386,28.63564,29.52965,30.52868,37.21559,36.61967,33.83785,41.04875,40.49691,42.43819,44.04543,50.21952,49.92995,50.24938,53.41348,55.07268,52.47857,61.91123,60.20797,65.8635,62.26556,63.13478,70.49113,71.19691,73.43024,77.17513,79.88116,80.62258,79.88116,74.09453,85.44589,80.70936,81.84131
13.34166,13.34166,12.64911,13.34166,12.36932,11.40175,11.7047,10.77033,10.77033,10.29563,11.18034,10.81665,10.81665,10.0,10.0,10.63015,9.89949,10.63015,9.89949,10.63015,10.63015,10.63015,10.63015,10.81665,12.20656,12.20656,12.20656,12.80625,13.60147,12.80625,12.80625,12.80625,12.80625,12.04159,12.72792,12.72792,12.80625,11.40175,11.40175,10.81665,10.81665,10.29563,10.29563,9.43398,9.84886,8.94427,8.544,8.24621,8.24621,7.07107,7.0,6.0,77.10383,74.00676,78.23043,69.02898,71.11259,70.11419,65.37584,68.11755,62.514,58.42089,62.8172,57.07013,57.27128,54.40588,54.70832,57.00877,55.54278,55.56978,52.80152,49.09175,60.60528,51.22499,52.40229,56.85068,54.48853,58.13777,55.17246,58.25805,60.87693,65.19202,64.38167,63.70243,61.55485,68.62215,66.52819,70.76722,67.94115,66.52819,67.47592,64.2028,61.07373,63.24555,60.20797,63.81222,61.29437,57.3062,58.60034,54.23099,52.20153,50.96077,49.24429,45.89118,43.73786,42.04759,41.01219,35.0571,35.35534,31.257,31.0,28.16026,28.44293,27.51363,28.79236,22.13594,20.59126,19.72308,16.40122,17.02939,15.0,15.6205,11.7047,9.21954,3.16228,0.0,4.24264,6.7082,7.81025,13.41641,18.43909,18.38478,22.84732,24.73863,31.57531,31.62278,33.54102,35.22783,37.33631,37.48333,43.10452,42.10701,46.38965,51.0098,47.67599,47.85394,51.78803,53.60037,57.87055,59.4138,61.52235,65.49046,64.32729,66.91039,67.60178,66.61081,76.29548,74.54529,74.8131,79.6304,77.78175,87.57283,76.41989,83.72574,82.49242,83.0542
13.0384,11.6619,12.52996,11.6619,11.18034,10.29563,10.77033,9.84886,9.48683,9.48683,9.48683,9.21954,9.05539,9.05539,9.05539,10.0,9.05539,9.05539,9.05539,9.21954,9.21954,9.48683,9.48683,10.44031,10.44031,10.77033,11.7047,11.7047,11.7047,11.7047,11.40175,12.36932,12.36932,11.18034,11.18034,11.04536,11.18034,11.04536,10.0,10.0,10.0,9.05539,9.05539,9.05539,8.06226,7.28011,7.28011,6.32456,6.7082,5.83095,5.83095,5.0,78.74643,74.41102,72.13876,67.88225,73.59348,62.93648,66.48308,61.6198,60.30755,56.85068,57.00877,53.82379,55.47071,53.7122,48.37355,52.0,52.92447,50.59644,45.88028,51.5461,51.41984,50.44799,45.17743,50.35871,53.15073,53.15073,53.03772,57.14018,55.00909,61.40033,60.07495,61.03278,59.00847,63.00794,67.00746,62.28965,66.37017,61.03278,67.36468,63.34824,60.82763,62.96825,61.39218,60.72891,55.08176,54.70832,54.23099,51.47815,46.95743,47.70744,46.14109,45.80393,42.0119,40.31129,37.53665,33.42155,33.28663,32.55764,30.4795,30.23243,32.75668,30.41381,25.63201,25.63201,23.08679,24.18677,19.10497,16.0,14.0,14.0,10.04988,8.544,2.23607,2.0,3.60555,7.0,10.77033,12.80625,18.78829,20.80865,21.63331,25.23886,25.80698,29.20616,32.01562,35.38361,41.03657,38.18377,38.8973,43.13931,41.01219,45.27693,48.79549,48.83646,52.49762,51.22499,54.67175,54.45181,59.66574,55.31727,66.8431,61.07373,66.70832,67.26812,71.58911,70.76722,78.64477,77.23341,80.91971,81.32035,75.66373,80.65978,79.24645,79.93122
14.03567,13.0,13.0,13.0,12.0,11.0,11.04536,11.04536,11.04536,10.04988,10.19804,10.19804,10.19804,9.48683,9.48683,10.77033,9.84886,8.94427,8.94427,10.0,9.43398,10.0,10.0,10.63015,11.40175,10.63015,11.40175,12.80625,12.04159,12.80625,12.20656,12.20656,12.20656,11.6619,11.6619,12.52996,12.08305,10.77033,10.77033,10.77033,10.44031,10.44031,10.19804,9.21954,9.05539,9.05539,9.0,8.0,8.06226,8.06226,7.28011,6.32456,80.28076,72.99315,77.52419,71.70077,71.25307,66.37017,65.27634,68.46897,62.20129,59.03389,59.03389,56.00893,58.21512,55.3263,53.46027,52.63079,55.36244,55.97321,53.45091,51.26402,55.47071,49.24429,51.47815,53.85165,53.53504,56.0357,54.6443,59.46427,59.66574,62.93648,59.81639,61.7171,61.40033,68.24954,63.03174,67.20119,72.62231,67.80118,66.37017,65.0,62.26556,64.88451,60.83584,59.9333,60.16644,57.38467,56.32051,56.04463,52.63079,49.24429,48.83646,45.17743,43.0,39.20459,39.01282,33.73426,32.89377,28.01785,32.01562,26.57066,29.96665,26.83282,23.02173,24.69818,22.02272,21.93171,19.23538,15.26434,14.76482,12.52996,7.61577,4.0,5.83095,5.38516,5.38516,9.43398,10.29563,11.40175,19.41649,19.0263,20.88061,24.0,28.28427,33.01515,33.06055,34.36568,39.01282,37.48333,42.29657,46.38965,44.18144,48.6621,48.50773,48.16638,53.15073,55.08176,61.20457,61.52235,62.00806,63.07139,69.11584,66.0303,72.0,69.00725,72.02777,76.02631,78.31347,80.22468,84.21401,86.97701,79.51101,86.14523,83.29466,86.14523
12.80625,12.04159,11.31371,12.04159,10.63015,10.63015,10.63015,10.0,10.0,9.43398,10.29563,9.84886,9.84886,9.84886,9.84886,9.48683,9.48683,9.21954,9.21954,9.05539,9.21954,10.04988,10.04988,11.04536,11.0,11.0,12.0,12.04159,12.04159,12.0,12.16553,12.16553,12.16553,12.16553,12.16553,11.40175,11.40175,10.44031,10.44031,10.77033,9.84886,9.84886,8.94427,8.94427,8.06226,8.06226,7.81025,7.07107,6.40312,7.07107,6.40312,5.83095,82.76473,78.58753,76.92204,70.83784,72.73239,69.89278,64.2573,67.77905,62.64982,56.79789,57.24509,51.62364,57.68882,54.6443,56.40035,53.07542,55.86591,53.07542,53.75872,47.50789,56.85948,51.86521,53.33854,53.33854,53.7122,60.82763,54.56189,56.85948,58.60034,65.55151,63.90618,64.56005,66.30988,65.19202,62.64184,67.1193,68.942,65.29931,65.51336,66.7308,66.37017,61.85467,61.61169,64.03124,58.89822,59.5483,54.56189,57.28001,48.79549,48.79549,45.45327,46.04346,42.43819,41.14608,40.80441,37.36308,32.38827,32.75668,30.14963,30.14963,27.16616,27.45906,26.1725,21.58703,24.04163,22.84732,18.78829,17.69181,17.20465,12.20656,10.0,5.09902,6.40312,3.0,6.0,8.60233,10.63015,13.0384,19.69772,18.35756,21.63331,25.07987,29.54657,31.7805,29.73214,35.17101,37.33631,34.71311,43.17407,44.92215,44.91102,48.38388,48.08326,49.0408,51.92302,54.34151,61.35145,58.18935,61.46544,62.64184,66.12866,63.15853,68.15424,72.8011,71.69379,71.69379,78.77182,78.1089,83.9345,85.3815,76.53757,84.75848,86.33076,84.77028
12.72792,12.04159,12.04159,12.04159,11.40175,10.63015,10.0,10.0,9.43398,8.94427,9.84886,9.84886,8.544,9.48683,8.544,10.19804,9.05539,9.05539,9.0,9.0,9.0,10.04988,10.0,10.04988,11.04536,11.04536,11.18034,12.04159,12.04159,12.04159,11.04536,12.04159,12.04159,11.0,12.0,11.04536,11.04536,10.19804,10.19804,10.19804,10.44031,9.21954,9.48683,8.544,8.544,7.61577,7.2111,7.2111,6.40312,6.40312,5.65685,5.0,75.74299,74.41102,76.38063,72.83543,68.68042,67.17887,61.6198,65.29931,58.72819,61.22091,61.40033,53.85165,58.18075,55.00909,55.07268,53.22593,52.20153,55.08176,48.50773,47.85394,55.57877,47.67599,55.08176,50.08992,50.15974,51.0098,53.03772,56.22277,57.14018,59.84146,57.14018,66.61081,61.13101,67.60178,62.514,69.00725,67.26812,65.19202,66.00758,61.07373,62.07254,64.62971,62.80127,58.85576,55.31727,54.81788,55.97321,53.31041,50.92151,48.10405,45.69464,43.86342,43.41659,38.83298,36.79674,33.97058,34.05877,29.73214,32.75668,30.01666,29.06888,27.85678,25.70992,23.5372,22.2036,20.0,20.02498,17.02939,14.14214,12.36932,10.19804,6.7082,2.23607,3.60555,2.23607,5.38516,11.18034,16.55295,17.80449,17.02939,21.9545,28.01785,29.73214,29.73214,34.20526,35.4683,39.82462,33.94113,43.27817,43.13931,40.36087,46.75468,46.09772,48.08326,51.62364,49.51767,58.0,55.9017,58.79626,64.38167,63.78087,66.6033,68.11755,68.11755,71.21798,74.02702,75.82216,75.74299,78.56844,81.3941,77.15569,87.69265,80.65978,82.75869
13.0,13.0,12.04159,12.0,11.04536,11.04536,10.04988,10.19804,10.19804,9.21954,9.48683,9.48683,9.48683,8.94427,8.94427,9.43398,8.60233,8.60233,9.21954,9.21954,8.48528,9.89949,8.48528,10.0,10.63015,10.63015,10.63015,11.31371,12.04159,11.31371,11.31371,11.31371,11.31371,11.31371,11.40175,11.40175,10.81665,10.29563,10.29563,10.29563,9.84886,9.84886,8.544,8.544,8.24621,7.28011,7.07107,7.07107,7.0,6.0,6.08276,5.38516,75.69016,73.4983,74.33034,66.09841,71.56815,64.93843,63.63961,64.77654,60.20797,57.31492,58.03447,55.3263,57.0,53.00943,50.24938,55.10898,54.34151,50.96077,53.16014,52.20153,51.89412,52.92447,47.88528,54.70832,51.31277,54.08327,51.86521,53.2635,57.80138,64.03124,56.0803,60.20797,62.20129,65.29931,63.12686,64.89992,66.61081,64.63745,65.36819,64.00781,60.74537,63.56099,59.5063,60.41523,55.71355,55.36244,53.16014,53.45091,46.57252,46.87217,45.09989,48.04165,43.01163,39.11521,35.69314,36.40055,33.24154,32.75668,30.67572,27.85678,27.78489,28.30194,24.04163,22.02272,23.43075,24.83948,18.38478,14.86607,11.6619,13.0,9.05539,6.7082,3.16228,1.0,4.12311,7.61577,12.16553,15.13275,18.02776,19.0263,24.02082,26.30589,30.0,29.42788,32.98485,37.48333,41.59327,39.05125,42.72002,43.17407,41.97618,44.14748,51.1957,49.81967,52.63079,54.91812,57.42822,57.87055,61.66036,61.40033,67.74216,64.49806,72.44308,69.58448,69.18092,73.82412,81.61495,74.96666,83.18654,86.68333,78.26238,86.49277,85.32878,87.86353
13.45362,13.45362,12.80625,12.80625,12.80625,11.40175,11.40175,10.81665,10.81665,10.29563,10.29563,11.18034,10.77033,9.48683,9.84886,10.44031,10.19804,9.21954,10.19804,10.19804,10.04988,10.04988,10.04988,11.0,11.0,12.0,12.0,12.04159,13.0384,13.0,12.04159,12.04159,13.15295,12.16553,12.16553,11.40175,11.40175,11.7047,11.7047,10.77033,11.18034,10.29563,9.84886,9.84886,9.43398,8.60233,8.60233,8.48528,7.07107,7.07107,7.2111,5.83095,77.17513,75.47185,77.46612,68.8186,70.80254,67.42403,63.12686,65.80274,58.79626,62.93648,62.2254,54.81788,60.1415,51.73973,53.60037,54.70832,56.60389,53.22593,54.12947,51.47815,58.18935,48.46648,51.1957,54.57105,51.1957,56.7186,53.33854,60.03332,59.21149,60.13319,59.07622,65.12296,59.4138,66.48308,67.18631,69.87131,69.72087,66.48308,66.70832,66.21933,60.16644,62.64184,62.39391,62.96825,61.84658,56.85948,57.3062,52.7731,51.86521,45.60702,48.01042,45.0,41.23106,38.20995,41.23106,39.66106,33.61547,28.30194,30.41381,28.4605,27.20294,24.33105,28.16026,21.37756,22.09072,20.09975,15.52417,15.29706,13.34166,13.41641,12.80625,5.38516,4.12311,2.23607,3.16228,7.28011,9.21954,13.45362,22.67157,20.0,21.93171,26.24881,27.80288,28.30194,34.20526,31.90611,39.82462,38.01316,46.40043,41.6173,45.22168,44.82187,46.61545,48.27007,50.60632,52.00961,55.86591,62.482,61.22091,60.60528,60.87693,64.38167,66.06815,70.03571,72.18033,74.33034,70.83784,74.51845,81.68843,88.40814,77.62087,87.00575,85.60374,79.81228
12.64911,12.64911,12.36932,12.36932,11.40175,10.44031,11.18034,10.04988,10.19804,9.05539,10.04988,9.0,9.0,8.06226,9.05539,9.21954,9.21954,9.21954,8.544,9.48683,9.48683,9.84886,8.94427,10.29563,10.29563,10.29563,11.6619,11.18034,12.08305,12.08305,11.18034,11.7047,11.7047,11.7047,11.40175,11.40175,11.40175,10.19804,10.19804,10.04988,10.0,10.0,9.0,9.0,8.06226,8.06226,8.24621,7.28011,7.61577,6.7082,6.7082,5.83095,74.73286,76.47876,77.87811,67.1193,72.8011,66.48308,61.09828,65.9242,57.93962,58.5235,58.69412,55.54278,55.54278,54.12947,53.23533,52.08647,55.00909,51.0392,50.01,51.35173,55.57877,49.81967,50.01,52.88667,52.63079,53.45091,54.08327,54.56189,57.77543,63.95311,57.93962,63.32456,57.58472,66.64083,63.56099,63.24555,67.35726,65.45991,65.73431,60.20797,61.18823,62.64982,60.67125,57.70615,61.13101,55.03635,55.03635,53.03772,47.16991,47.67599,45.89118,44.14748,43.9659,39.0,38.94868,35.35534,31.62278,31.62278,31.06445,26.92582,26.40076,27.58623,26.40076,21.2132,20.12461,21.47091,18.35756,16.49242,13.34166,13.60147,10.19804,4.12311,2.23607,2.82843,4.47214,6.08276,12.04159,13.15295,15.0,24.08319,22.47221,25.4951,29.83287,29.15476,36.40055,32.20248,39.92493,37.33631,44.72136,44.77723,45.88028,47.53946,46.8188,49.24429,52.55473,53.85165,59.77458,55.71355,59.13544,63.56886,63.89053,66.12866,67.35726,68.00735,70.21396,73.68175,80.00625,74.63243,80.95678,83.67198,80.77747,86.00581,85.09407,83.25863
13.0384,12.16553,12.36932,12.16553,12.36932,10.19804,11.40175,10.44031,10.44031,10.77033,10.44031,9.84886,9.84886,9.43398,8.94427,10.0,9.21954,9.21954,8.48528,9.21954,9.89949,10.0,9.89949,10.63015,10.63015,10.81665,10.81665,11.40175,11.40175,12.20656,11.40175,11.40175,12.04159,11.31371,12.04159,12.04159,11.40175,10.81665,10.81665,10.0,10.29563,10.29563,9.84886,8.94427,8.544,8.544,8.24621,8.24621,8.06226,7.0,7.0,6.08276,76.11833,73.5459,72.42237,73.4983,69.26038,66.70832,67.41662,67.6757,63.32456,59.48109,59.09315,57.69749,55.07268,53.22593,50.9902,54.08327,57.2014,51.22499,49.67897,50.93133,53.8145,51.66237,48.01042,50.60632,50.77401,54.91812,53.85165,58.18075,60.53924,62.64982,57.3062,62.17717,61.7171,66.18912,63.06346,64.89992,67.95587,66.57327,68.41053,63.00794,62.62587,62.96825,60.87693,61.52235,58.0517,58.0517,56.0803,54.40588,49.92995,48.02083,45.17743,45.18849,40.71855,37.36308,36.13862,33.54102,34.0147,29.12044,29.83287,29.42788,29.01724,22.0,26.4764,23.5372,21.2132,22.13594,18.78829,15.0,14.86607,10.81665,8.60233,3.60555,2.0,3.0,5.38516,7.2111,11.40175,14.76482,15.81139,19.72308,23.32381,26.92582,29.06888,29.96665,32.64966,33.83785,39.56008,35.44009,43.68066,42.2019,44.92215,46.84015,45.35416,51.26402,51.26402,52.20153,54.42426,57.87055,61.09828,61.35145,67.23095,64.62198,68.8767,66.48308,70.77429,75.39231,77.83315,77.7946,75.89466,83.67795,76.53757,84.48077,85.70298,82.28001
13.0384,13.0,12.04159,13.0,12.0,12.0,11.04536,10.19804,10.04988,9.21954,10.19804,10.44031,10.44031,9.84886,9.84886,9.84886,10.29563,9.43398,10.0,10.0,10.0,10.0,10.0,11.31371,11.31371,11.31371,12.04159,12.04159,13.45362,12.04159,12.04159,12.04159,12.80625,12.20656,12.20656,11.40175,11.6619,11.18034,11.18034,11.18034,10.77033,10.77033,9.84886,9.48683,9.48683,8.24621,8.24621,8.06226,7.07107,7.0,7.0,6.08276,77.87811,72.00694,79.71198,68.30813,74.33034,62.96825,65.78754,68.00735,59.48109,60.16644,58.24946,55.7315,53.46027,54.00926,54.14795,54.14795,54.14795,52.34501,51.62364,50.9902,53.60037,50.9902,49.76947,53.14132,51.47815,56.64804,54.626,55.22681,58.60034,64.66065,60.53924,63.00794,61.7171,68.09552,64.14047,67.54258,70.21396,66.24198,65.19202,62.39391,64.2573,62.93648,64.28841,61.61169,59.22837,54.12947,55.7315,54.23099,51.15662,52.46904,47.09565,43.01163,43.18565,39.62323,40.26164,37.0,32.24903,30.88689,32.44996,30.41381,31.1127,26.62705,27.45906,23.02173,23.70654,24.16609,21.84033,18.24829,15.52417,15.13275,11.0,7.07107,1.0,3.0,5.0,4.47214,8.0,11.04536,15.29706,21.84033,20.24846,24.04163,27.89265,29.52965,32.31099,31.7805,35.8469,36.76955,42.48529,45.61798,43.86342,43.46263,49.24429,47.92703,52.92447,52.80152,56.30275,55.71355,60.08328,60.41523,62.29767,64.19502,64.84597,66.12866,71.8401,71.56815,79.05694,75.76939,79.12016,82.8734,78.39005,83.9345,85.44004,78.77182
13.45362,13.45362,12.80625,12.80625,11.40175,11.40175,12.20656,10.81665,10.81665,10.29563,10.29563,9.84886,9.84886,9.48683,10.44031,10.44031,10.19804,9.21954,10.04988,10.04988,10.04988,11.0,10.0,11.0,12.0,11.04536,12.04159,12.0,13.0,12.04159,12.0,12.0,12.0,12.04159,12.04159,12.04159,12.16553,11.18034,11.40175,11.40175,10.44031,10.77033,10.44031,9.84886,8.94427,8.94427,8.60233,8.60233,7.81025,7.81025,7.07107,6.40312,78.49204,75.71658,78.40918,72.20111,70.29225,66.21933,60.44005,65.8559,60.82763,61.6198,60.959,57.38467,58.89822,54.20332,51.61395,50.77401,56.93856,51.88449,49.76947,53.31041,56.04463,53.16014,49.81967,53.36666,50.80354,54.74486,56.22277,59.0,58.21512,62.03225,62.03225,65.19202,62.1289,69.11584,63.12686,68.46897,67.26812,69.11584,64.53681,63.34824,60.63827,66.09841,59.13544,62.62587,55.36244,57.77543,54.56189,51.88449,50.11986,48.8774,45.79301,44.65423,38.94868,38.20995,36.87818,35.80503,34.88553,28.84441,25.63201,27.73085,26.92582,25.0,25.17936,23.0,22.0,20.09975,18.97367,15.81139,11.18034,13.41641,7.61577,5.65685,5.09902,4.24264,5.38516,7.28011,11.6619,11.18034,17.02939,23.43075,24.20744,24.04163,26.24881,28.42534,31.82766,35.4683,40.60788,34.20526,42.0119,42.0119,43.18565,46.09772,48.9183,48.27007,53.00943,56.0803,58.25805,59.46427,59.5483,63.12686,67.94115,64.38167,67.35726,66.52819,68.593,72.13876,73.5527,79.98125,80.80842,81.68843,77.46612,82.80097,83.63014,82.46211
13.45362,13.45362,12.72792,12.72792,12.72792,11.31371,12.04159,11.40175,10.63015,10.63015,10.0,10.29563,10.29563,10.29563,9.84886,10.77033,10.44031,10.44031,10.44031,10.19804,10.19804,10.04988,10.19804,11.04536,11.04536,12.04159,12.04159,13.0384,13.0384,13.0384,12.16553,13.15295,12.36932,12.36932,12.36932,12.64911,12.64911,12.08305,10.77033,11.18034,10.29563,10.29563,10.29563,9.43398,10.0,8.60233,9.21954,8.48528,7.81025,7.81025,7.2111,6.7082,82.29824,73.82412,76.66159,68.8186,74.09453,68.24222,63.28507,67.42403,60.21628,61.03278,58.25805,55.31727,59.46427,54.45181,55.31727,51.85557,55.21775,51.31277,52.15362,51.89412,59.23681,52.80152,52.20153,54.40588,49.72927,54.57105,54.57105,59.84146,58.85576,65.76473,62.96825,65.9242,66.4906,68.44706,64.13267,66.21933,69.857,65.96969,68.30813,63.56886,62.62587,64.84597,63.52952,62.6099,61.77378,56.60389,54.08327,52.63079,51.22499,48.83646,46.66905,41.72529,43.18565,38.27532,38.01316,37.57659,34.53983,28.42534,30.8707,27.51363,30.80584,24.33105,26.0,22.09072,25.17936,23.08679,18.68154,14.86607,15.23155,13.45362,13.41641,8.60233,4.47214,6.32456,4.47214,8.06226,7.2111,13.45362,16.40122,17.69181,24.75884,26.1725,26.90725,29.20616,33.01515,36.40055,37.44329,36.89173,43.56604,44.41846,42.54409,49.0408,50.77401,48.82622,51.22499,52.80152,59.03389,56.61272,62.20129,61.85467,64.40497,65.21503,71.02816,69.2026,71.40028,74.65253,79.40403,76.844,80.0,83.00602,76.32169,85.98256,83.76157,83.21658
12.04159,12.16553,12.36932,12.16553,11.40175,10.19804,10.44031,9.48683,9.84886,9.84886,9.84886,8.94427,9.43398,9.43398,8.60233,9.21954,9.21954,9.21954,9.89949,9.89949,9.89949,10.0,10.63015,10.0,11.40175,11.40175,11.40175,12.20656,11.40175,12.20656,12.04159,12.04159,12.04159,11.31371,12.04159,12.04159,11.40175,10.81665,10.81665,9.43398,10.29563,9.43398,9.84886,8.94427,8.94427,7.61577,7.28011,7.28011,7.07107,6.0,6.0,5.09902,75.00667,74.06079,75.23962,70.11419,69.06519,64.00781,63.28507,66.27217,60.67125,59.4138,57.07013,58.46366,58.24088,58.18935,51.86521,52.80152,55.4617,50.24938,47.50789,52.69725,54.81788,52.00961,48.9183,54.56189,50.24938,54.56189,58.72819,59.46427,58.72819,58.00862,58.89822,62.96825,65.06919,67.17887,62.62587,69.35416,65.79514,66.52819,68.24954,63.82006,66.0303,66.28725,62.68174,61.40033,57.3062,58.30952,56.46238,53.66563,51.62364,47.80167,46.09772,44.40721,40.4475,39.20459,38.11824,32.01562,33.24154,30.59412,31.01612,31.01612,31.40064,27.65863,26.07681,26.0,25.94224,24.16609,18.35756,18.35756,13.60147,10.63015,8.60233,4.47214,3.16228,1.41421,2.23607,6.40312,8.60233,15.26434,14.76482,21.93171,21.54066,26.30589,27.20294,29.61419,32.38827,33.37664,37.64306,39.81206,41.59327,43.56604,42.42641,46.27094,47.51842,50.48762,50.35871,52.46904,57.87055,55.57877,61.18823,58.85576,66.91039,60.41523,68.06614,63.78871,71.38627,70.03571,75.50497,76.11833,80.28076,80.22468,79.6304,85.70881,86.57944,84.38009
13.0,11.18034,11.6619,11.6619,11.18034,10.29563,10.29563,9.43398,10.0,10.0,10.0,9.21954,8.48528,9.21954,8.48528,9.43398,8.94427,8.06226,8.94427,8.94427,8.94427,9.48683,9.48683,10.44031,10.44031,10.44031,10.44031,11.7047,11.7047,11.7047,11.7047,12.08305,11.18034,11.18034,11.18034,10.81665,10.81665,10.0,10.0,9.21954,9.21954,9.21954,8.48528,8.48528,7.81025,7.2111,6.7082,6.7082,6.7082,6.32456,6.08276,5.09902,76.92204,76.47876,78.03204,72.06941,71.19691,69.64194,64.63745,66.28725,60.46487,61.58734,54.81788,55.22681,56.63921,53.75872,50.91169,50.32892,54.6443,51.62364,53.25411,52.35456,53.7122,47.85394,49.64877,52.0,52.92447,55.97321,56.75385,54.91812,56.7186,59.68249,62.36986,65.11528,62.0967,70.03571,61.98387,65.96969,65.52099,63.32456,69.57011,67.62396,63.69458,61.84658,60.92618,58.59181,58.18075,56.82429,58.00862,55.0,47.01064,46.8615,46.8615,44.68781,42.0119,40.22437,38.58756,36.24914,32.57299,33.28663,32.69557,30.41381,29.42788,27.45906,26.01922,26.0,22.0,25.31798,19.23538,17.26268,14.31782,12.08305,10.44031,9.21954,2.82843,1.0,2.23607,9.43398,12.20656,14.14214,17.69181,23.34524,22.2036,27.01851,28.3196,30.01666,34.66987,32.75668,42.43819,36.35932,44.29447,43.38202,43.82921,46.95743,51.97115,47.85394,51.31277,53.25411,61.58734,56.93856,63.51378,61.85467,66.57327,64.40497,67.1193,70.45566,74.4043,73.4983,77.93587,81.02469,81.84131,84.0595,80.26207,87.98295,87.13208,79.64923
13.41641,13.0,12.64911,13.0,12.64911,11.7047,11.40175,11.18034,11.40175,10.19804,10.19804,10.04988,10.04988,10.0,10.0,10.0,10.04988,10.04988,10.04988,10.19804,10.19804,10.44031,10.44031,11.40175,11.40175,11.7047,11.7047,12.36932,12.64911,12.64911,12.36932,12.36932,12.36932,12.16553,12.16553,12.04159,12.04159,11.0,11.0,11.04536,11.04536,11.18034,10.19804,9.21954,9.21954,8.24621,8.544,7.61577,8.06226,7.2111,6.40312,7.07107,80.21222,75.9276,75.60423,72.62231,68.00735,71.56116,62.43397,69.83552,59.94164,59.90826,59.05929,56.36488,58.18075,54.78138,52.55473,54.70832,57.97413,54.34151,51.97115,51.35173,56.00893,51.08816,53.0,52.08647,52.08647,57.31492,54.33231,57.27128,60.53098,61.39218,59.03389,62.58594,62.80127,68.73136,65.11528,70.34913,69.18092,67.26812,67.02984,64.00781,60.00833,65.49046,62.39391,65.9242,57.70615,55.10898,56.32051,54.12024,50.28916,48.08326,45.69464,44.29447,40.31129,43.86342,41.40048,35.4683,31.40064,32.24903,31.62278,26.1725,27.65863,27.20294,25.55386,25.23886,23.76973,22.13594,20.24846,17.26268,16.0,13.34166,10.19804,3.60555,5.38516,2.0,4.12311,5.09902,14.14214,16.12452,18.24829,19.64688,24.04163,25.4951,28.23119,30.88689,33.10589,34.1321,40.81666,35.8469,44.94441,40.81666,44.10215,47.70744,48.8774,48.54894,54.70832,56.4358,56.35601,57.68882,62.17717,60.41523,63.95311,66.64083,71.34424,71.19691,70.68239,75.13322,75.591,78.89233,80.62258,87.92042,78.49204,87.65843,86.28441,81.27115
13.15295,13.15295,12.36932,13.15295,12.36932,11.18034,11.7047,10.44031,10.77033,10.77033,10.77033,10.29563,10.29563,10.29563,10.29563,10.81665,10.63015,10.0,9.89949,9.89949,9.89949,10.63015,10.63015,11.40175,11.40175,11.40175,12.20656,12.80625,12.80625,12.80625,12.04159,13.45362,12.72792,12.72792,12.04159,12.04159,12.80625,12.20656,11.6619,10.81665,10.29563,11.18034,10.29563,9.84886,9.84886,8.544,8.24621,8.24621,7.07107,7.07107,7.0,6.0,77.41447,77.64664,75.0,72.02777,68.0,66.1211,67.18631,67.1193,60.00833,60.20797,60.67125,58.30952,59.22837,54.57105,54.34151,55.02727,55.15433,51.47815,49.1935,51.88449,54.20332,51.47815,52.43091,54.40588,52.43091,54.67175,55.31727,60.87693,58.89822,63.70243,59.4138,65.79514,64.38167,68.62215,63.03174,69.6563,65.94695,67.80118,66.28725,62.42596,62.42596,62.76942,60.41523,64.41273,60.41523,57.38467,57.58472,53.45091,51.92302,49.24429,47.07441,43.28972,41.01219,38.01316,41.01219,34.52535,32.89377,30.01666,28.07134,27.65863,29.41088,27.51363,27.78489,22.47221,21.40093,22.67157,17.69181,17.20465,12.72792,12.20656,10.44031,5.0,7.07107,1.0,3.16228,7.2111,9.21954,10.29563,14.56022,18.02776,20.39608,25.4951,28.63564,29.27456,30.14963,34.1321,43.10452,35.0571,42.0,43.0,43.01163,45.04442,44.04543,48.09366,50.35871,54.03702,58.21512,58.07753,63.1981,63.07139,66.1211,67.36468,66.18912,69.35416,70.71068,75.05998,76.10519,77.10383,79.30952,85.02353,79.15807,87.00575,88.14193,78.02564
13.60147,13.34166,13.15295,13.34166,12.16553,11.18034,11.18034,11.04536,11.04536,11.0,11.0,10.04988,10.04988,10.04988,10.19804,10.44031,9.48683,9.48683,9.84886,9.84886,9.84886,11.18034,9.84886,10.81665,11.6619,11.6619,12.20656,11.6619,13.0384,12.20656,11.6619,12.52996,12.52996,12.08305,12.08305,12.08305,11.7047,11.7047,10.44031,10.44031,10.19804,10.19804,10.19804,10.04988,9.05539,9.0,9.0,8.06226,8.06226,7.28011,7.28011,6.32456,76.02631,75.591,74.84651,70.38466,75.39231,63.07139,65.55151,67.06713,59.48109,58.5235,60.16644,53.85165,56.7186,54.45181,50.48762,53.03772,55.14526,52.08647,48.16638,53.60037,54.81788,50.63596,48.70318,50.96077,52.49762,55.54278,51.62364,58.13777,58.69412,61.40033,61.29437,63.50591,62.16912,66.24198,63.07139,64.84597,63.56099,65.55151,68.00735,63.24555,65.52099,59.66574,62.16912,61.39218,57.31492,57.42822,54.23099,53.15073,49.16299,50.24938,45.27693,42.75512,46.32494,39.29377,37.94733,37.69615,33.83785,29.15476,28.6007,28.42534,25.4951,26.1725,25.23886,23.02173,21.0238,19.31321,18.68154,17.08801,14.56022,11.04536,9.05539,7.61577,4.47214,3.16228,2.0,3.16228,9.21954,13.0,20.09975,19.0263,24.04163,24.35159,28.79236,29.15476,31.38471,34.17601,36.68787,37.58989,43.65776,41.23106,42.54409,45.18849,48.46648,47.85394,52.92447,51.26402,56.64804,59.23681,58.82176,62.29767,66.48308,60.40695,72.11103,69.26038,69.28925,74.0,76.844,75.58439,80.95678,83.81527,77.62087,84.75848,78.77182,79.84986
12.52996,12.08305,11.6619,11.6619,11.6619,10.29563,10.81665,10.0,10.0,9.21954,9.89949,9.89949,9.89949,9.21954,9.21954,10.0,9.43398,9.43398,8.94427,9.84886,9.84886,9.84886,9.84886,10.77033,10.77033,11.7047,11.7047,11.7047,12.08305,12.64911,12.08305,12.08305,12.08305,11.18034,11.6619,11.6619,11.6619,11.40175,10.0,10.63015,9.89949,9.89949,9.21954,8.48528,8.60233,7.81025,7.2111,6.7082,6.7082,6.32456,6.32456,5.09902,77.83315,72.8011,76.94154,69.35416,72.44998,69.35416,67.62396,68.47627,62.76942,58.83026,61.58734,54.6443,58.82176,54.56189,56.85068,53.75872,57.00877,54.03702,50.44799,50.21952,54.3783,50.21952,49.64877,53.31041,50.15974,54.626,54.78138,61.03278,58.5235,63.32456,62.03225,64.84597,62.39391,69.57011,65.55151,69.35416,71.86793,70.00714,65.76473,65.36819,63.81222,61.77378,64.3506,61.84658,59.03389,59.46427,55.15433,53.15073,53.8145,50.0,46.2277,43.82921,43.56604,39.39543,39.0,34.20526,34.52535,33.12099,32.28002,29.83287,31.7805,30.26549,27.0,25.31798,23.02173,22.56103,20.61553,18.38478,14.76482,11.7047,8.06226,7.81025,4.47214,4.24264,2.82843,7.07107,11.18034,12.04159,18.43909,17.02939,23.43075,26.90725,27.20294,32.24903,32.24903,34.0147,41.59327,36.67424,40.70626,43.909,44.29447,43.41659,45.61798,51.42956,51.0,50.9902,55.75841,57.80138,61.40033,62.17717,64.66065,65.8635,71.34424,69.64194,68.7968,78.03204,75.17978,78.29432,76.53757,82.73452,80.5295,84.58132,80.11242,83.38465
13.89244,13.41641,12.08305,13.0,12.08305,12.08305,11.7047,10.77033,10.77033,10.44031,10.44031,10.19804,10.19804,9.05539,10.04988,10.0,10.0,9.0,10.04988,10.04988,10.04988,10.19804,10.19804,11.40175,11.40175,11.40175,11.40175,11.40175,12.36932,12.64911,12.16553,12.16553,12.16553,12.16553,12.16553,12.04159,12.04159,11.0,11.04536,11.04536,10.04988,11.04536,10.19804,10.19804,9.21954,8.24621,8.544,7.61577,8.06226,7.2111,6.40312,6.40312,77.10383,76.8505,70.3278,71.58911,72.06941,66.88797,68.15424,62.64982,63.56099,58.59181,57.24509,56.04463,55.65968,51.92302,52.20153,53.23533,56.7186,48.04165,51.15662,52.0,55.3263,48.25971,49.49747,54.91812,51.1957,55.08176,56.75385,59.80803,59.20304,62.62587,61.68468,63.24555,62.93648,65.14599,65.14599,66.21933,65.25335,66.4906,63.78871,66.28725,61.52235,60.29925,61.13101,61.20457,56.00893,58.03447,53.08484,53.23533,49.25444,46.69047,47.07441,45.88028,40.26164,39.35734,40.71855,37.44329,33.30165,32.75668,27.45906,29.69848,26.40076,26.92582,25.05993,21.47091,22.13594,19.31321,16.49242,16.27882,15.13275,12.36932,8.60233,4.12311,2.23607,1.0,5.09902,5.09902,9.84886,12.04159,15.52417,20.39608,24.04163,27.51363,29.15476,28.6531,33.10589,34.9285,40.31129,35.35534,44.29447,43.909,43.82921,45.65085,48.30114,48.02083,51.0,52.55473,57.77543,57.45433,59.09315,62.16912,64.41273,62.64982,66.70832,68.44706,69.35416,71.17584,74.73286,75.13322,82.73452,79.64923,78.71467,81.88406,82.49242,76.92204
12.16553,12.16553,11.40175,12.16553,11.40175,10.44031,10.77033,10.77033,9.84886,8.94427,10.29563,9.43398,9.43398,9.21954,8.60233,9.89949,9.89949,9.21954,9.21954,10.0,10.0,10.0,10.0,10.81665,11.6619,11.18034,11.6619,11.6619,12.52996,12.52996,12.20656,12.20656,12.20656,11.40175,12.80625,12.04159,11.31371,10.63015,10.63015,10.63015,10.0,10.0,10.0,8.60233,8.06226,8.06226,7.61577,7.61577,6.32456,6.08276,6.08276,5.0,77.02597,74.00676,74.00676,69.11584,75.02666,62.00806,64.12488,63.03174,58.21512,57.42822,56.7186,53.46027,57.72348,53.93515,53.45091,55.54278,53.31041,52.3259,47.42362,53.33854,53.82379,49.09175,50.60632,55.31727,52.49762,54.45181,57.28001,54.56189,57.48913,63.89053,59.66574,63.78087,62.93648,65.05382,65.43699,62.28965,64.38167,65.79514,64.03124,63.89053,64.40497,63.82006,58.30952,58.30952,53.7122,57.45433,53.31041,54.626,46.23851,44.64303,43.9659,46.87217,44.14748,41.04875,38.01316,35.0571,33.37664,33.01515,30.08322,30.08322,28.79236,26.40076,26.83282,25.55386,21.40093,23.34524,24.75884,19.41649,14.86607,13.0,9.48683,12.04159,7.0,2.82843,3.16228,5.65685,10.0,15.81139,17.26268,18.24829,22.2036,23.5372,28.28427,28.07134,29.01724,33.06055,37.21559,37.0,42.0,43.01163,45.0,45.0,47.04253,50.08992,52.00961,51.0,54.00926,54.03702,60.03332,63.12686,64.28063,61.20457,64.62971,69.35416,72.1734,70.11419,73.02739,74.24284,75.23962,82.02439,78.02564,84.09518,81.00617,81.00617
13.34166,13.34166,12.16553,12.16553,12.16553,11.18034,12.04159,11.0,11.0,10.04988,11.0,10.04988,10.04988,10.19804,9.21954,10.44031,10.44031,10.44031,9.84886,10.29563,9.84886,10.29563,10.29563,11.6619,11.6619,11.6619,11.6619,13.0384,13.0384,13.0384,12.52996,12.52996,12.52996,12.08305,13.0,12.64911,12.64911,11.40175,11.40175,11.18034,11.18034,10.04988,10.04988,9.05539,9.0,9.0,8.0,8.06226,7.07107,7.28011,6.32456,6.7082,81.43709,73.82412,69.57011,70.00714,68.35203,66.7308,64.19502,66.76077,58.94065,59.66574,57.07013,57.70615,56.4358,54.91812,53.03772,54.14795,55.08176,52.23983,45.09989,50.9902,54.34151,52.39275,49.98,52.81098,52.20153,52.20153,54.626,59.16925,61.7171,62.26556,58.66856,65.30697,62.6099,66.18912,63.06346,68.15424,66.85058,66.48308,67.44627,62.0967,64.28841,61.61169,62.58594,59.22837,55.08176,55.44367,54.00926,56.0357,48.04165,46.27094,46.69047,44.14748,42.2019,42.05948,37.16181,36.76955,32.44996,29.12044,28.63564,30.01666,29.15476,29.06888,26.24881,21.9545,21.0238,21.9545,20.24846,17.0,15.23155,14.03567,9.05539,8.24621,1.41421,1.0,5.83095,7.2111,10.19804,13.15295,14.14214,16.12452,21.0,24.02082,29.0,29.42788,31.7805,34.48188,37.10795,37.85499,41.10961,41.4367,41.76123,46.23851,47.29693,46.57252,50.69517,52.17279,58.0517,56.61272,62.58594,64.28841,62.93648,58.94065,64.28841,66.94027,69.92138,70.83078,77.88453,77.49194,78.64477,77.20104,78.16009,86.34813,78.74643,81.70679
13.0384,12.52996,11.6619,12.52996,11.18034,11.18034,9.84886,9.84886,9.84886,9.48683,9.48683,9.21954,9.21954,9.05539,9.05539,10.0,9.0,9.05539,9.05539,9.21954,9.21954,9.21954,9.21954,10.44031,10.44031,10.44031,11.40175,11.40175,11.40175,11.40175,11.18034,11.18034,11.40175,11.18034,11.18034,11.04536,11.0,10.0,10.0,10.0,9.05539,10.19804,9.21954,9.21954,8.24621,8.24621,7.61577,6.7082,6.7082,7.2111,6.40312,5.65685,79.40403,75.47185,68.11755,68.76772,70.0928,65.29931,67.20863,65.79514,62.93648,59.4138,56.85068,53.41348,55.80323,56.30275,49.09175,52.7731,54.58938,52.80152,50.32892,47.43416,51.86521,53.85165,47.67599,51.78803,50.35871,59.5399,53.08484,57.03508,58.21512,60.00833,57.07889,63.00794,61.20457,67.00746,65.00769,64.19502,65.49046,63.28507,63.95311,65.0,61.39218,64.03124,60.74537,58.82176,57.93962,58.30952,49.1935,55.03635,43.82921,46.64762,43.82921,42.63801,39.20459,40.31129,38.60052,34.66987,34.88553,31.14482,31.06445,29.52965,30.8707,28.23119,25.4951,23.34524,21.0,19.0263,18.02776,16.27882,11.7047,10.19804,7.61577,6.40312,3.60555,1.0,3.60555,5.09902,13.60147,15.6205,20.59126,21.09502,22.80351,25.6125,32.20248,28.42534,33.24154,38.41875,39.62323,38.20995,42.52058,43.86342,44.59821,45.34314,50.44799,50.20956,50.24938,51.62364,59.39697,56.63921,60.82763,62.28965,64.3506,64.38167,64.53681,68.62215,68.68042,74.95332,76.38063,78.51751,82.75869,78.56844,79.24645,83.09633,77.98718,83.63014
13.60147,13.45362,12.72792,13.45362,12.72792,12.04159,12.04159,10.63015,10.63015,10.81665,11.40175,10.81665,10.29563,9.84886,10.29563,10.77033,10.44031,9.48683,10.19804,10.19804,10.19804,11.18034,10.19804,11.04536,12.04159,11.04536,12.0,12.04159,13.0384,13.0384,12.04159,12.16553,13.15295,12.16553,12.16553,12.36932,12.64911,11.7047,11.7047,10.77033,11.18034,11.18034,10.29563,10.29563,9.43398,9.43398,8.60233,7.81025,7.81025,7.81025,7.2111,5.83095,75.71658,75.0,75.43209,69.2026,68.88396,64.66065,61.7171,68.62215,57.38467,60.82763,62.28965,55.80323,56.0803,54.08327,52.00961,52.7731,56.35601,51.07837,49.76947,51.24451,54.70832,52.81098,51.62364,54.74486,48.6621,56.08921,54.45181,58.07753,59.13544,64.0,61.0082,61.0,61.13101,65.19202,64.0,68.18358,63.50591,63.12686,64.93843,63.56099,61.39218,63.56099,56.32051,60.72891,57.97413,58.87274,55.15433,54.12024,49.92995,47.70744,46.61545,45.80393,41.6173,41.72529,41.23106,37.20215,34.48188,30.01666,25.4951,27.85678,31.01612,27.65863,25.0,21.0238,19.0263,21.09502,14.31782,15.23155,11.18034,11.6619,11.31371,5.0,1.0,2.0,5.0,8.24621,13.60147,13.89244,16.12452,20.80865,24.69818,24.83948,29.06888,31.14482,29.83287,36.87818,38.28838,37.20215,43.18565,41.03657,42.80187,46.8615,48.27007,49.20366,54.48853,56.0803,58.0517,58.79626,57.38467,61.07373,62.24147,64.3506,70.0928,66.48308,67.17887,71.44928,72.18033,78.56844,79.24645,79.20227,79.64923,84.38602,81.56592,80.0
12.04159,11.40175,11.40175,11.40175,10.63015,10.0,10.29563,9.43398,8.94427,8.94427,9.84886,9.48683,8.544,9.21954,9.21954,9.05539,9.05539,8.06226,9.0,9.0,9.0,9.05539,9.05539,10.19804,10.04988,10.19804,11.18034,11.18034,12.16553,11.18034,11.04536,12.04159,11.04536,11.04536,11.0,11.0,11.04536,10.19804,10.19804,10.19804,9.21954,9.21954,8.544,8.24621,7.61577,7.61577,6.7082,7.2111,5.83095,6.40312,5.65685,5.0,73.60027,71.84706,69.35416,67.47592,70.43437,63.89053,63.63961,64.3506,57.28001,58.72819,55.60576,53.41348,57.42822,52.15362,52.43091,53.33854,55.4617,48.75449,46.8188,51.86521,51.92302,49.47727,48.83646,52.34501,49.36598,54.23099,53.15073,59.00847,57.00877,63.0,58.00862,63.07139,61.13101,64.00781,63.00794,62.1289,65.06919,67.26812,64.49806,64.62971,63.78871,60.87693,61.13101,60.08328,56.921,55.71355,53.7122,52.39275,46.64762,46.06517,44.41846,44.65423,42.80187,40.36087,41.7732,37.01351,30.41381,30.61046,30.52868,29.54657,29.41088,28.44293,25.17936,26.1725,26.01922,22.09072,20.0,18.02776,15.65248,12.08305,13.0,5.83095,0.0,1.0,6.32456,7.0,10.29563,14.56022,14.21267,20.0,22.80351,27.58623,27.80288,32.01562,32.55764,30.61046,36.23534,36.89173,42.43819,44.20407,41.7732,48.41487,48.16638,51.08816,50.9902,50.60632,58.79626,57.48913,60.20797,62.36986,64.44377,65.06919,65.8559,65.76473,68.593,72.18033,75.74299,76.41989,76.57676,80.60397,75.16648,80.60397,80.80842,84.50444
12.36932,13.34166,12.16553,12.36932,12.16553,11.18034,11.04536,11.04536,11.04536,10.0,10.0,10.04988,10.04988,10.19804,10.19804,9.48683,9.48683,9.48683,9.48683,9.84886,9.84886,9.84886,9.84886,10.29563,11.6619,10.81665,11.6619,11.6619,12.52996,11.6619,12.52996,12.08305,12.08305,11.7047,12.08305,11.7047,12.36932,11.40175,11.40175,11.18034,10.04988,10.04988,10.04988,9.05539,9.0,9.0,8.06226,8.24621,7.28011,7.28011,6.7082,5.83095,76.844,73.37575,73.5459,66.76077,69.857,69.857,62.36986,68.44706,61.52235,60.53098,58.13777,56.22277,54.08327,54.00926,55.00909,55.57877,55.7315,53.16014,50.21952,49.33559,54.70832,50.28916,50.08992,52.80152,52.7731,56.4358,53.7122,59.36329,57.80138,60.0,59.64059,64.07027,61.05735,66.0303,61.03278,69.97142,63.52952,68.47627,64.40497,65.9242,62.24147,66.7308,59.48109,59.77458,59.90826,57.72348,55.57877,52.17279,52.46904,49.0102,43.0,45.01111,41.19466,39.05125,35.90265,32.57299,36.24914,29.42788,31.01612,28.63564,27.80288,25.0,27.58623,22.80351,21.2132,21.63331,17.49286,18.60108,14.56022,11.18034,11.04536,7.28011,3.60555,4.0,4.12311,8.60233,8.06226,12.64911,21.37756,18.43909,24.08319,29.01724,30.06659,29.42788,31.40064,34.52535,39.31921,35.51056,43.41659,43.01163,47.75982,45.12206,47.53946,46.32494,50.44799,50.9902,55.7315,62.16912,62.64982,62.96825,62.64982,61.40033,71.84706,68.06614,69.72087,73.1642,77.92946,73.97973,80.23092,82.28001,76.40026,83.54639,81.58431,78.16009
12.04159,11.04536,11.18034,11.18034,11.04536,10.19804,9.48683,9.48683,9.48683,9.48683,9.48683,8.94427,8.94427,8.06226,8.06226,10.0,7.81025,8.60233,8.48528,9.21954,9.21954,9.21954,9.21954,10.0,10.0,10.0,10.81665,11.40175,11.40175,11.40175,11.40175,11.40175,11.40175,10.63015,10.63015,10.63015,10.63015,10.0,9.43398,9.43398,10.29563,8.94427,8.94427,7.61577,7.61577,7.61577,7.28011,7.07107,7.0,6.0,6.08276,5.09902,76.2168,76.24303,74.32362,68.942,68.70953,62.16912,63.56099,64.62198,59.09315,55.9464,58.83026,56.0803,56.40035,54.20332,51.0392,52.3259,54.48853,47.50789,47.42362,50.21952,52.47857,52.43091,49.1935,50.08992,49.24429,52.39275,56.0803,58.5235,56.30275,62.29767,59.46427,61.03278,63.24555,63.24555,62.93648,64.88451,60.53924,61.46544,66.64833,61.77378,64.84597,61.29437,65.73431,60.0,56.22277,58.79626,53.15073,55.86591,45.96738,42.52058,47.20169,43.82921,42.54409,36.67424,37.33631,33.83785,31.40064,32.57299,29.83287,31.57531,31.06445,28.01785,23.34524,23.34524,26.40076,22.13594,19.92486,19.23538,12.64911,9.89949,8.48528,5.65685,3.60555,2.23607,5.09902,7.07107,10.0,13.45362,16.40122,22.80351,23.60085,29.54657,26.40076,30.46309,31.01612,36.24914,39.35734,38.27532,38.27532,40.49691,43.08132,45.22168,49.76947,52.20153,52.0,52.92447,55.47071,55.65968,63.50591,61.09828,68.02941,60.92618,66.64833,66.64083,68.8767,74.30343,75.6439,76.48529,78.29432,80.23092,77.62087,83.00602,79.84986,80.77747
12.64911,11.7047,12.08305,11.7047,10.77033,10.77033,11.18034,9.84886,10.29563,9.43398,9.43398,9.21954,10.0,9.21954,9.21954,9.89949,9.21954,9.21954,9.43398,10.0,9.43398,10.29563,10.29563,11.18034,11.18034,11.18034,11.18034,11.6619,12.52996,12.52996,11.6619,12.20656,12.20656,11.40175,11.40175,10.63015,11.40175,11.31371,9.89949,9.89949,10.63015,10.0,9.21954,8.60233,8.60233,8.06226,7.61577,7.61577,6.32456,6.32456,6.08276,5.0,77.92946,75.53807,74.95332,69.42622,70.61161,65.73431,61.13101,65.0,59.77458,57.56735,58.30952,52.0,59.5063,52.80152,49.65884,49.92995,55.47071,51.85557,49.67897,53.07542,52.40229,48.83646,48.54894,51.40039,50.80354,58.24946,52.15362,57.70615,59.5399,62.6099,58.18075,64.88451,59.16925,67.95587,62.26556,66.88797,65.45991,68.8186,65.60488,63.12686,60.44005,63.63961,63.65532,58.69412,59.46427,56.85068,53.41348,54.3783,49.64877,43.41659,45.61798,44.77723,42.95346,37.0,38.63936,34.71311,30.06659,30.08322,31.0,29.01724,29.83287,27.51363,27.89265,25.63201,21.93171,22.82542,18.60108,18.86796,14.42221,14.21267,10.63015,7.2111,5.83095,5.0,5.0,9.21954,12.20656,10.63015,17.46425,17.88854,23.76973,26.0,28.4605,28.44293,33.24154,30.59412,36.40055,37.85499,43.73786,42.2019,40.79216,46.32494,47.29693,46.09772,50.01,52.88667,58.24088,56.04463,56.04463,62.8172,64.56005,65.25335,67.6757,64.19502,69.57011,73.37575,76.24303,73.97973,79.12016,80.80842,75.43209,83.9345,83.18654,79.62412
12.52996,12.08305,11.7047,12.08305,10.77033,9.84886,10.77033,9.84886,10.77033,9.21954,9.21954,9.05539,9.05539,9.0,9.05539,9.0,9.05539,9.0,9.05539,9.05539,9.05539,9.21954,9.21954,9.48683,10.44031,10.44031,11.40175,11.40175,11.40175,11.40175,11.18034,11.18034,11.18034,11.04536,11.04536,11.0,11.0,11.0,10.0,10.04988,9.21954,9.21954,9.21954,8.24621,8.544,7.61577,8.06226,7.2111,6.40312,6.40312,5.65685,5.83095,73.4983,75.45197,73.24616,68.50547,70.83078,66.37017,63.51378,65.51336,61.77378,56.82429,55.15433,54.78138,58.69412,55.15433,55.65968,53.15073,55.08176,51.97115,47.67599,55.08176,53.03772,50.03998,52.08647,54.45181,49.36598,52.61179,53.46027,57.07013,58.46366,63.06346,60.41523,64.13267,61.98387,64.53681,63.56099,67.47592,66.61081,65.37584,69.00725,65.03076,63.07139,65.19202,60.20797,57.87055,57.87055,57.27128,54.12947,53.45091,49.0408,48.70318,43.46263,44.28318,39.44617,37.80212,36.12478,35.35534,32.64966,35.8469,29.68164,27.80288,29.73214,28.01785,27.01851,23.85372,20.24846,23.25941,17.08801,15.52417,12.36932,11.18034,10.44031,7.0,5.65685,2.23607,5.09902,5.09902,9.0,13.15295,16.12452,19.92486,21.84033,27.85678,30.08322,30.8707,33.10589,35.77709,38.94868,38.91015,42.54409,43.41659,45.27693,46.14109,49.1935,50.08992,51.88449,52.3259,62.17717,58.13777,62.17717,60.41523,67.54258,61.7414,70.23532,68.942,71.69379,73.3553,77.89737,78.26238,76.05919,83.35466,76.53757,84.38009,83.52844,80.77747
13.0,13.0,11.7047,13.0,11.7047,11.7047,10.44031,10.44031,10.44031,10.19804,10.19804,10.04988,10.04988,10.0,10.0,10.04988,10.04988,9.05539,9.21954,9.21954,9.21954,9.48683,9.48683,10.77033,10.77033,10.77033,12.08305,11.7047,12.64911,11.7047,11.7047,12.36932,12.36932,11.40175,12.36932,11.18034,11.18034,11.04536,11.04536,11.0,10.0,10.0,10.04988,9.05539,9.05539,9.21954,8.24621,7.28011,7.61577,6.7082,7.2111,6.40312,77.98718,78.87332,76.27582,71.06335,73.60027,64.40497,67.42403,65.19202,60.03332,60.90156,57.3062,56.35601,54.12947,53.7122,53.85165,53.16014,56.61272,53.60037,47.85394,51.08816,53.03772,51.0392,51.15662,53.00943,51.0098,55.22681,57.21888,60.01666,56.56854,62.36986,59.84146,65.11528,60.01666,66.09841,65.76473,66.18912,69.46222,64.12488,67.00746,63.00794,64.00781,62.28965,62.64982,61.52235,59.03389,54.91812,56.51548,52.88667,49.64877,46.48656,47.85394,43.38202,43.909,38.83298,38.94868,35.35534,35.4683,30.23243,29.73214,29.73214,25.80698,27.29469,25.07987,23.4094,22.13594,22.13594,21.09502,13.0384,14.0,10.19804,9.21954,6.40312,4.24264,2.0,3.60555,7.07107,10.04988,17.11724,16.76305,18.68154,22.13594,23.76973,28.23119,28.17801,32.75668,36.89173,38.07887,34.66987,44.40721,43.82921,43.60046,45.45327,49.09175,47.70744,50.47772,51.86521,59.16925,56.60389,63.13478,59.36329,63.63175,60.74537,66.28725,66.28725,70.3278,72.56032,75.80237,76.66159,80.26207,78.81624,76.844,84.05355,80.44874,82.0061
14.21267,12.80625,13.0384,13.60147,12.20656,11.40175,11.6619,10.81665,11.6619,11.18034,10.29563,10.77033,10.44031,10.44031,9.48683,10.19804,10.19804,10.04988,10.04988,10.04988,10.04988,11.0,10.0,11.04536,12.04159,12.04159,12.04159,13.0384,13.0384,13.0384,12.0,13.0,13.0,13.0,13.0384,13.0384,12.16553,11.18034,11.18034,11.40175,10.44031,10.77033,10.77033,9.84886,9.84886,8.94427,8.60233,8.60233,7.81025,7.81025,7.07107,6.40312,78.51751,79.98125,77.93587,70.93659,70.0,65.60488,64.89992,67.95587,64.63745,61.77378,59.05929,54.56189,59.94164,53.31041,56.0803,58.24088,57.07013,53.93515,52.23983,51.47815,56.0357,52.15362,51.15662,53.08484,50.08992,56.22277,57.42822,61.13101,61.0,66.48308,59.43904,67.26812,64.13267,68.06614,65.76473,71.34424,69.26038,68.46897,68.06614,66.0303,63.03174,63.00794,62.07254,65.27634,60.82763,58.0517,56.04463,57.72348,50.92151,49.98,47.16991,45.69464,46.51881,38.94868,39.20459,38.41875,38.41875,29.41088,30.41381,28.01785,29.41088,26.41969,27.51363,24.59675,23.34524,18.02776,18.11077,18.02776,14.03567,12.64911,8.24621,3.16228,3.60555,1.0,4.47214,6.40312,11.18034,15.29706,15.13275,21.93171,22.13594,25.94224,27.78489,33.6006,35.51056,35.51056,40.60788,35.51056,45.45327,46.40043,42.2019,45.60702,50.0,48.41487,55.47071,57.14018,61.58734,53.82379,60.46487,66.85058,66.61081,67.6757,70.83078,69.33974,70.72482,72.20111,77.10383,78.77182,82.37718,85.60374,78.81624,86.40023,83.00602,83.40863
14.03567,14.03567,13.15295,13.15295,12.16553,12.16553,12.36932,11.40175,11.40175,10.44031,11.7047,11.18034,11.18034,10.29563,10.29563,10.81665,10.63015,10.0,10.63015,11.31371,10.63015,10.63015,11.31371,12.04159,12.04159,12.04159,12.80625,12.80625,14.21267,14.21267,13.45362,13.45362,13.45362,12.72792,13.45362,12.80625,12.80625,12.20656,12.20656,11.6619,11.6619,11.6619,10.29563,10.29563,9.84886,9.84886,9.48683,8.24621,8.24621,8.06226,7.0,6.0,74.67262,73.68175,74.06079,66.1211,69.26038,63.07139,64.07027,64.12488,59.03389,61.0,61.07373,55.44367,57.87055,53.36666,51.41984,53.85165,54.78138,49.24429,49.24429,52.3259,53.0,51.97115,53.60037,51.0392,51.08816,52.20153,56.63921,60.82763,58.0,60.959,59.46427,67.17887,63.03174,65.06919,65.05382,67.47592,67.62396,64.2028,67.20119,65.73431,64.3506,61.91123,65.74192,59.68249,56.79789,59.61543,55.97321,55.03635,49.72927,50.44799,46.38965,45.39824,43.18565,42.0,41.10961,36.22154,34.71311,30.26549,27.65863,28.4605,31.38471,28.6531,26.24881,22.2036,22.02272,21.93171,20.61553,16.55295,13.0,13.0,9.48683,6.32456,4.0,2.0,2.82843,7.2111,9.43398,11.7047,17.46425,20.61553,22.36068,23.08679,31.257,31.01612,33.0,35.12834,37.01351,34.1321,41.04875,46.09772,43.01163,48.0,44.40721,48.16638,51.0,52.0,57.03508,58.0,65.00769,61.03278,64.00781,61.07373,69.18092,67.02984,68.11755,68.02941,73.02739,77.05842,78.00641,75.05998,81.22192,84.21401,80.09994,82.05486
12.16553,12.16553,11.40175,11.40175,11.40175,10.19804,10.44031,9.48683,9.48683,8.94427,9.84886,9.43398,8.60233,8.60233,8.60233,9.21954,9.21954,8.48528,9.21954,9.21954,9.21954,9.43398,9.43398,10.29563,10.29563,10.29563,11.18034,11.6619,11.6619,11.6619,10.81665,12.20656,12.20656,11.40175,11.40175,10.63015,10.63015,10.63015,9.89949,9.21954,10.0,9.43398,8.60233,8.60233,8.06226,7.61577,7.61577,7.28011,6.32456,6.08276,6.0,5.0,75.80237,72.99315,71.17584,69.06519,70.06426,63.12686,65.12296,60.07495,61.13101,59.3043,56.14268,53.60037,57.70615,52.7731,54.58938,54.57105,53.45091,48.10405,49.76947,50.56679,54.3783,48.02083,47.80167,50.60632,48.41487,54.81788,53.90733,54.45181,55.86591,60.87693,60.10824,62.93648,62.36986,63.63961,62.24147,65.60488,63.70243,63.89053,63.25346,64.63745,61.61169,61.77378,58.13777,62.64982,54.58938,56.85948,50.32892,55.71355,48.38388,43.68066,44.91102,48.37355,40.1995,39.01282,38.32754,35.90265,33.24154,30.06659,30.08322,30.67572,29.96665,30.23243,26.07681,22.02272,20.51828,21.2132,19.10497,18.02776,11.40175,10.77033,6.32456,8.06226,3.0,2.82843,6.08276,3.60555,10.19804,14.31782,17.11724,19.0263,22.36068,28.01785,31.06445,30.01666,35.0,34.52535,38.0,36.22154,43.04649,44.10215,43.0,47.09565,48.25971,48.01042,55.22681,52.23983,57.07889,56.0803,58.07753,59.0,66.0,61.0082,66.0303,69.02898,66.0,73.00685,76.10519,75.16648,82.1523,81.3941,76.1643,81.30191,82.21922,80.05623
13.89244,13.41641,13.0,13.41641,12.08305,12.08305,11.7047,11.7047,10.77033,10.44031,10.19804,10.19804,10.19804,10.04988,10.04988,10.0,10.04988,9.05539,10.04988,10.19804,10.19804,10.19804,10.19804,11.40175,11.7047,11.7047,11.7047,12.36932,12.64911,11.7047,12.36932,12.36932,12.36932,12.36932,12.16553,12.16553,12.04159,11.0,11.0,11.0,10.04988,11.04536,10.04988,10.04988,9.21954,8.24621,8.544,8.544,7.61577,7.61577,7.2111,6.40312,75.74299,75.66373,69.2026,70.29225,72.00694,67.00746,60.80296,63.82006,59.90826,59.07622,58.59181,54.56189,55.9017,54.23099,54.42426,51.66237,55.08176,48.6621,49.81967,52.61179,55.03635,50.24938,50.01,51.15662,56.14268,53.23533,53.60037,56.08921,60.01666,66.21933,62.16912,61.98387,63.63961,67.89698,66.91039,66.18912,68.46897,67.36468,66.18912,67.00746,63.03174,63.07139,62.20129,61.20457,57.42822,59.68249,55.7853,54.81788,46.84015,49.33559,47.43416,47.01064,42.04759,41.34005,39.05125,36.79674,31.14482,30.4795,29.73214,29.41088,29.41088,25.29822,25.29822,21.2132,22.2036,21.58703,17.0,14.14214,13.15295,8.0,8.544,3.60555,4.47214,2.0,2.23607,8.0,11.0,13.0,17.46425,19.64688,25.05993,30.41381,29.06888,31.40064,31.40064,35.0,38.01316,38.60052,39.62323,43.27817,43.41659,48.27007,47.80167,50.60632,48.82622,53.00943,58.24946,57.80138,59.81639,60.21628,67.20119,65.0,61.05735,64.40497,74.33034,72.11103,76.00658,76.27582,76.55064,86.05231,78.87332,83.60024,77.62087,77.62087
13.45362,13.45362,12.80625,12.04159,12.04159,12.04159,11.40175,10.81665,10.81665,10.29563,10.29563,10.77033,11.18034,10.77033,10.77033,10.44031,10.19804,10.19804,10.19804,10.19804,10.04988,11.04536,10.04988,12.04159,12.0,12.0,13.0,13.0384,13.0384,13.0384,13.15295,13.15295,13.15295,13.15295,13.15295,12.36932,12.36932,11.7047,11.7047,10.77033,11.18034,11.18034,10.29563,9.43398,9.43398,8.60233,8.60233,7.81025,7.07107,6.40312,6.40312,5.83095,76.94154,75.23962,71.58911,66.18912,69.97142,62.1289,66.57327,63.51378,62.80127,56.0357,57.62812,53.41348,55.9017,53.8145,51.66237,50.0,55.80323,53.85165,48.02083,51.97115,50.08992,53.23533,47.01064,51.89412,49.39636,53.48832,57.87055,57.48913,57.27128,60.01666,61.0,62.36986,64.56005,65.25335,65.0,64.19502,68.94926,66.40783,64.88451,67.97794,64.84597,61.32699,65.29931,59.5399,56.0357,58.00862,54.56189,52.49762,46.69047,48.08326,47.38143,41.10961,40.60788,43.41659,35.35534,34.43835,30.36445,31.40064,30.46309,30.08322,25.96151,30.14963,26.0,26.07681,22.56103,22.56103,19.41649,18.78829,13.0,13.92839,8.94427,10.0,4.12311,5.0,7.2111,5.09902,10.77033,12.52996,15.6205,20.24846,21.93171,25.4951,24.83948,29.06888,30.0,34.98571,36.35932,38.27532,40.49691,41.67733,41.18252,47.50789,45.65085,48.54894,50.21952,53.82379,55.21775,56.85948,62.20129,59.64059,68.26419,58.60034,60.46487,65.80274,67.41662,71.02112,78.23043,76.00658,77.62087,79.07591,79.07591,77.52419,79.25907,77.52419
13.60147,12.64911,12.64911,12.64911,11.7047,10.77033,11.18034,11.18034,10.77033,10.29563,10.29563,10.29563,9.43398,9.21954,9.21954,9.89949,9.89949,9.89949,9.21954,9.21954,10.0,10.0,10.0,10.81665,10.81665,11.18034,11.6619,11.6619,11.6619,13.0384,12.20656,12.20656,12.80625,12.04159,12.04159,11.31371,12.04159,11.40175,10.63015,10.0,10.81665,10.29563,10.29563,8.94427,8.94427,8.544,8.24621,8.24621,8.06226,7.07107,7.0,6.08276,75.89466,73.08215,73.92564,65.78754,66.30988,65.9242,66.70832,65.74192,58.18075,59.94164,59.94164,54.91812,53.85165,55.47071,54.20332,53.03772,51.62364,50.93133,48.10405,49.64877,55.07268,49.92995,51.42956,53.23533,51.0,53.23533,52.39275,55.71355,56.85948,60.40695,59.23681,62.93648,62.6099,62.24147,63.56886,67.54258,66.30988,64.88451,66.24198,61.91123,63.81222,61.85467,60.21628,60.80296,59.5483,57.38467,54.48853,51.66237,50.32892,47.01064,45.22168,47.43416,40.31129,40.24922,39.0,37.36308,32.14032,27.73085,28.4605,27.45906,30.01666,28.07134,24.18677,21.84033,20.88061,19.92486,20.61553,17.46425,13.89244,12.20656,7.81025,7.2111,3.60555,1.41421,2.0,11.40175,10.63015,10.0,17.69181,18.60108,21.26029,28.6531,27.20294,30.23243,31.38471,36.24914,39.81206,39.0,46.61545,46.8188,48.10405,44.77723,50.08992,47.53946,51.88449,53.7122,57.27128,56.82429,62.6099,64.88451,63.50591,68.42514,64.88451,67.54258,71.69379,72.00694,74.32362,73.82412,76.55717,81.5414,78.0,85.49269,82.8553,80.77747
