13.15295,13.0384,12.04159,13.0384,11.04536,11.04536,11.0,10.0,10.0,9.0,9.05539,9.05539,9.05539,8.24621,8.24621,8.544,7.61577,7.61577,7.61577,7.2111,7.2111,7.81025,7.81025,7.81025,7.81025,8.48528,9.21954,9.21954,9.21954,9.21954,9.89949,9.89949,9.89949,9.89949,9.89949,10.0,9.43398,8.94427,8.94427,8.94427,7.61577,8.544,7.61577,7.61577,7.28011,6.32456,6.08276,6.08276,6.0,5.09902,5.09902,4.12311,90.04999,82.0061,86.28441,78.0,79.0,74.0,69.06519,71.02816,60.03332,63.03174,58.13777,57.55867,57.14018,51.35173,52.46904,52.95281,50.69517,47.12749,41.4367,42.15448,49.73932,39.92493,40.60788,39.44617,42.0119,46.61545,43.84062,47.50789,45.45327,51.22499,50.32892,51.85557,46.40043,53.60037,54.67175,57.48913,53.75872,59.46427,58.13777,51.73973,52.40229,56.85068,52.80152,53.00943,53.33854,47.01064,52.7731,46.52956,45.88028,41.76123,43.32436,39.21734,39.05125,33.06055,36.0,30.01666,29.61419,40.24922,38.94868,38.20995,38.28838,38.28838,36.40055,30.61046,35.60899,33.6006,30.0,28.6007,27.20294,29.73214,28.28427,24.04163,26.87006,26.40076,24.69818,26.40076,28.16026,34.17601,34.20526,33.54102,36.49658,38.47077,37.01351,42.95346,44.28318,45.54119,53.03772,45.17743,53.33854,54.58938,51.62364,56.4358,53.00943,52.00961,55.22681,58.21512,60.53098,61.20457,62.96825,63.3877,65.51336,61.61169,70.45566,70.40597,72.78049,77.27872,79.83107,81.7435,88.76936,95.18929,85.32878,92.76314,93.55747,91.44397
14.0,13.0,12.04159,12.0,12.0,11.0,11.04536,10.04988,9.05539,9.21954,9.21954,8.544,8.544,7.61577,7.61577,8.06226,8.06226,6.7082,7.2111,7.2111,7.2111,7.81025,7.07107,7.81025,7.81025,9.21954,8.60233,9.21954,9.21954,9.21954,9.21954,9.89949,9.89949,9.89949,9.89949,9.21954,10.0,9.43398,8.60233,8.06226,8.06226,8.94427,7.61577,7.61577,7.28011,6.32456,7.07107,6.08276,6.0,5.0,5.09902,5.09902,84.92938,78.58753,80.23092,76.68768,74.52516,73.97973,66.91039,72.03471,60.01666,61.84658,59.4138,54.08327,59.4138,50.03998,44.01136,50.08992,48.37355,49.49747,47.38143,41.19466,48.76474,40.80441,40.16217,40.71855,39.35734,44.38468,37.73592,47.20169,46.40043,47.63402,44.04543,50.24938,44.40721,54.48853,50.60632,53.60037,52.43091,52.80152,54.70832,51.47815,53.85165,52.7731,55.4617,49.39636,49.0408,45.88028,46.84015,43.68066,39.81206,41.4367,44.0,40.04997,36.0,35.22783,34.36568,31.32092,28.23119,36.12478,40.36087,38.41875,39.11521,35.8469,38.91015,29.96665,33.54102,31.38471,28.63564,29.15476,28.63564,27.78489,27.29469,24.41311,24.75884,25.4951,23.34524,25.23886,26.92582,27.20294,30.88689,34.17601,36.67424,38.62642,42.05948,40.16217,43.86342,42.94182,48.10405,43.68066,54.12024,52.55473,49.33559,52.20153,53.85165,50.01,56.7186,52.34501,59.3043,61.66036,59.13544,64.28063,63.00794,65.00769,64.03124,69.0,72.1734,77.00649,75.02666,80.05623,80.22468,89.05055,79.15807,94.08507,92.0489,88.45903
14.21267,14.21267,12.80625,12.80625,12.04159,11.40175,11.31371,10.63015,9.89949,9.21954,9.89949,9.21954,9.21954,7.81025,7.81025,8.06226,8.06226,6.7082,7.61577,7.28011,7.28011,7.28011,7.28011,8.06226,8.06226,8.06226,8.0,9.0,9.0,9.0,9.05539,9.05539,9.05539,9.05539,9.05539,9.21954,9.48683,8.544,8.544,8.94427,8.06226,8.06226,8.06226,8.06226,7.2111,7.2111,7.07107,7.07107,6.40312,5.83095,5.83095,5.38516,90.55385,87.32125,83.23461,77.41447,86.60831,72.06941,71.69379,71.56116,66.57327,63.63175,59.64059,54.20332,59.36329,54.6443,49.57822,48.79549,50.91169,52.49762,43.18565,43.60046,43.82921,45.60702,38.91015,42.04759,42.94182,45.18849,45.22168,43.17407,46.57252,51.62364,48.25971,52.39275,49.72927,52.61179,53.33854,53.36666,53.16014,54.40588,54.42426,56.32051,52.92447,53.31041,53.31041,50.56679,48.25971,54.20332,48.27007,50.80354,40.80441,43.13931,38.18377,41.86884,38.27532,38.47077,35.51056,35.35534,30.80584,43.18565,39.05125,42.19005,39.45884,41.0,31.32092,34.17601,31.7805,33.24154,32.31099,30.36445,26.24881,27.16616,28.44293,25.17936,25.17936,27.07397,27.29469,28.28427,27.89265,31.32092,31.01612,35.34119,36.67424,41.59327,43.04649,44.28318,46.09772,48.8467,50.11986,50.08992,53.22593,53.31041,52.7731,55.9464,58.66856,54.70832,60.0,58.24946,64.81512,59.40539,66.6033,63.25346,68.76772,64.3506,67.94115,72.24957,73.59348,78.51751,83.45058,82.73452,89.14034,95.52487,85.58621,94.17537,92.02174,96.04686
15.0333,15.0333,13.15295,14.03567,13.0384,12.04159,11.18034,11.18034,11.18034,10.44031,10.19804,9.48683,9.48683,9.84886,9.84886,8.94427,8.94427,8.06226,8.60233,8.60233,7.81025,8.48528,8.48528,9.21954,9.21954,9.21954,10.0,10.0,10.0,10.0,10.0,10.0,10.63015,10.63015,11.31371,10.63015,10.63015,10.0,10.0,10.0,9.43398,9.43398,8.06226,8.06226,8.06226,7.61577,7.28011,7.28011,7.07107,6.08276,6.0,6.0,86.40602,88.39118,83.81527,80.05623,80.05623,72.23573,73.73602,69.07966,68.35203,64.51356,61.98387,56.64804,63.06346,52.63079,52.7731,51.0098,51.0392,50.03998,44.04543,43.0,47.51842,42.0,42.95346,45.70558,40.16217,44.92215,46.95743,46.14109,43.909,53.0,49.92995,50.77401,48.54894,55.22681,56.85948,55.9017,56.82429,56.4358,56.79789,60.53924,56.85948,54.78138,57.58472,50.69517,51.41984,49.0306,49.64877,48.50773,45.09989,45.01111,40.0,41.04875,36.22154,40.02499,34.48188,33.24154,32.44996,36.71512,40.31129,34.9285,35.90265,37.85499,35.51056,32.38827,32.38827,32.24903,29.83287,26.68333,27.20294,30.36445,26.24881,25.0,28.23119,27.20294,23.02173,22.80351,26.1725,29.0,30.0,35.80503,38.27532,35.60899,41.67733,45.48626,43.909,50.47772,47.50789,47.16991,54.58938,54.08327,53.85165,55.9017,53.33854,54.626,57.00877,56.64804,60.44005,63.24555,63.89053,64.28841,67.46851,65.30697,72.56721,72.78049,70.45566,76.68768,81.58431,82.8734,88.68484,88.64536,89.10668,94.72592,92.41753,95.21029
13.41641,12.52996,12.52996,12.52996,11.6619,11.18034,10.81665,10.29563,9.43398,8.60233,9.43398,8.60233,7.81025,7.81025,7.07107,7.81025,7.2111,7.2111,6.7082,6.7082,6.7082,6.32456,7.61577,7.28011,7.28011,7.28011,8.24621,8.24621,9.21954,9.05539,9.21954,9.21954,9.21954,9.21954,9.48683,8.94427,8.94427,8.06226,8.60233,8.60233,7.81025,7.81025,7.81025,7.81025,7.07107,6.40312,6.40312,5.83095,5.38516,5.38516,5.09902,5.0,84.97058,84.30896,82.8553,75.58439,74.24958,72.44998,71.17584,72.23573,62.17717,58.30952,61.29437,56.35601,58.30952,50.77401,51.62364,49.20366,52.49762,44.68781,42.44997,46.75468,46.40043,36.79674,40.31129,40.31129,40.31129,39.96248,43.86342,43.01163,46.23851,46.17359,44.59821,47.16991,45.54119,52.20153,52.39275,52.55473,54.40588,54.626,53.31041,52.80152,50.60632,54.20332,52.15362,50.47772,45.60702,49.57822,47.42362,44.68781,45.45327,42.52058,40.60788,41.40048,36.89173,37.69615,34.48188,32.01562,27.65863,39.31921,38.01316,41.59327,37.36308,39.56008,34.48188,33.83785,35.8469,32.31099,30.46309,33.83785,28.79236,29.41088,28.23119,25.70992,26.4764,25.07987,25.01999,24.5153,27.29469,26.24881,32.89377,33.83785,36.68787,39.92493,39.81206,40.80441,43.65776,43.65776,49.76947,44.38468,53.7122,54.78138,50.9902,52.80152,53.66563,55.00909,56.35601,56.35601,59.90826,57.68882,62.80127,62.20129,70.0,67.62396,68.24954,68.88396,72.18033,75.0733,77.33693,81.8352,83.24062,87.20092,84.05355,91.52595,93.60021,90.44335
15.0,14.0,14.03567,14.0,13.0,12.0,12.04159,11.04536,11.04536,10.19804,10.19804,10.44031,9.21954,9.48683,9.48683,9.48683,8.94427,8.94427,8.06226,8.60233,8.60233,8.60233,8.60233,9.21954,9.21954,8.48528,9.21954,9.89949,9.89949,10.63015,9.89949,9.89949,10.63015,10.63015,10.63015,10.0,10.81665,9.43398,9.43398,9.43398,8.94427,8.94427,8.94427,8.544,8.24621,7.28011,8.24621,7.07107,7.07107,7.0,6.08276,6.08276,88.20431,85.32878,84.48077,79.9062,78.31347,73.97973,70.34913,71.56815,65.62012,61.0082,58.00862,57.07889,60.00833,56.0803,52.00961,49.64877,53.46027,47.07441,46.87217,43.68066,48.46648,39.92493,41.62932,43.82921,39.96248,43.04649,43.41659,40.49691,44.40721,47.38143,46.8615,49.51767,45.25483,50.91169,49.49747,54.03702,54.48853,53.15073,50.32892,54.6443,52.80152,51.97115,53.7122,56.79789,50.56679,50.11986,45.88028,43.65776,42.05948,40.79216,41.7732,41.0,35.51056,37.01351,34.52535,29.12044,28.16026,39.05125,39.69887,36.87818,40.0,38.27532,34.1321,32.24903,33.01515,31.38471,26.41969,29.15476,26.92582,28.6007,29.20616,26.62705,22.80351,27.01851,23.43075,21.09502,25.07987,29.06888,37.94733,31.7805,35.1141,38.32754,39.29377,43.32436,40.79216,43.32436,50.21952,42.57934,51.1957,50.21952,49.64877,52.39275,52.95281,51.62364,54.45181,55.7315,59.03389,57.07889,63.03174,59.13544,64.12488,66.37017,66.48308,68.46897,74.1485,77.92946,78.40918,77.52419,87.29834,91.04944,82.1523,92.19544,93.19335,90.27181
15.52417,14.31782,14.14214,14.31782,13.34166,12.16553,12.04159,11.04536,11.04536,10.04988,11.04536,10.0,10.0,9.05539,9.05539,9.05539,9.21954,8.24621,8.544,8.544,7.61577,8.94427,8.94427,9.43398,9.43398,9.43398,9.43398,10.81665,10.81665,10.81665,10.81665,10.81665,10.29563,10.29563,11.18034,10.77033,10.77033,9.48683,9.48683,9.21954,10.19804,9.05539,9.05539,9.05539,8.06226,8.0,8.0,7.07107,7.07107,6.32456,6.32456,5.38516,44.91102,42.72002,44.72136,41.7732,39.62323,37.10795,35.17101,37.10795,33.73426,33.73426,31.40064,29.15476,29.06888,26.01922,26.30589,25.01999,26.07681,24.08319,22.09072,23.5372,23.76973,22.56103,21.58703,23.4094,20.12461,22.84732,20.12461,21.9545,24.18677,25.0,23.85372,25.0,26.07681,27.45906,28.01785,28.84441,26.07681,28.01785,27.78489,25.94224,26.83282,28.79236,26.24881,26.92582,24.69818,24.5153,24.73863,23.76973,22.2036,22.09072,20.02498,20.02498,19.0263,18.43909,16.76305,16.15549,15.65248,18.43909,18.43909,16.27882,19.41649,19.23538,15.65248,16.12452,15.23155,13.92839,16.15549,14.31782,13.0384,13.0384,12.52996,11.6619,11.31371,11.40175,12.04159,12.80625,12.80625,15.23155,15.23155,17.08801,17.08801,17.46425,20.61553,18.97367,23.08679,22.84732,24.04163,22.13594,25.63201,25.29822,24.33105,28.86174,27.65863,25.70992,29.42788,27.45906,30.06659,29.42788,30.06659,32.06244,32.01562,32.01562,35.0571,35.0571,36.12478,36.05551,40.0,39.0,41.0,45.01111,42.04759,47.09565,45.09989,46.17359
14.14214,13.15295,13.0384,13.15295,12.16553,11.04536,11.0,10.0,10.0,9.0,9.0,9.05539,8.06226,8.06226,8.06226,8.24621,8.544,7.61577,7.61577,8.06226,7.61577,7.2111,7.2111,8.60233,8.60233,7.81025,8.48528,9.21954,9.89949,9.89949,10.0,10.0,10.0,10.0,10.0,9.43398,9.84886,8.94427,8.544,8.544,8.544,8.24621,8.24621,7.28011,7.07107,7.07107,6.08276,6.0,6.0,6.08276,5.38516,4.47214,85.37564,85.37564,81.09871,76.1643,79.22752,73.68175,73.10951,71.25307,66.18912,62.28965,61.20457,55.08176,56.32051,57.21888,51.0392,50.63596,50.63596,45.89118,42.44997,44.59821,46.23851,42.15448,42.54409,42.2019,39.11521,41.23106,41.72529,42.42641,44.55334,45.96738,43.13931,49.40648,47.42362,51.73973,50.93133,49.49747,58.79626,55.44367,52.34501,53.07542,53.90733,54.6443,51.0392,50.11986,48.54894,50.60632,45.17743,45.69464,42.48529,43.38202,40.49691,39.92493,36.87818,39.31921,37.01351,30.14963,28.44293,40.0,39.20459,39.05125,36.61967,38.47077,35.8469,32.44996,30.41381,34.48188,29.06888,30.46309,29.06888,31.90611,25.23886,25.80698,24.75884,28.6007,24.08319,21.09502,27.73085,29.54657,35.4683,33.24154,39.81206,39.21734,38.8973,37.94733,42.05948,49.33559,49.72927,48.38388,53.93515,53.16014,49.64877,56.08921,53.60037,57.07013,56.7186,58.30952,57.21888,57.07889,65.00769,64.03124,64.03124,66.1211,75.80237,70.85901,71.56815,75.66373,79.9062,80.399,82.60751,82.21922,88.14193,96.00521,89.14034,96.04686
15.29706,14.14214,14.14214,14.14214,13.15295,12.16553,12.04159,11.04536,11.04536,10.0,11.0,10.04988,10.04988,9.05539,9.05539,9.21954,9.48683,8.544,8.544,8.544,7.61577,8.06226,8.06226,9.43398,8.60233,9.21954,9.21954,10.0,11.40175,10.63015,10.0,10.81665,10.81665,10.81665,10.81665,10.29563,10.29563,9.84886,9.84886,9.84886,9.48683,9.48683,9.21954,8.24621,8.24621,8.06226,8.06226,7.0,7.0,6.08276,6.08276,5.38516,44.59821,42.15448,42.72002,40.49691,39.0,36.76955,37.16181,35.1141,32.89377,32.31099,30.67572,29.73214,30.36445,26.92582,27.65863,25.07987,26.1725,24.18677,23.08679,22.02272,25.01999,23.02173,20.09975,24.5153,21.37756,21.37756,21.18962,21.93171,23.76973,25.4951,25.4951,25.63201,25.07987,26.92582,25.94224,29.73214,27.51363,27.85678,25.0,26.68333,27.20294,27.29469,27.65863,27.45906,25.31798,25.01999,24.02082,24.0,24.02082,21.09502,20.22375,20.22375,18.97367,18.78829,18.68154,16.64332,14.21267,18.43909,19.41649,18.35756,18.35756,17.88854,18.02776,16.15549,15.81139,14.86607,14.56022,13.0,14.76482,14.76482,13.89244,13.0384,11.6619,12.72792,9.89949,12.04159,12.80625,13.89244,15.26434,17.88854,17.08801,20.12461,19.31321,19.69772,21.93171,23.70654,24.69818,24.16609,26.0,25.4951,24.16609,24.69818,28.23119,25.63201,28.79236,27.51363,28.86174,28.63564,29.42788,30.80584,33.24154,34.52535,33.37664,33.37664,35.35534,38.20995,40.1995,41.30375,44.10215,43.73786,42.75512,44.91102,44.55334,46.09772
15.52417,15.29706,13.34166,13.34166,12.36932,12.36932,12.04159,11.04536,11.18034,10.04988,10.19804,10.04988,9.0,9.0,9.0,9.05539,9.21954,8.24621,8.24621,8.544,7.61577,8.94427,8.544,8.94427,8.94427,9.43398,9.43398,10.29563,10.81665,10.29563,10.29563,10.29563,10.29563,10.29563,10.29563,10.77033,10.44031,10.19804,10.19804,9.21954,9.21954,9.21954,9.05539,8.06226,8.06226,8.0,8.0,7.0,7.07107,6.32456,6.32456,5.38516,43.65776,43.32436,42.05948,41.10961,39.56008,37.69615,36.68787,35.1141,33.24154,30.80584,30.08322,27.89265,29.27456,27.45906,28.63564,27.01851,28.01785,22.02272,22.0,24.0,24.18677,22.09072,21.37756,22.36068,20.88061,21.84033,22.47221,21.93171,23.4094,24.59675,23.70654,25.55386,24.18677,25.23886,27.78489,27.73085,29.52965,28.6531,28.63564,27.85678,26.92582,27.89265,28.16026,28.63564,23.19483,25.31798,23.34524,23.34524,22.02272,22.0,21.09502,19.10497,19.10497,17.46425,16.49242,16.15549,13.89244,19.84943,18.86796,19.23538,17.46425,18.02776,15.81139,16.76305,13.92839,15.81139,15.52417,14.31782,12.64911,13.92839,13.92839,11.40175,10.81665,12.72792,12.72792,12.72792,12.20656,12.80625,15.26434,17.88854,17.88854,18.35756,20.24846,20.12461,21.47091,22.82542,24.59675,22.36068,25.07987,25.94224,25.4951,26.92582,26.40076,26.57066,27.51363,29.41088,29.61419,30.08322,31.40064,31.7805,34.71311,30.41381,36.12478,36.12478,36.22154,36.12478,38.20995,41.4367,42.19005,44.40721,42.42641,47.85394,45.89118,46.52956
14.14214,13.15295,13.0384,12.16553,12.16553,11.18034,11.0,10.0,10.0,9.0,9.0,9.05539,8.06226,8.06226,7.07107,8.24621,7.28011,7.28011,6.7082,6.7082,6.7082,7.2111,7.2111,7.2111,7.81025,7.07107,8.48528,8.48528,8.48528,8.48528,8.48528,9.21954,9.21954,9.21954,7.81025,8.60233,9.43398,8.94427,7.61577,7.61577,7.61577,7.28011,7.28011,7.28011,7.07107,6.08276,6.0,6.0,6.0,5.09902,5.38516,4.47214,84.59314,86.14523,84.02381,76.79193,79.22752,73.82412,71.56815,70.71068,66.18912,63.50591,58.07753,56.0803,58.03447,52.03845,53.15073,50.9902,50.9902,44.91102,44.14748,45.88028,44.59821,39.56008,37.57659,42.95346,39.96248,40.81666,42.80187,43.84062,42.63801,45.25483,43.13931,43.93177,49.57822,49.51767,48.41487,48.83646,54.56189,54.81788,52.49762,50.21952,51.61395,54.3783,48.8774,53.85165,46.52956,50.69517,46.23851,45.54119,42.72002,37.64306,37.85499,35.90265,37.21559,36.0,34.0,31.7805,29.73214,37.20215,38.18377,40.22437,40.80441,36.05551,34.98571,33.61547,33.12099,34.48188,30.52868,27.20294,24.18677,28.01785,26.40076,26.90725,24.75884,29.0,25.0,25.55386,29.52965,28.63564,34.88553,32.64966,35.1141,37.36308,42.95346,43.9659,46.32494,47.80167,50.44799,47.80167,50.69517,50.28916,53.15073,53.36666,54.74486,54.74486,55.57877,55.22681,62.07254,61.13101,61.0082,62.03225,66.06815,65.06919,73.02739,74.00676,76.41989,75.23962,75.32596,81.61495,86.83317,92.26592,86.14523,94.26028,93.19335,89.0
14.42221,13.89244,13.41641,13.0384,12.52996,11.6619,12.08305,11.18034,10.77033,9.84886,10.77033,9.48683,9.48683,9.21954,8.24621,9.05539,8.06226,8.06226,8.0,8.0,8.0,8.06226,8.06226,8.06226,9.21954,9.21954,9.21954,10.44031,10.44031,10.44031,9.21954,10.19804,10.19804,10.19804,10.04988,10.04988,10.04988,10.0,9.0,9.05539,9.05539,9.05539,8.06226,8.24621,8.24621,7.28011,7.28011,6.7082,6.7082,5.83095,5.65685,5.0,88.10221,84.53402,87.92042,77.82031,77.62087,70.77429,72.00694,68.44706,65.55151,63.15853,60.16644,57.58472,52.49762,54.08327,52.88667,52.7731,50.21952,46.52956,43.41659,41.19466,49.0408,45.01111,42.29657,42.42641,43.28972,40.1995,43.01163,44.92215,47.43416,48.8467,50.08992,50.08992,47.53946,49.65884,50.15974,56.32051,54.40588,51.62364,52.39275,55.31727,50.01,51.47815,54.45181,53.23533,47.09565,48.04165,43.0,46.27094,43.28972,40.4475,37.65634,38.32754,36.05551,34.9285,30.08322,33.01515,29.20616,38.20995,38.27532,35.77709,38.91015,36.40055,33.24154,34.17601,31.32092,31.57531,28.16026,27.51363,27.73085,26.0,24.69818,25.63201,23.02173,28.42534,25.4951,25.4951,29.06888,29.0,31.62278,32.75668,34.88553,40.31129,41.14608,39.44617,44.29447,41.34005,51.42956,46.64762,49.65884,48.30114,49.64877,50.53712,53.22593,53.31041,57.00877,56.0803,57.38467,60.74537,63.32456,63.78871,63.56099,61.81424,70.0928,70.61161,71.19691,72.56032,78.44743,77.66595,82.8734,90.02777,84.92938,92.64988,95.07891,97.52948
13.60147,12.64911,13.0,12.64911,11.7047,10.44031,10.77033,9.84886,9.48683,8.94427,8.94427,8.06226,8.06226,8.60233,7.2111,7.81025,7.07107,7.07107,6.40312,6.40312,7.2111,7.2111,7.2111,6.7082,7.61577,7.61577,7.61577,8.544,8.544,8.544,7.61577,8.94427,8.94427,8.94427,9.43398,8.60233,8.60233,8.60233,7.81025,7.81025,7.81025,7.81025,6.40312,6.40312,6.40312,5.83095,5.83095,5.38516,5.38516,5.09902,5.0,4.0,86.83317,89.94443,82.03658,81.21576,84.0119,69.72087,74.43118,67.60178,66.18912,61.52235,57.27128,56.7186,56.29387,54.57105,51.41984,50.59644,49.24429,45.61798,43.82921,45.17743,44.41846,45.0,38.20995,38.20995,35.35534,44.55334,41.03657,43.26662,45.79301,44.40721,46.61545,42.80187,47.70744,45.18849,50.77401,46.04346,48.02083,53.25411,52.80152,55.60576,50.9902,50.24938,48.08326,48.16638,48.27007,47.80167,46.32494,46.61545,38.58756,38.01316,38.48376,37.16181,35.1141,32.24903,30.26549,30.01666,24.33105,41.78516,38.47077,43.56604,36.61967,39.20459,33.30165,30.4795,31.14482,34.65545,31.14482,28.3196,27.58623,28.42534,28.01785,22.47221,25.05993,24.69818,28.63564,24.18677,27.89265,30.14963,34.23449,34.0147,32.06244,37.01351,43.01163,44.18144,44.01136,48.04165,48.09366,50.03998,47.09565,51.0,52.08647,54.23099,55.22681,55.44367,60.01666,56.7186,60.82763,59.43904,63.24555,60.08328,68.30813,66.40783,65.39113,67.41662,73.73602,71.30919,86.03488,79.47956,83.38465,89.19641,89.19641,90.75792,85.07056,90.52072
15.23155,14.31782,13.92839,14.31782,13.0,12.08305,11.7047,11.7047,10.77033,10.44031,10.44031,10.19804,10.19804,9.05539,9.05539,9.0,9.0,8.0,8.0,8.06226,8.06226,8.24621,8.24621,8.544,8.544,9.48683,9.48683,9.84886,10.77033,10.77033,10.44031,10.44031,10.44031,10.44031,10.19804,10.19804,10.04988,10.04988,10.04988,9.05539,9.0,9.0,9.0,8.06226,8.24621,7.07107,7.28011,6.32456,6.32456,6.32456,5.83095,5.0,83.21658,85.79627,83.81527,77.16217,78.54935,72.61543,76.32169,69.89278,68.35203,63.32456,60.87693,57.87055,58.46366,56.04463,51.24451,49.64877,53.93515,46.38965,44.10215,46.04346,47.38143,42.04759,43.28972,41.7732,42.75512,42.72002,41.78516,45.69464,43.65776,48.30114,48.75449,48.8774,48.75449,48.37355,49.64877,51.89412,53.85165,52.3259,54.42426,51.5461,51.92302,48.83646,50.44799,52.61179,48.25971,46.17359,44.18144,44.04543,39.0,39.0,40.1995,41.30375,36.87818,36.68787,31.01612,29.06888,30.80584,39.59798,38.60052,38.58756,38.01316,35.4683,34.78505,32.89377,32.89377,37.0,31.32092,31.7805,29.12044,28.79236,25.29822,25.07987,25.80698,24.08319,26.1725,25.45584,25.6125,26.40076,35.60899,30.88689,37.21559,39.11521,42.48529,40.70626,44.28318,44.72136,49.65884,45.61798,49.39636,51.62364,49.76947,50.92151,53.75872,54.78138,55.36244,54.40588,59.20304,57.72348,61.84658,61.0,66.75328,59.5399,67.74216,68.35934,73.10951,73.17103,79.6304,79.76215,83.29466,84.17244,86.83317,94.541,93.94147,93.55747
15.23155,14.31782,14.31782,14.31782,13.0,12.08305,11.6619,11.18034,11.18034,10.29563,10.29563,9.43398,9.43398,8.60233,8.60233,8.48528,8.48528,7.81025,7.81025,7.81025,7.81025,7.2111,7.2111,7.61577,7.61577,7.61577,8.544,8.544,9.48683,9.48683,9.48683,9.84886,9.84886,8.94427,9.84886,9.43398,9.43398,9.21954,9.21954,8.48528,8.48528,8.48528,7.81025,7.81025,7.81025,7.2111,7.2111,6.7082,6.32456,6.32456,6.08276,5.09902,90.07774,92.47702,84.09518,80.41144,84.17244,73.1642,74.73286,68.15424,66.30988,62.24147,64.4748,58.18075,58.83026,54.12947,54.20332,51.61395,53.82379,49.67897,44.04543,42.80187,46.8615,44.59821,39.82462,39.20459,39.40812,42.43819,43.41659,44.38468,45.69464,49.64877,45.88028,46.84015,46.48656,50.0,48.08326,54.23099,51.26402,52.39275,51.0,50.53712,52.3259,52.35456,49.09175,52.43091,52.20153,45.34314,43.93177,44.68781,43.13931,38.60052,39.11521,38.27532,37.12142,35.34119,35.1141,29.73214,31.40064,41.04875,41.7732,43.41659,41.23106,38.48376,36.67424,35.77709,33.10589,34.66987,33.24154,30.01666,28.79236,28.4605,29.15476,24.35159,26.92582,24.33105,25.17936,25.01999,29.0,30.14963,33.95585,34.53983,37.10795,37.64306,42.05948,42.72002,47.92703,48.38388,48.10405,45.31004,53.48832,50.56679,53.14132,56.30275,53.85165,53.23533,56.82429,57.24509,64.3506,58.66856,64.3506,66.57327,70.60453,67.20119,69.02898,69.40461,71.8401,77.46612,81.05554,83.86895,90.02777,93.00538,88.75246,97.65244,95.96353,98.1835
15.13275,14.14214,14.03567,13.15295,13.15295,11.18034,11.04536,11.04536,10.04988,10.04988,10.04988,9.0,9.0,8.0,8.0,8.24621,7.28011,7.28011,7.28011,7.61577,6.7082,6.7082,6.7082,8.06226,7.2111,7.81025,8.60233,8.60233,8.60233,9.21954,8.60233,9.43398,9.43398,8.94427,8.94427,8.94427,9.48683,8.544,8.24621,8.24621,8.06226,8.06226,8.06226,7.07107,7.0,7.0,6.08276,6.08276,6.32456,5.38516,5.83095,5.0,42.57934,41.48494,40.60788,38.83298,40.79216,37.10795,36.87818,34.9285,32.38827,31.57531,29.42788,26.30589,28.44293,24.18677,24.02082,24.0,24.08319,24.18677,21.0,21.09502,21.58703,20.39608,17.72005,18.68154,17.46425,21.93171,22.82542,20.24846,21.09502,22.2036,22.02272,22.2036,22.80351,25.4951,24.20744,24.41311,24.41311,24.20744,25.55386,23.32381,24.59675,26.40076,25.29822,25.29822,22.80351,23.76973,21.58703,21.58703,19.23538,19.10497,19.0,19.0263,19.0263,16.27882,17.46425,15.23155,13.41641,21.26029,21.93171,21.40093,21.40093,19.41649,18.35756,18.35756,15.23155,16.15549,14.86607,14.31782,14.31782,15.26434,13.0384,12.52996,12.72792,12.04159,13.60147,12.20656,13.0384,12.52996,15.23155,18.02776,18.02776,19.92486,21.84033,21.84033,21.54066,22.47221,25.29822,22.80351,23.76973,24.35159,25.70992,26.92582,26.4764,26.4764,28.01785,28.28427,30.01666,30.26549,32.06244,32.0,32.0,33.01515,33.01515,35.12834,37.05401,39.20459,41.04875,40.11234,41.19466,45.0,44.01136,48.0,47.01064,46.04346
16.03122,15.0333,13.0384,14.03567,12.0,12.04159,11.04536,11.04536,10.04988,10.19804,10.19804,9.21954,9.21954,8.544,8.544,7.61577,8.06226,6.7082,7.2111,7.2111,7.07107,7.81025,7.07107,7.81025,7.81025,7.81025,8.60233,8.60233,9.43398,9.43398,9.21954,9.21954,10.0,9.21954,9.89949,9.21954,9.21954,8.60233,8.60233,8.60233,8.06226,8.94427,7.61577,7.61577,7.28011,6.32456,7.07107,6.08276,6.0,6.0,5.09902,5.09902,44.28318,43.10452,43.04649,41.30375,41.04875,35.22783,36.12478,36.22154,33.13608,31.06445,30.06659,29.01724,30.0,27.01851,27.01851,24.33105,25.31798,23.19483,20.61553,22.13594,21.54066,20.61553,18.38478,20.61553,19.69772,21.63331,20.80865,20.51828,20.51828,22.62742,21.93171,22.62742,21.93171,25.45584,24.75884,24.75884,24.75884,24.83948,26.24881,25.0,25.0,25.23886,24.59675,27.29469,23.76973,22.36068,21.54066,21.18962,19.92486,18.43909,18.43909,18.43909,18.11077,17.0,16.27882,15.13275,14.31782,21.40093,19.84943,20.61553,21.40093,20.0,18.02776,19.23538,16.55295,17.0,17.0,16.64332,12.80625,14.21267,12.80625,14.86607,12.04159,12.80625,13.60147,13.0384,12.64911,13.60147,15.81139,16.49242,18.43909,19.41649,22.2036,22.56103,24.5153,22.13594,24.33105,24.08319,27.16616,25.17936,26.1725,28.44293,28.07134,27.16616,30.0,30.06659,30.06659,31.0,32.06244,34.05877,33.13608,34.1321,32.24903,35.35534,36.67424,40.31129,40.60788,41.59327,44.72136,44.40721,43.28972,49.25444,48.37355,50.01
14.0,14.0,13.0,13.0,12.0,11.0,11.04536,10.0,10.0,9.05539,9.05539,9.21954,9.21954,8.24621,8.24621,8.544,8.06226,7.61577,7.2111,7.2111,7.2111,7.81025,7.81025,8.48528,8.48528,7.81025,9.21954,9.21954,9.21954,9.21954,9.21954,9.89949,9.89949,9.89949,9.89949,9.21954,9.21954,8.60233,8.06226,8.06226,8.06226,8.544,7.61577,7.61577,7.28011,6.32456,6.08276,6.08276,6.0,5.0,5.09902,4.12311,89.80535,86.70063,82.49242,75.42546,82.37718,74.67262,70.45566,70.40597,66.61081,62.80127,61.03278,57.07889,60.13319,56.0803,52.00961,51.0098,48.50773,45.54119,45.27693,42.57934,44.14748,43.01163,38.07887,38.91015,39.96248,43.909,40.81666,40.36087,43.01163,43.93177,46.40043,51.08816,46.01087,48.83646,49.57822,52.20153,51.73973,54.81788,53.53504,53.85165,49.64877,51.47815,50.92151,51.89412,48.10405,49.98,44.38468,45.88028,40.60788,40.11234,39.20459,39.0,36.05551,33.24154,30.41381,29.12044,27.73085,40.80441,38.20995,42.44997,40.45986,38.20995,35.51056,33.61547,33.12099,32.24903,30.01666,31.30495,27.29469,28.6007,27.01851,21.63331,23.34524,23.70654,26.24881,23.76973,25.55386,30.36445,34.78505,33.24154,36.34556,40.26164,41.30375,42.72002,49.47727,46.09772,47.38143,46.09772,48.50773,51.78803,47.38143,51.47815,55.44367,53.15073,55.3263,60.20797,59.0,59.03389,60.03332,61.20457,68.46897,62.514,64.13267,67.47592,75.80237,75.95393,85.70881,79.07591,87.9659,89.05055,87.57283,95.25755,92.34717,95.18929
15.52417,14.31782,14.56022,13.60147,13.34166,11.40175,12.64911,11.40175,10.77033,10.77033,10.44031,9.84886,9.84886,8.94427,8.06226,10.0,8.60233,8.60233,7.81025,8.48528,7.81025,8.60233,8.60233,8.60233,8.60233,8.60233,9.43398,9.43398,9.43398,10.29563,10.0,10.81665,10.81665,10.0,10.0,10.63015,9.89949,10.0,9.21954,9.21954,9.21954,8.60233,8.60233,8.06226,8.06226,8.06226,7.61577,7.28011,7.28011,6.08276,6.0,5.0,93.40771,85.86617,86.33076,81.90849,74.04053,74.52516,72.78049,71.16881,70.34202,67.05222,59.23681,56.921,58.60034,53.75872,54.70832,52.92447,51.89412,49.64877,48.54894,43.01163,44.82187,44.04543,41.7732,44.68781,36.87818,38.83298,42.2019,44.94441,48.60041,47.01064,45.17743,48.76474,46.06517,51.47815,52.7731,55.00909,55.00909,56.82429,57.14018,56.60389,53.60037,51.22499,52.34501,51.62364,48.83646,48.83646,47.80167,45.60702,41.6173,42.43819,37.21559,37.73592,36.67424,33.52611,33.73426,32.14032,27.0,39.31921,38.8973,40.8534,39.92493,33.28663,34.98571,34.66987,33.28663,31.62278,28.3196,27.65863,25.23886,27.78489,25.07987,22.82542,24.04163,26.01922,26.68333,24.5153,26.01922,29.61419,30.26549,35.22783,38.63936,39.45884,38.8973,40.60788,45.12206,45.12206,50.01,48.50773,50.44799,51.41984,53.45091,54.81788,51.24451,53.48832,57.24509,56.0803,58.69412,55.54278,62.16912,64.40497,66.24198,67.6757,71.19691,74.88658,76.02631,74.63243,78.23043,83.24062,87.32125,90.04999,85.58621,93.52005,92.61209,91.5478
15.52417,14.56022,14.31782,13.60147,13.60147,11.7047,11.40175,11.18034,11.40175,10.19804,10.19804,10.04988,9.05539,9.0,9.0,9.0,8.06226,8.06226,8.06226,8.24621,8.24621,8.544,7.28011,8.544,8.94427,8.94427,8.94427,9.43398,9.43398,10.29563,9.84886,9.84886,9.84886,9.84886,9.84886,10.44031,10.44031,9.21954,9.05539,9.05539,9.05539,8.0,9.0,8.0,8.0,7.07107,7.07107,7.07107,6.32456,6.32456,5.83095,5.83095,43.73786,45.70558,41.4367,40.4475,40.60788,34.71311,35.51056,34.36568,35.35534,29.27456,30.14963,29.15476,28.07134,29.15476,29.15476,25.01999,26.01922,23.19483,23.08679,22.56103,23.08679,22.56103,19.69772,21.0238,20.61553,21.47091,20.59126,21.63331,23.32381,23.60085,23.43075,21.40093,22.80351,26.24881,26.24881,25.80698,26.40076,26.62705,28.01785,26.07681,26.41969,24.59675,26.92582,26.83282,23.76973,25.29822,23.4094,21.84033,20.39608,22.2036,21.0238,21.0238,19.10497,18.02776,17.26268,16.15549,13.0,22.02272,20.51828,21.2132,19.84943,20.0,18.35756,16.64332,15.26434,14.76482,15.26434,13.92839,13.89244,12.20656,12.20656,10.63015,12.04159,12.20656,13.0384,13.0,13.0,14.86607,15.52417,17.72005,19.41649,21.58703,20.39608,20.88061,22.36068,23.76973,25.31798,25.70992,24.5153,27.45906,24.08319,28.44293,28.28427,28.16026,29.15476,29.06888,30.06659,30.01666,33.24154,33.01515,35.12834,33.01515,34.23449,36.22154,37.33631,39.45884,41.30375,42.10701,43.28972,44.01136,45.27693,50.08992,49.0408,47.01064
15.29706,14.31782,13.34166,14.14214,12.16553,12.16553,11.40175,11.40175,10.44031,9.48683,10.44031,9.48683,9.48683,8.544,8.544,8.94427,8.06226,8.06226,7.2111,7.81025,7.81025,7.07107,7.07107,7.81025,7.81025,7.81025,8.60233,9.21954,9.21954,10.0,9.21954,9.89949,9.89949,9.89949,9.89949,9.21954,10.0,9.43398,8.94427,9.43398,8.544,8.94427,8.544,7.28011,7.28011,7.07107,7.07107,7.07107,7.0,6.08276,6.08276,5.38516,87.66413,86.88498,88.88757,76.29548,78.1025,75.95393,72.03471,69.63476,65.73431,65.30697,61.84658,57.72348,53.16014,57.28001,51.92302,52.92447,53.23533,43.86342,40.70626,45.65085,44.20407,45.0,41.03657,43.86342,36.87818,43.41659,45.34314,44.94441,45.0,46.61545,43.01163,46.87217,46.61545,48.02083,49.64877,48.60041,56.22277,53.53504,51.22499,50.9902,52.40229,48.08326,47.63402,54.81788,45.0,43.82921,44.94441,43.41659,40.71855,39.35734,38.27532,36.40055,34.9285,34.52535,33.01515,28.0,27.89265,44.18144,41.97618,42.05948,35.4683,38.48376,37.57659,33.12099,31.76476,35.35534,28.63564,31.38471,26.83282,29.54657,26.92582,23.4094,26.68333,27.16616,22.2036,25.0,30.41381,28.16026,33.73426,33.24154,36.87818,38.63936,43.01163,43.93177,49.0408,46.69047,49.98,46.32494,53.85165,52.88667,54.40588,55.36244,52.20153,51.5461,56.85948,56.64804,57.77543,61.7171,63.13478,64.88451,65.8635,68.42514,73.24616,74.79305,74.62573,76.55064,85.95929,85.08819,85.47514,88.14193,89.05055,96.60745,94.81034,99.00505
14.14214,13.15295,13.0384,12.16553,12.16553,11.04536,11.04536,10.0,10.0,9.0,9.05539,9.05539,8.06226,8.24621,8.06226,8.24621,7.61577,7.61577,7.61577,8.06226,7.2111,7.2111,7.81025,7.81025,8.48528,8.48528,8.48528,8.48528,9.89949,9.89949,9.89949,10.63015,9.89949,9.21954,9.21954,9.43398,9.43398,8.94427,8.94427,8.94427,7.61577,7.61577,7.61577,7.61577,7.28011,6.32456,6.08276,6.0,6.0,5.0,5.09902,4.12311,42.54409,43.41659,40.71855,38.91015,39.81206,35.34119,34.88553,34.43835,30.8707,30.41381,28.79236,27.51363,28.4605,26.57066,25.63201,23.76973,25.4951,22.09072,21.2132,21.2132,24.02082,19.0,19.64688,18.24829,20.39608,19.41649,18.97367,21.54066,22.47221,20.12461,22.13594,22.84732,25.07987,25.07987,24.18677,26.0,28.63564,25.4951,28.4605,25.96151,25.96151,25.31798,24.18677,24.18677,24.08319,23.02173,23.0,21.0,19.0263,19.0263,18.43909,18.43909,17.08801,17.08801,15.26434,14.42221,12.80625,21.09502,20.12461,21.0238,18.68154,18.97367,18.68154,16.76305,17.26268,18.24829,16.27882,15.0333,13.34166,16.15549,12.64911,13.92839,13.41641,12.20656,13.89244,13.45362,13.45362,16.27882,15.6205,18.60108,19.41649,20.0,20.80865,21.40093,23.02173,23.60085,24.69818,23.32381,26.92582,27.29469,27.29469,28.17801,26.83282,28.63564,29.06888,28.23119,30.8707,29.15476,31.95309,32.57299,36.40055,33.24154,34.36568,34.71311,36.87818,37.65634,42.44997,41.23106,45.12206,43.9659,43.01163,49.33559,47.80167,46.48656
14.56022,14.56022,13.60147,13.60147,12.36932,12.36932,11.40175,10.44031,10.44031,9.48683,9.48683,8.94427,8.544,8.94427,8.544,8.60233,8.06226,7.2111,7.2111,7.07107,7.07107,7.07107,7.81025,7.81025,7.81025,7.81025,8.06226,8.60233,8.60233,9.43398,8.60233,8.60233,8.60233,9.21954,9.21954,8.48528,9.21954,9.21954,8.60233,8.60233,8.06226,7.2111,8.06226,6.7082,7.61577,6.7082,6.32456,6.08276,6.08276,6.0,5.09902,5.09902,92.17917,91.38928,85.47514,83.25863,82.29824,71.69379,73.40981,71.11259,67.1193,66.64833,60.90156,56.82429,57.45433,57.14018,49.24429,54.20332,52.00961,48.41487,42.80187,45.27693,43.27817,39.62323,41.34005,42.72002,41.14608,40.81666,42.05948,44.77723,42.95346,45.54119,41.10961,45.54119,42.72002,51.26402,49.72927,51.5461,54.23099,50.15974,50.08992,50.08992,51.88449,47.70744,44.94441,47.70744,44.55334,44.82187,42.42641,44.55334,41.01219,39.69887,37.01351,35.22783,35.35534,29.96665,32.28002,30.67572,26.0,41.4367,41.59327,41.04875,40.1995,38.0526,37.48333,36.49658,34.36568,32.55764,33.24154,33.73426,32.38827,29.01724,31.0,29.01724,30.06659,32.01562,27.29469,31.57531,32.57299,34.53983,40.80441,39.39543,43.38202,45.61798,46.52956,47.85394,47.92703,49.64877,55.07268,52.35456,55.9017,58.59181,56.82429,59.94164,55.75841,55.9464,61.05735,59.64059,63.60031,61.61169,67.80118,70.29225,72.91776,69.35416,71.06335,75.82216,76.38063,77.7946,90.55385,88.39118,89.80535,93.40771,93.23626,100.26465,92.45539,98.0051
14.31782,13.0,12.64911,13.0,12.08305,10.77033,10.77033,9.48683,9.48683,9.48683,8.544,9.21954,8.06226,8.06226,7.07107,8.0,7.0,7.0,7.07107,7.07107,6.08276,7.28011,6.32456,7.61577,7.61577,7.61577,8.06226,8.544,8.544,8.94427,8.544,8.544,8.544,8.544,8.544,8.24621,8.24621,8.06226,8.06226,8.06226,7.0,7.0,7.0,6.08276,6.08276,6.08276,6.32456,5.38516,4.47214,5.0,4.24264,4.24264,44.94441,43.56604,42.48529,36.89173,40.49691,36.05551,34.98571,34.98571,31.38471,31.90611,29.52965,27.29469,28.17801,24.59675,24.16609,22.47221,25.63201,22.13594,19.64688,21.2132,21.2132,21.37756,19.0,20.02498,21.0238,18.24829,19.23538,19.92486,20.39608,21.84033,19.64688,20.88061,20.61553,23.4094,22.13594,24.73863,25.0,25.0,24.5153,24.5153,24.02082,25.01999,23.0,24.02082,22.09072,22.2036,21.2132,19.41649,19.41649,17.72005,18.02776,16.55295,15.65248,13.89244,15.0,13.45362,12.52996,21.2132,20.80865,19.41649,20.59126,19.23538,18.78829,18.78829,19.31321,18.02776,17.08801,16.15549,16.15549,16.55295,15.65248,13.89244,15.26434,14.21267,15.81139,14.86607,16.27882,17.69181,18.02776,19.20937,19.41649,20.0,21.63331,23.02173,24.41311,24.69818,26.07681,24.69818,27.45906,27.45906,26.41969,27.78489,29.52965,29.52965,29.06888,30.8707,30.67572,31.01612,31.62278,32.89377,34.78505,32.98485,34.78505,36.68787,37.36308,39.05125,40.80441,40.5216,43.41659,44.59821,44.59821,46.8188,47.75982,45.18849
15.26434,14.76482,13.0384,13.89244,13.0384,12.52996,12.20656,10.81665,10.81665,10.0,10.0,9.21954,9.21954,8.48528,8.48528,7.81025,7.81025,7.81025,7.2111,7.2111,8.06226,7.61577,6.7082,7.28011,8.544,8.544,8.24621,8.24621,9.21954,9.21954,9.48683,9.48683,9.48683,9.48683,9.48683,8.94427,8.94427,9.43398,8.60233,8.60233,7.81025,7.81025,7.81025,7.81025,7.07107,7.07107,6.40312,6.40312,5.83095,5.83095,5.38516,5.38516,91.92388,87.66413,87.32125,78.72103,78.29432,74.68601,70.23532,74.68601,63.06346,62.24147,61.26989,55.4617,51.10773,50.24938,49.09175,48.9183,47.50789,43.27817,43.13931,38.20995,43.60046,38.18377,39.40812,37.64306,35.22783,38.58756,37.57659,37.94733,40.16217,42.2019,38.07887,46.84015,43.41659,47.51842,44.64303,46.84015,48.08326,47.12749,49.24429,46.09772,46.61545,46.61545,44.77723,46.51881,40.49691,45.0,43.60046,44.04543,41.10961,37.48333,36.23534,38.41875,31.38471,33.12099,34.53983,28.63564,27.65863,40.49691,41.7732,42.10701,43.01163,40.0,38.20995,37.05401,34.71311,34.23449,33.37664,34.1321,33.0,34.1321,32.01562,29.01724,29.06888,31.32092,31.40064,31.04835,31.95309,31.62278,39.21734,35.4683,42.54409,41.67733,48.30114,42.48529,47.42362,47.42362,54.626,48.30114,56.79789,56.35601,55.00909,56.82429,57.68882,58.30952,58.25805,58.00862,59.5483,60.30755,63.12686,63.25346,68.76772,69.31089,70.83784,73.0,73.59348,77.7946,80.62258,85.58621,86.26703,88.52683,89.27486,94.92102,97.74457,92.80086
14.14214,13.15295,13.0384,13.0384,12.16553,11.18034,11.04536,10.04988,10.04988,9.0,9.0,8.0,8.0,7.07107,7.07107,7.28011,7.28011,6.32456,6.7082,6.7082,5.83095,5.83095,6.40312,6.40312,6.40312,6.40312,7.07107,7.81025,7.81025,7.81025,8.48528,8.48528,8.48528,8.48528,8.48528,7.81025,8.60233,7.2111,7.2111,6.7082,7.61577,6.7082,6.7082,6.32456,6.32456,6.08276,6.08276,6.0,5.0,5.09902,4.12311,4.47214,46.01087,42.0119,42.0119,39.0,40.0,38.0,35.0,34.0147,32.0,31.0,32.06244,28.07134,28.16026,26.01922,25.01999,22.56103,25.4951,22.36068,20.61553,20.24846,20.61553,18.38478,18.86796,18.60108,16.64332,17.80449,18.38478,19.10497,19.20937,19.20937,18.60108,20.24846,20.0,20.80865,21.63331,22.80351,24.20744,22.80351,21.93171,22.62742,21.2132,23.43075,23.60085,24.20744,20.24846,21.09502,21.09502,20.12461,19.23538,18.38478,17.08801,17.08801,15.29706,15.13275,15.0333,13.0,12.04159,22.47221,22.36068,20.12461,21.63331,22.02272,20.0,20.61553,18.60108,17.69181,18.38478,16.27882,16.40122,16.40122,16.40122,15.26434,15.26434,15.81139,15.23155,15.52417,16.76305,17.72005,21.37756,20.61553,23.19483,22.36068,25.07987,23.19483,25.17936,24.33105,28.16026,24.08319,28.01785,29.06888,27.01851,29.01724,29.06888,28.0,28.01785,30.06659,31.40064,31.257,32.55764,34.52535,34.71311,34.71311,38.60052,37.36308,38.60052,38.32754,42.44997,41.76123,42.72002,47.07441,45.35416,50.21952,49.0306,49.81967
15.52417,15.52417,13.60147,14.31782,13.34166,12.16553,12.36932,11.40175,10.44031,10.77033,10.44031,9.84886,9.84886,8.94427,8.06226,8.94427,8.60233,7.81025,7.81025,7.81025,7.07107,7.81025,7.81025,7.2111,8.06226,8.06226,8.94427,8.94427,9.43398,8.94427,9.43398,9.43398,9.43398,9.43398,10.0,10.0,9.21954,9.21954,8.48528,8.48528,7.81025,7.81025,8.60233,7.81025,7.2111,7.2111,6.7082,6.7082,6.32456,6.32456,6.08276,5.0,91.0,87.00575,92.0489,82.0,82.0975,74.00676,71.0,75.05998,66.00758,63.00794,60.03332,58.07753,59.07622,51.24451,51.35173,49.81967,50.01,45.89118,46.57252,41.76123,44.38468,38.8973,37.21559,36.61967,37.80212,38.01316,36.76955,36.87818,37.53665,42.80187,40.60788,48.16638,41.03657,48.60041,46.61545,45.60702,44.55334,49.51767,48.10405,50.24938,50.20956,48.60041,48.41487,47.01064,45.48626,45.48626,41.62932,41.18252,39.56008,37.16181,34.78505,34.78505,32.98485,29.06888,32.0,28.0,26.1725,41.10961,37.12142,38.07887,40.49691,37.64306,35.80503,34.4093,33.24154,36.23534,29.83287,31.241,28.84441,30.52868,29.41088,28.17801,30.8707,30.67572,27.20294,31.57531,31.32092,33.54102,41.4367,36.22154,44.01136,44.01136,43.01163,44.18144,49.25444,45.17743,51.08816,48.04165,55.08176,53.08484,55.22681,56.00893,55.0,53.33854,60.20797,57.55867,60.53098,60.01666,64.32729,64.32729,68.24954,70.83078,70.5762,71.7844,73.38937,79.55501,82.86133,84.48077,90.13878,92.41753,89.26926,95.56673,97.26767,92.22798
16.27882,15.29706,14.31782,15.29706,14.31782,13.34166,12.16553,12.16553,12.16553,11.04536,11.04536,10.04988,10.04988,9.0,9.0,9.05539,8.06226,8.06226,7.28011,7.28011,7.28011,7.61577,7.61577,7.61577,7.61577,8.06226,8.60233,8.60233,8.60233,8.60233,9.43398,9.43398,9.43398,9.43398,9.43398,8.94427,8.544,8.544,8.24621,8.544,8.24621,8.24621,8.06226,8.06226,7.07107,7.0,7.07107,7.07107,6.08276,6.08276,5.38516,5.38516,44.28318,44.40721,46.09772,39.45884,38.32754,37.85499,37.33631,38.83298,32.55764,33.54102,29.15476,30.14963,29.01724,27.07397,28.16026,26.01922,24.0,23.02173,23.02173,21.09502,22.80351,19.23538,18.97367,19.31321,17.46425,18.78829,18.35756,18.86796,19.41649,21.40093,20.0,21.40093,20.61553,23.34524,21.26029,24.20744,23.43075,23.34524,24.41311,23.02173,22.47221,23.70654,23.25941,22.36068,21.54066,22.13594,20.61553,18.68154,19.64688,18.11077,17.26268,18.11077,16.03122,16.03122,17.11724,14.56022,14.31782,20.59126,19.41649,16.64332,18.60108,17.02939,19.10497,15.55635,15.55635,16.27882,15.0,14.14214,15.0,15.26434,13.60147,11.6619,13.0384,13.60147,13.92839,14.56022,16.27882,16.76305,20.39608,20.22375,23.34524,23.34524,23.08679,24.5153,24.33105,25.31798,28.16026,23.34524,30.14963,28.16026,28.01785,29.06888,27.07397,28.01785,30.06659,29.01724,33.0,32.01562,33.24154,33.13608,35.22783,37.33631,35.69314,36.67424,38.83298,40.60788,41.59327,43.28972,44.40721,46.38965,43.18565,49.09175,48.37355,47.16991
15.29706,14.56022,14.56022,14.31782,13.34166,12.16553,11.40175,11.40175,10.44031,10.44031,10.44031,9.48683,9.48683,8.94427,8.94427,8.94427,8.06226,8.06226,7.2111,7.81025,7.81025,7.81025,7.07107,7.81025,7.81025,7.81025,8.60233,8.60233,8.60233,8.60233,8.60233,8.60233,9.21954,9.21954,9.21954,9.21954,9.21954,9.21954,8.60233,8.60233,8.60233,8.60233,8.06226,7.2111,6.7082,6.7082,6.32456,6.32456,6.08276,6.0,5.0,5.0,92.57429,90.09439,87.13208,83.72574,84.71718,78.16009,75.80237,79.6304,65.9242,67.36468,64.93843,57.07013,59.03389,51.62364,52.17279,51.66237,50.0,44.92215,47.07441,43.46263,45.61798,38.58756,40.31129,39.20459,37.53665,39.40812,38.8973,41.03657,37.48333,43.60046,41.6173,46.61545,44.20407,44.10215,46.04346,48.25971,49.92995,48.41487,49.51767,45.25483,45.96738,48.27007,47.80167,47.01064,44.40721,42.63801,40.80441,40.70626,38.48376,38.07887,33.24154,35.73514,31.7805,30.14963,31.06445,29.06888,26.30589,39.31921,36.49658,33.95585,37.64306,34.0147,34.43835,29.54657,28.6531,28.4605,29.15476,28.63564,30.08322,26.68333,26.4764,25.4951,27.01851,29.06888,27.16616,30.41381,30.08322,31.257,38.60052,37.65634,42.72002,46.52956,47.80167,47.85394,52.17279,51.1957,55.65968,52.17279,60.41523,56.51548,56.29387,58.85576,57.56735,61.68468,60.72891,64.56005,67.23095,63.56099,68.15424,67.54258,71.11962,71.55418,75.6439,76.96753,77.36924,85.95929,83.67198,84.53402,90.37699,97.9898,90.87354,102.15674,100.46392,98.0816
15.13275,15.13275,14.03567,15.13275,13.15295,13.15295,12.04159,11.04536,11.04536,10.04988,10.0,9.05539,9.0,9.05539,9.05539,8.24621,8.24621,7.28011,7.61577,7.28011,6.7082,6.7082,5.83095,7.2111,7.2111,7.07107,7.81025,7.81025,8.48528,8.48528,9.21954,8.60233,9.21954,8.60233,8.60233,8.60233,9.43398,8.06226,8.06226,8.544,7.61577,8.544,7.28011,7.28011,7.28011,7.07107,7.07107,6.0,6.0,6.08276,5.09902,5.38516,47.01064,43.04649,43.82921,44.41846,40.81666,38.27532,38.58756,38.83298,33.28663,32.44996,31.06445,28.17801,29.52965,27.73085,27.313,25.63201,26.57066,22.47221,22.13594,22.56103,24.73863,20.22375,19.23538,20.09975,21.0,19.0263,19.10497,19.41649,20.22375,21.18962,17.72005,21.18962,21.58703,23.08679,20.88061,24.5153,22.80351,23.76973,24.33105,21.2132,24.18677,25.17936,26.01922,24.02082,23.0,22.2036,22.09072,20.22375,19.41649,18.43909,18.43909,18.02776,17.46425,17.0,15.0,15.81139,13.45362,18.43909,18.02776,17.49286,17.88854,15.81139,14.86607,14.31782,13.0,13.0,11.7047,12.08305,10.77033,11.18034,10.29563,11.40175,10.81665,12.52996,12.20656,14.31782,15.26434,17.0,18.38478,17.46425,20.88061,23.76973,23.4094,24.16609,27.313,25.4951,29.06888,25.07987,29.54657,28.63564,28.63564,31.30495,29.06888,28.23119,31.32092,29.73214,31.62278,32.57299,33.83785,34.78505,33.95585,34.48188,37.85499,38.07887,40.60788,41.0,44.14748,41.97618,45.35416,48.08326,44.92215,50.0,49.72927,47.75982
16.12452,15.0333,15.0333,14.14214,13.0384,12.16553,12.04159,11.0,11.0,10.0,10.04988,10.04988,10.04988,9.05539,8.06226,9.21954,8.24621,8.24621,7.61577,7.61577,7.61577,8.06226,8.06226,8.06226,8.60233,8.60233,9.21954,9.21954,9.21954,9.89949,9.21954,10.0,10.0,10.0,10.0,9.43398,9.84886,8.94427,8.94427,8.544,8.544,8.544,8.544,7.28011,7.07107,7.07107,7.0,6.0,6.0,6.08276,5.09902,5.38516,47.80167,45.88028,47.07441,41.97618,41.48494,40.80441,37.33631,38.60052,36.40055,31.95309,31.7805,27.65863,28.63564,28.28427,28.63564,26.1725,25.17936,22.02272,21.0238,22.02272,24.33105,21.2132,21.37756,19.41649,17.72005,20.24846,21.0238,20.61553,21.47091,22.47221,21.47091,22.80351,21.9545,23.85372,24.08319,26.07681,25.80698,26.62705,27.29469,25.4951,26.0,25.63201,24.69818,24.04163,23.76973,23.34524,23.34524,21.37756,19.23538,20.09975,19.0263,17.0,18.0,15.81139,16.76305,14.56022,14.76482,18.43909,17.02939,17.20465,17.46425,15.65248,15.52417,13.0,12.08305,13.60147,12.16553,12.52996,11.18034,9.43398,8.544,7.81025,8.60233,11.18034,11.7047,12.16553,12.64911,15.29706,16.12452,18.43909,20.22375,21.58703,21.2132,21.84033,25.0,24.73863,26.68333,23.5372,27.89265,27.65863,27.45906,29.12044,28.63564,28.86174,29.42788,29.83287,33.24154,32.14032,34.0147,35.0571,35.01428,34.0147,36.12478,36.0,39.11521,40.04997,43.0,43.01163,44.0,45.01111,47.09565,51.24451,50.15974,48.50773
15.81139,15.81139,15.26434,14.42221,13.60147,12.20656,11.6619,11.6619,11.6619,10.29563,10.29563,10.29563,9.84886,9.84886,8.544,8.544,8.24621,8.24621,8.06226,8.06226,7.07107,8.0,7.0,8.06226,8.06226,8.06226,8.24621,9.21954,9.21954,9.21954,9.21954,9.21954,10.04988,9.05539,10.04988,10.0,9.0,9.0,9.05539,9.05539,8.06226,8.24621,8.24621,7.28011,7.28011,7.28011,6.7082,6.7082,6.40312,6.40312,5.65685,5.65685,46.61545,43.26662,46.87217,42.80187,43.26662,40.0,37.20215,35.80503,32.01562,32.44996,30.80584,28.30194,30.52868,26.92582,26.41969,25.94224,26.83282,24.69818,23.76973,21.18962,23.34524,20.22375,19.23538,21.09502,19.0263,20.02498,19.0,20.39608,23.5372,22.80351,21.84033,21.84033,21.37756,23.5372,23.76973,27.45906,26.4764,25.4951,25.17936,26.07681,25.17936,26.01922,26.01922,26.01922,24.02082,24.08319,23.34524,22.2036,21.09502,18.97367,18.38478,17.72005,18.35756,17.20465,16.12452,15.0,12.72792,19.69772,17.72005,17.26268,19.10497,16.03122,15.0,14.03567,14.14214,13.0384,11.0,11.18034,11.0,10.44031,9.48683,9.43398,10.63015,11.40175,12.80625,10.0,13.0384,14.76482,15.81139,17.20465,19.69772,20.59126,21.93171,22.82542,25.55386,24.69818,26.92582,25.94224,29.68164,26.92582,26.41969,28.84441,30.01666,29.68164,31.30495,29.96665,32.69557,34.0147,32.69557,36.24914,36.40055,37.33631,34.53983,39.21734,39.92493,41.76123,41.10961,45.54119,46.17359,51.47815,43.46263,49.0408,50.56679,50.56679
15.65248,14.31782,14.76482,14.31782,13.41641,12.08305,12.52996,11.18034,11.18034,10.29563,10.29563,9.43398,9.43398,8.60233,8.60233,8.48528,8.48528,8.48528,7.2111,7.81025,7.2111,7.2111,7.2111,7.61577,7.61577,7.61577,8.544,8.24621,8.544,9.48683,8.544,9.48683,9.48683,9.84886,8.94427,8.94427,9.43398,8.60233,8.60233,7.81025,7.81025,8.60233,7.81025,7.07107,7.07107,7.07107,7.2111,5.83095,6.7082,5.38516,5.09902,5.09902,91.58603,91.23596,90.21086,85.42248,85.47514,80.11242,76.53757,74.68601,63.52952,65.79514,63.50591,58.66856,59.94164,52.69725,54.12024,54.67175,53.15073,47.42362,43.27817,43.18565,44.59821,40.36087,33.6006,37.01351,35.4683,41.67733,38.47077,38.8973,37.85499,39.84972,41.48494,44.91102,42.72002,48.05206,46.32494,46.32494,47.29693,50.0,49.0408,49.76947,47.16991,47.01064,45.61798,48.33218,43.909,45.48626,45.22168,43.27817,38.41875,38.8973,38.20995,34.71311,33.01515,31.90611,30.41381,28.30194,24.73863,40.1995,38.0,39.05125,38.32754,34.9285,34.9285,28.79236,32.57299,29.52965,26.40076,25.63201,21.37756,23.5372,22.09072,16.27882,25.01999,22.80351,21.18962,21.0238,26.92582,25.80698,38.60052,31.62278,34.66987,44.82187,40.0,44.94441,48.54894,47.20169,52.43091,48.02083,59.90826,55.22681,54.40588,61.29437,56.85948,60.80296,60.20797,59.03389,63.12686,65.11528,64.3506,72.86288,70.72482,72.83543,75.0733,78.49204,82.03658,82.03658,83.54639,83.48653,91.21952,99.24717,92.84934,100.41912,102.64989,98.85848
15.0,14.42221,14.42221,13.60147,12.20656,10.63015,10.81665,10.0,10.0,9.43398,9.43398,8.94427,8.06226,8.06226,7.61577,7.61577,7.28011,6.32456,6.32456,6.08276,6.08276,6.0,6.0,7.0,7.0,7.07107,7.28011,8.06226,8.06226,8.24621,8.06226,8.06226,8.06226,8.06226,8.06226,8.0,8.06226,8.06226,7.07107,7.07107,7.28011,7.28011,7.28011,6.32456,5.38516,5.38516,5.83095,5.0,5.0,4.24264,3.60555,3.60555,47.01064,47.50789,40.80441,41.86884,41.72529,38.8973,37.48333,33.97058,35.38361,31.89044,29.69848,29.73214,30.4795,25.4951,24.04163,25.0,25.0,24.18677,21.09502,21.0238,21.0238,20.12461,19.64688,19.92486,18.43909,18.24829,19.64688,18.02776,19.0263,19.0263,20.02498,20.09975,22.0,22.02272,22.2036,22.2036,25.01999,22.0,22.09072,23.19483,23.19483,22.56103,22.13594,23.76973,21.84033,22.36068,18.38478,19.31321,17.0,17.20465,18.02776,17.20465,14.86607,14.14214,14.21267,13.60147,12.08305,20.12461,19.31321,20.24846,17.46425,18.43909,17.02939,16.12452,16.0,16.03122,14.03567,13.0384,11.04536,12.36932,10.77033,11.40175,11.7047,11.6619,11.40175,11.31371,12.20656,16.40122,15.81139,16.64332,18.60108,20.0,20.24846,22.80351,22.80351,25.80698,25.0,24.41311,28.01785,27.20294,28.30194,27.80288,28.6007,28.84441,29.68164,31.76476,32.64966,30.88689,33.54102,31.7805,35.8469,31.7805,37.16181,39.39543,38.62642,39.56008,44.77723,42.54409,46.51881,47.85394,45.65085,49.1935,51.47815,51.97115
16.76305,15.52417,15.52417,14.56022,14.56022,13.60147,12.36932,11.18034,11.40175,10.19804,10.19804,10.19804,10.04988,9.05539,8.06226,9.0,8.06226,7.07107,7.07107,7.28011,7.28011,7.28011,7.28011,7.61577,7.61577,8.06226,8.60233,8.06226,9.43398,8.60233,8.60233,9.43398,9.43398,9.43398,8.94427,8.94427,9.48683,9.21954,9.21954,8.24621,9.05539,8.06226,8.06226,8.0,8.0,7.0,7.07107,7.07107,6.08276,6.32456,6.32456,5.83095,47.43416,46.23851,45.54119,42.37924,42.72002,39.0,39.56008,38.27532,35.1141,33.24154,31.62278,31.62278,29.12044,28.86174,26.57066,25.70992,25.31798,23.19483,22.2036,20.02498,23.02173,21.0238,19.0263,19.23538,18.43909,19.92486,18.38478,19.31321,19.69772,20.59126,21.9545,20.59126,21.09502,23.32381,21.09502,24.59675,25.55386,25.55386,22.84732,26.0,23.4094,24.35159,24.35159,23.76973,23.5372,23.19483,21.09502,21.09502,18.0,19.0,19.0263,17.26268,17.11724,15.29706,17.08801,14.31782,12.80625,20.0,18.43909,18.38478,18.02776,17.88854,14.76482,15.65248,14.31782,16.55295,11.6619,10.81665,10.81665,11.31371,10.63015,9.43398,10.29563,11.18034,10.44031,13.41641,15.52417,16.49242,20.39608,18.43909,23.34524,23.34524,23.34524,24.04163,26.4764,27.20294,29.42788,27.89265,30.36445,28.16026,30.59412,32.01562,30.80584,30.80584,31.7805,30.59412,33.37664,33.37664,36.22154,33.13608,37.33631,36.12478,39.01282,40.0,40.0,43.01163,41.04875,46.04346,45.04442,48.16638,46.17359,51.35173,50.15974,50.63596
15.29706,14.31782,13.34166,13.34166,12.36932,11.40175,11.18034,10.19804,10.19804,9.05539,10.04988,9.05539,8.0,8.0,8.0,8.06226,7.07107,7.07107,6.08276,6.32456,6.32456,6.7082,6.7082,5.83095,7.2111,7.2111,7.81025,7.81025,7.81025,7.81025,8.60233,8.60233,8.60233,8.60233,8.60233,8.06226,7.61577,7.61577,7.61577,7.28011,7.28011,7.28011,7.07107,7.07107,6.08276,6.08276,6.0,5.09902,5.09902,5.38516,5.38516,4.47214,46.84015,41.48494,43.73786,40.26164,40.02499,41.23106,35.17101,37.36308,32.28002,32.01562,30.59412,28.63564,29.61419,23.34524,26.1725,24.02082,23.19483,20.0,21.0238,21.0238,23.08679,20.22375,19.23538,19.41649,18.02776,18.97367,17.88854,20.59126,19.23538,21.40093,20.24846,21.40093,19.41649,23.43075,21.93171,22.80351,24.20744,24.41311,24.59675,24.18677,22.36068,24.59675,21.93171,21.93171,22.13594,20.61553,21.58703,20.39608,20.09975,19.10497,19.0263,19.0,16.03122,14.31782,15.52417,13.0,12.52996,18.43909,18.43909,17.02939,17.20465,16.64332,17.20465,15.26434,15.65248,14.76482,14.21267,13.89244,11.31371,12.72792,11.31371,13.45362,10.81665,14.76482,13.41641,15.65248,16.55295,15.81139,19.92486,21.58703,21.37756,22.80351,25.31798,26.24881,26.68333,25.29822,29.41088,26.24881,29.73214,28.86174,27.89265,30.08322,29.83287,30.80584,30.59412,29.42788,31.257,33.13608,32.24903,36.12478,33.06055,35.0571,39.01282,39.0,38.0526,40.0,40.0,40.0125,43.04649,47.01064,44.04543,49.16299,49.09175,46.38965
14.86607,13.92839,13.0,13.92839,11.7047,11.7047,11.18034,11.18034,9.84886,9.84886,9.84886,9.43398,9.43398,8.60233,8.60233,7.81025,7.81025,7.07107,7.07107,7.2111,7.2111,7.2111,7.2111,7.61577,7.61577,7.61577,8.544,8.544,8.544,9.48683,9.48683,8.94427,9.84886,8.94427,8.94427,9.43398,9.43398,9.21954,9.21954,8.48528,8.48528,8.48528,7.81025,7.81025,7.2111,7.2111,6.7082,6.7082,6.32456,6.32456,6.08276,5.0,90.52072,84.11896,87.09191,78.43469,73.68175,68.65858,72.73239,70.21396,63.56099,63.56886,57.58472,52.0,57.27128,51.42956,52.80152,50.60632,49.73932,43.04649,41.04875,42.63801,45.34314,39.82462,38.60052,41.7732,41.6173,38.01316,38.01316,44.72136,45.69464,43.08132,44.38468,44.77723,48.10405,49.39636,49.33559,55.15433,53.7122,52.7731,54.20332,51.88449,47.88528,51.40039,50.21952,49.81967,50.32892,50.24938,46.66905,43.84062,43.27817,39.20459,39.20459,38.83298,34.1321,35.4683,32.89377,27.65863,29.01724,33.13608,31.32092,31.62278,33.61547,28.6531,28.63564,25.94224,26.41969,26.07681,24.41311,20.88061,19.92486,21.2132,20.09975,18.11077,20.02498,23.34524,23.76973,27.89265,32.69557,33.61547,37.16181,34.43835,41.14608,44.28318,45.65085,48.10405,50.69517,50.69517,54.78138,51.86521,56.61272,62.93648,60.08328,61.03278,54.626,59.5063,60.83584,62.24147,64.41273,65.74192,69.31811,73.06162,70.45566,70.83078,75.47185,74.62573,76.844,78.23682,85.44589,84.0595,86.83893,91.92388,90.04999,100.23971,101.21265,93.91486
14.31782,13.0,11.7047,12.08305,11.7047,9.84886,10.44031,9.48683,9.48683,8.24621,8.24621,8.06226,8.06226,7.0,7.0,7.0,7.07107,6.08276,6.32456,6.32456,6.32456,6.7082,6.7082,7.2111,8.06226,7.81025,8.60233,8.60233,9.43398,8.60233,9.43398,9.43398,9.43398,8.94427,8.94427,8.94427,9.48683,8.24621,8.24621,8.24621,8.06226,8.06226,7.07107,7.0,7.0,6.0,6.08276,6.08276,5.09902,5.38516,4.47214,3.60555,45.61798,45.61798,43.46263,38.47077,39.35734,34.48188,34.43835,34.88553,32.20248,28.6531,27.313,26.0,26.24881,25.70992,22.13594,23.34524,23.34524,22.09072,19.10497,19.0,19.0,18.0,19.64688,18.68154,18.97367,18.38478,19.69772,20.59126,21.47091,21.9545,21.9545,22.2036,24.18677,25.05993,26.07681,23.70654,28.17801,25.55386,26.92582,25.63201,25.29822,25.70992,24.73863,25.70992,22.2036,23.34524,23.02173,23.02173,22.09072,20.0,19.0263,19.23538,17.26268,16.15549,15.23155,13.0384,13.60147,15.52417,14.31782,14.14214,14.0,13.15295,13.0,11.0,11.0,9.05539,8.0,8.24621,5.38516,5.0,6.40312,5.38516,6.40312,8.24621,10.44031,9.21954,13.0384,13.60147,15.29706,16.49242,19.41649,20.61553,21.84033,22.13594,22.80351,24.35159,26.57066,23.4094,26.0,27.85678,25.63201,29.73214,27.51363,29.41088,31.62278,30.36445,32.01562,32.01562,33.54102,32.75668,33.37664,34.36568,36.67424,36.49658,37.21559,40.60788,43.56604,44.55334,43.41659,44.38468,46.57252,50.0,49.72927,49.33559
15.6205,14.86607,14.14214,13.45362,12.80625,12.04159,11.31371,11.31371,9.89949,9.21954,9.89949,8.60233,8.60233,8.06226,8.06226,8.06226,7.61577,7.28011,6.32456,7.07107,7.07107,7.0,7.07107,7.0,8.06226,8.06226,9.05539,9.05539,9.05539,9.05539,9.05539,9.0,10.0,10.0,10.0,10.04988,10.04988,9.21954,8.24621,8.24621,8.544,8.544,7.61577,7.61577,7.2111,7.2111,6.40312,6.40312,7.07107,6.40312,5.83095,4.47214,48.27007,46.09772,46.01087,41.10961,40.60788,38.41875,37.53665,35.38361,32.80244,33.30165,31.82766,29.0,27.58623,26.87006,24.08319,25.80698,24.20744,23.02173,21.63331,20.61553,21.54066,21.54066,17.72005,21.58703,20.39608,20.39608,22.09072,20.0,23.02173,25.07987,23.08679,25.07987,24.18677,27.16616,26.1725,28.0,28.01785,27.07397,29.06888,27.07397,27.29469,25.70992,27.45906,29.12044,26.24881,23.76973,23.25941,22.84732,23.25941,21.09502,20.24846,18.60108,18.43909,19.10497,18.43909,15.0,15.23155,18.11077,16.27882,15.52417,16.76305,16.55295,14.42221,11.18034,12.20656,9.21954,9.43398,7.81025,5.65685,5.38516,7.07107,3.0,2.82843,5.0,6.7082,9.43398,10.29563,11.6619,14.31782,15.26434,17.08801,18.35756,21.47091,21.09502,24.20744,23.32381,24.20744,23.85372,27.65863,26.90725,25.4951,30.0,27.65863,29.41088,30.88689,30.0,31.38471,33.01515,34.88553,35.35534,34.98571,35.77709,38.62642,38.91015,40.71855,41.14608,42.05948,45.27693,46.95743,49.39636,48.01042,53.53504,51.61395,52.80152
15.81139,15.81139,14.86607,14.56022,12.64911,12.36932,12.64911,11.7047,10.77033,9.84886,10.29563,10.29563,9.43398,8.60233,8.06226,7.81025,7.81025,7.07107,6.40312,7.2111,7.2111,6.7082,6.7082,7.28011,7.28011,8.24621,9.21954,9.21954,10.19804,9.05539,10.19804,9.48683,10.19804,9.48683,9.48683,9.48683,9.84886,9.84886,8.94427,8.94427,8.60233,8.60233,7.81025,7.81025,7.07107,7.07107,6.40312,6.40312,5.83095,5.38516,5.38516,5.09902,93.64828,91.5478,89.80535,85.47514,84.29116,79.22752,77.23341,71.34424,67.1193,65.12296,64.49806,58.03447,57.55867,54.91812,50.9902,49.33559,50.92151,45.54119,41.78516,38.62642,41.18252,38.58756,34.65545,41.04875,32.55764,37.48333,34.05877,38.47077,43.38202,42.54409,42.05948,44.72136,47.01064,47.53946,45.65085,50.53712,52.83938,50.11986,56.30275,52.63079,52.63079,51.61395,49.81967,49.0408,44.55334,50.91169,42.52058,46.09772,39.20459,40.80441,36.71512,38.47077,35.34119,34.0147,32.57299,30.26549,30.01666,46.75468,45.34314,47.20169,44.40721,43.82921,39.39543,40.8534,39.0,38.60052,34.9285,34.20526,28.16026,26.24881,25.70992,21.37756,20.61553,18.86796,19.41649,14.86607,15.65248,19.64688,21.09502,26.1725,24.08319,28.28427,35.0,34.05877,38.01316,40.4475,44.40721,39.05125,49.0102,48.0,45.17743,53.15073,51.47815,52.95281,52.17279,51.24451,57.93962,55.7853,62.36185,63.32456,65.55151,67.06713,69.46222,76.15773,76.89603,82.34683,81.70679,81.43709,92.57429,92.02717,95.85927,95.18929,93.98404,99.72462
14.31782,14.31782,13.0,13.41641,12.08305,11.18034,10.77033,9.84886,9.84886,8.544,9.48683,8.24621,8.24621,8.06226,7.28011,7.07107,7.07107,6.0,6.0,6.08276,6.08276,6.08276,6.32456,6.32456,6.32456,7.61577,7.61577,7.61577,7.61577,7.61577,7.61577,8.544,8.544,7.61577,8.24621,8.24621,8.06226,8.06226,7.07107,7.0,7.07107,7.07107,6.08276,6.08276,6.32456,5.38516,5.38516,5.38516,4.47214,5.0,4.24264,4.24264,46.04346,43.41659,43.04649,41.40048,42.2019,37.01351,36.23534,34.05877,33.42155,31.62278,30.23243,30.0,27.78489,25.55386,24.20744,23.70654,24.16609,20.61553,21.18962,21.18962,19.41649,17.08801,17.0,17.26268,17.0,18.02776,17.0,18.11077,19.23538,20.39608,20.22375,21.2132,20.39608,20.39608,20.61553,23.34524,22.56103,24.18677,24.02082,23.02173,23.02173,25.01999,23.08679,23.02173,21.2132,21.2132,19.64688,19.64688,16.76305,18.78829,17.08801,16.55295,15.0,14.21267,14.14214,12.72792,10.81665,17.0,14.86607,17.72005,15.13275,14.0,14.03567,12.16553,10.04988,11.04536,9.0,8.06226,7.28011,8.06226,6.7082,7.07107,8.06226,8.06226,11.18034,10.77033,13.0,14.31782,16.49242,19.41649,17.26268,20.88061,22.56103,23.4094,25.29822,25.07987,26.24881,25.63201,27.85678,29.15476,27.51363,29.96665,30.46309,31.01612,31.62278,31.01612,33.24154,33.83785,34.9285,36.68787,36.13862,36.40055,40.02499,38.83298,41.97618,44.14748,42.72002,45.88028,46.17359,47.43416,47.75982,52.20153,48.8467,52.0
15.6205,14.86607,14.14214,13.45362,12.80625,12.04159,11.31371,11.31371,11.31371,9.89949,9.89949,9.21954,9.21954,9.43398,8.60233,9.43398,8.06226,8.06226,7.61577,7.61577,7.28011,8.24621,8.24621,8.24621,9.21954,9.05539,9.05539,10.04988,10.04988,10.04988,9.21954,10.19804,10.19804,9.21954,10.44031,9.48683,9.84886,9.84886,8.94427,8.94427,8.60233,8.60233,8.60233,7.81025,7.81025,7.07107,7.07107,6.40312,6.40312,5.83095,5.38516,5.38516,90.68627,90.90655,89.19641,79.64923,81.68843,76.2168,69.6563,74.65253,64.81512,61.22091,62.2254,59.46427,58.69412,55.17246,51.62364,50.20956,53.2635,44.40721,45.48626,46.64762,46.51881,44.77723,39.56008,37.65634,42.2019,40.60788,43.73786,45.27693,46.09772,48.16638,44.55334,46.0,46.27094,54.03702,51.0098,51.0098,56.0357,54.23099,51.62364,51.78803,54.34151,52.81098,50.28916,49.0408,47.75982,46.06517,46.06517,42.04759,42.43819,42.2019,39.20459,37.53665,33.30165,31.89044,32.20248,30.52868,26.92582,38.47077,36.05551,34.78505,33.54102,32.75668,29.15476,25.80698,22.80351,25.80698,17.20465,16.27882,16.64332,13.41641,10.29563,8.24621,9.05539,10.29563,13.60147,17.20465,17.46425,22.82542,28.01785,28.84441,32.44996,35.51056,37.80212,40.36087,44.55334,44.68781,51.73973,47.50789,48.16638,56.63921,53.90733,55.97321,53.41348,57.48913,59.46427,59.20304,61.40033,63.82006,65.21503,67.42403,70.17834,69.64194,70.71068,79.40403,78.03204,77.89737,84.0595,86.53323,88.23265,90.60353,93.40771,98.59513,93.40771,96.82975
15.0333,14.0,14.0,14.03567,13.0,12.04159,11.04536,11.04536,11.04536,10.04988,10.04988,10.19804,9.21954,9.21954,9.21954,9.48683,8.544,8.544,8.06226,8.06226,8.06226,8.60233,8.60233,9.21954,9.21954,9.21954,9.89949,10.63015,10.63015,10.63015,10.63015,11.40175,11.40175,10.81665,10.81665,10.81665,10.29563,9.84886,9.84886,9.48683,9.48683,9.21954,9.21954,8.24621,8.06226,8.06226,7.0,7.0,7.0,6.08276,6.32456,5.38516,44.38468,43.73786,42.57934,41.0,40.79216,34.71311,37.48333,34.52535,34.36568,29.61419,29.42788,30.06659,30.14963,27.01851,26.0,25.17936,26.1725,24.18677,22.56103,24.04163,22.80351,22.56103,20.61553,21.93171,20.61553,24.59675,23.70654,23.02173,23.85372,25.6125,24.83948,25.80698,27.20294,26.40076,26.24881,26.92582,28.6007,28.84441,29.06888,28.17801,28.17801,28.23119,27.85678,25.63201,25.29822,25.4951,23.34524,25.17936,21.09502,21.0,20.0,20.02498,18.02776,18.24829,14.31782,17.08801,13.41641,20.0,17.88854,20.12461,17.72005,18.43909,17.26268,14.03567,15.0,14.03567,13.0,11.0,11.04536,10.19804,8.24621,7.07107,6.32456,4.47214,5.65685,6.32456,6.7082,10.04988,11.18034,14.14214,15.0,15.0,18.0,17.11724,17.11724,19.23538,19.0,20.22375,22.09072,23.08679,24.18677,24.08319,24.08319,24.02082,26.0,26.01922,30.01666,28.0,31.06445,30.14963,35.22783,32.14032,36.34556,35.35534,35.35534,37.48333,41.19466,41.30375,43.41659,43.18565,45.27693,49.09175,45.04442,46.04346
13.0,13.0,12.52996,13.0,11.18034,10.77033,10.29563,10.29563,9.84886,8.60233,8.60233,8.60233,7.81025,8.48528,7.81025,7.81025,7.81025,6.40312,7.2111,7.2111,7.2111,8.06226,6.7082,7.61577,8.24621,8.24621,8.544,8.544,9.48683,8.24621,8.544,8.94427,9.84886,8.94427,8.94427,9.43398,8.94427,8.60233,7.81025,7.81025,7.07107,7.07107,6.40312,6.40312,6.40312,5.83095,5.38516,5.38516,5.38516,5.09902,5.0,4.0,86.83317,87.14356,83.29466,80.09994,79.1012,71.11259,71.06335,68.02941,63.07139,59.4138,60.29925,55.7315,54.45181,52.95281,49.81967,50.44799,52.20153,45.22168,44.01136,42.54409,45.61798,46.14109,41.7732,42.0119,39.82462,41.40048,41.23106,45.27693,43.86342,50.32892,46.69047,48.27007,50.91169,50.32892,53.07542,53.03772,53.07542,54.48853,55.31727,55.21775,52.80152,51.31277,49.73932,51.89412,47.41308,48.30114,44.94441,44.01136,38.32754,40.02499,37.10795,34.52535,32.14032,32.14032,33.13608,31.57531,27.51363,40.24922,40.80441,43.18565,41.01219,39.62323,38.01316,35.0,32.20248,29.83287,33.28663,28.84441,28.6007,29.06888,24.83948,22.80351,22.62742,20.59126,21.54066,21.84033,24.5153,26.30589,32.38827,29.15476,35.12834,35.01428,39.05125,38.01316,42.0,44.01136,47.0,45.0,50.01,49.25444,51.08816,53.00943,57.21888,53.33854,53.33854,56.7186,59.43904,56.88585,58.46366,62.8172,66.48308,63.24555,70.60453,71.7844,74.09453,76.55064,84.43341,86.33076,82.8734,89.98889,93.14505,97.26767,95.12623,93.62158
15.0,13.0384,13.0384,13.0384,12.04159,11.0,11.04536,11.04536,10.04988,10.19804,10.19804,9.21954,9.21954,8.544,8.544,8.544,7.61577,7.61577,8.06226,8.06226,7.2111,8.60233,8.60233,7.81025,9.21954,8.48528,9.21954,9.21954,9.21954,9.21954,8.60233,9.21954,10.0,9.43398,9.43398,8.94427,8.94427,8.544,8.544,7.28011,8.24621,7.07107,7.07107,6.08276,6.0,6.0,6.08276,5.09902,5.09902,4.47214,4.47214,4.47214,88.14193,86.57944,84.09518,78.23043,79.6304,75.23962,74.54529,68.35934,67.36468,63.3877,64.00781,60.00833,60.00833,55.0,56.0,53.15073,54.23099,48.37355,47.85394,46.69047,50.69517,48.27007,45.88028,45.22168,42.72002,49.39636,44.28318,48.8774,49.24429,51.31277,51.10773,54.20332,51.97115,53.7122,55.56978,52.7731,54.56189,51.47815,55.15433,51.86521,51.86521,50.21952,50.01,49.25444,45.39824,47.16991,43.01163,41.10961,39.20459,38.20995,35.35534,37.10795,33.52611,29.54657,26.0,27.45906,26.90725,35.35534,34.20526,34.20526,32.55764,32.52691,30.41381,29.06888,29.0,27.58623,27.20294,28.42534,24.75884,23.34524,21.40093,22.47221,23.70654,25.63201,24.35159,25.4951,29.42788,32.14032,32.14032,38.0526,39.05125,41.19466,45.01111,44.55334,44.04543,48.50773,50.35871,47.26521,51.24451,54.00926,51.0098,56.0357,57.07889,57.00877,57.0,57.00877,61.07373,60.07495,64.62971,65.27634,69.87131,70.85901,70.40597,72.36712,75.9276,78.33901,82.8734,83.18654,89.627,90.66973,90.44888,100.2447,97.18539,97.08244
14.14214,13.15295,13.34166,13.15295,12.16553,11.18034,11.40175,10.44031,10.44031,9.48683,9.48683,9.84886,9.48683,8.94427,8.94427,9.43398,8.60233,8.60233,7.81025,8.48528,8.48528,8.48528,8.48528,9.21954,9.21954,9.21954,10.0,10.0,10.63015,10.63015,9.89949,10.63015,9.89949,9.89949,9.89949,9.21954,10.0,9.43398,8.94427,8.06226,8.06226,7.61577,7.61577,6.7082,6.32456,6.32456,6.08276,5.09902,5.09902,5.0,4.12311,4.12311,88.68484,81.49847,84.17244,76.65507,75.23962,75.32596,68.35934,74.67262,61.81424,65.9242,61.18823,56.08921,57.70615,50.21952,52.95281,53.75872,55.65968,49.98,50.69517,46.09772,52.47857,44.41846,48.82622,45.80393,45.34314,46.8615,49.49747,49.57822,50.20956,53.07542,50.20956,55.22681,51.66237,55.86591,50.93133,58.13777,56.72742,56.0803,52.80152,52.43091,49.64877,52.35456,51.62364,48.75449,48.33218,45.88028,47.53946,42.2019,39.05125,38.07887,35.51056,34.23449,31.06445,30.14963,31.40064,28.86174,25.29822,32.24903,29.83287,29.06888,31.40064,22.67157,29.20616,25.6125,23.34524,22.67157,19.79899,21.26029,20.24846,18.60108,22.47221,22.47221,18.43909,22.2036,19.10497,23.08679,28.01785,27.16616,33.24154,34.23449,32.24903,36.01389,39.62323,43.04649,48.16638,44.04543,51.24451,44.40721,54.14795,50.15974,51.78803,52.46904,51.78803,48.6621,55.31727,57.27128,59.20304,60.16644,58.69412,66.48308,64.19502,66.40783,73.73602,73.92564,72.44998,77.07788,79.69944,84.43341,87.92042,89.84431,84.20214,95.07891,97.12363,90.24411
15.81139,15.81139,14.31782,14.86607,13.92839,13.60147,13.0,12.08305,12.08305,11.18034,11.18034,10.81665,10.81665,10.81665,10.0,10.63015,9.89949,9.89949,9.89949,10.0,10.0,10.0,10.0,10.81665,10.81665,11.6619,11.6619,11.6619,12.20656,11.6619,12.20656,12.04159,11.40175,11.31371,11.31371,11.31371,10.63015,10.81665,10.0,10.0,9.43398,9.43398,8.94427,8.94427,7.61577,7.61577,7.28011,7.28011,6.08276,6.0,6.0,5.0,88.86507,87.93179,81.5414,79.47956,84.50444,73.37575,73.38937,68.62215,68.35203,61.98387,64.88451,61.26989,59.94164,58.13777,53.23533,57.2014,51.85557,49.92995,44.82187,50.24938,49.49747,50.9902,44.82187,50.0,46.8615,48.01042,50.47772,52.47857,51.47815,57.24509,51.47815,52.15362,56.85948,54.20332,60.20797,59.20304,62.1289,60.21628,58.00862,55.97321,55.31727,55.9017,54.03702,53.8145,48.60041,47.80167,47.16991,46.14109,44.77723,39.35734,38.27532,34.9285,33.24154,33.54102,30.14963,27.01851,27.45906,28.63564,24.41311,24.41311,23.43075,27.01851,21.63331,19.79899,16.27882,17.02939,16.27882,13.41641,12.64911,13.15295,11.04536,11.18034,17.46425,17.46425,21.54066,20.24846,26.41969,23.85372,29.52965,35.77709,37.21559,39.35734,41.14608,41.4367,45.31004,44.94441,47.85394,47.53946,48.8467,52.80152,50.56679,53.31041,52.7731,58.18075,57.24509,56.35601,62.1289,59.36329,66.85058,64.07027,73.4983,68.41053,75.60423,74.20243,77.62087,79.64923,89.58795,87.92042,89.05055,91.3017,88.83693,95.38344,94.15413,99.84989
14.21267,14.21267,13.60147,13.60147,12.20656,11.40175,10.81665,10.81665,10.81665,9.84886,10.29563,9.84886,9.84886,9.48683,9.48683,9.21954,9.05539,9.05539,9.05539,9.0,9.0,9.0,9.0,10.04988,10.04988,10.04988,10.19804,11.04536,12.04159,11.04536,11.04536,11.04536,11.0,11.0,11.0,11.04536,11.18034,10.19804,10.19804,9.48683,9.48683,9.48683,8.544,8.94427,8.06226,8.06226,7.2111,7.2111,6.40312,7.07107,6.40312,5.83095,90.21086,87.61849,85.2115,83.60024,82.20097,71.8401,72.67049,68.00735,66.28725,62.76942,60.53924,59.05929,56.82429,54.626,53.66563,51.66237,54.12947,48.27007,43.73786,46.17359,52.08647,46.09772,47.04253,47.04253,47.09565,47.67599,51.1957,53.15073,53.36666,57.00877,55.08176,59.90826,56.51548,59.90826,59.22837,65.37584,61.40033,62.80127,60.29925,62.1289,58.00862,60.03332,57.03508,59.07622,52.61179,54.91812,49.72927,44.38468,45.22168,44.27189,42.54409,40.70626,39.0,33.01515,33.6006,32.01562,30.23243,27.85678,24.18677,26.62705,26.40076,21.93171,20.51828,19.20937,13.45362,14.86607,11.31371,8.48528,9.21954,5.0,6.08276,6.32456,10.81665,12.52996,13.92839,17.88854,22.84732,25.55386,28.84441,30.0,36.71512,35.80503,41.67733,41.86884,44.82187,47.50789,45.80393,43.60046,52.63079,51.61395,49.09175,55.0,51.86521,54.20332,54.08327,58.30952,62.17717,60.90156,64.40497,64.41273,66.64083,65.0,68.15424,69.35416,75.96052,78.79086,86.53901,84.69357,88.95504,92.13034,85.90693,103.31505,92.5905,98.48858
14.56022,13.60147,13.34166,12.36932,12.36932,11.40175,11.18034,11.18034,11.18034,10.04988,10.0,10.04988,9.05539,9.21954,9.21954,10.44031,8.544,9.48683,8.544,8.94427,8.94427,9.43398,9.43398,10.81665,10.81665,10.81665,10.81665,12.20656,11.40175,12.20656,11.6619,11.6619,11.6619,11.18034,11.18034,12.08305,10.77033,10.44031,10.44031,9.21954,10.19804,9.21954,10.19804,9.05539,8.0,8.06226,8.0,7.07107,7.07107,6.08276,6.32456,5.38516,43.86342,40.70626,42.72002,40.31129,36.76955,35.34119,32.89377,32.31099,31.95309,31.32092,28.63564,28.86174,28.63564,25.31798,27.45906,25.01999,25.07987,24.02082,25.01999,23.34524,26.92582,24.18677,24.35159,23.4094,23.25941,26.0,26.0,25.55386,26.83282,28.01785,27.78489,28.6531,27.78489,32.24903,29.52965,32.64966,32.20248,30.88689,30.46309,32.31099,28.79236,31.32092,28.86174,27.65863,28.16026,27.45906,26.07681,26.01922,24.0,22.02272,22.09072,21.09502,19.10497,18.43909,17.72005,16.15549,14.42221,14.56022,15.52417,14.31782,14.76482,13.89244,12.04159,11.40175,9.43398,9.48683,8.48528,7.2111,5.0,6.32456,4.12311,1.0,3.60555,7.2111,7.07107,7.07107,11.18034,11.18034,14.31782,13.89244,16.12452,18.35756,19.31321,19.72308,20.24846,20.0,24.18677,21.63331,23.85372,23.32381,22.82542,25.23886,24.69818,24.59675,26.40076,26.0,27.313,29.73214,29.41088,31.95309,32.57299,31.04835,32.55764,34.71311,35.51056,36.87818,39.29377,41.0,42.57934,44.64303,43.17407,45.88028,46.84015,44.01136
13.41641,13.0,12.64911,12.08305,11.7047,10.77033,10.44031,9.48683,9.48683,9.21954,9.21954,9.05539,8.06226,8.0,8.0,8.06226,8.06226,8.24621,7.28011,8.544,7.61577,8.06226,7.61577,9.43398,9.43398,9.43398,10.29563,10.29563,10.29563,10.81665,11.18034,11.18034,11.18034,10.77033,10.77033,10.44031,11.40175,10.19804,9.21954,9.21954,9.05539,9.05539,8.0,8.0,8.0,7.07107,7.07107,6.32456,6.32456,5.38516,5.0,5.0,85.42833,84.11896,84.69357,75.17978,75.591,70.83078,66.70832,68.8767,61.84658,64.84597,55.02727,54.08327,54.42426,49.0408,47.29693,48.6621,49.0408,45.09989,42.0,44.0,48.16638,41.4367,45.12206,42.72002,45.88028,49.0408,46.61545,51.89412,51.42956,57.3062,53.22593,58.30952,58.60034,58.66856,56.79789,60.92618,56.79789,60.00833,61.98387,57.97413,59.90826,59.66574,57.70615,56.08921,53.23533,53.23533,52.00961,49.0102,45.04442,44.40721,43.73786,40.5216,38.83298,37.69615,33.61547,33.54102,31.40064,30.26549,32.01562,31.38471,30.08322,27.78489,26.62705,24.41311,21.93171,20.0,17.80449,17.46425,15.55635,14.76482,12.16553,7.28011,12.64911,11.40175,15.81139,19.20937,21.09502,26.92582,26.62705,30.0,31.38471,33.61547,37.58989,41.04875,43.60046,47.80167,48.60041,43.41659,55.44367,47.50789,49.40648,53.25411,48.25971,52.15362,52.15362,55.75841,58.60034,59.94164,60.00833,58.18075,65.78754,60.40695,62.93648,63.15853,70.21396,74.72617,80.65358,80.36168,82.28001,83.81527,84.15462,94.86833,93.92018,88.56636
14.31782,13.92839,13.0,13.0,11.7047,11.7047,10.44031,10.44031,10.44031,9.05539,9.05539,9.0,8.0,8.0,8.06226,8.06226,7.28011,7.28011,7.61577,7.61577,8.06226,8.06226,7.2111,7.81025,9.21954,9.21954,9.89949,9.89949,10.63015,10.63015,10.63015,11.40175,11.40175,10.81665,10.81665,11.18034,11.18034,9.84886,9.84886,9.48683,9.48683,9.21954,9.21954,9.21954,8.06226,8.06226,7.0,7.07107,7.07107,6.32456,6.32456,5.83095,44.65423,41.23106,39.82462,37.64306,38.83298,38.60052,33.42155,33.28663,30.52868,29.41088,28.63564,26.83282,27.73085,24.69818,22.84732,21.84033,23.5372,22.09072,20.22375,20.02498,23.08679,20.09975,18.68154,20.39608,21.18962,22.13594,22.47221,23.32381,24.69818,26.41969,26.07681,29.68164,26.07681,30.23243,26.92582,27.78489,31.76476,30.88689,33.10589,32.31099,29.96665,30.08322,29.83287,30.08322,27.45906,27.16616,28.16026,25.4951,23.08679,23.02173,21.0,22.2036,20.09975,19.64688,18.68154,16.76305,15.26434,18.78829,17.20465,16.40122,20.51828,17.69181,13.60147,12.80625,12.72792,14.42221,10.77033,8.60233,9.43398,9.21954,5.83095,5.0,3.16228,4.12311,7.2111,6.32456,9.43398,9.89949,15.0,13.45362,14.86607,15.55635,18.38478,17.80449,24.08319,21.26029,24.04163,23.43075,26.24881,22.67157,25.4951,24.75884,26.87006,26.90725,27.65863,28.42534,31.40064,31.40064,30.80584,32.75668,34.1321,35.35534,37.12142,34.88553,36.24914,39.44617,39.96248,40.24922,46.09772,48.30114,43.38202,48.37355,47.50789,48.37355
15.26434,13.89244,13.41641,13.89244,12.52996,11.6619,11.7047,10.77033,10.77033,9.48683,9.48683,9.21954,9.21954,9.05539,8.06226,9.0,8.06226,8.06226,7.28011,8.544,8.544,8.94427,8.94427,8.94427,9.43398,10.29563,10.81665,10.81665,10.81665,11.6619,11.6619,11.6619,12.52996,11.18034,12.08305,11.7047,11.7047,11.40175,10.19804,10.19804,10.19804,10.19804,9.05539,9.05539,9.05539,9.0,8.0,8.06226,7.07107,7.28011,6.32456,5.83095,90.44335,87.65843,89.94443,84.59905,78.54935,76.8505,69.64194,69.06519,61.77378,63.95311,59.03389,55.54278,57.27128,52.55473,51.26402,50.44799,52.95281,43.18565,42.57934,42.04759,47.38143,43.56604,39.29377,43.68066,37.94733,43.32436,45.31004,46.51881,48.75449,57.2014,49.39636,57.68882,54.70832,64.89992,56.30275,62.96825,60.90156,58.66856,66.85058,61.32699,61.68468,64.19502,60.01666,56.75385,52.95281,57.55867,51.24451,55.14526,49.36598,48.0,45.09989,47.01064,41.4367,40.79216,36.40055,34.88553,33.61547,38.83298,40.31129,41.14608,39.44617,35.80503,35.35534,31.82766,29.83287,30.4795,25.0,21.63331,17.88854,21.40093,17.46425,12.36932,11.40175,5.09902,4.0,8.94427,12.80625,14.42221,18.97367,21.93171,29.06888,30.41381,33.61547,35.35534,43.56604,42.2019,42.54409,43.60046,46.8615,49.20366,47.80167,50.21952,56.30275,51.40039,56.0357,54.70832,59.5399,56.4358,64.4748,64.4748,65.0,65.30697,69.37579,74.0,71.16881,72.23573,76.844,80.99383,84.89994,90.82401,89.88882,96.46243,98.61541,94.84725
13.41641,12.08305,11.7047,12.08305,10.77033,9.84886,9.48683,8.544,8.24621,8.06226,8.06226,8.0,8.0,8.0,7.0,7.07107,7.28011,7.28011,6.7082,7.61577,6.7082,7.2111,7.2111,8.60233,9.21954,9.21954,9.89949,10.0,10.63015,10.63015,10.0,10.81665,10.0,10.29563,10.29563,10.29563,10.77033,9.48683,9.48683,9.48683,9.21954,9.21954,8.24621,8.24621,7.07107,7.07107,7.0,6.08276,6.08276,5.09902,5.38516,4.47214,88.95504,88.63972,85.61542,78.92401,82.28001,66.70832,74.46476,69.07966,65.14599,57.24509,55.10898,54.91812,50.21952,54.45181,45.54119,48.01042,50.01,44.04543,41.19466,42.44997,41.76123,39.84972,36.67424,43.26662,40.49691,45.80393,47.63402,43.13931,48.08326,46.01087,51.66237,55.31727,55.9017,56.56854,58.79626,54.03702,62.24147,62.2254,65.11528,60.60528,62.68174,62.96825,58.30952,61.77378,54.20332,55.4617,50.92151,50.69517,47.43416,44.64303,45.12206,42.95346,43.17407,42.10701,38.0,37.21559,31.32092,41.76123,38.07887,36.67424,40.49691,35.0,31.82766,32.52691,29.83287,31.241,26.40076,21.26029,17.49286,15.0,12.20656,6.40312,7.28011,5.38516,4.47214,10.29563,11.7047,14.56022,22.2036,20.88061,27.45906,35.44009,38.07887,36.40055,37.0,42.54409,43.46263,42.48529,51.89412,49.76947,49.1935,54.56189,56.79789,54.20332,58.30952,56.0803,60.08328,63.90618,66.76077,63.56886,68.68042,63.78871,65.96969,72.18033,74.8131,81.3941,85.90693,85.70298,87.5557,90.02777,86.40023,97.12363,99.0404,95.60335
16.40122,15.0,13.60147,13.60147,13.0384,12.20656,11.6619,10.29563,10.29563,9.84886,10.77033,9.48683,9.21954,9.21954,9.05539,9.0,8.0,8.06226,8.06226,8.06226,9.21954,9.21954,9.48683,9.84886,10.77033,10.77033,12.08305,12.08305,12.08305,12.08305,11.7047,12.64911,12.64911,12.64911,12.64911,12.36932,12.16553,12.04159,11.04536,11.0,11.0,10.0,10.04988,10.0,9.05539,9.05539,8.24621,8.24621,7.28011,6.7082,6.7082,5.83095,85.79627,92.63369,82.0061,77.89737,76.6094,74.02702,71.8401,66.61081,63.25346,59.20304,60.21628,53.0,53.7122,52.83938,48.8467,49.64877,49.64877,47.67599,41.0,46.04346,46.04346,47.04253,42.42641,39.29377,41.59327,45.35416,44.01136,52.49762,50.15974,54.56189,54.58938,58.69412,55.71355,59.03389,61.7171,61.68468,65.0,62.96825,63.24555,63.32456,57.07013,57.07013,59.84146,63.50591,57.21888,59.4138,51.0098,54.08327,48.16638,43.73786,44.55334,42.75512,41.10961,41.78516,39.56008,31.76476,28.84441,37.64306,33.42155,38.60052,33.54102,34.9285,34.78505,29.42788,28.44293,27.01851,25.0,21.58703,19.69772,18.97367,16.55295,12.72792,7.81025,11.18034,10.63015,5.83095,12.52996,15.52417,20.02498,26.30589,23.76973,26.4764,29.12044,34.17601,37.16181,37.21559,42.94182,42.54409,46.61545,47.01064,47.70744,52.43091,51.88449,50.80354,53.0,55.56978,61.40033,57.80138,65.29931,62.6099,68.02941,70.77429,68.09552,72.00694,77.82031,76.47876,78.77182,83.67198,82.76473,87.46428,89.00562,95.38344,98.88377,95.71834
13.92839,14.31782,12.52996,13.0,11.18034,10.77033,10.29563,9.43398,9.43398,8.60233,8.60233,8.48528,7.81025,7.81025,7.2111,7.2111,7.61577,6.7082,7.28011,7.28011,7.28011,8.06226,8.06226,8.06226,9.0,9.0,10.0,10.0,11.0,11.0,11.0,11.04536,11.04536,11.18034,11.18034,11.18034,11.40175,10.44031,10.77033,9.84886,9.84886,9.43398,8.06226,8.06226,7.81025,7.81025,7.07107,7.07107,6.40312,5.83095,5.38516,5.38516,90.37699,83.57033,85.23497,79.47956,75.89466,79.37884,67.41662,70.26379,60.53924,64.40497,55.9464,54.20332,54.3783,50.24938,46.14109,44.04543,46.01087,42.44997,41.7732,40.22437,47.43416,38.27532,42.54409,40.71855,43.68066,43.68066,45.70558,43.56604,53.75872,51.08816,53.46027,58.13777,53.33854,58.21512,58.13777,65.11528,63.28507,61.61169,60.87693,64.53681,58.18935,59.13544,63.69458,62.64982,55.00909,56.60389,54.3783,53.0,45.80393,44.82187,44.40721,43.86342,39.69887,35.80503,38.07887,35.8469,33.52611,41.4367,47.07441,42.10701,46.01087,39.11521,42.2019,39.81206,35.73514,36.76955,32.75668,32.20248,27.78489,28.28427,24.83948,21.09502,16.76305,12.64911,9.0,9.48683,9.89949,13.60147,15.29706,13.89244,17.88854,21.63331,24.08319,26.1725,31.14482,30.61046,36.05551,32.75668,42.19005,43.26662,40.49691,44.40721,43.909,45.48626,47.50789,49.64877,53.53504,57.2014,55.47071,63.51378,61.84658,63.24555,65.79514,74.02702,78.60025,73.10951,80.21222,87.20092,87.65843,94.57801,86.28441,96.25487,98.61541,94.02127
15.0333,14.03567,14.0,13.0,13.0,12.0,12.04159,11.04536,11.04536,10.19804,10.19804,9.48683,9.48683,9.84886,8.544,8.94427,9.43398,8.06226,8.60233,8.60233,9.21954,9.21954,9.21954,9.21954,10.0,10.0,10.81665,10.81665,11.40175,11.40175,11.40175,12.04159,12.04159,11.31371,12.04159,11.31371,11.31371,11.40175,11.40175,10.81665,10.81665,10.81665,10.29563,9.43398,9.84886,8.544,8.544,8.24621,7.28011,7.07107,7.0,6.0,87.9659,82.8734,86.20905,82.03658,80.50466,72.99315,68.06614,69.18092,62.1289,67.06713,67.00746,55.0,59.5399,51.35173,52.61179,51.41984,50.96077,43.9659,44.01136,47.53946,47.41308,44.77723,39.66106,40.22437,43.01163,46.75468,46.75468,53.90733,49.40648,52.43091,53.2635,56.0357,56.40035,59.36329,56.40035,60.87693,61.22091,63.03174,67.94115,64.3506,63.63961,59.4138,59.03389,60.87693,56.85068,57.14018,52.7731,57.3062,51.0,47.53946,49.98,45.22168,42.44997,42.29657,39.45884,37.01351,36.22154,41.01219,42.29657,44.72136,39.56008,41.4367,36.24914,38.47077,38.83298,35.0,31.82766,29.06888,23.34524,23.34524,22.02272,15.0,11.40175,10.0,4.47214,1.41421,4.0,4.0,12.0,13.0384,19.41649,21.37756,25.01999,24.0,31.06445,35.0,39.01282,34.36568,41.04875,41.04875,46.27094,45.27693,47.26521,51.15662,55.08176,56.22277,56.0357,53.0,60.07495,59.00847,65.03076,63.28507,67.74216,70.06426,73.24616,73.82412,83.29466,76.32169,86.49277,92.0489,88.36289,94.19129,88.20431,93.0215
13.89244,13.41641,12.08305,12.52996,11.18034,11.18034,10.77033,9.48683,9.84886,8.544,9.48683,8.24621,8.24621,7.07107,7.07107,8.0,7.07107,7.07107,7.07107,6.08276,6.32456,6.32456,6.32456,7.61577,8.06226,8.06226,8.60233,9.43398,9.43398,9.43398,9.43398,10.29563,9.84886,9.84886,9.84886,9.48683,9.48683,10.19804,9.21954,9.05539,9.05539,9.05539,8.0,8.0,8.0,7.07107,7.28011,7.28011,6.32456,6.7082,6.40312,5.65685,85.49269,82.29216,80.62258,81.70679,79.84986,70.77429,68.42514,67.23095,61.46544,61.46544,60.16644,58.5235,54.34151,47.07441,50.9902,46.27094,46.0,44.0,39.01282,45.17743,42.75512,41.0,38.8973,39.39543,40.31129,45.27693,47.01064,44.20407,43.26662,49.0408,51.22499,56.63921,49.64877,52.40229,57.62812,55.21775,57.48913,57.2014,60.74537,55.75841,58.59181,61.7414,53.14132,56.921,50.92151,56.04463,53.60037,51.41984,47.07441,44.55334,45.09989,41.04875,41.01219,40.60788,35.17101,35.1141,34.43835,42.04759,38.32754,43.65776,39.56008,37.58989,34.43835,31.06445,28.6531,27.65863,27.58623,24.08319,16.97056,19.10497,17.20465,16.12452,10.0,5.0,3.60555,4.47214,8.544,11.04536,13.60147,18.43909,25.0,26.57066,31.04835,34.53983,37.33631,38.62642,42.05948,44.01136,45.18849,47.16991,48.10405,53.31041,51.86521,50.92151,57.87055,55.36244,59.20304,59.77458,64.28841,64.28841,66.70832,66.28725,75.05998,71.70077,78.26238,76.94154,82.0,78.1025,82.56513,92.41753,90.95603,94.64143,91.48224,91.39475
15.0333,14.03567,13.0,13.0,12.0,11.0,11.04536,11.04536,10.04988,9.05539,9.05539,9.21954,8.24621,8.544,7.61577,8.06226,8.06226,7.2111,7.81025,7.07107,7.07107,7.81025,7.81025,8.06226,8.06226,9.43398,10.29563,10.29563,10.29563,10.29563,10.29563,10.81665,10.81665,10.81665,11.40175,11.40175,11.31371,11.31371,9.89949,9.89949,10.0,10.0,10.0,9.43398,9.43398,8.06226,7.61577,7.61577,7.28011,6.32456,6.08276,6.0,44.28318,45.12206,42.19005,42.19005,40.1995,34.23449,35.22783,34.23449,32.06244,30.26549,30.01666,27.01851,26.1725,25.07987,25.17936,24.73863,22.56103,20.88061,19.69772,21.0238,18.86796,20.24846,18.60108,17.02939,19.10497,19.79899,20.80865,21.47091,23.70654,22.82542,24.18677,26.40076,24.69818,26.40076,27.313,28.17801,28.6531,30.01666,29.68164,29.68164,29.20616,29.20616,31.89044,29.73214,28.28427,26.90725,26.40076,27.20294,23.60085,22.2036,23.32381,21.47091,18.78829,18.97367,17.26268,17.26268,15.0333,21.0238,21.09502,19.41649,18.02776,18.02776,18.02776,16.55295,15.26434,15.26434,14.14214,12.04159,9.21954,7.81025,7.81025,6.40312,3.16228,2.0,2.82843,3.0,4.24264,5.09902,9.05539,11.04536,14.14214,14.03567,18.0,19.0,20.09975,21.09502,24.08319,22.09072,24.33105,25.17936,25.07987,28.16026,27.16616,28.01785,30.14963,29.06888,31.01612,31.01612,34.0147,31.01612,35.0571,33.13608,35.0571,37.12142,37.33631,38.0526,42.19005,40.04997,44.28318,45.01111,44.04543,46.01087,46.0,45.0
16.03122,16.0,14.0,15.0333,13.0,12.0,12.04159,11.04536,11.04536,9.05539,10.19804,9.48683,9.48683,8.544,8.06226,8.06226,8.06226,7.81025,7.07107,7.81025,7.81025,8.60233,8.06226,8.94427,8.94427,9.84886,9.84886,10.77033,11.18034,11.7047,11.18034,12.08305,12.08305,11.18034,11.6619,11.6619,12.20656,11.31371,11.31371,11.31371,10.63015,10.63015,9.89949,10.0,10.0,8.60233,8.60233,7.61577,7.61577,7.28011,7.28011,6.08276,42.72002,43.9659,40.26164,38.8973,39.05125,36.68787,33.95585,34.9285,30.36445,30.41381,29.06888,28.16026,28.01785,25.01999,25.01999,21.09502,22.2036,19.64688,18.97367,18.97367,19.72308,18.78829,17.02939,17.80449,18.43909,19.10497,20.80865,19.72308,21.0238,24.18677,24.18677,24.59675,25.94224,26.0,27.313,29.15476,29.52965,29.68164,28.84441,28.42534,28.42534,28.3196,30.4795,29.06888,27.58623,27.65863,25.6125,26.24881,23.02173,22.82542,22.36068,22.36068,19.31321,20.39608,18.43909,17.11724,16.03122,21.58703,19.92486,20.12461,21.09502,18.86796,16.64332,14.86607,16.27882,16.27882,12.04159,10.63015,11.18034,9.84886,8.94427,4.12311,2.23607,1.0,1.0,3.16228,5.38516,7.28011,11.0,12.04159,14.0,13.15295,17.11724,17.26268,20.22375,20.88061,23.34524,22.56103,23.08679,24.04163,26.4764,27.65863,25.70992,28.86174,29.61419,29.42788,33.54102,30.41381,33.54102,33.13608,35.22783,34.0147,38.11824,39.11521,39.01282,40.1995,40.11234,43.04649,46.01087,44.18144,45.17743,47.38143,46.38965,45.54119
13.34166,13.34166,11.40175,12.36932,10.44031,10.19804,9.48683,8.544,8.544,7.61577,8.06226,7.2111,7.2111,6.40312,5.65685,6.40312,6.40312,5.0,5.38516,5.38516,6.32456,6.08276,6.08276,7.0,7.07107,8.0,9.05539,9.0,9.0,10.0,9.0,10.04988,10.0,10.04988,10.04988,10.19804,10.44031,9.48683,9.48683,8.94427,8.94427,8.94427,8.06226,8.06226,7.2111,6.40312,7.07107,6.40312,6.40312,5.83095,5.38516,5.38516,85.70881,84.14868,82.60751,73.82412,78.23043,76.02631,64.19502,60.20797,59.4138,59.07622,54.74486,53.75872,51.66237,47.75982,42.05948,44.28318,41.59327,39.40812,38.60052,34.71311,38.8973,36.76955,33.83785,33.61547,33.12099,36.76955,37.94733,46.69047,41.59327,47.51842,38.60052,51.62364,46.09772,54.33231,57.55867,54.81788,61.61169,57.00877,58.94065,59.80803,57.38467,57.77543,56.35601,55.03635,53.85165,56.61272,51.61395,50.32892,46.75468,43.86342,46.69047,41.7732,41.03657,38.47077,36.35932,39.82462,32.98485,45.54119,43.17407,38.01316,40.11234,36.34556,36.05551,34.36568,31.62278,26.68333,29.06888,23.70654,21.47091,21.47091,13.60147,10.0,3.60555,3.16228,2.0,5.83095,13.60147,15.26434,18.97367,22.80351,28.4605,32.28002,33.52611,37.65634,40.02499,43.17407,47.67599,45.39824,54.91812,54.58938,55.10898,56.4358,60.01666,59.3043,61.52235,61.0,63.78871,67.68309,69.42622,70.40597,72.78049,72.53275,76.6942,79.40403,81.90849,82.56513,89.02247,88.32327,87.36132,94.36631,88.29496,100.89599,95.12623,94.59387
13.92839,13.92839,13.34166,12.64911,11.7047,11.40175,10.19804,10.19804,9.05539,9.0,9.05539,9.0,8.06226,8.06226,7.07107,8.544,7.61577,7.61577,7.2111,7.2111,7.2111,7.81025,8.48528,8.48528,9.21954,9.21954,10.0,10.63015,10.63015,11.40175,10.63015,11.31371,12.04159,12.04159,12.04159,11.40175,11.40175,10.81665,10.81665,10.29563,10.29563,9.84886,9.84886,8.94427,9.48683,8.544,8.24621,8.06226,8.06226,7.0,7.0,6.08276,47.43416,43.46263,42.37924,38.62642,37.33631,37.0,32.57299,34.78505,29.12044,29.12044,27.89265,25.31798,25.31798,24.33105,24.02082,24.02082,22.02272,20.61553,19.41649,18.68154,21.0238,19.69772,17.20465,20.0,16.64332,20.61553,21.2132,23.34524,22.02272,23.85372,24.41311,28.01785,27.58623,30.61046,28.6007,29.06888,29.83287,30.4795,29.06888,29.73214,30.4795,30.61046,29.68164,30.23243,27.78489,29.06888,25.4951,25.29822,23.08679,23.08679,24.5153,20.39608,21.37756,20.09975,18.02776,17.02939,16.27882,22.02272,19.64688,21.18962,19.69772,20.12461,16.40122,15.0,14.86607,14.21267,12.72792,12.72792,8.60233,8.544,7.28011,4.12311,4.12311,1.41421,2.23607,3.16228,5.83095,8.24621,9.05539,12.04159,13.0384,13.0384,18.0,16.03122,20.02498,20.39608,21.09502,24.73863,24.5153,25.96151,26.24881,28.16026,27.89265,28.63564,28.44293,30.59412,31.257,34.20526,34.71311,35.35534,35.35534,34.36568,38.0526,39.31921,40.11234,40.31129,41.30375,41.30375,45.09989,44.40721,44.72136,47.67599,48.27007,47.29693
14.03567,13.0,13.0,12.0,12.0,11.0,11.04536,10.04988,9.05539,8.06226,9.21954,8.24621,8.544,7.61577,7.61577,8.06226,7.2111,6.40312,7.81025,7.81025,7.07107,7.81025,7.81025,8.06226,9.43398,8.94427,9.84886,10.29563,11.18034,11.18034,10.29563,11.6619,11.6619,10.81665,10.81665,11.40175,11.40175,10.63015,9.89949,9.89949,10.63015,10.0,10.0,8.60233,8.60233,8.06226,8.06226,7.61577,7.28011,7.28011,6.08276,6.0,43.41659,42.57934,41.04875,41.30375,39.20459,35.22783,35.12834,33.13608,29.01724,28.16026,30.06659,27.07397,27.16616,22.36068,23.34524,25.0,20.88061,21.18962,21.93171,20.59126,23.02173,19.23538,16.97056,18.43909,19.10497,21.26029,20.24846,21.0238,22.36068,24.16609,22.84732,30.08322,27.29469,29.73214,27.85678,29.96665,31.38471,32.20248,31.38471,31.90611,29.68164,32.01562,31.241,30.4795,29.0,29.0,27.65863,28.6007,23.60085,24.83948,23.60085,21.93171,22.36068,21.18962,20.88061,18.43909,16.49242,21.0238,23.19483,20.39608,20.24846,18.38478,17.0,16.12452,15.0,15.0,12.04159,9.21954,9.21954,8.60233,5.65685,5.38516,3.60555,1.41421,3.16228,2.0,5.83095,8.06226,10.44031,12.0,14.03567,16.27882,20.09975,20.09975,21.0238,22.09072,23.08679,23.08679,26.1725,26.01922,28.01785,28.16026,30.06659,28.01785,30.06659,30.0,31.01612,33.06055,33.01515,34.0,33.01515,35.0571,38.32754,37.12142,42.10701,40.11234,42.10701,43.10452,47.16991,47.01064,45.04442,49.0408,50.0,49.0102
14.0,14.03567,13.0384,13.0384,12.0,11.0,10.19804,10.19804,10.19804,9.21954,9.21954,8.544,8.544,7.61577,8.06226,8.60233,7.81025,7.07107,7.07107,7.81025,7.2111,7.2111,7.2111,8.06226,8.94427,8.94427,9.84886,9.84886,10.77033,10.77033,11.18034,11.18034,11.18034,11.18034,11.6619,10.81665,11.40175,10.63015,10.63015,10.63015,9.89949,9.89949,9.21954,9.21954,8.60233,8.60233,8.06226,7.61577,7.61577,7.28011,7.07107,6.08276,44.18144,41.30375,43.10452,38.11824,39.20459,35.22783,32.06244,32.14032,30.06659,31.0,30.01666,25.17936,25.17936,23.19483,23.34524,24.35159,23.4094,21.0238,20.61553,19.72308,21.63331,18.02776,17.69181,20.51828,17.80449,19.41649,21.40093,21.47091,22.84732,25.07987,23.32381,27.51363,25.94224,27.85678,28.63564,29.96665,28.6531,30.8707,30.52868,30.0,28.84441,30.61046,31.14482,29.06888,29.0,28.28427,26.90725,25.4951,23.02173,25.0,22.2036,21.47091,20.12461,18.97367,19.64688,15.52417,15.13275,18.43909,21.0,21.2132,19.10497,17.72005,17.46425,15.29706,17.46425,14.76482,13.0384,13.0384,11.40175,9.89949,7.2111,6.40312,3.60555,3.60555,1.0,4.12311,6.08276,7.28011,9.21954,9.21954,11.18034,14.03567,16.12452,18.02776,20.0,22.0,24.02082,23.02173,25.07987,23.08679,26.01922,28.16026,28.07134,28.01785,29.01724,28.0,31.0,32.06244,32.06244,35.12834,35.12834,35.12834,38.0526,38.20995,39.45884,38.20995,40.04997,40.1995,44.28318,47.09565,43.04649,46.04346,47.09565,44.0
14.42221,14.42221,13.89244,14.42221,11.6619,11.6619,11.18034,11.18034,10.29563,9.84886,9.84886,9.48683,8.24621,8.24621,8.06226,8.06226,8.0,7.0,7.07107,7.28011,7.07107,7.28011,7.28011,7.61577,8.94427,8.06226,9.43398,9.43398,10.29563,10.29563,10.29563,10.29563,11.18034,11.18034,10.77033,10.77033,10.44031,10.19804,10.19804,10.19804,10.19804,10.04988,9.05539,9.0,9.0,8.0,8.06226,8.06226,7.28011,6.32456,6.7082,5.83095,86.05231,86.40023,87.36704,81.05554,75.43209,70.76722,69.40461,67.41662,60.46487,60.46487,57.45433,53.33854,52.80152,47.92703,48.8467,47.43416,44.27189,42.42641,38.83298,42.0119,45.01111,37.0,36.49658,38.07887,38.27532,39.39543,34.9285,44.38468,44.01136,45.27693,49.64877,45.60702,49.09175,56.93856,48.82622,59.94164,56.60389,61.05735,57.69749,54.626,60.92618,58.5235,55.7853,56.61272,55.31727,53.75872,52.23983,47.51842,47.04253,46.04346,42.04759,43.01163,38.20995,36.67424,36.40055,30.46309,30.52868,46.87217,43.65776,41.4367,44.28318,43.56604,44.20407,36.87818,37.48333,37.01351,33.30165,34.05877,27.58623,21.93171,18.60108,21.26029,17.80449,15.0,9.84886,9.05539,9.84886,12.80625,19.10497,18.43909,28.6007,28.84441,34.4093,33.61547,39.66106,41.10961,49.40648,44.20407,50.0,55.60576,49.92995,58.00862,52.43091,52.80152,59.40539,57.2014,61.58734,64.14047,65.51336,68.26419,70.23532,67.1193,79.47956,75.23962,77.82031,77.87811,81.84131,84.59905,85.42833,89.94443,90.82401,97.12878,99.29753,95.52487
14.56022,14.31782,13.34166,13.34166,12.36932,11.40175,11.04536,10.04988,10.04988,9.05539,10.0,9.0,8.06226,8.06226,8.24621,8.24621,7.61577,7.61577,6.7082,8.06226,7.2111,7.81025,7.81025,8.48528,8.48528,9.21954,9.21954,10.63015,10.63015,10.63015,10.63015,10.63015,11.31371,10.63015,11.31371,11.40175,10.81665,10.81665,10.81665,10.29563,10.29563,9.84886,9.84886,8.94427,8.544,8.24621,8.24621,7.07107,7.0,7.0,6.0,6.08276,44.38468,42.04759,38.62642,37.33631,40.16217,36.40055,33.61547,31.01612,29.73214,29.41088,28.86174,25.4951,26.4764,23.34524,25.17936,23.02173,22.02272,21.0,20.22375,19.41649,19.64688,18.97367,16.12452,19.23538,19.41649,20.24846,20.51828,20.51828,21.93171,22.67157,24.08319,23.43075,25.4951,25.6125,26.90725,26.90725,28.3196,27.58623,28.42534,27.58623,28.3196,29.20616,26.62705,28.01785,25.55386,25.4951,23.70654,24.16609,23.25941,21.54066,21.84033,19.92486,19.92486,20.09975,18.02776,17.02939,15.13275,22.0,20.09975,22.56103,21.84033,20.24846,19.31321,17.46425,17.88854,17.49286,16.40122,15.6205,13.60147,12.04159,10.81665,8.48528,7.2111,6.7082,3.0,3.60555,3.60555,5.65685,7.61577,9.48683,10.77033,12.36932,16.15549,16.55295,16.55295,19.69772,20.88061,21.18962,22.47221,22.84732,23.4094,25.29822,25.63201,27.313,29.15476,27.20294,29.12044,28.4605,32.01562,30.80584,33.24154,32.55764,34.9285,36.49658,37.21559,37.85499,40.60788,40.79216,42.42641,43.93177,41.7732,45.60702,43.93177,45.35416
14.31782,14.31782,13.0,13.41641,12.08305,10.77033,10.77033,9.48683,9.48683,8.24621,9.21954,8.06226,8.06226,7.0,7.0,7.0,7.07107,6.08276,6.32456,6.7082,6.7082,6.7082,6.40312,6.40312,7.81025,8.48528,8.48528,8.48528,9.89949,9.21954,9.21954,9.21954,10.0,10.0,9.43398,10.29563,10.29563,9.84886,9.48683,8.544,8.24621,9.21954,8.24621,8.24621,7.07107,7.07107,7.0,7.0,6.08276,6.08276,5.38516,5.38516,43.82921,43.82921,40.49691,38.60052,39.40812,38.27532,33.83785,34.20526,30.52868,29.68164,29.52965,26.40076,28.6531,22.84732,23.4094,20.61553,23.76973,20.22375,19.23538,20.02498,20.0,17.02939,19.23538,18.24829,16.12452,19.92486,20.12461,20.12461,22.82542,24.41311,23.32381,25.55386,23.85372,26.07681,25.6125,28.17801,27.313,26.83282,29.54657,29.15476,28.23119,27.85678,27.89265,27.89265,26.1725,24.33105,26.1725,25.07987,23.0,21.2132,22.09072,20.61553,18.68154,18.02776,17.72005,17.0,14.42221,23.0,23.34524,21.58703,22.13594,22.36068,19.23538,18.86796,17.80449,17.80449,14.86607,14.21267,10.63015,12.04159,10.81665,6.40312,4.24264,4.12311,5.0,4.12311,4.47214,5.65685,8.06226,9.84886,10.29563,13.41641,15.81139,18.38478,21.0238,19.69772,21.93171,22.36068,25.4951,25.55386,25.55386,25.55386,26.41969,28.17801,27.313,29.06888,30.08322,31.38471,33.24154,32.31099,32.89377,35.73514,35.8469,39.0,38.8973,40.49691,40.49691,43.32436,44.64303,47.01064,44.94441,47.16991,48.75449,48.37355
14.86607,13.92839,13.60147,13.0,11.40175,11.40175,11.18034,10.19804,10.04988,9.05539,9.05539,9.05539,9.0,8.06226,8.24621,8.544,8.544,7.61577,8.06226,8.06226,8.60233,7.81025,8.48528,9.21954,9.89949,10.63015,10.63015,12.04159,12.04159,12.04159,12.04159,12.72792,12.72792,12.04159,12.04159,11.40175,12.20656,11.6619,11.18034,11.18034,10.29563,11.18034,9.84886,9.48683,9.48683,9.48683,8.24621,8.06226,8.06226,7.0,7.07107,6.08276,42.95346,41.59327,42.54409,38.48376,36.40055,34.9285,29.96665,33.10589,28.23119,29.41088,27.89265,24.73863,25.70992,23.19483,22.09072,21.09502,23.08679,20.22375,18.43909,20.39608,19.92486,18.38478,18.35756,19.72308,20.80865,19.84943,21.93171,23.43075,23.43075,24.83948,25.6125,29.73214,27.65863,30.41381,27.80288,29.69848,33.24154,31.14482,31.82766,30.4795,27.65863,30.80584,30.0,29.15476,29.52965,26.41969,26.40076,26.0,22.84732,22.47221,22.13594,22.80351,22.36068,21.09502,19.0,17.02939,17.26268,23.25941,24.69818,21.40093,24.08319,21.26029,22.02272,19.41649,20.24846,20.80865,17.20465,16.55295,12.36932,14.31782,11.18034,10.04988,9.05539,5.38516,3.60555,2.0,2.0,3.60555,6.7082,6.08276,8.24621,11.40175,12.08305,16.12452,15.23155,16.64332,18.35756,18.35756,22.47221,21.09502,23.70654,23.02173,25.4951,24.59675,25.94224,26.0,27.51363,28.63564,28.4605,31.01612,32.31099,32.28002,31.32092,33.95585,37.85499,36.13862,36.68787,41.48494,41.23106,43.32436,40.5216,45.88028,46.17359,43.32436
14.31782,12.64911,12.36932,11.7047,11.40175,10.44031,10.19804,10.04988,9.21954,8.06226,8.0,8.06226,7.07107,7.28011,7.28011,7.61577,7.2111,7.2111,7.81025,7.07107,7.07107,7.81025,8.60233,9.43398,10.0,10.0,10.29563,11.6619,11.6619,12.52996,11.6619,12.20656,12.20656,12.80625,12.80625,12.04159,12.04159,12.04159,11.40175,10.63015,11.40175,11.40175,10.81665,9.43398,9.43398,9.43398,8.94427,8.544,8.544,7.28011,7.07107,6.08276,90.35486,82.8553,77.82031,76.05919,73.82412,64.3506,67.60178,68.02941,52.39275,57.27128,57.97413,46.84015,49.0306,47.85394,44.01136,43.04649,43.10452,37.21559,35.1141,38.8973,35.35534,37.57659,35.38361,37.64306,36.87818,38.28838,48.41487,46.87217,47.20169,55.75841,49.81967,57.14018,55.47071,60.53924,61.40033,66.0303,66.8431,66.0303,65.8559,66.52819,63.65532,65.79514,62.24147,63.00794,61.07373,58.60034,55.75841,57.80138,49.24429,50.53712,46.09772,46.61545,41.76123,41.59327,41.30375,39.20459,34.0147,55.07268,53.60037,53.15073,56.72742,55.44367,48.54894,45.79301,48.30114,44.77723,37.33631,37.69615,34.0147,30.14963,31.40064,23.34524,16.0,16.49242,9.48683,5.09902,6.08276,1.0,9.43398,12.08305,13.89244,18.60108,23.76973,27.20294,29.41088,32.80244,36.40055,42.43819,45.48626,44.41846,43.41659,48.54894,46.32494,51.31277,51.97115,50.11986,57.69749,55.47071,56.46238,59.03389,64.07808,62.36185,74.2159,67.6757,74.46476,71.7844,78.1089,79.37884,83.24062,91.08238,82.0061,91.18114,88.23831,95.46203
14.42221,13.0384,13.0384,13.0384,12.20656,10.29563,9.84886,9.84886,9.48683,8.544,8.24621,8.06226,8.06226,7.0,7.0,8.06226,7.07107,6.32456,6.7082,6.7082,6.7082,7.2111,7.81025,8.48528,8.48528,9.21954,10.63015,10.63015,10.63015,11.40175,11.31371,11.31371,11.31371,11.31371,12.04159,11.40175,12.20656,10.81665,10.81665,10.29563,10.29563,9.84886,9.84886,9.84886,8.544,8.544,8.24621,8.06226,8.06226,8.0,7.07107,6.08276,89.14034,80.72174,80.1561,77.98718,71.70077,69.42622,63.89053,60.80296,65.0,54.40588,53.53504,45.65085,48.75449,46.61545,44.28318,38.83298,37.65634,38.11824,40.0125,38.63936,37.21559,35.51056,35.34119,38.94868,38.48376,42.72002,40.80441,48.83646,44.55334,48.10405,50.32892,58.79626,58.0,57.98276,60.959,61.6198,62.00806,63.63961,66.21933,70.21396,62.80127,65.76473,66.18912,66.18912,58.66856,61.32699,54.42426,55.65968,47.53946,50.44799,48.50773,47.38143,40.1995,41.04875,39.01282,40.04997,34.20526,55.17246,52.43091,53.53504,51.47815,52.20153,49.0408,45.88028,44.28318,43.41659,38.11824,36.01389,33.06055,28.0,30.26549,22.56103,18.24829,15.52417,13.0384,7.07107,5.83095,5.0,13.0384,11.18034,18.43909,21.93171,22.67157,28.30194,31.14482,36.12478,41.72529,38.27532,45.45327,45.60702,43.93177,50.60632,46.8615,53.2635,48.16638,51.73973,56.58622,58.72819,58.41233,58.0517,69.02898,62.80127,65.19202,68.41053,69.89278,76.27582,77.42093,81.5414,84.90583,87.09191,87.20092,89.87213,88.75246,96.82975
13.0,13.92839,11.7047,11.7047,10.77033,10.77033,9.48683,8.24621,8.24621,7.0,8.06226,7.0,7.07107,6.32456,6.32456,6.32456,6.7082,5.83095,6.40312,6.40312,6.40312,6.40312,7.2111,7.2111,8.06226,8.94427,9.84886,8.94427,11.18034,10.29563,10.29563,10.81665,11.40175,10.81665,11.40175,10.63015,10.63015,10.63015,10.63015,10.63015,10.0,10.0,8.60233,8.60233,8.06226,7.61577,7.61577,7.28011,6.08276,6.08276,6.0,5.09902,84.21995,82.73452,77.98718,71.50524,70.60453,64.53681,65.43699,58.25805,52.43091,53.53504,50.77401,50.11986,46.52956,44.94441,43.08132,35.90265,40.79216,38.11824,37.01351,36.0,36.67424,32.28002,32.69557,38.62642,34.9285,40.71855,41.6173,39.59798,45.96738,55.15433,52.34501,53.75872,50.91169,57.31492,57.31492,59.66574,59.66574,61.7171,64.81512,62.42596,60.53924,61.40033,59.5399,59.5063,54.78138,56.64804,48.76474,53.14132,48.27007,46.32494,48.05206,40.60788,40.11234,41.04875,38.11824,36.49658,35.73514,55.47071,53.07542,53.07542,53.0,53.33854,47.42362,47.92703,45.31004,45.22168,38.8973,36.87818,31.04835,34.52535,28.16026,24.0,19.41649,12.36932,8.60233,6.7082,8.544,7.61577,10.29563,15.0,18.43909,21.26029,28.28427,29.83287,34.82815,33.83785,36.12478,44.04543,45.22168,40.60788,51.08816,46.40043,48.27007,50.44799,54.48853,49.51767,56.56854,57.28001,60.0,63.03174,63.25346,63.00794,70.83078,71.56116,68.24222,73.78347,72.94518,80.70936,85.95929,84.0595,85.14693,90.97252,82.92768,83.24062
14.31782,13.34166,13.15295,12.36932,12.16553,11.18034,11.04536,9.05539,10.0,9.0,9.0,9.05539,8.06226,8.06226,7.28011,7.61577,6.7082,7.2111,7.2111,7.07107,7.07107,7.07107,7.2111,8.60233,8.60233,8.06226,9.84886,10.29563,10.29563,11.18034,10.81665,10.81665,11.6619,10.81665,10.81665,11.40175,10.63015,10.63015,10.63015,10.63015,10.0,10.0,9.43398,8.60233,9.43398,8.06226,7.61577,7.61577,7.28011,7.07107,7.0,6.0,43.08132,41.78516,40.80441,36.40055,38.62642,33.52611,34.48188,33.24154,28.63564,27.89265,25.96151,24.33105,25.31798,23.0,20.09975,22.2036,21.2132,22.36068,18.43909,20.24846,17.46425,18.78829,16.40122,18.43909,17.69181,20.51828,18.38478,21.40093,24.41311,22.47221,24.18677,25.94224,25.23886,26.92582,26.41969,30.80584,30.23243,31.90611,29.73214,31.241,32.64966,28.3196,31.14482,28.3196,27.65863,28.01785,26.92582,27.45906,24.18677,24.59675,22.36068,21.47091,21.54066,20.88061,19.10497,17.02939,18.0,26.07681,25.4951,23.76973,21.93171,24.59675,21.9545,20.24846,20.24846,19.20937,16.40122,15.6205,14.21267,14.86607,12.04159,9.21954,7.81025,6.40312,3.60555,4.0,5.0,5.83095,8.06226,9.21954,11.18034,14.86607,16.27882,17.0,17.08801,20.24846,22.47221,21.18962,25.63201,25.55386,24.16609,26.0,27.73085,27.51363,28.16026,28.4605,31.32092,31.04835,32.98485,30.80584,35.69314,32.28002,36.34556,38.63936,38.32754,40.31129,39.62323,42.57934,42.57934,44.14748,41.59327,46.09772,43.56604,45.12206
13.0384,13.0,12.0,12.0,11.0,10.0,10.04988,9.05539,9.21954,8.24621,8.24621,8.544,8.06226,7.2111,7.2111,7.81025,7.07107,7.07107,7.2111,7.2111,8.06226,7.61577,7.61577,9.48683,9.48683,9.48683,10.19804,11.40175,11.40175,11.40175,11.7047,11.7047,12.64911,11.7047,12.08305,12.08305,11.18034,11.6619,10.81665,10.81665,11.40175,10.0,10.63015,9.21954,9.21954,8.48528,8.60233,8.60233,8.06226,7.61577,7.61577,6.32456,40.04997,40.1995,37.01351,38.0,37.01351,33.01515,32.06244,29.15476,29.06888,27.07397,27.45906,25.07987,24.69818,21.84033,21.18962,19.69772,21.09502,18.02776,16.40122,19.20937,19.20937,18.60108,16.64332,18.35756,18.02776,20.88061,20.88061,22.56103,23.5372,25.31798,25.31798,27.29469,28.44293,29.15476,28.07134,30.80584,31.40064,32.55764,32.57299,30.08322,31.32092,31.95309,29.96665,31.7805,29.52965,29.52965,25.80698,26.92582,25.80698,24.83948,24.20744,20.51828,20.51828,20.80865,20.24846,20.12461,17.08801,18.0,18.02776,19.0263,18.97367,17.08801,15.23155,17.0,14.76482,13.0384,11.40175,9.89949,7.81025,6.40312,6.40312,4.24264,1.0,1.0,3.16228,4.47214,5.09902,8.0,12.0,13.0384,16.27882,16.0,19.0263,18.11077,21.2132,22.36068,24.18677,23.19483,26.1725,27.29469,25.01999,28.44293,30.26549,30.01666,30.06659,31.14482,32.01562,31.14482,33.0,33.01515,35.12834,33.06055,35.12834,36.05551,39.45884,39.05125,40.1995,41.10961,44.40721,44.10215,43.18565,45.17743,42.0,42.04759
12.08305,12.08305,10.29563,11.6619,10.29563,8.94427,8.60233,7.81025,7.81025,7.07107,7.07107,7.2111,7.2111,6.7082,6.32456,6.32456,6.08276,6.08276,6.0,7.07107,7.07107,8.24621,7.07107,8.24621,9.48683,9.48683,9.48683,10.44031,11.40175,11.40175,11.40175,11.40175,11.40175,11.18034,12.16553,11.04536,12.0,11.0,11.04536,10.04988,10.04988,10.19804,9.21954,8.24621,8.24621,7.61577,7.61577,7.61577,7.2111,6.40312,6.40312,5.65685,87.09191,78.1025,75.61085,74.04053,71.8401,65.80274,64.51356,61.09828,57.00877,50.69517,49.64877,47.50789,49.39636,43.60046,40.45986,41.23106,44.65423,41.59327,34.0147,37.58989,38.60052,37.48333,41.01219,39.05125,39.20459,46.0,42.10701,48.50773,48.50773,53.36666,54.58938,58.69412,59.22837,64.7611,63.78871,65.9242,66.75328,72.56032,70.25667,65.00769,67.06713,65.00769,66.18912,63.3877,62.64982,62.96825,57.72348,55.10898,50.01,52.20153,51.86521,49.24429,41.59327,42.43819,39.40812,38.18377,33.42155,40.4475,41.01219,39.31921,36.67424,36.40055,30.08322,30.80584,29.52965,28.17801,25.05993,25.6125,18.60108,14.14214,6.40312,6.40312,5.38516,2.23607,6.40312,12.04159,8.06226,21.0238,23.70654,22.84732,30.8707,36.68787,38.07887,40.79216,48.50773,45.39824,53.15073,46.38965,58.42089,55.44367,52.61179,58.30952,57.42822,55.57877,60.53098,60.41523,66.09841,65.96969,68.00735,67.72001,71.8401,74.04053,71.69379,76.96753,77.25283,79.12016,81.70679,84.15462,87.72685,90.75792,86.68333,92.84934,95.07891,92.47702
12.80625,12.20656,10.81665,10.81665,10.0,9.43398,8.94427,8.544,8.544,7.28011,7.28011,7.07107,7.0,6.0,6.0,6.32456,6.32456,6.32456,5.83095,6.40312,6.40312,7.07107,7.07107,8.48528,9.21954,9.21954,10.0,10.0,10.0,10.81665,10.63015,11.31371,11.31371,11.31371,12.04159,10.63015,11.40175,10.81665,10.81665,10.29563,9.84886,9.84886,8.94427,8.544,8.544,7.28011,7.28011,7.07107,6.0,6.0,6.08276,5.09902,82.66196,81.02469,78.87332,70.0928,70.83784,64.44377,60.10824,62.24147,56.72742,52.20153,48.60041,47.16991,45.22168,42.19005,41.4367,42.2019,38.63936,39.62323,32.38827,33.06055,41.23106,37.65634,36.76955,41.23106,41.62932,46.52956,41.34005,47.70744,52.43091,59.20304,54.91812,58.00862,55.80323,63.89053,60.60528,60.74537,68.50547,65.8635,69.77105,65.9242,67.08204,68.70953,64.62198,66.7308,61.13101,58.46366,54.45181,56.51548,51.78803,51.0,49.0408,46.09772,45.04442,40.79216,39.05125,40.5216,33.24154,41.34005,41.62932,38.32754,40.31129,38.01316,29.27456,30.0,29.01724,28.28427,25.17936,21.2132,15.52417,13.0,12.52996,10.81665,2.0,2.23607,7.2111,5.0,15.55635,19.84943,21.26029,32.64966,27.65863,34.05877,38.94868,42.63801,41.88078,42.19005,47.88528,48.8774,52.15362,55.47071,52.83938,57.24509,58.83026,56.4358,58.00862,62.00806,63.82006,61.03278,65.94695,68.0147,70.71068,73.66139,70.83784,72.83543,75.74299,74.27651,79.9062,82.13404,89.19641,89.80535,84.14868,91.35097,94.04786,86.97701
13.0,11.7047,11.18034,9.84886,9.84886,8.94427,8.60233,7.2111,7.81025,7.07107,7.07107,6.40312,6.7082,6.7082,5.38516,6.32456,6.08276,6.0,6.0,7.07107,7.07107,8.24621,8.24621,8.544,9.48683,8.544,9.84886,11.7047,10.77033,11.7047,11.40175,11.40175,12.36932,12.36932,12.16553,12.04159,12.04159,11.0,11.0,10.0,10.04988,10.19804,10.04988,9.05539,8.24621,8.24621,7.61577,7.61577,6.7082,6.7082,6.40312,5.65685,83.24062,77.88453,77.07788,70.60453,65.45991,63.90618,58.60034,59.05929,55.00909,51.42956,50.11986,45.22168,46.2277,43.93177,39.05125,37.44329,36.05551,33.61547,35.34119,33.24154,40.31129,39.31921,38.0526,40.04997,43.28972,41.7732,42.95346,44.92215,51.1957,57.24509,54.42426,58.24088,56.32051,61.68468,63.56886,68.88396,69.42622,69.42622,65.62012,63.28507,65.49046,68.06614,64.03124,65.03076,62.07254,62.1289,58.54912,57.42822,53.93515,51.92302,50.32892,46.48656,43.65776,37.58989,38.83298,35.80503,33.24154,40.79216,44.01136,41.19466,43.41659,37.10795,35.73514,32.69557,31.01612,28.17801,23.25941,23.60085,17.49286,15.26434,15.81139,8.06226,4.47214,3.16228,3.0,11.7047,13.0384,15.65248,18.43909,26.92582,28.63564,32.89377,36.05551,35.69314,40.5216,43.56604,48.83646,46.87217,53.75872,52.61179,51.62364,57.07013,55.7315,58.24088,60.44005,60.20797,64.19502,65.45991,65.45991,71.7844,69.857,71.7844,78.54935,74.46476,75.23962,72.49828,79.15807,81.49233,86.35392,90.07774,85.08819,93.0215,93.47192,92.02717
12.20656,11.6619,11.18034,10.29563,10.29563,8.06226,8.544,7.28011,7.28011,7.07107,7.07107,7.0,6.08276,6.08276,6.08276,6.32456,5.83095,5.83095,6.40312,6.40312,6.40312,7.81025,7.81025,8.60233,8.60233,9.43398,10.29563,10.81665,10.81665,10.81665,10.81665,12.20656,11.40175,11.40175,12.04159,11.31371,12.04159,11.40175,10.81665,10.0,9.43398,9.43398,8.94427,8.94427,8.06226,7.61577,7.28011,7.28011,6.08276,7.07107,6.0,5.09902,79.51101,76.83749,74.06079,71.61006,69.11584,61.05735,60.46487,53.7122,56.35601,52.3259,47.85394,40.49691,41.76123,38.83298,38.01316,37.21559,38.32754,34.71311,34.9285,37.33631,41.34005,36.71512,36.61967,40.45986,41.01219,41.72529,46.09772,53.0,48.82622,55.47071,57.45433,62.1289,60.0,62.68174,69.64194,63.25346,68.11755,67.62396,68.62215,67.89698,70.00714,68.88396,61.7171,65.94695,59.90826,65.45991,58.83026,59.5399,51.0,49.65884,49.65884,48.10405,48.76474,45.54119,40.31129,36.12478,34.0147,44.59821,39.82462,40.70626,40.31129,38.60052,34.52535,31.57531,28.01785,27.16616,29.15476,24.33105,19.10497,16.03122,13.34166,9.43398,1.41421,2.0,6.32456,8.60233,10.04988,17.88854,17.88854,29.41088,31.06445,30.88689,39.66106,39.40812,40.45986,42.42641,44.68781,49.64877,50.32892,48.79549,50.20956,59.46427,54.56189,58.72819,60.44005,58.24946,60.80296,60.44005,71.84706,68.24222,67.6757,67.1193,76.02631,71.02112,77.17513,77.02597,80.26207,83.35466,86.35392,88.19297,90.42677,90.82401,89.88882,86.4523
11.40175,11.7047,9.84886,10.77033,9.84886,8.94427,8.60233,7.2111,7.2111,6.40312,7.07107,6.7082,6.7082,6.7082,6.32456,7.28011,7.07107,7.0,8.0,8.0,8.06226,8.06226,8.24621,9.48683,10.44031,10.44031,11.40175,11.40175,13.60147,12.36932,13.34166,13.34166,13.34166,13.15295,13.0384,13.0384,13.0384,13.0,12.0,12.04159,11.04536,11.18034,10.19804,10.19804,10.19804,9.21954,8.544,7.61577,7.61577,8.06226,7.2111,6.40312,77.31753,75.16648,74.52516,67.47592,67.36468,58.54912,62.36986,57.72348,50.69517,44.64303,40.24922,40.71855,38.94868,39.66106,35.4683,31.40064,38.58756,34.98571,30.80584,34.78505,38.60052,34.52535,37.48333,40.04997,39.01282,44.10215,46.87217,52.17279,54.12947,60.16644,59.20304,60.16644,61.81424,65.11528,63.34824,74.43118,70.11419,70.17834,70.02857,68.00735,68.11755,71.02816,65.03076,65.12296,61.66036,61.39218,60.87693,58.46366,54.12024,50.15974,46.09772,46.06517,49.64877,43.909,40.81666,37.64306,32.52691,43.93177,40.31129,38.94868,39.66106,37.20215,38.20995,30.80584,32.01562,29.41088,26.92582,24.69818,22.82542,16.15549,11.40175,9.48683,6.32456,5.38516,4.47214,8.48528,14.31782,12.36932,19.92486,26.4764,28.16026,27.01851,35.90265,37.21559,40.31129,39.05125,41.04875,46.04346,51.15662,49.0408,51.0392,54.03702,56.00893,53.00943,56.32051,57.00877,62.39391,61.40033,60.20797,68.46897,70.71068,64.13267,72.03471,71.30919,74.46476,75.50497,80.60397,79.55501,80.77747,85.32878,83.95237,86.88498,91.78235,88.11924
11.7047,10.77033,10.29563,9.84886,8.94427,8.06226,7.81025,7.2111,7.07107,6.40312,6.40312,5.83095,6.32456,6.32456,6.08276,7.0,7.07107,6.08276,6.32456,7.28011,7.28011,8.06226,8.94427,9.43398,9.43398,9.43398,10.81665,11.6619,13.0384,13.0384,11.6619,12.52996,12.52996,12.08305,13.0,12.64911,12.64911,12.36932,11.18034,11.18034,10.19804,10.19804,10.04988,9.05539,9.05539,8.0,8.0,8.0,7.07107,7.28011,6.32456,5.38516,70.77429,76.32169,76.47876,68.44706,66.64833,58.18075,53.85165,53.0,50.77401,50.0,49.81967,38.20995,44.59821,37.44329,36.61967,33.28663,37.65634,35.35534,33.37664,33.01515,34.0147,34.23449,36.40055,36.76955,37.69615,44.28318,42.54409,48.8774,54.40588,54.56189,55.22681,59.64059,57.98276,68.8186,59.64059,65.51336,70.83078,69.46222,67.1193,65.19202,67.1193,68.94926,65.78754,65.78754,61.68468,59.90826,60.01666,58.54912,55.10898,51.35173,49.16299,45.0,44.10215,40.1995,40.26164,35.73514,31.76476,45.01111,41.97618,37.36308,38.60052,35.4683,35.34119,31.76476,33.01515,31.89044,24.83948,26.1725,20.51828,16.97056,12.52996,12.20656,4.12311,3.0,7.28011,9.43398,12.20656,13.41641,23.60085,21.0238,33.12099,34.0147,34.17601,35.17101,33.61547,45.70558,46.84015,46.09772,52.17279,53.85165,51.41984,59.13544,54.81788,55.36244,56.04463,56.921,65.14599,60.16644,63.15853,67.06713,65.74192,68.42514,70.68239,74.24284,71.86793,76.05919,76.66159,83.35466,81.9878,86.76981,80.9506,87.23531,86.95401,84.11896
12.16553,12.16553,11.18034,11.40175,9.21954,9.21954,8.544,7.61577,7.61577,7.2111,7.2111,6.40312,6.40312,6.40312,5.83095,6.7082,6.32456,6.08276,7.07107,7.0,7.0,7.07107,7.07107,8.24621,9.21954,9.21954,11.40175,10.19804,11.18034,11.40175,11.18034,12.16553,12.16553,12.04159,12.04159,12.0,12.0,11.04536,10.19804,10.04988,10.19804,10.19804,9.21954,8.24621,8.544,8.544,7.61577,7.2111,7.2111,6.40312,5.65685,5.65685,39.01282,36.0,38.63936,36.05551,34.23449,34.0147,28.28427,30.14963,24.5153,25.4951,22.80351,21.93171,23.08679,18.02776,17.20465,19.10497,19.79899,17.20465,16.40122,15.81139,18.38478,16.15549,17.46425,19.10497,19.0263,20.02498,22.0,23.34524,24.08319,27.29469,25.01999,28.28427,27.16616,31.257,29.27456,33.06055,33.06055,33.06055,33.01515,31.06445,31.0,31.14482,29.27456,31.257,30.80584,30.59412,28.16026,26.24881,24.69818,24.16609,22.36068,21.9545,18.86796,17.80449,19.84943,16.97056,16.27882,21.0238,20.61553,18.97367,20.61553,19.23538,17.0,15.26434,15.81139,14.21267,10.63015,11.40175,10.0,7.07107,7.2111,3.60555,2.23607,3.0,4.0,5.38516,6.08276,9.0,12.0,12.04159,14.0,16.03122,17.02939,21.37756,22.2036,20.09975,25.01999,23.19483,26.01922,27.16616,27.07397,27.16616,29.15476,26.1725,30.01666,29.06888,32.0,33.01515,31.06445,35.0571,35.22783,36.12478,37.10795,36.67424,39.05125,39.62323,41.59327,40.02499,42.75512,45.54119,42.42641,45.54119,45.54119,44.18144
13.15295,13.0384,12.0,12.04159,11.04536,10.04988,9.0,9.05539,9.05539,8.24621,8.24621,7.28011,7.61577,6.7082,6.7082,6.40312,6.40312,6.40312,6.40312,6.40312,7.2111,6.7082,7.61577,7.61577,8.544,9.21954,9.21954,10.44031,10.44031,10.44031,10.77033,10.77033,12.08305,11.18034,11.18034,11.6619,10.81665,11.40175,10.0,10.63015,9.89949,9.89949,9.21954,9.21954,8.60233,8.60233,8.06226,7.61577,7.61577,7.28011,7.07107,6.08276,42.42641,40.4475,40.11234,36.12478,35.0571,30.26549,31.06445,30.06659,27.01851,26.0,25.07987,22.36068,22.56103,23.08679,18.97367,17.0,21.63331,18.02776,19.72308,16.27882,19.79899,14.86607,18.02776,17.88854,19.23538,21.93171,19.92486,21.58703,23.34524,23.19483,23.5372,27.07397,26.4764,29.42788,28.28427,32.01562,32.98485,30.80584,32.89377,30.08322,30.08322,32.20248,28.17801,29.52965,29.15476,29.15476,27.45906,25.80698,23.60085,24.08319,24.08319,22.02272,20.61553,18.86796,18.02776,16.15549,16.27882,18.11077,18.68154,18.97367,16.76305,17.0,15.65248,15.81139,14.86607,12.52996,10.81665,10.63015,5.65685,7.81025,5.83095,4.0,3.0,2.82843,4.24264,5.83095,7.28011,11.18034,10.77033,13.15295,16.27882,15.29706,18.11077,19.64688,20.61553,21.84033,24.33105,22.80351,26.57066,25.96151,25.70992,25.70992,26.68333,28.44293,29.61419,29.42788,33.13608,32.14032,34.05877,33.37664,36.0,35.0571,37.05401,37.12142,37.01351,40.0125,43.01163,41.0,42.0119,44.0,42.0119,44.01136,44.01136,44.04543
13.60147,12.64911,11.7047,11.7047,10.77033,9.84886,10.29563,9.43398,9.43398,8.60233,7.81025,8.48528,7.81025,7.81025,7.81025,7.2111,6.7082,7.61577,7.28011,7.28011,7.07107,8.06226,8.06226,9.0,9.0,10.0,10.04988,10.0,11.0,11.04536,11.0,12.0,12.0,11.04536,12.04159,11.04536,11.18034,11.18034,11.40175,10.44031,10.77033,9.84886,9.84886,9.84886,8.94427,8.94427,8.60233,7.81025,7.2111,7.07107,6.40312,6.40312,82.21922,79.1012,77.00649,77.23341,71.25307,68.02941,63.0,66.0,59.0,53.23533,53.23533,44.18144,47.51842,44.38468,43.68066,46.64762,43.04649,37.21559,36.67424,35.4683,41.03657,39.59798,37.73592,40.81666,38.47077,45.69464,45.18849,46.48656,46.8188,50.44799,52.17279,56.64804,54.81788,58.24088,57.28001,67.06713,60.74537,65.39113,63.13478,63.06346,61.77378,62.43397,60.21628,60.60528,58.41233,59.81639,58.79626,50.20956,53.03772,45.34314,46.2277,47.01064,42.72002,41.23106,36.23534,35.44009,34.20526,39.81206,36.12478,38.20995,34.71311,34.71311,32.01562,29.15476,27.313,28.23119,23.25941,22.82542,19.72308,14.42221,13.92839,8.06226,6.08276,8.24621,8.60233,9.05539,10.04988,17.0,22.02272,24.02082,25.07987,32.06244,37.01351,38.20995,40.4475,43.93177,45.09989,44.40721,51.35173,52.7731,52.15362,55.44367,58.21512,50.48762,58.03447,58.00862,62.07254,63.03174,63.07139,66.00758,71.25307,68.35934,72.11103,79.22752,74.54529,76.23647,82.1523,81.49847,87.46428,92.43917,85.58621,86.37129,89.20202,87.20665
13.34166,12.16553,11.04536,10.04988,10.04988,9.05539,9.0,8.0,8.06226,7.07107,7.28011,6.32456,6.7082,6.7082,6.7082,6.40312,6.40312,7.07107,6.40312,7.2111,7.2111,7.61577,8.06226,8.544,9.84886,9.48683,10.77033,10.77033,10.77033,11.7047,11.18034,11.18034,12.08305,11.6619,11.6619,12.20656,11.40175,10.63015,10.63015,10.63015,9.89949,9.21954,9.21954,8.60233,8.60233,8.06226,7.61577,6.7082,7.28011,6.32456,6.08276,5.09902,43.17407,40.02499,39.45884,34.52535,33.54102,32.28002,30.41381,29.27456,27.07397,23.08679,24.08319,20.09975,22.36068,19.41649,19.41649,19.23538,20.12461,18.38478,17.0,17.80449,19.10497,17.80449,20.24846,18.86796,18.35756,21.93171,20.61553,24.04163,22.47221,25.96151,24.5153,28.44293,27.85678,30.36445,29.83287,30.46309,31.95309,33.24154,29.96665,28.63564,29.96665,30.52868,30.80584,30.01666,28.01785,28.6007,27.65863,26.1725,25.4951,23.34524,21.93171,22.47221,20.80865,19.41649,19.23538,17.08801,15.29706,22.0,22.36068,19.41649,21.84033,20.88061,17.88854,17.88854,16.12452,16.55295,14.31782,15.0,12.80625,10.29563,11.18034,8.94427,5.83095,5.09902,2.0,4.47214,5.65685,8.544,10.44031,12.64911,14.31782,15.52417,16.27882,17.72005,22.13594,20.61553,25.0,23.08679,27.51363,28.4605,26.92582,28.86174,26.92582,25.70992,28.63564,29.42788,31.257,33.73426,32.38827,32.38827,35.0571,35.12834,37.12142,37.12142,37.0,40.04997,42.0119,41.0,42.04759,43.18565,42.10701,50.24938,48.04165,48.16638
14.56022,13.34166,12.16553,12.16553,11.18034,10.04988,10.04988,9.0,9.0,8.06226,8.06226,8.24621,7.28011,6.7082,7.61577,7.2111,7.81025,7.07107,7.07107,7.81025,7.81025,8.06226,8.06226,8.94427,10.29563,9.84886,10.77033,11.18034,12.08305,12.08305,12.08305,12.52996,12.52996,11.6619,13.0384,12.20656,12.80625,12.04159,12.04159,11.31371,11.31371,10.63015,10.63015,10.0,9.43398,8.06226,8.94427,8.06226,7.61577,7.61577,7.07107,6.08276,41.23106,40.5216,39.81206,39.05125,38.32754,31.57531,32.98485,28.63564,29.27456,26.1725,26.0,24.0,23.02173,21.09502,20.22375,21.18962,18.02776,17.08801,15.65248,19.41649,17.69181,19.10497,17.02939,17.80449,18.86796,22.47221,22.36068,24.04163,23.4094,24.35159,26.57066,28.79236,28.23119,28.4605,29.41088,30.46309,33.54102,31.30495,34.48188,34.1321,31.38471,30.80584,31.06445,30.61046,27.58623,33.30165,29.0,26.90725,24.04163,24.20744,23.43075,22.47221,20.59126,21.0238,18.02776,18.38478,15.29706,22.09072,20.22375,21.58703,20.39608,21.18962,19.31321,16.55295,15.65248,17.46425,15.65248,12.52996,11.18034,10.81665,8.06226,8.06226,5.38516,6.08276,5.0,4.24264,5.0,8.06226,9.43398,11.7047,13.34166,14.86607,16.76305,18.02776,18.38478,21.18962,21.84033,25.70992,24.04163,24.04163,27.85678,26.92582,27.20294,29.12044,29.83287,29.42788,32.24903,31.257,34.05877,32.14032,35.12834,32.06244,36.12478,38.20995,39.01282,39.11521,45.09989,39.01282,44.0,44.04543,48.04165,47.26521,42.19005,45.54119
13.60147,12.36932,11.18034,12.36932,10.19804,9.21954,9.05539,8.06226,8.06226,7.0,7.0,7.07107,6.32456,6.32456,5.38516,5.83095,6.40312,5.65685,6.40312,5.83095,5.83095,6.7082,6.7082,7.61577,8.24621,8.544,9.48683,10.44031,10.44031,10.44031,10.77033,10.77033,10.77033,10.77033,11.18034,10.29563,10.81665,10.0,10.0,10.0,9.21954,9.21954,8.48528,8.48528,7.81025,7.2111,7.2111,6.7082,6.7082,5.38516,5.09902,5.09902,41.34005,41.59327,42.15448,40.71855,39.92493,34.48188,34.53983,33.10589,26.92582,29.41088,24.73863,23.5372,24.18677,19.10497,21.2132,19.10497,18.43909,17.26268,17.08801,17.88854,18.35756,16.64332,16.97056,16.97056,18.43909,19.20937,21.09502,22.82542,24.59675,23.25941,25.94224,26.92582,26.83282,28.63564,28.63564,29.15476,33.12099,32.75668,31.62278,30.80584,31.40064,29.06888,29.73214,30.41381,28.42534,26.90725,27.01851,25.0,25.0,23.85372,23.32381,21.9545,20.61553,19.31321,18.68154,18.43909,16.03122,22.13594,21.93171,22.82542,23.02173,20.0,20.0,17.80449,17.69181,17.69181,16.27882,14.86607,12.72792,12.04159,10.0,8.48528,6.40312,7.28011,4.0,5.38516,8.48528,8.48528,10.81665,12.80625,13.89244,17.20465,17.49286,19.41649,22.2036,21.40093,25.23886,24.20744,25.80698,26.40076,26.62705,28.84441,31.06445,29.52965,31.76476,30.41381,31.30495,32.20248,34.17601,35.4683,35.1141,34.78505,34.48188,37.64306,40.5216,40.80441,44.92215,44.27189,47.29693,48.08326,43.9659,48.70318,49.98,45.88028
13.0384,12.20656,11.6619,11.6619,10.29563,9.43398,8.544,7.61577,7.61577,7.07107,7.07107,7.0,6.0,6.08276,6.08276,6.32456,5.83095,5.83095,6.40312,6.40312,7.07107,7.07107,7.81025,8.60233,8.60233,9.43398,10.29563,10.81665,11.6619,10.81665,11.40175,11.40175,12.04159,12.04159,12.04159,11.31371,12.04159,10.0,10.0,10.0,9.43398,10.29563,8.94427,8.94427,8.94427,7.61577,7.28011,7.28011,6.32456,6.08276,6.0,5.0,90.42677,81.40025,81.12336,75.21303,76.40026,71.28113,67.41662,67.74216,56.4358,54.20332,49.65884,45.69464,47.16991,40.5216,41.48494,37.33631,39.11521,38.0526,34.52535,36.40055,39.39543,34.9285,35.51056,36.12478,40.0,41.03657,43.13931,47.63402,47.80167,50.44799,50.21952,56.85068,56.85948,60.60528,56.85068,65.94695,65.29931,67.47592,64.3506,63.89053,61.55485,61.85467,62.00806,61.05735,61.05735,56.82429,56.36488,55.00909,49.39636,48.08326,49.72927,45.89118,41.48494,40.1995,39.45884,34.05877,32.38827,46.95743,45.22168,43.26662,44.04543,37.48333,36.06938,35.35534,36.40055,32.64966,28.6531,25.94224,25.05993,20.0,18.60108,11.6619,10.63015,14.14214,8.544,14.42221,19.72308,17.80449,24.08319,25.23886,32.55764,31.82766,33.28663,35.38361,41.72529,43.13931,47.01064,45.25483,52.49762,54.20332,51.22499,58.0,58.0517,57.38467,59.64059,54.81788,61.58734,65.45991,64.66065,68.96376,71.69379,73.79024,73.06162,77.41447,78.26238,80.23092,83.18654,86.33076,88.14193,93.64828,86.8159,98.83825,102.47439,97.94897
13.92839,12.64911,12.08305,11.7047,10.77033,9.84886,8.94427,8.94427,8.06226,7.2111,7.81025,7.07107,7.07107,6.40312,6.40312,6.7082,6.32456,6.32456,6.08276,6.08276,7.07107,7.0,8.0,8.06226,8.06226,9.21954,10.19804,10.19804,10.19804,11.18034,10.04988,11.04536,12.04159,11.0,12.0,11.0,11.04536,11.04536,10.19804,9.21954,9.48683,9.48683,9.48683,8.544,8.94427,7.61577,8.06226,7.2111,7.07107,7.07107,6.40312,5.83095,88.29496,80.04998,85.70298,71.47027,73.37575,67.68309,66.12866,66.09841,57.24509,53.31041,49.1935,50.77401,44.10215,40.22437,39.82462,34.65545,43.27817,35.0,41.40048,36.24914,37.85499,37.94733,36.34556,35.12834,33.01515,41.10961,43.73786,47.07441,50.35871,52.20153,51.97115,57.28001,54.57105,57.27128,58.5235,64.77654,64.32729,65.9242,63.1981,65.06919,64.07027,61.0082,59.03389,61.52235,58.54912,56.22277,53.93515,55.54278,52.20153,44.92215,45.31004,45.18849,43.82921,40.31129,41.23106,31.14482,33.30165,36.76955,38.32754,37.48333,38.0526,33.06055,28.44293,25.4951,27.20294,26.24881,22.13594,23.25941,20.88061,15.52417,9.0,11.04536,7.2111,7.07107,7.28011,10.19804,16.76305,19.23538,23.34524,30.41381,26.4764,29.27456,40.60788,39.31921,41.97618,47.26521,49.25444,48.05206,52.46904,47.67599,51.35173,53.75872,54.74486,56.51548,58.24088,58.69412,61.68468,65.52099,61.68468,64.84597,67.23095,72.61543,65.30697,71.86793,77.38863,78.29432,81.5414,83.00602,89.55445,92.70383,83.7735,97.9898,97.16995,97.14422
13.45362,12.80625,11.40175,11.40175,10.81665,10.0,9.43398,8.94427,8.544,7.61577,8.24621,8.06226,7.07107,7.0,7.0,7.07107,7.28011,7.28011,7.61577,7.61577,8.06226,8.06226,8.60233,8.60233,9.21954,9.21954,10.63015,11.40175,11.40175,11.40175,12.04159,12.20656,12.20656,11.6619,12.20656,11.6619,11.6619,11.18034,10.77033,10.77033,10.44031,10.44031,10.44031,9.48683,9.21954,8.24621,8.06226,8.0,7.0,7.0,7.07107,6.08276,86.27862,84.95881,80.61017,72.86288,80.65978,68.68042,62.2254,58.79626,60.20797,50.60632,53.00943,49.39636,50.56679,45.17743,39.56008,40.02499,42.29657,39.05125,35.0571,39.20459,39.56008,41.76123,38.60052,40.70626,42.05948,45.65085,47.43416,46.75468,50.80354,53.07542,56.22277,56.63921,60.44005,56.72742,65.19202,60.60528,63.60031,65.60488,68.50547,66.7308,64.88451,65.30697,66.64083,65.55151,61.32699,60.72891,54.70832,57.87055,49.72927,49.0306,47.85394,48.50773,46.09772,44.10215,38.47077,38.20995,31.62278,40.49691,36.05551,39.56008,36.13862,35.51056,30.14963,29.06888,25.0,26.0,22.02272,18.11077,17.26268,16.49242,10.0,7.07107,1.0,3.60555,8.60233,11.31371,12.80625,17.80449,22.02272,26.07681,29.83287,31.90611,36.12478,41.88078,39.66106,41.67733,43.82921,47.70744,49.64877,51.10773,49.92995,54.40588,58.24946,57.00877,54.03702,56.63921,63.25346,62.482,67.88225,68.593,71.42129,67.26812,64.03124,70.83784,73.10951,76.57676,84.95881,82.46211,86.05231,88.72993,82.80097,92.95698,90.52072,95.58766
14.14214,13.15295,12.36932,12.16553,11.40175,10.19804,10.44031,9.48683,9.48683,8.94427,8.94427,8.60233,7.81025,8.48528,7.07107,7.81025,7.81025,8.06226,7.61577,8.544,8.24621,8.24621,8.24621,10.04988,10.04988,10.04988,11.04536,12.04159,12.16553,13.0384,12.16553,13.15295,13.15295,12.16553,13.34166,12.64911,12.64911,12.08305,12.08305,11.18034,11.6619,10.81665,10.29563,9.43398,10.0,10.0,9.21954,8.48528,7.81025,7.81025,7.2111,6.7082,78.05767,80.1561,80.025,78.1025,78.16009,68.0,64.00781,66.06815,57.07889,55.08176,54.45181,48.16638,50.21952,44.92215,42.05948,42.05948,42.19005,36.12478,37.01351,41.86884,39.62323,40.31129,35.35534,42.48529,37.94733,44.38468,47.80167,46.52956,51.78803,54.91812,52.17279,59.22837,58.46366,62.58594,65.76473,63.24555,61.84658,67.41662,67.77905,67.77905,68.54196,66.30988,66.18912,65.30697,60.46487,62.62587,55.44367,57.62812,50.32892,49.57822,46.8615,45.80393,44.65423,42.72002,37.58989,41.59327,36.05551,38.20995,37.36308,38.07887,37.12142,38.01316,32.44996,28.3196,29.0,26.90725,23.02173,23.32381,16.64332,15.65248,13.60147,11.04536,7.07107,3.0,8.60233,7.61577,12.08305,14.56022,22.47221,22.02272,27.89265,32.38827,34.23449,35.0571,38.32754,43.28972,44.10215,46.17359,49.25444,53.46027,49.64877,54.33231,58.42089,53.00943,59.03389,61.0,62.07254,59.07622,65.0,65.00769,70.06426,67.36468,68.73136,69.72087,76.79193,78.77182,79.51101,81.49847,85.51023,86.20905,88.45903,93.64828,86.46965,93.13431
12.04159,12.0,11.0,11.0,10.0,9.0,8.06226,8.06226,8.24621,7.28011,6.32456,6.7082,5.83095,5.65685,6.40312,6.40312,6.40312,5.83095,6.7082,6.7082,7.61577,7.28011,7.28011,8.06226,9.05539,9.05539,10.04988,10.04988,11.04536,11.18034,11.18034,11.40175,11.40175,11.40175,11.7047,11.7047,10.77033,10.29563,10.29563,10.29563,10.0,10.0,10.0,8.60233,8.48528,7.81025,7.81025,6.40312,7.2111,5.83095,6.32456,5.09902,82.20097,76.53104,77.10383,72.69113,71.56815,68.26419,57.14018,60.07495,52.15362,53.0,53.15073,50.03998,51.1957,42.2019,44.01136,41.78516,39.44617,36.35932,35.80503,39.82462,42.0119,37.01351,40.81666,36.67424,42.05948,46.51881,47.80167,47.07441,55.31727,60.01666,56.88585,63.50591,59.22837,65.96969,63.3877,70.83078,69.12308,70.5195,66.09841,67.23095,67.06713,70.38466,65.76473,63.50591,62.26556,67.6757,59.40539,57.42822,53.41348,53.15073,50.20956,50.93133,48.27007,43.909,44.10215,37.12142,35.44009,41.6173,41.86884,39.69887,37.80212,36.61967,32.75668,32.31099,28.86174,29.41088,24.5153,21.2132,17.02939,21.0238,13.60147,11.40175,3.0,5.0,10.63015,10.0,16.49242,14.56022,20.09975,24.18677,29.06888,33.01515,36.22154,36.87818,36.67424,43.68066,46.09772,43.01163,51.5461,50.28916,52.81098,54.40588,53.75872,53.85165,57.72348,55.54278,59.22837,61.18823,66.91039,68.73136,68.35934,69.26038,74.02702,77.10383,71.17584,76.1643,78.02564,78.00641,87.0,91.19759,89.08984,90.27181,89.20202,88.27797
14.03567,13.0,12.0,11.0,11.0,10.0,10.04988,9.21954,8.24621,8.544,8.544,7.61577,7.2111,7.2111,6.40312,7.07107,7.07107,7.2111,6.7082,8.06226,7.61577,8.544,8.544,9.21954,9.21954,9.21954,10.19804,12.16553,11.18034,12.16553,11.40175,12.36932,12.36932,11.7047,11.7047,12.08305,12.08305,11.6619,10.81665,10.81665,10.81665,10.0,10.63015,9.21954,9.21954,8.48528,8.60233,8.60233,8.06226,7.61577,7.61577,6.08276,84.0,76.0,78.00641,73.00685,66.1211,61.03278,64.93843,62.20129,57.07013,52.46904,50.69517,44.92215,47.53946,43.86342,40.81666,39.96248,43.27817,38.18377,38.20995,34.48188,36.71512,37.58989,39.39543,39.29377,42.72002,46.69047,46.09772,53.23533,53.23533,57.00877,55.08176,59.03389,57.07889,62.0,65.03076,70.71068,66.48308,68.35934,70.71068,67.46851,60.63827,67.68309,63.56886,64.51356,61.32699,63.15853,60.37384,51.88449,53.53504,50.47772,48.60041,46.40043,48.01042,43.13931,39.69887,39.66106,34.88553,38.60052,38.01316,36.71512,39.66106,38.41875,34.65545,28.42534,26.83282,25.55386,21.0238,25.4951,17.08801,17.02939,12.04159,7.0,5.83095,7.2111,6.7082,7.28011,14.21267,13.0,21.37756,23.5372,26.68333,30.14963,36.49658,35.01428,39.01282,45.27693,47.01064,47.16991,50.15974,54.23099,53.15073,53.33854,58.00862,54.08327,58.30952,60.07495,62.0,64.00781,63.50591,65.19202,71.56815,68.593,68.24954,69.72087,72.18033,79.76215,77.92946,79.76215,85.70881,88.28363,80.23092,91.24144,89.26926,87.57283
11.40175,11.40175,12.04159,9.89949,9.21954,8.48528,7.81025,7.81025,7.2111,6.7082,6.7082,6.32456,6.08276,6.08276,6.0,6.08276,6.08276,6.32456,6.32456,6.7082,7.61577,7.2111,8.06226,8.60233,8.60233,9.21954,10.0,11.40175,11.40175,11.40175,11.6619,11.6619,12.20656,11.6619,11.6619,11.18034,11.7047,11.40175,10.44031,10.44031,10.19804,10.19804,9.21954,9.21954,9.05539,8.06226,8.0,7.0,7.07107,6.08276,6.32456,5.38516,82.0061,77.42093,75.43209,75.47185,69.02898,66.06815,63.03174,55.86591,52.34501,48.10405,46.2277,44.82187,45.22168,43.38202,42.04759,42.72002,40.79216,39.01282,36.22154,35.01428,34.36568,35.51056,34.53983,38.62642,43.38202,46.14109,44.65423,49.92995,50.47772,55.0,53.90733,58.79626,57.14018,64.03124,62.20129,67.41662,69.97142,69.64194,71.11962,70.68239,64.88451,60.83584,66.12866,66.7308,62.03225,61.84658,57.72348,58.24946,49.16299,49.49747,51.0,47.16991,45.09989,38.83298,42.42641,38.60052,32.69557,47.80167,41.59327,43.56604,35.01428,40.0125,33.06055,33.37664,31.57531,31.95309,25.63201,21.54066,18.78829,19.41649,13.45362,5.38516,7.28011,4.0,6.08276,10.0,15.65248,14.21267,28.3196,23.34524,29.0,25.4951,30.0,37.20215,40.81666,40.49691,49.40648,44.94441,51.0,52.47857,53.22593,53.22593,51.89412,54.3783,58.24946,62.00806,62.20129,62.42596,65.43699,67.20119,70.0928,67.35726,67.35726,70.03571,76.38063,75.69016,79.93122,81.34494,84.14868,87.04596,80.72174,92.02174,90.55385,92.09777
12.80625,12.04159,12.04159,11.31371,9.89949,9.21954,9.21954,8.60233,8.06226,8.06226,7.61577,7.28011,7.28011,7.07107,7.07107,7.07107,7.07107,6.08276,7.28011,7.61577,7.61577,8.06226,8.06226,9.21954,10.0,10.0,10.63015,12.04159,12.04159,12.04159,12.04159,12.80625,12.80625,12.20656,12.20656,12.52996,12.52996,12.08305,12.08305,11.18034,10.77033,10.77033,10.44031,10.44031,9.21954,9.21954,9.05539,8.06226,8.0,8.0,8.06226,6.32456,80.60397,83.09633,77.69813,72.42237,73.00685,64.07027,58.5235,60.74537,51.10773,48.8774,45.31004,43.9659,41.23106,36.87818,34.71311,40.04997,38.83298,36.67424,35.69314,35.73514,38.47077,40.70626,35.4683,38.18377,40.60788,43.41659,45.80393,53.85165,51.61395,58.66856,55.56978,60.03332,60.21628,68.50547,67.41662,70.45566,70.17834,66.85058,73.40981,73.60027,67.62396,68.62215,68.593,66.48308,64.44377,62.80127,63.25346,59.90826,57.42822,52.47857,48.37355,50.08992,47.01064,42.72002,40.26164,40.79216,38.11824,44.38468,43.18565,42.10701,41.19466,36.87818,35.90265,34.48188,33.54102,29.54657,29.54657,28.01785,20.80865,17.80449,14.76482,13.60147,9.84886,6.32456,8.06226,8.544,12.0,15.81139,22.80351,21.40093,28.30194,31.62278,31.62278,35.38361,40.31129,38.8973,46.09772,41.23106,49.67897,46.01087,48.83646,50.9902,51.73973,51.66237,55.9017,55.31727,60.10824,61.55485,63.25346,65.43699,67.00746,65.0,65.80274,71.40028,74.33034,76.66159,77.38863,80.45496,83.35466,88.48164,79.05694,94.04786,89.58795,85.44589
12.20656,11.6619,10.29563,10.29563,8.94427,8.94427,8.544,8.24621,7.28011,7.07107,7.0,6.08276,6.08276,6.32456,5.38516,6.7082,5.83095,6.40312,6.40312,6.40312,6.40312,7.2111,8.06226,8.94427,9.84886,9.84886,10.77033,11.18034,11.18034,12.08305,11.6619,12.20656,13.0384,12.20656,12.80625,12.80625,12.04159,11.31371,11.31371,11.31371,10.63015,10.0,10.0,8.60233,9.43398,8.06226,8.544,7.61577,7.28011,7.07107,7.07107,6.0,80.28076,80.80842,70.71068,65.8559,68.0147,63.12686,62.24147,49.57822,49.20366,45.80393,42.05948,42.04759,39.56008,37.69615,36.49658,37.0,35.0571,33.24154,33.37664,36.40055,37.57659,39.44617,34.98571,39.40812,41.40048,47.01064,48.10405,46.09772,52.40229,59.66574,58.25805,62.93648,60.82763,65.11528,69.52697,65.05382,68.62215,69.35416,75.9276,71.21798,70.29225,66.85058,68.7968,71.02816,62.96825,64.49806,62.16912,59.9333,55.54278,54.08327,52.88667,49.72927,46.32494,45.54119,44.04543,39.01282,40.31129,42.57934,40.0,41.4367,38.63936,38.32754,34.48188,30.08322,29.52965,32.55764,27.01851,23.34524,22.36068,21.40093,19.31321,20.24846,11.40175,8.60233,7.61577,8.24621,14.14214,15.52417,21.54066,24.59675,24.18677,33.42155,32.64966,33.30165,37.48333,38.41875,45.45327,42.80187,46.40043,45.0,51.86521,52.43091,54.03702,54.40588,51.73973,54.56189,57.98276,61.6198,65.06919,65.06919,71.06335,64.44377,61.07373,73.66139,72.24957,74.96666,78.1025,79.24645,85.14693,89.82761,82.46211,87.20665,87.69265,88.39118
13.0384,12.20656,10.63015,10.0,10.0,8.60233,9.21954,7.81025,7.81025,7.2111,6.7082,7.61577,6.32456,7.07107,7.07107,7.0,6.08276,7.07107,7.28011,7.61577,7.61577,8.06226,8.06226,9.43398,9.43398,10.0,10.0,11.40175,12.20656,12.20656,11.6619,12.20656,13.0384,11.6619,12.52996,12.08305,12.08305,11.7047,11.7047,11.40175,10.44031,10.19804,10.19804,9.21954,9.05539,9.05539,9.0,9.0,8.0,7.07107,7.28011,6.32456,83.9345,73.68175,70.21396,72.44998,65.39113,57.38467,59.48109,59.5399,50.77401,48.37355,48.01042,38.28838,39.62323,37.01351,34.82815,36.71512,40.24922,39.56008,33.13608,37.05401,33.01515,36.01389,42.57934,40.60788,39.84972,46.57252,46.17359,54.626,53.31041,57.98276,54.58938,60.83584,57.93962,64.88451,66.18912,71.69379,68.54196,70.93659,71.16881,69.57011,73.76313,69.857,70.21396,66.28725,63.1981,61.20457,63.07139,58.13777,55.00909,54.03702,49.25444,50.63596,42.75512,43.01163,41.76123,37.58989,37.44329,43.73786,41.76123,38.91015,38.94868,38.83298,35.38361,35.60899,33.97058,28.6007,28.63564,25.63201,24.35159,20.61553,19.0263,19.23538,14.31782,11.6619,7.2111,10.04988,16.15549,17.0,21.26029,24.04163,27.20294,26.92582,28.84441,30.08322,33.83785,39.56008,45.88028,41.0,46.32494,44.14748,47.80167,48.76474,52.49762,51.24451,54.08327,51.07837,60.16644,60.74537,62.17717,58.69412,67.1193,65.29931,74.24958,69.35416,72.71864,69.83552,77.41447,80.13114,81.49233,90.35486,82.73452,89.47067,88.11924,84.58132
13.0,12.08305,12.52996,11.18034,10.29563,8.94427,8.60233,8.60233,7.81025,7.07107,7.81025,7.2111,6.7082,7.61577,6.32456,7.07107,7.07107,7.0,7.0,8.0,8.06226,8.24621,9.21954,9.48683,10.44031,10.44031,11.7047,12.64911,12.64911,12.64911,12.36932,13.34166,13.34166,12.36932,13.34166,13.15295,13.0384,12.0,12.0,11.0,11.0,11.04536,11.04536,9.05539,9.21954,9.21954,9.21954,8.24621,7.61577,7.61577,7.2111,5.83095,83.48653,77.49194,80.11242,68.02941,63.56099,64.40497,59.48109,60.82763,52.7731,50.11986,48.41487,42.44997,43.86342,40.31129,38.28838,40.49691,43.909,39.39543,37.33631,33.37664,43.04649,37.12142,42.10701,36.22154,48.50773,47.67599,42.37924,51.5461,53.85165,58.18075,58.5235,59.61543,55.71355,64.07808,61.32699,68.68042,68.94926,68.94926,71.56815,66.91039,63.95311,67.47592,64.38167,67.06713,66.06815,59.07622,59.21149,56.0357,53.33854,53.46027,52.63079,47.67599,44.64303,42.15448,38.01316,35.51056,35.60899,43.41659,43.01163,39.31921,42.95346,40.5216,37.57659,33.12099,33.28663,32.24903,25.23886,24.83948,19.20937,16.12452,13.60147,11.18034,4.12311,8.06226,6.32456,7.07107,15.26434,11.6619,18.02776,21.63331,26.0,29.06888,32.69557,34.78505,38.32754,37.94733,49.39636,41.23106,50.96077,47.53946,49.33559,55.7853,50.32892,49.39636,55.71355,50.59644,60.40695,63.15853,62.16912,65.79514,66.24198,71.11962,63.50591,69.35416,73.78347,76.32169,79.17702,83.25863,83.21658,91.70605,79.64923,88.11924,92.5905,89.44272
13.45362,12.80625,11.40175,12.04159,10.81665,10.81665,9.43398,9.43398,8.94427,8.544,8.544,8.24621,8.06226,8.06226,8.0,8.06226,8.06226,8.06226,7.28011,8.544,7.61577,8.94427,8.94427,9.43398,10.29563,10.81665,10.81665,11.6619,12.52996,11.6619,12.52996,12.52996,12.52996,12.52996,13.0,11.7047,12.64911,12.36932,11.40175,11.18034,11.04536,11.04536,10.04988,10.04988,9.0,9.0,8.06226,8.06226,8.24621,7.28011,6.32456,5.83095,78.23682,82.41966,75.60423,73.00685,71.21798,65.94695,65.43699,59.40539,53.07542,50.24938,50.93133,47.50789,49.40648,45.34314,43.82921,40.24922,39.0,38.32754,38.60052,38.83298,45.0,41.04875,37.48333,35.69314,40.5216,43.17407,45.88028,46.61545,52.20153,54.12024,48.8467,53.7122,56.36488,62.6099,61.32699,60.92618,65.0,63.56886,66.21933,64.56005,63.56099,64.13267,66.61081,61.40033,62.03225,63.1981,56.00893,58.00862,49.36598,48.83646,47.51842,43.93177,44.64303,43.46263,39.66106,37.73592,34.71311,42.42641,41.40048,43.56604,38.62642,40.49691,31.62278,31.04835,32.24903,30.14963,29.01724,24.0,20.02498,19.23538,13.15295,8.06226,7.28011,4.47214,4.12311,7.28011,14.31782,13.45362,20.80865,22.67157,25.80698,28.63564,34.4093,36.35932,38.58756,38.83298,47.16991,47.01064,51.10773,48.8467,51.62364,52.7731,54.91812,55.75841,55.80323,54.67175,57.62812,61.22091,66.6033,64.66065,70.17834,66.52819,64.38167,69.35416,75.00667,77.07788,82.02439,82.03658,83.86895,86.31338,82.87943,90.52072,87.86353,90.78546
14.31782,13.34166,12.64911,13.34166,11.7047,11.40175,10.77033,9.84886,9.84886,9.43398,9.43398,9.21954,8.60233,7.81025,8.48528,7.81025,8.06226,7.2111,8.06226,7.61577,8.544,8.544,8.24621,9.21954,10.19804,10.19804,11.18034,11.18034,12.16553,12.16553,12.36932,12.36932,12.64911,11.7047,12.64911,12.08305,12.08305,11.6619,11.6619,11.6619,10.0,10.63015,10.0,9.21954,9.21954,8.48528,7.81025,7.2111,7.2111,6.7082,6.32456,5.09902,40.1995,41.04875,41.30375,38.01316,34.05877,32.06244,32.24903,33.24154,30.41381,26.4764,25.4951,24.73863,25.0,22.47221,20.61553,23.02173,23.32381,20.80865,21.40093,18.43909,19.84943,18.38478,21.40093,20.80865,19.72308,21.9545,20.61553,23.08679,23.08679,25.70992,25.96151,27.20294,26.92582,28.4605,29.12044,30.08322,29.73214,30.8707,29.52965,29.15476,28.6531,31.06445,29.15476,29.41088,27.01851,26.87006,25.45584,26.1725,24.04163,22.67157,22.47221,20.80865,19.23538,19.69772,19.31321,16.49242,15.13275,19.69772,19.64688,17.46425,17.11724,17.0,16.12452,14.14214,14.31782,15.13275,12.04159,10.19804,9.05539,8.24621,7.0,5.38516,3.16228,2.82843,4.12311,5.0,9.05539,9.05539,12.0,12.04159,13.60147,17.02939,18.43909,20.09975,22.09072,21.0,23.08679,23.0,25.01999,26.01922,27.01851,28.01785,27.0,29.27456,28.16026,28.28427,31.40064,30.14963,31.40064,33.24154,33.95585,32.98485,35.51056,37.65634,38.83298,38.47077,41.0,40.26164,41.76123,43.93177,41.59327,48.05206,45.54119,47.26521
13.0384,13.0,12.0,12.0,11.0,10.0,10.04988,9.05539,9.05539,8.24621,8.24621,8.544,7.61577,7.61577,7.2111,7.81025,7.07107,7.07107,7.07107,7.81025,7.2111,7.2111,8.06226,8.94427,8.94427,8.94427,9.84886,9.84886,10.77033,10.77033,10.29563,10.29563,11.18034,10.81665,11.6619,10.81665,10.63015,10.63015,9.89949,9.89949,9.21954,9.21954,9.21954,7.81025,8.06226,8.06226,6.7082,6.7082,6.32456,6.32456,6.08276,5.0,43.9659,42.72002,41.7732,36.40055,36.87818,33.95585,32.75668,32.38827,27.45906,28.44293,26.1725,23.34524,24.02082,25.07987,21.0238,22.2036,23.08679,20.88061,20.61553,19.31321,19.23538,17.49286,18.60108,20.61553,21.26029,19.79899,24.04163,23.60085,24.20744,23.02173,25.23886,26.62705,26.62705,28.6007,25.55386,30.4795,29.0,29.06888,30.41381,28.28427,29.83287,27.65863,29.06888,29.20616,27.80288,27.01851,25.05993,25.4951,23.25941,22.36068,22.47221,22.56103,19.92486,19.10497,19.10497,17.02939,14.14214,20.09975,20.02498,20.0,20.22375,19.41649,17.08801,15.81139,15.65248,14.56022,10.81665,12.52996,9.84886,8.06226,7.07107,6.08276,6.08276,3.60555,5.83095,7.61577,6.7082,9.21954,10.44031,12.36932,14.56022,19.64688,19.41649,19.23538,19.64688,22.47221,25.70992,24.04163,26.92582,26.24881,26.92582,29.12044,26.57066,29.12044,30.08322,30.08322,33.37664,32.24903,32.14032,35.51056,36.22154,34.23449,39.11521,38.20995,37.21559,39.11521,42.42641,43.18565,43.18565,44.40721,42.57934,49.25444,48.37355,45.39824
14.31782,13.60147,12.64911,12.64911,11.40175,11.40175,10.77033,9.84886,9.84886,8.94427,8.94427,9.43398,8.60233,7.81025,7.81025,8.48528,7.81025,7.81025,7.2111,8.06226,7.61577,7.61577,7.61577,8.544,8.544,9.48683,9.21954,10.44031,10.44031,10.44031,10.77033,10.77033,10.77033,10.77033,10.77033,11.18034,10.81665,10.0,10.0,10.0,9.21954,9.21954,8.48528,8.48528,8.48528,7.81025,7.2111,7.2111,6.7082,6.32456,6.08276,6.08276,88.52683,88.07383,82.56513,74.52516,81.49233,73.1642,69.42622,65.0,63.60031,59.22837,57.24509,52.55473,50.32892,47.50789,49.1935,45.48626,44.20407,41.86884,41.10961,39.62323,43.60046,39.62323,38.47077,37.58989,37.69615,43.46263,40.49691,46.32494,46.32494,49.72927,49.24429,52.95281,51.1957,55.7315,55.54278,57.28001,58.5235,57.87055,59.61543,57.93962,55.54278,59.48109,56.35601,58.30952,53.25411,53.82379,50.24938,53.2635,47.63402,46.75468,44.59821,41.10961,36.89173,35.8469,36.76955,32.69557,31.04835,40.36087,39.69887,41.6173,38.01316,39.39543,36.24914,35.1141,32.01562,30.80584,28.86174,26.30589,18.68154,18.68154,13.60147,13.0384,12.08305,11.6619,10.81665,6.32456,14.03567,15.81139,21.18962,28.23119,26.0,31.01612,36.76955,36.68787,44.38468,42.05948,48.46648,52.88667,51.86521,52.20153,50.59644,55.65968,53.45091,60.08328,63.56886,61.46544,64.84597,67.97794,66.21178,70.38466,73.82412,70.38466,76.66159,73.79024,78.77182,80.13114,85.86617,84.53402,88.54942,90.62009,93.62158,96.00521,94.93682,96.76776
13.45362,12.80625,12.20656,11.40175,11.40175,10.0,9.43398,9.43398,8.94427,8.06226,7.61577,7.61577,7.28011,7.07107,7.07107,7.0,6.0,7.07107,7.07107,6.32456,6.32456,7.61577,7.61577,8.06226,8.06226,8.06226,9.43398,9.43398,10.29563,10.29563,10.29563,10.29563,10.77033,9.84886,10.77033,9.48683,10.44031,10.19804,9.21954,9.05539,9.05539,9.05539,8.0,8.0,8.0,7.07107,7.07107,6.08276,6.32456,5.38516,5.0,5.0,86.40023,86.21485,82.0061,82.61961,71.8401,72.62231,66.0303,64.07027,60.46487,58.00862,54.20332,51.88449,52.3259,52.55473,44.28318,43.9659,44.64303,44.40721,42.42641,41.10961,43.01163,37.0,37.36308,37.64306,42.44997,39.0,41.23106,46.09772,47.92703,52.83938,47.50789,53.33854,50.24938,52.7731,57.45433,57.24509,60.83584,59.48109,57.00877,55.02727,57.97413,59.48109,52.63079,52.95281,52.46904,53.33854,51.0,51.0392,49.0102,45.17743,42.29657,39.45884,40.02499,34.53983,34.53983,30.0,29.83287,46.0,49.0306,44.38468,46.57252,43.65776,40.31129,38.58756,34.1321,35.80503,31.40064,32.80244,27.58623,24.08319,21.93171,16.27882,16.12452,12.08305,14.14214,6.32456,13.45362,15.6205,17.46425,21.09502,30.41381,31.38471,34.98571,35.22783,38.01316,43.82921,48.25971,43.01163,56.60389,55.56978,53.25411,58.83026,57.42822,57.68882,61.29437,62.64982,64.88451,64.49806,69.35416,67.1193,74.32362,72.09022,79.15807,77.38863,81.15417,80.05623,87.32125,86.40602,87.32125,89.00562,89.55445,95.70789,99.72963,92.11406
14.21267,12.80625,12.20656,12.80625,11.40175,10.0,10.0,9.43398,9.43398,8.06226,8.94427,7.61577,7.28011,6.32456,7.28011,7.07107,6.0,6.0,6.08276,6.08276,6.32456,6.32456,6.7082,6.7082,7.61577,8.06226,8.60233,8.94427,9.43398,9.43398,9.43398,9.84886,10.29563,9.84886,9.48683,9.48683,10.19804,9.21954,9.05539,9.05539,9.05539,8.06226,8.0,7.0,7.07107,7.07107,7.07107,6.32456,6.32456,5.83095,5.0,5.0,88.45903,86.97701,82.807,75.9276,76.38063,72.12489,65.8559,65.19202,59.46427,58.41233,55.0,53.33854,53.0,47.50789,45.61798,47.42362,43.08132,39.0,35.69314,37.48333,41.0,39.05125,34.0,36.22154,37.85499,40.5216,39.56008,39.81206,47.16991,50.53712,47.85394,52.92447,48.10405,55.4617,54.12947,57.38467,61.09828,58.5235,58.94065,57.72348,57.27128,55.9017,57.27128,54.23099,51.0098,54.0,49.09175,50.03998,43.18565,46.32494,44.38468,41.10961,38.8973,39.66106,32.75668,30.88689,31.14482,51.62364,49.0408,47.92703,50.9902,44.65423,40.49691,42.43819,36.79674,38.94868,32.01562,30.4795,24.83948,24.75884,23.34524,19.10497,15.81139,12.08305,13.34166,10.04988,11.6619,16.64332,19.79899,24.83948,27.01851,29.06888,32.44996,40.31129,41.04875,42.72002,47.50789,44.04543,50.93133,48.41487,51.08816,55.22681,59.20304,53.82379,63.00794,61.40033,69.2026,65.80274,68.7968,66.37017,72.20111,71.69379,73.3553,77.02597,76.47876,79.62412,84.38009,85.44004,91.70605,91.26883,91.26883,89.58795,96.83491,94.40339
14.42221,13.0384,13.0384,12.20656,10.81665,9.43398,10.29563,8.94427,8.94427,8.544,8.24621,8.24621,7.07107,7.07107,7.0,7.0,7.07107,6.32456,6.32456,6.32456,6.7082,6.7082,7.2111,8.60233,8.60233,9.21954,10.0,10.0,10.63015,10.0,10.0,10.81665,10.81665,10.81665,10.29563,10.29563,10.77033,9.48683,9.48683,9.48683,9.21954,9.21954,8.24621,8.24621,8.06226,7.0,7.0,7.07107,6.08276,6.08276,5.38516,4.47214,84.29116,82.46211,83.86895,79.51101,74.02702,64.53681,67.80118,66.8431,57.2014,54.81788,51.10773,49.73932,48.76474,46.09772,46.52956,44.38468,46.17359,39.29377,40.79216,35.0571,39.01282,34.23449,38.32754,37.10795,38.60052,42.95346,39.92493,44.28318,43.82921,47.01064,48.02083,51.86521,50.24938,56.60389,52.83938,55.9017,53.33854,59.94164,56.79789,57.93962,56.0803,56.32051,58.24088,58.0517,50.80354,51.62364,47.09565,44.04543,42.10701,43.01163,39.31921,37.12142,35.0571,32.57299,33.83785,31.30495,30.52868,53.60037,50.15974,49.1935,50.80354,44.20407,46.75468,41.86884,45.34314,42.0119,36.89173,35.8469,28.6531,26.92582,22.02272,20.80865,19.23538,14.21267,11.31371,13.15295,12.52996,11.6619,20.0,17.80449,21.93171,28.28427,29.83287,32.52691,38.8973,40.36087,44.59821,43.84062,48.10405,50.93133,49.51767,55.15433,53.74012,53.07542,52.80152,58.00862,62.20129,61.61169,62.42596,67.20119,68.96376,67.1193,69.77105,75.17978,75.13322,76.92204,81.88406,82.1523,84.59905,89.88882,79.40403,96.04166,91.06591,91.58603
15.26434,15.26434,13.0384,13.89244,11.6619,11.6619,10.81665,10.63015,10.63015,8.60233,9.21954,9.21954,7.81025,7.2111,7.2111,7.61577,7.61577,7.28011,7.28011,7.07107,7.07107,7.0,7.0,8.06226,8.06226,8.06226,9.21954,9.21954,10.44031,10.19804,10.19804,11.18034,11.18034,11.04536,11.04536,11.0,11.04536,10.04988,10.04988,10.19804,9.21954,10.19804,9.21954,9.48683,8.544,7.61577,8.06226,7.2111,6.40312,7.07107,6.40312,5.83095,87.13208,85.23497,83.52844,78.39005,74.33034,68.7968,71.58911,65.51336,59.36329,56.22277,53.60037,49.67897,53.2635,46.75468,41.72529,43.41659,44.40721,39.44617,38.01316,38.48376,38.32754,38.07887,36.22154,41.10961,40.0,42.04759,42.0119,42.19005,46.01087,49.47727,44.64303,50.9902,47.85394,54.81788,55.31727,59.84146,58.85576,55.57877,61.13101,59.07622,58.03447,58.00862,56.22277,55.14526,55.10898,53.15073,48.08326,49.0408,45.54119,42.15448,42.54409,43.41659,39.66106,41.34005,35.0,32.64966,27.58623,51.47815,49.67897,48.83646,50.93133,46.61545,47.16991,45.17743,41.59327,40.8534,36.40055,33.95585,29.54657,31.38471,28.4605,20.09975,14.14214,11.6619,6.40312,8.06226,10.77033,11.0,19.69772,20.59126,24.69818,27.73085,30.80584,35.35534,34.98571,41.18252,45.65085,42.54409,49.24429,48.37355,54.58938,55.00909,55.75841,56.60389,58.41233,57.98276,63.00794,62.96825,65.80274,65.60488,69.42622,65.29931,75.74299,76.38063,70.71068,77.89737,82.07314,80.65978,85.63294,89.37561,84.85281,92.95698,95.01579,91.02198
14.86607,13.60147,13.60147,13.60147,12.36932,11.40175,11.18034,10.19804,10.19804,9.05539,9.05539,9.0,8.0,8.06226,7.07107,8.24621,7.28011,7.61577,6.7082,6.7082,6.7082,7.81025,7.07107,7.81025,8.48528,7.81025,9.21954,9.89949,10.63015,10.0,9.89949,10.63015,10.63015,10.63015,11.31371,10.81665,11.40175,10.29563,9.43398,10.29563,9.84886,8.94427,9.48683,8.544,8.24621,8.24621,8.06226,7.07107,7.0,7.0,6.08276,6.32456,45.89118,46.09772,40.4475,38.63936,38.07887,36.13862,34.36568,34.71311,31.40064,29.42788,27.01851,25.17936,25.01999,25.01999,24.0,22.2036,24.5153,20.39608,18.02776,18.02776,18.78829,18.35756,18.35756,17.02939,17.80449,19.79899,19.84943,19.41649,22.80351,22.47221,23.32381,26.62705,25.80698,25.94224,27.45906,30.0,28.84441,25.6125,30.41381,31.82766,29.73214,29.06888,29.83287,27.65863,25.80698,27.78489,25.23886,25.94224,25.05993,24.35159,21.18962,22.36068,19.64688,19.23538,18.24829,17.02939,16.27882,24.59675,23.76973,25.70992,23.19483,22.0,21.2132,21.0238,18.43909,19.41649,15.52417,16.15549,13.92839,12.16553,11.40175,8.24621,6.32456,6.32456,4.47214,5.65685,4.47214,8.24621,10.0,11.04536,14.14214,15.29706,16.03122,19.0263,20.39608,21.37756,24.02082,22.02272,25.17936,28.07134,27.45906,28.28427,29.27456,30.14963,31.06445,31.257,33.01515,34.05877,35.01428,34.0,37.01351,37.01351,34.05877,36.0,39.05125,40.0,44.04543,42.04759,45.04442,46.09772,46.01087,49.0408,49.0,48.04165
14.56022,13.34166,13.34166,12.36932,12.36932,10.19804,10.04988,10.04988,9.05539,9.05539,9.0,8.0,8.0,8.06226,7.07107,7.61577,6.7082,6.7082,6.7082,6.40312,6.40312,7.07107,7.07107,7.81025,8.60233,7.81025,8.60233,10.0,9.43398,10.81665,10.0,10.0,10.0,10.63015,10.63015,11.31371,10.63015,10.0,9.43398,9.43398,10.29563,8.94427,8.94427,8.94427,8.544,7.61577,7.28011,7.28011,7.07107,7.0,6.0,5.09902,44.72136,44.55334,43.04649,39.31921,36.22154,34.36568,35.0571,35.22783,31.14482,28.28427,26.01922,23.02173,26.01922,26.1725,22.09072,22.56103,23.08679,20.24846,18.78829,16.64332,19.72308,18.02776,17.69181,18.38478,19.20937,21.26029,20.0,23.32381,21.9545,23.25941,23.32381,25.07987,23.25941,27.73085,26.40076,27.78489,27.78489,29.52965,29.41088,30.23243,28.30194,27.65863,30.41381,26.1725,26.1725,29.06888,24.83948,23.60085,21.63331,21.9545,22.84732,20.12461,19.69772,19.64688,17.72005,16.12452,15.0333,21.0238,19.31321,19.92486,20.61553,21.2132,19.0263,18.11077,17.02939,16.0,13.0384,12.16553,10.44031,10.04988,10.44031,6.08276,4.0,4.24264,5.0,6.32456,7.07107,9.21954,12.0,12.0,16.03122,18.02776,19.10497,21.0238,22.02272,23.02173,23.0,25.01999,27.01851,26.0,27.01851,29.01724,29.0,30.0,30.01666,31.0,35.0571,35.0571,35.12834,35.0571,36.22154,35.35534,39.11521,38.32754,38.63936,42.29657,43.41659,43.41659,43.28972,48.16638,46.01087,50.08992,48.09366,47.01064
13.89244,13.41641,12.08305,12.08305,11.18034,9.84886,10.44031,9.48683,9.48683,8.24621,8.24621,8.06226,8.0,8.06226,7.07107,8.06226,7.28011,7.28011,7.61577,7.61577,7.61577,8.06226,7.2111,9.21954,9.21954,9.21954,9.89949,10.63015,10.63015,10.63015,10.63015,11.40175,11.40175,10.81665,10.81665,11.6619,11.6619,10.77033,9.84886,10.77033,10.44031,9.48683,9.48683,9.21954,9.21954,8.06226,8.06226,7.0,7.0,7.07107,6.08276,6.32456,84.38602,83.09633,82.87943,77.98718,78.51751,68.76772,69.42622,63.89053,59.46427,50.93133,52.49762,47.01064,49.40648,42.43819,42.72002,44.38468,44.28318,41.4367,37.10795,39.45884,41.10961,41.01219,34.36568,38.20995,37.85499,39.84972,42.72002,42.48529,46.06517,47.01064,49.24429,53.23533,53.31041,53.23533,55.07268,55.15433,55.47071,62.76942,55.71355,59.46427,55.65968,56.51548,54.12947,58.85576,55.10898,54.74486,49.25444,53.03772,42.04759,48.01042,47.04253,39.20459,44.14748,40.80441,37.0,34.88553,30.52868,40.70626,39.82462,41.6173,38.8973,37.53665,33.28663,32.01562,29.41088,29.15476,25.94224,25.05993,18.02776,18.78829,14.86607,11.18034,9.21954,14.0,11.7047,10.19804,13.92839,19.10497,23.85372,25.0,30.4795,35.38361,37.64306,42.2019,43.27817,41.40048,49.81967,48.25971,51.0392,52.00961,55.60576,58.25805,59.66574,57.48913,58.79626,59.81639,65.8559,66.52819,67.17887,70.76722,74.41102,69.31089,68.41053,79.20227,80.60397,82.9759,85.27602,82.807,95.01579,92.84934,87.04596,93.38094,91.93476,90.50967
14.03567,13.0384,13.0,12.04159,12.0,10.0,10.0,9.05539,9.05539,9.05539,8.24621,8.544,8.24621,7.61577,7.61577,7.2111,6.40312,6.40312,7.07107,7.07107,7.07107,7.2111,7.2111,8.06226,8.06226,8.544,9.84886,9.84886,9.84886,9.84886,10.29563,10.29563,10.29563,10.81665,10.81665,11.40175,11.40175,10.63015,9.89949,9.89949,9.21954,9.21954,10.0,8.60233,8.06226,8.06226,7.61577,7.61577,7.28011,7.07107,7.07107,6.0,42.29657,41.97618,43.10452,36.67424,37.33631,34.71311,32.24903,33.37664,30.26549,28.01785,24.02082,24.0,25.07987,25.31798,22.36068,20.39608,21.84033,21.18962,19.69772,18.35756,20.80865,18.60108,19.79899,16.97056,20.61553,20.80865,21.09502,23.32381,24.59675,23.76973,26.0,25.4951,24.18677,29.15476,25.94224,29.15476,32.24903,30.01666,29.15476,30.80584,29.41088,31.82766,30.41381,29.73214,28.28427,26.1725,27.01851,25.6125,26.41969,23.02173,24.18677,21.9545,21.54066,20.24846,19.23538,18.24829,17.02939,18.24829,19.0263,18.0,17.0,17.11724,17.26268,14.56022,16.55295,12.64911,10.19804,9.84886,8.544,7.28011,5.0,3.16228,3.60555,3.16228,2.23607,6.08276,8.06226,12.04159,12.0,14.14214,16.03122,16.12452,19.0,21.0,22.36068,22.36068,25.17936,24.33105,30.41381,28.44293,27.16616,30.41381,29.15476,28.16026,31.14482,32.06244,36.05551,34.1321,35.0,35.0,36.01389,37.01351,35.12834,38.0526,40.11234,40.0125,41.04875,42.10701,42.10701,46.01087,43.0,49.0,45.01111,46.01087
12.80625,12.80625,11.6619,12.20656,10.81665,10.0,8.94427,8.94427,8.544,7.61577,7.61577,8.24621,7.07107,7.07107,7.0,7.07107,7.07107,7.28011,6.32456,7.61577,8.06226,8.06226,8.06226,8.60233,10.0,10.0,10.63015,10.81665,11.40175,11.40175,10.81665,10.81665,11.6619,11.6619,11.6619,12.08305,11.7047,11.7047,10.44031,10.44031,10.19804,10.19804,9.05539,9.05539,8.06226,8.0,8.0,7.07107,7.07107,6.32456,5.38516,5.38516,85.79627,84.20214,84.29116,74.51845,75.16648,69.52697,65.94695,62.00806,58.0,52.40229,48.9183,51.22499,49.20366,46.51881,45.22168,43.86342,44.92215,40.16217,35.73514,36.87818,45.04442,42.0,42.57934,41.10961,41.48494,45.12206,43.65776,43.32436,47.75982,51.10773,51.0,55.03635,57.24509,59.9333,57.69749,60.40695,68.15424,67.06713,62.36986,65.30697,66.40783,64.13267,64.13267,60.82763,58.21512,58.07753,51.0098,54.03702,50.15974,50.35871,48.50773,46.09772,42.05948,38.27532,38.01316,37.01351,33.42155,41.10961,36.89173,38.62642,36.76955,34.20526,29.83287,29.42788,25.4951,27.01851,27.01851,20.02498,16.0,11.7047,10.19804,8.0,2.0,2.23607,5.65685,15.23155,13.45362,21.93171,25.0,25.6125,31.82766,32.55764,41.72529,37.80212,41.6173,42.80187,45.27693,51.0392,53.0,53.25411,54.08327,58.5235,59.40539,55.21775,59.64059,59.5483,63.25346,65.0,68.0147,64.3506,71.50524,67.17887,68.62215,74.41102,72.86288,77.78175,84.21995,81.32035,86.68333,89.82761,89.14034,93.34881,86.97701,88.45903
13.45362,12.80625,12.20656,12.04159,11.40175,10.0,9.43398,9.43398,9.43398,7.61577,8.544,7.28011,7.28011,7.07107,7.07107,7.0,7.07107,7.07107,6.32456,7.28011,7.28011,7.61577,8.06226,8.60233,8.60233,8.60233,10.0,11.40175,10.81665,10.81665,10.81665,10.81665,11.6619,10.81665,11.6619,11.18034,10.77033,10.77033,10.44031,10.44031,9.21954,10.19804,9.05539,8.06226,8.0,8.0,8.06226,7.07107,7.07107,6.32456,6.7082,5.83095,84.21995,79.40403,77.42093,77.52419,69.6563,66.6033,62.20129,62.80127,57.00877,52.49762,53.74012,48.08326,53.2635,45.27693,46.14109,43.86342,43.82921,40.16217,38.60052,38.47077,45.17743,37.01351,35.0571,39.11521,39.20459,44.91102,41.59327,45.88028,48.70318,49.1935,54.626,57.69749,54.626,60.92618,60.92618,59.48109,61.09828,60.16644,60.87693,64.13267,60.82763,62.16912,59.5399,63.50591,58.0,52.03845,54.00926,55.03635,52.46904,47.38143,45.12206,43.41659,41.76123,41.14608,42.54409,34.0,33.28663,36.40055,39.29377,36.12478,36.01389,32.24903,29.15476,27.65863,23.76973,26.57066,20.61553,16.64332,12.08305,19.23538,9.89949,8.60233,2.0,2.23607,10.0,11.40175,14.86607,19.79899,24.75884,26.90725,28.6007,32.01562,39.62323,42.19005,45.27693,43.82921,48.02083,45.61798,54.58938,48.8467,52.35456,54.12024,54.58938,58.59181,59.68249,57.80138,63.81222,64.00781,63.00794,64.07027,69.81404,65.29931,69.63476,72.67049,75.74299,79.51101,73.24616,78.64477,87.72685,91.5478,84.21995,93.08598,95.01579,90.6973
13.60147,12.64911,12.08305,11.7047,10.77033,10.77033,10.29563,9.43398,8.60233,7.81025,8.60233,8.48528,7.81025,7.81025,7.2111,8.06226,7.61577,7.61577,7.28011,8.24621,8.06226,8.06226,8.0,9.0,10.0,10.0,11.04536,11.0,12.0,12.0,12.0,13.0,12.04159,12.04159,12.04159,12.16553,12.36932,11.40175,11.7047,11.7047,10.77033,10.77033,9.84886,8.94427,8.94427,8.06226,8.60233,7.81025,7.07107,6.40312,6.40312,5.83095,79.76215,79.51101,81.04937,70.03571,64.56005,66.09841,60.53098,63.06346,54.34151,56.921,50.56679,44.77723,44.29447,48.02083,42.72002,41.7732,44.55334,45.27693,40.31129,38.27532,40.24922,36.71512,39.84972,36.40055,38.07887,41.59327,43.28972,48.09366,50.15974,53.08484,50.01,53.00943,55.0,59.03389,60.00833,63.03174,65.37584,65.19202,65.9242,59.84146,61.84658,64.7611,60.16644,63.24555,58.30952,55.03635,53.7122,54.56189,49.73932,52.43091,42.80187,44.59821,41.72529,38.8973,37.48333,35.80503,29.96665,43.01163,41.30375,39.62323,36.40055,36.40055,30.88689,32.44996,30.61046,25.55386,24.04163,17.80449,15.6205,16.27882,13.60147,7.28011,4.12311,2.23607,7.07107,7.07107,11.40175,14.86607,20.24846,21.18962,28.44293,29.83287,34.52535,34.36568,39.81206,42.0119,46.09772,46.17359,54.00926,52.00961,54.14795,53.15073,57.07889,54.45181,54.23099,55.7315,59.68249,58.42089,65.11528,65.11528,68.44706,64.56005,62.8172,66.70832,69.64194,73.08215,77.20104,76.55064,80.05623,84.77028,83.9345,91.09336,85.44004,88.45903
13.41641,12.08305,12.08305,11.7047,9.84886,8.94427,9.21954,9.21954,9.05539,8.06226,8.0,8.06226,8.06226,7.28011,7.28011,7.61577,7.61577,8.06226,7.2111,7.81025,7.81025,8.48528,8.48528,9.21954,9.89949,10.0,11.40175,12.04159,12.80625,12.80625,12.04159,12.04159,12.72792,12.72792,12.72792,12.80625,12.80625,12.20656,12.20656,11.6619,11.6619,11.18034,10.29563,9.84886,9.84886,9.48683,9.48683,8.24621,8.06226,7.07107,7.0,6.0,88.39118,73.34848,79.37884,74.0,64.56005,63.56886,57.56735,57.87055,54.70832,52.7731,47.16991,46.17359,46.04346,41.01219,43.10452,42.2019,41.76123,41.4367,36.40055,38.01316,42.63801,37.80212,33.94113,40.45986,39.82462,41.67733,49.92995,48.76474,51.88449,56.85948,55.56978,59.05929,55.00909,62.24147,58.59181,66.7308,63.81222,66.37017,65.0,64.03124,67.20119,65.8559,65.29931,60.87693,61.6198,58.13777,59.5483,52.63079,51.61395,53.7122,44.41846,48.76474,44.28318,42.44997,39.29377,40.31129,31.01612,41.23106,39.82462,40.80441,41.88078,35.34119,32.31099,29.15476,28.16026,28.63564,28.16026,23.08679,20.39608,17.46425,14.86607,10.77033,6.7082,5.38516,4.12311,11.40175,9.48683,15.13275,18.02776,24.02082,22.56103,29.61419,32.01562,35.4683,37.16181,39.0,45.88028,40.8534,47.42362,46.95743,46.64762,54.58938,52.83938,51.89412,55.15433,54.56189,57.00877,57.58472,64.19502,67.05222,63.60031,68.35203,66.28725,66.48308,76.90254,74.04053,79.05694,77.62087,86.68333,88.54377,83.95237,92.17917,86.83317,87.28115
13.60147,11.7047,12.08305,11.7047,10.77033,9.84886,9.43398,8.60233,8.60233,7.81025,7.07107,7.81025,7.2111,7.2111,6.7082,7.28011,7.28011,7.28011,7.07107,8.0,8.0,9.05539,9.05539,10.19804,10.19804,10.19804,11.40175,12.16553,12.36932,13.34166,12.16553,13.15295,13.15295,13.0384,13.15295,13.0,13.0,12.04159,12.04159,11.04536,11.04536,10.19804,10.19804,10.19804,9.48683,9.48683,8.544,7.61577,8.06226,6.7082,7.2111,6.40312,82.0061,79.12016,76.89603,68.35203,69.46222,63.69458,62.39391,57.24509,61.09828,54.12024,48.01042,48.16638,42.52058,43.27817,42.42641,39.05125,43.60046,37.73592,34.48188,41.76123,38.32754,37.21559,38.01316,39.20459,39.11521,43.41659,46.57252,46.57252,49.0306,53.16014,52.49762,58.30952,58.24088,57.97413,67.35726,66.21933,68.15424,68.00735,71.58911,65.9242,69.72087,64.49806,64.28063,62.07254,57.00877,63.07139,60.13319,59.07622,53.60037,49.64877,51.41984,48.10405,45.22168,42.37924,44.29447,34.66987,33.42155,41.30375,41.0,40.16217,42.04759,38.01316,37.20215,34.20526,31.89044,29.73214,26.87006,26.92582,19.23538,16.12452,12.08305,7.07107,9.21954,7.07107,7.2111,9.21954,15.55635,18.35756,20.61553,22.2036,28.23119,34.20526,31.95309,34.9285,38.07887,44.28318,41.97618,44.91102,47.07441,52.46904,52.63079,51.62364,55.31727,58.0517,57.28001,55.54278,63.06346,61.61169,64.84597,65.80274,73.68175,63.32456,70.83784,74.32362,72.01389,77.47258,84.8646,85.90693,84.09518,85.79627,86.92526,93.62158,88.63972,92.358
13.0384,12.20656,11.40175,10.81665,10.81665,9.43398,9.21954,8.48528,8.48528,7.81025,7.2111,7.2111,6.7082,6.32456,6.32456,7.07107,6.08276,6.0,6.0,7.07107,7.07107,7.28011,7.28011,8.544,8.544,8.544,9.84886,9.84886,10.77033,10.77033,10.77033,10.44031,11.40175,10.44031,11.40175,11.18034,11.18034,10.04988,10.04988,10.0,9.05539,9.05539,9.05539,8.06226,8.06226,7.28011,7.28011,7.61577,6.7082,5.83095,5.0,5.0,80.95678,73.73602,74.73286,72.23573,67.23095,61.26989,62.16912,59.94164,59.48109,52.83938,49.09175,45.17743,44.40721,43.13931,39.69887,40.0,37.73592,38.47077,34.0,35.1141,36.68787,38.83298,36.22154,42.19005,38.0526,40.0125,41.10961,43.93177,46.87217,51.41984,50.01,53.60037,53.93515,59.66574,56.75385,59.21149,63.78871,60.20797,61.13101,63.03174,61.0082,61.07373,58.13777,59.4138,54.34151,57.72348,55.7853,50.96077,50.59644,46.48656,44.38468,42.15448,43.41659,38.83298,40.31129,35.35534,33.6006,42.54409,43.46263,38.60052,37.48333,36.22154,33.01515,33.01515,31.01612,27.29469,24.0,19.41649,20.39608,17.11724,12.36932,9.21954,7.28011,5.38516,5.09902,9.21954,13.60147,11.6619,21.9545,22.47221,28.30194,29.15476,33.10589,37.69615,43.86342,40.71855,46.61545,44.77723,52.81098,49.39636,49.64877,51.86521,52.81098,53.75872,55.71355,56.46238,59.48109,63.50591,65.0,64.84597,71.58911,68.0,69.35416,71.11962,68.60029,73.57309,81.00617,80.77747,81.27115,89.94443,86.76981,88.32327,91.92388,87.66413
13.92839,13.60147,12.36932,12.36932,11.40175,10.44031,10.19804,10.19804,10.04988,9.05539,9.0,9.0,9.05539,8.06226,7.07107,8.24621,7.61577,7.61577,7.61577,8.06226,8.06226,7.81025,7.81025,9.21954,9.89949,9.89949,9.89949,10.63015,11.31371,11.31371,11.31371,12.04159,12.04159,11.40175,11.40175,10.81665,11.6619,10.29563,11.18034,10.77033,10.77033,9.84886,9.48683,9.48683,9.48683,8.24621,8.06226,8.06226,7.0,7.0,6.08276,6.08276,82.73452,84.97058,76.02631,75.23962,80.05623,68.42514,68.44706,63.07139,59.03389,53.85165,53.60037,49.0408,51.66237,45.88028,48.6621,48.37355,44.01136,44.01136,35.01428,43.73786,42.72002,39.84972,36.05551,39.11521,35.77709,42.05948,45.0,44.68781,51.85557,50.9902,50.9902,54.48853,56.72742,56.58622,57.98276,57.62812,64.66065,62.62587,59.64059,61.29437,60.74537,62.26556,62.64982,58.30952,53.31041,55.36244,55.02727,53.85165,43.93177,46.57252,47.26521,41.30375,42.10701,40.0,35.90265,36.13862,27.73085,40.1995,38.32754,38.8973,40.71855,36.23534,33.6006,30.0,30.61046,27.58623,25.4951,21.93171,17.20465,18.43909,13.60147,8.48528,6.08276,5.83095,10.63015,11.31371,10.44031,16.55295,21.58703,24.18677,25.07987,31.30495,37.12142,41.62932,41.59327,44.29447,44.38468,49.64877,51.10773,51.97115,52.35456,57.45433,58.13777,56.35601,56.36488,60.37384,65.39113,62.76942,70.2282,67.1193,70.5195,66.12866,69.37579,71.16881,75.58439,77.49194,81.9329,82.21922,85.86617,90.13878,90.44335,93.60556,86.37708,91.7878
13.0,12.52996,12.20656,11.6619,10.29563,10.29563,9.43398,8.60233,8.60233,7.81025,7.81025,7.81025,7.81025,7.2111,6.40312,7.61577,6.32456,6.32456,6.32456,7.07107,6.08276,7.0,7.0,8.06226,8.06226,8.06226,9.05539,10.04988,10.04988,10.04988,9.05539,10.04988,10.0,10.0,10.0,10.04988,10.04988,10.19804,9.21954,9.21954,8.544,8.544,8.544,7.61577,7.61577,7.2111,6.40312,6.40312,5.65685,5.65685,5.83095,4.47214,77.89737,78.39005,82.1523,72.56032,76.15773,65.30697,63.28507,65.51336,59.90826,56.0357,52.80152,47.50789,48.10405,48.9183,46.2277,44.20407,45.60702,40.49691,38.94868,41.59327,42.15448,39.21734,38.07887,41.19466,35.0,43.10452,43.0,42.29657,46.01087,47.38143,47.26521,49.81967,51.62364,54.57105,53.93515,59.03389,55.7315,56.4358,55.03635,55.00909,57.03508,57.42822,54.58938,56.7186,52.63079,53.60037,48.08326,51.62364,47.53946,42.72002,42.94182,40.31129,38.07887,34.71311,34.65545,30.61046,31.90611,38.60052,36.79674,34.65545,35.0,37.01351,35.35534,28.30194,29.52965,25.4951,23.70654,21.18962,20.12461,16.12452,12.04159,9.89949,8.48528,9.48683,13.60147,13.92839,19.41649,24.69818,28.6007,28.6007,28.84441,37.73592,39.44617,42.19005,44.94441,45.27693,51.10773,48.30114,53.31041,56.4358,55.47071,59.94164,59.05929,58.18075,64.41273,60.20797,64.89992,62.1289,67.95587,67.95587,71.06335,69.40461,68.76772,76.6942,77.83315,77.15569,82.9759,83.86895,85.27602,87.65843,85.14693,91.83137,89.64374,95.41488
15.23155,13.92839,14.31782,13.0,13.0,11.7047,11.18034,10.29563,10.29563,9.43398,10.0,9.21954,9.21954,8.48528,7.81025,8.60233,7.2111,7.81025,7.61577,7.61577,7.61577,8.24621,7.28011,8.24621,9.21954,9.05539,9.05539,10.04988,10.04988,11.04536,10.04988,11.18034,11.18034,11.18034,11.40175,11.40175,11.7047,10.77033,10.77033,9.84886,10.29563,9.43398,9.43398,8.60233,8.60233,7.81025,8.48528,7.81025,7.81025,7.2111,6.7082,5.83095,83.67795,85.70298,82.71034,74.33034,80.04998,69.42622,63.56099,69.12308,59.13544,59.23681,54.42426,50.92151,54.70832,48.33218,48.10405,41.18252,44.65423,41.03657,41.10961,40.31129,38.41875,38.20995,37.12142,33.61547,37.57659,37.69615,39.0,41.23106,42.05948,47.67599,47.29693,51.41984,45.70558,53.15073,53.23533,53.85165,57.87055,54.81788,56.30275,56.921,56.64804,57.27128,60.37384,58.13777,53.23533,49.39636,52.20153,43.82921,44.20407,44.04543,45.27693,44.20407,36.12478,36.35932,36.24914,31.7805,32.01562,47.38143,42.52058,46.32494,43.82921,42.15448,37.94733,35.1141,36.13862,35.51056,27.65863,30.14963,25.17936,22.2036,20.09975,14.14214,14.14214,8.544,8.60233,5.65685,12.16553,9.48683,19.69772,23.76973,23.76973,27.73085,31.62278,34.9285,37.0,42.72002,47.75982,47.80167,52.55473,49.47727,50.59644,52.88667,57.56735,54.70832,55.02727,58.5235,65.0,64.51356,67.62396,69.857,67.54258,65.79514,80.06248,77.36924,75.15318,78.77182,80.62258,79.62412,89.0,92.69844,81.939,89.15716,96.17692,92.70383
14.86607,13.45362,12.72792,12.04159,12.04159,11.31371,10.63015,9.89949,9.21954,7.81025,8.60233,8.06226,8.06226,6.7082,6.7082,7.28011,6.32456,6.08276,6.0,6.0,6.0,6.08276,7.07107,7.28011,7.28011,8.544,8.544,8.544,9.48683,9.48683,9.48683,10.19804,10.44031,9.21954,10.19804,10.04988,10.04988,10.0,9.0,9.05539,9.05539,9.05539,8.24621,8.06226,7.28011,7.28011,6.7082,6.7082,6.7082,6.40312,5.65685,5.65685,91.35097,85.27602,81.46779,73.59348,74.96666,70.72482,67.89698,67.35726,60.20797,58.0517,53.41348,51.40039,53.25411,46.04346,44.65423,40.70626,43.46263,37.33631,37.69615,34.48188,39.11521,35.69314,34.05877,34.52535,36.34556,40.79216,38.07887,39.29377,41.97618,44.38468,43.46263,52.83938,43.46263,49.65884,53.23533,49.1935,53.85165,54.626,52.81098,55.36244,55.36244,56.88585,58.85576,53.15073,47.51842,50.15974,49.16299,47.09565,43.04649,44.18144,38.47077,39.81206,40.26164,37.94733,33.54102,33.10589,30.4795,47.53946,46.64762,43.56604,44.82187,45.45327,38.8973,38.20995,35.60899,37.20215,31.62278,25.80698,24.69818,26.92582,21.09502,15.26434,13.45362,5.09902,7.28011,11.18034,12.08305,14.86607,18.38478,20.61553,24.75884,29.0,30.61046,37.48333,39.59798,44.59821,46.01087,46.69047,50.91169,50.93133,53.03772,55.17246,55.86591,56.63921,58.72819,60.82763,63.03174,66.46804,66.21933,68.88396,69.2026,68.8186,77.69813,72.42237,76.00658,80.44874,87.65843,82.66196,90.80198,89.40358,86.26703,97.45255,93.00538,96.2133
14.0,13.0,12.04159,12.0,11.0,10.0,10.04988,9.05539,9.05539,8.24621,8.06226,7.28011,7.28011,6.7082,6.32456,6.7082,5.83095,5.83095,5.65685,6.40312,6.40312,5.83095,5.83095,6.7082,7.61577,7.61577,8.544,8.544,8.94427,9.48683,8.94427,9.84886,10.29563,9.43398,9.43398,10.0,10.0,9.21954,8.48528,8.48528,7.81025,8.60233,8.60233,7.2111,6.7082,6.7082,6.32456,6.32456,6.32456,6.08276,5.0,5.09902,43.56604,45.27693,42.19005,40.4475,41.30375,36.22154,32.38827,32.38827,30.14963,28.16026,29.15476,27.0,26.07681,22.02272,22.09072,22.2036,20.24846,19.41649,18.97367,20.24846,20.59126,18.35756,17.20465,17.80449,16.40122,19.20937,20.51828,20.24846,22.82542,21.9545,23.32381,24.69818,24.69818,25.55386,26.41969,25.80698,29.73214,29.41088,29.73214,26.90725,28.3196,27.58623,26.87006,26.24881,25.80698,27.20294,24.69818,23.32381,21.93171,21.18962,20.88061,21.54066,18.43909,18.11077,17.11724,18.02776,16.03122,23.32381,22.36068,24.69818,23.76973,22.36068,19.41649,21.09502,18.02776,18.11077,18.11077,16.49242,12.0,12.04159,9.48683,8.24621,6.0,6.08276,5.0,6.7082,6.08276,7.07107,10.04988,12.0,11.18034,14.14214,18.02776,18.02776,21.0238,24.02082,23.08679,24.0,26.01922,28.01785,27.01851,29.0,29.0,29.0,32.0,30.01666,33.13608,32.06244,36.05551,34.0147,37.12142,36.12478,39.11521,40.1995,40.1995,40.1995,43.28972,44.28318,46.52956,46.04346,49.16299,50.03998,49.25444,49.0102
15.0333,14.0,13.0,13.0,12.0,11.0,10.04988,10.19804,9.05539,9.21954,9.21954,8.24621,7.28011,7.61577,6.7082,7.2111,7.81025,7.07107,7.07107,7.81025,7.2111,7.2111,7.2111,8.06226,8.94427,8.544,9.84886,9.84886,10.29563,9.84886,11.18034,11.18034,11.18034,11.18034,10.81665,10.81665,11.40175,10.63015,9.89949,9.89949,9.89949,10.0,8.60233,8.60233,8.60233,8.06226,6.7082,6.7082,7.28011,6.32456,6.08276,5.0,44.55334,41.0,42.42641,36.13862,38.07887,36.13862,33.73426,32.75668,30.59412,28.86174,27.07397,26.07681,23.0,24.02082,21.0,21.09502,22.36068,18.24829,18.97367,18.02776,18.78829,16.12452,16.40122,19.20937,19.84943,20.51828,17.69181,19.20937,22.2036,22.47221,22.47221,26.92582,23.60085,26.62705,27.45906,26.62705,28.6007,28.6007,29.20616,28.28427,26.90725,28.3196,29.06888,27.20294,26.07681,26.07681,25.05993,25.94224,21.09502,21.93171,21.0238,19.31321,18.68154,19.23538,16.03122,16.12452,14.31782,20.61553,21.84033,19.23538,22.02272,21.0238,20.09975,18.0,17.26268,17.46425,15.13275,14.86607,11.7047,13.0,8.24621,5.83095,5.09902,5.09902,4.47214,5.38516,5.09902,8.24621,12.04159,11.0,13.0384,15.13275,17.0,19.0263,22.0,21.09502,25.01999,21.09502,28.16026,26.07681,27.29469,29.27456,28.16026,29.06888,31.01612,31.06445,33.13608,32.06244,34.0,36.0,37.01351,37.05401,38.11824,37.0,40.11234,41.0,43.10452,44.0,42.0,44.04543,46.17359,49.09175,48.04165,50.35871
15.6205,13.60147,13.60147,12.80625,12.20656,10.81665,10.29563,10.29563,10.29563,8.94427,8.94427,8.544,8.544,8.24621,7.28011,8.06226,7.0,7.0,7.07107,7.28011,7.28011,7.28011,7.61577,7.61577,7.61577,8.06226,9.43398,10.29563,10.29563,10.29563,9.84886,10.29563,11.18034,10.77033,10.77033,10.77033,11.18034,10.19804,10.04988,10.19804,10.04988,10.0,9.0,9.0,9.05539,8.06226,8.24621,8.24621,7.61577,7.61577,6.7082,6.40312,89.14034,85.70298,83.4386,81.32035,79.9062,71.44928,65.79514,65.76473,62.93648,55.31727,53.90733,51.31277,51.86521,51.10773,47.41308,44.72136,45.69464,40.02499,39.56008,39.81206,41.0,36.22154,35.01428,40.1995,40.79216,41.23106,39.84972,43.32436,43.9659,47.01064,51.47815,48.75449,49.39636,53.22593,54.3783,56.0803,54.626,60.37384,54.40588,61.68468,60.63827,57.87055,57.27128,60.53098,53.23533,57.14018,52.08647,53.03772,48.16638,43.28972,43.17407,45.89118,46.17359,38.07887,38.91015,35.22783,34.82815,39.05125,41.10961,37.57659,39.66106,36.05551,36.79674,30.0,29.69848,30.41381,28.42534,22.2036,20.61553,18.38478,13.89244,7.81025,9.21954,10.04988,8.544,7.2111,17.46425,18.38478,26.07681,26.0,30.01666,35.80503,40.70626,41.40048,46.04346,49.40648,52.80152,53.00943,56.22277,55.60576,55.60576,58.25805,63.60031,60.0,65.29931,63.89053,70.0,68.41053,72.94518,73.81734,76.8505,76.27582,79.20227,80.06248,82.1523,87.81799,89.30845,83.81527,95.13149,95.69221,91.52595,100.26465,95.60335,95.60335
13.34166,13.34166,12.36932,12.36932,11.40175,10.44031,10.44031,9.48683,9.48683,8.94427,8.94427,8.60233,8.60233,7.81025,7.07107,7.81025,7.81025,7.2111,7.2111,7.61577,6.7082,7.61577,7.28011,8.24621,8.24621,9.21954,9.05539,10.19804,10.19804,10.19804,10.19804,11.40175,11.40175,10.44031,11.7047,10.77033,11.7047,10.77033,10.29563,10.29563,10.0,10.0,9.21954,9.21954,9.21954,8.48528,7.81025,7.81025,7.2111,7.2111,6.7082,5.38516,84.21401,73.33485,81.7435,76.41989,74.8131,72.33948,58.85576,64.93843,53.15073,54.45181,51.66237,44.27189,49.64877,43.46263,41.23106,42.94182,41.04875,39.69887,38.41875,33.94113,41.6173,36.87818,33.61547,36.40055,37.36308,38.60052,40.5216,43.28972,44.10215,48.37355,46.52956,56.14268,46.52956,55.44367,53.03772,60.82763,55.9017,58.85576,57.97413,59.66574,56.32051,57.93962,58.5235,56.0803,54.12947,53.31041,56.36488,49.1935,48.54894,45.0,43.18565,44.04543,42.42641,38.94868,39.40812,35.8469,34.0147,37.16181,38.32754,35.22783,36.05551,32.06244,32.14032,29.12044,25.07987,28.16026,21.84033,23.5372,19.69772,13.92839,11.18034,6.0,8.06226,3.16228,3.16228,10.44031,13.0,19.23538,25.0,20.61553,30.36445,31.62278,38.07887,39.05125,46.27094,47.16991,52.17279,43.18565,54.33231,50.24938,56.4358,60.20797,58.42089,57.42822,60.01666,55.9017,67.68309,65.73431,67.91171,70.21396,68.68042,74.72617,69.63476,70.83078,77.88453,81.25269,78.84795,83.1685,92.0489,90.70832,84.40379,91.21403,89.26926,89.28606
13.45362,12.72792,12.04159,12.04159,10.63015,10.63015,10.0,9.43398,9.43398,8.06226,8.06226,7.61577,7.61577,6.32456,6.32456,7.0,6.0,6.0,6.08276,6.08276,6.32456,6.32456,7.28011,7.61577,7.61577,8.06226,8.06226,8.94427,9.43398,10.81665,9.43398,9.84886,11.18034,9.84886,10.77033,10.44031,10.44031,10.19804,9.21954,9.05539,9.05539,9.05539,9.0,8.0,8.0,7.07107,7.28011,7.28011,6.32456,6.7082,5.83095,5.0,88.10221,80.05623,78.77182,68.00735,68.35203,68.02941,63.32456,68.942,58.18935,56.61272,48.6621,46.52956,44.40721,43.73786,46.69047,38.20995,41.04875,41.04875,38.0526,36.05551,38.48376,37.33631,37.21559,40.22437,38.01316,38.18377,42.44997,41.7732,44.04543,49.20366,45.60702,55.60576,50.32892,56.22277,54.08327,60.20797,53.41348,58.13777,60.82763,58.0517,56.58622,58.41233,56.61272,60.21628,51.10773,51.31277,53.7122,53.7122,49.39636,45.69464,46.48656,44.92215,42.57934,39.20459,39.01282,36.05551,30.26549,37.33631,39.21734,37.94733,34.88553,31.06445,32.01562,29.73214,26.24881,25.4951,24.75884,20.59126,18.60108,11.18034,13.60147,9.48683,4.12311,3.60555,4.12311,9.0,14.0,16.49242,25.01999,24.18677,28.44293,33.24154,36.67424,43.01163,43.32436,45.69464,51.86521,45.31004,55.71355,54.23099,52.49762,57.00877,57.93962,58.5235,61.68468,58.87274,63.24555,65.45991,69.89278,72.12489,67.35726,74.63243,72.18033,72.78049,75.31268,77.46612,82.2253,82.96987,86.12201,88.76936,84.40379,89.19641,93.96276,87.66413
13.0384,12.04159,12.16553,11.04536,11.04536,10.04988,10.19804,9.21954,8.24621,8.544,7.61577,8.06226,8.06226,7.81025,6.40312,7.81025,7.07107,6.40312,7.2111,8.06226,7.61577,7.61577,7.61577,8.544,9.48683,9.21954,10.19804,10.44031,11.40175,10.44031,10.44031,11.7047,11.7047,11.7047,10.77033,11.18034,11.18034,11.18034,10.29563,10.81665,10.0,10.0,9.21954,9.21954,8.48528,7.81025,7.81025,7.2111,7.2111,6.7082,6.32456,5.09902,88.86507,79.69944,82.76473,66.76077,68.88396,67.05222,64.7611,63.78871,59.03389,54.74486,49.0408,45.01111,50.08992,49.0102,42.0119,40.02499,45.60702,43.65776,40.8534,38.91015,41.59327,38.27532,38.41875,38.18377,38.18377,45.34314,46.64762,46.61545,47.50789,56.35601,49.24429,53.85165,53.23533,58.66856,56.82429,59.36329,60.03332,61.40033,61.61169,58.82176,61.7171,63.65532,63.63961,61.07373,54.03702,55.80323,56.85948,53.53504,48.8774,46.06517,46.64762,48.33218,43.46263,40.5216,37.85499,37.0,35.12834,36.87818,39.0,39.39543,39.11521,34.98571,33.42155,30.4795,32.01562,26.40076,24.41311,23.4094,19.72308,15.65248,15.13275,13.0,7.28011,6.08276,6.40312,9.21954,13.60147,15.13275,21.58703,23.19483,29.01724,30.14963,35.12834,37.12142,38.32754,45.12206,47.07441,41.59327,48.08326,54.81788,55.54278,54.40588,56.29387,59.03389,59.90826,58.82176,62.8172,65.52099,66.91039,64.53681,71.02112,69.42622,73.17103,73.33485,77.05842,78.31347,82.38932,83.60024,86.37129,87.82369,83.72574,91.00549,91.92388,90.60905
13.15295,13.15295,12.04159,12.16553,11.04536,11.04536,10.0,9.0,9.0,9.05539,9.05539,9.21954,8.24621,8.544,7.61577,8.06226,8.06226,8.06226,7.81025,7.81025,8.48528,7.81025,7.81025,8.60233,9.43398,9.43398,10.29563,11.18034,11.6619,11.6619,11.6619,12.20656,12.20656,11.40175,12.04159,11.40175,11.31371,11.31371,11.40175,10.63015,10.0,10.81665,9.43398,10.29563,8.94427,8.94427,8.544,8.544,8.24621,7.07107,7.07107,6.0,40.79216,40.80441,41.4367,36.67424,37.33631,35.69314,32.55764,32.24903,27.45906,27.16616,27.07397,26.01922,25.01999,24.02082,23.34524,21.37756,23.08679,21.54066,21.93171,19.23538,22.02272,21.63331,20.51828,19.84943,22.02272,22.67157,21.9545,24.18677,22.82542,26.92582,26.83282,28.17801,27.73085,31.30495,27.29469,31.38471,32.24903,30.52868,31.06445,31.40064,30.61046,30.4795,30.41381,31.89044,30.41381,29.06888,26.90725,27.80288,25.80698,25.05993,22.36068,23.25941,20.61553,20.24846,19.41649,17.11724,18.02776,18.97367,19.69772,18.86796,18.86796,17.69181,16.97056,16.27882,15.26434,13.89244,11.7047,10.44031,9.05539,10.04988,8.06226,5.09902,3.60555,3.60555,3.0,2.82843,5.38516,8.60233,10.44031,11.40175,14.31782,15.29706,18.02776,17.0,20.0,22.0,24.08319,23.02173,25.17936,25.31798,25.4951,26.4764,27.45906,27.89265,28.86174,30.26549,30.41381,30.14963,33.06055,33.24154,33.24154,35.0571,36.01389,37.0,39.05125,37.05401,39.11521,41.01219,43.01163,44.04543,43.10452,45.17743,43.18565,43.41659
13.92839,13.60147,13.60147,12.64911,11.7047,11.40175,10.44031,10.19804,10.04988,9.05539,9.05539,9.0,8.0,8.06226,7.07107,7.61577,7.61577,7.61577,6.7082,7.2111,7.2111,7.81025,7.81025,8.48528,9.21954,9.21954,10.0,10.63015,10.0,11.40175,10.63015,11.31371,12.04159,11.31371,11.31371,11.40175,12.20656,10.81665,10.29563,10.29563,10.29563,9.84886,9.84886,9.48683,8.544,8.544,8.24621,8.06226,8.0,7.0,7.07107,6.32456,44.94441,41.78516,42.72002,37.33631,36.05551,34.0147,34.78505,33.83785,28.4605,26.92582,26.92582,24.5153,25.17936,25.17936,24.0,22.0,23.34524,20.61553,22.09072,18.78829,20.61553,17.88854,20.12461,20.0,20.0,23.02173,21.93171,23.60085,25.23886,27.20294,26.62705,29.06888,27.01851,30.0,31.40064,31.89044,31.14482,31.14482,30.41381,29.83287,30.61046,29.83287,30.0,31.40064,29.15476,30.88689,28.17801,26.40076,25.07987,24.35159,25.0,22.80351,22.2036,22.09072,20.02498,18.11077,19.41649,21.37756,19.23538,18.86796,20.80865,18.60108,16.97056,15.55635,14.42221,16.15549,11.6619,10.81665,8.24621,8.544,6.32456,5.09902,1.41421,2.0,3.60555,5.38516,6.32456,7.07107,12.04159,12.04159,14.03567,17.02939,17.11724,19.23538,21.2132,21.58703,23.34524,21.58703,25.63201,26.57066,28.23119,27.51363,28.4605,27.85678,30.08322,30.59412,36.87818,32.98485,33.54102,33.73426,37.65634,35.69314,38.20995,39.62323,38.83298,40.60788,41.7732,42.75512,43.28972,46.87217,42.2019,47.07441,49.47727,49.24429
14.42221,13.0384,13.0384,12.52996,11.6619,10.29563,10.29563,9.84886,9.84886,8.544,8.24621,9.05539,8.06226,8.06226,7.0,8.06226,8.06226,7.28011,7.61577,7.61577,7.61577,8.06226,8.06226,9.43398,9.43398,10.0,10.0,10.81665,11.40175,11.40175,11.6619,11.6619,11.6619,12.52996,12.52996,12.08305,11.7047,11.7047,11.40175,11.40175,11.18034,10.19804,10.04988,9.05539,9.0,9.0,9.05539,8.06226,8.06226,7.28011,6.32456,5.83095,89.10668,89.37561,79.81228,78.40918,78.1025,66.70832,73.10951,60.30755,63.41136,47.16991,50.11986,49.09175,53.23533,47.43416,43.65776,39.62323,41.23106,37.21559,45.27693,42.0,40.60788,41.19466,38.8973,34.48188,37.94733,42.05948,45.18849,46.40043,49.09175,51.61395,52.69725,53.82379,56.0357,55.80323,61.22091,59.07622,57.98276,65.45991,66.24198,63.07139,65.39113,67.41662,62.93648,60.40695,58.24088,60.16644,54.58938,54.58938,48.04165,48.04165,51.0098,46.09772,46.09772,40.26164,42.2019,37.0,33.54102,45.80393,41.7732,46.01087,39.40812,40.31129,36.05551,34.0147,32.89377,33.24154,30.08322,25.07987,20.02498,23.19483,19.0263,13.60147,8.06226,4.47214,4.12311,4.0,8.06226,10.77033,16.27882,22.84732,23.08679,28.6531,36.71512,37.21559,38.01316,41.40048,41.6173,44.82187,50.0,50.60632,53.15073,52.40229,56.63921,60.0,59.03389,60.80296,63.00794,59.64059,71.56116,69.63476,74.09453,61.29437,82.8553,75.80237,77.82673,81.9878,89.04493,77.17513,89.55445,89.88882,88.68484,96.25487,89.88882,93.47727
13.0,12.64911,11.40175,11.7047,10.44031,10.44031,9.21954,9.05539,8.06226,8.0,8.0,7.07107,7.07107,7.07107,6.32456,6.7082,5.83095,5.83095,6.40312,5.65685,6.40312,6.40312,7.2111,7.2111,8.06226,8.06226,8.94427,9.84886,10.77033,10.29563,10.29563,10.29563,11.6619,10.81665,10.81665,10.63015,10.63015,9.89949,10.63015,9.21954,10.0,9.43398,8.60233,8.06226,8.06226,8.06226,7.61577,7.28011,7.28011,6.08276,6.0,6.08276,43.65776,38.8973,41.76123,38.60052,34.78505,34.17601,31.62278,31.04835,26.4764,29.61419,26.68333,24.5153,25.17936,22.0,23.19483,20.22375,20.88061,17.46425,19.92486,17.08801,21.9545,18.02776,19.10497,20.51828,19.10497,19.84943,20.80865,20.12461,22.47221,24.59675,25.4951,27.73085,28.63564,32.31099,25.07987,32.75668,30.88689,30.88689,31.40064,31.62278,30.23243,31.40064,29.83287,29.83287,29.0,28.28427,27.80288,25.80698,25.80698,22.82542,24.69818,21.93171,21.93171,17.46425,18.97367,17.46425,17.02939,24.04163,22.36068,19.72308,22.02272,19.10497,18.43909,18.43909,16.12452,15.81139,15.23155,13.41641,12.08305,10.77033,9.21954,7.07107,4.12311,4.0,1.0,3.60555,4.12311,8.24621,8.0,11.04536,14.31782,14.14214,18.24829,18.43909,20.39608,20.88061,23.76973,22.13594,26.57066,25.07987,27.73085,26.24881,29.41088,27.85678,30.08322,29.12044,32.75668,33.24154,32.55764,37.36308,34.52535,36.67424,34.9285,38.63936,39.45884,39.62323,41.30375,41.19466,43.10452,46.87217,43.73786,48.83646,48.6621,44.14748
13.41641,12.52996,12.52996,12.08305,11.18034,10.29563,10.0,8.60233,9.21954,7.81025,8.48528,7.2111,7.81025,7.2111,6.40312,7.61577,6.32456,6.32456,6.08276,6.08276,6.0,7.0,7.07107,7.28011,8.24621,8.544,9.48683,10.44031,9.48683,10.44031,9.21954,11.18034,11.40175,10.19804,11.18034,11.04536,11.0,10.0,10.0,10.04988,10.04988,9.21954,9.21954,8.24621,8.24621,7.61577,7.61577,8.06226,7.2111,7.07107,6.40312,5.65685,88.14193,84.09518,84.38009,74.24284,71.69379,67.74216,68.96376,60.20797,59.16925,55.0,50.80354,49.57822,50.44799,45.27693,40.80441,44.28318,39.96248,38.01316,36.76955,37.85499,37.48333,34.23449,35.12834,34.0,40.31129,36.22154,44.92215,46.48656,47.16991,48.33218,45.31004,51.47815,52.92447,57.58472,55.54278,62.76942,63.89053,62.0967,64.62971,60.20797,61.61169,63.95311,60.29925,58.13777,55.00909,60.03332,53.15073,54.23099,47.51842,46.69047,46.32494,45.22168,42.72002,39.0,40.70626,38.47077,36.06938,42.15448,42.44997,46.27094,42.29657,42.0,38.32754,36.22154,32.28002,30.08322,33.54102,25.07987,25.23886,20.24846,14.86607,12.52996,8.06226,7.07107,2.23607,7.2111,5.09902,16.64332,17.69181,22.02272,26.1725,29.0,34.20526,35.8469,41.6173,42.54409,44.94441,46.14109,54.56189,49.65884,50.15974,55.54278,50.60632,55.00909,55.47071,55.22681,65.60488,59.90826,68.00735,71.02816,75.16648,65.45991,75.80237,70.45566,78.74643,78.74643,83.23461,86.21485,79.98125,87.41853,90.44335,95.21029,96.40021,93.49332
12.16553,12.16553,11.40175,10.19804,10.19804,9.21954,9.48683,8.544,8.544,7.61577,8.06226,7.2111,6.40312,6.40312,5.65685,6.40312,5.83095,6.7082,5.38516,6.08276,7.07107,7.07107,7.0,8.0,8.0,8.0,9.05539,10.0,10.0,10.04988,10.0,10.0,11.0,10.0,11.04536,11.04536,10.19804,10.19804,9.48683,9.48683,9.48683,8.544,8.94427,8.06226,8.06226,7.2111,6.40312,7.07107,5.65685,6.40312,5.83095,4.47214,84.21401,77.10383,72.0,72.06247,73.00685,70.02857,61.0082,59.3043,55.22681,53.33854,54.33231,44.55334,50.44799,40.49691,42.44997,40.70626,38.83298,38.83298,38.20995,35.4683,41.7732,34.71311,31.38471,38.94868,33.54102,38.07887,36.87818,40.1995,45.17743,49.25444,49.09175,55.00909,59.3043,58.13777,55.08176,61.29437,58.54912,62.16912,60.44005,61.68468,64.28841,62.36185,58.60034,61.68468,55.15433,55.56978,56.82429,51.62364,49.64877,47.80167,48.27007,45.34314,43.84062,41.86884,37.20215,38.07887,35.77709,44.40721,44.92215,46.23851,45.65085,38.60052,40.60788,36.06938,34.71311,34.4093,30.61046,29.15476,21.09502,24.59675,21.47091,15.13275,10.19804,4.47214,2.23607,6.40312,9.43398,9.05539,20.61553,22.2036,23.08679,28.28427,35.22783,34.23449,38.11824,39.05125,44.10215,46.69047,52.46904,49.0306,51.0392,51.78803,54.58938,58.03447,57.00877,59.07622,62.0,64.03124,67.00746,70.02857,72.11103,73.02739,71.56815,74.16873,79.05694,78.31347,80.50466,83.72574,86.97701,91.66242,90.66973,92.54188,94.00532,87.0
13.60147,12.20656,11.6619,11.6619,10.81665,10.29563,9.84886,9.84886,8.94427,8.24621,8.24621,8.06226,8.06226,8.0,7.0,8.0,7.07107,7.07107,7.28011,7.61577,7.61577,8.06226,8.06226,8.60233,9.43398,10.0,10.0,10.81665,11.40175,11.40175,11.40175,11.6619,11.6619,11.6619,11.6619,11.18034,12.08305,10.77033,10.77033,10.44031,10.44031,10.19804,10.19804,9.05539,9.05539,8.06226,8.0,8.06226,7.07107,7.28011,6.32456,5.38516,83.63014,79.9062,80.80842,75.16648,73.0,68.88396,63.65532,63.12686,60.0,61.29437,53.7122,48.75449,48.75449,45.61798,43.9659,43.68066,36.67424,38.47077,36.12478,35.0571,38.63936,38.07887,41.0,37.64306,41.78516,39.81206,40.81666,40.80441,46.40043,52.00961,47.50789,54.03702,51.85557,56.85068,57.80138,58.60034,61.03278,59.64059,63.28507,57.70615,60.03332,60.90156,61.32699,59.48109,57.58472,56.921,56.75385,52.39275,48.50773,47.67599,46.17359,46.17359,41.19466,42.42641,38.32754,36.13862,30.41381,43.18565,43.86342,38.58756,43.56604,40.70626,31.7805,36.67424,29.12044,33.73426,31.40064,26.01922,23.02173,21.2132,17.02939,17.08801,9.48683,3.60555,4.47214,1.41421,6.32456,12.52996,16.55295,18.02776,22.80351,26.83282,33.6006,35.0,38.01316,38.28838,45.27693,42.44997,47.38143,47.38143,47.42362,54.56189,55.97321,52.40229,55.44367,59.5483,64.53681,63.78087,62.80127,68.41053,71.02816,71.61006,68.96376,71.86793,73.24616,75.80237,82.20097,82.37718,85.95929,90.13878,82.66196,92.20087,89.20202,84.20214
13.45362,12.80625,12.04159,12.04159,11.40175,10.63015,10.81665,9.43398,9.43398,8.94427,8.94427,8.544,8.24621,8.24621,7.28011,8.06226,7.0,7.0,7.07107,7.07107,7.07107,7.28011,7.28011,8.544,8.94427,8.94427,9.84886,9.84886,10.77033,10.77033,10.77033,10.77033,10.77033,10.77033,11.40175,11.40175,11.18034,10.19804,10.04988,10.04988,10.04988,9.0,9.0,9.0,8.06226,8.06226,8.24621,7.28011,6.32456,6.32456,5.83095,5.0,84.64632,78.40918,82.32861,72.18033,70.76722,69.35416,64.38167,65.43699,57.31492,60.82763,53.41348,52.00961,54.03702,44.20407,41.40048,44.28318,45.18849,43.08132,43.32436,36.22154,43.18565,40.1995,36.01389,40.1995,35.0571,40.1995,42.2019,44.92215,40.80441,46.48656,49.39636,56.85948,47.16991,55.71355,57.00877,59.61543,57.24509,60.16644,58.46366,60.20797,55.10898,57.42822,58.54912,54.45181,59.03389,51.0392,53.23533,51.15662,49.16299,41.4367,43.73786,43.93177,38.8973,38.07887,38.27532,30.52868,32.80244,40.80441,41.01219,39.69887,37.80212,36.71512,33.10589,33.10589,27.85678,29.41088,22.56103,20.39608,18.02776,16.76305,14.31782,7.0,4.12311,3.16228,7.81025,10.81665,10.81665,17.80449,20.0,24.83948,25.6125,31.82766,36.12478,35.4683,42.2019,42.0119,48.9183,42.63801,52.49762,51.73973,50.44799,55.60576,57.48913,51.66237,61.7171,62.36986,67.89698,66.52819,65.05382,70.0928,66.52819,69.35416,75.0733,75.69016,75.60423,80.80842,80.62258,81.46779,85.91275,91.4385,81.46779,89.82761,97.58074,87.72685
13.92839,13.0,13.0,13.0,11.7047,11.7047,11.18034,9.84886,8.94427,8.94427,9.43398,8.60233,8.60233,7.81025,7.81025,7.81025,7.81025,6.40312,7.2111,7.2111,6.7082,6.7082,6.32456,7.28011,7.28011,8.24621,8.24621,8.24621,9.21954,9.21954,9.21954,9.21954,9.21954,9.48683,9.48683,9.84886,10.29563,9.43398,9.43398,9.43398,8.60233,9.21954,8.48528,8.48528,7.07107,7.81025,7.2111,7.2111,6.7082,6.32456,6.08276,6.08276,84.58132,83.81527,84.30896,74.94665,74.63243,70.00714,69.26038,63.32456,60.16644,56.46238,57.27128,53.22593,51.0,52.3259,48.02083,47.01064,46.40043,42.52058,34.82815,44.04543,41.6173,38.83298,37.16181,39.35734,35.77709,41.23106,41.78516,39.29377,44.94441,44.72136,42.2019,49.24429,48.08326,50.01,51.47815,51.66237,55.97321,54.40588,56.85948,57.00877,50.69517,52.35456,55.22681,53.7122,49.39636,51.61395,50.32892,47.80167,46.69047,42.52058,41.04875,38.01316,40.81666,35.34119,34.17601,31.32092,29.27456,35.4683,34.98571,33.6006,30.4795,33.24154,29.83287,26.62705,23.85372,23.25941,18.78829,19.23538,15.26434,12.08305,10.63015,7.07107,3.0,7.2111,10.0,13.60147,19.20937,20.0,27.58623,29.83287,34.71311,34.71311,38.8973,43.27817,43.18565,45.0,51.08816,51.08816,55.44367,53.53504,57.80138,60.53924,60.46487,59.40539,62.80127,61.03278,69.02898,66.0303,75.16648,68.00735,79.39773,67.62396,82.20097,78.00641,77.20104,82.80097,87.41853,88.00568,87.80091,87.36704,88.20431,98.1835,89.69392,93.94147
13.0,13.0384,12.04159,12.04159,11.04536,10.04988,10.04988,9.05539,9.05539,8.24621,8.24621,8.544,7.61577,7.61577,6.7082,8.06226,7.2111,6.40312,7.07107,7.07107,7.07107,7.07107,6.40312,7.2111,8.06226,8.06226,9.43398,9.43398,9.43398,9.43398,9.43398,10.0,9.21954,9.21954,10.63015,9.89949,9.89949,9.21954,9.21954,8.60233,8.06226,8.94427,8.06226,7.61577,7.61577,6.32456,7.28011,6.08276,6.08276,5.0,5.09902,5.09902,91.04944,83.09633,86.05231,75.0,77.16217,72.11103,67.1193,69.00725,61.0082,59.0,54.23099,51.15662,48.50773,48.83646,43.41659,45.54119,48.08326,42.95346,43.86342,37.58989,38.83298,35.51056,41.03657,40.22437,38.94868,41.10961,37.20215,43.60046,42.43819,46.32494,43.56604,50.53712,45.48626,51.10773,50.11986,56.0357,56.85948,54.3783,56.40035,57.80138,55.44367,55.17246,53.15073,53.8145,51.73973,52.63079,51.97115,49.92995,43.909,41.59327,44.28318,38.27532,35.1141,36.34556,35.35534,31.14482,33.37664,39.40812,39.44617,39.35734,37.57659,33.10589,35.69314,33.73426,29.42788,29.27456,22.09072,18.11077,18.02776,16.49242,16.0,7.61577,8.94427,8.24621,6.40312,11.40175,17.26268,22.36068,26.40076,25.0,31.62278,34.9285,37.64306,41.48494,43.41659,46.52956,52.39275,46.87217,58.54912,54.45181,58.0517,59.5399,57.07013,56.88585,62.64982,62.64982,70.03571,70.21396,64.53681,72.36712,75.0,74.46476,78.64477,80.04998,74.72617,82.71034,86.12201,87.29834,91.98369,93.05912,87.82369,97.16481,98.73196,93.43447
14.0,13.0384,13.0384,12.04159,11.04536,10.04988,10.19804,9.21954,9.21954,8.24621,8.24621,8.544,8.544,7.61577,6.7082,7.2111,6.40312,6.40312,7.07107,7.07107,6.40312,7.2111,7.2111,8.06226,8.06226,8.06226,8.94427,8.94427,8.94427,9.84886,9.43398,9.43398,9.43398,9.43398,10.0,10.0,9.21954,9.89949,9.21954,9.21954,8.60233,8.60233,8.06226,7.2111,8.06226,6.7082,6.7082,6.32456,6.32456,6.08276,5.0,4.0,42.04759,42.29657,41.10961,37.33631,38.11824,33.24154,35.0571,34.23449,30.26549,29.0,27.07397,25.07987,25.17936,25.01999,23.02173,21.84033,24.73863,19.92486,18.38478,19.69772,21.09502,16.64332,17.80449,17.69181,17.69181,18.43909,20.0,20.80865,20.80865,22.47221,22.82542,24.18677,25.23886,23.70654,25.94224,26.41969,26.83282,26.83282,28.01785,25.6125,26.40076,26.90725,27.58623,26.1725,24.08319,26.90725,23.85372,23.32381,22.2036,21.09502,19.72308,19.69772,17.46425,18.68154,15.13275,16.0,13.15295,20.12461,18.68154,19.92486,19.64688,17.11724,16.03122,17.02939,17.02939,14.0,14.14214,11.7047,10.04988,9.05539,8.06226,7.0,4.12311,4.24264,3.16228,6.0,8.06226,9.05539,10.19804,13.0384,14.0,15.29706,17.26268,18.0,20.0,24.0,24.02082,25.0,26.01922,28.07134,27.01851,28.01785,29.01724,30.01666,30.01666,31.0,33.06055,33.13608,36.01389,33.06055,40.1995,34.23449,35.69314,38.47077,38.63936,39.81206,44.10215,44.18144,44.04543,44.10215,43.18565,47.04253,46.01087,47.01064
13.60147,12.36932,12.36932,12.64911,11.40175,10.44031,10.19804,9.05539,9.21954,8.06226,8.06226,8.0,7.0,7.07107,7.07107,7.28011,6.32456,6.32456,6.7082,6.7082,6.7082,7.2111,6.40312,7.81025,7.81025,7.07107,8.48528,9.21954,9.21954,9.89949,9.21954,9.21954,9.21954,10.0,10.0,9.43398,10.29563,8.94427,8.544,8.544,8.24621,8.24621,8.24621,7.28011,7.07107,7.07107,7.0,6.0,6.08276,5.09902,5.38516,4.47214,42.37924,45.69464,41.10961,38.62642,39.0,32.69557,35.1141,32.31099,30.67572,26.24881,27.89265,24.73863,23.34524,24.33105,21.2132,21.0238,24.0,21.09502,18.02776,19.23538,21.37756,17.72005,18.38478,17.46425,18.86796,18.60108,20.24846,21.93171,21.26029,21.93171,22.62742,23.34524,25.4951,25.45584,26.90725,24.83948,26.90725,27.01851,27.80288,27.45906,25.80698,28.17801,25.94224,25.94224,23.76973,26.92582,24.35159,23.76973,19.41649,20.61553,20.22375,19.10497,19.0263,17.11724,17.11724,16.15549,14.31782,18.97367,20.39608,21.2132,17.26268,18.0,17.02939,15.29706,13.15295,13.15295,13.92839,11.18034,10.77033,11.40175,8.06226,5.38516,6.0,3.60555,3.16228,6.08276,8.24621,9.48683,13.0,12.0,15.0333,18.02776,18.02776,20.02498,20.22375,25.4951,25.07987,24.18677,28.63564,28.28427,27.45906,31.04835,28.86174,29.83287,31.7805,32.01562,34.1321,32.38827,36.49658,33.24154,39.31921,36.22154,37.01351,38.47077,41.30375,42.04759,47.26521,42.29657,43.41659,45.12206,45.89118,48.6621,47.07441,47.67599
13.45362,13.45362,12.04159,12.04159,10.63015,9.21954,10.0,9.21954,8.60233,8.06226,8.06226,7.61577,7.61577,7.28011,7.28011,7.28011,6.08276,6.0,6.0,6.0,6.08276,6.08276,6.32456,7.61577,7.61577,7.61577,8.544,8.544,9.84886,8.94427,8.544,9.48683,9.48683,9.48683,9.21954,9.21954,9.21954,9.05539,9.05539,8.0,8.06226,8.0,8.06226,7.07107,7.07107,6.32456,6.32456,5.38516,5.83095,5.0,5.0,4.24264,91.24144,84.95881,87.68124,77.83315,74.24958,75.0733,65.79514,68.62215,60.87693,60.1415,56.63921,50.93133,51.22499,48.54894,46.04346,41.67733,45.31004,41.62932,38.27532,39.0,45.39824,35.69314,38.0526,35.0,34.0,41.10961,37.36308,43.01163,41.7732,43.68066,44.27189,50.0,44.01136,51.86521,49.39636,56.04463,55.7853,55.7853,55.31727,51.78803,50.48762,54.08327,55.3263,51.15662,49.0102,50.08992,44.28318,42.42641,41.0,39.84972,39.84972,38.48376,39.81206,34.48188,31.38471,30.61046,26.1725,39.31921,40.80441,33.61547,39.82462,36.61967,38.01316,32.44996,30.4795,29.73214,25.45584,22.02272,19.79899,21.93171,17.02939,13.45362,5.65685,8.06226,10.81665,12.04159,14.86607,16.64332,25.23886,29.52965,33.01515,35.8469,35.80503,38.60052,43.01163,44.04543,51.73973,48.41487,56.85068,58.79626,55.21775,62.28965,57.62812,59.5483,64.2028,67.42403,68.24222,69.81404,64.63745,72.8011,71.86793,76.8505,81.02469,80.1561,77.17513,82.0975,83.23461,88.81441,90.97252,96.83491,87.41853,103.60019,95.0,89.93887
14.03567,13.0384,12.16553,12.04159,11.04536,10.04988,10.19804,9.21954,9.21954,8.24621,8.24621,7.61577,7.61577,6.7082,6.7082,7.2111,6.40312,6.40312,5.65685,5.65685,6.40312,6.7082,5.83095,6.7082,7.61577,7.28011,8.544,7.61577,8.544,8.544,8.544,9.84886,9.84886,8.94427,9.43398,9.43398,9.21954,7.81025,7.81025,8.48528,7.81025,7.81025,7.81025,7.2111,7.2111,7.2111,6.32456,6.32456,6.32456,5.09902,5.0,5.09902,41.04875,40.0125,41.19466,40.0125,38.11824,36.01389,33.0,34.05877,31.257,29.15476,26.30589,25.4951,27.45906,21.37756,23.34524,22.47221,19.69772,19.69772,19.23538,20.61553,20.61553,19.20937,17.80449,18.02776,19.23538,18.02776,18.86796,19.69772,20.61553,23.76973,21.54066,23.4094,22.13594,24.04163,25.63201,25.63201,27.20294,26.92582,26.40076,26.07681,24.59675,26.41969,26.62705,25.0,25.6125,24.08319,24.04163,22.62742,21.40093,20.0,21.26029,19.72308,19.69772,16.76305,16.15549,16.49242,14.14214,22.2036,20.59126,19.23538,19.31321,17.72005,18.43909,16.27882,17.11724,15.29706,12.0,11.18034,10.04988,9.05539,7.28011,4.12311,4.24264,3.16228,6.0,6.32456,7.61577,10.44031,13.60147,14.56022,14.31782,17.46425,20.88061,20.02498,23.34524,25.31798,25.70992,25.31798,28.07134,27.29469,28.28427,31.257,31.257,31.40064,31.40064,33.73426,33.73426,35.51056,34.9285,37.65634,38.60052,36.13862,40.5216,41.23106,41.76123,42.05948,43.41659,43.41659,45.88028,47.29693,45.12206,50.63596,49.0306,46.69047
14.56022,14.56022,12.64911,13.60147,12.64911,11.40175,10.77033,9.84886,9.84886,8.94427,8.94427,8.60233,8.60233,7.81025,7.81025,8.48528,7.81025,7.2111,7.2111,6.7082,6.7082,7.61577,7.61577,8.24621,8.24621,8.24621,9.05539,9.21954,10.19804,10.19804,10.19804,10.19804,10.19804,10.44031,10.44031,10.77033,10.77033,10.29563,10.29563,10.29563,9.43398,10.0,9.21954,9.21954,8.48528,7.81025,7.07107,7.81025,6.40312,7.2111,6.7082,6.32456,86.0,80.05623,81.88406,79.02531,78.16009,70.00714,65.62012,64.12488,54.33231,57.42822,59.3043,50.9902,53.75872,44.27189,47.12749,43.41659,43.82921,39.44617,37.44329,37.73592,41.7732,36.12478,34.82815,39.62323,36.40055,33.83785,37.44329,42.04759,42.72002,45.22168,44.59821,47.92703,44.77723,54.42426,50.0,57.00877,54.78138,55.03635,54.20332,54.91812,56.4358,54.3783,54.3783,57.42822,49.51767,49.57822,49.51767,48.10405,44.68781,41.6173,43.01163,41.88078,37.21559,31.01612,31.62278,33.73426,30.59412,36.87818,38.58756,36.24914,36.24914,33.24154,31.257,30.59412,27.16616,23.19483,24.02082,22.09072,16.0,16.76305,12.64911,8.24621,7.2111,7.07107,11.18034,15.81139,18.38478,18.43909,22.47221,26.0,31.95309,31.95309,39.35734,40.02499,42.95346,43.68066,51.1957,48.05206,57.27128,56.56854,57.55867,60.82763,58.85576,63.06346,63.34824,60.08328,70.21396,66.94027,67.68309,74.04053,73.4983,75.43209,79.55501,79.40403,79.30952,84.77028,79.69944,89.1852,86.33076,91.92388,86.88498,95.60335,95.34149,93.21481
15.0,14.0,13.0384,13.0,11.04536,11.04536,11.04536,10.04988,9.21954,8.24621,9.21954,8.544,7.61577,7.61577,8.06226,8.06226,7.81025,7.07107,7.07107,7.81025,7.81025,8.60233,8.06226,8.06226,8.94427,8.94427,9.84886,10.29563,10.77033,10.77033,11.18034,11.18034,11.18034,10.81665,10.81665,10.81665,11.40175,10.63015,10.63015,9.89949,9.21954,10.0,9.21954,8.60233,8.60233,8.06226,8.06226,7.61577,7.28011,7.28011,6.08276,6.08276,40.60788,41.48494,41.59327,37.48333,37.65634,35.69314,30.80584,32.75668,28.44293,30.41381,26.0,27.01851,26.0,23.08679,24.02082,21.37756,20.22375,20.61553,20.88061,19.69772,20.59126,17.0,18.43909,17.02939,17.69181,21.2132,19.84943,20.80865,21.40093,23.02173,24.41311,26.92582,25.80698,26.41969,26.62705,28.6007,29.20616,28.84441,28.42534,29.73214,27.65863,26.87006,28.42534,27.80288,26.24881,27.01851,25.0,25.23886,22.36068,22.82542,22.36068,21.0238,18.97367,19.23538,18.11077,18.11077,16.03122,18.24829,19.0,19.10497,17.26268,17.46425,15.81139,13.92839,11.6619,13.41641,12.52996,10.81665,8.06226,6.7082,5.0,4.47214,1.41421,3.16228,2.82843,5.38516,5.0,8.0,10.19804,12.0,15.0333,17.02939,18.0,19.10497,23.02173,22.2036,26.07681,24.18677,25.17936,27.29469,26.30589,29.42788,30.41381,28.44293,31.40064,32.55764,33.24154,33.06055,35.0571,34.1321,36.12478,35.01428,37.12142,37.05401,39.05125,38.0526,42.0,40.04997,46.01087,47.01064,44.10215,46.38965,45.17743,44.28318
15.6205,14.86607,14.14214,14.14214,12.72792,12.04159,11.31371,10.63015,10.63015,9.43398,10.0,9.43398,8.94427,8.544,8.544,8.24621,8.24621,7.07107,8.06226,8.0,8.0,8.06226,8.06226,9.21954,9.21954,9.21954,10.44031,10.19804,11.40175,10.44031,11.40175,11.18034,12.16553,11.18034,12.16553,12.04159,12.0,11.0,11.0,11.04536,10.19804,10.19804,10.19804,9.21954,9.48683,8.544,8.94427,8.06226,7.2111,7.2111,7.07107,6.40312,86.31338,81.3941,78.89233,76.96753,75.591,68.8767,67.74216,62.64982,61.58734,58.18075,53.82379,51.86521,50.60632,48.79549,42.63801,43.93177,44.40721,39.96248,37.58989,40.24922,38.62642,36.40055,40.31129,36.67424,38.0526,40.04997,38.20995,46.17359,46.04346,45.39824,46.17359,48.37355,56.7186,56.51548,54.34151,62.20129,57.55867,61.13101,65.03076,57.00877,58.0,58.00862,61.40033,59.5399,51.66237,55.54278,55.36244,51.86521,47.16991,48.33218,43.04649,44.10215,39.11521,39.20459,35.4683,32.80244,33.6006,39.59798,37.01351,36.89173,32.69557,32.69557,28.79236,29.41088,28.28427,25.17936,22.09072,18.0,17.02939,16.03122,7.28011,8.06226,3.16228,3.60555,6.08276,12.52996,15.81139,19.84943,24.83948,27.20294,33.24154,32.55764,33.30165,40.45986,42.80187,45.80393,50.0,46.32494,55.47071,57.98276,59.90826,60.20797,57.68882,61.85467,63.51378,64.89992,68.24954,65.45991,66.21933,70.17834,78.87332,72.00694,70.29225,74.02702,77.89737,76.6942,86.05231,86.68333,90.78546,88.60023,91.02198,93.8616,90.80198,96.83491
15.23155,13.92839,12.64911,13.0,12.08305,10.77033,10.44031,10.44031,9.48683,9.21954,9.21954,9.0,8.0,8.0,8.0,8.06226,7.28011,7.28011,6.32456,7.61577,6.7082,7.2111,7.2111,7.81025,8.48528,8.48528,9.21954,9.89949,9.89949,10.63015,9.89949,10.63015,11.31371,10.0,11.40175,10.81665,10.81665,10.29563,10.29563,9.84886,9.84886,9.48683,9.48683,8.24621,8.24621,8.24621,8.06226,8.0,7.0,7.07107,7.28011,6.32456,43.46263,42.15448,39.21734,40.31129,36.05551,33.61547,33.24154,33.83785,31.32092,28.79236,25.96151,23.76973,25.31798,24.33105,21.0238,22.02272,21.2132,19.10497,20.61553,17.46425,19.69772,19.92486,18.35756,18.78829,17.88854,21.40093,20.51828,23.02173,21.93171,23.43075,22.67157,25.0,25.0,26.62705,27.45906,27.80288,29.0,29.06888,31.1127,29.0,29.06888,29.06888,27.80288,28.01785,28.84441,26.92582,25.05993,24.59675,23.25941,23.76973,21.84033,22.56103,21.2132,17.11724,19.0,16.03122,14.56022,18.43909,17.0,16.12452,16.64332,15.0,14.86607,12.72792,12.20656,12.80625,8.60233,10.77033,8.544,7.2111,5.83095,3.16228,1.41421,3.16228,3.60555,6.08276,9.21954,9.05539,11.04536,13.0384,16.03122,17.26268,19.0263,18.43909,22.56103,21.84033,25.4951,23.76973,26.24881,26.57066,29.41088,29.73214,29.73214,26.92582,30.08322,30.67572,32.75668,32.98485,34.9285,35.17101,35.51056,35.90265,39.29377,40.26164,37.33631,40.60788,42.75512,41.7732,44.72136,45.35416,41.97618,47.07441,47.07441,44.64303
13.34166,12.36932,12.16553,11.18034,10.19804,10.19804,9.05539,9.05539,9.05539,7.0,8.0,7.07107,7.07107,6.32456,6.32456,6.7082,5.83095,5.83095,5.0,5.65685,5.65685,6.40312,6.40312,7.2111,8.06226,8.06226,8.94427,8.94427,8.94427,8.94427,8.94427,9.43398,9.43398,9.43398,9.43398,9.21954,9.21954,8.48528,8.48528,8.48528,7.81025,8.60233,8.06226,7.2111,6.7082,6.7082,6.32456,6.32456,5.09902,5.09902,5.0,5.09902,42.05948,42.72002,39.56008,37.36308,37.64306,33.52611,32.57299,32.01562,28.86174,25.96151,25.31798,24.18677,26.1725,22.2036,23.0,22.09072,21.09502,18.43909,16.76305,18.02776,20.12461,17.49286,15.26434,16.40122,18.38478,18.38478,19.10497,19.23538,22.02272,23.32381,23.02173,24.59675,25.23886,23.85372,29.68164,26.62705,27.78489,28.6531,29.20616,29.20616,27.58623,28.3196,26.90725,26.87006,26.24881,25.23886,24.41311,25.55386,21.63331,20.12461,18.78829,21.18962,19.64688,19.10497,16.12452,16.03122,15.13275,18.24829,15.81139,17.46425,18.35756,17.02939,14.14214,14.14214,11.40175,12.04159,10.0,9.43398,7.81025,6.32456,7.0,3.0,1.41421,4.0,5.0,5.38516,8.0,9.21954,13.0,15.0333,16.0,17.11724,21.0238,22.36068,21.37756,22.80351,24.5153,25.29822,26.68333,26.92582,26.92582,28.4605,28.79236,29.73214,31.7805,31.04835,33.54102,32.01562,35.90265,34.52535,37.33631,34.36568,38.32754,39.45884,38.11824,40.4475,43.18565,40.4475,44.10215,46.38965,45.39824,49.0306,46.52956,46.87217
12.80625,12.72792,11.31371,11.31371,10.63015,9.21954,9.21954,9.21954,8.60233,8.06226,7.2111,8.06226,6.7082,6.7082,6.32456,6.08276,6.08276,6.0,6.0,6.08276,6.08276,6.32456,7.28011,7.61577,8.544,7.61577,8.94427,9.84886,9.84886,9.84886,9.84886,9.84886,10.77033,10.44031,10.44031,10.19804,10.19804,10.04988,9.0,9.0,9.0,8.0,8.0,8.06226,7.07107,7.07107,6.32456,6.32456,5.83095,5.83095,5.0,4.24264,88.4138,89.10668,82.07314,76.36753,76.57676,71.8401,61.52235,61.52235,62.93648,55.17246,49.0408,46.09772,54.3783,49.09175,45.27693,45.17743,41.78516,39.56008,40.5216,39.84972,40.1995,38.11824,39.31921,38.07887,38.32754,42.37924,42.72002,42.54409,42.48529,47.42362,43.38202,49.92995,50.08992,54.58938,52.80152,61.46544,56.79789,62.24147,56.30275,58.82176,59.77458,61.61169,55.54278,58.24946,53.46027,50.15974,50.15974,49.0408,43.28972,41.10961,39.62323,42.75512,38.83298,40.16217,34.9285,33.61547,28.28427,40.0,36.76955,36.79674,39.40812,36.67424,30.52868,32.64966,28.79236,24.33105,21.37756,23.19483,18.24829,13.0,9.48683,6.32456,3.60555,4.12311,4.12311,11.18034,13.60147,17.46425,28.84441,26.40076,34.9285,36.40055,36.23534,39.20459,44.20407,47.50789,50.32892,49.51767,56.56854,56.56854,54.45181,58.69412,58.69412,61.52235,59.46427,60.60528,67.20863,66.06815,69.42622,71.70077,75.28612,70.80254,77.46612,78.60025,79.32213,82.92768,84.05355,84.05355,88.23265,90.02777,87.45856,95.0,95.44108,96.04686
13.89244,13.41641,12.52996,11.6619,11.18034,10.29563,10.77033,9.84886,9.84886,8.544,8.544,8.24621,8.06226,8.0,7.0,8.0,8.06226,7.28011,6.32456,7.61577,7.61577,8.06226,8.06226,8.60233,8.60233,8.60233,10.0,10.0,11.40175,10.63015,10.81665,10.81665,11.6619,10.81665,11.6619,11.18034,11.18034,10.77033,10.44031,10.44031,10.44031,9.21954,10.19804,9.21954,8.06226,8.06226,8.0,8.06226,7.07107,6.08276,6.32456,5.38516,88.09086,83.63014,78.00641,79.02531,79.20227,72.8011,67.35726,61.03278,56.0357,58.83026,56.4358,49.24429,46.48656,44.28318,42.54409,43.01163,42.2019,40.31129,38.32754,40.0125,41.04875,36.12478,34.9285,40.49691,33.10589,40.16217,44.77723,44.10215,43.909,48.41487,49.40648,52.43091,54.91812,57.48913,51.08816,57.98276,62.1289,60.90156,59.48109,60.92618,60.92618,63.32456,56.64804,57.87055,53.36666,57.97413,51.66237,51.24451,46.69047,48.25971,46.01087,41.01219,43.10452,42.37924,36.40055,35.1141,31.30495,38.91015,37.44329,41.34005,37.80212,39.20459,32.44996,29.41088,27.73085,28.6531,27.313,23.08679,15.81139,17.72005,16.12452,10.04988,3.16228,2.23607,5.09902,5.0,12.16553,15.0333,20.39608,21.54066,32.28002,30.67572,41.62932,38.48376,39.96248,44.77723,47.01064,46.95743,52.15362,56.85948,50.21952,56.40035,53.82379,57.14018,60.41523,57.45433,67.1193,62.96825,68.09552,65.19202,72.47068,71.11962,77.82673,74.70609,81.02469,82.29824,83.63014,86.76405,92.13577,89.94443,88.56636,97.12878,90.33825,98.47842
14.03567,12.04159,12.16553,12.04159,10.19804,10.04988,9.21954,9.21954,8.24621,7.61577,7.61577,7.2111,6.7082,7.2111,6.40312,7.07107,6.40312,6.40312,5.83095,6.7082,6.32456,6.32456,7.28011,7.07107,8.06226,8.06226,9.05539,9.21954,10.04988,10.04988,10.19804,10.19804,10.19804,10.44031,10.44031,10.44031,10.77033,10.29563,9.43398,9.43398,8.60233,9.43398,8.48528,7.81025,8.48528,7.07107,6.40312,6.40312,5.83095,5.38516,5.38516,5.09902,43.04649,42.0119,39.0,38.01316,38.0,33.0,32.0,31.01612,28.01785,26.07681,25.31798,25.70992,24.5153,20.61553,19.92486,20.24846,18.35756,17.20465,18.86796,16.12452,18.38478,18.38478,17.88854,19.23538,16.15549,18.78829,19.31321,23.5372,21.84033,22.56103,21.84033,24.33105,24.33105,27.29469,27.29469,28.86174,29.61419,30.08322,28.4605,29.73214,28.63564,28.17801,29.54657,28.6531,26.41969,28.01785,25.0,25.6125,24.08319,21.93171,21.2132,20.51828,18.60108,17.49286,17.88854,17.46425,14.56022,19.10497,21.0238,20.09975,18.43909,17.46425,17.08801,17.08801,13.92839,13.89244,13.89244,12.04159,9.21954,6.40312,5.0,4.47214,1.0,2.23607,3.0,5.0,3.60555,8.06226,10.19804,11.40175,14.86607,16.27882,16.12452,17.11724,22.2036,21.0238,24.02082,23.02173,26.0,27.01851,27.07397,28.0,29.01724,29.0,32.0,30.01666,34.23449,32.06244,34.05877,36.22154,37.33631,35.22783,36.67424,37.33631,36.67424,39.62323,39.81206,41.30375,44.55334,48.25971,41.19466,46.17359,46.27094,43.18565
13.0,13.0,12.64911,11.7047,10.44031,10.44031,10.44031,9.21954,8.24621,8.06226,8.06226,8.0,7.0,7.07107,7.07107,7.28011,6.32456,5.83095,6.7082,6.7082,7.2111,7.81025,7.07107,8.48528,7.81025,8.48528,8.60233,10.0,10.0,10.0,10.63015,10.63015,10.63015,9.89949,10.63015,10.63015,10.0,10.0,9.43398,9.43398,8.94427,8.94427,8.94427,7.61577,7.28011,7.28011,7.07107,7.07107,6.0,6.0,5.09902,5.09902,43.46263,41.62932,41.10961,37.16181,38.62642,34.53983,32.89377,32.69557,29.12044,26.92582,23.76973,23.5372,24.73863,25.31798,20.09975,19.0263,21.0238,19.10497,17.11724,18.11077,19.31321,17.46425,18.35756,18.60108,20.0,19.10497,19.10497,21.40093,22.02272,23.34524,21.26029,25.0,24.83948,27.65863,25.6125,29.06888,29.06888,29.20616,29.73214,29.0,29.06888,27.80288,28.42534,26.40076,24.18677,24.59675,24.16609,24.59675,21.0238,21.54066,20.24846,20.88061,19.41649,17.02939,17.02939,16.03122,14.14214,21.09502,21.18962,19.92486,17.08801,18.35756,17.20465,16.40122,15.0,14.21267,12.04159,11.31371,9.21954,7.81025,5.65685,4.24264,5.38516,2.0,1.41421,5.09902,8.544,10.44031,13.0,11.7047,13.60147,17.26268,15.52417,19.92486,18.38478,22.84732,24.69818,22.13594,25.07987,27.313,26.92582,28.23119,27.85678,28.79236,29.54657,31.01612,31.32092,33.24154,33.24154,34.78505,35.44009,34.20526,37.85499,37.36308,37.65634,41.7732,41.23106,42.2019,44.38468,42.44997,41.48494,47.29693,46.84015,44.38468
15.65248,15.23155,14.31782,14.31782,13.0,12.08305,11.7047,10.77033,10.44031,10.44031,10.44031,10.19804,9.05539,9.05539,8.0,8.06226,8.06226,8.06226,8.24621,7.61577,7.61577,7.61577,7.61577,8.94427,9.43398,8.60233,10.0,10.81665,10.81665,11.40175,10.81665,10.81665,11.6619,11.6619,11.18034,11.18034,11.7047,10.44031,10.44031,10.19804,10.19804,10.19804,10.04988,9.05539,9.0,8.0,8.06226,8.06226,8.24621,7.28011,6.7082,5.83095,47.50789,45.79301,42.94182,39.11521,40.31129,37.80212,34.98571,34.48188,30.52868,29.52965,29.06888,28.23119,27.51363,26.24881,23.76973,22.56103,23.34524,23.5372,21.09502,19.0,19.10497,22.09072,19.64688,18.97367,21.18962,23.4094,20.59126,23.32381,23.25941,24.20744,24.18677,24.69818,24.69818,26.92582,27.20294,28.63564,27.78489,28.30194,29.96665,28.23119,29.54657,28.79236,26.68333,26.92582,26.68333,26.30589,24.08319,24.18677,23.0,23.02173,22.02272,21.09502,20.22375,19.41649,18.97367,17.0,16.12452,17.0,17.26268,14.86607,15.81139,13.92839,13.89244,12.20656,11.6619,12.04159,9.43398,9.43398,7.2111,5.65685,4.24264,1.0,2.0,4.12311,4.47214,8.06226,8.06226,12.16553,14.31782,15.52417,16.27882,18.43909,19.64688,20.61553,22.47221,23.25941,26.40076,24.59675,29.15476,27.73085,28.23119,30.46309,31.30495,31.01612,29.54657,30.8707,34.17601,33.61547,36.40055,35.4683,37.0,36.76955,39.84972,39.84972,40.26164,44.27189,43.9659,42.37924,46.17359,45.22168,44.94441,49.76947,49.39636,48.46648
14.21267,13.45362,12.72792,12.04159,12.04159,10.63015,9.89949,9.89949,9.21954,8.48528,9.21954,8.60233,8.06226,7.2111,6.7082,7.61577,6.32456,6.32456,6.08276,6.08276,7.07107,7.0,7.0,7.07107,8.06226,8.06226,8.24621,9.21954,9.21954,9.21954,9.05539,10.04988,10.19804,9.05539,10.04988,10.0,10.0,9.05539,9.05539,9.21954,9.21954,8.544,8.544,7.61577,7.61577,7.61577,7.2111,6.40312,6.40312,5.65685,5.83095,5.83095,89.35883,85.98256,88.23265,79.6304,83.23461,69.33974,67.95587,65.73431,59.07622,58.00862,57.2014,51.66237,55.86591,54.48853,51.66237,41.40048,44.04543,42.43819,40.22437,42.04759,40.8534,38.27532,36.34556,34.71311,40.60788,42.10701,40.0125,41.0,40.04997,48.6621,49.64877,49.36598,48.37355,51.78803,51.24451,55.03635,56.32051,56.0803,58.00862,55.22681,56.0803,58.54912,53.60037,55.10898,50.21952,54.12947,48.46648,46.8188,46.23851,44.01136,42.72002,43.56604,39.20459,34.65545,36.06938,33.6006,30.52868,34.88553,34.20526,32.64966,32.55764,31.241,28.6007,27.29469,23.02173,23.32381,23.4094,15.65248,13.92839,11.18034,9.21954,3.60555,7.28011,9.89949,9.84886,11.6619,15.0,20.51828,27.58623,27.01851,33.01515,36.87818,42.2019,45.96738,44.55334,49.67897,51.62364,48.08326,55.97321,57.62812,58.89822,59.03389,60.20797,63.12686,66.6033,59.03389,67.26812,68.24954,71.42129,70.72482,77.07788,70.17834,82.73452,79.98125,81.8352,78.64477,89.10668,84.8646,89.93887,94.04786,91.92388,96.17692,91.96739,97.08244
13.0384,12.20656,11.40175,12.20656,10.81665,10.0,10.0,9.21954,9.21954,8.48528,7.81025,7.2111,7.2111,6.7082,6.7082,6.32456,7.28011,6.08276,6.08276,6.0,6.0,7.0,7.07107,7.07107,8.06226,8.24621,9.21954,9.21954,9.21954,9.21954,9.21954,10.04988,10.04988,9.05539,10.04988,9.0,10.0,9.05539,9.05539,9.05539,8.24621,8.24621,7.28011,7.28011,7.61577,6.7082,5.83095,5.83095,6.40312,5.65685,5.0,4.47214,90.82401,82.73452,84.90583,76.15773,74.70609,70.23532,66.18912,67.60178,57.98276,60.21628,53.82379,52.20153,52.63079,47.63402,46.75468,46.2277,42.2019,39.69887,38.60052,39.11521,45.27693,34.53983,39.05125,35.90265,34.1321,41.01219,40.0125,43.04649,43.0,51.0098,45.09989,49.16299,43.28972,53.33854,47.85394,58.03447,54.08327,56.32051,54.00926,55.22681,52.23983,52.61179,52.61179,53.15073,53.15073,51.5461,51.26402,47.01064,42.15448,40.71855,40.24922,39.82462,36.61967,35.38361,31.241,34.65545,29.06888,35.0,38.18377,32.55764,33.28663,32.01562,31.38471,26.07681,26.0,21.47091,20.61553,19.31321,14.31782,14.56022,11.18034,6.7082,4.12311,7.2111,12.80625,10.63015,19.79899,20.51828,27.58623,29.69848,29.83287,33.6006,36.12478,42.2019,46.2277,46.32494,52.20153,45.22168,58.5235,57.80138,56.60389,58.24946,65.19202,54.70832,63.00794,60.74537,67.80118,74.02702,68.24954,73.23933,69.02898,71.50524,77.83315,78.56844,77.83315,82.807,82.13404,88.86507,89.27486,97.00515,87.80091,96.04686,102.0049,93.19335
15.81139,14.42221,13.89244,13.89244,12.52996,11.6619,11.18034,9.84886,10.77033,9.84886,8.94427,9.21954,8.24621,8.06226,8.06226,8.0,7.0,7.07107,7.07107,7.28011,7.28011,7.61577,7.61577,8.06226,8.06226,8.06226,9.43398,10.29563,10.29563,9.43398,10.29563,10.29563,11.18034,9.84886,10.77033,10.77033,10.44031,10.44031,10.19804,10.19804,9.05539,9.05539,9.05539,8.06226,8.0,8.0,8.06226,7.28011,7.28011,6.7082,6.7082,5.83095,45.25483,43.86342,41.72529,40.31129,41.7732,36.79674,36.06938,31.82766,31.1127,30.41381,29.83287,25.0,27.65863,24.69818,23.60085,23.32381,22.36068,19.31321,19.31321,19.92486,20.22375,19.41649,20.02498,20.0,19.10497,21.2132,20.61553,21.84033,23.76973,24.35159,23.76973,25.4951,24.35159,25.63201,27.20294,29.41088,26.24881,29.73214,29.61419,29.61419,28.16026,29.15476,28.0,28.0,26.01922,28.01785,27.16616,25.17936,20.61553,22.80351,21.18962,22.13594,19.69772,18.86796,18.86796,17.80449,15.6205,18.24829,15.81139,17.08801,16.55295,17.80449,13.0384,12.80625,13.0384,12.04159,8.60233,9.21954,6.40312,5.38516,3.16228,4.12311,2.0,3.60555,4.24264,8.544,8.544,12.08305,13.60147,14.86607,16.55295,19.23538,19.31321,21.09502,22.82542,24.41311,25.55386,27.45906,27.45906,28.84441,27.80288,30.80584,31.90611,30.23243,34.1321,33.01515,34.98571,33.28663,34.98571,34.66987,39.11521,37.57659,38.07887,38.83298,40.70626,42.94182,47.01064,44.77723,46.64762,47.70744,47.70744,51.31277,46.61545,48.60041
14.0,13.0,12.16553,12.04159,11.04536,10.0,10.04988,9.05539,9.05539,8.24621,8.24621,7.28011,7.61577,6.32456,6.7082,6.40312,6.40312,5.65685,5.65685,6.40312,5.83095,6.7082,5.83095,6.7082,7.61577,7.61577,8.24621,8.544,8.544,9.48683,8.544,9.84886,9.84886,9.84886,10.29563,9.43398,9.43398,8.48528,8.48528,8.48528,7.81025,7.81025,7.81025,7.2111,7.2111,6.7082,6.32456,6.32456,6.32456,6.08276,5.0,5.09902,45.39824,40.4475,40.04997,39.20459,41.4367,36.34556,33.06055,33.37664,30.14963,29.15476,28.07134,27.01851,26.01922,21.09502,24.08319,20.39608,22.80351,18.02776,17.72005,18.78829,18.78829,17.0,18.38478,15.6205,16.27882,19.79899,20.51828,19.41649,20.80865,22.82542,21.9545,23.02173,23.32381,26.83282,25.05993,27.45906,26.92582,28.01785,28.6007,27.65863,27.01851,26.90725,26.90725,26.24881,26.40076,25.80698,22.82542,22.47221,22.36068,19.69772,19.69772,19.92486,19.92486,18.02776,17.02939,16.0,15.29706,20.0,18.78829,18.02776,17.46425,15.29706,17.11724,14.14214,14.0,14.0,11.0,11.04536,9.05539,7.07107,6.08276,5.0,5.65685,7.28011,6.32456,8.0,8.06226,9.84886,14.31782,14.03567,15.52417,19.23538,19.41649,22.0,25.07987,25.07987,26.30589,26.01922,29.06888,28.07134,29.01724,29.15476,31.01612,30.06659,32.06244,33.06055,35.22783,34.1321,37.33631,39.45884,38.20995,37.21559,37.65634,40.4475,41.4367,41.59327,46.52956,44.55334,48.50773,48.37355,46.04346,46.17359,49.0408,48.04165
14.86607,13.45362,13.60147,13.45362,12.80625,10.63015,11.40175,10.0,10.0,9.43398,8.94427,8.94427,8.544,8.544,7.61577,8.24621,7.07107,7.07107,7.0,7.0,7.07107,7.07107,7.28011,7.28011,8.24621,8.544,8.544,9.48683,9.84886,9.84886,9.48683,10.44031,10.44031,10.44031,10.19804,11.18034,10.19804,10.04988,10.04988,10.0,10.04988,9.05539,9.05539,8.06226,8.24621,8.24621,7.61577,7.61577,6.7082,6.7082,7.2111,5.65685,90.60905,86.37129,87.72685,82.73452,77.98718,72.47068,63.63961,67.17887,64.38167,63.70243,57.31492,52.49762,53.90733,52.49762,45.60702,42.19005,40.71855,40.16217,36.40055,36.40055,38.32754,35.51056,33.06055,37.12142,36.34556,40.4475,36.67424,43.9659,43.73786,46.48656,44.27189,51.26402,47.53946,53.75872,53.16014,59.20304,56.61272,59.66574,59.43904,55.9017,54.45181,55.7315,55.0,56.00893,53.00943,55.08176,49.36598,47.26521,46.32494,45.60702,43.68066,41.4367,38.62642,38.01316,33.01515,31.89044,29.06888,35.69314,38.60052,34.17601,33.54102,35.22783,32.01562,26.90725,27.58623,29.0,21.93171,19.10497,14.86607,15.55635,12.80625,9.48683,11.7047,10.77033,9.21954,16.27882,14.76482,20.59126,25.05993,24.16609,33.28663,33.83785,38.27532,40.22437,41.40048,45.0,51.61395,47.63402,53.41348,52.15362,54.67175,60.30755,62.20129,61.7171,59.64059,63.24555,68.8186,69.40461,68.50547,70.72482,71.86793,75.80237,81.49233,77.69813,76.66159,81.30191,83.21658,91.26336,90.13878,92.65528,88.23265,96.83491,96.02083,93.2309
14.56022,13.60147,12.36932,12.36932,12.36932,11.18034,11.18034,9.05539,10.04988,8.06226,9.05539,8.0,8.06226,8.06226,7.07107,8.24621,7.61577,6.7082,6.7082,7.2111,7.2111,7.81025,7.81025,8.48528,8.48528,8.48528,9.21954,9.89949,9.89949,10.63015,9.89949,9.89949,11.31371,10.63015,10.63015,11.40175,10.81665,10.29563,10.29563,10.29563,9.84886,9.84886,8.544,8.544,8.24621,8.24621,8.06226,8.06226,7.07107,7.0,6.08276,6.08276,46.64762,44.10215,44.29447,40.81666,40.31129,34.98571,36.23534,34.0,30.41381,29.54657,27.85678,26.0,28.79236,25.0,21.84033,23.19483,21.37756,20.09975,19.0263,20.02498,22.36068,20.61553,18.68154,17.08801,19.23538,20.12461,20.59126,22.02272,22.67157,24.83948,24.04163,26.90725,25.80698,26.40076,27.58623,27.65863,29.41088,29.68164,30.52868,29.15476,29.15476,29.52965,29.15476,28.63564,27.51363,25.29822,23.5372,23.76973,23.34524,23.02173,22.09072,21.0,20.39608,18.24829,16.76305,16.76305,15.23155,19.0,17.0,17.46425,18.97367,14.86607,14.86607,14.31782,12.52996,12.52996,10.77033,9.43398,8.48528,8.94427,7.2111,5.38516,4.12311,3.60555,6.40312,5.83095,9.05539,9.48683,10.04988,14.56022,15.29706,15.29706,17.46425,19.92486,20.61553,22.36068,25.29822,23.76973,26.83282,26.0,26.40076,30.46309,29.96665,29.15476,30.67572,31.95309,33.24154,33.24154,34.20526,34.78505,37.36308,35.17101,36.40055,37.94733,38.07887,40.80441,43.32436,43.17407,43.73786,45.88028,44.92215,49.33559,49.64877,49.39636
14.31782,13.34166,13.15295,12.36932,12.16553,11.18034,11.04536,10.04988,9.05539,8.06226,9.0,9.05539,8.06226,8.24621,7.28011,7.61577,6.7082,8.06226,7.2111,7.2111,7.2111,7.07107,7.81025,7.81025,8.60233,8.60233,9.21954,10.0,10.0,10.81665,10.0,10.63015,10.63015,11.31371,11.31371,10.63015,10.63015,10.0,10.0,9.43398,9.43398,9.43398,8.94427,8.94427,8.544,7.61577,8.24621,7.28011,7.07107,7.07107,6.0,6.08276,45.89118,42.95346,40.4475,39.62323,42.29657,35.90265,34.71311,30.26549,29.27456,29.06888,28.01785,27.01851,27.07397,24.0,23.19483,22.56103,22.80351,19.92486,18.38478,21.9545,20.0,19.41649,16.27882,16.97056,18.02776,19.84943,23.85372,22.2036,23.02173,23.25941,24.59675,25.94224,24.16609,26.83282,27.73085,28.17801,30.01666,29.52965,31.06445,30.23243,29.68164,29.73214,28.28427,29.0,26.87006,26.90725,27.01851,27.65863,23.02173,23.60085,23.32381,21.47091,20.24846,20.61553,19.64688,18.24829,15.0,18.24829,18.02776,20.02498,18.24829,15.52417,14.86607,12.08305,14.56022,13.60147,12.52996,9.84886,7.28011,8.544,5.09902,4.12311,4.12311,2.82843,4.12311,5.09902,5.09902,10.04988,11.18034,15.13275,15.0,17.02939,21.0,19.0263,20.39608,22.56103,23.08679,24.33105,26.1725,27.45906,26.1725,29.61419,27.16616,29.42788,30.14963,30.26549,34.0147,31.14482,34.0147,36.01389,37.0,36.01389,38.47077,38.0526,39.11521,42.0119,45.0,43.01163,45.01111,47.01064,49.0102,48.16638,46.09772,47.04253
14.31782,14.31782,13.15295,13.15295,12.16553,11.18034,11.04536,10.04988,10.0,9.0,9.0,9.05539,8.24621,7.28011,7.28011,7.61577,8.06226,8.06226,7.2111,7.81025,7.81025,7.81025,7.81025,8.60233,8.60233,8.60233,9.43398,10.81665,10.81665,11.6619,10.81665,10.81665,11.6619,11.40175,11.40175,11.40175,11.31371,10.63015,10.63015,10.63015,10.0,10.0,9.43398,9.43398,8.94427,8.06226,7.61577,7.61577,7.28011,7.28011,6.08276,6.0,43.56604,43.17407,44.40721,40.4475,40.79216,35.90265,35.51056,34.23449,29.42788,30.06659,30.06659,26.01922,26.07681,25.07987,25.07987,23.5372,23.34524,19.41649,16.15549,19.72308,21.63331,20.24846,18.43909,18.43909,17.69181,20.59126,21.63331,21.9545,21.47091,24.59675,25.05993,25.94224,25.4951,26.0,27.313,29.06888,31.76476,31.30495,30.88689,31.06445,29.41088,31.241,29.0,29.06888,26.90725,26.90725,26.90725,25.80698,23.43075,23.60085,22.47221,21.47091,20.59126,18.97367,18.97367,15.81139,16.03122,19.10497,18.11077,18.11077,17.46425,16.15549,14.86607,13.92839,12.64911,12.08305,11.40175,10.0,7.61577,7.61577,5.38516,5.0,2.82843,2.82843,4.12311,6.0,6.08276,9.0,11.0,13.0,15.0333,17.11724,19.0263,20.22375,20.39608,22.56103,24.33105,24.73863,27.29469,26.30589,27.16616,29.27456,29.42788,29.42788,30.41381,30.41381,33.06055,31.01612,36.01389,36.01389,35.01428,36.05551,39.20459,37.05401,40.1995,41.04875,41.0,43.01163,43.10452,47.01064,47.0,50.01,48.0,48.04165
14.31782,12.64911,12.64911,12.36932,11.40175,10.44031,9.84886,9.84886,8.94427,8.06226,8.60233,7.81025,7.81025,7.07107,6.40312,7.2111,7.2111,7.61577,6.7082,7.28011,7.28011,8.24621,8.24621,9.05539,9.05539,9.0,10.04988,11.04536,11.0,12.04159,11.04536,11.18034,11.04536,11.18034,11.18034,11.40175,11.40175,10.77033,9.84886,9.84886,10.29563,8.94427,9.43398,8.60233,8.60233,7.81025,7.81025,7.07107,7.07107,6.40312,5.83095,4.47214,87.09191,83.24062,83.1685,77.20104,74.46476,71.56815,62.96825,68.30813,61.40033,59.13544,55.15433,54.12024,50.15974,47.01064,45.27693,44.59821,41.72529,43.27817,41.10961,38.58756,38.83298,35.80503,36.40055,37.33631,37.85499,41.23106,44.72136,45.17743,46.01087,48.09366,50.0,52.00961,57.03508,54.00926,58.07753,58.21512,59.84146,59.3043,58.0517,62.16912,60.41523,63.56099,59.48109,55.65968,56.0803,54.56189,52.7731,51.88449,52.43091,45.45327,43.93177,41.10961,41.7732,37.53665,37.20215,33.83785,30.8707,38.48376,35.69314,32.75668,29.06888,31.01612,29.15476,27.45906,27.51363,23.34524,22.84732,19.31321,15.65248,13.0,10.0,9.21954,3.16228,2.23607,5.0,9.43398,14.76482,17.69181,20.24846,26.41969,29.20616,34.88553,37.73592,37.0,42.37924,48.08326,47.53946,47.43416,51.86521,56.51548,52.20153,60.87693,53.75872,58.69412,60.74537,60.74537,66.85058,62.96825,65.9242,68.15424,71.58911,68.8767,72.94518,72.00694,76.05919,75.15318,84.11896,81.12336,88.50989,89.55445,85.86617,93.47192,93.47192,94.84725
14.21267,13.45362,12.04159,12.80625,11.40175,10.63015,9.89949,9.21954,9.21954,7.81025,8.60233,8.06226,7.2111,6.7082,6.7082,7.28011,7.07107,6.08276,6.0,6.0,6.08276,6.08276,7.28011,7.28011,8.544,8.544,8.94427,9.48683,9.84886,9.84886,9.84886,10.44031,10.44031,10.44031,10.19804,10.04988,10.04988,10.0,10.0,9.0,9.05539,9.05539,9.21954,8.06226,8.24621,7.28011,7.61577,6.7082,6.7082,6.40312,5.65685,5.65685,86.60831,83.00602,85.42833,77.98718,77.80103,72.47068,69.06519,66.85058,59.66574,56.22277,52.40229,49.67897,52.40229,47.01064,43.41659,44.77723,40.81666,42.05948,39.81206,36.13862,36.67424,34.71311,33.24154,35.12834,34.23449,40.31129,41.59327,41.97618,43.68066,49.65884,48.38388,56.32051,53.16014,56.921,56.61272,57.72348,58.24088,58.69412,60.82763,57.55867,61.40033,61.0,59.0,55.03635,53.08484,55.7315,55.7315,53.46027,45.60702,45.54119,40.31129,39.0,39.96248,39.11521,33.30165,30.4795,32.01562,39.69887,33.97058,36.61967,38.91015,35.35534,31.95309,27.85678,25.0,27.65863,23.19483,19.10497,15.0333,16.27882,10.0,4.0,2.23607,5.09902,6.7082,11.18034,13.60147,14.31782,21.63331,25.55386,25.80698,30.41381,37.01351,39.62323,41.72529,46.8615,47.42362,48.27007,53.90733,52.49762,53.2635,57.48913,54.48853,58.13777,58.0517,60.20797,68.593,62.96825,70.76722,67.89698,73.5527,66.52819,78.00641,77.98718,76.57676,80.28076,82.9759,82.9759,90.68627,89.82761,91.28527,96.16652,96.17692,95.48298
14.86607,13.60147,13.34166,12.64911,11.7047,11.40175,11.04536,10.04988,9.05539,8.0,9.0,8.06226,7.07107,7.28011,6.32456,7.61577,6.7082,6.40312,6.40312,7.07107,7.07107,7.2111,7.2111,8.06226,8.94427,8.94427,9.84886,9.84886,11.18034,11.18034,11.18034,11.18034,11.6619,11.6619,11.6619,11.40175,11.40175,11.31371,10.63015,9.89949,9.89949,10.0,9.43398,8.60233,8.60233,8.06226,7.61577,7.61577,7.28011,7.07107,6.0,6.08276,41.48494,40.80441,40.79216,39.56008,38.07887,35.69314,33.95585,31.04835,28.44293,26.30589,27.07397,26.1725,26.0,22.02272,21.0,22.2036,20.61553,18.97367,18.38478,18.78829,18.60108,18.60108,17.69181,18.38478,17.20465,17.80449,20.24846,22.84732,24.16609,26.57066,25.4951,25.63201,26.40076,26.92582,30.46309,29.06888,31.30495,31.30495,29.15476,30.52868,30.23243,30.61046,29.06888,28.3196,25.4951,26.1725,27.65863,27.20294,25.0,23.85372,21.40093,22.47221,20.61553,19.92486,18.97367,15.29706,14.0,21.58703,22.80351,21.0238,20.80865,19.20937,16.27882,17.02939,14.21267,15.26434,12.04159,12.80625,8.60233,7.61577,6.7082,4.47214,2.23607,1.0,4.12311,4.0,5.09902,7.61577,10.0,13.0384,15.0333,16.27882,17.11724,21.58703,21.09502,20.88061,24.73863,26.24881,26.92582,26.92582,25.96151,28.86174,29.12044,29.12044,32.98485,28.63564,32.55764,32.75668,37.48333,36.22154,36.49658,38.0526,37.05401,37.12142,41.10961,40.11234,45.09989,43.28972,45.0,47.16991,47.16991,49.36598,47.26521,48.50773
14.31782,12.52996,11.18034,11.18034,10.29563,10.29563,10.0,8.60233,9.21954,7.81025,8.48528,7.81025,7.2111,8.06226,6.7082,7.28011,7.07107,7.07107,7.0,7.0,8.06226,8.06226,8.06226,9.21954,9.21954,10.44031,10.77033,11.40175,11.40175,11.7047,11.40175,12.36932,12.16553,12.16553,12.16553,12.04159,12.0,11.0,11.0,11.04536,11.04536,10.04988,10.19804,9.05539,9.21954,8.24621,8.24621,7.61577,7.61577,6.7082,6.40312,6.40312,91.21403,87.36132,76.24303,74.0,71.8401,61.98387,62.62587,63.56886,61.68468,52.55473,45.61798,46.95743,44.41846,44.40721,40.0,38.94868,40.45986,34.71311,35.80503,34.78505,38.83298,34.48188,35.69314,35.12834,35.01428,42.0119,43.18565,42.57934,46.52956,48.76474,52.39275,52.39275,55.7853,60.41523,62.0967,58.85576,63.95311,62.39391,66.18912,67.06713,60.07495,62.1289,62.39391,62.07254,57.55867,59.68249,54.91812,54.34151,49.47727,48.76474,45.88028,46.51881,39.44617,37.20215,38.01316,33.42155,29.83287,46.04346,40.11234,39.81206,40.5216,38.32754,34.0147,34.17601,28.01785,31.40064,28.84441,22.02272,23.34524,18.38478,14.21267,14.21267,5.83095,7.28011,4.0,4.12311,8.544,14.31782,17.88854,19.92486,24.04163,28.4605,33.52611,33.95585,39.84972,40.4475,46.09772,43.41659,46.69047,49.64877,50.63596,51.35173,57.27128,56.29387,56.51548,56.51548,62.29767,63.60031,61.68468,64.2573,73.00685,68.15424,73.79024,72.49828,75.96052,80.11242,81.939,79.20227,87.72685,93.10746,85.49269,95.63472,95.07891,95.51963
14.56022,13.60147,13.34166,12.36932,11.40175,11.18034,11.04536,10.04988,9.05539,8.0,8.0,8.06226,7.07107,7.28011,7.61577,7.2111,7.2111,6.40312,6.40312,7.07107,7.07107,7.2111,8.06226,8.544,8.94427,8.544,10.77033,10.77033,10.77033,11.7047,10.77033,12.08305,12.08305,11.6619,11.6619,11.6619,12.20656,11.40175,10.63015,10.63015,10.63015,9.89949,9.89949,9.21954,9.21954,8.60233,8.06226,7.61577,7.61577,7.28011,7.28011,6.08276,47.51842,41.30375,43.18565,38.32754,34.23449,35.51056,33.37664,34.36568,30.01666,27.16616,26.0,25.07987,24.18677,22.2036,20.39608,20.61553,21.0238,18.78829,17.49286,17.20465,19.10497,18.38478,18.43909,17.0,21.0238,22.84732,21.18962,22.56103,25.29822,27.65863,26.1725,29.61419,26.4764,32.55764,30.41381,33.24154,30.36445,32.98485,32.89377,32.57299,32.31099,30.8707,30.01666,32.24903,30.52868,29.52965,28.84441,27.20294,27.65863,25.6125,25.45584,23.34524,20.61553,20.24846,19.23538,18.02776,17.08801,22.47221,22.36068,21.09502,21.40093,19.79899,19.84943,18.43909,17.02939,17.20465,12.08305,12.64911,12.36932,8.544,7.28011,4.0,5.38516,2.23607,1.41421,3.16228,5.38516,7.07107,9.21954,10.19804,13.0,15.0333,17.0,18.02776,20.09975,20.02498,25.17936,22.09072,27.29469,25.31798,27.16616,27.07397,28.16026,28.16026,30.06659,30.14963,34.1321,34.05877,33.01515,35.01428,35.0,39.0,35.0,36.0,43.28972,42.10701,43.01163,45.04442,48.0,46.0,44.0,50.03998,50.01,47.0
13.34166,12.36932,11.18034,11.18034,10.19804,9.21954,9.05539,8.0,8.0,7.0,7.07107,7.28011,6.32456,5.38516,5.83095,6.40312,5.65685,5.65685,5.0,5.83095,5.83095,6.7082,7.61577,7.28011,8.24621,8.24621,9.21954,10.44031,10.19804,10.44031,10.44031,10.77033,10.44031,10.77033,11.7047,11.18034,10.29563,10.81665,9.43398,10.0,9.21954,9.89949,8.48528,8.48528,7.81025,7.81025,7.2111,6.7082,6.32456,5.38516,6.08276,5.09902,43.68066,40.5216,40.26164,36.87818,34.9285,34.9285,29.83287,31.57531,26.30589,27.29469,25.01999,21.09502,24.18677,21.2132,21.09502,19.92486,18.97367,15.81139,15.81139,17.80449,17.69181,17.69181,17.02939,20.24846,18.35756,19.31321,21.18962,21.84033,24.04163,24.35159,24.73863,27.89265,26.92582,28.86174,28.63564,32.28002,31.95309,32.57299,32.20248,31.7805,30.52868,31.06445,30.52868,29.41088,28.01785,27.80288,26.90725,25.6125,23.34524,22.67157,21.26029,21.63331,19.72308,21.0238,18.38478,17.72005,15.52417,22.13594,22.36068,22.36068,21.40093,21.26029,19.79899,16.27882,17.02939,17.02939,15.26434,12.08305,10.77033,8.544,8.24621,6.08276,4.47214,2.23607,2.0,4.47214,4.12311,7.28011,7.07107,11.40175,12.16553,15.13275,17.26268,18.97367,20.88061,20.88061,22.2036,22.56103,25.0,27.89265,25.0,28.16026,28.63564,28.86174,29.41088,29.61419,31.40064,30.59412,34.36568,34.36568,36.34556,36.12478,38.0,38.01316,39.01282,42.0,40.1995,42.19005,44.04543,45.39824,45.27693,48.25971,47.51842,45.39824
14.21267,12.80625,12.04159,12.04159,12.04159,10.63015,9.89949,9.21954,9.21954,8.60233,8.60233,8.06226,7.61577,7.61577,7.28011,7.07107,7.07107,7.07107,7.07107,7.07107,7.07107,7.28011,7.28011,7.61577,8.94427,8.94427,10.29563,10.29563,11.18034,10.29563,11.18034,11.18034,10.77033,10.77033,11.7047,11.40175,11.40175,11.18034,10.19804,10.04988,10.0,10.0,9.0,9.0,9.05539,8.06226,8.24621,8.24621,7.28011,7.61577,6.7082,5.83095,86.31338,86.76405,77.89737,73.92564,69.35416,65.74192,67.74216,64.40497,57.14018,54.3783,50.21952,46.8615,44.55334,43.93177,45.25483,38.01316,38.94868,34.17601,34.9285,36.13862,38.11824,38.47077,37.0,36.49658,38.47077,40.5216,42.37924,43.86342,47.92703,52.39275,48.76474,52.3259,54.56189,60.41523,56.85948,58.18075,62.76942,60.16644,63.60031,61.61169,63.24555,61.98387,62.64982,61.18823,54.91812,56.0803,58.03447,50.01,46.17359,46.27094,44.04543,45.54119,40.79216,37.0,37.57659,36.05551,34.71311,45.88028,42.57934,42.42641,43.01163,37.12142,36.67424,34.9285,33.83785,29.83287,28.79236,23.70654,25.05993,18.35756,14.42221,13.45362,9.21954,2.23607,1.0,4.47214,10.29563,12.20656,18.43909,20.12461,27.78489,26.41969,28.30194,33.24154,38.48376,38.62642,44.29447,44.38468,49.24429,49.76947,51.89412,55.15433,55.4617,55.03635,54.56189,56.4358,60.90156,62.26556,70.17834,64.14047,70.21396,68.8186,73.23933,71.56116,77.98718,81.05554,82.80097,83.24062,84.50444,90.6973,91.21403,93.81365,93.2309,90.97252
14.86607,13.60147,13.60147,13.60147,11.40175,10.44031,10.19804,10.19804,10.19804,9.05539,9.0,8.0,8.06226,8.06226,7.28011,7.28011,6.7082,6.7082,7.2111,7.2111,7.2111,7.81025,7.81025,7.81025,8.60233,8.60233,9.43398,10.0,10.81665,10.81665,10.63015,11.40175,11.40175,11.31371,11.31371,12.04159,11.40175,10.81665,10.81665,10.81665,10.29563,10.29563,9.84886,8.94427,8.544,8.24621,8.24621,8.06226,7.07107,7.0,7.07107,6.08276,42.95346,44.77723,41.23106,37.16181,38.01316,34.0,34.9285,33.52611,31.62278,27.85678,27.20294,24.04163,25.70992,23.5372,21.2132,21.0238,22.2036,18.24829,18.02776,18.43909,20.61553,18.02776,18.78829,20.59126,17.49286,19.10497,22.67157,24.04163,22.67157,24.20744,22.67157,24.83948,28.28427,27.65863,28.42534,29.73214,29.0,29.69848,29.83287,30.61046,30.61046,29.15476,30.52868,30.01666,27.313,28.23119,26.0,26.24881,22.80351,23.4094,23.19483,21.2132,21.09502,20.0,20.02498,17.46425,14.56022,22.36068,20.24846,21.0238,18.35756,19.41649,17.02939,17.02939,16.27882,14.14214,12.04159,13.0384,10.29563,8.06226,6.40312,2.82843,4.0,1.0,0.0,5.09902,5.0,8.24621,11.18034,12.64911,13.34166,14.56022,16.27882,15.81139,20.61553,21.0238,23.4094,21.54066,25.07987,25.07987,26.40076,25.4951,27.313,27.51363,30.36445,29.73214,31.62278,31.62278,32.28002,31.04835,36.87818,33.73426,40.26164,35.90265,36.40055,40.79216,42.75512,42.2019,42.2019,43.9659,45.12206,47.80167,46.84015,49.98
14.86607,13.92839,13.34166,13.60147,12.64911,11.7047,11.18034,10.19804,9.21954,9.05539,9.05539,8.0,8.0,8.06226,7.07107,7.28011,7.61577,7.61577,7.2111,7.2111,6.40312,7.07107,7.81025,8.48528,9.21954,9.21954,10.0,10.63015,10.63015,11.40175,10.63015,10.63015,11.31371,10.63015,11.31371,11.40175,10.81665,10.81665,10.29563,10.29563,9.84886,9.84886,9.48683,8.24621,8.24621,7.28011,8.06226,7.0,7.0,7.07107,6.32456,5.38516,44.59821,41.23106,39.56008,39.92493,38.27532,35.4683,35.1141,29.83287,30.08322,28.63564,26.30589,25.07987,26.30589,20.39608,25.0,22.2036,23.5372,20.39608,19.41649,20.88061,19.69772,19.31321,16.55295,18.02776,19.20937,19.10497,19.79899,22.02272,22.02272,23.60085,24.41311,25.80698,27.20294,27.01851,25.23886,28.42534,30.61046,29.0,29.73214,30.41381,30.41381,30.4795,27.65863,29.41088,26.41969,27.78489,25.94224,24.16609,22.84732,21.0238,20.24846,20.61553,20.39608,21.0238,19.0,18.02776,15.52417,22.09072,19.64688,18.97367,20.61553,20.12461,16.12452,16.15549,14.42221,14.42221,12.80625,10.0,10.0,10.0,7.2111,5.83095,4.0,4.12311,5.83095,5.0,6.40312,8.24621,10.29563,13.92839,13.60147,16.15549,17.72005,19.92486,21.18962,22.47221,23.4094,24.69818,27.313,27.313,24.69818,28.23119,29.15476,28.79236,30.36445,30.67572,31.32092,30.08322,35.90265,36.40055,34.71311,35.35534,39.62323,38.63936,39.31921,39.62323,39.45884,42.75512,46.27094,45.54119,44.55334,50.21952,45.89118,47.53946
12.52996,13.41641,12.08305,12.08305,10.77033,9.84886,10.44031,9.48683,9.48683,8.24621,8.06226,8.0,8.06226,8.0,7.0,7.07107,7.28011,6.32456,6.7082,6.7082,6.7082,7.2111,7.2111,7.81025,8.60233,8.48528,9.21954,10.0,9.89949,10.63015,10.0,10.0,11.40175,10.81665,10.81665,10.29563,10.29563,9.84886,9.84886,9.48683,9.21954,9.21954,8.24621,8.06226,7.07107,7.07107,7.0,7.07107,6.0,5.09902,5.38516,4.47214,86.97701,87.69265,82.02439,77.07788,84.21995,69.29646,67.94115,65.06919,60.81118,55.44367,55.60576,52.69725,53.7122,53.0,44.10215,44.77723,46.61545,45.22168,42.2019,39.62323,40.1995,40.1995,36.34556,38.20995,41.76123,43.56604,40.5216,42.05948,45.12206,52.55473,48.38388,52.39275,54.78138,54.626,56.0803,56.61272,58.5235,57.93962,62.0967,58.24946,59.84146,57.21888,58.13777,60.07495,53.0,52.03845,48.04165,49.25444,41.59327,42.37924,41.48494,44.64303,42.44997,35.34119,34.43835,33.42155,29.73214,39.81206,36.23534,39.82462,37.48333,33.6006,32.01562,30.0,28.84441,27.80288,23.85372,18.78829,20.24846,17.80449,13.0,10.81665,10.0,10.04988,9.84886,9.84886,15.55635,20.80865,24.08319,22.62742,27.58623,33.94113,36.23534,37.80212,41.7732,46.66905,48.79549,48.10405,50.9902,53.03772,57.31492,54.48853,60.10824,60.82763,59.4138,60.1415,65.19202,62.62587,67.62396,65.8559,70.43437,65.80274,78.00641,77.42093,75.16648,80.99383,85.14693,85.42833,87.09191,91.21403,87.61849,92.00543,96.04686,94.81034
14.03567,13.0384,13.15295,12.16553,12.16553,11.04536,10.19804,9.48683,9.48683,8.544,8.544,8.94427,8.94427,8.06226,7.2111,7.81025,7.07107,7.07107,7.81025,7.2111,7.2111,8.06226,8.06226,8.94427,8.94427,9.48683,9.84886,10.77033,10.77033,10.77033,10.77033,11.18034,11.18034,11.18034,11.6619,10.81665,10.81665,10.63015,9.89949,9.89949,9.89949,9.21954,9.21954,8.60233,7.81025,7.2111,6.7082,6.7082,6.32456,6.08276,5.09902,5.0,43.18565,42.04759,45.0,40.0,37.12142,35.01428,32.0,34.0147,31.01612,31.06445,27.01851,26.30589,26.30589,23.34524,25.4951,23.76973,24.69818,22.84732,22.36068,19.69772,23.02173,19.20937,21.26029,19.79899,19.20937,22.80351,21.63331,22.82542,22.82542,25.05993,24.18677,27.313,25.94224,29.52965,27.73085,31.76476,30.88689,31.38471,31.62278,29.20616,28.42534,29.69848,29.0,29.0,28.3196,27.65863,25.80698,24.41311,24.41311,22.2036,21.9545,20.12461,20.12461,16.49242,17.11724,15.0,15.0333,20.24846,19.41649,18.24829,19.0263,17.0,17.0,16.03122,13.15295,15.29706,12.52996,11.7047,10.44031,7.28011,8.0,6.0,5.38516,3.60555,4.0,4.12311,8.06226,10.04988,11.04536,12.0,14.03567,16.0,19.0263,20.09975,21.09502,23.02173,25.01999,22.2036,28.07134,28.01785,28.0,30.01666,29.15476,28.0,29.01724,30.0,32.01562,32.0,33.13608,37.05401,34.23449,36.34556,37.85499,37.65634,36.67424,40.60788,41.4367,42.29657,43.18565,49.16299,43.41659,48.25971,48.25971,47.09565
14.31782,12.64911,12.64911,12.64911,11.7047,10.44031,10.77033,9.84886,8.94427,8.94427,8.06226,8.60233,7.81025,7.81025,7.81025,7.81025,7.81025,7.2111,7.2111,7.2111,8.06226,7.61577,7.28011,8.24621,9.21954,9.21954,10.19804,10.19804,10.19804,10.19804,10.44031,10.44031,11.40175,10.44031,10.77033,11.18034,11.18034,10.29563,9.43398,9.43398,9.43398,8.60233,8.60233,7.81025,7.81025,7.07107,7.81025,6.40312,5.83095,6.7082,5.38516,5.09902,86.20905,85.02353,81.22192,74.16873,73.06162,66.06815,67.06713,70.02857,62.28965,58.42089,55.7315,54.91812,51.97115,49.0408,47.12749,44.28318,46.09772,45.17743,40.81666,38.83298,40.60788,40.60788,36.06938,37.64306,39.05125,42.80187,43.38202,44.65423,44.10215,49.65884,46.61545,49.1935,51.42956,53.7122,53.22593,56.82429,58.18075,57.3062,57.42822,57.42822,53.82379,57.48913,53.90733,55.9017,50.20956,49.67897,46.61545,49.40648,44.94441,41.88078,39.96248,38.48376,37.69615,37.85499,34.1321,32.14032,30.01666,36.76955,33.52611,36.76955,32.57299,30.06659,32.01562,29.15476,22.2036,26.01922,25.17936,22.09072,16.0,14.56022,12.36932,10.19804,9.21954,9.21954,11.18034,13.0384,16.12452,21.0238,22.02272,22.56103,25.4951,32.06244,37.85499,40.11234,40.1995,44.01136,49.09175,47.38143,51.08816,50.15974,51.08816,57.07889,55.14526,54.14795,56.88585,56.4358,65.9242,63.95311,68.24954,65.30697,69.12308,66.21933,69.12308,69.64194,75.43209,78.33901,83.9345,82.0,81.7435,84.92938,84.72308,95.90099,93.55747,95.88535
15.26434,14.76482,13.41641,13.89244,12.52996,11.6619,12.08305,10.77033,10.77033,9.48683,9.48683,9.48683,9.21954,8.24621,8.06226,8.0,8.0,8.06226,7.07107,7.28011,7.28011,7.28011,7.28011,8.544,8.544,8.94427,9.43398,9.43398,10.29563,10.29563,10.29563,10.77033,10.29563,9.84886,10.77033,10.77033,10.44031,10.19804,10.19804,9.05539,9.05539,10.0,9.0,9.0,8.06226,8.06226,8.24621,7.28011,7.28011,6.7082,6.7082,5.83095,46.52956,47.88528,42.94182,41.34005,40.81666,36.71512,38.07887,34.48188,34.0,29.96665,32.69557,27.313,27.313,26.92582,24.16609,23.5372,24.5153,21.2132,20.22375,21.2132,20.09975,23.08679,20.39608,19.64688,20.61553,22.80351,21.93171,20.61553,22.82542,21.47091,23.32381,25.23886,25.55386,25.80698,26.62705,27.78489,26.41969,29.52965,28.6531,29.54657,29.15476,27.51363,27.20294,28.63564,27.89265,26.68333,23.08679,25.17936,22.02272,22.0,22.0,18.02776,19.23538,18.02776,17.08801,17.0,14.42221,20.22375,19.0263,19.10497,19.10497,16.76305,17.72005,16.15549,14.86607,15.81139,14.86607,11.18034,10.77033,10.44031,8.24621,6.08276,8.24621,6.32456,7.81025,5.83095,9.43398,11.18034,15.23155,11.40175,15.81139,18.35756,19.92486,20.24846,22.47221,22.84732,25.4951,23.76973,27.313,27.313,27.29469,30.41381,30.08322,29.54657,31.38471,32.31099,33.83785,34.48188,35.44009,35.73514,39.05125,33.52611,37.85499,38.60052,39.05125,43.17407,46.17359,45.22168,45.12206,49.33559,46.84015,51.86521,49.33559,49.39636
14.21267,12.80625,13.60147,12.80625,12.04159,11.40175,10.81665,9.43398,9.43398,8.94427,8.94427,8.544,7.61577,7.28011,7.28011,7.07107,7.07107,7.0,6.0,7.07107,6.08276,6.32456,6.32456,6.7082,7.61577,7.61577,8.06226,8.94427,8.06226,8.94427,8.94427,8.94427,9.84886,8.544,9.48683,9.48683,9.21954,9.05539,8.06226,8.06226,8.0,8.0,8.0,7.07107,7.07107,6.08276,6.32456,6.32456,6.7082,5.83095,5.0,5.0,89.30845,88.00568,87.98295,81.02469,79.61156,71.84706,66.28725,72.20111,65.73431,60.53924,58.59181,52.3259,55.15433,47.85394,51.86521,47.80167,46.57252,44.55334,44.14748,43.04649,42.0,42.0119,35.35534,36.67424,41.0,42.72002,38.62642,42.54409,42.05948,46.06517,45.65085,48.37355,48.76474,51.10773,50.60632,57.3062,57.3062,57.3062,59.09315,56.46238,55.71355,55.54278,54.57105,52.7731,49.81967,51.97115,47.04253,47.01064,42.0119,44.04543,39.05125,41.19466,39.56008,36.13862,33.54102,32.64966,28.84441,43.01163,43.10452,43.56604,41.7732,38.60052,38.60052,30.46309,35.4683,31.38471,29.15476,25.94224,25.05993,20.59126,15.65248,13.92839,14.14214,15.0333,14.31782,12.72792,13.45362,20.0,21.9545,25.23886,26.07681,35.77709,36.67424,38.01316,42.05948,41.67733,48.30114,47.88528,53.53504,53.33854,54.3783,57.3062,58.59181,54.58938,61.26989,59.9333,64.4748,65.76473,68.70953,73.00685,72.23573,71.51224,80.41144,80.32434,79.69944,82.28001,86.72946,86.97701,94.24436,95.85927,95.27329,96.25487,98.89894,95.27329
13.92839,13.0,12.08305,13.0,11.7047,10.77033,9.84886,8.94427,8.94427,8.06226,8.06226,7.81025,7.81025,7.07107,7.07107,7.2111,6.7082,5.83095,6.32456,6.32456,6.32456,7.28011,7.28011,7.07107,8.06226,8.06226,9.05539,9.05539,9.05539,10.04988,9.05539,10.19804,10.19804,9.21954,10.19804,9.48683,9.48683,8.94427,8.94427,8.94427,8.06226,8.60233,7.81025,7.2111,7.07107,6.40312,6.40312,6.40312,5.83095,5.38516,5.38516,4.12311,91.5478,85.79627,88.39118,78.77182,78.77182,73.68175,67.6757,66.85058,60.16644,60.16644,57.27128,53.23533,54.58938,48.54894,46.52956,44.10215,43.18565,37.64306,38.18377,39.59798,40.22437,38.60052,39.21734,36.24914,36.76955,41.78516,38.60052,43.28972,41.97618,49.25444,43.28972,51.15662,47.38143,57.14018,49.16299,55.10898,56.32051,57.42822,58.24946,54.34151,54.57105,55.08176,53.14132,57.77543,53.66563,54.58938,48.37355,46.64762,43.26662,45.0,42.80187,39.62323,36.06938,32.75668,32.44996,31.7805,32.01562,44.94441,44.55334,42.63801,42.80187,40.49691,37.12142,34.98571,30.8707,34.53983,30.46309,27.51363,23.76973,22.82542,20.24846,14.76482,14.21267,14.86607,13.92839,13.15295,16.12452,15.23155,20.88061,26.24881,28.17801,31.7805,33.24154,35.73514,40.80441,42.37924,47.01064,45.54119,50.69517,49.0408,49.0408,53.85165,57.00877,51.26402,58.5235,57.27128,63.50591,64.14047,66.64833,71.11962,71.34424,70.3278,78.29432,77.69813,77.10383,81.63333,83.00602,85.75547,89.58795,95.29428,89.94443,98.11218,97.24711,95.7549
14.86607,13.0,13.0,13.0,12.08305,10.77033,10.29563,9.84886,9.43398,8.60233,8.60233,7.81025,7.81025,7.07107,7.07107,7.2111,6.7082,6.7082,6.7082,6.32456,6.32456,7.28011,7.07107,8.06226,8.06226,8.0,9.0,10.0,10.0,10.0,10.04988,10.04988,10.04988,10.19804,10.19804,10.44031,10.44031,9.84886,8.94427,8.94427,8.94427,9.43398,8.06226,7.2111,7.81025,6.40312,7.07107,6.40312,6.40312,5.83095,5.38516,5.09902,91.39475,88.52683,84.50444,79.83107,81.49233,72.56721,69.64194,65.80274,60.53924,61.68468,53.75872,52.81098,50.53712,48.75449,45.79301,47.01064,46.01087,41.7732,41.7732,38.8973,41.6173,38.27532,38.01316,38.48376,37.33631,37.0,40.49691,44.55334,44.28318,48.83646,46.69047,49.64877,48.37355,54.91812,52.95281,53.60037,58.69412,55.7853,56.921,58.30952,52.81098,54.12947,55.9464,52.7731,51.10773,52.43091,47.63402,46.40043,44.68781,42.44997,44.59821,41.10961,36.89173,35.8469,33.61547,33.10589,28.4605,45.80393,45.96738,42.52058,43.26662,39.96248,36.05551,33.10589,34.43835,30.8707,30.46309,28.16026,22.82542,25.05993,19.92486,17.46425,14.31782,13.0384,11.31371,11.40175,15.0333,16.27882,19.64688,24.04163,28.63564,30.8707,34.88553,35.4683,41.62932,40.31129,46.51881,47.01064,51.62364,49.33559,53.31041,55.36244,53.16014,56.46238,56.46238,59.94164,65.51336,67.62396,68.47627,70.21396,71.86793,75.15318,72.40166,76.00658,77.52419,79.75588,86.83317,87.13208,90.13878,96.15092,89.44272,94.02127,93.62158,96.15092
13.60147,12.64911,12.64911,12.64911,11.7047,10.77033,10.77033,8.94427,9.43398,8.94427,8.06226,7.81025,7.81025,7.07107,7.07107,7.81025,7.2111,7.2111,6.7082,7.61577,7.61577,7.28011,8.24621,8.24621,8.24621,9.05539,9.05539,10.04988,10.04988,10.04988,10.19804,11.18034,11.18034,10.19804,10.44031,10.44031,10.77033,9.84886,9.84886,8.94427,8.94427,8.60233,8.60233,8.60233,7.81025,7.81025,7.07107,7.07107,6.40312,5.83095,5.38516,5.38516,93.30059,85.16455,87.46428,79.69944,73.73602,73.37575,70.00714,70.00714,61.68468,60.16644,55.47071,50.60632,49.73932,49.24429,46.87217,45.25483,48.83646,41.7732,39.69887,37.44329,40.31129,38.07887,41.14608,38.62642,38.8973,41.48494,41.59327,47.85394,45.27693,47.0,47.09565,54.03702,52.34501,57.21888,53.08484,59.4138,59.21149,59.4138,58.94065,55.54278,57.27128,57.24509,56.61272,55.71355,55.9464,50.56679,50.77401,53.0,49.09175,43.82921,40.49691,41.10961,37.53665,38.28838,34.20526,33.12099,30.46309,44.59821,38.18377,39.05125,37.73592,35.77709,36.40055,31.38471,26.0,29.41088,27.85678,23.08679,18.02776,21.84033,14.76482,14.76482,10.0,10.81665,7.07107,14.31782,15.29706,18.68154,25.94224,21.18962,30.08322,30.88689,37.58989,38.48376,46.06517,42.72002,48.8467,47.92703,53.85165,55.36244,53.85165,60.53924,56.46238,56.85948,60.41523,62.64982,66.7308,66.18912,66.24198,75.17978,72.20111,75.47185,74.09453,80.45496,84.6286,84.90583,84.72308,87.09191,89.58795,95.01579,90.55385,98.83825,101.53325,94.37161
15.13275,15.13275,13.15295,14.14214,11.18034,11.18034,10.44031,9.48683,9.48683,8.544,9.84886,8.06226,8.06226,8.60233,7.81025,8.48528,7.81025,7.81025,7.2111,8.06226,7.61577,7.61577,7.61577,9.48683,9.48683,9.21954,10.19804,10.44031,11.40175,11.40175,11.40175,11.40175,11.40175,11.7047,12.08305,11.18034,11.6619,10.81665,10.81665,10.81665,10.0,10.63015,9.21954,9.21954,8.48528,7.81025,7.81025,7.2111,7.2111,6.7082,6.32456,5.09902,46.38965,44.28318,42.29657,41.30375,39.20459,34.1321,36.05551,31.14482,31.01612,28.01785,27.0,25.01999,25.0,26.1725,23.19483,21.58703,23.5372,20.61553,19.31321,19.72308,20.0,19.41649,18.43909,19.20937,18.38478,22.02272,22.02272,24.41311,21.09502,23.70654,23.25941,25.0,25.55386,27.29469,26.83282,28.84441,29.41088,30.80584,29.20616,29.20616,29.06888,29.0,29.0,29.83287,26.24881,26.40076,25.55386,27.45906,22.82542,21.93171,21.93171,20.24846,19.64688,18.11077,18.11077,17.02939,15.13275,20.12461,19.64688,21.58703,19.0263,18.11077,15.0,15.29706,14.0,15.29706,13.0384,11.18034,11.18034,8.06226,8.06226,5.0,4.0,5.0,6.32456,6.08276,6.32456,9.05539,11.40175,13.0384,16.03122,18.0,18.24829,20.09975,22.02272,23.02173,23.0,24.0,26.01922,27.01851,28.07134,29.01724,30.0,29.01724,31.06445,31.0,34.1321,32.01562,35.0571,34.05877,37.21559,36.22154,39.20459,39.20459,37.85499,40.79216,42.19005,43.41659,46.52956,47.09565,44.28318,48.16638,48.16638,47.01064
13.60147,12.36932,12.36932,12.64911,10.44031,10.19804,10.19804,9.21954,9.21954,8.06226,8.06226,8.0,7.07107,7.07107,6.08276,6.32456,6.7082,5.83095,5.83095,6.40312,6.40312,6.40312,7.07107,7.81025,7.81025,7.81025,8.60233,8.60233,10.0,9.43398,9.21954,9.21954,9.89949,9.89949,9.89949,9.21954,9.21954,9.43398,8.60233,8.94427,8.06226,8.94427,7.61577,7.61577,7.28011,7.28011,7.07107,6.0,6.0,5.09902,6.08276,4.12311,44.38468,42.95346,38.27532,37.69615,40.16217,35.1141,33.10589,32.20248,27.85678,26.57066,27.65863,25.17936,27.45906,23.08679,22.09072,24.02082,21.0238,18.24829,20.09975,19.64688,21.18962,19.31321,17.0,16.64332,17.80449,21.26029,20.61553,20.61553,21.2132,24.83948,23.60085,25.6125,24.20744,27.20294,27.80288,27.65863,29.20616,29.0,27.58623,26.1725,29.06888,27.78489,28.30194,28.01785,24.18677,26.41969,25.07987,24.16609,21.54066,21.18962,20.88061,20.39608,19.23538,19.0263,18.11077,18.0,15.52417,19.0263,18.97367,18.43909,20.24846,18.35756,13.60147,14.21267,11.6619,11.40175,11.40175,9.21954,8.06226,8.06226,5.83095,4.0,3.60555,4.47214,4.24264,6.08276,7.28011,8.24621,12.64911,13.15295,16.76305,17.26268,19.64688,20.24846,22.13594,21.54066,24.35159,25.63201,26.40076,25.63201,27.20294,29.41088,29.73214,30.67572,31.01612,31.32092,32.89377,30.67572,36.40055,35.17101,36.87818,35.90265,39.11521,38.32754,37.21559,40.1995,42.57934,41.0,45.54119,45.12206,45.89118,47.53946,46.57252,46.32494
16.0,15.0,14.03567,14.0,13.0,12.0,12.04159,11.04536,11.04536,9.05539,9.21954,9.48683,8.544,7.61577,7.61577,8.60233,7.2111,7.81025,7.07107,7.81025,7.81025,8.06226,7.2111,8.94427,8.94427,8.94427,9.48683,10.77033,10.77033,10.77033,11.18034,11.18034,11.18034,11.18034,11.6619,11.6619,11.40175,11.40175,10.63015,10.63015,9.89949,9.89949,9.21954,9.21954,8.60233,8.06226,8.06226,7.61577,7.61577,7.28011,7.07107,6.0,46.52956,42.42641,45.09989,39.31921,38.20995,35.35534,33.37664,35.22783,32.01562,30.06659,27.07397,26.01922,27.01851,23.19483,24.18677,20.61553,25.29822,22.47221,19.69772,20.12461,20.24846,18.86796,17.69181,20.51828,19.10497,21.26029,19.41649,21.63331,21.9545,22.47221,25.07987,26.0,27.29469,27.73085,25.94224,28.84441,28.6531,30.01666,28.01785,29.20616,28.42534,30.4795,28.3196,30.4795,26.1725,26.1725,25.80698,24.41311,22.82542,23.70654,22.84732,19.69772,21.0238,20.61553,17.46425,17.02939,17.02939,18.43909,18.11077,16.03122,16.03122,16.27882,14.56022,12.64911,13.41641,13.0384,10.29563,9.43398,7.61577,7.28011,3.16228,2.0,2.82843,2.23607,3.60555,7.61577,8.06226,11.0,12.04159,13.0,17.11724,18.02776,19.10497,20.02498,23.08679,22.02272,26.07681,23.19483,28.16026,27.29469,26.1725,29.15476,29.15476,27.01851,30.01666,31.01612,33.06055,34.0147,34.0,33.0,37.0,36.05551,38.0526,37.05401,39.31921,41.10961,43.28972,44.40721,43.56604,46.04346,44.01136,49.09175,49.09175,49.0408
13.60147,13.89244,12.52996,12.20656,10.81665,10.81665,10.29563,9.84886,8.94427,8.06226,8.544,8.24621,7.28011,7.07107,7.07107,7.0,6.0,6.08276,6.32456,6.32456,6.32456,6.7082,6.7082,7.2111,7.2111,8.60233,9.21954,8.60233,10.0,10.0,10.0,10.81665,10.81665,10.29563,10.29563,9.84886,9.84886,9.48683,9.48683,9.21954,9.21954,9.05539,8.06226,8.06226,8.0,7.0,7.07107,7.07107,6.32456,5.38516,5.83095,5.0,43.41659,41.86884,38.41875,38.41875,37.20215,35.80503,34.20526,32.80244,30.0,28.30194,27.29469,25.07987,25.05993,21.0238,21.47091,21.58703,20.61553,19.10497,19.10497,18.0,20.02498,18.11077,18.43909,17.46425,16.76305,19.64688,19.69772,19.41649,19.72308,22.80351,23.32381,26.62705,25.23886,25.23886,27.20294,28.01785,28.6531,27.45906,27.313,29.73214,27.73085,26.92582,28.79236,29.12044,27.65863,25.4951,26.30589,23.34524,23.08679,23.02173,19.0263,20.02498,19.23538,17.72005,18.02776,15.81139,15.65248,19.92486,18.78829,19.41649,18.86796,16.40122,14.86607,13.45362,14.21267,11.6619,10.29563,10.81665,7.07107,6.40312,6.40312,4.24264,2.0,5.0,5.0,5.83095,7.61577,10.0,13.0384,14.42221,14.31782,17.0,19.69772,19.23538,21.63331,23.43075,24.69818,22.02272,26.90725,27.65863,26.62705,30.4795,30.23243,26.62705,30.88689,29.68164,34.48188,32.44996,33.54102,34.88553,35.35534,36.24914,38.91015,40.24922,36.67424,40.24922,40.70626,43.08132,44.77723,47.41308,41.62932,47.41308,47.42362,46.64762
13.41641,13.0,11.7047,12.08305,10.77033,9.48683,9.48683,8.24621,8.24621,8.24621,8.06226,7.0,7.0,6.0,6.08276,6.32456,6.7082,5.83095,5.83095,5.83095,5.83095,5.65685,6.40312,6.40312,7.81025,7.81025,8.06226,8.60233,9.43398,9.43398,10.0,10.0,10.0,9.89949,10.63015,9.89949,9.89949,9.21954,9.43398,8.60233,8.60233,8.06226,8.06226,8.06226,7.61577,6.7082,6.32456,6.08276,6.08276,6.0,5.09902,5.09902,84.58132,80.9506,80.23092,76.55717,75.13322,70.21396,65.29931,62.16912,59.61543,52.39275,58.24088,50.0,47.29693,47.07441,45.89118,41.01219,40.04997,37.12142,36.34556,39.29377,42.05948,36.40055,33.54102,34.0,36.61967,38.01316,37.64306,42.44997,43.18565,50.24938,46.8615,51.66237,47.42362,55.31727,58.79626,55.15433,60.959,58.13777,60.44005,60.1415,57.00877,56.61272,55.22681,55.9017,54.12024,54.12024,49.39636,46.17359,46.17359,46.84015,41.97618,41.0,39.11521,37.0,38.11824,27.16616,30.08322,41.7732,37.0,38.62642,36.71512,37.80212,34.20526,31.241,29.0,28.28427,27.58623,21.26029,17.69181,19.10497,11.31371,12.04159,6.32456,3.60555,7.2111,6.7082,10.81665,18.02776,16.15549,27.85678,28.4605,31.01612,36.40055,41.14608,42.95346,46.23851,47.92703,49.98,51.42956,49.76947,53.66563,54.12947,56.36488,60.41523,62.6099,58.60034,62.76942,65.55151,68.35203,68.30813,69.64194,68.94926,71.84706,73.00685,80.80842,75.18643,79.30952,83.67795,83.9345,92.34717,89.84431,92.358,93.6376,93.6376
14.76482,13.89244,13.89244,12.52996,12.52996,11.6619,11.40175,10.0,9.21954,9.21954,9.21954,7.81025,7.81025,7.2111,7.2111,7.61577,6.32456,7.28011,6.08276,7.07107,7.0,7.07107,7.07107,8.24621,8.24621,9.48683,9.48683,10.44031,10.44031,10.77033,10.44031,11.40175,11.40175,11.18034,11.18034,11.04536,12.04159,11.04536,10.04988,10.04988,10.04988,10.19804,10.19804,8.24621,9.21954,8.24621,7.61577,7.61577,7.2111,6.40312,7.07107,5.65685,84.05355,89.55445,84.87638,78.23043,75.60423,68.50547,69.89278,66.61081,63.60031,54.20332,52.3259,48.79549,48.10405,50.20956,44.82187,45.79301,43.82921,38.94868,35.8469,36.67424,37.05401,38.11824,37.0,40.1995,42.04759,38.47077,45.22168,44.01136,47.53946,52.3259,49.24429,48.37355,56.46238,56.85948,59.05929,62.96825,65.9242,63.24555,61.40033,60.40695,61.68468,58.85576,62.514,57.70615,52.08647,59.07622,52.03845,56.0,48.04165,46.52956,48.6621,45.39824,43.68066,40.80441,39.56008,33.61547,31.62278,43.82921,39.35734,41.62932,38.62642,36.67424,34.71311,31.0,29.06888,27.07397,25.07987,21.37756,17.11724,17.72005,12.04159,9.21954,5.0,3.60555,5.38516,7.81025,13.45362,16.40122,19.41649,26.40076,30.4795,27.65863,36.23534,39.11521,39.20459,44.10215,49.92995,49.92995,51.47815,55.03635,53.85165,55.47071,56.4358,61.58734,56.30275,64.14047,63.41136,62.96825,68.0147,67.00746,72.91776,76.41989,71.50524,77.33693,82.75869,79.9062,83.45058,89.4986,86.27862,91.4385,86.31338,94.84725,97.45255,98.71677
13.34166,12.36932,11.40175,11.40175,10.44031,9.21954,8.544,8.544,7.61577,8.06226,7.2111,7.07107,7.07107,7.2111,6.40312,6.7082,6.7082,6.7082,6.32456,7.28011,7.07107,8.0,8.0,8.0,9.0,9.05539,10.04988,11.0,11.04536,11.04536,11.0,11.04536,12.0,11.04536,12.04159,11.18034,11.18034,10.19804,10.19804,10.44031,10.44031,9.48683,9.84886,8.544,8.06226,8.06226,7.2111,7.2111,6.40312,6.40312,5.65685,5.0,85.02353,82.0061,84.38009,72.24957,74.33034,68.00735,65.06919,60.03332,59.43904,50.9902,48.50773,45.22168,45.60702,43.32436,41.23106,38.27532,42.43819,37.20215,34.65545,31.89044,37.20215,32.44996,34.53983,36.24914,37.33631,41.10961,44.14748,44.18144,45.39824,50.01,52.15362,54.08327,54.45181,55.22681,57.00877,60.53098,59.5399,60.67125,61.81424,59.43904,57.97413,61.98387,60.16644,60.40695,56.85948,58.59181,50.11986,53.23533,44.94441,44.77723,45.22168,44.65423,42.63801,37.48333,38.20995,35.22783,32.31099,41.04875,40.79216,39.84972,35.8469,35.4683,35.35534,30.23243,28.42534,29.73214,24.04163,19.79899,15.55635,19.10497,12.80625,7.81025,7.2111,1.0,5.83095,7.61577,10.19804,13.0,20.09975,21.2132,26.1725,31.40064,35.22783,34.05877,40.0,42.0119,47.04253,44.01136,47.16991,51.08816,54.14795,55.0,54.08327,54.00926,59.03389,57.0,64.12488,63.28507,64.28063,65.37584,73.82412,67.89698,64.7611,71.58911,74.73286,76.11833,77.87811,81.88406,88.29496,84.92938,84.5281,95.35198,94.20191,90.09439
14.31782,13.34166,12.16553,12.16553,11.18034,10.19804,10.04988,9.0,9.0,8.06226,9.05539,8.24621,7.28011,7.28011,7.61577,7.2111,7.2111,7.81025,7.07107,7.07107,7.81025,7.81025,8.60233,8.94427,8.94427,8.94427,9.84886,11.18034,11.18034,11.18034,11.6619,12.52996,11.6619,12.20656,12.20656,12.80625,12.04159,11.31371,11.31371,11.31371,10.63015,10.63015,10.0,10.0,9.43398,9.43398,8.94427,7.61577,7.61577,7.28011,7.07107,6.08276,42.94182,41.14608,40.71855,39.39543,35.8469,33.61547,30.46309,29.54657,29.15476,26.92582,25.70992,23.34524,24.08319,19.41649,21.2132,20.09975,19.0263,20.09975,16.49242,17.72005,19.23538,17.88854,17.20465,18.43909,19.84943,21.2132,20.61553,21.40093,22.80351,26.92582,26.07681,28.84441,26.62705,29.68164,29.68164,28.6007,32.01562,32.44996,31.241,30.4795,32.52691,30.41381,29.83287,30.61046,29.83287,28.84441,28.30194,27.29469,26.40076,24.16609,23.70654,21.54066,21.84033,19.10497,20.0,18.0,17.11724,20.61553,20.24846,20.61553,20.51828,18.60108,16.40122,15.6205,14.76482,15.26434,13.92839,12.16553,8.24621,7.28011,8.24621,5.09902,3.16228,2.23607,0.0,2.0,5.38516,5.09902,10.04988,11.40175,12.04159,14.56022,15.52417,18.02776,21.0238,20.61553,21.54066,21.93171,25.55386,24.16609,24.16609,25.05993,26.83282,26.0,29.15476,28.23119,31.32092,31.95309,31.95309,32.57299,37.36308,34.48188,35.17101,36.68787,36.13862,37.36308,39.29377,40.5216,44.14748,43.9659,45.12206,46.8188,45.54119,44.59821
14.76482,12.52996,11.6619,12.52996,11.6619,10.29563,10.0,9.21954,9.21954,8.48528,8.48528,7.81025,7.2111,6.7082,6.7082,7.28011,7.07107,7.07107,7.0,7.07107,8.06226,8.06226,8.06226,8.24621,9.21954,9.48683,10.44031,10.44031,11.7047,11.40175,11.40175,12.16553,12.36932,11.18034,13.15295,12.04159,12.04159,11.0,11.0,11.04536,11.04536,10.04988,10.19804,9.21954,9.21954,8.24621,8.544,7.61577,7.61577,7.2111,6.40312,6.40312,89.1852,86.03488,84.75848,73.4983,79.37884,65.14599,70.83784,65.14599,61.84658,52.92447,52.15362,46.64762,47.70744,44.10215,41.86884,40.31129,45.34314,36.23534,36.71512,35.77709,37.16181,38.62642,36.34556,42.19005,38.0,39.0,43.93177,45.39824,48.83646,52.39275,50.9902,59.22837,55.10898,54.81788,59.22837,63.12686,63.78871,63.63961,65.06919,65.37584,62.00806,62.1289,58.54912,64.38167,60.53098,56.88585,53.16014,54.81788,47.75982,48.46648,48.70318,46.61545,42.05948,43.82921,39.20459,33.97058,35.80503,46.23851,44.72136,41.4367,41.01219,44.18144,37.65634,28.63564,31.32092,29.73214,29.15476,24.16609,18.02776,18.02776,16.12452,11.31371,7.81025,2.23607,3.16228,8.0,11.18034,12.08305,16.55295,25.94224,28.63564,31.38471,34.43835,34.78505,38.60052,42.75512,42.37924,50.0,53.36666,54.12024,53.15073,56.51548,58.5235,57.28001,59.13544,57.56735,64.84597,64.2573,64.84597,67.62396,74.32362,67.54258,75.16648,75.17978,77.02597,83.63014,87.66413,89.0,86.76981,88.10221,86.31338,99.92497,91.28527,97.30879
14.31782,13.34166,12.36932,12.36932,11.40175,10.19804,10.44031,9.48683,8.544,8.544,8.06226,8.06226,8.06226,6.40312,7.2111,7.07107,6.40312,6.7082,5.83095,6.7082,6.7082,6.32456,7.28011,7.07107,8.06226,8.06226,9.05539,9.05539,10.04988,10.04988,10.04988,10.19804,10.19804,10.19804,10.44031,10.44031,10.44031,9.84886,9.84886,8.94427,8.94427,9.43398,8.60233,8.06226,7.81025,7.81025,7.81025,7.07107,7.2111,5.83095,6.7082,5.38516,89.627,81.88406,86.34813,76.11833,71.38627,70.03571,63.34824,71.38627,55.7853,58.5235,51.86521,47.01064,48.8467,48.46648,45.65085,40.80441,48.82622,36.23534,42.42641,33.30165,38.60052,35.22783,38.01316,34.53983,34.17601,41.76123,42.57934,44.55334,48.27007,48.04165,47.04253,52.15362,46.69047,55.14526,52.08647,60.53098,61.66036,58.69412,63.15061,56.75385,56.04463,61.03278,58.5235,57.27128,56.35601,51.88449,54.58938,50.24938,48.41487,47.20169,43.60046,41.72529,38.41875,36.89173,37.21559,31.90611,31.95309,39.82462,43.01163,38.8973,42.75512,36.34556,36.01389,31.0,30.26549,25.07987,23.19483,23.34524,19.0263,12.64911,12.08305,9.84886,5.09902,4.24264,6.0,9.05539,17.26268,16.49242,22.02272,24.35159,28.4605,31.7805,33.24154,39.21734,41.48494,42.95346,52.7731,41.97618,53.15073,56.08921,55.10898,57.70615,54.34151,54.81788,59.03389,57.97413,69.12308,67.72001,62.76942,74.04053,68.70953,73.73602,75.6439,76.89603,77.07788,79.84986,80.23092,87.31552,85.44004,93.98404,83.21658,94.24436,99.62429,92.358
16.27882,15.29706,14.56022,14.31782,13.34166,12.36932,11.7047,11.40175,11.7047,9.84886,10.29563,10.29563,9.43398,9.21954,8.60233,9.89949,8.48528,8.48528,8.60233,8.60233,8.60233,8.94427,8.94427,9.48683,9.84886,9.48683,11.40175,11.40175,11.40175,12.36932,11.7047,11.7047,12.64911,12.08305,13.0,12.52996,12.52996,11.6619,10.81665,10.81665,11.40175,10.63015,10.63015,9.89949,9.21954,9.21954,8.60233,8.60233,8.06226,8.06226,7.61577,6.32456,44.14748,46.09772,42.05948,41.23106,39.29377,35.90265,35.73514,34.78505,32.28002,29.12044,28.79236,30.46309,29.06888,25.07987,25.4951,25.23886,23.60085,21.40093,22.67157,20.51828,23.02173,21.40093,19.72308,22.36068,22.82542,21.54066,20.24846,25.0,23.76973,24.5153,25.4951,25.96151,26.4764,29.42788,29.15476,29.83287,30.80584,30.08322,30.36445,29.73214,30.67572,29.54657,30.41381,30.01666,27.45906,29.68164,27.20294,27.01851,24.20744,24.75884,22.67157,22.67157,20.61553,20.80865,18.78829,17.08801,18.43909,18.02776,19.23538,17.88854,17.72005,17.46425,15.29706,14.03567,13.34166,12.0,11.0,12.0,8.24621,8.544,6.08276,3.60555,3.60555,3.0,5.0,6.32456,8.544,10.44031,12.08305,13.60147,14.86607,18.02776,17.88854,21.18962,20.88061,22.13594,25.29822,22.80351,28.4605,27.65863,27.89265,30.80584,28.86174,30.67572,31.04835,32.01562,34.17601,31.01612,36.24914,35.8469,38.62642,35.4683,40.70626,40.71855,38.91015,39.35734,44.77723,44.77723,45.61798,44.94441,48.8467,48.8467,46.8188,49.98
13.34166,13.15295,12.16553,12.16553,11.18034,10.19804,11.04536,9.05539,9.05539,8.0,9.0,8.06226,8.06226,7.07107,7.28011,7.28011,7.61577,6.7082,6.7082,7.2111,7.2111,7.07107,7.07107,7.81025,8.48528,8.48528,9.21954,9.21954,10.0,9.21954,9.89949,9.89949,9.89949,10.63015,10.63015,10.0,10.0,9.84886,8.94427,8.94427,8.544,8.544,8.24621,8.24621,8.24621,7.07107,7.0,7.0,6.08276,6.08276,6.32456,5.38516,41.97618,40.02499,40.4475,39.45884,38.63936,36.40055,34.71311,33.54102,30.59412,29.42788,30.06659,26.01922,27.0,25.0,24.02082,24.33105,23.34524,20.39608,20.24846,19.31321,20.59126,20.61553,18.60108,20.0,20.0,19.20937,21.93171,23.34524,24.04163,26.24881,24.83948,26.24881,26.1725,27.65863,27.65863,29.0,30.4795,29.69848,29.0,30.4795,30.61046,30.0,28.84441,27.45906,26.83282,26.41969,26.40076,25.29822,22.47221,20.61553,21.58703,20.09975,21.09502,19.0,17.02939,15.52417,14.56022,18.97367,19.23538,17.11724,19.0,16.03122,17.11724,15.0333,15.0333,13.15295,12.64911,11.18034,8.06226,9.05539,6.0,5.0,5.38516,5.65685,3.60555,8.24621,7.07107,9.05539,14.03567,14.03567,18.0,18.02776,19.0263,21.37756,22.02272,23.19483,24.18677,24.33105,27.29469,27.29469,28.28427,29.15476,29.27456,28.16026,31.14482,31.257,32.06244,32.0,34.0,35.0571,35.01428,35.0,36.01389,40.0125,37.01351,41.04875,42.0,44.0,45.0,46.04346,46.04346,49.25444,49.0408,50.15974
14.31782,13.34166,13.15295,12.16553,11.18034,11.18034,11.04536,10.04988,10.04988,9.0,9.0,8.06226,8.06226,8.06226,7.28011,8.544,7.61577,7.61577,7.2111,7.2111,7.2111,7.81025,7.81025,8.48528,8.48528,8.48528,9.21954,9.89949,9.89949,10.63015,9.89949,10.63015,10.63015,10.63015,10.63015,10.0,10.81665,10.29563,8.94427,8.94427,8.544,8.544,8.544,8.24621,7.28011,7.07107,7.07107,7.0,7.0,6.08276,6.32456,5.38516,42.37924,42.05948,41.10961,36.68787,39.84972,35.1141,31.38471,32.57299,29.12044,28.86174,26.30589,26.4764,27.16616,23.02173,22.02272,23.02173,23.02173,23.08679,21.37756,20.61553,20.61553,21.18962,18.35756,19.72308,20.59126,21.63331,22.80351,22.67157,22.80351,24.75884,25.6125,27.58623,25.4951,27.65863,26.87006,27.65863,27.01851,29.83287,29.41088,28.84441,28.30194,28.17801,26.83282,27.73085,26.92582,26.57066,25.0,24.04163,22.56103,21.37756,22.2036,21.2132,22.09072,18.24829,17.26268,16.49242,16.15549,20.39608,18.0,19.0263,18.11077,18.24829,16.49242,13.60147,13.0,13.92839,12.52996,8.544,10.77033,8.60233,6.32456,5.0,4.12311,5.0,5.83095,5.38516,8.544,8.24621,10.19804,13.92839,12.36932,16.49242,17.72005,19.92486,20.88061,20.61553,23.5372,23.34524,25.0,25.96151,26.24881,25.0,27.20294,28.86174,28.86174,29.61419,31.7805,32.01562,34.23449,33.37664,35.35534,33.24154,38.20995,39.20459,37.33631,39.11521,41.30375,41.4367,45.17743,46.69047,42.57934,47.67599,47.51842,45.89118
13.92839,12.64911,12.08305,11.7047,11.7047,9.84886,10.29563,9.43398,9.43398,8.60233,8.60233,8.48528,7.81025,7.81025,7.81025,8.06226,7.61577,7.61577,7.61577,8.544,8.544,8.24621,8.24621,9.21954,9.21954,10.04988,10.04988,11.04536,11.18034,11.04536,11.18034,11.18034,12.16553,11.40175,11.40175,11.7047,10.77033,11.18034,10.29563,10.29563,9.43398,9.43398,9.43398,8.60233,8.60233,7.81025,7.07107,7.07107,6.40312,5.83095,5.38516,5.38516,95.63472,80.65358,89.88882,76.2168,70.5762,70.83784,67.06713,67.23095,61.26989,60.83584,56.82429,54.3783,53.0,50.80354,48.60041,44.55334,49.51767,47.50789,43.41659,41.34005,44.72136,38.01316,45.22168,45.35416,45.35416,49.0408,45.54119,47.26521,49.0102,52.46904,53.33854,62.00806,55.14526,63.03174,59.03389,65.62012,60.29925,63.3877,61.98387,61.0,61.13101,62.93648,59.48109,62.36185,56.46238,59.5063,53.22593,52.35456,52.80152,45.27693,45.80393,42.80187,45.25483,36.06938,38.8973,33.83785,32.64966,39.11521,40.24922,38.07887,40.26164,37.65634,32.55764,31.06445,28.07134,29.06888,29.27456,26.01922,21.0238,19.23538,18.11077,13.0384,11.40175,10.0,10.44031,10.77033,14.86607,16.15549,19.69772,20.39608,26.57066,29.61419,35.1141,36.67424,38.32754,40.26164,47.01064,44.27189,52.49762,49.0408,50.59644,56.32051,54.70832,52.20153,56.64804,58.87274,63.69458,61.35145,64.40497,69.35416,68.0,69.35416,74.06079,74.62573,73.06162,78.89233,84.59905,85.58621,84.72308,88.68484,86.83317,96.15092,97.12878,93.47727
14.31782,13.34166,12.36932,12.36932,11.40175,10.44031,9.84886,9.48683,9.84886,8.94427,8.94427,8.60233,8.60233,7.81025,8.48528,7.81025,8.60233,8.06226,7.61577,8.06226,8.06226,8.544,8.544,9.21954,9.48683,10.19804,10.19804,11.40175,11.40175,11.18034,11.40175,11.7047,11.7047,11.7047,11.7047,11.18034,11.18034,10.29563,10.81665,10.0,10.0,10.0,9.21954,9.21954,8.48528,7.81025,7.81025,7.2111,7.2111,6.7082,6.32456,5.38516,86.05231,84.00595,83.0542,73.02739,73.17103,71.02816,67.06713,68.11755,61.40033,57.55867,53.33854,47.07441,53.60037,45.88028,46.17359,43.38202,51.10773,41.67733,41.34005,40.22437,43.13931,38.8973,43.41659,44.20407,39.11521,48.01042,42.05948,49.0408,52.80152,52.20153,53.48832,57.93962,54.12947,61.68468,60.53924,64.40497,64.84597,66.64083,62.43397,61.91123,62.76942,64.3506,59.90826,62.20129,57.48913,56.0803,53.15073,55.86591,46.75468,47.80167,43.01163,43.82921,40.22437,39.35734,37.94733,35.73514,34.36568,43.93177,41.10961,45.04442,41.04875,37.33631,36.67424,37.10795,35.44009,32.57299,31.32092,28.4605,22.80351,24.69818,19.41649,16.27882,13.0,9.0,5.38516,12.20656,12.80625,12.52996,18.97367,20.09975,26.30589,26.07681,33.0,33.54102,40.1995,39.62323,43.28972,40.04997,49.0408,44.55334,48.37355,54.74486,49.09175,48.04165,55.14526,55.0,60.03332,62.03225,61.13101,62.39391,68.35934,67.60178,63.78871,69.72087,74.1485,77.10383,81.7435,82.37718,88.07383,90.55385,82.73452,87.36704,89.6772,90.35486
13.60147,13.34166,12.16553,12.36932,11.18034,10.19804,10.0,9.0,9.0,8.0,8.0,8.06226,7.07107,7.28011,7.28011,7.61577,7.2111,7.2111,7.2111,7.07107,7.81025,7.81025,7.81025,8.60233,9.21954,10.0,9.43398,10.0,11.40175,10.81665,11.40175,11.40175,11.40175,11.40175,12.04159,11.31371,11.40175,10.81665,10.81665,10.81665,10.29563,10.29563,8.94427,8.94427,8.544,7.61577,7.28011,7.07107,7.07107,7.0,6.0,5.09902,44.64303,41.23106,42.2019,37.64306,36.68787,34.78505,31.04835,33.73426,28.86174,28.86174,26.30589,23.08679,25.0,24.0,21.0,22.36068,23.08679,21.58703,20.24846,20.12461,22.82542,18.38478,19.41649,20.0,19.84943,21.26029,20.51828,24.20744,22.80351,25.80698,25.0,28.01785,27.80288,30.0,28.01785,31.241,29.83287,31.241,30.41381,29.69848,28.42534,29.73214,28.42534,28.42534,30.23243,27.78489,28.63564,25.94224,22.84732,23.25941,22.80351,19.92486,19.64688,19.23538,19.0263,17.02939,15.29706,22.2036,23.02173,23.19483,23.5372,20.61553,20.24846,21.0238,20.24846,18.78829,17.49286,17.80449,15.0,15.55635,9.21954,9.21954,7.2111,7.81025,3.16228,3.0,4.24264,5.83095,6.08276,7.0,9.21954,12.04159,12.16553,15.52417,16.03122,17.46425,20.39608,18.68154,22.80351,23.5372,21.84033,24.73863,22.80351,25.4951,24.73863,27.29469,28.16026,29.42788,28.28427,31.257,32.06244,32.55764,32.06244,34.0147,37.01351,38.0,40.04997,42.04759,40.04997,42.19005,42.42641,47.26521,46.09772,44.55334
14.14214,14.03567,14.03567,13.0384,12.04159,11.04536,11.0,10.04988,10.04988,9.05539,9.05539,8.24621,8.24621,7.28011,7.28011,8.06226,7.2111,7.2111,7.81025,7.07107,7.07107,7.81025,7.81025,8.60233,8.60233,9.43398,9.43398,9.43398,10.29563,10.29563,10.81665,10.81665,10.81665,11.40175,11.40175,11.31371,11.31371,10.63015,10.63015,10.0,10.81665,9.43398,9.43398,8.94427,8.94427,8.544,8.544,7.28011,7.28011,7.07107,7.0,6.08276,47.67599,45.12206,43.28972,41.4367,35.90265,37.65634,35.69314,34.36568,30.14963,29.27456,29.01724,26.07681,27.07397,27.29469,24.08319,23.5372,23.08679,21.84033,21.18962,20.12461,22.2036,21.47091,22.47221,20.51828,21.26029,23.34524,22.62742,25.80698,24.41311,25.0,24.41311,28.84441,28.01785,31.06445,28.01785,30.23243,32.01562,31.62278,30.4795,30.4795,31.82766,31.241,30.4795,30.4795,30.23243,29.68164,28.30194,27.29469,25.05993,23.25941,23.70654,22.84732,21.58703,20.61553,19.23538,18.02776,18.02776,24.33105,23.08679,22.02272,21.0238,21.2132,20.61553,17.72005,17.08801,19.69772,16.55295,16.12452,14.31782,12.08305,10.81665,9.43398,5.38516,5.83095,2.23607,2.23607,2.23607,5.0,8.06226,8.06226,10.04988,12.04159,14.0,15.0,17.02939,19.23538,22.09072,21.0,25.07987,25.31798,24.18677,26.30589,25.01999,28.01785,26.0,28.07134,31.06445,31.06445,33.13608,32.01562,36.12478,34.0147,38.32754,37.21559,38.20995,39.11521,44.04543,45.17743,43.28972,45.01111,45.09989,51.0392,51.0098,49.0408
14.76482,14.76482,13.41641,13.41641,12.52996,11.18034,10.77033,10.77033,9.84886,9.48683,9.48683,9.21954,9.05539,8.0,8.0,8.06226,8.06226,7.07107,7.28011,8.544,7.28011,7.61577,8.06226,8.60233,9.43398,9.43398,9.43398,10.81665,10.81665,10.81665,10.81665,10.81665,11.6619,11.18034,11.18034,10.77033,11.7047,10.44031,10.44031,10.19804,10.19804,10.19804,10.04988,9.05539,9.05539,9.0,8.06226,8.06226,7.07107,7.28011,6.7082,5.83095,86.82166,86.60831,80.26207,82.0975,80.13114,72.94518,72.06941,63.63175,62.64982,58.13777,55.9464,48.33218,50.69517,50.59644,47.43416,45.39824,44.40721,47.01064,43.28972,40.0,46.32494,40.31129,39.56008,41.23106,43.08132,43.46263,42.19005,48.02083,50.60632,53.60037,48.82622,53.0,57.98276,57.45433,60.21628,59.16925,62.64982,64.14047,63.50591,66.85058,63.69458,65.55151,59.46427,60.72891,56.61272,58.24946,52.61179,56.32051,46.17359,46.0,48.04165,48.16638,41.59327,38.83298,39.62323,35.4683,32.20248,45.17743,41.0,44.94441,43.65776,43.909,39.11521,40.0,37.80212,36.79674,32.64966,29.20616,23.34524,22.2036,20.80865,15.26434,12.80625,10.0,6.40312,3.0,5.0,9.21954,17.26268,18.97367,22.2036,26.57066,28.16026,31.95309,34.53983,34.48188,44.01136,37.94733,44.38468,48.33218,48.33218,54.12024,52.80152,54.42426,52.92447,58.18935,59.46427,61.46544,63.60031,63.56886,68.00735,66.09841,68.88396,71.86793,73.97973,80.36168,83.24062,85.61542,89.28606,93.6376,90.13878,101.8332,91.41663,94.93682
14.86607,14.14214,13.45362,12.72792,12.04159,11.31371,11.40175,10.0,9.43398,9.43398,9.43398,8.94427,8.544,8.544,7.61577,8.06226,7.07107,8.06226,8.0,8.0,7.07107,8.06226,8.06226,8.24621,9.21954,9.48683,9.48683,10.44031,10.44031,11.7047,10.44031,11.40175,11.40175,11.18034,11.18034,11.04536,12.04159,11.0,10.0,10.04988,10.04988,10.19804,10.19804,9.21954,9.21954,8.24621,8.544,7.61577,8.06226,7.2111,6.40312,5.65685,90.60905,84.21995,81.3941,79.93122,77.83315,69.6563,67.17887,65.79514,62.96825,57.28001,54.81788,50.24938,51.61395,48.82622,50.21952,44.29447,48.70318,43.01163,42.72002,41.97618,41.04875,41.7732,41.30375,43.10452,42.75512,44.14748,44.38468,47.53946,46.84015,53.75872,49.33559,57.00877,55.65968,58.5235,59.61543,61.35145,61.35145,60.08328,63.06346,63.15061,56.7186,58.85576,58.21512,57.21888,57.00877,58.07753,53.23533,53.23533,49.36598,47.38143,48.50773,43.17407,41.10961,40.31129,36.89173,36.35932,36.12478,45.65085,45.45327,46.69047,44.20407,40.80441,39.96248,39.44617,34.9285,33.61547,29.41088,26.92582,24.35159,21.58703,19.41649,14.0,14.56022,10.04988,5.0,5.38516,6.40312,9.89949,12.08305,13.0,23.70654,23.32381,27.45906,30.41381,30.4795,41.10961,44.10215,39.59798,48.79549,46.01087,49.57822,50.24938,53.15073,52.34501,52.40229,57.62812,62.62587,61.84658,63.25346,63.03174,68.50547,62.96825,74.94665,73.24616,77.52419,75.66373,80.99383,88.20431,92.11406,93.2309,88.86507,100.4241,97.45255,94.49339
14.76482,13.41641,13.89244,12.52996,12.08305,10.29563,10.81665,9.43398,9.43398,8.60233,8.60233,8.48528,7.81025,7.07107,7.2111,7.2111,6.7082,6.7082,6.32456,7.28011,7.28011,7.07107,7.07107,8.06226,8.0,9.0,9.05539,9.0,10.0,10.0,10.0,10.04988,11.04536,10.04988,10.04988,10.44031,10.44031,10.44031,9.84886,9.84886,8.94427,8.94427,9.43398,8.06226,8.06226,7.2111,7.07107,7.07107,6.40312,5.83095,5.83095,5.38516,90.6973,88.54942,89.627,75.47185,79.61156,73.78347,63.81222,71.56116,60.46487,62.00806,54.56189,48.83646,53.8145,48.16638,45.96738,44.40721,47.01064,43.56604,40.31129,39.56008,43.9659,41.76123,36.87818,39.11521,39.01282,41.10961,46.04346,44.01136,47.04253,50.48762,48.6621,54.58938,50.15974,59.68249,59.4138,63.12686,62.1289,62.39391,62.0,59.00847,60.07495,58.85576,60.82763,59.43904,52.88667,55.7315,50.92151,51.62364,44.38468,45.17743,42.54409,41.59327,41.04875,34.71311,37.48333,31.1127,31.38471,43.56604,44.59821,44.55334,41.7732,44.04543,42.19005,36.67424,37.33631,35.4683,29.41088,29.12044,26.07681,21.0238,20.02498,15.0333,12.16553,7.61577,3.60555,4.12311,8.06226,12.80625,14.21267,20.80865,21.09502,24.08319,28.42534,31.89044,34.71311,38.20995,42.44997,41.03657,49.57822,49.67897,46.01087,53.41348,53.2635,58.25805,61.55485,56.63921,56.56854,62.93648,64.38167,64.3506,70.0928,67.62396,75.9276,77.33693,77.00649,80.65978,90.02777,84.89994,87.86353,89.87213,90.52072,101.82338,98.31073,100.12492
15.26434,13.89244,12.20656,12.52996,11.6619,10.29563,10.81665,10.0,10.0,8.60233,8.48528,8.48528,7.81025,7.2111,7.2111,8.06226,6.7082,6.7082,6.32456,7.28011,7.07107,7.07107,7.07107,8.0,8.0,8.06226,9.05539,9.0,10.04988,10.04988,10.0,10.0,11.0,10.04988,10.04988,10.04988,10.19804,9.48683,9.48683,9.48683,8.544,8.94427,8.06226,8.06226,7.2111,7.2111,6.40312,7.07107,6.40312,6.40312,5.83095,5.38516,88.54377,91.5478,85.23497,78.18568,79.70571,74.46476,66.48308,67.1193,65.19202,59.05929,60.37384,54.58938,56.30275,49.64877,49.40648,46.69047,46.01087,43.13931,41.23106,41.6173,43.41659,46.14109,37.33631,41.10961,35.90265,44.27189,47.09565,47.09565,48.37355,50.01,52.00961,56.0803,55.3263,56.14268,58.00862,59.5399,60.01666,58.69412,61.81424,64.53681,60.41523,59.77458,57.24509,56.85948,57.70615,56.36488,49.73932,51.0,47.20169,42.63801,41.10961,40.36087,40.31129,38.20995,35.80503,31.90611,29.41088,47.50789,45.80393,44.77723,43.86342,43.01163,37.33631,36.49658,33.24154,34.05877,28.01785,28.01785,27.16616,25.01999,21.09502,14.86607,11.40175,7.28011,1.0,3.60555,6.08276,7.2111,15.0,20.80865,21.9545,23.34524,29.69848,31.40064,37.44329,39.11521,45.0,40.80441,46.14109,47.70744,51.0,51.47815,49.64877,54.91812,54.20332,55.47071,61.29437,66.57327,67.00746,64.66065,67.62396,65.94695,79.64923,74.02702,77.98718,83.09633,88.23831,90.90655,91.67879,95.13149,97.90812,100.80179,97.7548,96.60745
15.55635,13.45362,13.45362,12.72792,11.31371,11.31371,10.0,10.0,10.0,9.43398,8.60233,8.94427,7.61577,7.61577,7.61577,7.28011,7.07107,7.07107,7.0,7.0,7.07107,7.07107,7.28011,7.28011,8.24621,8.24621,9.48683,9.48683,9.48683,10.44031,9.21954,10.44031,10.19804,10.04988,10.04988,10.04988,10.0,9.05539,9.05539,9.05539,9.05539,8.24621,8.24621,7.28011,7.28011,7.61577,6.7082,5.83095,5.83095,5.65685,5.65685,5.0,94.84725,88.09086,87.11487,82.807,77.33693,75.28612,68.88396,74.41102,59.46427,65.76473,61.7171,54.03702,53.90733,51.40039,48.25971,45.79301,46.32494,42.95346,45.69464,41.48494,47.29693,42.75512,40.11234,43.0,40.0125,42.10701,45.09989,45.17743,51.15662,51.66237,48.6621,56.29387,51.97115,52.88667,56.88585,62.28965,59.22837,61.0,59.13544,59.07622,54.0,61.13101,55.7315,53.75872,52.63079,50.44799,50.59644,46.17359,47.53946,42.05948,38.91015,40.81666,36.71512,36.76955,33.97058,31.14482,27.29469,46.14109,46.61545,44.55334,42.42641,41.10961,43.26662,34.48188,31.38471,31.7805,28.86174,30.41381,26.1725,22.2036,19.10497,11.40175,10.0,3.60555,3.16228,4.47214,9.05539,12.04159,17.02939,20.61553,23.08679,26.57066,30.8707,34.98571,38.91015,36.05551,45.48626,42.72002,44.94441,47.80167,47.70744,56.0357,52.47857,52.15362,58.60034,59.16925,63.82006,64.66065,64.00781,70.71068,71.55418,71.55418,73.53911,75.96052,80.5295,81.939,88.19297,91.80959,93.53609,99.32271,90.97252,104.01923,102.20078,98.23441
14.21267,12.80625,13.60147,12.04159,11.40175,10.0,9.43398,8.94427,8.94427,8.06226,8.544,7.28011,8.24621,8.06226,7.07107,8.0,7.07107,7.07107,7.07107,8.24621,8.24621,8.544,8.544,9.84886,9.84886,9.84886,11.18034,10.77033,12.08305,12.08305,11.7047,11.7047,11.40175,11.40175,11.40175,11.18034,11.18034,10.0,10.0,10.0,9.05539,9.05539,9.05539,8.06226,7.28011,7.28011,6.7082,6.32456,5.38516,5.83095,5.0,4.24264,45.0,40.22437,43.27817,37.73592,35.51056,35.80503,33.01515,33.01515,29.06888,25.80698,26.24881,25.4951,24.08319,22.02272,21.40093,21.63331,22.82542,20.61553,19.31321,18.02776,19.64688,19.23538,21.2132,19.10497,22.02272,23.02173,21.09502,22.2036,26.1725,24.5153,24.33105,28.16026,26.01922,28.16026,27.16616,29.01724,31.01612,29.0,29.42788,29.27456,28.44293,28.28427,26.68333,26.92582,26.40076,24.69818,25.4951,21.93171,22.36068,20.0,19.20937,20.0,17.69181,16.27882,15.55635,13.89244,12.52996,23.02173,23.34524,20.61553,21.63331,20.59126,18.78829,17.08801,16.49242,15.29706,12.0,13.0384,9.05539,10.44031,6.7082,5.83095,3.60555,3.16228,2.23607,2.82843,7.07107,7.07107,9.05539,11.18034,13.34166,17.08801,16.15549,16.55295,19.23538,20.24846,22.47221,20.0,24.83948,23.43075,23.43075,25.6125,26.24881,24.08319,25.80698,27.45906,29.68164,31.62278,30.23243,33.28663,33.61547,34.1321,36.61967,39.11521,38.27532,41.34005,42.43819,42.72002,45.0,47.42362,44.82187,51.08816,49.0408,46.69047
14.31782,14.31782,13.15295,13.34166,11.18034,11.18034,11.04536,10.04988,10.0,9.0,9.0,9.05539,9.21954,9.21954,8.24621,8.544,8.94427,8.94427,8.06226,8.60233,8.60233,8.60233,9.21954,9.21954,10.63015,10.63015,11.31371,11.31371,12.04159,12.04159,11.40175,11.40175,11.40175,11.6619,11.6619,11.6619,11.18034,10.77033,10.77033,9.84886,9.48683,9.48683,9.21954,8.24621,8.06226,8.06226,7.07107,7.0,6.0,6.08276,6.08276,5.09902,44.38468,40.24922,43.65776,40.49691,37.69615,36.40055,32.31099,33.83785,30.67572,31.01612,29.61419,26.30589,28.63564,25.17936,23.19483,23.02173,22.0,22.02272,24.18677,21.2132,23.76973,21.84033,21.54066,22.36068,20.80865,25.55386,23.85372,25.80698,23.60085,28.01785,26.92582,30.0,25.80698,30.0,28.6007,30.88689,30.01666,32.75668,29.54657,31.7805,29.06888,28.4605,28.16026,30.08322,26.4764,24.5153,25.31798,25.17936,23.19483,19.0263,19.0263,20.02498,21.0238,17.46425,16.76305,15.81139,14.42221,20.61553,20.61553,18.86796,19.41649,18.38478,16.97056,14.21267,14.42221,13.89244,13.0,11.40175,7.28011,9.21954,8.0,5.38516,2.23607,2.23607,2.23607,4.47214,5.38516,6.32456,10.44031,11.18034,14.0,15.13275,17.02939,16.12452,22.2036,18.11077,22.09072,20.39608,24.33105,24.5153,23.19483,25.70992,25.70992,25.31798,25.31798,26.4764,30.14963,32.55764,32.14032,34.1321,33.06055,34.1321,39.20459,36.12478,39.0,40.31129,41.10961,42.19005,46.52956,47.07441,43.73786,48.05206,50.21952,46.32494
14.86607,14.21267,13.60147,13.45362,12.04159,12.04159,10.81665,10.81665,10.81665,9.43398,9.43398,8.94427,8.94427,8.544,8.544,9.21954,8.06226,8.06226,8.0,8.0,9.0,9.05539,9.0,9.05539,10.04988,10.04988,10.19804,11.04536,11.18034,11.18034,11.04536,11.04536,11.04536,11.0,11.0,11.04536,10.04988,10.19804,9.21954,9.21954,9.21954,8.544,8.544,8.544,7.61577,7.61577,6.7082,7.2111,6.40312,5.65685,5.65685,5.0,90.55385,89.10668,86.55634,85.0,73.10951,75.9276,72.13876,74.33034,65.29931,62.00806,60.53924,57.45433,58.66856,53.23533,51.62364,51.07837,51.62364,43.08132,44.01136,45.89118,45.70558,47.07441,41.10961,47.04253,42.19005,46.09772,48.16638,53.60037,49.16299,55.10898,51.78803,54.74486,55.44367,57.42822,54.45181,63.28507,60.53098,58.69412,58.13777,58.0,58.07753,60.40695,56.56854,57.07013,49.24429,52.88667,51.41984,45.88028,42.72002,41.78516,39.39543,41.14608,37.12142,35.60899,33.24154,31.14482,24.75884,43.82921,40.49691,42.0119,42.42641,39.82462,30.88689,34.71311,30.88689,28.23119,27.73085,23.5372,19.41649,20.09975,15.0333,18.11077,6.40312,2.23607,4.47214,4.47214,6.32456,12.04159,16.0,22.2036,26.24881,28.23119,34.78505,33.10589,35.34119,41.23106,40.70626,40.24922,46.32494,46.04346,48.02083,48.54894,53.22593,53.7122,57.45433,56.4358,61.7414,61.05735,63.56099,63.97656,64.88451,68.54196,67.6757,74.32362,79.37884,76.89603,88.56636,88.11924,87.66413,92.66067,89.06739,99.64437,95.52487,96.51943
13.92839,13.60147,12.36932,12.64911,11.40175,10.44031,10.19804,9.21954,9.05539,9.05539,9.05539,8.0,8.0,8.06226,8.06226,8.24621,7.28011,7.28011,7.61577,8.06226,8.06226,8.06226,8.06226,8.60233,9.43398,9.21954,10.0,10.0,10.81665,10.81665,9.43398,10.81665,10.29563,10.29563,11.18034,9.84886,9.48683,9.48683,9.21954,9.21954,9.21954,9.05539,8.06226,7.07107,7.0,7.0,6.0,6.08276,6.08276,5.09902,4.47214,4.47214,46.51881,43.909,42.54409,40.24922,42.05948,34.66987,38.01316,33.12099,33.12099,29.54657,29.54657,27.85678,25.96151,29.83287,24.04163,24.33105,26.1725,23.02173,23.08679,24.02082,23.08679,23.08679,21.58703,21.84033,21.84033,25.29822,24.69818,24.59675,26.0,28.17801,28.63564,27.73085,29.41088,31.01612,29.96665,30.08322,32.69557,31.01612,31.04835,28.63564,28.63564,29.27456,29.06888,30.06659,26.01922,28.0,26.07681,24.18677,22.36068,21.37756,21.37756,19.64688,17.46425,18.38478,16.64332,15.81139,13.45362,23.5372,22.47221,22.36068,20.59126,22.02272,19.84943,17.69181,17.20465,18.60108,13.89244,13.41641,11.7047,10.29563,8.544,7.07107,5.0,4.47214,2.23607,2.0,3.60555,6.0,8.06226,10.04988,11.0,15.13275,14.0,16.49242,16.49242,18.68154,20.88061,18.68154,23.76973,24.35159,25.29822,25.63201,26.24881,26.40076,26.92582,29.12044,31.04835,29.61419,33.73426,31.7805,35.35534,31.57531,35.69314,37.65634,39.45884,38.63936,41.97618,43.73786,43.17407,45.60702,44.64303,48.38388,46.17359,49.98
14.86607,14.21267,12.80625,12.80625,11.40175,11.40175,10.81665,10.29563,10.29563,8.94427,10.29563,9.48683,9.48683,9.48683,9.21954,9.21954,9.05539,9.0,9.0,9.0,9.05539,9.05539,9.05539,10.19804,10.19804,11.18034,11.40175,12.16553,12.16553,11.18034,12.04159,12.04159,12.04159,12.04159,12.0,12.0,12.04159,11.18034,10.19804,10.19804,9.21954,10.44031,9.48683,8.544,8.544,7.61577,8.06226,7.2111,7.2111,5.65685,5.65685,5.0,85.14693,82.66196,81.68843,76.57676,75.16648,68.11755,66.4003,66.06815,59.5483,58.69412,56.22277,53.41348,51.73973,49.20366,52.80152,47.50789,47.88528,45.79301,45.69464,48.38388,50.44799,42.75512,43.28972,44.10215,41.10961,48.25971,52.0,49.09175,54.14795,56.14268,52.23983,61.03278,57.07889,62.28965,64.28063,65.06919,62.03225,60.0,61.13101,62.28965,56.7186,63.15061,60.20797,60.63827,56.61272,55.02727,53.85165,49.39636,44.29447,42.48529,45.79301,39.44617,38.41875,38.8973,33.94113,30.61046,29.52965,38.94868,39.11521,39.35734,38.07887,37.64306,31.257,31.14482,27.01851,26.0,26.30589,22.13594,18.97367,20.61553,14.76482,10.81665,9.21954,3.60555,2.82843,6.08276,9.21954,15.23155,16.15549,22.84732,25.05993,31.14482,32.75668,34.20526,38.20995,36.06938,41.7732,41.03657,46.75468,43.93177,50.9902,49.81967,53.75872,47.42362,53.75872,55.86591,59.4138,57.98276,63.12686,64.44377,63.89053,65.0,74.51845,72.62231,74.02702,77.42093,81.46779,80.05623,86.55634,87.04596,86.26703,92.02174,91.35097,91.96739
14.03567,14.03567,13.0,13.0,12.0,11.0,12.04159,11.04536,11.18034,9.21954,10.19804,10.44031,9.48683,9.48683,8.94427,10.29563,9.43398,8.60233,8.60233,9.21954,9.21954,9.89949,9.89949,10.63015,11.31371,12.04159,12.04159,12.04159,12.72792,12.04159,12.72792,12.04159,12.04159,12.20656,12.80625,12.20656,12.20656,11.18034,11.18034,11.18034,10.77033,10.77033,10.44031,9.48683,9.21954,8.24621,8.06226,8.06226,7.0,7.0,6.08276,6.08276,40.02499,41.23106,40.60788,38.83298,39.62323,35.69314,33.73426,32.55764,29.27456,29.01724,29.06888,25.07987,27.0,25.07987,27.29469,26.68333,25.0,23.4094,22.13594,24.16609,24.16609,22.82542,22.47221,25.23886,25.55386,25.0,25.6125,28.3196,26.1725,30.41381,29.0,31.82766,31.14482,33.30165,32.52691,32.64966,35.0,33.42155,33.83785,30.88689,31.06445,33.12099,30.8707,30.46309,26.92582,28.23119,26.92582,27.20294,23.76973,22.09072,23.08679,21.0,19.0263,18.24829,19.41649,16.49242,13.60147,19.10497,18.43909,19.92486,19.23538,17.0,15.81139,16.40122,12.20656,12.04159,12.20656,10.29563,8.06226,6.32456,7.28011,5.0,2.0,1.0,3.60555,2.23607,6.40312,9.43398,7.28011,11.40175,13.34166,14.14214,19.0263,17.11724,20.0,18.0,21.0238,21.09502,23.08679,23.19483,24.18677,25.17936,24.5153,26.1725,24.08319,28.01785,29.06888,28.07134,31.01612,31.0,33.0,33.0,36.12478,35.01428,37.05401,38.01316,38.01316,40.0125,42.42641,45.01111,44.01136,45.01111,42.10701,45.17743
14.31782,13.92839,13.89244,13.0,12.08305,12.08305,11.18034,10.81665,10.81665,10.0,10.0,9.21954,9.89949,9.89949,9.21954,10.0,8.60233,9.43398,8.94427,8.94427,8.94427,9.48683,8.94427,9.48683,10.77033,10.44031,11.40175,11.7047,11.7047,11.7047,11.7047,12.08305,12.08305,11.18034,12.08305,11.6619,11.6619,10.63015,10.0,10.0,10.0,9.89949,9.89949,8.48528,8.48528,7.81025,7.2111,7.2111,6.7082,6.7082,6.32456,5.09902,89.9611,90.47099,79.15807,84.97058,80.77747,72.09022,71.58911,67.54258,63.95311,59.48109,61.7171,54.3783,52.43091,52.49762,49.20366,51.62364,54.67175,48.83646,46.75468,53.60037,47.41308,48.54894,42.04759,44.77723,47.01064,50.32892,53.45091,55.31727,52.20153,54.12024,57.00877,56.30275,60.44005,58.46366,62.0967,59.20304,63.24555,63.56886,66.21178,62.64982,63.06346,57.98276,55.75841,60.21628,51.61395,56.40035,49.57822,54.48853,46.01087,45.27693,41.7732,40.49691,37.58989,35.35534,35.8469,31.95309,32.24903,36.87818,37.58989,34.17601,32.28002,35.22783,30.06659,27.16616,21.09502,24.02082,18.24829,17.26268,14.14214,11.7047,7.28011,3.60555,4.47214,5.0,8.06226,12.52996,14.86607,19.20937,23.60085,29.83287,31.1127,32.55764,37.80212,37.44329,38.83298,43.04649,45.65085,45.65085,48.37355,47.41308,50.24938,52.3259,49.92995,57.14018,55.75841,57.80138,57.45433,56.93856,62.68174,62.68174,68.60029,64.81512,68.0147,72.8011,76.2168,75.82216,85.91275,86.40023,87.80091,89.58795,89.88882,99.04544,90.73588,94.15413
14.42221,14.42221,12.80625,13.60147,12.20656,10.81665,11.40175,10.63015,10.63015,9.89949,9.89949,9.21954,9.21954,8.60233,8.60233,9.43398,8.94427,8.06226,8.544,8.544,8.544,8.24621,8.24621,9.21954,10.19804,9.21954,10.19804,10.19804,11.18034,11.18034,11.40175,11.40175,11.40175,10.44031,10.77033,10.77033,11.18034,10.29563,9.43398,9.43398,8.60233,8.60233,7.81025,7.81025,7.07107,7.07107,7.07107,6.40312,6.40312,5.83095,5.38516,5.38516,91.24144,88.02272,91.70605,83.18654,80.5295,76.55717,72.89719,74.32362,64.84597,62.17717,64.00781,56.0357,59.07622,57.42822,52.43091,50.9902,53.8145,55.86591,46.75468,45.45327,49.64877,45.48626,45.18849,49.64877,44.01136,49.65884,49.98,53.60037,54.40588,54.57105,55.65968,61.39218,53.16014,62.8172,58.94065,63.89053,63.56886,61.35145,61.7414,64.00781,57.69749,56.85948,59.68249,58.83026,53.60037,50.44799,48.27007,46.01087,49.49747,43.13931,41.86884,40.60788,38.01316,35.77709,34.0147,29.83287,26.92582,37.53665,31.82766,33.28663,32.20248,33.10589,28.79236,28.16026,26.0,22.56103,17.72005,15.13275,14.14214,11.40175,11.40175,9.48683,2.23607,7.07107,7.81025,12.20656,12.72792,16.64332,25.45584,26.87006,28.3196,34.20526,36.40055,40.49691,42.43819,41.88078,50.80354,45.27693,51.10773,55.56978,51.0,56.82429,56.93856,56.60389,58.30952,56.40035,62.20129,63.41136,64.81512,68.41053,72.00694,72.8011,71.21798,71.70077,74.96666,85.04117,83.24062,86.68333,94.92102,92.41753,86.28441,97.20082,98.73702,94.3027
14.14214,14.14214,12.04159,12.72792,11.31371,11.31371,10.63015,10.0,10.0,8.60233,9.43398,8.94427,8.06226,7.61577,8.544,8.544,8.24621,7.28011,7.07107,7.07107,8.06226,8.0,8.0,8.06226,9.05539,9.05539,9.05539,9.05539,10.04988,10.04988,10.04988,10.0,10.0,10.0,10.04988,10.04988,10.19804,9.21954,9.48683,9.48683,8.544,8.544,7.61577,7.61577,7.2111,6.40312,6.40312,5.65685,5.65685,5.0,5.83095,4.47214,91.28527,84.8646,83.45058,73.5527,77.10383,73.53911,72.8011,68.62215,57.98276,59.5483,59.03389,53.90733,56.85948,52.00961,50.21952,51.88449,49.65884,45.61798,44.77723,43.32436,47.85394,44.27189,49.16299,43.04649,44.0,45.01111,45.09989,48.25971,50.08992,54.33231,53.46027,53.33854,54.03702,60.40695,57.55867,59.00847,61.0082,60.00833,60.20797,58.30952,55.7315,59.03389,57.72348,52.95281,51.5461,51.26402,48.38388,46.23851,44.01136,41.34005,39.96248,39.66106,33.83785,35.60899,32.52691,31.241,27.78489,39.21734,38.58756,39.66106,37.64306,36.06938,31.82766,31.40064,26.62705,27.20294,22.80351,18.02776,17.20465,15.6205,14.86607,7.81025,5.09902,9.43398,6.40312,7.81025,14.76482,14.76482,20.59126,23.70654,27.20294,33.6006,32.44996,37.20215,38.41875,42.52058,47.20169,44.04543,48.16638,50.32892,50.24938,50.24938,49.0408,52.49762,56.0803,54.81788,57.98276,62.42596,61.85467,64.3506,72.40166,68.47627,68.7968,67.60178,76.92204,80.45496,87.46428,83.00602,87.98295,92.65528,87.92042,98.47335,96.79876,92.45539
15.13275,14.03567,14.03567,14.14214,13.0384,12.04159,12.0,11.0,11.0,10.0,10.04988,10.04988,10.04988,9.21954,9.21954,9.48683,8.544,8.544,8.94427,8.94427,8.06226,9.43398,8.06226,10.0,10.0,10.0,10.63015,10.0,11.40175,11.40175,10.81665,11.6619,10.81665,11.6619,11.18034,10.77033,10.77033,10.44031,10.44031,9.21954,9.21954,9.05539,9.05539,9.05539,8.0,8.0,8.06226,7.07107,6.08276,6.32456,6.32456,5.83095,45.09989,45.27693,45.01111,38.11824,40.04997,37.48333,37.05401,37.12142,32.06244,30.01666,28.01785,29.27456,30.26549,28.16026,26.07681,26.4764,25.96151,24.73863,25.29822,23.4094,24.59675,21.9545,21.40093,23.60085,23.43075,26.40076,24.83948,24.83948,27.65863,26.90725,25.4951,27.58623,28.3196,31.241,29.69848,32.55764,30.41381,30.41381,30.80584,30.80584,31.90611,32.20248,29.96665,29.06888,27.313,26.92582,26.24881,23.76973,20.39608,21.37756,20.61553,22.2036,20.02498,17.0,19.0263,16.49242,14.86607,19.64688,18.02776,18.0,18.11077,16.12452,15.52417,14.86607,13.41641,13.0,10.29563,10.0,8.48528,7.81025,4.24264,2.82843,1.41421,1.41421,3.16228,4.24264,7.2111,8.94427,9.84886,10.29563,13.92839,16.27882,15.52417,17.46425,19.92486,22.2036,22.2036,22.2036,25.17936,25.17936,25.07987,27.07397,27.16616,26.07681,27.07397,30.14963,30.26549,31.57531,32.55764,32.98485,35.90265,32.98485,38.60052,37.94733,35.44009,41.48494,43.41659,44.72136,45.89118,45.27693,44.28318,51.15662,49.64877,51.08816
13.89244,13.0384,13.0384,13.0384,11.6619,10.81665,11.40175,10.63015,10.63015,9.89949,9.89949,10.0,10.0,9.43398,8.60233,9.84886,9.84886,8.94427,8.544,9.48683,9.48683,10.44031,10.19804,10.19804,11.18034,11.18034,11.18034,12.36932,12.36932,12.16553,11.40175,12.36932,12.36932,11.7047,11.7047,12.08305,12.08305,10.29563,10.29563,10.29563,9.43398,9.43398,8.60233,8.60233,7.81025,7.81025,7.81025,7.07107,6.40312,6.40312,5.83095,4.47214,82.46211,81.939,78.71467,75.23962,75.13322,68.8767,67.1193,68.47627,59.94164,65.51336,58.66856,55.80323,57.68882,52.80152,50.9902,49.49747,56.63921,49.67897,46.2277,46.04346,50.24938,47.43416,45.17743,52.35456,47.53946,52.92447,52.49762,56.04463,57.28001,55.54278,59.77458,59.48109,61.35145,64.2573,63.89053,63.90618,65.19202,64.4748,62.17717,64.00781,57.70615,61.03278,59.64059,57.80138,51.22499,52.00961,51.85557,47.50789,43.86342,43.84062,44.04543,39.66106,37.64306,36.23534,34.0147,31.30495,29.83287,30.88689,31.30495,27.313,29.12044,27.16616,24.18677,23.19483,20.02498,18.02776,13.34166,10.0,10.04988,7.28011,2.82843,3.0,2.0,4.12311,10.0,14.86607,15.6205,19.20937,27.65863,28.6007,31.62278,33.01515,39.66106,38.01316,42.19005,46.52956,44.72136,42.95346,51.62364,47.01064,49.98,54.12947,53.31041,53.48832,53.66563,55.54278,59.16925,62.16912,64.66065,63.81222,63.24555,65.73431,67.47592,68.60029,74.06079,74.06079,82.0975,78.23682,82.37718,88.19297,84.0595,89.69392,90.6973,90.42677
14.03567,14.03567,13.0384,13.0,12.04159,12.04159,11.04536,10.19804,10.19804,9.21954,9.48683,9.48683,9.48683,8.94427,8.544,9.43398,8.60233,8.60233,8.48528,8.48528,8.48528,8.48528,8.48528,9.21954,10.0,10.0,10.81665,10.81665,11.40175,11.40175,11.40175,12.04159,11.31371,11.31371,11.31371,10.63015,10.63015,10.81665,10.0,10.81665,9.43398,9.43398,8.94427,8.94427,8.544,7.61577,8.24621,7.07107,7.07107,7.07107,7.0,6.08276,89.10668,90.09439,81.22192,74.8131,72.00694,71.56815,65.49046,63.3877,59.13544,60.13319,59.0,51.62364,57.03508,47.26521,50.15974,49.47727,51.5461,44.27189,46.17359,45.18849,46.51881,46.14109,44.10215,48.01042,43.41659,51.08816,47.42362,52.40229,53.75872,55.97321,57.98276,59.46427,55.17246,58.72819,60.10824,65.05382,63.65532,62.96825,62.00806,62.80127,58.60034,60.03332,57.70615,62.17717,55.03635,56.46238,55.02727,52.20153,47.43416,44.64303,44.91102,42.29657,40.31129,36.01389,35.12834,32.01562,31.40064,35.35534,30.67572,30.67572,30.26549,30.41381,26.1725,23.19483,22.2036,23.0,19.0263,19.0,15.0333,15.52417,11.7047,8.94427,11.6619,14.31782,15.52417,16.27882,22.09072,24.08319,25.31798,30.01666,35.01428,38.0526,42.0119,41.19466,41.19466,46.38965,49.25444,45.27693,52.34501,49.36598,53.23533,54.14795,56.22277,53.00943,57.31492,57.00877,63.0,61.07373,65.12296,65.03076,70.25667,68.06614,67.46851,68.73136,73.68175,81.61495,82.49242,80.30567,83.48653,92.0489,85.09407,100.02,94.00532,90.0
15.0333,14.03567,13.0,13.0384,12.0,12.0,11.0,11.04536,11.0,10.04988,10.04988,10.44031,9.21954,9.48683,9.48683,8.94427,8.94427,8.94427,8.60233,8.60233,8.60233,8.60233,9.21954,9.89949,9.89949,9.89949,10.63015,11.31371,12.04159,11.31371,11.31371,11.40175,12.04159,11.40175,11.40175,10.81665,10.81665,11.6619,10.29563,10.29563,9.84886,9.84886,9.48683,8.544,8.24621,8.24621,8.06226,8.06226,7.0,7.0,7.07107,6.08276,85.44004,84.11896,82.46211,76.40026,74.2159,70.88018,70.34202,67.26812,64.32729,64.32729,57.42822,56.32051,57.21888,55.00909,52.03845,53.03772,56.4358,47.38143,49.24429,45.70558,47.75982,45.22168,48.33218,49.1935,47.01064,49.64877,48.54894,49.92995,54.6443,56.40035,58.00862,56.40035,58.5235,62.62587,58.82176,64.3506,63.51378,63.51378,62.26556,64.88451,61.7414,60.92618,59.77458,60.44005,54.12024,56.51548,55.10898,50.01,44.55334,49.49747,42.04759,45.04442,41.04875,40.1995,39.45884,32.75668,30.08322,37.33631,37.01351,38.01316,36.34556,34.48188,32.57299,30.36445,26.57066,26.40076,23.76973,18.35756,17.80449,17.49286,13.92839,8.544,9.0,8.06226,8.06226,9.21954,11.04536,19.64688,19.0263,23.02173,29.15476,29.0,31.01612,35.35534,37.85499,37.85499,41.59327,39.29377,49.0306,49.24429,46.09772,49.0306,50.80354,50.80354,52.46904,55.57877,60.07495,57.21888,61.40033,61.29437,64.03124,65.03076,66.27217,69.11584,72.06247,75.05998,81.00617,82.0975,86.00581,88.56636,83.21658,93.43447,91.5478,90.79648
12.36932,12.36932,12.16553,11.18034,10.19804,10.19804,9.05539,9.05539,9.0,8.0,8.0,8.06226,7.07107,7.28011,7.28011,7.61577,6.7082,6.7082,7.2111,7.2111,7.81025,7.07107,7.07107,7.81025,8.48528,8.48528,9.21954,9.21954,10.0,10.0,9.89949,9.89949,9.89949,9.89949,10.63015,10.0,10.0,9.43398,8.94427,8.94427,8.94427,8.94427,8.544,7.61577,7.28011,7.28011,7.07107,7.07107,6.0,6.0,6.08276,5.09902,86.57944,84.5281,80.30567,73.24616,72.33948,70.45566,67.47592,69.46222,60.20797,57.31492,57.03508,52.0,52.46904,49.16299,46.52956,48.27007,42.05948,42.05948,44.38468,41.18252,46.61545,41.04875,41.7732,42.44997,43.13931,46.2277,48.60041,48.41487,55.21775,53.53504,53.0,57.14018,56.60389,61.29437,60.46487,66.06815,64.2028,61.40033,61.52235,61.55485,58.69412,61.6198,60.80296,59.81639,56.40035,56.30275,54.20332,52.47857,47.42362,47.85394,42.15448,42.72002,42.05948,41.0,36.22154,36.12478,31.06445,41.10961,35.90265,33.13608,35.12834,34.0147,29.01724,29.01724,25.31798,24.18677,19.23538,17.26268,15.0333,13.0384,8.0,9.84886,10.44031,10.29563,13.34166,17.11724,21.0238,21.0,25.01999,29.01724,30.06659,39.0,40.0,41.30375,45.39824,46.09772,51.35173,47.51842,56.32051,55.31727,53.23533,54.33231,56.56854,57.07889,58.42089,62.39391,62.1289,62.07254,64.03124,65.06919,69.11584,72.24957,71.06335,72.24957,78.77182,79.40403,83.48653,80.22468,88.56636,92.19544,91.04944,98.0,95.18929,99.08078
13.0384,13.0384,11.18034,11.6619,10.29563,10.29563,9.84886,9.48683,9.48683,8.24621,8.544,8.06226,8.06226,7.07107,7.0,8.06226,7.07107,7.07107,7.28011,7.28011,7.61577,7.61577,8.544,8.94427,9.43398,10.29563,10.29563,10.29563,11.18034,11.18034,10.29563,11.18034,10.77033,10.77033,11.7047,11.40175,11.18034,10.19804,10.04988,10.04988,10.0,10.0,9.0,8.0,8.06226,8.06226,7.07107,7.28011,6.32456,6.7082,5.83095,5.83095,79.02531,78.23682,84.59905,77.38863,73.81734,68.7968,61.77378,67.60178,56.0803,57.70615,55.4617,49.98,50.92151,44.64303,47.12749,46.09772,52.34501,45.17743,46.0,43.10452,45.35416,43.73786,44.27189,44.64303,46.23851,46.09772,46.09772,50.60632,57.70615,52.3259,55.56978,60.82763,59.9333,66.7308,61.29437,66.18912,64.4748,70.21396,66.70832,61.68468,59.20304,59.20304,62.64982,62.64982,60.53098,54.45181,55.22681,50.0,52.0,50.03998,51.0392,45.70558,43.73786,39.84972,36.40055,36.40055,34.66987,42.44997,41.23106,38.8973,41.23106,39.66106,36.89173,33.12099,31.40064,26.40076,25.23886,22.67157,19.84943,19.84943,16.27882,12.64911,9.84886,10.0,9.48683,9.43398,15.81139,19.84943,23.60085,28.01785,27.29469,29.96665,36.67424,38.01316,42.0119,40.0,44.94441,40.80441,51.73973,50.60632,52.80152,49.92995,50.0,51.61395,55.47071,54.70832,59.68249,60.82763,58.87274,66.30988,63.32456,64.62198,67.35726,71.16881,74.63243,77.49194,77.07788,86.00581,86.97701,95.46203,87.09191,90.87354,96.17692,89.89994
13.0,11.7047,11.18034,11.18034,10.29563,8.94427,9.43398,8.60233,8.60233,7.81025,7.81025,7.81025,7.81025,7.2111,7.2111,7.61577,6.7082,7.28011,7.07107,8.06226,8.06226,9.05539,9.05539,9.0,10.0,10.0,11.0,11.0,11.0,12.0,11.04536,11.04536,12.16553,11.18034,11.18034,11.40175,11.40175,11.40175,10.44031,9.84886,9.84886,9.84886,8.94427,8.94427,8.06226,7.81025,7.81025,6.40312,7.07107,6.40312,6.40312,5.0,81.15417,77.47258,74.79305,69.46222,72.01389,65.79514,64.88451,58.59181,56.0803,56.85948,53.00943,49.0408,49.0408,48.10405,48.10405,42.80187,50.47772,46.14109,41.18252,45.88028,47.43416,42.05948,44.10215,48.37355,46.09772,51.08816,55.08176,53.0,55.0,60.0,56.0357,64.00781,64.12488,67.00746,65.06919,70.0,67.06713,69.02898,66.61081,63.78871,66.48308,67.18631,62.36185,66.12866,60.72891,61.09828,60.53924,56.46238,48.75449,48.30114,49.24429,47.01064,43.26662,42.42641,37.53665,38.8973,37.44329,49.64877,47.50789,49.24429,44.59821,40.02499,41.48494,39.05125,38.63936,36.34556,33.0,29.06888,29.06888,20.22375,20.0,16.03122,12.16553,13.41641,9.84886,11.40175,10.19804,13.0,17.11724,24.0,22.13594,27.65863,29.41088,30.26549,37.64306,35.51056,39.62323,37.48333,44.64303,42.2019,47.53946,49.33559,47.43416,45.60702,47.43416,47.12749,53.23533,53.22593,59.94164,56.79789,64.00781,62.96825,64.14047,72.11103,70.45566,70.45566,77.20104,77.66595,82.66196,88.83693,81.30191,91.26883,90.21086,88.19297
12.04159,11.31371,11.40175,10.63015,10.0,9.21954,9.43398,8.94427,8.94427,8.06226,8.544,8.24621,8.24621,8.24621,7.07107,8.06226,8.06226,8.0,8.06226,8.24621,9.05539,9.21954,9.21954,10.44031,10.44031,10.44031,11.40175,11.40175,12.36932,12.36932,11.40175,12.16553,12.16553,12.16553,12.16553,12.0,12.0,11.04536,11.04536,10.04988,10.19804,10.19804,9.21954,9.21954,8.24621,8.24621,7.61577,7.61577,6.7082,6.40312,6.40312,5.65685,79.30952,81.56592,77.10383,70.17834,69.35416,67.47592,64.38167,60.959,59.39697,58.60034,53.82379,49.40648,53.85165,49.64877,47.88528,48.38388,47.80167,48.27007,41.7732,48.50773,49.09175,47.16991,40.79216,48.09366,51.47815,50.80354,52.95281,53.60037,57.56735,62.36185,59.77458,59.90826,63.78871,66.21933,70.83078,69.72087,69.35416,67.46851,70.17834,68.02941,67.00746,69.06519,64.07027,65.03076,59.21149,61.52235,54.91812,55.9017,50.59644,48.08326,48.70318,47.16991,43.08132,43.04649,43.01163,37.73592,34.65545,42.72002,41.86884,45.25483,42.44997,44.10215,40.49691,37.21559,32.20248,29.96665,30.67572,27.51363,24.59675,24.35159,21.54066,13.34166,15.81139,7.81025,11.40175,9.05539,7.07107,6.40312,11.6619,14.42221,16.97056,20.0,24.08319,28.01785,30.61046,34.98571,37.20215,38.60052,40.36087,43.01163,41.6173,46.2277,43.18565,46.69047,50.20956,48.79549,55.15433,51.85557,56.72742,55.97321,63.00794,57.2014,64.66065,67.35726,68.41053,71.61006,79.6304,76.00658,81.60882,83.60024,84.64632,87.61849,87.20665,87.04596
13.0,13.41641,12.52996,12.08305,11.18034,10.29563,10.81665,9.43398,10.0,9.21954,9.21954,9.89949,8.48528,8.48528,8.60233,8.94427,8.94427,8.06226,8.544,8.24621,8.544,9.21954,9.21954,10.19804,10.19804,11.18034,11.04536,12.16553,12.04159,12.16553,12.16553,12.16553,12.16553,11.40175,12.36932,11.7047,12.08305,11.18034,10.29563,10.29563,10.29563,10.29563,9.43398,9.43398,8.60233,7.81025,8.48528,8.48528,7.81025,7.2111,6.7082,6.7082,82.1523,81.41253,80.99383,72.40166,70.3278,64.49806,65.51336,66.0303,62.42596,57.00877,56.56854,50.91169,52.34501,52.49762,49.51767,47.70744,48.25971,47.16991,44.29447,49.76947,48.76474,47.53946,47.07441,50.48762,49.81967,53.46027,57.42822,58.0,57.14018,57.00877,59.21149,63.07139,59.00847,70.02857,63.00794,67.26812,66.18912,64.77654,72.18033,65.73431,64.32729,68.62215,65.19202,61.09828,56.64804,61.68468,56.82429,56.4358,52.83938,49.39636,45.48626,49.64877,42.0119,41.10961,41.86884,36.40055,31.90611,40.31129,39.69887,38.60052,39.35734,35.8469,30.67572,32.31099,31.32092,29.73214,25.96151,23.34524,22.56103,20.39608,18.02776,11.7047,11.40175,7.2111,9.43398,10.0,13.34166,12.16553,17.08801,23.70654,24.59675,26.41969,30.01666,30.46309,29.96665,35.77709,41.59327,34.43835,45.61798,42.04759,43.08132,45.65085,46.95743,50.60632,51.86521,51.62364,56.0357,52.15362,59.40539,57.00877,58.89822,67.35726,65.76473,68.0147,75.00667,72.86288,79.39773,82.21922,76.83749,81.8352,87.45856,92.41753,90.27181,89.81091
13.89244,13.0384,12.20656,12.52996,11.6619,10.81665,10.0,10.63015,9.89949,8.48528,9.89949,9.21954,9.21954,8.60233,8.60233,8.94427,7.61577,7.61577,8.544,8.544,8.24621,9.21954,9.21954,9.21954,10.19804,10.04988,11.04536,11.18034,12.16553,11.04536,11.18034,11.40175,12.36932,11.40175,11.7047,10.77033,11.18034,11.18034,10.29563,10.29563,10.0,10.0,9.21954,9.21954,8.48528,8.48528,7.81025,7.81025,7.2111,6.7082,6.7082,6.32456,86.02325,79.05694,80.5295,71.86793,73.73602,67.06713,66.7308,61.68468,60.83584,55.54278,54.20332,52.69725,54.3783,52.20153,48.60041,46.75468,53.07542,49.51767,46.01087,45.80393,48.76474,46.64762,41.23106,50.69517,49.39636,52.92447,50.28916,51.24451,55.65968,57.72348,57.97413,61.98387,60.08328,63.24555,64.84597,62.03225,68.70953,66.48308,65.74192,64.41273,62.43397,62.43397,61.29437,61.40033,58.25805,56.85068,54.45181,52.3259,48.9183,49.0408,48.27007,43.41659,43.26662,41.14608,39.92493,37.69615,35.90265,42.63801,37.48333,33.97058,32.20248,32.64966,31.76476,29.15476,26.57066,29.12044,25.07987,23.08679,22.36068,18.35756,18.35756,14.31782,13.45362,14.21267,10.04988,13.0,14.03567,17.11724,22.56103,20.61553,27.65863,30.08322,31.01612,34.20526,37.0,37.33631,42.37924,41.10961,43.9659,42.05948,45.54119,47.53946,51.07837,49.0408,49.1935,52.80152,56.0803,57.77543,58.66856,57.70615,64.41273,64.07027,62.96825,69.06519,73.23933,74.06079,78.23043,77.38863,85.75547,86.4523,84.72308,89.94443,87.32125,86.76981
13.89244,13.41641,13.41641,12.52996,12.08305,11.18034,10.77033,10.77033,10.77033,10.19804,10.19804,10.19804,9.05539,9.05539,9.05539,9.05539,9.05539,9.05539,9.05539,9.21954,9.21954,10.44031,9.48683,10.77033,10.77033,10.77033,11.7047,12.64911,12.64911,12.64911,12.36932,12.36932,13.34166,12.16553,12.16553,12.16553,12.04159,12.0,11.0,11.0,11.04536,11.04536,10.04988,10.19804,9.21954,9.21954,9.48683,8.544,8.544,8.06226,7.2111,7.2111,85.63294,79.9062,84.40379,70.17834,71.8401,70.03571,65.60488,67.20119,55.21775,60.21628,53.85165,50.53712,54.20332,52.39275,49.39636,51.24451,48.50773,46.69047,46.38965,44.18144,52.0,45.27693,48.01042,48.25971,48.37355,51.78803,47.53946,56.75385,60.40695,59.77458,58.24088,65.80274,59.66574,66.76077,64.19502,72.18033,65.51336,66.28725,66.61081,65.27634,61.20457,66.0303,62.0,62.00806,62.39391,57.42822,58.0517,50.21952,56.08921,49.72927,45.88028,48.08326,46.23851,42.04759,44.41846,39.66106,36.23534,36.05551,36.67424,33.28663,33.28663,30.52868,33.30165,27.58623,24.04163,24.75884,20.51828,19.10497,19.84943,15.0,8.544,10.63015,10.44031,9.48683,10.19804,14.31782,14.42221,20.59126,20.61553,24.20744,29.69848,31.82766,34.82815,33.42155,40.45986,38.18377,43.13931,36.79674,46.01087,45.27693,44.59821,49.51767,50.24938,47.42362,50.24938,55.22681,58.00862,59.40539,56.0357,64.81512,61.40033,66.03787,65.76473,69.64194,71.19691,77.89737,75.80237,76.53757,81.88406,90.42677,79.92496,90.13878,88.75246,89.05055
13.60147,12.64911,13.0,11.7047,12.08305,10.77033,10.29563,10.29563,10.0,10.0,10.0,9.21954,9.89949,9.21954,9.21954,10.0,9.43398,9.43398,8.94427,9.84886,9.84886,10.44031,10.44031,11.40175,11.40175,11.40175,12.36932,12.64911,12.36932,13.60147,12.64911,12.64911,13.60147,13.0,13.0,12.52996,12.52996,12.20656,11.6619,11.40175,11.40175,11.40175,11.40175,10.63015,9.89949,9.89949,9.21954,8.60233,8.60233,8.06226,7.61577,6.7082,78.84795,78.58753,74.33034,73.76313,76.844,65.52099,63.56886,62.96825,58.69412,53.23533,54.12024,52.15362,54.3783,49.20366,49.20366,46.2277,50.44799,48.27007,44.40721,47.43416,51.0,50.11986,44.27189,50.59644,49.98,55.36244,56.04463,57.07013,59.03389,64.28063,59.84146,63.95311,65.30697,66.09841,70.61161,65.96969,70.5195,71.56815,71.51224,69.46222,67.35726,68.44706,67.08204,68.42514,59.5399,61.91123,56.85948,57.14018,54.81788,50.80354,52.49762,50.9902,50.24938,43.41659,42.05948,44.40721,36.67424,41.14608,33.83785,40.5216,35.90265,37.21559,32.0,27.0,30.41381,25.31798,23.0,19.0263,18.02776,17.02939,17.0,10.0,11.6619,8.48528,8.06226,9.21954,11.18034,12.0,18.11077,18.43909,24.33105,28.16026,29.41088,30.26549,34.52535,37.21559,39.81206,39.62323,40.4475,41.7732,42.57934,50.9902,49.24429,49.0408,48.76474,53.85165,53.14132,55.36244,60.53924,57.00877,63.97656,62.24147,69.46222,66.70832,67.60178,75.591,80.06248,77.36924,82.29824,86.00581,85.08819,94.02127,85.0,90.62009
13.45362,12.72792,11.31371,11.31371,11.31371,9.89949,10.0,10.0,9.43398,8.60233,8.94427,8.544,8.544,8.24621,8.24621,9.05539,9.05539,9.05539,8.0,9.05539,9.05539,9.05539,10.04988,10.19804,10.19804,11.40175,11.40175,12.16553,12.36932,13.34166,12.16553,13.15295,13.15295,12.04159,12.04159,12.0,13.0384,12.16553,11.18034,11.18034,11.40175,10.19804,10.44031,9.48683,9.48683,8.544,8.94427,8.06226,7.2111,7.81025,7.07107,6.40312,80.72174,75.66373,77.89737,70.00714,70.71068,59.66574,60.81118,60.20797,57.42822,54.3783,50.21952,47.01064,49.73932,50.9902,47.43416,46.57252,50.0,48.50773,42.29657,50.01,51.15662,49.0,47.51842,49.81967,51.97115,51.1957,52.88667,60.08328,62.0967,60.16644,62.96825,63.60031,65.25335,68.00735,67.91171,70.61161,69.12308,71.06335,68.35934,69.26038,66.18912,68.06614,68.02941,65.03076,60.03332,64.28063,59.84146,57.87055,49.0306,51.66237,48.38388,48.8467,45.18849,42.05948,42.72002,36.05551,36.87818,41.34005,38.94868,39.05125,36.79674,36.05551,32.75668,33.61547,30.46309,31.95309,27.51363,25.0,22.80351,19.23538,15.81139,8.544,8.544,8.60233,7.07107,5.83095,9.05539,7.07107,13.45362,17.69181,20.51828,27.58623,26.90725,29.0,31.89044,37.80212,39.05125,38.20995,44.68781,42.44997,42.52058,47.38143,45.25483,46.01087,48.9183,49.81967,51.08816,55.80323,58.60034,64.07027,61.91123,63.28507,68.00735,68.50547,69.64194,73.4983,77.52419,78.03204,80.26207,84.40379,81.8352,88.20431,86.60831,87.20665
14.03567,12.04159,13.15295,12.04159,11.18034,10.19804,10.44031,9.48683,9.48683,9.84886,8.544,8.94427,8.94427,8.60233,8.60233,9.21954,8.48528,8.48528,8.60233,8.60233,8.60233,9.43398,9.43398,10.29563,10.29563,9.84886,11.18034,12.08305,12.52996,12.52996,11.6619,12.52996,12.52996,11.6619,12.20656,12.04159,12.04159,11.31371,10.63015,10.63015,10.63015,10.0,10.0,8.60233,9.43398,8.06226,8.94427,7.61577,8.24621,7.07107,7.07107,6.0,85.32878,78.91768,80.06248,72.56721,68.06614,69.05071,64.32729,63.06346,58.82176,55.02727,59.5063,51.42956,52.35456,49.73932,51.88449,52.63079,52.49762,46.69047,46.69047,50.0,52.15362,43.82921,46.52956,50.56679,50.53712,57.38467,50.32892,58.18935,58.30952,61.03278,58.30952,64.84597,59.48109,66.40783,64.51356,71.30919,73.73602,70.93659,72.44998,67.54258,65.36819,64.2028,66.21933,63.89053,60.44005,56.22277,61.52235,58.0,53.15073,50.24938,48.27007,46.40043,46.32494,41.67733,44.38468,37.33631,35.69314,35.4683,37.65634,37.33631,35.0,34.0147,32.06244,29.15476,27.45906,27.29469,23.08679,21.0238,18.02776,18.02776,11.18034,12.04159,8.0,7.07107,4.12311,6.08276,5.83095,10.0,13.15295,17.11724,20.88061,27.20294,27.65863,31.40064,33.73426,34.52535,41.0,38.63936,43.56604,48.27007,42.2019,49.81967,50.28916,49.72927,53.75872,51.41984,54.70832,55.36244,60.16644,62.62587,64.07808,66.70832,71.55418,71.58911,68.8767,72.49828,79.30952,82.63776,82.07923,87.66413,86.16264,94.86833,94.25497,92.34717
13.15295,13.15295,12.16553,12.16553,10.19804,10.19804,10.19804,9.48683,9.48683,7.61577,8.94427,8.06226,8.60233,7.81025,7.81025,7.81025,7.81025,7.07107,7.2111,7.2111,8.06226,8.06226,8.06226,8.544,9.48683,9.48683,10.77033,10.77033,10.77033,10.77033,10.77033,11.18034,11.18034,10.81665,10.81665,10.81665,10.81665,10.0,10.0,9.89949,9.21954,9.21954,9.21954,8.60233,8.60233,8.06226,7.61577,6.7082,6.32456,6.32456,6.08276,6.0,84.29116,85.2115,82.0061,77.31753,74.0,70.34913,66.00758,68.00735,61.03278,57.14018,55.3263,52.34501,57.07013,47.07441,47.53946,49.24429,49.65884,45.48626,47.50789,44.29447,46.75468,42.0119,45.96738,43.86342,43.18565,46.8615,48.41487,49.64877,51.10773,55.47071,55.07268,59.68249,57.80138,64.3506,55.56978,64.3506,61.61169,66.70832,65.19202,62.28965,59.5483,61.6198,62.24147,61.55485,60.60528,56.40035,54.08327,56.0357,48.76474,45.17743,47.85394,44.94441,43.68066,42.2019,39.81206,33.37664,34.0147,37.94733,36.05551,34.0147,34.36568,31.40064,27.85678,27.20294,25.0,24.73863,19.31321,15.65248,14.56022,13.92839,9.84886,6.32456,4.0,2.82843,6.08276,11.0,14.03567,17.11724,18.11077,22.2036,26.1725,27.65863,32.38827,36.0,38.0,42.0119,45.39824,38.20995,51.0,47.01064,51.0392,52.03845,52.15362,51.0098,58.13777,54.33231,61.18823,60.67125,60.01666,70.85901,69.2315,70.40597,69.12308,75.70997,79.24645,81.58431,84.34453,86.12201,89.73851,93.64828,91.24144,95.88535,98.50888,95.13149
15.0333,15.0333,14.0,14.03567,13.0,11.0,11.04536,10.04988,10.04988,10.19804,10.19804,9.21954,9.21954,8.544,8.544,8.94427,8.06226,8.06226,8.60233,8.48528,8.48528,9.21954,8.48528,9.21954,10.0,10.0,10.81665,11.40175,11.40175,11.40175,12.04159,12.04159,12.04159,11.31371,12.72792,11.40175,11.40175,11.6619,10.81665,10.81665,11.18034,10.77033,9.84886,9.84886,9.48683,9.48683,9.21954,8.06226,8.06226,8.0,8.06226,7.07107,46.52956,44.14748,43.41659,38.83298,38.83298,35.51056,33.54102,33.54102,30.14963,29.42788,27.0,27.0,27.07397,27.01851,24.08319,23.5372,24.5153,21.58703,21.18962,22.84732,23.70654,21.0238,22.2036,22.2036,21.26029,23.43075,24.04163,27.01851,26.90725,28.01785,28.3196,30.23243,26.90725,30.80584,29.83287,32.55764,30.4795,32.55764,33.94113,30.4795,29.83287,31.40064,31.62278,33.28663,30.01666,28.17801,28.63564,27.73085,26.0,23.76973,24.35159,23.08679,22.80351,22.09072,20.0,19.0263,18.24829,17.72005,18.24829,17.0,16.12452,16.12452,14.56022,14.14214,13.34166,11.40175,9.48683,8.94427,7.28011,7.07107,5.09902,2.23607,3.16228,3.60555,5.38516,6.08276,6.0,10.04988,11.04536,11.0,15.0,16.0,17.02939,17.0,20.09975,21.37756,22.02272,20.22375,25.17936,24.02082,26.01922,27.07397,27.01851,26.0,29.06888,28.01785,31.01612,31.06445,34.23449,34.05877,36.22154,34.1321,38.11824,37.12142,38.47077,40.31129,41.19466,45.04442,46.04346,49.0102,45.0,50.03998,49.0408,49.0
13.89244,13.0384,12.08305,12.52996,11.18034,10.29563,10.77033,9.48683,9.48683,8.24621,9.21954,8.06226,8.06226,8.0,8.0,8.06226,8.06226,7.28011,8.24621,7.61577,7.61577,8.94427,8.94427,9.43398,9.43398,10.0,10.81665,10.81665,11.6619,11.6619,11.6619,11.6619,12.08305,11.18034,12.08305,10.77033,11.7047,11.40175,10.44031,10.44031,10.04988,10.19804,10.04988,9.05539,9.05539,8.0,8.0,8.06226,7.07107,7.28011,6.32456,6.32456,90.13878,82.20097,86.53323,76.6094,73.4983,71.02816,62.68174,68.00735,57.45433,59.48109,55.9017,48.33218,49.76947,48.46648,45.88028,45.54119,44.91102,42.0119,41.10961,42.0119,45.04442,41.30375,43.93177,41.23106,41.78516,44.59821,46.61545,48.02083,53.66563,57.45433,50.60632,58.18075,51.62364,61.77378,61.91123,63.52952,61.26989,59.94164,64.4748,60.00833,57.00877,65.0,59.90826,60.16644,54.91812,55.57877,58.54912,52.23983,50.08992,47.01064,47.09565,44.28318,40.4475,44.27189,38.8973,33.83785,36.71512,35.22783,36.13862,34.78505,33.83785,31.76476,32.44996,25.0,26.92582,22.2036,27.45906,20.80865,18.86796,20.12461,15.65248,15.23155,12.0,10.04988,12.16553,12.08305,12.20656,12.72792,20.61553,25.0,27.45906,25.6125,31.76476,32.75668,37.20215,37.80212,42.43819,35.51056,45.22168,43.26662,45.0,50.24938,51.62364,47.50789,54.626,51.89412,57.69749,56.35601,63.69458,65.0,64.2573,69.07966,75.02666,70.83784,76.844,80.99383,84.50444,84.75848,83.48653,90.47099,88.56636,97.9898,96.25487,93.64828
14.14214,14.14214,12.80625,13.45362,12.04159,11.40175,10.81665,10.81665,10.29563,8.94427,9.43398,8.544,8.544,8.24621,8.24621,8.06226,8.06226,8.0,8.0,8.06226,8.06226,8.24621,8.24621,9.48683,9.48683,10.44031,10.77033,10.77033,11.7047,11.7047,11.7047,11.7047,12.64911,12.36932,12.36932,12.36932,12.16553,12.04159,11.04536,11.04536,10.0,11.0,10.0,10.04988,10.04988,9.05539,9.21954,8.24621,8.544,7.61577,7.2111,7.2111,90.90655,86.55634,84.8646,80.1561,79.30952,68.88396,66.52819,67.89698,62.36986,53.8145,54.56189,51.86521,51.61395,49.09175,43.56604,45.69464,46.09772,43.73786,42.72002,40.31129,42.04759,40.0125,40.11234,42.42641,41.7732,44.64303,47.29693,48.10405,51.62364,56.36488,55.71355,59.03389,56.0803,58.18075,58.30952,60.44005,60.53924,66.40783,62.93648,66.94027,65.51336,66.75328,61.40033,65.49046,57.31492,59.3043,56.00893,53.00943,51.0392,49.25444,48.37355,48.27007,48.05206,38.60052,39.81206,39.81206,38.27532,40.80441,37.21559,38.01316,38.60052,33.24154,31.1127,30.4795,30.4795,28.3196,24.75884,19.84943,19.84943,22.02272,19.41649,17.0,14.31782,13.0384,14.03567,17.46425,18.24829,20.88061,22.82542,28.17801,28.84441,29.06888,32.75668,36.35932,40.60788,39.40812,42.43819,39.62323,45.60702,40.49691,42.0119,48.9183,52.40229,47.38143,53.75872,56.63921,58.25805,62.36986,63.12686,68.24954,67.80118,68.50547,66.0303,72.42237,76.55064,80.70936,83.48653,82.41966,90.97252,94.81034,88.86507,94.36631,98.4124,96.17692
14.42221,14.42221,13.0384,13.0384,11.6619,11.6619,11.18034,9.84886,9.84886,9.48683,9.48683,9.21954,8.24621,8.06226,9.05539,8.06226,8.06226,8.06226,8.24621,8.544,8.544,8.94427,8.06226,9.43398,10.29563,10.0,11.40175,10.81665,12.20656,12.20656,11.6619,11.6619,12.52996,12.52996,12.52996,12.08305,11.7047,11.7047,11.40175,11.40175,10.19804,11.18034,10.19804,10.04988,10.04988,9.0,9.0,9.05539,8.06226,8.24621,7.28011,7.61577,44.82187,43.60046,39.69887,39.69887,39.05125,35.0,34.82815,31.89044,31.1127,29.0,27.01851,25.6125,25.80698,23.02173,22.47221,23.76973,23.76973,19.92486,19.64688,19.41649,21.09502,21.0238,19.0263,20.22375,20.39608,22.80351,21.84033,23.4094,26.92582,26.57066,27.313,28.23119,29.54657,30.08322,29.06888,31.01612,31.7805,34.53983,32.57299,32.57299,31.04835,32.38827,31.257,33.37664,30.14963,30.06659,29.0,28.01785,26.01922,24.02082,25.07987,23.19483,24.18677,21.58703,22.13594,21.18962,19.72308,19.72308,20.61553,20.61553,16.97056,18.43909,15.81139,15.0,16.27882,15.0,12.20656,12.20656,10.0,11.40175,10.63015,9.21954,8.60233,8.94427,6.08276,8.06226,9.05539,11.0,11.7047,12.16553,12.64911,15.23155,17.46425,16.76305,17.88854,18.78829,21.09502,18.35756,21.47091,21.09502,21.63331,23.85372,25.6125,24.69818,25.0,27.65863,30.61046,28.28427,31.82766,31.1127,33.30165,33.97058,36.06938,37.01351,35.60899,38.01316,42.2019,41.72529,43.41659,46.69047,43.93177,48.10405,47.50789,46.69047
15.0,13.60147,14.21267,12.80625,12.04159,10.63015,11.31371,9.89949,9.89949,9.21954,9.21954,9.43398,8.06226,8.544,8.544,8.24621,8.06226,7.07107,8.0,8.0,8.06226,9.05539,8.06226,9.21954,10.19804,10.44031,10.44031,11.40175,11.40175,11.7047,11.40175,12.16553,12.36932,12.16553,12.16553,13.0384,12.04159,12.0,12.0,11.0,11.04536,11.04536,11.18034,10.19804,10.19804,9.21954,9.48683,8.544,8.544,8.06226,8.06226,6.40312,88.23831,85.0,84.21995,84.02381,79.02531,70.0,69.42622,65.29931,60.10824,56.63921,53.07542,52.49762,50.47772,45.48626,48.9183,46.52956,45.18849,38.60052,38.8973,39.45884,44.0,42.19005,40.79216,40.31129,43.56604,45.12206,48.76474,51.24451,50.0,54.08327,51.24451,56.30275,57.77543,63.90618,60.74537,64.51356,64.28841,66.09841,65.0,62.16912,67.08204,61.29437,63.00794,62.0,60.00833,60.07495,57.0,54.03702,49.25444,49.64877,47.67599,46.57252,41.48494,42.15448,40.70626,41.34005,36.40055,43.65776,41.18252,43.41659,39.40812,38.18377,34.71311,32.55764,30.61046,29.83287,31.89044,26.90725,24.83948,24.83948,21.26029,17.80449,20.24846,17.72005,16.27882,14.14214,17.0,22.80351,22.80351,24.69818,27.20294,29.73214,31.01612,31.01612,37.57659,39.11521,40.70626,36.24914,49.09175,46.32494,45.22168,49.20366,51.08816,48.60041,50.44799,52.34501,58.0,54.45181,62.28965,63.03174,66.6033,63.70243,72.42237,73.60027,74.63243,78.77182,82.46211,85.79627,85.91275,91.04944,90.02777,97.08244,97.62172,91.92388
15.0,15.0,14.42221,13.60147,13.0384,12.20656,11.6619,10.29563,10.29563,9.84886,9.48683,9.21954,9.21954,9.05539,8.06226,9.0,8.06226,8.06226,8.24621,8.24621,8.544,8.94427,8.94427,10.29563,10.29563,10.29563,10.81665,11.6619,12.52996,12.52996,12.52996,13.41641,13.41641,13.0,13.0,12.64911,12.64911,12.36932,12.36932,12.16553,11.18034,11.04536,11.04536,11.0,10.0,10.04988,9.05539,9.21954,8.24621,8.24621,7.61577,6.7082,46.69047,44.55334,43.27817,38.8973,39.69887,36.76955,34.05877,34.82815,30.61046,28.3196,27.45906,25.0,25.05993,24.59675,24.18677,21.84033,24.33105,21.2132,21.09502,20.0,22.09072,22.0,20.39608,21.84033,22.13594,24.04163,22.84732,25.4951,25.55386,27.29469,26.41969,29.15476,30.52868,30.01666,32.24903,32.24903,35.8469,34.88553,34.43835,34.53983,33.24154,33.83785,32.28002,33.24154,29.12044,31.40064,30.14963,29.27456,27.07397,27.01851,26.0,25.01999,24.18677,22.56103,19.92486,20.24846,20.12461,21.58703,22.47221,20.61553,21.47091,19.41649,20.0,17.80449,18.38478,17.80449,16.27882,13.45362,14.86607,13.41641,11.18034,10.81665,8.94427,9.48683,10.44031,10.04988,9.05539,10.77033,12.08305,12.08305,14.42221,14.76482,18.43909,16.12452,18.02776,20.0,20.61553,20.61553,24.83948,23.43075,23.34524,24.83948,25.4951,26.1725,27.65863,27.80288,28.84441,29.41088,31.62278,31.62278,36.89173,34.1321,36.24914,36.24914,39.35734,40.71855,44.28318,43.41659,46.14109,45.79301,46.32494,49.39636,47.16991,48.82622
14.0,13.0384,12.04159,12.04159,11.04536,10.04988,10.19804,10.19804,9.21954,8.544,9.48683,8.544,8.06226,8.06226,7.2111,7.81025,7.81025,7.81025,7.81025,8.06226,8.06226,8.94427,8.94427,9.48683,9.48683,9.48683,10.44031,10.44031,11.7047,11.7047,11.7047,12.08305,12.08305,11.18034,12.08305,11.6619,11.6619,11.40175,11.40175,11.40175,10.63015,10.63015,9.89949,9.89949,9.21954,9.21954,8.60233,8.60233,8.06226,7.61577,7.61577,6.32456,92.39589,87.13208,83.29466,80.30567,80.1561,70.11419,67.1193,69.02898,61.0082,60.00833,55.03635,56.32051,50.24938,46.38965,46.48656,44.38468,45.69464,42.04759,40.31129,38.58756,43.41659,39.69887,43.93177,43.27817,40.80441,42.43819,45.65085,49.76947,52.20153,53.31041,53.14132,56.921,55.15433,62.96825,60.08328,66.21178,65.39113,63.95311,69.11584,66.7308,63.63175,69.11584,66.0303,64.63745,60.44005,55.22681,59.4138,55.86591,53.07542,51.22499,47.01064,48.02083,48.25971,41.59327,40.24922,40.8534,36.67424,42.48529,45.54119,43.41659,44.14748,40.0,38.20995,33.01515,35.0571,33.06055,26.07681,30.01666,25.4951,24.08319,26.68333,23.08679,19.64688,22.47221,21.47091,19.84943,22.02272,22.67157,31.62278,30.23243,28.86174,31.01612,37.0,37.57659,41.23106,41.10961,47.29693,42.44997,50.96077,51.86521,49.24429,47.80167,50.9902,52.17279,54.08327,56.0357,60.03332,63.03174,67.18631,67.02984,68.02941,69.11584,72.24957,74.33034,80.22468,78.40918,84.29116,86.70063,90.60905,98.50888,88.14193,102.0784,99.04544,95.02105
13.92839,13.0,12.64911,11.7047,11.7047,10.44031,10.19804,10.19804,9.05539,9.05539,9.0,9.0,8.06226,8.06226,8.24621,8.544,7.61577,7.61577,8.06226,8.60233,8.60233,8.48528,9.21954,9.89949,9.89949,10.63015,10.63015,11.31371,11.40175,12.04159,11.31371,12.72792,12.72792,12.04159,12.04159,12.20656,12.20656,11.6619,11.6619,10.29563,11.18034,10.29563,11.18034,9.84886,9.84886,9.48683,8.24621,8.24621,8.24621,8.06226,7.0,7.0,88.11924,84.97058,81.15417,74.70609,72.49828,65.74192,69.07966,66.30988,60.40695,57.58472,55.36244,50.59644,50.80354,45.70558,42.29657,44.0,42.10701,44.40721,40.79216,39.29377,40.16217,40.49691,36.89173,42.43819,42.19005,44.04543,44.68781,47.50789,49.81967,53.75872,52.34501,58.72819,54.45181,61.6198,58.72819,65.8559,65.76473,61.52235,60.44005,64.81512,63.25346,64.40497,60.03332,62.17717,55.56978,59.94164,55.15433,57.38467,49.98,51.41984,46.57252,45.89118,44.72136,42.0119,39.0,38.0526,34.36568,42.19005,40.04997,38.32754,38.83298,33.95585,33.52611,32.89377,27.85678,30.46309,27.313,25.94224,22.47221,23.19483,21.58703,18.0,18.11077,20.61553,16.55295,18.38478,18.60108,22.02272,26.87006,29.73214,27.01851,32.64966,31.40064,39.20459,37.20215,38.41875,43.26662,43.26662,47.70744,46.04346,47.88528,49.73932,50.11986,50.08992,54.626,55.54278,59.80803,60.16644,61.03278,65.80274,66.70832,65.73431,71.16881,73.24616,75.9276,80.60397,79.07591,82.96987,85.14693,90.24965,84.75848,96.16652,91.39475,93.04837
14.14214,12.36932,12.36932,11.18034,11.40175,10.44031,9.84886,8.94427,8.94427,8.94427,8.06226,7.81025,7.81025,8.48528,7.07107,8.60233,7.2111,8.06226,7.61577,8.544,8.544,8.24621,8.24621,9.21954,9.21954,9.05539,11.04536,11.04536,11.04536,11.04536,11.18034,12.16553,12.16553,12.16553,12.36932,12.36932,11.7047,11.18034,11.18034,11.18034,11.18034,10.29563,10.29563,9.43398,9.43398,8.60233,8.60233,7.81025,7.07107,6.40312,7.2111,5.83095,82.0061,85.0,81.22192,73.06162,69.06519,67.02984,64.19502,64.19502,58.69412,56.56854,53.93515,48.05206,47.43416,45.54119,44.94441,41.67733,44.94441,39.66106,37.53665,38.18377,42.0119,37.53665,38.58756,40.31129,41.18252,44.72136,47.42362,48.70318,45.35416,50.96077,49.0408,53.16014,51.24451,57.97413,58.5235,60.08328,60.72891,61.13101,64.88451,59.23681,60.82763,59.05929,59.68249,58.30952,56.85948,58.00862,53.41348,53.41348,49.51767,45.96738,44.55334,43.27817,42.2019,42.19005,39.44617,34.0,33.52611,39.96248,38.07887,39.21734,36.13862,38.83298,35.22783,30.01666,32.14032,34.05877,26.0,27.16616,20.22375,19.31321,21.54066,18.38478,16.49242,19.10497,14.86607,18.60108,19.72308,19.41649,26.68333,25.29822,27.89265,31.04835,32.06244,34.36568,37.85499,39.81206,42.42641,40.4475,46.17359,48.6621,49.16299,50.03998,49.09175,50.03998,54.00926,52.00961,58.21512,56.32051,60.53098,61.66036,69.05071,69.2315,68.96376,68.65858,75.43209,77.12976,83.19856,82.9759,83.19856,91.41116,88.45903,94.04786,92.76314,87.69265
14.56022,12.64911,12.64911,12.64911,11.7047,10.44031,9.84886,9.84886,8.94427,8.94427,8.06226,8.60233,7.81025,7.81025,7.07107,7.2111,7.2111,7.2111,6.7082,7.61577,6.32456,7.28011,8.24621,8.24621,8.24621,9.05539,9.05539,10.04988,10.04988,11.04536,10.19804,11.18034,11.18034,10.19804,11.40175,10.44031,10.77033,9.84886,9.84886,8.94427,9.43398,9.43398,9.43398,8.60233,8.60233,7.81025,7.81025,7.81025,7.2111,7.2111,6.7082,6.32456,89.81091,82.28001,84.50444,76.6942,71.51224,70.2282,70.5762,68.54196,61.09828,58.69412,51.97115,51.0,51.62364,49.64877,45.22168,47.42362,45.25483,42.42641,41.86884,42.72002,40.31129,38.94868,42.15448,41.0,43.41659,42.2019,43.56604,46.27094,49.25444,52.0,52.15362,56.0357,54.03702,63.00794,56.32051,63.3877,66.1211,63.3877,64.32729,60.82763,59.48109,61.35145,57.58472,57.58472,55.9464,58.69412,54.70832,54.12024,46.64762,48.02083,45.0,46.8615,43.93177,40.31129,39.66106,38.47077,35.34119,41.67733,38.60052,38.8973,38.20995,39.05125,34.1321,31.40064,31.62278,28.84441,25.23886,26.40076,25.6125,22.2036,25.6125,17.69181,16.97056,18.78829,15.13275,19.41649,21.0238,24.18677,27.65863,29.83287,29.61419,33.73426,36.05551,38.60052,37.85499,42.72002,47.43416,37.69615,51.26402,48.38388,49.0408,53.85165,51.47815,53.85165,56.36488,59.03389,65.29931,63.50591,63.28507,67.74216,68.96376,69.64194,70.72482,73.23933,78.24321,77.62087,85.44589,84.59905,86.83893,94.15413,87.46428,99.985,96.25487,94.37161
14.31782,13.15295,13.15295,12.16553,11.18034,10.19804,11.04536,9.0,9.05539,8.06226,9.05539,8.24621,8.24621,7.61577,7.28011,8.06226,7.2111,7.2111,7.07107,7.07107,7.07107,7.81025,7.81025,8.06226,9.43398,9.43398,10.29563,10.81665,10.81665,11.6619,10.81665,11.40175,11.40175,11.40175,11.40175,11.31371,11.31371,10.63015,10.63015,10.0,10.0,10.29563,9.43398,9.43398,8.94427,8.544,8.24621,7.28011,7.28011,7.07107,6.0,6.08276,40.4475,40.79216,39.31921,37.33631,35.51056,34.36568,31.06445,31.14482,29.06888,28.07134,25.01999,25.07987,26.01922,23.19483,22.36068,22.56103,22.13594,19.31321,18.38478,18.78829,20.61553,19.20937,17.69181,19.79899,19.20937,18.60108,22.2036,23.60085,22.47221,24.69818,21.9545,25.94224,26.07681,26.83282,28.17801,27.78489,28.84441,31.62278,30.0,28.01785,28.42534,30.41381,29.73214,28.3196,26.24881,26.40076,26.40076,25.80698,23.32381,22.36068,21.47091,21.93171,19.31321,19.41649,20.22375,17.11724,16.0,21.09502,19.69772,20.24846,18.97367,18.24829,17.02939,16.49242,16.12452,15.13275,14.14214,14.03567,12.04159,12.64911,10.19804,8.24621,9.43398,10.63015,10.0,10.63015,10.63015,12.52996,12.08305,13.60147,14.86607,16.76305,19.64688,17.46425,18.24829,20.39608,22.56103,20.39608,23.5372,25.31798,23.08679,25.17936,27.16616,27.16616,29.06888,27.01851,29.0,30.01666,33.01515,36.05551,35.12834,33.06055,37.48333,35.35534,37.33631,39.31921,43.28972,42.19005,41.4367,43.10452,47.01064,49.0,46.01087,45.04442
13.89244,13.0384,12.52996,11.6619,11.18034,10.29563,9.84886,9.84886,9.48683,8.544,9.48683,8.06226,8.06226,8.06226,8.0,9.05539,8.06226,8.06226,7.28011,8.24621,8.544,8.544,8.544,8.94427,9.43398,9.43398,10.29563,11.6619,11.6619,11.6619,11.18034,11.18034,12.08305,11.7047,12.08305,11.7047,11.40175,11.18034,10.19804,10.19804,10.04988,10.04988,10.04988,9.05539,9.0,8.0,8.06226,8.06226,7.28011,7.28011,6.32456,5.83095,83.24062,88.32327,79.17702,73.06162,78.29432,68.26419,64.40497,64.49806,62.76942,56.85948,51.47815,49.0408,50.32892,43.41659,44.55334,43.01163,45.09989,39.20459,37.05401,41.97618,41.23106,41.7732,39.81206,39.56008,42.05948,44.72136,44.94441,45.80393,48.25971,53.2635,47.20169,52.43091,54.03702,59.20304,57.80138,57.98276,59.68249,60.41523,65.0,60.37384,62.6099,60.41523,57.27128,57.93962,52.81098,54.81788,53.60037,53.60037,44.91102,42.10701,46.0,47.04253,43.01163,43.41659,39.29377,34.20526,33.61547,37.65634,37.0,40.0,37.05401,39.31921,31.57531,30.08322,28.86174,25.70992,25.70992,28.16026,22.80351,22.09072,19.10497,16.03122,19.0263,17.72005,16.76305,21.09502,18.60108,19.79899,26.1725,24.41311,26.07681,31.62278,32.24903,35.0,39.44617,39.40812,43.41659,41.34005,45.27693,44.65423,47.16991,50.60632,51.42956,50.56679,56.64804,55.54278,61.03278,59.46427,63.32456,63.24555,68.70953,64.84597,70.34202,73.08215,76.92204,80.08121,83.24062,85.44004,87.86353,92.69844,91.70605,97.12363,93.98404,93.98404
13.60147,12.36932,11.40175,12.36932,11.18034,10.44031,9.21954,8.06226,9.05539,8.0,8.0,7.07107,7.07107,7.07107,7.28011,6.32456,6.7082,6.7082,6.40312,6.40312,6.40312,7.07107,7.07107,7.81025,7.81025,8.48528,9.21954,9.21954,10.63015,10.0,9.89949,9.89949,11.31371,10.63015,10.63015,10.0,10.0,9.43398,9.43398,9.84886,8.94427,9.48683,8.24621,8.24621,8.24621,7.07107,7.07107,7.0,6.0,6.08276,6.08276,5.38516,41.14608,40.24922,41.59327,37.58989,38.91015,35.77709,31.30495,30.8707,27.73085,26.92582,27.51363,23.4094,25.0,22.56103,22.56103,21.0238,22.0,21.09502,17.11724,20.22375,21.84033,17.72005,18.38478,18.02776,19.72308,21.0238,20.80865,21.93171,23.43075,24.75884,24.75884,25.0,25.6125,27.58623,26.90725,28.6007,30.52868,29.41088,28.84441,30.01666,28.6531,28.17801,27.73085,28.63564,27.20294,25.70992,26.92582,25.70992,23.34524,22.09072,21.0238,21.0238,20.09975,19.23538,18.24829,17.72005,16.15549,20.24846,19.23538,18.11077,20.02498,16.0,15.0333,16.12452,13.15295,15.29706,12.04159,12.04159,11.04536,10.0,10.19804,10.19804,10.44031,9.84886,9.84886,10.0,10.0,12.72792,14.21267,13.60147,14.42221,17.46425,18.97367,19.72308,21.47091,21.9545,22.36068,20.12461,23.70654,25.94224,25.07987,25.07987,28.23119,27.51363,28.16026,28.16026,30.80584,33.24154,33.73426,33.24154,35.69314,35.69314,36.87818,36.87818,40.02499,41.7732,41.97618,42.75512,46.69047,47.53946,44.14748,48.76474,49.72927,46.8188
13.41641,12.52996,12.08305,11.18034,11.18034,9.43398,9.84886,8.544,8.544,8.24621,8.24621,8.06226,7.07107,7.0,7.0,7.07107,7.07107,7.07107,6.32456,7.28011,6.32456,6.7082,6.7082,7.2111,8.06226,7.81025,8.60233,10.0,10.0,10.0,9.43398,9.43398,10.29563,10.29563,10.29563,9.84886,9.84886,9.48683,9.48683,9.21954,9.21954,9.05539,8.06226,8.06226,7.0,7.0,7.07107,7.07107,6.32456,5.38516,5.83095,5.83095,83.67198,85.49269,78.54935,81.5414,76.55717,67.54258,65.79514,65.55151,61.46544,53.85165,51.66237,51.92302,50.01,48.05206,45.70558,42.04759,45.04442,42.04759,39.20459,41.23106,42.72002,39.29377,39.81206,36.23534,41.14608,43.82921,44.20407,44.59821,48.27007,53.75872,48.79549,50.24938,54.03702,54.45181,58.0,58.25805,60.21628,55.60576,61.58734,57.98276,59.5399,58.18075,60.83584,58.60034,55.15433,55.54278,51.86521,51.24451,45.70558,46.87217,43.56604,45.27693,38.0,34.36568,38.20995,35.17101,30.36445,37.0,35.51056,37.48333,33.13608,33.01515,32.06244,27.07397,27.0,28.44293,27.07397,24.08319,23.02173,21.0238,20.22375,18.11077,17.46425,20.61553,19.69772,17.69181,22.67157,26.90725,27.65863,29.68164,32.69557,35.35534,36.67424,37.57659,41.14608,42.94182,46.09772,42.72002,48.46648,51.07837,49.98,54.42426,55.15433,56.30275,57.28001,57.97413,62.58594,59.90826,67.68309,69.12308,68.88396,68.06614,74.8131,77.10383,78.91768,77.78175,86.68333,85.32878,93.74433,88.29496,92.41753,98.48858,90.47099,94.55686
15.29706,14.31782,13.34166,13.34166,12.36932,11.40175,10.77033,10.77033,9.48683,8.94427,8.94427,8.60233,8.60233,7.2111,8.60233,8.48528,7.81025,7.81025,7.2111,7.2111,8.06226,7.61577,7.61577,8.544,9.48683,9.21954,10.44031,10.44031,10.44031,11.40175,10.44031,11.7047,11.7047,10.77033,11.18034,11.18034,11.18034,10.81665,10.81665,10.81665,10.63015,10.63015,9.89949,9.21954,9.21954,7.81025,8.60233,8.06226,8.06226,7.61577,7.28011,6.08276,86.49277,89.56004,81.04937,72.56721,75.50497,65.49046,69.05071,65.30697,60.44005,58.24088,53.75872,51.86521,49.64877,49.1935,43.08132,45.79301,43.26662,40.60788,38.94868,38.94868,39.69887,42.43819,40.24922,39.44617,41.59327,42.95346,44.94441,43.68066,46.61545,49.0306,48.10405,54.34151,54.40588,55.7853,56.75385,62.29767,58.94065,59.48109,58.30952,58.69412,62.6099,58.13777,58.83026,57.14018,54.3783,53.25411,52.20153,51.08816,44.59821,46.01087,44.59821,45.45327,40.60788,42.54409,36.40055,34.9285,30.08322,38.27532,36.79674,34.82815,37.20215,34.98571,30.52868,29.68164,27.73085,30.46309,25.05993,23.4094,22.82542,19.41649,18.38478,20.51828,19.23538,17.88854,18.43909,18.68154,24.33105,26.0,28.01785,30.14963,33.06055,34.23449,39.45884,40.1995,40.31129,42.10701,44.72136,47.51842,50.69517,50.01,53.36666,52.17279,51.92302,56.32051,57.28001,59.46427,63.32456,62.64184,66.70832,68.35203,71.30919,66.70832,71.19691,75.6439,77.02597,80.05623,89.05055,81.939,89.47067,93.92018,91.08238,94.55686,98.43272,95.18929
14.03567,13.0384,12.04159,12.04159,12.04159,10.04988,10.19804,10.19804,10.19804,8.544,9.48683,8.94427,8.94427,8.06226,8.06226,8.60233,7.81025,7.81025,7.81025,7.81025,7.81025,8.60233,8.60233,8.94427,8.94427,9.84886,10.77033,11.18034,11.18034,11.18034,11.18034,11.6619,11.6619,11.6619,12.20656,11.40175,11.40175,10.63015,10.63015,10.63015,10.63015,10.63015,9.21954,9.21954,8.60233,8.60233,8.06226,8.06226,7.61577,7.28011,7.28011,6.08276,86.05231,81.3941,82.05486,76.02631,74.02702,72.02777,64.00781,65.12296,55.00909,58.00862,52.34501,54.08327,52.15362,45.54119,46.09772,44.38468,44.01136,43.04649,41.34005,38.83298,43.84062,38.28838,40.36087,38.20995,39.69887,46.8615,43.82921,48.75449,46.06517,52.3259,52.39275,54.12947,56.36488,58.69412,57.38467,58.30952,59.48109,60.74537,60.80296,60.46487,56.85948,59.64059,57.38467,58.69412,55.86591,57.48913,52.80152,51.08816,49.40648,45.48626,45.79301,47.41308,41.62932,39.39543,37.65634,35.51056,34.36568,37.01351,35.8469,37.69615,36.05551,32.89377,32.28002,28.86174,28.28427,27.29469,22.2036,22.36068,19.23538,20.61553,21.09502,19.31321,17.80449,20.24846,18.60108,14.76482,21.37756,22.13594,28.4605,29.61419,30.41381,33.54102,38.20995,34.36568,40.4475,40.31129,45.17743,42.29657,48.25971,51.35173,47.09565,55.03635,50.03998,51.0098,53.15073,56.0803,61.81424,64.28063,62.96825,67.47592,68.73136,68.46897,70.61161,74.52516,77.46612,76.79193,81.88406,84.92938,88.07383,91.92388,86.37129,92.43917,94.33981,91.35097
13.0384,12.52996,11.18034,11.6619,11.18034,10.29563,9.84886,9.48683,8.544,8.24621,8.24621,8.06226,8.06226,7.0,8.0,8.06226,7.07107,7.28011,7.28011,7.28011,7.61577,7.61577,8.06226,8.94427,9.43398,9.43398,10.0,10.29563,11.6619,11.6619,11.18034,11.18034,11.18034,11.18034,11.7047,11.7047,11.40175,11.18034,10.19804,10.19804,10.04988,10.04988,9.05539,9.0,9.0,8.0,8.06226,7.07107,7.28011,7.28011,6.7082,5.83095,85.91275,85.42833,82.61961,75.74299,76.844,69.81404,70.0,64.3506,59.68249,57.14018,51.31277,51.97115,52.80152,48.10405,44.59821,44.91102,48.37355,42.04759,39.11521,40.0,40.31129,40.11234,37.10795,43.56604,42.72002,44.01136,49.24429,49.64877,48.02083,53.82379,52.69725,52.83938,54.3783,60.20797,61.40033,63.07139,65.0,62.24147,61.40033,61.40033,60.08328,63.32456,65.11528,64.53681,57.87055,59.84146,54.33231,52.03845,50.0,49.0102,47.51842,43.73786,45.12206,39.56008,42.72002,36.24914,34.48188,37.05401,37.12142,36.87818,34.48188,35.1141,31.01612,29.06888,28.17801,28.63564,26.40076,23.08679,19.31321,18.97367,18.43909,19.23538,16.03122,18.02776,17.08801,15.65248,17.88854,20.61553,25.45584,23.34524,27.65863,32.75668,34.4093,35.80503,40.22437,43.18565,43.82921,41.6173,47.01064,47.01064,50.47772,53.25411,54.08327,56.4358,57.69749,57.24509,64.4748,61.26989,63.32456,67.08204,74.32362,69.857,70.77429,76.96753,77.25283,81.43709,86.00581,85.79627,92.69844,90.82401,90.78546,97.04638,93.53609,98.27004
13.60147,13.60147,12.04159,12.04159,10.63015,10.63015,9.89949,9.21954,9.21954,8.60233,8.60233,8.06226,7.61577,7.28011,7.28011,7.07107,7.0,7.07107,7.0,8.06226,7.07107,8.24621,8.24621,9.48683,9.48683,9.48683,10.77033,11.40175,11.7047,11.7047,11.40175,11.40175,12.36932,11.18034,11.18034,11.04536,12.04159,11.0,11.0,11.04536,10.04988,10.04988,9.21954,9.21954,8.544,8.544,7.61577,7.61577,7.2111,6.40312,5.65685,5.65685,82.13404,77.98718,73.0,73.24616,73.66139,65.11528,63.78087,60.81118,57.98276,53.74012,50.44799,45.80393,46.32494,46.32494,41.88078,40.31129,41.14608,38.83298,38.07887,38.20995,41.0,37.05401,37.33631,38.47077,38.07887,42.2019,38.60052,44.38468,48.33218,49.24429,50.56679,57.00877,51.89412,57.93962,56.85948,58.82176,62.62587,60.44005,61.84658,60.44005,56.88585,58.85576,56.22277,59.13544,54.08327,57.07889,53.15073,52.46904,47.38143,44.40721,45.12206,45.88028,40.5216,38.91015,38.07887,32.75668,34.05877,36.87818,34.78505,36.23534,35.35534,29.83287,32.75668,31.241,31.82766,28.6007,20.24846,23.60085,21.09502,21.47091,17.72005,14.86607,18.97367,21.0,22.0,14.76482,15.26434,18.35756,21.09502,25.94224,26.1725,32.75668,36.06938,35.60899,38.83298,38.28838,45.45327,39.82462,52.80152,48.9183,49.49747,52.49762,52.34501,55.17246,53.07542,55.17246,60.60528,58.41233,66.06815,66.28725,71.02816,69.2026,71.34424,76.40026,77.10383,75.47185,83.60024,88.40814,87.65843,87.61849,88.52683,95.26804,94.49339,91.5478
13.45362,12.72792,12.04159,12.04159,10.63015,10.63015,10.0,9.43398,9.43398,8.06226,8.94427,8.544,7.61577,8.24621,7.28011,8.06226,8.0,8.0,8.06226,8.06226,8.24621,8.24621,8.24621,9.48683,9.48683,9.84886,10.77033,11.7047,11.7047,11.7047,11.7047,11.40175,12.36932,11.40175,12.36932,11.18034,12.04159,11.04536,11.04536,11.0,10.0,11.04536,10.04988,10.04988,9.05539,8.06226,8.24621,7.28011,7.28011,7.61577,6.7082,6.40312,91.28527,86.40602,79.64923,77.82031,75.23962,71.11962,64.4748,65.29931,61.58734,57.45433,53.00943,49.20366,50.32892,46.66905,43.18565,44.40721,46.04346,43.01163,38.07887,39.44617,41.76123,40.5216,39.45884,39.31921,42.75512,47.0,41.01219,51.08816,52.08647,54.58938,53.23533,57.70615,54.14795,58.54912,59.68249,61.0,63.1981,63.00794,64.03124,57.00877,57.55867,61.81424,66.37017,58.46366,59.20304,53.75872,52.0,51.07837,49.39636,48.75449,48.76474,46.06517,43.01163,38.28838,38.94868,38.20995,33.6006,42.05948,39.40812,36.87818,36.12478,36.12478,35.60899,32.75668,31.06445,30.52868,26.62705,25.23886,18.43909,19.84943,17.69181,17.02939,15.26434,14.42221,14.31782,17.0,16.12452,21.37756,24.04163,24.35159,28.79236,30.08322,35.34119,35.4683,41.23106,37.64306,46.95743,43.38202,50.32892,46.09772,46.06517,51.97115,52.83938,53.7122,57.80138,56.35601,59.90826,61.85467,61.22091,68.24222,71.21798,72.47068,71.58911,75.74299,78.56844,80.28076,85.91275,88.09086,86.68333,93.74433,88.60023,96.79876,97.41663,95.71834
14.56022,13.34166,13.15295,12.16553,11.18034,11.18034,10.04988,10.04988,10.0,9.05539,9.05539,9.21954,8.24621,8.24621,7.61577,8.94427,8.06226,8.06226,7.81025,7.81025,7.81025,8.48528,8.48528,10.0,10.0,10.0,10.81665,11.40175,11.40175,12.20656,11.40175,12.04159,12.04159,12.04159,12.72792,12.04159,12.04159,11.40175,11.40175,10.81665,10.81665,10.29563,10.29563,9.43398,9.84886,8.94427,8.544,8.24621,8.24621,8.06226,7.07107,7.0,43.86342,43.86342,39.56008,39.92493,38.27532,34.0147,34.17601,33.24154,31.62278,27.51363,27.65863,24.33105,26.30589,24.18677,23.02173,25.17936,23.34524,20.61553,19.41649,20.61553,21.9545,20.61553,20.80865,21.63331,22.47221,22.47221,24.04163,24.75884,25.4951,27.80288,26.24881,28.42534,28.42534,29.73214,31.89044,29.69848,33.24154,32.55764,32.80244,32.01562,32.20248,33.42155,31.06445,32.44996,29.52965,30.88689,27.85678,27.313,26.0,26.57066,22.56103,23.34524,21.37756,21.0238,20.0,19.0263,18.02776,19.23538,18.0,19.0,18.02776,17.11724,15.52417,14.86607,12.64911,13.0,11.7047,12.36932,11.40175,10.44031,9.0,7.07107,7.0,8.544,7.28011,8.06226,7.07107,9.21954,11.40175,12.52996,11.6619,15.26434,17.08801,17.08801,18.02776,18.78829,20.61553,22.47221,21.93171,24.16609,23.25941,25.05993,25.63201,27.313,26.4764,30.59412,31.40064,32.98485,32.38827,32.75668,34.52535,34.36568,37.12142,34.71311,38.47077,41.59327,42.57934,42.29657,46.17359,45.54119,44.38468,49.81967,45.12206,45.60702
13.0384,12.52996,11.6619,11.6619,10.29563,10.29563,9.48683,8.544,8.544,7.28011,8.24621,8.06226,7.07107,7.0,7.0,7.07107,7.07107,6.08276,6.32456,6.7082,6.7082,6.7082,7.2111,7.81025,8.60233,8.60233,9.21954,10.0,10.0,10.0,10.0,10.81665,10.81665,10.81665,10.29563,9.84886,10.77033,9.48683,9.48683,9.48683,9.21954,9.21954,9.05539,9.05539,8.06226,7.0,7.0,7.07107,6.08276,6.32456,5.38516,5.83095,41.10961,41.7732,41.23106,35.80503,36.89173,34.82815,30.0,30.23243,26.62705,27.78489,24.59675,23.25941,24.69818,22.13594,21.18962,20.09975,22.56103,19.10497,19.0263,18.11077,18.68154,20.39608,19.69772,19.69772,20.24846,20.12461,21.9545,22.80351,23.02173,26.40076,25.80698,26.87006,25.4951,29.69848,27.01851,30.61046,30.80584,30.61046,29.41088,29.41088,29.15476,29.96665,29.06888,28.63564,28.23119,29.15476,27.51363,25.63201,25.4951,22.56103,22.56103,21.2132,21.09502,20.0,18.11077,17.26268,16.76305,19.64688,17.88854,17.88854,18.35756,18.02776,17.02939,14.21267,14.86607,14.86607,12.20656,12.04159,10.0,9.43398,8.06226,8.544,10.19804,8.0,9.0,9.21954,11.40175,11.18034,11.6619,14.42221,15.0,16.27882,16.40122,18.60108,21.40093,20.51828,22.62742,21.2132,24.04163,24.04163,25.6125,25.4951,27.01851,28.3196,28.42534,28.42534,30.23243,32.20248,32.24903,32.75668,33.12099,36.35932,36.24914,37.12142,39.35734,40.31129,42.48529,43.41659,44.72136,46.52956,45.27693,48.02083,47.88528,48.54894
12.80625,12.80625,11.31371,11.40175,10.63015,9.21954,9.89949,9.21954,9.21954,7.81025,7.2111,8.06226,6.7082,6.7082,6.7082,7.07107,6.08276,7.07107,7.0,7.07107,7.07107,7.07107,7.07107,7.28011,8.544,8.544,8.544,9.48683,9.48683,9.48683,9.48683,10.44031,10.44031,10.19804,10.19804,10.04988,10.04988,10.0,9.0,10.0,9.05539,9.05539,9.05539,8.06226,7.28011,7.28011,7.61577,7.61577,6.7082,6.40312,6.40312,5.65685,88.48164,80.99383,85.0,77.20104,71.8401,72.00694,66.21933,68.24954,54.56189,58.69412,54.45181,46.75468,50.44799,45.80393,43.01163,41.67733,43.86342,39.56008,38.62642,35.90265,42.42641,40.31129,40.0125,42.0,39.31921,44.28318,42.2019,42.72002,48.50773,50.56679,48.70318,57.00877,49.98,59.23681,52.0,61.61169,59.22837,62.0967,61.98387,60.82763,56.88585,60.20797,58.0,57.07889,59.00847,50.03998,53.23533,50.35871,51.78803,47.29693,46.17359,42.37924,43.65776,36.71512,39.82462,38.01316,35.38361,38.8973,40.24922,33.28663,40.45986,35.4683,34.05877,29.06888,29.06888,31.1127,22.02272,25.4951,22.02272,20.80865,21.09502,18.35756,13.60147,16.03122,16.03122,18.24829,19.10497,19.92486,24.16609,23.76973,30.88689,31.38471,34.4093,35.8469,41.67733,41.6173,44.40721,38.83298,49.73932,48.25971,50.47772,51.86521,53.60037,51.40039,54.48853,58.0517,61.55485,66.48308,62.93648,70.72482,68.88396,69.42622,77.00649,74.41102,73.87828,78.49204,80.72174,87.20665,88.72993,96.16652,84.8646,97.58074,99.82485,92.19544
13.0384,12.20656,12.20656,12.20656,10.0,10.0,9.89949,9.21954,8.48528,7.81025,7.81025,7.2111,7.2111,6.7082,6.7082,7.28011,7.28011,7.07107,6.08276,7.0,7.0,7.0,7.07107,7.07107,8.24621,8.24621,8.24621,9.21954,9.21954,10.44031,10.19804,10.19804,10.19804,10.04988,10.04988,10.0,10.0,9.05539,9.05539,9.05539,9.21954,9.21954,8.24621,8.24621,8.544,7.61577,8.06226,7.2111,6.40312,6.40312,5.65685,5.83095,91.3017,84.72308,81.8352,76.02631,71.69379,71.69379,61.40033,66.57327,55.07268,59.40539,52.49762,45.34314,50.24938,43.13931,43.18565,44.40721,45.48626,38.47077,38.47077,38.07887,40.02499,33.83785,40.02499,40.0125,43.01163,43.01163,42.10701,45.27693,47.09565,50.69517,49.64877,54.74486,52.46904,62.514,57.70615,63.00794,63.3877,60.53098,63.00794,58.00862,59.03389,60.40695,59.4138,58.54912,58.46366,53.85165,56.61272,47.43416,46.09772,41.23106,47.01064,44.41846,41.40048,37.20215,39.05125,34.05877,34.05877,39.0,36.35932,35.77709,37.80212,31.241,33.94113,28.3196,26.90725,27.58623,21.93171,22.62742,18.60108,21.40093,21.63331,15.65248,14.42221,17.72005,19.0263,20.39608,19.69772,22.36068,26.0,24.59675,31.7805,34.48188,33.83785,36.71512,40.81666,41.14608,49.39636,45.80393,52.35456,50.60632,47.88528,51.86521,53.85165,55.21775,57.38467,57.48913,61.7171,68.68042,64.53681,71.58911,70.00714,70.0928,76.38063,75.74299,80.72174,83.45058,84.8646,83.4386,89.10668,97.08244,87.11487,96.26006,94.64143,92.00543
14.31782,13.15295,13.0384,12.16553,12.16553,11.04536,10.04988,10.0,9.0,9.05539,9.05539,8.06226,8.24621,8.24621,7.28011,8.06226,7.2111,7.2111,7.2111,7.81025,7.07107,7.81025,7.81025,8.60233,8.60233,8.60233,9.43398,10.81665,10.81665,10.81665,10.81665,11.40175,11.40175,10.63015,10.63015,11.31371,11.31371,10.63015,10.0,10.0,10.0,10.29563,9.43398,8.94427,8.544,8.544,8.24621,7.28011,8.24621,7.07107,7.0,6.08276,45.88028,42.15448,44.59821,39.84972,37.94733,37.33631,33.83785,33.24154,30.59412,30.08322,28.44293,25.17936,26.1725,25.01999,24.02082,22.0,24.08319,22.2036,19.23538,20.88061,21.93171,18.78829,19.72308,20.0,21.40093,22.2036,22.02272,24.04163,23.43075,27.01851,25.45584,27.58623,28.3196,31.14482,27.01851,32.55764,32.64966,32.52691,31.241,31.241,29.20616,30.23243,29.15476,30.01666,30.01666,28.17801,28.23119,26.92582,25.63201,25.63201,24.73863,23.08679,22.36068,19.0,21.0,19.10497,16.27882,18.97367,17.26268,18.02776,19.0263,18.02776,17.11724,13.0384,15.0333,12.0,10.19804,10.19804,11.18034,9.05539,9.21954,9.21954,8.06226,9.43398,9.43398,10.63015,10.81665,12.20656,11.7047,13.92839,16.15549,16.49242,15.52417,20.24846,20.61553,22.47221,24.35159,20.88061,24.35159,27.20294,26.57066,28.63564,28.63564,28.86174,29.83287,28.86174,32.38827,32.24903,33.24154,37.21559,37.05401,37.33631,39.05125,40.11234,41.04875,43.04649,42.29657,45.54119,48.37355,48.6621,46.38965,50.01,50.35871,46.87217
13.15295,12.16553,11.04536,12.04159,11.04536,10.04988,9.0,9.0,9.0,8.06226,8.06226,7.28011,7.28011,6.7082,6.7082,7.2111,6.40312,6.40312,6.40312,6.40312,7.2111,7.2111,7.2111,7.61577,7.61577,8.544,8.544,9.84886,9.84886,10.44031,9.84886,10.77033,10.29563,10.29563,10.81665,10.29563,9.43398,10.0,9.21954,9.21954,9.21954,9.21954,8.48528,7.81025,7.2111,7.2111,6.7082,6.7082,6.32456,6.32456,6.08276,5.0,43.93177,41.23106,42.75512,38.63936,37.48333,31.7805,30.41381,31.257,28.16026,28.07134,26.07681,24.08319,23.02173,22.2036,20.09975,21.58703,21.54066,20.24846,17.46425,17.88854,21.09502,19.20937,19.84943,18.38478,18.60108,21.40093,20.24846,22.47221,22.36068,25.4951,23.70654,25.94224,23.32381,28.17801,25.94224,30.52868,29.15476,28.6531,28.01785,27.80288,28.01785,29.73214,28.3196,29.73214,26.90725,25.4951,26.62705,25.80698,22.47221,23.02173,22.2036,21.9545,21.0238,18.43909,18.43909,17.26268,17.0,19.69772,18.97367,19.41649,18.43909,18.11077,17.02939,15.0333,15.13275,14.0,13.15295,11.04536,12.16553,12.16553,9.48683,10.44031,8.544,8.60233,8.06226,9.21954,9.89949,10.77033,13.89244,12.08305,15.81139,17.08801,17.11724,18.02776,19.31321,20.24846,24.73863,21.18962,25.4951,25.4951,25.31798,26.30589,27.45906,25.31798,28.16026,28.16026,33.06055,33.01515,32.0,34.0147,36.01389,37.01351,36.22154,38.0526,41.04875,42.10701,42.0,44.01136,47.04253,48.01042,44.0,49.09175,50.01,48.09366
15.29706,14.31782,13.34166,13.34166,12.36932,11.18034,11.40175,10.77033,9.84886,9.84886,8.94427,8.60233,8.06226,7.81025,7.81025,8.48528,7.2111,7.2111,6.7082,7.61577,7.61577,7.28011,7.28011,8.24621,9.21954,9.05539,10.04988,11.18034,10.04988,11.04536,10.19804,11.18034,11.18034,11.40175,11.40175,11.40175,11.7047,10.77033,11.18034,10.29563,10.29563,9.43398,9.43398,9.21954,9.21954,8.48528,8.48528,7.81025,7.81025,7.2111,6.7082,6.32456,44.38468,40.60788,42.2019,37.10795,38.07887,37.10795,32.75668,36.13862,30.08322,27.20294,28.63564,25.94224,25.4951,21.93171,23.70654,21.40093,22.02272,21.93171,19.84943,19.41649,21.09502,20.59126,20.61553,20.24846,20.88061,21.58703,19.10497,23.19483,23.08679,25.01999,24.08319,26.01922,26.1725,29.27456,25.01999,31.257,30.14963,31.257,29.42788,28.63564,27.65863,30.36445,30.36445,28.16026,29.15476,26.41969,28.84441,25.94224,24.69818,24.69818,23.02173,22.67157,21.93171,19.20937,20.0,18.35756,18.35756,20.51828,18.43909,17.02939,18.60108,18.02776,15.81139,15.26434,15.0,13.41641,11.6619,11.6619,10.81665,10.63015,10.81665,9.43398,10.63015,7.2111,8.544,10.19804,10.04988,12.16553,14.03567,14.0,14.14214,15.0333,19.23538,19.10497,22.56103,21.37756,25.0,22.80351,26.68333,25.96151,25.96151,28.4605,28.16026,27.51363,29.73214,31.38471,35.8469,34.0147,34.0147,36.67424,38.01316,39.35734,39.11521,39.44617,40.31129,42.54409,45.17743,44.72136,44.72136,51.07837,43.46263,50.92151,51.47815,47.53946
13.34166,12.36932,11.7047,11.40175,10.44031,9.48683,9.48683,8.544,8.06226,8.06226,8.06226,7.2111,7.07107,7.07107,6.40312,6.40312,5.83095,5.83095,6.32456,6.32456,7.28011,7.07107,7.07107,8.06226,8.06226,8.06226,9.0,10.04988,10.0,11.0,10.04988,10.04988,11.04536,10.19804,10.19804,10.44031,10.44031,9.48683,9.84886,8.94427,8.94427,8.06226,8.60233,8.06226,7.81025,7.81025,7.07107,7.07107,6.40312,5.83095,5.83095,5.38516,87.09765,86.49277,81.25269,75.18643,75.9276,71.19691,66.28725,64.28841,56.04463,55.97321,52.81098,51.62364,46.51881,41.62932,43.41659,44.20407,36.23534,40.45986,37.48333,34.66987,40.22437,36.89173,39.35734,36.76955,40.26164,42.44997,41.23106,45.89118,48.83646,50.08992,47.26521,51.35173,51.62364,56.4358,57.07889,60.01666,60.20797,60.01666,59.43904,58.69412,58.5235,59.61543,59.23681,54.56189,55.07268,55.07268,55.22681,50.80354,45.48626,45.27693,43.84062,45.34314,41.03657,37.44329,39.96248,32.20248,28.23119,38.60052,39.20459,35.35534,40.36087,32.44996,32.64966,31.62278,29.68164,27.29469,27.313,23.85372,23.34524,25.4951,22.2036,19.10497,18.60108,19.72308,18.97367,19.64688,14.03567,21.0,28.0,26.30589,31.40064,30.59412,33.73426,38.83298,41.23106,41.23106,48.76474,44.14748,49.72927,50.0,50.59644,53.45091,54.78138,57.00877,59.80803,58.18075,66.70832,64.40497,67.53518,71.17584,72.06941,74.70609,76.66159,73.92564,81.12336,83.35466,86.76405,88.14193,94.51455,93.94147,93.0215,104.75209,102.52804,97.40637
12.52996,12.52996,11.7047,12.08305,9.84886,9.84886,9.48683,8.544,8.24621,7.07107,7.07107,7.0,7.0,7.07107,7.07107,6.32456,6.32456,6.7082,6.7082,7.2111,7.2111,7.81025,7.81025,7.81025,8.48528,9.21954,9.89949,9.89949,11.31371,9.89949,10.63015,11.40175,11.40175,10.0,10.81665,10.81665,10.29563,10.29563,9.84886,9.84886,9.48683,9.48683,8.24621,8.24621,8.24621,7.07107,7.0,7.0,6.0,6.08276,6.08276,5.38516,42.05948,41.6173,38.94868,36.89173,38.94868,33.61547,34.98571,32.44996,29.06888,25.4951,25.07987,24.69818,23.08679,22.56103,22.80351,21.0,22.0,18.11077,18.11077,19.64688,19.64688,18.97367,17.0,18.86796,18.86796,22.47221,23.60085,22.02272,22.67157,23.34524,24.04163,26.1725,27.65863,28.3196,27.58623,29.06888,27.01851,29.20616,30.61046,29.68164,30.01666,29.15476,30.52868,30.8707,25.07987,28.79236,25.96151,26.24881,23.4094,24.5153,23.34524,20.22375,20.02498,19.0263,18.11077,17.26268,15.23155,21.09502,19.10497,20.22375,18.68154,18.43909,16.15549,15.81139,18.02776,14.86607,13.60147,12.64911,11.40175,11.40175,12.16553,9.0,7.0,10.0,10.44031,8.06226,9.43398,11.40175,13.45362,13.45362,15.6205,15.26434,18.60108,19.72308,20.61553,23.60085,22.2036,22.47221,23.60085,25.23886,24.18677,26.92582,26.07681,29.52965,29.06888,27.85678,31.01612,31.38471,35.1141,33.61547,37.94733,33.83785,36.05551,38.27532,39.56008,40.80441,46.48656,44.92215,46.48656,44.77723,46.61545,50.32892,47.01064,49.65884
14.86607,14.14214,13.45362,12.72792,12.04159,11.31371,10.63015,10.0,10.0,9.43398,8.94427,8.94427,7.61577,7.61577,7.28011,8.06226,8.0,7.0,7.0,7.07107,7.07107,8.24621,7.28011,8.544,8.544,9.84886,9.84886,10.77033,10.77033,11.18034,10.77033,11.7047,11.7047,11.40175,11.40175,11.18034,11.18034,11.04536,10.04988,10.04988,10.0,10.0,10.04988,9.05539,9.05539,9.05539,8.24621,7.28011,7.61577,8.06226,7.2111,6.40312,87.04596,84.95881,80.62258,78.49204,75.0733,69.35416,69.35416,62.96825,58.69412,50.93133,55.44367,50.0,48.60041,45.79301,46.32494,40.31129,44.77723,41.48494,36.87818,39.45884,39.0,38.20995,38.11824,38.47077,40.26164,41.76123,44.01136,47.92703,43.46263,49.24429,51.07837,50.56679,52.39275,55.03635,58.18075,56.85948,58.87274,59.48109,61.68468,58.94065,63.95311,60.40695,59.5399,58.42089,55.08176,56.00893,52.03845,53.03772,47.51842,40.60788,43.41659,43.41659,41.48494,40.24922,38.07887,33.6006,34.20526,39.11521,37.10795,37.10795,36.40055,35.35534,29.54657,26.40076,27.29469,27.29469,28.30194,23.85372,23.25941,21.18962,21.0238,18.68154,20.22375,21.37756,18.0,13.92839,18.38478,19.72308,27.58623,26.62705,26.1725,30.80584,33.94113,36.06938,40.31129,41.03657,45.96738,43.86342,50.20956,45.25483,51.08816,53.15073,53.15073,58.13777,59.03389,56.72742,65.19202,62.43397,67.6757,66.0303,74.62573,69.11584,76.48529,76.00658,79.64923,82.49242,90.55385,86.53323,93.29523,92.00543,90.21086,100.4241,94.81034,97.94897
14.14214,14.14214,12.80625,12.72792,12.04159,11.40175,10.0,9.43398,9.43398,8.94427,8.94427,8.94427,8.544,7.28011,7.28011,7.07107,7.0,7.0,7.07107,7.07107,7.28011,8.544,7.61577,8.544,9.84886,8.94427,9.43398,9.84886,11.18034,11.18034,11.18034,11.18034,10.77033,10.77033,11.7047,11.40175,11.18034,10.19804,10.19804,10.04988,10.04988,10.04988,10.0,9.0,9.05539,8.06226,8.24621,8.24621,7.28011,7.61577,6.7082,6.40312,88.4138,85.04117,85.79627,77.98718,70.0928,69.31089,65.06919,64.03124,58.13777,56.22277,55.80323,49.92995,50.60632,44.29447,42.04759,43.01163,43.41659,38.63936,39.31921,31.01612,38.01316,33.01515,37.85499,36.40055,40.8534,39.84972,39.39543,42.94182,46.06517,49.64877,47.01064,52.43091,52.15362,58.83026,54.08327,62.6099,61.29437,58.66856,62.76942,60.92618,60.83584,62.96825,58.69412,56.32051,55.31727,50.9902,54.23099,54.08327,48.0,49.0,45.0,42.19005,39.01282,39.84972,39.56008,34.9285,32.64966,34.71311,36.13862,35.1141,36.76955,32.64966,30.52868,33.83785,29.41088,24.41311,26.92582,24.18677,19.72308,20.61553,16.76305,16.55295,18.02776,17.02939,17.11724,15.0333,18.38478,20.12461,26.40076,25.80698,28.3196,32.01562,32.55764,35.38361,38.20995,36.76955,49.51767,41.03657,53.03772,53.03772,49.57822,53.8145,55.31727,54.56189,57.80138,57.2014,63.60031,62.43397,63.81222,70.72482,69.11584,69.97142,80.06248,77.89737,79.40403,80.5295,84.90583,87.66413,94.8736,95.18929,90.97252,101.51355,101.2571,95.77578
13.0,12.04159,12.04159,11.04536,10.04988,9.05539,9.21954,8.24621,8.24621,7.61577,7.61577,7.2111,7.2111,7.2111,6.40312,7.07107,6.40312,6.40312,6.7082,7.61577,7.61577,7.28011,7.28011,8.24621,8.24621,9.05539,10.04988,10.19804,10.19804,11.18034,11.18034,11.18034,11.40175,11.40175,11.40175,11.7047,10.77033,10.29563,10.29563,10.29563,9.43398,9.43398,8.60233,8.60233,7.81025,7.81025,7.07107,7.07107,6.40312,6.7082,5.83095,5.38516,41.30375,42.42641,41.10961,38.20995,37.01351,33.13608,33.13608,30.06659,28.0,26.01922,27.01851,24.33105,23.34524,23.5372,21.58703,20.61553,21.54066,17.49286,17.49286,17.69181,18.38478,16.97056,17.49286,17.49286,19.69772,21.0238,22.47221,21.18962,22.80351,24.73863,25.96151,27.20294,27.51363,28.16026,28.4605,27.85678,28.4605,29.15476,30.8707,30.88689,29.54657,30.88689,28.30194,28.84441,25.80698,27.80288,26.90725,25.6125,24.08319,22.67157,22.80351,23.43075,20.61553,19.23538,19.69772,18.38478,15.81139,20.24846,18.68154,19.64688,18.24829,17.11724,17.0,17.02939,15.0333,16.12452,14.0,14.03567,12.0,12.04159,11.04536,8.24621,8.544,9.43398,8.94427,9.21954,10.81665,10.81665,12.08305,11.7047,14.56022,15.81139,15.29706,18.02776,19.64688,20.88061,24.5153,21.37756,24.33105,26.4764,24.5153,27.45906,27.07397,27.07397,28.01785,28.0,32.0,33.01515,34.0147,35.0,37.05401,34.23449,37.12142,39.01282,39.62323,40.11234,41.10961,43.28972,45.27693,47.04253,45.04442,50.03998,49.0,46.0
13.0,12.64911,11.40175,10.77033,9.48683,9.48683,9.21954,8.24621,8.06226,7.07107,7.07107,7.0,6.08276,6.08276,6.08276,5.38516,5.83095,5.83095,5.0,6.40312,5.65685,6.40312,6.40312,7.2111,7.2111,8.06226,8.94427,8.60233,9.43398,8.94427,9.43398,9.43398,10.0,10.0,10.0,9.89949,9.89949,9.21954,9.21954,9.21954,8.60233,8.06226,8.06226,8.06226,7.61577,7.61577,6.32456,6.32456,6.08276,6.0,5.0,5.09902,44.29447,44.28318,41.78516,40.24922,37.57659,35.77709,35.4683,32.69557,28.23119,26.57066,24.73863,23.08679,22.56103,22.36068,21.09502,20.02498,19.0263,19.23538,16.27882,16.76305,20.61553,17.46425,17.20465,17.80449,18.38478,19.84943,23.34524,22.2036,22.80351,25.23886,23.60085,25.94224,24.20744,28.30194,29.68164,29.83287,29.83287,29.06888,31.1127,29.0,30.41381,30.41381,30.0,30.4795,26.62705,27.45906,25.55386,26.83282,23.70654,23.76973,23.76973,21.54066,21.2132,19.10497,20.02498,18.02776,17.02939,20.22375,18.02776,19.0,20.02498,19.23538,18.68154,16.49242,15.81139,15.81139,13.34166,14.03567,13.15295,11.18034,13.15295,9.0,9.48683,9.84886,9.43398,10.81665,10.63015,10.81665,14.14214,13.60147,15.81139,18.35756,18.02776,20.12461,19.72308,21.47091,22.82542,22.36068,25.94224,25.4951,26.40076,27.313,29.96665,28.23119,31.04835,30.36445,33.24154,34.48188,37.10795,36.40055,37.65634,37.65634,39.56008,38.83298,42.2019,41.97618,46.87217,45.89118,46.52956,47.29693,47.29693,54.34151,50.44799,52.81098
13.15295,12.16553,11.18034,11.18034,10.19804,9.21954,9.21954,8.24621,8.544,6.7082,7.61577,6.7082,7.2111,5.65685,5.65685,6.40312,5.83095,5.83095,5.38516,6.32456,6.32456,6.08276,7.07107,8.06226,8.06226,8.0,9.0,9.05539,10.04988,10.04988,10.04988,10.04988,10.19804,10.19804,10.44031,10.44031,9.48683,9.84886,8.94427,8.94427,9.43398,8.60233,8.60233,7.81025,7.81025,7.07107,7.07107,6.40312,6.40312,5.83095,6.32456,4.12311,45.39824,44.01136,43.28972,35.12834,39.31921,35.12834,33.01515,31.14482,29.15476,29.27456,26.24881,24.73863,24.35159,21.18962,22.47221,19.23538,22.2036,18.02776,18.43909,17.80449,18.86796,18.02776,18.35756,18.38478,18.68154,18.97367,19.41649,23.19483,23.34524,25.01999,23.08679,27.07397,25.07987,28.16026,27.0,30.41381,30.14963,30.06659,29.83287,27.89265,30.08322,29.73214,28.23119,27.85678,28.17801,26.83282,26.41969,26.83282,23.60085,23.60085,20.0,22.67157,20.0,20.61553,20.24846,16.55295,15.23155,22.02272,20.24846,19.23538,19.69772,18.97367,20.24846,16.76305,17.26268,16.49242,15.13275,12.16553,13.0,11.7047,9.43398,10.29563,9.89949,9.89949,10.81665,9.43398,11.18034,10.77033,13.0384,13.0,15.0,17.26268,18.0,19.0,20.02498,21.0,24.0,22.0,26.07681,25.0,26.07681,28.28427,28.28427,29.42788,30.59412,31.257,32.75668,32.98485,35.17101,35.17101,38.27532,37.36308,37.94733,38.8973,41.78516,42.72002,43.68066,46.84015,47.43416,48.76474,47.07441,53.60037,52.39275,50.01
15.81139,13.60147,14.21267,13.60147,12.80625,11.40175,11.31371,9.89949,10.0,9.21954,9.21954,8.60233,8.94427,8.544,7.61577,8.24621,8.06226,7.07107,8.0,8.0,8.06226,8.06226,8.06226,9.48683,9.48683,9.48683,10.77033,11.7047,11.7047,12.08305,11.7047,11.7047,12.36932,11.40175,12.36932,12.16553,12.16553,12.04159,11.0,11.0,11.0,11.0,10.04988,10.04988,10.19804,9.21954,8.24621,8.544,8.544,8.06226,7.2111,6.40312,91.92388,89.44272,83.48653,79.25907,79.75588,70.49113,71.56116,66.61081,59.03389,53.85165,54.81788,51.73973,49.49747,48.27007,43.86342,41.04875,43.909,38.07887,41.78516,37.94733,38.63936,41.30375,38.0526,42.0119,39.45884,42.42641,40.02499,46.32494,49.47727,50.28916,52.49762,53.75872,56.61272,57.00877,60.40695,62.36185,61.68468,63.89053,62.96825,64.13267,64.49806,61.0082,60.03332,61.0082,54.00926,62.39391,53.23533,58.42089,47.85394,47.29693,46.84015,46.17359,43.65776,42.94182,38.58756,35.4683,36.06938,42.05948,40.60788,35.60899,35.35534,36.06938,35.0,31.14482,32.20248,34.20526,28.42534,26.41969,24.08319,20.51828,21.2132,16.27882,19.41649,22.80351,13.60147,16.12452,20.09975,18.43909,24.69818,25.70992,28.23119,31.01612,34.88553,35.8469,39.92493,44.28318,47.41308,42.94182,50.24938,49.73932,51.61395,56.30275,57.98276,58.00862,58.24946,63.82006,68.24954,67.35726,70.72482,71.70077,77.07788,73.66139,77.15569,80.62258,81.32035,89.10668,91.4385,90.27181,93.38094,96.67471,93.8616,103.07764,100.60318,94.49339
14.31782,13.15295,13.0384,12.16553,11.18034,10.04988,10.0,9.0,9.0,8.06226,9.05539,8.24621,8.24621,7.61577,7.61577,8.06226,7.2111,7.2111,7.07107,7.07107,7.81025,8.60233,8.60233,8.60233,9.43398,9.43398,10.29563,10.29563,11.18034,11.6619,11.6619,11.6619,11.6619,12.20656,11.40175,12.04159,12.04159,11.31371,10.63015,10.63015,10.0,10.81665,10.0,9.43398,9.43398,8.06226,8.06226,7.61577,7.28011,7.28011,7.07107,6.0,44.94441,43.86342,43.65776,40.16217,38.8973,34.17601,32.31099,33.24154,28.16026,26.92582,26.30589,25.4951,26.1725,24.0,23.0,22.02272,22.2036,19.23538,18.43909,20.24846,21.93171,19.69772,18.60108,19.84943,19.20937,20.51828,22.80351,23.85372,24.20744,26.92582,27.29469,29.41088,27.20294,29.15476,30.80584,30.61046,32.64966,32.01562,33.24154,32.55764,30.41381,31.14482,32.80244,32.01562,28.6007,29.52965,27.78489,26.41969,26.41969,25.07987,23.25941,22.13594,20.61553,20.09975,19.10497,20.02498,18.11077,18.24829,18.11077,20.02498,19.0263,19.41649,18.43909,15.29706,15.29706,14.86607,16.49242,14.56022,11.18034,12.04159,10.44031,10.04988,7.0,7.61577,8.06226,8.94427,8.06226,9.43398,10.81665,11.6619,13.41641,14.31782,18.38478,17.08801,18.38478,19.69772,22.47221,21.18962,25.63201,23.4094,23.4094,25.96151,27.51363,27.20294,30.59412,29.61419,32.55764,32.55764,34.23449,34.52535,35.35534,36.22154,37.33631,39.31921,39.20459,41.4367,44.28318,43.18565,46.38965,46.52956,48.6621,51.97115,49.0306,46.32494
14.56022,13.34166,13.34166,12.36932,12.16553,11.18034,10.04988,10.04988,9.05539,9.0,9.0,8.06226,8.06226,7.28011,7.07107,7.61577,6.7082,7.2111,7.2111,7.81025,7.07107,7.81025,7.81025,7.81025,8.60233,8.06226,9.43398,10.29563,10.81665,10.81665,10.81665,10.81665,11.40175,11.40175,11.40175,11.31371,11.31371,10.63015,10.0,10.0,10.81665,9.43398,9.43398,8.94427,8.94427,8.544,8.24621,8.24621,7.07107,7.07107,7.0,6.08276,47.67599,41.7732,42.42641,38.63936,35.51056,33.73426,31.57531,31.40064,29.27456,28.28427,27.01851,23.02173,25.0,21.09502,22.2036,21.37756,20.61553,18.97367,19.92486,19.23538,20.0,17.80449,19.20937,19.10497,20.0,20.24846,18.86796,23.70654,22.82542,21.54066,23.70654,26.0,26.83282,27.73085,28.23119,30.88689,29.52965,31.38471,31.06445,29.68164,30.0,30.4795,28.3196,31.14482,27.58623,26.24881,29.41088,26.40076,26.07681,23.85372,23.32381,21.93171,21.93171,20.24846,20.39608,18.24829,16.0,20.12461,19.92486,18.68154,20.61553,18.43909,17.11724,15.0333,15.0333,16.03122,13.0384,14.03567,12.0,11.18034,12.16553,9.21954,7.28011,6.7082,6.7082,9.43398,9.84886,10.29563,13.0,11.7047,14.86607,16.27882,16.12452,18.43909,20.22375,18.24829,22.56103,20.39608,25.4951,25.17936,27.29469,27.29469,27.01851,28.16026,29.06888,30.06659,33.06055,33.0,33.0,36.0,35.12834,37.33631,37.05401,39.20459,41.19466,43.10452,43.18565,45.01111,45.04442,49.0102,46.01087,51.0,51.0098,48.09366
14.86607,13.60147,12.36932,12.36932,11.40175,11.40175,10.19804,9.21954,9.05539,9.05539,8.0,8.06226,8.06226,7.07107,7.28011,7.28011,6.32456,6.7082,6.40312,7.2111,6.40312,7.07107,7.07107,7.81025,8.60233,8.60233,10.0,10.0,10.81665,10.0,10.63015,11.40175,10.63015,11.31371,11.31371,10.63015,10.63015,10.0,10.81665,10.81665,10.29563,9.84886,9.84886,8.94427,8.544,8.544,8.24621,8.06226,7.07107,7.0,7.0,6.08276,43.38202,42.05948,41.14608,37.58989,38.48376,34.43835,33.61547,31.7805,28.79236,27.20294,25.29822,25.0,25.70992,21.2132,21.2132,21.0238,21.2132,20.22375,20.22375,17.46425,18.97367,17.46425,17.49286,21.09502,19.41649,21.40093,21.40093,21.93171,21.93171,24.83948,25.4951,26.24881,24.83948,28.42534,28.6007,30.41381,29.69848,29.73214,30.4795,30.0,28.42534,29.41088,28.84441,28.6007,27.78489,27.78489,26.0,25.4951,24.69818,22.36068,21.58703,22.36068,20.22375,19.0263,20.02498,17.11724,16.49242,19.64688,19.0263,19.0,18.02776,17.11724,16.27882,15.52417,15.23155,15.52417,13.34166,12.64911,11.40175,11.18034,10.0,8.24621,9.05539,7.28011,8.06226,8.60233,7.81025,9.89949,11.40175,12.20656,14.76482,14.31782,17.08801,17.88854,19.69772,21.0238,19.92486,21.0238,24.69818,23.76973,24.69818,26.92582,26.24881,25.63201,29.12044,29.12044,32.75668,31.04835,35.17101,34.52535,35.51056,36.49658,37.21559,37.65634,39.45884,41.4367,43.56604,43.41659,46.52956,47.80167,46.57252,49.24429,48.05206,48.50773
13.60147,12.20656,12.20656,12.20656,11.40175,10.0,9.89949,9.21954,9.21954,7.81025,8.60233,8.06226,7.61577,7.61577,7.28011,7.28011,7.07107,7.0,7.0,7.07107,8.06226,8.24621,8.24621,8.544,9.48683,9.48683,9.84886,10.77033,11.7047,11.7047,11.40175,12.36932,11.40175,11.40175,12.16553,11.18034,12.16553,11.04536,11.04536,11.0,10.04988,10.04988,9.05539,9.05539,9.21954,8.24621,8.24621,7.28011,7.61577,6.7082,6.7082,6.40312,87.23531,84.53402,76.53757,76.8505,73.82412,67.1193,63.63175,61.58734,58.5235,50.44799,49.0408,48.83646,44.55334,48.16638,41.03657,40.22437,41.18252,38.91015,38.48376,35.44009,37.33631,37.48333,37.05401,38.0,36.12478,39.81206,42.72002,43.01163,47.53946,51.92302,50.59644,52.92447,56.04463,53.75872,57.00877,58.94065,59.77458,60.63827,61.66036,60.41523,56.22277,60.20797,60.03332,61.07373,53.00943,57.14018,51.24451,51.24451,46.52956,45.70558,40.5216,43.17407,42.37924,43.909,38.58756,34.98571,33.01515,37.44329,39.82462,40.45986,37.53665,34.82815,33.28663,30.88689,33.28663,30.52868,27.78489,23.76973,21.47091,23.43075,21.26029,18.35756,17.80449,17.69181,15.65248,19.92486,19.0,17.02939,23.34524,22.36068,27.85678,29.83287,32.69557,35.8469,36.76955,39.39543,40.8534,40.24922,46.51881,44.28318,48.30114,55.9464,52.47857,51.31277,56.0803,59.07622,63.00794,65.80274,65.8559,69.42622,70.93659,70.17834,66.46804,76.48529,79.93122,82.07314,87.9659,88.45903,92.84934,93.8616,91.67879,98.40732,88.81441,97.80082
14.31782,13.34166,12.16553,13.34166,11.18034,11.18034,10.04988,10.04988,9.0,9.0,9.0,8.06226,8.06226,7.28011,7.28011,6.7082,7.2111,7.2111,6.40312,6.40312,7.07107,7.81025,7.81025,8.06226,8.60233,9.43398,9.43398,9.43398,10.29563,10.29563,10.81665,10.81665,10.81665,11.40175,11.40175,10.63015,11.31371,10.63015,10.63015,10.0,9.43398,9.43398,9.43398,8.94427,8.94427,7.61577,8.544,7.28011,7.28011,7.07107,7.0,6.0,47.51842,44.72136,43.41659,39.62323,39.45884,35.35534,35.51056,35.12834,29.06888,29.15476,27.0,26.07681,26.01922,24.08319,22.09072,22.13594,20.88061,20.61553,18.35756,20.59126,20.0,19.84943,18.60108,21.2132,19.20937,20.80865,22.47221,22.36068,24.59675,26.83282,24.69818,27.73085,26.41969,29.96665,29.96665,31.7805,30.8707,32.20248,31.06445,31.40064,29.41088,31.241,31.40064,31.14482,27.58623,29.0,27.65863,26.62705,23.60085,24.41311,22.47221,21.47091,21.0238,20.24846,20.61553,18.43909,18.0,22.47221,19.69772,20.24846,19.64688,18.24829,19.41649,18.43909,16.12452,15.0333,15.13275,14.03567,13.15295,10.44031,12.36932,10.19804,8.94427,8.06226,8.94427,9.89949,9.21954,11.6619,13.0,12.64911,14.31782,16.49242,16.12452,19.64688,19.10497,20.61553,21.09502,22.09072,25.31798,27.16616,26.01922,26.01922,26.0,29.01724,31.0,29.0,34.23449,33.13608,36.22154,35.12834,38.47077,37.33631,43.56604,41.7732,41.59327,42.75512,47.38143,44.55334,48.50773,49.16299,49.09175,51.0098,52.34501,50.03998
14.14214,13.15295,12.36932,12.16553,11.18034,10.19804,10.44031,9.48683,9.48683,8.544,7.61577,8.06226,7.2111,7.2111,7.2111,7.07107,6.40312,6.40312,6.7082,6.7082,6.7082,7.61577,7.28011,8.24621,8.06226,8.06226,9.05539,9.21954,10.19804,10.04988,10.19804,10.44031,10.44031,10.77033,10.77033,10.77033,10.77033,9.84886,9.84886,9.43398,9.43398,10.0,9.21954,8.60233,8.48528,7.81025,7.81025,7.2111,7.2111,6.7082,6.7082,6.32456,87.14356,80.09994,84.71718,74.43118,73.17103,67.0,65.19202,67.60178,57.42822,55.57877,51.97115,49.33559,51.86521,45.31004,40.31129,42.54409,40.31129,43.01163,41.10961,41.03657,39.05125,36.87818,38.94868,39.39543,38.07887,42.44997,42.44997,42.57934,44.38468,48.6621,47.67599,52.15362,51.47815,55.9017,57.70615,59.48109,59.03389,59.43904,60.44005,58.5235,58.30952,60.16644,60.41523,58.18075,54.70832,56.30275,49.09175,51.0392,48.60041,46.8615,43.18565,40.31129,42.63801,39.66106,37.58989,37.58989,31.01612,43.27817,43.60046,38.07887,41.18252,38.62642,35.8469,33.61547,31.7805,32.89377,28.79236,26.40076,24.16609,22.84732,21.47091,20.59126,20.24846,19.84943,17.20465,19.84943,17.69181,21.54066,25.0,25.4951,28.07134,29.0,35.35534,32.01562,36.01389,37.01351,40.0125,44.01136,49.09175,46.04346,48.83646,52.7731,51.97115,54.57105,58.24088,52.63079,60.87693,63.89053,66.40783,70.88018,75.28612,71.86793,77.7946,77.49194,79.70571,83.57033,88.95504,91.41663,90.13878,99.72462,90.95603,104.04807,97.74457,96.33795
14.56022,12.64911,13.0,11.7047,11.7047,10.77033,9.84886,8.94427,8.94427,8.06226,8.06226,7.81025,7.81025,7.07107,7.07107,7.2111,6.7082,6.7082,6.32456,6.32456,7.28011,7.07107,7.07107,8.06226,8.06226,9.0,9.0,10.04988,10.0,11.0,10.04988,11.04536,10.04988,11.18034,11.18034,10.44031,10.44031,10.77033,9.84886,9.84886,8.94427,9.43398,9.43398,8.60233,8.60233,7.81025,8.48528,7.81025,7.81025,7.2111,6.7082,6.32456,86.97701,86.68333,80.65358,74.04053,81.60882,66.40783,68.30813,60.40695,54.70832,53.48832,48.8467,48.76474,49.64877,46.14109,44.65423,42.44997,45.34314,38.94868,37.01351,40.0,35.8469,34.88553,35.1141,40.5216,38.8973,39.62323,43.41659,45.01111,46.38965,49.0102,51.0098,52.00961,56.0,56.00893,58.03447,57.55867,59.3043,64.19502,59.68249,57.72348,58.46366,58.94065,59.77458,59.46427,52.55473,55.71355,49.65884,53.66563,47.50789,43.26662,42.43819,42.2019,41.10961,40.36087,35.60899,38.27532,35.34119,41.6173,41.86884,39.62323,40.31129,41.10961,33.83785,31.90611,34.88553,36.35932,28.6531,27.45906,27.01851,27.80288,24.18677,19.79899,21.93171,18.35756,17.49286,16.12452,18.02776,19.41649,27.01851,23.19483,28.07134,30.08322,34.52535,34.71311,32.75668,37.36308,42.37924,44.27189,47.12749,44.27189,49.47727,51.07837,50.32892,54.78138,55.47071,58.13777,62.26556,59.9333,68.26419,69.64194,75.47185,72.06941,68.7968,80.45496,78.77182,81.8352,93.15042,87.98295,91.52595,94.81034,93.0215,99.72963,94.36631,94.15413
13.89244,13.89244,12.20656,13.0384,10.81665,10.29563,10.0,9.21954,9.21954,8.48528,8.48528,7.81025,7.81025,8.06226,7.2111,7.61577,7.28011,7.28011,7.07107,8.06226,7.07107,8.0,7.0,8.0,9.05539,9.05539,10.19804,10.04988,11.18034,11.18034,11.04536,11.04536,11.04536,11.0,11.0,11.0,11.04536,11.18034,10.04988,10.19804,10.19804,10.44031,9.48683,9.48683,8.544,8.544,8.06226,8.06226,7.2111,7.2111,7.07107,6.40312,84.30896,88.23831,80.62258,75.6439,80.62258,65.78754,70.21396,63.07139,58.60034,55.9017,56.0803,50.44799,50.0,46.8615,45.34314,42.44997,43.60046,41.04875,37.44329,38.91015,39.56008,38.27532,38.47077,39.05125,39.20459,43.04649,43.18565,45.04442,46.09772,52.23983,50.24938,54.74486,56.56854,56.08921,55.7315,57.70615,56.4358,61.40033,59.07622,60.03332,63.03174,59.3043,61.66036,58.0517,54.91812,57.48913,51.41984,55.7853,47.75982,47.53946,46.95743,43.86342,41.59327,43.26662,36.87818,36.06938,33.42155,42.54409,39.82462,45.25483,36.12478,38.41875,35.22783,31.90611,34.0,34.48188,31.76476,27.313,27.78489,25.23886,23.02173,17.20465,19.79899,19.72308,18.86796,19.92486,18.43909,21.09502,23.0,25.0,24.02082,33.37664,34.48188,33.24154,35.17101,38.32754,41.62932,39.84972,44.94441,46.61545,45.88028,51.07837,53.66563,53.22593,54.626,57.69749,62.6099,60.74537,67.1193,68.7968,75.0,69.63476,71.84706,72.42237,80.28076,87.00575,88.60023,88.83693,94.3027,94.15413,92.64988,99.12618,93.49332,97.52948
12.52996,12.08305,11.18034,10.77033,9.84886,9.84886,9.48683,8.24621,8.24621,7.07107,7.07107,8.0,7.0,6.08276,6.08276,6.32456,6.7082,5.83095,7.2111,6.40312,6.40312,7.07107,7.07107,7.81025,9.21954,9.21954,9.21954,10.0,10.0,10.0,10.63015,11.31371,11.31371,10.63015,11.31371,10.63015,10.63015,10.0,9.43398,10.29563,8.94427,8.94427,8.94427,8.94427,8.544,7.61577,7.28011,7.07107,6.08276,6.0,6.0,5.09902,42.2019,39.20459,38.83298,36.40055,37.80212,31.89044,32.20248,30.52868,28.01785,26.41969,25.4951,22.36068,23.76973,22.13594,21.18962,19.10497,20.09975,19.10497,18.02776,19.23538,18.68154,17.46425,18.38478,18.35756,18.86796,19.72308,20.59126,21.93171,23.43075,24.20744,24.20744,24.83948,26.24881,29.06888,27.65863,28.84441,30.0,29.20616,30.52868,27.29469,28.6531,29.96665,28.23119,29.54657,26.0,28.79236,25.0,25.70992,23.5372,22.36068,22.2036,22.09072,20.0,19.10497,18.24829,17.46425,15.23155,23.02173,19.41649,23.34524,21.18962,19.31321,19.23538,19.69772,17.88854,18.35756,17.0,15.26434,13.89244,16.76305,12.52996,11.7047,11.40175,11.04536,9.05539,11.0,11.04536,9.21954,12.08305,13.45362,14.42221,14.86607,17.69181,16.27882,18.43909,20.51828,19.10497,18.43909,22.67157,23.34524,22.80351,24.75884,23.60085,26.62705,27.29469,27.78489,29.52965,31.90611,34.0,32.20248,34.43835,35.34119,36.24914,37.16181,38.62642,39.92493,43.38202,41.14608,44.94441,43.82921,47.01064,47.50789,45.17743,44.41846
13.15295,13.15295,12.04159,12.04159,10.04988,10.04988,9.0,9.05539,8.06226,7.07107,8.06226,7.28011,7.28011,6.7082,6.7082,6.7082,6.40312,5.65685,6.40312,6.40312,5.83095,6.7082,6.7082,7.61577,8.06226,8.544,9.48683,9.48683,10.77033,9.48683,9.84886,10.77033,10.77033,10.29563,10.29563,10.29563,10.0,10.0,9.21954,9.89949,9.21954,9.21954,8.48528,7.81025,7.81025,7.2111,6.7082,6.7082,6.32456,6.32456,6.08276,5.0,42.04759,40.70626,41.10961,37.12142,35.34119,36.24914,30.46309,30.46309,28.16026,26.92582,26.68333,23.34524,22.36068,20.09975,21.09502,21.09502,20.39608,17.46425,18.43909,16.76305,18.38478,17.46425,17.80449,18.60108,18.60108,19.79899,18.38478,22.02272,20.80865,23.02173,23.60085,26.07681,25.4951,28.01785,28.01785,29.20616,28.3196,30.4795,29.69848,29.06888,27.65863,29.20616,28.01785,27.80288,26.07681,26.92582,26.41969,23.25941,23.70654,21.93171,21.18962,21.18962,20.61553,19.23538,17.02939,17.0,17.26268,21.58703,21.0238,20.02498,23.02173,20.09975,20.22375,18.24829,16.27882,17.46425,15.81139,14.56022,15.29706,13.15295,12.04159,11.04536,10.0,12.36932,8.06226,10.19804,10.29563,9.43398,12.80625,12.80625,12.72792,15.0,17.80449,15.81139,19.41649,19.41649,20.59126,20.61553,22.36068,22.36068,24.16609,25.07987,24.69818,25.29822,28.16026,28.4605,30.80584,31.04835,34.71311,36.13862,34.52535,35.35534,38.32754,39.81206,39.31921,40.4475,41.0,44.55334,44.40721,47.85394,44.14748,48.76474,49.24429,48.08326
13.60147,12.64911,11.40175,11.40175,10.44031,9.21954,9.05539,9.05539,9.05539,7.0,8.0,7.07107,7.07107,6.32456,6.32456,6.7082,5.83095,6.40312,5.65685,7.07107,6.40312,7.2111,7.2111,8.06226,8.06226,8.94427,9.84886,9.84886,10.29563,11.18034,10.29563,10.29563,10.29563,10.81665,10.81665,10.63015,10.63015,9.89949,9.89949,9.89949,9.21954,9.21954,8.60233,8.60233,8.06226,8.06226,7.61577,6.32456,7.28011,6.08276,6.0,5.0,43.86342,43.08132,41.4367,38.27532,38.27532,34.53983,32.89377,31.62278,28.4605,28.16026,24.73863,24.18677,23.19483,23.08679,23.02173,20.02498,20.22375,17.11724,17.72005,18.78829,21.0238,18.35756,19.20937,19.20937,18.43909,21.2132,20.0,20.80865,24.41311,25.55386,24.69818,26.92582,26.40076,28.84441,30.01666,29.20616,30.80584,31.40064,31.241,30.41381,30.41381,30.4795,29.83287,30.61046,27.01851,27.80288,25.80698,24.69818,22.82542,22.36068,21.0238,21.54066,21.37756,20.39608,18.11077,19.0,18.11077,22.36068,21.2132,20.02498,22.0,20.02498,20.39608,17.26268,18.24829,17.26268,15.29706,15.29706,13.34166,14.14214,14.31782,12.0,12.04159,11.40175,11.7047,9.48683,11.18034,10.81665,12.04159,13.45362,13.60147,15.6205,18.35756,17.88854,20.12461,20.59126,22.82542,20.61553,25.07987,25.07987,24.16609,25.94224,26.40076,26.92582,29.12044,28.86174,31.7805,30.80584,34.52535,35.51056,36.67424,35.51056,36.0,37.12142,42.19005,40.31129,45.54119,42.57934,46.52956,48.83646,46.87217,49.24429,50.01,47.53946
14.14214,12.16553,12.16553,12.16553,11.18034,10.19804,10.44031,9.48683,8.544,8.544,8.544,8.06226,8.06226,7.2111,6.40312,7.07107,6.40312,6.40312,6.7082,6.7082,6.7082,7.61577,7.28011,7.28011,8.24621,9.05539,9.05539,10.19804,10.19804,10.19804,10.19804,10.44031,10.44031,10.44031,10.77033,10.77033,10.77033,10.29563,10.29563,9.43398,10.0,10.0,9.21954,8.60233,8.48528,8.48528,7.81025,7.2111,7.2111,6.7082,6.32456,6.32456,90.08885,84.00595,78.16009,75.32596,74.24284,65.0,64.00781,59.0,59.21149,53.75872,50.9902,46.32494,49.24429,44.27189,41.10961,40.71855,38.27532,37.01351,34.82815,36.76955,35.38361,35.80503,36.89173,36.61967,39.81206,40.71855,43.32436,44.64303,44.27189,49.0306,48.76474,50.21952,56.04463,55.7853,61.0,55.97321,61.68468,61.13101,60.53924,59.23681,60.00833,58.13777,58.66856,59.16925,50.47772,53.0,53.2635,49.67897,45.27693,44.55334,44.59821,41.86884,39.66106,39.96248,36.23534,36.71512,32.57299,44.20407,41.34005,43.82921,40.71855,39.0,35.73514,34.9285,36.87818,34.78505,30.80584,30.59412,26.4764,25.70992,25.96151,18.97367,19.69772,21.40093,18.43909,19.84943,23.60085,19.72308,22.47221,21.58703,26.1725,28.28427,30.26549,35.12834,39.11521,39.01282,39.05125,40.04997,46.01087,45.01111,47.16991,53.00943,51.24451,54.58938,52.17279,56.29387,60.63827,62.8172,63.78871,65.30697,73.76313,64.56005,72.03471,80.08121,78.74643,81.25269,85.44004,87.09191,93.40771,91.44397,88.29496,95.12623,93.94147,94.89468
14.14214,14.03567,12.04159,12.04159,11.04536,11.04536,10.0,9.05539,9.05539,8.06226,9.21954,8.544,7.28011,7.61577,7.61577,8.06226,7.2111,7.2111,7.07107,7.07107,7.81025,8.60233,7.81025,8.60233,9.43398,9.43398,10.81665,10.81665,11.6619,11.6619,11.40175,11.40175,11.40175,11.40175,12.04159,12.04159,12.04159,10.63015,11.40175,11.40175,10.81665,10.29563,10.29563,8.94427,8.94427,8.544,8.544,8.24621,7.28011,7.07107,7.0,6.0,44.01136,46.23851,39.84972,40.49691,38.60052,35.4683,32.28002,31.32092,29.41088,26.92582,28.28427,23.08679,26.07681,23.0,22.0,21.09502,22.36068,20.88061,18.68154,21.18962,20.12461,21.47091,17.20465,18.60108,19.10497,22.67157,20.51828,24.41311,21.40093,27.20294,25.80698,29.41088,27.80288,30.61046,31.62278,31.241,30.41381,34.71311,33.24154,31.89044,31.14482,29.83287,30.0,31.62278,28.84441,29.52965,29.15476,27.29469,24.59675,24.69818,25.29822,22.47221,21.84033,21.2132,20.0,19.0,17.02939,22.84732,21.58703,21.2132,20.02498,19.0,18.02776,17.0,17.0,17.02939,17.11724,14.14214,12.04159,14.14214,12.0,11.18034,13.0384,10.19804,10.04988,10.77033,7.81025,10.63015,9.89949,11.40175,12.08305,13.89244,17.46425,16.55295,18.38478,17.0,20.88061,19.31321,22.13594,21.84033,21.58703,25.70992,25.4951,24.33105,28.63564,29.42788,32.24903,31.257,33.13608,32.14032,36.12478,36.01389,35.0,39.11521,39.01282,42.04759,44.18144,44.18144,47.09565,50.24938,41.59327,48.83646,48.83646,45.89118
13.60147,12.64911,12.08305,12.08305,10.77033,9.84886,9.43398,9.43398,8.60233,8.60233,7.81025,8.48528,7.07107,6.40312,7.2111,7.61577,7.61577,6.7082,7.28011,8.06226,8.06226,8.06226,8.06226,9.0,9.0,10.0,10.04988,11.0,11.04536,11.04536,12.0,12.04159,12.0,12.04159,12.04159,11.18034,11.40175,11.40175,10.77033,10.44031,9.48683,9.84886,9.84886,8.94427,8.94427,8.06226,8.06226,7.81025,7.07107,7.07107,6.40312,5.83095,91.92388,82.63776,83.67198,75.15318,75.6439,68.42514,65.74192,66.24198,56.82429,52.83938,49.67897,47.70744,47.50789,44.59821,45.96738,44.68781,43.93177,40.81666,35.8469,35.73514,41.76123,37.94733,36.01389,38.01316,42.0,42.04759,45.17743,48.37355,47.16991,53.15073,47.29693,50.9902,54.58938,59.90826,58.69412,61.66036,59.03389,63.63961,62.0,61.29437,60.03332,60.07495,59.3043,59.5399,57.42822,59.3043,57.56735,55.36244,50.59644,45.54119,46.48656,44.01136,42.95346,40.49691,41.10961,32.01562,30.61046,43.26662,44.68781,44.55334,43.18565,43.60046,39.40812,38.41875,35.35534,33.61547,29.52965,30.41381,25.55386,25.80698,26.07681,25.0,23.43075,19.72308,17.80449,18.78829,21.18962,20.24846,24.02082,23.02173,26.1725,30.59412,32.98485,28.86174,35.17101,39.81206,44.27189,37.36308,45.54119,48.75449,47.42362,53.66563,46.06517,51.47815,56.4358,55.4617,64.66065,63.24555,69.89278,69.81404,71.70077,67.80118,80.28076,72.8011,79.51101,79.81228,87.20092,89.20202,88.00568,94.57801,93.74433,97.34988,95.41488,97.12878
13.89244,12.52996,13.0384,12.52996,10.81665,9.43398,10.0,9.21954,9.21954,7.81025,8.48528,7.81025,7.81025,7.2111,6.40312,7.61577,6.32456,6.32456,6.08276,7.07107,7.0,7.0,7.0,8.06226,8.06226,8.24621,9.21954,10.19804,10.19804,10.19804,10.04988,10.19804,11.04536,11.04536,11.04536,11.0,11.04536,10.04988,10.19804,9.21954,10.44031,9.48683,9.48683,8.544,8.94427,7.61577,8.06226,7.2111,7.81025,7.07107,6.40312,5.83095,86.68333,90.60353,83.63014,73.75636,74.41102,65.29931,69.35416,62.96825,56.63921,55.17246,50.9902,48.27007,50.60632,44.29447,45.27693,38.48376,47.01064,39.56008,38.32754,36.22154,39.01282,39.01282,34.36568,38.8973,43.17407,40.5216,45.22168,48.33218,47.01064,51.42956,47.41308,53.23533,54.56189,60.03332,54.20332,61.7414,65.79514,59.9333,63.56886,61.35145,63.60031,62.58594,60.53098,59.03389,58.13777,56.7186,56.0357,53.0,48.01042,48.01042,46.27094,43.56604,45.12206,39.84972,41.14608,34.98571,29.15476,45.70558,44.27189,45.18849,44.77723,41.34005,42.2019,35.0,33.30165,37.01351,33.01515,31.14482,27.20294,28.6007,28.3196,24.41311,21.0238,19.92486,18.97367,21.2132,20.02498,21.0238,20.24846,25.29822,28.23119,30.46309,30.80584,34.43835,35.22783,41.40048,40.45986,38.8973,47.63402,49.57822,47.38143,53.15073,53.75872,58.69412,57.28001,57.31492,60.20797,60.959,64.63745,68.24222,75.80237,73.23933,85.58621,79.32213,76.844,79.07591,91.26336,89.02247,85.2115,92.09777,97.30879,101.67104,99.24717,99.70456
13.41641,12.52996,11.18034,11.18034,10.29563,9.43398,10.0,9.21954,8.60233,7.81025,7.81025,7.2111,7.2111,7.61577,6.7082,7.61577,7.28011,7.07107,7.07107,7.0,7.0,8.0,8.06226,9.21954,9.21954,9.21954,10.19804,10.19804,11.40175,11.18034,11.18034,12.16553,11.04536,12.04159,12.04159,12.04159,11.0,11.0,11.04536,10.04988,10.19804,10.19804,9.21954,9.21954,9.21954,8.544,7.61577,7.61577,7.61577,7.2111,6.40312,5.65685,83.67795,81.58431,79.81228,70.0928,71.16881,64.7611,66.48308,61.03278,57.87055,51.26402,47.41308,47.01064,48.02083,43.04649,39.05125,37.53665,43.13931,34.82815,36.05551,36.89173,34.53983,34.53983,34.9285,36.67424,37.48333,40.1995,42.0,48.0,46.04346,50.48762,47.01064,51.24451,53.00943,59.21149,56.56854,60.00833,60.00833,65.12296,60.20797,62.07254,60.13319,60.29925,58.46366,63.34824,53.36666,55.08176,55.02727,52.39275,48.46648,46.51881,44.28318,41.59327,43.26662,39.20459,39.69887,36.06938,33.30165,45.34314,41.04875,41.14608,42.54409,39.84972,40.80441,36.40055,35.69314,37.10795,31.62278,28.86174,28.63564,26.0,26.24881,23.76973,18.78829,22.82542,18.86796,19.20937,15.6205,19.72308,23.25941,23.5372,24.08319,30.06659,30.06659,29.06888,33.13608,37.01351,42.10701,36.49658,44.28318,41.19466,42.42641,49.24429,53.36666,51.97115,51.86521,55.97321,61.84658,62.03225,65.55151,67.77905,69.77822,72.01389,68.02941,70.26379,77.82031,84.09518,84.97058,86.33076,88.14193,94.541,89.88882,95.07891,94.57801,92.358
14.21267,12.04159,12.04159,11.40175,10.63015,9.21954,9.21954,8.60233,8.60233,8.06226,8.06226,7.61577,7.28011,7.28011,7.28011,8.0,7.0,7.0,7.07107,7.07107,8.24621,8.544,8.544,8.544,9.84886,9.84886,10.29563,11.18034,11.18034,11.18034,11.7047,12.08305,12.08305,11.7047,11.7047,12.36932,11.40175,11.18034,11.18034,10.04988,10.04988,10.04988,10.0,9.0,9.0,9.0,8.06226,7.07107,7.28011,6.32456,6.7082,5.83095,86.02325,82.37718,79.20227,75.80237,68.60029,69.06519,61.07373,60.60528,52.40229,56.63921,52.40229,45.27693,46.01087,40.49691,44.10215,38.94868,40.31129,36.24914,36.68787,35.22783,39.20459,36.01389,39.20459,38.63936,41.0,39.81206,42.05948,45.88028,46.61545,50.53712,52.35456,52.35456,51.62364,62.16912,54.23099,58.5235,60.74537,60.08328,59.90826,58.5235,60.01666,60.20797,57.87055,58.42089,58.07753,58.07753,52.0,52.00961,53.15073,47.38143,46.38965,42.2019,40.79216,39.0,38.8973,34.53983,34.66987,42.95346,40.22437,43.26662,42.52058,40.36087,36.06938,33.97058,34.4093,35.38361,29.20616,31.40064,29.68164,30.61046,24.08319,20.61553,17.80449,18.86796,18.60108,20.88061,19.10497,18.11077,19.0263,22.2036,25.29822,26.92582,31.01612,28.63564,34.0147,35.8469,37.44329,34.98571,46.95743,45.27693,44.65423,49.39636,50.32892,49.20366,52.00961,53.8145,58.72819,60.10824,62.36986,67.17887,67.35726,71.50524,73.10951,72.18033,78.64477,77.83315,84.89994,88.45903,87.11487,93.3381,84.17244,94.79451,94.06912,94.84725
13.41641,12.52996,11.6619,11.6619,10.29563,9.43398,10.0,8.60233,8.60233,7.81025,7.81025,7.2111,7.2111,6.7082,5.83095,6.7082,6.32456,6.32456,6.08276,7.07107,7.0,7.0,7.07107,7.28011,8.06226,8.24621,9.21954,9.21954,10.19804,10.19804,10.19804,10.04988,10.04988,11.04536,11.04536,10.0,11.04536,10.04988,10.04988,10.19804,9.21954,9.48683,9.48683,8.544,7.61577,7.61577,8.06226,7.2111,7.2111,6.40312,6.40312,5.83095,89.89438,86.40602,81.41253,76.05919,76.53757,68.8767,64.40497,61.91123,60.37384,54.20332,54.08327,44.55334,50.44799,43.13931,41.01219,41.10961,41.6173,36.35932,38.01316,38.48376,36.87818,38.63936,34.05877,38.0526,37.05401,44.0,39.81206,43.17407,47.67599,46.69047,49.0306,55.10898,51.41984,59.22837,58.69412,59.03389,63.63961,61.81424,62.39391,62.20129,61.13101,59.03389,57.07889,58.13777,53.23533,57.27128,53.85165,54.12947,49.0408,47.43416,44.27189,41.62932,43.86342,41.6173,38.01316,35.38361,33.24154,44.29447,43.60046,43.93177,43.84062,41.7732,39.69887,38.01316,34.66987,34.1321,31.40064,26.07681,30.61046,29.73214,28.3196,22.47221,19.84943,21.63331,18.02776,20.61553,23.34524,20.02498,21.09502,25.01999,24.04163,29.61419,31.7805,32.28002,37.69615,40.16217,38.48376,40.8534,46.51881,46.06517,51.0,51.42956,57.24509,54.70832,58.24946,56.30275,60.0,63.00794,67.47592,67.20119,75.28612,70.72482,76.38063,79.98125,77.83315,87.11487,90.42677,89.64374,96.54015,95.21029,92.41753,99.86491,99.04544,100.40418
14.03567,13.0384,12.16553,12.04159,11.04536,10.04988,9.21954,8.24621,8.24621,8.544,8.544,8.06226,8.06226,7.2111,6.40312,7.07107,6.40312,6.40312,6.40312,6.7082,6.7082,6.32456,7.28011,8.24621,8.24621,8.24621,9.05539,10.19804,10.19804,10.19804,10.19804,10.44031,10.44031,10.44031,10.77033,10.77033,11.18034,10.29563,10.29563,9.43398,10.0,9.21954,9.21954,9.21954,8.48528,8.48528,7.81025,7.2111,7.2111,6.7082,6.32456,6.32456,86.05231,85.00588,84.05355,75.05998,75.0,70.00714,66.00758,66.1211,59.3043,56.14268,48.83646,48.50773,51.5461,45.22168,42.05948,40.24922,39.82462,37.73592,34.20526,33.94113,39.69887,39.66106,38.58756,38.01316,41.14608,41.59327,38.62642,47.80167,45.88028,49.24429,48.27007,51.66237,55.10898,61.18823,56.08921,64.84597,65.25335,60.16644,66.12866,63.56886,61.68468,63.50591,60.53924,61.85467,56.30275,56.0357,57.00877,52.63079,52.40229,47.50789,44.55334,44.55334,39.05125,41.67733,40.71855,36.05551,33.24154,42.54409,44.72136,41.23106,45.54119,39.21734,41.4367,36.68787,32.75668,35.22783,32.24903,31.14482,27.89265,28.86174,27.45906,20.61553,21.47091,21.40093,17.08801,18.43909,20.24846,20.24846,24.69818,24.69818,24.35159,30.41381,30.06659,34.52535,35.22783,37.21559,40.0125,43.01163,47.04253,46.04346,49.09175,51.24451,52.03845,53.23533,53.23533,56.4358,59.43904,62.80127,65.52099,68.65858,71.56815,75.69016,75.28612,74.33034,82.21922,80.95678,90.52072,90.80198,91.67879,97.29337,94.14882,100.62306,101.71037,94.89468
15.0333,14.03567,13.15295,13.0384,12.16553,11.04536,10.19804,10.19804,9.48683,8.544,8.544,8.06226,8.06226,7.2111,7.81025,7.07107,7.81025,7.2111,7.2111,6.7082,7.61577,7.28011,8.24621,8.24621,9.21954,9.05539,10.04988,10.19804,11.04536,11.18034,11.18034,11.40175,11.40175,11.40175,11.40175,11.7047,11.7047,11.18034,11.18034,10.29563,10.29563,10.0,10.0,10.0,9.21954,8.48528,7.81025,7.81025,8.60233,7.2111,7.61577,6.32456,45.01111,45.0,43.01163,39.0,38.0,34.0147,34.0147,33.06055,28.16026,27.16616,26.92582,25.29822,23.76973,22.13594,21.58703,21.54066,21.0238,18.35756,20.0,18.43909,20.61553,18.43909,17.49286,19.69772,18.78829,20.61553,21.18962,24.04163,24.04163,25.70992,24.73863,24.73863,25.70992,30.59412,27.65863,30.08322,29.83287,29.83287,30.8707,30.46309,29.73214,30.01666,26.62705,30.01666,27.78489,26.92582,27.80288,27.01851,24.20744,24.75884,22.67157,22.02272,22.2036,21.63331,18.78829,19.31321,17.72005,23.60085,21.93171,19.23538,21.18962,18.97367,19.23538,19.41649,16.27882,17.26268,15.13275,15.13275,13.15295,14.03567,9.48683,10.04988,9.84886,10.29563,10.0,9.21954,8.60233,11.6619,11.18034,11.6619,13.60147,15.29706,14.14214,17.02939,18.02776,17.02939,20.0,20.02498,23.02173,23.02173,22.09072,25.07987,24.33105,26.1725,29.27456,29.42788,32.38827,31.57531,33.95585,34.9285,38.07887,38.32754,37.36308,41.76123,40.80441,40.80441,45.60702,44.91102,47.53946,46.09772,45.70558,51.97115,47.67599,49.36598
14.21267,12.80625,11.40175,11.40175,11.40175,10.0,9.43398,8.60233,8.94427,7.61577,7.61577,7.28011,7.28011,7.07107,6.08276,7.0,6.08276,6.08276,6.32456,6.32456,6.32456,6.7082,6.7082,7.2111,8.60233,8.60233,9.21954,9.21954,10.0,10.0,10.81665,10.81665,10.29563,10.29563,11.18034,10.77033,10.77033,10.44031,9.48683,10.19804,9.21954,9.21954,9.05539,8.06226,8.0,8.0,8.06226,7.07107,7.28011,6.32456,6.7082,5.83095,88.52683,82.73452,85.14693,76.38063,72.18033,67.35726,62.24147,64.3506,58.89822,50.47772,50.77401,44.29447,47.42362,43.86342,46.8188,39.84972,43.93177,38.47077,37.05401,36.12478,39.56008,38.63936,35.34119,38.07887,34.88553,41.67733,39.35734,43.26662,47.50789,49.81967,49.0408,50.9902,49.81967,57.2014,55.22681,61.03278,62.20129,64.40497,62.26556,61.29437,55.22681,59.48109,60.41523,60.53924,56.64804,52.20153,53.45091,51.66237,50.80354,49.0306,48.09366,43.10452,43.01163,40.0125,37.65634,38.32754,35.8469,45.88028,43.86342,43.46263,41.59327,37.73592,38.01316,35.60899,34.4093,35.0,32.64966,33.94113,26.87006,28.30194,25.23886,21.26029,17.49286,20.39608,16.76305,21.2132,19.10497,19.10497,27.20294,21.93171,25.07987,27.29469,33.01515,31.90611,34.05877,37.80212,39.62323,40.31129,45.25483,45.25483,45.60702,52.34501,53.2635,52.20153,60.0,56.61272,62.68174,63.51378,69.46222,68.47627,71.69379,76.05919,80.23092,77.82031,84.5281,84.21995,86.09297,93.74433,92.17917,95.96353,90.91755,99.86491,99.29753,96.54015
13.89244,12.52996,12.52996,11.18034,11.18034,9.84886,9.48683,8.544,8.24621,7.28011,8.06226,7.07107,7.0,6.0,6.08276,6.32456,6.32456,6.32456,5.83095,6.40312,7.2111,7.07107,7.07107,7.81025,7.81025,9.21954,10.0,9.21954,10.0,10.63015,10.63015,10.63015,10.63015,10.63015,10.63015,11.40175,10.81665,10.29563,9.43398,9.43398,9.84886,9.84886,8.544,8.544,8.24621,7.28011,7.07107,7.07107,7.0,6.0,6.08276,5.09902,42.95346,42.04759,39.56008,36.40055,38.07887,33.10589,33.61547,31.01612,27.51363,25.96151,24.5153,23.34524,23.34524,21.09502,22.09072,19.0263,20.22375,19.41649,16.76305,17.88854,18.35756,17.88854,16.27882,18.43909,17.69181,20.51828,20.51828,20.80865,23.60085,24.59675,25.05993,25.94224,25.80698,28.6531,30.01666,28.84441,31.06445,29.68164,31.241,30.0,30.41381,29.0,29.0,29.73214,24.20744,28.01785,26.07681,26.07681,24.18677,24.16609,22.36068,23.70654,20.61553,21.58703,17.26268,17.02939,17.02939,21.2132,22.0,23.02173,20.22375,20.61553,19.64688,18.68154,18.02776,18.02776,15.52417,13.92839,13.60147,14.56022,13.15295,9.21954,12.04159,11.04536,9.21954,10.19804,10.44031,10.29563,12.08305,10.63015,14.86607,12.72792,17.88854,15.81139,18.86796,20.24846,22.36068,21.93171,22.82542,23.76973,24.69818,25.63201,26.0,27.51363,28.4605,28.86174,28.86174,32.28002,34.36568,33.54102,35.69314,37.48333,37.12142,37.48333,40.31129,42.57934,45.54119,43.56604,47.51842,47.53946,45.70558,49.47727,48.50773,47.12749
13.0384,12.04159,11.18034,11.04536,10.04988,9.05539,9.21954,8.24621,7.28011,7.61577,7.61577,6.7082,5.83095,6.40312,5.65685,6.40312,6.40312,5.83095,5.83095,6.32456,6.32456,7.28011,7.28011,7.07107,8.06226,8.06226,9.05539,10.19804,10.19804,10.04988,9.21954,10.19804,10.44031,10.19804,10.44031,9.84886,9.84886,10.29563,9.43398,9.43398,8.60233,8.60233,8.60233,7.81025,7.81025,7.07107,7.2111,6.40312,6.7082,5.38516,5.38516,5.09902,85.02353,86.0,77.23341,74.06079,75.23962,70.02857,64.28063,62.28965,58.30952,54.81788,46.87217,46.84015,47.29693,41.4367,41.14608,44.41846,39.40812,38.28838,34.20526,34.82815,38.01316,36.40055,34.0147,37.57659,38.07887,38.8973,40.16217,45.12206,46.32494,50.48762,47.51842,51.62364,51.62364,59.03389,58.69412,61.13101,61.39218,61.84658,59.48109,60.08328,60.08328,61.32699,58.18075,58.13777,55.9464,56.60389,53.41348,52.80152,48.9183,46.75468,46.69047,43.93177,43.93177,40.22437,34.98571,39.35734,31.04835,46.09772,43.909,42.54409,42.72002,42.05948,39.56008,39.05125,37.85499,33.54102,32.38827,32.24903,29.61419,25.31798,30.59412,23.19483,23.08679,21.9545,18.38478,20.0,17.80449,18.02776,22.36068,21.58703,27.65863,30.41381,27.01851,30.80584,36.12478,38.01316,42.0119,37.01351,47.26521,43.01163,45.04442,54.14795,53.33854,53.15073,57.87055,53.36666,58.82176,63.56099,70.0928,66.48308,73.05477,70.88018,78.58753,78.84795,81.27115,83.1685,88.32327,88.88757,92.34717,97.74457,91.59148,99.92497,96.54015,97.16481
14.76482,13.0,13.0,13.0,11.7047,10.77033,9.48683,9.48683,9.48683,8.24621,9.05539,8.0,8.0,7.07107,7.07107,7.28011,7.28011,6.32456,7.61577,6.7082,6.7082,7.81025,7.2111,7.81025,9.21954,9.21954,9.89949,10.63015,11.31371,11.31371,10.63015,11.40175,11.40175,10.81665,10.81665,11.6619,11.6619,11.18034,11.18034,10.77033,10.44031,10.44031,10.44031,9.21954,9.21954,9.05539,9.0,8.0,8.0,7.07107,7.28011,6.32456,45.48626,42.43819,41.34005,38.27532,38.27532,34.66987,32.75668,34.48188,29.52965,27.29469,26.0,23.70654,24.04163,23.08679,22.80351,21.2132,22.02272,19.0263,18.02776,19.23538,18.68154,18.97367,18.78829,18.38478,18.38478,21.9545,21.63331,23.43075,23.43075,24.75884,24.08319,27.58623,27.65863,29.0,29.0,31.241,31.241,31.40064,31.62278,30.52868,32.24903,30.41381,29.96665,29.96665,27.85678,30.08322,27.89265,25.96151,25.70992,25.31798,24.18677,23.08679,21.0238,20.09975,19.23538,19.41649,17.08801,21.09502,20.0,20.0,21.2132,20.39608,18.24829,17.72005,17.08801,16.15549,15.23155,15.81139,12.08305,11.7047,12.36932,9.21954,10.19804,10.04988,9.05539,10.19804,10.29563,11.18034,12.04159,10.63015,12.04159,14.86607,12.52996,16.64332,16.64332,19.23538,19.72308,21.0238,21.9545,22.47221,21.93171,25.07987,27.313,24.69818,27.51363,29.41088,31.62278,33.24154,34.20526,35.44009,37.10795,35.17101,41.23106,39.56008,40.02499,41.23106,43.9659,45.22168,44.14748,45.69464,45.54119,50.32892,47.92703,48.33218
15.81139,14.56022,13.34166,13.60147,12.36932,11.40175,11.18034,10.04988,10.04988,10.0,9.0,9.05539,8.06226,8.24621,7.28011,7.61577,7.61577,7.2111,7.81025,7.81025,7.81025,8.48528,8.60233,8.60233,9.43398,9.43398,10.29563,10.81665,11.6619,11.6619,12.20656,12.20656,12.20656,12.80625,12.80625,12.04159,12.72792,12.04159,11.40175,11.40175,11.40175,10.81665,10.29563,9.43398,9.84886,8.94427,9.48683,8.544,8.24621,8.06226,8.0,7.0,45.88028,41.78516,41.4367,36.05551,36.68787,34.78505,33.24154,32.89377,27.89265,28.16026,27.29469,25.17936,26.07681,22.02272,20.02498,21.0238,20.22375,18.43909,20.88061,17.08801,20.59126,17.0,19.10497,19.79899,19.10497,21.26029,19.10497,22.2036,24.83948,25.55386,25.23886,27.45906,24.69818,29.15476,29.15476,30.80584,29.41088,30.80584,31.241,30.61046,29.0,31.89044,31.241,29.20616,29.41088,28.01785,27.78489,27.45906,25.94224,24.16609,23.4094,24.16609,21.54066,20.39608,19.10497,19.0,17.0,21.58703,22.2036,20.09975,21.0238,20.02498,19.41649,18.43909,17.46425,15.81139,15.29706,14.86607,13.34166,13.34166,11.18034,11.04536,9.0,9.05539,9.05539,7.61577,9.21954,9.21954,9.89949,11.6619,13.0384,15.81139,14.76482,17.0,17.08801,17.88854,21.54066,19.92486,24.04163,24.04163,24.04163,25.0,25.4951,24.73863,27.45906,28.44293,31.40064,32.24903,33.13608,36.12478,36.22154,37.12142,40.4475,39.11521,41.04875,42.19005,43.28972,44.40721,45.39824,48.6621,44.91102,50.01,49.64877,46.09772
12.64911,11.7047,11.40175,11.40175,10.44031,9.21954,8.06226,8.06226,8.06226,7.0,7.0,7.07107,6.08276,6.32456,6.32456,6.7082,6.40312,5.83095,6.40312,7.07107,7.07107,7.81025,7.2111,8.60233,9.43398,8.94427,9.43398,10.81665,10.81665,10.81665,10.0,10.63015,10.63015,10.63015,11.31371,11.31371,10.63015,10.0,10.0,10.0,9.43398,9.43398,8.94427,8.94427,8.544,7.61577,7.28011,7.07107,7.07107,6.08276,6.0,5.09902,42.54409,41.88078,42.94182,35.8469,35.8469,34.1321,30.41381,29.06888,26.83282,26.40076,24.69818,23.4094,20.88061,20.39608,19.23538,19.0,20.02498,19.41649,18.43909,17.46425,19.69772,17.08801,18.60108,20.24846,19.72308,21.63331,20.51828,21.93171,23.34524,24.75884,24.04163,29.0,27.58623,29.73214,29.0,31.14482,29.73214,31.1127,30.61046,31.90611,28.84441,30.01666,29.52965,30.88689,28.63564,28.23119,27.51363,25.96151,23.76973,23.76973,22.36068,22.36068,21.09502,19.10497,18.0,18.24829,16.76305,22.36068,23.0,21.0238,22.2036,19.41649,19.92486,19.64688,17.08801,19.31321,17.08801,16.76305,14.31782,13.92839,13.15295,11.18034,10.19804,10.44031,10.0,7.07107,8.0,8.94427,9.43398,12.04159,11.31371,12.80625,13.60147,15.6205,18.02776,18.02776,19.72308,17.49286,21.0238,23.32381,21.47091,23.76973,25.07987,24.16609,28.23119,26.92582,30.08322,32.28002,33.24154,35.44009,35.90265,36.40055,35.90265,37.10795,40.26164,39.56008,43.01163,46.17359,43.68066,48.38388,42.54409,49.76947,48.8467,45.69464
13.45362,12.72792,12.04159,12.04159,10.63015,9.89949,9.43398,9.43398,8.94427,8.06226,8.06226,8.544,7.28011,7.07107,7.07107,7.0,7.07107,7.07107,7.28011,7.28011,7.61577,8.06226,7.61577,8.94427,9.84886,9.43398,10.29563,10.29563,11.6619,11.6619,11.18034,12.08305,12.52996,11.18034,12.08305,11.7047,12.36932,11.40175,11.18034,11.18034,10.19804,10.04988,10.04988,10.04988,9.05539,9.0,9.05539,8.06226,7.07107,7.28011,6.32456,6.7082,88.09086,84.21995,83.73769,75.28612,73.87828,66.70832,65.43699,63.12686,55.80323,52.43091,49.73932,47.01064,48.37355,42.37924,44.38468,39.05125,42.2019,41.04875,37.12142,35.35534,38.83298,36.67424,36.05551,39.39543,37.12142,41.18252,42.94182,42.80187,45.0,51.22499,48.9183,53.2635,55.60576,56.63921,59.5483,58.60034,60.60528,63.82006,65.0,63.13478,64.14047,61.32699,60.00833,61.46544,56.36488,54.78138,54.57105,55.31727,50.63596,49.49747,46.27094,46.27094,42.0,38.11824,40.1995,34.71311,32.57299,43.93177,42.15448,42.95346,40.81666,41.40048,39.40812,37.80212,36.12478,33.42155,33.30165,30.41381,28.3196,23.60085,26.90725,21.93171,21.09502,17.46425,15.65248,17.11724,18.02776,16.03122,20.61553,20.61553,23.43075,28.42534,29.06888,32.01562,33.97058,37.01351,35.35534,38.41875,42.42641,50.93133,43.27817,48.9183,50.0,50.60632,56.30275,54.6443,57.98276,62.43397,65.51336,64.49806,69.35416,70.66116,78.79086,77.36924,81.3941,80.5295,89.69392,91.41663,88.58894,94.15413,90.42677,100.12492,98.1835,100.12492
13.0,12.0,11.18034,11.04536,10.04988,9.05539,9.21954,8.24621,7.28011,7.28011,7.61577,6.7082,6.40312,6.40312,6.40312,6.40312,6.40312,5.83095,5.38516,6.32456,6.32456,7.07107,7.07107,8.06226,8.06226,9.05539,9.05539,10.04988,11.04536,11.04536,10.04988,11.18034,11.18034,11.18034,11.18034,10.44031,10.44031,9.84886,9.84886,9.84886,9.43398,9.43398,9.43398,8.06226,8.60233,7.81025,7.07107,7.07107,6.40312,5.83095,5.83095,5.38516,42.0119,44.04543,40.1995,37.05401,35.0571,33.06055,32.06244,29.15476,28.63564,27.16616,24.73863,23.4094,22.80351,20.61553,21.54066,19.41649,20.0,16.27882,17.02939,19.20937,17.88854,19.41649,17.46425,18.02776,18.02776,19.92486,20.39608,21.2132,23.19483,25.17936,23.19483,27.16616,26.07681,29.06888,27.16616,31.57531,30.41381,30.41381,30.59412,30.80584,28.16026,29.73214,29.15476,29.15476,26.40076,28.63564,26.41969,25.23886,23.02173,22.2036,22.80351,22.67157,19.79899,19.84943,17.20465,17.0,15.23155,21.40093,21.9545,22.84732,21.18962,20.61553,19.64688,19.41649,18.24829,18.68154,17.26268,15.13275,13.34166,15.13275,11.40175,12.36932,10.77033,12.08305,9.84886,8.48528,9.89949,9.43398,9.84886,11.7047,11.40175,12.36932,14.03567,16.49242,18.11077,18.02776,20.0,19.0,21.09502,23.08679,24.18677,24.18677,26.30589,26.4764,27.45906,28.28427,31.7805,28.86174,33.24154,34.48188,36.05551,36.05551,39.0,39.56008,40.16217,42.05948,43.68066,44.92215,47.12749,45.12206,48.76474,50.21952,48.27007,48.6621
13.60147,12.80625,12.20656,12.20656,11.40175,9.43398,10.29563,8.94427,8.94427,8.544,8.544,8.24621,7.28011,7.07107,7.07107,7.0,7.07107,7.07107,7.28011,7.28011,7.28011,7.61577,7.61577,8.06226,8.94427,8.60233,10.0,9.43398,10.81665,10.81665,10.29563,11.18034,11.6619,11.18034,11.18034,10.77033,11.7047,10.44031,10.44031,10.19804,10.19804,10.04988,10.04988,9.05539,9.0,8.0,8.06226,8.06226,8.06226,7.28011,6.7082,6.7082,92.09777,84.21995,83.40863,78.74643,74.63243,68.0147,65.60488,63.41136,55.80323,52.80152,54.70832,46.95743,49.1935,41.4367,44.38468,41.0,41.59327,37.01351,37.0,39.31921,37.33631,34.71311,37.33631,39.56008,40.31129,40.81666,42.19005,44.82187,48.25971,49.57822,49.67897,54.48853,49.40648,59.66574,59.5483,61.61169,59.03389,59.07622,59.16925,61.91123,61.40033,61.7171,63.15853,61.32699,58.5235,56.61272,58.24088,51.92302,48.50773,48.16638,47.51842,45.04442,45.01111,42.19005,39.45884,36.87818,32.57299,42.57934,41.76123,42.15448,40.70626,38.07887,38.27532,35.51056,35.22783,33.28663,29.20616,29.83287,30.0,25.55386,21.63331,25.55386,21.40093,21.47091,19.23538,17.11724,18.02776,19.41649,20.88061,24.16609,24.18677,22.47221,29.0,30.41381,33.30165,34.65545,42.42641,36.23534,42.63801,41.6173,46.04346,46.61545,50.21952,51.10773,54.70832,55.47071,63.06346,63.95311,61.84658,70.23532,71.11259,73.34848,76.96753,78.72103,79.84986,86.8159,83.19255,88.54942,91.70605,95.38344,89.55445,98.61541,97.12878,96.56604
14.03567,13.0384,13.15295,12.16553,11.18034,10.19804,9.48683,9.21954,9.48683,8.544,7.61577,8.06226,7.2111,7.2111,6.40312,7.81025,6.40312,6.40312,5.83095,6.7082,6.7082,7.28011,7.28011,8.24621,8.06226,8.06226,9.05539,10.04988,10.04988,11.04536,10.04988,11.18034,11.18034,11.18034,11.18034,10.44031,11.7047,9.84886,9.84886,10.29563,9.84886,9.84886,9.43398,8.60233,8.60233,8.60233,8.48528,7.07107,7.81025,7.2111,6.7082,6.32456,43.08132,43.01163,39.39543,37.69615,37.0,33.83785,32.20248,29.96665,28.6531,25.94224,25.4951,23.85372,23.43075,19.84943,20.51828,19.79899,20.80865,18.86796,18.86796,18.78829,17.26268,17.46425,17.11724,17.11724,20.02498,20.0,21.09502,23.19483,23.76973,25.4951,24.33105,26.92582,26.68333,28.44293,28.86174,30.41381,28.28427,31.57531,29.06888,31.06445,31.0,31.06445,28.01785,29.06888,27.45906,28.28427,26.68333,27.45906,24.5153,23.76973,20.61553,22.36068,22.36068,18.86796,17.20465,18.60108,18.43909,22.67157,22.67157,21.93171,19.84943,21.09502,19.23538,18.60108,16.55295,17.0,15.23155,13.92839,13.89244,14.76482,12.52996,11.18034,10.0,8.48528,8.60233,8.94427,8.544,8.24621,11.18034,11.0,10.04988,13.34166,13.92839,16.49242,16.76305,17.08801,20.24846,19.69772,21.54066,25.63201,21.93171,25.4951,24.18677,25.94224,27.29469,26.62705,30.52868,29.68164,33.42155,35.0,36.05551,35.0,38.20995,38.60052,39.82462,42.2019,44.65423,44.40721,45.60702,47.16991,49.92995,49.39636,49.09175,48.76474
13.0,12.64911,11.7047,11.7047,10.44031,9.48683,10.19804,8.24621,9.05539,8.0,8.0,8.06226,7.07107,7.07107,7.28011,7.28011,6.7082,6.7082,7.2111,7.81025,7.81025,8.48528,8.48528,9.21954,9.21954,9.21954,10.0,10.63015,11.40175,11.40175,11.31371,11.31371,12.04159,11.31371,12.04159,12.04159,11.40175,10.81665,10.81665,10.29563,10.29563,10.29563,9.84886,9.84886,9.48683,8.544,8.24621,8.24621,7.07107,7.07107,7.0,6.08276,44.77723,42.48529,42.48529,35.8469,35.8469,35.34119,31.95309,30.08322,28.79236,26.68333,25.96151,24.18677,25.07987,23.02173,20.0,21.0238,23.19483,20.61553,16.27882,18.02776,19.23538,18.35756,17.20465,20.0,19.84943,20.51828,21.93171,22.2036,23.43075,25.80698,23.60085,28.6007,26.40076,30.0,29.41088,31.89044,30.0,31.89044,31.14482,31.82766,30.4795,32.64966,30.0,30.80584,31.06445,27.78489,29.06888,27.313,24.59675,23.76973,23.4094,23.08679,22.36068,18.43909,20.02498,19.0263,18.0,23.19483,21.0,21.0238,21.37756,19.92486,18.68154,18.97367,17.46425,17.46425,16.15549,13.89244,13.92839,14.86607,12.64911,10.44031,9.21954,9.05539,8.06226,8.06226,9.84886,8.94427,10.0,9.21954,10.63015,12.04159,14.42221,14.76482,15.26434,16.12452,20.61553,17.46425,21.93171,21.0238,22.13594,21.54066,22.84732,24.04163,27.20294,26.68333,29.61419,32.75668,32.75668,33.54102,36.34556,36.67424,34.1321,37.48333,41.30375,41.4367,42.75512,43.56604,45.70558,47.53946,44.38468,47.12749,48.50773,47.43416
13.41641,12.52996,11.6619,12.52996,10.81665,9.43398,10.0,9.21954,8.48528,7.07107,8.48528,8.06226,7.2111,6.7082,6.7082,7.28011,7.28011,7.07107,7.0,8.0,8.06226,8.06226,8.06226,9.21954,9.21954,10.19804,10.44031,11.18034,11.40175,11.40175,12.16553,12.16553,12.04159,12.04159,12.04159,12.0,12.04159,11.04536,11.04536,11.04536,10.19804,10.19804,10.19804,9.21954,9.48683,8.544,8.94427,8.06226,8.06226,7.2111,6.40312,5.65685,89.0,83.7735,83.18654,79.47956,73.79024,62.6099,69.35416,63.06346,57.45433,52.35456,51.31277,49.40648,48.82622,44.68781,41.7732,40.22437,40.0,38.07887,36.76955,40.80441,37.10795,39.56008,38.20995,39.05125,38.11824,43.10452,45.27693,44.64303,49.81967,54.12024,51.92302,58.5235,54.34151,57.00877,58.69412,61.18823,62.16912,62.39391,65.27634,66.0303,63.07139,68.06614,64.12488,61.0082,58.21512,58.42089,54.58938,54.12947,52.17279,47.53946,49.33559,42.15448,45.65085,38.91015,42.72002,37.01351,33.24154,45.80393,42.2019,43.27817,44.04543,41.10961,39.66106,34.88553,34.43835,36.67424,36.24914,29.54657,29.54657,25.05993,27.29469,22.80351,19.41649,16.64332,19.20937,20.80865,18.78829,18.24829,19.10497,20.09975,22.56103,25.31798,25.63201,30.08322,32.69557,34.0147,35.8469,37.16181,46.51881,42.37924,44.72136,47.42362,51.47815,49.39636,56.93856,55.47071,60.44005,61.07373,66.4003,63.25346,70.76722,71.70077,79.39773,78.1025,80.91971,80.05623,89.81091,92.61749,92.45539,95.96353,92.358,100.95544,94.86833,100.49876
14.21267,12.80625,11.40175,12.20656,10.81665,10.0,9.43398,8.94427,8.94427,7.61577,7.61577,7.07107,7.07107,7.07107,6.0,7.07107,6.08276,6.32456,6.32456,6.7082,6.7082,7.2111,7.2111,7.81025,8.48528,8.48528,9.21954,9.89949,10.63015,10.63015,10.63015,10.63015,10.63015,10.63015,11.40175,10.81665,10.29563,9.84886,9.84886,9.84886,9.84886,9.48683,9.48683,8.544,8.24621,8.24621,7.07107,7.0,7.0,6.08276,6.08276,6.32456,90.21086,77.98718,81.30191,72.20111,71.40028,65.21503,65.21503,63.81222,57.45433,53.23533,50.9902,51.07837,46.8188,41.76123,42.44997,41.59327,39.20459,36.22154,34.1321,32.55764,35.73514,37.64306,33.12099,35.8469,40.22437,40.49691,40.22437,43.27817,44.04543,49.49747,47.38143,53.03772,55.97321,56.58622,58.72819,61.55485,61.52235,64.38167,61.85467,58.89822,58.00862,59.68249,62.26556,61.40033,58.59181,59.5063,55.15433,52.92447,48.38388,45.88028,46.09772,44.14748,43.41659,40.0,37.05401,34.23449,35.44009,45.12206,43.68066,43.9659,45.31004,38.94868,37.58989,35.51056,35.80503,35.22783,31.241,33.24154,25.23886,29.20616,25.0,22.47221,21.54066,19.64688,16.76305,21.37756,17.11724,22.36068,19.72308,19.69772,20.24846,27.80288,26.1725,32.80244,35.35534,35.35534,39.82462,38.41875,44.59821,44.04543,46.61545,46.04346,49.64877,50.21952,55.22681,52.69725,61.26989,62.17717,63.56099,69.35416,71.17584,72.23573,77.62087,75.23962,81.70679,83.00602,89.55445,92.61209,92.61209,95.70789,92.5905,99.47864,97.12878,98.61541
13.45362,14.21267,12.20656,12.80625,10.81665,10.81665,9.43398,8.94427,8.94427,7.61577,7.61577,7.28011,7.28011,7.07107,7.07107,7.0,7.07107,6.08276,6.32456,6.7082,6.7082,7.2111,7.2111,8.06226,8.60233,8.60233,9.89949,10.0,10.63015,10.63015,10.63015,10.81665,10.81665,10.81665,11.6619,11.18034,11.18034,10.77033,10.44031,10.44031,9.21954,10.19804,9.05539,9.05539,9.05539,8.0,8.06226,7.07107,7.07107,7.28011,6.32456,5.83095,41.86884,40.45986,39.69887,35.38361,36.12478,32.64966,30.61046,31.82766,26.24881,24.75884,25.80698,21.63331,23.02173,21.9545,19.23538,19.31321,18.78829,15.29706,16.27882,17.11724,18.02776,18.02776,17.26268,18.43909,19.31321,21.18962,18.78829,20.12461,21.47091,23.32381,23.02173,24.69818,25.55386,27.78489,27.45906,28.17801,29.52965,28.63564,30.46309,30.08322,30.08322,30.36445,29.12044,27.65863,25.70992,28.16026,25.17936,26.07681,22.0,22.02272,22.02272,23.19483,19.41649,19.92486,17.88854,17.88854,15.26434,22.56103,20.88061,20.59126,21.9545,19.41649,19.41649,17.02939,16.40122,15.55635,15.6205,13.45362,13.45362,14.21267,11.40175,10.81665,8.94427,12.16553,9.21954,8.06226,9.0,7.07107,11.18034,12.80625,12.08305,13.60147,15.81139,13.60147,20.61553,16.12452,21.93171,18.02776,19.79899,19.84943,19.10497,23.43075,31.89044,24.83948,23.85372,28.23119,27.80288,35.51056,29.68164,33.83785,33.54102,31.76476,35.8469,40.70626,34.66987,38.60052,40.49691,44.65423,46.04346,44.40721,43.60046,47.50789,48.41487,47.01064
12.20656,12.04159,10.63015,10.63015,9.21954,9.21954,7.81025,7.81025,7.2111,7.2111,6.7082,6.7082,6.32456,6.08276,6.08276,6.0,6.08276,6.08276,6.32456,7.28011,6.32456,6.7082,6.7082,8.06226,8.06226,8.60233,9.43398,10.29563,10.81665,10.81665,10.29563,10.29563,11.18034,9.84886,11.18034,10.44031,10.44031,10.19804,9.21954,10.19804,9.05539,9.05539,9.05539,8.06226,8.0,7.0,7.0,7.07107,6.08276,6.32456,5.38516,5.0,84.72308,82.36504,80.45496,77.38863,76.32169,67.74216,62.76942,60.53924,55.21775,54.03702,49.57822,43.86342,42.42641,42.0119,41.23106,41.18252,40.49691,38.48376,34.53983,35.73514,37.33631,37.21559,36.05551,38.20995,40.1995,39.45884,42.05948,44.94441,48.10405,53.31041,48.10405,48.75449,51.07837,58.69412,57.58472,60.74537,64.51356,61.09828,64.03124,61.18823,61.18823,59.84146,57.27128,58.42089,56.0803,56.00893,52.15362,55.08176,46.27094,46.17359,45.70558,46.69047,39.56008,39.92493,38.48376,34.9285,32.80244,45.48626,46.8615,43.86342,43.27817,42.2019,40.49691,38.27532,36.35932,35.35534,32.75668,30.8707,26.24881,28.42534,25.0,22.67157,23.60085,20.80865,16.64332,18.02776,14.56022,16.0,23.19483,22.0,24.73863,26.24881,27.313,27.85678,30.8707,36.05551,39.35734,35.8469,44.72136,44.29447,41.67733,46.64762,48.82622,51.0392,53.8145,52.40229,59.5483,58.89822,67.26812,68.11755,72.83543,70.00714,75.9276,77.7946,79.20859,81.32035,86.97701,91.21952,89.82761,95.13149,93.08598,95.77578,94.36631,96.02083
13.45362,12.72792,12.04159,12.04159,10.63015,10.63015,10.0,8.60233,8.60233,8.06226,8.06226,8.544,7.28011,7.28011,7.28011,7.0,7.0,7.07107,7.07107,7.28011,8.24621,8.544,8.544,9.84886,9.84886,9.84886,11.18034,10.77033,12.08305,12.08305,12.08305,12.08305,12.08305,11.7047,12.36932,12.36932,12.36932,12.16553,11.18034,11.04536,11.0,11.04536,10.0,10.0,10.04988,9.05539,9.05539,8.24621,7.28011,7.61577,6.7082,6.7082,91.06591,86.31338,82.37718,73.43024,73.78347,67.41662,67.41662,61.58734,55.21775,52.80152,49.57822,46.01087,45.27693,44.68781,40.60788,38.47077,37.58989,40.31129,33.83785,33.95585,38.47077,37.33631,38.01316,38.32754,41.30375,42.95346,43.93177,44.59821,45.60702,51.07837,50.32892,52.20153,55.65968,59.46427,57.93962,62.64184,59.90826,65.14599,65.62012,58.24946,61.66036,58.69412,65.19202,61.0082,57.00877,58.00862,55.00909,54.14795,48.25971,47.85394,49.47727,44.92215,41.78516,39.82462,38.91015,38.60052,32.80244,43.909,41.23106,46.66905,41.03657,41.86884,39.82462,36.40055,33.54102,34.98571,30.88689,32.64966,28.30194,29.41088,25.23886,22.2036,20.0,21.26029,14.76482,16.55295,15.23155,16.76305,18.24829,16.27882,23.76973,25.29822,29.54657,26.92582,30.67572,35.77709,40.70626,32.75668,39.81206,45.79301,46.14109,48.54894,51.0392,51.86521,49.20366,55.60576,56.56854,58.72819,65.29931,66.46804,70.72482,69.31089,74.41102,77.78175,75.82216,82.73452,84.85281,87.0,88.45903,94.84725,92.31468,101.04454,95.42536,96.26006
13.89244,13.41641,13.0,13.0,12.08305,11.18034,10.44031,9.48683,9.48683,8.24621,8.06226,8.0,8.0,8.06226,7.0,7.28011,7.28011,7.28011,6.7082,6.7082,7.2111,7.81025,7.81025,8.48528,9.21954,9.89949,10.63015,10.63015,11.31371,11.31371,10.63015,12.04159,12.04159,11.40175,12.20656,11.6619,11.6619,11.18034,10.77033,10.77033,10.44031,10.44031,10.44031,9.48683,9.21954,9.21954,9.05539,8.0,8.0,7.0,7.07107,7.28011,42.80187,42.2019,39.40812,35.60899,36.40055,34.82815,32.20248,32.20248,30.23243,26.41969,24.59675,24.16609,23.76973,21.18962,20.88061,20.61553,21.09502,20.22375,19.0263,19.10497,19.41649,18.43909,17.0,18.38478,18.86796,21.63331,22.02272,21.40093,23.60085,26.24881,25.80698,27.80288,26.40076,27.65863,28.3196,30.0,29.83287,31.89044,31.62278,30.01666,31.38471,29.06888,30.8707,29.15476,26.0,27.51363,27.20294,26.92582,23.5372,23.5372,24.33105,23.08679,21.09502,20.02498,20.22375,19.64688,18.02776,22.2036,20.61553,20.61553,20.61553,20.12461,18.86796,18.35756,16.64332,15.6205,15.0,13.0384,14.42221,12.52996,12.20656,9.43398,7.61577,9.48683,7.28011,9.0,7.07107,9.21954,10.29563,9.43398,12.20656,12.80625,14.86607,14.14214,15.55635,16.27882,19.20937,18.86796,22.02272,22.47221,23.32381,24.69818,23.32381,25.80698,26.92582,28.17801,30.8707,31.7805,33.24154,33.10589,36.05551,34.9285,41.10961,40.31129,41.23106,42.54409,44.94441,42.54409,46.09772,47.85394,44.29447,49.64877,49.64877,49.73932
14.56022,13.60147,12.64911,12.64911,11.7047,10.77033,11.18034,9.84886,9.43398,8.60233,8.60233,8.48528,8.48528,7.81025,7.81025,8.06226,7.61577,7.61577,7.28011,8.24621,8.06226,8.06226,8.06226,9.0,10.0,10.0,10.04988,11.0,12.04159,11.04536,12.0,12.0,12.0,12.04159,12.04159,12.04159,12.16553,12.36932,11.40175,11.40175,10.77033,10.77033,10.77033,9.84886,9.84886,8.94427,8.60233,8.60233,7.81025,7.81025,7.07107,7.2111,44.10215,41.04875,42.57934,38.0526,36.22154,34.1321,33.24154,30.59412,28.63564,26.68333,26.68333,23.08679,24.35159,20.61553,21.47091,22.2036,19.20937,19.20937,17.69181,18.60108,18.86796,17.49286,18.38478,19.92486,19.92486,21.58703,21.2132,22.09072,23.08679,26.07681,24.02082,28.0,28.01785,27.01851,30.06659,30.14963,29.15476,32.24903,32.98485,30.80584,30.41381,32.57299,31.04835,31.95309,28.79236,29.15476,28.63564,27.73085,26.41969,24.18677,23.32381,23.02173,21.40093,21.26029,19.84943,19.20937,18.60108,21.0238,20.24846,20.88061,20.22375,20.39608,18.11077,16.12452,17.02939,18.0,15.0333,14.03567,14.03567,12.04159,12.16553,11.04536,11.40175,9.21954,8.06226,8.60233,7.81025,8.48528,9.43398,10.44031,9.48683,13.0384,13.60147,14.03567,17.0,18.11077,20.09975,18.02776,22.02272,20.02498,23.02173,24.18677,24.18677,24.33105,25.70992,28.63564,29.12044,31.7805,33.24154,34.48188,36.68787,36.68787,35.4683,38.32754,37.94733,42.37924,42.05948,45.54119,44.92215,48.50773,46.32494,45.12206,47.29693,46.69047
14.14214,13.34166,12.36932,12.36932,11.40175,10.44031,10.44031,9.48683,9.48683,8.94427,8.06226,8.60233,7.81025,7.07107,7.07107,7.81025,7.2111,8.06226,7.61577,7.61577,8.544,8.24621,8.24621,9.05539,9.21954,10.04988,11.04536,11.04536,12.04159,12.04159,11.18034,12.16553,12.16553,12.36932,12.36932,12.64911,11.7047,12.08305,11.18034,11.18034,10.81665,10.81665,10.81665,10.0,10.0,9.21954,9.21954,8.48528,7.81025,7.81025,8.06226,6.7082,46.87217,40.04997,41.59327,38.32754,36.49658,33.37664,30.59412,33.54102,27.20294,25.70992,24.35159,23.4094,24.59675,21.0238,22.84732,20.80865,19.84943,19.79899,19.10497,18.60108,19.23538,17.0,18.97367,18.38478,17.72005,21.84033,21.58703,23.19483,24.08319,26.01922,26.07681,30.01666,25.07987,29.15476,29.06888,30.26549,31.257,30.06659,31.57531,30.80584,30.59412,30.67572,30.08322,29.54657,29.54657,29.54657,30.01666,25.55386,26.41969,23.60085,24.20744,22.80351,19.84943,19.10497,20.80865,19.72308,19.72308,20.0,21.63331,19.72308,20.61553,19.92486,19.64688,18.43909,17.26268,17.46425,14.14214,12.36932,14.31782,14.56022,12.36932,9.05539,8.544,8.06226,8.06226,7.81025,9.43398,10.0,9.48683,10.04988,10.04988,12.0,13.0384,14.0,17.11724,17.02939,18.68154,18.43909,21.37756,21.37756,19.64688,24.04163,24.5153,25.0,27.51363,28.4605,30.08322,30.67572,32.31099,33.54102,34.0147,38.91015,37.57659,37.57659,39.35734,41.14608,41.14608,43.46263,45.88028,48.70318,44.27189,49.0408,47.80167,47.12749
13.89244,12.52996,12.08305,11.18034,10.29563,9.84886,9.84886,8.544,8.24621,7.28011,7.07107,7.0,7.0,6.08276,6.08276,6.32456,6.32456,6.7082,5.83095,6.40312,6.40312,6.40312,7.07107,7.81025,7.81025,8.60233,10.0,10.0,10.0,10.0,10.63015,10.63015,11.31371,10.63015,10.63015,11.40175,11.40175,10.81665,9.43398,10.29563,8.94427,9.84886,8.544,8.544,8.544,8.24621,7.07107,7.07107,7.0,6.0,6.08276,5.38516,44.65423,42.80187,40.49691,38.60052,35.51056,32.20248,31.90611,32.24903,27.78489,28.17801,27.313,23.4094,24.69818,20.61553,22.13594,21.09502,19.10497,18.02776,19.10497,17.46425,18.97367,18.97367,18.35756,18.35756,18.02776,19.20937,21.40093,23.34524,23.43075,24.83948,24.75884,26.90725,26.87006,29.0,30.41381,30.61046,32.55764,33.30165,31.89044,29.83287,30.23243,30.61046,31.38471,30.01666,29.06888,27.313,27.313,27.51363,25.0,23.76973,23.34524,22.09072,21.0238,21.0238,19.0,17.26268,17.46425,24.02082,25.17936,23.34524,22.56103,20.61553,21.18962,20.61553,19.23538,18.78829,16.15549,17.46425,13.41641,14.56022,12.64911,11.7047,11.18034,9.0,10.04988,7.07107,9.21954,8.544,10.81665,12.80625,12.04159,13.45362,16.40122,18.43909,17.02939,19.20937,21.9545,20.24846,23.02173,25.23886,23.32381,25.05993,25.07987,27.73085,29.73214,30.08322,31.01612,32.31099,35.44009,37.0,37.94733,39.84972,42.72002,39.05125,42.72002,42.05948,47.12749,47.16991,47.16991,48.46648,47.53946,49.39636,51.07837,50.56679
13.89244,12.20656,12.20656,12.20656,10.81665,10.0,9.21954,8.48528,8.48528,7.81025,7.81025,7.2111,7.2111,6.7082,6.7082,6.32456,6.08276,6.08276,6.0,6.0,6.0,7.07107,7.07107,7.28011,8.24621,8.544,9.48683,9.21954,10.44031,10.44031,10.19804,10.19804,10.19804,10.19804,11.18034,11.04536,11.0,10.04988,10.04988,10.04988,10.19804,9.21954,9.21954,8.544,8.544,7.61577,8.06226,7.2111,7.2111,6.40312,7.07107,5.65685,84.53402,84.53402,84.59905,73.92564,70.21396,67.54258,61.29437,63.13478,56.82429,56.0803,50.44799,44.68781,46.8615,42.44997,42.42641,40.80441,38.60052,36.35932,34.0,38.27532,37.36308,33.95585,38.01316,37.12142,39.20459,38.20995,44.55334,45.88028,48.27007,51.5461,51.97115,55.54278,47.67599,60.63827,50.69517,63.63961,62.39391,62.64982,65.19202,58.07753,57.07889,62.07254,59.03389,60.67125,55.9017,56.88585,54.34151,52.39275,50.28916,48.10405,48.8467,43.82921,42.94182,42.72002,36.40055,37.48333,31.40064,45.88028,41.62932,42.04759,41.40048,37.53665,40.31129,37.48333,35.38361,33.97058,33.30165,31.241,30.4795,23.43075,27.65863,21.2132,20.61553,18.86796,15.23155,17.08801,20.22375,21.0238,21.37756,20.22375,20.24846,26.0,29.96665,30.41381,32.75668,33.61547,39.11521,36.40055,46.04346,43.82921,44.94441,48.01042,50.44799,53.82379,51.73973,53.75872,60.82763,65.06919,65.76473,71.42129,73.59348,72.24957,82.13404,79.93122,81.32035,88.45903,84.8646,86.97701,91.93476,97.94897,90.60905,100.60318,101.41499,96.02083
14.31782,13.15295,12.04159,11.18034,11.18034,10.04988,10.04988,9.0,9.0,8.06226,8.06226,8.24621,7.28011,7.61577,6.7082,7.2111,7.2111,7.2111,7.07107,7.81025,7.81025,8.60233,8.60233,8.94427,8.94427,8.94427,9.84886,11.18034,11.18034,11.18034,11.6619,11.6619,11.6619,11.6619,12.20656,11.40175,11.40175,10.63015,11.31371,10.63015,10.63015,10.0,10.0,8.60233,9.43398,9.43398,8.94427,8.06226,7.61577,7.28011,7.28011,6.08276,46.32494,43.41659,40.26164,37.36308,36.40055,35.17101,32.75668,30.59412,29.61419,26.30589,26.01922,24.08319,23.0,22.02272,21.0,19.64688,19.92486,18.78829,18.35756,20.0,18.60108,19.84943,16.97056,20.61553,18.43909,23.02173,22.2036,22.36068,23.70654,26.40076,26.40076,28.23119,28.63564,30.8707,30.46309,30.01666,29.15476,31.38471,31.90611,31.06445,30.80584,32.01562,30.41381,31.14482,28.28427,29.0,27.65863,27.65863,24.20744,24.69818,23.32381,23.02173,21.93171,19.92486,21.18962,19.64688,18.02776,22.56103,19.23538,23.0,20.02498,20.09975,17.46425,17.26268,16.49242,16.76305,16.49242,13.60147,12.64911,12.36932,11.04536,10.19804,11.0,10.0,8.06226,8.544,7.2111,9.21954,10.0,9.89949,9.43398,12.20656,13.0,13.41641,15.81139,16.76305,16.49242,19.64688,20.61553,22.13594,21.37756,23.5372,25.4951,25.31798,27.07397,28.16026,29.06888,32.14032,35.01428,34.0,37.01351,33.0,37.01351,38.0526,38.11824,42.0119,43.01163,45.09989,47.26521,46.04346,45.39824,49.16299,46.38965,48.37355
13.41641,13.41641,11.6619,12.52996,10.81665,10.29563,10.0,8.60233,8.60233,7.81025,8.48528,7.81025,7.81025,7.2111,6.7082,6.7082,7.28011,6.32456,7.07107,7.07107,7.07107,8.0,7.0,8.06226,9.05539,9.05539,10.19804,10.04988,11.18034,11.18034,11.04536,11.04536,11.0,11.0,11.0,11.04536,11.04536,11.18034,11.18034,11.18034,10.44031,10.44031,9.48683,9.48683,8.94427,8.94427,8.06226,7.2111,7.81025,7.81025,7.07107,6.40312,86.97701,78.74643,81.34494,70.5195,67.41662,65.55151,59.9333,63.69458,54.56189,52.7731,55.47071,46.64762,45.48626,40.80441,42.42641,37.64306,39.20459,36.40055,31.06445,33.61547,37.33631,33.83785,37.21559,34.23449,38.0526,41.04875,41.04875,44.55334,44.04543,50.63596,49.25444,54.91812,50.15974,57.87055,55.10898,62.514,57.70615,59.21149,64.07027,61.0082,55.08176,60.29925,60.67125,59.5399,53.93515,52.95281,54.81788,54.34151,48.70318,50.08992,47.41308,42.05948,38.94868,41.86884,37.64306,33.94113,33.97058,42.63801,42.44997,37.64306,42.80187,39.82462,41.67733,37.16181,38.27532,35.34119,27.51363,28.4605,25.29822,25.4951,21.47091,20.24846,18.60108,16.97056,14.14214,16.64332,14.76482,13.34166,20.02498,17.02939,20.02498,24.18677,25.0,29.41088,33.13608,34.9285,36.76955,33.52611,42.37924,42.15448,44.27189,47.85394,46.61545,48.76474,55.47071,57.70615,55.75841,59.36329,63.28507,67.41662,68.41053,77.10383,73.23933,75.45197,77.62087,78.49204,84.05355,88.48164,86.53323,94.15413,89.35883,93.53609,95.88013,93.03763
14.31782,13.41641,13.0384,11.6619,11.6619,9.43398,10.0,9.21954,9.21954,8.48528,7.81025,7.81025,7.2111,6.7082,5.83095,7.28011,6.08276,7.07107,6.08276,7.0,7.0,7.07107,7.07107,8.24621,8.24621,8.24621,9.48683,10.44031,10.44031,11.7047,10.19804,11.18034,11.18034,11.18034,11.18034,11.04536,11.0,11.04536,10.04988,10.04988,10.19804,10.19804,9.21954,8.24621,8.544,8.544,7.61577,8.06226,7.2111,7.2111,7.07107,6.40312,92.28218,82.34683,84.21995,73.79024,74.43118,71.11962,62.1289,63.13478,54.40588,51.61395,44.20407,47.01064,44.04543,40.36087,34.65545,38.27532,43.86342,39.56008,34.0147,32.75668,37.65634,33.37664,34.0147,39.05125,38.63936,41.4367,40.5216,45.54119,42.72002,50.15974,48.8467,59.5063,49.76947,61.46544,54.626,64.19502,60.72891,60.87693,58.46366,62.36986,57.42822,58.69412,61.20457,59.03389,63.07139,50.0,56.00893,51.0,47.16991,47.51842,46.09772,44.38468,43.01163,38.48376,38.47077,35.34119,32.55764,44.41846,44.59821,41.01219,42.44997,38.94868,40.49691,34.1321,34.0,34.88553,27.78489,30.52868,25.0,25.80698,22.02272,26.07681,17.02939,18.86796,19.23538,14.86607,13.41641,15.81139,23.02173,18.0,22.2036,25.29822,30.08322,31.32092,36.71512,32.64966,41.67733,38.01316,49.64877,45.65085,44.94441,47.70744,51.62364,49.73932,55.0,55.80323,62.00806,67.47592,65.8559,70.03571,71.42129,73.75636,77.10383,79.24645,77.83315,84.38602,82.807,90.02777,92.69844,102.44999,88.40814,102.80078,99.80982,91.83137
13.41641,13.0,12.64911,11.7047,10.44031,9.48683,10.19804,9.05539,9.05539,8.0,8.0,8.06226,7.07107,7.07107,7.28011,7.61577,7.61577,6.7082,7.2111,7.81025,7.81025,8.48528,8.48528,9.21954,9.21954,9.21954,10.0,11.40175,11.40175,11.40175,11.40175,12.04159,12.04159,12.04159,12.72792,12.04159,11.40175,11.6619,10.81665,10.81665,10.29563,10.29563,10.29563,9.84886,9.48683,8.544,8.24621,8.24621,8.06226,7.07107,7.0,7.0,44.94441,41.4367,42.37924,38.60052,36.05551,33.52611,32.01562,30.36445,27.20294,28.44293,26.30589,22.02272,26.0,22.0,21.0,20.39608,20.22375,20.88061,18.38478,17.88854,21.09502,18.02776,18.43909,19.10497,18.38478,19.84943,20.80865,25.05993,24.69818,27.29469,26.41969,27.78489,27.78489,30.88689,29.06888,31.62278,30.80584,31.06445,32.01562,31.241,31.241,31.82766,30.4795,30.4795,28.42534,28.42534,28.6007,28.01785,26.92582,25.55386,23.70654,22.84732,21.93171,21.37756,19.23538,19.10497,16.03122,20.61553,22.09072,22.02272,23.08679,20.39608,20.22375,18.02776,17.72005,16.49242,15.52417,16.15549,12.64911,13.34166,11.7047,9.21954,10.19804,9.05539,7.28011,7.61577,6.7082,8.06226,8.48528,10.0,10.63015,13.0384,14.31782,14.31782,15.65248,16.55295,20.24846,18.38478,21.18962,19.92486,21.84033,24.5153,23.5372,25.31798,26.4764,26.4764,28.28427,30.26549,30.06659,34.05877,35.01428,38.11824,38.0526,38.11824,39.05125,40.11234,44.04543,45.39824,44.28318,47.51842,44.55334,48.50773,47.67599,49.72927
12.16553,12.16553,11.04536,11.18034,9.21954,9.05539,9.05539,8.06226,7.0,7.07107,7.07107,6.32456,6.32456,5.83095,5.83095,5.83095,5.65685,5.65685,5.65685,6.40312,5.83095,6.7082,6.7082,7.61577,7.61577,8.544,9.48683,9.48683,10.44031,9.48683,9.48683,10.77033,10.77033,9.84886,10.29563,10.29563,10.81665,10.0,9.21954,9.21954,8.48528,9.21954,7.81025,7.81025,7.2111,7.2111,7.2111,6.7082,6.7082,6.32456,6.08276,5.09902,42.05948,41.10961,41.23106,35.73514,36.40055,34.20526,30.67572,31.04835,26.92582,26.4764,24.5153,22.2036,24.18677,21.0238,20.02498,18.68154,18.43909,17.0,17.08801,16.12452,18.86796,17.80449,18.43909,19.79899,19.20937,19.20937,19.72308,21.47091,21.47091,23.76973,24.16609,26.40076,25.55386,29.96665,28.63564,29.52965,30.52868,29.52965,30.80584,30.4795,29.41088,29.06888,28.42534,29.83287,28.28427,27.01851,27.01851,26.62705,23.60085,21.9545,20.12461,22.36068,19.69772,18.97367,19.64688,18.43909,17.0,23.08679,22.09072,21.09502,22.09072,21.09502,20.02498,17.11724,18.24829,18.24829,15.52417,15.29706,14.14214,14.03567,12.04159,11.0,11.0,11.0,10.44031,8.06226,8.544,10.0,10.0,11.31371,12.20656,13.0384,14.86607,16.55295,15.65248,16.55295,19.64688,20.24846,21.84033,23.5372,23.5372,24.04163,25.4951,24.5153,27.29469,28.28427,32.06244,32.14032,33.06055,35.35534,36.12478,36.01389,35.12834,40.11234,40.0125,42.29657,43.01163,45.04442,46.01087,48.37355,45.39824,49.36598,49.81967,47.29693
13.0384,12.04159,11.18034,11.04536,10.19804,9.05539,9.21954,8.24621,7.28011,7.28011,6.7082,6.7082,7.2111,6.40312,5.65685,6.40312,5.83095,5.83095,5.38516,6.32456,6.32456,6.08276,7.28011,8.06226,8.06226,9.0,9.05539,10.04988,10.04988,10.04988,10.19804,11.18034,11.18034,10.19804,11.40175,10.44031,10.77033,9.84886,9.84886,8.94427,9.43398,9.43398,8.60233,8.60233,7.81025,7.81025,7.07107,6.40312,6.40312,5.83095,6.32456,5.38516,42.57934,41.59327,39.31921,36.34556,35.90265,34.52535,30.26549,31.257,27.07397,27.07397,24.02082,22.0,21.0238,21.09502,20.09975,18.97367,17.46425,18.78829,17.0,18.02776,19.79899,16.27882,17.80449,19.20937,19.20937,20.24846,20.59126,21.18962,22.47221,24.04163,24.69818,26.57066,25.63201,27.85678,27.51363,28.63564,29.52965,30.88689,31.62278,30.0,29.68164,29.41088,28.6007,30.4795,27.58623,28.3196,27.01851,25.6125,24.20744,22.80351,23.32381,22.36068,20.24846,17.46425,17.46425,17.46425,16.49242,23.02173,23.25941,22.47221,20.88061,20.39608,21.2132,18.11077,18.02776,17.0,18.0,16.03122,16.27882,15.0333,13.34166,12.16553,10.19804,9.84886,8.06226,8.60233,8.48528,10.63015,8.06226,10.44031,11.7047,13.34166,15.29706,15.13275,17.26268,18.24829,21.09502,21.0238,21.0238,23.08679,24.18677,25.0,25.0,25.01999,28.16026,29.15476,31.40064,31.40064,33.54102,34.36568,36.34556,35.35534,39.31921,40.31129,40.60788,43.56604,44.28318,44.40721,48.05206,47.16991,46.01087,48.25971,49.0408,47.01064
14.14214,13.34166,12.36932,12.16553,11.40175,10.19804,9.48683,8.544,8.544,7.61577,8.06226,7.2111,7.2111,7.07107,6.40312,7.2111,5.83095,6.7082,6.7082,6.32456,6.32456,7.07107,7.07107,8.06226,8.0,8.0,9.0,10.0,10.0,11.0,10.04988,11.04536,11.04536,11.04536,11.18034,11.18034,11.40175,10.44031,10.77033,9.84886,10.29563,8.94427,9.43398,9.43398,8.60233,7.81025,7.81025,7.07107,7.07107,7.2111,6.7082,5.83095,44.55334,42.75512,40.79216,38.63936,33.73426,33.37664,32.75668,31.57531,28.79236,28.4605,26.57066,23.76973,23.76973,21.9545,20.59126,21.26029,19.20937,18.43909,17.02939,17.80449,17.88854,18.38478,16.76305,19.64688,17.72005,18.43909,18.02776,23.08679,23.0,23.08679,25.0,26.30589,26.0,28.07134,28.01785,31.01612,30.01666,30.01666,30.26549,29.06888,29.42788,32.55764,30.36445,28.4605,28.86174,28.4605,27.51363,26.40076,25.07987,23.32381,22.82542,20.80865,20.61553,21.2132,19.10497,17.80449,16.12452,21.40093,20.24846,23.76973,20.12461,18.02776,25.70992,13.0,10.77033,17.26268,15.81139,13.15295,14.14214,10.44031,11.40175,8.60233,9.21954,7.2111,4.47214,8.48528,5.65685,10.19804,10.04988,10.44031,13.15295,13.0384,11.04536,14.14214,15.13275,18.68154,21.2132,17.46425,24.18677,21.58703,21.54066,24.73863,28.86174,26.57066,27.85678,27.85678,31.38471,30.46309,34.0147,35.34119,35.77709,37.16181,40.49691,37.12142,39.82462,41.59327,44.72136,47.85394,44.72136,48.8467,47.53946,49.0408,49.98,49.0408
14.14214,14.14214,12.36932,13.15295,11.18034,11.18034,10.44031,9.48683,9.84886,8.06226,8.94427,8.06226,8.60233,7.81025,7.07107,7.81025,8.06226,7.2111,7.61577,7.61577,8.544,8.24621,8.24621,9.05539,9.21954,10.19804,11.04536,11.04536,11.04536,12.04159,12.16553,12.16553,12.16553,12.16553,12.36932,11.40175,12.64911,12.08305,12.08305,11.18034,10.29563,11.18034,10.81665,9.43398,9.43398,9.21954,9.21954,8.48528,8.48528,7.81025,7.2111,6.7082,44.18144,41.0,41.04875,40.0125,37.0,35.0,32.01562,31.01612,27.07397,25.17936,25.17936,25.17936,25.70992,22.47221,22.47221,21.09502,19.72308,20.0,18.43909,18.38478,20.51828,19.41649,18.02776,19.72308,20.24846,20.61553,21.18962,23.5372,23.76973,26.1725,26.4764,28.16026,25.70992,29.15476,29.27456,31.57531,29.61419,32.28002,30.67572,31.01612,29.15476,31.95309,32.20248,32.64966,28.17801,29.06888,27.45906,27.20294,25.0,25.6125,24.04163,23.34524,24.08319,20.80865,20.24846,18.35756,17.88854,21.93171,19.64688,21.2132,22.09072,20.02498,19.0,16.0,18.11077,16.03122,16.0,14.31782,12.0,13.0,11.04536,10.04988,9.05539,10.19804,7.61577,7.61577,8.60233,8.06226,9.43398,9.84886,11.18034,10.19804,14.14214,14.31782,16.03122,17.11724,20.09975,17.02939,21.0,22.02272,21.0238,24.33105,24.0,25.07987,24.33105,27.29469,28.44293,29.42788,31.57531,32.75668,35.44009,34.48188,38.83298,39.81206,40.5216,42.95346,44.14748,46.09772,46.57252,47.38143,46.27094,48.50773,47.51842,47.26521
13.92839,13.0,12.08305,12.08305,12.08305,9.84886,9.43398,8.94427,8.60233,8.60233,8.60233,7.81025,7.07107,6.40312,6.40312,6.7082,6.32456,6.32456,6.08276,6.08276,6.08276,7.0,7.0,8.06226,8.06226,9.21954,9.21954,10.19804,10.19804,11.18034,10.04988,11.04536,11.04536,11.04536,11.0,11.0,11.04536,11.18034,10.19804,10.19804,9.21954,9.48683,9.48683,8.544,8.544,8.544,8.06226,7.2111,7.81025,7.07107,7.07107,6.40312,89.55445,81.15417,82.8553,74.32362,73.06162,61.7414,68.0,64.88451,56.4358,53.85165,49.64877,48.60041,44.59821,44.59821,41.72529,42.2019,41.67733,40.24922,33.10589,35.1141,36.49658,35.90265,33.01515,38.0526,37.12142,39.11521,42.95346,42.44997,46.57252,51.24451,50.92151,50.28916,55.7853,57.56735,55.36244,61.13101,61.18823,58.46366,62.64982,60.01666,58.54912,60.29925,60.03332,57.03508,55.03635,56.0357,53.60037,52.34501,49.49747,47.07441,45.35416,43.08132,40.71855,38.47077,41.34005,36.05551,32.80244,48.60041,45.25483,43.18565,41.86884,39.96248,38.83298,35.8469,35.77709,34.0,29.54657,24.69818,26.41969,27.45906,22.67157,21.26029,19.41649,21.26029,16.27882,15.65248,17.08801,18.02776,21.09502,22.09072,25.70992,24.5153,30.08322,29.83287,35.4683,37.64306,36.40055,40.71855,43.08132,44.77723,45.65085,47.41308,50.24938,54.08327,54.91812,56.85948,64.2028,65.0,62.00806,67.80118,74.33034,69.6563,75.60423,80.43009,80.28076,85.14693,91.21403,90.0,93.43447,91.40022,94.04786,100.0,96.83491,98.9798
13.89244,11.6619,12.20656,11.6619,10.81665,10.0,9.21954,8.48528,7.81025,7.81025,7.81025,8.06226,6.7082,6.7082,7.28011,7.07107,7.07107,7.0,7.07107,7.07107,8.06226,7.28011,8.24621,9.48683,9.48683,9.84886,10.77033,10.77033,11.7047,11.7047,11.7047,11.7047,12.64911,12.36932,12.36932,12.16553,12.04159,11.04536,11.04536,11.0,10.0,11.0,10.04988,10.04988,9.05539,9.05539,8.24621,8.24621,7.28011,7.61577,6.7082,5.83095,86.97701,80.32434,81.939,72.23573,66.48308,63.69458,60.40695,61.26989,53.66563,54.58938,49.09175,46.04346,46.75468,42.2019,44.04543,40.60788,42.80187,39.40812,34.48188,35.4683,38.32754,36.13862,39.20459,34.0147,36.01389,41.4367,41.30375,47.07441,46.09772,53.75872,47.51842,55.31727,52.95281,61.84658,55.54278,63.3877,61.61169,63.34824,65.06919,60.29925,59.07622,63.00794,63.07139,62.514,60.29925,56.4358,54.57105,49.47727,51.24451,49.0306,46.48656,47.53946,42.37924,41.67733,39.40812,36.76955,30.4795,44.55334,44.68781,43.60046,45.22168,40.71855,40.8534,38.27532,35.77709,34.17601,33.24154,31.04835,28.16026,26.40076,28.4605,23.08679,17.49286,17.0,17.02939,17.20465,17.0,15.81139,17.26268,21.37756,26.01922,27.01851,28.63564,27.29469,34.1321,31.32092,38.32754,36.68787,44.59821,43.9659,44.01136,48.75449,44.28318,49.39636,52.3259,58.18075,60.20797,64.49806,64.66065,69.46222,68.8186,68.7968,75.21303,75.80237,82.41966,80.0,84.05355,89.35883,90.13878,96.17692,90.35486,99.76472,93.64828,96.60228
13.34166,12.36932,11.7047,11.40175,10.44031,9.48683,8.94427,8.06226,8.06226,8.60233,7.81025,7.07107,7.07107,7.2111,7.2111,7.61577,7.28011,7.28011,7.07107,7.07107,8.06226,8.0,8.0,9.0,9.05539,10.04988,11.04536,11.04536,12.04159,12.04159,12.0,12.0,12.0,12.0,12.04159,12.04159,12.16553,11.18034,11.18034,10.44031,10.44031,10.44031,10.44031,9.48683,9.84886,8.94427,8.06226,8.06226,8.06226,6.40312,7.07107,5.65685,46.87217,41.0,42.95346,38.32754,37.10795,34.52535,31.04835,32.01562,28.16026,28.16026,23.76973,24.69818,23.25941,22.36068,21.47091,21.26029,21.2132,18.43909,19.41649,18.02776,20.24846,17.46425,20.61553,18.68154,21.37756,21.0238,22.0,24.02082,25.0,26.1725,27.16616,29.01724,27.01851,32.01562,29.15476,33.01515,32.0,32.01562,32.14032,31.257,33.37664,32.38827,32.75668,30.41381,30.08322,28.16026,29.73214,28.79236,26.83282,24.59675,25.05993,24.18677,22.2036,19.41649,21.26029,19.79899,18.60108,23.43075,22.47221,21.9545,23.76973,19.92486,20.88061,18.24829,18.24829,17.26268,17.26268,17.26268,13.15295,14.03567,11.40175,11.40175,10.77033,10.81665,10.44031,8.48528,9.43398,8.94427,9.48683,12.36932,12.16553,13.0384,15.0,14.14214,17.0,17.11724,19.41649,19.41649,21.2132,23.76973,22.80351,26.24881,24.04163,24.04163,28.16026,27.51363,30.08322,33.61547,32.20248,36.76955,36.67424,35.8469,39.96248,37.57659,40.31129,40.71855,45.18849,44.94441,46.51881,48.8467,46.8188,51.26402,51.26402,50.59644
14.14214,13.45362,12.04159,12.72792,11.31371,10.63015,10.0,9.43398,9.43398,8.06226,8.06226,8.544,7.61577,8.24621,7.28011,7.07107,7.0,7.07107,7.07107,7.07107,7.28011,7.61577,7.61577,8.06226,8.94427,8.94427,10.29563,10.29563,11.18034,11.18034,11.18034,11.18034,12.08305,12.08305,11.7047,11.40175,12.36932,11.40175,11.18034,11.18034,11.04536,10.0,10.0,10.0,9.0,9.0,8.06226,8.06226,8.24621,7.28011,7.61577,6.7082,86.95401,85.95929,81.12336,70.3278,70.49113,61.29437,63.81222,61.29437,56.0803,51.61395,53.75872,48.79549,46.75468,42.0119,42.52058,42.05948,40.71855,41.59327,35.1141,38.83298,36.05551,34.23449,37.21559,36.67424,37.01351,39.29377,43.17407,42.54409,44.38468,50.9902,49.76947,55.4617,56.04463,55.9464,56.85948,60.08328,63.90618,57.58472,64.03124,61.39218,61.13101,61.66036,63.1981,59.5399,58.03447,59.13544,57.00877,52.34501,51.15662,50.9902,46.87217,46.69047,43.17407,42.72002,38.01316,37.21559,34.20526,44.10215,42.52058,42.44997,42.52058,44.82187,37.73592,34.66987,34.48188,34.48188,29.06888,30.8707,24.18677,25.6125,22.47221,17.20465,22.02272,15.81139,15.55635,14.31782,16.15549,15.0333,17.26268,20.09975,23.5372,25.96151,27.313,29.73214,34.17601,34.17601,38.91015,40.49691,45.61798,41.34005,41.34005,49.09175,51.0392,53.25411,53.41348,56.85068,60.10824,59.5483,67.89698,65.76473,70.71068,69.35416,78.1025,79.19596,84.14868,82.75869,88.39118,87.78383,87.69265,92.95698,92.09777,101.31634,94.49339,99.80982
14.14214,13.15295,12.04159,12.16553,11.04536,10.04988,10.0,9.05539,9.0,8.06226,8.24621,8.544,7.61577,7.61577,6.7082,7.81025,7.81025,7.07107,7.07107,7.81025,7.2111,8.60233,8.06226,8.94427,10.29563,9.84886,10.77033,11.18034,11.18034,12.52996,11.18034,12.52996,11.6619,11.6619,12.20656,12.20656,12.80625,11.31371,11.31371,11.31371,10.63015,10.63015,10.0,10.0,9.43398,9.43398,8.94427,8.94427,7.61577,7.28011,7.28011,6.08276,43.41659,42.2019,38.63936,38.07887,35.69314,33.24154,31.7805,32.98485,28.44293,29.42788,27.0,24.02082,24.08319,23.19483,20.09975,20.88061,22.47221,19.31321,18.86796,18.60108,20.80865,19.20937,17.69181,19.20937,20.0,21.9545,18.78829,22.47221,23.25941,26.40076,25.63201,26.57066,27.73085,29.15476,28.23119,33.10589,33.54102,32.20248,31.38471,31.62278,30.52868,30.80584,31.62278,31.40064,27.58623,29.06888,28.28427,27.58623,25.6125,23.60085,25.0,23.02173,22.47221,20.61553,20.24846,19.31321,16.12452,21.58703,22.09072,21.0,21.09502,22.02272,17.46425,17.26268,16.76305,16.49242,13.60147,14.31782,12.36932,13.60147,12.64911,9.21954,10.04988,8.06226,8.0,7.28011,7.61577,7.81025,9.89949,8.06226,10.81665,13.0,13.92839,14.31782,15.52417,16.15549,19.41649,18.68154,19.92486,19.64688,21.09502,25.4951,25.31798,24.33105,27.16616,27.07397,30.01666,31.14482,33.0,34.0,36.0,34.0147,35.0,39.01282,38.11824,42.0,44.0,43.0,44.0,47.01064,46.09772,48.16638,47.16991,47.26521
13.45362,12.04159,11.40175,11.40175,10.0,9.21954,8.60233,8.06226,8.06226,7.61577,7.28011,7.28011,6.08276,7.07107,6.0,6.08276,6.08276,6.32456,6.32456,6.7082,6.7082,7.2111,7.2111,7.81025,9.21954,9.21954,9.89949,10.63015,11.40175,10.63015,10.0,11.40175,12.20656,10.81665,11.6619,11.18034,11.18034,10.77033,9.84886,9.48683,9.48683,9.21954,9.21954,9.21954,8.06226,8.06226,7.0,7.0,7.0,6.08276,6.32456,5.38516,85.14693,82.87943,84.14868,70.00714,70.03571,66.48308,58.0517,63.63961,55.9017,51.73973,50.60632,47.20169,44.94441,41.14608,39.35734,39.0,37.65634,35.69314,37.05401,35.01428,38.32754,34.52535,36.76955,38.07887,38.01316,40.24922,41.59327,46.64762,47.43416,46.87217,50.47772,50.60632,54.91812,57.62812,54.67175,62.96825,62.1289,61.58734,64.3506,61.29437,59.94164,63.15853,62.03225,57.58472,56.04463,57.00877,57.07013,51.92302,47.26521,46.38965,45.09989,47.01064,45.0,38.32754,35.69314,35.90265,35.34119,45.22168,43.82921,46.52956,44.94441,41.23106,41.23106,41.03657,36.23534,36.06938,31.241,29.20616,29.0,26.87006,24.41311,21.93171,21.47091,22.82542,21.93171,17.11724,15.13275,17.02939,19.64688,21.84033,22.13594,26.62705,26.62705,30.23243,36.06938,33.6006,38.28838,37.80212,45.60702,42.44997,43.86342,47.50789,46.69047,48.9183,57.31492,56.40035,63.82006,63.00794,66.0303,67.41662,70.45566,74.06079,74.09453,72.94518,81.00617,83.35466,88.32327,89.627,93.19335,94.04786,92.80086,99.20181,100.4241,94.26028
14.31782,13.34166,12.64911,12.36932,11.40175,10.44031,9.84886,8.94427,8.94427,8.06226,8.06226,7.81025,7.2111,7.07107,7.07107,7.2111,6.7082,6.7082,6.32456,6.32456,7.28011,7.07107,8.0,8.0,9.0,9.0,9.05539,10.0,11.04536,11.0,11.0,11.0,11.0,11.04536,11.04536,11.04536,11.18034,10.44031,10.44031,10.44031,10.44031,9.84886,9.84886,8.94427,8.94427,8.06226,7.81025,7.81025,7.81025,7.07107,7.2111,5.83095,45.70558,42.57934,42.2019,39.81206,40.02499,35.51056,33.73426,32.28002,28.4605,28.4605,24.16609,24.59675,24.59675,22.47221,20.24846,20.80865,20.61553,19.10497,18.43909,18.60108,19.69772,18.78829,19.41649,18.68154,18.24829,21.09502,21.0238,22.02272,23.0,26.01922,26.01922,30.01666,29.01724,31.14482,30.14963,32.06244,31.06445,32.01562,33.0,32.14032,32.14032,31.57531,29.83287,28.86174,31.04835,29.12044,29.41088,27.51363,25.07987,24.59675,23.76973,22.82542,21.9545,20.51828,19.79899,20.0,19.72308,23.60085,23.02173,23.25941,22.47221,21.18962,19.64688,19.41649,19.64688,18.24829,16.76305,14.14214,15.13275,14.56022,12.36932,10.19804,11.40175,10.0,9.21954,9.21954,8.06226,9.21954,9.21954,11.0,13.0,15.0333,16.03122,16.03122,17.02939,18.02776,21.2132,19.23538,23.34524,23.5372,24.73863,26.92582,25.29822,28.4605,29.41088,30.67572,33.61547,34.17601,35.34119,34.17601,37.16181,35.8469,37.73592,41.14608,42.72002,43.82921,46.06517,46.61545,50.69517,49.76947,46.61545,51.86521,51.07837,50.96077
13.45362,12.80625,12.80625,11.40175,11.40175,10.0,9.43398,9.43398,9.43398,7.61577,7.61577,7.28011,7.07107,7.07107,7.07107,7.0,7.0,7.07107,6.32456,7.28011,6.32456,7.61577,6.7082,8.06226,9.43398,8.60233,10.0,10.0,10.0,10.81665,10.29563,10.81665,11.6619,11.18034,11.18034,10.77033,10.77033,10.77033,10.44031,10.44031,10.19804,10.19804,9.21954,9.05539,9.05539,8.0,8.0,8.06226,8.06226,7.28011,7.28011,6.32456,82.41966,81.27115,82.80097,74.63243,77.38863,61.29437,61.84658,62.96825,54.67175,53.8145,51.62364,49.0408,49.67897,41.6173,41.04875,36.67424,42.54409,40.16217,35.73514,37.85499,41.01219,37.01351,35.22783,38.47077,37.85499,44.14748,42.72002,43.86342,47.16991,50.9902,48.33218,50.11986,56.36488,59.09315,58.60034,58.5235,62.03225,65.55151,60.08328,61.13101,61.61169,61.81424,61.52235,59.21149,56.22277,57.0,56.0357,56.00893,46.38965,47.51842,41.97618,46.09772,43.17407,41.78516,41.18252,37.57659,31.62278,45.31004,42.94182,43.26662,42.52058,39.62323,36.79674,34.65545,35.0,32.55764,30.0,30.88689,25.80698,26.90725,22.67157,20.80865,18.43909,15.65248,21.09502,17.02939,14.0,17.26268,21.58703,20.88061,22.47221,27.313,26.07681,31.30495,33.01515,38.01316,40.22437,36.35932,42.2019,42.52058,45.80393,43.41659,51.66237,51.62364,53.03772,54.48853,64.44377,61.7171,65.60488,66.8431,72.62231,73.10951,75.9276,79.39773,76.40026,81.8352,86.4523,89.37561,93.08598,94.75231,90.52072,97.59098,95.48298,97.94897
13.0,12.08305,11.7047,10.77033,9.84886,9.48683,8.24621,8.24621,8.06226,7.07107,7.0,7.0,6.08276,6.08276,5.09902,5.83095,5.83095,5.83095,5.65685,5.65685,6.40312,6.40312,6.40312,7.2111,8.06226,8.06226,8.94427,9.43398,10.29563,10.29563,9.43398,10.0,10.0,10.0,10.0,10.63015,9.89949,9.89949,9.21954,9.21954,8.60233,9.43398,8.06226,8.06226,8.06226,7.61577,7.28011,7.28011,6.08276,6.08276,6.0,5.0,44.94441,39.66106,42.94182,35.51056,35.8469,34.1321,31.38471,31.76476,27.29469,26.0,22.84732,20.88061,22.80351,20.39608,18.43909,19.0,20.0,17.02939,17.46425,17.46425,18.38478,16.15549,16.64332,17.80449,18.43909,19.84943,21.26029,22.02272,22.67157,25.0,27.01851,27.80288,24.83948,27.01851,27.20294,29.73214,29.06888,29.83287,31.14482,31.1127,29.73214,30.61046,30.61046,27.45906,28.84441,28.30194,26.83282,25.4951,25.05993,25.07987,21.54066,22.13594,20.61553,20.09975,19.0,15.0,16.12452,23.08679,23.34524,22.56103,22.47221,20.61553,21.0238,18.35756,17.49286,18.35756,13.41641,16.12452,13.89244,13.41641,13.0,11.6619,8.544,10.44031,9.21954,8.0,8.544,9.21954,10.81665,12.04159,12.04159,13.45362,14.86607,16.27882,15.81139,19.10497,20.24846,20.0,21.9545,23.32381,21.9545,24.18677,26.40076,26.92582,28.17801,27.85678,32.31099,31.01612,33.24154,34.78505,36.68787,35.44009,38.8973,40.80441,40.02499,41.76123,44.38468,45.54119,46.17359,46.17359,45.88028,50.15974,50.69517,47.42362
13.0384,12.20656,11.6619,11.6619,10.29563,9.43398,8.94427,8.544,7.28011,7.28011,7.07107,7.07107,7.0,7.0,6.08276,6.32456,6.7082,6.7082,6.7082,6.40312,7.2111,7.81025,7.07107,8.48528,9.21954,9.21954,10.0,10.0,11.40175,11.40175,11.31371,12.04159,11.31371,11.31371,12.04159,11.40175,12.20656,10.81665,10.81665,10.29563,10.29563,10.29563,9.84886,9.84886,8.544,8.544,8.24621,7.07107,7.07107,7.0,6.0,5.09902,43.01163,39.82462,39.96248,36.61967,35.22783,31.40064,32.24903,30.52868,26.07681,25.94224,23.4094,22.84732,24.04163,21.2132,18.43909,19.0,19.0,18.11077,17.46425,15.81139,20.24846,16.55295,16.64332,19.72308,19.84943,20.61553,20.51828,22.62742,23.34524,25.4951,24.83948,27.80288,26.24881,29.83287,28.42534,30.4795,31.14482,31.14482,30.61046,32.52691,31.241,30.80584,29.68164,30.01666,28.6531,27.78489,26.83282,26.40076,24.69818,24.69818,24.69818,22.80351,20.61553,20.09975,19.0263,19.0263,15.29706,22.56103,23.08679,22.47221,23.25941,21.9545,22.47221,17.20465,18.86796,16.40122,15.6205,15.6205,15.0,14.42221,13.45362,10.0,10.44031,10.29563,9.21954,9.0,10.04988,9.48683,11.18034,11.6619,11.6619,12.20656,13.45362,14.21267,14.86607,18.38478,20.61553,19.20937,22.80351,21.63331,23.85372,24.41311,26.41969,26.40076,25.23886,29.15476,30.41381,32.20248,32.31099,32.64966,34.53983,35.8469,38.07887,38.62642,40.16217,40.8534,43.46263,45.18849,43.86342,47.88528,45.65085,49.64877,47.50789,47.85394
12.36932,12.16553,12.16553,11.18034,10.19804,9.05539,9.0,8.0,8.06226,7.07107,7.07107,7.28011,6.7082,6.7082,6.7082,6.40312,7.07107,7.07107,6.40312,7.2111,7.2111,7.2111,8.06226,8.94427,8.94427,8.544,10.77033,10.77033,10.77033,11.7047,11.18034,11.6619,11.6619,11.18034,11.6619,10.81665,11.40175,10.63015,10.63015,10.63015,9.89949,9.89949,9.21954,9.21954,8.60233,8.60233,8.06226,7.61577,6.7082,6.32456,6.08276,5.09902,42.05948,41.76123,39.05125,35.44009,37.10795,32.01562,32.75668,29.61419,26.30589,26.4764,23.02173,24.18677,23.0,21.0238,21.0238,20.61553,20.24846,18.02776,17.0,18.86796,19.20937,18.60108,18.43909,17.20465,20.80865,20.24846,21.47091,24.16609,25.07987,25.07987,26.0,26.83282,27.51363,27.85678,29.73214,31.38471,33.12099,31.30495,31.38471,31.40064,31.06445,31.06445,29.83287,29.83287,26.90725,28.28427,25.4951,26.90725,25.0,23.85372,21.63331,23.32381,20.12461,19.69772,18.97367,17.46425,17.26268,23.08679,22.02272,23.02173,23.02173,20.09975,20.22375,18.24829,17.72005,18.68154,15.81139,17.72005,13.34166,14.31782,12.36932,11.04536,8.06226,11.04536,8.06226,9.48683,9.43398,8.60233,10.63015,10.0,13.0384,12.52996,16.15549,15.23155,15.23155,17.88854,17.72005,18.68154,20.88061,22.80351,21.84033,24.5153,22.80351,24.5153,28.16026,28.28427,30.06659,30.06659,33.01515,32.0,35.0571,35.01428,41.0,39.01282,40.0125,39.11521,43.01163,44.04543,45.01111,45.17743,46.27094,49.36598,46.17359,46.38965
14.56022,13.34166,13.15295,12.36932,11.18034,10.19804,10.04988,9.0,9.0,8.0,8.06226,8.24621,8.24621,7.28011,7.61577,8.06226,7.2111,7.2111,7.81025,7.81025,7.81025,8.60233,8.60233,9.43398,9.43398,10.29563,10.29563,11.6619,11.6619,11.6619,11.6619,12.20656,12.20656,12.20656,12.80625,12.04159,12.72792,12.04159,11.40175,11.40175,10.81665,10.81665,10.81665,9.43398,10.29563,8.94427,9.48683,8.544,8.24621,7.07107,7.07107,7.0,45.22168,40.49691,40.26164,36.40055,37.36308,33.52611,32.98485,31.04835,28.86174,27.65863,25.01999,23.08679,24.0,22.02272,20.09975,20.09975,19.64688,18.97367,19.31321,18.35756,20.80865,18.60108,19.84943,20.61553,20.61553,22.80351,22.2036,25.55386,24.69818,27.313,24.18677,27.78489,27.29469,31.30495,27.73085,31.06445,31.06445,31.90611,30.0,31.40064,31.14482,31.241,31.14482,31.1127,29.73214,28.42534,28.6007,28.6007,26.62705,24.69818,25.07987,23.25941,21.93171,21.84033,20.88061,20.61553,19.0263,22.13594,20.09975,20.09975,21.0238,19.0263,18.24829,16.27882,16.76305,16.49242,13.34166,14.56022,11.40175,12.36932,12.04159,12.04159,10.04988,8.0,7.07107,8.24621,8.94427,7.2111,10.63015,9.21954,10.81665,12.08305,13.60147,15.81139,15.81139,17.08801,18.68154,18.38478,21.84033,21.58703,22.2036,24.5153,24.73863,24.18677,27.16616,28.28427,31.01612,31.257,33.0,36.01389,35.22783,35.0,39.01282,40.04997,39.01282,42.0119,43.01163,43.04649,45.01111,50.24938,44.40721,48.50773,49.25444,49.49747
13.34166,12.36932,11.7047,11.40175,10.44031,10.44031,8.94427,8.94427,8.94427,7.2111,7.81025,7.07107,7.07107,7.2111,7.2111,6.7082,7.61577,7.28011,7.28011,7.07107,7.07107,8.06226,8.06226,9.0,10.0,10.04988,11.04536,11.0,12.04159,12.04159,12.0,12.0,12.0,12.04159,12.04159,12.16553,12.16553,11.40175,11.40175,11.40175,10.77033,10.77033,9.84886,9.84886,8.94427,8.94427,8.60233,7.81025,7.81025,7.07107,6.40312,6.40312,44.10215,42.19005,41.59327,35.0571,37.48333,31.06445,30.41381,30.26549,27.65863,25.96151,25.0,20.61553,23.25941,22.84732,21.09502,19.41649,19.20937,19.84943,16.40122,18.43909,19.23538,18.78829,17.46425,19.64688,19.41649,20.22375,22.2036,23.08679,25.07987,24.02082,27.01851,27.01851,27.01851,30.01666,30.01666,30.06659,29.15476,31.257,32.24903,32.75668,30.80584,30.59412,32.01562,33.24154,29.41088,28.23119,27.313,27.313,23.70654,21.9545,23.70654,20.61553,22.02272,21.93171,19.10497,17.69181,18.86796,20.80865,21.54066,22.13594,22.56103,20.22375,19.23538,18.24829,18.02776,19.0263,17.02939,15.0333,15.0333,13.0384,12.04159,11.18034,9.05539,9.84886,8.544,8.60233,7.07107,8.06226,8.94427,10.44031,10.19804,10.44031,14.14214,14.03567,15.13275,18.02776,18.02776,18.0,19.0263,22.02272,22.09072,22.2036,24.33105,24.33105,26.68333,26.68333,29.12044,32.28002,32.89377,33.83785,36.05551,34.78505,34.78505,36.40055,39.39543,42.05948,44.27189,43.01163,46.48656,48.76474,44.64303,48.27007,45.88028,47.85394
13.89244,13.0384,12.20656,11.6619,10.81665,9.43398,10.0,8.60233,8.48528,8.48528,7.81025,7.2111,7.2111,6.7082,6.7082,7.28011,6.08276,6.0,6.0,7.0,7.07107,7.07107,7.28011,7.28011,8.544,8.544,9.84886,9.84886,9.84886,10.77033,10.44031,10.44031,11.40175,10.44031,11.40175,11.18034,11.18034,11.04536,10.0,10.0,10.04988,10.0,10.04988,9.05539,8.24621,8.24621,7.61577,7.61577,7.61577,6.7082,6.40312,5.65685,90.62009,79.71198,85.08819,70.5762,74.09453,65.55151,63.95311,63.07139,55.47071,54.20332,48.25971,44.82187,48.82622,45.45327,36.79674,41.10961,38.41875,39.35734,34.48188,37.57659,36.67424,38.27532,36.12478,36.05551,40.0,40.0,39.11521,39.62323,46.38965,48.50773,50.01,53.36666,51.41984,58.24088,59.48109,61.39218,62.80127,64.62971,64.28063,58.13777,58.21512,57.00877,60.07495,57.07889,60.40695,57.42822,56.7186,51.78803,48.83646,46.48656,45.88028,45.31004,41.62932,40.70626,42.43819,36.61967,34.71311,42.52058,42.52058,41.7732,44.20407,40.31129,38.07887,34.9285,34.0147,34.0147,33.10589,30.08322,25.94224,25.94224,25.0,21.47091,18.02776,19.84943,17.20465,17.02939,19.92486,18.68154,19.41649,22.09072,24.33105,26.07681,28.63564,31.7805,33.95585,34.48188,40.80441,36.05551,43.32436,44.94441,45.31004,50.53712,52.35456,50.53712,54.58938,58.24946,64.89992,66.88797,65.60488,69.63476,71.02816,72.47068,74.4043,78.60025,81.05554,80.43009,86.83317,86.60831,94.3027,96.89685,91.80959,103.94229,98.11218,96.15092
14.31782,13.15295,12.04159,12.04159,11.04536,10.04988,10.0,9.0,9.05539,8.06226,8.24621,8.544,7.61577,7.61577,6.7082,7.81025,7.81025,7.07107,7.07107,7.2111,8.60233,8.06226,8.06226,8.94427,9.84886,9.84886,10.77033,10.77033,11.7047,11.7047,11.18034,12.08305,12.08305,11.18034,12.52996,11.6619,12.20656,11.40175,11.40175,11.40175,10.63015,10.63015,9.89949,9.89949,9.21954,9.21954,8.60233,8.60233,8.06226,7.61577,7.28011,6.32456,44.38468,40.5216,39.81206,38.63936,34.9285,33.73426,31.40064,31.40064,28.63564,27.29469,25.01999,24.02082,23.19483,20.02498,21.2132,20.39608,21.84033,18.02776,18.78829,18.43909,21.26029,20.61553,19.10497,19.23538,19.72308,19.41649,21.9545,24.59675,24.59675,26.40076,25.07987,27.85678,26.57066,29.73214,30.36445,31.38471,33.54102,31.38471,33.12099,30.41381,30.01666,32.20248,31.40064,30.61046,28.42534,29.83287,30.41381,26.87006,26.90725,25.4951,23.60085,24.20744,21.63331,21.93171,20.12461,18.68154,17.72005,20.09975,22.02272,22.09072,22.2036,20.39608,18.97367,16.76305,17.08801,15.81139,12.52996,14.56022,12.08305,12.08305,9.43398,10.44031,8.24621,9.21954,8.06226,8.24621,5.83095,9.43398,9.89949,11.31371,11.31371,12.80625,15.26434,13.89244,16.55295,17.49286,18.97367,17.46425,21.54066,21.58703,20.61553,26.4764,23.34524,24.5153,28.44293,27.16616,30.14963,30.26549,31.06445,34.05877,32.01562,36.0,35.01428,37.0,40.04997,42.04759,44.0,44.04543,45.04442,49.36598,44.18144,51.47815,50.24938,48.50773
13.89244,13.0384,12.20656,11.6619,10.81665,9.43398,9.21954,9.21954,8.48528,7.81025,7.81025,7.2111,6.7082,6.7082,6.7082,6.32456,6.08276,6.08276,6.0,6.08276,7.07107,7.28011,7.28011,7.28011,8.544,8.544,8.94427,9.84886,9.84886,10.77033,10.44031,10.77033,10.77033,10.44031,11.40175,11.18034,11.18034,10.04988,10.04988,10.0,10.0,9.05539,9.05539,8.06226,8.24621,8.24621,7.28011,7.61577,6.7082,6.7082,6.40312,5.65685,92.358,82.49242,78.81624,74.62573,74.33034,72.11103,62.42596,64.40497,55.80323,53.82379,51.66237,48.83646,47.38143,41.03657,42.2019,38.07887,38.07887,38.07887,35.44009,36.40055,38.11824,34.05877,33.01515,38.0526,38.20995,41.48494,41.4367,47.01064,46.17359,51.88449,51.89412,54.42426,53.7122,59.09315,55.9464,62.76942,62.93648,65.14599,59.03389,61.61169,60.63827,61.81424,58.54912,59.68249,56.0357,54.00926,53.08484,49.36598,50.24938,46.87217,45.60702,47.80167,43.01163,39.0,40.24922,36.35932,34.05877,47.85394,44.41846,41.04875,41.6173,40.36087,41.01219,34.05877,33.42155,31.14482,28.6007,25.80698,25.6125,26.1725,25.45584,23.34524,20.61553,19.72308,17.0,18.78829,17.02939,22.02272,20.02498,22.56103,21.93171,25.55386,30.0,29.96665,35.77709,34.48188,37.73592,35.22783,44.40721,43.01163,44.40721,48.41487,51.22499,49.57822,58.72819,56.63921,61.52235,65.76473,63.89053,72.18033,71.44928,70.0928,80.0,80.05623,80.1561,85.91275,90.60905,90.68627,94.26028,99.03535,91.93476,96.87621,99.76472,94.17537
13.0,12.08305,11.18034,11.18034,10.29563,9.43398,9.21954,8.60233,7.81025,7.07107,8.48528,7.2111,7.2111,6.7082,6.7082,7.28011,7.28011,7.07107,7.07107,7.0,8.0,8.06226,8.06226,9.05539,9.21954,9.21954,10.44031,11.18034,11.18034,11.18034,12.16553,12.16553,12.16553,11.18034,12.04159,12.0,12.0,12.04159,11.04536,11.04536,10.19804,11.18034,10.19804,10.19804,9.21954,8.24621,8.544,7.61577,7.61577,7.2111,6.40312,6.40312,82.28001,84.20214,80.08121,75.96052,71.47027,65.45991,67.06713,58.5235,54.70832,50.69517,46.06517,42.95346,43.909,46.32494,40.0,38.18377,43.27817,35.4683,33.42155,34.0,33.24154,40.16217,32.55764,37.12142,38.20995,40.04997,44.01136,44.28318,46.27094,50.01,46.69047,53.75872,56.4358,56.88585,60.20797,58.54912,61.20457,60.53098,65.0,61.0,64.12488,61.07373,61.07373,60.53098,57.87055,59.84146,50.69517,56.75385,52.81098,49.0408,45.17743,45.61798,41.04875,44.20407,38.60052,33.30165,34.65545,45.34314,43.82921,44.65423,42.04759,41.23106,38.07887,40.80441,32.98485,36.13862,30.59412,31.7805,26.24881,27.20294,26.0,18.68154,18.97367,16.27882,16.64332,14.42221,18.02776,18.02776,16.76305,20.09975,24.02082,26.1725,26.01922,30.14963,33.06055,34.23449,37.48333,34.52535,42.95346,43.41659,46.69047,47.12749,46.84015,54.42426,54.23099,53.31041,61.77378,59.48109,65.76473,67.97794,72.00694,66.24198,79.40403,77.52419,75.80237,80.13114,90.35486,89.06739,87.81799,90.33825,93.52005,98.0867,95.34149,97.30879
13.0384,12.04159,12.0,11.04536,10.0,10.0,9.05539,8.06226,8.06226,7.28011,7.28011,7.28011,6.7082,5.83095,5.83095,6.40312,6.40312,6.40312,5.83095,6.7082,6.7082,7.61577,7.61577,8.24621,8.24621,8.24621,9.21954,10.19804,10.19804,10.19804,10.44031,10.44031,10.77033,10.77033,11.7047,11.18034,11.18034,10.81665,10.0,10.0,10.0,9.21954,9.21954,8.48528,7.81025,7.81025,7.2111,7.2111,6.7082,6.7082,6.32456,6.08276,44.01136,41.01219,41.04875,37.01351,36.05551,33.01515,32.01562,30.01666,26.07681,25.17936,24.5153,22.80351,22.13594,19.92486,20.24846,21.9545,20.0,17.80449,16.27882,16.40122,18.02776,18.02776,17.88854,18.78829,18.68154,19.69772,20.39608,22.56103,22.56103,25.17936,25.4951,26.30589,26.30589,27.07397,29.15476,29.42788,31.7805,30.59412,31.04835,28.86174,28.4605,28.4605,30.46309,28.63564,26.92582,28.6531,28.01785,26.62705,24.20744,22.02272,22.67157,21.93171,19.20937,19.41649,17.80449,18.02776,17.46425,23.02173,21.0238,22.47221,23.76973,19.41649,20.39608,19.23538,17.11724,18.11077,17.11724,16.12452,15.0333,14.14214,14.03567,10.19804,9.84886,9.21954,10.29563,9.21954,9.43398,7.81025,11.7047,10.77033,12.16553,13.34166,15.29706,16.27882,17.02939,18.0,20.0,20.02498,22.02272,22.02272,22.02272,25.01999,26.1725,27.16616,29.27456,28.44293,31.57531,31.57531,33.24154,35.90265,35.44009,36.68787,37.10795,39.56008,39.21734,40.26164,44.64303,44.64303,46.84015,48.27007,45.89118,50.24938,46.09772,48.16638
12.64911,11.7047,10.77033,10.77033,9.84886,8.94427,8.94427,8.06226,8.06226,7.2111,7.2111,7.07107,6.40312,5.83095,5.83095,6.7082,6.32456,6.08276,6.08276,6.0,7.0,7.0,7.07107,8.06226,9.05539,9.21954,9.21954,10.19804,10.19804,11.18034,10.04988,11.04536,11.04536,11.0,11.0,10.04988,11.04536,10.19804,10.19804,9.21954,9.48683,9.48683,8.544,8.544,7.61577,7.61577,7.2111,7.2111,6.40312,5.65685,6.40312,5.0,81.21576,85.58621,77.66595,75.42546,76.48529,62.80127,63.15061,58.94065,54.91812,50.92151,46.17359,44.77723,47.42362,44.29447,40.49691,41.03657,38.28838,36.06938,35.60899,37.20215,38.01316,35.77709,32.98485,38.32754,39.56008,43.17407,42.57934,43.0,45.01111,49.0408,53.23533,55.03635,54.03702,57.03508,59.03389,55.14526,62.1289,63.28507,61.81424,63.15061,60.67125,57.87055,60.16644,62.8172,57.93962,56.0803,52.20153,54.20332,49.24429,45.79301,46.04346,47.80167,44.68781,41.72529,39.59798,36.40055,35.22783,46.01087,44.10215,43.909,41.14608,42.15448,38.8973,34.48188,33.83785,36.67424,30.26549,31.40064,28.4605,28.86174,20.88061,22.13594,22.36068,19.79899,19.10497,16.97056,16.12452,15.23155,21.84033,25.70992,21.0238,24.02082,31.06445,34.1321,37.0,34.36568,37.65634,37.05401,45.27693,42.10701,44.91102,47.51842,55.7853,51.92302,54.08327,55.36244,65.79514,61.68468,66.85058,63.56099,73.92564,70.77429,75.13322,79.30952,75.23962,85.49269,89.9611,87.32125,91.28527,99.62429,92.65528,95.81753,95.51963,99.72462
14.0,13.0384,12.04159,12.04159,11.04536,11.04536,10.19804,9.21954,9.21954,8.544,8.544,8.06226,8.06226,7.2111,7.81025,7.81025,7.07107,7.81025,7.2111,8.06226,8.06226,8.06226,7.61577,8.544,9.48683,9.48683,10.44031,11.7047,11.7047,11.40175,11.7047,12.08305,12.08305,12.08305,12.52996,11.6619,11.6619,11.40175,11.40175,11.40175,10.63015,11.31371,9.89949,9.89949,9.21954,9.21954,8.60233,8.06226,8.06226,7.61577,7.28011,6.08276,44.55334,41.7732,40.4475,36.49658,36.87818,35.51056,31.7805,32.38827,28.16026,27.16616,26.0,23.0,24.08319,20.22375,21.2132,22.80351,21.18962,19.69772,21.47091,18.35756,20.61553,19.10497,17.02939,19.10497,20.0,20.0,21.09502,24.16609,25.55386,27.313,26.40076,27.73085,25.94224,29.96665,30.46309,31.76476,32.24903,33.12099,31.62278,32.01562,30.0,30.61046,30.41381,32.52691,28.28427,29.06888,27.20294,26.40076,26.62705,25.23886,22.47221,22.36068,21.93171,19.64688,19.64688,18.43909,17.0,22.36068,20.88061,20.61553,20.39608,20.09975,20.02498,17.02939,18.0,17.0,14.03567,14.14214,12.0,13.0,13.0384,11.04536,10.04988,9.48683,8.544,8.06226,6.40312,5.65685,10.29563,10.77033,11.18034,10.44031,16.49242,14.56022,17.26268,16.49242,20.22375,18.11077,22.2036,21.09502,23.02173,25.07987,25.01999,25.17936,27.0,28.01785,30.06659,31.06445,31.06445,33.13608,35.22783,36.12478,35.69314,36.34556,40.31129,42.19005,42.19005,44.10215,45.04442,49.0102,45.0,48.01042,48.01042,47.09565
14.56022,13.34166,12.16553,12.16553,11.18034,10.19804,10.04988,9.05539,9.0,8.0,8.06226,8.24621,7.28011,7.61577,7.28011,8.06226,7.2111,7.2111,7.07107,7.07107,7.81025,8.60233,8.60233,8.60233,9.43398,9.43398,10.29563,11.6619,11.6619,11.6619,11.6619,12.20656,12.20656,11.40175,12.20656,12.04159,12.04159,11.31371,11.40175,10.63015,11.40175,10.81665,10.0,10.0,9.43398,8.94427,8.94427,8.544,8.544,8.24621,7.07107,6.08276,44.14748,43.41659,41.7732,38.63936,37.65634,31.7805,34.36568,31.40064,29.27456,28.16026,26.01922,23.08679,24.02082,22.09072,22.09072,21.18962,21.18962,19.31321,17.49286,20.24846,19.41649,19.41649,17.69181,19.20937,20.61553,21.09502,23.85372,23.70654,24.59675,26.57066,25.07987,26.40076,29.06888,28.63564,30.8707,30.88689,31.76476,31.30495,30.23243,30.80584,33.6006,31.40064,31.241,31.241,27.58623,30.41381,26.90725,28.6007,25.0,24.20744,21.9545,24.18677,21.9545,22.47221,20.88061,16.49242,16.03122,22.47221,21.37756,23.34524,20.09975,21.0,18.11077,18.02776,16.27882,17.11724,17.11724,15.29706,13.15295,12.04159,12.16553,10.04988,11.04536,9.21954,8.0,7.61577,7.07107,7.81025,10.0,11.18034,11.18034,13.92839,13.15295,15.29706,18.02776,16.76305,18.24829,19.10497,21.2132,21.37756,22.2036,24.18677,24.33105,26.01922,27.0,30.0,28.01785,30.06659,34.1321,32.06244,37.12142,36.05551,37.12142,37.05401,41.19466,41.04875,46.09772,45.09989,45.09989,46.01087,48.0,49.0102,48.04165,48.25971
13.0,12.64911,11.40175,11.7047,10.77033,9.48683,9.21954,8.24621,8.06226,7.07107,7.0,7.0,7.07107,6.08276,6.32456,6.32456,5.83095,5.83095,6.40312,6.40312,6.40312,6.40312,6.40312,7.81025,8.60233,8.06226,9.43398,9.43398,10.29563,10.29563,10.81665,10.0,10.81665,10.63015,10.63015,10.63015,10.63015,10.0,10.0,9.43398,9.43398,9.43398,8.94427,8.94427,7.61577,7.61577,7.28011,7.28011,7.07107,7.0,6.08276,5.09902,43.9659,41.76123,41.0,36.13862,35.69314,34.48188,31.32092,32.01562,27.65863,26.30589,25.0,23.0,23.02173,22.02272,21.09502,17.72005,18.68154,17.08801,17.08801,17.49286,19.20937,16.97056,17.02939,17.20465,19.20937,20.12461,20.12461,21.0238,22.84732,24.69818,25.07987,27.51363,26.92582,30.08322,27.51363,29.96665,30.46309,29.54657,31.90611,31.38471,30.01666,31.06445,31.62278,30.61046,29.83287,27.65863,26.90725,26.1725,22.80351,24.20744,24.20744,22.80351,20.24846,19.69772,19.31321,17.46425,15.29706,23.5372,23.19483,22.02272,21.0238,21.09502,21.2132,18.43909,18.68154,18.24829,16.49242,16.27882,15.0333,14.31782,12.04159,11.18034,9.0,11.18034,8.24621,8.94427,10.29563,11.6619,11.31371,12.04159,10.81665,12.20656,15.65248,15.65248,17.46425,18.78829,19.31321,20.24846,21.84033,24.5153,22.36068,25.31798,24.33105,26.30589,28.28427,29.42788,30.14963,31.01612,35.0,34.05877,36.0,37.0,38.01316,37.01351,41.0,42.0,46.01087,45.09989,47.0,49.0408,45.09989,52.34501,49.16299,47.51842
13.0384,12.20656,10.63015,10.81665,9.21954,10.0,8.48528,8.48528,8.60233,7.2111,8.06226,7.61577,6.7082,6.32456,7.28011,7.07107,7.07107,7.0,7.07107,7.07107,7.07107,8.24621,8.24621,8.544,9.48683,9.48683,9.84886,10.77033,11.7047,10.77033,11.7047,11.7047,11.7047,11.40175,11.40175,11.18034,12.16553,11.04536,11.04536,10.04988,10.0,10.0,10.0,9.0,9.05539,8.06226,8.06226,7.28011,7.28011,6.7082,6.7082,5.83095,85.79627,85.79627,79.62412,75.02666,73.53911,65.39113,62.76942,64.07808,55.03635,54.12024,50.77401,47.80167,46.75468,41.40048,38.94868,42.63801,40.81666,35.8469,37.58989,34.9285,41.48494,35.73514,37.33631,38.01316,39.05125,42.0119,41.59327,46.27094,47.38143,51.66237,48.08326,54.57105,54.12947,60.63827,58.94065,62.514,58.54912,59.4138,64.07027,61.03278,61.20457,63.03174,58.13777,63.07139,61.20457,60.53098,56.88585,55.10898,48.76474,47.43416,46.17359,45.31004,42.94182,41.34005,39.66106,35.0,33.30165,44.04543,48.08326,42.80187,44.40721,40.81666,40.81666,36.67424,34.88553,33.24154,31.38471,29.06888,29.54657,30.23243,26.07681,19.69772,18.35756,19.84943,14.31782,18.78829,17.49286,14.86607,20.22375,23.19483,25.0,25.01999,27.20294,31.14482,35.90265,36.87818,38.8973,37.69615,43.01163,44.27189,42.48529,50.69517,50.60632,53.53504,53.85165,56.40035,62.96825,60.46487,65.43699,68.7968,71.21798,69.63476,75.60423,76.844,78.24321,82.61961,87.20092,89.40358,88.00568,92.11406,89.04493,94.33981,98.9798,92.57429
13.0,12.08305,11.40175,10.77033,10.44031,9.48683,9.21954,8.06226,8.06226,7.0,7.0,7.07107,7.07107,7.28011,6.32456,6.7082,7.2111,6.40312,6.40312,7.07107,7.07107,7.81025,7.81025,8.60233,8.60233,9.43398,10.29563,10.81665,10.81665,10.81665,10.81665,11.40175,11.40175,11.40175,12.04159,11.31371,11.31371,10.63015,10.63015,10.63015,10.0,9.43398,9.43398,9.43398,8.06226,7.61577,7.61577,7.28011,6.32456,6.08276,6.0,5.0,44.29447,39.96248,41.14608,36.23534,35.35534,33.61547,31.30495,29.96665,27.313,27.313,24.69818,24.04163,25.17936,20.09975,19.10497,19.0,20.22375,19.10497,16.27882,17.72005,20.61553,18.78829,19.41649,17.02939,19.20937,19.84943,21.2132,21.93171,23.43075,24.20744,23.60085,28.01785,25.4951,29.41088,30.0,31.241,31.241,32.64966,30.41381,29.69848,31.82766,30.0,28.6007,30.80584,28.6007,29.15476,27.73085,25.94224,25.4951,22.84732,21.54066,22.80351,21.84033,20.22375,19.10497,17.02939,16.12452,24.02082,23.19483,22.36068,22.80351,20.61553,20.12461,19.31321,18.78829,18.78829,16.55295,15.26434,13.0384,14.31782,13.0384,10.77033,10.44031,11.04536,8.06226,8.24621,10.19804,8.544,10.81665,10.29563,12.20656,12.80625,13.45362,16.27882,17.20465,17.02939,18.02776,19.20937,22.47221,21.09502,22.82542,23.25941,25.07987,25.4951,26.83282,27.85678,30.36445,31.01612,32.57299,35.1141,36.40055,35.73514,35.69314,39.29377,40.02499,42.2019,43.68066,43.9659,45.22168,48.70318,43.65776,50.15974,49.0408,47.01064
13.0,12.04159,12.04159,11.04536,10.04988,9.05539,9.21954,8.24621,8.544,7.61577,7.61577,7.2111,7.2111,6.40312,6.40312,7.07107,7.2111,7.2111,6.7082,6.7082,7.61577,7.28011,8.24621,8.24621,9.21954,9.05539,10.19804,11.18034,11.18034,11.18034,11.18034,11.40175,11.40175,11.40175,11.7047,11.7047,12.08305,11.18034,10.29563,10.29563,10.81665,10.81665,9.43398,8.60233,9.21954,7.81025,8.48528,7.81025,7.2111,7.2111,6.7082,5.38516,42.57934,43.41659,39.45884,36.49658,33.95585,33.37664,31.40064,30.41381,27.29469,27.07397,25.0,23.02173,22.02272,22.36068,19.23538,20.61553,21.47091,19.72308,19.23538,17.02939,17.69181,16.27882,18.60108,17.80449,18.43909,19.72308,22.82542,21.54066,25.07987,26.24881,26.0,27.85678,27.313,27.85678,29.15476,30.8707,31.7805,29.96665,31.90611,31.38471,30.23243,32.44996,30.61046,30.0,28.42534,28.3196,27.58623,27.58623,24.83948,25.0,23.85372,23.85372,21.47091,19.69772,18.78829,16.76305,18.11077,23.25941,22.36068,22.36068,22.2036,22.09072,21.0,20.02498,18.02776,18.11077,17.02939,17.02939,14.14214,14.03567,12.0,10.0,12.16553,11.40175,9.21954,8.544,8.60233,10.81665,11.31371,10.0,10.81665,12.08305,13.92839,15.52417,16.49242,15.81139,20.39608,18.11077,20.61553,20.61553,22.36068,24.18677,25.07987,25.17936,28.07134,28.0,30.0,30.01666,33.01515,33.01515,36.22154,36.22154,38.0,40.0125,40.11234,40.04997,42.04759,47.04253,44.18144,47.0,45.01111,49.0408,47.04253,47.09565
14.31782,14.31782,12.36932,13.34166,11.40175,10.44031,9.48683,9.84886,8.544,8.06226,8.06226,7.81025,7.81025,7.81025,7.07107,7.2111,7.2111,5.83095,6.32456,6.32456,7.28011,8.06226,7.07107,8.0,9.0,9.0,10.04988,10.0,11.0,10.0,11.04536,11.04536,12.04159,11.04536,12.16553,11.18034,11.40175,11.40175,10.44031,10.77033,9.84886,10.29563,8.94427,8.94427,8.60233,8.60233,7.81025,7.81025,7.81025,7.81025,7.2111,6.7082,43.0,41.0,40.11234,35.01428,35.12834,34.0147,31.01612,29.01724,28.07134,26.30589,24.5153,21.84033,24.04163,21.18962,19.31321,19.72308,20.24846,18.60108,17.80449,18.43909,17.02939,17.20465,17.88854,18.02776,17.88854,19.31321,20.24846,22.56103,22.56103,24.33105,24.18677,27.16616,25.17936,27.16616,29.06888,27.65863,29.42788,28.63564,29.12044,30.08322,28.16026,29.15476,29.15476,30.41381,28.6531,26.92582,26.92582,26.07681,23.60085,24.41311,22.67157,21.26029,19.79899,19.41649,18.86796,17.0,16.55295,21.47091,20.12461,21.93171,22.13594,18.68154,18.11077,17.26268,18.02776,16.12452,14.03567,13.0384,13.15295,14.14214,12.16553,10.19804,9.84886,8.94427,9.43398,7.81025,7.81025,9.84886,12.64911,11.40175,11.7047,14.31782,16.03122,16.12452,17.02939,18.02776,20.02498,19.0,22.02272,22.02272,23.08679,24.18677,25.17936,26.30589,27.29469,27.45906,32.75668,31.57531,32.01562,34.20526,38.32754,35.44009,34.78505,38.60052,39.21734,42.05948,43.01163,43.41659,43.41659,47.07441,45.12206,50.9902,48.05206,48.37355
13.89244,13.0384,12.80625,12.20656,11.40175,10.0,9.89949,9.21954,8.48528,7.81025,8.60233,8.06226,8.06226,7.61577,6.7082,7.28011,7.07107,7.07107,7.0,7.0,7.07107,7.07107,8.24621,8.24621,8.24621,9.48683,9.48683,9.48683,10.44031,10.44031,10.44031,11.40175,11.40175,11.40175,11.18034,11.18034,11.04536,11.04536,11.0,11.0,10.04988,10.04988,10.04988,9.05539,9.21954,8.24621,8.24621,8.544,7.61577,6.7082,7.2111,6.40312,91.70605,84.59905,83.00602,76.8505,71.69379,70.3278,64.49806,65.51336,55.80323,52.43091,51.85557,48.16638,50.9902,44.04543,42.63801,42.43819,40.31129,41.23106,36.23534,37.48333,41.59327,34.36568,38.01316,37.0,34.0147,43.18565,42.75512,45.54119,48.50773,53.48832,46.17359,51.5461,51.66237,58.18935,59.46427,65.25335,65.25335,65.96969,59.5399,61.81424,56.7186,60.40695,59.03389,61.03278,59.03389,58.0,53.33854,51.15662,51.47815,49.0306,50.9902,46.84015,44.38468,41.18252,36.67424,37.44329,33.24154,44.72136,44.94441,39.20459,47.38143,38.8973,37.64306,34.20526,33.12099,34.20526,29.96665,28.01785,27.45906,27.01851,21.26029,18.38478,22.67157,20.80865,21.0238,17.46425,16.76305,17.11724,20.61553,21.58703,25.63201,27.89265,29.54657,29.54657,33.12099,34.88553,38.47077,36.05551,45.65085,44.10215,41.88078,47.01064,49.81967,50.0,55.31727,54.67175,60.82763,63.70243,62.93648,69.52697,76.41989,73.0,79.9062,78.49204,80.65978,85.58621,86.55634,84.95881,92.65528,94.92102,88.72993,99.15644,100.0,93.60021
13.34166,12.16553,12.16553,11.18034,11.18034,9.21954,9.0,8.0,8.0,8.06226,8.06226,7.28011,7.28011,6.7082,6.7082,7.81025,6.40312,7.07107,7.07107,7.2111,7.2111,7.61577,8.06226,8.94427,8.94427,9.48683,10.77033,10.77033,10.77033,12.08305,11.18034,12.08305,12.08305,11.18034,12.08305,12.20656,11.40175,11.40175,10.63015,10.63015,10.63015,9.89949,9.89949,9.21954,9.21954,7.81025,8.60233,7.2111,7.61577,6.7082,6.32456,6.08276,42.29657,41.30375,42.10701,38.32754,37.05401,32.14032,31.01612,32.06244,26.0,26.01922,25.31798,24.33105,21.58703,22.56103,21.58703,20.12461,20.59126,18.35756,18.60108,17.02939,21.40093,18.43909,17.69181,17.46425,18.35756,19.69772,21.58703,20.88061,24.04163,25.31798,24.5153,26.4764,27.65863,29.27456,29.27456,31.32092,32.01562,32.98485,32.89377,30.67572,31.95309,30.46309,30.8707,31.30495,27.45906,30.52868,26.92582,27.20294,24.20744,23.43075,24.04163,21.2132,19.79899,21.40093,20.24846,18.78829,17.72005,21.54066,22.2036,22.56103,22.02272,23.02173,19.0,17.11724,18.24829,17.26268,16.27882,15.29706,14.14214,15.0333,13.34166,10.04988,12.16553,11.18034,10.04988,10.0,10.0,9.89949,10.0,11.40175,13.89244,12.52996,15.52417,14.86607,17.46425,16.76305,19.64688,17.72005,20.22375,22.36068,22.2036,26.1725,25.0,27.07397,29.01724,28.01785,30.14963,32.0,33.13608,31.257,35.35534,34.23449,37.33631,39.31921,40.31129,42.29657,44.55334,45.39824,46.09772,47.09565,44.10215,50.08992,48.04165,47.01064
13.89244,12.52996,12.08305,11.18034,10.77033,9.84886,9.48683,8.24621,8.24621,8.06226,7.07107,7.0,7.0,7.07107,6.08276,7.61577,6.7082,6.7082,7.2111,7.81025,7.81025,7.81025,7.81025,9.21954,9.21954,10.0,10.0,10.81665,11.40175,11.40175,11.40175,12.04159,12.80625,12.04159,12.04159,12.04159,12.04159,11.40175,10.81665,10.81665,10.81665,10.29563,10.29563,8.94427,8.94427,8.94427,8.24621,7.28011,7.28011,7.07107,7.0,6.0,44.65423,41.40048,40.80441,36.89173,37.80212,32.75668,31.38471,31.38471,28.17801,25.94224,24.16609,23.08679,24.35159,22.47221,19.41649,20.09975,20.02498,20.02498,19.10497,16.49242,19.92486,18.97367,18.86796,17.49286,18.60108,23.02173,19.10497,21.93171,22.67157,25.4951,26.1725,27.65863,26.87006,29.06888,28.42534,31.14482,29.0,31.1127,30.61046,32.01562,29.68164,29.15476,30.01666,31.38471,29.52965,27.29469,25.94224,26.0,24.69818,24.35159,21.84033,20.61553,23.19483,19.0263,19.10497,18.02776,17.72005,23.08679,24.18677,22.56103,23.4094,21.0238,20.12461,20.59126,17.88854,19.72308,15.26434,15.81139,13.89244,15.23155,13.60147,10.29563,10.44031,11.18034,12.16553,11.0,8.544,8.94427,10.81665,8.94427,14.31782,14.21267,16.27882,17.02939,18.43909,14.86607,20.0,20.61553,20.80865,23.43075,22.2036,24.69818,27.78489,25.55386,28.17801,29.06888,30.41381,32.20248,31.7805,34.53983,36.05551,35.1141,38.62642,39.56008,37.94733,42.37924,41.78516,44.38468,45.69464,50.56679,45.18849,50.08992,50.53712,44.77723
14.03567,13.15295,12.16553,12.16553,10.19804,10.04988,9.48683,8.544,8.544,7.61577,7.61577,7.2111,7.81025,7.07107,7.07107,7.2111,7.2111,7.2111,7.61577,7.28011,7.28011,8.24621,8.24621,9.05539,10.04988,10.04988,10.04988,11.04536,12.04159,12.04159,12.04159,12.16553,12.16553,12.16553,12.36932,12.36932,12.64911,11.7047,10.77033,11.18034,10.29563,10.29563,10.29563,10.29563,9.43398,8.60233,8.60233,7.81025,7.07107,7.81025,7.2111,5.83095,44.04543,40.0,40.1995,36.22154,37.21559,34.05877,28.28427,33.06055,26.1725,28.28427,26.92582,24.04163,22.13594,20.24846,20.12461,19.72308,20.24846,19.84943,18.43909,15.55635,18.60108,18.35756,19.69772,19.31321,19.69772,22.80351,21.84033,21.2132,23.08679,25.07987,26.07681,27.07397,25.07987,30.26549,28.07134,33.13608,31.40064,29.42788,32.55764,30.80584,31.04835,31.32092,31.32092,29.15476,29.54657,26.92582,27.78489,25.07987,25.05993,24.20744,25.6125,23.60085,21.26029,19.79899,17.80449,18.02776,17.0,23.70654,22.13594,22.13594,21.58703,19.10497,22.09072,20.02498,18.11077,18.02776,16.03122,14.03567,14.03567,13.0384,14.0,12.04159,11.18034,11.7047,7.61577,10.0,8.48528,8.06226,11.18034,9.48683,11.18034,13.60147,15.29706,15.81139,15.13275,18.11077,20.09975,16.12452,24.02082,24.02082,24.02082,25.01999,24.0,24.18677,29.27456,28.44293,31.7805,32.55764,31.7805,34.71311,33.73426,37.36308,37.0,37.64306,40.80441,41.76123,43.9659,44.14748,44.64303,47.85394,44.72136,51.62364,50.63596,48.50773
13.45362,12.72792,12.04159,12.72792,10.63015,10.63015,9.21954,8.60233,8.60233,7.2111,8.06226,7.61577,6.32456,6.32456,6.08276,6.0,6.0,6.0,6.08276,6.08276,6.32456,6.32456,6.7082,8.06226,8.06226,8.06226,8.60233,9.43398,10.81665,9.43398,10.29563,10.29563,11.18034,9.84886,10.77033,10.77033,10.44031,10.19804,10.19804,10.19804,9.05539,9.05539,9.05539,9.05539,8.0,8.0,7.07107,7.07107,6.32456,6.32456,5.83095,5.83095,87.69265,89.09545,83.09633,72.47068,73.75636,65.19202,67.62396,66.06815,57.14018,50.0,51.47815,48.02083,49.1935,44.72136,45.31004,42.37924,40.4475,36.34556,35.35534,37.01351,35.22783,36.34556,31.7805,37.69615,37.57659,42.48529,43.38202,43.56604,46.40043,52.80152,49.20366,54.20332,52.47857,56.40035,53.41348,56.4358,59.36329,60.41523,62.64982,59.48109,57.24509,59.80803,59.13544,59.46427,55.54278,58.46366,51.62364,53.93515,47.16991,49.09175,47.16991,43.01163,42.0,39.81206,38.60052,37.0,33.12099,45.17743,44.40721,45.35416,43.68066,38.48376,38.94868,35.8469,34.0147,31.38471,33.54102,30.01666,25.05993,27.313,26.92582,18.78829,20.61553,22.09072,18.11077,19.10497,17.26268,17.72005,21.0238,26.07681,25.80698,28.3196,26.90725,34.65545,34.65545,36.06938,39.62323,38.28838,45.45327,44.20407,48.01042,47.80167,52.83938,54.70832,55.07268,59.16925,63.06346,62.17717,69.77105,71.11259,74.73286,68.8767,79.37884,77.47258,79.37884,83.25863,92.57429,89.89438,90.87354,93.53609,93.47727,102.0833,100.34441,95.44108
13.0384,12.04159,12.04159,11.04536,10.04988,9.05539,9.21954,8.24621,8.24621,7.28011,7.61577,7.2111,7.2111,6.40312,6.40312,7.81025,6.40312,7.2111,6.7082,7.61577,7.61577,7.28011,8.24621,9.21954,9.21954,9.05539,10.19804,11.18034,11.18034,11.18034,11.18034,11.40175,11.40175,11.40175,11.40175,11.7047,12.08305,11.18034,11.18034,10.29563,10.0,10.0,9.43398,8.60233,9.21954,7.81025,8.48528,7.07107,6.40312,6.40312,6.7082,5.38516,43.93177,40.31129,42.19005,35.51056,35.35534,33.37664,32.24903,31.257,28.01785,26.0,25.01999,24.33105,23.08679,21.58703,20.39608,20.24846,21.0238,20.24846,17.49286,18.60108,18.43909,17.69181,18.60108,18.60108,20.24846,19.72308,21.47091,21.54066,23.76973,25.96151,26.92582,25.63201,26.0,27.85678,28.23119,29.96665,32.20248,31.7805,33.12099,31.38471,30.88689,29.15476,30.80584,31.241,29.06888,28.3196,26.90725,26.1725,24.08319,24.41311,23.85372,22.2036,21.47091,18.02776,20.61553,16.55295,16.12452,21.9545,22.13594,22.13594,22.2036,20.22375,20.09975,19.0263,18.02776,18.0,16.0,16.03122,13.0,15.0333,12.0,11.0,12.04159,10.77033,9.48683,8.06226,8.60233,9.43398,12.04159,10.77033,10.44031,13.0,15.13275,15.52417,16.49242,18.02776,19.10497,19.41649,19.10497,22.2036,20.02498,23.02173,25.01999,25.01999,28.01785,28.07134,32.14032,32.14032,32.14032,34.23449,35.35534,36.22154,39.05125,38.20995,38.32754,40.31129,42.29657,43.18565,44.28318,46.04346,44.10215,49.0,50.03998,48.01042
12.80625,12.04159,12.20656,11.40175,10.0,8.60233,9.43398,8.06226,8.06226,7.28011,7.28011,7.28011,6.08276,7.0,6.0,7.07107,6.32456,6.08276,6.32456,6.7082,6.7082,7.2111,7.2111,7.81025,8.60233,9.21954,9.89949,10.63015,10.63015,10.63015,10.63015,10.81665,10.81665,10.81665,11.6619,11.6619,11.18034,10.77033,9.84886,9.84886,9.48683,9.21954,9.21954,8.24621,8.06226,8.06226,7.0,7.0,7.07107,6.08276,6.32456,5.38516,87.72685,82.03658,80.05623,77.15569,74.27651,65.76473,62.93648,59.4138,54.20332,54.20332,50.80354,46.2277,44.41846,45.17743,41.23106,39.56008,37.85499,37.12142,38.11824,35.22783,37.48333,37.10795,33.73426,37.0,38.91015,42.54409,40.24922,46.87217,47.43416,48.60041,48.25971,54.40588,50.60632,58.41233,58.60034,61.05735,63.28507,60.20797,61.7414,59.05929,60.92618,60.41523,60.00833,58.87274,54.12024,57.48913,51.41984,54.57105,49.36598,44.55334,47.01064,45.01111,42.0,41.30375,38.63936,35.1141,32.69557,46.84015,42.54409,42.54409,42.48529,41.88078,41.40048,34.05877,34.20526,31.89044,31.241,32.01562,28.6007,31.241,24.83948,21.40093,21.93171,22.36068,20.22375,16.12452,18.24829,20.22375,21.37756,23.08679,22.47221,24.69818,30.23243,30.61046,32.20248,36.40055,36.79674,35.35534,46.09772,43.13931,45.96738,52.34501,51.08816,47.42362,55.21775,56.22277,61.29437,59.40539,65.19202,68.60029,70.49113,69.11584,73.57309,74.43118,79.64923,86.83317,86.28441,87.13208,93.47727,98.6002,94.40339,100.80179,95.60335,94.26028
13.0384,13.0,11.04536,12.0,10.0,10.0,9.05539,8.24621,8.06226,7.28011,7.28011,7.61577,6.7082,7.2111,6.40312,5.65685,5.65685,5.65685,5.83095,6.7082,6.32456,7.61577,6.32456,8.24621,8.24621,9.21954,9.21954,9.21954,10.44031,9.21954,10.44031,10.44031,10.44031,10.44031,10.77033,9.84886,10.29563,9.43398,9.43398,10.0,9.21954,9.21954,7.81025,8.48528,8.48528,7.07107,7.2111,6.7082,5.83095,6.32456,6.32456,5.09902,42.37924,41.4367,42.72002,34.78505,36.13862,34.17601,32.57299,32.28002,27.89265,26.4764,25.31798,24.08319,24.08319,21.09502,22.02272,19.23538,20.39608,18.38478,16.76305,17.49286,21.9545,16.64332,18.43909,18.43909,17.02939,20.0,18.02776,22.36068,21.9545,25.05993,25.05993,27.29469,24.59675,29.15476,25.94224,30.41381,29.15476,30.01666,30.80584,27.01851,28.6007,30.61046,29.73214,31.14482,27.58623,26.90725,28.01785,25.0,26.07681,21.9545,22.47221,22.82542,22.84732,19.92486,20.61553,19.41649,17.02939,22.80351,21.2132,21.0238,22.02272,20.09975,19.0263,19.0263,17.11724,18.43909,16.03122,14.56022,16.03122,14.14214,12.04159,11.04536,11.0,9.21954,10.19804,11.18034,8.60233,9.89949,10.63015,11.40175,11.40175,13.41641,14.76482,16.55295,18.38478,18.35756,20.24846,19.31321,25.29822,22.56103,23.4094,25.70992,26.4764,26.4764,28.63564,29.15476,32.14032,34.36568,34.05877,36.05551,35.0571,38.0526,41.01219,42.10701,42.0,45.09989,43.10452,45.17743,47.04253,51.35173,45.27693,51.35173,52.46904,48.05206
13.15295,12.16553,12.36932,11.18034,10.19804,9.21954,9.48683,8.544,8.94427,8.06226,8.06226,7.81025,7.81025,7.07107,6.40312,7.2111,6.7082,6.7082,6.32456,7.28011,7.28011,8.24621,8.06226,9.05539,9.05539,9.0,11.0,11.04536,11.04536,11.0,11.04536,11.04536,11.18034,11.18034,12.16553,12.36932,11.40175,10.44031,10.77033,10.77033,9.84886,9.84886,9.84886,8.94427,9.43398,8.60233,7.81025,7.81025,7.07107,7.07107,5.83095,5.83095,44.28318,42.42641,41.10961,35.35534,36.12478,34.23449,29.15476,30.01666,28.01785,28.0,23.02173,22.09072,24.33105,22.36068,19.64688,20.24846,19.31321,18.78829,20.12461,19.41649,19.10497,17.80449,18.60108,20.80865,18.86796,22.36068,21.0238,21.93171,24.69818,24.73863,25.63201,27.85678,25.29822,29.73214,29.12044,31.01612,31.38471,31.38471,33.54102,32.64966,30.01666,31.06445,31.06445,30.80584,29.20616,27.65863,26.90725,26.1725,24.83948,23.34524,21.93171,21.63331,20.80865,19.72308,17.88854,18.68154,15.52417,21.9545,22.13594,21.84033,20.61553,21.09502,20.02498,18.02776,18.0,18.02776,17.0,15.0,15.0,14.03567,14.0,12.04159,10.19804,10.44031,10.77033,9.43398,8.60233,10.63015,10.81665,9.84886,11.18034,13.0,13.34166,15.23155,15.29706,15.52417,19.64688,20.02498,21.58703,21.37756,22.09072,24.08319,24.0,26.01922,27.07397,27.01851,31.14482,32.14032,31.06445,33.06055,37.33631,35.12834,38.32754,37.48333,39.62323,42.42641,43.18565,42.19005,46.38965,45.04442,44.18144,49.0102,49.0408,48.0
15.0333,14.03567,13.0,13.0384,12.0,11.0,11.04536,10.04988,9.05539,8.24621,8.24621,8.544,7.28011,7.61577,7.61577,7.2111,7.81025,6.40312,7.07107,7.81025,7.81025,7.2111,7.2111,8.94427,8.94427,9.48683,10.77033,9.84886,10.77033,10.77033,11.18034,11.18034,11.18034,11.6619,11.6619,11.6619,11.40175,11.40175,10.63015,11.31371,10.63015,10.63015,10.0,10.0,9.43398,8.94427,8.06226,7.61577,7.28011,7.28011,7.07107,7.0,44.10215,42.29657,42.10701,38.20995,38.11824,35.12834,33.01515,32.14032,29.0,27.01851,26.01922,24.18677,24.18677,21.58703,21.58703,20.61553,21.0238,19.23538,19.23538,18.02776,19.10497,19.10497,19.20937,19.41649,18.86796,21.09502,19.31321,22.47221,23.76973,25.29822,23.08679,26.92582,23.4094,28.4605,28.16026,29.96665,30.67572,30.08322,29.52965,28.6531,27.78489,30.52868,28.84441,28.6007,29.20616,28.3196,29.0,26.1725,26.24881,25.4951,23.02173,23.32381,21.47091,20.59126,18.02776,18.24829,18.11077,20.51828,21.47091,21.47091,21.54066,18.38478,18.43909,16.27882,17.26268,17.02939,16.27882,15.13275,12.16553,12.36932,11.18034,10.44031,9.84886,8.94427,8.06226,8.48528,9.43398,10.81665,11.18034,11.40175,12.16553,13.34166,17.11724,17.11724,17.02939,18.43909,21.0238,20.0,24.0,23.0,23.02173,25.01999,27.07397,25.4951,28.44293,28.16026,31.57531,33.73426,32.98485,34.52535,34.71311,37.85499,38.60052,40.26164,39.29377,42.95346,42.95346,43.73786,46.09772,48.50773,45.54119,52.46904,50.48762,47.09565
15.0333,15.0333,14.0,13.0384,12.04159,11.04536,11.0,10.0,10.04988,9.05539,9.05539,8.24621,8.544,7.61577,7.61577,8.06226,7.81025,7.2111,7.07107,7.07107,7.81025,8.06226,8.06226,8.94427,9.43398,9.84886,9.84886,11.18034,11.18034,10.77033,11.18034,12.52996,12.52996,12.52996,12.20656,11.40175,12.04159,12.04159,11.31371,11.31371,10.63015,11.40175,10.0,9.43398,9.43398,8.94427,8.94427,8.544,8.24621,7.28011,7.07107,7.0,46.09772,42.42641,43.28972,37.33631,37.12142,35.51056,33.13608,32.06244,31.01612,30.0,26.0,24.08319,23.19483,22.36068,21.84033,21.54066,22.84732,20.24846,19.72308,17.20465,19.10497,18.38478,19.41649,20.0,20.0,21.09502,21.0238,23.76973,22.47221,25.29822,24.73863,28.4605,25.29822,29.73214,27.51363,32.31099,32.31099,31.38471,32.64966,30.52868,30.41381,30.52868,31.06445,29.41088,27.80288,28.3196,27.58623,26.1725,24.04163,24.83948,23.43075,22.47221,21.9545,19.69772,21.0238,18.68154,17.26268,22.36068,22.47221,22.47221,20.61553,18.43909,19.10497,18.02776,18.02776,17.02939,16.12452,15.0,14.0,14.14214,12.36932,12.36932,8.06226,10.29563,8.94427,8.60233,9.89949,10.0,12.20656,10.19804,12.64911,14.56022,14.03567,16.27882,18.11077,19.41649,21.2132,20.39608,24.08319,24.08319,24.08319,27.01851,25.0,27.0,28.16026,28.0,33.24154,32.24903,34.36568,34.36568,35.90265,37.33631,42.57934,39.45884,40.60788,40.60788,44.55334,46.38965,46.87217,49.16299,45.27693,51.24451,52.23983,49.0102
15.0,14.21267,13.45362,13.45362,12.04159,11.31371,11.31371,9.89949,9.21954,8.60233,9.21954,8.94427,8.06226,8.544,7.61577,8.24621,7.07107,8.06226,8.0,8.0,8.06226,8.06226,8.06226,9.21954,9.48683,9.48683,10.77033,11.7047,11.7047,11.7047,11.7047,12.36932,12.36932,12.36932,12.36932,12.16553,12.04159,12.0,11.0,11.0,11.04536,11.04536,11.04536,10.19804,9.21954,9.21954,8.544,8.544,8.94427,8.06226,7.2111,6.40312,87.72685,87.11487,80.65978,77.10383,71.70077,71.50524,65.76473,65.06919,54.48853,55.97321,51.22499,47.20169,50.21952,42.19005,44.77723,41.78516,42.05948,37.36308,39.29377,37.12142,43.04649,37.01351,34.9285,36.40055,39.56008,42.2019,43.01163,44.28318,46.23851,49.64877,47.88528,52.39275,55.54278,58.60034,55.47071,63.56099,60.41523,60.00833,59.80803,61.13101,62.58594,62.16912,60.20797,59.84146,59.13544,54.03702,53.03772,52.03845,48.50773,48.6621,47.38143,43.93177,42.72002,40.49691,37.12142,36.35932,33.6006,44.18144,41.4367,38.8973,39.21734,39.81206,37.58989,35.35534,34.1321,32.20248,28.01785,27.73085,27.78489,23.76973,25.07987,21.93171,20.59126,21.18962,17.0,20.02498,18.02776,15.81139,23.70654,19.69772,24.20744,26.62705,27.20294,33.01515,34.65545,35.4683,41.03657,39.59798,46.09772,43.93177,48.16638,49.57822,48.60041,48.60041,53.00943,53.60037,61.58734,66.03787,67.23095,66.88797,71.69379,71.69379,69.77822,77.41447,82.29824,84.53402,88.32327,86.82166,93.49332,99.62429,91.40022,97.80082,103.81233,95.26804
13.60147,12.64911,12.08305,11.7047,9.84886,9.84886,8.94427,8.06226,8.06226,7.81025,7.81025,7.07107,7.07107,6.40312,5.83095,6.7082,6.32456,6.32456,6.08276,6.08276,6.0,7.0,7.0,8.06226,8.06226,8.06226,9.21954,10.04988,10.04988,10.19804,11.04536,11.04536,11.04536,11.0,11.0,11.04536,11.18034,10.19804,10.19804,10.44031,9.48683,9.48683,8.544,8.544,8.06226,7.61577,7.2111,6.40312,6.40312,6.40312,6.40312,5.83095,83.18654,83.18654,84.17244,73.82412,76.11833,64.93843,61.18823,61.98387,55.08176,51.92302,51.5461,47.75982,47.92703,39.82462,44.29447,39.11521,41.01219,33.94113,39.69887,36.40055,38.07887,36.71512,36.76955,37.94733,37.10795,42.75512,42.95346,44.55334,45.17743,53.15073,54.08327,56.14268,51.15662,57.03508,60.13319,55.3263,60.29925,60.29925,62.36986,59.22837,57.07013,58.87274,61.68468,62.93648,56.85948,54.626,53.33854,51.97115,51.0392,44.40721,46.40043,44.82187,38.28838,40.60788,38.58756,36.61967,33.24154,46.01087,42.42641,43.60046,40.70626,42.94182,37.73592,36.24914,35.8469,34.17601,30.08322,31.62278,26.92582,26.0,25.4951,19.23538,19.41649,19.10497,18.86796,15.0,19.72308,18.38478,25.0,25.4951,25.01999,26.07681,30.0,35.0571,32.06244,36.49658,40.1995,42.42641,46.52956,41.59327,50.69517,48.08326,49.0408,48.08326,57.87055,55.36244,64.88451,61.84658,68.02941,66.30988,73.40981,72.61543,76.94154,77.36924,84.09518,84.07735,89.15716,86.53901,94.02127,92.65528,96.56604,99.53894,98.68131,100.4241
14.0,14.0,13.15295,12.04159,11.04536,11.04536,10.19804,9.21954,9.48683,8.544,8.544,8.94427,8.06226,8.06226,7.2111,7.81025,7.81025,7.07107,7.2111,7.2111,8.06226,8.94427,8.06226,8.544,9.48683,9.48683,10.44031,10.44031,11.40175,11.7047,11.7047,12.08305,12.08305,11.18034,12.08305,11.6619,11.6619,12.20656,11.40175,11.40175,10.63015,10.63015,9.89949,9.89949,9.21954,9.21954,8.60233,8.60233,8.06226,7.61577,7.28011,6.32456,43.10452,43.01163,41.01219,40.0125,37.01351,34.05877,33.01515,33.06055,31.06445,27.16616,26.68333,25.4951,23.76973,21.18962,22.13594,20.12461,20.12461,17.80449,18.43909,18.43909,18.43909,19.20937,16.64332,17.88854,19.23538,21.54066,21.54066,23.08679,23.08679,25.70992,25.0,26.4764,26.92582,28.63564,29.83287,30.08322,31.32092,29.83287,31.62278,31.95309,30.67572,28.63564,29.52965,31.38471,28.30194,27.45906,25.80698,25.80698,25.0,24.04163,24.08319,24.08319,21.93171,21.40093,20.24846,18.35756,16.76305,22.2036,19.23538,21.54066,20.24846,19.92486,18.24829,16.49242,18.11077,17.11724,16.27882,13.0384,13.0384,11.04536,12.16553,11.18034,9.84886,10.0,10.29563,8.60233,8.60233,7.81025,10.29563,11.18034,12.36932,13.34166,14.14214,16.03122,16.27882,17.02939,19.10497,18.02776,21.0238,22.0,23.02173,24.0,26.30589,25.01999,28.16026,28.28427,29.83287,31.04835,31.04835,34.20526,37.10795,36.13862,35.73514,38.07887,38.8973,40.26164,44.14748,42.2019,45.60702,46.87217,44.72136,48.83646,49.81967,48.37355
13.45362,11.31371,12.04159,11.31371,10.63015,9.21954,8.60233,8.60233,8.06226,8.06226,7.61577,7.28011,6.32456,6.08276,6.08276,7.0,6.08276,6.08276,6.32456,6.32456,6.32456,6.7082,7.61577,8.06226,8.60233,8.60233,8.60233,10.81665,10.0,10.81665,10.29563,11.18034,11.18034,11.18034,11.18034,10.77033,10.44031,10.44031,10.19804,9.21954,9.05539,9.21954,9.05539,8.06226,8.0,8.0,7.07107,7.07107,7.28011,6.32456,5.83095,5.0,86.37129,87.11487,76.48529,77.23341,75.9276,70.83784,67.94115,62.482,54.56189,51.62364,48.27007,47.80167,45.22168,42.19005,39.82462,38.60052,40.79216,35.90265,36.87818,35.0571,35.01428,37.21559,35.69314,30.08322,39.21734,39.56008,40.70626,43.56604,48.75449,50.24938,48.25971,48.02083,55.00909,54.6443,57.80138,60.37384,61.26989,60.82763,62.03225,58.5235,60.40695,61.35145,60.41523,60.16644,54.12947,58.69412,53.46027,55.08176,47.04253,48.0,46.04346,45.09989,41.19466,39.29377,36.05551,35.73514,32.64966,45.70558,44.59821,45.18849,41.67733,43.56604,39.11521,34.05877,36.23534,35.0,34.05877,31.90611,27.80288,26.92582,25.55386,19.20937,20.59126,20.24846,19.64688,19.0,23.19483,19.10497,22.13594,28.16026,22.82542,31.06445,29.06888,33.6006,32.01562,38.60052,37.53665,42.63801,41.86884,45.34314,45.96738,53.74012,49.51767,53.75872,54.20332,60.80296,59.40539,59.40539,67.42403,68.8186,74.88658,71.28113,81.12336,78.23043,79.61156,85.44004,92.96236,90.97252,90.44335,90.44335,96.60745,99.63935,93.723,97.08244
14.14214,14.03567,13.0,12.0,12.0,11.0,10.04988,9.05539,9.05539,9.05539,8.24621,8.544,8.544,7.61577,7.61577,7.2111,7.81025,7.81025,7.81025,7.81025,7.2111,8.06226,8.06226,8.94427,8.94427,9.84886,10.77033,10.77033,10.77033,12.08305,11.18034,11.18034,12.08305,11.6619,12.52996,12.20656,11.40175,11.40175,10.63015,10.63015,10.63015,11.31371,10.63015,10.0,9.21954,9.21954,9.43398,8.06226,7.61577,7.61577,7.28011,7.07107,43.18565,44.40721,42.0119,38.0526,38.11824,34.1321,34.0147,32.01562,29.0,29.06888,28.16026,23.5372,24.73863,23.76973,22.80351,21.0238,21.0238,18.86796,18.35756,17.69181,19.10497,18.43909,19.20937,18.60108,20.24846,20.59126,21.54066,25.0,23.76973,26.24881,24.35159,27.89265,26.24881,28.63564,30.08322,30.08322,30.67572,31.38471,30.41381,30.8707,31.76476,30.01666,30.01666,31.06445,29.20616,29.20616,28.42534,26.24881,24.04163,24.04163,24.83948,23.43075,21.40093,20.80865,20.59126,18.38478,17.72005,22.82542,19.92486,20.88061,19.92486,19.23538,18.11077,18.02776,16.03122,16.03122,15.0,15.0333,12.04159,13.15295,12.0,10.04988,10.04988,10.29563,8.544,8.60233,7.07107,7.81025,12.08305,10.77033,12.36932,13.60147,14.14214,17.26268,16.27882,18.43909,19.10497,20.09975,22.02272,24.18677,22.02272,24.0,25.0,26.1725,28.0,28.28427,30.26549,31.14482,33.54102,32.75668,36.49658,34.9285,38.32754,37.65634,41.7732,41.7732,44.40721,42.75512,45.70558,47.51842,45.39824,51.62364,49.16299,47.09565
13.0384,13.0384,11.18034,11.04536,10.04988,10.04988,9.21954,8.24621,8.24621,7.61577,7.28011,6.7082,7.2111,5.83095,6.40312,7.07107,6.40312,5.83095,5.83095,6.7082,6.7082,7.28011,7.28011,8.24621,8.24621,9.21954,9.05539,9.21954,10.19804,10.19804,10.44031,10.19804,11.40175,10.44031,10.44031,10.77033,10.29563,10.29563,10.0,9.43398,9.21954,9.21954,8.48528,7.81025,7.81025,7.07107,7.2111,7.2111,6.7082,6.32456,6.08276,5.09902,44.01136,39.20459,40.0,37.12142,35.0,33.01515,31.06445,33.01515,28.07134,27.0,26.1725,24.33105,24.5153,23.08679,21.84033,19.69772,20.59126,18.86796,18.86796,16.27882,20.0,18.43909,15.81139,18.02776,19.23538,20.24846,19.69772,22.56103,23.5372,24.33105,24.33105,26.30589,25.4951,29.61419,28.28427,29.41088,27.20294,28.86174,31.62278,31.01612,29.73214,29.54657,28.63564,29.15476,27.45906,28.84441,26.24881,24.83948,24.08319,24.08319,21.2132,20.51828,20.61553,19.72308,18.86796,17.88854,15.29706,22.47221,22.36068,20.88061,22.56103,19.23538,19.23538,19.10497,16.27882,17.26268,15.13275,15.0333,13.34166,13.92839,12.04159,11.40175,10.44031,11.6619,8.94427,10.0,9.21954,11.6619,13.45362,12.08305,14.31782,14.31782,18.43909,17.08801,19.23538,18.43909,23.34524,20.09975,23.02173,23.02173,24.02082,25.0,26.01922,26.01922,28.07134,29.15476,32.55764,31.40064,33.54102,37.33631,35.90265,37.10795,40.79216,39.05125,41.0,43.17407,44.14748,46.87217,48.05206,49.64877,47.67599,48.37355,48.50773,48.09366
14.14214,13.45362,12.04159,12.04159,10.63015,9.21954,10.0,8.60233,8.60233,7.2111,8.06226,7.61577,6.7082,6.32456,7.07107,7.07107,6.0,6.0,6.08276,7.07107,6.08276,7.28011,6.32456,7.61577,8.06226,8.94427,9.43398,9.43398,10.29563,9.43398,9.84886,9.84886,10.77033,10.77033,10.44031,10.44031,10.19804,10.04988,9.05539,10.04988,9.0,9.0,9.0,9.0,8.06226,8.06226,7.28011,7.28011,6.7082,6.7082,6.40312,6.40312,89.14034,80.62258,84.17244,77.15569,72.86288,71.44928,63.78087,66.6033,56.0803,55.0,53.0,46.87217,50.11986,46.14109,44.72136,41.10961,42.37924,36.87818,37.65634,37.21559,43.18565,36.22154,36.22154,34.48188,39.84972,39.92493,41.78516,45.17743,44.29447,48.8774,45.27693,53.0,51.10773,56.4358,55.75841,64.88451,64.40497,62.26556,61.46544,58.69412,52.81098,63.60031,59.66574,59.03389,54.91812,52.61179,54.23099,52.08647,52.0,48.04165,45.17743,43.18565,41.0,38.27532,37.57659,34.43835,33.61547,43.04649,42.29657,42.95346,41.4367,40.80441,40.31129,39.84972,34.88553,32.64966,30.52868,28.17801,24.16609,24.69818,21.18962,19.31321,18.02776,20.39608,22.0,20.22375,19.69772,23.08679,24.59675,26.92582,30.80584,31.06445,29.0,33.01515,35.38361,33.94113,43.93177,41.03657,53.2635,49.67897,47.80167,53.2635,52.43091,54.6443,58.30952,57.45433,63.52952,66.64833,65.29931,68.47627,72.56032,75.15318,79.47956,77.82673,82.76473,84.30896,89.94443,89.06739,98.88377,92.96236,92.7847,101.0198,100.95544,98.0051
13.0,13.0,11.7047,11.7047,10.77033,9.84886,9.21954,9.21954,8.24621,8.06226,8.06226,8.0,7.0,7.07107,6.08276,6.32456,6.7082,6.7082,6.40312,6.40312,6.40312,7.07107,7.07107,7.81025,7.81025,7.81025,8.60233,9.21954,10.0,10.0,10.63015,10.63015,10.63015,10.63015,10.63015,10.63015,10.0,10.29563,9.43398,9.43398,8.94427,8.94427,8.544,8.544,8.24621,7.28011,7.07107,7.07107,7.0,7.07107,6.08276,5.38516,42.54409,39.92493,41.4367,37.69615,36.40055,34.9285,28.23119,31.95309,27.313,26.57066,25.31798,24.5153,25.07987,21.09502,20.02498,21.0238,21.0238,17.02939,18.68154,18.38478,17.46425,15.23155,16.64332,18.60108,17.69181,18.38478,19.10497,22.80351,22.02272,22.80351,23.43075,25.6125,25.0,27.01851,25.6125,29.83287,28.3196,29.73214,28.28427,29.69848,28.28427,29.41088,28.84441,28.01785,28.30194,25.94224,26.40076,24.16609,23.25941,22.13594,21.84033,19.92486,19.64688,17.11724,16.0,18.11077,17.46425,20.61553,20.61553,21.2132,22.02272,19.10497,19.0,17.02939,16.03122,18.02776,15.0333,14.0,13.0384,14.0,14.0,11.18034,9.05539,9.48683,8.94427,9.43398,10.63015,9.21954,11.40175,13.60147,13.60147,16.12452,17.88854,15.65248,18.38478,19.23538,22.13594,19.69772,22.13594,22.47221,23.76973,23.76973,26.68333,25.4951,27.65863,28.44293,30.26549,31.40064,34.05877,35.22783,36.12478,35.12834,40.0125,39.05125,40.04997,39.11521,44.18144,43.73786,47.26521,47.67599,44.55334,50.9902,49.24429,49.72927
14.21267,14.21267,12.72792,12.80625,11.31371,10.63015,10.63015,10.0,9.21954,8.60233,8.60233,8.06226,8.06226,7.61577,7.61577,7.28011,7.07107,7.0,7.0,7.07107,7.07107,8.06226,8.24621,8.544,9.48683,9.48683,9.84886,10.44031,11.7047,10.77033,11.40175,11.40175,11.40175,11.40175,11.18034,11.18034,11.18034,11.04536,11.04536,11.04536,10.04988,10.04988,9.05539,10.04988,9.21954,8.24621,8.24621,8.544,7.61577,7.61577,7.2111,6.40312,93.81365,85.0,86.09297,77.82031,73.3553,71.56116,63.06346,67.23095,58.66856,55.22681,54.81788,49.57822,49.0408,46.69047,43.13931,42.80187,47.70744,41.88078,39.39543,36.67424,40.80441,36.68787,42.0119,41.0,37.01351,43.01163,39.45884,44.55334,46.38965,50.80354,50.0,51.97115,51.62364,56.29387,55.10898,61.18823,59.84146,59.68249,62.28965,61.0082,60.03332,65.0,57.31492,60.40695,59.5399,54.12947,52.39275,52.88667,48.10405,49.39636,46.51881,40.71855,42.94182,39.11521,40.45986,36.79674,36.79674,40.16217,41.59327,39.66106,41.6173,38.18377,38.28838,35.38361,31.82766,31.1127,27.58623,29.69848,28.28427,23.85372,25.4951,20.80865,21.09502,20.59126,16.15549,17.26268,17.02939,19.23538,23.34524,20.61553,27.73085,29.54657,32.75668,34.53983,35.8469,33.83785,46.04346,42.54409,48.37355,47.20169,51.40039,49.81967,50.44799,55.80323,58.0517,56.0803,65.06919,65.79514,65.06919,70.00714,72.13876,73.59348,77.78175,79.98125,80.05623,83.45058,84.14868,91.35097,86.97701,99.48869,89.14034,101.82829,100.26465,98.23441
12.64911,11.7047,10.77033,11.7047,9.48683,9.48683,8.94427,8.06226,8.06226,7.2111,7.2111,7.07107,7.07107,6.40312,6.40312,7.2111,6.7082,5.38516,6.32456,6.08276,6.08276,7.07107,7.07107,7.0,8.0,8.06226,9.0,9.0,10.0,10.0,10.04988,10.04988,10.04988,10.04988,10.04988,10.19804,10.44031,9.48683,9.48683,9.84886,8.94427,8.94427,8.06226,8.06226,7.81025,7.2111,7.07107,7.07107,6.40312,5.83095,5.83095,5.38516,91.7878,86.57944,84.0119,74.54529,77.87811,66.75328,63.50591,64.49806,57.27128,53.15073,52.49762,48.70318,47.43416,43.86342,43.82921,44.10215,43.93177,39.05125,38.20995,37.53665,41.18252,39.44617,36.24914,37.69615,38.60052,41.23106,42.2019,45.17743,43.28972,49.09175,46.27094,53.15073,54.33231,57.14018,58.00862,57.70615,63.1981,60.82763,59.03389,60.16644,61.40033,58.5235,57.93962,58.18935,55.9464,53.7122,52.83938,49.39636,47.70744,45.48626,44.20407,39.69887,42.44997,38.60052,36.12478,35.8469,33.24154,48.10405,46.01087,43.04649,42.94182,42.94182,35.1141,37.0,32.28002,31.32092,31.32092,30.08322,25.07987,24.59675,26.83282,21.63331,21.63331,21.93171,17.80449,20.0,18.60108,23.08679,25.31798,27.07397,23.02173,28.07134,32.01562,39.05125,36.01389,36.0,43.41659,43.04649,48.16638,48.01042,50.35871,52.23983,54.91812,55.08176,59.66574,58.82176,63.24555,65.78754,65.9242,69.26038,75.23962,74.32362,80.41144,77.25283,80.77747,84.50444,86.03488,88.95504,93.2309,98.68131,94.25497,98.67117,98.0816,99.46356
14.42221,12.52996,12.52996,12.52996,11.18034,9.84886,10.77033,9.48683,9.48683,9.21954,8.24621,8.06226,8.06226,8.0,7.0,8.06226,7.28011,7.28011,7.61577,8.06226,8.06226,8.06226,8.06226,8.60233,10.0,10.0,10.63015,11.40175,11.40175,12.04159,11.40175,12.20656,12.20656,12.20656,12.20656,12.52996,12.08305,11.7047,11.7047,10.44031,11.40175,10.44031,10.19804,9.21954,9.05539,9.05539,9.0,8.0,8.06226,7.07107,7.28011,6.32456,41.6173,42.80187,39.66106,37.80212,37.21559,33.83785,33.28663,30.52868,29.15476,25.05993,25.4951,23.76973,24.69818,23.4094,22.13594,21.2132,21.2132,20.02498,19.0,21.37756,21.84033,19.64688,19.31321,21.0238,20.61553,21.47091,22.47221,21.40093,25.23886,25.6125,25.6125,26.24881,27.80288,28.3196,29.73214,30.23243,30.80584,31.40064,30.52868,30.01666,29.15476,29.06888,30.8707,29.54657,27.51363,28.4605,27.20294,28.86174,24.73863,24.33105,24.33105,23.19483,22.02272,22.0,19.23538,18.43909,16.27882,20.02498,18.68154,19.92486,18.38478,18.38478,17.49286,16.12452,15.81139,15.26434,15.26434,13.89244,11.18034,12.08305,11.18034,8.94427,9.48683,9.05539,9.0,9.48683,8.06226,9.84886,10.63015,10.81665,13.60147,14.14214,17.02939,15.55635,17.69181,19.20937,20.0,20.61553,20.61553,22.02272,23.60085,25.0,24.41311,24.69818,27.78489,28.17801,29.96665,29.52965,34.9285,33.10589,35.8469,33.61547,36.67424,36.24914,40.8534,42.54409,43.86342,42.04759,42.54409,44.77723,46.51881,47.88528,47.01064,47.88528
15.29706,14.56022,13.60147,13.34166,12.36932,11.40175,10.44031,9.84886,9.84886,8.94427,8.94427,8.60233,8.60233,7.81025,7.81025,7.81025,7.2111,7.2111,7.61577,7.61577,7.61577,7.28011,8.24621,8.06226,9.05539,9.05539,10.04988,11.04536,11.04536,11.04536,11.18034,12.16553,12.16553,11.18034,12.36932,11.7047,11.7047,11.18034,11.18034,11.18034,10.29563,10.81665,10.29563,10.0,9.21954,8.48528,9.21954,8.60233,7.81025,7.2111,7.61577,6.32456,45.01111,42.10701,42.0119,37.01351,37.05401,35.01428,33.01515,31.01612,29.01724,27.07397,25.4951,23.76973,24.04163,22.13594,20.88061,20.59126,20.59126,21.09502,18.35756,19.84943,19.84943,16.97056,19.41649,18.02776,18.35756,20.59126,20.12461,21.93171,22.47221,23.76973,24.35159,26.57066,25.63201,28.4605,26.57066,30.08322,29.73214,29.41088,30.46309,30.8707,28.17801,30.23243,30.80584,28.6007,29.20616,27.80288,26.1725,24.75884,23.34524,25.4951,22.2036,21.63331,21.63331,19.69772,19.31321,18.02776,17.26268,20.51828,19.20937,17.80449,18.35756,18.38478,18.02776,16.76305,16.49242,16.15549,14.86607,13.34166,12.64911,12.52996,8.94427,11.6619,9.43398,9.21954,8.60233,9.21954,9.84886,11.18034,11.18034,13.0384,15.0333,14.03567,17.0,17.11724,18.02776,19.0263,22.0,21.09502,22.2036,26.30589,25.17936,27.29469,25.70992,26.4764,28.63564,27.51363,29.41088,32.28002,32.28002,35.73514,37.64306,36.05551,36.05551,38.60052,40.16217,41.4367,43.65776,43.68066,45.22168,49.0306,46.09772,49.81967,50.01,49.49747
14.21267,13.45362,13.45362,12.04159,12.04159,10.63015,9.89949,9.21954,9.21954,8.60233,8.60233,8.94427,7.61577,7.61577,7.61577,7.28011,7.07107,7.07107,7.0,8.0,8.0,8.06226,7.07107,8.24621,9.21954,9.48683,10.44031,10.44031,10.44031,11.7047,11.40175,11.40175,11.40175,11.18034,11.18034,12.04159,12.04159,11.0,10.0,11.0,10.04988,10.04988,10.04988,9.21954,9.21954,8.24621,8.544,7.61577,8.06226,8.06226,7.2111,7.07107,85.44589,83.48653,84.20214,74.4043,75.80237,67.62396,63.41136,64.2028,57.48913,52.40229,55.86591,46.69047,51.61395,46.04346,43.41659,44.29447,46.51881,41.4367,37.33631,39.81206,41.10961,37.12142,34.0147,40.04997,40.31129,42.95346,42.95346,43.65776,47.51842,46.23851,49.72927,53.85165,52.55473,57.00877,55.71355,59.77458,60.41523,58.24088,64.53681,59.43904,59.3043,60.29925,58.00862,61.07373,56.0,54.08327,58.07753,55.22681,50.35871,47.67599,43.9659,43.41659,44.59821,40.31129,38.58756,35.51056,35.60899,43.17407,40.8534,38.47077,36.35932,38.01316,32.64966,31.40064,34.05877,30.4795,30.4795,28.28427,23.02173,22.47221,23.43075,15.26434,19.23538,18.68154,17.08801,17.02939,20.88061,17.46425,22.84732,24.16609,29.15476,30.8707,32.80244,36.23534,36.89173,38.07887,38.83298,41.40048,47.80167,45.0,45.27693,51.40039,51.62364,54.45181,55.86591,54.45181,61.52235,62.93648,70.17834,68.88396,74.65253,68.88396,76.844,77.80103,77.10383,83.00602,85.04117,89.93887,90.13878,91.96739,89.93887,99.00505,94.76286,96.20811
13.41641,13.41641,12.52996,12.08305,10.29563,9.43398,10.0,9.21954,9.21954,8.48528,8.48528,8.60233,7.2111,7.2111,7.61577,7.61577,7.28011,7.28011,7.07107,8.06226,8.0,8.0,8.0,9.05539,10.04988,10.19804,10.19804,11.04536,12.04159,11.18034,11.04536,12.04159,12.04159,12.0,12.0,12.04159,12.04159,11.04536,11.18034,11.18034,10.44031,10.44031,9.48683,9.48683,9.48683,8.544,8.06226,8.06226,7.2111,7.2111,7.07107,5.65685,91.59148,83.95237,83.74366,74.73286,71.38627,67.68309,62.8172,63.60031,58.24088,57.97413,50.15974,46.23851,47.01064,45.17743,42.05948,41.23106,41.72529,37.53665,38.8973,35.80503,41.67733,35.35534,38.91015,39.56008,36.68787,39.29377,42.75512,46.38965,45.39824,50.08992,48.50773,55.14526,57.21888,55.3263,55.22681,65.11528,61.40033,61.66036,63.56099,60.44005,56.61272,60.40695,59.09315,57.38467,54.56189,56.79789,55.9464,54.3783,52.15362,49.39636,42.0119,46.01087,40.45986,40.60788,39.66106,37.44329,33.54102,43.18565,41.01219,39.05125,40.22437,37.73592,39.35734,31.30495,31.38471,28.63564,29.41088,29.15476,27.29469,26.07681,22.82542,22.02272,17.69181,19.10497,18.35756,17.46425,18.35756,20.24846,21.2132,25.07987,27.16616,30.0,28.16026,35.0571,36.22154,39.31921,41.59327,36.67424,45.12206,42.95346,45.60702,50.21952,50.92151,54.12024,54.78138,57.87055,58.69412,59.61543,63.15853,70.77429,72.06941,73.79024,71.11259,73.34848,75.66373,81.3941,92.19544,85.49269,90.33825,89.69392,88.54377,97.30879,97.08244,96.79876
13.41641,12.52996,11.6619,11.18034,10.29563,10.29563,10.0,9.21954,8.48528,7.81025,8.48528,7.81025,7.81025,7.2111,7.2111,7.61577,7.28011,7.28011,7.07107,7.07107,7.07107,8.0,8.0,9.05539,9.0,10.04988,10.04988,11.04536,11.04536,11.04536,11.0,11.0,12.0,11.0,12.04159,11.04536,11.18034,11.40175,10.44031,10.44031,10.77033,9.84886,9.84886,8.94427,8.94427,8.06226,8.06226,7.2111,6.40312,7.07107,6.40312,5.83095,85.16455,83.19856,83.52245,73.4983,77.49194,67.44627,61.40033,61.68468,56.30275,53.66563,51.42956,47.92703,47.85394,44.82187,42.80187,41.72529,41.7732,37.80212,40.31129,34.66987,44.29447,39.35734,39.84972,42.37924,40.80441,38.8973,41.0,45.09989,45.54119,52.03845,50.08992,55.03635,53.23533,58.07753,56.00893,57.55867,60.82763,59.84146,62.16912,62.58594,60.41523,59.48109,59.13544,58.82176,59.61543,54.12024,54.20332,55.56978,49.40648,49.20366,44.20407,43.18565,42.44997,39.20459,39.40812,35.51056,35.34119,42.94182,42.0119,40.36087,39.62323,37.48333,36.40055,31.76476,30.23243,29.15476,26.62705,26.0,24.41311,27.65863,23.34524,21.26029,21.26029,23.02173,19.20937,17.08801,20.09975,21.09502,26.07681,22.09072,24.18677,29.27456,32.01562,34.52535,35.73514,35.17101,40.5216,37.64306,45.88028,41.78516,47.16991,50.96077,50.56679,50.15974,52.7731,57.45433,61.77378,67.1193,64.14047,69.77105,71.56116,71.34424,79.40403,77.69813,79.61156,80.77747,87.32125,87.32125,90.73588,95.38344,87.65843,97.04638,99.80982,92.47702
13.92839,13.0,12.08305,12.08305,11.18034,9.84886,10.29563,9.43398,9.43398,7.81025,7.81025,8.48528,7.81025,7.81025,7.2111,7.2111,6.7082,6.7082,6.32456,6.32456,6.08276,7.07107,7.0,8.0,8.0,9.05539,9.05539,9.05539,10.04988,10.04988,10.04988,10.0,10.0,10.0,11.0,10.04988,11.04536,10.19804,10.19804,10.44031,9.48683,9.48683,8.544,8.544,8.06226,8.06226,7.81025,7.81025,7.81025,7.07107,6.40312,5.83095,86.03488,81.59657,83.67198,74.0,73.92564,71.69379,64.2573,67.1193,53.7122,55.00909,48.8774,48.82622,50.21952,42.80187,41.7732,43.18565,45.0,40.49691,38.47077,38.47077,42.54409,36.40055,37.21559,38.07887,37.12142,42.42641,39.01282,45.27693,48.04165,49.49747,51.35173,55.57877,48.50773,55.57877,54.58938,61.13101,61.07373,59.3043,60.00833,61.0082,57.07889,57.14018,61.29437,61.52235,56.7186,57.97413,56.51548,50.0,48.50773,44.28318,42.15448,43.909,43.38202,39.40812,39.20459,36.76955,32.20248,43.82921,42.0119,37.64306,43.41659,39.05125,36.40055,32.20248,33.6006,31.76476,24.41311,26.41969,25.23886,25.4951,26.90725,19.84943,18.38478,18.35756,18.38478,20.12461,22.56103,18.11077,26.01922,24.18677,28.16026,28.86174,34.48188,33.73426,39.56008,37.94733,46.17359,40.49691,49.33559,47.16991,47.75982,53.31041,54.78138,51.88449,57.45433,57.80138,59.90826,67.41662,64.3506,73.57309,72.42237,75.21303,75.45197,79.20227,75.60423,82.41966,83.40863,88.60023,89.81091,101.0198,86.09297,98.47842,96.89685,94.89468
14.21267,13.60147,12.20656,12.80625,11.40175,10.81665,10.29563,9.84886,9.84886,8.94427,9.48683,9.21954,8.24621,8.06226,8.06226,8.0,8.06226,8.06226,8.24621,8.544,8.544,8.94427,8.544,8.94427,9.84886,10.29563,10.81665,11.6619,12.52996,11.6619,12.52996,12.52996,12.52996,12.08305,12.08305,12.64911,12.36932,11.40175,11.18034,11.18034,11.18034,11.04536,10.04988,10.04988,10.0,9.0,9.05539,8.06226,8.24621,7.28011,7.61577,6.7082,90.80198,83.40863,78.74643,73.59348,76.48529,70.17834,63.12686,63.65532,57.98276,55.86591,54.67175,47.63402,49.39636,46.32494,43.38202,41.23106,41.76123,43.65776,39.81206,36.34556,42.0119,38.0526,37.21559,41.04875,38.07887,41.0,43.9659,44.38468,49.0408,50.9902,48.33218,55.00909,52.92447,60.92618,55.03635,62.96825,62.96825,62.62587,65.14599,62.36185,60.16644,60.20797,58.42089,60.53098,57.21888,53.03772,52.0,52.0,49.25444,47.16991,44.55334,45.39824,41.4367,38.27532,38.01316,34.9285,36.89173,43.17407,40.8534,38.91015,40.70626,37.73592,35.80503,32.20248,32.01562,31.241,26.90725,27.01851,24.20744,24.69818,22.47221,19.72308,17.49286,17.26268,17.46425,19.0263,19.10497,18.97367,25.63201,24.41311,30.01666,30.01666,30.0,37.21559,39.11521,34.20526,41.40048,40.0,46.2277,43.41659,46.75468,50.32892,52.34501,51.66237,58.0,54.81788,65.0,60.0,62.42596,66.61081,73.40981,72.00694,74.63243,76.844,78.23043,84.6286,87.09191,86.60831,92.41753,101.53325,90.02777,99.35794,99.08582,91.93476
13.89244,12.52996,12.20656,11.6619,10.81665,9.43398,9.21954,9.21954,9.21954,8.48528,7.81025,7.81025,7.2111,7.2111,5.83095,7.28011,6.32456,6.32456,6.08276,6.0,6.0,7.07107,7.07107,7.07107,8.24621,8.24621,8.24621,9.48683,9.21954,10.44031,9.21954,10.19804,10.19804,10.19804,10.19804,10.04988,10.0,10.04988,9.05539,9.05539,9.05539,9.21954,9.21954,8.24621,8.24621,7.61577,7.61577,6.7082,7.2111,6.40312,5.65685,6.40312,84.38009,85.75547,78.23682,72.94518,76.55064,66.57327,67.1193,64.40497,58.41233,53.82379,51.22499,47.42362,50.24938,44.82187,43.13931,42.54409,46.14109,39.0,34.88553,38.27532,36.67424,36.87818,36.05551,37.0,38.01316,43.01163,44.55334,42.75512,48.83646,51.86521,47.29693,52.55473,54.12947,55.36244,56.61272,58.94065,57.72348,59.90826,59.5399,58.69412,60.20797,61.0,57.00877,58.00862,56.14268,55.22681,51.47815,53.36666,46.52956,46.57252,45.35416,43.9659,40.8534,38.47077,36.61967,36.87818,29.73214,40.16217,38.01316,43.04649,40.80441,37.80212,38.20995,32.64966,33.24154,32.64966,28.3196,26.90725,25.4951,24.41311,24.20744,18.60108,21.0238,20.39608,21.37756,17.26268,19.0263,18.11077,23.76973,27.20294,27.85678,31.38471,36.24914,33.61547,37.69615,35.77709,42.19005,40.22437,44.41846,46.14109,48.25971,53.25411,50.80354,55.44367,55.60576,57.00877,65.06919,64.53681,70.71068,70.00714,76.38063,70.00714,74.27651,79.98125,77.33693,81.3941,87.69265,87.78383,93.38094,93.723,91.21952,100.65784,97.0,98.59513
12.16553,11.18034,11.04536,11.18034,10.04988,10.04988,9.0,9.0,8.0,8.06226,7.07107,7.28011,7.28011,6.7082,6.7082,7.2111,6.40312,6.40312,7.07107,7.07107,7.07107,7.81025,7.2111,8.06226,8.60233,8.94427,9.84886,9.43398,11.18034,10.29563,10.81665,10.81665,10.81665,10.0,11.40175,10.63015,10.63015,9.89949,9.89949,10.63015,10.0,9.43398,8.60233,8.06226,8.06226,8.06226,7.61577,7.28011,7.28011,6.08276,6.0,5.0,45.54119,43.08132,40.16217,36.76955,37.33631,32.69557,32.57299,30.36445,30.67572,27.20294,25.4951,23.02173,24.33105,24.02082,21.0238,22.2036,21.37756,21.37756,17.46425,19.31321,20.12461,17.88854,16.40122,18.60108,19.10497,20.51828,22.67157,22.80351,23.60085,26.07681,24.20744,25.80698,29.06888,28.42534,30.23243,29.06888,29.06888,31.89044,31.82766,31.1127,31.14482,28.3196,30.23243,28.6007,27.45906,27.78489,25.4951,26.40076,22.36068,21.93171,22.47221,22.80351,19.41649,20.09975,19.23538,18.02776,17.26268,21.54066,19.41649,20.22375,20.0,20.02498,18.02776,18.0,16.03122,16.03122,16.03122,13.0384,12.04159,13.0,12.04159,10.0,11.04536,10.44031,11.18034,9.43398,10.81665,12.04159,11.31371,12.04159,14.42221,14.76482,17.88854,18.35756,16.64332,19.72308,19.69772,21.54066,22.36068,23.76973,24.35159,26.24881,25.29822,24.04163,28.44293,28.63564,30.41381,30.59412,33.37664,33.37664,35.35534,32.24903,37.48333,37.21559,38.11824,40.31129,45.54119,43.18565,46.38965,45.70558,45.70558,49.24429,48.05206,48.50773
14.56022,13.60147,13.34166,12.64911,12.36932,11.40175,11.18034,10.04988,10.04988,9.0,9.0,9.05539,9.05539,8.24621,8.24621,8.544,8.94427,7.61577,8.06226,8.60233,8.60233,8.48528,8.48528,9.89949,9.89949,10.63015,10.63015,12.04159,11.40175,12.04159,11.31371,12.72792,12.72792,12.04159,12.04159,12.80625,12.20656,11.6619,11.6619,11.18034,11.18034,11.18034,10.77033,10.77033,9.48683,9.48683,9.21954,8.06226,8.06226,8.0,7.07107,7.07107,43.9659,40.8534,39.56008,39.29377,37.94733,33.83785,34.9285,32.98485,30.08322,26.30589,28.07134,27.16616,24.02082,24.02082,22.02272,21.2132,22.36068,21.37756,18.68154,19.31321,21.9545,18.78829,18.02776,20.0,20.51828,22.02272,23.34524,23.60085,24.08319,26.24881,25.23886,28.01785,28.6007,28.01785,30.80584,29.20616,31.241,30.61046,31.14482,30.41381,31.89044,31.14482,30.4795,30.61046,28.01785,29.41088,26.62705,26.92582,24.59675,23.25941,24.59675,23.4094,22.47221,21.37756,20.22375,19.0,17.02939,19.64688,19.23538,21.09502,20.09975,19.10497,16.12452,16.12452,15.52417,16.12452,14.31782,14.56022,11.40175,12.04159,12.04159,10.04988,9.05539,9.48683,8.544,8.94427,9.21954,10.0,11.40175,12.04159,13.41641,14.76482,15.65248,16.12452,18.78829,17.49286,20.12461,19.31321,22.47221,21.54066,23.08679,26.24881,25.0,27.20294,28.63564,28.63564,30.26549,30.26549,34.23449,35.35534,36.22154,34.23449,38.0526,38.11824,39.11521,41.10961,43.18565,42.19005,45.17743,44.55334,49.36598,50.21952,45.70558,48.83646
13.60147,13.60147,13.0384,12.20656,10.81665,10.29563,9.84886,8.94427,9.84886,8.544,9.48683,8.24621,8.06226,8.06226,8.0,8.0,8.06226,7.07107,7.28011,7.28011,7.61577,8.544,8.06226,8.94427,9.43398,9.43398,10.81665,10.81665,11.6619,11.6619,11.18034,11.6619,12.52996,11.18034,12.08305,11.7047,11.40175,11.40175,11.18034,11.18034,10.19804,10.04988,10.04988,10.04988,9.0,9.0,8.06226,8.06226,8.06226,7.28011,6.32456,5.83095,86.55634,84.81156,78.74643,74.24958,72.47068,68.88396,65.79514,62.24147,59.4138,55.9017,51.73973,49.40648,49.64877,42.43819,44.77723,44.72136,44.94441,42.05948,37.36308,36.67424,42.10701,41.01219,37.33631,39.20459,38.47077,45.35416,43.68066,48.10405,44.59821,53.7122,50.08992,54.626,52.80152,60.74537,57.27128,60.72891,57.93962,60.40695,62.0967,64.03124,58.24946,61.0,63.78871,57.14018,58.07753,53.03772,53.03772,53.08484,49.36598,49.25444,47.67599,44.14748,42.37924,39.92493,42.95346,36.71512,34.71311,42.57934,40.49691,39.84972,38.58756,38.07887,33.6006,31.62278,33.61547,30.4795,30.61046,26.90725,22.80351,24.41311,22.36068,19.41649,17.08801,20.09975,16.03122,20.02498,19.10497,23.08679,25.07987,24.16609,27.29469,31.30495,35.4683,36.35932,37.80212,38.07887,42.2019,39.82462,47.20169,46.09772,48.41487,51.73973,51.62364,49.51767,55.17246,57.28001,60.80296,66.6033,68.60029,65.60488,68.60029,67.42403,78.03204,76.55064,75.16648,81.27115,85.2115,89.40358,94.62558,99.0202,86.55634,96.82975,99.76472,94.84725
14.03567,12.04159,11.0,11.0,11.0,10.0,10.04988,9.05539,8.06226,8.06226,8.24621,7.61577,6.7082,6.7082,6.7082,7.2111,6.40312,6.40312,6.40312,6.40312,6.40312,6.7082,6.7082,7.61577,8.544,8.544,9.48683,9.48683,9.48683,10.44031,9.84886,9.84886,9.84886,10.29563,10.29563,10.81665,10.81665,10.0,9.21954,9.21954,9.21954,8.48528,8.48528,7.81025,8.60233,7.2111,7.61577,6.7082,6.32456,6.32456,6.08276,6.0,43.17407,40.80441,40.79216,39.05125,36.67424,35.17101,30.36445,32.75668,29.27456,26.4764,26.07681,25.07987,25.07987,22.2036,21.09502,20.88061,21.84033,19.31321,18.97367,17.46425,20.24846,17.49286,15.6205,17.02939,16.97056,19.84943,22.67157,23.85372,22.47221,26.41969,24.59675,27.29469,25.05993,29.15476,28.17801,29.15476,28.6007,30.0,29.06888,27.80288,29.0,28.3196,28.3196,30.41381,29.06888,27.01851,26.62705,24.69818,24.41311,22.82542,22.36068,21.0238,20.88061,18.68154,17.26268,17.11724,18.0,22.36068,21.18962,19.64688,19.41649,20.09975,17.11724,17.02939,16.03122,16.03122,15.0333,13.15295,13.0384,14.03567,12.16553,10.04988,11.7047,13.0384,9.84886,10.81665,12.04159,10.63015,14.21267,13.0384,14.31782,16.55295,18.43909,17.88854,18.68154,19.31321,22.47221,22.13594,24.04163,23.4094,25.70992,27.65863,29.61419,26.4764,28.16026,30.06659,32.06244,32.01562,33.0,36.22154,36.0,36.01389,40.0125,39.0,38.01316,43.0,44.04543,44.0,46.09772,49.0408,44.10215,49.0408,50.15974,46.52956
13.92839,13.0,12.64911,11.7047,10.77033,10.44031,10.19804,9.21954,9.21954,8.06226,8.06226,8.0,7.0,7.07107,7.07107,7.28011,6.7082,6.7082,6.7082,6.40312,6.40312,7.07107,7.07107,7.81025,8.48528,7.81025,9.21954,10.0,10.0,10.0,10.63015,10.63015,10.63015,10.63015,10.63015,10.63015,10.81665,10.0,9.43398,9.43398,9.43398,8.94427,8.544,8.544,8.544,7.28011,8.24621,7.07107,7.07107,7.0,6.08276,5.09902,41.48494,43.32436,38.8973,36.68787,37.64306,32.28002,34.9285,30.80584,31.04835,27.29469,27.29469,25.17936,25.07987,25.07987,22.2036,21.37756,21.09502,19.23538,15.23155,20.12461,17.88854,21.09502,17.80449,19.20937,16.40122,19.10497,23.34524,22.02272,23.34524,24.41311,25.80698,27.20294,27.01851,27.01851,28.84441,28.42534,30.4795,31.40064,30.41381,31.1127,31.14482,31.241,29.83287,28.6007,26.41969,28.30194,25.55386,26.41969,21.93171,23.76973,21.54066,22.80351,20.39608,21.09502,18.02776,19.0263,16.12452,21.47091,19.31321,20.88061,19.41649,20.09975,17.11724,18.11077,15.0333,16.03122,16.0,14.0,13.0384,14.31782,13.0384,10.19804,11.40175,11.6619,10.29563,8.60233,8.48528,13.45362,12.80625,16.12452,15.26434,16.55295,18.97367,16.55295,18.38478,22.47221,22.80351,22.47221,22.13594,24.35159,24.04163,27.20294,27.89265,27.65863,29.42788,29.42788,32.14032,31.14482,36.05551,35.12834,36.05551,34.0147,39.0,39.01282,41.0,40.0,46.04346,44.10215,45.27693,45.27693,50.08992,51.47815,48.50773,49.0306
13.41641,12.52996,11.6619,11.6619,11.18034,10.29563,10.0,8.60233,9.21954,7.81025,8.48528,7.81025,7.81025,7.2111,7.2111,6.7082,6.32456,6.32456,6.08276,6.08276,7.07107,7.0,7.0,8.06226,8.06226,8.06226,9.05539,9.05539,10.04988,10.04988,10.04988,10.04988,10.0,10.0,10.0,10.0,10.04988,10.19804,10.19804,9.21954,9.48683,9.48683,8.544,8.544,8.06226,8.06226,7.2111,7.2111,7.07107,7.07107,6.40312,5.83095,86.16264,83.9345,78.39005,75.58439,73.92564,68.70953,68.942,59.03389,56.35601,53.33854,49.39636,48.37355,47.01064,46.40043,43.27817,41.03657,43.13931,39.82462,36.05551,39.96248,38.62642,34.9285,37.10795,36.13862,38.83298,41.19466,41.0,48.04165,47.0,51.15662,49.0102,52.00961,55.03635,54.14795,55.44367,58.03447,59.0,59.00847,61.07373,58.54912,57.42822,58.46366,58.46366,58.46366,52.20153,55.97321,50.15974,50.56679,46.51881,48.54894,43.41659,39.40812,42.63801,36.79674,38.20995,33.42155,34.1321,40.49691,35.34119,41.18252,40.0,37.64306,33.30165,30.41381,29.83287,29.20616,28.3196,24.04163,26.1725,25.45584,23.43075,20.0,19.20937,18.43909,20.61553,18.24829,21.0,22.02272,27.01851,27.45906,28.63564,33.52611,38.8973,35.73514,37.16181,39.39543,42.15448,41.78516,48.08326,51.07837,46.09772,50.08992,49.24429,54.12024,56.30275,57.45433,63.60031,61.91123,68.50547,67.62396,71.06335,70.0,73.75636,72.40166,76.57676,82.9759,85.60374,88.86507,89.20202,94.86833,92.64988,99.32271,93.49332,97.6166
12.20656,11.6619,11.18034,11.18034,10.29563,8.94427,8.94427,8.544,8.544,7.28011,7.28011,7.07107,7.0,7.0,7.0,7.07107,7.28011,6.32456,6.7082,6.7082,6.7082,7.2111,7.81025,7.81025,9.21954,9.21954,9.21954,10.63015,10.63015,10.63015,10.0,10.81665,10.81665,10.81665,10.81665,10.29563,10.29563,9.84886,9.84886,9.48683,8.24621,9.48683,8.24621,8.24621,8.06226,7.07107,7.0,7.0,6.0,6.08276,6.32456,5.38516,85.58621,83.48653,80.60397,73.75636,75.28612,68.0147,64.66065,60.30755,59.64059,54.08327,52.83938,47.16991,49.24429,43.86342,43.86342,40.5216,41.76123,40.31129,37.12142,39.01282,41.01219,39.11521,37.85499,37.0,41.76123,41.4367,46.52956,44.94441,45.17743,52.69725,50.77401,55.22681,52.83938,57.45433,61.05735,54.12024,61.77378,64.49806,62.24147,62.76942,58.5235,58.82176,58.82176,59.90826,51.66237,55.10898,51.97115,53.33854,47.26521,45.0,41.04875,44.55334,40.31129,41.97618,36.13862,35.1141,32.75668,43.28972,41.0,40.80441,40.80441,38.01316,37.21559,34.88553,31.76476,31.30495,29.52965,27.29469,27.29469,26.40076,22.84732,20.61553,18.97367,20.09975,20.09975,17.46425,20.61553,24.73863,27.85678,26.83282,29.15476,29.15476,34.20526,37.80212,39.40812,41.7732,44.55334,43.86342,44.59821,48.16638,48.08326,51.73973,53.8145,54.40588,56.40035,58.5235,62.96825,62.43397,64.49806,69.06519,72.20111,67.1193,81.41253,79.40403,78.26238,82.76473,90.82401,85.95929,87.46428,94.57801,91.80959,95.88013,95.96353,95.0
13.60147,13.0384,12.52996,11.6619,10.29563,10.29563,9.84886,9.48683,9.48683,8.24621,8.24621,8.06226,8.06226,8.0,7.0,8.06226,8.24621,7.28011,7.28011,7.61577,7.61577,8.06226,8.06226,8.60233,9.43398,10.0,10.0,10.81665,11.40175,11.40175,10.81665,10.81665,11.6619,11.6619,11.6619,11.18034,12.08305,10.77033,10.44031,10.44031,10.44031,10.19804,9.21954,9.21954,9.05539,8.06226,8.0,8.0,7.07107,7.07107,6.08276,6.32456,89.20202,86.05231,81.40025,77.42093,80.43009,70.0,68.24222,67.80118,56.0357,52.20153,50.53712,52.55473,51.07837,46.51881,44.27189,44.38468,45.35416,44.28318,37.48333,36.0,41.59327,43.41659,37.64306,42.44997,37.94733,43.65776,42.54409,46.14109,50.77401,55.22681,52.20153,55.47071,55.22681,58.24946,57.98276,58.30952,62.64982,65.73431,61.7414,61.29437,60.16644,61.84658,60.87693,61.40033,56.29387,57.27128,52.61179,53.46027,48.25971,44.18144,46.0,44.04543,40.0125,43.73786,38.07887,37.69615,30.8707,41.04875,39.20459,39.31921,37.36308,38.32754,34.78505,31.62278,34.0147,33.61547,30.08322,29.96665,21.93171,24.69818,23.76973,21.54066,20.09975,21.09502,21.58703,18.68154,21.54066,18.78829,27.20294,25.6125,29.73214,27.80288,31.82766,37.64306,38.8973,38.94868,44.04543,40.60788,43.18565,47.01064,47.63402,54.03702,56.60389,53.00943,58.30952,57.98276,62.17717,62.43397,67.1193,66.18912,72.09022,66.21178,77.07788,77.87811,78.92401,84.58132,88.56636,85.86617,92.61209,93.47727,94.89468,98.88377,97.52948,97.09789
12.72792,12.04159,11.40175,11.31371,10.0,9.21954,9.43398,8.06226,8.06226,7.61577,7.61577,7.28011,7.28011,7.07107,6.08276,7.0,6.0,6.08276,6.32456,6.32456,6.32456,6.7082,6.7082,8.06226,8.94427,8.60233,9.43398,9.43398,10.81665,10.81665,10.29563,10.29563,10.29563,10.29563,10.77033,10.77033,10.44031,9.48683,9.21954,9.21954,9.05539,9.05539,9.05539,8.0,8.0,7.0,7.07107,6.08276,6.32456,6.32456,5.83095,4.47214,82.21922,81.32035,77.80103,73.5527,73.40981,65.29931,65.21503,56.85948,54.81788,54.40588,51.97115,46.06517,47.42362,42.15448,45.54119,41.0,43.18565,37.12142,38.0526,36.01389,40.1995,39.31921,38.07887,37.16181,39.21734,36.67424,41.59327,43.01163,45.48626,50.21952,49.64877,50.0,52.20153,56.40035,50.60632,56.35601,60.41523,57.68882,62.6099,58.60034,59.05929,56.64804,53.48832,58.5235,53.16014,58.24088,52.95281,50.63596,46.69047,46.27094,45.09989,44.0,40.11234,36.49658,36.87818,36.13862,28.63564,40.0125,39.29377,39.56008,34.17601,37.12142,33.54102,31.76476,30.88689,33.10589,33.01515,26.92582,27.85678,23.25941,23.4094,20.12461,21.84033,21.0238,20.02498,21.37756,20.88061,22.56103,24.18677,26.92582,26.92582,31.89044,32.64966,38.28838,35.4683,41.03657,45.25483,43.18565,46.09772,49.67897,50.9902,47.38143,51.08816,52.40229,55.47071,54.91812,58.66856,58.83026,65.36819,66.24198,71.19691,68.0,71.34424,74.30343,80.06248,80.49845,85.88364,83.67198,87.23531,91.06591,96.74709,95.52487,94.03191,92.91394
13.0,12.64911,11.7047,11.7047,9.84886,9.48683,9.21954,9.21954,8.24621,8.06226,8.06226,8.0,7.07107,6.08276,6.08276,6.32456,6.32456,6.32456,5.83095,7.2111,7.2111,6.40312,6.40312,7.07107,7.81025,7.81025,9.21954,9.21954,9.21954,9.21954,9.89949,9.89949,9.89949,9.21954,10.0,10.0,10.0,9.43398,9.43398,8.94427,8.544,8.544,8.24621,8.24621,8.24621,7.07107,7.07107,7.0,6.0,6.08276,6.08276,5.38516,42.80187,40.45986,38.60052,37.80212,38.27532,33.01515,31.40064,28.84441,28.84441,25.55386,26.07681,23.76973,24.59675,22.47221,20.88061,20.22375,22.2036,19.10497,18.0,18.0,18.24829,18.11077,16.76305,18.02776,17.88854,20.24846,20.24846,19.41649,19.72308,25.0,22.47221,25.0,24.69818,27.20294,25.6125,27.29469,28.84441,29.15476,29.96665,28.63564,28.17801,29.15476,28.23119,28.79236,26.4764,26.68333,25.17936,25.31798,22.2036,22.09072,22.02272,22.0,20.0,19.23538,18.97367,18.38478,16.55295,20.02498,19.0263,18.11077,19.41649,17.46425,15.29706,16.76305,15.29706,15.81139,13.60147,12.08305,12.36932,13.15295,12.16553,11.04536,11.0,10.04988,10.44031,9.48683,12.08305,12.52996,13.45362,12.20656,13.45362,15.55635,18.38478,18.38478,19.10497,19.79899,19.84943,20.61553,23.34524,23.43075,25.0,25.80698,27.78489,27.20294,27.45906,27.78489,31.76476,31.30495,33.54102,34.0,35.8469,35.8469,38.8973,39.92493,37.94733,42.72002,44.38468,44.28318,45.88028,46.95743,45.17743,47.50789,48.30114,47.88528
13.34166,12.36932,11.7047,11.40175,10.44031,9.48683,8.94427,8.94427,8.94427,8.06226,8.06226,7.81025,7.81025,7.07107,7.07107,7.81025,7.2111,6.7082,6.7082,7.28011,7.61577,8.24621,8.24621,8.24621,9.21954,9.05539,10.04988,10.19804,10.04988,11.18034,10.19804,11.18034,11.40175,11.40175,11.40175,10.77033,10.77033,11.18034,10.29563,10.29563,9.43398,9.43398,8.60233,8.60233,7.81025,7.81025,7.81025,7.07107,6.40312,5.83095,5.83095,5.38516,88.84256,81.21576,82.0061,74.95332,71.19691,68.593,67.08204,65.11528,60.44005,56.51548,55.97321,51.26402,51.26402,41.14608,44.01136,46.04346,45.60702,42.0119,41.72529,39.69887,42.2019,38.83298,37.58989,43.04649,40.71855,43.65776,39.84972,47.53946,46.09772,52.61179,53.93515,55.10898,52.39275,58.46366,59.22837,62.93648,60.63827,63.60031,61.46544,59.61543,57.93962,63.06346,60.03332,60.53924,59.90826,57.00877,57.00877,54.03702,50.93133,44.55334,48.08326,44.40721,40.60788,40.22437,34.88553,35.8469,34.48188,40.81666,39.82462,38.94868,36.79674,38.20995,35.80503,32.44996,31.62278,31.40064,26.92582,23.60085,24.69818,24.08319,25.0,21.2132,23.34524,22.2036,17.49286,20.61553,19.23538,22.36068,24.33105,26.01922,30.14963,36.12478,34.36568,35.12834,42.75512,37.33631,45.12206,39.81206,46.57252,44.72136,50.96077,50.0,53.16014,50.28916,57.93962,57.93962,61.32699,65.9242,64.41273,69.31811,69.35416,72.44998,76.53757,77.41447,76.05919,80.62258,84.97058,88.14193,92.57429,99.53894,83.38465,98.68131,101.95097,93.60556
13.0,12.04159,12.04159,12.04159,10.04988,9.05539,9.21954,9.21954,8.24621,8.24621,7.28011,7.61577,6.7082,6.7082,6.7082,6.40312,6.40312,5.65685,5.83095,6.7082,5.83095,6.7082,6.32456,7.28011,8.24621,8.24621,9.21954,9.21954,10.19804,9.21954,10.44031,10.44031,10.77033,10.77033,10.77033,10.29563,10.29563,10.0,9.43398,9.21954,9.21954,9.21954,8.48528,7.81025,7.81025,7.2111,7.2111,6.7082,6.7082,6.32456,6.08276,5.09902,43.10452,39.05125,38.47077,38.11824,37.21559,34.1321,33.37664,33.54102,29.42788,28.63564,26.68333,24.04163,24.04163,20.24846,21.54066,21.9545,21.09502,19.84943,19.20937,18.38478,18.43909,17.80449,17.0,19.69772,18.78829,21.47091,21.18962,20.88061,23.76973,23.5372,24.33105,25.31798,25.70992,26.4764,27.45906,28.4605,27.45906,30.08322,30.08322,30.67572,28.23119,29.06888,28.30194,27.78489,26.41969,26.41969,24.20744,25.80698,24.83948,22.62742,21.93171,21.26029,21.26029,17.49286,19.23538,17.08801,16.27882,20.61553,21.26029,19.84943,22.2036,20.24846,18.35756,17.49286,16.12452,16.64332,15.65248,15.23155,13.60147,13.0384,13.0384,13.45362,11.31371,12.04159,10.81665,9.43398,9.48683,11.7047,13.60147,14.31782,14.03567,16.03122,19.0263,18.11077,20.09975,19.0263,22.2036,22.02272,24.08319,22.09072,24.5153,24.33105,25.31798,27.45906,28.86174,29.83287,30.67572,32.28002,32.57299,35.17101,37.33631,34.17601,36.40055,39.56008,39.81206,42.15448,43.01163,43.01163,45.88028,47.53946,45.60702,51.41984,49.47727,47.53946
13.0,13.0,12.64911,11.7047,11.7047,10.44031,9.48683,9.21954,9.21954,8.06226,8.06226,8.0,7.0,7.07107,7.07107,7.28011,6.32456,6.32456,5.83095,6.7082,5.83095,6.40312,6.40312,7.81025,8.48528,7.81025,9.21954,9.21954,9.21954,10.0,9.89949,9.89949,9.89949,10.63015,10.63015,10.0,10.81665,9.43398,9.43398,9.84886,8.94427,8.94427,8.544,8.544,8.24621,7.07107,7.07107,7.0,7.0,6.08276,6.08276,5.38516,44.28318,43.41659,41.62932,38.01316,37.57659,33.10589,33.12099,30.8707,27.313,27.313,25.29822,24.04163,25.4951,22.80351,22.2036,21.0238,23.0,20.02498,20.09975,18.68154,18.97367,19.31321,17.49286,19.41649,19.41649,20.0,20.51828,20.51828,21.93171,24.75884,23.43075,26.1725,23.34524,28.3196,28.3196,28.3196,28.28427,28.42534,30.0,29.41088,28.6007,30.52868,27.29469,30.41381,26.83282,27.313,26.57066,25.07987,23.08679,20.39608,22.56103,21.37756,20.09975,19.0263,18.02776,17.26268,15.52417,20.61553,20.61553,20.39608,21.0238,18.0,19.0263,17.02939,14.14214,16.27882,16.03122,13.15295,13.0384,13.0,12.0,11.18034,9.48683,12.08305,9.84886,12.20656,10.81665,12.04159,12.80625,13.45362,15.81139,16.64332,19.72308,18.86796,19.72308,21.63331,22.36068,22.36068,25.4951,25.05993,26.0,26.92582,26.0,26.92582,29.41088,31.01612,32.01562,31.04835,34.20526,34.9285,35.69314,36.49658,38.83298,40.79216,40.60788,41.7732,44.91102,43.41659,45.89118,48.50773,47.80167,50.28916,47.80167,49.0408
14.21267,13.45362,12.72792,12.04159,11.31371,10.63015,10.63015,9.21954,10.0,9.43398,8.60233,8.06226,8.06226,7.61577,7.61577,8.24621,7.07107,7.07107,7.0,7.0,8.0,8.06226,8.06226,8.24621,9.21954,9.21954,9.48683,10.44031,10.44031,10.44031,10.19804,11.40175,11.40175,11.18034,11.18034,11.04536,11.0,11.0,10.04988,10.04988,10.04988,10.04988,10.19804,9.21954,9.21954,8.24621,8.544,7.61577,8.06226,7.2111,6.40312,5.65685,88.86507,81.8352,86.05231,77.80103,76.6942,69.42622,66.52819,67.26812,57.28001,53.15073,57.31492,52.49762,50.20956,45.0,44.94441,47.41308,46.09772,40.8534,38.60052,39.29377,44.55334,39.20459,40.0,40.04997,40.1995,38.63936,43.17407,44.38468,46.8188,52.55473,49.64877,53.48832,51.86521,57.58472,51.47815,60.44005,58.24088,61.03278,61.39218,58.24946,60.82763,58.0517,61.66036,59.13544,59.00847,59.03389,55.3263,50.80354,50.35871,45.70558,45.22168,43.9659,43.01163,38.48376,38.48376,36.35932,31.82766,39.20459,40.02499,38.32754,41.62932,36.71512,33.12099,33.10589,32.75668,30.23243,27.45906,22.82542,30.88689,25.07987,21.54066,19.64688,21.54066,22.02272,19.0,19.10497,20.61553,24.04163,26.40076,26.40076,29.52965,32.24903,36.05551,36.61967,40.0,38.01316,43.60046,40.49691,49.81967,50.44799,48.16638,55.31727,50.91169,51.62364,57.31492,56.63921,65.29931,64.03124,65.60488,70.43437,67.80118,71.40028,75.16648,78.60025,80.44874,83.00602,89.40358,88.40814,92.08692,95.77578,93.50936,99.48869,100.76706,97.58074
13.0384,11.6619,11.18034,11.6619,10.29563,9.43398,8.94427,8.544,8.24621,7.28011,7.07107,7.07107,7.0,7.0,6.0,7.07107,6.32456,6.32456,6.7082,6.7082,6.7082,7.2111,7.2111,7.81025,8.60233,8.48528,9.21954,10.0,10.63015,10.63015,10.0,10.81665,10.0,10.81665,10.81665,10.29563,10.29563,9.84886,9.84886,9.48683,9.48683,9.21954,8.24621,8.06226,8.06226,7.07107,7.0,7.0,6.08276,6.08276,5.09902,4.47214,86.26703,78.81624,84.6286,73.81734,67.80118,67.47592,64.07027,62.68174,56.85948,53.60037,51.47815,48.33218,49.76947,43.38202,40.71855,42.37924,44.38468,39.31921,37.12142,36.0,41.30375,37.12142,35.44009,35.17101,37.69615,39.92493,41.18252,43.04649,49.73932,48.82622,49.24429,50.24938,52.69725,55.21775,52.20153,59.94164,58.66856,59.16925,57.93962,54.23099,58.69412,60.08328,57.28001,54.57105,51.97115,49.64877,52.23983,49.25444,46.0,45.01111,44.18144,43.01163,39.62323,40.79216,33.24154,33.54102,33.83785,41.30375,39.01282,37.01351,36.22154,37.48333,36.49658,32.01562,32.75668,32.01562,25.63201,29.83287,25.96151,27.45906,24.18677,19.64688,21.09502,21.37756,19.23538,17.46425,18.78829,25.23886,25.23886,25.23886,32.01562,32.52691,31.89044,38.20995,42.0119,38.28838,43.93177,40.60788,47.63402,49.64877,50.21952,52.15362,53.85165,53.0,57.80138,54.58938,58.60034,67.1193,66.30988,66.70832,67.06713,68.02941,74.33034,73.1642,76.55064,81.34494,83.38465,84.30896,90.87354,97.49359,87.81799,95.29428,96.25487,92.66067
14.14214,13.0384,12.0,12.04159,11.0,11.0,10.0,10.04988,9.05539,8.06226,9.21954,8.24621,8.544,7.61577,7.61577,8.06226,7.81025,7.2111,7.07107,8.48528,7.07107,7.81025,7.81025,9.43398,9.43398,9.43398,10.29563,10.29563,11.18034,10.29563,10.81665,10.81665,10.81665,10.81665,11.40175,10.63015,11.31371,10.63015,10.63015,10.63015,10.0,10.0,10.0,9.43398,8.94427,8.06226,8.544,7.61577,7.28011,7.28011,7.07107,6.0,44.92215,42.72002,43.41659,39.56008,38.07887,35.17101,32.75668,32.01562,28.63564,28.63564,28.44293,26.07681,25.01999,24.0,23.02173,22.36068,22.36068,22.56103,20.24846,20.12461,21.9545,19.72308,19.84943,19.20937,20.0,21.26029,20.51828,24.83948,22.80351,25.4951,25.23886,27.20294,27.01851,28.6007,27.80288,28.42534,30.4795,30.0,31.14482,29.73214,31.14482,31.241,30.4795,28.30194,28.01785,29.41088,27.78489,27.29469,24.59675,23.25941,23.25941,21.18962,19.64688,21.2132,19.10497,19.0263,16.12452,21.0238,19.64688,18.43909,19.64688,18.24829,19.0,16.12452,15.0,15.0333,14.03567,13.15295,13.0,12.0,12.04159,9.05539,10.77033,9.43398,8.94427,10.0,9.21954,11.31371,14.42221,13.0384,14.31782,16.12452,18.02776,16.55295,18.38478,19.31321,22.13594,20.61553,24.04163,22.80351,23.08679,25.0,26.4764,27.29469,27.65863,27.45906,30.06659,32.24903,33.06055,35.12834,35.12834,36.0,39.01282,38.11824,38.0,41.0,43.01163,43.10452,45.17743,45.54119,46.17359,49.49747,46.38965,48.6621
13.0384,12.04159,12.16553,11.04536,10.04988,9.05539,9.21954,8.24621,8.544,7.61577,7.61577,8.06226,7.2111,7.2111,6.40312,7.07107,6.40312,7.2111,7.2111,7.2111,6.7082,7.61577,7.61577,8.24621,8.544,8.24621,9.21954,10.44031,10.44031,10.44031,10.44031,10.77033,10.77033,10.77033,10.77033,11.18034,10.29563,10.29563,9.43398,10.0,10.0,9.21954,9.21954,8.48528,8.48528,7.07107,7.2111,7.2111,7.2111,6.7082,5.38516,5.09902,43.04649,40.04997,40.04997,35.12834,38.01316,34.0,32.01562,32.01562,29.0,26.07681,27.16616,23.19483,24.73863,21.37756,22.13594,20.12461,21.18962,19.72308,20.24846,17.49286,19.79899,20.51828,17.02939,18.60108,20.61553,20.24846,21.93171,23.25941,22.84732,22.84732,22.84732,25.07987,25.07987,27.85678,27.51363,29.96665,29.54657,30.8707,27.78489,30.23243,28.01785,28.84441,29.41088,29.83287,27.58623,26.1725,25.45584,24.83948,23.34524,21.40093,22.2036,21.09502,19.72308,18.38478,18.02776,17.26268,15.13275,19.84943,19.41649,18.35756,20.59126,18.78829,17.46425,16.15549,15.81139,15.23155,14.31782,14.56022,13.60147,14.31782,11.18034,11.18034,9.43398,11.31371,9.89949,10.0,11.40175,12.08305,13.0,14.56022,16.49242,16.27882,17.02939,17.02939,18.24829,18.43909,21.09502,22.2036,24.08319,23.19483,22.09072,25.0,26.0,25.01999,27.07397,29.15476,31.40064,30.26549,30.80584,33.37664,34.9285,31.57531,35.69314,35.69314,37.85499,39.62323,42.57934,42.95346,43.41659,47.67599,42.42641,46.38965,47.51842,48.01042
13.60147,12.80625,12.04159,11.40175,10.63015,10.63015,9.89949,9.21954,9.21954,8.60233,8.60233,8.06226,7.61577,7.61577,7.28011,7.28011,7.07107,7.07107,7.0,8.0,7.07107,8.06226,8.06226,9.05539,9.21954,9.21954,10.44031,10.44031,10.44031,10.44031,11.18034,11.18034,11.18034,11.18034,11.18034,11.04536,11.0,11.04536,10.04988,10.04988,10.04988,10.04988,9.05539,9.21954,8.24621,8.24621,7.61577,7.61577,6.7082,6.7082,6.40312,5.65685,84.30896,80.5295,81.41253,76.05919,75.15318,71.11259,67.97794,63.07139,56.4358,55.47071,51.61395,51.31277,50.0,46.8615,43.86342,45.45327,44.04543,41.04875,38.83298,38.58756,40.8534,39.81206,32.98485,36.40055,39.20459,41.4367,44.0,44.10215,47.38143,49.25444,49.16299,49.36598,53.46027,54.58938,55.14526,57.00877,59.03389,56.00893,60.40695,55.3263,59.68249,56.7186,58.85576,55.7853,51.66237,52.81098,53.7122,53.31041,45.69464,45.65085,44.72136,44.77723,42.2019,40.60788,35.4683,35.0,28.84441,41.78516,40.24922,39.82462,38.07887,35.80503,33.30165,33.42155,30.41381,30.41381,30.61046,28.3196,26.40076,26.62705,26.24881,18.86796,20.24846,22.13594,18.68154,21.84033,25.01999,23.08679,26.30589,28.63564,31.32092,33.52611,35.8469,33.83785,34.53983,39.56008,40.24922,37.94733,46.51881,46.95743,47.41308,49.64877,53.23533,52.83938,55.60576,55.80323,61.40033,60.0,63.00794,62.42596,74.65253,69.02898,80.05623,75.9276,77.83315,78.74643,85.27602,85.42833,90.55385,93.60021,89.30845,98.6002,92.91394,94.66784
15.23155,13.0,13.41641,13.41641,12.08305,11.18034,11.6619,10.29563,9.43398,9.21954,8.60233,9.21954,8.48528,7.81025,7.81025,8.06226,8.06226,7.61577,7.61577,7.61577,8.24621,8.24621,8.24621,9.05539,9.05539,9.05539,10.04988,11.04536,11.04536,11.04536,11.04536,12.16553,11.18034,11.18034,11.40175,11.40175,11.7047,10.77033,10.77033,10.77033,10.29563,10.29563,9.43398,9.43398,9.21954,8.60233,8.48528,8.48528,7.81025,7.81025,7.2111,6.7082,87.82369,83.02409,80.08121,76.29548,75.50497,67.68309,63.78871,63.06346,61.39218,58.94065,55.97321,51.26402,48.8467,46.23851,45.61798,43.41659,44.04543,40.36087,36.76955,38.8973,41.40048,39.20459,37.58989,38.01316,38.48376,41.4367,43.01163,45.89118,44.14748,49.49747,48.05206,52.46904,48.08326,57.42822,53.93515,55.08176,60.16644,58.24088,57.87055,57.38467,55.71355,60.37384,57.69749,60.53924,54.20332,56.0357,49.81967,51.73973,45.80393,44.04543,45.96738,44.59821,40.22437,41.34005,37.58989,36.05551,34.20526,40.31129,35.80503,35.38361,35.38361,34.82815,35.4683,32.01562,33.6006,30.23243,28.30194,25.55386,25.0,24.83948,25.6125,19.20937,21.26029,22.47221,19.92486,19.31321,21.0238,23.02173,28.0,27.16616,31.14482,30.14963,35.35534,34.23449,42.19005,43.10452,40.4475,42.2019,48.05206,48.05206,48.05206,56.75385,53.16014,54.42426,57.24509,56.0803,61.7414,59.80803,65.55151,66.21178,72.47068,71.11259,71.11259,73.34848,76.05919,80.11242,82.76473,83.64807,91.3017,95.34149,92.19544,96.00521,91.08238,93.6376
14.0,13.0,12.04159,12.0,11.0,10.0,10.19804,9.05539,9.05539,8.24621,8.24621,7.61577,7.61577,6.7082,6.7082,7.2111,6.40312,6.40312,6.40312,6.40312,6.40312,6.7082,7.2111,7.61577,7.61577,7.61577,8.544,9.48683,9.48683,9.84886,9.84886,9.84886,9.84886,10.29563,10.29563,10.81665,10.0,10.0,9.21954,9.21954,9.21954,9.21954,8.60233,7.81025,7.2111,7.2111,6.7082,6.32456,6.32456,6.08276,6.0,5.0,43.04649,39.05125,40.11234,37.0,37.0,34.05877,30.06659,32.06244,26.07681,27.01851,26.30589,23.34524,25.4951,20.88061,21.58703,21.54066,21.93171,20.24846,18.78829,18.02776,19.20937,18.43909,18.38478,17.80449,18.02776,20.80865,19.72308,20.59126,20.12461,23.25941,23.4094,25.63201,23.76973,26.92582,25.63201,29.54657,29.15476,29.54657,28.17801,28.17801,27.45906,28.84441,27.80288,26.90725,26.24881,25.4951,24.04163,23.43075,24.04163,22.02272,21.63331,20.0,18.78829,17.88854,17.72005,16.76305,16.03122,20.51828,20.24846,19.23538,18.78829,18.38478,17.08801,17.08801,16.15549,18.02776,13.92839,14.56022,11.7047,13.92839,13.0,11.18034,12.80625,13.45362,10.63015,11.40175,13.60147,11.7047,14.86607,14.86607,15.81139,17.26268,19.41649,18.68154,21.37756,20.39608,22.09072,21.2132,24.18677,25.01999,25.01999,25.01999,27.01851,27.0,29.0,29.01724,32.06244,32.24903,34.52535,35.22783,34.52535,38.47077,35.51056,38.83298,38.32754,39.05125,42.75512,43.56604,45.70558,47.38143,42.19005,48.37355,50.35871,45.09989
13.0,12.64911,12.36932,11.7047,10.44031,9.48683,9.21954,9.21954,8.06226,8.0,8.0,8.0,8.06226,7.07107,7.07107,7.28011,6.7082,6.7082,7.2111,7.2111,7.2111,7.81025,7.81025,8.48528,8.48528,8.48528,9.21954,9.89949,9.89949,10.63015,9.89949,10.63015,10.63015,10.63015,11.40175,10.81665,10.81665,10.29563,10.29563,9.84886,9.84886,9.48683,8.544,8.544,8.24621,8.06226,7.07107,7.0,7.0,6.0,6.08276,5.09902,43.41659,42.54409,40.24922,37.12142,38.07887,30.41381,32.64966,30.8707,29.15476,26.83282,25.63201,25.0,25.0,25.0,22.56103,22.09072,20.09975,21.0238,19.0263,19.23538,20.61553,19.41649,17.88854,19.23538,19.72308,20.59126,21.09502,21.40093,22.02272,24.20744,22.2036,25.4951,26.40076,27.01851,26.1725,28.84441,29.41088,30.61046,28.84441,29.15476,28.6531,29.06888,28.63564,28.23119,26.57066,28.4605,24.73863,26.68333,22.36068,22.09072,23.19483,22.02272,20.02498,19.10497,17.46425,18.02776,15.23155,20.88061,20.39608,22.02272,18.11077,19.0,18.11077,17.0,15.13275,15.0333,15.0333,14.14214,14.03567,14.03567,13.0,10.04988,12.16553,10.77033,10.44031,10.44031,11.6619,12.80625,13.45362,14.21267,15.6205,17.20465,18.60108,18.43909,20.24846,20.80865,22.2036,21.09502,23.85372,24.69818,23.32381,26.41969,27.73085,27.78489,29.15476,28.23119,31.62278,31.62278,32.01562,31.95309,34.20526,34.48188,37.0,39.29377,38.32754,39.84972,43.9659,41.76123,44.14748,46.48656,43.65776,48.10405,48.46648,49.0408
13.60147,12.80625,13.0384,12.20656,10.81665,10.0,10.29563,9.43398,8.94427,8.544,7.61577,7.28011,7.07107,8.06226,7.07107,8.0,7.07107,7.07107,7.07107,7.28011,7.28011,7.61577,7.61577,8.06226,8.94427,9.43398,9.43398,10.29563,10.81665,11.6619,10.29563,10.77033,11.18034,10.77033,10.77033,11.40175,10.44031,10.19804,10.19804,9.05539,10.04988,9.0,9.0,8.0,8.06226,8.06226,7.28011,7.28011,7.61577,6.32456,5.83095,5.0,42.2019,39.20459,39.11521,37.20215,36.61967,32.80244,30.52868,31.90611,27.45906,27.78489,24.59675,24.16609,24.35159,23.4094,21.18962,21.58703,21.09502,19.0263,20.02498,18.02776,20.02498,18.11077,20.61553,18.97367,19.31321,20.12461,20.59126,20.59126,23.02173,25.55386,23.85372,25.0,25.80698,27.20294,27.01851,26.92582,28.6531,31.06445,31.30495,28.63564,28.23119,27.85678,28.79236,28.16026,26.4764,27.45906,27.29469,24.02082,23.08679,22.02272,22.02272,21.2132,19.10497,18.43909,16.76305,16.55295,15.26434,20.39608,19.10497,21.0238,18.0,19.23538,17.26268,17.26268,16.49242,16.27882,14.56022,13.60147,15.13275,12.16553,12.0,10.19804,11.04536,12.64911,10.19804,11.7047,11.6619,13.0384,13.60147,15.6205,15.6205,18.43909,18.43909,17.69181,20.61553,19.84943,21.93171,21.26029,24.83948,25.0,23.43075,26.40076,27.45906,26.62705,29.15476,28.17801,30.41381,30.01666,32.31099,31.7805,34.43835,33.61547,36.68787,37.16181,37.69615,39.56008,40.8534,40.49691,44.94441,46.95743,45.18849,46.52956,44.28318,46.64762
13.60147,13.60147,12.64911,12.64911,11.7047,10.44031,10.77033,8.94427,9.84886,8.94427,8.06226,8.60233,7.81025,7.81025,7.81025,7.81025,7.2111,7.2111,6.7082,6.7082,6.7082,7.28011,7.28011,8.06226,8.06226,8.06226,9.05539,9.05539,10.04988,10.04988,10.19804,10.44031,10.44031,10.44031,10.44031,9.48683,10.77033,9.84886,10.29563,9.43398,9.43398,10.0,8.60233,8.60233,8.48528,7.81025,7.81025,7.2111,7.2111,6.7082,6.32456,6.32456,87.36704,81.7435,86.83317,75.50497,69.42622,70.5762,64.13267,69.63476,58.24946,55.54278,51.92302,51.62364,49.76947,44.38468,47.16991,42.72002,43.26662,39.20459,38.60052,37.48333,38.41875,39.40812,41.34005,38.48376,41.14608,41.78516,37.94733,43.9659,46.17359,45.70558,43.73786,50.01,44.72136,54.91812,50.80354,57.28001,59.66574,57.48913,61.03278,57.58472,54.78138,57.69749,57.69749,54.56189,52.69725,53.0,52.80152,48.82622,46.75468,44.55334,40.36087,43.93177,40.36087,35.34119,34.9285,36.23534,32.01562,38.27532,40.45986,36.06938,35.35534,34.05877,36.87818,32.01562,28.84441,27.80288,27.45906,27.29469,23.60085,25.4951,24.75884,19.79899,23.43075,24.16609,21.0238,21.37756,21.37756,23.34524,26.07681,29.15476,34.23449,35.0,38.11824,39.11521,44.10215,42.19005,47.38143,41.7732,50.35871,48.50773,47.67599,53.60037,52.88667,55.7853,54.70832,54.81788,62.62587,61.68468,63.15853,71.69379,69.857,71.17584,68.942,72.00694,79.17702,83.67198,86.00581,85.08819,89.89994,94.57801,85.44004,99.0202,99.95999,94.86833
12.52996,13.0384,10.81665,11.6619,10.81665,10.0,9.89949,9.21954,8.48528,7.81025,8.48528,7.81025,7.81025,8.06226,7.61577,7.61577,7.28011,7.28011,7.07107,8.06226,8.0,8.0,8.0,8.06226,9.05539,9.05539,10.19804,10.04988,11.04536,10.19804,11.04536,11.04536,11.04536,11.0,11.0,10.04988,11.04536,10.19804,10.19804,10.19804,9.21954,9.48683,8.544,8.544,8.544,7.61577,8.06226,7.2111,6.40312,6.40312,5.65685,5.65685,87.09191,82.8553,83.24062,76.55064,78.29432,70.68239,68.47627,67.1193,64.40497,53.22593,55.75841,50.21952,53.00943,48.9183,46.09772,45.45327,44.20407,43.60046,39.66106,37.73592,39.92493,37.69615,36.40055,39.84972,41.48494,46.38965,46.38965,47.01064,48.01042,51.0392,47.01064,54.00926,53.03772,52.03845,57.07889,57.07889,57.00877,62.39391,58.85576,60.82763,61.66036,61.84658,58.24946,61.61169,53.48832,56.64804,50.32892,52.35456,49.1935,44.65423,45.22168,44.04543,40.80441,38.20995,37.80212,37.20215,32.64966,39.05125,38.27532,40.70626,39.35734,38.83298,35.22783,34.20526,34.65545,32.01562,31.241,28.42534,26.40076,22.82542,24.69818,23.60085,22.36068,20.22375,21.2132,23.02173,23.02173,27.16616,30.26549,30.59412,32.57299,32.98485,36.24914,37.36308,39.56008,42.37924,48.8467,47.92703,48.33218,48.46648,47.16991,55.47071,51.88449,55.47071,55.75841,58.83026,65.60488,61.58734,69.02898,64.66065,73.4983,71.40028,71.50524,76.48529,78.24321,81.68843,88.86507,82.9759,92.31468,92.91394,87.65843,100.43904,96.26006,101.54802
13.60147,12.80625,12.80625,11.40175,11.40175,10.0,9.89949,9.21954,9.21954,9.21954,8.60233,8.06226,8.06226,7.61577,7.61577,8.24621,7.28011,7.07107,7.07107,8.06226,8.0,8.0,8.0,9.05539,9.05539,9.21954,10.19804,10.04988,10.04988,11.18034,10.04988,11.04536,11.04536,11.0,11.0,11.04536,11.04536,11.18034,10.19804,10.19804,10.44031,9.48683,9.48683,8.544,8.544,7.61577,8.06226,7.2111,7.2111,7.07107,6.40312,5.83095,93.81365,87.41853,85.44589,76.40026,75.21303,69.6563,69.81404,61.7171,58.60034,52.49762,55.17246,50.20956,50.24938,46.75468,46.61545,46.04346,47.16991,41.62932,36.23534,41.78516,39.05125,37.85499,42.10701,35.22783,40.1995,40.11234,43.0,48.16638,44.40721,47.07441,49.0306,51.62364,52.95281,55.31727,56.88585,59.3043,56.4358,59.21149,61.0,63.00794,58.07753,59.3043,55.7315,55.9017,55.10898,54.12947,51.1957,51.92302,45.88028,46.09772,43.38202,44.77723,39.96248,41.23106,36.79674,34.82815,31.62278,39.01282,36.12478,36.87818,39.29377,35.73514,32.31099,31.62278,28.63564,33.24154,28.63564,29.96665,25.94224,28.16026,23.76973,18.38478,16.49242,22.02272,20.02498,20.0,23.76973,24.04163,29.06888,30.01666,32.24903,30.88689,33.97058,36.05551,38.83298,39.66106,47.01064,42.2019,48.82622,46.09772,45.60702,53.2635,52.40229,54.45181,56.56854,55.86591,59.5483,60.959,64.03124,63.89053,68.41053,69.81404,73.24616,75.80237,77.42093,78.40918,85.2115,85.0,90.42677,89.14034,89.19641,96.26006,95.46203,96.93812
12.20656,12.20656,11.18034,11.6619,10.29563,9.43398,8.94427,8.544,8.544,7.28011,8.24621,7.07107,7.07107,7.0,7.0,7.07107,7.07107,6.08276,6.32456,6.32456,6.7082,7.61577,7.2111,8.06226,8.60233,8.60233,9.21954,10.0,10.0,10.0,10.0,10.81665,10.29563,10.29563,10.29563,9.84886,10.77033,10.44031,9.48683,9.48683,9.21954,9.05539,8.06226,8.06226,8.0,7.0,7.07107,7.07107,6.08276,6.32456,5.38516,4.47214,87.00575,82.46211,80.44874,74.4043,73.81734,67.00746,63.60031,63.60031,58.24946,57.14018,51.42956,48.33218,47.53946,45.88028,40.16217,41.76123,45.70558,41.7732,36.22154,40.04997,41.01219,37.05401,34.9285,40.02499,38.32754,39.84972,44.72136,44.77723,42.48529,46.04346,49.24429,51.0,51.88449,54.70832,51.62364,57.27128,55.9017,60.83584,58.60034,58.18935,56.0803,55.36244,56.32051,56.88585,52.61179,55.3263,47.0,51.0098,43.04649,45.04442,44.18144,40.31129,41.7732,37.64306,37.0,31.30495,32.75668,43.17407,38.83298,38.11824,38.01316,36.01389,36.12478,33.37664,30.26549,31.14482,31.257,28.16026,25.01999,25.07987,25.0,19.0263,21.0,25.0,22.56103,23.32381,21.9545,25.6125,27.80288,28.3196,29.73214,32.64966,37.20215,36.79674,41.7732,41.72529,44.40721,45.0,47.01064,48.9183,47.43416,50.47772,49.64877,53.85165,55.07268,61.7171,61.26989,61.7414,64.07808,64.88451,71.51224,65.78754,71.8401,75.76939,78.43469,80.41144,81.9329,85.90693,89.15716,93.47192,90.80198,96.64885,101.07918,94.82616
13.89244,13.89244,12.08305,13.41641,11.18034,11.18034,10.77033,10.44031,9.48683,8.24621,9.21954,9.05539,8.06226,8.0,8.0,8.06226,8.24621,7.28011,8.24621,7.61577,7.61577,8.06226,8.06226,9.43398,9.43398,10.0,10.0,10.81665,11.40175,11.40175,10.81665,11.6619,11.6619,11.18034,11.18034,11.18034,12.08305,10.77033,10.77033,10.44031,10.44031,10.19804,9.21954,9.05539,9.05539,9.05539,8.0,8.0,7.07107,7.07107,7.28011,6.32456,44.41846,41.6173,42.05948,38.27532,35.51056,34.66987,32.24903,32.75668,28.6531,28.6531,26.92582,21.84033,25.29822,23.76973,22.56103,23.19483,24.33105,21.0238,21.0,20.02498,20.22375,21.0238,19.64688,20.88061,22.36068,20.12461,21.09502,23.85372,23.85372,25.0,26.41969,27.45906,25.23886,29.41088,28.6007,29.68164,31.06445,31.38471,31.30495,30.41381,28.63564,31.38471,30.36445,29.73214,28.4605,25.96151,27.29469,27.16616,25.07987,23.02173,24.02082,23.08679,20.22375,20.22375,18.43909,17.72005,17.88854,18.68154,20.61553,18.43909,19.0263,16.12452,19.23538,17.02939,14.14214,15.0333,14.03567,14.14214,11.04536,12.04159,12.04159,9.0,10.04988,10.77033,10.77033,10.0,12.20656,11.40175,12.72792,13.60147,15.0,17.20465,18.86796,19.84943,20.80865,21.40093,22.47221,21.63331,24.41311,23.32381,23.85372,24.69818,27.29469,24.59675,27.313,27.85678,30.36445,31.38471,32.89377,34.17601,33.52611,37.64306,38.32754,38.8973,39.05125,38.60052,43.9659,42.72002,45.54119,47.92703,43.65776,47.92703,47.53946,50.56679
13.45362,12.80625,12.20656,12.80625,11.40175,10.0,9.43398,9.43398,8.60233,7.61577,7.61577,7.61577,7.28011,7.28011,7.07107,7.0,7.0,6.0,7.07107,7.28011,7.28011,7.61577,7.61577,8.94427,8.94427,9.43398,9.43398,9.84886,10.29563,10.29563,10.29563,11.18034,11.18034,10.77033,10.77033,10.44031,10.44031,10.19804,10.19804,10.04988,9.05539,9.0,9.0,8.0,8.06226,7.07107,7.07107,7.28011,6.32456,6.32456,5.83095,5.0,85.27602,84.81156,82.21922,72.00694,72.47068,65.0,65.94695,62.62587,58.89822,58.13777,52.49762,48.9183,49.51767,50.60632,42.72002,43.46263,45.61798,39.0,37.64306,39.62323,38.47077,41.19466,39.0,40.11234,40.11234,42.42641,42.57934,46.57252,44.64303,48.70318,49.64877,51.62364,50.44799,54.08327,58.5235,54.57105,58.46366,59.90826,57.87055,54.91812,60.29925,58.30952,57.14018,54.08327,51.0098,54.14795,47.38143,49.64877,46.69047,47.29693,41.23106,43.32436,39.92493,41.18252,34.0,34.48188,29.69848,39.11521,37.36308,34.78505,37.64306,35.77709,32.24903,31.30495,32.20248,30.41381,31.62278,28.30194,25.94224,25.29822,23.4094,21.0238,22.80351,22.02272,23.02173,25.0,25.70992,26.0,27.85678,29.96665,35.34119,33.54102,34.1321,38.07887,41.67733,47.01064,44.77723,44.65423,50.60632,48.8774,48.54894,50.0,51.73973,54.56189,58.69412,61.52235,61.6198,59.66574,70.0928,65.76473,70.83784,66.06815,75.80237,76.2168,77.62087,77.80103,84.64632,91.21403,87.61849,90.52072,96.17692,96.93812,93.34881,94.84725
14.0,14.03567,13.0384,12.04159,12.04159,11.04536,11.18034,10.19804,10.19804,9.21954,9.21954,8.544,8.544,8.06226,8.06226,8.60233,7.81025,7.81025,7.07107,7.81025,8.60233,8.06226,8.06226,8.94427,9.43398,8.94427,9.84886,9.84886,10.77033,11.18034,11.18034,11.18034,11.18034,11.18034,11.6619,11.40175,11.40175,11.40175,10.63015,10.63015,9.89949,9.89949,9.89949,9.21954,9.21954,8.60233,8.60233,8.06226,7.61577,7.61577,7.28011,6.08276,46.09772,42.0,43.04649,40.0125,36.05551,37.01351,32.06244,36.05551,28.16026,30.06659,27.89265,27.89265,27.20294,25.0,23.4094,22.36068,21.9545,23.85372,21.63331,20.80865,22.67157,19.84943,22.02272,20.24846,20.24846,21.47091,21.47091,25.07987,24.69818,28.79236,25.63201,27.89265,26.24881,30.67572,27.20294,30.08322,31.62278,31.38471,32.69557,31.76476,29.52965,31.38471,31.38471,29.41088,26.40076,29.20616,29.06888,25.4951,26.1725,24.83948,24.08319,23.60085,21.40093,19.23538,19.31321,18.38478,19.41649,20.51828,19.84943,18.35756,19.72308,16.15549,16.76305,15.23155,15.23155,14.86607,14.31782,13.0,11.7047,13.0384,11.40175,10.81665,9.21954,10.0,9.21954,10.81665,12.52996,13.0,13.34166,14.14214,15.29706,17.26268,19.10497,20.39608,22.09072,19.23538,25.07987,21.0238,26.1725,25.07987,24.08319,27.01851,26.01922,26.07681,29.27456,30.14963,31.40064,32.75668,29.83287,38.07887,36.13862,37.10795,41.76123,38.60052,39.84972,41.23106,43.17407,43.17407,47.29693,47.07441,43.17407,48.6621,51.78803,47.85394
12.80625,12.04159,11.40175,11.40175,10.63015,9.21954,9.21954,8.48528,8.48528,7.2111,7.2111,8.06226,7.61577,7.61577,6.32456,7.28011,7.07107,6.08276,6.0,7.0,6.0,7.07107,7.07107,8.24621,8.24621,8.24621,9.48683,9.21954,10.44031,9.48683,9.21954,10.19804,10.19804,10.04988,10.04988,10.04988,10.0,10.0,9.05539,9.05539,9.21954,9.21954,8.24621,7.28011,7.61577,7.61577,6.7082,7.2111,5.83095,5.0,5.65685,5.0,85.09407,84.11896,83.21658,75.39231,74.67262,68.96376,66.12866,63.56886,57.00877,57.00877,53.23533,51.31277,46.32494,49.40648,48.01042,41.7732,46.69047,36.06938,36.06938,37.20215,43.38202,37.58989,38.48376,37.94733,38.32754,42.2019,40.79216,43.18565,44.28318,48.37355,45.27693,51.0,56.0357,56.00893,54.00926,55.22681,56.14268,62.07254,57.07013,57.48913,56.51548,60.87693,56.04463,56.0803,53.14132,54.626,53.33854,50.24938,45.65085,41.04875,43.56604,43.27817,40.60788,38.28838,34.20526,32.24903,32.20248,39.82462,39.96248,39.11521,38.60052,37.53665,37.48333,33.30165,32.55764,34.05877,31.14482,29.20616,30.41381,27.65863,25.80698,22.2036,21.09502,24.04163,26.40076,25.4951,26.0,26.01922,31.06445,27.0,31.257,35.35534,38.07887,41.30375,41.97618,43.73786,45.12206,45.12206,52.88667,52.49762,50.92151,51.26402,54.23099,53.85165,59.61543,59.09315,64.40497,64.40497,62.76942,70.3278,71.69379,67.41662,75.45197,77.93587,78.40918,85.14693,85.14693,86.4523,93.29523,93.53609,88.54942,94.81034,96.60745,97.94386
14.42221,13.0384,12.20656,13.0384,12.20656,10.81665,10.63015,9.89949,9.89949,8.48528,9.89949,8.60233,8.60233,8.06226,8.06226,7.61577,7.61577,7.61577,7.28011,8.24621,8.06226,8.06226,8.06226,9.0,9.0,9.0,10.04988,10.0,11.04536,10.04988,10.0,11.0,11.0,11.0,11.04536,11.04536,11.18034,11.18034,10.44031,10.44031,9.48683,10.44031,9.84886,8.94427,8.94427,8.06226,8.60233,8.60233,7.81025,7.07107,6.40312,6.40312,89.1852,84.11896,82.68011,77.17513,74.94665,75.29276,66.37017,71.02112,57.98276,59.36329,53.15073,50.60632,51.73973,45.96738,43.86342,43.41659,47.80167,43.909,42.72002,37.58989,46.8188,35.73514,37.65634,41.30375,41.30375,41.04875,42.0,45.09989,47.26521,49.25444,48.16638,52.34501,49.25444,57.55867,54.33231,59.21149,60.07495,59.3043,59.00847,61.0082,59.13544,60.82763,59.84146,57.87055,56.29387,53.85165,55.97321,50.59644,50.28916,45.69464,45.65085,45.27693,43.56604,39.20459,37.01351,33.01515,31.90611,39.05125,38.60052,39.56008,39.39543,36.35932,35.22783,29.15476,31.90611,29.52965,29.41088,27.45906,25.0,23.70654,23.02173,21.93171,21.18962,27.29469,20.61553,26.1725,25.31798,27.65863,29.73214,28.86174,31.95309,34.20526,35.35534,41.23106,41.23106,41.14608,49.65884,39.92493,51.47815,49.73932,49.24429,54.08327,52.69725,51.86521,54.91812,56.30275,63.60031,64.03124,65.8559,70.03571,70.0928,74.27651,75.66373,76.41989,77.83315,84.17244,82.87943,86.68333,90.60905,95.13149,87.9659,98.23441,96.42614,90.44335
13.34166,12.36932,12.64911,12.64911,11.7047,10.44031,9.84886,9.84886,8.94427,8.06226,8.94427,8.60233,7.2111,7.81025,7.07107,7.81025,6.40312,7.2111,6.7082,6.7082,6.7082,6.7082,7.61577,7.28011,8.24621,8.24621,8.24621,9.21954,9.21954,10.19804,9.21954,10.19804,10.44031,9.48683,10.44031,9.84886,10.29563,10.29563,9.43398,8.60233,8.60233,8.60233,8.48528,8.48528,8.48528,7.81025,7.2111,7.2111,6.7082,6.7082,6.32456,6.08276,87.31552,81.60882,81.5414,77.7946,71.16881,70.00714,65.39113,66.48308,60.41523,57.69749,54.56189,52.15362,50.60632,46.87217,46.87217,47.50789,48.08326,41.10961,42.52058,39.11521,43.909,37.21559,37.16181,37.0,39.56008,42.2019,43.56604,46.38965,45.39824,45.0,47.09565,51.15662,48.83646,56.0803,56.0803,60.01666,59.4138,58.85576,59.48109,56.29387,58.46366,60.16644,55.9464,56.64804,51.0,52.47857,53.25411,49.09175,48.41487,44.20407,43.27817,42.42641,40.60788,37.44329,38.28838,34.88553,31.01612,38.32754,38.8973,36.40055,35.8469,35.8469,35.8469,33.01515,30.0,35.22783,30.80584,27.20294,24.69818,25.4951,25.07987,24.59675,21.18962,21.0,20.22375,27.29469,26.01922,27.07397,28.44293,31.7805,36.05551,37.94733,35.8469,39.56008,42.72002,43.46263,48.46648,44.94441,51.62364,52.55473,52.0,51.89412,55.47071,54.20332,57.80138,58.5235,61.29437,63.51378,67.20119,68.8186,73.23933,69.81404,74.20243,78.23682,80.60397,81.21576,86.21485,85.60374,90.60353,94.8736,93.19335,101.24228,92.7847,95.52487
13.60147,13.0384,12.52996,11.6619,11.18034,10.29563,9.84886,9.84886,9.48683,8.544,9.21954,9.21954,8.24621,8.06226,8.0,8.0,8.06226,7.07107,7.28011,8.24621,7.61577,8.544,7.61577,8.94427,8.94427,9.43398,10.29563,10.29563,11.18034,11.18034,11.18034,11.18034,11.18034,11.18034,12.08305,11.7047,11.40175,11.18034,10.19804,10.19804,10.04988,10.04988,9.05539,9.0,9.0,8.0,8.06226,8.06226,7.28011,6.32456,6.7082,5.83095,88.09086,86.31338,78.60025,75.9276,73.40981,66.8431,65.80274,66.4003,61.61169,54.20332,54.91812,49.73932,48.8774,47.85394,44.92215,45.54119,45.89118,44.72136,40.60788,38.01316,43.01163,37.05401,39.31921,40.60788,41.59327,41.0,42.05948,45.18849,47.01064,48.37355,48.76474,52.7731,52.39275,56.35601,57.3062,56.0803,57.69749,59.61543,59.77458,58.24088,57.28001,55.7853,57.48913,61.0,53.33854,58.42089,55.03635,54.00926,46.09772,46.01087,43.41659,44.40721,40.79216,38.62642,40.31129,36.71512,32.75668,41.30375,37.05401,35.01428,38.20995,35.12834,30.36445,32.01562,29.41088,29.73214,28.16026,29.83287,24.18677,29.27456,26.4764,21.09502,24.08319,18.43909,20.88061,22.47221,24.59675,24.59675,29.52965,29.06888,31.89044,36.79674,34.05877,41.03657,42.42641,41.7732,43.86342,43.18565,51.73973,48.10405,48.27007,49.20366,53.60037,57.00877,55.47071,60.53924,64.3506,63.28507,63.63175,64.49806,66.64833,67.97794,76.55717,75.13322,78.92401,83.25863,87.32125,90.37699,90.47099,92.43917,88.50989,97.52948,91.58603,93.19335
15.0333,14.0,13.0,14.03567,12.0,12.0,11.04536,10.04988,10.04988,10.19804,9.21954,9.21954,9.48683,8.544,8.544,8.06226,7.2111,7.2111,7.81025,7.81025,7.81025,7.81025,7.81025,8.60233,8.60233,9.43398,9.43398,10.0,10.81665,10.81665,10.81665,11.40175,11.40175,11.40175,11.40175,11.31371,11.31371,10.63015,10.63015,10.0,10.0,10.29563,9.43398,8.94427,8.544,8.544,8.544,8.24621,7.07107,7.07107,7.0,6.08276,43.56604,42.57934,42.19005,38.63936,37.21559,34.36568,33.54102,33.24154,28.16026,28.07134,29.01724,26.01922,27.01851,26.1725,23.19483,22.56103,22.80351,21.18962,21.0238,18.78829,20.80865,18.02776,18.43909,20.61553,19.10497,20.51828,20.61553,21.63331,24.41311,25.23886,25.05993,25.55386,25.05993,27.29469,27.29469,28.84441,29.41088,30.23243,29.06888,28.42534,29.20616,27.58623,28.3196,28.3196,25.6125,26.24881,25.55386,25.23886,23.85372,22.36068,22.84732,21.54066,19.92486,19.64688,18.43909,19.0263,16.0,19.84943,19.41649,16.64332,20.12461,17.46425,17.08801,15.23155,15.81139,15.52417,13.60147,14.56022,13.92839,11.6619,12.52996,9.43398,10.63015,12.04159,11.31371,10.63015,13.0,13.41641,16.15549,16.15549,17.72005,19.31321,19.64688,20.88061,22.80351,22.56103,25.4951,21.58703,25.70992,25.4951,26.4764,28.44293,26.30589,27.07397,28.07134,28.0,32.0,33.0,34.05877,36.05551,36.22154,36.12478,38.11824,38.11824,39.45884,41.4367,43.28972,42.19005,47.26521,48.16638,45.04442,49.09175,49.0102,46.04346
13.0,12.52996,11.6619,11.18034,10.29563,9.84886,9.43398,8.60233,8.60233,7.81025,7.81025,7.07107,7.07107,7.2111,7.2111,6.7082,6.32456,6.32456,6.32456,7.07107,7.07107,7.07107,7.07107,8.0,8.0,8.0,9.05539,10.04988,10.04988,10.04988,9.0,10.0,10.0,10.0,10.04988,10.04988,10.19804,9.48683,9.48683,9.48683,8.544,8.544,8.544,7.61577,7.2111,7.2111,6.40312,6.40312,5.65685,6.40312,5.83095,5.38516,85.44004,87.81799,80.70936,75.29276,76.27582,69.97142,68.7968,62.42596,58.60034,57.42822,52.40229,51.73973,51.62364,48.9183,44.40721,43.56604,43.82921,40.31129,38.58756,39.21734,40.5216,38.83298,40.79216,38.32754,42.04759,40.04997,43.10452,47.38143,44.18144,48.50773,45.70558,50.21952,51.97115,56.08921,60.82763,61.40033,59.3043,58.30952,59.13544,58.0,58.00862,61.07373,57.07889,56.4358,50.9902,51.41984,50.92151,49.33559,43.65776,44.38468,43.46263,42.05948,37.44329,40.60788,37.53665,35.38361,30.0,41.4367,37.10795,37.64306,40.31129,38.48376,38.27532,29.15476,30.8707,31.90611,30.88689,31.38471,25.05993,24.59675,25.4951,21.9545,25.31798,24.5153,23.02173,25.0,25.70992,28.86174,27.89265,33.24154,33.54102,36.68787,39.81206,38.48376,44.28318,45.31004,48.76474,44.77723,52.7731,52.83938,50.60632,56.82429,56.93856,53.82379,59.40539,58.41233,63.70243,63.25346,65.11528,67.26812,72.91776,68.68042,75.69016,74.96666,80.61017,76.36753,91.21952,87.69265,93.34881,92.09777,90.55385,100.76706,92.76314,99.35794
15.23155,13.92839,13.92839,13.92839,12.64911,11.7047,11.40175,10.44031,10.44031,9.21954,9.05539,9.0,9.0,9.05539,8.0,8.24621,8.24621,8.24621,7.61577,7.61577,7.61577,8.06226,8.06226,8.60233,8.60233,9.21954,9.21954,10.0,10.63015,10.63015,11.40175,11.40175,11.40175,10.81665,11.6619,11.18034,11.18034,10.77033,10.77033,10.44031,10.44031,10.19804,9.21954,9.21954,9.05539,8.06226,8.0,8.0,7.07107,7.07107,7.28011,6.32456,42.43819,39.82462,41.88078,38.01316,36.61967,36.05551,33.83785,32.44996,31.06445,27.78489,27.78489,26.83282,25.4951,22.84732,22.47221,22.56103,23.5372,21.09502,20.22375,19.0,20.02498,19.10497,19.64688,19.64688,19.64688,21.18962,20.24846,21.9545,23.70654,24.69818,22.82542,26.40076,24.69818,28.30194,26.92582,28.6531,27.73085,30.41381,29.15476,29.54657,27.85678,30.08322,27.89265,27.65863,26.4764,27.29469,25.17936,26.1725,23.0,23.0,22.02272,22.09072,20.39608,19.41649,18.38478,17.46425,16.40122,18.43909,17.26268,17.02939,19.0,16.03122,16.0,14.14214,15.13275,16.27882,13.15295,13.34166,11.04536,11.0,11.04536,11.04536,11.40175,11.7047,10.77033,10.29563,12.20656,11.6619,14.21267,14.86607,16.97056,18.43909,18.43909,20.61553,22.02272,20.61553,23.85372,22.80351,25.80698,23.60085,26.07681,27.20294,28.30194,25.05993,28.17801,26.83282,32.20248,32.20248,31.01612,34.9285,35.4683,34.17601,36.40055,37.94733,38.62642,39.56008,41.23106,43.46263,44.01136,46.09772,43.86342,49.1935,47.42362,46.51881
13.34166,12.16553,12.04159,11.18034,11.04536,9.05539,9.0,9.0,8.0,8.06226,8.06226,7.28011,7.28011,7.28011,6.32456,7.61577,7.2111,7.2111,6.40312,7.07107,7.07107,7.07107,7.2111,8.60233,8.60233,8.60233,9.43398,10.0,10.81665,10.81665,10.0,10.0,10.63015,10.63015,10.63015,10.63015,10.63015,10.0,9.21954,9.43398,9.43398,8.60233,8.94427,8.06226,7.61577,7.61577,7.28011,7.28011,6.08276,6.08276,5.0,5.0,43.86342,41.59327,40.8534,37.57659,37.69615,35.35534,33.10589,32.31099,30.08322,26.57066,27.20294,23.76973,25.4951,22.09072,21.2132,24.02082,22.09072,19.23538,20.39608,18.11077,21.58703,18.68154,18.86796,19.69772,19.41649,20.59126,21.40093,22.02272,22.2036,24.04163,23.34524,23.43075,24.83948,27.65863,28.3196,28.01785,28.6007,29.83287,28.30194,29.15476,28.30194,29.06888,27.73085,28.23119,26.24881,25.29822,25.29822,26.4764,22.56103,21.2132,23.02173,20.02498,21.0,18.24829,18.24829,18.68154,15.81139,20.59126,19.69772,18.43909,19.64688,18.24829,17.11724,15.29706,14.14214,15.13275,15.0333,15.13275,13.34166,13.15295,12.16553,12.36932,11.7047,11.18034,11.6619,11.31371,14.14214,13.45362,15.6205,15.81139,17.49286,18.60108,18.38478,20.59126,21.47091,21.63331,23.70654,23.25941,25.4951,25.94224,26.0,26.83282,28.23119,27.51363,28.4605,30.67572,31.7805,31.32092,32.98485,33.24154,33.73426,32.75668,38.63936,38.83298,38.63936,41.59327,41.97618,41.7732,45.89118,46.57252,44.64303,49.47727,46.57252,46.17359
14.03567,13.0384,13.0384,12.04159,12.04159,11.04536,10.19804,9.21954,9.21954,8.24621,8.544,8.544,7.61577,7.61577,7.61577,7.81025,7.07107,6.40312,7.07107,7.07107,6.40312,7.2111,7.2111,8.06226,8.06226,8.06226,8.94427,8.94427,9.84886,9.84886,9.84886,10.29563,10.29563,10.29563,10.29563,10.0,10.0,9.21954,9.89949,9.21954,9.21954,9.21954,8.60233,8.60233,8.06226,7.2111,8.06226,7.61577,7.28011,6.08276,7.07107,6.0,44.10215,44.10215,41.4367,38.11824,37.05401,35.12834,33.24154,31.257,30.41381,28.28427,29.42788,26.4764,28.63564,24.04163,22.80351,22.36068,23.25941,19.72308,18.86796,19.79899,21.26029,19.79899,19.20937,19.20937,18.86796,20.80865,22.82542,23.25941,24.59675,23.76973,22.47221,24.35159,25.29822,29.15476,27.85678,26.40076,27.73085,28.23119,27.78489,28.17801,29.41088,29.68164,28.42534,28.6007,26.87006,27.58623,25.45584,25.4951,23.43075,23.02173,22.47221,21.9545,20.59126,19.31321,17.72005,18.43909,17.11724,20.12461,20.80865,20.0,19.10497,18.38478,17.80449,16.40122,14.21267,15.0,12.80625,12.80625,12.80625,14.21267,12.80625,11.6619,13.0384,12.08305,12.64911,11.18034,13.15295,14.14214,17.11724,17.02939,18.11077,19.0263,19.10497,21.0238,22.02272,23.02173,26.07681,23.02173,27.07397,27.07397,27.16616,27.07397,26.30589,28.63564,30.08322,30.08322,31.7805,32.28002,33.83785,35.44009,38.27532,35.1141,38.60052,38.8973,38.62642,41.10961,43.32436,44.01136,45.88028,47.80167,44.92215,51.5461,50.28916,47.85394
13.89244,12.52996,12.08305,12.52996,11.18034,10.29563,9.84886,9.48683,8.544,8.24621,8.24621,8.06226,7.07107,7.0,7.0,7.07107,7.07107,6.32456,6.32456,6.32456,6.7082,6.7082,6.7082,7.2111,7.81025,7.81025,9.21954,9.21954,9.21954,9.21954,9.21954,10.0,9.43398,10.29563,9.43398,10.29563,9.84886,9.48683,9.48683,9.48683,9.21954,9.21954,8.24621,8.06226,8.0,7.0,7.07107,7.07107,6.08276,6.32456,5.83095,5.83095,44.55334,43.93177,42.63801,36.06938,38.28838,35.38361,33.24154,31.89044,29.20616,28.6007,27.45906,24.69818,25.94224,25.05993,22.36068,23.08679,21.18962,21.84033,21.58703,20.02498,21.0238,20.0,18.24829,20.22375,18.02776,22.56103,19.92486,21.54066,22.13594,24.16609,25.05993,26.40076,24.59675,25.94224,28.6531,28.79236,27.313,28.63564,28.16026,29.73214,27.65863,29.61419,30.41381,29.15476,26.07681,26.07681,27.01851,24.0,23.0,22.09072,21.2132,22.36068,20.88061,18.38478,19.23538,17.20465,17.02939,20.22375,21.0,19.0263,20.09975,20.22375,17.46425,17.26268,16.49242,17.26268,14.14214,14.86607,12.16553,14.31782,13.0,13.15295,11.18034,12.36932,12.64911,12.64911,13.92839,15.81139,16.27882,15.0,18.60108,20.0,20.61553,22.67157,24.20744,21.2132,24.04163,24.08319,26.1725,24.75884,27.01851,28.42534,29.83287,28.3196,31.241,31.241,34.4093,33.01515,34.1321,34.98571,34.48188,35.51056,38.47077,39.35734,39.39543,43.82921,42.94182,44.77723,47.01064,49.39636,44.94441,50.24938,50.77401,46.87217
14.42221,13.0384,12.52996,13.0384,11.6619,10.29563,10.77033,9.84886,9.84886,9.48683,9.48683,8.24621,8.24621,8.24621,8.06226,8.0,8.06226,7.07107,7.07107,8.24621,7.28011,8.544,7.28011,8.544,8.94427,8.94427,9.43398,10.29563,10.29563,10.29563,10.29563,11.18034,11.18034,10.77033,10.77033,10.44031,10.44031,10.19804,10.19804,10.19804,9.05539,10.04988,9.0,9.0,8.0,8.0,8.06226,8.24621,7.28011,6.7082,6.7082,5.83095,87.36704,83.81527,82.49242,82.41966,76.8505,73.4983,65.51336,66.37017,59.68249,58.59181,54.12947,51.07837,50.92151,44.92215,47.43416,43.93177,47.51842,40.79216,40.11234,43.01163,40.4475,40.31129,39.56008,40.80441,39.84972,45.18849,44.29447,47.16991,47.01064,47.43416,49.39636,52.15362,49.73932,56.60389,55.21775,59.16925,59.5399,57.80138,59.03389,56.79789,58.5235,57.87055,60.44005,58.94065,52.63079,53.93515,55.3263,52.23983,51.0098,46.0,44.04543,42.10701,40.31129,40.02499,39.62323,34.48188,30.41381,39.56008,40.4475,37.48333,38.20995,35.01428,35.12834,33.01515,32.14032,32.06244,29.15476,28.01785,28.16026,24.08319,23.19483,23.5372,21.84033,23.4094,27.73085,25.94224,27.65863,27.01851,28.28427,31.241,37.01351,36.06938,38.01316,37.01351,46.40043,43.01163,50.47772,44.94441,52.43091,54.6443,52.83938,54.3783,52.35456,54.3783,60.82763,60.82763,62.24147,62.16912,66.30988,69.46222,70.93659,73.73602,72.11103,70.2282,79.40403,80.65358,88.54377,84.50444,88.60023,94.33981,94.541,100.46392,96.25487,98.83825
