11.40175,10.44031,10.19804,10.19804,10.19804,9.21954,10.19804,9.21954,9.21954,9.05539,9.05539,9.05539,9.05539,9.0,9.0,9.0,9.0,9.0,9.05539,9.0,9.0,9.05539,9.0,9.05539,9.05539,9.05539,9.05539,9.05539,9.05539,9.0,8.0,9.0,8.0,8.0,8.06226,8.06226,8.06226,7.07107,7.07107,7.07107,6.32456,6.08276,6.08276,5.09902,5.09902,5.38516,5.38516,5.38516,4.47214,4.47214,4.47214,3.60555,59.84146,62.16912,61.68468,57.27128,66.94027,54.12947,57.56735,53.16014,50.92151,50.69517,51.92302,47.01064,49.72927,46.09772,47.01064,46.52956,48.37355,43.04649,44.29447,50.08992,46.64762,45.17743,41.86884,43.04649,41.34005,46.95743,44.65423,43.27817,42.72002,48.01042,45.48626,44.40721,38.58756,42.2019,42.72002,40.22437,40.81666,39.44617,40.24922,37.64306,42.54409,39.0,36.24914,35.8469,34.78505,32.38827,29.01724,32.75668,28.07134,27.0,24.02082,24.08319,23.0,25.17936,24.0,21.2132,21.09502,39.20459,41.72529,44.68781,45.22168,45.0,43.60046,49.24429,54.6443,54.58938,55.75841,56.79789,56.36488,59.9333,61.32699,63.15853,63.06346,64.28841,63.78871,63.06346,65.49046,69.2315,70.11419,68.73136,65.19202,62.1289,66.27217,64.03124,63.07139,62.0,61.0,60.00833,55.22681,59.00847,59.07622,59.68249,61.29437,62.39391,59.68249,58.94065,60.41523,60.41523,63.06346,57.72348,63.34824,59.77458,64.7611,64.7611,63.06346,64.56005,63.32456,63.56886,66.40783,65.96969,67.18631,70.5195,64.84597,63.24555
11.40175,10.63015,10.63015,9.89949,9.89949,9.21954,9.89949,9.89949,9.21954,9.21954,9.21954,9.21954,9.21954,8.60233,8.60233,9.43398,8.60233,8.60233,8.06226,8.06226,8.06226,8.94427,8.60233,8.06226,8.60233,8.06226,8.60233,8.94427,8.06226,8.60233,8.06226,8.06226,8.06226,7.81025,7.81025,7.81025,7.07107,7.07107,7.07107,6.40312,6.40312,5.65685,5.65685,5.0,5.0,5.0,4.47214,4.47214,4.47214,3.60555,3.16228,3.16228,56.00893,57.07889,60.40695,61.07373,56.0803,55.14526,49.16299,50.24938,52.34501,49.09175,50.35871,49.36598,47.07441,46.38965,44.72136,45.12206,47.51842,44.91102,44.14748,47.12749,47.53946,46.17359,41.23106,40.31129,42.72002,42.05948,44.38468,43.08132,39.92493,43.46263,43.01163,44.72136,37.33631,40.49691,44.01136,42.2019,40.5216,39.81206,41.23106,40.26164,37.48333,38.47077,33.54102,31.40064,37.05401,32.24903,31.01612,31.01612,28.63564,29.27456,26.4764,26.4764,24.08319,22.2036,23.5372,20.61553,18.78829,44.82187,38.41875,37.80212,43.01163,43.26662,48.33218,44.77723,50.56679,47.85394,52.92447,55.02727,58.5235,60.74537,59.48109,61.0,60.87693,64.13267,65.27634,61.52235,63.28507,66.00758,67.00746,66.0,62.00806,64.19502,58.00862,59.21149,59.3043,58.21512,59.21149,55.9017,58.21512,54.08327,54.00926,56.14268,61.0082,57.03508,60.07495,53.23533,57.03508,58.21512,59.03389,57.42822,57.42822,60.40695,60.67125,60.40695,57.42822,59.4138,59.84146,56.7186,65.27634,64.62971,61.52235,63.95311,64.49806,61.52235
11.18034,9.84886,10.29563,9.84886,9.84886,8.94427,8.94427,9.43398,8.94427,8.60233,8.06226,8.60233,8.60233,8.60233,7.81025,8.60233,7.81025,7.81025,7.81025,7.81025,7.81025,7.81025,7.81025,7.07107,7.81025,7.81025,7.81025,7.81025,7.81025,7.81025,7.2111,7.81025,7.81025,7.2111,8.06226,7.2111,6.7082,6.7082,6.7082,6.7082,6.32456,6.32456,5.38516,5.09902,5.09902,5.09902,5.09902,5.09902,5.09902,4.0,4.0,4.0,60.37384,61.29437,60.37384,57.70615,57.24509,56.36488,55.03635,54.23099,46.51881,54.56189,51.47815,46.14109,49.39636,48.70318,48.46648,49.64877,46.51881,40.26164,43.01163,48.27007,45.54119,45.89118,41.4367,45.70558,43.9659,44.55334,43.17407,43.56604,45.39824,42.42641,42.44997,43.41659,40.31129,39.05125,43.93177,39.84972,40.79216,40.5216,39.56008,39.0,40.8534,40.31129,30.88689,31.76476,30.52868,31.90611,31.90611,27.78489,27.65863,27.58623,23.34524,22.62742,24.83948,21.40093,21.40093,19.10497,18.02776,42.95346,40.26164,41.48494,43.18565,46.27094,46.09772,50.08992,49.0102,51.0392,52.23983,62.39391,55.7315,62.96825,62.58594,61.46544,64.84597,63.24555,65.78754,63.15853,65.0,69.83552,66.64833,65.73431,66.03787,63.24555,62.96825,61.85467,65.0,60.46487,62.42596,58.24946,63.60031,55.75841,56.0357,56.85948,59.16925,57.68882,60.37384,58.59181,56.79789,55.9017,64.62198,60.92618,63.15853,60.92618,66.30988,63.56099,65.0,62.03225,62.17717,63.56099,65.55151,68.02941,65.30697,69.46222,69.64194,62.17717
10.0,10.0,9.21954,10.0,9.21954,8.60233,8.60233,8.60233,8.60233,8.06226,8.06226,8.06226,8.06226,8.06226,8.06226,7.61577,7.61577,7.61577,7.61577,7.61577,7.61577,7.61577,7.61577,7.61577,7.61577,7.28011,7.61577,7.61577,7.61577,7.61577,7.61577,7.61577,7.2111,7.2111,7.2111,6.7082,7.2111,6.40312,5.65685,5.65685,5.0,5.65685,5.0,4.24264,4.24264,4.24264,3.60555,3.60555,3.60555,3.16228,3.60555,3.16228,67.36468,58.21512,63.07139,58.30952,56.0803,58.07753,53.60037,61.20457,46.01087,52.08647,50.03998,51.0392,50.0,48.01042,47.38143,46.27094,48.6621,49.09175,47.51842,43.41659,47.67599,42.57934,46.57252,46.27094,45.70558,43.56604,37.36308,44.92215,46.87217,44.94441,43.68066,44.91102,46.57252,47.51842,41.59327,49.16299,44.01136,42.04759,45.01111,39.11521,38.0526,35.12834,38.0526,34.1321,38.20995,31.01612,33.73426,28.63564,25.70992,27.85678,26.30589,26.24881,24.59675,22.84732,22.47221,21.9545,19.72308,40.0,45.48626,43.04649,49.24429,44.38468,45.31004,48.08326,53.16014,50.59644,49.24429,50.69517,57.72348,59.43904,61.98387,63.07139,60.0,68.06614,63.07139,66.0303,65.37584,69.87131,69.72087,63.63961,66.75328,65.11528,67.74216,64.03124,65.52099,59.20304,65.30697,54.81788,63.32456,60.87693,56.61272,60.20797,59.22837,56.4358,59.3043,60.40695,61.29437,62.39391,57.00877,62.20129,60.13319,62.03225,61.0082,59.00847,59.13544,63.28507,61.07373,68.02941,67.02984,67.26812,59.21149,67.0,70.02857,68.46897
11.40175,10.44031,10.44031,10.44031,9.48683,10.44031,9.48683,9.48683,9.48683,8.544,9.48683,8.94427,8.544,8.544,8.544,8.94427,8.94427,8.94427,8.06226,8.06226,8.06226,8.06226,8.06226,8.06226,8.06226,8.06226,8.94427,8.06226,8.06226,8.94427,7.61577,7.61577,7.61577,7.61577,8.24621,8.24621,8.24621,7.07107,7.07107,6.08276,7.0,6.0,6.0,6.0,6.0,5.09902,5.09902,5.09902,5.09902,4.12311,4.12311,4.12311,59.09315,60.82763,54.56189,52.39275,57.77543,55.54278,54.12947,48.33218,48.33218,48.10405,49.98,49.0408,46.32494,46.17359,43.01163,43.17407,44.64303,41.0,40.26164,42.95346,41.7732,46.09772,40.60788,39.11521,41.7732,40.02499,45.70558,41.19466,43.73786,43.28972,40.60788,40.60788,43.56604,40.0125,40.60788,40.02499,35.90265,35.44009,37.36308,39.56008,40.8534,41.4367,30.8707,33.61547,31.76476,29.96665,29.15476,29.41088,25.0,26.92582,21.40093,24.20744,21.93171,19.79899,17.69181,17.20465,19.20937,39.84972,39.29377,42.95346,40.11234,44.01136,46.09772,46.0,48.0,53.0,53.15073,52.7731,54.45181,57.07013,61.98387,54.12024,61.03278,60.72891,66.40783,62.03225,65.0,64.84597,64.88451,63.52952,65.36819,67.74216,68.0,61.03278,61.05735,62.1289,58.83026,59.90826,57.14018,55.75841,58.66856,57.45433,56.0803,58.59181,58.60034,54.12947,55.54278,54.626,57.77543,57.00877,61.32699,58.30952,59.13544,61.84658,60.72891,59.80803,64.4748,61.84658,62.29767,62.39391,59.61543,62.96825,66.40783,63.69458
9.21954,10.0,9.21954,9.21954,9.21954,8.60233,8.60233,8.06226,8.06226,8.06226,8.06226,8.06226,8.06226,7.61577,8.06226,7.61577,7.61577,7.61577,7.61577,7.28011,7.61577,7.61577,7.28011,7.28011,7.28011,7.28011,7.28011,7.28011,7.61577,7.28011,6.7082,6.7082,6.7082,6.7082,6.7082,6.7082,6.7082,5.83095,5.83095,5.0,5.0,5.0,5.0,4.24264,4.24264,4.24264,4.24264,3.60555,3.60555,3.60555,3.60555,3.16228,67.18631,60.01666,63.3877,61.40033,59.13544,56.22277,55.22681,56.0803,51.15662,50.08992,49.0102,50.01,51.0098,46.04346,47.26521,45.39824,51.0392,51.15662,48.37355,47.38143,47.51842,41.4367,46.09772,43.56604,45.70558,44.28318,41.48494,42.95346,44.64303,41.76123,43.56604,43.93177,43.18565,46.87217,38.32754,45.39824,40.11234,39.45884,46.01087,40.31129,35.01428,37.05401,38.32754,40.0125,39.45884,31.01612,29.83287,32.28002,27.89265,27.51363,25.96151,22.56103,21.18962,27.73085,21.18962,21.18962,20.12461,40.81666,44.72136,44.28318,47.42362,47.43416,48.76474,49.33559,48.50773,53.46027,51.41984,56.7186,59.22837,65.11528,64.28063,64.0,62.07254,63.07139,63.63961,65.27634,67.89698,64.93843,66.76077,64.13267,66.28725,63.24555,65.96969,61.98387,64.84597,61.03278,65.25335,59.48109,60.74537,61.98387,60.72891,60.16644,57.72348,54.58938,57.31492,59.03389,57.87055,63.28507,57.31492,59.84146,62.20129,61.07373,64.03124,63.1981,63.78871,61.66036,61.20457,62.20129,61.07373,69.18092,62.39391,68.11755,65.49046,68.26419
10.04988,9.05539,10.04988,9.05539,9.05539,8.06226,8.06226,8.06226,8.24621,8.24621,8.24621,8.24621,8.24621,7.28011,7.28011,7.61577,7.61577,7.61577,7.61577,7.61577,7.61577,7.61577,7.61577,7.61577,7.61577,7.61577,7.61577,7.61577,7.61577,7.61577,6.32456,7.28011,7.28011,7.28011,6.32456,6.08276,6.08276,6.08276,6.0,6.0,5.0,5.0,5.0,5.0,4.0,4.0,4.12311,4.12311,4.12311,3.16228,3.16228,3.16228,62.96825,61.29437,59.36329,58.59181,55.47071,50.77401,57.3062,55.00909,49.39636,55.56978,48.10405,48.46648,49.0408,50.15974,48.75449,49.98,47.12749,41.76123,47.07441,44.64303,45.54119,45.12206,41.7732,46.87217,44.40721,42.10701,43.93177,44.10215,47.26521,45.54119,42.57934,40.0,43.18565,46.17359,39.45884,42.42641,40.60788,40.79216,45.70558,36.13862,40.80441,37.69615,35.34119,34.53983,31.62278,35.73514,31.7805,29.96665,28.4605,23.70654,27.65863,23.60085,26.62705,19.84943,23.02173,19.10497,19.84943,39.31921,41.4367,41.7732,48.50773,47.16991,46.8188,47.92703,50.60632,53.31041,54.12024,55.9464,53.23533,60.82763,61.58734,61.61169,65.60488,65.21503,68.62215,66.6033,66.48308,67.20863,64.3506,67.35726,65.06919,63.89053,65.94695,63.03174,60.20797,61.52235,60.20797,57.48913,64.53681,59.4138,54.56189,62.93648,56.63921,60.959,60.20797,58.60034,62.80127,59.20304,58.82176,59.36329,63.28507,59.36329,64.3506,59.68249,64.41273,60.83584,65.19202,63.24555,60.90156,64.14047,66.0303,63.52952,64.88451,62.96825
9.43398,9.43398,9.43398,9.43398,9.43398,8.06226,8.94427,8.544,8.06226,8.06226,8.06226,7.61577,7.61577,7.61577,7.61577,8.24621,7.28011,7.28011,7.28011,7.28011,7.28011,7.28011,7.28011,7.28011,7.28011,7.07107,7.07107,7.28011,7.28011,7.28011,6.32456,7.28011,7.28011,6.32456,7.28011,6.32456,6.7082,5.83095,5.83095,5.83095,5.0,5.0,5.0,4.24264,4.24264,4.24264,4.24264,3.60555,3.60555,3.60555,3.60555,3.60555,60.16644,61.03278,63.89053,60.20797,57.24509,58.87274,54.12024,57.24509,50.96077,51.86521,51.5461,49.24429,53.14132,47.75982,50.56679,49.24429,50.53712,46.64762,48.02083,41.34005,46.87217,43.04649,47.01064,43.60046,43.909,41.88078,42.2019,47.80167,46.40043,44.04543,42.52058,48.60041,42.43819,48.01042,39.82462,44.41846,47.50789,41.18252,43.82921,37.21559,40.24922,37.16181,39.56008,34.9285,35.8469,32.20248,29.73214,35.51056,27.20294,24.18677,25.31798,25.17936,22.02272,24.02082,21.09502,21.0238,21.0238,42.0119,43.18565,43.13931,46.2277,44.20407,47.43416,49.92995,48.60041,54.3783,57.45433,58.13777,56.35601,58.66856,58.69412,65.19202,62.29767,65.52099,64.32729,64.7611,61.66036,63.63961,66.37017,63.78871,64.28063,64.28063,65.27634,66.1211,65.19202,59.07622,65.19202,59.21149,66.1211,63.03174,61.29437,60.20797,58.42089,56.88585,63.34824,58.46366,59.20304,62.8172,59.80803,61.13101,62.8172,62.29767,60.16644,60.08328,64.84597,64.51356,63.06346,66.7308,62.76942,63.90618,60.16644,66.76077,68.15424,66.09841
10.77033,9.84886,10.44031,9.84886,10.44031,9.48683,9.48683,9.48683,9.48683,9.21954,9.48683,9.21954,9.21954,9.21954,8.06226,9.05539,8.06226,9.05539,8.0,9.05539,8.06226,9.0,8.06226,9.0,9.05539,8.06226,8.06226,9.05539,8.06226,8.06226,8.06226,8.06226,8.06226,8.06226,7.28011,7.28011,7.28011,7.28011,6.32456,6.32456,6.7082,5.38516,6.32456,5.38516,5.38516,4.47214,5.0,4.47214,5.0,4.47214,3.60555,3.60555,61.68468,58.18935,59.48109,55.4617,59.09315,56.30275,53.66563,54.56189,51.42956,52.39275,49.73932,50.24938,50.24938,47.50789,44.72136,48.37355,46.64762,44.65423,46.87217,44.20407,46.09772,41.04875,41.40048,38.94868,42.63801,43.18565,44.59821,46.2277,43.41659,42.52058,42.52058,45.34314,40.36087,43.18565,42.52058,39.20459,41.72529,43.27817,40.22437,43.26662,36.89173,39.35734,37.16181,31.76476,32.64966,31.95309,32.28002,27.51363,29.12044,25.4951,25.70992,24.73863,26.57066,24.5153,17.02939,21.0,18.02776,41.23106,46.01087,42.63801,49.51767,45.96738,49.0408,46.75468,50.32892,55.22681,55.0,57.45433,61.05735,63.13478,65.29931,65.74192,64.07808,66.48308,68.00735,68.30813,66.21933,69.37579,71.8401,66.70832,64.7611,68.88396,63.78871,64.49806,67.60178,59.84146,68.24954,61.0,61.84658,61.39218,56.7186,60.41523,62.0967,61.68468,58.69412,60.16644,61.09828,62.62587,58.18075,62.39391,61.68468,63.90618,64.88451,63.56099,64.07808,66.30988,64.07808,66.21178,70.26379,63.50591,66.12866,68.35203,64.84597,63.56099
10.81665,10.0,10.0,10.0,10.0,8.60233,9.21954,8.60233,9.21954,8.48528,8.60233,8.48528,8.48528,8.48528,7.81025,8.48528,7.81025,7.81025,7.81025,7.81025,7.81025,7.81025,7.81025,7.2111,7.81025,7.81025,7.81025,7.81025,7.81025,7.81025,7.07107,7.07107,7.07107,7.07107,7.2111,7.2111,7.2111,6.40312,5.83095,5.83095,5.83095,5.38516,5.38516,5.38516,5.38516,5.09902,5.09902,4.12311,4.12311,4.12311,4.0,4.0,55.9017,59.84146,60.40695,61.40033,54.58938,54.91812,51.35173,51.62364,51.08816,50.15974,46.17359,48.04165,46.01087,46.01087,49.0102,45.17743,44.04543,39.20459,44.18144,46.27094,47.26521,41.7732,41.7732,44.55334,44.28318,42.42641,43.28972,44.14748,42.44997,43.93177,45.88028,44.72136,40.60788,42.2019,40.60788,40.04997,38.32754,43.56604,43.01163,37.01351,41.0,38.01316,36.12478,34.05877,31.14482,33.37664,31.95309,30.08322,25.0,28.63564,25.63201,23.76973,24.04163,20.12461,18.38478,21.09502,16.64332,41.62932,41.78516,44.94441,46.57252,48.38388,48.50773,46.69047,51.62364,52.08647,52.7731,55.22681,57.21888,61.07373,62.03225,67.18631,61.98387,69.58448,66.61081,65.37584,63.06346,61.98387,69.92138,66.40783,63.56886,62.29767,68.96376,63.56886,64.84597,60.92618,65.0,60.74537,61.46544,57.58472,59.46427,59.77458,60.08328,57.00877,57.07013,58.24946,61.98387,59.22837,61.52235,59.84146,57.70615,58.54912,59.00847,59.84146,62.28965,63.63961,63.50591,61.13101,66.48308,66.48308,64.49806,63.63961,64.49806,64.77654
13.34166,12.08305,13.15295,9.84886,10.77033,8.94427,7.61577,8.24621,8.24621,9.21954,9.0,8.24621,9.05539,7.28011,8.06226,7.07107,8.06226,6.08276,8.0,10.19804,10.04988,12.04159,11.04536,11.18034,10.19804,8.544,6.08276,7.07107,8.24621,6.0,8.544,8.544,9.48683,9.48683,7.28011,8.24621,7.28011,6.7082,5.83095,5.83095,5.0,5.65685,5.65685,5.0,4.24264,4.24264,4.24264,3.60555,3.60555,4.12311,3.0,4.12311,64.44377,60.87693,63.70243,59.5483,51.0,63.65532,27.65863,43.84062,54.58938,44.01136,62.93648,54.42426,57.2014,39.62323,48.54894,46.09772,46.52956,43.08132,35.38361,43.17407,37.33631,46.40043,47.63402,37.80212,60.0,51.73973,33.61547,52.40229,50.0,43.56604,47.07441,61.0082,43.65776,41.01219,31.40064,60.87693,41.88078,44.59821,50.08992,35.22783,49.0,36.05551,34.23449,35.69314,37.10795,27.85678,31.01612,35.4683,24.59675,28.63564,31.7805,29.06888,27.20294,16.64332,31.82766,19.20937,18.78829,44.64303,40.16217,42.15448,46.95743,47.16991,48.60041,46.87217,51.73973,56.58622,52.3259,54.6443,56.61272,63.81222,66.03787,64.88451,62.76942,70.5762,63.60031,69.64194,71.56815,65.11528,70.25667,64.12488,67.1193,67.1193,67.18631,62.96825,66.48308,57.87055,62.96825,58.69412,65.51336,62.64184,60.20797,62.0967,60.41523,55.31727,55.02727,58.18935,63.89053,61.68468,60.72891,61.68468,65.78754,63.90618,67.05222,66.85058,61.68468,66.18912,64.84597,64.41273,67.1193,65.19202,60.74537,69.33974,69.64194,67.20119
10.63015,10.63015,10.63015,10.63015,10.63015,10.0,10.0,10.0,9.21954,8.60233,9.43398,9.43398,8.60233,8.60233,8.60233,8.94427,8.94427,8.06226,8.94427,8.06226,8.06226,8.06226,8.06226,8.94427,8.94427,8.94427,8.94427,8.06226,8.06226,8.06226,8.60233,8.60233,8.60233,7.81025,7.81025,7.81025,7.81025,7.07107,7.07107,7.07107,6.40312,6.40312,6.40312,5.65685,5.0,5.0,5.0,4.47214,4.47214,4.47214,4.47214,4.47214,62.1289,62.20129,61.20457,54.0,53.15073,52.03845,51.0098,58.13777,47.09565,48.09366,45.27693,47.26521,44.18144,46.27094,43.73786,43.41659,46.52956,43.01163,43.32436,43.32436,46.48656,42.44997,41.10961,42.72002,39.56008,44.38468,41.23106,43.08132,40.71855,42.54409,41.23106,39.39543,39.21734,40.49691,40.16217,43.68066,38.60052,41.23106,40.80441,36.49658,37.65634,35.22783,37.65634,36.05551,33.0,32.0,31.0,30.06659,26.01922,26.1725,23.08679,23.08679,23.5372,23.34524,21.0238,22.56103,19.23538,42.54409,42.54409,39.82462,46.09772,45.69464,47.43416,47.43416,50.59644,54.12024,55.31727,55.31727,55.54278,58.46366,62.64982,65.12296,61.0082,68.06614,60.03332,65.0,65.37584,65.37584,66.48308,64.38167,66.48308,64.93843,62.80127,60.01666,63.95311,60.16644,62.16912,54.91812,61.66036,58.46366,57.87055,59.22837,55.57877,58.42089,56.00893,56.0357,59.03389,63.00794,58.0,58.03447,61.0082,57.00877,58.21512,58.03447,61.07373,61.07373,63.1981,63.1981,59.21149,66.0303,61.03278,69.00725,71.34424,64.00781
10.04988,10.04988,9.05539,9.05539,9.05539,9.05539,9.0,9.0,9.0,8.0,8.0,8.06226,8.06226,8.06226,8.06226,8.06226,8.06226,8.06226,7.07107,7.07107,7.07107,7.07107,8.24621,7.28011,8.24621,7.28011,8.24621,8.06226,7.07107,7.07107,7.07107,7.07107,7.07107,7.0,7.0,7.0,7.0,6.0,6.08276,6.08276,5.09902,5.09902,5.09902,5.09902,4.12311,4.12311,4.47214,3.16228,3.16228,3.16228,3.60555,3.16228,60.16644,62.76942,58.13777,60.40695,59.03389,59.09315,55.03635,53.14132,54.626,48.30114,50.60632,51.97115,49.73932,44.10215,47.16991,49.20366,49.20366,47.43416,43.26662,45.80393,48.16638,43.86342,42.63801,43.60046,42.2019,44.68781,42.42641,42.44997,46.75468,41.7732,42.52058,44.59821,43.41659,41.23106,42.44997,42.63801,40.60788,41.88078,43.04649,37.58989,36.40055,38.01316,37.33631,34.0147,36.24914,29.15476,30.08322,33.95585,27.45906,25.70992,25.70992,23.34524,27.16616,20.02498,20.22375,21.37756,20.0,43.56604,45.0,42.0119,46.01087,46.75468,49.0408,43.86342,48.9183,56.22277,54.67175,56.85068,58.24946,62.42596,65.73431,59.94164,63.06346,64.62198,63.69458,64.84597,65.73431,66.48308,69.37579,65.51336,66.48308,65.51336,68.41053,66.70832,66.91039,61.0,57.72348,56.08921,57.28001,55.9017,62.16912,60.41523,59.77458,56.32051,57.87055,60.40695,66.12866,61.09828,60.00833,60.53924,60.92618,60.92618,59.03389,66.70832,59.03389,68.54196,62.76942,64.88451,67.1193,64.40497,59.94164,65.74192,67.62396,65.39113
10.77033,10.44031,10.44031,9.48683,9.48683,9.48683,9.21954,9.21954,9.21954,9.21954,8.24621,8.24621,8.06226,9.05539,8.06226,9.05539,8.06226,8.06226,8.0,8.0,8.06226,8.0,8.0,8.0,8.0,8.0,8.0,8.0,8.0,8.0,8.0,8.0,8.06226,8.06226,7.28011,7.07107,7.28011,7.28011,7.28011,6.32456,5.38516,5.38516,5.38516,5.38516,4.47214,4.47214,4.47214,4.47214,4.47214,3.60555,3.60555,3.60555,62.00806,61.29437,61.52235,59.13544,57.21888,56.0357,52.61179,57.21888,47.67599,49.49747,49.49747,49.0306,51.78803,44.72136,49.49747,46.09772,49.72927,50.28916,43.41659,46.09772,44.14748,42.95346,46.23851,44.27189,39.92493,41.10961,42.37924,40.8534,42.95346,43.46263,42.72002,46.48656,41.4367,41.23106,42.44997,44.27189,39.56008,45.35416,43.17407,40.4475,38.11824,38.20995,40.31129,39.45884,35.12834,30.06659,29.01724,29.01724,29.06888,27.16616,27.45906,26.30589,25.31798,23.4094,23.5372,21.9545,21.18962,43.27817,42.52058,43.93177,48.01042,47.70744,48.25971,50.77401,52.15362,55.9464,55.9017,58.69412,59.09315,62.96825,62.96825,67.44627,62.58594,66.70832,66.75328,66.4906,64.00781,66.18912,67.36468,64.00781,64.00781,66.0303,65.0,64.12488,64.19502,64.28063,64.12488,59.4138,65.03076,58.00862,60.00833,60.00833,61.0,58.30952,61.07373,59.07622,63.28507,63.07139,60.01666,63.3877,63.63961,65.76473,65.9242,63.50591,61.81424,62.58594,64.62971,67.47592,65.9242,68.593,63.78871,68.26419,69.58448,64.13267
11.40175,10.81665,10.81665,11.40175,10.81665,10.0,9.43398,9.43398,9.43398,9.43398,9.43398,8.94427,9.43398,8.94427,8.94427,8.94427,8.94427,8.94427,8.544,8.544,8.544,8.544,8.544,8.544,8.94427,8.544,8.544,8.94427,8.94427,8.544,8.94427,8.94427,8.94427,8.06226,8.06226,8.06226,8.06226,7.81025,7.81025,7.07107,7.07107,6.40312,5.65685,5.65685,5.65685,5.65685,5.65685,5.0,5.0,4.47214,4.47214,4.47214,63.78871,63.63961,59.84146,58.0517,56.7186,53.75872,53.15073,54.33231,51.47815,50.80354,52.39275,43.73786,47.43416,45.60702,46.17359,45.54119,46.57252,48.10405,45.54119,44.28318,42.94182,38.91015,43.38202,44.28318,42.94182,44.72136,43.46263,46.09772,41.78516,43.909,41.18252,43.86342,38.62642,43.82921,39.81206,41.48494,43.08132,38.8973,39.56008,38.83298,36.49658,36.05551,38.20995,39.01282,32.14032,31.257,32.06244,31.0,29.01724,25.01999,25.31798,24.0,25.17936,23.08679,19.41649,17.72005,16.76305,40.36087,43.86342,46.69047,49.57822,48.41487,48.82622,48.82622,50.47772,57.42822,55.47071,57.69749,60.41523,64.88451,63.56886,64.07808,67.06713,68.94926,64.28841,67.91171,65.9242,67.46851,71.70077,66.37017,67.1193,66.00758,68.11755,62.0,62.00806,62.00806,66.0303,61.0082,62.00806,60.13319,62.1289,59.21149,58.30952,57.31492,60.53098,61.0082,58.54912,63.78871,61.18823,63.95311,62.8172,61.0,61.35145,61.61169,61.13101,64.7611,61.98387,64.13267,62.36986,67.08204,64.53681,67.46851,69.42622,63.89053
10.77033,10.77033,10.77033,10.77033,10.77033,9.84886,9.84886,9.43398,9.84886,10.29563,8.94427,9.43398,9.43398,9.43398,9.43398,9.43398,8.60233,8.60233,8.60233,8.60233,8.60233,9.21954,8.60233,9.21954,8.60233,8.60233,9.21954,8.60233,8.60233,8.60233,8.60233,8.60233,8.60233,8.06226,8.06226,8.06226,7.61577,7.61577,7.61577,7.61577,6.32456,6.32456,6.32456,5.38516,5.38516,5.09902,5.09902,5.09902,5.09902,5.0,4.0,4.0,59.9333,67.08204,60.53924,55.03635,56.85948,48.76474,56.46238,51.88449,50.15974,48.8467,47.53946,46.48656,43.32436,46.23851,43.08132,48.08326,46.57252,47.51842,39.56008,43.28972,44.40721,40.60788,41.30375,42.19005,42.29657,43.56604,42.10701,44.28318,45.54119,42.29657,39.20459,42.29657,42.0119,41.01219,42.57934,39.20459,44.14748,41.97618,43.93177,37.85499,39.29377,35.73514,35.73514,33.24154,34.53983,31.62278,28.01785,34.1321,26.41969,27.45906,24.41311,25.4951,24.20744,19.84943,22.62742,18.60108,16.64332,43.10452,44.10215,46.27094,45.04442,52.23983,47.38143,49.25444,53.75872,58.0517,53.93515,58.46366,62.29767,63.32456,65.45991,60.53924,67.1193,64.07808,69.77105,62.6099,70.23532,68.47627,69.97142,70.80254,65.45991,70.93659,65.0,65.29931,63.89053,69.63476,64.40497,59.64059,60.74537,59.81639,59.40539,59.16925,59.40539,58.30952,59.5399,60.20797,63.95311,61.29437,63.07139,61.29437,66.30988,56.36488,64.84597,61.84658,62.24147,65.14599,67.54258,65.76473,65.9242,65.74192,68.35203,70.5762,67.54258,67.77905
9.21954,8.24621,9.21954,9.21954,9.21954,8.24621,8.24621,7.28011,7.28011,7.61577,7.28011,7.61577,7.61577,7.61577,7.61577,8.06226,6.7082,6.7082,6.7082,7.2111,6.7082,7.2111,6.7082,7.2111,7.2111,7.2111,7.2111,7.2111,7.2111,6.7082,6.7082,6.7082,6.7082,6.32456,6.32456,6.32456,6.32456,6.08276,6.08276,5.09902,5.09902,5.09902,5.0,4.0,4.0,4.0,4.0,4.12311,4.12311,3.16228,3.16228,3.16228,65.80274,63.60031,63.63175,57.2014,55.75841,55.47071,56.30275,53.53504,49.24429,48.25971,52.7731,49.65884,47.01064,44.38468,44.28318,47.53946,47.16991,49.98,43.08132,43.46263,48.08326,44.59821,43.93177,45.60702,42.44997,46.57252,37.33631,41.59327,42.95346,41.48494,45.12206,42.44997,41.23106,43.17407,40.5216,43.68066,44.27189,43.9659,41.10961,38.07887,37.16181,36.71512,36.76955,32.69557,36.67424,31.62278,28.30194,33.28663,30.41381,24.83948,24.08319,24.75884,23.60085,19.79899,23.34524,17.02939,21.40093,43.73786,43.18565,43.56604,47.29693,47.75982,50.0,51.24451,52.39275,55.9464,55.54278,54.56189,60.37384,61.77378,60.53924,70.49113,62.36986,68.00735,66.8431,67.35726,67.88225,64.03124,70.17834,65.79514,64.38167,69.52697,63.65532,64.03124,66.8431,64.03124,65.76473,55.97321,60.959,61.52235,59.39697,62.96825,59.4138,61.52235,59.03389,58.25805,61.84658,59.20304,57.68882,60.0,60.80296,57.2014,63.51378,60.74537,62.20129,62.43397,60.21628,64.3506,64.63745,66.61081,61.05735,69.11584,66.85058,66.28725
10.0,10.04988,9.05539,9.0,9.0,9.05539,9.05539,8.06226,8.06226,8.06226,8.24621,8.24621,8.24621,7.28011,7.28011,8.24621,7.28011,7.28011,7.61577,7.28011,7.28011,7.28011,7.61577,7.61577,7.61577,7.61577,7.61577,7.28011,7.28011,7.61577,7.28011,7.28011,7.28011,6.32456,7.07107,7.07107,7.07107,6.08276,6.0,5.0,5.0,5.0,5.0,5.0,5.0,4.12311,4.12311,3.16228,3.16228,3.16228,3.16228,3.16228,60.82763,58.13777,59.46427,54.45181,57.62812,50.24938,55.17246,48.79549,48.9183,42.80187,53.00943,46.61545,48.01042,48.01042,46.40043,44.65423,47.01064,45.27693,42.2019,44.72136,42.04759,44.77723,38.91015,40.24922,41.59327,46.64762,46.95743,39.81206,42.48529,40.8534,40.8534,41.62932,44.28318,38.91015,41.23106,39.82462,40.31129,39.96248,38.83298,38.01316,37.58989,35.22783,34.20526,34.82815,31.14482,33.94113,28.3196,31.89044,27.65863,23.43075,26.1725,24.41311,23.02173,21.47091,20.12461,17.88854,20.12461,43.73786,40.80441,47.43416,46.48656,48.38388,44.01136,47.92703,49.24429,51.47815,58.83026,58.24946,58.82176,61.85467,59.66574,63.25346,62.93648,60.20797,68.593,61.55485,65.43699,62.482,66.8431,67.62396,62.20129,62.76942,64.40497,58.24946,64.89992,63.51378,60.0,58.82176,59.07622,58.60034,57.80138,59.20304,55.44367,57.48913,55.44367,58.79626,58.13777,56.63921,61.55485,57.31492,59.4138,55.31727,57.2014,59.46427,60.20797,61.6198,65.79514,59.39697,65.43699,65.8559,62.93648,67.89698,61.6198,63.78087
10.63015,9.21954,9.89949,9.21954,9.21954,8.48528,8.48528,7.81025,7.81025,7.81025,7.81025,7.81025,7.81025,7.81025,7.81025,8.06226,7.2111,7.2111,7.2111,7.2111,7.2111,8.06226,7.2111,8.06226,7.2111,7.61577,6.7082,7.2111,7.2111,6.7082,7.2111,7.2111,7.2111,6.40312,6.40312,6.40312,6.40312,6.40312,6.40312,5.0,5.65685,5.0,5.0,5.0,5.0,3.60555,4.47214,4.12311,4.12311,3.16228,3.16228,3.16228,67.36468,63.28507,64.13267,55.7315,57.14018,53.46027,51.47815,59.68249,53.60037,48.16638,46.32494,49.64877,51.1957,50.44799,46.87217,43.17407,47.07441,48.08326,43.68066,40.80441,45.22168,44.27189,46.61545,43.38202,42.72002,46.8188,41.14608,44.01136,43.65776,43.46263,44.72136,40.8534,43.9659,44.29447,41.62932,46.48656,43.46263,45.22168,40.16217,35.90265,38.8973,36.87818,40.0125,40.4475,33.13608,31.14482,29.0,30.14963,25.01999,26.07681,28.01785,22.2036,24.08319,21.2132,20.88061,21.84033,19.69772,43.18565,45.25483,43.01163,47.20169,47.16991,47.88528,49.92995,52.35456,54.12947,54.626,59.80803,61.09828,63.56886,66.94027,64.7611,64.13267,68.44706,68.46897,69.26038,65.37584,63.12686,69.00725,67.1193,67.00746,69.11584,66.1211,65.37584,58.21512,64.28063,64.07027,55.14526,61.07373,60.20797,61.0,59.0,60.00833,59.07622,58.03447,58.07753,60.29925,60.07495,57.87055,60.40695,63.78871,59.5399,62.64982,61.0,60.01666,64.93843,64.38167,68.88396,65.76473,63.3877,60.67125,70.45566,61.66036,70.00714
10.19804,10.19804,9.05539,10.19804,9.05539,9.21954,8.06226,8.06226,8.06226,8.06226,8.06226,8.0,8.0,8.0,8.0,8.0,8.0,7.0,8.06226,7.07107,7.07107,7.07107,7.0,7.07107,8.06226,7.07107,7.07107,7.07107,8.06226,7.0,7.0,7.0,7.0,7.0,7.07107,6.08276,6.08276,6.08276,6.08276,6.08276,5.38516,5.38516,5.38516,4.47214,4.47214,4.47214,4.47214,4.47214,3.60555,3.60555,3.60555,2.82843,64.00781,59.9333,56.0803,56.85948,58.18075,53.7122,51.47815,54.12024,50.9902,51.47815,47.88528,46.06517,48.37355,46.87217,46.06517,48.01042,42.2019,42.0119,45.0,43.60046,43.41659,41.23106,45.25483,44.04543,41.86884,45.45327,42.2019,41.01219,40.31129,43.13931,41.7732,39.20459,38.94868,41.03657,39.40812,41.23106,40.45986,38.41875,37.80212,39.44617,35.51056,36.67424,33.61547,35.35534,31.7805,34.53983,30.8707,31.7805,26.92582,25.0,24.04163,22.2036,23.4094,22.09072,23.76973,21.2132,19.10497,42.94182,44.20407,42.2019,50.9902,45.27693,47.38143,45.96738,51.08816,54.67175,55.22681,58.60034,58.82176,62.80127,59.68249,66.7308,63.97656,68.942,66.70832,67.06713,63.89053,63.60031,68.00735,66.94027,69.64194,64.53681,65.96969,66.4906,63.15061,59.84146,64.28841,60.16644,62.8172,60.87693,57.72348,60.44005,59.22837,59.48109,58.18935,57.58472,59.09315,60.53924,61.84658,62.03225,60.00833,58.60034,63.95311,58.60034,63.15853,65.76473,63.15853,63.15853,63.97656,65.79514,61.7414,62.6099,66.24198,68.0
11.04536,10.04988,10.04988,10.04988,10.04988,10.04988,9.05539,9.21954,9.05539,8.24621,9.05539,9.21954,8.24621,8.24621,8.24621,8.544,8.544,8.544,8.544,8.544,7.61577,7.61577,8.544,7.61577,8.544,8.544,8.544,7.61577,7.61577,8.544,7.28011,7.28011,7.28011,7.28011,8.24621,8.06226,7.07107,7.07107,7.0,6.0,6.0,6.0,6.0,6.0,6.0,5.09902,5.09902,5.09902,5.09902,4.12311,4.12311,4.47214,60.10824,59.5483,63.70243,55.31727,53.74012,53.07542,53.8145,50.60632,47.38143,50.24938,46.69047,47.42362,45.22168,46.8615,47.20169,44.10215,42.43819,46.40043,46.40043,44.40721,47.88528,41.18252,43.04649,40.80441,40.22437,41.67733,38.47077,41.23106,43.38202,41.4367,42.54409,44.77723,38.58756,39.96248,36.67424,39.82462,40.81666,40.80441,38.60052,40.80441,39.69887,33.01515,38.28838,35.35534,33.97058,29.69848,31.14482,29.83287,31.40064,25.23886,26.62705,22.82542,24.59675,21.18962,20.88061,22.80351,17.20465,42.44997,45.88028,39.56008,46.52956,47.41308,50.53712,47.41308,51.61395,56.30275,54.20332,55.75841,56.30275,64.07027,65.80274,67.26812,59.66574,69.02898,65.19202,68.0147,69.33974,66.61081,70.83078,64.3506,66.61081,66.57327,67.41662,66.03787,67.23095,63.52952,65.36819,57.3062,64.00781,56.82429,62.76942,56.93856,61.29437,55.21775,57.00877,58.89822,62.36986,57.62812,58.13777,62.482,63.03174,62.96825,61.52235,62.2254,60.10824,66.52819,65.11528,63.70243,65.79514,70.76722,58.89822,65.76473,66.52819,65.06919
10.77033,10.77033,10.77033,10.77033,9.84886,9.84886,9.43398,8.94427,8.94427,8.94427,8.94427,9.43398,9.43398,9.43398,8.60233,8.60233,8.60233,8.60233,8.60233,9.21954,8.60233,9.21954,7.81025,9.21954,8.60233,7.81025,8.48528,8.60233,8.60233,7.81025,8.60233,8.60233,8.60233,8.60233,8.06226,8.06226,7.61577,7.61577,7.61577,7.61577,6.32456,6.32456,6.32456,5.38516,5.38516,5.38516,5.09902,5.09902,5.09902,5.09902,4.12311,4.0,61.32699,60.82763,58.30952,57.38467,56.46238,51.86521,54.08327,55.36244,49.39636,45.88028,45.88028,43.68066,45.88028,44.38468,43.9659,41.0,44.55334,42.57934,43.56604,39.05125,46.38965,37.21559,42.10701,41.04875,39.45884,43.01163,39.11521,39.01282,40.0,43.01163,41.01219,42.0119,42.10701,41.19466,41.01219,39.31921,39.05125,39.11521,41.0,38.07887,34.20526,32.31099,34.78505,34.17601,35.1141,29.41088,29.54657,31.95309,26.07681,25.07987,20.59126,22.36068,22.47221,20.24846,20.0,18.60108,19.10497,42.19005,42.0119,45.0,46.01087,49.36598,47.67599,46.52956,49.0306,54.57105,54.12024,51.92302,59.13544,62.29767,62.03225,63.15853,63.15853,64.4748,65.51336,63.95311,65.19202,66.0303,66.85058,69.33974,66.85058,65.80274,62.80127,61.7171,64.53681,61.84658,58.60034,59.40539,61.40033,57.2014,56.0357,60.20797,53.85165,59.9333,57.3062,59.05929,59.5399,56.82429,56.85948,59.09315,60.74537,56.36488,65.14599,59.5063,62.76942,61.46544,63.15853,62.62587,60.92618,62.39391,62.16912,64.19502,66.70832,66.09841
10.77033,10.29563,10.29563,9.84886,9.84886,8.94427,8.94427,8.94427,8.94427,9.43398,8.60233,8.60233,8.60233,8.60233,8.60233,8.60233,7.81025,7.81025,7.81025,8.60233,8.60233,7.81025,7.81025,8.48528,8.48528,8.48528,7.81025,9.21954,9.21954,7.81025,8.60233,8.60233,8.60233,8.06226,7.2111,7.2111,7.2111,6.7082,6.7082,6.7082,6.32456,6.32456,6.32456,5.38516,5.38516,5.09902,5.09902,5.09902,5.09902,4.12311,4.12311,4.0,59.90826,59.20304,61.91123,55.47071,57.80138,53.60037,53.00943,54.3783,52.69725,44.94441,49.39636,46.87217,50.77401,48.37355,43.41659,44.29447,48.30114,44.27189,44.77723,40.8534,47.75982,42.04759,41.10961,46.17359,43.65776,45.18849,42.05948,41.59327,43.32436,37.94733,42.37924,43.32436,41.48494,42.2019,38.62642,42.54409,40.31129,39.0,40.31129,41.67733,34.88553,36.05551,34.1321,33.61547,34.82815,28.42534,32.01562,32.20248,24.75884,26.40076,24.83948,23.02173,24.83948,24.69818,19.72308,18.78829,19.41649,44.0,45.09989,45.27693,49.64877,50.01,50.80354,50.44799,51.92302,56.921,57.87055,55.71355,58.30952,65.9242,69.31811,66.18912,64.14047,69.33974,65.21503,69.89278,65.19202,69.02898,71.50524,64.44377,65.19202,70.72482,65.8559,67.17887,63.70243,63.65532,65.19202,57.28001,62.93648,60.82763,59.5483,60.959,63.12686,54.56189,57.00877,59.81639,63.60031,62.20129,65.60488,60.46487,65.36819,59.07622,57.70615,59.40539,61.29437,61.40033,65.80274,61.91123,67.41662,64.14047,61.03278,64.14047,68.50547,67.74216
9.48683,9.48683,9.48683,9.48683,9.48683,8.544,8.24621,8.24621,8.24621,8.24621,8.24621,8.24621,8.06226,8.06226,7.07107,8.06226,8.0,7.07107,7.0,7.0,8.0,7.0,7.07107,7.0,8.0,7.0,7.0,7.0,7.0,7.07107,7.07107,7.07107,7.07107,7.07107,6.32456,6.32456,6.32456,6.32456,6.32456,5.38516,5.83095,5.83095,5.83095,5.0,5.0,4.24264,4.24264,4.24264,4.24264,4.24264,3.60555,3.60555,56.79789,57.3062,59.94164,54.56189,55.9017,50.60632,52.15362,50.77401,48.25971,47.43416,46.87217,46.32494,47.70744,41.59327,43.82921,47.63402,42.63801,44.20407,43.18565,39.62323,44.68781,41.86884,43.13931,40.31129,39.20459,43.86342,41.23106,42.44997,41.10961,41.72529,41.86884,43.41659,36.79674,41.03657,37.01351,37.20215,38.20995,39.40812,42.2019,38.47077,38.27532,34.0,32.64966,34.98571,31.7805,31.01612,29.12044,31.7805,24.04163,22.80351,23.34524,23.08679,23.19483,24.33105,20.0,20.0,17.46425,41.4367,44.01136,44.59821,46.06517,46.06517,46.87217,43.82921,49.09175,55.22681,49.57822,55.22681,55.9017,62.28965,59.46427,62.36986,63.41136,65.0,63.81222,64.66065,65.8635,64.00781,69.35416,62.24147,65.9242,66.12866,63.07139,62.29767,65.45991,59.48109,61.46544,56.32051,59.80803,55.71355,58.18935,59.46427,57.00877,54.12947,55.4617,58.60034,58.18075,59.48109,56.60389,58.30952,57.45433,59.94164,56.30275,59.07622,61.61169,58.83026,59.36329,58.83026,63.51378,62.16912,58.59181,62.26556,63.06346,61.40033
10.0,10.0,9.43398,9.21954,8.60233,8.60233,8.06226,8.06226,8.06226,8.06226,8.06226,8.06226,8.06226,8.06226,7.61577,7.61577,7.61577,7.61577,7.61577,7.61577,7.61577,7.61577,7.28011,7.28011,7.61577,7.28011,7.28011,7.61577,7.61577,7.28011,6.7082,6.7082,6.7082,6.7082,6.7082,6.7082,5.83095,6.40312,5.65685,5.65685,5.65685,5.0,5.0,4.24264,4.24264,4.24264,3.60555,3.60555,3.60555,3.60555,3.16228,3.16228,60.03332,58.13777,59.03389,55.14526,54.23099,52.03845,50.24938,57.03508,47.38143,49.49747,44.28318,44.28318,48.27007,39.81206,41.48494,44.38468,45.60702,43.9659,44.38468,40.49691,44.01136,42.05948,39.81206,45.31004,41.10961,39.81206,36.40055,40.24922,39.39543,43.08132,42.04759,44.94441,39.84972,42.72002,37.0,40.5216,39.56008,40.02499,40.79216,39.29377,36.87818,36.67424,36.22154,31.40064,35.0,30.14963,28.0,32.0,31.06445,25.07987,24.02082,24.18677,21.37756,20.39608,22.02272,19.64688,18.68154,43.18565,44.77723,44.72136,48.30114,45.18849,47.01064,49.39636,50.28916,55.36244,55.08176,56.04463,60.87693,59.90826,65.11528,63.50591,61.07373,65.03076,67.06713,66.06815,63.12686,63.28507,66.48308,62.39391,64.19502,64.77654,66.18912,57.55867,63.95311,54.74486,63.50591,53.75872,62.96825,59.84146,54.45181,58.54912,57.55867,54.00926,56.0,60.03332,57.03508,59.00847,56.22277,58.03447,58.13777,57.14018,60.03332,60.07495,58.30952,59.13544,61.20457,57.14018,61.81424,67.1193,55.14526,62.514,67.18631,66.1211
9.48683,8.24621,9.21954,8.544,8.24621,8.24621,8.06226,8.06226,8.06226,7.07107,8.06226,8.06226,7.07107,7.07107,7.07107,8.0,7.07107,7.0,7.0,7.0,7.0,7.07107,7.07107,7.07107,7.0,7.07107,7.07107,7.07107,7.07107,7.07107,6.0,7.0,7.0,6.0,7.0,7.07107,6.08276,5.09902,5.09902,5.09902,5.09902,5.09902,4.12311,4.12311,4.12311,4.12311,4.12311,3.16228,3.60555,3.16228,3.60555,2.82843,63.13478,57.24509,62.76942,58.30952,61.05735,53.53504,52.83938,56.35601,50.77401,48.25971,49.20366,48.41487,47.80167,45.22168,43.41659,44.55334,47.50789,44.04543,41.01219,46.09772,46.01087,42.44997,41.86884,44.59821,40.31129,44.68781,44.68781,41.03657,41.72529,43.26662,41.23106,44.82187,42.52058,41.7732,41.10961,43.86342,45.27693,38.18377,43.93177,38.8973,41.72529,35.35534,33.83785,33.83785,34.48188,34.20526,34.98571,30.88689,29.68164,26.41969,24.59675,26.92582,25.63201,20.39608,21.0238,21.37756,21.09502,45.79301,39.82462,52.00961,46.09772,50.93133,47.50789,48.79549,55.97321,51.66237,54.08327,60.80296,63.51378,62.1289,61.40033,61.77378,64.4748,66.21178,68.15424,65.19202,65.45991,66.12866,68.41053,67.35726,68.15424,69.12308,63.32456,65.51336,60.82763,62.58594,62.58594,54.57105,61.84658,61.84658,59.77458,62.36185,61.35145,54.42426,59.80803,57.93962,60.37384,58.30952,58.13777,63.06346,64.88451,60.83584,56.93856,63.28507,63.28507,61.05735,60.90156,59.94164,62.68174,65.0,64.00781,68.09552,67.74216,63.52952
10.19804,10.19804,10.19804,10.19804,10.19804,9.21954,9.21954,9.21954,9.21954,9.48683,8.24621,8.544,8.544,8.544,8.544,8.544,7.61577,8.544,8.06226,8.94427,8.06226,8.94427,7.61577,8.06226,8.94427,8.06226,8.06226,8.94427,8.06226,7.61577,7.61577,7.61577,8.544,7.61577,7.61577,7.28011,7.28011,7.28011,7.07107,7.07107,6.08276,6.08276,6.08276,5.09902,5.0,5.0,5.0,5.0,5.0,4.0,4.0,4.0,54.45181,60.81118,59.66574,55.17246,57.48913,49.57822,50.80354,55.17246,48.41487,47.63402,47.63402,45.45327,43.41659,41.88078,42.72002,42.0119,46.04346,42.54409,42.48529,39.35734,41.59327,38.47077,42.04759,41.4367,36.24914,40.8534,38.94868,39.92493,38.91015,43.01163,37.57659,44.72136,36.24914,42.04759,39.82462,43.909,41.67733,38.58756,38.58756,37.20215,38.20995,35.0,36.06938,33.24154,32.64966,29.69848,30.4795,31.82766,27.20294,24.18677,25.23886,19.72308,23.60085,18.02776,20.61553,20.61553,18.78829,46.69047,44.72136,45.60702,49.39636,46.8188,49.98,47.53946,49.1935,55.03635,56.35601,56.60389,58.18075,62.76942,64.07027,65.0,62.28965,66.70832,64.38167,62.2254,66.52819,62.24147,69.52697,64.2028,66.70832,66.21933,65.60488,63.51378,66.0303,60.21628,63.00794,54.03702,63.41136,57.62812,56.40035,60.60528,58.89822,56.72742,57.28001,55.22681,60.20797,62.24147,56.85068,60.30755,62.28965,58.69412,55.0,60.82763,61.07373,64.53681,61.84658,57.48913,65.60488,63.89053,53.90733,57.48913,65.43699,61.6198
10.29563,10.29563,9.43398,10.29563,9.43398,9.43398,9.43398,8.60233,9.43398,7.81025,8.60233,9.21954,8.48528,7.81025,7.81025,8.48528,8.48528,7.81025,7.81025,7.81025,7.81025,7.81025,8.48528,7.81025,7.81025,7.81025,8.48528,7.81025,8.48528,7.81025,7.07107,7.81025,7.81025,7.81025,7.2111,7.2111,7.2111,7.2111,6.7082,6.7082,6.32456,6.32456,5.38516,5.38516,5.38516,5.09902,5.09902,5.09902,4.12311,4.12311,5.0,4.0,61.26989,58.18075,61.46544,53.7122,56.46238,56.85948,50.9902,53.22593,47.75982,47.53946,50.32892,47.01064,51.26402,40.26164,42.72002,43.9659,47.29693,43.32436,44.28318,40.02499,48.50773,39.20459,39.11521,43.73786,40.60788,44.40721,42.19005,38.20995,36.22154,47.04253,47.16991,47.38143,38.83298,39.20459,40.04997,40.60788,41.7732,35.44009,34.48188,39.29377,37.36308,33.83785,35.8469,32.31099,35.77709,33.61547,30.88689,29.68164,26.41969,26.62705,24.83948,25.6125,24.20744,19.10497,21.26029,18.43909,22.67157,45.60702,47.09565,48.04165,48.01042,47.01064,50.01,52.34501,54.33231,55.3263,50.48762,58.69412,60.20797,61.61169,64.56005,65.78754,62.24147,73.1642,67.1193,67.62396,67.74216,66.88797,71.86793,62.43397,68.26419,66.4003,68.50547,65.21503,70.0,60.60528,65.60488,60.60528,64.63745,57.00877,56.85948,58.5235,61.29437,55.75841,57.80138,60.37384,63.06346,62.6099,56.79789,61.32699,59.48109,63.97656,59.03389,61.7171,61.46544,65.45991,61.09828,63.15853,67.41662,70.38466,61.84658,65.39113,62.16912,63.07139
11.18034,10.19804,10.19804,10.19804,10.19804,9.21954,9.48683,9.48683,9.48683,9.48683,9.48683,9.48683,9.48683,8.544,8.544,8.94427,8.94427,8.94427,8.94427,8.94427,8.94427,8.94427,8.94427,8.94427,8.94427,8.06226,8.94427,8.94427,8.94427,8.06226,8.544,8.544,8.94427,8.544,8.544,7.28011,7.28011,7.28011,7.07107,7.07107,6.08276,6.08276,6.08276,6.08276,5.09902,5.0,5.0,5.0,5.0,5.0,4.0,4.12311,57.3062,57.68882,60.83584,59.48109,55.47071,51.0,53.0,51.89412,47.01064,46.64762,45.61798,42.72002,44.28318,44.27189,42.48529,43.65776,46.57252,46.48656,43.9659,44.92215,42.72002,43.17407,38.63936,41.7732,39.45884,37.85499,43.41659,43.10452,42.72002,41.0,36.87818,41.59327,39.62323,40.60788,39.29377,38.32754,42.05948,40.26164,38.32754,35.4683,34.53983,34.1321,35.35534,34.53983,28.30194,28.6531,25.0,30.01666,22.67157,25.6125,22.02272,22.67157,20.51828,24.75884,22.80351,20.0,20.80865,44.18144,43.10452,46.01087,46.0,45.17743,47.26521,50.35871,53.33854,54.34151,54.12947,54.81788,58.94065,64.28841,62.62587,62.39391,65.9242,65.30697,62.64982,66.64833,62.64982,64.66065,69.40461,69.89278,64.40497,67.35726,61.61169,63.12686,63.89053,67.80118,61.84658,58.89822,60.0,58.60034,55.60576,61.40033,58.5235,57.98276,57.98276,57.45433,56.93856,58.30952,62.64982,57.3062,62.16912,57.14018,60.53924,61.7171,60.37384,62.76942,62.6099,64.40497,63.97656,61.7414,63.07139,67.60178,64.84597,62.6099
10.19804,10.04988,10.04988,10.04988,9.05539,9.05539,9.05539,9.0,9.05539,9.0,8.06226,8.0,8.0,8.0,8.0,8.0,8.06226,8.0,8.06226,8.06226,8.06226,8.06226,8.06226,8.06226,8.06226,8.06226,8.06226,8.06226,8.06226,8.0,8.0,8.06226,8.0,8.0,7.0,7.07107,7.07107,7.07107,7.07107,6.08276,6.08276,5.09902,6.08276,5.09902,5.09902,4.12311,4.47214,4.47214,4.47214,4.47214,3.60555,3.60555,60.44005,58.69412,57.24509,58.82176,57.27128,51.62364,52.0,56.0803,48.8467,47.92703,46.51881,47.41308,51.47815,45.27693,41.88078,45.0,46.40043,46.04346,41.23106,42.0119,45.22168,40.0,39.59798,44.20407,41.86884,44.20407,38.28838,42.44997,42.42641,43.86342,43.18565,41.03657,37.80212,43.27817,39.20459,41.23106,40.80441,45.0,40.22437,39.82462,33.83785,34.88553,33.54102,33.28663,35.34119,33.10589,28.4605,31.38471,27.29469,26.1725,24.33105,25.31798,23.76973,21.09502,21.09502,21.0,20.02498,45.60702,46.01087,48.10405,50.9902,46.75468,49.81967,51.31277,54.6443,55.22681,54.6443,63.28507,57.80138,67.60178,64.00781,66.21178,62.36185,68.62215,66.48308,66.7308,69.63476,66.09841,76.41989,67.08204,66.75328,69.72087,68.73136,69.72087,67.60178,62.514,65.76473,62.514,63.78871,61.66036,61.66036,57.27128,66.91039,58.24946,61.68468,58.94065,59.77458,64.51356,59.23681,61.03278,66.12866,61.84658,63.56099,66.12866,59.13544,64.88451,60.53924,64.2573,65.30697,66.12866,60.53924,67.53518,66.70832,64.88451
10.29563,9.43398,10.29563,9.43398,9.84886,8.94427,8.94427,8.94427,8.94427,8.544,8.544,8.544,8.544,8.24621,8.24621,8.24621,8.24621,8.24621,8.06226,8.06226,8.24621,8.06226,8.24621,8.06226,8.24621,8.24621,8.24621,8.24621,8.06226,8.24621,7.28011,8.24621,8.24621,7.28011,7.61577,7.61577,6.7082,6.7082,6.7082,6.7082,5.83095,5.83095,5.83095,5.0,5.0,5.0,5.0,5.0,5.0,4.24264,3.60555,2.82843,60.41523,57.48913,60.63827,59.22837,55.65968,55.7315,47.07441,53.85165,46.57252,50.0,50.28916,47.43416,51.47815,41.10961,44.27189,47.16991,43.41659,42.15448,42.54409,44.28318,46.64762,45.17743,45.60702,40.45986,39.66106,41.88078,43.56604,42.2019,39.96248,43.82921,42.43819,45.22168,45.48626,41.40048,41.18252,40.49691,39.44617,39.11521,40.31129,42.19005,36.40055,35.77709,35.73514,35.77709,32.31099,33.37664,33.37664,30.14963,26.1725,26.68333,25.96151,28.16026,18.43909,20.22375,21.09502,22.0,19.41649,43.93177,43.01163,45.80393,47.88528,47.41308,51.47815,53.66563,51.89412,58.13777,55.9464,58.18935,60.40695,66.40783,67.72001,65.51336,68.06614,73.68175,64.12488,68.593,69.11584,70.00714,72.06247,65.06919,68.06614,70.00714,66.0303,67.00746,70.25667,58.21512,68.00735,57.03508,65.12296,62.00806,57.14018,63.03174,60.0,57.21888,59.4138,59.5399,60.82763,63.63961,57.87055,63.78871,64.32729,60.63827,59.43904,61.61169,60.87693,61.40033,62.58594,61.40033,68.44706,67.68309,58.69412,66.09841,68.00735,62.8172
9.84886,9.84886,9.84886,8.94427,8.94427,8.94427,8.94427,8.94427,8.94427,8.06226,8.06226,8.06226,8.06226,7.2111,7.2111,8.60233,7.81025,7.81025,7.07107,7.81025,7.2111,7.81025,7.81025,7.81025,7.81025,7.81025,7.81025,7.81025,7.07107,7.81025,7.2111,7.2111,7.2111,7.2111,6.7082,7.61577,6.7082,6.7082,6.32456,5.38516,6.32456,6.32456,5.38516,5.09902,5.09902,5.09902,5.0,4.12311,4.0,4.0,4.0,4.0,55.9464,59.05929,59.80803,52.55473,59.09315,52.20153,52.20153,51.26402,49.33559,48.10405,43.68066,44.94441,49.47727,46.57252,43.28972,43.17407,41.7732,41.59327,42.75512,44.72136,45.04442,40.1995,38.20995,41.04875,43.04649,40.04997,40.04997,41.01219,41.04875,43.41659,38.11824,42.04759,39.31921,42.10701,40.11234,38.20995,41.7732,36.67424,39.56008,40.5216,39.81206,36.68787,37.36308,29.73214,33.24154,31.38471,29.41088,27.313,25.94224,27.45906,25.94224,22.47221,21.9545,20.51828,20.51828,17.80449,17.69181,43.56604,43.41659,44.72136,46.01087,49.0102,47.01064,49.16299,53.60037,56.7186,54.74486,57.27128,58.85576,64.53681,63.60031,65.19202,65.55151,67.41662,69.07966,64.40497,70.23532,66.37017,71.19691,70.17834,67.41662,66.61081,65.19202,65.80274,65.0,60.46487,65.73431,60.0,61.22091,58.82176,56.60389,59.68249,60.53924,60.20797,60.83584,54.70832,58.18075,58.13777,59.46427,62.16912,62.03225,59.61543,59.80803,65.19202,61.68468,65.19202,63.15853,59.80803,61.09828,65.45991,61.7414,66.12866,63.90618,70.5762
9.43398,9.43398,8.60233,9.43398,8.60233,8.60233,7.81025,7.81025,7.81025,7.81025,7.81025,7.07107,7.81025,7.07107,7.07107,7.81025,6.40312,6.40312,7.2111,7.07107,7.07107,7.81025,6.40312,7.2111,7.81025,7.2111,7.2111,7.81025,7.81025,7.2111,7.07107,7.07107,7.07107,7.07107,7.07107,6.40312,6.40312,5.83095,5.83095,5.83095,5.0,4.47214,4.47214,4.47214,4.47214,4.47214,4.12311,4.12311,4.12311,3.0,3.0,3.0,60.00833,62.16912,59.09315,54.12947,55.4617,50.69517,53.66563,47.75982,52.55473,46.48656,47.29693,44.38468,43.9659,45.54119,45.54119,43.41659,47.29693,45.60702,41.7732,40.60788,37.85499,42.75512,41.19466,42.29657,37.33631,41.04875,42.29657,45.01111,41.04875,40.0125,43.56604,42.42641,41.7732,40.1995,41.10961,41.7732,40.60788,38.07887,38.47077,36.13862,39.21734,34.0147,33.61547,35.1141,33.12099,31.38471,30.41381,30.52868,26.07681,26.83282,24.59675,22.47221,23.32381,23.34524,22.62742,19.20937,17.49286,46.17359,43.04649,47.01064,49.0102,51.35173,47.16991,50.63596,50.80354,55.10898,57.97413,57.00877,59.20304,63.32456,66.40783,63.15853,68.8767,66.24198,63.95311,62.17717,67.1193,63.52952,73.4983,70.21396,64.40497,67.62396,67.00746,65.94695,63.03174,63.12686,59.64059,57.80138,57.62812,60.21628,59.07622,61.58734,56.0357,58.66856,59.68249,56.85948,58.66856,60.82763,61.7171,55.9464,63.56099,60.83584,58.18075,63.69458,58.30952,61.84658,62.64982,65.79514,65.0,65.0,62.76942,67.08204,61.7414,63.15853
9.43398,9.43398,9.43398,9.43398,8.60233,8.06226,8.06226,8.06226,7.61577,7.61577,7.61577,7.61577,7.61577,7.61577,7.61577,7.28011,7.28011,7.28011,7.28011,7.28011,7.28011,7.28011,7.28011,7.28011,7.28011,7.07107,7.07107,7.28011,7.28011,7.28011,7.28011,7.28011,6.7082,6.7082,6.32456,6.7082,6.7082,5.83095,5.83095,5.83095,5.0,5.0,5.0,5.0,4.24264,4.24264,4.24264,3.60555,3.60555,3.60555,3.60555,3.16228,63.1981,58.21512,58.00862,55.08176,48.0,53.00943,55.08176,50.0,49.09175,48.04165,47.09565,46.27094,47.38143,44.40721,44.28318,45.70558,44.91102,43.56604,44.14748,40.80441,42.2019,40.02499,43.9659,40.60788,43.01163,43.41659,41.97618,45.54119,43.32436,41.62932,40.16217,43.01163,43.93177,42.44997,38.32754,38.32754,42.57934,41.30375,39.29377,42.42641,37.65634,36.22154,36.12478,36.05551,35.01428,31.06445,31.06445,31.257,26.1725,28.28427,21.84033,26.30589,24.04163,20.88061,22.13594,19.64688,22.13594,46.32494,46.95743,45.69464,47.16991,49.98,48.50773,47.12749,50.9902,58.94065,58.0517,58.69412,59.4138,63.95311,66.06815,64.0,66.27217,66.1211,62.28965,71.11259,67.89698,63.63961,71.19691,67.91171,66.94027,66.48308,66.21933,63.32456,68.00735,63.90618,65.25335,59.43904,60.16644,56.32051,56.61272,58.69412,56.08921,57.87055,58.42089,60.53098,61.29437,60.40695,59.07622,57.70615,62.07254,61.0082,61.03278,63.12686,60.03332,63.00794,66.0303,65.00769,64.00781,68.11755,57.14018,63.07139,64.00781,67.18631
11.18034,10.29563,11.18034,10.77033,9.84886,8.94427,9.43398,9.43398,9.43398,9.43398,9.43398,9.43398,9.43398,8.60233,8.60233,9.21954,8.60233,8.60233,9.21954,9.21954,8.60233,9.21954,7.81025,9.21954,9.21954,8.48528,8.48528,9.21954,8.60233,9.21954,8.60233,8.60233,8.60233,8.60233,8.06226,8.06226,8.06226,7.61577,7.61577,7.61577,6.7082,6.7082,6.32456,5.38516,5.38516,5.38516,5.09902,5.09902,5.09902,5.09902,4.0,4.0,61.46544,61.68468,61.35145,50.15974,54.08327,50.59644,51.92302,53.45091,50.0,47.80167,51.62364,45.70558,46.69047,42.42641,41.7732,42.19005,47.09565,41.19466,41.30375,37.01351,47.01064,43.0,43.01163,41.01219,43.04649,44.0,38.0526,45.01111,42.0119,41.30375,39.01282,40.4475,41.04875,43.28972,37.12142,40.11234,42.0119,40.04997,41.4367,36.87818,34.9285,40.31129,36.87818,33.54102,35.17101,26.92582,30.08322,31.01612,27.29469,26.4764,25.80698,21.63331,22.84732,24.59675,23.34524,17.20465,14.14214,44.91102,46.38965,42.19005,51.0392,51.0,56.00893,54.14795,56.22277,59.43904,54.74486,59.43904,63.78871,69.12308,66.4906,69.57011,64.84597,69.07966,67.62396,68.8767,66.21178,67.97794,67.74216,70.49113,67.1193,68.7968,67.6757,66.61081,66.8431,63.63175,66.0303,58.5235,69.33974,59.64059,59.36329,60.53924,58.30952,61.32699,59.9333,59.5399,62.39391,61.46544,61.68468,63.24555,61.68468,60.08328,59.20304,66.40783,64.84597,65.52099,66.12866,66.21933,62.64184,67.35726,58.5235,67.35726,69.26038,68.68042
9.89949,9.21954,9.21954,8.48528,9.21954,8.48528,8.48528,8.48528,8.48528,7.81025,7.81025,7.81025,7.81025,7.2111,7.2111,8.60233,7.2111,7.2111,6.7082,7.2111,7.2111,7.2111,7.2111,6.7082,7.2111,7.2111,7.2111,8.06226,7.2111,7.2111,7.2111,7.2111,7.2111,7.2111,7.07107,7.07107,7.07107,6.40312,5.65685,5.65685,5.83095,5.83095,5.0,4.47214,4.47214,4.47214,4.47214,4.47214,4.47214,4.12311,4.12311,4.12311,59.00847,60.07495,56.0357,54.00926,56.00893,51.0098,47.38143,52.00961,49.0102,45.17743,44.10215,47.26521,45.89118,41.23106,44.55334,42.95346,47.85394,43.01163,43.73786,44.38468,44.92215,42.72002,42.04759,40.16217,39.56008,41.78516,41.78516,42.15448,40.49691,41.62932,42.72002,44.01136,38.27532,44.28318,38.60052,38.60052,40.5216,40.31129,38.60052,39.31921,41.59327,39.11521,34.05877,33.37664,29.0,34.05877,32.01562,31.14482,28.16026,26.1725,23.08679,22.2036,21.0238,18.97367,22.13594,20.24846,17.88854,47.50789,42.05948,48.8467,45.69464,48.38388,51.5461,52.88667,51.86521,57.87055,55.31727,59.68249,56.56854,65.76473,64.12488,69.02898,65.03076,67.0,72.1734,68.18358,68.46897,67.60178,70.45566,69.87131,67.46851,66.94027,66.09841,66.70832,65.25335,65.25335,64.28841,59.90826,64.28841,61.84658,62.8172,62.36986,55.57877,56.7186,59.03389,63.28507,62.03225,63.1981,63.0,61.07373,61.0082,61.0082,60.0,61.03278,60.00833,62.03225,68.0,59.00847,65.12296,61.03278,65.06919,66.0,64.00781,62.03225
9.21954,9.21954,9.21954,9.21954,9.21954,8.24621,8.24621,8.06226,8.24621,8.06226,8.06226,8.06226,8.0,7.0,7.0,7.0,7.0,7.0,7.0,7.0,7.0,7.0,7.0,7.07107,7.07107,7.07107,7.0,7.0,7.07107,7.0,7.0,7.0,7.0,7.0,6.08276,6.08276,6.08276,6.08276,6.08276,6.32456,5.38516,5.38516,5.38516,4.47214,4.47214,4.47214,5.0,4.47214,3.60555,3.60555,4.24264,3.60555,61.61169,52.88667,57.56735,56.75385,51.66237,53.16014,46.17359,53.45091,45.31004,46.23851,49.0408,46.8188,48.08326,44.28318,44.38468,40.24922,43.04649,42.72002,43.56604,41.62932,47.42362,38.58756,40.0,40.22437,39.96248,43.04649,37.21559,38.60052,37.64306,40.49691,39.96248,42.72002,40.0,39.44617,36.89173,43.04649,43.01163,41.18252,37.12142,38.27532,35.4683,35.44009,36.05551,31.62278,34.78505,30.80584,29.27456,29.42788,27.45906,25.4951,28.01785,23.34524,21.0,21.09502,20.02498,21.84033,17.46425,45.45327,48.08326,41.86884,50.60632,47.50789,49.40648,50.77401,53.00943,53.0,53.82379,58.83026,59.5399,65.0,66.64833,72.09022,63.60031,69.89278,63.06346,66.76077,66.09841,69.42622,72.69113,63.63961,65.9242,67.47592,66.27217,65.06919,68.02941,60.00833,65.03076,56.14268,63.1981,59.3043,56.22277,60.20797,61.29437,55.9017,53.93515,56.29387,56.61272,58.5235,55.08176,58.46366,58.18935,62.64184,60.72891,58.24088,57.28001,62.8172,60.08328,59.46427,66.40783,67.05222,53.60037,62.96825,63.78871,65.14599
9.0,9.0,9.0,9.0,9.0,8.0,8.06226,8.06226,8.06226,8.06226,8.06226,7.07107,7.07107,7.07107,7.28011,7.28011,7.28011,7.28011,7.28011,7.28011,7.28011,7.28011,7.28011,7.61577,7.28011,7.28011,7.28011,7.61577,7.28011,7.28011,7.28011,7.28011,7.07107,7.07107,6.08276,6.08276,6.0,7.0,6.0,6.0,5.0,5.09902,5.09902,4.12311,4.12311,4.12311,4.12311,4.12311,4.47214,3.60555,3.60555,3.60555,58.79626,60.959,58.69412,53.8145,59.66574,48.9183,55.86591,50.24938,49.51767,46.66905,43.86342,44.68781,48.27007,43.93177,44.82187,41.7732,44.94441,41.88078,42.72002,42.43819,40.81666,42.72002,42.48529,38.47077,41.67733,39.96248,40.31129,42.05948,42.48529,41.14608,39.44617,39.82462,43.82921,39.44617,40.0,39.96248,40.49691,40.71855,40.22437,36.12478,36.23534,36.76955,36.06938,30.41381,33.30165,30.80584,28.42534,28.6007,28.6531,27.29469,28.01785,23.25941,22.47221,25.94224,21.47091,19.64688,20.61553,45.35416,41.4367,47.53946,50.11986,53.23533,49.24429,49.64877,54.12024,55.07268,56.40035,61.84658,62.68174,65.0,62.96825,64.3506,66.6033,71.06335,71.21798,71.8401,70.0,67.00746,68.7968,67.1193,70.49113,68.42514,67.60178,63.95311,66.03787,63.52952,64.00781,62.16912,59.5399,58.66856,56.60389,56.0803,57.80138,59.20304,59.07622,54.6443,56.22277,56.22277,57.48913,57.80138,62.28965,61.07373,64.53681,65.11528,58.72819,63.70243,61.6198,59.46427,62.482,63.89053,63.78087,62.28965,64.3506,65.29931
9.84886,8.544,8.94427,8.06226,8.94427,7.61577,8.06226,8.06226,8.06226,8.06226,8.06226,7.2111,7.2111,7.2111,6.40312,7.81025,7.07107,7.81025,6.40312,7.07107,6.40312,7.07107,7.81025,7.07107,7.07107,7.07107,7.07107,7.07107,7.07107,7.81025,6.40312,6.40312,6.40312,6.40312,7.2111,6.7082,6.7082,5.83095,5.38516,5.38516,5.38516,5.38516,5.38516,4.12311,4.12311,4.12311,4.12311,3.16228,4.12311,3.0,3.0,3.0,61.40033,52.47857,52.39275,56.36488,54.12947,53.23533,48.75449,53.23533,44.94441,50.15974,48.10405,47.92703,44.94441,44.01136,43.32436,41.59327,46.32494,42.05948,44.64303,38.63936,42.29657,40.26164,43.56604,40.5216,35.69314,38.83298,37.48333,40.11234,41.30375,43.0,38.83298,41.04875,36.67424,42.42641,40.4475,38.63936,38.63936,39.81206,39.81206,39.05125,36.68787,39.0,35.77709,34.78505,32.69557,33.61547,34.0,29.52965,31.38471,27.45906,25.05993,25.23886,21.2132,19.10497,23.34524,23.34524,19.10497,44.18144,45.01111,46.01087,53.15073,48.50773,50.63596,52.17279,53.15073,56.75385,55.54278,62.29767,60.40695,64.84597,69.89278,68.8767,66.18912,70.21396,66.88797,71.11962,68.50547,69.40461,72.42237,66.0303,66.06815,65.94695,69.40461,62.482,63.70243,60.44005,61.84658,59.20304,64.03124,58.79626,58.00862,57.2014,58.60034,57.68882,57.68882,60.41523,59.5399,56.4358,56.35601,58.83026,58.13777,58.59181,60.83584,61.29437,58.18075,59.5063,58.13777,61.26989,64.07808,65.36819,58.60034,65.79514,62.6099,58.24946
10.0,8.60233,9.21954,8.60233,8.60233,7.81025,7.81025,7.81025,7.81025,7.81025,7.07107,7.07107,7.81025,7.07107,7.07107,7.2111,6.40312,7.2111,7.2111,7.2111,7.2111,7.2111,7.2111,7.2111,7.2111,7.2111,7.2111,7.2111,7.2111,7.2111,6.40312,7.07107,6.40312,7.07107,6.40312,5.65685,6.40312,6.40312,5.83095,5.0,5.0,5.0,5.38516,4.47214,4.47214,4.47214,3.16228,4.12311,4.12311,3.16228,3.0,3.0,62.07254,57.07013,57.21888,51.08816,54.58938,47.16991,54.08327,53.33854,54.14795,46.04346,44.04543,46.04346,44.28318,47.09565,45.0,41.10961,46.17359,43.56604,43.10452,42.29657,43.17407,41.4367,40.5216,41.23106,39.20459,43.41659,39.81206,39.45884,42.42641,40.4475,41.76123,41.4367,42.2019,39.05125,40.4475,44.40721,41.4367,38.32754,41.19466,36.01389,36.0,35.0,37.12142,37.01351,35.0571,33.54102,28.86174,29.15476,24.02082,27.16616,24.73863,24.04163,24.04163,24.16609,23.4094,19.31321,20.12461,45.17743,42.48529,45.69464,48.46648,47.43416,51.97115,50.96077,54.57105,56.08921,59.68249,59.3043,60.29925,69.18092,64.03124,65.03076,68.11755,66.18912,69.72087,66.91039,68.24954,68.65858,70.83078,70.34202,72.73239,68.35203,67.41662,65.19202,63.69458,67.35726,67.06713,54.70832,61.68468,60.63827,61.40033,64.28841,57.27128,54.45181,60.20797,55.7853,56.56854,59.84146,60.03332,63.3877,64.12488,61.98387,59.03389,58.0,57.14018,57.21888,62.39391,63.12686,57.07889,63.1981,61.20457,62.20129,68.46897,60.20797
9.21954,8.60233,8.60233,9.21954,7.81025,7.81025,7.2111,7.2111,7.2111,7.2111,7.2111,6.7082,6.7082,6.7082,6.7082,6.32456,7.28011,6.32456,6.32456,6.32456,6.32456,6.32456,6.32456,6.32456,7.28011,6.32456,7.28011,6.32456,7.28011,6.32456,6.32456,6.32456,6.7082,6.7082,6.7082,5.83095,5.83095,5.83095,5.0,5.0,5.0,5.0,4.24264,4.24264,4.24264,4.24264,4.24264,3.60555,2.82843,3.60555,3.60555,3.16228,60.0,56.0,57.14018,54.00926,57.31492,54.08327,48.25971,52.34501,45.27693,45.70558,47.67599,45.54119,46.57252,45.89118,43.17407,41.78516,44.92215,46.57252,44.94441,41.4367,42.72002,38.27532,39.39543,42.15448,42.72002,38.27532,39.81206,39.81206,44.59821,38.58756,42.05948,42.19005,41.23106,41.14608,38.01316,38.60052,37.69615,40.49691,42.2019,36.24914,37.0,33.83785,40.02499,37.65634,33.54102,31.01612,30.26549,28.0,33.06055,26.01922,29.06888,24.18677,27.45906,23.34524,24.08319,21.0238,18.11077,42.95346,48.8467,46.52956,50.15974,51.5461,50.28916,50.69517,51.24451,58.46366,57.07013,61.81424,63.63961,66.28725,65.9242,70.11419,64.03124,68.00735,69.18092,69.00725,73.43705,70.40597,72.18033,68.44706,70.21396,70.0928,65.51336,65.51336,63.34824,62.16912,65.96969,58.69412,61.0,58.46366,58.46366,59.22837,56.88585,55.22681,58.13777,58.07753,61.13101,60.0,61.0082,57.03508,56.14268,60.07495,54.08327,59.07622,59.4138,61.0,59.07622,62.28965,61.52235,65.12296,63.03174,65.27634,66.1211,63.1981
9.89949,9.21954,9.21954,9.21954,8.60233,7.81025,8.60233,8.60233,8.60233,8.06226,8.60233,8.06226,8.06226,8.06226,8.06226,8.06226,7.61577,7.61577,7.61577,7.61577,7.61577,7.61577,7.61577,7.28011,7.61577,7.61577,7.61577,7.61577,7.61577,7.61577,6.7082,7.61577,7.61577,6.7082,7.2111,7.2111,6.40312,6.40312,6.40312,6.40312,5.65685,5.65685,5.0,4.24264,4.24264,4.24264,4.24264,4.24264,3.60555,3.60555,3.60555,3.16228,59.20304,51.92302,59.03389,56.88585,53.36666,52.95281,49.36598,50.48762,44.55334,48.6621,50.63596,46.38965,46.38965,40.0125,42.95346,43.04649,43.0,39.20459,48.16638,43.04649,44.04543,42.10701,41.7732,40.02499,40.1995,43.28972,38.63936,37.85499,38.32754,40.1995,42.57934,45.54119,37.21559,40.11234,39.31921,35.01428,38.11824,38.20995,33.13608,40.31129,36.01389,37.21559,36.87818,33.54102,33.95585,31.62278,32.28002,28.63564,31.38471,24.16609,27.20294,25.4951,22.13594,20.59126,21.47091,23.70654,21.93171,42.72002,48.27007,42.72002,50.44799,47.85394,48.37355,50.24938,53.15073,58.21512,55.22681,58.00862,59.21149,66.00758,66.1211,68.11755,64.13267,70.21396,65.30697,67.68309,67.35726,65.80274,73.68175,63.56886,63.32456,64.4748,64.62198,67.23095,64.4748,60.83584,62.24147,58.13777,63.56886,58.30952,57.93962,58.18935,63.56886,55.36244,54.08327,57.87055,59.90826,61.40033,58.0517,57.00877,56.7186,59.68249,50.01,59.3043,57.42822,62.64982,60.01666,60.01666,63.15061,65.73431,52.95281,61.81424,66.75328,59.84146
9.21954,9.21954,9.21954,9.21954,8.48528,9.21954,8.48528,8.48528,8.48528,7.81025,8.48528,7.81025,7.81025,7.81025,7.81025,7.81025,7.81025,7.2111,8.06226,7.2111,7.2111,7.2111,7.2111,7.61577,8.06226,8.06226,7.2111,7.2111,8.06226,7.2111,7.2111,7.2111,7.2111,7.2111,7.07107,7.07107,7.07107,7.07107,6.40312,6.40312,5.83095,5.83095,5.0,5.83095,5.38516,4.47214,4.47214,4.47214,4.47214,4.12311,4.12311,4.12311,60.0,52.03845,60.00833,52.00961,54.00926,57.00877,48.37355,51.08816,41.01219,49.16299,43.18565,44.40721,43.41659,38.63936,43.56604,41.23106,43.93177,41.48494,43.68066,40.79216,46.17359,39.62323,38.48376,40.49691,37.0,39.56008,35.4683,40.31129,37.0,43.38202,40.49691,46.57252,36.40055,41.10961,37.10795,41.10961,40.26164,37.85499,40.79216,37.85499,36.67424,37.05401,36.22154,33.13608,35.0571,30.01666,32.06244,28.0,29.01724,26.01922,28.44293,21.58703,24.33105,19.92486,20.39608,21.47091,20.24846,41.6173,46.52956,42.05948,49.1935,45.31004,50.92151,50.96077,52.0,56.921,54.81788,56.7186,58.46366,63.95311,63.3877,69.26038,62.03225,70.0,59.13544,68.0,65.03076,68.26419,66.48308,61.98387,63.95311,66.09841,64.13267,60.41523,68.06614,56.32051,64.53681,55.31727,61.81424,58.0517,56.22277,61.81424,60.82763,51.24451,57.55867,54.03702,58.03447,63.00794,55.14526,63.00794,57.03508,63.00794,56.0803,60.0,59.21149,62.03225,55.08176,59.03389,63.0,66.00758,53.03772,59.00847,69.06519,61.0
11.7047,10.44031,10.44031,10.44031,10.44031,9.48683,9.48683,9.48683,9.48683,9.21954,9.21954,9.21954,9.21954,9.21954,8.24621,9.05539,9.05539,8.06226,8.06226,8.06226,8.06226,8.06226,8.06226,8.0,8.06226,9.0,9.05539,8.06226,8.06226,8.06226,8.06226,8.06226,8.24621,8.24621,8.24621,8.24621,8.24621,7.28011,7.28011,6.7082,6.7082,6.7082,5.83095,5.83095,5.83095,5.83095,5.83095,5.0,5.0,5.0,5.0,4.24264,64.32729,62.16912,59.68249,55.08176,59.77458,52.88667,50.44799,57.07013,49.0408,53.14132,47.43416,46.8188,50.0,47.01064,44.28318,47.41308,46.51881,45.27693,44.28318,43.909,43.56604,38.07887,39.11521,44.41846,41.18252,44.10215,43.26662,41.86884,44.65423,40.60788,44.10215,44.10215,41.18252,42.19005,40.31129,40.31129,39.96248,42.04759,41.18252,39.82462,37.21559,39.81206,37.36308,38.27532,34.9285,32.28002,32.31099,32.38827,27.29469,28.63564,24.5153,26.1725,25.01999,22.2036,19.10497,24.18677,23.34524,47.01064,43.26662,46.61545,51.62364,48.37355,50.11986,51.88449,50.9902,59.9333,56.85948,62.96825,61.09828,65.78754,66.76077,65.80274,66.28725,68.06614,68.46897,67.89698,68.18358,68.26419,73.02739,69.06519,71.00704,67.02984,66.0,65.06919,66.00758,63.07139,62.07254,59.03389,64.00781,57.03508,62.00806,61.0082,59.21149,57.14018,61.52235,60.29925,63.34824,63.63961,62.16912,61.39218,64.53681,64.56005,61.40033,62.0967,61.35145,67.18631,63.56099,63.78871,69.37579,68.88396,60.63827,61.98387,68.24954,61.18823
10.04988,10.04988,9.05539,9.05539,9.05539,9.05539,9.21954,8.24621,8.24621,8.24621,8.24621,8.24621,8.24621,7.28011,7.28011,8.544,7.61577,7.61577,7.61577,7.61577,7.61577,7.61577,7.61577,7.61577,7.61577,7.61577,8.06226,7.61577,7.61577,7.61577,6.7082,6.7082,7.61577,6.32456,7.28011,7.28011,7.28011,6.08276,6.08276,5.09902,6.08276,5.09902,5.0,5.0,5.0,4.0,4.0,4.0,4.0,3.0,3.16228,3.16228,60.20797,59.5483,59.20304,54.81788,56.85948,55.31727,51.22499,60.80296,50.21952,46.04346,48.25971,48.37355,44.65423,44.77723,45.65085,47.92703,47.42362,40.71855,42.48529,41.78516,43.65776,43.65776,43.01163,43.01163,44.01136,42.54409,41.10961,39.56008,44.27189,40.5216,44.14748,43.41659,38.60052,44.14748,40.02499,40.31129,40.16217,38.27532,39.81206,40.31129,36.23534,35.8469,35.35534,34.0,34.98571,31.90611,31.241,30.80584,30.0,26.92582,27.20294,26.87006,22.62742,20.61553,22.80351,23.02173,20.12461,44.59821,47.16991,45.88028,49.24429,47.50789,48.8774,47.16991,54.3783,56.0803,54.91812,58.82176,59.03389,64.81512,67.20863,66.46804,65.8559,69.29646,67.62396,70.0928,65.80274,69.40461,68.00735,66.88797,65.0,66.03787,65.0,65.45991,64.3506,60.20797,62.1289,57.14018,57.42822,59.07622,55.80323,60.21628,55.22681,55.9017,59.46427,56.58622,59.4138,60.82763,60.30755,61.6198,59.4138,60.0,57.98276,60.87693,61.84658,62.482,66.21933,61.61169,63.24555,67.47592,61.22091,63.82006,60.60528,63.41136
10.81665,10.29563,10.29563,9.43398,9.84886,8.94427,8.94427,8.94427,8.94427,8.544,8.544,8.544,8.544,8.24621,8.24621,8.544,8.24621,8.24621,8.24621,8.24621,8.24621,8.24621,8.24621,8.06226,8.24621,8.24621,8.24621,8.24621,8.24621,8.24621,7.28011,8.24621,7.28011,7.28011,7.61577,7.61577,6.7082,6.7082,6.7082,6.7082,6.40312,5.83095,5.83095,5.0,5.0,4.24264,4.24264,4.24264,4.24264,4.24264,3.60555,3.60555,56.0357,57.00877,60.20797,53.33854,51.15662,55.22681,49.25444,50.48762,50.48762,52.15362,47.16991,45.35416,43.93177,44.64303,45.60702,46.57252,44.92215,42.37924,42.05948,43.68066,44.94441,44.59821,45.18849,40.49691,39.81206,42.54409,39.81206,43.38202,42.04759,43.38202,40.49691,42.15448,37.16181,38.07887,38.07887,39.05125,40.49691,40.8534,37.64306,38.47077,37.85499,37.10795,36.22154,31.14482,31.14482,33.01515,35.12834,26.30589,27.01851,29.15476,25.31798,24.73863,26.1725,21.2132,23.19483,23.76973,21.47091,43.26662,46.61545,44.65423,55.00909,50.08992,53.7122,52.20153,56.0803,55.71355,57.24509,60.87693,63.06346,66.21933,66.4906,63.63961,62.1289,72.56032,63.03174,72.11103,70.00714,68.02941,67.26812,68.11755,72.24957,67.60178,68.593,67.74216,65.62012,58.85576,66.48308,57.31492,61.29437,59.4138,55.22681,59.13544,59.4138,57.0,58.00862,57.00877,58.07753,59.3043,60.20797,61.52235,58.30952,63.28507,62.96825,61.81424,62.58594,63.63961,58.69412,63.63961,65.30697,64.12488,60.29925,59.5399,66.4906,64.19502
10.29563,10.29563,9.43398,10.29563,9.43398,9.43398,8.94427,8.94427,8.94427,8.94427,8.544,8.544,8.544,8.544,8.544,8.24621,8.24621,8.24621,8.24621,8.24621,8.24621,8.24621,8.24621,8.24621,8.24621,8.24621,8.24621,7.28011,8.24621,8.24621,7.28011,7.61577,7.61577,7.61577,7.61577,7.61577,7.61577,6.7082,6.7082,6.7082,5.83095,5.83095,5.83095,5.83095,5.0,5.0,5.0,4.24264,4.24264,4.24264,4.24264,4.24264,60.67125,56.7186,55.54278,51.47815,54.91812,47.07441,51.35173,50.01,47.80167,45.70558,43.68066,43.41659,40.79216,42.95346,43.01163,42.37924,44.59821,42.15448,37.64306,39.0,42.15448,40.71855,39.82462,38.48376,39.0,38.62642,38.91015,36.35932,38.48376,43.909,38.91015,37.57659,40.49691,40.8534,37.58989,38.07887,37.69615,37.33631,40.16217,37.0,33.52611,34.20526,33.24154,37.33631,30.06659,29.27456,28.07134,26.07681,25.17936,21.0238,23.08679,21.0238,21.58703,20.22375,20.39608,19.92486,18.38478,46.75468,45.80393,54.6443,50.11986,53.7122,50.53712,50.9902,54.12947,60.40695,57.93962,62.64184,65.80274,64.62198,65.51336,65.76473,67.89698,67.89698,69.35416,67.47592,71.02816,68.00735,69.00725,69.06519,65.06919,67.1193,68.06614,63.1981,65.19202,64.28063,63.12686,60.29925,61.20457,62.07254,58.00862,62.00806,57.0,59.03389,57.07889,61.29437,60.67125,57.31492,58.30952,58.42089,64.77654,56.4358,58.42089,57.55867,59.43904,59.84146,62.39391,62.96825,62.16912,60.82763,61.81424,64.13267,63.15061,64.38167
8.94427,8.544,8.544,7.61577,7.61577,7.61577,7.28011,7.28011,7.28011,7.28011,7.28011,7.28011,7.28011,7.28011,6.08276,7.07107,7.07107,7.07107,6.08276,7.07107,7.07107,7.0,7.07107,7.0,6.08276,7.0,7.0,7.0,6.0,7.0,6.08276,6.08276,6.08276,6.08276,6.08276,6.08276,6.32456,5.38516,5.38516,5.38516,5.38516,4.47214,4.47214,4.47214,4.47214,3.60555,3.60555,3.60555,2.82843,2.82843,2.82843,2.82843,60.87693,51.24451,55.54278,55.65968,48.46648,53.14132,53.45091,51.41984,45.88028,47.85394,45.18849,46.95743,44.41846,41.59327,42.95346,44.94441,44.77723,42.05948,45.79301,38.27532,44.20407,38.27532,40.22437,40.80441,41.04875,38.60052,36.23534,39.82462,40.0,41.03657,38.60052,39.20459,36.05551,40.80441,40.45986,41.18252,40.31129,39.82462,38.58756,36.61967,31.38471,38.58756,34.88553,35.4683,35.4683,28.79236,32.01562,27.73085,27.89265,23.08679,25.4951,25.4951,23.02173,19.23538,20.09975,21.0,23.02173,45.96738,50.47772,46.61545,55.75841,47.01064,51.88449,51.0,53.7122,60.41523,56.85948,61.09828,63.15853,66.12866,66.76077,69.37579,64.93843,72.78049,65.62012,71.70077,68.35934,71.44928,68.02941,66.1211,67.00746,72.02777,69.02898,63.0,63.00794,60.00833,71.0,55.00909,64.03124,59.07622,57.03508,60.29925,58.07753,50.9902,56.51548,56.88585,61.18823,63.15061,52.17279,60.87693,58.5235,61.35145,54.70832,59.46427,57.58472,62.0967,57.56735,58.5235,61.09828,64.51356,55.65968,59.48109,62.96825,58.87274
8.60233,8.94427,8.06226,8.06226,8.06226,8.06226,7.61577,7.61577,7.61577,6.7082,7.61577,7.28011,7.28011,7.28011,7.28011,7.28011,7.07107,7.07107,7.07107,7.07107,6.08276,7.07107,7.07107,7.07107,7.07107,7.07107,7.0,7.07107,7.07107,7.07107,7.07107,7.07107,6.08276,6.32456,6.08276,6.32456,6.32456,5.38516,5.38516,5.38516,5.38516,5.38516,5.0,4.47214,4.47214,3.60555,3.60555,3.60555,3.60555,2.82843,2.82843,2.82843,57.70615,55.3263,57.27128,54.74486,51.92302,45.89118,48.76474,51.97115,48.08326,47.80167,46.23851,44.01136,45.18849,42.72002,42.72002,44.72136,46.95743,41.34005,41.59327,39.35734,42.72002,38.01316,43.56604,39.44617,40.70626,40.49691,35.51056,42.72002,39.40812,38.41875,39.40812,43.01163,42.43819,44.04543,35.80503,41.34005,41.67733,40.71855,41.14608,38.07887,34.9285,38.94868,37.0,38.8973,35.44009,31.01612,31.7805,33.24154,29.83287,27.65863,24.0,23.08679,27.16616,23.02173,24.02082,21.0238,19.10497,48.54894,47.88528,48.75449,55.00909,53.48832,52.92447,54.626,55.36244,59.77458,58.24088,63.06346,67.89698,67.68309,67.26812,67.60178,67.36468,75.42546,66.00758,76.10519,69.11584,73.10951,75.32596,68.35934,67.18631,73.5527,70.11419,63.50591,68.35934,63.78871,65.76473,57.55867,62.28965,61.29437,57.0,60.03332,61.0,57.14018,57.03508,60.13319,57.55867,61.40033,54.12947,59.5399,58.24946,58.85576,57.55867,56.88585,58.46366,59.03389,62.58594,58.46366,60.63827,61.81424,61.13101,65.30697,67.68309,57.70615
9.43398,9.43398,8.06226,8.60233,8.06226,8.06226,7.61577,7.61577,7.61577,7.61577,7.61577,7.28011,7.28011,7.28011,7.28011,7.28011,7.07107,6.08276,7.07107,7.07107,7.07107,7.07107,7.07107,7.07107,7.07107,7.07107,7.07107,7.07107,7.07107,7.07107,7.28011,7.28011,7.28011,6.32456,7.28011,6.32456,6.32456,5.83095,5.83095,5.83095,5.83095,5.83095,5.0,5.0,4.47214,4.47214,5.0,4.24264,4.24264,3.60555,3.60555,3.60555,56.0357,54.0,53.46027,52.00961,48.37355,48.09366,51.35173,50.15974,46.17359,44.18144,43.17407,43.56604,44.64303,39.81206,38.63936,40.26164,43.41659,39.92493,44.59821,41.78516,38.48376,37.69615,38.48376,37.58989,37.16181,38.01316,42.48529,40.81666,38.07887,39.81206,38.91015,41.14608,41.62932,42.05948,41.67733,39.39543,42.37924,38.91015,38.62642,36.40055,35.34119,38.60052,36.22154,37.10795,32.55764,32.98485,33.13608,30.06659,27.0,25.17936,26.1725,26.01922,22.09072,21.0238,20.09975,20.0,22.56103,45.65085,47.42362,47.42362,50.32892,50.59644,53.45091,51.1957,53.85165,60.63827,60.53098,60.67125,61.52235,67.26812,69.02898,69.00725,68.02941,69.06519,68.18358,67.74216,68.73136,67.26812,71.02112,66.94027,66.94027,66.21933,62.36986,63.06346,65.52099,62.64184,65.73431,56.08921,61.0,58.24946,59.66574,59.84146,57.07013,55.7315,55.22681,56.22277,56.0357,56.22277,57.14018,54.14795,63.0,57.00877,60.00833,54.0,60.20797,57.03508,59.03389,57.07889,60.29925,61.0082,53.03772,60.13319,60.07495,61.0
10.0,10.0,10.0,10.0,8.60233,8.60233,8.60233,8.06226,8.06226,8.06226,8.06226,8.06226,8.06226,8.06226,8.06226,8.544,7.61577,7.61577,7.61577,7.61577,7.61577,7.61577,7.61577,7.28011,7.61577,7.28011,7.28011,7.61577,7.61577,7.28011,7.61577,7.61577,7.61577,7.61577,7.61577,7.61577,7.61577,7.2111,7.2111,6.40312,6.40312,5.83095,6.40312,5.83095,5.65685,5.0,5.65685,5.65685,5.0,5.0,4.24264,4.24264,56.08921,49.64877,53.60037,52.17279,51.1957,51.97115,49.81967,50.01,44.91102,43.68066,41.48494,43.01163,41.78516,46.17359,40.16217,40.71855,44.38468,42.54409,39.0,39.44617,40.49691,38.07887,38.94868,38.07887,40.24922,38.07887,37.21559,38.01316,37.01351,36.89173,36.61967,38.94868,37.57659,41.04875,36.89173,35.8469,38.47077,36.67424,38.47077,33.61547,33.10589,34.17601,38.07887,32.24903,34.20526,31.04835,30.08322,31.40064,25.17936,24.18677,26.1725,20.02498,22.09072,21.0,21.2132,19.10497,19.10497,43.93177,48.41487,46.61545,52.15362,50.77401,51.62364,55.4617,56.36488,59.5063,57.77543,60.74537,61.98387,68.30813,69.64194,68.88396,69.12308,71.58911,66.75328,70.71068,72.11103,70.25667,70.25667,69.26038,69.11584,69.02898,67.1193,65.12296,65.0,63.1981,69.0,57.0,66.0,62.1289,59.03389,61.03278,60.13319,57.21888,58.69412,62.80127,60.53098,61.52235,60.41523,67.08204,61.18823,58.46366,63.60031,61.61169,60.87693,61.39218,67.74216,61.81424,66.09841,61.18823,56.51548,66.91039,66.75328,61.0
9.21954,9.21954,8.06226,9.21954,8.24621,8.24621,7.07107,7.07107,7.07107,7.07107,7.07107,7.07107,7.07107,7.0,7.0,7.0,7.0,6.0,7.07107,7.07107,6.08276,7.07107,6.0,7.07107,7.07107,6.08276,6.08276,6.08276,7.07107,6.0,6.08276,7.07107,7.0,6.0,6.0,6.08276,6.08276,6.08276,6.08276,5.09902,5.38516,5.38516,5.38516,4.47214,4.47214,3.60555,3.60555,4.47214,3.60555,3.60555,3.60555,2.82843,57.42822,52.7731,54.3783,48.8774,50.11986,52.83938,43.56604,49.73932,42.63801,44.10215,40.80441,47.43416,41.23106,46.40043,39.69887,38.8973,39.62323,38.8973,39.59798,38.28838,39.05125,37.53665,35.4683,41.03657,36.79674,38.28838,36.87818,37.21559,36.12478,37.20215,34.82815,36.23534,37.20215,39.82462,33.6006,39.05125,36.40055,39.69887,36.06938,35.38361,32.55764,31.40064,34.82815,33.42155,32.24903,28.63564,27.73085,28.84441,22.80351,23.76973,25.94224,23.4094,26.41969,22.36068,17.46425,18.68154,20.22375,45.17743,50.77401,48.25971,53.60037,49.67897,54.20332,48.83646,53.8145,58.69412,60.1415,61.6198,60.959,67.26812,66.21933,65.60488,66.03787,67.23095,67.74216,70.71068,69.31811,69.77822,70.77429,65.39113,68.02941,68.15424,69.07966,64.19502,64.84597,62.29767,63.15853,60.53924,64.2573,57.00877,56.64804,55.03635,55.54278,55.9464,59.94164,58.59181,56.60389,56.93856,55.75841,61.91123,61.29437,60.53924,58.83026,58.5235,56.60389,59.64059,63.28507,60.80296,60.0,63.63175,58.30952,59.07622,60.90156,57.68882
10.19804,9.21954,9.21954,9.21954,9.21954,9.21954,8.24621,8.24621,8.24621,8.24621,8.24621,8.24621,7.28011,7.28011,7.28011,7.61577,7.61577,7.61577,7.61577,6.7082,7.61577,7.61577,7.61577,6.7082,7.61577,7.61577,7.61577,7.61577,7.61577,7.61577,6.32456,6.32456,7.28011,6.32456,7.28011,7.28011,7.07107,6.08276,6.08276,6.08276,6.0,6.0,6.0,5.0,5.0,5.09902,5.09902,5.09902,4.12311,4.12311,4.12311,4.47214,56.0357,55.0,52.00961,52.00961,48.01042,51.22499,48.60041,45.22168,47.70744,40.81666,43.41659,44.10215,45.17743,40.24922,40.81666,42.48529,39.35734,39.82462,41.14608,38.48376,41.62932,39.35734,34.48188,38.07887,36.71512,33.61547,39.84972,39.56008,36.05551,39.81206,36.68787,42.15448,37.0,41.4367,33.52611,34.9285,34.43835,37.21559,34.0,42.04759,35.34119,38.01316,33.28663,32.55764,32.01562,28.42534,30.41381,27.58623,26.24881,24.08319,22.67157,26.07681,23.34524,20.24846,17.0,19.69772,18.97367,50.0,51.15662,52.15362,52.7731,51.1957,50.44799,51.92302,55.36244,61.68468,64.84597,62.03225,63.69458,67.41662,69.77822,69.46222,70.17834,72.94518,68.50547,69.33974,69.06519,70.21396,73.75636,66.70832,66.48308,67.20863,68.0147,64.3506,67.89698,62.96825,64.38167,60.82763,63.03174,56.85068,58.89822,60.87693,57.48913,58.00862,57.62812,58.24946,57.98276,62.80127,55.22681,55.9464,64.07027,58.66856,57.45433,60.82763,60.53924,62.26556,62.68174,60.53924,62.64982,62.26556,60.74537,60.46487,61.91123,61.03278
8.94427,8.94427,8.94427,9.84886,8.94427,8.94427,8.06226,8.06226,8.06226,8.06226,8.06226,8.06226,8.06226,7.2111,7.2111,7.81025,7.81025,7.81025,7.81025,7.81025,7.81025,7.81025,7.07107,7.07107,7.81025,7.07107,7.07107,7.81025,7.81025,7.07107,7.81025,7.81025,7.81025,7.2111,7.2111,6.40312,7.2111,6.7082,6.7082,6.7082,5.38516,5.38516,5.38516,5.38516,4.47214,4.12311,4.12311,4.12311,4.12311,4.0,4.0,3.0,59.16925,63.13478,56.36488,55.03635,56.79789,53.7122,55.47071,52.7731,50.08992,45.18849,46.23851,47.16991,51.26402,47.75982,43.46263,48.10405,45.88028,49.0408,46.32494,46.09772,43.93177,45.70558,43.41659,40.4475,42.42641,45.89118,42.19005,45.39824,44.28318,44.55334,43.41659,43.17407,45.89118,43.41659,44.91102,42.2019,44.14748,41.97618,42.2019,40.5216,42.44997,36.68787,39.56008,39.21734,38.47077,32.69557,31.90611,30.8707,26.62705,24.59675,29.15476,26.07681,25.0,28.01785,26.1725,22.67157,24.41311,46.38965,45.01111,48.01042,49.09175,49.36598,48.25971,50.80354,51.41984,56.921,61.13101,56.61272,63.90618,62.03225,68.35203,63.95311,64.49806,66.37017,67.23095,63.00794,68.8186,69.33974,70.60453,67.47592,61.07373,64.3506,62.96825,62.24147,60.1415,61.52235,59.46427,55.17246,57.48913,55.22681,54.81788,55.60576,56.0803,52.63079,57.00877,58.89822,59.07622,54.91812,53.53504,52.47857,57.70615,55.07268,53.22593,54.12024,57.69749,60.82763,61.58734,59.05929,60.03332,60.53924,56.4358,59.68249,59.03389,66.24198
10.0,10.0,10.0,10.0,10.0,9.21954,9.21954,9.21954,9.21954,8.48528,9.21954,8.48528,8.48528,8.48528,7.81025,9.21954,7.81025,9.21954,7.81025,8.60233,7.81025,7.81025,8.60233,8.60233,8.60233,8.60233,8.60233,8.60233,7.81025,9.21954,7.81025,7.81025,7.81025,7.81025,7.81025,7.81025,7.81025,6.40312,6.40312,6.40312,6.7082,5.83095,5.83095,5.83095,5.83095,4.47214,4.47214,4.47214,4.47214,4.12311,4.12311,3.16228,61.39218,57.31492,63.63961,57.00877,55.14526,51.0098,52.08647,52.15362,51.15662,47.26521,50.01,46.04346,50.0,50.0,49.0,48.50773,49.09175,47.38143,46.38965,43.41659,46.52956,46.27094,45.70558,43.56604,42.42641,42.2019,42.19005,46.69047,44.91102,42.44997,42.95346,50.21952,41.4367,44.91102,40.60788,44.18144,42.29657,41.19466,39.01282,42.0,40.04997,44.0,37.12142,37.05401,36.49658,38.11824,35.35534,31.257,28.86174,30.80584,30.67572,26.24881,21.58703,19.31321,26.0,22.82542,23.32381,44.41846,43.82921,44.94441,52.39275,49.33559,49.98,49.33559,52.20153,55.31727,52.7731,57.87055,59.68249,66.91039,67.36468,64.0,64.03124,70.11419,63.50591,69.46222,66.09841,66.28725,69.42622,66.70832,64.53681,67.35726,68.68042,60.44005,62.29767,59.80803,61.13101,58.69412,59.90826,56.75385,57.56735,63.06346,58.46366,55.7315,55.10898,51.78803,58.54912,56.32051,56.4358,59.13544,58.13777,61.20457,59.21149,58.85576,60.07495,60.07495,60.13319,61.07373,62.00806,64.12488,58.21512,62.00806,64.28063,64.28063
9.84886,9.84886,9.48683,9.48683,9.48683,8.544,8.544,8.544,8.544,8.24621,8.24621,8.24621,8.24621,8.06226,7.28011,8.06226,7.07107,8.06226,7.07107,7.07107,7.07107,7.07107,7.07107,7.0,8.06226,7.07107,7.07107,8.06226,7.07107,7.07107,7.07107,7.07107,7.07107,7.28011,6.32456,6.32456,6.32456,6.7082,6.32456,5.38516,5.83095,5.83095,5.83095,5.0,5.0,4.24264,4.24264,4.24264,4.24264,4.24264,3.60555,3.60555,55.9464,56.64804,58.69412,58.87274,51.47815,52.0,49.1935,52.92447,46.52956,48.30114,46.32494,46.32494,49.92995,42.54409,42.95346,43.04649,46.14109,43.60046,44.20407,42.43819,46.2277,39.40812,40.31129,42.44997,39.59798,41.7732,42.80187,43.18565,43.60046,40.60788,43.82921,44.04543,38.28838,41.01219,41.03657,38.28838,41.7732,36.79674,38.41875,36.05551,35.35534,35.8469,35.77709,33.10589,35.77709,31.7805,32.01562,30.67572,25.29822,24.73863,28.4605,25.96151,23.4094,21.0238,22.0,21.37756,19.0263,41.88078,41.40048,45.0,48.16638,47.38143,49.49747,47.38143,50.93133,54.81788,54.08327,57.14018,58.59181,64.00781,63.50591,64.40497,65.0,66.48308,66.7308,62.62587,66.12866,64.28841,65.73431,66.09841,60.67125,65.49046,65.62012,62.07254,64.38167,61.20457,60.53098,55.3263,55.10898,57.48913,55.31727,56.51548,57.72348,53.36666,58.94065,55.7315,57.97413,59.20304,58.5235,58.18935,62.03225,58.18075,53.31041,58.18075,60.92618,59.9333,60.83584,58.5235,64.2573,68.70953,59.77458,60.72891,65.30697,62.62587
10.29563,10.29563,10.29563,10.29563,10.29563,9.84886,9.84886,9.84886,9.84886,8.94427,9.84886,9.48683,8.544,8.544,8.544,9.48683,8.24621,8.24621,8.24621,8.24621,8.544,8.24621,8.24621,8.24621,8.544,8.24621,8.24621,8.544,8.544,8.24621,7.61577,7.61577,7.61577,7.61577,7.61577,7.61577,8.06226,7.2111,6.40312,6.40312,6.40312,6.40312,5.65685,5.65685,5.65685,5.0,5.65685,5.0,5.0,4.47214,4.47214,4.47214,67.44627,56.56854,60.63827,54.57105,52.63079,50.69517,48.76474,52.20153,47.43416,50.69517,43.08132,42.95346,44.01136,43.65776,43.08132,43.86342,44.59821,43.86342,45.31004,39.35734,46.32494,41.18252,42.54409,41.67733,43.38202,41.59327,38.94868,41.6173,40.71855,43.82921,37.58989,42.05948,36.23534,39.82462,38.01316,41.62932,41.10961,38.07887,40.31129,36.24914,37.16181,29.12044,34.52535,32.55764,32.55764,27.16616,31.40064,31.14482,26.68333,23.08679,24.0,24.0,20.09975,19.31321,19.10497,20.39608,15.81139,42.52058,48.83646,43.13931,50.47772,44.20407,51.62364,51.31277,51.97115,57.3062,56.93856,59.09315,63.97656,62.03225,63.69458,68.30813,66.48308,69.26038,66.91039,71.02112,70.45566,69.35416,69.72087,65.37584,70.0,68.06614,66.06815,65.06919,67.00746,64.00781,66.0303,57.07889,65.12296,59.13544,60.00833,61.29437,60.53098,59.07622,59.3043,60.40695,64.49806,63.78871,58.85576,67.91171,59.90826,61.39218,58.85576,61.18823,63.06346,60.20797,63.15061,65.0,66.48308,69.42622,56.32051,61.39218,66.70832,61.84658
9.84886,9.48683,8.544,9.48683,8.544,8.544,8.24621,8.24621,8.24621,7.28011,7.28011,7.28011,8.24621,7.07107,7.07107,7.07107,7.07107,7.07107,7.07107,7.07107,7.07107,7.0,6.08276,7.0,7.07107,7.07107,7.07107,7.07107,7.07107,6.08276,7.07107,7.07107,7.07107,6.32456,6.32456,5.38516,5.38516,5.38516,5.83095,5.83095,5.0,5.0,5.0,4.24264,4.24264,4.24264,4.24264,4.24264,3.60555,3.60555,3.60555,3.16228,58.21512,54.00926,59.03389,56.7186,53.75872,54.33231,51.35173,55.7315,43.56604,50.48762,45.70558,46.09772,44.38468,45.31004,41.23106,45.60702,43.32436,39.92493,43.86342,42.05948,42.04759,39.0,42.94182,42.04759,38.07887,42.05948,38.62642,40.70626,40.81666,39.39543,40.31129,38.91015,38.01316,39.96248,34.43835,38.91015,39.92493,38.01316,37.0,36.40055,37.36308,32.57299,35.51056,29.42788,28.44293,29.06888,24.08319,27.45906,25.01999,27.0,23.19483,23.19483,22.56103,18.24829,19.41649,18.68154,15.23155,41.4367,48.38388,44.27189,48.76474,48.83646,49.24429,48.50773,52.34501,55.7315,53.46027,59.03389,60.0,64.00781,64.07027,70.17834,63.3877,71.34424,67.47592,70.85901,70.40597,66.21933,69.42622,66.48308,69.92138,68.68042,68.68042,65.14599,70.83784,62.29767,67.91171,58.87274,67.91171,57.48913,58.94065,63.56099,60.41523,53.60037,59.68249,59.5399,62.1289,58.13777,59.03389,62.28965,59.07622,62.00806,62.1289,61.0,66.0303,61.52235,60.20797,62.03225,63.1981,65.00769,61.07373,65.27634,66.1211,63.1981
10.04988,10.04988,10.19804,10.04988,9.05539,9.05539,9.21954,9.21954,9.21954,8.24621,9.21954,8.24621,8.24621,8.24621,8.24621,8.544,7.61577,8.544,7.61577,7.61577,7.61577,7.61577,7.61577,7.61577,7.61577,7.61577,7.61577,7.61577,7.61577,7.61577,7.28011,7.28011,7.28011,7.28011,7.28011,7.28011,7.07107,6.0,6.0,6.0,6.0,6.0,5.0,5.0,5.0,5.09902,5.09902,4.12311,4.12311,4.12311,4.12311,4.47214,56.0357,55.80323,58.82176,53.85165,54.70832,52.35456,49.73932,51.62364,47.41308,45.65085,45.27693,44.72136,46.06517,41.23106,42.15448,39.84972,45.31004,43.01163,38.62642,37.94733,45.89118,39.62323,36.68787,39.21734,38.27532,37.0,37.94733,43.17407,40.79216,39.31921,42.44997,38.60052,38.62642,37.94733,37.64306,34.9285,35.4683,36.40055,36.24914,31.01612,35.35534,32.20248,31.90611,30.52868,27.01851,28.30194,28.3196,26.90725,26.90725,19.79899,22.02272,21.2132,18.86796,19.69772,16.55295,15.0,17.49286,45.12206,43.68066,43.9659,48.8467,49.76947,48.75449,49.64877,53.7122,55.47071,55.9464,57.98276,60.20797,63.28507,66.0303,64.03124,63.03174,69.52697,67.94115,68.76772,67.94115,66.8431,70.43437,70.83784,68.76772,69.6563,65.8559,65.60488,65.21503,59.20304,62.00806,60.959,60.44005,64.07027,59.46427,60.87693,60.1415,56.56854,61.7171,60.959,61.40033,60.20797,62.00806,62.20129,65.80274,63.25346,62.00806,61.29437,63.24555,61.61169,62.96825,62.1289,60.90156,61.29437,62.76942,67.42403,64.89992,61.85467
10.0,10.0,10.0,10.0,9.0,9.0,9.05539,9.05539,9.05539,8.06226,8.06226,8.06226,8.06226,8.06226,8.06226,8.24621,8.24621,7.28011,7.28011,7.28011,7.28011,7.28011,7.28011,7.28011,7.28011,7.28011,7.61577,7.28011,7.28011,7.28011,7.07107,7.28011,7.07107,7.07107,7.07107,7.07107,7.07107,6.0,6.0,6.0,6.0,6.0,5.09902,5.09902,5.09902,5.09902,5.09902,4.12311,4.12311,4.47214,4.47214,4.47214,55.9464,56.0803,56.82429,55.00909,53.85165,51.47815,46.14109,53.85165,49.39636,49.92995,46.40043,46.2277,45.60702,45.60702,39.82462,43.18565,43.18565,43.27817,41.72529,38.94868,42.42641,43.84062,39.05125,35.38361,40.31129,43.18565,35.80503,38.94868,36.12478,39.82462,35.60899,37.53665,33.24154,37.53665,34.82815,34.05877,38.28838,38.18377,34.4093,35.38361,32.01562,35.60899,28.6531,30.88689,29.06888,28.6531,26.41969,26.40076,26.40076,23.76973,22.47221,18.78829,18.24829,19.0263,20.0,20.09975,19.0263,46.40043,48.41487,41.88078,50.60632,48.37355,54.20332,52.7731,55.9017,56.85948,56.0803,59.61543,63.90618,67.23095,66.21933,68.68042,65.11528,71.38627,69.42622,72.56721,67.36468,71.44928,72.1734,67.47592,72.44308,68.02941,70.17834,65.03076,71.06335,66.00758,65.00769,62.28965,64.00781,60.40695,60.53098,61.98387,59.84146,57.72348,58.69412,61.03278,60.40695,66.09841,60.40695,61.09828,64.62198,63.32456,61.40033,59.61543,61.32699,61.7171,60.37384,64.40497,66.7308,62.17717,60.92618,63.95311,63.06346,63.95311
8.544,8.544,8.544,8.544,7.61577,7.28011,7.61577,6.7082,6.7082,6.7082,6.7082,6.7082,6.7082,6.7082,6.7082,6.40312,5.83095,5.83095,6.40312,6.40312,5.83095,6.40312,5.83095,6.40312,6.40312,6.40312,5.83095,5.83095,5.83095,5.83095,5.83095,5.83095,5.83095,5.83095,5.38516,5.38516,5.38516,5.09902,5.09902,4.12311,4.12311,4.12311,4.0,3.0,3.0,3.0,3.0,3.0,3.16228,3.16228,2.23607,2.23607,53.48832,53.22593,56.64804,52.80152,55.03635,47.01064,51.62364,50.0,48.70318,44.92215,43.65776,43.41659,46.57252,44.38468,42.44997,41.97618,43.28972,42.42641,38.32754,37.65634,43.10452,42.10701,39.01282,39.20459,38.32754,40.11234,40.1995,43.10452,39.20459,40.31129,38.20995,34.9285,44.55334,39.11521,35.51056,35.90265,38.07887,37.36308,34.20526,31.32092,32.57299,33.24154,33.61547,31.7805,30.88689,28.84441,26.40076,25.55386,21.63331,20.61553,20.80865,19.79899,21.26029,23.43075,19.20937,21.40093,17.20465,44.40721,43.01163,47.16991,50.01,51.97115,50.44799,52.88667,54.40588,56.0803,60.00833,59.61543,64.07808,64.88451,63.95311,66.24198,67.41662,64.41273,70.72482,69.33974,69.2026,67.62396,67.47592,70.29225,68.11755,67.26812,68.24954,63.70243,63.65532,63.03174,64.44377,59.5483,62.482,60.959,60.44005,58.41233,57.80138,59.36329,60.21628,58.5235,60.03332,58.59181,59.03389,58.18075,61.32699,58.13777,57.70615,61.46544,62.64982,59.61543,60.83584,59.5063,59.61543,58.69412,60.83584,60.00833,60.83584,62.76942
8.0,8.0,8.06226,8.0,8.0,7.0,7.07107,7.07107,7.07107,7.07107,7.07107,7.07107,7.28011,6.08276,6.08276,6.32456,6.32456,6.32456,6.32456,6.32456,6.32456,6.32456,6.32456,6.32456,6.32456,6.32456,6.32456,6.32456,6.32456,5.09902,6.08276,6.08276,6.08276,6.08276,5.0,5.0,5.0,5.0,5.0,5.09902,4.12311,4.12311,4.12311,4.12311,3.16228,3.16228,3.60555,3.60555,3.60555,3.60555,2.82843,2.82843,58.69412,55.9017,55.86591,50.93133,55.86591,50.93133,47.42362,48.16638,46.40043,45.45327,45.27693,50.47772,47.63402,44.20407,42.2019,41.04875,43.56604,44.10215,41.67733,39.20459,44.41846,40.70626,41.78516,39.82462,36.23534,40.70626,38.91015,38.91015,39.81206,37.12142,34.48188,39.44617,35.8469,38.94868,34.88553,38.07887,34.0147,35.51056,33.83785,32.55764,31.89044,31.89044,33.24154,31.1127,32.55764,28.84441,26.62705,23.85372,25.94224,22.36068,19.69772,23.76973,20.24846,20.24846,17.72005,18.02776,18.43909,47.01064,50.11986,44.77723,53.25411,48.01042,53.2635,53.15073,54.56189,60.10824,58.72819,60.1415,62.96825,68.76772,68.11755,65.80274,62.96825,73.78347,64.3506,69.89278,69.83552,71.58911,71.55418,68.02941,68.942,68.15424,69.35416,68.70953,67.23095,65.55151,67.1193,57.24509,63.07139,58.13777,56.79789,59.16925,61.26989,55.47071,58.5235,59.36329,58.00862,66.21933,54.67175,60.20797,57.48913,58.69412,52.34501,59.39697,59.4138,60.1415,57.28001,62.93648,61.52235,60.81118,56.85068,63.03174,64.38167,60.81118
9.21954,9.21954,8.48528,9.21954,8.48528,8.48528,8.48528,8.48528,8.48528,7.81025,7.81025,7.81025,7.81025,7.2111,7.2111,7.81025,7.2111,7.2111,6.7082,6.7082,7.2111,7.2111,7.2111,6.7082,7.2111,7.2111,7.2111,7.2111,7.2111,7.2111,6.40312,6.40312,6.40312,6.40312,6.40312,5.65685,5.65685,5.65685,5.65685,5.0,5.0,5.0,5.0,4.47214,4.47214,3.60555,3.60555,3.60555,3.16228,3.16228,3.16228,3.16228,57.69749,54.626,55.7853,54.40588,53.15073,54.70832,46.52956,49.47727,43.17407,47.07441,47.80167,41.48494,46.17359,41.4367,41.30375,41.10961,43.04649,40.0125,39.05125,38.01316,42.10701,41.04875,39.11521,40.11234,37.05401,36.05551,38.11824,38.47077,36.0,39.20459,38.32754,36.34556,35.35534,36.01389,37.05401,37.01351,35.0571,33.06055,36.05551,33.01515,33.0,32.38827,34.71311,30.59412,28.86174,31.257,28.16026,24.35159,24.04163,24.04163,23.4094,23.4094,19.31321,21.09502,16.12452,18.60108,22.80351,47.43416,45.31004,50.9902,52.35456,52.47857,52.7731,53.23533,56.4358,60.53924,58.66856,65.21503,64.40497,70.21396,66.0303,67.94115,68.0147,75.74299,67.20863,71.50524,73.59348,73.59348,75.69016,72.18033,69.31089,70.83784,70.0928,66.21933,66.6033,62.482,66.6033,62.24147,63.70243,66.52819,57.98276,61.7171,57.38467,55.44367,56.85948,56.0357,57.45433,59.68249,59.5399,59.5399,59.9333,62.16912,59.48109,62.17717,59.09315,59.23681,59.48109,56.46238,61.98387,64.62198,57.58472,63.69458,64.19502,61.32699
10.0,10.0,10.0,10.0,10.0,9.21954,9.21954,8.48528,8.48528,8.48528,8.48528,8.48528,8.48528,8.48528,8.48528,7.81025,7.81025,7.81025,7.81025,7.81025,7.81025,7.81025,7.81025,7.81025,7.81025,7.81025,7.81025,7.81025,7.81025,7.81025,7.07107,7.81025,7.07107,7.81025,7.07107,7.07107,6.40312,7.2111,6.7082,6.7082,5.83095,5.83095,5.38516,5.83095,5.38516,4.47214,4.47214,4.12311,4.12311,4.12311,4.12311,4.12311,54.91812,49.39636,55.15433,52.7731,51.89412,45.18849,51.42956,47.85394,44.94441,43.32436,43.08132,41.48494,41.23106,40.8534,41.0,39.45884,45.35416,41.97618,37.33631,36.49658,37.33631,36.49658,39.05125,36.01389,36.34556,36.34556,33.37664,36.34556,40.4475,34.36568,35.22783,38.0526,34.05877,37.33631,37.33631,36.12478,34.23449,34.52535,33.37664,32.55764,30.80584,31.95309,33.24154,31.7805,28.4605,25.07987,29.52965,30.41381,22.47221,22.2036,21.09502,19.41649,19.20937,19.20937,21.2132,16.27882,15.26434,47.01064,51.42956,50.08992,51.97115,55.9464,55.47071,55.80323,57.80138,65.21503,63.60031,63.89053,65.19202,69.6563,73.66139,74.95332,68.24954,72.34639,70.72482,73.0,72.24957,72.00694,74.06079,71.61006,71.02816,72.71864,71.02816,70.49113,67.42403,63.82006,68.88396,63.12686,65.43699,61.07373,60.44005,62.62587,60.10824,58.79626,57.28001,60.20797,57.62812,62.482,57.80138,60.21628,62.68174,59.90826,57.80138,61.91123,62.1289,64.41273,55.75841,58.30952,59.9333,61.29437,58.83026,60.37384,63.52952,63.06346
8.544,8.544,8.24621,8.544,8.24621,7.28011,7.28011,7.28011,7.28011,7.07107,7.28011,7.07107,7.07107,7.07107,7.07107,7.07107,7.07107,6.08276,6.0,6.0,6.08276,6.0,6.08276,6.0,6.0,6.08276,6.08276,6.08276,6.08276,6.08276,6.08276,6.08276,6.08276,6.08276,5.38516,5.38516,5.38516,5.38516,5.38516,5.38516,5.0,5.0,5.0,4.24264,4.24264,4.24264,3.60555,3.60555,3.60555,3.60555,3.60555,3.16228,55.97321,51.66237,54.70832,53.45091,48.38388,46.23851,42.54409,50.32892,44.77723,48.75449,43.08132,42.04759,44.28318,41.18252,39.82462,39.44617,43.60046,41.18252,36.35932,36.61967,39.96248,39.11521,38.20995,35.80503,33.28663,36.40055,35.22783,38.94868,36.23534,36.40055,40.0,38.01316,35.60899,40.60788,33.01515,33.61547,38.60052,34.1321,34.43835,34.78505,30.41381,32.31099,28.23119,32.69557,28.4605,25.4951,27.45906,25.0,22.09072,24.08319,22.02272,20.02498,22.02272,17.0,17.0,15.81139,15.81139,49.39636,50.11986,46.06517,56.0803,53.14132,54.40588,56.75385,56.08921,63.56099,59.20304,61.98387,64.13267,68.44706,71.44928,69.18092,67.18631,70.17834,70.02857,71.02816,74.33034,69.06519,73.24616,67.47592,68.73136,69.58448,69.46222,66.91039,68.88396,61.13101,65.19202,59.21149,60.20797,60.20797,62.03225,60.00833,59.13544,55.08176,60.03332,59.3043,58.54912,60.29925,57.70615,59.5399,60.20797,56.56854,56.51548,56.08921,58.69412,59.20304,58.24946,58.94065,59.48109,63.34824,55.54278,62.64184,59.80803,60.08328
8.94427,8.544,8.544,7.61577,7.61577,7.61577,7.28011,7.28011,7.28011,7.28011,7.28011,7.07107,7.28011,7.07107,6.08276,7.07107,6.0,7.0,6.08276,6.08276,6.08276,6.0,6.08276,6.0,6.08276,6.0,6.0,7.07107,6.0,6.0,6.08276,6.08276,6.08276,6.08276,6.08276,6.08276,5.09902,5.38516,4.47214,4.47214,4.47214,4.47214,4.47214,3.60555,3.60555,3.60555,3.60555,2.82843,2.82843,2.82843,2.82843,2.23607,55.31727,58.5235,51.24451,51.86521,53.45091,47.29693,52.81098,46.84015,41.4367,43.08132,44.28318,43.38202,43.82921,43.38202,39.35734,42.19005,40.81666,41.6173,40.49691,39.66106,42.52058,39.20459,37.80212,37.01351,40.0,35.4683,36.40055,34.4093,37.01351,36.12478,37.80212,37.80212,40.0,38.60052,34.4093,35.35534,38.83298,34.66987,38.94868,34.98571,33.12099,30.52868,32.31099,28.4605,23.76973,27.20294,26.92582,25.29822,24.08319,21.09502,23.19483,19.64688,24.02082,22.02272,20.22375,17.26268,14.03567,51.47815,47.53946,49.98,52.39275,52.88667,54.34151,56.7186,57.07013,59.43904,60.67125,60.82763,66.37017,69.26038,69.11584,68.00735,67.06713,69.02898,73.43705,71.11259,68.46897,72.44308,73.82412,73.34848,67.91171,67.46851,70.21396,67.91171,63.32456,65.73431,64.93843,58.69412,63.63961,59.68249,56.22277,63.07139,62.03225,57.00877,59.00847,58.07753,60.13319,59.13544,59.5399,59.03389,62.80127,57.48913,61.81424,57.87055,56.51548,60.87693,61.0,60.20797,56.32051,61.13101,57.48913,59.43904,59.77458,60.67125
9.43398,9.43398,8.60233,9.43398,8.60233,8.60233,8.60233,8.60233,8.60233,7.81025,7.81025,7.81025,7.81025,7.81025,7.07107,7.07107,7.07107,7.07107,7.07107,7.07107,7.07107,7.07107,7.07107,6.40312,6.40312,7.07107,7.07107,6.40312,7.07107,7.07107,7.07107,6.40312,6.40312,6.40312,6.40312,6.40312,5.83095,5.83095,5.83095,5.83095,5.38516,5.38516,5.38516,5.38516,5.09902,5.09902,5.09902,4.12311,4.12311,4.0,4.0,4.0,54.626,56.32051,50.69517,49.0408,52.39275,47.53946,50.21952,48.6621,44.91102,42.75512,45.27693,42.44997,43.18565,42.19005,42.19005,39.01282,40.04997,35.0,33.01515,40.0,42.04759,37.0,36.22154,38.32754,35.22783,36.0,40.11234,39.45884,33.24154,38.63936,33.01515,37.01351,37.12142,34.0147,36.01389,30.01666,35.01428,32.0,31.14482,36.49658,32.75668,30.80584,29.83287,28.63564,28.79236,26.24881,26.57066,27.85678,26.40076,23.70654,19.72308,22.82542,20.80865,16.40122,17.69181,19.84943,15.81139,50.63596,48.37355,51.41984,49.47727,52.20153,53.85165,56.46238,58.60034,60.00833,63.07139,63.07139,65.29931,67.54258,65.8635,66.28725,73.24616,71.28113,74.8131,71.84706,68.76772,73.0,73.0,75.00667,72.24957,71.42129,71.21798,66.70832,65.06919,64.3506,63.65532,63.12686,61.7171,59.4138,63.25346,62.62587,63.00794,62.1289,58.18075,59.5399,55.9464,60.37384,60.16644,60.53924,59.23681,57.27128,57.24509,56.64804,60.74537,56.921,60.72891,59.13544,60.44005,58.30952,60.40695,62.36185,61.98387,57.87055
9.21954,8.24621,8.24621,8.24621,8.24621,7.28011,7.61577,7.61577,7.61577,7.28011,7.61577,7.61577,6.7082,6.7082,6.7082,7.2111,6.7082,6.7082,5.83095,6.7082,6.7082,6.7082,6.7082,5.83095,6.7082,6.7082,7.2111,6.7082,5.83095,6.7082,5.83095,5.83095,5.83095,5.38516,6.32456,6.32456,6.32456,5.09902,5.09902,5.09902,5.09902,5.09902,4.0,4.0,4.0,4.0,4.0,3.0,3.0,3.0,3.16228,3.16228,54.6443,51.47815,56.4358,51.97115,49.64877,54.12024,45.17743,53.23533,39.35734,47.92703,42.15448,44.77723,46.61545,41.4367,43.86342,41.76123,37.33631,39.84972,41.23106,37.36308,44.55334,32.24903,41.0,39.29377,36.49658,36.87818,35.90265,41.0,36.13862,38.83298,32.55764,41.7732,34.52535,40.02499,35.69314,40.16217,35.90265,31.32092,32.69557,36.40055,33.10589,33.10589,27.29469,29.68164,32.75668,28.84441,29.20616,26.90725,28.42534,25.4951,24.83948,23.02173,17.69181,19.79899,20.24846,22.36068,15.81139,45.60702,51.5461,44.59821,57.77543,47.85394,55.9464,53.66563,59.03389,59.16925,53.33854,66.28725,67.42403,68.60029,71.06335,73.10951,65.76473,75.00667,67.26812,77.07788,72.62231,72.34639,69.52697,66.8431,70.43437,69.06519,68.24954,67.42403,69.40461,60.80296,69.02898,55.60576,68.41053,63.12686,57.31492,60.20797,58.72819,55.31727,60.10824,55.17246,59.46427,64.03124,55.21775,58.83026,55.47071,60.80296,56.85948,60.03332,61.29437,61.58734,58.66856,60.53924,61.29437,66.03787,54.20332,60.82763,61.91123,56.93856
8.24621,8.24621,8.24621,8.24621,8.24621,7.28011,7.07107,7.07107,7.07107,7.07107,7.07107,7.07107,7.0,7.0,6.0,7.0,6.0,6.0,6.0,6.0,6.0,6.0,6.0,6.08276,6.0,6.0,6.0,6.0,6.0,6.0,6.0,6.0,6.0,6.08276,5.09902,5.09902,5.09902,5.09902,5.09902,5.09902,4.47214,4.47214,4.47214,3.60555,3.60555,3.60555,3.60555,3.60555,3.60555,2.82843,2.82843,3.60555,52.15362,51.10773,50.60632,49.92995,51.86521,51.10773,47.01064,49.64877,42.80187,44.65423,44.20407,43.26662,42.43819,42.52058,41.10961,38.8973,41.7732,41.03657,38.94868,38.28838,43.18565,38.28838,41.04875,39.11521,36.79674,39.05125,34.65545,36.89173,36.23534,37.01351,41.6173,38.8973,34.20526,34.82815,36.79674,31.89044,34.20526,36.06938,37.48333,32.64966,34.82815,33.42155,29.73214,29.83287,28.6007,30.23243,28.84441,24.59675,21.54066,21.18962,25.29822,19.31321,24.35159,17.46425,20.39608,19.10497,18.11077,46.40043,46.87217,47.88528,51.62364,50.60632,50.56679,56.46238,57.00877,62.03225,57.38467,61.35145,63.24555,70.2282,65.52099,68.41053,70.21396,72.56721,67.74216,71.19691,68.73136,70.25667,72.1734,69.18092,71.25307,66.0303,68.18358,67.02984,66.00758,62.03225,65.06919,60.07495,60.07495,58.13777,58.42089,61.40033,58.69412,58.24946,58.69412,56.75385,64.51356,58.5235,57.24509,59.77458,62.24147,57.58472,60.83584,55.9017,59.61543,55.54278,60.41523,58.59181,60.20797,63.15853,58.18075,60.53924,64.88451,59.5399
8.94427,8.94427,8.94427,8.94427,8.06226,8.06226,7.2111,7.2111,7.2111,7.2111,7.2111,6.40312,7.81025,7.07107,6.40312,7.07107,7.07107,7.07107,7.07107,7.07107,7.07107,7.07107,5.65685,6.40312,7.07107,6.40312,6.40312,7.07107,7.07107,5.65685,6.40312,6.40312,6.40312,6.40312,5.83095,5.83095,5.83095,5.83095,5.38516,5.38516,4.47214,4.47214,4.12311,4.12311,4.12311,4.12311,4.12311,4.0,3.0,3.0,3.0,3.0,56.79789,55.15433,52.20153,46.61545,52.20153,49.0408,47.75982,50.28916,50.28916,39.56008,44.38468,40.79216,45.70558,42.72002,39.56008,41.19466,41.97618,42.29657,42.0119,40.0125,43.10452,40.1995,37.01351,39.0,39.05125,39.11521,38.20995,41.01219,39.01282,41.04875,35.12834,38.01316,38.0,42.0119,35.01428,38.01316,40.0,38.20995,39.62323,33.37664,35.17101,32.01562,34.20526,31.32092,33.61547,26.83282,25.94224,29.06888,23.70654,21.54066,23.70654,21.09502,25.05993,17.46425,25.0,17.02939,14.42221,47.07441,47.12749,47.75982,48.08326,50.32892,48.46648,54.56189,53.7122,57.24509,57.80138,61.05735,61.05735,65.19202,67.95587,64.66065,69.52697,71.21798,69.35416,67.47592,69.29646,72.83543,75.66373,70.83784,68.76772,67.62396,68.0147,68.68042,65.19202,62.28965,66.48308,62.24147,65.05382,58.0517,60.20797,61.7171,60.20797,59.03389,59.03389,56.30275,59.64059,54.6443,59.03389,54.70832,64.88451,56.4358,55.36244,55.4617,55.9017,61.26989,60.82763,62.39391,60.41523,59.48109,55.71355,62.17717,64.62198,59.46427
10.0,9.0,10.0,9.0,9.0,8.0,8.06226,8.06226,8.06226,8.06226,8.06226,8.06226,8.06226,8.06226,7.07107,8.24621,7.28011,7.28011,7.28011,7.28011,7.28011,7.28011,7.28011,7.28011,7.28011,7.28011,7.28011,7.28011,7.28011,7.28011,7.28011,7.28011,7.07107,7.07107,6.08276,7.07107,6.0,6.0,6.0,6.0,5.0,5.0,5.0,4.0,5.09902,4.12311,4.12311,4.12311,4.12311,4.12311,3.16228,3.16228,58.72819,55.22681,54.56189,53.15073,45.96738,48.27007,50.0,48.16638,44.04543,43.27817,46.09772,43.60046,46.04346,44.82187,41.04875,41.88078,39.81206,37.16181,39.66106,41.14608,39.81206,38.48376,35.73514,38.07887,39.0,40.71855,38.01316,39.0,39.39543,37.16181,38.91015,38.91015,34.88553,38.07887,36.24914,37.73592,37.12142,32.75668,35.51056,35.60899,33.6006,36.23534,34.20526,31.241,28.28427,30.4795,29.06888,25.4951,26.40076,27.01851,22.2036,21.09502,20.12461,20.12461,21.93171,20.39608,17.46425,46.09772,48.02083,45.48626,52.43091,51.22499,56.0357,53.41348,52.80152,57.48913,59.46427,65.76473,67.17887,68.68042,66.6033,68.76772,69.63476,73.24616,69.33974,72.71864,72.20111,72.47068,69.83552,72.94518,69.77822,68.44706,71.11962,65.39113,66.64833,67.54258,67.1193,61.77378,63.06346,61.40033,59.07622,63.28507,60.03332,59.64059,61.84658,59.40539,57.00877,58.0517,58.41233,58.25805,65.79514,58.13777,57.28001,63.63961,60.87693,60.87693,60.1415,63.65532,61.52235,60.82763,58.72819,65.79514,62.00806,62.482
8.94427,8.06226,8.60233,8.06226,8.06226,7.2111,7.81025,7.81025,7.2111,7.81025,7.07107,7.07107,7.07107,7.07107,6.40312,7.07107,6.40312,6.40312,6.40312,6.40312,6.40312,6.40312,6.40312,6.40312,6.40312,6.40312,6.40312,6.40312,6.40312,5.65685,5.65685,5.65685,5.65685,5.65685,5.65685,5.65685,5.0,5.83095,4.47214,4.47214,4.47214,4.47214,4.47214,4.12311,4.12311,3.16228,3.16228,3.16228,3.0,3.0,3.0,3.0,60.08328,59.48109,55.71355,53.45091,53.31041,52.20153,50.59644,54.12024,45.60702,43.9659,45.70558,44.40721,42.75512,43.17407,41.59327,44.18144,48.83646,44.72136,42.04759,41.30375,41.30375,42.42641,41.0,42.0119,39.11521,44.04543,38.01316,41.0,42.10701,40.0125,39.01282,36.05551,42.04759,43.10452,35.0,39.20459,38.01316,38.20995,39.45884,36.13862,33.24154,33.73426,33.73426,31.7805,34.48188,28.4605,29.96665,28.79236,26.41969,21.9545,22.80351,21.9545,21.47091,22.62742,20.51828,21.93171,18.43909,46.01087,47.26521,47.51842,53.93515,52.17279,53.60037,53.45091,55.08176,58.5235,58.30952,61.46544,67.23095,69.07966,68.8767,68.88396,68.26419,73.43024,72.94518,72.20111,72.67049,68.8186,74.33034,71.21798,70.29225,68.593,69.31089,67.89698,67.94115,64.38167,65.06919,58.0,66.6033,60.0,62.20129,62.68174,60.46487,56.60389,60.46487,58.83026,57.98276,64.14047,57.27128,61.26989,61.7414,57.27128,56.75385,55.65968,58.82176,63.32456,61.98387,64.4748,64.62198,63.56099,55.02727,66.12866,68.00735,63.56886
11.04536,10.04988,10.04988,10.04988,9.05539,10.04988,9.0,9.0,9.0,9.0,9.0,9.0,8.0,8.0,8.0,8.06226,8.06226,8.06226,8.06226,8.06226,8.06226,8.06226,8.06226,8.06226,8.06226,8.06226,8.06226,8.06226,8.06226,8.06226,7.0,7.0,7.0,7.0,8.0,7.0,7.0,6.08276,6.08276,6.08276,6.08276,6.08276,5.09902,6.08276,5.38516,5.38516,5.38516,4.47214,4.47214,4.47214,4.47214,4.47214,57.14018,52.15362,56.30275,52.15362,56.61272,52.43091,50.80354,48.01042,46.2277,48.25971,43.41659,46.01087,43.93177,42.63801,43.18565,45.96738,45.96738,42.44997,41.7732,40.31129,44.04543,38.94868,39.62323,38.18377,35.60899,40.45986,39.69887,37.64306,34.20526,41.34005,37.20215,39.69887,35.35534,39.20459,32.20248,39.62323,37.48333,36.12478,36.12478,33.97058,31.89044,36.79674,33.61547,31.06445,32.75668,30.52868,29.15476,24.69818,26.40076,23.70654,27.313,21.47091,18.02776,20.88061,21.09502,20.09975,20.09975,41.88078,44.20407,45.45327,48.9183,48.79549,50.91169,50.24938,55.22681,56.72742,57.00877,62.20129,63.24555,64.07027,66.88797,68.47627,64.84597,70.68239,68.54196,71.30919,68.70953,66.85058,70.2282,68.96376,68.68042,69.64194,67.18631,68.44706,68.88396,64.13267,61.84658,58.69412,60.87693,59.20304,60.44005,62.29767,55.02727,60.16644,58.18075,62.03225,57.77543,60.83584,56.0803,61.26989,61.7171,61.7414,58.82176,59.90826,63.00794,62.43397,61.40033,61.58734,65.45991,68.60029,57.42822,65.19202,64.14047,59.64059
9.84886,8.94427,8.94427,8.94427,8.94427,8.544,7.61577,8.544,8.544,7.28011,8.24621,7.28011,7.28011,7.28011,7.28011,8.06226,7.07107,7.07107,7.07107,7.07107,7.07107,7.07107,7.07107,7.07107,7.07107,7.0,7.07107,7.07107,7.07107,7.07107,6.08276,6.08276,6.32456,6.32456,6.08276,6.32456,6.32456,5.38516,5.38516,5.38516,4.47214,4.47214,4.47214,4.47214,4.47214,3.60555,3.60555,2.82843,2.82843,2.82843,2.82843,2.82843,62.39391,58.54912,53.36666,56.08921,52.95281,52.7731,49.81967,56.08921,50.01,46.84015,48.38388,44.92215,50.32892,43.17407,47.12749,42.54409,49.39636,45.22168,45.69464,43.65776,42.04759,40.24922,40.24922,39.96248,39.35734,42.04759,38.58756,39.82462,43.38202,39.44617,38.94868,40.31129,41.18252,38.48376,36.67424,41.14608,40.8534,41.78516,38.62642,34.43835,31.38471,33.24154,35.44009,35.73514,31.7805,32.55764,31.40064,30.14963,21.09502,24.33105,26.07681,20.0,24.02082,21.2132,20.02498,19.23538,16.49242,42.63801,43.82921,45.0,50.11986,49.65884,44.28318,49.24429,51.62364,56.0803,56.921,54.57105,57.70615,61.84658,67.08204,66.75328,63.1981,67.1193,69.00725,64.49806,67.1193,68.0,72.0,68.18358,66.37017,66.75328,61.29437,62.39391,64.38167,62.514,64.62971,55.9017,60.53098,58.13777,58.07753,60.00833,57.07889,56.0803,55.0,60.00833,61.20457,58.03447,56.08921,59.4138,61.66036,56.56854,54.34151,58.46366,57.48913,63.15061,61.40033,56.4358,62.16912,65.11528,57.87055,62.514,68.44706,59.20304
11.18034,10.77033,10.77033,11.18034,9.84886,9.84886,9.84886,9.48683,9.48683,9.48683,9.48683,9.48683,9.48683,8.544,8.544,9.21954,8.24621,8.24621,8.24621,8.24621,8.24621,8.24621,8.24621,8.24621,8.24621,8.06226,8.06226,8.24621,8.24621,8.24621,8.24621,8.24621,7.28011,7.28011,7.28011,7.28011,7.61577,6.7082,6.7082,6.7082,6.7082,6.7082,5.83095,5.83095,5.83095,5.0,5.0,5.0,5.0,4.24264,4.24264,4.24264,60.16644,60.72891,59.23681,54.23099,59.48109,53.22593,54.23099,58.30952,45.17743,48.8467,45.17743,45.17743,50.24938,42.94182,45.27693,44.20407,42.19005,42.43819,45.22168,39.82462,43.93177,39.40812,40.45986,42.52058,42.0119,41.23106,38.94868,43.13931,41.7732,41.10961,36.79674,43.13931,36.06938,40.36087,38.18377,40.0,36.40055,36.40055,37.20215,37.20215,37.20215,36.05551,32.69557,34.98571,34.1321,31.76476,29.15476,28.4605,27.85678,24.69818,25.63201,22.80351,21.84033,21.0238,18.11077,20.02498,20.09975,43.82921,44.77723,45.18849,49.73932,47.42362,48.33218,51.42956,54.12947,56.64804,57.28001,56.51548,60.44005,68.41053,66.21933,72.78049,64.77654,72.18033,67.74216,67.1193,68.06614,70.02857,73.00685,69.00725,70.02857,71.34424,68.11755,66.06815,70.25667,63.3877,64.07027,61.03278,65.06919,61.03278,61.07373,58.0,61.07373,60.07495,58.54912,58.42089,60.01666,67.89698,59.90826,61.40033,57.97413,59.48109,60.16644,57.87055,61.68468,65.14599,60.87693,59.80803,61.03278,63.89053,59.48109,62.24147,69.26038,60.08328
9.21954,9.21954,9.21954,9.21954,8.24621,8.24621,8.06226,8.06226,8.06226,7.07107,8.06226,8.06226,7.07107,7.07107,7.0,8.0,7.0,7.0,7.0,7.0,7.0,7.07107,7.0,7.0,7.0,7.07107,7.07107,7.0,7.0,7.0,6.0,6.0,6.0,6.0,6.0,6.0,6.08276,5.09902,5.09902,5.09902,5.09902,5.38516,4.47214,4.47214,4.12311,4.12311,4.47214,3.60555,3.60555,2.82843,2.82843,2.82843,59.90826,57.00877,60.44005,54.40588,53.14132,53.85165,54.12024,59.77458,48.38388,49.64877,46.95743,52.0,47.88528,46.61545,44.01136,42.94182,48.30114,45.27693,43.86342,41.34005,44.77723,38.94868,45.27693,38.27532,42.72002,39.96248,41.40048,44.10215,42.72002,40.80441,40.49691,41.88078,36.89173,42.0119,36.40055,38.58756,39.96248,38.58756,38.07887,35.35534,35.77709,36.24914,32.55764,32.89377,33.83785,29.41088,33.95585,29.83287,28.16026,27.20294,22.2036,23.08679,26.07681,20.09975,19.10497,21.0238,21.09502,41.10961,45.0,43.26662,49.09175,45.79301,50.11986,50.15974,52.3259,54.78138,53.85165,59.46427,63.90618,62.39391,65.80274,70.03571,62.80127,73.82412,67.1193,69.26038,69.00725,67.02984,70.00714,69.02898,65.03076,68.02941,68.00735,63.3877,67.06713,57.31492,65.12296,55.14526,62.1289,58.30952,54.00926,61.0082,55.00909,58.07753,58.42089,56.22277,58.69412,57.70615,54.91812,62.96825,59.22837,60.20797,63.60031,60.87693,58.94065,61.40033,58.24088,59.90826,61.98387,59.90826,59.43904,65.73431,65.19202,58.24946
9.89949,9.21954,9.21954,9.21954,9.21954,8.48528,8.60233,8.60233,7.81025,8.60233,8.60233,8.60233,8.06226,8.06226,8.06226,8.06226,8.06226,8.06226,7.61577,7.61577,7.61577,7.61577,7.2111,7.61577,6.7082,8.06226,6.7082,6.7082,6.7082,7.2111,6.7082,6.7082,7.2111,6.7082,6.40312,6.40312,6.40312,6.40312,5.65685,5.65685,5.65685,5.0,5.0,5.0,4.24264,3.60555,3.60555,3.60555,3.60555,3.60555,3.16228,3.16228,54.58938,56.04463,52.63079,56.7186,55.10898,47.85394,50.44799,51.24451,50.35871,47.38143,48.50773,45.0,44.01136,43.04649,41.59327,45.27693,41.4367,38.0526,42.0,44.10215,45.09989,40.0,39.01282,40.79216,38.11824,39.62323,41.10961,39.31921,39.20459,38.20995,38.01316,38.63936,37.12142,41.0,39.11521,37.01351,33.13608,35.0,36.12478,36.05551,38.11824,36.49658,36.67424,29.15476,29.61419,32.55764,31.01612,26.68333,30.08322,27.29469,26.40076,23.70654,20.88061,24.69818,21.47091,20.61553,19.20937,41.59327,44.91102,48.27007,48.50773,48.37355,51.0098,53.15073,53.0,55.0,60.0,59.68249,60.82763,61.18823,63.56099,62.8172,66.40783,70.61161,71.16881,65.78754,68.62215,67.41662,69.64194,67.54258,70.21396,66.7308,65.76473,65.0,63.13478,59.16925,60.82763,58.13777,58.18075,61.29437,60.37384,59.61543,58.87274,54.70832,55.54278,61.68468,60.08328,56.04463,61.40033,59.43904,60.63827,58.24088,59.4138,61.61169,55.3263,58.69412,60.20797,55.31727,60.40695,60.20797,58.24946,62.96825,61.29437,61.66036
9.43398,8.94427,8.94427,8.06226,8.06226,8.06226,7.61577,7.61577,7.61577,7.61577,7.61577,7.28011,7.61577,7.28011,7.28011,7.28011,7.28011,7.28011,7.28011,7.28011,6.32456,6.32456,6.08276,7.07107,7.07107,6.08276,6.08276,6.32456,6.32456,6.08276,6.32456,6.32456,6.32456,6.32456,6.32456,6.32456,5.38516,5.83095,5.0,5.0,5.0,5.0,5.0,4.24264,4.24264,3.60555,4.24264,3.60555,3.60555,3.60555,3.16228,2.23607,61.40033,60.20797,53.60037,50.01,51.62364,50.48762,51.47815,52.23983,47.80167,48.83646,49.24429,46.8188,48.08326,43.41659,44.38468,45.69464,45.69464,43.46263,42.05948,42.95346,41.59327,39.0,45.17743,40.71855,39.39543,40.8534,35.35534,41.59327,37.58989,36.35932,37.73592,41.67733,39.0,38.91015,32.69557,38.48376,35.1141,39.21734,40.71855,36.68787,32.69557,33.83785,33.13608,32.57299,35.51056,29.42788,30.0,29.01724,23.0,25.07987,27.01851,25.07987,24.0,22.2036,21.37756,20.22375,20.39608,47.42362,50.92151,47.80167,55.08176,52.39275,53.15073,56.88585,53.46027,63.1981,55.57877,61.07373,65.06919,69.02898,72.00694,70.11419,66.48308,73.82412,69.72087,70.34913,72.03471,68.88396,72.27724,67.18631,70.88018,70.34202,67.91171,70.5195,66.48308,61.03278,66.09841,56.29387,66.21933,62.0967,56.51548,60.20797,55.10898,53.33854,58.30952,57.31492,62.07254,62.20129,57.0,59.03389,62.00806,58.03447,58.24946,58.21512,58.03447,61.20457,58.03447,62.1289,62.20129,67.06713,53.60037,59.5399,62.64982,59.13544
8.60233,8.60233,8.60233,8.60233,8.60233,8.06226,8.06226,7.61577,7.61577,7.61577,7.61577,7.61577,6.7082,6.7082,6.7082,7.28011,7.28011,6.32456,6.32456,7.28011,6.32456,6.32456,6.32456,6.32456,6.32456,6.08276,6.08276,6.32456,6.32456,6.08276,6.32456,6.32456,6.32456,6.32456,6.32456,5.38516,5.38516,5.83095,5.0,5.0,4.47214,4.47214,5.0,3.60555,3.60555,3.60555,3.60555,3.60555,3.60555,3.60555,2.82843,2.23607,56.0803,53.46027,53.60037,50.21952,50.96077,51.62364,47.80167,51.62364,48.05206,45.35416,42.72002,42.72002,42.72002,44.38468,39.84972,41.23106,41.14608,41.18252,43.46263,41.67733,43.04649,37.58989,40.80441,34.98571,38.94868,37.73592,36.71512,40.22437,38.94868,36.61967,36.71512,36.35932,39.11521,39.82462,34.98571,38.47077,33.12099,35.34119,35.34119,31.62278,33.61547,32.31099,32.69557,36.40055,31.95309,26.57066,26.4764,27.89265,21.84033,23.34524,24.33105,21.37756,25.07987,22.56103,25.17936,17.02939,20.22375,47.29693,45.70558,50.63596,49.16299,50.24938,50.08992,49.16299,53.00943,58.0,60.0,59.3043,61.81424,67.00746,63.3877,67.89698,66.28725,66.91039,69.12308,69.2315,65.96969,68.00735,71.7844,66.09841,70.77429,70.38466,65.45991,63.32456,62.03225,62.39391,62.96825,54.70832,58.94065,58.82176,54.40588,59.66574,56.08921,59.4138,55.7315,57.42822,53.60037,58.03447,59.0,55.0,59.03389,54.00926,56.32051,57.07889,58.03447,60.13319,58.07753,61.07373,60.40695,59.07622,57.42822,57.14018,59.68249,57.31492
9.0,9.0,9.0,9.0,8.0,8.0,8.06226,7.07107,7.07107,7.07107,7.07107,7.07107,7.07107,7.07107,7.07107,6.32456,6.32456,6.08276,6.32456,6.32456,6.32456,6.32456,6.08276,6.32456,6.32456,6.32456,6.32456,6.32456,6.32456,6.08276,6.08276,6.08276,6.08276,6.08276,5.0,5.0,5.0,5.0,5.0,5.09902,4.12311,4.12311,4.12311,4.12311,3.16228,3.60555,3.60555,3.60555,3.60555,3.60555,2.82843,2.82843,54.48853,53.90733,50.32892,50.60632,54.6443,46.75468,50.47772,47.20169,44.10215,44.10215,42.72002,43.82921,45.27693,42.54409,41.88078,40.31129,43.82921,42.05948,39.81206,35.35534,38.27532,39.39543,34.48188,37.69615,34.53983,34.53983,38.62642,37.65634,36.68787,38.60052,33.61547,36.05551,32.98485,33.52611,33.24154,35.4683,36.05551,31.38471,31.90611,33.61547,36.35932,30.23243,28.6531,28.63564,30.4795,30.41381,25.6125,27.65863,24.04163,22.62742,25.0,20.61553,19.20937,20.61553,16.40122,19.23538,16.12452,47.53946,44.41846,47.01064,53.00943,55.80323,52.80152,53.15073,55.15433,60.87693,64.38167,61.55485,66.52819,70.76722,67.17887,65.45991,71.8401,71.40028,72.94518,66.88797,73.92564,70.26379,72.44998,77.07788,69.83552,70.68239,70.21396,64.4748,63.15853,66.70832,62.16912,61.26989,59.5063,60.41523,57.77543,59.05929,59.5399,59.68249,59.20304,55.31727,60.1415,55.44367,59.4138,57.28001,62.93648,57.48913,65.06919,61.07373,60.1415,61.55485,64.3506,60.30755,59.46427,58.72819,58.0517,56.72742,55.22681,61.7171
10.81665,10.0,10.0,10.0,10.0,9.21954,9.21954,9.21954,9.21954,8.48528,8.48528,8.48528,9.21954,8.48528,8.48528,8.60233,8.60233,7.81025,8.60233,7.81025,7.81025,7.81025,7.81025,8.60233,8.60233,7.2111,7.2111,7.81025,7.81025,7.2111,7.81025,7.81025,7.81025,7.07107,7.07107,7.07107,6.40312,6.40312,6.40312,6.40312,5.83095,5.83095,5.83095,5.0,4.47214,4.47214,4.47214,4.12311,4.12311,4.12311,4.12311,3.16228,60.08328,56.85948,53.16014,52.39275,54.23099,48.70318,49.98,47.43416,46.32494,43.41659,46.84015,43.73786,41.97618,42.95346,41.59327,39.20459,44.38468,42.75512,37.21559,39.45884,39.11521,39.11521,38.01316,37.12142,36.05551,37.12142,39.0,38.0526,36.01389,36.01389,31.40064,36.22154,36.12478,37.48333,35.0571,34.71311,33.13608,32.38827,34.36568,31.04835,30.59412,28.23119,30.46309,32.57299,29.96665,27.73085,24.18677,27.78489,23.02173,19.10497,19.41649,18.43909,17.80449,20.0,17.02939,15.26434,15.0,48.27007,49.64877,51.62364,50.24938,52.15362,51.0,51.08816,57.0,59.21149,59.5399,60.67125,62.16912,64.93843,69.37579,68.96376,70.2282,68.94926,70.00714,70.2282,69.46222,68.8767,76.94154,68.47627,66.88797,69.06519,68.47627,66.85058,67.60178,64.66065,66.57327,62.68174,64.66065,60.90156,61.77378,64.41273,63.95311,61.7414,62.6099,64.4748,64.4748,60.53924,61.46544,65.9242,62.0967,58.82176,61.13101,64.51356,61.03278,62.64184,66.40783,60.40695,64.56005,64.51356,57.87055,66.7308,60.40695,64.84597
10.04988,9.05539,9.05539,9.05539,8.06226,8.24621,8.24621,8.24621,8.24621,7.28011,8.24621,8.24621,7.28011,7.61577,7.61577,7.61577,7.61577,7.61577,6.7082,6.7082,6.7082,6.7082,6.7082,7.2111,6.7082,7.2111,8.06226,6.7082,6.7082,6.7082,6.7082,6.7082,6.7082,6.32456,6.32456,6.32456,6.32456,6.08276,5.09902,5.09902,5.09902,5.09902,5.09902,5.09902,4.0,4.0,4.0,4.0,3.0,3.0,3.16228,3.16228,63.65532,57.98276,59.5483,53.75872,60.20797,55.22681,53.90733,55.17246,41.86884,48.41487,45.0,44.04543,48.27007,45.0,45.27693,48.02083,46.06517,42.48529,42.94182,44.29447,43.38202,44.77723,42.04759,39.92493,39.0,42.54409,43.08132,41.23106,43.86342,41.76123,41.4367,42.15448,38.07887,42.15448,39.56008,36.71512,36.35932,39.35734,41.18252,39.82462,38.47077,37.73592,36.40055,32.80244,30.80584,34.82815,35.60899,28.3196,32.64966,26.24881,26.87006,25.45584,23.60085,24.41311,23.32381,19.72308,22.36068,48.8467,47.85394,47.41308,46.32494,49.09175,46.61545,52.00961,53.82379,57.2014,57.48913,63.03174,63.03174,67.26812,66.48308,69.6563,64.03124,70.80254,65.80274,70.60453,66.57327,70.17834,70.71068,67.41662,68.60029,66.18912,65.36819,64.84597,67.60178,62.26556,65.36819,59.5399,59.16925,58.30952,60.20797,61.29437,59.81639,58.89822,58.00862,60.80296,58.25805,59.66574,58.0,60.10824,62.2254,62.28965,58.00862,62.2254,61.6198,63.63961,59.46427,65.19202,67.62396,64.44377,61.6198,65.79514,66.6033,64.38167
8.06226,8.06226,8.24621,8.06226,8.06226,7.07107,7.28011,7.28011,7.28011,6.32456,6.32456,6.32456,6.32456,6.32456,6.32456,6.32456,5.83095,5.38516,5.83095,5.83095,5.83095,5.83095,5.83095,5.83095,5.83095,5.83095,5.83095,5.83095,5.83095,5.38516,5.38516,5.38516,5.38516,5.38516,5.09902,5.09902,5.09902,5.09902,5.09902,5.0,4.0,4.0,4.0,4.0,3.16228,3.16228,3.16228,3.16228,3.16228,3.16228,3.16228,2.82843,57.31492,52.00961,51.73973,50.44799,46.01087,50.32892,48.83646,48.9183,43.93177,39.62323,40.60788,44.55334,39.62323,39.05125,36.12478,39.62323,38.60052,37.73592,39.40812,37.20215,37.01351,36.35932,34.0,34.98571,34.0,35.8469,37.20215,35.77709,38.58756,34.43835,35.22783,33.12099,35.35534,35.77709,34.1321,32.44996,30.52868,33.61547,34.20526,33.24154,31.89044,33.30165,30.41381,31.241,29.0,28.84441,28.01785,24.83948,18.35756,20.59126,21.54066,21.54066,21.9545,18.38478,16.55295,16.49242,18.68154,47.16991,48.60041,48.9183,51.62364,53.8145,53.07542,54.48853,55.0,59.81639,58.13777,60.60528,65.60488,70.45566,69.97142,68.42514,65.76473,71.11259,70.66116,68.44706,66.7308,66.12866,72.61543,68.00735,68.35203,69.92138,67.35726,66.48308,67.05222,64.56005,65.55151,59.13544,59.46427,60.08328,62.76942,59.5063,57.27128,58.13777,58.13777,57.68882,57.98276,61.05735,60.44005,61.05735,62.96825,58.89822,63.51378,58.82176,55.60576,61.07373,58.82176,58.25805,62.36986,58.82176,54.20332,62.62587,61.6198,60.60528
9.05539,8.06226,9.0,8.06226,8.0,7.0,7.0,7.0,7.0,7.0,7.0,7.0,7.07107,6.08276,6.08276,7.07107,6.08276,6.08276,6.08276,6.32456,6.08276,6.32456,6.08276,6.32456,6.08276,6.08276,6.08276,6.32456,6.32456,6.08276,6.08276,6.08276,6.08276,6.08276,6.0,6.0,5.09902,5.09902,5.09902,5.09902,5.09902,4.12311,5.09902,4.47214,3.60555,3.60555,3.60555,3.60555,3.60555,3.60555,2.82843,2.82843,63.89053,49.0408,56.22277,50.32892,48.27007,47.63402,45.96738,52.40229,45.27693,45.34314,42.44997,42.63801,39.20459,41.03657,36.79674,38.94868,45.80393,39.40812,43.26662,31.241,41.10961,36.61967,39.44617,39.44617,34.88553,38.91015,36.61967,39.35734,37.57659,35.8469,36.61967,36.89173,38.07887,42.94182,32.64966,36.05551,32.75668,37.73592,34.71311,31.1127,31.89044,31.241,28.42534,32.52691,30.61046,27.29469,27.45906,30.23243,28.30194,22.47221,24.18677,21.0238,18.02776,13.41641,18.24829,17.11724,19.41649,45.27693,53.00943,49.40648,55.44367,51.08816,56.58622,54.45181,55.17246,60.959,58.0517,63.25346,67.42403,69.81404,66.57327,74.94665,64.88451,74.24284,67.08204,69.77105,73.40981,68.54196,71.16881,69.07966,70.5762,74.33034,66.7308,63.06346,69.57011,61.03278,66.70832,57.93962,63.90618,61.84658,59.46427,63.07139,56.85948,53.7122,62.76942,59.16925,60.20797,62.26556,59.36329,62.20129,57.80138,62.20129,61.85467,54.91812,62.20129,59.20304,57.00877,58.41233,64.03124,63.12686,59.20304,61.52235,63.25346,59.4138
9.21954,8.48528,8.48528,8.48528,8.48528,7.81025,7.81025,7.81025,7.2111,7.81025,7.81025,7.2111,7.2111,7.2111,6.40312,6.7082,6.7082,6.7082,6.7082,6.7082,6.7082,6.7082,6.7082,6.7082,6.7082,6.32456,6.32456,6.7082,6.7082,6.7082,5.83095,5.83095,5.83095,5.83095,5.83095,5.83095,5.65685,5.65685,5.0,5.0,4.24264,4.24264,4.47214,3.60555,3.60555,3.60555,3.60555,3.16228,3.16228,3.16228,3.0,3.0,61.18823,55.3263,53.46027,50.80354,50.28916,48.6621,49.81967,46.84015,47.07441,44.72136,43.68066,46.17359,42.15448,41.10961,42.05948,43.46263,38.07887,41.14608,39.44617,38.47077,39.66106,36.71512,40.81666,40.0,34.66987,38.60052,36.71512,42.19005,38.27532,37.44329,35.51056,37.80212,36.35932,37.21559,35.0,37.16181,36.05551,36.61967,37.12142,30.8707,35.35534,34.17601,33.24154,33.24154,30.80584,27.20294,26.68333,25.96151,23.34524,23.5372,21.09502,22.09072,21.0238,21.0238,23.02173,15.0333,15.0,48.83646,51.0392,48.04165,54.00926,51.08816,55.22681,53.00943,59.4138,58.30952,60.01666,64.32729,64.7611,67.26812,66.21933,67.91171,69.64194,73.68175,66.40783,69.28925,71.16881,71.51224,73.00685,70.26379,73.34848,71.58911,67.1193,63.07139,66.30988,62.03225,65.0,58.87274,62.29767,61.03278,59.13544,62.58594,56.7186,57.27128,62.8172,57.70615,58.30952,63.50591,56.0,61.03278,59.00847,58.0,60.20797,55.00909,61.40033,61.07373,62.20129,56.0803,62.28965,59.13544,58.30952,63.1981,63.1981,60.13319
9.05539,9.0,8.0,8.06226,7.0,8.0,8.0,7.0,7.0,7.07107,7.07107,7.07107,7.07107,6.08276,6.08276,6.32456,6.32456,6.32456,6.32456,6.32456,6.08276,6.32456,6.32456,6.32456,6.32456,6.32456,6.32456,6.32456,6.32456,6.32456,6.08276,6.08276,6.08276,5.09902,5.09902,5.09902,5.09902,5.0,4.0,5.0,4.0,4.0,4.12311,4.12311,3.16228,3.16228,3.16228,3.16228,2.23607,2.23607,2.23607,2.23607,58.30952,54.42426,53.66563,53.23533,52.35456,49.65884,42.94182,47.41308,45.79301,40.81666,43.56604,41.88078,42.80187,36.89173,39.20459,42.63801,41.23106,38.41875,40.45986,38.28838,40.0,35.80503,38.28838,36.79674,36.06938,37.48333,35.60899,35.4683,35.35534,36.23534,34.05877,34.20526,33.97058,34.65545,30.23243,34.71311,33.24154,34.65545,33.30165,33.24154,32.01562,29.41088,28.6007,29.15476,27.73085,27.45906,26.92582,25.07987,26.92582,23.76973,23.08679,19.92486,20.39608,18.11077,18.0,15.13275,17.02939,50.24938,51.0,50.56679,51.62364,54.42426,55.02727,52.20153,58.82176,62.36185,57.27128,62.58594,64.53681,69.42622,69.72087,69.58448,66.0303,73.5527,64.00781,71.11259,70.00714,71.11259,71.06335,68.11755,71.00704,69.35416,68.0,65.19202,67.06713,65.06919,64.0,58.03447,63.00794,60.07495,58.13777,61.20457,60.53098,60.53098,57.72348,57.27128,61.40033,59.20304,59.46427,58.5235,62.62587,57.56735,63.07139,59.80803,62.64982,62.76942,57.93962,59.46427,60.92618,65.39113,55.54278,61.32699,61.84658,57.77543
9.05539,9.05539,8.06226,9.05539,8.06226,8.06226,8.06226,8.24621,8.24621,7.28011,7.28011,7.28011,7.28011,7.28011,7.28011,7.61577,7.61577,6.7082,6.7082,6.32456,6.32456,6.7082,6.7082,6.7082,6.7082,6.7082,6.7082,6.32456,6.7082,6.7082,6.32456,6.32456,6.32456,6.32456,6.32456,6.08276,6.08276,5.09902,5.0,4.0,4.0,5.0,4.0,4.0,4.0,3.0,3.16228,3.16228,3.16228,2.23607,2.23607,2.23607,58.18075,57.2014,51.61395,54.40588,51.40039,49.0408,50.21952,51.40039,48.10405,46.01087,42.44997,44.55334,41.03657,43.86342,39.62323,43.18565,39.05125,43.41659,44.68781,37.64306,39.96248,36.05551,37.73592,36.40055,37.20215,33.83785,38.58756,35.0,34.20526,35.22783,36.35932,30.88689,35.51056,38.83298,32.24903,33.42155,33.42155,31.40064,33.97058,35.0,29.06888,31.1127,30.61046,30.23243,29.41088,27.01851,27.80288,24.59675,24.41311,23.02173,21.63331,21.18962,19.92486,18.11077,16.49242,14.86607,15.13275,48.08326,49.51767,49.0408,50.80354,49.64877,53.60037,53.53504,56.30275,59.90826,54.20332,61.7414,65.29931,67.54258,69.46222,68.15424,66.85058,71.16881,68.62215,69.64194,69.37579,71.80529,73.75636,65.51336,70.21396,70.03571,70.61161,69.05071,68.24954,64.53681,66.70832,56.75385,64.03124,60.16644,61.09828,61.35145,57.87055,57.00877,59.61543,59.23681,63.07139,60.00833,59.94164,63.13478,65.19202,60.46487,58.83026,62.68174,57.42822,62.68174,59.36329,59.36329,64.07027,67.95587,56.61272,64.63745,64.63745,61.22091
9.21954,9.21954,9.21954,9.21954,8.48528,7.81025,7.81025,7.81025,7.81025,7.81025,7.81025,7.2111,7.81025,7.2111,6.40312,7.2111,6.7082,6.7082,6.7082,6.7082,6.7082,6.7082,5.83095,6.7082,6.7082,6.7082,6.7082,6.7082,6.7082,6.7082,5.83095,5.83095,5.83095,6.40312,5.83095,5.65685,5.65685,5.0,5.0,5.0,4.24264,4.24264,4.47214,3.60555,3.60555,3.60555,3.16228,3.16228,3.16228,3.0,3.0,2.0,55.57877,53.60037,55.0,54.23099,50.35871,48.16638,47.16991,46.09772,44.01136,42.0119,43.56604,42.57934,44.72136,43.18565,40.0,40.11234,41.30375,42.10701,40.4475,41.7732,42.95346,37.21559,41.0,37.0,39.56008,38.83298,37.48333,38.60052,36.49658,35.44009,36.87818,36.13862,37.33631,37.65634,36.67424,39.05125,37.85499,33.24154,36.12478,35.90265,35.0571,30.01666,34.23449,32.01562,33.01515,25.31798,26.4764,27.65863,25.0,24.35159,20.88061,19.41649,23.34524,17.46425,20.59126,19.20937,13.89244,50.44799,44.91102,45.17743,53.23533,49.16299,49.0408,49.09175,51.0098,55.03635,60.29925,59.84146,63.95311,66.75328,66.09841,66.70832,68.00735,70.0928,65.52099,65.45991,70.83784,69.64194,73.73602,67.62396,68.0,69.77105,68.47627,63.95311,68.54196,64.84597,63.50591,58.30952,61.84658,58.87274,57.58472,59.80803,60.72891,57.56735,61.68468,58.24088,59.43904,59.03389,59.84146,63.95311,59.84146,56.4358,65.27634,61.07373,61.29437,62.07254,60.40695,58.30952,58.85576,60.40695,56.0803,59.21149,65.06919,63.3877
11.18034,10.29563,10.29563,9.84886,10.29563,9.43398,9.43398,9.43398,8.60233,8.60233,8.60233,8.60233,8.60233,8.60233,8.60233,7.81025,7.81025,7.81025,8.48528,8.48528,7.81025,7.81025,7.07107,8.48528,7.81025,7.07107,7.07107,7.81025,8.48528,7.07107,7.81025,7.81025,7.81025,7.2111,7.2111,7.2111,7.2111,6.7082,6.7082,6.7082,5.38516,5.38516,5.38516,5.38516,5.38516,4.47214,4.12311,4.12311,4.12311,4.12311,4.12311,4.0,61.46544,57.45433,58.87274,52.81098,49.76947,50.56679,50.92151,50.28916,47.75982,45.88028,42.44997,39.84972,46.32494,42.44997,39.21734,41.4367,43.73786,39.31921,40.31129,36.34556,41.19466,37.10795,41.19466,37.01351,37.21559,38.01316,37.0,36.01389,36.22154,36.0,33.06055,38.32754,35.0571,39.01282,36.05551,39.20459,36.49658,35.69314,37.21559,33.24154,35.73514,28.4605,33.52611,32.57299,28.63564,23.70654,26.83282,31.30495,22.2036,23.85372,19.20937,20.51828,21.63331,20.51828,16.97056,17.02939,18.35756,46.01087,47.01064,47.51842,52.34501,50.35871,49.0408,53.15073,57.00877,58.24946,60.74537,62.24147,62.76942,64.2573,64.88451,68.88396,65.29931,72.01389,68.26419,72.71864,72.56032,70.17834,71.40028,72.20111,72.62231,70.83784,68.76772,64.3506,67.47592,65.8559,66.4003,58.41233,67.00746,61.29437,64.63745,63.81222,60.53924,58.66856,64.3506,60.41523,62.26556,64.88451,61.32699,61.7414,61.84658,62.64982,63.24555,60.92618,63.24555,63.60031,60.92618,66.21178,62.24147,61.98387,56.0803,61.35145,68.15424,64.51356
9.05539,9.0,8.0,9.0,8.0,8.0,8.0,7.0,7.0,7.07107,7.0,7.07107,7.07107,7.07107,7.07107,6.08276,6.08276,6.08276,6.32456,6.32456,6.08276,6.32456,6.08276,6.32456,6.32456,6.32456,6.08276,6.32456,6.32456,5.09902,6.08276,6.08276,6.08276,6.08276,6.0,5.0,5.0,5.0,5.0,5.0,4.12311,4.12311,4.12311,4.12311,3.16228,3.16228,3.60555,3.60555,3.60555,3.60555,2.82843,2.82843,60.44005,61.58734,56.63921,50.32892,55.31727,53.00943,48.27007,49.57822,46.66905,44.20407,46.75468,44.59821,48.10405,45.34314,42.42641,42.42641,41.40048,42.2019,38.41875,40.0,40.22437,38.41875,38.58756,33.83785,36.40055,38.01316,38.83298,38.58756,39.44617,39.35734,36.89173,38.28838,38.27532,34.88553,36.23534,36.05551,33.28663,37.80212,34.82815,33.30165,34.71311,31.241,33.30165,31.1127,29.41088,29.52965,27.29469,25.4951,21.40093,22.13594,23.5372,17.46425,20.61553,22.56103,16.76305,17.46425,19.0263,45.61798,45.79301,45.79301,49.20366,49.09175,47.01064,51.08816,53.07542,56.58622,57.31492,60.959,59.46427,63.25346,65.94695,64.07027,63.81222,71.86793,69.35416,65.8635,70.71068,67.1193,70.77429,68.15424,72.09022,68.942,66.64083,67.77905,66.85058,62.96825,65.39113,61.09828,60.40695,57.38467,60.83584,55.03635,61.29437,60.90156,58.30952,60.20797,57.14018,62.1289,61.61169,59.20304,65.29931,59.64059,59.20304,60.80296,59.40539,60.30755,60.44005,59.5483,60.1415,64.40497,60.21628,67.94115,68.11755,60.30755
10.19804,10.44031,9.48683,10.44031,9.21954,9.48683,9.48683,9.48683,9.21954,8.544,8.544,8.544,7.61577,7.61577,7.61577,7.61577,8.06226,7.61577,8.06226,7.2111,6.7082,6.7082,8.06226,7.2111,7.2111,7.2111,8.06226,6.7082,6.7082,7.2111,6.7082,6.7082,6.7082,6.7082,7.28011,7.28011,7.28011,6.32456,6.08276,6.08276,6.08276,6.0,5.0,5.0,5.0,5.0,5.0,4.12311,4.12311,4.12311,4.12311,4.12311,57.28001,62.00806,57.28001,56.72742,56.63921,50.20956,48.9183,49.57822,45.34314,46.09772,48.16638,46.04346,47.80167,39.66106,45.0,41.04875,43.26662,44.77723,39.35734,42.05948,40.81666,39.35734,38.91015,37.12142,34.0,38.01316,38.01316,35.34119,38.91015,39.56008,35.8469,38.07887,34.0147,34.9285,36.13862,38.83298,35.51056,38.47077,34.1321,33.83785,34.98571,34.4093,33.30165,31.89044,29.73214,29.73214,26.90725,24.75884,23.43075,22.47221,24.83948,21.63331,19.72308,18.86796,21.09502,18.38478,16.76305,44.77723,46.14109,43.41659,47.80167,48.60041,51.85557,46.09772,53.15073,58.0517,55.86591,58.0,62.28965,63.12686,64.53681,66.0303,64.66065,70.17834,65.36819,67.1193,69.31811,69.83552,71.17584,64.88451,69.46222,67.23095,65.74192,66.70832,65.0,59.61543,64.88451,60.74537,62.64982,59.03389,57.70615,63.52952,58.59181,56.60389,61.58734,58.5235,59.20304,59.64059,61.40033,60.44005,59.81639,59.5483,65.0,65.79514,61.55485,61.6198,60.959,63.12686,65.05382,66.52819,56.85068,60.87693,62.93648,64.53681
10.19804,9.21954,9.21954,9.21954,9.21954,8.24621,8.24621,8.24621,8.24621,8.24621,8.544,8.544,7.61577,7.61577,7.61577,8.06226,7.61577,7.61577,6.7082,6.7082,6.7082,6.7082,6.7082,7.2111,6.7082,7.2111,7.2111,6.7082,6.7082,6.7082,6.7082,6.7082,6.32456,6.32456,6.32456,6.32456,6.32456,6.08276,5.09902,5.09902,5.09902,5.09902,5.0,4.0,4.0,4.0,4.0,3.0,3.16228,3.0,3.16228,3.16228,58.83026,56.60389,60.74537,58.18075,56.0803,52.47857,52.7731,53.53504,50.24938,48.30114,47.01064,47.92703,49.24429,47.41308,45.18849,42.48529,42.04759,42.15448,40.71855,39.05125,41.4367,41.0,37.36308,38.07887,34.71311,38.8973,43.01163,38.07887,40.8534,41.0,37.65634,40.60788,36.68787,39.81206,36.49658,38.32754,37.36308,34.78505,33.10589,36.13862,34.53983,33.12099,32.75668,32.24903,32.44996,28.01785,29.41088,25.6125,27.45906,27.45906,24.08319,22.67157,24.04163,21.40093,17.20465,22.2036,20.59126,46.09772,44.64303,48.76474,47.42362,51.86521,47.16991,50.53712,54.58938,53.23533,56.30275,59.64059,63.24555,62.20129,64.53681,63.89053,68.88396,66.70832,67.17887,67.89698,65.79514,70.76722,66.6033,66.8431,66.4003,66.03787,67.80118,68.00735,63.60031,63.60031,64.81512,59.81639,64.03124,60.44005,60.82763,62.93648,57.28001,59.4138,60.20797,58.69412,63.78087,60.44005,60.21628,64.40497,64.07027,58.24946,64.66065,64.66065,61.91123,63.28507,64.00781,62.80127,64.3506,67.6757,63.51378,66.57327,62.68174,64.89992
11.18034,10.77033,10.77033,10.29563,9.84886,9.84886,9.84886,9.48683,9.48683,8.544,9.48683,8.544,8.544,8.544,8.544,8.24621,8.24621,8.24621,8.24621,8.24621,8.24621,8.24621,8.24621,8.24621,8.24621,8.06226,8.06226,8.24621,8.24621,8.24621,7.28011,7.28011,7.28011,7.61577,7.28011,7.61577,7.61577,6.7082,6.7082,5.83095,5.83095,5.83095,5.83095,5.83095,5.0,5.0,5.0,5.0,5.0,5.0,4.24264,3.60555,62.16912,57.72348,56.32051,51.97115,56.08921,54.12024,51.41984,50.80354,47.75982,45.22168,44.38468,42.05948,44.94441,45.60702,40.80441,46.17359,41.78516,44.01136,43.46263,41.59327,42.05948,38.07887,35.77709,41.14608,38.91015,41.23106,41.62932,39.39543,38.62642,38.83298,37.58989,36.40055,39.0,38.47077,36.05551,38.60052,39.29377,35.44009,37.94733,36.40055,32.75668,32.55764,35.12834,29.01724,30.14963,31.0,26.1725,27.01851,24.08319,22.2036,23.02173,24.33105,24.73863,21.0238,24.18677,19.31321,18.35756,45.60702,42.44997,45.34314,44.68781,50.60632,49.40648,52.15362,56.85948,56.82429,56.93856,58.66856,60.41523,64.41273,65.9242,68.94926,64.19502,68.96376,69.42622,70.03571,66.09841,70.40597,71.70077,68.88396,68.11755,67.47592,67.26812,65.00769,65.0,62.07254,65.12296,62.1289,63.12686,61.20457,60.03332,64.28063,58.07753,58.69412,55.9017,59.66574,61.84658,63.15061,61.40033,59.43904,63.32456,60.41523,63.15061,64.03124,62.64184,66.40783,60.01666,64.28841,65.25335,62.0967,60.63827,67.35726,65.73431,63.32456
10.44031,10.44031,9.48683,9.48683,9.48683,9.48683,8.544,8.544,8.544,7.61577,8.544,8.94427,7.61577,8.06226,8.06226,8.06226,8.06226,7.2111,7.2111,7.2111,7.2111,7.2111,7.2111,7.2111,7.2111,7.2111,7.2111,7.2111,7.2111,7.2111,6.7082,6.7082,6.7082,6.7082,6.32456,6.32456,6.32456,6.32456,6.08276,6.08276,6.08276,6.08276,5.0,5.0,5.0,5.0,5.0,4.0,4.12311,4.12311,4.12311,4.12311,62.29767,58.5235,53.45091,53.75872,59.20304,53.45091,53.85165,51.86521,50.0,45.70558,46.87217,48.27007,48.09366,44.72136,40.79216,43.18565,46.27094,41.01219,43.01163,37.0,41.0,38.0526,40.0125,40.04997,39.01282,38.0526,40.1995,35.35534,36.01389,39.01282,38.32754,41.10961,39.05125,35.12834,41.10961,34.0147,37.01351,37.01351,35.0571,38.0526,35.22783,33.54102,28.79236,33.24154,28.63564,31.32092,29.15476,26.24881,24.16609,26.0,21.54066,24.18677,21.93171,22.02272,17.80449,22.2036,17.69181,45.04442,48.04165,46.52956,51.78803,50.01,49.0408,53.60037,54.40588,57.28001,56.30275,58.18935,60.00833,64.62198,70.38466,69.77105,67.97794,70.23532,72.71864,67.23095,68.60029,70.72482,75.0,70.29225,68.0147,70.72482,70.29225,67.26812,68.11755,63.70243,69.02898,60.60528,61.61169,61.61169,65.21503,63.24555,62.96825,60.74537,62.6099,60.03332,62.6099,62.17717,61.7414,61.7414,59.23681,64.07808,59.80803,64.2573,60.08328,64.19502,62.39391,64.62198,63.56886,66.7308,66.48308,60.74537,62.93648,62.64184
10.29563,9.43398,9.84886,8.94427,8.94427,8.94427,8.94427,8.06226,8.06226,7.61577,7.61577,7.61577,7.61577,7.28011,7.28011,7.28011,7.28011,7.28011,7.28011,7.28011,7.28011,7.28011,6.32456,7.07107,7.07107,6.32456,6.32456,6.32456,6.08276,6.32456,6.32456,6.32456,6.32456,6.7082,5.83095,5.83095,5.83095,5.83095,5.83095,5.0,5.65685,4.24264,5.0,5.0,5.0,3.60555,4.47214,3.60555,3.60555,3.60555,3.16228,3.16228,64.14047,56.85948,62.1289,59.05929,57.80138,53.23533,51.62364,55.07268,52.47857,49.09175,46.32494,46.87217,45.60702,45.0,44.10215,42.63801,46.40043,41.86884,37.53665,43.84062,41.01219,39.62323,39.05125,36.87818,36.12478,36.79674,38.18377,36.79674,38.20995,38.8973,38.8973,40.36087,33.94113,36.23534,37.64306,36.06938,38.20995,36.12478,34.20526,34.4093,34.4093,31.90611,31.40064,30.23243,29.15476,30.46309,27.73085,25.29822,25.4951,22.13594,26.92582,23.19483,23.34524,18.43909,19.23538,16.03122,18.43909,44.82187,43.60046,44.55334,44.55334,48.16638,50.60632,48.16638,54.67175,61.07373,55.60576,61.77378,59.5399,62.43397,69.35416,63.97656,68.44706,70.26379,72.73239,68.35203,69.26038,70.83784,74.09453,67.44627,68.24954,70.21396,68.88396,66.28725,69.2315,63.56099,66.4906,61.61169,64.53681,64.53681,58.69412,63.89053,59.13544,60.16644,61.35145,61.68468,62.62587,60.74537,60.83584,60.53924,60.90156,59.03389,61.7414,64.88451,61.58734,63.13478,62.96825,63.13478,63.52952,61.7171,67.1193,67.1193,63.63175,67.60178
10.63015,10.63015,10.63015,10.63015,10.63015,9.21954,9.43398,9.43398,9.43398,8.60233,8.60233,8.60233,8.60233,8.60233,8.06226,8.94427,7.61577,8.06226,8.06226,7.61577,7.61577,7.61577,7.61577,7.61577,8.06226,7.61577,7.61577,7.61577,7.61577,7.61577,6.7082,6.7082,7.2111,7.2111,6.7082,7.2111,7.2111,6.40312,6.40312,5.65685,5.65685,5.65685,5.65685,5.65685,5.0,5.0,5.0,5.0,4.47214,4.47214,4.47214,3.60555,59.13544,60.01666,58.42089,51.47815,54.74486,49.49747,51.62364,52.34501,50.44799,46.32494,46.09772,45.12206,44.59821,44.14748,36.87818,45.88028,42.72002,39.56008,39.21734,38.27532,38.07887,37.69615,39.39543,34.9285,35.8469,37.58989,35.77709,35.77709,37.16181,35.8469,34.0147,37.12142,36.23534,35.8469,33.61547,37.0,34.48188,34.78505,33.24154,32.89377,26.92582,32.01562,32.28002,29.61419,27.45906,24.33105,27.07397,25.07987,21.0238,23.02173,19.23538,18.11077,22.36068,19.64688,18.68154,16.49242,15.52417,43.86342,41.78516,45.69464,49.0408,49.0408,51.24451,50.96077,52.17279,53.93515,60.82763,56.56854,61.52235,63.3877,66.27217,62.0,67.06713,70.17834,67.18631,67.06713,67.18631,70.11419,71.70077,71.38627,68.24954,67.68309,67.26812,65.96969,66.70832,65.73431,66.09841,63.56099,64.93843,63.95311,59.3043,60.67125,59.5399,57.21888,60.00833,61.03278,64.12488,63.07139,60.13319,62.1289,66.06815,63.3877,59.21149,63.63961,62.39391,60.82763,64.62971,62.28965,67.47592,62.64982,63.95311,64.53681,64.13267,65.30697
9.84886,9.84886,8.94427,8.94427,8.94427,8.94427,8.94427,8.06226,8.06226,8.06226,8.06226,8.60233,7.2111,7.2111,7.2111,7.81025,7.81025,7.07107,7.07107,7.07107,6.40312,7.07107,7.07107,7.07107,7.07107,7.07107,7.07107,7.07107,7.07107,7.07107,6.40312,6.40312,6.40312,6.40312,5.83095,5.83095,5.83095,5.83095,5.83095,4.47214,5.38516,5.38516,4.47214,4.12311,4.12311,4.12311,4.12311,3.16228,3.0,3.0,3.0,3.0,61.84658,55.0,58.82176,54.6443,52.69725,53.25411,48.41487,53.00943,45.80393,46.87217,48.37355,43.41659,44.94441,42.54409,40.70626,42.05948,43.08132,39.0,44.29447,39.92493,42.72002,39.56008,40.31129,38.27532,36.40055,36.68787,32.69557,37.64306,34.9285,37.65634,38.07887,40.02499,35.1141,38.07887,33.95585,34.0147,34.0147,38.01316,36.35932,36.67424,34.48188,33.12099,35.22783,31.90611,29.73214,29.83287,29.06888,25.4951,24.75884,23.34524,21.26029,23.34524,18.86796,19.20937,17.72005,21.47091,18.35756,42.37924,46.61545,45.61798,48.02083,49.73932,48.37355,50.21952,56.0357,54.40588,54.81788,58.89822,59.5483,65.80274,67.17887,67.20863,63.65532,68.0147,67.00746,70.29225,72.20111,65.21503,69.89278,68.00735,66.61081,67.95587,65.0,65.19202,67.6757,63.28507,62.42596,59.20304,64.40497,63.51378,59.07622,62.00806,61.03278,58.79626,61.6198,59.46427,63.78087,61.52235,61.84658,63.12686,61.84658,63.25346,60.80296,65.43699,60.0,62.42596,62.00806,63.12686,67.6757,67.00746,57.2014,67.42403,61.03278,64.66065
10.63015,9.89949,9.89949,9.89949,9.89949,9.21954,9.21954,9.21954,9.21954,9.21954,9.21954,8.60233,8.60233,8.60233,8.60233,8.60233,8.06226,8.06226,8.06226,8.06226,8.06226,8.06226,7.2111,8.06226,8.06226,7.2111,8.06226,7.2111,7.2111,7.2111,7.81025,7.81025,7.81025,7.81025,7.07107,7.07107,7.07107,6.40312,6.40312,6.40312,6.40312,5.0,5.83095,5.0,5.0,4.47214,4.47214,4.47214,4.12311,4.12311,4.12311,3.16228,55.14526,59.13544,62.16912,53.03772,50.9902,47.38143,52.34501,49.16299,50.63596,40.02499,44.72136,45.89118,43.17407,46.09772,41.97618,39.84972,41.23106,37.33631,38.27532,37.12142,39.35734,37.0,37.57659,37.57659,39.56008,40.24922,35.73514,39.82462,37.12142,37.12142,35.34119,36.05551,37.57659,38.07887,33.61547,34.78505,34.78505,34.78505,34.48188,31.32092,31.04835,30.26549,31.57531,27.16616,30.06659,25.07987,27.0,26.1725,26.1725,21.0,20.22375,18.43909,21.58703,19.0263,18.38478,15.23155,14.86607,44.01136,43.9659,48.70318,50.96077,50.9902,50.21952,50.35871,53.33854,56.32051,61.20457,61.29437,62.03225,67.02984,65.06919,67.02984,67.1193,71.11259,71.44928,72.69113,69.2315,69.42622,69.42622,69.12308,70.40597,67.18631,66.4906,62.96825,67.18631,63.78871,65.25335,63.78871,65.51336,63.78871,61.98387,62.80127,57.55867,60.20797,62.1289,62.03225,63.1981,63.07139,63.00794,64.07027,67.00746,60.00833,64.00781,61.0082,66.18912,61.13101,65.06919,65.27634,67.89698,64.12488,63.12686,60.82763,67.18631,62.28965
8.06226,8.24621,8.24621,8.24621,7.28011,7.28011,7.28011,6.32456,6.32456,6.32456,6.32456,6.32456,6.7082,6.7082,6.7082,5.83095,5.83095,5.83095,5.83095,5.83095,5.83095,5.83095,5.83095,5.83095,5.83095,5.83095,5.83095,5.83095,5.83095,5.83095,5.83095,5.83095,5.83095,5.38516,5.38516,5.09902,5.09902,5.09902,5.09902,5.09902,4.0,4.0,4.0,4.0,3.0,3.16228,3.16228,3.16228,3.16228,3.16228,2.23607,2.82843,53.90733,50.44799,51.62364,50.9902,52.3259,52.40229,46.69047,50.93133,45.27693,41.03657,42.42641,44.40721,41.6173,41.86884,41.04875,40.31129,39.81206,45.17743,36.67424,37.12142,42.48529,36.24914,38.27532,37.58989,35.8469,32.69557,32.69557,35.1141,38.8973,34.78505,37.0,37.69615,37.16181,36.68787,35.35534,36.67424,36.24914,34.98571,38.07887,33.28663,29.68164,31.62278,30.61046,35.0,31.14482,30.41381,27.01851,25.4951,20.51828,22.80351,22.36068,19.23538,22.2036,16.55295,19.41649,16.76305,16.03122,48.16638,50.44799,45.80393,54.08327,53.7122,54.70832,54.58938,54.56189,60.37384,57.45433,60.83584,64.4748,67.1193,68.02941,71.86793,67.05222,76.2168,65.45991,71.16881,70.40597,69.2315,70.40597,68.15424,67.91171,70.0928,68.44706,70.61161,69.63476,61.13101,67.72001,59.90826,64.28841,63.32456,62.62587,59.77458,55.54278,56.36488,59.9333,57.80138,61.58734,66.7308,59.36329,61.58734,60.80296,62.43397,64.3506,63.28507,59.20304,64.2028,59.81639,60.1415,62.36986,59.40539,55.44367,62.2254,63.12686,63.03174
8.06226,8.06226,8.06226,8.06226,7.07107,7.07107,7.07107,7.28011,7.07107,6.32456,6.32456,6.32456,6.32456,6.32456,6.32456,6.32456,6.7082,5.38516,6.7082,5.83095,5.83095,6.7082,5.38516,5.83095,5.83095,5.83095,5.83095,5.38516,6.7082,5.38516,6.32456,6.32456,6.32456,5.38516,5.09902,5.09902,5.09902,5.09902,5.0,5.0,4.0,4.0,4.0,4.12311,4.12311,3.16228,3.16228,3.16228,3.16228,3.16228,2.82843,2.82843,55.75841,52.7731,55.47071,48.76474,50.53712,45.79301,48.37355,45.65085,43.01163,43.04649,41.40048,39.82462,39.82462,46.09772,40.0,39.40812,38.8973,41.01219,38.18377,38.28838,36.87818,35.38361,37.80212,38.41875,33.30165,37.64306,36.79674,39.40812,37.01351,34.82815,36.76955,34.71311,32.52691,37.20215,33.94113,34.65545,36.06938,34.65545,34.65545,33.97058,28.42534,33.12099,32.44996,28.17801,30.88689,29.06888,29.12044,25.05993,25.29822,25.4951,24.35159,19.23538,21.84033,18.43909,21.0238,19.0,17.26268,51.10773,51.47815,49.24429,52.7731,53.22593,55.03635,55.15433,55.15433,61.68468,59.77458,62.36185,63.32456,67.44627,71.30919,70.21396,69.72087,74.67262,69.46222,71.84706,70.34913,70.25667,75.05998,66.0,69.00725,67.00746,68.0,66.06815,73.0,62.00806,65.03076,61.03278,62.07254,62.64982,58.85576,61.52235,60.01666,55.31727,57.72348,59.90826,60.72891,62.62587,57.24509,63.24555,61.09828,58.87274,64.4748,58.60034,61.26989,63.50591,59.48109,60.00833,64.84597,65.30697,56.79789,61.7171,61.7414,59.03389
9.0,8.0,8.0,8.0,8.0,7.0,8.06226,7.07107,7.07107,7.07107,7.07107,7.07107,6.08276,6.08276,6.08276,7.28011,6.32456,6.32456,6.32456,6.32456,6.32456,6.32456,6.32456,6.7082,6.32456,6.7082,6.32456,6.32456,6.32456,6.32456,6.32456,6.32456,6.08276,6.08276,6.08276,6.08276,6.08276,5.0,5.0,5.0,5.0,5.0,4.12311,4.12311,4.12311,4.12311,4.12311,3.16228,3.16228,2.23607,2.82843,2.23607,53.15073,53.2635,50.32892,50.32892,48.83646,44.59821,46.69047,44.55334,43.86342,43.84062,41.72529,41.23106,43.01163,41.23106,37.64306,40.31129,37.80212,37.58989,36.61967,37.58989,38.27532,36.71512,33.54102,36.71512,34.88553,32.69557,35.77709,36.67424,38.94868,36.67424,37.33631,36.71512,34.0,36.76955,33.10589,36.71512,38.07887,34.1321,39.05125,35.8469,35.60899,33.83785,29.69848,32.55764,31.14482,29.69848,26.87006,26.90725,25.6125,24.83948,25.94224,22.82542,24.59675,22.47221,19.31321,18.86796,17.26268,49.40648,49.67897,53.75872,55.86591,53.90733,52.80152,51.66237,56.61272,59.20304,62.68174,64.89992,65.73431,69.89278,66.7308,67.53518,74.79305,72.56032,71.69379,69.857,68.942,69.57011,73.05477,74.67262,71.7844,72.12489,65.78754,64.19502,67.44627,61.68468,62.96825,59.23681,63.32456,62.96825,57.58472,62.96825,59.48109,60.03332,62.76942,58.30952,57.42822,58.30952,62.482,60.21628,60.60528,55.60576,62.36986,58.25805,60.30755,60.959,60.959,60.20797,55.31727,60.60528,57.38467,60.1415,56.58622,60.30755
8.06226,8.06226,8.06226,8.06226,8.06226,6.7082,7.2111,7.2111,7.2111,6.40312,6.40312,6.40312,6.40312,6.40312,6.40312,6.40312,5.65685,5.65685,6.40312,6.40312,6.40312,6.40312,6.40312,6.40312,6.40312,6.40312,6.40312,6.40312,6.40312,6.40312,6.40312,7.07107,7.07107,6.40312,5.65685,5.65685,6.40312,5.83095,5.83095,5.83095,4.47214,4.47214,5.38516,4.47214,4.47214,4.12311,4.12311,4.12311,4.12311,4.12311,3.0,3.0,55.97321,55.03635,53.16014,49.64877,49.0408,48.8467,49.0408,52.17279,45.89118,42.75512,42.29657,42.95346,39.45884,42.29657,42.57934,40.11234,44.04543,44.04543,41.04875,39.05125,40.04997,39.01282,41.30375,42.04759,42.42641,37.21559,38.47077,42.10701,44.55334,40.31129,38.32754,43.56604,40.31129,41.59327,37.21559,40.11234,40.11234,41.4367,45.09989,39.0,40.0,40.0,38.20995,38.11824,36.05551,30.59412,33.54102,33.73426,30.08322,26.57066,26.92582,24.73863,25.63201,25.63201,23.85372,22.13594,21.09502,47.75982,46.06517,47.92703,55.00909,53.53504,53.7122,54.20332,56.60389,58.5235,58.41233,65.60488,63.89053,67.62396,67.47592,67.26812,67.89698,73.53911,67.88225,71.44928,72.91776,70.93659,73.0,67.80118,67.47592,67.62396,65.43699,65.43699,64.66065,60.60528,61.7171,55.97321,62.2254,57.31492,55.31727,61.07373,56.72742,54.81788,56.60389,59.64059,58.24946,59.68249,57.70615,59.94164,62.17717,59.05929,54.23099,57.93962,61.46544,58.87274,61.32699,57.58472,63.32456,60.41523,55.02727,64.88451,58.5235,57.58472
10.19804,9.21954,9.48683,9.21954,9.48683,8.544,8.544,8.544,8.544,8.544,8.544,8.544,8.544,8.94427,8.06226,8.06226,8.06226,8.06226,8.06226,8.06226,8.06226,8.60233,8.06226,8.60233,8.06226,8.06226,8.06226,8.60233,8.60233,8.06226,8.06226,8.06226,8.06226,8.06226,7.61577,7.61577,7.61577,7.61577,7.28011,7.28011,6.32456,6.32456,6.08276,6.08276,5.09902,5.09902,5.09902,5.0,5.0,5.0,4.0,4.0,57.28001,56.63921,55.97321,55.15433,51.66237,50.93133,52.34501,53.2635,45.0,47.20169,45.0,45.48626,46.2277,43.82921,43.04649,41.67733,46.61545,41.62932,45.61798,44.28318,43.38202,40.70626,43.68066,43.08132,42.48529,40.24922,38.91015,45.12206,43.9659,41.10961,42.72002,42.05948,41.10961,42.72002,39.56008,42.37924,41.78516,42.54409,41.23106,35.77709,36.05551,38.94868,42.54409,37.73592,39.05125,33.42155,34.82815,33.01515,29.0,29.73214,26.87006,27.80288,26.87006,27.65863,23.43075,21.63331,19.72308,46.87217,49.81967,45.27693,53.90733,49.49747,52.34501,55.86591,55.9017,55.31727,58.25805,63.78087,60.959,63.25346,68.41053,67.95587,64.3506,67.74216,67.54258,66.64833,65.0,66.30988,68.942,70.26379,69.46222,65.55151,65.55151,63.24555,61.98387,61.84658,63.56099,57.93962,61.26989,57.27128,59.23681,54.12947,57.80138,56.60389,59.36329,56.40035,56.85068,58.60034,58.79626,59.03389,63.70243,58.79626,59.4138,62.482,58.41233,57.31492,63.65532,60.1415,64.53681,60.1415,59.39697,66.06815,67.62396,60.1415
8.60233,8.60233,8.60233,8.60233,8.60233,8.06226,8.06226,8.06226,7.61577,8.06226,8.06226,7.61577,7.61577,6.7082,6.7082,7.28011,7.28011,6.32456,7.28011,7.28011,7.28011,7.28011,6.32456,6.32456,7.28011,7.28011,7.28011,6.32456,7.28011,6.32456,6.7082,6.7082,6.7082,6.7082,6.7082,5.83095,5.83095,6.40312,5.0,5.0,5.0,5.0,4.24264,4.24264,4.24264,4.24264,3.60555,3.60555,3.60555,3.16228,3.16228,3.16228,64.38167,55.3263,59.22837,49.81967,52.39275,55.7315,52.95281,51.78803,45.12206,47.07441,45.60702,48.38388,47.75982,45.88028,43.01163,42.54409,45.69464,44.29447,45.31004,42.48529,45.17743,41.62932,46.14109,41.04875,42.05948,41.62932,37.44329,43.56604,41.34005,40.81666,40.49691,43.909,39.44617,41.18252,37.21559,41.59327,39.81206,40.71855,40.8534,37.33631,35.8469,35.73514,38.60052,36.13862,32.75668,31.04835,28.28427,29.42788,23.19483,26.01922,26.07681,25.07987,27.01851,24.08319,19.0263,23.02173,20.39608,44.28318,47.16991,44.38468,50.28916,45.60702,48.50773,50.63596,49.64877,55.57877,55.57877,59.4138,60.53098,63.63961,63.07139,66.0303,64.03124,68.18358,64.38167,67.26812,67.26812,66.09841,64.53681,64.53681,64.53681,66.94027,64.49806,67.72001,64.28841,58.94065,64.53681,55.08176,60.01666,57.72348,56.29387,57.42822,54.58938,51.0392,58.07753,57.0,61.0,58.0,56.32051,59.03389,61.07373,56.14268,61.52235,58.30952,55.22681,62.514,61.20457,60.53098,61.0,65.49046,54.74486,61.18823,65.9242,62.64982
10.0,10.81665,9.43398,10.29563,9.43398,9.43398,8.94427,8.94427,8.94427,8.94427,8.94427,8.94427,8.544,8.544,8.544,8.544,8.544,7.61577,8.24621,8.24621,7.61577,7.28011,7.61577,7.28011,7.28011,7.61577,7.61577,7.61577,7.61577,7.61577,7.61577,7.61577,7.61577,6.7082,7.2111,6.40312,6.40312,6.40312,6.40312,6.40312,5.65685,5.65685,5.0,5.0,5.0,3.60555,3.60555,3.60555,3.60555,3.60555,3.16228,3.16228,58.00862,53.08484,58.03447,57.00877,52.03845,51.0392,46.01087,49.0408,45.17743,47.16991,45.54119,45.70558,48.05206,43.41659,45.70558,46.57252,44.92215,41.59327,40.80441,40.5216,42.2019,37.36308,38.27532,39.56008,39.05125,36.13862,37.0,38.8973,37.85499,39.84972,39.29377,39.56008,36.68787,40.5216,37.64306,34.71311,34.52535,34.71311,34.23449,37.21559,32.01562,37.01351,32.01562,33.24154,33.01515,29.27456,26.01922,26.01922,26.30589,24.69818,26.92582,24.73863,21.58703,20.39608,20.24846,18.60108,20.80865,45.88028,50.0,46.57252,52.17279,51.97115,51.78803,54.23099,54.14795,58.13777,57.07889,62.03225,64.00781,67.00746,65.27634,66.48308,66.28725,72.18033,67.91171,68.65858,71.7844,69.92138,72.42237,65.45991,69.64194,67.06713,67.23095,69.46222,68.15424,59.48109,64.51356,57.24509,62.62587,62.29767,62.93648,62.36986,60.16644,55.54278,59.03389,58.54912,57.70615,62.514,58.07753,60.53098,59.21149,57.03508,61.0082,61.03278,61.07373,56.0357,56.0,60.0,61.0,66.0,57.07889,58.07753,60.13319,61.03278
9.84886,9.84886,8.94427,8.94427,8.94427,8.94427,8.94427,8.94427,8.06226,8.06226,8.06226,8.06226,8.06226,7.2111,7.2111,7.81025,7.2111,7.2111,7.2111,6.40312,7.2111,6.40312,7.2111,6.40312,7.2111,7.2111,7.2111,6.40312,6.40312,7.2111,6.40312,6.40312,5.83095,5.83095,6.7082,6.7082,6.32456,5.38516,5.38516,5.38516,5.09902,5.09902,5.09902,5.09902,5.09902,5.0,4.0,4.0,4.0,4.0,4.12311,4.12311,57.58472,52.20153,53.85165,53.16014,52.49762,50.44799,48.38388,49.64877,46.32494,47.80167,44.55334,47.85394,46.38965,44.55334,41.59327,42.29657,40.31129,41.04875,42.10701,39.11521,43.10452,37.0,39.05125,39.05125,37.21559,38.0526,38.01316,37.0,36.01389,41.10961,38.11824,40.04997,32.01562,34.1321,34.0147,33.24154,36.12478,34.52535,32.24903,35.90265,36.13862,32.75668,27.20294,24.73863,32.31099,25.94224,26.40076,27.29469,24.04163,20.59126,25.4951,20.80865,24.20744,18.60108,18.43909,16.40122,20.0,47.53946,49.0306,47.12749,51.07837,50.69517,50.32892,52.35456,56.82429,64.41273,57.70615,62.26556,61.58734,68.26419,70.17834,68.24954,66.52819,73.0,66.52819,68.76772,70.0928,72.13876,73.53911,69.31089,67.89698,70.17834,67.17887,70.0928,71.21798,60.959,66.52819,60.87693,63.70243,59.39697,62.36986,60.44005,61.7171,57.2014,55.80323,57.14018,62.26556,66.03787,59.16925,60.41523,59.03389,56.4358,54.626,60.00833,58.60034,61.32699,59.5063,60.00833,60.08328,63.90618,55.97321,62.03225,60.53924,57.38467
10.19804,9.21954,10.19804,9.21954,10.04988,9.05539,9.05539,9.05539,9.05539,9.0,9.05539,8.0,8.0,8.0,8.0,8.0,8.0,8.0,8.06226,8.06226,8.06226,8.06226,8.0,7.07107,8.06226,7.0,7.07107,8.06226,7.07107,7.0,7.07107,7.07107,7.0,7.0,7.0,7.07107,6.08276,6.08276,6.08276,6.08276,5.09902,5.09902,5.09902,5.09902,4.12311,4.47214,4.47214,4.12311,4.47214,4.47214,3.60555,3.60555,62.20129,55.31727,54.56189,54.81788,53.8145,45.60702,50.93133,52.49762,45.96738,46.2277,48.08326,45.27693,47.42362,44.82187,43.86342,44.82187,45.48626,41.6173,40.45986,41.23106,41.6173,40.0,39.44617,38.58756,37.21559,37.58989,38.91015,38.48376,38.94868,38.01316,36.35932,39.96248,37.73592,34.88553,36.61967,33.12099,33.01515,37.73592,34.4093,36.79674,33.30165,36.87818,31.14482,31.14482,31.14482,32.80244,28.30194,25.0,26.07681,25.80698,24.69818,22.82542,20.0,20.24846,21.0238,22.36068,18.43909,48.8774,49.09175,50.47772,52.83938,54.12024,52.0,56.46238,59.09315,64.62198,60.16644,63.90618,61.68468,65.45991,68.62215,72.8011,68.06614,73.97973,68.73136,66.09841,68.06614,69.2315,72.56032,68.35934,69.46222,70.11419,69.58448,70.06426,64.38167,64.38167,66.75328,61.40033,62.64982,57.07013,56.75385,60.16644,61.13101,56.61272,54.23099,60.92618,60.92618,59.9333,61.7171,59.94164,65.0,57.24509,56.61272,58.82176,58.24946,60.80296,64.63745,61.61169,66.61081,65.45991,60.21628,60.60528,61.84658,64.66065
11.18034,9.84886,9.84886,10.29563,9.84886,9.84886,8.544,9.48683,9.48683,8.544,8.544,9.48683,8.544,8.24621,8.24621,8.24621,8.24621,8.24621,8.24621,8.24621,8.24621,8.24621,8.24621,8.06226,8.24621,8.06226,8.06226,7.28011,8.24621,8.06226,7.28011,7.28011,7.28011,7.28011,7.28011,7.28011,7.28011,6.7082,6.7082,6.7082,6.7082,5.83095,5.83095,5.83095,5.0,5.0,5.0,5.0,4.24264,4.24264,4.24264,4.24264,59.90826,58.24946,55.65968,55.08176,53.85165,50.92151,55.71355,48.38388,47.92703,45.88028,47.01064,43.82921,46.95743,44.72136,39.44617,45.65085,47.01064,42.54409,39.44617,43.82921,39.20459,40.49691,38.83298,40.49691,42.63801,38.83298,38.94868,38.28838,38.83298,41.23106,38.20995,40.36087,39.20459,35.51056,35.80503,37.58989,39.66106,39.11521,38.58756,34.98571,38.01316,31.30495,30.08322,29.73214,32.31099,28.63564,25.29822,28.63564,24.04163,27.85678,23.4094,23.5372,23.08679,20.39608,22.09072,22.2036,17.02939,49.24429,46.87217,46.69047,52.23983,54.58938,50.03998,57.21888,57.00877,60.00833,64.00781,64.03124,64.00781,67.06713,67.1193,66.27217,71.56815,72.56032,70.83078,69.46222,71.80529,73.76313,71.8401,74.2159,69.42622,65.52099,64.32729,62.0967,66.48308,65.73431,62.8172,62.8172,59.22837,59.22837,58.0517,61.52235,62.1289,58.03447,59.00847,59.07622,59.21149,57.00877,61.40033,56.32051,62.64982,57.87055,61.98387,59.90826,61.61169,59.66574,64.53681,61.84658,59.22837,63.89053,60.87693,64.56005,63.06346,64.84597
11.40175,10.81665,10.0,10.63015,10.0,10.0,10.0,9.43398,9.43398,9.43398,9.43398,8.94427,8.94427,8.94427,8.94427,8.94427,8.94427,8.544,8.94427,8.94427,8.94427,8.94427,7.61577,8.544,8.544,8.544,8.544,8.06226,8.94427,7.61577,8.06226,8.06226,8.06226,8.06226,8.06226,7.2111,7.2111,7.2111,7.07107,7.07107,6.40312,6.40312,5.65685,5.65685,5.65685,5.0,5.0,5.0,5.0,4.47214,4.47214,4.47214,60.67125,58.13777,60.20797,53.60037,53.00943,50.03998,51.0098,48.04165,53.03772,51.0392,47.01064,44.18144,47.09565,51.08816,44.18144,46.32494,46.87217,46.09772,43.73786,43.01163,44.55334,39.62323,43.68066,42.44997,42.57934,42.2019,37.85499,40.80441,40.02499,40.80441,39.84972,44.14748,39.84972,40.80441,36.40055,36.87818,40.02499,39.45884,38.32754,36.05551,32.55764,35.51056,37.01351,33.0,30.01666,32.01562,31.01612,31.257,26.4764,25.4951,21.2132,22.56103,24.73863,22.80351,23.4094,17.72005,20.12461,45.0,47.09565,46.09772,49.49747,53.46027,53.93515,51.41984,54.40588,59.13544,59.48109,63.32456,61.13101,67.91171,68.68042,67.41662,65.79514,72.23573,67.97794,70.66116,65.8635,71.56116,71.02112,68.50547,69.77105,70.49113,67.74216,64.63745,67.42403,63.00794,63.13478,60.53924,64.00781,60.53924,60.90156,61.29437,60.83584,54.08327,57.56735,57.28001,58.94065,60.40695,65.11528,60.16644,64.93843,59.03389,60.01666,62.514,61.52235,63.50591,59.13544,60.29925,66.18912,62.28965,61.40033,61.52235,63.1981,61.39218
10.19804,10.19804,10.19804,10.19804,10.19804,9.21954,9.05539,9.05539,9.05539,9.05539,9.05539,9.05539,8.0,8.0,8.0,9.0,8.0,8.0,8.06226,8.06226,8.06226,8.06226,8.0,8.06226,8.06226,8.0,8.06226,8.06226,8.06226,8.0,7.0,8.06226,8.0,7.0,7.0,7.07107,7.07107,7.07107,6.08276,6.08276,6.08276,5.09902,6.08276,5.09902,5.38516,4.47214,4.47214,4.47214,4.47214,4.47214,3.60555,3.60555,53.48832,59.13544,53.31041,53.85165,58.30952,54.42426,54.12947,49.24429,48.30114,47.01064,48.75449,44.72136,47.88528,42.04759,44.29447,44.65423,46.64762,41.88078,43.82921,43.01163,41.86884,42.43819,40.36087,40.36087,39.82462,40.60788,39.66106,37.64306,41.10961,40.36087,40.31129,44.59821,41.03657,37.48333,40.22437,39.40812,39.69887,39.66106,36.61967,37.58989,34.98571,35.77709,35.77709,34.0,29.68164,33.61547,31.32092,30.08322,27.89265,26.92582,25.31798,23.34524,21.84033,21.37756,23.19483,24.08319,19.0263,47.85394,44.38468,47.01064,46.8188,49.98,48.27007,49.24429,53.15073,58.46366,57.70615,57.70615,62.20129,68.35934,66.37017,65.06919,69.0,68.02941,66.06815,64.00781,69.26038,68.46897,71.34424,70.85901,65.49046,70.21396,65.76473,68.06614,67.74216,64.49806,60.20797,62.514,57.31492,57.14018,56.0357,61.0082,60.13319,57.21888,57.07889,56.00893,59.03389,62.39391,57.70615,61.81424,64.7611,58.69412,62.93648,59.03389,59.90826,60.87693,59.48109,64.56005,63.56886,62.36185,59.80803,65.55151,59.48109,63.69458
9.0,8.06226,8.06226,8.06226,8.06226,8.0,8.06226,7.07107,7.07107,7.07107,7.07107,7.07107,7.07107,7.28011,6.32456,7.28011,6.32456,6.32456,6.32456,6.32456,6.32456,6.7082,6.32456,6.32456,6.32456,6.32456,6.32456,6.32456,6.32456,6.32456,6.32456,6.32456,6.32456,6.32456,5.09902,5.09902,5.0,5.0,5.0,5.0,5.0,4.0,5.0,4.0,4.12311,4.12311,4.12311,4.12311,3.16228,3.16228,3.60555,2.82843,59.81639,60.1415,52.63079,53.07542,54.81788,48.9183,50.21952,46.2277,53.53504,44.65423,45.22168,44.65423,44.94441,45.79301,43.41659,42.04759,45.27693,45.61798,42.04759,41.59327,43.32436,45.31004,41.97618,41.76123,38.62642,38.8973,43.01163,39.56008,44.27189,36.76955,41.78516,39.84972,42.2019,36.13862,43.08132,36.24914,39.84972,39.84972,36.76955,34.98571,33.24154,33.54102,33.12099,31.38471,33.61547,30.0,28.42534,28.01785,25.45584,29.0,26.40076,24.75884,23.34524,25.45584,19.84943,20.0,17.0,43.18565,44.04543,43.86342,44.82187,51.08816,46.2277,49.0408,49.64877,55.0,58.83026,57.68882,62.96825,66.03787,65.51336,65.19202,65.74192,69.77822,69.64194,68.70953,66.12866,72.73239,70.21396,68.68042,68.15424,67.18631,68.41053,61.13101,64.56005,61.13101,63.56886,57.87055,61.40033,60.08328,56.46238,55.9464,57.93962,57.69749,53.7122,54.3783,57.98276,58.5235,61.84658,58.00862,58.82176,55.0,60.20797,60.30755,62.28965,55.9017,60.30755,58.69412,63.63961,58.0,59.39697,63.65532,58.72819,61.7171
10.19804,9.21954,10.19804,9.21954,9.21954,8.24621,8.24621,8.544,8.544,8.544,8.544,8.544,8.544,8.544,7.61577,8.544,7.61577,7.61577,7.61577,8.06226,7.61577,7.61577,7.61577,8.06226,7.61577,7.61577,6.7082,7.61577,7.61577,7.61577,7.61577,7.61577,7.28011,7.61577,6.32456,7.28011,6.08276,6.08276,6.08276,6.08276,6.0,5.0,6.0,5.0,5.0,4.0,4.0,4.0,4.0,4.12311,4.12311,3.16228,56.63921,57.98276,53.15073,50.93133,53.8145,48.08326,50.93133,46.01087,43.84062,44.59821,44.20407,44.40721,46.61545,43.56604,41.88078,40.22437,43.41659,41.67733,42.72002,38.94868,39.82462,40.70626,39.81206,39.0,37.12142,38.83298,37.21559,40.24922,37.58989,37.12142,38.91015,39.96248,38.48376,38.91015,34.43835,34.1321,36.89173,35.22783,37.21559,35.4683,33.01515,29.73214,31.14482,31.06445,27.58623,32.64966,27.01851,27.65863,24.41311,23.02173,25.0,22.36068,22.2036,20.24846,21.18962,20.88061,18.68154,40.70626,45.27693,50.11986,49.40648,51.61395,47.63402,48.83646,55.22681,55.9017,57.28001,57.31492,63.70243,65.06919,65.0,67.20119,67.6757,70.80254,72.94518,67.41662,68.0,69.35416,73.82412,70.68239,70.21396,69.64194,69.857,65.0,69.64194,63.69458,64.07808,60.00833,63.97656,58.18075,55.9464,59.68249,57.80138,57.42822,58.5235,60.46487,60.60528,60.0,59.03389,62.00806,62.482,57.48913,55.9017,58.69412,58.72819,62.24147,61.52235,55.15433,61.55485,59.39697,65.06919,67.17887,65.11528,63.65532
9.48683,9.48683,8.94427,8.94427,8.94427,8.544,8.06226,8.06226,8.06226,7.2111,8.06226,8.06226,7.2111,7.2111,7.2111,7.81025,7.81025,7.81025,7.07107,6.40312,6.40312,7.2111,7.2111,7.07107,7.07107,7.81025,7.2111,6.40312,6.40312,7.2111,6.40312,6.40312,6.40312,5.83095,6.7082,5.83095,6.7082,5.38516,5.38516,5.38516,5.38516,5.38516,4.47214,4.12311,4.12311,4.12311,4.0,3.16228,3.0,3.0,3.0,3.0,55.21775,53.60037,54.91812,58.30952,55.47071,56.30275,48.60041,48.60041,42.43819,48.76474,47.88528,42.94182,47.88528,42.95346,40.31129,45.18849,41.78516,43.46263,40.31129,40.49691,43.9659,38.62642,38.60052,38.27532,33.61547,39.21734,35.17101,37.0,37.0,40.80441,41.48494,37.10795,36.40055,38.32754,36.05551,37.33631,36.40055,35.4683,35.8469,39.0,33.61547,31.90611,32.80244,30.61046,29.15476,29.06888,29.20616,31.14482,26.1725,26.90725,25.4951,24.08319,19.20937,17.20465,18.86796,20.24846,21.26029,43.68066,48.10405,48.46648,51.88449,47.92703,52.3259,50.60632,53.85165,58.66856,57.98276,60.60528,65.21503,63.89053,67.89698,67.35726,65.05382,72.12489,67.17887,71.42129,70.17834,71.50524,73.40981,68.00735,67.20119,67.6757,66.57327,66.24198,64.66065,61.91123,63.81222,60.0,64.89992,60.0,59.81639,59.5483,59.39697,56.63921,60.20797,56.0803,60.10824,60.81118,60.30755,59.46427,60.0,58.41233,60.60528,59.66574,56.0803,60.74537,59.20304,57.62812,62.62587,66.0303,56.85948,61.40033,58.82176,67.00746
10.0,10.0,10.04988,10.0,9.0,9.05539,9.05539,9.05539,9.05539,8.06226,9.05539,8.06226,8.06226,8.06226,8.24621,8.24621,8.24621,8.24621,7.28011,7.28011,7.28011,7.28011,7.28011,7.28011,7.28011,7.28011,7.28011,7.28011,7.28011,7.28011,7.07107,7.07107,7.07107,7.07107,7.07107,7.07107,7.0,6.0,6.0,6.0,6.08276,6.0,5.09902,5.09902,5.09902,5.09902,5.09902,4.12311,4.47214,4.47214,4.47214,4.47214,56.0803,55.80323,55.31727,53.2635,51.73973,48.79549,49.67897,47.01064,46.01087,48.79549,43.18565,42.80187,48.41487,44.04543,43.60046,38.60052,40.60788,38.01316,41.6173,39.11521,41.88078,38.27532,38.47077,35.22783,36.61967,36.89173,38.58756,36.61967,39.96248,39.35734,35.8469,36.71512,35.8469,37.73592,39.05125,35.60899,36.40055,34.05877,33.28663,33.30165,30.80584,31.1127,32.80244,30.41381,32.01562,27.20294,28.3196,24.69818,24.59675,19.41649,24.18677,20.80865,18.78829,21.47091,18.43909,16.76305,16.15549,43.56604,44.65423,43.60046,49.40648,46.66905,48.9183,50.24938,54.48853,55.86591,55.97321,61.22091,63.03174,65.94695,64.63745,68.24222,64.14047,68.96376,70.26379,73.3553,66.18912,72.01389,74.46476,69.77822,70.93659,69.57011,69.28925,67.05222,66.7308,63.32456,62.62587,58.87274,64.84597,61.09828,61.09828,57.24509,56.35601,55.07268,58.66856,59.90826,57.14018,57.45433,59.07622,60.53924,58.41233,54.40588,59.20304,58.25805,55.44367,57.48913,58.25805,55.80323,62.36986,60.959,57.00877,62.42596,61.52235,63.03174
11.0,10.0,10.04988,10.0,9.0,9.05539,9.05539,9.05539,9.05539,8.06226,9.05539,9.21954,8.06226,8.06226,8.06226,8.24621,8.24621,8.24621,8.24621,8.24621,8.24621,7.28011,8.24621,7.28011,7.28011,8.24621,8.24621,7.28011,7.28011,7.28011,7.07107,7.07107,7.07107,7.07107,7.07107,7.0,7.0,7.0,6.0,6.0,6.08276,6.08276,6.08276,5.09902,5.09902,5.09902,5.38516,4.12311,4.47214,4.47214,4.47214,4.47214,58.0,58.0,52.40229,51.08816,55.80323,51.22499,49.0408,51.85557,49.67897,47.63402,46.61545,48.25971,43.04649,43.909,44.10215,44.29447,43.909,39.96248,43.38202,40.24922,44.28318,38.91015,40.71855,39.39543,38.47077,44.29447,33.10589,34.17601,38.91015,39.56008,38.27532,39.92493,35.8469,35.8469,36.05551,37.58989,32.64966,33.12099,35.8469,37.57659,34.9285,35.22783,29.0,30.61046,28.6007,28.84441,27.65863,26.1725,26.87006,25.4951,23.43075,16.64332,19.20937,19.41649,17.88854,19.69772,21.93171,46.51881,41.67733,43.56604,49.67897,48.82622,53.60037,49.20366,56.22277,58.41233,58.13777,60.1415,63.65532,66.48308,67.89698,66.8431,69.2026,68.60029,70.45566,67.1193,71.34424,69.46222,71.19691,68.60029,69.77105,69.77105,67.54258,63.69458,63.15853,62.64982,64.41273,59.5063,62.64982,62.17717,59.03389,59.90826,61.61169,58.83026,58.5235,56.85948,61.07373,60.44005,61.55485,62.28965,62.28965,58.72819,57.28001,60.1415,63.65532,62.93648,59.5483,63.03174,62.62587,64.44377,63.65532,65.05382,59.4138,60.82763
8.60233,8.60233,8.60233,8.60233,8.06226,8.06226,8.06226,7.61577,7.61577,7.2111,8.06226,7.61577,7.61577,6.7082,6.7082,7.28011,7.28011,6.32456,7.28011,7.28011,6.32456,7.28011,6.32456,7.28011,6.32456,6.32456,6.08276,6.32456,6.32456,6.32456,6.32456,6.32456,6.32456,6.32456,5.38516,5.38516,5.38516,5.83095,5.0,5.0,4.47214,5.0,4.24264,4.24264,3.60555,3.60555,3.60555,3.60555,3.60555,3.60555,3.60555,2.23607,59.07622,58.13777,53.46027,51.78803,58.42089,51.15662,53.60037,50.80354,48.6621,47.07441,47.38143,46.87217,45.12206,44.14748,43.17407,43.9659,49.72927,45.54119,42.95346,43.65776,44.92215,43.08132,42.15448,40.8534,41.4367,39.92493,40.80441,41.14608,40.16217,39.0,39.92493,39.92493,41.78516,42.15448,36.35932,37.65634,39.84972,39.56008,38.63936,37.85499,39.62323,33.24154,33.73426,33.24154,33.0,30.41381,27.01851,32.0,24.02082,28.01785,23.08679,23.02173,23.08679,25.96151,19.64688,15.0333,16.12452,45.61798,40.8534,44.92215,46.57252,50.44799,49.72927,53.33854,51.78803,53.46027,59.21149,60.20797,59.0,66.18912,68.02941,65.12296,67.26812,68.35934,73.34848,67.74216,67.08204,69.63476,73.37575,73.05477,68.41053,68.41053,69.92138,67.44627,61.03278,68.96376,63.32456,60.72891,62.93648,59.48109,57.72348,60.20797,56.75385,58.69412,59.3043,59.13544,60.03332,59.13544,62.1289,58.0,64.12488,56.0357,58.0,60.13319,62.20129,59.00847,60.29925,65.12296,59.68249,58.00862,59.07622,64.49806,61.07373,61.29437
8.94427,8.94427,8.94427,8.94427,8.544,8.94427,7.61577,7.61577,7.61577,7.28011,7.61577,7.28011,7.28011,7.28011,7.28011,7.28011,7.28011,7.28011,7.07107,7.07107,7.28011,7.07107,7.28011,7.07107,7.07107,7.07107,7.07107,7.07107,7.07107,6.32456,6.32456,6.32456,6.32456,6.32456,6.32456,6.32456,6.7082,5.38516,5.83095,5.83095,5.0,5.0,5.0,5.0,4.24264,4.24264,4.24264,4.24264,4.24264,4.24264,3.60555,3.60555,58.24088,55.36244,58.5235,51.24451,54.12024,51.66237,48.76474,52.81098,49.65884,49.33559,50.56679,44.77723,44.01136,45.18849,42.37924,46.87217,44.72136,41.18252,42.72002,45.17743,47.50789,44.29447,44.94441,38.60052,40.22437,39.40812,41.34005,42.19005,36.89173,43.60046,43.26662,40.49691,36.05551,41.88078,38.47077,39.44617,36.89173,36.40055,36.05551,39.44617,35.4683,35.4683,33.24154,34.17601,27.85678,31.40064,28.28427,28.28427,28.07134,26.1725,25.0,23.02173,22.02272,25.01999,20.22375,19.0263,20.24846,44.68781,47.80167,48.82622,52.43091,50.77401,47.85394,52.47857,51.10773,58.59181,55.9464,62.29767,60.08328,68.96376,67.05222,66.94027,67.68309,71.02112,70.03571,69.58448,73.24616,68.46897,67.1193,72.02777,72.0,69.02898,68.02941,63.3877,66.0,63.07139,62.1289,57.03508,63.00794,60.20797,56.56854,60.13319,60.20797,57.31492,57.21888,58.30952,56.08921,57.07013,56.75385,59.43904,60.16644,60.63827,59.23681,61.68468,62.62587,58.87274,61.35145,60.72891,62.36185,59.66574,60.16644,61.40033,64.2573,64.56005
10.44031,9.21954,10.19804,9.21954,9.21954,8.24621,9.05539,9.05539,8.06226,9.05539,9.05539,8.06226,8.0,8.0,8.0,8.0,8.0,8.0,8.06226,8.06226,8.06226,8.06226,8.0,8.06226,8.06226,8.0,8.06226,8.06226,8.06226,8.06226,8.06226,8.06226,8.06226,7.0,7.0,7.07107,7.07107,7.07107,6.08276,6.08276,6.08276,5.09902,6.08276,5.09902,5.09902,5.09902,5.09902,5.09902,4.12311,4.47214,3.60555,3.60555,58.60034,52.39275,55.00909,51.62364,49.64877,51.89412,44.72136,52.35456,48.8774,46.52956,42.43819,45.79301,40.49691,38.20995,45.22168,44.82187,48.41487,41.23106,43.93177,41.04875,44.68781,36.06938,38.8973,40.31129,43.13931,36.06938,37.48333,38.94868,41.23106,41.10961,39.69887,38.28838,36.79674,43.13931,33.97058,40.31129,40.31129,36.76955,41.40048,37.01351,34.05877,37.44329,35.22783,30.61046,33.61547,31.62278,29.54657,26.83282,26.57066,22.80351,22.47221,23.4094,21.54066,19.92486,24.04163,22.0,23.19483,49.81967,50.60632,46.95743,52.35456,51.47815,55.03635,56.79789,59.13544,60.41523,56.85948,65.96969,64.51356,68.62215,74.46476,72.83543,64.28063,75.80237,68.06614,76.41989,71.25307,70.11419,72.02777,65.00769,71.02816,71.02816,69.06519,65.00769,67.06713,61.40033,65.00769,58.00862,65.06919,58.13777,60.53098,59.07622,60.20797,57.07013,56.7186,54.57105,59.48109,59.66574,53.60037,62.93648,57.87055,62.93648,57.38467,61.46544,60.41523,58.30952,59.09315,61.46544,66.70832,62.24147,58.18075,59.46427,64.41273,58.18075
8.94427,8.06226,8.94427,8.94427,8.06226,8.06226,7.2111,7.2111,7.2111,7.2111,7.2111,7.2111,7.2111,7.2111,7.2111,7.07107,7.07107,6.40312,7.07107,7.07107,6.40312,7.07107,6.40312,7.07107,6.40312,6.40312,6.40312,7.07107,6.40312,6.40312,6.40312,6.40312,6.40312,6.40312,5.83095,5.83095,5.83095,5.38516,5.38516,5.38516,5.38516,4.47214,5.09902,4.12311,4.12311,4.12311,4.12311,4.0,4.0,4.0,3.16228,3.16228,57.87055,54.626,51.62364,48.46648,52.20153,48.38388,49.72927,48.76474,51.92302,43.93177,43.32436,42.57934,44.72136,43.73786,46.17359,44.18144,45.39824,45.17743,42.42641,40.11234,39.0,43.04649,41.01219,39.01282,41.01219,44.01136,42.0119,39.0,44.01136,40.0125,35.01428,34.05877,42.0119,43.10452,39.20459,39.01282,39.31921,37.21559,42.75512,36.67424,39.56008,32.01562,35.1141,36.76955,34.17601,30.46309,29.96665,33.83785,24.69818,23.25941,25.23886,22.47221,23.60085,24.16609,22.02272,19.84943,17.69181,49.36598,47.51842,52.39275,58.24946,55.65968,55.08176,57.93962,58.30952,61.09828,64.07808,63.97656,68.42514,71.58911,69.46222,70.45566,70.72482,77.93587,73.81734,71.40028,72.91776,77.15569,69.29646,68.68042,70.0928,67.94115,67.26812,65.79514,62.96825,63.63961,62.96825,60.82763,60.1415,57.28001,57.80138,61.07373,55.60576,56.0357,54.91812,59.07622,59.94164,55.07268,54.12947,59.61543,58.69412,51.88449,56.79789,54.56189,54.626,59.09315,63.15853,61.84658,61.46544,57.77543,57.70615,61.46544,61.09828,61.03278
10.19804,9.21954,9.21954,9.21954,9.05539,9.05539,9.05539,9.0,8.06226,8.0,8.0,8.0,8.0,8.0,8.0,8.06226,8.06226,8.06226,7.07107,7.07107,7.07107,7.07107,7.07107,7.07107,7.0,7.07107,7.07107,7.0,7.07107,7.07107,7.0,7.0,7.0,7.0,7.0,7.0,7.07107,6.08276,6.08276,5.09902,6.32456,5.38516,5.38516,5.38516,5.38516,4.47214,4.47214,4.47214,4.47214,3.60555,4.24264,3.60555,52.35456,57.3062,49.24429,48.37355,55.80323,49.09175,49.64877,46.64762,46.32494,43.26662,45.27693,41.86884,46.01087,43.41659,39.59798,44.59821,40.36087,38.20995,35.4683,38.20995,42.63801,36.12478,37.20215,37.64306,32.55764,37.48333,36.12478,35.38361,38.28838,35.0,34.82815,36.79674,38.60052,35.0,34.20526,31.241,34.71311,33.94113,33.94113,32.55764,34.71311,29.20616,31.76476,28.6531,30.23243,29.41088,24.41311,28.17801,21.93171,22.80351,21.18962,20.88061,18.24829,21.0238,20.22375,19.0263,15.0333,47.43416,46.87217,52.15362,54.12024,53.66563,54.12024,56.36488,57.69749,62.64982,63.24555,68.30813,70.83784,72.11103,73.24616,71.06335,74.96666,74.1485,73.97973,71.02112,74.54529,73.10951,75.23962,75.10659,75.00667,74.10803,70.11419,68.11755,66.00758,67.00746,62.03225,65.12296,64.0,61.07373,61.07373,63.78871,58.24946,58.54912,59.20304,56.88585,59.90826,60.41523,63.89053,57.00877,60.92618,55.02727,62.17717,61.09828,59.5063,57.24509,61.09828,62.64982,62.26556,56.85948,59.9333,57.27128,63.13478,60.83584
9.21954,8.60233,8.60233,8.60233,8.60233,7.2111,8.06226,8.06226,8.06226,8.06226,7.61577,7.61577,6.7082,7.61577,6.7082,7.61577,6.32456,7.61577,6.32456,6.7082,6.7082,6.7082,6.32456,6.32456,6.32456,6.32456,6.32456,6.32456,6.32456,6.32456,6.7082,6.7082,6.7082,5.83095,5.83095,5.83095,5.83095,5.0,5.0,4.24264,4.24264,4.24264,5.0,4.24264,3.60555,3.60555,3.60555,3.16228,3.16228,3.16228,3.16228,2.23607,62.96825,55.22681,54.74486,54.12947,55.36244,52.39275,46.84015,51.5461,45.35416,43.65776,43.9659,40.8534,45.69464,41.10961,42.95346,45.18849,44.72136,39.35734,41.18252,41.88078,40.81666,37.73592,41.67733,38.60052,40.81666,39.11521,36.71512,41.04875,38.01316,37.80212,39.62323,39.82462,39.44617,38.83298,38.07887,38.01316,35.8469,37.16181,34.43835,35.34119,32.20248,34.0147,34.17601,32.89377,34.20526,27.20294,29.42788,32.01562,21.2132,24.08319,23.34524,18.0,19.10497,23.34524,24.08319,16.76305,19.92486,51.26402,46.8188,47.12749,53.93515,53.36666,55.22681,54.45181,61.20457,63.3877,61.20457,64.12488,64.00781,70.02857,71.00704,72.33948,68.26419,76.41989,70.03571,75.53807,75.18643,71.7844,70.88018,73.76313,72.27724,70.21396,69.12308,65.14599,68.96376,61.98387,67.18631,58.5235,64.28841,60.72891,59.43904,59.68249,59.5399,55.3263,57.03508,60.13319,57.0,60.00833,58.13777,59.3043,62.28965,63.28507,61.52235,59.21149,59.4138,60.29925,61.52235,62.96825,65.11528,62.28965,56.56854,61.98387,61.84658,58.85576
9.0,9.0,9.0,9.0,8.0,8.06226,8.06226,8.06226,8.06226,7.07107,8.06226,8.24621,7.28011,7.28011,7.28011,7.28011,7.61577,7.28011,7.61577,7.28011,7.28011,7.28011,7.61577,6.7082,7.61577,7.61577,7.61577,6.32456,7.28011,7.61577,6.32456,6.32456,6.32456,6.08276,6.32456,6.08276,6.08276,6.08276,5.0,5.0,5.0,5.0,5.0,5.0,4.0,4.0,4.12311,3.16228,3.16228,3.16228,3.16228,3.16228,59.94164,56.93856,54.3783,55.22681,54.6443,53.82379,51.86521,52.69725,49.81967,51.40039,46.09772,46.09772,46.75468,46.2277,43.41659,45.27693,44.55334,44.04543,42.44997,45.34314,42.80187,44.40721,42.2019,42.42641,36.87818,43.86342,42.80187,45.80393,43.86342,46.04346,43.26662,42.0119,41.72529,42.2019,41.88078,39.59798,38.8973,39.69887,40.36087,36.06938,38.18377,36.06938,33.61547,33.28663,28.6531,32.75668,29.41088,28.17801,27.29469,24.59675,24.04163,28.4605,24.59675,24.73863,20.39608,18.02776,23.08679,46.14109,47.20169,48.82622,52.40229,52.40229,49.51767,53.03772,54.03702,59.66574,58.24946,61.03278,65.19202,70.83078,69.97142,68.0,68.44706,72.01389,71.17584,70.2282,70.83784,69.64194,72.27724,70.34202,68.88396,67.08204,66.70832,67.08204,63.56099,60.63827,63.34824,61.61169,65.25335,58.24088,57.56735,59.20304,58.82176,57.58472,61.46544,59.61543,59.94164,60.83584,57.98276,61.40033,64.41273,62.76942,63.52952,63.13478,60.20797,60.03332,63.06346,65.0,62.1289,62.26556,63.24555,63.24555,66.88797,61.29437
9.43398,8.60233,8.60233,8.60233,8.06226,7.2111,7.81025,7.81025,7.81025,7.07107,7.81025,7.07107,7.07107,7.07107,7.07107,7.07107,6.40312,6.40312,7.81025,6.40312,7.07107,7.07107,6.40312,7.2111,7.2111,7.2111,7.2111,7.2111,7.2111,6.40312,7.07107,7.07107,7.07107,7.07107,6.40312,5.65685,6.40312,6.40312,5.83095,5.83095,4.47214,5.0,4.47214,4.47214,4.47214,4.47214,4.12311,4.12311,3.16228,3.0,3.0,3.0,61.32699,57.70615,55.9464,55.03635,52.80152,50.53712,46.8188,52.49762,49.0408,49.39636,48.76474,42.05948,44.64303,44.64303,44.92215,42.44997,43.56604,42.75512,43.41659,42.29657,44.40721,40.31129,47.26521,42.29657,42.95346,43.10452,42.29657,44.40721,42.29657,44.04543,39.05125,42.75512,42.19005,45.17743,40.31129,43.41659,44.72136,41.59327,40.31129,37.64306,33.52611,40.8534,36.76955,38.32754,35.1141,34.53983,32.20248,34.1321,30.46309,26.92582,26.40076,24.08319,24.18677,22.62742,24.75884,19.10497,19.84943,44.18144,44.10215,47.09565,49.49747,48.83646,49.0408,48.6621,53.45091,56.32051,57.24509,63.69458,63.97656,64.4748,64.40497,65.76473,65.8635,69.97142,66.0303,68.8186,68.8186,68.88396,71.8401,64.66065,67.89698,66.46804,63.78087,59.39697,64.38167,58.0,63.03174,57.48913,64.3506,60.87693,56.0803,58.25805,55.21775,54.20332,60.74537,58.82176,54.3783,56.60389,56.35601,59.9333,60.92618,56.82429,60.41523,59.09315,59.9333,58.69412,60.82763,61.29437,59.9333,59.9333,59.9333,66.21178,64.4748,60.16644
10.04988,10.0,10.0,10.0,10.0,9.0,9.05539,9.05539,9.05539,9.05539,9.05539,9.05539,9.05539,8.24621,8.06226,8.24621,8.24621,8.24621,8.24621,8.544,8.24621,8.24621,8.24621,8.544,8.24621,8.24621,8.24621,8.24621,8.24621,8.24621,8.24621,8.24621,8.24621,8.24621,8.06226,8.06226,8.0,8.0,7.0,7.0,7.0,6.0,7.0,6.08276,6.08276,5.09902,5.09902,5.09902,5.09902,5.09902,4.47214,4.47214,57.62812,51.22499,55.97321,50.91169,46.66905,51.73973,46.2277,49.0408,44.82187,46.69047,43.93177,44.04543,41.67733,40.31129,43.01163,40.22437,43.04649,40.70626,45.17743,40.71855,42.72002,37.33631,43.01163,38.8973,40.70626,38.8973,40.70626,43.41659,39.21734,40.71855,41.62932,41.10961,38.27532,42.2019,40.24922,40.49691,44.94441,43.38202,42.94182,39.96248,34.98571,38.07887,36.89173,36.71512,35.0,33.01515,33.24154,30.4795,31.82766,27.65863,27.20294,24.75884,26.1725,23.85372,21.40093,20.61553,19.20937,46.95743,47.41308,45.27693,53.25411,52.20153,51.86521,53.00943,54.67175,58.25805,55.97321,62.93648,60.82763,63.65532,63.70243,66.06815,63.12686,71.21798,68.50547,72.20111,66.85058,70.3278,64.88451,65.29931,66.18912,63.07139,66.64833,63.07139,62.64982,60.37384,63.63175,53.7122,61.29437,60.53924,57.68882,57.98276,53.53504,53.00943,58.25805,54.03702,54.56189,61.7171,55.17246,59.39697,56.63921,56.56854,61.6198,56.58622,56.63921,57.38467,55.17246,63.78087,57.31492,62.93648,56.72742,68.0147,61.7171,61.6198
8.544,8.544,8.24621,8.24621,8.24621,7.28011,7.28011,7.28011,7.28011,7.07107,7.07107,7.07107,7.0,7.0,7.0,6.0,7.0,6.0,6.0,7.0,6.0,7.0,6.0,6.08276,7.07107,6.08276,7.0,7.07107,7.07107,6.0,7.0,7.0,7.0,6.0,6.08276,6.08276,6.08276,6.08276,6.08276,6.08276,5.38516,5.38516,5.38516,4.47214,4.47214,4.47214,4.47214,4.47214,4.47214,3.60555,4.24264,4.24264,59.03389,52.7731,52.49762,49.72927,48.05206,44.72136,43.17407,47.53946,40.80441,43.68066,42.72002,42.48529,43.08132,43.38202,40.8534,38.07887,40.31129,35.8469,38.27532,39.44617,38.60052,38.60052,39.82462,38.41875,35.4683,38.27532,34.65545,36.79674,38.01316,35.22783,37.80212,38.41875,37.64306,41.03657,38.28838,39.20459,39.69887,35.4683,39.44617,38.07887,37.58989,34.17601,34.0147,33.54102,31.30495,31.32092,33.24154,29.12044,28.86174,28.86174,28.4605,27.65863,23.5372,23.08679,20.02498,23.08679,20.39608,49.47727,49.81967,51.1957,56.29387,55.57877,52.61179,57.07889,58.21512,62.07254,60.0,64.0,69.02898,68.00735,71.06335,69.46222,74.96666,74.67262,73.1642,73.1642,70.03571,71.58911,71.58911,70.83078,68.62215,71.56815,69.92138,67.6757,68.68042,62.0967,62.96825,61.61169,61.0,59.22837,56.22277,60.20797,58.13777,57.07889,57.07889,59.00847,58.07753,57.00877,63.03174,57.07889,59.4138,57.55867,60.29925,56.56854,54.34151,58.85576,57.70615,58.0517,61.98387,55.7315,57.48913,56.88585,57.00877,59.03389
9.43398,9.43398,9.43398,9.43398,8.60233,8.60233,8.60233,7.81025,7.81025,7.81025,7.81025,7.81025,7.81025,7.81025,7.81025,7.07107,7.81025,7.07107,7.81025,7.81025,7.07107,7.07107,7.07107,7.81025,7.81025,7.2111,7.81025,7.07107,7.81025,7.07107,7.07107,7.81025,7.81025,7.07107,6.40312,6.40312,6.40312,7.2111,6.7082,6.7082,5.38516,5.38516,5.38516,5.38516,5.38516,4.47214,4.12311,5.09902,4.12311,4.12311,4.12311,4.0,57.24509,50.11986,50.53712,48.02083,47.88528,46.64762,43.86342,42.48529,40.31129,38.27532,37.36308,37.64306,38.8973,34.48188,36.68787,35.35534,39.45884,34.71311,32.75668,31.32092,34.52535,32.14032,33.13608,31.14482,34.0147,33.54102,31.06445,33.37664,37.01351,34.1321,33.13608,30.06659,36.49658,36.01389,30.59412,33.24154,35.22783,30.59412,29.83287,30.08322,30.36445,27.85678,32.69557,29.73214,27.73085,22.84732,26.92582,26.83282,26.41969,22.02272,21.26029,21.40093,21.93171,20.51828,21.40093,17.69181,20.12461,52.80152,55.4617,53.7122,55.22681,56.0803,57.45433,59.36329,60.21628,66.8431,62.80127,64.66065,68.62215,74.41102,74.33034,73.53911,74.27651,73.5527,72.34639,75.0733,75.16648,72.62231,77.80103,74.63243,71.02816,71.28113,68.41053,72.40166,67.42403,63.82006,66.06815,60.44005,65.29931,60.959,58.69412,59.4138,58.72819,55.17246,58.0517,57.62812,59.81639,54.67175,59.40539,61.03278,60.21628,56.60389,55.75841,59.68249,58.66856,60.90156,59.48109,56.0803,59.03389,62.64982,54.12024,59.05929,55.9464,56.60389
8.544,8.544,8.06226,7.61577,8.06226,7.61577,8.06226,8.06226,7.2111,7.2111,7.2111,7.2111,7.2111,7.2111,6.40312,7.07107,6.40312,6.40312,6.40312,6.40312,6.40312,6.40312,6.40312,6.40312,6.40312,6.40312,6.40312,6.40312,6.40312,6.40312,6.40312,6.40312,6.40312,6.40312,5.83095,6.7082,6.7082,5.38516,5.38516,5.38516,5.38516,5.09902,5.09902,5.09902,5.09902,4.12311,5.0,4.0,4.0,4.0,4.12311,4.12311,52.17279,48.37355,51.15662,49.81967,49.64877,46.69047,44.18144,44.18144,42.10701,41.01219,42.0,41.01219,40.11234,39.0,38.20995,40.11234,36.01389,40.11234,36.12478,39.45884,40.4475,36.67424,34.9285,32.38827,34.20526,32.75668,39.31921,35.51056,32.75668,35.17101,37.48333,36.40055,35.22783,35.90265,32.55764,34.23449,34.23449,36.22154,34.23449,34.05877,34.0,31.14482,32.24903,29.01724,25.96151,28.16026,29.42788,25.70992,27.65863,25.31798,21.54066,21.9545,21.0238,18.02776,17.0,17.80449,15.0,49.0102,49.09175,51.15662,52.61179,53.93515,52.39275,59.66574,59.22837,60.63827,61.84658,62.39391,65.14599,66.40783,71.30919,68.02941,70.68239,72.09022,68.96376,71.69379,70.49113,71.86793,71.84706,66.85058,70.17834,69.2026,67.6757,65.80274,68.00735,62.42596,61.61169,62.96825,61.29437,59.90826,58.66856,60.90156,57.00877,55.15433,55.15433,58.69412,57.87055,59.61543,60.87693,57.97413,61.13101,58.94065,59.43904,59.43904,59.03389,58.24946,59.90826,55.31727,59.03389,62.16912,53.85165,58.46366,56.29387,61.81424
10.44031,9.48683,9.48683,9.48683,8.544,8.544,8.544,8.544,8.544,7.61577,7.61577,8.06226,8.06226,7.2111,6.7082,8.06226,7.2111,7.2111,7.2111,7.2111,7.2111,7.2111,7.2111,6.40312,6.40312,7.2111,7.2111,6.40312,6.40312,7.2111,5.83095,6.7082,6.7082,5.83095,6.7082,6.32456,6.32456,5.38516,5.09902,5.09902,5.09902,5.09902,5.09902,5.0,5.0,4.0,4.0,4.0,4.0,3.16228,4.12311,3.16228,55.9017,53.15073,50.44799,51.73973,53.15073,47.80167,47.20169,41.01219,38.01316,44.20407,37.01351,40.31129,41.6173,37.73592,41.59327,38.07887,36.76955,38.07887,33.54102,37.69615,35.8469,35.44009,33.83785,34.88553,32.31099,31.95309,34.78505,35.69314,31.01612,33.95585,37.33631,38.60052,33.61547,33.24154,32.57299,35.8469,32.31099,33.10589,30.01666,30.41381,33.61547,28.84441,28.30194,26.1725,29.83287,25.23886,26.62705,22.67157,20.0,19.20937,19.84943,21.9545,17.46425,15.23155,15.65248,13.0384,14.86607,51.86521,48.41487,51.40039,51.66237,55.31727,53.03772,53.07542,53.74012,60.959,63.78087,64.44377,65.8559,69.52697,67.42403,65.51336,68.47627,72.20111,70.3278,69.11584,70.23532,72.06941,74.84651,68.942,68.44706,67.08204,69.857,70.38466,69.07966,64.19502,60.00833,62.16912,67.23095,63.52952,59.90826,58.18075,58.66856,59.36329,61.61169,56.0357,61.07373,58.89822,59.5483,60.60528,63.70243,57.28001,55.17246,63.70243,60.20797,59.4138,56.58622,59.39697,60.82763,61.7171,59.4138,60.81118,56.58622,62.28965
10.04988,9.0,9.0,9.05539,9.0,9.0,9.0,8.0,8.0,8.0,8.0,8.06226,7.0,7.07107,7.07107,7.07107,7.07107,7.07107,7.07107,7.07107,7.07107,7.07107,7.07107,7.07107,7.07107,7.28011,7.28011,7.07107,7.07107,7.07107,6.08276,7.07107,6.0,6.0,6.0,7.0,7.0,6.08276,5.09902,5.09902,5.09902,5.09902,5.38516,5.09902,5.38516,4.47214,4.47214,4.47214,3.60555,3.60555,3.60555,3.60555,53.90733,53.90733,55.17246,47.01064,49.64877,49.67897,46.8615,44.82187,45.60702,43.01163,44.10215,41.18252,42.48529,41.18252,37.58989,36.67424,38.07887,37.57659,38.07887,37.33631,39.21734,36.24914,35.73514,35.73514,34.9285,32.57299,35.69314,36.68787,31.04835,37.36308,33.73426,36.68787,32.57299,40.16217,34.17601,33.10589,34.53983,35.34119,39.0,31.95309,28.79236,31.90611,33.28663,26.90725,28.28427,27.65863,26.40076,21.40093,21.26029,21.26029,21.2132,19.84943,16.40122,19.41649,18.78829,16.15549,16.55295,47.01064,47.43416,51.0392,53.82379,50.0,51.40039,55.22681,59.66574,58.79626,60.10824,62.96825,62.96825,66.70832,69.02898,65.45991,71.02112,71.61006,69.89278,68.7968,70.3278,72.11103,74.30343,69.83552,72.00694,69.31811,68.88396,67.62396,67.1193,68.54196,64.40497,60.03332,64.41273,61.77378,60.46487,63.82006,59.90826,59.90826,64.03124,59.81639,63.12686,59.5483,59.46427,64.53681,60.82763,60.10824,65.06919,61.55485,60.30755,58.72819,58.72819,64.3506,60.30755,61.7171,56.63921,63.70243,60.87693,63.78087
10.19804,9.21954,9.48683,9.48683,9.48683,8.24621,8.544,8.544,8.544,8.544,8.544,7.61577,7.61577,7.61577,7.61577,8.06226,7.2111,7.2111,7.2111,7.2111,7.2111,7.2111,7.2111,7.2111,8.06226,7.2111,7.2111,8.06226,7.2111,7.2111,6.7082,8.06226,7.61577,7.61577,6.7082,6.32456,6.32456,6.08276,6.08276,6.08276,6.08276,5.09902,6.08276,5.0,5.0,4.0,4.0,4.0,4.0,4.0,3.16228,3.16228,49.24429,52.83938,49.65884,49.24429,50.60632,43.86342,48.8467,47.53946,43.86342,38.07887,39.56008,38.07887,43.32436,39.92493,37.94733,39.56008,39.29377,39.29377,36.13862,38.32754,35.69314,35.73514,35.17101,33.24154,34.71311,38.83298,36.67424,37.12142,32.24903,35.69314,32.75668,34.48188,34.78505,35.69314,33.52611,34.78505,36.67424,36.05551,36.05551,32.69557,31.7805,29.52965,33.61547,30.41381,28.30194,27.78489,24.75884,25.23886,22.80351,20.0,19.20937,22.2036,20.61553,20.51828,20.0,18.02776,13.34166,45.27693,48.09366,49.0102,52.15362,54.45181,50.01,53.36666,53.85165,57.97413,57.28001,60.74537,64.51356,64.19502,65.9242,63.95311,69.77105,67.74216,68.60029,68.47627,71.02816,72.00694,70.60453,71.06335,74.4043,71.58911,69.02898,65.43699,65.8559,60.87693,65.19202,60.959,63.25346,62.00806,59.81639,61.22091,57.2014,59.64059,59.07622,59.5399,61.77378,60.03332,57.70615,59.03389,61.77378,57.70615,55.56978,60.90156,61.26989,60.37384,62.16912,58.60034,61.32699,59.94164,59.05929,61.29437,61.7414,61.32699
10.04988,10.04988,9.21954,9.21954,9.21954,9.05539,9.21954,8.24621,8.24621,8.24621,8.24621,8.24621,7.28011,7.28011,7.28011,7.61577,7.61577,7.61577,6.7082,7.61577,6.32456,6.7082,7.61577,6.7082,6.7082,7.61577,7.61577,6.7082,6.7082,7.61577,6.32456,6.32456,6.32456,6.32456,7.28011,7.07107,7.07107,6.08276,6.0,6.0,6.0,6.0,5.0,5.0,5.09902,5.09902,5.09902,4.12311,4.12311,4.12311,4.47214,3.60555,57.24509,57.42822,54.91812,50.77401,49.64877,49.73932,45.17743,46.52956,44.29447,42.04759,44.77723,42.95346,44.77723,44.38468,39.92493,42.72002,41.10961,39.84972,38.07887,40.5216,39.45884,39.45884,36.67424,34.52535,34.20526,34.36568,37.48333,38.20995,39.45884,37.21559,34.23449,37.85499,36.34556,35.69314,33.24154,34.78505,34.52535,33.24154,36.68787,37.16181,39.0,35.77709,29.06888,28.6531,29.20616,29.15476,30.52868,24.83948,26.90725,22.67157,24.20744,22.67157,22.02272,17.20465,19.84943,19.20937,18.35756,50.28916,47.43416,48.33218,48.46648,51.42956,51.47815,50.08992,54.12024,61.77378,60.41523,62.1289,65.45991,65.73431,71.40028,70.17834,71.58911,71.06335,71.42129,68.593,76.41989,73.10951,73.87828,76.05919,71.8401,72.8011,68.41053,67.20119,71.61006,70.0,66.70832,64.66065,62.62587,62.00806,63.25346,62.24147,61.6198,58.0,61.55485,55.97321,62.00806,62.36986,62.42596,58.60034,59.64059,60.30755,63.82006,64.40497,63.81222,62.80127,62.42596,60.74537,60.20797,65.21503,60.20797,65.0,61.85467,56.93856
10.29563,9.43398,10.0,9.43398,9.43398,8.60233,9.21954,8.60233,9.21954,8.60233,8.60233,7.81025,8.48528,7.81025,7.81025,8.48528,7.81025,7.81025,7.81025,7.81025,7.81025,7.81025,7.81025,7.81025,7.81025,7.81025,7.81025,7.81025,7.81025,7.81025,7.81025,7.81025,7.81025,7.81025,7.07107,7.2111,7.2111,6.7082,6.7082,6.7082,5.83095,5.83095,5.38516,5.38516,5.38516,4.47214,5.38516,5.09902,4.12311,4.12311,4.12311,4.0,58.69412,55.57877,53.00943,49.36598,50.15974,48.25971,49.0102,50.01,44.10215,48.01042,44.01136,42.0119,41.04875,42.04759,42.10701,38.63936,42.29657,39.81206,38.83298,37.65634,38.60052,33.73426,35.4683,33.95585,34.52535,33.73426,35.51056,35.44009,34.48188,33.24154,30.80584,35.44009,37.10795,37.36308,33.52611,36.87818,34.20526,34.9285,36.12478,31.01612,32.01562,30.01666,30.0,31.06445,32.0,28.07134,27.89265,27.45906,24.04163,22.56103,23.76973,20.88061,22.47221,18.35756,20.59126,19.20937,15.6205,46.69047,50.48762,47.38143,52.03845,49.0102,50.03998,55.00909,56.0803,60.13319,57.21888,60.53098,64.49806,66.37017,64.93843,67.18631,68.62215,72.27724,67.77905,70.5762,74.09453,72.09022,73.1642,72.91776,74.32362,68.88396,70.77429,66.88797,65.76473,64.88451,65.30697,59.48109,63.95311,60.92618,60.74537,62.96825,55.71355,59.23681,61.03278,57.97413,60.63827,59.66574,61.98387,61.13101,61.61169,60.87693,61.13101,58.30952,58.85576,59.4138,61.66036,57.55867,61.40033,62.28965,60.53098,66.75328,66.0303,63.3877
8.94427,8.94427,8.94427,8.94427,8.94427,7.61577,7.2111,7.2111,7.2111,7.2111,7.2111,7.2111,7.2111,7.2111,6.40312,7.07107,6.40312,7.07107,7.07107,7.07107,7.07107,6.40312,7.07107,6.40312,7.07107,6.40312,6.40312,7.07107,6.40312,6.40312,6.40312,7.07107,6.40312,6.40312,5.65685,6.40312,5.83095,5.83095,5.83095,5.38516,4.47214,4.47214,5.38516,4.12311,4.12311,3.16228,4.12311,4.0,4.0,3.0,3.0,3.0,57.77543,59.61543,55.15433,49.33559,53.31041,48.50773,49.0408,47.43416,47.80167,44.64303,43.68066,38.83298,46.17359,41.97618,37.36308,38.47077,43.28972,39.45884,39.20459,40.31129,39.01282,38.0,39.01282,38.0526,36.0,37.01351,39.01282,36.34556,35.12834,34.0,38.0526,37.0,34.0147,41.04875,36.01389,33.06055,39.01282,38.0,34.71311,32.24903,31.40064,29.83287,33.24154,35.4683,35.17101,28.79236,29.06888,29.15476,23.02173,25.63201,23.02173,19.23538,17.80449,20.24846,24.08319,15.81139,17.0,50.01,44.28318,46.38965,48.37355,48.83646,49.0306,50.44799,50.44799,52.88667,61.03278,64.07808,63.32456,62.62587,67.08204,66.7308,71.19691,70.3278,69.89278,67.42403,69.11584,68.00735,71.8401,69.6563,69.52697,69.52697,70.43437,67.26812,64.38167,64.3506,63.25346,61.07373,60.44005,60.30755,60.80296,64.2028,60.80296,59.40539,61.03278,60.82763,60.90156,59.94164,60.41523,58.18075,64.4748,58.18075,58.69412,58.69412,56.0803,63.15853,60.00833,62.96825,63.69458,57.69749,60.53924,58.18935,60.53924,62.24147
9.43398,8.94427,8.94427,8.94427,8.544,8.06226,7.61577,7.61577,7.61577,7.61577,7.61577,7.61577,7.28011,7.28011,7.28011,7.28011,7.28011,7.28011,7.07107,7.07107,6.08276,7.07107,7.07107,6.08276,7.07107,7.07107,7.07107,7.07107,7.07107,6.08276,6.08276,7.28011,6.32456,6.32456,6.32456,6.7082,6.7082,5.83095,5.83095,5.83095,5.0,5.0,5.0,4.24264,4.24264,4.24264,4.24264,4.24264,3.60555,3.60555,4.47214,3.16228,58.18075,56.36488,53.22593,55.15433,54.58938,46.61545,47.85394,51.62364,47.70744,44.72136,43.56604,44.10215,44.94441,43.01163,39.66106,44.20407,40.60788,41.72529,36.87818,41.10961,40.45986,40.36087,39.05125,36.79674,37.48333,36.06938,38.18377,38.28838,40.45986,41.10961,38.18377,36.06938,36.79674,37.48333,38.20995,34.65545,38.20995,32.64966,33.97058,35.80503,35.80503,39.82462,33.61547,31.90611,29.96665,31.76476,27.51363,29.54657,26.40076,22.09072,25.0,24.73863,21.54066,21.0238,19.64688,20.39608,19.10497,44.68781,43.60046,48.27007,51.0392,48.54894,47.16991,48.76474,53.23533,57.69749,63.15853,60.40695,62.93648,67.77905,67.41662,65.80274,64.32729,66.70832,70.71068,66.4906,65.62012,70.71068,74.67262,73.10951,65.27634,69.00725,71.00704,64.00781,62.03225,69.06519,61.0082,63.28507,58.21512,59.4138,59.3043,62.39391,56.88585,61.18823,57.27128,59.43904,60.87693,61.39218,59.77458,60.40695,62.03225,58.5235,60.74537,61.46544,63.32456,59.09315,62.39391,63.15853,63.90618,62.96825,57.24509,58.69412,62.76942,63.56099
10.44031,10.44031,10.44031,10.44031,9.48683,9.48683,9.48683,8.544,8.544,8.94427,8.544,8.94427,8.94427,8.94427,8.06226,8.06226,8.06226,8.06226,8.06226,8.60233,8.06226,8.60233,8.06226,8.60233,8.06226,7.2111,7.2111,8.60233,8.60233,7.2111,8.06226,8.06226,8.06226,8.06226,6.7082,7.61577,7.61577,7.28011,7.28011,6.32456,6.32456,6.08276,6.08276,5.09902,5.09902,5.09902,5.0,5.0,5.0,4.0,4.0,4.0,62.28965,55.9017,55.9017,50.44799,53.8145,52.00961,48.41487,50.21952,46.75468,46.04346,45.48626,42.43819,44.41846,44.10215,41.34005,38.01316,42.95346,34.9285,38.47077,39.0,38.47077,40.24922,37.64306,37.94733,34.9285,40.49691,37.16181,39.29377,37.69615,35.1141,35.4683,36.40055,33.83785,40.80441,35.8469,36.67424,38.62642,38.48376,40.71855,36.40055,34.4093,30.80584,33.28663,34.1321,31.241,31.241,29.69848,27.65863,25.80698,22.67157,24.83948,21.47091,22.2036,20.12461,21.09502,18.68154,19.64688,44.59821,45.69464,50.56679,53.0,53.0,51.31277,56.61272,53.82379,58.60034,59.20304,62.482,62.36986,69.35416,65.76473,65.8559,67.00746,70.83784,67.20119,70.60453,71.61006,68.50547,73.24616,68.50547,69.46222,70.23532,69.64194,67.1193,68.88396,63.95311,66.18912,61.40033,68.26419,63.52952,61.58734,63.00794,61.29437,59.81639,62.482,59.81639,60.87693,65.19202,57.31492,61.55485,63.65532,58.69412,61.52235,62.93648,62.96825,62.36986,60.87693,65.76473,66.52819,60.20797,61.07373,65.80274,63.25346,62.20129
8.0,8.0,8.06226,8.0,8.06226,7.0,7.07107,7.07107,7.07107,7.07107,7.07107,6.08276,6.08276,6.32456,6.32456,6.32456,6.32456,6.32456,6.32456,6.32456,6.32456,6.32456,5.38516,5.83095,6.32456,5.38516,5.38516,6.32456,6.32456,5.38516,6.32456,6.32456,6.32456,6.08276,6.08276,5.09902,5.09902,6.0,5.0,5.0,4.0,4.12311,5.09902,4.12311,4.12311,3.16228,3.16228,3.16228,3.16228,3.60555,2.82843,2.82843,58.89822,53.8145,55.44367,51.08816,51.08816,49.51767,53.2635,51.22499,47.01064,44.04543,47.16991,49.92995,46.61545,44.77723,41.40048,38.58756,42.94182,41.34005,42.54409,38.91015,40.8534,42.37924,44.59821,35.8469,38.60052,39.21734,37.0,37.36308,39.39543,37.33631,39.56008,38.94868,38.62642,42.72002,38.07887,34.9285,36.05551,39.21734,38.48376,33.61547,35.8469,32.20248,36.61967,33.28663,31.89044,29.06888,29.0,27.58623,25.4951,22.62742,22.80351,20.51828,23.02173,20.80865,20.51828,19.31321,14.14214,45.88028,45.65085,47.92703,52.35456,53.33854,52.43091,51.10773,54.20332,58.60034,62.00806,62.28965,62.482,65.06919,67.94115,68.76772,67.62396,73.40981,68.8186,71.70077,70.80254,67.1193,76.844,69.46222,68.47627,69.35416,72.56032,63.95311,65.76473,66.21178,68.09552,57.3062,62.76942,63.63175,62.26556,65.51336,61.58734,59.40539,62.36986,61.7171,60.87693,65.19202,63.70243,63.12686,63.65532,62.28965,63.70243,63.03174,63.03174,63.03174,63.65532,65.11528,63.65532,63.70243,58.79626,61.6198,62.2254,60.30755
10.19804,9.21954,10.04988,9.05539,9.05539,9.05539,9.05539,8.06226,8.0,8.0,8.06226,8.0,8.0,8.0,8.0,8.0,8.06226,7.07107,8.06226,7.07107,7.07107,8.06226,7.07107,7.07107,8.06226,7.07107,7.07107,8.06226,8.06226,7.07107,7.07107,7.07107,7.07107,7.07107,7.0,7.0,7.07107,7.07107,6.08276,6.08276,5.09902,5.09902,5.09902,5.09902,4.12311,4.12311,4.47214,4.47214,4.47214,4.47214,3.60555,3.60555,56.36488,55.03635,54.12947,52.39275,52.35456,52.7731,47.01064,50.53712,41.67733,45.79301,44.41846,42.72002,43.01163,41.10961,39.96248,42.0119,42.52058,40.36087,36.23534,37.48333,40.31129,36.79674,39.62323,36.12478,35.38361,36.12478,34.65545,35.22783,36.23534,39.20459,36.12478,38.20995,33.24154,36.12478,36.79674,33.94113,36.06938,32.20248,35.60899,36.23534,32.44996,32.75668,31.40064,29.52965,32.75668,28.63564,28.23119,24.35159,22.47221,25.96151,24.73863,23.02173,22.80351,19.92486,18.43909,20.22375,16.03122,46.01087,48.27007,47.80167,52.43091,51.31277,50.60632,53.0,54.58938,59.05929,55.56978,61.68468,62.17717,64.88451,68.15424,65.80274,64.84597,69.92138,71.56815,71.80529,71.38627,70.61161,71.56815,67.60178,72.56032,69.18092,70.21396,65.12296,70.45566,63.1981,68.35934,58.54912,64.62971,61.52235,61.61169,61.98387,59.03389,59.20304,59.48109,59.48109,59.77458,59.77458,62.29767,62.96825,60.53924,61.68468,63.15853,60.40695,62.16912,61.7414,63.07139,58.66856,61.77378,64.40497,60.53924,62.76942,70.21396,57.3062
9.21954,8.60233,8.60233,8.60233,8.60233,8.06226,8.06226,8.06226,8.06226,7.61577,8.06226,7.61577,7.61577,6.7082,7.61577,7.61577,7.28011,7.28011,7.28011,7.28011,7.28011,7.28011,6.32456,7.07107,7.28011,7.28011,7.28011,7.28011,7.28011,7.28011,6.32456,6.32456,6.32456,6.32456,6.7082,5.83095,5.83095,5.83095,5.83095,5.83095,5.0,5.0,5.0,4.24264,4.24264,4.24264,3.60555,3.60555,3.60555,3.60555,3.16228,3.16228,59.13544,57.0,56.14268,53.23533,57.42822,52.03845,52.03845,48.37355,49.16299,46.87217,44.55334,45.54119,43.93177,40.26164,42.2019,45.60702,41.76123,39.56008,38.27532,41.4367,36.71512,41.78516,36.05551,37.69615,37.57659,33.10589,35.8469,37.58989,34.43835,39.35734,35.8469,37.58989,34.43835,34.53983,40.70626,32.57299,30.88689,33.24154,36.05551,35.17101,37.36308,34.23449,32.98485,28.28427,29.61419,32.06244,28.28427,29.06888,25.17936,26.01922,27.45906,25.01999,22.2036,21.58703,21.2132,20.61553,21.0238,47.92703,47.16991,49.98,52.20153,51.1957,50.21952,54.12947,55.3263,58.54912,59.84146,61.0,64.00781,69.11584,71.00704,68.0,76.10519,69.06519,77.64664,70.34913,67.08204,70.40597,75.13322,72.03471,70.83078,69.37579,73.76313,69.92138,68.30813,70.60453,64.7611,64.03124,65.96969,62.58594,62.96825,62.16912,64.38167,63.28507,65.27634,60.13319,63.1981,58.00862,65.0,61.0,68.0,62.0,62.03225,63.00794,60.40695,63.28507,65.19202,62.00806,66.48308,67.06713,61.13101,68.06614,65.49046,66.37017
9.21954,9.89949,8.48528,8.48528,7.81025,8.48528,7.81025,7.81025,7.81025,7.2111,7.2111,7.2111,7.2111,7.2111,7.2111,7.2111,7.2111,6.7082,6.7082,6.7082,6.7082,6.7082,6.7082,6.32456,6.7082,6.7082,6.7082,6.7082,6.7082,6.7082,6.7082,6.7082,5.83095,5.83095,6.40312,5.65685,5.65685,5.0,5.0,5.0,5.0,5.0,4.24264,3.60555,3.60555,3.60555,3.60555,3.60555,3.60555,2.23607,3.16228,2.23607,56.58622,56.72742,53.90733,57.48913,53.15073,51.08816,50.9902,51.85557,44.65423,47.20169,45.45327,43.60046,43.41659,37.73592,39.66106,42.05948,44.77723,38.01316,38.94868,37.21559,42.95346,38.01316,37.36308,35.8469,36.67424,38.48376,33.61547,36.40055,36.40055,37.94733,36.24914,42.15448,34.0147,32.89377,35.73514,34.0147,34.43835,36.23534,33.83785,33.83785,31.40064,34.05877,31.40064,28.42534,31.1127,27.80288,31.1127,22.67157,24.83948,21.63331,23.02173,20.24846,22.02272,17.88854,16.55295,19.31321,16.49242,48.70318,49.98,45.69464,53.22593,58.30952,55.56978,57.80138,55.75841,60.74537,56.93856,59.40539,67.20119,70.80254,72.91776,72.13876,68.68042,74.24958,72.62231,70.72482,71.21798,68.50547,75.16648,68.50547,68.7968,73.57309,69.63476,73.24616,72.20111,62.76942,68.26419,63.81222,64.89992,59.90826,63.82006,60.21628,67.35726,59.66574,59.81639,60.1415,65.05382,65.76473,58.0,63.63961,65.76473,65.94695,61.84658,62.96825,63.78087,62.482,61.84658,60.60528,67.20119,69.31089,58.13777,62.36986,65.19202,58.0517
9.84886,8.94427,8.94427,8.94427,8.06226,8.94427,8.06226,8.06226,8.06226,7.2111,8.06226,7.2111,7.2111,7.2111,7.2111,7.2111,6.40312,6.40312,6.40312,6.40312,6.40312,6.40312,6.40312,5.65685,6.40312,6.40312,6.40312,6.40312,6.40312,6.40312,5.83095,6.40312,5.83095,5.83095,5.83095,5.83095,6.32456,5.38516,5.38516,5.38516,5.09902,5.09902,5.09902,5.09902,5.0,4.0,4.0,4.0,4.0,4.0,4.12311,3.16228,56.51548,52.49762,57.48913,50.69517,48.83646,53.16014,42.95346,46.52956,39.62323,46.69047,42.29657,40.11234,41.01219,37.01351,38.01316,39.20459,40.0125,37.05401,34.0,34.1321,38.0526,32.0,37.10795,33.01515,33.37664,36.22154,33.54102,31.7805,32.38827,31.7805,32.01562,33.37664,32.38827,27.45906,34.36568,33.06055,32.06244,29.0,32.01562,33.13608,31.14482,31.40064,24.08319,27.65863,26.68333,26.1725,25.07987,23.70654,21.54066,21.54066,22.47221,19.31321,18.60108,14.76482,16.27882,14.86607,16.27882,47.09565,52.00961,49.0102,54.14795,51.0392,58.0517,53.46027,56.88585,62.16912,61.0,65.52099,67.68309,68.15424,70.2282,72.42237,70.21396,74.73286,69.77822,71.58911,69.83552,68.96376,74.94665,68.09552,71.02112,69.33974,69.11584,66.28725,69.11584,62.96825,64.63745,60.41523,63.81222,60.41523,60.37384,60.37384,62.16912,59.46427,58.69412,59.61543,60.16644,63.90618,59.77458,62.62587,61.03278,62.36185,60.63827,58.46366,62.8172,59.43904,57.97413,61.40033,60.20797,65.0,56.51548,59.90826,63.56099,60.16644
9.21954,9.21954,8.48528,8.48528,8.48528,7.81025,7.07107,7.07107,7.81025,7.2111,7.81025,7.2111,7.2111,7.2111,6.40312,7.2111,7.2111,6.40312,6.7082,5.83095,5.83095,6.7082,5.83095,6.7082,6.7082,6.7082,6.7082,5.83095,5.83095,5.83095,5.83095,5.83095,5.83095,5.83095,5.65685,5.65685,5.65685,5.0,4.24264,4.24264,5.0,4.47214,3.60555,3.60555,3.60555,3.16228,3.16228,3.16228,3.16228,2.23607,3.16228,2.0,51.62364,55.9017,57.03508,53.08484,51.0098,50.15974,45.0,50.03998,41.01219,44.10215,40.11234,44.04543,43.04649,41.10961,43.28972,37.33631,41.30375,36.67424,37.33631,37.85499,39.29377,39.81206,33.37664,35.90265,34.23449,34.48188,36.68787,33.24154,31.04835,37.36308,36.40055,32.57299,32.89377,33.54102,32.75668,34.9285,32.98485,31.06445,31.257,36.12478,32.14032,34.0147,28.01785,28.16026,27.29469,28.01785,30.26549,22.2036,25.31798,20.24846,20.88061,21.58703,17.46425,17.49286,15.65248,19.23538,17.88854,48.01042,53.08484,52.15362,55.03635,58.54912,54.58938,58.69412,56.75385,63.78871,65.52099,65.25335,67.05222,71.30919,72.53275,73.05477,69.89278,75.39231,72.91776,75.591,71.11962,73.82412,75.17978,72.40166,69.83552,72.94518,68.60029,66.37017,67.41662,63.28507,66.24198,64.00781,65.74192,64.40497,57.77543,62.16912,60.53924,58.5235,62.93648,60.44005,65.51336,63.06346,62.36986,63.34824,62.16912,61.0,60.29925,60.82763,61.40033,65.76473,59.5399,59.4138,65.49046,62.20129,59.5399,67.18631,61.20457,60.03332
9.48683,9.48683,8.94427,8.544,8.544,8.544,8.06226,8.06226,8.06226,8.06226,7.61577,8.06226,7.2111,7.2111,6.7082,7.2111,6.40312,7.2111,6.40312,6.40312,6.40312,6.40312,6.40312,6.40312,6.40312,6.40312,6.40312,6.40312,6.40312,6.40312,5.83095,6.40312,5.83095,5.83095,6.7082,6.7082,6.32456,5.38516,5.38516,5.09902,5.09902,5.09902,5.09902,5.09902,5.09902,4.0,5.0,4.0,4.0,4.0,4.12311,4.12311,54.78138,54.626,53.31041,48.10405,49.0408,47.53946,45.22168,44.59821,44.38468,42.2019,41.4367,40.60788,41.4367,37.33631,40.4475,36.12478,38.11824,36.05551,35.51056,35.12834,38.0526,36.01389,34.1321,35.01428,31.06445,31.06445,34.05877,31.01612,34.0,39.31921,31.06445,34.1321,32.01562,34.0147,35.35534,30.0,34.0,30.26549,29.0,32.01562,33.54102,32.75668,29.83287,26.92582,25.29822,25.96151,24.04163,26.83282,26.0,23.32381,21.0238,23.32381,17.02939,16.27882,17.02939,19.20937,18.38478,52.55473,53.66563,52.35456,55.9464,54.20332,56.0803,57.2014,60.0,64.03124,63.41136,66.06815,70.17834,70.17834,72.83543,70.71068,73.75636,77.83315,75.0733,75.69016,70.93659,72.34639,76.83749,74.8131,75.80237,74.62573,71.21798,68.8186,71.70077,69.33974,68.8186,60.30755,66.70832,65.79514,60.10824,65.06919,60.87693,59.66574,58.13777,58.41233,64.40497,62.20129,61.05735,65.19202,63.28507,56.30275,65.76473,61.84658,55.00909,63.50591,64.88451,63.06346,63.15853,69.77105,60.82763,59.03389,62.24147,59.9333
9.48683,8.94427,8.544,8.544,7.61577,7.61577,8.06226,8.06226,8.06226,7.2111,7.2111,7.2111,7.2111,6.40312,6.40312,7.81025,7.07107,6.40312,7.07107,7.07107,6.40312,6.40312,7.07107,6.40312,7.07107,7.07107,7.07107,6.40312,6.40312,6.40312,6.40312,6.40312,6.40312,6.40312,5.83095,5.83095,6.7082,5.38516,5.38516,5.38516,5.38516,5.38516,4.12311,4.12311,4.12311,4.12311,4.12311,3.16228,3.0,3.0,3.0,3.0,57.2014,53.60037,52.43091,51.62364,49.39636,51.97115,47.70744,49.09175,42.19005,43.38202,42.54409,42.95346,40.8534,36.24914,40.31129,39.56008,37.94733,38.07887,38.27532,35.8469,41.76123,38.63936,36.13862,35.90265,31.40064,36.87818,34.9285,34.20526,35.73514,35.51056,35.51056,39.56008,31.32092,35.1141,36.40055,35.4683,33.52611,35.1141,36.68787,33.83785,36.05551,29.54657,31.06445,34.66987,33.61547,32.20248,32.01562,25.0,29.73214,24.75884,20.61553,22.62742,21.40093,21.40093,18.35756,17.0,19.31321,52.3259,52.35456,51.47815,56.30275,53.00943,56.85068,55.0,56.85948,59.81639,61.7171,67.94115,66.46804,70.76722,70.72482,70.83784,66.06815,78.24321,69.40461,74.8131,73.81734,70.21396,78.49204,69.11584,68.09552,67.60178,71.02112,63.63175,73.92564,63.81222,65.21503,58.60034,66.28725,60.0,60.44005,59.66574,60.44005,58.0,61.7171,57.31492,60.1415,63.70243,57.80138,63.89053,57.38467,62.62587,64.2028,60.20797,58.83026,63.51378,59.40539,62.482,62.80127,61.84658,56.30275,60.21628,64.07027,58.66856
9.21954,9.21954,8.48528,9.21954,8.48528,8.48528,7.81025,7.81025,7.81025,7.81025,7.81025,7.81025,7.81025,7.2111,7.2111,7.2111,7.2111,6.7082,7.2111,7.2111,7.2111,6.7082,6.7082,6.7082,7.2111,6.7082,6.7082,7.2111,7.2111,6.7082,7.2111,7.2111,7.2111,7.2111,6.40312,6.40312,6.40312,7.07107,6.40312,6.40312,5.65685,5.65685,5.83095,5.0,5.0,4.47214,4.47214,4.47214,4.47214,4.47214,4.12311,4.12311,59.90826,53.75872,53.15073,45.35416,45.12206,49.49747,43.17407,42.95346,41.4367,42.57934,40.11234,40.0,42.29657,34.0147,39.0,37.01351,39.11521,38.32754,36.01389,34.0,36.12478,36.12478,33.54102,34.36568,33.13608,36.34556,31.40064,34.9285,30.59412,33.95585,34.36568,35.17101,32.24903,38.47077,29.15476,35.01428,34.23449,35.0,33.0,32.01562,29.15476,30.59412,34.36568,31.14482,31.40064,28.16026,29.12044,29.12044,22.80351,23.4094,19.23538,21.93171,23.4094,19.20937,21.40093,19.41649,18.43909,53.46027,52.61179,53.36666,57.58472,55.08176,54.70832,58.69412,61.03278,66.30988,62.96825,68.54196,67.77905,75.02666,73.3553,76.32169,71.86793,76.55064,70.17834,76.00658,75.71658,72.67049,77.80103,72.47068,71.70077,71.40028,69.40461,70.43437,73.75636,63.60031,66.61081,61.40033,67.42403,61.61169,61.58734,64.14047,64.00781,59.48109,59.5063,59.5063,61.68468,63.97656,59.48109,64.2573,61.98387,62.36185,58.5235,60.72891,62.36185,62.58594,59.48109,60.44005,64.53681,63.32456,54.40588,61.18823,63.78871,59.03389
8.06226,8.06226,8.24621,8.06226,7.07107,7.07107,7.28011,7.28011,6.32456,6.32456,6.32456,6.32456,6.32456,6.32456,6.32456,6.32456,6.7082,6.32456,6.7082,6.7082,6.7082,6.7082,5.83095,6.7082,6.7082,5.83095,6.7082,6.7082,6.7082,5.83095,6.7082,6.7082,6.32456,6.32456,6.32456,6.32456,6.08276,6.08276,6.08276,6.08276,5.0,5.0,5.0,5.0,4.0,4.0,4.12311,4.12311,4.12311,4.12311,3.16228,3.60555,57.28001,54.56189,53.90733,52.49762,51.66237,47.38143,46.75468,44.55334,43.84062,41.40048,42.0119,41.6173,43.01163,43.41659,41.6173,41.04875,42.19005,37.58989,36.71512,39.96248,42.48529,37.21559,42.95346,39.39543,39.81206,35.8469,40.71855,39.81206,39.0,40.49691,34.48188,39.35734,37.16181,39.21734,39.92493,39.81206,40.31129,41.23106,38.01316,37.44329,36.89173,34.71311,40.0,37.20215,35.80503,32.80244,31.82766,34.20526,29.0,26.1725,24.83948,24.83948,24.08319,23.70654,21.47091,21.54066,18.24829,44.72136,45.79301,48.82622,50.80354,53.00943,50.60632,51.22499,54.67175,58.79626,58.0,59.46427,61.07373,66.52819,67.00746,65.21503,69.33974,71.02816,69.97142,71.84706,70.3278,67.1193,68.47627,66.18912,67.60178,65.9242,64.40497,64.4748,63.50591,62.17717,60.41523,59.03389,60.41523,59.16925,57.3062,59.68249,56.85948,55.80323,57.14018,56.85068,57.48913,59.46427,58.79626,55.22681,61.52235,53.03772,61.6198,56.56854,58.0,58.72819,58.69412,57.98276,62.28965,57.28001,59.39697,58.72819,55.97321,59.4138
9.0,9.0,9.0,8.0,8.06226,8.06226,8.06226,8.06226,8.06226,8.06226,8.06226,8.24621,7.28011,7.28011,7.28011,7.61577,7.61577,7.61577,6.7082,7.61577,6.7082,7.61577,7.61577,7.61577,7.61577,7.61577,8.06226,7.61577,6.7082,8.06226,6.7082,6.7082,7.61577,6.7082,7.61577,7.28011,7.28011,6.08276,6.08276,6.08276,6.08276,6.08276,5.09902,5.09902,5.09902,5.0,5.0,4.0,4.0,4.0,4.12311,3.16228,62.1289,59.07622,58.5235,55.21775,54.91812,50.47772,51.85557,50.60632,48.01042,45.25483,49.57822,49.0408,46.69047,43.86342,43.93177,43.41659,46.2277,43.93177,44.55334,41.04875,43.41659,43.26662,43.41659,39.40812,44.20407,41.6173,40.22437,40.31129,37.44329,40.81666,39.81206,46.14109,41.18252,44.10215,40.81666,43.01163,40.49691,44.94441,43.18565,44.41846,40.22437,41.01219,36.06938,32.64966,35.4683,34.65545,31.82766,31.82766,31.89044,30.80584,30.61046,29.52965,27.29469,25.23886,26.0,24.69818,25.94224,46.69047,47.50789,43.27817,51.85557,51.31277,49.40648,51.61395,56.0803,56.93856,56.35601,63.13478,65.30697,68.02941,68.15424,69.28925,66.40783,66.70832,71.06335,68.68042,68.44706,65.76473,69.42622,68.88396,67.74216,69.46222,64.77654,67.74216,67.89698,62.16912,63.15061,59.22837,62.36986,56.51548,58.24946,60.87693,56.32051,56.61272,61.7414,56.85948,60.00833,59.9333,59.68249,61.05735,63.28507,56.60389,61.29437,53.85165,60.53924,62.26556,60.41523,59.36329,62.68174,64.07027,61.29437,67.23095,66.61081,63.51378
10.44031,9.48683,9.48683,9.48683,9.48683,8.544,8.544,8.544,8.544,8.94427,8.94427,8.06226,8.06226,8.06226,8.06226,8.06226,8.06226,8.06226,8.60233,8.06226,8.06226,8.06226,8.06226,7.81025,8.60233,8.60233,8.06226,8.06226,8.06226,7.2111,8.06226,8.06226,8.06226,7.61577,7.61577,6.7082,6.7082,7.61577,7.28011,7.28011,6.32456,6.32456,6.08276,5.09902,5.09902,5.09902,5.09902,5.0,5.0,5.0,4.0,4.0,60.959,57.00877,57.42822,54.03702,50.0,52.20153,49.64877,53.00943,49.92995,42.54409,48.8774,49.73932,48.02083,42.95346,44.29447,45.18849,45.31004,44.28318,42.72002,39.92493,42.05948,39.35734,42.72002,42.37924,42.72002,42.05948,42.44997,42.72002,41.23106,41.10961,39.0,40.16217,42.72002,40.80441,40.49691,41.62932,39.21734,42.15448,42.95346,37.21559,35.35534,37.58989,39.11521,34.48188,34.20526,27.58623,31.40064,32.01562,29.06888,26.62705,27.01851,24.41311,26.87006,24.83948,21.9545,23.02173,20.59126,44.72136,50.69517,47.07441,51.5461,50.69517,52.80152,52.39275,50.08992,57.45433,56.82429,61.40033,62.1289,66.03787,63.81222,65.60488,65.29931,70.29225,68.0147,69.42622,68.68042,63.63961,69.02898,63.78087,68.24954,67.62396,67.80118,65.0,66.8431,62.80127,65.94695,57.62812,65.43699,60.959,55.9017,60.87693,54.48853,55.9017,56.63921,59.4138,58.89822,61.7171,53.60037,61.7171,60.46487,61.22091,57.68882,60.21628,59.64059,58.18075,63.28507,63.82006,64.66065,66.0303,54.81788,57.80138,63.24555,64.66065
9.05539,8.06226,8.06226,8.06226,8.06226,7.07107,7.07107,7.07107,7.07107,7.28011,7.28011,7.28011,7.28011,6.32456,6.32456,6.32456,6.32456,6.32456,6.7082,6.32456,6.32456,6.7082,5.38516,6.7082,6.7082,6.7082,6.7082,6.7082,6.7082,5.38516,6.32456,6.32456,6.32456,6.32456,5.09902,5.09902,5.09902,5.09902,5.09902,5.0,4.0,4.0,4.0,4.0,4.12311,3.16228,3.16228,3.16228,3.16228,3.16228,3.16228,2.23607,57.62812,53.82379,58.82176,51.40039,51.97115,49.64877,44.28318,47.01064,45.17743,46.95743,42.04759,43.38202,41.23106,43.86342,44.28318,44.01136,44.64303,44.38468,39.56008,39.05125,42.2019,38.32754,45.54119,41.48494,38.07887,38.07887,38.32754,39.11521,38.32754,38.07887,40.26164,39.56008,35.69314,36.49658,34.78505,38.8973,36.40055,37.94733,33.83785,36.40055,35.34119,32.64966,33.24154,29.54657,27.73085,29.68164,29.15476,26.62705,22.2036,23.34524,22.02272,21.40093,20.51828,20.61553,17.02939,17.20465,19.23538,46.09772,47.07441,44.94441,50.92151,49.39636,49.76947,52.7731,55.07268,57.70615,54.70832,62.64982,57.98276,66.57327,61.61169,67.35726,65.79514,71.50524,67.89698,72.12489,68.62215,68.76772,67.47592,70.0,71.06335,64.03124,66.8431,64.40497,65.21503,60.80296,64.66065,53.25411,61.29437,61.40033,61.84658,58.0517,55.15433,55.17246,58.0517,57.38467,59.46427,56.72742,56.85068,58.13777,60.44005,60.60528,57.48913,59.66574,58.5235,56.0357,59.90826,60.46487,62.17717,62.68174,56.85948,60.74537,64.49806,59.05929
8.94427,8.94427,8.544,8.544,8.544,7.61577,7.61577,7.61577,7.61577,7.28011,7.61577,7.28011,7.28011,7.28011,7.28011,7.28011,7.07107,7.07107,6.08276,6.08276,6.08276,7.07107,6.32456,7.07107,7.07107,6.08276,6.08276,7.07107,6.08276,6.32456,6.08276,6.08276,6.32456,6.32456,6.32456,6.7082,5.83095,5.83095,5.83095,5.0,5.0,5.0,5.0,4.24264,4.24264,4.24264,3.60555,4.24264,3.60555,3.60555,3.16228,3.16228,57.56735,52.88667,49.0408,51.78803,52.20153,46.61545,50.32892,44.01136,44.28318,46.8188,42.15448,38.91015,42.48529,38.91015,39.82462,40.81666,40.31129,41.88078,37.58989,35.35534,38.01316,37.20215,34.65545,38.41875,31.14482,40.0,38.28838,35.38361,34.82815,36.40055,37.80212,40.0,33.6006,34.71311,37.21559,31.06445,34.1321,33.83785,31.06445,36.71512,34.53983,31.95309,32.69557,32.69557,27.20294,31.7805,25.96151,28.63564,22.56103,22.09072,20.22375,19.0,21.2132,20.22375,17.46425,18.02776,18.02776,49.64877,48.8467,51.47815,51.86521,57.72348,53.15073,54.57105,54.58938,66.09841,61.66036,66.48308,68.18358,70.34913,71.17584,71.00704,75.10659,74.00676,74.16873,67.02984,72.33948,69.72087,73.97973,71.02112,70.40597,70.83078,66.91039,65.30697,65.0,64.32729,63.15061,62.36986,60.67125,56.56854,60.67125,59.4138,62.20129,58.00862,56.22277,57.03508,58.13777,56.22277,58.85576,57.14018,63.50591,53.60037,61.39218,56.08921,57.31492,55.10898,60.01666,58.85576,58.24088,57.07013,61.61169,55.54278,56.08921,57.87055
9.48683,9.21954,8.24621,9.21954,8.24621,8.24621,8.24621,8.24621,8.06226,8.06226,8.06226,8.06226,8.06226,8.0,7.0,8.0,7.0,7.0,7.07107,7.0,7.0,7.0,7.0,7.07107,7.0,7.0,7.0,7.07107,7.07107,7.0,7.0,7.0,7.0,7.0,7.07107,6.08276,6.08276,6.08276,6.08276,6.08276,5.09902,5.09902,5.09902,5.38516,5.38516,4.47214,4.47214,4.47214,4.47214,4.47214,3.60555,3.60555,50.9902,52.3259,55.47071,49.64877,48.37355,47.41308,45.48626,48.37355,45.80393,45.0,43.27817,41.23106,40.45986,43.18565,41.6173,41.10961,42.0119,38.94868,39.59798,38.8973,40.45986,38.18377,38.28838,36.40055,36.40055,33.6006,39.20459,38.83298,35.60899,38.28838,36.79674,38.94868,38.60052,40.22437,36.23534,34.05877,34.71311,38.41875,35.60899,34.05877,34.71311,34.4093,35.0,32.20248,31.40064,33.6006,27.313,27.29469,27.29469,28.6531,24.35159,23.08679,21.47091,21.09502,21.0238,22.02272,24.02082,49.0408,46.8615,50.0,56.0357,60.03332,55.56978,55.9017,61.29437,60.83584,60.41523,63.90618,63.89053,70.5195,69.64194,67.91171,70.83078,75.18643,75.66373,74.96666,71.56815,73.5527,70.34913,71.34424,71.17584,66.0303,70.11419,64.00781,65.00769,64.00781,67.26812,59.13544,60.40695,62.514,57.07013,53.93515,57.48913,56.04463,57.97413,55.54278,54.70832,54.78138,59.23681,64.19502,59.46427,59.23681,64.41273,61.7414,60.37384,61.7171,62.6099,59.94164,59.05929,59.48109,59.5063,63.06346,56.79789,59.36329
8.94427,8.544,8.544,8.544,8.544,7.61577,7.28011,7.28011,7.28011,7.28011,7.28011,7.28011,7.07107,7.07107,7.07107,7.07107,7.07107,7.07107,7.0,7.0,7.0,7.0,7.07107,7.0,7.0,7.0,7.0,7.0,7.0,7.07107,7.0,7.0,7.07107,6.08276,6.08276,6.32456,6.32456,6.32456,6.32456,5.38516,5.38516,5.38516,5.38516,4.47214,5.0,5.0,5.0,5.0,4.24264,4.24264,4.24264,3.60555,55.54278,54.56189,56.35601,54.78138,54.20332,48.76474,44.29447,52.35456,44.94441,44.77723,41.6173,44.20407,47.20169,45.22168,39.82462,45.45327,45.25483,43.13931,45.96738,38.28838,41.7732,41.03657,39.05125,38.41875,38.94868,44.68781,42.52058,41.86884,39.20459,39.05125,41.23106,45.0,37.01351,40.0,42.44997,39.59798,37.20215,35.4683,39.62323,35.38361,39.69887,38.18377,35.80503,36.23534,32.01562,32.80244,30.80584,30.88689,28.23119,32.31099,23.25941,27.73085,24.69818,22.80351,19.72308,22.47221,22.2036,49.09175,50.77401,46.52956,54.626,51.89412,50.69517,51.86521,56.32051,62.0967,58.5235,63.06346,59.66574,67.18631,71.06335,68.44706,67.26812,75.42546,72.0,71.17584,68.00735,71.00704,77.41447,70.06426,65.12296,66.27217,65.03076,67.26812,65.49046,61.03278,65.12296,58.30952,59.00847,60.00833,57.14018,60.53098,57.21888,51.47815,56.7186,60.41523,59.20304,57.27128,57.28001,60.16644,57.87055,57.24509,58.5235,58.18935,59.61543,61.84658,59.80803,56.64804,63.32456,64.19502,58.5235,56.36488,60.83584,58.87274
9.43398,9.43398,8.94427,8.94427,8.94427,8.94427,8.544,8.544,8.544,8.544,8.544,8.544,8.544,8.24621,8.24621,8.24621,8.24621,8.24621,8.06226,8.06226,8.24621,8.06226,8.24621,8.06226,8.24621,8.24621,8.24621,8.24621,8.24621,8.24621,7.28011,8.24621,7.28011,7.28011,7.61577,7.61577,7.61577,6.7082,6.7082,6.7082,5.83095,5.83095,5.83095,5.0,5.0,5.0,5.0,5.0,4.24264,4.24264,4.24264,3.60555,57.31492,56.22277,53.75872,51.97115,56.51548,51.97115,48.50773,47.51842,46.32494,49.47727,46.48656,45.31004,45.88028,43.32436,46.8188,46.23851,46.09772,41.4367,42.54409,44.01136,40.24922,44.29447,40.49691,37.73592,38.58756,43.01163,43.38202,41.6173,42.19005,44.10215,41.14608,43.56604,41.04875,39.96248,44.72136,38.47077,37.44329,40.70626,38.47077,40.71855,40.8534,35.73514,36.68787,33.24154,36.40055,34.71311,36.34556,30.36445,30.59412,27.16616,29.61419,25.07987,25.17936,24.08319,21.0238,25.70992,24.5153,49.24429,46.8188,45.17743,51.24451,53.48832,50.44799,52.95281,55.31727,59.43904,59.3043,61.20457,64.19502,64.38167,69.0,66.00758,70.17834,71.11259,70.45566,65.27634,68.88396,68.46897,72.18033,64.7611,65.0,67.44627,66.94027,65.14599,65.0,61.84658,61.13101,61.0,60.20797,57.31492,57.07013,56.32051,61.07373,58.13777,56.56854,57.14018,60.03332,63.28507,60.20797,61.07373,65.27634,60.13319,60.53098,60.67125,59.68249,60.67125,63.28507,54.14795,64.38167,60.67125,57.31492,65.37584,61.0,59.68249
9.05539,9.05539,9.05539,9.05539,9.05539,9.05539,9.05539,8.06226,8.06226,8.24621,8.24621,8.24621,8.24621,8.24621,8.24621,8.544,7.61577,7.61577,8.544,7.61577,7.61577,7.61577,7.61577,7.61577,8.544,7.61577,7.61577,7.61577,8.544,7.61577,7.28011,7.61577,7.28011,7.28011,7.28011,7.28011,7.07107,7.07107,7.07107,7.07107,6.08276,6.08276,6.0,5.0,5.0,5.0,5.0,5.0,5.09902,4.12311,4.12311,4.12311,56.63921,60.80296,55.22681,53.00943,54.45181,53.15073,46.8615,52.34501,49.67897,48.83646,42.42641,45.45327,44.20407,48.16638,40.80441,44.65423,47.01064,44.10215,41.04875,42.63801,40.80441,41.88078,39.81206,40.70626,39.82462,39.82462,40.81666,35.8469,42.48529,40.71855,40.70626,36.67424,39.82462,40.24922,37.58989,41.18252,38.91015,37.73592,41.18252,35.60899,39.20459,34.20526,34.20526,34.05877,34.65545,34.71311,26.90725,33.24154,26.90725,24.83948,25.80698,25.6125,22.2036,24.83948,21.09502,22.13594,23.19483,45.27693,47.43416,45.22168,51.08816,46.2277,48.10405,48.83646,55.31727,58.0,60.82763,59.5483,63.25346,66.8431,68.24222,62.68174,67.08204,71.34424,67.53518,65.29931,69.31811,68.54196,76.89603,67.41662,71.16881,69.89278,64.51356,63.89053,65.14599,65.45991,65.9242,61.09828,61.46544,58.5235,57.38467,56.0803,56.79789,55.9017,55.56978,59.36329,55.21775,55.56978,60.0,58.82176,66.8431,57.00877,59.64059,63.82006,61.61169,60.60528,67.80118,62.28965,66.8431,59.40539,59.40539,62.36986,63.89053,63.89053
10.04988,9.05539,9.05539,9.05539,9.05539,9.05539,9.0,9.0,9.0,8.0,8.0,8.0,8.0,8.0,8.0,8.06226,8.06226,8.06226,7.07107,7.07107,7.07107,7.07107,8.06226,7.07107,8.06226,7.07107,8.06226,7.07107,7.07107,8.06226,7.0,7.0,7.0,7.0,7.0,7.0,7.0,6.08276,6.08276,6.08276,6.08276,6.08276,6.32456,5.09902,5.38516,5.38516,5.38516,4.47214,4.47214,4.47214,4.47214,4.47214,55.31727,54.48853,60.20797,52.40229,54.40588,55.0,48.83646,51.62364,45.27693,48.01042,42.72002,46.95743,47.85394,46.52956,38.83298,44.41846,41.18252,40.70626,40.71855,42.15448,43.08132,40.8534,41.4367,37.57659,41.18252,36.68787,37.36308,39.56008,39.56008,41.23106,39.39543,44.27189,36.67424,39.0,38.8973,37.57659,38.47077,39.39543,37.16181,35.8469,37.12142,39.82462,30.61046,32.01562,32.64966,30.0,31.14482,28.42534,26.87006,26.87006,25.4951,24.83948,23.43075,23.60085,20.80865,19.72308,18.60108,43.82921,47.42362,45.27693,55.47071,48.01042,52.69725,54.91812,54.6443,58.60034,57.62812,62.24147,62.24147,69.35416,69.52697,72.34639,64.63745,73.40981,69.81404,69.63476,68.50547,70.72482,71.69379,71.58911,67.60178,70.77429,70.71068,69.46222,68.02941,65.0,72.01389,63.13478,64.40497,60.53924,60.20797,60.20797,58.00862,54.6443,57.68882,60.30755,60.44005,61.84658,56.85068,65.05382,61.6198,60.10824,64.44377,62.28965,62.36986,60.30755,58.69412,63.65532,63.78087,67.94115,56.0803,62.96825,65.94695,63.65532
10.44031,9.21954,9.21954,9.21954,9.21954,8.24621,9.05539,8.06226,8.06226,8.06226,8.06226,8.06226,8.0,8.0,8.0,8.0,8.0,8.0,8.0,8.0,8.0,8.0,8.0,8.06226,8.0,7.0,8.0,8.0,8.0,8.0,7.0,8.0,7.0,7.0,7.07107,7.07107,6.32456,6.08276,6.32456,6.32456,5.38516,5.38516,5.38516,4.47214,4.47214,4.47214,4.47214,4.47214,4.47214,3.60555,3.60555,3.60555,56.35601,57.00877,56.30275,52.83938,50.77401,49.76947,46.14109,46.14109,40.0,46.64762,48.8774,43.04649,45.80393,38.83298,43.60046,42.80187,41.72529,38.28838,38.94868,39.62323,41.03657,38.18377,42.52058,37.80212,36.06938,37.80212,39.59798,39.20459,35.80503,41.72529,37.48333,38.18377,36.40055,39.69887,36.79674,38.8973,37.64306,36.40055,34.71311,32.01562,31.40064,34.48188,30.80584,30.88689,32.44996,31.30495,28.4605,26.83282,28.79236,24.73863,26.24881,23.08679,20.61553,17.46425,24.04163,18.02776,18.11077,43.93177,45.96738,48.10405,49.67897,51.22499,53.82379,51.61395,56.30275,57.68882,57.98276,63.97656,65.30697,68.44706,65.55151,67.77905,68.30813,71.51224,68.30813,73.4983,71.56815,72.78049,73.82412,72.44308,70.5762,67.18631,67.36468,66.27217,66.18912,65.62012,67.89698,57.70615,63.78871,61.81424,60.41523,61.98387,59.43904,56.04463,63.89053,55.7853,58.30952,61.68468,57.00877,63.69458,61.7414,60.92618,57.24509,59.5399,61.29437,62.6099,61.26989,61.7171,58.18075,60.92618,61.32699,66.64083,61.77378,60.20797
9.21954,9.21954,9.48683,9.21954,9.21954,8.24621,8.544,8.544,8.544,8.544,7.61577,7.61577,8.06226,7.61577,7.61577,8.06226,8.06226,8.06226,8.06226,8.06226,8.06226,8.06226,6.7082,7.2111,8.06226,7.2111,7.2111,7.2111,7.2111,6.7082,6.7082,7.61577,6.7082,6.7082,6.7082,6.32456,6.32456,6.32456,6.32456,6.32456,5.09902,5.09902,6.08276,5.09902,5.09902,5.09902,5.0,5.0,4.0,4.0,4.0,4.0,58.79626,53.75872,52.00961,49.20366,50.60632,43.60046,47.43416,45.27693,44.40721,43.01163,40.49691,40.24922,42.05948,40.24922,41.88078,38.48376,38.07887,39.35734,34.88553,36.40055,34.53983,37.33631,34.78505,37.0,36.40055,37.64306,37.33631,39.29377,32.98485,35.1141,34.0147,33.83785,36.05551,34.20526,31.95309,35.1141,31.38471,31.01612,34.78505,33.28663,33.12099,35.8469,30.88689,29.06888,27.20294,29.68164,24.83948,26.90725,22.02272,23.43075,19.10497,24.83948,19.84943,20.80865,18.60108,17.80449,17.08801,45.31004,43.38202,48.8467,51.97115,52.47857,52.15362,53.00943,56.0803,60.0,60.30755,65.11528,65.76473,71.50524,65.06919,68.76772,70.29225,71.44928,73.23933,71.02816,72.00694,67.41662,72.06941,74.79305,74.30343,70.71068,69.97142,65.30697,64.41273,64.00781,61.91123,61.40033,65.73431,62.43397,62.1289,61.29437,59.07622,62.00806,57.00877,58.72819,62.28965,58.72819,60.81118,57.98276,59.66574,58.13777,60.82763,58.0517,57.00877,56.0803,65.19202,61.7171,65.0,56.0803,59.81639,63.82006,57.42822,63.00794
8.06226,8.06226,8.06226,8.06226,8.06226,7.2111,7.2111,7.2111,6.40312,7.2111,6.40312,6.40312,6.40312,6.40312,6.40312,6.40312,6.40312,6.40312,6.40312,6.40312,6.40312,6.40312,5.65685,6.40312,6.40312,6.40312,5.65685,5.65685,6.40312,5.65685,5.65685,5.65685,5.65685,5.65685,5.0,5.0,5.0,5.83095,4.47214,4.47214,4.47214,4.47214,4.47214,4.12311,3.16228,3.16228,3.16228,3.16228,3.0,3.0,3.0,3.0,61.39218,56.04463,51.97115,49.49747,49.49747,44.72136,48.25971,46.69047,44.40721,42.10701,41.0,41.10961,45.01111,42.0,43.04649,43.10452,39.01282,39.11521,38.01316,38.01316,39.20459,38.47077,38.32754,37.33631,35.01428,40.02499,37.48333,41.97618,39.20459,36.87818,35.51056,37.21559,37.33631,35.22783,33.37664,35.0,36.0,37.01351,37.01351,32.0,31.01612,34.0,30.26549,31.01612,29.83287,27.45906,30.08322,26.68333,21.84033,20.61553,23.19483,21.47091,22.47221,22.67157,19.23538,14.42221,17.49286,47.07441,48.05206,49.0306,52.61179,53.08484,56.00893,56.0,58.03447,63.12686,61.07373,66.61081,66.37017,71.44928,73.00685,74.95332,71.16881,74.33034,71.30919,73.38937,75.6439,74.24958,76.96753,75.23962,72.89719,73.43024,71.55418,66.64083,68.0,67.1193,64.88451,59.5399,62.76942,61.7414,59.9333,60.41523,57.00877,56.64804,58.87274,60.40695,60.44005,60.87693,61.40033,60.16644,61.61169,55.54278,65.11528,57.27128,61.81424,63.15061,61.98387,61.39218,61.39218,59.22837,59.43904,66.91039,57.42822,61.66036
7.2111,7.2111,7.2111,7.2111,7.2111,6.40312,6.40312,6.40312,6.40312,6.40312,5.65685,6.40312,6.40312,5.65685,5.65685,5.65685,5.65685,5.65685,6.40312,5.65685,5.65685,5.65685,5.0,5.0,5.65685,5.0,5.0,5.65685,5.65685,5.0,5.65685,5.65685,5.0,5.0,5.0,5.0,5.0,4.47214,4.47214,4.47214,4.12311,3.16228,4.12311,3.16228,3.16228,3.16228,3.0,3.0,3.0,3.0,2.0,2.0,53.85165,52.7731,52.95281,46.09772,50.21952,47.85394,46.09772,45.70558,39.05125,43.41659,38.63936,41.10961,39.45884,36.34556,38.11824,37.0,39.0,37.01351,38.0526,39.01282,38.47077,41.0,38.47077,38.11824,37.33631,36.22154,35.51056,35.35534,36.87818,35.22783,34.71311,37.48333,38.63936,37.33631,32.38827,36.01389,33.06055,36.01389,35.0571,31.14482,32.01562,33.06055,31.57531,29.15476,30.59412,24.73863,23.08679,27.89265,20.88061,23.4094,20.12461,19.31321,21.54066,23.4094,19.23538,17.80449,15.55635,48.04165,47.26521,51.47815,55.31727,54.91812,55.36244,54.81788,59.48109,63.24555,63.24555,64.2573,64.07808,74.67262,72.49828,74.43118,75.29276,75.29276,71.84706,73.00685,72.11103,73.00685,75.43209,68.41053,73.24616,72.8011,71.21798,70.17834,65.29931,63.12686,61.7171,58.89822,64.40497,61.40033,62.00806,61.29437,56.0803,53.33854,59.36329,57.24509,60.00833,60.53924,57.38467,57.77543,65.19202,56.32051,65.0,59.46427,55.97321,61.03278,58.94065,59.13544,63.06346,62.0967,54.12024,59.77458,61.13101,57.00877
9.89949,9.21954,9.21954,9.21954,9.21954,9.21954,7.81025,8.60233,7.81025,7.81025,7.81025,8.06226,7.2111,7.2111,7.2111,8.06226,7.2111,7.2111,7.2111,7.2111,7.2111,7.2111,6.7082,7.2111,7.2111,6.7082,6.7082,7.2111,7.2111,6.7082,7.2111,7.2111,6.40312,6.40312,6.40312,6.40312,6.40312,6.40312,5.65685,5.65685,5.65685,5.0,5.0,5.0,5.0,5.0,4.47214,4.47214,4.47214,4.47214,4.47214,3.16228,55.10898,54.08327,48.25971,50.35871,49.16299,48.01042,47.0,47.01064,42.0119,43.01163,37.01351,39.62323,41.19466,38.0526,36.22154,38.47077,39.45884,41.7732,35.69314,35.35534,38.83298,34.71311,33.95585,36.13862,35.35534,35.69314,33.37664,35.69314,32.75668,33.24154,33.95585,35.22783,34.52535,32.24903,34.36568,34.0,36.01389,30.01666,34.0,31.01612,28.16026,30.01666,31.06445,29.42788,26.68333,24.73863,24.35159,24.04163,20.09975,22.47221,22.13594,15.26434,18.78829,18.78829,22.2036,17.88854,12.80625,51.86521,47.12749,50.9902,56.7186,55.7315,56.32051,58.0517,58.03447,66.1211,64.00781,67.00746,67.0,74.02702,72.44308,72.33948,72.36712,76.68768,75.9276,69.857,74.33034,72.8011,74.63243,75.02666,73.37575,71.86793,72.11103,70.00714,70.00714,71.69379,64.62198,62.39391,62.39391,61.68468,59.46427,64.84597,61.40033,55.08176,56.29387,63.56099,61.81424,57.70615,61.13101,60.40695,62.20129,56.0803,58.03447,59.07622,62.07254,61.07373,59.4138,58.03447,63.07139,64.28063,55.08176,64.07027,58.00862,58.03447
8.544,8.544,8.24621,8.24621,7.28011,7.28011,7.28011,7.28011,7.28011,7.07107,7.07107,7.07107,7.07107,6.08276,6.08276,6.08276,6.08276,6.08276,6.0,6.0,6.0,6.0,6.08276,6.0,6.0,6.0,6.08276,6.08276,6.0,5.09902,6.08276,6.08276,6.08276,6.08276,5.38516,5.38516,5.38516,5.38516,4.47214,4.47214,5.0,4.24264,3.60555,4.24264,4.24264,3.60555,3.60555,3.60555,3.60555,3.60555,3.60555,3.16228,49.98,52.20153,48.75449,52.55473,50.28916,46.61545,45.31004,43.08132,43.08132,44.38468,45.18849,39.82462,41.23106,37.21559,36.35932,38.58756,37.44329,35.60899,36.35932,36.89173,38.07887,33.83785,34.82815,38.27532,30.23243,35.51056,36.89173,33.30165,34.98571,33.30165,35.51056,34.98571,35.22783,34.1321,36.23534,29.52965,30.88689,33.54102,34.17601,33.54102,32.89377,30.08322,26.68333,27.85678,28.44293,24.08319,25.01999,22.13594,25.17936,22.2036,17.02939,18.24829,19.0,20.09975,19.10497,16.76305,17.0,48.10405,48.79549,50.20956,53.8145,53.15073,54.20332,54.40588,57.14018,60.20797,62.68174,66.24198,68.26419,70.83078,70.21396,70.5762,74.04053,73.4983,75.28612,74.33034,73.82412,75.9276,78.40918,71.19691,71.58911,70.03571,70.21396,66.48308,64.62971,69.11584,62.28965,64.19502,64.62971,60.29925,60.67125,61.20457,61.40033,57.07013,57.56735,60.44005,59.80803,58.82176,58.82176,60.44005,62.24147,55.36244,62.03225,54.42426,58.5235,62.76942,59.61543,57.27128,60.83584,58.87274,58.87274,62.24147,58.69412,54.78138
9.84886,8.544,8.544,8.544,8.544,8.544,8.24621,8.24621,8.24621,7.28011,8.24621,7.28011,7.28011,7.07107,7.07107,7.07107,7.07107,7.07107,7.07107,7.0,7.07107,7.0,7.07107,7.07107,7.07107,7.07107,7.07107,7.07107,7.07107,7.07107,7.07107,7.07107,7.07107,6.08276,6.32456,6.32456,5.38516,5.38516,5.38516,5.38516,5.0,4.47214,4.47214,4.47214,4.47214,3.60555,3.60555,3.60555,3.60555,3.60555,2.82843,2.82843,50.24938,48.16638,52.46904,50.63596,53.60037,47.51842,49.49747,45.27693,43.17407,44.14748,40.79216,41.7732,42.05948,39.84972,36.87818,37.94733,38.27532,39.21734,39.21734,38.48376,38.01316,39.56008,35.77709,33.61547,33.54102,33.10589,36.67424,38.07887,34.43835,34.43835,32.20248,34.0147,35.8469,33.10589,33.10589,30.8707,35.44009,29.15476,34.17601,33.95585,35.22783,33.37664,30.41381,27.65863,27.45906,28.01785,26.0,21.09502,23.02173,21.0238,22.2036,27.45906,20.02498,19.0263,19.64688,18.97367,16.15549,50.69517,48.46648,52.20153,50.96077,55.54278,50.01,56.75385,57.87055,62.80127,63.1981,64.19502,69.0,71.11259,73.00685,70.02857,74.16873,72.06247,73.5527,72.69113,70.45566,71.80529,73.34848,76.15773,71.38627,68.68042,69.64194,66.48308,67.72001,67.26812,63.95311,61.98387,60.41523,61.98387,57.07013,61.52235,61.66036,59.3043,61.0082,57.07889,62.1289,58.03447,64.00781,58.0,63.1981,56.0803,61.52235,61.66036,56.4358,61.29437,60.40695,58.85576,65.62012,55.22681,60.40695,59.5399,59.43904,60.82763
10.19804,9.21954,9.21954,8.24621,8.24621,8.24621,8.24621,8.24621,8.24621,7.28011,8.24621,7.61577,7.61577,7.28011,7.28011,7.61577,7.61577,7.61577,6.7082,6.7082,6.7082,6.7082,6.7082,6.7082,6.7082,6.7082,6.7082,6.7082,6.7082,6.7082,6.32456,6.32456,6.32456,6.32456,6.32456,6.32456,6.08276,6.08276,5.09902,5.0,5.0,5.0,5.0,5.0,5.0,5.0,5.0,4.12311,4.12311,4.12311,4.12311,4.12311,51.31277,53.53504,48.76474,50.9902,45.65085,47.85394,43.41659,47.41308,40.70626,39.92493,37.69615,39.92493,41.76123,38.27532,39.39543,36.87818,38.62642,36.40055,39.56008,36.87818,40.4475,36.13862,35.69314,33.54102,32.01562,35.44009,34.36568,36.67424,33.52611,37.21559,32.55764,34.52535,31.57531,35.44009,33.54102,29.54657,32.38827,31.38471,29.12044,31.38471,32.28002,28.17801,29.83287,26.62705,27.78489,24.83948,22.80351,23.34524,26.62705,20.24846,23.02173,21.2132,19.79899,17.69181,17.08801,20.0,15.26434,51.62364,50.44799,48.08326,53.75872,50.59644,52.55473,55.36244,56.85948,58.69412,61.40033,62.43397,65.73431,69.11584,71.02816,68.8186,68.11755,73.24616,73.75636,72.13876,71.50524,73.59348,77.10383,69.42622,73.24616,70.0,70.17834,68.24954,70.43437,66.8431,65.43699,60.87693,64.44377,61.07373,58.0,62.28965,57.28001,54.67175,58.79626,56.85068,60.60528,59.20304,59.36329,59.40539,60.21628,58.30952,56.93856,55.56978,56.36488,57.45433,60.53924,62.68174,60.83584,65.29931,57.45433,53.33854,60.03332,59.05929
8.24621,7.28011,7.61577,7.61577,7.28011,6.32456,6.7082,6.7082,6.7082,6.7082,6.7082,5.83095,6.7082,5.83095,5.83095,6.40312,5.83095,5.83095,5.83095,5.83095,5.83095,5.83095,5.83095,5.83095,5.83095,5.0,5.83095,5.83095,5.83095,5.83095,5.38516,5.38516,5.38516,5.38516,4.47214,5.38516,4.12311,5.09902,4.12311,4.12311,4.0,4.0,4.0,3.0,3.0,3.0,3.0,3.16228,3.16228,3.16228,2.23607,2.23607,53.0,55.21775,52.47857,51.62364,46.04346,41.34005,47.41308,46.64762,42.48529,43.56604,42.94182,40.31129,39.81206,43.46263,39.35734,37.64306,42.15448,35.17101,36.40055,40.16217,35.73514,38.32754,39.56008,38.32754,35.73514,35.73514,34.20526,33.54102,35.90265,36.68787,32.28002,36.05551,38.07887,36.13862,35.90265,34.48188,32.01562,34.48188,34.17601,35.77709,32.24903,33.01515,27.73085,29.06888,30.80584,23.43075,24.69818,27.65863,21.40093,22.02272,21.26029,20.80865,21.63331,19.10497,19.10497,16.40122,17.46425,46.09772,49.0408,49.0408,53.23533,50.56679,55.9464,56.4358,56.60389,60.20797,61.85467,67.6757,68.60029,68.60029,72.00694,72.18033,67.89698,75.66373,73.66139,75.69016,72.00694,70.21396,72.42237,70.21396,72.11103,70.0,68.24222,64.63745,66.0303,64.14047,62.68174,61.61169,64.40497,58.00862,58.5235,60.20797,58.41233,57.98276,57.28001,58.0,58.25805,57.38467,56.22277,60.30755,61.61169,56.72742,60.20797,57.80138,57.62812,57.80138,59.20304,62.1289,56.93856,58.60034,57.14018,58.00862,57.00877,55.60576
10.0,10.0,10.0,10.0,9.43398,9.43398,8.94427,8.94427,8.06226,8.06226,8.94427,8.06226,8.06226,8.06226,8.06226,8.544,7.61577,7.61577,7.61577,7.61577,7.61577,7.61577,7.61577,7.61577,7.61577,7.61577,7.61577,7.61577,7.61577,7.61577,7.2111,7.2111,7.2111,7.2111,7.2111,7.2111,7.2111,6.40312,5.65685,5.65685,5.65685,5.65685,5.65685,5.65685,5.0,5.0,5.0,4.47214,4.47214,4.47214,4.47214,3.60555,56.88585,51.1957,55.9017,46.32494,49.0408,46.48656,43.41659,45.88028,43.01163,39.92493,41.23106,38.62642,42.15448,40.8534,37.33631,40.31129,39.44617,38.47077,37.58989,35.35534,41.04875,33.12099,38.01316,37.44329,35.8469,39.82462,35.8469,34.05877,35.51056,34.4093,34.1321,35.8469,33.61547,37.12142,32.01562,34.0,35.35534,33.12099,32.69557,29.54657,28.63564,27.313,28.86174,31.7805,29.27456,21.09502,24.5153,23.5372,22.36068,26.0,21.0,20.02498,21.09502,19.10497,17.46425,16.12452,15.52417,46.61545,47.50789,48.33218,50.9902,52.0,54.626,53.75872,56.30275,61.40033,57.48913,64.32729,64.53681,67.26812,69.58448,71.84706,69.58448,75.42546,72.06247,75.02666,72.00694,74.00676,73.10951,69.26038,70.11419,70.34913,69.11584,67.36468,67.47592,62.64982,65.37584,59.4138,64.38167,63.07139,55.22681,62.03225,59.0,58.13777,59.4138,59.21149,58.54912,62.39391,57.87055,59.03389,60.01666,59.22837,55.9017,57.48913,59.66574,58.24946,63.15061,61.68468,58.24088,63.06346,55.54278,58.85576,62.8172,60.41523
9.48683,9.21954,9.21954,9.21954,8.24621,8.24621,8.24621,8.24621,8.24621,8.06226,8.06226,8.06226,8.06226,8.0,7.07107,8.0,7.0,7.0,7.0,7.0,7.0,7.0,7.0,7.0,7.0,7.0,7.0,7.0,7.0,7.07107,7.0,7.0,7.07107,6.08276,6.08276,6.08276,6.32456,6.08276,5.09902,5.38516,5.38516,5.38516,5.38516,4.47214,4.47214,3.60555,3.60555,3.60555,3.60555,3.60555,2.82843,2.82843,56.75385,58.94065,52.3259,54.12024,57.00877,49.64877,51.07837,47.92703,43.46263,45.69464,42.72002,43.65776,46.52956,42.94182,42.72002,40.49691,41.6173,37.20215,39.11521,39.11521,43.41659,40.31129,39.62323,37.64306,35.22783,37.44329,37.80212,35.4683,36.89173,34.82815,36.76955,36.61967,34.20526,40.45986,33.83785,33.28663,36.35932,36.35932,35.35534,34.17601,35.4683,33.52611,34.43835,29.96665,30.08322,29.41088,29.27456,25.0,25.4951,25.07987,18.11077,21.0238,18.11077,18.11077,16.27882,19.0263,19.10497,51.73973,48.82622,50.77401,56.60389,54.70832,52.80152,58.59181,58.69412,64.2573,62.76942,66.70832,65.80274,70.00714,70.0928,68.65858,70.03571,77.46612,75.32596,74.54529,74.06079,77.0,76.05919,73.02739,76.23647,70.17834,75.10659,72.06247,69.11584,65.00769,68.02941,65.00769,62.00806,63.0,62.00806,64.03124,61.13101,57.55867,62.8172,57.27128,57.28001,64.32729,61.68468,61.84658,63.60031,63.06346,60.40695,63.60031,63.24555,61.98387,64.84597,65.9242,66.12866,60.74537,62.24147,61.7414,61.68468,61.35145
8.24621,8.24621,8.544,8.544,8.544,7.28011,7.61577,6.7082,7.61577,7.61577,6.7082,6.7082,6.7082,6.7082,6.7082,7.2111,5.83095,5.83095,6.40312,6.40312,6.40312,6.40312,5.83095,6.40312,6.40312,6.40312,5.83095,6.40312,6.40312,5.83095,5.83095,5.83095,5.83095,5.38516,5.38516,5.38516,5.38516,5.38516,5.09902,5.09902,4.12311,4.12311,5.09902,4.12311,4.0,3.0,3.0,3.0,4.0,3.0,3.16228,3.16228,56.82429,52.83938,55.54278,50.15974,47.92703,46.06517,47.16991,45.31004,44.28318,44.38468,44.27189,44.94441,41.0,42.05948,39.21734,36.87818,42.72002,35.44009,34.71311,39.05125,39.31921,37.65634,36.87818,37.65634,36.34556,35.0571,35.35534,38.11824,35.22783,38.47077,32.55764,36.87818,35.22783,36.12478,34.23449,37.36308,38.20995,34.23449,34.9285,32.01562,32.57299,31.38471,32.31099,29.96665,29.15476,31.06445,26.92582,29.52965,24.41311,21.63331,23.02173,24.18677,19.41649,21.26029,19.79899,18.43909,16.97056,46.27094,42.57934,45.89118,51.66237,47.53946,52.81098,52.88667,55.71355,53.48832,60.00833,66.24198,62.64982,64.3506,64.40497,66.85058,67.00746,71.02816,70.93659,69.42622,71.70077,70.83784,66.52819,70.76722,70.00714,66.8431,67.20863,62.20129,64.53681,62.93648,67.17887,55.22681,61.6198,58.0517,56.72742,57.48913,53.90733,55.97321,54.81788,57.62812,55.75841,57.00877,60.21628,59.36329,62.26556,57.14018,54.12947,55.9464,59.9333,55.4617,60.90156,58.13777,59.48109,55.9017,60.82763,58.18075,57.69749,63.13478
10.04988,10.04988,10.19804,10.04988,9.21954,9.05539,9.21954,8.24621,8.24621,9.21954,8.24621,8.24621,8.544,8.544,8.544,8.544,7.61577,7.61577,7.61577,8.544,7.61577,7.61577,7.61577,8.06226,8.06226,7.61577,7.61577,8.544,7.61577,7.61577,7.61577,7.61577,7.61577,7.28011,7.28011,7.28011,7.28011,7.07107,7.07107,6.08276,6.08276,6.08276,6.08276,5.0,5.0,5.0,5.0,5.0,5.0,4.0,4.12311,4.12311,55.86591,53.8145,55.9017,50.24938,52.34501,53.03772,48.10405,49.57822,43.93177,44.82187,44.68781,41.01219,44.82187,42.63801,42.80187,45.80393,45.80393,42.43819,39.82462,42.05948,44.41846,38.94868,39.81206,37.12142,39.82462,38.58756,37.21559,38.94868,36.67424,38.94868,37.12142,40.31129,34.88553,41.59327,38.91015,38.94868,36.23534,35.80503,38.07887,34.65545,36.40055,32.01562,35.4683,29.73214,31.14482,29.41088,32.55764,26.87006,30.0,25.80698,26.40076,21.63331,22.82542,25.94224,23.32381,24.73863,19.92486,44.92215,49.76947,45.88028,51.89412,50.9902,50.08992,53.0,52.47857,60.46487,56.85948,63.89053,60.21628,64.53681,70.00714,70.00714,65.94695,71.44928,70.43437,70.76722,72.62231,72.11103,68.50547,66.57327,70.3278,69.35416,69.64194,67.08204,66.24198,62.26556,66.57327,56.0803,64.41273,57.45433,52.43091,56.85948,58.60034,53.2635,60.30755,59.03389,59.46427,58.89822,55.9017,60.1415,61.52235,58.89822,62.28965,60.10824,59.4138,60.82763,58.72819,60.1415,63.78087,63.65532,55.9017,59.46427,65.05382,57.28001
8.60233,8.60233,8.60233,8.60233,8.60233,8.06226,8.06226,8.06226,7.61577,6.7082,8.06226,7.61577,6.7082,6.7082,6.7082,7.28011,7.28011,6.32456,7.28011,7.28011,7.28011,7.28011,6.32456,7.28011,7.28011,7.28011,7.07107,7.28011,7.28011,7.07107,6.32456,6.32456,6.32456,6.32456,6.32456,6.32456,6.7082,5.83095,5.83095,5.83095,5.0,5.0,5.0,5.0,5.0,3.60555,4.24264,4.24264,3.60555,3.60555,3.60555,3.60555,57.00877,58.13777,56.0,51.0098,50.03998,54.0,51.0098,49.25444,44.18144,49.49747,47.67599,46.52956,42.42641,45.27693,41.7732,43.41659,44.91102,44.27189,43.41659,40.8534,42.54409,41.4367,40.31129,40.80441,38.27532,43.46263,38.01316,44.28318,40.31129,42.15448,40.24922,40.31129,40.5216,42.48529,36.24914,40.26164,41.4367,43.01163,42.72002,38.60052,36.68787,32.28002,36.68787,34.52535,34.71311,30.26549,32.38827,31.257,27.29469,27.01851,26.0,26.1725,26.01922,22.02272,22.36068,19.10497,22.56103,47.01064,46.23851,49.0408,48.50773,48.76474,50.44799,48.37355,55.57877,58.0517,58.13777,61.29437,64.00781,66.1211,67.02984,65.12296,68.11755,70.5762,68.24954,71.02112,65.96969,67.91171,69.92138,66.94027,68.15424,67.35726,68.62215,65.78754,62.96825,62.39391,62.36185,54.08327,64.56005,58.5235,58.87274,55.08176,57.48913,56.7186,54.45181,56.22277,59.13544,56.14268,56.22277,57.07889,57.14018,58.0,57.03508,60.07495,61.0082,60.03332,63.00794,59.13544,64.28063,62.0,56.00893,59.13544,63.07139,56.14268
8.544,7.61577,8.06226,7.61577,7.61577,6.7082,7.2111,7.2111,6.7082,7.2111,7.2111,6.40312,7.2111,6.40312,6.40312,6.40312,6.40312,6.40312,6.40312,6.40312,6.40312,6.40312,6.40312,6.40312,6.40312,5.65685,6.40312,6.40312,6.40312,6.40312,6.40312,6.40312,6.40312,6.40312,5.83095,5.83095,5.83095,5.38516,5.38516,5.38516,5.38516,4.47214,5.09902,4.12311,4.12311,4.12311,4.0,4.0,4.0,4.0,3.0,3.0,60.16644,51.66237,60.20797,53.75872,51.62364,54.34151,49.0306,57.07013,45.89118,51.35173,44.40721,45.27693,45.0,43.28972,42.0,45.09989,45.01111,42.04759,42.0119,36.34556,43.18565,38.01316,44.04543,41.10961,42.10701,43.28972,39.20459,43.18565,44.18144,41.59327,40.31129,41.19466,41.59327,40.4475,38.47077,44.10215,41.4367,39.20459,44.04543,38.01316,33.06055,35.0,35.35534,37.33631,33.54102,32.55764,33.54102,29.27456,29.27456,27.45906,25.0,28.16026,26.57066,25.07987,22.82542,20.12461,20.80865,45.18849,48.38388,46.84015,53.85165,50.63596,53.75872,55.44367,57.03508,57.07889,57.03508,62.0,62.0,67.18631,66.37017,72.69113,63.78871,73.82412,68.88396,72.53275,70.5195,71.47027,71.16881,68.70953,65.74192,68.0,65.30697,64.84597,69.77105,59.5063,65.74192,53.31041,62.76942,58.18075,60.16644,58.18075,54.12947,53.14132,57.00877,55.97321,55.7853,60.41523,52.46904,61.61169,54.74486,58.46366,60.82763,55.36244,60.53098,61.66036,59.03389,60.67125,61.20457,66.28725,54.57105,65.51336,64.62971,62.16912
10.19804,10.04988,9.05539,10.04988,9.05539,9.05539,9.05539,8.06226,8.06226,8.0,9.0,8.0,8.0,8.0,8.0,8.06226,8.06226,8.0,8.06226,8.06226,8.06226,8.06226,8.06226,8.06226,8.06226,8.06226,8.06226,8.06226,8.06226,8.06226,8.0,8.06226,8.0,8.0,7.0,7.0,7.07107,7.07107,7.07107,7.07107,6.08276,6.08276,6.08276,5.09902,5.09902,5.09902,5.38516,5.38516,5.38516,4.47214,4.47214,3.60555,58.18935,56.51548,53.48832,50.92151,56.64804,47.92703,49.0408,49.0408,41.23106,48.10405,41.78516,42.95346,44.77723,43.86342,42.19005,44.10215,44.20407,43.60046,43.56604,40.49691,45.79301,41.34005,40.31129,40.0,36.87818,44.65423,40.49691,41.10961,43.18565,41.7732,40.80441,38.01316,37.80212,41.03657,40.80441,38.60052,39.40812,42.72002,44.29447,37.57659,39.39543,34.43835,37.12142,38.01316,39.56008,34.17601,33.83785,35.1141,28.86174,29.01724,28.07134,28.16026,25.01999,26.0,23.76973,21.0238,19.64688,45.79301,50.80354,44.20407,54.56189,55.22681,54.48853,53.75872,56.63921,61.03278,57.62812,64.2028,66.8431,67.6757,72.42237,70.49113,65.39113,69.77822,74.09453,69.857,70.61161,72.53275,73.34848,68.06614,66.76077,66.70832,69.857,69.42622,67.36468,60.82763,62.16912,58.24946,61.66036,57.87055,51.78803,57.70615,60.01666,54.70832,58.82176,57.38467,57.00877,57.93962,55.9464,61.09828,57.69749,58.87274,60.08328,60.16644,57.00877,61.09828,59.03389,56.82429,66.64833,63.15853,57.93962,63.50591,60.00833,64.2573
9.05539,8.06226,9.21954,9.21954,8.24621,8.06226,7.28011,7.28011,7.28011,7.28011,7.28011,7.28011,7.28011,7.28011,7.28011,7.61577,6.7082,6.7082,6.7082,6.7082,6.7082,6.7082,6.7082,6.7082,7.61577,6.7082,6.7082,7.61577,7.61577,6.7082,6.7082,7.61577,7.28011,7.28011,6.32456,6.32456,6.08276,6.08276,6.08276,6.0,5.0,5.0,6.0,5.0,5.0,4.12311,4.12311,4.12311,4.12311,4.12311,4.47214,3.60555,65.06919,52.00961,58.00862,56.0803,55.22681,48.41487,47.70744,52.80152,42.43819,46.04346,47.20169,46.04346,49.64877,41.67733,38.94868,45.65085,45.18849,44.01136,46.51881,40.24922,46.95743,39.39543,42.72002,42.72002,39.0,45.69464,39.84972,40.26164,40.49691,42.72002,43.46263,44.64303,40.24922,44.01136,39.21734,40.24922,41.78516,44.28318,44.72136,39.96248,34.0,35.22783,42.19005,36.67424,37.44329,31.14482,33.42155,34.82815,31.82766,26.1725,25.45584,26.40076,23.43075,24.08319,23.43075,25.55386,22.36068,46.01087,51.0098,51.0392,51.08816,51.78803,53.36666,53.16014,54.34151,61.68468,57.97413,60.72891,65.78754,66.40783,69.46222,73.92564,66.06815,73.4983,64.89992,71.84706,70.00714,70.17834,74.24958,62.96825,68.88396,67.89698,68.62215,66.70832,69.52697,56.0803,63.65532,54.48853,62.36986,55.22681,52.34501,55.17246,60.30755,52.49762,51.22499,53.90733,58.82176,61.40033,54.40588,59.03389,59.68249,59.20304,53.53504,58.60034,58.00862,62.68174,58.60034,60.21628,63.00794,65.45991,54.40588,62.68174,66.28725,61.61169
8.544,8.544,7.61577,8.544,7.61577,7.28011,7.28011,7.28011,7.28011,7.28011,7.07107,7.07107,7.07107,7.07107,7.07107,7.07107,7.0,7.0,7.0,7.0,7.07107,7.0,7.0,7.0,7.0,7.0,7.0,7.0,7.0,7.0,7.0,7.07107,7.07107,7.07107,7.07107,7.07107,7.07107,6.08276,6.08276,6.08276,5.38516,6.32456,5.09902,5.38516,5.38516,4.47214,4.47214,3.60555,3.60555,3.60555,3.60555,3.60555,56.14268,51.0098,53.00943,50.03998,48.25971,47.16991,43.0,48.01042,45.17743,40.04997,44.38468,43.56604,42.75512,41.97618,42.19005,40.60788,41.59327,40.02499,44.14748,40.80441,45.22168,38.27532,40.16217,39.56008,44.64303,41.4367,37.57659,43.38202,38.8973,39.92493,39.56008,40.31129,37.16181,39.39543,37.58989,41.4367,39.84972,41.4367,42.72002,43.08132,37.94733,32.98485,38.20995,37.48333,39.11521,33.54102,34.1321,34.23449,31.257,26.1725,29.01724,26.01922,29.15476,26.0,23.19483,24.08319,23.08679,48.76474,48.30114,47.53946,57.00877,51.26402,54.23099,56.32051,57.87055,63.32456,58.5235,64.93843,62.514,67.60178,69.58448,70.02857,66.0303,74.02702,68.11755,68.18358,67.60178,66.91039,72.83543,64.53681,66.4906,67.18631,66.09841,63.78871,66.48308,58.5235,60.63827,56.29387,61.0,53.15073,56.08921,53.60037,55.3263,53.23533,48.25971,52.23983,56.0357,56.0357,56.0357,53.15073,52.0,56.14268,56.88585,55.3263,56.00893,55.14526,56.0357,60.00833,59.13544,60.0,52.0,58.21512,59.0,57.55867
12.36932,12.16553,11.18034,12.16553,11.04536,10.04988,10.04988,9.0,9.0,9.0,8.0,8.0,7.0,7.0,6.08276,6.08276,6.08276,6.32456,6.32456,6.32456,6.32456,6.32456,7.61577,7.28011,8.24621,8.24621,9.21954,9.21954,9.21954,9.05539,9.05539,10.04988,9.05539,9.05539,9.05539,8.06226,8.06226,7.07107,7.07107,6.32456,5.38516,5.38516,5.38516,4.47214,5.0,4.24264,4.24264,4.24264,5.65685,5.0,5.0,5.0,52.7731,51.62364,52.15362,45.17743,45.65085,31.38471,58.60034,68.42514,54.81788,55.02727,31.95309,39.0,56.0357,41.23106,44.20407,34.65545,37.20215,40.70626,41.7732,43.46263,39.0,42.0119,46.8615,24.73863,31.32092,56.30275,21.26029,34.17601,36.68787,57.38467,39.96248,35.38361,48.46648,37.80212,30.80584,46.51881,57.80138,45.27693,34.52535,45.88028,49.49747,37.57659,37.94733,40.0125,36.22154,33.24154,34.23449,32.38827,32.01562,28.16026,28.63564,20.61553,26.57066,24.02082,20.22375,21.63331,29.41088,49.0,55.7315,47.85394,54.81788,51.24451,54.78138,55.54278,55.4617,60.83584,57.98276,63.00794,67.20119,69.81404,65.79514,73.66139,67.1193,73.24616,65.74192,72.20111,73.92564,70.2282,69.92138,65.14599,67.68309,69.63476,65.51336,62.1289,67.36468,56.0357,63.1981,58.07753,60.07495,56.0,56.00893,56.0,55.08176,50.15974,54.00926,54.00926,59.03389,56.0357,52.00961,59.03389,54.03702,56.32051,55.03635,54.23099,55.22681,56.56854,56.88585,52.7731,55.7853,62.64184,50.0,61.40033,60.63827,55.71355
8.06226,7.61577,7.61577,7.61577,7.61577,7.61577,7.61577,7.61577,6.7082,7.28011,6.32456,7.28011,7.07107,7.07107,6.08276,7.07107,7.07107,7.07107,7.07107,6.08276,7.07107,7.07107,7.07107,7.0,7.07107,7.07107,7.07107,7.07107,7.07107,7.07107,7.07107,7.07107,7.07107,7.07107,7.28011,6.32456,6.32456,6.32456,6.32456,6.32456,5.83095,5.83095,5.38516,5.0,5.0,5.0,5.0,5.0,5.0,4.24264,4.24264,4.24264,52.61179,51.08816,51.62364,51.1957,48.6621,44.55334,48.83646,46.87217,41.48494,40.26164,37.85499,44.64303,40.49691,40.49691,37.85499,41.23106,40.8534,36.71512,40.49691,39.21734,41.18252,38.01316,36.35932,36.24914,38.94868,36.23534,38.47077,39.20459,37.58989,42.05948,40.24922,42.04759,39.39543,40.49691,41.67733,38.62642,38.91015,41.14608,37.58989,40.26164,39.0,37.85499,37.64306,39.84972,36.40055,34.71311,33.73426,33.54102,30.14963,29.61419,29.27456,27.01851,29.01724,25.01999,20.0,21.2132,22.02272,51.0392,52.69725,52.69725,58.66856,55.47071,54.56189,55.4617,60.00833,64.2573,61.09828,66.21933,70.21396,72.73239,74.95332,70.03571,70.34913,73.43705,73.24616,72.56032,72.0,71.02816,71.02816,69.00725,71.11259,64.07027,65.06919,63.1981,65.27634,65.49046,57.55867,57.14018,60.07495,57.00877,55.08176,57.07889,55.03635,56.14268,55.03635,53.60037,52.95281,55.7315,54.74486,56.56854,51.97115,55.44367,51.41984,54.12947,60.87693,60.20797,56.7186,54.74486,60.63827,57.87055,51.47815,55.44367,60.01666,56.08921
8.48528,8.48528,8.48528,8.48528,8.48528,7.81025,7.81025,7.81025,7.81025,7.81025,7.81025,7.2111,7.2111,7.2111,7.2111,7.2111,8.06226,7.2111,8.06226,8.06226,7.2111,7.2111,6.7082,7.61577,8.06226,7.61577,7.61577,8.06226,8.06226,7.61577,8.06226,8.06226,8.06226,7.2111,7.2111,7.2111,7.2111,7.81025,6.40312,7.07107,6.40312,6.40312,6.40312,6.40312,5.65685,5.65685,5.65685,5.0,5.0,5.0,5.0,5.0,51.41984,44.55334,54.33231,44.10215,49.25444,44.10215,44.28318,46.01087,43.28972,40.0125,38.01316,37.0,40.0125,42.19005,42.0,36.67424,39.45884,41.30375,38.20995,39.62323,41.0,34.20526,39.84972,39.05125,35.51056,38.47077,35.90265,41.76123,44.27189,38.62642,38.62642,36.68787,42.44997,42.37924,36.67424,40.5216,42.72002,37.36308,41.97618,39.20459,36.67424,36.49658,37.21559,34.0,37.01351,28.16026,33.01515,32.01562,25.01999,29.01724,27.45906,23.5372,29.06888,23.76973,22.13594,23.5372,19.69772,51.92302,53.93515,54.91812,56.7186,57.55867,55.3263,63.03174,61.03278,67.02984,68.00735,72.02777,67.0,75.00667,77.31753,75.80237,72.18033,78.64477,76.90254,71.58911,75.58439,73.05477,74.33034,72.44998,70.83784,71.30919,65.78754,64.2573,66.12866,63.89053,63.90618,58.18935,67.6757,60.44005,55.65968,56.921,55.36244,54.91812,56.7186,59.4138,57.70615,55.7315,55.44367,58.13777,55.14526,50.15974,59.13544,57.42822,55.14526,54.14795,60.29925,59.00847,57.07889,57.03508,53.0,58.03447,59.0,60.40695
9.21954,8.24621,8.24621,8.24621,8.24621,8.24621,8.24621,7.28011,7.28011,7.28011,7.28011,7.61577,7.28011,7.28011,7.61577,7.61577,6.7082,6.7082,6.7082,6.7082,6.7082,6.7082,7.61577,6.7082,6.7082,8.06226,7.2111,7.2111,7.2111,8.06226,6.7082,6.7082,7.2111,6.7082,7.61577,7.61577,7.28011,6.32456,6.32456,6.32456,7.28011,6.08276,6.08276,6.08276,6.08276,5.09902,6.0,5.0,5.0,5.0,5.0,5.09902,49.98,49.98,44.92215,49.0306,45.54119,48.50773,42.72002,45.35416,40.02499,43.01163,37.21559,40.11234,42.04759,33.24154,38.63936,41.4367,40.4475,37.05401,37.21559,36.0,38.01316,36.0,37.33631,36.05551,37.01351,34.05877,35.0571,37.21559,40.04997,37.12142,38.0526,42.42641,38.20995,36.22154,34.36568,38.0526,36.05551,36.05551,38.0526,37.01351,37.21559,36.12478,36.34556,32.06244,35.22783,37.01351,35.12834,28.16026,29.83287,30.67572,27.85678,24.04163,23.19483,23.4094,26.92582,22.36068,22.47221,50.0,58.00862,55.08176,61.03278,58.42089,62.96825,56.32051,62.96825,64.13267,61.61169,69.57011,67.6757,71.7844,75.61085,74.32362,69.857,78.92401,69.77105,76.02631,72.94518,72.56032,71.11259,70.72482,70.17834,69.40461,66.61081,64.03124,66.28725,62.96825,60.20797,54.91812,58.5235,57.70615,55.56978,62.24147,54.56189,52.92447,54.12947,54.56189,54.23099,59.13544,54.34151,58.82176,53.16014,55.36244,58.13777,59.22837,56.51548,57.97413,57.24509,54.12024,56.51548,59.48109,48.76474,56.32051,58.69412,61.68468
8.94427,8.94427,8.06226,8.06226,8.06226,8.06226,7.2111,7.81025,7.2111,6.40312,7.2111,7.2111,7.2111,6.40312,7.07107,7.07107,7.07107,7.07107,6.40312,6.40312,6.40312,6.40312,7.07107,6.40312,7.07107,7.07107,7.81025,7.07107,7.07107,7.07107,7.07107,7.07107,7.07107,7.07107,7.07107,7.81025,7.2111,6.40312,6.40312,6.40312,6.7082,6.7082,5.83095,5.83095,5.38516,5.38516,5.38516,5.38516,5.38516,5.09902,5.09902,5.0,51.88449,49.64877,44.38468,46.48656,43.41659,41.23106,44.94441,40.80441,40.5216,36.49658,40.26164,37.65634,39.62323,39.45884,38.07887,37.05401,38.01316,35.22783,35.01428,37.0,44.04543,35.01428,32.01562,34.23449,37.0,37.0,39.20459,35.35534,37.21559,35.69314,40.04997,38.32754,37.0,36.34556,35.51056,33.0,39.11521,36.05551,37.33631,37.01351,41.01219,42.57934,36.22154,34.1321,31.06445,33.13608,30.36445,26.68333,28.44293,28.79236,25.29822,25.96151,22.36068,22.80351,19.72308,22.84732,28.30194,57.14018,53.46027,59.3043,57.48913,57.97413,60.16644,57.87055,63.24555,67.05222,66.48308,68.942,70.5762,73.73602,73.00685,73.3553,74.79305,75.66373,76.55064,73.24616,75.71658,71.56116,76.40026,70.93659,70.17834,70.60453,69.40461,65.43699,65.43699,66.70832,59.40539,58.79626,58.24946,59.90826,53.25411,59.90826,56.60389,57.24509,56.35601,54.56189,58.18075,56.46238,58.82176,57.38467,55.65968,57.56735,56.64804,55.97321,58.5235,56.32051,57.24509,56.61272,60.00833,60.40695,51.86521,55.65968,54.12024,55.65968
9.21954,8.60233,8.60233,7.81025,7.2111,7.2111,7.2111,7.2111,7.2111,6.7082,7.2111,6.7082,6.7082,6.7082,6.7082,7.61577,6.7082,6.7082,6.32456,6.32456,6.32456,6.32456,6.7082,6.32456,7.28011,7.28011,7.28011,7.28011,6.32456,7.61577,6.32456,6.32456,6.7082,6.7082,6.7082,7.2111,7.2111,5.83095,5.83095,5.83095,5.65685,5.0,5.0,5.0,5.0,4.24264,4.24264,4.24264,4.24264,3.60555,3.60555,3.60555,50.15974,47.38143,51.24451,49.0408,46.01087,42.57934,44.01136,42.0119,41.04875,42.0119,39.11521,39.0,41.10961,37.10795,37.12142,38.32754,38.07887,36.13862,35.35534,36.87818,38.60052,34.9285,33.52611,35.90265,31.257,32.57299,39.56008,36.40055,33.95585,38.62642,39.56008,38.60052,34.78505,35.73514,36.67424,34.52535,36.13862,33.73426,35.51056,31.257,32.14032,34.0147,37.0,28.0,31.06445,32.0,31.01612,30.26549,31.06445,28.16026,24.5153,22.56103,21.58703,17.88854,19.92486,21.0238,19.69772,52.39275,52.88667,55.31727,59.03389,57.87055,57.70615,62.39391,62.1289,64.19502,67.18631,73.00685,70.0,73.10951,75.23962,76.32169,76.79193,80.75271,76.48529,74.96666,73.08215,76.92204,79.40403,70.2282,71.8401,74.63243,68.41053,69.64194,68.41053,68.00735,65.80274,63.32456,65.52099,62.8172,58.46366,61.61169,59.03389,58.69412,58.69412,59.03389,60.29925,58.30952,62.39391,61.13101,61.07373,61.07373,59.0,60.13319,57.07889,58.00862,63.12686,62.0,65.03076,58.07753,57.00877,61.13101,55.03635,57.31492
9.05539,8.0,9.0,9.0,8.0,8.0,8.0,7.0,8.0,8.06226,7.07107,7.07107,7.07107,7.07107,7.07107,7.28011,7.28011,7.28011,7.28011,7.28011,7.28011,7.28011,7.07107,7.28011,7.28011,7.28011,7.28011,7.28011,7.28011,7.28011,7.28011,7.28011,7.28011,7.07107,7.07107,7.07107,7.0,7.0,6.0,6.0,6.0,5.0,6.0,5.09902,5.09902,5.09902,5.09902,5.09902,5.09902,4.12311,4.12311,3.16228,47.43416,48.54894,55.47071,48.54894,49.39636,47.01064,44.94441,46.61545,41.34005,40.31129,42.2019,39.05125,40.0,38.94868,35.4683,41.10961,37.48333,36.23534,36.06938,36.06938,38.18377,36.06938,36.40055,37.01351,32.01562,33.94113,36.61967,38.41875,35.60899,38.60052,33.6006,39.05125,34.65545,35.0,33.42155,35.38361,33.42155,38.20995,37.48333,34.05877,36.12478,31.89044,31.38471,31.82766,32.44996,28.17801,28.6531,30.23243,25.07987,22.84732,21.54066,25.07987,23.70654,19.92486,21.93171,21.37756,20.02498,56.0357,52.63079,54.20332,55.22681,58.69412,55.86591,56.85068,62.482,65.11528,63.12686,68.60029,70.21396,74.63243,72.11103,72.06941,70.21396,75.17978,72.44998,72.94518,71.86793,74.09453,77.07788,75.27284,71.7844,74.33034,70.2282,68.96376,67.72001,67.72001,66.85058,62.39391,62.76942,60.40695,58.5235,62.62587,60.41523,58.18075,62.6099,58.18075,59.36329,59.05929,60.46487,60.20797,56.93856,58.66856,59.81639,58.5235,59.36329,60.60528,62.96825,58.82176,61.03278,60.46487,58.00862,66.06815,60.21628,53.82379
8.06226,7.07107,8.24621,8.06226,7.07107,7.07107,7.28011,6.32456,6.32456,6.32456,6.32456,6.32456,6.32456,6.32456,6.32456,6.7082,5.38516,5.38516,5.83095,6.7082,6.7082,6.7082,5.83095,5.83095,5.83095,5.83095,5.83095,6.7082,6.7082,5.83095,6.7082,6.7082,6.7082,6.32456,5.38516,5.38516,5.09902,6.08276,6.08276,5.09902,5.09902,4.0,5.0,4.0,4.0,4.0,4.0,4.12311,4.12311,4.12311,3.16228,3.16228,51.97115,51.86521,55.22681,47.88528,46.95743,44.77723,47.88528,43.82921,44.29447,40.16217,38.48376,39.56008,37.33631,38.60052,42.72002,37.64306,38.60052,38.32754,32.98485,37.64306,38.20995,35.22783,37.05401,39.05125,36.49658,39.81206,36.67424,38.47077,38.32754,37.33631,32.75668,35.51056,33.24154,37.21559,32.14032,38.32754,38.47077,38.47077,38.32754,31.32092,34.9285,31.95309,35.4683,34.17601,30.46309,29.15476,30.41381,31.7805,23.60085,22.47221,23.70654,21.26029,24.59675,23.70654,19.20937,16.27882,19.84943,50.9902,50.69517,53.45091,54.42426,55.15433,55.00909,54.12024,58.66856,61.29437,58.83026,67.95587,66.0303,71.28113,70.60453,69.81404,68.60029,73.60027,70.03571,71.42129,70.76722,69.35416,72.83543,68.24954,72.34639,66.8431,68.593,61.22091,67.20119,60.87693,64.38167,56.72742,65.60488,58.0517,58.72819,59.39697,53.03772,54.48853,54.56189,57.38467,56.0357,57.68882,55.9464,57.68882,57.98276,56.61272,57.80138,56.35601,59.90826,58.18075,58.18075,55.75841,54.3783,59.07622,49.92995,57.68882,56.4358,55.47071
8.06226,7.0,8.0,8.0,8.0,7.0,7.0,7.07107,7.07107,7.07107,6.0,6.08276,6.08276,6.08276,6.08276,6.32456,6.08276,6.08276,6.32456,6.32456,6.32456,6.32456,6.32456,6.32456,6.32456,6.32456,6.32456,6.32456,6.32456,6.32456,6.08276,6.32456,6.08276,6.08276,6.08276,6.08276,6.0,6.0,6.0,5.0,5.0,4.0,5.09902,4.12311,4.12311,4.12311,4.12311,4.12311,4.12311,4.47214,3.60555,3.60555,54.03702,60.44005,58.13777,51.40039,50.44799,46.40043,48.60041,49.64877,49.57822,47.20169,42.43819,41.6173,41.88078,41.18252,41.04875,41.18252,39.35734,39.81206,36.67424,38.62642,43.08132,38.91015,33.52611,37.33631,37.94733,40.70626,41.14608,39.39543,36.68787,38.27532,39.0,37.69615,41.76123,37.36308,40.16217,38.48376,41.23106,38.07887,38.01316,33.10589,37.44329,36.61967,33.83785,34.88553,32.01562,31.40064,27.65863,32.80244,27.01851,26.1725,24.08319,22.80351,25.0,22.47221,21.93171,18.35756,20.61553,47.75982,48.8467,54.78138,55.00909,57.80138,51.0,56.0803,59.07622,60.46487,64.07027,67.00746,67.26812,68.68042,73.75636,67.17887,71.42129,72.86288,73.66139,68.62215,74.41102,73.00685,73.23933,71.02816,72.11103,69.35416,64.66065,69.46222,66.57327,63.81222,63.82006,62.43397,59.36329,61.03278,58.41233,63.00794,60.44005,57.31492,59.66574,54.56189,59.4138,58.79626,59.03389,58.69412,62.28965,55.31727,55.31727,56.85068,57.80138,59.66574,62.28965,62.62587,62.20129,60.44005,57.28001,61.85467,61.7171,56.0803
10.0,9.05539,9.05539,9.0,9.05539,8.06226,8.06226,8.06226,8.06226,8.06226,8.06226,8.24621,7.07107,7.28011,7.28011,7.28011,7.28011,7.28011,7.28011,7.28011,7.28011,7.28011,7.61577,7.28011,7.28011,7.61577,7.61577,7.28011,7.28011,7.61577,7.28011,7.28011,7.28011,7.28011,7.28011,7.07107,7.07107,7.07107,6.0,6.08276,7.0,6.0,6.0,6.0,6.0,5.0,5.09902,5.09902,5.09902,4.12311,5.09902,4.12311,52.3259,49.51767,53.90733,50.91169,50.44799,49.20366,43.13931,50.24938,41.40048,41.04875,36.87818,38.27532,42.80187,36.23534,40.81666,38.91015,36.71512,36.23534,37.69615,36.40055,41.14608,41.76123,38.01316,36.05551,32.31099,41.14608,35.73514,42.05948,36.76955,36.05551,41.48494,40.71855,36.40055,36.76955,34.17601,39.44617,35.77709,34.53983,37.21559,35.77709,34.48188,34.48188,32.01562,29.15476,28.42534,26.90725,32.55764,29.0,27.58623,29.73214,29.0,24.08319,21.09502,21.63331,22.2036,22.02272,20.80865,48.70318,49.65884,50.11986,55.56978,53.0,56.0357,53.00943,58.41233,64.40497,58.41233,66.70832,68.24954,68.68042,67.89698,70.00714,68.76772,72.24957,71.21798,72.47068,68.8186,73.00685,74.63243,67.1193,71.56116,65.36819,68.26419,65.76473,70.49113,59.68249,66.03787,57.80138,61.58734,62.26556,61.61169,57.45433,56.22277,54.20332,60.30755,53.75872,56.58622,60.20797,59.4138,56.56854,59.46427,58.72819,58.89822,58.72819,57.00877,59.5483,61.6198,57.48913,56.72742,59.5483,58.79626,58.79626,63.03174,58.0
8.544,7.61577,8.94427,7.61577,7.61577,6.7082,6.7082,7.2111,6.7082,7.2111,7.2111,7.2111,7.2111,7.2111,6.40312,6.40312,6.40312,6.40312,6.40312,6.40312,6.40312,6.40312,6.40312,7.07107,7.07107,5.65685,7.07107,6.40312,6.40312,6.40312,6.40312,6.40312,7.2111,5.83095,6.40312,5.83095,5.83095,5.83095,5.38516,5.38516,5.38516,4.47214,5.09902,4.12311,4.12311,4.12311,4.12311,4.0,4.0,4.0,4.0,3.0,62.68174,54.20332,50.77401,45.80393,49.92995,49.64877,47.70744,48.37355,45.65085,43.909,46.06517,43.65776,42.54409,39.92493,37.21559,37.69615,44.59821,39.56008,42.72002,41.10961,39.56008,37.10795,37.65634,38.07887,42.2019,40.79216,38.32754,41.97618,40.02499,39.05125,37.10795,39.45884,40.02499,41.23106,36.87818,39.29377,39.84972,38.32754,38.07887,33.61547,34.48188,34.88553,32.75668,32.64966,33.54102,29.54657,30.41381,27.20294,30.23243,27.65863,21.47091,23.85372,26.62705,20.61553,25.45584,22.2036,19.79899,51.41984,49.33559,49.33559,53.75872,51.0,54.56189,52.3259,56.35601,59.16925,60.53924,62.43397,62.43397,66.03787,67.42403,69.02898,64.66065,70.29225,67.20863,68.62215,69.31089,69.42622,76.41989,63.70243,69.52697,68.41053,66.6033,65.80274,65.80274,60.0,67.35726,53.00943,65.19202,58.25805,58.89822,58.0,56.56854,56.72742,53.8145,55.97321,59.03389,57.80138,54.6443,57.62812,59.07622,55.22681,58.18075,57.80138,56.93856,62.43397,57.98276,56.30275,61.91123,64.07027,55.47071,56.40035,57.98276,56.0357
9.21954,9.21954,8.48528,8.48528,8.48528,7.81025,7.81025,8.48528,7.81025,7.81025,7.81025,7.81025,7.2111,7.2111,7.2111,7.81025,7.2111,7.2111,6.7082,7.2111,7.2111,7.2111,7.2111,6.7082,7.2111,7.2111,7.2111,7.2111,7.2111,7.2111,7.2111,7.2111,7.2111,7.2111,7.07107,7.07107,7.07107,6.40312,5.65685,5.65685,6.40312,5.0,5.65685,5.0,5.0,4.47214,4.47214,4.47214,4.47214,3.60555,3.16228,3.16228,56.30275,52.88667,56.0803,54.70832,54.40588,54.70832,47.12749,50.0,44.38468,47.29693,45.88028,42.42641,45.89118,43.10452,41.30375,43.18565,44.28318,41.01219,39.31921,41.01219,44.01136,38.0526,42.29657,39.0,34.36568,42.04759,39.0,40.31129,40.04997,42.04759,41.01219,42.0119,35.12834,35.01428,39.05125,41.04875,40.1995,39.45884,38.0526,41.30375,37.48333,39.81206,32.75668,36.22154,32.98485,33.95585,34.0147,30.67572,32.31099,30.67572,26.83282,27.73085,21.47091,23.32381,23.02173,23.60085,23.34524,50.24938,52.08647,50.03998,55.00909,54.14795,56.4358,57.42822,61.0,60.20797,62.96825,63.15061,67.91171,69.2315,72.12489,70.5762,71.69379,73.1642,75.39231,71.30919,71.19691,69.77105,73.43024,71.19691,66.88797,70.17834,67.60178,67.95587,68.26419,63.13478,65.36819,57.80138,64.41273,58.66856,61.05735,63.06346,60.00833,56.79789,58.69412,57.38467,59.77458,59.46427,57.00877,59.77458,61.35145,61.40033,55.9017,62.36185,61.13101,60.72891,62.62587,60.20797,63.34824,61.40033,59.77458,60.87693,60.44005,58.18935
9.84886,9.84886,9.84886,9.84886,9.84886,8.94427,8.94427,8.94427,8.94427,8.06226,8.06226,8.60233,8.06226,8.60233,8.60233,7.81025,7.81025,7.81025,7.81025,7.81025,7.81025,8.60233,7.81025,8.48528,8.48528,7.81025,7.81025,7.81025,8.60233,7.81025,7.81025,8.60233,8.60233,8.06226,7.2111,7.2111,7.2111,8.06226,7.61577,7.61577,6.7082,6.7082,6.32456,5.38516,5.38516,5.38516,5.38516,5.09902,5.09902,5.09902,4.12311,4.12311,49.40648,55.07268,53.23533,49.92995,48.8774,50.60632,44.77723,50.80354,43.86342,39.35734,42.48529,42.15448,42.48529,39.21734,43.41659,40.5216,44.14748,40.4475,35.73514,39.56008,40.79216,37.85499,38.32754,40.80441,34.78505,37.85499,33.73426,39.05125,37.21559,34.1321,38.20995,35.35534,39.62323,37.33631,35.51056,38.11824,39.45884,38.47077,38.83298,40.80441,36.40055,34.20526,36.68787,34.17601,34.9285,27.73085,30.41381,34.66987,28.01785,25.6125,23.34524,24.59675,23.60085,22.80351,21.26029,17.80449,21.09502,48.08326,49.39636,52.49762,50.15974,54.56189,54.56189,52.83938,56.82429,61.58734,60.74537,59.36329,66.85058,67.1193,69.40461,69.02898,68.0147,70.0928,69.31089,70.29225,71.58911,69.42622,73.0,70.93659,70.76722,70.93659,69.52697,65.0,64.53681,60.46487,65.94695,59.81639,60.87693,56.85068,57.38467,61.52235,56.58622,56.63921,55.44367,57.42822,59.07622,61.40033,58.82176,55.21775,59.90826,59.64059,53.25411,57.98276,59.07622,58.30952,61.91123,59.94164,62.76942,63.81222,61.91123,62.16912,60.03332,60.46487
9.43398,8.60233,8.94427,8.60233,8.06226,8.06226,8.06226,7.61577,7.61577,7.61577,7.61577,7.61577,7.61577,7.28011,7.28011,7.28011,7.28011,7.28011,7.07107,7.28011,7.28011,7.07107,7.28011,7.07107,7.28011,7.28011,7.28011,7.07107,7.07107,7.28011,7.28011,7.07107,7.28011,7.28011,6.7082,6.7082,6.7082,6.32456,6.7082,6.7082,5.83095,5.83095,5.83095,5.0,5.0,5.0,5.0,4.47214,5.0,4.24264,4.24264,3.60555,56.00893,53.15073,56.22277,52.15362,51.08816,52.0,43.01163,49.09175,46.52956,47.26521,45.01111,44.18144,46.52956,41.97618,38.47077,41.97618,45.35416,39.56008,38.60052,42.2019,40.26164,38.32754,37.0,37.64306,34.78505,38.32754,38.8973,41.23106,38.07887,39.0,40.31129,39.21734,37.33631,42.15448,37.94733,39.56008,39.84972,35.44009,37.48333,38.83298,36.34556,37.33631,33.54102,34.52535,32.01562,32.01562,32.01562,31.40064,31.257,28.16026,29.42788,27.29469,28.16026,24.18677,22.80351,20.24846,22.47221,49.65884,52.81098,49.0408,52.20153,54.70832,52.95281,55.57877,57.42822,60.20797,59.5399,63.3877,64.77654,67.26812,67.18631,70.02857,70.17834,71.17584,67.74216,72.69113,70.03571,68.65858,73.00685,70.61161,72.99315,69.12308,70.21396,66.21933,67.18631,59.66574,65.51336,64.03124,64.93843,58.24946,55.54278,59.43904,59.03389,56.4358,56.14268,57.42822,58.07753,61.0,59.3043,57.03508,57.0,59.00847,63.28507,61.03278,62.28965,61.07373,60.00833,56.56854,61.40033,62.00806,54.14795,63.3877,57.07889,59.07622
8.544,8.94427,7.61577,8.544,7.61577,7.61577,8.06226,8.06226,7.61577,6.7082,7.2111,7.2111,7.2111,7.2111,7.2111,7.2111,7.2111,6.40312,6.40312,6.40312,6.40312,6.40312,6.40312,6.40312,6.40312,7.81025,7.07107,6.40312,6.40312,6.40312,6.40312,6.40312,6.40312,6.40312,6.7082,6.7082,6.7082,5.38516,5.38516,5.38516,5.38516,5.38516,4.47214,5.09902,4.12311,4.12311,4.12311,4.12311,3.16228,3.0,3.0,3.0,59.03389,55.15433,53.75872,51.66237,53.75872,48.79549,48.08326,46.69047,46.01087,49.51767,44.59821,43.86342,51.08816,39.82462,39.69887,40.60788,44.20407,39.66106,40.49691,42.05948,42.48529,41.14608,39.82462,35.8469,37.44329,40.49691,37.16181,38.01316,37.58989,38.94868,41.67733,40.70626,37.73592,38.07887,38.48376,35.51056,38.94868,37.73592,34.48188,38.47077,37.21559,37.01351,31.1127,34.05877,33.42155,32.01562,31.1127,29.0,28.42534,23.85372,25.23886,25.80698,21.26029,23.76973,22.2036,23.25941,19.23538,50.08992,50.11986,52.7731,59.05929,53.53504,54.6443,53.82379,60.44005,61.84658,63.41136,62.28965,65.05382,71.44928,75.0733,69.42622,69.2026,72.00694,72.67049,70.80254,71.69379,72.20111,74.79305,69.35416,68.8767,68.88396,65.36819,66.24198,64.40497,63.56099,60.37384,60.41523,62.17717,59.5399,59.05929,62.76942,60.53924,55.60576,56.40035,57.80138,58.79626,58.41233,59.39697,57.00877,60.82763,53.03772,62.482,61.52235,59.39697,60.87693,58.72819,57.98276,63.03174,60.82763,56.58622,61.52235,60.10824,57.28001
10.04988,10.04988,9.05539,10.04988,9.05539,9.05539,8.06226,8.06226,8.06226,8.24621,8.24621,8.24621,8.24621,8.24621,8.24621,7.28011,7.61577,7.61577,7.61577,7.61577,7.61577,7.61577,7.61577,7.61577,7.61577,7.61577,7.61577,7.61577,7.61577,7.61577,7.61577,7.61577,7.61577,7.28011,7.28011,7.28011,7.28011,7.28011,7.07107,7.07107,6.08276,6.08276,6.08276,5.0,5.0,5.0,5.0,5.0,5.0,5.0,4.0,4.12311,58.00862,53.25411,55.60576,48.41487,52.00961,50.80354,46.09772,47.50789,46.8615,43.60046,43.41659,43.18565,42.52058,38.94868,39.69887,37.64306,42.0119,39.20459,39.66106,39.66106,42.2019,35.35534,39.44617,37.01351,35.51056,35.51056,36.35932,36.89173,36.23534,39.96248,38.07887,36.89173,37.12142,38.58756,32.24903,35.51056,37.44329,36.24914,39.11521,37.20215,34.05877,33.97058,32.64966,36.23534,32.64966,29.69848,25.6125,29.69848,26.40076,23.85372,23.60085,25.55386,22.67157,25.0,21.9545,20.88061,22.84732,48.27007,47.42362,50.91169,54.45181,57.31492,59.66574,55.44367,56.0357,64.40497,63.60031,67.74216,63.81222,72.71864,70.49113,71.11962,71.69379,73.82412,72.23573,68.15424,73.1642,71.7844,75.27284,72.42237,67.72001,70.21396,67.18631,66.70832,66.09841,63.56099,66.09841,59.20304,65.19202,56.64804,57.69749,57.24509,60.41523,54.23099,58.18075,55.9017,59.16925,57.14018,58.30952,58.83026,63.00794,60.21628,63.89053,57.80138,58.60034,58.0517,59.66574,59.66574,57.62812,58.89822,58.60034,63.12686,62.20129,65.60488
9.89949,9.89949,9.89949,9.89949,9.89949,9.21954,9.21954,9.21954,9.21954,9.21954,8.60233,8.60233,8.60233,8.60233,7.81025,8.60233,8.06226,8.06226,8.06226,8.60233,8.60233,8.06226,8.06226,8.06226,8.06226,8.06226,8.06226,8.60233,8.60233,8.06226,7.2111,8.60233,7.81025,7.81025,7.81025,7.81025,7.81025,7.07107,7.07107,7.07107,7.07107,6.40312,6.40312,5.65685,5.83095,5.0,5.0,5.83095,5.83095,4.47214,4.47214,4.47214,59.68249,55.44367,56.4358,52.03845,54.08327,46.38965,48.16638,49.16299,48.16638,43.04649,41.0,42.0119,44.04543,45.01111,39.11521,40.0125,40.04997,39.31921,35.51056,40.31129,38.47077,38.07887,33.95585,36.22154,39.62323,37.64306,35.35534,38.60052,39.62323,38.32754,35.90265,38.32754,38.07887,39.56008,38.83298,35.0571,37.48333,39.31921,39.31921,35.51056,35.51056,33.13608,32.06244,36.0,31.01612,29.01724,31.14482,31.7805,25.17936,25.17936,19.10497,24.18677,25.96151,19.92486,23.5372,21.18962,18.86796,49.33559,50.01,53.46027,56.14268,51.35173,54.03702,54.00926,55.00909,63.03174,64.28063,67.36468,65.9242,68.73136,68.06614,71.38627,69.37579,74.73286,74.04053,69.37579,72.42237,67.41662,75.6439,72.09022,72.61543,72.44998,70.68239,64.4748,65.79514,61.7414,64.4748,60.41523,59.23681,61.46544,55.71355,57.00877,58.24088,55.31727,58.69412,56.75385,62.0967,57.07013,59.5399,61.52235,60.40695,60.20797,64.12488,58.13777,61.29437,60.53098,59.21149,61.13101,59.0,60.29925,56.32051,64.19502,65.62012,60.07495
8.94427,8.94427,8.544,8.94427,8.544,7.61577,7.61577,7.61577,7.61577,7.28011,7.61577,7.28011,7.28011,7.07107,7.28011,7.07107,7.07107,7.07107,7.07107,7.07107,7.07107,7.07107,7.07107,7.07107,7.07107,7.07107,7.07107,7.07107,7.07107,7.07107,7.07107,7.07107,7.07107,7.07107,6.32456,6.32456,6.32456,6.32456,6.32456,6.32456,5.38516,5.38516,5.38516,4.47214,4.47214,4.47214,4.47214,4.47214,4.47214,3.60555,3.60555,2.82843,54.91812,55.9017,53.15073,54.81788,53.45091,50.9902,50.0,47.53946,47.16991,45.22168,42.44997,41.4367,42.72002,38.27532,42.72002,40.71855,42.04759,42.72002,43.82921,42.95346,38.27532,36.71512,41.6173,38.27532,34.98571,37.44329,38.83298,40.0,38.60052,40.80441,41.40048,42.43819,35.60899,36.12478,36.89173,34.1321,40.0,37.20215,34.98571,40.24922,38.01316,37.64306,32.24903,30.41381,30.46309,31.62278,30.80584,27.89265,27.51363,30.26549,26.1725,27.0,21.0238,25.0,20.02498,19.0,22.2036,50.24938,48.33218,52.3259,54.42426,54.42426,51.24451,55.36244,58.94065,65.0,63.06346,64.77654,65.30697,67.08204,72.69113,68.35934,66.0303,73.17103,70.06426,71.17584,69.02898,73.10951,73.06162,71.25307,70.17834,65.27634,69.11584,67.60178,67.26812,61.07373,62.28965,57.07889,58.00862,61.13101,60.00833,61.0,60.07495,57.07889,55.22681,55.57877,58.54912,59.22837,60.01666,58.0517,63.78871,59.66574,61.39218,62.0967,58.24088,61.84658,61.84658,59.90826,66.94027,62.8172,62.36185,59.77458,59.48109,61.35145
9.21954,8.24621,8.24621,8.24621,8.24621,7.28011,7.28011,7.28011,7.28011,7.28011,7.61577,6.7082,6.7082,6.7082,6.7082,6.7082,6.7082,6.7082,7.2111,6.7082,6.7082,6.7082,5.83095,6.40312,7.2111,5.83095,5.83095,6.7082,7.2111,5.83095,6.7082,6.7082,6.7082,5.83095,5.38516,5.38516,5.38516,6.32456,5.38516,5.09902,5.09902,5.09902,5.09902,4.12311,4.12311,4.0,4.0,4.0,4.0,4.12311,3.16228,3.16228,57.80138,49.67897,56.60389,54.40588,51.62364,51.61395,48.82622,51.22499,46.32494,44.65423,42.43819,45.65085,41.88078,42.48529,39.82462,42.48529,41.4367,43.68066,39.82462,35.8469,44.14748,36.76955,41.48494,36.40055,39.0,37.0,39.56008,36.49658,40.02499,39.62323,37.0,40.49691,35.73514,41.97618,32.55764,43.68066,39.56008,34.17601,36.76955,37.33631,36.24914,34.48188,36.35932,33.61547,36.35932,28.42534,29.41088,28.01785,27.80288,22.02272,27.80288,22.80351,24.08319,19.84943,23.34524,17.20465,20.61553,49.24429,50.96077,44.59821,55.97321,51.47815,54.626,54.20332,55.9464,61.58734,59.03389,64.49806,65.0,69.64194,68.50547,71.8401,62.36986,74.27651,67.20863,71.44928,71.70077,72.24957,71.21798,65.19202,69.35416,70.43437,65.11528,64.03124,67.00746,59.40539,65.43699,54.6443,64.53681,58.89822,60.20797,57.38467,55.31727,51.73973,55.22681,59.40539,59.64059,62.00806,52.43091,59.81639,59.20304,60.60528,55.44367,58.82176,59.20304,61.61169,60.20797,59.90826,63.28507,71.61006,56.40035,59.90826,66.85058,57.42822
8.94427,8.06226,8.60233,8.94427,8.06226,7.2111,7.2111,7.2111,7.2111,7.2111,7.2111,6.40312,6.40312,6.40312,6.40312,7.07107,6.40312,6.40312,7.07107,6.40312,7.07107,6.40312,6.40312,6.40312,7.07107,6.40312,6.40312,6.40312,6.40312,6.40312,6.40312,6.40312,7.07107,6.40312,5.65685,5.65685,5.65685,5.83095,5.83095,5.0,5.0,5.0,4.47214,4.47214,4.47214,4.47214,4.47214,4.12311,4.12311,4.12311,3.16228,3.0,58.30952,58.18935,56.30275,51.92302,53.22593,49.0408,44.92215,48.38388,44.27189,43.9659,42.44997,42.95346,43.41659,45.88028,42.2019,36.67424,44.40721,39.62323,42.19005,44.18144,41.10961,38.07887,37.33631,40.04997,39.31921,36.01389,38.63936,39.11521,40.0,39.01282,36.05551,37.12142,39.05125,36.49658,37.21559,41.19466,39.11521,37.33631,37.21559,34.9285,34.52535,34.71311,35.4683,32.75668,28.79236,27.313,26.57066,32.64966,24.16609,24.18677,21.40093,18.78829,25.55386,20.80865,19.20937,21.93171,19.79899,48.6621,48.25971,48.6621,48.04165,51.0392,49.0102,53.03772,57.14018,60.40695,58.21512,63.34824,66.28725,66.4906,67.44627,62.93648,65.80274,70.93659,70.26379,66.70832,68.54196,67.1193,69.83552,69.83552,66.24198,66.88797,62.96825,60.74537,61.58734,60.41523,59.16925,60.41523,56.82429,56.82429,55.07268,58.18075,55.9017,56.0803,56.0803,56.0803,55.71355,54.42426,59.13544,57.56735,54.08327,55.08176,57.87055,57.24509,58.69412,58.94065,61.68468,64.56005,57.72348,60.40695,61.68468,63.60031,58.30952,63.89053
9.43398,8.94427,8.94427,8.94427,8.94427,8.06226,7.61577,7.61577,7.61577,7.61577,7.61577,7.61577,7.28011,7.28011,7.28011,7.28011,7.28011,7.28011,7.07107,7.07107,7.07107,7.07107,7.28011,7.07107,7.07107,7.07107,7.07107,7.07107,7.07107,7.28011,6.08276,7.07107,7.07107,6.32456,6.32456,6.32456,6.7082,6.7082,5.83095,5.83095,5.83095,5.0,5.83095,5.0,5.0,4.24264,4.24264,4.24264,4.24264,4.24264,3.60555,3.60555,51.24451,53.36666,51.92302,52.88667,51.62364,50.0,48.76474,48.08326,47.92703,46.84015,42.44997,46.84015,46.23851,44.77723,39.35734,42.54409,39.81206,42.19005,39.81206,47.01064,39.81206,42.04759,36.23534,37.12142,36.67424,35.8469,39.44617,38.58756,36.71512,42.05948,34.98571,40.70626,40.22437,38.83298,38.01316,35.77709,37.57659,40.31129,39.0,36.40055,36.40055,36.87818,34.20526,32.69557,32.55764,32.98485,30.06659,29.15476,26.30589,28.01785,25.01999,26.01922,22.2036,23.19483,21.0238,21.84033,21.2132,50.32892,47.38143,48.27007,50.60632,52.63079,51.86521,52.47857,54.70832,62.76942,61.40033,61.7171,63.56099,68.42514,68.54196,68.15424,72.8011,67.18631,74.73286,66.70832,70.71068,71.70077,72.18033,71.84706,67.36468,67.1193,69.26038,66.1211,65.06919,64.12488,61.20457,62.07254,60.29925,58.30952,59.4138,60.53098,55.9017,60.67125,59.43904,59.66574,58.94065,55.31727,58.5235,59.20304,62.93648,58.5235,58.18935,59.90826,63.60031,62.96825,60.44005,55.71355,65.78754,62.29767,61.68468,60.16644,58.82176,60.00833
9.0,9.05539,9.05539,9.05539,9.05539,8.06226,8.06226,8.06226,8.06226,8.24621,8.06226,8.24621,8.24621,7.28011,7.28011,7.28011,7.28011,7.28011,7.61577,7.61577,7.61577,7.61577,7.28011,7.61577,7.61577,7.61577,7.61577,7.61577,7.61577,7.61577,7.61577,7.61577,7.61577,7.28011,7.28011,7.28011,7.07107,7.07107,7.07107,6.08276,6.08276,6.08276,6.0,5.0,5.0,5.0,5.0,5.0,5.0,4.12311,4.12311,4.12311,52.80152,56.61272,52.69725,50.0,52.43091,48.60041,51.31277,50.0,50.47772,47.70744,43.909,45.79301,46.14109,42.72002,38.83298,41.14608,46.51881,38.27532,37.16181,40.24922,40.8534,38.01316,36.67424,42.05948,39.05125,37.33631,37.33631,40.80441,42.05948,44.27189,41.10961,39.0,38.8973,40.49691,37.33631,40.49691,37.64306,39.84972,39.84972,34.9285,34.88553,37.80212,34.98571,31.76476,32.24903,30.23243,29.73214,27.58623,27.58623,23.34524,28.28427,22.62742,21.2132,22.80351,21.40093,21.0238,22.2036,52.34501,49.81967,50.01,54.81788,53.85165,53.45091,54.70832,57.38467,60.00833,60.37384,64.41273,66.24198,71.55418,68.09552,69.64194,71.02816,70.21396,71.8401,69.6563,72.83543,74.02702,72.83543,69.31089,70.00714,72.24957,70.00714,64.53681,65.19202,66.8431,65.79514,62.36986,61.55485,59.4138,61.52235,61.55485,60.82763,59.03389,63.89053,55.80323,63.60031,59.40539,61.40033,68.00735,65.45991,60.46487,61.29437,59.9333,64.00781,64.49806,68.26419,62.42596,69.06519,68.50547,61.40033,64.89992,65.21503,63.24555
9.21954,8.24621,8.24621,8.24621,8.24621,7.28011,7.28011,7.28011,7.28011,7.28011,7.28011,7.61577,7.61577,7.61577,6.7082,6.7082,6.7082,6.7082,6.7082,6.7082,6.7082,6.7082,5.83095,7.2111,7.2111,7.2111,7.2111,7.2111,7.2111,7.2111,6.7082,6.7082,6.7082,6.7082,6.7082,6.32456,6.32456,6.32456,6.08276,6.08276,5.09902,5.09902,5.09902,5.09902,4.12311,4.0,4.0,4.0,4.0,4.12311,3.0,3.16228,54.78138,57.24509,48.70318,51.92302,55.02727,50.59644,47.43416,50.9902,46.32494,42.2019,41.48494,41.76123,43.93177,39.62323,40.80441,39.45884,42.04759,44.10215,40.31129,39.62323,43.0,41.10961,39.11521,38.0,38.01316,41.01219,38.0526,41.01219,40.0,37.05401,39.01282,39.0,42.19005,41.04875,38.11824,39.0,38.20995,39.01282,38.11824,37.33631,36.49658,33.54102,37.85499,33.54102,31.7805,31.38471,29.12044,30.08322,24.16609,21.93171,25.4951,23.70654,25.4951,22.82542,22.84732,20.80865,19.84943,47.07441,48.25971,48.01042,52.0,53.00943,50.08992,49.0,54.14795,57.14018,61.66036,60.01666,65.30697,63.78871,66.76077,66.40783,69.07966,71.7844,66.30988,68.54196,71.58911,68.8767,71.17584,71.19691,69.11584,69.89278,68.88396,60.20797,67.95587,67.95587,63.28507,59.64059,59.05929,56.0803,59.03389,62.6099,58.59181,56.46238,58.13777,57.00877,57.00877,56.61272,55.36244,59.20304,59.13544,52.20153,61.84658,60.72891,59.43904,59.43904,57.72348,56.61272,58.94065,62.03225,56.921,57.24509,62.62587,60.41523
10.0,10.0,10.0,10.0,9.21954,9.21954,9.21954,8.48528,8.48528,8.48528,8.48528,8.48528,8.48528,8.48528,8.48528,8.60233,8.60233,7.81025,8.60233,7.81025,7.81025,7.81025,7.81025,8.60233,8.60233,8.60233,8.60233,7.81025,8.60233,7.2111,7.81025,7.81025,7.81025,7.81025,7.81025,7.07107,7.07107,7.81025,7.2111,7.07107,6.40312,6.40312,6.40312,6.40312,5.83095,5.83095,5.83095,5.38516,4.47214,5.38516,4.47214,4.47214,56.64804,60.74537,50.92151,48.50773,48.70318,48.08326,49.64877,46.48656,46.48656,42.72002,42.2019,39.29377,39.81206,43.17407,40.5216,38.32754,41.7732,41.59327,41.4367,39.01282,37.21559,37.0,39.05125,40.0125,39.01282,40.0125,36.12478,39.62323,38.0526,36.01389,37.12142,40.31129,37.0,39.11521,35.01428,37.33631,39.11521,37.01351,38.32754,33.54102,33.37664,35.17101,36.40055,35.1141,33.83785,29.15476,29.15476,29.41088,28.63564,22.84732,24.59675,21.09502,25.55386,24.08319,23.60085,19.41649,21.40093,48.83646,51.35173,48.6621,51.35173,51.0098,53.00943,54.0,56.00893,63.07139,59.13544,61.61169,61.98387,67.74216,66.94027,65.96969,68.68042,75.28612,73.38937,71.51224,70.5195,67.06713,73.92564,70.21396,69.35416,71.86793,69.77105,66.28725,64.14047,64.88451,66.7308,59.5399,58.18075,56.85948,62.76942,59.80803,57.00877,54.626,57.24509,55.4617,59.23681,59.77458,58.24088,61.03278,63.56099,59.13544,57.27128,58.94065,59.22837,58.24946,63.24555,57.87055,61.61169,59.46427,57.87055,59.66574,62.93648,61.35145
10.04988,10.19804,9.05539,9.05539,9.05539,9.05539,9.21954,8.24621,8.24621,8.24621,8.24621,8.24621,8.24621,8.24621,7.28011,8.544,7.61577,7.61577,7.61577,7.61577,7.28011,7.61577,7.61577,7.61577,7.61577,7.61577,7.61577,7.28011,7.28011,7.61577,7.28011,7.28011,7.28011,7.28011,7.28011,7.07107,7.07107,7.07107,6.08276,6.0,7.0,7.0,6.0,6.0,6.0,5.09902,5.09902,5.09902,5.09902,5.09902,4.12311,4.47214,52.49762,56.40035,54.40588,48.54894,49.40648,49.20366,45.80393,45.80393,43.82921,43.01163,40.80441,46.51881,43.56604,40.70626,38.07887,42.48529,42.48529,39.81206,42.15448,35.77709,43.65776,36.05551,37.36308,36.40055,36.24914,34.53983,35.73514,38.60052,36.05551,41.23106,40.79216,39.05125,39.84972,36.76955,34.9285,37.33631,39.92493,34.43835,36.23534,36.71512,36.24914,36.67424,31.38471,33.83785,32.75668,31.90611,29.68164,28.28427,29.20616,22.62742,24.75884,21.40093,21.63331,22.02272,24.18677,22.02272,18.35756,48.6621,47.29693,45.88028,50.92151,49.98,51.26402,53.85165,53.22593,61.7171,59.05929,64.00781,65.51336,63.81222,71.61006,71.21798,69.6563,75.9276,71.50524,70.71068,70.00714,70.71068,68.24954,64.3506,70.17834,64.44377,67.88225,67.47592,66.21933,58.82176,64.2028,61.07373,62.62587,58.89822,56.63921,63.78087,57.98276,53.03772,58.0517,54.45181,57.00877,61.22091,58.60034,59.40539,59.03389,61.22091,56.85948,59.07622,59.07622,59.40539,60.0,59.36329,62.42596,63.25346,54.81788,62.80127,63.89053,58.5235
10.0,9.0,10.04988,10.04988,9.05539,9.05539,9.05539,8.06226,8.06226,8.24621,8.06226,8.24621,8.24621,8.24621,8.24621,7.28011,8.24621,7.28011,7.61577,7.61577,7.61577,8.544,7.28011,7.61577,8.544,7.61577,7.61577,8.544,7.61577,7.28011,7.28011,8.24621,7.28011,7.28011,7.28011,7.07107,7.07107,7.07107,7.07107,7.07107,6.0,6.0,6.0,5.0,5.0,5.0,5.0,5.0,5.09902,4.12311,4.12311,4.12311,56.0803,48.9183,60.959,51.85557,49.57822,48.83646,51.73973,49.67897,42.44997,41.10961,43.84062,45.96738,41.72529,37.48333,43.13931,41.10961,42.80187,38.60052,39.05125,36.23534,41.67733,36.61967,39.82462,39.66106,35.51056,38.58756,38.94868,38.01316,38.94868,36.71512,36.61967,40.81666,35.51056,39.92493,35.22783,39.40812,39.96248,41.6173,37.44329,34.4093,37.53665,37.48333,34.82815,33.01515,31.89044,32.52691,34.71311,27.80288,24.69818,28.6007,23.85372,21.9545,23.02173,23.32381,19.41649,19.92486,20.61553,49.1935,48.37355,49.09175,54.6443,54.40588,59.03389,55.22681,58.89822,60.20797,62.24147,64.3506,62.96825,62.96825,68.88396,72.42237,67.95587,74.4043,70.83078,70.72482,72.06941,72.89719,72.56032,69.77822,72.49828,71.17584,67.97794,66.30988,65.9242,65.0,64.88451,59.03389,62.6099,66.64833,61.7171,60.82763,58.18075,55.75841,60.46487,59.36329,58.25805,58.82176,54.81788,65.60488,63.12686,56.58622,61.84658,61.84658,56.58622,57.48913,57.28001,59.46427,59.46427,62.00806,57.31492,60.20797,62.93648,59.46427
8.94427,8.94427,8.544,8.544,8.544,7.61577,7.61577,7.61577,7.61577,8.24621,7.28011,7.28011,8.24621,7.28011,7.07107,7.28011,7.07107,7.07107,7.07107,7.07107,7.07107,8.06226,7.07107,7.07107,8.06226,7.07107,7.07107,7.07107,7.07107,7.07107,7.07107,7.07107,7.07107,7.07107,7.28011,6.32456,6.32456,6.32456,6.32456,6.32456,5.83095,5.83095,5.38516,4.47214,4.47214,4.47214,4.47214,4.47214,4.47214,3.60555,3.60555,2.82843,54.45181,53.60037,50.48762,50.48762,52.17279,47.26521,49.24429,47.67599,46.57252,45.35416,44.14748,45.60702,43.41659,43.08132,42.2019,40.02499,41.62932,42.05948,38.48376,39.39543,39.82462,39.21734,35.51056,35.77709,38.91015,42.19005,39.92493,38.07887,38.07887,38.94868,40.70626,39.11521,35.35534,36.23534,41.18252,36.67424,40.71855,38.01316,35.77709,37.33631,39.56008,37.36308,33.83785,37.94733,30.80584,31.7805,29.27456,30.08322,23.5372,27.29469,23.08679,24.0,25.31798,25.0,20.02498,22.2036,20.22375,49.64877,46.61545,51.42956,54.42426,56.921,51.24451,57.97413,57.87055,56.75385,60.41523,61.81424,64.38167,67.60178,70.11419,72.33948,68.0,71.00704,75.05998,70.0,67.1193,69.72087,71.44928,70.85901,69.42622,65.30697,68.593,62.96825,66.70832,65.76473,61.18823,62.16912,60.82763,57.55867,58.21512,59.3043,53.15073,57.21888,58.0,59.00847,59.13544,58.00862,56.32051,54.33231,61.40033,53.33854,56.88585,55.7315,58.54912,60.87693,61.66036,60.53098,62.96825,59.84146,54.12947,62.16912,61.18823,59.43904
9.43398,8.06226,8.60233,8.06226,8.60233,7.2111,7.2111,7.2111,7.2111,7.2111,7.2111,7.2111,6.40312,7.07107,6.40312,7.07107,7.07107,7.07107,6.40312,7.07107,7.07107,6.40312,7.07107,6.40312,6.40312,7.07107,7.07107,7.07107,6.40312,7.07107,5.65685,7.07107,6.40312,6.40312,6.40312,7.2111,7.2111,5.83095,5.83095,5.83095,5.83095,5.38516,5.38516,5.38516,5.09902,5.09902,5.09902,4.12311,4.12311,4.12311,4.0,4.0,56.22277,43.28972,54.08327,52.15362,51.08816,48.01042,45.01111,49.0102,45.0,44.0,43.01163,41.19466,43.28972,37.05401,42.10701,41.4367,38.63936,37.85499,39.20459,40.79216,45.12206,38.32754,37.10795,35.73514,35.44009,37.10795,35.90265,36.40055,34.78505,40.8534,38.27532,43.01163,35.17101,36.13862,34.78505,37.48333,34.71311,35.1141,34.52535,35.01428,34.23449,37.05401,32.14032,32.01562,30.06659,30.14963,29.27456,26.30589,27.29469,28.44293,25.17936,23.5372,24.5153,17.08801,19.72308,22.13594,21.9545,44.38468,50.69517,54.42426,53.15073,52.17279,52.7731,59.03389,52.61179,58.30952,60.01666,62.1289,67.00746,64.07027,70.0,67.00746,67.1193,72.1734,64.62971,66.91039,68.06614,71.38627,70.0928,70.88018,71.06335,66.76077,70.88018,66.09841,65.80274,58.82176,63.32456,55.65968,61.98387,58.5235,56.04463,57.72348,58.46366,57.70615,58.69412,57.55867,53.23533,54.58938,57.21888,61.20457,57.03508,62.0,57.07889,58.0,58.00862,61.13101,58.0,56.0357,63.12686,63.03174,55.00909,60.0,64.38167,52.03845
9.43398,8.60233,8.60233,8.60233,8.60233,7.2111,7.81025,7.2111,7.2111,7.81025,7.81025,7.07107,7.07107,7.07107,6.40312,7.07107,6.40312,7.07107,6.40312,7.07107,7.07107,6.40312,7.07107,6.40312,6.40312,7.07107,7.07107,6.40312,6.40312,7.07107,6.40312,7.07107,6.40312,6.40312,6.40312,6.40312,6.40312,5.83095,5.83095,5.83095,5.38516,5.38516,5.38516,5.38516,5.38516,4.12311,5.09902,4.12311,4.12311,4.12311,4.0,4.0,53.60037,48.83646,53.33854,50.35871,52.46904,51.97115,45.17743,46.09772,44.55334,44.28318,45.01111,39.01282,44.18144,34.0,41.10961,39.81206,38.0526,40.31129,40.31129,41.10961,43.41659,36.40055,39.62323,36.49658,36.22154,37.65634,36.87818,36.40055,37.85499,39.29377,35.35534,42.2019,33.73426,39.81206,39.62323,34.23449,38.20995,33.37664,36.22154,38.11824,34.23449,33.01515,30.06659,31.14482,32.38827,31.14482,31.32092,23.08679,27.65863,25.0,27.89265,26.57066,23.76973,20.61553,19.69772,18.86796,17.49286,48.70318,52.17279,49.47727,55.44367,55.3263,52.15362,55.22681,54.03702,62.07254,56.0803,64.49806,64.07027,71.17584,72.33948,71.38627,73.1642,74.52516,70.5195,74.2159,71.16881,73.05477,74.09453,72.23573,72.49828,70.26379,71.30919,63.56099,71.11259,60.00833,65.79514,60.92618,65.79514,57.93962,58.30952,62.62587,61.98387,56.30275,60.44005,55.08176,60.01666,58.46366,58.54912,59.22837,60.82763,56.88585,63.15061,60.01666,58.21512,61.18823,57.21888,56.4358,62.1289,61.81424,56.32051,59.21149,63.3877,62.16912
8.94427,8.06226,8.544,7.61577,7.61577,7.61577,7.61577,7.61577,7.28011,7.28011,7.28011,7.28011,6.32456,6.08276,6.32456,6.08276,6.08276,6.08276,6.08276,6.08276,6.08276,6.08276,6.08276,6.0,6.08276,6.08276,6.08276,7.07107,6.0,6.08276,6.08276,6.08276,6.08276,6.08276,6.32456,6.32456,5.38516,5.38516,5.38516,5.38516,5.0,4.47214,5.38516,5.0,4.24264,4.24264,4.24264,4.24264,4.24264,4.24264,3.60555,3.60555,51.26402,46.23851,53.31041,49.33559,47.75982,47.53946,46.95743,47.42362,49.1935,41.62932,42.04759,44.77723,44.94441,42.19005,36.71512,37.80212,43.60046,39.82462,37.64306,39.40812,39.82462,34.4093,38.20995,33.24154,34.98571,35.60899,40.45986,36.76955,37.80212,35.4683,36.87818,41.6173,36.06938,36.23534,35.0,34.05877,37.01351,36.05551,36.89173,33.61547,33.10589,33.24154,33.10589,34.0147,29.73214,29.15476,26.92582,28.16026,28.44293,25.0,23.34524,23.08679,21.0238,20.61553,19.10497,17.11724,17.11724,48.01042,48.83646,50.93133,52.34501,51.66237,54.40588,53.25411,54.40588,62.1289,58.30952,58.83026,61.7171,66.88797,69.31811,68.15424,65.78754,71.51224,70.60453,68.62215,68.15424,70.83078,70.40597,69.2315,61.98387,67.74216,67.08204,64.93843,69.05071,63.95311,60.67125,61.39218,61.98387,58.54912,60.82763,60.67125,62.16912,52.39275,51.5461,54.70832,60.53924,60.44005,58.30952,59.46427,57.00877,55.36244,58.30952,55.02727,53.31041,61.68468,57.77543,56.79789,58.69412,58.5235,53.31041,56.46238,59.09315,55.9464
9.21954,9.21954,9.21954,9.21954,9.21954,8.24621,8.24621,7.28011,7.28011,8.544,7.28011,7.61577,7.61577,7.61577,7.61577,7.61577,6.7082,7.61577,7.61577,8.06226,7.61577,8.06226,7.61577,8.06226,8.06226,6.7082,6.7082,8.06226,8.06226,6.7082,7.61577,7.61577,7.61577,7.61577,6.7082,6.32456,6.32456,6.32456,6.08276,6.08276,6.08276,5.09902,6.08276,5.09902,5.09902,5.0,5.0,5.0,5.0,4.0,4.0,4.0,58.24946,53.25411,54.56189,51.86521,46.32494,51.31277,46.32494,47.70744,46.64762,44.77723,41.62932,42.05948,44.29447,39.82462,41.59327,42.05948,43.08132,41.76123,37.64306,40.26164,40.80441,38.01316,39.05125,37.65634,41.10961,37.36308,35.90265,41.7732,39.62323,36.67424,37.48333,37.10795,38.32754,40.26164,37.69615,37.48333,37.94733,39.84972,38.60052,33.54102,35.4683,33.10589,36.76955,34.0147,34.53983,33.01515,28.3196,31.40064,21.2132,24.08319,22.67157,20.51828,22.02272,22.80351,21.26029,23.32381,20.61553,46.52956,52.7731,51.97115,50.96077,52.20153,57.58472,55.71355,56.64804,59.09315,60.83584,66.18912,65.79514,67.97794,68.09552,67.95587,73.81734,77.93587,69.81404,74.8131,73.0,75.0733,73.59348,72.91776,72.91776,71.44928,66.48308,65.76473,66.6033,63.89053,63.65532,59.4138,65.8559,60.82763,60.20797,63.70243,57.98276,55.60576,62.20129,59.20304,58.82176,60.20797,56.4358,62.68174,65.51336,59.90826,56.60389,63.28507,57.24509,60.90156,58.83026,63.13478,59.16925,62.1289,58.24946,63.50591,58.83026,60.74537
8.544,8.544,8.544,8.544,8.544,7.61577,7.28011,7.28011,7.28011,7.28011,7.28011,7.28011,7.07107,7.07107,7.07107,7.07107,6.08276,6.08276,6.0,7.07107,6.08276,7.0,6.08276,7.0,7.07107,6.08276,6.08276,7.0,6.0,6.08276,6.08276,7.07107,6.08276,6.08276,6.32456,6.32456,5.38516,6.32456,5.38516,5.38516,5.0,4.47214,5.83095,5.0,4.24264,4.24264,4.24264,4.24264,4.24264,4.24264,3.60555,3.60555,58.18935,54.626,50.11986,48.75449,49.76947,45.61798,49.1935,45.18849,45.65085,41.59327,41.62932,44.77723,41.18252,38.91015,38.07887,42.2019,42.2019,40.80441,39.11521,36.87818,44.04543,38.01316,38.8973,34.65545,36.87818,38.28838,41.10961,43.18565,36.79674,37.53665,36.87818,39.40812,42.52058,38.20995,36.87818,35.60899,39.59798,41.40048,40.49691,37.21559,37.58989,32.31099,32.64966,34.1321,30.80584,31.01612,32.89377,29.96665,27.45906,24.33105,25.31798,24.04163,19.64688,18.43909,21.37756,21.09502,21.09502,46.8615,50.32892,48.27007,50.80354,53.41348,53.82379,52.80152,57.80138,61.58734,58.30952,66.24198,67.53518,68.42514,69.07966,67.77905,68.30813,71.47027,71.30919,73.00685,70.34202,70.40597,72.00694,71.19691,72.83543,70.71068,67.47592,64.19502,67.1193,64.28063,64.19502,61.40033,61.40033,60.40695,57.31492,60.87693,58.46366,56.51548,60.44005,55.36244,56.61272,54.626,56.0803,60.16644,63.15853,57.38467,59.61543,62.76942,59.9333,58.69412,59.23681,57.38467,60.00833,61.98387,60.08328,59.61543,56.85948,60.16644
10.04988,10.0,9.0,9.0,9.0,9.0,8.0,8.06226,8.0,8.06226,8.0,8.06226,8.06226,8.06226,8.06226,8.06226,8.06226,7.07107,8.24621,8.24621,8.24621,8.24621,7.07107,8.24621,8.24621,8.24621,8.24621,8.24621,8.24621,7.07107,8.06226,8.06226,8.06226,7.07107,7.07107,7.0,7.0,7.0,7.0,7.0,6.08276,6.08276,6.08276,5.09902,5.09902,5.09902,5.09902,5.09902,4.12311,4.12311,4.12311,3.16228,54.6443,52.69725,54.6443,53.00943,51.86521,46.52956,48.02083,46.75468,45.45327,44.40721,38.94868,39.82462,43.27817,43.86342,40.60788,38.94868,42.44997,38.20995,38.8973,39.20459,38.60052,37.53665,39.66106,36.71512,39.40812,38.27532,38.01316,36.05551,36.35932,40.60788,35.22783,40.81666,36.05551,38.07887,36.23534,38.60052,38.47077,39.40812,39.05125,36.40055,39.59798,34.4093,35.60899,33.24154,31.1127,27.01851,31.241,32.64966,25.23886,24.41311,21.40093,22.36068,25.80698,23.70654,18.78829,21.37756,20.22375,49.49747,53.90733,51.22499,53.53504,54.3783,53.33854,55.22681,60.41523,66.03787,62.6099,63.97656,64.84597,68.942,70.77429,71.51224,71.56815,73.38937,71.30919,71.30919,73.37575,69.92138,74.46476,66.91039,70.71068,67.74216,69.2315,64.12488,66.91039,64.93843,63.34824,64.62971,68.65858,60.44005,63.32456,64.03124,59.46427,59.13544,57.56735,57.87055,57.00877,61.7414,59.48109,59.61543,62.76942,61.77378,59.5399,56.85948,60.03332,59.64059,59.5399,58.83026,59.68249,59.05929,60.41523,61.40033,61.7171,60.53924
8.48528,8.48528,8.48528,8.48528,8.48528,7.81025,7.81025,7.81025,7.81025,7.07107,7.2111,7.2111,7.2111,7.2111,7.2111,6.7082,6.7082,6.7082,6.7082,6.7082,6.7082,6.7082,6.7082,6.7082,6.7082,6.7082,6.7082,6.7082,6.7082,6.7082,7.2111,6.40312,6.40312,6.40312,6.40312,5.83095,6.40312,5.65685,5.65685,5.65685,4.24264,5.0,5.0,4.24264,4.24264,3.60555,3.60555,3.60555,3.16228,3.16228,3.16228,3.16228,53.36666,52.95281,47.09565,46.27094,49.0408,47.38143,44.01136,45.27693,46.0,46.01087,42.04759,44.10215,46.17359,45.0,42.04759,39.11521,44.10215,42.04759,39.20459,37.12142,40.4475,39.81206,37.85499,40.80441,40.1995,38.63936,35.90265,39.45884,40.60788,38.8973,36.67424,38.20995,40.31129,41.97618,35.35534,37.21559,37.12142,38.07887,36.05551,34.05877,35.01428,34.0147,35.22783,33.13608,34.1321,30.06659,27.45906,29.61419,25.70992,25.0,22.56103,21.37756,24.16609,21.54066,23.25941,19.23538,18.43909,46.48656,47.67599,43.93177,51.78803,49.49747,53.23533,52.34501,57.03508,60.00833,60.0,60.29925,64.19502,68.11755,69.35416,71.19691,69.857,70.0928,71.06335,69.857,67.05222,67.18631,70.2282,67.77905,66.30988,68.8767,65.55151,63.97656,67.1193,61.32699,61.26989,57.27128,62.76942,59.46427,58.87274,55.36244,55.97321,53.85165,55.7853,56.32051,57.48913,57.97413,54.91812,54.91812,61.52235,58.85576,53.08484,56.32051,57.03508,59.3043,61.52235,58.0517,60.53098,57.42822,56.0803,57.42822,54.14795,57.21888
8.0,9.0,8.0,9.0,8.0,8.0,7.07107,7.07107,7.07107,7.07107,7.07107,7.07107,7.07107,7.28011,7.28011,6.32456,6.32456,6.32456,6.32456,6.32456,6.32456,6.32456,6.32456,6.32456,6.32456,6.32456,6.32456,6.32456,6.32456,6.32456,6.32456,6.32456,6.32456,6.32456,6.08276,5.09902,6.08276,6.08276,6.0,5.0,5.0,5.0,5.0,4.0,4.12311,4.12311,4.12311,4.12311,3.16228,3.16228,3.16228,3.60555,53.15073,57.38467,56.72742,52.49762,53.75872,50.9902,48.79549,49.49747,46.09772,49.49747,42.44997,39.69887,43.93177,38.41875,43.26662,42.2019,43.01163,41.04875,38.58756,36.35932,38.60052,40.81666,40.24922,35.8469,37.73592,39.96248,38.94868,39.21734,38.91015,39.0,38.01316,39.82462,33.10589,37.16181,36.35932,34.0,38.91015,36.23534,38.41875,34.82815,36.40055,32.55764,34.66987,32.20248,34.71311,29.06888,31.14482,29.0,26.1725,23.85372,25.0,23.85372,20.80865,23.02173,21.40093,19.23538,20.12461,47.16991,49.67897,48.16638,52.3259,54.45181,52.34501,55.44367,56.40035,61.29437,61.7171,63.25346,65.45991,73.81734,71.56116,68.26419,71.58911,69.35416,69.77822,71.11259,72.8011,67.77905,76.2168,71.16881,68.35203,71.86793,69.89278,66.70832,64.51356,62.8172,63.56886,60.63827,64.2573,61.03278,58.18935,57.69749,62.29767,57.38467,55.47071,56.82429,56.0357,57.3062,59.90826,56.40035,63.60031,55.75841,52.80152,58.41233,55.80323,59.81639,60.0,61.07373,60.60528,64.2028,55.21775,59.81639,62.482,59.66574
8.24621,7.28011,8.24621,8.24621,7.28011,7.28011,7.28011,6.32456,6.7082,7.61577,6.32456,6.32456,6.7082,6.7082,6.7082,5.83095,5.83095,5.83095,5.83095,5.83095,5.83095,6.40312,5.83095,6.40312,5.83095,5.83095,5.83095,6.40312,5.83095,5.83095,5.83095,5.83095,5.83095,5.83095,5.83095,5.38516,5.38516,5.38516,5.09902,5.09902,4.12311,4.12311,5.09902,4.12311,4.0,4.0,4.0,4.0,4.0,3.16228,3.16228,3.16228,54.70832,50.28916,55.97321,53.14132,52.81098,45.88028,45.60702,50.96077,46.32494,45.35416,42.72002,40.79216,41.7732,41.0,41.23106,38.63936,41.4367,44.04543,39.31921,37.01351,45.09989,40.1995,44.10215,37.01351,39.0,40.1995,37.01351,40.04997,39.01282,38.11824,41.10961,40.31129,39.0,35.22783,36.01389,37.12142,35.12834,41.10961,42.19005,33.73426,34.9285,34.71311,32.28002,32.89377,33.83785,31.95309,27.20294,25.29822,25.4951,24.59675,23.25941,25.05993,21.47091,25.23886,21.47091,18.02776,17.02939,50.35871,50.35871,48.0,53.00943,52.23983,51.35173,54.23099,56.08921,60.82763,61.98387,64.56005,66.21933,68.96376,68.30813,72.8011,67.62396,71.69379,72.49828,70.26379,72.71864,71.02112,72.01389,72.40166,72.40166,68.24954,69.33974,65.43699,64.3506,61.85467,64.2028,61.29437,65.19202,56.0803,60.74537,65.19202,59.05929,59.09315,58.60034,59.48109,61.7414,61.84658,58.5235,57.00877,63.24555,57.38467,58.5235,58.87274,58.5235,61.98387,62.36185,58.5235,59.46427,56.61272,59.13544,59.13544,60.72891,58.5235
9.21954,8.24621,8.24621,8.24621,8.24621,7.28011,7.28011,7.28011,7.28011,7.61577,7.28011,7.28011,7.28011,6.7082,6.7082,6.7082,6.7082,6.7082,6.7082,6.7082,6.7082,6.7082,5.83095,6.7082,6.7082,6.7082,6.7082,6.7082,6.7082,5.83095,6.7082,6.7082,6.7082,6.7082,6.32456,5.38516,6.32456,6.08276,6.08276,5.09902,5.09902,5.09902,5.09902,4.0,4.0,4.0,4.0,4.0,4.12311,3.16228,3.16228,3.16228,57.42822,53.41348,46.52956,45.22168,46.87217,43.909,47.42362,47.88528,44.29447,39.11521,42.05948,38.91015,43.86342,40.70626,42.15448,39.81206,42.94182,39.21734,37.94733,39.0,38.32754,37.33631,38.07887,39.05125,39.29377,34.20526,43.41659,38.83298,39.29377,40.26164,36.40055,37.64306,37.48333,38.60052,33.83785,38.27532,35.73514,36.40055,36.40055,34.88553,32.31099,34.9285,33.28663,37.12142,33.12099,28.6531,26.40076,27.45906,23.85372,25.0,25.23886,20.51828,20.51828,22.62742,21.93171,20.12461,20.12461,49.81967,47.43416,50.28916,51.26402,53.14132,47.41308,53.48832,52.3259,59.94164,61.29437,62.96825,63.00794,64.63745,67.95587,65.21503,69.02898,69.6563,70.83784,65.76473,69.29646,70.00714,73.5527,69.6563,63.41136,70.0,67.35726,62.20129,59.5483,62.00806,62.28965,56.0803,57.48913,56.58622,59.46427,58.0,56.0803,58.0517,57.31492,54.45181,54.03702,54.03702,57.80138,55.0,61.03278,50.21952,59.64059,51.40039,60.74537,59.03389,59.40539,58.24946,59.36329,59.20304,57.14018,59.90826,56.0357,58.5235
10.04988,9.05539,9.21954,9.05539,9.05539,8.06226,8.24621,8.24621,8.24621,8.24621,8.24621,8.24621,8.24621,8.24621,7.61577,8.544,7.61577,7.61577,7.61577,7.61577,7.61577,7.61577,7.61577,7.61577,7.61577,7.61577,7.61577,7.61577,7.61577,7.61577,7.61577,7.61577,7.61577,7.28011,7.28011,7.28011,7.07107,7.07107,6.08276,6.08276,6.0,6.08276,6.0,5.0,5.0,5.0,5.0,5.0,5.0,4.12311,4.0,4.12311,60.20797,50.93133,53.15073,50.93133,53.07542,48.10405,45.96738,51.62364,43.84062,47.80167,47.01064,44.40721,43.41659,39.82462,40.45986,37.44329,45.22168,40.22437,42.63801,37.44329,42.54409,36.23534,39.44617,39.92493,37.21559,38.48376,35.77709,39.44617,38.27532,37.57659,33.28663,42.54409,32.64966,38.58756,34.4093,40.70626,38.01316,36.89173,39.96248,34.05877,31.40064,32.01562,32.64966,31.14482,35.38361,26.40076,28.30194,30.0,24.20744,22.80351,19.72308,24.18677,21.40093,20.12461,20.12461,19.64688,19.0263,47.53946,54.57105,50.92151,53.7122,51.07837,58.59181,59.48109,56.79789,63.95311,57.42822,63.41136,67.00746,70.43437,70.43437,75.16648,68.593,77.15569,71.44928,74.27651,75.9276,73.10951,71.06335,68.24222,69.97142,72.40166,69.06519,68.96376,71.84706,62.96825,68.50547,61.58734,67.6757,61.61169,60.20797,60.60528,59.81639,54.6443,58.41233,60.60528,61.52235,60.1415,61.52235,64.53681,57.98276,60.87693,65.8559,60.0,61.7171,59.40539,58.79626,58.79626,58.72819,60.1415,53.8145,60.87693,63.63961,62.28965
8.06226,8.24621,8.24621,8.24621,7.28011,7.28011,7.28011,7.28011,6.32456,6.32456,6.32456,6.32456,6.32456,6.32456,6.32456,6.7082,5.83095,6.7082,6.7082,5.83095,6.7082,6.7082,5.83095,6.7082,6.7082,5.83095,5.83095,6.7082,6.7082,5.83095,6.32456,6.7082,6.7082,6.32456,5.38516,5.38516,5.09902,6.08276,5.09902,5.09902,4.0,4.0,5.0,4.0,4.0,4.0,3.0,4.12311,4.12311,3.16228,3.16228,3.16228,53.66563,53.33854,58.18075,49.39636,53.85165,51.89412,49.1935,50.11986,46.06517,44.72136,40.71855,43.46263,39.39543,46.51881,40.31129,40.5216,44.92215,38.27532,41.76123,37.94733,41.48494,35.17101,41.23106,37.36308,37.85499,39.29377,37.85499,40.60788,38.83298,37.65634,36.87818,39.29377,38.07887,36.87818,43.32436,38.47077,39.56008,37.0,39.56008,35.8469,38.48376,33.10589,34.48188,34.0147,33.28663,29.68164,29.68164,30.0,28.28427,21.09502,25.4951,21.2132,28.28427,24.20744,21.26029,20.51828,16.40122,51.24451,48.83646,48.6621,52.17279,50.28916,50.59644,53.75872,57.38467,61.03278,62.24147,64.40497,63.50591,67.97794,68.7968,69.06519,71.02816,73.78347,75.0,69.2026,72.62231,71.50524,73.59348,70.0928,70.71068,70.03571,68.68042,65.11528,64.44377,65.29931,62.24147,59.46427,61.52235,58.72819,59.4138,62.24147,56.58622,58.60034,58.25805,54.6443,59.40539,56.22277,56.93856,60.74537,61.29437,54.3783,58.60034,60.20797,58.30952,58.18075,60.90156,60.53924,61.77378,60.20797,54.70832,61.29437,60.03332,59.94164
10.19804,9.21954,9.48683,9.48683,9.48683,8.24621,8.544,8.544,8.544,8.544,8.544,8.544,8.544,8.544,7.61577,8.06226,8.06226,7.61577,8.06226,8.06226,8.06226,8.06226,8.06226,8.06226,8.06226,8.06226,8.06226,8.06226,8.06226,7.61577,7.61577,8.06226,7.61577,7.61577,7.61577,7.28011,7.28011,7.28011,7.28011,6.08276,6.08276,6.08276,6.08276,5.09902,5.09902,5.09902,5.0,5.0,5.0,4.0,4.0,4.0,57.98276,51.40039,56.82429,46.14109,48.54894,47.70744,51.62364,50.53712,44.29447,45.17743,44.41846,44.77723,41.62932,42.94182,44.38468,42.72002,42.04759,42.72002,40.5216,41.4367,41.48494,39.21734,39.56008,38.8973,40.5216,40.5216,38.60052,39.81206,41.23106,37.65634,35.73514,38.60052,36.68787,38.07887,36.68787,37.36308,40.5216,36.13862,37.36308,35.4683,34.43835,32.64966,34.48188,31.06445,29.96665,30.80584,31.06445,32.80244,28.28427,29.69848,23.43075,22.02272,21.93171,23.34524,20.0,16.15549,20.12461,48.25971,51.62364,52.61179,51.1957,54.57105,56.61272,53.14132,59.13544,61.35145,61.32699,65.8635,65.29931,68.88396,70.21396,71.56116,72.67049,76.6094,69.6563,74.20243,76.2168,75.82216,73.66139,73.53911,74.24958,68.41053,70.00714,69.02898,67.26812,63.89053,67.89698,54.45181,62.93648,61.52235,57.98276,60.81118,58.89822,59.20304,59.20304,58.25805,58.24946,60.21628,59.07622,60.03332,63.81222,59.90826,58.30952,55.9464,59.05929,63.07139,60.03332,63.28507,60.03332,65.51336,55.56978,62.64982,64.41273,56.93856
9.21954,8.48528,8.48528,8.48528,8.48528,7.81025,7.81025,7.81025,7.81025,7.81025,7.81025,7.81025,7.2111,7.2111,7.2111,7.2111,7.2111,7.2111,6.7082,7.2111,6.7082,6.7082,7.2111,6.7082,7.2111,7.2111,7.2111,7.2111,6.7082,7.2111,6.40312,6.40312,7.2111,6.40312,6.40312,7.07107,6.40312,5.65685,5.65685,5.65685,5.83095,5.83095,5.0,4.47214,4.47214,4.47214,4.47214,4.47214,4.47214,4.12311,4.12311,4.12311,55.65968,52.7731,50.96077,49.0408,52.20153,47.29693,46.8188,44.92215,44.27189,45.22168,42.44997,50.59644,45.69464,43.46263,42.15448,42.05948,40.24922,36.24914,37.12142,38.58756,42.19005,40.24922,38.01316,38.01316,37.12142,36.05551,38.94868,40.22437,31.7805,44.41846,38.58756,41.18252,34.4093,37.20215,42.19005,37.73592,33.61547,35.8469,36.35932,36.24914,36.40055,37.64306,32.31099,30.36445,35.69314,31.40064,33.73426,24.5153,25.31798,26.30589,26.68333,23.0,19.41649,17.11724,21.0238,19.10497,18.24829,47.16991,50.9902,48.30114,54.626,50.69517,55.02727,54.08327,57.56735,61.13101,58.94065,61.98387,66.75328,65.9242,69.35416,71.11259,72.11103,71.02816,71.02816,71.11259,69.11584,70.25667,74.16873,72.56032,73.68175,70.03571,67.26812,66.09841,67.47592,61.29437,66.37017,56.22277,65.49046,59.3043,56.0803,59.03389,59.03389,54.03702,56.00893,57.0,60.20797,58.07753,56.4358,59.4138,58.85576,56.7186,55.31727,57.07013,62.16912,61.98387,58.0517,55.57877,63.15061,61.18823,58.0517,62.64982,61.18823,51.62364
9.0,9.05539,8.06226,8.0,8.06226,8.06226,8.06226,8.06226,7.07107,7.07107,7.28011,7.28011,7.28011,7.28011,7.28011,7.28011,7.61577,7.28011,6.32456,6.32456,6.32456,6.32456,6.7082,6.7082,7.61577,6.7082,6.7082,6.32456,6.32456,7.28011,6.32456,6.32456,6.32456,6.32456,6.32456,6.08276,6.08276,6.0,5.0,5.0,5.0,5.0,5.0,5.0,5.0,4.0,4.0,3.16228,3.16228,3.16228,3.16228,3.16228,61.7171,56.58622,58.0,53.90733,49.67897,49.57822,49.40648,52.40229,46.8615,46.40043,44.94441,44.10215,46.52956,43.01163,41.88078,40.81666,42.94182,38.01316,43.82921,41.10961,47.75982,40.71855,38.62642,42.15448,38.47077,36.23534,40.8534,41.23106,41.78516,41.4367,36.68787,38.62642,41.23106,41.78516,38.62642,41.62932,39.81206,39.81206,39.0,36.71512,38.01316,37.20215,34.82815,36.40055,39.20459,33.30165,34.05877,29.0,28.42534,26.1725,29.0,26.87006,27.80288,21.0238,23.60085,23.32381,18.78829,49.24429,51.0,51.88449,53.33854,51.47815,59.40539,56.0803,63.25346,61.40033,58.25805,65.06919,67.89698,71.42129,69.35416,72.62231,67.35726,73.0,72.20111,70.45566,73.4983,76.55064,71.86793,72.56032,73.92564,71.11259,69.35416,63.95311,68.0,62.26556,68.60029,58.83026,64.49806,63.28507,61.85467,61.91123,55.44367,58.89822,64.2028,58.25805,59.03389,60.10824,61.55485,62.24147,58.69412,62.24147,60.30755,59.5483,61.07373,60.20797,64.53681,62.36986,58.25805,65.19202,60.30755,60.1415,64.53681,60.60528
10.19804,9.21954,9.21954,9.21954,9.21954,8.24621,8.544,8.544,8.544,8.544,8.544,8.544,8.544,8.544,7.61577,8.06226,8.06226,8.06226,8.06226,8.06226,8.06226,8.06226,8.06226,8.06226,8.06226,8.06226,8.06226,8.06226,8.06226,8.06226,8.06226,8.06226,7.61577,7.61577,7.61577,7.61577,7.28011,7.28011,7.28011,6.32456,6.08276,6.08276,6.08276,5.09902,5.09902,5.09902,5.09902,5.0,5.0,5.0,4.0,4.0,53.2635,50.80354,55.21775,52.63079,53.25411,49.20366,49.09175,47.20169,46.32494,44.10215,41.6173,46.32494,40.49691,40.31129,41.18252,43.46263,46.8188,40.31129,41.62932,39.84972,40.16217,37.94733,37.85499,39.92493,39.0,39.84972,38.27532,41.7732,39.29377,38.60052,38.62642,36.40055,37.94733,37.48333,36.05551,36.24914,37.0,36.40055,39.0,35.35534,34.98571,34.1321,34.88553,35.4683,37.73592,32.24903,25.45584,33.01515,24.75884,24.08319,24.75884,21.93171,21.26029,24.20744,23.34524,22.47221,16.40122,47.42362,51.0,52.80152,58.66856,57.14018,54.70832,53.82379,55.80323,62.00806,62.00806,63.89053,66.06815,70.17834,70.71068,68.68042,69.42622,70.76722,75.82216,71.70077,71.61006,72.67049,71.84706,71.28113,70.72482,67.74216,68.26419,63.28507,68.09552,61.91123,63.82006,61.03278,64.3506,61.29437,61.61169,57.42822,57.2014,54.67175,55.31727,59.5483,59.4138,57.31492,60.30755,61.6198,60.959,58.0,58.89822,58.25805,63.70243,62.00806,59.81639,60.44005,62.80127,58.13777,59.03389,62.42596,56.0803,59.90826
8.24621,8.24621,8.24621,8.24621,8.24621,7.28011,7.28011,7.28011,7.28011,7.61577,6.32456,6.7082,6.7082,6.7082,6.7082,6.7082,6.7082,5.83095,5.83095,6.7082,6.7082,6.7082,5.83095,6.40312,7.2111,6.40312,5.83095,6.7082,6.7082,5.83095,6.7082,6.7082,6.7082,6.7082,5.38516,5.38516,5.38516,6.08276,5.09902,5.09902,5.09902,5.09902,5.0,4.0,4.0,4.0,4.0,4.0,4.12311,4.12311,3.16228,3.16228,55.17246,54.48853,60.87693,51.62364,50.93133,51.08816,47.50789,49.0408,44.20407,43.27817,42.0119,43.909,45.22168,43.82921,41.6173,41.34005,43.56604,41.18252,42.54409,39.81206,41.18252,37.12142,39.92493,39.21734,36.71512,41.10961,38.01316,39.56008,38.48376,37.69615,41.14608,39.39543,40.31129,42.15448,37.12142,39.82462,39.39543,37.12142,40.31129,39.66106,32.44996,36.40055,38.41875,33.6006,32.01562,31.40064,29.73214,29.0,25.6125,25.6125,23.85372,27.20294,20.51828,25.23886,20.12461,17.49286,20.59126,52.81098,50.11986,48.33218,53.0,53.0,54.91812,51.10773,56.61272,60.80296,57.62812,63.89053,63.78087,67.35726,72.13876,72.47068,71.06335,71.70077,68.11755,66.4003,69.06519,69.89278,70.72482,69.46222,68.09552,69.77822,67.1193,69.857,66.24198,60.90156,67.74216,56.82429,62.17717,60.74537,57.98276,59.36329,57.00877,54.40588,58.82176,55.97321,60.20797,58.89822,55.9017,54.48853,58.69412,59.4138,57.38467,58.13777,57.28001,62.36986,59.4138,58.69412,59.4138,60.959,54.45181,60.87693,62.24147,60.959
9.48683,9.48683,9.84886,9.48683,9.84886,8.544,8.94427,8.94427,8.94427,8.94427,8.94427,8.06226,8.06226,8.06226,8.06226,8.06226,8.60233,8.06226,8.60233,8.60233,8.06226,8.60233,7.2111,8.60233,8.60233,7.81025,7.81025,8.60233,8.60233,7.81025,8.06226,8.06226,8.06226,8.06226,7.61577,6.7082,6.7082,7.61577,6.7082,6.32456,6.32456,6.32456,6.32456,5.38516,5.09902,5.09902,5.09902,5.09902,5.0,5.0,4.0,4.0,57.48913,55.22681,54.20332,48.16638,50.0,46.8615,46.40043,51.31277,46.61545,43.26662,41.88078,39.81206,43.82921,40.81666,39.96248,40.31129,43.86342,39.81206,37.16181,36.67424,41.4367,37.16181,36.40055,34.48188,35.17101,40.5216,34.20526,37.94733,37.0,36.40055,36.76955,39.39543,32.01562,39.84972,35.1141,36.67424,33.52611,40.8534,38.8973,35.34119,34.98571,33.54102,33.6006,33.61547,35.51056,30.52868,28.28427,32.44996,23.43075,19.79899,21.40093,23.43075,21.40093,22.80351,20.80865,19.72308,18.35756,46.8188,47.53946,54.12024,51.0,52.35456,52.47857,54.70832,57.14018,59.64059,62.80127,61.07373,67.26812,69.6563,67.26812,71.42129,66.52819,69.6563,69.81404,70.83784,70.0,68.60029,76.02631,70.17834,72.11103,68.09552,65.0,64.41273,68.96376,62.1289,61.40033,61.05735,59.40539,59.40539,58.41233,56.85068,55.60576,57.2014,56.85068,53.41348,56.56854,57.31492,56.56854,58.69412,61.55485,54.03702,61.07373,58.25805,57.00877,60.20797,60.80296,59.20304,60.46487,60.87693,54.67175,64.2028,59.46427,58.41233
9.21954,7.81025,8.48528,7.81025,7.81025,7.07107,7.81025,7.07107,7.07107,7.07107,7.07107,6.40312,7.07107,6.40312,6.40312,7.2111,6.7082,7.2111,6.7082,6.7082,6.40312,6.7082,7.2111,6.7082,7.2111,6.7082,6.7082,7.2111,7.2111,6.7082,6.40312,7.2111,6.40312,6.40312,6.40312,6.40312,5.65685,5.65685,5.0,5.0,5.0,5.0,5.0,3.60555,3.60555,3.60555,3.60555,3.16228,3.16228,3.16228,3.16228,3.16228,56.0803,52.0,57.00877,50.0,51.08816,51.0,47.0,52.0,47.01064,44.55334,41.30375,42.44997,42.57934,42.2019,40.79216,43.68066,45.12206,42.95346,41.23106,35.73514,41.0,38.83298,41.78516,38.8973,36.68787,40.80441,36.05551,41.4367,41.4367,39.81206,37.64306,40.49691,36.13862,43.93177,35.73514,40.80441,40.02499,39.05125,37.65634,34.52535,31.57531,36.0,35.22783,37.12142,34.0147,28.28427,28.07134,30.06659,23.0,27.01851,24.08319,23.02173,27.16616,23.76973,20.39608,21.54066,17.46425,47.85394,51.5461,48.38388,57.00877,50.59644,52.63079,52.95281,54.81788,57.55867,59.03389,64.28063,68.18358,71.34424,68.00735,71.11259,68.11755,77.16217,69.35416,74.8131,70.71068,72.18033,73.34848,64.28841,72.36712,69.64194,72.03471,65.45991,68.15424,61.40033,66.21933,57.00877,63.06346,58.54912,57.70615,62.36986,57.07013,50.24938,60.03332,60.13319,55.08176,59.07622,54.00926,60.29925,57.03508,57.00877,61.07373,58.0,56.22277,52.00961,54.14795,61.0082,58.07753,60.13319,54.08327,56.00893,57.00877,56.0
8.48528,7.81025,8.48528,8.48528,7.81025,7.07107,7.81025,7.2111,6.40312,7.2111,6.40312,7.2111,7.2111,7.2111,6.40312,6.7082,6.7082,6.7082,6.7082,6.7082,6.7082,6.7082,6.7082,6.7082,6.7082,6.7082,6.7082,6.7082,6.7082,6.7082,5.83095,6.40312,6.40312,6.40312,6.40312,6.40312,5.65685,5.65685,5.65685,5.0,5.0,4.24264,5.0,3.60555,3.60555,3.60555,3.60555,3.16228,3.16228,3.16228,3.16228,3.16228,58.21512,56.4358,55.14526,48.50773,50.01,46.17359,48.0,47.09565,46.0,42.10701,41.01219,44.01136,43.10452,41.04875,42.10701,41.7732,43.18565,42.57934,38.47077,38.63936,36.49658,40.79216,40.26164,35.69314,39.05125,41.59327,38.07887,40.49691,38.07887,35.69314,39.81206,40.80441,38.32754,39.84972,32.89377,37.10795,41.7732,35.90265,42.0119,35.22783,36.13862,30.41381,37.12142,33.24154,29.15476,27.01851,29.27456,28.07134,25.4951,22.2036,24.5153,21.58703,27.65863,24.5153,22.56103,19.92486,19.31321,43.73786,46.69047,48.16638,54.14795,50.03998,51.0098,52.15362,56.0803,58.54912,59.13544,60.67125,61.81424,68.35934,69.2315,68.88396,69.26038,69.92138,69.26038,68.00735,67.77905,67.23095,73.82412,67.54258,66.18912,68.47627,67.08204,65.8635,66.24198,61.29437,58.18075,57.38467,59.09315,57.69749,58.69412,59.09315,60.53924,55.02727,57.87055,56.921,58.24946,56.51548,55.9017,57.27128,59.03389,54.74486,54.34151,55.36244,53.75872,61.40033,58.42089,55.44367,58.42089,57.87055,53.33854,58.42089,58.30952,59.84146
10.0,9.21954,9.21954,9.21954,9.21954,9.21954,8.48528,8.48528,8.48528,8.48528,8.48528,8.48528,8.48528,8.48528,8.48528,8.60233,7.81025,7.81025,7.81025,7.81025,7.81025,8.60233,7.81025,7.81025,8.60233,8.06226,7.81025,7.81025,7.81025,7.81025,7.81025,7.81025,7.81025,7.07107,7.07107,7.07107,7.81025,7.2111,7.2111,7.2111,6.40312,6.40312,5.83095,5.83095,5.83095,4.47214,5.38516,5.38516,5.38516,4.12311,4.47214,4.12311,49.25444,58.03447,52.08647,47.16991,50.08992,47.01064,50.08992,46.27094,47.01064,44.18144,39.62323,37.21559,42.57934,42.2019,36.49658,41.23106,40.60788,39.05125,35.44009,35.17101,41.76123,35.44009,43.08132,35.1141,37.0,37.94733,39.29377,41.4367,39.84972,38.01316,38.32754,37.94733,38.83298,37.69615,36.40055,38.60052,37.36308,39.05125,35.51056,33.73426,32.01562,33.06055,36.12478,32.01562,32.24903,28.07134,27.29469,29.15476,23.08679,24.02082,20.22375,20.61553,23.34524,22.47221,20.88061,20.12461,16.12452,48.02083,47.41308,50.53712,50.15974,52.81098,51.86521,55.71355,56.61272,56.32051,59.03389,62.514,68.00735,67.74216,69.11584,73.17103,71.00704,75.00667,71.34424,72.02777,70.17834,69.18092,73.06162,71.84706,67.46851,66.70832,72.00694,64.7611,66.94027,63.78871,67.46851,57.48913,60.41523,60.53098,58.42089,58.54912,58.21512,56.32051,54.33231,51.0392,58.00862,60.13319,59.13544,60.03332,57.00877,53.15073,58.03447,55.22681,54.45181,56.22277,59.13544,59.07622,57.03508,59.07622,53.03772,63.12686,62.07254,57.21888
8.06226,7.81025,7.2111,8.06226,7.2111,7.2111,6.40312,7.07107,6.40312,6.40312,6.40312,6.40312,7.07107,6.40312,6.40312,6.40312,6.40312,5.83095,6.40312,6.40312,6.40312,6.40312,5.83095,6.40312,6.40312,5.83095,5.83095,6.40312,6.40312,5.83095,6.40312,6.40312,6.40312,6.40312,5.65685,5.65685,5.65685,5.0,5.0,5.0,5.0,5.0,4.47214,4.47214,3.60555,3.60555,3.60555,3.16228,3.16228,3.16228,3.16228,3.0,56.30275,56.04463,56.29387,51.41984,49.47727,48.6621,51.1957,47.29693,45.54119,42.95346,44.38468,40.4475,44.55334,43.93177,43.18565,39.01282,42.0,39.05125,43.01163,40.0,41.10961,40.0,43.0,41.19466,39.01282,39.01282,39.0,42.42641,43.18565,41.59327,41.19466,39.11521,41.01219,40.0125,36.05551,38.20995,42.0,40.0125,41.04875,34.36568,33.73426,37.48333,35.35534,34.52535,31.04835,31.7805,26.92582,31.01612,22.47221,24.69818,26.57066,24.69818,25.94224,23.85372,21.84033,18.02776,20.80865,47.85394,51.24451,51.47815,52.03845,53.00943,54.00926,56.56854,57.31492,61.40033,62.514,61.66036,66.28725,71.80529,72.27724,67.6757,70.2282,71.16881,67.77905,68.35203,72.47068,68.0,72.94518,69.11584,69.46222,66.88797,68.60029,67.41662,69.06519,64.14047,64.3506,63.13478,65.8635,61.58734,57.3062,58.59181,55.9017,55.9464,56.85948,58.87274,57.58472,62.03225,56.64804,57.24509,61.68468,57.56735,55.65968,55.65968,56.32051,58.5235,62.36185,60.72891,59.48109,58.18935,56.75385,58.94065,59.13544,62.0967
8.24621,8.24621,8.06226,8.24621,8.06226,7.07107,7.07107,7.07107,7.07107,7.0,7.07107,7.07107,7.0,7.0,6.0,7.0,6.0,6.0,6.08276,6.08276,6.08276,6.08276,6.0,6.08276,6.08276,6.08276,6.0,7.07107,6.08276,6.0,6.0,6.0,6.0,6.0,6.08276,6.08276,6.08276,6.08276,5.09902,5.09902,5.38516,4.47214,5.38516,4.47214,4.47214,3.60555,3.60555,3.60555,3.60555,3.60555,2.82843,2.82843,52.43091,53.85165,56.61272,52.80152,50.44799,49.64877,47.01064,49.0408,48.27007,41.7732,47.63402,41.10961,42.42641,37.53665,43.13931,37.53665,39.82462,43.04649,39.40812,41.23106,42.63801,37.80212,36.71512,43.82921,37.64306,42.80187,39.20459,38.07887,37.73592,38.27532,42.54409,39.40812,43.04649,38.58756,38.58756,42.43819,38.01316,37.44329,36.76955,37.53665,36.06938,33.42155,33.94113,32.55764,31.241,32.44996,28.30194,28.42534,29.68164,24.16609,24.59675,25.4951,22.82542,20.24846,17.88854,19.64688,19.10497,50.80354,47.50789,47.38143,54.45181,55.86591,56.72742,56.0803,56.72742,61.07373,57.42822,65.21503,65.45991,69.63476,71.02112,70.66116,68.02941,73.92564,70.00714,73.92564,71.51224,71.47027,72.12489,68.30813,71.30919,67.91171,66.7308,68.15424,69.12308,64.32729,67.18631,58.94065,57.87055,60.16644,61.13101,60.08328,60.08328,57.93962,59.05929,59.03389,59.05929,59.03389,56.60389,57.3062,55.21775,56.93856,60.90156,59.90826,57.98276,60.74537,59.36329,56.61272,58.60034,67.23095,56.0357,59.03389,59.64059,59.36329
10.19804,9.21954,9.21954,9.21954,9.21954,9.21954,8.24621,8.24621,8.24621,7.28011,8.24621,8.24621,7.28011,7.28011,7.28011,7.61577,7.61577,7.61577,7.61577,7.61577,7.61577,7.61577,7.61577,7.61577,7.61577,7.61577,8.06226,7.61577,7.61577,7.61577,7.28011,7.61577,7.28011,7.28011,7.28011,7.28011,7.07107,6.08276,6.08276,6.08276,6.0,6.0,6.0,5.0,5.0,5.0,5.0,5.09902,5.09902,4.12311,4.12311,4.12311,49.0408,54.40588,51.08816,48.9183,49.51767,47.01064,49.57822,48.27007,43.27817,41.10961,42.42641,44.68781,41.03657,40.31129,41.03657,42.54409,42.2019,36.61967,32.44996,38.83298,42.54409,42.72002,38.48376,36.35932,36.61967,37.21559,41.34005,38.47077,37.44329,37.57659,35.51056,39.96248,37.73592,39.96248,40.31129,37.20215,35.0,37.64306,37.53665,41.72529,38.28838,34.05877,30.0,32.55764,31.241,29.69848,30.23243,26.1725,25.55386,23.60085,27.78489,23.32381,22.47221,19.69772,19.23538,18.68154,19.23538,47.92703,47.50789,52.15362,49.64877,56.85948,52.80152,54.03702,57.48913,60.87693,60.10824,63.63961,65.76473,68.593,68.0147,67.42403,71.40028,74.63243,72.11103,69.63476,73.57309,72.06941,73.34848,68.47627,70.68239,71.17584,68.942,65.79514,63.32456,66.48308,64.4748,62.17717,66.64083,62.03225,59.5063,59.94164,55.00909,56.82429,62.42596,56.40035,56.61272,54.3783,60.60528,61.03278,61.22091,55.0,64.03124,63.70243,56.22277,62.62587,60.44005,56.72742,59.46427,55.31727,62.00806,58.25805,56.0803,63.60031
9.05539,9.05539,8.24621,9.05539,8.06226,8.24621,8.24621,8.24621,8.24621,7.28011,8.24621,7.28011,7.28011,7.61577,7.28011,7.61577,7.61577,7.61577,6.7082,6.7082,6.7082,6.7082,6.7082,6.7082,6.7082,8.06226,6.7082,6.7082,6.7082,6.7082,6.7082,6.7082,6.7082,6.7082,7.28011,7.28011,7.28011,6.32456,6.08276,6.08276,6.08276,6.08276,5.09902,5.0,5.0,5.0,5.0,4.0,4.0,4.0,4.12311,4.12311,52.43091,53.00943,53.33854,55.15433,51.88449,44.94441,48.30114,48.54894,44.77723,42.54409,44.28318,42.48529,45.31004,45.54119,37.94733,40.02499,39.56008,37.10795,38.60052,37.12142,40.1995,40.60788,35.12834,34.23449,35.44009,34.20526,37.05401,40.11234,37.48333,39.05125,39.05125,39.01282,38.63936,34.0,37.05401,36.22154,34.36568,37.85499,39.84972,38.07887,35.73514,38.32754,33.52611,28.63564,31.7805,29.15476,30.41381,24.69818,25.4951,24.18677,26.83282,23.02173,18.38478,21.93171,19.41649,20.51828,18.43909,49.76947,49.65884,53.22593,53.23533,54.12024,53.33854,51.61395,61.03278,60.0,63.60031,63.00794,69.42622,68.76772,72.34639,70.71068,71.50524,72.12489,75.82216,69.52697,69.81404,71.02816,74.06079,73.60027,69.63476,71.84706,68.41053,71.28113,64.63745,67.74216,67.20119,62.42596,62.68174,60.46487,61.03278,58.60034,60.0,58.79626,58.79626,58.72819,60.82763,57.28001,58.0517,56.63921,61.40033,56.85068,59.66574,59.40539,55.21775,62.80127,61.84658,59.40539,61.77378,60.46487,55.44367,60.90156,57.2014,58.60034
9.48683,9.48683,8.544,8.544,8.544,8.544,8.94427,7.61577,7.61577,8.06226,7.61577,8.06226,8.06226,7.2111,7.2111,7.2111,7.2111,7.2111,7.2111,7.2111,7.2111,7.2111,7.2111,7.2111,7.2111,7.2111,7.2111,7.2111,6.40312,7.2111,7.2111,7.2111,7.2111,7.2111,6.7082,6.7082,6.7082,6.32456,6.32456,6.32456,6.32456,6.08276,5.38516,5.09902,5.09902,5.09902,5.09902,4.0,4.0,4.0,4.0,4.12311,53.00943,56.0803,53.82379,50.53712,48.54894,47.50789,47.50789,46.64762,41.88078,48.37355,43.38202,45.69464,44.28318,41.14608,43.86342,38.32754,39.84972,41.4367,35.73514,38.60052,41.48494,38.07887,36.67424,40.26164,38.60052,38.60052,35.22783,36.67424,34.36568,39.45884,37.65634,42.2019,35.1141,35.51056,39.62323,32.98485,32.57299,36.05551,34.9285,39.56008,33.83785,36.67424,36.23534,31.7805,30.8707,31.62278,28.6007,26.40076,27.65863,26.40076,25.80698,26.1725,21.26029,22.02272,18.38478,21.40093,20.61553,48.6621,50.96077,49.0408,53.75872,53.45091,53.85165,56.36488,56.35601,62.26556,60.83584,64.88451,68.26419,70.72482,69.64194,73.81734,70.0928,74.51845,72.24957,70.72482,72.13876,70.00714,77.07788,69.35416,68.68042,68.76772,68.68042,70.60453,66.21933,65.21503,64.81512,59.5483,65.19202,63.70243,56.0803,58.0,61.55485,58.79626,58.79626,58.72819,61.22091,60.44005,56.61272,58.24946,59.64059,53.00943,57.2014,60.60528,57.2014,57.42822,60.20797,60.20797,56.30275,65.45991,57.68882,59.36329,58.30952,58.5235
9.89949,9.21954,9.21954,9.21954,9.21954,8.48528,8.60233,8.60233,8.60233,8.60233,8.60233,8.06226,8.06226,8.06226,8.06226,8.06226,8.06226,8.06226,8.06226,8.06226,8.06226,8.06226,8.06226,7.61577,8.06226,7.61577,7.61577,8.06226,8.06226,8.06226,7.2111,8.06226,7.2111,7.2111,7.2111,7.2111,7.2111,7.07107,7.07107,7.07107,6.40312,5.65685,6.40312,5.65685,5.0,5.0,5.0,5.0,4.47214,4.47214,4.47214,4.47214,59.48109,50.28916,55.54278,51.66237,51.78803,53.15073,43.93177,49.49747,43.73786,46.17359,40.60788,40.04997,42.04759,40.0125,37.12142,39.11521,44.0,41.19466,42.10701,36.22154,40.79216,36.49658,41.59327,40.4475,38.20995,37.48333,32.55764,36.13862,37.33631,42.2019,37.21559,41.0,35.69314,39.81206,37.65634,40.04997,34.36568,39.45884,36.12478,36.01389,33.0,36.0,36.12478,35.0,33.37664,30.41381,26.30589,29.27456,28.07134,28.63564,23.76973,21.18962,26.68333,19.31321,22.36068,19.69772,19.41649,45.04442,53.00943,46.01087,59.5399,53.23533,56.88585,55.57877,60.67125,63.78871,59.03389,67.72001,65.52099,71.56815,75.58439,72.44998,68.02941,74.46476,69.31811,73.34848,70.71068,71.58911,77.93587,67.1193,72.40166,69.89278,68.60029,69.2026,71.86793,59.90826,68.26419,59.07622,65.51336,61.29437,63.63175,60.82763,59.05929,56.79789,59.09315,60.83584,64.07808,66.85058,55.65968,61.09828,60.44005,60.74537,59.13544,64.53681,61.61169,63.78871,59.90826,59.22837,66.28725,62.0967,50.0,62.58594,67.26812,56.921
8.48528,8.48528,8.48528,8.48528,8.48528,7.07107,7.81025,7.81025,7.2111,7.81025,7.2111,7.2111,7.2111,7.2111,6.40312,6.7082,6.32456,6.7082,6.7082,6.7082,6.7082,6.7082,6.7082,6.7082,6.7082,6.7082,6.32456,6.7082,6.7082,6.7082,6.7082,6.7082,7.2111,6.40312,5.83095,5.83095,5.83095,5.65685,5.65685,5.65685,5.65685,4.24264,5.0,4.24264,4.24264,3.60555,3.60555,3.60555,3.60555,3.16228,3.16228,3.16228,55.03635,57.03508,51.08816,53.03772,49.0408,48.01042,50.01,49.09175,47.01064,43.18565,44.28318,40.60788,41.23106,41.4367,39.31921,37.64306,41.7732,45.12206,38.83298,42.37924,43.01163,42.05948,37.57659,42.04759,38.8973,37.69615,40.49691,39.81206,40.8534,36.40055,37.0,40.49691,37.16181,42.54409,36.40055,40.16217,39.39543,41.76123,42.54409,35.73514,36.05551,32.38827,33.37664,36.34556,34.1321,32.01562,30.26549,32.01562,25.17936,27.01851,23.02173,24.02082,24.18677,20.22375,22.80351,19.10497,21.84033,49.64877,47.43416,48.08326,51.66237,52.61179,52.61179,56.08921,56.32051,62.28965,60.20797,63.0,67.00746,69.06519,69.26038,70.06426,68.26419,74.54529,74.73286,69.72087,69.05071,75.50497,73.00685,69.12308,68.30813,72.42237,64.84597,65.19202,64.2573,63.90618,63.89053,61.35145,62.62587,60.72891,59.22837,61.18823,58.46366,59.22837,60.63827,59.03389,56.56854,61.40033,56.00893,60.07495,63.03174,55.00909,54.00926,61.03278,61.13101,60.03332,62.03225,62.07254,59.00847,59.13544,53.03772,60.03332,61.07373,61.03278
9.21954,9.21954,8.24621,8.24621,8.24621,8.24621,8.544,7.61577,7.61577,7.61577,7.61577,7.61577,6.7082,6.7082,6.7082,7.2111,7.2111,7.2111,7.2111,7.2111,6.40312,7.2111,7.2111,6.40312,7.2111,7.2111,7.2111,7.2111,7.2111,7.2111,7.2111,7.2111,6.7082,5.83095,6.7082,6.7082,6.7082,5.38516,5.38516,5.38516,5.38516,5.38516,5.09902,5.09902,4.12311,4.12311,4.12311,4.0,4.0,3.0,3.0,3.0,54.03702,48.79549,53.75872,48.16638,53.75872,49.81967,49.0408,47.63402,43.13931,41.10961,45.45327,43.82921,41.23106,41.6173,42.2019,38.47077,43.38202,39.44617,43.82921,39.35734,40.24922,38.07887,36.71512,40.24922,35.77709,41.59327,38.48376,37.69615,36.67424,41.23106,37.57659,40.71855,39.81206,34.88553,39.39543,35.35534,38.94868,34.0,37.21559,34.98571,38.01316,33.6006,31.89044,32.80244,31.14482,34.82815,29.0,29.73214,27.58623,26.24881,25.6125,27.58623,21.63331,20.24846,21.63331,21.09502,22.36068,49.39636,48.8467,50.15974,51.47815,50.60632,53.25411,52.43091,54.6443,61.61169,58.25805,63.03174,65.60488,68.76772,67.94115,67.47592,66.06815,72.42237,72.20111,67.00746,73.4983,68.00735,72.20111,68.96376,67.41662,68.0,65.51336,65.29931,68.0,63.06346,64.88451,59.5399,61.05735,59.03389,54.58938,58.5235,59.90826,57.42822,59.64059,55.44367,59.66574,58.89822,55.97321,61.84658,60.10824,60.1415,59.4138,60.1415,57.31492,58.13777,62.96825,59.39697,61.52235,61.55485,55.9017,59.46427,60.10824,55.86591
9.89949,9.89949,9.89949,9.89949,9.21954,9.21954,9.21954,7.81025,8.60233,8.60233,8.60233,8.60233,8.60233,8.60233,8.06226,8.06226,8.06226,8.06226,8.06226,8.06226,8.06226,8.06226,8.06226,8.06226,8.06226,7.61577,8.06226,8.06226,8.06226,8.06226,8.06226,8.06226,8.60233,7.81025,7.2111,7.2111,7.2111,7.07107,7.07107,7.07107,6.40312,6.40312,6.40312,5.65685,5.65685,5.0,5.0,5.0,5.0,4.47214,4.47214,4.47214,55.10898,51.62364,57.21888,46.17359,48.25971,45.27693,46.69047,49.36598,43.28972,44.0,40.0,41.0,45.01111,38.01316,41.19466,42.04759,43.04649,40.60788,42.29657,36.87818,35.17101,36.49658,39.29377,41.0,39.81206,34.52535,38.47077,38.60052,37.65634,34.48188,35.51056,36.67424,37.48333,39.05125,35.17101,39.20459,36.34556,36.22154,37.05401,34.0147,34.05877,33.13608,32.06244,33.01515,29.27456,30.14963,29.15476,31.04835,22.56103,25.4951,25.0,26.41969,23.76973,21.0238,20.12461,19.23538,16.12452,49.72927,48.27007,49.0306,53.93515,53.46027,54.23099,57.00877,59.00847,63.00794,59.00847,62.0,67.18631,70.17834,70.17834,72.00694,67.26812,73.75636,75.18643,72.78049,70.21396,70.5762,72.73239,70.00714,73.73602,69.857,67.77905,68.54196,63.97656,63.15853,63.56099,60.83584,64.40497,62.39391,59.46427,60.16644,58.82176,57.28001,58.46366,57.48913,60.41523,58.46366,57.42822,63.34824,62.39391,57.21888,61.18823,57.70615,55.44367,61.66036,65.11528,62.80127,61.40033,61.81424,58.24946,63.07139,60.53098,64.62971
10.19804,9.21954,9.21954,9.21954,9.21954,9.21954,8.24621,8.24621,8.24621,8.24621,8.24621,8.544,7.28011,7.28011,7.61577,7.61577,7.61577,7.61577,6.7082,6.7082,6.7082,6.7082,7.61577,6.7082,7.61577,8.06226,8.06226,7.61577,7.61577,7.61577,6.7082,7.61577,7.61577,7.61577,7.28011,7.28011,7.07107,6.08276,6.08276,6.08276,6.08276,6.0,6.0,6.0,6.0,5.0,5.0,5.09902,5.0,4.12311,4.12311,4.12311,51.62364,48.01042,51.47815,48.02083,50.47772,47.01064,44.28318,45.65085,47.88528,45.61798,42.95346,41.23106,41.62932,39.0,38.48376,39.21734,37.94733,39.84972,35.73514,35.73514,40.79216,37.65634,36.67424,36.49658,34.9285,37.48333,38.32754,40.31129,33.54102,39.45884,34.36568,39.20459,39.05125,34.36568,39.31921,33.83785,37.10795,34.52535,34.78505,38.60052,37.33631,33.83785,28.17801,30.08322,29.68164,32.64966,31.38471,28.6531,25.55386,27.65863,20.61553,24.83948,17.02939,19.41649,18.43909,21.26029,21.0238,46.17359,49.72927,47.29693,51.41984,50.44799,51.24451,55.15433,58.18075,60.92618,59.61543,62.17717,66.37017,69.11584,69.06519,69.02898,67.6757,67.80118,69.6563,69.63476,68.62215,69.35416,74.33034,70.00714,65.06919,70.60453,65.76473,70.83784,66.8431,63.03174,61.55485,62.36986,63.03174,61.6198,61.52235,62.2254,59.39697,58.69412,56.40035,58.13777,58.82176,59.40539,58.24946,61.29437,59.07622,59.36329,53.33854,55.22681,60.20797,59.36329,56.60389,59.68249,59.94164,60.20797,56.30275,61.91123,57.68882,59.90826
10.04988,9.05539,9.05539,9.05539,9.0,8.0,8.0,8.0,8.0,8.0,8.0,8.0,8.06226,8.06226,8.06226,8.06226,7.07107,8.06226,8.24621,8.24621,7.28011,8.24621,7.07107,8.24621,8.24621,8.24621,7.28011,8.24621,8.24621,7.07107,8.06226,8.06226,8.06226,7.07107,7.0,7.0,7.0,7.07107,7.07107,7.07107,6.08276,6.08276,6.08276,5.09902,5.09902,5.09902,5.09902,5.09902,4.12311,4.12311,4.12311,3.60555,57.00877,51.08816,52.00961,50.80354,49.67897,50.21952,44.59821,50.24938,43.86342,44.59821,43.18565,41.01219,41.03657,40.36087,40.45986,37.80212,42.80187,41.88078,40.45986,38.83298,39.66106,38.83298,39.44617,38.94868,38.58756,39.44617,36.05551,38.01316,35.8469,38.01316,33.83785,37.44329,33.6006,41.88078,39.44617,39.66106,37.21559,38.60052,40.31129,37.53665,33.94113,36.06938,34.71311,34.71311,30.4795,26.90725,28.6007,29.06888,26.62705,24.59675,26.92582,23.85372,22.84732,19.69772,21.54066,19.69772,16.49242,45.17743,53.7122,45.79301,56.0803,53.60037,56.22277,54.20332,55.86591,58.0517,57.38467,65.79514,62.28965,68.62215,65.06919,71.02816,71.21798,75.21303,67.60178,71.19691,69.11584,69.83552,70.21396,68.15424,69.77105,71.11259,69.77105,66.85058,70.93659,61.09828,66.70832,60.00833,63.56099,59.46427,61.26989,62.17717,59.5399,56.60389,56.85948,60.21628,57.42822,61.84658,58.82176,60.21628,61.03278,57.2014,62.28965,58.89822,58.25805,62.20129,55.97321,61.55485,58.25805,60.44005,56.0803,61.55485,60.30755,61.07373
8.544,8.544,8.544,8.544,7.61577,7.28011,7.28011,7.28011,7.28011,7.28011,7.28011,7.07107,7.07107,7.07107,6.08276,7.0,7.0,7.0,6.0,6.0,6.0,7.0,7.0,7.0,6.0,7.0,7.0,7.0,7.0,7.0,6.0,6.0,6.08276,6.08276,6.0,6.08276,6.08276,5.09902,5.38516,5.38516,5.38516,5.09902,4.47214,4.12311,4.12311,4.47214,3.60555,3.60555,3.60555,2.82843,3.60555,2.82843,60.83584,54.78138,54.12024,55.4617,51.0,52.39275,50.08992,49.64877,48.8467,48.76474,41.6173,43.60046,42.43819,45.22168,40.0,41.10961,41.40048,37.53665,39.05125,39.05125,40.60788,41.10961,38.20995,36.23534,40.31129,39.62323,41.86884,43.93177,37.64306,38.94868,36.87818,38.83298,39.82462,41.7732,38.28838,41.23106,37.53665,39.05125,37.48333,38.8973,35.60899,37.53665,35.80503,36.89173,30.23243,34.20526,33.12099,29.41088,28.6007,24.83948,29.52965,22.82542,22.47221,22.84732,22.80351,20.24846,21.37756,50.9902,49.64877,54.20332,52.80152,56.30275,53.23533,57.80138,55.22681,64.00781,56.46238,66.40783,65.14599,67.77905,69.64194,64.84597,71.8401,71.8401,75.50497,73.34848,71.19691,74.54529,75.32596,73.43705,71.17584,71.11259,67.60178,66.06815,66.18912,64.07027,64.62971,59.22837,62.20129,63.63961,60.20797,63.95311,58.46366,56.29387,57.07013,58.94065,59.77458,58.5235,56.64804,59.09315,62.76942,57.69749,62.64982,60.41523,57.70615,58.60034,60.16644,58.69412,62.16912,56.79789,62.16912,65.79514,62.17717,62.16912
10.29563,9.43398,9.43398,9.43398,9.43398,8.94427,8.94427,8.94427,8.94427,8.06226,8.544,8.544,7.61577,7.61577,7.61577,8.544,7.28011,7.28011,7.28011,7.28011,7.28011,8.24621,7.28011,7.28011,8.24621,8.24621,8.24621,8.544,7.28011,7.28011,7.61577,7.61577,7.61577,7.61577,7.61577,7.61577,6.7082,7.2111,6.40312,6.40312,6.40312,6.40312,5.65685,5.0,5.65685,5.0,5.65685,5.0,5.0,5.0,5.0,3.60555,60.20797,54.00926,53.08484,48.25971,50.08992,47.01064,48.04165,45.04442,45.27693,39.81206,43.18565,42.0119,43.17407,40.02499,37.48333,40.02499,42.95346,40.5216,39.05125,38.62642,39.21734,38.27532,33.52611,35.34119,39.56008,38.32754,37.33631,36.40055,39.56008,36.67424,37.16181,40.8534,40.16217,33.83785,39.56008,35.17101,35.90265,38.32754,37.10795,33.24154,32.75668,36.49658,34.23449,30.06659,33.01515,26.1725,27.01851,32.06244,29.01724,24.0,23.34524,18.43909,22.56103,19.92486,24.5153,22.84732,19.31321,47.88528,50.9902,50.15974,50.15974,53.75872,51.5461,56.29387,55.7853,63.15061,61.81424,60.67125,65.11528,70.03571,69.06519,68.00735,73.02739,72.11103,75.42546,66.18912,67.60178,71.70077,73.97973,72.00694,69.857,69.12308,69.42622,65.9242,67.46851,69.26038,64.03124,59.43904,63.56099,59.03389,62.96825,60.01666,61.66036,56.56854,55.08176,61.29437,63.07139,61.29437,59.00847,57.07889,63.00794,57.03508,52.0,57.00877,57.21888,61.0082,61.07373,62.03225,61.03278,58.00862,55.00909,62.03225,63.03174,60.0
10.29563,9.84886,9.84886,8.94427,8.94427,8.544,8.544,8.544,8.544,8.544,8.544,8.24621,8.24621,8.24621,7.28011,8.24621,7.07107,8.06226,7.07107,8.06226,7.07107,8.06226,7.07107,8.06226,8.06226,8.06226,7.07107,8.06226,8.06226,8.06226,7.28011,7.28011,7.28011,7.28011,7.28011,7.28011,7.28011,6.7082,6.7082,6.7082,6.7082,5.83095,5.83095,5.83095,5.83095,5.0,5.0,5.0,5.0,4.24264,4.24264,4.24264,52.63079,54.58938,51.92302,48.08326,49.39636,46.57252,49.33559,47.16991,44.59821,39.39543,42.05948,40.70626,37.57659,40.71855,38.01316,41.34005,38.48376,36.71512,37.21559,37.53665,41.10961,36.05551,40.0,38.41875,35.35534,37.80212,34.20526,40.22437,38.94868,36.79674,37.80212,36.23534,40.0,39.82462,36.61967,36.05551,36.40055,40.80441,39.39543,37.01351,31.06445,33.12099,33.61547,32.69557,31.62278,27.313,26.92582,30.59412,24.73863,24.18677,23.76973,24.35159,21.58703,20.02498,21.09502,15.13275,16.0,46.01087,44.68781,52.20153,52.43091,55.56978,56.93856,58.59181,56.35601,60.83584,62.03225,62.96825,63.56886,66.48308,68.96376,65.73431,70.60453,70.0928,70.71068,70.21396,69.87131,73.68175,70.25667,70.06426,71.00704,73.0,68.00735,62.03225,65.03076,67.0,65.0,59.00847,64.12488,62.28965,58.13777,63.12686,57.55867,56.4358,58.42089,57.27128,60.41523,60.82763,57.87055,59.13544,60.72891,52.39275,59.90826,56.921,60.08328,59.23681,64.03124,60.08328,61.35145,56.921,59.13544,65.25335,64.51356,60.08328
8.60233,8.60233,8.60233,8.60233,7.2111,7.2111,7.2111,7.2111,7.2111,6.7082,6.7082,6.7082,6.7082,6.7082,6.7082,6.32456,6.32456,6.32456,6.32456,6.32456,6.32456,6.32456,6.32456,6.32456,6.32456,6.32456,6.32456,6.32456,7.28011,6.32456,6.32456,6.32456,6.7082,6.7082,6.32456,5.83095,5.83095,5.0,5.0,5.0,5.0,5.0,4.24264,4.24264,4.24264,4.24264,4.24264,3.60555,3.60555,3.60555,3.60555,3.16228,58.21512,53.08484,55.08176,47.09565,52.08647,49.36598,50.08992,50.24938,46.01087,43.41659,44.18144,42.57934,45.27693,39.31921,41.04875,42.75512,40.4475,40.4475,45.39824,41.30375,40.02499,38.07887,39.21734,40.80441,36.13862,40.26164,38.07887,37.94733,40.80441,34.9285,40.16217,38.60052,37.36308,36.13862,37.94733,40.60788,38.83298,37.65634,35.12834,36.12478,34.0147,30.01666,35.12834,34.0,33.13608,29.01724,29.61419,28.28427,26.01922,24.33105,25.70992,24.16609,24.5153,20.61553,21.84033,17.49286,20.59126,48.8774,50.08992,48.33218,52.92447,53.16014,53.45091,52.17279,54.12947,58.85576,60.01666,64.13267,63.28507,66.48308,66.1211,71.00704,68.06614,72.44308,67.26812,70.34913,67.89698,68.65858,74.1485,66.28725,67.44627,69.92138,67.68309,64.19502,64.56005,63.24555,64.84597,58.82176,60.72891,55.36244,59.43904,62.16912,57.70615,54.91812,57.70615,57.87055,59.3043,59.4138,58.13777,60.03332,61.0082,59.07622,56.00893,59.07622,55.00909,61.0,60.03332,58.03447,62.03225,61.03278,56.00893,59.07622,62.20129,56.0357
10.0,9.43398,10.0,10.0,10.0,9.43398,9.43398,8.94427,9.43398,8.06226,8.94427,8.94427,7.61577,8.06226,8.06226,8.544,8.544,7.61577,7.61577,7.61577,7.61577,7.61577,7.61577,8.24621,8.544,8.24621,8.24621,7.61577,8.544,8.24621,7.61577,7.61577,8.06226,8.06226,7.61577,7.61577,7.61577,7.2111,7.2111,6.40312,6.40312,6.40312,6.40312,5.65685,5.65685,5.65685,5.65685,5.0,5.0,5.0,5.0,5.0,51.0098,55.00909,52.0,51.62364,51.24451,44.01136,45.01111,45.04442,45.09989,38.47077,41.7732,39.81206,43.9659,43.73786,42.44997,40.80441,39.84972,39.56008,39.56008,36.68787,40.16217,32.89377,39.39543,40.31129,39.0,35.73514,38.47077,39.81206,40.71855,37.12142,36.23534,38.47077,39.39543,38.27532,38.47077,33.61547,38.62642,38.48376,39.56008,36.67424,32.01562,33.52611,36.34556,36.22154,32.24903,28.01785,28.16026,26.1725,24.0,22.02272,22.02272,22.09072,21.2132,19.41649,18.24829,17.26268,16.49242,46.61545,49.0408,50.59644,53.36666,51.1957,54.34151,54.34151,58.42089,63.63961,60.40695,65.37584,65.27634,68.11755,67.06713,70.00714,72.33948,71.17584,71.11259,70.45566,70.85901,71.58911,72.36712,71.06335,71.58911,72.73239,69.12308,62.36185,66.94027,65.0,62.0967,59.20304,60.44005,60.20797,59.22837,61.39218,57.87055,57.31492,60.20797,57.42822,59.07622,58.07753,56.0803,58.00862,59.03389,55.00909,58.07753,57.21888,61.13101,60.00833,61.0082,58.07753,59.3043,61.20457,60.00833,61.0,63.07139,61.07373
8.94427,8.544,8.544,7.61577,7.61577,7.61577,7.28011,7.28011,7.28011,7.28011,7.28011,7.07107,7.07107,6.08276,6.08276,7.07107,7.07107,6.08276,6.08276,6.08276,6.08276,6.08276,6.0,7.0,7.07107,7.0,7.0,7.07107,7.07107,7.07107,6.08276,6.08276,6.08276,6.08276,6.08276,6.32456,6.32456,5.38516,5.38516,5.38516,5.38516,4.47214,4.47214,4.47214,4.47214,3.60555,3.60555,3.60555,2.82843,2.82843,2.82843,2.82843,61.81424,54.91812,53.36666,50.63596,46.84015,51.92302,44.38468,50.44799,43.68066,43.41659,45.22168,43.9659,41.10961,38.62642,38.62642,40.71855,42.54409,40.31129,41.14608,36.67424,40.81666,40.81666,39.66106,40.81666,34.88553,40.31129,40.60788,38.27532,39.11521,40.49691,38.83298,38.27532,36.71512,39.40812,34.66987,41.14608,38.47077,41.59327,39.44617,38.01316,32.64966,32.57299,34.9285,34.78505,35.44009,29.12044,30.41381,31.04835,27.20294,24.73863,25.70992,23.76973,24.0,24.0,20.09975,20.02498,18.43909,47.20169,46.32494,46.14109,52.3259,52.39275,54.12947,51.62364,54.626,57.93962,55.71355,61.40033,64.56005,67.44627,67.68309,71.84706,66.48308,74.43118,69.06519,70.25667,72.00694,70.06426,74.00676,64.03124,68.11755,69.26038,69.02898,68.35934,67.18631,61.13101,65.12296,59.00847,63.12686,61.29437,60.00833,62.00806,60.03332,53.23533,58.21512,56.56854,56.56854,61.29437,57.97413,58.69412,57.55867,60.20797,62.58594,57.48913,55.31727,60.01666,57.07013,58.69412,60.44005,61.66036,56.04463,58.69412,59.03389,60.20797
9.21954,9.05539,9.05539,8.06226,8.06226,8.06226,8.06226,7.07107,7.07107,7.0,7.0,7.0,7.0,7.0,7.0,7.07107,7.07107,6.08276,7.07107,7.07107,7.07107,7.07107,6.08276,6.08276,7.07107,6.08276,6.08276,7.07107,7.07107,6.08276,7.07107,7.07107,7.0,7.0,6.0,6.0,6.08276,6.08276,6.08276,5.09902,5.09902,5.09902,5.09902,4.12311,4.47214,4.47214,4.47214,4.47214,3.60555,3.60555,3.60555,2.82843,57.68882,52.43091,56.0803,51.31277,50.21952,48.82622,46.87217,45.45327,43.909,43.82921,42.0119,39.20459,46.69047,39.69887,42.0119,38.94868,42.2019,38.41875,40.45986,36.06938,38.41875,37.64306,40.49691,36.89173,37.20215,41.86884,38.83298,41.14608,41.34005,40.22437,35.4683,36.05551,34.20526,40.24922,33.42155,37.80212,39.40812,37.80212,35.80503,36.06938,37.64306,36.06938,33.30165,34.65545,30.41381,33.42155,29.52965,27.01851,29.15476,25.05993,23.76973,21.93171,23.32381,22.13594,17.0,16.76305,15.13275,45.80393,46.75468,48.79549,53.90733,51.62364,53.07542,53.15073,53.82379,57.80138,58.24946,65.21503,67.00746,66.28725,67.60178,70.3278,64.84597,71.69379,68.942,66.30988,73.1642,71.16881,71.56815,70.34202,67.05222,65.52099,71.16881,63.78871,68.96376,62.58594,68.68042,56.61272,66.21933,59.13544,58.82176,56.921,59.20304,53.7122,59.03389,56.36488,55.56978,60.92618,55.00909,55.07268,61.40033,57.80138,62.96825,53.53504,58.5235,58.66856,57.70615,58.66856,59.40539,56.30275,57.70615,63.82006,62.68174,55.75841
9.48683,8.544,8.544,8.24621,8.544,7.28011,7.61577,7.61577,7.61577,7.61577,6.7082,6.7082,6.7082,6.7082,6.7082,7.2111,6.40312,6.7082,7.2111,7.2111,7.2111,7.2111,6.40312,6.40312,7.2111,6.40312,6.40312,7.2111,7.2111,6.40312,6.7082,6.7082,6.7082,6.7082,6.32456,5.38516,5.38516,6.32456,6.08276,5.09902,5.09902,5.09902,5.09902,4.12311,4.0,4.0,4.0,4.0,4.12311,4.12311,3.16228,3.16228,59.05929,55.56978,53.7122,48.33218,48.76474,49.1935,48.75449,49.1935,43.86342,46.23851,41.76123,40.8534,39.21734,41.4367,41.23106,38.63936,43.17407,38.83298,41.59327,40.79216,38.32754,39.45884,38.47077,39.45884,39.62323,37.65634,39.31921,37.05401,42.57934,38.0526,37.05401,38.32754,38.32754,40.1995,37.21559,37.65634,41.30375,38.60052,40.02499,36.68787,37.64306,33.24154,36.24914,33.52611,31.7805,32.69557,31.38471,27.20294,32.20248,24.59675,25.55386,22.67157,22.02272,20.0,22.02272,22.80351,20.59126,48.01042,47.38143,51.24451,56.7186,51.66237,55.31727,55.36244,59.13544,58.82176,58.5235,64.2573,64.84597,66.85058,65.29931,68.60029,71.02112,71.34424,66.85058,71.56116,70.80254,71.8401,71.06335,70.29225,71.06335,67.94115,68.24954,66.48308,63.65532,63.65532,62.24147,58.0,64.38167,58.25805,56.85068,62.00806,58.0517,54.3783,60.46487,55.22681,53.33854,58.30952,57.68882,59.68249,57.24509,54.12024,62.64982,57.24509,60.83584,56.85948,60.41523,57.38467,59.9333,58.13777,58.66856,64.2573,59.5063,60.37384
9.48683,9.48683,9.84886,10.44031,9.84886,8.544,8.544,8.94427,8.94427,8.94427,8.94427,8.06226,8.06226,8.06226,8.06226,8.06226,8.60233,7.2111,8.60233,8.60233,8.06226,8.60233,7.2111,7.81025,8.60233,7.81025,7.81025,8.60233,8.60233,7.81025,8.06226,8.06226,8.06226,8.06226,7.61577,6.7082,6.7082,7.61577,7.28011,7.28011,6.32456,6.32456,6.08276,5.38516,5.09902,5.09902,5.09902,5.09902,5.0,4.0,4.0,4.0,57.68882,54.81788,53.33854,53.53504,53.25411,48.8774,50.24938,49.39636,45.31004,41.14608,39.82462,41.04875,45.17743,41.59327,38.94868,41.23106,43.08132,38.60052,40.49691,39.0,39.05125,34.78505,36.68787,39.81206,37.36308,39.21734,37.33631,34.71311,35.90265,39.45884,39.21734,38.60052,39.21734,36.13862,37.33631,37.33631,36.24914,39.0,39.35734,35.34119,31.38471,33.61547,36.89173,35.51056,36.35932,29.20616,29.0,31.14482,25.6125,27.58623,22.2036,23.60085,19.84943,21.47091,21.63331,21.09502,19.72308,47.04253,48.16638,51.0098,52.03845,55.3263,52.7731,52.17279,57.00877,59.66574,65.25335,61.84658,65.14599,69.57011,71.16881,68.8767,70.3278,71.11259,73.43024,67.23095,71.56116,73.00685,72.62231,71.06335,72.00694,68.41053,66.8431,68.76772,65.11528,63.70243,65.94695,64.38167,63.78087,60.30755,60.20797,63.70243,61.22091,59.07622,56.61272,60.21628,57.45433,60.46487,60.20797,53.25411,56.79789,52.7731,60.83584,60.03332,59.16925,64.3506,59.5399,58.13777,66.18912,65.0,58.66856,62.76942,62.43397,63.28507
10.04988,10.04988,9.21954,9.05539,9.21954,9.05539,8.24621,8.24621,8.24621,8.24621,8.24621,8.544,8.544,8.544,7.61577,7.61577,7.61577,7.61577,7.61577,7.61577,7.61577,7.61577,7.61577,8.06226,8.06226,7.61577,7.61577,7.61577,7.61577,7.61577,7.61577,7.61577,7.61577,7.28011,7.28011,7.28011,7.28011,7.28011,7.07107,7.07107,6.08276,6.08276,6.08276,5.0,5.0,5.0,5.0,5.0,5.0,5.0,4.12311,4.12311,51.73973,53.74012,50.32892,49.49747,53.75872,42.44997,47.50789,45.27693,47.50789,42.80187,41.72529,41.7732,44.94441,42.63801,40.80441,35.22783,46.09772,39.44617,37.21559,38.01316,37.57659,38.58756,35.8469,38.07887,37.57659,32.75668,39.82462,40.31129,37.57659,38.01316,35.77709,38.48376,39.39543,39.0,39.0,34.88553,39.81206,38.01316,36.89173,40.0,35.0,32.64966,33.6006,31.40064,30.4795,29.06888,26.87006,26.90725,22.80351,21.09502,25.23886,25.94224,23.43075,21.47091,21.9545,15.23155,19.23538,43.9659,48.70318,49.98,51.47815,54.12947,51.0,55.07268,54.91812,58.83026,63.28507,66.0303,64.2028,69.81404,70.29225,70.71068,69.29646,69.31089,71.70077,67.35726,70.93659,72.00694,73.23933,73.4983,74.20243,68.60029,68.00735,66.28725,61.05735,68.50547,58.5235,63.24555,62.68174,59.64059,58.5235,62.68174,59.07622,57.62812,53.07542,56.63921,55.22681,58.69412,58.0,62.93648,61.7171,59.39697,58.89822,60.30755,57.38467,60.81118,63.12686,60.0,61.22091,56.63921,60.10824,60.87693,60.30755,61.6198
8.94427,8.06226,8.06226,8.06226,8.06226,7.61577,7.61577,7.61577,7.61577,7.61577,7.28011,7.28011,6.32456,6.32456,6.32456,7.07107,6.08276,6.08276,6.08276,6.08276,6.08276,7.07107,7.07107,6.08276,7.07107,6.08276,7.07107,7.07107,6.08276,7.07107,6.08276,6.32456,6.32456,6.32456,6.32456,6.32456,6.32456,5.83095,5.83095,4.47214,5.38516,4.47214,5.0,4.47214,3.60555,3.60555,3.60555,2.82843,3.60555,2.82843,2.82843,2.82843,56.75385,53.75872,51.5461,51.26402,52.20153,54.08327,49.98,50.28916,43.08132,44.92215,45.31004,43.86342,42.48529,41.62932,42.72002,41.14608,44.29447,41.18252,38.58756,40.0,39.05125,39.20459,41.04875,39.96248,42.05948,41.04875,37.80212,40.49691,39.40812,38.41875,38.83298,40.81666,39.11521,42.80187,37.20215,39.96248,35.8469,39.11521,40.70626,34.43835,34.88553,36.76955,36.87818,38.62642,34.78505,29.41088,28.16026,28.16026,28.16026,25.17936,23.19483,21.37756,22.0,24.02082,23.0,18.43909,19.10497,46.01087,49.81967,48.9183,53.00943,49.0408,51.31277,52.69725,58.66856,63.24555,56.36488,63.07139,64.4748,70.38466,68.942,71.47027,66.76077,70.83784,69.12308,70.0928,69.42622,69.2315,72.18033,68.35934,71.34424,68.35934,69.26038,65.03076,68.02941,64.12488,63.28507,58.07753,64.07027,58.85576,60.07495,59.3043,54.58938,55.44367,57.07013,58.24946,56.51548,57.97413,56.61272,62.36185,60.40695,56.921,60.00833,57.93962,58.87274,60.40695,60.08328,61.68468,61.09828,61.03278,58.18935,62.96825,60.08328,61.68468
10.81665,10.29563,9.43398,9.43398,9.43398,9.43398,8.94427,8.94427,8.94427,8.94427,8.94427,8.544,8.544,8.544,7.61577,8.544,8.544,7.28011,8.24621,7.61577,7.61577,8.544,7.28011,8.24621,8.544,8.24621,8.24621,8.544,8.544,8.24621,7.61577,7.61577,7.61577,7.61577,7.61577,7.61577,8.06226,7.2111,7.2111,7.2111,6.40312,6.40312,6.40312,6.40312,5.65685,5.65685,5.65685,5.0,5.0,5.0,5.0,4.47214,57.31492,53.33854,53.23533,49.36598,51.24451,46.09772,45.01111,44.28318,48.25971,43.01163,38.20995,42.0119,43.01163,44.18144,37.05401,41.19466,45.27693,41.0,39.05125,40.60788,39.62323,36.87818,40.02499,35.90265,35.35534,39.31921,37.10795,37.85499,37.85499,37.94733,39.29377,39.29377,37.48333,41.0,37.36308,40.1995,39.11521,38.20995,37.01351,35.51056,31.40064,32.06244,34.23449,35.12834,30.14963,29.27456,28.16026,27.65863,26.68333,24.35159,26.24881,21.84033,22.80351,22.82542,18.02776,18.02776,20.24846,50.15974,48.70318,50.69517,51.41984,54.12024,50.9902,55.7315,58.54912,60.29925,60.53098,62.1289,65.03076,70.06426,68.18358,70.06426,71.70077,70.45566,71.56815,68.26419,71.80529,67.44627,74.72617,69.12308,68.68042,70.83784,69.37579,67.35726,63.89053,61.03278,62.93648,61.35145,60.74537,56.30275,60.16644,61.13101,61.98387,57.27128,58.24946,57.55867,60.53098,60.01666,59.07622,56.88585,61.03278,54.14795,64.0,62.1289,58.07753,63.1981,62.28965,64.03124,63.03174,59.13544,57.70615,60.03332,60.13319,58.03447
9.21954,8.60233,8.60233,7.81025,7.81025,7.81025,7.2111,7.2111,7.2111,7.2111,7.2111,7.2111,7.2111,6.7082,6.7082,7.61577,6.32456,6.7082,6.7082,6.7082,6.7082,6.32456,6.32456,6.32456,6.7082,6.32456,6.32456,6.7082,6.7082,6.7082,6.7082,6.7082,6.7082,6.7082,6.7082,5.83095,6.40312,5.65685,5.65685,5.65685,5.65685,4.24264,5.0,4.24264,4.24264,4.24264,3.60555,3.60555,3.60555,3.16228,3.16228,3.16228,57.27128,47.53946,55.54278,50.21952,51.24451,50.96077,48.50773,50.32892,43.9659,44.92215,39.92493,39.56008,41.48494,42.72002,38.48376,41.59327,45.69464,42.94182,41.59327,38.07887,38.07887,38.01316,39.82462,39.82462,43.04649,40.31129,36.71512,40.80441,45.0,35.80503,33.83785,40.80441,40.70626,42.19005,36.87818,38.62642,39.39543,40.70626,42.15448,36.76955,37.12142,35.73514,34.78505,34.48188,33.95585,33.24154,28.63564,26.24881,26.30589,24.33105,23.02173,23.02173,23.0,22.02272,22.2036,19.10497,18.24829,46.8615,49.64877,48.60041,53.23533,52.7731,55.00909,54.12947,59.09315,62.76942,57.38467,60.72891,68.00735,65.78754,71.56815,70.21396,70.40597,72.18033,69.26038,73.34848,67.06713,66.06815,74.06079,70.06426,69.06519,69.06519,67.00746,63.03174,68.06614,64.19502,66.06815,58.00862,65.03076,58.00862,63.00794,57.00877,59.00847,52.03845,57.31492,54.74486,59.68249,59.22837,57.27128,59.22837,60.16644,54.34151,61.03278,59.90826,58.24088,61.13101,64.7611,61.68468,62.0967,58.69412,58.24088,60.20797,61.61169,56.29387
8.60233,8.60233,8.60233,8.60233,8.60233,7.2111,7.81025,7.81025,7.81025,7.81025,7.07107,7.07107,7.07107,7.07107,7.07107,6.40312,6.40312,6.40312,6.40312,6.40312,6.40312,7.2111,6.40312,7.2111,7.2111,6.7082,6.7082,7.2111,7.2111,6.40312,6.40312,6.40312,7.07107,6.40312,6.40312,5.65685,5.65685,6.40312,6.40312,5.83095,5.0,5.0,4.47214,4.47214,4.47214,3.60555,4.47214,4.12311,3.16228,3.16228,3.16228,3.0,58.69412,59.09315,53.45091,47.43416,50.59644,47.07441,51.92302,50.59644,45.60702,47.16991,42.75512,41.97618,40.26164,42.57934,39.62323,39.31921,46.27094,41.4367,44.18144,39.11521,45.01111,41.19466,40.11234,40.11234,40.0,40.11234,39.05125,40.60788,39.01282,38.0526,37.21559,40.11234,45.04442,41.10961,36.0,42.10701,38.0,39.11521,41.01219,34.52535,37.33631,33.24154,34.20526,36.67424,34.9285,30.36445,32.75668,31.04835,25.94224,27.313,25.94224,24.04163,24.59675,25.80698,23.4094,17.20465,19.84943,49.0408,48.09366,51.24451,56.56854,54.45181,55.9017,55.31727,52.39275,60.87693,63.89053,63.56886,65.0,68.00735,70.26379,69.35416,72.44998,74.70609,71.69379,69.97142,71.84706,73.78347,74.4043,69.02898,69.81404,71.70077,69.6563,64.66065,65.43699,65.29931,65.29931,58.00862,63.25346,59.40539,61.84658,60.60528,57.98276,54.91812,59.68249,56.93856,61.26989,57.45433,57.27128,58.60034,62.76942,55.9464,54.58938,55.9464,64.19502,62.03225,60.16644,60.41523,64.4748,64.88451,59.09315,63.32456,65.45991,59.20304
9.21954,7.81025,9.21954,8.48528,7.81025,7.81025,7.2111,7.2111,7.2111,7.2111,7.2111,7.2111,6.7082,6.7082,6.7082,7.61577,6.32456,6.7082,6.32456,6.7082,6.7082,6.32456,6.32456,6.32456,7.61577,6.32456,6.32456,7.61577,6.32456,7.28011,6.7082,6.7082,6.7082,6.7082,6.7082,6.7082,5.83095,6.40312,5.65685,5.0,5.0,5.0,5.65685,4.24264,4.24264,4.24264,4.24264,3.60555,3.60555,3.60555,3.16228,3.16228,57.07889,55.03635,53.33854,53.08484,53.03772,50.24938,48.25971,50.24938,45.54119,42.95346,45.88028,43.41659,43.01163,42.57934,40.80441,40.02499,42.72002,41.48494,39.56008,40.31129,41.59327,36.76955,38.01316,42.48529,42.04759,39.39543,37.16181,37.57659,40.71855,35.34119,40.70626,40.70626,35.77709,42.04759,35.8469,40.49691,42.54409,38.8973,41.10961,34.20526,36.68787,35.17101,33.54102,34.9285,32.14032,29.27456,29.06888,29.27456,22.36068,30.01666,23.02173,21.2132,24.0,25.31798,22.36068,19.92486,20.09975,47.88528,46.52956,46.8188,51.07837,49.98,51.5461,54.40588,57.28001,57.97413,59.43904,62.39391,63.07139,66.18912,70.11419,73.00685,67.0,71.02816,69.06519,70.02857,67.26812,66.37017,73.68175,71.19691,68.06614,71.06335,68.44706,64.03124,64.13267,62.36986,61.61169,61.18823,61.98387,60.67125,58.69412,58.85576,57.55867,59.13544,55.08176,58.30952,60.00833,57.0,55.03635,56.00893,60.40695,55.14526,61.40033,58.0,62.39391,55.44367,62.03225,61.07373,57.21888,60.03332,56.22277,65.06919,57.14018,56.0803
10.0,10.0,10.0,9.21954,9.21954,8.60233,9.43398,8.06226,8.06226,8.06226,8.06226,8.06226,8.06226,8.06226,8.06226,8.544,7.61577,7.61577,7.61577,7.61577,7.61577,7.61577,7.61577,7.61577,7.61577,8.24621,8.24621,7.61577,7.61577,7.61577,7.61577,7.61577,7.61577,7.61577,7.61577,8.06226,7.2111,7.2111,6.40312,6.40312,6.40312,6.40312,6.40312,5.65685,5.0,5.0,5.0,5.0,5.0,5.0,5.0,4.47214,59.68249,49.0306,50.69517,47.51842,50.01,50.9902,45.88028,50.21952,43.73786,47.29693,43.32436,42.15448,43.65776,40.8534,37.0,38.47077,41.59327,42.72002,37.69615,39.35734,41.34005,36.24914,37.44329,37.58989,36.23534,38.07887,38.27532,40.49691,38.01316,40.60788,38.28838,39.96248,36.05551,38.58756,34.98571,39.44617,37.58989,39.82462,38.48376,34.48188,34.0,31.32092,33.83785,36.05551,34.9285,28.16026,28.28427,28.16026,24.33105,25.0,24.02082,22.0,23.19483,18.11077,20.02498,18.11077,17.46425,50.60632,48.8774,50.24938,51.47815,53.31041,54.626,53.7122,54.626,59.77458,60.44005,64.28841,63.24555,68.68042,70.61161,71.84706,64.28063,68.46897,71.11259,71.56815,66.0303,65.03076,72.24957,68.06614,72.00694,69.06519,73.00685,68.18358,67.47592,61.29437,65.19202,56.14268,62.20129,58.03447,62.0,63.00794,60.0,57.03508,58.13777,58.21512,58.85576,62.28965,58.54912,60.01666,57.70615,59.68249,57.31492,61.39218,58.94065,64.77654,60.20797,61.40033,62.36185,63.95311,55.31727,64.03124,62.36986,59.84146
9.21954,9.21954,8.48528,9.21954,7.81025,7.81025,7.81025,7.07107,7.81025,7.07107,7.07107,7.81025,7.07107,7.07107,6.40312,7.2111,7.2111,6.40312,7.2111,7.2111,7.2111,7.2111,7.2111,6.7082,7.2111,7.2111,7.2111,7.2111,7.2111,7.2111,6.40312,6.40312,6.40312,6.40312,7.07107,7.07107,6.40312,6.40312,5.65685,5.65685,5.83095,5.83095,5.0,4.47214,4.47214,4.47214,4.47214,4.47214,4.47214,4.12311,4.12311,4.0,52.15362,56.14268,51.08816,49.0408,54.00926,46.01087,49.0,47.04253,45.04442,43.01163,42.75512,43.18565,39.20459,40.31129,36.05551,40.60788,40.79216,40.02499,37.64306,41.7732,40.02499,39.56008,34.17601,37.64306,37.10795,39.05125,42.05948,33.61547,34.9285,40.16217,35.73514,41.7732,37.0,34.52535,39.29377,35.12834,36.13862,33.54102,33.73426,35.22783,33.13608,36.0,29.01724,28.01785,31.14482,32.14032,29.61419,30.06659,23.5372,24.35159,22.56103,24.73863,21.58703,20.12461,20.61553,18.97367,22.82542,50.53712,46.51881,46.61545,49.76947,54.70832,48.50773,53.16014,55.54278,59.22837,63.34824,61.18823,64.28063,64.49806,65.12296,65.03076,68.18358,66.0,71.17584,66.37017,71.56815,71.84706,68.65858,72.18033,70.61161,68.68042,70.0928,65.96969,61.61169,62.8172,61.98387,62.36185,61.13101,61.39218,61.13101,62.36986,60.01666,60.01666,58.85576,58.42089,58.13777,55.22681,62.0,57.03508,64.0,52.00961,60.00833,57.00877,57.00877,57.21888,59.0,61.0,62.00806,58.00862,60.20797,61.0082,59.00847,61.03278
8.94427,8.94427,8.544,8.94427,7.61577,7.61577,7.61577,7.61577,7.61577,7.28011,7.61577,7.28011,7.28011,7.28011,6.32456,7.07107,6.08276,6.08276,7.07107,7.07107,7.07107,7.07107,6.08276,6.08276,7.07107,6.08276,7.07107,7.07107,7.07107,6.08276,6.08276,6.08276,6.08276,6.08276,6.32456,6.32456,5.38516,6.32456,5.38516,5.38516,5.0,5.0,5.0,5.0,4.24264,4.24264,4.24264,4.24264,4.24264,4.24264,3.60555,3.60555,56.30275,54.12947,55.15433,54.78138,47.92703,49.98,42.54409,49.0408,43.909,43.86342,47.01064,44.10215,40.49691,42.43819,42.19005,40.80441,43.60046,39.20459,38.41875,38.94868,41.03657,39.82462,36.23534,38.20995,39.59798,39.62323,38.60052,37.48333,35.60899,38.18377,41.10961,43.60046,36.79674,39.69887,35.38361,39.62323,40.31129,38.94868,37.48333,35.4683,35.4683,36.05551,32.64966,33.01515,31.06445,30.46309,29.15476,30.41381,26.92582,25.29822,25.07987,25.0,21.93171,20.88061,22.47221,18.02776,19.0263,46.87217,46.64762,49.20366,51.97115,54.56189,51.47815,56.46238,53.31041,59.13544,57.24509,63.56886,62.29767,67.6757,63.34824,64.7611,68.44706,75.18643,67.60178,71.56815,69.18092,67.1193,70.11419,69.00725,68.02941,67.02984,68.06614,66.0303,64.07027,63.07139,64.12488,61.0082,62.20129,57.14018,56.14268,61.13101,59.21149,55.9017,55.44367,57.27128,58.46366,56.75385,60.44005,59.77458,56.61272,61.68468,55.54278,56.61272,58.24088,59.13544,62.39391,60.08328,54.12947,63.90618,59.80803,59.9333,57.00877,61.09828
9.21954,9.21954,8.48528,8.60233,7.81025,7.81025,7.81025,7.81025,7.81025,7.07107,7.07107,7.81025,7.2111,7.2111,6.40312,7.2111,7.2111,7.2111,7.2111,6.40312,6.40312,7.2111,6.40312,6.7082,6.7082,7.2111,7.2111,6.7082,6.7082,7.2111,7.2111,6.40312,6.40312,6.40312,7.07107,6.40312,7.07107,5.65685,5.65685,5.65685,5.0,5.83095,5.0,5.0,4.47214,4.47214,4.47214,4.47214,4.47214,3.60555,4.12311,4.12311,54.57105,49.24429,57.27128,49.64877,46.87217,50.80354,46.52956,46.69047,44.40721,47.38143,39.20459,43.04649,45.04442,40.0125,40.0,39.01282,39.01282,37.12142,36.01389,39.20459,41.4367,43.41659,39.81206,35.90265,36.87818,35.35534,33.95585,37.65634,39.11521,37.48333,37.85499,43.28972,37.85499,41.0,36.67424,38.11824,36.13862,34.52535,35.22783,36.22154,36.05551,37.12142,29.01724,28.01785,30.26549,34.52535,28.16026,28.86174,25.96151,26.24881,22.56103,24.69818,19.69772,20.12461,21.0238,21.40093,20.24846,46.69047,50.08992,46.87217,51.0392,51.0,51.0098,53.00943,57.00877,60.00833,57.42822,64.13267,65.30697,67.46851,70.60453,65.73431,69.07966,73.4983,70.93659,72.61543,63.69458,69.46222,70.26379,68.88396,71.11962,67.95587,68.88396,66.57327,67.60178,61.77378,68.0,58.18075,60.90156,59.09315,56.36488,60.92618,61.46544,56.85948,56.79789,53.48832,55.97321,60.74537,56.08921,60.16644,53.85165,56.29387,60.67125,57.00877,57.27128,57.87055,55.54278,54.57105,61.13101,63.34824,52.95281,62.514,61.39218,59.03389
9.21954,8.24621,8.24621,8.24621,8.24621,8.06226,7.07107,8.06226,8.06226,7.07107,7.07107,7.07107,7.07107,7.0,7.0,7.0,7.07107,7.07107,7.07107,6.08276,7.07107,7.07107,7.07107,7.07107,7.0,7.07107,7.07107,7.07107,7.07107,7.07107,6.0,6.0,7.0,6.0,7.0,6.0,6.08276,5.09902,5.09902,5.09902,5.09902,5.09902,5.09902,4.12311,4.12311,4.12311,4.12311,3.60555,3.60555,3.60555,3.60555,2.82843,57.38467,54.42426,53.85165,50.56679,52.47857,49.65884,49.73932,48.33218,48.76474,44.94441,43.82921,44.40721,43.60046,41.88078,41.34005,42.52058,40.80441,42.52058,39.20459,39.62323,42.42641,40.31129,39.20459,38.8973,37.53665,40.31129,40.36087,37.53665,38.60052,40.0,41.23106,39.82462,36.79674,37.48333,36.87818,37.53665,40.45986,41.10961,39.20459,34.05877,38.18377,34.20526,38.27532,34.4093,30.23243,31.06445,30.23243,29.06888,27.313,27.313,25.07987,22.84732,21.54066,23.08679,23.08679,18.02776,20.09975,46.01087,48.41487,49.20366,52.43091,51.0392,52.47857,54.12947,54.23099,56.4358,59.9333,61.77378,67.62396,67.54258,68.35203,65.45991,70.60453,68.96376,68.06614,71.80529,64.93843,69.35416,74.33034,69.11584,68.593,68.11755,69.58448,63.28507,59.07622,61.13101,63.28507,59.13544,59.07622,62.20129,59.3043,57.87055,57.70615,57.00877,55.54278,57.72348,57.87055,56.04463,60.92618,58.87274,60.16644,59.23681,57.58472,60.16644,57.58472,62.62587,59.46427,58.60034,59.05929,60.37384,60.41523,55.4617,61.32699,62.16912
8.48528,8.48528,8.48528,8.48528,8.48528,7.81025,7.81025,7.2111,7.81025,7.81025,7.2111,7.2111,7.2111,7.2111,7.2111,6.7082,6.7082,6.7082,6.7082,6.7082,6.7082,6.7082,6.7082,6.7082,6.7082,6.7082,6.7082,6.7082,6.7082,6.7082,6.7082,6.7082,7.2111,6.40312,6.40312,6.40312,6.40312,5.65685,5.65685,5.65685,5.65685,5.0,5.0,4.24264,4.24264,3.60555,3.60555,3.60555,3.16228,3.16228,3.16228,3.16228,60.41523,55.36244,52.95281,49.49747,51.1957,51.41984,45.89118,50.21952,48.05206,46.69047,42.0119,43.01163,47.01064,45.04442,42.04759,41.01219,39.11521,43.10452,40.0,39.31921,42.19005,41.19466,40.60788,40.1995,43.41659,42.29657,39.11521,39.45884,37.65634,36.49658,38.47077,39.81206,41.59327,38.32754,34.23449,42.04759,38.20995,40.31129,41.04875,35.01428,37.12142,31.0,34.71311,31.0,35.22783,31.57531,28.63564,29.41088,25.0,26.68333,26.0,19.92486,23.4094,23.25941,23.32381,19.69772,17.49286,48.6621,48.01042,47.51842,50.01,50.01,49.25444,55.08176,57.14018,56.4358,57.21888,61.18823,62.80127,66.4906,68.44706,68.00735,68.00735,72.11103,68.70953,68.00735,68.942,68.8767,71.19691,66.7308,68.0,64.66065,65.0,65.19202,65.8635,62.43397,65.0,59.16925,62.1289,59.48109,56.35601,57.69749,59.09315,52.0,57.77543,56.85948,58.5235,58.5235,55.31727,55.36244,63.60031,56.61272,56.08921,57.00877,56.88585,58.0517,60.16644,65.0,58.94065,58.46366,56.61272,59.43904,62.16912,61.81424
9.0,8.06226,8.06226,8.06226,8.06226,8.06226,7.07107,7.28011,7.28011,7.28011,7.07107,7.28011,7.28011,6.32456,6.32456,7.61577,6.7082,6.32456,6.7082,6.7082,6.7082,6.7082,6.7082,6.7082,6.7082,6.7082,6.7082,6.7082,6.7082,6.7082,6.32456,6.32456,6.32456,6.32456,6.32456,6.32456,6.08276,5.09902,5.09902,5.09902,5.09902,5.0,5.0,5.0,4.0,4.0,4.0,3.0,3.0,3.16228,3.16228,3.16228,58.69412,54.45181,55.17246,53.15073,51.08816,48.10405,46.09772,48.83646,43.86342,47.01064,41.04875,47.43416,44.65423,43.01163,41.10961,44.41846,41.04875,41.14608,40.49691,42.72002,42.72002,42.54409,38.01316,41.10961,40.24922,41.14608,39.92493,39.56008,42.05948,40.49691,43.32436,42.54409,36.40055,39.82462,35.73514,41.14608,36.71512,36.23534,39.44617,38.94868,37.58989,36.89173,34.20526,33.6006,32.01562,36.12478,30.41381,29.83287,29.69848,27.58623,25.6125,21.93171,21.93171,23.76973,20.24846,20.59126,18.02776,46.51881,49.24429,44.77723,55.47071,48.60041,52.00961,56.85068,55.9017,58.13777,57.38467,63.70243,65.05382,67.89698,67.26812,68.24954,66.21933,75.80237,68.60029,70.17834,68.60029,72.71864,70.66116,70.23532,68.8767,71.55418,69.77105,66.30988,63.95311,64.40497,66.21178,57.69749,62.26556,55.9464,56.93856,62.96825,56.4358,55.60576,61.58734,55.0,55.31727,58.25805,58.69412,59.66574,58.79626,58.0517,58.13777,57.28001,60.82763,57.28001,60.1415,59.39697,60.10824,60.82763,60.82763,62.93648,60.87693,58.0
8.94427,8.544,8.544,8.06226,7.61577,7.61577,7.28011,7.28011,7.28011,7.28011,7.28011,7.28011,7.28011,7.28011,7.07107,7.07107,7.07107,7.0,7.07107,7.07107,7.07107,7.0,7.0,7.0,7.0,7.0,7.0,7.0,7.0,7.0,6.08276,7.07107,6.08276,6.08276,6.08276,6.08276,6.08276,5.38516,5.38516,5.38516,5.38516,5.38516,4.47214,4.47214,4.47214,4.47214,3.60555,3.60555,3.60555,2.82843,3.60555,2.82843,56.29387,53.60037,54.57105,48.50773,47.80167,51.97115,49.33559,48.76474,48.70318,45.69464,44.01136,41.23106,45.88028,40.24922,43.46263,41.34005,40.70626,41.18252,43.82921,37.58989,42.43819,38.58756,41.23106,38.01316,40.49691,41.6173,36.35932,41.7732,42.0119,40.45986,39.82462,41.10961,41.23106,40.45986,34.71311,41.88078,39.96248,39.96248,39.82462,38.94868,35.77709,34.88553,36.40055,29.15476,31.7805,31.38471,31.01612,28.28427,27.313,25.96151,22.36068,25.0,24.33105,24.08319,22.02272,23.02173,23.0,49.92995,49.73932,46.95743,53.48832,52.0,54.12947,53.45091,55.97321,55.36244,57.56735,64.53681,64.56005,65.0,68.24954,68.46897,67.26812,70.17834,67.00746,71.06335,72.00694,71.06335,66.06815,72.69113,71.06335,69.46222,65.12296,65.27634,64.19502,59.3043,64.03124,59.21149,64.38167,58.13777,60.00833,60.03332,58.03447,53.23533,56.0803,55.3263,58.42089,57.31492,56.29387,55.9017,61.13101,62.36986,53.60037,59.22837,59.66574,59.90826,59.22837,57.48913,58.5235,59.66574,58.94065,63.32456,57.28001,55.08176
9.43398,8.60233,8.94427,8.06226,8.94427,8.06226,8.06226,7.61577,7.61577,7.61577,8.06226,7.61577,7.61577,7.61577,7.28011,8.24621,7.28011,7.28011,7.28011,7.28011,7.28011,7.07107,7.28011,7.28011,7.28011,7.28011,7.28011,7.28011,7.28011,7.28011,7.28011,7.28011,7.28011,7.28011,6.7082,6.7082,6.7082,5.83095,5.83095,5.83095,5.83095,5.0,5.83095,5.0,5.0,4.24264,4.24264,4.24264,4.24264,4.24264,3.60555,3.60555,54.45181,54.12947,54.81788,51.5461,50.80354,49.49747,45.12206,48.08326,44.14748,45.22168,42.05948,43.65776,44.59821,42.95346,43.9659,42.48529,42.15448,42.54409,40.71855,42.04759,41.88078,41.67733,40.49691,37.20215,36.71512,35.77709,40.31129,39.96248,37.12142,40.80441,37.44329,40.31129,39.35734,41.18252,35.8469,38.47077,38.58756,36.23534,34.9285,38.91015,36.24914,35.44009,35.51056,31.62278,32.01562,33.73426,31.14482,25.70992,29.15476,28.01785,29.01724,24.02082,25.01999,23.5372,22.09072,21.84033,21.0238,50.44799,48.27007,50.60632,56.85948,51.62364,52.3259,55.07268,57.24509,61.26989,60.41523,63.89053,62.64184,65.78754,71.56815,70.34202,69.72087,74.73286,69.72087,72.69113,67.36468,68.18358,72.1734,68.0,71.00704,66.1211,70.00714,67.02984,69.00725,62.03225,63.03174,62.0,61.0,58.03447,58.03447,59.13544,59.21149,57.48913,57.21888,54.33231,61.81424,62.36986,60.01666,61.18823,59.90826,59.22837,57.07013,60.20797,62.64184,62.8172,59.66574,57.27128,64.7611,63.56099,60.41523,59.22837,62.8172,57.27128
9.48683,8.544,8.544,8.544,8.544,8.24621,8.24621,7.28011,7.28011,7.07107,7.07107,7.07107,7.07107,7.07107,7.07107,7.0,7.0,7.0,7.0,7.0,7.07107,7.0,7.0,7.0,7.0,7.0,7.0,7.0,7.0,7.0,6.08276,7.07107,7.07107,6.08276,7.07107,6.08276,6.08276,6.32456,5.38516,5.38516,5.38516,5.38516,4.47214,4.47214,4.47214,3.60555,3.60555,3.60555,3.60555,3.60555,2.82843,2.82843,62.20129,50.24938,57.87055,51.97115,53.23533,52.7731,50.48762,53.23533,47.85394,48.05206,45.60702,44.38468,43.68066,41.76123,42.44997,43.46263,40.8534,45.60702,43.46263,35.8469,43.46263,35.8469,40.71855,43.08132,39.21734,41.76123,38.48376,39.0,42.37924,41.14608,39.35734,43.08132,43.46263,39.0,38.62642,42.37924,40.80441,39.56008,40.02499,34.9285,32.75668,35.51056,36.05551,36.05551,34.1321,32.01562,29.06888,29.42788,28.0,25.01999,27.16616,24.08319,22.2036,22.47221,22.47221,25.29822,22.84732,46.69047,51.73973,47.50789,54.6443,52.20153,53.25411,57.3062,57.80138,62.64982,57.69749,64.07808,63.15853,70.93659,72.42237,73.4983,65.9242,76.29548,69.87131,73.1642,74.33034,72.24957,73.00685,65.03076,72.0,68.02941,67.00746,66.00758,68.18358,62.00806,65.12296,57.07889,65.00769,62.03225,64.07027,58.0,55.03635,54.14795,56.22277,61.20457,58.42089,62.64982,55.10898,60.01666,60.01666,60.41523,58.94065,58.46366,55.7315,62.514,59.5399,54.74486,60.67125,65.11528,56.08921,64.49806,60.87693,62.80127
9.84886,9.84886,9.84886,9.84886,8.94427,8.94427,8.544,8.544,8.544,8.544,8.544,8.24621,8.24621,8.24621,7.28011,8.06226,8.06226,8.06226,7.07107,8.06226,8.24621,8.06226,8.06226,8.06226,8.06226,8.06226,8.06226,8.06226,8.06226,8.06226,7.28011,8.24621,7.28011,7.28011,7.28011,7.28011,7.28011,6.7082,6.7082,6.7082,6.7082,6.7082,5.83095,5.83095,5.83095,5.0,5.0,5.0,5.0,4.24264,4.24264,4.24264,55.07268,53.7122,56.4358,53.85165,51.31277,51.0,50.24938,49.64877,47.50789,44.40721,43.93177,42.63801,42.63801,40.36087,37.64306,43.84062,46.01087,39.62323,42.52058,41.03657,39.40812,36.40055,40.0,39.20459,40.36087,39.82462,38.60052,39.11521,39.20459,41.04875,39.40812,38.60052,38.28838,38.94868,36.12478,39.62323,42.42641,36.79674,35.35534,38.28838,36.76955,34.82815,33.28663,35.0,31.90611,26.40076,25.23886,28.84441,27.45906,29.06888,22.36068,21.09502,22.84732,24.04163,22.80351,19.31321,18.43909,48.10405,48.83646,46.2277,53.00943,54.70832,55.56978,55.22681,57.45433,60.53924,63.97656,64.88451,63.07139,67.54258,69.64194,68.96376,70.0928,72.53275,72.42237,69.857,74.95332,75.50497,72.56721,73.82412,71.44928,69.46222,70.5762,64.28063,68.35934,68.11755,67.36468,61.52235,61.52235,62.64982,60.01666,60.41523,56.32051,57.48913,60.44005,62.58594,55.02727,61.68468,60.74537,65.0,61.68468,58.60034,61.58734,60.00833,59.5399,59.48109,59.9333,60.41523,61.26989,57.69749,56.82429,60.41523,59.94164,54.12947
9.21954,8.60233,8.60233,8.60233,8.60233,7.2111,7.2111,7.2111,7.2111,7.2111,7.2111,6.7082,6.7082,6.7082,6.7082,7.28011,6.32456,6.32456,6.32456,6.32456,6.32456,6.32456,7.28011,6.32456,6.32456,7.28011,7.28011,7.28011,6.32456,7.28011,6.32456,6.7082,6.7082,6.7082,6.7082,6.7082,5.83095,6.40312,5.0,5.0,5.0,5.0,5.0,4.24264,4.24264,4.24264,4.24264,3.60555,3.60555,3.60555,3.60555,3.16228,55.57877,54.08327,56.29387,49.47727,50.35871,51.35173,48.16638,50.80354,44.38468,49.24429,43.9659,43.9659,39.84972,42.05948,40.5216,42.72002,43.65776,41.23106,41.78516,40.24922,45.65085,38.91015,39.96248,40.70626,40.31129,41.59327,39.96248,39.82462,43.86342,39.96248,34.98571,42.94182,39.81206,40.70626,38.94868,38.8973,40.31129,41.62932,41.4367,35.1141,36.76955,40.26164,33.37664,34.52535,33.37664,30.41381,30.26549,31.01612,26.0,25.0,24.02082,24.08319,22.2036,23.19483,21.37756,19.0263,18.43909,43.60046,51.0392,50.77401,49.64877,51.0,55.00909,53.7122,55.36244,57.38467,56.64804,61.40033,63.60031,67.44627,69.05071,67.26812,68.35934,69.35416,68.18358,74.33034,70.00714,67.06713,73.06162,67.1193,71.02816,66.37017,66.1211,64.49806,63.50591,65.37584,61.20457,58.21512,63.12686,65.27634,57.07889,58.07753,53.03772,55.00909,57.03508,57.0,57.21888,58.21512,59.5399,57.55867,56.88585,57.87055,57.07013,60.01666,57.87055,55.7315,56.88585,61.18823,57.00877,60.20797,55.10898,58.54912,58.54912,55.57877
10.0,9.43398,9.43398,9.21954,8.60233,8.60233,8.60233,8.06226,8.06226,8.06226,8.06226,8.06226,8.06226,8.06226,8.06226,8.544,7.61577,7.61577,7.61577,7.61577,7.61577,7.61577,7.61577,7.61577,7.61577,7.28011,7.28011,7.61577,7.61577,7.61577,7.61577,7.61577,7.61577,6.7082,7.61577,6.7082,7.2111,7.2111,6.40312,6.40312,6.40312,6.40312,5.65685,5.65685,5.65685,5.0,5.65685,5.0,5.0,5.0,5.0,3.60555,55.08176,55.08176,54.00926,49.0,50.03998,49.0,47.16991,44.04543,48.50773,42.10701,43.17407,40.26164,38.63936,43.17407,40.31129,37.64306,45.35416,40.4475,37.36308,39.21734,40.31129,38.8973,37.57659,38.94868,38.62642,42.15448,36.40055,38.01316,37.69615,37.16181,38.48376,39.81206,36.76955,35.4683,40.31129,37.94733,36.35932,39.81206,39.56008,38.27532,33.73426,36.87818,31.257,35.51056,31.06445,32.01562,29.06888,27.16616,27.29469,29.06888,22.2036,23.08679,26.01922,20.88061,19.64688,15.29706,16.76305,48.08326,51.5461,50.0,52.7731,52.17279,52.61179,53.93515,56.56854,60.29925,58.00862,61.13101,64.00781,70.06426,71.17584,69.46222,68.88396,73.82412,69.87131,69.72087,70.83078,69.12308,76.65507,70.34202,69.64194,68.00735,70.5762,69.28925,65.19202,65.78754,64.84597,59.80803,63.24555,64.28841,57.28001,58.94065,57.87055,56.04463,57.70615,55.7853,60.20797,56.32051,58.07753,60.20797,65.03076,55.03635,66.0303,56.14268,57.0,58.0,56.0357,60.40695,55.00909,58.0,58.03447,59.07622,62.1289,58.00862
9.05539,9.05539,8.06226,8.06226,8.0,8.0,8.0,7.0,8.0,7.0,7.0,7.07107,7.07107,7.07107,7.07107,7.07107,7.28011,7.28011,7.28011,6.32456,7.07107,7.28011,7.28011,6.32456,7.28011,7.28011,7.28011,7.28011,7.28011,7.28011,6.08276,7.07107,6.08276,6.08276,7.07107,7.07107,6.0,6.0,5.0,5.0,5.0,5.0,5.09902,5.09902,4.12311,4.12311,4.12311,3.16228,3.16228,3.16228,3.16228,3.16228,57.48913,57.31492,53.74012,49.51767,49.67897,47.38143,50.93133,52.40229,47.50789,43.93177,45.48626,42.2019,43.04649,42.80187,40.80441,43.909,44.65423,39.20459,42.19005,42.94182,42.04759,42.54409,38.91015,33.10589,36.61967,40.24922,37.16181,38.01316,38.07887,38.48376,36.35932,38.48376,37.21559,38.01316,39.82462,39.66106,38.47077,38.47077,39.66106,38.83298,39.66106,36.61967,31.89044,32.55764,32.52691,33.24154,32.80244,29.83287,26.24881,28.3196,22.67157,26.90725,23.60085,18.35756,20.59126,17.49286,19.31321,45.88028,49.0408,49.24429,53.0,52.35456,50.47772,55.00909,57.14018,57.45433,58.00862,64.03124,65.29931,64.44377,65.06919,68.62215,67.89698,73.59348,68.88396,70.43437,66.4003,70.49113,71.28113,70.49113,71.86793,69.46222,68.7968,64.49806,66.24198,63.50591,65.36819,58.5235,61.40033,57.68882,57.98276,61.03278,56.0357,58.89822,58.00862,59.20304,60.30755,60.1415,55.86591,58.0517,60.10824,55.97321,57.31492,59.46427,59.39697,60.87693,60.87693,56.58622,60.44005,58.72819,54.56189,60.81118,62.93648,54.56189
10.44031,10.19804,9.21954,9.48683,9.21954,9.21954,9.21954,9.05539,9.21954,8.06226,8.06226,8.06226,8.06226,8.06226,8.06226,8.0,8.0,8.0,8.0,8.0,8.0,8.0,8.0,8.0,8.0,8.06226,8.0,8.0,8.0,8.0,7.07107,8.06226,8.06226,7.07107,8.06226,8.06226,7.07107,7.28011,6.32456,6.32456,6.32456,6.32456,5.38516,5.38516,5.38516,5.38516,5.38516,4.47214,4.47214,4.47214,4.47214,5.0,56.04463,50.44799,54.70832,52.49762,51.07837,44.94441,47.53946,48.38388,41.62932,44.28318,41.59327,39.35734,45.17743,42.04759,36.89173,38.58756,41.67733,39.35734,40.80441,40.0,41.10961,39.40812,38.20995,35.60899,39.11521,39.40812,36.40055,39.69887,37.01351,36.06938,36.79674,39.05125,38.01316,39.20459,38.41875,39.40812,38.58756,34.1321,39.40812,35.22783,35.51056,33.12099,34.0,33.10589,29.96665,30.41381,30.46309,26.92582,25.70992,23.76973,27.51363,20.02498,24.18677,23.02173,21.0238,19.0,18.02776,47.50789,48.25971,51.40039,50.11986,49.24429,52.7731,53.31041,56.64804,58.5235,58.82176,61.68468,62.93648,68.00735,69.26038,71.80529,67.46851,74.1485,67.89698,69.35416,69.02898,71.06335,72.11103,71.02816,70.02857,71.02816,66.1211,66.1211,67.00746,63.00794,65.0,57.0,62.03225,64.03124,63.03174,62.03225,59.21149,57.55867,61.66036,55.9017,57.70615,60.40695,55.54278,55.54278,57.48913,58.5235,55.54278,58.69412,58.82176,60.63827,54.81788,60.40695,61.09828,62.0967,53.85165,59.20304,56.921,58.82176
9.89949,9.89949,9.89949,9.89949,9.89949,9.21954,9.21954,9.21954,9.21954,8.60233,8.60233,8.60233,8.60233,8.60233,8.60233,8.60233,8.06226,8.06226,8.06226,8.06226,8.60233,8.06226,8.06226,8.06226,8.06226,8.06226,8.06226,8.60233,8.06226,8.06226,7.81025,8.60233,8.60233,7.81025,7.81025,7.81025,7.81025,7.07107,7.07107,7.07107,6.40312,6.40312,6.40312,5.65685,5.0,5.0,5.0,4.47214,4.47214,4.47214,4.47214,4.47214,47.29693,51.92302,56.14268,47.29693,48.6621,52.49762,44.40721,52.17279,43.18565,42.57934,43.28972,44.18144,43.04649,41.19466,39.05125,38.11824,44.10215,43.28972,43.10452,40.60788,39.11521,36.34556,36.13862,38.32754,39.11521,40.1995,34.71311,35.69314,38.47077,38.07887,35.51056,39.45884,38.11824,39.20459,33.06055,41.0,38.0526,40.0,39.0,37.05401,34.1321,34.0147,34.36568,37.33631,34.71311,29.61419,29.42788,29.61419,26.92582,22.82542,22.84732,20.61553,22.47221,21.93171,22.47221,19.72308,20.24846,48.50773,45.17743,47.0,52.08647,54.03702,54.14795,58.30952,56.4358,58.54912,59.3043,61.98387,65.51336,71.06335,67.68309,69.12308,68.00735,73.38937,69.64194,70.38466,71.11259,67.1193,71.58911,67.74216,69.35416,68.7968,65.36819,70.72482,67.74216,64.00781,64.66065,58.18075,63.51378,58.59181,58.59181,61.7171,57.69749,55.03635,57.38467,57.77543,59.48109,63.56886,54.81788,57.24509,62.62587,59.48109,56.88585,57.00877,59.22837,58.5235,61.61169,57.87055,59.84146,58.85576,52.39275,60.53098,64.13267,58.54912
7.61577,7.61577,7.61577,7.61577,7.61577,6.7082,6.7082,6.7082,6.7082,6.7082,6.7082,6.40312,6.40312,6.40312,5.83095,6.40312,6.40312,6.40312,6.40312,6.40312,6.40312,6.40312,6.40312,5.65685,6.40312,5.65685,6.40312,6.40312,6.40312,6.40312,6.40312,6.40312,5.83095,5.83095,5.83095,5.83095,5.38516,5.38516,5.38516,5.38516,4.12311,4.12311,5.09902,4.12311,4.12311,4.0,4.0,4.0,4.0,3.0,3.0,3.16228,57.14018,49.64877,53.0,52.15362,47.85394,49.09175,50.11986,53.0,45.61798,42.48529,39.81206,42.54409,42.48529,42.54409,40.24922,36.68787,43.65776,43.17407,42.44997,36.13862,41.97618,38.60052,41.30375,39.62323,39.81206,41.59327,41.23106,40.31129,42.44997,39.20459,38.83298,40.79216,40.02499,42.57934,35.17101,39.62323,41.0,38.8973,39.29377,34.17601,35.4683,35.8469,32.64966,35.8469,33.61547,30.41381,30.80584,32.64966,22.80351,25.80698,26.62705,20.61553,21.2132,21.26029,20.51828,21.26029,22.67157,47.67599,47.67599,47.07441,55.36244,51.86521,48.38388,53.31041,54.626,58.18075,62.17717,62.17717,63.63175,63.52952,66.7308,66.4003,66.06815,71.40028,70.29225,67.94115,67.94115,69.29646,68.76772,66.6033,67.89698,68.24954,66.52819,64.38167,67.62396,61.84658,62.36986,62.00806,60.30755,58.79626,58.69412,61.52235,58.79626,58.0517,54.48853,54.81788,59.20304,57.00877,55.60576,56.40035,60.21628,55.0,57.45433,54.08327,56.93856,57.68882,58.24946,58.30952,55.47071,58.60034,57.45433,59.68249,59.16925,55.07268
9.05539,9.0,8.0,8.0,8.0,8.0,8.0,8.0,8.0,7.0,8.06226,7.07107,7.07107,7.07107,7.07107,7.28011,7.28011,7.28011,7.28011,7.28011,6.32456,6.32456,6.32456,6.32456,7.28011,7.28011,7.28011,6.32456,7.28011,7.28011,7.07107,6.32456,6.08276,6.08276,7.07107,6.08276,7.07107,6.0,5.0,5.0,5.0,5.0,5.0,5.09902,4.0,4.12311,4.12311,3.16228,3.16228,3.16228,3.16228,3.16228,58.30952,51.40039,54.67175,54.20332,55.31727,52.63079,46.75468,48.60041,46.75468,45.34314,44.68781,43.18565,47.38143,41.10961,43.86342,41.6173,40.31129,40.45986,41.10961,43.26662,44.41846,37.80212,41.34005,40.60788,42.72002,42.19005,41.88078,38.47077,38.27532,40.24922,41.14608,42.72002,35.60899,40.81666,37.58989,40.0,36.61967,37.20215,38.94868,37.01351,34.82815,38.8973,33.42155,33.24154,34.71311,31.241,30.61046,25.6125,28.30194,28.6531,24.69818,22.80351,20.59126,20.24846,21.0238,18.02776,19.92486,47.41308,49.92995,49.39636,55.44367,50.44799,53.74012,52.40229,56.58622,59.39697,57.28001,62.482,65.06919,67.94115,69.02898,71.28113,67.1193,72.40166,70.23532,69.97142,68.35203,69.35416,67.77905,65.78754,68.54196,66.7308,69.64194,63.56886,67.6757,61.35145,63.90618,59.61543,63.56886,57.58472,56.64804,59.09315,58.18075,49.64877,60.53924,57.3062,56.61272,56.60389,53.41348,59.64059,56.30275,60.0,57.00877,59.20304,59.20304,54.3783,58.41233,58.82176,59.81639,61.40033,56.0803,61.07373,62.80127,55.60576
10.0,10.0,10.0,10.0,9.21954,9.21954,9.21954,8.48528,8.48528,8.48528,8.48528,9.21954,8.48528,8.48528,8.60233,8.60233,8.60233,7.81025,8.60233,8.60233,7.81025,8.60233,8.60233,8.60233,8.60233,8.06226,8.06226,8.60233,8.60233,8.06226,7.81025,8.60233,7.81025,7.81025,7.81025,7.81025,7.07107,7.81025,6.40312,6.40312,6.40312,6.40312,5.83095,6.40312,5.83095,5.0,5.0,5.38516,4.47214,4.47214,4.47214,4.47214,50.59644,55.65968,52.20153,48.08326,51.24451,51.92302,48.38388,49.33559,43.41659,40.5216,43.17407,45.89118,42.42641,40.60788,39.31921,39.05125,43.18565,41.0,41.0,39.11521,41.01219,38.0526,38.0526,45.0,36.12478,40.0125,37.12142,37.12142,39.11521,37.21559,40.4475,40.04997,40.0,37.05401,40.0125,42.04759,37.12142,39.0,38.0526,34.1321,37.33631,31.06445,35.69314,35.22783,29.73214,27.20294,30.36445,32.31099,23.25941,26.57066,26.24881,21.18962,21.47091,23.70654,22.47221,16.40122,18.60108,43.18565,47.04253,48.0,54.33231,52.46904,54.45181,56.88585,56.08921,62.16912,60.01666,63.78871,60.08328,67.18631,71.16881,69.57011,67.54258,73.34848,70.23532,68.8767,72.40166,69.11584,73.78347,67.1193,67.42403,74.4043,71.02112,68.88396,68.24954,64.03124,62.80127,62.42596,61.40033,56.60389,58.00862,61.58734,56.82429,56.82429,55.9464,59.5399,57.93962,59.09315,58.18935,61.09828,60.40695,54.23099,54.57105,57.93962,59.48109,61.68468,58.82176,58.5235,64.56005,64.62198,56.30275,56.921,64.84597,59.48109
10.44031,9.21954,9.21954,9.48683,9.21954,9.21954,9.21954,9.05539,9.05539,8.06226,8.06226,8.06226,8.06226,8.06226,8.06226,8.0,8.0,8.0,8.0,8.0,8.0,8.0,8.0,8.0,8.0,8.0,8.0,8.0,8.0,8.0,7.0,8.06226,8.06226,7.07107,8.06226,8.06226,7.28011,7.28011,6.32456,6.32456,6.32456,6.32456,6.32456,5.38516,5.38516,5.38516,5.38516,4.47214,5.0,5.0,5.0,4.24264,61.26989,55.54278,51.47815,51.62364,53.0,49.39636,47.01064,48.76474,48.54894,44.65423,42.80187,42.63801,42.0119,43.41659,42.43819,41.7732,39.82462,43.86342,40.36087,37.53665,41.72529,39.05125,39.59798,38.20995,36.87818,42.44997,38.41875,39.59798,39.69887,36.40055,39.59798,41.01219,36.76955,41.01219,37.53665,38.94868,39.59798,36.87818,38.20995,39.05125,39.05125,36.71512,34.43835,32.64966,31.76476,31.62278,30.80584,26.57066,25.07987,25.63201,21.93171,24.59675,21.37756,23.4094,20.02498,20.61553,20.0,50.60632,50.0,52.00961,53.8145,52.40229,53.15073,56.63921,56.72742,58.13777,61.84658,68.09552,60.74537,70.17834,70.23532,68.44706,70.71068,71.55418,67.77905,71.69379,71.86793,68.62215,75.28612,72.53275,69.63476,69.857,67.44627,65.30697,66.91039,66.4906,67.91171,60.16644,62.58594,62.8172,60.44005,61.68468,56.61272,55.65968,61.09828,60.16644,60.83584,62.24147,58.60034,58.30952,60.83584,57.3062,62.6099,58.66856,59.94164,59.68249,59.94164,61.32699,62.26556,61.77378,58.30952,60.00833,62.17717,58.13777
9.05539,9.05539,8.06226,8.06226,8.06226,8.06226,8.24621,8.24621,7.28011,7.28011,7.28011,7.28011,7.28011,7.28011,7.28011,7.61577,7.61577,6.32456,6.7082,6.7082,6.7082,6.7082,7.61577,6.7082,6.7082,7.61577,7.61577,6.7082,7.61577,7.61577,6.32456,6.32456,6.32456,6.32456,6.32456,7.07107,7.07107,6.08276,5.0,5.0,5.0,5.0,5.0,5.0,4.0,4.0,4.12311,3.16228,3.16228,3.16228,3.16228,3.16228,55.9017,57.28001,53.8145,52.40229,50.24938,48.79549,49.67897,49.57822,47.50789,44.20407,42.52058,43.60046,45.79301,44.65423,42.43819,40.81666,39.96248,42.19005,42.54409,42.54409,43.08132,42.15448,38.07887,39.82462,39.39543,43.04649,42.95346,37.64306,38.91015,40.8534,42.05948,41.78516,39.39543,37.12142,39.21734,34.88553,36.67424,38.01316,39.35734,38.58756,40.49691,38.01316,35.0,34.65545,34.05877,30.80584,31.241,31.82766,24.83948,25.80698,26.1725,24.08319,21.63331,22.2036,20.80865,21.47091,21.54066,44.77723,49.1935,44.28318,51.97115,53.0,50.80354,56.0357,58.82176,59.20304,55.80323,62.28965,66.52819,70.93659,73.5527,67.94115,64.40497,74.65253,69.2026,67.20119,69.63476,70.21396,73.43024,68.7968,68.50547,66.18912,70.3278,67.08204,66.18912,65.79514,60.90156,59.48109,59.94164,58.83026,59.90826,59.16925,59.36329,54.81788,54.40588,58.24946,57.42822,58.13777,56.56854,57.31492,60.30755,53.15073,58.0,59.4138,55.0,63.65532,60.87693,55.9017,60.82763,65.05382,55.86591,60.87693,61.55485,62.24147
9.0,8.0,8.0,8.0,8.0,7.0,8.06226,7.07107,7.07107,7.07107,7.07107,7.07107,7.07107,7.07107,6.32456,7.28011,6.32456,7.28011,6.32456,6.32456,6.32456,6.7082,7.61577,6.32456,6.32456,6.7082,7.61577,6.32456,6.32456,7.61577,6.32456,6.32456,6.32456,6.32456,6.32456,6.08276,6.08276,5.0,5.0,5.0,5.0,5.0,5.0,4.0,4.0,4.0,4.0,3.0,3.16228,3.16228,3.16228,3.16228,55.44367,54.45181,50.32892,49.81967,51.40039,50.44799,50.44799,53.8145,46.04346,45.0,42.05948,43.56604,47.01064,41.14608,42.54409,43.82921,40.71855,40.81666,38.47077,38.8973,45.54119,43.08132,36.05551,37.16181,37.33631,42.15448,41.78516,45.22168,42.05948,41.4367,43.01163,42.37924,41.10961,39.29377,37.94733,39.92493,37.33631,39.35734,38.01316,39.0,37.0,36.76955,34.1321,30.23243,37.44329,31.241,31.90611,30.41381,26.90725,28.42534,27.58623,25.4951,22.02272,20.80865,17.88854,20.51828,19.41649,43.08132,48.30114,47.42362,51.47815,50.47772,51.10773,53.41348,56.85068,61.03278,56.40035,60.10824,62.24147,63.65532,70.03571,67.20863,66.06815,69.6563,66.85058,71.28113,67.41662,66.03787,73.24616,66.57327,68.96376,67.1193,68.0,66.37017,64.40497,64.41273,64.14047,59.5399,61.40033,58.5235,56.4358,61.58734,56.0357,57.80138,57.42822,58.0517,56.63921,58.25805,58.0,60.20797,61.52235,56.56854,56.0357,58.25805,57.38467,62.24147,58.69412,62.2254,60.959,53.74012,55.80323,61.55485,59.46427,62.36986
10.19804,10.19804,10.19804,9.21954,9.21954,9.05539,9.05539,9.05539,9.05539,8.06226,9.05539,9.0,8.0,8.0,8.0,8.0,8.06226,8.06226,8.0,8.06226,8.0,8.0,8.06226,8.06226,8.06226,8.06226,8.06226,8.06226,8.0,8.06226,8.0,8.0,8.0,7.0,8.0,8.0,8.06226,7.07107,7.07107,6.08276,6.32456,6.08276,6.32456,6.32456,6.32456,5.38516,5.38516,4.47214,4.47214,4.47214,5.0,5.0,51.62364,52.3259,51.62364,52.69725,53.33854,52.15362,49.39636,48.82622,46.32494,46.2277,43.60046,45.0,39.20459,43.13931,36.79674,40.60788,45.25483,39.59798,38.28838,40.36087,39.20459,39.69887,40.36087,39.69887,37.53665,39.62323,37.48333,41.7732,37.48333,41.40048,42.52058,43.18565,41.10961,41.03657,39.69887,37.01351,38.28838,40.45986,35.80503,38.60052,37.20215,34.82815,33.28663,34.1321,33.24154,29.68164,32.75668,29.15476,26.92582,26.0,21.84033,17.72005,21.58703,21.09502,25.31798,19.0263,21.37756,48.8774,48.01042,49.09175,54.67175,53.15073,55.31727,51.62364,55.97321,58.69412,60.1415,64.2028,69.81404,70.0,67.95587,72.67049,66.37017,74.43118,73.40981,68.8767,69.07966,70.2282,75.0,68.94926,68.94926,69.26038,69.07966,68.68042,67.44627,63.32456,66.48308,63.24555,61.39218,62.58594,61.61169,62.64184,60.92618,59.61543,59.09315,57.77543,59.94164,59.5063,59.68249,59.16925,62.64982,57.98276,62.68174,62.26556,58.30952,60.20797,61.05735,58.18075,59.64059,63.82006,59.07622,61.05735,57.24509,56.30275
9.0,9.0,8.0,8.0,8.0,8.06226,8.06226,8.06226,8.06226,7.07107,7.28011,7.28011,7.28011,7.28011,7.28011,7.28011,7.61577,7.28011,6.32456,6.32456,6.32456,6.32456,6.32456,6.7082,7.28011,7.61577,7.61577,6.32456,7.28011,7.28011,6.32456,6.32456,6.32456,6.32456,7.07107,6.08276,7.07107,6.08276,5.0,5.0,5.0,5.0,5.0,4.0,4.0,4.0,4.12311,4.12311,3.16228,3.16228,3.16228,3.16228,57.42822,53.25411,56.0803,51.31277,54.03702,48.41487,51.22499,48.60041,46.8615,48.16638,49.51767,45.27693,45.27693,40.31129,47.42362,44.04543,42.52058,39.20459,39.69887,41.86884,44.10215,43.26662,41.23106,42.43819,38.18377,39.62323,38.83298,41.6173,40.22437,41.34005,40.22437,38.27532,38.83298,39.66106,40.81666,40.45986,38.94868,38.18377,42.52058,39.05125,34.65545,40.36087,38.60052,37.80212,36.23534,33.42155,32.01562,33.10589,32.55764,25.05993,25.63201,22.36068,23.08679,22.47221,22.36068,21.37756,21.18962,48.33218,47.01064,48.8774,56.40035,54.40588,55.97321,55.17246,53.90733,60.10824,59.46427,64.53681,63.89053,67.20863,69.52697,67.20119,72.11103,74.88658,73.24616,73.06162,71.58911,72.00694,74.09453,69.46222,70.77429,68.70953,69.07966,69.28925,65.9242,65.55151,68.96376,63.32456,62.29767,62.76942,59.80803,61.32699,53.7122,55.9464,60.82763,57.80138,55.75841,60.53924,53.00943,61.91123,59.90826,59.64059,63.41136,64.03124,60.21628,60.80296,58.60034,58.82176,58.25805,64.3506,58.82176,59.40539,59.03389,59.40539
10.44031,9.48683,9.48683,9.48683,9.48683,9.21954,8.24621,8.24621,8.24621,8.06226,8.24621,8.06226,8.06226,8.06226,8.06226,8.06226,8.06226,8.0,8.0,8.0,8.0,8.0,8.0,8.0,8.0,8.0,8.0,8.0,8.06226,8.0,7.07107,7.07107,8.06226,7.07107,8.06226,7.07107,7.28011,7.28011,6.32456,6.32456,6.32456,6.32456,5.38516,5.38516,5.38516,5.83095,5.83095,5.0,5.0,5.0,5.0,4.24264,55.08176,47.53946,57.77543,47.01064,47.85394,50.9902,45.69464,49.76947,49.24429,44.77723,42.94182,42.48529,43.909,42.72002,41.67733,39.82462,41.04875,40.49691,38.27532,37.64306,39.62323,39.05125,36.79674,41.10961,37.80212,39.69887,40.45986,36.79674,36.79674,41.86884,37.64306,36.06938,40.31129,38.20995,41.72529,40.22437,37.80212,38.94868,38.01316,35.22783,34.20526,36.61967,33.54102,31.76476,32.31099,30.46309,29.54657,27.20294,28.4605,26.57066,24.04163,22.13594,23.34524,22.09072,21.0238,17.26268,20.02498,46.75468,45.34314,50.0,54.3783,54.3783,51.0,52.47857,54.58938,59.03389,58.13777,63.15853,66.85058,69.07966,68.35203,69.26038,68.68042,71.56815,70.03571,69.42622,71.84706,71.56815,73.17103,67.1193,68.26419,68.11755,69.46222,64.07027,68.00735,68.00735,68.11755,61.0082,64.19502,57.03508,57.21888,60.40695,57.14018,55.9017,58.46366,58.46366,57.56735,59.66574,59.20304,59.77458,57.00877,55.97321,59.46427,61.40033,63.69458,58.5235,56.61272,55.97321,59.46427,62.62587,59.61543,59.09315,56.30275,60.16644
8.544,8.544,8.544,8.544,7.61577,7.61577,7.61577,7.61577,7.61577,6.7082,8.06226,7.2111,7.2111,7.2111,7.2111,7.2111,7.2111,6.40312,7.07107,6.40312,6.40312,7.07107,6.40312,7.07107,7.07107,7.07107,7.07107,7.07107,7.07107,7.81025,6.40312,6.40312,6.40312,6.40312,7.2111,6.7082,6.7082,5.83095,5.38516,5.83095,5.38516,5.38516,4.47214,4.47214,4.12311,4.12311,4.12311,4.12311,3.16228,3.16228,3.0,3.0,60.37384,55.56978,55.03635,47.85394,53.22593,50.32892,46.51881,46.51881,44.28318,45.69464,47.16991,48.10405,44.94441,43.17407,43.32436,40.80441,45.70558,40.80441,41.0,40.31129,41.19466,41.4367,37.05401,41.59327,38.20995,38.47077,38.32754,39.20459,38.11824,42.0119,40.04997,41.19466,38.32754,37.65634,39.11521,37.94733,36.67424,38.07887,38.27532,38.83298,34.17601,37.33631,33.24154,33.83785,28.23119,35.77709,34.0,29.68164,29.06888,26.83282,26.07681,24.41311,22.82542,23.43075,22.67157,21.93171,22.67157,48.0,48.25971,51.24451,52.46904,50.01,52.88667,54.34151,53.85165,59.90826,62.29767,62.62587,65.39113,64.62198,67.53518,66.88797,72.94518,72.94518,71.84706,70.49113,70.21396,72.62231,73.40981,65.19202,67.62396,66.6033,69.52697,65.8559,66.46804,62.93648,64.66065,63.03174,65.43699,58.0517,56.0803,62.00806,58.00862,56.0357,55.9464,57.68882,58.30952,56.30275,59.9333,59.05929,59.09315,60.03332,56.36488,58.60034,60.00833,59.03389,58.18075,57.24509,59.09315,61.7171,57.69749,56.85948,59.61543,56.36488
10.0,10.04988,9.05539,9.0,9.0,9.05539,9.05539,8.06226,9.05539,8.06226,8.24621,8.24621,8.24621,8.24621,7.28011,8.544,7.28011,7.61577,7.28011,7.28011,7.28011,7.61577,7.28011,7.61577,7.61577,7.61577,7.61577,7.61577,7.61577,7.61577,7.28011,7.28011,7.28011,7.28011,7.28011,7.28011,7.07107,7.07107,6.08276,6.08276,6.0,6.0,6.0,6.0,5.0,5.0,5.0,5.09902,4.12311,4.12311,4.12311,4.12311,55.15433,49.81967,53.15073,53.03772,53.07542,48.08326,48.79549,47.42362,49.67897,46.2277,46.2277,45.60702,45.22168,41.88078,39.66106,39.82462,39.44617,44.77723,39.11521,36.76955,39.35734,38.27532,39.56008,44.29447,36.23534,38.91015,38.27532,42.15448,41.23106,40.31129,39.56008,40.49691,38.01316,42.15448,38.48376,41.18252,39.56008,38.62642,36.67424,33.83785,36.35932,37.73592,35.80503,32.20248,36.12478,32.80244,31.82766,31.14482,26.87006,26.1725,22.80351,24.20744,25.80698,20.24846,20.24846,20.0,21.0238,49.24429,50.11986,47.01064,53.41348,53.90733,54.67175,54.67175,59.5483,59.5483,60.44005,63.65532,65.76473,67.89698,67.35726,69.63476,69.63476,75.45197,68.24222,75.16648,76.94154,72.00694,76.47876,69.11584,72.44998,68.44706,68.88396,68.54196,65.79514,66.70832,67.97794,62.16912,65.39113,62.24147,59.94164,62.64982,57.3062,60.90156,59.07622,60.21628,61.84658,57.00877,61.22091,61.07373,63.03174,60.959,59.66574,63.25346,58.0517,61.07373,60.30755,56.58622,65.06919,58.69412,57.28001,58.72819,61.07373,64.3506
9.05539,9.0,8.0,8.06226,8.0,8.0,8.0,8.0,7.0,7.07107,7.07107,7.07107,7.07107,7.07107,7.07107,7.28011,7.28011,7.28011,6.32456,6.32456,7.28011,6.32456,7.28011,6.32456,7.28011,7.61577,7.28011,7.28011,6.32456,7.28011,6.32456,6.32456,6.08276,6.08276,7.07107,7.07107,6.08276,6.0,5.0,5.0,6.0,5.0,5.0,5.0,5.09902,4.12311,4.12311,3.16228,3.16228,3.16228,3.16228,3.16228,59.94164,52.3259,51.47815,51.62364,54.58938,52.7731,47.85394,51.31277,45.48626,42.72002,43.82921,40.49691,42.0119,39.96248,41.88078,42.63801,41.40048,39.62323,42.0119,41.72529,45.34314,41.23106,36.79674,43.86342,36.12478,39.59798,41.72529,40.45986,38.8973,44.04543,40.36087,39.59798,40.36087,43.27817,39.82462,37.48333,40.36087,37.01351,39.69887,38.20995,36.40055,36.89173,32.20248,32.75668,30.8707,33.61547,28.23119,25.4951,29.41088,25.94224,25.63201,25.96151,22.13594,22.36068,22.09072,20.39608,17.26268,47.20169,48.41487,46.8615,53.03772,50.93133,53.15073,53.8145,54.40588,61.22091,57.2014,62.96825,67.23095,69.31811,69.35416,66.64833,67.54258,72.91776,65.9242,68.00735,70.5195,71.56815,74.72617,70.0928,71.38627,71.19691,67.46851,64.28063,65.11528,61.98387,66.28725,58.69412,59.03389,56.51548,56.75385,60.87693,55.65968,58.24088,58.87274,57.87055,59.46427,60.53924,56.79789,56.36488,60.83584,56.4358,56.82429,56.35601,57.24509,56.36488,57.69749,55.07268,58.60034,55.07268,58.30952,60.37384,59.5063,61.77378
9.43398,9.43398,8.60233,8.60233,8.60233,8.60233,7.81025,7.81025,7.81025,7.81025,7.81025,8.48528,7.81025,7.81025,7.81025,7.81025,7.81025,7.81025,7.2111,7.2111,7.2111,7.2111,7.2111,7.2111,7.2111,7.81025,7.81025,7.2111,7.2111,7.2111,7.81025,7.81025,7.81025,7.07107,7.07107,7.07107,7.07107,6.40312,6.40312,6.40312,5.83095,5.83095,5.0,5.0,4.47214,4.47214,4.47214,4.47214,3.60555,3.60555,3.16228,3.16228,59.16925,55.54278,55.9464,54.12024,55.54278,48.46648,50.08992,49.76947,44.27189,47.43416,44.01136,42.72002,44.64303,42.72002,45.88028,42.44997,44.14748,41.30375,36.13862,39.45884,42.19005,42.19005,36.05551,40.04997,39.62323,39.11521,41.0,37.01351,39.0,40.0125,43.10452,47.0,41.0,38.20995,42.10701,37.21559,34.36568,40.11234,34.71311,38.60052,37.85499,32.28002,32.98485,33.24154,31.62278,32.69557,32.24903,29.15476,28.63564,23.70654,27.78489,26.41969,23.85372,20.80865,19.20937,24.75884,22.62742,49.16299,49.49747,48.83646,53.75872,53.93515,52.63079,53.16014,56.32051,58.82176,60.74537,61.09828,69.46222,64.88451,73.34848,70.23532,68.7968,72.71864,74.33034,69.06519,70.29225,71.21798,75.28612,69.6563,68.24954,70.76722,68.76772,65.8559,68.593,64.38167,63.03174,56.72742,57.48913,55.9017,59.20304,59.03389,60.60528,58.30952,57.68882,58.82176,57.68882,59.05929,57.27128,60.82763,60.37384,56.79789,60.41523,62.16912,57.00877,61.7414,58.30952,56.36488,63.15853,63.50591,58.66856,57.00877,53.85165,61.32699
9.21954,8.48528,8.48528,8.48528,8.48528,8.48528,7.81025,7.81025,7.81025,7.81025,7.81025,7.81025,7.2111,7.2111,7.2111,8.06226,7.2111,7.2111,6.7082,6.7082,6.7082,7.61577,7.61577,7.61577,7.61577,7.61577,7.61577,7.61577,7.61577,7.61577,6.7082,6.7082,6.7082,6.7082,7.2111,7.2111,6.40312,6.40312,6.40312,5.0,5.65685,5.65685,5.0,4.24264,4.24264,4.24264,4.24264,4.24264,4.24264,3.60555,3.60555,3.60555,57.28001,53.36666,56.32051,54.40588,46.84015,51.41984,46.32494,51.41984,43.68066,47.85394,42.42641,40.1995,46.87217,42.29657,41.4367,41.04875,41.01219,37.01351,39.20459,41.0,42.29657,43.01163,37.01351,39.05125,38.01316,36.0,39.01282,42.42641,41.30375,38.20995,39.11521,43.18565,35.0571,36.34556,38.47077,36.01389,35.0,36.0,37.21559,40.0125,37.01351,37.33631,31.57531,30.06659,29.83287,32.38827,32.01562,30.80584,29.12044,26.0,26.57066,22.13594,22.82542,22.2036,18.97367,24.16609,20.61553,46.87217,48.37355,48.09366,54.08327,54.0,56.0803,52.15362,54.14795,62.39391,58.54912,63.15061,63.56099,69.42622,68.30813,66.40783,67.77905,73.38937,69.46222,71.30919,71.69379,71.58911,70.71068,71.02112,70.83078,70.83078,64.88451,65.0,62.43397,62.42596,66.03787,61.58734,63.63175,62.68174,57.3062,57.14018,55.9017,60.74537,59.61543,57.58472,59.23681,58.82176,57.56735,60.72891,59.48109,60.72891,64.56005,57.72348,57.56735,59.90826,58.5235,54.81788,59.66574,62.36185,61.40033,58.0517,60.41523,59.20304
9.21954,9.21954,9.21954,8.24621,8.24621,8.24621,8.06226,8.06226,8.06226,8.06226,7.07107,7.07107,7.07107,7.0,7.0,7.0,7.0,7.0,7.0,7.07107,7.0,7.0,7.0,7.07107,7.07107,7.0,7.0,7.0,7.0,7.0,7.0,7.0,7.0,7.0,6.08276,6.08276,6.08276,6.08276,6.32456,5.38516,5.38516,5.38516,5.38516,4.47214,4.47214,4.47214,4.24264,4.47214,4.24264,3.60555,4.24264,3.60555,52.49762,53.2635,57.98276,53.15073,52.34501,50.20956,49.67897,44.59821,45.25483,45.96738,45.22168,43.13931,44.82187,45.22168,44.82187,41.40048,45.27693,39.44617,40.22437,41.88078,41.34005,36.89173,41.14608,35.8469,38.94868,40.71855,40.31129,39.0,37.12142,36.24914,40.70626,36.76955,34.43835,40.70626,38.83298,39.81206,35.34119,35.8469,38.27532,35.0,33.6006,37.48333,36.87818,33.42155,32.64966,30.41381,29.73214,30.41381,29.41088,28.84441,25.4951,23.34524,26.07681,21.0238,20.59126,19.31321,17.46425,46.51881,47.41308,47.88528,54.08327,50.80354,54.40588,53.41348,55.44367,58.72819,59.5483,63.63961,62.93648,65.05382,68.0147,66.21933,68.00735,70.21396,70.45566,69.63476,69.11584,72.40166,70.66116,70.23532,69.35416,68.54196,67.97794,61.26989,63.69458,62.24147,60.41523,56.79789,60.92618,59.03389,55.4617,57.80138,58.18075,57.45433,58.24946,57.2014,55.80323,57.2014,58.82176,59.03389,60.60528,59.40539,55.17246,58.13777,60.81118,58.0,58.79626,63.63961,62.96825,57.38467,61.6198,62.28965,58.0517,57.28001
8.48528,8.48528,7.81025,8.48528,7.81025,8.48528,7.81025,7.81025,7.81025,7.2111,7.81025,7.2111,7.2111,7.2111,7.2111,7.2111,7.2111,6.7082,6.7082,6.7082,6.7082,6.7082,6.7082,6.7082,6.7082,6.7082,6.7082,6.7082,6.7082,6.7082,6.7082,6.7082,7.2111,6.7082,6.40312,6.40312,6.40312,6.40312,5.65685,5.65685,5.0,5.0,5.0,5.0,5.0,4.47214,4.47214,4.47214,4.47214,4.47214,4.12311,4.12311,55.08176,52.00961,54.08327,53.0,54.14795,48.0,48.0,47.26521,43.10452,44.18144,44.28318,46.27094,46.27094,39.05125,41.19466,40.31129,42.2019,41.97618,38.63936,42.44997,43.73786,38.32754,36.68787,36.68787,38.8973,40.26164,39.62323,37.10795,36.40055,40.80441,41.78516,40.5216,37.33631,37.33631,40.60788,33.37664,36.40055,38.32754,35.22783,37.21559,37.12142,35.01428,32.01562,34.05877,28.0,33.01515,30.14963,27.0,25.31798,22.02272,26.30589,24.04163,24.04163,21.0238,18.68154,15.65248,19.41649,47.41308,49.39636,49.98,49.0408,55.36244,52.88667,55.31727,58.24946,59.03389,58.54912,61.20457,64.03124,66.06815,70.02857,66.00758,69.26038,73.33485,66.61081,69.72087,70.85901,72.78049,68.88396,70.61161,69.857,65.14599,68.96376,64.84597,68.30813,65.39113,63.89053,63.06346,61.35145,60.87693,58.5235,60.08328,59.66574,58.24946,59.43904,58.0517,57.07889,56.56854,58.03447,60.13319,60.29925,54.14795,64.07027,59.3043,58.00862,59.00847,60.07495,56.14268,65.0,60.00833,55.00909,58.00862,60.07495,64.03124
8.94427,8.94427,8.94427,8.94427,7.61577,7.61577,7.61577,7.61577,7.28011,7.28011,7.28011,7.28011,7.28011,7.28011,7.28011,7.07107,7.07107,7.07107,7.07107,7.07107,7.07107,7.07107,7.07107,7.0,7.07107,7.0,7.0,7.07107,7.07107,7.0,7.07107,7.07107,7.07107,6.08276,7.07107,6.08276,6.32456,6.32456,5.38516,5.38516,5.38516,5.38516,4.47214,4.47214,4.47214,4.47214,3.60555,3.60555,3.60555,2.82843,2.82843,2.82843,56.88585,57.42822,53.16014,49.47727,53.85165,46.69047,50.21952,49.0408,46.17359,44.27189,44.01136,43.65776,43.9659,44.27189,40.49691,42.95346,42.94182,39.35734,40.16217,43.04649,38.58756,38.94868,39.11521,39.35734,40.31129,41.6173,36.35932,42.04759,40.31129,41.6173,40.80441,38.27532,38.58756,41.67733,38.83298,38.07887,36.71512,40.81666,39.39543,36.23534,39.56008,34.53983,36.13862,32.75668,33.54102,35.1141,27.45906,30.59412,26.30589,24.33105,24.33105,24.5153,25.0,24.08319,23.02173,23.0,15.13275,45.80393,47.50789,50.9902,51.86521,49.64877,46.48656,53.75872,58.87274,58.18935,59.77458,58.0517,62.36986,67.08204,71.70077,69.06519,69.18092,73.10951,70.0,69.02898,70.11419,71.25307,77.16217,71.25307,70.45566,68.88396,65.27634,63.95311,61.18823,63.78871,59.68249,59.5399,59.07622,60.53098,57.42822,57.31492,58.0,58.00862,57.14018,55.00909,57.03508,55.03635,59.3043,56.4358,62.28965,57.55867,54.34151,59.22837,56.88585,61.81424,61.66036,58.24946,61.39218,59.3043,58.0517,61.66036,60.40695,62.36986
9.48683,9.48683,9.48683,9.48683,9.48683,8.544,8.544,8.544,8.544,8.544,7.61577,7.61577,8.06226,8.06226,8.06226,8.06226,7.2111,7.2111,8.06226,8.06226,8.06226,8.06226,7.2111,8.06226,8.06226,7.2111,7.2111,8.06226,8.06226,7.2111,8.06226,8.06226,8.06226,7.61577,7.61577,6.7082,6.32456,7.28011,6.32456,6.32456,6.32456,6.08276,6.08276,5.09902,5.09902,5.09902,5.09902,5.0,5.0,4.0,4.0,4.0,58.89822,50.0,58.5235,52.49762,47.80167,49.0408,44.40721,49.09175,40.80441,43.82921,40.49691,39.96248,46.64762,39.81206,41.23106,41.62932,45.69464,39.56008,38.62642,34.78505,40.80441,37.16181,38.07887,40.8534,40.31129,38.62642,37.94733,37.65634,40.80441,37.64306,35.4683,38.32754,37.0,41.76123,34.48188,42.05948,34.0147,39.21734,38.27532,34.48188,37.16181,34.98571,34.98571,31.38471,35.22783,25.23886,26.62705,27.58623,28.3196,22.62742,23.34524,24.75884,22.02272,21.93171,21.26029,18.02776,19.31321,50.0,50.92151,46.23851,56.85948,54.12024,54.12024,53.0,56.61272,60.46487,56.30275,66.61081,63.82006,69.81404,63.25346,70.76722,65.79514,74.95332,70.83784,72.18033,68.24222,71.28113,70.45566,64.63745,69.63476,68.50547,70.0,68.09552,71.28113,59.36329,65.80274,57.98276,67.1193,59.68249,58.82176,61.84658,58.41233,54.20332,55.31727,60.1415,57.98276,60.10824,55.15433,59.5483,58.79626,59.39697,53.90733,57.31492,59.4138,64.81512,63.78087,60.21628,63.60031,64.66065,55.21775,59.64059,60.80296,61.84658
9.84886,9.84886,9.84886,9.84886,8.94427,8.94427,8.94427,8.94427,8.94427,8.60233,8.60233,8.60233,8.60233,8.60233,8.60233,7.81025,7.81025,7.81025,8.60233,7.81025,8.60233,8.60233,7.81025,8.48528,8.48528,8.48528,8.48528,8.60233,9.21954,7.81025,8.60233,7.81025,8.06226,8.06226,8.06226,7.2111,7.2111,7.61577,7.61577,7.61577,6.32456,6.32456,6.32456,5.38516,5.38516,5.09902,5.09902,5.09902,5.09902,5.09902,4.12311,4.0,58.41233,53.41348,55.47071,52.47857,50.47772,49.64877,48.8774,50.11986,42.05948,41.18252,46.14109,44.28318,42.54409,41.14608,42.95346,37.69615,42.05948,42.05948,39.92493,38.32754,37.36308,39.92493,35.90265,40.80441,37.0,40.02499,36.87818,37.65634,42.2019,41.23106,36.67424,40.4475,40.02499,40.60788,34.48188,41.10961,40.16217,38.27532,36.40055,37.16181,32.69557,32.69557,33.61547,34.98571,33.12099,30.01666,29.20616,33.28663,25.23886,24.75884,21.26029,23.34524,25.45584,22.67157,21.93171,19.20937,20.59126,47.29693,48.76474,52.63079,55.36244,55.65968,55.9464,55.9464,52.83938,56.35601,62.17717,58.00862,64.14047,69.97142,70.17834,73.24616,67.80118,75.60423,72.12489,73.75636,67.89698,70.17834,71.44928,68.24954,69.52697,71.70077,73.10951,66.06815,66.4003,61.61169,64.53681,61.6198,66.21933,64.44377,54.67175,60.1415,58.72819,57.98276,60.20797,57.31492,60.60528,58.89822,57.48913,60.44005,60.03332,60.959,57.3062,61.29437,59.90826,58.83026,58.60034,62.26556,59.94164,62.96825,55.75841,65.73431,59.16925,61.91123
9.21954,8.60233,8.60233,8.60233,8.60233,7.81025,8.06226,8.06226,8.06226,8.06226,8.06226,8.06226,7.61577,7.61577,7.61577,7.61577,7.28011,7.61577,7.28011,7.28011,7.28011,7.28011,7.61577,7.28011,7.28011,7.28011,7.61577,7.28011,7.28011,7.61577,7.28011,7.61577,7.61577,6.7082,6.7082,7.2111,6.7082,5.83095,5.83095,5.83095,5.65685,5.0,5.0,5.0,4.24264,4.24264,4.24264,4.24264,4.24264,3.60555,3.60555,3.60555,54.00926,57.03508,57.07889,57.03508,49.36598,49.16299,51.15662,52.61179,44.28318,43.18565,46.38965,42.57934,46.09772,42.95346,43.56604,42.95346,43.01163,40.5216,38.8973,41.4367,41.14608,41.78516,39.0,39.92493,38.07887,39.21734,38.48376,38.01316,36.76955,37.33631,40.8534,38.27532,38.07887,38.91015,39.0,38.8973,38.07887,34.53983,37.36308,39.81206,37.65634,36.12478,33.54102,34.52535,28.63564,35.01428,30.06659,29.06888,27.29469,28.01785,25.31798,24.02082,23.02173,20.61553,21.2132,21.84033,19.41649,50.53712,47.92703,52.0,54.08327,49.64877,52.88667,52.20153,57.27128,61.39218,59.68249,61.52235,63.28507,67.60178,68.26419,71.0,67.06713,71.02816,74.10803,68.06614,69.35416,70.5762,74.67262,70.0928,70.83078,69.63476,66.91039,67.72001,64.28841,61.03278,63.15061,58.24946,60.01666,63.95311,58.69412,62.39391,59.5399,54.74486,56.0,60.13319,57.0,59.00847,58.00862,61.0082,60.20797,56.00893,62.64982,57.21888,57.21888,62.20129,60.03332,56.00893,60.03332,64.19502,59.13544,61.13101,57.31492,57.21888
9.21954,8.60233,8.48528,7.81025,8.48528,7.81025,7.81025,7.81025,8.48528,7.81025,7.81025,7.81025,7.2111,7.2111,7.2111,7.2111,7.2111,7.2111,6.7082,6.7082,7.2111,6.7082,7.2111,6.7082,7.2111,7.2111,7.2111,7.2111,6.7082,7.2111,6.7082,7.2111,7.2111,7.2111,6.40312,7.07107,6.40312,6.40312,5.65685,5.65685,5.65685,5.0,5.65685,5.0,5.0,4.47214,4.47214,3.60555,3.60555,3.60555,3.16228,3.16228,56.56854,54.23099,53.08484,54.33231,54.08327,50.48762,48.25971,49.16299,45.70558,47.09565,43.01163,43.18565,48.25971,45.17743,43.04649,41.19466,43.28972,40.04997,41.97618,43.56604,42.75512,36.87818,38.60052,40.02499,36.67424,37.64306,39.81206,40.80441,41.48494,38.83298,40.79216,42.19005,36.67424,39.29377,36.67424,36.87818,39.05125,36.12478,39.01282,35.22783,38.01316,37.01351,36.01389,32.01562,33.13608,33.06055,32.75668,26.4764,25.96151,27.29469,23.4094,26.0,20.39608,19.64688,18.97367,19.23538,20.12461,49.98,48.38388,50.69517,54.12947,51.62364,54.74486,54.58938,57.31492,60.29925,61.07373,63.0,66.00758,67.06713,70.11419,68.35934,68.88396,74.8131,72.78049,71.19691,65.73431,70.60453,74.04053,69.57011,68.94926,72.11103,66.40783,67.77905,65.39113,65.0,62.16912,57.58472,61.09828,59.13544,60.72891,60.87693,57.87055,59.22837,54.91812,58.24946,54.58938,62.80127,62.80127,61.52235,60.20797,59.13544,63.12686,62.1289,61.20457,59.13544,61.03278,59.03389,64.07027,60.67125,57.21888,61.40033,64.03124,63.63961
9.84886,9.48683,9.48683,9.48683,9.21954,8.544,8.24621,8.24621,8.24621,8.06226,8.24621,8.06226,8.06226,8.06226,8.06226,8.06226,8.06226,8.06226,8.0,8.0,8.0,8.0,8.06226,8.0,8.0,8.0,8.06226,8.0,8.0,8.06226,8.0,8.06226,8.06226,7.07107,7.28011,7.28011,7.28011,7.28011,6.32456,6.32456,5.38516,5.38516,5.38516,4.47214,4.47214,4.47214,4.47214,4.47214,4.47214,4.47214,3.60555,3.60555,55.7853,52.46904,57.28001,52.61179,53.36666,49.47727,50.0,50.69517,43.32436,48.76474,44.77723,47.12749,43.9659,43.32436,42.37924,43.86342,43.65776,39.35734,39.11521,38.58756,45.65085,39.35734,40.81666,37.21559,35.35534,38.07887,37.58989,41.67733,39.11521,41.88078,43.41659,42.94182,36.71512,40.60788,40.81666,38.27532,40.49691,41.62932,38.47077,38.07887,35.77709,35.69314,36.13862,33.24154,28.79236,34.48188,36.34556,29.61419,29.01724,32.01562,26.07681,26.01922,27.07397,23.19483,22.2036,24.08319,20.88061,50.44799,51.61395,52.20153,56.0803,53.85165,56.79789,55.00909,56.36488,60.41523,64.62198,65.45991,64.84597,68.00735,70.0928,70.21396,72.00694,75.13322,70.45566,71.84706,71.06335,72.00694,76.05919,74.10803,71.02816,72.1734,67.06713,68.35934,72.11103,65.12296,66.0303,62.03225,65.03076,64.0,64.03124,63.03174,60.00833,57.14018,64.38167,56.32051,59.84146,56.4358,62.36986,63.15061,61.18823,59.43904,57.28001,58.85576,59.48109,59.90826,61.18823,59.22837,62.36185,62.58594,61.68468,63.06346,67.35726,60.41523
8.24621,9.21954,8.24621,9.21954,8.24621,8.24621,8.24621,7.07107,7.07107,7.07107,7.07107,7.07107,7.0,7.0,7.0,7.0,7.0,6.0,7.07107,7.07107,7.07107,7.07107,6.0,7.07107,7.07107,7.07107,7.07107,7.07107,7.07107,6.0,7.0,7.0,7.0,7.0,6.08276,6.08276,6.08276,6.08276,6.08276,6.08276,5.38516,5.38516,5.38516,4.47214,4.47214,4.47214,3.60555,4.47214,3.60555,3.60555,3.60555,2.82843,59.07622,51.31277,54.20332,52.7731,50.11986,50.56679,46.04346,48.54894,42.72002,49.09175,40.80441,42.80187,43.60046,37.80212,38.94868,42.80187,39.62323,37.64306,38.18377,37.53665,43.27817,38.94868,41.23106,36.06938,35.4683,37.01351,38.94868,38.01316,39.05125,41.23106,37.48333,44.59821,35.4683,42.0119,34.71311,36.79674,39.69887,41.72529,38.20995,37.01351,35.38361,35.80503,34.4093,33.01515,32.80244,31.7805,28.63564,30.01666,26.92582,25.4951,21.58703,24.04163,21.84033,23.08679,19.92486,20.61553,19.10497,45.80393,46.40043,46.09772,57.28001,50.91169,53.75872,50.44799,54.03702,56.85068,59.64059,60.44005,60.74537,67.80118,68.60029,72.49828,68.15424,70.77429,66.12866,71.69379,73.37575,72.11103,72.03471,65.52099,71.8401,66.94027,69.12308,66.28725,67.08204,61.98387,64.7611,55.7853,61.40033,57.27128,58.94065,60.44005,57.00877,54.70832,58.87274,60.53924,58.60034,59.5063,51.89412,60.41523,58.66856,59.09315,56.4358,58.66856,58.18075,58.66856,57.3062,58.5235,58.5235,60.41523,54.23099,60.74537,59.48109,54.20332
8.60233,8.06226,8.94427,8.06226,8.06226,8.06226,8.06226,7.61577,7.61577,7.61577,7.61577,7.61577,7.28011,7.28011,6.32456,7.28011,6.32456,6.32456,6.08276,6.32456,6.32456,7.07107,6.32456,7.07107,7.07107,6.32456,6.32456,7.07107,7.07107,6.32456,6.32456,6.32456,6.32456,6.32456,6.7082,6.7082,5.83095,5.83095,5.83095,5.83095,5.0,5.0,5.0,4.24264,4.24264,4.24264,4.24264,4.24264,4.24264,3.60555,3.60555,3.60555,53.60037,53.85165,52.49762,52.63079,51.5461,48.27007,47.16991,47.53946,42.04759,43.32436,41.4367,43.38202,40.49691,42.54409,39.39543,40.24922,41.88078,37.44329,38.27532,40.22437,41.34005,38.01316,38.60052,39.05125,36.05551,38.41875,38.41875,35.38361,36.71512,38.60052,40.36087,41.40048,38.28838,37.80212,40.0,39.11521,35.8469,38.58756,37.73592,32.24903,34.0,34.17601,30.88689,32.20248,32.69557,28.4605,29.83287,25.29822,25.0,22.36068,25.70992,26.1725,24.33105,18.43909,18.97367,21.2132,18.11077,49.64877,46.52956,51.0,50.53712,51.47815,53.75872,49.98,55.97321,60.87693,60.44005,61.61169,66.94027,67.18631,71.19691,67.89698,67.18631,74.24284,73.02739,69.26038,71.11259,73.06162,73.24616,67.18631,67.1193,68.35934,71.00704,66.61081,64.28063,62.20129,63.12686,61.66036,61.03278,60.00833,58.03447,57.21888,57.03508,61.0082,58.30952,57.21888,55.9017,59.3043,60.20797,58.69412,57.07013,57.87055,63.78871,57.48913,61.39218,57.27128,58.69412,56.921,61.98387,61.18823,57.27128,58.69412,57.28001,53.60037
9.0,9.0,9.0,9.0,9.0,8.0,8.0,8.0,8.0,8.06226,8.06226,8.06226,8.06226,8.06226,7.07107,8.06226,7.28011,7.28011,7.28011,7.28011,7.28011,7.28011,7.28011,7.28011,7.28011,7.28011,7.28011,8.24621,7.28011,7.28011,7.07107,7.28011,7.07107,7.07107,7.07107,7.0,7.0,7.0,6.0,6.0,6.08276,5.0,6.08276,5.09902,5.09902,4.12311,4.12311,4.12311,4.12311,4.12311,4.12311,3.16228,58.5235,53.33854,55.22681,54.58938,51.0,49.73932,47.50789,50.80354,42.0119,44.77723,42.43819,43.26662,43.01163,40.22437,41.40048,40.45986,44.55334,39.69887,40.60788,35.35534,41.23106,38.18377,38.60052,38.94868,36.76955,38.8973,37.53665,37.20215,38.20995,38.20995,38.94868,41.72529,37.20215,40.0,41.03657,38.20995,38.8973,38.8973,38.28838,39.66106,34.4093,34.1321,31.62278,37.44329,35.80503,29.06888,28.79236,30.8707,25.96151,21.54066,22.80351,21.37756,22.84732,21.18962,22.09072,18.24829,17.02939,49.24429,50.77401,48.54894,52.80152,52.00961,54.20332,54.48853,59.4138,62.2254,56.63921,63.78087,65.29931,68.0147,71.70077,74.88658,69.46222,73.78347,70.71068,70.83078,73.53911,67.77905,76.15773,69.28925,63.69458,67.06713,67.77905,68.00735,72.73239,60.40695,67.77905,62.29767,65.0,57.24509,57.58472,57.58472,58.18075,54.23099,56.85948,57.24509,64.41273,64.41273,57.68882,62.43397,59.90826,60.03332,56.30275,59.68249,58.66856,60.60528,59.68249,55.80323,63.82006,66.88797,55.0,64.3506,63.95311,53.60037
9.48683,9.48683,9.48683,9.48683,9.48683,8.544,9.21954,8.24621,8.24621,8.24621,8.24621,8.24621,8.06226,8.06226,8.06226,8.06226,8.06226,8.06226,8.0,8.0,8.0,8.0,8.06226,8.0,8.0,8.0,8.0,8.0,8.0,8.06226,8.06226,8.06226,8.06226,7.07107,7.07107,7.28011,7.28011,7.28011,6.32456,6.32456,6.32456,5.38516,5.38516,5.38516,5.38516,4.47214,4.47214,4.47214,4.47214,4.47214,3.60555,3.60555,58.5235,55.36244,54.12024,50.69517,49.1935,46.23851,52.80152,48.30114,47.16991,41.62932,44.28318,41.62932,49.24429,39.35734,37.73592,42.94182,40.22437,41.88078,42.19005,38.8973,41.72529,38.60052,37.53665,38.8973,37.53665,38.94868,38.60052,36.12478,36.79674,41.86884,39.69887,38.20995,37.48333,37.01351,39.59798,36.79674,36.79674,40.36087,37.64306,34.66987,36.23534,32.24903,30.01666,34.1321,32.64966,34.98571,28.63564,26.92582,25.29822,26.92582,27.20294,23.76973,20.24846,25.0,20.61553,21.09502,22.0,47.01064,46.61545,50.21952,53.85165,53.0,56.0803,52.80152,60.41523,60.41523,61.7414,65.19202,65.9242,67.1193,68.96376,71.56815,74.1485,73.5459,68.88396,71.58911,70.5762,71.11259,71.34424,71.25307,70.17834,69.02898,65.12296,68.00735,69.0,63.03174,66.0303,61.29437,62.39391,60.13319,57.21888,60.29925,57.70615,57.70615,59.22837,59.43904,59.77458,60.87693,61.03278,58.82176,62.39391,61.35145,58.5235,61.35145,60.53924,61.09828,61.03278,60.40695,62.76942,66.85058,61.46544,58.18075,63.07139,58.87274
9.48683,9.48683,8.544,8.544,7.61577,8.544,7.61577,7.61577,7.61577,6.7082,7.61577,8.06226,7.2111,7.2111,7.2111,7.2111,7.2111,7.2111,7.2111,6.40312,7.2111,6.40312,7.2111,6.40312,7.2111,7.2111,7.2111,7.2111,7.2111,7.2111,7.2111,7.2111,6.40312,6.7082,6.7082,6.7082,6.7082,5.38516,5.38516,5.38516,5.09902,5.09902,4.12311,5.09902,4.12311,4.12311,4.0,4.12311,3.0,3.0,3.0,3.0,56.82429,51.10773,55.07268,52.3259,53.23533,54.12024,43.82921,49.64877,42.48529,50.9902,44.77723,42.37924,43.68066,38.27532,41.76123,43.32436,42.2019,40.02499,40.80441,34.78505,42.75512,39.81206,40.60788,36.40055,41.4367,34.20526,40.02499,41.4367,39.62323,38.32754,38.47077,42.75512,38.83298,42.57934,35.35534,39.29377,40.60788,41.10961,39.05125,40.26164,37.69615,39.21734,33.28663,33.54102,32.69557,29.52965,32.69557,26.83282,28.42534,24.41311,24.83948,24.20744,22.2036,20.51828,19.20937,19.41649,21.09502,46.17359,53.23533,48.37355,55.7315,50.44799,54.91812,54.57105,57.28001,62.29767,58.18935,62.24147,66.21178,66.70832,69.83552,74.43118,68.26419,75.71658,65.73431,76.6094,70.0,71.21798,71.58911,67.47592,67.94115,70.72482,65.76473,65.05382,71.42129,60.1415,67.94115,58.72819,61.55485,61.55485,58.0517,62.80127,61.7171,57.48913,59.20304,56.22277,58.83026,58.30952,58.5235,56.93856,58.13777,59.68249,59.09315,57.24509,58.60034,61.29437,60.37384,61.40033,63.50591,62.26556,55.00909,61.05735,63.28507,59.48109
8.24621,8.24621,8.24621,8.24621,8.24621,7.28011,7.28011,7.61577,7.61577,7.61577,6.7082,6.7082,6.7082,6.7082,6.7082,7.2111,6.40312,5.83095,6.40312,6.40312,5.83095,7.2111,6.40312,6.40312,6.40312,6.40312,6.40312,7.2111,7.2111,6.40312,5.83095,6.7082,6.7082,6.7082,5.83095,5.83095,5.38516,5.38516,5.38516,5.38516,5.09902,5.09902,5.09902,4.12311,4.0,4.0,4.0,4.0,4.0,3.0,3.0,3.16228,58.13777,54.20332,56.0803,51.73973,50.91169,47.50789,46.87217,48.10405,46.2277,42.0119,42.2019,40.0,45.45327,40.31129,41.04875,39.35734,45.61798,42.54409,40.70626,35.35534,41.23106,34.88553,40.31129,38.94868,37.21559,38.01316,37.33631,40.8534,39.81206,40.16217,38.48376,37.12142,35.8469,37.12142,35.35534,38.58756,37.57659,40.60788,39.11521,35.80503,33.6006,28.6007,32.64966,34.65545,32.55764,24.20744,30.80584,29.69848,23.85372,21.40093,22.47221,20.12461,22.80351,19.72308,23.25941,18.38478,16.76305,47.16991,45.70558,47.29693,50.28916,46.57252,52.55473,54.12024,52.83938,60.03332,57.24509,63.97656,63.13478,64.49806,69.97142,69.06519,65.76473,69.42622,67.20863,67.20863,73.75636,67.47592,73.10951,66.21933,71.70077,68.60029,67.80118,64.07027,68.00735,62.00806,65.45991,58.41233,65.0,58.00862,61.03278,54.81788,57.62812,53.2635,55.15433,55.15433,59.39697,59.5483,54.03702,57.98276,62.36986,56.72742,56.56854,59.03389,58.25805,63.70243,60.87693,59.81639,56.72742,62.36986,58.72819,61.40033,60.44005,55.22681
10.19804,9.21954,9.48683,9.21954,9.21954,8.24621,8.544,8.544,8.544,8.544,8.544,8.544,8.94427,8.94427,7.61577,8.06226,8.06226,8.06226,8.06226,8.06226,8.06226,8.06226,7.2111,8.60233,8.06226,8.06226,8.06226,8.06226,8.06226,8.06226,8.06226,8.06226,8.06226,7.61577,7.61577,7.61577,7.61577,7.28011,7.28011,7.28011,6.32456,6.32456,6.08276,5.09902,5.09902,5.09902,5.0,5.0,5.0,5.0,4.0,4.0,51.73973,54.56189,51.22499,53.8145,53.41348,47.63402,49.20366,48.16638,40.60788,41.67733,45.0,41.23106,42.72002,38.58756,38.07887,39.96248,43.86342,44.29447,41.18252,39.82462,40.16217,35.77709,37.33631,39.39543,39.81206,36.40055,36.05551,38.8973,39.56008,39.56008,37.64306,39.56008,35.1141,38.60052,34.48188,39.39543,37.16181,38.91015,38.48376,35.8469,35.8469,31.38471,35.22783,32.24903,30.52868,32.01562,27.58623,30.80584,24.04163,25.4951,22.02272,22.62742,26.24881,24.83948,22.02272,19.41649,18.97367,47.16991,48.30114,54.56189,52.69725,50.80354,51.97115,52.20153,59.81639,63.24555,59.03389,63.89053,63.78087,70.17834,71.42129,70.17834,71.21798,74.65253,73.81734,69.52697,71.86793,69.11584,79.25907,72.40166,66.88797,69.97142,70.3278,66.64833,64.41273,68.88396,60.53924,59.16925,60.53924,58.30952,59.36329,59.07622,57.62812,58.41233,60.44005,61.52235,61.52235,58.25805,57.98276,57.28001,63.25346,55.22681,57.31492,55.86591,58.0,57.48913,63.89053,58.25805,64.53681,59.03389,58.0,63.65532,59.66574,61.03278
9.43398,8.60233,8.60233,8.60233,8.06226,7.2111,7.81025,7.81025,7.81025,7.81025,7.81025,7.07107,7.07107,7.07107,7.07107,6.40312,6.40312,6.40312,6.40312,6.40312,6.40312,6.40312,6.40312,6.40312,6.40312,6.40312,6.40312,6.40312,6.40312,6.40312,6.40312,7.07107,7.07107,6.40312,5.65685,5.65685,6.40312,5.83095,5.83095,5.83095,5.0,4.47214,4.47214,4.47214,4.47214,4.47214,4.12311,4.12311,3.16228,3.16228,3.0,3.0,57.58472,51.24451,54.57105,51.66237,51.41984,48.08326,49.24429,50.28916,46.57252,43.73786,41.7732,40.4475,44.40721,44.40721,41.10961,41.19466,47.09565,41.01219,38.0,38.0526,41.19466,40.0125,37.21559,39.01282,39.11521,42.0119,35.01428,37.21559,42.42641,40.04997,43.10452,39.11521,40.04997,40.1995,35.35534,41.01219,37.01351,42.0119,40.0125,36.22154,38.11824,35.0571,31.257,33.24154,33.24154,31.7805,27.89265,29.73214,25.96151,25.0,24.69818,22.2036,24.35159,21.18962,21.54066,18.02776,15.81139,48.01042,45.01111,52.03845,50.15974,49.49747,52.46904,53.46027,54.12947,59.22837,60.44005,64.28841,62.29767,67.05222,67.06713,68.02941,68.942,71.58911,69.97142,68.47627,70.49113,71.56116,74.09453,67.00746,68.50547,67.80118,71.28113,67.42403,64.2028,59.66574,63.24555,61.03278,60.0,61.03278,59.36329,58.5235,59.64059,52.35456,57.3062,60.37384,57.69749,59.61543,59.13544,57.00877,57.58472,56.64804,52.55473,62.03225,56.921,59.77458,61.03278,60.72891,57.72348,59.13544,54.40588,61.03278,62.64184,63.06346
10.04988,10.04988,9.05539,9.05539,9.05539,9.05539,9.05539,8.06226,8.06226,8.06226,8.24621,8.24621,8.24621,7.28011,7.28011,8.544,7.28011,7.28011,7.61577,7.28011,7.28011,7.61577,7.61577,7.61577,7.61577,7.61577,7.61577,7.61577,7.61577,7.61577,7.28011,7.28011,7.28011,7.28011,7.07107,7.07107,7.07107,6.08276,6.08276,6.0,6.0,6.0,6.0,6.0,5.09902,5.09902,5.09902,5.09902,4.12311,4.12311,4.12311,4.12311,55.86591,56.56854,53.2635,53.8145,51.08816,48.82622,46.40043,46.01087,47.01064,41.86884,40.0,44.77723,44.77723,39.20459,41.67733,45.65085,41.88078,39.40812,38.94868,39.0,44.94441,39.82462,38.07887,35.34119,35.8469,35.34119,35.4683,39.39543,37.57659,39.0,37.33631,41.23106,36.76955,38.91015,38.07887,36.24914,37.21559,36.23534,39.82462,36.23534,39.44617,33.42155,33.01515,30.41381,34.05877,30.4795,30.41381,29.73214,26.1725,23.34524,22.02272,21.93171,17.49286,19.84943,15.81139,21.47091,15.81139,45.60702,45.88028,45.69464,50.53712,54.12024,56.82429,53.7122,55.22681,58.83026,59.07622,62.20129,63.60031,69.42622,69.42622,72.12489,66.52819,71.42129,68.68042,72.18033,73.40981,70.60453,73.78347,68.24222,65.19202,71.69379,67.74216,67.74216,67.95587,59.16925,64.66065,60.74537,62.26556,61.05735,57.14018,58.60034,58.25805,54.20332,57.48913,58.25805,58.72819,58.72819,58.0517,60.10824,56.56854,59.39697,58.00862,62.62587,60.959,60.30755,63.63961,60.30755,59.03389,65.19202,60.82763,59.5483,60.10824,63.12686
8.48528,8.48528,8.48528,8.48528,7.81025,8.48528,7.81025,7.07107,7.07107,7.07107,7.81025,7.2111,7.2111,7.2111,7.2111,7.2111,6.7082,6.7082,7.2111,7.2111,7.2111,7.2111,6.7082,6.7082,6.7082,6.7082,6.7082,7.2111,7.2111,6.7082,7.2111,6.40312,6.40312,6.40312,6.40312,6.40312,6.40312,5.65685,5.65685,5.0,5.0,5.0,5.0,5.0,4.47214,3.60555,3.60555,4.12311,3.16228,3.16228,3.16228,3.16228,56.22277,54.58938,58.30952,50.35871,52.03845,46.09772,45.01111,48.01042,46.01087,43.04649,41.04875,42.10701,45.09989,43.18565,38.11824,42.04759,42.42641,41.59327,43.28972,40.31129,37.65634,41.0,40.02499,42.44997,40.26164,39.29377,36.67424,39.62323,41.0,38.27532,36.67424,40.26164,36.40055,37.10795,35.44009,38.63936,39.81206,41.4367,41.10961,36.12478,35.35534,34.05877,36.05551,37.21559,34.0147,30.0,29.06888,31.32092,24.33105,25.31798,21.84033,19.41649,23.76973,21.09502,22.13594,20.61553,20.61553,48.05206,50.21952,48.05206,54.33231,50.35871,48.01042,53.03772,61.07373,61.03278,60.13319,63.12686,64.28063,67.60178,67.26812,66.28725,65.73431,69.63476,71.06335,68.68042,72.44998,70.5195,73.73602,73.40981,70.77429,67.08204,70.66116,63.06346,66.24198,62.24147,67.1193,60.83584,61.09828,64.2573,60.00833,55.36244,58.94065,56.04463,54.40588,57.72348,54.34151,58.82176,56.7186,55.9017,59.84146,58.54912,55.0,57.31492,58.30952,58.07753,58.69412,61.40033,57.70615,60.29925,59.5399,61.29437,55.08176,56.32051
10.19804,10.19804,9.21954,9.21954,9.21954,9.05539,9.05539,8.06226,8.06226,8.06226,8.06226,8.0,8.0,8.0,8.0,8.0,8.0,8.0,7.0,8.0,7.0,8.0,8.06226,7.07107,8.0,8.06226,8.06226,7.0,8.0,8.0,7.0,8.0,7.0,7.0,7.07107,8.06226,7.07107,7.07107,6.32456,6.32456,6.32456,6.32456,5.38516,5.38516,5.38516,5.38516,5.38516,4.47214,4.47214,4.47214,5.0,4.47214,57.24509,50.69517,49.1935,52.47857,56.0803,45.79301,55.75841,46.14109,52.47857,48.01042,44.41846,45.48626,43.41659,44.20407,39.69887,41.40048,42.2019,38.20995,41.10961,40.36087,39.82462,41.7732,40.31129,35.38361,36.23534,38.28838,41.7732,39.20459,42.42641,38.27532,38.41875,39.62323,41.01219,34.65545,38.8973,39.40812,37.64306,39.66106,34.82815,39.05125,36.23534,36.40055,34.66987,33.61547,28.23119,31.62278,29.15476,31.32092,27.85678,25.96151,22.47221,23.08679,22.09072,19.41649,19.92486,18.68154,18.0,48.54894,46.40043,52.80152,54.45181,59.46427,53.07542,53.03772,59.20304,63.41136,61.61169,64.40497,66.21933,70.80254,70.71068,69.77105,71.11259,72.44998,73.40981,72.01389,70.5195,73.76313,73.37575,73.4983,70.34202,72.27724,73.76313,68.68042,65.30697,67.91171,61.84658,63.32456,60.72891,58.94065,60.41523,57.00877,57.87055,55.36244,60.41523,57.38467,62.16912,59.61543,59.9333,61.26989,59.5399,59.5399,63.13478,64.88451,61.40033,64.14047,63.95311,63.28507,63.13478,60.92618,61.91123,60.03332,61.77378,62.76942
10.29563,9.43398,9.43398,9.43398,9.43398,8.60233,8.60233,8.60233,7.81025,8.60233,8.60233,7.81025,7.81025,7.81025,7.81025,8.48528,7.07107,7.81025,7.81025,8.48528,8.48528,8.48528,7.81025,8.48528,8.48528,7.81025,7.81025,8.48528,8.48528,7.81025,7.81025,8.48528,7.81025,7.81025,7.81025,7.2111,7.2111,6.7082,6.7082,6.7082,5.83095,5.83095,6.32456,5.38516,5.38516,5.38516,5.38516,5.09902,5.09902,5.09902,4.12311,4.12311,55.07268,54.626,53.45091,46.48656,52.20153,51.07837,49.39636,47.53946,45.22168,40.80441,46.23851,44.59821,44.64303,43.17407,40.26164,36.49658,43.56604,42.29657,38.20995,37.12142,40.11234,37.21559,38.01316,39.11521,39.05125,40.04997,39.01282,41.01219,38.0,38.01316,36.12478,35.0571,38.01316,40.0,37.0,38.01316,39.01282,40.4475,41.0,36.40055,37.12142,31.04835,38.32754,36.40055,33.95585,31.30495,29.73214,33.83785,22.84732,25.05993,24.69818,24.18677,21.9545,20.59126,21.09502,24.41311,20.0,52.15362,49.36598,54.33231,54.33231,55.9017,53.15073,55.08176,57.56735,61.35145,61.98387,61.68468,68.02941,70.5762,73.1642,72.00694,71.19691,76.15773,77.38863,72.67049,72.00694,67.62396,75.80237,74.41102,71.58911,69.52697,73.24616,70.0928,65.8559,67.88225,65.11528,63.65532,63.03174,61.6198,61.40033,64.2028,58.60034,56.85948,58.5235,55.56978,59.5399,58.30952,60.83584,59.9333,63.63175,57.69749,59.94164,63.50591,61.46544,62.96825,65.79514,60.92618,62.93648,63.50591,62.24147,63.89053,63.15853,58.30952
8.24621,8.06226,8.06226,8.06226,8.06226,7.07107,7.07107,7.0,7.0,7.0,7.07107,7.0,7.0,6.0,6.0,6.0,6.08276,6.08276,6.08276,6.08276,6.08276,6.08276,6.08276,6.08276,6.08276,6.08276,6.08276,6.08276,6.08276,6.08276,6.08276,6.08276,6.08276,6.0,6.0,6.0,6.08276,6.08276,5.09902,5.09902,5.09902,4.12311,5.09902,4.12311,4.12311,3.16228,4.47214,4.47214,3.60555,3.60555,3.60555,2.82843,60.30755,56.72742,58.89822,51.73973,49.51767,50.24938,43.27817,50.91169,43.18565,45.34314,43.27817,41.88078,42.2019,41.6173,40.22437,40.49691,41.34005,37.12142,38.83298,37.58989,42.05948,38.91015,38.62642,35.34119,39.0,41.59327,37.33631,42.05948,38.07887,37.57659,37.58989,41.67733,40.71855,37.0,33.54102,41.67733,37.21559,36.24914,37.21559,34.05877,35.0,35.22783,37.53665,33.6006,33.24154,28.28427,29.0,26.87006,26.40076,25.0,22.62742,21.47091,20.59126,21.09502,21.09502,17.88854,22.36068,45.12206,50.28916,44.77723,56.46238,50.08992,56.36488,51.42956,57.24509,61.91123,56.93856,62.42596,63.60031,65.60488,69.42622,70.00714,65.79514,75.66373,67.62396,70.0928,74.51845,70.29225,74.06079,67.42403,69.33974,69.11584,66.88797,64.40497,67.41662,57.98276,66.57327,58.83026,61.91123,58.24946,58.41233,60.80296,59.64059,56.22277,57.48913,58.79626,58.0,62.24147,56.58622,57.38467,57.28001,60.30755,59.03389,57.31492,58.0517,59.4138,58.13777,57.48913,59.4138,62.24147,55.86591,58.89822,64.38167,59.46427
9.84886,8.94427,8.94427,8.94427,8.06226,8.06226,8.06226,8.06226,8.06226,7.2111,7.2111,7.81025,7.81025,7.81025,6.40312,7.81025,7.07107,7.07107,7.07107,7.07107,7.07107,7.07107,7.07107,7.07107,7.07107,7.07107,7.07107,7.07107,7.07107,7.07107,7.07107,7.07107,7.07107,6.40312,7.2111,7.2111,6.40312,5.83095,5.83095,5.0,5.38516,5.38516,4.47214,4.47214,4.47214,4.47214,4.12311,3.16228,4.12311,3.16228,3.16228,3.0,51.86521,53.85165,50.08992,52.47857,53.53504,49.39636,46.32494,48.76474,43.82921,42.94182,46.61545,46.51881,43.46263,37.21559,39.92493,37.10795,44.94441,37.64306,39.0,40.26164,42.95346,37.36308,36.87818,38.07887,38.32754,38.83298,35.90265,37.33631,38.60052,40.31129,42.75512,38.83298,38.8973,38.32754,40.31129,37.16181,38.27532,38.62642,33.24154,42.05948,38.62642,36.24914,35.35534,33.10589,28.30194,31.06445,28.42534,26.40076,25.0,24.75884,24.69818,25.80698,20.51828,22.80351,24.20744,22.67157,19.10497,47.04253,46.09772,51.0098,53.33854,50.01,54.57105,56.08921,56.32051,57.87055,60.08328,64.19502,65.78754,69.64194,69.35416,68.42514,70.71068,68.60029,72.42237,69.06519,70.0,70.80254,73.10951,68.11755,69.81404,69.52697,71.58911,65.06919,67.17887,63.78087,59.66574,59.4138,61.55485,61.52235,57.28001,58.79626,58.0517,59.81639,58.83026,54.6443,58.83026,58.5235,57.3062,60.90156,62.26556,56.4358,58.83026,56.0803,59.5063,54.20332,61.40033,61.29437,58.60034,56.82429,60.41523,60.16644,56.36488,63.13478
9.21954,9.21954,8.60233,8.60233,7.81025,7.81025,7.81025,7.81025,7.81025,7.2111,8.06226,8.06226,7.61577,6.7082,6.7082,7.61577,7.61577,6.7082,7.61577,7.61577,6.7082,6.7082,6.7082,7.28011,7.28011,7.61577,7.61577,7.61577,7.61577,6.7082,6.7082,6.7082,6.7082,6.7082,6.40312,6.40312,6.40312,6.40312,6.40312,5.65685,5.65685,5.65685,5.0,4.24264,5.0,3.60555,3.60555,3.60555,3.60555,3.60555,3.60555,3.16228,54.81788,49.81967,55.57877,48.6621,48.25971,51.78803,42.19005,47.67599,40.04997,49.36598,44.01136,46.01087,46.04346,38.0526,43.01163,42.10701,42.0119,39.05125,41.10961,37.05401,45.27693,39.45884,40.26164,36.34556,43.28972,39.81206,35.22783,37.85499,37.33631,40.79216,35.69314,43.10452,38.11824,40.4475,38.32754,41.01219,33.24154,38.20995,37.05401,37.01351,36.12478,38.11824,33.37664,31.06445,32.75668,27.51363,33.24154,27.45906,26.30589,27.85678,26.0,21.47091,24.04163,19.31321,21.0238,20.0,20.51828,46.23851,47.43416,49.47727,55.54278,50.9902,54.58938,59.68249,57.21888,61.40033,61.03278,66.00758,65.0,65.0,69.26038,71.56815,67.08204,73.82412,66.75328,74.33034,70.60453,67.91171,74.94665,65.45991,72.44998,70.5762,69.64194,65.39113,69.31811,63.52952,65.55151,57.00877,56.921,61.68468,57.72348,68.54196,60.87693,51.78803,49.49747,61.61169,63.78871,66.94027,59.5399,57.55867,60.13319,47.67599,63.00794,53.23533,55.08176,57.21888,57.55867,69.0,64.19502,65.19202,45.35416,57.07013,64.38167,61.0082
9.43398,9.43398,8.60233,8.60233,8.60233,8.06226,8.60233,7.81025,7.81025,7.81025,7.81025,7.81025,7.07107,7.07107,7.07107,7.81025,7.81025,7.81025,7.2111,6.40312,6.40312,7.2111,7.81025,7.2111,7.2111,7.81025,7.81025,7.2111,7.2111,7.81025,6.40312,6.40312,6.40312,6.40312,7.07107,7.07107,6.40312,6.40312,5.65685,5.0,5.83095,5.0,5.0,4.47214,4.47214,4.47214,4.47214,3.60555,3.60555,3.16228,3.16228,3.16228,61.46544,56.64804,51.92302,55.08176,51.24451,52.49762,50.28916,50.21952,45.12206,45.22168,44.14748,44.40721,46.17359,43.73786,41.7732,41.10961,43.93177,42.0,39.05125,38.0,44.0,41.0,35.0571,39.0,39.0,36.0,40.0,39.01282,41.04875,40.11234,40.11234,43.04649,34.1321,43.10452,39.05125,39.01282,37.12142,33.01515,38.01316,38.11824,37.05401,38.32754,32.75668,36.34556,29.42788,34.20526,32.28002,26.92582,28.79236,27.51363,26.92582,25.07987,21.93171,21.9545,21.26029,21.09502,22.02272,50.35871,50.24938,50.01,56.0803,55.14526,52.7731,59.5399,57.70615,61.81424,59.43904,66.09841,67.05222,69.26038,72.44998,71.30919,71.58911,76.96753,69.77822,73.92564,77.89737,72.40166,76.8505,74.09453,71.84706,71.8401,72.11103,68.24954,68.24222,66.4003,64.63745,59.64059,63.81222,58.82176,58.30952,62.26556,61.91123,56.82429,59.03389,57.3062,56.35601,57.93962,59.46427,60.40695,58.87274,58.18935,65.80274,66.21933,64.56005,62.64184,60.08328,62.93648,62.29767,63.56886,57.72348,66.09841,62.93648,60.44005
8.48528,8.48528,8.48528,8.48528,8.48528,7.81025,7.81025,7.2111,7.2111,7.81025,7.2111,7.2111,7.2111,6.40312,6.40312,6.7082,6.7082,6.7082,6.7082,6.7082,6.7082,6.7082,6.7082,6.7082,6.7082,6.7082,6.7082,6.7082,6.7082,6.7082,5.83095,7.2111,7.2111,6.40312,5.83095,6.40312,6.40312,5.65685,5.65685,5.0,5.65685,4.24264,5.0,4.24264,4.24264,3.60555,3.60555,3.60555,3.16228,3.16228,3.16228,3.16228,53.0,56.0803,53.0,52.08647,48.0,47.16991,49.0408,47.0,47.04253,46.01087,40.31129,41.10961,42.42641,41.30375,43.10452,39.62323,44.55334,41.7732,39.81206,40.5216,40.26164,36.05551,37.94733,41.97618,40.49691,39.84972,33.95585,40.16217,39.29377,40.80441,40.16217,37.36308,38.27532,39.56008,34.48188,40.31129,40.02499,40.79216,36.67424,37.64306,36.34556,32.01562,34.05877,35.12834,32.01562,29.06888,25.31798,31.06445,22.02272,25.07987,24.18677,25.70992,21.58703,24.04163,22.13594,21.18962,18.38478,48.8774,47.75982,49.0408,54.12024,53.45091,55.02727,56.75385,57.07013,58.24946,59.68249,63.28507,63.12686,69.11584,68.0,70.00714,70.02857,70.11419,68.06614,71.25307,67.60178,70.21396,73.34848,69.37579,71.56815,69.28925,68.41053,63.90618,66.40783,65.25335,64.84597,56.61272,64.03124,61.18823,57.48913,58.85576,59.84146,53.33854,58.24946,54.91812,59.5399,55.3263,58.03447,58.0,59.03389,57.07889,57.31492,56.0,56.22277,59.13544,61.0,61.13101,58.00862,59.03389,60.0,59.03389,61.0082,58.00862
9.84886,9.84886,9.84886,9.84886,8.94427,8.544,8.544,8.544,8.544,8.544,8.544,8.24621,8.544,7.28011,8.24621,8.06226,8.06226,8.06226,8.06226,7.07107,8.06226,8.06226,8.06226,8.06226,8.24621,8.06226,8.06226,8.24621,8.06226,8.06226,7.28011,7.28011,7.28011,7.28011,7.28011,7.28011,7.28011,6.7082,6.7082,6.7082,6.7082,6.7082,5.83095,5.83095,5.83095,5.0,5.0,5.0,5.0,4.24264,4.24264,4.24264,55.9017,54.23099,50.35871,51.97115,52.7731,46.32494,51.41984,51.1957,49.72927,41.23106,39.29377,39.92493,41.62932,40.80441,39.0,40.8534,42.37924,40.24922,39.0,41.14608,39.11521,39.66106,38.58756,38.58756,41.04875,41.67733,42.19005,38.27532,41.04875,38.83298,35.8469,40.49691,40.49691,38.94868,42.05948,39.81206,40.70626,35.34119,38.01316,34.17601,35.73514,29.41088,33.95585,28.63564,25.96151,31.62278,29.12044,29.83287,24.5153,25.17936,21.37756,22.02272,25.07987,21.09502,17.26268,21.58703,19.10497,49.92995,49.1935,55.9464,54.08327,52.92447,53.7122,57.93962,60.74537,61.35145,62.64184,64.32729,71.02112,71.38627,73.43705,68.18358,70.02857,69.46222,75.05998,68.06614,72.02777,72.02777,79.30952,75.32596,68.593,67.74216,69.26038,69.72087,68.73136,64.93843,64.38167,60.20797,60.29925,62.20129,60.13319,59.13544,57.00877,59.00847,59.03389,58.07753,62.20129,62.20129,61.52235,56.22277,64.62971,53.75872,65.25335,63.63961,58.46366,60.01666,63.78871,59.4138,64.13267,61.98387,58.24946,65.76473,60.63827,60.20797
9.21954,8.24621,8.24621,8.24621,8.06226,8.06226,8.06226,8.06226,8.06226,7.0,7.0,7.0,7.0,7.0,7.0,7.07107,7.07107,7.07107,7.07107,7.07107,7.07107,7.07107,7.07107,7.07107,7.07107,7.07107,7.07107,7.07107,7.07107,7.07107,6.08276,7.0,6.0,6.0,7.0,7.0,6.0,6.08276,6.08276,5.09902,5.09902,5.09902,4.12311,4.12311,4.12311,4.12311,4.12311,3.16228,3.16228,3.60555,3.16228,3.60555,54.6443,56.61272,52.69725,51.40039,53.25411,50.77401,49.92995,47.80167,45.45327,44.41846,43.27817,44.20407,43.18565,42.44997,41.72529,41.03657,44.59821,42.52058,41.10961,41.01219,39.40812,38.20995,38.41875,40.0,38.20995,38.41875,38.41875,38.01316,38.18377,34.1321,41.04875,42.80187,41.03657,39.20459,38.41875,35.38361,38.94868,38.8973,38.20995,33.42155,33.94113,37.01351,32.44996,34.05877,31.90611,32.01562,28.17801,27.29469,26.07681,23.85372,25.63201,25.94224,20.12461,23.34524,20.12461,19.23538,22.80351,48.76474,49.09175,49.92995,55.21775,51.31277,53.2635,54.56189,57.31492,60.82763,62.24147,67.26812,67.35726,65.94695,70.60453,63.82006,69.33974,69.64194,71.11962,70.71068,69.31811,68.8767,72.61543,68.35203,68.942,69.57011,68.62215,65.45991,63.60031,63.89053,65.55151,61.03278,60.44005,58.87274,59.09315,60.40695,56.46238,55.47071,54.12024,55.9017,57.80138,55.75841,60.20797,58.5235,63.28507,55.60576,59.36329,57.42822,56.0357,57.45433,57.14018,54.91812,56.61272,55.80323,56.0357,61.85467,58.00862,58.60034
10.0,9.21954,9.21954,9.21954,9.21954,8.60233,8.60233,8.60233,8.60233,8.60233,8.06226,8.06226,8.06226,8.06226,8.06226,7.61577,7.61577,7.61577,7.61577,7.61577,7.61577,7.61577,7.61577,7.61577,7.61577,7.61577,7.61577,7.61577,7.61577,7.61577,8.06226,8.06226,8.06226,8.06226,7.2111,7.2111,7.2111,7.2111,6.40312,6.40312,6.40312,6.40312,5.65685,5.65685,5.65685,5.65685,5.65685,5.0,5.0,5.0,5.0,3.60555,55.57877,53.75872,50.80354,50.80354,48.50773,50.48762,49.24429,43.73786,41.30375,43.93177,42.2019,44.38468,46.48656,43.32436,42.37924,39.56008,43.08132,42.04759,37.69615,40.71855,34.0147,37.58989,36.67424,36.89173,35.77709,42.72002,34.48188,38.94868,40.24922,37.44329,35.8469,40.31129,37.21559,44.41846,36.71512,35.1141,39.39543,37.57659,35.1141,33.24154,31.01612,33.95585,34.48188,31.04835,30.59412,32.75668,29.0,31.01612,25.01999,26.1725,23.0,21.0238,24.02082,21.09502,21.84033,18.0,21.37756,49.81967,50.80354,51.61395,54.40588,52.47857,55.03635,55.00909,57.70615,60.83584,62.76942,61.98387,67.44627,69.89278,72.53275,69.2315,72.56721,72.83543,74.33034,75.32596,72.33948,69.18092,77.05842,70.02857,70.00714,73.06162,67.0,67.18631,63.3877,68.26419,66.0303,60.07495,64.19502,62.1289,61.03278,61.0082,60.00833,58.21512,60.13319,57.03508,61.0,59.3043,61.66036,57.87055,60.01666,57.31492,58.42089,55.31727,57.72348,61.18823,65.52099,59.68249,60.41523,58.69412,63.78871,63.56099,62.64982,56.88585
9.05539,9.05539,8.06226,9.05539,8.0,8.0,7.0,8.0,7.0,7.0,7.07107,7.07107,7.07107,7.07107,7.07107,7.07107,7.28011,6.08276,7.07107,6.08276,7.07107,7.07107,6.32456,6.32456,7.28011,7.28011,7.28011,6.08276,7.07107,7.28011,6.08276,6.08276,6.08276,6.08276,7.07107,6.08276,6.0,6.0,5.0,5.0,5.09902,5.09902,4.0,5.09902,4.12311,4.12311,4.12311,3.16228,3.16228,3.16228,3.16228,3.16228,53.48832,57.87055,54.42426,48.46648,53.7122,49.33559,53.7122,46.8188,45.69464,45.88028,44.72136,42.94182,46.52956,42.48529,39.44617,40.22437,41.18252,38.27532,40.49691,43.01163,41.10961,39.20459,37.53665,35.80503,39.82462,38.58756,39.66106,38.28838,39.05125,38.8973,41.23106,40.60788,38.83298,36.12478,37.80212,37.44329,40.80441,36.61967,38.47077,38.01316,39.66106,34.48188,31.7805,35.4683,32.57299,31.38471,30.08322,29.83287,25.63201,22.80351,23.76973,23.08679,23.34524,23.02173,20.02498,19.0263,20.0,51.62364,45.45327,48.16638,52.43091,53.25411,50.47772,52.83938,55.07268,61.29437,63.13478,60.16644,66.21178,68.70953,71.86793,70.5195,69.37579,70.0928,71.80529,66.48308,68.44706,69.58448,72.44308,69.72087,68.06614,72.06247,67.06713,66.0303,65.00769,63.03174,60.29925,62.0,59.21149,58.13777,58.13777,59.5399,56.88585,54.12947,57.27128,55.9017,59.66574,56.51548,55.36244,57.24509,61.09828,52.81098,54.40588,56.75385,54.78138,55.97321,58.18935,59.80803,61.32699,63.56886,55.65968,61.03278,58.5235,62.62587
10.29563,9.43398,9.43398,8.94427,9.43398,8.06226,8.06226,8.06226,8.06226,8.60233,8.60233,7.81025,7.81025,7.81025,7.81025,8.48528,7.81025,7.81025,7.07107,7.81025,7.81025,7.81025,7.07107,7.81025,8.48528,7.81025,7.81025,8.48528,8.48528,8.48528,7.81025,7.81025,7.81025,7.81025,7.2111,7.2111,7.2111,7.2111,6.7082,6.7082,5.83095,5.83095,5.38516,5.38516,5.38516,5.38516,5.38516,5.09902,5.09902,4.12311,4.12311,4.12311,51.92302,52.81098,56.7186,49.64877,47.16991,47.67599,47.85394,46.09772,46.87217,41.19466,43.10452,38.0526,41.0,41.01219,37.0,40.4475,41.04875,42.04759,41.04875,36.05551,41.10961,34.36568,36.34556,41.0,36.34556,39.11521,35.17101,39.05125,41.0,40.5216,36.22154,40.4475,41.97618,37.65634,36.13862,36.87818,37.48333,37.01351,39.05125,36.01389,33.0,29.01724,33.0,31.01612,32.14032,30.0,29.27456,30.67572,25.4951,24.73863,21.37756,22.84732,22.56103,22.13594,23.70654,18.78829,23.32381,47.09565,49.0102,47.01064,52.08647,51.24451,54.23099,55.22681,58.69412,60.82763,61.98387,61.39218,67.68309,69.05071,72.12489,70.2282,67.77905,72.11103,71.11259,72.01389,72.44998,72.00694,69.35416,69.83552,70.83078,68.7968,68.60029,66.88797,68.26419,66.03787,64.49806,62.1289,63.81222,58.83026,58.13777,57.27128,56.79789,52.92447,57.27128,58.5235,58.82176,63.32456,58.24088,56.61272,60.16644,58.24088,61.39218,60.87693,57.87055,60.01666,59.66574,59.22837,58.85576,57.87055,57.97413,62.58594,63.50591,60.01666
8.60233,8.06226,8.06226,8.06226,7.2111,7.2111,6.7082,6.7082,6.7082,6.7082,6.7082,6.7082,6.7082,6.32456,6.32456,6.32456,6.32456,6.32456,6.32456,6.32456,6.32456,6.08276,6.08276,6.08276,6.32456,6.08276,6.08276,6.32456,6.32456,6.08276,6.32456,6.32456,6.32456,5.38516,6.32456,5.38516,5.83095,5.0,5.0,5.0,5.0,5.0,4.24264,4.24264,4.24264,3.60555,4.24264,3.60555,2.82843,3.60555,3.60555,2.23607,56.56854,57.21888,54.58938,52.46904,52.34501,53.15073,50.21952,43.41659,46.32494,49.0306,44.27189,44.27189,39.84972,43.01163,43.17407,43.46263,42.2019,41.23106,40.8534,39.39543,42.54409,37.33631,38.47077,35.77709,39.81206,39.0,39.39543,40.71855,38.60052,37.58989,42.05948,39.0,43.08132,39.84972,39.0,37.33631,37.33631,41.78516,41.76123,38.91015,34.20526,36.87818,36.22154,33.24154,34.0,33.06055,31.0,26.01922,27.01851,25.01999,25.01999,24.08319,22.36068,22.13594,17.72005,19.31321,18.43909,49.0408,47.63402,50.44799,57.80138,51.10773,57.24509,59.16925,58.83026,61.26989,62.39391,66.7308,64.56005,68.00735,70.0928,68.88396,71.02112,70.45566,71.44928,70.85901,74.54529,72.56032,72.11103,72.02777,74.00676,67.26812,71.25307,66.48308,67.00746,66.1211,64.07027,61.13101,63.03174,60.0,61.20457,60.07495,57.03508,54.03702,58.00862,53.0,58.30952,59.13544,58.85576,58.42089,62.16912,58.0517,58.24946,55.54278,60.20797,59.03389,62.16912,60.67125,63.34824,56.32051,59.03389,62.80127,62.96825,59.03389
9.05539,9.21954,8.24621,8.06226,8.06226,8.24621,8.24621,8.24621,7.28011,7.28011,7.28011,7.61577,7.61577,7.61577,7.61577,7.61577,7.61577,6.7082,6.7082,6.7082,6.7082,6.7082,6.7082,7.2111,6.7082,7.2111,7.2111,6.7082,7.2111,6.7082,6.7082,6.7082,6.7082,6.7082,6.7082,6.32456,6.32456,5.38516,5.09902,5.09902,5.09902,5.09902,5.09902,5.09902,4.12311,4.0,4.0,4.0,3.0,3.0,3.0,3.0,60.30755,58.79626,54.67175,50.93133,51.66237,54.48853,49.49747,44.82187,45.27693,48.16638,44.04543,46.75468,43.27817,40.36087,40.36087,46.2277,45.45327,41.6173,38.27532,40.49691,44.29447,41.34005,42.19005,38.58756,33.28663,39.11521,37.58989,37.21559,36.67424,38.48376,38.94868,41.62932,40.24922,38.01316,38.01316,33.83785,36.61967,37.44329,34.66987,38.07887,38.01316,37.20215,34.65545,31.14482,34.71311,31.89044,27.20294,29.06888,28.3196,28.6007,27.58623,26.24881,22.67157,23.32381,20.80865,21.09502,22.47221,49.39636,52.80152,49.40648,53.2635,52.34501,51.62364,56.56854,58.72819,61.55485,62.36986,65.60488,66.85058,69.40461,70.72482,71.58911,69.33974,74.30343,71.11259,72.00694,73.00685,73.00685,75.02666,68.70953,68.62215,69.92138,69.28925,67.35726,70.83784,65.45991,65.39113,57.24509,59.80803,60.74537,57.77543,60.40695,58.18075,58.66856,59.9333,59.03389,58.66856,54.70832,59.40539,58.24946,60.21628,58.60034,67.62396,59.66574,61.22091,58.25805,61.03278,52.80152,63.70243,63.12686,53.8145,59.66574,62.00806,59.4138
14.14214,12.04159,9.05539,5.09902,6.40312,10.0,10.63015,8.60233,7.07107,5.83095,7.28011,8.24621,7.28011,6.08276,5.09902,8.06226,8.544,8.06226,5.09902,3.60555,5.09902,8.24621,9.43398,9.21954,6.40312,4.12311,7.61577,9.21954,9.0,8.0,5.0,4.47214,5.65685,7.07107,8.48528,7.81025,7.2111,6.40312,5.65685,5.0,5.38516,6.32456,5.38516,6.08276,6.32456,5.38516,4.12311,4.0,4.0,4.12311,5.09902,5.09902,53.48832,52.3259,49.40648,45.60702,28.17801,44.92215,48.8467,24.59675,43.46263,25.70992,31.257,46.0,43.18565,38.62642,44.40721,39.0,42.29657,45.35416,43.0,36.76955,51.0392,38.20995,31.30495,43.04649,39.62323,37.64306,40.22437,56.72742,38.58756,43.82921,39.44617,52.69725,45.89118,46.09772,28.16026,44.77723,33.61547,30.88689,43.01163,39.05125,39.01282,38.20995,31.57531,36.22154,29.06888,28.63564,28.44293,29.27456,27.29469,24.04163,21.54066,20.59126,24.5153,21.37756,27.0,20.09975,25.31798,46.95743,46.61545,48.33218,51.42956,51.88449,54.58938,51.97115,55.47071,58.25805,58.00862,60.60528,65.11528,65.11528,67.17887,67.20863,68.62215,68.0147,69.6563,67.6757,68.8186,66.85058,71.58911,68.96376,67.08204,66.70832,63.90618,64.19502,67.44627,60.82763,59.4138,55.08176,59.0,60.29925,57.07013,55.54278,58.18935,54.56189,54.20332,53.85165,56.40035,59.03389,57.38467,57.31492,59.64059,55.9017,52.7731,58.30952,53.16014,59.90826,57.27128,54.45181,57.42822,59.3043,53.03772,58.13777,57.42822,56.75385
10.29563,9.43398,8.60233,8.60233,9.43398,8.94427,8.06226,8.60233,7.2111,7.81025,8.60233,7.81025,7.81025,7.81025,7.81025,7.81025,7.81025,7.07107,7.07107,7.07107,7.07107,7.07107,7.07107,7.07107,7.81025,7.07107,7.07107,7.07107,7.07107,7.81025,6.40312,7.07107,6.40312,6.40312,7.2111,7.2111,7.2111,6.7082,5.83095,5.83095,6.32456,6.32456,5.38516,5.38516,5.09902,5.09902,5.09902,5.09902,4.12311,4.12311,4.0,4.0,52.88667,54.45181,58.69412,51.92302,52.61179,49.47727,41.30375,48.05206,47.51842,41.01219,48.25971,42.0,41.10961,44.28318,40.1995,38.0526,40.04997,41.4367,39.0,38.0526,43.10452,41.30375,35.69314,37.48333,34.1321,34.05877,38.07887,39.45884,37.65634,41.0,39.45884,39.20459,40.04997,34.23449,34.0147,39.31921,38.20995,36.01389,35.0571,33.13608,36.34556,33.37664,32.14032,30.59412,27.89265,34.20526,27.85678,24.69818,26.24881,25.0,23.08679,23.76973,19.31321,17.20465,21.09502,17.80449,17.49286,46.61545,48.38388,46.32494,53.60037,49.64877,56.22277,54.33231,55.08176,60.40695,59.21149,64.03124,66.27217,70.06426,71.11259,67.36468,66.28725,72.56721,69.64194,68.44706,67.72001,64.84597,71.7844,68.62215,69.64194,69.857,68.942,62.16912,68.44706,63.06346,65.79514,61.32699,61.26989,60.53924,57.00877,55.97321,57.87055,54.40588,57.56735,53.75872,56.51548,57.97413,53.46027,60.20797,59.84146,56.08921,56.22277,60.20797,60.40695,58.42089,56.56854,53.85165,66.75328,61.0,57.07013,55.44367,61.52235,57.87055
8.94427,8.94427,8.544,8.94427,8.544,8.544,8.544,8.544,8.544,8.24621,8.544,8.24621,8.24621,8.24621,8.06226,8.24621,7.07107,8.06226,7.07107,7.0,7.07107,7.0,8.06226,7.07107,8.0,8.06226,8.06226,8.06226,8.0,8.06226,7.07107,7.07107,7.07107,7.07107,7.28011,7.28011,6.32456,6.32456,6.32456,6.32456,5.83095,5.38516,5.38516,4.47214,4.47214,4.47214,4.47214,4.47214,4.47214,4.47214,3.60555,3.60555,57.31492,55.08176,50.01,53.23533,52.00961,49.0,48.09366,45.39824,44.28318,42.04759,44.28318,42.0,45.0,42.42641,38.83298,38.47077,44.91102,38.07887,40.4475,40.5216,39.56008,40.79216,38.60052,41.48494,34.20526,42.72002,41.0,38.62642,34.78505,37.57659,40.26164,39.05125,38.8973,35.17101,37.36308,35.90265,36.49658,38.63936,36.34556,34.05877,36.22154,35.12834,35.22783,35.0571,30.01666,31.06445,31.7805,29.15476,24.73863,24.35159,27.89265,26.83282,21.58703,23.08679,21.58703,18.78829,19.23538,53.85165,51.0,49.64877,53.31041,56.64804,50.69517,52.88667,56.61272,61.13101,60.63827,63.56099,65.30697,67.89698,69.72087,70.25667,71.00704,73.00685,72.02777,69.06519,67.47592,68.46897,79.42921,70.61161,71.56815,67.68309,68.73136,71.80529,67.18631,63.34824,64.13267,58.69412,56.7186,61.61169,57.27128,56.08921,59.03389,59.03389,60.07495,54.00926,58.0,54.14795,57.00877,58.03447,60.00833,56.22277,59.13544,58.00862,58.0,60.00833,58.07753,55.08176,64.19502,62.20129,55.03635,61.07373,60.07495,57.14018
10.04988,10.04988,9.05539,9.05539,9.05539,9.05539,9.05539,9.0,8.0,8.0,8.0,8.0,8.0,8.0,8.0,8.06226,8.06226,8.06226,7.07107,7.07107,7.07107,7.07107,8.06226,7.07107,7.07107,8.24621,8.24621,8.06226,7.07107,8.06226,7.07107,7.07107,7.07107,7.07107,8.0,8.0,7.0,7.0,6.08276,6.08276,7.07107,6.08276,6.08276,5.09902,6.08276,5.09902,5.09902,4.47214,4.47214,4.47214,4.47214,4.47214,51.97115,58.60034,53.66563,53.7122,49.64877,48.01042,49.73932,46.14109,43.82921,40.0,43.18565,40.80441,41.86884,41.40048,38.8973,41.7732,40.31129,40.31129,37.53665,42.80187,37.48333,38.94868,38.41875,37.48333,38.41875,36.79674,38.27532,38.01316,38.01316,38.83298,40.31129,36.89173,41.40048,36.23534,35.60899,34.71311,38.8973,34.65545,33.94113,34.20526,37.53665,36.06938,34.20526,32.20248,31.90611,31.89044,28.01785,25.05993,24.69818,24.18677,21.9545,21.0238,23.32381,25.63201,21.54066,23.76973,19.41649,51.66237,50.44799,50.60632,55.44367,55.21775,52.69725,57.3062,60.03332,62.43397,67.08204,68.47627,66.64083,73.79024,70.38466,67.77905,70.83784,72.11103,71.56815,69.37579,71.19691,68.65858,74.8131,69.58448,71.02112,69.58448,67.26812,67.74216,67.47592,67.60178,65.11528,59.84146,61.66036,60.29925,59.84146,60.20797,60.63827,60.87693,55.02727,56.921,62.03225,57.87055,61.26989,55.47071,59.9333,54.626,59.03389,57.27128,58.60034,58.60034,60.41523,56.82429,61.05735,62.16912,59.05929,60.82763,60.53924,62.17717
10.0,9.05539,10.04988,9.05539,10.04988,8.06226,9.05539,8.06226,8.06226,8.24621,8.06226,8.24621,8.24621,8.24621,7.28011,8.544,7.28011,7.28011,7.61577,7.61577,7.61577,8.544,7.28011,7.61577,8.544,7.61577,7.61577,8.544,7.61577,7.61577,7.28011,7.61577,8.24621,7.28011,7.28011,7.07107,7.07107,7.07107,7.0,6.08276,6.0,6.0,6.0,5.0,5.0,5.0,5.0,5.0,5.09902,4.12311,4.12311,4.12311,51.62364,53.7122,52.92447,50.69517,49.98,50.32892,46.23851,45.18849,46.8188,46.57252,44.64303,41.0,44.91102,40.79216,38.07887,39.62323,41.7732,43.41659,37.85499,38.32754,43.04649,37.21559,37.05401,39.0,36.05551,41.04875,40.4475,39.01282,41.0,39.0,38.0,38.01316,38.0,38.01316,36.05551,38.0526,38.01316,38.01316,36.34556,30.59412,38.83298,33.52611,32.75668,33.73426,35.1141,31.95309,32.64966,27.73085,27.313,25.4951,21.0238,24.59675,24.35159,20.12461,21.09502,18.43909,18.38478,49.36598,51.24451,54.58938,52.61179,57.07013,55.7853,59.90826,60.44005,62.64184,65.9242,62.16912,68.942,72.01389,68.88396,67.97794,70.49113,73.82412,75.71658,70.72482,75.80237,69.81404,74.02702,73.0,71.50524,71.44928,71.50524,65.76473,65.11528,67.17887,65.76473,63.65532,60.20797,62.00806,59.03389,64.63745,56.61272,59.64059,62.1289,58.18075,60.74537,59.94164,59.5063,58.18075,61.26989,56.79789,62.6099,55.15433,59.77458,57.77543,67.41662,62.03225,61.26989,56.82429,60.83584,59.5399,60.53924,61.68468
10.04988,9.05539,10.19804,9.05539,9.21954,8.06226,8.24621,8.24621,8.24621,8.24621,8.24621,7.28011,8.544,8.544,7.61577,8.544,7.61577,7.61577,7.61577,7.61577,7.61577,7.61577,7.61577,8.06226,8.06226,7.61577,7.61577,7.61577,7.61577,7.61577,7.61577,7.61577,7.61577,7.28011,7.28011,7.28011,7.28011,7.07107,7.07107,6.08276,6.08276,5.09902,6.08276,5.0,5.0,5.0,5.0,5.0,5.0,4.0,4.12311,4.12311,54.20332,53.90733,53.07542,50.93133,54.48853,49.51767,48.08326,46.8615,43.86342,46.8615,41.86884,41.04875,47.63402,39.20459,39.11521,39.82462,45.27693,38.01316,38.27532,38.94868,40.71855,35.51056,37.16181,39.81206,39.0,37.33631,37.57659,37.12142,40.8534,35.4683,39.81206,40.71855,37.69615,38.8973,39.81206,40.24922,39.81206,42.54409,37.58989,35.8469,37.73592,33.28663,36.40055,35.22783,33.01515,31.241,26.87006,27.20294,24.04163,25.4951,21.93171,23.34524,24.75884,21.93171,19.84943,22.84732,15.81139,48.54894,54.40588,51.40039,55.9017,54.48853,55.31727,55.31727,61.52235,67.20863,62.96825,64.2028,64.66065,76.05919,72.40166,73.4983,71.58911,77.17513,73.06162,72.47068,75.15318,74.84651,76.96753,69.857,71.69379,69.07966,69.28925,69.89278,67.06713,63.90618,65.9242,62.76942,64.07808,58.59181,60.92618,60.83584,59.61543,57.45433,60.53924,57.80138,58.24946,62.43397,57.80138,60.21628,61.61169,56.85948,61.07373,58.25805,58.13777,59.46427,59.03389,58.89822,62.36986,65.05382,58.13777,58.0,59.39697,59.39697
10.29563,9.43398,9.43398,9.43398,9.43398,8.06226,8.60233,8.60233,8.60233,8.60233,8.60233,7.81025,8.60233,7.81025,7.81025,8.48528,7.81025,7.81025,8.48528,8.48528,8.48528,8.48528,7.81025,8.48528,8.48528,7.81025,7.81025,8.48528,8.48528,7.81025,7.81025,7.81025,7.81025,7.81025,7.81025,7.2111,7.2111,7.2111,6.7082,6.7082,6.7082,5.83095,6.32456,5.38516,5.38516,5.38516,5.38516,5.09902,5.09902,4.12311,4.12311,4.12311,52.0,49.64877,55.02727,50.9902,51.42956,49.39636,44.01136,47.75982,44.38468,42.72002,45.88028,43.9659,41.0,42.44997,39.81206,38.63936,44.40721,42.19005,41.7732,38.32754,40.0125,37.48333,40.11234,39.05125,36.34556,39.11521,39.62323,39.05125,39.01282,39.20459,34.36568,39.11521,37.21559,41.04875,39.11521,37.33631,37.33631,38.63936,34.20526,35.44009,33.24154,32.98485,34.53983,31.01612,31.95309,28.63564,30.08322,29.52965,22.84732,26.07681,22.80351,21.09502,25.05993,24.83948,24.75884,20.61553,20.80865,51.15662,52.15362,52.00961,57.03508,56.14268,56.4358,55.44367,59.03389,64.32729,62.80127,64.56005,67.05222,69.92138,73.38937,72.09022,71.11962,77.82031,74.79305,75.13322,76.47876,72.20111,74.88658,71.02816,66.61081,71.40028,70.45566,68.24954,69.02898,62.80127,69.81404,58.25805,63.00794,62.68174,59.20304,64.07027,60.46487,56.82429,56.93856,58.18075,55.9464,62.64982,54.626,61.7414,61.7414,58.13777,54.40588,58.30952,61.35145,58.30952,61.84658,58.5235,61.68468,61.35145,57.00877,63.24555,62.03225,57.58472
9.48683,9.48683,9.48683,9.21954,8.24621,8.544,8.544,8.544,8.544,7.61577,8.544,7.61577,7.61577,7.61577,6.7082,8.06226,8.06226,8.06226,7.2111,7.2111,6.7082,7.2111,7.2111,7.2111,7.2111,7.2111,7.2111,7.2111,7.2111,7.2111,6.7082,6.7082,6.7082,6.7082,7.61577,7.61577,7.61577,6.32456,6.32456,6.32456,6.08276,6.08276,5.09902,5.09902,5.09902,5.0,5.0,5.0,4.0,4.0,4.0,4.12311,51.61395,53.25411,50.77401,54.08327,51.47815,47.88528,44.41846,47.50789,39.82462,43.86342,39.39543,42.54409,47.42362,40.80441,38.62642,40.16217,38.60052,40.16217,36.05551,37.64306,41.7732,38.60052,37.65634,35.69314,33.73426,35.44009,33.24154,35.51056,38.20995,40.31129,40.60788,40.79216,35.35534,38.47077,38.11824,37.10795,37.10795,35.73514,33.24154,36.68787,37.33631,38.07887,30.8707,33.10589,30.88689,29.52965,30.41381,27.29469,28.30194,25.6125,25.23886,24.41311,21.26029,16.40122,18.60108,20.51828,17.69181,50.9902,47.80167,49.98,52.55473,53.75872,57.38467,57.69749,57.3062,63.52952,58.59181,61.05735,62.26556,66.37017,73.00685,72.47068,68.0147,75.82216,67.94115,70.43437,72.13876,74.33034,76.2168,64.53681,68.11755,71.70077,68.62215,70.93659,69.81404,63.25346,66.8431,59.81639,65.43699,56.85068,60.81118,60.1415,56.63921,56.56854,57.48913,56.85068,63.12686,61.84658,57.00877,59.20304,54.6443,57.2014,63.51378,59.20304,56.0357,64.3506,58.82176,57.68882,62.76942,65.19202,56.30275,60.74537,60.46487,56.30275
9.84886,9.84886,9.84886,9.84886,8.94427,8.94427,8.544,8.544,8.544,8.544,8.544,8.24621,8.24621,8.24621,8.24621,8.24621,8.06226,8.06226,8.06226,8.24621,8.24621,8.24621,8.06226,8.06226,8.06226,8.06226,8.06226,8.24621,8.06226,8.06226,7.28011,8.24621,7.28011,7.28011,7.28011,7.28011,7.28011,6.7082,6.7082,6.7082,6.7082,6.7082,5.83095,5.83095,5.83095,5.83095,5.0,5.0,5.0,4.24264,4.24264,4.24264,58.07753,54.14795,50.03998,49.0102,47.26521,47.38143,46.17359,45.27693,44.10215,41.59327,44.01136,40.60788,43.93177,40.02499,38.07887,38.60052,41.76123,36.05551,36.40055,38.07887,34.78505,39.56008,36.67424,37.36308,35.17101,41.10961,33.54102,36.67424,38.01316,37.12142,36.71512,37.69615,38.48376,37.57659,35.8469,33.95585,40.16217,37.65634,37.48333,34.9285,32.55764,34.9285,33.13608,32.38827,30.41381,30.14963,28.01785,28.01785,23.0,26.1725,25.07987,24.33105,20.39608,19.23538,21.2132,18.68154,14.86607,50.24938,49.24429,50.15974,52.0,55.36244,54.70832,56.7186,55.10898,63.15061,60.67125,62.64982,65.76473,69.72087,73.33485,72.00694,71.00704,68.00735,71.17584,69.06519,75.31268,69.2315,73.5459,67.26812,69.87131,66.61081,70.71068,67.91171,66.48308,65.14599,66.21933,61.18823,60.41523,60.20797,59.22837,60.01666,57.55867,54.23099,55.14526,57.07889,58.0,61.03278,61.03278,60.03332,59.00847,57.14018,58.13777,59.00847,54.23099,61.13101,62.03225,56.56854,65.37584,64.0,55.14526,58.30952,60.29925,61.0082
9.21954,8.48528,8.48528,8.48528,8.48528,7.81025,8.48528,7.81025,7.07107,7.81025,7.81025,7.81025,7.2111,7.2111,6.40312,7.2111,7.2111,7.2111,6.7082,7.2111,7.2111,7.2111,7.2111,6.7082,7.2111,7.2111,7.2111,7.2111,6.7082,7.2111,6.40312,6.40312,6.40312,6.40312,7.07107,7.07107,6.40312,5.65685,5.65685,5.0,5.83095,5.83095,5.83095,4.47214,4.47214,4.47214,4.47214,4.47214,4.47214,4.12311,4.12311,4.12311,52.61179,47.51842,52.95281,50.01,46.69047,44.72136,43.17407,47.07441,41.76123,43.17407,44.64303,43.01163,44.27189,39.21734,43.65776,42.15448,36.68787,36.24914,39.56008,40.24922,38.94868,38.48376,41.14608,37.21559,38.27532,37.21559,36.71512,36.71512,36.24914,39.44617,39.44617,38.47077,34.88553,34.88553,38.07887,38.91015,35.34119,35.8469,33.24154,37.64306,39.84972,39.05125,32.98485,31.32092,31.7805,28.28427,30.01666,26.4764,24.18677,27.01851,23.19483,26.01922,22.0,18.43909,20.09975,16.27882,19.92486,48.01042,48.8774,48.54894,52.83938,51.89412,51.88449,55.00909,57.93962,61.46544,58.87274,63.56099,62.58594,65.52099,67.46851,68.88396,68.73136,71.70077,67.02984,73.33485,67.00746,68.00735,70.02857,71.17584,67.26812,71.34424,68.26419,62.80127,63.95311,61.29437,61.66036,60.40695,61.52235,56.0,59.07622,58.00862,55.14526,57.07889,60.03332,58.03447,55.44367,55.3263,52.7731,60.29925,56.08921,59.21149,55.10898,54.12947,58.24088,54.91812,55.31727,55.31727,59.22837,59.84146,54.08327,54.45181,55.7315,53.15073
9.84886,9.84886,9.84886,9.84886,8.94427,8.94427,8.544,8.544,8.544,8.544,8.544,8.24621,8.544,8.24621,8.24621,8.24621,8.24621,8.06226,8.06226,8.24621,7.28011,8.24621,8.06226,8.06226,8.24621,8.06226,8.06226,8.24621,8.24621,8.06226,7.28011,8.24621,7.28011,7.28011,7.28011,7.28011,7.28011,6.7082,6.7082,6.7082,6.7082,6.7082,5.83095,5.83095,5.83095,5.0,5.0,5.0,5.0,4.24264,4.24264,4.24264,53.36666,52.17279,49.47727,49.72927,52.20153,47.51842,48.05206,49.98,45.35416,45.22168,39.56008,45.31004,41.78516,40.16217,38.8973,39.81206,40.31129,35.51056,38.48376,38.58756,40.22437,39.44617,38.83298,38.94868,42.72002,38.94868,39.44617,36.35932,38.58756,39.05125,37.01351,38.94868,40.49691,39.96248,36.35932,33.61547,41.34005,36.23534,38.91015,38.47077,33.54102,34.53983,36.68787,29.83287,30.36445,29.61419,29.73214,30.26549,25.07987,26.30589,24.04163,22.0,24.0,21.2132,18.11077,20.0,20.22375,50.77401,50.77401,52.35456,55.9017,54.626,50.92151,51.62364,62.93648,60.40695,62.8172,68.15424,64.32729,69.42622,71.34424,66.37017,73.43705,73.43705,72.02777,75.02666,70.0,77.02597,76.00658,71.44928,74.43118,70.5762,68.73136,64.28063,64.93843,65.62012,67.60178,59.21149,65.27634,58.03447,56.14268,61.13101,59.03389,56.0803,60.03332,58.0,57.21888,58.21512,58.69412,60.67125,62.80127,54.58938,59.03389,59.03389,59.03389,59.03389,58.24946,58.46366,59.43904,59.03389,55.31727,64.32729,64.28841,59.13544
9.84886,9.84886,8.94427,9.84886,8.94427,8.94427,8.94427,8.06226,8.06226,8.06226,8.06226,8.60233,8.60233,8.60233,8.60233,7.81025,7.81025,7.81025,7.81025,7.81025,7.81025,8.48528,7.81025,8.48528,8.48528,7.81025,8.48528,7.81025,8.48528,7.07107,7.81025,7.81025,7.81025,7.81025,7.81025,7.2111,7.2111,7.2111,6.7082,6.7082,5.83095,5.83095,6.7082,5.38516,5.38516,5.38516,5.38516,5.38516,5.09902,4.12311,4.12311,4.12311,55.00909,54.58938,53.7122,50.15974,52.39275,49.33559,48.33218,48.10405,48.10405,43.01163,42.2019,40.79216,41.23106,38.63936,39.05125,40.31129,43.17407,40.4475,40.79216,40.4475,36.34556,39.62323,37.0,40.0,37.05401,38.11824,39.20459,42.04759,40.04997,38.20995,39.05125,36.22154,39.05125,37.0,37.0,35.22783,40.11234,36.05551,35.0571,34.71311,33.95585,31.40064,33.52611,34.9285,34.9285,30.8707,26.0,28.23119,24.69818,24.69818,24.41311,24.59675,23.25941,22.82542,23.60085,19.20937,20.51828,48.50773,50.21952,55.7853,56.921,57.56735,56.64804,56.0803,59.46427,59.5063,62.64982,65.29931,67.53518,73.3553,73.78347,71.56116,69.6563,75.21303,70.43437,70.80254,72.24957,72.47068,78.74643,72.12489,70.71068,73.59348,70.0928,66.6033,67.17887,63.70243,63.12686,57.28001,64.3506,61.52235,60.20797,61.40033,59.20304,59.81639,53.2635,56.0357,58.83026,60.46487,56.60389,56.93856,60.03332,56.35601,56.35601,57.93962,59.61543,66.18912,57.69749,57.27128,59.5063,61.77378,59.48109,64.49806,63.07139,58.13777
9.84886,9.48683,9.48683,9.84886,9.48683,8.544,8.544,8.24621,8.24621,8.24621,8.24621,8.24621,8.24621,8.06226,8.24621,8.06226,8.06226,8.06226,8.06226,8.06226,8.06226,8.06226,8.06226,8.06226,8.06226,8.0,8.0,8.06226,8.06226,8.06226,7.07107,8.06226,7.07107,7.28011,7.07107,7.28011,7.28011,6.32456,6.7082,6.7082,6.32456,6.32456,5.83095,5.38516,5.83095,5.38516,5.38516,5.0,5.0,5.0,5.0,4.24264,57.00877,52.49762,54.42426,49.98,48.8467,47.53946,42.95346,49.24429,46.51881,43.909,46.32494,39.82462,41.34005,41.18252,39.11521,38.41875,38.94868,37.20215,41.40048,37.48333,37.53665,34.05877,38.8973,35.60899,37.80212,38.8973,35.38361,41.03657,37.53665,38.8973,38.18377,41.01219,37.53665,41.03657,37.48333,36.05551,39.20459,37.64306,34.66987,35.4683,34.48188,34.0,33.10589,33.54102,29.73214,30.08322,29.15476,25.29822,24.73863,23.76973,23.4094,22.36068,23.19483,19.0,20.22375,18.11077,21.2132,48.10405,50.24938,50.0,55.21775,52.43091,59.16925,56.93856,56.4358,58.59181,64.88451,63.69458,68.70953,69.857,67.06713,73.68175,68.30813,74.72617,69.857,73.1642,72.83543,71.84706,74.54529,70.45566,71.56815,72.11103,69.18092,65.00769,66.0303,66.06815,68.46897,58.13777,64.07027,60.29925,59.5399,62.58594,56.7186,56.88585,59.43904,61.84658,57.97413,59.66574,57.87055,59.48109,59.77458,59.80803,60.08328,58.87274,59.46427,60.83584,57.77543,60.53924,57.00877,57.38467,53.85165,61.32699,60.16644,59.09315
10.04988,10.04988,9.05539,9.05539,9.05539,9.05539,8.06226,8.06226,8.06226,8.06226,8.24621,8.24621,7.28011,7.28011,7.28011,7.28011,8.24621,7.28011,7.28011,7.28011,7.28011,7.28011,7.28011,7.61577,7.28011,7.61577,7.61577,7.28011,7.28011,7.28011,7.28011,7.28011,7.07107,7.07107,7.07107,7.07107,7.07107,7.07107,6.0,6.0,6.0,6.0,6.0,6.08276,5.09902,5.09902,5.09902,5.09902,4.12311,4.12311,4.47214,4.47214,50.80354,55.0,51.62364,48.83646,52.34501,50.24938,45.96738,41.10961,44.59821,41.86884,41.72529,42.63801,44.55334,42.63801,38.27532,43.56604,39.44617,44.10215,35.80503,38.58756,36.76955,44.72136,34.17601,35.35534,37.12142,43.82921,39.0,36.76955,37.57659,39.81206,36.24914,41.23106,34.88553,33.61547,40.24922,35.22783,36.67424,39.66106,36.61967,39.20459,35.0,33.6006,27.58623,33.28663,30.4795,31.89044,26.90725,27.58623,24.41311,20.61553,22.2036,25.0,20.24846,21.09502,20.59126,17.88854,18.02776,48.76474,51.42956,50.77401,49.39636,57.80138,51.86521,56.0803,55.31727,62.96825,61.07373,65.11528,66.52819,70.72482,72.18033,71.06335,74.09453,72.11103,73.4983,70.49113,72.44998,69.77105,74.68601,70.66116,69.35416,68.44706,69.35416,68.02941,66.70832,64.88451,61.26989,64.88451,61.7414,56.85948,57.69749,60.37384,60.90156,58.59181,59.07622,54.91812,59.66574,54.40588,58.89822,56.22277,60.959,56.22277,58.79626,61.6198,58.79626,58.89822,57.31492,56.58622,60.82763,60.87693,55.22681,55.17246,55.97321,57.31492
9.21954,8.24621,8.544,8.24621,8.24621,7.61577,7.61577,7.61577,7.61577,7.61577,7.61577,7.61577,6.7082,6.7082,6.7082,7.2111,7.2111,7.2111,7.2111,7.2111,7.2111,7.2111,7.2111,7.2111,7.2111,7.2111,7.2111,7.2111,7.2111,7.2111,6.7082,6.7082,6.7082,6.7082,6.7082,6.32456,6.32456,5.38516,5.38516,5.38516,5.09902,5.09902,5.09902,4.12311,4.12311,4.0,4.0,4.0,4.0,3.0,3.0,3.0,54.12024,52.39275,51.62364,50.56679,51.47815,50.9902,45.17743,44.38468,44.72136,42.95346,43.65776,41.10961,42.72002,41.10961,39.81206,41.48494,39.81206,39.45884,40.4475,40.60788,42.19005,39.20459,36.05551,36.87818,37.21559,40.31129,38.20995,39.11521,41.10961,39.11521,40.0125,40.04997,37.48333,39.31921,39.62323,36.13862,37.10795,34.71311,36.13862,39.45884,36.67424,33.95585,33.24154,32.20248,29.06888,31.38471,29.96665,28.6531,25.94224,24.18677,25.94224,22.67157,19.72308,20.0,22.02272,19.10497,18.02776,49.09175,47.38143,53.33854,48.16638,50.48762,52.39275,52.63079,57.97413,62.93648,62.36185,66.76077,63.90618,68.15424,66.64083,67.1193,68.60029,70.83078,72.40166,65.0,68.24954,69.6563,71.40028,71.06335,67.94115,71.50524,65.60488,65.79514,64.53681,65.19202,62.482,61.7171,61.84658,57.28001,56.85068,61.22091,57.80138,57.42822,58.82176,54.70832,55.22681,58.18075,58.60034,55.00909,58.60034,55.4617,54.23099,57.70615,55.54278,56.0803,64.88451,58.30952,59.23681,58.13777,54.23099,59.5063,51.88449,61.46544
9.21954,8.24621,8.06226,8.06226,8.06226,8.06226,7.07107,7.07107,7.07107,7.0,7.07107,7.0,7.0,7.0,7.0,7.07107,7.0,6.0,7.07107,7.07107,7.07107,7.07107,6.0,7.07107,7.07107,6.08276,6.08276,7.07107,7.07107,6.0,7.07107,7.0,7.0,7.0,6.08276,6.08276,6.08276,6.08276,6.08276,6.08276,5.38516,5.38516,5.38516,4.47214,4.47214,4.47214,3.60555,4.47214,3.60555,3.60555,2.82843,2.82843,54.12024,49.64877,51.42956,49.64877,52.3259,45.69464,47.70744,44.65423,43.82921,44.94441,43.04649,42.72002,43.41659,37.80212,40.80441,40.80441,44.55334,36.12478,41.72529,42.44997,41.72529,39.20459,39.62323,35.38361,36.79674,38.20995,36.76955,38.83298,41.01219,39.59798,42.44997,38.41875,36.06938,39.62323,33.97058,36.23534,38.20995,38.41875,38.41875,36.23534,33.83785,34.0,32.75668,32.20248,31.30495,32.20248,30.08322,30.01666,22.80351,28.44293,27.65863,24.08319,21.58703,18.97367,23.08679,18.68154,20.0,48.60041,54.56189,50.32892,55.17246,52.63079,53.60037,51.31277,59.07622,58.5235,58.5235,67.41662,61.85467,70.72482,69.31811,67.1193,73.1642,73.40981,72.8011,72.8011,73.00685,71.58911,70.40597,69.2315,67.18631,65.62012,67.08204,68.73136,64.93843,64.49806,62.96825,59.68249,58.54912,59.84146,60.20797,60.82763,57.48913,53.60037,58.60034,55.9464,60.37384,56.64804,57.00877,58.60034,59.03389,56.85948,61.26989,56.0803,59.03389,57.70615,60.37384,61.40033,63.25346,57.27128,51.47815,61.91123,59.5399,59.48109
8.24621,8.06226,8.06226,8.06226,8.06226,7.07107,7.07107,7.07107,7.07107,7.0,7.0,7.0,7.0,7.0,7.0,7.0,6.08276,6.08276,6.08276,6.08276,6.08276,6.08276,6.08276,6.08276,7.07107,6.08276,6.08276,6.08276,7.07107,6.08276,7.07107,7.07107,7.0,6.0,6.0,6.0,6.08276,6.08276,6.08276,5.09902,5.09902,5.09902,5.09902,4.12311,4.47214,3.60555,4.47214,4.47214,3.60555,3.60555,3.60555,2.82843,55.9017,54.20332,49.73932,47.42362,49.1935,44.77723,47.16991,46.14109,41.34005,46.06517,42.54409,42.19005,40.31129,38.01316,41.40048,39.66106,39.69887,40.45986,35.60899,38.60052,40.45986,41.01219,39.82462,38.28838,40.45986,36.06938,36.87818,37.53665,38.28838,37.48333,36.76955,42.80187,37.53665,38.94868,37.01351,38.8973,36.87818,36.23534,33.01515,34.43835,36.05551,32.20248,34.1321,33.10589,32.64966,29.41088,29.73214,29.41088,24.73863,27.20294,22.56103,23.5372,22.56103,21.84033,23.19483,18.02776,20.39608,49.92995,50.32892,52.20153,52.63079,53.15073,53.75872,53.75872,58.0517,61.22091,60.30755,64.2028,64.63745,67.6757,72.71864,69.35416,69.857,75.13322,71.51224,73.82412,67.06713,67.72001,73.00685,70.34202,71.16881,69.12308,67.91171,67.46851,62.58594,62.8172,65.11528,59.22837,60.63827,61.39218,58.46366,60.16644,58.5235,54.70832,60.16644,55.15433,58.60034,61.26989,58.60034,56.0803,61.7171,56.36488,57.38467,58.30952,57.69749,53.66563,60.83584,52.83938,58.18075,59.9333,56.46238,59.48109,58.13777,57.45433
8.94427,8.94427,8.94427,8.94427,8.06226,8.06226,8.06226,8.06226,8.06226,7.2111,8.06226,7.2111,7.2111,7.2111,6.40312,7.81025,7.81025,7.81025,7.07107,6.40312,6.40312,7.07107,7.81025,7.07107,7.07107,7.07107,7.2111,7.07107,7.07107,7.81025,6.40312,6.40312,6.40312,6.40312,6.7082,6.7082,6.7082,6.7082,5.38516,5.38516,6.32456,5.38516,5.38516,5.09902,5.09902,5.09902,5.0,4.0,5.0,4.0,4.0,4.0,53.75872,50.15974,54.33231,47.51842,47.26521,52.23983,49.0102,51.0392,39.20459,43.04649,41.04875,42.0119,42.04759,41.0,44.28318,38.47077,42.19005,36.13862,34.52535,36.49658,44.14748,39.11521,38.32754,33.95585,37.48333,36.40055,37.21559,39.62323,38.27532,42.2019,38.07887,42.75512,34.71311,38.32754,38.07887,37.21559,38.47077,35.35534,35.0571,39.11521,37.01351,36.0,33.13608,35.01428,29.0,29.0,33.24154,24.02082,26.92582,27.16616,29.61419,22.47221,25.63201,19.72308,16.15549,17.72005,18.78829,48.08326,52.95281,52.20153,55.31727,53.23533,55.22681,56.14268,59.00847,62.03225,64.12488,67.47592,68.11755,71.56815,66.09841,72.56721,69.42622,73.5459,71.16881,71.16881,71.16881,73.92564,68.00735,72.09022,74.73286,68.942,70.26379,68.02941,70.68239,62.16912,66.30988,59.09315,66.70832,60.53924,55.15433,57.77543,54.78138,58.18935,62.0967,58.24088,58.46366,57.97413,56.7186,61.39218,59.84146,57.70615,61.40033,59.4138,61.81424,54.74486,57.55867,56.4358,57.21888,61.40033,59.03389,55.14526,58.21512,54.74486
8.544,8.544,7.61577,8.544,7.61577,7.28011,7.28011,7.28011,7.28011,7.28011,7.07107,7.07107,7.07107,7.07107,7.07107,7.07107,7.0,6.0,7.0,7.0,7.0,7.0,6.0,7.0,7.0,7.0,7.0,7.07107,7.0,7.0,6.08276,7.07107,6.08276,6.08276,6.08276,6.08276,6.08276,5.38516,5.38516,5.38516,5.38516,5.38516,4.47214,4.47214,4.47214,3.60555,3.60555,3.60555,3.60555,3.60555,2.82843,2.82843,56.921,57.27128,53.45091,48.30114,50.53712,48.70318,44.77723,49.98,46.14109,43.46263,41.67733,42.54409,44.65423,41.23106,40.24922,40.49691,43.01163,41.6173,43.56604,38.60052,39.20459,39.20459,38.20995,40.0,38.60052,43.93177,38.41875,39.69887,37.53665,41.72529,40.36087,37.53665,40.31129,40.45986,35.4683,38.60052,39.20459,39.69887,38.27532,34.82815,37.73592,35.8469,36.76955,32.64966,30.88689,29.52965,31.30495,26.57066,26.92582,23.25941,27.85678,22.13594,23.4094,25.4951,20.22375,21.37756,18.43909,48.37355,51.62364,50.60632,55.00909,58.69412,55.03635,57.77543,57.24509,62.96825,61.68468,64.03124,66.28725,72.56721,71.19691,73.1642,69.87131,73.68175,71.34424,68.06614,72.24957,73.00685,73.02739,69.02898,70.06426,69.18092,68.00735,67.1193,66.37017,66.0303,61.07373,62.20129,62.0,60.07495,60.03332,59.00847,54.23099,55.3263,56.14268,58.03447,59.03389,56.08921,60.87693,60.72891,58.24946,52.63079,55.65968,57.87055,55.71355,58.5235,57.97413,58.94065,61.68468,59.20304,57.28001,59.77458,55.02727,59.46427
8.24621,8.24621,8.06226,8.24621,7.28011,7.28011,7.07107,7.07107,7.07107,7.07107,7.07107,7.07107,7.07107,7.0,7.0,6.0,6.0,6.0,6.0,6.08276,6.0,6.08276,6.0,6.0,7.0,6.0,6.0,6.0,6.08276,6.0,6.0,7.0,6.0,6.0,6.08276,6.08276,6.08276,5.09902,5.09902,5.09902,4.47214,4.47214,5.38516,4.47214,4.47214,3.60555,3.60555,3.60555,3.60555,3.60555,3.60555,2.82843,53.00943,52.43091,53.00943,50.0,46.32494,47.43416,44.59821,46.09772,43.41659,41.86884,42.0119,40.60788,41.86884,43.27817,38.8973,38.94868,43.86342,39.20459,41.03657,39.62323,39.05125,39.69887,40.22437,41.72529,36.23534,37.44329,37.44329,35.51056,35.22783,39.40812,35.60899,38.28838,35.80503,37.01351,39.05125,39.82462,36.06938,32.55764,37.53665,34.65545,36.12478,32.01562,36.23534,33.30165,30.01666,26.40076,30.08322,26.41969,22.82542,25.05993,24.59675,19.64688,24.35159,21.54066,20.61553,19.41649,17.46425,46.09772,47.16991,47.50789,52.43091,55.0,50.60632,51.73973,56.56854,60.82763,58.69412,63.65532,65.79514,70.72482,69.02898,67.1193,67.95587,72.11103,71.69379,67.41662,68.942,66.70832,72.8011,68.15424,68.02941,67.77905,66.48308,64.84597,61.98387,61.09828,64.51356,55.71355,58.82176,61.03278,56.64804,56.0803,53.7122,53.66563,55.22681,51.97115,57.68882,53.7122,56.0357,55.22681,58.82176,53.60037,53.85165,52.15362,56.30275,54.91812,58.41233,58.82176,58.00862,57.80138,55.47071,60.60528,60.21628,55.22681
8.60233,8.60233,8.60233,8.60233,7.81025,7.2111,7.07107,7.07107,7.07107,7.07107,7.07107,7.07107,7.07107,7.07107,7.07107,6.40312,6.40312,6.40312,6.40312,6.40312,6.40312,6.40312,6.40312,6.40312,6.40312,5.83095,6.40312,6.40312,6.40312,6.40312,6.40312,6.40312,6.40312,5.65685,5.65685,5.65685,5.65685,5.83095,5.83095,5.83095,5.0,5.0,4.47214,4.47214,4.47214,3.60555,4.12311,4.12311,3.16228,3.0,3.0,3.0,57.87055,54.40588,55.36244,47.12749,47.53946,49.0408,48.50773,50.96077,46.09772,43.41659,41.97618,45.12206,41.4367,41.10961,40.02499,40.04997,40.11234,39.05125,39.11521,38.11824,39.20459,41.01219,39.0,42.10701,37.21559,40.04997,37.01351,40.11234,42.10701,37.65634,39.01282,38.47077,41.19466,40.0125,37.0,41.01219,40.0125,40.31129,37.85499,38.60052,40.79216,33.83785,33.52611,38.60052,35.1141,29.73214,30.08322,29.96665,25.94224,26.92582,21.93171,23.02173,21.63331,23.43075,22.80351,17.20465,20.51828,46.48656,48.76474,52.95281,54.34151,54.23099,55.08176,51.0098,58.00862,62.0,61.07373,64.19502,67.74216,69.46222,71.02112,69.64194,70.5195,74.46476,70.5762,74.33034,68.44706,72.91776,73.34848,71.11962,68.0,70.83078,65.74192,64.49806,64.14047,62.76942,64.49806,59.16925,63.06346,62.64982,60.03332,56.35601,54.12024,57.38467,57.93962,55.15433,59.80803,58.30952,58.5235,57.28001,60.16644,54.40588,61.40033,53.60037,55.7853,57.56735,56.61272,61.84658,58.94065,59.66574,51.1957,57.27128,61.84658,56.32051
9.48683,9.84886,9.84886,9.84886,8.94427,8.544,8.94427,8.06226,8.06226,8.06226,8.06226,8.06226,8.06226,8.06226,8.60233,8.60233,7.81025,7.81025,7.81025,7.81025,7.81025,7.81025,7.81025,7.81025,7.81025,7.81025,7.81025,7.81025,7.81025,7.81025,7.81025,7.81025,7.81025,7.2111,7.2111,7.2111,7.2111,6.7082,6.7082,6.7082,6.7082,5.38516,6.32456,5.38516,5.38516,5.38516,5.38516,5.09902,5.09902,4.12311,4.12311,4.12311,56.56854,48.41487,53.03772,47.38143,52.3259,51.66237,46.75468,49.49747,42.52058,43.18565,40.36087,40.0,44.04543,37.80212,40.80441,40.31129,45.65085,39.11521,43.04649,33.83785,39.44617,36.71512,39.0,38.91015,36.23534,38.94868,37.21559,39.21734,39.0,36.40055,35.1141,39.35734,38.94868,40.49691,37.57659,39.39543,39.11521,35.35534,38.47077,40.22437,32.80244,35.51056,39.69887,33.83785,32.20248,28.3196,26.90725,31.241,27.01851,22.82542,23.60085,23.60085,21.09502,17.0,22.47221,19.69772,17.72005,50.69517,53.22593,50.53712,57.80138,55.22681,56.30275,57.00877,56.72742,63.25346,59.03389,64.81512,68.76772,72.00694,73.5527,73.75636,71.06335,80.05623,71.02816,74.4043,74.94665,70.71068,73.34848,72.06941,69.97142,73.3553,66.24198,68.09552,66.18912,59.9333,65.76473,59.94164,68.09552,59.5399,64.3506,60.74537,56.0803,54.40588,58.00862,56.22277,61.22091,56.40035,55.15433,62.36986,60.1415,60.30755,57.28001,63.12686,54.45181,60.81118,60.10824,61.6198,59.4138,62.24147,55.9017,63.12686,65.76473,62.24147
9.21954,9.21954,9.21954,9.21954,8.48528,8.48528,8.48528,8.48528,8.48528,7.81025,7.81025,7.81025,7.81025,7.81025,7.81025,7.2111,7.2111,7.2111,7.2111,7.2111,7.2111,7.2111,7.2111,7.2111,7.2111,7.2111,7.2111,7.2111,7.2111,7.2111,7.2111,7.81025,7.81025,7.81025,7.07107,6.40312,7.07107,6.40312,6.40312,6.40312,6.40312,5.65685,5.83095,5.0,5.0,5.0,5.0,4.47214,4.47214,4.47214,4.47214,4.47214,52.95281,54.12947,53.75872,46.38965,48.25971,41.59327,44.91102,45.70558,42.19005,40.04997,42.0,39.01282,38.0,42.0,40.0125,40.0125,40.1995,39.20459,40.1995,35.35534,37.10795,40.26164,38.8973,36.87818,34.9285,38.63936,34.9285,38.63936,38.07887,37.48333,38.07887,39.05125,38.83298,37.64306,33.95585,37.48333,37.65634,35.35534,33.24154,30.0,32.14032,32.01562,33.13608,32.24903,34.0147,30.01666,26.01922,28.16026,24.5153,24.02082,25.07987,21.84033,24.59675,22.2036,22.13594,19.31321,22.2036,49.64877,48.01042,55.03635,52.00961,56.00893,54.00926,55.14526,55.3263,58.54912,65.62012,64.53681,63.78871,70.61161,71.80529,69.92138,69.64194,73.73602,68.54196,71.86793,72.89719,71.58911,73.3553,67.74216,69.77105,69.89278,69.11584,69.33974,62.26556,60.20797,64.66065,60.53924,61.58734,60.82763,59.48109,57.38467,57.69749,55.02727,57.58472,56.30275,59.77458,58.5235,59.22837,55.31727,62.0967,55.54278,58.94065,56.29387,54.91812,59.03389,60.20797,60.01666,59.84146,59.68249,57.55867,61.66036,63.50591,59.43904
10.0,10.0,9.21954,10.0,9.21954,9.21954,9.21954,8.48528,9.21954,8.48528,8.48528,8.48528,8.48528,8.48528,8.48528,7.81025,7.81025,7.81025,7.81025,7.81025,7.81025,7.81025,7.81025,7.81025,7.81025,7.81025,8.60233,7.81025,8.48528,7.81025,7.81025,8.48528,8.48528,7.81025,7.81025,7.07107,7.81025,7.2111,7.2111,7.2111,5.83095,5.83095,6.7082,5.83095,5.83095,5.38516,5.38516,5.38516,5.38516,5.09902,4.12311,4.12311,54.56189,53.7122,53.7122,47.85394,48.8467,44.28318,43.82921,45.17743,43.86342,40.16217,41.78516,41.10961,40.16217,38.63936,38.32754,36.87818,44.64303,43.41659,44.91102,36.87818,42.57934,37.65634,37.05401,42.19005,35.69314,42.75512,37.21559,38.47077,37.65634,35.0571,40.4475,37.65634,37.21559,39.29377,32.98485,37.85499,35.90265,34.48188,40.49691,37.33631,31.38471,31.62278,32.64966,34.88553,36.23534,25.07987,32.20248,28.01785,25.4951,25.45584,22.02272,24.75884,22.67157,22.67157,20.51828,20.80865,20.0,51.15662,51.0392,51.0098,56.00893,56.32051,53.46027,55.10898,57.72348,60.87693,60.63827,66.70832,64.84597,66.40783,70.5195,73.82412,70.66116,75.15318,72.94518,76.92204,74.88658,75.71658,78.23682,71.02816,69.63476,68.00735,71.28113,70.0,68.76772,66.70832,65.80274,58.60034,63.60031,64.81512,59.40539,62.20129,59.40539,54.08327,55.75841,59.16925,58.30952,64.00781,60.83584,57.70615,60.41523,55.4617,57.69749,58.13777,59.05929,60.53924,58.60034,56.46238,58.87274,63.15853,55.00909,62.76942,64.40497,54.12024
8.94427,8.94427,8.94427,7.61577,8.06226,8.06226,8.06226,8.06226,8.06226,7.2111,7.2111,7.81025,7.2111,7.2111,6.40312,7.81025,7.07107,7.07107,7.07107,7.07107,7.07107,7.07107,7.81025,7.07107,7.07107,7.07107,7.07107,7.07107,7.07107,7.07107,6.40312,6.40312,6.40312,6.40312,7.2111,7.2111,6.7082,5.83095,5.83095,5.83095,5.38516,5.38516,4.47214,4.47214,4.47214,4.12311,4.12311,4.12311,4.12311,3.16228,3.16228,3.0,52.92447,50.53712,55.15433,49.64877,47.16991,49.65884,45.18849,44.38468,41.10961,44.27189,42.37924,43.01163,38.20995,38.07887,41.23106,41.0,42.10701,39.20459,35.90265,35.35534,41.10961,38.32754,40.11234,37.21559,36.34556,34.9285,36.12478,39.0,36.49658,41.04875,37.05401,39.01282,34.23449,35.90265,38.0526,34.05877,36.67424,37.48333,37.85499,37.65634,37.65634,35.17101,32.28002,27.89265,31.62278,30.41381,29.96665,26.40076,28.17801,25.05993,26.07681,24.83948,25.0,19.23538,21.9545,21.26029,18.60108,48.16638,48.37355,48.50773,53.75872,49.81967,57.00877,55.7853,58.5235,61.09828,61.09828,64.07808,66.48308,71.51224,66.64083,69.11584,66.88797,73.43024,69.40461,69.33974,74.02702,68.41053,72.47068,68.11755,70.93659,67.26812,71.06335,63.78087,65.79514,62.2254,62.28965,55.22681,62.28965,58.0517,59.5483,56.85068,56.22277,56.30275,56.4358,59.07622,56.4358,53.53504,56.79789,58.60034,59.5063,58.18075,55.9464,61.26989,56.64804,54.626,55.03635,57.24509,57.38467,55.4617,56.79789,58.30952,58.69412,52.83938
9.21954,9.21954,8.544,8.24621,8.24621,8.24621,8.544,8.544,7.61577,7.61577,7.61577,7.61577,7.61577,7.61577,6.7082,8.06226,6.7082,6.7082,7.2111,6.7082,6.7082,7.2111,7.2111,7.2111,7.2111,7.2111,7.2111,7.2111,7.2111,7.2111,6.7082,6.7082,6.7082,6.7082,7.61577,7.61577,7.28011,6.32456,6.32456,6.08276,6.08276,6.08276,5.09902,5.09902,5.0,5.0,5.0,4.0,4.0,4.0,4.12311,4.12311,52.80152,47.80167,54.70832,50.77401,47.41308,49.1935,43.41659,45.27693,44.77723,42.54409,43.38202,42.48529,44.01136,38.27532,40.8534,38.8973,41.4367,37.36308,38.27532,39.05125,43.17407,38.07887,37.36308,35.69314,35.44009,36.49658,36.67424,35.35534,36.49658,39.45884,38.0526,42.04759,32.01562,38.32754,38.11824,40.5216,35.90265,38.07887,36.05551,34.9285,36.68787,36.68787,31.38471,27.51363,33.61547,27.85678,28.30194,26.40076,25.4951,21.47091,23.60085,23.02173,20.0,18.60108,17.69181,20.51828,21.2132,49.64877,48.70318,50.92151,54.23099,50.32892,58.66856,54.70832,58.5235,62.42596,61.05735,64.40497,63.24555,67.41662,72.62231,72.18033,70.0928,76.38063,67.94115,75.00667,71.8401,71.70077,74.8131,70.21396,71.21798,70.0,70.83784,68.24222,65.60488,64.63745,65.0,59.03389,61.40033,63.00794,60.80296,59.81639,57.38467,58.0,58.0517,56.72742,56.0803,58.79626,55.44367,62.80127,57.42822,60.0,62.20129,58.13777,57.62812,58.25805,56.85948,54.91812,58.5235,59.40539,53.00943,58.30952,58.5235,57.80138
8.06226,7.2111,8.06226,8.06226,7.2111,6.7082,7.2111,6.40312,6.40312,6.40312,6.40312,6.40312,6.40312,6.40312,6.40312,6.40312,5.65685,5.65685,5.65685,6.40312,6.40312,6.40312,5.65685,6.40312,6.40312,6.40312,5.65685,6.40312,5.65685,6.40312,5.65685,5.65685,6.40312,5.65685,5.0,5.0,5.0,5.0,4.47214,4.47214,4.47214,4.47214,4.47214,3.60555,3.16228,3.16228,3.16228,4.12311,3.16228,3.0,3.0,3.0,55.97321,50.0,54.58938,49.24429,46.32494,50.80354,43.56604,48.6621,43.10452,45.89118,38.0,42.04759,41.04875,39.31921,40.04997,40.0,38.0,41.04875,43.0,36.05551,41.19466,38.63936,41.19466,39.31921,35.22783,38.20995,36.05551,37.48333,41.01219,39.20459,33.37664,39.20459,37.85499,36.22154,30.14963,42.0,37.12142,37.12142,38.01316,32.01562,34.52535,32.14032,36.67424,36.49658,32.55764,25.4951,27.45906,26.1725,25.96151,22.13594,24.35159,20.88061,23.25941,18.78829,21.93171,18.78829,16.40122,47.26521,51.24451,46.0,56.00893,52.00961,53.46027,54.03702,55.3263,60.40695,54.58938,63.78871,63.34824,68.88396,70.60453,68.70953,63.56886,73.82412,66.64083,73.1642,72.01389,69.77822,73.57309,67.23095,66.57327,68.7968,65.73431,68.50547,70.17834,59.68249,65.36819,53.0,61.91123,53.85165,54.70832,58.60034,59.48109,54.56189,54.626,57.24509,55.97321,58.30952,54.08327,59.46427,54.34151,58.24088,51.24451,57.00877,58.69412,57.28001,55.08176,57.56735,57.72348,57.72348,48.27007,57.72348,57.70615,56.75385
9.43398,8.06226,8.94427,8.06226,8.94427,8.06226,8.06226,8.06226,7.61577,7.61577,7.61577,7.61577,7.61577,7.28011,7.28011,7.28011,7.28011,7.28011,7.28011,7.07107,7.28011,7.28011,7.28011,7.07107,7.28011,7.28011,7.28011,7.28011,7.28011,7.28011,7.28011,7.28011,7.28011,6.32456,6.7082,6.7082,6.7082,6.7082,5.83095,5.83095,5.83095,5.0,5.83095,5.0,5.0,5.0,4.24264,4.24264,4.24264,3.60555,3.60555,3.60555,54.03702,52.03845,52.03845,49.0408,47.09565,54.08327,48.25971,49.16299,41.10961,45.09989,44.40721,38.32754,42.29657,40.4475,38.20995,37.64306,42.2019,38.32754,40.16217,36.40055,40.8534,39.81206,37.58989,31.95309,37.16181,37.57659,35.8469,38.07887,37.57659,38.48376,38.01316,42.54409,33.54102,38.91015,37.16181,34.78505,35.73514,34.48188,33.52611,38.32754,33.37664,36.13862,32.75668,34.9285,34.36568,31.257,33.01515,29.42788,27.0,25.01999,25.01999,23.0,24.02082,21.2132,21.37756,23.5372,23.70654,48.38388,52.39275,48.05206,54.91812,55.31727,56.7186,55.44367,59.21149,60.03332,60.13319,63.00794,65.12296,68.18358,71.34424,76.32169,64.28841,75.50497,66.4906,72.99315,66.76077,67.06713,73.08215,68.30813,65.78754,71.30919,67.6757,66.12866,71.51224,55.97321,68.70953,53.75872,59.13544,57.28001,54.81788,59.03389,59.90826,57.27128,54.91812,56.08921,60.20797,61.52235,56.14268,59.84146,58.00862,57.07889,61.0,58.00862,57.00877,64.12488,57.00877,52.03845,59.0,64.00781,52.03845,58.0,60.03332,47.16991
9.21954,8.48528,8.48528,7.81025,8.48528,7.81025,8.48528,7.07107,8.48528,7.81025,7.07107,7.81025,7.2111,7.2111,6.40312,7.2111,7.2111,7.2111,6.7082,7.2111,7.2111,7.2111,7.2111,6.7082,7.2111,7.2111,7.2111,7.2111,7.2111,7.2111,6.40312,6.40312,6.40312,6.40312,7.07107,7.07107,6.40312,6.40312,6.40312,5.0,5.83095,5.83095,5.83095,4.47214,5.38516,4.47214,5.38516,4.47214,4.47214,4.12311,4.12311,4.12311,50.0,54.03702,51.47815,52.15362,50.24938,47.09565,49.25444,43.93177,44.91102,37.48333,42.57934,44.10215,41.23106,37.10795,40.1995,42.37924,38.32754,40.5216,37.10795,43.46263,38.48376,40.49691,39.81206,34.88553,36.76955,38.47077,41.78516,35.34119,39.21734,40.24922,37.0,37.57659,38.48376,35.34119,39.81206,34.53983,36.05551,37.57659,35.90265,38.60052,41.7732,38.47077,35.51056,31.257,29.27456,30.06659,27.01851,27.45906,27.0,27.07397,23.02173,21.2132,21.0238,20.09975,22.56103,21.58703,17.88854,47.85394,47.80167,55.9464,49.98,55.08176,50.63596,55.10898,56.56854,60.01666,63.28507,65.12296,66.0,72.00694,67.02984,67.18631,73.24616,74.06079,73.82412,71.56815,69.2315,69.42622,71.38627,70.60453,72.12489,68.62215,70.21396,65.55151,61.13101,68.44706,62.36185,64.7611,57.00877,59.22837,60.20797,58.69412,58.0517,57.70615,56.7186,56.4358,57.21888,55.14526,60.00833,56.00893,60.03332,55.00909,60.0,59.00847,57.21888,56.0803,66.1211,57.00877,57.03508,57.00877,56.0357,60.03332,52.15362,61.13101
9.21954,9.21954,8.24621,8.24621,8.24621,8.24621,8.24621,8.24621,8.24621,7.61577,7.61577,7.61577,7.61577,7.61577,6.7082,7.61577,6.7082,7.61577,6.7082,6.7082,6.7082,6.7082,6.7082,6.7082,6.7082,7.2111,7.2111,6.7082,6.7082,6.7082,6.7082,6.7082,6.7082,6.7082,7.28011,7.28011,7.28011,6.08276,6.08276,6.08276,6.08276,6.08276,5.09902,5.0,5.0,5.0,5.0,4.0,4.0,4.12311,4.12311,4.12311,50.0,51.73973,48.82622,48.8774,48.8774,47.88528,47.88528,42.72002,43.56604,45.27693,43.04649,42.04759,43.82921,41.23106,37.64306,38.60052,41.10961,41.10961,39.56008,40.5216,39.45884,33.52611,36.67424,33.83785,34.20526,35.4683,35.69314,37.65634,36.13862,40.31129,40.79216,38.83298,32.38827,34.71311,38.07887,37.64306,32.89377,36.68787,38.07887,35.1141,35.1141,34.88553,33.10589,30.52868,30.23243,26.92582,29.0,27.58623,23.32381,26.07681,24.75884,23.34524,22.62742,18.86796,17.02939,19.10497,19.31321,50.96077,51.26402,49.98,54.12947,55.03635,55.9464,55.07268,60.03332,61.85467,63.13478,67.1193,68.24222,69.64194,70.60453,70.29225,70.00714,77.07788,69.42622,71.42129,72.18033,74.63243,75.21303,69.6563,70.80254,64.07027,70.76722,67.6757,67.95587,61.29437,65.0,59.07622,64.63745,58.60034,54.6443,57.62812,63.12686,54.45181,59.39697,60.1415,57.48913,60.87693,55.80323,62.28965,58.82176,57.80138,57.38467,59.5483,58.82176,58.25805,62.62587,56.61272,58.30952,62.62587,56.61272,59.90826,59.20304,55.80323
10.04988,9.05539,9.21954,9.05539,9.05539,8.06226,8.24621,8.24621,8.24621,8.24621,8.24621,8.544,8.24621,8.24621,8.544,7.61577,7.61577,7.61577,7.61577,7.61577,7.61577,7.61577,7.61577,8.06226,7.61577,7.61577,7.61577,7.61577,7.61577,7.61577,7.61577,7.61577,7.28011,7.28011,7.28011,7.28011,7.28011,7.07107,7.07107,7.07107,6.08276,6.0,6.0,5.0,5.0,5.0,5.0,5.0,5.0,4.12311,4.12311,4.12311,58.00862,53.90733,48.16638,51.22499,48.27007,47.01064,46.69047,47.50789,43.13931,43.13931,35.35534,41.10961,42.0119,39.20459,37.48333,36.06938,37.80212,39.05125,38.27532,36.40055,41.04875,33.28663,35.8469,38.27532,36.24914,37.21559,37.01351,41.67733,35.60899,36.23534,40.0,38.94868,33.12099,36.24914,35.51056,36.89173,35.35534,38.07887,35.8469,31.89044,34.82815,30.41381,31.89044,32.55764,29.0,31.89044,28.6007,27.01851,28.01785,23.85372,23.85372,23.43075,24.18677,24.69818,19.23538,20.88061,19.41649,50.24938,49.64877,49.20366,53.15073,53.2635,53.2635,53.90733,56.0803,64.38167,59.46427,65.45991,66.21933,67.42403,71.02112,71.40028,70.23532,71.56116,66.57327,68.47627,71.11962,68.88396,74.24958,69.857,70.93659,71.47027,67.06713,65.45991,67.41662,61.35145,66.85058,61.68468,63.15853,55.47071,61.7171,58.13777,61.40033,55.56978,57.27128,58.13777,54.58938,61.05735,56.40035,59.20304,62.20129,57.2014,54.48853,58.79626,55.9017,58.0517,57.48913,58.41233,59.20304,55.31727,51.73973,58.24946,57.80138,61.07373
8.60233,8.60233,8.60233,8.60233,8.06226,8.06226,8.06226,8.06226,8.06226,7.61577,8.06226,7.61577,7.61577,7.61577,7.61577,7.61577,7.61577,7.28011,7.28011,7.28011,7.28011,7.28011,7.28011,7.28011,7.28011,7.28011,7.28011,7.28011,7.28011,7.28011,7.28011,7.28011,7.28011,6.32456,6.7082,6.7082,6.7082,5.83095,5.83095,5.83095,5.0,5.0,5.0,5.0,5.0,4.24264,4.24264,4.24264,4.24264,4.24264,3.60555,3.60555,47.01064,57.21888,50.0,51.0098,50.0,48.09366,46.01087,46.09772,39.01282,43.18565,45.09989,43.10452,47.26521,40.31129,40.04997,41.48494,43.41659,39.62323,39.81206,40.5216,41.10961,39.29377,37.33631,38.60052,37.10795,40.80441,41.76123,33.24154,39.56008,40.31129,41.48494,41.10961,34.78505,38.07887,38.8973,38.8973,37.94733,40.02499,35.35534,39.45884,35.73514,38.32754,33.24154,32.24903,30.41381,33.13608,29.06888,28.0,29.01724,25.70992,24.33105,28.63564,20.22375,19.41649,22.56103,24.35159,21.54066,54.34151,50.9902,50.44799,53.33854,54.14795,54.33231,56.0803,57.07889,65.00769,62.00806,65.19202,67.47592,70.17834,72.24957,73.68175,72.36712,74.2159,72.03471,72.56721,68.30813,68.35203,75.58439,71.86793,72.44998,70.38466,65.9242,68.02941,68.44706,65.79514,63.56886,59.80803,62.96825,57.24509,57.56735,56.921,61.40033,56.29387,57.07013,54.91812,56.32051,59.68249,57.42822,58.69412,62.39391,57.21888,59.07622,58.03447,60.20797,59.07622,59.0,55.0,57.03508,57.31492,56.00893,59.07622,60.0,58.03447
9.21954,8.24621,9.05539,8.06226,8.06226,7.07107,8.06226,8.06226,8.06226,8.0,7.07107,7.07107,8.0,7.0,7.0,8.0,7.0,7.0,7.07107,7.07107,7.07107,7.07107,7.0,7.07107,7.07107,7.07107,7.07107,7.07107,7.07107,7.07107,7.07107,7.07107,7.07107,7.07107,7.0,7.0,6.08276,6.08276,6.08276,6.08276,5.09902,5.09902,6.08276,5.09902,5.09902,4.12311,4.12311,4.12311,4.12311,4.12311,3.16228,3.60555,58.5235,51.86521,55.47071,49.64877,48.25971,52.00961,49.81967,47.20169,45.80393,42.43819,42.63801,40.49691,44.59821,41.7732,43.18565,41.86884,43.18565,41.7732,39.20459,41.23106,42.0119,40.31129,39.96248,37.64306,37.53665,39.82462,41.86884,42.19005,38.27532,40.22437,39.62323,42.0119,36.61967,40.22437,38.8973,37.48333,38.28838,37.64306,40.36087,34.71311,36.87818,37.80212,33.97058,33.30165,34.82815,34.66987,32.20248,28.6531,27.29469,26.07681,25.07987,18.78829,22.47221,25.96151,21.0238,18.68154,19.0263,50.77401,55.0,53.60037,57.31492,56.85068,59.4138,58.0,60.60528,61.55485,63.12686,66.0303,67.00746,73.40981,72.94518,73.82412,71.11962,76.66159,75.6439,75.15318,75.02666,74.04053,74.46476,75.96052,76.24303,74.63243,70.34202,67.18631,70.34202,65.45991,65.14599,61.40033,67.6757,62.62587,60.40695,63.24555,59.46427,57.93962,60.90156,58.60034,56.93856,58.66856,58.30952,59.36329,60.20797,60.20797,63.60031,60.20797,59.16925,59.64059,56.30275,61.29437,59.40539,59.40539,55.75841,59.20304,58.82176,58.79626
7.2111,7.2111,7.2111,7.2111,7.2111,6.40312,6.40312,7.07107,6.40312,6.40312,5.65685,6.40312,6.40312,6.40312,6.40312,6.40312,6.40312,5.83095,5.83095,6.40312,5.83095,6.40312,5.83095,5.83095,5.83095,5.83095,5.83095,6.40312,6.40312,5.83095,6.40312,6.40312,6.40312,5.65685,5.65685,5.65685,5.65685,5.0,5.0,5.0,5.0,4.47214,4.47214,3.60555,3.60555,3.60555,3.60555,3.16228,3.16228,3.16228,3.16228,3.0,54.626,56.0803,52.7731,46.51881,45.31004,45.69464,49.0408,46.61545,44.64303,43.08132,45.54119,42.2019,38.60052,42.37924,42.2019,38.32754,42.57934,43.56604,37.21559,37.65634,38.32754,38.47077,39.01282,41.30375,38.47077,40.1995,36.01389,42.0119,40.11234,40.04997,37.01351,38.32754,39.11521,40.31129,35.51056,37.65634,38.0526,38.20995,40.02499,36.34556,35.69314,34.48188,35.17101,32.01562,36.05551,31.38471,29.73214,32.20248,25.63201,24.18677,22.47221,21.47091,27.01851,20.61553,20.24846,19.79899,16.27882,52.46904,46.87217,49.0306,52.88667,54.70832,51.86521,55.02727,59.09315,58.87274,64.2573,62.64982,68.02941,70.00714,65.8635,69.11584,72.11103,70.21396,70.29225,73.81734,70.72482,70.00714,74.27651,74.27651,68.593,69.31089,67.17887,65.11528,66.48308,65.11528,62.24147,57.28001,63.63961,60.82763,57.98276,58.79626,56.85068,51.22499,56.61272,55.21775,57.68882,57.14018,56.0803,57.80138,58.66856,54.12024,61.77378,61.29437,60.82763,58.60034,60.82763,57.27128,58.13777,57.3062,53.66563,61.7171,57.24509,59.23681
9.21954,8.48528,8.48528,7.81025,8.48528,7.81025,8.48528,7.07107,7.07107,7.81025,7.81025,7.81025,7.2111,7.2111,7.2111,7.2111,7.2111,7.2111,6.7082,6.7082,6.7082,6.7082,7.2111,6.7082,6.7082,7.2111,7.2111,7.2111,6.7082,7.2111,6.7082,7.2111,7.2111,6.40312,6.40312,6.40312,6.40312,6.40312,5.65685,5.65685,5.65685,5.0,5.0,5.0,5.0,3.60555,3.60555,3.60555,3.60555,3.60555,3.60555,3.16228,55.31727,53.75872,50.24938,52.23983,47.51842,49.64877,40.31129,43.01163,44.18144,45.04442,45.0,43.04649,44.01136,40.11234,46.01087,39.45884,42.04759,40.4475,39.81206,41.23106,42.57934,38.83298,36.40055,36.49658,34.20526,38.32754,40.31129,40.02499,38.07887,40.5216,38.83298,41.0,35.90265,34.78505,38.60052,36.05551,34.9285,36.49658,38.11824,35.22783,37.01351,36.01389,30.41381,31.06445,32.01562,31.01612,31.04835,29.01724,28.44293,23.34524,25.96151,24.5153,22.36068,20.61553,24.04163,17.46425,18.60108,50.01,51.41984,52.39275,55.3263,56.32051,57.03508,59.4138,58.03447,61.03278,60.03332,63.3877,67.26812,69.26038,70.85901,69.2315,69.37579,74.46476,71.56815,70.0928,72.44998,71.16881,74.33034,71.86793,70.26379,70.66116,69.857,67.08204,67.97794,61.7414,63.50591,58.60034,64.84597,59.5063,56.64804,60.40695,57.24509,52.81098,57.00877,55.7853,60.41523,57.48913,58.30952,58.0517,57.21888,56.7186,58.07753,60.29925,58.07753,59.21149,58.54912,58.54912,60.40695,58.85576,56.4358,60.40695,59.21149,61.66036
8.48528,8.48528,8.48528,8.48528,7.81025,7.81025,7.2111,7.2111,7.2111,7.2111,7.2111,6.7082,7.2111,6.7082,6.7082,6.7082,6.7082,6.7082,6.7082,6.7082,6.7082,6.7082,6.32456,6.32456,6.7082,6.32456,6.32456,6.7082,6.7082,6.32456,6.7082,6.7082,6.7082,5.83095,5.83095,5.83095,5.83095,5.65685,5.65685,5.65685,5.0,5.0,4.24264,4.24264,4.24264,4.24264,3.60555,3.60555,3.60555,3.16228,3.16228,3.16228,58.24088,54.81788,52.95281,48.83646,53.33854,50.9902,49.25444,47.51842,47.26521,42.42641,44.10215,42.0,45.01111,39.01282,39.01282,41.10961,40.11234,38.32754,41.19466,38.11824,38.20995,39.31921,35.51056,40.79216,39.05125,42.2019,38.47077,37.36308,38.32754,38.32754,40.02499,39.29377,40.02499,37.85499,38.83298,37.10795,43.41659,40.79216,37.01351,35.12834,35.0571,31.01612,36.01389,34.0,34.1321,25.17936,25.0,30.26549,23.08679,24.08319,21.2132,19.92486,20.88061,23.76973,20.61553,18.78829,19.31321,46.04346,48.25971,50.24938,51.15662,53.75872,52.34501,54.81788,56.08921,65.0,60.44005,64.03124,66.09841,66.40783,70.5762,69.46222,73.34848,71.55418,72.00694,68.96376,71.56116,70.45566,78.77182,71.40028,70.0,67.80118,68.41053,64.40497,67.00746,62.20129,61.84658,57.98276,57.98276,52.47857,61.05735,55.75841,59.16925,54.20332,51.47815,53.85165,58.69412,57.58472,63.24555,55.97321,58.46366,55.02727,65.80274,57.00877,54.12024,61.84658,60.16644,56.75385,61.39218,57.00877,55.54278,55.9017,59.84146,59.22837
8.94427,8.544,8.544,8.544,7.61577,7.61577,7.61577,7.28011,7.28011,7.28011,7.28011,7.28011,7.07107,7.07107,6.08276,7.07107,6.08276,6.08276,7.0,6.08276,6.08276,6.08276,6.08276,6.0,7.0,7.07107,6.08276,6.08276,7.07107,6.08276,6.08276,6.08276,6.08276,6.08276,6.32456,6.32456,6.32456,6.32456,5.38516,5.38516,5.0,5.0,4.47214,5.0,5.0,4.24264,4.24264,4.24264,4.24264,4.24264,3.60555,3.60555,51.62364,52.55473,48.30114,47.16991,50.32892,48.38388,46.95743,46.8188,42.54409,44.77723,47.41308,39.82462,41.67733,39.20459,38.58756,41.88078,39.20459,39.20459,38.28838,40.22437,42.44997,36.12478,37.64306,39.62323,37.53665,40.31129,37.48333,38.20995,38.41875,36.79674,36.06938,39.05125,39.62323,38.20995,38.41875,37.48333,37.48333,38.8973,34.05877,36.61967,38.27532,34.48188,34.1321,33.83785,30.41381,31.38471,28.63564,28.63564,26.57066,28.28427,21.58703,23.76973,21.58703,24.35159,24.04163,18.24829,16.03122,47.50789,49.64877,48.02083,52.83938,54.20332,54.12947,56.64804,57.77543,63.15853,63.15853,64.19502,64.51356,70.5195,71.06335,67.72001,69.05071,74.33034,72.44308,70.03571,69.72087,70.25667,73.00685,67.02984,70.0,72.0,69.0,67.00746,67.02984,64.03124,63.0,62.0,61.03278,60.07495,57.42822,54.23099,57.14018,54.23099,55.57877,58.24946,57.48913,56.32051,56.04463,55.08176,57.97413,54.12024,55.36244,59.77458,54.08327,60.40695,58.5235,55.36244,58.60034,56.921,56.921,53.7122,59.23681,54.42426
8.24621,8.24621,8.24621,8.24621,7.28011,7.28011,7.28011,7.28011,7.28011,6.7082,7.61577,7.61577,6.7082,6.7082,6.7082,7.2111,6.7082,6.7082,6.7082,6.7082,6.7082,6.7082,6.7082,6.40312,7.2111,7.2111,7.2111,6.7082,6.7082,7.2111,5.83095,6.7082,6.7082,6.32456,6.32456,6.32456,6.32456,5.38516,5.38516,5.09902,5.09902,5.09902,5.09902,5.09902,4.12311,4.0,4.0,4.0,3.0,3.0,3.0,3.0,53.8145,47.50789,53.90733,48.79549,50.44799,48.79549,44.04543,46.69047,41.7732,44.82187,45.0,43.60046,43.60046,39.40812,39.11521,40.31129,44.41846,36.71512,42.05948,38.47077,44.28318,38.01316,38.07887,36.23534,39.0,38.47077,36.67424,37.16181,38.62642,38.8973,37.69615,42.05948,32.75668,38.07887,36.24914,37.58989,38.91015,37.57659,36.89173,36.67424,34.48188,35.8469,31.40064,32.80244,35.60899,31.241,29.83287,26.1725,28.3196,28.3196,23.60085,25.23886,21.63331,19.23538,20.24846,21.09502,18.60108,49.98,52.39275,48.76474,51.31277,46.87217,59.20304,53.2635,57.62812,58.79626,59.66574,66.52819,62.96825,65.79514,69.35416,72.62231,66.61081,74.02702,68.26419,73.78347,68.88396,73.43024,73.92564,67.53518,71.11962,67.97794,63.95311,67.08204,64.88451,61.46544,65.0,54.12024,61.26989,59.03389,53.85165,56.60389,52.83938,52.69725,54.6443,55.0,54.56189,56.85068,54.56189,61.7171,58.69412,59.39697,53.03772,58.72819,58.69412,55.17246,58.0517,53.75872,60.959,60.1415,50.93133,55.31727,56.85068,55.22681
9.21954,8.48528,8.48528,8.48528,8.48528,7.81025,7.81025,7.81025,7.81025,7.81025,7.81025,7.81025,7.2111,7.2111,7.2111,7.2111,7.2111,7.2111,6.7082,6.7082,6.7082,6.7082,7.2111,6.7082,6.7082,7.2111,7.2111,6.7082,6.7082,7.2111,6.7082,6.7082,7.2111,7.2111,6.40312,6.40312,6.40312,5.65685,5.65685,5.65685,5.65685,5.0,5.0,5.0,5.0,4.24264,3.60555,3.60555,3.60555,3.60555,3.60555,3.16228,57.97413,47.80167,52.49762,52.17279,52.39275,45.54119,42.2019,45.54119,42.2019,43.41659,41.30375,41.4367,47.09565,41.01219,42.29657,40.1995,43.01163,42.0,39.05125,40.11234,41.04875,39.20459,36.34556,35.22783,38.01316,39.20459,37.21559,38.20995,38.0526,38.32754,39.0,43.41659,35.69314,38.47077,36.67424,37.0,34.23449,37.01351,36.01389,40.0,37.33631,35.35534,36.49658,35.51056,33.24154,33.95585,30.08322,31.04835,23.76973,28.4605,25.0,25.05993,21.84033,19.23538,22.84732,23.02173,20.51828,53.15073,50.24938,49.0,53.00943,55.14526,56.0803,58.42089,61.29437,61.52235,60.53098,66.21933,68.68042,71.06335,70.83784,74.33034,70.26379,77.47258,71.11259,70.77429,73.82412,72.44998,71.11962,72.40166,70.49113,69.40461,68.60029,69.2026,68.50547,58.83026,63.24555,61.58734,62.43397,57.45433,59.48109,56.79789,58.18075,57.27128,51.88449,56.85948,59.23681,58.69412,56.32051,62.64184,59.20304,57.28001,61.61169,58.0517,57.48913,57.07013,59.90826,56.29387,59.48109,63.32456,53.36666,57.72348,55.54278,57.07013
8.0,8.0,8.0,8.0,8.0,7.0,7.0,7.07107,7.07107,7.07107,7.07107,7.07107,7.07107,7.07107,6.08276,6.32456,6.32456,6.32456,6.32456,6.32456,6.32456,6.32456,6.32456,6.32456,6.32456,6.32456,6.32456,6.32456,6.32456,6.32456,6.32456,6.32456,6.32456,6.08276,6.08276,6.08276,6.0,6.0,6.0,6.0,5.0,5.0,5.09902,4.12311,4.12311,4.12311,4.12311,4.12311,4.12311,3.16228,3.60555,3.60555,50.60632,52.40229,51.85557,51.85557,51.08816,47.63402,48.01042,43.01163,43.01163,44.40721,43.01163,44.10215,38.94868,39.44617,39.44617,38.01316,39.82462,44.29447,41.18252,39.92493,39.92493,37.16181,38.8973,40.16217,36.68787,36.76955,39.82462,38.27532,40.5216,37.36308,37.16181,40.31129,38.07887,38.8973,35.34119,40.31129,38.07887,37.57659,36.24914,35.51056,38.47077,35.22783,38.94868,34.05877,26.90725,31.14482,29.20616,33.42155,26.90725,26.40076,26.1725,25.4951,17.02939,21.26029,22.02272,18.38478,21.0238,49.47727,49.24429,50.59644,53.45091,54.23099,52.80152,56.0803,57.27128,63.15853,60.90156,63.81222,63.81222,66.88797,70.80254,68.11755,72.13876,73.0,72.86288,69.31089,75.82216,73.87828,77.33693,70.60453,69.02898,70.80254,68.88396,63.81222,63.82006,64.88451,66.21933,56.85948,63.24555,59.64059,56.85068,58.25805,53.41348,56.63921,55.17246,57.98276,57.38467,52.3259,55.31727,56.85068,58.60034,59.81639,58.72819,61.07373,55.44367,56.22277,57.48913,56.85068,54.20332,60.1415,54.81788,62.80127,59.81639,55.44367
10.0,8.60233,9.43398,9.43398,9.43398,8.06226,8.06226,8.06226,7.61577,8.06226,8.06226,8.06226,7.61577,7.61577,7.61577,8.24621,7.28011,7.28011,7.28011,8.24621,7.28011,7.07107,7.28011,7.28011,7.28011,7.28011,7.28011,8.24621,7.28011,8.24621,7.28011,7.28011,7.28011,7.28011,7.61577,7.61577,7.2111,6.7082,5.83095,5.83095,5.83095,5.83095,5.83095,5.0,5.0,5.0,4.24264,5.0,4.24264,4.24264,3.60555,3.60555,58.69412,47.43416,51.42956,54.23099,56.64804,46.8188,46.52956,46.51881,43.41659,42.54409,44.77723,42.05948,43.909,39.44617,41.59327,42.72002,41.04875,37.80212,37.64306,36.87818,41.40048,39.40812,36.87818,38.8973,39.82462,39.05125,36.23534,37.64306,34.05877,37.80212,39.82462,39.66106,37.48333,38.20995,35.60899,34.4093,38.41875,35.38361,37.12142,39.96248,41.23106,35.73514,34.9285,34.0147,31.76476,28.16026,26.24881,29.96665,28.16026,25.4951,26.68333,24.73863,24.73863,19.64688,18.24829,22.0,20.22375,53.07542,49.51767,53.75872,53.15073,56.0803,55.0,56.61272,58.00862,62.42596,62.26556,63.06346,66.64083,73.43024,71.51224,71.30919,73.38937,72.8011,74.33034,70.34202,74.72617,74.95332,72.36712,72.83543,71.38627,72.44308,69.58448,69.35416,70.71068,66.27217,60.67125,59.3043,63.78871,62.16912,59.22837,58.85576,55.10898,60.41523,56.75385,58.94065,58.24088,56.921,57.93962,58.82176,59.5063,58.87274,57.77543,60.53924,61.29437,57.38467,59.23681,56.64804,58.18075,59.61543,57.38467,58.87274,55.9017,57.27128
9.0,8.06226,8.06226,8.06226,8.0,7.07107,7.07107,7.07107,7.07107,7.07107,7.07107,7.28011,7.07107,7.28011,6.32456,7.28011,7.28011,7.28011,6.32456,6.7082,6.32456,6.7082,6.32456,6.7082,6.7082,6.7082,6.7082,6.32456,6.7082,7.28011,6.32456,6.32456,6.32456,6.32456,6.32456,6.08276,6.08276,6.08276,5.09902,5.09902,6.0,5.0,5.0,4.0,4.0,4.0,4.0,4.0,3.0,3.16228,3.16228,3.16228,51.61395,50.0,56.63921,49.81967,53.8145,46.75468,45.27693,49.57822,46.66905,41.7732,40.36087,41.10961,40.31129,39.20459,41.88078,40.22437,41.40048,40.45986,35.22783,42.72002,41.67733,39.82462,31.76476,41.18252,38.94868,40.80441,38.94868,35.77709,37.57659,39.81206,38.47077,37.21559,37.58989,36.24914,41.18252,37.80212,38.58756,38.83298,36.23534,40.80441,39.11521,38.60052,31.14482,36.40055,33.42155,35.35534,30.61046,31.14482,29.06888,31.40064,27.80288,24.08319,22.47221,23.85372,20.61553,25.07987,18.35756,48.01042,51.85557,50.80354,49.67897,53.07542,52.3259,59.66574,59.46427,62.20129,62.36986,65.0,65.60488,70.60453,69.33974,69.33974,70.71068,72.94518,72.49828,71.55418,73.00685,68.00735,76.2168,70.83784,70.2282,71.16881,68.70953,65.14599,66.40783,63.24555,61.35145,61.35145,62.36185,57.28001,61.35145,56.30275,62.03225,57.70615,56.35601,56.4358,57.42822,56.4358,53.82379,54.40588,63.51378,57.00877,56.85068,55.44367,55.60576,58.13777,60.0,63.12686,54.56189,57.80138,57.38467,58.13777,54.45181,58.5235
9.21954,9.21954,9.21954,9.21954,8.24621,8.24621,7.28011,7.28011,7.28011,7.61577,7.28011,7.61577,7.61577,7.61577,7.61577,7.61577,6.7082,6.7082,7.61577,7.61577,7.61577,7.61577,6.7082,7.2111,8.06226,6.7082,6.7082,8.06226,7.61577,6.7082,7.61577,7.61577,7.61577,7.61577,7.28011,7.28011,6.32456,6.32456,6.32456,6.08276,6.08276,5.09902,6.08276,5.09902,5.09902,5.0,4.0,5.0,5.0,4.0,4.0,4.0,52.49762,50.24938,53.90733,48.83646,52.49762,49.51767,45.80393,42.63801,42.2019,42.0119,39.20459,40.0,40.49691,40.49691,39.96248,39.82462,41.18252,36.67424,38.94868,39.0,36.67424,32.24903,36.40055,35.1141,35.1141,35.77709,35.8469,38.07887,35.73514,36.40055,35.4683,40.16217,36.40055,39.39543,36.05551,38.01316,35.8469,37.12142,43.86342,34.66987,35.80503,32.75668,34.4093,30.52868,30.23243,25.4951,27.58623,29.83287,25.4951,22.67157,24.75884,20.61553,23.60085,24.41311,24.08319,22.36068,21.0238,47.85394,51.10773,51.0,54.70832,53.25411,53.0,57.62812,57.48913,63.89053,63.78087,63.78087,64.38167,67.89698,72.12489,76.6942,64.81512,75.60423,71.84706,74.4043,73.78347,72.94518,72.40166,68.26419,73.92564,69.77105,66.7308,66.18912,69.31811,60.82763,62.76942,58.66856,69.83552,60.53924,59.36329,58.24946,57.2014,57.68882,60.0,55.31727,58.0517,60.30755,58.69412,57.31492,60.81118,55.86591,53.90733,55.86591,54.48853,61.6198,60.1415,60.1415,58.79626,60.87693,54.45181,60.20797,57.31492,57.80138
8.24621,8.24621,8.24621,8.24621,8.24621,7.28011,7.28011,7.28011,7.28011,7.61577,7.28011,6.7082,6.7082,6.7082,6.7082,6.7082,6.7082,6.7082,7.2111,6.7082,6.7082,7.2111,5.83095,6.40312,7.2111,6.40312,6.40312,7.2111,7.2111,5.83095,6.7082,6.7082,6.7082,6.7082,5.38516,5.38516,6.32456,6.32456,5.38516,5.38516,5.09902,5.09902,5.09902,4.12311,4.12311,4.0,4.0,4.0,4.0,4.0,3.0,3.16228,55.97321,49.49747,55.86591,47.42362,48.41487,48.16638,43.82921,47.50789,44.04543,43.01163,42.52058,38.27532,41.86884,42.54409,39.44617,38.07887,42.94182,40.8534,39.81206,37.58989,38.62642,38.91015,40.16217,37.94733,37.0,38.62642,37.69615,36.13862,42.37924,39.0,37.33631,39.92493,36.67424,41.76123,32.31099,41.78516,39.29377,39.56008,35.8469,35.77709,34.0,27.80288,36.35932,34.0,38.07887,30.52868,30.23243,29.68164,26.62705,23.43075,26.24881,24.75884,25.4951,22.02272,21.63331,19.84943,17.46425,48.30114,52.47857,49.92995,55.47071,52.80152,56.22277,54.56189,57.28001,65.94695,57.98276,62.24147,65.8559,70.71068,70.72482,75.45197,69.06519,74.4043,66.24198,74.63243,73.3553,68.8767,74.73286,66.21178,70.77429,69.64194,67.23095,69.35416,72.8011,62.16912,65.74192,58.69412,62.64982,55.9017,56.85948,61.40033,57.98276,52.15362,55.21775,57.2014,58.13777,60.0,53.90733,57.98276,58.25805,56.0803,57.98276,56.58622,55.86591,60.1415,55.17246,56.58622,57.98276,61.52235,50.24938,57.38467,58.69412,53.90733
8.06226,8.06226,7.2111,8.06226,7.2111,7.2111,7.2111,6.40312,6.40312,6.40312,6.40312,6.40312,6.40312,6.40312,6.40312,6.40312,6.40312,5.65685,6.40312,6.40312,5.65685,6.40312,5.65685,6.40312,6.40312,6.40312,6.40312,6.40312,6.40312,6.40312,5.65685,6.40312,6.40312,5.65685,5.65685,5.65685,5.65685,5.83095,5.83095,5.83095,4.47214,4.47214,4.47214,4.47214,4.12311,3.16228,4.12311,4.12311,3.16228,3.0,3.0,3.0,53.53504,56.22277,54.40588,46.04346,55.80323,45.22168,48.54894,45.60702,52.15362,46.14109,43.56604,43.41659,42.04759,40.8534,40.22437,41.18252,44.59821,43.46263,42.54409,38.07887,40.16217,38.62642,38.8973,42.44997,37.33631,42.37924,37.0,38.8973,37.94733,39.29377,36.68787,39.21734,43.32436,37.0,40.71855,37.16181,39.21734,40.71855,39.81206,38.62642,39.0,30.23243,35.51056,37.80212,34.48188,31.40064,24.75884,31.89044,25.4951,22.47221,24.04163,22.80351,25.6125,21.26029,22.02272,17.88854,16.64332,52.23983,49.47727,55.31727,51.92302,57.00877,51.07837,55.54278,56.46238,65.39113,64.88451,66.7308,69.11584,69.89278,76.00658,70.60453,75.16648,72.24957,73.59348,65.94695,77.07788,72.18033,72.83543,71.50524,74.65253,70.80254,72.47068,73.23933,62.1289,64.63745,66.21933,60.80296,58.13777,60.959,56.22277,58.13777,58.0,58.69412,58.69412,57.28001,60.20797,58.0517,59.40539,54.56189,66.28725,56.40035,53.53504,57.00877,57.2014,59.07622,60.80296,59.03389,63.81222,53.82379,56.22277,62.20129,61.58734,58.82176
9.05539,9.0,9.05539,9.05539,9.05539,9.05539,9.0,8.0,8.0,8.0,8.0,8.0,8.0,8.0,7.07107,8.06226,8.06226,7.07107,7.07107,7.07107,7.07107,7.28011,7.07107,7.28011,7.07107,7.28011,7.28011,7.07107,7.28011,7.28011,7.07107,7.07107,7.07107,7.07107,7.07107,7.07107,7.0,6.0,6.0,6.0,6.0,6.0,6.08276,6.08276,5.09902,5.09902,5.09902,4.12311,4.12311,4.12311,4.47214,4.47214,58.24946,45.60702,47.50789,48.9183,46.69047,50.20956,40.0,46.2277,41.03657,47.38143,42.52058,43.27817,39.20459,35.60899,41.10961,37.44329,36.61967,32.20248,37.73592,36.71512,38.01316,34.88553,39.81206,38.07887,41.14608,42.05948,33.61547,39.0,34.48188,35.8469,38.01316,36.67424,34.98571,38.58756,35.34119,38.58756,36.05551,35.34119,36.40055,34.98571,32.80244,34.66987,36.87818,29.73214,30.4795,27.20294,32.55764,26.24881,29.0,24.04163,26.62705,22.67157,19.23538,16.12452,20.24846,19.72308,19.31321,48.25971,48.41487,48.01042,59.46427,52.40229,56.63921,57.48913,56.0803,63.60031,56.40035,65.60488,69.81404,71.02816,71.56116,72.40166,67.1193,79.64923,69.31811,76.48529,74.84651,75.27284,74.0,69.28925,72.73239,71.8401,67.72001,64.84597,68.00735,59.77458,68.96376,59.46427,67.72001,59.46427,57.38467,59.23681,59.09315,56.79789,57.80138,58.13777,59.36329,60.53924,51.62364,57.68882,56.0357,58.41233,51.22499,54.20332,55.44367,51.61395,60.80296,57.62812,58.41233,58.89822,54.81788,58.41233,61.07373,59.5483
9.84886,8.544,8.544,8.544,8.544,8.544,8.24621,8.24621,8.24621,8.24621,8.24621,8.24621,7.28011,7.28011,7.28011,8.06226,7.07107,8.06226,7.07107,7.07107,7.07107,7.07107,7.07107,7.07107,7.07107,7.0,8.0,8.06226,7.07107,8.06226,7.07107,7.07107,7.07107,7.07107,7.07107,7.07107,7.28011,6.32456,6.32456,6.32456,6.32456,6.32456,5.38516,5.38516,5.38516,5.38516,4.47214,4.47214,5.0,4.24264,5.0,4.24264,58.94065,51.97115,52.88667,50.0,53.14132,52.20153,45.89118,45.88028,46.48656,42.04759,41.14608,43.46263,41.23106,39.0,37.57659,42.54409,44.41846,40.49691,40.81666,37.80212,40.80441,35.51056,38.01316,39.20459,37.20215,41.88078,38.20995,38.94868,34.20526,38.8973,38.8973,39.05125,41.23106,40.60788,32.64966,36.35932,40.22437,38.27532,36.71512,36.05551,34.88553,33.61547,36.67424,31.7805,30.46309,28.63564,27.73085,34.20526,24.16609,24.04163,24.69818,21.2132,23.08679,20.02498,21.09502,19.23538,18.02776,50.56679,54.23099,49.64877,56.32051,53.16014,55.08176,55.31727,61.61169,67.89698,61.61169,65.11528,66.91039,74.96666,73.24616,74.02702,69.02898,75.00667,75.05998,73.06162,73.24616,72.00694,80.50466,71.25307,72.99315,73.1642,73.33485,70.21396,71.70077,67.26812,67.74216,62.80127,59.68249,59.68249,60.29925,60.20797,64.07027,58.00862,59.07622,57.0,63.1981,63.12686,56.7186,57.21888,58.21512,56.4358,58.69412,57.87055,51.92302,58.69412,60.01666,59.22837,60.87693,65.30697,58.69412,63.78871,64.03124,55.54278
8.544,8.544,7.61577,8.544,7.61577,8.544,7.61577,7.61577,7.61577,6.7082,7.61577,6.7082,6.7082,6.7082,6.7082,7.2111,7.2111,7.2111,7.2111,7.2111,7.2111,7.2111,7.2111,7.2111,7.2111,7.2111,7.2111,6.40312,7.2111,7.2111,6.7082,7.2111,6.7082,5.83095,6.7082,6.7082,6.32456,5.38516,5.38516,5.38516,5.09902,5.09902,5.09902,5.09902,4.12311,4.0,4.0,4.0,3.0,3.0,3.0,3.16228,56.22277,52.3259,55.17246,49.51767,51.62364,49.57822,43.93177,47.38143,44.55334,43.13931,44.04543,39.05125,44.82187,41.7732,40.60788,41.59327,43.04649,39.44617,44.10215,41.18252,41.14608,38.91015,36.67424,40.49691,38.60052,40.31129,38.94868,40.31129,37.21559,37.57659,38.94868,43.909,33.83785,36.23534,38.83298,37.73592,38.01316,38.01316,35.0,38.83298,36.05551,36.12478,34.05877,34.05877,32.52691,29.73214,30.4795,25.23886,29.96665,24.69818,27.80288,26.62705,23.70654,21.9545,19.69772,23.08679,21.58703,49.33559,52.49762,48.70318,56.0803,56.46238,52.83938,56.35601,57.45433,64.07027,60.20797,63.24555,64.40497,69.40461,75.0,72.18033,72.83543,72.24957,70.93659,73.66139,72.62231,72.67049,75.16648,68.26419,69.06519,70.17834,70.21396,65.8635,67.1193,60.82763,62.96825,59.05929,65.51336,58.59181,56.30275,58.00862,61.40033,53.90733,56.63921,54.48853,57.48913,61.6198,55.86591,55.97321,55.15433,55.15433,55.86591,53.8145,55.9017,56.56854,60.10824,50.93133,60.87693,62.93648,56.56854,58.25805,58.79626,58.0
