9.21954,8.60233,8.60233,8.60233,8.60233,8.06226,8.06226,8.06226,7.61577,7.61577,7.61577,7.61577,7.61577,7.61577,7.61577,7.28011,7.28011,7.28011,7.28011,7.28011,7.61577,7.28011,7.28011,7.28011,7.28011,7.28011,6.7082,6.7082,6.7082,6.7082,7.2111,6.40312,6.40312,6.40312,5.65685,5.65685,5.65685,5.65685,5.0,5.0,5.0,4.47214,4.47214,4.47214,4.12311,4.12311,4.12311,4.12311,4.12311,4.0,3.0,3.0,49.64877,49.81967,49.81967,45.96738,44.59821,45.27693,42.44997,42.63801,41.7732,41.6173,39.40812,38.58756,40.31129,39.44617,35.77709,39.39543,39.81206,37.0,38.32754,35.1141,40.26164,37.33631,36.40055,36.76955,36.05551,35.73514,35.73514,36.40055,37.0,35.1141,34.78505,36.76955,34.88553,31.38471,36.23534,32.20248,32.75668,32.80244,31.241,29.06888,29.06888,28.3196,27.80288,27.45906,26.41969,24.16609,22.82542,23.25941,22.36068,18.68154,20.09975,19.64688,20.39608,20.02498,19.23538,16.0,18.02776,50.08992,50.08992,53.0,53.03772,54.00926,54.14795,55.3263,58.21512,57.55867,58.30952,59.5399,59.5399,64.28063,64.62971,63.3877,66.91039,67.47592,63.78871,67.60178,67.60178,68.18358,66.37017,66.61081,66.48308,68.593,67.06713,66.18912,66.18912,66.06815,67.06713,65.06919,66.18912,68.18358,66.48308,64.49806,64.49806,64.13267,64.53681,65.25335,63.89053,65.52099,66.48308,64.84597,68.54196,67.77905,63.07139,65.79514,66.64083,67.1193,65.74192,66.21178,62.6099,61.77378,60.41523,59.5399,56.82429,59.16925
8.06226,8.06226,7.61577,7.61577,7.28011,7.28011,7.28011,7.07107,7.07107,7.07107,7.07107,7.07107,7.07107,7.0,7.0,7.0,7.0,7.0,7.0,7.0,7.0,7.0,7.0,7.0,7.0,7.0,7.0,7.07107,6.08276,6.08276,6.08276,6.08276,5.09902,5.38516,5.38516,5.38516,4.47214,4.47214,4.47214,3.60555,4.24264,4.24264,3.60555,4.24264,3.60555,2.82843,3.60555,2.82843,2.82843,2.23607,2.23607,2.23607,50.32892,50.9902,48.79549,49.67897,46.8615,41.40048,43.82921,41.34005,40.70626,39.82462,41.59327,39.39543,40.24922,40.31129,38.62642,38.60052,39.56008,36.13862,35.51056,35.69314,39.81206,39.05125,37.12142,36.49658,35.51056,37.85499,36.87818,32.55764,36.67424,36.87818,37.36308,35.44009,32.89377,35.44009,32.31099,29.15476,29.52965,31.30495,30.88689,29.20616,28.30194,27.58623,26.90725,25.45584,24.75884,25.0,21.26029,20.0,21.0238,21.09502,18.97367,19.69772,18.38478,15.52417,16.49242,17.26268,16.27882,48.25971,50.03998,52.03845,53.03772,54.03702,56.0,56.0803,57.21888,58.21512,58.13777,60.20797,63.12686,61.20457,65.12296,63.28507,65.62012,63.3877,69.35416,69.11584,65.49046,64.12488,69.11584,68.11755,66.0303,69.11584,67.00746,69.00725,66.00758,65.00769,65.06919,65.06919,64.38167,65.9242,64.77654,63.95311,63.78871,63.56099,65.25335,64.19502,67.06713,63.90618,67.62396,68.54196,68.42514,63.97656,63.50591,65.74192,63.13478,62.76942,64.66065,63.63175,61.40033,59.36329,60.46487,59.07622,61.84658,62.482
8.60233,8.06226,8.94427,8.06226,7.61577,7.61577,7.28011,7.28011,7.28011,7.28011,7.28011,7.07107,7.07107,7.07107,7.07107,7.07107,7.0,7.0,7.0,7.0,7.07107,7.07107,7.07107,7.07107,7.07107,7.07107,7.07107,7.07107,6.32456,6.08276,6.32456,6.32456,6.32456,5.38516,5.38516,5.83095,5.83095,5.0,5.0,5.0,5.0,4.24264,4.24264,4.24264,4.24264,3.60555,3.60555,3.60555,3.60555,3.60555,3.16228,3.16228,50.60632,52.47857,50.9902,46.48656,45.22168,44.59821,48.38388,43.32436,42.44997,37.33631,40.4475,38.11824,41.19466,39.01282,38.0526,39.0,38.01316,36.05551,37.05401,38.32754,38.47077,38.47077,36.67424,38.47077,36.49658,36.13862,38.32754,40.31129,36.01389,34.71311,34.23449,36.22154,37.01351,33.01515,31.06445,33.13608,32.06244,30.59412,29.61419,27.16616,27.89265,27.51363,28.6531,25.4951,26.41969,25.55386,21.9545,22.47221,20.0,19.41649,20.51828,16.97056,19.41649,21.47091,18.78829,15.65248,15.23155,48.70318,46.57252,53.16014,50.44799,54.81788,54.57105,54.12947,57.27128,58.69412,60.01666,64.62971,60.82763,62.36986,65.11528,63.56099,68.06614,63.34824,67.60178,68.44706,68.44706,69.05071,67.46851,72.00694,68.65858,67.68309,65.0,62.58594,64.28841,69.92138,65.14599,66.12866,64.4748,67.1193,64.84597,66.21178,63.63175,66.57327,65.19202,65.21503,66.21933,62.62587,70.0928,63.70243,67.88225,60.81118,70.00714,66.48308,65.94695,65.11528,67.35726,65.8559,61.40033,61.84658,64.40497,61.61169,59.07622,62.80127
8.60233,7.81025,7.81025,7.81025,7.07107,7.07107,6.40312,6.40312,6.40312,6.40312,6.40312,6.40312,5.83095,5.83095,5.83095,6.7082,6.7082,6.7082,5.83095,5.83095,5.83095,5.83095,5.83095,5.83095,5.83095,5.83095,6.40312,6.40312,5.0,6.40312,5.65685,5.0,5.0,5.0,5.83095,5.38516,4.47214,4.47214,4.12311,4.12311,4.12311,4.12311,4.12311,4.0,4.0,4.0,4.0,3.16228,4.12311,3.16228,4.12311,3.16228,54.91812,51.10773,45.79301,49.40648,46.75468,41.86884,44.55334,39.62323,42.52058,41.10961,39.82462,37.20215,38.07887,36.40055,37.44329,39.96248,38.27532,35.35534,38.48376,36.24914,39.39543,37.16181,37.0,35.44009,32.31099,36.05551,35.34119,35.34119,35.77709,36.71512,37.21559,38.07887,34.48188,33.01515,33.6006,30.0,31.40064,31.62278,32.01562,29.73214,30.0,30.80584,26.07681,25.55386,23.25941,24.59675,24.16609,22.47221,22.56103,19.92486,21.84033,19.0263,17.26268,21.0,14.14214,19.23538,19.64688,50.08992,51.35173,52.61179,55.44367,53.60037,54.34151,55.9017,58.24946,59.22837,61.61169,62.64184,64.84597,63.60031,65.52099,64.56005,65.80274,68.41053,68.15424,67.46851,66.4906,68.65858,68.44706,69.12308,71.16881,68.88396,69.63476,69.63476,67.26812,67.74216,66.75328,66.37017,66.06815,64.0,63.03174,69.02898,66.18912,69.11584,67.06713,65.12296,65.62012,68.06614,65.25335,68.44706,68.96376,67.44627,71.7844,68.00735,67.06713,68.54196,66.09841,65.45991,63.90618,63.32456,62.6099,61.7414,61.32699,59.05929
8.06226,7.0,7.0,7.0,7.07107,7.07107,7.07107,7.28011,6.32456,6.32456,7.28011,6.32456,6.32456,6.32456,6.32456,6.7082,6.7082,6.7082,6.7082,5.83095,6.32456,6.7082,6.7082,5.83095,6.32456,5.83095,6.32456,6.32456,6.08276,6.08276,5.09902,5.09902,5.0,5.0,5.0,5.0,4.0,4.12311,4.12311,3.16228,3.16228,3.16228,3.60555,2.23607,3.16228,2.23607,2.82843,2.82843,2.82843,2.23607,2.23607,2.23607,49.0408,48.70318,48.50773,42.05948,45.54119,43.56604,42.75512,38.47077,38.32754,43.01163,40.11234,41.4367,39.20459,36.34556,36.67424,38.83298,35.69314,33.95585,35.17101,39.29377,38.60052,35.73514,36.40055,35.73514,34.48188,36.68787,32.89377,36.13862,34.78505,34.78505,36.40055,34.71311,31.257,33.06055,34.23449,31.06445,31.01612,28.01785,28.01785,28.28427,27.45906,28.86174,26.24881,22.47221,24.59675,23.76973,23.76973,20.80865,20.24846,20.59126,19.20937,16.12452,19.20937,18.35756,16.40122,17.02939,16.12452,49.92995,50.77401,51.89412,54.56189,54.20332,56.46238,55.03635,58.13777,60.40695,58.30952,60.92618,63.69458,65.0,66.12866,65.55151,63.56886,67.41662,68.35203,68.54196,70.00714,69.46222,71.86793,66.70832,69.35416,67.54258,69.77822,67.62396,65.74192,67.08204,67.53518,64.00781,66.03787,66.57327,65.45991,66.21933,67.47592,61.7171,67.17887,66.46804,64.3506,66.48308,66.70832,68.24954,68.0147,66.21933,70.45566,66.88797,66.57327,63.24555,64.07027,65.51336,66.37017,63.52952,60.53924,57.80138,61.7171,58.18075
8.24621,8.544,8.544,7.61577,8.94427,8.06226,8.06226,7.2111,7.2111,7.2111,7.2111,7.81025,7.2111,7.81025,7.07107,7.81025,7.07107,7.07107,7.07107,7.07107,7.07107,7.07107,7.07107,7.07107,7.07107,7.07107,6.40312,7.2111,6.40312,6.40312,5.83095,6.7082,6.7082,6.32456,5.38516,5.38516,5.09902,5.09902,5.09902,5.09902,4.12311,4.0,5.0,4.0,4.0,4.0,3.16228,3.16228,3.16228,3.16228,3.16228,3.16228,50.24938,51.62364,47.26521,47.04253,46.09772,44.28318,43.18565,43.28972,41.30375,40.5216,38.32754,40.16217,40.49691,37.10795,37.94733,37.58989,38.48376,34.9285,35.77709,37.58989,36.35932,36.89173,36.89173,38.27532,35.51056,37.21559,34.20526,36.35932,36.71512,37.21559,35.35534,36.23534,34.9285,33.24154,32.69557,31.95309,32.01562,33.73426,32.98485,30.41381,28.44293,28.07134,28.16026,26.01922,25.01999,22.36068,23.19483,22.56103,18.97367,18.68154,18.97367,17.46425,19.31321,20.24846,18.86796,14.14214,15.6205,51.08816,50.60632,52.20153,52.20153,51.86521,56.40035,52.15362,55.75841,59.36329,56.0803,60.03332,60.53924,62.96825,66.03787,65.0,65.8635,67.1193,65.51336,65.19202,65.73431,67.6757,69.89278,68.26419,66.28725,67.1193,67.6757,68.60029,67.00746,64.66065,68.11755,62.93648,65.79514,67.17887,63.65532,66.6033,64.66065,62.42596,65.80274,66.03787,67.41662,67.60178,63.50591,68.8767,68.42514,64.88451,67.23095,63.69458,65.0,65.19202,63.56886,62.93648,59.77458,63.89053,56.61272,60.72891,62.0967,57.72348
7.61577,7.61577,7.28011,7.28011,7.07107,6.32456,6.08276,6.08276,6.08276,6.0,6.0,6.0,6.0,6.0,6.08276,6.08276,6.08276,6.08276,6.08276,6.08276,6.08276,6.08276,6.08276,5.09902,5.09902,6.0,5.0,5.0,5.0,5.09902,5.09902,5.09902,5.09902,5.09902,4.47214,4.47214,4.47214,4.47214,3.60555,3.60555,4.24264,4.24264,4.24264,3.60555,3.60555,3.60555,3.60555,3.60555,3.16228,3.16228,3.16228,3.0,51.42956,50.56679,48.38388,47.16991,45.35416,42.95346,42.75512,42.57934,41.4367,38.20995,41.04875,39.05125,37.01351,37.05401,36.05551,39.05125,37.65634,36.67424,35.35534,35.90265,37.10795,37.64306,37.0,36.13862,35.17101,35.4683,35.73514,35.73514,36.87818,35.90265,34.20526,35.17101,34.20526,33.73426,33.13608,34.0,30.01666,31.0,29.01724,28.28427,27.65863,27.51363,23.34524,24.5153,23.76973,25.4951,24.16609,24.35159,20.0,19.20937,20.51828,17.02939,18.60108,15.6205,18.38478,18.43909,17.49286,51.24451,50.69517,52.20153,52.63079,55.54278,55.54278,58.24946,58.85576,61.0,61.81424,66.09841,61.52235,67.08204,64.13267,65.11528,67.46851,66.28725,68.24954,68.24954,71.58911,68.88396,68.44706,70.83078,70.83078,70.34202,67.72001,70.88018,67.05222,68.70953,66.30988,66.48308,67.1193,64.84597,64.40497,65.29931,63.63175,64.89992,67.80118,68.60029,66.6033,63.25346,66.52819,65.76473,71.50524,65.79514,64.53681,65.11528,68.76772,67.62396,66.8431,65.0,65.80274,62.68174,62.96825,64.14047,58.66856,60.46487
8.60233,8.60233,9.21954,7.81025,8.48528,7.81025,7.81025,7.81025,7.81025,7.81025,7.81025,7.2111,7.2111,7.2111,7.2111,7.2111,7.2111,7.2111,8.06226,7.2111,7.2111,8.06226,7.2111,6.7082,7.2111,7.2111,7.2111,7.2111,6.40312,6.40312,6.40312,6.40312,6.40312,5.65685,6.40312,5.83095,5.83095,5.83095,5.38516,4.47214,4.47214,4.47214,5.38516,4.12311,4.12311,4.12311,4.12311,4.12311,3.0,4.0,3.0,3.0,52.92447,52.0,46.95743,45.18849,48.76474,41.67733,45.80393,42.2019,43.18565,38.94868,39.59798,40.31129,39.69887,40.45986,35.4683,37.20215,39.20459,36.61967,37.73592,39.96248,36.76955,38.91015,36.35932,38.07887,35.77709,34.88553,38.94868,35.77709,37.21559,33.83785,34.4093,34.48188,34.4093,34.48188,33.6006,30.4795,29.20616,33.42155,32.01562,27.65863,27.65863,26.83282,29.15476,26.92582,26.41969,25.4951,20.61553,23.76973,17.11724,20.02498,19.23538,17.02939,16.12452,22.0,16.27882,18.24829,15.23155,50.15974,46.23851,52.39275,50.9902,54.12947,52.83938,56.35601,55.9017,60.41523,61.29437,61.05735,61.77378,63.13478,62.26556,61.91123,64.49806,64.14047,67.23095,64.49806,67.08204,67.23095,72.01389,71.11962,68.88396,69.35416,67.53518,65.76473,63.07139,69.07966,62.96825,63.56886,61.68468,65.25335,65.73431,66.4906,67.08204,64.93843,65.62012,64.38167,65.0,63.03174,69.0,63.03174,70.25667,63.28507,64.38167,62.28965,63.78871,63.63961,68.06614,65.9242,63.34824,62.96825,62.8172,65.96969,56.75385,62.36185
9.21954,8.24621,8.24621,8.544,8.544,8.544,7.61577,7.61577,8.06226,8.06226,8.06226,8.06226,7.2111,7.2111,7.81025,7.2111,7.81025,7.2111,7.81025,7.81025,7.81025,7.81025,7.2111,7.81025,7.81025,7.2111,7.2111,7.2111,7.2111,6.7082,6.7082,6.7082,6.32456,6.32456,6.08276,5.09902,5.09902,5.09902,5.09902,5.0,5.0,4.0,4.0,4.12311,4.12311,3.16228,3.16228,3.16228,3.16228,3.16228,3.60555,3.60555,51.07837,53.7122,52.49762,44.14748,43.41659,42.95346,44.38468,40.4475,43.18565,37.21559,40.0,39.01282,38.32754,39.20459,37.21559,38.47077,41.7732,39.81206,36.87818,37.10795,37.64306,39.29377,34.48188,40.16217,36.68787,39.29377,36.05551,35.1141,32.98485,31.7805,33.73426,33.52611,36.34556,31.257,33.01515,33.24154,34.0147,31.06445,26.01922,24.73863,29.42788,27.51363,28.4605,26.0,23.4094,23.32381,20.61553,23.85372,20.51828,20.80865,19.41649,21.93171,19.10497,17.80449,19.41649,18.60108,17.49286,48.02083,48.30114,54.12024,52.39275,55.9017,54.626,57.93962,57.77543,60.00833,59.23681,59.13544,60.40695,65.55151,65.19202,63.90618,66.48308,67.06713,67.05222,63.69458,68.942,64.88451,68.35203,68.70953,64.2573,66.48308,68.54196,66.70832,61.32699,67.1193,65.29931,65.8635,61.29437,65.45991,63.60031,64.53681,65.19202,66.70832,64.03124,66.52819,66.48308,67.89698,65.94695,65.94695,72.34639,63.41136,68.8186,65.80274,63.24555,65.0,65.19202,66.28725,61.58734,56.93856,59.5399,61.77378,55.56978,58.59181
8.48528,8.60233,8.06226,7.2111,8.06226,7.2111,7.61577,6.7082,6.7082,6.7082,6.7082,6.32456,6.32456,6.32456,6.32456,7.07107,6.08276,6.32456,6.08276,6.08276,6.08276,6.08276,6.32456,6.32456,6.32456,6.32456,6.32456,6.32456,5.38516,5.83095,5.83095,5.83095,5.0,5.0,5.65685,5.65685,5.0,5.0,4.47214,4.47214,4.47214,4.47214,4.47214,4.12311,4.12311,4.12311,4.12311,4.0,4.0,4.0,4.0,4.12311,48.02083,48.8774,48.75449,46.23851,44.38468,41.4367,41.10961,38.83298,39.62323,40.60788,37.65634,38.47077,35.12834,38.20995,35.12834,38.01316,36.12478,35.22783,35.0571,37.12142,37.21559,34.05877,34.23449,36.49658,35.22783,33.54102,36.05551,36.12478,32.14032,36.12478,34.1321,35.01428,34.1321,31.0,32.14032,30.14963,30.59412,30.80584,27.89265,28.79236,27.85678,26.0,24.59675,24.18677,24.69818,25.6125,20.51828,23.02173,21.93171,21.93171,19.72308,20.0,18.35756,17.20465,17.88854,17.88854,18.68154,51.89412,50.32892,51.5461,55.02727,53.45091,55.36244,56.61272,57.72348,59.20304,59.66574,61.18823,61.61169,65.0,63.56099,65.25335,66.28725,66.4906,67.46851,71.06335,66.94027,68.41053,67.18631,67.44627,68.68042,69.92138,72.42237,69.26038,66.40783,67.06713,67.77905,66.30988,66.30988,66.70832,66.7308,66.24198,65.51336,65.73431,65.80274,63.78087,64.66065,65.94695,68.76772,67.17887,66.48308,68.593,69.35416,67.88225,65.8559,64.53681,64.44377,67.62396,66.61081,61.7171,64.2028,64.03124,61.29437,57.80138
8.544,7.28011,7.28011,7.28011,7.07107,7.07107,7.07107,7.07107,7.07107,7.0,6.0,6.0,6.08276,6.08276,6.08276,6.0,6.08276,6.0,6.08276,6.08276,6.08276,6.08276,6.0,6.08276,6.08276,6.0,6.0,6.0,6.08276,5.09902,5.09902,5.09902,5.09902,4.47214,5.38516,4.47214,5.0,5.0,4.24264,4.24264,4.24264,4.24264,3.60555,3.60555,3.60555,3.16228,3.16228,3.16228,3.16228,3.16228,3.0,3.0,51.08816,53.90733,42.80187,47.50789,44.94441,43.04649,42.04759,43.38202,40.24922,37.0,38.07887,36.68787,37.0,39.05125,36.49658,37.48333,36.67424,35.35534,37.05401,39.20459,39.11521,33.13608,33.06055,37.05401,36.12478,36.34556,38.20995,35.12834,36.12478,32.24903,34.36568,37.64306,31.57531,34.48188,33.83785,32.28002,27.51363,31.38471,31.7805,29.15476,28.01785,27.65863,25.0,28.84441,22.02272,24.83948,23.60085,24.41311,21.0238,21.0238,21.0238,20.39608,17.72005,18.68154,17.26268,16.12452,17.02939,51.26402,49.33559,51.5461,56.04463,57.48913,54.91812,55.44367,60.67125,59.22837,61.81424,61.98387,63.63961,67.26812,64.93843,66.91039,67.36468,68.73136,68.593,67.26812,69.72087,69.46222,68.73136,68.73136,69.2315,68.24954,70.21396,66.09841,70.40597,68.44706,66.48308,63.89053,65.45991,68.30813,65.78754,68.00735,66.30988,66.64083,64.88451,65.76473,68.50547,69.33974,65.21503,66.61081,67.80118,64.63745,63.89053,65.43699,66.70832,67.62396,68.11755,67.20863,66.48308,63.78087,63.25346,63.65532,61.52235,64.38167
8.94427,8.544,8.24621,8.24621,8.24621,7.28011,8.24621,7.07107,8.06226,7.07107,7.07107,7.0,7.0,8.0,7.0,7.0,7.0,7.0,7.07107,7.07107,7.07107,7.0,7.0,7.07107,7.0,7.0,7.0,7.0,7.07107,6.08276,6.08276,6.08276,6.32456,5.09902,5.38516,5.38516,5.38516,4.47214,4.47214,4.47214,4.24264,4.24264,4.24264,4.24264,3.60555,3.60555,3.60555,2.82843,3.16228,2.23607,3.16228,3.16228,50.24938,47.43416,48.8774,48.54894,45.65085,42.94182,42.48529,40.49691,38.8973,43.32436,40.16217,38.83298,39.62323,38.83298,40.31129,38.47077,39.31921,37.01351,35.0,34.1321,38.0526,37.0,38.0526,38.0,37.0,34.05877,36.05551,36.01389,36.01389,37.05401,37.05401,36.12478,34.1321,34.36568,33.95585,34.20526,34.20526,30.67572,30.08322,27.29469,28.84441,29.41088,24.41311,22.36068,24.83948,24.04163,21.93171,21.26029,22.47221,21.09502,19.72308,18.78829,18.78829,17.46425,16.15549,17.46425,15.29706,48.10405,51.26402,51.5461,51.92302,52.63079,55.31727,53.93515,56.08921,57.87055,57.27128,62.36986,63.63961,63.56099,62.96825,62.80127,65.49046,66.91039,67.08204,68.24954,66.91039,66.91039,67.74216,69.2315,70.03571,65.30697,68.65858,65.96969,65.73431,64.53681,65.25335,61.98387,67.05222,65.78754,62.76942,62.76942,63.15853,63.06346,62.96825,63.28507,63.81222,67.41662,65.80274,69.2026,64.66065,66.06815,67.26812,64.44377,66.6033,63.89053,62.28965,65.05382,62.24147,62.24147,59.4138,57.98276,62.96825,53.2635
8.06226,8.06226,7.2111,7.81025,7.2111,7.07107,7.07107,7.07107,7.07107,6.40312,7.07107,7.2111,7.2111,7.2111,7.2111,7.2111,7.2111,7.2111,6.7082,6.7082,6.7082,6.7082,7.2111,6.7082,6.40312,7.2111,6.40312,6.40312,6.40312,5.65685,5.65685,5.0,5.0,5.0,5.0,5.83095,4.47214,4.47214,4.12311,4.12311,4.12311,4.12311,3.16228,3.16228,3.0,3.0,3.0,3.0,2.0,2.23607,2.23607,2.23607,52.34501,47.26521,45.54119,46.38965,42.95346,44.14748,41.23106,41.4367,40.31129,42.72002,41.23106,37.21559,39.82462,36.71512,40.22437,38.18377,37.01351,36.23534,37.64306,37.80212,38.41875,35.38361,34.65545,35.4683,34.71311,34.71311,36.40055,34.05877,36.06938,37.80212,34.71311,34.98571,31.76476,32.75668,33.54102,34.48188,30.8707,30.08322,30.08322,29.12044,30.41381,27.45906,24.73863,23.34524,23.19483,22.36068,22.09072,20.22375,20.61553,20.24846,19.64688,19.69772,16.64332,14.76482,16.40122,18.35756,16.64332,50.53712,51.97115,51.10773,53.53504,53.82379,55.80323,56.85068,57.2014,58.41233,56.61272,61.85467,63.60031,63.60031,65.60488,66.70832,67.35726,68.60029,63.12686,67.80118,68.88396,67.62396,69.52697,67.00746,67.62396,64.2028,67.6757,65.73431,67.42403,66.61081,66.28725,63.63175,66.7308,67.1193,64.84597,67.54258,64.40497,64.62198,67.6757,64.56005,65.96969,69.12308,67.68309,66.4906,65.9242,64.93843,66.75328,66.4906,65.62012,62.514,63.50591,63.03174,68.11755,64.28063,58.42089,62.20129,62.1289,58.00862
8.0,8.06226,8.06226,8.06226,8.24621,8.24621,7.28011,7.28011,7.61577,7.61577,7.61577,7.61577,7.61577,7.61577,6.7082,7.61577,7.2111,7.2111,7.2111,7.2111,7.2111,7.2111,6.7082,7.2111,6.7082,6.7082,6.7082,6.7082,6.7082,6.32456,6.32456,6.32456,6.32456,6.32456,5.09902,5.0,5.0,5.0,5.0,5.0,4.12311,4.12311,4.12311,4.12311,4.12311,3.16228,3.16228,3.16228,3.16228,3.60555,2.82843,2.82843,52.15362,47.16991,49.09175,48.01042,43.04649,44.28318,43.18565,46.38965,38.83298,41.10961,38.60052,39.39543,39.92493,35.4683,38.07887,37.12142,38.48376,38.48376,40.31129,35.51056,38.83298,33.28663,38.83298,37.73592,38.27532,38.27532,36.05551,38.01316,37.58989,35.35534,34.0,36.23534,35.8469,34.43835,32.69557,34.78505,30.67572,31.7805,29.61419,30.80584,26.68333,27.0,26.01922,27.01851,26.4764,25.31798,22.56103,20.02498,20.61553,21.18962,18.86796,17.46425,17.88854,18.02776,19.41649,17.02939,16.97056,48.83646,52.34501,49.51767,56.58622,50.20956,57.31492,55.44367,55.44367,58.00862,57.62812,62.62587,64.03124,64.44377,62.80127,67.62396,63.00794,67.80118,66.21933,68.41053,68.24954,68.11755,69.81404,64.03124,67.35726,66.06815,66.6033,66.06815,66.70832,63.65532,71.44928,57.31492,67.20863,65.43699,64.81512,64.40497,64.07027,59.64059,66.03787,64.00781,65.76473,70.26379,60.92618,68.942,69.07966,66.48308,64.51356,62.96825,62.29767,62.36185,64.19502,61.68468,63.34824,66.4906,56.29387,63.34824,60.01666,58.85576
9.05539,8.06226,8.06226,8.06226,8.24621,8.24621,8.24621,7.61577,7.61577,7.61577,7.61577,7.61577,7.61577,6.7082,6.7082,7.2111,7.2111,7.2111,7.2111,7.2111,6.7082,6.7082,6.7082,6.7082,6.7082,6.7082,6.7082,6.32456,6.32456,6.32456,6.32456,6.08276,6.08276,6.08276,6.08276,6.0,6.0,5.09902,5.09902,5.09902,5.09902,5.09902,4.47214,4.47214,4.47214,4.47214,4.47214,3.60555,3.60555,3.60555,3.60555,3.60555,51.41984,50.80354,46.87217,46.27094,46.09772,42.10701,42.0119,38.11824,40.04997,34.52535,40.31129,40.02499,39.81206,41.0,39.56008,38.27532,37.64306,39.56008,36.68787,38.01316,38.47077,38.01316,35.77709,33.54102,35.4683,36.24914,38.01316,34.0147,35.4683,38.07887,38.01316,33.52611,35.73514,30.80584,32.55764,29.06888,34.1321,32.24903,32.0,29.0,31.01612,27.07397,22.36068,24.33105,21.54066,28.16026,24.73863,26.0,21.0238,19.23538,19.69772,21.40093,19.10497,20.51828,17.69181,18.43909,17.20465,49.51767,48.9183,53.90733,50.44799,56.22277,51.86521,54.6443,59.90826,60.21628,61.85467,60.74537,60.74537,66.85058,66.37017,65.19202,67.6757,64.89992,68.7968,65.0,69.11584,67.95587,67.1193,68.7968,67.1193,66.88797,69.40461,69.02898,65.80274,68.88396,64.03124,67.35726,62.24147,63.70243,64.3506,64.38167,63.89053,65.43699,67.1193,63.24555,66.37017,66.28725,71.11962,63.52952,70.23532,63.50591,64.40497,64.4748,66.30988,66.30988,65.30697,64.84597,65.80274,59.80803,63.89053,60.08328,55.08176,60.16644
8.94427,8.06226,7.81025,7.2111,7.81025,7.81025,7.07107,7.07107,7.07107,7.07107,7.07107,6.40312,6.40312,6.40312,6.40312,7.2111,6.40312,6.40312,5.83095,5.83095,6.40312,6.40312,7.2111,6.40312,6.40312,6.40312,6.40312,5.65685,5.65685,6.40312,5.0,5.83095,5.83095,5.83095,5.83095,5.38516,5.38516,5.09902,5.09902,4.12311,5.09902,4.0,4.0,4.0,4.0,4.0,4.0,4.12311,4.12311,3.16228,4.12311,3.60555,48.8467,45.18849,49.73932,45.27693,44.41846,44.41846,40.45986,41.86884,39.59798,40.36087,38.18377,38.20995,37.53665,36.40055,36.12478,37.01351,37.80212,38.01316,37.21559,37.20215,36.71512,36.89173,34.98571,35.35534,33.10589,34.1321,34.1321,34.0,35.51056,34.48188,35.0,36.40055,33.97058,31.241,34.71311,29.73214,30.41381,29.83287,30.23243,28.30194,29.15476,27.73085,26.57066,24.04163,23.4094,25.29822,25.17936,21.37756,21.0238,19.0,21.0238,20.0,17.02939,18.43909,17.72005,18.02776,17.46425,48.0,52.15362,53.23533,52.46904,53.33854,54.34151,56.08921,58.69412,61.84658,59.22837,60.16644,60.41523,64.53681,67.18631,64.32729,66.40783,69.12308,66.21933,64.7611,68.15424,68.65858,71.80529,67.46851,69.37579,65.96969,67.68309,68.88396,69.05071,64.53681,68.46897,62.514,64.49806,62.1289,63.12686,65.00769,66.0,65.12296,67.1193,66.27217,68.46897,67.74216,67.89698,67.46851,68.88396,65.96969,69.12308,67.44627,67.35726,66.09841,65.14599,62.0967,66.09841,70.21396,57.93962,60.16644,60.53924,58.60034
8.544,7.61577,7.28011,7.28011,7.07107,7.28011,7.07107,7.07107,7.0,7.0,6.0,6.0,6.0,6.08276,6.08276,6.08276,6.08276,6.08276,6.08276,6.08276,6.08276,6.08276,6.08276,6.08276,6.08276,6.0,6.0,6.0,5.0,6.0,5.09902,5.0,5.09902,5.09902,4.47214,4.47214,4.47214,4.47214,3.60555,3.60555,4.24264,4.24264,4.24264,4.24264,3.60555,3.60555,3.60555,3.60555,3.16228,3.16228,3.16228,3.16228,48.33218,51.42956,49.98,44.27189,44.59821,40.5216,41.59327,39.62323,40.60788,39.20459,39.20459,39.11521,35.22783,37.05401,37.21559,35.22783,36.12478,36.87818,34.36568,37.48333,36.87818,34.9285,36.40055,38.83298,36.49658,34.52535,36.49658,36.13862,35.17101,36.22154,34.1321,35.22783,33.13608,33.06055,31.06445,31.0,30.26549,29.15476,29.15476,28.16026,27.65863,28.4605,25.29822,23.4094,21.09502,21.63331,22.80351,21.09502,19.10497,21.93171,18.38478,17.20465,19.20937,16.12452,18.02776,16.55295,19.64688,51.47815,50.60632,53.22593,53.85165,56.46238,57.93962,54.08327,57.38467,58.5235,61.35145,63.24555,64.62198,63.32456,65.78754,63.90618,69.64194,67.6757,68.30813,67.41662,68.35203,68.94926,70.00714,69.64194,73.1642,69.28925,66.21178,64.88451,65.9242,71.11259,64.84597,66.21178,64.88451,66.24198,64.89992,66.57327,63.25346,69.02898,63.70243,66.52819,67.17887,67.17887,65.8559,65.11528,68.0147,68.0147,63.12686,63.25346,67.00746,64.2028,68.24222,65.45991,63.81222,61.85467,63.81222,63.28507,61.40033,59.16925
8.94427,8.06226,8.60233,8.60233,8.60233,7.81025,7.81025,7.81025,7.81025,7.81025,7.81025,7.81025,7.81025,7.81025,7.81025,7.81025,7.2111,7.2111,7.2111,7.2111,7.2111,7.81025,7.2111,7.81025,7.81025,7.07107,7.07107,7.07107,6.40312,6.40312,6.40312,6.40312,5.83095,5.83095,5.83095,5.83095,5.38516,5.38516,5.38516,5.09902,4.12311,4.12311,5.09902,4.0,4.0,4.0,4.0,4.0,4.0,4.12311,3.16228,3.16228,54.12947,51.92302,45.88028,46.57252,46.8188,41.10961,43.46263,43.38202,41.34005,37.44329,40.49691,39.40812,41.6173,40.45986,37.53665,36.06938,41.72529,39.59798,37.53665,38.20995,35.35534,38.41875,34.82815,38.18377,33.97058,36.87818,35.38361,36.79674,35.35534,36.23534,35.38361,33.97058,36.40055,33.28663,32.80244,32.44996,34.1321,34.0147,32.69557,26.57066,27.313,24.69818,29.41088,25.70992,25.07987,25.07987,21.0,26.0,19.23538,19.23538,19.41649,21.37756,19.92486,20.24846,16.15549,18.02776,13.60147,47.53946,47.12749,51.86521,51.86521,55.71355,50.56679,55.03635,58.30952,61.7171,60.00833,62.39391,61.7171,63.50591,64.88451,60.37384,66.7308,64.88451,68.42514,61.26989,68.96376,65.30697,70.49113,67.1193,68.44706,66.64083,69.35416,66.30988,62.64982,67.54258,63.90618,65.45991,60.40695,64.84597,65.14599,63.60031,66.4906,65.62012,65.49046,66.27217,67.26812,65.49046,67.02984,61.0,71.06335,63.07139,66.00758,65.00769,62.03225,68.00735,69.06519,66.27217,62.64982,62.00806,59.21149,60.01666,58.21512,59.3043
8.0,8.06226,8.06226,8.06226,8.24621,7.28011,7.28011,7.28011,7.61577,7.61577,7.61577,7.61577,6.7082,6.7082,6.7082,6.7082,7.2111,6.7082,7.2111,7.2111,7.2111,7.2111,6.7082,7.2111,7.2111,6.7082,6.7082,6.7082,6.7082,6.32456,6.32456,6.32456,6.32456,6.32456,6.08276,5.09902,5.0,5.0,5.0,5.0,4.12311,4.12311,4.12311,4.12311,4.12311,3.16228,3.16228,3.16228,3.16228,3.16228,2.82843,2.82843,51.78803,47.38143,53.08484,46.27094,40.0125,47.01064,40.0125,45.27693,40.1995,40.31129,39.81206,40.80441,37.36308,40.16217,35.8469,37.69615,39.56008,38.47077,40.31129,35.8469,40.24922,38.07887,39.44617,35.34119,37.73592,37.21559,37.16181,36.71512,34.98571,33.54102,35.4683,33.83785,34.78505,37.33631,34.20526,35.90265,32.28002,28.63564,30.26549,28.16026,28.01785,27.07397,28.0,26.01922,25.31798,23.08679,24.69818,23.76973,21.47091,22.47221,20.12461,19.20937,20.24846,20.24846,17.69181,14.86607,16.64332,50.20956,45.34314,53.07542,54.20332,49.0408,56.85948,53.25411,56.61272,58.82176,55.21775,57.68882,63.81222,61.29437,64.3506,66.03787,62.96825,72.40166,63.51378,66.61081,68.00735,67.42403,67.42403,64.89992,68.00735,66.85058,68.41053,68.8186,69.40461,65.94695,65.29931,61.55485,67.17887,64.44377,65.19202,64.03124,66.06815,63.24555,65.21503,66.0303,66.28725,68.60029,62.64982,70.21396,67.08204,67.08204,63.97656,63.97656,62.96825,65.45991,63.90618,65.19202,64.51356,66.12866,58.5235,59.48109,61.35145,57.97413
7.2111,7.2111,7.07107,7.07107,7.07107,7.07107,6.40312,6.40312,6.40312,6.40312,5.83095,5.83095,5.83095,5.83095,5.83095,5.83095,6.32456,5.83095,6.7082,6.32456,5.83095,5.83095,5.38516,6.7082,5.83095,5.83095,5.83095,5.83095,5.83095,5.0,5.65685,5.65685,5.0,5.0,5.0,3.60555,4.47214,4.47214,4.12311,4.12311,3.16228,3.0,3.0,3.0,3.0,3.0,3.16228,3.16228,3.16228,3.16228,2.23607,2.82843,48.76474,46.95743,46.04346,42.72002,44.65423,40.0,43.26662,42.0119,35.35534,37.48333,36.23534,38.41875,39.20459,37.80212,36.87818,36.05551,39.20459,36.89173,35.8469,35.34119,37.12142,33.54102,34.0,37.12142,35.34119,34.88553,32.64966,36.24914,36.05551,32.75668,34.98571,32.44996,34.4093,34.20526,27.80288,29.69848,32.64966,32.52691,27.58623,25.4951,25.6125,26.07681,25.94224,25.4951,26.83282,21.84033,19.64688,21.54066,19.41649,21.2132,20.09975,19.0263,18.0,19.23538,21.37756,17.72005,16.76305,52.39275,51.97115,50.21952,54.12024,54.40588,56.30275,56.61272,58.94065,59.61543,60.16644,62.24147,63.69458,65.55151,67.77905,67.06713,64.62198,68.15424,63.90618,68.00735,68.35203,67.05222,69.92138,63.56886,68.70953,66.85058,71.16881,71.51224,68.41053,64.56005,65.51336,67.68309,67.08204,67.36468,66.48308,67.47592,65.19202,64.07027,67.1193,65.0,68.02941,69.11584,66.37017,64.49806,70.03571,70.03571,62.16912,65.25335,65.73431,69.37579,65.96969,65.51336,64.28841,64.84597,58.5235,61.84658,60.72891,59.80803
8.06226,7.81025,7.81025,7.81025,7.07107,7.07107,7.81025,7.81025,7.2111,7.2111,7.07107,7.2111,7.2111,7.2111,7.2111,7.2111,6.7082,6.7082,6.7082,6.7082,6.7082,6.7082,6.7082,6.7082,6.7082,7.2111,6.40312,6.40312,6.40312,6.40312,5.65685,5.65685,5.65685,5.0,5.0,5.0,5.0,4.47214,4.12311,4.12311,4.12311,4.12311,3.16228,3.0,3.16228,3.0,3.0,3.0,3.0,2.23607,2.23607,2.23607,54.70832,48.08326,46.61545,44.28318,44.77723,42.05948,42.48529,39.66106,39.20459,40.36087,37.64306,39.69887,39.62323,38.28838,38.94868,39.82462,38.41875,35.80503,34.4093,36.40055,37.73592,39.66106,33.12099,36.35932,34.66987,35.0,35.80503,34.4093,34.20526,38.83298,33.42155,33.42155,34.82815,30.0,32.52691,30.61046,33.30165,29.83287,26.62705,31.38471,27.45906,27.85678,22.84732,23.08679,22.56103,22.2036,24.18677,21.2132,22.02272,23.0,21.09502,19.0263,16.27882,18.24829,17.88854,17.88854,14.42221,50.01,49.47727,51.66237,51.86521,55.36244,53.75872,56.0803,58.18935,59.61543,59.23681,62.76942,60.83584,65.19202,65.0,63.69458,65.30697,63.97656,67.1193,62.76942,68.44706,66.85058,67.62396,69.07966,67.41662,65.55151,68.00735,65.19202,64.84597,66.7308,65.52099,62.0967,61.40033,66.70832,66.91039,63.95311,64.93843,66.37017,66.18912,64.07027,67.02984,63.03174,67.02984,66.06815,69.18092,63.28507,66.27217,67.36468,63.63961,64.49806,65.76473,62.80127,63.15061,63.15061,61.98387,59.43904,57.27128,61.39218
8.24621,8.24621,8.544,8.544,8.544,8.06226,8.06226,8.06226,8.06226,7.2111,7.2111,7.2111,7.81025,7.81025,7.07107,7.07107,7.07107,7.07107,7.07107,7.07107,7.07107,7.07107,7.07107,7.07107,7.07107,7.07107,6.40312,7.07107,6.40312,7.2111,6.40312,6.40312,6.7082,5.83095,5.38516,5.38516,5.38516,5.38516,5.09902,5.09902,5.09902,4.0,5.09902,4.0,4.0,4.0,4.0,4.0,4.12311,3.0,3.16228,3.16228,52.61179,50.01,47.80167,46.17359,45.88028,42.37924,44.28318,45.61798,43.909,40.31129,36.61967,40.0,36.87818,40.45986,38.28838,38.20995,41.72529,41.7732,38.20995,38.41875,38.01316,37.01351,37.20215,36.23534,34.05877,38.60052,37.53665,37.80212,37.48333,35.0,34.65545,35.38361,35.38361,38.20995,34.71311,34.20526,32.01562,33.61547,31.90611,28.6531,29.15476,26.92582,29.12044,27.51363,26.24881,22.80351,23.08679,24.02082,19.0263,22.0,19.23538,16.27882,18.68154,18.02776,19.92486,19.23538,16.15549,52.47857,50.24938,51.62364,51.61395,54.40588,54.03702,53.60037,57.48913,59.03389,60.44005,60.44005,60.80296,63.41136,63.12686,65.19202,65.29931,66.21933,67.35726,64.03124,66.4003,68.88396,68.8186,68.60029,68.41053,68.8186,68.7968,68.24222,63.24555,66.88797,65.0,63.06346,63.06346,66.21178,65.79514,64.2573,63.56886,65.80274,66.48308,67.68309,65.11528,66.4906,69.46222,64.49806,70.45566,63.28507,68.11755,67.18631,63.00794,67.00746,66.0,65.06919,64.19502,58.0,57.07889,62.1289,61.40033,62.39391
9.43398,8.60233,8.60233,8.60233,7.81025,7.81025,7.81025,7.81025,7.81025,7.81025,7.81025,7.81025,7.81025,7.81025,7.81025,7.2111,7.2111,7.2111,7.2111,7.2111,7.2111,7.2111,7.2111,7.2111,7.2111,7.2111,7.2111,7.81025,7.07107,7.07107,7.07107,6.40312,6.40312,6.40312,5.83095,5.83095,5.38516,5.38516,5.38516,5.38516,4.47214,4.12311,5.09902,4.12311,4.0,4.0,4.0,4.0,4.0,4.0,3.16228,3.16228,50.08992,50.08992,49.39636,46.04346,46.40043,42.2019,40.60788,43.93177,40.36087,41.01219,41.03657,39.69887,38.60052,37.44329,40.60788,38.83298,36.05551,35.8469,38.07887,35.77709,36.24914,37.21559,36.76955,37.16181,35.77709,35.34119,37.16181,39.35734,35.77709,32.69557,35.77709,33.28663,35.51056,37.20215,32.20248,33.30165,34.05877,30.41381,32.55764,28.3196,27.80288,27.20294,28.30194,26.62705,25.07987,21.18962,23.08679,24.73863,22.36068,20.22375,20.22375,20.22375,22.02272,20.0,20.0,18.11077,16.76305,49.16299,49.81967,49.24429,53.36666,54.12024,53.60037,54.40588,57.00877,60.08328,60.40695,60.16644,61.68468,64.84597,65.45991,65.19202,65.19202,67.6757,65.55151,67.05222,66.7308,67.05222,68.62215,65.80274,68.41053,67.72001,66.21933,68.15424,65.96969,66.94027,66.75328,62.16912,63.50591,65.37584,64.03124,64.03124,64.00781,67.00746,66.0303,62.1289,66.27217,65.49046,65.62012,65.62012,66.28725,62.16912,65.30697,66.21933,64.28841,62.64184,65.80274,63.56886,62.96825,62.62587,59.46427,63.69458,59.23681,61.09828
7.61577,7.61577,7.28011,7.28011,6.32456,7.28011,7.07107,6.08276,6.08276,6.08276,6.08276,6.0,6.0,6.0,6.0,6.0,6.0,6.08276,6.0,6.0,6.0,6.0,6.0,6.0,6.0,6.0,6.0,6.08276,6.08276,5.09902,5.09902,5.38516,5.38516,4.47214,4.47214,4.47214,4.47214,3.60555,4.24264,4.24264,2.82843,2.82843,3.60555,3.60555,3.16228,2.23607,3.16228,3.16228,3.0,3.0,2.0,2.0,52.34501,46.69047,48.10405,44.68781,44.65423,42.80187,41.23106,42.80187,40.31129,39.35734,38.01316,38.91015,38.07887,37.69615,36.68787,37.64306,37.64306,34.9285,35.90265,37.48333,39.20459,36.34556,35.22783,39.05125,32.55764,31.40064,35.69314,34.1321,34.9285,33.54102,32.38827,32.98485,32.98485,32.57299,30.67572,30.8707,29.52965,30.41381,26.40076,26.62705,28.84441,27.01851,25.4951,24.75884,24.20744,21.63331,21.09502,22.47221,19.41649,20.12461,19.72308,18.02776,21.18962,17.26268,15.0333,18.02776,13.0384,50.24938,52.03845,52.03845,55.00909,53.00943,56.00893,55.03635,58.07753,60.07495,59.07622,61.29437,60.40695,65.12296,63.1981,65.12296,64.49806,69.18092,67.36468,66.00758,69.18092,68.11755,70.17834,69.18092,69.11584,65.06919,69.00725,66.0303,66.0303,68.00735,68.11755,64.19502,66.37017,67.47592,66.09841,66.09841,64.03124,64.28841,65.14599,65.14599,65.78754,67.77905,63.56099,67.1193,65.79514,67.08204,64.49806,68.96376,65.36819,65.19202,67.60178,65.51336,64.07027,62.1289,60.80296,63.00794,62.1289,61.7171
8.24621,8.24621,8.24621,8.24621,8.544,7.61577,7.61577,7.61577,7.61577,8.06226,6.7082,7.2111,7.2111,7.2111,7.2111,7.2111,7.2111,7.2111,6.40312,7.2111,7.2111,7.2111,7.2111,7.2111,7.2111,7.2111,6.7082,7.2111,6.7082,6.7082,5.83095,6.32456,6.32456,6.32456,5.09902,5.09902,5.09902,5.09902,5.09902,5.0,4.0,4.0,4.0,4.12311,4.12311,4.12311,3.16228,3.16228,3.16228,3.16228,3.16228,2.82843,51.08816,50.15974,52.00961,44.0,42.04759,46.27094,44.40721,43.56604,41.7732,40.60788,41.48494,39.56008,37.16181,39.0,39.39543,36.23534,38.91015,35.35534,39.11521,35.77709,39.66106,34.66987,38.01316,37.44329,33.01515,35.22783,34.98571,37.73592,36.35932,35.51056,32.69557,35.34119,32.69557,34.43835,33.52611,34.78505,31.01612,31.38471,30.80584,28.16026,26.07681,28.01785,27.0,26.01922,24.08319,21.2132,22.36068,20.22375,22.84732,21.54066,16.55295,21.09502,21.9545,17.49286,17.69181,15.55635,18.43909,46.2277,47.50789,48.16638,53.03772,53.03772,57.31492,55.22681,55.86591,58.13777,57.28001,61.7171,60.30755,63.78087,61.84658,65.11528,63.41136,67.62396,64.38167,67.47592,67.26812,65.06919,65.19202,63.03174,67.89698,64.38167,67.88225,65.8559,69.29646,65.11528,65.8559,62.36986,69.02898,64.40497,64.89992,63.24555,63.81222,60.82763,65.76473,64.84597,67.54258,66.48308,63.69458,69.46222,64.19502,67.6757,63.56886,65.0,61.39218,65.96969,60.63827,65.25335,61.61169,62.0967,57.97413,63.56099,61.81424,57.42822
7.28011,7.28011,7.28011,7.28011,6.32456,6.7082,6.7082,5.83095,5.83095,6.40312,6.40312,6.40312,6.40312,5.65685,5.65685,5.65685,5.65685,5.65685,5.65685,5.65685,5.65685,5.65685,5.65685,5.65685,5.65685,5.65685,5.65685,5.0,5.65685,5.0,5.0,5.0,4.47214,4.47214,4.12311,4.12311,4.12311,4.12311,4.12311,4.0,4.0,3.0,4.0,3.16228,3.16228,3.16228,3.16228,3.16228,3.16228,2.82843,2.82843,2.82843,50.08992,51.0098,48.6621,47.16991,43.41659,41.7732,42.75512,39.05125,42.05948,40.80441,40.31129,36.24914,38.07887,38.47077,37.21559,35.51056,36.71512,38.83298,36.89173,37.20215,36.40055,35.80503,36.40055,35.80503,35.0,36.61967,34.71311,34.71311,35.0,34.05877,33.42155,32.24903,33.61547,33.10589,30.01666,30.8707,29.96665,31.32092,29.12044,25.70992,26.92582,26.1725,26.07681,27.07397,25.07987,20.39608,23.08679,23.5372,17.46425,19.92486,20.61553,17.88854,20.12461,17.80449,17.20465,17.69181,15.55635,53.25411,51.40039,53.41348,57.00877,55.31727,53.15073,56.63921,59.46427,60.1415,60.959,63.65532,62.2254,65.06919,63.63961,65.06919,63.65532,67.17887,68.593,65.06919,67.89698,67.88225,70.00714,69.35416,68.62215,67.94115,67.47592,65.29931,67.47592,66.21933,66.06815,62.42596,66.28725,64.63745,64.49806,68.0,65.29931,66.21178,65.0,64.4748,69.89278,67.06713,69.57011,66.21933,67.72001,66.70832,62.36986,67.68309,65.11528,66.09841,66.91039,63.50591,65.37584,65.37584,61.40033,61.40033,60.13319,60.29925
8.06226,8.0,7.0,7.0,7.0,7.07107,7.07107,7.07107,7.07107,7.07107,7.28011,7.28011,6.32456,6.32456,6.32456,6.7082,6.7082,6.7082,6.7082,6.7082,6.32456,6.32456,6.32456,6.7082,6.32456,6.32456,6.32456,6.32456,6.08276,6.08276,5.09902,5.0,5.0,5.0,5.0,5.0,5.09902,4.12311,3.16228,4.12311,4.12311,3.16228,3.60555,3.60555,2.82843,2.82843,2.82843,2.82843,2.23607,2.23607,2.23607,2.23607,49.81967,49.72927,48.6621,48.37355,45.39824,45.0,43.10452,39.01282,41.01219,41.04875,41.4367,41.0,39.81206,36.13862,39.05125,37.10795,38.62642,38.32754,37.64306,38.27532,39.56008,41.23106,35.8469,36.76955,34.0147,34.0147,36.67424,34.17601,35.1141,35.1141,35.17101,35.44009,32.01562,33.73426,31.257,33.13608,31.14482,32.24903,31.06445,30.0,28.07134,24.18677,27.20294,26.4764,20.61553,26.57066,21.93171,21.09502,18.35756,21.09502,20.0,17.80449,17.69181,16.27882,17.02939,17.49286,16.12452,49.51767,52.34501,49.57822,55.97321,57.62812,55.80323,58.41233,58.41233,60.46487,62.20129,64.40497,62.20129,65.60488,65.45991,68.24222,64.66065,67.41662,67.74216,68.50547,69.06519,71.02816,67.95587,70.0,71.84706,70.21396,69.2026,69.06519,69.6563,66.06815,68.41053,66.06815,69.42622,67.26812,68.11755,68.0147,65.19202,66.06815,67.80118,67.42403,67.41662,69.06519,65.8635,69.46222,68.7968,67.60178,68.02941,66.70832,68.15424,65.74192,65.0,65.39113,64.84597,65.0,61.84658,63.56099,60.00833,61.09828
7.61577,7.61577,7.28011,7.28011,7.28011,7.28011,7.07107,7.07107,7.07107,7.07107,6.08276,6.0,6.0,6.0,6.0,6.0,6.0,6.0,6.08276,6.08276,6.08276,6.08276,6.0,6.0,6.0,6.0,6.08276,5.0,6.08276,5.09902,5.09902,5.09902,5.09902,5.38516,4.47214,5.0,5.0,5.0,4.24264,4.24264,4.24264,4.24264,3.60555,3.60555,3.60555,4.47214,4.12311,3.16228,3.16228,3.16228,3.0,4.0,54.20332,52.15362,47.43416,47.70744,47.50789,41.14608,42.04759,42.15448,37.64306,37.33631,37.94733,41.48494,40.60788,33.73426,33.54102,38.83298,36.67424,39.62323,36.05551,36.12478,39.11521,36.0,35.01428,37.05401,36.0,36.0,34.0,36.05551,36.22154,33.01515,33.37664,35.12834,33.24154,31.40064,31.57531,31.32092,29.41088,31.7805,32.31099,31.76476,27.78489,26.24881,26.62705,26.62705,24.08319,22.62742,24.04163,22.67157,20.24846,19.23538,21.0238,19.31321,18.78829,16.76305,17.72005,20.02498,18.02776,49.39636,52.81098,50.59644,55.36244,54.81788,54.12024,53.85165,57.72348,56.75385,59.20304,62.16912,61.0,65.51336,66.4906,65.30697,67.08204,71.84706,68.06614,65.96969,66.28725,68.24954,70.21396,70.21396,67.68309,68.24954,69.42622,68.65858,67.18631,66.48308,67.05222,65.80274,65.55151,61.84658,63.07139,66.64083,65.29931,67.1193,64.49806,63.28507,69.33974,69.63476,67.62396,69.02898,66.21933,66.8431,66.46804,67.26812,65.06919,68.76772,65.76473,62.93648,67.26812,66.48308,60.1415,64.44377,60.20797,61.55485
7.07107,7.28011,7.61577,7.28011,6.7082,6.7082,6.7082,6.7082,6.7082,5.83095,6.7082,5.83095,6.40312,6.40312,6.40312,5.65685,6.40312,5.65685,6.40312,5.65685,5.65685,5.65685,5.65685,5.65685,6.40312,5.83095,5.0,5.83095,5.83095,4.47214,5.38516,5.38516,5.38516,5.38516,5.09902,4.12311,4.0,4.0,4.0,4.0,4.12311,3.16228,3.16228,3.16228,3.16228,3.60555,3.60555,3.60555,2.82843,2.82843,2.82843,3.60555,53.15073,49.25444,48.25971,45.27693,44.72136,43.17407,42.44997,44.92215,37.69615,41.10961,39.0,39.92493,38.47077,35.8469,38.07887,35.22783,37.73592,35.4683,40.22437,32.80244,36.87818,34.82815,38.8973,37.20215,36.05551,37.64306,33.01515,34.71311,33.83785,35.60899,33.6006,32.44996,34.0,34.0,31.30495,30.41381,30.08322,31.38471,27.89265,27.45906,25.96151,26.01922,27.16616,26.07681,24.08319,21.58703,23.34524,21.2132,19.92486,17.88854,18.35756,18.35756,18.78829,18.02776,18.86796,17.80449,16.27882,47.41308,52.47857,52.83938,54.40588,55.21775,54.20332,54.03702,58.60034,61.22091,59.81639,59.81639,61.7171,64.81512,66.8431,67.62396,65.29931,68.76772,66.06815,68.88396,66.6033,65.43699,71.06335,68.11755,69.40461,67.00746,69.40461,66.61081,65.45991,63.81222,64.3506,64.66065,64.84597,66.7308,65.29931,66.64083,64.88451,65.19202,66.7308,65.0,67.91171,69.64194,66.94027,70.83078,66.4906,65.30697,66.91039,65.11528,66.91039,67.74216,64.77654,65.06919,68.11755,65.49046,60.0,64.28063,62.03225,61.03278
8.06226,7.0,7.0,7.0,7.0,7.0,7.07107,7.07107,7.07107,7.07107,6.32456,6.32456,6.32456,6.32456,6.32456,6.32456,6.7082,6.7082,6.32456,6.32456,6.32456,6.32456,6.7082,6.32456,6.32456,5.38516,6.32456,6.32456,5.09902,5.09902,5.09902,5.09902,5.0,5.0,4.0,4.0,4.0,4.12311,4.12311,4.12311,3.16228,3.16228,3.60555,3.16228,2.82843,2.23607,2.82843,2.82843,2.82843,2.23607,2.23607,2.23607,51.89412,49.65884,48.46648,43.65776,43.32436,44.64303,39.05125,44.59821,36.49658,41.04875,41.01219,40.04997,39.0,36.0,38.11824,37.21559,36.05551,37.21559,38.32754,36.34556,39.31921,33.73426,35.35534,38.20995,34.36568,34.05877,32.55764,32.55764,34.36568,36.67424,36.12478,38.47077,31.01612,35.01428,31.06445,32.01562,27.45906,29.42788,28.63564,25.70992,25.31798,24.35159,25.63201,22.84732,24.59675,20.59126,21.9545,17.69181,20.0,19.20937,16.97056,17.80449,17.49286,16.12452,15.65248,15.65248,16.55295,47.01064,52.80152,50.69517,52.0,52.0,56.46238,55.65968,55.97321,57.87055,55.36244,58.24088,61.03278,63.32456,62.93648,67.41662,60.72891,68.00735,66.76077,68.68042,66.48308,64.84597,70.5195,65.78754,69.26038,67.41662,69.89278,68.94926,69.07966,64.4748,68.42514,59.94164,67.1193,64.41273,64.3506,66.85058,66.28725,61.84658,68.24954,64.53681,65.29931,69.31089,64.44377,73.53911,65.05382,67.94115,67.20119,65.80274,67.62396,67.47592,62.42596,64.2028,65.21503,68.8186,56.85948,63.51378,64.3506,56.30275
8.544,8.24621,8.24621,8.24621,8.06226,8.06226,8.0,8.0,8.0,8.0,8.0,8.0,8.06226,7.07107,7.07107,7.07107,7.07107,7.07107,7.07107,7.07107,7.28011,7.28011,7.07107,7.07107,7.07107,7.07107,7.0,7.0,6.0,7.0,6.0,6.08276,6.08276,6.08276,6.32456,5.38516,5.38516,4.47214,4.47214,4.47214,4.47214,4.47214,4.47214,3.60555,4.24264,3.60555,3.60555,2.82843,2.82843,2.82843,3.16228,3.16228,52.35456,47.42362,46.51881,50.32892,43.08132,45.54119,43.68066,43.17407,41.48494,41.7732,39.20459,40.0125,40.04997,37.01351,38.0526,37.0,41.10961,36.12478,38.20995,37.05401,40.1995,36.34556,38.32754,36.49658,34.1321,37.48333,35.22783,38.01316,35.22783,35.12834,38.01316,34.0147,33.01515,35.01428,32.06244,32.14032,33.06055,32.38827,29.42788,28.4605,29.54657,28.17801,25.4951,23.70654,24.41311,25.0,22.2036,21.63331,23.34524,19.10497,20.61553,16.40122,15.81139,16.64332,15.81139,16.12452,18.68154,47.70744,49.73932,50.60632,53.22593,49.64877,55.9464,52.39275,58.60034,59.23681,56.46238,61.68468,60.74537,63.69458,63.90618,63.56886,61.03278,66.7308,63.24555,70.5762,65.0,63.56886,64.62198,64.51356,67.6757,65.78754,67.77905,67.23095,68.8767,64.84597,65.29931,63.06346,64.49806,63.81222,63.60031,62.20129,63.00794,62.482,63.60031,63.89053,65.11528,67.20863,63.78087,67.17887,65.94695,66.52819,66.4003,63.25346,66.85058,64.07027,63.60031,65.21503,62.80127,63.41136,62.68174,59.07622,61.58734,59.5399
8.48528,7.81025,7.81025,7.81025,7.81025,7.2111,8.06226,8.06226,8.06226,8.06226,7.61577,7.61577,7.61577,7.61577,6.7082,7.61577,7.28011,6.32456,7.61577,7.61577,7.61577,7.61577,6.7082,7.61577,6.7082,6.7082,6.7082,6.7082,7.2111,5.83095,6.40312,6.40312,6.40312,5.65685,5.65685,5.65685,5.0,5.0,5.0,5.0,4.47214,4.47214,4.47214,4.12311,4.12311,4.12311,4.12311,4.12311,4.12311,4.0,3.0,3.0,50.77401,50.53712,52.47857,47.80167,44.20407,43.41659,41.03657,45.96738,42.42641,40.36087,39.82462,39.66106,39.66106,38.60052,37.73592,38.47077,39.35734,38.83298,39.35734,34.9285,39.92493,35.34119,38.07887,36.24914,37.12142,35.77709,38.01316,38.01316,38.94868,35.8469,33.12099,33.61547,37.20215,36.35932,31.62278,30.4795,35.0,32.01562,32.52691,29.06888,26.24881,28.30194,26.41969,27.51363,25.94224,24.59675,22.47221,22.56103,20.39608,21.09502,19.41649,19.23538,21.09502,22.09072,19.64688,16.49242,16.76305,47.04253,51.0392,52.03845,52.15362,50.08992,53.33854,54.08327,55.22681,57.31492,56.7186,62.64982,59.68249,59.84146,63.15061,64.77654,61.98387,66.28725,61.0,68.73136,66.75328,66.75328,67.47592,66.91039,70.03571,68.88396,65.62012,68.46897,65.27634,62.1289,65.06919,63.00794,67.02984,65.06919,63.3877,64.38167,62.64982,62.80127,63.78871,65.9242,65.11528,63.78871,63.60031,67.35726,69.26038,66.7308,63.56886,65.39113,65.30697,67.1193,62.03225,64.07808,63.56099,65.39113,61.7414,61.09828,59.05929,59.16925
8.06226,8.06226,7.81025,7.2111,7.2111,6.40312,6.40312,7.07107,6.40312,7.07107,7.07107,6.40312,6.40312,6.40312,6.40312,6.40312,5.83095,6.40312,5.83095,5.83095,5.83095,5.83095,5.83095,5.83095,6.40312,5.83095,5.83095,6.40312,5.65685,5.65685,5.0,5.0,5.0,5.0,4.47214,4.47214,4.12311,4.12311,4.12311,4.12311,3.0,3.0,4.0,3.0,3.0,3.16228,3.16228,3.16228,3.16228,3.16228,2.82843,2.82843,55.36244,49.0408,54.42426,47.01064,42.94182,45.61798,47.01064,42.05948,42.72002,41.6173,39.69887,39.69887,40.60788,37.48333,36.79674,37.48333,39.05125,38.28838,38.41875,37.20215,38.01316,35.60899,38.01316,42.43819,39.20459,38.07887,38.28838,40.80441,37.53665,34.66987,35.80503,35.38361,36.12478,35.38361,34.65545,35.0,33.6006,32.20248,31.38471,27.73085,23.70654,25.4951,30.36445,25.63201,26.57066,19.23538,24.0,23.34524,21.0238,21.2132,20.61553,18.11077,17.46425,19.92486,22.47221,15.81139,15.26434,51.62364,52.39275,52.0,56.0803,54.12947,59.03389,57.69749,58.60034,59.05929,57.70615,62.64982,65.29931,67.1193,67.60178,66.24198,65.51336,69.77105,67.53518,71.55418,69.77822,71.19691,70.23532,71.11259,71.58911,72.00694,69.35416,69.31811,71.69379,66.64083,72.61543,66.40783,69.92138,68.62215,67.44627,71.30919,69.87131,68.73136,68.73136,69.26038,67.02984,69.06519,69.02898,71.00704,69.02898,72.1734,68.0,64.12488,67.36468,65.37584,67.18631,67.60178,66.09841,68.06614,61.98387,63.63961,64.53681,64.03124
8.24621,8.06226,8.0,8.0,7.0,7.0,7.0,7.07107,7.07107,6.08276,7.07107,6.08276,6.32456,6.32456,6.32456,6.32456,6.32456,6.32456,6.32456,6.32456,6.32456,6.32456,6.32456,6.32456,6.32456,6.32456,6.08276,6.08276,6.08276,6.08276,6.08276,5.0,5.0,5.0,5.09902,5.09902,5.38516,4.12311,4.47214,4.47214,3.60555,3.60555,3.60555,4.24264,3.60555,2.82843,3.60555,3.60555,3.60555,3.60555,3.16228,3.16228,49.47727,52.63079,49.64877,45.54119,46.38965,40.1995,43.01163,44.0,40.0125,36.22154,39.11521,39.31921,39.62323,37.10795,41.23106,35.44009,39.56008,36.40055,37.0,36.05551,35.73514,36.76955,34.9285,34.0147,34.9285,36.05551,35.1141,34.53983,35.4683,34.78505,34.20526,31.62278,32.55764,32.98485,30.26549,29.15476,31.257,30.06659,29.0,27.01851,27.45906,25.31798,26.4764,25.96151,26.24881,25.29822,22.2036,24.16609,18.86796,20.80865,18.86796,17.69181,18.43909,19.20937,15.6205,15.0,17.0,49.81967,47.63402,50.80354,53.00943,55.21775,52.15362,53.0,55.47071,60.20797,58.83026,60.53924,61.58734,61.40033,66.03787,67.1193,65.36819,66.57327,67.60178,65.19202,64.66065,66.57327,71.86793,67.95587,66.03787,68.7968,69.89278,66.85058,66.4003,66.4003,69.02898,62.62587,65.11528,63.63961,65.76473,66.6033,65.43699,65.43699,65.60488,66.4003,66.61081,67.41662,64.66065,67.23095,68.96376,67.1193,71.55418,67.54258,69.35416,68.54196,68.02941,66.70832,65.76473,62.16912,62.96825,61.09828,61.09828,58.5235
8.24621,8.24621,7.28011,7.28011,7.28011,7.61577,7.61577,7.61577,6.7082,6.7082,7.2111,7.2111,7.2111,7.2111,6.40312,7.2111,7.07107,6.40312,6.40312,6.40312,6.40312,6.40312,6.40312,6.40312,6.40312,6.40312,6.40312,5.83095,5.83095,5.83095,5.38516,5.38516,5.38516,5.09902,5.09902,5.09902,5.09902,4.12311,4.0,4.0,4.0,3.0,3.16228,3.16228,3.16228,3.16228,3.16228,2.23607,2.23607,2.82843,2.23607,2.82843,50.96077,49.24429,47.51842,45.12206,44.04543,44.10215,41.10961,40.04997,39.01282,40.1995,43.18565,38.07887,37.85499,38.07887,39.29377,37.69615,35.73514,38.62642,36.76955,39.35734,38.48376,37.33631,35.34119,37.21559,36.24914,33.61547,35.77709,36.67424,35.8469,37.12142,34.0147,34.9285,35.73514,32.28002,34.48188,32.98485,30.26549,29.01724,30.26549,29.15476,29.06888,27.0,27.45906,24.5153,22.56103,24.5153,23.5372,20.12461,20.12461,21.47091,19.72308,17.49286,17.02939,17.69181,15.6205,16.27882,16.27882,49.09175,50.11986,49.73932,53.7122,55.00909,55.00909,54.23099,55.03635,59.09315,55.4617,61.7414,63.15853,62.6099,63.50591,62.64982,62.64982,65.39113,64.88451,67.53518,65.74192,66.64083,67.97794,68.8767,68.96376,68.42514,67.23095,65.8635,65.0,66.03787,67.95587,60.46487,64.2028,62.80127,63.12686,63.65532,63.65532,62.28965,65.29931,63.89053,67.42403,66.21933,66.28725,66.85058,67.6757,66.03787,64.41273,67.23095,64.41273,64.41273,64.41273,64.88451,64.62198,63.56099,59.23681,60.00833,58.87274,58.18075
7.81025,7.81025,8.48528,7.07107,7.81025,7.81025,7.2111,7.2111,7.2111,7.2111,7.2111,7.2111,6.7082,6.7082,6.7082,7.61577,6.7082,6.7082,6.7082,7.61577,6.7082,6.7082,6.7082,6.7082,6.7082,6.7082,6.7082,5.83095,6.40312,6.40312,5.65685,5.65685,5.65685,5.65685,5.65685,5.0,5.0,4.47214,4.47214,3.60555,4.47214,3.16228,3.16228,3.16228,3.16228,3.0,3.0,3.0,3.0,3.0,2.0,2.23607,51.42956,49.92995,47.70744,47.43416,50.21952,45.60702,41.86884,41.72529,41.03657,38.18377,41.10961,40.80441,39.20459,40.0,39.20459,39.96248,37.58989,35.22783,37.21559,36.71512,38.07887,39.44617,37.16181,36.24914,36.67424,37.57659,38.47077,37.21559,36.05551,34.48188,35.80503,31.62278,35.60899,32.80244,34.82815,31.89044,32.64966,29.0,27.01851,31.38471,28.84441,28.63564,25.29822,22.80351,21.93171,22.80351,19.64688,19.23538,20.02498,21.09502,19.64688,20.09975,17.26268,15.13275,18.43909,19.23538,16.15549,49.0,46.04346,50.0,54.23099,55.08176,51.78803,53.33854,53.46027,57.70615,57.70615,58.46366,61.52235,63.34824,64.7611,62.64982,65.73431,66.4906,67.68309,62.96825,67.08204,65.62012,67.08204,67.46851,68.24954,69.2315,66.91039,66.09841,68.73136,68.35934,63.28507,63.28507,66.0303,65.00769,65.00769,66.1211,65.06919,65.49046,65.37584,65.76473,67.46851,63.78871,63.56099,66.94027,68.68042,65.96969,61.68468,66.09841,63.24555,65.45991,64.2573,63.56886,63.69458,62.24147,60.40695,59.61543,60.00833,56.36488
9.43398,8.94427,8.94427,8.94427,8.94427,8.544,8.544,8.544,8.24621,8.24621,8.24621,8.24621,7.28011,8.24621,8.24621,8.06226,7.07107,7.07107,7.07107,7.07107,7.07107,7.07107,7.07107,7.07107,7.07107,7.07107,7.07107,7.28011,7.28011,7.28011,6.7082,6.7082,6.7082,6.7082,5.83095,5.83095,5.83095,5.65685,5.65685,5.65685,5.0,5.0,5.0,3.60555,4.47214,4.47214,4.47214,4.47214,4.12311,4.12311,4.12311,3.16228,52.35456,51.0,49.64877,50.0,46.40043,43.93177,43.86342,43.86342,42.52058,43.93177,41.23106,41.88078,37.20215,37.44329,40.81666,38.94868,40.70626,38.47077,37.57659,37.69615,41.14608,38.07887,39.92493,38.01316,35.77709,38.07887,37.16181,38.07887,37.21559,36.24914,35.35534,36.23534,35.0,36.35932,32.75668,32.80244,31.14482,33.94113,31.40064,30.4795,27.01851,29.83287,26.62705,25.94224,23.25941,24.69818,21.84033,21.58703,20.39608,23.08679,22.2036,17.11724,21.0238,19.0263,17.26268,17.72005,16.15549,50.03998,51.0098,51.0,52.08647,53.08484,53.33854,52.46904,55.44367,59.68249,57.55867,61.0,58.69412,63.50591,65.76473,64.77654,64.03124,67.08204,63.95311,68.88396,68.73136,66.48308,65.76473,67.60178,67.89698,67.60178,65.37584,63.12686,66.18912,65.12296,65.19202,62.00806,65.00769,62.03225,65.12296,67.26812,65.27634,65.37584,66.28725,63.34824,69.63476,64.53681,66.09841,66.09841,68.00735,67.35726,63.56886,64.84597,64.51356,64.62198,63.69458,64.2573,64.07808,64.2573,61.32699,62.64982,63.52952,60.37384
7.28011,7.61577,7.61577,7.61577,6.7082,7.2111,7.2111,6.40312,6.40312,6.40312,6.40312,6.40312,6.40312,7.07107,5.65685,6.40312,6.40312,6.40312,6.40312,6.40312,6.40312,6.40312,5.65685,5.65685,5.65685,5.65685,5.65685,5.65685,5.65685,5.0,5.0,5.0,5.0,4.47214,4.47214,4.12311,4.12311,4.12311,4.0,4.0,4.0,3.0,4.0,3.16228,3.16228,3.16228,3.16228,3.16228,3.16228,3.60555,2.82843,2.82843,51.24451,49.64877,49.0408,45.61798,42.48529,43.04649,46.52956,43.04649,41.40048,39.82462,39.62323,39.59798,36.87818,36.79674,38.18377,38.18377,41.03657,36.79674,36.40055,37.20215,36.61967,35.80503,37.20215,38.07887,35.60899,35.51056,34.4093,35.60899,38.28838,34.82815,34.20526,36.23534,32.55764,36.76955,32.52691,31.62278,34.20526,29.20616,29.41088,26.07681,27.45906,27.51363,26.57066,26.92582,24.04163,21.84033,26.4764,23.5372,19.0263,21.0,18.0,21.0,17.02939,17.0,18.24829,17.46425,17.0,47.75982,49.98,52.0,53.31041,53.22593,55.03635,53.66563,57.24509,57.27128,58.18075,59.94164,61.40033,62.17717,61.77378,63.52952,61.7171,66.24198,63.52952,68.0,70.66116,65.74192,66.64083,67.1193,70.66116,67.54258,68.942,64.88451,67.23095,67.62396,68.62215,63.89053,68.41053,66.21933,62.36986,68.88396,64.77654,64.28063,66.91039,66.18912,66.27217,68.00735,66.0303,68.0,66.1211,67.0,64.28063,66.48308,66.37017,61.66036,63.63961,65.62012,63.78871,63.15061,62.36986,64.53681,57.97413,60.63827
8.06226,7.28011,7.28011,7.28011,7.28011,6.32456,6.7082,6.7082,6.7082,6.7082,6.7082,7.2111,6.40312,6.40312,6.40312,6.40312,6.40312,6.40312,6.40312,6.40312,6.40312,6.40312,6.40312,6.40312,6.40312,6.40312,6.40312,5.83095,5.83095,5.83095,5.38516,5.38516,5.38516,4.12311,4.12311,4.12311,4.12311,4.12311,4.0,4.0,4.0,3.0,3.0,3.0,3.0,3.16228,2.23607,2.23607,2.23607,2.23607,2.23607,1.41421,51.0,48.09366,50.01,45.39824,45.27693,44.91102,40.4475,43.93177,36.67424,41.78516,41.62932,38.91015,39.82462,36.23534,40.31129,38.01316,38.91015,38.47077,38.01316,38.01316,41.04875,36.61967,39.20459,36.06938,35.0,35.0,35.80503,36.05551,33.12099,34.66987,35.35534,39.11521,34.0,36.05551,32.24903,34.78505,30.41381,30.67572,31.01612,28.79236,28.44293,29.15476,24.08319,23.08679,23.08679,21.0,25.07987,20.22375,21.37756,20.22375,19.64688,19.31321,17.46425,16.12452,15.6205,18.60108,17.02939,49.51767,51.73973,47.42362,51.08816,52.00961,57.62812,53.15073,56.63921,57.62812,54.20332,62.20129,61.29437,62.42596,63.51378,64.40497,60.74537,69.2026,62.20129,67.20119,65.11528,65.19202,68.24954,64.44377,66.85058,68.00735,62.20129,64.2028,66.52819,61.55485,67.89698,61.55485,66.52819,65.0,64.07027,65.19202,66.24198,61.58734,64.00781,66.88797,66.24198,69.77105,63.32456,68.942,64.2573,68.94926,64.84597,66.48308,65.51336,66.94027,64.03124,63.89053,61.40033,65.73431,55.57877,61.13101,59.84146,54.33231
8.0,8.06226,8.06226,7.07107,7.07107,7.28011,7.28011,7.28011,7.61577,7.61577,6.7082,6.7082,6.7082,6.7082,6.7082,6.7082,7.2111,6.7082,7.2111,7.2111,6.7082,6.7082,6.40312,6.7082,6.7082,7.2111,6.7082,6.32456,6.32456,6.32456,5.38516,5.09902,5.09902,5.09902,5.09902,5.09902,5.0,4.0,4.0,4.0,4.12311,3.16228,3.16228,3.16228,3.16228,3.16228,3.16228,2.82843,2.82843,2.82843,2.82843,2.23607,53.60037,49.47727,47.67599,47.26521,44.40721,42.10701,44.01136,39.0,42.0,41.19466,41.10961,38.47077,41.97618,37.85499,38.60052,41.76123,37.36308,34.48188,35.73514,36.68787,38.48376,37.33631,37.69615,38.91015,35.1141,35.8469,36.67424,34.53983,35.8469,36.05551,34.17601,35.73514,34.71311,32.75668,34.20526,30.01666,32.01562,31.0,31.0,27.07397,32.01562,25.4951,26.4764,27.65863,20.24846,23.08679,21.18962,18.78829,18.35756,19.23538,17.20465,20.51828,18.02776,15.0,16.27882,17.69181,16.12452,49.20366,52.20153,55.75841,52.15362,52.69725,53.0,55.22681,54.70832,56.60389,58.18075,61.7171,61.7171,60.90156,64.00781,64.49806,65.0,65.36819,66.24198,66.37017,64.88451,63.13478,67.1193,66.64833,67.41662,65.51336,66.85058,65.0,67.42403,66.85058,63.24555,64.66065,65.29931,61.55485,65.11528,67.17887,65.05382,66.52819,67.35726,64.81512,67.62396,66.0303,69.06519,66.57327,68.26419,65.0,68.47627,67.53518,65.74192,63.06346,63.95311,62.64982,63.56099,62.24147,62.24147,61.09828,61.09828,58.5235
9.05539,9.0,8.0,8.0,8.06226,8.06226,8.06226,8.06226,8.06226,7.07107,7.28011,7.28011,7.28011,7.28011,7.28011,7.61577,7.28011,7.28011,7.61577,7.61577,7.61577,7.61577,7.28011,7.61577,7.28011,7.28011,7.28011,7.28011,6.08276,6.08276,6.08276,6.08276,6.08276,6.0,6.0,5.0,5.09902,5.09902,5.09902,5.09902,4.12311,4.12311,4.12311,3.60555,3.60555,3.60555,3.60555,3.60555,3.60555,2.82843,2.82843,2.82843,51.66237,49.47727,51.62364,45.54119,43.10452,43.10452,44.04543,44.01136,41.19466,43.41659,41.59327,38.63936,40.79216,38.63936,38.32754,37.36308,41.10961,37.33631,40.31129,37.69615,38.48376,36.05551,40.70626,39.39543,37.69615,41.78516,36.40055,36.67424,36.05551,36.05551,37.94733,37.36308,40.16217,36.40055,31.7805,33.54102,32.38827,31.06445,30.06659,30.0,28.01785,26.1725,26.07681,23.34524,26.92582,24.73863,21.54066,22.84732,20.24846,21.93171,20.24846,18.43909,16.64332,17.69181,14.86607,17.02939,17.20465,48.41487,49.64877,50.80354,52.69725,51.62364,54.12024,55.07268,55.47071,57.98276,55.9464,59.94164,63.06346,62.17717,62.17717,64.88451,60.82763,65.29931,63.95311,65.8635,66.24198,64.14047,66.24198,66.64833,67.23095,65.51336,68.26419,64.66065,68.24222,65.0,66.21933,58.24946,65.29931,65.29931,63.03174,67.20863,62.93648,63.63961,63.12686,65.43699,65.0,65.21503,64.66065,66.88797,63.63175,64.14047,62.17717,62.16912,64.4748,63.50591,64.84597,62.76942,63.32456,60.92618,57.38467,60.92618,60.40695,58.5235
8.0,8.0,8.06226,8.06226,7.07107,7.07107,7.28011,7.28011,7.28011,7.28011,7.28011,7.61577,6.7082,6.7082,6.7082,6.7082,6.7082,6.7082,6.7082,6.7082,6.7082,6.7082,6.7082,6.7082,6.7082,6.7082,6.32456,6.32456,6.32456,6.32456,6.08276,5.09902,5.09902,5.0,5.0,5.0,5.0,4.12311,4.12311,4.12311,4.12311,4.12311,3.60555,3.16228,3.16228,2.82843,2.82843,2.82843,2.82843,2.82843,2.23607,2.23607,53.14132,48.10405,53.14132,47.29693,46.09772,50.35871,41.4367,44.28318,40.04997,42.10701,44.01136,41.01219,42.0119,37.12142,38.11824,39.31921,41.59327,35.69314,39.56008,38.83298,43.01163,38.32754,36.68787,37.10795,35.69314,38.83298,36.87818,39.62323,36.13862,38.63936,36.67424,40.1995,35.0571,35.12834,36.01389,32.14032,32.06244,33.24154,28.63564,31.57531,29.83287,26.92582,26.24881,25.94224,23.70654,25.55386,22.2036,20.61553,21.40093,17.69181,18.60108,19.84943,17.69181,15.0,17.88854,16.15549,16.76305,50.32892,55.21775,52.43091,55.07268,52.47857,55.07268,58.13777,56.4358,60.00833,57.70615,63.50591,61.32699,65.0,64.07808,66.18912,63.56099,68.0,66.64083,69.77822,67.54258,67.1193,71.58911,65.30697,71.58911,70.23532,70.71068,67.53518,68.60029,67.23095,69.64194,60.21628,67.42403,67.20119,66.21933,63.25346,63.03174,65.79514,67.20863,64.38167,68.68042,66.06815,65.80274,69.2026,67.00746,67.42403,69.64194,67.6757,65.73431,67.1193,64.89992,65.0,64.88451,65.0,61.7171,64.88451,64.14047,58.13777
9.05539,8.24621,8.24621,8.24621,7.61577,7.61577,7.61577,7.61577,7.61577,8.06226,7.61577,8.06226,8.06226,7.2111,7.2111,7.2111,7.2111,7.2111,7.81025,7.2111,7.2111,7.81025,7.2111,7.2111,7.2111,7.2111,6.7082,6.7082,6.7082,6.32456,6.7082,6.32456,6.32456,6.32456,6.08276,5.09902,5.09902,5.09902,5.09902,5.0,4.0,5.0,4.0,4.12311,4.12311,4.12311,3.16228,3.16228,3.16228,3.16228,3.16228,2.82843,56.08921,49.64877,50.24938,46.52956,44.01136,46.01087,43.28972,45.04442,39.81206,46.38965,42.57934,41.23106,38.83298,36.68787,40.80441,41.10961,42.15448,39.35734,40.24922,38.48376,41.62932,37.12142,41.88078,38.01316,37.58989,36.71512,35.8469,40.70626,38.47077,36.67424,37.58989,37.16181,35.4683,37.0,32.57299,35.17101,33.83785,32.55764,33.54102,31.0,28.01785,25.01999,28.07134,26.07681,29.27456,25.17936,21.84033,21.58703,21.18962,20.61553,21.0238,19.23538,19.69772,16.12452,18.60108,17.69181,17.80449,47.43416,52.15362,46.61545,54.91812,50.47772,56.82429,52.7731,55.47071,55.9464,52.83938,58.18075,60.41523,61.77378,61.7171,64.84597,60.83584,67.53518,59.5063,68.47627,65.30697,65.36819,68.09552,60.82763,65.73431,66.24198,65.8635,65.19202,68.7968,61.29437,65.60488,60.30755,68.11755,63.70243,62.24147,60.10824,62.93648,58.25805,64.63745,62.20129,65.19202,66.61081,61.91123,68.26419,66.18912,64.49806,64.88451,63.07139,64.40497,64.40497,60.41523,65.39113,61.09828,63.07139,54.40588,58.24088,61.03278,58.5235
9.43398,8.60233,10.0,9.21954,9.21954,8.48528,8.48528,9.21954,9.21954,8.60233,8.60233,8.60233,8.60233,8.60233,8.60233,8.60233,8.06226,8.06226,8.06226,8.06226,8.06226,8.06226,8.06226,8.06226,8.60233,7.2111,7.81025,7.81025,7.81025,7.07107,7.07107,7.07107,7.07107,6.40312,6.40312,5.83095,5.83095,5.83095,5.38516,5.38516,4.47214,5.09902,5.09902,4.12311,4.12311,4.12311,4.0,4.0,4.0,4.0,3.16228,3.16228,52.55473,48.46648,48.75449,50.53712,48.02083,43.82921,46.87217,45.22168,44.68781,43.27817,39.62323,39.69887,40.36087,41.03657,39.69887,39.20459,40.45986,38.01316,40.0,41.6173,39.96248,38.07887,38.94868,38.27532,37.20215,35.51056,38.60052,39.40812,39.96248,37.44329,36.61967,35.60899,36.76955,35.38361,32.52691,35.38361,33.24154,34.1321,31.38471,28.30194,29.68164,26.83282,30.46309,27.73085,25.0,22.36068,21.58703,22.80351,20.22375,20.02498,20.0,19.0,20.0,19.10497,19.23538,15.81139,15.23155,49.47727,48.38388,52.20153,52.81098,50.69517,50.92151,54.12947,56.85948,56.79789,60.53924,61.7414,59.9333,59.09315,60.83584,64.4748,63.50591,62.6099,60.90156,62.64982,62.24147,64.88451,65.30697,64.88451,63.32456,68.02941,67.77905,64.84597,62.62587,64.19502,65.80274,64.03124,62.36986,63.15061,63.56099,62.96825,61.40033,61.03278,65.00769,66.00758,64.00781,66.00758,65.19202,62.1289,65.27634,65.27634,65.76473,62.28965,64.77654,63.63961,64.77654,63.56099,63.60031,63.34824,58.0517,59.20304,56.75385,55.65968
8.94427,8.94427,8.06226,8.06226,8.06226,7.2111,7.81025,7.81025,7.81025,7.81025,7.81025,7.81025,7.07107,7.07107,7.07107,7.81025,7.2111,7.81025,7.2111,6.40312,6.40312,6.40312,7.81025,6.40312,7.07107,7.07107,7.07107,6.40312,6.40312,6.40312,5.83095,5.83095,5.83095,5.83095,5.83095,5.38516,5.38516,5.09902,5.09902,5.09902,5.09902,5.09902,4.0,4.0,4.0,4.0,4.12311,4.12311,4.12311,4.12311,4.12311,3.60555,51.86521,53.85165,50.53712,47.85394,49.64877,43.56604,44.10215,43.56604,43.60046,44.20407,46.09772,40.45986,41.7732,41.72529,40.31129,41.10961,39.69887,40.0,37.80212,43.60046,42.43819,40.0,38.01316,37.73592,37.20215,36.05551,42.0119,39.20459,37.80212,36.87818,37.01351,36.79674,35.38361,34.65545,38.18377,33.42155,34.82815,31.40064,32.24903,30.52868,30.41381,33.54102,28.23119,25.07987,24.73863,26.92582,24.5153,23.5372,21.09502,22.0,20.09975,23.02173,17.02939,17.26268,18.43909,19.64688,15.65248,51.24451,49.98,52.20153,53.31041,54.12947,57.69749,56.85948,56.79789,58.60034,59.03389,62.17717,63.06346,59.03389,65.74192,61.7171,65.74192,63.50591,64.88451,66.64833,66.18912,69.83552,68.8767,70.68239,67.1193,69.857,66.30988,65.0,66.85058,68.00735,63.60031,66.09841,65.73431,63.32456,63.15061,67.89698,63.15061,65.62012,68.18358,67.18631,63.00794,66.00758,68.06614,67.36468,68.11755,67.36468,65.19202,66.0303,67.74216,66.48308,65.76473,66.4906,65.52099,61.18823,64.7611,60.41523,61.84658,58.94065
7.07107,7.0,7.0,7.0,7.07107,7.07107,7.07107,6.08276,6.08276,6.32456,6.32456,6.32456,6.32456,6.32456,6.32456,6.32456,6.32456,6.32456,6.7082,6.7082,5.38516,5.83095,6.32456,6.32456,6.32456,6.32456,6.08276,6.08276,5.09902,5.09902,5.09902,5.09902,5.0,5.0,4.12311,5.09902,4.12311,4.12311,4.12311,4.12311,3.60555,3.60555,3.60555,3.60555,3.60555,2.82843,2.82843,2.82843,3.60555,3.60555,3.16228,3.16228,51.97115,49.64877,48.83646,46.27094,44.01136,43.0,44.04543,41.10961,45.27693,39.11521,40.60788,41.0,39.05125,40.80441,38.8973,38.8973,41.78516,41.62932,38.07887,38.91015,37.57659,39.92493,39.35734,40.71855,39.82462,39.0,38.07887,38.48376,38.48376,38.62642,35.4683,35.1141,36.68787,35.17101,32.98485,32.75668,32.38827,34.52535,32.24903,29.01724,30.14963,27.29469,28.07134,24.18677,25.4951,25.0,20.88061,22.56103,21.47091,20.80865,20.24846,18.60108,18.86796,18.60108,17.69181,18.43909,19.10497,52.69725,49.39636,54.91812,53.33854,53.2635,55.9464,56.35601,55.00909,59.5399,59.48109,59.48109,63.06346,63.95311,65.74192,63.13478,64.88451,67.08204,67.08204,68.47627,67.08204,63.63175,68.47627,69.97142,68.96376,67.1193,66.37017,66.88797,66.28725,67.6757,65.21503,65.29931,64.66065,63.78087,66.48308,66.48308,66.48308,65.19202,66.70832,65.29931,69.40461,68.24222,63.51378,66.03787,70.49113,65.0,68.47627,68.0,63.50591,65.79514,65.79514,64.40497,66.85058,64.2573,61.98387,62.03225,58.18935,62.29767
8.0,8.06226,8.06226,8.06226,7.07107,7.28011,7.28011,7.61577,7.28011,7.61577,7.61577,7.61577,6.7082,6.7082,6.7082,6.7082,6.7082,6.7082,7.2111,7.2111,7.2111,6.7082,6.40312,6.7082,6.7082,6.7082,6.7082,6.32456,6.32456,6.32456,5.09902,6.08276,5.09902,5.09902,5.09902,5.0,5.0,4.0,4.12311,4.12311,4.12311,3.16228,3.16228,3.16228,3.16228,3.16228,3.16228,2.82843,2.82843,2.82843,2.23607,2.23607,49.0408,48.70318,49.47727,47.07441,46.38965,44.10215,43.28972,40.04997,42.0,42.0119,41.4367,40.1995,41.10961,37.48333,40.79216,42.37924,40.26164,37.94733,41.48494,38.62642,41.10961,41.10961,37.69615,38.48376,40.5216,36.24914,38.27532,38.62642,37.69615,37.0,36.05551,37.94733,37.10795,33.95585,34.20526,35.12834,33.0,32.01562,33.0,27.01851,29.06888,29.42788,24.5153,24.5153,24.35159,21.54066,24.16609,22.84732,21.9545,20.80865,18.86796,19.20937,17.80449,14.86607,18.43909,17.20465,15.6205,51.47815,50.9902,51.47815,55.03635,53.7122,56.30275,57.58472,57.56735,59.13544,59.46427,60.92618,60.44005,61.46544,61.35145,63.24555,63.60031,68.62215,62.93648,65.55151,67.06713,65.78754,68.35203,64.84597,66.70832,65.55151,66.18912,64.84597,66.64083,65.29931,66.64833,63.28507,67.23095,63.28507,65.45991,64.40497,64.53681,65.29931,67.89698,66.48308,63.78087,63.70243,64.66065,66.6033,65.0,67.00746,67.80118,68.50547,65.73431,66.03787,61.91123,64.88451,63.95311,62.64982,60.37384,62.16912,61.84658,55.47071
9.21954,9.21954,9.21954,9.21954,8.06226,9.05539,9.0,8.0,8.0,8.0,8.0,8.06226,8.0,8.0,8.06226,8.06226,8.06226,8.06226,8.06226,8.06226,8.06226,7.07107,7.07107,8.06226,8.06226,7.07107,7.0,7.0,7.07107,7.0,7.07107,7.07107,6.08276,6.32456,6.32456,6.32456,5.38516,5.83095,5.83095,5.83095,5.0,5.0,5.0,5.0,4.24264,4.24264,4.24264,3.60555,3.60555,3.60555,3.60555,3.60555,55.22681,49.92995,50.53712,49.64877,45.69464,49.98,43.68066,45.22168,42.75512,43.93177,45.35416,41.30375,43.18565,39.20459,41.10961,42.10701,42.0119,39.05125,40.0125,40.11234,42.0,41.10961,41.10961,38.11824,38.0526,42.0,39.11521,40.0125,40.0125,41.01219,36.05551,41.01219,38.11824,39.31921,33.54102,37.10795,34.71311,31.95309,30.8707,31.62278,29.96665,31.76476,26.41969,25.05993,24.83948,25.80698,25.6125,24.75884,25.0,21.40093,21.93171,19.41649,19.31321,20.61553,21.0238,23.08679,15.29706,50.69517,50.0,48.38388,53.60037,50.69517,55.54278,57.27128,57.27128,61.18823,56.88585,60.82763,60.20797,63.34824,63.15061,64.53681,61.81424,68.73136,61.0,66.70832,65.9242,65.30697,65.51336,61.61169,64.13267,66.21933,69.12308,66.09841,64.84597,60.44005,66.7308,61.09828,68.70953,65.55151,65.74192,63.07139,62.64982,61.40033,64.66065,64.66065,68.00735,71.40028,63.60031,67.62396,63.89053,69.52697,65.79514,67.89698,63.65532,67.20863,59.39697,70.93659,63.82006,65.80274,50.93133,62.62587,60.60528,60.60528
7.28011,7.28011,7.28011,8.24621,7.07107,7.07107,7.0,7.0,7.0,7.0,7.0,7.07107,7.07107,7.07107,7.07107,7.07107,7.07107,7.07107,7.07107,7.07107,7.07107,7.07107,7.07107,7.07107,7.07107,6.08276,6.0,6.0,6.0,6.0,6.08276,6.08276,5.09902,5.09902,5.09902,4.12311,4.12311,4.47214,4.47214,3.60555,3.60555,3.60555,2.82843,2.82843,2.82843,2.82843,2.23607,3.16228,3.16228,2.23607,3.16228,3.0,51.73973,48.83646,50.32892,48.27007,45.80393,42.43819,41.34005,46.32494,41.34005,42.54409,39.21734,40.80441,39.21734,40.80441,41.10961,43.65776,40.80441,41.97618,40.4475,38.83298,42.42641,40.4475,38.63936,39.31921,39.45884,39.11521,41.30375,40.26164,39.29377,39.62323,38.07887,38.07887,34.52535,37.33631,33.52611,33.10589,34.0147,33.54102,31.62278,29.15476,31.76476,27.80288,30.41381,24.20744,22.67157,24.04163,22.80351,21.63331,21.0238,19.41649,20.61553,20.61553,19.64688,18.97367,17.11724,16.27882,18.02776,52.03845,52.23983,53.23533,55.57877,53.46027,57.87055,58.54912,58.30952,58.54912,56.7186,60.41523,65.51336,64.13267,67.91171,67.46851,66.09841,67.46851,66.70832,68.24954,68.73136,68.35934,68.593,68.73136,68.46897,71.84706,68.593,66.48308,71.17584,67.18631,67.0,63.00794,70.00714,65.06919,63.78871,68.06614,66.09841,64.03124,67.46851,67.44627,68.15424,67.05222,62.76942,70.00714,67.23095,68.54196,66.18912,65.8635,66.7308,68.96376,67.1193,62.17717,64.07027,62.43397,56.85948,63.28507,62.20129,58.41233
7.2111,7.2111,7.2111,7.2111,7.2111,6.7082,6.7082,6.32456,6.32456,6.32456,6.32456,6.32456,6.32456,6.08276,6.08276,6.08276,7.07107,6.08276,6.08276,6.0,6.08276,7.07107,6.0,6.08276,6.08276,6.08276,6.08276,6.32456,6.32456,5.38516,5.38516,5.38516,5.38516,5.38516,4.47214,4.47214,4.24264,4.24264,4.24264,4.24264,3.60555,3.60555,3.60555,3.16228,2.23607,3.16228,3.16228,3.16228,3.0,3.0,2.0,2.23607,50.60632,50.80354,48.41487,46.09772,49.51767,47.38143,44.04543,45.60702,42.72002,41.04875,41.34005,42.54409,45.17743,41.14608,41.14608,39.56008,41.62932,39.21734,37.33631,38.62642,41.48494,39.62323,39.29377,39.84972,38.8973,41.78516,37.94733,37.64306,37.94733,37.64306,37.36308,37.0,38.07887,34.0147,36.24914,34.20526,33.83785,35.60899,32.01562,27.65863,30.61046,28.3196,28.3196,26.90725,26.62705,20.51828,23.70654,23.70654,19.69772,21.93171,20.61553,17.72005,20.22375,21.09502,20.09975,19.0263,20.02498,51.35173,53.93515,54.81788,53.60037,56.75385,54.34151,56.32051,56.61272,61.03278,62.29767,62.29767,59.23681,65.14599,64.84597,67.35726,62.93648,69.26038,68.00735,65.52099,68.94926,66.48308,68.68042,67.18631,67.68309,66.48308,69.42622,70.0928,68.24954,65.76473,64.49806,66.27217,67.26812,65.12296,65.06919,69.0,67.06713,66.1211,66.61081,68.35934,71.19691,68.24954,66.48308,65.52099,68.68042,63.89053,68.96376,67.35726,67.06713,68.54196,67.06713,65.39113,62.6099,63.97656,59.48109,62.17717,61.77378,59.03389
9.05539,9.0,9.0,9.0,8.0,8.06226,8.06226,8.24621,8.24621,8.24621,8.24621,8.24621,7.28011,7.28011,7.28011,8.544,7.61577,7.61577,7.61577,7.61577,7.28011,7.61577,7.61577,7.28011,7.28011,7.28011,7.28011,7.28011,7.07107,7.07107,7.0,7.0,7.0,6.0,6.08276,6.08276,6.08276,6.08276,5.38516,5.38516,5.38516,5.38516,4.47214,4.47214,4.47214,4.47214,5.0,4.24264,4.24264,4.24264,4.24264,3.60555,52.63079,52.61179,49.24429,48.16638,46.09772,45.0,44.0,43.01163,44.10215,43.28972,43.28972,42.44997,44.38468,39.05125,39.05125,38.8973,38.60052,40.8534,40.49691,40.49691,43.38202,42.72002,41.62932,39.56008,38.62642,38.8973,38.48376,40.16217,35.73514,39.92493,37.16181,38.8973,36.05551,38.07887,35.73514,34.1321,35.12834,34.23449,34.1321,32.06244,31.01612,30.14963,29.27456,28.86174,27.65863,24.73863,25.70992,25.07987,23.08679,23.4094,22.82542,20.59126,19.10497,20.61553,17.02939,17.80449,17.80449,49.73932,51.31277,49.73932,54.12024,54.58938,56.4358,54.58938,59.48109,60.37384,56.82429,60.92618,60.92618,62.6099,62.16912,65.29931,65.0,65.79514,65.30697,66.18912,67.08204,68.09552,67.1193,63.95311,67.53518,64.88451,67.60178,67.74216,66.57327,66.57327,65.21503,63.89053,64.2028,63.89053,66.06815,68.593,65.19202,61.6198,68.76772,65.43699,65.80274,64.40497,63.24555,65.19202,66.37017,64.14047,67.1193,66.64833,64.4748,67.62396,61.26989,61.7414,62.24147,62.64982,58.30952,62.64982,59.80803,59.13544
8.544,8.24621,8.24621,8.24621,7.28011,7.07107,7.07107,7.07107,7.07107,7.0,7.0,7.0,7.0,7.0,7.07107,7.07107,7.07107,6.08276,7.07107,6.08276,6.08276,6.08276,6.08276,7.07107,6.08276,7.0,6.0,6.0,6.0,6.0,6.0,6.0,6.08276,5.09902,5.38516,5.38516,5.38516,4.47214,4.47214,4.47214,5.0,5.0,3.60555,4.24264,3.60555,3.60555,3.60555,3.60555,3.60555,3.16228,3.16228,3.16228,52.20153,51.5461,49.47727,48.27007,47.29693,45.54119,44.01136,42.04759,42.0,41.0,42.0119,39.05125,39.31921,39.31921,42.42641,42.42641,41.0,39.29377,37.10795,38.8973,40.5216,40.26164,40.49691,39.21734,35.90265,40.16217,39.84972,39.39543,43.32436,37.36308,38.60052,35.90265,36.87818,37.10795,36.22154,35.22783,34.1321,33.13608,35.01428,30.01666,31.01612,29.42788,28.86174,26.92582,25.4951,25.63201,23.76973,20.59126,22.47221,21.63331,23.34524,19.84943,19.79899,17.69181,19.10497,17.02939,19.72308,49.73932,51.89412,52.7731,52.0,55.54278,52.92447,55.15433,56.64804,58.18935,59.61543,62.96825,62.03225,62.03225,63.32456,63.32456,67.06713,67.06713,68.68042,64.62198,67.77905,66.48308,65.79514,69.07966,69.35416,67.1193,68.44706,67.1193,62.17717,66.18912,65.0,63.63175,66.03787,66.85058,67.80118,69.02898,65.43699,66.52819,65.79514,63.70243,67.26812,68.0147,68.11755,66.21933,70.80254,65.0,66.21933,66.0303,68.7968,64.89992,65.0,64.41273,61.91123,60.41523,64.41273,62.16912,62.64982,60.82763
8.60233,8.60233,7.81025,7.81025,7.81025,7.81025,7.07107,7.81025,7.07107,7.2111,7.2111,7.2111,7.2111,7.2111,7.2111,7.2111,7.2111,6.7082,6.7082,6.7082,6.7082,6.7082,6.7082,6.7082,6.7082,7.2111,7.2111,6.40312,6.40312,6.40312,5.65685,5.65685,5.65685,6.40312,5.83095,5.83095,5.0,4.47214,5.38516,5.38516,5.38516,5.09902,4.12311,4.12311,5.09902,4.0,4.0,4.0,4.0,4.12311,4.12311,4.12311,52.49762,48.70318,50.15974,52.20153,47.42362,48.33218,44.10215,43.41659,43.82921,47.20169,45.45327,41.10961,46.01087,39.59798,42.44997,43.18565,43.41659,41.10961,41.23106,37.01351,40.80441,40.0,42.05948,42.80187,40.22437,40.60788,38.83298,40.60788,38.01316,37.80212,38.28838,41.03657,31.89044,36.06938,36.12478,34.71311,35.4683,32.64966,32.20248,32.44996,30.52868,31.38471,29.54657,27.85678,27.20294,25.29822,26.4764,22.2036,24.73863,23.02173,22.09072,21.0238,20.09975,17.26268,18.97367,22.80351,21.47091,50.32892,50.32892,48.46648,56.79789,50.08992,53.7122,54.12947,55.15433,57.80138,54.56189,58.18075,63.06346,60.82763,63.63175,67.97794,62.96825,68.09552,60.41523,67.62396,64.00781,65.39113,69.77105,68.02941,65.29931,66.21178,67.1193,67.23095,70.00714,62.76942,67.77905,62.62587,68.96376,65.25335,64.53681,64.77654,68.88396,61.52235,67.26812,66.27217,67.06713,70.02857,65.00769,67.00746,68.02941,70.11419,67.47592,66.27217,64.13267,68.06614,61.39218,65.62012,65.51336,63.95311,60.63827,61.0,63.89053,58.69412
8.544,8.544,7.61577,7.61577,8.06226,8.06226,8.06226,7.81025,7.2111,7.2111,7.81025,7.81025,7.81025,7.07107,7.07107,7.81025,7.81025,7.07107,7.81025,7.81025,7.07107,6.40312,7.07107,7.07107,7.07107,7.07107,7.07107,6.40312,6.40312,6.40312,6.40312,5.83095,5.83095,5.83095,5.83095,5.38516,5.38516,4.47214,4.12311,4.12311,4.12311,4.12311,4.0,4.0,4.0,3.0,3.0,3.0,3.16228,3.16228,3.16228,2.23607,53.23533,51.15662,52.95281,48.27007,49.72927,51.5461,41.4367,46.8188,42.37924,48.33218,42.05948,43.41659,44.28318,36.89173,42.72002,43.93177,40.60788,40.45986,42.63801,37.64306,44.68781,40.45986,41.03657,39.69887,38.18377,39.05125,40.36087,36.06938,34.82815,41.10961,39.69887,40.49691,35.8469,35.8469,34.66987,36.76955,34.98571,33.54102,33.24154,33.24154,34.48188,28.44293,30.41381,27.29469,28.07134,24.02082,27.01851,21.09502,25.01999,21.37756,21.2132,21.84033,18.68154,18.38478,18.60108,18.78829,18.86796,48.54894,51.61395,48.25971,55.60576,49.20366,54.67175,56.85068,56.85068,59.66574,56.0803,57.62812,60.20797,63.89053,62.00806,63.78087,60.82763,69.42622,62.00806,68.41053,68.11755,68.88396,66.06815,65.0,67.80118,67.35726,64.40497,67.20119,72.11103,62.42596,68.26419,60.90156,64.49806,64.14047,61.32699,66.21178,66.64083,62.62587,65.19202,67.6757,63.89053,68.41053,63.15061,68.24954,65.30697,68.24954,67.26812,64.19502,67.47592,65.12296,65.37584,62.20129,66.0303,66.27217,56.32051,59.03389,64.00781,60.00833
9.43398,9.43398,8.60233,8.60233,7.81025,7.81025,8.48528,8.48528,8.48528,8.48528,8.48528,7.81025,7.81025,7.81025,7.81025,8.06226,7.2111,7.2111,7.2111,7.2111,7.81025,7.2111,7.2111,7.2111,7.2111,7.2111,7.81025,7.07107,7.07107,7.07107,7.07107,7.07107,6.40312,6.40312,5.83095,5.83095,5.83095,5.83095,5.83095,5.38516,4.47214,4.47214,5.38516,4.12311,4.12311,4.12311,4.12311,4.0,4.0,4.0,3.0,3.0,55.03635,52.83938,54.70832,51.61395,51.0392,46.40043,45.60702,46.40043,46.75468,46.69047,46.09772,44.04543,46.8615,43.60046,44.68781,43.04649,43.26662,39.66106,43.26662,40.24922,42.48529,43.41659,42.94182,43.38202,38.94868,40.31129,39.39543,42.48529,42.19005,38.58756,38.94868,39.96248,39.66106,41.04875,35.60899,36.40055,35.38361,34.65545,36.06938,31.14482,31.82766,32.01562,30.23243,28.84441,28.63564,25.4951,22.84732,27.51363,22.47221,24.35159,19.64688,20.88061,22.36068,21.37756,21.09502,19.0263,18.43909,47.12749,46.8188,50.92151,52.49762,53.31041,57.00877,55.15433,53.7122,53.7122,53.7122,60.37384,59.5063,62.64982,61.7171,60.41523,63.07139,64.88451,63.07139,65.19202,65.39113,67.77905,65.45991,65.55151,68.15424,69.28925,65.19202,63.32456,66.12866,65.52099,65.25335,64.53681,67.08204,67.08204,64.19502,67.18631,63.12686,68.06614,67.00746,66.0303,62.03225,65.12296,67.47592,68.18358,69.87131,66.75328,68.15424,67.18631,65.25335,67.05222,67.05222,66.70832,65.80274,64.56005,63.90618,65.19202,66.48308,60.92618
10.04988,9.0,9.0,9.0,9.0,9.05539,9.05539,8.06226,8.06226,8.06226,8.06226,8.24621,8.06226,8.24621,7.28011,8.24621,8.24621,8.24621,7.28011,7.28011,7.28011,7.28011,7.28011,7.28011,7.28011,7.28011,7.07107,7.07107,7.07107,7.07107,7.0,7.0,7.0,6.0,6.08276,6.08276,6.08276,6.32456,5.38516,5.38516,5.38516,5.38516,5.0,4.47214,4.47214,4.47214,4.24264,4.24264,4.24264,4.24264,3.60555,3.60555,55.22681,54.58938,53.08484,52.0,49.0,51.0098,50.08992,48.04165,46.69047,45.54119,42.95346,47.80167,46.09772,42.44997,42.72002,43.65776,47.12749,42.72002,40.49691,44.28318,43.38202,39.82462,40.31129,39.81206,39.39543,38.01316,38.48376,41.14608,41.4367,40.49691,41.23106,40.49691,35.44009,37.94733,37.94733,36.49658,34.9285,33.37664,35.22783,34.36568,33.01515,30.06659,29.27456,28.16026,26.30589,28.44293,25.96151,25.0,25.07987,26.24881,22.36068,20.12461,21.63331,19.84943,17.69181,17.69181,20.61553,44.55334,44.55334,49.49747,53.2635,50.9902,54.56189,54.20332,54.67175,58.25805,58.00862,59.07622,62.1289,60.46487,63.82006,63.00794,64.07027,68.60029,67.42403,66.0303,67.35726,64.63745,68.76772,66.6033,65.21503,66.4003,63.60031,62.93648,68.0147,64.38167,64.3506,64.3506,67.26812,63.41136,63.25346,65.21503,61.29437,65.19202,67.1193,66.03787,65.36819,65.74192,67.23095,67.62396,71.17584,70.93659,66.40783,66.40783,69.92138,68.68042,66.7308,66.12866,66.09841,66.21933,64.03124,65.25335,63.15061,63.56099
8.60233,8.60233,8.94427,8.06226,8.06226,8.06226,8.06226,7.61577,7.61577,7.61577,7.61577,7.28011,7.28011,7.28011,7.07107,7.28011,7.07107,7.28011,7.07107,7.07107,7.07107,7.07107,7.07107,7.07107,7.07107,7.28011,6.32456,6.32456,6.32456,6.7082,5.38516,5.83095,5.83095,5.83095,5.83095,5.0,5.65685,5.0,4.24264,4.24264,5.0,5.0,4.47214,4.47214,4.47214,4.12311,4.12311,4.12311,4.12311,4.0,4.0,4.0,52.00961,50.0,54.91812,49.09175,43.82921,49.64877,44.28318,48.75449,42.72002,47.92703,43.65776,41.76123,44.59821,38.07887,39.56008,40.79216,42.29657,41.19466,40.1995,38.11824,43.10452,38.32754,41.01219,41.10961,40.31129,42.19005,37.48333,42.29657,38.0526,37.33631,38.63936,37.85499,35.35534,39.05125,32.98485,35.44009,34.17601,31.7805,29.96665,31.38471,31.38471,29.68164,27.01851,26.62705,27.80288,26.1725,24.75884,24.08319,22.2036,23.60085,22.36068,21.9545,19.69772,18.24829,18.24829,19.92486,21.0238,44.14748,48.50773,45.35416,52.88667,47.67599,54.45181,48.37355,54.33231,58.30952,50.48762,57.42822,59.3043,59.21149,59.68249,63.28507,58.13777,65.12296,57.42822,70.34913,64.07027,65.19202,66.18912,61.40033,67.74216,66.61081,67.08204,62.16912,65.51336,60.63827,65.80274,61.84658,64.03124,67.05222,60.74537,64.2573,62.03225,62.24147,65.8635,63.95311,62.26556,65.73431,61.03278,71.28113,61.22091,67.42403,64.40497,63.00794,63.78087,65.79514,60.959,65.05382,60.81118,62.96825,60.81118,62.28965,64.44377,60.959
8.544,8.544,8.24621,8.24621,8.24621,8.24621,7.07107,7.07107,7.07107,7.0,7.07107,7.07107,7.0,7.0,7.0,7.0,7.0,7.0,7.07107,7.07107,7.0,7.07107,7.0,6.08276,7.0,7.0,7.0,7.0,6.0,6.08276,6.08276,6.08276,5.09902,5.38516,5.38516,5.38516,5.0,4.47214,5.0,5.0,5.0,4.24264,4.24264,3.60555,3.60555,3.60555,3.60555,3.60555,3.16228,3.16228,4.12311,4.0,55.03635,54.626,55.71355,51.62364,49.98,48.08326,49.72927,47.80167,48.05206,45.89118,43.28972,44.40721,46.17359,44.18144,41.10961,42.10701,45.01111,40.1995,42.10701,42.10701,43.28972,41.04875,42.42641,39.62323,41.04875,39.11521,42.10701,37.65634,38.11824,41.0,37.01351,40.0125,39.05125,35.0571,36.22154,35.12834,36.22154,36.01389,33.73426,32.98485,31.04835,29.52965,30.8707,27.85678,28.23119,26.07681,26.92582,25.23886,22.67157,21.26029,22.62742,20.80865,20.0,20.51828,20.24846,18.78829,21.84033,46.51881,50.15974,50.15974,51.26402,53.48832,54.08327,54.78138,56.921,57.87055,58.5235,60.44005,59.48109,62.0967,62.36185,63.32456,65.52099,66.09841,65.0,66.21933,66.76077,66.40783,67.35726,68.00735,66.7308,64.56005,69.57011,66.7308,63.32456,64.88451,65.30697,63.56099,64.84597,65.36819,63.51378,67.41662,61.85467,65.0,67.00746,64.03124,65.8559,65.8559,67.17887,65.05382,69.35416,64.3506,68.11755,66.70832,69.02898,67.80118,65.21503,67.42403,66.61081,64.3506,62.1289,65.21503,66.37017,65.0
9.84886,9.48683,9.48683,9.48683,8.24621,9.21954,9.21954,8.06226,8.24621,8.06226,8.06226,8.0,8.0,8.0,8.0,8.0,8.0,8.0,8.06226,8.06226,8.0,8.0,8.0,8.06226,8.0,8.0,8.0,7.0,7.0,7.07107,7.07107,7.07107,6.08276,6.08276,6.32456,6.32456,6.32456,5.38516,5.38516,5.38516,5.0,5.0,4.47214,5.0,4.24264,4.24264,4.24264,3.60555,3.60555,3.60555,3.60555,3.16228,55.22681,50.24938,55.4617,52.3259,45.18849,47.53946,44.38468,48.38388,45.88028,45.60702,42.37924,43.73786,41.59327,42.19005,40.79216,42.04759,47.01064,43.01163,41.0,43.0,43.01163,42.0119,42.10701,41.10961,40.11234,37.12142,37.05401,40.1995,39.05125,42.0,38.01316,42.0,36.05551,37.01351,38.32754,36.12478,33.37664,34.71311,33.73426,32.89377,31.04835,31.30495,28.63564,25.4951,24.59675,26.62705,26.40076,23.60085,24.75884,22.67157,21.26029,20.61553,20.51828,18.60108,18.02776,18.38478,15.23155,45.35416,48.83646,47.67599,49.49747,51.62364,52.23983,52.34501,50.35871,57.31492,54.23099,57.21888,57.31492,59.4138,59.21149,62.07254,61.07373,63.1981,60.13319,61.52235,64.28063,63.3877,66.37017,61.52235,65.11528,65.62012,67.89698,63.78871,65.51336,60.41523,64.53681,58.82176,64.56005,60.16644,61.09828,60.00833,63.97656,60.37384,61.91123,62.76942,62.96825,63.24555,61.61169,65.80274,64.03124,63.41136,66.70832,62.36986,61.55485,62.96825,60.10824,62.24147,61.6198,63.78087,58.79626,62.36986,62.482,56.0357
9.48683,8.94427,9.84886,8.94427,8.94427,8.06226,8.06226,8.60233,8.60233,8.60233,7.81025,7.81025,7.81025,7.81025,7.81025,8.48528,7.81025,7.81025,8.48528,8.48528,7.81025,8.48528,7.81025,7.81025,7.81025,7.81025,7.81025,7.81025,7.2111,7.2111,7.2111,7.2111,7.2111,6.7082,6.32456,5.38516,5.38516,5.38516,5.09902,5.09902,5.09902,5.09902,5.09902,4.0,4.0,4.0,4.0,4.12311,4.12311,4.12311,3.16228,3.16228,61.03278,56.04463,53.14132,49.98,49.76947,49.65884,49.1935,49.24429,45.65085,48.8774,45.0,45.0,45.60702,46.40043,42.2019,43.93177,44.82187,41.03657,44.55334,42.63801,43.13931,43.86342,44.55334,44.04543,42.44997,43.27817,41.86884,41.10961,43.86342,43.13931,40.36087,38.94868,42.52058,37.64306,33.01515,40.60788,36.61967,34.4093,35.51056,30.41381,31.32092,28.16026,33.10589,29.41088,28.16026,27.16616,26.07681,28.16026,22.09072,25.01999,23.08679,21.2132,21.09502,20.22375,19.92486,18.02776,17.49286,44.92215,47.75982,48.38388,56.64804,54.23099,57.69749,55.15433,53.85165,56.79789,58.69412,63.95311,60.03332,62.16912,62.17717,65.29931,60.90156,63.52952,64.14047,64.41273,61.26989,63.52952,65.29931,67.08204,67.08204,67.1193,64.88451,60.82763,65.9242,62.03225,67.41662,59.46427,69.28925,65.14599,65.51336,65.11528,62.16912,63.15061,66.75328,65.49046,65.37584,66.18912,66.06815,64.07027,66.00758,67.02984,67.26812,65.12296,67.36468,64.38167,66.91039,64.62971,64.49806,62.20129,60.82763,64.32729,63.34824,62.0967
9.48683,8.544,8.94427,7.61577,8.94427,7.61577,8.06226,8.06226,7.2111,7.2111,8.06226,7.2111,7.2111,7.2111,6.40312,7.81025,7.07107,7.81025,6.40312,7.07107,7.07107,7.07107,7.81025,6.40312,6.40312,6.40312,7.2111,6.40312,5.83095,7.2111,5.83095,5.38516,6.32456,5.38516,5.38516,6.32456,5.09902,5.09902,5.09902,5.0,5.0,5.0,4.0,4.0,4.12311,4.12311,4.12311,4.12311,4.12311,3.60555,3.60555,3.60555,51.47815,51.47815,50.08992,49.1935,48.8774,47.16991,47.43416,44.82187,45.0,44.82187,44.82187,44.20407,41.10961,41.72529,41.01219,44.20407,41.6173,38.60052,39.20459,40.22437,38.83298,40.22437,39.44617,37.21559,39.40812,38.83298,40.80441,35.80503,39.40812,40.49691,36.89173,37.64306,37.01351,36.40055,36.87818,31.14482,33.24154,33.30165,33.01515,33.83785,32.44996,28.6531,27.73085,25.63201,24.69818,24.35159,24.5153,25.0,24.18677,23.02173,24.02082,22.02272,19.10497,19.10497,17.26268,18.24829,19.23538,48.37355,47.85394,50.80354,50.01,49.47727,54.12024,53.16014,54.70832,58.5235,55.02727,60.08328,61.98387,61.68468,60.08328,60.16644,62.29767,65.45991,65.0,66.48308,63.56886,61.68468,66.7308,64.84597,67.06713,65.80274,63.32456,63.60031,62.8172,64.03124,63.34824,62.96825,62.96825,61.66036,61.52235,63.50591,63.28507,64.03124,63.07139,62.28965,63.3877,63.28507,67.89698,65.37584,67.89698,61.0,68.65858,63.50591,67.08204,62.58594,65.0,62.62587,64.84597,61.35145,63.24555,61.09828,60.08328,62.64184
9.05539,9.05539,9.0,9.0,9.0,8.0,8.0,8.06226,8.06226,8.06226,8.06226,8.06226,8.06226,8.24621,8.06226,8.24621,7.28011,8.24621,7.28011,8.24621,7.28011,7.28011,7.07107,7.28011,7.07107,7.07107,7.07107,7.07107,7.07107,7.0,7.0,7.0,6.0,6.08276,6.08276,6.08276,5.09902,5.09902,5.09902,5.38516,4.47214,4.47214,4.47214,3.60555,3.60555,3.60555,2.82843,3.60555,2.82843,2.82843,2.82843,2.23607,55.7853,55.31727,54.45181,48.50773,51.24451,48.50773,52.03845,46.04346,48.01042,44.04543,45.04442,43.18565,43.73786,45.39824,43.93177,40.79216,44.14748,41.76123,42.44997,41.23106,42.05948,42.72002,39.29377,41.23106,39.56008,42.72002,41.23106,42.72002,41.76123,38.60052,39.05125,37.36308,38.07887,38.07887,36.12478,37.33631,36.12478,34.1321,34.1321,30.0,30.0,30.41381,29.42788,28.44293,26.4764,25.07987,24.69818,26.24881,21.47091,23.60085,21.63331,18.43909,21.26029,16.12452,17.69181,18.35756,17.0,45.27693,46.66905,49.51767,47.38143,51.66237,49.67897,55.31727,53.90733,58.13777,57.38467,57.80138,59.03389,61.84658,60.21628,60.80296,63.82006,64.07027,67.42403,62.62587,67.20119,64.40497,65.80274,68.00735,66.4003,64.66065,66.06815,63.60031,62.00806,64.53681,64.53681,61.55485,62.28965,61.52235,62.28965,61.07373,62.36986,63.60031,61.61169,62.1289,61.58734,63.51378,64.14047,64.88451,69.77822,63.06346,60.40695,63.97656,65.55151,64.2573,67.77905,63.56886,65.78754,63.56886,62.29767,62.93648,58.18935,63.56886
9.21954,9.21954,8.48528,8.48528,8.48528,8.48528,7.81025,7.81025,7.81025,7.2111,7.81025,7.2111,8.06226,7.2111,8.06226,8.06226,8.06226,8.06226,7.61577,7.61577,7.61577,6.7082,7.61577,6.7082,6.7082,7.2111,7.2111,6.40312,6.40312,7.2111,6.40312,6.40312,6.40312,5.65685,5.65685,5.65685,5.0,5.0,4.47214,4.47214,4.47214,4.47214,3.16228,4.12311,4.12311,3.16228,3.16228,3.0,3.0,2.0,3.0,2.23607,58.60034,50.53712,55.9464,51.47815,49.09175,51.61395,42.72002,48.25971,42.0119,48.60041,45.27693,43.13931,43.27817,41.86884,41.72529,42.63801,42.63801,38.60052,43.82921,37.80212,44.10215,37.20215,41.18252,39.66106,41.04875,35.51056,38.01316,39.66106,39.11521,37.73592,39.20459,38.41875,33.6006,38.41875,33.30165,38.18377,33.24154,33.30165,32.64966,33.83785,28.84441,28.01785,27.29469,27.20294,25.94224,24.16609,25.29822,21.93171,24.33105,23.34524,20.22375,21.0238,19.0263,16.27882,17.72005,17.46425,19.69772,47.01064,50.0,44.18144,54.33231,47.26521,57.27128,52.46904,53.60037,56.88585,52.95281,60.01666,59.22837,60.41523,61.61169,65.30697,60.16644,67.91171,60.87693,69.63476,65.73431,65.73431,63.56099,64.7611,67.18631,65.0,67.26812,66.09841,68.44706,58.0517,68.593,55.3263,68.73136,64.12488,65.03076,64.0,61.0082,61.0082,64.12488,64.62971,63.63961,68.73136,63.15061,70.03571,61.18823,72.03471,67.46851,65.25335,68.00735,66.40783,61.84658,66.40783,64.51356,69.64194,58.5235,64.51356,66.12866,59.9333
10.81665,9.43398,10.81665,9.43398,9.43398,8.94427,8.94427,8.94427,8.544,8.544,8.544,8.544,8.544,8.544,8.544,8.24621,8.24621,8.24621,8.24621,8.24621,8.24621,8.24621,8.24621,8.24621,8.24621,7.28011,7.28011,7.61577,7.61577,7.61577,6.7082,6.7082,6.7082,7.2111,5.83095,6.40312,6.40312,6.40312,5.65685,5.0,5.65685,5.0,5.0,5.0,4.47214,4.47214,4.47214,4.12311,4.12311,4.12311,4.12311,4.0,62.64982,56.79789,59.61543,53.85165,53.75872,52.81098,54.42426,52.20153,47.80167,47.29693,46.87217,48.50773,47.26521,43.41659,43.41659,48.09366,46.09772,43.04649,44.04543,42.04759,46.01087,42.0119,43.04649,41.10961,40.0,44.0,38.01316,44.04543,41.01219,44.0,43.04649,40.04997,37.0,37.21559,35.22783,34.36568,36.87818,32.75668,33.73426,32.75668,32.57299,28.23119,31.30495,28.6531,25.55386,26.41969,24.18677,24.41311,21.26029,21.26029,18.38478,19.79899,21.40093,19.72308,19.69772,18.97367,19.64688,47.20169,51.0392,48.25971,51.0,51.0,54.20332,51.97115,55.9464,57.70615,55.00909,58.30952,61.7171,59.94164,65.9242,62.64982,60.16644,65.79514,61.84658,68.02941,65.79514,67.08204,67.97794,65.74192,68.02941,68.15424,65.29931,66.64083,66.64833,67.60178,67.74216,62.76942,65.51336,65.19202,65.0,65.80274,65.94695,63.78087,66.6033,64.44377,66.46804,67.20863,68.11755,68.76772,66.8431,66.61081,66.37017,66.85058,69.83552,69.64194,65.80274,67.95587,71.02112,70.72482,65.76473,68.96376,70.23532,68.8767
9.43398,9.21954,9.21954,9.21954,9.21954,8.48528,8.48528,8.48528,8.48528,8.48528,7.81025,7.81025,7.81025,7.81025,7.81025,7.81025,7.81025,7.2111,7.81025,7.81025,7.2111,7.81025,7.2111,7.2111,7.81025,6.40312,7.07107,7.07107,7.07107,7.07107,6.40312,6.40312,6.40312,6.40312,5.83095,5.83095,5.83095,5.38516,5.38516,5.38516,5.09902,4.47214,5.09902,4.12311,4.12311,4.0,4.0,4.0,4.0,4.0,4.12311,3.16228,61.77378,53.23533,52.83938,51.97115,51.0392,45.80393,49.40648,50.80354,47.63402,41.6173,43.18565,42.52058,43.86342,40.36087,39.69887,42.80187,45.0,42.2019,40.60788,39.96248,40.22437,39.40812,41.04875,39.40812,40.60788,41.88078,37.01351,37.80212,37.80212,36.61967,39.20459,34.82815,33.94113,34.65545,34.71311,34.05877,33.94113,33.01515,32.24903,30.23243,26.92582,26.41969,27.85678,27.73085,24.35159,25.29822,21.84033,22.80351,22.36068,20.09975,22.0,20.02498,21.0,20.39608,19.23538,18.02776,18.02776,49.0102,47.04253,51.08816,51.24451,53.03772,53.33854,54.45181,56.7186,58.69412,58.85576,60.01666,59.68249,62.16912,64.13267,62.36986,63.56099,62.8172,66.28725,64.77654,67.26812,65.51336,66.09841,67.08204,64.62971,65.11528,67.26812,65.62012,65.9242,64.77654,61.52235,64.28063,63.12686,65.03076,66.00758,62.00806,64.07027,64.38167,66.61081,64.38167,64.93843,64.13267,67.46851,65.25335,65.52099,63.60031,66.12866,65.45991,62.29767,70.5762,62.62587,64.07808,64.4748,63.15853,61.7414,62.64982,63.07139,62.6099
9.84886,9.48683,9.48683,8.544,8.544,8.24621,8.24621,8.06226,8.06226,8.06226,8.06226,8.06226,8.06226,8.06226,7.0,8.0,7.0,7.0,7.0,7.0,7.0,7.0,7.0,7.07107,7.07107,7.0,7.0,7.07107,7.07107,7.07107,6.32456,6.32456,6.32456,6.32456,6.32456,5.38516,5.83095,5.83095,5.83095,5.0,5.0,5.0,5.0,4.24264,4.24264,4.24264,4.24264,4.24264,3.60555,3.60555,4.47214,3.60555,59.36329,51.31277,55.75841,51.0,52.7731,50.9902,49.65884,51.47815,44.38468,44.94441,46.8188,42.44997,41.23106,39.84972,41.23106,39.45884,39.62323,36.22154,41.19466,40.31129,42.04759,39.11521,38.11824,40.1995,38.01316,39.11521,39.11521,38.20995,37.33631,39.11521,36.22154,38.20995,34.52535,37.36308,33.54102,35.1141,30.08322,31.01612,27.73085,30.36445,31.95309,28.63564,28.01785,26.41969,26.90725,27.80288,26.24881,24.75884,24.75884,24.75884,21.2132,21.93171,21.63331,21.63331,20.12461,21.0238,20.24846,46.14109,50.60632,47.85394,51.89412,49.76947,52.80152,51.62364,54.626,61.09828,53.14132,60.08328,61.68468,61.40033,62.93648,65.14599,58.69412,67.72001,60.74537,66.40783,66.40783,65.9242,68.30813,64.84597,63.24555,64.51356,64.51356,65.78754,70.00714,63.15853,67.62396,59.61543,63.50591,62.17717,62.43397,61.85467,61.29437,57.42822,62.62587,62.20129,64.03124,66.70832,63.70243,69.31089,62.96825,66.46804,63.12686,63.25346,68.11755,67.62396,60.60528,67.47592,66.06815,68.24954,62.00806,64.2028,68.00735,61.03278
11.40175,10.44031,10.19804,9.21954,9.21954,9.05539,9.05539,9.05539,9.05539,9.05539,8.0,9.0,8.0,8.0,8.0,8.06226,8.06226,8.06226,8.06226,8.06226,8.0,8.0,8.0,8.06226,8.0,8.06226,8.0,8.06226,7.07107,7.0,7.07107,7.07107,7.07107,6.32456,6.32456,6.32456,6.32456,5.38516,5.83095,5.83095,5.83095,5.83095,5.0,5.0,5.0,5.0,5.0,4.24264,5.0,5.0,5.0,3.60555,56.4358,57.70615,57.69749,55.4617,49.98,52.0,45.31004,50.92151,50.0,46.57252,46.57252,43.56604,44.91102,44.72136,43.28972,43.10452,44.18144,42.0119,40.04997,41.04875,44.01136,42.0119,40.0,39.01282,41.0,42.10701,38.01316,42.0,38.11824,41.01219,39.11521,40.04997,37.12142,37.48333,38.11824,36.13862,35.17101,33.24154,32.28002,31.62278,33.61547,29.12044,29.96665,26.40076,27.29469,27.45906,25.55386,24.20744,24.08319,28.42534,23.34524,20.51828,23.60085,22.2036,23.85372,21.18962,17.49286,47.38143,48.83646,47.20169,51.61395,53.00943,52.69725,53.25411,54.08327,57.98276,56.60389,58.30952,60.53924,62.17717,62.64982,61.77378,60.83584,63.50591,61.26989,65.36819,63.52952,64.00781,68.0,65.0,63.06346,68.09552,66.03787,65.51336,63.63175,62.26556,67.1193,63.24555,63.51378,62.80127,62.482,61.07373,63.03174,64.38167,65.06919,63.63961,63.78087,65.94695,65.60488,65.0,66.28725,66.85058,66.0303,68.50547,65.8635,66.03787,65.73431,66.28725,66.37017,69.83552,66.64083,64.49806,67.1193,64.88451
9.89949,10.63015,9.21954,9.89949,9.21954,9.21954,9.21954,8.60233,8.60233,8.60233,8.60233,8.60233,8.06226,8.06226,7.2111,8.06226,7.61577,8.06226,7.61577,7.61577,7.61577,7.61577,7.2111,6.7082,6.7082,7.2111,7.2111,7.2111,7.2111,6.40312,6.40312,6.40312,6.40312,5.65685,6.40312,6.40312,6.40312,5.83095,5.83095,5.0,5.38516,5.38516,4.47214,5.38516,4.12311,4.12311,4.12311,4.0,4.0,4.0,4.0,4.12311,60.82763,61.52235,58.41233,56.63921,51.66237,53.90733,52.63079,47.01064,47.20169,45.22168,47.43416,42.19005,43.82921,43.82921,42.94182,42.04759,43.86342,40.8534,40.8534,44.38468,44.59821,43.46263,43.32436,41.78516,38.27532,40.49691,39.0,39.56008,40.49691,42.15448,39.92493,39.35734,39.39543,39.81206,37.21559,34.0,33.61547,33.61547,33.6006,32.01562,33.30165,34.65545,32.55764,28.28427,29.06888,27.01851,27.78489,25.23886,23.85372,23.70654,23.76973,20.59126,18.38478,19.64688,22.56103,20.02498,21.0,45.0,51.62364,45.65085,47.50789,49.1935,52.3259,52.3259,53.31041,57.00877,55.54278,59.23681,57.93962,59.80803,60.16644,57.00877,59.48109,64.19502,60.72891,63.56886,65.52099,61.98387,65.80274,63.90618,64.19502,66.48308,63.56886,65.78754,64.84597,66.12866,61.46544,62.16912,67.62396,62.24147,61.29437,65.30697,64.00781,62.1289,64.3506,64.3506,64.07027,66.0303,66.21933,69.40461,67.47592,67.80118,70.17834,67.20119,66.6033,68.62215,68.68042,67.88225,67.17887,70.00714,69.35416,70.03571,67.89698,65.06919
8.94427,8.94427,8.94427,8.94427,8.06226,8.06226,8.06226,7.2111,7.2111,7.81025,7.2111,7.81025,7.07107,7.07107,7.07107,7.07107,6.40312,7.07107,7.07107,7.07107,7.07107,7.07107,7.07107,6.40312,7.07107,7.07107,6.40312,6.40312,6.40312,6.40312,5.83095,5.83095,5.83095,5.83095,5.38516,5.38516,4.47214,4.12311,4.12311,4.12311,4.12311,4.0,4.0,3.0,3.0,3.16228,3.0,3.16228,3.16228,3.16228,3.60555,2.82843,62.43397,56.93856,57.42822,54.08327,50.0,53.00943,51.40039,52.47857,46.09772,47.42362,45.25483,43.13931,45.25483,41.86884,41.72529,44.20407,40.45986,44.20407,42.0119,40.22437,43.82921,40.49691,43.01163,42.43819,41.04875,41.04875,40.31129,41.6173,39.40812,40.0,37.01351,37.48333,37.48333,39.82462,32.64966,38.8973,36.06938,32.64966,33.30165,28.42534,29.20616,25.80698,28.63564,28.84441,28.17801,23.4094,23.4094,24.04163,21.58703,20.61553,19.41649,21.09502,17.0,19.0,19.0,17.26268,16.15549,44.38468,47.12749,43.41659,50.0,46.57252,53.93515,49.47727,50.69517,54.34151,49.81967,55.57877,56.32051,55.9017,59.4138,59.68249,57.42822,61.29437,58.03447,64.62971,63.50591,61.52235,62.28965,59.4138,65.27634,62.28965,60.67125,59.68249,65.49046,60.82763,65.62012,56.88585,65.51336,63.34824,61.13101,63.78871,62.0967,62.03225,64.84597,64.51356,61.84658,66.48308,63.15853,69.857,62.16912,69.31811,66.37017,67.60178,66.7308,64.41273,63.06346,65.76473,66.88797,67.60178,61.77378,65.29931,68.96376,66.24198
10.44031,10.44031,9.21954,10.19804,9.21954,10.19804,9.05539,9.05539,9.05539,8.0,9.05539,9.0,8.0,8.0,9.0,8.0,9.0,8.0,8.06226,8.0,8.06226,8.0,8.0,8.06226,8.0,8.0,8.0,7.0,8.06226,7.07107,7.07107,7.07107,6.08276,6.08276,6.32456,5.38516,5.38516,5.38516,5.38516,5.38516,4.47214,4.47214,3.60555,4.24264,3.60555,3.60555,3.60555,2.82843,2.82843,2.82843,2.23607,2.23607,60.03332,60.82763,57.69749,53.7122,56.36488,52.7731,53.48832,50.56679,51.5461,47.75982,47.75982,46.8188,45.22168,46.32494,45.35416,44.28318,47.16991,43.28972,43.28972,45.09989,42.19005,43.18565,43.04649,44.28318,39.05125,43.28972,39.05125,44.0,41.10961,42.29657,37.48333,39.62323,40.4475,36.34556,39.05125,34.48188,37.65634,33.24154,34.53983,29.54657,30.8707,29.96665,29.54657,26.83282,24.18677,27.01851,22.02272,21.26029,23.43075,19.84943,19.41649,19.20937,18.60108,17.49286,16.12452,15.29706,14.31782,46.61545,44.82187,47.01064,48.83646,49.67897,48.83646,50.9902,51.62364,54.67175,53.75872,55.31727,55.60576,58.0517,55.97321,56.22277,60.21628,59.40539,60.0,61.07373,58.60034,58.82176,62.20129,63.00794,62.80127,63.25346,64.40497,62.482,62.00806,63.12686,63.89053,58.25805,62.96825,60.20797,61.52235,63.65532,62.2254,63.03174,64.81512,62.42596,65.45991,63.60031,65.21503,64.40497,65.19202,65.21503,66.28725,69.89278,66.57327,66.57327,68.96376,68.0,65.74192,68.60029,67.23095,67.08204,66.64833,68.60029
10.63015,10.63015,10.63015,10.63015,10.0,10.0,9.43398,9.43398,9.43398,9.43398,8.94427,8.94427,8.94427,8.94427,8.94427,8.544,8.544,8.544,8.544,8.544,8.544,8.544,7.61577,8.544,7.61577,7.61577,7.61577,8.06226,8.06226,6.7082,7.2111,7.2111,7.2111,7.2111,6.40312,6.40312,5.65685,5.65685,5.65685,5.65685,5.0,5.0,5.0,5.0,4.47214,3.60555,3.60555,4.47214,4.12311,3.16228,3.16228,3.0,60.30755,60.87693,61.07373,55.97321,55.0,56.0357,52.20153,53.60037,48.82622,48.54894,48.76474,47.41308,46.09772,43.82921,45.31004,45.88028,43.65776,40.8534,44.94441,41.48494,45.88028,43.32436,42.2019,37.36308,42.72002,41.48494,40.26164,42.95346,40.80441,41.23106,37.64306,38.62642,39.39543,39.56008,35.1141,34.43835,37.12142,34.0,34.66987,32.44996,30.23243,29.41088,28.28427,29.69848,26.24881,25.45584,22.80351,22.67157,23.60085,20.59126,21.09502,19.23538,19.69772,18.43909,15.29706,15.29706,17.02939,47.80167,46.04346,44.94441,50.0,46.32494,51.97115,52.3259,51.42956,52.7731,52.7731,55.03635,55.9464,57.38467,59.23681,58.69412,60.53924,60.92618,59.61543,62.39391,61.46544,65.0,64.2573,61.68468,66.48308,61.68468,60.92618,63.69458,65.0,63.15853,64.4748,63.52952,64.40497,61.26989,63.63175,66.37017,64.14047,63.24555,66.4003,65.21503,63.60031,67.00746,68.11755,66.70832,67.94115,67.20863,67.17887,67.17887,70.71068,70.00714,66.46804,65.76473,67.89698,67.94115,66.6033,68.68042,68.76772,65.19202
9.21954,9.21954,8.24621,8.24621,8.24621,7.28011,7.28011,7.28011,7.28011,7.61577,7.61577,7.61577,7.61577,7.61577,7.61577,7.61577,7.61577,7.2111,6.7082,7.2111,7.2111,6.7082,5.83095,5.83095,6.40312,6.40312,5.83095,5.83095,5.83095,5.38516,5.38516,5.38516,5.09902,5.09902,5.0,4.0,4.0,4.0,4.12311,4.12311,3.16228,3.16228,3.16228,2.23607,2.23607,3.0,3.16228,1.41421,1.41421,1.41421,2.23607,2.0,61.07373,60.03332,59.00847,58.0,56.00893,55.08176,54.14795,52.23983,50.48762,49.64877,47.85394,47.07441,46.32494,45.60702,44.92215,44.27189,44.27189,43.65776,43.08132,43.46263,42.54409,42.04759,42.04759,41.14608,41.14608,40.24922,40.24922,39.81206,38.48376,38.48376,38.48376,37.16181,36.76955,36.40055,35.1141,34.78505,33.52611,32.28002,30.80584,30.59412,29.27456,28.16026,27.07397,26.01922,25.0,24.02082,23.08679,22.09072,21.2132,19.41649,18.68154,18.02776,17.46425,17.0,16.12452,16.64332,16.40122,47.85394,49.1935,49.64877,51.0,51.97115,53.33854,54.3783,54.91812,56.85948,57.42822,58.82176,59.40539,60.0,60.60528,62.62587,62.62587,64.03124,64.03124,64.03124,64.03124,64.81512,64.81512,64.81512,65.0,65.0,65.0,65.21503,66.0303,64.89992,65.19202,65.51336,65.8635,64.88451,65.29931,65.30697,65.79514,65.9242,66.48308,67.06713,66.40783,67.05222,67.44627,68.15424,67.68309,68.44706,68.24954,69.05071,68.88396,68.73136,68.593,68.593,68.46897,68.46897,68.35934,68.35934,67.36468,67.26812
10.04988,10.04988,9.05539,9.05539,9.05539,9.21954,9.21954,8.24621,8.24621,8.24621,8.24621,8.544,7.28011,7.61577,7.61577,7.61577,7.61577,7.61577,7.61577,7.61577,7.28011,7.61577,7.28011,7.28011,7.28011,7.28011,7.28011,6.32456,6.08276,6.32456,6.08276,6.08276,6.08276,6.0,5.0,5.0,5.0,5.0,5.09902,5.09902,4.12311,5.09902,4.12311,4.12311,4.47214,3.60555,3.60555,3.60555,3.60555,2.82843,2.82843,2.82843,56.0803,59.00847,56.0803,53.0,57.07889,52.03845,51.24451,49.0102,46.69047,45.54119,45.09989,45.54119,45.35416,44.14748,41.10961,42.05948,41.10961,42.05948,42.72002,40.80441,43.46263,40.49691,38.94868,38.62642,36.76955,40.49691,36.76955,37.69615,37.33631,39.92493,37.94733,36.05551,34.20526,35.73514,33.73426,32.24903,30.08322,30.26549,30.06659,30.01666,27.0,25.01999,25.07987,27.01851,22.2036,22.56103,26.68333,19.31321,22.13594,19.69772,21.18962,19.31321,13.41641,16.97056,15.55635,17.02939,14.42221,47.16991,48.37355,48.50773,49.0306,53.85165,53.60037,54.42426,55.65968,57.58472,54.70832,55.02727,57.56735,61.35145,62.62587,63.56099,58.59181,62.6099,63.07139,60.41523,59.9333,61.26989,67.53518,62.17717,63.97656,65.0,65.39113,65.9242,65.39113,64.4748,65.79514,61.09828,62.03225,62.03225,64.51356,63.89053,66.40783,63.56099,65.11528,61.81424,67.89698,64.32729,65.49046,66.91039,67.60178,65.49046,69.26038,69.35416,66.1211,68.26419,67.06713,68.06614,70.06426,70.06426,65.12296,67.02984,64.07027,64.12488
10.29563,9.43398,9.43398,8.06226,8.60233,8.06226,8.60233,8.60233,7.81025,7.81025,7.81025,7.81025,7.07107,7.07107,7.07107,7.07107,7.07107,7.07107,6.40312,7.07107,7.07107,6.40312,7.07107,7.07107,7.07107,6.40312,6.40312,6.40312,5.83095,6.40312,5.0,5.83095,5.83095,5.38516,5.38516,5.38516,5.38516,4.12311,4.12311,4.12311,4.12311,4.0,4.0,4.0,4.0,4.0,3.16228,3.16228,3.16228,3.16228,3.16228,3.60555,60.0,57.00877,56.85068,56.85068,56.0803,51.66237,49.51767,50.20956,48.08326,47.38143,46.09772,45.34314,46.75468,41.23106,42.80187,40.80441,42.0119,39.40812,40.81666,40.81666,43.04649,40.81666,40.24922,36.24914,37.58989,37.57659,39.44617,36.89173,34.98571,37.73592,36.05551,36.89173,33.42155,33.83785,34.05877,31.89044,32.64966,28.3196,30.4795,29.0,26.24881,28.6007,25.55386,23.60085,22.36068,23.70654,24.69818,20.24846,18.43909,17.26268,20.09975,19.0,16.03122,16.12452,17.02939,16.49242,16.76305,47.80167,49.92995,51.86521,52.35456,49.73932,52.35456,52.35456,56.36488,58.18075,56.46238,60.40695,60.44005,63.56886,64.19502,63.24555,63.06346,67.35726,63.06346,64.51356,66.09841,65.80274,68.15424,65.52099,68.41053,64.7611,65.96969,63.78871,66.21933,64.84597,67.05222,62.96825,66.09841,67.41662,65.0,65.74192,67.1193,65.74192,68.8767,65.74192,65.29931,68.96376,67.23095,68.09552,67.95587,69.06519,68.00735,64.63745,68.24222,68.00735,67.80118,66.85058,69.89278,69.40461,67.42403,69.06519,66.85058,66.4003
8.06226,8.06226,8.24621,8.24621,8.24621,7.28011,7.28011,7.28011,7.28011,7.61577,6.32456,6.7082,6.7082,6.7082,5.83095,6.7082,5.83095,6.7082,5.83095,5.83095,5.83095,5.83095,5.83095,5.83095,5.83095,5.83095,5.38516,5.38516,5.38516,5.38516,4.12311,5.38516,5.09902,5.09902,4.12311,4.0,4.0,4.0,4.0,3.16228,3.16228,3.16228,3.16228,2.23607,3.16228,2.23607,2.82843,2.82843,2.82843,2.82843,2.23607,2.23607,58.82176,58.24088,58.82176,52.20153,50.32892,51.07837,46.8188,48.8467,43.08132,44.77723,42.48529,44.77723,44.77723,40.81666,38.07887,39.66106,41.88078,40.49691,40.22437,39.05125,39.82462,39.05125,36.87818,37.01351,36.40055,37.64306,37.20215,39.82462,35.80503,35.4683,35.0,34.4093,33.01515,34.98571,31.90611,32.20248,30.88689,29.96665,28.4605,24.35159,26.24881,25.70992,27.45906,24.33105,25.17936,22.2036,21.0238,21.0238,20.22375,20.22375,15.13275,16.76305,18.68154,17.0,17.08801,13.60147,16.40122,47.80167,48.76474,49.72927,52.95281,51.97115,54.33231,53.60037,56.56854,56.22277,57.42822,58.07753,60.00833,60.00833,63.00794,65.00769,63.00794,65.12296,65.27634,67.00746,67.1193,68.02941,69.11584,66.48308,67.18631,66.48308,68.26419,65.49046,67.06713,63.07139,70.06426,59.07622,67.00746,65.00769,62.07254,67.02984,64.07027,65.37584,67.18631,66.18912,64.28063,65.62012,66.91039,67.26812,68.24954,66.4906,67.05222,66.70832,68.41053,67.91171,67.18631,68.65858,66.70832,65.0,64.28841,68.15424,66.21933,63.60031
10.29563,9.84886,8.94427,8.94427,8.94427,8.544,8.544,7.61577,7.61577,7.61577,7.61577,7.28011,7.28011,7.28011,7.28011,7.28011,7.28011,7.28011,7.28011,7.28011,7.28011,7.28011,7.28011,7.28011,7.28011,7.28011,6.32456,6.32456,6.7082,6.32456,6.7082,5.83095,5.83095,5.83095,5.83095,5.0,5.0,5.0,5.0,4.24264,4.24264,4.24264,4.24264,4.24264,3.60555,3.60555,3.60555,3.16228,3.16228,3.16228,3.16228,3.16228,62.00806,59.40539,54.6443,54.91812,55.22681,49.73932,56.0357,46.64762,50.24938,45.61798,46.52956,45.18849,45.18849,40.31129,40.8534,43.9659,41.48494,35.73514,36.13862,42.2019,38.83298,41.48494,38.63936,39.05125,37.0,37.10795,40.79216,37.36308,37.94733,36.87818,36.34556,33.24154,35.1141,36.05551,36.40055,33.10589,31.76476,32.24903,30.41381,29.15476,29.15476,26.40076,28.3196,26.24881,24.20744,22.80351,24.08319,23.43075,18.86796,19.41649,17.49286,19.23538,17.08801,18.43909,18.11077,15.13275,15.29706,47.50789,48.01042,51.86521,48.41487,52.63079,51.66237,55.86591,57.28001,56.63921,58.0,58.72819,58.79626,63.03174,65.29931,60.60528,62.00806,61.29437,66.61081,62.00806,67.20119,65.21503,67.42403,69.40461,63.24555,65.45991,67.6757,65.45991,65.80274,67.20119,65.0,67.20119,65.0,64.81512,66.8431,67.80118,63.12686,65.79514,65.79514,67.17887,65.11528,65.05382,68.0147,66.06815,72.34639,65.60488,71.8401,70.60453,67.00746,69.40461,68.41053,68.24222,68.50547,66.28725,66.4003,67.1193,61.61169,69.63476
10.19804,10.19804,10.19804,10.19804,9.05539,9.05539,9.05539,9.0,9.0,8.0,8.0,8.0,8.0,8.0,8.06226,8.06226,8.06226,8.06226,8.06226,8.06226,8.06226,7.07107,7.07107,7.07107,8.06226,7.0,7.0,7.07107,7.0,6.0,6.0,6.0,6.0,6.0,6.08276,5.09902,5.38516,5.09902,5.09902,5.09902,4.47214,4.47214,4.47214,3.60555,3.60555,3.60555,3.60555,3.60555,2.82843,2.82843,2.82843,2.23607,60.72891,55.08176,57.00877,55.36244,51.41984,51.97115,48.05206,52.17279,46.87217,47.51842,43.28972,43.01163,42.10701,42.0,39.01282,41.01219,41.01219,40.31129,38.11824,39.05125,39.11521,37.21559,40.02499,40.60788,37.65634,36.49658,35.35534,38.32754,38.20995,37.33631,35.22783,37.21559,36.01389,37.12142,35.0,36.01389,32.0,34.0147,32.14032,29.27456,27.65863,26.24881,27.51363,24.73863,27.20294,24.16609,21.9545,20.61553,20.0,19.20937,18.60108,18.60108,16.97056,17.20465,18.43909,15.81139,13.0384,45.22168,44.92215,45.18849,47.92703,49.65884,56.82429,52.7731,54.58938,56.35601,54.20332,55.21775,59.64059,61.58734,58.82176,62.42596,59.20304,66.4003,59.20304,65.60488,64.63745,64.63745,66.8431,65.0,67.35726,67.47592,66.8431,66.8431,67.47592,64.81512,70.0,60.60528,68.24222,65.45991,64.88451,67.23095,62.26556,62.64982,64.49806,67.08204,65.30697,67.54258,65.39113,68.8767,66.30988,69.46222,68.54196,66.7308,68.30813,68.00735,67.72001,65.78754,68.62215,68.62215,64.84597,64.2573,68.62215,66.09841
9.05539,8.0,9.0,8.0,8.0,7.0,7.07107,7.07107,7.07107,7.07107,7.07107,7.07107,6.08276,6.32456,6.32456,6.32456,6.32456,6.32456,6.32456,6.32456,6.32456,6.32456,6.32456,6.32456,6.32456,6.32456,6.08276,6.32456,5.09902,5.09902,5.09902,5.0,5.0,5.0,5.0,4.0,4.12311,4.12311,4.12311,4.12311,3.16228,3.16228,3.16228,3.60555,3.60555,2.82843,2.82843,2.82843,2.82843,2.82843,2.23607,3.16228,61.52235,55.57877,56.4358,51.15662,51.24451,49.09175,48.0,46.0,46.0,43.0,44.04543,41.10961,45.39824,39.20459,41.30375,39.62323,42.19005,39.81206,39.56008,39.84972,38.32754,36.40055,40.80441,36.40055,36.40055,36.40055,33.52611,35.73514,33.95585,34.9285,33.95585,33.95585,35.51056,36.49658,31.7805,34.1321,31.7805,32.14032,32.0,27.01851,28.16026,26.1725,28.28427,25.31798,26.68333,22.80351,22.13594,21.84033,20.59126,20.61553,18.02776,18.02776,16.64332,18.43909,15.55635,15.81139,14.31782,47.26521,46.38965,45.70558,50.28916,50.69517,51.86521,52.20153,54.40588,56.61272,54.626,56.85948,58.18075,63.07139,60.83584,63.95311,59.48109,64.84597,65.0,65.30697,65.29931,60.83584,67.54258,66.24198,67.23095,67.60178,66.24198,66.7308,68.47627,65.29931,68.88396,64.84597,65.39113,64.88451,63.56099,66.85058,67.35726,64.84597,66.7308,66.7308,67.05222,68.96376,64.32729,65.96969,69.42622,66.70832,67.68309,67.46851,68.06614,68.73136,70.71068,66.91039,70.85901,68.24954,64.13267,69.2315,65.9242,66.91039
9.48683,8.24621,8.24621,8.24621,8.24621,7.28011,7.07107,7.07107,7.07107,7.07107,7.07107,7.07107,7.07107,7.0,6.0,6.0,6.0,6.0,6.0,6.0,6.0,6.0,6.0,6.0,6.0,6.0,6.0,6.08276,6.08276,5.09902,5.09902,5.09902,5.09902,5.38516,4.47214,4.47214,4.47214,4.47214,4.47214,3.60555,4.24264,4.24264,4.24264,3.60555,3.60555,3.60555,3.60555,3.60555,3.16228,3.16228,3.16228,3.0,59.48109,53.85165,57.00877,55.08176,50.96077,50.44799,50.21952,52.63079,46.09772,45.54119,45.17743,43.10452,42.04759,42.04759,43.41659,40.11234,42.10701,39.0,41.10961,40.1995,43.04649,37.05401,42.42641,38.63936,40.1995,41.4367,37.12142,41.01219,37.05401,36.0,37.0,37.12142,34.0,38.0,32.01562,36.34556,36.12478,34.36568,33.54102,27.65863,25.07987,26.57066,30.08322,26.57066,27.29469,24.59675,21.63331,25.55386,22.02272,22.47221,20.80865,20.51828,21.26029,16.27882,18.86796,16.76305,18.38478,45.70558,49.24429,47.80167,52.20153,50.0,55.15433,50.92151,54.08327,56.0803,55.9017,59.05929,59.16925,61.40033,61.40033,62.64982,61.77378,66.88797,63.24555,66.03787,66.24198,66.88797,66.03787,68.00735,68.00735,67.42403,69.2026,66.0303,65.80274,63.82006,71.28113,62.1289,67.1193,67.08204,65.74192,68.02941,62.16912,66.64083,68.8767,69.31811,67.62396,68.44706,66.30988,70.93659,69.64194,71.16881,68.00735,68.96376,70.60453,67.6757,70.21396,69.89278,69.28925,69.57011,64.84597,70.2282,71.47027,68.68042
8.94427,8.94427,8.544,8.544,7.61577,7.61577,7.61577,7.28011,7.28011,7.28011,7.28011,7.07107,7.07107,7.07107,6.08276,7.07107,7.07107,7.07107,7.07107,6.08276,6.08276,6.08276,6.08276,6.08276,6.08276,6.08276,6.08276,6.32456,6.32456,6.32456,5.38516,5.38516,5.38516,5.38516,5.0,5.0,5.0,5.0,5.0,4.24264,4.24264,4.24264,4.24264,3.60555,4.47214,3.60555,3.16228,3.16228,3.16228,3.16228,3.16228,3.0,53.8145,61.07373,56.72742,53.07542,52.63079,52.20153,53.53504,44.94441,47.43416,46.52956,43.04649,45.65085,43.41659,43.46263,39.81206,40.31129,44.01136,40.80441,37.33631,37.94733,40.31129,39.56008,38.60052,41.10961,39.21734,39.56008,39.56008,38.60052,37.64306,38.27532,37.16181,36.76955,36.24914,34.43835,36.89173,34.88553,34.98571,34.48188,31.62278,32.01562,31.241,26.87006,26.90725,24.75884,27.65863,25.80698,24.41311,24.41311,21.93171,20.61553,22.47221,18.97367,18.38478,17.46425,21.84033,17.02939,15.0,44.29447,44.77723,48.60041,49.40648,50.60632,48.27007,52.40229,55.9017,55.17246,57.28001,57.98276,58.69412,60.10824,61.55485,58.25805,63.00794,61.40033,62.62587,60.60528,65.80274,64.07027,63.51378,68.24222,63.60031,62.68174,66.61081,64.3506,64.07027,63.82006,65.73431,64.40497,62.62587,64.2028,66.8431,64.03124,66.70832,64.38167,64.38167,66.48308,65.76473,65.76473,66.48308,62.93648,70.17834,66.52819,70.17834,68.62215,68.11755,69.42622,65.8559,67.47592,68.24954,67.00746,67.47592,68.41053,63.41136,67.35726
10.44031,9.48683,9.48683,9.48683,8.544,8.544,8.544,8.544,8.544,7.61577,7.61577,8.06226,8.06226,8.06226,7.2111,8.06226,8.06226,7.2111,7.2111,7.2111,7.2111,7.2111,7.2111,7.2111,7.2111,7.2111,8.06226,6.7082,6.7082,6.7082,6.32456,6.32456,6.32456,6.32456,6.32456,6.08276,6.08276,5.09902,5.0,5.0,5.0,5.0,5.0,5.0,5.09902,4.12311,4.12311,4.12311,4.12311,3.60555,3.60555,3.60555,56.88585,57.87055,58.69412,55.31727,51.66237,48.50773,48.08326,50.92151,45.31004,47.75982,44.38468,46.09772,45.18849,41.59327,42.54409,44.29447,41.67733,41.04875,41.04875,40.80441,41.6173,38.01316,40.36087,39.20459,39.40812,38.83298,40.22437,38.41875,38.27532,41.04875,37.73592,38.58756,35.51056,37.12142,39.35734,34.43835,34.43835,32.20248,33.24154,34.53983,35.44009,31.04835,30.80584,27.89265,27.65863,25.17936,28.01785,22.2036,24.0,25.01999,22.2036,21.37756,18.24829,19.23538,19.64688,19.31321,16.55295,46.57252,49.0306,45.89118,51.35173,50.24938,50.08992,49.09175,54.0,55.00909,56.00893,56.00893,57.07889,62.1289,60.13319,61.40033,61.52235,65.27634,62.514,64.49806,61.40033,63.63961,65.62012,62.80127,63.63961,64.13267,63.78871,65.9242,67.26812,63.50591,66.37017,59.21149,64.38167,61.20457,62.07254,63.12686,62.0,62.00806,64.07027,64.12488,65.03076,66.0303,67.26812,65.62012,67.26812,65.37584,66.27217,70.03571,65.9242,66.91039,68.06614,63.95311,66.91039,66.09841,62.16912,66.28725,68.44706,64.13267
8.544,8.544,8.544,7.61577,7.61577,6.7082,7.2111,7.2111,7.2111,7.2111,7.2111,7.2111,6.40312,6.40312,6.40312,6.40312,7.07107,6.40312,7.07107,7.07107,6.40312,7.07107,6.40312,6.40312,6.40312,6.40312,6.40312,6.40312,5.83095,5.83095,5.83095,5.83095,5.83095,5.38516,5.38516,4.47214,4.47214,4.12311,4.12311,4.12311,4.12311,4.0,4.0,3.0,3.0,3.0,3.16228,3.16228,3.16228,3.16228,2.23607,2.82843,59.48109,58.94065,57.00877,50.96077,51.86521,49.39636,51.62364,47.75982,44.38468,42.94182,43.38202,43.909,43.909,45.27693,42.72002,40.60788,44.40721,42.0119,40.45986,42.80187,37.64306,39.69887,38.94868,42.44997,39.69887,41.86884,39.69887,40.31129,38.94868,39.05125,38.28838,36.87818,40.22437,36.71512,36.05551,35.51056,37.58989,34.43835,36.24914,31.76476,31.30495,30.08322,29.61419,29.73214,24.04163,25.96151,21.58703,25.31798,23.34524,22.02272,22.02272,21.09502,21.2132,17.11724,18.38478,14.31782,14.31782,46.17359,43.17407,47.85394,47.67599,48.50773,50.63596,51.15662,52.08647,56.0357,54.14795,58.00862,59.03389,60.00833,59.00847,59.03389,62.20129,62.28965,60.40695,61.20457,64.19502,66.27217,63.50591,66.18912,63.28507,64.62971,64.19502,63.1981,60.40695,64.19502,65.19202,61.07373,62.20129,62.00806,63.0,62.00806,64.00781,64.12488,66.37017,64.49806,65.11528,64.62971,68.88396,66.09841,66.91039,67.89698,68.15424,66.70832,66.21933,66.09841,68.15424,67.18631,65.25335,64.7611,65.0,65.96969,65.0,64.7611
10.29563,10.29563,10.29563,10.29563,9.84886,9.84886,8.544,9.48683,8.544,8.544,8.544,8.24621,8.24621,8.24621,8.24621,8.24621,8.06226,8.06226,8.06226,8.24621,8.06226,8.24621,8.06226,8.06226,8.24621,8.06226,8.24621,7.28011,7.28011,7.28011,7.61577,7.61577,6.7082,6.7082,6.7082,6.7082,6.7082,5.83095,5.83095,5.83095,5.0,5.0,5.0,4.24264,4.24264,4.24264,4.24264,3.60555,4.47214,3.60555,3.60555,3.60555,61.40033,57.45433,56.4358,54.56189,52.39275,51.88449,50.15974,51.89412,45.31004,48.8467,47.12749,47.80167,45.22168,42.44997,44.38468,43.68066,42.2019,42.2019,39.45884,40.4475,46.09772,43.41659,41.30375,41.30375,41.19466,40.11234,43.10452,43.18565,41.19466,43.28972,38.20995,40.4475,42.95346,39.62323,37.10795,37.0,36.40055,34.9285,35.73514,32.28002,30.36445,31.01612,26.92582,28.17801,28.01785,27.29469,26.62705,24.04163,26.24881,21.63331,20.0,22.02272,20.0,20.24846,19.41649,18.78829,17.49286,45.17743,47.43416,45.79301,49.64877,47.01064,49.0408,50.32892,51.73973,54.48853,53.74012,56.58622,57.28001,58.69412,58.0517,60.959,58.89822,61.84658,59.5483,63.41136,60.30755,62.482,61.84658,60.44005,66.21933,64.2028,63.60031,63.25346,63.89053,63.25346,61.6198,61.6198,64.66065,63.12686,62.93648,67.89698,62.2254,62.28965,65.29931,63.89053,63.25346,65.0,63.82006,66.0303,67.6757,67.42403,70.80254,66.03787,71.02112,66.03787,66.37017,65.0,64.66065,62.26556,67.41662,67.41662,64.89992,67.74216
8.94427,8.94427,8.06226,8.94427,7.61577,7.61577,7.28011,7.28011,7.28011,7.28011,7.28011,7.28011,7.28011,7.07107,6.08276,7.07107,7.07107,7.07107,7.07107,7.07107,7.07107,7.07107,7.07107,7.07107,7.07107,7.07107,7.07107,6.08276,6.32456,6.08276,6.32456,6.32456,5.38516,5.38516,5.38516,4.47214,5.0,5.0,4.24264,4.24264,3.60555,4.24264,3.60555,2.82843,2.82843,2.82843,2.82843,3.16228,3.16228,2.23607,2.23607,2.0,60.30755,61.55485,56.0803,53.15073,57.2014,50.21952,50.0,46.40043,49.64877,45.27693,45.79301,45.27693,45.61798,41.59327,43.46263,42.15448,46.61545,43.32436,41.23106,43.41659,43.01163,45.60702,41.97618,41.10961,39.21734,43.65776,40.5216,39.56008,41.10961,43.01163,42.05948,40.16217,38.62642,39.0,39.39543,34.0,35.51056,37.44329,32.80244,35.35534,34.66987,33.01515,29.73214,29.73214,30.4795,24.75884,26.1725,25.4951,22.80351,22.2036,21.09502,18.86796,19.72308,16.76305,19.64688,17.72005,16.27882,46.8615,41.7732,48.16638,47.38143,50.20956,50.9902,48.41487,47.80167,54.08327,55.21775,57.68882,58.24946,57.68882,59.36329,58.83026,60.53924,60.37384,57.80138,59.68249,62.6099,63.52952,63.97656,62.6099,62.6099,61.26989,62.26556,64.88451,63.52952,59.5399,64.49806,62.43397,61.91123,61.77378,62.76942,62.68174,61.03278,63.60031,64.2028,63.25346,63.78087,64.03124,67.20863,63.65532,66.48308,62.93648,68.62215,67.26812,65.76473,67.88225,69.29646,67.89698,67.20863,67.20863,63.89053,65.11528,64.3506,66.6033
9.48683,9.21954,9.21954,9.21954,9.21954,8.24621,8.06226,8.06226,8.06226,8.06226,8.0,8.0,8.0,7.0,7.07107,8.06226,7.07107,7.07107,7.07107,7.07107,7.07107,7.07107,7.07107,7.07107,7.07107,7.07107,7.07107,7.07107,7.0,7.0,6.0,7.0,6.0,6.08276,6.08276,6.08276,5.09902,5.09902,5.09902,5.38516,5.38516,4.47214,4.47214,3.60555,3.60555,3.60555,3.60555,4.24264,4.24264,3.60555,3.60555,3.16228,60.40695,56.0803,58.18935,55.02727,55.02727,52.88667,52.88667,50.69517,49.0306,47.07441,46.87217,46.27094,45.39824,45.17743,46.27094,43.0,44.01136,42.0,43.0,43.0,44.18144,44.04543,42.42641,42.10701,45.17743,43.28972,42.19005,44.10215,43.01163,45.09989,42.0119,42.0119,42.0119,42.0119,38.01316,38.20995,39.11521,40.31129,38.20995,34.9285,32.57299,34.20526,33.83785,30.67572,29.54657,29.06888,25.55386,26.83282,26.07681,26.40076,23.85372,21.26029,22.67157,18.38478,19.84943,18.60108,17.49286,45.54119,45.22168,45.61798,47.53946,49.64877,48.37355,49.24429,52.35456,51.88449,52.69725,55.0,56.40035,57.42822,57.2014,57.80138,57.48913,61.22091,58.72819,61.40033,59.5483,60.60528,61.7171,65.11528,63.03174,60.82763,65.94695,60.87693,61.55485,65.43699,64.03124,60.30755,63.82006,62.96825,61.85467,63.51378,58.83026,62.26556,62.43397,63.13478,64.84597,66.24198,65.74192,65.74192,70.21396,67.23095,68.15424,65.9242,69.28925,67.41662,65.55151,67.41662,66.70832,67.06713,65.19202,68.70953,70.5762,65.19202
10.04988,9.05539,9.05539,9.05539,9.0,9.0,8.0,8.06226,8.06226,8.06226,8.24621,8.24621,8.24621,8.24621,7.28011,8.24621,8.24621,7.28011,7.61577,7.28011,7.28011,8.24621,7.28011,7.28011,7.28011,8.24621,7.28011,7.07107,7.07107,7.07107,7.07107,7.0,7.0,6.0,6.0,6.0,6.0,5.0,5.09902,5.09902,4.12311,5.09902,4.12311,4.12311,4.12311,3.16228,3.60555,3.60555,3.60555,2.82843,2.82843,2.82843,57.69749,60.37384,57.38467,54.23099,57.00877,51.62364,48.10405,48.70318,51.24451,48.08326,48.76474,45.60702,46.32494,45.27693,44.91102,43.18565,43.10452,39.11521,41.10961,43.04649,44.01136,45.01111,44.01136,44.01136,43.01163,40.0,44.0,43.04649,41.0,45.09989,40.0,44.18144,41.30375,40.31129,39.05125,38.83298,38.63936,36.13862,35.73514,34.20526,37.33631,34.17601,33.83785,29.15476,29.15476,29.52965,28.63564,27.20294,27.20294,23.60085,25.4951,23.34524,20.51828,20.61553,21.63331,18.02776,19.72308,42.04759,42.95346,47.01064,46.64762,46.14109,47.70744,48.60041,52.00961,52.49762,54.81788,57.80138,55.22681,58.82176,59.46427,56.56854,60.81118,57.28001,62.96825,60.10824,62.36986,62.93648,60.20797,61.55485,63.63961,61.52235,63.65532,60.1415,60.82763,61.52235,60.1415,61.52235,62.24147,60.87693,61.6198,63.12686,62.62587,64.63745,63.51378,62.1289,65.45991,65.0,68.50547,66.88797,66.7308,64.14047,68.26419,64.00781,68.09552,63.95311,66.64833,69.35416,68.44706,62.6099,65.74192,63.95311,59.94164,67.60178
10.81665,10.81665,9.43398,10.0,9.43398,9.43398,8.94427,8.94427,8.94427,8.94427,8.544,8.544,8.544,8.544,8.544,8.24621,8.24621,8.24621,9.21954,8.24621,8.24621,8.24621,8.24621,8.24621,8.544,8.24621,8.24621,8.544,8.544,8.544,7.61577,7.61577,7.61577,8.06226,7.2111,7.2111,7.2111,6.40312,6.40312,6.40312,5.65685,5.65685,5.65685,5.65685,5.0,5.0,5.0,5.0,4.47214,4.47214,4.47214,4.12311,60.81118,57.98276,57.28001,55.44367,53.2635,54.20332,51.40039,54.20332,49.64877,46.87217,48.25971,49.39636,46.95743,45.17743,44.72136,46.61545,45.31004,45.69464,42.15448,44.38468,45.88028,43.68066,45.70558,45.88028,41.10961,48.70318,41.48494,45.88028,45.22168,44.59821,41.78516,44.59821,44.94441,41.76123,42.37924,39.39543,40.31129,40.31129,39.82462,35.35534,34.66987,36.05551,35.60899,36.06938,32.52691,30.4795,26.90725,31.14482,25.4951,24.75884,24.83948,23.85372,23.76973,23.70654,22.47221,22.13594,20.88061,44.04543,41.86884,45.22168,47.43416,48.8774,47.50789,47.85394,50.53712,52.7731,53.22593,55.03635,54.23099,59.61543,58.87274,57.93962,57.00877,59.23681,58.30952,58.87274,59.23681,61.09828,64.2573,59.23681,62.62587,61.98387,63.24555,62.29767,61.46544,61.7414,61.84658,61.7414,58.60034,62.16912,61.77378,62.6099,62.26556,60.20797,64.07027,64.3506,67.6757,66.28725,61.84658,63.41136,66.8431,62.482,63.78087,66.6033,69.42622,64.44377,66.6033,65.19202,67.26812,66.6033,61.52235,67.17887,66.48308,66.48308
10.77033,9.84886,9.43398,8.94427,9.84886,10.29563,9.43398,9.43398,8.94427,9.43398,9.43398,8.60233,8.60233,8.60233,7.2111,8.60233,7.81025,7.81025,6.40312,7.81025,7.81025,7.07107,8.60233,7.81025,7.81025,7.81025,7.81025,8.60233,7.2111,8.60233,7.2111,7.2111,7.2111,6.7082,6.7082,7.61577,7.28011,6.32456,6.08276,6.08276,6.08276,6.08276,6.0,5.0,5.0,5.0,5.0,5.09902,4.12311,4.12311,4.12311,4.47214,58.18075,63.07139,55.00909,59.16925,56.82429,50.60632,61.29437,51.62364,47.16991,43.01163,47.70744,46.61545,38.18377,38.94868,41.23106,43.01163,42.43819,41.40048,39.40812,51.0392,44.82187,44.59821,46.01087,43.82921,39.82462,47.70744,47.01064,42.2019,41.40048,46.75468,45.34314,41.7732,42.52058,41.86884,44.59821,42.44997,40.31129,40.31129,34.82815,37.01351,37.73592,36.71512,32.44996,30.61046,27.73085,32.69557,29.54657,27.85678,27.20294,25.70992,24.69818,23.34524,23.34524,24.02082,24.08319,24.0,18.68154,45.31004,41.4367,48.76474,45.88028,52.17279,46.69047,50.80354,52.34501,52.15362,55.14526,57.07889,55.00909,60.03332,59.0,55.03635,64.0,58.00862,61.07373,60.00833,63.00794,62.00806,63.00794,65.03076,61.0082,61.03278,66.0,59.00847,61.13101,64.00781,60.07495,65.03076,61.07373,61.07373,61.40033,63.63961,60.67125,62.514,66.28725,63.78871,64.28841,62.36185,66.48308,65.80274,71.16881,65.14599,67.6757,66.7308,66.12866,66.12866,72.23573,64.51356,68.15424,62.96825,73.1642,65.0,62.24147,66.70832
8.94427,8.94427,8.94427,8.94427,8.544,8.544,8.24621,8.24621,8.24621,8.06226,8.06226,8.06226,8.06226,8.06226,8.06226,8.0,8.0,7.0,8.0,8.0,7.0,8.0,7.0,8.0,8.0,8.0,7.0,7.07107,7.07107,7.07107,7.07107,7.07107,6.32456,6.32456,6.32456,6.32456,5.38516,5.38516,5.38516,5.83095,4.47214,5.0,5.0,3.60555,4.24264,3.60555,4.24264,3.60555,3.60555,3.60555,3.16228,3.16228,56.85068,56.22277,57.62812,54.67175,54.48853,53.03772,46.09772,52.34501,45.45327,45.45327,45.96738,45.0,43.60046,42.72002,40.49691,43.82921,44.29447,43.86342,43.82921,42.48529,44.77723,39.92493,42.37924,41.59327,40.71855,43.38202,43.65776,40.49691,41.78516,41.4367,42.15448,43.38202,37.16181,42.05948,38.48376,37.58989,39.40812,37.44329,36.40055,36.40055,36.23534,33.42155,31.82766,35.35534,32.55764,28.3196,28.42534,27.80288,25.23886,26.92582,24.69818,24.69818,24.35159,23.08679,22.2036,21.37756,23.08679,44.10215,46.87217,44.77723,46.51881,47.01064,50.11986,49.76947,50.69517,53.45091,52.92447,54.626,55.97321,56.64804,59.46427,60.44005,55.7853,63.56099,58.94065,63.89053,61.61169,58.46366,67.68309,60.44005,60.44005,64.7611,62.64184,63.32456,64.84597,58.69412,64.28841,59.13544,63.56886,61.68468,60.40695,62.96825,64.07808,60.41523,62.6099,64.84597,64.00781,69.35416,64.14047,65.51336,65.73431,64.49806,67.95587,67.95587,65.45991,72.94518,66.03787,66.0303,71.21798,68.00735,61.40033,62.80127,69.89278,65.21503
10.0,10.0,9.21954,9.21954,8.48528,8.48528,8.48528,8.48528,8.48528,7.81025,8.48528,8.60233,8.60233,8.60233,8.06226,8.60233,8.06226,8.06226,8.06226,8.06226,8.06226,8.06226,8.06226,8.06226,8.06226,8.06226,8.60233,7.2111,7.2111,7.81025,7.81025,7.81025,7.07107,7.07107,7.07107,7.07107,6.40312,6.40312,5.83095,5.83095,5.83095,5.38516,4.47214,4.47214,4.47214,4.12311,4.12311,4.12311,4.12311,3.0,3.0,3.0,58.30952,54.42426,57.93962,53.14132,48.8467,53.31041,47.42362,48.30114,45.61798,49.1935,46.32494,46.04346,43.60046,41.6173,45.80393,45.34314,44.04543,41.10961,43.84062,39.59798,45.27693,41.03657,44.04543,42.63801,42.63801,40.36087,42.63801,39.82462,43.13931,44.55334,41.72529,46.75468,37.48333,40.31129,42.63801,39.05125,37.80212,38.01316,34.82815,37.58989,34.1321,33.54102,33.54102,31.30495,31.95309,31.01612,30.08322,28.86174,28.16026,25.70992,26.30589,24.5153,20.09975,22.02272,20.09975,21.37756,18.68154,44.38468,46.57252,43.73786,48.05206,47.07441,50.24938,47.16991,50.15974,54.14795,52.15362,55.0,54.08327,58.03447,60.13319,58.03447,57.21888,61.29437,57.42822,64.12488,60.53098,61.13101,61.0082,57.07889,60.53098,60.40695,63.28507,62.39391,65.27634,58.30952,63.12686,59.00847,62.03225,63.03174,63.03174,62.1289,63.07139,62.39391,66.1211,64.38167,63.78871,66.91039,61.98387,70.21396,63.56099,66.91039,63.56886,69.12308,69.37579,66.48308,64.03124,65.25335,67.18631,68.41053,63.06346,66.70832,66.76077,59.48109
8.24621,9.21954,8.544,9.48683,9.48683,8.544,8.544,8.94427,8.06226,8.06226,8.06226,8.06226,8.06226,8.60233,8.60233,7.81025,7.81025,7.81025,8.60233,7.81025,7.81025,7.81025,7.81025,7.81025,7.81025,7.81025,7.2111,7.2111,8.06226,7.2111,8.06226,8.06226,6.7082,6.7082,6.7082,6.32456,6.32456,6.32456,6.32456,6.32456,5.09902,5.09902,5.09902,5.09902,5.0,5.0,4.0,5.0,4.0,4.0,4.12311,3.16228,66.48308,58.94065,63.89053,58.24088,57.93962,56.30275,51.86521,42.37924,49.1935,47.43416,49.39636,44.72136,46.06517,48.01042,43.909,41.04875,44.40721,42.0119,42.2019,41.86884,41.01219,40.60788,46.69047,43.13931,44.59821,44.59821,39.69887,45.27693,44.59821,41.7732,40.31129,42.44997,43.86342,42.44997,39.62323,42.63801,40.45986,41.6173,38.60052,38.83298,34.0,30.46309,33.54102,34.9285,34.53983,29.41088,28.79236,30.08322,25.96151,25.17936,22.09072,23.02173,26.1725,22.02272,22.2036,20.02498,17.46425,45.01111,45.01111,45.09989,47.16991,47.38143,48.50773,47.85394,52.7731,52.95281,51.66237,56.04463,54.81788,56.51548,60.87693,60.87693,60.87693,59.90826,58.5235,59.13544,61.84658,61.84658,62.64184,61.03278,61.03278,59.80803,63.06346,63.90618,60.16644,61.84658,63.78871,59.22837,62.16912,61.18823,62.80127,63.28507,62.28965,60.20797,63.03174,67.1193,64.00781,66.0,62.1289,67.00746,65.00769,62.20129,61.0,66.61081,66.61081,64.19502,68.06614,68.18358,68.65858,67.46851,63.15061,63.03174,65.06919,63.28507
8.60233,8.48528,8.48528,7.81025,7.81025,7.07107,7.81025,7.2111,7.81025,7.2111,7.2111,7.2111,7.2111,7.2111,6.7082,6.7082,6.7082,6.7082,6.7082,6.7082,7.61577,6.7082,6.7082,6.7082,6.7082,6.7082,6.7082,7.2111,7.2111,6.7082,5.83095,6.40312,6.40312,6.40312,5.65685,5.65685,5.65685,5.0,5.0,5.0,4.47214,4.47214,4.47214,3.60555,4.47214,3.16228,3.16228,3.16228,3.0,3.0,3.0,3.0,55.36244,55.97321,55.15433,52.39275,49.24429,50.56679,48.76474,49.64877,43.04649,44.41846,45.48626,44.04543,44.04543,42.80187,41.86884,41.10961,43.18565,38.94868,38.94868,43.93177,42.80187,40.22437,40.60788,43.01163,38.60052,40.60788,43.26662,42.63801,40.36087,41.86884,41.7732,39.82462,41.10961,41.10961,40.36087,41.10961,41.86884,38.20995,38.28838,34.66987,34.4093,34.98571,32.64966,31.38471,31.7805,28.23119,25.94224,28.16026,27.51363,24.35159,20.88061,22.2036,20.09975,21.0,18.11077,18.0,18.11077,40.16217,44.64303,45.60702,50.01,49.24429,50.80354,50.01,51.24451,53.08484,53.00943,58.03447,60.29925,52.0,60.00833,60.20797,61.0,62.00806,62.00806,65.12296,65.03076,64.07027,67.1193,64.12488,68.06614,64.19502,69.00725,61.13101,62.03225,63.07139,64.03124,64.0,66.0,65.00769,67.36468,63.1981,61.66036,64.62971,63.50591,64.49806,62.96825,67.08204,66.70832,67.18631,66.21933,68.00735,67.44627,65.80274,68.00735,64.84597,66.09841,68.15424,65.52099,68.00735,68.00735,63.89053,65.14599,64.51356
9.43398,8.94427,8.94427,8.544,8.544,8.544,8.24621,8.24621,8.24621,8.24621,8.24621,8.24621,8.06226,8.06226,8.0,8.0,8.0,8.0,8.0,8.0,8.0,8.0,8.0,8.0,8.0,8.0,8.0,8.0,8.0,8.06226,7.07107,7.07107,7.07107,7.07107,7.28011,7.28011,6.32456,6.32456,6.32456,5.38516,5.38516,5.38516,5.38516,5.0,4.47214,5.0,4.24264,3.60555,3.60555,3.60555,3.60555,3.60555,57.31492,52.3259,55.97321,52.40229,49.57822,47.80167,45.80393,45.48626,44.29447,43.909,43.04649,44.72136,44.28318,43.86342,42.04759,43.08132,42.72002,39.56008,40.26164,43.9659,42.72002,42.44997,43.93177,43.73786,40.60788,42.57934,43.68066,42.75512,44.38468,41.48494,42.44997,44.92215,40.79216,41.23106,39.21734,39.56008,40.80441,40.71855,34.88553,35.35534,35.8469,35.51056,31.38471,28.84441,32.20248,29.83287,28.3196,30.4795,26.1725,24.08319,24.08319,22.82542,22.2036,22.36068,19.69772,19.31321,18.43909,43.13931,43.13931,46.75468,48.16638,48.41487,52.63079,50.80354,51.0392,53.25411,55.22681,56.4358,57.80138,60.82763,59.16925,59.05929,58.59181,63.07139,62.17717,65.29931,63.50591,61.26989,63.97656,66.21178,63.50591,65.9242,64.62198,64.07808,62.64982,63.07139,63.07139,62.64982,63.95311,61.77378,63.63175,64.07027,64.14047,64.63745,64.63745,65.21503,63.00794,65.60488,65.60488,66.70832,70.17834,65.43699,64.3506,67.17887,68.0147,65.79514,67.94115,66.48308,65.8559,65.19202,63.03174,62.24147,63.63961,65.79514
9.0,8.06226,8.0,8.0,8.06226,7.07107,7.28011,7.28011,7.28011,7.28011,7.28011,7.28011,7.28011,6.32456,6.32456,7.61577,6.7082,7.61577,6.7082,6.7082,6.7082,6.7082,6.7082,6.7082,6.7082,6.7082,6.7082,6.32456,6.32456,6.32456,6.32456,6.32456,6.08276,6.08276,6.08276,6.08276,5.09902,5.0,5.0,4.0,5.0,4.0,4.12311,4.12311,4.12311,3.16228,3.16228,3.16228,3.16228,2.23607,2.82843,2.82843,54.12947,57.00877,51.78803,51.1957,51.78803,45.27693,44.01136,45.09989,43.41659,43.01163,44.04543,45.04442,42.57934,45.27693,42.95346,41.23106,40.31129,41.76123,39.29377,41.10961,44.92215,43.65776,40.16217,38.27532,40.26164,39.56008,44.27189,41.48494,40.49691,40.80441,43.01163,39.56008,40.26164,36.05551,38.32754,35.12834,35.12834,34.05877,36.12478,36.12478,37.0,35.01428,29.15476,34.0147,27.45906,31.40064,27.65863,27.89265,25.07987,23.76973,23.25941,24.16609,19.69772,21.63331,19.41649,20.51828,21.93171,47.26521,46.69047,46.87217,46.69047,48.27007,48.08326,50.0,53.48832,54.70832,54.70832,55.03635,57.77543,60.92618,59.9333,61.7414,61.26989,63.50591,64.00781,63.52952,64.88451,66.7308,65.36819,69.35416,67.23095,66.88797,65.8635,66.88797,66.24198,66.37017,63.95311,64.14047,63.06346,63.52952,63.50591,65.30697,66.48308,67.23095,63.32456,65.19202,66.12866,63.56886,68.00735,68.62215,69.64194,63.89053,71.06335,71.56815,66.21933,66.70832,67.44627,66.70832,64.7611,66.94027,65.73431,67.18631,61.84658,63.78871
7.81025,7.81025,7.81025,7.07107,7.07107,7.07107,6.40312,6.40312,6.40312,6.40312,5.83095,5.83095,5.83095,5.83095,5.83095,6.7082,6.7082,5.83095,5.83095,5.83095,6.7082,6.32456,5.83095,6.7082,5.83095,5.83095,5.83095,5.83095,5.83095,5.83095,5.0,5.65685,5.65685,5.65685,4.24264,5.0,5.0,5.0,4.47214,4.47214,3.60555,3.60555,3.16228,3.16228,3.16228,3.16228,3.0,3.0,3.0,3.0,3.16228,2.23607,51.0,54.12024,51.62364,49.64877,51.31277,45.0,47.01064,44.40721,44.40721,43.60046,40.31129,38.20995,40.31129,41.10961,37.64306,36.89173,40.0,41.88078,39.40812,38.27532,37.44329,39.11521,37.21559,38.07887,36.05551,39.40812,38.58756,38.58756,38.27532,36.61967,38.01316,36.05551,39.40812,36.40055,34.82815,39.69887,36.76955,37.53665,36.23534,32.01562,33.30165,31.89044,32.20248,27.78489,30.52868,27.29469,22.47221,29.15476,23.25941,21.58703,22.80351,19.23538,20.09975,17.11724,19.0263,17.11724,17.26268,45.34314,48.41487,46.2277,48.8774,49.64877,50.77401,55.07268,53.66563,58.13777,59.03389,58.60034,58.18075,62.16912,64.51356,62.96825,61.98387,65.45991,64.19502,66.76077,66.70832,65.25335,71.38627,69.63476,68.15424,67.91171,67.18631,68.15424,66.28725,69.37579,65.96969,64.28841,64.56005,67.05222,64.19502,64.84597,66.12866,66.30988,67.62396,66.30988,68.02941,66.30988,68.44706,67.1193,70.26379,66.18912,68.0,64.84597,67.1193,67.54258,68.942,64.41273,64.00781,64.41273,62.64982,66.24198,64.41273,64.88451
9.21954,9.21954,8.60233,8.60233,8.60233,8.60233,8.06226,8.06226,8.06226,8.06226,7.61577,7.61577,7.61577,7.61577,7.61577,7.28011,7.28011,7.28011,7.28011,7.28011,7.28011,7.28011,7.28011,7.28011,7.28011,7.28011,7.28011,7.61577,7.61577,6.7082,6.7082,6.7082,6.7082,7.2111,5.83095,5.83095,5.83095,5.65685,6.40312,5.65685,5.65685,5.0,5.0,4.24264,4.24264,4.24264,4.24264,4.47214,3.60555,3.60555,3.16228,3.16228,56.22277,55.44367,50.93133,51.62364,50.20956,50.20956,48.79549,44.55334,45.60702,45.80393,41.6173,41.67733,41.67733,38.83298,41.18252,41.67733,40.70626,43.38202,43.38202,39.0,42.37924,38.62642,43.01163,40.16217,39.92493,40.8534,39.92493,41.10961,41.78516,42.72002,41.10961,40.71855,38.94868,43.86342,38.48376,37.73592,37.21559,37.73592,35.60899,32.44996,32.44996,31.40064,29.06888,28.3196,28.01785,29.06888,25.6125,24.41311,25.23886,22.2036,22.82542,20.80865,19.69772,17.46425,21.54066,16.15549,16.76305,50.9902,48.79549,48.10405,51.66237,51.08816,54.67175,52.20153,53.82379,60.46487,56.0357,57.80138,60.90156,65.36819,64.00781,64.84597,63.95311,65.74192,63.07139,68.42514,65.78754,67.77905,68.70953,66.48308,69.64194,68.30813,66.85058,66.85058,70.2282,67.41662,70.5762,65.9242,69.07966,64.84597,66.64083,65.74192,64.41273,61.7171,66.64833,65.0,67.41662,69.11584,67.41662,71.28113,67.20119,70.45566,70.45566,66.61081,68.00735,67.62396,62.80127,66.61081,69.52697,69.02898,61.22091,63.41136,66.4003,63.25346
11.18034,8.544,5.38516,2.23607,4.0,6.32456,9.05539,9.0,9.0,7.07107,4.0,1.0,2.82843,5.65685,7.81025,9.43398,8.94427,7.61577,5.38516,2.82843,2.23607,5.0,8.06226,9.43398,10.29563,10.0,5.0,2.0,2.23607,5.0,6.08276,8.06226,8.06226,7.0,5.0,2.23607,1.0,3.16228,5.09902,6.32456,6.32456,6.32456,5.38516,4.12311,3.0,1.41421,2.0,3.16228,4.47214,4.47214,4.47214,3.16228,9.43398,18.02776,24.41311,28.3196,29.73214,27.20294,16.12452,7.61577,5.09902,8.24621,23.25941,20.88061,28.3196,20.61553,19.23538,10.44031,9.48683,10.77033,15.23155,23.19483,27.0,19.31321,14.76482,16.49242,1.41421,2.23607,13.0384,21.09502,23.76973,23.76973,22.13594,16.15549,8.06226,3.60555,8.48528,14.31782,21.18962,21.47091,21.54066,15.65248,15.26434,9.84886,1.0,7.2111,11.40175,15.0,14.42221,15.0,10.81665,6.7082,2.23607,2.0,6.08276,9.21954,10.19804,9.21954,10.04988,30.4795,18.02776,14.31782,28.6007,23.43075,31.14482,52.49762,35.77709,40.11234,18.38478,7.81025,11.18034,27.51363,39.0,45.65085,50.9902,44.65423,26.90725,11.6619,6.7082,20.61553,36.13862,43.08132,46.32494,41.97618,30.41381,19.92486,8.06226,26.92582,40.81666,31.76476,31.76476,47.50789,16.76305,25.29822,12.64911,8.544,23.08679,32.69557,38.94868,37.44329,36.61967,21.47091,8.544,14.14214,27.45906,37.12142,42.57934,41.23106,33.52611,23.08679,8.06226,12.04159,20.24846,30.41381,35.34119,41.4367
8.24621,8.24621,8.24621,8.24621,7.07107,7.28011,7.07107,7.07107,7.07107,7.0,7.07107,6.0,7.0,6.0,7.07107,7.0,6.08276,6.08276,6.08276,6.08276,6.08276,6.08276,6.0,6.08276,6.08276,6.0,6.0,6.0,6.0,6.08276,6.08276,6.08276,6.08276,5.09902,5.38516,5.38516,5.38516,5.38516,4.47214,4.47214,5.0,3.60555,3.60555,4.24264,3.60555,3.60555,3.60555,3.60555,3.60555,3.60555,3.16228,3.16228,54.08327,53.16014,54.34151,47.12749,50.21952,46.57252,46.32494,47.51842,44.40721,39.31921,43.56604,41.04875,41.19466,38.01316,37.01351,39.20459,37.12142,39.31921,39.20459,36.12478,40.60788,40.31129,39.31921,39.62323,38.47077,38.83298,38.63936,38.32754,37.10795,37.65634,37.21559,39.11521,37.12142,39.45884,32.0,37.05401,34.1321,35.0,33.54102,30.41381,30.59412,28.16026,29.42788,27.20294,27.20294,26.92582,25.07987,25.4951,23.85372,20.80865,18.38478,19.84943,20.61553,19.10497,20.51828,17.20465,16.12452,45.01111,49.25444,47.67599,51.62364,50.0,54.81788,51.26402,56.61272,57.87055,57.87055,59.23681,60.16644,63.32456,63.97656,65.76473,63.13478,67.60178,64.89992,66.37017,64.66065,65.51336,68.50547,64.89992,66.28725,69.64194,65.73431,67.95587,67.42403,64.40497,66.85058,61.58734,66.57327,66.28725,64.14047,64.49806,63.13478,61.26989,65.74192,63.07139,65.39113,67.1193,62.76942,68.54196,66.12866,65.9242,65.19202,63.69458,65.19202,67.06713,65.45991,64.19502,63.24555,65.80274,61.35145,65.14599,64.84597,62.62587
9.21954,8.60233,8.60233,8.60233,8.06226,8.06226,8.06226,8.06226,7.61577,7.61577,7.61577,7.61577,7.28011,7.28011,7.28011,7.28011,7.28011,7.28011,7.28011,7.28011,7.28011,7.28011,7.28011,7.28011,7.28011,7.28011,7.28011,7.28011,6.32456,7.61577,6.7082,6.7082,6.7082,5.83095,5.83095,5.83095,5.0,5.0,5.0,5.0,4.24264,4.24264,4.24264,4.24264,3.60555,3.60555,3.60555,3.60555,3.60555,2.23607,3.16228,2.23607,58.79626,54.81788,53.8145,49.51767,50.91169,48.08326,47.38143,47.50789,42.63801,45.0,43.27817,42.2019,42.0119,41.34005,42.43819,39.35734,41.62932,41.23106,40.71855,38.62642,44.01136,39.92493,41.10961,40.8534,38.62642,41.10961,39.81206,38.60052,40.16217,41.62932,40.31129,39.35734,39.56008,38.62642,35.8469,40.31129,38.58756,34.48188,33.6006,34.66987,32.01562,30.41381,29.69848,27.58623,26.90725,24.75884,25.0,24.08319,24.59675,22.36068,21.0238,21.47091,21.0238,18.38478,18.97367,17.46425,17.11724,42.44997,48.83646,46.75468,48.9183,49.20366,55.80323,53.82379,52.69725,62.1289,55.9464,58.60034,60.37384,62.17717,62.64982,62.03225,62.24147,68.54196,62.96825,66.85058,65.45991,64.84597,64.51356,67.6757,65.78754,64.56005,64.51356,67.72001,66.76077,64.51356,66.48308,60.40695,63.90618,63.69458,63.56099,63.56099,63.56099,60.37384,65.74192,62.64982,65.8635,65.36819,64.66065,63.51378,65.21503,64.07027,68.60029,65.19202,65.21503,63.60031,63.51378,63.41136,63.41136,63.24555,61.61169,62.482,67.00746,62.20129
9.89949,9.21954,9.21954,9.21954,8.60233,8.60233,8.60233,8.60233,8.60233,8.06226,8.06226,8.06226,7.61577,7.61577,7.61577,8.544,8.544,7.61577,7.61577,7.61577,7.61577,7.61577,7.61577,7.61577,7.61577,8.544,7.61577,7.61577,7.61577,7.61577,6.7082,6.7082,6.7082,5.83095,6.40312,6.40312,6.40312,5.65685,5.65685,5.0,5.0,5.0,4.24264,4.24264,4.24264,3.60555,3.60555,3.60555,3.16228,3.16228,3.16228,3.16228,58.89822,56.22277,57.38467,56.22277,53.15073,51.73973,49.51767,49.67897,46.01087,45.34314,47.38143,47.42362,44.82187,43.82921,43.41659,43.82921,44.41846,43.82921,42.72002,41.88078,43.82921,38.47077,42.54409,42.05948,42.94182,40.24922,39.44617,44.28318,40.24922,40.81666,41.34005,40.81666,41.34005,39.96248,41.34005,38.27532,36.61967,36.40055,36.12478,33.30165,34.65545,30.41381,29.06888,30.61046,27.65863,29.41088,28.30194,25.23886,22.36068,24.18677,21.0238,21.18962,15.81139,19.41649,16.49242,17.11724,15.13275,44.55334,47.42362,44.40721,48.82622,47.20169,48.8774,49.24429,51.62364,53.7122,55.00909,57.27128,58.69412,57.27128,60.53924,63.69458,59.13544,63.60031,59.48109,63.56886,61.84658,63.56886,63.06346,62.0967,64.56005,60.87693,63.60031,62.0967,65.52099,60.44005,60.74537,59.13544,61.68468,61.03278,59.61543,62.76942,61.09828,61.84658,62.24147,61.7171,63.52952,63.13478,63.06346,63.28507,63.63175,65.8635,65.0,66.03787,66.28725,62.1289,65.73431,63.82006,65.21503,65.19202,61.05735,64.63745,66.0303,62.68174
8.544,8.544,8.544,8.544,8.06226,7.61577,8.06226,8.06226,7.2111,7.2111,7.2111,7.2111,7.2111,7.2111,7.2111,7.07107,7.07107,7.07107,7.07107,7.07107,7.07107,7.07107,7.07107,7.07107,7.07107,6.40312,6.40312,6.40312,6.40312,6.40312,6.40312,6.40312,5.83095,5.83095,5.38516,5.38516,5.38516,5.09902,5.09902,4.12311,4.12311,4.12311,4.0,3.0,3.0,3.0,3.0,3.0,3.16228,3.16228,2.23607,2.23607,59.48109,55.36244,55.54278,54.56189,53.31041,48.76474,53.23533,48.33218,50.60632,46.64762,46.87217,47.20169,45.0,45.0,43.60046,44.04543,42.63801,43.18565,44.55334,41.72529,41.72529,43.93177,39.05125,44.68781,41.7732,41.86884,41.72529,45.34314,43.13931,41.03657,43.18565,40.36087,43.18565,42.44997,39.62323,38.20995,41.23106,36.87818,39.05125,35.60899,35.8469,32.24903,32.64966,29.68164,30.8707,27.73085,26.24881,29.41088,22.47221,20.61553,22.13594,20.61553,23.19483,19.10497,20.02498,19.0263,17.46425,47.80167,44.91102,45.35416,46.87217,49.36598,48.37355,48.37355,52.23983,55.14526,54.23099,55.00909,57.00877,60.03332,59.07622,59.07622,61.20457,59.03389,61.66036,58.54912,59.13544,61.07373,66.1211,61.40033,63.3877,63.3877,62.514,60.82763,60.29925,64.12488,58.07753,58.03447,59.07622,62.0,62.0,63.1981,63.1981,62.39391,63.07139,63.1981,64.62971,61.66036,67.08204,65.11528,67.46851,60.41523,67.72001,64.28841,65.80274,65.52099,67.44627,65.96969,67.72001,64.84597,64.51356,65.0,63.56886,67.05222
9.89949,9.21954,8.48528,9.21954,8.60233,8.60233,8.60233,8.60233,8.06226,8.60233,8.06226,8.06226,8.06226,8.06226,8.06226,7.61577,7.61577,7.61577,7.61577,7.61577,7.61577,7.61577,7.61577,7.61577,8.06226,7.61577,8.06226,7.2111,7.2111,7.2111,7.2111,7.2111,6.40312,6.40312,6.40312,5.65685,5.65685,5.65685,5.0,5.0,5.0,5.0,4.47214,4.47214,4.47214,3.16228,3.16228,3.16228,3.16228,3.0,3.0,3.0,60.30755,62.482,61.55485,60.82763,58.72819,55.15433,56.58622,55.97321,52.40229,54.03702,54.40588,51.22499,48.01042,49.40648,47.80167,48.37355,48.02083,46.64762,46.64762,48.33218,48.33218,49.1935,49.65884,50.08992,46.95743,46.51881,50.08992,49.64877,47.88528,50.08992,44.72136,46.95743,46.95743,45.61798,47.01064,46.40043,45.60702,45.22168,40.60788,40.80441,37.53665,36.06938,37.01351,35.4683,34.4093,31.241,29.0,30.23243,26.07681,26.07681,25.4951,21.9545,24.35159,22.56103,21.09502,19.41649,20.88061,43.13931,40.22437,46.2277,46.32494,46.32494,46.06517,48.76474,48.02083,50.08992,51.89412,55.54278,51.07837,54.78138,53.22593,57.56735,54.23099,54.78138,57.97413,60.16644,61.09828,56.30275,58.18935,60.40695,60.44005,60.08328,58.5235,57.97413,58.82176,61.84658,61.09828,60.41523,62.24147,64.84597,60.82763,63.06346,59.5399,63.63175,66.37017,64.49806,65.0,63.81222,65.80274,66.61081,69.40461,68.00735,72.34639,69.2026,70.29225,69.2026,71.40028,71.70077,71.06335,67.20119,74.51845,70.43437,68.88396,73.40981
11.04536,11.04536,11.04536,11.04536,10.0,11.04536,10.0,10.0,10.0,9.05539,10.04988,10.04988,9.21954,10.19804,10.19804,9.21954,10.19804,9.21954,10.44031,9.21954,9.21954,9.21954,9.21954,9.48683,10.44031,9.21954,10.19804,9.21954,10.19804,9.05539,10.04988,9.05539,9.05539,9.05539,8.0,8.0,8.0,8.0,7.0,7.07107,6.08276,6.08276,6.08276,6.08276,5.09902,5.38516,5.38516,5.09902,4.47214,4.47214,4.47214,4.47214,64.28841,62.64184,62.0967,59.66574,56.75385,56.29387,57.70615,54.45181,51.47815,53.33854,51.08816,50.03998,50.08992,50.01,49.0408,49.09175,52.23983,48.37355,50.48762,46.69047,47.29693,47.38143,48.27007,49.24429,49.0306,49.24429,49.0306,48.05206,45.35416,50.80354,46.69047,48.50773,48.6621,46.52956,49.64877,47.09565,51.35173,45.01111,45.09989,41.10961,42.29657,39.20459,41.10961,36.22154,36.49658,37.0,34.20526,32.75668,28.79236,27.51363,26.0,27.73085,25.4951,22.36068,26.07681,23.02173,19.20937,42.15448,41.62932,39.82462,42.04759,45.17743,43.26662,46.04346,46.87217,47.80167,46.09772,48.01042,51.40039,51.22499,53.2635,53.90733,55.9017,55.22681,55.17246,52.63079,53.90733,53.2635,56.85068,58.0517,54.81788,54.67175,55.97321,54.67175,57.48913,56.40035,56.40035,57.42822,56.30275,55.75841,58.30952,60.37384,63.06346,58.13777,60.37384,59.09315,67.62396,63.56099,59.61543,65.39113,69.857,64.19502,63.32456,66.7308,67.72001,69.26038,71.47027,69.26038,69.12308,68.30813,69.26038,70.60453,72.12489,68.96376
9.84886,8.94427,8.94427,8.94427,8.94427,8.06226,8.06226,8.06226,8.60233,8.60233,8.60233,7.81025,7.81025,7.81025,7.07107,8.48528,7.81025,7.81025,7.81025,7.81025,7.81025,7.81025,7.81025,8.60233,9.21954,7.81025,8.48528,8.48528,8.48528,7.81025,7.81025,7.81025,7.81025,7.2111,7.2111,7.2111,6.7082,6.7082,6.7082,6.32456,6.32456,5.38516,5.38516,5.09902,5.09902,4.12311,5.09902,5.09902,4.0,4.0,4.0,4.12311,65.96969,62.8172,62.96825,55.65968,54.42426,55.02727,50.69517,54.23099,50.9902,50.11986,50.08992,46.52956,48.37355,46.04346,47.43416,45.0,50.21952,47.50789,50.44799,44.59821,52.3259,47.38143,50.32892,48.79549,51.22499,49.57822,48.08326,50.93133,50.91169,52.40229,48.83646,50.24938,48.16638,50.44799,48.27007,52.20153,49.64877,47.43416,45.17743,45.27693,42.48529,42.94182,43.41659,40.31129,39.39543,36.05551,36.05551,32.89377,31.95309,30.80584,27.29469,27.29469,28.07134,29.42788,28.07134,26.07681,25.01999,41.4367,45.04442,43.0,46.0,44.18144,45.17743,45.54119,49.49747,51.35173,48.37355,48.6621,53.46027,51.62364,53.60037,56.08921,50.9902,56.29387,55.10898,52.7731,54.91812,56.75385,54.57105,52.95281,56.88585,56.56854,55.44367,56.22277,56.56854,54.33231,59.00847,53.08484,58.0,57.00877,58.00862,61.0082,57.14018,56.7186,60.82763,62.16912,62.96825,65.9242,61.84658,73.00685,69.857,68.65858,63.56099,67.26812,72.27724,68.65858,67.44627,67.72001,68.70953,72.03471,65.96969,70.60453,75.0,69.26038
10.81665,10.29563,10.29563,10.29563,10.29563,8.94427,9.84886,9.48683,9.48683,9.48683,9.48683,9.21954,9.21954,9.21954,9.21954,10.04988,9.05539,10.04988,10.04988,9.05539,10.04988,10.04988,10.04988,10.04988,10.04988,10.04988,10.04988,10.19804,10.19804,10.19804,10.19804,10.19804,10.44031,9.48683,9.48683,9.48683,8.544,8.94427,8.94427,8.06226,8.06226,8.06226,8.06226,7.2111,7.2111,7.2111,7.2111,6.40312,6.40312,6.40312,5.65685,5.65685,60.20797,56.72742,58.41233,60.0,56.0357,51.10773,53.82379,52.20153,50.77401,50.60632,48.8467,50.08992,46.8188,45.31004,48.38388,48.83646,46.84015,48.08326,45.12206,49.64877,52.46904,51.35173,47.38143,48.37355,51.47815,49.36598,51.15662,53.15073,51.47815,53.75872,50.15974,55.22681,53.75872,51.47815,53.75872,51.66237,52.17279,50.0,50.96077,48.38388,51.86521,46.61545,45.18849,46.95743,40.70626,46.06517,39.82462,42.54409,40.81666,38.01316,36.05551,34.98571,32.64966,32.55764,32.64966,29.83287,26.90725,43.909,40.81666,45.27693,44.28318,45.61798,42.54409,45.88028,48.75449,50.92151,50.32892,49.33559,49.0408,50.32892,53.75872,49.33559,49.64877,53.45091,51.5461,51.62364,53.14132,49.24429,55.97321,49.65884,55.15433,52.39275,54.56189,51.89412,54.12024,53.33854,55.07268,53.85165,53.33854,53.25411,56.0357,57.80138,59.5483,54.56189,60.44005,61.7171,64.3506,62.93648,64.44377,65.8559,68.593,62.2254,68.60029,67.47592,67.80118,65.79514,71.44928,67.26812,68.24954,65.43699,70.60453,68.0147,69.42622,69.40461
9.21954,9.21954,9.21954,8.24621,8.544,8.544,8.544,8.544,8.94427,8.06226,8.06226,8.06226,8.06226,8.06226,7.2111,8.60233,8.60233,7.81025,7.81025,7.81025,7.81025,9.21954,9.21954,9.21954,9.21954,9.21954,9.21954,10.0,9.21954,10.0,9.43398,9.43398,9.43398,9.43398,8.94427,8.94427,8.94427,8.544,8.544,7.28011,8.24621,7.28011,7.28011,7.28011,7.28011,7.07107,7.07107,7.07107,6.08276,6.08276,6.0,6.0,54.81788,57.72348,48.76474,50.96077,52.20153,45.31004,48.38388,44.38468,47.92703,43.41659,47.16991,45.17743,43.41659,41.10961,43.01163,42.63801,41.72529,42.44997,43.13931,45.96738,44.55334,45.27693,44.04543,46.09772,47.63402,48.60041,50.80354,51.0392,52.20153,52.00961,54.81788,52.80152,53.15073,47.38143,55.0,48.16638,49.51767,51.62364,49.49747,53.90733,50.32892,49.67897,47.70744,44.20407,42.80187,45.27693,43.41659,42.72002,39.35734,39.82462,38.27532,38.01316,34.48188,36.24914,32.31099,32.98485,33.52611,48.38388,48.46648,47.92703,45.18849,53.22593,47.88528,49.64877,51.07837,55.47071,54.12024,51.0,51.0,59.05929,60.03332,51.42956,56.79789,55.9464,54.56189,51.07837,57.00877,57.77543,59.09315,58.82176,57.24509,58.30952,57.28001,56.32051,53.15073,58.94065,54.57105,57.55867,53.23533,58.13777,60.07495,57.07889,61.0082,60.0,58.0,62.28965,65.37584,63.1981,64.93843,64.77654,65.62012,63.63961,64.7611,65.51336,66.94027,67.91171,66.94027,65.51336,69.05071,65.0,65.30697,67.46851,61.39218,63.56099
8.06226,8.06226,7.2111,7.2111,6.40312,6.40312,7.07107,7.07107,7.07107,6.40312,6.40312,7.2111,6.40312,6.40312,6.40312,7.2111,8.06226,7.2111,6.7082,7.61577,7.61577,8.06226,8.06226,7.61577,8.06226,8.94427,8.94427,8.60233,8.06226,9.43398,8.60233,7.81025,8.60233,7.81025,9.21954,7.81025,8.48528,7.07107,7.07107,7.07107,7.07107,7.07107,6.40312,6.40312,6.40312,5.65685,6.40312,5.0,6.40312,5.0,5.83095,5.0,55.57877,46.09772,46.09772,44.92215,41.48494,41.4367,40.80441,40.8534,36.76955,42.48529,40.31129,37.44329,37.21559,33.28663,36.61967,36.79674,36.23534,34.65545,38.18377,36.79674,38.28838,41.23106,40.45986,38.60052,40.36087,38.41875,45.27693,42.80187,42.2019,42.63801,42.52058,50.20956,47.38143,48.79549,46.66905,48.10405,44.68781,46.75468,47.01064,45.0,43.26662,46.61545,43.01163,40.22437,40.81666,39.11521,42.48529,37.12142,38.01316,33.61547,39.0,34.9285,31.95309,31.32092,32.31099,31.38471,31.04835,50.0,51.31277,49.40648,51.85557,50.80354,53.2635,53.15073,54.56189,56.0803,57.62812,59.5483,59.81639,59.81639,61.07373,59.07622,58.25805,59.03389,60.46487,60.74537,61.58734,59.90826,59.68249,60.53924,60.41523,61.29437,62.16912,62.6099,65.39113,57.38467,63.32456,57.87055,62.29767,57.56735,57.48913,58.94065,62.58594,62.03225,62.20129,64.38167,65.0,66.0,62.0,64.0,63.03174,68.02941,69.35416,63.1981,68.26419,63.1981,63.78871,61.29437,64.38167,64.12488,59.5399,60.67125,65.11528,57.70615
8.06226,8.06226,7.28011,7.28011,7.61577,7.28011,6.7082,6.7082,6.7082,7.2111,6.7082,7.2111,7.2111,7.2111,7.81025,6.40312,6.40312,7.2111,7.07107,7.07107,7.81025,7.81025,7.81025,7.81025,7.81025,7.81025,8.60233,8.60233,8.60233,8.06226,8.06226,8.06226,8.06226,8.06226,7.61577,7.61577,7.61577,7.61577,7.61577,7.61577,7.28011,6.08276,6.32456,6.08276,6.08276,6.08276,6.08276,6.08276,6.08276,5.09902,5.0,5.0,51.86521,50.0,46.48656,43.9659,45.60702,41.97618,38.47077,39.31921,34.36568,36.01389,35.12834,35.01428,35.01428,36.12478,34.20526,32.75668,34.71311,37.36308,36.05551,34.36568,38.27532,37.33631,39.81206,36.40055,41.4367,39.84972,36.40055,41.14608,39.56008,41.78516,38.8973,37.94733,42.44997,41.23106,42.95346,42.57934,39.62323,42.10701,40.1995,41.10961,42.04759,38.01316,42.10701,38.0526,40.0,32.24903,34.23449,35.0571,32.75668,29.41088,31.57531,30.80584,34.52535,28.63564,30.08322,25.07987,25.63201,47.80167,50.69517,50.69517,52.39275,52.88667,49.47727,55.10898,52.95281,61.0,56.51548,58.46366,61.40033,59.48109,60.08328,63.32456,64.03124,61.68468,63.89053,61.32699,63.56886,65.9242,67.41662,65.0,65.76473,68.88396,66.24198,66.24198,65.29931,63.81222,65.51336,64.40497,69.2026,63.41136,64.81512,64.81512,64.38167,62.24147,62.28965,67.62396,64.2028,66.8431,65.8635,64.63745,64.66065,66.88797,64.84597,65.8635,64.41273,63.52952,64.84597,64.07808,65.9242,64.84597,60.82763,62.24147,63.56099,53.48832
8.24621,7.28011,7.61577,7.61577,7.61577,6.7082,6.7082,7.2111,7.2111,7.2111,6.40312,6.40312,7.07107,7.07107,7.07107,7.07107,7.07107,7.07107,7.07107,7.07107,7.07107,7.07107,7.07107,7.07107,7.07107,7.07107,7.07107,7.81025,7.81025,6.40312,7.2111,7.2111,7.2111,7.2111,6.7082,6.7082,6.32456,6.32456,6.32456,6.32456,6.32456,5.09902,5.38516,5.09902,5.09902,5.09902,5.09902,5.09902,5.09902,5.09902,4.0,4.0,50.80354,49.81967,47.04253,46.04346,42.0,42.0,44.10215,41.01219,39.11521,37.36308,39.29377,38.60052,34.17601,39.21734,36.05551,34.88553,37.57659,34.88553,33.61547,37.12142,36.71512,35.80503,36.40055,36.05551,36.40055,35.8469,33.83785,39.11521,40.70626,39.66106,37.73592,37.73592,38.48376,40.24922,36.67424,37.94733,37.69615,37.94733,38.60052,35.17101,35.90265,36.67424,35.51056,37.48333,30.01666,31.14482,27.07397,31.01612,28.01785,25.01999,27.01851,27.07397,25.01999,28.16026,23.5372,24.73863,23.4094,47.92703,46.23851,52.20153,53.85165,51.86521,53.14132,54.42426,53.48832,55.15433,56.46238,59.77458,58.82176,61.09828,60.16644,59.61543,63.90618,61.68468,65.0,63.07139,62.17717,62.64982,64.00781,65.76473,67.23095,67.1193,66.28725,65.19202,64.63745,68.8186,66.8431,63.03174,63.63961,65.05382,65.11528,64.03124,68.88396,65.45991,67.80118,68.50547,69.46222,66.88797,67.08204,66.18912,72.49828,66.70832,66.40783,66.7308,63.69458,66.76077,68.00735,65.14599,68.62215,65.25335,63.89053,62.64184,61.13101,62.8172
8.544,7.28011,8.06226,7.07107,7.07107,7.07107,7.0,7.0,7.0,7.07107,7.07107,7.07107,6.08276,6.32456,6.32456,7.28011,7.28011,7.28011,7.61577,7.61577,7.61577,7.61577,7.28011,7.61577,7.61577,8.24621,8.24621,7.61577,7.28011,8.24621,7.28011,7.28011,7.28011,7.07107,7.07107,8.0,7.0,7.0,6.0,6.0,6.08276,6.08276,6.0,6.08276,5.09902,5.09902,5.09902,5.09902,5.09902,4.12311,4.47214,4.47214,51.10773,48.37355,49.73932,41.67733,41.23106,42.04759,39.84972,40.79216,36.13862,36.87818,33.37664,34.23449,37.05401,34.0,35.22783,34.23449,34.9285,33.13608,36.49658,31.7805,40.80441,35.90265,35.44009,38.27532,40.5216,39.56008,37.36308,38.48376,39.56008,37.94733,43.41659,37.85499,36.87818,42.42641,42.75512,40.31129,36.34556,42.42641,40.0,38.01316,37.0,33.13608,36.01389,33.06055,35.35534,33.24154,32.89377,30.41381,29.41088,27.51363,29.12044,24.59675,27.313,22.82542,25.96151,23.70654,22.82542,47.53946,49.0306,48.6621,51.47815,51.62364,54.23099,51.78803,55.7315,56.32051,56.56854,61.29437,60.82763,62.64982,66.75328,62.1289,64.38167,70.21396,61.39218,59.66574,63.56099,59.5399,64.32729,65.25335,71.06335,64.84597,67.05222,65.78754,65.45991,64.84597,65.39113,64.88451,63.50591,64.84597,62.26556,64.49806,65.8635,65.73431,65.21503,66.4003,67.26812,68.11755,64.44377,67.89698,67.17887,66.52819,66.52819,67.17887,64.38167,65.79514,62.80127,63.25346,64.66065,65.29931,58.41233,64.89992,62.28965,56.0803
6.40312,6.40312,5.65685,5.65685,5.65685,5.0,4.47214,4.47214,4.47214,5.83095,4.47214,4.47214,5.38516,5.38516,5.09902,5.09902,5.09902,5.09902,5.09902,5.09902,5.38516,5.09902,5.09902,5.09902,5.38516,5.09902,5.38516,5.38516,5.38516,4.47214,5.0,5.0,5.0,4.24264,4.24264,4.24264,3.60555,4.47214,3.60555,3.60555,3.60555,3.16228,3.16228,3.16228,3.0,2.0,2.0,3.0,3.0,3.0,2.23607,2.23607,47.42362,50.20956,43.93177,41.86884,38.27532,35.0,38.83298,37.73592,34.43835,34.43835,30.46309,31.7805,32.01562,29.41088,28.86174,28.28427,32.38827,28.01785,30.14963,29.01724,30.14963,30.06659,29.0,31.01612,30.01666,30.06659,33.01515,29.06888,29.0,31.14482,29.01724,31.257,31.06445,34.0,33.24154,26.92582,27.89265,29.73214,27.89265,26.40076,27.29469,23.25941,26.40076,26.07681,23.43075,22.02272,21.40093,22.02272,17.80449,16.97056,18.86796,18.02776,20.0,17.88854,18.78829,15.52417,16.12452,50.96077,49.64877,55.36244,56.04463,59.66574,56.51548,59.66574,60.20797,61.40033,61.81424,67.08204,67.47592,65.76473,68.593,67.47592,69.05071,71.58911,68.88396,70.03571,69.58448,71.84706,71.38627,71.70077,71.84706,71.19691,70.61161,65.51336,65.0,72.03471,69.92138,67.35726,68.00735,66.85058,68.02941,69.64194,64.40497,68.44706,67.53518,68.8767,66.7308,65.19202,69.40461,65.73431,70.21396,64.2028,68.41053,67.00746,70.17834,65.60488,67.47592,65.11528,61.55485,58.41233,65.60488,63.25346,62.2254,58.0
9.89949,9.89949,9.89949,9.89949,9.21954,9.21954,8.60233,8.06226,8.60233,7.81025,8.06226,8.06226,8.06226,8.06226,7.61577,7.61577,7.61577,7.61577,7.61577,8.544,7.61577,8.544,7.61577,8.544,8.544,7.61577,7.61577,8.06226,8.06226,7.61577,8.06226,8.06226,7.2111,7.2111,7.2111,7.2111,6.40312,7.07107,6.40312,6.40312,5.65685,5.65685,5.65685,5.0,5.0,5.0,5.0,4.47214,4.47214,4.47214,3.60555,3.16228,62.20129,64.07027,60.80296,56.40035,50.80354,54.20332,51.85557,55.15433,47.42362,47.38143,47.01064,43.18565,41.7732,41.23106,45.22168,43.26662,42.80187,39.44617,41.59327,43.38202,44.38468,39.81206,43.46263,41.62932,42.95346,40.8534,42.15448,45.88028,43.38202,43.909,44.28318,43.86342,39.96248,44.28318,43.04649,41.88078,46.04346,39.11521,38.01316,37.44329,35.38361,37.48333,33.30165,32.80244,31.62278,34.82815,30.4795,30.01666,26.07681,27.80288,26.62705,22.80351,22.47221,21.18962,21.84033,17.46425,19.23538,44.40721,45.60702,44.55334,45.27693,45.96738,50.24938,52.3259,53.03772,50.60632,54.67175,57.68882,56.0357,57.68882,58.83026,59.16925,59.5399,62.64982,61.7171,65.76473,63.63175,62.64982,61.29437,65.74192,64.84597,64.84597,64.41273,60.37384,62.6099,63.50591,62.17717,59.36329,65.51336,65.36819,62.1289,64.66065,66.28725,67.20119,70.45566,65.21503,68.24222,66.28725,70.60453,72.47068,73.66139,71.70077,77.10383,72.24957,72.34639,72.91776,73.10951,76.83749,74.02702,74.02702,72.34639,72.00694,75.28612,75.60423
10.04988,10.04988,9.05539,9.05539,8.06226,9.0,8.0,8.0,8.0,8.0,8.06226,8.06226,7.07107,7.07107,7.07107,7.28011,8.24621,7.28011,7.28011,7.28011,7.28011,7.28011,8.24621,8.24621,8.24621,8.544,8.24621,8.06226,8.06226,8.06226,8.06226,8.06226,8.06226,7.0,7.0,7.0,7.07107,7.07107,6.08276,6.08276,6.32456,6.08276,5.38516,5.38516,5.38516,5.38516,5.38516,4.47214,5.0,5.0,5.0,4.24264,64.51356,57.28001,58.18935,56.51548,52.95281,50.0,48.70318,47.07441,43.41659,44.28318,41.59327,40.11234,40.04997,38.11824,41.01219,39.05125,39.20459,40.02499,39.81206,39.05125,42.2019,38.60052,38.27532,36.13862,39.29377,41.59327,36.67424,41.76123,37.85499,44.38468,43.93177,42.42641,39.62323,41.59327,38.20995,37.12142,39.05125,43.0,40.0,39.0,33.37664,35.12834,35.22783,31.40064,30.36445,31.04835,32.57299,26.0,28.63564,26.40076,26.41969,25.94224,22.80351,22.47221,19.20937,20.24846,21.26029,43.41659,40.11234,41.10961,46.01087,42.0119,48.09366,47.09565,50.48762,49.64877,51.47815,51.78803,56.88585,55.31727,59.43904,58.94065,58.18935,59.48109,58.82176,59.90826,58.87274,61.09828,60.53924,60.74537,61.35145,60.53924,62.62587,60.40695,59.61543,58.5235,65.45991,63.89053,62.93648,60.40695,63.24555,66.76077,63.32456,63.78871,65.73431,65.30697,68.06614,68.06614,69.2315,70.03571,68.24954,68.593,67.91171,70.61161,72.83543,69.2315,64.93843,74.1485,75.66373,75.70997,64.53681,73.1642,70.83078,68.06614
7.2111,7.2111,7.2111,7.2111,5.83095,6.7082,5.38516,6.32456,5.38516,6.08276,6.08276,6.0,6.08276,5.09902,6.0,5.0,6.0,6.0,6.0,6.0,6.0,6.0,6.08276,6.0,6.0,6.0,6.0,6.08276,6.08276,5.0,6.08276,5.09902,5.09902,5.38516,5.38516,5.38516,4.12311,4.47214,4.47214,4.47214,3.60555,3.60555,3.60555,3.60555,2.82843,2.82843,2.82843,2.23607,2.23607,2.23607,2.23607,2.23607,57.3062,59.05929,53.7122,51.86521,49.40648,43.26662,43.82921,44.65423,38.41875,37.53665,36.23534,34.65545,35.4683,32.20248,33.28663,35.80503,39.96248,34.48188,32.69557,32.69557,32.31099,33.10589,36.68787,34.53983,34.9285,35.1141,35.4683,35.17101,32.69557,38.62642,36.40055,40.31129,32.69557,38.48376,32.20248,37.73592,37.44329,32.20248,32.20248,34.20526,30.80584,31.241,27.65863,28.3196,29.41088,26.62705,29.20616,26.40076,25.23886,22.47221,23.25941,18.78829,17.72005,17.72005,18.43909,15.13275,16.0,43.01163,45.60702,46.04346,51.62364,51.47815,48.76474,53.23533,53.7122,56.85948,53.22593,55.71355,56.32051,59.46427,61.98387,61.68468,58.5235,65.14599,60.44005,62.0967,62.29767,63.06346,64.19502,64.56005,65.52099,62.36185,64.56005,61.84658,66.48308,61.98387,65.78754,61.68468,68.00735,65.55151,63.32456,65.0,67.62396,63.50591,65.29931,66.64833,68.47627,70.71068,65.51336,70.21396,70.49113,66.85058,65.0,69.11584,67.95587,70.83078,66.37017,69.33974,71.84706,72.94518,64.66065,65.0,71.34424,63.81222
9.21954,7.81025,7.81025,7.81025,7.07107,6.40312,7.2111,6.40312,6.40312,7.2111,5.83095,6.7082,5.83095,6.7082,5.83095,6.32456,6.32456,6.32456,6.32456,6.32456,6.32456,6.32456,6.32456,6.32456,6.32456,6.32456,6.32456,6.7082,6.7082,6.32456,5.83095,5.83095,5.83095,5.0,5.0,5.0,5.0,5.0,5.0,5.0,3.60555,3.60555,4.47214,3.16228,3.16228,3.16228,3.16228,3.16228,3.0,3.0,2.0,2.0,59.16925,56.60389,54.20332,51.62364,53.25411,45.48626,47.01064,43.41659,43.93177,38.28838,40.31129,40.45986,37.64306,32.55764,37.20215,36.89173,38.07887,38.27532,36.23534,36.40055,35.77709,36.67424,37.58989,38.07887,38.01316,36.67424,37.69615,38.07887,36.05551,38.48376,39.82462,38.94868,36.23534,36.05551,38.83298,33.42155,37.20215,38.94868,33.6006,32.64966,33.24154,28.01785,31.62278,30.23243,27.29469,24.69818,25.55386,23.76973,22.82542,18.68154,20.61553,21.37756,19.23538,21.0,17.02939,18.0,17.26268,45.96738,46.01087,50.44799,50.60632,52.20153,52.80152,53.82379,54.08327,57.70615,55.07268,59.05929,61.29437,63.50591,60.83584,59.5063,65.55151,65.9242,64.4748,62.76942,64.62198,65.55151,67.41662,66.12866,66.7308,67.05222,67.6757,67.35726,67.41662,67.41662,65.55151,66.48308,66.12866,65.39113,68.8767,68.42514,64.84597,68.0,68.42514,68.42514,70.3278,69.77105,68.60029,67.74216,72.11103,66.03787,72.94518,73.00685,71.86793,71.28113,73.78347,74.33034,71.56116,67.41662,70.3278,69.46222,67.23095,68.47627
9.21954,8.60233,8.60233,7.2111,8.06226,7.2111,8.06226,6.7082,6.7082,6.7082,6.7082,6.7082,6.32456,6.32456,6.32456,7.28011,6.08276,6.32456,6.08276,6.08276,6.08276,6.08276,7.28011,7.07107,6.08276,6.08276,6.08276,7.28011,6.32456,6.32456,6.32456,6.32456,5.38516,5.83095,5.83095,5.83095,5.0,5.0,5.0,5.0,5.0,5.0,4.24264,4.47214,3.60555,3.60555,3.16228,3.16228,3.16228,3.16228,3.16228,3.0,61.05735,59.05929,57.77543,52.7731,54.56189,51.42956,47.43416,44.59821,42.05948,43.65776,42.37924,42.95346,41.4367,39.62323,38.20995,39.31921,38.01316,39.01282,40.0125,39.01282,42.10701,39.11521,40.31129,38.11824,40.1995,42.29657,40.1995,37.65634,41.97618,40.04997,37.12142,39.01282,38.0,36.34556,39.0,37.12142,35.0571,36.05551,37.12142,35.51056,36.13862,29.41088,31.62278,28.23119,27.313,26.83282,23.32381,23.70654,24.41311,24.04163,22.02272,19.10497,19.41649,18.43909,19.20937,15.65248,14.56022,42.94182,47.01064,49.73932,51.10773,53.53504,50.21952,51.08816,53.90733,59.03389,56.22277,58.79626,59.4138,62.96825,63.03174,61.52235,62.2254,62.93648,62.93648,65.79514,62.2254,62.96825,66.52819,67.20863,67.94115,67.89698,69.31089,65.79514,67.20863,67.88225,67.94115,62.24147,64.53681,64.44377,68.11755,68.88396,66.4003,70.43437,66.61081,70.72482,71.56116,70.45566,69.97142,72.71864,73.43024,70.83078,73.57309,70.83078,73.4983,73.24616,72.06941,69.83552,74.70609,70.83078,68.47627,71.11962,71.11259,69.46222
8.48528,8.48528,8.48528,7.81025,7.07107,6.40312,7.2111,6.7082,6.40312,6.7082,5.83095,6.7082,6.7082,6.32456,6.32456,6.32456,6.32456,6.32456,6.32456,6.32456,6.32456,6.32456,6.32456,6.32456,6.32456,6.32456,6.32456,5.83095,5.83095,5.83095,5.83095,5.83095,5.0,5.0,5.0,4.24264,4.24264,4.24264,3.60555,3.60555,3.60555,3.60555,3.16228,3.16228,2.23607,2.23607,2.23607,2.0,2.0,2.0,2.0,2.23607,58.69412,58.69412,53.74012,50.32892,50.44799,46.75468,48.41487,46.2277,47.43416,40.80441,38.94868,41.59327,42.54409,37.69615,34.17601,36.40055,41.59327,38.60052,37.94733,34.9285,38.83298,37.85499,36.13862,32.55764,37.64306,37.10795,38.47077,39.81206,37.64306,36.13862,34.9285,37.10795,35.1141,37.33631,37.0,34.17601,31.30495,34.0,31.38471,29.52965,31.06445,28.01785,26.90725,25.6125,21.26029,23.34524,24.04163,21.93171,20.0,17.49286,17.0,15.23155,16.49242,14.56022,14.56022,12.36932,13.0384,49.0408,48.79549,50.44799,50.91169,52.40229,51.73973,51.40039,55.44367,58.82176,59.36329,60.20797,61.29437,62.26556,65.0,60.90156,63.13478,64.00781,66.64833,61.91123,64.88451,63.13478,68.96376,67.1193,66.18912,68.02941,64.84597,69.83552,67.74216,64.66065,68.50547,66.03787,68.26419,64.63745,69.06519,65.45991,68.00735,68.41053,68.41053,66.8431,68.76772,73.0,72.18033,70.00714,72.13876,67.88225,72.13876,71.44928,68.593,73.5527,74.96666,72.12489,71.58911,70.72482,67.20863,68.593,68.68042,65.76473
10.04988,9.05539,8.06226,8.06226,8.06226,8.06226,8.06226,7.28011,7.28011,7.28011,7.28011,7.28011,7.28011,6.32456,6.32456,6.7082,6.7082,6.7082,6.7082,6.7082,6.7082,6.7082,6.7082,6.7082,6.32456,6.7082,7.28011,6.32456,6.08276,6.32456,6.08276,6.08276,6.0,6.0,6.0,6.0,6.0,5.09902,5.09902,4.12311,4.12311,4.12311,4.47214,4.47214,4.47214,3.60555,3.60555,2.82843,2.82843,2.82843,2.82843,2.82843,61.0082,58.07753,53.23533,55.03635,55.22681,48.04165,49.81967,41.59327,46.87217,40.26164,43.17407,42.44997,40.16217,42.05948,39.92493,40.49691,39.92493,35.35534,34.0147,38.94868,38.94868,41.14608,35.35534,35.8469,36.67424,37.57659,39.35734,38.47077,37.33631,38.01316,38.07887,37.33631,39.21734,36.68787,38.32754,34.48188,30.41381,35.44009,32.24903,33.06055,34.0147,30.06659,26.01922,26.0,24.08319,27.07397,22.2036,22.56103,19.72308,19.31321,21.18962,20.24846,17.49286,14.14214,15.0,15.26434,12.04159,48.33218,49.64877,54.08327,51.92302,56.75385,53.36666,55.10898,56.22277,57.07889,60.20797,60.20797,61.13101,63.12686,64.00781,64.00781,67.00746,63.00794,68.06614,65.00769,67.36468,68.26419,70.11419,68.11755,68.02941,70.25667,65.00769,66.1211,65.19202,71.11259,65.12296,68.00735,66.00758,71.00704,66.06815,69.00725,69.0,68.06614,68.26419,70.17834,69.35416,66.48308,73.5527,69.35416,75.05998,70.45566,71.17584,73.33485,72.83543,71.34424,71.84706,69.87131,72.99315,66.48308,76.41989,71.44928,66.18912,69.11584
8.60233,9.43398,8.06226,8.60233,8.06226,8.06226,7.61577,7.61577,7.61577,7.28011,7.61577,7.28011,7.28011,7.28011,7.28011,7.28011,7.28011,7.28011,7.07107,7.07107,7.28011,7.07107,7.28011,7.07107,7.28011,7.28011,7.28011,6.32456,6.32456,5.83095,6.7082,6.7082,5.83095,5.83095,5.0,5.0,5.0,4.24264,4.24264,4.24264,3.60555,3.60555,3.60555,3.60555,2.82843,2.23607,2.23607,2.23607,2.23607,2.23607,2.0,2.0,54.48853,56.56854,52.34501,52.34501,50.93133,46.69047,47.20169,45.22168,42.63801,43.01163,42.0119,41.6173,40.81666,41.18252,37.58989,36.24914,39.39543,38.07887,37.69615,39.92493,40.8534,37.33631,35.4683,36.68787,34.0,38.07887,36.76955,37.10795,37.33631,34.43835,36.05551,35.22783,33.10589,31.38471,33.61547,32.20248,29.20616,31.241,27.65863,26.87006,28.28427,26.40076,21.93171,26.40076,23.02173,22.36068,21.0238,20.61553,18.97367,18.68154,15.81139,16.03122,13.92839,18.24829,13.0384,12.04159,11.18034,47.01064,44.94441,49.40648,50.44799,54.03702,52.40229,53.75872,54.45181,53.07542,58.0517,57.38467,61.55485,60.10824,59.03389,58.41233,64.63745,62.96825,63.24555,60.80296,59.16925,61.58734,62.96825,68.50547,62.42596,64.3506,64.89992,63.24555,62.1289,65.0,63.24555,63.82006,62.62587,61.84658,60.80296,66.06815,63.41136,67.47592,64.44377,67.89698,64.3506,65.06919,70.71068,67.17887,67.26812,66.46804,67.35726,67.88225,69.31089,67.89698,67.88225,67.94115,68.76772,64.38167,65.11528,65.76473,65.76473,66.52819
10.29563,8.94427,8.94427,8.94427,8.544,8.544,8.544,8.544,8.544,7.28011,7.28011,7.28011,7.07107,7.28011,7.07107,8.06226,7.07107,7.07107,7.07107,7.07107,7.07107,7.07107,7.07107,7.07107,7.07107,7.07107,7.28011,7.28011,7.28011,7.28011,6.32456,6.32456,6.32456,5.83095,5.83095,5.0,5.0,5.0,5.0,5.0,4.24264,4.24264,4.24264,3.60555,3.60555,3.60555,3.60555,2.82843,2.23607,2.23607,2.23607,2.0,56.72742,56.0803,52.63079,48.83646,53.41348,44.55334,50.24938,46.04346,43.56604,41.6173,41.59327,41.18252,42.15448,41.23106,38.58756,37.57659,37.69615,39.56008,37.69615,38.83298,39.56008,38.8973,38.83298,36.87818,36.87818,40.02499,37.94733,38.60052,39.56008,38.62642,37.33631,36.05551,36.05551,34.78505,33.61547,33.61547,35.8469,30.88689,32.44996,29.20616,27.65863,27.58623,25.4951,23.43075,24.04163,22.67157,21.63331,21.63331,19.72308,18.60108,19.23538,16.76305,15.26434,12.64911,15.29706,15.13275,11.18034,46.2277,47.01064,48.79549,49.57822,55.97321,53.2635,53.8145,56.72742,57.62812,54.81788,58.24946,60.46487,61.29437,62.1289,61.05735,58.66856,60.90156,64.49806,63.28507,60.20797,63.63175,65.19202,65.29931,62.26556,65.0,63.63175,63.52952,61.40033,63.28507,64.14047,62.96825,61.85467,63.82006,63.41136,65.19202,61.84658,63.12686,64.81512,67.35726,67.94115,66.48308,67.17887,65.06919,67.89698,62.96825,70.0928,65.19202,64.53681,68.68042,67.94115,68.593,65.76473,69.29646,65.06919,67.17887,60.959,63.03174
9.0,9.0,9.0,9.0,8.06226,8.06226,8.06226,8.24621,8.24621,7.28011,7.28011,7.28011,7.28011,7.61577,7.28011,7.61577,7.61577,7.61577,7.28011,6.7082,6.7082,6.32456,7.61577,6.7082,6.32456,6.7082,7.28011,6.32456,7.07107,7.28011,6.08276,6.08276,6.0,6.0,6.0,6.0,6.0,5.09902,5.09902,5.09902,5.09902,5.09902,4.12311,4.47214,4.47214,3.60555,3.60555,3.60555,3.60555,2.82843,3.60555,2.82843,55.3263,56.22277,53.03772,53.03772,52.15362,50.0,48.0,47.01064,44.04543,44.10215,41.19466,42.95346,40.4475,40.79216,43.93177,40.60788,41.10961,42.2019,33.73426,39.92493,43.01163,40.49691,39.21734,37.0,38.27532,37.69615,39.29377,37.94733,35.17101,40.80441,39.84972,39.05125,32.75668,35.51056,34.71311,36.12478,34.36568,33.54102,31.01612,32.24903,30.14963,32.55764,30.41381,24.35159,25.0,25.4951,24.16609,21.18962,23.25941,20.24846,19.23538,20.61553,15.81139,14.86607,16.27882,16.27882,14.86607,48.16638,54.00926,50.0,53.0,54.03702,54.23099,56.56854,55.3263,55.54278,59.84146,58.46366,58.69412,64.56005,62.0967,65.52099,60.40695,64.19502,62.36185,66.48308,67.41662,64.19502,64.19502,65.0,65.55151,67.35726,64.2573,63.90618,65.78754,63.60031,66.48308,62.64184,66.48308,66.70832,62.0967,68.41053,64.77654,62.36986,66.28725,67.26812,67.74216,66.09841,67.18631,70.34913,65.76473,68.46897,68.02941,69.58448,67.26812,67.26812,67.26812,68.26419,67.1193,71.17584,64.28063,68.18358,67.18631,61.40033
8.24621,8.544,7.28011,8.544,7.61577,7.61577,6.7082,7.2111,7.2111,7.2111,7.2111,6.40312,6.40312,6.40312,6.40312,7.07107,7.07107,7.07107,7.07107,7.07107,7.07107,7.07107,7.07107,7.07107,7.07107,7.07107,7.81025,6.40312,6.40312,6.40312,5.83095,5.83095,5.83095,5.83095,5.38516,5.38516,5.38516,5.38516,4.12311,4.12311,4.12311,4.0,3.0,4.0,3.0,3.0,3.0,2.23607,2.0,2.23607,2.23607,2.23607,53.93515,50.21952,50.80354,49.49747,47.26521,50.03998,42.0119,43.01163,39.11521,41.19466,39.05125,41.59327,38.32754,36.67424,39.29377,39.84972,34.78505,39.21734,39.21734,38.07887,39.21734,37.69615,41.23106,37.0,37.69615,36.76955,35.1141,39.0,35.8469,39.21734,38.47077,39.56008,33.95585,36.40055,35.44009,34.71311,33.73426,32.24903,30.26549,34.36568,29.01724,31.01612,30.0,26.07681,24.02082,23.76973,22.36068,21.18962,19.92486,23.08679,18.68154,19.23538,13.60147,14.21267,16.40122,14.21267,14.14214,46.84015,46.57252,46.48656,55.36244,49.39636,53.66563,54.12024,56.35601,55.07268,55.47071,60.03332,60.90156,63.63175,58.30952,66.03787,58.82176,66.61081,60.46487,63.81222,65.0,64.89992,68.8186,63.82006,64.66065,63.82006,65.73431,66.88797,68.24222,65.73431,67.74216,62.96825,64.89992,64.14047,64.41273,61.7171,66.21178,63.07139,68.70953,65.45991,67.77905,68.70953,67.05222,71.47027,69.92138,68.96376,65.80274,68.00735,68.96376,67.05222,67.35726,65.51336,67.68309,72.27724,62.36185,63.06346,66.48308,64.28841
9.48683,8.24621,8.24621,8.24621,8.24621,8.06226,8.06226,8.0,7.0,8.06226,8.0,7.0,7.0,7.0,7.07107,7.07107,7.07107,7.07107,7.07107,7.07107,7.07107,7.07107,7.07107,7.07107,7.07107,7.0,7.0,7.0,7.0,7.0,7.07107,7.07107,6.08276,6.08276,6.32456,6.32456,6.32456,5.38516,5.38516,5.83095,5.83095,4.47214,5.0,3.60555,4.24264,4.24264,4.24264,4.24264,3.60555,3.60555,3.60555,3.60555,54.57105,51.41984,51.97115,47.51842,51.47815,46.27094,45.39824,45.01111,43.01163,45.01111,41.30375,42.75512,40.4475,38.47077,39.45884,41.48494,37.10795,35.44009,37.64306,41.10961,40.49691,39.0,37.64306,34.78505,38.91015,36.40055,39.0,37.94733,37.0,38.27532,38.8973,39.56008,38.47077,37.64306,33.54102,36.34556,33.37664,34.1321,31.01612,34.1321,32.01562,30.41381,27.16616,27.89265,25.4951,29.12044,27.20294,24.59675,23.76973,23.70654,19.23538,18.02776,17.49286,20.0,14.42221,16.97056,16.27882,48.50773,47.07441,48.50773,48.76474,52.20153,55.02727,52.81098,55.36244,59.80803,55.15433,60.37384,62.6099,63.97656,60.41523,61.29437,62.6099,67.60178,64.14047,66.88797,65.36819,61.29437,65.8635,68.47627,65.0,65.51336,69.64194,68.96376,68.0,65.8635,67.08204,64.84597,67.08204,66.70832,65.9242,67.23095,67.06713,68.00735,68.94926,67.41662,70.5195,68.94926,69.57011,70.21396,70.88018,67.35726,67.46851,69.857,69.857,68.88396,65.96969,67.18631,67.91171,71.56815,66.21933,65.96969,66.94027,64.53681
8.60233,8.60233,8.60233,8.60233,8.06226,8.06226,7.61577,7.61577,7.61577,7.61577,7.28011,7.28011,7.28011,7.28011,7.28011,7.07107,7.07107,7.07107,7.07107,7.07107,7.07107,7.07107,7.07107,7.07107,7.07107,7.07107,7.07107,7.28011,7.28011,7.28011,7.28011,7.61577,6.32456,6.32456,6.7082,6.7082,5.83095,5.83095,5.83095,6.40312,5.0,5.0,5.65685,5.0,4.24264,4.24264,4.24264,3.60555,3.60555,3.60555,3.60555,3.16228,53.25411,54.40588,48.27007,51.62364,50.9902,42.52058,44.59821,41.72529,41.86884,39.69887,40.22437,39.82462,39.44617,40.81666,37.58989,39.39543,36.67424,34.78505,36.67424,37.33631,37.94733,36.40055,37.85499,37.36308,36.05551,39.56008,41.4367,40.26164,40.16217,38.60052,40.31129,33.61547,37.69615,37.69615,40.24922,33.54102,37.21559,35.51056,31.62278,34.4093,31.62278,31.89044,29.73214,31.1127,28.28427,25.6125,24.20744,25.4951,24.41311,23.02173,19.72308,22.47221,18.68154,17.46425,20.88061,19.23538,20.0,46.2277,48.27007,47.43416,49.09175,52.15362,50.24938,49.24429,54.58938,52.3259,56.79789,56.46238,59.61543,60.16644,63.07139,61.09828,62.96825,62.62587,62.76942,62.76942,59.13544,62.93648,65.19202,65.55151,67.41662,67.06713,68.00735,68.62215,63.90618,67.35726,64.51356,67.1193,63.97656,63.69458,64.4748,67.54258,65.29931,67.74216,64.41273,65.51336,70.49113,68.60029,70.72482,68.8186,72.42237,69.63476,67.95587,67.6757,69.81404,71.02816,69.63476,68.00735,68.00735,68.00735,61.61169,64.2028,64.40497,65.21503
8.94427,8.94427,8.06226,8.06226,7.2111,7.2111,7.81025,7.81025,7.81025,7.07107,7.07107,7.07107,6.40312,6.40312,6.40312,7.2111,7.2111,6.40312,6.7082,6.7082,6.7082,6.7082,7.2111,6.7082,7.2111,7.2111,7.2111,7.2111,7.2111,7.81025,6.40312,7.07107,7.07107,7.07107,7.2111,6.40312,7.2111,5.83095,5.83095,5.83095,6.32456,6.32456,5.38516,5.38516,5.09902,5.09902,5.09902,5.09902,4.0,4.0,4.0,4.12311,61.09828,51.26402,54.08327,50.59644,50.15974,45.69464,41.14608,44.01136,41.6173,43.909,39.40812,38.94868,42.63801,35.35534,37.53665,38.20995,37.48333,35.0,35.80503,35.80503,39.66106,34.71311,38.07887,35.8469,38.27532,41.34005,34.98571,37.73592,38.07887,41.04875,42.2019,44.10215,37.12142,44.40721,40.0,40.0,38.60052,39.69887,38.28838,40.36087,34.71311,35.60899,35.80503,35.0,33.61547,27.78489,31.90611,29.06888,29.06888,25.63201,26.0,23.34524,24.08319,22.80351,23.34524,23.02173,23.0,43.08132,44.59821,40.16217,47.43416,46.57252,49.47727,51.41984,53.36666,55.9017,53.15073,55.3263,54.45181,59.5399,61.52235,64.28063,58.07753,63.28507,58.03447,63.12686,61.20457,62.514,68.02941,58.00862,65.06919,62.20129,66.18912,66.0303,69.18092,62.07254,66.18912,59.07622,65.62012,63.95311,65.76473,61.61169,69.72087,63.78871,68.24954,68.44706,71.30919,73.00685,67.05222,72.12489,66.09841,72.73239,75.76939,71.16881,67.54258,73.38937,67.72001,71.16881,74.0,76.65507,61.68468,65.52099,69.28925,63.69458
10.29563,8.94427,8.94427,8.94427,8.94427,7.61577,8.544,7.28011,7.28011,8.24621,7.28011,7.28011,7.07107,7.07107,7.07107,8.06226,7.0,7.0,7.0,7.0,7.07107,7.0,8.0,8.06226,8.06226,7.0,7.07107,8.06226,7.07107,8.06226,7.28011,7.07107,7.28011,7.28011,7.28011,7.28011,6.32456,6.7082,6.7082,5.83095,5.83095,5.83095,5.83095,5.0,5.0,5.0,4.24264,4.24264,5.0,4.47214,3.60555,3.60555,56.79789,53.23533,55.54278,52.0,48.8467,48.10405,45.88028,46.17359,42.37924,41.59327,42.75512,40.79216,41.59327,39.45884,38.32754,40.04997,39.01282,39.0,38.0526,38.20995,40.1995,38.83298,39.05125,38.63936,38.20995,39.45884,40.4475,40.4475,41.10961,42.42641,39.31921,39.62323,42.29657,41.19466,40.04997,40.04997,38.01316,40.0,37.12142,34.1321,36.05551,37.21559,35.17101,32.98485,31.01612,32.38827,28.16026,28.16026,26.92582,26.40076,24.59675,25.05993,23.60085,19.84943,18.38478,19.84943,18.60108,41.7732,45.89118,46.17359,48.08326,48.10405,49.76947,51.07837,50.15974,54.12947,57.3062,56.4358,57.98276,62.43397,62.1289,61.85467,60.80296,64.07027,62.96825,64.07027,63.00794,64.40497,65.60488,64.2028,67.47592,68.24954,68.11755,63.89053,65.29931,62.62587,65.0,62.00806,67.80118,64.63745,63.51378,66.61081,65.73431,67.1193,68.26419,63.28507,64.88451,62.64982,67.54258,67.53518,70.26379,65.79514,70.68239,67.1193,67.77905,68.54196,68.44706,69.31811,67.62396,67.62396,67.08204,70.68239,66.64083,66.21178
9.05539,9.0,9.0,9.0,8.0,8.0,8.06226,8.06226,8.06226,7.07107,7.07107,7.28011,7.28011,7.28011,7.28011,7.61577,7.61577,7.61577,7.61577,7.28011,7.28011,7.61577,7.61577,7.61577,7.28011,7.61577,7.28011,7.28011,7.28011,8.24621,7.07107,7.07107,7.07107,7.0,7.0,7.0,6.0,6.08276,6.08276,5.09902,6.08276,6.08276,5.38516,5.38516,5.38516,4.47214,4.47214,4.47214,4.47214,3.60555,3.60555,4.24264,57.55867,54.45181,54.00926,50.01,48.16638,46.01087,43.01163,46.04346,42.0119,42.29657,40.4475,40.02499,39.29377,35.73514,36.87818,37.64306,36.67424,39.39543,37.57659,35.4683,41.14608,38.48376,39.35734,37.57659,38.01316,39.35734,37.57659,37.58989,38.01316,41.23106,36.67424,41.23106,35.1141,39.84972,38.27532,38.60052,36.13862,38.60052,35.22783,33.37664,34.0147,32.01562,30.06659,29.06888,31.06445,31.257,27.89265,24.5153,27.20294,26.24881,24.16609,24.59675,19.72308,21.09502,19.20937,20.59126,20.0,44.38468,49.64877,47.16991,48.76474,50.96077,54.34151,54.74486,53.60037,58.21512,56.56854,57.14018,59.21149,62.28965,65.00769,66.00758,61.0082,68.26419,62.39391,67.06713,65.27634,64.38167,66.75328,68.35934,67.46851,68.06614,65.62012,66.91039,69.05071,63.78871,68.24954,59.5399,68.06614,63.50591,65.76473,65.49046,64.38167,64.19502,65.19202,66.00758,67.02984,66.06815,64.03124,69.02898,67.00746,66.0,73.00685,71.00704,68.02941,69.00725,66.00758,64.07027,70.0,68.06614,61.0082,67.00746,67.0,64.07027
8.0,7.07107,7.07107,7.07107,6.08276,6.08276,6.08276,6.32456,6.32456,5.38516,5.38516,5.38516,5.83095,5.83095,5.83095,5.83095,5.83095,5.83095,6.40312,6.40312,5.83095,6.40312,5.83095,6.40312,5.83095,5.83095,5.83095,5.83095,5.83095,5.38516,5.38516,5.38516,5.38516,5.38516,5.09902,5.09902,5.0,5.09902,4.0,5.0,4.0,4.12311,4.12311,3.16228,3.16228,3.16228,3.16228,3.60555,3.60555,3.60555,2.82843,2.82843,56.32051,48.04165,54.45181,45.54119,42.75512,43.93177,39.29377,44.92215,36.76955,36.40055,35.35534,34.98571,38.01316,34.1321,34.1321,33.61547,33.30165,34.66987,36.79674,32.64966,37.64306,32.64966,38.20995,36.87818,36.87818,38.8973,33.94113,37.48333,33.97058,35.4683,33.30165,34.82815,36.61967,37.01351,30.80584,30.52868,35.77709,33.83785,29.96665,30.67572,28.79236,29.41088,29.73214,28.63564,27.45906,25.31798,25.07987,26.01922,23.0,22.02272,17.11724,20.22375,19.41649,17.72005,19.31321,16.64332,17.49286,50.21952,49.72927,50.01,54.91812,53.75872,58.54912,57.31492,57.21888,63.1981,58.00862,61.07373,63.07139,64.07027,67.18631,68.00735,64.19502,70.17834,66.27217,69.18092,67.36468,66.75328,72.69113,68.46897,70.45566,70.5762,68.593,66.61081,71.70077,67.60178,68.593,66.61081,68.46897,64.28063,65.19202,69.18092,69.26038,63.0,64.0,69.06519,66.18912,69.06519,67.26812,70.25667,67.36468,67.18631,67.60178,67.36468,67.36468,66.48308,65.37584,64.62971,63.63961,66.37017,60.29925,61.20457,65.49046,59.4138
7.28011,7.28011,6.32456,7.07107,6.0,6.0,6.0,6.0,6.0,6.08276,6.08276,6.08276,6.32456,6.32456,6.32456,6.32456,6.32456,6.32456,6.7082,6.7082,6.7082,6.7082,6.32456,6.7082,6.7082,6.32456,6.32456,6.32456,6.32456,7.28011,6.32456,7.28011,6.32456,6.32456,6.08276,6.0,6.0,6.08276,6.0,5.0,5.0,6.08276,5.0,5.09902,5.09902,5.09902,5.09902,4.12311,4.12311,4.12311,4.47214,4.12311,42.43819,46.61545,42.72002,34.98571,36.23534,31.01612,35.8469,33.54102,32.01562,29.27456,31.06445,28.63564,31.0,31.06445,29.01724,31.14482,30.59412,28.4605,30.36445,30.36445,29.12044,33.83785,29.12044,34.78505,31.95309,33.52611,34.9285,34.17601,37.33631,35.17101,33.52611,36.13862,36.87818,34.48188,34.52535,38.07887,32.38827,33.0,33.24154,30.0,34.0147,30.06659,29.06888,31.14482,30.14963,30.26549,25.70992,28.44293,24.5153,23.25941,25.4951,24.59675,25.4951,25.07987,22.82542,20.59126,21.09502,51.92302,50.01,54.74486,51.62364,59.84146,52.7731,55.7315,60.01666,65.62012,62.64982,59.84146,64.62971,66.48308,67.74216,67.60178,67.36468,70.21396,71.70077,68.73136,71.56815,68.73136,71.19691,73.34848,74.1485,71.02112,70.03571,70.21396,67.68309,67.72001,68.00735,66.76077,61.68468,65.55151,65.0,67.54258,67.54258,70.21396,63.06346,64.66065,66.28725,65.45991,67.80118,62.80127,69.52697,60.959,57.31492,62.36986,62.2254,60.81118,65.06919,57.31492,62.28965,58.0517,58.89822,57.80138,54.56189,52.43091
7.2111,7.2111,5.83095,6.7082,6.32456,6.32456,6.32456,6.32456,6.08276,6.08276,6.08276,6.08276,6.0,6.0,6.0,7.0,7.0,7.0,7.07107,7.07107,6.08276,7.07107,7.07107,7.07107,7.0,7.0,8.0,7.0,7.0,8.0,7.0,7.0,7.07107,7.07107,7.28011,7.28011,7.28011,6.32456,6.32456,6.32456,6.7082,6.7082,5.38516,5.38516,5.38516,5.38516,5.38516,4.47214,4.47214,4.47214,5.0,4.24264,45.25483,42.44997,41.6173,39.82462,36.23534,36.61967,32.64966,31.90611,31.76476,31.38471,31.95309,30.36445,33.24154,31.7805,32.24903,31.14482,30.0,35.12834,34.0,32.06244,36.0,33.06055,31.40064,37.33631,34.1321,38.11824,37.12142,39.31921,35.35534,36.22154,40.0125,40.0125,35.0,37.01351,36.01389,35.01428,38.0,38.01316,39.62323,37.85499,33.37664,37.85499,33.95585,33.24154,33.95585,31.62278,31.30495,30.08322,29.54657,32.20248,30.88689,30.01666,27.78489,25.55386,26.92582,26.40076,25.4951,48.09366,50.15974,52.23983,54.33231,55.44367,58.0517,58.85576,60.20797,56.7186,57.87055,63.15061,61.66036,61.98387,67.60178,67.74216,66.75328,68.06614,66.48308,70.25667,65.37584,67.47592,70.25667,67.18631,70.17834,68.11755,70.02857,72.0,70.25667,65.00769,68.18358,64.07027,67.47592,68.46897,65.11528,63.63961,62.36986,62.8172,65.25335,62.93648,64.19502,62.03225,65.0,66.30988,59.9333,61.7171,64.66065,62.64982,63.13478,61.40033,55.22681,57.80138,58.60034,59.07622,52.80152,54.91812,55.80323,49.64877
7.0,6.0,6.08276,6.08276,6.08276,6.32456,6.32456,6.32456,5.38516,6.7082,6.7082,5.83095,5.83095,6.40312,6.40312,6.40312,6.40312,6.40312,7.07107,7.07107,7.07107,7.07107,7.07107,7.07107,7.81025,7.81025,7.81025,7.81025,7.81025,7.2111,7.81025,7.2111,8.60233,8.06226,6.7082,7.61577,6.7082,6.7082,6.7082,6.7082,6.32456,6.32456,6.32456,6.32456,6.32456,6.32456,5.09902,5.38516,5.09902,5.09902,5.09902,5.0,45.35416,44.38468,44.40721,40.26164,36.87818,41.19466,37.0,30.06659,36.05551,34.23449,33.24154,33.83785,32.98485,30.67572,32.31099,31.06445,36.35932,36.89173,31.38471,31.40064,36.23534,35.22783,38.20995,37.53665,36.61967,39.05125,38.28838,41.7732,38.8973,37.64306,41.6173,36.23534,43.41659,41.86884,38.83298,44.41846,38.47077,42.54409,42.48529,41.59327,36.76955,39.35734,38.8973,38.07887,36.05551,36.68787,34.71311,36.13862,33.73426,32.75668,29.27456,28.44293,32.01562,32.55764,29.06888,26.07681,25.31798,49.0408,47.43416,51.24451,53.16014,54.70832,56.51548,56.29387,56.29387,58.24946,58.24946,62.64184,62.93648,67.6757,63.89053,62.36185,64.28841,69.92138,67.18631,65.45991,69.57011,67.05222,68.35203,68.15424,65.74192,68.15424,70.23532,65.39113,66.18912,67.60178,66.37017,62.43397,69.64194,65.45991,63.82006,65.79514,63.41136,66.48308,65.06919,65.29931,63.89053,62.36986,65.29931,63.60031,64.07027,66.0303,67.60178,63.28507,60.90156,59.05929,60.90156,61.77378,62.96825,57.24509,57.69749,55.15433,53.31041,53.85165
7.2111,7.2111,6.40312,6.40312,6.40312,6.40312,6.40312,6.40312,6.40312,5.83095,7.2111,6.7082,6.32456,6.7082,6.7082,6.7082,7.28011,7.28011,7.28011,7.28011,7.28011,6.32456,7.61577,7.28011,7.61577,7.61577,8.06226,8.06226,7.61577,8.06226,7.2111,7.2111,7.2111,7.2111,7.81025,7.81025,7.07107,5.65685,5.65685,6.40312,6.40312,6.40312,5.83095,6.40312,5.83095,5.83095,5.83095,4.47214,4.47214,4.47214,4.47214,4.12311,46.17359,45.31004,41.59327,40.71855,42.48529,38.91015,35.51056,32.01562,35.0,38.41875,36.12478,34.82815,33.30165,32.80244,33.30165,36.05551,32.20248,32.20248,36.23534,37.21559,33.61547,36.35932,36.76955,36.67424,39.39543,36.76955,37.57659,42.37924,36.67424,36.40055,41.59327,38.58756,42.54409,38.07887,42.72002,39.11521,37.20215,39.40812,38.8973,40.31129,39.59798,37.48333,36.87818,36.06938,34.20526,36.35932,33.83785,34.1321,25.55386,30.41381,29.54657,31.7805,30.52868,27.51363,24.73863,26.92582,24.18677,48.08326,48.46648,48.8467,50.69517,52.7731,51.47815,52.80152,55.03635,56.46238,60.41523,61.26989,58.69412,61.84658,62.24147,61.26989,66.21178,64.40497,68.42514,65.9242,66.48308,65.79514,66.30988,66.64083,68.54196,65.78754,68.35203,66.12866,65.80274,69.26038,65.0,67.44627,63.34824,64.32729,65.11528,62.96825,62.39391,66.27217,67.00746,62.03225,64.19502,61.0082,64.38167,64.07027,66.37017,64.28063,70.11419,64.28063,66.61081,62.64982,62.16912,63.06346,61.61169,57.27128,54.91812,57.27128,55.65968,50.21952
7.2111,7.2111,6.7082,6.7082,6.32456,6.32456,6.32456,6.08276,7.07107,6.0,6.08276,7.0,6.0,7.0,7.0,7.07107,7.07107,7.07107,7.07107,7.07107,6.08276,7.07107,7.07107,7.07107,7.07107,7.0,8.0,7.0,7.0,8.06226,7.0,7.0,7.0,7.07107,7.07107,7.28011,7.28011,6.32456,6.32456,5.38516,5.38516,5.83095,5.38516,5.83095,5.83095,5.83095,5.0,4.47214,3.60555,5.0,4.24264,4.24264,43.82921,40.22437,40.70626,40.31129,39.81206,38.91015,39.39543,37.16181,36.87818,36.13862,34.71311,32.24903,30.0,34.0147,33.13608,32.06244,32.55764,30.14963,30.59412,34.1321,33.95585,33.24154,32.75668,34.71311,35.73514,35.90265,36.49658,35.44009,36.67424,38.07887,35.51056,41.30375,36.34556,38.07887,40.0125,35.12834,37.01351,36.01389,36.0,38.32754,36.05551,35.35534,33.73426,34.36568,34.36568,32.01562,29.83287,29.73214,27.73085,30.08322,29.54657,25.05993,26.0,23.4094,25.05993,25.80698,22.2036,50.24938,47.26521,49.64877,51.47815,55.44367,56.08921,57.42822,55.7315,60.20797,58.69412,61.81424,59.68249,63.63961,61.52235,62.39391,63.15061,65.49046,65.37584,70.02857,64.49806,64.12488,67.06713,70.02857,65.0,69.02898,66.0303,65.06919,66.1211,63.28507,65.49046,63.95311,63.15061,65.73431,67.72001,65.80274,66.09841,65.9242,67.62396,62.6099,67.53518,64.41273,65.36819,65.51336,64.3506,63.51378,68.00735,63.60031,63.00794,59.20304,61.40033,63.03174,62.36986,58.89822,58.79626,57.31492,54.48853,50.20956
7.28011,6.08276,6.0,6.0,6.0,6.0,5.09902,5.09902,5.09902,5.09902,5.09902,5.38516,5.38516,4.47214,4.47214,5.38516,4.47214,5.38516,5.83095,5.0,5.0,5.0,4.47214,5.83095,5.83095,5.38516,5.38516,5.38516,5.38516,5.09902,5.09902,5.09902,5.09902,5.09902,6.0,6.0,5.0,5.0,5.0,5.09902,5.09902,5.09902,5.09902,5.09902,5.09902,5.09902,4.47214,4.47214,4.47214,4.47214,4.47214,4.47214,48.46648,39.92493,39.56008,40.80441,34.20526,35.12834,33.54102,37.12142,31.0,33.13608,32.14032,28.86174,29.61419,29.41088,27.89265,33.52611,31.30495,29.54657,29.73214,27.313,29.54657,27.78489,33.83785,30.52868,28.30194,32.64966,30.08322,33.12099,31.76476,33.10589,31.01612,33.24154,35.77709,36.05551,30.46309,34.20526,31.32092,33.73426,33.54102,31.06445,34.05877,31.01612,32.06244,30.01666,32.01562,30.06659,31.14482,28.07134,29.83287,26.07681,29.83287,25.0,22.36068,24.04163,25.29822,23.60085,25.4951,50.28916,51.92302,53.48832,56.32051,54.78138,58.5235,54.78138,59.48109,60.72891,57.24509,64.56005,63.32456,65.25335,67.68309,67.68309,62.8172,72.78049,65.11528,69.35416,67.36468,68.06614,70.17834,65.06919,72.00694,70.02857,69.06519,69.11584,73.33485,65.49046,66.75328,66.4906,70.40597,67.18631,66.7308,65.55151,68.942,65.30697,67.1193,65.51336,72.67049,71.28113,65.29931,66.21933,65.29931,68.62215,65.8559,64.44377,62.28965,68.11755,59.81639,62.62587,57.80138,61.58734,56.30275,55.56978,53.22593,51.0
7.61577,6.32456,6.08276,6.08276,6.08276,6.08276,6.08276,6.0,6.0,6.08276,6.0,6.0,6.08276,6.08276,5.09902,6.08276,6.08276,6.08276,6.32456,5.09902,6.08276,6.08276,6.08276,6.08276,6.08276,7.07107,7.0,6.08276,6.0,7.0,6.0,6.08276,7.07107,6.08276,7.28011,7.28011,7.28011,6.32456,6.32456,6.32456,6.32456,6.32456,5.38516,6.32456,5.38516,5.38516,5.83095,5.38516,4.47214,5.0,5.0,5.0,40.45986,43.18565,37.20215,38.94868,36.05551,33.01515,34.48188,37.16181,34.53983,29.54657,29.15476,29.41088,29.83287,30.26549,30.80584,30.41381,31.06445,28.07134,30.01666,32.01562,31.0,30.0,29.0,31.01612,29.06888,30.06659,29.15476,31.06445,28.07134,36.01389,33.06055,33.54102,34.52535,31.257,32.98485,29.12044,32.98485,32.57299,31.38471,31.7805,35.34119,34.43835,35.51056,32.75668,31.06445,34.1321,31.38471,32.75668,32.20248,31.62278,33.97058,29.83287,29.83287,29.20616,26.24881,28.28427,26.90725,52.83938,52.35456,54.70832,53.53504,59.90826,54.91812,58.66856,58.5235,61.05735,62.43397,61.03278,64.40497,67.62396,66.21933,63.78087,67.47592,68.76772,66.46804,65.94695,67.26812,64.66065,70.93659,65.0,66.85058,69.64194,67.42403,70.83078,65.76473,69.35416,64.4748,64.51356,64.28841,63.56099,69.05071,65.11528,65.37584,67.1193,64.19502,67.06713,65.12296,64.49806,67.60178,63.34824,66.70832,62.36185,63.78871,62.93648,64.2573,63.15853,62.39391,58.30952,59.5063,57.69749,55.47071,49.92995,48.8774,53.85165
6.0,6.0,6.08276,6.08276,5.09902,5.38516,4.47214,4.47214,4.47214,4.47214,4.47214,4.47214,5.0,5.0,5.0,5.0,4.24264,4.24264,5.0,5.0,5.65685,5.65685,5.0,5.65685,5.65685,5.0,5.0,5.83095,6.40312,5.38516,5.83095,5.83095,5.38516,5.83095,5.38516,5.38516,6.08276,5.38516,5.38516,5.38516,6.08276,5.09902,5.09902,5.0,5.0,5.09902,5.0,5.0,5.09902,5.0,5.0,4.12311,42.72002,42.44997,36.67424,36.87818,35.12834,31.40064,35.0,37.01351,35.01428,32.75668,31.32092,30.36445,28.86174,29.15476,28.16026,28.23119,28.63564,27.29469,29.54657,26.07681,28.17801,30.01666,30.52868,30.80584,32.44996,29.83287,33.28663,31.06445,33.54102,31.38471,30.01666,32.20248,36.24914,34.17601,34.78505,37.0,37.10795,34.20526,36.87818,34.05877,37.12142,34.1321,36.49658,35.0571,31.06445,33.13608,36.12478,34.1321,30.01666,31.01612,30.14963,32.06244,30.06659,30.01666,33.13608,27.07397,27.45906,57.00877,55.44367,57.62812,56.72742,61.22091,59.81639,61.85467,62.62587,66.0303,63.24555,65.19202,70.17834,65.8635,70.21396,68.09552,67.54258,68.54196,70.2282,68.62215,72.11103,69.12308,70.34202,73.00685,73.1642,67.74216,71.25307,72.11103,68.06614,70.06426,69.00725,65.62012,64.93843,63.34824,66.21933,70.83784,64.84597,69.07966,65.74192,65.76473,65.0,65.45991,68.24222,66.4003,72.34639,65.79514,65.76473,63.70243,61.84658,65.19202,61.84658,58.5235,59.64059,54.91812,57.80138,59.05929,53.23533,50.56679
7.61577,6.7082,5.83095,5.83095,5.83095,6.40312,6.40312,5.65685,5.65685,5.0,5.65685,5.65685,5.0,5.0,5.0,5.83095,5.83095,5.83095,5.38516,5.83095,5.0,5.38516,5.83095,5.83095,5.83095,6.40312,6.40312,6.40312,6.40312,7.07107,6.40312,7.07107,7.07107,6.40312,7.07107,7.07107,7.2111,5.83095,5.83095,5.83095,6.7082,5.83095,6.7082,5.83095,5.83095,5.83095,5.83095,5.38516,5.38516,5.38516,5.38516,5.38516,44.77723,39.35734,38.07887,37.21559,36.23534,36.40055,35.38361,32.80244,32.64966,32.55764,30.80584,31.90611,32.69557,30.88689,31.06445,24.69818,30.08322,25.29822,30.08322,31.04835,30.36445,31.95309,32.01562,28.44293,32.57299,30.80584,32.89377,32.69557,32.57299,34.0147,35.73514,38.48376,33.83785,31.95309,36.24914,36.67424,35.77709,37.57659,35.8469,39.11521,36.89173,38.28838,36.06938,33.6006,33.97058,33.97058,34.65545,32.55764,36.76955,34.71311,30.41381,31.1127,29.73214,29.20616,27.80288,28.01785,27.01851,55.44367,61.66036,54.91812,58.42089,58.54912,61.29437,60.41523,62.58594,61.84658,61.39218,64.13267,65.51336,67.72001,66.94027,64.84597,64.19502,69.07966,65.55151,69.35416,70.21396,68.96376,68.7968,68.60029,65.51336,67.6757,69.6563,63.89053,71.44928,65.8559,66.6033,66.0303,66.4003,66.03787,62.6099,70.66116,66.64083,68.62215,65.9242,66.7308,67.91171,69.05071,63.78871,65.62012,66.06815,67.06713,69.11584,67.00746,65.06919,64.19502,61.81424,54.33231,57.07013,57.70615,55.9017,57.48913,54.81788,50.32892
6.32456,5.38516,5.83095,5.83095,5.83095,5.0,5.0,5.0,5.0,5.65685,5.0,5.0,5.0,5.0,5.0,5.0,5.0,5.0,5.83095,5.83095,5.83095,5.83095,5.0,5.83095,5.83095,5.83095,5.65685,6.40312,6.40312,5.65685,6.40312,6.40312,6.40312,6.40312,5.83095,6.40312,5.83095,6.40312,6.40312,5.83095,5.38516,5.38516,5.83095,5.38516,5.38516,5.38516,5.09902,5.38516,5.38516,4.47214,4.12311,4.12311,43.10452,42.0119,39.62323,35.35534,37.48333,38.60052,35.17101,33.95585,34.48188,29.06888,32.24903,30.88689,29.06888,32.20248,26.24881,31.82766,30.61046,30.41381,27.65863,31.14482,28.28427,31.14482,30.4795,33.30165,33.97058,35.38361,33.30165,33.97058,36.40055,36.76955,35.35534,32.80244,39.62323,36.23534,35.80503,37.44329,37.44329,37.73592,38.47077,37.12142,36.89173,37.12142,37.69615,38.47077,35.8469,31.32092,32.89377,34.0147,30.08322,29.41088,29.42788,28.44293,31.7805,29.61419,29.15476,28.16026,27.16616,58.13777,52.15362,58.21512,56.14268,61.13101,60.13319,57.21888,62.03225,64.19502,64.03124,63.07139,63.03174,68.00735,68.11755,65.27634,71.06335,66.48308,66.27217,67.26812,68.65858,66.94027,66.94027,69.857,68.30813,69.26038,70.38466,65.9242,66.64083,66.21178,64.3506,65.45991,65.60488,64.81512,63.70243,65.06919,67.20863,68.76772,66.70832,67.80118,67.6757,62.43397,65.0,64.41273,67.08204,61.7414,66.48308,63.32456,61.98387,60.74537,62.29767,63.32456,59.43904,58.24088,55.10898,54.91812,51.35173,48.6621
7.81025,8.06226,6.7082,7.61577,6.32456,7.61577,7.28011,7.28011,7.28011,6.08276,7.07107,7.07107,6.08276,7.0,6.0,7.0,7.0,7.0,7.07107,7.07107,7.0,7.07107,8.0,8.0,8.0,8.0,8.0,8.0,8.06226,8.06226,8.06226,8.06226,8.06226,7.07107,8.24621,8.24621,8.544,7.28011,7.28011,7.61577,7.28011,7.61577,6.32456,6.7082,6.32456,6.7082,6.7082,5.38516,5.83095,5.83095,5.83095,5.0,42.52058,43.41659,42.80187,37.80212,39.66106,41.88078,38.07887,38.07887,35.8469,34.0,36.40055,33.52611,33.24154,34.52535,32.24903,33.24154,33.0,35.01428,35.12834,32.01562,36.01389,36.05551,34.1321,36.22154,37.01351,35.0,39.01282,38.11824,40.04997,41.04875,39.05125,40.04997,39.01282,41.04875,43.10452,38.0,44.01136,42.0119,39.62323,41.23106,40.02499,38.07887,38.07887,41.7732,36.68787,35.4683,37.69615,34.17601,36.40055,38.48376,33.12099,30.8707,29.96665,30.41381,27.29469,31.76476,28.84441,51.73973,56.58622,53.07542,57.31492,55.9017,57.28001,57.31492,61.6198,63.03174,60.20797,62.96825,63.89053,64.40497,67.00746,66.4003,62.00806,66.85058,64.66065,62.43397,62.64982,66.64083,67.1193,63.97656,62.64982,64.62198,67.05222,66.12866,65.80274,63.06346,66.28725,58.42089,64.38167,61.07373,64.0,65.19202,64.07027,61.29437,66.61081,60.82763,65.0,69.12308,62.64184,65.78754,64.51356,65.19202,64.00781,60.83584,66.24198,62.43397,57.80138,60.82763,56.60389,58.00862,51.40039,51.0392,55.44367,53.41348
8.48528,7.81025,7.81025,7.81025,7.81025,7.2111,7.2111,6.7082,6.7082,7.61577,6.7082,6.7082,6.7082,7.61577,7.28011,7.28011,7.28011,6.32456,7.28011,7.28011,7.28011,8.24621,7.28011,8.24621,8.24621,7.28011,8.24621,8.24621,8.24621,8.544,8.544,8.544,8.544,8.544,7.61577,7.61577,8.06226,8.06226,8.06226,8.06226,7.2111,7.2111,7.2111,6.40312,6.40312,6.40312,6.40312,6.40312,6.40312,6.40312,5.65685,5.65685,50.9902,50.21952,49.64877,43.60046,42.2019,41.86884,41.7732,41.01219,38.41875,40.60788,39.96248,38.07887,37.12142,34.66987,33.28663,35.51056,36.23534,35.77709,35.34119,36.68787,37.64306,36.67424,40.49691,38.07887,39.84972,37.36308,37.0,40.16217,41.4367,41.23106,42.37924,42.05948,40.8534,44.94441,38.27532,45.18849,43.82921,42.95346,46.95743,42.48529,44.10215,41.86884,42.2019,38.41875,40.80441,38.60052,40.45986,37.64306,34.05877,33.24154,31.62278,34.65545,31.1127,31.82766,32.20248,30.0,28.6007,50.9902,52.3259,48.83646,57.48913,54.48853,58.79626,55.9017,58.69412,56.58622,54.48853,58.13777,60.82763,61.6198,57.31492,60.81118,59.4138,64.44377,58.79626,66.85058,64.3506,60.20797,64.66065,59.36329,62.96825,61.85467,62.6099,60.37384,61.46544,61.46544,62.39391,58.94065,66.4906,61.18823,60.29925,62.39391,62.07254,62.03225,65.00769,65.03076,64.07027,63.12686,62.64982,66.75328,61.52235,63.56099,65.14599,57.72348,63.24555,61.35145,58.24088,61.03278,60.53924,58.87274,55.54278,58.18935,57.58472,53.66563
9.05539,8.06226,8.06226,8.06226,8.24621,7.28011,7.28011,7.28011,7.61577,7.28011,7.61577,6.7082,6.7082,6.7082,6.7082,7.2111,7.2111,7.2111,7.2111,7.2111,7.2111,7.81025,7.81025,7.81025,7.81025,7.81025,8.60233,8.60233,8.60233,8.60233,8.06226,8.06226,8.06226,7.61577,8.06226,8.06226,8.06226,7.61577,7.28011,7.28011,7.61577,7.28011,7.28011,7.28011,6.32456,6.08276,6.08276,6.08276,6.08276,6.08276,6.08276,6.0,51.24451,50.03998,48.09366,51.08816,48.25971,45.70558,41.4367,41.97618,40.80441,37.85499,38.62642,37.16181,38.60052,41.59327,39.44617,40.31129,35.0,36.89173,37.73592,37.44329,38.28838,38.28838,36.79674,39.82462,40.60788,41.23106,42.63801,41.03657,43.18565,42.44997,45.45327,48.16638,44.40721,43.41659,46.61545,42.2019,45.17743,44.29447,44.29447,47.50789,41.18252,42.94182,42.48529,42.54409,40.16217,39.92493,39.56008,41.10961,38.8973,34.9285,35.17101,35.51056,32.14032,30.41381,29.83287,31.40064,30.06659,50.21952,49.0306,52.95281,54.58938,54.34151,53.75872,55.44367,55.10898,58.54912,57.07013,56.75385,58.46366,57.97413,60.41523,59.66574,62.36986,60.87693,61.68468,61.35145,58.5235,63.15853,64.88451,63.56099,60.37384,61.40033,63.63175,62.1289,61.61169,59.64059,62.20129,65.11528,60.1415,58.72819,60.44005,61.7171,63.60031,66.57327,61.77378,63.13478,64.40497,65.36819,65.74192,63.15853,68.00735,63.89053,55.65968,64.84597,66.21933,66.09841,67.18631,59.22837,62.64982,57.87055,60.82763,61.20457,59.5399,56.88585
7.81025,7.81025,7.81025,7.07107,7.81025,7.07107,7.81025,7.2111,7.2111,6.7082,7.2111,7.2111,6.7082,6.7082,6.32456,7.61577,7.61577,7.61577,7.28011,7.28011,7.28011,7.28011,8.24621,7.28011,7.28011,8.544,8.544,7.61577,7.61577,8.544,7.61577,7.61577,7.61577,7.61577,8.06226,8.06226,8.06226,7.2111,7.2111,6.40312,7.2111,6.40312,6.40312,6.40312,6.40312,6.40312,5.65685,5.65685,5.65685,5.0,5.0,5.0,51.07837,49.1935,44.77723,48.75449,44.72136,42.54409,41.6173,39.66106,43.27817,39.82462,39.69887,38.28838,38.94868,38.18377,39.05125,36.79674,36.40055,38.83298,35.8469,38.83298,41.34005,39.96248,40.24922,41.67733,40.24922,42.94182,42.54409,41.67733,40.31129,43.41659,47.50789,46.14109,43.04649,44.10215,47.01064,44.40721,44.20407,44.04543,42.0119,45.27693,40.45986,42.42641,39.82462,39.62323,39.62323,40.0,42.2019,36.23534,36.05551,33.6006,32.20248,32.75668,29.15476,29.15476,28.17801,31.62278,29.06888,48.16638,50.32892,52.49762,50.44799,51.22499,54.03702,53.41348,54.03702,55.60576,53.41348,55.44367,55.86591,56.72742,60.959,59.39697,58.25805,60.1415,58.69412,59.39697,58.69412,59.66574,63.41136,61.03278,57.62812,58.5235,58.82176,57.2014,60.90156,54.3783,55.9017,58.60034,57.00877,58.5235,60.44005,55.7853,60.20797,56.56854,61.0,60.40695,60.20797,60.07495,60.0,62.0,59.03389,63.03174,60.29925,62.39391,59.5399,60.67125,60.63827,59.68249,60.67125,58.0517,53.45091,60.01666,55.08176,50.96077
8.24621,7.07107,7.07107,7.07107,7.07107,7.0,7.0,7.0,7.0,7.0,7.07107,7.07107,6.08276,7.07107,6.08276,7.28011,7.28011,7.28011,7.28011,7.28011,7.28011,7.28011,7.28011,7.28011,7.28011,7.28011,8.24621,8.06226,7.07107,8.24621,8.06226,8.06226,8.0,7.0,7.0,7.07107,7.0,7.07107,7.07107,6.08276,6.08276,6.08276,6.08276,6.08276,5.09902,5.09902,5.09902,5.38516,5.38516,5.38516,4.47214,4.47214,51.86521,48.27007,47.07441,43.56604,45.54119,43.56604,45.17743,45.04442,39.05125,45.04442,41.19466,42.42641,40.60788,38.63936,36.34556,38.07887,40.79216,38.07887,34.78505,38.62642,40.31129,40.24922,37.57659,39.44617,38.48376,40.71855,43.86342,43.65776,44.38468,41.78516,43.46263,45.31004,43.01163,43.46263,40.8534,43.41659,44.27189,42.2019,43.68066,41.97618,41.7732,41.4367,43.28972,40.0125,39.11521,39.20459,37.05401,36.05551,34.0147,31.257,27.01851,32.01562,30.06659,31.257,29.61419,30.26549,26.68333,49.0102,52.15362,52.08647,54.00926,55.22681,53.33854,57.00877,54.08327,57.03508,57.07889,60.13319,63.07139,63.00794,62.00806,61.07373,61.13101,63.12686,62.03225,63.1981,60.82763,59.68249,60.63827,62.36986,66.61081,65.11528,65.25335,58.94065,61.35145,59.46427,64.07808,60.53924,61.29437,61.40033,58.82176,63.60031,57.80138,61.03278,64.44377,61.07373,61.52235,62.93648,64.53681,63.89053,63.89053,61.29437,65.51336,61.29437,64.49806,58.59181,64.14047,62.68174,62.26556,57.69749,58.60034,60.37384,57.69749,57.93962
9.21954,9.21954,8.24621,8.06226,8.06226,8.06226,8.0,8.0,7.0,7.0,7.0,7.07107,7.07107,7.07107,7.07107,7.07107,7.28011,7.07107,7.28011,7.28011,7.28011,7.28011,7.28011,7.28011,7.28011,7.28011,7.28011,7.07107,8.06226,7.07107,7.0,7.07107,7.0,7.0,7.0,7.0,7.0,7.07107,6.08276,6.08276,6.08276,6.08276,6.32456,5.09902,5.09902,5.38516,5.38516,5.38516,5.38516,5.38516,4.47214,4.47214,53.36666,49.47727,50.80354,47.16991,43.10452,47.16991,45.09989,45.01111,43.04649,43.0,38.63936,43.56604,37.33631,37.65634,38.83298,40.02499,40.02499,38.60052,39.21734,36.40055,42.04759,37.16181,40.31129,37.57659,36.23534,35.77709,36.23534,37.69615,39.81206,42.54409,38.62642,42.04759,38.62642,37.69615,35.1141,38.63936,37.64306,39.81206,40.02499,39.05125,37.65634,37.05401,33.06055,35.0571,35.0,34.1321,33.01515,31.14482,32.06244,30.0,29.0,26.0,29.42788,28.63564,26.92582,27.51363,28.79236,50.15974,51.15662,51.35173,56.4358,52.15362,57.42822,55.14526,57.14018,58.30952,56.4358,59.3043,62.28965,63.28507,61.20457,63.03174,62.1289,68.02941,62.1289,67.1193,65.27634,61.40033,65.62012,63.28507,64.49806,66.61081,63.95311,63.15061,66.48308,65.80274,66.76077,60.16644,64.07808,65.29931,62.96825,60.20797,63.00794,61.85467,62.20129,65.60488,65.11528,65.79514,65.11528,68.68042,65.19202,66.06815,65.73431,61.91123,64.49806,59.36329,59.68249,61.40033,60.03332,62.16912,58.60034,58.59181,60.74537,59.23681
8.544,8.544,8.544,8.94427,8.06226,8.06226,8.06226,7.2111,7.2111,7.2111,7.81025,7.81025,7.07107,7.07107,7.07107,7.07107,7.07107,7.07107,6.40312,5.65685,6.40312,6.40312,6.40312,6.40312,6.40312,7.07107,7.07107,6.40312,6.40312,6.40312,6.40312,6.40312,5.83095,5.83095,6.7082,5.83095,6.7082,5.38516,5.38516,5.38516,5.38516,6.32456,5.09902,5.09902,5.09902,5.09902,5.09902,5.0,5.0,4.0,5.0,4.0,51.35173,48.6621,51.1957,49.24429,48.76474,45.60702,43.68066,47.12749,41.78516,41.14608,43.46263,38.01316,41.59327,34.0,40.0,38.27532,37.80212,35.4683,36.23534,34.71311,36.79674,36.79674,36.06938,37.53665,34.71311,37.01351,36.06938,33.24154,32.52691,38.8973,37.64306,38.41875,33.97058,36.40055,35.22783,36.61967,32.75668,34.98571,32.64966,36.24914,34.9285,33.10589,29.83287,33.24154,29.73214,27.89265,30.41381,26.92582,26.30589,27.45906,29.27456,28.16026,23.02173,26.01922,25.0,25.01999,23.34524,53.7122,52.0,51.47815,55.54278,54.23099,56.0803,57.56735,57.77543,59.23681,58.30952,62.93648,62.96825,63.69458,65.55151,65.0,62.24147,65.9242,63.97656,66.88797,68.44706,65.8635,67.23095,61.91123,68.7968,65.73431,69.2026,65.60488,68.11755,61.7171,63.70243,63.63961,64.44377,64.66065,63.89053,61.40033,64.89992,63.81222,64.00781,65.29931,65.30697,68.8767,64.84597,60.74537,65.80274,61.61169,59.03389,61.61169,62.96825,62.96825,61.0,61.20457,61.13101,65.12296,56.00893,59.00847,60.03332,57.07889
7.81025,7.07107,7.07107,7.07107,7.81025,6.40312,7.2111,6.40312,5.83095,5.83095,5.83095,6.7082,5.83095,5.83095,5.83095,5.38516,5.38516,5.38516,5.38516,5.38516,5.38516,5.38516,5.38516,5.38516,5.38516,5.38516,5.0,5.83095,5.0,5.0,5.0,5.0,5.0,4.24264,4.24264,4.24264,5.0,4.47214,4.47214,4.47214,4.12311,4.12311,4.12311,3.16228,3.16228,3.0,3.0,3.0,3.0,3.0,3.0,3.16228,52.80152,49.24429,50.53712,46.95743,46.14109,44.77723,43.909,43.56604,40.80441,42.80187,40.60788,39.59798,41.10961,33.97058,36.06938,37.53665,40.36087,34.05877,36.23534,33.30165,38.27532,35.22783,35.0,31.40064,32.80244,37.64306,30.0,30.80584,33.30165,34.4093,34.05877,33.24154,32.55764,31.40064,29.06888,32.20248,30.88689,31.38471,29.96665,31.30495,29.15476,23.4094,26.57066,29.41088,28.63564,22.2036,25.31798,22.2036,23.0,22.02272,22.09072,20.0,19.0263,17.11724,18.68154,18.43909,20.24846,50.56679,55.9017,49.1935,55.07268,52.83938,55.07268,56.85948,59.16925,60.21628,58.30952,61.58734,62.76942,66.37017,66.03787,65.8635,65.45991,68.26419,66.24198,62.17717,66.37017,67.1193,68.26419,65.76473,69.31811,66.64083,67.23095,68.15424,68.54196,63.69458,67.06713,64.28841,67.72001,65.80274,68.24954,62.16912,66.09841,60.53098,63.50591,66.06815,69.26038,68.02941,62.1289,64.07027,65.03076,67.26812,61.66036,62.514,63.50591,66.09841,62.16912,62.80127,61.84658,61.61169,60.16644,55.08176,62.64184,55.65968
8.60233,8.60233,8.60233,8.06226,8.06226,7.2111,7.61577,7.61577,7.61577,7.61577,7.61577,6.7082,7.28011,7.28011,7.28011,7.28011,7.07107,7.07107,6.08276,7.07107,6.08276,6.08276,6.32456,6.08276,6.08276,6.32456,6.32456,6.32456,5.38516,6.32456,5.38516,5.38516,5.38516,5.38516,5.0,5.0,5.0,4.24264,4.24264,3.60555,4.24264,3.60555,3.60555,3.60555,3.60555,3.16228,3.16228,3.16228,3.16228,3.16228,3.16228,3.0,56.0803,50.9902,52.49762,48.79549,46.01087,45.34314,44.40721,46.8615,41.34005,39.66106,41.40048,41.34005,38.94868,39.81206,38.48376,38.94868,37.57659,37.33631,36.13862,34.78505,37.10795,34.20526,34.52535,34.9285,32.28002,32.28002,34.48188,32.38827,33.52611,32.89377,34.17601,31.38471,32.89377,32.31099,31.76476,29.15476,27.73085,31.06445,29.68164,25.6125,27.58623,25.4951,23.34524,24.20744,22.80351,25.94224,24.18677,19.72308,23.25941,18.38478,21.84033,18.78829,17.0,18.24829,18.11077,17.72005,19.23538,50.63596,53.93515,54.91812,55.7853,56.75385,57.87055,56.32051,57.56735,61.03278,62.29767,65.78754,65.45991,63.89053,63.89053,63.60031,69.37579,69.12308,65.14599,67.72001,66.21933,68.68042,67.18631,67.91171,70.21396,69.42622,66.09841,62.96825,67.89698,65.49046,66.27217,66.0303,64.03124,64.03124,64.07027,68.11755,66.18912,64.62971,65.51336,65.73431,66.21933,67.72001,66.7308,69.57011,64.62198,65.55151,64.2573,62.03225,65.30697,63.56099,63.13478,63.81222,64.3506,62.26556,61.91123,61.85467,60.21628,62.482
10.0,9.05539,9.05539,9.05539,8.06226,8.06226,8.24621,8.24621,8.24621,7.28011,8.24621,7.61577,7.28011,7.28011,7.28011,7.61577,7.61577,7.61577,6.7082,6.7082,6.32456,6.32456,6.32456,6.32456,6.32456,6.32456,6.32456,6.08276,6.08276,6.08276,6.0,6.0,6.0,6.0,6.0,5.09902,5.09902,5.09902,4.47214,4.47214,4.47214,4.47214,4.47214,3.60555,3.60555,3.60555,3.60555,2.82843,3.60555,3.60555,3.60555,3.60555,57.21888,56.0803,53.23533,49.64877,48.76474,51.1957,44.64303,48.08326,43.01163,45.60702,42.05948,46.09772,43.65776,39.39543,42.54409,40.31129,39.82462,38.07887,37.58989,36.61967,39.44617,39.82462,35.22783,35.60899,35.80503,35.51056,36.89173,33.83785,35.51056,36.61967,34.98571,34.88553,31.7805,33.10589,33.12099,31.01612,29.41088,31.04835,28.63564,30.59412,30.14963,27.0,26.0,25.17936,25.17936,22.09072,21.37756,17.72005,21.54066,18.78829,18.78829,17.08801,16.40122,18.38478,15.0,15.55635,15.6205,50.59644,52.92447,53.48832,54.626,55.54278,59.5063,60.41523,60.20797,60.03332,62.43397,62.96825,64.89992,66.57327,68.26419,67.1193,66.0303,67.1193,65.73431,69.33974,67.1193,66.88797,67.1193,69.33974,66.85058,66.57327,68.7968,67.41662,65.36819,66.64833,67.53518,66.30988,65.79514,65.79514,64.07808,63.56886,67.35726,67.05222,68.41053,66.4906,67.46851,66.94027,67.74216,68.593,69.72087,71.70077,70.17834,68.35934,68.11755,67.1193,66.18912,65.0,66.0303,67.0,63.00794,65.0,63.07139,62.1289
8.24621,8.24621,8.544,7.61577,7.61577,7.61577,6.7082,6.7082,6.7082,6.7082,6.7082,7.2111,6.40312,6.40312,6.40312,6.40312,6.40312,6.40312,6.40312,6.40312,6.40312,6.40312,6.40312,6.40312,6.40312,6.40312,5.83095,5.83095,5.83095,5.38516,5.38516,5.38516,5.38516,4.12311,4.12311,4.12311,4.0,4.0,4.0,4.0,3.16228,3.16228,3.16228,3.16228,3.16228,2.23607,2.82843,2.23607,2.82843,2.82843,2.23607,2.23607,59.13544,58.30952,53.75872,51.35173,49.24429,52.95281,50.69517,48.50773,46.17359,46.48656,44.64303,44.59821,43.46263,43.46263,42.48529,38.83298,43.56604,39.11521,41.6173,40.80441,39.66106,39.96248,39.40812,39.66106,39.96248,39.96248,38.27532,39.20459,38.83298,35.80503,34.66987,38.01316,37.57659,36.76955,35.1141,37.69615,35.4683,33.24154,34.1321,29.27456,26.30589,26.07681,29.06888,27.01851,25.07987,21.09502,21.0238,24.73863,18.38478,18.35756,17.46425,19.41649,17.80449,15.55635,15.55635,14.86607,12.80625,49.0306,51.66237,51.41984,53.14132,54.08327,56.46238,55.9464,57.77543,58.59181,59.9333,64.88451,62.76942,65.39113,65.30697,63.95311,66.37017,68.47627,65.8635,67.08204,65.8635,67.74216,68.60029,67.1193,70.66116,67.97794,66.21178,67.1193,63.97656,65.79514,66.21178,62.96825,65.55151,66.48308,67.06713,67.06713,65.14599,66.70832,69.87131,66.91039,68.46897,64.77654,68.46897,72.44308,69.26038,67.1193,71.44928,70.25667,73.00685,69.02898,69.02898,69.18092,67.1193,63.00794,65.00769,66.1211,68.06614,66.1211
10.04988,10.04988,10.0,10.0,9.0,9.0,9.0,9.05539,9.05539,9.05539,8.06226,8.24621,8.24621,8.24621,8.24621,8.24621,8.24621,8.24621,8.544,8.544,8.24621,8.544,8.24621,8.544,8.544,8.24621,8.24621,8.24621,8.24621,7.07107,7.07107,7.07107,7.07107,7.0,7.0,6.0,6.08276,6.08276,6.08276,5.09902,5.09902,5.09902,5.09902,4.47214,4.47214,4.47214,3.60555,3.60555,3.60555,3.60555,2.82843,2.82843,61.39218,60.20797,56.88585,56.56854,51.62364,53.46027,53.23533,53.08484,50.08992,46.17359,49.0408,47.09565,47.16991,44.28318,43.10452,44.10215,44.55334,43.41659,40.79216,40.4475,42.72002,41.23106,45.60702,42.72002,40.80441,42.05948,41.48494,42.44997,41.76123,43.17407,40.60788,43.73786,42.95346,40.79216,40.11234,41.19466,38.32754,37.05401,37.01351,34.1321,33.54102,30.80584,32.98485,32.55764,28.63564,29.73214,27.73085,28.4605,24.59675,24.18677,22.47221,20.61553,20.0,19.10497,17.69181,19.10497,17.0,41.59327,42.95346,45.17743,45.17743,47.43416,46.61545,51.40039,49.20366,50.60632,52.00961,55.97321,55.86591,56.85068,57.28001,56.58622,58.72819,60.1415,59.4138,57.31492,60.82763,61.6198,58.72819,61.55485,61.6198,58.69412,59.46427,58.69412,61.07373,61.22091,62.80127,61.22091,60.21628,59.68249,60.53924,61.58734,59.68249,63.63175,63.52952,64.84597,62.24147,67.23095,64.19502,63.69458,67.35726,65.78754,62.93648,63.24555,67.72001,66.48308,70.83784,67.6757,68.30813,66.40783,62.8172,66.76077,64.19502,66.76077
9.48683,10.44031,9.48683,9.48683,8.24621,9.21954,9.21954,9.21954,8.24621,8.06226,8.06226,8.06226,8.0,8.0,8.0,8.0,9.0,8.0,8.06226,8.06226,8.06226,8.06226,8.06226,8.06226,9.05539,9.05539,9.0,8.0,8.0,8.0,8.0,8.06226,7.07107,7.07107,7.28011,7.28011,7.28011,6.32456,6.32456,6.32456,5.38516,5.83095,5.38516,5.0,4.47214,4.47214,5.0,4.24264,3.60555,3.60555,4.24264,3.60555,61.07373,57.62812,55.21775,53.2635,53.00943,49.64877,48.25971,48.8774,45.17743,46.64762,44.72136,46.51881,44.77723,43.32436,45.22168,43.32436,46.09772,41.7732,43.56604,44.72136,42.95346,43.28972,41.19466,43.56604,42.29657,39.45884,44.55334,47.16991,44.28318,44.55334,43.93177,44.72136,40.02499,44.64303,40.5216,39.56008,41.76123,43.32436,39.21734,34.43835,35.8469,34.48188,34.4093,35.0,32.44996,30.80584,29.0,30.61046,28.3196,28.42534,27.01851,26.62705,22.2036,22.47221,21.09502,22.84732,19.31321,43.04649,46.14109,46.06517,47.88528,47.41308,48.33218,49.0408,52.80152,52.55473,53.31041,54.78138,53.48832,60.16644,57.24509,58.18935,59.48109,60.44005,58.82176,60.72891,63.24555,61.35145,62.64184,62.64184,61.98387,59.77458,61.68468,61.68468,63.69458,62.62587,61.32699,58.60034,64.88451,62.6099,62.16912,63.13478,64.66065,62.96825,64.63745,64.40497,67.00746,65.29931,68.68042,67.47592,69.42622,68.76772,66.48308,67.20863,70.72482,68.593,66.48308,68.593,67.20863,68.593,64.44377,67.20863,65.76473,67.89698
8.24621,7.28011,8.24621,7.28011,7.61577,6.32456,6.32456,6.7082,6.7082,6.7082,6.7082,5.83095,6.40312,6.40312,6.40312,6.40312,5.65685,6.40312,5.65685,7.07107,6.40312,6.40312,7.07107,6.40312,7.07107,6.40312,6.40312,6.40312,6.40312,6.40312,5.83095,6.7082,6.7082,5.83095,5.38516,6.32456,5.38516,5.09902,5.09902,5.09902,5.0,4.0,5.09902,4.0,4.0,4.12311,4.12311,4.12311,4.12311,4.12311,3.60555,3.60555,54.23099,53.60037,55.57877,51.15662,50.80354,47.85394,46.09772,44.64303,43.32436,39.92493,42.72002,41.78516,38.01316,38.91015,39.0,37.21559,39.82462,40.22437,40.0,37.01351,40.0,37.64306,38.8973,37.80212,38.41875,38.94868,36.23534,36.40055,39.82462,37.64306,42.2019,42.72002,39.66106,41.88078,38.07887,41.14608,38.58756,37.57659,36.24914,35.73514,33.83785,36.40055,37.36308,33.54102,33.54102,31.257,30.06659,30.0,27.01851,26.0,28.07134,25.17936,26.4764,25.07987,24.04163,21.54066,22.82542,46.09772,49.72927,47.43416,50.92151,50.32892,55.15433,55.03635,54.626,58.69412,54.12947,59.05929,57.70615,66.18912,63.06346,64.88451,63.52952,64.41273,62.76942,64.84597,62.64982,60.90156,68.8767,62.6099,66.64833,66.64083,66.21178,61.7171,64.4748,62.39391,67.62396,60.40695,64.84597,63.32456,66.76077,64.56005,60.41523,63.56099,63.15061,65.76473,66.37017,68.88396,69.11584,67.36468,68.06614,67.02984,67.1193,67.00746,66.06815,69.0,67.00746,69.00725,67.00746,69.06519,61.07373,67.1193,63.00794,64.12488
8.0,7.07107,7.07107,7.07107,7.07107,6.08276,7.28011,6.32456,6.32456,6.32456,6.32456,6.7082,5.83095,6.7082,5.83095,7.2111,6.40312,6.40312,6.40312,6.40312,6.40312,6.40312,6.40312,6.40312,7.2111,6.40312,6.40312,6.7082,6.7082,6.7082,6.7082,6.7082,6.32456,6.32456,6.32456,6.32456,6.08276,5.09902,5.0,5.09902,5.09902,4.0,5.0,4.0,4.0,4.0,4.0,4.12311,4.12311,3.16228,3.16228,3.16228,49.16299,46.17359,49.0102,43.04649,41.19466,41.19466,39.45884,40.31129,37.48333,39.05125,36.40055,34.17601,38.91015,35.34119,38.01316,35.8469,36.35932,33.6006,35.80503,33.6006,36.87818,35.4683,35.60899,34.66987,33.97058,36.40055,36.06938,36.23534,33.42155,38.94868,34.82815,39.05125,34.98571,39.11521,33.28663,38.47077,32.75668,32.69557,32.69557,33.61547,31.62278,33.95585,32.28002,31.04835,29.27456,27.29469,26.1725,27.01851,28.07134,27.01851,26.0,23.19483,25.31798,22.02272,24.04163,22.36068,21.58703,48.60041,53.25411,51.0392,53.82379,54.6443,57.80138,55.75841,56.60389,57.80138,58.30952,61.05735,65.0,63.51378,63.28507,62.76942,62.26556,66.7308,61.40033,65.73431,64.66065,65.19202,66.0303,64.63745,64.40497,67.42403,67.47592,63.03174,66.8431,61.55485,65.06919,59.46427,64.3506,63.12686,62.482,63.82006,62.68174,63.81222,63.63175,62.64982,63.95311,68.42514,62.16912,69.07966,64.2573,67.06713,66.40783,65.45991,61.98387,62.36185,63.60031,61.61169,60.87693,62.36986,56.75385,60.01666,59.22837,57.07013
8.544,7.61577,7.61577,8.06226,7.2111,7.2111,7.2111,7.2111,7.2111,7.07107,7.07107,7.07107,7.07107,7.07107,7.07107,6.40312,7.07107,6.40312,6.40312,6.40312,6.40312,7.2111,6.40312,6.40312,6.40312,6.40312,7.07107,7.07107,7.07107,6.40312,6.40312,6.40312,6.40312,5.83095,5.83095,5.38516,5.38516,5.38516,5.38516,5.38516,4.12311,5.09902,5.09902,4.12311,5.0,4.0,4.0,4.0,4.0,4.0,4.12311,4.12311,53.00943,50.08992,48.25971,49.36598,44.55334,42.2019,43.17407,40.5216,37.94733,38.27532,38.07887,41.14608,41.18252,37.21559,36.71512,35.80503,35.35534,36.61967,36.40055,35.35534,34.82815,33.42155,36.23534,34.05877,36.12478,37.01351,35.38361,35.4683,35.60899,35.38361,37.64306,35.51056,35.0,34.4093,31.90611,35.35534,37.58989,31.38471,31.32092,33.73426,28.16026,31.01612,29.42788,27.45906,28.0,24.02082,22.02272,27.16616,21.09502,23.76973,23.5372,23.25941,22.56103,22.47221,21.9545,21.9545,16.12452,53.15073,55.22681,55.60576,54.03702,58.41233,58.82176,60.0,60.21628,61.85467,61.40033,66.4003,61.58734,67.42403,67.20119,67.42403,67.1193,68.60029,69.2026,68.41053,68.00735,69.81404,69.02898,70.17834,70.83784,71.58911,67.26812,68.0147,65.05382,67.20863,68.68042,67.00746,67.62396,64.40497,64.89992,68.26419,66.64833,67.53518,67.08204,66.18912,70.2282,69.857,65.14599,68.62215,69.64194,66.70832,68.24954,69.12308,66.70832,69.42622,68.44706,65.51336,65.62012,64.93843,59.84146,65.19202,61.20457,62.1289
8.24621,7.28011,7.61577,7.61577,7.61577,6.7082,6.7082,6.7082,6.7082,7.2111,6.40312,6.40312,6.40312,6.40312,5.65685,5.65685,5.65685,5.65685,5.65685,5.65685,5.65685,5.65685,5.65685,5.65685,5.65685,5.65685,5.0,5.83095,5.0,5.0,4.47214,5.38516,4.47214,4.47214,4.12311,4.12311,4.0,4.0,3.0,4.0,3.0,3.16228,3.16228,2.23607,2.23607,2.82843,2.82843,2.82843,2.82843,2.82843,2.23607,2.23607,49.64877,51.62364,50.44799,45.22168,46.23851,44.92215,42.15448,43.86342,42.15448,39.39543,39.82462,39.66106,38.83298,39.66106,35.60899,37.80212,38.01316,35.60899,36.87818,34.71311,35.35534,36.06938,35.35534,33.97058,36.06938,34.65545,33.24154,33.97058,33.42155,31.82766,29.73214,36.23534,32.80244,34.4093,30.80584,30.01666,30.88689,29.96665,29.06888,22.80351,24.69818,25.29822,23.76973,24.33105,22.02272,17.02939,19.0263,20.09975,17.08801,13.60147,16.15549,13.41641,17.08801,14.76482,13.41641,15.0,15.6205,50.69517,49.39636,50.69517,55.47071,52.7731,54.3783,54.58938,56.82429,61.91123,59.68249,63.24555,63.81222,63.51378,66.85058,65.73431,64.3506,67.41662,67.1193,69.64194,66.64833,69.97142,69.46222,69.11584,68.26419,69.11584,72.20111,68.26419,65.74192,68.0,67.1193,64.4748,68.54196,68.94926,65.80274,69.92138,64.28841,69.12308,68.88396,66.70832,69.2315,66.28725,68.593,70.5762,67.06713,68.46897,68.02941,68.02941,71.00704,64.0,63.07139,65.0,64.00781,63.0,62.00806,63.0,63.07139,61.29437
8.24621,8.544,8.544,8.544,7.61577,7.61577,8.06226,8.06226,7.2111,8.06226,7.2111,7.2111,7.2111,7.81025,7.81025,7.81025,7.81025,7.81025,7.81025,7.07107,7.81025,7.07107,7.81025,7.81025,7.81025,7.07107,7.2111,7.2111,7.2111,6.7082,6.7082,6.7082,6.7082,6.7082,5.38516,5.38516,5.09902,5.09902,5.09902,5.09902,5.09902,4.12311,4.0,4.0,4.0,4.0,3.0,4.12311,4.12311,3.16228,3.16228,3.16228,54.00926,50.08992,49.09175,46.17359,46.87217,45.70558,44.91102,44.14748,42.44997,43.65776,41.23106,39.82462,41.59327,40.70626,40.31129,39.66106,39.11521,38.07887,40.49691,38.83298,41.6173,38.83298,39.05125,38.01316,39.82462,38.41875,38.28838,39.20459,38.83298,38.60052,38.01316,36.61967,36.71512,38.07887,36.67424,34.53983,34.43835,35.8469,33.24154,30.67572,31.04835,27.29469,28.16026,27.16616,25.07987,25.01999,22.02272,23.0,21.2132,20.39608,20.39608,18.68154,19.92486,15.65248,19.23538,17.80449,14.42221,45.61798,47.01064,47.01064,51.42956,52.69725,54.08327,53.53504,55.47071,57.2014,56.61272,57.80138,62.20129,63.82006,62.20129,63.78087,63.25346,67.62396,64.53681,60.60528,68.24954,70.60453,65.29931,64.40497,65.43699,65.21503,65.45991,65.60488,65.80274,65.80274,64.63745,62.1289,65.51336,64.00781,65.30697,65.79514,64.88451,64.62198,65.45991,66.09841,63.89053,67.05222,66.76077,65.14599,66.21933,64.53681,65.11528,65.30697,65.9242,67.36468,65.76473,63.28507,64.62971,63.63961,56.4358,60.29925,62.28965,60.29925
8.06226,7.61577,8.24621,7.28011,7.28011,7.28011,7.07107,7.07107,7.07107,7.0,7.07107,7.0,7.0,7.0,6.0,7.0,6.08276,6.0,6.08276,6.08276,6.08276,6.08276,7.0,7.0,7.07107,7.0,7.0,6.0,6.0,6.08276,6.08276,6.08276,6.08276,5.09902,5.38516,5.38516,5.83095,4.47214,4.47214,5.0,4.24264,4.24264,4.24264,4.24264,3.60555,3.60555,3.60555,3.60555,3.60555,3.16228,3.16228,3.16228,53.85165,48.30114,50.9902,47.53946,42.05948,45.54119,40.80441,44.38468,41.10961,40.79216,40.1995,38.47077,39.05125,38.0526,39.05125,36.01389,40.0,38.01316,38.20995,39.31921,40.4475,38.20995,36.87818,37.10795,36.34556,37.64306,38.32754,39.31921,41.30375,37.12142,36.0,38.01316,37.05401,38.11824,35.0571,34.0147,35.01428,34.1321,32.06244,34.71311,30.08322,30.36445,27.313,26.40076,26.92582,24.18677,25.0,23.32381,21.26029,20.80865,20.51828,14.86607,18.60108,16.27882,18.43909,17.0,18.60108,50.32892,49.24429,49.76947,53.85165,53.14132,54.40588,56.30275,57.56735,57.56735,60.87693,61.84658,63.56099,62.58594,65.0,64.53681,63.34824,69.857,67.26812,68.88396,66.94027,68.15424,69.12308,70.34202,68.88396,70.83078,66.48308,68.15424,64.28841,68.00735,68.00735,64.2573,64.40497,65.74192,62.64982,69.11584,60.20797,65.45991,67.95587,65.45991,66.06815,66.4003,65.8559,69.35416,68.11755,66.6033,66.48308,65.06919,72.24957,66.52819,65.8559,62.482,64.53681,65.19202,65.29931,64.63745,62.20129,60.80296
7.28011,6.32456,6.7082,6.7082,6.7082,6.7082,5.83095,5.83095,5.83095,6.40312,6.40312,5.65685,5.65685,5.65685,5.65685,5.65685,5.65685,5.65685,5.65685,6.40312,6.40312,6.40312,5.65685,6.40312,5.65685,5.65685,5.65685,5.65685,5.65685,5.0,5.0,5.0,5.0,4.47214,4.47214,4.12311,4.12311,4.12311,4.12311,4.12311,3.0,3.0,3.0,3.0,3.16228,3.16228,3.16228,3.16228,3.16228,2.23607,2.82843,2.82843,52.03845,48.04165,47.38143,46.38965,46.84015,42.2019,43.32436,42.44997,42.54409,39.0,41.14608,41.34005,38.94868,38.60052,37.44329,35.60899,37.80212,39.05125,36.87818,37.01351,36.06938,38.28838,37.53665,38.8973,38.20995,38.8973,36.79674,38.20995,38.94868,34.65545,34.65545,37.53665,38.60052,37.80212,34.4093,31.90611,33.12099,34.88553,30.88689,27.313,31.01612,25.07987,25.96151,27.20294,25.70992,24.02082,21.0238,24.02082,18.02776,20.09975,20.39608,17.02939,19.10497,17.26268,15.81139,15.23155,15.23155,49.09175,50.24938,54.6443,53.60037,56.22277,55.44367,55.44367,59.40539,60.87693,61.84658,60.60528,63.60031,64.66065,70.0928,67.35726,66.48308,66.48308,68.62215,64.53681,66.52819,67.80118,70.0928,67.94115,67.35726,69.2026,69.02898,64.03124,67.20119,65.80274,65.80274,66.88797,66.57327,66.37017,64.84597,65.29931,67.23095,66.85058,63.24555,67.05222,70.60453,62.93648,67.05222,64.84597,69.63476,60.41523,64.53681,70.21396,64.62971,68.06614,66.27217,65.12296,65.12296,60.13319,58.21512,61.13101,63.00794,57.0
8.24621,8.24621,7.28011,7.28011,7.61577,6.7082,7.61577,7.2111,7.2111,7.2111,7.2111,7.2111,7.2111,6.40312,6.40312,7.07107,7.07107,7.07107,7.07107,7.07107,6.40312,7.07107,7.07107,6.40312,6.40312,6.40312,6.40312,6.40312,5.83095,5.83095,5.83095,5.83095,5.38516,5.38516,5.38516,5.38516,5.09902,4.12311,4.12311,4.0,4.0,4.0,3.0,3.0,3.0,3.0,3.16228,3.16228,2.23607,2.23607,2.23607,2.23607,52.08647,50.08992,48.6621,49.24429,47.53946,44.38468,42.37924,42.72002,40.8534,40.31129,40.81666,40.22437,40.81666,39.66106,38.27532,38.01316,38.83298,40.0,36.40055,40.36087,41.7732,38.94868,38.18377,36.87818,36.76955,39.62323,38.20995,41.03657,36.87818,41.03657,39.69887,38.28838,35.0,34.66987,34.66987,32.44996,34.98571,32.20248,35.8469,29.06888,30.67572,32.01562,25.31798,26.68333,25.70992,25.17936,24.02082,21.0238,22.02272,23.08679,22.02272,18.02776,16.76305,18.02776,16.64332,16.55295,17.20465,48.30114,47.70744,52.7731,53.53504,54.91812,54.08327,53.53504,58.24946,58.24946,61.22091,63.25346,62.482,62.62587,63.03174,63.89053,64.66065,67.62396,70.29225,69.02898,66.0303,69.81404,71.84706,67.62396,71.06335,66.8431,69.2026,65.0,64.3506,67.74216,68.60029,61.91123,65.36819,67.54258,63.15853,67.23095,63.69458,66.7308,71.16881,66.48308,64.28841,64.28841,68.44706,68.24954,67.26812,66.09841,68.593,66.37017,68.46897,65.12296,64.07027,63.3877,64.12488,61.13101,60.20797,62.03225,59.03389,61.03278
9.48683,8.544,8.06226,8.06226,8.06226,8.06226,7.2111,7.81025,7.2111,7.2111,7.81025,7.81025,7.07107,7.07107,7.07107,7.07107,7.07107,7.07107,6.40312,6.40312,6.40312,7.07107,7.07107,7.07107,7.07107,7.07107,7.07107,6.40312,6.40312,6.40312,5.83095,5.83095,5.83095,5.83095,5.83095,6.32456,6.08276,5.09902,5.09902,5.09902,5.09902,5.09902,5.0,4.0,4.0,4.0,4.0,4.12311,4.12311,3.16228,4.47214,3.60555,52.61179,53.75872,49.24429,47.07441,46.32494,44.38468,43.65776,43.01163,42.54409,45.17743,40.70626,43.04649,43.41659,38.01316,39.11521,41.23106,39.82462,39.62323,41.03657,41.86884,41.72529,39.62323,37.53665,36.23534,35.38361,38.94868,39.59798,37.48333,37.53665,38.94868,39.82462,37.53665,34.20526,32.64966,36.35932,33.61547,33.12099,33.61547,32.31099,36.23534,31.95309,29.27456,28.86174,25.4951,28.44293,26.30589,25.07987,24.02082,24.02082,23.34524,20.09975,22.13594,21.37756,19.31321,15.23155,16.15549,17.49286,48.46648,52.0,50.08992,51.89412,53.7122,56.36488,53.66563,53.66563,59.68249,58.13777,60.53924,60.41523,62.76942,66.37017,66.7308,64.63745,63.24555,65.51336,63.63175,67.1193,67.1193,68.7968,68.50547,67.60178,68.60029,68.60029,68.60029,70.71068,63.95311,68.44706,65.39113,65.39113,65.9242,66.30988,66.7308,67.05222,66.21933,65.96969,66.94027,68.44706,69.42622,68.46897,69.46222,67.60178,67.1193,67.06713,64.19502,66.06815,68.02941,64.19502,63.00794,67.0,62.00806,55.22681,53.08484,64.07027,56.7186
7.28011,8.24621,7.07107,7.07107,7.07107,7.07107,7.07107,7.07107,7.0,7.0,6.0,6.08276,6.08276,6.08276,6.08276,6.08276,6.08276,6.08276,6.08276,6.08276,6.08276,6.08276,6.08276,6.32456,6.08276,6.08276,6.0,6.08276,6.08276,6.0,6.0,5.0,5.0,5.09902,5.09902,5.38516,5.38516,4.47214,4.47214,4.47214,4.47214,3.60555,3.60555,4.24264,3.60555,3.60555,3.60555,3.60555,3.60555,3.60555,3.16228,3.16228,51.31277,50.77401,46.09772,47.88528,46.52956,42.04759,46.8188,41.10961,43.17407,40.5216,39.31921,39.81206,37.65634,41.4367,39.31921,38.01316,41.04875,37.05401,37.01351,37.05401,40.0125,39.05125,37.21559,40.11234,38.01316,38.32754,38.01316,39.05125,37.12142,39.20459,36.01389,36.0,38.01316,35.0571,39.20459,33.37664,34.23449,35.44009,33.52611,32.89377,30.67572,29.06888,26.83282,27.29469,25.55386,25.6125,23.85372,25.0,22.02272,20.51828,22.2036,21.63331,18.02776,17.49286,15.23155,18.68154,15.52417,48.37355,46.95743,52.3259,49.65884,53.7122,50.56679,54.42426,55.15433,58.30952,58.18935,60.40695,60.40695,63.32456,62.29767,63.60031,64.19502,63.60031,69.92138,64.51356,67.6757,67.35726,67.6757,71.47027,68.94926,66.7308,67.77905,65.9242,66.48308,69.07966,63.97656,66.21178,63.95311,67.1193,65.29931,67.1193,65.36819,67.95587,64.03124,65.60488,68.76772,65.94695,70.17834,67.35726,69.31089,65.06919,67.88225,66.46804,64.38167,65.94695,68.88396,67.62396,63.41136,61.7171,63.78087,60.80296,59.07622,61.22091
7.61577,6.7082,7.2111,7.2111,7.2111,6.40312,6.40312,7.07107,6.40312,7.07107,5.65685,6.40312,6.40312,6.40312,6.40312,5.83095,6.40312,5.83095,5.83095,6.7082,5.83095,6.7082,6.40312,7.2111,6.40312,6.40312,6.40312,6.40312,6.40312,5.65685,5.65685,5.65685,5.65685,5.65685,5.0,5.0,4.47214,4.47214,4.47214,4.47214,4.12311,4.12311,4.12311,3.0,3.0,3.0,3.0,3.0,3.16228,3.16228,2.23607,2.23607,50.15974,51.86521,47.85394,44.72136,46.14109,42.19005,44.65423,43.18565,38.60052,41.72529,41.01219,40.36087,38.94868,39.82462,38.60052,36.61967,38.60052,40.22437,40.31129,38.94868,41.14608,40.70626,40.71855,40.70626,35.8469,37.21559,41.18252,40.70626,37.12142,39.82462,38.07887,38.94868,37.73592,36.71512,35.22783,34.20526,36.23534,32.55764,36.79674,30.4795,33.42155,30.61046,30.61046,29.68164,29.06888,24.69818,27.51363,25.63201,22.47221,22.36068,20.61553,20.39608,20.09975,19.10497,18.11077,17.11724,16.49242,48.08326,48.70318,50.92151,50.32892,54.08327,52.92447,56.46238,57.27128,58.13777,59.09315,59.48109,62.6099,64.4748,63.06346,63.06346,65.29931,67.97794,66.64833,65.30697,69.35416,68.942,70.21396,67.62396,70.38466,70.00714,70.00714,68.8767,67.23095,68.94926,67.06713,64.28841,68.68042,64.28841,67.68309,64.32729,69.05071,66.61081,67.36468,66.18912,69.06519,71.02816,68.02941,69.11584,70.02857,67.02984,67.60178,65.27634,64.62971,66.37017,63.95311,65.51336,62.36986,62.16912,60.44005,61.84658,62.64184,60.72891
7.61577,7.61577,7.28011,7.28011,7.28011,7.07107,7.07107,7.07107,7.07107,6.0,6.0,7.0,6.08276,6.08276,6.08276,6.08276,6.08276,6.08276,6.08276,6.08276,6.08276,6.08276,6.08276,6.08276,6.08276,6.08276,6.08276,6.0,6.0,6.0,6.0,6.0,6.08276,5.09902,5.38516,5.38516,5.38516,5.38516,4.47214,4.47214,4.47214,3.60555,3.60555,4.24264,4.24264,3.60555,3.60555,3.60555,3.60555,3.60555,3.16228,3.16228,49.57822,48.10405,50.24938,46.09772,42.0119,45.0,42.72002,41.34005,37.57659,39.0,36.67424,37.64306,42.37924,37.65634,36.13862,38.63936,40.31129,43.04649,40.31129,35.35534,39.31921,35.35534,40.11234,36.01389,38.0526,37.05401,36.01389,41.0,40.0,40.31129,38.47077,37.12142,35.12834,38.20995,34.71311,33.24154,34.71311,34.48188,34.48188,35.34119,33.10589,29.54657,30.52868,27.73085,26.92582,25.4951,25.6125,24.20744,23.43075,23.43075,22.02272,22.47221,20.80865,20.80865,18.78829,22.13594,17.46425,48.04165,50.0,52.03845,52.08647,50.24938,51.15662,54.23099,53.23533,58.42089,53.46027,56.4358,61.40033,60.67125,66.61081,66.27217,61.81424,67.74216,63.63961,66.48308,66.75328,64.19502,69.26038,67.60178,65.19202,64.12488,67.1193,65.12296,71.00704,64.03124,66.0303,61.07373,67.26812,62.514,62.80127,65.51336,63.63961,59.43904,63.60031,62.93648,66.40783,66.48308,67.1193,64.4748,62.17717,65.74192,66.64083,66.18912,65.8635,64.14047,61.91123,63.28507,64.89992,67.41662,57.68882,60.0,63.25346,56.72742
9.43398,8.94427,8.94427,8.94427,8.544,8.544,8.24621,8.24621,8.24621,8.24621,8.24621,8.06226,8.06226,8.06226,8.06226,8.06226,8.0,8.0,8.06226,8.06226,8.0,8.06226,8.06226,8.06226,8.06226,8.06226,7.07107,7.28011,7.28011,7.28011,7.28011,7.28011,7.61577,6.7082,6.7082,6.7082,5.83095,6.40312,6.40312,5.65685,5.65685,5.65685,5.0,5.0,5.0,5.0,4.47214,4.47214,4.47214,4.12311,4.12311,4.12311,54.45181,50.32892,46.2277,48.60041,49.20366,44.10215,41.88078,43.56604,43.56604,41.14608,40.49691,41.76123,42.72002,38.8973,38.60052,40.79216,42.2019,38.83298,39.45884,39.62323,43.18565,40.1995,38.20995,39.62323,36.22154,41.30375,39.05125,36.22154,39.81206,39.31921,38.32754,39.20459,35.69314,39.56008,36.40055,36.68787,37.64306,36.67424,32.24903,33.24154,29.06888,33.01515,27.80288,28.6007,30.4795,26.90725,24.83948,23.43075,25.0,25.0,19.72308,21.09502,21.93171,18.38478,18.68154,17.72005,16.76305,45.35416,49.47727,48.50773,50.9902,50.9902,49.81967,53.46027,56.4358,58.30952,56.7186,60.20797,61.20457,65.19202,64.19502,64.12488,61.20457,66.18912,65.06919,66.75328,66.27217,65.27634,70.25667,66.18912,70.17834,66.1211,68.26419,65.62012,66.91039,66.48308,67.46851,65.73431,69.42622,62.0967,66.09841,64.51356,66.12866,64.84597,68.54196,65.0,67.08204,67.08204,65.76473,67.60178,65.0,67.23095,67.20119,65.45991,66.4003,64.63745,64.2028,67.42403,62.00806,64.81512,59.5483,64.03124,63.12686,60.1415
7.07107,7.07107,7.07107,7.07107,6.40312,6.40312,6.40312,5.83095,5.83095,5.83095,5.83095,5.83095,5.83095,6.32456,6.7082,6.32456,6.32456,5.38516,6.32456,6.32456,6.32456,6.32456,5.38516,6.32456,6.32456,6.32456,6.32456,5.83095,5.83095,5.83095,5.83095,5.83095,5.0,5.0,4.24264,4.24264,4.24264,4.24264,3.60555,3.60555,3.16228,3.16228,3.16228,3.16228,3.16228,3.0,3.0,3.0,3.0,3.0,2.0,2.23607,50.9902,50.77401,48.25971,46.14109,44.10215,42.2019,40.60788,41.86884,41.03657,39.82462,37.64306,40.60788,39.40812,37.01351,38.27532,39.44617,36.35932,38.47077,40.31129,39.39543,37.57659,37.12142,40.31129,37.57659,39.92493,38.47077,37.57659,40.24922,37.16181,36.67424,37.12142,35.77709,36.89173,36.35932,31.76476,33.97058,35.38361,33.97058,33.42155,30.4795,31.241,25.6125,27.45906,25.23886,26.83282,26.07681,23.08679,22.84732,23.08679,21.18962,21.2132,17.26268,22.09072,20.09975,19.0,16.12452,15.81139,46.01087,49.0102,49.0408,50.01,51.08816,55.22681,54.14795,56.4358,58.30952,55.14526,60.67125,60.53098,65.27634,62.64982,62.64982,66.94027,68.41053,65.30697,69.87131,66.28725,66.61081,68.44706,67.47592,69.05071,65.9242,67.36468,66.48308,67.47592,66.48308,67.26812,63.12686,64.03124,65.06919,64.03124,66.18912,65.12296,65.27634,67.60178,63.50591,69.2315,68.88396,68.44706,68.24954,67.46851,68.15424,65.78754,67.44627,66.7308,64.51356,64.84597,65.14599,64.2573,64.84597,57.77543,62.96825,61.09828,59.09315
7.81025,8.60233,8.60233,8.60233,8.06226,8.06226,8.06226,7.61577,7.61577,7.61577,7.28011,7.28011,7.28011,7.28011,7.28011,7.28011,7.28011,7.07107,7.07107,7.07107,7.28011,7.28011,7.07107,7.07107,7.28011,7.07107,7.28011,7.28011,7.28011,6.32456,6.7082,6.7082,6.7082,6.7082,5.83095,5.83095,5.83095,6.40312,6.40312,5.65685,5.65685,5.0,5.0,5.0,5.0,3.60555,4.47214,4.47214,4.47214,4.47214,4.12311,4.12311,52.47857,50.21952,46.40043,43.41659,45.27693,41.03657,44.04543,38.20995,41.86884,38.60052,38.94868,38.27532,37.73592,38.83298,36.67424,39.0,39.35734,37.57659,37.69615,41.76123,39.21734,37.94733,39.21734,38.27532,37.16181,37.33631,39.21734,40.02499,37.0,38.60052,38.32754,34.43835,35.77709,35.35534,38.48376,36.61967,37.44329,36.61967,35.80503,31.89044,34.71311,30.41381,28.28427,31.14482,29.41088,27.80288,25.05993,27.45906,23.70654,25.63201,23.25941,21.18962,22.13594,19.64688,21.58703,18.24829,19.0263,46.38965,45.27693,47.16991,46.09772,51.0098,52.0,53.0,53.03772,58.07753,55.14526,57.21888,62.1289,61.03278,62.03225,62.28965,64.38167,64.28063,68.26419,63.07139,64.28063,65.9242,66.27217,67.47592,65.19202,67.06713,64.0,66.0,65.03076,66.06815,65.03076,64.03124,61.07373,63.03174,63.3877,65.19202,64.62971,64.93843,65.0,63.56099,65.52099,64.03124,65.80274,62.29767,68.94926,64.62198,64.84597,63.90618,67.23095,67.23095,64.07808,64.40497,63.06346,59.5063,59.94164,57.70615,58.13777,56.82429
7.07107,7.07107,7.07107,7.28011,6.32456,6.32456,6.7082,6.7082,6.7082,6.7082,6.7082,7.2111,5.83095,6.40312,6.40312,6.40312,7.07107,6.40312,6.40312,6.40312,6.40312,6.40312,6.40312,6.40312,6.40312,6.40312,7.2111,7.2111,6.7082,6.7082,5.83095,5.83095,5.38516,5.38516,5.38516,5.38516,5.09902,5.09902,5.09902,5.0,4.0,4.0,4.0,4.0,4.0,3.16228,3.16228,3.16228,3.16228,3.16228,2.23607,2.23607,48.25971,49.25444,42.0119,45.01111,47.01064,41.10961,43.04649,40.1995,37.85499,35.51056,38.60052,38.27532,37.94733,34.9285,35.8469,36.05551,37.58989,36.23534,34.98571,36.71512,39.11521,39.66106,34.20526,34.1321,35.51056,37.44329,39.40812,37.20215,37.44329,38.01316,38.01316,37.12142,36.35932,34.9285,36.40055,33.52611,32.57299,34.78505,32.75668,32.55764,34.71311,29.27456,30.06659,30.14963,26.0,28.16026,27.29469,26.1725,21.2132,21.58703,24.73863,21.93171,16.15549,20.59126,17.49286,17.88854,19.10497,47.70744,47.01064,47.01064,47.01064,52.63079,51.66237,52.3259,54.56189,59.39697,56.58622,57.31492,59.4138,61.55485,62.2254,62.93648,63.70243,62.93648,66.48308,63.65532,63.03174,63.12686,67.26812,68.68042,65.11528,65.06919,67.89698,66.52819,65.06919,65.06919,61.6198,62.36986,62.482,61.22091,64.40497,64.40497,67.6757,65.8635,61.7171,63.50591,65.39113,63.56099,68.15424,65.9242,65.55151,63.32456,64.51356,62.29767,62.93648,66.40783,68.30813,59.66574,62.0967,59.90826,59.20304,57.00877,58.94065,55.31727
8.544,7.61577,7.61577,7.61577,7.61577,7.2111,7.2111,7.2111,7.2111,7.2111,6.40312,7.07107,7.07107,7.07107,6.40312,7.07107,6.40312,7.07107,6.40312,6.40312,7.07107,6.40312,7.07107,6.40312,7.07107,7.07107,7.07107,7.07107,6.40312,6.40312,5.83095,5.83095,5.83095,5.83095,6.7082,6.32456,6.32456,5.38516,5.09902,5.09902,5.09902,5.09902,5.0,5.0,5.0,4.0,5.09902,4.12311,4.12311,4.12311,4.12311,4.47214,52.20153,50.56679,48.75449,47.42362,46.06517,45.79301,40.22437,44.04543,35.4683,38.94868,41.7732,39.62323,38.8973,36.87818,39.82462,36.05551,36.89173,36.71512,36.61967,36.89173,38.94868,38.47077,35.35534,37.12142,35.34119,39.82462,38.01316,39.35734,37.73592,40.81666,39.82462,37.73592,35.51056,35.80503,38.41875,36.87818,36.06938,35.38361,33.30165,34.65545,34.05877,31.40064,31.38471,29.15476,27.78489,29.96665,27.85678,24.35159,27.45906,26.68333,24.5153,22.09072,23.02173,19.0263,20.22375,22.02272,22.36068,45.27693,49.25444,48.37355,51.47815,50.9902,53.15073,55.9017,55.31727,59.66574,58.46366,59.90826,60.63827,62.16912,61.13101,65.80274,63.60031,67.44627,66.48308,69.92138,67.44627,69.12308,68.68042,68.30813,69.64194,67.44627,65.96969,65.25335,69.42622,65.30697,68.06614,65.76473,66.48308,65.49046,66.1211,69.11584,68.06614,63.12686,69.11584,68.11755,64.28063,71.25307,68.35934,67.60178,69.05071,69.857,71.80529,68.06614,67.91171,67.68309,63.06346,64.28841,66.09841,66.21933,62.58594,60.74537,63.24555,59.20304
7.61577,6.7082,6.7082,6.7082,5.83095,5.83095,5.83095,6.40312,6.40312,5.65685,5.65685,6.40312,6.40312,6.40312,5.83095,5.83095,5.83095,5.83095,5.83095,5.83095,5.83095,5.83095,5.83095,5.83095,5.83095,5.83095,5.0,6.40312,6.40312,5.65685,5.65685,5.65685,5.65685,5.0,5.0,4.47214,4.47214,4.47214,4.47214,4.12311,4.12311,4.12311,4.12311,4.12311,3.0,3.0,3.0,3.0,3.16228,3.16228,3.16228,2.23607,53.23533,47.67599,52.17279,43.73786,40.5216,45.88028,43.9659,42.54409,38.07887,38.58756,34.88553,37.01351,38.83298,38.83298,37.01351,37.53665,35.38361,39.59798,37.48333,34.65545,38.8973,34.82815,38.20995,38.20995,38.20995,39.59798,38.41875,39.62323,37.48333,35.38361,36.06938,38.94868,36.87818,39.05125,35.0,36.61967,35.22783,34.98571,33.61547,29.96665,31.38471,31.01612,31.04835,30.08322,29.12044,24.33105,26.1725,26.01922,25.01999,21.2132,21.0238,20.39608,22.09072,20.22375,21.18962,19.64688,17.72005,49.64877,51.47815,48.46648,55.00909,51.42956,53.22593,55.07268,54.58938,60.03332,56.82429,60.37384,62.17717,65.29931,67.53518,66.7308,64.89992,69.97142,63.63175,68.88396,65.73431,66.88797,69.83552,64.41273,68.47627,69.46222,68.88396,67.08204,74.24284,64.40497,68.42514,63.15853,69.07966,65.9242,65.45991,65.80274,68.00735,62.8172,68.24954,65.9242,69.72087,69.58448,64.28063,70.45566,67.36468,65.49046,65.27634,67.1193,66.00758,68.11755,62.0,64.00781,67.00746,68.02941,58.13777,60.0,66.27217,60.00833
8.24621,8.24621,7.61577,7.61577,7.61577,7.61577,6.7082,7.2111,7.2111,7.2111,7.2111,7.2111,6.40312,6.40312,6.40312,7.07107,7.07107,7.07107,7.07107,7.07107,6.40312,6.40312,7.07107,6.40312,6.40312,7.07107,6.40312,6.40312,6.40312,6.40312,5.83095,5.83095,5.83095,5.38516,6.32456,6.32456,6.32456,5.09902,5.09902,5.0,5.0,5.0,5.0,5.0,5.0,4.12311,4.12311,4.12311,4.12311,4.12311,4.47214,3.60555,50.01,48.83646,48.38388,48.76474,44.64303,41.4367,43.08132,42.04759,39.35734,42.05948,41.04875,38.83298,40.22437,36.23534,38.94868,37.48333,36.76955,37.48333,36.87818,39.59798,39.62323,38.18377,37.64306,38.01316,35.60899,38.20995,39.05125,36.23534,38.28838,40.36087,38.8973,36.87818,37.48333,35.4683,38.41875,35.80503,35.60899,33.83785,31.76476,34.0147,31.30495,34.17601,27.85678,27.89265,29.83287,30.26549,27.29469,26.1725,26.07681,22.09072,24.0,23.08679,22.36068,21.84033,20.88061,20.24846,18.78829,48.05206,46.84015,49.33559,51.5461,54.78138,50.32892,54.42426,53.85165,56.85948,59.5063,62.64982,64.88451,64.4748,65.74192,63.97656,64.41273,67.53518,69.77105,68.8767,66.64083,69.35416,68.44706,71.11259,69.857,68.942,68.942,68.942,68.35203,65.55151,65.55151,64.84597,65.14599,67.35726,66.21933,70.34202,66.70832,70.40597,69.87131,66.61081,67.18631,67.26812,68.06614,68.11755,68.02941,69.02898,71.02816,68.0,67.1193,67.06713,68.06614,67.36468,64.38167,63.1981,65.27634,61.40033,62.80127,61.40033
7.81025,7.81025,8.06226,7.2111,6.7082,6.7082,7.61577,7.61577,7.61577,7.28011,7.28011,7.28011,7.07107,7.28011,7.07107,7.07107,7.07107,7.07107,7.07107,7.07107,7.07107,7.07107,7.28011,7.07107,7.07107,7.28011,7.28011,6.32456,6.32456,6.32456,5.38516,6.7082,5.83095,5.83095,5.83095,5.0,5.0,5.0,5.0,4.24264,5.0,4.24264,3.60555,3.60555,3.60555,3.60555,3.60555,3.16228,3.16228,3.16228,3.16228,3.0,50.44799,49.0408,45.27693,45.27693,45.96738,45.45327,43.82921,44.40721,40.49691,39.44617,39.96248,38.91015,37.69615,39.92493,38.07887,38.27532,42.05948,37.0,36.40055,37.64306,37.85499,37.64306,40.02499,40.60788,39.31921,37.10795,37.36308,36.68787,37.10795,39.56008,39.29377,37.33631,36.05551,36.05551,37.57659,32.64966,33.61547,36.67424,30.52868,33.01515,31.89044,33.24154,28.28427,29.0,26.90725,26.92582,28.6531,21.63331,23.4094,22.84732,24.16609,20.24846,21.18962,18.38478,20.02498,20.02498,17.02939,46.84015,48.05206,46.69047,48.05206,49.64877,54.45181,52.7731,56.4358,55.44367,59.4138,63.12686,61.07373,65.27634,62.1289,66.27217,66.0303,67.06713,67.00746,66.27217,68.02941,69.35416,69.18092,69.18092,68.02941,69.06519,68.11755,70.11419,67.18631,69.35416,67.36468,65.49046,65.9242,67.26812,64.56005,68.68042,66.76077,65.45991,68.94926,67.35726,69.07966,67.23095,66.70832,68.44706,70.21396,64.84597,64.84597,67.1193,68.60029,66.88797,65.8635,66.7308,64.41273,62.96825,64.14047,63.24555,56.30275,58.82176
8.544,8.544,8.24621,8.24621,8.24621,8.06226,8.06226,8.06226,7.0,7.0,7.0,7.0,7.0,7.0,7.0,7.07107,7.07107,7.07107,7.07107,7.07107,7.07107,7.07107,7.07107,7.07107,7.07107,7.07107,7.07107,7.0,7.0,7.0,7.07107,7.07107,7.07107,6.08276,6.08276,6.08276,6.32456,5.38516,5.38516,5.38516,5.38516,5.38516,5.0,4.47214,5.0,5.0,4.24264,4.24264,4.24264,4.24264,3.60555,3.60555,51.61395,48.82622,49.24429,48.76474,46.95743,42.54409,43.08132,40.8534,39.29377,38.07887,40.26164,40.4475,37.65634,40.11234,40.1995,39.05125,40.0125,37.33631,38.01316,39.20459,39.62323,40.31129,36.22154,38.11824,36.22154,37.21559,38.32754,36.49658,35.12834,38.32754,35.12834,37.12142,36.01389,35.0,38.0526,37.21559,35.51056,36.34556,33.54102,32.75668,29.61419,30.36445,29.73214,30.01666,27.29469,26.83282,27.20294,24.69818,22.82542,23.43075,21.26029,22.67157,20.0,20.61553,22.47221,17.80449,17.88854,47.01064,46.61545,47.92703,48.38388,50.92151,50.59644,51.66237,56.04463,54.81788,55.36244,59.48109,57.97413,61.68468,62.64184,61.98387,62.8172,63.15061,65.30697,65.14599,66.94027,64.7611,68.41053,67.44627,68.41053,65.25335,68.00735,69.26038,65.45991,67.6757,67.06713,66.30988,66.21178,67.54258,63.06346,64.88451,64.14047,65.19202,64.89992,65.80274,66.21933,65.43699,65.19202,67.47592,67.47592,66.52819,65.8559,64.44377,67.26812,66.52819,65.79514,67.26812,64.66065,64.44377,64.81512,62.00806,60.60528,62.20129
8.60233,8.60233,8.60233,8.06226,8.06226,7.61577,7.61577,7.61577,7.61577,7.61577,7.28011,7.28011,7.28011,7.28011,7.28011,7.28011,7.07107,7.07107,7.07107,7.28011,7.07107,7.28011,7.07107,7.28011,7.28011,7.07107,7.28011,7.28011,7.28011,7.28011,6.7082,6.7082,6.7082,5.83095,5.83095,5.83095,5.83095,5.65685,5.65685,5.65685,5.65685,5.0,5.0,5.0,5.0,4.47214,4.47214,4.47214,4.47214,4.12311,4.12311,3.16228,53.03772,55.17246,45.45327,48.25971,49.40648,44.94441,43.909,42.04759,41.14608,39.81206,40.71855,40.02499,39.56008,39.56008,38.07887,39.81206,41.0,38.63936,36.22154,39.45884,36.22154,41.04875,35.0571,39.20459,37.33631,38.32754,37.05401,40.31129,36.67424,38.63936,37.33631,37.33631,36.87818,34.71311,35.17101,34.17601,34.53983,33.83785,30.8707,34.0147,31.30495,28.84441,29.20616,32.20248,26.90725,27.80288,24.75884,26.87006,24.04163,22.2036,23.85372,23.85372,21.54066,21.18962,18.97367,19.31321,18.43909,49.24429,46.61545,49.64877,46.48656,51.24451,50.28916,54.12947,57.28001,59.43904,57.72348,56.51548,60.63827,63.56099,65.51336,63.95311,64.62971,61.98387,68.24954,65.11528,67.26812,66.28725,69.2315,70.61161,66.28725,67.60178,66.70832,67.91171,67.91171,70.40597,67.44627,66.09841,62.29767,65.45991,65.9242,65.79514,66.70832,68.02941,66.18912,68.96376,67.23095,65.0,69.64194,64.89992,70.21396,66.61081,67.80118,67.80118,63.89053,68.11755,67.00746,66.06815,65.8559,63.03174,62.93648,61.55485,60.82763,62.93648
8.0,9.05539,8.06226,8.06226,7.07107,8.24621,7.28011,7.28011,7.28011,7.28011,7.61577,7.61577,6.7082,6.7082,6.7082,6.7082,7.2111,6.7082,7.2111,6.7082,6.7082,6.7082,6.7082,6.7082,6.7082,6.7082,6.7082,6.32456,6.32456,6.32456,6.32456,6.08276,6.08276,6.08276,6.08276,6.08276,6.0,5.0,5.0,5.09902,5.09902,5.09902,5.09902,5.09902,4.12311,4.47214,4.47214,4.47214,3.60555,3.60555,3.60555,3.60555,51.24451,49.36598,48.0,48.01042,46.17359,45.09989,46.09772,42.42641,42.42641,41.97618,38.07887,41.23106,40.49691,40.31129,40.16217,40.24922,35.4683,37.57659,36.24914,40.81666,41.67733,36.67424,37.44329,36.35932,38.47077,35.8469,38.47077,41.67733,35.77709,37.21559,38.07887,36.71512,37.57659,33.61547,39.21734,33.24154,33.83785,31.04835,32.75668,31.57531,31.40064,32.14032,27.01851,27.0,25.17936,29.06888,26.07681,22.80351,24.73863,22.84732,23.4094,22.13594,19.31321,22.47221,17.49286,18.60108,19.84943,47.50789,47.20169,51.0392,47.43416,52.40229,53.90733,54.48853,53.90733,60.20797,60.1415,61.55485,60.10824,61.55485,62.96825,63.63961,64.3506,66.48308,67.26812,67.20863,66.48308,68.68042,65.79514,71.42129,70.71068,70.00714,67.26812,67.26812,67.26812,67.35726,67.35726,67.00746,67.62396,67.80118,63.51378,67.95587,64.66065,68.0,69.77105,65.29931,65.30697,65.79514,68.94926,67.41662,68.15424,67.35726,71.56815,68.00735,67.18631,65.52099,68.44706,67.18631,63.95311,62.58594,63.78871,60.82763,60.01666,62.64982
9.0,9.05539,8.06226,9.05539,8.24621,8.24621,7.28011,7.28011,7.28011,7.61577,7.61577,7.61577,7.61577,7.61577,8.06226,7.61577,7.2111,6.7082,7.2111,7.2111,7.2111,7.2111,6.7082,7.2111,7.2111,6.7082,6.7082,6.7082,6.7082,6.32456,6.32456,6.32456,6.32456,6.32456,6.08276,6.08276,6.08276,6.08276,5.0,5.0,5.0,5.0,5.0,4.12311,4.12311,4.12311,4.12311,4.12311,3.16228,3.16228,3.60555,3.60555,53.48832,54.40588,50.01,46.48656,47.80167,43.17407,48.16638,42.42641,44.04543,40.04997,43.01163,42.04759,41.19466,39.31921,40.31129,37.33631,40.31129,38.83298,37.65634,38.32754,38.60052,39.56008,37.0,36.05551,38.8973,37.10795,40.79216,40.79216,42.95346,37.10795,33.13608,36.13862,41.23106,36.49658,38.47077,34.23449,34.23449,35.01428,34.1321,29.27456,34.1321,31.257,33.73426,29.83287,25.29822,25.94224,25.4951,27.73085,21.9545,21.40093,22.80351,22.02272,21.26029,20.51828,20.51828,19.23538,19.10497,48.08326,43.84062,50.9902,50.93133,54.03702,49.0408,51.85557,54.20332,58.60034,59.03389,57.68882,59.36329,63.41136,62.68174,63.24555,64.66065,64.07027,67.1193,66.0303,66.03787,68.7968,67.95587,68.7968,69.33974,67.41662,68.00735,65.73431,66.61081,68.8186,62.80127,64.81512,67.47592,65.8559,62.93648,65.79514,64.3506,65.79514,65.94695,64.81512,65.21503,66.61081,70.45566,64.89992,68.50547,64.3506,65.36819,66.64833,61.40033,65.76473,65.30697,65.29931,63.95311,63.63175,62.6099,61.32699,56.85948,62.64982
9.48683,8.544,9.21954,8.24621,8.24621,8.24621,8.06226,8.06226,8.06226,8.06226,8.06226,8.0,8.0,8.0,7.0,8.06226,8.06226,8.06226,7.07107,8.06226,8.0,7.0,8.0,7.0,7.0,7.0,8.0,7.0,7.07107,7.0,7.07107,7.07107,7.28011,6.32456,6.32456,6.32456,6.32456,5.83095,5.83095,5.83095,5.83095,5.0,5.0,5.0,5.0,4.24264,4.24264,5.0,5.0,4.47214,4.47214,3.16228,51.97115,50.60632,51.47815,50.15974,46.95743,42.72002,44.38468,41.23106,39.29377,41.23106,41.4367,41.30375,41.10961,36.34556,40.11234,38.01316,39.11521,39.01282,35.0571,40.11234,41.30375,39.11521,39.20459,37.33631,38.47077,37.12142,39.31921,38.20995,37.05401,37.12142,36.0,36.12478,34.0147,36.01389,38.01316,35.35534,34.36568,32.55764,33.73426,34.52535,33.24154,31.7805,30.01666,31.38471,26.40076,27.29469,28.01785,25.6125,25.80698,23.60085,23.43075,22.80351,22.02272,21.63331,20.61553,19.23538,19.92486,44.40721,47.20169,50.47772,51.62364,53.53504,53.85165,54.58938,55.56978,56.82429,59.48109,58.60034,60.92618,61.7414,63.69458,59.61543,68.54196,66.85058,65.9242,62.39391,67.08204,68.8767,68.942,68.942,70.77429,68.54196,66.64083,64.88451,68.0,69.77105,67.23095,65.51336,67.74216,67.74216,65.0,68.60029,64.81512,69.6563,65.8559,64.44377,64.44377,65.06919,70.03571,68.68042,66.52819,64.66065,67.62396,64.40497,68.60029,66.21933,67.62396,65.43699,65.0,59.64059,62.96825,62.42596,60.74537,62.68174
8.60233,8.60233,8.60233,8.60233,7.81025,8.48528,7.81025,7.81025,7.81025,7.81025,7.81025,7.81025,7.81025,7.2111,7.2111,7.2111,8.06226,7.2111,8.06226,8.06226,7.2111,8.06226,7.2111,7.2111,7.2111,7.2111,7.2111,7.2111,7.81025,7.2111,7.07107,7.07107,7.07107,6.40312,6.40312,6.40312,6.40312,5.83095,5.83095,5.83095,5.38516,5.38516,5.38516,4.47214,4.47214,4.12311,4.12311,5.09902,4.0,4.0,4.0,4.0,50.96077,48.76474,46.17359,46.8188,45.69464,46.51881,44.28318,40.31129,41.04875,41.88078,42.80187,40.60788,38.8973,39.69887,37.48333,40.45986,36.12478,37.80212,36.79674,40.60788,40.80441,36.05551,37.20215,38.41875,37.64306,40.0,41.88078,39.96248,38.60052,38.41875,38.60052,39.05125,38.18377,36.87818,36.79674,36.12478,37.64306,35.4683,33.01515,29.68164,32.44996,33.54102,30.8707,33.12099,26.92582,30.08322,26.40076,25.96151,22.36068,23.34524,21.37756,20.22375,21.09502,21.09502,21.37756,19.10497,17.46425,48.27007,47.43416,48.76474,51.26402,52.55473,52.0,51.47815,54.56189,55.9464,58.69412,58.30952,60.92618,61.32699,63.07139,60.82763,63.50591,65.79514,65.74192,64.62198,68.42514,66.7308,70.68239,68.8767,69.31811,68.44706,69.07966,67.23095,65.9242,66.85058,66.7308,64.56005,65.80274,66.76077,66.40783,65.96969,65.11528,64.77654,68.88396,66.37017,67.1193,64.07027,65.06919,66.0,66.00758,64.07027,68.00735,65.03076,65.19202,65.19202,64.19502,64.93843,63.15061,61.81424,61.66036,61.98387,58.69412,59.43904
7.07107,7.07107,7.07107,7.07107,6.40312,6.40312,6.7082,6.7082,6.7082,6.7082,6.32456,6.32456,6.32456,6.32456,6.32456,6.32456,6.32456,6.08276,6.32456,6.08276,6.08276,6.08276,6.08276,6.32456,6.08276,6.32456,5.38516,6.32456,6.32456,5.38516,5.83095,5.83095,5.83095,5.83095,5.0,5.0,4.24264,5.0,4.24264,4.24264,3.60555,3.60555,3.60555,3.60555,3.16228,3.16228,3.16228,3.16228,3.0,3.0,3.0,3.0,50.44799,48.60041,50.80354,43.41659,44.55334,41.01219,45.25483,42.52058,41.10961,38.60052,36.89173,38.58756,38.48376,38.58756,38.91015,39.0,39.0,34.9285,34.17601,36.13862,38.83298,35.44009,36.13862,36.40055,36.40055,37.36308,38.07887,36.40055,33.52611,35.44009,34.17601,34.17601,38.27532,37.33631,37.69615,35.8469,32.64966,35.51056,33.61547,30.52868,30.0,30.41381,29.69848,27.58623,26.24881,26.87006,24.83948,24.69818,20.59126,21.63331,23.32381,22.47221,21.54066,21.58703,20.24846,18.02776,18.0,44.0,46.01087,46.01087,52.08647,55.44367,54.58938,56.0803,54.58938,55.44367,58.69412,61.39218,62.16912,64.13267,65.30697,63.95311,65.11528,67.26812,66.28725,70.85901,66.48308,66.91039,71.56815,69.72087,73.1642,70.21396,70.5762,67.74216,67.47592,68.18358,70.00714,67.02984,67.06713,67.00746,63.12686,68.35934,65.19202,64.62971,67.74216,66.91039,68.44706,64.03124,67.72001,66.09841,68.96376,64.19502,67.77905,63.15853,67.23095,63.97656,67.23095,62.64982,61.7171,60.83584,59.5399,63.56099,62.76942,59.16925
8.24621,8.24621,7.61577,7.28011,7.61577,7.61577,6.7082,7.2111,7.2111,6.7082,7.2111,6.40312,6.40312,6.40312,6.40312,7.07107,7.07107,7.07107,7.07107,5.65685,6.40312,7.07107,7.07107,6.40312,5.65685,6.40312,6.40312,6.40312,6.40312,6.40312,5.83095,6.7082,5.83095,5.83095,6.32456,5.38516,6.32456,5.09902,5.09902,5.09902,5.09902,5.09902,5.0,5.0,5.0,4.12311,4.12311,4.12311,4.12311,4.12311,4.12311,4.47214,52.00961,48.04165,46.17359,48.25971,46.69047,47.07441,45.22168,42.44997,38.8973,41.62932,39.0,39.35734,40.70626,37.12142,38.94868,38.41875,39.20459,34.05877,37.80212,39.69887,40.60788,36.87818,34.65545,36.87818,36.79674,37.53665,39.69887,37.48333,35.38361,36.06938,36.12478,39.69887,35.51056,35.51056,34.48188,32.24903,33.28663,32.75668,34.9285,35.4683,31.7805,30.80584,30.08322,32.38827,28.63564,28.16026,30.14963,24.02082,26.07681,26.30589,21.2132,25.07987,19.64688,20.39608,19.92486,21.93171,21.09502,47.41308,50.11986,47.50789,54.40588,52.15362,54.08327,52.00961,54.03702,58.89822,55.60576,60.0,59.40539,64.2028,64.66065,67.47592,63.12686,66.21933,67.47592,64.66065,66.70832,65.94695,71.06335,68.88396,69.6563,70.21396,68.41053,69.2026,69.89278,65.21503,68.7968,66.37017,67.41662,67.1193,65.29931,67.1193,67.54258,67.1193,66.12866,66.76077,66.09841,68.30813,63.06346,68.41053,65.96969,65.51336,64.32729,66.91039,67.47592,64.77654,63.28507,62.39391,67.18631,63.3877,60.20797,61.13101,60.00833,58.0
7.07107,7.07107,7.07107,7.07107,6.08276,6.32456,6.32456,6.32456,6.32456,6.7082,6.7082,6.7082,5.83095,5.83095,5.83095,6.40312,6.40312,6.40312,6.40312,5.83095,5.83095,7.2111,5.83095,6.40312,5.83095,6.40312,5.83095,5.83095,5.83095,5.83095,5.38516,5.38516,5.38516,5.09902,5.09902,5.09902,5.09902,5.0,4.0,4.0,4.0,4.0,4.0,4.12311,3.16228,3.16228,3.16228,3.16228,3.16228,2.23607,2.23607,2.82843,50.9902,49.47727,45.89118,47.67599,45.04442,41.19466,41.01219,40.04997,39.0,38.11824,38.47077,38.83298,39.81206,33.52611,38.32754,37.33631,37.57659,37.16181,35.8469,38.27532,38.07887,37.16181,36.35932,34.0147,36.71512,38.01316,38.91015,37.21559,36.67424,38.47077,35.34119,39.81206,33.24154,33.61547,37.33631,32.28002,35.22783,33.54102,32.24903,33.37664,34.0147,33.13608,28.16026,27.01851,25.07987,24.33105,25.31798,25.29822,23.76973,24.73863,23.76973,21.54066,21.18962,18.60108,19.41649,19.10497,18.38478,50.9902,49.0408,49.20366,48.60041,53.41348,54.6443,53.82379,55.80323,60.46487,58.00862,60.20797,61.85467,65.45991,64.3506,66.37017,66.37017,66.37017,65.8635,65.73431,68.7968,66.03787,66.88797,68.8186,71.86793,68.26419,71.61006,68.8186,65.73431,67.20119,68.8186,68.24954,69.2026,65.19202,65.76473,68.62215,65.79514,63.78087,65.8559,62.80127,66.61081,65.21503,68.50547,64.07027,69.64194,65.51336,65.0,65.29931,65.30697,62.17717,64.4748,61.7414,62.96825,64.07808,60.92618,58.60034,57.00877,56.0803
8.06226,8.60233,7.81025,7.81025,7.81025,7.81025,7.07107,7.07107,7.07107,6.40312,7.07107,6.40312,6.40312,6.40312,6.7082,6.7082,6.7082,6.7082,6.7082,6.7082,6.7082,6.7082,6.7082,6.7082,7.2111,7.2111,7.2111,6.40312,6.40312,6.40312,6.40312,5.65685,5.65685,5.65685,6.40312,5.83095,5.83095,5.83095,4.47214,4.47214,5.09902,5.38516,4.12311,5.09902,4.12311,4.0,4.0,4.0,4.0,4.0,4.12311,4.12311,53.85165,49.20366,49.0408,45.60702,49.51767,44.59821,43.18565,42.42641,39.20459,39.69887,39.40812,40.22437,39.40812,38.27532,38.94868,39.56008,36.40055,36.40055,37.64306,35.34119,38.62642,36.40055,39.29377,36.68787,38.60052,37.0,37.94733,36.40055,38.60052,38.8973,38.60052,35.77709,37.69615,37.16181,36.35932,35.51056,36.05551,31.90611,35.4683,31.1127,32.55764,31.82766,30.41381,29.41088,26.40076,30.0,27.78489,24.59675,23.76973,24.35159,22.36068,22.13594,20.09975,20.22375,21.37756,19.0263,19.23538,49.81967,49.64877,50.80354,53.23533,54.23099,56.0357,59.07622,59.00847,62.03225,61.0082,64.0,64.00781,67.00746,67.02984,66.0,67.26812,69.18092,68.18358,69.02898,68.06614,70.25667,71.17584,68.02941,71.0,69.0,71.02816,69.0,70.00714,69.06519,70.11419,68.11755,68.35934,67.60178,65.49046,67.74216,69.87131,69.42622,67.44627,68.94926,71.16881,68.62215,69.07966,68.70953,69.64194,69.07966,67.1193,68.02941,68.02941,66.48308,65.29931,65.29931,65.76473,64.49806,63.63175,62.76942,65.0,59.16925
9.05539,9.05539,8.06226,8.06226,8.0,8.0,7.0,7.07107,7.07107,7.07107,7.07107,7.07107,7.28011,7.28011,7.28011,7.28011,7.28011,6.32456,7.28011,6.32456,7.28011,7.28011,6.32456,7.28011,7.28011,7.28011,7.28011,7.07107,7.07107,7.07107,6.0,6.0,6.0,6.0,6.0,5.0,6.08276,5.09902,5.38516,5.38516,5.38516,5.38516,4.47214,5.38516,4.47214,4.47214,4.47214,4.24264,4.24264,4.24264,4.24264,4.24264,52.7731,48.75449,49.24429,49.39636,45.54119,45.35416,39.84972,40.80441,39.05125,40.4475,37.05401,40.04997,39.05125,38.0,38.01316,37.05401,37.33631,38.11824,36.34556,36.22154,38.63936,36.87818,33.73426,34.71311,36.34556,35.69314,31.7805,36.13862,35.69314,35.35534,38.63936,36.12478,34.0147,38.0526,36.01389,33.06055,35.12834,32.06244,31.04835,31.06445,28.63564,30.59412,28.79236,31.01612,26.40076,26.40076,26.07681,26.07681,21.9545,23.43075,24.08319,22.80351,20.51828,19.84943,19.20937,18.38478,20.59126,49.67897,50.0,48.60041,51.10773,49.64877,54.3783,54.70832,56.0803,58.59181,55.47071,58.60034,62.6099,62.17717,61.7171,67.97794,61.68468,66.21178,62.24147,67.08204,64.07808,64.88451,68.54196,66.18912,65.74192,68.8767,67.08204,68.47627,68.60029,66.24198,66.03787,64.89992,66.57327,65.73431,65.21503,67.00746,68.41053,63.78087,62.36986,65.05382,68.0147,67.89698,65.19202,67.89698,68.0147,68.24954,65.80274,67.80118,65.21503,64.63745,61.61169,65.51336,64.66065,64.40497,60.53924,61.05735,57.98276,59.36329
8.544,7.61577,8.544,7.61577,7.61577,6.7082,7.2111,7.2111,7.2111,7.2111,7.2111,7.2111,7.07107,7.07107,7.07107,7.07107,7.07107,7.07107,7.07107,7.07107,7.07107,7.07107,7.07107,7.07107,7.07107,7.07107,7.07107,7.2111,7.2111,7.2111,7.2111,7.2111,6.7082,6.7082,5.38516,6.32456,5.38516,5.38516,5.09902,5.09902,5.09902,5.09902,5.09902,4.0,4.0,4.0,4.0,4.0,4.12311,4.12311,3.16228,3.16228,57.48913,49.81967,51.78803,47.29693,46.48656,44.59821,42.72002,44.28318,37.58989,40.81666,41.04875,40.0,40.80441,37.64306,38.01316,38.8973,41.23106,41.03657,38.94868,36.40055,38.94868,35.22783,39.20459,39.82462,37.01351,38.01316,36.40055,39.82462,41.03657,38.20995,37.48333,38.20995,36.06938,36.12478,34.65545,35.22783,36.79674,35.22783,34.66987,34.66987,30.46309,30.46309,27.85678,28.79236,29.83287,26.57066,25.17936,25.70992,23.76973,23.08679,23.19483,24.5153,22.02272,22.02272,21.2132,19.41649,18.78829,46.8188,49.39636,48.46648,55.9464,49.65884,54.56189,57.69749,56.35601,57.3062,56.4358,61.29437,60.74537,62.43397,66.28725,67.74216,62.96825,68.26419,64.3506,69.46222,64.14047,67.74216,70.23532,65.51336,69.33974,68.24222,69.46222,68.60029,69.35416,64.84597,69.77105,63.07139,67.23095,67.6757,68.00735,66.76077,65.73431,63.34824,67.91171,67.26812,68.06614,72.36712,64.12488,69.35416,65.06919,67.36468,70.00714,66.00758,65.06919,67.18631,64.03124,67.00746,65.12296,68.18358,57.21888,64.0,65.12296,57.55867
8.24621,7.28011,8.06226,7.07107,7.07107,7.07107,7.0,7.0,6.08276,7.07107,6.0,6.08276,6.08276,6.08276,6.08276,6.32456,6.32456,6.32456,5.38516,6.32456,6.32456,6.32456,6.32456,6.32456,6.32456,6.08276,6.08276,6.32456,6.08276,6.08276,5.09902,6.0,6.0,5.0,5.09902,5.09902,5.09902,5.09902,4.12311,4.12311,4.47214,4.47214,4.47214,3.60555,3.60555,3.60555,4.24264,3.60555,4.24264,3.60555,3.60555,3.16228,50.80354,49.24429,51.47815,43.18565,46.09772,41.04875,41.01219,41.10961,39.20459,39.20459,36.34556,34.78505,37.33631,35.73514,36.40055,34.20526,37.16181,34.98571,34.43835,35.34119,38.01316,31.30495,35.8469,35.8469,36.71512,37.21559,36.35932,35.35534,37.12142,34.43835,31.7805,35.4683,34.53983,34.0147,32.28002,34.78505,33.52611,32.75668,31.7805,28.28427,27.07397,29.06888,28.01785,25.17936,25.31798,24.73863,24.73863,26.92582,20.24846,21.93171,20.12461,21.63331,18.38478,17.49286,17.80449,19.84943,15.55635,48.27007,49.40648,50.60632,51.73973,53.8145,55.31727,52.40229,54.48853,57.28001,58.0,58.0,57.31492,63.65532,63.03174,62.96825,66.06815,68.68042,65.11528,65.76473,66.48308,66.48308,70.00714,67.17887,68.62215,67.17887,67.88225,67.89698,67.88225,68.593,67.94115,63.70243,66.6033,66.4003,64.63745,67.1193,65.45991,66.57327,65.8635,66.7308,67.1193,67.97794,66.64083,68.88396,67.23095,67.54258,64.84597,64.84597,67.05222,64.51356,65.80274,64.84597,63.56886,63.24555,59.90826,63.89053,59.43904,60.41523
8.0,7.0,7.0,7.07107,6.08276,7.07107,7.28011,6.32456,6.32456,6.32456,6.7082,6.7082,6.7082,6.7082,5.83095,7.2111,5.83095,6.40312,5.83095,5.83095,5.83095,6.40312,7.2111,6.40312,5.83095,6.40312,6.7082,5.83095,5.83095,6.7082,5.38516,5.38516,5.09902,5.09902,5.09902,5.09902,5.09902,4.0,4.0,4.0,4.0,4.0,4.12311,4.12311,3.16228,3.16228,3.16228,3.16228,3.16228,2.82843,2.23607,2.82843,52.55473,47.43416,47.80167,47.29693,43.73786,46.69047,40.60788,40.31129,35.22783,43.01163,41.0,37.12142,40.11234,37.65634,37.65634,37.0,37.64306,34.48188,35.73514,38.27532,40.31129,39.21734,34.9285,35.73514,36.05551,37.33631,35.4683,37.0,36.05551,38.8973,38.83298,34.9285,34.52535,35.69314,33.52611,33.13608,34.05877,31.01612,32.06244,32.06244,29.01724,29.15476,28.07134,28.28427,24.73863,25.70992,26.0,22.82542,21.93171,21.0238,22.47221,20.59126,18.60108,19.84943,18.38478,19.10497,19.84943,47.50789,49.20366,48.60041,51.0392,54.6443,53.53504,53.33854,58.30952,60.03332,57.98276,61.77378,61.40033,61.05735,64.49806,64.41273,62.17717,69.31811,65.29931,67.1193,66.24198,65.76473,68.09552,66.7308,71.34424,67.95587,69.89278,67.41662,71.84706,66.57327,66.85058,65.21503,68.60029,66.4003,68.68042,63.70243,67.20863,67.20863,66.70832,68.41053,66.06815,67.26812,66.21933,69.40461,67.42403,66.85058,72.71864,66.7308,65.0,66.88797,64.14047,64.88451,63.52952,66.64833,61.29437,63.52952,62.76942,59.05929
8.06226,7.2111,7.2111,7.81025,7.81025,7.07107,7.07107,7.07107,6.40312,6.40312,6.40312,6.40312,6.40312,5.83095,6.40312,6.7082,6.7082,5.83095,6.7082,5.83095,5.83095,6.7082,6.7082,6.7082,5.83095,7.2111,6.40312,6.40312,6.40312,6.40312,5.65685,5.65685,5.65685,5.65685,5.83095,5.83095,5.83095,4.47214,4.47214,4.47214,5.38516,5.09902,4.12311,4.12311,4.12311,4.0,4.0,4.0,4.0,4.0,4.12311,4.12311,52.20153,48.75449,48.30114,46.95743,44.29447,45.79301,42.43819,43.26662,37.20215,41.7732,37.48333,38.20995,36.79674,36.40055,36.87818,37.20215,36.05551,37.20215,37.73592,36.35932,38.94868,35.51056,36.71512,37.12142,35.51056,36.67424,38.27532,37.12142,35.51056,38.94868,36.23534,39.40812,35.0,35.0,35.4683,37.48333,33.97058,28.28427,33.30165,31.40064,30.23243,31.38471,27.78489,28.17801,25.63201,27.20294,26.57066,21.18962,24.5153,23.5372,20.09975,24.02082,18.02776,18.11077,22.09072,21.2132,19.92486,49.0102,51.0098,47.04253,55.14526,52.23983,55.7315,54.58938,55.57877,58.85576,55.57877,60.82763,61.81424,61.0,64.13267,67.46851,62.16912,69.05071,63.34824,68.88396,66.4906,66.28725,68.24954,64.49806,65.9242,68.06614,67.47592,64.13267,70.85901,63.63961,69.35416,62.28965,69.11584,68.0,67.00746,67.02984,67.02984,65.37584,69.18092,66.18912,67.89698,69.87131,67.08204,72.78049,66.28725,69.42622,64.7611,68.44706,69.64194,66.48308,64.56005,68.15424,66.76077,66.48308,58.24088,61.68468,62.29767,57.58472
8.60233,8.60233,7.81025,7.81025,7.07107,7.07107,7.07107,7.81025,7.07107,6.40312,6.40312,6.40312,6.40312,5.83095,6.7082,6.7082,6.7082,6.7082,6.7082,6.7082,6.7082,6.7082,6.7082,6.7082,6.7082,7.2111,7.2111,6.40312,6.40312,6.40312,5.65685,5.65685,5.65685,5.65685,5.83095,5.83095,5.83095,5.38516,5.38516,5.38516,5.09902,5.09902,4.12311,5.09902,4.12311,4.12311,4.0,4.0,4.0,4.12311,4.12311,4.12311,49.73932,49.73932,49.40648,48.25971,45.60702,42.0119,39.62323,41.03657,38.94868,42.52058,39.82462,43.26662,38.83298,34.66987,38.07887,36.35932,37.58989,37.12142,36.40055,37.16181,38.48376,34.9285,38.60052,35.73514,36.05551,35.44009,36.24914,35.73514,36.24914,39.81206,36.67424,38.48376,34.98571,33.54102,35.51056,33.28663,35.51056,33.01515,31.82766,35.4683,31.89044,31.14482,29.06888,26.62705,25.6125,28.01785,28.17801,22.82542,23.76973,22.47221,24.04163,23.08679,19.64688,20.09975,18.11077,19.23538,21.2132,47.09565,51.08816,49.0,51.0392,52.03845,55.08176,56.14268,55.03635,57.07889,58.30952,59.68249,61.66036,62.28965,64.62971,65.76473,63.50591,66.37017,64.77654,66.27217,65.49046,66.48308,68.26419,64.38167,63.78871,67.36468,66.37017,67.26812,69.00725,67.00746,68.00735,66.06815,68.00735,65.12296,64.19502,66.61081,65.76473,65.62012,68.06614,64.93843,69.2315,69.857,67.05222,69.57011,68.35203,67.35726,71.16881,67.35726,67.23095,67.62396,65.0,65.39113,67.41662,63.97656,62.64982,64.40497,62.16912,55.47071
7.61577,6.7082,6.7082,6.7082,6.32456,6.32456,6.08276,6.08276,6.08276,6.08276,6.0,6.0,6.0,6.0,6.0,6.0,6.08276,6.0,6.08276,6.08276,6.0,6.08276,6.08276,6.0,6.0,6.0,6.0,6.08276,6.08276,6.08276,5.09902,5.09902,5.09902,5.09902,4.47214,4.47214,4.47214,4.47214,3.60555,3.60555,3.60555,3.60555,3.60555,2.82843,2.82843,2.82843,2.82843,3.16228,3.16228,2.23607,2.23607,2.0,51.22499,49.51767,49.51767,45.96738,43.93177,44.04543,38.83298,39.40812,39.40812,38.58756,40.31129,39.39543,34.9285,34.53983,36.40055,39.56008,36.40055,38.32754,36.13862,34.71311,40.79216,35.35534,34.52535,35.69314,35.90265,33.73426,35.35534,36.49658,35.69314,35.51056,34.52535,35.90265,36.13862,37.36308,34.48188,34.53983,33.10589,32.20248,32.24903,30.01666,30.88689,30.23243,27.01851,27.01851,26.1725,25.45584,26.90725,22.80351,23.32381,20.80865,19.72308,17.88854,20.24846,18.24829,16.49242,17.26268,18.43909,47.80167,49.81967,50.63596,53.60037,49.36598,55.44367,55.22681,58.13777,58.07753,57.31492,61.13101,62.514,64.38167,64.07027,64.03124,63.00794,69.02898,62.03225,67.06713,68.00735,68.02941,68.00735,63.07139,67.18631,68.11755,68.88396,67.47592,68.46897,65.49046,68.593,62.96825,69.63476,64.93843,65.73431,69.857,65.80274,62.29767,67.62396,66.70832,67.54258,67.1193,65.39113,69.77105,66.18912,66.37017,69.83552,68.09552,67.74216,67.1193,60.53924,67.6757,64.40497,66.03787,58.82176,60.74537,60.80296,59.40539
9.05539,9.0,8.0,8.0,8.0,8.0,8.06226,8.06226,7.07107,7.07107,7.28011,7.28011,7.28011,7.28011,7.28011,7.61577,6.7082,6.7082,6.7082,6.7082,6.7082,6.32456,6.7082,6.7082,7.61577,7.61577,7.61577,7.28011,7.28011,6.32456,7.07107,6.08276,6.08276,6.0,6.0,6.0,6.0,6.08276,5.09902,5.09902,5.09902,5.09902,5.09902,4.12311,4.47214,4.47214,4.47214,4.47214,4.47214,3.60555,3.60555,4.24264,53.53504,49.39636,54.12947,48.37355,47.42362,46.23851,39.56008,43.65776,41.48494,42.72002,41.0,41.59327,39.31921,35.35534,38.20995,41.01219,37.05401,38.01316,37.0,38.01316,40.11234,36.12478,37.33631,35.01428,36.01389,36.05551,35.12834,36.01389,35.0,37.21559,35.12834,39.05125,34.05877,36.0,34.0,35.22783,34.20526,32.75668,32.89377,33.52611,32.28002,28.4605,27.78489,28.6531,28.6531,26.07681,27.20294,25.0,26.24881,21.26029,23.34524,22.67157,21.2132,18.02776,21.47091,18.60108,18.60108,48.8774,49.24429,49.64877,50.9902,51.88449,56.46238,54.08327,55.15433,59.13544,57.93962,60.40695,60.40695,63.32456,63.56886,66.7308,60.08328,67.05222,63.89053,66.12866,66.12866,65.19202,71.16881,67.77905,65.78754,65.9242,66.85058,68.15424,69.77822,63.15853,68.942,63.97656,69.35416,64.00781,66.7308,66.37017,68.26419,65.45991,68.60029,64.40497,68.11755,69.6563,62.96825,70.00714,67.88225,70.00714,68.88396,66.52819,68.62215,66.70832,60.1415,66.52819,64.53681,65.11528,57.62812,60.80296,63.25346,57.42822
7.28011,7.28011,6.32456,6.7082,6.7082,6.7082,5.83095,6.40312,5.83095,6.40312,5.0,5.65685,5.65685,5.65685,5.65685,5.65685,5.65685,5.0,6.40312,6.40312,6.40312,6.40312,5.65685,5.65685,5.65685,5.65685,5.65685,5.65685,5.65685,5.0,5.0,5.0,5.0,4.47214,4.47214,4.47214,4.12311,4.12311,4.12311,4.12311,4.0,4.0,3.0,3.0,3.0,3.16228,3.16228,3.16228,3.16228,3.16228,2.82843,2.82843,56.22277,49.36598,51.0392,44.01136,45.39824,43.56604,42.29657,41.59327,37.85499,38.83298,36.68787,35.1141,41.10961,35.34119,34.43835,36.71512,37.58989,37.44329,38.83298,33.61547,36.05551,35.22783,38.41875,36.05551,37.20215,38.27532,32.80244,36.89173,35.22783,37.20215,31.62278,37.44329,36.71512,38.01316,31.30495,35.1141,34.9285,30.08322,33.24154,33.52611,27.89265,25.31798,28.63564,29.15476,28.0,24.02082,21.0238,23.08679,21.84033,22.56103,24.04163,19.41649,22.47221,18.97367,18.38478,16.55295,19.41649,46.2277,49.81967,47.50789,50.93133,53.8145,57.31492,53.75872,57.38467,58.79626,57.28001,59.39697,62.2254,63.65532,65.05382,67.17887,61.7171,67.20863,63.65532,66.46804,66.52819,65.06919,72.13876,63.65532,68.593,70.76722,70.83784,69.42622,74.41102,65.29931,70.43437,64.81512,65.80274,64.07027,68.00735,66.88797,69.83552,64.40497,65.74192,68.44706,70.77429,71.69379,65.78754,68.35203,68.35203,69.28925,67.44627,68.00735,67.72001,68.65858,66.21933,64.32729,70.83078,68.88396,57.87055,65.11528,63.78871,60.82763
8.60233,8.60233,7.81025,7.81025,7.07107,7.07107,7.07107,7.07107,7.2111,6.40312,7.2111,7.2111,7.2111,6.7082,6.7082,6.7082,6.7082,6.7082,6.7082,6.7082,6.7082,6.7082,6.7082,6.7082,6.7082,6.7082,7.2111,6.7082,6.40312,6.40312,6.40312,6.40312,5.65685,5.65685,5.65685,5.65685,5.0,5.0,5.0,4.47214,4.47214,4.47214,4.12311,4.12311,4.12311,3.16228,3.16228,3.0,3.0,3.0,3.0,3.0,51.42956,49.65884,49.73932,47.01064,46.06517,46.14109,45.0,42.2019,37.80212,39.69887,38.20995,36.87818,41.7732,36.40055,38.28838,37.20215,38.27532,35.51056,37.73592,37.73592,39.96248,35.22783,38.94868,36.24914,34.1321,34.0,37.44329,35.8469,34.1321,37.44329,37.20215,37.64306,34.4093,31.40064,33.94113,32.52691,32.55764,29.73214,31.14482,30.80584,28.30194,29.15476,28.6531,27.78489,24.69818,26.40076,26.24881,22.80351,20.88061,23.34524,21.0238,19.23538,20.09975,18.0,18.02776,18.11077,20.61553,44.04543,46.17359,46.27094,50.24938,49.25444,53.46027,50.63596,53.93515,54.58938,57.55867,57.27128,61.61169,60.20797,60.87693,62.58594,64.03124,65.51336,64.03124,67.68309,62.36986,64.32729,64.32729,66.70832,67.91171,65.0,66.09841,66.70832,66.09841,62.80127,65.9242,63.3877,67.18631,66.18912,64.03124,65.03076,66.0,62.00806,68.02941,65.19202,65.27634,63.1981,67.26812,66.91039,67.89698,66.28725,61.84658,66.70832,65.51336,63.32456,62.0967,64.03124,60.87693,61.84658,59.13544,58.24088,60.74537,60.87693
7.61577,8.06226,7.2111,7.2111,7.2111,7.2111,6.40312,7.07107,6.40312,7.07107,7.07107,6.40312,6.40312,6.40312,6.40312,6.40312,7.2111,7.2111,6.40312,6.40312,6.40312,6.40312,7.2111,7.2111,6.40312,7.2111,6.40312,6.40312,6.40312,6.40312,6.40312,5.65685,5.0,5.0,5.83095,5.83095,5.38516,4.47214,4.47214,4.12311,4.12311,4.12311,3.16228,4.12311,4.12311,3.0,3.0,3.0,3.0,3.16228,3.16228,2.23607,53.15073,47.26521,49.0102,47.04253,45.01111,45.04442,42.42641,43.18565,37.65634,41.0,40.26164,39.05125,41.48494,38.62642,37.94733,36.23534,39.81206,35.34119,38.47077,36.24914,40.71855,35.77709,37.58989,36.23534,35.35534,35.8469,35.34119,35.8469,35.8469,36.35932,35.8469,38.62642,37.0,35.1141,36.68787,34.71311,33.37664,31.40064,31.06445,34.1321,30.01666,31.06445,30.14963,27.45906,26.92582,26.92582,25.96151,22.80351,25.29822,22.36068,19.72308,20.80865,20.51828,18.43909,18.60108,18.38478,19.10497,46.48656,47.42362,48.76474,52.39275,47.92703,56.35601,51.97115,54.3783,56.61272,56.30275,57.80138,61.58734,62.96825,65.51336,68.7968,61.40033,66.0303,64.63745,69.33974,66.06815,68.60029,71.06335,67.00746,67.6757,68.7968,71.28113,66.57327,69.06519,66.85058,68.7968,60.90156,68.96376,67.74216,68.0,68.42514,68.8767,64.4748,68.62215,66.12866,69.89278,71.51224,66.09841,69.28925,67.18631,68.41053,70.88018,68.68042,66.76077,65.14599,62.8172,64.32729,65.9242,67.46851,60.41523,63.78871,62.36986,60.20797
9.05539,8.06226,8.24621,8.24621,8.24621,7.28011,7.61577,7.61577,7.61577,7.61577,6.7082,6.7082,6.7082,6.7082,6.7082,7.2111,6.40312,7.2111,6.40312,6.40312,6.40312,6.40312,7.2111,7.2111,7.2111,7.2111,6.7082,6.7082,6.7082,6.7082,6.32456,6.32456,6.32456,6.08276,6.08276,6.08276,6.08276,5.0,5.0,5.0,5.0,5.09902,5.09902,5.09902,4.12311,4.12311,4.12311,4.47214,4.47214,3.60555,3.60555,3.60555,50.21952,47.12749,47.53946,43.65776,49.0408,45.18849,45.31004,42.94182,40.70626,39.82462,40.49691,40.60788,40.60788,36.12478,39.82462,38.8973,39.62323,37.48333,36.06938,38.20995,39.05125,38.20995,36.87818,35.4683,36.61967,35.4683,35.4683,37.01351,36.06938,39.62323,35.4683,38.8973,36.06938,33.97058,33.42155,32.44996,32.01562,33.28663,33.61547,31.06445,34.43835,30.8707,26.0,26.92582,26.4764,27.45906,27.45906,25.17936,22.02272,23.02173,21.0238,22.02272,20.22375,20.61553,19.92486,19.31321,17.46425,46.84015,46.32494,50.59644,49.39636,51.26402,52.0,52.0,55.15433,58.60034,58.69412,59.5063,62.64982,65.30697,63.95311,64.07808,60.41523,68.54196,65.79514,67.1193,68.942,68.02941,70.77429,68.15424,68.44706,68.02941,70.38466,67.41662,68.30813,67.06713,71.16881,66.7308,65.80274,68.41053,68.44706,68.44706,66.4906,68.88396,70.21396,68.35934,68.26419,66.27217,68.06614,71.06335,68.00735,67.00746,68.06614,71.11259,69.18092,70.06426,68.18358,66.06815,67.47592,64.38167,62.16912,62.80127,63.78871,56.4358
8.544,8.544,8.24621,8.24621,8.24621,7.28011,8.06226,8.06226,7.07107,7.07107,8.06226,8.0,7.0,7.0,7.0,7.07107,7.07107,7.07107,7.07107,7.07107,7.07107,7.07107,7.0,7.07107,7.07107,7.0,7.0,7.0,7.0,7.07107,6.0,6.08276,6.08276,6.08276,6.32456,5.38516,5.38516,5.38516,5.38516,4.47214,4.47214,4.47214,4.47214,3.60555,4.24264,3.60555,4.24264,3.60555,2.82843,2.82843,2.82843,2.23607,53.41348,48.82622,50.47772,47.50789,45.65085,43.04649,42.54409,43.08132,42.95346,41.78516,39.56008,43.9659,40.60788,41.7732,37.85499,40.4475,37.05401,39.11521,38.0526,38.11824,39.05125,40.0125,34.05877,39.05125,38.0,38.0526,38.0526,40.04997,38.0526,35.0,38.11824,39.45884,36.22154,36.12478,34.48188,33.52611,34.71311,35.17101,35.1141,33.10589,30.8707,30.01666,30.08322,28.17801,23.32381,26.87006,24.75884,24.83948,22.80351,22.02272,22.47221,20.61553,20.59126,20.24846,19.23538,15.81139,17.46425,48.33218,48.38388,48.08326,49.33559,49.33559,49.47727,53.60037,56.04463,55.54278,55.7853,58.69412,60.01666,60.20797,61.0,62.36986,64.93843,66.4906,65.11528,66.28725,67.46851,62.36986,68.88396,68.88396,67.68309,67.46851,68.00735,69.12308,67.72001,66.40783,64.84597,67.06713,65.45991,65.9242,67.1193,67.53518,67.54258,66.24198,66.7308,65.73431,64.3506,65.19202,66.61081,67.00746,68.41053,63.41136,71.21798,66.6033,63.70243,65.79514,63.65532,61.55485,65.06919,63.65532,60.81118,60.81118,59.4138,61.7171
9.21954,8.06226,8.06226,8.06226,8.0,8.0,8.0,8.0,8.0,7.07107,7.07107,7.07107,7.07107,7.07107,6.08276,7.28011,7.28011,7.28011,7.28011,7.28011,6.08276,6.08276,6.32456,6.32456,6.08276,7.07107,7.07107,7.07107,6.0,6.0,6.0,6.0,6.0,6.08276,6.08276,5.09902,5.09902,5.38516,5.38516,5.38516,4.47214,4.47214,4.47214,4.47214,4.47214,3.60555,4.24264,4.24264,4.24264,4.24264,4.24264,3.60555,53.85165,45.35416,51.97115,52.34501,49.64877,45.70558,44.10215,44.10215,41.04875,41.01219,44.18144,40.31129,38.83298,38.32754,41.30375,39.29377,37.65634,37.65634,38.60052,39.29377,42.05948,40.80441,37.0,37.64306,38.60052,34.78505,37.94733,37.94733,37.10795,37.10795,35.44009,37.65634,36.13862,34.52535,34.23449,34.05877,32.14032,34.0,32.0,32.06244,31.0,30.59412,28.79236,24.35159,27.51363,25.63201,24.69818,25.05993,21.09502,26.41969,22.47221,22.2036,19.84943,19.10497,20.51828,18.38478,16.27882,44.82187,46.09772,47.50789,50.93133,50.20956,54.45181,52.40229,56.63921,59.4138,56.72742,59.5483,62.2254,59.66574,61.84658,63.25346,61.84658,67.00746,67.20119,67.62396,66.06815,64.44377,70.43437,65.94695,69.81404,69.02898,70.17834,68.24954,68.62215,65.79514,66.48308,63.63961,67.89698,67.26812,67.00746,68.41053,65.43699,67.20119,70.80254,69.64194,67.95587,68.09552,67.60178,72.06941,68.47627,66.64083,73.40981,68.942,66.85058,70.00714,66.30988,62.64982,64.07808,66.30988,62.62587,60.40695,62.29767,61.03278
8.0,8.0,8.06226,8.06226,7.07107,7.07107,7.28011,7.28011,7.28011,7.28011,6.32456,6.32456,6.7082,6.7082,6.7082,6.7082,6.7082,6.7082,5.83095,5.83095,6.7082,5.83095,6.7082,5.83095,5.83095,5.83095,5.38516,6.32456,6.32456,6.08276,5.38516,6.08276,6.08276,5.09902,5.0,5.0,5.09902,5.0,5.09902,4.12311,4.12311,4.12311,4.12311,3.60555,3.60555,3.60555,3.60555,3.60555,3.60555,3.60555,3.60555,3.60555,53.15073,52.03845,51.0,48.01042,46.09772,42.29657,43.28972,43.56604,43.56604,41.7732,39.05125,42.37924,43.08132,37.64306,38.62642,36.67424,39.35734,39.96248,36.24914,35.8469,35.8469,38.94868,39.11521,37.20215,36.05551,38.58756,34.1321,37.12142,38.91015,33.61547,31.76476,35.34119,38.07887,33.61547,34.17601,33.83785,34.78505,33.95585,32.75668,29.27456,29.15476,29.01724,30.06659,27.01851,27.07397,21.2132,23.08679,26.30589,21.18962,22.13594,18.38478,16.55295,18.35756,19.23538,18.60108,19.41649,16.27882,47.16991,49.40648,47.80167,51.22499,55.31727,53.90733,54.56189,57.31492,56.63921,58.89822,60.87693,61.52235,65.94695,64.38167,64.3506,65.76473,65.06919,67.20863,67.20863,68.593,64.44377,69.35416,69.31089,67.94115,66.48308,70.00714,69.35416,70.29225,68.88396,70.21396,65.80274,68.24222,67.1193,66.28725,66.7308,69.46222,67.08204,68.42514,69.46222,71.69379,69.46222,71.86793,68.62215,73.05477,65.80274,68.41053,68.00735,65.96969,67.91171,67.44627,64.28841,66.94027,63.06346,61.52235,63.63961,61.40033,64.62971
9.21954,8.48528,8.48528,7.81025,7.81025,7.81025,7.2111,7.2111,7.2111,7.2111,7.2111,7.61577,6.7082,7.61577,6.7082,7.61577,7.61577,7.61577,7.61577,7.28011,6.32456,7.28011,6.7082,7.61577,6.32456,6.7082,6.7082,6.7082,6.7082,6.7082,5.83095,6.40312,6.40312,5.0,5.65685,5.65685,5.0,5.0,5.0,3.60555,4.47214,4.47214,3.60555,3.16228,3.16228,3.16228,3.16228,3.16228,3.0,3.0,3.0,2.0,51.89412,51.47815,47.88528,46.14109,46.32494,45.80393,45.80393,41.40048,44.82187,42.0119,41.03657,43.86342,40.36087,37.64306,41.10961,40.45986,39.40812,38.27532,39.35734,39.66106,40.49691,39.11521,36.71512,34.66987,35.77709,39.11521,37.21559,38.47077,38.27532,37.21559,36.61967,35.60899,34.20526,35.0,39.62323,31.89044,32.55764,33.24154,32.52691,31.40064,30.0,28.30194,28.6531,27.78489,21.54066,25.0,24.69818,23.08679,21.2132,22.56103,23.34524,23.02173,17.11724,19.0263,19.23538,17.11724,15.52417,48.83646,48.83646,49.64877,49.47727,53.85165,53.36666,51.66237,56.75385,61.98387,60.87693,59.13544,60.72891,65.19202,64.2573,64.51356,66.7308,65.78754,66.48308,61.98387,68.94926,66.48308,66.76077,68.62215,67.35726,69.57011,67.44627,66.48308,65.73431,69.857,66.28725,67.68309,67.08204,64.62971,65.49046,66.0303,66.18912,67.00746,70.0,66.0303,68.06614,66.06815,70.25667,67.26812,70.5762,65.62012,67.26812,69.87131,67.46851,65.73431,68.44706,63.78871,65.25335,63.32456,66.09841,64.28841,59.46427,59.61543
8.48528,7.81025,7.81025,7.81025,7.2111,7.2111,8.06226,7.2111,6.7082,6.7082,6.7082,6.7082,6.32456,6.32456,6.32456,6.32456,6.32456,6.32456,6.08276,6.08276,6.32456,6.08276,6.32456,6.32456,6.32456,6.32456,6.32456,5.38516,5.38516,6.7082,5.83095,5.83095,5.83095,5.0,5.0,5.65685,5.0,5.0,5.0,4.47214,4.47214,4.47214,4.47214,4.47214,4.47214,4.12311,4.12311,3.16228,3.16228,4.0,4.0,4.0,48.60041,48.41487,51.31277,47.50789,47.16991,43.41659,42.54409,45.69464,38.27532,38.8973,38.8973,37.94733,38.83298,36.40055,36.40055,36.67424,37.65634,35.22783,35.0,35.0571,38.11824,34.52535,36.0,35.01428,34.05877,35.01428,35.0571,36.12478,39.45884,33.24154,35.17101,35.69314,32.06244,32.24903,31.7805,32.01562,30.36445,28.86174,31.7805,29.54657,26.92582,26.62705,28.6007,24.41311,25.6125,25.45584,23.43075,24.08319,21.26029,20.80865,20.59126,21.47091,20.0,16.55295,18.24829,18.97367,17.0,48.10405,46.8188,46.48656,51.5461,51.24451,52.39275,55.02727,56.04463,55.54278,57.70615,60.01666,60.67125,62.80127,64.32729,62.80127,62.80127,64.93843,62.96825,68.24954,64.7611,67.26812,65.51336,67.08204,67.08204,65.11528,67.08204,67.46851,65.52099,66.48308,68.62215,64.84597,65.45991,66.70832,63.97656,65.74192,64.88451,64.88451,66.18912,64.88451,65.0,64.40497,66.4003,71.40028,66.4003,65.60488,69.42622,65.29931,64.38167,64.3506,65.06919,63.65532,63.65532,62.93648,60.87693,62.93648,60.87693,56.63921
8.06226,7.61577,7.61577,7.61577,7.28011,6.32456,7.28011,7.28011,7.28011,6.08276,6.08276,7.07107,6.08276,6.0,6.08276,6.0,6.0,6.0,6.0,6.0,6.0,6.0,6.0,6.0,6.0,6.0,6.08276,6.08276,5.09902,6.08276,5.09902,5.38516,5.38516,5.38516,5.0,5.0,5.0,5.0,4.24264,4.24264,4.24264,3.60555,3.60555,3.60555,3.60555,3.60555,3.60555,3.16228,3.16228,3.16228,3.0,3.0,54.3783,51.31277,53.23533,47.50789,48.33218,45.18849,42.72002,44.94441,41.76123,40.5216,40.5216,38.07887,38.07887,36.87818,38.63936,36.67424,40.60788,38.0526,38.0,35.01428,38.0526,38.01316,36.05551,38.01316,37.01351,37.05401,35.01428,36.01389,34.1321,35.0,33.06055,33.37664,34.0147,35.22783,32.55764,33.73426,29.61419,31.04835,28.86174,32.69557,29.06888,25.94224,26.07681,25.05993,28.84441,25.80698,25.4951,23.60085,20.61553,21.26029,21.9545,19.23538,17.20465,18.35756,17.0,20.24846,18.11077,48.75449,50.53712,48.10405,54.78138,51.26402,54.70832,53.60037,56.04463,56.32051,56.75385,60.87693,60.87693,62.0967,64.03124,64.28841,63.15061,67.46851,66.70832,65.0,65.73431,69.857,68.68042,66.70832,67.72001,68.68042,70.88018,68.00735,72.12489,66.48308,70.5762,65.55151,67.23095,65.79514,67.97794,68.88396,68.96376,64.49806,65.73431,66.85058,68.00735,72.00694,65.19202,70.17834,69.52697,69.52697,65.79514,66.52819,67.20863,68.593,62.96825,61.55485,65.8559,65.76473,58.79626,60.44005,62.20129,60.80296
9.05539,8.06226,8.06226,8.0,8.0,8.0,8.0,8.06226,8.06226,8.06226,8.06226,8.06226,7.07107,7.28011,7.28011,7.28011,7.28011,7.28011,7.28011,7.28011,7.28011,7.28011,7.07107,7.28011,7.28011,7.07107,7.07107,7.07107,7.07107,7.0,6.0,6.0,6.0,6.0,6.08276,5.09902,5.09902,5.09902,5.09902,4.12311,4.47214,4.47214,4.47214,4.47214,3.60555,3.60555,3.60555,3.60555,2.82843,2.82843,2.82843,2.23607,52.88667,51.24451,50.35871,51.62364,47.16991,42.10701,48.01042,43.10452,44.01136,44.01136,42.10701,43.04649,39.45884,41.59327,37.85499,39.81206,37.10795,36.68787,39.56008,41.23106,35.73514,40.02499,35.4683,36.40055,36.76955,35.8469,39.56008,37.69615,36.05551,35.17101,35.73514,35.90265,36.68787,34.20526,36.49658,34.23449,33.37664,34.05877,32.01562,30.14963,29.06888,28.16026,29.42788,24.18677,21.58703,26.92582,22.36068,25.05993,21.9545,23.32381,20.24846,18.60108,17.02939,19.79899,17.80449,18.43909,17.02939,46.75468,44.20407,48.41487,51.86521,51.86521,52.43091,52.47857,55.22681,54.20332,57.45433,58.18075,56.60389,59.90826,62.43397,60.41523,66.24198,63.52952,65.29931,63.81222,67.60178,65.8635,64.66065,67.23095,68.7968,64.89992,66.0303,64.63745,63.60031,67.20119,64.40497,62.482,64.53681,66.70832,63.78087,67.88225,62.96825,68.11755,64.53681,65.21503,66.28725,62.68174,67.6757,66.57327,69.06519,64.66065,63.95311,63.52952,66.18912,65.74192,67.08204,63.15853,65.39113,62.24147,62.39391,63.69458,59.80803,62.64184
8.0,8.0,8.0,8.0,7.07107,8.06226,7.07107,7.07107,7.07107,7.07107,7.28011,7.28011,6.32456,7.28011,6.32456,6.7082,6.7082,6.7082,6.7082,6.32456,6.32456,6.32456,6.7082,6.7082,6.7082,6.32456,6.32456,6.32456,6.32456,6.08276,6.08276,5.0,5.0,5.0,5.0,5.0,5.0,4.0,4.12311,4.12311,3.16228,4.12311,3.16228,3.16228,3.60555,2.82843,2.23607,2.82843,2.82843,2.82843,2.82843,2.23607,53.33854,48.76474,47.92703,46.23851,48.70318,45.22168,42.37924,45.60702,40.02499,38.32754,41.97618,42.44997,40.4475,37.05401,40.0125,38.01316,36.01389,35.12834,39.05125,36.05551,42.19005,36.34556,37.33631,37.05401,37.05401,35.01428,35.35534,33.95585,34.23449,37.21559,37.05401,38.0,32.01562,34.0147,33.06055,34.36568,32.55764,30.08322,30.08322,30.67572,28.63564,27.51363,23.32381,24.59675,27.45906,25.23886,22.2036,21.40093,24.04163,21.26029,17.80449,17.0,18.35756,17.88854,17.49286,18.97367,15.81139,47.16991,49.1935,46.52956,51.07837,51.88449,56.46238,53.48832,54.78138,60.40695,56.64804,61.35145,60.16644,64.07808,65.0,65.78754,60.72891,69.57011,64.84597,67.77905,66.7308,67.35726,70.83784,65.19202,68.70953,68.44706,66.85058,67.54258,69.46222,66.21178,66.64833,64.41273,71.58911,64.88451,66.64833,67.60178,67.6757,66.61081,68.68042,65.29931,67.20863,67.94115,65.76473,71.44928,65.05382,67.20863,70.72482,65.79514,66.70832,64.3506,65.8559,63.00794,60.74537,61.61169,61.29437,61.58734,61.85467,57.14018
8.60233,8.60233,7.81025,7.81025,7.81025,7.81025,7.81025,7.81025,7.81025,7.2111,7.81025,7.2111,7.2111,7.2111,7.2111,6.7082,6.7082,7.2111,6.7082,6.7082,6.7082,6.7082,6.7082,6.7082,7.2111,7.2111,6.40312,6.40312,6.40312,6.40312,5.65685,5.65685,5.65685,5.0,5.0,5.0,5.0,4.47214,4.47214,4.47214,4.47214,4.47214,3.16228,3.16228,3.16228,3.16228,3.0,3.0,3.0,3.0,2.23607,2.23607,52.20153,52.20153,51.42956,48.8467,48.30114,42.54409,46.32494,44.41846,42.19005,41.6173,43.01163,40.60788,41.6173,38.20995,41.72529,38.41875,38.94868,36.23534,34.05877,38.41875,37.53665,39.05125,36.61967,36.87818,36.87818,34.05877,38.20995,37.44329,36.12478,36.40055,34.82815,36.87818,33.30165,32.55764,32.20248,32.01562,27.29469,30.88689,28.23119,27.73085,28.23119,26.57066,25.63201,24.35159,23.76973,23.5372,25.4951,21.0,21.0238,21.37756,19.0,19.64688,18.43909,20.24846,17.08801,19.69772,15.65248,46.27094,47.38143,50.80354,49.24429,52.39275,53.85165,52.81098,55.65968,56.921,56.921,57.87055,60.44005,62.0967,62.36185,61.03278,63.32456,63.90618,65.45991,64.51356,63.90618,62.62587,64.62198,67.6757,67.72001,64.28841,66.94027,65.25335,62.8172,62.58594,66.28725,65.76473,65.30697,66.75328,65.9242,64.62971,66.48308,67.06713,69.00725,66.00758,66.18912,66.0303,71.11259,66.1211,67.36468,66.1211,64.12488,64.28063,64.49806,61.66036,65.9242,61.84658,61.18823,60.63827,59.22837,61.68468,58.5235,57.97413
7.28011,7.61577,7.61577,7.61577,6.7082,6.7082,6.7082,6.40312,5.83095,6.40312,6.40312,6.40312,6.40312,6.40312,5.65685,5.65685,5.65685,5.65685,6.40312,5.65685,5.65685,5.65685,5.65685,5.65685,5.65685,5.65685,5.65685,5.65685,5.65685,5.0,5.0,5.0,5.38516,4.47214,4.47214,4.12311,4.12311,4.12311,4.12311,4.0,4.0,4.0,3.0,3.16228,3.16228,3.16228,3.16228,3.16228,3.16228,2.82843,2.82843,2.82843,53.46027,51.62364,50.80354,45.70558,49.72927,41.48494,45.88028,46.48656,44.94441,43.909,40.24922,42.05948,38.27532,36.35932,42.43819,39.40812,42.0119,37.64306,38.28838,37.53665,36.79674,37.48333,37.48333,37.48333,38.20995,38.18377,36.76955,36.76955,36.06938,38.28838,33.97058,35.60899,37.64306,35.0,33.28663,33.12099,31.38471,31.30495,31.30495,30.88689,30.46309,27.20294,29.41088,27.20294,25.07987,24.02082,21.0,25.01999,20.22375,19.23538,17.11724,16.27882,19.23538,16.76305,20.12461,18.38478,17.20465,50.21952,48.41487,52.20153,51.85557,53.90733,55.86591,54.48853,56.58622,56.58622,58.69412,62.93648,58.69412,62.96825,65.94695,64.38167,66.48308,67.88225,66.46804,67.26812,67.26812,70.0928,68.24954,68.0147,69.02898,70.60453,68.8186,66.61081,68.00735,69.06519,70.17834,67.1193,69.46222,70.23532,67.97794,72.09022,64.07808,67.77905,70.2282,68.96376,69.92138,68.15424,70.83078,70.0928,73.75636,68.44706,70.03571,66.75328,67.36468,68.35934,68.46897,68.02941,65.03076,61.07373,63.00794,62.03225,61.0082,60.00833
8.544,8.24621,8.24621,8.24621,8.06226,7.07107,8.06226,8.0,8.0,8.0,8.0,8.0,7.07107,7.07107,7.07107,7.07107,7.07107,7.07107,7.07107,7.28011,7.28011,7.28011,7.07107,7.28011,7.07107,7.07107,7.07107,7.07107,6.08276,7.0,6.0,6.0,6.0,6.0,5.09902,6.08276,5.38516,5.09902,4.12311,4.12311,4.47214,4.47214,4.47214,3.60555,3.60555,3.60555,3.60555,2.82843,2.82843,2.82843,2.82843,2.82843,55.75841,52.7731,53.7122,45.61798,46.51881,44.94441,44.64303,45.60702,43.41659,43.41659,40.79216,40.4475,41.30375,40.11234,38.11824,41.04875,42.10701,42.0119,43.0,38.20995,40.31129,37.05401,37.65634,38.32754,36.34556,37.21559,37.21559,38.32754,39.20459,38.01316,38.01316,39.05125,33.06055,37.05401,32.01562,33.06055,33.06055,32.14032,33.37664,29.83287,28.16026,30.46309,29.15476,26.92582,25.4951,24.18677,23.60085,22.36068,23.60085,21.93171,19.84943,19.20937,18.38478,18.38478,17.69181,17.20465,18.97367,47.51842,50.15974,49.25444,50.01,53.08484,55.0,54.00926,56.14268,55.03635,57.0,57.00877,61.0082,64.0,61.03278,66.06815,62.03225,65.03076,64.0,65.37584,64.07027,66.37017,68.06614,65.37584,66.27217,67.47592,67.47592,65.76473,69.2315,66.70832,69.63476,63.06346,66.48308,70.5195,67.35726,68.00735,66.48308,69.31811,70.21396,65.76473,68.60029,68.60029,67.6757,67.6757,68.41053,67.80118,68.88396,68.8186,63.78087,70.0928,65.11528,65.76473,65.76473,65.05382,61.52235,60.959,59.46427,59.5483
8.94427,8.60233,8.60233,8.60233,7.81025,7.81025,7.81025,7.81025,7.07107,7.07107,7.81025,7.81025,7.2111,6.40312,6.40312,7.2111,7.2111,7.2111,7.2111,7.2111,7.2111,7.2111,7.2111,7.2111,6.40312,6.40312,6.40312,6.40312,6.40312,7.07107,6.40312,5.65685,6.40312,5.83095,5.83095,5.83095,5.83095,5.38516,5.38516,5.09902,5.09902,5.09902,4.12311,4.0,4.0,4.0,4.0,4.0,4.12311,4.12311,4.12311,3.16228,52.80152,47.92703,50.11986,48.02083,48.37355,50.0,44.82187,42.80187,43.93177,43.18565,42.44997,44.55334,43.84062,39.05125,40.45986,39.66106,41.88078,39.96248,41.04875,40.22437,40.22437,38.07887,40.31129,36.71512,38.07887,38.07887,39.44617,38.47077,36.71512,36.61967,37.44329,38.41875,32.55764,35.60899,37.48333,32.52691,31.14482,29.69848,32.64966,31.89044,32.20248,28.6531,28.63564,25.4951,25.63201,25.63201,24.18677,21.37756,23.34524,21.0238,20.0,20.0,23.34524,19.10497,19.23538,18.43909,18.38478,48.50773,50.21952,48.76474,52.88667,54.12024,52.88667,55.65968,56.921,60.74537,55.65968,59.13544,59.46427,62.29767,62.93648,64.51356,63.32456,67.06713,63.56886,64.28841,65.80274,67.18631,68.30813,66.76077,72.03471,67.72001,67.18631,68.88396,71.80529,65.73431,68.44706,68.06614,67.74216,68.35934,68.26419,66.06815,72.11103,66.00758,70.02857,68.06614,66.27217,71.17584,68.88396,70.71068,68.06614,70.40597,67.68309,67.68309,66.4906,66.70832,67.18631,64.03124,68.00735,64.7611,61.68468,64.84597,63.90618,57.58472
7.28011,7.28011,7.07107,7.28011,7.07107,7.07107,7.07107,7.0,7.0,7.0,6.0,6.08276,6.08276,6.08276,6.08276,6.08276,6.08276,6.08276,6.08276,6.08276,6.08276,6.08276,6.08276,6.08276,6.08276,6.08276,6.0,6.0,6.0,5.0,5.0,5.09902,5.09902,5.09902,5.38516,4.47214,4.47214,4.47214,4.47214,3.60555,3.60555,4.24264,3.60555,3.60555,3.60555,3.60555,3.60555,3.60555,3.60555,3.16228,3.16228,3.16228,54.58938,49.1935,47.53946,47.16991,46.09772,45.31004,42.72002,43.9659,42.44997,40.79216,41.30375,39.20459,38.20995,38.11824,37.01351,38.0,39.01282,39.05125,38.11824,37.01351,39.01282,35.0571,37.21559,34.23449,38.11824,34.1321,38.11824,38.01316,38.11824,35.0571,34.05877,36.12478,36.05551,35.12834,32.75668,34.71311,32.24903,31.04835,29.41088,29.15476,29.15476,30.01666,27.29469,27.20294,25.80698,21.93171,24.08319,23.43075,19.41649,19.84943,20.0,18.35756,17.0,17.88854,17.72005,20.22375,20.22375,47.88528,49.76947,48.75449,52.0,51.62364,54.42426,54.70832,55.36244,54.42426,57.87055,59.48109,57.56735,59.77458,62.64184,61.98387,61.40033,66.40783,65.45991,65.19202,65.19202,62.03225,65.55151,65.9242,63.56886,66.85058,68.15424,67.77905,65.39113,65.74192,68.8767,64.40497,68.47627,66.57327,66.85058,66.61081,68.60029,64.40497,65.60488,68.24954,68.24954,69.81404,65.94695,69.29646,70.03571,65.79514,65.8559,64.44377,66.8431,64.2028,65.43699,64.53681,63.25346,62.00806,60.0,62.20129,58.82176,58.00862
8.60233,8.60233,8.06226,8.60233,8.06226,8.06226,8.06226,7.61577,7.61577,7.28011,7.61577,8.24621,7.28011,7.28011,7.28011,7.28011,8.24621,7.28011,7.07107,7.07107,7.07107,7.07107,7.28011,7.07107,7.07107,7.28011,7.28011,6.32456,6.32456,6.32456,6.32456,5.83095,5.83095,5.83095,5.83095,5.83095,5.0,5.0,4.24264,4.24264,4.24264,4.24264,4.24264,3.60555,3.60555,3.60555,3.60555,3.16228,3.16228,3.16228,3.16228,3.0,52.43091,50.60632,47.80167,48.82622,51.73973,45.0,43.13931,46.09772,41.86884,41.72529,45.60702,42.2019,46.04346,40.22437,37.58989,44.28318,41.62932,42.15448,41.23106,40.71855,41.62932,39.56008,37.33631,41.48494,36.68787,37.33631,40.8534,37.57659,37.69615,41.23106,38.01316,38.94868,35.77709,35.8469,36.05551,32.01562,34.66987,32.80244,30.61046,32.64966,28.28427,29.41088,26.92582,28.01785,24.69818,26.07681,24.16609,23.70654,22.47221,22.80351,21.58703,22.13594,16.49242,19.0,19.41649,15.0,17.72005,48.70318,49.98,52.55473,52.92447,53.48832,52.0,56.46238,57.38467,57.77543,55.71355,60.83584,60.92618,61.46544,62.76942,62.76942,65.30697,64.07808,64.07808,62.96825,66.12866,66.40783,67.6757,69.89278,70.2282,67.35726,69.92138,67.18631,68.15424,65.73431,69.12308,67.26812,63.78871,65.49046,71.25307,67.06713,70.17834,68.0,68.11755,69.02898,69.46222,69.46222,66.37017,69.58448,72.18033,66.48308,63.78871,65.96969,68.15424,68.68042,67.05222,65.78754,65.45991,61.68468,60.40695,62.76942,58.18935,57.24509
9.21954,8.60233,9.43398,9.43398,8.94427,8.06226,8.06226,8.544,8.94427,8.544,8.544,8.24621,8.24621,8.24621,8.24621,8.24621,8.24621,8.24621,8.24621,8.24621,8.24621,7.28011,7.28011,7.28011,7.28011,7.28011,7.28011,7.61577,7.61577,6.7082,6.7082,6.7082,6.7082,6.40312,5.83095,5.83095,5.65685,5.65685,5.65685,5.65685,5.0,5.0,5.0,4.47214,4.47214,3.60555,4.47214,4.47214,4.12311,4.12311,3.16228,3.16228,56.30275,52.15362,50.47772,49.67897,48.16638,47.38143,45.27693,48.10405,45.45327,41.40048,42.0119,42.72002,46.64762,40.60788,42.05948,42.54409,43.56604,40.70626,40.24922,39.82462,40.31129,41.23106,38.91015,40.24922,40.31129,43.38202,38.62642,40.31129,39.82462,37.16181,39.81206,35.34119,36.05551,37.21559,32.75668,36.40055,35.38361,35.4683,33.30165,29.83287,27.58623,27.65863,30.01666,27.45906,25.94224,22.82542,22.84732,24.59675,22.13594,21.58703,19.41649,19.92486,21.2132,20.22375,20.02498,18.02776,13.0,54.40588,48.08326,53.45091,49.0408,54.12947,55.07268,57.77543,59.13544,58.82176,56.36488,63.69458,64.62198,63.15853,64.4748,60.53924,64.40497,70.83784,61.32699,69.37579,74.84651,71.86793,68.44706,63.69458,73.97973,69.57011,67.72001,72.12489,68.44706,62.8172,65.51336,66.09841,69.72087,64.28063,67.0,70.25667,67.06713,70.00714,72.1734,69.26038,70.34913,75.66373,69.87131,72.36712,72.33948,67.26812,67.44627,65.80274,67.6757,63.89053,63.60031,62.93648,67.6757,62.96825,58.60034,61.46544,61.32699,58.18075
8.06226,8.06226,8.0,8.0,8.0,7.07107,7.07107,7.07107,7.07107,7.07107,7.28011,7.28011,7.28011,7.28011,6.32456,7.61577,6.7082,6.7082,6.7082,6.7082,6.32456,6.7082,6.7082,6.7082,6.7082,6.7082,6.32456,6.32456,6.32456,6.32456,5.09902,5.09902,5.0,5.0,5.0,5.0,5.0,4.12311,4.12311,4.12311,4.12311,3.16228,3.16228,3.16228,3.16228,3.16228,2.23607,2.82843,2.82843,2.82843,2.23607,2.23607,54.626,49.76947,48.10405,49.33559,43.93177,46.87217,41.4367,46.87217,39.62323,43.04649,44.10215,41.04875,40.1995,40.31129,40.1995,40.31129,41.59327,38.83298,39.29377,40.26164,39.29377,41.0,36.68787,38.07887,33.73426,38.32754,38.60052,38.60052,37.64306,37.94733,35.90265,36.49658,35.51056,34.1321,33.06055,33.0,32.0,34.05877,32.01562,31.40064,31.32092,25.96151,27.20294,25.29822,24.35159,23.4094,22.36068,20.80865,19.72308,22.47221,19.20937,17.02939,17.69181,18.43909,15.0,19.72308,15.81139,51.62364,50.28916,51.66237,53.16014,53.60037,56.75385,57.07013,59.43904,58.94065,57.72348,59.22837,61.61169,62.8172,62.36986,64.93843,60.41523,67.18631,63.78871,67.72001,65.80274,66.76077,68.68042,68.00735,68.00735,66.76077,67.06713,67.41662,70.26379,69.07966,67.54258,64.88451,70.71068,69.77105,69.97142,68.7968,65.21503,66.4003,68.24954,66.70832,68.11755,68.62215,67.20863,70.72482,65.79514,64.66065,68.41053,68.24954,64.03124,64.81512,62.42596,65.21503,63.51378,64.3506,58.24946,60.20797,58.66856,59.5399
9.48683,9.21954,9.21954,9.05539,9.05539,8.06226,8.0,8.0,8.0,8.0,8.0,8.0,8.06226,8.06226,7.07107,8.06226,8.06226,8.06226,7.07107,7.07107,7.07107,7.07107,7.07107,7.07107,7.07107,7.07107,7.0,7.0,7.0,7.07107,6.08276,6.08276,6.08276,6.08276,6.08276,5.38516,5.38516,5.38516,4.47214,4.47214,4.47214,3.60555,4.47214,4.24264,3.60555,3.60555,2.82843,2.82843,2.82843,2.82843,3.16228,2.23607,55.4617,52.80152,53.14132,48.33218,48.08326,48.70318,43.68066,46.87217,43.41659,42.29657,44.40721,42.42641,42.10701,41.01219,41.04875,44.18144,41.04875,42.42641,41.30375,38.11824,42.42641,37.12142,42.57934,41.4367,37.65634,39.20459,36.49658,39.45884,39.31921,37.05401,38.01316,40.0,35.01428,38.0,35.0571,35.51056,35.12834,31.257,31.40064,31.04835,27.85678,26.40076,24.16609,30.8707,26.40076,23.60085,25.4951,21.40093,23.34524,19.79899,18.60108,19.72308,16.64332,18.02776,20.80865,17.49286,14.56022,48.70318,51.5461,50.59644,55.7853,53.15073,54.81788,53.93515,56.29387,59.03389,56.29387,61.66036,61.39218,63.34824,63.78871,65.51336,63.95311,67.89698,62.58594,68.15424,66.70832,66.94027,70.34202,64.03124,66.21933,66.48308,68.94926,69.89278,68.00735,63.56886,66.85058,66.30988,70.68239,68.0,66.64083,70.71068,69.11584,64.89992,67.95587,69.40461,69.81404,70.80254,65.94695,68.0147,67.89698,69.42622,66.6033,65.05382,67.17887,65.19202,66.52819,62.20129,65.0,66.4003,54.81788,61.85467,61.85467,57.45433
9.43398,8.94427,8.94427,8.94427,8.94427,8.544,8.544,8.24621,8.24621,7.28011,7.28011,7.28011,7.28011,7.28011,7.28011,8.24621,7.07107,7.07107,7.07107,7.07107,7.07107,7.07107,7.07107,7.28011,7.28011,7.28011,7.28011,6.32456,7.28011,6.7082,6.7082,6.7082,5.83095,5.83095,5.83095,5.0,5.65685,5.65685,5.0,5.0,5.0,5.0,5.0,4.47214,3.60555,3.60555,3.60555,4.12311,4.12311,4.12311,3.16228,3.0,53.90733,51.08816,48.25971,49.39636,49.64877,44.10215,47.01064,47.41308,43.38202,43.46263,42.37924,42.37924,40.16217,39.84972,39.56008,41.7732,42.2019,38.60052,39.05125,37.12142,40.31129,39.31921,38.63936,38.32754,35.69314,38.32754,37.65634,40.4475,37.85499,34.52535,32.98485,36.40055,34.78505,34.17601,32.57299,33.10589,34.17601,33.61547,30.01666,26.83282,28.42534,27.58623,26.87006,26.87006,24.83948,26.40076,22.2036,24.20744,24.41311,21.47091,20.12461,20.12461,21.37756,18.02776,19.23538,17.0,16.12452,49.47727,50.44799,50.01,52.15362,52.34501,53.15073,54.23099,55.57877,60.29925,59.3043,60.07495,60.07495,64.03124,64.12488,62.07254,63.00794,66.1211,65.06919,64.28063,67.36468,64.49806,66.37017,66.48308,69.35416,65.62012,68.88396,64.77654,65.30697,66.4906,66.21933,66.48308,66.94027,65.80274,67.06713,67.41662,66.48308,64.88451,67.23095,66.64083,66.7308,66.18912,69.97142,68.7968,69.33974,68.50547,64.66065,65.80274,68.88396,64.81512,67.00746,64.81512,63.03174,63.70243,60.87693,62.28965,60.959,59.4138
7.2111,7.61577,6.7082,7.61577,6.7082,6.32456,6.32456,6.08276,7.07107,6.08276,6.08276,6.08276,6.08276,6.08276,6.0,6.0,6.0,6.0,6.0,6.0,6.0,6.0,6.0,6.0,6.0,6.0,6.0,5.09902,5.09902,5.09902,5.09902,5.09902,4.47214,4.47214,4.47214,4.47214,3.60555,3.60555,3.60555,4.24264,2.82843,3.60555,2.82843,2.82843,2.23607,2.23607,2.23607,2.23607,2.23607,2.0,2.0,2.0,53.75872,51.62364,51.62364,47.63402,50.44799,46.61545,47.16991,43.909,43.41659,40.24922,42.95346,40.31129,44.59821,38.07887,37.36308,37.36308,38.8973,36.87818,36.67424,38.47077,38.32754,34.9285,34.1321,37.65634,35.90265,37.48333,38.47077,36.67424,35.17101,34.52535,34.52535,35.69314,36.05551,33.24154,33.52611,31.62278,30.8707,29.96665,32.64966,27.29469,28.01785,25.80698,25.4951,25.45584,24.75884,22.02272,19.84943,23.85372,19.23538,19.23538,18.35756,18.02776,17.08801,17.72005,21.09502,16.0,17.02939,52.08647,49.09175,52.46904,52.7731,55.44367,53.93515,53.60037,60.82763,59.68249,61.66036,57.48913,61.39218,64.32729,63.78871,64.93843,66.28725,66.09841,62.96825,65.9242,64.62971,68.35934,68.35934,67.36468,68.35934,69.72087,68.06614,69.35416,66.00758,69.02898,67.00746,68.11755,67.47592,66.37017,65.62012,68.44706,68.24954,68.65858,67.91171,67.18631,68.96376,69.26038,65.55151,67.23095,71.69379,68.942,65.74192,65.74192,66.7308,67.74216,66.64833,62.43397,66.88797,64.14047,63.24555,63.51378,62.80127,61.07373
9.21954,8.48528,8.48528,7.81025,7.81025,7.81025,7.81025,7.2111,7.2111,8.06226,8.06226,8.06226,7.61577,6.7082,6.7082,7.61577,7.61577,7.61577,6.32456,6.32456,6.32456,6.32456,7.61577,6.7082,6.7082,6.7082,6.7082,6.7082,5.83095,7.2111,5.0,5.83095,5.0,5.0,5.65685,5.65685,5.0,4.24264,3.60555,3.60555,4.47214,3.60555,3.16228,3.16228,3.16228,3.16228,3.16228,3.0,2.0,2.0,2.0,2.0,53.85165,50.15974,51.0,49.1935,47.16991,46.32494,45.0,44.20407,42.0119,42.80187,43.18565,41.03657,40.36087,39.82462,40.45986,41.40048,35.80503,40.22437,37.44329,38.58756,40.31129,36.61967,37.58989,36.71512,38.07887,33.83785,36.71512,35.35534,33.01515,34.1321,35.0,35.0,34.82815,33.42155,32.52691,31.1127,31.14482,27.58623,30.0,27.20294,27.78489,27.29469,26.40076,23.25941,22.47221,25.0,23.76973,21.84033,18.24829,21.09502,20.0,20.09975,17.26268,14.31782,17.88854,16.76305,14.76482,49.0408,48.70318,51.62364,52.92447,53.48832,55.9464,57.38467,59.09315,58.13777,59.09315,62.17717,61.7171,64.88451,64.40497,64.41273,67.1193,66.64833,64.84597,68.02941,67.08204,70.21396,69.35416,67.62396,70.77429,70.38466,67.77905,66.40783,70.83784,66.76077,68.68042,63.32456,68.65858,66.70832,67.26812,69.58448,66.61081,67.47592,69.11584,68.00735,66.06815,67.02984,70.06426,71.00704,64.38167,68.593,69.46222,66.37017,67.08204,67.68309,64.53681,68.24954,66.4906,65.73431,61.61169,63.60031,61.98387,59.77458
8.06226,7.0,8.0,7.0,7.0,7.07107,6.08276,6.08276,6.08276,6.32456,6.08276,6.32456,6.32456,5.38516,5.38516,6.32456,5.38516,5.38516,5.38516,5.83095,5.38516,5.38516,5.38516,5.38516,5.38516,5.38516,5.38516,5.09902,5.09902,5.09902,5.09902,5.09902,5.0,4.0,4.12311,4.12311,4.12311,4.12311,4.12311,3.16228,3.60555,3.60555,3.60555,2.82843,2.82843,2.82843,2.82843,2.82843,2.82843,3.16228,3.16228,3.16228,55.08176,50.69517,49.49747,47.26521,44.28318,43.04649,42.04759,45.0,38.0526,39.31921,35.22783,36.49658,36.67424,38.07887,37.48333,37.0,36.40055,36.76955,38.62642,36.05551,36.24914,31.95309,39.81206,35.34119,36.40055,34.0147,32.31099,34.9285,35.34119,33.24154,30.67572,35.17101,31.01612,32.28002,30.59412,33.37664,32.55764,30.01666,32.0,29.27456,21.37756,23.34524,25.4951,22.56103,25.0,21.54066,21.9545,21.93171,17.20465,18.60108,19.10497,17.69181,20.51828,16.40122,17.20465,19.72308,14.31782,47.80167,50.60632,50.21952,54.91812,50.80354,55.56978,55.75841,55.9464,61.05735,56.82429,59.94164,63.06346,62.76942,63.52952,67.53518,60.82763,70.3278,62.17717,69.64194,68.09552,65.8635,69.97142,66.88797,69.64194,66.57327,67.6757,65.45991,71.28113,64.81512,69.81404,63.12686,69.52697,70.17834,68.593,67.89698,64.38167,63.89053,66.8431,68.60029,71.28113,70.45566,67.60178,69.64194,66.37017,69.11584,64.41273,63.63175,65.30697,67.54258,60.83584,66.30988,64.2573,64.62198,57.93962,61.35145,60.72891,57.87055
9.43398,9.43398,8.60233,8.60233,8.60233,7.81025,7.81025,7.81025,8.48528,7.81025,7.81025,7.81025,7.81025,7.81025,7.81025,7.2111,7.2111,7.2111,7.2111,7.2111,7.2111,7.2111,7.2111,7.2111,7.81025,7.2111,7.07107,7.07107,7.07107,6.40312,6.40312,6.40312,6.40312,5.83095,5.83095,5.83095,5.38516,5.38516,5.38516,5.38516,4.12311,4.12311,4.12311,4.0,4.0,4.0,4.0,4.0,4.0,3.0,3.16228,3.16228,53.85165,50.28916,50.28916,44.92215,43.08132,44.28318,41.14608,44.29447,38.83298,39.20459,39.20459,39.20459,41.23106,36.12478,37.48333,38.60052,39.05125,36.12478,39.82462,37.64306,40.45986,34.20526,37.20215,37.80212,34.65545,36.06938,33.30165,37.64306,34.65545,34.71311,33.97058,35.35534,36.12478,35.38361,32.55764,31.62278,31.06445,33.28663,33.12099,29.54657,23.70654,22.56103,27.65863,25.4951,25.4951,20.09975,20.0,23.02173,20.22375,18.02776,20.09975,19.41649,17.11724,20.39608,16.55295,14.86607,13.89244,48.37355,50.60632,51.10773,56.30275,53.53504,55.47071,56.30275,55.80323,57.80138,55.0,58.24946,61.40033,66.0303,65.0,68.00735,63.41136,70.0,63.60031,66.85058,65.0,69.2026,65.80274,63.60031,67.1193,63.24555,64.49806,68.26419,67.23095,63.52952,66.64833,59.03389,63.32456,63.32456,64.4748,64.84597,65.45991,62.0967,64.03124,63.95311,65.76473,68.88396,61.66036,64.62971,66.48308,66.0303,69.06519,65.00769,62.00806,66.00758,61.07373,62.00806,61.13101,61.13101,55.44367,55.9017,59.03389,56.88585
8.544,8.544,8.24621,8.24621,8.24621,8.24621,8.06226,8.06226,8.06226,8.0,8.06226,8.0,7.0,7.0,7.07107,8.0,7.07107,7.07107,7.07107,7.07107,7.07107,7.07107,7.0,7.07107,7.0,7.0,7.0,6.0,6.0,7.07107,6.08276,6.08276,6.08276,5.09902,5.38516,5.38516,5.38516,4.47214,4.47214,4.47214,3.60555,4.24264,3.60555,4.24264,3.60555,2.82843,2.82843,2.82843,2.82843,2.23607,3.16228,2.23607,52.43091,48.02083,50.11986,47.41308,45.17743,46.52956,42.05948,44.01136,43.9659,44.01136,42.05948,40.79216,39.81206,39.20459,40.4475,39.45884,40.31129,39.01282,39.05125,38.01316,42.0,36.01389,40.0125,35.01428,37.01351,35.22783,37.05401,38.0,37.01351,38.0526,36.05551,39.05125,33.01515,35.12834,32.98485,34.20526,31.7805,29.73214,31.01612,25.4951,27.78489,26.41969,25.23886,23.60085,22.80351,23.34524,24.08319,22.02272,21.40093,20.80865,18.35756,17.49286,19.31321,16.15549,16.27882,16.12452,15.13275,48.05206,51.47815,51.1957,58.0517,52.7731,59.3043,56.32051,59.3043,60.29925,57.14018,62.28965,61.40033,66.18912,65.06919,67.06713,59.13544,71.17584,60.03332,71.25307,68.35934,66.27217,68.46897,64.77654,69.58448,65.76473,67.60178,65.9242,69.87131,65.30697,68.88396,61.39218,68.41053,64.51356,65.55151,65.9242,64.2573,62.64982,67.08204,67.1193,65.73431,68.26419,63.28507,68.50547,64.40497,65.21503,65.43699,66.8431,63.25346,64.44377,61.6198,62.96825,62.96825,62.36986,54.48853,60.959,63.25346,54.67175
9.05539,9.05539,8.06226,9.21954,8.24621,8.24621,8.24621,7.28011,7.61577,7.61577,7.61577,7.61577,7.61577,7.61577,7.61577,6.7082,8.06226,6.7082,7.2111,7.2111,7.2111,7.2111,6.7082,7.2111,6.7082,6.7082,6.7082,6.7082,6.32456,6.32456,6.32456,6.32456,6.32456,5.09902,5.0,5.0,5.0,5.0,5.0,5.0,4.12311,4.12311,4.12311,4.12311,3.16228,3.16228,3.60555,3.16228,2.23607,3.60555,2.82843,2.82843,54.40588,52.88667,53.85165,48.27007,40.79216,47.51842,42.19005,45.17743,41.01219,43.04649,42.0119,38.0526,41.01219,40.31129,37.48333,37.48333,39.81206,37.94733,39.29377,37.10795,42.72002,36.40055,39.21734,38.60052,34.17601,36.87818,37.64306,37.33631,36.13862,34.48188,33.54102,37.33631,34.52535,38.20995,30.06659,32.01562,32.01562,33.01515,30.06659,31.40064,29.12044,24.73863,27.20294,24.35159,25.4951,23.85372,23.32381,22.47221,19.79899,19.41649,17.69181,19.10497,15.6205,14.21267,15.65248,15.65248,14.86607,51.10773,49.24429,49.24429,53.66563,55.9464,59.09315,57.77543,57.77543,60.74537,61.46544,59.23681,64.07808,64.88451,65.78754,66.7308,61.68468,67.41662,63.32456,65.55151,68.70953,66.70832,67.6757,65.39113,68.942,66.70832,65.74192,65.74192,67.53518,64.41273,65.36819,62.43397,68.26419,65.45991,66.0303,66.21933,66.8431,64.38167,65.05382,63.65532,63.78087,66.6033,63.78087,65.43699,63.25346,66.21933,67.42403,66.85058,61.58734,64.14047,60.41523,65.76473,63.13478,62.17717,55.9017,59.48109,62.64982,58.18075
9.48683,9.48683,9.48683,8.544,8.24621,8.24621,8.06226,8.06226,8.06226,8.06226,8.06226,8.0,8.0,7.0,8.0,8.0,7.0,7.0,7.0,7.0,7.0,7.0,7.0,7.0,7.0,7.0,7.0,7.07107,7.07107,6.08276,6.32456,6.32456,6.32456,5.38516,5.38516,5.83095,5.38516,5.0,5.0,5.0,5.0,4.24264,4.24264,4.24264,4.24264,3.60555,3.60555,4.47214,4.47214,4.12311,3.16228,3.16228,51.66237,50.24938,52.20153,49.09175,50.11986,47.85394,44.72136,44.28318,43.46263,42.15448,41.23106,43.08132,41.48494,40.79216,40.02499,40.4475,40.60788,39.20459,35.51056,38.32754,39.05125,41.19466,40.11234,38.32754,35.35534,35.51056,37.12142,37.33631,35.22783,37.05401,35.22783,34.71311,36.13862,35.1141,33.24154,33.61547,31.30495,33.61547,29.52965,28.30194,26.40076,26.62705,27.58623,23.34524,24.83948,23.60085,21.26029,22.82542,20.61553,20.12461,19.31321,15.65248,20.22375,16.49242,18.43909,16.12452,14.0,49.64877,51.1957,53.60037,56.08921,53.75872,57.07013,56.22277,57.55867,59.3043,61.29437,63.1981,62.39391,65.9242,63.3877,64.28063,63.07139,67.1193,64.19502,68.46897,66.18912,64.28063,67.36468,65.76473,66.75328,65.9242,66.28725,64.32729,62.16912,66.4906,67.91171,63.60031,66.7308,63.89053,67.06713,65.9242,64.62198,67.08204,64.88451,67.23095,67.41662,65.36819,66.28725,64.07027,65.0,67.42403,64.03124,64.2028,67.26812,65.8559,62.28965,65.8559,63.65532,62.24147,60.959,60.82763,57.38467,59.46427
7.81025,7.81025,8.48528,7.07107,7.81025,7.07107,7.2111,6.40312,7.2111,7.2111,6.7082,6.7082,6.7082,6.7082,5.83095,6.32456,6.32456,6.32456,6.32456,6.32456,6.32456,6.32456,5.38516,5.38516,5.83095,5.38516,5.83095,5.83095,5.83095,5.0,5.0,5.65685,4.24264,5.0,4.24264,4.24264,3.60555,3.60555,3.16228,3.16228,3.16228,3.16228,3.0,3.0,3.0,3.0,3.16228,3.16228,3.16228,3.16228,2.23607,2.23607,50.53712,49.24429,51.97115,49.39636,45.22168,47.43416,45.60702,43.82921,41.7732,42.42641,43.84062,42.52058,40.36087,40.60788,40.80441,40.22437,38.83298,39.66106,36.05551,40.31129,36.67424,37.58989,37.16181,38.01316,34.66987,35.35534,33.12099,38.01316,36.61967,36.71512,33.28663,34.48188,34.1321,31.40064,29.83287,32.64966,29.83287,29.20616,30.52868,26.92582,27.45906,25.05993,25.55386,24.59675,23.25941,22.80351,20.88061,21.09502,19.10497,19.0263,18.11077,17.26268,16.03122,18.68154,19.31321,13.92839,16.55295,46.48656,51.10773,57.58472,53.7122,59.5063,56.79789,59.94164,59.9333,60.82763,61.40033,62.26556,66.64833,68.0,65.76473,64.00781,66.37017,68.60029,65.8635,67.1193,66.21178,66.64833,68.8767,65.29931,70.21396,67.97794,69.46222,67.41662,67.41662,68.00735,67.35726,64.28841,67.91171,69.12308,65.9242,65.76473,66.09841,66.27217,68.18358,66.00758,68.00735,66.00758,68.18358,68.18358,68.35934,67.18631,69.63476,66.28725,64.13267,65.96969,63.56099,67.18631,65.52099,59.20304,61.84658,61.03278,58.18935,61.35145
9.48683,8.544,8.544,8.544,8.544,7.61577,8.06226,8.06226,8.06226,7.2111,7.2111,7.2111,7.2111,7.2111,7.2111,7.2111,6.40312,7.07107,6.40312,6.40312,6.40312,6.40312,6.40312,6.40312,6.40312,6.40312,6.40312,5.83095,5.83095,5.83095,5.38516,5.38516,5.38516,5.09902,5.09902,5.09902,5.09902,5.0,4.0,5.09902,5.0,4.12311,4.12311,4.12311,4.12311,4.47214,3.60555,3.60555,3.60555,3.60555,3.60555,2.82843,54.91812,53.60037,52.95281,50.69517,52.49762,49.64877,44.01136,43.46263,42.04759,43.86342,41.18252,42.43819,44.41846,39.11521,40.22437,37.64306,37.64306,37.01351,36.12478,38.20995,37.53665,33.97058,39.69887,36.23534,36.06938,35.38361,33.97058,35.38361,34.4093,36.12478,36.23534,33.6006,30.80584,31.62278,35.22783,29.54657,30.01666,26.92582,27.313,27.89265,29.12044,27.29469,27.29469,24.02082,23.02173,23.19483,20.22375,20.61553,19.41649,18.97367,20.61553,17.72005,19.69772,14.76482,18.60108,14.76482,18.43909,51.10773,52.47857,50.77401,56.30275,55.47071,56.0803,56.61272,56.61272,64.2028,59.81639,60.959,62.00806,65.80274,63.60031,65.60488,65.60488,67.47592,66.21933,64.63745,63.41136,66.21933,69.40461,68.24222,69.81404,66.57327,66.88797,66.7308,68.50547,65.8635,65.76473,65.30697,64.88451,66.30988,66.12866,66.12866,70.5195,63.32456,67.44627,65.51336,67.89698,66.91039,67.60178,66.48308,67.26812,67.18631,67.00746,64.07027,67.00746,67.18631,67.00746,63.07139,65.03076,66.0303,61.40033,62.28965,63.28507,60.67125
8.0,8.06226,8.06226,7.07107,7.07107,7.07107,7.28011,6.32456,7.28011,6.32456,6.32456,6.7082,6.7082,5.83095,5.83095,5.83095,5.83095,5.83095,5.83095,5.83095,5.83095,5.83095,5.83095,5.83095,5.83095,5.83095,5.38516,5.38516,5.38516,5.09902,5.09902,5.09902,5.09902,5.09902,4.0,4.0,4.12311,4.12311,4.12311,4.12311,3.16228,3.60555,3.60555,2.82843,2.82843,2.82843,2.82843,2.82843,2.82843,2.82843,2.23607,2.23607,54.33231,54.45181,50.24938,52.03845,51.0,45.0,47.09565,43.04649,45.27693,40.31129,40.79216,42.95346,40.26164,36.40055,36.40055,37.0,37.94733,37.33631,35.34119,37.16181,34.88553,38.07887,36.24914,37.12142,37.12142,37.58989,32.64966,36.23534,34.43835,32.69557,33.24154,32.89377,33.24154,33.52611,28.16026,27.29469,32.55764,30.41381,27.01851,24.0,25.07987,23.08679,24.5153,25.31798,21.84033,22.36068,20.59126,20.24846,18.86796,17.02939,17.02939,18.38478,17.69181,14.21267,16.27882,15.26434,16.55295,48.60041,50.80354,54.91812,55.75841,58.24946,56.4358,57.98276,59.5399,59.68249,62.64982,61.26989,63.97656,65.76473,66.18912,67.97794,67.53518,68.0,69.35416,65.36819,64.66065,65.51336,67.23095,67.60178,67.74216,66.37017,72.40166,67.6757,66.0303,66.70832,65.8559,65.79514,65.76473,65.05382,65.8559,67.35726,66.06815,67.20119,68.41053,67.80118,70.17834,64.14047,69.83552,68.42514,69.35416,68.0,65.9242,66.70832,65.45991,65.78754,66.85058,65.55151,64.51356,64.51356,62.64184,61.13101,62.36185,61.18823
8.94427,8.94427,8.06226,8.06226,8.06226,7.2111,7.81025,7.81025,7.81025,7.81025,7.07107,7.07107,7.07107,7.07107,6.40312,7.81025,6.40312,7.2111,6.40312,6.40312,6.40312,6.40312,6.40312,6.40312,6.40312,6.40312,6.40312,6.40312,5.0,6.40312,5.0,4.47214,4.47214,4.47214,4.47214,4.47214,4.12311,4.12311,4.12311,3.0,4.0,3.0,3.0,3.0,3.16228,2.23607,3.16228,2.23607,2.23607,1.41421,2.23607,1.41421,58.5235,48.10405,53.14132,53.31041,46.95743,46.23851,42.54409,45.65085,42.19005,44.40721,42.43819,42.63801,44.20407,34.65545,40.36087,38.18377,40.31129,38.94868,36.87818,37.80212,40.60788,36.79674,34.20526,33.42155,32.64966,33.24154,37.20215,36.40055,34.05877,34.05877,31.82766,36.76955,31.89044,35.38361,31.14482,30.80584,28.84441,28.30194,28.6531,28.63564,27.51363,25.0,23.76973,21.37756,24.18677,20.09975,23.0,16.12452,19.41649,19.10497,18.11077,15.52417,13.92839,17.0,15.65248,13.89244,12.20656,49.39636,54.08327,48.33218,55.54278,53.7122,59.9333,57.3062,57.80138,62.76942,57.3062,64.3506,64.84597,67.23095,65.51336,68.47627,62.43397,68.26419,64.66065,69.35416,68.47627,66.18912,72.56032,66.7308,69.35416,67.97794,68.44706,67.53518,69.857,64.62198,68.70953,67.6757,69.26038,64.84597,67.18631,66.70832,66.94027,64.93843,66.09841,67.74216,71.25307,70.11419,65.0,69.00725,67.06713,69.06519,65.03076,68.18358,68.26419,68.46897,63.28507,64.93843,64.77654,68.593,57.55867,63.06346,62.36986,61.0
7.81025,7.2111,7.2111,7.2111,7.61577,6.7082,7.61577,6.32456,6.32456,6.32456,6.32456,6.32456,6.32456,6.08276,6.08276,6.08276,6.0,6.08276,6.08276,6.08276,6.08276,6.08276,6.08276,6.08276,6.08276,5.09902,5.09902,5.38516,5.38516,5.09902,4.47214,4.47214,4.47214,4.24264,3.60555,3.60555,3.60555,3.60555,3.60555,3.60555,3.16228,3.16228,3.16228,2.23607,2.0,2.0,2.0,3.0,2.0,2.0,2.23607,2.23607,54.56189,51.66237,52.34501,48.9183,48.16638,47.01064,44.82187,43.56604,41.6173,42.19005,40.31129,38.47077,37.58989,36.24914,39.92493,36.68787,38.48376,36.05551,39.05125,36.40055,35.17101,34.9285,34.9285,37.10795,33.52611,35.73514,31.32092,32.01562,33.24154,34.9285,33.83785,31.95309,32.69557,33.24154,29.73214,31.06445,29.41088,29.73214,27.01851,27.58623,25.4951,25.6125,26.40076,24.20744,21.09502,19.23538,19.69772,21.18962,18.02776,16.12452,16.0,16.12452,18.0,16.12452,14.0,15.13275,14.31782,50.48762,49.09175,54.08327,56.00893,54.0,57.00877,55.08176,59.07622,59.21149,57.03508,63.12686,63.3877,64.12488,65.12296,67.26812,67.60178,66.48308,66.1211,68.18358,68.26419,65.12296,71.06335,67.26812,68.02941,67.02984,69.02898,67.00746,69.00725,65.03076,69.18092,65.62012,67.60178,66.61081,67.08204,65.11528,65.73431,65.25335,68.00735,68.35203,67.41662,67.77905,71.30919,65.79514,69.31811,67.53518,69.46222,65.8635,66.37017,68.96376,64.49806,63.51378,65.73431,64.07027,61.03278,64.07027,61.22091,58.60034
9.05539,8.24621,9.21954,8.24621,8.544,7.61577,7.61577,7.61577,7.61577,8.06226,7.61577,8.06226,8.06226,8.06226,7.2111,7.2111,6.40312,7.2111,7.07107,7.2111,7.2111,7.81025,7.2111,7.2111,7.2111,7.2111,7.2111,7.2111,6.7082,6.7082,6.32456,6.32456,6.32456,5.38516,5.09902,5.09902,5.09902,5.09902,5.0,4.0,4.0,4.0,4.0,4.12311,3.16228,3.16228,3.16228,3.16228,3.16228,3.16228,2.23607,2.82843,54.08327,51.0392,52.7731,49.36598,46.69047,48.83646,42.95346,46.87217,40.31129,40.8534,38.91015,38.48376,40.70626,40.31129,38.01316,38.60052,38.01316,40.60788,35.80503,37.01351,37.20215,34.82815,35.0,37.80212,37.64306,35.80503,35.22783,36.40055,37.20215,32.20248,30.52868,31.38471,34.98571,31.30495,31.76476,33.61547,28.4605,29.41088,28.79236,26.68333,25.96151,24.08319,26.1725,25.01999,25.07987,21.37756,20.61553,22.09072,19.72308,18.35756,17.49286,17.46425,16.12452,14.42221,18.43909,17.69181,14.42221,49.39636,48.82622,50.80354,56.40035,51.85557,57.98276,57.31492,60.20797,60.82763,60.1415,63.70243,60.1415,64.38167,66.46804,65.11528,62.93648,68.593,62.24147,68.76772,64.38167,65.79514,66.52819,66.52819,71.06335,68.0147,68.41053,64.81512,65.80274,66.0303,69.64194,64.89992,68.26419,67.1193,67.1193,66.64833,67.08204,65.55151,68.15424,66.40783,64.84597,68.30813,63.06346,67.44627,68.24954,67.68309,67.08204,66.09841,67.74216,69.46222,65.62012,62.514,63.07139,65.12296,61.20457,64.00781,63.00794,60.13319
9.21954,9.05539,8.06226,8.06226,8.0,8.0,8.0,8.0,8.0,7.07107,7.07107,7.07107,7.28011,7.28011,7.28011,7.07107,7.28011,7.28011,7.28011,7.28011,7.28011,7.28011,6.32456,7.28011,6.32456,6.08276,7.07107,6.08276,6.08276,6.0,6.0,6.0,6.0,5.0,5.09902,5.09902,5.09902,4.12311,4.12311,4.12311,3.60555,3.60555,3.60555,3.60555,3.60555,2.82843,2.82843,2.82843,2.82843,2.82843,2.23607,2.23607,51.85557,49.81967,48.82622,43.26662,46.64762,43.909,43.38202,42.95346,40.31129,38.48376,36.76955,38.8973,39.56008,37.65634,33.24154,36.67424,35.51056,37.33631,35.51056,38.0526,36.05551,34.36568,37.01351,36.0,33.06055,34.05877,34.23449,36.0,33.13608,31.14482,32.55764,34.71311,30.59412,31.7805,30.08322,31.95309,29.41088,27.85678,28.17801,26.62705,25.23886,24.20744,22.2036,21.93171,21.26029,21.40093,20.24846,19.84943,20.59126,18.02776,18.02776,18.02776,13.60147,14.03567,14.03567,13.0,16.12452,46.84015,49.24429,48.83646,53.60037,50.35871,53.60037,55.14526,55.14526,60.07495,60.40695,62.1289,61.07373,64.19502,65.03076,63.03174,66.18912,65.19202,64.12488,66.18912,65.19202,66.37017,65.37584,66.48308,64.28063,66.37017,64.93843,63.78871,65.9242,65.51336,65.11528,63.56099,65.80274,64.28841,62.03225,64.2573,64.07808,63.69458,64.4748,65.76473,68.0,67.1193,65.0,64.66065,67.1193,61.29437,62.1289,64.63745,64.66065,62.00806,64.66065,63.12686,60.87693,59.46427,57.31492,59.4138,58.69412,58.0
8.544,8.544,8.24621,8.24621,8.24621,8.24621,8.06226,8.06226,8.06226,8.06226,8.06226,7.0,7.0,7.0,7.0,7.0,8.06226,7.0,7.07107,7.07107,7.07107,7.07107,7.0,7.07107,7.0,7.0,7.0,6.0,6.08276,7.07107,6.08276,6.08276,5.09902,5.09902,5.38516,4.47214,4.47214,4.47214,4.47214,3.60555,4.24264,4.24264,3.60555,3.60555,3.60555,3.60555,2.23607,2.82843,2.23607,2.23607,2.23607,2.0,52.39275,52.55473,54.42426,48.76474,46.84015,44.92215,43.56604,44.18144,41.4367,40.1995,41.01219,38.0,40.0125,39.05125,40.0,37.48333,42.57934,36.34556,38.63936,37.65634,40.79216,38.63936,36.87818,37.36308,38.63936,37.36308,34.9285,38.32754,36.67424,36.34556,35.35534,35.0571,34.23449,37.21559,31.0,36.01389,32.0,33.24154,30.59412,26.68333,27.51363,24.35159,26.24881,24.04163,24.69818,23.60085,21.63331,20.12461,19.79899,19.20937,18.43909,18.02776,15.0,15.6205,17.46425,17.46425,17.72005,49.39636,51.5461,49.0408,52.49762,54.34151,57.72348,54.70832,57.28001,61.68468,59.66574,64.13267,61.18823,61.61169,62.36986,65.76473,63.78871,68.65858,63.78871,71.06335,66.48308,65.96969,67.44627,70.88018,69.92138,65.52099,67.6757,66.48308,67.35726,66.85058,67.97794,65.0,69.77105,64.00781,67.41662,68.7968,66.28725,66.0303,64.63745,66.70832,64.53681,67.35726,67.17887,67.89698,67.94115,65.79514,65.43699,62.96825,64.81512,62.80127,64.03124,64.03124,60.74537,61.85467,55.75841,61.05735,59.16925,59.05929
9.43398,8.60233,7.81025,8.60233,7.81025,7.81025,7.07107,7.81025,7.81025,7.2111,7.07107,7.2111,7.2111,7.2111,6.40312,7.2111,7.2111,6.40312,7.2111,5.83095,5.83095,5.83095,6.40312,5.83095,6.40312,6.40312,6.40312,5.65685,5.65685,5.65685,5.0,5.0,5.0,5.0,5.38516,5.38516,5.38516,4.12311,4.12311,4.12311,4.12311,4.0,4.0,4.0,4.0,4.12311,4.12311,3.16228,3.16228,3.16228,3.60555,3.60555,53.22593,49.1935,52.47857,49.39636,47.43416,46.87217,46.2277,44.68781,43.18565,43.86342,39.62323,41.86884,41.10961,40.49691,39.40812,41.34005,39.44617,38.58756,39.11521,36.35932,39.82462,36.35932,37.16181,34.43835,31.76476,33.54102,38.48376,35.77709,36.89173,38.58756,36.61967,37.44329,32.20248,32.80244,31.241,28.3196,31.14482,29.06888,27.65863,29.15476,27.45906,24.18677,23.25941,23.4094,24.73863,25.31798,22.36068,22.09072,20.39608,20.22375,21.09502,21.09502,17.0,17.72005,14.86607,15.81139,18.02776,50.96077,50.59644,54.78138,53.31041,55.36244,56.46238,56.79789,57.77543,58.60034,58.18075,62.17717,64.40497,65.39113,66.21178,69.77822,67.1193,65.74192,63.97656,68.44706,65.79514,66.70832,68.15424,65.19202,68.70953,67.77905,70.83784,68.62215,70.21396,62.93648,67.72001,62.8172,69.2315,65.11528,65.62012,66.37017,67.47592,67.02984,66.00758,68.02941,66.18912,69.11584,66.48308,67.36468,67.47592,66.48308,67.26812,67.89698,65.73431,65.25335,62.36185,65.80274,63.24555,64.51356,60.44005,63.89053,60.92618,55.03635
7.81025,7.07107,7.07107,7.07107,7.07107,6.40312,7.2111,7.2111,7.2111,6.7082,6.7082,6.7082,6.7082,6.32456,5.38516,6.32456,6.32456,6.32456,6.32456,6.32456,6.32456,6.32456,5.09902,6.32456,6.32456,5.38516,5.38516,5.38516,5.38516,4.47214,5.0,5.0,5.0,5.0,4.24264,4.24264,3.60555,3.60555,3.60555,3.60555,3.16228,3.16228,3.16228,3.0,2.23607,3.0,2.0,3.0,3.0,2.23607,2.23607,2.23607,53.53504,50.21952,52.43091,47.80167,44.68781,43.84062,44.55334,49.51767,40.31129,39.82462,41.88078,39.96248,42.72002,40.49691,38.27532,40.70626,40.24922,34.48188,36.40055,37.0,38.32754,34.78505,36.40055,35.73514,34.78505,37.36308,35.1141,36.76955,35.34119,36.05551,35.1141,31.30495,31.76476,31.76476,30.52868,30.0,29.06888,31.241,31.14482,24.08319,24.08319,24.83948,28.17801,24.18677,22.2036,20.12461,19.23538,20.24846,18.43909,18.24829,16.03122,15.0333,18.0,18.24829,17.26268,15.52417,13.92839,49.64877,48.10405,50.92151,57.58472,56.46238,57.77543,57.58472,58.87274,60.53924,62.24147,63.95311,63.50591,64.40497,66.18912,66.64083,64.40497,66.30988,64.4748,70.77429,70.00714,69.07966,65.45991,67.23095,67.77905,68.94926,67.44627,66.40783,65.25335,65.96969,70.61161,65.51336,67.46851,69.26038,66.18912,67.02984,64.03124,66.06815,69.06519,65.06919,66.18912,66.48308,66.75328,69.72087,66.09841,62.0967,70.0928,64.56005,66.7308,63.24555,63.90618,67.41662,63.32456,59.5063,63.15853,63.07139,59.94164,60.82763
9.05539,9.05539,8.06226,8.06226,7.28011,8.24621,8.24621,7.61577,7.28011,6.32456,7.28011,7.61577,6.7082,6.7082,6.7082,6.7082,6.7082,6.7082,6.7082,6.7082,6.7082,6.7082,6.7082,6.7082,6.32456,6.7082,6.32456,6.08276,6.08276,6.08276,6.08276,6.08276,5.0,5.0,5.0,5.0,5.09902,5.09902,4.12311,4.12311,4.12311,4.47214,4.47214,4.47214,3.60555,3.60555,3.60555,3.60555,4.24264,3.60555,3.60555,3.60555,54.58938,51.47815,53.08484,50.03998,48.0,47.0,44.10215,46.09772,41.4367,45.39824,45.12206,41.23106,43.01163,39.84972,39.84972,40.49691,39.21734,38.62642,38.07887,39.0,37.94733,35.34119,37.57659,37.16181,36.23534,33.61547,35.34119,36.24914,34.53983,36.24914,37.64306,35.17101,31.57531,34.48188,34.9285,28.07134,30.06659,27.0,27.0,27.16616,26.01922,25.4951,24.04163,22.84732,19.69772,22.47221,20.24846,21.09502,21.09502,19.20937,19.84943,19.10497,17.80449,18.43909,19.23538,17.49286,17.08801,51.08816,51.08816,53.07542,53.03772,54.45181,55.22681,58.79626,60.10824,62.28965,60.1415,61.84658,64.81512,65.29931,66.4003,66.70832,64.2028,69.40461,67.35726,68.0147,67.35726,68.68042,71.70077,67.20863,68.88396,68.68042,68.68042,65.79514,69.35416,65.76473,67.89698,65.19202,65.94695,67.80118,67.6757,67.6757,67.95587,69.11584,66.37017,68.09552,66.7308,70.21396,67.53518,69.77822,68.54196,67.77905,68.30813,66.09841,64.84597,65.25335,65.14599,64.56005,64.28841,64.28841,59.90826,62.58594,58.0517,54.12947
8.544,8.544,8.24621,8.24621,8.24621,7.28011,8.24621,7.07107,7.07107,8.06226,7.07107,7.07107,7.0,7.0,7.0,7.0,7.0,7.0,7.07107,7.0,7.0,7.0,7.0,6.0,7.0,6.0,6.08276,6.0,6.08276,6.08276,5.09902,5.09902,5.09902,5.09902,5.38516,4.47214,4.47214,4.47214,3.60555,3.60555,4.24264,4.24264,2.82843,2.82843,2.82843,2.82843,2.23607,2.23607,2.23607,2.23607,3.16228,2.0,51.61395,53.82379,48.02083,49.09175,48.25971,41.59327,46.23851,42.54409,44.01136,42.04759,44.01136,43.01163,39.56008,42.2019,39.05125,41.23106,41.30375,40.1995,34.0,39.31921,38.47077,38.32754,34.0147,37.21559,35.01428,32.01562,36.49658,35.0571,34.05877,35.35534,33.54102,32.38827,33.37664,32.98485,31.62278,29.41088,28.79236,29.15476,27.78489,25.80698,23.02173,24.20744,23.43075,22.02272,21.93171,21.9545,19.69772,20.24846,18.86796,21.93171,18.02776,17.46425,17.46425,17.46425,15.29706,16.03122,16.27882,50.92151,49.0408,53.85165,52.39275,59.03389,55.57877,58.0517,58.54912,60.67125,61.66036,65.27634,64.12488,61.52235,66.18912,64.12488,67.18631,65.37584,67.26812,66.27217,67.60178,67.47592,66.61081,69.58448,66.09841,67.47592,69.2315,64.7611,66.91039,69.857,63.60031,67.72001,66.09841,64.84597,65.19202,68.70953,66.30988,67.62396,68.44706,66.24198,69.35416,61.40033,68.50547,66.61081,69.40461,63.51378,68.88396,65.43699,64.81512,63.03174,67.20863,62.28965,62.24147,60.87693,62.93648,62.24147,58.13777,58.79626
8.06226,6.7082,7.61577,6.7082,6.7082,6.32456,6.32456,6.32456,6.32456,6.32456,6.08276,6.08276,6.08276,6.08276,6.08276,6.0,6.0,6.0,6.0,6.0,6.08276,6.08276,5.0,6.08276,6.08276,5.0,5.09902,5.09902,5.09902,5.09902,4.47214,4.47214,4.47214,4.47214,4.47214,3.60555,3.60555,3.60555,3.60555,3.60555,2.82843,3.16228,3.16228,2.23607,2.23607,2.0,2.0,2.0,3.0,2.0,2.23607,2.23607,50.9902,49.67897,50.77401,46.87217,45.27693,43.26662,45.18849,44.72136,40.31129,41.78516,42.37924,41.48494,40.02499,40.16217,38.32754,40.79216,39.05125,37.65634,36.67424,40.1995,35.12834,36.49658,35.22783,33.24154,31.7805,33.37664,34.05877,34.36568,34.36568,33.13608,31.7805,31.7805,33.73426,29.73214,30.67572,26.83282,31.30495,28.17801,28.6531,23.70654,24.18677,26.07681,22.67157,21.93171,21.40093,21.26029,20.24846,21.47091,17.46425,18.38478,18.38478,15.52417,18.24829,17.11724,18.11077,16.03122,16.27882,50.69517,50.96077,54.57105,55.10898,56.7186,54.58938,59.4138,61.29437,61.40033,61.40033,64.07027,65.03076,66.37017,66.18912,62.28965,69.11584,67.18631,69.11584,66.18912,70.34913,68.35934,70.45566,72.33948,70.34913,69.46222,67.89698,67.60178,69.72087,69.63476,68.65858,66.70832,66.21933,66.76077,68.30813,67.35726,65.55151,71.11259,67.97794,64.84597,68.47627,65.76473,69.11584,66.88797,67.74216,62.68174,68.24954,67.20119,65.94695,65.21503,65.29931,61.07373,64.44377,62.28965,64.38167,64.44377,60.1415,59.4138
9.21954,9.05539,9.05539,8.06226,8.0,8.06226,8.0,8.0,8.0,8.0,8.0,8.06226,7.07107,7.07107,7.07107,7.07107,7.07107,7.07107,7.28011,7.28011,7.28011,7.28011,7.07107,7.07107,6.08276,7.07107,6.08276,6.08276,6.0,6.0,6.0,6.0,5.0,5.09902,5.09902,5.09902,4.47214,4.12311,4.47214,4.47214,3.60555,3.60555,3.60555,3.60555,2.82843,2.82843,2.82843,2.82843,2.82843,2.23607,2.23607,2.23607,56.64804,51.86521,49.24429,48.10405,48.76474,44.38468,45.54119,44.72136,44.18144,40.0125,41.10961,42.0119,43.0,40.11234,40.1995,39.20459,42.29657,39.29377,38.83298,37.48333,38.32754,38.83298,37.33631,38.60052,34.71311,36.49658,34.71311,37.10795,35.69314,34.1321,33.24154,33.24154,34.1321,31.0,33.13608,27.0,29.27456,29.42788,30.26549,26.24881,23.76973,23.70654,22.84732,20.59126,21.63331,21.63331,22.80351,19.41649,20.0,19.10497,18.86796,16.12452,18.02776,16.64332,14.86607,16.15549,15.52417,52.15362,53.85165,55.56978,53.7122,58.59181,56.36488,57.38467,59.09315,60.92618,61.32699,61.09828,63.69458,65.39113,69.857,67.1193,65.19202,67.41662,69.07966,67.54258,65.55151,67.1193,69.07966,67.54258,68.02941,64.40497,69.46222,70.23532,66.64833,70.3278,66.88797,65.0,64.07027,64.40497,66.0303,65.60488,68.68042,70.03571,66.52819,65.79514,67.35726,68.0147,67.47592,68.68042,71.70077,63.60031,66.85058,64.63745,67.6757,64.07027,65.73431,63.63175,64.88451,62.76942,57.77543,59.5399,59.61543,58.60034
9.05539,9.05539,9.05539,9.05539,8.06226,8.0,8.0,8.06226,8.06226,7.07107,7.07107,8.06226,7.07107,7.07107,7.07107,7.28011,7.28011,7.28011,7.28011,7.28011,7.28011,6.32456,6.32456,6.32456,6.08276,6.32456,6.08276,6.08276,6.08276,6.08276,6.0,6.0,6.0,6.08276,5.09902,5.09902,5.09902,5.38516,4.47214,4.47214,4.47214,4.47214,3.60555,4.47214,3.60555,3.60555,4.24264,4.24264,3.60555,3.60555,3.60555,3.60555,52.46904,52.23983,51.35173,50.0,46.01087,46.04346,45.17743,43.04649,45.54119,42.42641,40.79216,42.44997,41.48494,39.84972,38.32754,38.27532,38.8973,35.4683,35.34119,39.81206,38.48376,35.34119,35.77709,33.61547,34.43835,32.69557,38.01316,34.43835,35.4683,34.88553,37.57659,32.01562,33.24154,29.41088,31.57531,28.63564,28.16026,28.16026,29.06888,26.01922,28.01785,25.31798,24.73863,23.76973,22.13594,23.4094,21.58703,21.09502,20.24846,19.72308,19.72308,17.49286,19.10497,17.80449,17.20465,14.86607,14.76482,50.9902,48.08326,54.48853,56.58622,56.56854,52.40229,56.0803,58.0,63.12686,64.53681,61.7171,65.29931,67.62396,67.80118,65.0,71.40028,68.0147,70.17834,65.8559,64.03124,68.88396,67.80118,67.62396,67.26812,68.24954,67.26812,67.47592,67.88225,67.17887,65.76473,69.29646,63.89053,66.21933,68.24954,67.1193,68.50547,66.88797,67.95587,66.88797,66.7308,68.88396,69.46222,68.44706,66.70832,67.62396,66.94027,64.84597,67.35726,65.14599,65.52099,63.32456,64.56005,62.8172,62.8172,64.32729,58.0517,61.0
8.06226,7.2111,7.2111,7.2111,7.2111,6.40312,6.40312,6.40312,6.40312,7.07107,5.65685,6.40312,6.40312,6.40312,6.40312,6.40312,5.83095,5.83095,5.83095,5.83095,5.83095,5.65685,5.0,5.83095,5.0,5.0,5.0,5.65685,5.0,5.0,5.0,4.47214,4.47214,4.47214,4.12311,4.12311,4.0,4.12311,3.0,3.0,3.0,3.16228,3.16228,3.16228,3.16228,2.23607,2.23607,2.23607,2.82843,2.82843,2.82843,2.82843,52.49762,50.0,48.38388,42.37924,44.59821,45.18849,42.04759,42.94182,40.81666,40.22437,39.11521,39.44617,38.41875,36.40055,36.35932,37.53665,37.53665,39.62323,37.53665,33.97058,34.71311,34.65545,36.12478,34.71311,34.71311,35.38361,33.94113,34.65545,34.71311,33.24154,32.20248,33.01515,31.90611,31.40064,26.92582,30.46309,28.17801,28.6531,28.16026,22.13594,23.76973,22.36068,23.08679,24.02082,22.02272,20.02498,20.39608,19.64688,17.08801,16.15549,14.42221,15.65248,17.46425,16.64332,17.0,15.6205,13.45362,50.21952,52.81098,50.28916,53.14132,57.00877,55.15433,55.4617,55.15433,59.09315,60.41523,61.7171,63.50591,62.64982,63.95311,65.76473,63.95311,69.35416,63.06346,67.97794,65.74192,68.0,68.8767,66.64833,68.02941,65.74192,65.39113,64.88451,64.88451,64.2573,67.77905,63.60031,67.35726,65.96969,65.0,66.4906,64.32729,65.76473,65.76473,65.62012,65.19202,67.06713,67.00746,68.00735,68.00735,67.0,64.38167,62.0,66.1211,66.18912,66.18912,63.3877,60.29925,61.52235,56.56854,59.68249,60.01666,57.87055
7.61577,8.544,7.61577,7.61577,7.28011,7.28011,7.07107,7.07107,7.07107,6.08276,6.08276,7.0,6.0,6.0,7.0,6.0,6.0,6.08276,6.0,6.0,6.0,6.0,6.0,6.0,6.0,6.0,6.0,5.09902,5.09902,5.09902,5.38516,4.47214,4.47214,4.47214,4.47214,3.60555,3.60555,4.24264,3.60555,3.60555,2.82843,3.60555,3.16228,2.23607,3.16228,2.23607,3.0,3.0,2.0,2.0,2.23607,2.23607,52.63079,50.32892,48.01042,45.48626,45.27693,44.41846,44.10215,43.04649,39.81206,40.71855,39.92493,37.64306,37.64306,37.10795,35.69314,38.47077,38.32754,36.67424,35.51056,35.90265,37.65634,35.22783,36.01389,36.22154,33.13608,32.14032,32.24903,33.54102,32.38827,32.14032,32.24903,32.24903,30.80584,30.67572,31.04835,26.92582,27.85678,25.07987,26.41969,22.36068,23.85372,23.60085,24.04163,21.26029,21.2132,19.10497,19.84943,19.72308,19.23538,17.08801,17.72005,13.92839,15.52417,18.24829,15.0,14.03567,14.03567,49.81967,51.78803,50.35871,56.32051,55.3263,58.42089,57.14018,56.32051,60.07495,59.21149,63.00794,62.20129,65.00769,65.03076,66.0303,66.0303,66.0,67.06713,68.11755,68.02941,68.18358,68.02941,67.36468,70.06426,68.26419,67.74216,68.593,64.49806,66.61081,64.93843,65.11528,65.96969,63.32456,68.30813,67.05222,65.55151,65.79514,65.39113,65.30697,66.21178,65.29931,63.63175,70.3278,66.57327,66.57327,67.6757,63.82006,64.2028,65.0,62.62587,63.00794,61.7171,63.12686,58.69412,61.6198,61.55485,55.9017
9.21954,8.60233,8.60233,7.2111,7.2111,7.2111,6.7082,7.61577,6.7082,6.7082,6.7082,7.61577,6.32456,6.32456,6.32456,7.28011,6.32456,6.32456,6.32456,6.32456,6.32456,6.32456,6.32456,6.32456,6.32456,6.32456,6.32456,5.83095,5.83095,5.83095,5.0,5.0,5.0,4.24264,5.0,5.0,5.0,4.47214,4.47214,4.47214,4.47214,4.12311,4.12311,4.12311,4.12311,4.0,4.0,3.0,3.0,3.16228,3.16228,3.16228,55.0,49.81967,50.91169,48.9183,43.86342,46.69047,44.04543,46.2277,43.26662,44.40721,40.60788,40.22437,37.58989,38.07887,37.12142,37.57659,37.33631,36.05551,36.68787,40.49691,39.21734,34.17601,34.71311,34.20526,33.24154,34.17601,32.57299,36.13862,33.24154,33.61547,33.10589,34.43835,29.54657,28.79236,29.06888,27.29469,27.20294,29.20616,27.58623,25.45584,25.45584,27.01851,21.63331,21.26029,22.2036,22.47221,17.46425,19.69772,21.54066,18.68154,19.41649,20.0,17.02939,15.13275,17.11724,15.52417,19.64688,49.16299,51.15662,53.08484,54.23099,53.33854,55.31727,53.60037,56.88585,62.96825,57.27128,61.66036,64.32729,61.81424,64.93843,67.08204,60.20797,68.88396,62.96825,70.71068,67.08204,66.70832,66.61081,67.46851,68.46897,65.49046,67.74216,63.12686,67.47592,68.11755,69.00725,63.0,64.03124,63.12686,63.28507,67.47592,64.62971,64.62971,68.24954,67.68309,65.80274,65.52099,64.56005,69.26038,67.41662,65.78754,65.39113,62.76942,64.4748,65.39113,66.24198,62.64982,63.63175,64.84597,60.41523,62.68174,60.74537,58.82176
8.60233,8.60233,7.81025,7.81025,7.07107,7.07107,7.07107,7.07107,7.07107,7.2111,7.2111,7.2111,6.40312,5.83095,6.7082,6.7082,6.7082,6.7082,5.83095,5.83095,5.83095,5.83095,5.83095,5.83095,5.83095,5.83095,5.83095,5.65685,5.65685,5.65685,5.65685,5.0,5.0,5.0,5.0,4.47214,4.47214,4.47214,4.12311,4.12311,4.12311,4.12311,4.0,4.0,4.0,4.0,4.0,3.16228,3.16228,3.16228,3.16228,3.16228,52.20153,47.53946,48.75449,48.30114,44.41846,44.94441,41.6173,44.40721,41.7732,40.45986,42.52058,41.03657,41.72529,35.35534,37.53665,37.64306,37.20215,37.44329,37.44329,35.60899,39.20459,36.89173,35.35534,34.98571,33.54102,37.73592,32.44996,33.83785,33.28663,33.01515,35.0,34.20526,30.23243,29.73214,29.0,29.73214,28.3196,27.80288,26.92582,25.23886,25.4951,26.92582,24.35159,21.54066,22.47221,22.2036,20.39608,20.61553,20.02498,18.02776,19.10497,17.11724,18.11077,17.26268,17.0,13.92839,16.12452,50.59644,51.86521,51.62364,54.23099,53.31041,57.27128,56.35601,57.24509,58.59181,57.69749,59.05929,59.48109,65.29931,63.63175,65.76473,62.17717,66.18912,65.29931,67.08204,67.08204,66.21178,67.54258,64.40497,66.64083,64.07808,64.07808,68.15424,68.35203,65.14599,67.6757,64.28841,65.25335,63.15061,63.95311,64.28063,64.62971,64.28063,69.18092,69.11584,67.00746,67.00746,63.1981,68.06614,66.18912,65.49046,68.73136,67.74216,66.09841,65.73431,64.7611,66.28725,65.25335,64.7611,57.00877,61.68468,62.29767,60.74537
8.60233,8.60233,8.06226,8.06226,8.06226,7.61577,7.61577,7.61577,7.61577,7.28011,7.28011,7.28011,7.28011,7.28011,7.07107,7.28011,7.28011,7.28011,7.07107,7.07107,7.07107,7.07107,7.28011,6.08276,6.08276,6.32456,6.32456,6.32456,6.32456,5.83095,5.38516,5.38516,5.38516,5.0,5.0,5.0,4.24264,4.24264,4.24264,3.60555,3.60555,3.60555,3.60555,3.16228,3.16228,3.16228,3.16228,2.23607,2.23607,2.0,2.0,2.0,52.40229,52.3259,48.08326,50.20956,47.38143,40.31129,46.40043,43.01163,43.01163,40.80441,43.56604,39.96248,42.04759,40.24922,35.8469,38.91015,37.33631,37.94733,35.8469,37.94733,34.78505,37.64306,34.20526,35.90265,33.52611,37.0,35.1141,33.73426,32.98485,34.78505,35.1141,31.38471,32.57299,30.46309,31.38471,27.29469,28.17801,29.68164,25.0,25.4951,26.90725,25.23886,23.60085,23.43075,20.80865,22.82542,18.78829,19.69772,18.68154,19.23538,17.11724,16.03122,16.03122,16.03122,14.03567,15.52417,13.60147,51.24451,49.0,53.00943,50.01,56.0357,53.08484,55.14526,55.3263,60.41523,60.53098,59.4138,59.4138,64.28063,65.49046,63.3877,65.62012,61.52235,66.61081,62.39391,64.38167,65.19202,67.74216,69.35416,67.1193,64.03124,66.0303,65.03076,65.03076,68.00735,63.07139,66.06815,61.20457,63.28507,65.76473,63.50591,66.75328,66.28725,65.0,65.14599,66.09841,64.51356,66.12866,64.07808,67.1193,63.15853,62.64982,64.84597,65.76473,65.76473,64.49806,62.76942,64.89992,58.83026,60.46487,59.40539,59.64059,60.0
9.05539,9.0,9.0,8.0,9.0,8.06226,8.06226,8.06226,8.06226,8.06226,8.06226,7.28011,7.28011,7.28011,6.32456,7.28011,7.28011,7.28011,6.32456,7.28011,7.28011,6.32456,7.28011,7.28011,6.08276,6.32456,6.08276,7.07107,6.08276,6.08276,6.0,6.0,6.0,5.09902,5.0,5.09902,5.09902,5.38516,4.47214,4.47214,4.47214,4.47214,4.47214,4.47214,3.60555,4.24264,4.24264,4.24264,3.60555,3.60555,3.60555,3.60555,53.03772,53.0,51.0392,51.15662,48.09366,48.16638,46.69047,46.69047,43.73786,44.14748,42.44997,38.60052,43.65776,39.21734,39.56008,38.07887,38.01316,36.67424,38.47077,36.71512,40.81666,33.12099,37.21559,34.0,34.48188,37.58989,36.35932,36.35932,31.30495,31.76476,34.43835,33.54102,31.01612,32.89377,33.83785,28.63564,27.20294,28.63564,29.06888,30.06659,26.07681,26.01922,24.5153,20.39608,23.5372,22.56103,21.84033,19.31321,18.78829,19.92486,19.31321,16.64332,15.0,16.27882,16.97056,18.38478,16.40122,48.9183,52.40229,50.93133,53.90733,53.03772,54.67175,56.72742,59.20304,58.25805,57.48913,61.22091,62.80127,63.60031,63.82006,67.20119,66.4003,68.8186,66.61081,69.81404,62.62587,66.8431,68.11755,67.00746,70.29225,66.52819,66.48308,67.26812,65.76473,64.3506,69.31089,61.6198,68.76772,65.60488,65.60488,65.73431,66.88797,66.37017,65.8635,66.37017,66.18912,67.62396,64.07808,70.5762,68.35203,68.35203,63.89053,65.14599,66.94027,66.21933,62.0967,63.15061,63.56099,63.56099,59.84146,63.34824,62.64982,60.53098
8.94427,8.06226,8.06226,8.06226,7.2111,7.81025,7.81025,7.07107,7.81025,7.07107,7.07107,7.07107,7.07107,6.40312,6.40312,6.40312,6.40312,6.40312,6.40312,6.40312,6.40312,6.40312,6.40312,6.40312,6.40312,6.40312,6.40312,5.65685,5.65685,5.0,5.0,5.0,5.0,4.47214,4.47214,4.47214,4.47214,3.16228,3.16228,3.16228,3.16228,3.0,3.0,3.0,2.0,3.0,2.23607,2.23607,2.23607,2.23607,2.23607,1.41421,55.9017,50.53712,51.0,48.76474,49.92995,44.77723,45.60702,44.65423,44.04543,45.34314,39.82462,42.52058,40.31129,39.62323,39.82462,40.80441,38.41875,37.20215,38.60052,33.83785,37.73592,36.35932,36.71512,34.98571,35.35534,33.83785,34.66987,33.28663,34.1321,33.83785,31.62278,35.0,31.89044,29.0,30.41381,29.73214,28.42534,26.92582,26.92582,28.30194,23.70654,22.82542,23.4094,20.24846,19.69772,21.84033,23.19483,18.11077,19.0263,18.02776,18.02776,16.03122,14.56022,16.55295,15.52417,15.52417,16.55295,49.64877,50.59644,49.64877,54.23099,52.55473,55.03635,54.23099,55.54278,57.70615,57.69749,61.32699,62.6099,60.41523,63.97656,64.88451,64.88451,68.44706,64.84597,67.08204,63.97656,62.62587,66.64083,65.79514,69.46222,65.9242,67.06713,65.45991,65.45991,65.80274,67.72001,63.32456,62.64184,68.44706,63.34824,70.03571,66.48308,68.11755,66.06815,65.03076,67.00746,68.02941,68.06614,70.25667,64.49806,67.74216,66.09841,63.95311,66.91039,63.15061,63.06346,61.03278,63.32456,62.8172,62.0967,64.51356,60.40695,58.87274
8.24621,8.06226,7.07107,8.06226,7.07107,7.07107,7.0,7.0,6.0,7.07107,6.0,6.0,6.08276,6.08276,6.08276,6.08276,6.08276,6.08276,6.08276,6.08276,5.09902,5.09902,5.0,6.08276,5.09902,5.09902,5.0,5.0,5.0,5.09902,5.09902,4.12311,4.12311,4.12311,4.47214,4.47214,3.60555,3.60555,3.60555,4.24264,3.60555,3.60555,3.60555,3.60555,3.16228,3.16228,3.16228,3.16228,3.16228,3.0,3.0,3.0,54.08327,55.02727,52.88667,47.53946,48.27007,44.91102,46.52956,41.19466,42.19005,43.04649,42.04759,39.0,39.11521,39.0,38.0526,37.12142,38.20995,37.48333,35.51056,37.33631,34.52535,35.90265,37.48333,37.10795,34.52535,31.7805,34.23449,34.52535,30.26549,34.1321,32.14032,29.15476,31.01612,31.01612,30.06659,27.07397,25.01999,29.27456,26.68333,25.96151,21.93171,22.84732,24.16609,21.09502,20.59126,22.47221,19.79899,20.51828,19.10497,15.6205,18.86796,18.35756,15.65248,17.49286,15.81139,17.46425,17.11724,50.0,52.43091,53.0,53.33854,54.70832,54.58938,57.3062,57.3062,60.82763,62.17717,64.88451,61.7171,65.29931,66.64083,67.1193,66.70832,65.30697,69.77822,67.54258,65.30697,67.60178,68.0,69.83552,68.47627,68.42514,67.23095,66.7308,67.74216,66.88797,65.45991,66.85058,65.43699,66.06815,67.26812,67.20863,66.52819,66.48308,67.94115,68.0147,68.88396,65.43699,69.02898,68.00735,66.85058,66.4003,66.85058,64.3506,63.52952,68.47627,68.47627,64.88451,66.64833,59.5063,60.41523,61.32699,59.23681,59.61543
9.84886,9.84886,9.48683,9.48683,8.544,8.544,8.24621,8.24621,8.24621,8.24621,8.06226,8.06226,8.06226,8.06226,7.07107,8.06226,8.0,7.0,7.07107,7.07107,7.07107,7.07107,7.07107,7.07107,7.07107,7.07107,6.08276,6.32456,6.32456,6.32456,6.32456,5.38516,5.83095,5.83095,5.83095,5.0,5.0,5.0,4.24264,4.24264,4.24264,4.24264,3.60555,3.60555,3.60555,3.60555,3.60555,3.16228,4.12311,3.16228,3.16228,3.0,55.80323,56.22277,52.80152,51.0392,51.97115,47.41308,45.61798,46.06517,43.86342,43.65776,43.01163,44.64303,43.68066,39.29377,42.2019,40.80441,39.56008,39.29377,37.48333,40.4475,38.20995,35.35534,38.32754,39.11521,32.14032,35.90265,34.36568,36.22154,32.75668,34.9285,35.90265,33.52611,32.89377,28.4605,31.95309,28.17801,28.79236,30.52868,27.78489,27.29469,27.45906,25.23886,23.60085,24.20744,23.02173,20.80865,20.59126,20.59126,19.72308,18.78829,18.35756,18.78829,20.39608,17.02939,18.02776,15.13275,16.12452,50.92151,52.49762,53.85165,53.15073,58.46366,56.75385,58.0517,58.94065,61.39218,62.16912,63.50591,62.28965,64.62971,66.61081,70.85901,66.61081,67.60178,69.87131,67.60178,70.21396,68.44706,68.44706,71.02112,70.85901,67.74216,69.857,68.44706,68.88396,67.68309,67.91171,66.09841,67.35726,67.23095,67.23095,69.35416,71.11259,68.47627,71.11259,69.77105,69.46222,69.64194,69.33974,69.06519,72.00694,67.80118,72.24957,70.17834,67.94115,68.593,65.11528,68.11755,64.3506,63.65532,63.78087,60.82763,63.78087,63.78087
9.21954,9.21954,9.05539,9.05539,9.05539,8.06226,8.06226,8.0,8.0,8.0,8.06226,8.06226,8.06226,8.06226,7.07107,7.07107,7.07107,7.07107,7.07107,7.07107,7.07107,7.07107,7.07107,7.07107,7.07107,7.07107,7.07107,6.0,6.0,6.0,6.0,6.0,5.09902,5.09902,5.38516,5.38516,4.47214,4.12311,4.47214,4.47214,3.60555,3.60555,3.60555,3.60555,2.82843,2.82843,2.82843,2.82843,2.82843,2.23607,2.23607,2.23607,54.42426,56.30275,49.64877,46.17359,56.32051,44.64303,47.07441,41.7732,43.04649,41.04875,44.28318,40.0,40.0125,43.04649,39.11521,39.31921,41.30375,38.63936,38.20995,37.48333,35.12834,40.1995,33.54102,34.23449,35.35534,37.48333,35.12834,35.51056,36.49658,35.22783,35.01428,31.0,33.0,28.0,30.26549,29.01724,27.29469,29.61419,26.30589,24.35159,26.92582,25.55386,22.84732,21.54066,22.2036,18.60108,19.10497,20.80865,20.24846,16.12452,18.60108,16.12452,16.55295,14.76482,14.86607,14.14214,16.03122,50.21952,45.48626,54.91812,46.87217,55.07268,51.0,57.3062,57.3062,59.94164,61.29437,56.79789,63.50591,63.95311,62.16912,60.37384,66.85058,66.30988,68.54196,63.50591,63.69458,63.95311,70.21396,71.55418,62.64982,68.0,68.47627,65.29931,63.52952,73.06162,61.91123,66.28725,63.00794,63.60031,64.53681,63.89053,63.78087,67.94115,63.63961,62.93648,67.88225,64.3506,70.43437,63.41136,71.21798,61.61169,65.60488,66.28725,65.73431,64.14047,66.7308,63.52952,63.63175,58.83026,63.13478,60.90156,56.79789,61.77378
9.05539,9.05539,9.05539,8.06226,9.05539,8.0,8.0,8.06226,8.06226,8.06226,7.07107,8.06226,7.07107,7.07107,7.07107,7.28011,7.28011,7.28011,6.32456,6.08276,7.07107,7.07107,7.07107,6.08276,6.08276,6.08276,6.08276,6.0,6.0,6.0,5.0,5.0,5.09902,5.09902,5.09902,5.09902,5.09902,4.47214,4.47214,4.47214,4.47214,4.47214,3.60555,3.60555,3.60555,3.60555,4.24264,3.60555,3.60555,3.60555,3.60555,3.60555,55.08176,52.63079,51.62364,48.83646,46.52956,45.17743,45.04442,46.01087,45.04442,40.11234,43.04649,44.28318,42.10701,41.19466,40.60788,39.05125,36.49658,35.73514,35.44009,39.56008,37.94733,37.94733,35.44009,34.78505,33.37664,30.41381,35.69314,33.83785,33.24154,33.24154,33.73426,31.40064,29.61419,29.15476,32.14032,26.01922,29.01724,28.07134,26.4764,27.29469,24.73863,26.92582,24.16609,19.92486,22.36068,21.47091,20.12461,19.84943,19.20937,19.10497,16.97056,17.80449,15.81139,17.02939,15.26434,16.15549,13.0384,48.9183,48.41487,52.80152,54.6443,53.82379,57.45433,56.85948,58.59181,60.53924,59.05929,66.88797,62.26556,63.13478,61.91123,63.52952,66.7308,66.03787,65.74192,65.51336,69.35416,67.08204,67.1193,69.97142,72.40166,67.1193,66.03787,66.61081,63.82006,69.02898,67.00746,62.28965,65.94695,65.8559,65.06919,66.48308,64.44377,67.26812,70.0,68.50547,68.00735,64.07027,69.97142,67.1193,69.11584,67.1193,72.94518,65.8635,67.97794,61.7171,65.74192,67.06713,64.2573,61.84658,65.55151,63.89053,60.74537,61.35145
9.21954,9.21954,8.24621,8.24621,8.24621,8.24621,8.544,7.61577,7.61577,7.61577,7.61577,7.61577,6.7082,6.7082,6.7082,6.7082,7.2111,6.7082,6.7082,6.7082,6.7082,6.7082,6.7082,6.7082,6.32456,6.7082,6.32456,6.32456,5.09902,6.08276,5.09902,5.09902,5.09902,5.0,5.0,5.0,5.09902,4.12311,4.12311,4.12311,4.12311,4.12311,4.47214,3.60555,3.60555,3.60555,3.60555,3.60555,4.24264,3.60555,3.60555,3.60555,53.15073,50.03998,50.24938,48.09366,50.35871,46.52956,43.17407,44.91102,42.95346,42.44997,43.32436,39.56008,43.46263,40.31129,38.07887,40.24922,36.67424,36.71512,34.88553,37.58989,38.58756,34.0,36.89173,34.48188,33.12099,32.64966,35.51056,32.75668,34.43835,33.12099,36.67424,32.20248,31.38471,31.01612,30.36445,27.89265,28.63564,26.1725,26.07681,24.02082,23.02173,23.02173,22.80351,23.08679,22.47221,22.36068,19.92486,21.9545,19.41649,18.35756,15.81139,16.12452,17.69181,17.69181,16.27882,15.81139,16.12452,49.0408,49.76947,52.80152,51.89412,54.58938,55.56978,55.56978,57.3062,59.64059,57.45433,62.1289,64.66065,62.96825,65.45991,64.3506,65.0,67.20119,66.61081,65.80274,65.60488,62.68174,67.42403,68.8186,68.8186,66.85058,69.11584,69.11584,69.46222,65.8635,69.46222,66.64083,66.64083,64.88451,65.9242,66.48308,67.77905,66.09841,68.88396,67.18631,69.63476,66.70832,67.68309,67.91171,69.2315,64.93843,66.75328,66.48308,67.36468,65.27634,63.50591,64.28063,66.06815,66.0303,63.12686,61.03278,61.0,61.0082
9.21954,9.21954,9.21954,9.21954,8.60233,8.60233,8.06226,8.06226,8.06226,8.06226,8.06226,8.06226,8.06226,8.06226,6.7082,7.61577,7.61577,7.61577,7.61577,7.61577,6.7082,7.61577,6.7082,6.7082,6.7082,6.7082,6.7082,5.83095,6.40312,5.83095,6.40312,6.40312,5.65685,5.65685,5.0,5.0,5.0,5.0,4.47214,4.47214,4.47214,4.12311,4.12311,4.12311,3.16228,3.16228,4.12311,3.0,3.0,3.0,3.16228,3.0,55.9464,49.65884,53.53504,49.64877,48.82622,44.65423,45.45327,46.61545,43.41659,41.03657,43.13931,39.62323,41.7732,38.8973,41.40048,39.20459,39.40812,35.60899,38.83298,40.22437,36.89173,36.61967,35.8469,36.05551,32.24903,36.23534,35.51056,37.73592,33.12099,33.61547,34.4093,32.64966,32.55764,33.30165,31.1127,29.83287,29.83287,28.30194,28.6007,26.07681,24.69818,21.93171,25.29822,24.35159,22.13594,21.37756,20.09975,19.0263,21.09502,17.02939,16.12452,18.24829,17.08801,16.03122,15.23155,16.55295,15.81139,50.03998,49.0,52.03845,52.23983,54.58938,52.61179,54.91812,57.27128,59.43904,59.03389,59.03389,62.36986,62.58594,66.28725,64.7611,64.7611,65.30697,66.48308,66.28725,66.76077,64.32729,69.37579,67.46851,68.24954,67.26812,68.593,68.73136,66.28725,67.36468,66.37017,62.28965,67.1193,69.11584,66.00758,68.0,68.0,65.49046,66.37017,67.08204,69.72087,68.73136,67.91171,68.15424,67.26812,65.52099,64.84597,65.14599,67.05222,66.21933,65.45991,66.12866,62.24147,63.24555,58.87274,62.96825,61.09828,59.61543
7.81025,7.81025,7.81025,7.81025,7.2111,7.2111,6.7082,6.7082,6.7082,6.7082,6.7082,6.32456,6.32456,6.32456,6.32456,6.32456,6.32456,5.38516,6.32456,6.32456,5.38516,5.38516,5.38516,5.38516,5.38516,5.38516,5.38516,4.47214,5.0,4.47214,5.0,5.0,4.24264,4.24264,4.24264,3.60555,3.60555,3.60555,3.16228,3.16228,3.16228,3.16228,3.0,3.0,2.0,2.0,2.0,2.23607,2.23607,2.23607,2.23607,2.23607,48.37355,49.09175,49.67897,48.60041,48.27007,43.18565,46.09772,42.52058,43.13931,39.82462,41.86884,40.80441,38.83298,38.94868,38.01316,38.07887,36.89173,37.21559,35.77709,36.67424,35.8469,35.34119,34.0147,33.12099,34.0,34.1321,34.0,31.7805,31.76476,33.54102,33.12099,33.12099,30.61046,29.41088,31.40064,29.73214,26.90725,26.1725,28.42534,24.69818,22.67157,22.80351,24.69818,22.47221,18.02776,20.61553,18.97367,19.23538,15.13275,18.02776,16.0,14.0,17.11724,16.27882,16.15549,13.92839,12.36932,49.0408,50.01,54.03702,52.23983,57.42822,54.58938,58.54912,59.4138,60.01666,61.52235,62.64982,61.81424,65.37584,68.06614,64.93843,67.18631,65.11528,69.05071,67.08204,66.75328,69.87131,68.24954,68.88396,70.25667,69.58448,67.47592,66.37017,67.36468,71.17584,68.06614,66.06815,66.00758,69.0,68.02941,68.18358,66.37017,65.76473,69.05071,70.03571,68.24954,65.51336,68.68042,68.15424,70.21396,63.89053,69.64194,67.06713,64.2573,66.85058,64.2573,65.0,64.84597,63.56099,59.5063,63.95311,58.60034,63.13478
9.21954,8.60233,8.06226,8.06226,7.2111,8.06226,7.61577,7.61577,6.7082,6.7082,6.7082,6.32456,6.32456,6.32456,6.32456,6.32456,6.32456,6.32456,6.08276,6.08276,6.08276,6.08276,6.32456,6.08276,6.32456,6.32456,5.38516,5.38516,5.38516,5.38516,5.0,5.0,5.0,5.0,5.0,5.0,5.0,3.60555,3.60555,3.60555,4.47214,4.47214,3.16228,4.12311,3.16228,3.16228,4.0,3.0,3.0,3.0,3.16228,3.16228,50.80354,52.00961,49.64877,50.24938,47.70744,43.41659,45.65085,46.52956,42.95346,42.54409,42.72002,40.16217,39.84972,38.8973,36.87818,37.85499,37.48333,37.85499,35.22783,38.32754,37.05401,33.73426,36.12478,33.0,34.71311,35.22783,33.37664,35.22783,32.75668,33.95585,31.7805,32.57299,32.01562,30.67572,29.96665,27.85678,26.57066,26.92582,25.07987,27.29469,26.62705,26.1725,22.62742,21.26029,21.26029,19.72308,21.47091,17.49286,17.88854,19.31321,18.38478,19.64688,15.52417,17.02939,17.02939,17.02939,16.12452,50.92151,51.5461,52.81098,54.40588,55.54278,55.9017,54.12947,60.20797,58.85576,60.82763,61.66036,60.53098,65.62012,64.49806,66.48308,65.9242,69.46222,66.37017,64.62971,69.72087,70.85901,65.51336,72.00694,69.2315,68.24954,68.65858,67.91171,68.88396,69.64194,67.44627,66.7308,68.35203,68.00735,66.21178,67.1193,68.44706,66.24198,69.77822,66.88797,67.74216,67.6757,70.45566,67.42403,69.40461,67.62396,70.83784,67.26812,70.0928,65.19202,67.17887,65.11528,62.36986,60.10824,63.70243,62.93648,62.93648,61.55485
7.81025,8.06226,8.06226,8.06226,6.7082,6.7082,6.7082,6.7082,6.32456,6.32456,6.32456,6.08276,6.08276,6.08276,6.08276,6.08276,6.08276,6.08276,6.08276,6.08276,6.08276,6.08276,5.09902,6.08276,6.08276,5.09902,5.38516,5.38516,5.38516,4.47214,4.47214,4.47214,4.47214,4.47214,3.60555,3.60555,3.60555,4.24264,3.60555,3.60555,3.16228,3.16228,3.16228,2.23607,2.0,2.0,2.0,3.0,2.0,3.0,2.23607,2.23607,56.30275,49.09175,53.00943,47.80167,43.41659,48.27007,41.23106,44.55334,37.48333,43.13931,42.63801,39.66106,38.01316,36.40055,37.20215,38.07887,40.81666,38.27532,37.73592,35.35534,38.48376,33.12099,39.82462,34.48188,34.88553,37.21559,32.89377,35.77709,34.98571,31.76476,31.38471,32.24903,30.80584,31.62278,30.41381,31.14482,29.73214,25.45584,27.58623,24.20744,20.51828,26.41969,22.47221,21.93171,22.13594,19.31321,20.61553,17.11724,18.24829,17.02939,14.03567,18.24829,18.02776,15.81139,16.76305,15.81139,18.78829,49.0102,53.03772,51.47815,57.70615,52.23983,59.68249,56.7186,59.22837,60.01666,58.46366,61.61169,62.36986,66.09841,65.11528,68.88396,65.0,67.68309,64.7611,69.2315,70.61161,67.26812,68.06614,67.89698,68.06614,67.26812,71.56815,70.71068,71.34424,64.28063,69.18092,64.07027,71.00704,67.00746,67.06713,67.18631,66.27217,64.28063,69.87131,66.48308,66.75328,71.38627,63.06346,71.30919,69.37579,68.96376,66.7308,68.00735,67.41662,65.0,66.12866,66.12866,65.0,63.97656,58.13777,62.76942,64.84597,56.82429
9.48683,8.24621,8.24621,8.24621,8.06226,8.06226,8.06226,8.0,8.0,8.0,7.07107,7.0,7.0,7.0,7.0,7.0,7.07107,7.0,7.07107,7.07107,7.07107,6.08276,7.0,6.08276,7.07107,7.0,6.0,6.0,6.0,6.08276,5.09902,5.09902,5.09902,5.09902,5.38516,4.47214,4.47214,4.47214,4.47214,3.60555,3.60555,3.60555,3.60555,2.82843,2.82843,2.82843,2.82843,2.82843,2.23607,2.23607,2.23607,2.0,51.0392,50.77401,53.33854,50.9902,49.73932,47.85394,45.18849,45.18849,43.01163,42.44997,44.14748,39.62323,40.60788,36.87818,36.34556,39.20459,37.33631,36.05551,36.01389,37.05401,40.0125,37.33631,38.0526,38.0526,35.01428,35.0571,36.05551,35.0571,35.12834,36.34556,32.75668,35.22783,32.01562,29.42788,30.08322,28.4605,29.42788,29.83287,25.94224,25.4951,26.07681,27.20294,24.18677,20.61553,21.2132,22.2036,20.0,18.43909,16.55295,17.88854,18.78829,17.46425,16.12452,14.86607,14.56022,15.0,16.12452,50.69517,50.56679,52.20153,51.26402,53.60037,54.81788,55.65968,57.00877,57.00877,60.41523,64.13267,61.98387,61.18823,61.81424,65.51336,64.53681,66.70832,66.91039,67.91171,68.24954,67.68309,65.96969,69.857,66.28725,68.15424,69.12308,68.88396,65.80274,67.35726,68.35203,63.90618,65.9242,67.08204,67.97794,67.1193,66.18912,67.74216,66.88797,63.81222,68.00735,62.42596,66.21933,68.00735,68.76772,66.06815,65.06919,65.76473,65.76473,65.05382,67.17887,65.06919,63.78087,63.03174,61.40033,62.28965,60.30755,59.20304
8.544,7.61577,7.28011,7.28011,7.28011,7.28011,7.07107,6.08276,6.08276,6.08276,6.08276,6.0,6.0,6.0,6.0,6.0,6.0,6.0,6.08276,6.08276,5.0,6.08276,6.0,5.09902,5.0,5.0,5.09902,5.0,5.09902,5.09902,4.12311,5.09902,4.12311,4.47214,4.47214,4.47214,3.60555,3.60555,3.60555,4.24264,3.60555,3.60555,3.60555,3.60555,3.16228,3.16228,3.16228,3.16228,3.16228,3.0,3.0,3.0,50.15974,52.0,51.5461,49.33559,44.92215,44.14748,45.12206,44.91102,41.30375,40.79216,38.20995,39.11521,38.0,38.0526,39.01282,39.05125,38.63936,36.22154,36.12478,34.71311,37.48333,34.52535,37.65634,35.69314,34.23449,32.24903,30.59412,33.73426,36.22154,33.06055,33.06055,32.06244,34.0147,33.01515,31.0,31.01612,32.14032,26.68333,27.20294,26.0,22.84732,23.76973,20.59126,20.59126,22.47221,22.02272,22.67157,20.0,21.40093,19.20937,17.49286,16.64332,16.40122,13.41641,13.92839,17.26268,17.46425,51.0392,51.97115,54.08327,56.82429,55.07268,58.13777,55.9464,58.60034,60.83584,59.23681,64.4748,64.4748,64.88451,68.44706,66.30988,64.62198,69.35416,69.857,67.54258,66.21178,68.54196,71.58911,68.942,70.26379,66.64083,68.88396,68.88396,69.77105,68.60029,69.89278,66.03787,65.80274,68.50547,65.80274,69.2026,69.02898,68.68042,68.62215,68.593,68.62215,71.44928,70.43437,70.29225,69.6563,67.62396,66.85058,66.0303,64.89992,65.73431,66.57327,66.88797,64.66065,60.53924,62.26556,63.52952,63.52952,60.90156
9.21954,9.05539,9.05539,8.06226,8.0,8.0,8.0,8.0,8.06226,8.06226,8.06226,8.06226,7.07107,7.28011,7.28011,7.28011,7.28011,7.28011,7.28011,7.28011,7.28011,7.28011,7.28011,7.28011,6.08276,7.07107,7.07107,7.07107,6.08276,6.0,6.0,6.0,6.0,5.0,5.09902,5.09902,5.38516,4.12311,4.12311,4.12311,4.47214,4.47214,3.60555,3.60555,3.60555,2.82843,2.82843,2.82843,2.82843,2.23607,2.23607,2.23607,54.23099,51.15662,52.0,48.04165,47.0,44.18144,43.73786,43.41659,41.4367,43.93177,42.72002,41.7732,39.56008,39.56008,36.40055,40.31129,38.91015,38.48376,37.57659,38.94868,37.58989,35.1141,36.71512,33.12099,35.1141,35.77709,34.53983,38.01316,32.69557,34.0147,36.40055,32.57299,34.78505,28.79236,31.57531,32.01562,31.57531,29.15476,30.06659,27.01851,26.30589,26.4764,23.19483,24.73863,19.92486,23.70654,21.47091,19.69772,16.64332,20.61553,20.61553,16.27882,19.79899,17.69181,16.97056,16.12452,15.81139,49.40648,50.80354,53.0,53.41348,52.40229,54.48853,55.9017,58.69412,58.0517,58.72819,64.38167,63.65532,64.38167,64.38167,63.03174,67.88225,67.89698,65.8559,66.6033,67.88225,67.89698,67.88225,70.03571,70.00714,70.72482,70.17834,63.65532,62.28965,67.62396,65.29931,65.29931,66.4003,64.63745,63.51378,64.63745,63.81222,66.24198,68.0,67.1193,64.07808,63.07139,67.62396,68.94926,68.35203,63.56886,63.89053,63.90618,68.15424,61.84658,66.21933,64.32729,60.41523,58.46366,61.39218,60.20797,58.85576,61.29437
8.94427,8.94427,9.43398,8.60233,8.60233,7.81025,7.81025,7.81025,7.81025,7.81025,7.81025,7.07107,7.81025,7.81025,7.81025,7.81025,7.81025,7.81025,7.2111,7.2111,7.81025,7.2111,7.07107,7.81025,7.07107,7.07107,7.07107,7.07107,7.07107,6.40312,6.40312,6.40312,5.83095,5.83095,5.38516,5.38516,5.38516,5.38516,5.38516,4.12311,4.12311,4.0,4.12311,4.0,4.0,4.0,3.0,4.0,3.16228,3.16228,3.16228,3.16228,51.1957,55.9017,51.41984,48.70318,47.53946,42.72002,47.53946,43.86342,42.94182,40.49691,39.66106,38.58756,38.83298,43.60046,40.0,39.59798,40.45986,37.53665,38.18377,38.94868,36.79674,36.06938,36.12478,38.18377,35.35534,38.18377,37.48333,37.48333,36.79674,34.65545,35.35534,33.30165,35.0,31.89044,30.61046,32.44996,32.44996,28.63564,31.01612,29.54657,26.0,24.5153,26.92582,25.31798,21.0238,22.2036,20.0,21.0238,17.46425,20.22375,17.72005,18.02776,17.72005,20.12461,17.0,16.64332,15.55635,52.15362,48.54894,54.3783,52.43091,54.40588,52.63079,54.67175,57.38467,58.72819,62.62587,61.7171,62.482,63.89053,63.12686,62.36986,68.76772,64.53681,68.24954,64.03124,67.47592,66.06815,68.24954,70.43437,68.60029,67.00746,69.40461,68.24222,60.53924,68.26419,64.00781,67.1193,62.17717,67.97794,65.79514,67.23095,65.55151,67.72001,67.6757,65.0,65.73431,60.01666,67.60178,63.95311,69.26038,60.53098,65.06919,62.28965,62.1289,65.03076,65.00769,63.03174,63.07139,59.03389,61.0082,62.20129,59.21149,57.21888
7.28011,7.28011,7.61577,6.7082,6.7082,6.7082,5.83095,5.83095,5.83095,6.40312,6.40312,6.40312,6.40312,5.65685,5.65685,6.40312,5.65685,5.65685,5.65685,5.65685,5.65685,5.65685,5.65685,5.65685,5.65685,5.65685,5.0,5.0,5.0,5.0,4.47214,4.47214,4.47214,4.47214,4.12311,4.12311,4.0,4.0,4.0,3.0,3.0,3.16228,3.16228,3.16228,3.16228,3.16228,2.82843,2.82843,2.82843,2.82843,2.82843,2.23607,48.08326,47.29693,48.46648,45.31004,46.06517,42.72002,42.94182,43.04649,41.04875,39.20459,42.0119,38.28838,39.59798,38.8973,38.20995,38.20995,38.20995,35.38361,37.64306,35.0,37.01351,35.60899,37.44329,35.51056,37.01351,36.40055,35.0,39.11521,34.4093,32.80244,32.64966,30.41381,35.35534,33.24154,28.28427,29.83287,31.241,30.80584,27.78489,25.07987,27.29469,27.51363,25.07987,23.4094,23.5372,24.33105,19.0263,21.0238,19.0,18.0,19.10497,19.41649,16.49242,17.08801,18.02776,15.65248,14.42221,51.62364,51.97115,53.0,59.68249,56.61272,55.60576,58.41233,59.40539,58.82176,58.41233,62.482,63.60031,65.43699,63.03174,63.89053,67.00746,68.24954,63.70243,69.02898,68.41053,67.1193,66.4003,71.8401,68.00735,72.42237,70.72482,66.57327,66.24198,67.74216,68.88396,64.41273,67.54258,69.07966,66.7308,67.35726,64.56005,66.48308,67.44627,66.4906,65.51336,65.51336,66.75328,65.49046,67.36468,66.18912,69.02898,65.0,67.00746,62.07254,64.07027,63.07139,59.21149,60.13319,60.53098,59.4138,60.67125,59.03389
8.48528,8.60233,8.60233,8.60233,8.06226,8.06226,7.61577,7.61577,7.61577,7.61577,7.61577,7.61577,7.28011,7.28011,7.28011,7.28011,7.28011,7.28011,7.28011,6.08276,6.32456,7.28011,7.28011,7.28011,6.32456,6.32456,6.32456,6.32456,5.38516,6.7082,5.83095,5.83095,5.0,5.0,5.0,5.0,4.24264,4.24264,3.60555,3.60555,3.60555,3.60555,3.16228,3.16228,3.16228,3.16228,3.16228,3.0,2.0,2.0,2.0,2.23607,53.60037,49.20366,48.41487,48.01042,47.42362,45.96738,43.84062,43.41659,42.0119,42.80187,42.43819,42.72002,45.22168,40.31129,40.31129,41.59327,39.81206,39.39543,38.91015,37.16181,41.23106,37.33631,36.76955,37.16181,37.33631,39.92493,34.9285,36.05551,37.16181,38.47077,36.24914,38.58756,33.12099,30.41381,32.24903,29.20616,30.23243,28.42534,29.73214,31.40064,25.4951,28.17801,24.18677,25.55386,21.9545,23.76973,21.54066,20.39608,20.39608,19.41649,17.46425,18.11077,17.11724,15.13275,17.02939,15.81139,13.60147,50.9902,51.1957,49.47727,53.60037,54.57105,55.36244,57.24509,59.77458,61.03278,60.74537,63.56886,64.84597,64.19502,66.12866,66.7308,68.00735,69.57011,64.84597,69.92138,67.35726,70.5195,70.88018,68.68042,70.60453,69.37579,66.70832,69.64194,71.06335,65.9242,69.05071,67.08204,68.593,68.26419,66.06815,67.02984,68.00735,66.00758,70.11419,67.1193,65.62012,65.49046,66.91039,66.91039,68.88396,64.7611,73.24616,66.48308,65.45991,63.56886,65.80274,62.03225,65.0,65.9242,60.16644,60.00833,62.16912,57.27128
9.21954,8.24621,8.24621,8.24621,8.544,8.544,8.06226,7.61577,7.61577,6.7082,7.61577,7.2111,7.2111,7.2111,7.2111,7.2111,7.2111,7.2111,6.40312,6.40312,7.2111,6.40312,6.40312,6.40312,5.83095,7.2111,6.7082,5.83095,6.32456,6.7082,6.32456,6.32456,5.09902,5.09902,5.09902,5.09902,5.0,5.0,4.0,5.09902,4.12311,4.12311,4.12311,4.12311,4.12311,4.12311,4.47214,3.60555,3.60555,3.60555,3.60555,4.24264,52.23983,50.35871,47.53946,48.83646,49.0408,44.94441,42.72002,44.59821,43.46263,40.24922,41.59327,42.43819,40.81666,42.19005,40.45986,38.60052,39.69887,40.60788,37.53665,41.03657,40.36087,41.10961,37.48333,36.12478,34.71311,36.79674,40.31129,34.20526,34.71311,38.94868,34.82815,35.4683,33.30165,31.06445,35.8469,29.52965,29.96665,30.8707,31.01612,29.83287,29.12044,27.20294,25.07987,24.5153,22.09072,26.01922,23.02173,19.0263,21.09502,20.88061,18.68154,17.88854,19.31321,16.55295,16.12452,15.26434,15.0,50.60632,51.66237,53.15073,52.34501,56.0803,51.62364,58.0517,56.58622,59.4138,60.82763,59.39697,61.52235,65.06919,65.79514,64.44377,66.52819,65.05382,67.89698,67.17887,67.20863,68.62215,68.62215,71.42129,70.76722,67.20863,67.35726,71.06335,65.29931,69.02898,65.80274,66.03787,67.6757,61.05735,65.0,68.47627,67.53518,65.29931,66.48308,65.9242,66.76077,64.84597,65.73431,65.73431,69.63476,64.32729,66.94027,66.09841,65.76473,66.48308,67.26812,65.06919,64.07027,59.13544,60.0,58.07753,56.0,61.0
7.07107,7.07107,7.81025,7.81025,7.2111,7.2111,6.7082,6.7082,6.7082,6.7082,6.7082,6.32456,6.32456,6.32456,6.32456,6.32456,6.08276,6.08276,6.32456,6.08276,6.32456,6.32456,6.08276,6.08276,5.38516,5.38516,5.38516,5.38516,5.38516,5.38516,5.0,5.0,5.0,4.24264,4.24264,4.24264,3.60555,3.60555,3.60555,3.60555,3.16228,3.16228,3.16228,3.16228,3.0,3.0,2.0,3.0,3.0,2.23607,2.23607,2.23607,49.92995,53.33854,45.80393,43.86342,46.75468,42.42641,43.84062,43.86342,43.01163,38.60052,38.60052,41.04875,40.31129,39.96248,38.07887,37.57659,39.82462,35.8469,34.9285,39.21734,35.1141,34.9285,34.53983,37.57659,36.40055,36.76955,37.16181,34.17601,35.4683,34.0147,36.23534,32.24903,32.75668,30.80584,30.88689,31.62278,29.83287,31.14482,30.41381,25.45584,26.90725,25.0,25.23886,25.55386,21.54066,20.59126,26.0,20.61553,17.72005,19.64688,21.0238,16.27882,18.02776,17.0,15.52417,18.02776,15.23155,50.80354,50.69517,55.7853,53.60037,55.08176,54.42426,57.24509,59.61543,58.18935,57.93962,59.23681,61.68468,64.62198,65.39113,64.07808,68.35203,68.35203,69.07966,68.35203,66.48308,68.30813,70.5195,70.83784,68.30813,71.51224,70.88018,74.04053,67.72001,70.34202,68.65858,67.26812,65.11528,69.35416,66.48308,67.26812,67.02984,67.02984,66.00758,66.0303,69.46222,67.18631,67.89698,69.05071,69.42622,62.8172,64.53681,64.7611,63.60031,63.60031,65.45991,61.68468,63.15853,58.18935,57.77543,60.92618,56.79789,58.60034
9.05539,9.21954,8.24621,9.21954,8.544,8.544,7.61577,7.61577,7.61577,8.06226,7.61577,8.06226,8.06226,8.06226,7.2111,8.06226,7.2111,7.2111,7.2111,7.2111,7.2111,7.2111,6.7082,7.2111,7.2111,6.7082,6.7082,6.7082,6.32456,6.32456,6.32456,6.32456,6.32456,6.08276,5.0,5.0,5.0,5.0,5.0,5.0,4.12311,4.12311,4.12311,4.12311,3.16228,3.16228,3.60555,3.60555,3.16228,3.60555,2.82843,2.82843,53.15073,53.33854,48.83646,48.37355,48.01042,46.01087,46.0,42.04759,45.27693,39.20459,39.62323,40.4475,41.7732,40.02499,38.07887,39.84972,42.15448,41.10961,39.21734,38.8973,39.21734,37.69615,38.60052,39.0,35.8469,40.31129,38.07887,34.9285,36.05551,37.69615,34.48188,35.69314,35.69314,36.67424,30.26549,31.06445,34.0147,30.0,31.01612,28.16026,27.45906,26.92582,25.96151,23.08679,25.70992,21.54066,19.72308,23.32381,21.40093,18.60108,19.10497,18.38478,16.40122,17.20465,17.80449,15.81139,15.65248,48.83646,50.44799,52.49762,50.80354,53.41348,56.0357,53.53504,58.83026,59.16925,59.36329,59.90826,61.29437,64.3506,66.03787,64.14047,65.74192,65.19202,66.37017,63.24555,68.60029,68.7968,70.83078,68.50547,68.50547,67.95587,73.24616,68.8186,66.0303,66.0303,68.60029,66.06815,68.0147,65.19202,66.46804,65.79514,68.62215,66.06815,63.82006,65.45991,66.28725,66.28725,63.51378,63.24555,65.0,63.52952,65.76473,64.84597,62.24147,64.40497,60.41523,63.69458,57.93962,60.74537,56.64804,61.40033,56.61272,58.69412
9.05539,9.05539,8.06226,8.06226,8.0,8.0,8.06226,8.06226,8.06226,8.06226,7.07107,7.07107,7.07107,7.07107,7.07107,7.28011,7.28011,7.28011,6.32456,7.28011,7.28011,7.28011,7.28011,7.28011,7.07107,6.32456,6.08276,6.08276,6.0,6.0,6.0,6.08276,6.08276,5.09902,5.09902,5.09902,5.09902,5.38516,5.38516,4.47214,4.47214,4.47214,5.0,3.60555,4.24264,3.60555,4.24264,4.24264,3.60555,3.60555,3.60555,3.60555,53.46027,51.35173,51.35173,49.0408,48.01042,48.01042,43.18565,46.04346,42.29657,43.41659,39.29377,40.5216,41.76123,34.20526,39.56008,39.56008,38.60052,37.16181,39.0,40.24922,41.14608,38.07887,37.12142,39.39543,35.8469,35.4683,34.9285,34.43835,37.33631,38.48376,35.34119,36.40055,31.32092,34.48188,32.28002,31.40064,29.15476,30.14963,31.0,28.01785,27.07397,27.29469,28.63564,22.56103,23.76973,21.37756,21.93171,21.93171,19.72308,21.47091,20.59126,18.60108,19.41649,19.10497,17.80449,17.80449,15.81139,48.83646,50.9902,48.41487,53.60037,52.43091,54.6443,55.47071,56.0357,58.83026,56.30275,59.16925,60.74537,66.0303,65.73431,66.57327,64.14047,67.41662,65.51336,66.28725,67.95587,65.45991,71.28113,68.00735,66.61081,69.06519,69.40461,67.6757,67.80118,66.06815,70.0928,62.482,68.62215,66.48308,65.06919,67.26812,68.88396,63.60031,63.82006,66.0303,66.88797,66.88797,63.95311,65.76473,65.74192,67.53518,65.9242,65.55151,62.39391,64.51356,62.62587,63.56886,64.84597,62.64184,59.90826,60.87693,57.97413,57.72348
9.05539,8.24621,9.21954,8.24621,8.24621,8.24621,8.544,7.61577,7.61577,7.61577,7.61577,8.06226,6.7082,6.7082,6.7082,7.2111,7.2111,7.2111,6.7082,6.7082,6.7082,6.7082,6.7082,6.7082,6.7082,6.7082,6.7082,6.32456,6.32456,6.32456,5.09902,6.08276,6.0,6.0,5.0,6.0,5.0,5.09902,5.09902,4.12311,5.09902,4.12311,4.47214,4.47214,4.47214,4.47214,3.60555,3.60555,3.60555,3.60555,4.24264,3.60555,53.08484,50.01,50.03998,48.37355,48.25971,48.50773,43.56604,46.57252,40.5216,46.48656,43.65776,42.04759,41.62932,38.62642,41.62932,38.47077,38.91015,39.96248,38.58756,38.07887,40.22437,36.35932,40.49691,38.47077,34.66987,36.35932,36.35932,36.89173,38.01316,36.71512,34.88553,36.35932,34.9285,34.17601,35.8469,32.75668,32.75668,28.63564,27.45906,28.28427,26.07681,26.07681,27.07397,22.09072,23.5372,26.30589,22.13594,21.84033,24.35159,20.12461,18.78829,17.88854,19.72308,16.27882,14.86607,17.69181,15.6205,48.41487,53.2635,49.49747,53.03772,50.93133,55.44367,56.58622,57.38467,60.87693,58.13777,62.36986,64.44377,63.70243,63.78087,64.44377,63.12686,68.11755,65.19202,72.34639,68.24954,63.70243,67.26812,68.0147,72.24957,67.20863,66.52819,69.35416,71.42129,65.11528,66.6033,66.06815,71.06335,65.80274,68.50547,69.11584,65.8635,64.41273,68.09552,66.64083,67.1193,68.02941,65.55151,67.23095,66.7308,68.96376,67.05222,69.64194,64.7611,65.11528,64.53681,66.70832,61.81424,64.32729,60.53098,60.29925,60.40695,59.4138
8.60233,8.06226,8.94427,8.94427,7.61577,7.61577,8.544,8.24621,8.24621,7.28011,7.28011,7.28011,7.07107,7.07107,7.07107,7.07107,7.07107,7.07107,7.07107,7.07107,7.07107,7.07107,7.07107,7.07107,7.07107,7.07107,7.28011,6.32456,6.32456,6.32456,5.38516,5.38516,5.38516,5.38516,5.83095,5.0,5.0,4.24264,4.24264,4.24264,4.24264,3.60555,3.60555,3.60555,3.60555,3.16228,3.16228,2.23607,2.23607,2.23607,2.0,3.0,52.3259,53.15073,48.82622,48.27007,50.32892,47.43416,43.41659,45.22168,44.41846,41.62932,43.41659,41.62932,40.49691,40.16217,36.76955,40.16217,41.23106,37.0,40.5216,36.68787,37.0,39.29377,35.44009,35.90265,32.75668,37.36308,36.87818,33.95585,34.78505,37.33631,36.40055,33.10589,33.12099,34.0147,34.0,29.06888,30.52868,28.01785,29.41088,28.3196,29.06888,25.6125,23.85372,23.85372,22.47221,23.25941,19.72308,20.24846,21.54066,18.43909,20.39608,16.27882,17.72005,18.02776,16.0,18.24829,13.60147,49.24429,47.67599,50.48762,51.35173,55.44367,52.34501,54.23099,55.22681,58.13777,59.21149,60.07495,65.06919,66.1211,65.12296,63.00794,65.00769,66.06815,67.00746,65.06919,64.07027,68.02941,70.02857,70.11419,65.03076,67.1193,71.06335,67.18631,69.46222,68.35934,65.62012,66.48308,63.34824,65.73431,66.48308,64.84597,69.12308,68.94926,64.51356,65.78754,64.88451,64.62198,67.1193,63.95311,67.53518,64.00781,64.3506,62.96825,63.28507,66.0303,64.2028,62.68174,63.60031,59.07622,59.5483,56.72742,58.13777,56.72742
8.94427,8.94427,8.60233,8.60233,7.2111,8.60233,7.81025,7.81025,7.81025,7.07107,7.07107,7.07107,7.07107,7.07107,7.07107,7.07107,6.40312,6.40312,6.40312,6.40312,6.40312,6.40312,6.40312,6.40312,6.40312,6.40312,6.40312,5.65685,6.40312,6.40312,5.83095,5.83095,5.83095,5.38516,5.38516,5.38516,5.09902,4.12311,5.09902,4.12311,4.0,4.0,4.0,4.0,4.12311,4.12311,4.12311,4.12311,3.16228,3.16228,3.16228,3.60555,52.63079,51.41984,48.10405,49.72927,46.23851,42.54409,42.94182,47.50789,40.81666,44.41846,42.43819,42.80187,43.26662,40.60788,39.20459,41.72529,38.28838,36.79674,39.62323,36.06938,41.03657,38.18377,37.20215,37.48333,35.38361,35.38361,36.12478,35.60899,35.0,35.38361,36.06938,36.76955,34.05877,30.80584,34.20526,31.38471,31.38471,31.76476,30.08322,26.57066,25.63201,27.51363,25.70992,24.73863,24.33105,23.08679,24.02082,19.0,17.11724,19.41649,18.68154,18.43909,17.46425,17.08801,15.81139,18.78829,16.55295,47.16991,50.77401,50.21952,57.62812,54.03702,54.03702,55.97321,55.97321,59.46427,56.85068,60.20797,65.19202,66.21933,66.06815,65.29931,67.20863,67.35726,64.53681,69.02898,70.29225,67.62396,71.70077,68.41053,68.24222,68.24222,67.41662,66.57327,67.95587,67.42403,67.74216,65.29931,65.36819,64.84597,64.88451,69.46222,66.48308,67.05222,69.64194,66.21933,64.32729,68.24954,64.93843,67.60178,66.91039,69.58448,69.00725,68.26419,65.06919,65.03076,62.0,66.0,64.12488,63.3877,60.07495,61.52235,62.64982,56.56854
7.2111,7.2111,7.2111,7.81025,7.07107,6.40312,7.07107,7.07107,6.40312,6.40312,6.40312,6.40312,6.40312,6.40312,6.40312,5.83095,5.83095,5.83095,5.83095,5.83095,5.83095,5.83095,5.83095,5.83095,5.83095,5.0,5.0,5.65685,5.65685,5.0,5.0,5.0,5.0,4.47214,4.47214,4.12311,4.12311,4.12311,4.12311,3.16228,3.0,3.0,3.0,3.16228,3.16228,2.23607,3.16228,3.16228,3.16228,2.23607,2.82843,2.82843,52.39275,51.07837,50.53712,47.42362,49.64877,47.50789,45.0,43.41659,44.68781,40.31129,41.01219,39.05125,42.52058,38.60052,38.20995,40.0,42.0119,37.64306,40.80441,40.0,37.73592,38.58756,36.23534,35.77709,35.8469,36.71512,33.12099,37.44329,35.0,35.22783,33.01515,33.6006,32.64966,33.42155,30.41381,30.41381,29.69848,29.73214,30.61046,26.07681,25.55386,23.70654,29.54657,23.4094,23.08679,21.58703,18.11077,23.34524,17.26268,19.10497,17.11724,15.13275,18.02776,16.03122,18.43909,14.31782,14.42221,49.1935,47.88528,50.53712,52.35456,54.70832,55.75841,55.56978,57.70615,59.36329,58.83026,61.03278,67.6757,66.85058,62.96825,64.3506,70.45566,68.24222,69.33974,69.11584,66.24198,68.47627,67.60178,70.71068,69.97142,69.46222,68.8767,68.0,65.79514,67.1193,69.07966,65.9242,67.06713,67.35726,65.0,68.24954,68.24954,64.93843,68.06614,64.93843,67.18631,69.26038,68.18358,69.02898,69.02898,66.0303,66.75328,66.61081,60.67125,66.09841,63.78871,64.13267,63.78871,63.34824,61.18823,60.63827,63.24555,58.24088
9.05539,9.05539,9.21954,8.24621,8.24621,8.24621,8.544,7.61577,7.28011,7.61577,7.61577,7.61577,8.06226,7.61577,6.7082,8.06226,8.06226,6.7082,7.2111,7.2111,7.2111,7.2111,6.7082,7.2111,6.7082,6.7082,6.32456,6.7082,6.32456,6.32456,6.32456,6.32456,6.32456,6.08276,5.09902,5.0,5.0,5.0,5.0,5.0,4.12311,4.12311,4.12311,4.12311,3.16228,3.16228,3.16228,3.16228,3.16228,3.16228,2.82843,2.82843,51.08816,54.0,52.15362,49.0102,48.16638,43.10452,48.83646,43.41659,45.88028,39.29377,43.68066,40.31129,42.44997,42.95346,41.14608,40.81666,41.18252,40.81666,39.81206,40.81666,36.71512,38.94868,38.27532,36.35932,36.89173,38.94868,37.58989,37.73592,35.35534,35.35534,33.12099,34.43835,35.77709,33.61547,35.1141,32.01562,30.80584,28.63564,28.28427,27.07397,27.07397,27.01851,27.01851,27.07397,23.19483,24.73863,18.97367,25.0,18.38478,17.08801,17.88854,18.86796,18.60108,19.72308,15.6205,17.02939,15.0,51.66237,48.16638,52.3259,49.49747,55.9017,51.66237,55.44367,56.56854,59.03389,61.6198,59.5483,60.1415,63.12686,65.19202,61.7171,66.21933,64.66065,69.6563,63.12686,66.06815,66.6033,70.60453,69.42622,66.48308,69.31089,69.31089,70.72482,67.20863,68.68042,62.93648,65.94695,64.66065,63.41136,68.41053,68.41053,66.0303,70.3278,65.0,68.44706,68.15424,66.70832,67.23095,65.9242,69.89278,63.90618,63.24555,66.7308,63.06346,66.21933,68.41053,64.13267,64.93843,61.61169,59.22837,57.31492,58.42089,59.68249
9.0,9.0,8.0,9.05539,8.06226,8.06226,8.06226,8.06226,8.24621,7.28011,7.28011,7.28011,7.28011,7.28011,7.28011,7.28011,7.61577,7.28011,7.61577,7.61577,6.7082,7.61577,6.32456,7.61577,7.28011,7.28011,7.28011,6.32456,6.32456,6.08276,6.08276,6.08276,6.08276,5.09902,5.09902,5.0,5.09902,5.09902,4.12311,4.12311,4.12311,4.47214,3.16228,3.60555,3.60555,3.60555,3.60555,2.82843,2.82843,2.82843,2.82843,2.82843,56.61272,52.63079,50.80354,49.24429,51.47815,44.40721,47.04253,43.10452,45.01111,42.0119,41.04875,42.0119,41.19466,39.45884,39.20459,39.81206,40.02499,36.87818,36.40055,36.68787,39.56008,35.44009,39.21734,41.10961,37.94733,35.17101,36.13862,37.0,34.48188,34.48188,34.48188,32.38827,32.38827,33.73426,31.40064,32.14032,33.01515,29.15476,31.06445,26.1725,28.44293,25.96151,24.04163,22.80351,24.16609,20.59126,21.0238,22.47221,18.60108,18.60108,18.43909,15.55635,17.69181,17.69181,16.64332,14.76482,13.41641,50.24938,49.24429,52.35456,50.53712,52.0,55.15433,52.20153,56.85948,57.87055,59.80803,61.09828,60.40695,64.07808,64.62198,63.90618,65.78754,65.19202,65.55151,67.77905,65.55151,68.54196,69.07966,67.62396,71.58911,68.15424,69.77822,66.64083,64.88451,68.60029,67.74216,65.51336,65.45991,68.50547,65.80274,69.02898,63.89053,67.35726,67.20863,63.70243,63.12686,64.44377,65.94695,66.61081,67.62396,65.21503,64.07027,65.45991,65.19202,64.49806,66.88797,65.74192,63.07139,62.64982,61.7171,60.92618,59.23681,64.4748
8.60233,7.81025,7.81025,7.81025,7.07107,7.07107,7.81025,7.81025,7.81025,7.2111,7.2111,7.2111,7.2111,7.2111,6.7082,7.2111,6.7082,6.7082,6.7082,6.7082,6.7082,6.7082,6.7082,6.7082,5.83095,6.7082,6.40312,5.83095,5.83095,6.40312,5.0,5.65685,5.65685,4.24264,5.0,5.0,4.47214,4.47214,3.60555,3.16228,4.12311,3.16228,3.16228,3.16228,3.16228,3.0,3.0,2.0,2.0,2.23607,2.23607,2.23607,51.40039,52.20153,51.85557,50.44799,45.96738,43.13931,43.27817,42.52058,42.0119,41.40048,40.49691,41.34005,40.31129,39.82462,39.44617,39.81206,38.91015,36.76955,34.53983,39.21734,37.36308,35.8469,34.53983,34.78505,32.89377,32.01562,37.33631,37.16181,36.40055,35.34119,33.61547,36.35932,32.69557,29.96665,30.23243,28.01785,28.84441,31.62278,28.3196,26.90725,26.90725,27.20294,22.47221,23.85372,23.70654,25.55386,22.36068,18.78829,19.64688,20.24846,20.02498,19.0263,15.0333,18.11077,16.12452,16.49242,15.52417,49.09175,48.09366,51.35173,54.45181,53.60037,54.91812,56.88585,59.03389,57.70615,59.66574,63.06346,60.87693,63.06346,64.7611,62.58594,66.28725,66.28725,67.72001,65.30697,65.76473,67.68309,67.08204,71.38627,69.63476,66.28725,71.02112,63.78871,68.46897,68.11755,69.02898,65.12296,66.0,67.00746,65.06919,68.26419,64.28063,68.73136,67.74216,64.93843,67.26812,62.8172,69.64194,68.41053,68.15424,63.32456,68.942,65.55151,64.62198,62.76942,64.62198,61.84658,60.37384,62.6099,60.37384,60.20797,59.05929,58.30952
9.21954,9.21954,8.48528,8.48528,8.48528,7.81025,7.81025,7.81025,7.81025,7.2111,7.2111,8.06226,7.2111,7.2111,7.2111,8.06226,6.7082,6.7082,6.7082,6.7082,6.7082,6.7082,6.7082,6.7082,7.2111,6.7082,6.7082,6.40312,6.40312,6.40312,5.65685,5.65685,5.65685,5.65685,5.0,5.0,5.0,5.83095,4.47214,4.47214,4.47214,4.12311,4.12311,4.12311,4.12311,4.0,4.0,4.0,3.0,3.0,3.0,3.16228,55.54278,54.626,49.39636,48.8774,47.88528,46.64762,45.48626,42.43819,45.60702,41.10961,38.8973,40.31129,38.20995,43.13931,39.05125,40.0,39.20459,39.05125,38.01316,38.60052,36.61967,36.61967,36.89173,37.73592,34.1321,37.44329,34.4093,38.01316,34.4093,35.22783,36.40055,34.05877,35.38361,31.241,31.82766,32.01562,33.01515,30.23243,29.41088,27.29469,27.29469,25.94224,27.51363,23.76973,27.29469,22.2036,20.02498,24.02082,17.0,18.0,18.02776,18.24829,17.72005,18.43909,17.08801,16.15549,13.41641,52.46904,48.50773,53.85165,51.66237,57.72348,52.88667,56.04463,57.56735,58.82176,61.03278,62.29767,64.51356,64.19502,65.45991,64.51356,68.15424,65.55151,69.64194,67.05222,68.94926,66.09841,67.6757,67.72001,72.73239,68.62215,71.56815,70.60453,65.96969,69.12308,66.70832,68.06614,65.62012,66.91039,65.37584,66.27217,68.26419,69.11584,71.00704,69.00725,69.0,67.06713,68.35934,62.64982,68.593,61.98387,64.93843,65.51336,64.03124,65.96969,62.58594,64.7611,64.03124,63.32456,61.98387,61.68468,60.08328,63.89053
9.0,9.0,9.0,9.0,9.0,8.06226,8.06226,8.24621,8.06226,7.07107,7.28011,7.28011,7.28011,7.28011,7.28011,7.61577,7.61577,7.61577,6.32456,6.32456,6.32456,6.32456,7.28011,6.32456,6.32456,6.32456,7.28011,6.08276,6.08276,6.08276,6.0,6.0,6.0,6.0,6.08276,5.09902,5.09902,5.38516,5.38516,4.47214,4.47214,4.47214,4.47214,4.47214,3.60555,3.60555,4.24264,3.60555,3.60555,3.60555,3.60555,3.60555,53.15073,51.35173,49.0102,49.0102,46.09772,46.01087,43.18565,43.18565,43.28972,41.23106,40.26164,43.01163,41.0,38.32754,39.56008,39.39543,38.62642,35.8469,36.24914,36.67424,38.47077,38.94868,37.73592,35.8469,35.34119,36.67424,36.24914,34.98571,29.96665,34.0,34.43835,36.71512,32.28002,30.67572,32.31099,31.7805,30.59412,31.04835,29.15476,32.14032,30.01666,27.07397,25.01999,23.34524,25.70992,25.70992,21.37756,22.47221,21.9545,21.18962,19.69772,19.23538,18.60108,17.69181,19.10497,18.60108,16.27882,50.24938,52.00961,49.81967,52.20153,54.40588,55.75841,55.56978,57.68882,60.90156,60.46487,61.58734,64.07027,63.82006,64.66065,68.09552,65.8635,67.74216,65.73431,66.57327,67.23095,65.19202,71.28113,70.21396,70.72482,68.50547,69.42622,71.8401,69.02898,69.52697,70.76722,67.94115,66.52819,62.96825,67.94115,67.26812,68.88396,66.85058,67.6757,69.33974,69.83552,69.46222,69.35416,69.35416,69.77105,68.02941,68.942,68.942,65.14599,66.7308,61.98387,64.19502,67.44627,62.36185,61.39218,61.84658,60.20797,59.03389
7.81025,7.81025,7.07107,7.07107,7.07107,6.40312,6.40312,7.2111,6.40312,6.40312,6.40312,5.83095,5.83095,5.83095,5.83095,6.7082,6.32456,5.38516,6.32456,6.32456,5.38516,5.38516,5.38516,5.38516,5.83095,5.38516,5.38516,5.0,5.0,5.0,5.0,5.0,4.24264,4.24264,4.47214,3.60555,3.60555,4.47214,4.12311,4.12311,3.0,3.0,3.0,3.0,3.0,3.0,3.16228,3.16228,3.16228,3.16228,2.82843,2.82843,52.39275,52.39275,49.64877,49.64877,45.22168,45.22168,44.65423,43.41659,40.45986,40.36087,40.31129,38.94868,39.59798,38.94868,35.4683,37.01351,36.61967,34.82815,35.80503,33.28663,33.61547,33.28663,34.1321,33.61547,34.0,33.83785,32.64966,34.1321,33.28663,33.12099,34.98571,32.44996,32.64966,31.38471,30.4795,31.89044,30.61046,27.80288,27.80288,27.01851,23.85372,25.07987,25.4951,21.93171,22.13594,17.72005,22.36068,21.58703,19.41649,17.0,18.11077,16.03122,20.02498,19.41649,18.02776,15.29706,16.55295,51.41984,49.72927,52.20153,54.12024,56.61272,56.0803,57.93962,58.30952,60.00833,58.30952,63.56099,64.88451,65.78754,66.48308,66.30988,66.18912,70.77429,67.62396,69.46222,69.07966,66.48308,70.93659,70.00714,71.51224,69.64194,68.62215,66.7308,68.00735,68.41053,70.0928,68.15424,68.65858,69.63476,66.91039,68.73136,67.26812,66.06815,70.00714,67.02984,68.02941,69.06519,65.19202,68.18358,67.36468,67.89698,67.89698,67.47592,65.30697,67.26812,65.0,65.25335,64.56005,61.13101,63.60031,61.35145,59.80803,61.35145
8.06226,8.24621,8.06226,7.28011,7.28011,7.28011,7.61577,6.7082,6.7082,6.7082,6.7082,6.7082,6.7082,6.40312,6.40312,6.40312,6.40312,6.40312,6.40312,6.40312,6.40312,6.40312,6.40312,6.40312,5.83095,6.40312,5.83095,5.83095,5.83095,5.83095,5.38516,5.38516,5.38516,4.12311,5.09902,4.12311,4.12311,4.0,4.0,4.0,4.0,3.0,3.16228,3.16228,3.16228,2.23607,2.23607,2.23607,2.82843,2.23607,2.82843,2.23607,51.35173,48.25971,48.25971,46.17359,49.0102,46.01087,43.18565,44.10215,40.31129,42.75512,39.81206,42.44997,41.23106,40.16217,39.84972,37.69615,37.12142,35.8469,34.9285,38.47077,38.01316,34.9285,34.88553,35.8469,34.0,34.88553,35.8469,33.12099,33.54102,37.58989,35.34119,35.1141,29.73214,28.86174,33.73426,30.26549,31.40064,28.01785,29.06888,26.01922,27.16616,27.16616,23.19483,21.84033,19.64688,22.13594,22.56103,19.23538,21.47091,19.41649,18.35756,17.80449,16.27882,17.69181,16.64332,15.81139,16.40122,51.08816,50.93133,49.57822,53.90733,54.56189,56.85068,56.40035,57.62812,61.85467,59.81639,62.42596,63.24555,64.40497,63.82006,65.21503,64.07027,67.1193,69.2026,67.20119,69.40461,68.8186,70.0,69.81404,72.47068,67.62396,68.68042,70.17834,70.29225,68.11755,68.62215,66.46804,66.48308,64.44377,66.70832,68.41053,65.60488,65.21503,67.6757,66.37017,65.51336,67.74216,67.08204,66.24198,67.54258,65.39113,67.53518,65.0,67.06713,63.56886,64.2573,65.14599,63.24555,63.06346,58.94065,62.64184,60.41523,56.75385
8.544,8.94427,8.94427,8.06226,8.06226,8.06226,8.06226,7.81025,7.81025,7.81025,7.81025,7.81025,7.81025,7.81025,7.07107,7.07107,7.07107,7.07107,7.07107,7.07107,7.07107,7.07107,7.07107,7.07107,7.07107,7.07107,6.40312,7.07107,6.40312,6.40312,5.83095,5.83095,5.83095,5.83095,5.38516,5.38516,5.38516,5.09902,5.09902,4.12311,4.0,4.0,4.0,4.0,4.0,3.16228,3.0,4.0,3.16228,3.16228,3.16228,3.16228,54.81788,52.88667,50.28916,50.96077,44.38468,48.33218,39.81206,45.18849,42.48529,41.67733,42.43819,42.2019,38.41875,37.80212,43.41659,38.94868,40.36087,37.53665,40.31129,34.65545,38.41875,36.12478,39.69887,38.60052,36.79674,38.20995,34.82815,38.20995,36.79674,36.12478,33.42155,33.94113,32.64966,34.20526,31.40064,33.30165,33.6006,32.44996,32.64966,27.73085,26.57066,24.5153,28.86174,25.70992,27.45906,21.0238,24.02082,21.0238,19.41649,18.11077,18.68154,16.27882,19.41649,16.27882,17.0,18.35756,12.20656,47.53946,50.08992,49.65884,55.07268,54.20332,58.83026,55.07268,54.70832,61.91123,56.4358,61.03278,61.03278,64.3506,63.60031,66.28725,63.51378,66.85058,62.80127,67.41662,67.95587,66.88797,66.88797,68.60029,67.95587,68.26419,70.72482,66.03787,68.47627,65.74192,67.97794,61.46544,69.07966,66.7308,67.05222,67.05222,66.48308,66.48308,68.88396,69.63476,63.95311,69.58448,66.48308,67.47592,67.26812,65.12296,68.00735,65.00769,64.07027,64.0,63.07139,63.00794,64.07027,65.27634,57.31492,61.29437,60.67125,58.69412
8.60233,8.60233,8.06226,8.06226,8.06226,6.7082,7.61577,7.61577,7.61577,7.61577,7.28011,7.28011,7.28011,7.28011,7.07107,7.28011,7.07107,7.28011,6.08276,7.07107,7.07107,7.07107,7.28011,7.07107,6.08276,7.28011,6.32456,6.32456,5.38516,6.7082,5.38516,5.38516,5.38516,5.0,5.0,5.0,5.0,4.24264,4.24264,4.24264,3.60555,3.60555,3.60555,3.60555,3.16228,3.16228,3.16228,3.16228,2.0,2.23607,2.0,2.0,57.80138,51.73973,50.32892,48.83646,46.69047,44.40721,46.61545,45.80393,42.72002,43.04649,39.96248,41.14608,42.19005,39.81206,38.27532,39.81206,39.21734,40.16217,38.8973,38.8973,36.13862,39.56008,35.90265,34.48188,35.17101,35.44009,39.29377,36.49658,36.68787,37.33631,35.4683,34.9285,31.38471,32.69557,33.61547,30.52868,29.52965,26.62705,29.06888,29.0,29.69848,28.6007,27.01851,23.43075,23.02173,21.9545,21.0238,20.61553,18.38478,18.68154,19.10497,21.09502,16.03122,16.0,17.0,18.43909,14.86607,48.50773,50.08992,52.03845,53.03772,52.00961,54.0,55.03635,57.07889,62.07254,61.07373,58.03447,61.07373,62.03225,65.12296,64.12488,67.26812,67.36468,67.36468,65.06919,66.18912,68.18358,67.06713,70.06426,66.00758,70.02857,68.02941,68.02941,67.0,69.06519,65.27634,70.45566,64.38167,65.62012,63.63961,67.26812,67.26812,68.15424,67.35726,67.41662,65.9242,66.7308,67.62396,62.76942,68.15424,61.26989,66.85058,66.21178,65.76473,65.8635,66.37017,61.58734,64.63745,64.66065,56.30275,58.82176,59.07622,59.81639
9.43398,8.06226,8.06226,8.06226,8.06226,7.61577,7.61577,7.61577,7.61577,7.28011,7.28011,8.06226,7.07107,7.07107,7.07107,7.07107,7.07107,7.07107,7.07107,7.07107,7.07107,7.07107,7.07107,7.07107,7.07107,7.07107,6.32456,6.32456,6.32456,6.32456,6.7082,5.83095,5.83095,5.83095,5.83095,5.0,5.0,5.0,5.0,4.24264,4.24264,4.24264,5.0,3.60555,3.60555,3.60555,3.60555,4.12311,3.16228,3.16228,3.16228,3.16228,59.81639,51.08816,50.20956,48.9183,49.67897,45.45327,47.20169,43.60046,42.43819,41.04875,42.05948,41.67733,40.71855,41.18252,40.8534,38.27532,41.62932,38.8973,38.27532,37.64306,39.29377,38.60052,35.44009,37.36308,35.8469,39.56008,36.68787,36.40055,36.40055,36.13862,35.73514,36.71512,34.9285,35.34119,31.38471,31.40064,31.62278,30.61046,31.1127,26.87006,27.58623,30.4795,27.80288,28.01785,23.25941,22.36068,21.47091,20.24846,20.24846,18.97367,19.64688,19.10497,18.02776,18.11077,15.0333,16.03122,14.03567,47.26521,50.35871,51.15662,52.08647,56.0357,54.03702,55.00909,59.13544,61.0082,58.03447,61.03278,61.03278,64.00781,65.12296,65.19202,65.12296,66.0,67.1193,66.06815,65.12296,68.06614,68.02941,68.00735,70.0,68.00735,69.00725,68.18358,68.06614,67.18631,69.18092,62.514,66.48308,65.62012,66.09841,66.09841,65.96969,64.84597,65.78754,65.14599,68.35203,66.12866,69.35416,66.21178,68.942,64.88451,68.88396,67.08204,65.29931,64.49806,65.0,59.5399,64.63745,61.85467,57.42822,61.85467,57.62812,59.03389
9.21954,8.24621,8.24621,8.544,7.61577,7.61577,7.61577,8.06226,8.06226,6.7082,7.2111,7.2111,7.2111,7.2111,7.2111,7.2111,6.40312,6.40312,6.40312,6.40312,6.40312,6.40312,7.2111,6.40312,6.40312,6.40312,7.2111,6.7082,6.32456,5.83095,5.38516,5.38516,5.09902,5.09902,5.09902,5.09902,5.0,5.0,5.0,4.12311,5.09902,4.12311,4.12311,4.12311,4.12311,3.60555,4.47214,3.60555,3.60555,3.60555,3.60555,3.60555,53.0,50.03998,52.15362,49.25444,49.64877,43.73786,45.12206,43.17407,38.83298,41.76123,41.78516,40.24922,42.95346,37.16181,39.0,37.58989,41.18252,38.94868,36.61967,36.71512,41.04875,39.11521,37.44329,35.51056,36.61967,34.4093,35.0,35.51056,33.12099,37.44329,36.05551,35.51056,33.12099,30.08322,30.46309,30.36445,31.04835,29.83287,28.86174,29.42788,26.07681,26.30589,25.07987,24.18677,23.19483,23.19483,22.09072,22.13594,21.18962,18.97367,20.61553,20.24846,17.20465,18.86796,17.69181,18.86796,15.6205,48.82622,53.82379,50.60632,54.03702,53.41348,58.25805,55.31727,55.97321,58.0,55.9017,59.39697,61.52235,65.05382,65.11528,64.3506,65.05382,68.593,66.52819,69.35416,69.52697,68.76772,70.0928,67.26812,69.35416,67.88225,70.93659,70.29225,69.81404,65.60488,67.20119,64.14047,68.7968,67.23095,66.18912,67.08204,70.68239,66.70832,69.77822,70.26379,70.2282,69.64194,68.96376,71.56815,68.41053,64.53681,67.46851,69.42622,68.593,63.34824,63.15061,65.9242,64.62971,66.61081,62.80127,66.18912,62.07254,61.0082
9.05539,9.05539,8.06226,8.06226,8.06226,8.24621,8.24621,8.24621,7.28011,7.28011,7.61577,7.61577,6.7082,6.7082,6.7082,6.7082,6.7082,6.7082,6.7082,6.7082,6.7082,6.7082,6.7082,6.7082,6.32456,6.7082,6.32456,6.32456,6.32456,6.08276,6.08276,6.08276,6.0,6.0,6.0,5.0,5.09902,5.09902,5.09902,4.12311,4.12311,4.47214,4.47214,4.47214,4.47214,3.60555,3.60555,3.60555,3.60555,4.24264,3.60555,3.60555,52.46904,48.37355,48.16638,48.16638,45.01111,46.01087,41.0,43.04649,40.11234,42.29657,40.79216,37.85499,39.56008,37.36308,37.33631,35.4683,36.40055,37.57659,34.9285,34.17601,40.24922,33.10589,34.88553,34.53983,34.88553,34.0147,33.54102,32.69557,33.54102,33.83785,35.1141,36.40055,29.41088,31.57531,30.67572,32.14032,30.26549,29.06888,29.01724,28.0,28.07134,24.18677,24.69818,22.56103,23.19483,21.84033,22.13594,20.12461,18.78829,19.23538,18.86796,17.49286,18.60108,17.69181,17.69181,18.38478,15.81139,48.10405,52.34501,46.69047,51.73973,51.08816,55.31727,54.03702,55.31727,59.03389,55.44367,57.80138,59.20304,62.482,61.40033,64.81512,60.80296,68.60029,62.80127,66.06815,64.2028,66.70832,68.68042,64.81512,65.19202,68.0147,67.89698,63.65532,68.593,65.06919,67.89698,65.8559,68.0147,67.35726,68.41053,66.70832,67.42403,64.63745,66.03787,66.88797,66.64833,66.7308,65.30697,68.42514,67.97794,69.35416,70.38466,65.0,67.41662,65.45991,64.19502,65.45991,61.13101,64.84597,57.97413,64.32729,61.39218,59.43904
8.544,8.544,8.24621,7.28011,7.28011,7.28011,7.07107,7.07107,7.07107,7.0,6.0,6.0,6.0,6.0,6.0,6.08276,6.08276,6.0,6.08276,6.08276,6.08276,6.08276,6.0,6.08276,6.08276,6.0,6.0,5.0,5.0,5.09902,5.09902,5.09902,5.09902,4.47214,4.47214,4.47214,4.47214,4.47214,3.60555,4.24264,3.60555,3.60555,3.60555,3.60555,3.60555,3.16228,3.16228,3.16228,3.16228,3.16228,3.0,3.0,52.63079,47.43416,48.76474,47.16991,41.18252,43.41659,41.14608,43.32436,42.05948,38.48376,40.5216,35.90265,37.85499,35.35534,35.35534,36.22154,37.48333,35.0571,37.01351,36.0,39.0,32.01562,36.01389,33.01515,34.05877,33.01515,32.24903,35.22783,34.1321,32.38827,31.40064,32.75668,31.14482,30.08322,32.01562,31.32092,30.08322,27.313,28.63564,24.69818,25.0,25.4951,26.40076,22.80351,22.62742,21.40093,21.63331,19.41649,19.69772,16.55295,18.02776,18.02776,17.08801,17.46425,14.31782,15.29706,17.02939,48.75449,50.15974,50.9902,54.08327,52.49762,55.97321,57.87055,58.18935,59.20304,58.5235,62.0967,61.84658,63.32456,64.56005,65.25335,65.25335,67.44627,64.7611,66.48308,66.94027,66.76077,67.72001,66.48308,68.41053,68.30813,67.35726,68.30813,68.62215,63.32456,68.54196,64.07808,72.01389,65.74192,65.36819,69.35416,66.24198,66.57327,68.26419,69.06519,69.40461,69.2026,68.24954,69.02898,65.94695,67.26812,67.88225,65.06919,67.26812,65.05382,62.93648,65.76473,65.29931,62.24147,60.959,62.62587,62.62587,58.89822
9.05539,8.06226,8.0,8.0,8.06226,8.0,8.06226,8.06226,8.06226,7.07107,7.07107,7.07107,7.28011,7.28011,7.28011,7.28011,7.28011,7.28011,7.28011,7.61577,6.32456,7.28011,7.28011,7.28011,7.28011,6.08276,7.07107,6.08276,6.08276,7.07107,6.08276,6.08276,6.0,5.0,6.08276,5.09902,5.09902,4.12311,4.12311,4.12311,4.47214,4.47214,3.60555,3.60555,3.60555,3.60555,3.60555,2.82843,2.82843,2.82843,2.82843,2.23607,52.34501,50.15974,49.16299,49.36598,42.95346,46.52956,44.14748,46.57252,38.07887,42.37924,39.39543,39.82462,40.31129,36.67424,39.39543,38.07887,39.96248,35.51056,37.80212,35.0,40.45986,34.05877,38.28838,35.4683,34.20526,35.4683,35.51056,39.20459,35.60899,34.4093,32.75668,35.22783,34.98571,34.4093,30.52868,33.10589,30.46309,28.63564,29.41088,26.1725,25.29822,28.07134,26.07681,26.07681,24.0,22.2036,24.02082,20.09975,21.09502,19.64688,21.0238,18.02776,17.49286,14.42221,17.46425,15.55635,14.86607,49.20366,51.85557,49.81967,55.44367,53.07542,60.1415,51.73973,58.0,58.69412,56.63921,63.63961,63.70243,64.3506,65.8559,65.79514,65.11528,67.94115,60.30755,71.44928,65.11528,69.29646,70.17834,66.48308,70.71068,67.89698,70.76722,65.06919,66.70832,64.81512,71.40028,63.51378,71.02112,69.83552,66.7308,67.53518,65.74192,63.56099,68.02941,67.23095,70.00714,69.28925,67.72001,71.47027,68.15424,69.92138,69.87131,67.46851,66.4906,63.78871,65.76473,63.63961,61.81424,66.61081,59.4138,62.514,62.1289,57.07889
8.48528,8.48528,7.07107,7.81025,7.81025,7.81025,7.2111,7.2111,7.2111,7.2111,7.2111,7.61577,6.7082,6.7082,6.32456,7.28011,7.28011,7.28011,6.32456,6.32456,6.32456,6.32456,6.32456,6.32456,6.32456,6.32456,6.7082,6.32456,5.83095,5.83095,5.83095,5.83095,5.0,5.0,5.0,5.0,4.24264,4.24264,3.60555,3.60555,3.60555,3.60555,3.60555,3.16228,3.16228,3.16228,3.16228,3.16228,2.0,2.0,2.0,2.0,48.33218,48.75449,50.24938,46.32494,47.43416,41.34005,41.6173,41.23106,40.31129,39.59798,37.64306,40.45986,40.45986,38.60052,37.44329,36.35932,38.01316,36.71512,34.9285,34.88553,39.35734,37.21559,36.24914,33.10589,33.54102,35.34119,34.9285,33.12099,33.10589,36.24914,33.61547,30.41381,29.41088,30.23243,30.61046,30.0,28.6007,27.80288,27.58623,28.28427,25.6125,25.55386,24.18677,20.59126,21.93171,21.54066,20.88061,17.46425,21.58703,20.09975,18.11077,17.11724,16.27882,13.0384,16.12452,16.27882,15.81139,50.59644,51.26402,49.39636,53.85165,53.7122,57.77543,51.89412,55.9464,58.59181,58.18075,60.90156,59.09315,63.50591,63.52952,63.97656,64.88451,68.42514,63.52952,68.8767,68.44706,66.85058,68.02941,65.0,68.54196,67.77905,68.35203,63.69458,69.89278,66.40783,68.96376,64.03124,66.28725,66.61081,62.64982,68.35934,66.48308,66.06815,67.26812,65.19202,68.00735,69.26038,65.12296,67.18631,67.18631,66.48308,64.77654,63.78871,66.28725,65.30697,60.87693,64.7611,64.03124,62.64184,58.94065,61.13101,59.77458,55.02727
7.2111,7.81025,7.81025,7.81025,7.07107,7.07107,6.40312,6.40312,6.40312,6.40312,6.40312,5.83095,5.83095,5.83095,5.83095,5.38516,5.38516,5.38516,6.32456,5.38516,5.38516,5.38516,5.38516,5.38516,5.83095,5.38516,5.83095,5.83095,5.0,5.0,5.0,5.0,4.24264,5.0,3.60555,3.60555,3.60555,3.16228,3.16228,3.16228,3.16228,3.16228,3.0,3.0,3.0,3.0,3.16228,3.16228,3.16228,3.16228,2.23607,2.82843,50.56679,51.0,48.76474,46.52956,46.61545,45.60702,44.20407,42.52058,41.01219,38.20995,38.41875,38.94868,39.69887,37.80212,36.05551,35.35534,37.21559,34.48188,34.1321,36.23534,33.54102,36.24914,32.64966,33.61547,36.05551,34.98571,32.69557,34.0,32.20248,34.9285,35.35534,32.24903,33.01515,31.06445,30.01666,29.73214,28.42534,31.14482,28.6007,25.0,24.41311,26.07681,25.4951,25.05993,23.08679,21.54066,21.58703,20.09975,18.02776,18.02776,17.02939,17.11724,17.02939,17.11724,19.41649,18.68154,15.23155,49.49747,55.31727,54.91812,55.54278,57.00877,57.97413,56.32051,60.40695,60.53924,63.24555,65.14599,63.24555,68.00735,66.12866,63.32456,65.45991,68.30813,67.41662,69.89278,68.35203,68.94926,69.26038,72.42237,70.60453,70.34202,68.24954,68.44706,65.73431,68.65858,69.63476,70.03571,69.05071,71.70077,67.26812,70.11419,68.11755,70.00714,72.33948,69.18092,73.5527,69.46222,69.72087,70.5762,70.85901,66.91039,72.18033,68.88396,67.91171,66.09841,65.80274,66.76077,64.2573,63.24555,62.62587,63.32456,66.12866,56.30275
8.0,8.0,7.07107,7.07107,7.07107,7.07107,7.28011,7.28011,7.28011,6.32456,6.32456,6.7082,6.7082,6.7082,6.7082,6.7082,6.7082,5.83095,5.83095,5.83095,5.83095,5.83095,5.83095,5.83095,5.83095,5.83095,6.7082,5.38516,5.38516,5.38516,5.09902,5.09902,5.0,5.0,5.0,4.0,4.0,4.12311,3.16228,3.16228,3.16228,3.16228,3.16228,3.16228,2.23607,2.82843,2.82843,2.82843,2.82843,2.23607,2.23607,2.23607,48.30114,49.64877,45.18849,44.94441,48.10405,42.37924,43.17407,40.5216,39.81206,40.26164,39.20459,38.11824,38.32754,35.12834,34.1321,35.01428,36.01389,36.12478,34.05877,37.33631,35.51056,35.12834,34.23449,32.38827,31.40064,32.06244,32.14032,32.24903,31.14482,32.06244,33.0,33.06055,33.24154,29.42788,32.24903,28.44293,25.96151,27.89265,26.57066,24.35159,25.07987,25.55386,21.47091,22.47221,19.84943,23.85372,19.79899,20.51828,19.10497,17.02939,17.0,15.26434,18.97367,17.72005,14.31782,14.86607,13.60147,51.31277,51.0,53.23533,52.3259,53.7122,51.89412,54.23099,58.18075,57.38467,58.69412,61.35145,63.24555,65.0,67.06713,63.90618,64.19502,62.93648,64.84597,65.19202,69.07966,69.64194,67.23095,67.62396,69.07966,66.85058,68.44706,69.07966,64.88451,66.64833,66.18912,65.29931,62.43397,62.42596,68.24222,63.60031,68.8186,68.24954,69.2026,68.0147,68.0147,66.48308,71.44928,67.88225,69.31089,66.48308,66.8431,64.81512,68.11755,66.06815,64.81512,64.66065,65.0,61.85467,60.0,58.00862,59.40539,58.83026
8.60233,8.60233,8.60233,8.60233,7.81025,7.81025,8.48528,7.81025,7.81025,7.81025,7.81025,7.81025,7.81025,7.81025,7.2111,7.2111,7.2111,7.2111,7.2111,7.2111,7.2111,7.2111,6.40312,7.2111,7.2111,7.2111,6.40312,6.40312,6.40312,6.40312,5.65685,5.65685,6.40312,6.40312,5.0,5.0,4.47214,5.38516,5.38516,4.47214,4.12311,4.12311,4.12311,4.12311,4.12311,4.0,4.0,4.0,4.0,3.0,3.16228,3.16228,54.6443,47.70744,54.20332,42.52058,45.45327,45.96738,42.52058,44.55334,38.41875,39.05125,40.22437,36.05551,38.01316,36.61967,36.05551,39.82462,39.35734,39.82462,35.1141,37.33631,38.07887,34.17601,39.84972,35.4683,34.53983,35.4683,33.24154,36.40055,33.61547,36.40055,33.61547,32.20248,32.75668,32.75668,29.41088,34.05877,29.41088,30.61046,29.06888,27.65863,23.43075,25.55386,26.62705,28.30194,24.18677,19.23538,21.18962,23.25941,19.92486,17.72005,17.72005,18.02776,18.24829,16.03122,17.02939,15.52417,15.52417,48.04165,49.0102,48.0,53.15073,52.46904,55.44367,54.74486,56.08921,58.0517,56.51548,60.16644,62.8172,62.0967,65.73431,67.26812,61.39218,68.88396,63.15061,68.24954,63.15061,66.91039,69.63476,62.16912,68.06614,66.91039,66.61081,67.47592,68.35934,62.39391,66.06815,63.03174,66.0,66.18912,67.1193,65.27634,66.37017,63.63961,66.61081,66.09841,68.15424,68.65858,65.14599,67.44627,65.25335,68.30813,65.9242,68.02941,63.69458,65.9242,61.68468,63.15853,63.07139,64.40497,58.13777,63.06346,59.48109,56.79789
8.48528,7.81025,7.81025,7.81025,7.2111,7.2111,7.2111,6.7082,6.7082,6.7082,6.7082,6.7082,6.32456,6.32456,6.32456,6.32456,6.32456,6.32456,6.08276,6.08276,6.32456,6.32456,6.32456,5.38516,5.38516,5.38516,5.38516,5.38516,5.83095,5.83095,5.0,5.0,5.0,5.0,5.0,5.0,5.0,4.47214,4.47214,4.47214,4.47214,4.47214,4.12311,4.12311,4.12311,4.0,4.0,3.0,3.0,3.16228,3.16228,3.16228,49.20366,53.90733,48.25971,46.61545,47.16991,41.88078,43.86342,43.38202,41.23106,40.80441,37.57659,37.94733,40.5216,38.07887,34.71311,34.52535,34.05877,36.22154,32.06244,36.05551,35.0571,34.0,34.0,34.05877,33.13608,35.22783,34.23449,35.12834,32.01562,33.13608,34.23449,33.24154,32.24903,30.06659,29.73214,31.7805,29.73214,28.17801,29.06888,26.62705,27.45906,26.07681,22.47221,26.40076,21.93171,24.83948,22.80351,22.02272,18.35756,18.86796,19.41649,18.38478,16.55295,18.02776,16.55295,18.02776,19.0263,50.92151,51.1957,53.60037,54.12947,55.7315,52.95281,58.30952,56.32051,62.39391,58.69412,65.11528,61.66036,64.93843,65.11528,66.06815,68.26419,66.75328,68.26419,63.63961,64.77654,66.37017,69.35416,67.74216,67.26812,68.44706,66.70832,67.08204,66.70832,69.12308,67.35726,65.80274,62.93648,65.78754,65.19202,69.64194,66.30988,68.8767,68.88396,67.95587,66.85058,67.41662,69.63476,65.45991,71.02816,66.4003,65.80274,67.20119,66.8431,66.4003,67.26812,66.48308,63.65532,65.11528,62.24147,63.70243,61.55485,58.79626
9.21954,8.48528,8.48528,7.07107,7.81025,7.81025,7.2111,7.2111,7.2111,7.2111,7.2111,7.2111,6.7082,6.7082,6.7082,7.61577,6.7082,7.61577,6.7082,6.32456,6.7082,6.7082,6.7082,6.7082,6.7082,6.7082,5.83095,5.83095,5.83095,6.40312,5.0,5.65685,5.65685,4.24264,5.65685,5.0,5.0,4.47214,3.60555,3.60555,4.47214,3.16228,3.16228,3.16228,3.16228,3.0,3.0,2.0,2.0,2.23607,2.23607,2.23607,49.09175,47.50789,49.67897,48.9183,43.13931,44.59821,42.44997,45.27693,39.82462,40.49691,39.40812,41.34005,39.44617,36.67424,40.24922,38.91015,39.0,35.1141,39.39543,35.73514,36.40055,35.34119,33.52611,34.17601,33.54102,33.83785,34.17601,36.05551,32.89377,33.24154,33.61547,35.35534,33.61547,29.68164,33.28663,27.80288,30.0,27.65863,29.0,27.01851,26.87006,28.84441,23.25941,23.70654,21.09502,21.93171,21.18962,18.97367,19.23538,20.09975,20.02498,17.11724,18.0,16.0,16.03122,18.0,18.11077,48.25971,51.0098,50.01,54.00926,55.0,53.15073,54.45181,56.32051,59.21149,59.5399,61.40033,61.40033,65.27634,64.49806,64.28063,64.93843,66.37017,65.49046,64.62971,65.62012,67.60178,65.9242,66.37017,67.1193,67.36468,66.0303,66.06815,67.1193,65.00769,67.0,62.07254,66.1211,67.02984,63.1981,65.37584,64.38167,64.93843,64.7611,65.0,68.96376,66.48308,67.44627,67.35726,67.41662,67.06713,66.12866,66.12866,66.48308,62.64982,63.07139,62.17717,63.06346,64.84597,57.24509,62.64982,56.93856,55.22681
8.94427,8.544,9.48683,8.544,8.24621,8.24621,8.06226,8.06226,8.06226,8.06226,7.07107,7.07107,7.07107,7.0,7.0,7.0,7.0,7.0,7.0,7.0,7.0,7.0,7.0,7.0,7.0,6.0,6.0,7.07107,6.08276,6.08276,6.08276,6.08276,6.32456,5.38516,5.38516,5.38516,5.38516,5.0,5.0,5.0,5.0,4.24264,4.24264,4.24264,4.24264,3.60555,3.60555,3.60555,3.60555,3.60555,3.16228,3.16228,54.12024,52.35456,50.53712,48.46648,50.32892,47.43416,45.35416,44.38468,43.41659,43.17407,43.56604,40.11234,38.0526,40.04997,41.04875,40.11234,39.01282,37.01351,37.12142,39.01282,37.33631,39.20459,38.32754,37.05401,35.0571,37.05401,37.12142,35.01428,36.01389,36.22154,37.33631,34.0,33.13608,33.06055,34.05877,32.28002,32.75668,28.86174,30.08322,29.41088,26.92582,26.83282,28.30194,26.92582,25.80698,22.02272,21.93171,21.40093,21.2132,20.24846,20.0,17.49286,17.88854,17.46425,17.08801,18.02776,16.27882,50.9902,50.69517,50.69517,54.78138,53.75872,57.87055,55.36244,56.32051,61.68468,61.35145,61.03278,64.7611,67.05222,66.94027,63.32456,65.96969,67.44627,64.03124,67.44627,67.44627,66.09841,70.0928,71.7844,72.12489,70.83784,68.35203,69.26038,67.06713,65.9242,70.38466,63.07139,69.31811,68.96376,66.37017,66.57327,67.95587,69.40461,70.60453,69.02898,69.42622,68.76772,68.593,68.593,70.00714,66.48308,67.26812,68.41053,66.8431,67.47592,65.60488,64.53681,67.00746,64.2028,64.63745,63.60031,61.91123,62.1289
8.06226,7.61577,7.61577,7.28011,7.28011,6.32456,6.32456,6.32456,6.08276,6.08276,6.08276,6.0,6.0,6.0,6.0,6.0,6.0,6.0,6.0,6.0,6.0,6.0,6.0,6.0,6.0,5.0,5.0,6.08276,5.09902,5.09902,5.09902,5.38516,5.09902,4.47214,4.47214,4.47214,3.60555,3.60555,3.60555,3.60555,2.82843,2.82843,3.60555,2.23607,2.23607,2.23607,2.23607,3.16228,3.0,2.0,2.0,2.23607,49.51767,45.96738,46.75468,45.45327,43.26662,45.60702,42.43819,43.26662,39.96248,39.82462,41.62932,37.33631,37.33631,37.64306,35.73514,38.83298,36.87818,35.90265,38.32754,35.51056,37.12142,37.48333,35.35534,31.57531,33.54102,35.69314,33.06055,33.37664,34.52535,32.24903,32.75668,34.9285,31.32092,33.24154,27.51363,32.31099,30.08322,29.15476,31.06445,26.07681,25.23886,23.02173,26.87006,23.43075,24.08319,21.63331,22.47221,19.72308,19.41649,19.72308,17.88854,16.76305,17.72005,15.13275,15.0333,13.0,16.03122,53.00943,51.0098,49.0102,54.23099,53.23533,54.33231,54.58938,57.21888,60.40695,57.42822,61.52235,61.29437,63.12686,67.89698,67.74216,62.514,68.88396,65.62012,69.58448,64.62971,67.08204,70.34913,66.1211,66.27217,67.26812,68.00735,69.00725,70.0,65.00769,66.0303,64.12488,69.11584,64.28063,67.74216,63.95311,68.24954,63.32456,65.80274,66.7308,68.35203,69.89278,62.76942,68.942,65.39113,64.41273,63.63175,63.13478,65.8635,68.60029,61.77378,63.81222,66.61081,64.3506,54.6443,60.80296,61.61169,59.20304
9.21954,8.48528,7.81025,8.48528,7.81025,7.81025,7.81025,7.2111,8.06226,7.2111,7.2111,8.06226,6.7082,6.7082,6.7082,7.61577,7.61577,7.61577,6.7082,6.32456,6.7082,6.7082,6.7082,6.32456,6.7082,6.7082,6.7082,5.83095,5.83095,6.40312,5.0,5.65685,5.0,5.65685,5.0,5.0,5.0,3.60555,3.60555,4.47214,4.47214,4.12311,3.16228,3.16228,3.16228,3.0,3.0,3.0,2.0,2.23607,2.23607,2.23607,50.59644,51.5461,51.07837,49.24429,44.77723,46.95743,44.77723,42.19005,43.26662,43.60046,41.40048,41.01219,39.69887,38.18377,41.03657,38.8973,39.59798,38.8973,40.36087,37.53665,41.86884,38.28838,37.20215,37.01351,37.20215,35.0,34.82815,36.40055,33.97058,35.38361,34.65545,36.79674,31.82766,34.05877,34.66987,31.62278,31.62278,29.68164,30.52868,29.15476,25.07987,27.20294,27.89265,24.18677,26.1725,24.18677,23.02173,20.0,20.39608,18.24829,20.39608,20.22375,16.12452,17.0,16.40122,17.20465,15.0,48.70318,50.92151,50.69517,55.71355,54.78138,56.79789,53.85165,57.38467,62.16912,59.9333,60.41523,64.41273,66.18912,68.0,68.88396,65.76473,68.47627,66.24198,68.42514,68.47627,66.18912,69.35416,71.55418,71.11962,71.11259,67.97794,69.35416,71.30919,65.55151,68.35203,65.14599,66.48308,67.44627,66.70832,67.08204,67.26812,63.95311,69.05071,67.89698,69.06519,70.11419,67.00746,67.18631,66.0303,68.00735,66.06815,67.18631,66.61081,67.1193,64.49806,63.3877,64.62971,63.63961,63.63961,63.3877,63.15061,59.66574
9.21954,8.24621,8.24621,8.24621,8.24621,8.544,7.61577,7.61577,7.61577,7.61577,7.61577,8.06226,7.2111,7.2111,6.7082,7.2111,7.2111,7.2111,6.40312,6.40312,6.40312,6.40312,7.2111,7.2111,6.7082,7.2111,6.7082,6.7082,6.7082,6.7082,6.32456,6.32456,6.08276,5.09902,6.08276,6.08276,6.0,5.09902,5.09902,5.09902,5.09902,4.12311,4.12311,4.12311,4.12311,4.47214,4.47214,3.60555,3.60555,4.24264,3.60555,3.60555,52.15362,52.08647,47.51842,51.47815,46.09772,47.80167,42.05948,41.48494,41.62932,41.78516,40.16217,39.35734,41.59327,37.73592,41.04875,38.83298,39.66106,39.20459,35.4683,38.94868,39.69887,41.10961,34.82815,33.30165,35.4683,36.79674,36.06938,33.94113,34.71311,34.20526,34.82815,36.35932,30.23243,35.8469,33.12099,30.8707,29.96665,31.38471,30.08322,27.89265,29.83287,27.29469,26.30589,23.08679,23.08679,25.01999,25.0,21.37756,21.58703,18.97367,21.93171,19.31321,19.69772,17.20465,17.20465,19.20937,14.86607,48.25971,47.50789,51.08816,53.90733,53.75872,55.15433,53.8145,58.0517,60.87693,58.0,63.63961,61.55485,63.63961,65.76473,66.52819,65.19202,65.8559,65.8559,67.94115,65.94695,67.26812,69.29646,67.17887,68.0147,66.48308,68.11755,66.06815,64.66065,63.12686,66.4003,64.40497,64.40497,64.3506,65.36819,68.47627,67.1193,64.07808,67.77905,67.41662,67.35726,65.78754,68.15424,63.89053,69.12308,65.25335,67.08204,66.4906,66.28725,66.09841,61.52235,63.1981,63.03174,62.1289,60.03332,63.07139,58.00862,59.00847
8.06226,7.2111,7.2111,7.2111,7.2111,6.40312,6.40312,7.07107,6.40312,7.07107,6.40312,6.40312,6.40312,6.40312,6.40312,5.83095,5.83095,5.83095,5.83095,5.83095,5.83095,5.83095,5.83095,5.83095,5.83095,5.83095,5.0,5.65685,5.65685,5.65685,5.0,5.0,5.0,5.0,4.47214,4.47214,4.47214,4.12311,4.12311,4.12311,4.0,3.0,4.0,3.16228,3.16228,3.16228,3.16228,3.16228,3.16228,2.23607,2.23607,2.82843,52.34501,53.60037,48.6621,45.60702,44.27189,44.64303,43.32436,40.8534,40.31129,41.14608,38.47077,40.80441,39.11521,37.73592,39.44617,38.27532,39.05125,38.83298,38.8973,38.28838,36.87818,35.35534,36.06938,34.65545,33.97058,37.48333,35.38361,38.20995,37.64306,33.30165,37.01351,35.60899,35.80503,32.80244,31.06445,30.8707,31.06445,30.41381,30.88689,26.40076,24.73863,26.30589,29.15476,25.70992,26.07681,24.08319,19.10497,22.2036,18.24829,20.09975,18.02776,18.38478,20.61553,17.88854,20.61553,15.6205,15.81139,46.69047,48.10405,52.3259,53.15073,55.22681,55.22681,56.0803,55.97321,58.89822,58.79626,61.85467,61.40033,63.60031,68.60029,64.66065,64.03124,66.6033,65.60488,65.29931,65.8559,66.6033,69.31089,69.42622,69.81404,67.26812,70.72482,68.68042,65.79514,65.8559,66.6033,64.81512,67.00746,64.14047,66.37017,64.66065,67.1193,67.1193,66.64833,69.31811,67.23095,66.48308,66.40783,65.80274,70.0928,65.96969,62.36986,64.77654,61.81424,67.60178,65.76473,66.75328,60.67125,62.28965,58.00862,63.50591,61.07373,58.0
8.48528,8.48528,7.81025,7.81025,7.81025,7.81025,7.2111,7.2111,7.2111,6.7082,7.2111,6.7082,6.7082,6.7082,6.32456,6.7082,6.32456,6.32456,6.32456,6.32456,6.32456,6.32456,6.32456,6.32456,6.7082,6.7082,6.7082,5.83095,5.83095,5.83095,5.83095,5.0,5.0,5.65685,5.65685,5.0,5.0,4.47214,4.47214,4.47214,4.47214,4.47214,4.12311,4.12311,4.12311,4.12311,4.0,4.0,3.0,3.0,3.16228,4.12311,54.20332,47.80167,50.24938,48.16638,44.55334,47.50789,43.41659,45.60702,40.81666,42.43819,43.82921,41.18252,38.91015,39.81206,39.82462,41.4367,37.16181,38.8973,38.62642,37.64306,40.5216,36.05551,38.07887,37.10795,36.40055,36.05551,36.13862,36.40055,36.68787,37.0,36.67424,35.8469,34.0147,33.54102,34.88553,32.44996,31.62278,31.38471,30.0,29.0,29.0,29.06888,25.23886,24.41311,23.02173,24.69818,25.63201,21.47091,18.97367,22.56103,20.09975,19.10497,16.12452,19.0,16.0,18.11077,16.27882,47.67599,51.66237,47.29693,56.04463,51.92302,57.56735,54.70832,58.94065,60.08328,59.46427,63.89053,64.51356,64.19502,65.45991,68.62215,64.2573,69.57011,65.78754,68.68042,68.00735,69.26038,69.26038,67.6757,66.76077,67.18631,65.73431,63.78871,69.63476,62.36986,70.85901,63.95311,66.1211,68.11755,65.00769,66.06815,65.06919,65.37584,68.593,64.38167,66.09841,65.11528,66.48308,67.91171,64.84597,70.5195,63.90618,65.78754,63.56099,65.55151,62.64982,62.24147,63.95311,60.41523,58.59181,62.16912,61.29437,55.47071
9.21954,8.06226,8.06226,8.06226,8.0,8.0,8.0,8.0,8.0,8.06226,8.06226,8.06226,8.06226,7.07107,7.28011,7.07107,8.06226,7.07107,7.28011,7.28011,7.28011,7.28011,7.07107,7.28011,7.07107,7.07107,7.07107,7.07107,7.0,6.0,6.0,6.0,6.08276,6.08276,5.09902,5.09902,5.38516,4.47214,4.47214,4.47214,4.47214,3.60555,3.60555,3.60555,3.60555,2.82843,2.82843,2.82843,2.82843,2.82843,2.23607,2.23607,47.92703,47.92703,50.28916,45.60702,44.14748,44.91102,44.55334,46.52956,43.10452,43.10452,42.0119,40.11234,40.04997,40.1995,40.04997,40.31129,38.32754,40.79216,41.0,36.12478,38.47077,40.26164,40.02499,39.05125,37.94733,40.02499,38.63936,37.10795,36.67424,37.33631,36.22154,35.69314,33.54102,35.35534,34.0,34.0147,34.05877,32.0,32.01562,28.44293,28.63564,28.4605,28.16026,26.92582,26.57066,22.2036,24.41311,21.93171,23.02173,19.84943,20.51828,17.80449,19.84943,17.69181,19.84943,16.12452,13.41641,50.01,53.23533,51.62364,57.14018,54.33231,58.07753,59.03389,60.20797,61.03278,59.13544,63.03174,64.03124,68.00735,67.1193,69.06519,64.00781,71.06335,64.12488,69.18092,68.18358,69.35416,71.25307,68.35934,69.18092,68.06614,69.87131,67.36468,68.88396,64.93843,69.37579,62.36185,69.26038,67.6757,65.9242,65.79514,62.6099,62.17717,63.13478,65.8635,67.6757,66.85058,64.40497,67.80118,69.81404,67.35726,62.93648,62.24147,64.44377,65.19202,62.36986,64.66065,60.1415,66.06815,58.60034,55.80323,58.83026,56.93856
9.21954,8.60233,9.43398,8.06226,8.94427,8.06226,8.544,8.544,8.544,8.544,8.544,8.24621,8.544,7.28011,7.28011,8.24621,7.28011,8.24621,7.28011,8.24621,7.28011,7.28011,7.28011,7.28011,7.28011,7.28011,7.28011,7.61577,6.7082,6.7082,6.7082,6.7082,7.2111,6.40312,6.40312,5.65685,5.65685,5.65685,5.0,5.0,5.0,4.47214,4.47214,4.47214,4.47214,4.47214,4.12311,4.12311,4.12311,4.12311,3.16228,3.0,51.73973,47.01064,52.34501,47.50789,41.6173,47.63402,41.34005,48.01042,39.82462,46.95743,44.72136,41.78516,40.8534,36.40055,40.16217,39.84972,41.10961,38.27532,39.29377,38.63936,42.75512,37.65634,41.0,37.48333,37.10795,39.05125,35.90265,39.05125,38.60052,35.44009,37.10795,38.07887,34.78505,37.0,31.95309,33.10589,32.64966,33.83785,31.06445,29.68164,28.01785,26.24881,29.69848,27.65863,25.4951,23.60085,21.93171,22.2036,20.24846,20.12461,20.61553,18.97367,18.02776,18.43909,18.02776,17.0,20.22375,50.01,50.69517,49.47727,57.28001,51.66237,60.08328,55.08176,59.48109,59.77458,56.61272,61.46544,62.96825,64.51356,65.9242,68.30813,62.39391,72.11103,65.19202,74.04053,68.41053,68.15424,67.72001,63.32456,70.88018,66.21933,69.857,66.70832,69.2315,64.13267,67.89698,59.5399,68.18358,68.00735,67.02984,66.1211,66.27217,60.67125,65.37584,64.38167,66.28725,70.83078,62.0967,67.44627,64.19502,68.35203,66.48308,65.30697,64.40497,63.52952,58.18075,63.95311,61.29437,63.13478,56.93856,59.05929,60.74537,57.98276
8.544,8.94427,8.94427,8.94427,8.94427,8.06226,8.06226,8.60233,8.60233,8.60233,7.81025,8.48528,8.48528,8.48528,8.48528,8.48528,7.81025,7.81025,7.81025,7.81025,7.81025,7.81025,7.07107,7.07107,7.07107,7.07107,7.2111,7.81025,7.2111,7.2111,6.7082,5.83095,6.7082,6.7082,5.38516,5.38516,5.09902,5.09902,5.09902,5.09902,5.0,4.0,4.0,4.0,4.0,4.0,4.12311,3.16228,3.16228,3.16228,3.16228,3.16228,52.46904,50.63596,48.27007,46.84015,45.60702,44.38468,44.01136,46.09772,39.82462,42.04759,41.6173,43.82921,43.56604,43.26662,41.6173,43.27817,39.82462,43.93177,40.36087,38.8973,40.31129,38.20995,37.53665,41.03657,40.31129,41.72529,37.48333,41.72529,35.35534,40.36087,36.87818,37.01351,35.60899,36.35932,32.44996,34.43835,36.23534,35.8469,32.31099,26.92582,29.12044,27.65863,28.16026,27.16616,26.1725,23.08679,23.0,25.07987,20.22375,16.03122,19.41649,21.18962,19.64688,18.68154,19.23538,17.49286,16.64332,50.44799,52.34501,51.62364,55.86591,53.07542,55.9017,55.44367,55.9017,62.36986,60.30755,62.00806,64.03124,65.94695,68.24954,67.35726,65.0,66.06815,66.06815,70.0928,68.11755,67.17887,69.42622,65.79514,68.62215,69.42622,67.17887,67.88225,68.68042,66.06815,69.35416,62.62587,65.60488,67.20119,63.81222,67.23095,64.41273,65.29931,66.64833,64.4748,68.94926,69.28925,62.64184,64.56005,65.25335,61.61169,65.0,65.30697,63.50591,64.93843,62.64982,61.66036,62.20129,62.28965,56.14268,61.0082,59.13544,56.0357
8.06226,7.61577,7.61577,7.61577,7.28011,7.28011,7.28011,7.07107,7.28011,7.07107,7.07107,7.0,7.0,7.0,7.0,7.0,7.0,6.0,7.0,7.0,6.0,6.0,6.0,6.0,6.0,6.0,6.08276,6.08276,6.08276,5.38516,5.38516,5.38516,5.38516,4.47214,5.0,5.0,5.0,5.0,4.24264,4.24264,3.60555,4.47214,3.60555,3.60555,4.47214,3.16228,4.12311,3.16228,3.16228,3.0,3.0,3.0,54.20332,47.01064,45.45327,45.0,43.27817,44.59821,43.86342,43.27817,41.10961,44.40721,41.86884,42.43819,41.67733,40.31129,41.14608,38.01316,42.04759,38.62642,39.81206,38.07887,40.31129,36.76955,39.21734,41.10961,39.0,39.0,34.9285,36.40055,37.57659,34.9285,34.88553,36.23534,34.48188,34.1321,33.61547,33.01515,31.62278,32.44996,29.73214,31.82766,25.4951,28.6007,28.01785,23.85372,26.40076,23.08679,22.47221,22.84732,23.5372,20.09975,20.22375,19.0,17.0,18.02776,15.13275,17.72005,18.68154,51.78803,52.20153,48.70318,56.30275,53.16014,57.58472,58.87274,58.87274,60.53924,58.5235,63.32456,62.96825,66.12866,66.85058,68.54196,66.70832,68.15424,67.62396,67.41662,67.77905,65.14599,69.07966,66.48308,68.94926,68.62215,70.34202,68.96376,65.25335,65.0,67.89698,63.34824,69.87131,66.75328,68.18358,63.07139,67.02984,64.00781,69.00725,66.18912,67.47592,69.87131,67.08204,67.89698,69.63476,67.26812,69.63476,66.21933,63.56886,68.00735,61.68468,64.2573,61.35145,61.84658,59.09315,60.00833,59.9333,58.60034
8.94427,8.94427,8.60233,8.60233,8.60233,8.60233,7.81025,8.48528,8.48528,8.48528,7.81025,7.81025,7.81025,7.81025,7.81025,7.81025,7.81025,7.2111,7.81025,7.81025,7.81025,7.81025,7.2111,7.2111,7.81025,7.81025,7.07107,7.07107,7.07107,7.07107,6.40312,6.40312,6.40312,6.40312,5.83095,5.83095,5.38516,5.38516,5.38516,5.38516,4.12311,4.12311,5.09902,4.12311,4.0,4.0,4.0,4.0,4.0,4.12311,3.16228,3.16228,49.47727,51.5461,50.56679,46.95743,47.16991,44.94441,45.80393,43.60046,42.2019,39.59798,41.03657,39.62323,41.7732,41.10961,39.69887,39.66106,42.80187,39.40812,40.80441,38.01316,43.56604,38.58756,42.54409,40.70626,38.83298,37.21559,39.44617,40.49691,39.35734,36.05551,35.51056,38.27532,36.05551,36.87818,33.24154,33.24154,32.52691,34.71311,31.241,30.41381,28.42534,29.15476,28.79236,27.78489,28.63564,23.76973,22.13594,22.13594,21.18962,18.24829,20.22375,18.0,20.09975,17.0,19.23538,16.27882,16.27882,47.80167,50.44799,51.22499,55.31727,55.86591,54.48853,54.48853,57.28001,59.5483,58.0,62.24147,63.65532,64.3506,65.06919,65.79514,68.62215,69.31089,66.46804,65.94695,67.94115,67.26812,71.58911,67.47592,69.52697,65.43699,66.61081,66.61081,64.63745,64.89992,66.03787,64.00781,67.54258,64.40497,65.0,63.69458,65.19202,63.32456,65.0,63.32456,65.30697,69.72087,68.46897,67.26812,66.27217,65.03076,69.06519,64.00781,63.07139,63.07139,61.13101,60.20797,64.77654,59.4138,59.68249,60.01666,61.61169,57.48913
7.81025,7.2111,7.2111,7.2111,6.7082,6.7082,6.7082,6.7082,6.7082,6.32456,6.32456,6.32456,6.32456,6.08276,6.08276,7.07107,6.08276,6.08276,6.08276,6.08276,6.08276,6.08276,6.32456,6.08276,6.08276,6.32456,6.32456,6.32456,5.38516,5.83095,5.83095,5.38516,4.47214,5.0,5.0,5.0,5.0,4.24264,4.24264,3.60555,4.47214,4.47214,3.60555,4.12311,4.12311,4.12311,4.12311,3.16228,3.0,3.0,3.0,3.16228,51.97115,43.26662,48.60041,43.01163,43.41659,46.75468,41.72529,41.10961,39.82462,42.52058,37.20215,38.41875,38.83298,37.58989,35.77709,37.58989,40.31129,38.48376,39.81206,33.61547,39.0,35.1141,40.16217,37.57659,35.4683,34.9285,34.48188,38.62642,37.0,36.67424,35.35534,36.71512,30.88689,32.75668,32.20248,31.40064,30.0,29.73214,27.58623,26.90725,27.65863,27.01851,26.41969,23.02173,23.85372,20.61553,19.69772,21.54066,21.84033,21.37756,20.09975,19.10497,17.02939,16.0,16.03122,15.52417,16.49242,47.85394,52.88667,49.72927,57.28001,51.86521,57.24509,54.08327,55.36244,58.69412,55.02727,59.13544,62.62587,65.78754,63.32456,67.41662,62.39391,70.00714,67.06713,71.16881,69.46222,62.76942,68.94926,62.62587,65.45991,66.40783,67.05222,67.05222,68.30813,64.7611,67.89698,60.20797,66.61081,63.63961,65.19202,62.28965,66.06815,62.0,67.1193,64.12488,64.49806,69.46222,60.82763,67.08204,64.13267,66.4906,70.61161,62.58594,61.84658,66.48308,58.5235,60.16644,62.76942,64.84597,51.47815,60.83584,59.03389,55.9464
7.61577,7.28011,7.28011,7.28011,7.07107,7.07107,7.0,7.0,7.0,6.0,7.0,7.07107,6.08276,6.08276,6.08276,6.08276,6.08276,6.08276,6.08276,6.08276,6.08276,6.08276,6.08276,6.08276,6.08276,6.08276,6.08276,6.0,6.0,5.0,6.0,5.0,5.09902,5.09902,4.12311,4.12311,4.12311,4.47214,3.60555,3.60555,3.60555,2.82843,2.82843,2.82843,2.82843,2.82843,2.23607,2.23607,2.23607,2.23607,2.0,2.0,54.08327,48.01042,45.0,45.17743,45.18849,42.54409,47.92703,45.22168,39.21734,40.5216,41.0,41.97618,41.7732,39.31921,38.20995,39.05125,40.04997,38.01316,37.05401,38.11824,38.32754,38.63936,37.33631,35.0571,34.1321,37.12142,36.34556,38.20995,34.1321,36.01389,36.01389,37.05401,36.01389,33.24154,32.06244,34.23449,33.54102,32.98485,28.86174,27.89265,30.08322,27.20294,24.18677,25.55386,24.18677,23.02173,20.61553,22.67157,19.10497,19.20937,16.40122,20.0,18.02776,19.69772,20.12461,16.15549,17.46425,52.03845,50.08992,56.0357,56.32051,55.3263,57.42822,57.21888,57.42822,62.514,60.82763,63.63961,64.13267,68.73136,67.74216,64.77654,66.61081,68.73136,64.62971,67.36468,66.37017,70.25667,70.11419,71.44928,68.18358,69.26038,70.11419,71.00704,67.00746,67.18631,67.02984,64.49806,69.46222,65.9242,65.51336,68.41053,68.15424,67.6757,71.51224,63.90618,65.19202,69.77822,68.0,68.47627,69.46222,67.1193,71.61006,66.28725,66.0303,64.81512,65.0,64.2028,63.78087,62.36986,61.7171,58.89822,60.10824,58.0
8.544,8.24621,8.24621,8.06226,8.06226,7.07107,7.07107,8.0,7.0,7.0,7.0,8.06226,7.07107,7.07107,7.07107,7.07107,7.07107,7.07107,7.07107,7.07107,7.07107,7.07107,7.07107,7.07107,7.07107,7.07107,7.0,7.0,7.0,6.0,6.0,6.08276,6.08276,5.09902,5.09902,5.38516,4.47214,4.47214,4.47214,4.47214,3.60555,3.60555,3.60555,3.60555,2.82843,2.82843,2.82843,2.82843,2.23607,2.23607,2.23607,2.23607,53.85165,48.02083,48.30114,44.72136,44.01136,41.78516,43.68066,43.01163,42.2019,40.60788,40.4475,41.30375,41.10961,39.11521,38.20995,40.04997,38.01316,40.0125,38.01316,37.12142,35.01428,37.33631,37.12142,37.21559,38.11824,37.21559,38.0526,38.83298,37.05401,37.01351,35.01428,35.0571,35.0,32.14032,30.80584,32.55764,30.26549,28.86174,31.04835,26.57066,30.41381,26.83282,25.94224,24.59675,23.85372,24.83948,22.67157,20.51828,22.2036,18.86796,16.64332,17.20465,16.12452,17.20465,15.65248,16.55295,17.11724,51.1957,50.44799,54.34151,53.15073,52.7731,53.33854,56.4358,56.56854,60.29925,60.53098,62.28965,61.40033,65.49046,63.12686,64.49806,68.35934,65.37584,66.48308,64.49806,63.1981,66.91039,66.61081,72.18033,66.75328,68.06614,69.2315,66.4906,67.46851,66.48308,66.09841,64.19502,64.19502,61.35145,64.4748,65.9242,66.21178,68.88396,65.8635,66.03787,68.24222,66.28725,67.80118,65.80274,68.24954,62.62587,63.65532,67.20863,66.52819,67.88225,65.06919,60.81118,65.06919,63.63961,55.44367,59.81639,59.03389,56.40035
6.32456,6.32456,6.32456,7.07107,6.08276,6.08276,6.0,6.0,6.0,6.0,6.0,6.0,6.0,6.0,6.08276,6.08276,6.08276,6.08276,6.08276,6.08276,6.08276,6.08276,6.08276,6.08276,6.08276,5.09902,5.0,5.0,5.0,5.0,5.09902,5.09902,4.12311,4.12311,4.12311,4.12311,3.60555,3.60555,3.60555,2.82843,2.82843,2.82843,2.82843,2.23607,2.23607,2.23607,2.23607,2.23607,2.0,2.0,2.0,2.0,49.09175,49.09175,49.64877,43.86342,43.01163,41.4367,40.16217,42.44997,37.85499,38.83298,37.33631,38.11824,38.11824,38.01316,38.11824,38.20995,38.20995,34.1321,36.05551,38.47077,36.34556,35.22783,34.9285,35.12834,35.12834,33.13608,32.75668,34.36568,37.12142,35.51056,35.35534,35.12834,34.0,31.06445,31.14482,30.14963,32.55764,29.12044,27.65863,24.73863,23.5372,24.69818,25.55386,22.2036,20.80865,19.41649,21.93171,19.84943,19.84943,17.49286,17.80449,17.80449,19.41649,17.08801,17.49286,13.15295,15.81139,52.0,52.20153,54.70832,52.88667,57.72348,57.48913,56.88585,59.03389,60.01666,62.16912,63.34824,65.73431,67.68309,66.09841,64.93843,65.9242,67.26812,64.77654,66.28725,68.24954,67.68309,71.58911,71.30919,70.34202,68.65858,68.68042,65.52099,67.05222,66.09841,67.35726,64.84597,66.7308,68.54196,66.30988,67.54258,64.84597,66.03787,69.06519,67.6757,68.24954,68.41053,66.8431,64.81512,68.0147,65.8559,65.06919,64.53681,64.3506,65.05382,64.3506,65.94695,64.2028,61.6198,62.482,59.5483,62.482,58.60034
8.06226,7.2111,7.2111,7.81025,7.07107,7.81025,7.07107,7.07107,7.07107,6.40312,6.40312,6.40312,6.40312,6.40312,6.40312,7.2111,6.7082,5.83095,6.7082,5.83095,5.83095,5.83095,6.40312,5.83095,6.40312,6.40312,6.40312,5.65685,5.65685,5.65685,5.65685,5.0,5.0,5.0,5.38516,5.38516,5.38516,5.09902,4.12311,4.12311,5.09902,4.12311,4.0,4.0,4.0,4.0,4.12311,4.12311,3.16228,3.16228,3.16228,3.60555,51.26402,51.26402,50.15974,47.42362,43.41659,40.31129,43.04649,41.34005,39.05125,41.23106,36.79674,38.20995,41.01219,34.65545,39.05125,38.41875,38.41875,38.41875,35.80503,37.01351,35.51056,37.01351,36.89173,34.66987,35.8469,33.42155,33.83785,35.0,34.1321,35.22783,34.20526,36.12478,32.55764,32.55764,35.4683,31.241,31.241,28.42534,28.30194,28.63564,28.63564,25.63201,24.35159,23.76973,20.88061,23.19483,23.34524,23.08679,21.0238,20.0,21.2132,21.09502,19.31321,15.23155,14.56022,16.76305,16.55295,51.62364,50.44799,53.16014,57.00877,54.57105,56.61272,57.24509,59.77458,63.69458,59.46427,61.46544,64.62198,66.85058,69.46222,67.41662,64.62198,70.00714,69.07966,68.70953,69.28925,69.28925,70.00714,66.12866,69.57011,71.16881,69.89278,67.6757,67.44627,70.34202,68.88396,69.857,66.28725,63.95311,67.36468,66.27217,66.27217,66.00758,67.02984,67.00746,71.00704,68.11755,67.18631,69.06519,65.49046,67.74216,68.06614,69.63476,69.58448,67.08204,61.0,67.91171,65.51336,64.13267,60.87693,62.16912,62.36185,56.32051
7.81025,7.81025,7.81025,7.07107,7.07107,7.07107,7.07107,7.2111,7.2111,7.2111,7.2111,6.7082,6.7082,6.7082,5.83095,6.7082,6.7082,6.7082,6.7082,6.7082,6.32456,5.83095,6.7082,6.7082,5.83095,5.83095,5.83095,5.83095,5.0,5.65685,5.65685,5.65685,5.0,5.0,5.0,5.0,4.47214,4.47214,4.47214,4.12311,4.12311,4.12311,4.12311,4.12311,4.0,4.0,4.0,4.0,3.16228,3.16228,3.16228,3.16228,49.40648,49.92995,48.82622,45.0,45.45327,39.20459,42.44997,40.45986,37.80212,39.05125,38.01316,40.49691,37.73592,38.07887,36.05551,39.82462,36.23534,36.67424,34.17601,34.9285,36.40055,39.92493,33.83785,37.10795,34.17601,35.4683,35.77709,34.48188,34.53983,34.9285,34.9285,31.76476,34.53983,29.15476,31.90611,30.52868,30.0,30.61046,28.42534,29.0,29.0,26.92582,26.07681,22.82542,21.47091,23.25941,21.54066,19.69772,21.37756,20.09975,18.43909,18.68154,16.12452,16.03122,17.02939,17.26268,17.72005,51.24451,50.35871,54.45181,54.74486,55.57877,56.51548,58.24088,58.69412,62.58594,59.90826,62.36185,66.48308,66.48308,66.40783,64.56005,68.68042,65.73431,68.96376,67.18631,68.88396,68.15424,69.12308,70.34202,70.61161,68.15424,71.58911,68.65858,65.49046,68.73136,66.37017,67.1193,65.19202,69.00725,68.06614,70.11419,66.1211,71.17584,68.11755,70.45566,66.61081,66.4906,71.58911,66.94027,71.30919,63.60031,66.12866,64.84597,68.35203,66.12866,66.48308,65.0,65.9242,61.46544,64.4748,61.32699,60.41523,59.05929
7.81025,8.48528,7.81025,7.81025,7.2111,7.81025,7.2111,7.2111,7.2111,7.2111,6.7082,7.61577,6.7082,6.7082,6.32456,7.61577,7.61577,7.28011,6.32456,6.32456,6.32456,6.32456,6.7082,6.32456,6.7082,6.7082,6.7082,5.83095,5.83095,5.83095,5.83095,5.0,5.65685,4.24264,5.65685,5.0,5.0,3.60555,3.60555,3.60555,3.60555,3.60555,3.16228,3.16228,3.16228,3.16228,3.0,2.0,2.0,2.0,2.0,2.0,47.41308,48.75449,46.64762,45.0,40.60788,46.2277,40.31129,44.68781,38.20995,41.7732,38.83298,40.0,37.20215,34.66987,38.58756,37.21559,38.07887,34.98571,39.81206,36.67424,39.81206,38.47077,36.76955,34.53983,36.40055,33.61547,35.34119,36.67424,32.75668,34.98571,35.51056,33.6006,29.15476,33.6006,33.83785,31.241,30.0,31.14482,29.06888,28.3196,31.241,28.01785,23.76973,21.54066,22.36068,21.0238,20.24846,17.26268,20.09975,21.2132,19.0,20.02498,16.0,15.29706,16.55295,17.08801,14.86607,51.62364,55.57877,51.97115,54.81788,55.7853,57.00877,59.48109,56.61272,60.16644,59.13544,63.90618,62.93648,65.14599,65.78754,68.30813,64.51356,68.30813,65.78754,71.7844,67.05222,68.30813,69.26038,66.76077,67.44627,67.05222,68.41053,65.96969,71.58911,65.30697,69.42622,65.11528,70.5762,64.38167,65.00769,68.00735,65.0,65.00769,69.02898,67.06713,66.18912,69.35416,65.11528,70.85901,65.76473,70.03571,67.05222,66.94027,66.48308,63.60031,61.84658,61.13101,59.20304,64.56005,57.00877,59.20304,57.24509,55.71355
7.81025,7.81025,8.48528,8.48528,7.81025,7.81025,7.2111,7.2111,7.2111,7.2111,7.2111,6.7082,6.7082,6.7082,6.7082,7.61577,6.7082,6.7082,6.32456,6.7082,6.7082,6.7082,6.7082,6.7082,6.7082,6.7082,6.7082,7.2111,6.40312,6.40312,6.40312,6.40312,5.65685,5.65685,5.0,5.0,5.0,5.0,4.47214,4.47214,4.47214,4.12311,4.47214,4.12311,3.16228,4.12311,3.16228,4.12311,4.0,3.0,3.0,3.0,50.11986,52.83938,47.20169,44.68781,45.45327,40.36087,45.96738,40.31129,41.03657,37.01351,40.22437,40.49691,40.49691,39.96248,38.07887,38.48376,38.01316,40.24922,37.33631,35.1141,37.0,36.68787,35.1141,37.94733,34.9285,37.0,36.40055,37.94733,35.8469,35.8469,33.24154,33.10589,37.73592,32.75668,30.88689,32.44996,32.01562,27.65863,31.1127,26.24881,27.58623,27.20294,25.0,23.02173,24.69818,24.18677,20.61553,21.93171,18.38478,19.92486,21.58703,16.76305,18.11077,17.0,18.02776,16.12452,16.49242,50.35871,50.21952,52.39275,52.63079,54.12024,54.12024,57.97413,57.00877,59.77458,62.93648,63.56886,64.51356,63.89053,66.12866,62.03225,67.06713,65.78754,68.00735,66.48308,64.19502,65.52099,67.72001,69.37579,71.06335,67.05222,66.4906,66.70832,64.32729,67.26812,65.62012,65.27634,64.28063,67.18631,67.0,65.00769,64.03124,68.18358,67.18631,68.46897,67.74216,67.60178,73.1642,65.76473,70.83078,65.0,64.84597,65.52099,65.19202,65.78754,69.26038,67.05222,63.56886,62.76942,62.03225,63.24555,57.77543,59.09315
7.07107,7.07107,7.28011,6.08276,6.32456,6.32456,5.38516,5.38516,5.38516,5.83095,5.83095,5.83095,5.83095,5.83095,5.83095,5.83095,5.83095,5.83095,5.83095,5.0,5.83095,5.83095,5.0,5.83095,5.83095,5.0,5.38516,5.38516,5.38516,4.12311,5.09902,5.09902,5.09902,4.12311,4.0,4.0,4.12311,4.0,4.12311,3.16228,3.16228,3.60555,3.60555,3.60555,2.82843,2.82843,2.82843,2.82843,2.82843,2.82843,2.23607,3.16228,48.50773,49.36598,49.16299,46.04346,43.04649,44.10215,43.18565,41.30375,39.45884,37.48333,36.87818,37.36308,37.94733,37.69615,39.92493,34.0,37.57659,36.76955,35.77709,34.9285,37.58989,34.48188,34.98571,35.35534,36.05551,35.34119,33.12099,35.77709,35.4683,34.0,29.96665,34.17601,32.69557,32.28002,29.61419,29.83287,29.12044,31.40064,28.16026,26.07681,25.01999,23.34524,21.37756,22.2036,23.34524,21.37756,20.24846,20.59126,20.12461,18.02776,18.60108,17.80449,15.0,15.55635,16.97056,15.6205,15.81139,50.20956,53.03772,52.40229,52.40229,55.22681,57.62812,56.22277,58.25805,62.00806,60.60528,61.03278,61.61169,64.66065,66.85058,67.42403,65.60488,65.45991,61.07373,69.42622,69.63476,67.35726,68.60029,65.60488,69.6563,69.02898,67.35726,69.02898,68.68042,65.94695,67.94115,64.3506,70.76722,65.43699,67.47592,67.42403,66.28725,66.57327,65.51336,68.09552,68.96376,69.97142,71.11962,68.8767,72.01389,67.23095,68.00735,66.48308,65.80274,69.64194,65.14599,63.89053,66.09841,64.19502,60.63827,64.19502,61.68468,61.84658
7.81025,7.2111,7.2111,7.2111,6.7082,7.2111,6.7082,6.32456,6.32456,6.32456,6.32456,6.32456,6.32456,6.08276,6.08276,6.08276,6.08276,6.08276,6.08276,6.08276,6.08276,6.08276,6.08276,6.08276,6.08276,6.32456,5.38516,5.38516,5.38516,5.38516,4.47214,5.0,5.0,5.0,4.24264,5.0,5.0,3.60555,3.60555,3.60555,4.47214,4.12311,4.12311,3.16228,3.16228,3.0,3.0,3.0,3.0,3.0,3.16228,3.16228,54.20332,50.80354,49.64877,46.04346,44.77723,42.19005,41.18252,41.62932,39.21734,38.07887,36.87818,38.07887,39.29377,39.45884,36.87818,36.67424,38.20995,36.12478,37.01351,36.01389,36.0,36.12478,37.01351,33.01515,34.0147,35.0571,33.37664,38.01316,34.05877,34.36568,33.24154,32.24903,32.55764,33.37664,33.52611,30.08322,29.73214,30.08322,26.92582,26.92582,26.83282,26.24881,23.60085,23.02173,21.26029,25.4951,21.40093,17.69181,21.63331,20.24846,20.61553,18.97367,17.08801,15.23155,13.60147,17.02939,18.02776,50.44799,53.85165,52.95281,55.7853,56.7186,56.32051,59.4138,59.5399,60.40695,61.40033,64.19502,63.1981,64.19502,67.18631,66.1211,69.02898,68.18358,66.37017,67.47592,67.36468,69.87131,67.60178,68.35934,68.73136,67.74216,69.87131,66.91039,65.11528,67.08204,66.70832,66.48308,66.09841,68.94926,68.70953,69.46222,64.4748,68.44706,67.54258,68.47627,67.41662,65.51336,68.24222,68.7968,68.24222,69.63476,71.06335,70.60453,66.6033,69.6563,64.66065,61.55485,60.1415,59.64059,60.959,60.87693,60.10824,58.0
7.61577,7.28011,7.28011,7.28011,7.28011,7.07107,7.07107,7.07107,7.0,7.0,6.0,6.0,6.0,6.08276,6.08276,6.08276,6.08276,6.08276,6.08276,6.08276,6.08276,6.08276,6.08276,6.08276,6.08276,6.08276,6.0,6.0,6.0,5.0,5.09902,5.09902,5.09902,4.12311,4.12311,4.12311,4.12311,4.47214,3.60555,3.60555,2.82843,2.82843,2.82843,2.82843,2.82843,2.23607,2.23607,3.16228,2.23607,2.23607,2.0,2.0,53.07542,48.79549,46.69047,48.10405,43.01163,44.82187,40.81666,42.94182,38.91015,39.35734,39.39543,38.62642,36.76955,37.0,37.65634,38.47077,37.85499,37.33631,39.62323,36.49658,37.85499,33.24154,35.51056,34.71311,34.52535,35.17101,32.06244,34.52535,33.24154,35.35534,31.7805,34.9285,31.04835,30.67572,29.12044,33.10589,29.06888,28.84441,31.38471,28.42534,23.60085,24.41311,24.08319,22.67157,22.2036,22.80351,19.20937,21.09502,18.78829,18.78829,15.52417,15.52417,17.26268,16.76305,14.03567,14.03567,16.03122,50.80354,54.33231,52.08647,56.0357,56.0,60.00833,56.22277,58.00862,65.12296,60.00833,62.0,64.00781,69.11584,71.00704,69.06519,65.27634,72.1734,65.03076,70.00714,69.18092,66.06815,73.10951,67.0,69.06519,68.02941,69.06519,69.46222,71.11259,65.27634,70.34913,65.49046,71.19691,66.75328,65.76473,67.18631,66.70832,64.19502,68.35203,66.85058,68.942,71.30919,65.79514,68.44706,67.54258,71.58911,66.24198,66.64833,65.36819,67.60178,64.07027,65.73431,66.21933,66.28725,56.61272,60.0,63.60031,57.00877
8.48528,8.48528,7.81025,7.81025,8.60233,7.2111,8.06226,8.06226,7.61577,7.61577,7.61577,7.61577,7.61577,7.61577,7.28011,6.32456,7.28011,7.28011,7.28011,7.28011,7.28011,6.32456,6.32456,6.32456,6.32456,6.32456,6.32456,6.7082,6.7082,5.83095,5.83095,5.83095,5.83095,6.40312,5.0,5.65685,5.0,5.65685,5.0,5.0,5.0,4.47214,4.47214,4.47214,4.47214,3.16228,3.16228,4.12311,3.16228,3.16228,3.0,3.0,53.7122,50.77401,53.00943,47.20169,46.09772,44.55334,43.86342,47.38143,42.44997,41.04875,41.23106,39.40812,39.66106,37.20215,37.21559,38.94868,40.71855,38.47077,40.31129,38.27532,41.4367,38.91015,39.0,38.07887,35.34119,36.24914,35.73514,36.05551,35.34119,35.8469,34.9285,34.88553,32.44996,33.61547,30.80584,35.22783,34.05877,31.14482,31.82766,26.87006,26.1725,27.01851,24.41311,25.23886,25.94224,21.9545,20.12461,20.61553,18.43909,19.64688,18.68154,17.02939,19.0263,19.10497,19.10497,17.02939,16.0,49.81967,50.21952,51.41984,53.85165,53.45091,57.87055,53.75872,57.24509,58.87274,58.18935,63.56886,62.29767,63.56886,63.56886,65.45991,60.40695,68.62215,64.84597,68.30813,67.35726,66.76077,65.80274,67.44627,68.88396,67.05222,68.65858,65.96969,68.44706,63.15061,72.18033,63.63961,66.61081,66.37017,66.06815,67.02984,66.00758,62.1289,66.1211,66.48308,66.48308,68.593,67.08204,69.63476,67.68309,71.06335,62.58594,66.21933,69.26038,63.60031,65.14599,62.39391,60.53924,63.69458,57.38467,58.69412,58.60034,57.69749
9.05539,8.06226,8.24621,8.24621,8.24621,7.28011,7.61577,7.61577,7.61577,7.61577,7.61577,7.61577,8.06226,8.06226,7.2111,7.2111,7.2111,7.2111,7.2111,7.2111,7.2111,7.2111,6.7082,7.2111,7.2111,6.7082,6.7082,6.7082,6.32456,6.32456,6.32456,6.32456,6.32456,5.09902,5.09902,5.0,5.0,5.0,5.0,5.0,4.12311,4.12311,4.12311,4.12311,3.16228,3.16228,3.60555,3.60555,3.60555,2.82843,2.82843,2.82843,53.00943,52.15362,47.16991,47.51842,46.87217,43.56604,43.41659,40.5216,40.80441,40.49691,40.31129,38.48376,41.59327,39.82462,37.58989,38.27532,39.96248,39.40812,36.61967,34.66987,37.44329,38.27532,34.05877,40.80441,36.61967,35.0,35.51056,37.01351,38.83298,34.4093,33.61547,35.77709,34.48188,32.75668,33.10589,28.79236,30.8707,31.01612,31.04835,28.44293,27.29469,22.09072,27.29469,26.07681,26.01922,23.5372,22.2036,21.84033,20.24846,17.0,19.23538,18.02776,17.88854,15.65248,16.27882,17.69181,11.31371,48.25971,48.25971,48.82622,51.22499,52.49762,53.90733,51.66237,54.56189,57.31492,55.86591,59.39697,62.93648,63.03174,62.93648,62.24147,62.93648,65.76473,66.46804,62.36986,65.79514,67.20863,66.6033,65.19202,68.62215,66.6033,64.66065,66.6033,65.43699,66.21933,69.06519,62.68174,66.03787,67.23095,68.96376,66.24198,63.95311,65.79514,65.79514,65.39113,65.55151,64.84597,67.72001,66.09841,67.18631,65.51336,63.34824,64.32729,62.64982,63.34824,65.51336,61.66036,63.78871,62.80127,57.55867,60.20797,59.13544,57.14018
7.61577,7.28011,7.28011,7.28011,7.07107,6.08276,7.07107,7.07107,7.07107,7.0,6.0,7.0,6.0,6.0,6.08276,6.08276,6.0,6.0,6.08276,6.08276,6.08276,6.08276,6.08276,6.08276,6.0,6.0,5.0,5.0,5.0,5.09902,5.09902,5.09902,5.09902,4.47214,4.47214,4.47214,4.47214,4.47214,4.24264,4.24264,4.24264,3.60555,3.60555,3.60555,3.60555,3.60555,3.16228,3.16228,3.16228,3.0,3.0,3.0,48.37355,52.83938,49.64877,46.51881,48.8467,42.15448,44.01136,45.88028,41.23106,41.97618,41.0,38.47077,38.63936,37.21559,38.11824,38.0,39.0,37.01351,37.12142,36.05551,35.01428,36.0,35.22783,36.05551,35.0571,36.0,34.0147,37.01351,32.14032,35.01428,32.01562,32.75668,34.05877,32.24903,31.04835,30.36445,29.12044,29.73214,30.08322,28.6531,27.20294,24.69818,25.80698,24.20744,22.80351,23.34524,22.02272,20.61553,20.12461,19.31321,17.88854,20.88061,18.38478,17.46425,17.26268,19.0,17.02939,52.69725,50.24938,53.85165,54.12024,55.56978,54.12947,57.77543,58.69412,59.80803,63.07139,63.56099,64.07808,65.0,66.30988,65.19202,67.6757,69.07966,67.77905,66.30988,69.07966,67.23095,71.51224,68.8767,73.34848,70.26379,69.77822,66.30988,69.31811,69.35416,68.42514,65.8635,70.3278,69.97142,68.26419,69.89278,67.42403,66.8431,72.47068,68.62215,68.68042,70.76722,69.29646,69.35416,70.72482,67.20863,67.35726,66.6033,65.94695,67.47592,67.00746,66.8431,68.41053,62.80127,63.24555,64.63745,62.20129,59.68249
8.06226,7.61577,7.61577,7.61577,7.61577,7.61577,7.28011,7.28011,7.28011,7.07107,7.07107,7.07107,7.07107,7.0,7.0,7.07107,7.0,7.0,7.0,7.0,7.0,7.0,7.0,7.0,7.0,7.07107,7.07107,6.08276,6.08276,6.08276,6.08276,6.08276,5.09902,5.38516,5.38516,5.83095,5.0,4.47214,4.47214,3.60555,4.24264,4.24264,2.82843,3.60555,2.82843,3.60555,3.60555,2.82843,2.23607,2.23607,3.0,2.0,53.82379,51.08816,51.73973,46.8615,47.42362,46.66905,45.27693,46.40043,38.01316,46.32494,40.80441,38.58756,39.44617,39.35734,39.0,36.24914,40.8534,36.68787,40.26164,35.8469,37.64306,37.36308,38.07887,35.90265,37.85499,37.36308,35.73514,38.60052,36.13862,35.34119,34.9285,35.8469,34.78505,30.67572,32.64966,32.75668,31.06445,31.40064,27.65863,28.28427,26.90725,24.83948,22.02272,24.75884,23.43075,22.36068,22.47221,20.80865,19.31321,23.08679,21.37756,17.02939,17.46425,16.27882,14.31782,17.26268,14.56022,52.7731,51.41984,51.1957,55.31727,52.63079,57.28001,57.28001,59.20304,59.13544,57.56735,61.98387,66.09841,65.80274,63.56886,65.45991,66.09841,71.16881,63.24555,69.92138,69.92138,68.41053,64.03124,69.37579,70.34202,67.44627,68.65858,66.70832,69.05071,64.93843,70.5762,66.37017,70.17834,70.02857,66.00758,68.02941,65.0,67.1193,66.61081,68.35934,69.2315,67.89698,66.28725,67.68309,67.91171,70.34202,66.40783,64.84597,64.2573,67.23095,62.76942,65.9242,66.30988,66.85058,60.00833,61.7414,61.29437,59.68249
9.0,9.0,8.0,8.0,8.06226,7.07107,8.06226,8.06226,8.06226,7.07107,7.28011,7.28011,7.28011,7.28011,7.28011,7.61577,7.61577,7.61577,6.32456,6.32456,6.32456,6.32456,7.28011,6.32456,6.32456,6.32456,6.32456,6.08276,6.08276,6.08276,6.0,6.0,6.0,6.0,6.0,6.08276,5.09902,5.09902,4.47214,4.47214,5.38516,4.47214,4.47214,3.60555,3.60555,3.60555,4.24264,4.24264,3.60555,3.60555,3.60555,3.60555,53.60037,52.95281,51.08816,50.15974,45.0,42.04759,41.01219,43.18565,41.59327,41.30375,40.79216,40.26164,41.76123,37.64306,37.64306,38.62642,37.33631,35.34119,37.69615,37.12142,38.94868,38.94868,38.01316,36.35932,37.57659,36.67424,35.77709,35.77709,30.67572,36.24914,34.9285,37.16181,32.69557,32.57299,33.95585,31.257,30.14963,29.27456,28.01785,29.15476,28.01785,28.01785,24.33105,23.76973,23.34524,23.76973,23.76973,21.47091,23.70654,19.69772,19.23538,20.0,17.69181,19.79899,18.43909,16.40122,16.12452,50.24938,51.62364,49.57822,54.03702,55.44367,56.40035,57.00877,57.2014,61.61169,60.0,64.07027,64.07027,65.73431,63.81222,65.19202,64.66065,67.95587,65.73431,67.20119,68.8186,66.61081,68.00735,71.21798,68.24222,71.02816,72.00694,68.60029,67.94115,68.68042,70.0928,65.79514,67.17887,68.62215,69.6563,69.52697,67.80118,70.45566,70.45566,65.19202,68.7968,65.8635,69.31811,67.1193,72.06941,68.8767,65.55151,67.77905,68.00735,66.85058,66.7308,62.93648,63.89053,64.56005,61.68468,61.98387,57.27128,57.00877
9.21954,8.60233,8.60233,8.60233,8.06226,8.06226,8.06226,7.61577,7.61577,7.61577,8.544,7.28011,7.28011,7.28011,7.28011,7.28011,7.28011,7.28011,7.28011,7.28011,7.28011,7.28011,7.28011,7.28011,7.28011,6.32456,6.32456,6.7082,6.7082,6.7082,6.7082,5.83095,6.40312,6.40312,5.65685,5.65685,5.65685,5.65685,5.0,5.0,5.0,4.47214,4.47214,4.47214,4.12311,4.12311,4.12311,4.12311,4.12311,3.0,3.0,3.0,53.07542,50.24938,49.49747,46.01087,48.08326,45.45327,42.80187,43.41659,39.66106,40.81666,40.24922,41.62932,41.14608,41.14608,43.32436,37.69615,41.4367,39.39543,40.16217,39.84972,40.5216,34.48188,38.83298,33.95585,35.73514,37.64306,35.17101,36.68787,35.4683,34.20526,37.69615,35.4683,33.54102,37.21559,33.10589,31.76476,29.83287,33.42155,31.06445,26.24881,26.90725,26.1725,25.23886,24.18677,25.55386,24.18677,21.93171,24.35159,21.58703,16.15549,17.46425,19.41649,20.0,19.0263,17.11724,16.12452,14.56022,48.50773,55.9017,51.47815,54.14795,53.23533,56.32051,55.14526,57.42822,62.07254,59.13544,60.0,62.0,65.03076,67.0,67.00746,65.03076,70.02857,66.00758,68.06614,69.00725,68.35934,72.11103,67.06713,67.0,70.02857,69.06519,69.11584,71.17584,67.26812,71.17584,64.93843,67.08204,67.26812,67.91171,67.72001,69.26038,66.40783,68.00735,67.72001,68.94926,70.38466,64.88451,67.62396,65.29931,66.18912,69.11584,65.51336,67.74216,67.6757,62.26556,65.36819,64.49806,66.57327,60.21628,60.53924,61.22091,58.24946
7.81025,7.81025,7.2111,7.2111,8.06226,6.7082,7.61577,7.61577,7.61577,6.32456,7.61577,7.28011,7.28011,6.32456,6.32456,7.28011,7.28011,7.07107,6.08276,6.08276,6.08276,6.08276,6.32456,6.08276,6.08276,6.32456,6.32456,6.32456,5.38516,5.38516,5.38516,5.38516,4.47214,4.47214,5.0,5.0,4.24264,4.24264,3.60555,3.60555,3.60555,3.60555,3.60555,3.60555,3.16228,3.16228,3.16228,2.23607,2.23607,2.0,2.0,2.0,50.32892,50.93133,50.20956,47.42362,44.68781,42.63801,43.82921,44.41846,45.17743,41.67733,40.81666,41.14608,40.8534,37.33631,40.71855,41.76123,39.21734,37.10795,33.95585,36.40055,35.69314,38.60052,33.95585,36.49658,35.17101,35.90265,36.13862,38.07887,34.20526,38.60052,35.73514,36.67424,33.24154,30.36445,33.54102,30.01666,29.06888,28.84441,28.84441,31.241,28.3196,26.90725,21.93171,22.67157,22.2036,24.69818,21.63331,20.12461,20.39608,19.41649,20.39608,18.24829,18.02776,16.03122,14.14214,16.0,16.49242,50.9902,49.25444,53.46027,53.33854,54.33231,55.00909,57.07889,60.03332,56.0357,59.03389,63.00794,64.03124,67.00746,66.0,65.06919,66.0303,68.06614,67.02984,69.00725,68.02941,69.00725,68.00735,70.0,68.02941,70.02857,69.06519,68.11755,68.18358,69.46222,68.73136,65.62012,62.80127,66.91039,65.30697,67.46851,66.21933,66.76077,68.96376,64.19502,65.55151,67.41662,67.97794,66.70832,65.74192,65.74192,66.21178,64.88451,64.3506,64.14047,65.51336,65.45991,63.00794,60.74537,60.21628,62.42596,59.40539,59.40539
