13.60147,12.80625,12.04159,12.20656,12.20656,12.20656,12.04159,11.40175,12.04159,10.63015,11.40175,11.31371,11.31371,10.63015,10.63015,10.63015,10.63015,10.63015,10.63015,10.63015,10.63015,10.63015,9.89949,10.63015,9.89949,9.89949,9.89949,9.21954,9.21954,9.21954,8.48528,8.48528,8.48528,7.81025,8.60233,7.81025,7.81025,7.2111,7.2111,7.2111,6.7082,6.7082,5.83095,5.83095,5.83095,5.38516,5.38516,5.38516,5.09902,5.09902,5.09902,5.09902,71.17584,72.33948,73.43705,72.02777,73.24616,71.44928,67.06713,66.18912,63.1981,65.06919,61.40033,60.00833,63.0,58.03447,63.03174,65.37584,58.30952,57.07889,57.14018,56.32051,57.42822,59.4138,56.56854,53.46027,49.0306,54.58938,54.58938,53.23533,52.61179,60.20797,49.49747,50.35871,51.35173,51.35173,51.0392,45.09989,46.0,43.18565,36.01389,43.10452,38.20995,42.19005,37.01351,35.12834,33.13608,32.38827,32.06244,32.24903,29.42788,31.06445,27.89265,23.4094,27.20294,22.36068,20.12461,22.82542,25.80698,12.20656,12.20656,10.81665,12.04159,7.28011,13.60147,9.21954,15.52417,23.76973,16.76305,23.19483,26.24881,27.65863,31.7805,35.12834,38.32754,42.29657,50.01,46.38965,50.01,50.15974,61.29437,59.68249,60.53098,61.18823,66.4906,64.84597,68.96376,68.96376,69.57011,70.2282,64.84597,72.09022,73.05477,68.15424,68.35203,67.41662,72.12489,68.02941,67.62396,68.15424,71.47027,67.06713,67.06713,65.45991,62.8172,61.13101,62.0967,61.81424,63.34824,62.64982,61.52235,72.56721,64.77654,67.26812,66.27217,69.26038
14.42221,13.0384,13.89244,13.0384,13.0384,12.52996,12.52996,12.52996,11.6619,12.08305,11.6619,12.08305,12.08305,12.08305,11.18034,11.7047,10.77033,11.7047,10.77033,11.7047,10.77033,10.77033,10.77033,10.77033,10.77033,10.77033,10.77033,10.77033,9.84886,9.84886,9.84886,9.84886,9.84886,8.94427,8.94427,8.94427,8.06226,8.06226,8.06226,8.06226,7.2111,7.2111,7.2111,6.40312,6.40312,6.40312,5.65685,5.65685,5.65685,5.65685,5.0,5.0,69.857,72.53275,76.32169,66.76077,71.8401,62.64184,70.34202,64.62198,65.55151,59.77458,61.09828,59.46427,60.16644,64.28841,56.921,59.5063,62.39391,56.46238,56.36488,58.18075,59.94164,57.70615,53.23533,53.7122,57.38467,58.66856,54.3783,52.15362,52.39275,47.42362,47.92703,46.64762,51.89412,50.9902,45.65085,46.06517,47.92703,45.35416,44.59821,43.01163,43.41659,38.48376,36.67424,31.7805,31.7805,35.17101,31.04835,34.71311,27.65863,28.16026,24.08319,24.08319,24.08319,25.17936,22.02272,22.13594,23.19483,12.36932,13.15295,10.04988,10.19804,13.15295,11.40175,10.77033,17.0,18.43909,25.4951,25.55386,29.20616,33.24154,38.01316,36.89173,42.43819,39.11521,50.53712,50.56679,53.7122,58.82176,60.00833,60.72891,68.15424,62.80127,61.61169,67.08204,65.0,77.10383,67.74216,69.46222,65.62012,69.18092,72.24957,73.24616,70.25667,74.43118,73.10951,69.18092,69.06519,71.25307,67.60178,67.47592,69.18092,62.20129,68.593,63.28507,68.88396,61.98387,69.857,65.25335,66.21933,62.36185,70.88018,69.37579,74.63243,77.83315
12.52996,11.6619,12.52996,11.18034,11.6619,11.18034,11.6619,10.81665,10.81665,10.81665,10.81665,10.81665,10.81665,10.0,10.0,11.40175,10.63015,10.63015,9.21954,10.0,10.0,10.0,10.0,9.21954,10.0,9.21954,9.21954,8.60233,9.21954,9.21954,8.60233,8.60233,8.60233,8.06226,8.06226,8.06226,7.2111,6.7082,6.7082,5.83095,6.7082,5.83095,5.83095,5.38516,5.38516,4.47214,5.09902,4.12311,4.12311,4.12311,4.0,3.0,71.7844,66.85058,68.15424,69.64194,68.8767,69.07966,66.85058,67.54258,64.62198,61.68468,62.39391,57.93962,66.09841,61.03278,62.36185,57.97413,56.51548,61.03278,51.62364,61.40033,58.24946,57.28001,51.1957,52.49762,49.64877,53.75872,52.39275,49.0408,46.17359,49.72927,54.34151,50.96077,46.84015,46.84015,46.84015,45.27693,43.46263,44.01136,38.60052,43.26662,39.56008,38.47077,39.66106,35.35534,31.90611,33.28663,32.24903,30.46309,24.83948,26.92582,26.90725,25.0,29.73214,23.34524,25.80698,24.41311,23.32381,12.20656,11.6619,12.52996,7.2111,8.544,14.03567,12.16553,17.02939,18.24829,21.37756,21.58703,25.4951,30.26549,34.1321,35.0571,43.01163,41.01219,46.27094,45.09989,48.6621,50.80354,57.48913,54.91812,55.7853,60.72891,63.24555,63.90618,65.39113,63.07139,63.32456,71.69379,65.0,62.17717,69.35416,71.58911,66.7308,67.23095,72.94518,71.02112,69.11584,67.23095,66.03787,67.74216,64.00781,61.77378,59.5063,58.18075,66.85058,59.09315,63.50591,64.88451,63.90618,69.46222,62.39391,68.00735,64.2573,69.57011
11.6619,11.6619,11.6619,11.6619,11.6619,10.81665,10.29563,10.29563,10.29563,10.29563,10.29563,10.29563,9.84886,9.84886,9.84886,10.77033,9.84886,9.84886,9.48683,9.48683,9.48683,9.48683,8.94427,9.48683,9.48683,8.544,8.94427,8.544,8.544,8.94427,7.61577,7.61577,7.61577,7.61577,7.61577,7.2111,7.2111,7.2111,6.40312,6.40312,6.40312,6.40312,6.40312,5.65685,5.65685,5.0,5.0,5.0,5.0,4.47214,4.47214,4.47214,76.47876,65.36819,73.3553,76.96753,70.49113,67.97794,65.30697,69.35416,60.83584,66.24198,67.1193,64.88451,66.88797,58.59181,62.17717,59.5399,59.81639,53.53504,51.31277,53.60037,59.03389,54.20332,53.07542,54.81788,54.91812,48.25971,50.9902,51.62364,53.41348,55.0,51.0392,51.62364,47.70744,49.51767,47.01064,48.02083,43.41659,44.10215,41.34005,45.27693,42.94182,40.81666,37.57659,36.71512,32.64966,34.48188,29.41088,30.41381,29.15476,27.313,29.06888,27.85678,32.31099,27.89265,20.39608,21.37756,21.09502,13.0,12.52996,10.29563,7.0,6.32456,12.20656,11.6619,13.0384,16.97056,18.38478,23.25941,23.85372,24.04163,33.30165,34.82815,40.31129,41.34005,45.27693,45.79301,42.04759,54.626,55.9464,55.03635,60.08328,62.0967,60.16644,61.98387,67.08204,62.16912,68.41053,62.96825,70.17834,61.0,62.64982,62.07254,66.48308,71.17584,71.25307,67.36468,71.44928,66.61081,67.08204,68.65858,66.28725,67.08204,60.41523,64.7611,66.48308,64.7611,63.89053,59.80803,67.41662,67.05222,61.46544,63.97656,59.9333,70.72482
13.60147,13.60147,13.0384,13.60147,12.20656,12.20656,12.20656,12.20656,12.20656,11.6619,11.6619,11.6619,11.6619,11.6619,11.6619,11.18034,11.18034,11.18034,11.18034,11.18034,11.18034,11.18034,10.29563,10.77033,11.18034,11.18034,9.84886,10.29563,10.29563,9.84886,9.43398,9.43398,9.43398,9.43398,9.43398,8.60233,8.60233,8.60233,7.2111,7.81025,7.81025,7.07107,7.07107,6.40312,6.40312,5.65685,5.65685,5.65685,5.0,5.0,5.0,4.47214,76.2168,63.60031,76.2168,68.62215,64.56005,63.89053,63.24555,68.41053,57.72348,58.24088,58.94065,58.18935,57.87055,59.77458,55.36244,53.85165,54.42426,55.54278,58.18935,55.54278,55.47071,52.92447,54.23099,47.53946,51.47815,55.15433,53.14132,56.82429,52.55473,49.65884,47.42362,51.5461,48.70318,49.33559,44.59821,47.92703,47.92703,42.72002,45.60702,45.22168,40.02499,34.36568,35.22783,39.05125,37.10795,33.37664,35.0,32.24903,29.0,34.05877,26.07681,24.08319,26.0,27.0,21.37756,19.31321,19.10497,8.94427,13.60147,11.04536,7.0,10.29563,11.7047,10.77033,13.0384,17.49286,22.02272,24.83948,24.08319,26.87006,31.82766,35.80503,37.20215,43.27817,39.96248,43.41659,48.76474,56.36488,55.9017,58.69412,59.23681,58.69412,59.13544,59.22837,62.36185,68.24954,67.46851,60.67125,66.28725,71.02112,65.49046,73.5527,65.19202,69.35416,68.593,68.26419,68.73136,67.18631,66.27217,64.62971,69.35416,63.63961,59.4138,61.52235,55.7315,65.11528,62.96825,68.44706,57.97413,61.03278,60.72891,65.52099,67.41662,73.08215
13.0,12.08305,12.08305,12.08305,12.08305,12.08305,11.18034,11.18034,11.18034,11.18034,11.18034,11.6619,11.6619,10.81665,10.81665,10.81665,10.81665,10.81665,10.81665,10.81665,10.81665,10.81665,9.43398,10.0,10.81665,10.0,10.0,10.0,10.0,9.43398,9.43398,9.43398,8.60233,8.06226,8.06226,8.06226,8.06226,7.61577,7.61577,6.7082,6.7082,6.7082,6.32456,6.32456,6.32456,5.38516,5.38516,5.38516,5.09902,5.09902,5.0,4.0,74.68601,74.73286,66.30988,64.4748,65.30697,64.07808,66.76077,66.12866,57.93962,56.82429,62.76942,56.0803,61.68468,58.5235,54.12024,54.70832,65.14599,61.40033,52.81098,52.88667,56.921,55.36244,51.41984,52.61179,55.36244,54.42426,51.66237,48.38388,50.69517,53.15073,51.07837,50.32892,47.53946,48.70318,45.88028,47.75982,43.41659,41.4367,42.72002,39.92493,35.73514,36.05551,35.8469,41.67733,35.60899,32.24903,30.0,34.4093,31.38471,26.62705,25.45584,25.6125,24.08319,22.62742,23.34524,23.85372,23.02173,11.31371,10.77033,13.0384,8.06226,10.29563,9.0,10.77033,14.14214,15.81139,18.43909,20.02498,26.1725,30.26549,33.06055,41.04875,36.0,42.10701,45.54119,48.04165,52.34501,47.38143,56.29387,55.54278,61.13101,59.09315,65.78754,66.21178,72.44998,63.95311,67.08204,64.00781,68.8767,72.20111,71.34424,71.69379,71.69379,64.66065,65.19202,67.1193,68.50547,68.26419,66.03787,69.11584,71.84706,59.03389,63.81222,64.07027,60.03332,61.7171,61.05735,59.09315,66.48308,65.9242,60.08328,71.7844,65.80274,66.70832
13.92839,13.0,13.41641,13.0,13.0,11.7047,12.08305,11.7047,12.08305,12.08305,12.08305,12.52996,12.08305,11.6619,11.18034,11.6619,11.6619,11.6619,11.6619,11.6619,11.6619,10.81665,10.29563,10.81665,11.6619,10.29563,10.29563,10.29563,10.29563,9.43398,9.84886,10.29563,8.94427,8.94427,8.94427,8.94427,8.544,8.544,7.61577,7.61577,7.28011,6.32456,7.28011,6.32456,6.32456,6.08276,6.08276,5.09902,5.09902,5.0,5.0,5.0,75.18643,76.24303,75.69016,67.77905,74.2159,65.14599,67.35726,62.29767,65.52099,63.60031,63.32456,54.40588,67.08204,59.90826,57.07013,56.75385,62.36986,55.7315,57.42822,54.00926,55.08176,54.34151,54.08327,59.07622,55.14526,61.52235,54.45181,52.03845,47.04253,47.38143,52.63079,50.15974,47.16991,53.23533,42.57934,50.01,50.03998,45.04442,43.10452,41.4367,34.20526,38.60052,36.68787,38.32754,35.73514,31.32092,31.7805,33.83785,30.67572,25.4951,26.0,23.85372,25.80698,22.2036,20.80865,21.93171,25.45584,12.04159,7.61577,11.7047,9.84886,9.48683,10.63015,15.81139,14.14214,17.02939,21.0238,27.16616,26.01922,33.01515,33.24154,38.0526,39.45884,45.39824,45.60702,47.53946,50.21952,52.20153,59.22837,56.85948,62.17717,70.83078,63.52952,64.40497,64.3506,68.0,67.23095,64.63745,71.28113,71.02112,70.72482,72.71864,71.40028,72.42237,70.80254,71.40028,73.78347,67.41662,70.72482,68.8186,68.7968,63.81222,73.92564,74.24958,62.16912,64.40497,68.42514,63.56099,65.0,65.79514,66.85058,65.96969,71.30919,65.0
13.41641,12.52996,13.41641,12.52996,13.41641,12.08305,12.08305,11.18034,12.08305,12.08305,12.08305,12.08305,11.18034,10.77033,10.77033,11.7047,10.44031,10.44031,10.44031,10.44031,10.77033,10.44031,10.44031,10.44031,10.44031,10.44031,10.44031,10.44031,9.48683,9.48683,8.544,9.48683,8.544,8.544,8.544,8.94427,8.06226,8.06226,8.06226,6.7082,7.2111,6.7082,7.2111,5.83095,6.40312,5.83095,5.83095,5.83095,5.65685,5.65685,5.0,5.0,67.35726,72.73239,70.2282,70.5762,71.51224,63.60031,68.70953,70.5195,65.52099,59.90826,62.96825,60.74537,61.84658,58.18075,57.27128,59.5063,55.9017,60.82763,57.77543,57.45433,59.48109,50.60632,57.3062,50.60632,54.12947,59.16925,53.85165,54.70832,53.22593,53.33854,48.25971,48.76474,49.39636,51.86521,41.59327,44.01136,43.909,41.67733,40.71855,40.8534,39.0,37.33631,39.21734,39.82462,32.98485,28.79236,28.4605,32.57299,30.59412,30.06659,33.13608,29.83287,23.19483,20.39608,27.01851,23.5372,26.01922,14.86607,12.36932,8.24621,12.04159,10.44031,9.21954,14.76482,13.89244,22.47221,16.55295,26.24881,30.52868,32.01562,33.61547,37.80212,37.16181,41.18252,45.65085,49.1935,47.75982,56.64804,60.74537,59.77458,62.16912,62.36986,64.32729,61.98387,71.70077,70.5762,69.72087,65.00769,70.34913,73.06162,70.25667,74.33034,73.17103,68.11755,69.18092,68.00735,73.00685,70.17834,67.26812,70.17834,70.5762,60.20797,66.1211,62.514,62.28965,69.2315,67.60178,61.98387,66.48308,69.89278,68.68042,73.08215,67.41662,67.05222
12.04159,12.04159,12.04159,12.04159,12.04159,10.63015,11.40175,10.63015,10.0,10.0,10.0,10.81665,10.81665,10.81665,10.81665,10.29563,10.29563,9.43398,9.43398,9.43398,9.43398,9.43398,9.43398,9.43398,9.43398,9.43398,8.94427,9.43398,8.60233,8.06226,8.60233,8.60233,8.60233,7.81025,7.2111,7.2111,7.07107,6.40312,6.40312,6.40312,5.65685,5.65685,5.65685,5.0,5.0,5.0,5.0,5.0,4.47214,4.47214,4.12311,3.16228,71.44928,72.56721,77.62087,66.75328,66.75328,69.63476,64.28841,71.02112,67.74216,64.93843,60.63827,61.98387,60.63827,60.72891,58.94065,60.16644,63.24555,63.69458,62.62587,53.31041,59.09315,55.97321,57.00877,60.53924,57.28001,54.40588,54.23099,59.23681,54.42426,54.78138,46.09772,50.69517,49.0408,50.69517,43.65776,50.0,46.61545,42.54409,45.54119,40.16217,43.41659,37.36308,38.83298,36.49658,32.38827,41.48494,32.38827,35.0,32.01562,34.0147,28.28427,26.01922,29.01724,21.0238,20.61553,27.45906,20.59126,11.7047,10.81665,11.18034,13.0384,13.0384,11.18034,6.40312,17.80449,17.88854,16.64332,24.59675,26.92582,28.6531,32.31099,37.73592,39.0,42.48529,41.4367,49.0408,49.64877,52.88667,56.29387,58.30952,61.0,63.1981,59.4138,65.03076,66.00758,65.03076,72.00694,67.36468,72.24957,73.33485,68.88396,74.33034,70.25667,69.46222,70.0,69.46222,71.70077,66.61081,68.35934,66.37017,67.60178,66.0303,64.00781,57.03508,65.00769,61.07373,69.02898,56.4358,63.78871,69.2315,66.61081,68.73136,64.03124,74.8131
12.72792,12.04159,12.04159,12.72792,11.31371,12.04159,11.31371,11.31371,11.31371,10.63015,11.40175,11.40175,10.81665,10.81665,10.81665,10.81665,10.81665,10.0,10.0,10.0,10.0,10.0,10.0,9.43398,9.43398,9.43398,10.0,8.60233,8.60233,8.60233,8.60233,8.48528,8.48528,7.81025,8.48528,7.07107,7.07107,7.07107,7.07107,7.07107,6.40312,6.40312,6.40312,5.83095,5.83095,5.83095,5.38516,5.38516,4.47214,4.47214,4.12311,4.12311,74.10803,68.26419,76.32169,72.00694,64.13267,68.06614,66.06815,66.0303,61.29437,65.37584,65.76473,63.95311,61.40033,54.12024,58.42089,62.16912,53.60037,54.57105,54.81788,55.10898,58.18935,52.17279,55.36244,50.28916,51.1957,56.51548,48.38388,48.76474,52.49762,49.98,51.26402,51.66237,42.75512,48.08326,46.87217,41.59327,36.13862,38.8973,39.45884,43.41659,44.40721,38.47077,37.33631,36.67424,36.01389,33.95585,35.01428,31.01612,25.0,30.01666,27.07397,25.17936,25.01999,23.34524,21.37756,18.68154,21.84033,15.81139,13.0,7.61577,13.0384,10.04988,11.04536,14.14214,15.52417,16.49242,21.58703,25.29822,21.93171,26.0,31.95309,32.28002,36.67424,39.84972,46.27094,46.57252,46.27094,45.27693,58.69412,59.00847,56.0,58.00862,63.03174,62.28965,68.46897,63.34824,69.42622,65.30697,72.18033,65.0,68.15424,72.18033,70.21396,67.68309,69.12308,67.46851,68.41053,69.37579,59.84146,70.61161,60.16644,66.94027,55.36244,67.26812,62.1289,61.29437,59.07622,60.03332,60.20797,66.0,61.13101,68.02941,72.11103,66.37017
13.34166,12.16553,12.16553,12.16553,12.16553,11.40175,11.18034,11.18034,11.18034,11.18034,11.18034,11.04536,11.04536,11.04536,10.04988,11.0,10.04988,10.0,10.0,10.0,10.04988,10.04988,10.04988,10.0,10.0,10.0,9.05539,9.05539,9.05539,9.05539,8.06226,9.05539,9.05539,8.06226,8.06226,8.06226,8.06226,7.28011,7.28011,7.28011,7.28011,6.32456,6.32456,6.32456,6.32456,5.38516,5.83095,5.83095,5.83095,5.0,5.0,5.0,73.82412,66.21178,67.53518,68.88396,64.41273,62.26556,65.36819,69.77822,60.82763,63.56099,62.26556,56.60389,61.26989,56.93856,56.35601,51.62364,58.30952,58.30952,63.28507,59.20304,57.00877,54.91812,51.86521,51.62364,51.10773,52.20153,54.08327,52.43091,48.25971,55.31727,47.43416,47.01064,46.14109,49.20366,43.60046,46.32494,45.65085,43.909,40.31129,39.81206,38.01316,36.61967,34.43835,32.57299,32.31099,31.38471,27.85678,31.62278,23.76973,27.51363,28.16026,26.24881,25.31798,27.0,24.33105,24.02082,20.02498,11.18034,9.05539,9.05539,8.60233,10.77033,11.40175,8.544,13.45362,19.20937,16.40122,21.9545,25.05993,35.38361,31.14482,34.65545,40.31129,38.8973,42.63801,48.79549,48.82622,48.25971,58.59181,57.68882,61.7171,59.61543,62.76942,65.14599,65.45991,68.00735,69.26038,64.56005,70.88018,70.61161,69.12308,72.27724,69.12308,65.0,71.06335,68.65858,68.30813,69.857,59.80803,70.34202,69.12308,64.84597,61.35145,59.13544,66.09841,63.56886,63.24555,66.70832,61.7414,64.84597,60.92618,68.42514,71.19691,73.92564
13.60147,13.60147,13.60147,13.60147,12.64911,12.64911,12.64911,11.7047,11.7047,11.7047,11.7047,12.08305,12.08305,12.08305,11.18034,12.08305,11.18034,11.18034,11.18034,11.18034,10.77033,11.18034,10.77033,11.18034,11.18034,10.29563,9.84886,9.84886,9.84886,9.84886,9.84886,9.84886,9.48683,8.544,8.544,8.544,8.24621,8.24621,8.24621,7.28011,7.28011,7.07107,7.07107,6.08276,6.08276,6.08276,6.0,6.0,5.0,5.0,5.09902,5.09902,67.1193,73.57309,70.66116,63.81222,71.8401,65.19202,63.00794,64.89992,65.29931,60.90156,62.26556,58.30952,59.90826,57.68882,58.00862,57.45433,60.37384,58.59181,53.23533,56.35601,59.5063,53.66563,55.54278,55.4617,51.88449,55.4617,51.47815,51.47815,51.89412,52.83938,45.27693,43.909,48.54894,46.52956,44.94441,39.96248,44.72136,45.17743,42.2019,36.79674,38.94868,38.20995,36.12478,34.05877,35.0,29.73214,30.0,30.41381,27.58623,29.06888,27.20294,23.25941,25.45584,25.07987,23.43075,25.63201,18.97367,7.2111,12.08305,8.48528,8.06226,11.40175,15.0333,12.04159,15.29706,20.0,19.23538,23.19483,31.40064,25.0,34.0147,34.71311,33.52611,39.29377,47.85394,48.50773,49.0408,53.14132,61.46544,55.15433,55.9464,62.17717,63.63175,65.43699,67.20119,65.43699,72.20111,68.76772,65.80274,67.35726,68.593,67.35726,72.86288,65.8559,69.42622,70.03571,70.72482,70.03571,65.19202,62.93648,73.59348,63.65532,64.3506,66.46804,60.44005,63.25346,60.20797,61.05735,60.20797,63.41136,65.36819,67.1193,74.24284,75.80237
13.60147,12.80625,13.0384,13.60147,13.0384,12.20656,12.20656,12.20656,12.20656,11.6619,11.6619,11.6619,11.6619,11.6619,11.6619,11.18034,11.18034,11.18034,11.18034,11.18034,10.29563,11.18034,10.29563,11.18034,10.29563,10.29563,10.29563,10.29563,10.29563,9.43398,9.43398,9.43398,9.43398,8.60233,8.60233,8.60233,8.60233,7.81025,7.81025,7.81025,7.07107,7.07107,7.07107,6.40312,5.65685,5.65685,6.40312,5.83095,5.0,5.0,5.0,4.47214,75.69016,72.42237,78.79086,66.09841,72.8011,72.42237,75.61085,69.37579,61.68468,66.94027,60.40695,62.62587,60.16644,61.68468,60.16644,56.85948,59.23681,58.69412,55.9464,58.13777,54.58938,53.7122,55.9464,53.7122,54.12024,55.4617,53.7122,57.27128,51.5461,50.11986,51.47815,50.77401,49.39636,51.26402,45.31004,44.72136,47.85394,40.24922,46.8188,39.56008,40.80441,41.0,35.51056,37.94733,35.51056,35.1141,34.53983,28.63564,28.86174,29.27456,30.41381,25.07987,25.01999,24.08319,24.18677,23.08679,22.56103,11.18034,9.21954,12.36932,10.19804,9.43398,16.12452,11.31371,18.02776,15.81139,16.27882,21.26029,29.0,31.89044,30.80584,36.89173,39.66106,45.22168,47.50789,49.73932,53.22593,58.66856,60.74537,59.23681,64.19502,67.6757,64.53681,62.58594,65.11528,68.06614,68.24954,72.18033,74.1485,72.69113,69.02898,71.25307,70.11419,67.47592,72.24957,74.0,74.54529,75.32596,70.40597,75.42546,65.62012,66.48308,77.23341,62.80127,63.63961,65.30697,65.76473,67.68309,66.48308,60.01666,68.96376,71.30919,71.69379,72.00694
12.20656,12.20656,12.20656,12.20656,12.20656,11.40175,11.6619,10.81665,10.81665,10.81665,10.81665,10.81665,10.29563,10.29563,10.29563,10.29563,10.29563,10.29563,9.84886,9.84886,9.43398,10.29563,9.43398,9.84886,9.43398,9.43398,9.43398,9.43398,8.94427,8.60233,8.60233,8.06226,8.06226,7.81025,7.81025,7.81025,7.81025,7.07107,7.07107,7.07107,6.40312,6.40312,5.65685,5.65685,6.40312,5.0,5.0,5.0,4.47214,4.47214,4.47214,4.12311,67.89698,69.87131,63.15061,64.53681,74.2159,63.28507,64.13267,67.89698,64.13267,60.67125,62.58594,61.18823,59.22837,60.63827,55.31727,55.97321,58.46366,56.30275,55.36244,59.13544,57.93962,58.24088,52.81098,52.0,52.49762,54.08327,58.69412,49.76947,50.15974,53.85165,53.45091,48.70318,48.50773,44.94441,48.76474,39.0,39.84972,38.62642,42.95346,43.73786,36.67424,37.21559,39.81206,34.53983,37.48333,29.15476,30.06659,27.29469,23.34524,28.01785,28.01785,24.02082,26.01922,25.31798,22.56103,20.09975,22.47221,17.11724,11.04536,20.88061,6.32456,11.04536,9.48683,12.20656,18.24829,16.12452,11.31371,22.67157,26.90725,20.59126,35.51056,35.4683,39.44617,39.11521,40.24922,47.50789,41.78516,48.0,64.03124,55.0,53.33854,58.54912,66.1211,67.18631,72.0,63.07139,64.07027,66.18912,67.06713,60.0,71.19691,64.19502,72.33948,63.07139,72.00694,69.35416,68.11755,65.12296,67.02984,64.12488,70.11419,61.13101,63.00794,59.00847,66.1211,63.12686,63.3877,56.32051,67.47592,64.32729,64.32729,69.35416,68.44706,74.52516
13.0384,12.04159,13.15295,13.0384,12.04159,12.04159,12.04159,11.18034,11.18034,11.18034,11.18034,11.18034,11.18034,11.18034,10.19804,11.40175,10.44031,10.19804,10.44031,10.44031,10.19804,10.44031,10.19804,10.44031,10.44031,10.19804,9.21954,9.21954,9.21954,9.21954,9.21954,9.21954,9.21954,8.24621,8.06226,8.06226,8.06226,7.07107,7.07107,7.0,7.0,6.08276,7.0,6.0,6.0,6.0,6.08276,5.09902,5.09902,5.09902,5.09902,4.12311,79.02531,67.80118,70.60453,68.0147,69.02898,70.76722,68.76772,70.00714,62.28965,58.13777,64.03124,59.07622,63.12686,52.63079,55.17246,57.42822,60.46487,49.64877,54.91812,54.20332,57.68882,53.41348,56.30275,48.8774,44.77723,54.3783,56.4358,52.83938,53.00943,55.07268,50.47772,49.20366,46.87217,46.04346,42.2019,42.80187,44.20407,42.54409,41.86884,40.36087,35.35534,41.40048,38.28838,33.97058,33.94113,28.01785,30.41381,26.1725,24.41311,30.0,27.45906,25.80698,24.20744,19.72308,21.54066,25.96151,22.56103,14.31782,9.84886,10.77033,12.08305,10.29563,11.6619,12.64911,14.31782,16.27882,19.23538,23.34524,30.08322,29.41088,32.01562,37.0,39.39543,45.61798,42.48529,49.1935,50.53712,54.58938,55.07268,55.22681,55.80323,61.07373,64.53681,66.6033,67.17887,65.79514,73.53911,63.03174,69.52697,67.20863,67.94115,69.35416,68.0147,66.06815,69.81404,67.00746,70.0928,76.6942,68.60029,70.60453,64.53681,65.45991,64.03124,64.44377,61.7171,64.38167,60.87693,66.48308,57.28001,69.29646,62.62587,71.84706,70.29225,61.84658
13.0,12.0,12.04159,12.0,12.04159,11.0,11.04536,11.04536,11.04536,10.04988,11.04536,11.04536,11.18034,10.19804,10.19804,10.19804,10.19804,10.19804,10.19804,10.19804,10.19804,9.21954,9.21954,9.21954,9.21954,9.21954,9.21954,8.24621,9.21954,8.24621,8.06226,8.06226,8.06226,7.07107,8.06226,7.07107,7.0,7.0,7.0,7.0,6.0,6.0,6.0,5.09902,5.09902,5.09902,5.09902,5.09902,4.12311,4.47214,4.47214,4.47214,72.86288,70.93659,65.11528,65.79514,66.70832,65.06919,67.26812,63.70243,57.31492,62.28965,58.0517,62.93648,64.3506,60.10824,53.75872,56.72742,58.79626,58.13777,53.8145,56.40035,55.80323,51.85557,49.92995,49.0408,47.50789,51.31277,48.9183,50.80354,53.0,47.63402,52.63079,48.82622,44.10215,43.01163,41.03657,42.63801,40.49691,42.63801,39.69887,40.45986,40.36087,36.79674,39.62323,36.79674,35.60899,31.89044,32.01562,32.64966,26.90725,27.58623,25.80698,28.30194,24.59675,19.69772,22.82542,20.24846,17.26268,8.544,4.47214,18.60108,17.88854,6.40312,10.81665,15.81139,11.40175,6.40312,13.92839,21.84033,25.29822,38.01316,24.18677,34.48188,39.21734,28.17801,45.27693,50.21952,43.82921,51.62364,57.98276,55.22681,52.40229,60.30755,51.62364,55.60576,62.17717,64.63745,58.79626,61.40033,62.20129,63.81222,64.40497,68.47627,66.18912,67.23095,63.06346,65.0,69.11584,64.88451,71.11259,59.68249,65.51336,57.45433,58.82176,61.77378,60.90156,56.85948,65.21503,61.7171,61.55485,62.62587,61.7171,61.22091,70.00714,64.44377
13.15295,13.15295,13.0384,13.15295,13.15295,12.16553,12.04159,12.04159,12.04159,12.04159,12.04159,12.0,12.04159,11.0,11.0,11.0,11.0,11.0,11.0,11.0,10.0,10.0,10.0,10.0,10.0,10.0,10.0,10.0,10.0,9.0,9.0,9.0,9.05539,8.06226,8.0,8.06226,8.06226,8.06226,7.07107,7.07107,7.07107,7.07107,6.32456,6.32456,6.32456,6.32456,5.38516,5.38516,5.38516,5.38516,4.47214,4.47214,73.66139,76.05919,70.00714,68.68042,74.96666,62.62587,71.44928,70.00714,66.52819,60.1415,56.58622,60.10824,59.4138,61.6198,53.03772,56.40035,59.20304,57.48913,51.40039,54.67175,51.86521,55.44367,50.60632,52.80152,54.67175,57.80138,49.64877,53.03772,47.70744,48.8774,50.80354,47.80167,48.79549,47.50789,45.80393,44.55334,41.86884,44.59821,43.27817,42.0119,38.8973,37.64306,36.06938,35.38361,29.68164,33.24154,28.17801,32.80244,24.18677,25.6125,24.83948,24.18677,26.40076,23.5372,20.24846,24.69818,15.65248,13.0384,8.94427,13.34166,10.44031,8.94427,8.60233,9.21954,14.21267,17.46425,19.69772,21.9545,23.4094,30.41381,32.44996,36.67424,36.35932,44.72136,41.67733,46.87217,47.63402,54.6443,54.48853,55.86591,58.69412,55.97321,68.593,64.81512,63.60031,66.61081,67.80118,63.81222,66.57327,70.72482,72.94518,68.7968,64.40497,67.95587,66.85058,67.23095,73.24616,67.60178,65.51336,63.28507,71.86793,56.30275,63.07139,66.24198,62.482,62.20129,70.0,62.36986,67.20863,61.6198,62.28965,67.26812,67.89698,68.593
12.16553,13.34166,12.16553,12.16553,12.16553,12.16553,11.18034,11.40175,11.18034,11.40175,11.40175,11.40175,10.44031,10.44031,10.44031,10.77033,10.77033,9.48683,10.44031,10.44031,9.48683,9.48683,9.48683,9.48683,9.48683,9.48683,9.48683,9.21954,9.48683,9.48683,8.24621,8.24621,8.24621,8.24621,8.06226,8.06226,8.06226,7.07107,7.07107,7.07107,6.0,6.0,6.0,6.0,6.0,6.0,5.09902,5.09902,5.09902,5.09902,4.12311,4.47214,66.4003,72.00694,70.17834,72.62231,68.41053,63.82006,67.6757,65.45991,67.95587,61.61169,63.82006,58.60034,61.85467,55.80323,57.98276,63.13478,61.29437,54.20332,56.0803,56.79789,51.89412,57.3062,54.626,50.60632,53.0,50.24938,52.35456,49.64877,53.7122,54.12947,48.76474,50.60632,45.48626,51.0,47.16991,43.26662,44.65423,43.01163,36.87818,34.82815,41.10961,37.01351,33.42155,34.20526,30.4795,30.4795,33.97058,33.97058,23.34524,27.58623,28.28427,24.20744,19.72308,22.82542,21.9545,21.63331,19.92486,13.60147,9.0,10.63015,10.0,13.60147,13.60147,10.29563,12.36932,18.0,20.61553,22.56103,25.17936,26.0,33.37664,36.13862,34.9285,43.65776,43.9659,47.75982,47.92703,50.08992,53.7122,57.68882,58.5235,62.42596,60.74537,61.07373,65.0,68.11755,65.43699,64.3506,67.17887,65.76473,66.48308,73.0,65.06919,73.59348,72.18033,67.89698,71.58911,66.8431,71.50524,63.65532,67.89698,67.89698,67.20863,62.93648,66.48308,64.2028,60.87693,56.85068,67.41662,64.66065,65.73431,73.24616,72.62231,71.02816
13.0384,12.20656,11.6619,12.20656,11.6619,11.6619,11.6619,10.81665,11.6619,10.29563,10.81665,10.29563,10.29563,11.18034,10.29563,10.77033,9.84886,9.84886,9.84886,9.84886,9.84886,9.84886,8.94427,9.48683,8.94427,9.84886,8.94427,8.94427,8.94427,8.94427,8.06226,8.06226,8.06226,8.06226,8.06226,7.2111,7.2111,7.2111,7.2111,6.40312,6.40312,6.40312,6.40312,5.65685,5.65685,5.65685,5.0,5.0,5.0,4.47214,4.47214,4.47214,76.48529,71.84706,77.62087,72.8011,67.44627,68.24954,70.85901,67.26812,66.09841,64.32729,60.44005,59.20304,62.64184,59.20304,62.8172,59.13544,59.48109,53.14132,52.81098,56.30275,62.64982,54.23099,55.15433,50.08992,53.31041,49.64877,51.62364,47.53946,51.5461,51.47815,48.10405,51.62364,47.16991,45.31004,44.59821,42.44997,37.0,37.64306,42.04759,37.85499,36.40055,40.02499,36.67424,33.95585,29.61419,32.01562,32.55764,31.257,33.01515,27.01851,28.07134,26.07681,23.0,23.19483,20.22375,23.5372,22.2036,12.04159,12.04159,7.81025,7.2111,10.04988,13.60147,12.08305,15.65248,16.40122,19.41649,22.47221,25.0,23.60085,32.64966,34.48188,37.20215,41.40048,42.72002,45.88028,46.14109,49.0408,53.48832,54.91812,57.48913,60.53098,65.62012,63.95311,65.19202,65.37584,66.61081,66.48308,65.06919,66.0,67.00746,66.00758,68.11755,74.00676,72.00694,65.12296,66.0,68.00735,66.27217,69.00725,68.00735,66.00758,58.21512,60.13319,65.37584,63.63961,61.66036,62.514,65.30697,66.70832,62.64184,64.32729,72.8011,70.40597
12.04159,12.04159,12.04159,12.04159,12.04159,11.40175,11.31371,11.31371,10.63015,9.89949,10.63015,10.63015,9.89949,9.89949,9.89949,10.63015,10.63015,9.89949,10.0,9.21954,9.21954,9.21954,9.21954,9.21954,9.21954,9.21954,9.21954,8.48528,8.48528,8.48528,8.48528,7.81025,7.81025,7.07107,7.81025,7.81025,6.40312,6.40312,6.40312,6.40312,5.83095,5.83095,5.0,5.0,5.0,4.47214,4.47214,4.47214,4.47214,4.12311,4.12311,3.16228,78.44743,68.24954,73.34848,74.2159,73.97973,70.83078,67.68309,68.68042,65.96969,63.34824,61.61169,63.78871,59.84146,59.68249,63.63961,62.16912,64.93843,59.68249,63.78871,60.00833,61.20457,60.13319,58.03447,53.08484,52.46904,56.14268,49.0408,50.01,53.33854,52.46904,57.31492,52.46904,43.41659,50.24938,49.81967,46.52956,42.10701,45.39824,40.4475,39.62323,40.79216,42.72002,37.36308,38.07887,36.40055,31.7805,35.4683,33.24154,29.06888,32.20248,27.85678,26.57066,27.29469,23.32381,25.4951,24.75884,28.28427,8.06226,14.56022,10.0,8.24621,14.56022,11.6619,15.13275,14.14214,14.56022,17.46425,22.2036,27.51363,28.07134,33.13608,34.36568,38.20995,45.89118,46.09772,45.09989,55.22681,52.0,64.19502,58.42089,59.22837,64.13267,64.32729,68.68042,69.26038,63.32456,71.51224,71.8401,67.62396,64.2573,65.78754,72.8011,75.6439,64.4748,68.94926,72.00694,74.73286,72.44998,68.15424,66.30988,72.11103,66.30988,70.34202,75.27284,62.8172,65.52099,58.82176,60.16644,73.4983,72.18033,62.80127,63.78871,71.70077,66.4906
13.60147,13.60147,13.34166,13.60147,12.64911,12.64911,12.36932,12.36932,12.36932,11.40175,11.40175,11.18034,11.40175,11.18034,11.18034,11.18034,11.04536,11.18034,11.04536,11.04536,10.19804,10.04988,10.04988,10.04988,10.19804,10.04988,10.04988,9.21954,9.05539,9.05539,9.21954,9.05539,9.21954,8.24621,8.24621,8.24621,8.24621,7.28011,7.28011,7.28011,7.28011,6.32456,6.32456,6.32456,5.38516,5.83095,5.83095,5.83095,5.83095,5.0,5.0,4.24264,74.41102,63.78087,74.33034,67.35726,65.11528,70.83784,62.24147,68.68042,61.6198,65.0,64.38167,63.41136,61.84658,54.20332,55.9017,55.0,59.66574,55.80323,58.25805,46.87217,57.68882,47.20169,60.03332,55.60576,54.6443,51.22499,51.0392,53.00943,53.0,48.37355,45.79301,50.11986,43.60046,50.24938,42.19005,46.2277,44.40721,44.94441,44.04543,35.22783,33.01515,39.20459,34.65545,35.38361,33.83785,30.4795,36.76955,30.4795,30.61046,30.41381,25.23886,24.08319,24.75884,21.09502,19.84943,22.36068,21.84033,11.40175,11.40175,9.84886,13.41641,9.21954,9.48683,13.45362,11.18034,13.0,22.02272,23.25941,25.07987,25.29822,28.63564,34.66987,35.8469,38.83298,40.0,46.64762,51.61395,55.31727,50.20956,51.85557,61.84658,63.12686,67.94115,60.20797,60.959,64.2028,68.11755,63.00794,76.02631,68.00735,69.06519,72.67049,67.41662,67.42403,73.23933,68.7968,72.8011,69.64194,64.2028,67.95587,60.46487,63.24555,68.76772,64.2028,62.80127,59.40539,56.58622,60.60528,57.98276,57.31492,56.72742,67.20863,69.81404,65.05382
13.0,13.0,13.0,13.0,12.08305,12.08305,11.7047,11.7047,11.7047,11.7047,10.77033,11.7047,10.77033,10.77033,10.77033,11.40175,10.44031,10.44031,10.44031,10.44031,10.44031,10.19804,9.48683,9.48683,10.44031,9.48683,9.21954,9.48683,9.48683,9.21954,8.544,8.544,8.544,8.544,8.544,7.61577,7.61577,7.61577,6.7082,6.7082,6.7082,6.7082,6.7082,5.83095,5.83095,5.83095,5.83095,5.0,5.0,5.65685,5.0,5.0,68.42514,68.44706,73.34848,66.28725,71.69379,66.64083,68.96376,68.44706,63.06346,64.14047,60.74537,63.51378,66.85058,55.00909,57.70615,59.36329,59.36329,57.68882,57.80138,52.20153,54.67175,53.60037,51.22499,53.90733,51.86521,50.47772,51.08816,53.00943,51.47815,48.25971,49.92995,44.10215,46.64762,50.32892,43.01163,44.10215,39.11521,43.01163,38.47077,38.47077,40.31129,35.35534,34.53983,36.76955,29.15476,24.16609,30.46309,32.20248,26.83282,23.70654,28.23119,25.31798,22.80351,25.17936,18.43909,19.23538,21.2132,10.44031,13.15295,8.544,13.0,13.0384,13.60147,14.86607,17.02939,14.86607,18.43909,22.67157,20.80865,26.90725,31.89044,38.18377,37.20215,45.27693,43.86342,49.67897,48.41487,48.82622,56.0357,59.5063,64.4748,63.69458,62.64982,67.05222,69.89278,64.62198,69.26038,63.32456,70.61161,68.41053,70.21396,73.97973,71.30919,68.41053,68.96376,69.42622,68.15424,71.58911,63.24555,69.26038,68.88396,65.51336,58.24088,57.56735,64.84597,62.24147,65.19202,60.00833,64.07808,60.82763,60.82763,70.21396,72.06941,74.79305
13.60147,12.80625,12.80625,12.80625,12.20656,12.20656,11.40175,12.20656,11.40175,11.6619,10.81665,11.6619,11.6619,10.81665,10.81665,11.18034,10.29563,10.29563,10.29563,10.29563,10.29563,10.29563,10.29563,9.84886,10.29563,10.29563,9.84886,10.29563,9.43398,8.94427,8.60233,9.43398,8.60233,8.06226,8.60233,8.06226,7.81025,7.2111,7.2111,7.2111,6.40312,6.40312,6.40312,6.40312,5.65685,5.65685,5.65685,5.0,5.0,5.0,5.0,4.47214,73.06162,70.06426,77.16217,62.39391,69.02898,66.27217,66.0303,68.11755,62.20129,66.00758,61.03278,60.82763,62.1289,58.21512,57.31492,56.4358,58.54912,54.91812,56.88585,54.74486,56.61272,52.88667,49.24429,52.88667,51.41984,54.12947,48.76474,47.29693,53.93515,51.1957,49.47727,48.76474,45.70558,50.01,42.95346,44.72136,39.81206,42.57934,44.28318,38.20995,34.0147,35.35534,34.0,35.22783,31.0,28.0,28.28427,33.06055,27.16616,31.14482,26.92582,25.01999,23.5372,23.76973,21.84033,25.17936,19.72308,13.60147,8.60233,8.24621,7.61577,12.36932,12.04159,11.18034,14.31782,16.15549,19.64688,22.13594,23.76973,28.79236,31.62278,40.5216,36.76955,44.27189,46.17359,45.70558,49.16299,54.91812,58.42089,55.03635,61.0082,64.49806,60.00833,63.50591,67.60178,62.514,67.47592,63.15061,71.56815,68.06614,68.65858,70.21396,67.72001,69.2315,70.61161,64.28841,73.97973,70.83078,66.28725,66.91039,66.75328,65.11528,61.0,65.37584,59.68249,65.62012,60.29925,61.13101,65.00769,62.07254,58.07753,69.02898,76.05919,78.00641
13.41641,13.41641,13.41641,13.41641,12.08305,12.08305,12.08305,12.08305,12.08305,11.18034,11.6619,11.6619,11.6619,11.6619,11.6619,11.6619,11.6619,10.29563,10.81665,10.81665,10.81665,10.81665,10.29563,10.81665,10.81665,10.81665,10.29563,10.29563,9.43398,9.43398,8.94427,8.94427,8.94427,8.94427,8.94427,8.06226,8.06226,7.61577,7.61577,7.61577,6.32456,6.32456,6.32456,6.32456,6.32456,6.32456,5.09902,5.09902,5.09902,5.09902,5.0,5.0,68.7968,63.50591,72.89719,66.0303,68.96376,74.06079,63.81222,73.24616,60.53924,64.89992,61.91123,55.56978,62.76942,52.69725,59.36329,58.13777,60.82763,49.76947,58.60034,51.97115,57.69749,56.85948,57.00877,57.70615,56.0803,56.79789,49.65884,51.62364,49.39636,47.41308,50.08992,52.83938,47.41308,48.8467,42.48529,49.64877,42.15448,43.82921,43.38202,38.94868,38.28838,37.73592,40.80441,36.89173,33.01515,29.06888,34.4093,30.80584,31.82766,26.90725,25.4951,28.42534,23.43075,21.93171,26.40076,19.41649,19.31321,7.28011,13.60147,6.7082,11.7047,10.29563,15.23155,11.7047,13.92839,15.81139,18.0,23.76973,28.44293,35.0571,35.35534,34.20526,35.44009,40.80441,42.05948,49.0408,50.08992,50.69517,59.61543,55.9464,56.60389,60.80296,60.03332,65.43699,70.29225,62.80127,74.51845,62.20129,71.40028,70.17834,74.20243,76.83749,69.42622,66.46804,69.29646,74.95332,72.12489,73.87828,66.52819,72.13876,68.88396,68.0147,55.0,63.78087,65.29931,62.482,59.36329,63.51378,68.7968,70.43437,57.00877,65.0,71.69379,73.3553
13.0384,12.20656,12.20656,12.20656,12.20656,11.6619,12.20656,10.81665,11.40175,11.40175,10.81665,11.40175,10.81665,10.81665,10.0,10.63015,10.63015,10.63015,9.89949,9.89949,9.21954,9.89949,10.0,9.21954,9.21954,9.21954,9.21954,9.21954,9.21954,9.21954,7.81025,7.81025,8.60233,7.81025,8.06226,8.06226,8.06226,6.7082,6.7082,6.7082,6.7082,6.7082,6.7082,5.38516,5.38516,5.38516,5.09902,5.09902,5.09902,5.09902,5.0,5.0,74.33034,64.19502,65.00769,66.18912,66.18912,72.0,61.0082,62.03225,59.03389,60.07495,61.13101,61.29437,67.36468,53.33854,58.03447,58.42089,62.514,55.31727,50.03998,55.7315,54.34151,52.34501,55.31727,47.85394,49.09175,51.47815,52.63079,49.47727,48.27007,50.28916,49.0306,50.28916,43.41659,45.88028,42.42641,39.01282,44.40721,42.0119,39.45884,41.30375,42.75512,36.22154,34.1321,36.49658,29.27456,34.05877,35.0,29.0,27.07397,24.0,25.31798,22.56103,24.04163,20.24846,24.16609,22.84732,19.92486,9.21954,10.81665,8.06226,12.08305,10.77033,14.03567,12.04159,17.46425,14.86607,21.09502,19.69772,25.94224,26.0,28.17801,38.32754,33.95585,40.16217,40.60788,45.70558,42.10701,47.16991,56.32051,54.03702,53.00943,59.21149,62.0,63.28507,63.1981,63.3877,67.36468,65.73431,66.61081,63.95311,68.65858,75.31268,74.95332,69.42622,68.41053,67.44627,70.03571,68.88396,65.51336,68.73136,63.95311,66.70832,57.70615,63.15061,63.28507,59.03389,63.3877,61.29437,66.0,61.03278,73.24616,70.34913,71.02816,66.1211
12.04159,10.63015,11.40175,10.63015,10.63015,10.63015,10.63015,10.63015,10.0,10.0,10.0,9.43398,10.0,9.43398,10.0,9.43398,9.43398,9.43398,9.43398,8.60233,8.60233,9.43398,8.60233,9.43398,9.43398,8.94427,8.60233,8.60233,8.06226,7.2111,7.2111,7.2111,7.2111,6.40312,6.40312,6.40312,6.40312,5.65685,5.65685,5.65685,5.65685,5.0,5.0,5.0,5.0,4.47214,4.47214,4.47214,3.60555,3.60555,4.12311,3.16228,65.03076,69.06519,73.02739,67.06713,72.06247,70.02857,65.06919,68.18358,65.00769,60.00833,64.19502,61.98387,57.31492,58.21512,60.13319,57.55867,61.98387,60.40695,53.46027,61.81424,57.48913,52.46904,57.27128,57.00877,49.47727,58.0517,48.37355,51.1957,45.70558,53.15073,43.73786,45.88028,40.5216,44.38468,40.5216,46.27094,43.41659,40.31129,39.20459,40.31129,33.37664,38.20995,33.13608,39.05125,29.0,29.27456,32.01562,29.06888,29.27456,30.06659,24.18677,26.01922,24.73863,24.33105,22.13594,22.47221,21.09502,13.15295,13.0384,7.61577,11.18034,7.28011,9.05539,12.36932,11.6619,17.49286,18.38478,20.61553,26.0,29.12044,30.8707,32.24903,37.85499,40.02499,43.93177,43.01163,44.72136,52.34501,53.33854,52.15362,57.14018,57.03508,61.0082,60.53098,65.49046,63.28507,68.46897,59.84146,69.2315,69.2315,63.15061,69.72087,62.36986,64.28841,66.4906,65.25335,66.09841,68.00735,63.78871,66.09841,65.62012,62.16912,54.08327,59.84146,62.00806,63.07139,63.63961,64.07027,57.21888,61.0,63.00794,69.02898,68.46897,68.26419
14.03567,14.03567,13.15295,13.0384,13.15295,13.0384,12.16553,12.16553,12.16553,12.16553,12.16553,12.16553,11.18034,11.18034,11.18034,11.40175,11.40175,11.40175,11.40175,11.40175,10.44031,11.40175,10.19804,10.44031,10.44031,11.40175,10.44031,10.44031,10.44031,9.21954,9.21954,9.21954,9.21954,9.21954,8.06226,8.06226,8.06226,8.06226,7.07107,7.07107,7.0,7.07107,7.07107,6.0,6.0,6.0,6.0,5.0,5.0,5.09902,5.09902,4.12311,72.86288,67.94115,69.35416,70.00714,70.72482,63.70243,69.29646,67.26812,67.89698,58.72819,63.78087,59.03389,61.52235,58.89822,58.25805,58.13777,55.60576,57.2014,56.61272,55.22681,56.40035,51.85557,55.22681,52.40229,52.00961,53.25411,54.45181,47.50789,54.20332,48.9183,49.81967,45.27693,44.20407,44.20407,42.44997,41.86884,42.2019,41.04875,45.45327,42.52058,41.23106,36.79674,37.64306,38.20995,34.65545,34.71311,32.01562,29.0,30.0,25.80698,25.94224,30.8707,23.70654,19.23538,24.33105,23.08679,21.18962,12.36932,13.34166,10.19804,8.60233,9.21954,12.08305,12.80625,13.0384,16.12452,17.46425,23.70654,24.69818,25.63201,29.06888,36.68787,43.41659,36.05551,42.94182,46.14109,47.70744,53.41348,54.67175,58.72819,56.56854,61.55485,63.25346,65.29931,69.42622,68.00735,66.61081,67.1193,72.71864,67.80118,69.06519,72.11103,67.1193,67.1193,68.60029,68.00735,70.17834,69.97142,71.02112,68.96376,71.86793,67.1193,59.40539,61.03278,60.46487,61.40033,60.1415,62.482,59.66574,64.66065,65.06919,63.03174,67.94115,67.94115
12.04159,12.04159,12.04159,11.31371,11.31371,11.31371,10.63015,10.63015,9.89949,10.63015,10.63015,10.0,10.0,10.0,10.0,10.0,9.43398,9.43398,9.43398,9.43398,9.21954,9.43398,9.43398,8.60233,9.21954,8.60233,8.60233,9.21954,8.60233,8.60233,7.81025,7.81025,7.81025,7.07107,7.07107,7.07107,7.07107,6.40312,6.40312,5.65685,5.65685,5.0,5.0,5.0,5.0,5.0,4.47214,4.47214,4.47214,4.12311,4.12311,3.16228,75.16648,77.16217,72.06247,72.02777,68.00735,64.19502,68.06614,70.11419,64.00781,58.03447,59.3043,64.0,63.0,62.03225,56.14268,62.03225,63.03174,60.53098,54.03702,56.0,56.08921,54.14795,55.9017,53.23533,54.74486,52.34501,53.33854,54.33231,51.0,53.15073,49.09175,50.01,46.52956,46.27094,45.17743,46.17359,45.04442,43.04649,44.0,42.0,41.01219,35.12834,38.01316,39.11521,34.0,31.0,34.36568,36.34556,28.28427,27.51363,25.96151,25.0,23.08679,23.08679,19.69772,19.72308,17.80449,14.31782,9.43398,10.29563,10.0,9.21954,11.04536,10.19804,11.18034,13.0,18.78829,20.0,25.4951,29.52965,30.41381,39.84972,34.17601,40.4475,40.79216,48.76474,51.92302,53.60037,54.58938,56.0357,59.07622,64.19502,62.20129,63.50591,67.26812,67.89698,62.28965,61.81424,67.60178,63.15061,70.71068,70.21396,67.46851,66.94027,67.08204,69.92138,68.44706,73.76313,64.53681,63.32456,67.68309,61.39218,62.36185,64.32729,65.27634,63.63961,58.21512,62.07254,62.03225,61.13101,62.07254,70.00714,73.10951,74.1485
12.04159,12.04159,12.04159,11.31371,12.04159,11.31371,11.31371,10.63015,11.31371,10.63015,10.63015,11.40175,10.0,10.0,10.0,10.81665,10.0,10.0,9.43398,9.21954,10.0,10.0,9.43398,9.43398,9.43398,9.43398,8.60233,8.60233,8.60233,8.60233,7.81025,7.81025,7.81025,7.81025,7.81025,7.81025,7.07107,6.40312,7.07107,6.40312,6.40312,6.40312,5.83095,5.0,5.0,5.0,5.83095,4.47214,4.47214,4.47214,4.12311,4.12311,69.00725,69.00725,67.00746,68.02941,71.11259,62.07254,66.0303,64.00781,64.07027,54.23099,63.07139,60.03332,62.28965,55.08176,56.14268,57.70615,59.3043,53.36666,49.49747,55.9017,53.93515,54.91812,51.66237,48.6621,50.48762,50.28916,52.17279,49.81967,51.1957,47.29693,50.63596,47.29693,47.51842,41.30375,50.21952,42.0119,42.19005,41.01219,39.11521,39.05125,42.10701,34.52535,34.1321,35.0,34.05877,30.0,28.16026,31.01612,24.08319,26.01922,25.17936,22.09072,25.17936,22.36068,21.18962,17.26268,19.92486,11.6619,12.52996,9.43398,8.24621,6.08276,7.0,13.34166,15.29706,13.92839,18.60108,18.78829,23.76973,28.63564,34.53983,30.08322,36.40055,41.0,41.76123,41.76123,47.16991,48.37355,54.14795,55.08176,56.0357,58.07753,60.00833,58.42089,62.28965,62.39391,65.62012,65.49046,67.26812,61.0,66.09841,63.15061,73.24616,65.73431,65.30697,59.84146,67.18631,65.52099,69.35416,63.50591,67.08204,64.28841,65.19202,62.514,60.40695,64.19502,63.3877,58.03447,64.07027,65.03076,64.19502,63.03174,65.19202,71.11259
13.89244,13.89244,13.0384,14.42221,13.0384,13.0384,12.52996,12.52996,12.52996,12.52996,11.6619,12.08305,12.08305,11.18034,11.18034,12.08305,11.18034,11.18034,10.77033,11.18034,11.18034,11.18034,10.77033,10.77033,11.18034,10.77033,9.84886,10.29563,10.29563,9.84886,9.43398,9.43398,9.43398,9.43398,8.60233,8.06226,8.06226,8.60233,7.2111,7.2111,7.81025,7.2111,6.40312,6.40312,6.40312,5.65685,6.40312,5.65685,5.0,5.0,5.0,4.47214,80.399,72.11103,74.8131,66.28725,66.37017,61.29437,69.11584,67.60178,63.63961,61.03278,61.66036,57.87055,60.82763,59.68249,56.08921,57.07013,61.52235,58.24088,57.48913,55.08176,54.57105,53.15073,54.40588,50.44799,50.35871,49.81967,49.24429,52.95281,52.61179,50.01,42.2019,51.62364,47.67599,44.72136,40.16217,46.17359,45.17743,43.18565,42.10701,37.05401,37.01351,33.01515,34.0147,34.05877,34.0147,31.01612,34.1321,27.16616,26.4764,27.65863,23.76973,22.09072,26.4764,23.19483,22.80351,18.78829,17.80449,10.63015,10.19804,17.02939,4.0,8.24621,9.0,13.0,13.15295,16.64332,18.35756,21.9545,29.20616,29.52965,27.73085,35.77709,40.31129,41.34005,43.9659,47.85394,50.28916,52.17279,55.97321,54.45181,60.87693,62.28965,67.47592,60.40695,66.06815,69.02898,72.1734,64.03124,70.02857,70.11419,70.11419,72.06247,65.06919,65.12296,69.18092,70.11419,68.00735,71.34424,68.35934,63.12686,70.17834,69.06519,70.17834,62.03225,60.0,62.03225,64.0,61.13101,55.10898,59.68249,62.39391,70.03571,71.25307,71.70077
12.52996,12.52996,12.52996,12.52996,11.6619,11.6619,11.18034,11.18034,11.18034,10.77033,11.18034,10.77033,10.77033,10.77033,10.77033,10.44031,10.44031,9.48683,10.44031,9.48683,9.48683,9.48683,9.48683,9.48683,9.48683,9.48683,9.48683,8.544,8.544,8.544,8.544,7.61577,7.61577,7.61577,7.61577,6.7082,6.7082,6.7082,5.83095,5.83095,5.83095,5.83095,5.83095,5.0,5.0,5.0,4.24264,4.24264,4.24264,4.24264,3.60555,3.60555,77.87811,73.34848,70.0928,65.73431,72.36712,62.58594,66.61081,67.08204,66.61081,62.36986,60.82763,61.68468,62.8172,57.97413,56.32051,59.80803,59.46427,55.15433,59.43904,55.02727,54.23099,55.7853,55.54278,55.97321,51.92302,49.0408,51.26402,51.42956,53.60037,48.46648,47.75982,50.15974,47.80167,49.64877,40.26164,44.92215,39.56008,45.22168,47.29693,38.8973,38.62642,41.23106,38.83298,36.87818,37.64306,36.68787,32.38827,33.06055,24.08319,28.16026,27.0,26.1725,23.08679,24.08319,25.07987,21.54066,22.0,13.92839,10.29563,10.19804,11.40175,10.04988,8.94427,10.04988,12.20656,19.20937,19.10497,21.09502,25.0,28.6007,28.42534,32.64966,34.88553,40.31129,42.15448,47.53946,46.06517,49.76947,57.28001,53.45091,56.29387,61.81424,58.85576,57.31492,65.0,61.13101,70.11419,61.0082,67.0,68.11755,69.06519,71.00704,67.0,61.0,68.06614,66.06815,68.00735,63.03174,65.27634,66.1211,69.02898,59.0,61.81424,61.13101,63.12686,66.1211,58.85576,60.29925,59.66574,67.18631,57.55867,68.65858,74.63243,63.89053
13.15295,13.15295,13.0384,13.15295,12.16553,12.16553,12.04159,12.04159,12.16553,11.04536,12.04159,12.0,11.04536,11.04536,11.04536,12.0,11.0,11.0,11.0,10.0,11.04536,10.0,10.0,10.0,10.0,10.0,10.0,10.0,10.0,9.0,9.05539,9.05539,9.05539,8.06226,9.05539,8.06226,8.06226,7.28011,7.07107,7.28011,7.28011,7.28011,6.32456,6.32456,6.32456,5.38516,5.38516,5.38516,5.83095,5.38516,5.0,5.0,72.8011,73.0,71.58911,68.41053,67.20863,63.12686,63.70243,66.21933,61.6198,62.93648,60.959,62.28965,58.69412,55.9017,62.2254,55.9017,57.38467,52.63079,53.75872,55.80323,59.64059,52.34501,54.48853,48.83646,48.9183,50.60632,50.9902,52.34501,51.08816,50.9902,47.50789,50.9902,41.40048,42.2019,46.66905,43.86342,39.62323,41.72529,43.18565,41.01219,33.97058,37.01351,36.40055,33.6006,35.80503,28.42534,30.80584,29.83287,26.92582,22.80351,20.61553,26.07681,21.9545,20.24846,22.80351,20.88061,19.64688,13.34166,11.04536,10.77033,10.29563,10.0,12.80625,10.63015,13.41641,18.35756,22.47221,23.85372,27.313,29.06888,32.24903,35.22783,37.80212,46.32494,43.27817,43.93177,47.42362,49.0408,53.60037,58.0,59.4138,59.81639,60.60528,61.03278,64.2028,65.19202,71.56116,67.53518,73.24616,70.23532,68.09552,71.58911,67.1193,71.34424,70.49113,66.24198,73.82412,68.44706,67.74216,70.23532,66.64833,61.29437,66.7308,61.05735,64.40497,65.45991,57.42822,57.00877,57.00877,60.20797,64.40497,66.52819,65.94695,70.17834
12.20656,12.20656,12.20656,12.20656,11.40175,12.20656,11.40175,11.40175,11.40175,10.63015,11.40175,10.63015,10.63015,10.63015,10.63015,11.31371,10.63015,9.89949,10.63015,9.89949,9.89949,9.89949,9.89949,9.89949,9.89949,9.89949,9.89949,8.48528,9.21954,8.48528,8.48528,8.48528,8.48528,7.81025,7.81025,7.81025,7.81025,6.40312,6.40312,6.40312,5.83095,5.83095,5.83095,5.83095,5.0,4.47214,4.47214,4.47214,4.47214,4.47214,4.12311,4.12311,69.12308,76.40026,71.38627,67.91171,70.40597,66.76077,76.68768,61.84658,65.0,61.66036,64.32729,61.66036,61.40033,65.76473,61.98387,62.39391,57.55867,56.4358,55.9017,58.13777,58.03447,60.53098,52.00961,58.13777,52.95281,49.64877,57.14018,54.08327,46.17359,54.00926,53.15073,49.16299,51.24451,46.27094,50.80354,37.12142,40.1995,34.05877,41.97618,45.89118,44.72136,38.60052,36.87818,31.32092,28.16026,32.57299,28.4605,33.83785,24.69818,26.0,28.6531,29.15476,26.0,27.78489,24.69818,24.69818,25.55386,10.63015,12.80625,9.43398,8.24621,10.44031,6.7082,14.14214,15.0333,17.0,19.64688,24.35159,24.0,31.40064,34.0147,29.15476,40.4475,40.1995,45.17743,40.0125,46.0,50.44799,57.07889,60.20797,56.29387,58.69412,62.36986,61.68468,63.90618,68.00735,61.09828,71.51224,60.40695,66.85058,67.23095,69.31811,68.02941,69.46222,70.93659,67.1193,67.1193,64.00781,71.47027,64.40497,74.46476,59.80803,69.857,62.76942,61.98387,66.12866,64.84597,67.44627,65.62012,63.06346,64.53681,70.03571,65.30697,73.24616
13.15295,13.15295,12.16553,13.15295,12.16553,12.16553,12.16553,12.16553,11.18034,11.18034,11.40175,11.40175,11.40175,11.40175,10.44031,11.40175,10.77033,10.44031,10.77033,10.44031,10.44031,10.44031,10.44031,10.44031,9.48683,9.48683,9.48683,9.48683,9.48683,9.48683,8.24621,8.24621,8.24621,8.24621,8.24621,8.06226,8.06226,7.07107,7.07107,7.07107,7.07107,7.07107,6.0,6.0,6.0,6.0,6.0,5.0,5.09902,5.09902,5.09902,4.47214,77.10383,66.48308,73.0,70.43437,71.21798,69.52697,61.7171,70.0928,59.40539,61.61169,64.89992,60.80296,64.3506,55.44367,58.83026,57.2014,56.61272,58.59181,57.42822,54.08327,58.13777,55.47071,54.12024,50.24938,53.23533,56.85948,50.53712,53.0,43.41659,54.91812,51.07837,52.83938,43.909,46.04346,43.04649,42.54409,40.80441,38.58756,40.22437,33.83785,39.11521,36.35932,36.05551,29.52965,31.40064,31.06445,29.83287,28.42534,29.06888,21.93171,27.65863,23.25941,20.0,21.47091,21.47091,20.24846,17.80449,8.544,13.0,9.21954,10.77033,10.77033,10.81665,6.40312,13.60147,18.43909,19.92486,18.68154,28.6531,32.24903,30.88689,38.01316,35.60899,42.43819,41.67733,46.2277,43.01163,52.40229,55.22681,58.60034,59.5483,58.0517,63.70243,63.25346,65.29931,58.89822,69.02898,59.81639,69.89278,68.7968,68.7968,72.94518,69.11584,71.02816,70.0,66.7308,68.24222,68.26419,66.28725,71.61006,65.0,63.82006,67.1193,57.48913,61.7171,63.25346,61.40033,61.52235,67.47592,69.29646,62.96825,63.65532,70.83784,71.58911
13.0384,11.6619,11.6619,11.6619,11.6619,11.6619,11.18034,11.18034,11.18034,11.18034,10.29563,10.29563,11.18034,10.29563,10.29563,10.77033,9.84886,9.84886,9.48683,9.84886,9.84886,9.84886,9.84886,9.84886,9.84886,9.48683,8.544,8.94427,8.94427,7.61577,8.06226,7.61577,8.06226,7.61577,7.61577,7.2111,7.2111,6.40312,6.40312,6.40312,6.40312,5.0,5.0,5.0,5.0,5.0,4.24264,4.24264,4.24264,3.60555,3.60555,3.60555,74.67262,73.5459,75.9276,72.36712,71.02112,69.87131,67.26812,69.05071,63.34824,63.34824,61.98387,61.61169,62.0967,55.57877,58.0517,57.48913,63.34824,57.48913,60.72891,51.92302,57.58472,56.04463,55.02727,49.0408,55.7853,57.00877,52.88667,55.36244,51.92302,49.39636,47.12749,50.44799,49.24429,46.32494,45.35416,45.89118,48.27007,40.4475,44.40721,37.85499,38.0,33.06055,39.01282,40.0125,33.0,33.06055,32.01562,31.01612,24.08319,28.16026,25.70992,26.07681,21.2132,19.92486,23.5372,22.47221,21.0238,12.16553,10.19804,10.0,11.18034,7.81025,5.0,9.43398,13.45362,14.42221,19.10497,23.43075,26.90725,29.0,31.14482,37.64306,32.20248,40.60788,41.6173,48.60041,52.39275,54.23099,54.626,50.15974,56.921,64.19502,63.32456,65.51336,67.89698,63.63961,70.40597,66.75328,73.17103,64.38167,65.27634,73.10951,69.11584,66.27217,65.49046,68.35934,71.17584,71.00704,66.27217,67.0,67.18631,62.03225,68.0,64.38167,62.1289,64.38167,65.49046,61.98387,61.61169,63.15061,60.82763,67.05222,70.5195,66.4906
13.0,13.0,13.0,13.0384,13.0,12.0,12.0,12.0,12.0,11.0,12.0,11.04536,11.04536,11.04536,11.0,11.04536,11.04536,11.04536,10.04988,10.04988,10.04988,11.04536,10.04988,10.04988,10.04988,10.04988,10.04988,10.04988,10.04988,9.05539,9.0,9.0,9.0,8.0,9.0,8.0,8.0,8.06226,7.07107,7.07107,7.07107,7.07107,6.08276,6.08276,6.08276,6.08276,5.38516,5.38516,5.38516,5.38516,5.38516,4.47214,66.52819,68.24954,63.70243,66.48308,70.83784,61.55485,65.79514,67.94115,59.4138,58.72819,56.0803,58.79626,58.72819,62.93648,49.81967,58.0,54.56189,53.75872,56.58622,55.22681,53.75872,55.0,48.9183,53.75872,50.93133,51.85557,50.9902,46.66905,51.66237,49.20366,43.27817,45.96738,47.38143,47.38143,45.96738,38.18377,44.82187,42.0119,39.40812,36.12478,37.21559,35.51056,34.05877,35.38361,30.61046,32.64966,28.84441,28.16026,25.4951,25.07987,23.25941,20.88061,21.93171,22.80351,22.36068,21.58703,20.22375,11.18034,10.44031,11.6619,5.0,10.81665,9.84886,11.6619,14.21267,16.55295,18.97367,18.97367,23.4094,29.41088,32.57299,36.24914,34.48188,38.01316,47.41308,41.34005,45.79301,54.20332,53.60037,59.66574,52.40229,65.11528,61.52235,64.3506,63.89053,63.89053,61.84658,65.45991,67.42403,64.07027,65.0,68.60029,71.56116,75.16648,68.7968,67.41662,72.11103,65.0,66.57327,64.89992,72.11103,60.74537,54.81788,61.85467,60.60528,63.00794,66.28725,58.00862,60.82763,59.5483,64.44377,65.19202,62.93648,73.5527
13.89244,13.0384,13.0384,12.52996,12.52996,11.6619,12.52996,11.6619,11.6619,11.18034,12.08305,12.08305,11.18034,11.18034,10.77033,11.7047,10.77033,10.77033,10.77033,10.77033,9.84886,10.77033,10.77033,10.44031,10.77033,9.84886,9.84886,9.48683,9.48683,9.84886,8.544,8.544,8.94427,8.94427,8.06226,8.06226,8.06226,7.61577,6.7082,6.7082,7.2111,6.7082,5.83095,5.83095,5.83095,5.0,5.0,5.0,5.0,5.0,4.24264,3.60555,69.42622,71.7844,68.94926,68.68042,66.09841,69.63476,66.48308,67.72001,67.44627,62.58594,58.69412,59.23681,65.78754,56.0803,59.46427,63.56886,55.15433,53.7122,55.9464,57.00877,61.26989,51.62364,52.47857,47.42362,50.53712,50.08992,53.7122,49.76947,50.69517,53.31041,52.81098,50.56679,47.01064,49.33559,42.48529,42.72002,42.95346,40.16217,41.48494,42.72002,38.63936,36.68787,34.9285,38.62642,31.32092,32.24903,34.52535,28.44293,25.4951,27.29469,29.15476,26.07681,24.02082,23.5372,21.09502,20.39608,22.0,14.31782,12.36932,11.18034,10.04988,8.60233,12.04159,11.40175,17.02939,15.65248,22.62742,25.05993,24.20744,30.41381,30.0,36.05551,36.89173,41.59327,46.95743,44.28318,47.01064,48.33218,61.03278,56.64804,59.13544,60.16644,61.84658,63.95311,67.26812,63.63961,68.44706,66.48308,65.12296,66.61081,68.35934,70.71068,71.34424,65.06919,71.25307,69.46222,69.06519,68.593,64.19502,68.11755,67.26812,66.0303,62.36185,67.26812,62.16912,58.42089,64.77654,64.13267,64.32729,66.28725,62.0967,75.69016,72.53275,65.14599
12.04159,12.04159,11.04536,11.04536,11.04536,11.04536,10.04988,11.04536,10.04988,10.0,10.0,10.0,10.0,10.0,10.0,10.0,10.0,10.0,9.05539,9.05539,9.0,9.0,9.0,9.05539,9.0,9.0,9.0,8.0,8.0,8.0,8.0,8.0,8.0,7.07107,7.07107,7.07107,6.08276,6.08276,6.08276,6.08276,5.38516,5.38516,5.38516,5.38516,4.47214,4.47214,4.47214,4.47214,4.47214,3.60555,4.24264,4.24264,70.93659,80.05623,75.82216,67.47592,68.11755,70.29225,67.89698,66.52819,62.93648,57.48913,64.3506,60.1415,60.1415,62.482,54.56189,58.0,61.07373,56.56854,55.86591,56.85068,57.38467,55.22681,50.32892,51.73973,52.34501,51.73973,54.45181,51.85557,49.51767,51.62364,46.75468,48.16638,49.57822,43.27817,43.13931,41.72529,42.52058,37.64306,40.80441,41.03657,42.72002,36.89173,39.81206,34.05877,35.60899,31.38471,28.6531,30.88689,25.80698,26.83282,24.69818,24.18677,24.16609,24.16609,20.02498,23.19483,24.33105,11.6619,11.04536,9.89949,7.07107,10.81665,9.43398,10.0,14.31782,19.10497,18.24829,24.73863,21.93171,27.65863,26.68333,34.48188,37.21559,41.23106,44.72136,44.28318,47.88528,48.54894,53.25411,59.40539,56.85068,60.82763,61.55485,59.66574,66.8431,64.3506,66.21933,67.00746,64.2028,66.4003,64.03124,69.06519,68.24222,67.1193,69.97142,66.88797,74.94665,68.96376,66.61081,69.11584,63.82006,64.14047,61.6198,57.24509,62.00806,60.60528,67.62396,61.40033,64.66065,65.19202,65.06919,70.0928,67.26812,67.89698
13.0384,13.0,13.0,13.0,13.0,12.0,12.0,12.0,12.0,11.04536,12.0,12.04159,12.04159,11.04536,11.04536,12.04159,11.04536,11.04536,11.18034,11.04536,11.04536,11.04536,11.04536,11.18034,11.18034,10.04988,10.04988,10.04988,10.04988,9.05539,9.0,9.05539,9.0,9.0,8.0,8.0,8.0,8.0,8.0,7.0,7.07107,7.07107,7.07107,6.08276,6.08276,5.09902,5.09902,5.09902,5.38516,5.09902,4.12311,4.47214,72.20111,68.96376,71.86793,71.69379,80.9506,69.77822,68.60029,65.74192,64.88451,64.14047,67.74216,64.66065,69.97142,53.7122,59.68249,63.82006,62.68174,57.00877,56.85948,58.30952,56.40035,57.42822,53.41348,56.22277,55.21775,54.20332,59.07622,50.80354,50.21952,54.91812,52.47857,52.39275,49.24429,46.61545,49.1935,43.82921,43.82921,40.71855,42.54409,42.54409,39.81206,37.0,35.4683,38.01316,35.17101,30.08322,28.86174,32.01562,27.89265,28.4605,23.76973,25.07987,24.5153,22.09072,22.02272,23.02173,23.34524,12.36932,10.77033,11.40175,9.84886,12.04159,12.52996,11.31371,15.0,19.10497,24.16609,19.84943,23.32381,30.46309,31.76476,30.52868,39.66106,40.80441,42.43819,45.96738,51.66237,53.03772,59.4138,59.66574,59.40539,58.83026,63.24555,65.19202,63.63175,66.24198,64.84597,68.42514,69.31811,71.69379,69.31811,70.2282,69.28925,71.47027,70.5762,66.7308,69.46222,67.06713,70.5762,70.5762,73.00685,63.69458,70.5195,66.12866,63.56099,64.84597,66.18912,60.53924,67.08204,67.54258,68.47627,70.49113,69.02898,74.06079
13.0,13.41641,13.41641,13.41641,12.08305,12.08305,12.52996,12.52996,12.08305,11.6619,11.6619,11.6619,11.6619,10.81665,10.81665,10.81665,10.81665,10.81665,10.81665,10.81665,10.81665,10.81665,10.0,10.63015,10.81665,10.81665,10.0,10.0,10.0,9.43398,9.43398,9.43398,9.43398,8.06226,8.06226,8.06226,8.06226,8.06226,6.7082,6.7082,6.7082,6.7082,6.7082,6.7082,5.38516,5.38516,6.32456,5.38516,5.38516,5.09902,5.09902,5.09902,70.21396,72.23573,72.12489,67.77905,67.06713,67.05222,67.18631,69.07966,62.0967,63.24555,60.08328,58.24088,64.19502,57.72348,53.75872,58.24088,61.66036,56.32051,57.27128,51.41984,56.75385,53.15073,49.81967,53.23533,59.03389,56.4358,51.78803,52.39275,50.08992,51.78803,51.41984,52.39275,44.72136,46.57252,49.0306,41.97618,45.60702,45.89118,46.09772,36.05551,36.68787,37.64306,38.27532,32.89377,33.24154,32.69557,27.85678,29.96665,29.96665,25.55386,25.94224,21.47091,25.55386,27.80288,21.93171,23.34524,20.24846,10.63015,13.0384,12.20656,12.04159,12.20656,13.34166,10.04988,16.03122,16.76305,21.09502,23.34524,25.07987,27.20294,31.40064,35.0,38.0,43.04649,46.17359,46.01087,47.51842,51.97115,56.22277,54.70832,67.72001,63.56886,66.09841,61.7414,66.70832,65.39113,67.77905,62.24147,72.00694,69.46222,69.77105,69.97142,69.77105,68.96376,64.14047,68.88396,72.06941,72.20111,62.24147,73.06162,66.7308,70.3278,58.18075,64.88451,64.41273,64.4748,63.32456,58.18935,69.28925,63.24555,67.77905,71.06335,70.40597,66.21933
13.0384,13.0384,12.0,13.0384,12.04159,12.0,12.04159,12.0,12.0,11.0,11.0,11.04536,11.04536,11.04536,11.04536,11.04536,11.04536,10.04988,11.04536,10.04988,10.04988,10.04988,10.04988,10.04988,10.04988,10.04988,10.04988,9.05539,10.04988,9.05539,9.0,9.0,8.0,8.0,8.0,8.0,8.0,8.0,7.0,7.07107,7.07107,7.07107,6.08276,6.08276,6.08276,5.09902,5.09902,5.38516,5.38516,5.38516,4.47214,4.47214,73.00685,76.53757,68.42514,68.0,74.43118,67.74216,70.71068,65.9242,66.18912,61.91123,58.66856,58.24946,64.07027,56.93856,61.29437,66.57327,60.03332,61.85467,54.40588,53.82379,59.20304,52.63079,54.20332,54.40588,46.8615,59.64059,50.32892,50.80354,54.6443,53.15073,51.73973,48.01042,49.40648,41.88078,48.60041,43.909,46.04346,46.75468,37.73592,37.58989,39.39543,32.64966,35.4683,33.24154,35.77709,32.64966,27.29469,29.15476,28.6531,23.08679,27.51363,20.24846,25.29822,27.29469,22.09072,21.0238,23.19483,14.56022,10.04988,12.0,10.04988,11.04536,7.07107,10.29563,16.55295,14.86607,20.51828,18.43909,27.58623,26.1725,31.1127,32.52691,36.06938,39.59798,42.63801,47.01064,49.09175,49.09175,57.27128,59.09315,60.82763,58.69412,64.4748,64.4748,67.41662,64.62198,66.40783,65.52099,66.76077,67.46851,71.16881,69.2315,72.03471,67.35726,69.37579,69.87131,77.88453,72.99315,65.80274,65.96969,72.03471,62.64184,56.921,64.51356,63.15853,66.40783,62.29767,62.03225,61.29437,59.5399,56.79789,69.31811,73.82412,69.11584
12.16553,11.18034,12.16553,11.18034,11.18034,11.18034,11.04536,11.04536,11.04536,10.04988,10.04988,10.04988,10.04988,10.04988,10.0,10.0,10.0,10.0,10.0,9.0,9.0,9.0,9.0,9.0,9.0,9.0,9.0,8.0,8.0,8.0,8.0,8.0,8.0,7.0,7.0,7.07107,7.07107,6.08276,6.08276,6.08276,6.08276,5.09902,5.09902,5.09902,5.09902,4.12311,4.12311,4.12311,4.12311,3.60555,3.60555,3.60555,75.16648,76.6094,70.17834,66.85058,67.00746,69.40461,69.02898,70.0,69.40461,61.6198,64.40497,61.6198,63.70243,61.7171,63.03174,61.55485,60.10824,59.5483,56.72742,60.1415,61.55485,54.45181,60.60528,53.03772,51.62364,51.62364,53.41348,54.56189,54.48853,46.75468,48.9183,49.20366,45.60702,49.49747,45.96738,48.9183,45.27693,48.08326,47.42362,46.09772,41.03657,37.48333,42.0119,34.20526,33.24154,34.82815,32.52691,32.01562,29.41088,27.73085,26.90725,28.01785,25.94224,27.51363,25.29822,20.88061,27.65863,12.04159,9.0,14.0,11.04536,12.80625,8.06226,13.45362,13.0,19.41649,21.63331,24.41311,28.01785,28.01785,33.6006,39.62323,35.0,38.20995,41.40048,45.27693,45.34314,49.81967,56.22277,54.03702,59.07622,58.66856,63.28507,59.48109,63.95311,67.97794,69.35416,62.64982,67.77905,70.93659,70.5762,69.89278,65.55151,68.35203,71.17584,71.86793,70.77429,67.05222,65.39113,65.0,68.35203,65.79514,64.2573,58.69412,63.07139,58.69412,60.41523,62.43397,63.41136,61.58734,63.65532,63.41136,67.20119,64.2028
13.34166,12.36932,12.36932,12.36932,12.36932,11.40175,12.36932,11.18034,11.18034,11.18034,11.18034,11.18034,11.18034,11.04536,11.04536,11.04536,11.04536,11.04536,11.0,11.04536,10.04988,11.04536,10.04988,10.04988,10.04988,10.04988,10.04988,10.04988,9.05539,9.05539,9.05539,9.05539,9.05539,8.06226,8.06226,8.24621,7.28011,7.28011,7.28011,6.32456,6.32456,6.32456,6.32456,5.38516,5.38516,5.38516,5.38516,5.38516,4.47214,4.47214,5.0,3.60555,75.28612,69.33974,71.21798,65.60488,71.02112,69.89278,67.80118,68.60029,64.63745,64.03124,57.45433,59.20304,64.81512,57.00877,58.24946,64.03124,59.66574,59.5483,55.44367,55.15433,61.40033,54.45181,59.46427,56.58622,54.20332,51.62364,49.67897,48.27007,52.40229,52.34501,49.67897,50.21952,43.27817,45.96738,45.27693,46.61545,43.60046,41.23106,46.40043,45.65085,41.18252,40.24922,38.07887,32.01562,36.23534,32.44996,35.8469,35.44009,27.51363,26.0,27.20294,25.29822,25.0,23.4094,23.4094,20.61553,18.0,7.28011,13.0,10.81665,9.21954,10.19804,9.43398,14.21267,18.02776,19.41649,22.84732,24.16609,29.96665,31.38471,29.15476,35.0,32.20248,43.60046,42.63801,51.73973,49.57822,45.80393,54.48853,55.31727,56.22277,60.44005,65.21503,65.45991,64.66065,64.49806,64.14047,66.18912,70.71068,67.1193,68.26419,70.71068,70.2282,68.0,68.42514,73.1642,67.54258,68.942,64.40497,73.40981,66.30988,67.23095,65.30697,65.39113,64.66065,70.23532,58.5235,60.46487,60.21628,62.1289,62.42596,69.6563,70.45566,71.21798
13.89244,13.41641,13.41641,12.52996,13.41641,12.52996,12.08305,12.08305,12.08305,12.08305,12.08305,12.08305,12.08305,11.18034,10.77033,11.7047,10.44031,10.77033,10.44031,10.44031,10.77033,10.44031,10.77033,10.77033,10.77033,10.77033,9.48683,9.84886,9.84886,9.84886,8.94427,9.84886,8.544,8.544,8.94427,8.94427,8.06226,8.06226,7.2111,7.2111,7.2111,7.2111,7.2111,6.40312,6.40312,5.83095,6.40312,5.65685,5.65685,5.0,5.0,5.0,68.54196,67.08204,69.77822,67.60178,70.68239,65.55151,61.77378,71.11259,63.50591,62.16912,58.83026,53.7122,58.5235,59.48109,54.58938,55.22681,57.14018,55.21775,56.0803,57.2014,57.42822,55.44367,58.24946,53.00943,54.08327,47.43416,48.82622,52.15362,48.02083,49.40648,47.80167,49.64877,42.19005,47.70744,41.67733,44.10215,43.60046,43.909,43.08132,39.35734,34.48188,38.07887,35.1141,31.01612,36.76955,32.75668,27.45906,29.83287,29.73214,23.19483,25.0,25.31798,22.56103,22.02272,21.0238,15.29706,21.37756,11.0,12.04159,7.28011,11.18034,10.29563,13.89244,11.40175,14.21267,18.38478,15.6205,18.60108,22.67157,26.1725,31.82766,32.55764,34.05877,40.31129,41.88078,47.70744,47.16991,50.21952,54.3783,54.58938,63.32456,60.16644,56.85948,63.90618,67.06713,61.61169,67.44627,64.84597,68.68042,66.48308,72.18033,72.27724,65.96969,66.21933,68.41053,69.2315,68.24954,72.99315,64.28841,61.18823,70.61161,66.4906,58.24088,55.54278,61.40033,62.36185,64.28841,64.84597,61.84658,65.0,63.07139,69.31811,64.88451,74.09453
12.72792,12.72792,13.45362,12.72792,12.72792,12.72792,12.04159,12.04159,12.04159,12.04159,12.04159,11.40175,11.40175,11.40175,11.40175,11.40175,11.40175,10.0,10.81665,10.81665,10.81665,10.81665,10.0,10.81665,10.81665,10.0,10.0,10.0,10.0,9.21954,9.21954,9.21954,9.21954,8.48528,7.81025,8.48528,8.48528,7.07107,7.07107,7.07107,7.07107,7.07107,6.40312,6.40312,6.40312,5.83095,6.40312,5.83095,5.83095,5.0,4.47214,4.47214,72.83543,67.60178,73.10951,67.26812,63.3877,61.20457,64.07027,66.06815,63.12686,62.28965,65.49046,59.21149,60.07495,55.03635,59.00847,59.0,61.0082,58.0,58.00862,49.09175,57.00877,54.08327,54.74486,53.23533,50.03998,55.03635,52.03845,51.35173,53.00943,49.25444,47.0,46.09772,48.04165,46.17359,46.09772,45.17743,41.01219,46.04346,37.12142,40.4475,39.11521,34.05877,39.11521,39.81206,32.01562,29.12044,30.06659,30.41381,22.56103,25.63201,25.0,23.5372,23.4094,23.25941,20.12461,20.80865,20.51828,15.0,12.72792,10.81665,14.21267,14.56022,9.0,12.04159,13.0,16.49242,24.16609,19.31321,26.92582,24.69818,34.48188,34.20526,37.33631,44.18144,41.59327,45.89118,49.16299,50.48762,55.03635,51.0098,61.13101,59.13544,61.20457,66.70832,63.34824,64.28841,68.41053,59.46427,71.8401,70.88018,71.16881,69.26038,69.28925,65.52099,68.68042,68.62215,72.27724,71.86793,61.03278,68.00735,63.89053,64.19502,59.4138,61.84658,60.41523,61.68468,61.98387,65.51336,60.20797,60.82763,56.08921,65.12296,78.16009,72.11103
12.72792,12.72792,12.04159,12.72792,12.04159,11.31371,11.31371,11.31371,10.63015,10.63015,10.63015,11.40175,10.63015,10.63015,10.63015,10.0,10.0,10.0,10.0,10.0,10.0,10.0,10.0,10.0,10.0,8.60233,8.60233,9.21954,9.21954,8.60233,8.48528,7.81025,8.48528,7.07107,7.07107,7.07107,7.07107,6.40312,6.40312,6.40312,5.83095,5.65685,5.0,5.0,5.0,4.47214,4.47214,4.47214,4.47214,4.47214,4.12311,4.12311,83.36066,69.26038,73.33485,72.69113,64.77654,68.06614,66.91039,72.24957,69.58448,66.27217,60.40695,63.12686,64.19502,60.07495,60.29925,59.07622,60.07495,60.20797,64.12488,59.13544,56.0,55.0,59.21149,56.00893,56.0,55.08176,49.0,56.0,54.23099,53.00943,51.08816,49.0408,49.25444,51.0392,42.0119,43.18565,46.01087,42.0119,44.01136,43.04649,38.63936,37.36308,35.17101,33.73426,36.34556,29.83287,29.61419,33.95585,25.4951,26.92582,26.07681,24.41311,25.63201,15.65248,23.32381,24.41311,21.26029,12.04159,14.21267,9.48683,8.06226,9.84886,9.21954,11.04536,10.04988,16.49242,18.43909,20.39608,25.07987,30.08322,34.78505,40.26164,34.52535,39.05125,44.04543,45.27693,54.00926,57.00877,59.07622,54.08327,60.82763,56.56854,64.32729,62.36986,68.15424,60.87693,70.0928,64.19502,71.47027,66.48308,66.40783,71.69379,69.57011,61.09828,66.85058,67.23095,66.7308,69.64194,63.32456,70.26379,66.85058,64.19502,64.19502,61.68468,62.0967,65.0,66.09841,61.98387,67.46851,64.77654,59.68249,64.93843,74.02702,73.02739
12.64911,11.7047,12.64911,11.7047,11.7047,10.44031,10.77033,10.77033,10.77033,10.77033,10.77033,10.77033,10.77033,9.84886,9.84886,10.29563,9.43398,9.84886,9.43398,9.43398,8.94427,9.43398,9.84886,9.43398,8.94427,8.94427,8.94427,8.94427,8.06226,8.94427,7.61577,7.61577,7.61577,7.61577,7.61577,7.61577,7.28011,6.32456,6.32456,6.32456,6.08276,5.09902,6.08276,5.09902,5.09902,5.09902,5.09902,5.0,4.0,4.0,4.12311,3.16228,74.84651,73.00685,75.02666,66.30988,69.31811,73.00685,72.42237,69.31811,61.68468,66.64083,66.7308,62.96825,63.32456,59.20304,54.626,56.0803,58.85576,56.75385,60.16644,54.81788,59.20304,55.97321,53.36666,53.36666,52.81098,57.97413,55.71355,51.97115,50.59644,52.20153,52.55473,55.02727,46.32494,49.72927,40.79216,46.84015,44.59821,44.92215,44.59821,39.56008,39.0,35.8469,34.0147,35.8469,34.88553,34.48188,32.64966,34.98571,26.92582,27.78489,24.83948,26.07681,25.0,21.26029,21.93171,25.23886,22.67157,13.60147,10.81665,9.84886,5.65685,10.77033,13.34166,11.0,13.0384,16.03122,18.24829,22.02272,22.36068,27.16616,33.13608,35.0571,35.51056,42.04759,43.17407,46.69047,44.14748,49.0408,55.54278,54.08327,57.77543,59.61543,63.95311,66.7308,64.41273,60.41523,67.97794,60.41523,67.6757,69.63476,71.02816,68.50547,68.8186,61.03278,67.00746,69.2026,67.6757,69.2026,68.7968,72.67049,65.80274,67.42403,57.70615,62.1289,60.53924,57.98276,60.82763,61.32699,61.32699,67.62396,57.3062,71.55418,68.44706,75.76939
13.45362,13.45362,13.45362,13.45362,13.45362,12.72792,12.72792,12.04159,12.04159,12.04159,12.04159,12.04159,12.04159,12.04159,10.63015,12.04159,11.40175,11.40175,11.40175,11.40175,10.63015,10.63015,10.63015,11.40175,10.63015,10.63015,10.63015,9.89949,10.63015,9.89949,9.21954,9.89949,9.21954,8.48528,8.48528,8.48528,7.81025,7.81025,7.81025,7.81025,7.2111,7.2111,7.2111,6.40312,6.40312,5.83095,5.83095,5.83095,5.38516,5.38516,5.38516,5.09902,74.2159,62.96825,70.83078,64.56005,66.40783,68.41053,57.56735,70.2282,62.36185,59.61543,61.68468,55.71355,63.32456,53.45091,55.31727,57.31492,59.22837,56.08921,61.98387,50.01,59.68249,52.7731,54.91812,54.12947,48.76474,59.43904,44.72136,52.15362,54.34151,50.80354,49.24429,49.47727,41.30375,50.01,43.56604,47.80167,40.71855,43.68066,42.05948,36.23534,38.8973,36.76955,31.38471,35.4683,33.61547,28.17801,31.30495,27.85678,27.78489,24.18677,26.07681,24.41311,23.02173,19.72308,20.80865,22.62742,20.51828,9.21954,8.94427,10.29563,8.06226,11.40175,9.05539,12.0,17.26268,19.92486,15.52417,23.08679,24.0,29.42788,31.40064,38.32754,36.01389,46.04346,43.01163,52.03845,51.24451,52.17279,58.0517,53.46027,56.88585,63.32456,62.36986,61.68468,66.30988,60.16644,73.00685,61.7414,71.11259,66.03787,67.08204,72.00694,67.6757,66.37017,69.35416,63.63175,67.74216,70.3278,59.9333,66.88797,64.14047,64.41273,57.80138,62.64982,61.26989,63.07139,56.0803,60.40695,58.24088,68.62215,55.71355,63.60031,77.7946,64.56005
12.04159,12.04159,12.04159,12.04159,11.04536,11.04536,11.04536,11.04536,11.0,11.0,11.0,11.0,10.0,10.0,10.0,10.04988,10.04988,10.04988,9.05539,10.04988,9.0,9.05539,9.05539,9.05539,9.0,9.05539,9.0,9.0,8.0,8.0,8.0,8.0,8.0,7.0,7.0,7.07107,7.07107,6.08276,6.08276,6.08276,6.08276,5.09902,5.09902,5.09902,5.09902,4.12311,4.47214,4.47214,4.47214,3.60555,3.60555,3.60555,75.9276,73.60027,75.60423,67.26812,75.16648,67.62396,67.94115,70.60453,66.46804,65.29931,60.44005,61.22091,64.38167,61.6198,57.00877,63.78087,60.959,60.87693,64.2028,56.72742,58.13777,51.73973,58.69412,53.03772,52.49762,54.45181,51.73973,55.15433,55.17246,51.62364,55.31727,56.63921,49.81967,48.79549,45.34314,45.0,42.63801,46.2277,42.63801,42.80187,38.94868,35.80503,41.04875,35.4683,36.71512,33.01515,35.80503,28.79236,28.17801,26.24881,31.30495,26.57066,27.313,24.16609,24.69818,22.09072,22.13594,10.44031,11.04536,9.0,14.31782,9.21954,12.08305,12.52996,11.6619,18.24829,18.78829,23.5372,24.16609,30.8707,29.54657,36.71512,37.12142,43.56604,43.82921,50.47772,47.80167,51.85557,59.46427,59.4138,56.56854,62.62587,59.46427,62.20129,67.95587,65.21503,69.64194,64.07027,75.16648,69.46222,69.11584,74.24284,70.49113,65.29931,64.66065,72.56032,70.83078,64.40497,71.19691,64.49806,63.00794,64.14047,55.80323,61.03278,61.91123,60.21628,63.81222,59.81639,62.482,69.02898,59.40539,67.17887,73.40981,72.13876
12.20656,13.0384,12.20656,13.0384,11.6619,11.6619,11.6619,11.40175,11.6619,10.81665,11.40175,11.40175,10.63015,10.63015,10.0,10.63015,10.63015,10.0,10.63015,9.21954,10.0,10.63015,9.21954,9.89949,9.21954,9.89949,9.21954,9.21954,9.21954,8.60233,8.60233,8.60233,8.60233,7.81025,8.06226,7.2111,8.06226,7.2111,6.7082,6.7082,6.7082,6.7082,5.83095,5.38516,5.38516,5.38516,5.09902,5.09902,5.09902,5.09902,5.09902,5.0,67.72001,71.86793,78.44743,70.34202,73.1642,69.57011,64.62198,66.85058,62.39391,65.14599,61.35145,60.44005,61.68468,55.36244,61.18823,58.82176,59.48109,55.08176,55.54278,53.93515,57.07013,59.22837,55.7315,53.15073,50.44799,54.81788,53.60037,50.48762,46.87217,50.44799,50.21952,53.85165,45.12206,47.85394,47.12749,43.41659,42.72002,42.37924,39.29377,41.76123,40.8534,41.10961,32.57299,34.0,32.24903,31.95309,31.76476,29.41088,31.7805,24.69818,24.16609,23.85372,20.80865,22.82542,21.09502,21.93171,25.6125,13.0384,13.89244,7.2111,9.21954,12.52996,13.0384,10.04988,13.0384,17.02939,20.02498,23.0,29.06888,24.02082,29.27456,37.21559,32.01562,42.19005,40.31129,47.51842,49.47727,49.47727,57.56735,54.70832,58.30952,60.92618,62.62587,67.77905,64.4748,63.13478,67.60178,66.7308,66.88797,66.88797,66.61081,71.61006,69.33974,65.51336,69.33974,69.06519,68.24222,73.23933,65.0,70.21396,65.45991,67.42403,66.70832,63.13478,63.63175,61.26989,57.69749,63.07139,64.51356,62.96825,58.60034,63.90618,64.51356,59.13544
13.0,12.64911,12.64911,12.64911,12.64911,11.7047,11.7047,11.40175,11.7047,11.40175,11.7047,11.40175,11.40175,10.44031,10.44031,11.40175,10.19804,10.19804,10.19804,10.19804,10.19804,10.19804,10.44031,10.19804,10.19804,10.19804,9.21954,9.21954,9.21954,9.48683,8.24621,8.24621,8.24621,8.544,7.61577,7.61577,7.61577,7.61577,7.61577,6.7082,6.7082,6.7082,6.7082,5.83095,5.83095,5.83095,5.0,5.0,5.0,5.0,4.24264,4.24264,72.89719,67.23095,72.91776,74.68601,68.42514,69.857,67.1193,65.74192,61.7171,65.0,67.23095,65.0,62.6099,52.7731,59.48109,61.40033,60.74537,56.85948,59.07622,58.82176,58.82176,62.76942,56.22277,53.7122,50.77401,52.35456,53.85165,53.66563,52.69725,54.40588,57.14018,51.0392,47.01064,50.11986,49.64877,46.52956,45.88028,43.04649,42.15448,40.71855,38.62642,43.32436,35.34119,34.9285,34.53983,33.24154,30.08322,27.85678,29.12044,28.16026,28.28427,26.07681,22.09072,26.30589,26.30589,21.2132,23.08679,10.19804,8.06226,9.48683,13.34166,8.06226,13.0,14.21267,15.65248,20.80865,17.69181,24.08319,29.20616,29.06888,29.41088,37.48333,38.20995,41.01219,44.04543,49.57822,49.73932,50.08992,58.24946,57.3062,59.68249,62.16912,65.39113,60.53924,67.41662,66.09841,68.35203,66.09841,70.5195,70.61161,71.16881,68.06614,70.85901,71.8401,72.36712,69.37579,71.30919,64.53681,69.42622,72.11103,64.84597,65.45991,67.6757,62.36185,63.06346,62.0967,65.78754,62.64982,67.53518,62.64982,61.26989,66.24198,71.11259,69.77105
11.7047,12.64911,11.7047,12.64911,11.7047,11.7047,10.77033,10.44031,10.77033,10.44031,10.44031,10.44031,10.19804,10.19804,10.44031,10.19804,10.19804,9.21954,10.19804,9.21954,9.21954,9.21954,9.21954,9.05539,9.21954,9.21954,9.21954,9.21954,9.21954,8.24621,8.544,8.24621,8.544,7.61577,7.61577,7.61577,6.7082,6.7082,6.7082,6.7082,5.83095,5.83095,5.83095,5.0,5.0,5.0,5.0,4.24264,4.24264,4.24264,5.0,3.60555,69.35416,68.02941,70.00714,64.4748,72.89719,68.15424,67.1193,66.21178,64.4748,62.03225,63.95311,67.54258,68.15424,60.03332,54.3783,64.66065,58.30952,62.80127,55.00909,57.98276,59.36329,52.3259,55.80323,53.82379,48.82622,56.40035,55.22681,54.40588,49.20366,53.53504,51.47815,51.86521,49.09175,43.82921,48.33218,42.19005,45.65085,42.43819,42.72002,39.56008,39.39543,33.61547,36.05551,35.4683,34.48188,33.10589,31.7805,31.38471,27.85678,30.36445,29.96665,29.27456,21.2132,24.02082,19.10497,20.22375,22.09072,10.04988,13.60147,9.48683,5.09902,8.06226,9.05539,11.40175,11.6619,11.31371,18.02776,20.51828,24.69818,25.80698,32.64966,33.30165,31.90611,40.70626,43.26662,41.62932,47.42362,48.8467,53.85165,52.80152,59.80803,60.72891,62.93648,64.53681,66.94027,60.01666,68.593,65.76473,67.74216,66.61081,70.17834,65.37584,73.33485,70.17834,65.37584,67.47592,70.34913,63.28507,67.26812,65.49046,61.40033,61.52235,66.70832,61.39218,59.48109,57.72348,58.18935,62.64184,61.68468,62.96825,58.87274,61.84658,74.24958,67.08204
12.72792,12.72792,12.72792,12.72792,11.31371,12.04159,12.04159,12.04159,11.31371,10.63015,11.31371,12.04159,10.63015,10.63015,10.63015,11.40175,11.40175,10.0,10.0,10.81665,10.0,10.0,10.0,10.0,10.0,10.0,10.0,9.21954,10.0,9.21954,8.60233,8.60233,8.60233,7.81025,7.81025,7.81025,7.07107,7.07107,7.07107,7.07107,7.07107,6.40312,5.65685,5.65685,5.65685,5.0,5.0,5.0,5.0,4.47214,4.47214,4.12311,74.43118,73.5459,67.60178,71.56815,72.33948,69.35416,67.89698,60.67125,67.89698,61.29437,63.63961,63.28507,65.9242,63.12686,62.39391,61.0,59.0,59.00847,55.00909,58.07753,65.00769,59.00847,55.00909,56.00893,49.16299,54.08327,57.14018,49.16299,54.00926,55.08176,50.03998,53.00943,45.0,50.03998,49.25444,44.18144,45.09989,40.60788,40.31129,41.30375,39.62323,42.57934,35.12834,36.49658,33.73426,32.75668,34.20526,30.08322,30.08322,32.01562,29.15476,24.18677,25.96151,27.313,20.12461,25.4951,19.23538,13.60147,10.77033,9.43398,9.43398,7.07107,11.40175,12.04159,12.04159,19.64688,18.02776,25.63201,27.16616,29.73214,34.52535,33.95585,44.28318,37.21559,46.52956,50.01,47.01064,50.03998,55.08176,61.07373,61.20457,60.20797,62.39391,66.75328,67.68309,66.76077,61.61169,68.41053,68.30813,66.48308,73.38937,68.15424,68.00735,66.12866,70.5195,67.41662,74.0,67.41662,70.88018,67.05222,67.05222,64.84597,69.28925,66.09841,65.25335,60.63827,60.41523,64.28841,63.3877,66.28725,68.593,66.37017,63.63961,67.1193
12.52996,12.52996,12.08305,12.52996,11.18034,11.6619,11.18034,11.18034,11.18034,10.77033,11.18034,11.18034,10.77033,9.84886,9.84886,10.77033,10.77033,9.84886,9.48683,9.48683,9.84886,9.48683,9.84886,9.48683,9.84886,9.84886,9.84886,8.544,8.94427,8.94427,7.61577,8.06226,8.06226,8.06226,8.06226,7.2111,7.2111,7.2111,6.40312,6.40312,6.40312,6.40312,6.40312,5.65685,5.65685,5.0,5.0,5.0,5.0,4.47214,4.47214,4.47214,74.2159,69.63476,68.15424,73.34848,70.61161,66.48308,72.36712,68.24954,64.28841,66.75328,64.93843,64.93843,63.78871,61.13101,56.921,59.48109,57.28001,54.40588,56.61272,61.40033,53.85165,54.08327,56.79789,50.32892,54.42426,52.55473,51.24451,48.8467,45.35416,52.55473,51.41984,52.20153,48.50773,42.44997,46.8188,47.53946,44.59821,44.91102,39.84972,40.31129,40.4475,38.20995,39.62323,34.36568,33.54102,38.0526,34.05877,26.01922,30.06659,28.07134,25.70992,26.07681,28.07134,20.61553,23.76973,21.37756,22.13594,9.84886,11.40175,12.36932,9.05539,9.05539,10.04988,11.7047,14.42221,15.26434,19.20937,22.2036,24.08319,31.38471,30.61046,36.61967,34.66987,40.71855,42.15448,45.31004,48.50773,49.0408,54.40588,56.51548,56.04463,59.20304,65.62012,64.49806,66.37017,56.14268,61.13101,65.19202,64.07027,66.0303,64.03124,70.02857,68.18358,68.11755,72.02777,68.00735,67.02984,72.00694,62.00806,63.00794,66.27217,63.0,64.07027,65.03076,60.03332,62.39391,57.70615,60.29925,69.42622,61.0,64.13267,65.25335,60.63827,72.73239
13.45362,13.45362,13.45362,13.45362,13.45362,12.04159,12.04159,12.04159,12.04159,12.04159,12.04159,11.40175,11.40175,11.40175,11.40175,12.20656,10.81665,10.81665,10.81665,10.81665,10.81665,11.40175,10.81665,10.81665,11.40175,10.81665,10.0,10.0,10.0,10.0,9.21954,10.0,9.21954,9.21954,9.21954,8.48528,8.48528,8.48528,7.81025,7.81025,7.81025,7.07107,6.40312,6.40312,6.40312,6.40312,5.83095,5.83095,5.83095,5.38516,5.38516,5.38516,73.00685,70.5195,78.92401,70.21396,72.8011,67.6757,64.84597,69.83552,63.60031,65.78754,65.45991,63.78871,60.92618,68.00735,57.24509,59.66574,61.40033,58.85576,57.97413,55.54278,56.75385,49.47727,52.17279,53.85165,57.07013,54.57105,52.17279,54.91812,51.86521,52.46904,48.08326,53.93515,51.86521,51.5461,44.59821,44.59821,45.22168,44.59821,39.92493,40.16217,38.07887,39.56008,37.57659,34.9285,34.17601,29.68164,30.61046,33.28663,31.06445,29.41088,29.06888,25.4951,24.08319,22.02272,22.62742,19.20937,23.02173,12.52996,10.81665,13.60147,9.89949,12.72792,9.21954,16.27882,14.14214,20.61553,10.0,22.2036,23.4094,29.06888,31.14482,36.01389,39.31921,45.35416,41.0,51.47815,53.14132,52.49762,59.46427,57.69749,61.7414,65.30697,63.50591,63.52952,66.64833,64.49806,72.44998,61.58734,72.11103,68.00735,72.20111,75.80237,68.41053,65.73431,71.02112,71.61006,71.02816,67.41662,68.00735,66.61081,66.85058,62.20129,59.48109,60.80296,62.26556,63.13478,63.95311,61.7414,64.07808,68.42514,62.76942,68.70953,73.68175,75.89466
12.20656,10.81665,11.40175,11.40175,10.81665,10.81665,10.0,10.63015,10.0,10.63015,10.63015,10.63015,10.63015,9.89949,9.89949,9.89949,9.89949,9.89949,9.21954,9.21954,9.89949,9.89949,9.21954,9.21954,9.89949,8.48528,8.48528,8.48528,8.48528,8.48528,7.81025,7.81025,7.81025,7.81025,7.2111,6.40312,6.40312,6.40312,6.40312,5.83095,5.83095,5.83095,5.0,4.47214,4.47214,4.47214,4.47214,4.47214,4.12311,4.12311,4.12311,4.0,68.00735,78.44743,75.69016,64.56005,64.32729,66.09841,67.46851,67.18631,63.15061,63.60031,59.43904,59.90826,61.98387,59.03389,56.4358,63.1981,62.28965,59.3043,60.13319,55.03635,60.20797,57.31492,57.42822,60.00833,52.03845,54.23099,49.36598,52.08647,53.33854,51.0,56.0357,48.16638,46.01087,48.09366,41.30375,47.26521,45.17743,46.09772,42.2019,38.47077,40.4475,36.34556,35.90265,35.35534,31.04835,34.36568,35.4683,32.69557,29.73214,27.29469,25.29822,24.04163,27.73085,25.05993,22.36068,19.20937,21.26029,9.43398,10.19804,11.6619,12.80625,9.21954,8.544,9.48683,12.08305,16.03122,19.23538,21.09502,23.08679,23.08679,29.61419,32.0,36.34556,40.04997,42.2019,47.51842,47.29693,44.38468,60.08328,53.31041,57.58472,59.46427,61.84658,62.26556,61.7414,62.6099,65.8635,57.98276,69.33974,67.42403,71.69379,68.7968,66.21933,58.30952,68.24222,64.07027,68.50547,69.11584,61.29437,62.1289,61.29437,61.40033,58.5235,58.83026,55.9464,67.41662,57.93962,56.64804,59.46427,60.63827,57.00877,71.80529,66.70832,65.14599
13.34166,13.34166,13.60147,13.34166,12.36932,12.36932,12.36932,12.64911,12.36932,11.7047,11.7047,11.7047,11.7047,11.7047,11.7047,12.08305,10.77033,10.77033,11.18034,11.18034,10.77033,11.18034,10.77033,11.18034,10.77033,10.77033,10.77033,10.77033,10.77033,9.84886,9.48683,9.48683,9.48683,8.544,8.544,8.544,8.544,8.24621,7.28011,7.28011,7.28011,7.28011,7.07107,6.08276,6.08276,6.08276,6.08276,6.0,5.0,5.0,5.0,5.0,79.30952,67.20863,72.83543,68.0147,65.76473,65.19202,63.65532,63.70243,68.593,60.10824,60.87693,57.31492,60.82763,57.80138,57.38467,58.0517,62.20129,60.80296,60.46487,54.81788,57.42822,55.44367,52.35456,54.40588,53.00943,58.82176,52.40229,50.21952,50.24938,51.61395,50.20956,50.20956,47.42362,51.66237,43.13931,48.9183,43.18565,41.23106,47.38143,43.27817,37.53665,33.97058,36.06938,36.40055,33.83785,30.61046,30.23243,35.4683,29.68164,28.6531,26.41969,28.6531,24.69818,23.85372,22.84732,21.93171,23.5372,10.0,13.92839,6.40312,9.84886,14.42221,8.06226,16.12452,16.76305,18.68154,20.61553,23.08679,25.96151,30.36445,32.98485,35.44009,38.48376,39.92493,48.76474,48.30114,49.64877,49.81967,57.42822,58.41233,61.07373,59.46427,65.8559,66.46804,65.43699,65.43699,65.29931,65.60488,65.80274,69.2026,66.4003,67.42403,69.64194,64.89992,65.8635,69.2026,72.8011,67.62396,65.73431,67.62396,71.84706,64.89992,62.1289,60.60528,62.36986,58.79626,63.70243,61.55485,66.52819,65.76473,61.55485,67.26812,72.83543,69.52697
12.36932,12.36932,12.36932,12.16553,11.18034,11.18034,11.18034,10.44031,11.18034,10.44031,10.77033,10.77033,10.77033,10.77033,9.48683,10.77033,9.84886,9.84886,9.84886,9.48683,9.48683,9.48683,9.84886,9.84886,9.48683,9.84886,9.48683,9.48683,8.544,8.544,8.24621,8.24621,8.24621,7.28011,7.28011,7.28011,7.28011,6.08276,6.08276,6.08276,6.08276,6.08276,5.09902,5.09902,5.0,5.0,4.0,4.0,4.0,4.0,4.12311,3.16228,71.61006,65.76473,69.52697,74.8131,71.70077,67.26812,68.76772,66.21933,62.42596,60.60528,64.63745,57.62812,59.90826,66.06815,57.42822,57.48913,61.03278,56.61272,50.80354,59.5399,54.3783,57.3062,55.07268,57.14018,54.70832,53.53504,56.4358,51.62364,55.60576,51.97115,49.20366,45.48626,50.80354,50.0,47.50789,43.60046,47.63402,36.40055,45.34314,43.01163,42.2019,35.80503,39.59798,33.30165,30.41381,39.62323,31.89044,35.60899,31.90611,31.241,25.0,27.45906,24.41311,24.18677,25.63201,19.92486,22.36068,6.40312,9.43398,10.44031,11.31371,9.21954,13.0,14.56022,13.15295,20.0,22.02272,26.92582,31.7805,33.24154,32.01562,34.48188,42.72002,45.60702,45.69464,46.48656,52.0,55.47071,53.23533,59.5399,63.12686,65.94695,64.81512,60.30755,64.44377,67.94115,70.83784,64.38167,70.00714,70.93659,67.17887,70.93659,68.62215,69.52697,72.34639,67.35726,66.70832,63.78087,71.42129,66.6033,68.11755,65.06919,69.31089,64.3506,63.89053,63.41136,62.28965,67.20863,61.85467,61.61169,65.0,65.80274,70.43437,76.55064
11.18034,11.18034,11.6619,11.18034,11.18034,9.84886,10.29563,10.29563,10.29563,10.29563,10.29563,10.29563,9.43398,9.43398,9.43398,10.0,8.60233,8.60233,8.60233,8.60233,9.43398,9.43398,8.60233,9.21954,8.60233,8.60233,8.60233,8.60233,8.60233,8.06226,7.2111,7.2111,8.06226,6.7082,6.7082,6.7082,6.7082,6.32456,5.38516,5.38516,5.38516,5.38516,5.38516,5.09902,4.12311,4.12311,4.12311,4.0,4.0,4.0,4.0,3.16228,76.32169,69.35416,69.92138,73.73602,71.51224,71.51224,68.96376,69.26038,64.84597,57.69749,61.03278,65.14599,61.98387,58.18935,57.87055,61.68468,58.18935,60.82763,63.50591,55.31727,58.24946,53.75872,60.01666,55.7315,53.60037,58.94065,50.44799,50.9902,52.20153,53.85165,52.63079,53.60037,51.66237,57.48913,48.08326,48.05206,46.57252,41.48494,40.8534,42.72002,36.05551,35.8469,38.47077,38.47077,34.17601,36.35932,29.96665,33.24154,28.6531,30.01666,26.62705,22.2036,25.55386,29.41088,20.61553,24.69818,18.60108,11.40175,14.14214,10.0,10.0,8.06226,11.18034,10.04988,12.36932,12.36932,16.12452,19.0263,30.06659,29.01724,35.0571,36.22154,39.11521,41.7732,42.95346,47.67599,48.6621,48.76474,58.82176,55.03635,55.54278,59.48109,63.95311,61.58734,67.53518,66.57327,67.23095,61.85467,68.8186,69.06519,69.63476,66.61081,70.80254,67.20119,63.41136,72.00694,66.03787,74.4043,69.11584,69.2026,67.1193,64.40497,59.5399,64.49806,58.5235,61.32699,62.64982,60.82763,66.21178,63.97656,56.35601,62.62587,63.60031,72.03471
13.0,11.7047,13.0,12.08305,12.64911,11.7047,11.7047,11.7047,11.7047,11.7047,11.40175,11.40175,11.40175,11.40175,10.44031,11.40175,10.19804,10.44031,10.19804,10.19804,10.44031,10.19804,10.19804,10.19804,10.44031,9.21954,10.19804,10.44031,9.21954,9.21954,8.544,8.544,8.544,8.544,8.544,8.544,7.61577,7.61577,7.61577,6.7082,6.7082,6.7082,6.7082,5.83095,5.83095,5.83095,5.83095,5.0,5.0,5.0,5.0,4.24264,70.83784,68.00735,76.24303,59.9333,63.32456,64.56005,70.5762,68.00735,62.36185,58.5235,59.23681,59.61543,57.93962,56.79789,58.18075,57.24509,62.03225,53.7122,57.00877,54.12024,58.13777,49.24429,53.23533,55.9464,52.3259,52.80152,53.22593,53.22593,50.53712,50.53712,49.24429,46.14109,44.77723,47.85394,42.54409,43.01163,43.08132,42.72002,42.37924,43.08132,41.23106,38.91015,30.26549,34.0147,31.01612,34.9285,30.08322,28.63564,28.86174,28.16026,27.29469,21.0238,23.08679,21.37756,21.0238,21.0238,14.56022,12.16553,14.31782,9.05539,11.18034,11.04536,12.52996,15.65248,15.65248,15.81139,18.43909,21.9545,24.20744,28.42534,34.20526,35.8469,38.47077,45.60702,41.62932,48.33218,47.01064,55.03635,60.53924,56.32051,61.35145,60.63827,63.60031,63.56099,63.95311,67.36468,72.44308,62.20129,68.35934,68.73136,67.47592,73.10951,67.18631,65.27634,64.19502,68.06614,70.06426,68.06614,63.3877,72.11103,62.39391,61.20457,72.00694,63.50591,56.29387,58.85576,64.93843,61.84658,56.61272,60.16644,63.56886,71.7844,72.73239,60.16644
11.7047,10.77033,12.08305,11.7047,11.7047,10.77033,11.18034,10.77033,10.77033,10.77033,9.84886,10.29563,9.84886,10.29563,9.43398,10.81665,9.43398,10.29563,9.43398,9.43398,9.43398,9.43398,9.43398,9.43398,9.43398,8.94427,8.06226,9.43398,8.06226,8.06226,8.06226,8.06226,8.06226,7.61577,6.7082,7.61577,6.32456,6.32456,6.32456,5.38516,6.32456,5.09902,5.09902,5.09902,5.09902,5.09902,4.0,4.0,4.0,4.0,4.12311,3.16228,72.01389,68.44706,75.02666,69.46222,64.4748,67.77905,66.48308,71.69379,66.76077,60.90156,59.46427,59.23681,63.90618,57.87055,61.32699,60.53924,65.78754,51.5461,60.08328,53.45091,53.85165,52.49762,53.15073,53.60037,47.16991,55.08176,53.75872,56.32051,54.40588,52.20153,48.8467,56.36488,48.38388,48.70318,45.54119,45.17743,42.48529,43.32436,41.23106,40.31129,35.4683,36.67424,40.24922,38.27532,34.53983,36.35932,30.01666,29.20616,26.1725,25.6125,25.4951,20.0,23.43075,24.69818,24.08319,20.59126,18.78829,15.26434,8.94427,10.63015,8.60233,9.05539,12.16553,14.14214,13.60147,18.11077,19.23538,21.0238,30.01666,27.29469,33.13608,34.1321,38.0526,42.10701,43.93177,45.89118,53.60037,48.83646,55.7853,57.24509,57.58472,63.15853,60.00833,62.64982,60.41523,62.64982,67.60178,61.91123,68.26419,71.56116,66.03787,75.47185,65.51336,67.1193,67.42403,68.7968,64.07027,65.45991,63.82006,70.21396,68.7968,59.07622,69.40461,67.41662,62.96825,61.26989,65.51336,64.00781,61.26989,63.97656,64.40497,65.0,64.84597,68.00735
12.20656,11.40175,12.20656,11.40175,11.40175,11.40175,10.81665,10.81665,10.81665,10.81665,10.0,10.29563,10.29563,10.29563,9.43398,9.84886,9.84886,8.94427,9.84886,8.94427,9.43398,9.43398,8.94427,8.94427,9.43398,8.94427,8.94427,8.60233,8.06226,8.06226,7.2111,7.2111,7.2111,7.2111,7.2111,6.40312,6.40312,6.40312,5.65685,6.40312,5.65685,5.65685,5.65685,5.0,4.24264,4.24264,4.24264,3.60555,4.47214,3.60555,3.16228,3.16228,72.99315,68.0,71.06335,72.1734,67.18631,65.19202,59.21149,73.00685,63.28507,60.20797,60.53098,62.96825,62.96825,58.54912,60.13319,63.28507,62.80127,59.3043,61.0,53.46027,59.22837,54.58938,58.24946,60.08328,49.72927,52.88667,48.6621,52.39275,54.45181,50.01,48.83646,50.01,50.48762,52.08647,38.32754,48.01042,42.95346,42.42641,46.04346,39.62323,39.31921,31.01612,35.12834,37.0,37.12142,31.06445,34.05877,30.14963,29.06888,25.4951,27.65863,25.96151,24.33105,25.4951,24.18677,18.35756,21.63331,10.19804,10.29563,12.0,11.04536,12.04159,13.15295,11.6619,15.81139,12.36932,19.23538,23.25941,23.76973,31.38471,32.20248,34.0147,35.8469,41.62932,46.17359,44.91102,50.96077,49.47727,58.24946,52.23983,60.00833,60.03332,66.0303,61.13101,65.27634,62.1289,69.35416,63.50591,73.34848,65.62012,66.48308,66.75328,64.77654,65.96969,65.51336,63.15061,70.83078,70.0928,63.78871,66.91039,63.78871,62.16912,70.11419,59.4138,54.03702,62.20129,62.39391,65.03076,60.03332,64.0,59.00847,68.02941,70.11419,68.11755
13.0,13.0,12.0,12.0,12.0,12.0,11.04536,11.04536,11.04536,11.04536,11.04536,11.04536,11.04536,11.04536,11.04536,11.18034,10.19804,10.19804,10.19804,10.19804,10.19804,10.19804,10.19804,10.19804,10.19804,10.19804,9.21954,9.05539,9.05539,9.05539,9.05539,8.06226,9.05539,8.06226,8.0,8.0,8.0,7.0,7.0,7.0,6.0,6.0,6.08276,6.08276,6.08276,5.09902,5.09902,5.09902,5.09902,5.38516,4.47214,4.47214,70.0928,69.42622,72.34639,68.60029,72.62231,64.66065,68.11755,70.93659,66.8431,63.89053,63.24555,57.00877,63.00794,57.00877,58.60034,57.48913,64.3506,58.00862,56.60389,53.25411,53.23533,49.1935,53.33854,52.15362,50.77401,55.22681,50.11986,50.77401,51.31277,53.23533,43.04649,47.70744,48.41487,48.8774,46.64762,43.27817,40.0,44.40721,47.63402,38.83298,38.27532,35.0,33.94113,41.10961,33.42155,30.0,29.83287,29.0,26.24881,29.20616,26.1725,20.24846,23.34524,21.93171,22.47221,22.84732,19.92486,12.04159,10.81665,9.43398,10.77033,8.06226,12.36932,12.08305,12.52996,15.52417,20.61553,18.43909,25.07987,26.57066,31.01612,38.62642,35.77709,40.31129,38.91015,44.28318,50.24938,51.97115,57.00877,59.20304,57.38467,60.10824,62.36986,66.52819,65.94695,67.20119,69.6563,62.96825,68.60029,66.4003,68.41053,66.85058,68.11755,67.1193,66.0303,69.89278,71.02816,65.80274,67.00746,69.02898,66.21933,65.0,59.39697,59.4138,65.76473,65.94695,62.482,61.52235,61.55485,65.11528,61.52235,70.0928,73.10951,65.8559
11.6619,11.6619,11.6619,11.6619,11.6619,10.81665,10.81665,10.81665,10.81665,10.0,10.0,10.0,10.63015,10.0,9.21954,10.63015,9.89949,9.21954,9.89949,9.89949,9.21954,9.21954,9.21954,9.89949,9.21954,9.21954,8.48528,9.21954,9.21954,8.48528,7.81025,7.81025,7.81025,7.2111,7.2111,7.2111,6.40312,6.7082,5.83095,5.83095,5.83095,5.83095,5.83095,4.47214,4.47214,4.12311,4.12311,4.12311,4.12311,4.12311,4.0,3.0,67.23095,72.94518,73.82412,64.41273,71.58911,63.95311,69.31811,61.7171,65.30697,60.37384,63.13478,57.87055,60.00833,60.74537,54.56189,62.93648,59.77458,64.84597,57.77543,50.32892,57.56735,55.02727,48.83646,55.54278,52.20153,53.14132,48.10405,59.13544,55.10898,52.49762,50.56679,51.5461,46.23851,46.95743,45.22168,45.61798,47.53946,42.94182,46.61545,38.07887,37.57659,38.07887,37.58989,33.12099,35.51056,34.88553,33.61547,31.38471,25.6125,26.24881,22.02272,24.08319,24.83948,23.34524,22.62742,20.51828,21.93171,6.32456,9.21954,8.24621,12.80625,8.60233,13.0,9.48683,17.02939,14.14214,20.09975,25.31798,21.37756,30.01666,35.12834,38.60052,36.40055,39.05125,40.5216,42.05948,51.26402,55.07268,58.69412,55.03635,59.90826,61.91123,61.58734,64.3506,67.20119,68.8186,66.61081,61.7171,68.76772,63.65532,71.44928,70.72482,67.89698,65.06919,68.88396,67.17887,72.91776,69.35416,64.38167,61.84658,67.47592,60.82763,63.00794,63.25346,54.81788,65.45991,60.46487,68.47627,61.91123,68.96376,60.41523,69.31811,62.76942,71.17584
11.18034,11.18034,11.18034,11.18034,11.18034,11.18034,10.19804,10.19804,10.19804,10.04988,10.04988,10.04988,10.04988,10.0,10.0,10.0,10.0,10.0,9.0,9.0,9.0,9.0,9.0,9.05539,9.0,9.0,9.0,9.0,8.0,8.0,8.06226,8.06226,8.06226,7.07107,7.07107,7.07107,7.07107,6.08276,6.08276,6.08276,6.32456,5.38516,5.38516,5.38516,5.38516,4.47214,4.47214,4.47214,4.47214,4.47214,3.60555,4.24264,76.83749,75.71658,64.40497,73.40981,74.8131,65.60488,65.79514,71.28113,65.05382,63.25346,59.20304,64.53681,66.6033,62.24147,65.79514,63.03174,60.10824,62.2254,53.41348,56.58622,55.17246,55.31727,60.60528,53.8145,55.97321,59.46427,56.56854,56.40035,50.91169,51.62364,50.32892,49.57822,45.22168,49.57822,50.20956,41.10961,43.93177,45.27693,41.86884,38.8973,43.27817,38.8973,34.65545,33.6006,38.20995,37.01351,29.06888,31.89044,29.83287,33.12099,29.73214,25.63201,24.69818,25.0,21.47091,24.04163,19.69772,10.29563,9.21954,9.05539,10.04988,4.24264,16.27882,12.80625,17.69181,17.69181,15.6205,23.43075,26.40076,27.80288,35.22783,35.0,37.48333,42.42641,45.96738,49.57822,40.36087,51.0392,55.0,59.36329,63.00794,61.91123,59.9333,62.24147,63.97656,69.35416,61.7171,71.30919,72.44998,70.2282,73.38937,67.77905,64.56005,69.57011,73.1642,67.35726,70.00714,65.79514,71.7844,67.41662,68.8767,64.2573,66.09841,63.90618,67.23095,64.63745,65.36819,61.61169,61.07373,65.21503,66.88797,69.02898,70.43437,68.88396
12.04159,12.04159,12.04159,12.04159,11.04536,11.04536,11.0,11.0,11.0,10.0,11.04536,11.04536,10.04988,10.04988,10.04988,10.04988,10.04988,10.04988,10.04988,10.04988,10.04988,10.04988,9.05539,9.05539,10.04988,9.05539,9.05539,9.0,9.0,9.0,8.0,8.0,8.0,8.0,7.0,7.0,7.0,7.0,6.08276,6.08276,6.08276,6.08276,5.09902,5.09902,5.09902,4.12311,4.12311,4.47214,4.12311,4.12311,3.60555,3.60555,68.09552,68.44706,72.44998,69.46222,65.8635,70.66116,68.96376,62.43397,60.53924,61.58734,61.91123,62.1289,57.98276,60.37384,58.83026,60.21628,63.41136,56.60389,58.5235,53.41348,58.89822,54.6443,56.22277,57.00877,51.22499,58.0517,52.00961,54.81788,55.80323,53.15073,53.15073,47.63402,50.80354,49.20366,46.40043,45.79301,46.09772,47.43416,41.34005,38.01316,37.20215,36.89173,37.16181,34.48188,32.31099,36.23534,33.12099,34.43835,26.83282,24.69818,26.68333,26.07681,24.33105,26.68333,23.34524,22.56103,21.09502,11.04536,7.28011,7.81025,11.0,10.19804,12.20656,10.63015,12.04159,18.02776,17.0,17.20465,18.35756,29.20616,32.52691,36.87818,42.42641,44.55334,48.10405,46.09772,49.40648,54.3783,56.93856,52.3259,60.41523,59.03389,58.18075,62.62587,67.97794,69.46222,68.35203,62.64982,69.92138,66.76077,73.05477,74.94665,69.857,70.21396,70.0928,78.44743,72.12489,72.8011,68.30813,69.28925,65.19202,62.62587,64.07808,62.24147,64.62198,64.84597,56.46238,61.7414,60.90156,67.41662,64.88451,65.74192,66.7308,69.97142
13.0384,13.60147,13.0384,13.0384,12.20656,12.20656,12.20656,12.20656,12.20656,11.40175,12.20656,11.40175,11.40175,11.40175,11.40175,11.40175,11.31371,10.63015,11.31371,11.31371,10.63015,10.63015,10.63015,11.31371,10.63015,10.63015,10.63015,10.0,10.0,9.21954,10.0,9.43398,8.60233,8.60233,8.60233,8.06226,8.06226,8.06226,8.06226,7.2111,6.7082,6.7082,6.7082,6.7082,6.32456,5.38516,5.38516,5.38516,5.38516,5.09902,5.09902,4.0,76.40026,65.14599,72.53275,68.00735,71.30919,66.21933,68.41053,68.00735,61.39218,61.0,57.87055,57.97413,64.7611,62.96825,58.42089,58.69412,63.63961,56.00893,54.74486,49.16299,56.14268,48.25971,51.08816,53.15073,54.23099,49.36598,54.45181,53.08484,48.6621,54.58938,47.26521,49.72927,52.95281,51.1957,41.97618,44.38468,42.95346,44.40721,41.78516,35.17101,36.40055,35.1141,37.0,33.61547,37.16181,28.4605,31.62278,26.41969,32.80244,23.25941,24.08319,25.23886,22.02272,22.80351,24.75884,23.60085,23.60085,14.31782,13.89244,11.18034,9.05539,10.0,13.60147,16.12452,11.04536,24.5153,20.88061,25.07987,24.5153,31.01612,29.12044,34.71311,35.12834,39.11521,43.0,49.0102,49.25444,53.00943,57.00877,56.88585,61.81424,63.95311,59.66574,63.60031,67.41662,66.21933,66.76077,63.89053,71.16881,67.6757,70.38466,70.00714,64.88451,66.70832,71.17584,71.55418,69.46222,75.13322,66.30988,70.26379,68.35203,61.46544,71.16881,63.90618,59.61543,64.19502,63.90618,64.51356,65.52099,63.60031,64.03124,67.46851,69.58448,71.58911
12.20656,12.20656,11.40175,12.20656,11.40175,11.40175,11.40175,10.63015,11.40175,10.63015,10.63015,10.63015,10.63015,10.63015,10.63015,10.63015,9.89949,9.89949,9.89949,9.89949,9.89949,9.89949,9.89949,9.89949,9.89949,9.89949,9.21954,9.21954,9.21954,8.48528,8.60233,8.60233,7.81025,7.2111,7.2111,7.2111,7.2111,7.2111,6.7082,6.7082,6.7082,6.7082,5.83095,5.38516,5.38516,5.38516,5.38516,5.09902,5.09902,5.09902,5.0,5.0,70.85901,71.38627,69.57011,72.78049,74.95332,67.08204,70.2282,61.13101,63.15061,57.07013,56.56854,63.34824,65.62012,57.87055,60.53098,56.32051,60.67125,57.42822,57.42822,54.58938,53.15073,55.08176,50.01,49.0408,53.08484,58.00862,54.23099,47.01064,49.0,53.00943,52.46904,53.00943,47.85394,40.1995,45.09989,41.23106,44.18144,45.88028,38.07887,44.14748,38.32754,43.41659,33.10589,32.28002,35.34119,30.01666,27.73085,29.96665,25.55386,26.92582,21.9545,30.01666,22.47221,23.02173,21.26029,17.69181,21.2132,18.38478,11.7047,9.21954,12.08305,8.24621,7.0,18.02776,20.02498,17.0,21.18962,23.76973,28.63564,32.14032,33.95585,32.14032,35.01428,41.04875,42.0119,43.10452,42.10701,51.35173,52.39275,62.58594,49.49747,57.24509,59.77458,65.45991,67.23095,67.1193,62.03225,63.69458,65.30697,67.1193,62.64982,65.30697,68.88396,63.56099,68.8767,70.66116,72.00694,70.26379,68.15424,65.74192,69.31811,60.53924,64.88451,60.83584,61.35145,61.32699,57.69749,56.29387,66.21933,72.53275,62.8172,62.64184,65.76473,63.50591
12.20656,12.20656,12.80625,11.40175,12.20656,11.40175,11.40175,10.63015,10.63015,10.63015,10.63015,10.63015,10.63015,9.89949,9.89949,10.63015,9.89949,9.89949,9.21954,9.21954,9.21954,9.21954,9.89949,9.21954,9.89949,9.89949,9.21954,8.48528,8.48528,8.48528,8.48528,8.48528,8.48528,7.81025,7.81025,7.81025,7.2111,7.2111,6.40312,6.40312,6.40312,5.83095,6.40312,5.83095,4.47214,5.0,5.38516,4.47214,5.38516,4.12311,4.12311,4.12311,75.95393,69.2315,74.16873,70.34913,70.00714,63.50591,68.11755,61.20457,67.06713,63.03174,62.03225,64.19502,63.0,54.08327,61.0082,59.3043,53.0,56.7186,49.0102,60.40695,52.7731,58.42089,50.48762,50.35871,54.03702,55.08176,52.15362,51.15662,51.24451,49.16299,51.0392,51.0392,49.0102,44.01136,48.01042,44.01136,40.0,43.18565,37.48333,37.01351,36.01389,40.1995,35.0,30.14963,30.41381,35.0,28.63564,30.59412,28.44293,26.4764,24.73863,25.17936,22.36068,18.35756,23.60085,26.0,20.61553,10.29563,12.72792,12.36932,4.12311,10.81665,10.29563,13.0384,13.60147,22.13594,17.88854,19.23538,23.5372,26.57066,29.83287,32.38827,38.8973,40.1995,42.29657,45.39824,49.0408,46.09772,57.00877,55.00909,59.3043,56.56854,65.49046,61.52235,64.32729,63.15061,64.53681,65.52099,70.21396,67.06713,62.93648,68.96376,68.94926,67.6757,70.60453,62.29767,67.05222,69.64194,66.76077,66.40783,64.84597,58.5235,56.61272,61.40033,63.24555,62.58594,63.56099,57.55867,63.28507,67.1193,61.07373,65.03076,63.07139,60.07495
12.64911,11.40175,11.40175,11.40175,11.40175,10.44031,10.44031,10.44031,10.44031,10.19804,10.19804,10.19804,10.19804,10.19804,9.21954,10.04988,10.04988,9.21954,9.05539,9.05539,9.21954,9.05539,9.21954,9.05539,9.21954,9.21954,9.21954,9.21954,8.24621,8.24621,7.28011,7.28011,7.28011,7.28011,7.61577,7.61577,6.7082,6.7082,6.7082,6.7082,5.83095,5.83095,5.83095,5.0,5.0,5.0,5.0,4.24264,4.24264,4.24264,4.24264,3.60555,68.02941,70.23532,73.4983,66.64833,67.23095,71.11259,63.95311,67.60178,64.00781,63.81222,63.52952,60.20797,63.51378,58.5235,59.36329,57.80138,56.85948,57.00877,52.20153,58.25805,59.20304,55.80323,53.8145,51.31277,50.60632,52.69725,51.40039,54.81788,52.49762,49.20366,50.80354,56.61272,44.94441,51.22499,45.48626,45.0,41.88078,41.04875,42.48529,45.27693,39.92493,36.35932,36.76955,35.34119,34.48188,29.41088,30.8707,34.0147,26.0,29.41088,23.19483,24.04163,24.33105,22.56103,22.2036,19.41649,19.0263,9.84886,11.0,10.19804,5.09902,12.08305,9.43398,11.40175,12.72792,14.86607,17.88854,20.24846,25.0,25.94224,29.15476,34.20526,37.01351,43.27817,43.13931,47.38143,57.00877,52.80152,53.00943,54.3783,61.58734,57.98276,63.51378,64.62198,64.2573,59.46427,71.55418,62.17717,66.48308,65.80274,65.9242,73.37575,67.18631,64.19502,67.06713,69.64194,68.15424,68.00735,60.92618,73.05477,63.24555,66.76077,63.06346,66.48308,63.32456,60.74537,56.0803,58.13777,65.74192,67.1193,63.81222,66.37017,70.83078,65.8635
11.40175,11.40175,11.7047,11.7047,10.44031,10.44031,10.77033,9.84886,10.44031,9.84886,9.84886,9.84886,9.84886,9.84886,9.84886,9.84886,10.29563,8.94427,9.43398,8.94427,8.94427,8.94427,8.94427,8.94427,8.94427,8.94427,8.94427,8.06226,7.61577,7.61577,7.61577,7.61577,7.61577,7.28011,7.28011,6.32456,6.32456,6.08276,6.08276,6.08276,6.08276,5.09902,5.09902,5.09902,5.0,5.0,4.0,4.0,4.0,4.12311,4.12311,3.16228,69.77105,71.17584,69.35416,63.63175,68.60029,68.42514,61.05735,65.74192,65.74192,61.29437,62.64982,62.03225,59.48109,58.60034,55.9017,57.77543,60.92618,59.46427,54.70832,54.78138,58.87274,56.46238,55.36244,54.626,52.20153,56.64804,54.626,54.40588,49.64877,51.89412,50.69517,52.0,49.76947,48.10405,42.95346,46.23851,43.08132,41.67733,38.27532,36.05551,42.95346,40.31129,37.21559,36.71512,33.83785,36.23534,29.52965,30.23243,30.61046,25.4951,26.24881,23.85372,21.93171,19.84943,22.2036,19.72308,24.20744,9.89949,9.84886,10.0,8.94427,7.0,13.60147,14.86607,14.14214,14.31782,19.0,18.02776,26.30589,28.16026,34.36568,36.49658,39.05125,45.54119,41.59327,46.32494,49.47727,51.24451,54.70832,54.78138,58.69412,59.5399,65.8635,62.6099,63.82006,63.28507,63.51378,63.82006,69.2026,69.02898,68.00735,68.88396,64.53681,63.41136,70.17834,67.62396,72.62231,69.6563,68.76772,67.94115,73.00685,62.2254,70.80254,65.21503,57.80138,58.83026,58.30952,60.46487,58.30952,64.00781,58.18075,63.50591,69.35416,72.44998
13.45362,12.80625,12.80625,12.04159,12.04159,12.04159,12.04159,11.40175,11.40175,11.40175,11.40175,11.40175,10.81665,10.81665,10.81665,11.6619,10.81665,10.81665,10.29563,10.81665,10.81665,10.81665,10.81665,10.29563,10.29563,9.43398,10.0,10.0,9.43398,10.0,8.60233,8.60233,8.60233,8.60233,7.81025,7.81025,7.81025,7.07107,7.07107,7.07107,7.07107,5.65685,6.40312,5.65685,5.65685,5.0,5.0,5.0,4.47214,4.47214,4.47214,4.12311,74.00676,69.00725,69.00725,69.00725,72.24957,68.18358,63.3877,67.00746,67.00746,62.07254,61.07373,66.06815,63.07139,55.14526,59.68249,59.21149,59.5399,58.21512,57.21888,56.56854,61.0,60.29925,53.15073,53.93515,52.61179,58.69412,54.33231,58.69412,53.36666,53.85165,55.54278,52.95281,42.42641,45.54119,50.9902,45.70558,38.0526,35.22783,39.45884,42.0119,39.11521,41.01219,41.04875,33.01515,31.14482,35.12834,31.257,31.14482,27.51363,26.01922,26.30589,23.34524,27.51363,21.18962,22.36068,22.13594,21.47091,8.48528,12.36932,9.05539,10.29563,13.34166,9.05539,12.64911,14.0,21.63331,17.49286,24.69818,28.4605,30.46309,30.67572,38.07887,42.2019,41.10961,41.7732,48.27007,46.69047,53.46027,60.13319,58.0,57.14018,56.0357,62.28965,67.60178,68.18358,65.62012,67.74216,68.44706,71.06335,64.53681,67.44627,67.91171,66.48308,66.91039,71.02112,66.76077,69.05071,67.91171,67.08204,68.44706,67.08204,58.46366,66.4906,70.5762,68.06614,65.9242,59.4138,61.07373,66.37017,67.00746,69.0,62.20129,62.0,68.00735
13.0,12.08305,13.41641,13.0,13.41641,12.08305,12.52996,12.08305,11.6619,12.52996,12.08305,11.6619,11.6619,11.6619,10.81665,12.20656,10.81665,10.81665,10.81665,11.40175,10.81665,10.81665,10.81665,10.81665,10.81665,10.29563,9.43398,10.81665,9.43398,9.43398,9.43398,9.43398,8.94427,8.94427,8.06226,8.94427,7.61577,7.61577,7.61577,6.7082,7.61577,6.7082,7.61577,6.32456,6.32456,6.32456,5.38516,5.38516,5.09902,5.09902,5.09902,4.0,81.3941,73.08215,73.4983,63.15061,71.19691,64.53681,68.46897,69.05071,60.41523,61.13101,64.13267,61.39218,65.0,56.56854,57.72348,55.3263,56.22277,57.14018,56.56854,59.3043,59.03389,54.45181,56.22277,59.13544,52.46904,52.08647,53.03772,57.31492,56.14268,51.0392,49.49747,51.24451,51.78803,47.09565,42.29657,46.17359,47.67599,42.29657,39.29377,38.20995,36.34556,35.51056,35.35534,34.78505,34.78505,26.0,30.36445,30.67572,25.07987,25.17936,22.13594,21.84033,23.76973,21.63331,23.60085,17.02939,17.69181,14.86607,12.20656,8.06226,8.24621,10.81665,9.43398,12.0,16.03122,15.13275,16.15549,20.39608,24.08319,34.20526,35.0571,38.01316,36.0,40.0125,46.01087,51.15662,50.35871,59.07622,55.44367,57.31492,59.84146,64.28841,58.69412,60.16644,65.78754,68.54196,71.11259,63.56886,70.77429,69.46222,65.0,71.69379,68.88396,71.11259,69.46222,70.77429,73.00685,70.77429,71.55418,65.79514,71.58911,63.52952,62.6099,64.88451,61.09828,63.06346,63.60031,62.03225,62.96825,66.7308,63.32456,66.28725,74.43118,71.34424
12.64911,12.64911,12.64911,11.7047,11.7047,11.7047,11.7047,10.44031,10.77033,10.19804,10.44031,10.19804,10.19804,10.19804,10.19804,10.19804,10.19804,10.19804,10.19804,10.19804,9.21954,10.19804,9.21954,9.21954,10.19804,9.21954,9.21954,8.544,9.21954,8.544,8.544,8.544,7.61577,7.61577,7.61577,7.61577,6.7082,6.7082,6.7082,6.7082,5.83095,5.83095,5.83095,5.83095,5.0,5.0,5.0,5.65685,4.24264,4.24264,3.60555,4.47214,69.46222,69.26038,74.0,68.35203,70.83784,65.9242,62.36185,66.40783,62.76942,68.30813,61.46544,61.09828,63.24555,56.36488,60.00833,59.9333,57.77543,58.60034,49.39636,55.9464,56.79789,50.32892,53.85165,53.0,54.70832,50.15974,55.9017,51.07837,50.11986,53.22593,49.39636,51.24451,46.09772,45.17743,48.70318,39.56008,43.32436,44.27189,41.10961,38.07887,34.48188,41.0,33.52611,36.49658,27.45906,34.0,30.59412,32.01562,25.31798,31.40064,27.0,24.0,22.0,24.33105,24.18677,23.34524,21.2132,13.15295,10.44031,6.0,5.0,10.0,9.43398,15.81139,14.86607,16.64332,17.02939,19.23538,26.40076,30.0,35.60899,35.38361,35.80503,39.62323,43.41659,47.50789,51.62364,48.8774,55.9464,55.07268,56.35601,57.38467,62.03225,61.98387,62.8172,65.25335,63.78871,62.93648,64.13267,65.96969,70.03571,65.11528,67.46851,68.41053,70.61161,65.51336,67.91171,70.40597,68.44706,70.21396,65.11528,68.06614,65.52099,64.56005,57.00877,59.90826,59.22837,58.94065,69.92138,62.8172,60.41523,68.70953,65.74192,66.40783
12.80625,11.40175,11.40175,11.40175,11.40175,11.40175,11.40175,10.81665,11.40175,10.0,10.81665,10.81665,10.29563,10.29563,10.29563,10.29563,10.29563,9.43398,9.84886,9.43398,9.43398,9.43398,9.43398,8.94427,8.94427,9.43398,9.43398,8.94427,8.94427,8.06226,8.06226,8.60233,8.06226,7.2111,7.81025,7.2111,7.2111,6.40312,6.40312,6.40312,5.65685,5.65685,5.65685,5.65685,5.0,5.0,5.0,5.0,5.0,4.47214,4.47214,4.47214,67.47592,70.71068,73.33485,69.11584,62.07254,70.0,65.37584,63.3877,62.80127,64.03124,61.52235,56.22277,66.91039,58.85576,60.13319,57.31492,59.03389,56.51548,57.07013,55.57877,55.31727,55.9017,53.60037,48.83646,48.05206,54.74486,56.88585,47.85394,45.39824,52.88667,50.80354,54.91812,44.72136,46.84015,47.85394,43.56604,40.79216,37.05401,40.04997,42.10701,41.01219,40.04997,34.0,33.0,33.01515,33.06055,26.01922,26.1725,26.0,26.68333,28.28427,27.45906,19.92486,20.61553,21.54066,20.61553,19.23538,8.24621,10.29563,9.05539,11.7047,8.0,12.36932,11.18034,13.92839,14.86607,19.92486,20.24846,30.88689,30.46309,28.6531,34.0147,37.16181,44.01136,41.10961,48.76474,47.29693,53.23533,54.45181,55.3263,54.08327,60.07495,59.03389,65.27634,65.00769,62.1289,66.0,66.61081,67.74216,66.18912,67.1193,71.80529,70.45566,64.53681,69.2315,63.56099,67.89698,67.08204,66.61081,70.71068,62.80127,66.48308,72.0,61.66036,64.03124,65.12296,56.22277,57.0,65.03076,67.02984,61.0082,66.18912,68.26419,65.49046
12.64911,12.64911,12.36932,11.7047,11.7047,11.40175,11.40175,11.40175,11.40175,11.40175,10.44031,10.19804,10.19804,10.19804,10.19804,10.19804,10.04988,10.19804,10.04988,10.04988,10.04988,10.04988,9.21954,10.04988,10.04988,9.21954,9.05539,9.05539,9.21954,8.24621,8.24621,8.24621,8.24621,7.28011,7.28011,7.28011,7.28011,7.28011,6.32456,6.32456,6.32456,5.38516,5.38516,5.38516,5.0,5.0,5.0,5.0,4.24264,4.24264,4.24264,3.60555,70.60453,67.6757,73.53911,68.62215,71.8401,64.28841,59.46427,63.90618,69.28925,60.40695,65.19202,60.08328,62.39391,59.09315,53.75872,62.6099,62.64982,57.24509,51.86521,56.85948,57.80138,54.58938,51.40039,52.35456,50.53712,55.4617,51.47815,48.02083,53.31041,54.56189,52.47857,48.8467,43.46263,46.09772,51.89412,45.88028,42.94182,43.08132,39.84972,41.10961,38.32754,41.0,36.68787,37.33631,33.73426,29.61419,26.07681,30.59412,27.45906,31.01612,26.4764,27.07397,25.07987,20.09975,19.23538,23.02173,21.09502,6.0,6.0,7.07107,6.08276,9.21954,10.29563,7.81025,15.55635,16.97056,18.43909,21.2132,29.06888,27.01851,27.01851,38.83298,35.60899,46.2277,49.64877,43.26662,46.14109,48.75449,58.60034,54.78138,54.78138,57.28001,61.68468,66.4906,59.43904,66.4906,65.76473,67.08204,63.78871,65.30697,68.06614,69.42622,70.34913,67.60178,69.87131,69.18092,68.35934,63.07139,69.35416,68.00735,63.50591,59.21149,72.11103,61.18823,60.20797,65.76473,61.40033,62.58594,69.57011,66.94027,68.30813,63.89053,63.89053,68.94926
13.15295,13.15295,13.34166,13.15295,12.16553,12.16553,12.16553,12.16553,12.36932,11.40175,12.16553,12.36932,11.40175,11.40175,11.40175,11.7047,11.40175,10.44031,11.7047,10.77033,10.44031,10.77033,10.44031,10.77033,10.44031,10.44031,9.48683,10.44031,10.44031,9.21954,9.21954,9.21954,9.21954,8.24621,8.24621,8.24621,8.06226,8.06226,7.07107,7.07107,7.07107,6.08276,7.07107,6.0,6.0,6.0,5.0,5.0,5.0,5.09902,5.09902,4.12311,71.02112,70.83078,71.69379,66.37017,71.58911,70.60453,69.06519,66.37017,60.20797,63.51378,63.06346,57.80138,57.70615,57.98276,58.00862,57.24509,57.24509,55.47071,53.14132,56.79789,62.39391,53.31041,55.71355,52.88667,54.23099,56.46238,52.47857,54.78138,52.83938,48.37355,51.88449,47.43416,47.16991,48.37355,42.48529,47.41308,47.53946,41.62932,36.89173,36.89173,35.60899,39.40812,38.41875,34.4093,33.28663,31.89044,29.06888,28.6007,25.4951,29.0,26.90725,23.34524,24.08319,23.43075,21.09502,17.88854,21.63331,12.80625,10.63015,9.05539,10.63015,10.44031,14.42221,12.20656,19.0,15.13275,22.2036,21.09502,25.31798,30.59412,32.89377,40.5216,35.17101,42.72002,44.27189,54.08327,50.32892,50.69517,54.12947,54.70832,59.90826,65.43699,61.22091,57.31492,65.43699,62.28965,68.0147,64.38167,67.26812,70.83784,70.83784,66.52819,68.593,67.94115,72.18033,70.76722,66.46804,67.17887,65.76473,72.86288,68.62215,62.96825,66.46804,66.52819,61.40033,65.80274,63.78087,66.4003,55.60576,65.73431,67.42403,68.00735,74.70609,72.94518
11.04536,12.04159,12.0,12.0,11.0,12.04159,12.04159,12.04159,12.16553,11.18034,11.18034,12.36932,12.36932,12.64911,11.7047,11.7047,10.77033,9.84886,9.84886,10.29563,10.29563,9.43398,8.94427,8.94427,8.94427,9.43398,10.0,9.43398,9.43398,8.60233,8.60233,7.81025,8.60233,7.2111,6.40312,6.40312,5.83095,5.0,5.0,5.65685,5.0,5.0,4.24264,5.0,4.47214,3.60555,3.60555,3.16228,3.16228,3.0,3.0,3.0,70.83784,70.83784,70.17834,70.29225,69.02898,67.80118,66.61081,65.45991,65.19202,64.14047,63.13478,62.17717,62.16912,61.32699,60.53924,59.80803,60.08328,58.82176,58.24088,58.46366,57.27128,56.88585,56.7186,56.56854,55.44367,55.3263,55.22681,54.14795,54.08327,53.03772,53.03772,52.00961,51.0,49.0,48.0,47.0,46.01087,45.01111,44.01136,43.01163,42.0119,40.0125,40.0125,38.01316,37.01351,35.01428,34.0147,33.01515,31.01612,30.0,29.0,28.01785,26.01922,25.07987,25.07987,24.18677,23.19483,9.89949,10.63015,10.0,10.29563,10.44031,11.18034,12.0,14.03567,16.27882,18.43909,20.61553,23.76973,26.92582,30.08322,32.98485,36.13862,39.05125,41.97618,44.91102,47.85394,50.63596,52.46904,54.45181,56.32051,58.21512,60.20797,61.13101,62.1289,63.12686,64.19502,65.19202,65.19202,65.27634,66.27217,66.37017,66.48308,66.48308,66.75328,66.91039,66.09841,65.30697,65.51336,64.03124,63.60031,62.93648,61.68468,61.46544,60.41523,60.82763,60.03332,60.74537,61.61169,62.80127,63.89053,65.19202,66.52819,67.20863
13.0,12.0,12.0,12.0,12.0,11.0,11.0,11.04536,11.0,11.0,11.04536,11.04536,10.04988,10.04988,10.04988,10.19804,10.19804,10.19804,10.19804,10.19804,9.05539,10.19804,10.04988,9.21954,10.04988,9.05539,9.05539,9.05539,9.05539,9.05539,8.06226,8.06226,8.06226,7.07107,7.07107,7.0,7.0,6.0,6.0,6.0,6.0,5.0,5.09902,5.0,5.0,4.0,4.12311,4.12311,4.12311,4.12311,3.16228,3.16228,80.65978,68.0147,77.7946,72.13876,67.89698,68.88396,62.28965,70.72482,60.82763,67.20863,63.00794,60.1415,61.84658,58.89822,59.66574,62.62587,59.66574,64.63745,55.47071,55.80323,57.45433,53.53504,57.2014,55.47071,51.40039,53.15073,53.82379,54.08327,53.41348,52.43091,49.73932,50.0,43.18565,45.34314,43.26662,48.08326,45.34314,42.42641,45.27693,42.44997,36.06938,34.82815,36.61967,28.3196,31.62278,30.61046,32.20248,27.01851,30.80584,25.4951,27.20294,26.62705,20.24846,21.47091,25.63201,20.24846,17.26268,9.43398,10.44031,6.7082,13.60147,11.6619,14.76482,11.18034,10.29563,18.43909,20.61553,16.49242,27.45906,28.63564,27.85678,34.48188,34.0147,46.06517,43.82921,50.77401,49.0408,56.0803,54.6443,58.0,57.98276,62.93648,60.30755,60.1415,65.8559,67.20119,67.00746,65.80274,66.85058,65.73431,72.67049,70.17834,70.17834,70.72482,65.80274,68.09552,63.00794,67.74216,68.24222,68.26419,67.20119,68.8186,57.2014,58.00862,63.82006,60.60528,59.5483,63.78087,61.6198,65.11528,61.52235,70.72482,70.76722,71.21798
12.04159,12.16553,12.04159,12.16553,12.04159,11.18034,11.04536,11.04536,11.04536,11.04536,11.04536,11.04536,11.04536,10.0,10.0,10.0,10.0,10.0,10.04988,10.04988,10.0,10.04988,10.0,10.04988,10.0,9.0,9.0,9.0,8.0,9.0,8.0,8.06226,8.0,8.06226,7.07107,7.07107,7.07107,6.08276,6.08276,6.08276,6.08276,5.09902,5.09902,5.09902,5.38516,4.47214,4.47214,4.47214,4.47214,4.47214,3.60555,4.24264,65.11528,73.81734,69.2026,66.70832,72.8011,63.89053,64.89992,67.00746,66.0303,60.60528,69.02898,62.00806,65.73431,65.19202,62.96825,55.22681,60.46487,57.70615,51.47815,58.18075,59.05929,61.05735,55.9464,51.62364,54.58938,55.47071,58.24946,49.73932,52.7731,49.73932,48.37355,48.54894,46.87217,47.85394,46.64762,43.909,43.04649,41.40048,44.04543,40.60788,42.52058,34.20526,37.53665,35.0,34.4093,33.24154,31.241,31.40064,26.87006,26.87006,22.67157,22.62742,22.2036,23.60085,21.93171,21.09502,18.78829,7.81025,8.94427,10.81665,7.61577,10.81665,7.07107,14.0,13.92839,14.56022,23.08679,24.35159,23.34524,29.61419,33.54102,32.89377,38.91015,41.10961,41.18252,40.31129,47.01064,48.25971,53.25411,61.40033,59.03389,58.0,59.5483,62.96825,60.82763,73.0,66.46804,66.46804,67.26812,65.8559,68.24222,64.44377,64.66065,71.06335,72.47068,64.44377,66.21933,65.0,67.00746,68.41053,67.47592,58.25805,66.6033,63.70243,58.72819,55.9017,60.10824,59.5483,56.22277,59.20304,62.36986,66.85058,69.06519,70.49113
13.60147,12.80625,12.20656,12.20656,12.20656,11.40175,11.6619,11.6619,12.20656,11.6619,11.6619,11.6619,11.18034,10.29563,10.29563,11.18034,11.18034,10.29563,9.84886,10.29563,10.29563,9.84886,10.29563,9.84886,10.29563,10.29563,10.29563,10.29563,8.94427,9.43398,8.60233,8.94427,8.06226,8.06226,8.60233,7.2111,7.2111,7.2111,6.40312,6.40312,6.40312,6.40312,5.65685,5.65685,5.65685,5.65685,5.65685,5.0,4.24264,4.24264,3.60555,3.60555,65.37584,75.00667,73.17103,71.0,72.0,68.00735,63.3877,68.18358,62.07254,67.02984,59.21149,64.07027,60.00833,58.03447,60.29925,62.39391,62.39391,57.42822,56.0803,62.80127,61.29437,56.0357,53.33854,54.58938,55.44367,49.09175,49.36598,51.24451,51.47815,56.08921,51.97115,54.33231,44.40721,51.0392,48.0,44.0,40.0125,44.10215,44.01136,43.10452,39.0,38.11824,32.14032,36.22154,35.0571,31.57531,29.01724,28.28427,25.07987,25.0,27.65863,25.31798,23.4094,22.2036,23.25941,23.70654,22.2036,11.6619,8.60233,8.24621,12.04159,11.04536,11.18034,13.15295,13.41641,18.35756,19.23538,27.29469,26.92582,29.15476,33.52611,37.36308,40.79216,41.0,42.75512,51.24451,50.48762,48.09366,58.03447,56.0357,55.03635,58.00862,67.26812,62.80127,66.37017,61.81424,66.09841,64.13267,66.28725,65.52099,71.47027,69.92138,71.19691,71.8401,66.28725,67.6757,69.2315,75.0,66.28725,64.03124,69.12308,63.60031,70.02857,64.03124,59.22837,63.12686,60.41523,63.63961,62.03225,62.514,61.29437,60.00833,68.00735,66.00758
13.15295,12.16553,12.16553,12.36932,12.16553,11.18034,12.16553,11.18034,11.18034,11.04536,11.18034,11.04536,11.04536,11.04536,11.04536,11.0,11.0,11.0,10.0,10.0,10.0,10.0,10.04988,10.0,10.04988,10.04988,10.04988,10.0,9.05539,9.05539,9.05539,9.05539,9.05539,8.06226,8.06226,8.24621,8.06226,7.07107,7.07107,6.08276,6.32456,6.08276,6.08276,5.09902,5.38516,5.38516,5.38516,5.38516,4.47214,4.47214,4.47214,3.60555,64.88451,80.26207,72.40166,70.5762,73.57309,71.11259,63.52952,67.54258,61.40033,65.0,61.91123,66.64833,66.37017,58.13777,58.66856,57.98276,55.22681,54.6443,54.70832,57.14018,59.20304,56.0803,54.03702,53.25411,51.61395,55.21775,55.47071,54.08327,54.91812,48.01042,52.69725,50.11986,48.54894,48.25971,47.85394,43.26662,44.65423,40.24922,43.82921,35.8469,42.48529,40.24922,35.35534,39.92493,29.73214,31.62278,35.1141,28.63564,30.36445,27.20294,26.24881,25.0,24.04163,22.0,22.80351,18.68154,22.09072,12.16553,13.0,10.04988,6.7082,11.40175,9.43398,13.45362,16.64332,21.93171,15.0,22.80351,25.45584,29.69848,33.30165,34.65545,38.83298,44.40721,42.2019,51.08816,49.0408,56.0357,53.0,55.07268,58.59181,57.77543,65.39113,65.14599,64.28841,63.90618,65.80274,65.0,70.83784,71.16881,69.92138,68.15424,70.83078,72.27724,68.88396,68.68042,69.857,67.89698,69.37579,70.34202,62.93648,68.00735,69.12308,62.58594,62.62587,60.16644,62.03225,61.32699,63.97656,62.76942,66.64833,71.61006,69.11584,70.66116
13.34166,13.34166,13.34166,13.34166,12.36932,12.36932,11.40175,12.36932,11.40175,11.7047,11.7047,11.7047,11.7047,11.7047,11.7047,10.77033,10.77033,10.77033,11.18034,11.18034,10.77033,11.18034,10.77033,11.18034,10.77033,10.77033,9.84886,9.84886,10.77033,9.48683,9.48683,9.48683,9.48683,8.544,8.24621,8.24621,8.24621,8.24621,7.28011,7.28011,7.07107,7.07107,6.08276,6.08276,6.08276,5.09902,5.09902,5.0,5.0,5.0,5.0,4.0,75.0733,66.61081,76.83749,72.47068,69.52697,64.66065,65.94695,68.8186,62.68174,65.8559,64.07027,57.2014,61.85467,59.64059,58.79626,58.24946,60.74537,56.0803,63.51378,57.68882,58.59181,51.97115,54.70832,51.88449,53.7122,58.30952,50.24938,55.9464,51.62364,53.53504,48.41487,47.16991,46.14109,47.20169,44.65423,48.8774,39.66106,44.40721,45.0,39.11521,39.82462,33.42155,37.53665,36.61967,32.24903,32.44996,33.6006,33.30165,24.20744,23.34524,25.6125,24.08319,24.75884,23.85372,22.47221,22.47221,20.61553,11.7047,11.18034,11.40175,8.60233,11.6619,13.45362,11.6619,17.0,19.31321,17.46425,22.13594,25.4951,29.12044,32.55764,38.07887,35.8469,39.92493,46.51881,47.01064,50.11986,50.24938,56.85948,58.41233,60.30755,63.63961,60.20797,67.17887,65.11528,65.76473,68.88396,67.35726,70.29225,71.58911,68.76772,71.06335,74.4043,69.02898,67.00746,71.56116,71.06335,72.67049,68.0147,70.80254,70.83784,65.19202,66.0303,65.8559,64.53681,58.69412,62.93648,60.87693,66.6033,68.88396,59.46427,72.8011,70.0,62.64982
12.08305,12.08305,12.08305,11.18034,11.18034,11.18034,11.18034,10.77033,11.18034,10.77033,10.77033,10.44031,9.48683,10.44031,9.48683,10.44031,9.48683,9.48683,9.48683,9.48683,9.48683,9.48683,9.48683,9.21954,9.48683,9.48683,8.544,8.544,8.544,8.544,7.61577,7.61577,7.61577,7.61577,7.2111,6.7082,6.7082,6.7082,5.83095,5.83095,6.40312,5.0,5.0,5.0,5.65685,5.0,5.0,5.0,5.0,4.24264,4.47214,4.47214,74.43118,64.62971,74.96666,74.8131,76.1643,71.56815,67.89698,72.44308,61.40033,63.50591,67.60178,62.39391,62.64982,60.20797,59.4138,62.8172,56.29387,55.08176,55.9017,62.8172,61.13101,60.01666,55.9464,54.34151,52.63079,52.17279,51.66237,54.34151,50.24938,52.61179,49.81967,53.75872,49.64877,46.09772,47.51842,45.70558,44.28318,40.79216,40.1995,37.05401,42.29657,39.20459,37.0,38.11824,32.24903,30.01666,28.16026,30.06659,30.26549,29.42788,25.4951,23.02173,27.01851,22.80351,18.97367,23.70654,24.16609,10.44031,9.48683,9.05539,7.28011,13.15295,8.60233,10.63015,13.89244,19.20937,15.81139,24.18677,26.62705,25.0,30.61046,39.82462,42.48529,43.86342,43.82921,47.85394,50.59644,57.58472,57.97413,56.32051,60.20797,63.95311,65.9242,66.37017,65.03076,70.06426,69.02898,66.0,68.00735,68.02941,66.0,73.10951,74.33034,70.00714,75.00667,70.11419,68.18358,68.02941,68.11755,66.91039,64.07027,70.06426,61.40033,62.03225,67.18631,65.0,66.37017,63.12686,69.35416,66.00758,64.49806,73.82412,70.21396,76.65507
13.34166,12.36932,12.16553,12.36932,12.36932,12.16553,12.16553,11.18034,11.18034,11.18034,11.18034,11.04536,11.04536,11.04536,11.04536,11.04536,11.04536,11.04536,11.0,11.04536,10.04988,10.04988,10.04988,10.0,10.04988,10.0,10.04988,10.04988,9.05539,9.05539,8.06226,9.05539,8.06226,8.06226,8.24621,8.24621,8.24621,7.28011,7.28011,7.28011,6.32456,6.32456,6.32456,6.32456,5.38516,5.38516,5.38516,5.83095,5.38516,5.0,5.0,4.24264,76.02631,67.62396,73.82412,69.83552,68.02941,64.88451,59.5399,67.54258,55.9464,65.76473,57.24509,59.48109,57.80138,58.66856,54.58938,62.96825,58.66856,56.93856,59.07622,51.22499,58.82176,50.80354,52.20153,50.47772,60.41523,55.22681,51.0392,55.22681,54.6443,53.41348,46.32494,51.31277,50.77401,48.8774,41.34005,46.06517,44.28318,44.72136,43.38202,38.8973,34.43835,34.43835,33.24154,38.01316,35.8469,30.36445,27.51363,29.73214,26.4764,26.68333,24.02082,26.07681,23.34524,25.0,23.08679,25.0,18.43909,12.64911,10.0,10.81665,8.544,10.0,5.83095,12.72792,15.0,13.45362,19.84943,21.63331,25.80698,28.84441,31.89044,40.31129,34.82815,43.27817,38.94868,50.24938,48.60041,52.69725,51.61395,54.3783,61.77378,61.40033,61.29437,60.41523,65.30697,57.93962,70.21396,59.61543,70.2282,71.56815,64.03124,72.27724,69.92138,65.78754,68.30813,68.15424,67.44627,74.72617,65.19202,67.18631,66.76077,70.21396,60.41523,63.32456,62.93648,62.03225,62.64982,60.92618,61.26989,68.44706,58.18075,69.11584,71.58911,71.02112
12.64911,11.40175,12.36932,11.40175,11.40175,10.44031,11.40175,10.44031,10.44031,10.19804,10.44031,10.19804,10.19804,10.19804,10.19804,10.04988,10.04988,10.19804,9.05539,9.05539,9.05539,9.05539,9.21954,9.05539,9.05539,9.21954,9.21954,8.24621,8.06226,8.24621,7.28011,8.24621,7.28011,7.28011,7.28011,7.28011,6.32456,6.32456,6.32456,5.38516,5.38516,5.38516,5.83095,4.47214,5.0,4.47214,5.0,5.0,4.24264,4.24264,4.24264,3.60555,67.6757,70.21396,70.93659,70.03571,69.06519,75.45197,66.70832,67.42403,57.62812,61.03278,66.4003,66.28725,59.03389,58.41233,63.51378,59.66574,55.9017,50.80354,53.90733,55.97321,57.98276,55.31727,52.49762,52.34501,52.34501,50.20956,54.56189,55.22681,52.80152,54.48853,45.80393,46.40043,50.32892,48.01042,45.45327,42.0119,47.01064,39.20459,41.6173,41.04875,40.49691,36.24914,33.61547,34.88553,29.06888,32.69557,33.61547,30.8707,29.73214,30.36445,27.313,24.35159,22.13594,23.34524,23.34524,23.08679,21.09502,11.6619,10.44031,8.60233,8.94427,12.04159,12.64911,15.23155,16.15549,12.20656,14.56022,23.76973,24.41311,33.10589,31.06445,35.35534,39.96248,45.27693,39.05125,50.77401,44.68781,52.34501,52.63079,58.72819,61.6198,58.41233,63.51378,60.80296,63.00794,65.73431,66.61081,68.0,65.76473,66.7308,67.08204,71.69379,60.37384,68.42514,71.55418,65.29931,67.97794,66.70832,65.74192,68.02941,61.7414,64.49806,72.56032,63.63175,60.90156,65.19202,60.46487,61.85467,61.03278,63.24555,65.19202,65.80274,67.89698,67.35726
13.0384,13.0384,13.0,12.04159,12.04159,12.04159,12.04159,11.0,12.04159,11.0,11.0,11.04536,11.04536,11.04536,11.0,11.04536,11.04536,10.04988,10.04988,10.04988,10.04988,10.04988,10.0,10.04988,10.04988,10.04988,10.0,10.0,9.0,9.0,9.0,9.0,9.0,8.0,8.06226,8.06226,8.06226,7.0,7.07107,7.07107,6.08276,6.08276,6.08276,6.08276,5.09902,5.09902,5.38516,5.09902,5.09902,4.12311,4.47214,4.47214,76.27582,76.55064,72.62231,75.6439,70.83078,67.6757,68.26419,68.47627,62.76942,61.29437,61.77378,64.00781,64.14047,56.93856,60.03332,63.78087,61.22091,55.9017,59.07622,65.76473,58.25805,58.25805,55.97321,51.61395,51.08816,55.60576,56.85948,52.49762,54.08327,52.80152,50.80354,50.60632,48.54894,47.43416,51.88449,45.17743,46.51881,42.48529,44.77723,40.31129,38.62642,38.62642,39.81206,34.88553,34.9285,34.52535,34.0,30.67572,30.08322,26.57066,26.92582,25.17936,27.16616,26.07681,20.22375,20.0,22.02272,14.76482,11.18034,14.31782,9.48683,12.52996,15.6205,12.52996,14.86607,17.0,20.80865,21.93171,24.18677,36.23534,30.8707,38.94868,38.41875,41.40048,47.50789,45.80393,53.74012,55.9017,61.7171,57.38467,59.40539,61.61169,66.70832,66.03787,66.57327,66.64833,67.60178,69.35416,71.69379,70.38466,66.64833,70.77429,73.92564,65.0,69.07966,66.85058,70.23532,68.15424,70.93659,67.41662,74.68601,65.0,65.76473,66.64083,61.32699,68.47627,63.56099,63.28507,70.60453,69.46222,64.89992,66.61081,63.82006,67.80118
12.16553,12.16553,12.16553,12.04159,11.18034,11.04536,11.18034,11.18034,10.19804,10.19804,11.18034,10.44031,10.19804,10.44031,10.44031,9.48683,10.44031,9.21954,10.44031,9.48683,9.48683,9.48683,9.21954,9.48683,9.21954,9.21954,8.24621,8.24621,9.21954,8.24621,8.24621,8.06226,8.06226,7.07107,7.07107,7.07107,7.0,7.0,6.0,6.0,5.0,6.0,5.0,5.09902,5.0,4.12311,5.09902,4.12311,4.12311,4.12311,4.47214,3.60555,72.34639,71.8401,68.11755,73.5527,68.62215,65.43699,66.70832,60.1415,65.19202,59.5483,62.2254,58.69412,63.89053,59.20304,58.79626,59.66574,61.40033,58.83026,52.00961,57.62812,57.2014,56.0357,54.08327,51.86521,55.47071,53.25411,55.22681,49.92995,50.9902,54.20332,49.51767,50.24938,50.93133,44.82187,46.75468,44.20407,44.68781,41.03657,43.84062,40.36087,39.59798,39.59798,36.61967,33.97058,35.4683,30.0,30.41381,24.69818,28.84441,24.16609,23.76973,25.05993,24.04163,18.97367,22.13594,19.92486,20.24846,9.84886,8.06226,5.83095,9.84886,10.19804,9.89949,10.0,17.02939,18.0,19.0263,19.23538,26.1725,29.42788,31.14482,32.55764,40.26164,39.05125,40.8534,46.06517,51.0,51.10773,51.62364,55.0,55.80323,61.84658,64.66065,65.06919,62.24147,63.65532,70.03571,63.65532,62.80127,65.06919,65.94695,73.0,65.29931,66.21933,68.0147,66.06815,70.83784,68.0147,68.11755,66.6033,70.17834,62.20129,58.60034,58.25805,64.66065,60.10824,65.11528,60.1415,63.60031,65.8559,61.07373,67.00746,61.40033,69.63476
13.0,13.0,12.64911,13.0,12.64911,11.7047,11.7047,11.7047,11.7047,11.7047,11.7047,11.7047,11.40175,11.40175,10.44031,11.40175,11.40175,11.40175,10.19804,10.19804,10.44031,10.19804,10.44031,10.19804,10.44031,9.48683,9.48683,9.48683,9.48683,9.48683,8.544,8.544,8.544,8.544,7.61577,7.61577,7.61577,7.61577,6.7082,6.7082,6.7082,5.83095,5.83095,5.83095,5.83095,5.0,5.0,5.0,5.0,4.24264,4.24264,3.60555,80.23092,72.78049,69.2315,69.05071,75.9276,69.63476,66.70832,65.30697,67.26812,65.30697,59.4138,61.98387,64.03124,57.00877,62.0967,62.36185,56.30275,56.30275,57.28001,56.04463,56.75385,58.5235,51.07837,51.92302,53.60037,50.96077,54.40588,51.47815,48.70318,53.48832,51.92302,52.88667,46.17359,46.23851,47.53946,49.0408,43.73786,46.27094,41.7732,48.04165,41.01219,33.01515,35.51056,30.80584,31.14482,33.06055,26.1725,29.0,28.07134,27.07397,27.65863,20.02498,27.16616,20.61553,18.11077,23.08679,20.24846,11.40175,10.44031,10.04988,9.43398,13.0,15.23155,11.31371,12.20656,20.0,17.80449,24.20744,25.4951,31.89044,37.01351,41.88078,38.27532,43.01163,44.40721,48.02083,51.89412,52.92447,56.921,53.16014,55.02727,59.90826,61.03278,62.16912,65.96969,66.61081,64.77654,69.06519,71.56815,68.06614,70.11419,74.10803,74.0,67.02984,67.06713,69.18092,66.18912,68.06614,67.06713,71.06335,64.38167,65.06919,67.02984,63.07139,64.12488,61.52235,59.43904,64.03124,63.06346,73.97973,56.75385,67.35726,70.5195,70.60453
12.80625,12.20656,12.20656,11.40175,11.40175,11.40175,11.40175,11.40175,10.81665,10.81665,10.81665,10.81665,10.29563,10.29563,10.29563,11.18034,10.29563,10.29563,10.29563,10.29563,9.43398,10.29563,9.43398,10.29563,9.43398,9.43398,9.43398,9.43398,8.94427,8.60233,8.06226,8.60233,8.60233,7.2111,7.81025,7.81025,7.2111,6.40312,6.40312,6.40312,5.65685,5.65685,5.65685,5.65685,5.65685,4.24264,5.0,4.24264,4.24264,3.60555,3.60555,3.60555,69.64194,66.75328,74.46476,70.34202,71.47027,65.14599,61.35145,68.00735,63.32456,59.13544,62.8172,61.68468,59.46427,60.74537,59.90826,59.46427,55.71355,55.02727,56.921,56.64804,58.13777,56.64804,52.0,50.9902,54.42426,49.65884,52.39275,53.31041,53.31041,53.31041,47.75982,54.70832,48.70318,45.88028,52.92447,42.44997,39.84972,40.16217,38.32754,39.05125,36.67424,36.49658,35.51056,32.38827,31.06445,33.73426,30.41381,25.01999,27.01851,25.0,26.07681,25.17936,22.02272,24.18677,24.5153,20.02498,19.64688,13.0,10.0,6.32456,11.40175,10.77033,11.7047,11.40175,15.26434,21.26029,16.40122,24.08319,24.83948,29.0,31.241,37.53665,40.0,38.58756,44.41846,48.25971,47.41308,50.9902,57.27128,57.93962,58.18935,59.48109,61.13101,60.87693,68.44706,65.30697,63.15061,60.41523,66.61081,67.47592,58.85576,67.36468,66.48308,68.35934,68.02941,64.12488,69.72087,66.1211,65.62012,68.26419,63.12686,60.13319,66.06815,62.36986,61.13101,63.32456,61.81424,58.24946,62.36185,64.7611,65.0,69.92138,73.08215,63.60031
13.34166,12.16553,12.16553,12.16553,12.16553,12.16553,12.16553,11.18034,11.18034,11.18034,11.18034,11.18034,11.04536,11.04536,10.04988,11.04536,11.04536,11.04536,10.0,11.0,10.04988,10.0,10.04988,10.04988,10.04988,10.04988,9.05539,9.05539,9.05539,9.05539,9.05539,9.05539,8.06226,8.06226,8.06226,7.28011,7.28011,7.28011,6.32456,6.08276,6.32456,6.32456,6.32456,5.09902,5.38516,5.38516,5.38516,4.47214,4.47214,4.47214,4.47214,3.60555,75.9276,69.35416,78.74643,70.29225,68.88396,74.4043,62.20129,72.47068,58.25805,68.88396,64.81512,61.55485,65.06919,53.07542,60.60528,59.39697,57.28001,56.58622,56.58622,56.63921,60.20797,56.58622,56.63921,51.66237,54.03702,55.31727,50.93133,49.57822,45.25483,53.03772,47.42362,54.20332,42.63801,48.08326,41.10961,47.38143,45.25483,42.52058,37.53665,41.40048,34.98571,38.27532,33.01515,34.66987,33.28663,26.07681,31.7805,28.01785,27.313,24.35159,26.57066,25.31798,23.4094,20.39608,21.47091,24.04163,17.08801,14.14214,10.19804,8.94427,8.60233,11.6619,15.6205,10.63015,14.86607,21.0238,18.38478,20.59126,26.83282,32.01562,30.41381,34.88553,33.6006,48.37355,44.41846,47.43416,49.40648,53.15073,59.03389,53.75872,62.24147,63.12686,63.25346,61.85467,71.40028,62.42596,67.6757,63.52952,68.60029,68.00735,66.37017,70.3278,68.96376,65.51336,66.18912,69.97142,68.47627,72.00694,62.76942,69.77105,62.64982,69.83552,63.50591,63.24555,70.72482,66.0303,55.0,68.24954,65.0,70.29225,62.62587,65.8559,72.34639,60.87693
11.18034,12.16553,11.18034,12.16553,11.18034,11.18034,11.40175,11.18034,10.19804,10.19804,10.19804,10.19804,10.04988,10.04988,10.04988,10.04988,10.04988,9.05539,10.04988,9.05539,9.05539,9.05539,9.05539,9.05539,9.05539,9.05539,9.21954,8.24621,9.05539,8.06226,8.24621,8.24621,8.24621,7.28011,7.28011,6.32456,6.32456,6.32456,6.32456,6.7082,5.83095,5.83095,5.83095,5.0,5.0,5.0,5.0,4.24264,4.24264,4.24264,4.24264,3.60555,77.36924,68.35203,70.21396,67.1193,73.3553,69.07966,64.2573,73.53911,58.30952,59.09315,59.9333,60.82763,61.91123,60.82763,56.36488,56.85948,57.14018,60.80296,54.08327,58.66856,57.45433,53.7122,49.81967,55.9464,50.21952,50.11986,54.3783,47.63402,46.32494,52.7731,51.0392,49.64877,48.8774,41.04875,38.01316,40.49691,44.29447,42.94182,35.35534,43.65776,39.92493,33.83785,37.64306,37.57659,36.05551,29.96665,27.51363,29.41088,23.5372,24.33105,23.5372,23.08679,22.36068,22.36068,23.76973,20.22375,19.0263,10.44031,10.44031,6.7082,10.19804,8.24621,9.21954,12.20656,14.86607,19.10497,15.6205,17.80449,22.62742,27.58623,36.79674,38.01316,37.20215,40.0,41.6173,45.80393,50.11986,48.8467,58.18075,56.35601,57.69749,58.30952,61.35145,62.76942,65.80274,61.98387,68.88396,64.32729,63.60031,64.28841,64.03124,68.88396,69.63476,62.80127,66.94027,62.36986,68.24954,66.61081,67.26812,67.91171,67.46851,67.91171,55.7315,60.41523,63.32456,58.18935,60.08328,65.39113,68.30813,69.26038,59.23681,62.24147,69.857,76.48529
13.15295,13.15295,13.34166,13.15295,13.15295,13.15295,12.16553,12.36932,12.16553,11.18034,12.36932,11.40175,11.40175,11.40175,11.40175,11.40175,11.40175,11.40175,10.44031,10.44031,10.44031,10.44031,10.44031,10.44031,10.44031,10.44031,10.44031,9.21954,10.19804,9.21954,9.21954,9.21954,9.21954,8.24621,8.06226,8.06226,8.06226,8.06226,7.0,7.0,7.0,7.0,6.0,6.0,6.0,6.0,6.08276,5.09902,5.09902,5.09902,4.47214,5.38516,64.3506,60.44005,74.65253,72.86288,68.24954,68.0147,65.76473,67.26812,63.12686,61.84658,58.0517,58.25805,59.03389,59.03389,54.45181,58.00862,63.03174,54.08327,55.21775,50.77401,57.3062,53.23533,52.47857,55.80323,50.60632,51.62364,47.70744,52.83938,53.2635,51.97115,51.0392,55.80323,43.41659,45.0,46.32494,41.86884,42.2019,39.05125,45.0,45.34314,37.44329,43.60046,34.71311,33.94113,33.42155,31.14482,31.82766,32.20248,26.1725,29.0,25.4951,21.93171,23.85372,25.63201,25.94224,19.23538,17.46425,10.44031,9.48683,11.18034,8.544,10.81665,10.19804,12.72792,14.31782,16.49242,18.02776,17.26268,25.4951,32.01562,35.34119,35.1141,37.58989,41.23106,46.06517,45.17743,48.8774,53.53504,59.20304,58.89822,57.38467,60.10824,60.1415,58.69412,63.70243,63.70243,63.60031,65.0,65.19202,70.21396,67.47592,69.6563,71.8401,69.81404,71.02816,64.63745,64.81512,65.80274,64.14047,67.62396,67.1193,65.0,65.76473,64.81512,64.53681,63.03174,61.40033,56.63921,63.78087,66.70832,60.30755,71.70077,70.83784,70.17834
12.16553,12.16553,12.16553,11.18034,11.18034,11.18034,10.19804,10.19804,10.19804,10.04988,10.04988,10.04988,10.0,10.0,10.04988,10.0,10.0,10.0,9.0,9.0,9.05539,9.0,9.05539,9.0,9.0,9.05539,8.06226,9.05539,8.0,8.06226,8.06226,8.06226,8.06226,7.07107,7.07107,7.28011,7.07107,6.32456,6.32456,6.32456,5.38516,5.38516,5.38516,5.38516,5.38516,4.47214,4.47214,5.0,4.47214,3.60555,4.24264,4.24264,73.4983,68.44706,66.28725,67.41662,72.94518,66.24198,65.45991,64.00781,64.3506,68.0,60.74537,59.40539,61.85467,57.62812,59.90826,57.38467,60.44005,54.45181,55.22681,56.0803,56.85068,59.4138,50.44799,52.34501,49.49747,55.22681,54.48853,51.22499,50.20956,55.44367,51.62364,49.81967,48.83646,45.27693,42.72002,39.40812,37.20215,43.60046,44.04543,37.01351,36.89173,37.44329,33.6006,36.23534,32.64966,32.75668,29.96665,32.75668,26.90725,27.313,21.63331,27.73085,21.58703,24.69818,22.47221,21.37756,24.02082,13.34166,11.6619,8.06226,11.0,7.28011,14.21267,13.60147,16.27882,16.12452,21.40093,20.51828,23.34524,29.52965,33.10589,34.20526,40.36087,42.44997,42.63801,41.01219,45.34314,51.22499,54.81788,51.62364,55.47071,60.53924,63.63175,60.92618,66.64083,61.46544,66.30988,65.79514,60.40695,68.02941,68.62215,69.57011,66.12866,62.76942,70.5195,65.78754,67.05222,65.45991,69.92138,67.23095,63.15853,63.32456,67.62396,66.85058,59.09315,65.74192,62.76942,60.41523,61.85467,63.51378,60.53924,69.63476,64.66065,70.43437
13.41641,12.52996,12.52996,12.52996,12.52996,12.08305,12.08305,11.6619,11.6619,11.18034,11.6619,11.6619,10.29563,10.81665,10.29563,10.81665,10.81665,10.81665,10.0,9.43398,10.29563,9.43398,10.29563,10.0,9.43398,9.43398,9.43398,9.43398,8.94427,9.43398,8.94427,8.94427,8.94427,8.544,8.544,7.61577,7.61577,7.28011,6.32456,6.32456,7.28011,6.08276,6.08276,6.08276,6.08276,5.09902,6.0,5.0,5.0,5.0,5.09902,4.12311,68.06614,68.15424,65.62012,72.83543,69.2315,65.9242,63.56099,66.48308,64.03124,66.4906,64.93843,61.18823,60.41523,56.75385,57.27128,56.22277,61.18823,57.87055,53.33854,57.00877,61.03278,58.00862,56.0803,54.0,52.34501,47.09565,52.03845,52.08647,49.36598,48.37355,47.85394,53.60037,46.52956,48.37355,38.32754,43.73786,40.31129,39.62323,42.2019,36.87818,41.7732,37.69615,36.24914,39.56008,29.61419,32.69557,34.71311,28.86174,29.06888,24.35159,28.63564,26.92582,25.4951,20.0,19.72308,19.20937,20.51828,9.43398,12.36932,8.94427,6.0,10.04988,10.19804,12.04159,12.64911,19.69772,20.39608,17.0,25.0,27.29469,30.14963,32.06244,38.0,41.19466,40.11234,49.0102,45.04442,50.48762,57.55867,56.08921,57.97413,61.84658,63.06346,60.53924,69.28925,57.58472,64.84597,63.56099,69.35416,67.1193,68.44706,71.55418,70.23532,65.30697,66.64833,62.6099,70.00714,66.64833,68.54196,66.24198,67.1193,67.08204,58.18075,60.40695,63.90618,59.23681,62.03225,65.80274,65.0,64.28841,65.51336,71.80529,69.857,68.24954
12.72792,12.72792,12.72792,12.72792,11.31371,12.04159,11.31371,11.31371,11.31371,10.63015,10.63015,10.63015,10.63015,10.63015,10.63015,11.40175,10.0,10.0,10.0,10.0,10.0,10.0,10.0,10.0,10.0,10.0,9.21954,9.21954,9.21954,9.21954,8.48528,8.48528,8.48528,7.81025,7.81025,7.81025,7.81025,6.40312,6.40312,6.40312,5.83095,5.83095,5.83095,5.83095,5.83095,5.38516,5.38516,5.38516,4.47214,4.12311,4.12311,4.12311,62.58594,71.02112,74.43118,70.83078,71.02112,76.11833,65.19202,64.93843,60.82763,63.50591,56.14268,68.26419,65.27634,62.28965,61.03278,58.00862,58.13777,56.00893,58.0,55.08176,58.00862,55.00909,54.14795,54.00926,49.49747,54.14795,52.08647,53.00943,50.01,49.0102,51.0392,52.15362,47.04253,44.18144,46.27094,42.42641,42.57934,38.83298,40.1995,43.17407,39.20459,39.05125,39.29377,34.9285,26.92582,33.52611,32.75668,25.29822,29.54657,26.40076,21.93171,25.55386,20.12461,20.59126,25.05993,19.23538,19.10497,8.48528,12.64911,8.48528,10.19804,9.0,11.18034,12.36932,12.0,16.55295,20.12461,18.68154,24.18677,27.85678,28.63564,32.55764,38.63936,40.1995,40.11234,45.27693,46.27094,58.03447,58.03447,60.03332,55.3263,60.82763,58.85576,60.82763,70.83078,63.32456,62.8172,65.78754,69.89278,68.35203,66.40783,70.38466,68.35203,67.23095,70.93659,62.24147,69.92138,66.85058,67.05222,71.16881,64.84597,66.85058,60.16644,71.51224,63.56886,61.98387,58.82176,61.84658,64.77654,66.09841,65.49046,70.21396,68.73136,71.84706
12.04159,12.04159,12.04159,12.04159,11.40175,10.63015,11.31371,10.63015,10.63015,9.89949,9.89949,9.89949,10.63015,9.89949,9.89949,10.0,10.0,9.21954,9.21954,9.21954,9.21954,9.21954,9.21954,9.21954,9.89949,9.21954,9.21954,8.48528,8.48528,8.48528,7.81025,8.48528,7.81025,7.07107,7.07107,6.40312,6.40312,6.40312,5.83095,5.83095,5.83095,5.83095,5.83095,4.47214,4.47214,4.47214,4.47214,4.47214,4.12311,4.12311,4.0,3.0,76.29548,68.06614,69.35416,67.46851,66.61081,63.1981,67.74216,65.30697,65.37584,61.81424,66.61081,60.07495,59.3043,67.1193,58.42089,58.00862,59.07622,58.03447,55.00909,56.00893,60.0,54.03702,56.14268,55.08176,58.0,56.0,54.00926,55.00909,54.00926,51.15662,52.23983,50.15974,51.0,44.0,45.39824,44.28318,50.01,44.10215,44.72136,41.23106,44.10215,37.65634,34.71311,34.9285,37.64306,31.7805,31.95309,29.27456,24.5153,21.93171,27.20294,24.16609,24.73863,23.85372,25.07987,23.02173,18.60108,6.08276,11.40175,11.18034,7.28011,7.0,8.544,11.40175,11.40175,15.65248,13.34166,25.63201,25.29822,27.20294,31.04835,34.52535,39.05125,38.20995,43.18565,47.26521,45.01111,55.22681,56.0803,56.32051,61.40033,58.85576,63.1981,58.24946,63.32456,62.58594,66.76077,65.25335,68.62215,67.41662,66.76077,71.8401,70.5762,73.05477,67.41662,66.21178,70.2282,63.56886,60.74537,67.77905,65.45991,60.16644,64.51356,59.43904,60.72891,65.51336,68.73136,65.0,60.87693,63.34824,59.03389,66.61081,68.06614,71.02816
12.52996,12.52996,12.52996,12.52996,11.6619,11.18034,11.6619,11.6619,11.6619,10.81665,10.81665,10.81665,10.81665,10.81665,10.0,11.40175,10.63015,10.0,10.0,10.0,10.0,10.0,10.0,10.0,10.0,10.0,9.43398,10.0,8.60233,9.43398,8.06226,8.06226,8.06226,8.06226,8.06226,8.06226,7.61577,6.7082,6.7082,5.83095,5.83095,5.38516,5.38516,5.38516,5.38516,4.12311,5.09902,4.12311,4.12311,4.12311,4.0,3.0,71.30919,63.56099,76.53757,68.88396,66.7308,68.30813,59.46427,66.70832,63.06346,71.51224,65.14599,56.32051,67.05222,56.75385,58.69412,61.61169,61.03278,56.51548,58.24088,51.41984,60.82763,52.7731,53.15073,51.92302,51.97115,49.0306,53.93515,48.83646,50.9902,52.17279,50.96077,54.57105,42.37924,47.53946,48.05206,46.23851,44.01136,43.9659,43.68066,40.16217,38.60052,38.62642,33.12099,36.23534,34.9285,30.08322,34.48188,25.55386,27.73085,25.80698,24.59675,25.0,27.80288,19.20937,22.80351,21.2132,21.93171,9.21954,10.29563,10.0,9.84886,9.84886,9.21954,12.04159,15.13275,19.0,18.24829,22.02272,27.01851,26.30589,30.14963,35.01428,35.0571,46.04346,44.18144,45.09989,49.47727,52.88667,56.08921,56.921,57.28001,57.28001,61.68468,60.83584,67.54258,59.94164,65.76473,63.56099,66.64833,68.26419,67.60178,73.23933,65.8635,64.49806,71.69379,65.19202,68.26419,68.96376,64.00781,69.33974,65.36819,68.96376,60.00833,58.60034,60.37384,60.41523,55.54278,57.69749,62.62587,63.60031,65.55151,69.89278,72.44998,69.42622
13.60147,12.80625,12.80625,12.80625,12.80625,12.20656,12.20656,12.20656,11.40175,10.81665,12.20656,11.6619,11.6619,11.6619,11.6619,11.6619,11.18034,11.18034,11.18034,11.18034,10.29563,10.29563,10.29563,11.18034,10.29563,10.29563,10.29563,10.29563,10.29563,9.43398,9.43398,9.43398,8.60233,8.60233,8.60233,8.60233,8.60233,7.81025,7.81025,7.81025,7.07107,6.40312,6.40312,5.65685,5.65685,5.65685,5.65685,5.65685,5.0,5.0,5.0,4.47214,70.02857,73.10951,72.00694,66.06815,70.06426,64.00781,69.06519,66.00758,61.20457,64.00781,58.00862,62.20129,55.08176,58.54912,57.31492,60.03332,62.16912,57.55867,60.01666,59.66574,58.46366,55.54278,52.63079,60.01666,49.49747,57.70615,50.69517,53.60037,47.85394,49.33559,52.95281,48.83646,53.93515,46.17359,46.27094,45.01111,46.04346,46.0,41.01219,42.19005,39.01282,35.12834,35.12834,37.05401,34.1321,32.0,25.31798,31.01612,30.08322,24.18677,25.4951,22.84732,20.61553,25.70992,26.24881,17.46425,21.09502,12.08305,9.21954,9.05539,11.04536,8.24621,12.16553,15.0333,13.60147,21.54066,23.32381,18.86796,22.13594,31.95309,36.24914,34.78505,34.20526,36.76955,44.14748,46.09772,51.78803,49.25444,57.14018,59.00847,58.13777,61.07373,60.07495,64.49806,62.514,69.26038,61.52235,62.80127,72.18033,68.15424,69.2315,75.31268,68.41053,69.857,69.05071,70.40597,76.11833,71.38627,67.46851,63.15061,72.00694,64.13267,59.4138,58.42089,65.12296,64.07027,63.12686,64.00781,63.28507,68.0,63.07139,66.61081,70.06426,67.36468
12.52996,12.08305,12.08305,12.08305,12.08305,11.18034,10.77033,10.77033,10.77033,10.77033,10.77033,10.77033,10.77033,10.77033,10.44031,10.44031,10.44031,10.44031,10.19804,10.44031,9.48683,9.48683,9.48683,9.48683,9.48683,9.48683,9.48683,9.48683,8.544,8.544,8.544,8.544,7.61577,7.61577,7.61577,7.61577,7.61577,6.7082,6.7082,5.83095,6.40312,5.83095,5.83095,5.83095,5.0,5.0,4.24264,4.24264,4.24264,4.24264,4.47214,4.47214,72.27724,74.73286,64.03124,66.70832,81.32035,71.38627,67.68309,65.25335,67.05222,65.73431,61.39218,62.64184,65.9242,63.60031,60.72891,61.03278,55.36244,59.23681,60.08328,59.46427,60.82763,59.9333,51.89412,52.0,51.88449,53.22593,57.77543,48.37355,55.15433,55.54278,53.7122,49.0408,47.53946,48.8467,47.85394,44.27189,44.77723,42.04759,40.5216,44.59821,38.60052,39.45884,36.67424,37.36308,29.12044,35.51056,29.61419,29.27456,24.5153,28.28427,20.0,27.29469,24.02082,23.19483,22.09072,19.41649,19.64688,9.21954,11.0,9.05539,8.0,12.04159,9.84886,10.44031,12.04159,19.41649,17.0,23.70654,23.85372,32.24903,32.80244,35.51056,37.57659,43.08132,45.54119,45.18849,49.39636,53.45091,55.36244,56.51548,55.08176,65.9242,66.48308,65.19202,66.1211,64.00781,60.07495,71.02816,64.0,64.12488,67.02984,69.06519,70.02857,73.0,68.06614,69.11584,71.06335,62.03225,70.17834,63.07139,71.17584,61.13101,63.3877,68.00735,60.20797,63.78871,67.36468,59.68249,64.56005,66.61081,70.40597,66.70832,67.35726,62.36185
13.34166,13.34166,13.15295,13.34166,12.36932,12.36932,12.36932,12.16553,12.16553,11.18034,12.36932,12.16553,11.18034,12.04159,11.04536,11.04536,12.04159,11.04536,11.04536,11.04536,11.04536,11.04536,11.04536,11.04536,10.04988,11.18034,10.04988,10.04988,10.04988,9.21954,9.21954,9.21954,9.05539,8.24621,8.24621,8.24621,8.24621,7.28011,7.28011,7.28011,6.32456,6.32456,6.32456,6.32456,5.38516,5.38516,5.38516,4.47214,4.47214,5.0,5.0,4.24264,64.2028,73.24616,71.84706,67.1193,74.06079,66.37017,64.89992,62.64982,60.74537,63.81222,58.13777,60.80296,65.19202,55.44367,58.60034,56.72742,56.72742,58.72819,52.49762,58.0517,57.62812,55.31727,50.20956,51.62364,51.73973,50.93133,49.57822,50.20956,48.08326,53.41348,50.60632,53.82379,43.84062,46.40043,43.01163,44.20407,41.01219,42.80187,36.35932,39.11521,37.73592,35.51056,34.43835,34.88553,32.24903,30.52868,28.4605,35.34119,27.51363,27.313,24.69818,29.52965,20.61553,22.02272,19.0,22.36068,19.0,13.0,10.77033,11.40175,9.43398,8.94427,8.94427,7.28011,16.27882,15.26434,22.2036,24.69818,27.29469,27.73085,33.61547,37.73592,35.80503,43.18565,43.93177,43.41659,50.44799,54.48853,56.72742,53.2635,56.30275,56.0803,59.64059,64.49806,62.76942,69.46222,65.51336,69.35416,63.95311,66.64083,64.41273,64.41273,67.54258,69.35416,65.74192,69.07966,65.30697,64.07808,64.4748,69.35416,67.77905,65.79514,72.06941,65.74192,56.4358,61.85467,62.76942,57.45433,60.46487,61.91123,67.80118,62.20129,69.35416,63.41136
13.34166,13.34166,12.36932,12.36932,12.36932,12.36932,12.16553,11.18034,11.18034,11.18034,11.18034,11.04536,11.04536,11.04536,11.04536,11.04536,11.0,10.04988,11.0,10.04988,10.04988,10.04988,10.04988,10.0,10.0,10.0,10.04988,9.05539,10.04988,9.05539,9.05539,9.05539,8.06226,8.06226,8.24621,8.06226,8.24621,7.28011,7.28011,7.28011,6.32456,6.32456,6.32456,6.32456,5.38516,5.38516,5.38516,5.0,4.47214,4.47214,5.0,5.0,75.69016,71.30919,73.75636,71.56815,70.0928,63.06346,63.32456,68.15424,62.36986,60.44005,59.13544,58.87274,62.64184,55.36244,56.64804,56.30275,61.09828,59.23681,58.18935,52.81098,56.85948,51.88449,53.7122,49.39636,51.42956,58.18075,48.10405,54.78138,49.33559,51.0,50.56679,53.7122,44.64303,49.33559,42.72002,42.2019,39.21734,43.01163,40.5216,36.13862,42.37924,36.34556,32.98485,32.06244,38.63936,32.55764,28.16026,30.06659,25.17936,25.4951,22.09072,21.0,23.5372,19.41649,22.09072,22.0,19.31321,11.04536,10.19804,8.24621,6.0,11.18034,7.07107,10.29563,12.04159,14.42221,21.26029,20.80865,25.0,29.41088,34.65545,41.34005,39.66106,36.71512,43.41659,51.0,52.55473,53.85165,56.64804,56.75385,56.61272,57.07013,64.84597,60.20797,64.49806,61.52235,68.46897,65.27634,73.10951,68.26419,68.02941,68.06614,73.10951,67.18631,68.18358,65.00769,70.11419,76.10519,66.1211,66.27217,69.46222,64.19502,54.45181,63.12686,62.96825,65.49046,62.39391,60.13319,73.97973,67.72001,62.36185,66.4906,74.33034,68.68042
13.0384,13.0,13.0,13.0,13.0,12.0,12.0,12.04159,12.0,12.04159,12.0,12.04159,11.04536,11.04536,11.04536,12.04159,10.04988,11.04536,11.18034,11.18034,11.18034,11.18034,11.04536,10.19804,11.18034,10.19804,10.04988,10.04988,9.05539,9.05539,9.05539,9.05539,9.05539,8.06226,8.0,8.0,8.0,7.0,7.0,7.0,7.0,6.0,6.0,6.0,6.08276,5.09902,5.09902,5.09902,5.09902,4.12311,4.12311,4.47214,72.8011,72.94518,65.0,70.3278,75.71658,66.64833,68.24222,70.0,64.07027,58.00862,57.45433,58.30952,61.61169,60.0,56.60389,61.07373,60.30755,56.85068,58.25805,54.56189,61.85467,58.41233,53.03772,55.97321,50.44799,54.48853,56.72742,51.62364,50.91169,54.81788,50.9902,53.00943,50.60632,46.09772,49.09175,44.40721,41.6173,44.40721,42.54409,41.67733,39.96248,38.01316,34.48188,33.28663,38.91015,35.8469,25.94224,27.313,24.16609,25.07987,32.98485,23.34524,24.18677,26.4764,23.19483,24.33105,19.41649,11.40175,10.44031,11.7047,7.2111,10.44031,11.7047,13.0384,15.81139,18.60108,27.29469,22.67157,27.20294,35.51056,30.52868,38.58756,39.62323,42.44997,45.96738,45.96738,52.00961,52.80152,58.82176,56.85948,57.14018,64.00781,61.05735,65.29931,68.47627,63.52952,66.18912,63.97656,65.0,65.74192,67.62396,69.26038,66.48308,66.48308,68.96376,64.84597,72.11103,67.77905,72.44998,70.00714,68.15424,61.84658,62.29767,65.55151,63.69458,65.76473,62.64982,59.16925,66.03787,66.7308,63.82006,67.35726,67.35726,68.8186
13.0384,12.04159,12.04159,12.04159,11.04536,11.04536,11.04536,11.04536,11.04536,11.0,11.04536,11.0,10.0,10.0,10.0,11.04536,10.04988,10.0,10.04988,10.04988,9.0,10.04988,10.0,9.05539,10.0,9.0,9.0,9.0,9.0,9.0,8.06226,8.0,8.06226,7.07107,7.07107,7.07107,7.07107,7.28011,6.32456,6.08276,6.32456,5.38516,5.38516,5.38516,5.38516,4.47214,4.47214,4.47214,4.47214,4.24264,4.24264,4.24264,73.0,69.29646,69.2026,67.94115,70.17834,69.81404,62.28965,65.76473,58.82176,70.03571,60.30755,64.44377,61.85467,56.61272,58.13777,59.36329,59.90826,60.53924,56.60389,58.60034,57.98276,52.43091,56.85948,57.14018,53.85165,53.33854,53.60037,53.25411,53.82379,48.01042,50.0,47.70744,48.01042,50.47772,43.41659,45.48626,40.70626,39.05125,40.0,34.71311,37.53665,36.12478,35.38361,32.55764,32.64966,26.90725,34.71311,28.28427,25.4951,26.24881,26.07681,28.42534,23.43075,19.31321,20.24846,21.37756,20.61553,12.08305,7.28011,3.16228,9.89949,9.84886,7.2111,11.7047,13.0,15.52417,20.59126,26.92582,21.18962,26.4764,30.41381,38.07887,37.58989,40.71855,41.67733,44.28318,48.75449,51.86521,51.86521,55.60576,55.9017,59.46427,62.36986,60.87693,66.06815,58.72819,71.44928,65.94695,65.43699,63.89053,66.06815,66.61081,65.80274,68.50547,68.24222,66.4003,69.02898,67.42403,64.03124,70.21396,66.70832,72.42237,58.82176,58.00862,60.1415,64.3506,60.10824,59.46427,68.11755,64.44377,63.00794,63.82006,64.66065,66.61081
13.0384,13.0384,13.0384,13.0384,12.04159,12.04159,12.04159,12.04159,12.04159,12.04159,12.04159,12.16553,11.18034,11.18034,11.18034,11.18034,11.18034,11.18034,11.40175,11.18034,11.18034,11.18034,10.19804,11.40175,10.19804,10.19804,10.19804,10.19804,10.19804,9.05539,9.05539,9.05539,9.05539,9.05539,8.0,8.06226,8.0,8.0,7.0,7.0,7.0,7.0,6.0,6.0,6.08276,5.09902,5.09902,5.09902,5.09902,5.09902,4.12311,4.12311,74.41102,74.27651,73.10951,71.44928,74.02702,67.00746,64.2028,67.26812,59.81639,61.07373,64.44377,60.80296,64.53681,57.80138,58.25805,56.35601,59.90826,63.95311,55.07268,55.22681,60.20797,61.58734,60.82763,55.9017,52.69725,58.83026,53.7122,50.53712,52.35456,53.0,51.47815,54.08327,52.15362,49.92995,47.20169,49.20366,42.43819,45.60702,43.60046,42.52058,34.65545,37.01351,38.01316,31.40064,34.05877,32.64966,32.44996,35.38361,32.55764,24.20744,25.6125,24.20744,21.9545,24.59675,20.61553,22.36068,20.24846,8.06226,10.77033,9.48683,10.63015,8.94427,15.26434,14.86607,16.76305,15.26434,18.68154,23.70654,24.16609,32.28002,32.28002,32.89377,39.35734,43.41659,45.79301,48.8774,53.0,57.14018,57.00877,56.22277,61.22091,64.38167,69.42622,65.79514,71.50524,63.41136,71.58911,72.67049,68.76772,65.60488,72.67049,72.8011,69.81404,73.60027,74.8131,68.24222,68.68042,70.80254,74.02702,68.00735,72.47068,65.94695,59.46427,65.60488,65.11528,58.13777,60.87693,63.65532,67.00746,61.55485,68.24954,66.8431,72.11103,72.24957
12.0,12.0,12.04159,12.0,11.04536,12.0,11.0,11.04536,11.04536,10.04988,11.04536,11.18034,10.04988,10.04988,10.04988,10.19804,10.19804,10.19804,10.19804,10.04988,9.05539,10.19804,9.21954,9.21954,9.05539,9.21954,9.05539,8.06226,9.05539,8.06226,8.06226,8.06226,8.0,8.0,7.0,7.0,7.0,6.0,6.0,6.0,6.08276,6.0,5.0,5.09902,5.09902,4.12311,4.12311,4.12311,4.12311,4.12311,3.16228,3.60555,69.81404,69.97142,71.56116,73.60027,69.81404,66.61081,65.60488,71.56116,65.0,68.24222,59.90826,62.68174,64.81512,61.40033,57.31492,58.89822,64.2028,51.73973,55.0,57.28001,60.959,57.98276,53.75872,55.15433,53.8145,49.67897,51.73973,54.45181,51.73973,53.75872,44.68781,47.50789,46.75468,50.91169,45.34314,42.63801,40.80441,42.72002,44.10215,44.65423,39.82462,35.51056,39.40812,35.35534,34.88553,33.42155,32.20248,30.52868,32.44996,27.73085,26.0,22.82542,25.63201,18.68154,21.58703,22.02272,18.24829,8.06226,8.94427,12.64911,10.0,8.06226,7.2111,9.84886,12.08305,17.88854,21.54066,23.43075,26.83282,30.52868,34.98571,32.64966,36.05551,44.10215,41.72529,46.01087,45.27693,49.0408,52.63079,55.60576,54.6443,59.64059,59.68249,66.03787,67.1193,68.60029,70.66116,66.64833,66.24198,74.70609,63.56099,69.46222,61.84658,67.62396,66.30988,68.00735,67.54258,70.77429,68.60029,64.40497,68.02941,61.7171,64.84597,63.07139,59.5399,66.64833,57.70615,64.14047,61.85467,60.0,63.51378,66.06815,71.40028,69.81404
12.72792,12.04159,12.04159,12.04159,11.31371,11.31371,11.31371,10.63015,10.63015,10.63015,10.63015,10.63015,10.0,10.0,10.0,10.81665,10.0,10.0,9.43398,9.43398,10.0,9.43398,10.0,9.43398,9.43398,9.43398,8.60233,8.60233,8.60233,8.48528,7.81025,7.81025,7.81025,7.81025,7.07107,7.07107,7.07107,6.40312,6.40312,6.40312,6.40312,6.40312,5.83095,5.83095,5.0,5.0,5.38516,4.47214,4.47214,4.12311,4.12311,4.12311,78.02564,67.06713,74.24284,71.00704,75.00667,71.11259,64.28063,69.18092,62.00806,67.02984,71.02816,66.00758,64.03124,59.5399,61.07373,60.29925,61.13101,56.56854,60.20797,56.32051,64.77654,57.21888,55.9017,52.7731,52.39275,54.14795,54.45181,53.85165,52.61179,55.7315,48.04165,51.35173,41.19466,44.55334,49.49747,41.30375,38.01316,37.12142,37.21559,43.10452,43.04649,43.18565,35.51056,37.12142,31.06445,31.01612,32.55764,26.07681,31.06445,27.07397,21.0238,26.92582,21.84033,21.18962,20.12461,22.47221,20.59126,11.6619,10.77033,11.31371,9.21954,6.08276,12.04159,11.18034,13.89244,19.23538,19.10497,24.35159,23.60085,27.78489,31.30495,33.83785,34.48188,45.54119,45.70558,44.92215,48.6621,50.9902,55.57877,59.3043,62.07254,63.03174,66.0303,62.03225,65.06919,64.28063,67.0,67.60178,69.35416,69.857,68.46897,69.72087,71.70077,66.91039,73.97973,66.61081,65.62012,67.46851,68.35934,72.18033,68.06614,65.37584,70.5762,62.39391,65.62012,63.1981,65.03076,60.40695,67.1193,70.0,65.19202,67.0,72.11103,76.00658
12.36932,12.36932,11.40175,12.16553,11.18034,11.18034,11.40175,10.44031,10.19804,10.44031,10.44031,10.44031,10.44031,10.44031,10.44031,9.48683,9.48683,9.48683,9.84886,9.48683,9.48683,9.48683,9.48683,9.48683,9.48683,9.48683,9.48683,8.544,8.544,8.24621,8.24621,8.24621,7.28011,7.28011,7.07107,7.07107,7.07107,6.08276,6.08276,6.08276,6.0,6.0,5.0,5.0,5.0,4.12311,5.09902,4.12311,4.12311,4.12311,4.12311,3.60555,72.71864,80.62258,73.92564,68.7968,77.17513,65.8635,69.97142,64.3506,65.76473,61.85467,64.66065,58.30952,61.77378,60.37384,59.68249,57.27128,53.85165,55.54278,59.48109,59.03389,55.03635,59.09315,54.626,54.23099,50.59644,53.14132,54.42426,49.98,52.0,47.92703,50.9902,47.41308,46.61545,46.8188,46.06517,43.86342,45.61798,42.48529,43.38202,35.51056,39.82462,32.64966,36.12478,31.76476,37.20215,33.01515,28.01785,34.20526,34.65545,26.90725,25.4951,24.75884,21.2132,22.47221,21.0238,21.09502,19.23538,12.08305,8.06226,5.38516,10.63015,12.04159,7.2111,13.60147,13.92839,13.34166,19.10497,23.02173,25.01999,28.44293,30.06659,33.73426,35.4683,43.9659,42.44997,46.84015,44.94441,46.61545,59.9333,57.70615,58.59181,57.14018,63.81222,65.0,64.03124,61.84658,65.29931,61.6198,62.62587,67.17887,67.47592,65.06919,67.20863,65.05382,65.76473,67.00746,68.0147,65.11528,65.11528,66.6033,67.35726,61.52235,67.20863,67.88225,62.80127,60.21628,60.80296,61.58734,59.90826,56.85948,65.45991,71.02816,68.44706,62.76942
13.34166,12.36932,13.34166,12.36932,13.34166,12.36932,12.16553,12.16553,12.16553,12.16553,12.16553,12.16553,11.18034,11.18034,11.18034,12.04159,11.04536,11.04536,11.04536,11.04536,10.04988,11.04536,11.04536,10.04988,10.04988,10.04988,10.04988,10.04988,9.05539,10.04988,9.05539,9.05539,9.21954,8.24621,8.24621,8.24621,8.24621,7.28011,7.28011,7.28011,7.28011,6.32456,6.7082,6.32456,6.32456,5.38516,5.83095,5.83095,5.83095,5.0,5.0,5.0,69.81404,76.2168,70.03571,70.0928,67.17887,69.02898,67.26812,61.52235,62.93648,63.03174,62.24147,61.6198,59.39697,60.81118,60.10824,51.85557,60.87693,56.72742,53.90733,52.80152,57.2014,51.40039,51.61395,56.30275,52.00961,50.47772,54.20332,52.69725,53.90733,49.39636,47.80167,41.88078,48.10405,50.32892,44.20407,47.50789,41.03657,38.41875,37.53665,37.48333,36.06938,35.35534,38.18377,35.35534,35.80503,30.0,30.80584,26.90725,24.59675,21.9545,25.80698,19.20937,29.06888,26.92582,19.31321,23.76973,21.2132,14.56022,11.40175,13.0,10.0,13.45362,8.06226,13.0384,17.0,19.92486,19.92486,19.31321,25.05993,30.08322,30.01666,35.51056,41.18252,41.6173,39.82462,47.50789,47.50789,50.32892,60.87693,50.20956,63.00794,61.84658,62.36986,59.20304,61.29437,70.45566,67.41662,66.03787,66.57327,68.96376,67.74216,72.56032,68.88396,68.96376,68.42514,70.71068,69.83552,66.70832,65.0,66.24198,70.49113,60.53924,56.93856,60.53924,60.0,66.21933,57.62812,64.66065,62.24147,65.11528,62.36986,72.00694,67.20863,70.29225
13.0384,12.20656,12.20656,12.20656,12.20656,10.81665,11.40175,11.40175,11.40175,11.40175,11.40175,11.40175,10.63015,10.63015,10.63015,11.31371,10.63015,9.89949,9.89949,9.89949,9.89949,9.89949,9.89949,9.89949,9.89949,9.89949,9.21954,9.21954,8.48528,9.21954,7.81025,8.48528,7.81025,7.81025,7.81025,7.81025,7.2111,7.2111,5.83095,6.40312,5.83095,5.83095,5.83095,5.0,5.0,4.47214,4.47214,4.47214,4.47214,4.12311,4.12311,4.12311,72.27724,73.37575,69.05071,73.1642,70.61161,69.857,68.65858,62.64184,65.30697,64.93843,64.12488,57.87055,67.08204,63.15061,57.70615,60.67125,59.5399,56.0803,58.30952,57.07889,60.03332,57.03508,51.08816,55.00909,50.01,55.44367,53.15073,49.16299,51.15662,55.44367,48.50773,49.64877,48.6621,46.38965,48.16638,43.28972,44.72136,41.59327,45.17743,38.83298,41.59327,42.2019,33.24154,34.78505,32.98485,33.95585,34.17601,31.32092,26.0,28.23119,26.41969,25.55386,25.07987,24.35159,23.25941,21.26029,22.67157,10.77033,10.44031,10.44031,6.40312,11.18034,12.36932,13.15295,12.64911,18.38478,15.0333,21.37756,26.57066,29.01724,35.17101,34.36568,41.19466,44.18144,45.09989,42.0119,51.0392,45.09989,54.14795,60.29925,57.97413,60.44005,58.85576,66.76077,67.6757,64.28841,69.89278,65.0,69.07966,65.55151,70.2282,68.15424,74.46476,68.44706,68.44706,68.02941,69.64194,68.54196,67.06713,71.51224,62.03225,62.64982,69.57011,68.35203,61.09828,64.56005,62.29767,60.44005,64.93843,67.91171,65.73431,65.51336,71.06335,71.44928
12.04159,12.72792,12.72792,12.04159,12.04159,11.31371,11.31371,10.63015,10.63015,10.63015,10.63015,10.63015,10.63015,10.63015,10.0,10.0,10.0,10.0,10.0,9.43398,10.0,10.0,10.0,10.0,9.21954,9.21954,8.60233,9.21954,8.60233,8.60233,7.81025,7.81025,7.81025,7.81025,7.07107,7.07107,7.07107,6.40312,6.40312,6.40312,5.65685,5.0,5.0,5.0,5.0,4.47214,4.47214,4.47214,4.47214,4.12311,4.12311,3.16228,74.16873,67.36468,75.0,68.06614,70.25667,71.17584,71.06335,65.37584,61.03278,57.87055,62.03225,62.00806,65.19202,66.06815,61.20457,61.0082,60.07495,63.12686,61.13101,57.55867,58.13777,59.13544,59.4138,57.72348,59.21149,58.42089,50.01,54.23099,54.03702,55.00909,48.01042,50.0,46.0,51.08816,48.04165,47.38143,44.01136,43.56604,47.0,40.11234,39.01282,40.1995,41.19466,38.01316,36.22154,35.0571,30.06659,34.36568,22.56103,27.29469,22.80351,23.19483,19.41649,25.29822,26.0,18.38478,20.51828,10.29563,14.42221,5.83095,8.06226,8.0,13.15295,8.24621,13.60147,16.15549,18.78829,23.08679,26.4764,30.59412,34.71311,35.17101,37.94733,38.01316,45.54119,47.51842,47.51842,53.00943,63.1981,60.00833,61.52235,63.78871,59.4138,61.03278,63.95311,64.7611,59.20304,66.70832,65.73431,73.00685,69.37579,68.88396,68.62215,71.16881,69.64194,70.93659,71.16881,70.21396,70.88018,67.18631,65.14599,61.98387,65.19202,58.54912,60.20797,64.19502,69.42622,62.80127,69.42622,63.3877,60.29925,73.17103,78.02564,77.02597
13.92839,13.0,12.64911,13.0,13.0,11.7047,11.7047,11.7047,11.7047,11.40175,11.7047,11.40175,11.40175,11.40175,10.44031,11.40175,10.19804,11.18034,11.18034,11.18034,11.18034,11.18034,10.19804,10.19804,10.19804,10.19804,10.19804,10.19804,9.21954,9.21954,9.21954,9.21954,9.21954,8.24621,8.24621,8.24621,8.544,7.61577,7.61577,6.32456,6.7082,6.7082,6.7082,5.83095,5.83095,5.83095,5.83095,5.83095,5.0,5.0,5.0,4.24264,75.28612,71.19691,75.70997,65.80274,70.34202,72.03471,62.64184,72.78049,61.98387,64.2573,64.28841,62.64184,63.78871,60.72891,60.53924,61.32699,60.16644,60.37384,61.46544,49.0408,62.76942,50.15974,58.13777,56.0803,57.38467,55.54278,49.65884,50.56679,51.89412,53.31041,49.76947,49.24429,45.31004,51.26402,45.17743,44.27189,40.31129,47.53946,43.68066,41.23106,35.17101,41.23106,34.17601,34.48188,32.75668,29.61419,31.01612,28.16026,27.89265,25.01999,28.01785,25.01999,24.02082,24.02082,21.09502,19.0263,22.36068,8.24621,12.0,12.52996,9.48683,10.04988,8.544,11.18034,16.64332,13.89244,19.10497,23.43075,26.62705,33.30165,30.23243,37.58989,37.58989,44.77723,39.35734,47.85394,49.65884,52.81098,56.61272,56.51548,57.97413,64.53681,63.32456,62.64982,70.61161,67.26812,68.18358,65.37584,77.23341,68.06614,72.06247,71.34424,72.02777,61.03278,68.06614,73.06162,70.11419,73.24616,66.06815,72.06247,68.46897,69.06519,68.65858,64.77654,63.50591,64.93843,63.15061,65.37584,65.14599,71.06335,60.08328,69.42622,67.41662,64.53681
13.89244,13.0384,13.0384,12.52996,12.52996,11.6619,11.6619,12.20656,12.20656,11.40175,11.6619,11.40175,11.40175,10.81665,10.81665,11.40175,10.63015,11.40175,10.63015,10.63015,10.0,10.63015,10.0,10.0,10.0,10.0,10.0,10.0,8.60233,10.0,8.60233,8.60233,8.60233,8.60233,8.06226,8.06226,8.06226,7.61577,6.7082,6.7082,6.7082,6.32456,6.32456,5.38516,5.38516,5.38516,5.09902,5.09902,5.09902,5.09902,5.0,5.0,72.8011,72.56721,71.56815,71.30919,65.52099,70.34202,68.00735,62.8172,65.96969,65.80274,63.3877,64.13267,59.68249,54.91812,57.00877,56.14268,59.22837,52.17279,55.3263,52.61179,59.3043,55.22681,54.57105,52.15362,54.23099,51.24451,50.80354,51.1957,46.87217,50.15974,52.61179,47.85394,45.39824,47.26521,45.39824,41.0,42.57934,43.41659,39.45884,42.75512,37.16181,39.05125,35.8469,37.0,32.69557,32.01562,29.06888,24.69818,26.92582,29.06888,27.45906,22.36068,23.85372,21.63331,19.41649,20.51828,16.27882,10.81665,8.94427,9.43398,7.81025,9.48683,9.05539,11.7047,15.52417,17.08801,21.0238,22.47221,27.45906,26.30589,37.48333,30.0,40.1995,40.31129,40.11234,45.27693,48.01042,51.08816,56.56854,55.31727,58.46366,59.20304,64.84597,64.51356,64.62198,62.39391,65.45991,62.03225,66.70832,69.77822,63.15853,67.1193,69.77105,65.76473,68.88396,61.40033,67.97794,70.3278,67.06713,68.70953,66.24198,66.64083,62.39391,63.95311,65.45991,63.32456,57.77543,60.40695,68.00735,65.25335,62.93648,66.70832,73.97973,70.34202
12.16553,12.16553,12.16553,11.18034,11.18034,11.18034,11.04536,11.04536,11.04536,11.04536,11.04536,11.04536,10.0,10.04988,10.04988,10.0,10.0,10.0,10.0,9.0,9.0,10.0,10.0,9.0,9.05539,9.0,9.0,9.05539,8.06226,8.06226,8.06226,8.06226,7.07107,7.07107,7.07107,7.07107,7.28011,6.08276,6.08276,6.32456,6.32456,5.38516,5.38516,4.47214,4.47214,4.47214,4.47214,3.60555,3.60555,3.60555,3.60555,2.82843,70.83784,71.56116,74.63243,74.33034,73.66139,71.8401,71.70077,76.02631,70.0,69.31089,63.41136,58.69412,61.52235,65.76473,58.79626,64.3506,63.65532,60.1415,62.96825,60.1415,58.25805,57.00877,54.03702,53.41348,52.34501,53.75872,53.07542,56.85068,51.66237,55.15433,49.81967,52.34501,45.34314,48.9183,47.80167,42.63801,47.42362,41.40048,37.80212,43.27817,41.03657,39.20459,34.48188,37.01351,30.52868,34.4093,30.4795,36.24914,24.69818,30.52868,29.41088,22.47221,26.62705,27.51363,23.70654,17.46425,20.88061,12.20656,10.0,7.28011,12.04159,9.84886,8.60233,13.0,15.23155,16.12452,16.12452,20.61553,24.59675,29.96665,34.0,39.44617,39.96248,42.19005,42.2019,48.79549,45.96738,53.74012,52.3259,55.97321,62.00806,60.20797,65.80274,66.03787,65.36819,67.60178,71.69379,68.60029,69.46222,68.88396,71.19691,71.58911,68.42514,65.29931,70.23532,68.0,71.17584,72.44998,70.49113,66.37017,70.83078,65.29931,57.42822,64.66065,60.82763,63.81222,63.82006,57.45433,63.25346,67.47592,67.00746,67.26812,72.20111,72.91776
11.40175,11.40175,11.40175,11.40175,10.44031,10.44031,10.44031,10.44031,10.44031,9.48683,10.44031,9.48683,9.48683,9.48683,9.48683,9.84886,9.84886,8.94427,8.94427,8.94427,8.94427,8.94427,8.544,8.94427,8.544,8.544,8.544,8.544,8.544,7.61577,7.28011,7.61577,7.28011,7.28011,7.28011,6.32456,6.08276,6.08276,6.08276,6.08276,5.09902,5.09902,5.0,5.0,5.0,4.0,4.12311,4.0,4.12311,4.12311,4.12311,3.60555,76.94154,72.71864,69.89278,63.51378,66.64833,64.07027,65.76473,64.66065,62.76942,65.45991,60.20797,64.41273,62.26556,57.24509,52.15362,57.70615,57.77543,56.85948,55.47071,54.12947,57.77543,52.0,58.5235,47.92703,51.89412,52.55473,49.65884,52.92447,54.23099,50.56679,50.08992,53.0,45.17743,49.98,46.52956,42.15448,42.15448,41.04875,42.05948,37.80212,38.94868,38.01316,35.0,36.35932,36.87818,33.30165,29.06888,28.01785,27.65863,26.1725,25.0,22.02272,17.69181,26.40076,20.0,19.10497,19.72308,10.19804,8.544,7.61577,10.0,12.52996,8.24621,11.40175,13.60147,17.02939,17.11724,26.30589,26.30589,27.07397,33.54102,33.37664,33.24154,45.88028,42.48529,45.88028,49.0408,47.43416,53.7122,52.47857,57.98276,58.13777,62.26556,60.0,60.44005,61.6198,65.94695,60.87693,67.26812,65.19202,67.26812,68.62215,66.46804,65.8559,67.17887,65.79514,68.0147,67.89698,68.62215,67.89698,70.72482,63.63961,65.43699,66.52819,59.20304,63.25346,58.41233,63.82006,56.35601,67.42403,60.74537,68.44706,69.97142,67.54258
12.80625,12.80625,12.04159,12.04159,11.40175,11.40175,11.40175,10.63015,10.63015,10.63015,10.63015,10.63015,9.89949,9.89949,9.89949,9.89949,9.89949,9.89949,9.21954,9.89949,9.89949,9.21954,9.89949,9.21954,9.21954,9.21954,9.21954,8.48528,8.48528,8.48528,7.81025,8.48528,7.81025,7.81025,7.81025,7.2111,7.2111,7.2111,6.40312,5.83095,5.83095,5.83095,5.83095,5.38516,5.38516,5.38516,5.38516,5.09902,5.09902,5.09902,4.12311,4.12311,68.02941,71.17584,69.06519,63.07139,73.33485,61.52235,70.45566,64.07027,65.27634,66.18912,66.00758,61.20457,63.03174,56.00893,59.03389,60.13319,55.00909,53.00943,54.00926,56.56854,55.08176,57.07889,49.0102,47.38143,52.00961,51.24451,51.0098,51.08816,49.0,54.23099,50.03998,50.01,47.51842,43.18565,48.0,42.0,41.10961,39.31921,37.12142,40.60788,43.28972,40.60788,33.37664,34.52535,32.01562,34.1321,29.15476,28.16026,23.76973,26.92582,26.57066,26.24881,24.73863,22.80351,19.69772,22.36068,15.81139,12.64911,12.52996,11.18034,10.77033,9.05539,10.29563,12.36932,12.52996,17.20465,14.76482,24.16609,23.25941,28.16026,28.17801,29.06888,38.07887,46.17359,46.69047,44.91102,49.36598,54.00926,57.21888,62.00806,57.07889,58.54912,61.13101,62.28965,57.21888,60.82763,63.50591,67.08204,62.36986,68.96376,66.76077,63.60031,69.37579,65.96969,71.8401,69.26038,68.00735,60.87693,69.92138,65.78754,66.21933,63.60031,58.82176,66.09841,63.63961,62.16912,64.77654,65.62012,63.12686,57.03508,74.54529,71.17584,65.06919,71.06335
11.31371,12.04159,11.31371,12.72792,11.31371,11.31371,11.31371,10.63015,10.63015,10.63015,10.63015,10.0,10.0,10.0,10.0,10.0,10.0,8.60233,9.43398,10.0,9.21954,10.0,8.60233,9.43398,8.60233,8.60233,8.60233,8.60233,8.60233,8.60233,7.81025,7.81025,7.81025,7.81025,7.07107,6.40312,6.40312,6.40312,5.65685,5.65685,5.65685,5.65685,5.0,5.0,5.0,5.0,4.47214,4.47214,3.60555,3.16228,3.16228,3.16228,74.54529,74.67262,77.23341,74.46476,71.38627,76.40026,65.49046,70.5762,66.28725,67.08204,59.03389,63.03174,64.28063,59.13544,57.00877,57.00877,63.03174,62.00806,58.07753,55.08176,60.00833,53.08484,60.03332,57.07889,55.00909,58.13777,55.0,53.03772,54.0,51.24451,48.0,50.03998,50.03998,53.0,44.04543,48.01042,47.09565,49.09175,47.26521,44.28318,39.62323,43.18565,36.13862,36.87818,31.7805,31.38471,31.04835,31.95309,33.24154,25.29822,23.25941,26.83282,25.05993,19.64688,27.85678,18.38478,20.51828,12.20656,11.18034,10.81665,11.18034,10.77033,9.0,7.07107,12.08305,17.20465,19.69772,25.63201,28.63564,30.08322,31.7805,37.94733,39.56008,41.97618,42.75512,50.80354,51.24451,55.00909,58.00862,58.00862,61.13101,64.28063,61.07373,63.56099,68.24954,62.0967,65.30697,68.00735,74.2159,71.47027,71.06335,73.08215,67.35726,68.30813,66.76077,73.08215,65.45991,70.88018,68.00735,70.93659,63.56886,64.84597,63.56099,61.81424,57.70615,65.30697,61.39218,63.28507,61.40033,67.74216,57.42822,71.17584,83.15047,76.23647
12.80625,12.04159,11.40175,11.40175,11.40175,11.40175,11.40175,11.40175,10.81665,10.81665,10.81665,10.81665,10.29563,10.29563,10.29563,10.29563,10.29563,10.29563,10.29563,9.43398,9.43398,10.29563,9.43398,9.84886,10.29563,8.94427,9.43398,8.94427,8.94427,8.94427,8.06226,8.06226,8.06226,8.06226,7.2111,7.2111,7.2111,6.40312,6.40312,6.40312,6.40312,5.65685,5.65685,5.0,5.0,5.0,4.24264,4.24264,4.24264,4.24264,3.60555,3.60555,73.00685,68.02941,73.06162,72.06247,72.11103,74.00676,64.03124,65.06919,66.1211,60.13319,60.53098,64.28063,68.593,60.40695,58.30952,60.40695,56.56854,52.7731,58.42089,54.12947,58.46366,56.4358,55.36244,52.17279,54.91812,53.75872,55.10898,50.9902,51.35173,51.78803,55.57877,50.48762,48.50773,49.36598,48.25971,42.42641,41.04875,42.04759,42.19005,43.28972,38.0,37.0,35.01428,33.37664,35.0571,33.0,32.38827,29.06888,31.01612,28.44293,28.16026,28.28427,24.73863,24.35159,19.64688,23.5372,20.12461,11.18034,8.94427,11.40175,10.04988,11.18034,5.0,13.60147,18.02776,18.02776,16.64332,22.47221,24.69818,27.20294,34.43835,40.16217,37.12142,43.65776,46.84015,42.37924,48.6621,53.14132,53.33854,55.08176,58.13777,62.03225,63.12686,67.0,72.1734,63.03174,66.1211,65.62012,67.74216,67.36468,65.12296,70.25667,72.44308,65.62012,75.32596,70.25667,69.58448,69.87131,66.48308,65.62012,61.40033,61.98387,67.02984,63.1981,65.00769,63.03174,60.13319,58.00862,68.02941,70.06426,63.03174,67.00746,73.1642,68.11755
12.04159,12.04159,12.04159,12.04159,11.04536,11.04536,11.04536,11.04536,10.04988,10.19804,10.19804,10.19804,10.19804,10.19804,10.19804,10.19804,10.44031,9.21954,9.48683,9.21954,9.21954,9.21954,9.21954,9.21954,9.21954,9.21954,9.21954,9.21954,8.24621,8.06226,8.06226,8.06226,8.06226,7.07107,7.0,7.0,7.0,6.0,6.0,6.0,6.08276,5.09902,5.09902,5.09902,5.09902,4.12311,4.12311,4.12311,4.47214,4.47214,3.60555,3.60555,63.41136,74.95332,64.03124,65.8559,74.24958,62.36986,69.35416,62.96825,67.26812,59.4138,60.82763,58.0517,54.67175,59.46427,55.86591,58.13777,54.67175,54.20332,52.63079,56.0803,58.60034,56.85068,52.80152,53.53504,48.25971,49.09175,53.41348,48.82622,50.60632,51.08816,44.68781,42.63801,49.0408,47.43416,44.55334,39.82462,45.25483,39.20459,41.40048,38.8973,40.31129,34.82815,32.55764,33.97058,33.01515,33.42155,27.20294,31.40064,25.4951,28.42534,24.16609,24.16609,22.82542,24.69818,22.82542,20.88061,20.88061,9.21954,9.05539,7.2111,7.81025,12.80625,11.18034,10.44031,12.04159,16.27882,15.26434,20.24846,26.24881,31.7805,33.61547,30.8707,38.07887,41.23106,42.19005,42.15448,46.87217,46.8615,53.60037,60.30755,54.56189,62.2254,58.72819,66.8431,63.03174,67.94115,61.07373,66.57327,57.42822,59.90826,67.95587,66.61081,64.89992,71.61006,67.41662,66.0303,64.63745,63.81222,69.33974,66.03787,66.0303,56.93856,67.42403,61.84658,60.30755,61.6198,59.5483,56.72742,65.29931,58.72819,60.20797,66.48308,68.68042,74.02702
13.34166,12.36932,13.15295,12.16553,12.16553,12.16553,12.16553,12.16553,12.16553,12.04159,11.18034,11.04536,11.04536,11.04536,11.04536,11.0,11.0,11.04536,10.0,11.0,10.0,11.0,10.04988,10.0,10.04988,10.04988,10.04988,10.04988,9.05539,9.05539,9.05539,9.05539,9.05539,9.05539,8.06226,8.06226,8.24621,7.28011,7.07107,7.07107,7.28011,6.32456,6.32456,5.38516,5.38516,5.38516,5.38516,5.38516,4.47214,4.47214,4.47214,3.60555,71.70077,70.17834,70.03571,70.0928,70.03571,69.02898,62.62587,65.19202,59.20304,65.11528,61.55485,60.30755,61.52235,56.58622,63.63961,58.72819,56.58622,55.31727,53.90733,56.85068,58.0,57.28001,54.40588,53.60037,50.47772,53.25411,54.48853,50.9902,49.20366,49.20366,51.08816,44.20407,41.7732,47.38143,45.27693,40.36087,44.59821,44.20407,39.62323,39.69887,38.94868,34.66987,34.82815,34.05877,36.23534,32.20248,27.78489,31.90611,25.4951,26.41969,24.41311,23.25941,22.80351,21.93171,20.24846,25.0,14.14214,13.60147,16.12452,11.7047,12.72792,11.18034,14.21267,12.04159,16.15549,15.65248,21.54066,21.18962,22.82542,26.92582,30.88689,37.58989,40.22437,41.6173,44.40721,48.37355,50.77401,52.49762,60.87693,60.959,56.40035,60.959,62.62587,64.40497,67.1193,63.00794,67.80118,66.03787,72.94518,70.72482,65.73431,69.06519,71.34424,72.06941,68.26419,70.66116,67.23095,67.1193,75.66373,67.1193,66.28725,64.41273,68.09552,69.77105,61.29437,63.25346,60.21628,55.0,66.6033,69.6563,65.79514,68.0147,69.35416,77.07788
12.04159,12.04159,11.04536,12.04159,11.04536,11.04536,11.04536,11.04536,10.04988,10.0,11.04536,11.0,10.0,10.0,10.0,10.0,10.0,9.0,10.0,10.04988,10.0,10.0,9.0,9.0,9.0,9.0,9.0,9.0,9.0,8.06226,8.06226,8.06226,8.06226,8.06226,7.07107,7.07107,7.07107,6.32456,6.32456,6.32456,5.38516,5.38516,5.38516,5.38516,4.47214,4.47214,4.47214,5.0,3.60555,4.24264,4.24264,4.24264,74.33034,79.98125,71.56116,70.76722,71.02816,62.28965,68.50547,69.6563,63.41136,60.959,59.64059,61.84658,63.60031,57.14018,59.03389,55.47071,61.29437,52.35456,52.47857,57.14018,56.93856,55.00909,47.88528,53.7122,49.65884,56.4358,54.20332,51.47815,52.83938,53.0,50.77401,47.16991,46.61545,43.04649,47.01064,45.80393,39.40812,40.49691,40.80441,40.36087,39.40812,35.51056,37.01351,34.05877,31.82766,30.41381,36.76955,29.69848,27.80288,28.42534,29.06888,24.83948,25.23886,23.85372,19.41649,17.0,18.78829,10.0,10.19804,6.40312,13.0384,11.40175,6.40312,9.84886,13.41641,15.23155,19.92486,21.58703,26.92582,30.36445,30.46309,35.8469,40.24922,37.16181,46.64762,40.81666,48.01042,46.64762,57.62812,54.56189,59.66574,60.81118,62.2254,63.03174,63.03174,64.66065,66.52819,67.80118,66.70832,64.2028,65.94695,64.40497,67.41662,67.42403,67.95587,67.47592,68.60029,64.89992,73.23933,66.61081,66.8431,61.03278,62.42596,61.84658,67.89698,62.96825,60.81118,62.2254,60.30755,63.89053,65.60488,65.0,68.41053,66.70832
13.34166,12.36932,12.64911,13.60147,12.64911,12.36932,12.64911,11.7047,11.7047,11.7047,11.7047,11.7047,11.7047,10.77033,10.77033,11.18034,11.18034,11.18034,11.18034,11.18034,11.18034,11.18034,9.84886,11.18034,9.84886,9.84886,10.29563,9.84886,9.84886,8.94427,9.84886,8.94427,8.94427,8.544,8.544,8.544,8.544,7.28011,7.28011,7.28011,7.28011,6.32456,6.32456,6.32456,6.08276,6.08276,6.08276,5.09902,5.09902,5.0,5.0,4.0,71.86793,70.80254,77.38863,71.40028,68.7968,64.40497,61.61169,67.6757,62.43397,62.26556,65.19202,58.24946,63.13478,56.82429,59.16925,56.35601,55.4617,55.15433,56.46238,51.88449,58.13777,53.7122,53.31041,54.23099,57.38467,54.626,50.9902,54.12947,50.11986,52.3259,49.24429,52.35456,45.65085,46.95743,43.38202,48.75449,43.56604,46.14109,39.82462,37.73592,39.20459,34.20526,36.61967,37.21559,30.41381,31.62278,29.69848,32.52691,26.1725,24.04163,23.34524,21.40093,20.51828,23.02173,22.47221,20.24846,18.86796,11.04536,11.04536,9.21954,12.20656,7.2111,11.6619,8.24621,17.26268,16.55295,22.13594,24.33105,24.33105,31.04835,33.24154,38.07887,39.29377,45.31004,41.78516,47.01064,49.24429,52.7731,60.03332,56.40035,55.75841,61.91123,62.20129,64.53681,67.47592,67.47592,68.0147,67.94115,77.07788,71.58911,67.94115,70.0928,68.0147,68.593,69.52697,71.44928,66.6033,72.83543,67.20863,67.17887,71.42129,69.35416,63.63961,62.93648,60.81118,61.84658,62.62587,60.21628,62.68174,62.62587,60.60528,66.03787,69.33974,73.24616
11.40175,11.7047,10.77033,11.7047,10.77033,10.44031,10.77033,9.84886,10.77033,9.84886,9.84886,9.84886,9.84886,9.84886,8.94427,10.29563,9.43398,8.94427,9.43398,9.43398,8.94427,9.43398,8.94427,8.94427,8.94427,8.94427,8.06226,8.06226,8.06226,8.06226,7.61577,7.61577,7.61577,6.7082,6.32456,7.28011,6.32456,6.32456,6.32456,6.08276,5.09902,5.09902,5.09902,4.12311,4.12311,4.0,4.0,4.0,4.0,4.12311,4.12311,3.16228,69.92138,70.21396,68.94926,69.89278,67.53518,67.1193,65.55151,62.03225,58.18075,65.76473,58.5235,61.84658,55.36244,56.85948,59.46427,64.84597,59.77458,50.92151,55.36244,56.04463,60.87693,53.22593,58.24946,52.49762,52.88667,55.54278,53.16014,55.36244,53.45091,47.80167,52.20153,48.10405,41.59327,46.8188,42.72002,46.48656,43.9659,43.65776,46.17359,46.09772,37.94733,30.41381,38.07887,38.47077,34.66987,34.20526,31.40064,26.40076,25.0,26.62705,27.01851,28.01785,24.75884,19.10497,21.93171,23.02173,20.0,12.80625,7.81025,5.83095,4.24264,10.04988,8.24621,13.0,14.03567,13.0384,23.08679,22.36068,25.01999,31.57531,31.06445,35.35534,37.12142,47.04253,38.01316,46.0,49.36598,49.36598,56.32051,54.81788,60.87693,60.74537,65.55151,59.09315,65.76473,60.41523,66.64083,64.41273,68.47627,63.50591,68.09552,72.94518,68.7968,63.28507,71.02816,67.41662,68.50547,69.06519,63.63175,70.17834,69.97142,56.93856,58.00862,62.80127,63.50591,66.21178,64.88451,58.69412,63.69458,66.48308,56.0803,66.7308,75.27284,74.67262
13.0384,13.0384,12.80625,13.0384,12.20656,12.20656,12.20656,12.20656,11.40175,11.40175,11.40175,11.40175,11.40175,10.63015,10.63015,10.63015,10.63015,10.63015,9.89949,10.63015,10.0,10.63015,10.0,9.89949,10.0,10.0,10.0,9.21954,9.21954,9.21954,8.60233,8.60233,8.60233,8.60233,8.06226,8.06226,8.06226,7.61577,7.61577,6.7082,6.7082,6.7082,6.32456,6.32456,5.38516,5.09902,5.09902,5.09902,5.09902,5.0,5.0,5.0,60.00833,68.88396,66.0,70.00714,68.11755,70.00714,64.19502,69.26038,59.0,66.06815,64.19502,63.00794,60.03332,57.14018,58.07753,59.13544,61.0082,49.25444,55.22681,50.35871,62.28965,53.00943,53.46027,55.3263,51.0392,50.24938,52.34501,52.15362,44.28318,52.15362,48.01042,50.0,42.0119,48.16638,44.01136,48.0,41.0,37.01351,43.10452,40.31129,42.0,41.01219,35.35534,30.59412,29.06888,31.40064,32.75668,25.70992,29.41088,25.4951,18.43909,27.65863,26.07681,21.54066,18.35756,21.9545,17.49286,9.21954,6.32456,8.94427,10.0,5.09902,10.44031,12.36932,11.18034,15.29706,19.72308,21.09502,28.4605,27.73085,31.90611,34.53983,36.40055,40.8534,43.73786,49.64877,45.70558,50.63596,53.03772,60.29925,59.03389,60.03332,58.0,60.20797,68.26419,58.07753,74.67262,60.20797,69.46222,69.2315,62.58594,69.42622,71.30919,68.65858,72.18033,66.94027,69.42622,66.76077,66.94027,65.52099,62.8172,68.06614,71.56815,67.46851,60.41523,64.32729,64.12488,57.21888,63.00794,65.06919,66.00758,65.03076,61.07373,74.16873
12.0,11.0,12.0,11.0,11.0,10.0,10.04988,10.04988,10.04988,10.04988,10.04988,10.04988,10.04988,9.05539,9.05539,10.19804,9.21954,9.21954,9.21954,9.21954,9.21954,9.21954,9.21954,9.21954,9.21954,9.21954,9.21954,8.24621,8.24621,8.24621,8.06226,7.07107,7.07107,7.07107,7.07107,7.07107,7.07107,6.0,6.0,6.0,6.0,5.0,5.0,5.0,4.0,4.0,4.12311,4.12311,4.12311,4.12311,3.16228,3.16228,69.33974,73.78347,75.71658,71.21798,72.94518,63.60031,67.42403,69.33974,62.76942,59.81639,66.06815,58.00862,64.40497,58.89822,56.40035,59.4138,63.12686,58.13777,60.30755,51.66237,54.45181,57.28001,53.07542,56.22277,51.08816,54.56189,50.93133,55.22681,50.20956,49.49747,49.57822,49.0408,49.09175,45.60702,52.49762,42.63801,47.80167,39.40812,46.04346,44.04543,43.26662,43.41659,35.51056,31.90611,35.35534,37.21559,33.12099,30.41381,28.63564,25.63201,26.92582,24.69818,25.29822,24.5153,25.4951,20.39608,21.0238,13.15295,10.04988,8.60233,10.63015,14.31782,9.21954,12.52996,15.13275,16.55295,19.41649,19.41649,27.78489,33.83785,30.52868,37.73592,34.66987,43.01163,45.48626,44.41846,50.32892,50.60632,60.81118,56.58622,59.66574,55.97321,63.12686,60.0,65.80274,67.74216,69.35416,65.19202,65.76473,67.62396,66.24198,72.47068,65.8635,69.35416,69.97142,71.58911,72.47068,71.55418,67.1193,66.21178,74.24284,61.05735,61.84658,63.52952,63.51378,61.91123,65.8635,64.88451,64.89992,66.0303,64.66065,66.70832,68.60029,70.80254
14.03567,13.0384,13.0,13.0384,12.04159,12.0,12.0,12.0,12.0,11.0,11.0,12.04159,11.0,11.0,11.0,11.04536,11.04536,11.04536,11.04536,10.04988,10.04988,10.04988,10.04988,10.04988,10.04988,10.04988,10.04988,10.0,9.0,9.0,9.0,9.0,9.0,8.0,8.0,8.0,8.06226,7.07107,7.07107,7.07107,7.07107,7.07107,6.32456,6.32456,6.32456,5.38516,5.38516,5.38516,5.38516,5.38516,5.0,4.47214,75.16648,69.40461,75.82216,66.52819,71.42129,65.11528,69.81404,70.29225,65.8559,65.05382,60.1415,55.22681,58.69412,54.45181,57.98276,63.89053,58.79626,56.40035,55.9017,58.41233,53.60037,52.49762,55.86591,57.80138,50.9902,54.45181,55.31727,52.49762,55.15433,49.20366,49.57822,50.93133,50.0,51.73973,42.44997,44.55334,41.03657,48.79549,42.42641,42.52058,37.44329,34.65545,34.20526,33.28663,34.43835,32.69557,29.15476,28.6531,25.05993,29.96665,21.63331,27.85678,19.23538,17.72005,21.84033,19.23538,21.0,8.544,10.44031,8.24621,10.81665,4.47214,6.40312,14.42221,11.18034,18.43909,22.56103,21.58703,23.5372,30.80584,31.95309,39.56008,39.92493,43.86342,46.51881,46.14109,54.58938,59.40539,57.80138,56.72742,59.03389,66.48308,63.65532,67.17887,63.78087,66.4003,72.62231,65.43699,70.17834,72.62231,71.40028,71.86793,71.40028,73.81734,69.89278,68.60029,68.7968,75.66373,66.61081,65.60488,69.11584,72.20111,61.91123,63.60031,67.62396,63.60031,67.62396,62.42596,63.89053,61.52235,67.89698,68.593,67.47592,70.17834
12.04159,12.04159,12.04159,12.04159,11.04536,11.04536,11.04536,10.04988,11.04536,10.0,10.0,10.0,10.0,10.0,10.0,10.0,10.04988,10.0,9.05539,10.0,9.0,9.0,9.0,9.05539,9.05539,9.05539,9.0,9.0,9.0,8.0,8.0,8.0,8.06226,7.07107,7.07107,7.07107,7.07107,7.07107,7.07107,6.08276,6.08276,6.08276,5.09902,5.09902,5.38516,4.47214,4.47214,4.47214,4.47214,4.47214,3.60555,4.24264,65.51336,66.24198,68.47627,62.39391,66.21178,69.83552,61.05735,60.83584,61.29437,58.59181,57.70615,55.9017,58.18075,56.4358,61.77378,54.91812,58.79626,54.81788,49.64877,50.47772,57.62812,53.25411,57.28001,50.0,51.85557,50.80354,47.42362,48.10405,45.60702,48.01042,47.63402,52.43091,41.40048,46.09772,42.72002,46.40043,44.41846,42.80187,40.70626,37.12142,34.9285,38.01316,31.62278,36.71512,32.89377,29.54657,26.83282,31.32092,27.313,26.0,28.16026,21.37756,21.84033,20.24846,22.80351,20.02498,18.11077,12.04159,11.04536,4.0,7.28011,8.544,12.80625,10.29563,14.14214,18.43909,19.23538,25.4951,21.93171,26.62705,32.80244,31.89044,35.38361,41.40048,40.31129,38.8973,46.75468,48.82622,51.61395,54.40588,58.5235,57.14018,61.05735,63.81222,60.83584,61.84658,64.84597,62.62587,64.4748,69.26038,69.07966,70.2282,66.48308,64.84597,66.76077,64.84597,68.00735,66.7308,66.48308,67.05222,63.15853,65.78754,56.921,59.48109,57.58472,56.04463,59.48109,62.26556,62.26556,66.18912,55.4617,71.86793,68.26419,70.3278
12.04159,12.04159,12.04159,11.31371,10.63015,11.31371,10.63015,10.63015,10.63015,10.0,11.40175,10.81665,10.0,10.0,10.0,10.81665,10.81665,9.43398,9.43398,9.43398,9.43398,10.0,9.43398,9.43398,9.43398,9.43398,9.43398,8.60233,8.60233,8.60233,8.60233,8.60233,7.81025,7.81025,7.81025,7.07107,7.07107,7.07107,6.40312,5.65685,5.65685,5.65685,5.65685,5.0,5.0,5.0,5.0,4.47214,3.60555,3.60555,3.60555,3.16228,66.12866,72.11103,68.00735,72.42237,70.21396,70.0928,67.05222,60.41523,64.28841,62.8172,67.05222,63.60031,65.80274,63.15061,61.13101,58.85576,62.96825,58.54912,54.74486,58.69412,58.30952,64.53681,58.13777,54.57105,51.66237,56.88585,55.7315,54.03702,49.36598,54.23099,48.6621,47.85394,46.57252,45.70558,47.85394,43.41659,46.84015,45.35416,43.65776,36.40055,44.27189,40.16217,32.28002,35.4683,31.7805,35.77709,33.54102,31.30495,24.18677,31.40064,27.78489,21.93171,24.18677,25.0,23.70654,23.85372,20.0,13.45362,10.44031,7.28011,8.94427,8.94427,13.15295,17.02939,14.31782,18.02776,21.54066,26.68333,29.12044,29.73214,31.62278,42.29657,40.79216,41.97618,46.09772,43.10452,49.0408,56.14268,57.07889,59.4138,60.07495,58.69412,67.74216,68.06614,65.80274,65.52099,70.60453,70.21396,71.30919,62.39391,69.857,73.00685,73.40981,71.17584,70.00714,70.5762,76.89603,67.62396,75.23962,73.00685,70.38466,63.07139,68.35203,68.54196,66.70832,69.57011,64.84597,62.36185,60.63827,67.68309,65.0,70.21396,63.95311,67.05222
12.64911,12.64911,13.0,12.64911,12.64911,11.7047,11.7047,10.77033,11.7047,10.77033,10.77033,11.18034,10.77033,10.77033,10.77033,11.18034,10.29563,11.18034,9.43398,10.29563,9.84886,10.29563,9.84886,10.29563,9.84886,9.84886,9.84886,9.84886,8.544,9.48683,8.544,8.544,8.544,8.544,8.24621,8.24621,8.06226,7.07107,7.07107,7.07107,7.07107,6.0,6.0,6.0,6.0,5.0,5.0,5.0,5.0,5.09902,5.09902,4.12311,71.51224,67.23095,78.77182,69.12308,66.09841,67.18631,66.85058,62.36185,58.5235,65.55151,60.16644,59.68249,64.53681,59.48109,56.04463,56.08921,62.16912,58.46366,56.75385,52.61179,63.1981,50.9902,55.57877,53.33854,51.62364,51.78803,51.1957,55.9017,53.85165,53.75872,47.67599,53.33854,45.88028,45.88028,41.23106,46.09772,45.54119,39.62323,41.48494,44.14748,39.39543,37.57659,31.38471,34.20526,32.69557,29.54657,31.76476,26.0,25.07987,27.313,20.59126,23.76973,24.35159,23.43075,22.02272,22.02272,20.51828,10.63015,11.6619,5.38516,8.06226,9.89949,13.0384,12.04159,19.64688,20.02498,18.11077,20.22375,27.45906,32.06244,34.0147,35.0,37.0,45.04442,39.05125,51.15662,47.09565,50.63596,58.54912,55.08176,61.09828,65.19202,65.19202,65.55151,69.46222,65.0,72.23573,65.76473,74.68601,72.49828,70.3278,68.88396,75.17978,67.74216,72.94518,73.24616,71.58911,72.67049,64.84597,68.26419,68.88396,63.28507,69.07966,63.69458,68.44706,64.07808,63.50591,66.21178,64.2573,73.05477,64.28841,69.57011,68.96376,70.34202
12.08305,11.18034,12.08305,11.18034,11.18034,9.84886,10.77033,10.77033,10.77033,10.77033,10.77033,10.44031,9.48683,9.48683,9.48683,10.44031,9.21954,9.21954,9.21954,9.21954,9.48683,9.21954,9.21954,9.21954,9.48683,8.24621,9.21954,9.21954,8.24621,8.24621,7.28011,7.28011,7.61577,7.61577,7.61577,7.61577,6.7082,6.7082,5.83095,5.83095,5.83095,4.47214,5.83095,4.47214,4.47214,5.0,3.60555,4.24264,4.24264,4.24264,2.82843,3.60555,79.24645,70.60453,73.82412,71.19691,71.19691,63.78871,70.45566,72.00694,70.40597,61.0,63.06346,58.69412,59.43904,62.8172,59.66574,60.63827,61.40033,62.36185,55.54278,55.15433,58.30952,56.46238,57.24509,53.31041,55.02727,49.98,48.70318,53.60037,51.92302,49.39636,48.10405,53.45091,45.60702,49.47727,42.95346,46.27094,44.64303,46.32494,43.41659,43.68066,39.29377,34.52535,36.22154,36.49658,33.73426,34.36568,35.0,30.80584,28.0,29.01724,26.01922,23.02173,26.01922,21.0238,20.22375,18.38478,20.24846,9.21954,8.544,10.0,9.05539,11.7047,7.2111,7.61577,12.20656,17.20465,17.80449,21.26029,24.59675,26.40076,35.22783,38.27532,36.76955,43.46263,44.77723,50.9902,49.98,53.48832,55.02727,60.87693,59.66574,63.50591,62.96825,63.78871,69.35416,69.06519,73.10951,69.35416,74.43118,71.06335,72.02777,71.00704,67.02984,66.06815,65.03076,73.02739,69.00725,75.16648,68.18358,72.00694,64.07027,64.0,65.12296,61.0082,60.0,66.28725,64.00781,61.52235,63.50591,65.12296,60.82763,70.71068,76.48529,75.70997
11.40175,11.40175,11.7047,11.40175,10.44031,10.44031,10.44031,9.84886,9.48683,9.84886,9.84886,9.84886,9.84886,8.94427,8.94427,9.84886,8.94427,8.94427,8.94427,8.94427,8.94427,8.94427,8.94427,8.94427,8.94427,8.94427,8.544,8.544,8.544,7.61577,7.61577,7.61577,7.61577,7.28011,6.32456,7.28011,6.32456,6.08276,6.08276,6.08276,5.09902,5.0,5.0,5.0,5.0,4.0,4.0,4.12311,4.12311,4.12311,4.12311,3.16228,76.2168,67.00746,73.4983,71.61006,69.33974,71.84706,68.24222,59.07622,64.14047,66.85058,63.82006,54.70832,63.28507,56.93856,61.29437,56.36488,57.69749,59.09315,53.66563,58.24946,56.79789,53.66563,55.03635,55.9464,52.0,51.07837,49.24429,54.42426,54.12947,48.76474,45.61798,44.10215,46.95743,47.85394,40.81666,46.06517,48.82622,43.60046,40.81666,39.44617,34.4093,36.61967,36.12478,33.24154,34.05877,27.01851,28.28427,30.61046,26.1725,25.4951,25.0,22.67157,21.63331,22.02272,23.32381,21.9545,17.0,12.52996,9.48683,10.29563,7.07107,7.2111,10.77033,11.04536,11.7047,15.29706,16.0,24.33105,23.02173,25.07987,31.257,36.01389,37.33631,39.0,44.38468,47.75982,49.98,47.53946,54.12947,56.93856,59.16925,56.85948,61.29437,60.0,65.11528,63.65532,63.78087,61.7171,70.72482,67.88225,64.3506,66.8431,65.8559,70.0928,71.42129,69.31089,71.44928,72.12489,69.6563,65.19202,67.26812,69.35416,61.55485,59.66574,60.82763,56.63921,62.36986,63.25346,57.80138,65.43699,58.83026,67.74216,73.78347,69.33974
13.0384,12.20656,12.80625,12.20656,12.20656,12.20656,11.40175,11.40175,11.40175,10.63015,11.40175,12.04159,10.63015,10.63015,10.63015,11.31371,9.89949,10.63015,9.89949,10.63015,9.89949,9.89949,9.89949,9.89949,9.89949,9.89949,9.89949,9.21954,9.21954,9.21954,9.21954,9.21954,9.21954,8.60233,8.60233,8.60233,8.06226,7.2111,6.7082,6.7082,6.7082,6.7082,6.7082,5.38516,5.38516,5.38516,5.38516,5.38516,5.09902,5.09902,5.09902,5.09902,70.21396,72.03471,69.72087,64.32729,69.18092,70.85901,70.71068,65.12296,62.39391,65.62012,61.0082,61.0082,65.0,64.00781,65.27634,62.20129,62.00806,61.07373,52.00961,60.29925,58.13777,61.03278,53.23533,55.0,53.03772,52.08647,55.0,53.00943,52.34501,55.3263,50.03998,44.0,49.0408,43.01163,52.08647,48.04165,44.18144,40.60788,40.02499,39.31921,41.10961,34.36568,32.55764,33.73426,30.59412,36.40055,32.01562,30.36445,27.313,30.8707,21.93171,25.05993,19.69772,26.62705,22.84732,24.18677,15.0,10.63015,14.31782,10.81665,10.81665,10.0,11.7047,13.34166,12.52996,14.56022,20.24846,19.69772,28.63564,31.01612,32.57299,34.9285,38.07887,41.23106,47.51842,45.70558,48.37355,55.03635,55.00909,65.06919,60.0,62.36986,67.36468,64.93843,72.00694,66.91039,68.65858,72.36712,69.63476,65.52099,67.77905,70.00714,72.61543,69.28925,71.30919,75.02666,68.30813,72.42237,72.44998,74.0,70.5195,65.80274,67.89698,64.19502,65.11528,67.18631,68.44706,59.03389,65.37584,66.18912,74.43118,66.18912,67.26812,71.17584
12.16553,13.15295,12.16553,12.16553,12.16553,12.16553,11.04536,11.04536,11.04536,11.04536,11.04536,11.0,11.04536,11.04536,11.0,11.0,11.0,10.0,10.0,10.0,10.0,10.0,10.0,10.0,10.0,10.0,10.0,9.05539,9.05539,9.05539,9.05539,9.05539,8.06226,8.06226,8.06226,8.06226,8.24621,7.28011,7.28011,7.28011,6.32456,6.32456,6.32456,6.32456,5.38516,5.38516,5.38516,5.38516,5.0,5.0,5.0,5.0,71.19691,64.49806,67.41662,62.80127,66.4003,67.80118,68.8186,63.81222,58.24946,63.00794,55.80323,61.07373,60.30755,59.20304,55.97321,53.74012,56.40035,64.2028,60.44005,53.03772,56.58622,53.75872,50.93133,52.49762,52.49762,53.75872,48.9183,53.2635,49.20366,45.96738,54.45181,45.96738,45.60702,42.52058,43.41659,44.40721,42.44997,41.6173,42.2019,39.05125,35.38361,35.22783,37.16181,35.35534,32.31099,30.52868,30.01666,34.20526,31.01612,22.13594,26.57066,21.93171,20.88061,24.35159,24.18677,17.11724,22.80351,12.0,13.60147,10.04988,12.20656,8.06226,13.45362,9.43398,16.15549,16.12452,19.20937,22.80351,25.55386,30.01666,35.60899,33.83785,33.30165,40.31129,46.01087,43.86342,43.41659,48.41487,59.4138,57.14018,59.94164,59.68249,63.50591,64.07808,71.11962,66.21178,72.56032,65.79514,68.44706,65.55151,69.46222,69.64194,71.58911,66.40783,63.90618,66.09841,68.30813,66.12866,64.62198,66.85058,70.00714,65.55151,60.16644,63.07139,63.52952,60.83584,62.39391,61.77378,60.20797,64.66065,64.3506,72.71864,75.45197,66.52819
13.34166,13.34166,13.60147,13.34166,12.36932,12.36932,12.36932,12.36932,11.40175,11.7047,11.40175,11.7047,11.7047,11.7047,11.7047,11.7047,11.7047,10.77033,10.77033,11.18034,10.77033,10.77033,10.77033,10.77033,10.77033,10.77033,10.77033,10.77033,9.84886,9.48683,9.48683,9.48683,9.48683,9.48683,8.24621,8.24621,8.24621,8.06226,8.06226,7.07107,7.07107,7.07107,6.08276,6.08276,6.08276,6.0,6.0,5.0,5.0,5.0,4.12311,4.12311,71.84706,68.8186,66.85058,67.80118,70.17834,59.81639,67.41662,59.40539,62.00806,60.60528,58.41233,62.1289,56.0357,57.42822,58.00862,53.25411,55.56978,48.02083,55.22681,59.16925,56.35601,58.60034,50.56679,52.7731,49.73932,52.20153,51.47815,45.69464,48.02083,49.24429,47.70744,48.25971,45.80393,41.67733,43.27817,43.41659,43.60046,45.22168,39.20459,37.01351,38.8973,36.12478,33.94113,32.52691,31.241,27.58623,31.241,29.20616,27.29469,23.43075,25.6125,22.67157,26.92582,19.69772,20.0,19.92486,21.18962,9.21954,9.43398,9.21954,10.63015,7.81025,13.92839,9.48683,15.0,17.26268,18.11077,23.08679,24.5153,31.01612,32.24903,36.22154,38.83298,43.17407,42.95346,43.41659,48.8467,50.32892,54.58938,55.22681,61.40033,64.63745,63.51378,60.20797,63.70243,63.03174,67.26812,65.06919,68.68042,71.44928,64.3506,65.06919,70.03571,62.93648,67.88225,68.593,68.68042,65.11528,66.52819,70.03571,67.17887,59.46427,60.1415,60.20797,60.82763,61.52235,63.89053,62.42596,61.84658,69.02898,57.68882,63.24555,67.23095,69.46222
12.04159,11.04536,11.0,11.04536,11.0,10.04988,11.0,10.0,10.0,10.0,10.0,10.0,10.04988,10.04988,9.05539,10.04988,9.05539,9.05539,9.05539,9.05539,9.05539,9.05539,9.05539,9.05539,9.05539,9.05539,8.06226,8.06226,8.06226,8.06226,8.0,8.0,8.0,7.0,7.0,7.07107,6.08276,6.08276,6.08276,6.08276,5.09902,5.09902,5.09902,5.09902,5.38516,4.12311,4.47214,4.47214,4.47214,3.60555,3.60555,3.60555,74.09453,68.00735,70.45566,69.33974,74.33034,67.20119,66.85058,61.85467,66.70832,59.66574,65.36819,63.51378,58.82176,62.96825,57.14018,60.0,58.0517,57.28001,55.31727,62.482,60.959,56.72742,53.90733,54.03702,53.41348,56.40035,52.40229,52.80152,54.20332,55.17246,52.20153,48.41487,50.93133,40.45986,47.70744,40.22437,40.22437,50.77401,41.18252,40.8534,38.94868,37.80212,37.58989,33.54102,32.75668,31.7805,29.06888,33.10589,25.94224,23.08679,25.29822,23.08679,25.31798,22.56103,24.33105,23.02173,19.10497,11.18034,10.04988,9.21954,8.24621,4.47214,8.48528,8.544,17.80449,18.68154,13.89244,21.47091,25.63201,28.4605,31.7805,34.0,41.34005,47.70744,43.82921,44.40721,44.59821,52.63079,58.0517,58.69412,58.69412,63.25346,62.62587,64.07027,65.21503,64.14047,71.86793,70.49113,70.68239,68.15424,67.97794,73.3553,68.70953,73.00685,71.55418,71.11259,68.88396,70.68239,68.0,69.07966,74.24284,60.53924,66.40783,62.76942,61.29437,69.11584,65.76473,63.60031,67.42403,66.57327,70.80254,70.43437,62.80127,75.82216
13.0,13.0384,12.04159,13.0384,12.04159,12.04159,11.04536,11.04536,11.04536,11.18034,11.04536,11.18034,11.18034,10.19804,11.18034,10.19804,11.18034,10.19804,10.19804,10.19804,10.19804,10.19804,10.19804,10.19804,10.19804,10.19804,10.04988,9.21954,10.19804,9.05539,9.05539,9.05539,9.05539,8.06226,8.0,8.0,7.0,7.0,7.0,7.0,6.0,6.0,6.0,6.0,5.09902,5.09902,5.09902,5.09902,5.09902,4.12311,4.12311,4.47214,73.06162,74.09453,67.23095,68.0,71.86793,66.88797,72.47068,66.7308,68.09552,63.63175,61.05735,63.13478,63.06346,54.91812,58.5235,61.85467,60.74537,62.28965,59.03389,57.68882,59.03389,56.85068,55.44367,53.41348,53.82379,53.74012,58.83026,53.2635,47.43416,54.03702,53.90733,53.85165,46.04346,43.60046,49.92995,48.01042,45.22168,45.48626,45.48626,44.28318,41.10961,35.34119,35.4683,30.52868,29.41088,31.95309,32.31099,29.73214,25.96151,26.4764,24.69818,20.61553,21.2132,22.56103,22.02272,20.09975,20.39608,14.03567,12.36932,13.0384,8.06226,5.83095,13.45362,13.60147,12.04159,17.02939,18.78829,24.18677,27.45906,29.73214,30.0,36.05551,40.0,41.86884,40.22437,42.0119,55.9017,51.85557,57.2014,55.80323,55.97321,61.03278,65.29931,65.8635,70.66116,68.09552,69.77822,67.62396,67.97794,71.17584,74.24958,66.70832,69.64194,67.6757,69.46222,70.38466,70.38466,69.28925,76.53757,68.00735,67.53518,58.69412,66.64083,67.23095,65.74192,64.41273,61.77378,59.68249,66.85058,71.69379,65.0,70.43437,73.10951,77.10383
11.40175,11.40175,11.40175,11.40175,11.40175,10.0,10.0,10.63015,10.63015,10.63015,9.89949,9.89949,9.89949,9.89949,9.89949,9.89949,9.21954,9.21954,9.21954,9.21954,9.21954,9.21954,9.21954,9.21954,9.21954,9.21954,8.48528,8.48528,8.48528,8.48528,7.81025,7.81025,7.81025,7.81025,6.40312,7.2111,6.40312,6.40312,6.40312,5.83095,5.83095,5.83095,4.47214,4.47214,4.47214,4.47214,4.12311,4.12311,4.12311,4.12311,4.12311,3.0,78.16009,69.18092,77.16217,69.11584,67.06713,74.24284,62.20129,70.02857,61.29437,62.07254,58.00862,57.03508,58.21512,58.30952,60.00833,57.14018,63.28507,62.20129,63.28507,54.08327,61.0,56.32051,56.4358,49.25444,54.74486,55.9017,50.15974,51.78803,47.09565,53.15073,49.64877,50.63596,47.85394,51.78803,39.81206,46.17359,49.25444,46.09772,41.19466,44.28318,38.0,33.13608,34.1321,38.0526,38.11824,30.41381,30.26549,28.01785,31.40064,24.5153,24.35159,25.31798,20.09975,19.69772,22.36068,15.23155,20.24846,12.72792,13.45362,9.21954,11.0,9.48683,12.08305,10.19804,13.0384,18.02776,20.61553,21.2132,22.56103,31.62278,31.257,38.83298,37.33631,44.01136,39.01282,47.04253,53.03772,54.03702,59.13544,57.14018,56.4358,63.15061,57.87055,57.87055,66.48308,59.66574,69.37579,62.0967,72.12489,69.57011,66.40783,73.73602,69.26038,62.29767,68.30813,64.84597,68.68042,74.46476,63.56886,69.28925,66.48308,62.62587,61.61169,63.60031,55.54278,62.36986,58.24946,64.77654,64.19502,72.06247,56.7186,69.02898,68.02941,67.26812
12.72792,12.72792,12.04159,12.04159,11.31371,12.04159,10.63015,11.40175,10.63015,10.0,10.63015,11.40175,10.0,10.0,10.0,10.81665,10.81665,10.0,10.29563,9.43398,10.0,9.43398,10.0,9.43398,9.43398,9.43398,9.43398,8.60233,8.60233,8.60233,8.60233,8.60233,7.81025,7.81025,7.81025,7.07107,7.07107,7.07107,7.07107,7.07107,6.40312,6.40312,5.83095,5.83095,5.0,5.0,4.47214,5.38516,4.47214,4.47214,4.47214,4.12311,79.76215,72.0,76.23647,68.593,66.1211,68.46897,67.47592,69.18092,58.21512,62.20129,62.80127,62.20129,62.96825,56.7186,53.46027,61.18823,56.56854,54.91812,58.69412,56.04463,61.68468,52.88667,51.86521,56.04463,50.28916,49.33559,49.24429,49.47727,52.61179,52.95281,46.57252,53.36666,47.67599,46.87217,47.29693,42.29657,37.10795,44.91102,41.30375,43.73786,40.4475,37.01351,36.13862,38.0,32.14032,27.01851,29.27456,30.01666,28.07134,22.02272,20.61553,29.01724,24.18677,21.37756,27.51363,20.88061,19.20937,9.21954,12.08305,11.0,12.16553,8.06226,13.0384,8.94427,14.31782,17.49286,17.0,24.59675,25.6125,34.48188,34.0147,32.57299,37.69615,41.23106,41.97618,46.84015,45.27693,47.07441,57.07889,53.08484,57.07889,60.03332,61.03278,63.1981,69.18092,59.3043,68.18358,61.52235,66.91039,68.73136,71.38627,70.03571,71.25307,68.88396,69.42622,69.87131,68.24954,67.46851,65.9242,73.97973,67.46851,71.02112,61.20457,66.18912,64.38167,62.1289,63.00794,60.00833,64.03124,65.06919,57.14018,65.03076,69.06519,70.17834
12.52996,11.6619,12.52996,11.6619,11.6619,11.6619,11.18034,11.18034,10.29563,11.18034,11.18034,11.18034,9.84886,9.84886,9.84886,10.77033,9.84886,9.84886,9.48683,9.84886,9.48683,9.84886,9.84886,9.48683,9.84886,9.84886,8.94427,8.94427,8.544,8.94427,8.06226,8.06226,8.544,8.06226,7.2111,7.2111,7.2111,7.2111,6.40312,6.40312,6.40312,5.65685,5.65685,5.65685,5.65685,5.0,5.0,5.0,5.0,4.47214,4.47214,4.47214,72.56032,70.85901,70.03571,67.74216,76.15773,75.80237,66.91039,66.4906,63.60031,59.5399,67.08204,58.82176,64.32729,57.58472,60.72891,55.71355,58.82176,53.48832,61.35145,53.45091,60.92618,55.71355,52.7731,55.36244,54.42426,53.45091,55.15433,50.15974,49.64877,52.55473,49.0408,54.42426,42.57934,45.22168,46.23851,44.59821,43.68066,45.89118,34.71311,42.42641,34.52535,41.23106,31.32092,37.48333,28.44293,26.01922,32.24903,24.33105,26.01922,23.5372,28.07134,25.31798,23.0,27.01851,18.02776,23.5372,20.61553,9.84886,9.84886,9.43398,9.05539,9.0,8.544,14.31782,17.0,20.80865,18.02776,19.84943,24.20744,29.0,27.78489,38.83298,33.83785,43.41659,44.94441,42.72002,48.70318,52.88667,58.46366,57.48913,56.921,61.39218,63.15061,67.74216,71.02816,62.00806,71.44928,65.12296,69.02898,68.46897,73.00685,70.17834,69.06519,69.02898,73.00685,68.0,69.00725,69.06519,70.02857,69.02898,66.00758,62.03225,70.25667,62.00806,68.0,68.0,56.00893,58.24946,65.62012,66.61081,61.66036,72.00694,65.25335,68.88396
13.0,13.0,13.0,13.0,13.0,12.0,12.0,12.0,12.0,12.04159,12.04159,12.04159,12.16553,11.18034,11.04536,11.18034,11.18034,11.04536,11.18034,11.18034,11.18034,11.18034,11.04536,10.19804,11.18034,10.19804,10.04988,10.19804,10.04988,9.05539,9.05539,9.05539,9.0,9.05539,9.0,8.0,8.0,8.0,7.0,7.0,7.07107,7.0,6.0,6.08276,6.08276,5.09902,5.09902,5.09902,5.09902,5.09902,4.12311,4.12311,72.34639,64.40497,70.60453,69.63476,67.20119,64.2028,59.4138,69.6563,60.60528,66.8431,62.00806,63.89053,62.93648,57.28001,58.89822,56.72742,58.0517,56.63921,55.22681,55.17246,59.39697,53.90733,49.81967,53.15073,53.03772,54.45181,48.83646,51.08816,52.34501,53.74012,48.10405,53.90733,41.7732,46.69047,44.55334,49.49747,44.82187,44.55334,44.04543,40.80441,37.44329,39.40812,34.48188,39.05125,32.44996,27.73085,32.64966,27.78489,25.4951,30.52868,25.23886,24.18677,26.40076,19.64688,23.76973,26.1725,23.08679,12.16553,10.77033,10.0,10.81665,9.21954,12.04159,13.89244,16.12452,15.52417,20.02498,21.18962,31.01612,33.24154,29.06888,36.24914,35.80503,46.04346,44.65423,47.43416,50.21952,55.31727,53.15073,55.15433,60.10824,61.07373,65.43699,61.61169,63.03174,61.29437,66.28725,66.7308,73.06162,70.45566,71.69379,70.17834,71.11962,61.29437,72.56032,67.97794,70.71068,70.23532,69.31811,69.31811,67.23095,68.96376,64.07808,64.07027,59.64059,61.85467,60.44005,64.3506,65.21503,68.0147,60.44005,64.63745,68.593,67.94115
13.89244,12.52996,13.41641,11.6619,12.52996,11.6619,12.52996,11.18034,11.18034,11.18034,11.18034,11.18034,11.18034,10.77033,9.84886,11.7047,10.44031,11.7047,10.44031,10.44031,10.77033,10.44031,10.77033,10.44031,10.44031,9.84886,9.48683,10.44031,9.48683,9.84886,8.544,9.48683,8.94427,8.544,8.06226,8.94427,8.06226,7.2111,6.7082,6.7082,6.7082,5.83095,6.7082,5.83095,5.83095,5.0,5.0,5.0,5.0,4.24264,4.24264,3.60555,68.30813,68.35203,67.35726,70.83784,68.94926,68.62215,67.23095,64.84597,65.74192,62.62587,55.54278,58.69412,62.16912,51.89412,57.58472,59.9333,55.9017,56.79789,53.7122,54.12947,60.90156,58.87274,49.24429,55.80323,48.25971,51.62364,51.10773,55.4617,50.47772,51.47815,49.24429,54.20332,48.76474,44.40721,42.15448,42.54409,44.10215,42.05948,39.92493,38.94868,37.58989,37.64306,35.1141,32.28002,31.62278,36.13862,30.36445,32.69557,31.14482,25.96151,27.65863,26.68333,24.5153,24.18677,18.0,28.01785,19.64688,15.29706,10.44031,7.61577,4.47214,8.24621,7.2111,9.89949,17.0,17.02939,21.26029,24.69818,23.34524,32.64966,34.05877,33.83785,40.60788,40.0,47.43416,45.61798,42.54409,50.11986,59.09315,55.36244,57.56735,61.61169,60.87693,61.66036,65.9242,63.34824,70.5762,70.21396,71.84706,71.84706,66.75328,67.47592,70.61161,69.26038,69.06519,67.00746,65.19202,64.62971,66.27217,66.75328,61.98387,64.38167,65.96969,62.93648,64.53681,58.94065,63.78871,58.46366,66.48308,65.0,66.09841,65.80274,63.07139,70.21396
13.0,13.0,13.0,13.0,12.0,12.0,12.0,12.0,12.0,11.04536,12.04159,12.04159,12.04159,11.04536,11.04536,11.18034,11.18034,11.18034,11.18034,11.18034,10.04988,11.18034,10.04988,10.19804,10.19804,10.19804,10.19804,10.04988,10.04988,9.05539,9.05539,9.05539,9.0,8.0,9.0,8.0,8.0,7.0,7.0,7.0,7.07107,7.07107,6.08276,6.08276,6.08276,6.08276,6.08276,5.38516,5.38516,5.38516,5.38516,4.47214,67.35726,64.38167,77.15569,64.03124,64.3506,65.06919,67.94115,67.20863,60.959,60.20797,59.81639,57.42822,60.30755,63.60031,59.66574,53.53504,56.61272,55.60576,55.44367,54.3783,55.47071,50.0,55.21775,50.9902,50.47772,54.40588,54.08327,48.83646,51.61395,50.77401,48.82622,46.87217,46.40043,46.61545,44.82187,46.75468,43.86342,43.84062,41.23106,35.80503,35.4683,33.94113,35.0,35.4683,31.82766,34.65545,25.45584,25.23886,26.1725,30.4795,21.63331,21.47091,26.92582,25.05993,20.12461,21.0238,22.56103,13.0,9.89949,8.60233,7.28011,7.81025,10.77033,10.29563,15.81139,13.34166,25.63201,19.31321,26.0,29.27456,27.51363,34.88553,31.01612,38.91015,42.94182,43.82921,48.54894,55.31727,52.20153,56.0803,61.6198,58.79626,62.482,60.1415,65.76473,65.94695,65.43699,63.12686,66.6033,69.40461,71.84706,70.29225,68.00735,66.70832,68.60029,64.89992,72.20111,69.6563,65.0,65.43699,70.60453,60.80296,58.00862,61.07373,62.28965,62.96825,64.66065,62.96825,62.24147,65.11528,63.12686,70.0928,75.74299,66.52819
13.41641,12.52996,12.52996,12.08305,12.08305,11.18034,11.18034,11.6619,11.18034,10.29563,11.18034,10.81665,10.81665,10.81665,10.81665,10.81665,10.81665,10.81665,10.0,10.0,10.0,10.0,10.0,9.43398,9.43398,10.0,9.43398,9.43398,9.43398,9.43398,8.06226,8.94427,8.06226,8.06226,7.61577,7.61577,7.61577,7.61577,7.28011,6.32456,6.32456,6.32456,6.32456,6.08276,6.08276,5.09902,5.09902,5.09902,5.0,5.0,5.0,5.0,70.66116,72.94518,71.55418,68.54196,71.11962,71.11962,65.29931,64.00781,60.82763,59.09315,57.27128,62.24147,58.5235,55.65968,60.72891,59.48109,56.64804,56.32051,53.14132,56.61272,59.20304,50.59644,54.78138,49.39636,48.46648,50.69517,50.44799,52.55473,49.0408,53.45091,47.43416,51.92302,46.8188,47.12749,46.09772,44.28318,43.08132,44.01136,41.78516,37.69615,43.38202,34.43835,29.15476,33.12099,30.80584,28.84441,29.68164,27.01851,31.38471,23.43075,25.6125,25.0,26.40076,24.83948,20.61553,21.2132,22.2036,12.80625,11.31371,9.21954,13.0384,10.81665,10.81665,14.86607,15.52417,16.0,19.41649,22.02272,25.01999,30.26549,33.24154,30.41381,36.87818,39.81206,41.0,45.88028,47.80167,47.75982,54.78138,59.61543,58.60034,64.14047,65.29931,63.51378,68.09552,59.20304,68.96376,66.03787,70.45566,61.40033,68.11755,66.06815,68.76772,66.0303,67.20119,70.76722,64.81512,65.29931,65.29931,67.62396,66.8431,65.80274,69.33974,64.40497,61.91123,60.74537,59.40539,55.22681,58.18075,63.95311,65.74192,63.06346,70.66116,71.55418
11.7047,11.7047,11.7047,10.77033,11.7047,10.77033,10.77033,10.77033,10.44031,10.44031,10.44031,10.44031,9.48683,9.48683,9.21954,10.19804,9.21954,9.21954,9.21954,9.21954,9.21954,9.21954,9.48683,9.21954,9.21954,8.24621,8.24621,8.24621,8.24621,8.544,7.28011,8.544,7.61577,7.61577,6.7082,7.61577,6.7082,6.7082,6.7082,5.83095,5.83095,5.0,6.40312,5.0,5.0,5.0,4.24264,4.24264,4.24264,4.24264,4.47214,4.47214,67.00746,67.23095,69.52697,70.17834,69.40461,67.41662,63.60031,71.06335,59.40539,61.05735,61.07373,54.08327,58.25805,58.60034,59.20304,59.5483,57.28001,55.9017,54.45181,52.3259,58.72819,49.67897,53.75872,52.3259,55.22681,50.24938,55.0,56.72742,48.10405,53.03772,44.59821,54.67175,42.52058,46.75468,43.86342,46.2277,41.23106,38.41875,36.05551,41.34005,34.4093,35.34119,34.20526,35.22783,31.30495,29.68164,31.7805,28.16026,29.06888,27.313,24.16609,21.93171,23.34524,21.58703,20.61553,20.0,21.0238,10.19804,8.544,9.0,7.61577,5.38516,5.65685,9.21954,12.08305,18.02776,20.12461,22.13594,24.69818,26.40076,29.73214,33.12099,34.17601,43.04649,46.2277,43.60046,46.61545,51.62364,58.0,54.67175,56.58622,58.79626,63.00794,59.90826,66.57327,61.58734,69.64194,60.20797,70.71068,64.88451,65.74192,65.39113,62.39391,64.84597,68.96376,67.1193,66.21178,69.35416,63.50591,67.1193,63.15853,64.49806,61.68468,61.40033,61.77378,60.74537,61.29437,61.29437,62.43397,68.50547,61.22091,68.88396,68.11755,66.70832
13.92839,13.0,13.0,13.0,13.0,12.64911,12.08305,12.08305,12.08305,11.18034,12.08305,11.18034,11.18034,11.18034,11.18034,11.6619,11.6619,11.18034,11.6619,11.6619,11.18034,11.18034,10.29563,10.81665,11.18034,10.29563,10.29563,10.29563,10.29563,9.84886,9.84886,8.94427,9.84886,8.544,8.544,8.544,8.544,7.61577,7.61577,7.28011,7.28011,7.28011,7.28011,6.32456,6.08276,6.08276,6.08276,6.0,5.09902,5.0,5.0,5.0,70.21396,72.20111,74.09453,65.60488,65.60488,73.24616,64.40497,69.81404,68.24222,58.24946,65.73431,57.98276,68.24222,56.30275,54.91812,57.80138,65.8635,48.75449,58.66856,51.31277,54.6443,49.92995,59.61543,50.11986,55.47071,57.70615,52.7731,50.77401,50.53712,47.50789,48.25971,49.39636,40.70626,46.32494,38.91015,45.48626,47.16991,43.27817,41.88078,39.05125,37.53665,40.0,35.4683,37.53665,31.241,26.24881,33.94113,31.14482,26.40076,26.24881,21.63331,27.58623,25.80698,20.80865,26.24881,22.13594,18.38478,10.77033,13.89244,7.2111,10.63015,9.05539,11.31371,10.19804,11.18034,17.11724,18.11077,25.07987,24.02082,33.37664,33.06055,39.11521,37.10795,45.35416,41.76123,50.69517,47.92703,49.98,56.82429,55.03635,62.26556,56.4358,62.1289,62.64982,68.76772,63.12686,68.24222,61.07373,71.40028,66.8431,70.83784,72.18033,65.11528,65.8559,67.94115,70.43437,70.17834,70.00714,64.81512,70.00714,72.91776,67.17887,62.20129,65.79514,63.89053,65.19202,65.19202,66.0303,66.70832,64.03124,67.60178,68.96376,74.94665,72.20111
13.45362,13.45362,13.45362,13.45362,13.45362,12.04159,12.80625,12.20656,12.80625,12.20656,11.40175,12.20656,12.20656,12.20656,10.81665,11.6619,10.81665,11.6619,11.18034,10.81665,10.81665,11.6619,10.81665,10.81665,10.81665,10.81665,10.29563,10.81665,9.43398,9.43398,9.43398,9.43398,9.43398,8.60233,8.60233,8.60233,7.81025,7.81025,7.81025,7.81025,7.07107,7.07107,7.07107,6.40312,6.40312,5.65685,5.65685,5.65685,5.0,5.0,4.47214,4.47214,71.25307,75.16648,75.10659,70.17834,70.45566,71.06335,68.88396,65.19202,71.06335,56.22277,62.00806,63.63961,60.82763,59.90826,57.21888,59.5399,59.90826,57.97413,58.24946,57.72348,53.75872,53.75872,57.72348,56.921,57.87055,57.00877,52.20153,54.70832,52.63079,49.47727,48.50773,50.44799,47.85394,51.66237,45.12206,47.85394,42.29657,48.08326,41.59327,37.10795,37.48333,35.12834,40.04997,36.05551,35.01428,35.0,37.21559,30.06659,28.0,26.4764,26.0,24.08319,26.30589,19.64688,26.68333,18.11077,21.54066,11.6619,13.60147,9.05539,7.28011,11.40175,11.40175,14.14214,13.0,16.15549,20.80865,26.07681,28.30194,34.1321,37.69615,34.9285,38.8973,41.76123,43.01163,53.85165,54.57105,54.57105,59.5399,61.29437,62.16912,69.35416,62.03225,67.0,69.02898,71.06335,66.00758,67.74216,70.45566,72.06247,70.17834,70.71068,69.18092,68.44706,73.24616,67.74216,72.1734,68.593,70.71068,71.06335,74.02702,61.66036,67.18631,63.12686,69.46222,67.02984,63.07139,64.00781,61.29437,65.19202,67.06713,75.10659,73.5527,73.5527
14.03567,12.04159,13.0384,13.0,12.04159,12.04159,12.04159,12.04159,11.18034,11.04536,11.04536,11.04536,11.04536,11.04536,10.19804,11.18034,10.19804,11.18034,10.19804,10.19804,10.19804,10.19804,10.19804,10.19804,10.04988,10.19804,10.19804,10.19804,9.05539,9.21954,8.06226,9.05539,9.05539,8.06226,8.06226,8.0,8.0,7.0,7.07107,7.07107,7.0,7.07107,7.07107,6.08276,6.08276,6.08276,6.32456,5.09902,5.38516,5.38516,5.38516,4.47214,69.89278,71.69379,69.35416,65.0,63.56099,64.4748,65.30697,66.7308,63.97656,58.60034,64.84597,62.62587,63.69458,56.64804,57.38467,53.75872,54.08327,54.08327,50.92151,62.29767,58.24088,54.12024,52.20153,52.20153,50.15974,52.20153,48.08326,51.26402,51.26402,50.44799,52.55473,48.38388,43.68066,50.11986,42.37924,43.38202,38.91015,40.70626,39.44617,41.18252,41.18252,41.59327,36.05551,27.78489,33.6006,30.88689,32.80244,28.6007,31.14482,25.0,27.01851,22.2036,23.02173,19.10497,23.60085,21.93171,19.84943,11.40175,9.43398,10.44031,7.81025,11.04536,8.48528,10.04988,16.12452,17.0,18.11077,21.0,26.1725,22.80351,35.0571,34.0,38.01316,41.19466,45.39824,49.0306,47.16991,54.57105,55.31727,57.72348,56.64804,63.15853,66.85058,58.69412,64.40497,64.88451,64.84597,65.36819,71.86793,71.28113,63.51378,69.33974,64.63745,66.28725,69.11584,67.62396,67.41662,68.60029,61.58734,67.1193,66.57327,68.50547,71.34424,63.28507,60.03332,62.96825,66.88797,60.90156,60.82763,67.08204,62.39391,71.86793,63.15853,68.70953
12.08305,12.52996,11.6619,12.08305,11.18034,11.18034,11.6619,11.18034,10.81665,10.29563,10.81665,10.81665,10.81665,10.0,10.0,11.40175,10.63015,10.0,10.0,10.0,10.0,10.0,10.0,10.0,10.0,9.21954,9.21954,8.60233,8.60233,8.60233,8.60233,8.60233,8.06226,7.2111,7.2111,8.06226,7.2111,6.7082,6.7082,5.83095,6.7082,5.83095,5.83095,5.38516,5.38516,4.47214,5.09902,4.12311,4.12311,4.12311,4.12311,3.0,78.44743,74.94665,75.58439,72.8011,70.93659,67.72001,68.00735,69.26038,60.74537,69.64194,67.72001,59.20304,59.90826,56.29387,55.36244,60.63827,59.90826,54.34151,53.16014,58.46366,56.4358,55.57877,52.46904,51.97115,51.97115,51.97115,50.63596,52.46904,55.10898,54.74486,44.91102,52.95281,46.09772,44.72136,45.12206,49.39636,41.76123,42.2019,41.76123,39.92493,36.76955,42.72002,39.0,32.69557,30.88689,29.68164,32.24903,25.4951,28.84441,24.69818,26.92582,26.40076,25.4951,22.47221,22.67157,20.80865,20.80865,10.44031,7.81025,12.08305,10.29563,10.19804,7.28011,11.40175,14.31782,16.15549,18.43909,26.92582,28.4605,31.62278,34.23449,37.12142,41.97618,40.31129,43.10452,47.01064,48.04165,52.34501,52.00961,58.42089,59.20304,61.98387,61.61169,60.16644,70.60453,64.19502,69.64194,69.857,66.21178,66.30988,69.07966,68.42514,69.31811,67.62396,64.88451,64.88451,69.31811,67.1193,67.54258,71.11962,70.3278,63.32456,59.9333,64.40497,62.62587,62.03225,64.51356,63.90618,66.7308,68.62215,63.89053,73.37575,69.63476,75.96052
12.04159,12.04159,12.04159,12.04159,12.04159,10.63015,10.63015,11.31371,10.63015,9.89949,9.89949,10.63015,10.63015,9.89949,9.89949,10.63015,9.21954,9.21954,9.21954,9.21954,9.21954,9.21954,9.21954,9.21954,9.21954,9.21954,9.21954,8.48528,8.48528,8.48528,7.81025,7.81025,8.48528,7.07107,7.81025,6.40312,7.2111,7.2111,6.40312,6.40312,5.83095,5.83095,5.83095,4.47214,4.47214,4.47214,4.47214,4.47214,4.12311,4.12311,4.12311,3.0,74.72617,74.33034,70.88018,73.38937,73.76313,66.94027,67.26812,70.60453,65.25335,62.93648,64.19502,59.20304,60.41523,62.64184,62.58594,66.28725,65.11528,57.70615,59.84146,55.10898,54.91812,54.74486,57.07889,55.7315,48.08326,56.29387,53.60037,58.30952,58.24946,51.08816,52.17279,50.9902,51.62364,51.1957,47.53946,44.64303,43.93177,45.22168,42.95346,39.56008,40.80441,36.05551,38.48376,42.95346,37.57659,32.31099,32.20248,34.9285,24.69818,24.04163,28.6531,24.75884,28.28427,24.83948,25.55386,22.2036,19.10497,8.94427,8.48528,8.06226,9.48683,10.04988,7.28011,12.64911,17.46425,16.76305,24.73863,21.18962,26.0,27.89265,33.54102,34.17601,39.45884,44.18144,44.18144,48.37355,49.0408,52.00961,62.20129,59.5399,58.13777,62.64982,62.514,61.61169,66.70832,65.51336,68.62215,65.45991,68.02941,68.70953,73.34848,72.49828,65.0,65.0,63.89053,64.88451,68.54196,71.55418,71.30919,65.30697,68.15424,64.62198,64.84597,59.61543,61.84658,67.05222,62.29767,66.48308,70.88018,64.28841,62.16912,73.82412,69.857,71.06335
11.40175,12.16553,12.36932,12.36932,11.40175,11.18034,11.18034,11.04536,10.19804,10.04988,10.19804,10.04988,10.19804,10.19804,9.05539,10.04988,10.04988,10.04988,9.05539,10.0,9.05539,9.05539,9.05539,9.05539,9.05539,9.05539,9.05539,9.05539,8.06226,8.06226,8.06226,8.06226,8.06226,7.07107,7.28011,7.28011,7.28011,6.32456,6.32456,5.38516,5.38516,5.38516,5.38516,4.47214,4.47214,4.47214,4.47214,3.60555,3.60555,4.24264,3.60555,2.82843,76.55717,70.93659,74.62573,68.15424,72.49828,66.64083,66.64833,70.38466,61.7171,65.73431,61.29437,65.29931,62.26556,62.24147,57.14018,61.40033,61.7171,55.9464,62.17717,56.0803,51.86521,53.25411,53.00943,52.47857,56.0803,51.88449,54.08327,55.47071,55.56978,52.20153,49.73932,52.7731,55.22681,51.47815,46.95743,44.59821,44.72136,42.15448,43.82921,40.31129,38.27532,36.40055,35.73514,31.62278,36.40055,31.38471,34.23449,31.32092,26.92582,25.4951,25.17936,28.86174,25.17936,24.18677,21.0238,25.01999,17.02939,10.44031,11.04536,10.44031,7.2111,7.2111,9.84886,9.21954,13.92839,11.40175,25.6125,25.23886,28.30194,29.68164,34.0,37.80212,38.41875,45.22168,45.22168,42.52058,48.79549,52.49762,60.44005,56.0357,61.58734,61.91123,61.91123,67.23095,66.30988,66.30988,68.02941,67.08204,67.77905,70.77429,68.35203,73.1642,70.00714,68.96376,72.23573,72.42237,72.42237,72.12489,73.38937,69.28925,70.5762,65.78754,63.06346,66.48308,63.56099,69.31811,67.6757,66.64083,63.63175,64.14047,60.53924,67.95587,65.45991,79.61156
12.72792,12.72792,11.31371,12.04159,11.31371,11.31371,11.31371,11.31371,11.31371,10.63015,11.31371,10.63015,10.63015,10.63015,10.63015,10.63015,10.63015,10.63015,10.0,10.0,9.21954,10.0,9.21954,10.0,9.21954,9.89949,9.21954,9.21954,9.21954,8.48528,8.48528,8.48528,8.48528,7.81025,7.81025,7.81025,7.2111,7.2111,7.2111,7.2111,6.7082,5.83095,5.83095,5.83095,5.38516,5.38516,5.38516,5.38516,5.09902,5.09902,5.09902,5.0,70.00714,69.58448,74.24284,74.10803,74.24284,73.24616,65.19202,68.18358,60.03332,65.03076,64.00781,63.15061,62.03225,59.00847,62.00806,59.07622,61.07373,56.0357,56.00893,58.03447,63.00794,60.07495,49.16299,54.03702,50.03998,54.03702,51.0392,48.16638,51.0098,54.00926,47.09565,51.08816,47.01064,45.04442,45.0,41.04875,41.01219,47.01064,39.05125,39.20459,33.95585,41.7732,35.1141,35.69314,32.01562,28.63564,32.31099,35.90265,31.95309,26.57066,18.78829,26.0,18.43909,22.82542,24.83948,23.60085,16.64332,9.21954,6.7082,12.08305,5.83095,12.04159,11.0,10.44031,14.56022,17.69181,23.32381,23.60085,26.92582,30.8707,31.38471,28.30194,37.94733,43.32436,43.08132,49.64877,49.72927,48.08326,57.27128,57.70615,60.07495,63.00794,64.0,62.03225,71.06335,65.27634,69.35416,66.75328,65.9242,61.39218,65.19202,72.56721,69.72087,73.1642,72.03471,67.89698,72.18033,70.5195,72.44308,71.38627,65.0,63.78871,71.44928,61.81424,62.64982,68.06614,62.96825,60.67125,70.11419,68.02941,70.11419,62.1289,78.23043,74.8131
12.04159,12.04159,11.40175,11.40175,11.40175,10.63015,10.63015,10.63015,10.0,10.0,10.0,10.0,10.0,9.43398,9.43398,10.29563,9.43398,10.29563,9.43398,9.43398,9.43398,9.43398,9.43398,9.43398,9.43398,9.43398,8.60233,8.60233,8.06226,8.60233,7.81025,8.60233,7.81025,7.81025,7.81025,7.81025,7.07107,7.07107,6.40312,5.65685,6.40312,5.65685,5.65685,5.0,5.0,5.0,5.0,4.47214,4.47214,4.47214,4.47214,4.12311,71.84706,71.84706,77.62087,74.43118,74.73286,69.72087,66.94027,63.63961,63.63961,58.24946,60.82763,63.56099,62.8172,55.08176,59.77458,58.18935,57.87055,48.8467,49.0408,57.72348,57.58472,56.921,56.85948,53.75872,54.08327,51.24451,55.97321,53.23533,52.39275,50.32892,50.56679,50.59644,47.16991,45.70558,46.32494,41.76123,46.09772,41.0,39.20459,41.23106,42.95346,41.97618,36.67424,32.38827,30.26549,32.24903,29.42788,33.01515,25.96151,29.06888,25.01999,26.0,24.33105,23.02173,19.64688,21.0238,18.97367,16.27882,9.48683,10.29563,10.19804,6.7082,10.29563,10.0,17.20465,20.0,21.09502,22.02272,25.94224,30.4795,36.35932,35.34119,43.9659,44.77723,40.49691,39.56008,49.0408,56.7186,53.85165,61.18823,60.41523,54.58938,63.28507,64.38167,67.0,65.00769,64.00781,66.0,63.07139,68.11755,67.1193,72.83543,73.43705,74.16873,63.28507,66.1211,68.00735,74.24284,75.05998,72.1734,67.36468,65.19202,64.0,67.00746,64.07027,63.12686,62.07254,60.67125,69.87131,66.75328,67.36468,72.56721,64.53681,61.81424
12.0,11.0,11.0,11.0,11.0,11.0,10.0,10.0,10.0,10.0,10.0,10.04988,10.04988,10.0,9.05539,10.04988,9.21954,9.05539,9.21954,9.05539,9.05539,9.21954,9.05539,9.21954,9.05539,8.06226,8.06226,8.06226,8.06226,8.06226,8.06226,8.06226,7.07107,7.0,7.0,7.0,7.0,6.0,6.08276,6.08276,6.08276,5.09902,5.09902,5.09902,5.09902,4.12311,4.12311,4.12311,4.47214,4.47214,3.60555,3.60555,72.11103,69.02898,72.11103,65.73431,71.28113,65.79514,62.20129,65.29931,57.2014,65.21503,63.00794,57.80138,59.07622,58.00862,56.61272,56.0357,52.83938,55.47071,54.20332,53.7122,62.64982,53.33854,55.03635,51.47815,49.24429,54.56189,51.97115,50.08992,43.41659,54.12947,45.61798,48.54894,47.43416,46.09772,46.61545,48.8774,42.19005,44.41846,45.27693,36.89173,38.60052,39.82462,34.66987,30.0,31.89044,31.82766,29.83287,28.42534,27.58623,24.04163,27.20294,26.07681,21.26029,24.75884,25.23886,24.18677,21.40093,9.21954,9.84886,11.18034,5.38516,7.81025,12.64911,11.18034,10.81665,19.10497,17.08801,19.41649,25.31798,30.59412,32.57299,33.24154,38.32754,40.49691,41.78516,46.09772,44.28318,51.0,53.66563,52.80152,56.85948,58.82176,60.44005,63.63961,62.62587,65.94695,69.42622,65.05382,70.03571,63.63961,68.62215,67.89698,63.70243,66.52819,66.06815,62.28965,63.78087,62.36986,70.0928,66.52819,63.12686,62.482,66.6033,65.79514,62.28965,57.62812,58.89822,60.30755,60.44005,62.00806,64.66065,67.35726,71.28113,70.49113
13.34166,12.36932,12.36932,12.16553,12.36932,11.40175,11.40175,11.40175,11.40175,11.40175,11.40175,11.7047,10.44031,10.44031,10.44031,10.77033,10.77033,10.77033,9.84886,9.84886,9.48683,10.77033,10.77033,9.84886,9.48683,9.84886,9.48683,9.48683,9.48683,9.48683,8.24621,8.544,8.24621,8.24621,8.24621,8.24621,8.24621,7.07107,7.07107,7.07107,7.07107,7.0,6.0,6.0,6.0,6.0,6.0,5.09902,5.09902,5.09902,5.09902,4.12311,77.41447,64.41273,69.83552,68.8767,68.942,64.49806,69.35416,64.84597,66.18912,66.70832,64.07808,60.92618,57.38467,55.15433,52.80152,59.80803,52.55473,57.77543,54.78138,54.78138,61.61169,55.02727,50.96077,51.92302,49.0408,48.76474,54.70832,49.64877,49.24429,49.72927,49.33559,48.10405,47.75982,41.10961,44.27189,48.75449,43.08132,37.73592,41.10961,38.01316,42.04759,37.73592,31.38471,32.20248,29.06888,31.14482,26.41969,27.80288,28.3196,30.61046,23.60085,20.51828,20.61553,22.67157,19.84943,20.61553,19.41649,12.20656,12.20656,10.0,8.60233,9.21954,13.0,15.0333,13.0384,14.31782,18.0,22.09072,27.07397,32.06244,31.01612,35.01428,36.22154,37.21559,43.41659,47.67599,52.39275,56.0803,55.97321,54.23099,60.92618,61.32699,61.7414,62.17717,65.29931,66.24198,68.50547,61.05735,68.7968,67.60178,67.42403,70.72482,65.45991,65.45991,64.66065,66.4003,64.40497,67.42403,67.95587,65.60488,66.57327,64.89992,65.74192,61.05735,65.74192,59.16925,60.20797,61.40033,69.77822,61.77378,67.54258,68.09552,67.1193,73.00685
12.52996,11.6619,12.52996,11.6619,11.6619,10.81665,11.18034,11.18034,11.18034,9.84886,10.29563,10.77033,10.77033,9.84886,9.84886,10.77033,9.48683,9.84886,9.48683,9.48683,9.84886,9.48683,9.84886,9.48683,9.48683,8.544,8.94427,8.94427,8.544,8.94427,7.61577,8.06226,8.06226,8.06226,7.2111,7.2111,7.2111,7.2111,7.2111,6.40312,6.40312,5.65685,6.40312,5.65685,5.65685,5.0,5.0,5.0,5.0,4.47214,4.47214,4.47214,75.0,72.53275,62.29767,64.56005,77.49194,60.01666,65.0,61.98387,57.56735,63.06346,59.46427,61.03278,61.09828,53.31041,55.71355,61.03278,55.71355,51.26402,50.32892,58.30952,54.12947,55.9017,50.77401,45.65085,48.76474,53.31041,50.9902,48.33218,47.01064,52.92447,49.98,49.47727,45.61798,45.31004,48.76474,41.23106,43.32436,40.5216,45.60702,42.05948,40.02499,36.67424,37.65634,35.69314,34.20526,34.23449,32.01562,26.1725,27.07397,28.01785,24.08319,25.07987,25.07987,24.08319,16.12452,21.58703,20.61553,9.0,11.04536,6.32456,12.16553,7.0,13.89244,13.92839,12.80625,15.55635,19.10497,19.10497,24.08319,30.41381,31.82766,33.97058,36.23534,40.0,44.10215,43.26662,46.87217,51.47815,59.05929,52.80152,55.9017,62.96825,58.18935,64.03124,66.76077,67.44627,62.58594,64.13267,66.09841,63.56099,63.34824,66.61081,69.87131,70.03571,62.64982,67.60178,66.61081,63.3877,68.35934,66.48308,74.1485,61.18823,62.29767,60.67125,63.95311,68.44706,63.06346,58.69412,65.73431,67.05222,65.96969,66.85058,67.35726,74.84651
13.34166,13.34166,12.36932,12.36932,12.36932,12.36932,11.40175,11.40175,11.40175,11.7047,11.40175,11.7047,11.7047,10.77033,10.77033,11.18034,10.77033,10.77033,11.18034,10.77033,10.77033,10.29563,9.84886,10.29563,10.77033,9.84886,9.84886,9.84886,9.84886,9.84886,8.544,9.84886,8.544,8.544,8.544,8.24621,8.24621,8.24621,7.28011,7.28011,7.07107,6.32456,7.07107,6.08276,6.08276,6.08276,6.08276,5.09902,5.0,5.0,5.0,4.0,72.23573,71.58911,73.34848,69.97142,71.17584,68.47627,65.30697,69.35416,60.16644,60.41523,61.7414,59.09315,58.59181,53.45091,61.32699,57.93962,59.77458,59.48109,55.36244,54.23099,57.58472,47.16991,52.88667,52.20153,47.53946,52.39275,49.98,50.01,51.92302,45.12206,51.26402,49.0408,42.72002,48.08326,45.17743,45.60702,41.62932,42.54409,39.0,39.81206,38.27532,35.1141,41.78516,34.43835,35.77709,32.75668,30.01666,25.4951,31.241,25.6125,28.84441,21.93171,24.41311,21.26029,21.93171,19.20937,22.02272,8.60233,15.55635,16.15549,13.0,9.21954,15.0,24.73863,17.11724,21.0238,15.29706,25.4951,23.34524,28.16026,34.78505,35.12834,34.17601,36.68787,49.47727,42.42641,51.41984,51.5461,57.14018,59.03389,67.1193,65.19202,59.5063,65.19202,69.63476,67.00746,66.03787,69.35416,70.00714,67.88225,69.33974,64.03124,74.96666,65.8559,65.19202,72.24957,74.8131,73.40981,65.8559,72.34639,71.02816,69.6563,62.24147,63.78087,64.63745,63.00794,64.88451,66.64833,68.42514,73.43024,60.53924,69.77822,75.591,68.54196
11.40175,11.40175,11.40175,11.40175,10.44031,10.44031,10.19804,10.19804,10.19804,10.19804,9.21954,10.04988,10.19804,9.05539,9.05539,10.04988,9.05539,9.05539,9.05539,9.05539,9.05539,9.05539,9.05539,9.05539,9.05539,9.05539,8.06226,8.06226,8.06226,8.06226,7.07107,7.07107,7.07107,7.07107,7.28011,7.28011,6.32456,6.32456,6.32456,5.38516,5.38516,5.38516,5.38516,4.47214,4.47214,4.47214,4.47214,3.60555,3.60555,3.60555,2.82843,2.82843,73.00685,71.56815,65.45991,68.41053,75.18643,68.15424,65.9242,63.15061,64.7611,57.48913,53.75872,58.69412,57.93962,61.03278,55.54278,54.42426,62.62587,55.54278,55.71355,49.76947,54.12947,57.38467,50.47772,51.62364,51.86521,49.76947,49.0408,52.47857,54.23099,49.24429,48.33218,49.33559,49.39636,47.75982,44.64303,42.05948,42.05948,41.7732,44.27189,39.84972,43.17407,31.7805,35.51056,35.17101,32.14032,36.40055,27.16616,30.41381,29.0,28.0,25.17936,25.0,28.01785,24.5153,20.09975,20.02498,17.88854,10.19804,7.61577,8.0,10.81665,9.21954,9.48683,11.6619,13.45362,17.02939,20.24846,21.2132,24.08319,28.42534,34.05877,32.80244,36.12478,41.04875,47.50789,44.10215,46.64762,47.53946,58.30952,53.85165,54.42426,59.20304,57.97413,63.95311,59.68249,66.94027,64.56005,66.75328,63.95311,64.38167,69.46222,67.26812,70.45566,67.18631,63.78871,68.46897,65.19202,65.49046,65.76473,61.66036,67.74216,58.30952,58.42089,60.40695,61.39218,62.64982,58.69412,58.69412,65.14599,62.0967,63.56099,74.09453,65.96969,64.03124
11.40175,11.7047,11.40175,11.7047,11.40175,10.44031,10.44031,10.19804,10.44031,10.19804,10.19804,10.19804,10.19804,10.19804,10.19804,10.04988,10.04988,9.05539,9.05539,9.05539,9.05539,9.05539,9.05539,9.05539,9.05539,9.05539,9.05539,8.06226,8.06226,8.06226,8.24621,8.24621,7.07107,7.28011,7.28011,7.28011,7.28011,6.32456,6.32456,5.38516,5.38516,5.38516,5.38516,5.38516,4.47214,4.47214,4.47214,3.60555,3.60555,3.60555,3.60555,2.82843,79.07591,69.12308,80.95678,69.64194,73.38937,69.63476,69.64194,71.16881,64.84597,61.40033,63.60031,59.48109,63.89053,60.16644,56.64804,59.80803,64.62198,57.24509,56.30275,56.36488,60.41523,54.626,56.46238,57.24509,54.78138,56.46238,53.23533,51.07837,53.31041,52.35456,49.76947,50.15974,47.75982,54.42426,41.14608,50.59644,45.88028,44.01136,44.14748,41.76123,40.26164,39.31921,40.26164,34.9285,36.87818,30.14963,31.14482,31.01612,31.257,28.28427,28.63564,25.01999,20.09975,23.02173,22.02272,18.0,19.92486,14.31782,14.31782,9.43398,11.18034,9.43398,8.60233,12.80625,14.21267,15.0,22.47221,19.84943,25.6125,30.4795,33.30165,38.94868,41.40048,43.41659,38.58756,49.73932,52.35456,57.00877,59.61543,53.31041,62.96825,58.69412,61.09828,67.18631,66.70832,66.09841,71.80529,63.95311,73.34848,68.35934,68.73136,68.11755,66.91039,65.76473,68.35934,60.07495,74.33034,69.46222,66.91039,75.53807,64.93843,60.67125,66.75328,62.39391,62.64982,65.76473,60.82763,63.56886,65.55151,74.0,62.39391,66.7308,77.20104,78.1089
12.04159,12.04159,12.04159,11.40175,12.04159,10.63015,11.31371,11.31371,10.63015,10.63015,9.89949,10.63015,9.89949,9.89949,9.21954,10.0,10.0,10.0,9.43398,10.0,9.21954,10.0,10.0,9.43398,9.21954,8.60233,8.60233,9.21954,8.60233,8.60233,7.81025,7.81025,7.81025,7.07107,7.81025,7.07107,7.07107,6.40312,6.40312,6.40312,6.40312,5.0,5.0,5.0,5.0,4.47214,4.47214,4.47214,4.47214,4.12311,4.12311,3.16228,77.02597,68.00735,73.10951,68.00735,70.00714,64.00781,67.1193,68.06614,60.03332,61.03278,56.00893,58.00862,61.07373,58.00862,53.03772,57.21888,64.49806,58.54912,60.53098,54.23099,58.42089,51.47815,54.34151,51.08816,52.08647,53.15073,50.63596,51.1957,49.49747,51.97115,43.41659,44.01136,47.26521,46.04346,42.42641,42.19005,44.10215,47.0,42.0119,37.0,40.31129,37.12142,37.12142,36.34556,33.95585,30.41381,31.40064,29.61419,27.20294,27.51363,24.33105,22.2036,25.29822,20.59126,23.70654,19.72308,22.80351,10.77033,4.0,11.18034,9.05539,8.544,8.06226,12.64911,17.69181,15.65248,17.80449,20.24846,22.80351,29.41088,33.12099,37.57659,41.4367,40.49691,42.2019,47.43416,50.92151,54.34151,59.13544,52.46904,60.29925,66.06815,62.07254,63.1981,70.17834,64.38167,69.26038,60.67125,67.36468,63.63961,67.60178,69.37579,69.63476,65.51336,66.75328,70.21396,67.26812,67.91171,64.77654,64.13267,68.06614,57.70615,67.74216,61.98387,59.22837,63.00794,60.07495,60.40695,60.00833,64.00781,67.02984,63.0,70.25667,70.17834
13.0384,13.0384,13.0384,13.0384,12.04159,12.04159,12.0,11.0,12.0,11.0,11.0,11.0,11.0,11.0,11.04536,11.04536,11.04536,11.04536,10.04988,11.04536,10.04988,11.04536,10.0,10.04988,10.04988,10.04988,10.04988,10.04988,10.04988,9.0,9.0,9.0,9.0,9.0,8.0,8.0,8.06226,8.06226,7.07107,7.07107,7.07107,6.08276,6.08276,6.08276,6.08276,5.09902,5.09902,5.09902,5.38516,4.47214,4.47214,4.47214,76.00658,71.34424,70.0928,73.4983,72.42237,66.03787,63.82006,63.60031,58.82176,66.85058,63.60031,63.82006,60.44005,56.63921,56.40035,58.69412,58.89822,55.86591,53.74012,54.03702,56.58622,50.91169,49.81967,56.58622,50.91169,55.86591,51.62364,53.2635,48.10405,54.03702,46.01087,48.16638,43.84062,50.24938,45.80393,46.04346,40.36087,42.63801,41.34005,38.94868,36.12478,36.61967,38.27532,35.22783,32.24903,33.12099,30.01666,33.12099,27.29469,24.73863,27.89265,25.29822,21.93171,21.84033,25.96151,20.24846,24.08319,9.48683,11.0,12.20656,9.21954,8.48528,11.6619,14.86607,19.41649,18.38478,20.61553,25.07987,23.70654,34.1321,34.43835,34.98571,34.66987,40.24922,44.82187,48.60041,53.03772,48.10405,57.28001,53.8145,56.72742,62.80127,62.1289,64.40497,64.66065,69.64194,61.85467,66.7308,67.08204,66.64083,70.26379,66.64083,74.46476,68.35203,69.46222,70.66116,70.3278,68.42514,71.11259,70.26379,66.70832,61.32699,67.60178,65.29931,67.1193,63.24555,62.42596,60.0,67.20119,64.53681,60.0,67.94115,68.0147,66.0303
13.0,12.08305,13.0,12.08305,12.08305,11.18034,11.7047,10.77033,11.7047,11.7047,11.7047,11.40175,11.40175,10.44031,10.44031,11.40175,10.19804,10.44031,10.19804,10.19804,10.19804,10.19804,10.44031,10.19804,10.19804,9.21954,9.21954,10.19804,9.21954,9.21954,8.24621,9.21954,8.24621,8.544,8.544,8.544,7.61577,7.61577,7.61577,6.32456,6.7082,6.7082,6.7082,5.83095,5.83095,5.83095,5.0,5.0,5.0,4.24264,4.24264,4.24264,72.44998,74.33034,70.77429,66.09841,64.07808,68.94926,61.32699,68.30813,56.46238,59.61543,62.39391,61.84658,62.76942,59.5063,56.46238,59.36329,57.3062,54.56189,57.3062,54.56189,56.4358,59.94164,55.47071,57.45433,43.41659,53.0,55.47071,49.39636,47.88528,52.35456,48.25971,47.85394,46.64762,45.27693,50.11986,49.39636,39.82462,43.82921,38.91015,41.59327,40.16217,33.10589,35.4683,38.60052,34.43835,31.04835,32.28002,33.24154,25.01999,26.4764,24.5153,28.86174,25.70992,22.2036,21.09502,25.07987,19.41649,13.0384,9.48683,9.05539,10.77033,10.29563,11.6619,13.60147,20.0,16.64332,18.43909,22.2036,27.01851,30.4795,33.94113,36.06938,38.18377,44.82187,45.60702,47.43416,47.50789,47.16991,58.59181,60.83584,60.83584,63.90618,68.15424,65.0,64.28841,63.78871,65.45991,67.68309,69.63476,69.42622,69.42622,66.4906,66.91039,69.2315,66.28725,71.19691,66.37017,68.65858,68.88396,72.00694,61.98387,66.09841,70.21396,67.44627,63.56886,61.68468,62.76942,63.15853,62.62587,65.52099,63.69458,69.64194,66.30988,62.03225
11.18034,11.6619,10.29563,11.18034,10.29563,10.29563,10.29563,9.43398,9.43398,9.43398,9.43398,9.43398,9.43398,9.43398,9.43398,9.21954,9.21954,8.60233,9.21954,9.21954,8.60233,9.21954,8.60233,8.60233,8.60233,8.60233,8.60233,8.60233,8.60233,7.2111,7.2111,7.2111,7.2111,7.2111,6.7082,6.7082,6.7082,6.32456,5.38516,5.38516,5.38516,5.38516,5.09902,4.12311,4.12311,4.12311,4.12311,4.12311,4.0,4.0,4.0,3.16228,81.43709,76.05919,74.09453,68.54196,73.34848,67.1193,66.30988,65.0,65.39113,59.94164,57.00877,62.39391,62.76942,59.23681,55.15433,62.0967,57.87055,61.61169,58.94065,56.921,58.69412,55.02727,55.02727,52.95281,52.88667,59.77458,51.5461,54.08327,48.76474,51.92302,47.16991,51.07837,47.80167,46.84015,44.59821,48.8467,44.94441,43.01163,40.16217,37.69615,41.14608,38.07887,46.64762,35.8469,33.12099,31.76476,32.64966,30.52868,28.3196,29.15476,26.24881,22.80351,25.6125,21.93171,25.6125,20.24846,20.80865,12.52996,10.63015,7.81025,10.44031,10.0,10.19804,14.14214,11.0,21.2132,22.56103,23.76973,24.08319,29.42788,35.22783,34.1321,42.29657,42.10701,41.30375,49.0408,55.14526,52.34501,57.48913,57.77543,61.68468,61.46544,60.08328,67.77905,61.84658,67.97794,66.24198,64.49806,68.88396,65.8635,70.83078,72.67049,68.60029,69.06519,69.81404,66.85058,70.45566,69.33974,67.42403,59.20304,74.63243,66.88797,66.61081,63.63175,62.16912,66.18912,67.23095,65.79514,64.07808,66.70832,63.56099,73.38937,70.00714,71.7844
13.0,12.52996,12.08305,12.08305,11.18034,11.18034,11.18034,10.81665,10.29563,10.29563,10.29563,10.81665,10.29563,10.29563,9.43398,10.81665,10.0,10.0,10.0,10.0,10.0,10.0,9.43398,9.21954,9.43398,9.43398,9.43398,8.60233,8.60233,8.60233,8.06226,8.60233,8.06226,7.2111,8.06226,7.61577,6.7082,6.7082,6.7082,6.7082,6.32456,6.32456,5.38516,5.38516,5.38516,4.12311,4.12311,4.12311,4.12311,4.12311,4.0,3.0,76.32169,70.83078,70.17834,71.19691,72.94518,74.09453,64.89992,67.20119,67.41662,63.63175,62.26556,63.13478,64.84597,56.79789,60.82763,54.23099,55.4617,55.4617,55.47071,54.23099,55.15433,57.58472,51.42956,53.22593,52.20153,47.85394,49.33559,51.47815,51.47815,51.89412,52.92447,47.53946,43.38202,45.18849,42.72002,46.09772,38.48376,43.08132,45.27693,37.57659,38.01316,34.98571,33.28663,33.61547,39.40812,33.54102,32.24903,29.06888,31.14482,28.01785,24.75884,25.80698,29.69848,26.24881,18.86796,17.88854,20.61553,16.40122,22.62742,12.64911,6.08276,14.31782,7.81025,17.46425,19.69772,21.18962,25.29822,25.17936,31.14482,25.17936,36.05551,27.01851,42.95346,43.01163,42.2019,47.80167,47.85394,51.89412,51.62364,50.0,62.80127,53.85165,56.4358,61.85467,69.89278,65.94695,76.02631,66.21933,70.93659,66.6033,65.05382,72.13876,72.00694,68.62215,68.593,71.42129,67.20863,70.76722,68.41053,69.42622,69.02898,68.76772,60.87693,60.959,66.03787,64.3506,57.38467,59.4138,69.11584,67.23095,59.36329,74.88658,72.94518,64.40497
11.40175,10.77033,10.77033,10.77033,10.77033,10.44031,10.77033,9.84886,9.84886,9.84886,9.84886,9.84886,9.84886,8.94427,8.94427,9.43398,8.94427,8.94427,9.43398,8.94427,8.94427,8.94427,8.94427,8.94427,8.94427,8.06226,8.06226,8.06226,8.06226,7.61577,7.61577,7.61577,7.61577,7.28011,6.32456,6.32456,6.32456,6.08276,6.32456,6.08276,5.09902,5.09902,5.09902,5.09902,5.0,4.0,4.0,4.0,4.0,4.12311,4.12311,3.16228,70.21396,65.80274,69.37579,72.44998,67.41662,62.96825,67.05222,62.64184,63.32456,65.14599,57.24509,55.08176,60.16644,60.53924,56.29387,57.70615,55.22681,57.31492,53.75872,53.36666,57.48913,59.77458,52.46904,48.50773,55.54278,50.44799,54.12947,53.75872,51.78803,47.80167,47.85394,46.48656,48.05206,47.80167,45.01111,43.9659,45.54119,43.9659,44.27189,39.81206,39.81206,35.1141,36.40055,36.76955,32.69557,30.01666,30.23243,29.96665,28.63564,25.23886,27.313,27.78489,25.80698,24.08319,24.08319,17.20465,21.2132,10.29563,9.21954,2.82843,8.24621,5.0,11.0,8.06226,12.04159,17.72005,18.43909,25.0,27.29469,28.79236,32.01562,31.40064,39.05125,41.04875,42.04759,49.25444,52.08647,51.62364,52.08647,56.08921,57.07013,62.8172,64.7611,66.21933,58.5235,63.32456,65.78754,59.46427,67.41662,72.49828,65.29931,68.44706,68.47627,66.30988,66.18912,67.1193,60.41523,68.8767,70.21396,63.95311,69.77822,65.29931,70.2282,65.30697,60.53924,58.30952,60.40695,67.05222,62.96825,67.05222,63.89053,69.12308,65.80274,76.48529
11.6619,11.6619,11.6619,11.6619,11.6619,10.29563,10.81665,10.81665,10.81665,10.0,10.0,10.0,10.0,10.0,10.0,10.63015,9.21954,9.21954,9.21954,9.89949,9.21954,9.89949,9.21954,9.21954,9.21954,9.21954,8.60233,8.60233,8.60233,8.60233,8.60233,8.60233,7.2111,7.2111,7.2111,7.2111,6.7082,6.7082,5.83095,5.83095,5.38516,5.38516,5.38516,5.38516,5.38516,4.12311,4.12311,4.12311,4.12311,4.0,4.0,4.12311,75.23962,71.56815,73.43705,72.56032,63.15061,68.44706,67.47592,68.06614,59.84146,63.78871,62.28965,57.21888,58.03447,55.7315,58.30952,53.23533,59.13544,54.03702,58.0,51.0098,61.0082,50.35871,50.0,55.08176,54.14795,55.00909,52.08647,57.00877,54.08327,51.0098,46.17359,55.0,45.17743,49.49747,41.01219,48.50773,41.10961,41.59327,39.45884,40.1995,35.01428,37.0,36.87818,32.55764,36.40055,30.59412,33.10589,30.80584,27.85678,28.79236,25.4951,28.30194,26.24881,25.55386,22.80351,20.51828,20.51828,13.0384,13.89244,8.544,13.0,9.0,7.28011,11.18034,13.0384,19.69772,18.97367,21.0238,25.63201,39.35734,46.48656,22.2036,36.0,42.2019,48.05206,48.70318,53.08484,53.75872,49.0408,55.0,61.07373,61.98387,58.69412,61.61169,69.46222,62.36986,69.2315,61.18823,70.60453,63.15061,71.47027,69.12308,66.48308,61.84658,66.09841,72.42237,70.2282,70.5195,64.03124,64.28841,67.06713,62.36986,57.07013,64.7611,64.28841,65.11528,63.78871,57.48913,62.96825,61.98387,59.4138,64.62971,71.70077,68.11755
13.45362,12.72792,12.72792,12.04159,12.72792,12.04159,11.31371,11.31371,11.31371,10.63015,11.31371,10.63015,10.63015,10.63015,10.63015,11.40175,10.0,10.63015,10.0,10.0,10.0,10.0,10.63015,10.0,10.0,10.0,9.21954,9.21954,9.21954,9.21954,8.48528,8.48528,8.48528,8.48528,7.81025,7.81025,7.81025,7.81025,7.2111,6.40312,5.83095,5.83095,5.83095,5.83095,5.83095,5.38516,5.38516,5.38516,5.38516,5.09902,5.09902,5.09902,64.13267,74.67262,67.89698,64.62971,69.2315,68.35934,63.95311,63.15061,60.40695,62.80127,61.0,59.68249,59.4138,54.45181,58.21512,60.0,54.03702,57.03508,50.15974,54.00926,58.0,53.23533,50.08992,55.00909,44.10215,52.0,53.03772,52.03845,53.08484,54.14795,49.0408,45.01111,45.0,45.09989,52.0,37.05401,41.59327,41.19466,42.95346,39.45884,38.63936,35.90265,35.17101,30.80584,29.83287,34.48188,29.73214,28.28427,22.13594,23.4094,30.01666,24.16609,21.63331,23.25941,21.93171,21.9545,18.02776,12.80625,9.89949,11.6619,8.94427,10.04988,12.16553,10.81665,13.15295,18.78829,22.47221,25.70992,22.84732,28.16026,32.28002,37.10795,36.22154,38.07887,44.91102,45.39824,44.10215,50.03998,59.00847,59.03389,55.08176,60.53098,61.66036,66.4906,66.4906,64.53681,64.7611,66.09841,65.80274,67.35726,70.77429,67.77905,67.35726,72.23573,68.54196,62.76942,63.56886,65.0,65.19202,66.48308,68.68042,61.03278,71.47027,58.82176,63.32456,64.56005,63.32456,63.78871,62.80127,62.58594,67.08204,67.60178,65.12296,71.84706
13.45362,12.72792,12.04159,12.04159,12.04159,12.04159,11.31371,11.31371,11.31371,10.63015,11.31371,10.63015,10.63015,10.63015,10.63015,11.40175,11.40175,10.0,10.0,10.0,10.0,10.0,10.0,10.0,10.0,10.0,10.0,9.21954,9.21954,9.21954,8.48528,8.48528,8.48528,7.81025,8.48528,8.48528,7.07107,7.07107,7.07107,6.40312,6.40312,6.40312,6.40312,5.83095,5.0,5.0,4.47214,4.47214,4.47214,4.47214,4.12311,4.12311,76.00658,75.02666,68.06614,74.06079,63.0,71.02816,71.02816,60.07495,62.07254,64.00781,60.29925,61.0082,59.21149,60.0,60.29925,56.4358,61.52235,53.60037,58.54912,56.08921,57.27128,57.31492,48.27007,48.50773,50.01,53.60037,52.61179,51.97115,56.22277,55.57877,44.40721,47.38143,46.38965,45.04442,48.83646,46.0,37.33631,41.0,39.05125,37.05401,38.01316,38.01316,38.63936,34.0147,30.01666,31.40064,30.01666,33.13608,31.257,22.80351,23.19483,25.4951,20.61553,22.47221,21.0238,19.64688,23.32381,10.19804,11.04536,8.24621,8.0,9.21954,10.19804,18.38478,15.65248,14.56022,21.93171,21.93171,27.45906,30.8707,30.8707,37.69615,34.48188,38.8973,41.76123,41.7732,53.93515,51.62364,57.21888,56.22277,62.39391,64.0,62.00806,63.07139,67.00746,66.18912,70.25667,67.47592,68.88396,67.74216,67.91171,67.46851,68.15424,64.62971,67.89698,67.68309,71.19691,65.0,69.58448,67.91171,65.9242,63.15061,61.07373,64.12488,65.37584,58.54912,65.06919,63.03174,65.19202,62.1289,64.00781,65.19202,67.00746,66.61081
13.0384,11.6619,12.20656,11.6619,11.6619,10.81665,10.81665,10.81665,10.81665,11.40175,10.81665,10.63015,10.0,10.63015,9.21954,10.63015,9.89949,9.89949,9.89949,9.89949,9.89949,9.89949,9.89949,9.89949,9.89949,9.89949,9.21954,8.48528,8.48528,8.48528,8.48528,8.48528,7.81025,7.81025,7.81025,7.81025,7.2111,7.2111,6.40312,6.40312,5.83095,5.83095,5.83095,5.83095,5.83095,4.47214,4.47214,4.47214,4.47214,4.12311,4.12311,3.16228,67.6757,78.18568,70.60453,72.8011,69.26038,70.0928,65.45991,63.90618,64.28841,67.05222,57.27128,61.18823,65.9242,59.90826,63.56099,56.56854,65.30697,58.54912,56.32051,56.7186,62.64982,57.70615,52.15362,53.33854,51.35173,53.75872,51.47815,49.81967,49.64877,49.25444,49.64877,50.48762,45.54119,47.29693,48.08326,48.05206,38.83298,46.01087,44.38468,43.73786,41.59327,40.5216,39.56008,38.27532,32.57299,34.17601,33.52611,28.63564,33.12099,25.63201,28.6531,26.40076,24.35159,25.6125,22.82542,27.01851,19.10497,13.60147,11.6619,11.40175,11.6619,9.84886,9.05539,15.0333,13.0,19.41649,18.97367,23.08679,28.63564,28.86174,36.22154,37.01351,41.0,48.27007,46.09772,48.04165,56.0803,56.32051,62.58594,59.03389,57.07013,63.06346,68.30813,63.69458,68.15424,67.62396,65.74192,69.77822,69.31811,65.8635,69.35416,70.23532,64.88451,71.11962,71.51224,67.23095,76.02631,63.50591,72.44998,65.79514,71.69379,68.60029,67.6757,62.76942,68.35203,66.48308,65.79514,66.85058,62.8172,68.94926,64.84597,78.16009,75.9276,68.68042
13.0,13.0,12.64911,13.0,11.7047,11.7047,11.7047,11.40175,11.7047,11.40175,10.44031,11.40175,11.40175,11.40175,10.44031,11.40175,10.19804,10.19804,10.19804,10.19804,10.19804,10.19804,10.19804,10.19804,10.19804,9.21954,10.19804,9.21954,9.21954,9.21954,8.24621,9.21954,8.24621,8.24621,8.544,8.544,7.61577,7.61577,7.61577,6.7082,6.7082,6.7082,6.7082,5.38516,5.83095,5.0,5.0,5.0,5.0,5.0,4.24264,4.24264,70.23532,73.00685,71.19691,70.93659,67.08204,70.93659,61.84658,66.21178,57.24509,65.29931,59.5063,59.03389,60.90156,58.59181,59.5399,59.5399,61.03278,54.81788,56.4358,55.75841,58.18075,59.07622,52.80152,50.0,55.22681,55.44367,52.47857,49.0408,48.82622,50.21952,52.63079,52.15362,43.909,48.25971,47.01064,43.04649,43.909,41.67733,42.95346,41.59327,34.43835,35.34119,38.8973,35.51056,34.88553,34.53983,30.08322,31.95309,26.24881,29.83287,28.0,24.33105,27.16616,21.2132,25.07987,21.58703,24.02082,17.46425,9.43398,10.77033,14.56022,7.81025,14.76482,15.0,18.60108,20.61553,20.0,30.61046,26.40076,28.3196,34.05877,38.18377,42.52058,46.69047,46.2277,50.93133,51.40039,56.0357,53.00943,62.68174,61.03278,57.98276,62.6099,65.74192,66.85058,59.13544,66.21178,65.78754,69.28925,69.37579,67.44627,68.00735,69.63476,70.60453,67.05222,69.64194,69.28925,66.28725,68.00735,65.78754,64.19502,63.32456,62.96825,60.40695,65.78754,64.2573,65.39113,58.59181,66.24198,66.85058,65.29931,69.06519,78.49204,67.23095
13.0384,12.20656,12.20656,11.6619,11.6619,11.6619,10.81665,11.40175,10.81665,10.0,11.40175,10.63015,10.0,10.0,10.0,10.63015,10.63015,10.63015,9.89949,9.89949,9.21954,9.21954,10.0,9.89949,9.21954,9.21954,9.21954,9.21954,9.21954,9.21954,8.60233,8.60233,8.60233,8.60233,8.06226,8.06226,8.06226,6.7082,6.7082,6.7082,6.7082,6.32456,6.32456,6.32456,5.38516,5.09902,5.09902,5.09902,5.09902,5.0,5.0,5.0,68.41053,68.15424,70.61161,63.78871,69.12308,66.28725,65.80274,62.16912,58.5235,63.89053,58.30952,53.75872,61.84658,49.64877,53.46027,54.45181,56.4358,54.58938,53.15073,54.08327,55.00909,51.62364,52.08647,54.03702,48.50773,52.34501,53.23533,50.48762,49.16299,51.35173,50.24938,49.25444,44.55334,45.09989,45.0,45.35416,41.76123,37.85499,36.87818,46.69047,43.41659,38.83298,34.78505,34.9285,27.20294,32.31099,30.36445,33.54102,25.05993,29.54657,25.94224,24.69818,25.63201,18.38478,19.84943,21.26029,17.80449,15.81139,8.48528,8.94427,11.6619,9.21954,9.48683,17.0,14.0,18.24829,13.34166,25.07987,24.5153,30.41381,27.29469,36.34556,38.47077,45.17743,47.16991,45.04442,50.08992,51.62364,58.24946,57.42822,55.7853,59.13544,62.64184,63.24555,64.19502,64.84597,65.45991,65.55151,67.41662,68.15424,66.30988,67.62396,64.62198,66.70832,66.85058,64.88451,65.9242,65.29931,70.68239,66.48308,65.78754,63.50591,66.21178,63.97656,60.53924,62.76942,62.03225,57.58472,65.96969,63.24555,67.44627,70.21396,65.51336,70.61161
12.16553,12.16553,11.18034,12.16553,11.18034,11.18034,11.18034,10.19804,10.19804,10.19804,10.19804,10.44031,10.44031,9.48683,9.48683,9.48683,9.48683,9.48683,9.48683,9.48683,9.48683,9.48683,8.544,8.94427,9.48683,9.48683,8.544,8.24621,8.544,8.24621,8.24621,8.24621,8.24621,7.07107,7.07107,7.07107,7.07107,7.07107,6.08276,6.08276,5.0,6.0,6.0,5.0,5.0,4.12311,5.09902,4.12311,4.12311,4.12311,4.47214,3.60555,73.60027,69.40461,68.88396,70.43437,69.33974,64.07027,61.7171,64.00781,61.91123,65.29931,55.56978,63.24555,55.56978,56.35601,56.79789,60.82763,55.15433,57.38467,53.66563,55.03635,55.36244,54.23099,54.42426,52.0,51.07837,52.20153,54.20332,51.26402,50.69517,53.31041,48.10405,50.9902,44.72136,45.69464,42.95346,40.81666,47.01064,43.04649,43.82921,37.64306,33.6006,33.6006,36.23534,34.0147,36.89173,28.42534,34.65545,34.71311,31.1127,24.83948,25.4951,27.58623,24.08319,25.80698,22.02272,20.24846,19.41649,10.63015,9.43398,7.61577,11.40175,10.77033,11.18034,17.11724,16.12452,18.02776,19.23538,21.0238,28.07134,27.0,30.0,37.48333,36.67424,43.28972,44.40721,47.29693,45.88028,47.01064,54.42426,56.64804,55.15433,62.16912,63.06346,58.66856,65.45991,61.40033,73.24616,65.60488,71.28113,67.47592,64.53681,72.62231,66.52819,67.62396,65.29931,66.8431,67.6757,69.52697,64.44377,72.34639,59.40539,63.78087,64.38167,62.24147,59.81639,57.2014,62.43397,66.88797,65.0,61.91123,59.68249,63.50591,70.71068,66.21178
13.0384,13.0384,12.20656,13.0384,12.20656,11.6619,10.81665,10.81665,11.40175,10.81665,11.40175,11.40175,11.40175,10.63015,10.63015,10.63015,10.63015,10.63015,9.89949,9.89949,9.89949,9.89949,10.0,9.89949,10.0,10.63015,10.0,9.21954,9.21954,9.21954,8.60233,8.60233,8.60233,8.60233,8.06226,8.06226,8.06226,7.61577,6.7082,6.7082,6.7082,6.7082,6.32456,6.32456,5.38516,5.38516,6.08276,5.09902,5.09902,5.09902,5.0,5.0,64.19502,59.3043,68.26419,72.06247,65.62012,70.17834,59.07622,70.03571,60.13319,66.27217,60.40695,59.03389,56.22277,56.0,57.14018,55.00909,54.03702,53.0,53.15073,51.08816,61.29437,54.33231,52.23983,51.0098,47.04253,48.04165,46.04346,47.09565,48.25971,48.25971,51.0098,53.08484,49.0102,47.0,46.04346,48.01042,43.04649,41.01219,38.47077,47.16991,37.01351,32.98485,34.71311,33.73426,37.48333,28.44293,31.04835,26.57066,29.41088,25.70992,28.28427,23.25941,22.47221,21.93171,23.02173,20.0,21.2132,10.63015,11.18034,10.81665,8.0,10.04988,12.36932,10.44031,13.92839,16.76305,20.59126,21.0238,24.33105,27.73085,30.08322,33.95585,36.67424,39.29377,37.85499,45.70558,54.58938,50.63596,57.03508,55.08176,60.53098,60.40695,62.514,61.66036,69.37579,62.36986,72.36712,57.72348,70.34202,66.94027,62.58594,69.12308,63.32456,66.4906,68.96376,66.21933,65.96969,67.35726,65.25335,70.60453,64.03124,67.35726,67.72001,56.04463,64.49806,56.08921,55.44367,58.69412,60.40695,65.49046,62.514,67.18631,68.11755,70.06426
13.89244,13.0384,13.41641,13.0384,12.52996,11.6619,11.18034,12.08305,12.08305,11.18034,11.18034,12.08305,11.18034,12.08305,10.77033,11.7047,11.7047,10.77033,10.77033,10.77033,10.77033,10.77033,10.77033,10.44031,10.77033,10.44031,9.48683,9.84886,9.48683,9.48683,8.94427,9.84886,8.94427,8.94427,8.94427,8.94427,8.06226,8.06226,8.06226,7.2111,7.2111,7.2111,7.2111,6.40312,6.40312,6.40312,5.65685,5.65685,5.65685,5.65685,5.0,5.0,72.8011,73.37575,70.61161,63.69458,68.30813,67.18631,67.72001,62.58594,60.40695,59.48109,55.54278,58.82176,62.0967,59.80803,60.72891,52.55473,54.12024,54.626,56.46238,52.39275,55.56978,51.10773,48.02083,50.32892,49.73932,51.97115,45.65085,50.53712,50.08992,47.85394,44.77723,49.64877,45.61798,43.04649,45.17743,42.95346,45.31004,41.59327,40.8534,36.89173,37.0,40.5216,36.67424,33.83785,34.17601,34.53983,28.79236,29.06888,26.92582,24.04163,24.02082,23.08679,20.39608,17.11724,22.02272,22.80351,24.73863,10.81665,10.44031,10.0,13.92839,9.84886,10.63015,12.36932,15.81139,12.52996,14.86607,25.23886,25.07987,33.12099,31.90611,39.35734,37.58989,42.04759,42.54409,46.23851,48.10405,52.17279,61.0,55.10898,56.7186,62.28965,61.39218,67.06713,64.07027,62.0,69.06519,63.00794,68.0,68.02941,72.00694,72.0,71.00704,66.1211,69.02898,69.26038,72.06247,70.25667,70.06426,68.06614,68.06614,65.00769,61.52235,61.29437,62.64982,65.49046,63.78871,60.29925,64.32729,64.32729,56.921,70.88018,72.53275,71.56815
12.20656,11.40175,11.40175,11.40175,11.40175,11.40175,11.40175,10.0,10.81665,10.0,10.0,10.0,9.43398,9.43398,9.43398,10.29563,8.94427,9.43398,8.94427,8.94427,8.94427,8.94427,9.43398,8.94427,8.94427,9.43398,8.06226,8.94427,8.06226,8.06226,8.06226,8.06226,8.06226,7.2111,7.2111,7.2111,7.07107,6.40312,6.40312,6.40312,5.65685,5.65685,5.65685,5.65685,5.0,5.0,5.0,5.0,4.47214,4.47214,4.47214,4.12311,76.15773,69.46222,67.6757,72.78049,73.5459,67.60178,62.0967,68.73136,60.63827,69.05071,59.77458,60.40695,62.62587,55.65968,57.72348,60.40695,55.15433,52.49762,56.921,56.0803,57.27128,57.24509,53.85165,49.24429,48.10405,49.0408,51.62364,47.92703,50.92151,51.89412,50.92151,46.09772,45.88028,47.92703,45.69464,40.79216,40.49691,37.16181,44.92215,42.75512,37.36308,41.7732,37.21559,35.51056,31.0,32.38827,34.52535,28.63564,27.0,24.0,27.29469,28.0,22.02272,25.70992,24.33105,22.36068,18.02776,10.04988,8.06226,8.24621,7.61577,7.07107,12.08305,12.72792,12.04159,20.61553,16.27882,23.43075,24.83948,27.01851,29.20616,32.75668,37.44329,44.94441,45.22168,46.51881,50.15974,54.42426,55.15433,58.87274,60.08328,61.61169,63.06346,63.63961,67.60178,63.63961,68.73136,69.35416,70.11419,66.0303,67.26812,69.87131,73.43705,69.18092,69.02898,68.0,70.02857,75.00667,70.17834,71.0,67.0,62.07254,71.38627,64.77654,65.19202,66.48308,65.49046,66.09841,71.19691,62.8172,64.7611,68.24954,72.78049,70.83784
12.08305,12.08305,12.08305,11.6619,11.18034,11.18034,11.18034,10.77033,10.77033,9.84886,10.77033,10.77033,9.84886,9.48683,9.48683,9.48683,9.48683,9.48683,9.48683,9.48683,9.48683,9.48683,9.48683,9.21954,9.48683,9.48683,9.48683,8.544,8.544,8.24621,8.544,7.61577,7.61577,7.61577,7.61577,6.7082,7.61577,6.7082,5.83095,5.83095,5.83095,5.83095,5.0,5.0,5.0,5.0,4.24264,4.24264,4.24264,3.60555,3.60555,3.60555,75.6439,73.82412,75.29276,67.54258,72.91776,68.0,69.07966,68.47627,65.0,59.03389,67.1193,62.1289,64.00781,61.58734,58.24946,52.63079,62.96825,60.21628,58.24946,57.00877,61.22091,58.30952,58.13777,53.85165,52.43091,54.91812,52.00961,56.0803,55.0,53.25411,50.11986,50.53712,49.39636,49.24429,48.25971,42.05948,46.52956,45.18849,46.8188,39.39543,41.10961,37.12142,37.16181,37.0,33.95585,30.80584,32.75668,31.57531,30.14963,25.17936,30.36445,26.1725,25.4951,28.16026,22.09072,23.76973,26.01922,12.04159,10.63015,11.18034,10.63015,12.80625,7.81025,13.15295,14.76482,18.02776,21.58703,18.02776,26.92582,35.4683,36.89173,40.71855,36.61967,43.82921,43.60046,47.63402,50.20956,53.74012,62.28965,56.0803,60.87693,65.29931,62.00806,62.26556,67.23095,68.42514,72.94518,70.3278,74.24958,72.01389,66.70832,71.58911,65.39113,65.9242,69.07966,68.942,69.857,72.73239,66.85058,68.35203,71.11259,64.88451,72.61543,65.45991,63.50591,66.64083,64.00781,63.95311,70.71068,66.64833,66.7308,72.94518,76.15773,70.23532
13.15295,13.15295,12.16553,13.0384,12.16553,12.04159,11.04536,11.18034,11.18034,11.18034,11.18034,11.40175,11.40175,10.44031,11.40175,11.40175,10.44031,10.44031,10.77033,10.44031,10.44031,10.44031,9.48683,10.77033,10.44031,10.44031,9.48683,10.44031,9.48683,9.48683,9.21954,9.21954,9.21954,8.24621,8.24621,8.06226,8.06226,8.06226,7.07107,7.07107,7.07107,7.07107,7.07107,6.0,6.0,6.0,6.0,5.0,5.0,5.09902,5.09902,4.12311,69.31089,72.20111,72.83543,72.24957,74.8131,64.40497,68.24954,61.55485,60.44005,64.2028,58.69412,60.81118,60.10824,56.58622,55.86591,62.28965,58.0,53.74012,54.45181,55.97321,56.72742,55.22681,52.80152,53.15073,47.01064,50.44799,54.45181,51.66237,49.51767,51.22499,45.45327,48.83646,45.96738,46.09772,42.63801,38.8973,45.27693,39.82462,41.72529,35.4683,36.89173,39.11521,39.66106,31.90611,35.22783,32.80244,28.01785,30.67572,25.4951,27.29469,26.92582,23.25941,24.16609,20.12461,24.5153,24.18677,20.39608,11.6619,10.29563,10.63015,6.7082,10.77033,8.94427,10.29563,16.64332,18.43909,22.2036,20.24846,27.45906,31.62278,32.01562,37.16181,40.8534,39.56008,45.18849,51.88449,51.62364,52.15362,56.4358,57.80138,64.66065,62.482,64.3506,62.93648,62.28965,66.6033,67.26812,68.11755,66.4003,70.17834,68.60029,71.06335,70.17834,71.02816,71.86793,68.09552,66.21933,68.50547,69.89278,65.45991,66.61081,66.0303,69.40461,64.2028,63.12686,65.06919,65.11528,62.62587,63.89053,67.88225,63.65532,70.76722,72.12489,68.76772
12.04159,12.04159,11.04536,12.0,11.04536,11.04536,11.04536,10.04988,10.04988,10.04988,10.19804,10.19804,10.19804,10.19804,10.19804,10.19804,10.44031,9.21954,9.21954,9.21954,9.21954,9.21954,9.21954,9.21954,9.21954,9.21954,9.21954,8.24621,8.24621,8.24621,8.06226,8.06226,8.06226,7.07107,8.06226,7.07107,7.07107,7.0,6.0,6.0,6.0,6.0,5.0,5.0,5.0,5.09902,4.12311,4.12311,4.12311,4.12311,4.12311,3.60555,76.6942,63.78087,77.10383,70.93659,67.88225,72.12489,67.89698,70.17834,56.0803,66.8431,59.66574,58.72819,64.66065,58.13777,53.2635,54.56189,60.30755,57.62812,52.00961,58.00862,60.41523,53.0,56.4358,56.60389,54.67175,48.60041,49.39636,53.82379,54.56189,48.82622,48.27007,48.82622,44.04543,51.62364,44.04543,49.20366,42.2019,43.60046,46.40043,38.94868,39.59798,39.05125,34.05877,37.48333,34.82815,30.0,32.55764,29.69848,35.60899,28.01785,27.78489,28.6007,25.94224,22.80351,22.82542,21.54066,19.92486,12.52996,16.55295,10.29563,15.23155,8.24621,11.18034,10.44031,14.31782,16.55295,18.24829,20.88061,25.70992,30.08322,34.20526,30.8707,36.67424,43.38202,45.65085,47.16991,50.21952,51.08816,53.90733,56.63921,55.9017,62.36986,60.87693,58.13777,65.0,64.81512,72.42237,66.4003,69.89278,67.95587,66.61081,73.57309,64.63745,68.8186,71.34424,67.95587,64.89992,69.2026,68.24222,66.57327,64.07027,61.07373,63.52952,65.51336,61.61169,64.63745,60.30755,63.70243,67.26812,64.44377,65.06919,67.26812,68.62215,70.00714
12.36932,12.36932,12.64911,12.36932,12.36932,11.40175,11.7047,11.40175,10.77033,10.77033,10.77033,10.77033,10.77033,9.84886,9.48683,10.29563,10.29563,9.84886,10.29563,9.84886,9.84886,8.94427,9.84886,8.94427,9.84886,8.94427,8.94427,8.94427,8.94427,8.94427,8.544,8.544,8.544,7.61577,7.61577,7.28011,7.28011,7.28011,6.08276,6.32456,6.08276,6.08276,6.08276,6.08276,6.08276,6.0,5.0,5.0,5.0,5.09902,5.09902,4.12311,71.51224,70.66116,71.11962,66.21178,69.28925,70.71068,63.50591,66.30988,60.41523,58.18935,60.44005,58.5235,62.96825,61.13101,57.97413,55.9017,61.03278,56.04463,58.24088,50.44799,58.94065,50.96077,47.29693,49.24429,50.21952,53.46027,45.70558,49.47727,51.97115,49.81967,46.38965,45.54119,44.94441,44.55334,45.35416,44.64303,36.40055,39.56008,37.69615,37.64306,38.07887,34.48188,30.80584,29.83287,31.7805,34.48188,27.313,30.01666,25.4951,27.29469,26.62705,24.18677,22.82542,23.43075,26.1725,19.79899,16.40122,16.40122,13.0384,12.80625,8.60233,14.31782,11.18034,11.40175,14.14214,14.14214,19.41649,22.2036,26.30589,29.15476,28.28427,36.0,37.85499,41.4367,44.38468,41.97618,46.8188,49.0408,55.65968,54.42426,61.84658,60.90156,61.77378,62.76942,65.76473,65.21503,66.57327,65.51336,72.8011,69.6563,67.20119,67.20119,71.8401,69.02898,69.40461,70.80254,68.60029,70.21396,66.21933,66.0303,69.64194,59.90826,67.6757,64.40497,61.05735,63.06346,63.28507,59.9333,61.29437,66.64833,65.79514,73.53911,71.16881,67.41662
13.0384,11.6619,12.20656,11.6619,12.20656,10.81665,10.81665,11.40175,11.40175,10.81665,10.81665,10.0,10.63015,10.63015,9.21954,11.31371,9.89949,9.89949,9.89949,9.89949,9.89949,9.89949,9.89949,9.89949,9.89949,9.89949,8.48528,8.48528,8.48528,9.89949,8.48528,8.48528,8.48528,7.81025,7.81025,7.81025,7.81025,7.2111,6.40312,6.40312,6.40312,5.0,6.40312,5.0,5.0,5.0,4.47214,4.47214,4.47214,4.12311,4.12311,3.16228,80.75271,69.2315,78.51751,69.00725,76.10519,71.11259,73.24616,69.18092,63.00794,63.03174,56.0357,62.03225,60.13319,54.08327,59.21149,55.22681,57.0,59.13544,57.55867,57.07013,58.0517,55.57877,48.83646,51.35173,48.25971,51.08816,51.97115,55.10898,51.62364,54.91812,51.24451,51.62364,43.73786,51.66237,44.40721,47.09565,47.67599,42.10701,42.19005,42.0119,37.12142,42.10701,42.10701,34.0147,34.0,31.7805,35.01428,34.05877,25.31798,27.29469,28.16026,23.34524,24.04163,24.73863,21.18962,22.80351,23.08679,12.20656,13.60147,10.0,4.47214,9.0,9.05539,13.0384,17.02939,18.97367,18.43909,24.69818,27.313,31.04835,34.20526,38.20995,39.20459,48.05206,42.29657,49.09175,50.0,53.0,57.0,55.08176,61.29437,62.80127,69.72087,65.73431,67.08204,63.56099,71.30919,67.68309,71.80529,67.18631,68.41053,70.88018,69.92138,69.12308,74.33034,69.64194,67.18631,66.12866,68.41053,74.52516,63.89053,69.42622,68.70953,71.19691,66.61081,67.46851,66.4906,62.80127,71.17584,71.06335,63.1981,79.40403,72.11103,74.0
12.04159,12.04159,11.0,11.04536,11.04536,11.04536,10.04988,10.0,10.0,10.0,10.0,10.0,10.0,10.04988,9.0,9.05539,9.05539,9.05539,9.05539,9.05539,9.05539,9.05539,9.05539,9.05539,9.05539,9.05539,9.0,8.06226,8.06226,8.0,8.0,8.0,8.0,7.0,7.0,7.07107,6.08276,7.07107,6.08276,6.08276,5.09902,5.09902,5.38516,5.09902,4.47214,4.47214,4.47214,4.47214,4.47214,3.60555,4.24264,4.24264,73.66139,65.11528,80.65978,71.42129,72.83543,72.34639,62.2254,61.52235,62.96825,67.17887,58.0,63.65532,60.10824,57.42822,59.66574,62.36986,57.62812,58.41233,62.00806,53.03772,60.44005,51.22499,56.0803,53.41348,48.60041,53.90733,51.22499,56.0357,50.80354,52.00961,48.9183,55.86591,47.01064,51.40039,42.44997,41.72529,45.60702,43.86342,44.04543,38.8973,41.10961,34.66987,37.64306,35.51056,31.89044,32.01562,33.01515,30.80584,30.0,28.6007,23.70654,27.45906,25.55386,24.5153,21.0238,20.39608,22.56103,13.15295,9.48683,9.48683,10.63015,11.18034,7.2111,12.04159,11.18034,18.97367,17.26268,20.61553,25.31798,30.08322,35.51056,38.60052,32.31099,44.77723,41.67733,50.56679,52.83938,54.70832,56.0357,54.56189,64.66065,59.66574,63.63961,67.17887,69.31089,63.63961,68.11755,67.26812,72.34639,67.17887,72.42237,70.60453,71.21798,62.20129,65.80274,64.3506,67.62396,67.95587,61.40033,70.80254,66.4003,70.21396,66.48308,66.6033,65.43699,59.5483,65.94695,63.65532,63.70243,67.88225,64.38167,72.83543,79.02531,67.00746
13.0384,13.0384,13.15295,12.16553,12.16553,12.04159,12.16553,11.04536,12.16553,11.18034,11.18034,11.18034,11.18034,11.18034,10.19804,11.40175,10.44031,11.18034,10.44031,10.44031,10.44031,10.44031,10.19804,10.44031,10.19804,10.19804,9.21954,10.19804,9.21954,9.21954,9.21954,9.21954,9.21954,8.06226,8.06226,8.06226,8.06226,8.0,7.07107,7.0,7.0,6.0,7.0,6.0,6.0,6.0,5.09902,5.09902,5.09902,5.09902,5.09902,4.12311,73.00685,68.88396,77.82031,65.8635,68.942,70.21396,67.08204,69.857,64.84597,67.54258,62.64982,54.78138,63.32456,52.81098,59.13544,60.00833,55.7853,62.93648,57.56735,61.98387,58.24088,51.24451,53.33854,56.29387,58.82176,50.21952,53.16014,55.7853,46.09772,55.08176,47.92703,48.27007,49.33559,48.50773,40.8534,43.17407,46.84015,41.4367,44.59821,38.07887,41.67733,38.94868,32.89377,36.24914,29.15476,31.90611,33.12099,33.10589,31.40064,30.41381,25.80698,29.41088,23.34524,24.20744,20.51828,23.32381,21.63331,10.63015,9.84886,5.83095,12.20656,10.0,10.0,12.0,13.34166,16.0,23.02173,26.07681,30.01666,32.14032,31.257,35.90265,37.12142,48.83646,46.09772,48.83646,48.10405,56.04463,56.921,58.18075,61.7414,64.88451,68.0,66.57327,64.66065,64.63745,71.34424,67.42403,73.81734,67.00746,69.06519,74.02702,68.8186,67.6757,73.24616,69.81404,72.24957,71.40028,69.52697,68.60029,67.6757,72.67049,61.85467,67.20119,60.03332,70.83078,61.40033,65.76473,61.77378,69.857,67.54258,69.77105,75.02666,74.67262
12.64911,11.7047,12.08305,11.7047,11.7047,10.77033,10.77033,10.77033,10.77033,10.77033,10.77033,9.84886,10.29563,10.29563,10.29563,10.29563,9.43398,10.29563,9.43398,9.43398,9.43398,9.43398,9.43398,9.43398,9.43398,8.94427,8.94427,8.94427,8.94427,8.06226,7.61577,8.06226,7.61577,7.61577,7.61577,7.28011,7.28011,6.32456,6.32456,6.32456,6.32456,6.08276,6.08276,5.09902,5.09902,5.0,5.0,5.0,4.0,4.0,4.12311,3.16228,78.77182,79.62412,68.70953,67.60178,76.6942,70.26379,66.48308,70.38466,67.06713,62.96825,59.48109,60.92618,60.40695,58.69412,58.18075,57.38467,65.14599,57.56735,55.54278,60.40695,54.91812,60.16644,58.69412,55.7853,55.36244,55.31727,52.63079,53.36666,51.24451,56.29387,55.08176,50.28916,49.0408,47.80167,45.88028,43.86342,44.38468,41.48494,45.69464,38.07887,34.9285,41.14608,36.76955,33.61547,34.0147,34.88553,28.79236,35.34119,27.45906,30.4795,26.90725,28.42534,27.65863,24.08319,24.83948,22.62742,22.67157,8.60233,10.29563,10.29563,11.40175,11.18034,12.36932,11.40175,10.19804,16.03122,23.19483,22.0,25.17936,32.28002,31.01612,34.0147,36.01389,40.04997,44.91102,49.16299,49.64877,54.34151,57.97413,62.96825,57.24509,67.06713,63.07139,63.06346,64.4748,68.47627,67.1193,64.14047,66.37017,72.20111,67.1193,69.89278,68.50547,66.37017,70.83078,71.19691,72.56032,68.00735,69.11584,63.81222,76.27582,66.03787,61.77378,61.85467,62.76942,65.51336,69.77105,60.82763,67.62396,67.62396,69.26038,70.00714,70.2282,78.29432
12.04159,12.16553,12.04159,11.04536,12.04159,11.04536,11.04536,11.18034,10.19804,10.19804,11.18034,10.19804,10.19804,10.19804,10.19804,10.44031,9.48683,10.44031,9.48683,9.48683,9.21954,9.21954,9.21954,9.48683,9.21954,9.21954,9.21954,9.21954,8.24621,9.21954,8.06226,8.06226,8.06226,7.07107,8.06226,8.06226,7.07107,6.0,6.0,6.0,6.0,5.0,6.0,5.0,5.0,5.0,5.09902,4.12311,4.12311,4.12311,3.16228,3.16228,71.02816,73.40981,74.88658,71.02112,69.81404,60.0,62.80127,66.85058,64.66065,61.91123,59.90826,58.83026,61.29437,59.40539,61.40033,58.30952,57.00877,59.90826,59.20304,57.3062,53.66563,49.24429,55.00909,50.56679,54.08327,52.83938,50.11986,54.58938,54.70832,57.24509,44.77723,48.41487,48.37355,51.0392,48.60041,46.8615,41.6173,43.82921,41.40048,41.10961,41.7732,38.20995,39.69887,29.0,33.12099,33.97058,34.4093,29.69848,29.20616,26.40076,28.84441,23.43075,22.82542,24.59675,25.96151,25.23886,20.61553,11.18034,11.31371,10.0,8.544,10.44031,9.48683,11.04536,14.31782,15.29706,19.10497,23.02173,25.17936,31.14482,27.29469,37.01351,43.01163,45.01111,40.4475,47.67599,51.1957,52.17279,55.08176,52.81098,63.56099,63.07139,60.92618,58.18075,62.26556,62.1289,71.34424,65.45991,73.81734,70.80254,69.40461,75.16648,62.482,68.41053,69.02898,67.47592,63.00794,68.76772,68.68042,70.60453,68.76772,65.21503,68.24954,62.80127,62.42596,61.03278,60.959,65.80274,66.37017,60.41523,65.74192,72.20111,69.11584,70.66116
12.08305,12.08305,11.7047,12.08305,12.08305,11.18034,10.77033,10.77033,10.77033,10.77033,10.77033,10.77033,10.77033,9.48683,9.48683,10.44031,10.44031,9.48683,9.21954,9.21954,9.21954,9.21954,9.48683,9.21954,9.48683,9.48683,9.48683,9.48683,8.24621,8.544,8.544,8.544,8.544,7.61577,7.61577,7.61577,7.2111,6.7082,6.7082,6.7082,5.83095,5.83095,5.83095,5.0,5.0,5.0,5.65685,4.24264,4.24264,5.0,4.47214,4.47214,76.15773,67.53518,72.94518,71.19691,74.79305,66.7308,63.95311,62.17717,61.85467,58.18075,59.16925,61.05735,62.76942,51.10773,53.53504,59.64059,61.85467,49.40648,54.48853,54.03702,55.60576,51.22499,54.45181,49.81967,52.63079,50.20956,50.9902,46.8615,46.2277,56.40035,50.0,51.40039,44.82187,41.03657,48.54894,42.2019,40.49691,45.25483,39.05125,41.04875,38.01316,37.73592,35.8469,35.8469,32.24903,30.88689,27.78489,29.96665,29.73214,26.40076,25.4951,23.76973,21.93171,22.47221,24.5153,17.11724,22.02272,11.04536,11.18034,9.05539,8.06226,8.06226,12.80625,12.04159,15.0,19.23538,12.80625,22.02272,25.23886,24.69818,34.98571,38.01316,38.28838,40.31129,41.03657,41.03657,45.96738,52.63079,55.44367,55.22681,58.18075,63.06346,61.29437,64.62198,62.96825,56.85948,69.35416,66.12866,68.35203,64.19502,70.00714,69.57011,67.6757,67.05222,67.72001,62.8172,66.94027,64.53681,67.72001,66.76077,62.64184,67.72001,60.72891,65.0,64.88451,62.64982,60.53924,59.9333,70.23532,66.37017,59.94164,68.26419,67.74216,73.60027
13.45362,13.45362,12.04159,13.45362,12.72792,12.72792,12.04159,12.04159,12.04159,11.40175,11.40175,11.40175,11.40175,11.40175,11.40175,10.81665,10.81665,10.81665,10.81665,10.81665,10.81665,10.81665,10.0,10.81665,10.81665,10.0,10.0,10.0,10.0,10.0,9.21954,9.21954,9.21954,9.21954,9.21954,8.48528,8.48528,7.81025,7.81025,7.81025,6.40312,7.07107,6.40312,6.40312,6.40312,5.83095,5.83095,5.83095,5.38516,5.38516,5.38516,5.38516,71.02816,76.05919,73.02739,68.11755,69.02898,69.02898,65.03076,65.0,59.03389,63.28507,61.07373,56.0357,61.07373,57.00877,61.0,58.03447,57.00877,55.22681,55.9017,54.33231,55.7315,55.14526,54.58938,53.46027,57.31492,52.15362,50.63596,54.34151,57.21888,49.47727,47.51842,48.6621,47.26521,43.04649,42.57934,42.0119,45.04442,41.01219,46.0,37.05401,37.05401,39.05125,33.37664,36.49658,37.33631,31.57531,30.14963,30.26549,28.16026,29.42788,29.12044,23.76973,30.08322,23.70654,21.9545,21.47091,20.80865,10.44031,9.48683,12.0,8.0,13.0,11.7047,15.81139,18.43909,20.61553,20.59126,20.61553,26.0,30.01666,33.61547,39.82462,40.31129,46.06517,44.01136,54.626,50.80354,55.36244,59.66574,57.70615,62.80127,67.26812,63.12686,69.26038,66.1211,69.06519,69.00725,66.91039,77.10383,68.35934,72.1734,72.99315,67.60178,68.593,71.02816,71.70077,72.06247,72.24957,70.34913,67.08204,70.34913,68.593,59.5399,62.514,63.50591,65.37584,66.48308,67.00746,65.27634,64.12488,66.1211,69.26038,74.24284,74.02702
12.04159,12.04159,12.04159,12.04159,12.04159,11.04536,11.04536,10.04988,10.04988,10.04988,11.04536,10.04988,10.19804,10.19804,10.19804,10.19804,10.19804,9.21954,9.21954,9.21954,9.21954,9.21954,9.21954,9.21954,9.21954,9.21954,9.21954,9.21954,9.21954,8.06226,8.06226,8.06226,8.06226,8.06226,7.0,7.0,7.0,7.0,7.0,6.08276,6.0,6.08276,6.08276,5.09902,5.09902,5.09902,5.38516,4.12311,4.47214,4.47214,4.47214,3.60555,66.48308,68.942,69.77822,63.97656,61.05735,65.36819,60.83584,70.23532,56.36488,62.43397,63.97656,59.94164,58.13777,57.00877,61.32699,60.00833,53.45091,57.00877,59.48109,51.26402,55.97321,53.48832,55.65968,51.66237,51.24451,52.17279,54.56189,50.28916,53.85165,54.23099,49.65884,50.15974,50.28916,49.64877,40.70626,46.52956,39.56008,40.16217,44.29447,39.66106,33.12099,35.0,31.7805,37.21559,33.28663,32.20248,29.83287,31.62278,28.3196,23.02173,26.40076,26.90725,18.38478,21.9545,20.80865,21.47091,19.20937,12.20656,8.48528,8.06226,12.36932,10.44031,8.06226,8.0,10.0,15.29706,20.09975,26.1725,28.63564,33.01515,31.01612,35.0571,36.12478,42.42641,43.41659,50.35871,49.36598,51.41984,54.74486,52.92447,60.74537,64.07808,66.85058,61.77378,67.53518,62.64982,68.96376,61.91123,67.60178,70.17834,66.03787,70.17834,68.60029,66.4003,68.41053,64.40497,62.20129,70.21396,61.29437,67.80118,62.96825,61.55485,60.37384,61.91123,65.8635,56.93856,58.13777,62.26556,65.51336,67.97794,58.30952,68.942,67.23095,74.32362
12.16553,12.16553,11.18034,11.18034,11.18034,11.18034,11.04536,10.04988,10.04988,10.04988,10.04988,10.04988,10.0,10.04988,10.0,10.0,10.0,10.0,9.05539,9.0,9.0,9.05539,9.0,9.0,9.0,9.0,9.0,9.0,8.0,8.0,8.0,8.0,8.06226,7.07107,7.07107,7.07107,7.07107,6.08276,6.08276,6.08276,5.09902,5.09902,5.09902,5.09902,5.09902,4.47214,4.47214,4.47214,4.47214,3.60555,3.60555,3.60555,80.99383,69.89278,73.57309,65.80274,76.27582,71.8401,63.51378,68.8186,66.0303,62.00806,60.21628,58.82176,56.0803,60.44005,58.13777,56.72742,60.30755,55.31727,52.49762,53.07542,58.69412,51.73973,54.45181,51.62364,59.66574,53.07542,52.34501,52.3259,50.24938,50.9902,47.80167,53.75872,46.61545,52.34501,48.16638,42.80187,42.44997,42.43819,39.82462,47.43416,35.51056,40.31129,33.83785,37.12142,29.54657,33.24154,26.92582,30.52868,28.79236,29.96665,31.95309,23.76973,23.34524,17.72005,25.31798,21.84033,20.09975,7.81025,8.06226,4.12311,9.48683,4.47214,12.20656,12.16553,15.52417,14.86607,18.0,21.84033,23.76973,30.41381,32.69557,35.77709,38.91015,48.30114,41.40048,43.41659,48.41487,48.79549,56.63921,53.74012,60.1415,66.06815,67.17887,59.81639,61.84658,65.8635,64.3506,64.88451,72.20111,67.1193,66.64083,72.00694,66.7308,64.84597,68.09552,65.36819,68.47627,68.44706,64.88451,66.03787,64.00781,61.40033,71.28113,61.40033,57.14018,64.40497,62.96825,60.60528,58.89822,70.80254,64.44377,67.80118,67.41662,71.21798
12.36932,12.36932,12.36932,12.36932,12.36932,11.40175,11.40175,11.40175,11.40175,10.44031,10.44031,10.77033,10.44031,10.44031,9.48683,10.77033,9.84886,9.84886,9.84886,9.84886,9.84886,9.84886,9.84886,9.84886,9.84886,9.84886,9.84886,8.94427,8.94427,8.544,8.544,8.544,8.544,7.61577,8.24621,7.28011,7.28011,7.28011,7.07107,6.08276,6.08276,6.08276,6.08276,6.08276,6.08276,5.0,5.0,5.0,5.0,5.0,5.09902,4.12311,74.30343,68.24954,72.06941,68.09552,65.36819,68.96376,66.64833,65.36819,62.1289,60.90156,60.92618,64.07808,58.69412,54.12024,57.27128,54.78138,55.9017,53.31041,54.626,55.71355,54.12024,57.93962,52.20153,51.92302,54.08327,48.46648,52.88667,50.59644,49.24429,48.70318,46.61545,46.17359,45.31004,44.94441,43.46263,51.0,41.76123,36.40055,41.14608,37.12142,39.44617,38.01316,31.62278,35.35534,30.80584,31.30495,31.06445,31.06445,26.62705,26.62705,27.01851,20.0,20.59126,24.20744,17.49286,16.12452,21.47091,9.48683,7.81025,13.0384,7.61577,11.40175,13.41641,13.15295,14.14214,19.41649,21.2132,23.19483,26.07681,32.75668,34.36568,31.14482,35.69314,43.01163,45.22168,44.28318,52.39275,50.32892,51.5461,59.03389,62.26556,60.80296,59.90826,64.2028,65.80274,65.29931,69.81404,63.70243,68.11755,72.24957,68.88396,68.88396,69.42622,66.52819,72.13876,67.17887,63.70243,68.11755,68.88396,65.76473,61.84658,63.25346,65.0,61.6198,64.3506,63.60031,64.2028,59.40539,69.97142,65.0,62.1289,70.23532,69.31811,68.0
14.14214,13.15295,13.34166,13.15295,13.15295,12.16553,12.16553,12.36932,12.16553,11.40175,11.40175,12.36932,11.40175,11.40175,11.40175,11.40175,11.7047,10.44031,10.77033,10.77033,10.44031,10.77033,10.44031,10.77033,10.77033,10.44031,10.44031,10.44031,10.44031,9.48683,9.48683,9.48683,9.48683,9.21954,8.24621,8.24621,8.06226,8.06226,7.07107,7.07107,7.07107,7.07107,6.08276,6.08276,6.0,6.0,6.0,5.0,5.0,5.0,5.09902,4.12311,70.29225,71.06335,73.23933,72.24957,68.41053,64.3506,68.60029,67.62396,60.60528,62.80127,61.7171,61.22091,59.90826,59.03389,53.60037,54.6443,59.40539,53.33854,48.02083,57.68882,51.62364,60.20797,51.42956,54.56189,47.01064,53.22593,52.00961,48.37355,53.33854,47.43416,48.37355,49.09175,48.25971,44.29447,47.50789,46.32494,43.26662,44.40721,39.40812,37.53665,39.82462,37.48333,31.89044,38.20995,32.64966,29.0,27.58623,32.64966,26.87006,26.1725,26.40076,21.63331,23.43075,21.47091,24.69818,22.82542,18.02776,9.05539,9.43398,8.544,10.63015,11.6619,13.60147,12.36932,16.15549,19.92486,20.24846,24.69818,24.69818,33.37664,31.38471,32.55764,41.23106,40.71855,46.14109,40.31129,48.30114,51.62364,48.54894,56.85068,58.24946,64.2028,60.959,62.93648,61.52235,65.43699,70.03571,68.11755,67.20863,69.42622,66.6033,67.62396,68.7968,67.80118,65.19202,70.17834,67.35726,71.40028,66.70832,60.60528,68.62215,64.66065,63.03174,65.79514,63.12686,67.89698,62.28965,65.79514,64.03124,64.38167,64.81512,70.72482,67.00746,69.64194
12.20656,12.20656,12.20656,11.6619,11.6619,10.81665,10.81665,10.81665,10.81665,10.0,10.81665,10.63015,10.63015,10.0,10.0,9.89949,9.89949,9.21954,9.89949,9.89949,9.21954,9.89949,9.21954,9.21954,9.89949,9.21954,8.48528,8.48528,8.48528,8.48528,7.81025,7.81025,7.81025,7.81025,7.2111,7.2111,7.2111,7.2111,5.83095,5.83095,5.83095,5.83095,5.38516,5.38516,4.47214,4.12311,4.12311,4.12311,4.12311,4.12311,4.0,3.0,71.80529,71.16881,69.63476,66.94027,72.83543,62.0967,65.80274,63.78871,68.24954,56.51548,60.20797,56.29387,62.58594,61.18823,57.48913,58.42089,64.62971,57.03508,58.21512,55.22681,55.7315,54.33231,58.00862,50.03998,51.0098,54.00926,49.81967,55.00909,52.15362,51.0098,49.0102,49.81967,51.15662,50.01,45.39824,42.2019,46.27094,50.15974,42.75512,39.29377,39.20459,35.69314,36.40055,33.73426,35.77709,29.15476,34.48188,33.61547,25.96151,26.0,27.51363,24.69818,24.69818,24.59675,25.94224,18.60108,21.0238,11.7047,8.60233,6.32456,10.29563,7.0,7.07107,11.18034,13.0384,17.0,15.29706,22.56103,26.92582,30.67572,34.78505,36.12478,41.30375,38.11824,42.10701,51.0392,51.08816,55.7315,54.33231,55.10898,59.03389,57.56735,62.16912,63.06346,58.5235,65.0,61.35145,63.32456,64.84597,64.62198,64.2573,72.61543,67.1193,65.79514,67.74216,62.96825,69.857,71.58911,67.62396,60.82763,70.2282,56.79789,66.48308,67.23095,63.60031,59.20304,64.51356,62.0967,61.66036,65.73431,59.20304,68.73136,73.24616,73.5459
12.20656,12.20656,12.20656,12.20656,12.20656,10.81665,11.40175,11.40175,11.40175,10.0,11.40175,10.63015,10.63015,10.63015,10.63015,11.31371,9.89949,9.89949,9.89949,9.89949,9.89949,9.89949,9.89949,9.89949,9.89949,9.89949,9.89949,9.21954,8.48528,9.21954,7.81025,8.48528,8.48528,7.81025,7.81025,7.81025,7.2111,7.2111,6.40312,5.83095,5.83095,5.83095,5.83095,5.83095,4.47214,4.47214,4.47214,4.47214,4.47214,4.12311,4.12311,3.16228,68.54196,68.30813,72.78049,68.62215,74.33034,63.89053,69.64194,69.64194,61.35145,65.45991,67.18631,61.61169,63.56099,59.20304,61.84658,60.41523,58.94065,57.72348,61.68468,55.9017,60.01666,57.72348,56.88585,53.15073,53.75872,55.57877,53.33854,55.22681,46.17359,49.81967,55.7853,51.78803,47.43416,47.80167,45.89118,47.85394,43.17407,44.91102,45.31004,41.76123,37.94733,38.62642,40.70626,37.57659,34.43835,33.54102,34.0147,29.41088,27.78489,23.85372,24.41311,23.43075,22.62742,27.65863,22.62742,22.02272,20.61553,12.04159,9.43398,7.2111,13.15295,6.7082,13.60147,17.02939,16.03122,17.88854,22.09072,25.4951,24.33105,32.75668,32.55764,39.20459,38.32754,48.09366,48.01042,50.03998,49.0102,51.15662,54.33231,58.42089,60.87693,64.03124,67.44627,65.19202,68.44706,68.70953,72.23573,69.26038,71.58911,73.82412,72.44998,72.01389,71.55418,67.97794,70.21396,71.11259,68.54196,71.11962,67.54258,73.82412,68.02941,64.4748,69.64194,64.19502,69.64194,57.93962,63.32456,64.2573,70.03571,65.96969,64.28841,72.12489,70.34202,73.34848
13.34166,12.36932,12.64911,12.36932,12.36932,11.40175,11.40175,11.40175,11.40175,11.7047,11.7047,10.77033,10.77033,10.77033,10.77033,11.18034,9.84886,9.84886,10.29563,10.29563,9.84886,10.29563,9.84886,10.29563,9.84886,9.84886,9.84886,9.84886,9.84886,8.94427,8.544,8.544,8.544,8.544,8.544,7.28011,7.28011,7.28011,7.28011,7.28011,7.07107,6.08276,6.32456,6.08276,6.08276,5.09902,5.0,5.09902,5.0,5.0,4.0,4.0,74.02702,74.02702,77.42093,69.40461,73.5527,69.40461,67.20119,68.00735,62.62587,64.53681,64.66065,62.00806,63.41136,59.20304,56.61272,57.68882,61.03278,56.60389,57.80138,50.24938,58.18075,54.3783,55.9017,55.9464,53.00943,55.47071,48.25971,53.53504,51.0,50.21952,52.00961,52.15362,46.87217,46.64762,43.93177,50.80354,46.8615,44.82187,42.72002,37.53665,37.53665,43.13931,39.62323,36.23534,33.97058,32.80244,31.40064,27.65863,29.68164,25.0,25.4951,25.4951,25.94224,21.9545,19.31321,29.42788,19.64688,12.80625,10.63015,10.81665,10.81665,10.44031,8.94427,14.31782,14.31782,18.43909,22.0,23.19483,26.92582,34.23449,39.45884,39.31921,42.2019,45.35416,46.17359,46.84015,48.33218,50.9902,56.0803,56.60389,61.05735,63.00794,63.25346,60.87693,70.93659,66.21933,72.62231,65.76473,72.12489,68.68042,70.0928,71.42129,71.44928,64.38167,73.75636,74.95332,70.00714,76.38063,65.06919,75.00667,65.06919,69.02898,59.4138,62.36986,67.26812,66.70832,64.66065,64.66065,64.81512,69.63476,63.00794,71.84706,76.40026,69.97142
13.45362,13.45362,12.80625,13.45362,12.80625,12.80625,12.04159,12.04159,12.04159,12.20656,12.20656,12.20656,11.6619,11.6619,12.20656,11.6619,11.6619,10.29563,11.18034,10.81665,10.81665,10.81665,10.29563,10.29563,10.81665,10.29563,10.29563,10.0,10.81665,9.43398,9.43398,10.0,10.0,8.60233,8.60233,8.60233,8.60233,7.81025,7.81025,7.07107,7.07107,7.07107,7.07107,5.65685,6.40312,5.65685,6.40312,5.83095,5.0,5.0,5.0,4.47214,69.26038,73.0,73.00685,69.02898,68.18358,63.03174,70.00714,61.13101,62.07254,62.28965,54.33231,60.0,56.0,60.40695,59.3043,59.3043,54.58938,56.29387,54.74486,49.49747,54.12947,51.62364,56.04463,54.57105,49.64877,56.88585,48.70318,49.72927,51.92302,49.72927,48.27007,49.24429,50.44799,50.9902,41.48494,41.7732,45.12206,42.95346,42.0119,37.33631,39.01282,38.0526,35.12834,30.01666,36.12478,31.01612,29.01724,31.40064,27.29469,25.0,26.1725,20.02498,24.33105,22.56103,21.37756,22.47221,23.02173,11.40175,9.89949,10.44031,9.21954,9.48683,8.06226,15.0,18.24829,16.76305,21.37756,25.07987,21.84033,29.42788,33.52611,36.12478,36.05551,41.7732,48.16638,45.04442,53.00943,56.0357,56.0357,59.5399,62.514,59.43904,62.514,58.0517,66.28725,63.32456,68.88396,62.93648,73.24616,72.73239,65.96969,74.94665,62.39391,69.57011,71.7844,68.94926,69.26038,69.64194,76.15773,68.68042,73.00685,66.70832,70.88018,66.09841,67.74216,64.49806,63.78871,63.78871,62.1289,67.36468,65.03076,71.11259,69.00725,67.47592
13.60147,13.0384,13.0384,13.0384,13.0384,13.0384,11.6619,11.6619,11.6619,11.6619,11.6619,11.18034,11.18034,11.18034,11.18034,11.18034,11.18034,10.77033,10.77033,10.77033,11.18034,10.77033,9.84886,10.77033,10.29563,9.84886,9.84886,9.84886,9.84886,9.84886,8.94427,8.94427,9.43398,8.06226,8.94427,8.06226,8.60233,7.2111,7.2111,7.2111,6.40312,6.40312,6.40312,6.40312,5.65685,5.65685,5.65685,5.65685,5.65685,5.0,5.0,4.47214,76.11833,77.16217,79.42921,65.76473,61.40033,68.65858,59.68249,68.593,67.26812,59.84146,59.5399,59.66574,58.46366,53.23533,56.08921,54.57105,62.36986,60.16644,54.34151,51.62364,62.29767,50.69517,52.20153,50.96077,50.92151,58.5235,48.8467,56.51548,53.75872,43.68066,43.41659,47.07441,46.84015,51.97115,40.5216,41.97618,41.7732,41.48494,48.05206,36.67424,35.12834,38.20995,34.36568,32.14032,38.01316,29.01724,31.14482,26.07681,22.2036,23.08679,29.42788,24.33105,23.19483,24.33105,21.09502,18.43909,16.55295,14.42221,10.44031,12.16553,9.21954,12.36932,10.04988,12.08305,13.0,18.43909,20.61553,14.86607,28.01785,29.96665,35.0,37.21559,37.69615,44.77723,41.62932,47.53946,46.17359,51.66237,56.32051,54.12947,59.68249,61.81424,62.39391,61.40033,66.18912,64.12488,74.33034,63.00794,77.02597,69.00725,67.00746,69.00725,65.06919,66.0303,66.00758,72.00694,72.02777,71.17584,63.00794,69.00725,69.06519,68.06614,61.13101,62.03225,55.44367,66.37017,65.06919,66.48308,65.27634,64.93843,57.55867,71.38627,81.3941,71.84706
12.16553,11.18034,11.40175,11.18034,11.18034,10.19804,10.19804,10.19804,10.19804,9.48683,9.21954,9.48683,9.48683,9.48683,9.48683,9.48683,9.48683,9.48683,8.544,8.544,8.544,9.48683,8.544,8.544,9.48683,8.544,8.544,8.24621,8.24621,8.24621,7.28011,7.28011,8.06226,7.07107,7.07107,7.07107,6.08276,6.08276,6.0,6.0,6.0,5.0,5.0,5.09902,5.09902,4.12311,4.12311,4.12311,4.12311,3.16228,3.60555,3.60555,74.63243,69.06519,70.80254,71.8401,76.27582,69.2026,67.20119,74.02702,66.0303,67.47592,60.46487,64.63745,59.81639,53.53504,60.21628,61.22091,60.03332,55.9464,54.91812,54.3783,57.3062,55.07268,56.35601,56.82429,52.35456,59.5399,50.53712,52.83938,51.42956,51.97115,49.0408,51.86521,43.04649,51.31277,42.54409,45.79301,41.04875,42.0119,40.60788,36.06938,41.86884,36.06938,41.72529,40.49691,29.0,33.24154,27.80288,31.14482,26.90725,24.41311,28.01785,22.67157,25.6125,18.68154,24.18677,19.23538,22.47221,8.48528,6.40312,9.84886,11.40175,8.24621,13.60147,10.77033,13.0,15.0333,18.02776,26.07681,26.92582,31.7805,34.23449,36.49658,36.40055,45.54119,45.88028,44.59821,48.33218,50.60632,52.83938,56.0357,58.30952,59.68249,62.42596,60.20797,63.78087,68.593,68.62215,61.52235,70.00714,69.35416,65.76473,68.68042,68.11755,64.38167,68.11755,68.24954,66.48308,71.50524,65.79514,70.03571,65.79514,70.0928,55.22681,63.78087,65.8559,55.97321,60.10824,61.40033,67.47592,67.62396,60.60528,70.80254,76.40026,69.11584
13.0384,12.04159,12.16553,12.04159,12.16553,11.04536,11.04536,11.04536,11.04536,11.18034,10.19804,11.18034,10.19804,10.19804,10.19804,10.44031,10.19804,10.19804,10.19804,10.19804,10.19804,10.19804,9.21954,9.48683,9.21954,9.21954,9.21954,9.21954,8.24621,8.06226,8.06226,8.06226,8.06226,8.0,8.0,7.0,7.0,7.0,7.0,6.08276,6.08276,6.08276,6.08276,5.09902,5.09902,4.12311,4.47214,4.47214,4.47214,4.47214,4.47214,3.60555,80.62258,67.20863,71.44928,70.72482,69.29646,67.94115,64.38167,70.0928,66.6033,62.24147,65.79514,60.20797,58.0,56.22277,58.79626,54.20332,59.20304,53.0,55.80323,56.0803,59.20304,53.2635,53.7122,54.81788,53.41348,53.82379,50.80354,52.69725,52.69725,48.41487,50.47772,50.60632,45.27693,50.24938,39.69887,45.60702,46.09772,46.09772,45.25483,40.45986,38.8973,40.31129,31.82766,36.76955,33.6006,35.80503,33.6006,33.30165,29.41088,29.06888,24.20744,24.41311,22.80351,20.12461,24.18677,18.86796,19.23538,10.44031,9.84886,9.0,8.60233,5.83095,7.61577,14.03567,12.64911,16.27882,16.49242,24.5153,26.57066,30.41381,33.52611,33.24154,35.1141,39.82462,42.94182,51.42956,49.20366,55.0,55.22681,56.85068,60.1415,61.52235,62.93648,63.70243,67.35726,64.03124,68.8186,62.1289,70.21396,71.86793,69.46222,67.41662,64.14047,64.89992,69.06519,64.66065,73.23933,72.56032,66.57327,68.88396,62.1289,65.45991,59.64059,61.05735,60.60528,62.00806,65.06919,57.98276,65.06919,69.52697,58.72819,66.6033,70.71068,77.23341
13.0384,13.0384,12.04159,13.0384,12.04159,12.16553,12.16553,11.18034,11.18034,11.18034,11.18034,11.18034,11.18034,11.18034,11.18034,11.40175,10.44031,10.19804,10.19804,10.19804,10.19804,10.19804,10.19804,10.19804,10.19804,10.44031,10.19804,9.21954,9.21954,9.21954,9.05539,9.21954,9.05539,8.06226,9.05539,8.0,8.0,8.0,7.0,7.0,7.07107,7.07107,6.08276,6.08276,6.08276,6.08276,5.09902,5.09902,5.38516,5.38516,5.38516,4.47214,71.8401,75.0733,68.00735,66.21933,72.20111,60.82763,72.24957,63.00794,57.38467,60.74537,57.48913,59.16925,62.42596,59.90826,53.33854,56.79789,58.18075,57.80138,52.43091,51.89412,61.7171,55.9464,54.626,51.97115,49.1935,57.24509,51.47815,52.35456,46.06517,48.8467,47.42362,46.64762,46.64762,42.04759,46.52956,43.04649,44.77723,41.67733,39.39543,39.96248,41.88078,38.83298,36.87818,33.30165,34.82815,34.20526,33.30165,26.87006,22.62742,29.0,25.4951,21.63331,25.05993,19.20937,19.41649,15.81139,19.69772,14.03567,6.08276,5.83095,11.18034,8.60233,10.63015,7.81025,16.0,18.68154,21.37756,21.54066,30.08322,35.34119,34.53983,34.48188,39.39543,36.71512,43.46263,48.54894,49.64877,51.22499,60.0,57.42822,56.0803,63.03174,62.24147,60.959,66.52819,68.24954,70.80254,68.0147,70.0,66.85058,72.11103,69.52697,71.21798,70.43437,69.40461,70.80254,75.0,68.00735,62.62587,67.42403,68.76772,63.89053,66.70832,68.0147,60.81118,64.38167,70.72482,63.03174,67.47592,64.53681,63.24555,66.52819,72.00694,70.93659
12.80625,11.40175,12.20656,11.40175,11.40175,11.40175,10.81665,10.81665,10.81665,10.81665,10.29563,10.29563,10.29563,10.29563,10.29563,10.77033,9.84886,9.84886,9.84886,9.84886,9.84886,8.94427,9.84886,9.84886,9.84886,9.84886,8.94427,8.94427,8.94427,8.544,8.06226,8.06226,8.06226,8.06226,8.06226,7.2111,7.2111,6.40312,6.40312,6.40312,6.40312,5.0,5.0,5.0,5.0,4.24264,4.24264,4.24264,4.24264,3.60555,3.60555,3.16228,76.53104,80.62258,69.42622,68.44706,75.66373,65.11528,66.37017,64.12488,64.13267,56.56854,55.9017,57.00877,57.97413,65.25335,57.87055,59.20304,64.84597,59.48109,54.40588,53.85165,54.40588,57.56735,52.20153,52.88667,54.08327,54.08327,52.20153,51.24451,51.92302,51.26402,48.08326,42.37924,52.17279,46.23851,48.27007,45.27693,45.60702,45.89118,46.52956,39.81206,37.64306,38.07887,37.0,36.01389,27.0,34.36568,28.07134,29.61419,27.16616,30.06659,28.07134,25.4951,28.0,24.5153,20.0,22.13594,18.97367,7.28011,5.0,5.38516,8.0,8.06226,7.07107,13.0,15.0,15.0,19.10497,25.6125,25.4951,30.41381,32.44996,39.69887,34.43835,41.62932,46.06517,39.35734,52.80152,57.00877,56.0803,51.1957,61.98387,62.96825,61.98387,63.63961,64.62971,71.06335,64.28063,65.06919,64.07027,66.0303,65.03076,78.00641,67.1193,66.27217,67.02984,72.00694,69.11584,68.26419,67.02984,60.00833,68.02941,56.0357,57.07889,59.00847,65.12296,69.00725,62.00806,67.26812,65.11528,59.68249,66.28725,72.56032,65.25335,74.33034
12.08305,10.77033,11.7047,10.77033,10.77033,9.84886,10.44031,10.44031,9.48683,9.48683,10.44031,9.48683,9.48683,9.48683,9.48683,10.19804,9.21954,9.21954,9.21954,9.21954,9.21954,9.21954,9.21954,9.21954,9.21954,8.24621,8.24621,8.24621,8.24621,8.24621,7.28011,7.28011,7.28011,7.28011,7.28011,7.61577,6.7082,6.7082,5.83095,5.38516,5.83095,5.83095,5.0,5.0,5.0,3.60555,4.24264,4.24264,4.24264,3.60555,3.60555,3.60555,76.15773,71.80529,78.43469,69.26038,68.62215,70.2282,73.08215,67.72001,65.45991,60.00833,61.98387,63.32456,58.30952,58.30952,64.40497,62.16912,62.6099,57.3062,59.03389,61.05735,56.93856,56.30275,60.03332,53.7122,50.53712,55.03635,53.53504,54.91812,51.0,49.92995,44.77723,51.61395,54.20332,42.95346,48.54894,46.06517,43.65776,47.42362,47.53946,38.48376,42.15448,40.31129,40.8534,39.56008,32.98485,36.68787,27.89265,32.89377,29.15476,26.92582,26.30589,25.17936,22.2036,25.31798,19.0,19.0263,18.11077,7.0,7.2111,7.28011,8.24621,12.04159,11.40175,12.20656,15.6205,18.02776,22.67157,25.4951,26.87006,27.58623,33.24154,38.60052,41.34005,42.43819,45.79301,44.72136,48.75449,57.27128,57.93962,57.56735,63.34824,64.03124,66.40783,67.08204,67.46851,66.61081,71.80529,64.28063,72.33948,68.02941,74.33034,71.02816,69.35416,68.18358,67.60178,68.35934,72.06247,70.11419,68.88396,66.18912,71.44928,66.91039,62.07254,63.63961,58.69412,66.4906,65.37584,62.16912,69.07966,68.68042,69.89278,73.38937,75.27284,69.35416
12.04159,11.40175,12.20656,11.40175,11.40175,11.40175,11.40175,10.81665,10.81665,10.81665,10.81665,10.29563,10.29563,10.29563,10.29563,10.29563,9.84886,9.84886,9.84886,9.84886,9.84886,10.29563,8.94427,9.84886,8.94427,8.94427,8.94427,8.94427,8.94427,8.94427,8.06226,8.06226,8.06226,7.2111,7.2111,7.2111,7.2111,6.40312,6.40312,6.40312,6.40312,5.65685,5.65685,5.65685,5.0,4.24264,4.24264,3.60555,3.60555,3.60555,3.60555,3.16228,72.06247,64.38167,75.10659,68.0,64.0,63.1981,63.3877,69.11584,60.13319,58.00862,62.00806,60.20797,58.21512,60.53098,57.21888,52.95281,57.55867,59.22837,57.87055,53.36666,56.29387,49.25444,57.28001,53.45091,51.62364,57.87055,49.47727,59.90826,50.44799,51.66237,51.78803,52.7731,47.67599,47.51842,40.60788,49.36598,49.09175,46.01087,44.01136,43.04649,37.05401,37.12142,36.49658,40.04997,39.01282,30.26549,29.15476,28.28427,32.01562,28.16026,24.08319,21.18962,20.24846,19.72308,19.64688,20.61553,21.9545,12.36932,8.544,5.09902,10.0,8.24621,4.12311,12.80625,13.92839,17.80449,17.20465,24.83948,22.67157,31.62278,30.80584,39.96248,34.9285,42.05948,42.15448,48.8467,50.96077,52.7731,55.31727,57.55867,60.67125,61.40033,62.514,59.13544,66.0303,63.07139,71.0,60.13319,65.49046,66.18912,65.06919,72.99315,66.75328,62.20129,65.19202,74.24284,66.1211,67.60178,61.03278,69.58448,66.48308,70.06426,60.40695,65.11528,65.06919,64.28063,59.0,63.0,67.1193,59.07622,62.0,64.77654,75.53807,72.24957
11.40175,11.40175,11.40175,11.40175,10.63015,10.0,10.0,10.0,9.43398,10.0,10.0,10.0,9.43398,9.43398,9.43398,8.94427,8.94427,8.94427,8.94427,8.94427,8.94427,8.94427,8.94427,8.94427,9.43398,8.06226,8.06226,8.06226,8.06226,8.06226,8.06226,8.06226,7.2111,7.2111,6.40312,6.40312,6.40312,5.65685,5.65685,5.65685,5.65685,5.65685,5.65685,5.0,4.24264,4.24264,3.60555,3.60555,3.60555,3.16228,3.16228,3.16228,75.13322,79.07591,73.34848,67.44627,68.68042,67.89698,63.06346,65.96969,63.78871,61.81424,58.94065,54.34151,59.13544,58.5235,57.00877,52.92447,64.62198,56.64804,56.30275,53.66563,56.0803,53.48832,53.33854,55.71355,57.69749,56.35601,54.20332,54.23099,55.54278,46.51881,46.09772,50.11986,52.35456,53.66563,42.05948,47.16991,50.9902,41.78516,41.4367,43.46263,34.78505,38.47077,31.06445,39.29377,29.42788,28.79236,29.27456,31.40064,25.17936,27.29469,24.0,24.18677,28.16026,21.0238,23.34524,23.08679,22.02272,8.06226,12.16553,10.0,9.84886,6.40312,11.18034,11.6619,10.29563,18.02776,21.63331,22.2036,29.15476,28.84441,30.88689,37.64306,41.18252,45.22168,47.67599,47.43416,52.88667,59.66574,56.61272,60.13319,58.07753,62.39391,64.0,60.07495,67.06713,70.0,69.00725,65.76473,66.61081,69.18092,68.0,67.1193,71.00704,71.17584,66.75328,68.593,65.37584,68.46897,69.35416,65.12296,68.46897,61.29437,64.0,59.00847,60.13319,67.00746,66.06815,63.07139,57.42822,64.28063,61.18823,73.4983,68.06614,73.5459
13.0,13.0,13.0,13.0,13.0,11.7047,11.7047,11.7047,11.7047,11.40175,11.7047,11.40175,11.40175,11.40175,11.40175,11.18034,10.19804,11.18034,10.19804,11.18034,10.19804,11.18034,11.18034,11.18034,11.18034,10.19804,10.19804,10.19804,10.19804,10.19804,8.24621,9.21954,9.48683,8.24621,8.544,8.544,8.544,7.61577,7.61577,6.7082,6.7082,6.7082,6.7082,6.7082,5.83095,5.83095,5.83095,5.83095,5.0,5.0,5.0,4.24264,76.15773,77.17513,68.96376,63.52952,71.58911,66.24198,68.47627,61.29437,60.20797,62.6099,57.42822,59.16925,60.80296,61.40033,50.80354,53.41348,59.03389,57.00877,56.85068,55.22681,49.51767,50.32892,58.0,55.17246,56.85068,57.62812,56.0803,48.83646,52.00961,50.20956,43.86342,51.62364,51.22499,43.93177,46.8615,44.40721,45.79301,41.6173,39.40812,37.44329,41.88078,34.1321,39.40812,34.48188,34.0147,32.20248,30.41381,29.15476,29.15476,30.36445,23.08679,21.58703,26.92582,17.02939,20.12461,20.61553,17.11724,13.15295,9.05539,14.03567,7.28011,8.60233,13.45362,12.72792,12.80625,17.20465,20.12461,19.23538,24.18677,34.4093,32.55764,34.05877,36.79674,45.27693,45.96738,45.60702,53.15073,54.08327,57.00877,59.64059,59.68249,61.91123,61.05735,62.26556,64.40497,64.2573,69.46222,69.28925,70.00714,68.00735,70.2282,67.72001,67.72001,71.47027,70.88018,71.47027,66.09841,70.60453,68.96376,66.12866,70.5195,61.03278,66.21178,61.46544,64.51356,63.95311,66.64083,63.95311,63.97656,65.0,63.07139,72.56032,71.19691,77.82673
12.64911,11.7047,11.7047,11.7047,11.7047,11.7047,11.7047,10.77033,10.77033,10.77033,10.77033,11.18034,9.84886,9.84886,9.84886,10.29563,10.29563,10.29563,9.43398,10.29563,9.43398,9.43398,10.29563,8.94427,9.84886,8.94427,8.94427,8.94427,8.94427,8.94427,8.06226,8.94427,7.61577,7.61577,7.61577,7.61577,7.28011,6.32456,6.32456,6.32456,6.08276,6.08276,5.09902,5.09902,5.09902,5.09902,4.12311,4.0,4.0,4.0,4.0,3.0,78.03204,73.43024,72.71864,71.17584,66.21178,70.21396,68.8767,65.8635,61.85467,64.07808,64.41273,60.83584,62.24147,59.23681,60.40695,57.56735,59.23681,58.18935,54.78138,56.29387,62.96825,56.61272,53.15073,51.24451,49.33559,56.30275,50.44799,53.60037,49.33559,55.65968,53.60037,53.85165,46.61545,47.29693,40.16217,52.0,42.05948,41.23106,43.08132,42.94182,40.31129,41.18252,35.35534,37.16181,32.24903,34.43835,35.0,33.61547,32.44996,27.51363,27.29469,27.01851,29.41088,19.84943,24.08319,22.67157,24.75884,9.84886,5.83095,3.60555,9.21954,8.06226,8.0,10.0,17.26268,20.39608,18.78829,24.08319,27.07397,30.06659,34.36568,34.71311,37.10795,46.87217,44.38468,53.85165,53.31041,51.47815,56.79789,51.42956,63.28507,62.96825,61.77378,67.62396,72.11103,63.60031,71.40028,62.62587,72.91776,65.79514,72.12489,70.72482,71.44928,70.00714,74.20243,69.29646,69.52697,70.71068,63.00794,68.00735,63.89053,67.26812,68.60029,69.42622,57.80138,65.21503,63.25346,66.85058,62.62587,64.14047,64.41273,67.62396,75.17978,71.55418
12.20656,11.6619,11.6619,12.20656,10.81665,10.81665,10.81665,10.29563,10.29563,10.29563,10.29563,9.84886,9.84886,9.84886,9.84886,9.84886,9.84886,8.94427,9.84886,8.94427,9.84886,9.84886,8.94427,9.84886,8.94427,8.94427,8.94427,8.94427,8.94427,8.06226,8.06226,8.06226,8.06226,7.2111,7.2111,7.2111,7.2111,6.40312,6.40312,6.40312,5.65685,5.65685,5.65685,4.24264,5.0,4.24264,4.47214,3.60555,3.60555,3.60555,3.16228,3.16228,78.77182,74.24284,74.73286,68.73136,70.21396,66.28725,61.0,69.05071,61.39218,67.60178,64.56005,59.43904,54.40588,56.61272,55.7853,63.06346,57.00877,56.85948,59.20304,46.32494,58.18935,49.33559,56.0803,52.63079,53.14132,54.12024,50.92151,51.5461,55.36244,49.64877,50.0,48.50773,49.47727,49.33559,45.35416,47.53946,43.56604,43.41659,49.16299,44.55334,34.23449,36.05551,38.11824,40.11234,29.06888,31.14482,23.02173,31.14482,29.06888,32.01562,25.70992,27.01851,24.73863,21.2132,19.23538,15.29706,18.78829,8.544,10.77033,7.0,10.44031,12.52996,10.81665,10.63015,14.76482,18.60108,14.86607,26.1725,28.3196,29.73214,35.35534,37.01351,38.27532,46.01087,39.66106,46.32494,46.95743,53.22593,55.36244,55.65968,57.58472,57.28001,61.13101,58.24088,65.96969,64.93843,67.60178,68.35934,71.34424,65.19202,62.20129,74.16873,68.02941,61.40033,66.75328,70.02857,70.11419,68.06614,68.593,67.26812,68.11755,65.19202,58.54912,62.28965,61.29437,59.5399,62.28965,63.06346,66.28725,64.7611,60.16644,67.91171,65.96969,75.9276
13.0384,13.0384,12.52996,13.0384,11.6619,11.6619,11.6619,11.6619,11.6619,11.18034,11.18034,12.08305,10.77033,10.77033,10.77033,10.77033,11.7047,10.77033,10.44031,10.44031,10.44031,10.44031,10.77033,10.44031,10.44031,10.44031,9.48683,9.48683,9.48683,9.48683,9.48683,8.544,8.544,8.544,8.94427,7.61577,7.61577,7.61577,7.61577,6.7082,6.7082,6.7082,5.83095,5.83095,5.83095,5.0,5.0,5.0,5.0,4.24264,4.24264,4.24264,69.00725,67.00746,69.46222,72.02777,70.00714,69.0,64.28063,69.11584,58.21512,65.37584,66.27217,61.52235,64.28063,51.35173,63.3877,58.85576,61.81424,57.72348,58.24946,53.46027,60.20797,54.58938,53.85165,51.97115,53.45091,54.91812,48.37355,52.63079,51.1957,53.15073,56.29387,50.9902,45.12206,49.16299,48.83646,43.18565,43.93177,46.01087,41.59327,42.0119,43.04649,36.22154,35.01428,32.24903,33.37664,32.0,32.0,32.0,25.31798,26.68333,30.41381,24.02082,29.01724,20.59126,23.4094,19.79899,21.0238,10.19804,8.06226,4.12311,7.28011,8.06226,9.84886,11.6619,14.14214,19.41649,20.51828,20.0,28.6531,30.0,30.23243,37.57659,42.15448,45.31004,43.46263,41.67733,51.41984,54.81788,59.43904,56.08921,56.32051,58.00862,62.20129,68.06614,72.00694,61.0082,69.00725,68.02941,75.02666,66.48308,69.18092,71.25307,70.85901,66.48308,67.26812,73.43705,72.83543,70.71068,69.06519,68.593,64.38167,69.18092,64.38167,64.77654,65.03076,63.0,61.07373,59.07622,72.02777,63.0,65.19202,66.48308,71.06335,72.11103
12.36932,11.40175,11.40175,11.40175,11.40175,11.40175,10.44031,10.44031,10.44031,10.44031,10.44031,9.48683,10.77033,9.84886,9.84886,9.84886,8.94427,9.84886,8.94427,8.94427,8.94427,8.94427,8.94427,8.94427,8.94427,8.94427,8.94427,8.94427,8.94427,7.61577,7.61577,7.61577,7.61577,7.61577,7.61577,7.28011,7.28011,7.07107,6.08276,6.08276,6.08276,5.09902,6.08276,5.09902,5.0,4.0,5.0,4.0,4.0,4.12311,4.12311,3.16228,71.84706,72.47068,69.02898,67.47592,69.06519,67.47592,66.85058,64.3506,64.81512,61.40033,58.82176,61.61169,62.42596,61.03278,55.75841,59.48109,57.70615,60.41523,51.42956,58.59181,54.626,59.68249,54.12947,48.76474,51.42956,56.30275,55.4617,52.0,49.64877,50.15974,47.41308,49.65884,51.42956,46.09772,44.29447,40.71855,48.02083,43.46263,47.50789,43.27817,39.05125,34.48188,34.82815,33.83785,29.0,31.90611,28.42534,33.97058,24.83948,22.47221,27.80288,27.58623,26.87006,20.59126,24.83948,20.24846,19.23538,9.21954,6.32456,6.40312,8.60233,7.61577,8.24621,11.18034,14.0,17.26268,20.02498,18.02776,27.01851,33.37664,33.13608,31.32092,38.47077,41.0,44.59821,47.80167,49.76947,49.64877,56.93856,56.0803,56.4358,58.83026,66.57327,66.70832,67.35726,65.19202,63.25346,63.65532,63.65532,67.94115,68.62215,72.91776,72.91776,66.48308,65.06919,67.88225,70.00714,63.65532,65.94695,66.6033,70.03571,62.2254,62.62587,61.07373,63.65532,58.69412,65.80274,56.22277,63.00794,65.45991,59.68249,71.84706,68.24222,63.63175
12.08305,11.7047,11.7047,11.18034,11.7047,10.77033,10.77033,10.44031,10.44031,10.44031,10.44031,10.44031,10.44031,9.48683,9.48683,10.19804,10.19804,9.21954,9.21954,9.21954,9.21954,9.21954,9.21954,9.21954,9.21954,9.21954,9.21954,9.21954,8.24621,8.24621,8.24621,7.28011,7.28011,7.28011,7.61577,7.61577,6.7082,6.7082,5.83095,5.38516,5.83095,5.83095,5.83095,4.47214,4.47214,5.0,4.24264,4.24264,4.24264,4.24264,3.60555,3.60555,74.68601,67.41662,72.47068,62.64982,70.17834,67.74216,68.26419,68.60029,66.21178,59.90826,58.30952,62.24147,62.1289,57.42822,57.80138,57.62812,63.60031,58.0517,56.63921,57.38467,50.93133,52.34501,56.72742,49.81967,55.22681,52.20153,53.8145,53.75872,56.58622,52.34501,50.32892,45.25483,44.04543,47.42362,41.72529,44.77723,48.02083,41.86884,43.93177,43.909,40.60788,40.81666,39.56008,34.48188,29.96665,32.75668,34.98571,31.76476,26.24881,29.52965,29.54657,25.4951,25.4951,24.04163,20.61553,23.5372,18.68154,6.08276,10.04988,9.48683,13.45362,5.83095,12.20656,11.31371,17.69181,16.15549,19.20937,23.85372,25.55386,29.73214,33.42155,37.48333,37.48333,38.94868,40.45986,49.09175,48.9183,50.21952,62.1289,58.5235,63.28507,64.66065,64.89992,66.30988,66.18912,66.12866,68.15424,63.90618,72.73239,68.00735,73.4983,73.1642,67.44627,65.9242,67.62396,71.16881,70.88018,69.64194,70.00714,68.15424,70.93659,63.32456,66.7308,66.48308,63.07139,65.9242,63.06346,68.42514,65.19202,65.76473,64.66065,71.86793,73.81734,75.29276
13.0,13.0,12.08305,13.0,12.08305,12.08305,12.08305,11.18034,11.18034,10.29563,11.18034,11.18034,10.29563,10.29563,10.29563,10.81665,10.81665,10.29563,10.29563,10.29563,10.29563,10.29563,10.29563,9.43398,10.29563,10.29563,8.94427,8.94427,8.94427,8.94427,8.94427,8.94427,8.544,8.544,8.544,8.24621,7.28011,7.28011,7.28011,7.07107,6.08276,6.08276,6.08276,6.08276,6.08276,6.0,6.0,5.0,5.0,5.0,5.09902,5.09902,74.46476,74.32362,66.21178,64.84597,68.8767,64.40497,62.16912,61.26989,60.92618,58.59181,60.40695,62.96825,59.13544,58.30952,55.03635,54.57105,56.46238,57.28001,51.24451,60.16644,57.27128,56.30275,49.0408,51.92302,51.62364,53.16014,54.70832,51.62364,47.53946,55.97321,49.0408,47.92703,47.92703,43.46263,44.38468,41.14608,41.23106,41.14608,39.81206,42.04759,41.14608,40.31129,33.01515,32.80244,31.40064,31.38471,31.06445,27.20294,29.0,25.45584,27.01851,22.02272,24.08319,20.80865,18.97367,19.23538,19.31321,11.40175,8.06226,8.94427,7.61577,9.84886,10.44031,12.0,9.84886,17.26268,19.92486,18.68154,23.5372,28.44293,30.26549,34.1321,37.01351,39.31921,46.01087,47.16991,45.04442,50.03998,56.75385,62.96825,59.48109,62.64184,64.28841,62.24147,65.79514,65.30697,63.95311,68.15424,67.60178,70.68239,70.3278,69.77105,67.54258,72.94518,70.3278,67.41662,73.3553,68.96376,68.88396,69.64194,68.96376,65.76473,66.18912,62.17717,63.13478,61.7414,65.0,60.82763,65.55151,68.42514,68.15424,64.88451,70.77429,72.8011
12.04159,12.04159,11.31371,12.04159,10.63015,11.31371,10.63015,9.89949,9.89949,9.89949,9.89949,10.0,10.0,9.21954,10.63015,10.0,10.0,9.21954,10.0,9.21954,9.21954,9.21954,8.60233,9.43398,9.21954,8.60233,8.60233,7.81025,9.21954,7.81025,7.81025,8.48528,7.81025,7.07107,7.07107,6.40312,7.07107,6.40312,6.40312,6.40312,5.0,5.83095,5.83095,5.0,4.47214,4.47214,4.47214,4.12311,4.12311,3.16228,3.16228,3.0,72.11103,73.37575,73.4983,65.80274,73.76313,63.60031,67.41662,75.89466,61.40033,59.48109,60.40695,60.63827,61.13101,60.01666,57.70615,54.45181,58.30952,59.84146,55.57877,52.95281,56.4358,52.17279,57.21888,56.29387,54.23099,59.84146,52.61179,53.08484,56.7186,54.23099,45.17743,51.78803,44.92215,46.27094,44.91102,47.53946,46.32494,41.97618,41.48494,44.01136,34.53983,37.85499,37.33631,36.40055,36.24914,31.76476,29.15476,32.64966,25.4951,28.6007,25.80698,22.47221,23.43075,24.20744,19.79899,23.85372,21.93171,14.42221,7.2111,6.32456,8.24621,10.04988,8.06226,10.81665,11.18034,12.80625,24.33105,23.34524,26.41969,26.40076,28.79236,34.71311,38.32754,39.05125,44.18144,49.64877,52.46904,51.0392,57.31492,54.0,59.4138,60.63827,58.24946,65.51336,69.63476,65.52099,68.35203,63.32456,65.55151,66.64083,68.00735,70.93659,66.64833,62.64982,68.35203,67.53518,69.07966,70.00714,61.26989,66.64833,69.857,64.88451,69.07966,63.32456,61.68468,65.0,63.15061,61.03278,61.40033,69.26038,60.87693,65.51336,73.24616,71.38627
13.41641,12.52996,13.0384,13.41641,12.52996,11.6619,11.6619,11.6619,11.6619,11.40175,11.6619,11.40175,11.40175,11.40175,11.40175,11.40175,11.40175,10.63015,10.63015,10.63015,10.63015,11.40175,10.63015,10.63015,10.63015,10.0,10.0,10.0,10.0,9.21954,9.43398,9.43398,9.43398,9.43398,8.06226,8.06226,8.06226,8.06226,7.61577,7.61577,6.32456,6.7082,6.7082,6.32456,6.32456,5.38516,5.38516,5.09902,5.09902,5.09902,5.09902,5.0,71.70077,75.0,69.2026,70.21396,72.11103,66.28725,69.33974,64.40497,59.36329,63.89053,59.40539,57.80138,65.0,58.30952,56.85948,52.35456,53.25411,60.41523,55.56978,52.35456,58.18075,55.47071,52.55473,51.10773,56.0803,50.24938,50.53712,55.54278,52.35456,53.7122,49.1935,46.2277,45.17743,46.87217,43.41659,48.82622,47.20169,45.80393,44.41846,44.68781,34.71311,34.65545,38.94868,37.01351,35.35534,29.83287,26.1725,31.89044,27.45906,22.67157,28.17801,23.34524,25.23886,19.41649,25.05993,23.76973,21.54066,7.81025,7.61577,7.2111,6.40312,14.86607,15.81139,10.44031,16.0,21.2132,22.09072,25.0,28.63564,30.41381,34.36568,34.9285,38.63936,41.0,44.59821,49.47727,53.45091,51.07837,54.58938,53.66563,60.20797,62.96825,62.64982,61.61169,65.21503,72.47068,65.80274,63.03174,69.42622,67.94115,75.69016,70.03571,70.72482,65.11528,70.03571,72.86288,74.24958,69.35416,68.62215,61.6198,71.44928,64.38167,59.4138,64.3506,64.03124,63.60031,68.24954,62.20129,62.20129,65.19202,67.80118,63.63175,67.95587,74.09453
13.0384,12.20656,12.20656,12.20656,11.6619,11.6619,11.40175,10.81665,11.40175,10.81665,10.81665,11.40175,10.63015,10.0,10.0,10.63015,9.89949,10.63015,9.89949,9.89949,9.89949,9.89949,9.89949,9.89949,9.89949,9.89949,9.21954,9.21954,9.21954,9.21954,8.60233,8.48528,7.81025,8.60233,8.60233,8.06226,7.2111,7.2111,7.2111,6.7082,6.7082,6.7082,6.7082,5.38516,5.38516,5.38516,5.09902,5.09902,5.09902,5.09902,5.0,4.0,69.06519,72.33948,73.24616,69.05071,67.74216,68.593,62.80127,63.63961,62.96825,63.78871,63.56099,61.18823,59.03389,58.24946,63.56099,57.56735,58.94065,56.04463,56.61272,53.75872,60.16644,57.87055,50.28916,49.0408,50.69517,50.69517,52.55473,51.88449,52.88667,49.0408,46.84015,48.70318,41.14608,47.16991,46.57252,42.37924,46.17359,41.10961,45.88028,41.97618,39.21734,39.62323,36.67424,32.38827,27.45906,31.40064,30.26549,30.14963,28.44293,29.06888,23.0,27.07397,22.0,25.96151,23.02173,22.36068,18.43909,10.19804,5.83095,8.94427,5.0,11.40175,14.14214,16.15549,13.45362,13.41641,20.0,23.70654,20.80865,30.8707,31.38471,32.57299,41.18252,42.15448,42.2019,45.54119,46.87217,48.25971,57.70615,59.4138,59.3043,60.20797,64.12488,65.12296,65.00769,62.00806,67.26812,65.19202,71.11259,68.46897,68.11755,66.61081,63.95311,67.89698,69.35416,66.48308,67.47592,68.06614,66.91039,64.38167,63.95311,61.52235,63.50591,64.38167,68.0,56.0803,64.03124,59.00847,69.11584,65.37584,64.00781,73.97973,70.5762,68.44706
13.0384,13.0384,13.0384,12.16553,12.04159,12.04159,12.04159,11.04536,12.0,12.04159,11.04536,12.04159,11.0,11.0,11.0,11.04536,11.04536,11.04536,10.04988,11.04536,10.0,11.04536,10.0,10.0,10.0,10.0,10.0,10.0,10.0,10.0,9.0,9.0,9.0,9.05539,8.06226,8.06226,8.06226,8.24621,7.07107,7.07107,7.28011,7.07107,7.28011,6.32456,6.32456,6.32456,5.38516,5.38516,5.38516,4.47214,5.0,5.0,71.44928,76.48529,67.62396,66.4003,70.43437,62.96825,63.12686,66.70832,63.03174,60.0,62.96825,59.03389,56.40035,59.07622,54.91812,53.23533,60.20797,50.77401,55.56978,56.79789,56.79789,55.56978,54.20332,49.24429,53.0,48.54894,51.62364,51.0,51.10773,48.76474,46.14109,51.0,50.80354,47.42362,48.02083,42.63801,45.65085,47.01064,45.0,41.6173,37.44329,36.89173,34.71311,32.64966,34.65545,29.83287,31.1127,31.14482,29.06888,27.01851,26.62705,25.4951,24.83948,21.09502,20.61553,21.0238,20.22375,11.18034,11.18034,12.0,6.32456,12.08305,6.7082,14.31782,13.0,12.04159,21.58703,21.54066,24.04163,26.24881,30.08322,32.69557,37.12142,39.92493,44.28318,43.41659,45.48626,46.2277,57.14018,56.72742,56.63921,63.03174,60.87693,64.3506,68.11755,58.72819,68.0147,69.42622,69.2026,76.55064,69.81404,76.40026,72.00694,73.00685,69.40461,69.83552,65.0,68.41053,62.42596,70.60453,70.80254,61.84658,70.43437,61.03278,56.72742,62.62587,60.959,55.97321,63.78087,61.55485,61.7171,68.62215,70.0928,68.0147
13.60147,13.60147,13.60147,13.0384,12.20656,12.20656,12.20656,12.20656,11.40175,11.40175,12.04159,12.04159,12.04159,12.04159,12.04159,11.31371,11.31371,10.63015,11.31371,11.31371,10.63015,11.31371,10.63015,11.31371,11.31371,10.63015,10.63015,10.63015,10.63015,9.89949,10.0,10.0,10.0,8.60233,8.60233,8.60233,8.60233,8.60233,8.06226,7.2111,7.2111,7.2111,6.7082,6.7082,6.7082,5.38516,5.38516,5.38516,5.09902,5.09902,5.09902,5.09902,73.43705,66.91039,75.23962,61.0,68.88396,67.26812,60.82763,63.56099,60.40695,59.84146,61.13101,58.00862,53.15073,55.22681,56.14268,59.13544,53.08484,56.0357,56.0,54.03702,59.00847,50.24938,58.21512,51.15662,50.01,53.08484,49.0102,53.00943,56.32051,53.03772,48.04165,52.0,52.23983,48.01042,41.4367,50.48762,44.0,39.01282,39.45884,42.29657,34.0147,37.33631,40.49691,34.52535,35.90265,29.83287,29.15476,33.10589,31.95309,29.73214,26.07681,22.13594,18.78829,25.07987,22.2036,17.69181,18.43909,12.04159,11.18034,8.60233,13.0384,13.0,12.0,9.84886,18.24829,17.46425,16.49242,23.4094,23.08679,27.20294,34.20526,34.9285,36.13862,42.75512,40.04997,50.80354,49.16299,49.16299,56.4358,51.0098,60.29925,63.3877,59.68249,61.39218,71.58911,63.78871,74.52516,61.84658,68.96376,68.96376,68.96376,74.04053,66.21933,63.24555,67.35726,68.00735,68.94926,74.33034,65.52099,65.80274,63.24555,63.90618,66.7308,62.29767,62.0967,66.48308,64.03124,63.78871,69.63476,68.06614,61.52235,73.00685,77.02597,68.18358
13.34166,13.15295,13.15295,12.36932,12.16553,12.16553,12.16553,11.18034,11.18034,11.18034,11.18034,11.04536,11.04536,11.04536,11.04536,11.0,11.04536,11.04536,11.0,11.04536,10.04988,11.04536,10.04988,10.04988,10.04988,10.04988,10.04988,10.04988,10.04988,9.05539,9.05539,9.05539,9.05539,9.21954,8.24621,8.24621,8.24621,8.24621,7.28011,7.28011,7.28011,7.28011,6.32456,6.32456,5.83095,5.38516,5.83095,5.83095,5.83095,5.0,5.0,5.0,74.24958,67.35726,71.50524,62.24147,68.593,62.93648,62.93648,69.31089,58.69412,61.55485,59.46427,57.38467,55.97321,58.0517,51.66237,54.40588,55.44367,60.46487,53.90733,55.0,60.60528,48.54894,54.40588,48.01042,52.20153,55.44367,49.64877,49.57822,49.67897,51.0392,51.22499,47.50789,47.38143,47.38143,40.80441,44.68781,39.05125,44.59821,45.45327,40.45986,38.18377,34.71311,35.80503,34.20526,34.05877,26.90725,32.20248,29.06888,24.20744,27.78489,25.05993,23.70654,24.16609,20.39608,21.47091,23.19483,21.2132,8.06226,11.7047,8.544,8.24621,10.63015,10.63015,8.94427,12.08305,17.26268,15.29706,18.97367,24.16609,30.36445,34.9285,34.9285,31.01612,40.31129,39.11521,46.04346,52.00961,54.20332,57.2014,51.66237,58.72819,59.4138,62.24147,68.0147,61.55485,65.11528,68.76772,62.20129,73.60027,71.61006,71.34424,71.02816,63.82006,65.21503,63.81222,69.64194,73.00685,77.10383,64.40497,66.61081,69.63476,64.03124,66.28725,69.6563,58.41233,67.00746,65.11528,61.40033,62.28965,67.20863,55.86591,70.00714,74.27651,64.44377
12.64911,12.64911,11.40175,12.64911,11.40175,11.40175,11.40175,11.40175,11.40175,11.18034,11.40175,11.40175,11.18034,10.19804,11.18034,11.18034,11.18034,10.19804,10.04988,10.04988,10.04988,10.19804,10.19804,10.04988,10.19804,10.19804,9.21954,9.21954,9.21954,9.21954,9.21954,9.21954,9.21954,8.24621,8.24621,7.28011,7.61577,7.61577,7.61577,6.7082,6.7082,6.7082,5.83095,5.83095,5.83095,4.47214,5.0,4.47214,4.47214,3.60555,4.24264,4.24264,73.68175,67.47592,76.90254,68.593,70.25667,70.71068,64.13267,65.19202,55.44367,61.18823,62.20129,63.78871,62.514,55.31727,57.42822,63.15061,57.87055,57.87055,58.18935,56.921,57.48913,57.48913,54.12024,54.70832,53.36666,50.80354,49.25444,52.17279,51.35173,52.88667,50.80354,50.48762,46.87217,53.15073,50.35871,50.48762,46.09772,42.19005,40.04997,41.04875,42.0119,37.48333,35.0,33.06055,35.12834,33.06055,33.0,27.07397,30.59412,27.29469,27.65863,28.44293,26.1725,20.80865,23.85372,22.67157,21.93171,15.65248,12.16553,12.16553,8.24621,9.0,9.89949,13.45362,10.81665,19.84943,14.86607,22.67157,25.6125,32.64966,31.1127,36.06938,38.60052,42.72002,43.56604,45.27693,51.47815,46.95743,58.59181,57.58472,61.68468,60.63827,63.56886,63.63961,66.70832,63.15061,65.96969,59.84146,68.593,68.73136,68.73136,68.73136,68.26419,66.00758,66.18912,67.0,67.06713,71.02816,62.07254,69.26038,60.29925,71.17584,59.4138,60.40695,68.46897,63.50591,62.39391,65.9242,66.91039,70.71068,60.82763,73.75636,75.43209,70.21396
11.7047,11.7047,11.7047,11.7047,10.77033,10.77033,10.77033,10.77033,10.77033,9.84886,9.84886,10.29563,10.29563,10.29563,10.29563,10.29563,10.29563,9.43398,9.43398,9.43398,9.43398,9.43398,8.94427,9.43398,9.43398,8.94427,8.94427,8.94427,8.94427,8.06226,8.06226,8.06226,7.61577,7.61577,7.61577,6.32456,6.32456,6.32456,6.32456,6.32456,6.32456,5.09902,5.09902,5.09902,5.09902,4.0,5.0,4.0,4.0,4.0,4.12311,3.16228,67.6757,81.84131,72.01389,67.60178,72.06941,66.61081,72.89719,68.88396,70.71068,60.83584,64.41273,59.48109,70.3278,66.70832,60.00833,57.77543,64.40497,61.09828,54.626,57.24509,55.02727,55.71355,54.74486,51.62364,51.86521,62.96825,56.64804,55.02727,51.24451,48.10405,51.07837,44.01136,48.08326,48.38388,47.42362,43.32436,43.909,46.06517,44.77723,42.05948,44.10215,36.67424,41.59327,40.49691,36.71512,32.75668,30.4795,34.4093,28.42534,26.90725,27.58623,24.08319,22.2036,29.06888,20.80865,23.34524,21.09502,8.0,8.06226,9.48683,3.60555,12.08305,9.21954,8.544,15.0333,13.15295,19.0,22.80351,26.1725,26.1725,30.0,31.01612,37.36308,35.69314,45.60702,41.97618,47.75982,52.92447,60.03332,60.03332,59.94164,63.28507,64.66065,66.28725,63.12686,66.0303,69.6563,65.60488,64.38167,68.24954,70.17834,71.06335,70.00714,70.43437,67.94115,68.62215,68.0147,68.593,66.70832,67.17887,75.60423,60.30755,70.0,69.52697,65.11528,67.00746,63.41136,60.0,65.73431,66.88797,60.03332,72.09022,63.97656,76.02631
12.16553,11.18034,11.18034,12.16553,11.18034,11.18034,10.19804,10.19804,10.19804,9.21954,10.19804,10.19804,10.44031,9.21954,9.21954,9.48683,9.48683,9.21954,9.48683,9.48683,9.48683,9.48683,9.21954,9.48683,9.21954,8.24621,8.24621,8.24621,8.24621,8.24621,8.06226,8.24621,8.06226,7.07107,7.07107,6.08276,7.0,7.0,6.0,6.0,6.0,6.08276,5.09902,5.09902,5.09902,4.12311,4.12311,4.12311,4.12311,4.47214,3.60555,3.60555,75.45197,71.50524,68.24222,70.17834,68.0147,66.8431,70.21396,66.85058,61.03278,66.28725,58.60034,59.07622,60.80296,57.00877,58.83026,54.6443,61.29437,58.13777,54.58938,54.70832,61.40033,53.33854,59.5063,54.56189,53.33854,57.3062,49.64877,50.60632,52.7731,56.0357,51.62364,53.25411,46.14109,48.37355,43.26662,48.60041,48.54894,42.72002,40.80441,44.40721,37.01351,38.18377,33.94113,32.52691,38.20995,31.241,33.24154,36.06938,27.01851,25.6125,26.40076,24.18677,24.83948,23.60085,21.63331,21.54066,21.0238,11.40175,9.43398,7.2111,8.48528,6.08276,10.19804,11.0,12.16553,13.60147,19.10497,21.09502,21.37756,29.42788,32.38827,33.54102,36.67424,43.01163,40.31129,45.54119,47.12749,49.24429,53.7122,56.0803,56.93856,61.40033,57.00877,62.28965,64.53681,64.3506,64.38167,63.65532,66.52819,67.17887,65.05382,70.03571,67.20863,65.79514,70.76722,68.68042,65.76473,67.94115,70.03571,67.26812,67.20863,59.03389,69.42622,61.07373,63.65532,62.28965,61.55485,60.80296,67.6757,63.89053,66.85058,65.60488,61.61169,77.93587
12.64911,12.64911,13.0,12.64911,12.64911,11.7047,12.08305,11.18034,11.18034,11.18034,10.77033,11.18034,11.18034,11.18034,11.18034,11.18034,10.81665,10.29563,10.81665,10.81665,10.81665,10.81665,10.29563,10.29563,10.29563,10.29563,9.43398,9.43398,9.43398,9.43398,8.94427,8.94427,8.94427,8.94427,8.06226,8.544,7.61577,7.61577,7.28011,7.28011,6.32456,6.32456,6.32456,6.32456,5.38516,5.09902,5.09902,5.09902,5.09902,5.0,4.0,4.0,68.42514,78.72103,73.82412,77.69813,67.08204,68.7968,68.8767,69.31811,68.96376,63.07139,64.62198,58.60034,59.80803,63.50591,61.7414,55.71355,60.08328,58.24088,60.40695,57.24509,57.28001,57.24509,55.65968,51.86521,54.08327,49.0408,56.61272,57.00877,55.36244,51.86521,49.98,52.0,45.88028,56.0803,41.78516,47.92703,44.38468,45.69464,41.23106,35.35534,39.96248,33.28663,35.51056,39.39543,36.23534,35.80503,32.01562,31.06445,27.20294,26.1725,22.62742,27.01851,23.34524,27.58623,21.93171,17.88854,21.0238,10.29563,12.16553,8.06226,10.63015,7.61577,9.48683,12.16553,14.14214,13.15295,21.0238,22.09072,23.0,32.0,33.01515,36.12478,39.0,40.0125,44.14748,51.97115,50.9902,50.32892,56.0803,59.48109,59.61543,63.97656,63.69458,65.73431,62.43397,63.81222,70.49113,68.00735,71.28113,73.40981,73.23933,75.60423,67.00746,69.63476,74.4043,72.40166,74.63243,65.43699,68.8186,71.40028,66.57327,65.94695,66.64833,67.41662,65.45991,63.13478,69.64194,69.31811,63.52952,64.88451,72.44998,72.00694,77.36924,67.54258
12.80625,12.80625,12.80625,12.80625,11.40175,12.04159,11.40175,11.40175,11.40175,10.81665,11.40175,10.81665,10.81665,10.81665,10.81665,11.6619,10.29563,10.29563,10.29563,10.29563,10.29563,10.29563,10.29563,10.29563,10.29563,10.29563,9.43398,9.43398,9.43398,8.60233,8.60233,8.60233,8.60233,8.60233,7.81025,7.81025,7.81025,7.07107,6.40312,6.40312,5.65685,5.65685,5.65685,5.65685,5.65685,5.0,5.0,5.0,4.24264,4.47214,3.60555,3.60555,70.17834,73.5527,75.95393,71.34424,70.34913,71.06335,67.26812,71.06335,67.36468,68.46897,70.34913,61.07373,62.00806,61.20457,59.00847,59.3043,56.0803,57.03508,56.00893,59.21149,59.07622,59.13544,55.08176,55.14526,52.00961,55.0,57.14018,54.03702,57.21888,53.00943,53.33854,53.03772,50.0,40.04997,51.0098,51.0098,43.18565,42.0119,46.69047,41.19466,41.10961,39.62323,40.11234,34.71311,33.37664,32.14032,31.04835,32.28002,34.52535,28.86174,26.24881,26.0,26.92582,28.79236,21.9545,22.82542,20.61553,14.86607,12.52996,9.84886,5.09902,12.16553,12.0,17.46425,14.86607,18.35756,15.52417,21.09502,28.4605,31.76476,31.01612,41.10961,37.94733,43.65776,41.10961,49.64877,52.03845,55.08176,58.03447,57.00877,61.03278,60.53098,64.03124,65.9242,72.99315,67.89698,65.80274,66.09841,72.56721,70.0928,69.89278,73.68175,72.42237,71.7844,72.53275,69.42622,67.72001,69.92138,69.42622,69.26038,69.26038,67.6757,73.82412,67.18631,69.42622,71.30919,63.15061,67.26812,75.23962,68.26419,72.56032,76.10519,74.24284,75.32596
10.04988,10.04988,10.04988,10.0,10.0,10.0,11.0,11.0,11.0,11.0,11.0,10.0,10.0,10.04988,10.04988,10.0,9.05539,9.0,9.05539,9.05539,9.05539,9.05539,8.0,8.06226,8.0,8.0,7.07107,7.07107,7.28011,7.28011,6.32456,6.32456,5.38516,5.38516,5.38516,4.47214,3.60555,3.60555,4.24264,3.60555,3.60555,3.60555,3.60555,3.60555,2.82843,4.24264,3.60555,2.23607,2.0,2.0,2.23607,2.23607,71.86793,70.93659,69.64194,68.70953,67.77905,66.48308,66.12866,63.90618,63.56886,62.29767,61.03278,60.72891,59.20304,59.20304,58.94065,57.72348,57.72348,57.48913,57.27128,56.08921,55.9017,55.9017,54.74486,53.60037,53.60037,52.61179,52.61179,52.61179,51.78803,51.78803,50.80354,49.81967,48.83646,47.85394,46.87217,45.89118,43.93177,43.17407,42.2019,40.5216,39.56008,38.60052,37.64306,36.05551,35.1141,33.24154,32.31099,31.38471,30.46309,28.63564,26.83282,25.94224,24.18677,23.85372,23.02173,22.80351,22.02272,9.84886,8.94427,8.60233,8.48528,8.60233,9.84886,11.40175,13.15295,16.03122,19.0263,22.02272,24.02082,28.07134,31.06445,34.23449,37.33631,40.60788,42.95346,45.35416,47.80167,50.59644,53.14132,55.15433,58.18075,59.03389,61.29437,62.26556,63.28507,64.66065,65.19202,66.28725,66.28725,66.85058,67.42403,66.61081,68.00735,68.60029,67.80118,67.80118,67.80118,67.20119,66.61081,66.85058,66.28725,65.19202,63.28507,64.14047,63.63175,64.00781,63.06346,63.95311,64.40497,64.88451,65.79514,66.30988,66.85058,67.77905
13.60147,12.64911,12.64911,12.64911,12.64911,11.7047,11.7047,11.7047,11.7047,10.77033,11.7047,11.18034,10.77033,10.77033,10.77033,11.18034,10.29563,10.29563,10.29563,9.84886,9.84886,9.84886,9.84886,10.29563,9.84886,9.84886,9.84886,9.84886,8.94427,9.84886,8.544,8.544,8.544,8.544,8.24621,8.24621,8.24621,7.28011,7.07107,7.28011,7.07107,6.08276,6.08276,6.08276,6.08276,5.0,5.0,5.0,5.0,5.0,5.09902,4.12311,69.46222,69.46222,70.77429,71.30919,69.31811,65.76473,60.92618,71.19691,59.94164,65.39113,65.39113,59.5063,63.15853,54.70832,58.60034,55.97321,55.65968,58.18935,54.78138,51.24451,57.72348,54.12024,51.97115,52.49762,51.92302,51.5461,53.45091,50.0,47.53946,50.80354,49.64877,51.5461,42.04759,52.0,41.76123,46.95743,39.39543,39.84972,42.05948,37.57659,35.77709,36.05551,34.88553,31.62278,30.8707,32.01562,32.64966,28.6007,26.62705,26.1725,25.6125,25.45584,22.2036,18.35756,19.84943,18.60108,20.24846,11.18034,9.84886,5.83095,11.40175,9.21954,10.19804,12.16553,14.86607,15.13275,21.37756,17.26268,26.0,27.07397,31.40064,35.0571,36.05551,44.10215,43.17407,48.83646,50.63596,51.47815,55.36244,55.36244,60.08328,61.29437,63.69458,63.28507,69.46222,67.60178,68.41053,60.03332,69.06519,70.29225,69.89278,69.89278,67.6757,70.45566,65.0,69.89278,68.8186,75.43209,64.07027,70.80254,63.28507,68.60029,65.21503,66.85058,62.26556,62.42596,59.05929,66.37017,66.64833,67.53518,62.76942,67.41662,70.77429,70.5195
13.60147,13.0384,13.60147,13.0384,13.0384,12.20656,12.20656,12.20656,11.40175,11.40175,11.40175,12.04159,12.04159,12.04159,10.63015,11.31371,11.31371,10.63015,10.63015,11.31371,10.63015,11.31371,10.63015,10.63015,11.31371,9.89949,9.89949,9.89949,9.89949,9.89949,9.21954,9.21954,9.21954,9.21954,8.60233,8.60233,7.81025,7.2111,7.2111,7.2111,7.2111,7.2111,7.2111,5.83095,5.83095,5.83095,5.83095,5.38516,5.38516,5.38516,5.38516,5.09902,75.95393,74.33034,77.78175,69.2315,72.99315,68.41053,68.88396,67.68309,66.27217,61.39218,56.0803,61.13101,58.42089,61.20457,58.00862,60.03332,60.00833,57.00877,50.15974,53.00943,58.03447,52.00961,54.00926,54.45181,52.00961,50.24938,52.23983,54.03702,53.15073,45.17743,50.0,42.04759,47.01064,46.01087,44.18144,46.27094,43.28972,42.42641,42.0,39.81206,38.32754,34.20526,37.64306,33.37664,32.28002,29.41088,25.17936,32.01562,28.23119,24.35159,19.92486,27.85678,27.313,23.4094,22.47221,20.24846,22.2036,10.81665,9.21954,7.07107,7.28011,9.0,10.04988,15.81139,12.52996,21.47091,20.22375,20.88061,25.63201,30.88689,30.59412,35.12834,40.31129,40.60788,45.01111,48.01042,52.00961,57.21888,57.00877,55.44367,63.3877,63.15061,66.70832,67.44627,64.56005,68.41053,68.41053,62.93648,71.56815,71.47027,67.6757,71.51224,70.00714,64.2573,67.41662,65.55151,68.00735,66.85058,66.12866,65.19202,68.94926,64.2573,59.22837,61.68468,62.93648,64.7611,68.88396,61.66036,58.85576,65.11528,64.93843,66.09841,68.18358,74.02702
12.16553,11.18034,11.18034,11.18034,11.18034,10.19804,10.19804,10.19804,10.19804,10.19804,10.19804,10.19804,9.21954,9.21954,9.21954,9.48683,9.48683,9.48683,9.48683,9.48683,8.544,8.544,8.24621,8.544,9.21954,8.24621,8.24621,8.24621,8.24621,8.24621,8.24621,7.07107,7.07107,7.07107,7.07107,7.0,7.07107,6.0,6.0,6.0,6.0,5.09902,5.09902,5.09902,5.09902,4.12311,4.12311,4.12311,4.12311,4.12311,3.60555,3.60555,72.49828,69.11584,73.82412,69.11584,68.24222,66.37017,61.91123,60.41523,60.53924,64.66065,61.03278,65.51336,60.03332,53.85165,59.07622,58.66856,57.69749,57.93962,57.24509,52.39275,56.60389,53.7122,55.15433,54.12947,51.62364,52.20153,51.86521,53.66563,47.50789,49.65884,49.64877,49.39636,43.82921,47.01064,40.49691,48.01042,46.61545,42.80187,43.93177,45.45327,35.4683,38.94868,37.48333,36.87818,32.55764,32.64966,30.80584,29.0,27.65863,27.58623,25.0,23.60085,21.09502,26.40076,21.54066,23.5372,21.84033,7.81025,6.08276,9.84886,9.0,9.05539,11.7047,10.04988,11.40175,16.49242,20.88061,22.36068,25.31798,31.40064,30.80584,38.11824,35.01428,43.01163,46.17359,52.03845,49.0306,54.57105,53.33854,56.32051,61.98387,62.62587,62.76942,64.07808,69.46222,63.15853,71.55418,68.47627,69.97142,64.49806,68.26419,69.64194,71.61006,68.7968,66.28725,69.06519,65.73431,75.45197,67.1193,67.00746,64.3506,65.0,68.96376,65.0,60.21628,64.66065,56.0357,63.13478,66.64833,63.52952,59.5063,68.15424,70.66116,72.01389
13.92839,13.92839,13.0,13.0,13.0,13.0,13.0,12.08305,11.7047,12.08305,12.08305,12.08305,12.08305,11.18034,11.18034,11.18034,11.18034,11.18034,11.6619,10.81665,10.29563,11.18034,10.29563,10.81665,11.18034,10.29563,10.29563,10.29563,10.29563,8.94427,9.84886,8.94427,9.84886,8.94427,8.544,8.544,8.544,8.544,7.28011,7.28011,7.28011,7.28011,6.08276,6.08276,6.08276,6.08276,6.08276,6.08276,5.09902,5.0,5.0,5.0,71.84706,76.02631,69.33974,71.21798,69.02898,73.24616,63.89053,66.8431,64.14047,62.68174,60.46487,61.84658,64.07027,59.81639,57.00877,54.40588,61.58734,56.30275,55.0,56.0803,60.20797,52.15362,54.58938,53.0,54.56189,51.10773,48.25971,49.64877,51.10773,46.52956,50.47772,44.40721,44.41846,42.80187,46.14109,48.82622,43.27817,47.80167,41.03657,40.80441,36.61967,37.48333,37.64306,36.06938,33.97058,32.55764,31.82766,31.14482,26.41969,21.40093,28.6531,24.04163,23.02173,23.60085,24.18677,21.18962,20.22375,11.31371,9.43398,6.32456,11.40175,11.40175,11.18034,14.14214,13.0,23.08679,20.39608,25.17936,21.09502,28.0,35.12834,35.35534,38.83298,42.75512,44.92215,50.28916,53.85165,51.47815,53.85165,56.0803,62.64982,61.40033,63.82006,65.0,68.24954,67.26812,68.11755,66.52819,68.24954,67.89698,71.42129,68.593,70.00714,65.79514,66.6033,70.72482,71.42129,71.42129,65.76473,68.62215,67.94115,66.46804,67.26812,71.42129,64.3506,69.40461,63.03174,61.07373,65.80274,69.81404,64.89992,72.71864,70.3278,69.46222
11.6619,11.6619,11.6619,11.6619,10.81665,10.29563,10.29563,10.29563,10.29563,10.29563,10.29563,10.29563,9.84886,8.94427,8.94427,9.48683,9.48683,9.84886,9.48683,8.544,8.544,8.544,8.544,8.544,8.544,8.544,8.544,8.544,7.61577,7.61577,7.61577,7.61577,7.61577,6.7082,6.7082,7.2111,7.2111,6.40312,5.83095,5.0,5.0,5.0,5.0,5.0,4.24264,4.24264,4.24264,4.24264,4.24264,3.60555,3.60555,3.16228,79.60528,71.17584,71.11259,69.857,67.97794,67.23095,70.3278,67.77905,60.41523,64.62198,59.09315,57.70615,62.64982,60.82763,64.14047,56.93856,63.07139,53.33854,59.68249,56.82429,60.0,54.20332,61.40033,55.44367,55.80323,56.40035,50.77401,54.58938,52.83938,55.47071,45.27693,49.09175,48.33218,50.08992,40.70626,46.95743,44.04543,41.67733,42.15448,39.82462,38.47077,40.49691,37.64306,36.67424,32.75668,32.57299,33.52611,30.80584,28.63564,24.02082,24.04163,27.20294,23.34524,21.2132,20.22375,18.02776,19.23538,9.21954,7.0,12.04159,8.544,4.24264,9.89949,12.20656,14.21267,16.27882,17.88854,21.26029,24.75884,29.06888,32.64966,38.8973,35.80503,41.03657,40.0,50.21952,51.0392,53.33854,54.70832,52.7731,61.84658,60.74537,60.74537,62.0967,64.03124,66.21933,70.88018,60.16644,68.15424,70.40597,66.4906,73.4983,66.94027,61.18823,66.09841,67.46851,69.05071,77.46612,65.25335,68.65858,67.72001,66.70832,60.41523,61.61169,64.56005,66.76077,60.08328,62.0967,60.41523,63.89053,59.05929,64.88451,69.31811,71.11259
13.60147,13.0384,13.0384,13.60147,12.20656,12.20656,12.20656,11.6619,11.6619,11.6619,11.6619,11.6619,11.6619,11.6619,11.6619,11.18034,11.18034,11.18034,11.18034,11.18034,10.29563,11.18034,10.29563,10.29563,10.29563,10.29563,10.29563,9.43398,10.29563,9.43398,9.43398,9.43398,9.43398,8.60233,8.60233,8.60233,8.60233,7.81025,7.81025,7.07107,7.07107,7.07107,6.40312,7.07107,5.65685,5.65685,5.65685,5.0,5.0,5.0,4.47214,4.47214,76.53104,75.32596,67.36468,66.09841,72.69113,61.0082,67.36468,64.49806,65.19202,60.40695,61.13101,58.24088,57.55867,61.40033,59.5399,60.44005,63.34824,60.20797,55.9017,56.921,50.69517,49.64877,52.49762,53.48832,52.20153,52.81098,55.36244,55.36244,54.34151,50.69517,50.0,50.92151,50.0,48.38388,47.12749,43.41659,45.22168,45.54119,41.97618,46.09772,44.14748,37.21559,39.31921,33.37664,33.01515,31.40064,28.63564,33.24154,27.01851,29.06888,25.07987,26.07681,22.09072,24.5153,22.84732,22.36068,23.08679,12.08305,13.60147,6.7082,8.0,11.04536,12.0,14.31782,13.41641,16.15549,21.0238,17.46425,28.23119,30.8707,33.24154,45.22168,40.31129,45.88028,49.98,47.43416,55.7853,50.35871,62.58594,58.42089,57.07889,66.0,64.07027,61.07373,65.0,72.1734,65.03076,70.45566,70.25667,69.02898,73.24616,69.46222,68.18358,68.593,71.84706,72.44308,71.44928,72.56032,68.11755,74.16873,72.00694,59.4138,67.60178,64.00781,63.12686,67.02984,73.02739,66.1211,64.12488,65.00769,64.07027,72.1734,72.24957,72.83543
12.72792,12.72792,12.04159,12.72792,12.72792,11.31371,11.31371,11.31371,11.40175,11.40175,10.63015,11.40175,11.40175,11.40175,11.40175,10.81665,10.81665,10.81665,10.81665,10.81665,10.0,10.81665,10.0,10.29563,10.81665,10.0,9.43398,9.43398,10.0,9.43398,8.60233,8.60233,9.21954,8.60233,7.81025,7.81025,7.81025,7.07107,7.07107,7.07107,7.07107,7.07107,6.40312,6.40312,6.40312,5.65685,5.0,5.0,5.0,4.47214,4.47214,4.47214,73.43705,65.00769,76.00658,73.17103,68.06614,67.02984,66.37017,68.26419,62.28965,57.14018,59.5399,61.13101,60.00833,53.00943,56.0357,57.00877,56.22277,54.23099,54.23099,55.14526,54.14795,51.0098,52.95281,58.07753,53.03772,52.15362,49.64877,49.24429,52.7731,51.97115,47.26521,46.09772,51.0098,50.08992,40.31129,42.19005,40.0125,40.11234,50.0,41.01219,38.0526,37.33631,39.01282,36.05551,33.37664,30.41381,28.28427,30.14963,27.29469,25.29822,28.63564,24.16609,24.35159,25.0,21.54066,19.23538,19.41649,12.04159,10.0,12.52996,7.81025,11.40175,13.92839,14.14214,17.88854,17.46425,19.41649,24.33105,28.16026,31.95309,37.0,38.07887,39.05125,39.62323,45.04442,46.69047,48.04165,51.08816,60.07495,56.00893,58.30952,61.52235,61.13101,64.53681,68.65858,68.41053,66.28725,63.78871,74.04053,68.15424,69.26038,69.12308,69.28925,65.45991,66.94027,67.08204,75.69016,70.21396,60.72891,69.92138,71.56815,58.24088,70.40597,63.15061,60.63827,62.16912,61.66036,67.18631,64.28063,65.03076,66.06815,69.11584,74.06079,75.02666
12.36932,12.36932,12.36932,12.36932,11.40175,11.40175,11.40175,11.40175,10.44031,10.44031,10.77033,10.77033,10.77033,9.84886,9.84886,11.18034,10.29563,9.84886,9.84886,9.84886,9.84886,9.84886,9.84886,9.43398,8.94427,9.84886,8.94427,8.94427,8.94427,8.94427,7.61577,7.61577,8.544,7.61577,7.61577,7.28011,7.28011,6.32456,6.32456,6.32456,6.08276,6.32456,5.09902,5.09902,5.09902,5.09902,5.09902,4.0,4.0,4.0,4.0,4.0,73.06162,73.87828,75.60423,70.49113,70.45566,76.32169,68.24222,72.47068,66.4003,67.1193,61.58734,61.05735,67.1193,56.93856,58.83026,63.13478,63.63175,56.82429,60.41523,58.18075,60.16644,55.03635,57.69749,55.47071,54.12024,51.0,51.26402,58.69412,52.35456,53.22593,50.9902,55.47071,48.54894,53.66563,45.61798,43.04649,50.24938,50.15974,42.19005,38.91015,42.54409,42.2019,39.96248,36.05551,32.64966,34.65545,36.61967,31.06445,28.6531,29.83287,28.42534,19.79899,26.90725,23.70654,25.05993,21.47091,21.63331,9.48683,6.32456,12.80625,8.94427,7.81025,13.41641,12.80625,16.76305,19.92486,18.68154,25.0,25.31798,30.26549,33.73426,41.23106,39.56008,49.0408,40.31129,49.39636,50.53712,51.97115,53.0,57.42822,60.30755,62.93648,64.66065,63.65532,68.593,63.65532,72.86288,64.38167,72.91776,67.20863,61.52235,73.10951,74.96666,70.00714,70.76722,73.87828,67.35726,69.6563,72.13876,65.94695,60.30755,65.76473,66.61081,60.1415,65.19202,67.47592,69.35416,61.84658,60.0,68.60029,61.05735,70.60453,70.66116,65.8635
13.60147,12.20656,12.20656,12.20656,11.40175,10.81665,11.40175,10.81665,10.81665,10.81665,10.81665,10.29563,10.29563,10.29563,10.29563,11.18034,10.29563,10.29563,9.84886,9.84886,9.84886,9.84886,10.29563,9.84886,9.84886,9.84886,9.43398,8.94427,8.94427,8.94427,8.06226,8.06226,8.06226,8.06226,7.81025,7.2111,7.2111,7.2111,6.40312,6.40312,6.40312,6.40312,5.65685,5.65685,5.65685,5.0,5.0,5.0,4.24264,3.60555,3.60555,3.60555,80.0,74.02702,75.02666,74.02702,68.46897,72.33948,61.0082,71.84706,63.12686,73.33485,66.61081,68.35934,66.75328,57.27128,58.69412,61.84658,60.16644,57.72348,56.88585,57.00877,62.58594,51.66237,57.28001,54.12947,52.39275,49.81967,53.16014,56.08921,56.51548,52.39275,46.87217,49.81967,43.93177,47.80167,46.09772,46.57252,44.18144,39.81206,40.0,39.20459,36.49658,40.0125,34.05877,37.05401,29.01724,30.06659,32.01562,28.01785,34.1321,28.16026,24.02082,29.42788,27.29469,24.08319,20.22375,23.4094,19.41649,13.60147,15.13275,8.94427,12.64911,10.77033,9.0,14.03567,18.38478,17.0,12.64911,24.04163,28.63564,29.06888,30.01666,35.4683,43.32436,44.59821,43.01163,50.96077,47.26521,48.50773,56.88585,56.22277,61.0082,67.18631,63.0,65.00769,69.26038,63.07139,71.34424,63.63961,70.71068,68.44706,69.87131,67.68309,72.44308,67.46851,66.75328,66.91039,71.70077,72.18033,68.26419,77.02597,72.11103,73.82412,68.02941,62.28965,68.24954,63.03174,63.03174,62.07254,65.27634,75.10659,64.00781,63.03174,69.58448,73.17103
12.36932,11.40175,12.36932,12.36932,11.40175,11.18034,11.40175,10.44031,10.44031,10.44031,10.44031,10.77033,10.77033,10.44031,9.84886,10.77033,9.84886,9.84886,9.84886,9.84886,9.84886,9.84886,9.84886,9.84886,9.48683,9.84886,8.94427,8.544,8.544,8.544,8.24621,8.544,8.544,7.28011,7.28011,7.28011,7.07107,6.08276,6.08276,6.08276,6.08276,6.08276,5.09902,5.09902,5.09902,5.0,4.0,4.0,4.12311,4.0,3.16228,3.16228,67.20863,66.4003,72.47068,75.0,69.02898,69.02898,65.0,64.03124,66.06815,62.20129,64.89992,58.5235,59.05929,60.0,52.20153,62.68174,57.14018,58.82176,58.66856,57.45433,56.82429,53.23533,55.47071,53.33854,53.7122,49.1935,51.42956,59.05929,54.20332,52.15362,49.24429,55.47071,47.16991,51.10773,44.77723,42.0119,47.01064,41.88078,46.87217,39.44617,39.82462,39.05125,38.20995,38.94868,34.20526,30.61046,28.28427,31.241,27.65863,26.24881,28.6007,24.20744,27.65863,24.69818,21.09502,19.72308,20.61553,9.21954,10.44031,8.06226,8.94427,9.48683,8.60233,10.04988,14.56022,17.0,16.15549,17.46425,23.08679,29.06888,37.0,34.53983,37.58989,42.94182,42.94182,46.14109,44.29447,49.92995,57.45433,54.08327,60.10824,63.03174,63.12686,62.36986,66.06815,61.6198,69.6563,62.96825,72.47068,67.35726,66.6033,66.48308,66.48308,66.52819,66.21933,68.8186,68.00735,68.11755,66.8431,65.29931,65.19202,59.66574,70.03571,65.79514,62.96825,60.87693,65.79514,63.89053,62.96825,62.36986,57.42822,68.0147,68.76772,71.06335
13.0384,12.20656,13.0384,12.20656,12.20656,12.20656,11.6619,11.6619,11.6619,11.18034,10.81665,11.6619,11.18034,11.18034,10.29563,10.77033,10.77033,10.77033,10.77033,10.77033,9.84886,10.77033,9.84886,9.84886,9.84886,9.84886,9.84886,9.48683,9.84886,9.84886,8.544,8.94427,8.94427,8.06226,8.06226,8.06226,8.06226,7.2111,7.2111,7.2111,5.83095,5.83095,5.83095,5.83095,5.83095,5.0,5.0,5.0,4.24264,4.24264,4.24264,3.60555,75.32596,63.1981,74.16873,69.00725,71.02816,74.02702,68.11755,67.0,62.20129,67.00746,61.52235,61.20457,64.38167,61.13101,55.44367,58.85576,63.15061,55.44367,61.0,56.51548,63.06346,53.46027,51.92302,50.96077,51.97115,51.41984,52.49762,51.41984,52.95281,57.72348,51.78803,54.91812,41.48494,47.29693,42.75512,46.87217,43.18565,42.42641,41.7732,45.0,37.21559,37.33631,40.11234,37.12142,33.01515,34.0,34.0147,28.44293,28.28427,24.5153,30.0,24.35159,26.4764,18.68154,20.09975,25.63201,18.86796,13.45362,12.20656,12.04159,8.24621,13.0384,11.18034,15.52417,13.41641,17.88854,21.26029,21.40093,24.69818,31.38471,34.53983,37.0,39.56008,41.23106,42.72002,48.70318,48.37355,44.72136,53.23533,52.03845,58.30952,61.13101,63.03174,62.20129,68.02941,67.18631,69.18092,62.28965,69.58448,69.2315,72.56721,66.70832,68.73136,65.11528,66.37017,69.46222,68.35934,66.61081,66.1211,68.44706,62.64982,64.93843,66.00758,67.47592,63.3877,62.514,63.00794,59.03389,66.18912,64.28063,64.00781,69.35416,74.02702,67.60178
13.0384,13.60147,13.0384,13.60147,13.0384,13.0384,12.20656,11.6619,11.6619,11.6619,12.52996,12.08305,11.18034,11.18034,11.6619,11.18034,11.18034,11.18034,12.08305,11.18034,11.18034,11.18034,9.84886,10.77033,11.18034,10.77033,9.84886,10.29563,10.29563,9.84886,9.43398,9.43398,9.43398,9.43398,9.43398,8.06226,8.06226,7.81025,7.2111,7.81025,6.40312,7.2111,6.40312,6.40312,6.40312,5.65685,5.65685,5.65685,5.0,5.0,5.0,4.47214,69.72087,72.00694,74.96666,63.56099,68.65858,67.89698,70.40597,65.30697,63.34824,59.43904,62.39391,56.51548,61.39218,58.69412,55.10898,51.1957,55.54278,53.16014,58.69412,55.71355,51.5461,49.64877,54.626,54.70832,53.85165,50.69517,46.48656,49.39636,51.5461,51.26402,45.35416,46.87217,49.0306,47.53946,44.38468,40.16217,39.81206,44.92215,44.55334,35.17101,34.52535,33.24154,38.11824,34.36568,32.38827,29.15476,29.01724,29.01724,23.34524,26.01922,25.0,23.0,25.07987,25.29822,18.43909,19.69772,20.61553,15.0,11.04536,12.16553,6.08276,8.24621,9.05539,12.36932,16.64332,17.0,19.10497,23.02173,25.55386,30.23243,35.51056,37.12142,37.73592,41.34005,44.28318,47.01064,51.24451,56.30275,56.32051,51.24451,61.18823,63.50591,59.5399,61.07373,65.12296,65.03076,70.02857,63.1981,65.19202,68.11755,68.0,78.1025,56.14268,69.11584,66.27217,62.1289,68.0,66.1211,68.0,61.20457,64.03124,60.0,60.53098,64.03124,61.13101,63.12686,65.49046,66.18912,60.40695,67.89698,58.54912,67.89698,69.64194,65.9242
12.52996,11.6619,11.6619,11.6619,11.6619,11.6619,10.81665,10.81665,10.81665,10.81665,10.81665,10.81665,10.0,10.0,10.0,10.63015,9.89949,10.0,9.89949,9.21954,9.21954,9.21954,9.21954,9.21954,9.21954,9.21954,9.21954,9.21954,9.21954,8.60233,8.60233,8.60233,8.60233,7.2111,8.06226,7.2111,8.06226,6.7082,6.7082,6.7082,6.7082,6.7082,5.38516,5.38516,5.38516,5.38516,5.09902,5.09902,5.09902,5.09902,5.0,4.0,82.0061,66.94027,72.18033,69.72087,70.03571,68.44706,61.0,63.78871,66.09841,61.81424,61.81424,58.69412,60.13319,56.56854,54.74486,58.07753,57.07889,58.13777,51.08816,54.08327,59.07622,55.03635,53.03772,52.00961,51.0,51.0098,51.0,50.0,50.03998,53.23533,48.01042,50.03998,41.04875,47.16991,47.04253,41.19466,43.18565,39.11521,41.19466,36.12478,37.12142,40.60788,39.11521,40.4475,35.44009,27.89265,35.17101,27.45906,28.79236,26.68333,25.29822,24.59675,22.84732,22.47221,21.93171,18.43909,16.40122,9.48683,7.2111,7.07107,6.7082,7.61577,9.05539,10.44031,12.04159,15.0333,20.24846,19.41649,28.44293,27.16616,33.13608,35.35534,33.13608,45.12206,47.0,47.01064,40.11234,45.04442,56.4358,57.70615,57.48913,59.48109,63.78871,63.15853,69.26038,64.51356,64.84597,63.07139,66.18912,69.35416,67.41662,67.53518,68.15424,67.1193,63.95311,68.02941,68.942,70.21396,65.39113,66.30988,67.97794,65.79514,61.40033,62.36185,60.40695,64.19502,63.69458,59.48109,68.41053,69.42622,59.84146,68.593,71.06335,68.06614
14.42221,13.0384,13.60147,13.60147,13.60147,12.20656,12.20656,12.20656,12.20656,12.20656,11.40175,12.04159,11.40175,12.04159,10.63015,12.04159,11.31371,11.31371,11.31371,11.31371,10.63015,11.31371,10.63015,11.31371,10.63015,10.63015,9.89949,10.63015,9.89949,9.89949,9.21954,9.21954,9.21954,9.21954,8.60233,8.60233,8.60233,8.06226,7.2111,7.2111,7.2111,7.2111,7.2111,5.83095,5.83095,5.83095,5.38516,5.38516,5.38516,5.38516,5.09902,4.12311,74.1485,77.66595,69.46222,68.65858,66.91039,63.95311,62.16912,72.78049,61.18823,62.8172,62.80127,60.41523,63.63961,59.22837,57.70615,58.42089,54.08327,52.00961,55.22681,51.0392,56.00893,55.22681,50.01,56.00893,54.33231,53.03772,52.15362,52.03845,52.03845,52.00961,43.01163,50.0,50.15974,47.0,40.04997,43.28972,45.09989,38.01316,43.10452,40.0,37.85499,33.73426,35.01428,32.98485,34.71311,31.57531,32.28002,35.69314,26.92582,28.28427,29.12044,25.63201,23.5372,25.63201,21.63331,18.35756,13.45362,8.94427,9.21954,9.89949,10.81665,10.19804,10.04988,13.0384,13.0384,13.34166,17.26268,23.34524,26.30589,28.16026,35.51056,35.12834,39.05125,43.01163,45.04442,44.04543,50.01,53.46027,55.22681,58.69412,59.43904,58.69412,64.28841,62.03225,62.39391,68.70953,63.56886,63.90618,64.2573,70.23532,67.1193,67.54258,65.79514,71.11962,68.09552,66.64083,62.64982,65.0,68.54196,66.30988,64.07808,59.5063,65.45991,66.85058,63.69458,66.12866,66.12866,65.25335,59.66574,61.84658,62.96825,67.36468,68.15424,70.40597
12.08305,12.08305,11.7047,12.08305,10.77033,10.77033,10.44031,10.44031,10.44031,10.44031,10.44031,10.44031,10.44031,10.44031,10.19804,10.19804,10.19804,9.21954,9.05539,9.21954,9.21954,9.21954,9.21954,9.05539,9.21954,9.05539,9.05539,9.21954,8.24621,8.24621,8.24621,8.24621,8.24621,7.28011,7.28011,7.28011,6.32456,6.7082,6.32456,6.32456,5.38516,5.38516,5.38516,4.47214,5.38516,4.47214,4.47214,3.60555,3.60555,3.60555,4.24264,2.82843,80.32434,72.73239,76.53757,68.70953,65.8635,67.77905,62.62587,74.94665,63.15853,65.9242,65.39113,58.30952,61.26989,56.82429,58.60034,59.36329,61.29437,57.45433,60.41523,52.15362,64.07027,55.75841,54.70832,53.25411,51.0392,53.25411,49.09175,52.20153,55.75841,53.41348,48.9183,51.0392,48.76474,48.02083,43.13931,49.39636,44.94441,46.87217,44.94441,40.24922,36.35932,38.01316,38.58756,33.12099,32.69557,31.95309,30.88689,33.61547,31.95309,27.85678,23.08679,24.04163,25.0,23.5372,17.72005,21.2132,19.0,9.43398,11.40175,7.07107,11.0,10.04988,8.544,8.544,10.81665,13.89244,19.20937,18.38478,30.0,33.42155,27.78489,35.51056,34.98571,45.79301,41.67733,48.76474,53.31041,56.64804,57.87055,53.48832,60.63827,63.56099,67.44627,61.66036,65.49046,65.76473,75.23962,58.13777,77.31753,68.593,70.11419,68.02941,68.18358,65.12296,66.06815,68.11755,70.17834,73.10951,65.27634,70.25667,67.26812,68.88396,63.95311,67.08204,62.36986,62.64982,60.01666,67.26812,62.96825,68.00735,60.74537,70.83784,74.30343,69.46222
12.0,12.04159,12.04159,12.0,11.04536,11.0,11.04536,11.04536,11.04536,10.04988,10.04988,10.04988,10.04988,10.04988,10.19804,9.21954,10.19804,9.21954,9.21954,9.21954,9.21954,9.21954,9.05539,9.21954,9.21954,9.21954,9.05539,9.05539,9.05539,8.06226,8.06226,8.06226,8.06226,7.07107,7.0,7.0,7.0,7.07107,6.08276,6.0,6.08276,6.08276,5.09902,5.09902,5.09902,4.12311,5.09902,4.12311,4.47214,4.47214,3.60555,4.24264,70.00714,69.42622,72.47068,68.593,67.20119,74.33034,65.29931,67.26812,60.87693,63.70243,62.28965,60.44005,59.20304,55.75841,58.82176,58.83026,55.47071,55.4617,55.9464,54.58938,61.58734,52.69725,57.00877,55.22681,52.35456,50.08992,47.43416,48.75449,48.33218,53.0,48.8774,53.33854,46.06517,48.33218,44.10215,44.94441,43.56604,42.43819,41.18252,39.66106,36.05551,40.22437,37.80212,35.22783,40.31129,29.0,27.65863,29.83287,28.6007,25.80698,26.40076,24.20744,24.08319,21.93171,19.20937,21.26029,20.59126,9.21954,10.0,5.0,7.61577,9.21954,10.63015,7.0,14.86607,13.92839,15.23155,16.15549,20.39608,25.0,29.41088,35.73514,34.0,37.57659,41.04875,44.77723,49.73932,56.0803,58.25805,55.44367,57.48913,58.0,66.52819,63.41136,67.62396,63.03174,67.94115,60.46487,67.80118,64.66065,64.2028,71.70077,62.96825,65.45991,68.60029,64.66065,66.8431,72.20111,67.20119,68.00735,71.21798,64.81512,58.13777,57.00877,61.40033,59.4138,58.69412,55.97321,61.07373,69.35416,66.61081,66.37017,69.02898,70.60453
12.04159,12.0,12.0,12.04159,12.0,11.04536,11.0,11.0,11.0,10.0,11.0,10.0,10.0,10.04988,9.0,10.04988,9.05539,10.04988,9.05539,9.05539,9.05539,9.05539,9.05539,9.05539,9.05539,9.05539,9.0,9.05539,8.06226,8.0,8.0,8.0,8.0,7.07107,7.07107,7.07107,7.07107,7.07107,6.08276,6.08276,6.08276,5.09902,6.32456,5.38516,5.38516,5.38516,4.47214,4.47214,4.47214,4.47214,4.24264,4.24264,74.41102,71.84706,70.29225,67.00746,72.67049,67.1193,67.80118,66.85058,61.22091,66.0303,63.41136,59.5483,58.00862,61.55485,56.40035,55.97321,56.63921,56.58622,54.45181,58.79626,55.9017,58.0517,50.93133,52.20153,51.73973,48.79549,53.60037,52.34501,53.75872,47.50789,53.03772,51.08816,52.34501,43.86342,44.20407,42.44997,43.41659,46.09772,44.82187,45.48626,36.35932,36.35932,34.48188,34.82815,33.12099,32.64966,33.10589,29.68164,30.08322,24.35159,28.23119,27.85678,23.08679,26.92582,19.0263,23.02173,22.02272,10.04988,10.0,6.08276,7.28011,7.07107,8.60233,12.20656,10.63015,12.52996,17.72005,21.0238,20.12461,28.16026,33.61547,34.9285,38.94868,37.73592,44.68781,46.40043,47.42362,49.67897,59.4138,56.22277,57.28001,61.03278,63.00794,64.63745,66.37017,64.3506,65.45991,63.51378,65.19202,64.84597,61.26989,71.69379,67.53518,68.42514,65.76473,65.9242,68.88396,67.53518,64.84597,64.88451,70.71068,67.97794,66.28725,57.69749,65.0,60.21628,65.51336,59.16925,60.74537,60.20797,64.07027,63.03174,66.0303,64.2028
12.80625,12.04159,12.04159,11.40175,12.80625,11.40175,11.40175,11.31371,10.63015,11.31371,10.63015,10.63015,10.63015,9.89949,9.89949,10.63015,10.63015,10.63015,9.21954,9.21954,9.21954,10.63015,9.89949,9.21954,9.89949,9.21954,9.21954,9.89949,8.48528,8.48528,7.81025,8.48528,8.48528,7.81025,7.81025,7.81025,7.2111,7.2111,7.2111,7.2111,6.7082,5.83095,5.83095,5.83095,5.83095,5.38516,5.38516,5.38516,5.38516,5.09902,5.09902,4.0,71.34424,75.05998,67.02984,71.02112,71.25307,69.26038,70.5762,70.17834,60.07495,67.1193,63.3877,63.56099,65.9242,60.20797,60.40695,57.55867,60.01666,58.85576,56.88585,55.08176,57.24509,57.87055,49.0306,51.24451,49.47727,55.08176,53.75872,52.61179,52.39275,52.63079,49.81967,49.24429,48.83646,45.35416,46.87217,44.38468,43.73786,39.81206,43.32436,45.54119,41.4367,38.11824,35.0,36.22154,36.22154,35.01428,29.15476,30.14963,27.29469,25.31798,28.28427,28.44293,24.08319,20.88061,21.58703,22.13594,18.38478,12.80625,10.77033,7.2111,9.21954,7.28011,9.0,12.52996,13.41641,18.02776,18.78829,22.47221,21.40093,31.38471,29.15476,32.20248,38.91015,42.48529,48.75449,47.12749,48.08326,55.10898,55.10898,61.29437,62.20129,62.28965,65.00769,66.0303,63.03174,66.06815,67.36468,67.02984,68.18358,68.26419,70.45566,71.17584,69.42622,74.33034,67.47592,68.46897,66.09841,68.593,71.06335,68.18358,73.17103,60.13319,69.06519,67.18631,64.03124,61.0,67.06713,63.03174,69.72087,63.07139,69.26038,71.25307,73.68175,67.18631
13.60147,12.20656,12.20656,12.20656,12.20656,11.40175,10.81665,10.81665,10.81665,10.81665,10.81665,10.29563,10.29563,10.29563,10.29563,10.29563,10.29563,10.29563,9.84886,9.84886,9.84886,9.84886,9.43398,9.84886,8.94427,8.94427,8.94427,8.94427,8.06226,8.94427,8.06226,8.06226,8.06226,8.06226,7.81025,7.81025,7.81025,7.07107,6.40312,7.07107,7.07107,5.65685,5.65685,5.65685,5.0,5.0,5.0,5.0,4.47214,4.47214,4.47214,4.12311,73.08215,69.89278,69.26038,65.9242,74.63243,64.32729,66.48308,63.34824,64.19502,62.93648,56.75385,58.69412,60.08328,52.92447,56.32051,59.23681,52.83938,60.41523,55.9464,52.0,52.92447,56.35601,51.42956,51.88449,51.07837,52.39275,49.24429,47.50789,48.30114,49.64877,50.15974,51.47815,47.92703,41.23106,46.23851,37.69615,45.22168,42.95346,39.84972,39.29377,38.62642,43.01163,37.94733,36.76955,36.87818,33.95585,28.28427,32.75668,26.0,29.01724,27.89265,21.0238,22.02272,24.02082,23.0,19.0263,21.37756,10.19804,10.81665,7.28011,8.24621,11.0,8.06226,13.0384,13.60147,17.69181,18.60108,21.63331,23.34524,31.241,32.52691,31.241,37.73592,39.66106,42.54409,41.67733,47.75982,43.65776,54.23099,52.55473,57.56735,57.28001,68.65858,65.62012,64.62971,63.50591,62.96825,68.593,69.35416,63.12686,67.1193,68.06614,71.02816,61.0082,66.1211,61.20457,71.06335,64.38167,68.35934,66.37017,67.60178,62.39391,61.40033,64.12488,62.28965,62.80127,64.13267,58.46366,70.21396,63.78871,61.18823,64.7611,71.16881,68.44706
12.0,12.04159,12.04159,12.0,12.0,11.0,11.04536,11.04536,11.04536,10.04988,10.04988,11.04536,10.04988,10.04988,10.04988,10.19804,10.19804,10.19804,9.21954,9.21954,9.21954,9.21954,9.21954,9.21954,9.21954,9.21954,9.21954,9.21954,8.06226,8.24621,8.06226,8.06226,8.06226,7.07107,7.07107,7.0,7.0,7.0,6.0,6.0,6.0,6.08276,5.0,5.0,5.09902,4.12311,4.12311,4.12311,4.12311,3.16228,3.60555,3.60555,77.15569,71.21798,75.66373,68.593,72.12489,72.18033,72.12489,65.21503,67.88225,60.81118,61.6198,61.7171,62.482,62.93648,56.72742,59.5483,58.79626,53.8145,54.48853,51.97115,57.98276,52.80152,59.20304,53.41348,50.44799,55.60576,51.61395,48.25971,50.32892,52.69725,48.25971,54.91812,46.8615,47.16991,44.82187,45.96738,46.69047,43.93177,43.86342,41.72529,38.20995,41.72529,35.38361,34.05877,33.01515,33.94113,29.83287,24.75884,29.69848,19.41649,27.78489,21.9545,26.41969,21.9545,22.80351,22.84732,23.08679,11.40175,7.07107,8.24621,10.0,8.94427,9.21954,12.52996,13.0384,15.0,16.76305,24.5153,25.07987,25.63201,36.24914,33.54102,39.44617,39.96248,42.05948,41.23106,44.68781,52.20153,53.2635,57.28001,58.79626,59.81639,65.19202,64.03124,63.51378,63.60031,69.06519,65.45991,66.03787,68.7968,64.14047,66.0303,65.73431,61.58734,69.64194,71.11962,65.51336,68.26419,61.61169,69.33974,65.73431,64.88451,63.25346,67.62396,64.66065,61.61169,60.0,60.30755,60.10824,66.52819,60.20797,70.29225,68.62215,67.88225
13.0384,12.20656,12.52996,12.20656,11.6619,11.6619,11.6619,11.6619,11.18034,10.29563,11.18034,11.18034,10.29563,9.84886,9.84886,9.84886,9.84886,9.84886,9.48683,9.48683,9.48683,9.48683,9.48683,9.48683,9.48683,9.48683,9.48683,8.544,8.544,8.544,8.544,8.544,8.544,7.61577,7.61577,7.2111,7.2111,7.2111,6.7082,6.7082,5.83095,5.83095,5.83095,5.83095,5.0,5.0,5.65685,4.24264,5.0,4.24264,5.0,4.47214,74.67262,68.35203,71.69379,74.73286,71.51224,67.06713,65.9242,66.48308,62.03225,60.53924,61.7414,58.66856,64.84597,55.4617,59.5063,55.4617,56.30275,55.22681,53.25411,55.75841,55.80323,55.75841,53.0,47.01064,49.64877,51.73973,55.80323,51.40039,49.39636,51.97115,50.47772,45.48626,50.11986,43.26662,44.29447,43.41659,43.56604,42.19005,39.96248,43.909,40.8534,38.91015,36.71512,36.23534,33.61547,31.76476,34.78505,36.05551,30.46309,27.51363,25.94224,26.07681,29.41088,23.02173,18.24829,19.10497,19.10497,14.14214,11.18034,10.77033,8.544,5.09902,11.40175,10.63015,12.04159,21.26029,17.20465,24.08319,27.01851,26.90725,27.01851,33.83785,38.41875,39.96248,44.28318,45.79301,46.14109,50.53712,56.85948,57.87055,59.46427,61.40033,65.73431,63.56099,66.09841,62.80127,64.93843,69.05071,61.61169,62.64982,65.49046,65.62012,68.73136,67.26812,70.34913,67.18631,72.18033,67.36468,68.24954,67.74216,65.49046,63.3877,70.0928,67.46851,63.32456,59.48109,63.60031,61.09828,66.40783,64.51356,66.09841,70.77429,72.61543,72.61543
13.0,11.7047,11.7047,11.7047,11.7047,10.77033,11.7047,10.44031,10.44031,10.44031,10.44031,10.44031,10.44031,10.44031,10.19804,10.19804,10.19804,9.21954,9.05539,9.21954,9.21954,9.05539,9.21954,9.05539,9.21954,9.21954,9.21954,9.21954,8.24621,8.24621,8.24621,8.24621,8.24621,7.28011,7.61577,7.61577,7.61577,6.7082,6.7082,6.7082,5.83095,5.83095,5.83095,5.0,5.0,5.0,5.0,4.24264,4.24264,4.24264,5.0,4.47214,77.69813,68.50547,74.62573,74.09453,73.4983,68.24222,69.97142,71.86793,63.41136,63.82006,57.80138,57.80138,63.82006,57.80138,58.60034,58.60034,59.5483,53.03772,52.20153,55.0,60.1415,55.17246,59.5483,51.62364,51.08816,54.45181,48.79549,52.3259,47.42362,53.8145,50.24938,52.40229,45.0,49.57822,43.01163,49.0408,45.45327,46.2277,41.23106,44.40721,43.82921,38.07887,35.51056,31.76476,38.47077,27.29469,31.7805,30.23243,30.67572,33.12099,32.69557,29.12044,23.76973,21.58703,24.33105,23.08679,20.22375,11.18034,9.0,7.61577,6.7082,5.38516,6.08276,10.81665,11.18034,13.92839,20.24846,18.02776,23.25941,29.54657,30.08322,38.01316,35.35534,43.56604,44.40721,50.80354,42.63801,51.73973,59.4138,54.48853,57.2014,62.00806,63.00794,65.73431,69.46222,66.28725,69.40461,58.13777,69.11584,67.53518,67.53518,68.0,72.00694,67.53518,64.4748,68.88396,67.97794,68.942,65.79514,72.44998,63.56099,64.40497,72.06941,66.7308,63.24555,60.74537,55.47071,63.63175,67.1193,64.2028,64.53681,63.81222,73.0,75.69016
12.20656,11.6619,12.20656,11.6619,12.20656,10.81665,10.81665,10.81665,10.81665,10.0,10.0,10.63015,10.0,10.0,10.0,10.63015,9.21954,10.0,9.21954,9.21954,9.21954,10.0,9.21954,9.21954,9.21954,9.21954,9.21954,9.21954,8.60233,8.60233,8.60233,8.60233,8.06226,8.06226,8.06226,8.06226,8.06226,6.7082,6.7082,6.7082,6.32456,6.32456,6.32456,5.38516,5.09902,5.09902,5.09902,5.09902,5.09902,5.0,5.0,4.0,72.23573,72.8011,77.20104,72.73239,75.96052,69.57011,63.32456,67.06713,66.09841,57.58472,63.90618,64.32729,62.8172,53.45091,58.69412,63.56886,57.00877,60.08328,57.97413,55.7853,59.68249,55.9017,52.17279,52.95281,53.36666,49.72927,48.50773,50.01,48.76474,55.08176,51.41984,57.97413,41.23106,45.35416,48.08326,43.9659,44.40721,42.05948,40.8534,46.8188,36.23534,38.83298,39.66106,37.73592,35.8469,34.0,30.52868,27.78489,28.30194,27.20294,22.82542,26.62705,20.24846,21.93171,16.97056,22.82542,19.41649,13.60147,12.80625,5.0,8.544,12.08305,9.0,8.06226,17.08801,21.18962,15.81139,22.13594,29.12044,25.96151,32.24903,39.20459,36.0,43.41659,42.10701,49.16299,48.01042,52.46904,58.07753,54.34151,58.0517,61.98387,63.78871,66.7308,71.7844,59.23681,70.2282,64.4748,70.21396,69.35416,67.1193,70.68239,70.66116,70.68239,69.35416,70.72482,71.11962,75.17978,70.77429,70.26379,70.23532,68.96376,60.00833,64.49806,63.90618,62.29767,59.09315,61.7414,65.9242,69.28925,63.06346,70.00714,76.68768,71.47027
13.34166,12.16553,12.36932,12.16553,12.16553,11.18034,11.40175,11.40175,11.40175,11.40175,11.40175,11.40175,11.40175,10.44031,10.44031,10.77033,10.77033,10.77033,9.84886,9.84886,9.84886,9.84886,9.84886,9.84886,9.84886,9.84886,9.84886,9.84886,8.94427,9.84886,8.544,8.544,8.544,8.544,8.544,8.24621,8.24621,7.07107,7.07107,7.07107,7.07107,6.08276,6.08276,6.08276,6.08276,6.0,6.0,5.0,5.0,5.09902,5.09902,4.12311,70.34202,78.58753,73.24616,67.18631,72.83543,71.30919,65.96969,63.95311,61.35145,61.84658,62.16912,64.13267,62.64982,61.81424,57.42822,54.45181,56.14268,56.0803,55.10898,61.20457,57.00877,55.03635,54.08327,55.3263,57.31492,53.08484,52.00961,50.08992,51.35173,49.0408,52.0,49.36598,50.35871,49.0,43.04649,44.04543,47.26521,42.2019,45.60702,41.04875,47.26521,36.34556,36.05551,35.90265,31.40064,33.52611,29.41088,34.53983,26.40076,27.20294,27.65863,27.51363,20.88061,25.80698,21.9545,25.55386,20.24846,12.64911,10.29563,10.29563,14.21267,10.44031,8.06226,7.0,14.0,21.09502,18.02776,20.39608,24.02082,26.0,33.06055,37.33631,40.04997,40.04997,43.41659,47.16991,49.47727,55.9017,52.88667,58.69412,56.921,63.56886,63.24555,65.39113,70.66116,67.08204,67.1193,64.84597,66.24198,69.81404,65.8635,73.82412,68.26419,67.60178,73.43024,70.3278,63.63175,68.60029,75.58439,68.60029,65.8635,66.18912,64.84597,61.46544,69.28925,62.24147,68.02941,69.64194,61.40033,68.44706,69.64194,63.15061,70.60453,73.08215
12.08305,12.52996,12.08305,12.08305,12.08305,11.18034,10.77033,10.77033,10.77033,10.77033,10.77033,10.44031,10.44031,10.44031,10.44031,10.44031,10.44031,10.44031,10.19804,10.19804,9.48683,10.19804,9.48683,10.19804,9.21954,9.21954,9.21954,9.21954,9.21954,8.24621,8.24621,8.24621,8.544,8.544,7.61577,7.61577,7.61577,7.61577,6.7082,6.7082,5.83095,6.7082,5.83095,5.83095,5.83095,5.0,5.0,5.0,5.0,5.0,4.24264,4.24264,70.03571,70.71068,72.18033,67.36468,69.58448,68.73136,68.73136,64.12488,66.09841,63.63961,63.28507,64.12488,65.11528,56.56854,58.0517,56.04463,57.97413,55.36244,55.10898,55.31727,62.64184,50.59644,57.58472,50.9902,50.44799,56.51548,51.24451,48.70318,45.22168,55.97321,49.24429,47.51842,41.59327,52.20153,47.07441,41.7732,39.56008,38.32754,38.01316,42.0119,38.20995,39.05125,34.1321,37.05401,35.12834,33.06055,30.06659,27.16616,27.0,30.14963,30.01666,25.29822,24.73863,22.80351,19.31321,23.5372,21.84033,10.29563,14.0,9.21954,11.18034,7.81025,7.81025,12.16553,14.21267,16.40122,18.38478,25.0,20.61553,27.58623,34.05877,35.51056,42.05948,40.22437,47.16991,48.8774,51.62364,52.49762,54.40588,56.29387,56.921,59.90826,62.58594,62.8172,69.2315,61.29437,65.76473,66.06815,70.5762,66.1211,66.00758,70.00714,72.00694,72.02777,71.0,69.0,71.00704,67.0,65.00769,68.02941,67.06713,63.0,69.06519,67.18631,64.03124,64.00781,61.20457,62.96825,67.91171,63.3877,62.36185,71.8401,70.0928,69.05071
12.0,12.0,12.04159,12.0,11.0,11.0,11.0,11.0,10.0,10.04988,10.04988,10.04988,10.04988,10.19804,10.19804,10.19804,10.19804,9.05539,9.21954,9.21954,9.05539,9.21954,9.05539,9.21954,9.21954,9.21954,9.05539,8.06226,9.05539,8.06226,8.06226,8.06226,8.0,8.0,7.0,7.0,7.0,7.0,6.0,6.08276,6.08276,6.08276,5.09902,5.09902,5.38516,5.38516,5.38516,4.47214,4.47214,4.47214,4.47214,4.24264,70.43437,72.91776,72.47068,68.0147,64.81512,69.35416,64.66065,67.20119,61.84658,66.06815,61.07373,60.60528,57.62812,58.83026,58.60034,58.66856,55.9464,58.18075,53.7122,56.61272,58.30952,54.58938,49.24429,52.15362,51.0,51.47815,52.43091,51.0,46.51881,50.24938,49.39636,51.47815,47.41308,45.79301,46.04346,42.54409,40.80441,41.18252,43.01163,42.72002,40.80441,37.01351,33.94113,32.55764,36.87818,29.41088,30.4795,30.41381,30.41381,25.0,30.0,21.93171,22.80351,25.0,23.02173,23.76973,21.54066,9.21954,8.0,8.48528,7.61577,9.43398,7.61577,8.06226,17.46425,15.23155,16.27882,23.76973,24.08319,29.15476,32.24903,35.17101,37.64306,39.56008,41.62932,45.69464,46.51881,49.65884,59.9333,52.43091,63.24555,60.21628,64.81512,60.87693,65.11528,62.93648,69.31089,57.48913,67.89698,67.80118,68.76772,71.70077,67.26812,63.78087,66.21933,62.80127,68.68042,70.80254,67.26812,69.42622,64.44377,61.84658,63.12686,57.48913,62.24147,64.66065,65.11528,61.7171,60.1415,65.76473,66.6033,69.02898,73.06162,65.0
14.03567,12.04159,13.0384,12.04159,13.0384,12.04159,12.04159,12.04159,12.04159,12.04159,12.04159,11.0,11.0,11.0,11.0,12.04159,10.04988,11.04536,10.04988,11.04536,10.0,10.0,11.04536,10.04988,10.0,10.04988,10.0,10.0,9.0,10.0,9.0,9.0,9.0,8.0,8.06226,9.05539,8.06226,8.06226,7.07107,7.07107,7.07107,6.08276,7.28011,6.32456,6.32456,5.38516,5.38516,5.38516,5.38516,5.38516,5.0,5.0,76.6942,72.83543,68.62215,66.70832,67.17887,67.20863,68.68042,63.65532,65.79514,57.48913,57.00877,57.62812,59.90826,63.03174,59.20304,57.48913,60.44005,52.63079,57.62812,54.58938,57.70615,55.0,53.82379,51.40039,52.63079,53.33854,56.4358,57.80138,50.44799,47.41308,47.50789,51.0392,48.25971,48.01042,44.40721,40.45986,38.27532,46.69047,41.72529,42.52058,45.27693,38.20995,38.41875,27.65863,30.61046,31.1127,36.12478,31.89044,26.92582,25.55386,28.6007,27.78489,26.87006,20.24846,24.59675,25.29822,18.24829,8.94427,8.06226,8.24621,8.94427,9.21954,9.89949,10.29563,15.29706,16.12452,17.08801,21.58703,25.70992,31.7805,31.32092,31.62278,38.8973,40.16217,44.77723,48.37355,49.64877,59.36329,55.75841,61.7171,61.84658,66.48308,65.79514,60.81118,70.00714,68.593,66.6033,70.83784,70.21396,69.06519,68.11755,75.21303,66.70832,68.24222,72.20111,72.20111,68.24222,65.0,70.29225,66.8431,72.00694,61.61169,60.87693,63.60031,62.28965,63.03174,66.6033,57.98276,60.0,62.2254,66.6033,70.72482,69.35416,72.34639
13.0,13.0384,13.0384,13.0,13.0,12.0,12.04159,12.04159,12.04159,11.04536,12.04159,11.18034,11.04536,11.18034,11.04536,11.18034,11.18034,11.18034,10.19804,10.19804,10.04988,10.19804,11.18034,10.19804,10.19804,10.19804,10.19804,10.04988,9.05539,10.04988,9.0,9.05539,9.05539,9.05539,9.0,9.0,8.0,8.0,7.0,7.0,7.07107,7.07107,7.07107,6.08276,6.08276,6.08276,6.32456,5.38516,5.38516,5.38516,5.38516,4.47214,70.80254,64.81512,69.63476,68.50547,69.63476,70.0,58.89822,66.52819,62.96825,64.07027,59.40539,57.2014,59.64059,53.85165,58.60034,58.83026,58.25805,56.85948,52.83938,53.33854,55.56978,56.93856,52.15362,49.1935,49.92995,54.3783,47.01064,54.3783,50.24938,53.22593,48.01042,46.61545,49.39636,49.64877,38.01316,46.2277,43.41659,42.80187,42.63801,39.05125,41.86884,33.94113,33.97058,36.87818,31.14482,31.82766,32.55764,27.65863,27.80288,26.24881,22.82542,24.20744,22.80351,22.84732,19.72308,17.46425,20.88061,9.21954,8.06226,10.63015,13.41641,9.43398,8.06226,11.40175,12.04159,21.0,17.72005,18.11077,23.5372,28.0,29.73214,39.11521,33.61547,42.72002,37.0,44.38468,48.10405,54.12947,53.66563,57.93962,59.90826,62.24147,59.68249,60.60528,68.41053,66.06815,66.70832,64.44377,71.50524,67.17887,65.06919,68.76772,67.17887,66.48308,68.62215,65.79514,65.05382,69.42622,67.17887,65.79514,69.31089,68.593,66.52819,61.52235,65.43699,65.8559,63.78087,64.66065,65.45991,66.21933,60.21628,72.20111,70.0,70.80254
12.64911,12.64911,11.40175,11.7047,11.40175,11.7047,10.44031,10.44031,10.44031,10.19804,10.19804,10.19804,10.19804,10.19804,10.19804,10.19804,10.19804,10.19804,9.05539,9.05539,9.05539,9.05539,9.21954,9.05539,9.05539,9.05539,9.21954,9.21954,9.21954,8.24621,8.24621,8.24621,8.24621,7.28011,7.61577,7.61577,7.61577,6.7082,6.7082,6.7082,5.83095,5.83095,5.83095,5.83095,5.0,5.0,5.0,5.0,4.24264,4.24264,4.24264,4.47214,70.43437,73.00685,73.24616,67.80118,69.2026,67.23095,65.80274,66.06815,62.80127,64.14047,62.68174,57.80138,65.79514,57.62812,59.66574,55.97321,59.5483,55.17246,51.73973,58.25805,58.72819,58.72819,57.31492,54.45181,54.48853,53.07542,55.22681,53.74012,49.67897,51.66237,45.27693,48.10405,42.0119,47.20169,47.42362,45.60702,45.34314,39.40812,40.22437,42.43819,37.73592,39.39543,38.27532,31.06445,31.06445,30.46309,31.38471,31.38471,30.67572,27.20294,25.0,24.33105,25.29822,21.58703,22.02272,21.2132,18.0,11.18034,9.05539,8.94427,6.32456,9.43398,8.48528,14.86607,16.76305,16.49242,19.0263,22.36068,24.5153,30.06659,32.57299,31.01612,39.82462,37.12142,48.10405,47.70744,49.40648,49.64877,60.30755,60.1415,61.6198,61.55485,67.20863,64.2028,65.11528,63.41136,64.3506,64.2028,67.1193,67.42403,66.03787,74.43118,68.09552,65.73431,72.40166,71.58911,70.3278,66.24198,64.14047,70.3278,66.88797,63.97656,74.62573,64.14047,63.52952,63.51378,67.6757,61.22091,69.81404,63.24555,60.21628,61.07373,68.88396,66.8431
12.20656,10.81665,12.20656,11.40175,11.40175,10.0,10.81665,10.0,10.0,10.81665,9.43398,9.43398,10.29563,9.84886,9.43398,10.29563,9.84886,9.84886,8.94427,8.94427,8.94427,9.43398,8.94427,8.544,8.94427,8.94427,8.94427,8.06226,8.06226,8.06226,7.2111,7.2111,7.2111,7.2111,7.2111,7.2111,6.40312,6.40312,6.40312,6.40312,5.65685,5.65685,5.65685,4.24264,5.0,5.0,3.60555,4.47214,4.47214,3.60555,3.16228,3.16228,73.75636,72.27724,76.68768,71.38627,72.56721,69.63476,69.2315,66.09841,61.66036,68.24954,61.0,63.15061,64.13267,58.21512,60.20797,57.31492,65.62012,58.0,58.13777,54.45181,58.0,53.00943,60.03332,58.03447,57.31492,54.03702,49.0102,54.03702,54.14795,54.08327,53.03772,55.03635,48.16638,45.09989,50.0,50.03998,48.25971,50.24938,46.69047,45.04442,38.47077,41.59327,37.94733,37.48333,33.73426,33.24154,26.68333,31.57531,28.4605,27.85678,26.0,27.73085,25.4951,20.24846,23.25941,21.93171,22.47221,12.04159,7.2111,11.6619,5.38516,9.89949,8.94427,7.28011,15.0333,15.29706,17.08801,20.61553,26.0,30.36445,32.75668,41.59327,34.0147,38.11824,42.19005,46.17359,47.16991,49.0,62.96825,51.78803,59.5399,61.39218,62.80127,63.24555,65.25335,65.55151,68.94926,63.56099,67.06713,68.02941,64.4748,73.34848,69.83552,61.32699,69.64194,76.47876,76.92204,76.55717,64.4748,71.17584,65.55151,65.0,61.46544,65.55151,66.7308,66.85058,65.80274,62.64982,63.34824,71.06335,50.9902,68.88396,70.21396,74.33034
12.52996,12.52996,11.6619,12.08305,11.18034,11.6619,11.6619,10.81665,10.81665,10.81665,10.81665,10.81665,10.81665,10.0,10.0,10.63015,10.63015,10.0,10.63015,9.89949,9.21954,9.21954,9.21954,9.21954,10.0,9.21954,9.21954,9.21954,9.21954,9.21954,8.60233,8.60233,8.60233,7.81025,7.2111,7.2111,8.06226,6.7082,6.7082,6.7082,5.83095,6.32456,5.83095,5.38516,5.38516,4.47214,4.47214,4.12311,4.12311,4.12311,4.12311,4.0,81.8352,71.02112,73.82412,72.47068,69.46222,73.82412,72.56032,69.97142,61.40033,67.1193,58.18075,68.44706,63.63175,55.9464,61.32699,58.30952,58.18075,57.38467,60.16644,53.48832,60.53924,54.08327,55.15433,54.12024,57.38467,56.85948,51.26402,53.75872,55.65968,60.63827,52.0,53.75872,45.69464,48.75449,46.52956,51.0,46.8188,45.17743,45.69464,42.04759,41.18252,42.54409,41.04875,35.8469,33.30165,34.98571,33.6006,27.80288,27.01851,29.15476,24.08319,33.97058,27.58623,21.93171,25.55386,25.80698,24.59675,9.21954,10.77033,9.21954,7.61577,12.64911,10.63015,15.52417,16.03122,23.19483,19.10497,21.0,27.16616,35.12834,33.0,39.20459,40.02499,44.28318,43.18565,46.87217,51.5461,54.08327,57.27128,54.78138,59.61543,60.03332,64.88451,61.58734,69.11584,66.21933,72.42237,68.7968,70.45566,65.43699,68.60029,71.40028,70.43437,67.35726,71.28113,70.60453,72.47068,70.03571,58.89822,71.8401,70.43437,66.61081,60.60528,65.80274,62.20129,67.1193,65.60488,65.74192,72.09022,67.74216,56.35601,68.47627,74.24958,71.19691
12.36932,11.40175,11.40175,11.40175,11.40175,11.40175,10.19804,10.19804,10.19804,10.19804,10.04988,10.04988,10.04988,10.04988,10.04988,10.04988,10.04988,10.04988,10.04988,10.04988,9.05539,9.05539,9.0,9.0,9.0,9.0,9.0,8.06226,9.05539,8.06226,8.06226,8.06226,8.06226,7.07107,7.07107,7.07107,7.07107,6.08276,6.32456,6.08276,5.38516,5.38516,5.09902,5.38516,5.38516,4.47214,4.47214,4.47214,3.60555,3.60555,3.60555,3.60555,73.08215,71.30919,69.46222,67.77905,71.30919,61.68468,68.00735,61.68468,64.40497,57.58472,59.5063,59.03389,59.94164,58.66856,57.69749,56.82429,61.29437,59.5399,56.35601,52.3259,53.82379,58.24946,53.85165,55.80323,50.24938,51.97115,51.86521,53.82379,56.60389,48.02083,56.4358,48.54894,51.10773,44.77723,45.61798,48.33218,48.33218,45.65085,42.54409,42.48529,41.18252,35.35534,37.85499,37.16181,31.95309,34.9285,30.36445,28.23119,27.65863,27.89265,25.4951,23.19483,23.19483,24.5153,19.23538,23.02173,24.02082,12.04159,9.05539,8.06226,12.36932,12.16553,3.0,8.60233,12.80625,12.80625,21.93171,20.51828,28.01785,29.06888,33.42155,32.55764,37.21559,39.82462,44.10215,46.40043,51.62364,47.50789,53.33854,52.3259,59.48109,60.16644,62.96825,61.40033,66.48308,64.03124,64.53681,62.0967,69.42622,65.11528,69.72087,67.44627,66.91039,72.36712,68.65858,66.48308,72.99315,66.91039,70.61161,64.13267,66.28725,63.34824,58.24946,60.16644,60.74537,63.24555,65.73431,58.94065,60.40695,64.2573,58.60034,64.2573,69.35416,65.30697
13.0384,13.0384,12.04159,13.0384,12.04159,12.04159,12.0,12.0,11.0,11.0,11.0,11.0,11.0,11.0,11.0,11.04536,11.04536,11.04536,10.04988,10.04988,10.04988,10.04988,10.04988,10.04988,10.04988,10.04988,10.04988,10.04988,10.04988,9.05539,9.0,9.05539,9.0,8.0,8.0,8.0,8.06226,7.07107,7.07107,7.07107,7.07107,7.07107,7.07107,6.08276,6.08276,6.08276,5.38516,5.38516,5.38516,5.38516,5.38516,4.47214,64.81512,69.46222,68.26419,64.66065,69.63476,67.41662,67.41662,63.60031,65.43699,57.45433,61.22091,57.14018,58.13777,56.0357,52.40229,60.82763,59.81639,60.30755,52.34501,57.31492,52.63079,53.75872,52.40229,52.34501,51.62364,55.0,51.22499,51.85557,56.72742,44.59821,52.00961,50.20956,49.57822,46.09772,47.50789,41.88078,42.0119,40.0,44.20407,44.04543,40.80441,34.4093,32.75668,38.27532,35.80503,33.54102,29.41088,28.6531,25.05993,26.07681,26.57066,25.55386,21.84033,23.08679,25.0,20.61553,20.61553,14.14214,7.07107,10.0,10.19804,8.544,10.63015,10.63015,15.26434,17.69181,15.26434,23.85372,24.08319,30.52868,33.12099,29.20616,36.40055,41.01219,43.13931,46.01087,51.85557,56.58622,54.56189,56.0803,59.66574,61.61169,59.16925,63.63175,67.23095,67.60178,68.8767,65.55151,71.17584,69.35416,68.35203,68.15424,65.9242,68.942,68.44706,69.89278,70.00714,67.06713,66.85058,63.69458,70.5762,59.09315,61.7414,61.84658,59.05929,60.92618,65.29931,65.19202,63.60031,56.0803,61.61169,63.24555,71.56116,62.62587
12.20656,12.20656,12.20656,12.20656,11.40175,12.20656,10.81665,10.81665,10.81665,10.29563,10.29563,10.29563,10.29563,10.29563,10.29563,11.18034,9.84886,9.84886,9.84886,9.84886,9.84886,9.84886,9.84886,9.84886,9.84886,8.94427,8.94427,8.94427,8.94427,8.94427,8.06226,8.06226,8.06226,8.06226,7.81025,7.2111,7.81025,6.40312,6.40312,6.40312,5.65685,5.65685,5.65685,5.65685,5.65685,5.0,5.0,5.0,5.0,4.47214,4.47214,4.12311,69.64194,65.37584,71.56815,68.44706,65.9242,66.09841,60.63827,67.18631,64.7611,68.06614,64.7611,61.39218,60.16644,59.66574,57.00877,59.23681,57.58472,54.78138,52.81098,52.80152,59.09315,50.59644,51.42956,53.85165,52.20153,49.65884,54.23099,47.01064,52.39275,53.7122,46.8188,54.40588,46.61545,49.39636,47.43416,41.10961,46.23851,40.49691,42.95346,42.2019,39.62323,34.71311,30.80584,38.11824,33.06055,35.0571,32.01562,30.06659,28.63564,25.07987,25.0,24.08319,26.07681,23.5372,19.23538,21.0,22.84732,10.29563,6.08276,10.29563,4.12311,13.0384,10.44031,7.28011,13.60147,18.02776,17.69181,21.93171,24.75884,29.20616,30.4795,36.05551,35.22783,41.88078,42.54409,50.0,51.47815,50.32892,51.62364,56.30275,58.5235,59.77458,61.84658,60.53098,63.3877,61.66036,68.35934,63.00794,71.11259,68.26419,67.02984,70.0,70.02857,68.00735,72.02777,64.00781,64.19502,67.00746,64.19502,69.06519,70.06426,68.06614,58.54912,62.0,68.06614,60.29925,61.66036,57.28001,61.0,66.75328,68.41053,69.64194,65.76473,63.89053
12.04159,11.31371,12.04159,12.04159,11.31371,10.63015,10.63015,10.63015,10.0,10.0,10.0,10.0,10.0,10.0,10.0,10.29563,9.43398,9.43398,9.43398,9.43398,9.43398,9.43398,9.43398,9.43398,9.43398,9.43398,9.43398,8.60233,8.60233,9.43398,8.60233,8.60233,8.06226,7.2111,7.81025,7.81025,7.2111,7.07107,5.65685,5.65685,5.65685,5.65685,5.65685,5.0,5.0,5.0,5.0,4.47214,4.47214,3.60555,3.16228,3.16228,72.24957,73.00685,73.06162,65.27634,66.00758,72.11103,71.0,73.06162,63.0,68.00735,63.07139,56.0803,61.03278,61.20457,57.07889,67.60178,58.69412,62.16912,62.39391,54.45181,57.70615,51.62364,57.87055,54.45181,54.74486,58.21512,51.35173,58.24088,54.91812,49.64877,51.1957,55.9017,50.21952,49.47727,41.7732,48.50773,47.67599,46.09772,45.04442,44.04543,39.05125,43.04649,39.31921,43.0,37.33631,30.0,33.73426,32.0,32.14032,25.94224,24.18677,31.7805,23.34524,24.5153,21.54066,17.88854,20.61553,10.29563,11.18034,9.43398,12.64911,6.08276,10.19804,12.0,14.56022,19.23538,17.80449,21.63331,29.54657,31.06445,36.71512,36.05551,36.40055,41.4367,41.76123,47.85394,53.93515,57.07889,59.21149,57.00877,63.12686,61.0082,65.12296,63.03174,63.03174,64.38167,70.00714,66.28725,72.00694,65.96969,71.80529,70.88018,69.05071,70.0928,65.9242,73.5459,70.85901,73.5459,67.68309,71.38627,65.30697,70.83078,61.18823,61.81424,63.63961,65.9242,64.49806,65.19202,65.12296,65.03076,64.03124,67.36468,66.61081,70.00714
12.04159,12.04159,11.04536,12.04159,11.04536,11.04536,11.04536,11.04536,10.04988,10.19804,10.19804,10.19804,10.19804,10.19804,10.19804,9.21954,9.21954,9.21954,9.48683,9.21954,9.21954,9.21954,9.21954,9.48683,9.21954,9.21954,9.21954,9.21954,9.21954,8.06226,8.06226,8.06226,8.06226,8.06226,7.0,7.0,7.0,7.0,6.0,6.0,6.08276,6.08276,5.09902,5.09902,5.09902,4.12311,4.12311,4.47214,4.47214,4.47214,4.47214,3.60555,65.06919,69.35416,66.48308,70.00714,72.47068,64.3506,65.76473,65.76473,65.05382,56.22277,61.52235,58.79626,62.96825,57.28001,55.15433,53.90733,55.9017,57.62812,53.60037,55.15433,57.14018,55.97321,47.16991,53.41348,53.60037,49.0408,50.32892,52.69725,49.20366,56.40035,52.3259,51.61395,47.38143,47.63402,51.73973,45.96738,44.68781,43.13931,43.86342,41.86884,41.86884,36.23534,35.80503,37.48333,35.60899,34.82815,29.41088,32.24903,25.23886,24.59675,23.60085,25.80698,22.47221,22.36068,24.69818,20.39608,23.76973,15.52417,9.05539,6.40312,7.2111,7.81025,6.7082,11.6619,13.0,15.81139,18.68154,22.47221,22.13594,30.46309,31.62278,31.62278,37.21559,41.62932,44.41846,43.04649,48.37355,52.20153,57.62812,55.44367,60.82763,58.0,59.4138,64.3506,62.1289,60.44005,67.42403,65.51336,68.7968,65.0,70.17834,70.45566,69.33974,66.7308,69.97142,64.49806,64.07027,67.60178,68.0,65.73431,68.47627,62.64982,67.41662,62.68174,66.03787,59.07622,59.40539,62.62587,64.66065,59.5483,65.94695,65.05382,63.12686,68.62215
12.64911,12.64911,12.36932,12.64911,12.36932,11.7047,11.40175,11.40175,11.40175,11.18034,11.40175,11.18034,11.18034,11.04536,11.18034,11.04536,11.04536,10.04988,10.04988,10.04988,10.04988,10.04988,10.19804,10.04988,10.04988,10.04988,10.19804,10.04988,10.04988,9.21954,9.21954,9.21954,9.21954,8.24621,8.24621,8.24621,7.28011,7.28011,7.28011,7.28011,6.32456,6.32456,6.32456,5.38516,5.38516,5.38516,5.38516,4.47214,4.47214,4.47214,4.24264,3.60555,64.51356,70.2282,67.23095,69.57011,69.46222,70.00714,66.76077,68.00735,61.09828,62.62587,63.89053,64.07808,67.06713,57.77543,56.36488,59.68249,62.76942,53.7122,58.83026,62.16912,54.56189,62.16912,49.64877,51.0,49.24429,55.22681,50.56679,49.73932,47.41308,51.0,50.08992,53.22593,49.24429,44.72136,51.0,46.51881,42.15448,41.59327,45.17743,47.16991,45.54119,34.48188,39.29377,40.16217,34.36568,35.4683,31.7805,28.4605,25.96151,27.29469,29.12044,27.20294,17.02939,26.1725,26.07681,23.0,19.23538,15.0333,10.77033,13.15295,11.04536,11.40175,9.21954,9.21954,13.60147,15.6205,19.10497,21.26029,28.3196,31.1127,37.48333,35.60899,38.28838,40.70626,43.26662,54.03702,51.0,52.83938,57.70615,56.79789,60.53924,62.62587,66.48308,64.19502,71.56815,66.09841,70.40597,67.60178,66.09841,67.89698,71.84706,70.85901,77.64664,67.74216,69.05071,71.84706,74.1485,71.34424,70.5762,65.76473,74.33034,52.20153,57.87055,62.58594,71.19691,66.4906,62.8172,58.82176,68.24954,68.94926,70.5762,73.1642,68.02941,66.18912
12.16553,12.16553,11.18034,11.18034,11.18034,11.18034,10.19804,10.19804,10.19804,10.44031,10.19804,10.44031,9.48683,9.48683,9.48683,9.48683,9.48683,9.48683,9.84886,9.48683,9.48683,9.48683,9.48683,9.48683,9.48683,8.544,9.48683,8.544,8.544,8.24621,8.24621,8.24621,8.24621,7.07107,7.07107,7.07107,7.07107,7.07107,6.0,6.0,6.0,6.0,6.0,5.0,5.0,5.09902,4.12311,4.12311,4.12311,4.12311,4.47214,3.60555,78.49204,62.62587,73.06162,68.24954,65.80274,71.8401,61.07373,61.03278,62.68174,59.20304,60.21628,60.41523,57.2014,55.47071,56.61272,58.59181,56.4358,56.4358,60.03332,56.60389,55.54278,54.58938,55.15433,57.93962,53.66563,51.88449,51.42956,55.15433,49.0408,53.23533,48.76474,54.91812,48.82622,48.37355,46.61545,46.87217,44.41846,46.51881,40.60788,40.49691,38.47077,32.64966,35.35534,36.76955,34.4093,34.05877,30.4795,31.06445,28.6007,26.90725,26.1725,24.75884,22.47221,22.02272,25.23886,23.4094,25.07987,9.21954,8.60233,7.28011,7.81025,7.2111,8.544,11.40175,14.31782,13.0384,17.02939,21.09502,24.18677,27.01851,34.05877,38.11824,37.10795,45.35416,42.72002,46.87217,50.69517,46.09772,57.93962,53.7122,54.20332,63.24555,65.73431,58.60034,64.81512,64.40497,61.84658,63.70243,68.76772,62.482,71.06335,68.0147,70.76722,64.38167,66.48308,71.50524,62.93648,67.17887,64.38167,67.26812,63.70243,67.89698,68.0147,61.22091,63.78087,65.21503,59.46427,64.2028,65.21503,68.88396,62.20129,67.41662,68.60029,63.50591
12.16553,11.04536,12.16553,11.18034,11.04536,11.04536,11.0,11.0,10.04988,11.04536,10.04988,10.0,10.0,10.0,9.0,10.04988,10.04988,10.04988,9.05539,9.05539,9.05539,10.04988,9.05539,9.05539,9.0,9.05539,9.05539,9.05539,8.0,9.0,8.0,8.0,8.0,7.0,7.0,8.0,7.07107,7.07107,6.08276,6.08276,6.08276,6.08276,5.09902,5.09902,5.09902,4.12311,4.12311,4.12311,4.47214,3.60555,3.60555,3.60555,71.28113,73.43024,71.70077,72.42237,70.0,63.89053,67.20119,70.43437,61.91123,63.12686,63.89053,62.93648,62.28965,55.9017,55.9017,60.30755,58.72819,58.69412,58.69412,55.86591,60.44005,58.41233,58.25805,53.8145,53.03772,55.86591,52.00961,54.20332,50.9902,48.16638,50.93133,53.15073,48.10405,49.57822,44.20407,49.57822,47.43416,41.7732,37.64306,37.48333,39.69887,37.01351,36.87818,40.60788,34.0,35.22783,29.52965,30.61046,30.23243,26.1725,29.68164,23.25941,26.40076,22.47221,25.96151,21.58703,22.80351,12.36932,6.7082,9.0,12.36932,7.61577,9.89949,11.6619,15.26434,19.23538,17.20465,22.2036,22.82542,31.38471,31.06445,31.62278,35.22783,46.8615,45.25483,46.09772,49.57822,52.34501,56.72742,55.97321,63.41136,60.60528,64.81512,59.5399,65.0,64.66065,63.52952,66.24198,68.942,68.02941,68.0,70.00714,67.62396,64.00781,68.8767,71.17584,69.31811,71.51224,63.52952,65.74192,74.24958,62.76942,65.45991,60.46487,64.88451,63.13478,62.64982,60.90156,63.25346,61.61169,63.03174,61.40033,69.6563,73.40981
12.80625,12.80625,12.04159,12.80625,11.40175,12.04159,11.31371,12.04159,12.04159,9.89949,11.31371,10.63015,10.63015,10.63015,10.63015,10.63015,11.40175,10.0,10.63015,10.0,10.0,10.0,9.21954,10.0,10.0,10.0,10.63015,9.21954,10.0,9.21954,9.21954,9.21954,8.48528,8.48528,8.48528,7.07107,7.81025,7.07107,7.07107,7.07107,6.40312,6.40312,6.40312,5.83095,5.0,5.0,5.0,4.47214,4.47214,4.47214,4.47214,4.12311,73.40981,65.51336,68.54196,76.47876,69.77822,69.77105,62.17717,71.19691,59.03389,64.4748,65.0,56.30275,56.46238,54.58938,58.69412,54.78138,55.71355,59.80803,60.44005,58.24946,54.81788,57.48913,50.28916,49.64877,54.34151,45.88028,50.69517,53.75872,49.0408,53.14132,54.12024,56.30275,48.38388,45.88028,48.08326,42.05948,39.92493,39.56008,42.95346,38.48376,34.0147,39.82462,35.51056,33.10589,35.34119,30.52868,33.12099,34.1321,31.06445,25.80698,26.90725,23.34524,26.90725,23.60085,27.01851,20.59126,22.82542,13.45362,8.60233,6.40312,8.06226,8.60233,8.0,9.89949,15.0,20.0,20.02498,20.0,20.09975,30.0,35.12834,35.17101,37.65634,37.85499,38.83298,49.64877,52.20153,51.26402,52.80152,55.15433,53.7122,62.43397,60.53924,63.28507,67.74216,62.80127,67.20119,65.60488,66.0303,66.8431,67.62396,68.24954,68.24954,64.53681,72.42237,67.35726,68.88396,73.24616,64.44377,67.42403,61.03278,73.4983,65.19202,65.0,61.03278,58.82176,60.20797,63.13478,67.23095,64.49806,56.79789,67.53518,65.29931,73.00685
12.80625,12.80625,12.04159,11.40175,11.40175,11.40175,11.40175,11.40175,11.40175,10.63015,11.31371,11.31371,10.63015,9.89949,9.89949,10.63015,10.63015,10.63015,10.0,9.21954,9.89949,9.89949,9.89949,10.0,10.0,9.21954,9.89949,9.89949,9.21954,8.48528,8.48528,8.48528,8.48528,7.81025,7.81025,7.81025,7.81025,7.2111,6.40312,6.40312,5.83095,5.83095,5.83095,5.83095,5.38516,4.47214,5.38516,4.47214,4.47214,4.12311,4.12311,4.12311,71.84706,65.80274,69.58448,71.44928,67.36468,67.36468,62.64982,64.13267,56.29387,63.63961,62.28965,60.13319,63.28507,56.14268,60.29925,61.03278,58.42089,55.03635,62.07254,58.03447,61.40033,56.0803,60.29925,52.15362,46.04346,50.15974,57.00877,49.25444,51.15662,51.0,49.0408,53.03772,44.01136,46.27094,48.01042,42.10701,41.0,41.01219,44.01136,47.51842,40.4475,38.11824,34.20526,34.20526,32.55764,35.17101,36.87818,30.36445,25.29822,28.28427,26.30589,25.70992,26.57066,29.73214,21.47091,21.2132,29.69848,12.08305,12.20656,8.06226,10.63015,9.05539,10.19804,14.31782,12.04159,19.23538,18.02776,19.92486,25.96151,29.41088,30.59412,36.34556,38.07887,45.89118,43.10452,45.09989,48.01042,50.01,58.21512,57.14018,58.69412,59.84146,64.32729,65.0,63.60031,68.00735,69.37579,62.58594,70.21396,63.56886,65.55151,71.47027,69.57011,69.26038,72.73239,64.4748,65.19202,65.19202,62.93648,66.48308,63.69458,67.06713,65.30697,61.98387,63.34824,57.00877,61.40033,56.29387,67.47592,70.5762,64.62971,68.593,65.37584,69.58448
13.34166,12.36932,12.16553,12.36932,12.36932,11.40175,11.18034,11.18034,11.18034,11.04536,11.04536,11.04536,11.04536,11.04536,11.04536,11.04536,11.04536,10.0,11.0,10.0,11.0,10.0,10.0,10.0,10.0,10.0,10.0,10.0,10.0,9.05539,9.05539,9.05539,9.05539,8.06226,8.06226,8.06226,8.06226,7.07107,7.28011,7.07107,6.32456,6.32456,6.32456,6.32456,6.32456,5.38516,5.38516,5.38516,5.38516,4.47214,4.47214,3.60555,72.49828,70.77429,72.47068,70.21396,72.01389,63.15853,63.97656,69.35416,60.41523,62.76942,58.13777,57.70615,58.59181,59.68249,58.18075,58.66856,56.30275,58.5235,53.85165,56.0357,59.07622,54.20332,51.40039,53.25411,53.85165,57.80138,51.86521,51.40039,51.62364,55.60576,50.44799,46.87217,48.82622,47.70744,48.37355,45.79301,40.49691,42.43819,43.82921,38.48376,36.24914,38.27532,34.1321,39.56008,36.68787,30.59412,31.95309,28.44293,30.36445,29.27456,24.02082,23.34524,26.92582,21.0238,20.09975,23.08679,23.02173,9.05539,10.19804,13.15295,11.18034,11.7047,11.6619,12.04159,14.86607,18.38478,19.31321,22.82542,28.42534,28.30194,32.44996,36.12478,32.52691,46.69047,45.60702,49.51767,47.20169,56.30275,56.40035,58.5235,61.40033,61.7171,64.14047,66.21178,63.56099,61.68468,68.02941,64.19502,68.62215,66.12866,68.96376,67.44627,67.68309,66.48308,65.52099,65.25335,67.35726,66.94027,69.26038,70.2282,67.6757,67.35726,60.63827,61.35145,62.62587,64.51356,61.32699,65.30697,69.31811,70.38466,67.08204,64.49806,66.61081,69.77105
13.41641,13.0,12.52996,13.41641,12.52996,12.52996,11.18034,11.18034,11.18034,11.6619,11.6619,10.81665,10.81665,10.81665,10.81665,10.81665,11.40175,10.81665,11.40175,10.81665,10.81665,10.81665,10.81665,10.63015,10.63015,10.0,10.0,10.0,10.0,9.43398,9.43398,9.43398,9.43398,9.43398,8.06226,8.06226,8.06226,8.06226,7.61577,7.61577,6.7082,6.7082,6.7082,6.32456,6.32456,5.38516,6.32456,5.09902,5.09902,5.09902,5.09902,5.0,75.66373,69.35416,72.01389,68.09552,71.11259,72.40166,63.95311,69.35416,62.26556,67.08204,63.07139,63.95311,63.95311,57.38467,51.89412,57.77543,61.68468,54.12024,57.24509,54.42426,58.87274,53.45091,61.39218,51.5461,49.72927,52.55473,54.34151,55.10898,52.55473,52.20153,50.28916,49.98,44.64303,52.39275,41.59327,50.08992,43.65776,47.01064,44.94441,40.49691,37.57659,39.35734,38.94868,37.58989,37.73592,33.6006,32.44996,30.88689,29.54657,27.20294,26.90725,27.65863,28.6007,25.4951,21.40093,22.67157,22.47221,12.04159,13.0384,12.80625,8.94427,10.0,11.0,11.40175,17.46425,18.11077,20.09975,24.04163,28.16026,31.01612,32.38827,33.73426,40.26164,42.37924,43.01163,50.0,53.14132,58.13777,57.27128,56.36488,60.37384,66.37017,64.41273,68.00735,71.06335,63.60031,73.23933,65.60488,71.58911,69.52697,74.41102,74.24958,73.66139,68.0147,70.71068,67.47592,70.0,72.24957,73.75636,73.59348,70.0,67.94115,72.91776,72.47068,60.30755,66.03787,61.05735,67.80118,67.6757,67.1193,57.00877,74.94665,75.13322,65.79514
12.04159,10.63015,11.31371,10.63015,10.63015,10.63015,9.89949,9.89949,9.89949,9.89949,9.89949,9.21954,9.21954,9.21954,9.21954,10.0,8.60233,8.60233,8.60233,8.60233,8.60233,8.60233,8.60233,8.60233,9.21954,8.60233,8.60233,9.21954,7.81025,7.81025,7.81025,7.81025,7.07107,7.07107,7.07107,7.07107,7.07107,6.40312,5.83095,5.65685,5.83095,5.0,5.0,4.47214,5.0,4.47214,4.47214,4.12311,4.12311,4.12311,4.12311,3.0,78.23043,70.17834,78.05767,72.44308,63.03174,67.02984,71.11259,64.07027,64.00781,63.0,63.1981,57.55867,57.07889,61.52235,55.08176,57.42822,60.29925,58.21512,56.88585,54.23099,58.24946,52.61179,56.88585,58.69412,56.51548,56.32051,53.08484,55.10898,55.00909,48.83646,43.73786,50.24938,51.47815,47.0,44.01136,48.04165,44.10215,46.0,48.16638,42.0119,39.0,35.12834,44.14748,37.21559,38.63936,33.06055,25.96151,33.95585,27.65863,27.65863,30.8707,25.29822,27.51363,27.313,24.35159,24.18677,19.41649,11.18034,9.21954,6.32456,6.32456,9.05539,11.6619,13.34166,13.45362,18.60108,19.84943,20.51828,29.06888,34.82815,32.24903,38.41875,38.07887,46.40043,43.46263,46.95743,52.0,52.55473,50.0,52.88667,61.40033,61.81424,60.20797,62.00806,62.39391,64.07027,65.03076,62.0,71.11259,72.00694,69.0,73.02739,72.11103,74.16873,70.21396,75.80237,64.28063,66.00758,66.27217,69.35416,67.0,62.514,74.00676,67.06713,59.03389,62.00806,66.00758,74.0,61.0082,55.44367,63.63961,67.26812,70.5762,73.82412
13.0,13.0384,12.04159,13.0,12.0,12.04159,12.04159,11.04536,11.04536,11.04536,11.04536,11.18034,11.18034,11.18034,11.18034,11.18034,10.19804,10.19804,10.44031,10.19804,10.19804,10.19804,10.19804,10.44031,10.19804,10.19804,9.21954,9.21954,9.21954,9.21954,9.21954,9.05539,9.05539,8.06226,8.06226,8.06226,8.0,8.0,7.0,7.0,7.0,7.0,7.0,6.08276,6.08276,6.08276,5.09902,6.08276,5.09902,5.09902,5.38516,4.47214,72.83543,67.88225,70.03571,62.36986,66.8431,70.03571,65.19202,65.76473,60.60528,66.6033,60.959,60.60528,56.0357,57.62812,53.60037,57.70615,57.98276,52.83938,54.70832,52.39275,51.0,57.69749,53.33854,51.31277,52.15362,51.10773,53.7122,43.86342,50.11986,48.37355,47.85394,52.15362,51.86521,42.05948,46.87217,44.94441,46.04346,46.04346,42.72002,38.41875,37.21559,40.60788,35.4683,32.01562,28.3196,31.90611,31.14482,30.41381,31.14482,23.43075,26.62705,23.43075,22.2036,24.75884,23.70654,20.59126,21.2132,14.31782,7.07107,11.04536,10.04988,9.84886,9.21954,13.60147,14.31782,21.9545,18.02776,19.23538,27.85678,30.46309,35.77709,39.44617,36.23534,40.81666,40.31129,47.43416,50.0,48.82622,55.22681,55.15433,57.98276,60.20797,59.4138,61.84658,65.43699,64.3506,69.6563,59.90826,67.1193,70.45566,71.56116,65.45991,71.84706,65.80274,62.20129,69.11584,70.72482,63.24555,66.28725,67.1193,74.33034,61.29437,68.41053,62.68174,66.46804,66.8431,67.00746,65.06919,62.28965,61.6198,64.38167,68.593,69.81404,65.29931
13.45362,12.72792,13.45362,13.45362,13.45362,12.04159,12.04159,11.40175,11.40175,11.40175,11.40175,12.20656,11.40175,11.40175,10.81665,11.6619,10.81665,11.6619,11.6619,11.18034,11.6619,11.18034,11.6619,11.6619,10.81665,10.29563,10.29563,10.81665,10.29563,10.29563,9.43398,9.43398,9.43398,8.60233,8.60233,9.21954,9.21954,8.48528,7.81025,7.07107,7.07107,7.07107,7.07107,7.07107,6.40312,5.65685,5.65685,5.65685,5.83095,5.83095,5.38516,4.47214,70.06426,69.58448,77.23341,65.00769,69.06519,64.07027,62.20129,67.36468,63.07139,58.30952,60.03332,60.13319,57.31492,57.07889,56.0803,58.42089,62.28965,58.30952,60.29925,49.36598,55.44367,50.48762,53.60037,48.50773,50.63596,52.61179,51.78803,50.9902,52.03845,50.63596,48.09366,53.0,47.67599,53.33854,41.19466,48.25971,42.19005,47.01064,46.01087,39.11521,38.11824,36.22154,34.36568,35.12834,30.41381,37.65634,27.45906,30.14963,27.89265,27.65863,23.02173,25.0,25.31798,21.9545,19.69772,18.78829,22.67157,12.80625,9.43398,13.41641,13.0,10.04988,8.24621,7.07107,14.86607,18.78829,17.49286,20.61553,19.92486,28.17801,31.38471,34.53983,36.67424,41.76123,41.97618,49.72927,47.07441,53.60037,54.34151,57.21888,60.00833,62.20129,63.0,64.28063,66.37017,60.20797,68.02941,62.64982,71.84706,67.26812,72.18033,71.19691,65.11528,63.78871,65.96969,71.30919,71.19691,73.00685,67.26812,66.94027,68.06614,64.7611,68.00735,59.68249,63.1981,66.0303,63.63961,63.28507,61.13101,64.12488,65.03076,74.54529,71.02816,65.12296
13.0384,12.16553,13.15295,13.15295,12.16553,11.18034,11.18034,11.18034,11.18034,11.40175,11.40175,11.40175,11.40175,11.40175,10.44031,11.40175,10.44031,10.44031,10.77033,10.44031,10.44031,10.44031,10.44031,10.77033,10.77033,10.44031,10.44031,10.44031,10.44031,9.21954,9.21954,9.21954,9.21954,9.05539,8.06226,8.06226,8.06226,8.06226,7.07107,7.07107,7.0,7.07107,7.0,6.0,6.0,6.0,6.08276,5.0,5.09902,5.09902,5.09902,4.12311,63.51378,68.8186,73.23933,71.40028,70.17834,66.4003,65.0,64.81512,63.70243,63.78087,64.81512,59.07622,56.85948,55.47071,51.73973,57.14018,55.47071,58.13777,57.3062,57.14018,52.47857,52.69725,53.48832,57.38467,53.7122,55.00909,51.47815,52.7731,53.23533,49.40648,50.60632,47.50789,49.39636,48.76474,51.62364,44.20407,47.01064,47.16991,46.09772,37.20215,39.11521,37.80212,37.73592,38.18377,35.38361,37.48333,34.4093,31.40064,30.23243,26.24881,25.45584,22.80351,25.0,23.32381,21.93171,19.64688,24.69818,10.0,10.04988,10.77033,12.20656,8.48528,13.41641,11.18034,13.60147,15.23155,18.68154,20.24846,24.33105,32.98485,38.62642,36.05551,41.78516,46.23851,42.15448,46.09772,47.42362,48.10405,55.4617,54.6443,57.80138,60.44005,66.21933,62.2254,68.88396,68.62215,66.52819,65.76473,65.19202,67.17887,67.20863,68.0147,70.83784,65.79514,69.81404,64.81512,68.76772,70.93659,65.8559,71.06335,69.42622,63.78087,57.38467,61.84658,62.93648,58.79626,65.43699,58.89822,63.41136,66.70832,61.40033,70.21396,75.45197,61.85467
13.45362,12.04159,12.72792,12.72792,12.72792,12.04159,12.04159,11.31371,11.31371,12.04159,11.31371,12.04159,11.31371,11.31371,10.63015,11.40175,10.63015,11.40175,10.81665,10.81665,11.40175,10.63015,10.63015,10.81665,10.63015,10.0,10.0,10.63015,10.0,10.0,9.89949,9.21954,9.21954,9.21954,8.48528,8.48528,7.81025,7.81025,7.81025,6.40312,7.2111,6.40312,6.40312,6.40312,6.40312,5.83095,5.83095,5.83095,5.38516,5.38516,5.38516,5.09902,65.62012,69.46222,71.00704,66.37017,70.02857,66.0303,68.02941,63.28507,59.03389,59.13544,58.13777,57.21888,56.00893,54.23099,52.08647,59.00847,54.33231,50.35871,52.46904,47.51842,56.22277,53.15073,51.97115,51.24451,48.01042,55.03635,51.0,55.57877,53.33854,52.34501,47.38143,49.0408,49.09175,51.15662,46.01087,44.0,49.49747,43.04649,42.10701,40.0125,38.20995,41.0,40.0125,37.12142,33.13608,31.01612,31.57531,33.24154,30.08322,23.5372,29.12044,28.44293,28.79236,23.5372,19.69772,22.82542,20.12461,10.63015,10.81665,10.44031,11.04536,13.34166,13.0,11.40175,14.0,19.41649,21.09502,23.19483,28.79236,25.29822,31.7805,31.40064,40.60788,39.56008,44.14748,44.55334,50.48762,54.08327,57.03508,57.21888,59.07622,62.1289,61.66036,58.24946,62.80127,66.91039,68.88396,65.25335,65.51336,67.77905,62.29767,72.42237,68.30813,64.84597,70.0928,66.48308,69.37579,69.92138,69.42622,65.25335,68.41053,68.30813,71.56815,62.96825,63.89053,61.61169,65.30697,58.42089,71.56815,63.1981,61.20457,77.02597,64.03124,72.00694
13.0384,13.0384,13.0384,13.0384,12.20656,11.6619,11.6619,11.6619,11.6619,11.18034,11.6619,11.18034,11.18034,11.18034,11.18034,11.7047,10.77033,10.77033,10.77033,10.77033,10.77033,10.77033,9.84886,10.77033,10.77033,9.84886,9.84886,10.77033,9.84886,9.84886,8.94427,8.94427,8.94427,8.94427,8.06226,8.06226,8.06226,8.06226,7.2111,7.2111,7.2111,7.2111,6.40312,6.40312,6.40312,5.65685,5.65685,5.65685,5.65685,5.0,5.0,5.0,69.05071,71.16881,69.05071,63.95311,70.03571,62.16912,63.06346,66.4906,62.80127,56.75385,54.70832,55.54278,58.94065,53.60037,52.39275,61.35145,56.64804,52.0,57.24509,54.23099,55.9464,61.09828,50.15974,54.78138,53.31041,51.26402,53.66563,49.33559,50.32892,49.65884,51.07837,52.3259,47.75982,46.61545,47.01064,48.27007,47.12749,48.05206,45.60702,38.47077,40.4475,38.47077,36.49658,33.73426,34.0147,34.52535,30.0,32.06244,29.15476,32.06244,25.01999,29.01724,21.0,21.37756,23.08679,18.97367,18.43909,13.0,12.36932,10.29563,9.21954,12.16553,13.15295,12.20656,11.6619,16.64332,18.60108,20.80865,24.75884,31.90611,33.97058,37.80212,39.96248,46.14109,44.72136,44.72136,52.80152,52.88667,58.94065,58.5235,61.40033,61.18823,65.0,63.63961,65.76473,68.46897,69.46222,65.9242,72.11103,71.06335,74.00676,73.10951,73.02739,72.02777,66.00758,70.02857,73.06162,71.02816,69.00725,67.26812,68.02941,65.19202,68.02941,66.37017,61.29437,65.27634,68.26419,69.18092,69.64194,67.26812,64.32729,72.03471,71.30919,71.19691
12.52996,12.52996,12.52996,12.52996,12.52996,11.18034,11.6619,10.81665,10.81665,10.81665,10.81665,10.81665,10.81665,10.0,10.0,10.63015,10.63015,10.63015,10.63015,9.89949,10.0,10.63015,10.0,9.89949,10.0,10.0,9.21954,9.21954,9.21954,9.21954,8.60233,8.60233,8.60233,8.60233,8.06226,8.06226,8.06226,8.06226,6.7082,6.7082,6.7082,6.7082,6.7082,6.32456,5.38516,5.38516,5.09902,5.09902,5.09902,5.09902,5.0,4.0,71.30919,66.21933,76.90254,65.30697,67.74216,70.0928,64.28841,67.18631,61.84658,72.33948,55.22681,65.11528,60.07495,56.14268,58.30952,59.3043,59.0,53.00943,55.3263,53.15073,65.00769,54.00926,60.29925,50.01,52.03845,57.00877,50.08992,55.00909,52.00961,57.07889,52.00961,52.00961,41.01219,49.0102,46.0,50.24938,45.01111,38.32754,40.79216,43.28972,42.57934,39.56008,35.90265,35.17101,34.36568,33.54102,32.89377,29.96665,34.48188,26.57066,24.16609,27.78489,30.8707,24.16609,21.93171,18.60108,19.72308,9.84886,10.63015,10.0,10.81665,10.44031,11.7047,10.04988,14.31782,14.56022,16.49242,24.18677,23.5372,28.86174,30.59412,35.0571,33.37664,48.25971,45.01111,48.0,45.01111,50.03998,54.03702,58.21512,55.9017,61.18823,65.62012,65.0,70.88018,61.98387,71.16881,65.45991,74.33034,65.9242,66.30988,72.8011,74.09453,65.55151,72.44998,71.69379,67.54258,72.49828,66.7308,73.38937,66.64083,69.07966,63.06346,63.32456,67.06713,64.28841,59.46427,66.48308,63.15061,81.25269,66.75328,68.65858,69.857,75.50497
12.52996,12.52996,11.6619,12.52996,11.6619,11.6619,10.81665,10.81665,10.81665,10.81665,11.40175,11.40175,10.0,10.63015,10.0,10.63015,10.63015,10.63015,9.89949,10.63015,10.63015,9.89949,10.63015,9.89949,9.89949,9.89949,9.89949,9.21954,9.21954,9.21954,8.60233,8.60233,8.60233,7.81025,8.60233,7.81025,7.2111,7.2111,7.2111,5.83095,6.7082,5.83095,5.83095,5.83095,5.38516,5.38516,5.38516,5.38516,4.12311,4.12311,4.12311,4.12311,72.11103,68.7968,71.11259,68.60029,75.15318,66.37017,68.88396,67.97794,58.60034,59.48109,61.7414,57.58472,58.18935,59.09315,60.37384,58.69412,60.53924,54.23099,53.48832,56.04463,59.90826,54.81788,50.96077,54.81788,52.49762,50.69517,55.08176,50.69517,51.62364,48.70318,50.01,51.24451,48.08326,48.46648,52.49762,50.32892,43.41659,43.08132,37.69615,44.38468,43.38202,38.47077,36.23534,35.77709,36.23534,35.8469,33.6006,29.15476,26.92582,27.01851,27.45906,28.30194,24.08319,25.45584,22.02272,25.0,24.83948,8.544,8.06226,6.32456,10.63015,9.89949,10.0,11.40175,17.26268,18.24829,21.0238,22.02272,18.24829,28.01785,30.80584,36.49658,34.9285,42.2019,45.88028,46.61545,49.0408,49.24429,57.69749,56.82429,56.0357,60.80296,63.60031,63.89053,63.60031,66.21933,65.43699,65.0,62.62587,72.18033,68.0147,69.42622,65.29931,66.6033,68.68042,70.03571,66.48308,68.62215,66.0303,67.35726,71.06335,65.0,59.07622,68.41053,68.50547,64.63745,59.20304,65.73431,60.37384,69.63476,59.03389,67.53518,68.96376,74.32362
11.6619,11.6619,11.18034,11.6619,10.29563,10.81665,10.29563,10.29563,10.29563,9.84886,10.29563,9.84886,9.84886,9.84886,9.84886,9.48683,9.48683,9.48683,9.48683,9.48683,9.48683,9.48683,9.48683,9.48683,9.84886,8.544,8.544,8.544,8.544,8.94427,7.61577,7.61577,7.61577,8.06226,7.2111,7.2111,7.2111,6.40312,6.40312,6.40312,5.65685,6.40312,5.65685,5.65685,5.65685,5.0,5.0,5.0,5.0,4.47214,4.47214,4.12311,75.96052,70.40597,68.06614,65.96969,62.58594,64.28841,64.03124,65.78754,53.75872,61.40033,62.03225,60.00833,55.65968,51.86521,55.7853,55.9464,56.921,51.24451,54.42426,53.7122,52.3259,51.62364,54.12024,49.1935,49.64877,51.62364,50.15974,47.42362,46.61545,49.24429,49.64877,48.70318,40.80441,46.48656,43.65776,46.17359,41.23106,36.13862,35.73514,37.36308,38.47077,38.07887,34.23449,33.73426,32.01562,28.07134,32.24903,23.02173,26.01922,28.16026,25.07987,31.06445,21.2132,18.43909,26.30589,20.61553,18.68154,10.19804,10.44031,10.04988,5.0,1.41421,8.94427,12.80625,13.60147,17.20465,19.20937,21.93171,25.0,27.01851,29.69848,33.42155,33.24154,39.62323,42.2019,46.40043,41.88078,42.2019,56.35601,56.79789,55.71355,57.77543,60.40695,61.84658,61.98387,59.20304,61.40033,58.69412,69.42622,65.0,62.8172,64.28841,70.03571,62.64982,60.13319,64.38167,63.3877,66.28725,62.64982,67.18631,60.41523,63.50591,59.90826,60.63827,55.7853,60.16644,61.98387,53.75872,72.12489,66.09841,62.62587,73.08215,64.84597,62.64982
12.0,12.0,12.0,12.0,11.0,11.0,11.0,10.04988,10.0,10.04988,10.04988,10.04988,10.04988,10.04988,10.04988,10.19804,10.19804,10.19804,9.21954,9.21954,9.21954,10.19804,9.21954,9.21954,10.19804,9.21954,9.21954,9.05539,9.05539,8.06226,8.06226,8.06226,8.0,8.06226,8.0,7.0,7.0,7.0,6.0,6.0,6.0,6.08276,5.09902,5.09902,5.09902,4.12311,4.12311,4.12311,4.12311,4.47214,3.60555,3.60555,72.00694,75.43209,73.0,70.93659,67.62396,66.4003,68.41053,65.19202,61.07373,62.28965,62.28965,57.62812,59.4138,56.61272,51.66237,58.69412,55.86591,53.03772,56.72742,60.44005,53.00943,53.07542,58.72819,52.34501,56.56854,55.22681,55.31727,51.73973,48.79549,50.60632,46.2277,45.60702,52.40229,45.27693,46.75468,42.44997,42.52058,46.8615,44.55334,41.23106,43.13931,41.86884,33.83785,34.4093,30.88689,35.22783,35.80503,34.20526,25.94224,29.73214,29.15476,23.25941,22.82542,25.0,22.47221,18.43909,21.0238,12.16553,10.04988,8.544,7.07107,6.32456,8.94427,10.81665,11.40175,13.45362,17.08801,21.54066,25.05993,27.73085,29.06888,34.66987,33.12099,43.04649,45.27693,47.16991,50.32892,50.20956,58.0517,58.72819,58.89822,59.40539,59.81639,62.96825,58.5235,65.73431,72.11103,64.00781,70.83078,66.88797,67.08204,68.09552,66.88797,72.67049,67.1193,69.35416,67.23095,68.8767,67.74216,67.60178,68.96376,62.43397,63.95311,61.85467,59.68249,61.40033,60.21628,62.00806,65.29931,65.45991,67.42403,66.8431,72.62231,69.6563
12.04159,12.0,12.04159,12.0,11.0,11.04536,11.04536,11.18034,11.04536,10.04988,10.19804,10.19804,10.19804,10.19804,10.19804,10.44031,10.44031,9.48683,9.48683,9.48683,9.21954,9.48683,9.48683,9.48683,9.48683,9.48683,9.48683,9.48683,9.21954,8.544,8.24621,8.24621,8.24621,7.28011,7.28011,7.07107,7.07107,7.07107,6.08276,6.08276,6.08276,6.0,6.0,5.0,5.0,5.0,5.0,4.0,4.12311,4.12311,4.12311,3.16228,75.69016,67.62396,74.02702,66.48308,77.15569,64.44377,70.83784,63.65532,62.482,57.62812,55.31727,57.68882,66.0303,60.30755,57.00877,61.91123,61.03278,63.00794,55.75841,51.10773,57.24509,53.33854,54.20332,53.85165,53.25411,54.08327,51.47815,59.16925,53.33854,50.53712,52.47857,46.64762,48.01042,51.47815,46.95743,45.0,39.40812,48.82622,41.88078,43.41659,39.40812,37.44329,39.82462,38.8973,37.48333,36.06938,32.52691,31.82766,33.97058,29.0,24.75884,27.80288,27.80288,25.23886,25.0,23.60085,18.38478,9.48683,11.40175,12.08305,9.05539,8.60233,8.48528,15.26434,16.49242,18.68154,21.18962,22.47221,30.08322,29.12044,30.08322,36.24914,36.76955,40.24922,44.41846,47.50789,43.909,48.8774,54.56189,56.85068,53.15073,60.20797,58.89822,63.78087,65.8559,66.85058,63.82006,67.26812,64.2028,69.2026,68.24954,69.63476,70.80254,62.62587,66.4003,69.63476,69.33974,71.02112,68.41053,64.89992,67.00746,64.63745,68.41053,63.12686,61.22091,66.6033,63.63961,63.70243,66.52819,65.8559,58.25805,68.593,70.29225,66.85058
12.08305,10.77033,12.08305,10.77033,11.18034,9.84886,10.29563,10.29563,10.29563,10.29563,10.29563,10.29563,9.43398,9.43398,9.43398,10.0,10.0,10.0,9.21954,10.0,9.43398,9.21954,10.0,9.21954,10.0,9.43398,8.60233,8.60233,8.60233,9.43398,8.06226,8.60233,8.06226,8.06226,7.2111,7.61577,6.7082,6.7082,6.7082,5.38516,6.7082,5.38516,5.38516,5.38516,5.38516,4.47214,5.09902,4.12311,4.12311,4.12311,4.0,3.0,74.63243,74.33034,70.85901,72.27724,74.1485,67.91171,62.36986,63.89053,63.56099,59.84146,60.20797,57.31492,66.18912,57.42822,56.32051,60.13319,58.69412,56.0357,52.00961,55.03635,56.00893,56.0357,53.0,51.0392,53.0,56.0803,54.03702,53.03772,49.0408,52.00961,54.00926,52.00961,46.0,47.26521,45.0,43.01163,46.04346,42.19005,44.28318,41.7732,43.18565,42.75512,38.60052,32.14032,34.36568,34.9285,33.24154,28.86174,27.51363,33.52611,29.54657,26.24881,23.25941,25.07987,23.43075,26.07681,21.2132,11.31371,12.20656,14.21267,7.61577,8.06226,14.03567,12.04159,14.31782,19.41649,22.56103,23.08679,24.08319,26.07681,34.36568,34.05877,40.0125,42.75512,46.0,46.09772,43.73786,45.54119,55.03635,54.74486,59.03389,66.09841,59.43904,65.14599,62.36185,70.00714,63.32456,63.90618,65.79514,66.30988,68.8767,66.64083,70.68239,69.35416,68.942,65.29931,66.21178,66.18912,67.41662,68.942,73.1642,63.56099,68.06614,64.19502,61.68468,60.44005,60.53924,61.84658,65.96969,66.09841,64.13267,66.91039,63.34824,70.83078
13.15295,13.15295,13.0384,12.04159,12.04159,12.16553,12.04159,12.04159,12.04159,11.0,12.04159,12.0,11.0,11.0,11.0,11.0,11.0,11.0,11.04536,11.04536,11.0,11.04536,10.0,10.04988,11.0,10.0,10.0,10.0,10.0,10.04988,9.0,10.0,9.05539,9.05539,8.06226,8.06226,8.06226,8.06226,7.28011,7.28011,7.28011,7.07107,6.32456,6.32456,6.32456,5.38516,5.38516,5.38516,5.38516,4.47214,4.47214,4.24264,72.47068,69.6563,73.00685,67.6757,67.00746,67.6757,64.03124,68.60029,63.24555,64.2028,64.40497,61.22091,67.35726,58.25805,61.52235,60.1415,60.10824,60.87693,56.85068,54.48853,60.1415,53.74012,56.63921,49.49747,51.85557,52.20153,48.9183,52.80152,55.44367,48.10405,53.03772,53.15073,43.84062,46.66905,48.27007,47.42362,48.79549,49.51767,48.27007,40.80441,41.86884,39.40812,34.4093,42.19005,36.23534,35.77709,35.77709,32.69557,28.63564,26.92582,30.36445,21.54066,27.313,24.35159,23.5372,22.2036,18.02776,12.36932,11.18034,7.07107,12.16553,7.28011,11.6619,13.0,14.86607,17.20465,22.47221,25.07987,26.40076,28.16026,30.23243,36.89173,40.45986,44.20407,43.27817,54.91812,50.9902,56.72742,59.4138,54.6443,64.2028,59.40539,65.73431,62.26556,67.23095,62.76942,68.7968,62.16912,76.66159,68.96376,74.24958,72.00694,70.38466,67.08204,71.58911,67.23095,72.56032,70.38466,70.71068,77.36924,66.7308,69.46222,64.88451,66.03787,67.53518,63.13478,62.42596,65.0,76.2168,69.06519,58.24946,69.6563,74.20243,71.06335
11.6619,11.6619,10.81665,11.6619,10.81665,10.81665,10.81665,10.0,10.0,10.0,10.0,9.21954,10.0,9.21954,9.21954,9.21954,9.21954,9.21954,9.89949,9.21954,9.21954,9.21954,8.48528,9.21954,9.21954,9.21954,8.48528,8.60233,8.60233,7.81025,8.60233,8.60233,8.60233,7.2111,7.2111,7.2111,7.2111,6.7082,6.7082,5.83095,5.38516,5.38516,5.38516,5.38516,5.09902,4.12311,4.12311,4.12311,4.0,4.0,4.0,3.0,76.96753,68.42514,70.38466,68.42514,67.23095,67.08204,68.02941,63.69458,62.24147,60.16644,58.59181,57.87055,60.74537,57.87055,56.46238,56.51548,58.85576,58.24946,57.72348,50.0,53.16014,51.92302,55.9017,51.47815,53.36666,55.08176,48.08326,50.35871,57.87055,50.0,48.50773,47.53946,45.12206,48.05206,43.93177,50.96077,45.88028,41.0,42.72002,36.67424,39.56008,39.56008,42.04759,32.24903,33.61547,34.0147,31.95309,37.16181,30.52868,26.07681,30.23243,22.80351,24.08319,20.0,21.40093,19.84943,22.62742,9.84886,14.56022,1.41421,13.0384,4.47214,5.0,20.59126,18.68154,13.0384,19.23538,23.19483,24.02082,37.12142,33.24154,38.32754,37.10795,48.6621,32.55764,54.12947,57.72348,40.8534,61.46544,57.93962,57.97413,62.29767,65.51336,66.24198,67.1193,65.51336,65.8635,59.36329,70.83078,67.00746,64.40497,66.61081,66.6033,63.25346,67.42403,64.3506,68.09552,69.6563,64.81512,69.81404,69.64194,60.0,69.33974,66.0303,61.61169,63.13478,60.82763,59.68249,67.08204,66.24198,69.28925,68.942,66.40783,71.51224
12.72792,12.72792,12.04159,12.04159,11.31371,11.31371,11.31371,10.63015,11.31371,10.63015,10.63015,11.40175,10.0,10.0,10.0,10.81665,10.81665,10.0,9.43398,9.43398,9.43398,9.43398,10.0,9.43398,9.43398,10.0,9.43398,8.60233,9.43398,9.21954,8.60233,8.60233,7.81025,7.81025,8.48528,7.81025,7.81025,7.07107,7.07107,6.40312,6.40312,6.40312,5.83095,5.83095,5.83095,5.83095,5.83095,5.38516,4.47214,4.47214,4.12311,4.12311,68.02941,72.44308,67.1193,65.19202,68.00735,63.63961,67.02984,66.18912,59.13544,60.13319,64.07027,59.13544,56.0,58.13777,53.08484,53.23533,57.03508,52.23983,51.0098,57.03508,53.46027,57.14018,51.47815,51.47815,50.48762,49.64877,59.5399,48.83646,53.03772,53.46027,53.33854,51.15662,46.38965,47.38143,50.08992,41.19466,45.39824,39.01282,40.0,39.01282,40.11234,38.63936,36.49658,32.24903,36.49658,28.01785,32.75668,29.61419,24.5153,25.96151,24.35159,23.76973,21.0238,20.59126,20.59126,20.51828,16.40122,14.31782,10.63015,7.07107,8.94427,9.0,13.0,13.34166,12.16553,18.60108,20.80865,19.23538,23.76973,27.78489,34.78505,36.05551,36.68787,39.05125,48.83646,40.4475,50.35871,45.27693,50.03998,57.00877,58.0,53.15073,60.40695,58.46366,64.77654,64.32729,61.98387,66.70832,67.46851,65.0,65.73431,66.94027,70.83078,67.35726,69.64194,70.2282,68.00735,64.56005,71.30919,65.45991,71.06335,62.8172,64.03124,60.87693,61.81424,62.16912,62.39391,57.87055,63.78871,66.18912,65.12296,69.35416,66.06815,64.03124
12.08305,11.7047,11.7047,11.7047,11.7047,10.77033,10.77033,10.44031,10.77033,10.44031,10.44031,10.44031,10.44031,10.44031,10.19804,10.19804,10.19804,9.21954,10.19804,10.19804,9.21954,9.21954,9.21954,10.19804,9.21954,9.21954,9.21954,9.21954,9.21954,8.24621,8.544,8.24621,8.544,7.28011,7.61577,7.61577,7.61577,6.7082,6.7082,6.7082,5.83095,5.83095,5.83095,5.83095,5.0,5.0,5.0,5.0,4.24264,4.24264,4.47214,4.47214,79.07591,70.34202,70.34202,72.00694,67.89698,70.40597,59.66574,64.32729,60.16644,63.32456,57.97413,58.24088,63.78871,54.12024,51.24451,54.40588,61.35145,57.87055,58.69412,57.24509,57.24509,52.20153,53.0,49.64877,47.43416,56.64804,51.47815,50.9902,54.12947,51.47815,48.76474,55.02727,44.59821,48.38388,42.72002,43.41659,41.48494,41.48494,43.41659,40.31129,40.04997,40.04997,35.0571,36.22154,33.37664,30.14963,28.07134,26.07681,28.16026,24.08319,27.16616,24.02082,27.07397,24.0,22.80351,21.18962,19.31321,9.05539,9.21954,11.18034,7.28011,10.44031,10.81665,12.04159,13.45362,16.97056,17.69181,17.80449,26.41969,27.80288,31.14482,32.55764,33.61547,45.0,40.45986,47.20169,46.64762,52.83938,56.35601,56.46238,58.18075,57.24509,61.68468,61.98387,68.65858,66.09841,63.32456,62.58594,69.857,65.30697,69.42622,61.20457,71.44928,64.62971,76.79193,65.19202,69.58448,74.24284,63.78871,67.89698,67.74216,66.48308,59.03389,62.64982,65.51336,61.98387,62.80127,60.82763,64.32729,65.80274,63.56099,72.12489,63.56886,65.73431
13.0,12.08305,12.52996,12.08305,12.08305,11.18034,11.6619,11.6619,11.6619,10.29563,11.6619,10.81665,10.81665,10.29563,10.81665,10.81665,10.0,10.81665,10.0,10.0,10.0,10.0,10.0,10.0,10.0,10.0,10.0,9.43398,8.60233,9.43398,9.43398,8.60233,8.06226,8.06226,8.06226,8.06226,7.61577,7.61577,7.61577,6.32456,6.32456,6.32456,6.32456,6.32456,6.08276,5.09902,5.09902,5.09902,5.0,5.0,5.0,5.0,66.48308,75.9276,70.21396,69.05071,73.82412,66.09841,69.72087,60.63827,66.94027,62.1289,57.21888,61.13101,64.28063,60.03332,60.00833,61.0,61.07373,52.15362,56.14268,62.00806,60.67125,59.03389,58.0,49.0102,52.00961,53.00943,54.00926,53.23533,50.03998,54.03702,47.01064,51.0098,50.08992,44.01136,45.09989,40.60788,43.04649,45.01111,45.27693,44.01136,45.17743,37.65634,36.34556,33.24154,32.75668,36.13862,33.52611,29.73214,29.73214,23.4094,25.29822,26.92582,21.40093,21.84033,23.08679,24.18677,21.26029,12.04159,8.544,10.63015,8.94427,7.28011,8.06226,13.34166,11.18034,11.18034,19.31321,21.84033,24.18677,33.24154,27.16616,34.71311,39.29377,41.59327,48.25971,46.04346,49.16299,51.0098,55.00909,59.21149,61.66036,55.57877,63.50591,58.94065,62.8172,67.26812,69.37579,70.0928,68.62215,74.63243,62.0967,67.6757,69.57011,68.00735,75.58439,69.26038,71.51224,62.03225,69.57011,64.51356,68.00735,64.84597,59.03389,68.15424,66.21933,63.34824,65.73431,62.8172,64.53681,66.48308,69.06519,67.36468,73.82412,71.84706
12.16553,12.16553,11.18034,11.18034,11.18034,10.19804,11.18034,10.19804,10.04988,10.04988,10.04988,10.0,10.04988,10.0,10.04988,10.0,10.0,10.0,9.05539,10.0,9.0,9.05539,10.0,9.05539,9.0,9.0,9.0,9.05539,9.0,9.0,8.0,8.0,8.0,8.06226,7.0,7.0,7.07107,6.08276,6.08276,6.08276,6.08276,6.08276,5.09902,5.09902,5.09902,4.12311,4.47214,4.47214,4.47214,3.60555,3.60555,3.60555,83.81527,79.84986,73.82412,69.07966,69.77822,69.64194,72.8011,69.857,72.11103,55.9017,59.94164,60.90156,64.14047,60.82763,61.26989,61.05735,64.40497,63.51378,61.29437,57.80138,57.80138,54.08327,54.56189,55.21775,51.0392,55.80323,53.8145,55.44367,53.15073,52.40229,50.80354,52.63079,47.50789,50.47772,45.60702,44.29447,44.41846,50.11986,45.18849,44.28318,41.18252,41.67733,41.23106,36.67424,33.12099,33.83785,29.54657,29.15476,30.36445,27.89265,28.79236,27.20294,23.76973,28.16026,25.07987,24.08319,19.23538,12.04159,7.61577,11.04536,9.48683,8.94427,12.08305,10.77033,15.26434,9.84886,23.02173,18.60108,28.6007,30.4795,35.80503,32.01562,36.76955,43.93177,49.67897,47.50789,47.41308,52.83938,61.05735,58.59181,57.00877,62.62587,55.9464,63.56886,67.05222,64.03124,69.92138,71.16881,69.63476,72.03471,74.63243,69.64194,68.88396,68.44706,68.15424,73.1642,74.95332,67.68309,64.93843,65.52099,64.51356,63.89053,74.72617,70.34202,61.68468,63.89053,65.19202,65.0,65.9242,65.29931,56.85948,69.28925,74.32362,72.47068
13.45362,12.80625,12.72792,12.04159,12.04159,12.04159,12.04159,11.31371,11.31371,10.63015,11.31371,10.63015,10.63015,10.63015,10.63015,11.40175,10.63015,10.63015,10.0,10.0,10.0,10.0,10.0,10.0,10.0,10.0,9.21954,9.21954,9.21954,9.21954,8.48528,8.48528,8.48528,8.48528,7.81025,7.81025,7.81025,7.81025,7.2111,7.2111,7.2111,7.2111,5.83095,5.83095,5.83095,5.38516,5.38516,5.38516,5.38516,5.09902,5.09902,5.0,65.27634,71.34424,64.19502,69.00725,70.06426,66.48308,63.3877,69.35416,61.07373,61.0082,63.00794,62.00806,61.0082,59.00847,58.07753,61.29437,64.28063,57.0,54.58938,56.0803,55.57877,57.55867,51.62364,46.52956,49.0408,53.00943,51.78803,49.0408,46.27094,53.46027,49.36598,53.15073,46.0,45.39824,46.01087,42.10701,44.10215,40.04997,44.01136,44.01136,38.01316,36.49658,34.23449,35.22783,34.0147,27.45906,30.41381,28.44293,30.36445,25.96151,25.29822,23.4094,23.34524,25.94224,19.69772,15.23155,21.09502,5.0,9.43398,8.24621,3.60555,9.05539,10.04988,15.0,14.56022,14.76482,19.84943,18.86796,24.16609,25.05993,31.01612,32.31099,39.56008,36.67424,43.73786,49.0306,50.15974,51.78803,54.58938,55.00909,58.42089,57.55867,63.63961,61.18823,65.30697,62.58594,66.28725,62.8172,68.65858,67.46851,66.4906,67.68309,65.0,67.91171,67.72001,69.64194,72.8011,72.12489,71.80529,68.15424,67.26812,61.13101,64.53681,61.18823,61.52235,57.87055,61.98387,56.4358,68.00735,70.00714,65.37584,61.20457,72.11103,71.34424
12.04159,12.04159,12.04159,12.04159,11.04536,11.04536,10.04988,10.19804,10.04988,10.19804,10.04988,10.19804,10.19804,10.19804,10.19804,10.19804,9.21954,9.21954,9.48683,9.48683,9.48683,9.48683,9.21954,9.48683,9.21954,9.21954,9.21954,9.21954,9.21954,8.24621,8.06226,8.06226,8.06226,8.06226,7.0,7.0,7.0,7.0,7.0,6.0,6.08276,6.08276,5.09902,5.09902,5.09902,5.09902,4.12311,4.47214,4.47214,4.47214,3.60555,3.60555,67.80118,66.6033,70.17834,64.66065,63.00794,66.6033,64.44377,62.2254,62.482,60.30755,59.66574,61.7171,63.89053,59.5483,54.45181,56.58622,58.69412,56.22277,52.40229,53.8145,55.17246,56.58622,46.8615,52.63079,50.44799,54.45181,57.98276,52.63079,51.73973,50.20956,48.9183,55.17246,48.27007,47.38143,46.2277,44.59821,44.82187,41.72529,43.84062,40.0,37.20215,38.27532,37.21559,36.61967,34.0,30.23243,26.57066,29.52965,31.62278,28.63564,26.92582,31.14482,24.16609,23.76973,24.0,21.37756,21.0238,8.544,10.29563,10.29563,12.04159,8.94427,11.40175,5.38516,10.77033,13.0384,17.46425,24.35159,24.5153,30.59412,35.17101,34.20526,38.91015,42.48529,40.81666,46.64762,49.39636,53.53504,56.61272,55.31727,54.45181,60.87693,61.52235,60.20797,62.20129,63.12686,69.81404,62.20129,61.85467,66.0303,66.88797,66.61081,67.6757,71.86793,67.1193,62.76942,69.06519,73.24616,66.88797,68.47627,67.42403,57.98276,70.72482,58.82176,60.44005,58.0517,60.60528,65.43699,60.80296,63.60031,65.43699,65.06919,68.68042,73.53911
12.36932,11.40175,12.36932,11.40175,11.40175,10.44031,10.19804,10.19804,10.19804,10.19804,10.19804,10.19804,10.19804,10.04988,10.04988,10.04988,9.05539,10.04988,9.0,9.05539,9.05539,10.0,9.05539,9.0,9.05539,9.05539,9.05539,9.05539,9.05539,9.05539,8.24621,8.06226,8.24621,8.24621,7.28011,7.61577,7.28011,6.32456,6.7082,6.32456,6.32456,5.38516,5.83095,5.83095,5.0,5.0,5.0,5.0,4.24264,4.24264,5.0,3.60555,72.00694,75.21303,70.45566,68.60029,68.24222,69.2026,67.35726,62.1289,66.06815,63.00794,56.61272,63.78087,56.40035,53.03772,59.03389,60.10824,54.48853,55.15433,53.07542,55.22681,57.38467,52.34501,54.03702,54.56189,55.15433,53.74012,52.49762,51.73973,52.49762,51.62364,50.9902,52.3259,50.91169,50.24938,45.60702,40.36087,46.69047,41.01219,45.45327,40.31129,39.82462,35.8469,36.89173,36.79674,38.60052,31.62278,28.79236,29.68164,27.29469,26.41969,24.69818,28.23119,26.4764,22.36068,19.31321,19.23538,23.08679,10.0,7.0,7.28011,11.31371,10.81665,12.04159,7.81025,13.0,17.0,10.0,22.82542,28.63564,31.01612,32.69557,36.35932,32.80244,39.44617,45.48626,45.22168,50.44799,51.66237,55.86591,56.63921,57.80138,59.03389,60.21628,63.51378,66.03787,61.77378,64.14047,62.16912,71.02112,65.36819,69.35416,70.71068,68.42514,66.18912,70.26379,66.18912,66.18912,64.84597,68.0,66.64083,69.35416,63.69458,68.00735,64.41273,63.81222,62.1289,64.63745,63.41136,63.60031,62.80127,64.03124,75.0,68.41053,72.47068
12.52996,12.52996,12.52996,12.52996,12.52996,11.18034,11.6619,11.6619,11.6619,11.6619,11.6619,10.81665,10.81665,10.81665,10.0,11.40175,10.0,10.0,10.63015,10.0,10.0,10.63015,10.0,10.0,10.0,10.0,10.0,10.0,8.60233,9.43398,8.60233,9.43398,8.60233,8.06226,8.06226,8.06226,7.61577,7.61577,7.61577,6.7082,6.7082,6.7082,6.7082,6.32456,5.38516,5.38516,5.38516,5.09902,5.09902,5.09902,5.09902,4.0,79.76215,68.73136,68.11755,68.35934,73.33485,65.49046,65.37584,66.18912,61.20457,60.20797,62.1289,56.08921,58.42089,58.13777,55.14526,56.0803,59.13544,54.00926,53.03772,55.14526,56.0357,56.0,51.0098,53.03772,47.0,50.03998,49.09175,50.01,54.03702,50.08992,50.01,54.00926,45.09989,46.09772,43.28972,42.19005,42.04759,44.04543,42.42641,34.23449,39.45884,40.04997,36.12478,36.68787,35.51056,28.44293,34.9285,33.37664,29.73214,29.41088,27.51363,21.84033,26.24881,25.0,18.86796,16.64332,19.10497,13.60147,9.43398,7.28011,11.18034,7.07107,12.36932,13.60147,15.81139,17.88854,17.08801,23.34524,26.92582,32.20248,29.73214,37.10795,38.63936,34.9285,43.73786,49.36598,51.08816,53.08484,55.03635,56.14268,61.13101,59.21149,64.19502,64.32729,66.28725,65.73431,67.68309,61.18823,65.80274,69.12308,72.27724,72.27724,67.6757,68.68042,66.48308,72.8011,68.00735,69.37579,66.09841,68.00735,69.92138,62.64184,56.85948,64.84597,64.32729,66.4906,64.13267,65.49046,61.66036,69.05071,64.49806,67.00746,71.0,74.00676
12.04159,12.04159,11.31371,12.04159,10.63015,11.31371,10.63015,10.63015,10.63015,10.0,10.0,10.0,10.0,9.43398,10.0,9.43398,10.0,9.43398,9.43398,9.43398,8.60233,9.43398,8.60233,9.43398,9.43398,9.43398,8.60233,8.60233,8.60233,8.60233,7.81025,7.81025,7.81025,7.81025,7.81025,7.07107,7.07107,7.07107,7.07107,6.40312,6.40312,6.40312,6.40312,5.83095,5.0,5.38516,5.83095,4.47214,4.47214,4.47214,4.12311,4.12311,75.58439,69.64194,75.13322,70.0928,66.94027,70.34202,63.56099,68.68042,63.06346,64.13267,61.18823,61.81424,64.77654,59.84146,57.31492,59.3043,56.0357,57.21888,63.1981,55.08176,61.29437,53.23533,53.08484,49.81967,53.08484,49.0408,48.25971,48.01042,52.0,58.00862,49.36598,51.62364,47.26521,46.38965,46.09772,45.35416,47.80167,44.91102,46.87217,39.56008,38.62642,37.10795,41.23106,34.17601,32.89377,31.01612,32.20248,27.85678,27.29469,28.6531,26.41969,26.62705,26.40076,22.80351,21.40093,19.20937,15.0,5.0,12.80625,10.63015,11.7047,8.0,9.05539,15.0,13.34166,19.23538,16.55295,23.25941,29.73214,28.4605,32.64966,36.68787,36.22154,49.47727,45.89118,49.64877,51.0,50.01,63.00794,58.03447,61.07373,62.96825,65.06919,65.62012,68.15424,58.24088,65.78754,62.62587,69.28925,68.62215,70.38466,71.30919,74.63243,68.00735,74.94665,69.28925,68.00735,74.84651,62.64184,74.67262,60.44005,68.00735,67.97794,69.28925,61.68468,65.0,56.64804,63.15061,67.08204,73.5459,61.98387,74.8131,67.74216,67.74216
13.0,13.0,12.08305,12.08305,12.08305,12.08305,12.08305,11.7047,10.77033,10.44031,10.77033,11.7047,11.40175,10.44031,10.44031,10.44031,10.44031,10.44031,10.44031,10.44031,10.44031,10.44031,9.48683,10.44031,10.44031,10.44031,9.48683,9.48683,9.48683,8.544,8.544,8.544,8.544,8.544,8.06226,7.61577,8.06226,7.61577,6.7082,6.7082,6.40312,6.40312,5.83095,5.0,5.0,5.0,5.0,5.0,4.24264,4.24264,3.60555,3.60555,77.10383,68.35934,70.0928,69.2315,70.40597,70.03571,62.58594,68.593,59.43904,62.28965,62.39391,61.39218,59.90826,57.28001,56.29387,61.03278,59.61543,54.42426,57.87055,57.97413,58.69412,49.0408,51.5461,54.40588,50.69517,52.88667,50.21952,49.0408,51.66237,55.02727,51.24451,49.33559,46.84015,47.29693,48.83646,44.91102,44.38468,42.75512,42.19005,44.72136,39.31921,36.01389,39.31921,33.52611,39.20459,29.0,37.05401,29.06888,28.07134,30.80584,25.96151,26.07681,24.08319,21.58703,23.34524,22.84732,23.08679,11.40175,10.19804,10.04988,11.04536,9.48683,11.6619,12.08305,15.81139,21.63331,23.34524,25.80698,29.0,27.80288,34.05877,32.44996,38.94868,40.81666,44.41846,51.31277,49.39636,48.10405,56.0803,52.20153,59.77458,60.87693,67.26812,67.91171,67.36468,62.64982,67.74216,66.75328,67.47592,63.03174,71.11259,68.06614,76.02631,71.0,62.1289,65.12296,67.36468,72.00694,64.03124,71.17584,65.03076,67.06713,74.00676,69.0,64.62971,65.62012,65.19202,57.55867,66.4906,73.5527,65.11528,65.73431,62.36986,70.0928
13.15295,12.16553,13.34166,12.36932,12.36932,12.16553,12.36932,11.18034,11.18034,11.40175,11.40175,11.40175,11.40175,11.40175,10.44031,11.7047,10.77033,10.77033,10.77033,10.77033,10.77033,10.77033,10.44031,10.77033,10.44031,10.77033,9.48683,10.44031,9.48683,9.48683,9.48683,9.21954,9.21954,8.24621,8.24621,8.24621,8.06226,8.06226,7.07107,7.07107,7.07107,6.08276,7.07107,6.0,6.0,6.0,6.0,5.0,5.09902,5.09902,5.09902,4.12311,68.88396,68.88396,71.06335,70.93659,72.34639,63.63961,65.79514,67.6757,61.7171,57.38467,58.69412,58.0,59.39697,57.80138,55.21775,60.74537,56.4358,57.80138,55.60576,53.2635,55.75841,52.83938,51.47815,56.4358,56.85948,60.21628,54.3783,49.1935,52.47857,52.15362,47.43416,51.85557,45.48626,51.31277,45.27693,43.60046,40.31129,42.0119,43.18565,36.76955,36.87818,36.06938,38.18377,39.05125,34.71311,28.42534,32.80244,28.42534,28.30194,25.80698,26.07681,24.18677,24.16609,24.59675,21.84033,16.55295,19.23538,11.18034,15.81139,7.2111,6.32456,10.63015,10.0,14.14214,15.0,16.0,15.0333,20.02498,24.02082,33.13608,29.61419,35.69314,36.05551,41.23106,38.32754,45.35416,51.47815,49.1935,56.93856,56.46238,59.5399,62.1289,66.57327,66.4003,70.83784,65.29931,67.94115,66.52819,65.06919,66.48308,65.06919,68.593,70.17834,65.43699,69.31089,67.89698,71.50524,72.13876,62.36986,67.20863,67.26812,64.53681,72.13876,67.35726,60.44005,65.06919,60.82763,59.40539,69.6563,66.21933,62.42596,65.21503,68.41053,72.34639
12.80625,12.80625,12.20656,12.80625,11.40175,11.40175,10.81665,10.81665,10.81665,10.81665,10.81665,10.81665,10.81665,10.81665,10.81665,11.18034,10.29563,10.29563,10.29563,10.29563,10.29563,10.29563,10.29563,10.29563,10.29563,10.29563,10.29563,9.43398,9.43398,9.43398,9.43398,9.43398,8.60233,8.60233,8.60233,8.60233,7.81025,7.81025,7.81025,7.07107,7.07107,6.40312,7.07107,5.65685,6.40312,5.65685,6.40312,5.0,5.0,5.0,4.47214,4.47214,67.1193,73.0,74.10803,64.12488,69.02898,61.03278,69.18092,61.07373,58.21512,56.0357,55.00909,54.33231,56.32051,60.53098,57.87055,55.31727,60.67125,57.28001,55.44367,53.60037,57.28001,54.74486,52.20153,54.74486,54.34151,54.57105,50.01,46.32494,50.80354,46.17359,52.39275,46.84015,45.89118,47.38143,46.09772,41.10961,41.0,45.27693,42.0,38.11824,37.0,33.54102,44.01136,35.12834,35.01428,30.01666,27.0,32.06244,24.08319,24.73863,25.07987,23.19483,25.70992,25.96151,21.54066,22.2036,21.26029,13.89244,10.29563,10.0,14.31782,12.52996,9.05539,14.03567,10.29563,15.52417,20.61553,22.80351,27.45906,30.01666,35.34119,33.54102,35.4683,39.21734,38.62642,45.60702,50.48762,53.75872,54.12947,62.39391,59.4138,64.12488,59.21149,65.06919,63.12686,66.0303,67.1193,71.06335,70.45566,67.1193,71.02112,73.43705,63.50591,67.36468,67.74216,70.03571,68.18358,66.48308,67.36468,63.95311,71.56815,62.64982,70.02857,61.20457,63.07139,60.29925,69.0,64.0,63.1981,66.27217,65.0,70.34913,67.0,78.26238
12.52996,12.08305,12.08305,12.52996,11.18034,11.18034,11.18034,11.18034,11.18034,10.77033,10.77033,10.77033,10.44031,10.44031,9.48683,10.44031,10.44031,9.48683,9.21954,9.48683,9.48683,9.48683,9.48683,9.21954,9.48683,9.48683,9.48683,9.48683,8.544,8.544,8.544,8.544,7.61577,7.61577,8.06226,7.2111,8.06226,7.2111,7.2111,6.40312,6.40312,5.83095,5.83095,5.0,5.65685,5.0,5.65685,5.0,5.0,5.0,4.47214,4.47214,74.04053,71.47027,69.89278,73.4983,66.76077,70.2282,62.93648,67.06713,61.46544,61.98387,60.40695,63.50591,61.09828,57.77543,53.85165,60.00833,58.69412,58.30952,54.23099,53.48832,60.83584,53.66563,52.47857,51.97115,56.4358,51.97115,57.45433,50.08992,54.20332,55.4617,52.3259,50.56679,46.51881,46.95743,46.23851,41.78516,45.17743,44.29447,39.84972,40.8534,36.13862,38.32754,41.59327,30.36445,31.04835,31.14482,34.52535,29.83287,27.16616,29.0,27.01851,27.0,23.19483,24.02082,19.0263,24.33105,18.38478,7.28011,7.61577,11.7047,4.12311,8.06226,10.29563,7.2111,12.52996,18.43909,17.80449,27.01851,23.32381,28.3196,32.20248,35.38361,40.45986,41.10961,44.65423,44.82187,48.01042,49.64877,54.56189,57.70615,57.27128,62.39391,66.40783,63.24555,69.37579,65.96969,66.40783,69.64194,65.11528,64.93843,65.62012,72.03471,66.75328,70.21396,68.44706,66.75328,69.12308,67.46851,65.76473,69.42622,68.65858,64.77654,57.97413,62.96825,63.34824,63.32456,65.96969,62.58594,67.06713,62.62587,65.79514,74.73286,79.12016,72.09022
12.64911,12.64911,12.36932,12.64911,11.7047,11.7047,12.36932,11.40175,11.40175,11.18034,11.40175,11.18034,11.18034,11.18034,10.19804,11.18034,11.04536,10.19804,10.04988,10.04988,10.19804,10.04988,10.19804,10.04988,10.04988,10.19804,10.19804,10.04988,9.05539,9.21954,9.21954,9.21954,9.21954,8.24621,8.24621,8.24621,7.28011,7.61577,7.28011,6.32456,6.32456,6.32456,6.7082,5.38516,5.38516,5.38516,5.38516,4.47214,5.0,5.0,4.24264,4.24264,69.64194,68.88396,74.88658,70.72482,66.28725,67.1193,64.07027,69.63476,61.58734,62.6099,63.81222,61.58734,59.07622,56.0357,54.67175,52.63079,54.48853,53.8145,54.56189,58.79626,58.0517,53.8145,50.32892,50.20956,52.34501,51.62364,50.20956,56.63921,48.10405,53.2635,48.16638,50.24938,45.27693,50.20956,47.42362,47.20169,38.28838,39.82462,46.09772,43.04649,38.60052,34.4093,38.83298,34.43835,34.88553,30.41381,31.30495,31.38471,31.01612,26.92582,28.30194,24.59675,25.29822,23.76973,19.69772,20.09975,20.22375,13.0,12.0,10.04988,10.19804,10.44031,10.0,14.42221,18.38478,19.23538,18.35756,24.69818,26.62705,33.28663,32.44996,34.71311,37.80212,44.68781,46.66905,50.44799,46.01087,45.60702,54.03702,58.5235,57.2014,65.36819,64.3506,62.6099,65.74192,63.52952,69.77105,66.64083,73.3553,65.79514,68.942,70.93659,63.69458,64.62198,70.93659,62.62587,63.56099,67.77905,69.07966,70.00714,68.44706,68.35203,59.46427,68.15424,69.35416,64.00781,64.49806,60.46487,61.29437,66.37017,67.6757,69.33974,68.60029,63.60031
11.7047,12.08305,12.08305,11.7047,10.77033,11.7047,11.18034,11.18034,11.18034,10.29563,10.29563,10.81665,10.29563,9.43398,10.29563,10.81665,10.81665,10.0,10.0,10.0,9.43398,10.0,9.43398,10.0,9.43398,9.43398,9.43398,8.60233,9.43398,8.60233,8.60233,8.60233,8.06226,8.06226,7.2111,8.06226,7.61577,6.7082,6.7082,6.7082,6.32456,6.32456,5.38516,5.38516,5.38516,4.12311,4.12311,4.12311,4.12311,4.12311,4.0,4.0,76.02631,64.41273,68.88396,71.02112,66.7308,69.31811,67.1193,63.63175,60.40695,60.82763,61.84658,57.70615,62.64184,61.84658,59.61543,60.74537,52.92447,56.85948,50.56679,57.00877,59.48109,53.93515,55.08176,51.5461,52.20153,53.15073,53.14132,52.55473,52.0,56.61272,53.75872,51.86521,45.54119,46.17359,45.88028,46.23851,41.62932,44.28318,43.46263,43.82921,37.33631,38.07887,33.10589,34.88553,34.1321,37.73592,31.62278,32.80244,32.01562,22.47221,29.20616,26.90725,22.2036,18.38478,26.24881,24.83948,23.85372,11.40175,9.21954,7.81025,12.72792,8.24621,8.544,15.13275,15.0,19.10497,19.0,24.18677,27.01851,30.0,29.0,34.23449,35.35534,46.17359,43.10452,48.37355,50.01,53.75872,56.04463,58.69412,55.9464,55.56978,62.64982,62.43397,65.36819,61.05735,64.63745,61.85467,68.00735,69.63476,67.95587,69.40461,84.02381,69.81404,69.52697,64.81512,69.2026,66.8431,68.60029,65.21503,72.8011,63.12686,71.86793,59.40539,66.61081,59.36329,65.45991,62.96825,67.23095,61.29437,65.74192,70.3278,68.54196,75.02666
12.04159,12.04159,12.72792,12.04159,11.31371,11.31371,11.31371,10.63015,9.89949,9.89949,10.63015,10.63015,10.63015,9.89949,10.63015,10.0,10.0,10.0,9.43398,10.0,10.0,10.0,9.21954,10.0,9.21954,8.60233,8.60233,9.21954,9.21954,8.60233,8.48528,8.48528,8.48528,7.81025,7.07107,7.07107,7.07107,6.40312,6.40312,5.83095,5.83095,5.83095,5.83095,5.0,4.47214,4.47214,4.47214,4.12311,4.12311,4.12311,4.12311,4.0,72.42237,71.30919,64.7611,70.34202,73.24616,65.96969,64.32729,64.7611,65.0,60.40695,58.46366,56.75385,56.56854,57.07013,57.70615,57.00877,59.4138,56.56854,52.15362,52.61179,53.60037,50.24938,52.00961,55.22681,48.0,58.21512,50.35871,55.08176,54.58938,48.25971,47.01064,52.34501,51.15662,46.69047,43.18565,43.73786,44.40721,40.60788,41.4367,41.23106,40.5216,36.76955,38.62642,39.84972,38.60052,34.9285,31.62278,32.64966,26.40076,26.92582,28.84441,22.36068,22.36068,19.20937,16.40122,17.80449,16.27882,10.29563,7.0,8.48528,6.32456,7.28011,9.0,12.36932,15.65248,14.76482,18.68154,17.26268,29.41088,30.67572,29.41088,40.26164,39.45884,37.12142,38.20995,47.16991,50.0,49.09175,57.03508,55.14526,61.0,58.54912,64.93843,59.48109,64.84597,69.26038,67.6757,63.32456,69.07966,66.70832,64.62198,69.07966,68.54196,64.07808,71.11962,67.77905,68.94926,68.942,64.40497,62.64982,68.15424,57.77543,67.97794,58.5235,58.18935,68.41053,64.93843,64.19502,68.44706,61.98387,63.90618,64.03124,65.51336,73.5527
12.64911,12.64911,12.64911,12.64911,12.64911,11.7047,11.7047,11.7047,11.7047,10.77033,10.77033,10.77033,10.77033,9.84886,9.84886,11.18034,10.29563,10.29563,10.29563,9.84886,9.84886,9.84886,9.84886,10.29563,9.84886,10.29563,9.84886,9.84886,8.94427,8.94427,8.544,8.544,8.544,8.544,8.24621,8.24621,8.24621,7.28011,7.28011,7.07107,7.07107,7.07107,6.08276,6.0,6.0,6.0,5.0,5.0,5.09902,5.09902,5.09902,4.12311,74.73286,69.46222,65.74192,66.18912,65.9242,64.88451,67.1193,64.00781,58.69412,59.61543,62.39391,58.18075,61.61169,55.9464,57.00877,51.62364,53.16014,52.49762,50.92151,51.86521,55.31727,53.36666,53.85165,53.93515,51.41984,51.24451,49.47727,52.39275,50.59644,52.95281,48.50773,53.60037,45.18849,45.31004,44.64303,45.69464,41.78516,39.21734,37.64306,39.62323,40.70626,40.24922,34.48188,32.64966,31.7805,30.8707,31.38471,30.61046,23.85372,24.20744,25.6125,27.58623,19.41649,22.67157,20.51828,18.02776,21.26029,7.28011,6.7082,7.81025,8.60233,7.2111,7.28011,14.14214,11.04536,16.49242,20.61553,23.0,19.23538,29.06888,36.22154,34.0147,41.30375,37.05401,41.59327,43.73786,50.44799,51.41984,54.78138,57.93962,57.38467,59.5399,64.41273,67.23095,63.52952,63.51378,66.03787,64.07027,67.20119,66.61081,71.02816,68.8186,71.21798,68.00735,71.84706,66.8431,70.0,66.4003,70.72482,63.41136,64.2028,67.00746,65.29931,60.21628,63.82006,66.28725,64.40497,64.89992,67.74216,69.31811,67.08204,68.15424,69.46222,68.44706
12.04159,12.04159,12.04159,11.04536,11.04536,11.04536,11.0,11.0,10.0,10.0,10.0,10.04988,10.0,10.04988,10.04988,10.04988,10.04988,10.04988,9.05539,9.05539,9.05539,9.05539,9.05539,9.05539,9.05539,9.05539,9.05539,9.05539,9.05539,9.05539,8.0,8.0,8.0,7.0,8.0,7.0,7.0,6.08276,6.08276,6.08276,6.08276,6.08276,5.09902,5.09902,5.09902,5.09902,4.12311,4.12311,4.12311,3.60555,3.60555,3.60555,76.92204,70.72482,68.96376,67.20119,67.6757,62.43397,67.95587,70.17834,62.43397,61.85467,57.2014,55.21775,56.72742,59.07622,54.81788,57.48913,55.0,55.86591,55.60576,51.73973,52.40229,50.32892,53.75872,49.67897,53.74012,52.40229,54.03702,47.38143,52.34501,46.66905,46.69047,49.57822,50.32892,43.13931,46.01087,46.87217,36.23534,39.82462,44.20407,43.27817,39.62323,39.20459,38.07887,38.94868,39.66106,30.52868,31.38471,29.06888,29.54657,27.29469,26.0,21.18962,18.78829,23.76973,19.64688,17.02939,18.11077,11.6619,13.0,5.38516,20.61553,9.21954,16.27882,13.92839,18.60108,3.16228,22.02272,18.60108,31.38471,28.01785,29.52965,36.23534,36.40055,40.22437,45.96738,48.82622,48.41487,45.60702,47.80167,63.81222,54.56189,60.0,59.16925,66.57327,63.28507,55.4617,67.97794,63.07139,67.77905,63.56886,72.11103,73.92564,68.54196,66.24198,69.28925,68.00735,68.02941,62.39391,67.62396,61.26989,65.9242,60.82763,56.79789,58.18075,61.26989,61.7171,59.03389,59.68249,63.60031,66.21933,60.53924,68.41053,67.80118,68.50547
12.36932,12.36932,11.40175,11.40175,11.40175,10.44031,10.44031,10.44031,10.44031,10.77033,10.44031,9.84886,9.84886,9.84886,9.84886,9.84886,9.84886,9.84886,9.84886,8.94427,9.84886,8.94427,8.94427,8.94427,9.84886,8.94427,8.94427,8.94427,8.94427,8.544,8.544,8.544,8.544,7.28011,7.28011,7.28011,7.28011,7.07107,6.08276,6.08276,6.08276,6.08276,6.0,5.0,5.0,5.0,5.0,5.09902,4.12311,4.12311,4.12311,4.47214,68.8186,72.62231,65.19202,69.11584,71.34424,68.41053,64.88451,64.40497,63.60031,66.0303,57.98276,60.41523,54.91812,55.07268,55.4617,59.5063,58.59181,57.38467,57.69749,52.55473,58.13777,52.81098,50.15974,56.46238,53.31041,46.23851,53.66563,55.36244,49.64877,47.92703,51.47815,52.55473,46.06517,50.56679,41.78516,47.01064,48.37355,42.05948,41.78516,40.0,39.96248,36.35932,39.35734,34.1321,33.42155,30.01666,31.89044,34.4093,33.24154,26.90725,27.80288,25.23886,24.75884,18.38478,21.63331,24.08319,22.2036,10.0,11.18034,8.06226,10.0,8.24621,7.81025,12.20656,14.03567,12.36932,17.26268,19.10497,28.44293,32.38827,33.06055,36.49658,39.92493,45.22168,42.2019,44.38468,50.53712,50.60632,59.36329,52.47857,56.30275,59.40539,60.60528,61.22091,65.05382,61.6198,67.26812,60.10824,67.94115,64.38167,68.88396,63.25346,68.11755,67.89698,68.88396,65.06919,70.76722,72.13876,65.05382,64.38167,67.89698,57.98276,61.7171,65.05382,58.72819,67.94115,64.81512,61.40033,64.2028,67.47592,65.80274,66.0303,72.94518,70.23532
13.34166,13.34166,12.36932,13.34166,12.36932,12.36932,12.36932,12.36932,11.40175,11.40175,11.40175,11.40175,11.7047,11.7047,11.7047,10.77033,10.77033,10.77033,11.18034,10.77033,10.77033,10.77033,10.77033,10.77033,10.77033,10.77033,10.77033,10.77033,9.84886,9.48683,9.48683,9.48683,9.21954,9.21954,8.24621,8.24621,8.24621,8.24621,8.06226,7.07107,7.07107,7.07107,6.08276,6.08276,6.0,6.0,6.0,6.0,5.0,5.0,5.09902,4.12311,72.20111,67.26812,70.29225,65.79514,70.76722,70.03571,62.93648,66.8431,62.68174,62.62587,60.959,56.61272,61.7171,50.0,55.44367,55.60576,57.98276,52.83938,59.64059,53.25411,57.68882,52.15362,57.45433,54.6443,47.50789,55.22681,51.86521,51.47815,53.33854,51.10773,50.77401,49.57822,42.2019,51.86521,42.63801,46.2277,44.20407,45.96738,42.63801,40.36087,40.45986,38.8973,37.64306,35.35534,38.18377,31.241,30.01666,33.30165,26.40076,26.24881,27.313,25.94224,24.41311,21.84033,21.58703,20.88061,18.24829,11.31371,11.18034,6.7082,10.81665,9.21954,8.544,13.92839,14.31782,21.0,21.09502,25.17936,27.16616,29.0,35.01428,36.22154,40.1995,45.17743,44.14748,49.47727,49.33559,52.55473,61.84658,58.66856,60.82763,62.26556,61.91123,61.29437,65.21503,62.68174,72.20111,63.60031,69.35416,68.0147,64.44377,70.71068,71.44928,65.79514,66.52819,69.35416,70.71068,75.00667,59.39697,70.00714,65.76473,68.68042,67.26812,66.46804,66.70832,66.52819,62.28965,60.0,65.43699,67.47592,65.60488,68.24222,72.94518,68.26419
13.45362,13.45362,12.72792,13.45362,12.72792,12.72792,12.04159,11.31371,11.31371,11.31371,11.31371,12.04159,12.04159,11.31371,12.04159,11.40175,11.40175,11.40175,11.40175,11.40175,10.63015,10.63015,10.63015,10.63015,10.63015,10.63015,10.63015,10.63015,10.63015,9.89949,9.89949,9.89949,9.89949,9.21954,8.48528,8.48528,7.81025,7.81025,7.81025,7.2111,7.2111,7.2111,6.7082,5.83095,5.83095,5.83095,5.83095,5.38516,5.38516,5.38516,5.09902,5.09902,70.00714,75.76939,74.33034,64.40497,68.44706,71.58911,62.96825,67.23095,62.39391,60.92618,57.00877,57.00877,59.80803,52.49762,55.36244,60.16644,59.77458,52.61179,57.28001,56.75385,50.0,55.65968,52.39275,53.85165,45.35416,58.0517,48.83646,49.64877,51.41984,48.50773,52.88667,47.75982,47.53946,49.72927,43.86342,43.17407,41.23106,41.78516,41.62932,39.35734,39.39543,28.6531,34.1321,36.23534,31.62278,37.58989,29.15476,31.06445,27.65863,30.41381,26.07681,23.43075,21.26029,17.80449,21.93171,21.0238,21.47091,10.0,14.21267,8.06226,10.44031,11.0,12.16553,11.0,13.0384,15.52417,21.93171,22.36068,26.92582,32.31099,36.68787,37.48333,38.32754,41.04875,48.25971,42.04759,53.03772,49.0408,59.00847,54.74486,56.4358,61.84658,64.53681,67.05222,63.24555,63.24555,65.45991,65.79514,72.8011,69.31811,63.07139,73.53911,72.44998,63.52952,70.38466,68.942,67.06713,70.83078,66.21178,69.07966,68.44706,62.17717,61.46544,58.60034,60.53924,69.77822,61.32699,58.18935,63.89053,63.56886,57.97413,72.27724,75.61085,73.37575
13.15295,13.0384,12.04159,13.15295,12.04159,12.04159,12.04159,11.0,12.04159,11.0,11.04536,11.0,11.0,11.0,11.0,11.04536,11.04536,11.0,10.04988,10.0,10.0,10.0,10.04988,10.0,10.0,10.0,10.0,9.0,10.0,9.0,9.05539,9.0,9.0,8.06226,9.05539,8.06226,8.06226,8.24621,7.28011,7.07107,7.28011,7.28011,6.32456,6.32456,6.32456,5.38516,5.38516,5.38516,5.38516,5.83095,5.0,5.0,74.06079,64.00781,66.21933,69.33974,70.60453,68.8186,61.61169,59.07622,61.05735,58.00862,52.47857,60.0,58.0517,52.80152,55.86591,55.31727,55.44367,55.97321,57.31492,51.66237,57.31492,48.08326,48.79549,51.66237,50.32892,51.62364,50.24938,49.51767,49.51767,48.83646,46.75468,53.03772,45.27693,48.79549,46.66905,44.20407,42.0119,43.27817,42.43819,39.69887,37.53665,35.80503,36.35932,31.241,32.24903,31.76476,27.45906,27.45906,29.06888,26.41969,26.0,22.36068,23.4094,22.2036,21.54066,23.5372,24.08319,9.05539,6.7082,11.40175,14.31782,8.544,10.81665,13.60147,13.89244,14.21267,20.88061,19.92486,26.07681,29.15476,33.01515,37.53665,35.4683,43.13931,43.27817,48.9183,50.93133,50.44799,59.5483,56.30275,53.85165,64.49806,61.91123,66.03787,72.94518,64.4748,68.44706,65.0,67.77905,70.38466,68.942,68.30813,68.00735,67.23095,63.69458,68.54196,73.53911,71.16881,67.54258,64.4748,65.19202,70.77429,60.03332,65.76473,62.64982,62.26556,60.00833,65.29931,63.82006,67.95587,61.61169,73.78347,73.00685,70.21396
13.60147,12.64911,12.64911,12.64911,12.64911,11.40175,12.36932,11.40175,11.40175,11.40175,11.40175,11.18034,11.18034,11.18034,10.19804,11.04536,11.18034,11.18034,10.04988,11.18034,10.19804,10.19804,10.19804,10.19804,10.19804,10.19804,10.19804,10.19804,9.21954,9.21954,9.48683,9.21954,9.21954,8.544,8.544,8.544,8.544,7.61577,7.61577,7.61577,6.7082,6.7082,6.7082,5.83095,5.83095,5.83095,5.83095,6.40312,5.0,5.65685,5.65685,5.0,71.51224,64.88451,71.30919,66.21178,66.18912,65.30697,66.30988,67.08204,60.41523,56.30275,58.30952,59.36329,59.68249,53.82379,54.6443,58.00862,57.2014,54.20332,51.61395,54.3783,53.2635,50.0,55.47071,53.0,48.01042,51.86521,46.2277,50.0,47.43416,51.85557,50.32892,49.40648,43.82921,44.28318,44.94441,42.04759,39.35734,44.41846,38.94868,40.31129,42.05948,41.76123,34.88553,37.33631,35.73514,32.31099,29.73214,29.41088,26.40076,26.0,27.89265,23.76973,25.07987,22.80351,20.0,25.07987,21.09502,23.0,10.77033,18.02776,3.0,7.0,14.86607,16.03122,11.18034,16.15549,30.01666,30.41381,26.0,38.83298,30.88689,31.90611,38.28838,34.66987,45.96738,52.40229,44.94441,57.3062,62.80127,65.60488,65.51336,57.45433,61.29437,57.27128,69.35416,62.29767,67.54258,62.93648,64.84597,68.68042,73.24616,74.67262,68.00735,65.14599,65.78754,65.78754,68.15424,74.46476,64.84597,70.21396,67.18631,63.32456,69.89278,70.38466,67.35726,63.32456,62.24147,66.21178,58.30952,69.77105,58.60034,63.28507,71.34424,70.23532
13.0384,13.0384,13.0384,13.0384,13.0384,12.20656,11.6619,11.6619,11.6619,11.6619,11.18034,11.18034,11.18034,11.18034,11.18034,11.18034,10.77033,10.77033,11.18034,10.77033,11.18034,11.18034,9.84886,10.77033,10.77033,10.77033,9.84886,9.84886,9.84886,9.84886,9.43398,9.43398,9.43398,9.43398,8.60233,8.60233,8.60233,7.81025,7.81025,7.81025,6.40312,6.40312,7.07107,6.40312,5.65685,5.65685,6.40312,5.65685,5.65685,5.0,5.0,4.47214,74.72617,67.26812,71.8401,63.56886,62.29767,68.65858,65.25335,65.19202,61.68468,61.98387,62.93648,56.64804,53.85165,52.20153,50.69517,51.07837,58.18935,52.80152,53.66563,50.9902,59.16925,51.89412,55.9017,48.8774,52.3259,51.62364,47.01064,53.31041,54.78138,48.8774,43.909,48.75449,53.22593,47.85394,42.54409,47.92703,42.05948,45.61798,41.4367,35.17101,36.05551,38.62642,35.22783,33.95585,36.67424,34.48188,28.16026,33.37664,32.06244,24.02082,28.28427,23.19483,26.0,23.76973,22.56103,20.88061,11.18034,13.15295,10.04988,8.24621,11.0,9.84886,10.81665,11.40175,18.02776,20.0,21.63331,21.40093,25.4951,29.69848,30.4795,38.41875,39.66106,47.70744,41.18252,47.88528,50.56679,51.47815,55.71355,56.30275,62.03225,59.90826,61.35145,66.21933,66.4906,64.7611,68.65858,61.84658,74.8131,69.35416,69.46222,72.18033,72.33948,62.514,73.1642,71.56815,70.85901,72.56032,64.13267,72.69113,66.61081,66.91039,64.77654,60.82763,60.87693,66.70832,67.18631,62.36185,62.76942,65.73431,54.70832,69.28925,74.04053,76.844
